"Time (s)","w","x","y","z","Direct (°)","Yaw (°)","Pitch (°)","Roll (°)"
8.119986200E-2,3.130565770E-3,-2.261285335E-1,-3.040092289E-1,-9.254374504E-1,1.796412630E2,3.821385841E1,-2.486231084E1,1.716541350E2
8.619986200E-2,4.056572290E-3,-2.226184011E-1,-3.027884960E-1,-9.266842604E-1,1.795351498E2,3.793966449E1,-2.452249697E1,1.719570838E2
9.119986200E-2,5.870976468E-3,-2.180247009E-1,-3.028516471E-1,-9.277454615E-1,1.793272318E2,3.778669574E1,-2.408546795E1,1.723732235E2
9.619986200E-2,8.104598745E-3,-2.128650844E-1,-3.035209477E-1,-9.287075996E-1,1.790712712E2,3.769367921E1,-2.359685137E1,1.728434218E2
1.011998620E-1,3.744430138E-3,-2.098076344E-1,-3.030091822E-1,-9.295978546E-1,1.795709189E2,3.764395815E1,-2.310034449E1,1.724921363E2
1.061998620E-1,5.620569726E-3,-2.047697604E-1,-3.039432168E-1,-9.304065108E-1,1.793559268E2,3.760218888E1,-2.260990425E1,1.729052540E2
1.111998620E-1,2.949726579E-3,-2.015459985E-1,-3.036932349E-1,-9.312040210E-1,1.796619857E2,3.754731702E1,-2.215741387E1,1.727472937E2
1.161998620E-1,2.944544952E-3,-1.980255246E-1,-3.040153384E-1,-9.318540096E-1,1.796625795E2,3.750605108E1,-2.176818006E1,1.728919096E2
1.211998620E-1,1.290964222E-4,1.957451254E-1,3.035979271E-1,9.324763417E-1,1.799852066E2,3.745962400E1,-2.140616787E1,1.726505397E2
1.261998620E-1,9.044829337E-4,1.927344352E-1,3.033943176E-1,9.331690669E-1,1.798963539E2,3.737955910E1,-2.104854381E1,1.726968603E2
1.311998620E-1,1.439709237E-3,1.895700842E-1,3.027705550E-1,9.340187907E-1,1.798350214E2,3.723946633E1,-2.068636608E1,1.727858543E2
1.361998620E-1,1.872453021E-3,1.864374429E-1,3.019989729E-1,9.348979592E-1,1.797854326E2,3.708097666E1,-2.033258650E1,1.728871375E2
1.411998620E-1,3.847687935E-3,1.839283705E-1,3.006514013E-1,9.358227849E-1,1.795590864E2,3.689231674E1,-1.999481440E1,1.727987980E2
1.461998620E-1,4.837769861E-3,1.812597066E-1,2.990266383E-1,9.368588924E-1,1.794456302E2,3.664856736E1,-1.967815559E1,1.728334909E2
1.511998620E-1,7.420675218E-3,1.789933741E-1,2.965847552E-1,9.380531907E-1,1.791496455E2,3.633950786E1,-1.935431189E1,1.726870477E2
1.561998620E-1,8.049014418E-3,1.759733558E-1,2.941954434E-1,9.393708706E-1,1.790776409E2,3.598875243E1,-1.901844485E1,1.727895310E2
1.611998620E-1,1.079340682E-2,1.734376699E-1,2.914364040E-1,9.406740665E-1,1.787631427E2,3.563904692E1,-1.866325466E1,1.726380957E2
1.661998620E-1,1.111200004E-2,1.699880660E-1,2.891774476E-1,9.419962764E-1,1.787266324E2,3.529424048E1,-1.829017050E1,1.727849737E2
1.711998620E-1,1.277701134E-2,1.668214947E-1,2.867532074E-1,9.432814717E-1,1.785358225E2,3.495850135E1,-1.790210342E1,1.727688746E2
1.761998620E-1,1.287816350E-2,1.630987674E-1,2.846644521E-1,9.445629120E-1,1.785242304E2,3.463060633E1,-1.750458887E1,1.729419254E2
1.811998620E-1,1.415701766E-2,1.596895307E-1,2.824413776E-1,9.457936883E-1,1.783776711E2,3.431268701E1,-1.710175763E1,1.729695392E2
1.861998620E-1,1.410791391E-2,1.558421254E-1,2.803970575E-1,9.470436573E-1,1.783832985E2,3.399065596E1,-1.669440331E1,1.731576091E2
1.911998620E-1,1.495769999E-2,1.522125900E-1,2.784068286E-1,9.482073784E-1,1.782859099E2,3.369505209E1,-1.627987427E1,1.732322411E2
1.961998620E-1,1.482654821E-2,1.483649760E-1,2.763875723E-1,9.494092464E-1,1.783009405E2,3.338008181E1,-1.587397896E1,1.734233077E2
2.011998620E-1,1.610116170E-2,1.450288445E-1,2.740525901E-1,9.505801201E-1,1.781548630E2,3.305715563E1,-1.547975942E1,1.734398479E2
2.061998620E-1,1.599667197E-2,1.413405538E-1,2.719601095E-1,9.517377019E-1,1.781668382E2,3.274089140E1,-1.509008049E1,1.736177929E2
2.111998620E-1,1.747489743E-2,1.380251348E-1,2.697768509E-1,9.528190494E-1,1.779974223E2,3.244283450E1,-1.469048506E1,1.736031111E2
2.161998620E-1,1.661908349E-2,1.339060962E-1,2.681554854E-1,9.538792372E-1,1.780955056E2,3.217205261E1,-1.427330421E1,1.738680864E2
2.211998620E-1,1.761285416E-2,1.301723868E-1,2.664779127E-1,9.548478723E-1,1.779816112E2,3.192638654E1,-1.383949257E1,1.739099617E2
2.261998620E-1,1.609131567E-2,1.257515848E-1,2.652102709E-1,9.558196068E-1,1.781559915E2,3.169174974E1,-1.340639612E1,1.742497587E2
2.311998620E-1,1.595161493E-2,1.218371242E-1,2.637478113E-1,9.567331672E-1,1.781720020E2,3.146031098E1,-1.298622722E1,1.744174703E2
2.361998620E-1,1.452486819E-2,1.177700460E-1,2.623556852E-1,9.576475024E-1,1.783355142E2,3.122301626E1,-1.258824517E1,1.747315687E2
2.411998620E-1,1.455591963E-2,1.142376140E-1,2.606548965E-1,9.585389495E-1,1.783319556E2,3.097435569E1,-1.220524446E1,1.748662735E2
2.461998620E-1,1.341008680E-2,1.104827523E-1,2.589407563E-1,9.594599605E-1,1.784632712E2,3.071065232E1,-1.183317054E1,1.751382984E2
2.511998620E-1,1.310587596E-2,1.068921760E-1,2.570027709E-1,9.603915215E-1,1.784981342E2,3.043338494E1,-1.145394446E1,1.753111424E2
2.561998620E-1,1.173852179E-2,1.027397215E-1,2.551271319E-1,9.613620043E-1,1.786548336E2,3.014906333E1,-1.104328336E1,1.756178623E2
2.611998620E-1,1.127448161E-2,9.836616367E-2,2.531301081E-1,9.623523951E-1,1.787080122E2,2.986010318E1,-1.058056973E1,1.758288738E2
2.661998620E-1,8.649662228E-3,9.306791425E-2,2.514500022E-1,9.633464813E-1,1.790088094E2,2.958354896E1,-1.007652707E1,1.763039535E2
2.711998620E-1,7.879171399E-3,8.828134090E-2,2.499521822E-1,9.641930461E-1,1.790971041E2,2.935516463E1,-9.572859926E0,1.765507679E2
2.761998620E-1,4.287945803E-3,8.242437989E-2,2.488097399E-1,9.650292993E-1,1.795086361E2,2.914092403E1,-9.029914242E0,1.771391488E2
2.811998620E-1,5.633158838E-4,7.588935643E-2,2.475055903E-1,9.659096599E-1,1.799354488E2,2.890933012E1,-8.414053762E0,1.777606037E2
2.861998620E-1,3.086872617E-3,-7.039772719E-2,-2.465692312E-1,-9.665600061E-1,1.796462699E2,2.873683045E1,-7.909542461E0,1.783367761E2
2.911998620E-1,4.311057922E-3,-6.651251018E-2,-2.459835559E-1,-9.669796228E-1,1.795059876E2,2.863729178E1,-7.513129579E0,1.785906273E2
2.961998620E-1,6.360985552E-3,-6.287735701E-2,-2.457263321E-1,-9.672768712E-1,1.792710798E2,2.857497024E1,-7.167228323E0,1.789260984E2
3.011998620E-1,7.153875060E-3,-5.995323509E-2,-2.456304878E-1,-9.674813151E-1,1.791802193E2,2.854530226E1,-6.864498712E0,1.790991064E2
3.061998620E-1,8.320665360E-3,-5.721624568E-2,-2.457924038E-1,-9.675965905E-1,1.790465110E2,2.854597505E1,-6.592943183E0,1.793064411E2
3.111998620E-1,7.962868211E-3,-5.511940271E-2,-2.461515218E-1,-9.676300287E-1,1.790875129E2,2.858252261E1,-6.349357724E0,1.793240319E2
3.161998620E-1,8.633202232E-3,-5.293600634E-2,-2.468473315E-1,-9.675689340E-1,1.790106956E2,2.865320953E1,-6.125156355E0,1.794567180E2
3.211998620E-1,8.164150157E-3,-5.117894709E-2,-2.476933151E-1,-9.674513340E-1,1.790644469E2,2.874998373E1,-5.916022229E0,1.794495108E2
3.261998620E-1,8.579579295E-3,-4.937531427E-2,-2.487083673E-1,-9.672810435E-1,1.790168406E2,2.886214163E1,-5.726918793E0,1.795414959E2
3.311998620E-1,7.806957780E-3,-4.808172956E-2,-2.497548461E-1,-9.670830965E-1,1.791053794E2,2.898607112E1,-5.560554405E0,1.794866518E2
3.361998620E-1,7.856626824E-3,-4.678018019E-2,-2.508930266E-1,-9.668518901E-1,1.790996876E2,2.911674551E1,-5.416865250E0,1.795233852E2
3.411998620E-1,6.850057510E-3,-4.592078924E-2,-2.520357072E-1,-9.666035175E-1,1.792150351E2,2.925457403E1,-5.291755672E0,1.794300596E2
3.461998620E-1,6.720300569E-3,-4.501895607E-2,-2.532330751E-1,-9.663338661E-1,1.792299045E2,2.939451937E1,-5.187211118E0,1.794354658E2
3.511998620E-1,5.531529750E-3,-4.454280436E-2,-2.543770671E-1,-9.660629630E-1,1.793661301E2,2.953443158E1,-5.098976018E0,1.793112139E2
3.561998620E-1,5.308602632E-3,-4.392942414E-2,-2.555626035E-1,-9.657793641E-1,1.793916761E2,2.967433029E1,-5.023574554E0,1.792983039E2
3.611998620E-1,4.007124839E-3,-4.363850132E-2,-2.566838861E-1,-9.655014277E-1,1.795408161E2,2.981250921E1,-4.952118313E0,1.791565884E2
3.661998620E-1,3.822216379E-3,-4.306680709E-2,-2.578244507E-1,-9.652239084E-1,1.795620052E2,2.994700071E1,-4.882301184E0,1.791472490E2
3.711998620E-1,2.732319622E-3,-4.276304692E-2,-2.588846684E-1,-9.649572968E-1,1.796868988E2,3.007680536E1,-4.815288526E0,1.790300508E2
3.761998620E-1,2.567730551E-3,-4.220356792E-2,-2.599520385E-1,-9.646953940E-1,1.797057594E2,3.020253339E1,-4.747351938E0,1.790232813E2
3.811998620E-1,1.446793500E-3,-4.184850305E-2,-2.609188855E-1,-9.644521475E-1,1.798342096E2,3.032106057E1,-4.673454349E0,1.789049570E2
3.861998620E-1,1.356245643E-3,-4.117676988E-2,-2.618638575E-1,-9.642250538E-1,1.798445856E2,3.043150175E1,-4.595328276E0,1.789106799E2
3.911998620E-1,5.391293790E-4,-4.070911929E-2,-2.627005279E-1,-9.640181065E-1,1.799382203E2,3.053275498E1,-4.517978888E0,1.788303640E2
3.961998620E-1,3.316573882E-4,-4.001976550E-2,-2.634635568E-1,-9.638388157E-1,1.799619949E2,3.062195132E1,-4.434533786E0,1.788248058E2
4.011998620E-1,4.990086906E-4,3.946435824E-2,2.641429603E-1,9.636756778E-1,1.799428178E2,3.070410969E1,-4.347078600E0,1.787466606E2
4.061998620E-1,8.885041679E-4,3.882744163E-2,2.647726536E-1,9.635284543E-1,1.798981849E2,3.077829131E1,-4.264001394E0,1.787201975E2
4.111998620E-1,2.513236805E-3,3.851191700E-2,2.653234899E-1,9.633867145E-1,1.797120040E2,3.084885336E1,-4.178852902E0,1.785476225E2
4.161998620E-1,3.256947629E-3,3.788655996E-2,2.658956349E-1,9.632515311E-1,1.796267806E2,3.091738699E1,-4.086162907E0,1.784820803E2
4.211998620E-1,4.876189448E-3,3.741337731E-2,2.664235830E-1,9.631173015E-1,1.794412276E2,3.098428075E1,-3.983470435E0,1.783153002E2
4.261998620E-1,5.734592090E-3,3.665810823E-2,2.669614553E-1,9.629926682E-1,1.793428605E2,3.104840408E1,-3.872771058E0,1.782414643E2
4.311998620E-1,7.339416968E-3,3.602776676E-2,2.674840987E-1,9.628605247E-1,1.791589572E2,3.111360722E1,-3.752867778E0,1.780814263E2
4.361998620E-1,8.087858435E-3,3.504499048E-2,2.680605948E-1,9.627304673E-1,1.790731896E2,3.118078990E1,-3.620160467E0,1.780269210E2
4.411998620E-1,9.488189156E-3,3.413750976E-2,2.686303556E-1,9.625914693E-1,1.789127173E2,3.124941568E1,-3.475591511E0,1.778982233E2
4.461998620E-1,9.937777786E-3,3.286911920E-2,2.692659497E-1,9.624534845E-1,1.788611958E2,3.132137407E1,-3.320325745E0,1.778857473E2
4.511998620E-1,1.072056832E-2,3.163517267E-2,2.699010670E-1,9.623085260E-1,1.787714898E2,3.139437412E1,-3.158517155E0,1.778355902E2
4.561998620E-1,1.092354193E-2,3.021859936E-2,2.705837190E-1,9.621600509E-1,1.787482294E2,3.147071470E1,-2.994425331E0,1.778552153E2
4.611998620E-1,1.146601830E-2,2.887148783E-2,2.713014483E-1,9.619929790E-1,1.786860623E2,3.155247541E1,-2.827367241E0,1.778352979E2
4.661998620E-1,1.144284715E-2,2.732488886E-2,2.720844746E-1,9.618172646E-1,1.786887177E2,3.163996603E1,-2.655822941E0,1.778841091E2
4.711998620E-1,1.196245995E-2,2.593936771E-2,2.729453444E-1,9.616053700E-1,1.786291704E2,3.173873195E1,-2.484933441E0,1.778680264E2
4.761998620E-1,1.176591204E-2,2.441746183E-2,2.739367485E-1,9.613656998E-1,1.786516947E2,3.185115486E1,-2.321227965E0,1.779351900E2
4.811998620E-1,1.219111127E-2,2.320216224E-2,2.750357389E-1,9.610766768E-1,1.786029669E2,3.197890074E1,-2.171579079E0,1.779241755E2
4.861998620E-1,1.204740042E-2,2.195708640E-2,2.762975693E-1,9.607457519E-1,1.786194362E2,3.212500934E1,-2.036320744E0,1.779767720E2
4.911998620E-1,1.255696558E-2,2.101929672E-2,2.776780128E-1,9.603621364E-1,1.785610399E2,3.228755799E1,-1.913959742E0,1.779477053E2
4.961998620E-1,1.248557245E-2,1.998688653E-2,2.792468369E-1,9.599301219E-1,1.785692216E2,3.247141104E1,-1.799321085E0,1.779856134E2
5.011998620E-1,1.313171951E-2,1.926866919E-2,2.809524238E-1,9.594383836E-1,1.784951725E2,3.267381074E1,-1.695940571E0,1.779345499E2
5.061998620E-1,1.328705623E-2,1.848896407E-2,2.827921808E-1,9.589109421E-1,1.784773707E2,3.289140013E1,-1.601258131E0,1.779395827E2
5.111998620E-1,1.398541173E-2,1.789925434E-2,2.847262919E-1,9.583396912E-1,1.783973376E2,3.312170704E1,-1.509523241E0,1.778789317E2
5.161998620E-1,1.423672920E-2,1.712461188E-2,2.867297232E-1,9.577526450E-1,1.783685359E2,3.335924900E1,-1.411801880E0,1.778737203E2
5.211998620E-1,1.507954162E-2,1.644428633E-2,2.887113392E-1,9.571561813E-1,1.782719463E2,3.359529287E1,-1.304865539E0,1.778008946E2
5.261998620E-1,1.527099646E-2,1.555713359E-2,2.906906605E-1,9.565687180E-1,1.782500047E2,3.382980108E1,-1.196690026E0,1.778068416E2
5.311998620E-1,1.621462971E-2,1.501561888E-2,2.926551104E-1,9.559626579E-1,1.781418589E2,3.406445016E1,-1.101186870E0,1.777191800E2
5.361998620E-1,1.639005393E-2,1.435886323E-2,2.946519256E-1,9.553561807E-1,1.781217541E2,3.430199520E1,-1.018597035E0,1.777199029E2
5.411998620E-1,1.730806601E-2,1.405571494E-2,2.966247797E-1,9.547337890E-1,1.780165427E2,3.453849442E1,-9.494877766E-1,1.776276539E2
5.461998620E-1,1.744155866E-2,1.361257490E-2,2.985469699E-1,9.541384578E-1,1.780012433E2,3.476795364E1,-8.916908759E-1,1.776263404E2
5.511998620E-1,1.811881473E-2,1.350976992E-2,3.003793657E-1,9.535520077E-1,1.779236232E2,3.498820107E1,-8.525640308E-1,1.775541426E2
5.561998620E-1,1.838678387E-2,1.347370539E-2,3.021216691E-1,9.529967904E-1,1.778929110E2,3.519763789E1,-8.348694049E-1,1.775245637E2
5.611998620E-1,1.927682882E-2,1.373399049E-2,3.037247658E-1,9.524657726E-1,1.777909013E2,3.539182571E1,-8.281024490E-1,1.774168929E2
5.661998620E-1,1.965280482E-2,1.387106348E-2,3.051639497E-1,9.519959688E-1,1.777478095E2,3.556564680E1,-8.259895530E-1,1.773698047E2
5.711998620E-1,2.076414721E-2,1.415352803E-2,3.063940704E-1,9.515730143E-1,1.776204330E2,3.571539480E1,-8.143269221E-1,1.772375491E2
5.761998620E-1,2.096667404E-2,1.398260705E-2,3.074645400E-1,9.512257576E-1,1.775972201E2,3.584381516E1,-7.854474304E-1,1.772205833E2
5.811998620E-1,2.157609058E-2,1.380795613E-2,3.084111512E-1,9.509081841E-1,1.775273703E2,3.595760469E1,-7.420917979E-1,1.771595458E2
5.861998620E-1,2.155993402E-2,1.334917545E-2,3.092297912E-1,9.506492019E-1,1.775292221E2,3.605463502E1,-6.902485349E-1,1.771769624E2
5.911998620E-1,2.211025416E-2,1.309176441E-2,3.098855615E-1,9.504265785E-1,1.774661450E2,3.613307885E1,-6.407076322E-1,1.771256759E2
5.961998620E-1,2.214150269E-2,1.267281454E-2,3.103997111E-1,9.502637386E-1,1.774625633E2,3.619362916E1,-5.924260076E-1,1.771368568E2
6.011998620E-1,2.261891702E-2,1.230409555E-2,3.107650876E-1,9.501379132E-1,1.774078420E2,3.623664674E1,-5.341668872E-1,1.770977736E2
6.061998620E-1,2.251508227E-2,1.168139838E-2,3.109680712E-1,9.500818253E-1,1.774197436E2,3.625898416E1,-4.694653940E-1,1.771311990E2
6.111998620E-1,2.269223374E-2,1.110315789E-2,3.111293018E-1,9.500317574E-1,1.773994383E2,3.627658303E1,-3.997139276E-1,1.771324706E2
6.161998620E-1,2.209378653E-2,1.018357091E-2,3.112584054E-1,9.500138760E-1,1.774680325E2,3.628902984E1,-3.205895390E-1,1.772304464E2
6.211998620E-1,2.166873908E-2,9.255352430E-3,3.113225400E-1,9.500121474E-1,1.775167511E2,3.629383462E1,-2.345386764E-1,1.773098731E2
6.261998620E-1,2.033690890E-2,8.129321970E-3,3.112026155E-1,9.500911832E-1,1.776694012E2,3.627593847E1,-1.598208126E-1,1.774951624E2
6.311998620E-1,1.927374821E-2,7.269392256E-3,3.110035956E-1,9.501854777E-1,1.777912544E2,3.624955628E1,-1.046297099E-1,1.776416727E2
6.361998620E-1,1.798127312E-2,6.562401075E-3,3.106849790E-1,9.503201842E-1,1.779393868E2,3.620931920E1,-7.446972188E-2,1.778076927E2
6.411998620E-1,1.727722268E-2,6.200923119E-3,3.101825714E-1,9.504997730E-1,1.780200776E2,3.614789242E1,-6.129304933E-2,1.778972972E2
6.461998620E-1,1.658568571E-2,6.032602862E-3,3.093942106E-1,9.507700801E-1,1.780993333E2,3.605248228E1,-6.922514060E-2,1.779786854E2
6.511998620E-1,1.662238761E-2,6.134043448E-3,3.083892763E-1,9.510952234E-1,1.780951270E2,3.593164410E1,-8.111862850E-2,1.779711720E2
6.561998620E-1,1.624110608E-2,5.947387312E-3,3.072718382E-1,9.514645934E-1,1.781388245E2,3.579665026E1,-7.658086608E-2,1.780194271E2
6.611998620E-1,1.632183683E-2,5.855563097E-3,3.059765697E-1,9.518811107E-1,1.781295722E2,3.564054236E1,-6.642877141E-2,1.780139455E2
6.661998620E-1,1.614361463E-2,5.743248854E-3,3.044327497E-1,9.523797035E-1,1.781499977E2,3.545454724E1,-6.361077860E-2,1.780374312E2
6.711998620E-1,1.421385268E-2,5.212893244E-3,3.026700318E-1,9.529751539E-1,1.783711576E2,3.524140948E1,-7.627795089E-2,1.782667390E2
6.761998620E-1,1.447881957E-2,5.508749746E-3,3.007903397E-1,9.535644650E-1,1.783407915E2,3.501608674E1,-1.028871120E-1,1.782277318E2
6.811998620E-1,1.327138030E-2,5.297750700E-3,2.989683151E-1,9.541560411E-1,1.784791672E2,3.479673781E1,-1.245793003E-1,1.783672090E2
6.861998620E-1,1.393335836E-2,5.328871775E-3,2.973721623E-1,9.546450973E-1,1.784033031E2,3.460525676E1,-1.081502495E-1,1.782939268E2
6.911998620E-1,1.275607908E-2,4.420238547E-3,2.961524129E-1,9.550452828E-1,1.785382214E2,3.445723242E1,-5.085395009E-2,1.784537771E2
6.961998620E-1,1.311565125E-2,3.679273883E-3,2.952721715E-1,9.553160667E-1,1.784970140E2,3.435044516E1,4.100285379E-2,1.784395304E2
7.011998620E-1,1.133800077E-2,2.153054578E-3,2.946318984E-1,9.555411339E-1,1.787007330E2,3.427159785E1,1.470445631E-1,1.786857118E2
7.061998620E-1,1.108194716E-2,1.214755583E-3,2.941360176E-1,9.556985497E-1,1.787300764E2,3.421103129E1,2.404893879E-1,1.787453054E2
7.111998620E-1,9.247847532E-3,9.113333363E-5,2.936981916E-1,9.558534622E-1,1.789402596E2,3.415781778E1,3.012586989E-1,1.789839235E2
7.161998620E-1,8.878705033E-3,-1.868971885E-4,2.932637930E-1,9.559903145E-1,1.789825620E2,3.410560898E1,3.188497500E-1,1.790335719E2
7.211998620E-1,7.293701343E-3,-4.260236456E-4,2.928183973E-1,9.561401606E-1,1.791641960E2,3.405247047E1,2.914154124E-1,1.792151216E2
7.261998620E-1,7.419062578E-3,1.417967433E-4,2.923583388E-1,9.562800527E-1,1.791498303E2,3.399770000E1,2.330142598E-1,1.791822221E2
7.311998620E-1,6.516803738E-3,5.229036324E-4,2.918800712E-1,9.564325809E-1,1.792532240E2,3.394081487E1,1.606579278E-1,1.792682518E2
7.361998620E-1,7.129530692E-3,1.359864720E-3,2.914241850E-1,9.565663934E-1,1.791830090E2,3.388675539E1,8.902814098E-2,1.791730585E2
7.411998620E-1,6.576837737E-3,1.743768342E-3,2.910269201E-1,9.566906691E-1,1.792463445E2,3.383950785E1,2.816545226E-2,1.792208126E2
7.461998620E-1,7.247183049E-3,2.334485762E-3,2.907418013E-1,9.567712545E-1,1.791695267E2,3.380586331E1,-1.449695736E-2,1.791276232E2
7.511998620E-1,6.429071145E-3,2.282754052E-3,2.906243205E-1,9.568129182E-1,1.792632776E2,3.379173033E1,-3.617932308E-2,1.792190523E2
7.561998620E-1,6.770728612E-3,2.438999247E-3,2.906559110E-1,9.568005800E-1,1.792241257E2,3.379565970E1,-4.190425771E-2,1.791763851E2
7.611998620E-1,5.610744045E-3,2.053437755E-3,2.907867730E-1,9.567692280E-1,1.793570527E2,3.381097903E1,-3.817456500E-2,1.793164106E2
7.661998620E-1,5.577471503E-3,1.994708087E-3,2.909585834E-1,9.567173123E-1,1.793608655E2,3.383151244E1,-3.272260155E-2,1.793220099E2
7.711998620E-1,4.289330533E-3,1.593789784E-3,2.911386490E-1,9.566699266E-1,1.795084774E2,3.385278467E1,-3.162049490E-2,1.794765971E2
7.761998620E-1,4.057011825E-3,1.544475555E-3,2.913073003E-1,9.566196799E-1,1.795350994E2,3.387295233E1,-3.387768424E-2,1.795037052E2
7.811998620E-1,2.709187665E-3,1.197005389E-3,2.914476693E-1,9.565821886E-1,1.796895496E2,3.388956443E1,-4.073129858E-2,1.796630501E2
7.861998620E-1,2.369145176E-3,1.172829303E-3,2.915972173E-1,9.565375447E-1,1.797285157E2,3.390745751E1,-4.939115918E-2,1.797011243E2
7.911998620E-1,1.041570803E-3,8.882656111E-4,2.917328477E-1,9.564988613E-1,1.798806448E2,3.392356646E1,-6.254003213E-2,1.798561418E2
7.961998620E-1,7.479668758E-4,9.820224950E-4,2.918250859E-1,9.564709067E-1,1.799142893E2,3.393461520E1,-8.262059408E-2,1.798851805E2
8.011998620E-1,4.386236351E-4,-7.455566665E-4,-2.918854058E-1,-9.564529061E-1,1.799497374E2,3.394172619E1,-9.638503152E-2,-1.799768633E2
8.061998620E-1,5.663776704E-4,-7.554359036E-4,-2.919043005E-1,-9.564470649E-1,1.799350979E2,3.394397923E1,-1.017416050E-1,-1.799631937E2
8.111998620E-1,1.758831258E-3,-4.374354903E-4,-2.918785214E-1,-9.564536810E-1,1.797984527E2,3.394079921E1,-1.067709591E-1,-1.798218597E2
8.161998620E-1,1.937984749E-3,-3.986023366E-4,-2.917961776E-1,-9.564784765E-1,1.797779232E2,3.393092234E1,-1.084897491E-1,-1.798009159E2
8.211998620E-1,2.965686558E-3,-1.296693808E-4,-2.916132510E-1,-9.565317035E-1,1.796601569E2,3.390896418E1,-1.133158131E-1,-1.796792605E2
8.261998620E-1,3.095191181E-3,-1.942592644E-4,-2.913278341E-1,-9.566182494E-1,1.796453167E2,3.387474236E1,-1.246238389E-1,-1.796671864E2
8.311998620E-1,3.926628673E-3,-1.284738973E-4,-2.909355164E-1,-9.567345977E-1,1.795500403E2,3.382767427E1,-1.449941336E-1,-1.795737870E2
8.361998620E-1,3.930131967E-3,-3.869745997E-4,-2.904443741E-1,-9.568837285E-1,1.795496389E2,3.376876304E1,-1.732368513E-1,-1.795819317E2
8.411998620E-1,4.547218943E-3,-4.974282347E-4,-2.898723781E-1,-9.570543766E-1,1.794789253E2,3.370012928E1,-2.055982143E-1,-1.795178191E2
8.461998620E-1,4.349624687E-3,-8.709009853E-4,-2.892345786E-1,-9.572479725E-1,1.795015682E2,3.362367683E1,-2.396953085E-1,-1.795517351E2
8.511998620E-1,4.846025494E-3,-1.032928471E-3,-2.885539830E-1,-9.574508071E-1,1.794446842E2,3.354204590E1,-2.735675488E-1,-1.795024573E2
8.561998620E-1,4.467092596E-3,-1.421611058E-3,-2.878435254E-1,-9.576659799E-1,1.794881072E2,3.345699479E1,-3.033541772E-1,-1.795566597E2
8.611998620E-1,4.766886809E-3,-1.554792630E-3,-2.871503830E-1,-9.578723907E-1,1.794537529E2,3.337394309E1,-3.275166412E-1,-1.795279144E2
8.661998620E-1,4.283924230E-3,-1.847458654E-3,-2.864993215E-1,-9.580690861E-1,1.795090969E2,3.329612716E1,-3.434712801E-1,-1.795903244E2
8.711998620E-1,4.428518663E-3,-1.885112375E-3,-2.859443724E-1,-9.582341313E-1,1.794925275E2,3.322970470E1,-3.521064402E-1,-1.795754813E2
8.761998620E-1,4.077485145E-3,-2.036787570E-3,-2.854851484E-1,-9.583722949E-1,1.795327533E2,3.317486762E1,-3.570767403E-1,-1.796188266E2
8.811998620E-1,3.784795939E-3,-2.230163198E-3,-2.850978673E-1,-9.584883451E-1,1.795662933E2,3.312862339E1,-3.686003506E-1,-1.796571480E2
8.861998620E-1,3.556323587E-3,-2.506123623E-3,-2.847656608E-1,-9.585872889E-1,1.795924745E2,3.308895036E1,-3.913397583E-1,-1.796911225E2
8.911998620E-1,3.345034345E-3,-2.817526925E-3,-2.844786346E-1,-9.586724043E-1,1.796166866E2,3.305469160E1,-4.185695737E-1,-1.797243684E2
8.961998620E-1,3.162424715E-3,-3.122554859E-3,-2.842162848E-1,-9.587498903E-1,1.796376122E2,3.302339459E1,-4.460592234E-1,-1.797542510E2
9.011998620E-1,2.957894710E-3,-3.377156565E-3,-2.839933038E-1,-9.588157535E-1,1.796610497E2,3.299683067E1,-4.673202399E-1,-1.797849056E2
9.061998620E-1,2.888102288E-3,-3.469701158E-3,-2.838995159E-1,-9.588434100E-1,1.796690474E2,3.298565504E1,-4.751972693E-1,-1.797955393E2
9.111998620E-1,2.934513069E-3,-3.496326739E-3,-2.838584483E-1,-9.588553309E-1,1.796637291E2,3.298072910E1,-4.796237427E-1,-1.797912853E2
9.161998620E-1,3.028351252E-3,-3.587324172E-3,-2.838148475E-1,-9.588676095E-1,1.796529760E2,3.297548342E1,-4.926649773E-1,-1.797839117E2
9.211998620E-1,3.082619556E-3,-3.786830697E-3,-2.837437987E-1,-9.588876963E-1,1.796467573E2,3.296698081E1,-5.163358752E-1,-1.797843986E2
9.261998620E-1,3.088225753E-3,-4.105409142E-3,-2.836488485E-1,-9.589144588E-1,1.796461148E2,3.295565763E1,-5.515042135E-1,-1.797940862E2
9.311998620E-1,3.097199749E-3,-4.443628248E-3,-2.835380435E-1,-9.589456916E-1,1.796450865E2,3.294245025E1,-5.889390345E-1,-1.798040252E2
9.361998620E-1,3.174667018E-3,-4.649594426E-3,-2.833963633E-1,-9.589863420E-1,1.796362093E2,3.292550692E1,-6.140605523E-1,-1.798021134E2
9.411998620E-1,3.247028534E-3,-4.845152143E-3,-2.831771672E-1,-9.590498805E-1,1.796279173E2,3.289930400E1,-6.378557969E-1,-1.798003658E2
9.461998620E-1,3.265249213E-3,-5.051015411E-3,-2.828388512E-1,-9.591485858E-1,1.796258293E2,3.285890434E1,-6.610032546E-1,-1.798048102E2
9.511998620E-1,3.171236596E-3,-5.342138000E-3,-2.823593318E-1,-9.592885971E-1,1.796366024E2,3.280172794E1,-6.898670571E-1,-1.798242346E2
9.561998620E-1,2.919889128E-3,-5.715921521E-3,-2.817365527E-1,-9.594703317E-1,1.796654049E2,3.272758210E1,-7.227362821E-1,-1.798634918E2
9.611998620E-1,2.504373535E-3,-6.217346061E-3,-2.809977233E-1,-9.596850276E-1,1.797130196E2,3.263977390E1,-7.643961803E-1,-1.799247811E2
9.661998620E-1,1.831650596E-3,-6.896179635E-3,-2.801719010E-1,-9.599233270E-1,1.797901082E2,3.254192267E1,-8.174071099E-1,1.799800738E2
9.711998620E-1,9.606198584E-4,-7.610024419E-3,-2.793102562E-1,-9.601702690E-1,1.798899211E2,3.244011119E1,-8.680906473E-1,1.798621076E2
9.761998620E-1,NaN,NaN,NaN,NaN,NaN,NaN,NaN,NaN
9.811998620E-1,1.048937882E-3,8.242037147E-3,2.779776156E-1,9.605516195E-1,1.798798006E2,3.228310653E1,-8.738312827E-1,1.796219546E2
9.861998620E-1,1.770581891E-3,8.016740903E-3,2.776345015E-1,9.606516957E-1,1.797971062E2,3.224251071E1,-8.262018159E-1,1.795499892E2
9.911998620E-1,2.017035199E-3,7.467236836E-3,2.774694860E-1,9.607033134E-1,1.797688646E2,3.222249679E1,-7.579459698E-1,1.795404768E2
9.961998620E-1,1.930080292E-3,6.860848516E-3,2.773916423E-1,9.607304931E-1,1.797788290E2,3.221263075E1,-6.939878320E-1,1.795693947E2
1.001199862E0,1.687635791E-3,6.364222616E-3,2.773288786E-1,9.607524872E-1,1.798066111E2,3.220460497E1,-6.470449720E-1,1.796119214E2
1.006199862E0,1.389873332E-3,6.014395971E-3,2.772185504E-1,9.607870579E-1,1.798407322E2,3.219102387E1,-6.180334996E-1,1.796558968E2
1.011199862E0,1.089751024E-3,5.711113568E-3,2.770425975E-1,9.608400464E-1,1.798751237E2,3.216967438E1,-5.942319628E-1,1.796986870E2
1.016199862E0,7.615320770E-4,5.389907863E-3,2.767698765E-1,9.609208107E-1,1.799127348E2,3.213678517E1,-5.693581610E-1,1.797451881E2
1.021199862E0,3.744987928E-4,5.036714952E-3,2.764277756E-1,9.610214233E-1,1.799570856E2,3.209560826E1,-5.428133355E-1,1.797992045E2
1.026199862E0,2.580330229E-4,-4.676765297E-3,-2.760618031E-1,-9.611284733E-1,1.799704316E2,3.205150823E1,-5.232558635E-1,1.798804675E2
1.031199862E0,6.698052191E-4,-4.274587613E-3,-2.756541371E-1,-9.612471461E-1,1.799232460E2,3.200257106E1,-4.920128953E-1,1.799387532E2
1.036199862E0,1.165450773E-3,-3.836751916E-3,-2.751981318E-1,-9.613791704E-1,1.798664491E2,3.194787778E1,-4.594372335E-1,-1.799926002E2
1.041199862E0,1.599122647E-3,-3.396987915E-3,-2.746606171E-1,-9.615339041E-1,1.798167540E2,3.188355435E1,-4.246269272E-1,-1.799307170E2
1.046199862E0,2.010545929E-3,-2.879978390E-3,-2.740715742E-1,-9.617028832E-1,1.797696083E2,3.181315341E1,-3.805289367E-1,-1.798688782E2
1.051199862E0,2.432548721E-3,-2.274587052E-3,-2.734598815E-1,-9.618776441E-1,1.797212502E2,3.174012736E1,-3.269405357E-1,-1.798031503E2
1.056199862E0,2.913194247E-3,-1.642329851E-3,-2.728364766E-1,-9.620546103E-1,1.796661721E2,3.166578834E1,-2.721372584E-1,-1.797301827E2
1.061199862E0,3.431244273E-3,-1.060417620E-3,-2.721925378E-1,-9.622361064E-1,1.796068076E2,3.158908901E1,-2.239504303E-1,-1.796547275E2
1.066199862E0,3.993088504E-3,-5.448588054E-4,-2.715439498E-1,-9.624176025E-1,1.795424245E2,3.151190446E1,-1.843415508E-1,-1.795765706E2
1.071199862E0,4.608645622E-3,-4.138741497E-5,-2.709079981E-1,-9.625942111E-1,1.794718862E2,3.143629954E1,-1.476351433E-1,-1.794929191E2
1.076199862E0,5.293870146E-3,4.908359842E-4,-2.702919543E-1,-9.627637267E-1,1.793933643E2,3.136316151E1,-1.098167594E-1,-1.794007411E2
1.081199862E0,6.063166705E-3,1.085693948E-3,-2.697082162E-1,-9.629223943E-1,1.793052080E2,3.129400397E1,-6.759148704E-2,-1.792974005E2
1.086199862E0,6.956313893E-3,1.786871930E-3,-2.691524327E-1,-9.630708098E-1,1.792028587E2,3.122837718E1,-1.735198244E-2,-1.791771626E2
1.091199862E0,7.943421892E-3,2.571786521E-3,-2.686163485E-1,-9.632110596E-1,1.790897413E2,3.116533845E1,3.935535524E-2,-1.790440308E2
1.096199862E0,8.947498883E-3,3.329091938E-3,-2.680603266E-1,-9.633548260E-1,1.789746785E2,3.110008961E1,9.266190477E-2,-1.789099363E2
1.101199862E0,9.848351949E-3,3.914442379E-3,-2.674419284E-1,-9.635156989E-1,1.788714438E2,3.102736647E1,1.303783144E-1,-1.787925791E2
1.106199862E0,1.041755451E-2,4.182220902E-3,-2.668260932E-1,-9.636793137E-1,1.788062146E2,3.095457376E1,1.433134407E-1,-1.787216088E2
1.111199862E0,1.102127564E-2,4.600013141E-3,-2.665179372E-1,-9.637559652E-1,1.787370293E2,3.091862802E1,1.714203421E-1,-1.786422083E2
1.116199862E0,1.180905432E-2,5.203362554E-3,-2.664129436E-1,-9.637725949E-1,1.786467506E2,3.090722628E1,2.141461454E-1,-1.785367846E2
1.121199862E0,1.284062916E-2,5.905988161E-3,-2.663880885E-1,-9.637622237E-1,1.785285318E2,3.090569419E1,2.602815986E-1,-1.784013845E2
1.126199862E0,1.401491827E-2,6.545004435E-3,-2.664112151E-1,-9.637353420E-1,1.783939561E2,3.090993750E1,2.949508866E-1,-1.782521461E2
1.131199862E0,1.519630122E-2,7.002481259E-3,-2.664853036E-1,-9.636937380E-1,1.782585651E2,3.092000019E1,3.092447449E-1,-1.781076486E2
1.136199862E0,1.627724339E-2,7.268831134E-3,-2.666035593E-1,-9.636414051E-1,1.781346829E2,3.093493812E1,3.053851576E-1,-1.779800690E2
1.141199862E0,1.723675878E-2,7.368464954E-3,-2.667425573E-1,-9.635854959E-1,1.780247151E2,3.095194531E1,2.867515438E-1,-1.778709941E2
1.146199862E0,1.801285874E-2,7.322139107E-3,-2.668260336E-1,-9.635485411E-1,1.779357668E2,3.096194611E1,2.577100432E-1,-1.777866640E2
1.151199862E0,1.876168571E-2,7.357851602E-3,-2.669916451E-1,-9.634881020E-1,1.778499430E2,3.098188838E1,2.383498859E-1,-1.777028186E2
1.156199862E0,1.954725281E-2,7.507584989E-3,-2.673150599E-1,-9.633816481E-1,1.777599072E2,3.102088608E1,2.300310884E-1,-1.776113893E2
1.161199862E0,2.048289606E-2,7.842065766E-3,-2.677861452E-1,-9.632287025E-1,1.776526689E2,3.107798455E1,2.370524591E-1,-1.774976827E2
1.166199862E0,2.158006451E-2,8.312365972E-3,-2.683762908E-1,-9.630365372E-1,1.775269148E2,3.114971970E1,2.536531948E-1,-1.773619199E2
1.171199862E0,2.276147854E-2,8.836011402E-3,-2.689926624E-1,-9.628326893E-1,1.773915014E2,3.122485344E1,2.732938728E-1,-1.772151774E2
1.176199862E0,2.400122095E-2,9.402835742E-3,-2.696092725E-1,-9.626247287E-1,1.772493985E2,3.130028643E1,2.956991567E-1,-1.770606289E2
1.181199862E0,2.497697253E-2,9.667023085E-3,-2.701489329E-1,-9.624459743E-1,1.771375521E2,3.136560964E1,2.929528753E-1,-1.769445872E2
1.186199862E0,2.559698189E-2,9.583282284E-3,-2.706098855E-1,-9.623010159E-1,1.770664815E2,3.142032822E1,2.630121508E-1,-1.768786301E2
1.191199862E0,2.599459104E-2,9.349732660E-3,-2.710225880E-1,-9.621765018E-1,1.770209037E2,3.146873296E1,2.235654589E-1,-1.768419098E2
1.196199862E0,2.639434764E-2,9.225015529E-3,-2.713678181E-1,-9.620695114E-1,1.769750793E2,3.150946773E1,1.962418265E-1,-1.768016090E2
1.201199862E0,2.672796679E-2,9.115394205E-3,-2.716054320E-1,-9.619942904E-1,1.769368358E2,3.153742611E1,1.729757870E-1,-1.767681716E2
1.206199862E0,2.697849958E-2,8.962691762E-3,-2.717896104E-1,-9.619367123E-1,1.769081165E2,3.155885604E1,1.477162872E-1,-1.767452625E2
1.211199862E0,2.721163217E-2,8.813096210E-3,-2.719382942E-1,-9.618895054E-1,1.768813917E2,3.157606363E1,1.234541566E-1,-1.767241895E2
1.216199862E0,2.743120055E-2,8.702015504E-3,-2.720682025E-1,-9.618475437E-1,1.768562216E2,3.159116339E1,1.039179637E-1,-1.767034195E2
1.221199862E0,2.757405815E-2,8.585845120E-3,-2.722034454E-1,-9.618062377E-1,1.768398451E2,3.160687013E1,8.619187940E-2,-1.766912746E2
1.226199862E0,2.762321057E-2,8.457811549E-3,-2.723544836E-1,-9.617632031E-1,1.768342105E2,3.162440817E1,7.002768416E-2,-1.766898396E2
1.231199862E0,2.754767330E-2,8.278281428E-3,-2.725079954E-1,-9.617234468E-1,1.768428698E2,3.164205755E1,5.207684255E-2,-1.767037718E2
1.236199862E0,2.730518042E-2,7.998374291E-3,-2.726717591E-1,-9.616863132E-1,1.768706679E2,3.166058634E1,2.825547252E-2,-1.767392616E2
1.241199862E0,2.683464962E-2,7.572065573E-3,-2.728270888E-1,-9.616589546E-1,1.769246065E2,3.167764255E1,-4.523464350E-3,-1.768044883E2
1.246199862E0,2.617651193E-2,7.056870032E-3,-2.729930282E-1,-9.616339207E-1,1.770000500E2,3.169573364E1,-4.123917516E-2,-1.768931949E2
1.251199862E0,2.535596314E-2,6.478453055E-3,-2.731483877E-1,-9.616158605E-1,1.770941092E2,3.171246170E1,-7.977376918E-2,-1.770017990E2
1.256199862E0,2.436921351E-2,5.837502424E-3,-2.732807398E-1,-9.616078734E-1,1.772072174E2,3.172639078E1,-1.198913232E-1,-1.771306934E2
1.261199862E0,2.327459620E-2,5.193583202E-3,-2.734132409E-1,-9.616010189E-1,1.773326869E2,3.174048044E1,-1.569250720E-1,-1.772715799E2
1.266199862E0,2.215774076E-2,4.606695846E-3,-2.735444009E-1,-9.615930915E-1,1.774607021E2,3.175470571E1,-1.869403055E-1,-1.774131351E2
1.271199862E0,2.105327505E-2,4.065928981E-3,-2.736313939E-1,-9.615955949E-1,1.775872941E2,3.176390616E1,-2.121160609E-1,-1.775518718E2
1.276199862E0,1.994386399E-2,3.550417256E-3,-2.736525536E-1,-9.616152644E-1,1.777144500E2,3.176543352E1,-2.341746772E-1,-1.776903462E2
1.281199862E0,1.884720648E-2,3.100136062E-3,-2.736266255E-1,-9.616463184E-1,1.778401413E2,3.176158939E1,-2.493363296E-1,-1.778253545E2
1.286199862E0,1.772494417E-2,2.684473991E-3,-2.735568583E-1,-9.616887569E-1,1.779687646E2,3.175267906E1,-2.597973248E-1,-1.779620844E2
1.291199862E0,1.654106843E-2,2.269365126E-3,-2.734264433E-1,-9.617480040E-1,1.781044467E2,3.173663202E1,-2.681690771E-1,-1.781055681E2
1.296199862E0,1.529755031E-2,1.849929104E-3,-2.732641995E-1,-9.618155956E-1,1.782469615E2,3.171687398E1,-2.751333483E-1,-1.782557482E2
1.301199862E0,1.402889212E-2,1.444802154E-3,-2.731089294E-1,-9.618797302E-1,1.783923546E2,3.169804970E1,-2.797981531E-1,-1.784082490E2
1.306199862E0,1.278323975E-2,1.055788598E-3,-2.729839385E-1,-9.619330764E-1,1.785351087E2,3.168291884E1,-2.835030986E-1,-1.785577142E2
1.311199862E0,1.162295920E-2,6.876576226E-4,-2.729113698E-1,-9.619687200E-1,1.786680770E2,3.167410067E1,-2.876870526E-1,-1.786971265E2
1.316199862E0,1.038034251E-2,1.512590825E-4,-2.728473544E-1,-9.620013237E-1,1.788104790E2,3.166620697E1,-3.078789266E-1,-1.788508769E2
1.321199862E0,9.186982798E-3,-4.052839940E-4,-2.728526890E-1,-9.620118737E-1,1.789472345E2,3.166665560E1,-3.319255864E-1,-1.789998456E2
1.326199862E0,7.969101951E-3,-1.056786394E-3,-2.728682160E-1,-9.620178342E-1,1.790867985E2,3.166837991E1,-3.656827102E-1,-1.791544893E2
1.331199862E0,6.741999913E-3,-1.753830933E-3,-2.728918195E-1,-9.620195031E-1,1.792274179E2,3.167119997E1,-4.041742191E-1,-1.793115771E2
1.336199862E0,5.513590670E-3,-2.443632809E-3,-2.729330063E-1,-9.620141387E-1,1.793681858E2,3.167628752E1,-4.418293452E-1,-1.794685921E2
1.341199862E0,4.310019939E-3,-3.065500176E-3,-2.729822099E-1,-9.620045424E-1,1.795061066E2,3.168249630E1,-4.727624511E-1,-1.796207514E2
1.346199862E0,3.186189735E-3,-3.568481188E-3,-2.730419338E-1,-9.619902372E-1,1.796348889E2,3.169006150E1,-4.930715023E-1,-1.797604095E2
1.351199862E0,2.185256543E-3,-3.906050464E-3,-2.731198072E-1,-9.619696140E-1,1.797495878E2,3.169980572E1,-4.989767678E-1,-1.798813553E2
1.356199862E0,1.343257306E-3,-4.088456277E-3,-2.732361257E-1,-9.619373679E-1,1.798460740E2,3.171406779E1,-4.927343409E-1,-1.799799440E2
1.361199862E0,5.804399449E-4,-4.150359891E-3,-2.733786404E-1,-9.618973732E-1,1.799334865E2,3.173139011E1,-4.756635846E-1,1.799339590E2
1.366199862E0,2.315836472E-4,4.113436211E-3,2.735287845E-1,9.618549943E-1,1.799734625E2,3.174959492E1,-4.461305745E-1,1.798455380E2
1.371199862E0,7.044046011E-4,3.968923353E-3,2.737130225E-1,9.618029594E-1,1.799192812E2,3.177166433E1,-4.153427503E-1,1.797978726E2
1.376199862E0,1.178712714E-3,3.712846665E-3,2.739368975E-1,9.617397785E-1,1.798649294E2,3.179838857E1,-3.721844761E-1,1.797535419E2
1.381199862E0,1.498382989E-3,3.296087729E-3,2.742041945E-1,9.616646767E-1,1.798282979E2,3.183014542E1,-3.161446169E-1,1.797313072E2
1.386199862E0,1.606853224E-3,2.747541759E-3,2.744922936E-1,9.615840316E-1,1.798158681E2,3.186426655E1,-2.522080645E-1,1.797365158E2
1.391199862E0,1.556141757E-3,2.078806283E-3,2.747897804E-1,9.615008235E-1,1.798216792E2,3.189945633E1,-1.800422110E-1,1.797630840E2
1.396199862E0,1.365192331E-3,1.346724806E-3,2.750800848E-1,9.614194036E-1,1.798435604E2,3.193381106E1,-1.053360739E-1,1.798071441E2
1.401199862E0,1.077995790E-3,5.979499547E-4,2.753399014E-1,9.613461494E-1,1.798764708E2,3.196460537E1,-3.185893387E-2,1.798623792E2
1.406199862E0,7.251187484E-4,-1.437354804E-4,2.755621672E-1,9.612829685E-1,1.799169075E2,3.199102041E1,3.873031846E-2,1.799246633E2
1.411199862E0,3.362957007E-4,-8.778975462E-4,2.757513225E-1,9.612285495E-1,1.799614634E2,3.201359196E1,1.073258488E-1,1.799906979E2
1.416199862E0,2.429033978E-4,1.579782809E-3,-2.758949399E-1,-9.611864686E-1,1.799721653E2,3.203086100E1,1.663241567E-1,-1.799233001E2
1.421199862E0,5.456599198E-4,2.242360497E-3,-2.759920657E-1,-9.611571431E-1,1.799374720E2,3.204263731E1,2.297180740E-1,-1.798689819E2
1.426199862E0,9.014610145E-4,2.854774240E-3,-2.760606110E-1,-9.611355662E-1,1.798967002E2,3.205107977E1,2.859033651E-1,-1.798104036E2
1.431199862E0,1.224230929E-3,3.449369222E-3,-2.761216760E-1,-9.611157179E-1,1.798597134E2,3.205868666E1,3.411647252E-1,-1.797560211E2
1.436199862E0,1.543334423E-3,4.010973964E-3,-2.761801183E-1,-9.610962868E-1,1.798231468E2,3.206602987E1,3.929024587E-1,-1.797030799E2
1.441199862E0,1.871700483E-3,4.566922318E-3,-2.762563527E-1,-9.610713124E-1,1.797855188E2,3.207555637E1,4.437108444E-1,-1.796492822E2
1.446199862E0,2.184768933E-3,5.114830565E-3,-2.763437629E-1,-9.610427618E-1,1.797496437E2,3.208646494E1,4.941047157E-1,-1.795974092E2
1.451199862E0,2.475827830E-3,5.631073378E-3,-2.764216363E-1,-9.610167742E-1,1.797162907E2,3.209626048E1,5.417034080E-1,-1.795489586E2
1.456199862E0,2.763802883E-3,6.086738780E-3,-2.764892280E-1,-9.609937668E-1,1.796832911E2,3.210482946E1,5.827260346E-1,-1.795027650E2
1.461199862E0,2.995151144E-3,6.431193557E-3,-2.765442729E-1,-9.609749913E-1,1.796567804E2,3.211181393E1,6.132970582E-1,-1.794663346E2
1.466199862E0,3.147136719E-3,6.678925361E-3,-2.765911818E-1,-9.609593153E-1,1.796393641E2,3.211771768E1,6.357332413E-1,-1.794417123E2
1.471199862E0,2.720390517E-3,6.690510083E-3,-2.766527832E-1,-9.609428048E-1,1.796882658E2,3.212483228E1,6.505037219E-1,-1.794882988E2
1.476199862E0,2.726737676E-3,6.772839930E-3,-2.767223418E-1,-9.609221816E-1,1.796875385E2,3.213320477E1,6.593311682E-1,-1.794849411E2
1.481199862E0,2.175586939E-3,6.619363092E-3,-2.768205404E-1,-9.608963728E-1,1.797506959E2,3.214446200E1,6.598642774E-1,-1.795504356E2
1.486199862E0,2.064706600E-3,6.604989991E-3,-2.769741714E-1,-9.608524442E-1,1.797634019E2,3.216270754E1,6.617294413E-1,-1.795629958E2
1.491199862E0,1.478707751E-3,6.516929716E-3,-2.771928906E-1,-9.607910514E-1,1.798305525E2,3.218838008E1,6.705501614E-1,-1.796301650E2
1.496199862E0,1.397905376E-3,6.603457034E-3,-2.774477303E-1,-9.607170224E-1,1.798398118E2,3.221879356E1,6.825472933E-1,-1.796361314E2
1.501199862E0,9.019965195E-4,6.555821281E-3,-2.777368128E-1,-9.606344104E-1,1.798966388E2,3.225294175E1,6.929783939E-1,-1.796920362E2
1.506199862E0,7.567038310E-4,6.596841384E-3,-2.780727148E-1,-9.605370760E-1,1.799132881E2,3.229295340E1,7.020160029E-1,-1.797064798E2
1.511199862E0,NaN,NaN,NaN,NaN,NaN,NaN,NaN,NaN
1.516199862E0,2.213193708E-4,6.550302263E-3,-2.788446546E-1,-9.603138566E-1,1.799746387E2,3.238469457E1,7.137671480E-1,-1.797663230E2
1.521199862E0,5.486487282E-4,-6.441437174E-3,2.792477310E-1,9.601973295E-1,1.799371295E2,3.243224451E1,7.263305125E-1,-1.798542339E2
1.526199862E0,7.041244653E-4,-6.436283700E-3,2.796638310E-1,9.600761533E-1,1.799193133E2,3.248180527E1,7.306831614E-1,-1.798711905E2
1.531199862E0,1.164955446E-3,-6.309694145E-3,2.800896168E-1,9.599524140E-1,1.798665059E2,3.253226980E1,7.314919467E-1,-1.799256265E2
1.536199862E0,1.296900147E-3,-6.252553314E-3,2.805140615E-1,9.598286748E-1,1.798513861E2,3.258282998E1,7.294154521E-1,-1.799416536E2
1.541199862E0,1.752194129E-3,-6.090870593E-3,2.809314728E-1,9.597069025E-1,1.797992132E2,3.263230671E1,7.262660316E-1,-1.799966165E2
1.546199862E0,1.891197967E-3,-5.995250307E-3,2.813299894E-1,9.595904946E-1,1.797832845E2,3.267976891E1,7.202310314E-1,1.799853160E2
1.551199862E0,2.271577522E-3,-5.816478748E-3,2.816956043E-1,9.594835043E-1,1.797396962E2,3.272312970E1,7.128591125E-1,1.799379937E2
1.556199862E0,2.414341614E-3,-5.710169207E-3,2.820210159E-1,9.593881965E-1,1.797233366E2,3.276187378E1,7.058060572E-1,1.799191033E2
1.561199862E0,2.783306013E-3,-5.546252243E-3,2.823052108E-1,9.593045712E-1,1.796810562E2,3.279554687E1,6.997463330E-1,1.798734467E2
1.566199862E0,2.881382010E-3,-5.437029526E-3,2.825472653E-1,9.592336416E-1,1.796698175E2,3.282437559E1,6.909474962E-1,1.798593055E2
1.571199862E0,3.399403387E-3,-5.202578381E-3,2.827484012E-1,9.591739774E-1,1.796104563E2,3.284804492E1,6.819909995E-1,1.797949121E2
1.576199862E0,3.540787689E-3,-5.066408776E-3,2.828958929E-1,9.591307044E-1,1.795942548E2,3.286556114E1,6.716390890E-1,1.797750623E2
1.581199862E0,4.112190402E-3,-4.734995775E-3,2.828886509E-1,9.591322541E-1,1.795287764E2,3.286433043E1,6.537337227E-1,1.797015074E2
1.586199862E0,4.305822302E-3,-4.520888440E-3,2.828983665E-1,9.591295719E-1,1.795065876E2,3.286537346E1,6.364807236E-1,1.796732902E2
1.818207103E0,7.376215226E-3,1.486103982E-1,3.528504670E-1,9.237732887E-1,1.791547403E2,4.278143729E1,-1.562614090E1,1.729318191E2
1.823207103E0,5.643239570E-3,1.449653059E-1,3.559663892E-1,9.231690764E-1,1.793533289E2,4.308126463E1,-1.528600069E1,1.732353017E2
1.828207103E0,4.851075960E-3,1.426554918E-1,3.579204679E-1,9.227777719E-1,1.794441055E2,4.327377464E1,-1.505855327E1,1.733951459E2
1.833207103E0,4.429026657E-3,1.407584250E-1,3.595805764E-1,9.224257469E-1,1.794924693E2,4.344226862E1,-1.486208269E1,1.735010280E2
1.838207103E0,5.922736847E-3,1.397731453E-1,3.608900607E-1,9.220557213E-1,1.793213004E2,4.360659190E1,-1.468367544E1,1.733627709E2
1.843207103E0,5.638001665E-3,1.380970478E-1,3.622106314E-1,9.217922091E-1,1.793539292E2,4.373848600E1,-1.450765063E1,1.734499068E2
1.848207103E0,3.853952162E-3,1.358153075E-1,3.637286127E-1,9.215426445E-1,1.795583685E2,4.386749548E1,-1.433054734E1,1.737247981E2
1.853207103E0,3.533772701E-3,1.340380460E-1,3.652144670E-1,9.212164283E-1,1.795950586E2,4.401918755E1,-1.414489706E1,1.738183590E2
1.858207103E0,4.780110843E-3,1.325742453E-1,3.667233884E-1,9.208230972E-1,1.794522376E2,4.419713415E1,-1.392484197E1,1.737279145E2
1.863207103E0,3.715985678E-3,1.299359947E-1,3.685055375E-1,9.204925299E-1,1.795741784E2,4.436362075E1,-1.367837869E1,1.739382446E2
1.868207103E0,2.506591235E-3,1.270973086E-1,3.700788021E-1,9.202617407E-1,1.797127655E2,4.450017648E1,-1.341899016E1,1.741770202E2
1.873207103E0,1.360706267E-3,1.245372966E-1,3.710031807E-1,9.202419519E-1,1.798440745E2,4.456182334E1,-1.319107646E1,1.744056941E2
1.878207103E0,9.456149244E-4,1.225070879E-1,3.710883558E-1,9.204806089E-1,1.798916405E2,4.453514766E1,-1.299282203E1,1.745430737E2
1.883207103E0,NaN,NaN,NaN,NaN,NaN,NaN,NaN,NaN
1.888207103E0,2.125216367E-4,1.189680323E-1,3.695989847E-1,9.215438962E-1,1.799756468E2,4.428443388E1,-1.265684852E1,1.748057532E2
1.893207103E0,6.584565276E-4,-1.169454008E-1,-3.685000539E-1,-9.222424030E-1,1.799245464E2,4.410680448E1,-1.248531012E1,1.750070911E2
1.898207103E0,1.156251761E-3,-1.151394919E-1,-3.671923280E-1,-9.229904413E-1,1.798675033E2,4.391087959E1,-1.232134933E1,1.751604591E2
1.903207103E0,2.139415213E-3,-1.132042184E-1,-3.658655584E-1,-9.237546325E-1,1.797548409E2,4.370686542E1,-1.216404061E1,1.753715317E2
1.908207103E0,2.621260178E-3,-1.115662009E-1,-3.644161820E-1,-9.245252609E-1,1.796996254E2,4.349751065E1,-1.201700570E1,1.755160718E2
1.913207103E0,3.352590699E-3,-1.099918783E-1,-3.630266190E-1,-9.252579212E-1,1.796158207E2,4.329489918E1,-1.188663166E1,1.756832671E2
1.918207103E0,4.233708492E-3,-1.085694879E-1,-3.616260290E-1,-9.259704947E-1,1.795148513E2,4.309227503E1,-1.177835963E1,1.758594820E2
1.923207103E0,4.489438605E-3,-1.074750051E-1,-3.602217436E-1,-9.266440868E-1,1.794855465E2,4.290000595E1,-1.167830756E1,1.759532570E2
1.928207103E0,4.504412128E-3,-1.064215824E-1,-3.589333296E-1,-9.272653461E-1,1.794838306E2,4.272536454E1,-1.157179365E1,1.760173346E2
1.933207103E0,4.925365605E-3,-1.051077172E-1,-3.578427732E-1,-9.278343916E-1,1.794355924E2,4.256864952E1,-1.145335615E1,1.761337887E2
1.938207103E0,5.575022638E-3,-1.035953909E-1,-3.568732738E-1,-9.283740520E-1,1.793611462E2,4.242292050E1,-1.132241137E1,1.762816684E2
1.943207103E0,6.206748076E-3,-1.020649523E-1,-3.558577597E-1,-9.289292097E-1,1.792887545E2,4.227199909E1,-1.118862924E1,1.764285083E2
1.948207103E0,6.497751903E-3,-1.007656902E-1,-3.547433019E-1,-9.294951558E-1,1.792554072E2,4.211516631E1,-1.106558479E1,1.765292964E2
1.953207103E0,7.042480594E-3,-9.943862259E-2,-3.537380993E-1,-9.300170541E-1,1.791929845E2,4.196977351E1,-1.094937706E1,1.766570282E2
1.958207103E0,7.418070942E-3,-9.819716215E-2,-3.529220223E-1,-9.304559827E-1,1.791499439E2,4.185079544E1,-1.083447209E1,1.767602074E2
1.963207103E0,8.033420295E-3,-9.685718268E-2,-3.523468077E-1,-9.308092594E-1,1.790794279E2,4.175889477E1,-1.071782050E1,1.768904187E2
1.968207103E0,8.299276069E-3,-9.564176202E-2,-3.518936038E-1,-9.311040044E-1,1.790489621E2,4.168692046E1,-1.059967526E1,1.769758604E2
1.973207103E0,8.897436547E-3,-9.433349222E-2,-3.515706062E-1,-9.313539267E-1,1.789804154E2,4.162755488E1,-1.048463800E1,1.770995207E2
1.978207103E0,9.410461396E-3,-9.305319190E-2,-3.513257504E-1,-9.315700531E-1,1.789216246E2,4.157925981E1,-1.036879341E1,1.772117262E2
1.983207103E0,9.990659998E-3,-9.177809209E-2,-3.511622250E-1,-9.317521453E-1,1.788551356E2,4.154087444E1,-1.025593945E1,1.773299282E2
1.988207103E0,9.963123267E-3,-9.075162560E-2,-3.509694636E-1,-9.319255948E-1,1.788582913E2,4.150672807E1,-1.014506580E1,1.773721146E2
1.993207103E0,1.061723306E-2,-8.943256736E-2,-3.508577049E-1,-9.320879579E-1,1.787833319E2,4.147428524E1,-1.003026278E1,1.774993526E2
1.998207103E0,1.081480403E-2,-8.827092499E-2,-3.507024050E-1,-9.322548509E-1,1.787606906E2,4.144202729E1,-9.913869061E0,1.775709507E2
2.003207103E0,1.157389802E-2,-8.694130182E-2,-3.505480587E-1,-9.324287176E-1,1.786736994E2,4.140403597E1,-9.802212333E0,1.777102057E2
2.008207103E0,1.195308687E-2,-8.583134413E-2,-3.502769470E-1,-9.326286316E-1,1.786302445E2,4.135702853E1,-9.698950234E0,1.778003033E2
2.013207103E0,1.260897096E-2,-8.470586687E-2,-3.499616385E-1,-9.328412414E-1,1.785550801E2,4.130249867E1,-9.605277408E0,1.779213243E2
2.018207103E0,1.296342828E-2,-8.374781162E-2,-3.495467603E-1,-9.330784082E-1,1.785144589E2,4.123978371E1,-9.517520698E0,1.780036823E2
2.023207103E0,1.356240495E-2,-8.273892105E-2,-3.490999639E-1,-9.333271384E-1,1.784458152E2,4.117100070E1,-9.434165755E0,1.781148045E2
2.028207103E0,1.377154670E-2,-8.192718029E-2,-3.485735953E-1,-9.335923791E-1,1.784218471E2,4.109730423E1,-9.356330774E0,1.781762730E2
2.033207103E0,1.427332569E-2,-8.108144253E-2,-3.480450511E-1,-9.338558316E-1,1.783643418E2,4.102098388E1,-9.286557036E0,1.782707202E2
2.038207103E0,1.458231461E-2,-8.036278933E-2,-3.474958241E-1,-9.341176748E-1,1.783289306E2,4.094480536E1,-9.222637444E0,1.783391677E2
2.043207103E0,1.497772714E-2,-7.967507839E-2,-3.469446599E-1,-9.343751669E-1,1.782836147E2,4.086812874E1,-9.165438965E0,1.784156235E2
2.048207103E0,1.527852867E-2,-7.910793275E-2,-3.463873863E-1,-9.346252084E-1,1.782491415E2,4.079250825E1,-9.117353026E0,1.784768756E2
2.053207103E0,1.547402732E-2,-7.863350958E-2,-3.458251953E-1,-9.348701835E-1,1.782267363E2,4.071789806E1,-9.074979833E0,1.785229149E2
2.058207103E0,1.547570757E-2,-7.825016230E-2,-3.452647626E-1,-9.351094365E-1,1.782265437E2,4.064572835E1,-9.034627718E0,1.785441703E2
2.063207103E0,1.559811655E-2,-7.785131782E-2,-3.447458446E-1,-9.353321195E-1,1.782125150E2,4.057771019E1,-8.997330558E0,1.785786784E2
2.068207103E0,1.556247191E-2,-7.749472558E-2,-3.442466557E-1,-9.355461597E-1,1.782166001E2,4.051366310E1,-8.958233982E0,1.785941039E2
2.073207103E0,1.573598617E-2,-7.703578472E-2,-3.438278139E-1,-9.357351661E-1,1.781967144E2,4.045723011E1,-8.916281536E0,1.786355203E2
2.078207103E0,1.578811647E-2,-7.665555179E-2,-3.434647322E-1,-9.358988404E-1,1.781907400E2,4.040920605E1,-8.877882912E0,1.786600183E2
2.083207103E0,1.587579011E-2,-7.625857741E-2,-3.431521058E-1,-9.360444546E-1,1.781806920E2,4.036704498E1,-8.838999541E0,1.786885281E2
2.088207103E0,1.557549232E-2,-7.605092973E-2,-3.428980410E-1,-9.361594915E-1,1.782151079E2,4.033636201E1,-8.805065871E0,1.786667588E2
2.093207103E0,1.554914782E-2,-7.576306909E-2,-3.426960111E-1,-9.362572432E-1,1.782181271E2,4.030950442E1,-8.773265441E0,1.786774123E2
2.098207103E0,1.534700223E-2,-7.542337477E-2,-3.425321579E-1,-9.363479614E-1,1.782412940E2,4.028823150E1,-8.728861310E0,1.786707168E2
2.103207103E0,1.523963935E-2,-7.520855963E-2,-3.424011767E-1,-9.364148974E-1,1.782535984E2,4.027126787E1,-8.701631767E0,1.786689495E2
2.108207103E0,1.544358126E-2,-7.475223392E-2,-3.422283232E-1,-9.365112782E-1,1.782302256E2,4.024514222E1,-8.660718522E0,1.787110233E2
2.113207103E0,1.573202337E-2,-7.409524918E-2,-3.420874178E-1,-9.366101623E-1,1.781971685E2,4.022092642E1,-8.601439285E0,1.787699946E2
2.118207103E0,1.543209196E-2,-7.386381924E-2,-3.418579400E-1,-9.367172122E-1,1.782315423E2,4.019312194E1,-8.564934487E0,1.787488841E2
2.123207103E0,1.562190567E-2,-7.324731350E-2,-3.415932953E-1,-9.368590117E-1,1.782097887E2,4.015477321E1,-8.506261169E0,1.787966108E2
2.128207103E0,1.603504339E-2,-7.239612937E-2,-3.413741291E-1,-9.369980693E-1,1.781624406E2,4.011888324E1,-8.430983193E0,1.788774791E2
2.133207103E0,1.616212117E-2,-7.188858837E-2,-3.410912752E-1,-9.371379614E-1,1.781478767E2,4.007967245E1,-8.381556089E0,1.789141067E2
2.138207103E0,1.601267999E-2,-7.146664709E-2,-3.406890333E-1,-9.373190999E-1,1.781650036E2,4.002832826E1,-8.330608015E0,1.789183631E2
2.143207103E0,1.657104319E-2,-7.057838142E-2,-3.403847218E-1,-9.374872446E-1,1.781010114E2,3.998104751E1,-8.257011281E0,1.790170338E2
2.148207103E0,1.691303381E-2,-6.983740628E-2,-3.400411606E-1,-9.376612902E-1,1.780618167E2,3.993156648E1,-8.190795197E0,1.790866438E2
2.153207103E0,1.747027330E-2,-6.904932112E-2,-3.396837413E-1,-9.378389716E-1,1.779979523E2,3.987876085E1,-8.127883799E0,1.791815164E2
2.158207103E0,1.774871592E-2,-6.839635223E-2,-3.393201530E-1,-9.380131960E-1,1.779660402E2,3.982806784E1,-8.068583282E0,1.792407724E2
2.163207103E0,1.819156953E-2,-6.775855273E-2,-3.389703333E-1,-9.381774664E-1,1.779152847E2,3.977817054E1,-8.017288505E0,1.793170793E2
2.168207103E0,1.842790612E-2,-6.723213941E-2,-3.385775983E-1,-9.383525252E-1,1.778881980E2,3.972515403E1,-7.969934579E0,1.793668930E2
2.173207103E0,1.870814669E-2,-6.665633619E-2,-3.381645083E-1,-9.385370016E-1,1.778560792E2,3.966912406E1,-7.918926789E0,1.794235386E2
2.178207103E0,1.897329389E-2,-6.602276117E-2,-3.377660513E-1,-9.387199283E-1,1.778256902E2,3.961472751E1,-7.861031032E0,1.794806377E2
2.183207103E0,1.921742422E-2,-6.536458433E-2,-3.373838663E-1,-9.388984442E-1,1.777977098E2,3.956241190E1,-7.799603188E0,1.795362214E2
2.188207103E0,1.944287294E-2,-6.472895294E-2,-3.370314837E-1,-9.390643835E-1,1.777718705E2,3.951409374E1,-7.739828829E0,1.795885791E2
2.193207103E0,1.941783457E-2,-6.432240456E-2,-3.367111683E-1,-9.392077327E-1,1.777747402E2,3.947267715E1,-7.695051903E0,1.796044525E2
2.198207103E0,1.900408320E-2,-6.422137469E-2,-3.364029229E-1,-9.393335581E-1,1.778221614E2,3.943695649E1,-7.668228241E0,1.795660433E2
2.203207103E0,1.910761540E-2,-6.369114667E-2,-3.362155259E-1,-9.394346476E-1,1.778102953E2,3.941034706E1,-7.615000487E0,1.795995664E2
2.208207103E0,1.936005958E-2,-6.308402866E-2,-3.360763490E-1,-9.395202398E-1,1.777813620E2,3.938833732E1,-7.559190865E0,1.796518359E2
2.213207103E0,1.937438410E-2,-6.275719404E-2,-3.358882070E-1,-9.396091104E-1,1.777797202E2,3.936340833E1,-7.524476252E0,1.796676797E2
2.218207103E0,1.915522577E-2,-6.264933944E-2,-3.357191086E-1,-9.396812320E-1,1.778048386E2,3.934347075E1,-7.504402210E0,1.796494651E2
2.223207103E0,1.923756956E-2,-6.227137893E-2,-3.355990052E-1,-9.397475719E-1,1.777954009E2,3.932619543E1,-7.466759228E0,1.796741149E2
2.228207103E0,1.920178372E-2,-6.202357635E-2,-3.353519142E-1,-9.398528934E-1,1.777995024E2,3.929482225E1,-7.438665406E0,1.796818649E2
2.233207103E0,1.916769263E-2,-6.196410954E-2,-3.350628614E-1,-9.399605989E-1,1.778034097E2,3.925932258E1,-7.431016380E0,1.796827808E2
2.238207103E0,1.904819006E-2,-6.194789335E-2,-3.349301815E-1,-9.400113821E-1,1.778171062E2,3.924372779E1,-7.424699238E0,1.796714940E2
2.243207103E0,1.892553404E-2,-6.189626455E-2,-3.349495232E-1,-9.400103688E-1,1.778311641E2,3.924657177E1,-7.414378708E0,1.796600356E2
2.248207103E0,1.865001675E-2,-6.185090542E-2,-3.350614905E-1,-9.399789572E-1,1.778627416E2,3.926172442E1,-7.398804445E0,1.796310076E2
2.253207103E0,1.845936738E-2,-6.173521653E-2,-3.352080584E-1,-9.399380684E-1,1.778845922E2,3.928020825E1,-7.378878459E0,1.796136631E2
2.258207103E0,1.810672486E-2,-6.164785102E-2,-3.353329301E-1,-9.399061203E-1,1.779250088E2,3.929717255E1,-7.355765291E0,1.795778119E2
2.263207103E0,1.793124463E-2,-6.148974225E-2,-3.354378641E-1,-9.398823977E-1,1.779451206E2,3.931022599E1,-7.331845322E0,1.795641092E2
2.268207103E0,1.783966243E-2,-6.125458702E-2,-3.354972899E-1,-9.398782849E-1,1.779556168E2,3.931677920E1,-7.302854739E0,1.795628771E2
2.273207103E0,1.788150230E-2,-6.093585119E-2,-3.355046809E-1,-9.398955703E-1,1.779508216E2,3.931571100E1,-7.270005323E0,1.795797892E2
2.278207103E0,1.775282145E-2,-6.070368364E-2,-3.354300261E-1,-9.399396777E-1,1.779655696E2,3.930609878E1,-7.239967120E0,1.795754579E2
2.283207103E0,1.779275942E-2,-6.042123958E-2,-3.352956474E-1,-9.400050640E-1,1.779609924E2,3.928790404E1,-7.211029358E0,1.795918366E2
2.288207103E0,1.770137966E-2,-6.018543243E-2,-3.350721002E-1,-9.401016235E-1,1.779714654E2,3.925983856E1,-7.182102623E0,1.795928249E2
2.293207103E0,1.756695413E-2,-5.996884033E-2,-3.347986341E-1,-9.402154088E-1,1.779868718E2,3.922602896E1,-7.153617000E0,1.795887618E2
2.298207103E0,1.732764859E-2,-5.971620232E-2,-3.344239891E-1,-9.403692484E-1,1.780142984E2,3.918027746E1,-7.117243735E0,1.795754701E2
2.303207103E0,1.715014677E-2,-5.933876708E-2,-3.339881301E-1,-9.405512810E-1,1.780346416E2,3.912603047E1,-7.069787631E0,1.795741618E2
2.308207103E0,1.675704860E-2,-5.898728967E-2,-3.335236013E-1,-9.407452941E-1,1.780796938E2,3.906968899E1,-7.016881098E0,1.795486144E2
2.313207103E0,1.654899262E-2,-5.854034796E-2,-3.330801129E-1,-9.409340024E-1,1.781035386E2,3.901436024E1,-6.960756300E0,1.795466394E2
2.318207103E0,1.629237892E-2,-5.813496187E-2,-3.326581419E-1,-9.411128759E-1,1.781329483E2,3.896217657E1,-6.907264402E0,1.795375734E2
2.323207103E0,1.596928044E-2,-5.781359598E-2,-3.322592378E-1,-9.412791133E-1,1.781699775E2,3.891363431E1,-6.860323653E0,1.795178301E2
2.328207103E0,1.557559166E-2,-5.749342218E-2,-3.318636119E-1,-9.414448738E-1,1.782150965E2,3.886590273E1,-6.810833676E0,1.794903128E2
2.333207103E0,1.539772280E-2,-5.714141205E-2,-3.314836919E-1,-9.416030645E-1,1.782354812E2,3.881871271E1,-6.766146292E0,1.794873032E2
2.338207103E0,1.510203719E-2,-5.691076070E-2,-3.311112523E-1,-9.417528510E-1,1.782693682E2,3.877372358E1,-6.730110030E0,1.794667436E2
2.343207103E0,1.496497779E-2,-5.653005838E-2,-3.306975365E-1,-9.419233203E-1,1.782850759E2,3.872205886E1,-6.683904017E0,1.794694384E2
2.348207103E0,1.479344987E-2,-5.614892766E-2,-3.302285671E-1,-9.421133399E-1,1.783047337E2,3.866386106E1,-6.636372902E0,1.794687532E2
2.353207103E0,1.457469282E-2,-5.583886802E-2,-3.296732306E-1,-9.423296452E-1,1.783298041E2,3.859575977E1,-6.594801104E0,1.794607757E2
2.358207103E0,1.434204098E-2,-5.541627482E-2,-3.290131986E-1,-9.425888062E-1,1.783564668E2,3.851443014E1,-6.540584327E0,1.794562639E2
2.363207103E0,1.421340212E-2,-5.494038388E-2,-3.283091486E-1,-9.428640604E-1,1.783712092E2,3.842694521E1,-6.484556752E0,1.794653108E2
2.368207103E0,1.369904543E-2,-5.451543629E-2,-3.275373876E-1,-9.431647062E-1,1.784301559E2,3.833357434E1,-6.419547630E0,1.794308684E2
2.373207103E0,1.388344852E-2,-5.361297354E-2,-3.267747462E-1,-9.434782267E-1,1.784090229E2,3.823534980E1,-6.329085391E0,1.794903195E2
2.378207103E0,1.384963627E-2,-5.281228200E-2,-3.259776831E-1,-9.437995553E-1,1.784128978E2,3.813471299E1,-6.241405404E0,1.795222558E2
2.383207103E0,1.414585107E-2,-5.183904245E-2,-3.251160085E-1,-9.441462755E-1,1.783789508E2,3.802385922E1,-6.147326594E0,1.795968429E2
2.388207103E0,1.446923743E-2,-5.081720650E-2,-3.242066205E-1,-9.445095658E-1,1.783418897E2,3.790707176E1,-6.048871463E0,1.796763151E2
2.393207103E0,1.476976571E-2,-4.997232929E-2,-3.232656717E-1,-9.448724389E-1,1.783074480E2,3.778753583E1,-5.968637640E0,1.797466626E2
2.398207103E0,1.509687870E-2,-4.908471182E-2,-3.222881556E-1,-9.452476501E-1,1.782699594E2,3.766344045E1,-5.884619079E0,1.798215418E2
2.403207103E0,1.561123894E-2,-4.811313748E-2,-3.212969303E-1,-9.456266165E-1,1.782110111E2,3.753665011E1,-5.798244407E0,1.799198110E2
2.408207103E0,1.729804545E-2,-4.688530415E-2,-3.203237951E-1,-9.459890127E-1,1.780176911E2,3.740574614E1,-5.726957890E0,-1.798450685E2
2.413207103E0,1.740948223E-2,-4.633456469E-2,-3.192402124E-1,-9.463803172E-1,1.780049195E2,3.727173685E1,-5.670986153E0,-1.798060628E2
2.418207103E0,1.882766305E-2,-4.522840306E-2,-3.182021976E-1,-9.467561841E-1,1.778423813E2,3.713537245E1,-5.602282581E0,-1.796046666E2
2.423207103E0,1.914068645E-2,-4.453181475E-2,-3.171129227E-1,-9.471483231E-1,1.778065049E2,3.699961290E1,-5.537429089E0,-1.795386214E2
2.428207103E0,2.034613391E-2,-4.369509220E-2,-3.160892427E-1,-9.475042820E-1,1.776683439E2,3.686742373E1,-5.489593650E0,-1.793706863E2
2.433207103E0,2.042848181E-2,-4.323201999E-2,-3.150341213E-1,-9.478750825E-1,1.776589056E2,3.673788518E1,-5.441445954E0,-1.793387818E2
2.438207103E0,2.166340653E-2,-4.233269393E-2,-3.140793145E-1,-9.482050538E-1,1.775173623E2,3.661418399E1,-5.387332601E0,-1.791660104E2
2.443207103E0,2.170979219E-2,-4.211758822E-2,-3.131003082E-1,-9.485372901E-1,1.775120456E2,3.649488778E1,-5.364697853E0,-1.791476253E2
2.448207103E0,2.274936828E-2,-4.167782515E-2,-3.122157753E-1,-9.488238692E-1,1.773928895E2,3.638202720E1,-5.353209264E0,-1.790132924E2
2.453207103E0,2.293471842E-2,-4.163143039E-2,-3.113857210E-1,-9.490941763E-1,1.773716444E2,3.628063082E1,-5.353907305E0,-1.789866884E2
2.458207103E0,2.363321767E-2,-4.176930711E-2,-3.106721044E-1,-9.493048191E-1,1.772915806E2,3.619140758E1,-5.393074252E0,-1.789112430E2
2.463207103E0,2.366643168E-2,-4.203085601E-2,-3.100048006E-1,-9.495105743E-1,1.772877735E2,3.611111987E1,-5.422018682E0,-1.789131261E2
2.468207103E0,2.428473313E-2,-4.226312786E-2,-3.094609976E-1,-9.496620297E-1,1.772169010E2,3.604299153E1,-5.468686524E0,-1.788506673E2
2.473207103E0,2.396559505E-2,-4.274707660E-2,-3.089803755E-1,-9.498049617E-1,1.772534821E2,3.598744393E1,-5.509602107E0,-1.788999704E2
2.478207103E0,2.444499783E-2,-4.293112829E-2,-3.086494207E-1,-9.498920441E-1,1.771985305E2,3.594557458E1,-5.546280137E0,-1.788521360E2
2.483207103E0,2.392903852E-2,-4.340489954E-2,-3.083844483E-1,-9.499697089E-1,1.772576724E2,3.591706825E1,-5.579416964E0,-1.789238124E2
2.488207103E0,2.422053580E-2,-4.356421158E-2,-3.082641065E-1,-9.499940872E-1,1.772242596E2,3.590149241E1,-5.606979360E0,-1.788968575E2
2.493207103E0,2.353422449E-2,-4.395963252E-2,-3.081983030E-1,-9.500144720E-1,1.773029275E2,3.589776623E1,-5.625797382E0,-1.789855587E2
2.498207103E0,2.362299861E-2,-4.400023445E-2,-3.082340360E-1,-9.499987960E-1,1.772927519E2,3.590175680E1,-5.633407078E0,-1.789774976E2
2.503207103E0,2.285384824E-2,-4.420581833E-2,-3.082820773E-1,-9.499924779E-1,1.773809139E2,3.591177461E1,-5.628691194E0,-1.790692138E2
2.508207103E0,2.292260433E-2,-4.401633516E-2,-3.084138930E-1,-9.499568343E-1,1.773730329E2,3.592691008E1,-5.610572138E0,-1.790557562E2
2.513207103E0,2.214695283E-2,-4.400432855E-2,-3.085313737E-1,-9.499376416E-1,1.774619386E2,3.594479615E1,-5.581917141E0,-1.791408682E2
2.518207103E0,2.219897584E-2,-4.363139346E-2,-3.087002039E-1,-9.498987794E-1,1.774559758E2,3.596401842E1,-5.543213543E0,-1.791229334E2
2.523207103E0,2.145384398E-2,-4.342425615E-2,-3.088334203E-1,-9.498820901E-1,1.775413819E2,3.598311497E1,-5.494325794E0,-1.791978420E2
2.528207103E0,2.144099974E-2,-4.289626703E-2,-3.089799285E-1,-9.498587251E-1,1.775428541E2,3.599955084E1,-5.436382129E0,-1.791813336E2
2.533207103E0,2.079180153E-2,-4.249120504E-2,-3.090687096E-1,-9.498624802E-1,1.776172634E2,3.601226084E1,-5.369238516E0,-1.792384239E2
2.538207103E0,2.095255931E-2,-4.175532982E-2,-3.091586828E-1,-9.498623013E-1,1.775988379E2,3.602057964E1,-5.294727536E0,-1.791951983E2
2.543207103E0,2.045039519E-2,-4.118000343E-2,-3.091764450E-1,-9.498925805E-1,1.776563940E2,3.602358195E1,-5.214161237E0,-1.792297375E2
2.548207103E0,2.067905172E-2,-4.032938927E-2,-3.091671467E-1,-9.499271512E-1,1.776301863E2,3.601943479E1,-5.129466158E0,-1.791744629E2
2.553207103E0,2.031128453E-2,-3.966102377E-2,-3.090765178E-1,-9.499927163E-1,1.776723382E2,3.600854610E1,-5.043431142E0,-1.791904257E2
2.558207103E0,2.061662070E-2,-3.876436874E-2,-3.089393675E-1,-9.500677586E-1,1.776373419E2,3.598868662E1,-4.956312332E0,-1.791244963E2
2.563207103E0,2.038038217E-2,-3.805204853E-2,-3.087075055E-1,-9.501770139E-1,1.776644185E2,3.596015347E1,-4.870016751E0,-1.791238424E2
2.568207103E0,2.090884111E-2,-3.710808232E-2,-3.084290028E-1,-9.502933025E-1,1.776038487E2,3.592242950E1,-4.785457151E0,-1.790312206E2
2.573207103E0,2.077729286E-2,-3.640938550E-2,-3.080548048E-1,-9.504445791E-1,1.776189263E2,3.587643823E1,-4.704184490E0,-1.790190007E2
2.578207103E0,2.123989564E-2,-3.556659445E-2,-3.076392114E-1,-9.506008625E-1,1.775659042E2,3.582289259E1,-4.628096999E0,-1.789366164E2
2.583207103E0,2.114149582E-2,-3.497262299E-2,-3.071579933E-1,-9.507806897E-1,1.775771825E2,3.576417526E1,-4.559260042E0,-1.789240923E2
2.588207103E0,2.160410449E-2,-3.427398205E-2,-3.066807091E-1,-9.509497881E-1,1.775241594E2,3.570365340E1,-4.498718376E0,-1.788466433E2
2.593207103E0,2.146447851E-2,-3.384959325E-2,-3.061718047E-1,-9.511321187E-1,1.775401630E2,3.564213264E1,-4.446863087E0,-1.788445965E2
2.598207103E0,2.186582136E-2,-3.335409611E-2,-3.056777716E-1,-9.512993693E-1,1.774941617E2,3.558028806E1,-4.406219143E0,-1.787810235E2
2.603207103E0,2.160924413E-2,-3.318556398E-2,-3.051640689E-1,-9.514760375E-1,1.775235703E2,3.551905721E1,-4.378177324E0,-1.788008067E2
2.608207103E0,2.175424337E-2,-3.299067914E-2,-3.046818078E-1,-9.516340494E-1,1.775069507E2,3.546008754E1,-4.361345545E0,-1.787759144E2
2.613207103E0,2.136218096E-2,-3.301710635E-2,-3.042082787E-1,-9.517934918E-1,1.775518882E2,3.540449736E1,-4.349950131E0,-1.788175569E2
2.618207103E0,2.093600078E-2,-3.306077421E-2,-3.037531376E-1,-9.519467950E-1,1.776007357E2,3.535128292E1,-4.339314662E0,-1.788636276E2
2.623207103E0,2.047824629E-2,-3.311209008E-2,-3.033331037E-1,-9.520888925E-1,1.776532018E2,3.530243563E1,-4.328501733E0,-1.789135888E2
2.628207103E0,2.000512754E-2,-3.315305337E-2,-3.029505908E-1,-9.522193074E-1,1.777074283E2,3.525815703E1,-4.316108881E0,-1.789650509E2
2.633207103E0,1.951485161E-2,-3.318682685E-2,-3.025970161E-1,-9.523407221E-1,1.777636208E2,3.521742098E1,-4.302406222E0,-1.790182811E2
2.638207103E0,1.900993306E-2,-3.322019055E-2,-3.022878468E-1,-9.524479508E-1,1.778214909E2,3.518208978E1,-4.288234026E0,-1.790733092E2
2.643207103E0,1.848197769E-2,-3.326559812E-2,-3.020236194E-1,-9.525405765E-1,1.778820008E2,3.515227738E1,-4.274657335E0,-1.791314864E2
2.648207103E0,1.790799070E-2,-3.333394974E-2,-3.017915189E-1,-9.526227117E-1,1.779477857E2,3.512654287E1,-4.262055298E0,-1.791956479E2
2.653207103E0,1.730839356E-2,-3.341041505E-2,-3.015910685E-1,-9.526945949E-1,1.780165052E2,3.510472915E1,-4.249509764E0,-1.792630402E2
2.658207103E0,1.667348392E-2,-3.348257765E-2,-3.014186323E-1,-9.527579546E-1,1.780892709E2,3.508641049E1,-4.235320222E0,-1.793342784E2
2.663207103E0,1.600951975E-2,-3.353186324E-2,-3.012672961E-1,-9.528154731E-1,1.781653658E2,3.507069300E1,-4.217663142E0,-1.794080032E2
2.668207103E0,1.532800485E-2,-3.354907408E-2,-3.011316955E-1,-9.528689384E-1,1.782434712E2,3.505686457E1,-4.195923370E0,-1.794826130E2
2.673207103E0,1.464311090E-2,-3.351432458E-2,-3.009943962E-1,-9.529243112E-1,1.783219631E2,3.504272678E1,-4.168404301E0,-1.795557921E2
2.678207103E0,1.396440137E-2,-3.342116997E-2,-3.008580804E-1,-9.529808164E-1,1.783997455E2,3.502854556E1,-4.134732351E0,-1.796262838E2
2.683207103E0,1.332030405E-2,-3.325404972E-2,-3.007175326E-1,-9.530402422E-1,1.784735604E2,3.501355069E1,-4.094183870E0,-1.796904174E2
2.688207103E0,1.270550649E-2,-3.304568678E-2,-3.005706072E-1,-9.531022310E-1,1.785440170E2,3.499756803E1,-4.050152401E0,-1.797498991E2
2.693207103E0,1.211640888E-2,-3.281386942E-2,-3.004082143E-1,-9.531691074E-1,1.786115278E2,3.497955433E1,-4.004456850E0,-1.798057016E2
2.698207103E0,1.153872252E-2,-3.258002177E-2,-3.002428412E-1,-9.532364011E-1,1.786777305E2,3.496111052E1,-3.958951124E0,-1.798601840E2
2.703207103E0,1.096239562E-2,-3.234338388E-2,-3.000723422E-1,-9.533049464E-1,1.787437768E2,3.494201175E1,-3.913205761E0,-1.799144124E2
2.708207103E0,1.037493680E-2,-3.210645914E-2,-2.998925149E-1,-9.533761144E-1,1.788110985E2,3.492179983E1,-3.867065454E0,-1.799698246E2
2.713207103E0,9.747816565E-3,-3.188594058E-2,-2.996889651E-1,-9.534541368E-1,1.788829648E2,3.489887454E1,-3.821377889E0,1.799699367E2
2.718207103E0,9.082133039E-3,-3.167663515E-2,-2.994617522E-1,-9.535390735E-1,1.789592499E2,3.487322516E1,-3.775620170E0,1.799051676E2
2.723207103E0,8.390753754E-3,-3.146843240E-2,-2.992063463E-1,-9.536324739E-1,1.790384792E2,3.484423887E1,-3.729136721E0,1.798376397E2
2.728207103E0,7.651399732E-3,-3.126703948E-2,-2.989137173E-1,-9.537370801E-1,1.791232056E2,3.481091267E1,-3.681798241E0,1.797647474E2
2.733207103E0,6.883297754E-3,-3.106806800E-2,-2.985746562E-1,-9.538556337E-1,1.792112260E2,3.477206492E1,-3.633799662E0,1.796887763E2
2.738207103E0,6.095701178E-3,-3.088693134E-2,-2.981774509E-1,-9.539911151E-1,1.793014798E2,3.472629759E1,-3.587163303E0,1.796102476E2
2.743207103E0,5.304430816E-3,-3.073879145E-2,-2.977089882E-1,-9.541469216E-1,1.793921542E2,3.467202959E1,-3.544112858E0,1.795304163E2
2.748207103E0,4.485945366E-3,-3.067008778E-2,-2.971683145E-1,-9.543218613E-1,1.794859468E2,3.460935151E1,-3.508948724E0,1.794451137E2
2.753207103E0,3.621756601E-3,-3.071933612E-2,-2.965669930E-1,-9.545109868E-1,1.795849764E2,3.453983294E1,-3.485278298E0,1.793509613E2
2.758207103E0,2.677104279E-3,-3.091300651E-2,-2.959326804E-1,-9.547047019E-1,1.796932261E2,3.446700707E1,-3.474830974E0,1.792431618E2
2.763207103E0,1.642323698E-3,-3.120066226E-2,-2.952567637E-1,-9.549069405E-1,1.798118035E2,3.438976372E1,-3.471800281E0,1.791224241E2
2.768207103E0,5.644543569E-4,-3.157751635E-2,-2.945449054E-1,-9.551156163E-1,1.799353183E2,3.430866366E1,-3.477287848E0,1.789940592E2
2.773207103E0,6.087293005E-4,3.202613071E-2,2.937883139E-1,9.553336501E-1,1.799302448E2,3.422279233E1,-3.487662260E0,1.788529788E2
2.778207103E0,1.791474101E-3,3.253720328E-2,2.929793298E-1,9.555633068E-1,1.797947121E2,3.413097764E1,-3.504847443E0,1.787089405E2
2.783207103E0,3.043684060E-3,3.309412673E-2,2.921029031E-1,9.558092952E-1,1.796512190E2,3.403157260E1,-3.525066464E0,1.785560037E2
2.788207103E0,4.339471129E-3,3.369045258E-2,2.911589444E-1,9.560714364E-1,1.795027317E2,3.392449663E1,-3.548533509E0,1.783972356E2
2.793207103E0,5.642203204E-3,3.429702297E-2,2.901386917E-1,9.563531876E-1,1.793534477E2,3.380850180E1,-3.573338015E0,1.782376790E2
2.798207103E0,6.926453989E-3,3.485839441E-2,2.890456617E-1,9.566553831E-1,1.792062805E2,3.368371784E1,-3.594276268E0,1.780819733E2
2.803207103E0,8.124318759E-3,3.531001881E-2,2.878784239E-1,9.569813013E-1,1.790690114E2,3.354947101E1,-3.606539134E0,1.779397254E2
2.808207103E0,9.227081025E-3,3.563030437E-2,2.866387665E-1,9.573314786E-1,1.789426394E2,3.340581177E1,-3.608027324E0,1.778125772E2
2.813207103E0,1.021240338E-2,3.580593318E-2,2.853450775E-1,9.577013254E-1,1.788297244E2,3.325477199E1,-3.597941412E0,1.777033171E2
2.818207103E0,1.106532586E-2,3.581342101E-2,2.840108275E-1,9.580881000E-1,1.787319812E2,3.309777753E1,-3.574106626E0,1.776142663E2
2.823207103E0,1.177257943E-2,3.561949730E-2,2.826546729E-1,9.584878683E-1,1.786509306E2,3.293684484E1,-3.533180776E0,1.775478454E2
2.828207103E0,1.232700422E-2,3.520542383E-2,2.812925875E-1,9.588968158E-1,1.785873936E2,3.277377185E1,-3.473205207E0,1.775053186E2
2.833207103E0,1.273631059E-2,3.456972167E-2,2.799295187E-1,9.593133926E-1,1.785404869E2,3.260918878E1,-3.393656628E0,1.774857807E2
2.838207103E0,1.299854116E-2,3.370656073E-2,2.785665691E-1,9.597372413E-1,1.785104350E2,3.244324681E1,-3.293855643E0,1.774895402E2
2.843207103E0,1.313185960E-2,3.264470398E-2,2.772181928E-1,9.601624608E-1,1.784951565E2,3.227793131E1,-3.176251550E0,1.775135285E2
2.848207103E0,1.310417661E-2,3.139302135E-2,2.758977413E-1,9.605848193E-1,1.784983290E2,3.211488110E1,-3.042718253E0,1.775608770E2
2.853207103E0,1.295892184E-2,3.001766652E-2,2.746308446E-1,9.609937072E-1,1.785149754E2,3.195765716E1,-2.899013128E0,1.776245537E2
2.858207103E0,1.271101111E-2,2.852992527E-2,2.734057903E-1,9.613915682E-1,1.785433862E2,3.180503304E1,-2.745881576E0,1.777025663E2
2.863207103E0,1.240761159E-2,2.698936313E-2,2.722340822E-1,9.617724419E-1,1.785781560E2,3.165879849E1,-2.588340606E0,1.777877859E2
2.868207103E0,1.204009360E-2,2.539750002E-2,2.711477876E-1,9.621272683E-1,1.786202736E2,3.152280075E1,-2.426741396E0,1.778810447E2
2.873207103E0,1.164020578E-2,2.379653417E-2,2.701649368E-1,9.624495506E-1,1.786661005E2,3.139943260E1,-2.264711253E0,1.779775108E2
2.878207103E0,1.121939666E-2,2.220102027E-2,2.693026960E-1,9.627342820E-1,1.787143249E2,3.129080769E1,-2.103487670E0,1.780754846E2
2.883207103E0,1.090111889E-2,2.074592933E-2,2.687326372E-1,9.629296660E-1,1.787507990E2,3.121794605E1,-1.953865024E0,1.781568816E2
2.888207103E0,1.055148077E-2,1.932282001E-2,2.682897151E-1,9.630866647E-1,1.787908669E2,3.116055242E1,-1.808405672E0,1.782403131E2
2.893207103E0,1.018273654E-2,1.798565499E-2,2.679715753E-1,9.632050991E-1,1.788331242E2,3.111849407E1,-1.672723257E0,1.783228340E2
2.898207103E0,9.782345599E-3,1.677678898E-2,2.677715123E-1,9.632866979E-1,1.788790079E2,3.109102028E1,-1.551922665E0,1.784046042E2
2.903207103E0,9.393742341E-3,1.575733162E-2,2.676927447E-1,9.633296728E-1,1.789235406E2,3.107866150E1,-1.451442255E0,1.784790020E2
2.908207103E0,9.022713522E-3,1.494637597E-2,2.677393556E-1,9.633331895E-1,1.789660592E2,3.108187312E1,-1.373236805E0,1.785448448E2
2.913207103E0,8.674194261E-3,1.435332838E-2,2.679119408E-1,9.632974267E-1,1.790059981E2,3.110067919E1,-1.318217627E0,1.786013299E2
2.918207103E0,8.358611786E-3,1.396523044E-2,2.681986392E-1,9.632261395E-1,1.790421625E2,3.113359451E1,-1.284668323E0,1.786477336E2
2.923207103E0,8.069140902E-3,1.376155205E-2,2.685855031E-1,9.631237388E-1,1.790753345E2,3.117886980E1,-1.270560485E0,1.786854559E2
2.928207103E0,7.793780865E-3,1.370754652E-2,2.690539956E-1,9.629960060E-1,1.791068895E2,3.123419320E1,-1.272456465E0,1.787169015E2
2.933207103E0,7.499253804E-3,1.376397070E-2,2.695852220E-1,9.628489614E-1,1.791406408E2,3.129718997E1,-1.287078812E0,1.787469594E2
2.938207103E0,7.189715012E-3,1.392519195E-2,2.701467574E-1,9.626916051E-1,1.791761122E2,3.136398980E1,-1.313722517E0,1.787753662E2
2.943207103E0,6.830575751E-3,1.415358204E-2,2.707227767E-1,9.625290632E-1,1.792172676E2,3.143258957E1,-1.349330510E0,1.788071061E2
2.948207103E0,6.413900247E-3,1.443683263E-2,2.712899745E-1,9.623680115E-1,1.792650161E2,3.150017422E1,-1.392827876E0,1.788434540E2
2.953207103E0,5.951980866E-3,1.479684934E-2,2.718323767E-1,9.622124434E-1,1.793179492E2,3.156489058E1,-1.446272867E0,1.788823819E2
2.958207103E0,5.442668650E-3,1.519625075E-2,2.723327875E-1,9.620677233E-1,1.793763130E2,3.162460488E1,-1.505631945E0,1.789253098E2
2.963207103E0,4.812225396E-3,1.557151135E-2,2.727818787E-1,9.619378448E-1,1.794485575E2,3.167797038E1,-1.566219130E0,1.789823728E2
2.968207103E0,4.155661336E-3,1.602486148E-2,2.731875181E-1,9.618183374E-1,1.795237949E2,3.172623409E1,-1.636329867E0,1.790398841E2
2.973207103E0,3.721497858E-3,1.671728678E-2,2.735670805E-1,9.617004395E-1,1.795735468E2,3.177213864E1,-1.725888715E0,1.790653538E2
2.978207103E0,3.602757865E-3,1.760062203E-2,2.739337385E-1,9.615807533E-1,1.795871535E2,3.181737753E1,-1.826612654E0,1.790499971E2
2.983207103E0,3.729057412E-3,1.852456480E-2,2.742792964E-1,9.614644051E-1,1.795726805E2,3.186066288E1,-1.924114007E0,1.790063096E2
2.988207103E0,3.965564824E-3,1.935046725E-2,2.745956779E-1,9.613568783E-1,1.795455786E2,3.190056060E1,-2.007341726E0,1.789535511E2
2.993207103E0,4.183866322E-3,2.003566548E-2,2.748845220E-1,9.612593651E-1,1.795205628E2,3.193692601E1,-2.075637319E0,1.789072423E2
2.998207103E0,4.368758322E-3,2.058158070E-2,2.751554847E-1,9.611694813E-1,1.794993756E2,3.197084425E1,-2.129635810E0,1.788690146E2
3.003207103E0,4.526638561E-3,2.102659456E-2,2.754096091E-1,9.610863328E-1,1.794812837E2,3.200250943E1,-2.173371115E0,1.788369628E2
3.008207103E0,4.710930081E-3,2.140976861E-2,2.756628692E-1,9.610043764E-1,1.794601652E2,3.203400564E1,-2.209443409E0,1.788039369E2
3.013207103E0,4.923365982E-3,2.173059620E-2,2.759231627E-1,9.609214067E-1,1.794358215E2,3.206626926E1,-2.237731184E0,1.787697503E2
3.018207103E0,5.181588807E-3,2.198121324E-2,2.762023211E-1,9.608341455E-1,1.794062310E2,3.210071912E1,-2.256791996E0,1.787326874E2
3.023207103E0,5.445287175E-3,2.212602273E-2,2.765017152E-1,9.607432485E-1,1.793760130E2,3.213733740E1,-2.263978160E0,1.786983259E2
3.028207103E0,5.691569922E-3,2.217495628E-2,2.768101394E-1,9.606518745E-1,1.793477906E2,3.217475536E1,-2.261126428E0,1.786689092E2
3.033207103E0,5.926727937E-3,2.215547301E-2,2.771195471E-1,9.605616927E-1,1.793208430E2,3.221209005E1,-2.251075540E0,1.786428981E2
3.038207103E0,6.141560618E-3,2.209557220E-2,2.774291635E-1,9.604723454E-1,1.792962246E2,3.224930152E1,-2.237205229E0,1.786204214E2
3.043207103E0,6.349040406E-3,2.201393433E-2,2.777423859E-1,9.603823423E-1,1.792724487E2,3.228686965E1,-2.221156930E0,1.785994496E2
3.048207103E0,6.550186502E-3,2.191438526E-2,2.780601084E-1,9.602913260E-1,1.792493985E2,3.232491299E1,-2.203319185E0,1.785797482E2
3.053207103E0,6.734191737E-3,2.179415524E-2,2.783854604E-1,9.601985216E-1,1.792283126E2,3.236377658E1,-2.183728702E0,1.785625908E2
3.058207103E0,6.899035915E-3,2.165809087E-2,2.787205577E-1,9.601032138E-1,1.792094224E2,3.240372299E1,-2.162982440E0,1.785480419E2
3.063207103E0,7.039590804E-3,2.150813863E-2,2.790592015E-1,9.600071907E-1,1.791933157E2,3.244400897E1,-2.141470534E0,1.785366190E2
3.068207103E0,7.159093521E-3,2.134171128E-2,2.794013023E-1,9.599105120E-1,1.791796213E2,3.248462434E1,-2.118807892E0,1.785280502E2
3.073207103E0,7.256188616E-3,2.115513571E-2,2.797545195E-1,9.598110318E-1,1.791684947E2,3.252647275E1,-2.094625117E0,1.785225874E2
3.078207103E0,7.348950046E-3,2.096071467E-2,2.801176012E-1,9.597086906E-1,1.791578648E2,3.256947312E1,-2.069699744E0,1.785178503E2
3.083207103E0,7.417345491E-3,2.074689604E-2,2.804914713E-1,9.596036077E-1,1.791500270E2,3.261366953E1,-2.043405171E0,1.785164155E2
3.088207103E0,7.473326418E-3,2.050581016E-2,2.808789611E-1,9.594950080E-1,1.791436119E2,3.265940304E1,-2.014490281E0,1.785172184E2
3.093207103E0,7.485928190E-3,2.022027783E-2,2.812854648E-1,9.593818784E-1,1.791421678E2,3.270722130E1,-1.982059828E0,1.785242140E2
3.098207103E0,7.459548460E-3,1.988994144E-2,2.817135155E-1,9.592633843E-1,1.791451908E2,3.275744129E1,-1.945936718E0,1.785369309E2
3.103207103E0,7.407854979E-3,1.953393780E-2,2.821575105E-1,9.591405988E-1,1.791511146E2,3.280947489E1,-1.907799016E0,1.785532631E2
3.108207103E0,7.335573835E-3,1.917921565E-2,2.826173306E-1,9.590129256E-1,1.791593976E2,3.286339042E1,-1.870461356E0,1.785718203E2
3.113207103E0,7.276746432E-3,1.885207556E-2,2.830981314E-1,9.588780403E-1,1.791661389E2,3.291992753E1,-1.835705038E0,1.785879948E2
3.118207103E0,7.222345336E-3,1.855979487E-2,2.836032808E-1,9.587348700E-1,1.791723730E2,3.297948955E1,-1.804615986E0,1.786025342E2
3.123207103E0,7.192552300E-3,1.830422878E-2,2.841351330E-1,9.585825205E-1,1.791757871E2,3.304239159E1,-1.776735453E0,1.786131523E2
3.128207103E0,7.169850941E-3,1.808263175E-2,2.846940458E-1,9.584210515E-1,1.791783886E2,3.310863981E1,-1.752327807E0,1.786218604E2
3.133207103E0,7.168946613E-3,1.791160181E-2,2.852895260E-1,9.582471848E-1,1.791784922E2,3.317943270E1,-1.732718490E0,1.786264777E2
3.138207103E0,7.191830643E-3,1.779594459E-2,2.859196663E-1,9.580613375E-1,1.791758698E2,3.325455582E1,-1.718365580E0,1.786266245E2
3.143207103E0,7.235794891E-3,1.773021370E-2,2.865860760E-1,9.578630924E-1,1.791708317E2,3.333418496E1,-1.708749180E0,1.786227659E2
3.148207103E0,7.285366766E-3,1.771070436E-2,2.872839570E-1,9.576539993E-1,1.791651511E2,3.341771625E1,-1.703970725E0,1.786167227E2
3.153207103E0,7.351070952E-3,1.774520241E-2,2.880047858E-1,9.574363232E-1,1.791576217E2,3.350416733E1,-1.704543921E0,1.786070868E2
3.158207103E0,7.425699620E-3,1.784145460E-2,2.887393534E-1,9.572126865E-1,1.791490697E2,3.359244803E1,-1.711562019E0,1.785943963E2
3.163207103E0,7.526885298E-3,1.799495518E-2,2.894744873E-1,9.569869637E-1,1.791374743E2,3.368100125E1,-1.723957375E0,1.785768749E2
3.168207103E0,7.628760268E-3,1.819907129E-2,2.902027071E-1,9.567617178E-1,1.791258000E2,3.376888086E1,-1.741863800E0,1.785575821E2
3.173207103E0,7.747339492E-3,1.843857206E-2,2.909005880E-1,9.565442204E-1,1.791122114E2,3.385327061E1,-1.763109398E0,1.785353014E2
3.178207103E0,7.871012697E-3,1.870918833E-2,2.915639579E-1,9.563359618E-1,1.790980391E2,3.393364395E1,-1.787616491E0,1.785114511E2
3.183207103E0,7.992466506E-3,1.899939403E-2,2.921773493E-1,9.561420083E-1,1.790841211E2,3.400810656E1,-1.814390868E0,1.784872451E2
3.188207103E0,8.125036384E-3,1.929214969E-2,2.927517295E-1,9.559593201E-1,1.790689292E2,3.407794749E1,-1.841103233E0,1.784617738E2
3.193207103E0,8.257279166E-3,1.957575604E-2,2.932758033E-1,9.557917714E-1,1.790537748E2,3.414176037E1,-1.866876279E0,1.784367113E2
3.198207103E0,8.386931346E-3,1.983230747E-2,2.937494218E-1,9.556398988E-1,1.790389172E2,3.419946959E1,-1.889830039E0,1.784129163E2
3.203207103E0,8.515035729E-3,2.004472166E-2,2.941761911E-1,9.555030465E-1,1.790242370E2,3.425145507E1,-1.908058247E0,1.783908534E2
3.208207103E0,9.020560778E-3,2.033643425E-2,2.945435345E-1,9.553790689E-1,1.789663059E2,3.429718463E1,-1.922296629E0,1.783248630E2
3.213207103E0,9.138139732E-3,2.046722174E-2,2.948720753E-1,9.552738070E-1,1.789528317E2,3.433717122E1,-1.932061095E0,1.783068884E2
3.218207103E0,9.667398885E-3,2.069293149E-2,2.951486409E-1,9.551783204E-1,1.788921804E2,3.437190245E1,-1.938355911E0,1.782407014E2
3.223207103E0,9.760143922E-3,2.074735798E-2,2.953949273E-1,9.551000595E-1,1.788815521E2,3.440177035E1,-1.940716238E0,1.782281956E2
3.228207103E0,1.027703696E-2,2.090800181E-2,2.955947518E-1,9.550293088E-1,1.788223176E2,3.442710156E1,-1.940396400E0,1.781657239E2
3.233207103E0,1.035497946E-2,2.091079205E-2,2.957735658E-1,9.549730420E-1,1.788133856E2,3.444869739E1,-1.937713097E0,1.781567310E2
3.238207103E0,1.089238588E-2,2.102713659E-2,2.959124446E-1,9.549214840E-1,1.787517998E2,3.446662290E1,-1.931929624E0,1.780936447E2
3.243207103E0,1.094644114E-2,2.095483802E-2,2.960417271E-1,9.548823833E-1,1.787456052E2,3.448200015E1,-1.921923605E0,1.780899269E2
3.248207103E0,1.136137070E-2,2.096036263E-2,2.961383462E-1,9.548474550E-1,1.786980548E2,3.449429881E1,-1.908234764E0,1.780441144E2
3.253207103E0,1.140519721E-2,2.083438821E-2,2.962216437E-1,9.548238516E-1,1.786930323E2,3.450396699E1,-1.892790000E0,1.780434427E2
3.258207103E0,1.191555566E-2,2.085348591E-2,2.962657213E-1,9.548035264E-1,1.786345456E2,3.451014851E1,-1.877438645E0,1.779868290E2
3.263207103E0,1.195353726E-2,2.073320374E-2,2.962916493E-1,9.547976255E-1,1.786301929E2,3.451293425E1,-1.862931560E0,1.779867199E2
3.268207103E0,1.246032006E-2,2.077915706E-2,2.962846458E-1,9.547923207E-1,1.785721155E2,3.451305510E1,-1.850743808E0,1.779296838E2
3.273207103E0,1.251894286E-2,2.072090283E-2,2.962668538E-1,9.547983408E-1,1.785653973E2,3.451082302E1,-1.842415294E0,1.779252858E2
3.278207103E0,1.307024280E-2,2.084255591E-2,2.962281704E-1,9.548003078E-1,1.785022179E2,3.450745776E1,-1.837069003E0,1.778608560E2
3.283207103E0,1.322255049E-2,2.091363072E-2,2.961914241E-1,9.548080564E-1,1.784847632E2,3.450352733E1,-1.839750950E0,1.778418290E2
3.288207103E0,1.381184695E-2,2.111059427E-2,2.961344123E-1,9.548130631E-1,1.784172286E2,3.449829010E1,-1.841403177E0,1.777707063E2
3.293207103E0,1.394032633E-2,2.115543373E-2,2.960667610E-1,9.548311830E-1,1.784025045E2,3.449053043E1,-1.842101692E0,1.777552418E2
3.298207103E0,1.440846421E-2,2.128755301E-2,2.959820032E-1,9.548475742E-1,1.783488545E2,3.448156319E1,-1.840854488E0,1.776996467E2
3.303207103E0,1.452547090E-2,2.127618529E-2,2.959055603E-1,9.548697472E-1,1.783354451E2,3.447253661E1,-1.835820847E0,1.776873694E2
3.308207103E0,1.508576578E-2,2.136005089E-2,2.958112657E-1,9.548884034E-1,1.782712330E2,3.446240561E1,-1.826202547E0,1.776233430E2
3.313207103E0,1.515468605E-2,2.126196399E-2,2.957201302E-1,9.549177289E-1,1.782633344E2,3.445122915E1,-1.813356682E0,1.776193090E2
3.318207103E0,1.558231888E-2,2.127098665E-2,2.955986857E-1,9.549482465E-1,1.782143255E2,3.443735849E1,-1.800137449E0,1.775724038E2
3.323207103E0,1.562820322E-2,2.116011828E-2,2.954661250E-1,9.549909830E-1,1.782090669E2,3.442112651E1,-1.786785472E0,1.775713994E2
3.328207103E0,1.601172750E-2,2.118083090E-2,2.953011096E-1,9.550352097E-1,1.781651128E2,3.440199610E1,-1.776471929E0,1.775290014E2
3.333207103E0,1.610413374E-2,2.115674689E-2,2.951136529E-1,9.550921321E-1,1.781545224E2,3.437956353E1,-1.771190667E0,1.775200473E2
3.338207103E0,1.664581112E-2,2.130785398E-2,2.948988378E-1,9.551458359E-1,1.780924425E2,3.435518183E1,-1.769950754E0,1.774559848E2
3.343207103E0,1.679021864E-2,2.136171050E-2,2.946787477E-1,9.552100301E-1,1.780758923E2,3.432920608E1,-1.771546847E0,1.774387469E2
3.348207103E0,1.733801375E-2,2.156209759E-2,2.944453061E-1,9.552677274E-1,1.780131104E2,3.430280427E1,-1.775591537E0,1.773723758E2
3.353207103E0,1.747384540E-2,2.165863290E-2,2.942231894E-1,9.553315043E-1,1.779975429E2,3.427674507E1,-1.782181966E0,1.773546366E2
3.358207103E0,1.785653395E-2,2.182536945E-2,2.939890325E-1,9.553927183E-1,1.779536832E2,3.424989990E1,-1.788167705E0,1.773074986E2
3.363207103E0,1.785310021E-2,2.189194411E-2,2.937717140E-1,9.554581046E-1,1.779540767E2,3.422409587E1,-1.796184519E0,1.773060290E2
3.368207103E0,1.833498489E-2,2.224658802E-2,2.935675979E-1,9.555035233E-1,1.778988478E2,3.420176743E1,-1.819347689E0,1.772416153E2
3.373207103E0,1.860076341E-2,2.266665734E-2,2.933760881E-1,9.555473328E-1,1.778683866E2,3.418090776E1,-1.856942638E0,1.771986562E2
3.378207103E0,1.932238102E-2,2.331838943E-2,2.931827903E-1,9.555766582E-1,1.777856804E2,3.416157698E1,-1.904578149E0,1.770979254E2
3.383207103E0,1.976234159E-2,2.393587492E-2,2.930142879E-1,9.556040764E-1,1.777352550E2,3.414471289E1,-1.957899487E0,1.770291828E2
3.388207103E0,2.055580255E-2,2.469048649E-2,2.928443551E-1,9.556202292E-1,1.776443126E2,3.412898015E1,-2.014370493E0,1.769170737E2
3.393207103E0,2.099277197E-2,2.533332072E-2,2.926973403E-1,9.556389451E-1,1.775942288E2,3.411500069E1,-2.070544789E0,1.768477773E2
3.398207103E0,2.173087203E-2,2.604512125E-2,2.925544977E-1,9.556470513E-1,1.775096295E2,3.410248552E1,-2.124152212E0,1.767431379E2
3.403207103E0,2.207259495E-2,2.660953812E-2,2.924235761E-1,9.556637406E-1,1.774704615E2,3.409008348E1,-2.174922734E0,1.766869105E2
3.408207103E0,2.271911753E-2,2.724837698E-2,2.922809124E-1,9.556742311E-1,1.773963569E2,3.407728851E1,-2.223658183E0,1.765947846E2
3.413207103E0,2.302988424E-2,2.775911242E-2,2.921434045E-1,9.556941390E-1,1.773607363E2,3.406392122E1,-2.269643020E0,1.765437923E2
3.418207103E0,2.372887060E-2,2.836742066E-2,2.919609249E-1,9.557149410E-1,1.772806165E2,3.404649074E1,-2.313460345E0,1.764470501E2
3.423207103E0,2.405324292E-2,2.882422693E-2,2.917598188E-1,9.557545781E-1,1.772434355E2,3.402538364E1,-2.353354362E0,1.763965563E2
3.428207103E0,2.470269881E-2,2.932392806E-2,2.915148735E-1,9.557975531E-1,1.771689913E2,3.399997003E1,-2.387235705E0,1.763090808E2
3.433207103E0,2.501023327E-2,2.965675294E-2,2.912473083E-1,9.558608532E-1,1.771337395E2,3.397031361E1,-2.414421376E0,1.762648020E2
3.438207103E0,2.562359656E-2,3.001286834E-2,2.909257114E-1,9.559314251E-1,1.770634307E2,3.393498783E1,-2.434161958E0,1.761863365E2
3.443207103E0,2.594177424E-2,3.021320328E-2,2.905918062E-1,9.560180902E-1,1.770269581E2,3.389675328E1,-2.446803812E0,1.761455383E2
3.448207103E0,2.660787063E-2,3.044977784E-2,2.902101278E-1,9.561082125E-1,1.769506027E2,3.385375770E1,-2.452023328E0,1.760654725E2
3.453207103E0,2.690110468E-2,3.050651588E-2,2.898117900E-1,9.562190175E-1,1.769169886E2,3.380699407E1,-2.450101498E0,1.760324062E2
3.458207103E0,2.750146357E-2,3.058913723E-2,2.893804014E-1,9.563299417E-1,1.768481670E2,3.375707993E1,-2.440956775E0,1.759648420E2
3.463207103E0,2.771206736E-2,3.047534078E-2,2.889492512E-1,9.564578533E-1,1.768240244E2,3.370526584E1,-2.423302326E0,1.759466266E2
3.468207103E0,2.817511923E-2,3.037167899E-2,2.885036469E-1,9.565821290E-1,1.767709418E2,3.365231119E1,-2.398457832E0,1.759003736E2
3.473207103E0,2.813540566E-2,2.999908105E-2,2.880490720E-1,9.567320347E-1,1.767754945E2,3.359571756E1,-2.360876478E0,1.759182967E2
3.478207103E0,2.828819045E-2,2.962053567E-2,2.875791192E-1,9.568806887E-1,1.767579797E2,3.353766591E1,-2.316322993E0,1.759152740E2
3.483207103E0,2.819614861E-2,2.925845981E-2,2.871510684E-1,9.570230842E-1,1.767685311E2,3.348424650E1,-2.281486802E0,1.759384498E2
3.488207103E0,2.846991527E-2,2.904538065E-2,2.867510617E-1,9.571413994E-1,1.767371471E2,3.343575153E1,-2.250785555E0,1.759163967E2
3.493207103E0,2.843437611E-2,2.874431387E-2,2.863887548E-1,9.572600126E-1,1.767412213E2,3.339067752E1,-2.220480389E0,1.759311269E2
3.498207103E0,2.878741954E-2,2.861895598E-2,2.860394716E-1,9.573576450E-1,1.767007489E2,3.334889175E1,-2.196597964E0,1.758972921E2
3.503207103E0,2.883949774E-2,2.844249643E-2,2.857346535E-1,9.574523568E-1,1.766947787E2,3.331156349E1,-2.176834097E0,1.758980998E2
3.508207103E0,2.923757239E-2,2.842651308E-2,2.854717672E-1,9.575191736E-1,1.766491435E2,3.328079653E1,-2.163134994E0,1.758554770E2
3.513207103E0,2.931922808E-2,2.838496305E-2,2.852715254E-1,9.575775862E-1,1.766397824E2,3.325677879E1,-2.156763030E0,1.758483253E2
3.518207103E0,2.972154366E-2,2.849618345E-2,2.851299345E-1,9.576040506E-1,1.765936603E2,3.324123196E1,-2.156384085E0,1.758007567E2
3.523207103E0,2.983485996E-2,2.861797810E-2,2.850750685E-1,9.576132298E-1,1.765806695E2,3.323557276E1,-2.166271292E0,1.757844082E2
3.528207103E0,3.024189490E-2,2.886613086E-2,2.850614190E-1,9.575970769E-1,1.765340057E2,3.323612194E1,-2.180209391E0,1.757315152E2
3.533207103E0,3.035548382E-2,2.908755280E-2,2.851033211E-1,9.575743079E-1,1.765209834E2,3.324261536E1,-2.200589372E0,1.757116294E2
3.538207103E0,3.089576613E-2,2.954943478E-2,2.851765454E-1,9.575210810E-1,1.764590425E2,3.325508839E1,-2.233205329E0,1.756368308E2
3.543207103E0,3.122542209E-2,3.001720272E-2,2.852774858E-1,9.574657679E-1,1.764212485E2,3.327055263E1,-2.273237360E0,1.755849116E2
3.548207103E0,3.182655405E-2,3.056734800E-2,2.853752673E-1,9.573994279E-1,1.763523296E2,3.328673122E1,-2.313389856E0,1.755004240E2
3.553207103E0,3.210295345E-2,3.099926561E-2,2.854850590E-1,9.573435783E-1,1.763206403E2,3.330303835E1,-2.351165797E0,1.754554931E2
3.558207103E0,3.259158970E-2,3.145430982E-2,2.855717838E-1,9.572863579E-1,1.762646174E2,3.331721243E1,-2.384598812E0,1.753865136E2
3.563207103E0,3.261284878E-2,3.168618307E-2,2.856182456E-1,9.572641253E-1,1.762621800E2,3.332424968E1,-2.409105992E0,1.753763838E2
3.568207103E0,3.297827357E-2,3.212780133E-2,2.856128514E-1,9.572384953E-1,1.762202829E2,3.332714029E1,-2.445547613E0,1.753216070E2
3.573207103E0,3.327754626E-2,3.262292966E-2,2.855845392E-1,9.572198391E-1,1.761859699E2,3.332753412E1,-2.490143698E0,1.752723827E2
3.578207103E0,3.393517172E-2,3.323467448E-2,2.855061293E-1,9.571990967E-1,1.761105690E2,3.332353592E1,-2.535994409E0,1.751800316E2
3.583207103E0,3.436907300E-2,3.374538571E-2,2.853980958E-1,9.571979642E-1,1.760608186E2,3.331492693E1,-2.578280196E0,1.751156978E2
3.588207103E0,3.499796292E-2,3.423456848E-2,2.852457762E-1,9.572032094E-1,1.759887097E2,3.330138836E1,-2.612035813E0,1.750307632E2
3.593207103E0,3.530412620E-2,3.455243260E-2,2.850706577E-1,9.572327137E-1,1.759536043E2,3.328329126E1,-2.637746267E0,1.749870511E2
3.598207103E0,3.575888773E-2,3.484145552E-2,2.848826647E-1,9.572613239E-1,1.759014595E2,3.326383111E1,-2.655497359E0,1.749279965E2
3.603207103E0,3.588890432E-2,3.501208127E-2,2.846951187E-1,9.573060274E-1,1.758865512E2,3.324288170E1,-2.670936907E0,1.749085722E2
3.608207103E0,3.631939852E-2,3.528739512E-2,2.844972312E-1,9.573385119E-1,1.758371880E2,3.322213204E1,-2.688067991E0,1.748526753E2
3.613207103E0,3.646983156E-2,3.551133722E-2,2.843074501E-1,9.573808908E-1,1.758199382E2,3.320135704E1,-2.708719299E0,1.748292586E2
3.618207103E0,3.698887580E-2,3.589634597E-2,2.840903997E-1,9.574110508E-1,1.757604199E2,3.317934534E1,-2.735121527E0,1.747600602E2
3.623207103E0,3.724483079E-2,3.624081239E-2,2.838902175E-1,9.574475288E-1,1.757310694E2,3.315847238E1,-2.765621898E0,1.747210980E2
3.628207103E0,3.781793540E-2,3.672417626E-2,2.836867273E-1,9.574669600E-1,1.756653502E2,3.313900515E1,-2.801015827E0,1.746426782E2
3.633207103E0,3.817716087E-2,3.718752414E-2,2.835108042E-1,9.574869275E-1,1.756241562E2,3.312222307E1,-2.841078786E0,1.745883744E2
3.638207103E0,3.875220435E-2,3.773355857E-2,2.833438814E-1,9.574918747E-1,1.755582123E2,3.310772036E1,-2.883122746E0,1.745075756E2
3.643207103E0,3.908868837E-2,3.821583837E-2,2.831852436E-1,9.575060010E-1,1.755196248E2,3.309320113E1,-2.925940929E0,1.744551099E2
3.648207103E0,3.970015495E-2,3.881456703E-2,2.830063999E-1,9.575096369E-1,1.754495015E2,3.307791482E1,-2.972683918E0,1.743686089E2
3.653207103E0,4.002411109E-2,3.933264315E-2,2.828153670E-1,9.575314522E-1,1.754123493E2,3.305988899E1,-3.020061850E0,1.743164542E2
3.658207103E0,4.055456584E-2,3.990309313E-2,2.825709879E-1,9.575576782E-1,1.753515143E2,3.303650796E1,-3.066784875E0,1.742400229E2
3.663207103E0,4.082767209E-2,4.040261731E-2,2.822953165E-1,9.576064348E-1,1.753201927E2,3.300821414E1,-3.114338057E0,1.741943723E2
3.668207103E0,4.130255941E-2,4.091233760E-2,2.819562852E-1,9.576643109E-1,1.752657286E2,3.297304306E1,-3.156849129E0,1.741263974E2
3.673207103E0,4.142174052E-2,4.125326127E-2,2.815722227E-1,9.577575326E-1,1.752520598E2,3.293021710E1,-3.192730195E0,1.741033156E2
3.678207103E0,4.178573168E-2,4.168908298E-2,2.811433077E-1,9.578488469E-1,1.752103133E2,3.288351390E1,-3.231368267E0,1.740503278E2
3.683207103E0,4.194378902E-2,4.202938825E-2,2.807099223E-1,9.579541683E-1,1.751921854E2,3.283496355E1,-3.266274946E0,1.740232011E2
3.688207103E0,4.233657653E-2,4.236470535E-2,2.802346051E-1,9.580612779E-1,1.751471353E2,3.278207319E1,-3.293319311E0,1.739705489E2
3.693207103E0,4.228366812E-2,4.242563248E-2,2.797424197E-1,9.582047462E-1,1.751532035E2,3.272366590E1,-3.304808602E0,1.739760688E2
3.698207103E0,4.234026767E-2,4.240146279E-2,2.791885436E-1,9.583648443E-1,1.751467119E2,3.265752902E1,-3.303803896E0,1.739725239E2
3.703207103E0,4.220216081E-2,4.236054793E-2,2.786120474E-1,9.585404992E-1,1.751625519E2,3.258800195E1,-3.307375550E0,1.739910600E2
3.708207103E0,4.240132493E-2,4.241328686E-2,2.780356705E-1,9.586967230E-1,1.751397090E2,3.252024492E1,-3.310374597E0,1.739693684E2
3.713207103E0,4.227398351E-2,4.229028523E-2,2.774810791E-1,9.588684440E-1,1.751543143E2,3.245271786E1,-3.304427830E0,1.739893116E2
3.718207103E0,4.219443562E-2,4.201674834E-2,2.769320905E-1,9.590426683E-1,1.751634380E2,3.238479535E1,-3.280355009E0,1.740088343E2
3.723207103E0,4.176165718E-2,4.159604385E-2,2.763794065E-1,9.592393637E-1,1.752130745E2,3.231426235E1,-3.251389577E0,1.740720548E2
3.728207103E0,4.166077935E-2,4.137154669E-2,2.758466601E-1,9.594067931E-1,1.752246443E2,3.224866554E1,-3.233215539E0,1.740922253E2
3.733207103E0,4.142825886E-2,4.116530344E-2,2.753828466E-1,9.595589638E-1,1.752513122E2,3.219107599E1,-3.220791069E0,1.741260773E2
3.738207103E0,4.138799764E-2,4.096534848E-2,2.749739289E-1,9.596865177E-1,1.752559298E2,3.214064229E1,-3.202584614E0,1.741383163E2
3.743207103E0,4.098413938E-2,4.053976387E-2,2.746360600E-1,9.598186612E-1,1.753022478E2,3.209590054E1,-3.170658972E0,1.741976673E2
3.748207103E0,4.083003869E-2,4.020836949E-2,2.743342519E-1,9.599254727E-1,1.753199212E2,3.205692783E1,-3.140918691E0,1.742262907E2
3.753207103E0,4.049827698E-2,3.991882131E-2,2.741065025E-1,9.600166678E-1,1.753579698E2,3.202663586E1,-3.120942238E0,1.742729185E2
3.758207103E0,4.042387240E-2,3.976795822E-2,2.739640176E-1,9.600667357E-1,1.753665029E2,3.200829525E1,-3.107551300E0,1.742864193E2
3.763207103E0,4.012917675E-2,3.956180811E-2,2.739170790E-1,9.601010084E-1,1.754003000E2,3.200031899E1,-3.094475319E0,1.743256886E2
3.768207103E0,3.998089831E-2,3.936181217E-2,2.739197314E-1,9.601146579E-1,1.754173051E2,3.199871011E1,-3.077150416E0,1.743484411E2
3.773207103E0,3.959985433E-2,3.917557746E-2,2.739602029E-1,9.601265192E-1,1.754610041E2,3.200108950E1,-3.068478355E0,1.743963190E2
3.778207103E0,3.958902349E-2,3.925874457E-2,2.740225494E-1,9.601057768E-1,1.754622462E2,3.200911540E1,-3.077605589E0,1.743946553E2
3.783207103E0,3.946482400E-2,3.940089419E-2,2.741430402E-1,9.600706697E-1,1.754764896E2,3.202420545E1,-3.096468805E0,1.744034262E2
3.788207103E0,3.960447849E-2,3.963404149E-2,2.742910981E-1,9.600130320E-1,1.754604738E2,3.204399429E1,-3.116827771E0,1.743800732E2
3.793207103E0,3.945812362E-2,3.978043050E-2,2.744909823E-1,9.599558711E-1,1.754772580E2,3.206851954E1,-3.136396854E0,1.743908831E2
3.798207103E0,3.949164782E-2,3.999676183E-2,2.747156024E-1,9.598812461E-1,1.754734134E2,3.209702526E1,-3.157813206E0,1.743795123E2
3.803207103E0,3.935668733E-2,4.018647596E-2,2.749772668E-1,9.598039389E-1,1.754888907E2,3.212927864E1,-3.181429279E0,1.743874511E2
3.808207103E0,3.947477649E-2,4.047657177E-2,2.752407491E-1,9.597113729E-1,1.754753482E2,3.216323348E1,-3.208034738E0,1.743642256E2
3.813207103E0,3.941177175E-2,4.074211419E-2,2.755066156E-1,9.596264362E-1,1.754825736E2,3.219678406E1,-3.237674517E0,1.743617420E2
3.818207103E0,3.957595712E-2,4.110141471E-2,2.757517993E-1,9.595339298E-1,1.754637447E2,3.222925449E1,-3.270506899E0,1.743312278E2
3.823207103E0,3.959382113E-2,4.142990708E-2,2.759936452E-1,9.594495296E-1,1.754616960E2,3.226068698E1,-3.304619794E0,1.743178373E2
3.828207103E0,3.986379120E-2,4.181280360E-2,2.762048542E-1,9.593609571E-1,1.754307353E2,3.228964828E1,-3.336843969E0,1.742749690E2
3.833207103E0,3.984743394E-2,4.205842689E-2,2.764002681E-1,9.592946172E-1,1.754326112E2,3.231482932E1,-3.363197213E0,1.742681549E2
3.838207103E0,4.001916349E-2,4.227958992E-2,2.765619755E-1,9.592311382E-1,1.754129167E2,3.233636629E1,-3.381051601E0,1.742414949E2
3.843207103E0,3.994591460E-2,4.235054553E-2,2.766954303E-1,9.591925740E-1,1.754213171E2,3.235262432E1,-3.390390669E0,1.742468073E2
3.848207103E0,4.003213838E-2,4.240279645E-2,2.767737210E-1,9.591640830E-1,1.754114287E2,3.236263273E1,-3.392906777E0,1.742353307E2
3.853207103E0,3.995268318E-2,4.236298427E-2,2.767995596E-1,9.591616988E-1,1.754205409E2,3.236516244E1,-3.390917579E0,1.742452914E2
3.858207103E0,4.006659739E-2,4.234319553E-2,2.767714560E-1,9.591659307E-1,1.754074768E2,3.236199441E1,-3.385269022E0,1.742334687E2
3.863207103E0,3.996928316E-2,4.222951829E-2,2.767210901E-1,9.591895342E-1,1.754186372E2,3.235479987E1,-3.376189984E0,1.742480584E2
3.868207103E0,4.012626658E-2,4.217760637E-2,2.766449153E-1,9.592072368E-1,1.754006337E2,3.234577187E1,-3.365924213E0,1.742326930E2
3.873207103E0,4.006715876E-2,4.207008705E-2,2.765536904E-1,9.592407346E-1,1.754074124E2,3.233386920E1,-3.356543991E0,1.742430094E2
3.878207103E0,4.022729368E-2,4.203392565E-2,2.764255106E-1,9.592725635E-1,1.753890475E2,3.231877113E1,-3.348224254E0,1.742269643E2
3.883207103E0,4.022943934E-2,4.197194055E-2,2.762709558E-1,9.593197107E-1,1.753888015E2,3.229985780E1,-3.342271712E0,1.742292684E2
3.888207103E0,4.049403528E-2,4.202934355E-2,2.760719955E-1,9.593633413E-1,1.753584563E2,3.227736597E1,-3.341337133E0,1.741989194E2
3.893207103E0,4.063514307E-2,4.209074005E-2,2.758379877E-1,9.594219923E-1,1.753422732E2,3.225036611E1,-3.345001505E0,1.741821841E2
3.898207103E0,4.103084472E-2,4.225601628E-2,2.755570412E-1,9.594786167E-1,1.752968913E2,3.221935382E1,-3.352272182E0,1.741341759E2
3.903207103E0,4.131123356E-2,4.242835194E-2,2.752363086E-1,9.595510364E-1,1.752647338E2,3.218332777E1,-3.364257470E0,1.740988037E2
3.908207103E0,4.184957787E-2,4.271922633E-2,2.748526633E-1,9.596247673E-1,1.752029907E2,3.214154457E1,-3.381492336E0,1.740313772E2
3.913207103E0,4.227350210E-2,4.303022102E-2,2.744098902E-1,9.597190022E-1,1.751543695E2,3.209257216E1,-3.404989738E0,1.739761484E2
3.918207103E0,4.298545184E-2,4.350164533E-2,2.738886178E-1,9.598150253E-1,1.750727119E2,3.203648156E1,-3.437552025E0,1.738842694E2
3.923207103E0,4.361156398E-2,4.403349757E-2,2.733008564E-1,9.599300623E-1,1.750008973E2,3.197279621E1,-3.479993084E0,1.738001919E2
3.928207103E0,4.449444841E-2,4.471472651E-2,2.726558745E-1,9.600414634E-1,1.748996279E2,3.190446128E1,-3.531233292E0,1.736832206E2
3.933207103E0,4.517841207E-2,4.540016875E-2,2.720047534E-1,9.601620436E-1,1.748211726E2,3.183495605E1,-3.589381246E0,1.735881546E2
3.938207103E0,4.607682329E-2,4.623668268E-2,2.712700665E-1,9.602872729E-1,1.747181149E2,3.175766183E1,-3.658096992E0,1.734649433E2
3.943207103E0,4.682929199E-2,4.714244232E-2,2.704436481E-1,9.604399204E-1,1.746317951E2,3.166979565E1,-3.739806442E0,1.733560811E2
3.948207103E0,4.788223882E-2,4.820209742E-2,2.695115805E-1,9.605973959E-1,1.745110008E2,3.157199961E1,-3.829979549E0,1.732096216E2
3.953207103E0,4.875552264E-2,4.923024029E-2,2.685624063E-1,9.607671499E-1,1.744108128E2,3.147157052E1,-3.922656166E0,1.730842186E2
3.958207103E0,4.977504978E-2,5.028166622E-2,2.676373422E-1,9.609185457E-1,1.742938416E2,3.137503513E1,-4.013404069E0,1.729419226E2
3.963207103E0,5.055568432E-2,5.124614388E-2,2.667928934E-1,9.610616565E-1,1.742042747E2,3.128668372E1,-4.101618103E0,1.728285871E2
3.968207103E0,5.142639153E-2,5.219374970E-2,2.659622133E-1,9.611946940E-1,1.741043690E2,3.120037844E1,-4.185267621E0,1.727058545E2
3.973207103E0,5.206113963E-2,5.302028731E-2,2.650994956E-1,9.613536000E-1,1.740315347E2,3.110840348E1,-4.263285393E0,1.726133013E2
3.978207103E0,5.282268098E-2,5.382826924E-2,2.641602755E-1,9.615256786E-1,1.739441482E2,3.100781749E1,-4.336112417E0,1.725077240E2
3.983207103E0,5.336153252E-2,5.452244356E-2,2.631872296E-1,9.617236257E-1,1.738823131E2,3.090136366E1,-4.403670207E0,1.724306462E2
3.988207103E0,5.401388964E-2,5.514497310E-2,2.621738315E-1,9.619284868E-1,1.738074506E2,3.078996778E1,-4.460338336E0,1.723435074E2
3.993207103E0,5.450675651E-2,5.556929484E-2,2.611444890E-1,9.621562362E-1,1.737508888E2,3.067410481E1,-4.500305368E0,1.722803872E2
3.998207103E0,5.517137313E-2,5.591946840E-2,2.600872815E-1,9.623844028E-1,1.736746146E2,3.055494066E1,-4.527254630E0,1.722007021E2
4.003207103E0,5.565410052E-2,5.609617382E-2,2.590631545E-1,9.626225233E-1,1.736192130E2,3.043721436E1,-4.540458140E0,1.721464489E2
4.008207103E0,5.624075547E-2,5.618483201E-2,2.580618560E-1,9.628521800E-1,1.735518818E2,3.032174060E1,-4.540754796E0,1.720832736E2
4.013207103E0,5.665820387E-2,5.611183122E-2,2.570728362E-1,9.630964994E-1,1.735039694E2,3.020535649E1,-4.528308876E0,1.720437815E2
4.018207103E0,5.718931566E-2,5.596607924E-2,2.560749948E-1,9.633393884E-1,1.734430096E2,3.008764423E1,-4.504600950E0,1.719938904E2
4.023207103E0,5.754369841E-2,5.565808341E-2,2.551116347E-1,9.635916948E-1,1.734023333E2,2.997160050E1,-4.468051727E0,1.719683600E2
4.028207103E0,5.802941592E-2,5.527549237E-2,2.541600764E-1,9.638360143E-1,1.733465811E2,2.985671142E1,-4.419335595E0,1.719303554E2
4.033207103E0,5.831483682E-2,5.475296080E-2,2.532381713E-1,9.640912414E-1,1.733138187E2,2.974307272E1,-4.360900963E0,1.719186063E2
4.038207103E0,5.878562343E-2,5.421815068E-2,2.523390949E-1,9.643285871E-1,1.732597779E2,2.963276223E1,-4.295499735E0,1.718863851E2
4.043207103E0,5.907459387E-2,5.358663201E-2,2.515162528E-1,9.645611644E-1,1.732266066E2,2.952977087E1,-4.224159864E0,1.718768183E2
4.048207103E0,5.953345745E-2,5.296773836E-2,2.507463098E-1,9.647675753E-1,1.731739320E2,2.943384456E1,-4.148832414E0,1.718476097E2
4.053207103E0,5.978576047E-2,5.224059895E-2,2.500387430E-1,9.649752378E-1,1.731449687E2,2.934340473E1,-4.067075140E0,1.718442104E2
4.058207103E0,6.012958907E-2,5.146984756E-2,2.494046986E-1,9.651593566E-1,1.731054978E2,2.926157218E1,-3.977228908E0,1.718314801E2
4.063207103E0,6.022275301E-2,5.070217699E-2,2.488833219E-1,9.653287530E-1,1.730948026E2,2.919223373E1,-3.894048693E0,1.718459672E2
4.068207103E0,6.045383227E-2,5.013766885E-2,2.484414130E-1,9.654576182E-1,1.730682745E2,2.913492724E1,-3.828666544E0,1.718386862E2
4.073207103E0,6.052971313E-2,4.970594496E-2,2.480614036E-1,9.655728936E-1,1.730595633E2,2.908579394E1,-3.781932613E0,1.718444582E2
4.078207103E0,6.073211415E-2,4.946647584E-2,2.477115244E-1,9.656623006E-1,1.730363271E2,2.904265384E1,-3.752561071E0,1.718303321E2
4.083207103E0,6.079642767E-2,4.934563488E-2,2.473964244E-1,9.657452106E-1,1.730289437E2,2.900438341E1,-3.740000830E0,1.718279369E2
4.088207103E0,6.100599210E-2,4.939449206E-2,2.471110821E-1,9.658025503E-1,1.730048847E2,2.897187981E1,-3.741789744E0,1.718042668E2
4.093207103E0,6.110956478E-2,4.951393604E-2,2.468576133E-1,9.658547044E-1,1.729929939E2,2.894351878E1,-3.754173447E0,1.717902056E2
4.098207103E0,6.136888948E-2,4.975451902E-2,2.466358989E-1,9.658825397E-1,1.729632216E2,2.892070848E1,-3.775228467E0,1.717551330E2
4.103207103E0,6.147986613E-2,5.006794259E-2,2.464845628E-1,9.658979177E-1,1.729504806E2,2.890648076E1,-3.808008500E0,1.717341779E2
4.108207103E0,6.182776544E-2,5.055851117E-2,2.463788986E-1,9.658771157E-1,1.729105383E2,2.890035423E1,-3.853209124E0,1.716814715E2
4.113207103E0,6.201790902E-2,5.113556609E-2,2.462991625E-1,9.658548832E-1,1.728887075E2,2.889770148E1,-3.912282016E0,1.716436943E2
4.118207103E0,6.241948412E-2,5.190949887E-2,2.461956739E-1,9.658141136E-1,1.728426011E2,2.889516100E1,-3.987281862E0,1.715766840E2
4.123207103E0,6.274441886E-2,5.279256776E-2,2.460594773E-1,9.657799006E-1,1.728052932E2,2.888976419E1,-4.076841673E0,1.715151336E2
4.128207103E0,6.328569567E-2,5.384243652E-2,2.458340973E-1,9.657440186E-1,1.727431439E2,2.887659888E1,-4.179448152E0,1.714249541E2
4.133207103E0,6.372641814E-2,5.492339283E-2,2.455012649E-1,9.657388330E-1,1.726925387E2,2.885089552E1,-4.289355911E0,1.713455367E2
4.138207103E0,6.432468723E-2,5.605282262E-2,2.450520396E-1,9.657483697E-1,1.726238412E2,2.881280980E1,-4.401208171E0,1.712476833E2
4.143207103E0,6.488138709E-2,5.713614076E-2,2.444871813E-1,9.657908082E-1,1.725599145E2,2.876060863E1,-4.510269828E0,1.711563947E2
4.148207103E0,6.563935234E-2,5.823327228E-2,2.437352240E-1,9.658641219E-1,1.724728725E2,2.868753452E1,-4.616939142E0,1.710432080E2
4.153207103E0,6.632772948E-2,5.933352187E-2,2.427564412E-1,9.659966230E-1,1.723938180E2,2.858768237E1,-4.728198269E0,1.709388877E2
4.158207103E0,6.717116644E-2,6.049106270E-2,2.415350676E-1,9.661726952E-1,1.722969512E2,2.846082219E1,-4.843894862E0,1.708169415E2
4.163207103E0,6.779625471E-2,6.160568818E-2,2.401339263E-1,9.664078355E-1,1.722251577E2,2.831157030E1,-4.962980891E0,1.707217392E2
4.168207103E0,6.853628533E-2,6.273248792E-2,2.385654151E-1,9.666715860E-1,1.721401588E2,2.814353313E1,-5.082073369E0,1.706144673E2
4.173207103E0,6.916036239E-2,6.383550912E-2,2.368570715E-1,9.669749737E-1,1.720684747E2,2.795847814E1,-5.203443765E0,1.705218726E2
4.178207103E0,6.997916624E-2,6.500816345E-2,2.349665910E-1,9.672991037E-1,1.719744188E2,2.775406594E1,-5.329263961E0,1.704068170E2
4.183207103E0,7.071130709E-2,6.613203138E-2,2.329439372E-1,9.676588178E-1,1.718903133E2,2.753340403E1,-5.453791624E0,1.703039534E2
4.188207103E0,7.160828873E-2,6.721882522E-2,2.308094501E-1,9.680293798E-1,1.717872655E2,2.730029280E1,-5.571270480E0,1.701847011E2
4.193207103E0,7.229042886E-2,6.809959561E-2,2.286192179E-1,9.684367776E-1,1.717088949E2,2.705721964E1,-5.672741671E0,1.700960220E2
4.198207103E0,7.302549794E-2,6.875086576E-2,2.263836712E-1,9.688606858E-1,1.716244390E2,2.680640120E1,-5.748180281E0,1.700084089E2
4.203207103E0,7.347032277E-2,6.895276904E-2,2.241727561E-1,9.693266749E-1,1.715733285E2,2.655130540E1,-5.781521206E0,1.699658897E2
4.208207103E0,7.402887214E-2,6.888590753E-2,2.219969779E-1,9.697895646E-1,1.715091487E2,2.629760152E1,-5.781859227E0,1.699178285E2
4.213207103E0,7.447230866E-2,6.855291873E-2,2.197897285E-1,9.702818394E-1,1.714581940E2,2.603625515E1,-5.756147031E0,1.698900429E2
4.218207103E0,7.487567324E-2,6.787883490E-2,2.174814790E-1,9.708181620E-1,1.714118424E2,2.575854946E1,-5.694709380E0,1.698763203E2
4.223207103E0,7.506407035E-2,6.688385457E-2,2.149977237E-1,9.714257121E-1,1.713901927E2,2.545516426E1,-5.604909857E0,1.698959191E2
4.228207103E0,7.528010168E-2,6.566952169E-2,2.123182863E-1,9.720809460E-1,1.713653671E2,2.512645241E1,-5.491926848E0,1.699186708E2
4.233207103E0,7.532649824E-2,6.420869380E-2,2.094608396E-1,9.727945924E-1,1.713600353E2,2.477326312E1,-5.357386203E0,1.699670874E2
4.238207103E0,7.550036316E-2,6.254356354E-2,2.064552009E-1,9.735318422E-1,1.713400550E2,2.440127106E1,-5.198207046E0,1.700061399E2
4.243207103E0,7.547952936E-2,6.055707112E-2,2.034116536E-1,9.742994308E-1,1.713424492E2,2.402048913E1,-5.007986839E0,1.700741588E2
4.248207103E0,7.554520672E-2,5.825337768E-2,2.003826052E-1,9.750621915E-1,1.713349016E2,2.363864040E1,-4.779738102E0,1.701386773E2
4.253207103E0,7.533220702E-2,5.535115302E-2,1.976298690E-1,9.758092761E-1,1.713593793E2,2.328153249E1,-4.487899342E0,1.702460605E2
4.258207103E0,7.512110156E-2,5.200771615E-2,1.949685663E-1,9.765445590E-1,1.713836389E2,2.293110172E1,-4.145137133E0,1.703612279E2
4.263207103E0,7.464222280E-2,4.847050458E-2,1.922620535E-1,9.772995710E-1,1.714386689E2,2.257355046E1,-3.786492850E0,1.705089433E2
4.268207103E0,7.420645003E-2,4.499444366E-2,1.896108836E-1,9.780166745E-1,1.714887436E2,2.222479723E1,-3.432346952E0,1.706476940E2
4.273207103E0,7.360372754E-2,4.162239656E-2,1.871197373E-1,9.786911011E-1,1.715579999E2,2.189671621E1,-3.091204005E0,1.708000688E2
4.278207103E0,7.326333362E-2,3.853829950E-2,1.847735941E-1,9.792885184E-1,1.715971118E2,2.159057266E1,-2.774541998E0,1.709138879E2
4.283207103E0,7.285728754E-2,3.566393256E-2,1.825148463E-1,9.798511267E-1,1.716437659E2,2.129759317E1,-2.481431710E0,1.710284965E2
4.288207103E0,7.249855408E-2,3.300077468E-2,1.803314537E-1,9.803751707E-1,1.716849828E2,2.101649357E1,-2.209800929E0,1.711314324E2
4.293207103E0,7.194411670E-2,3.050671704E-2,1.782338321E-1,9.808802605E-1,1.717486830E2,2.074741817E1,-1.959962165E0,1.712513111E2
4.298207103E0,7.138397799E-2,2.819582634E-2,1.762151569E-1,9.813549519E-1,1.718130356E2,2.049001684E1,-1.729583930E0,1.713666122E2
4.303207103E0,7.071637518E-2,2.609741874E-2,1.742718816E-1,9.818082452E-1,1.718897311E2,2.024386414E1,-1.524108258E0,1.714884781E2
4.308207103E0,7.023951385E-2,2.431254461E-2,1.723905206E-1,9.822203517E-1,1.719445116E2,2.000860081E1,-1.349056346E0,1.715813840E2
4.313207103E0,6.974345514E-2,2.279089764E-2,1.705704331E-1,9.826098680E-1,1.720014955E2,1.978320028E1,-1.203115241E0,1.716703612E2
4.318207103E0,6.944574824E-2,2.153846249E-2,1.687972248E-1,9.829653502E-1,1.720356931E2,1.956615102E1,-1.082875946E0,1.717309024E2
4.323207103E0,6.914888162E-2,2.047916502E-2,1.670705974E-1,9.833038449E-1,1.720697935E2,1.935640733E1,-9.837592001E-1,1.717870458E2
4.328207103E0,6.907384292E-2,1.960204914E-2,1.653748155E-1,9.836136103E-1,1.720784129E2,1.915217955E1,-9.004709885E-1,1.718141264E2
4.333207103E0,6.897165678E-2,1.879881322E-2,1.636960208E-1,9.839172363E-1,1.720901505E2,1.895064593E1,-8.257857441E-1,1.718425342E2
4.338207103E0,6.908377959E-2,1.806203090E-2,1.620012224E-1,9.842036366E-1,1.720772715E2,1.874808687E1,-7.546140795E-1,1.718451194E2
4.343207103E0,6.918646816E-2,1.726184413E-2,1.602690816E-1,9.844943285E-1,1.720654760E2,1.854073265E1,-6.767632244E-1,1.718496988E2
4.348207103E0,6.948456424E-2,1.638047025E-2,1.584717929E-1,9.847792983E-1,1.720312343E2,1.832534126E1,-5.866966345E-1,1.718333350E2
4.353207103E0,6.969494131E-2,1.532987133E-2,1.565955877E-1,9.850814342E-1,1.720070683E2,1.809940359E1,-4.798292674E-1,1.718296596E2
4.358207103E0,7.009455568E-2,1.422415394E-2,1.546072811E-1,9.853836894E-1,1.719611636E2,1.786018374E1,-3.643028426E-1,1.718050752E2
4.363207103E0,7.039075777E-2,1.303086616E-2,1.524726599E-1,9.857116342E-1,1.719271373E2,1.760333382E1,-2.420192732E-1,1.717932839E2
4.368207103E0,7.088106721E-2,1.181512885E-2,1.501614898E-1,9.860465527E-1,1.718708113E2,1.732599280E1,-1.153548643E-1,1.717592580E2
4.373207103E0,7.138487002E-2,1.062500011E-2,1.476995349E-1,9.863955379E-1,1.718129331E2,1.703149033E1,7.226075078E-3,1.717225899E2
4.378207103E0,7.207536446E-2,9.455204010E-3,1.451134980E-1,9.867410064E-1,1.717336039E2,1.672285613E1,1.294050041E-1,1.716636496E2
4.383207103E0,7.265430495E-2,8.329799399E-3,1.424607933E-1,9.870951772E-1,1.716670878E2,1.640694128E1,2.438613259E-1,1.716159234E2
4.388207103E0,7.334315118E-2,7.392935921E-3,1.397684515E-1,9.874365330E-1,1.715879407E2,1.608804753E1,3.381620723E-1,1.715519523E2
4.393207103E0,7.394976724E-2,6.647792179E-3,1.370520294E-1,9.877772927E-1,1.715182384E2,1.576806492E1,4.089151430E-1,1.714937233E2
4.398207103E0,7.453436957E-2,6.040850189E-3,1.343412697E-1,9.881095886E-1,1.714510625E2,1.544997983E1,4.634155921E-1,1.714354129E2
4.403207103E0,7.511252454E-2,5.558301229E-3,1.316586882E-1,9.884296656E-1,1.713846246E2,1.513627953E1,5.036623575E-1,1.713756067E2
4.408207103E0,7.565974843E-2,5.129667465E-3,1.290334761E-1,9.887363911E-1,1.713217384E2,1.482974625E1,5.375284062E-1,1.713182744E2
4.413207103E0,7.616321394E-2,4.694750533E-3,1.265170425E-1,9.890250564E-1,1.712638785E2,1.453578917E1,5.721329238E-1,1.712658389E2
4.418207103E0,7.656298997E-2,4.169274587E-3,1.241664067E-1,9.892944098E-1,1.712179334E2,1.426026641E1,6.167335168E-1,1.712263766E2
4.423207103E0,7.680324994E-2,3.487669630E-3,1.220151260E-1,9.895460606E-1,1.711903203E2,1.400649396E1,6.783919761E-1,1.712071497E2
4.428207103E0,7.685852800E-2,2.609828021E-3,1.200708374E-1,9.897822738E-1,1.711839672E2,1.377502839E1,7.615184303E-1,1.712115489E2
4.433207103E0,7.668289710E-2,1.487628208E-3,1.183087751E-1,9.900103807E-1,1.712041525E2,1.356268595E1,8.708711980E-1,1.712453668E2
4.438207103E0,7.641841471E-2,1.976093772E-4,1.166998371E-1,9.902228713E-1,1.712345492E2,1.336673442E1,9.995571518E-1,1.712912553E2
4.443207103E0,7.629716824E-2,-1.130130957E-3,1.152397320E-1,9.904025793E-1,1.712484837E2,1.318758073E1,1.135877269E0,1.713209712E2
4.448207103E0,7.636182388E-2,-2.477085683E-3,1.139312014E-1,9.905465245E-1,1.712410530E2,1.302558247E1,1.278221652E0,1.713294360E2
4.453207103E0,7.649319561E-2,-3.892173758E-3,1.127594411E-1,9.906659126E-1,1.712259548E2,1.287870854E1,1.430385747E0,1.713309049E2
4.458207103E0,7.656232697E-2,-5.339091644E-3,1.116798148E-1,9.907761216E-1,1.712180096E2,1.274230009E1,1.586185420E0,1.713396101E2
4.463207103E0,7.650395406E-2,-6.783275865E-3,1.106563210E-1,9.908866286E-1,1.712247183E2,1.261264361E1,1.740581573E0,1.713625516E2
4.468207103E0,7.635148671E-2,-8.123449981E-3,1.096725762E-1,9.909976721E-1,1.712422410E2,1.248868201E1,1.882388579E0,1.713946773E2
4.473207103E0,7.613904870E-2,-9.226109833E-3,1.087092161E-1,9.911105037E-1,1.712666557E2,1.236923202E1,1.996716366E0,1.714305007E2
4.478207103E0,7.588396228E-2,-1.003621425E-2,1.077633724E-1,9.912254810E-1,1.712959713E2,1.225435430E1,2.077503178E0,1.714674828E2
4.483207103E0,7.560287357E-2,-1.051423792E-2,1.068461388E-1,9.913412929E-1,1.713282745E2,1.214557439E1,2.120550920E0,1.715033913E2
4.488207103E0,7.527598023E-2,-1.061136369E-2,1.059374511E-1,9.914626479E-1,1.713658407E2,1.204098100E1,2.119890751E0,1.715399920E2
4.493207103E0,7.485124529E-2,-1.038960740E-2,1.050015911E-1,9.915966988E-1,1.714146495E2,1.193603728E1,2.081646933E0,1.715840029E2
4.498207103E0,7.442492713E-2,-9.842433967E-3,1.040271372E-1,9.917370677E-1,1.714636386E2,1.182924950E1,2.006142464E0,1.716244166E2
4.503207103E0,7.403884350E-2,-8.962214924E-3,1.029978916E-1,9.918817282E-1,1.715080029E2,1.171871737E1,1.892858502E0,1.716564347E2
4.508207103E0,7.365173023E-2,-7.850788534E-3,1.019231379E-1,9.920309782E-1,1.715524843E2,1.160477232E1,1.752956042E0,1.716860621E2
4.513207103E0,7.324326933E-2,-6.635667291E-3,1.008283496E-1,9.921819568E-1,1.715994172E2,1.148935384E1,1.600913417E0,1.717171848E2
4.518207103E0,7.283613825E-2,-5.381252617E-3,9.969412535E-2,9.923341274E-1,1.716461959E2,1.136967509E1,1.444159615E0,1.717479400E2
4.523207103E0,7.245978293E-2,-4.090134986E-3,9.849464893E-2,9.924876094E-1,1.716894373E2,1.124271309E1,1.283109770E0,1.717749860E2
4.528207103E0,7.212112741E-2,-2.781862160E-3,9.721218050E-2,9.926432371E-1,1.717283462E2,1.110628230E1,1.119911443E0,1.717977681E2
4.533207103E0,7.182169630E-2,-1.511800219E-3,9.584292769E-2,9.928008318E-1,1.717627477E2,1.095952173E1,9.608400427E-1,1.718167541E2
4.538207103E0,7.156956393E-2,-3.015233669E-4,9.435687959E-2,9.929624796E-1,1.717917145E2,1.079882447E1,8.081817202E-1,1.718312533E2
4.543207103E0,7.136387330E-2,8.453004993E-4,9.272373468E-2,9.931308031E-1,1.718153453E2,1.062070528E1,6.620824657E-1,1.718414094E2
4.548207103E0,7.120352782E-2,2.000142820E-3,9.090044349E-2,9.933091998E-1,1.718337664E2,1.042082384E1,5.140270424E-1,1.718466176E2
4.553207103E0,7.104016584E-2,3.168169409E-3,8.887834847E-2,9.935008287E-1,1.718525338E2,1.019827508E1,3.628398300E-1,1.718524428E2
4.558207103E0,7.085715399E-2,4.286963027E-3,8.667600900E-2,9.937042594E-1,1.718735584E2,9.954693365E0,2.156207874E-1,1.718615105E2
4.563207103E0,7.067872820E-2,5.307440180E-3,8.430248499E-2,9.939162135E-1,1.718940559E2,9.690713628E0,7.829374175E-2,1.718715700E2
4.568207103E0,7.053139584E-2,6.184155121E-3,8.180028945E-2,9.941306710E-1,1.719109812E2,9.410848232E0,-4.335797624E-2,1.718800108E2
4.573207103E0,7.044908908E-2,6.988402456E-3,7.921627164E-2,9.943404198E-1,1.719204364E2,9.121067634E0,-1.567771308E-1,1.718822186E2
4.578207103E0,7.039690948E-2,7.658676710E-3,7.661622763E-2,9.945428967E-1,1.719264306E2,8.828423513E0,-2.547764789E-1,1.718826831E2
4.583207103E0,7.037204180E-2,8.149199188E-3,7.402518392E-2,9.947369695E-1,1.719292873E2,8.535410092E0,-3.319743336E-1,1.718820026E2
4.588207103E0,7.037954871E-2,8.469969034E-3,7.141850144E-2,9.949243069E-1,1.719284250E2,8.239285170E0,-3.896803290E-1,1.718793673E2
4.593207103E0,7.039927989E-2,8.654383942E-3,6.877272576E-2,9.951077104E-1,1.719261583E2,7.937626529E0,-4.320708602E-1,1.718766828E2
4.598207103E0,7.053520898E-2,8.845322765E-3,6.609719247E-2,9.952777028E-1,1.719105432E2,7.632724015E0,-4.745718423E-1,1.718608082E2
4.603207103E0,7.066334953E-2,9.039313532E-3,6.339522451E-2,9.954426289E-1,1.718958226E2,7.324880313E0,-5.177774466E-1,1.718459846E2
4.608207103E0,7.080288077E-2,9.295900352E-3,6.067589298E-2,9.955998063E-1,1.718797933E2,7.015634302E0,-5.682652566E-1,1.718295911E2
4.613207103E0,7.093826301E-2,9.640067816E-3,5.793131515E-2,9.957503676E-1,1.718642406E2,6.704283797E0,-6.290692127E-1,1.718133038E2
4.618207103E0,7.107079958E-2,1.008453034E-2,5.516615510E-2,9.958935380E-1,1.718490146E2,6.391471710E0,-7.015947098E-1,1.717969717E2
4.623207103E0,7.121828113E-2,1.063693780E-2,5.239541084E-2,9.960268736E-1,1.718320715E2,6.078995383E0,-7.864854537E-1,1.717785905E2
4.628207103E0,7.140705700E-2,1.127176825E-2,4.964340106E-2,9.961473346E-1,1.718103842E2,5.769456128E0,-8.804934828E-1,1.717553641E2
4.633207103E0,7.165330495E-2,1.194120571E-2,4.692880809E-2,9.962534308E-1,1.717820938E2,5.464621035E0,-9.779561460E-1,1.717257520E2
4.638207103E0,7.195851356E-2,1.257466245E-2,4.424828663E-2,9.963462949E-1,1.717470289E2,5.163530013E0,-1.070883501E0,1.716899797E2
4.643207103E0,7.231052974E-2,1.311328821E-2,4.159718007E-2,9.964280725E-1,1.717065855E2,4.865146176E0,-1.152700893E0,1.716497015E2
4.648207103E0,7.268231344E-2,1.350790262E-2,3.895724565E-2,9.965024590E-1,1.716638698E2,4.566927541E0,-1.218103252E0,1.716081882E2
4.653207103E0,7.303988498E-2,1.370129269E-2,3.631054610E-2,9.965736270E-1,1.716227859E2,4.266275044E0,-1.260864320E0,1.715694928E2
4.658207103E0,7.336927242E-2,1.370197814E-2,3.364758939E-2,9.966428876E-1,1.715849394E2,3.962133165E0,-1.282074833E0,1.715350216E2
4.663207103E0,7.367091270E-2,1.355983410E-2,3.096528910E-2,9.967095256E-1,1.715502801E2,3.654557411E0,-1.287427008E0,1.715043651E2
4.668207103E0,7.394925331E-2,1.331997197E-2,2.826396935E-2,9.967724085E-1,1.715182974E2,3.343966344E0,-1.282029123E0,1.714767227E2
4.673207103E0,7.418029049E-2,1.301368885E-2,2.554290555E-2,9.968327284E-1,1.714917496E2,3.030509132E0,-1.269513733E0,1.714546620E2
4.678207103E0,7.437266696E-2,1.271836460E-2,2.279816382E-2,9.968887568E-1,1.714696438E2,2.714411080E0,-1.258687195E0,1.714369080E2
4.683207103E0,7.453781697E-2,1.251747832E-2,2.002500184E-2,9.969385266E-1,1.714506663E2,2.395864314E0,-1.259065672E0,1.714219477E2
4.688207103E0,7.470702603E-2,1.251636818E-2,1.722619683E-2,9.969781637E-1,1.714312222E2,2.076136106E0,-1.282573193E0,1.714060345E2
4.693207103E0,7.491937100E-2,1.276234537E-2,1.443875581E-2,9.970033765E-1,1.714068209E2,1.759921629E0,-1.334236644E0,1.713847278E2
4.698207103E0,7.506176563E-2,1.313706860E-2,1.168971229E-2,9.970238209E-1,1.713904576E2,1.449140756E0,-1.400507885E0,1.713714107E2
4.703207103E0,7.511654771E-2,1.359405182E-2,9.001409635E-3,9.970414639E-1,1.713841622E2,1.145904189E0,-1.475836451E0,1.713682552E2
4.708207103E0,7.509682668E-2,1.416052412E-2,6.388229318E-3,9.970552325E-1,1.713864285E2,8.520878113E-1,-1.563118357E0,1.713737629E2
4.713207103E0,7.500380142E-2,1.480423566E-2,3.884540172E-3,9.970657825E-1,1.713971185E2,5.713176134E-1,-1.658307379E0,1.713878404E2
4.718207103E0,7.485577774E-2,1.549123786E-2,1.521522761E-3,9.970728755E-1,1.714141286E2,3.068704470E-1,-1.757193039E0,1.714083803E2
4.723207103E0,7.468001720E-2,1.627948135E-2,-6.812405190E-4,9.970744252E-1,1.714343258E2,6.151151839E-2,-1.866193318E0,1.714321846E2
4.728207103E0,7.449814059E-2,1.733978651E-2,-2.720520832E-3,9.970666766E-1,1.714552256E2,-1.629069017E-1,-2.004798439E0,1.714567570E2
4.733207103E0,7.429680205E-2,1.865641586E-2,-4.542166367E-3,9.970512986E-1,1.714783614E2,-3.603833976E-1,-2.170754163E0,1.714836149E2
4.738207103E0,7.402780272E-2,1.988194697E-2,-6.088673603E-3,9.970393777E-1,1.715092716E2,-5.274283521E-1,-2.323845160E0,1.715181295E2
4.743207103E0,7.363715898E-2,2.038111724E-2,-7.257387042E-3,9.970504045E-1,1.715541586E2,-6.577893236E-1,-2.390547986E0,1.715659023E2
4.748207103E0,7.324938001E-2,2.013451606E-2,-8.036698215E-3,9.970780015E-1,1.715987151E2,-7.499045984E-1,-2.368636563E0,1.716122397E2
4.753207103E0,7.302643306E-2,1.940323040E-2,-8.487118408E-3,9.971051216E-1,1.716243315E2,-8.080376581E-1,-2.288640385E0,1.716385899E2
4.758207103E0,7.291553430E-2,1.845048554E-2,-8.705384098E-3,9.971294403E-1,1.716370736E2,-8.411766620E-1,-2.181465651E0,1.716513452E2
4.763207103E0,7.277394348E-2,1.760089956E-2,-8.828818798E-3,9.971540570E-1,1.716533419E2,-8.626538541E-1,-2.085260802E0,1.716674204E2
4.768207103E0,7.250252036E-2,1.711300388E-2,-8.996823803E-3,9.971808195E-1,1.716845271E2,-8.864677732E-1,-2.030649658E0,1.716986806E2
4.773207103E0,7.215502588E-2,1.701437496E-2,-9.232739918E-3,9.972055554E-1,1.717244516E2,-9.149646389E-1,-2.021014070E0,1.717390368E2
4.778207103E0,7.181479196E-2,1.708639972E-2,-9.489195421E-3,9.972264767E-1,1.717635409E2,-9.443915588E-1,-2.031042169E0,1.717787053E2
4.783207103E0,7.161820836E-2,1.720077544E-2,-9.768213145E-3,9.972359538E-1,1.717861259E2,-9.757661090E-1,-2.046216688E0,1.718019418E2
4.788207103E0,7.158476471E-2,1.719100773E-2,-1.004488859E-2,9.972357750E-1,1.717899681E2,-1.007554715E0,-2.047332981E0,1.718063412E2
4.793207103E0,7.169703045E-2,1.691197604E-2,-1.032349467E-2,9.972296357E-1,1.717770703E2,-1.041464486E0,-2.017834448E0,1.717937944E2
4.798207103E0,7.191115632E-2,1.630374417E-2,-1.062581409E-2,9.972211719E-1,1.717524698E2,-1.080585900E0,-1.951017956E0,1.717693051E2
4.803207103E0,7.216899885E-2,1.539534889E-2,-1.098729204E-2,9.972130656E-1,1.717228462E2,-1.128884836E0,-1.850446500E0,1.717395943E2
4.808207103E0,7.255730511E-2,1.441623084E-2,-1.146795787E-2,9.971941113E-1,1.716782326E2,-1.191217678E0,-1.742961727E0,1.716949385E2
4.813207103E0,7.299523071E-2,1.340455096E-2,-1.210122928E-2,9.971687794E-1,1.716279166E2,-1.271269129E0,-1.633143030E0,1.716446686E2
4.818207103E0,7.340259912E-2,1.228707284E-2,-1.286686119E-2,9.971436858E-1,1.715811101E2,-1.367477900E0,-1.512376039E0,1.715978248E2
4.823207103E0,7.374764836E-2,1.100369543E-2,-1.374378335E-2,9.971215129E-1,1.715414629E2,-1.477986062E0,-1.373579372E0,1.715578673E2
4.828207103E0,7.406235436E-2,9.520261548E-3,-1.470800303E-2,9.970996976E-1,1.715053013E2,-1.600293533E0,-1.212693749E0,1.715209321E2
4.833207103E0,7.434052653E-2,7.788704243E-3,-1.573429257E-2,9.970783591E-1,1.714733370E2,-1.731939257E0,-1.024003895E0,1.714874986E2
4.838207103E0,7.459394016E-2,5.877092015E-3,-1.679839380E-2,9.970551729E-1,1.714442171E2,-1.869569954E0,-8.150993052E-1,1.714561592E2
4.843207103E0,7.484948264E-2,3.904626472E-3,-1.786154322E-2,9.970272183E-1,1.714148520E2,-2.007727673E0,-5.993186106E-1,1.714239157E2
4.848207103E0,7.507823967E-2,1.926877536E-3,-1.888828166E-2,9.969968796E-1,1.713885644E2,-2.141906618E0,-3.826458127E-1,1.713941621E2
4.853207103E0,7.526271424E-2,7.699224625E-6,-1.987817511E-2,9.969655871E-1,1.713673652E2,-2.271497929E0,-1.723186087E-1,1.713690722E2
4.858207103E0,7.539662124E-2,-1.788770431E-3,-2.082799375E-2,9.969344735E-1,1.713519769E2,-2.395548490E0,2.439958623E-2,1.713495729E2
4.863207103E0,7.549781361E-2,-3.375353059E-3,-2.174519561E-2,9.969031215E-1,1.713403480E2,-2.514122228E0,1.974628781E-1,1.713339135E2
4.868207103E0,7.557764877E-2,-4.755517002E-3,-2.260815538E-2,9.968722463E-1,1.713311733E2,-2.624752332E0,3.474404921E-1,1.713208948E2
4.873207103E0,7.567439803E-2,-5.994689185E-3,-2.340047248E-2,9.968399405E-1,1.713200548E2,-2.726131611E0,4.818550432E-1,1.713060508E2
4.878207103E0,7.586927465E-2,-7.191824727E-3,-2.411972545E-2,9.968000650E-1,1.712976592E2,-2.818895866E0,6.118005219E-1,1.712798430E2
4.883207103E0,7.620960468E-2,-8.362598717E-3,-2.475948632E-2,9.967492819E-1,1.712585470E2,-2.902518081E0,7.389645677E-1,1.712368330E2
4.888207103E0,7.671751447E-2,-9.486157447E-3,-2.534171380E-2,9.966856241E-1,1.712001740E2,-2.979394776E0,8.606795446E-1,1.711745610E2
4.893207103E0,7.736906432E-2,-1.052494720E-2,-2.590056136E-2,9.966104627E-1,1.711252893E2,-3.053122295E0,9.723984911E-1,1.710958971E2
4.898207103E0,7.819482479E-2,-1.135459449E-2,-2.641581185E-2,9.965233803E-1,1.710303765E2,-3.120323586E0,1.059979569E0,1.709977878E2
4.903207103E0,7.895870423E-2,-1.188295521E-2,-2.696561068E-2,9.964422584E-1,1.709425709E2,-3.188802024E0,1.112926945E0,1.709076486E2
4.908207103E0,7.951114701E-2,-1.192232035E-2,-2.758419327E-2,9.963809252E-1,1.708790660E2,-3.260474983E0,1.109994304E0,1.708433440E2
4.913207103E0,7.984526811E-2,-1.147919986E-2,-2.823957987E-2,9.963410497E-1,1.708406564E2,-3.331645811E0,1.052284827E0,1.708057850E2
4.918207103E0,8.003973787E-2,-1.073064469E-2,-2.887012810E-2,9.963157177E-1,1.708183003E2,-3.396971208E0,9.603626237E-1,1.707854546E2
4.923207103E0,8.020845049E-2,-9.887724183E-3,-2.941157669E-2,9.962950349E-1,1.707989049E2,-3.451185452E0,8.585559306E-1,1.707685970E2
4.928207103E0,8.037027114E-2,-9.567682631E-3,-2.971616015E-2,9.962760806E-1,1.707803015E2,-3.483156748E0,8.186421633E-1,1.707509040E2
4.933207103E0,8.062550160E-2,-9.842198342E-3,-2.980823070E-2,9.962500334E-1,1.707509590E2,-3.496447327E0,8.482362007E-1,1.707204986E2
4.938207103E0,8.104597288E-2,-1.064800192E-2,-2.971759439E-2,9.962103367E-1,1.707026184E2,-3.494004858E0,9.395964373E-1,1.706693135E2
4.943207103E0,8.156486591E-2,-1.182769518E-2,-2.951350808E-2,9.961607456E-1,1.706429601E2,-3.482319152E0,1.074361152E0,1.706055565E2
4.948207103E0,8.210100821E-2,-1.333494391E-2,-2.924405597E-2,9.961056113E-1,1.705813160E2,-3.466462616E0,1.247089080E0,1.705386981E2
4.953207103E0,8.258377945E-2,-1.499791257E-2,-2.899866737E-2,9.960492253E-1,1.705258060E2,-3.454985611E0,1.437568967E0,1.704773825E2
4.958207103E0,8.297113012E-2,-1.667130366E-2,-2.883973159E-2,9.959950447E-1,1.704812660E2,-3.453546856E0,1.628756862E0,1.704268626E2
4.963207103E0,8.320736771E-2,-1.828864962E-2,-2.881526947E-2,9.959476590E-1,1.704541012E2,-3.466834691E0,1.812785090E0,1.703936589E2
4.968207103E0,8.326999071E-2,-1.973381452E-2,-2.899058722E-2,9.959097505E-1,1.704469002E2,-3.501047809E0,1.975841479E0,1.703806150E2
4.973207103E0,8.307808331E-2,-2.106337994E-2,-2.937705442E-2,9.958872199E-1,1.704689676E2,-3.557771703E0,2.124574490E0,1.703967288E2
4.978207103E0,8.276098361E-2,-2.220470831E-2,-2.997312695E-2,9.958710670E-1,1.705054301E2,-3.636311768E0,2.250288215E0,1.704273613E2
4.983207103E0,8.247075425E-2,-2.316789143E-2,-3.075666726E-2,9.958493114E-1,1.705388020E2,-3.734565198E0,2.353822993E0,1.704550144E2
4.988207103E0,8.224007414E-2,-2.394082211E-2,-3.170194477E-2,9.958204627E-1,1.705653261E2,-3.849576576E0,2.433922167E0,1.704760476E2
4.993207103E0,8.194726350E-2,-2.461550571E-2,-3.277896345E-2,9.957932830E-1,1.705989934E2,-3.978527990E0,2.501848427E0,1.705041560E2
4.998207103E0,8.153291632E-2,-2.579473332E-2,-3.387224302E-2,9.957608581E-1,1.706466335E2,-4.113874824E0,2.627781716E0,1.705437303E2
5.003207103E0,8.117605801E-2,-2.715627849E-2,-3.495665267E-2,9.957163334E-1,1.706876624E2,-4.250062030E0,2.774464218E0,1.705755366E2
5.008207103E0,8.080485382E-2,-2.849332988E-2,-3.606751189E-2,9.956695437E-1,1.707303395E2,-4.388947071E0,2.918248239E0,1.706086603E2
5.013207103E0,8.034230357E-2,-2.993365005E-2,-3.719346970E-2,9.956232905E-1,1.707835168E2,-4.530220750E0,3.074182141E0,1.706513460E2
5.018207103E0,7.984890867E-2,-3.138738126E-2,-3.829689696E-2,9.955763817E-1,1.708402379E2,-4.668866699E0,3.232115307E0,1.706971684E2
5.023207103E0,7.940338092E-2,-3.281917796E-2,-3.936088830E-2,9.955243468E-1,1.708914542E2,-4.802865040E0,3.387799387E0,1.707373270E2
5.028207103E0,7.906158129E-2,-3.416027874E-2,-4.038984329E-2,9.954652190E-1,1.709307451E2,-4.932283746E0,3.533043352E0,1.707657902E2
5.033207103E0,7.884145003E-2,-3.535725549E-2,-4.142498970E-2,9.953983426E-1,1.709560493E2,-5.061444897E0,3.661233141E0,1.707807036E2
5.038207103E0,7.875283447E-2,-3.645918891E-2,-4.248240963E-2,9.953210354E-1,1.709662355E2,-5.192743851E0,3.777724823E0,1.707806489E2
5.043207103E0,7.880719651E-2,-3.757194802E-2,-4.355320707E-2,9.952290654E-1,1.709599867E2,-5.326267891E0,3.894572222E0,1.707637420E2
5.048207103E0,7.903835587E-2,-3.882145137E-2,-4.461593926E-2,9.951156974E-1,1.709334149E2,-5.460970219E0,4.026102444E0,1.707253918E2
5.053207103E0,7.949045478E-2,-4.030739143E-2,-4.565732926E-2,9.949733615E-1,1.708814447E2,-5.596586495E0,4.183495957E0,1.706598770E2
5.058207103E0,8.013604880E-2,-4.196162522E-2,-4.669699445E-2,9.948049188E-1,1.708072283E2,-5.734742033E0,4.358856605E0,1.705705926E2
5.063207103E0,8.087128769E-2,-4.356819019E-2,-4.777630046E-2,9.946250916E-1,1.707227018E2,-5.877702163E0,4.527672183E0,1.704706441E2
5.068207103E0,8.153112267E-2,-4.500437528E-2,-4.889260978E-2,9.944530129E-1,1.706468397E2,-6.023174268E0,4.676914247E0,1.703798821E2
5.073207103E0,8.200897767E-2,-4.619611055E-2,-5.000355467E-2,9.943038225E-1,1.705918976E2,-6.164937407E0,4.799230367E0,1.703113764E2
5.078207103E0,8.230045832E-2,-4.709869251E-2,-5.107234046E-2,9.941830635E-1,1.705583831E2,-6.298154418E0,4.889992178E0,1.702662659E2
5.083207103E0,8.243282040E-2,-4.775176197E-2,-5.202678218E-2,9.940914512E-1,1.705431638E2,-6.414984099E0,4.954338712E0,1.702416274E2
5.088207103E0,8.241838194E-2,-4.813535139E-2,-5.283332616E-2,9.940316081E-1,1.705448239E2,-6.511366565E0,4.990309099E0,1.702364795E2
5.093207103E0,8.225554742E-2,-4.842802882E-2,-5.345517397E-2,9.939976335E-1,1.705635470E2,-6.584892672E0,5.018691383E0,1.702499508E2
5.098207103E0,8.199083782E-2,-4.869491607E-2,-5.387488008E-2,9.939838052E-1,1.705939833E2,-6.634454997E0,5.046800194E0,1.702763184E2
5.103207103E0,8.165947633E-2,-4.889734089E-2,-5.411837995E-2,9.939879179E-1,1.706320823E2,-6.662795201E0,5.069736335E0,1.703117101E2
5.108207103E0,8.128355133E-2,-4.905167967E-2,-5.421721563E-2,9.940057397E-1,1.706753038E2,-6.673809258E0,5.088902070E0,1.703533173E2
5.113207103E0,8.089123447E-2,-4.908987135E-2,-5.420988798E-2,9.940362573E-1,1.707204085E2,-6.671359586E0,5.095957121E0,1.703982272E2
5.118207103E0,8.047145221E-2,-4.899769276E-2,-5.411024392E-2,9.940803051E-1,1.707686693E2,-6.656846510E0,5.089204427E0,1.704477525E2
5.123207103E0,8.005503417E-2,-4.871958122E-2,-5.390441045E-2,9.941387773E-1,1.708165418E2,-6.628292060E0,5.062214725E0,1.704988222E2
5.128207103E0,7.966956557E-2,-4.825019091E-2,-5.356316268E-2,9.942110777E-1,1.708608548E2,-6.582460985E0,5.014453477E0,1.705484173E2
5.133207103E0,7.934933658E-2,-4.754824936E-2,-5.309196562E-2,9.942957759E-1,1.708976669E2,-6.519768262E0,4.940916700E0,1.705928166E2
5.138207103E0,7.906943103E-2,-4.666807503E-2,-5.250001326E-2,9.943912029E-1,1.709298428E2,-6.441718859E0,4.847868919E0,1.706343648E2
5.143207103E0,7.877631197E-2,-4.581813514E-2,-5.180260167E-2,9.944905639E-1,1.709635368E2,-6.351900233E0,4.759288830E0,1.706775708E2
5.148207103E0,7.847615495E-2,-4.502438009E-2,-5.105721951E-2,9.945890903E-1,1.709980391E2,-6.257188592E0,4.677548416E0,1.707212554E2
5.153207103E0,7.818799796E-2,-4.421551898E-2,-5.036220327E-2,9.946835041E-1,1.710311612E2,-6.168240598E0,4.593477708E0,1.707632812E2
5.158207103E0,7.789314157E-2,-4.345737770E-2,-4.976845905E-2,9.947699308E-1,1.710650527E2,-6.091444190E0,4.514244594E0,1.708051283E2
5.163207103E0,7.764150053E-2,-4.289966822E-2,-4.928376526E-2,9.948379397E-1,1.710939762E2,-6.029349511E0,4.456575212E0,1.708400435E2
5.168207103E0,7.744055279E-2,-4.255929589E-2,-4.892151430E-2,9.948861003E-1,1.711170726E2,-5.983649309E0,4.422254141E0,1.708670589E2
5.173207103E0,7.735613079E-2,-4.224566370E-2,-4.873259366E-2,9.949153066E-1,1.711267758E2,-5.958604844E0,4.388688475E0,1.708797033E2
5.178207103E0,7.731808160E-2,-4.203157127E-2,-4.871159792E-2,9.949283600E-1,1.711311490E2,-5.953974332E0,4.364671370E0,1.708856043E2
5.183207103E0,7.726688139E-2,-4.196522757E-2,-4.883284494E-2,9.949291945E-1,1.711370337E2,-5.967010310E0,4.356299538E0,1.708914122E2
5.188207103E0,7.720215528E-2,-4.200783744E-2,-4.906077683E-2,9.949212074E-1,1.711444730E2,-5.993261199E0,4.359473988E0,1.708975839E2
5.193207103E0,7.732966153E-2,-4.188441858E-2,-4.938985780E-2,9.949002266E-1,1.711298181E2,-6.030349350E0,4.341617978E0,1.708823258E2
5.198207103E0,7.755383332E-2,-4.164418951E-2,-4.978263378E-2,9.948732853E-1,1.711040525E2,-6.074025713E0,4.309250042E0,1.708564806E2
5.203207103E0,7.776549278E-2,-4.104812816E-2,-5.028090999E-2,9.948564768E-1,1.710797246E2,-6.126288204E0,4.235364518E0,1.708340859E2
5.208207103E0,7.781962339E-2,-4.063635692E-2,-5.077568069E-2,9.948440194E-1,1.710735029E2,-6.179242341E0,4.183499797E0,1.708286167E2
5.213207103E0,7.780587370E-2,-4.035795853E-2,-5.119689181E-2,9.948348403E-1,1.710750833E2,-6.224767706E0,4.147950336E0,1.708303766E2
5.218207103E0,7.774612738E-2,-3.994347155E-2,-5.155126005E-2,9.948379397E-1,1.710819505E2,-6.261131817E0,4.097776731E0,1.708386714E2
5.223207103E0,7.761643864E-2,-3.939620033E-2,-5.179456249E-2,9.948572516E-1,1.710968568E2,-6.283214534E0,4.033916391E0,1.708564088E2
5.228207103E0,7.742469757E-2,-3.872383013E-2,-5.190726370E-2,9.948927164E-1,1.711188950E2,-6.288906646E0,3.957374115E0,1.708826859E2
5.233207103E0,7.714873730E-2,-3.798795119E-2,-5.189768225E-2,9.949430227E-1,1.711506126E2,-6.279692454E0,3.875232599E0,1.709195574E2
5.238207103E0,7.678578137E-2,-3.732977435E-2,-5.178556964E-2,9.950018525E-1,1.711923280E2,-6.259194718E0,3.803427987E0,1.709662575E2
5.243207103E0,7.636938467E-2,-3.674701601E-2,-5.162334442E-2,9.950640202E-1,1.712401841E2,-6.233530140E0,3.740999756E0,1.710187343E2
5.248207103E0,7.593363436E-2,-3.615229204E-2,-5.147715658E-2,9.951267242E-1,1.712902628E2,-6.209582546E0,3.677161602E0,1.710734217E2
5.253207103E0,7.553871547E-2,-3.551131859E-2,-5.136231333E-2,9.951857924E-1,1.713356475E2,-6.189010332E0,3.607492694E0,1.711235816E2
5.258207103E0,7.521222761E-2,-3.486698866E-2,-5.128728971E-2,9.952371716E-1,1.713731670E2,-6.173277653E0,3.536649235E0,1.711657263E2
5.263207103E0,7.493624194E-2,-3.433709964E-2,-5.124488100E-2,9.952785969E-1,1.714048821E2,-6.162565720E0,3.478257406E0,1.712011584E2
5.268207103E0,7.468589637E-2,-3.389120474E-2,-5.127047002E-2,9.953113794E-1,1.714336502E2,-6.160539753E0,3.428691249E0,1.712328331E2
5.273207103E0,7.438031676E-2,-3.360573202E-2,-5.139333010E-2,9.953376055E-1,1.714687648E2,-6.170962535E0,3.396924670E0,1.712694441E2
5.278207103E0,7.402004763E-2,-3.380591795E-2,-5.156027526E-2,9.953490496E-1,1.715101627E2,-6.190682638E0,3.420549135E0,1.713089244E2
5.283207103E0,7.365015833E-2,-3.426684812E-2,-5.178634450E-2,9.953489900E-1,1.715526649E2,-6.219489297E0,3.473495232E0,1.713475333E2
5.288207103E0,7.326336113E-2,-3.457901999E-2,-5.223098397E-2,9.953435063E-1,1.715971087E2,-6.271907796E0,3.507705307E0,1.713883066E2
5.293207103E0,7.280482068E-2,-3.472078964E-2,-5.287410319E-2,9.953382611E-1,1.716497942E2,-6.345267352E0,3.521258929E0,1.714377655E2
5.298207103E0,7.227068700E-2,-3.488140926E-2,-5.361380056E-2,9.953320026E-1,1.717111631E2,-6.429589906E0,3.536693421E0,1.714954148E2
5.303207103E0,7.165408677E-2,-3.503621742E-2,-5.438255146E-2,9.953294396E-1,1.717820039E2,-6.516889673E0,3.551845033E0,1.715624458E2
5.308207103E0,7.099925344E-2,-3.533989564E-2,-5.510449037E-2,9.953259230E-1,1.718572339E2,-6.599988517E0,3.584738135E0,1.716329389E2
5.313207103E0,7.037080884E-2,-3.601041809E-2,-5.573559925E-2,9.953113794E-1,1.719294290E2,-6.675950417E0,3.660185061E0,1.716980208E2
5.318207103E0,6.984175841E-2,-3.638172150E-2,-5.587555096E-2,9.953272939E-1,1.719902032E2,-6.693291070E0,3.704951471E0,1.717555819E2
5.323207103E0,6.939658937E-2,-3.578933328E-2,-5.524305627E-2,9.954152107E-1,1.720413399E2,-6.614003454E0,3.645504401E0,1.718132983E2
5.328207103E0,6.880307945E-2,-3.590376303E-2,-5.466224253E-2,9.954843521E-1,1.721095141E2,-6.546228651E0,3.667222067E0,1.718827633E2
5.333207103E0,6.858740457E-2,-3.528624028E-2,-5.394886434E-2,9.955602288E-1,1.721342871E2,-6.458383627E0,3.603915892E0,1.719144678E2
5.338207103E0,6.855634332E-2,-3.467613086E-2,-5.334662274E-2,9.956162572E-1,1.721378549E2,-6.384042295E0,3.539333314E0,1.719244194E2
5.343207103E0,6.866824003E-2,-3.371925652E-2,-5.304433405E-2,9.956575632E-1,1.721250022E2,-6.341657225E0,3.431819587E0,1.719192029E2
5.348207103E0,6.870982184E-2,-3.271035105E-2,-5.301694945E-2,9.956898093E-1,1.721202260E2,-6.330106818E0,3.316593533E0,1.719214190E2
5.353207103E0,6.864363045E-2,-3.183322772E-2,-5.308580026E-2,9.957191348E-1,1.721278289E2,-6.330365413E0,3.216320430E0,1.719347743E2
5.358207103E0,6.851241512E-2,-3.098758496E-2,-5.314185098E-2,9.957518578E-1,1.721429005E2,-6.329247924E0,3.120159102E0,1.719554139E2
5.363207103E0,6.842116554E-2,-3.014926054E-2,-5.314746499E-2,9.957835674E-1,1.721533816E2,-6.322572469E0,3.024986680E0,1.719715577E2
5.368207103E0,6.837729937E-2,-2.929971553E-2,-5.314523354E-2,9.958120584E-1,1.721584201E2,-6.315075002E0,2.928296298E0,1.719823421E2
5.373207103E0,6.832467985E-2,-2.849373594E-2,-5.314408988E-2,9.958391190E-1,1.721644639E2,-6.308064165E0,2.836626404E0,1.719938158E2
5.378207103E0,6.832920717E-2,-2.773201652E-2,-5.311789736E-2,9.958617091E-1,1.721639439E2,-6.298731532E0,2.749849172E0,1.719984841E2
5.383207103E0,6.838488692E-2,-2.698076889E-2,-5.308895186E-2,9.958800673E-1,1.721575485E2,-6.289318112E0,2.663967622E0,1.719971991E2
5.388207103E0,6.849577941E-2,-2.626086213E-2,-5.305763334E-2,9.958933592E-1,1.721448113E2,-6.280037814E0,2.581336900E0,1.719893557E2
5.393207103E0,6.866479110E-2,-2.553834207E-2,-5.300276354E-2,9.959034324E-1,1.721253983E2,-6.268175640E0,2.498234202E0,1.719749004E2
5.398207103E0,6.885398495E-2,-2.478938363E-2,-5.294936523E-2,9.959121346E-1,1.721036669E2,-6.256294065E0,2.411979226E0,1.719582793E2
5.403207103E0,6.910152090E-2,-2.406192385E-2,-5.280982330E-2,9.959202409E-1,1.720752336E2,-6.234839850E0,2.328513195E0,1.719349985E2
5.408207103E0,6.941716549E-2,-2.356904000E-2,-5.240865797E-2,9.959312677E-1,1.720389763E2,-6.185505214E0,2.273529714E0,1.719029205E2
5.413207103E0,6.976474196E-2,-2.331143804E-2,-5.164792016E-2,9.959527850E-1,1.719990502E2,-6.097009051E0,2.248162821E0,1.718664079E2
5.418207103E0,7.032737805E-2,-2.295013703E-2,-5.077610165E-2,9.959664345E-1,1.719344181E2,-5.995385433E0,2.210631831E0,1.718060672E2
5.423207103E0,7.110476226E-2,-2.235977538E-2,-4.998576269E-2,9.959646463E-1,1.718451129E2,-5.901577948E0,2.145118800E0,1.717222518E2
5.428207103E0,7.199771447E-2,-2.152736671E-2,-4.939610139E-2,9.959482551E-1,1.717425251E2,-5.828821918E0,2.049762500E0,1.716261262E2
5.433207103E0,7.294608134E-2,-2.045847476E-2,-4.910707101E-2,9.959160686E-1,1.716335638E2,-5.788388331E0,1.924669965E0,1.715243655E2
5.438207103E0,7.391221508E-2,-1.935636252E-2,-4.903387278E-2,9.958704710E-1,1.715225533E2,-5.772190731E0,1.793906252E0,1.714202814E2
5.443207103E0,7.479307141E-2,-1.842462644E-2,-4.897589982E-2,9.958252311E-1,1.714213344E2,-5.758877765E0,1.682978930E0,1.713248869E2
5.448207103E0,7.560609188E-2,-1.766694337E-2,-4.881724715E-2,9.957853556E-1,1.713279046E2,-5.735317472E0,1.593211579E0,1.712363596E2
5.453207103E0,7.635506585E-2,-1.702007093E-2,-4.848446324E-2,9.957557321E-1,1.712418297E2,-5.692604669E0,1.518034331E0,1.711547430E2
5.458207103E0,7.711271355E-2,-1.640263014E-2,-4.801617935E-2,9.957304001E-1,1.711547529E2,-5.634570427E0,1.447438421E0,1.710720886E2
5.463207103E0,7.793401502E-2,-1.578890905E-2,-4.747876525E-2,9.957021475E-1,1.710603546E2,-5.568656657E0,1.377619511E0,1.709821181E2
5.468207103E0,7.881485244E-2,-1.523310039E-2,-4.693191126E-2,9.956673980E-1,1.709591066E2,-5.502176311E0,1.314270705E0,1.708849011E2
5.473207103E0,7.973546558E-2,-1.474158280E-2,-4.646213353E-2,9.956235290E-1,1.708532791E2,-5.445063033E0,1.257443853E0,1.707825724E2
5.478207103E0,8.064184059E-2,-1.415679883E-2,-4.614637047E-2,9.955736995E-1,1.707490806E2,-5.404572075E0,1.188721556E0,1.706821531E2
5.483207103E0,8.152324733E-2,-1.361586805E-2,-4.595464468E-2,9.955183268E-1,1.706477452E2,-5.378541023E0,1.124040465E0,1.705841614E2
5.488207103E0,8.233245477E-2,-1.331731677E-2,-4.580520093E-2,9.954626560E-1,1.705547040E2,-5.359492531E0,1.087039132E0,1.704930351E2
5.493207103E0,8.300192158E-2,-1.297370065E-2,-4.572271183E-2,9.954153895E-1,1.704777253E2,-5.347461149E0,1.045035367E0,1.704181235E2
5.498207103E0,8.351672620E-2,-1.248371508E-2,-4.568855464E-2,9.953801632E-1,1.704185275E2,-5.339323647E0,9.867146216E-1,1.703617274E2
5.503207103E0,8.393280556E-2,-1.203446835E-2,-4.562053084E-2,9.953538179E-1,1.703706803E2,-5.327566524E0,9.339046761E-1,1.703164681E2
5.508207103E0,8.425454890E-2,-1.168393530E-2,-4.549162090E-2,9.953367114E-1,1.703336802E2,-5.309694347E0,8.934577492E-1,1.702815455E2
5.513207103E0,8.447254076E-2,-1.138843503E-2,-4.532500356E-2,9.953292608E-1,1.703086108E2,-5.287940738E0,8.602166511E-1,1.702582603E2
5.518207103E0,8.462265469E-2,-1.114386693E-2,-4.514074326E-2,9.953276515E-1,1.702913472E2,-5.264602701E0,8.333242271E-1,1.702424980E2
5.523207103E0,8.472755468E-2,-1.098452322E-2,-4.496560246E-2,9.953284264E-1,1.702792832E2,-5.243102712E0,8.163071418E-1,1.702314511E2
5.528207103E0,8.478156333E-2,-1.089439448E-2,-4.482217133E-2,9.953312874E-1,1.702730719E2,-5.225865100E0,8.071452293E-1,1.702258469E2
5.533207103E0,8.475775082E-2,-1.088045072E-2,-4.472887143E-2,9.953376651E-1,1.702758105E2,-5.215044505E0,8.065912328E-1,1.702287324E2
5.538207103E0,8.466379414E-2,-1.090487931E-2,-4.469659179E-2,9.953468442E-1,1.702866160E2,-5.211519319E0,8.101840687E-1,1.702394222E2
5.543207103E0,8.456092698E-2,-1.084761601E-2,-4.471942410E-2,9.953551888E-1,1.702984461E2,-5.213483234E0,8.039680935E-1,1.702515302E2
5.548207103E0,8.439222853E-2,-1.070594043E-2,-4.475515336E-2,9.953694344E-1,1.703178469E2,-5.216042862E0,7.883436085E-1,1.702716447E2
5.553207103E0,8.417638215E-2,-1.057415083E-2,-4.479261488E-2,9.953874350E-1,1.703426694E2,-5.218866393E0,7.740776809E-1,1.702971218E2
5.558207103E0,8.396069401E-2,-1.049335487E-2,-4.479521886E-2,9.954063892E-1,1.703674732E2,-5.218209303E0,7.659659534E-1,1.703223334E2
5.563207103E0,8.377584719E-2,-1.040699519E-2,-4.476143420E-2,9.954243898E-1,1.703887300E2,-5.213365837E0,7.574092125E-1,1.703440582E2
5.568207103E0,8.357672548E-2,-1.031909697E-2,-4.473514482E-2,9.954432249E-1,1.704116280E2,-5.209357014E0,7.486775530E-1,1.703674245E2
5.573207103E0,8.345577953E-2,-1.029648725E-2,-4.464109987E-2,9.954578280E-1,1.704255360E2,-5.198297066E0,7.476350017E-1,1.703815097E2
5.578207103E0,8.332364059E-2,-1.030024793E-2,-4.455203563E-2,9.954728484E-1,1.704407309E2,-5.188053510E0,7.496082416E-1,1.703967361E2
5.583207103E0,8.316876201E-2,-1.026635710E-2,-4.450295120E-2,9.954883456E-1,1.704585405E2,-5.181999198E0,7.470187268E-1,1.704147456E2
5.588207103E0,8.301179957E-2,-1.026366092E-2,-4.446862638E-2,9.955030084E-1,1.704765895E2,-5.177932053E0,7.478554466E-1,1.704328172E2
5.593207103E0,8.284753809E-2,-1.027431618E-2,-4.444957897E-2,9.955174327E-1,1.704954775E2,-5.175734133E0,7.501059946E-1,1.704516448E2
5.598207103E0,8.268974949E-2,-1.028312091E-2,-4.443965852E-2,9.955309033E-1,1.705136210E2,-5.174566091E0,7.520241622E-1,1.704697316E2
5.603207103E0,8.255116198E-2,-1.028299145E-2,-4.443429783E-2,9.955426455E-1,1.705295564E2,-5.173847710E0,7.527797503E-1,1.704856567E2
5.608207103E0,8.240773905E-2,-1.026905701E-2,-4.441929236E-2,9.955553412E-1,1.705460477E2,-5.171890940E0,7.520769570E-1,1.705022175E2
5.613207103E0,8.223704458E-2,-1.026838645E-2,-4.438176379E-2,9.955711365E-1,1.705656745E2,-5.167465741E0,7.532416500E-1,1.705218573E2
5.618207103E0,8.203340476E-2,-1.023099851E-2,-4.437015578E-2,9.955888391E-1,1.705890890E2,-5.165629103E0,7.501415549E-1,1.705454567E2
5.623207103E0,8.181950443E-2,-1.018179674E-2,-4.438722879E-2,9.956061840E-1,1.706136828E2,-5.166953045E0,7.454756486E-1,1.705702757E2
5.628207103E0,8.160812451E-2,-1.021169499E-2,-4.436707124E-2,9.956241250E-1,1.706379865E2,-5.164773975E0,7.501717445E-1,1.705944127E2
5.633207103E0,8.134566128E-2,-1.016208064E-2,-4.433477670E-2,9.956475496E-1,1.706681628E2,-5.160416138E0,7.461735960E-1,1.706248476E2
5.638207103E0,8.092340870E-2,-9.923383594E-3,-4.434638098E-2,9.956838489E-1,1.707167095E2,-5.159185332E0,7.210167958E-1,1.706746039E2
5.643207103E0,8.061795361E-2,-9.920975193E-3,-4.427018762E-2,9.957120419E-1,1.707518268E2,-5.150230686E0,7.230303383E-1,1.707097553E2
5.648207103E0,8.020140969E-2,-9.902478196E-3,-4.419966415E-2,9.957489967E-1,1.707997143E2,-5.141693267E0,7.237230789E-1,1.707577459E2
5.653207103E0,7.973821911E-2,-1.021826454E-2,-4.385395721E-2,9.957982898E-1,1.708529625E2,-5.104751703E0,7.653217858E-1,1.708095393E2
5.658207103E0,7.927521091E-2,-1.067197509E-2,-4.327538610E-2,9.958558083E-1,1.709061879E2,-5.042418336E0,8.247534458E-1,1.708608062E2
5.663207103E0,7.890378355E-2,-1.107792743E-2,-4.260982946E-2,9.959095716E-1,1.709488841E2,-4.969731128E0,8.790132973E-1,1.709019343E2
5.668207103E0,7.865434831E-2,-1.141506806E-2,-4.198833928E-2,9.959518909E-1,1.709775563E2,-4.901530675E0,9.243692075E-1,1.709294214E2
5.673207103E0,7.856499166E-2,-1.170849148E-2,-4.145072401E-2,9.959780574E-1,1.709878276E2,-4.842656538E0,9.631673420E-1,1.709387099E2
5.678207103E0,7.887735152E-2,-1.193006337E-2,-4.096332192E-2,9.959709048E-1,1.709519224E2,-4.789261374E0,9.913716080E-1,1.709022000E2
5.683207103E0,7.913939155E-2,-1.216862351E-2,-4.046587273E-2,9.959675670E-1,1.709218007E2,-4.734842023E0,1.021879689E0,1.708714194E2
5.688207103E0,7.935802421E-2,-1.235486940E-2,-3.993226960E-2,9.959694147E-1,1.708966682E2,-4.675777690E0,1.046981190E0,1.708459423E2
5.693207103E0,7.961636074E-2,-1.250401512E-2,-3.934348747E-2,9.959703684E-1,1.708669710E2,-4.610115998E0,1.068197676E0,1.708161630E2
5.698207103E0,7.994038963E-2,-1.261295937E-2,-3.872067109E-2,9.959674478E-1,1.708297213E2,-4.540273548E0,1.084874628E0,1.707790836E2
5.703207103E0,8.031006234E-2,-1.267840527E-2,-3.808861598E-2,9.959612489E-1,1.707872233E2,-4.469031431E0,1.096513487E0,1.707369885E2
5.708207103E0,8.074641396E-2,-1.267564017E-2,-3.748799115E-2,9.959487915E-1,1.707370582E2,-4.400825923E0,1.099833406E0,1.706875202E2
5.713207103E0,8.126805934E-2,-1.257992070E-2,-3.694489598E-2,9.959278703E-1,1.706770849E2,-4.338417006E0,1.091694310E0,1.706286084E2
5.718207103E0,8.185845380E-2,-1.236181147E-2,-3.648183495E-2,9.958993196E-1,1.706092045E2,-4.284059833E0,1.068602230E0,1.705622444E2
5.723207103E0,8.249434931E-2,-1.200821809E-2,-3.614551947E-2,9.958634377E-1,1.705360890E2,-4.242913531E0,1.028714387E0,1.704910932E2
5.728207103E0,8.313079499E-2,-1.160291675E-2,-3.590110317E-2,9.958241582E-1,1.704629063E2,-4.211724646E0,9.820951800E-1,1.704199819E2
5.733207103E0,8.375377123E-2,-1.113915443E-2,-3.575539961E-2,9.957824945E-1,1.703912687E2,-4.191180445E0,9.279486300E-1,1.703505519E2
5.738207103E0,8.432622155E-2,-1.054967567E-2,-3.574234992E-2,9.957410693E-1,1.703254378E2,-4.184458301E0,8.584063145E-1,1.702873363E2
5.743207103E0,8.477839096E-2,-1.008039806E-2,-3.574630246E-2,9.957073927E-1,1.702734368E2,-4.180689906E0,8.029249716E-1,1.702373983E2
5.748207103E0,8.507589112E-2,-9.769893251E-3,-3.571508452E-2,9.956862330E-1,1.702392222E2,-4.174304048E0,7.665550921E-1,1.702045713E2
5.753207103E0,8.519663273E-2,-9.552434087E-3,-3.568547964E-2,9.956790805E-1,1.702253358E2,-4.168870303E0,7.415284795E-1,1.701916537E2
5.758207103E0,8.516969366E-2,-9.467434138E-3,-3.566433117E-2,9.956829548E-1,1.702284340E2,-4.165596417E0,7.321502815E-1,1.701951317E2
5.763207103E0,8.505782845E-2,-9.517721832E-3,-3.566830605E-2,9.956918955E-1,1.702412995E2,-4.166463381E0,7.383166399E-1,1.702077701E2
5.768207103E0,8.501141025E-2,-9.520180523E-3,-3.572170064E-2,9.956939220E-1,1.702466380E2,-4.172553790E0,7.382689546E-1,1.702130557E2
5.773207103E0,8.494456462E-2,-9.393604472E-3,-3.579950705E-2,9.956980348E-1,1.702543257E2,-4.180150147E0,7.233463425E-1,1.702212289E2
5.778207103E0,8.479755594E-2,-9.292836301E-3,-3.590560332E-2,9.957076907E-1,1.702712327E2,-4.191177278E0,7.114303151E-1,1.702384859E2
5.783207103E0,8.467482624E-2,-9.287904017E-3,-3.594360128E-2,9.957168102E-1,1.702853473E2,-4.195383049E0,7.110134906E-1,1.702525865E2
5.788207103E0,8.452113475E-2,-9.243046865E-3,-3.597508743E-2,9.957291484E-1,1.703030224E2,-4.198432556E0,7.062360326E-1,1.702704231E2
5.793207103E0,8.439288215E-2,-9.175913408E-3,-3.599475324E-2,9.957399368E-1,1.703177717E2,-4.199933473E0,6.989252862E-1,1.702854406E2
5.798207103E0,8.431092188E-2,-9.164389223E-3,-3.599354252E-2,9.957470298E-1,1.703271973E2,-4.199625357E0,6.979674734E-1,1.702949112E2
5.803207103E0,8.428479696E-2,-9.205096401E-3,-3.597507998E-2,9.957495332E-1,1.703302017E2,-4.197894393E0,7.029014138E-1,1.702977502E2
5.808207103E0,8.429388632E-2,-9.258303791E-3,-3.595001996E-2,9.957491755E-1,1.703291564E2,-4.195556208E0,7.091773068E-1,1.702964926E2
5.813207103E0,8.432961491E-2,-9.303763509E-3,-3.591390699E-2,9.957470298E-1,1.703250476E2,-4.191898751E0,7.145643808E-1,1.702922150E2
5.818207103E0,8.436654795E-2,-9.338508360E-3,-3.587762266E-2,9.957448840E-1,1.703208002E2,-4.188118417E0,7.187257342E-1,1.702878456E2
5.823207103E0,8.440276737E-2,-9.361268952E-3,-3.585597500E-2,9.957423806E-1,1.703166349E2,-4.185893265E0,7.213807970E-1,1.702835999E2
5.828207103E0,8.446401896E-2,-9.384575300E-3,-3.598350286E-2,9.957323670E-1,1.703095908E2,-4.200736640E0,7.225434657E-1,1.702763680E2
5.833207103E0,8.456422918E-2,-9.447652847E-3,-3.615346923E-2,9.957171082E-1,1.702980664E2,-4.220846673E0,7.276644232E-1,1.702644543E2
5.838207103E0,8.462199336E-2,-9.569956921E-3,-3.624048457E-2,9.957078695E-1,1.702914233E2,-4.232028808E0,7.405272423E-1,1.702572181E2
5.843207103E0,8.454817036E-2,-9.775611572E-3,-3.621377423E-2,9.957131147E-1,1.702999132E2,-4.230934682E0,7.645656884E-1,1.702648231E2
5.848207103E0,8.441326159E-2,-1.003380679E-2,-3.607246652E-2,9.957271218E-1,1.703154281E2,-4.217208683E0,7.959715819E-1,1.702793091E2
5.853207103E0,8.434717374E-2,-1.034768578E-2,-3.587790206E-2,9.957365394E-1,1.703230283E2,-4.197990926E0,8.339545267E-1,1.702856932E2
5.858207103E0,8.426737495E-2,-1.075249072E-2,-3.564121947E-2,9.957475066E-1,1.703322052E2,-4.174832840E0,8.827765421E-1,1.702933065E2
5.863207103E0,8.416939117E-2,-1.108455844E-2,-3.548258170E-2,9.957578182E-1,1.703434734E2,-4.159859787E0,9.226151873E-1,1.703032706E2
5.868207103E0,8.438259755E-2,-1.096197963E-2,-3.531999886E-2,9.957469106E-1,1.703189545E2,-4.140280369E0,9.093180789E-1,1.702794423E2
5.873207103E0,8.518936933E-2,-1.061675884E-2,-3.522444516E-2,9.956853390E-1,1.702261711E2,-4.126688444E0,8.675144930E-1,1.701882788E2
5.878207103E0,8.598944728E-2,-1.060705073E-2,-3.506207466E-2,9.956223965E-1,1.701341513E2,-4.108735808E0,8.647004897E-1,1.700964908E2
5.883207103E0,8.623132252E-2,-1.108941529E-2,-3.476436064E-2,9.956066608E-1,1.701063311E2,-4.079753322E0,9.216903711E-1,1.700668921E2
5.888207103E0,8.638710434E-2,-1.203215029E-2,-3.371364623E-2,9.956183434E-1,1.700884129E2,-3.969307126E0,1.039059222E0,1.700460336E2
5.893207103E0,8.595540507E-2,-1.345033664E-2,-3.199094906E-2,9.956943989E-1,1.701380667E2,-3.786203656E0,1.219647657E0,1.700917937E2
5.898207103E0,8.559461410E-2,-1.471176930E-2,-3.004530072E-2,9.957682490E-1,1.701795633E2,-3.576031436E0,1.384148198E0,1.701308389E2
5.903207103E0,8.558742815E-2,-1.539135352E-2,-2.829759009E-2,9.958097935E-1,1.701803898E2,-3.383121620E0,1.478961725E0,1.701315997E2
5.908207103E0,8.632493399E-2,-1.561392099E-2,-2.683521993E-2,9.957831502E-1,1.700955639E2,-3.219397756E0,1.516398770E0,1.700481587E2
5.913207103E0,8.756809614E-2,-1.607032306E-2,-2.536392771E-2,9.957059026E-1,1.699525664E2,-3.057882435E0,1.579299698E0,1.699058660E2
5.918207103E0,8.869448413E-2,-1.657708921E-2,-2.390868962E-2,9.956339002E-1,1.698229877E2,-2.898691240E0,1.648528826E0,1.697769538E2
5.923207103E0,8.980109231E-2,-1.693207026E-2,-2.252194658E-2,9.955610633E-1,1.696956716E2,-2.745866714E0,1.700148166E0,1.696508176E2
5.928207103E0,9.094206779E-2,-1.740323193E-2,-2.090972289E-2,9.954845309E-1,1.695643883E2,-2.568703100E0,1.767634568E0,1.695208804E2
5.933207103E0,9.204883944E-2,-1.845159195E-2,-1.863998547E-2,9.954090118E-1,1.694370274E2,-2.322730632E0,1.908427442E0,1.693946899E2
5.938207103E0,9.316363464E-2,-1.964702271E-2,-1.606210135E-2,9.953273535E-1,1.693087299E2,-2.043494081E0,2.069837986E0,1.692683566E2
5.943207103E0,9.449769407E-2,-2.056845836E-2,-1.344268490E-2,9.952217937E-1,1.691551805E2,-1.757357624E0,2.200684703E0,1.691181392E2
5.948207103E0,9.621842143E-2,-2.126431651E-2,-1.080190949E-2,9.950744510E-1,1.689570970E2,-1.467516242E0,2.306231840E0,1.689244047E2
5.953207103E0,9.757996780E-2,-2.165297978E-2,-7.925230078E-3,9.949605465E-1,1.688003376E2,-1.146774383E0,2.380810992E0,1.687735195E2
5.958207103E0,9.851651582E-2,-2.197494917E-2,-4.156627227E-3,9.948840737E-1,1.686924975E2,-7.226409603E-1,2.459091109E0,1.686741491E2
5.963207103E0,9.887717788E-2,-2.398026176E-2,-1.991687168E-4,9.948106408E-1,1.686509659E2,-2.947491509E-1,2.732454527E0,1.686406607E2
5.968207103E0,9.898512506E-2,-2.395693213E-2,4.113134928E-3,9.947919846E-1,1.686385351E2,1.973681760E-1,2.778708681E0,1.686399529E2
5.973207103E0,9.868000343E-2,-2.363752760E-2,7.960985415E-3,9.948065877E-1,1.686736714E2,6.410041270E-1,2.785713327E0,1.686857212E2
5.978207103E0,9.808124117E-2,-2.194203623E-2,1.075558085E-2,9.948783517E-1,1.687426190E2,9.806491184E-1,2.623295850E0,1.687616996E2
5.983207103E0,9.714970117E-2,-2.089026943E-2,1.278228220E-2,9.949684143E-1,1.688498779E2,1.226093833E0,2.524920056E0,1.688735432E2
5.988207103E0,9.619765249E-2,-1.981706917E-2,1.385621261E-2,9.950684905E-1,1.689594880E2,1.362859445E0,2.413126509E0,1.689849542E2
5.993207103E0,9.536485101E-2,-1.957567595E-2,1.420289930E-2,9.951485395E-1,1.690553608E2,1.407076816E0,2.388225276E0,1.690814796E2
5.998207103E0,9.484528976E-2,-1.966606081E-2,1.386533119E-2,9.952011704E-1,1.691151693E2,1.368810228E0,2.394141677E0,1.691406111E2
6.003207103E0,9.450360155E-2,-2.024191245E-2,1.314783283E-2,9.952318668E-1,1.691545005E2,1.281520531E0,2.451622435E0,1.691787531E2
6.008207103E0,9.421623023E-2,-2.093018405E-2,1.224739105E-2,9.952563643E-1,1.691875784E2,1.172035039E0,2.520085194E0,1.692101686E2
6.013207103E0,9.392155383E-2,-2.158666775E-2,1.124235708E-2,9.952820539E-1,1.692214963E2,1.050999565E0,2.583852265E0,1.692419959E2
6.018207103E0,9.358043181E-2,-2.201915160E-2,1.029556617E-2,9.953149557E-1,1.692607589E2,9.391604241E-1,2.622708168E0,1.692790748E2
6.023207103E0,9.332471550E-2,-2.226148732E-2,9.531818330E-3,9.953411818E-1,1.692901906E2,8.500425885E-1,2.641965535E0,1.693066418E2
6.028207103E0,9.315466138E-2,-2.239871025E-2,9.037302807E-3,9.953586459E-1,1.693097627E2,7.925659068E-1,2.652208053E0,1.693249814E2
6.033207103E0,9.302838842E-2,-2.241071127E-2,8.822048083E-3,9.953721166E-1,1.693242956E2,7.681948080E-1,2.651184943E0,1.693389653E2
6.038207103E0,9.292320787E-2,-2.232220583E-2,8.809907362E-3,9.953840375E-1,1.693364008E2,7.680280197E-1,2.640873794E0,1.693510234E2
6.043207103E0,9.283336712E-2,-2.212657779E-2,8.909832686E-3,9.953958988E-1,1.693467405E2,7.817512267E-1,2.619539849E0,1.693615738E2
6.048207103E0,9.274830161E-2,-2.188226953E-2,9.020010009E-3,9.954082370E-1,1.693565305E2,7.971440818E-1,2.592760452E0,1.693715791E2
6.053207103E0,9.266857610E-2,-2.165132947E-2,9.074442089E-3,9.954202175E-1,1.693657059E2,8.060112110E-1,2.566917328E0,1.693808243E2
6.058207103E0,9.259968419E-2,-2.149421163E-2,9.046198800E-3,9.954302907E-1,1.693736344E2,8.046251700E-1,2.548630667E0,1.693886344E2
6.063207103E0,9.254660114E-2,-2.140471525E-2,8.941813372E-3,9.954380989E-1,1.693797435E2,7.937872460E-1,2.537267924E0,1.693944558E2
6.068207103E0,9.250193780E-2,-2.137467824E-2,8.777583018E-3,9.954443574E-1,1.693848836E2,7.754651292E-1,2.532065280E0,1.693991786E2
6.073207103E0,9.245413895E-2,-2.140457742E-2,8.577388711E-3,9.954499006E-1,1.693903846E2,7.524109926E-1,2.533321660E0,1.694041914E2
6.078207103E0,9.237296899E-2,-2.147731185E-2,8.368289098E-3,9.954576492E-1,1.693997259E2,7.279730526E-1,2.539350329E0,1.694130355E2
6.083207103E0,9.222763213E-2,-2.161709592E-2,8.169694804E-3,9.954697490E-1,1.694164517E2,7.041932050E-1,2.553100978E0,1.694293087E2
6.088207103E0,9.201528652E-2,-2.180889435E-2,8.004563861E-3,9.954865575E-1,1.694408886E2,6.838643939E-1,2.573101945E0,1.694533886E2
6.093207103E0,9.181517922E-2,-2.194929682E-2,7.864025421E-3,9.955030680E-1,1.694639167E2,6.668595481E-1,2.587512215E0,1.694761043E2
6.098207103E0,9.167130137E-2,-2.203454822E-2,7.756590378E-3,9.955152869E-1,1.694804737E2,6.540714628E-1,2.596018694E0,1.694924147E2
6.103207103E0,9.156315204E-2,-2.212788165E-2,7.697078865E-3,9.955236316E-1,1.694929191E2,6.465806053E-1,2.605976826E0,1.695047330E2
6.108207103E0,9.147746823E-2,-2.224075608E-2,7.658089511E-3,9.955292940E-1,1.695027791E2,6.411721773E-1,2.618396438E0,1.695145191E2
6.113207103E0,9.139931624E-2,-2.233599313E-2,7.608783431E-3,9.955347180E-1,1.695117723E2,6.347519349E-1,2.628700699E0,1.695234068E2
6.118207103E0,9.133048664E-2,-2.242094837E-2,7.529912051E-3,9.955397248E-1,1.695196927E2,6.250392896E-1,2.637529110E0,1.695311410E2
6.123207103E0,9.127128936E-2,-2.252422273E-2,7.418536581E-3,9.955436587E-1,1.695265047E2,6.113987904E-1,2.648116164E0,1.695376818E2
6.128207103E0,9.122504503E-2,-2.265719138E-2,7.285279687E-3,9.955458641E-1,1.695318261E2,5.949160248E-1,2.661873511E0,1.695426739E2
6.133207103E0,9.120101414E-2,-2.279716171E-2,7.139903493E-3,9.955459237E-1,1.695345914E2,5.769173826E-1,2.676317945E0,1.695450721E2
6.138207103E0,9.119913733E-2,-2.292454801E-2,7.004040293E-3,9.955441356E-1,1.695348073E2,5.600769559E-1,2.689438612E0,1.695449384E2
6.143207103E0,9.122369867E-2,-2.304184251E-2,6.891435012E-3,9.955399632E-1,1.695319810E2,5.459261209E-1,2.701664788E0,1.695418173E2
6.148207103E0,9.126145785E-2,-2.314056829E-2,6.800605915E-3,9.955348372E-1,1.695276360E2,5.344194009E-1,2.712005363E0,1.695372305E2
6.153207103E0,9.130769244E-2,-2.319789864E-2,6.725931074E-3,9.955297709E-1,1.695223157E2,5.251658984E-1,2.717793333E0,1.695317075E2
6.158207103E0,9.136244835E-2,-2.319598943E-2,6.668021902E-3,9.955251813E-1,1.695160148E2,5.184223793E-1,2.716998368E0,1.695252457E2
6.163207103E0,9.145114955E-2,-2.297384664E-2,6.594498176E-3,9.955226779E-1,1.695058077E2,5.121068175E-1,2.690918244E0,1.695148283E2
6.168207103E0,9.158632009E-2,-2.241962962E-2,6.490287837E-3,9.955235720E-1,1.694902530E2,5.056462967E-1,2.626635549E0,1.694989735E2
6.173207103E0,9.178890015E-2,-2.162276767E-2,6.386191119E-3,9.955232143E-1,1.694669408E2,5.015913005E-1,2.534692264E0,1.694753519E2
6.178207103E0,9.207169030E-2,-2.069117874E-2,6.311802659E-3,9.955173731E-1,1.694343977E2,5.021891324E-1,2.427725895E0,1.694425586E2
6.183207103E0,9.242059493E-2,-1.972252317E-2,6.287859287E-3,9.955048561E-1,1.693942449E2,5.088456671E-1,2.317099367E0,1.694022559E2
6.188207103E0,9.281844308E-2,-1.877379604E-2,6.323115434E-3,9.954859614E-1,1.693484581E2,5.220181395E-1,2.209408925E0,1.693564276E2
6.193207103E0,9.325841170E-2,-1.784739271E-2,6.416311953E-3,9.954612851E-1,1.692978218E2,5.415631331E-1,2.104920343E0,1.693058400E2
6.198207103E0,9.371460909E-2,-1.692023873E-2,6.534067448E-3,9.954338670E-1,1.692453155E2,5.639781644E-1,2.000638423E0,1.692533882E2
6.203207103E0,9.417395593E-2,-1.593676396E-2,6.651050877E-3,9.954059720E-1,1.691924444E2,5.870002791E-1,1.889946724E0,1.692005100E2
6.208207103E0,9.463639187E-2,-1.485470217E-2,6.721728481E-3,9.953783751E-1,1.691392154E2,6.059008107E-1,1.767530778E0,1.691471137E2
6.213207103E0,9.508548460E-2,-1.361870486E-2,6.708789151E-3,9.953533411E-1,1.690875200E2,6.170696603E-1,1.626654535E0,1.690950186E2
6.218207103E0,9.550494445E-2,-1.218732540E-2,6.579717156E-3,9.953325987E-1,1.690392337E2,6.172950404E-1,1.462213829E0,1.690460564E2
6.223207103E0,9.591640556E-2,-1.050866581E-2,6.306115072E-3,9.953139424E-1,1.689918663E2,6.038973785E-1,1.267976763E0,1.689977195E2
6.228207103E0,9.643529390E-2,-8.468986489E-3,5.888011772E-3,9.952858090E-1,1.689321291E2,5.780511172E-1,1.031021484E0,1.689367396E2
6.233207103E0,9.700741923E-2,-6.037906744E-3,5.309944507E-3,9.952511787E-1,1.688662596E2,5.385202891E-1,7.476552600E-1,1.688694122E2
6.238207103E0,9.764942282E-2,-3.273644485E-3,4.585810937E-3,9.952049255E-1,1.687923404E2,4.863632092E-1,4.246514323E-1,1.687939643E2
6.243207103E0,9.837902197E-2,-2.384014952E-4,3.718356835E-3,9.951420426E-1,1.687083300E2,4.213388757E-1,6.910464660E-2,1.687085055E2
6.248207103E0,9.917777976E-2,2.796381479E-3,2.940192586E-3,9.950614572E-1,1.686163493E2,3.670451154E-1,-2.854452772E-1,1.686153410E2
6.253207103E0,9.991751342E-2,4.576617852E-3,2.852302976E-3,9.949811101E-1,1.685311589E2,3.776268354E-1,-4.891575776E-1,1.685293796E2
6.258207103E0,1.008393951E-1,4.541380797E-3,2.899537561E-3,9.948881269E-1,1.684249828E2,3.830577952E-1,-4.842442793E-1,1.684231954E2
6.263207103E0,1.016399691E-1,2.967583481E-3,3.131876234E-3,9.948118925E-1,1.683327700E2,3.915968098E-1,-3.018199247E-1,1.683316296E2
6.268207103E0,1.021311544E-1,1.304662786E-3,3.538949415E-3,9.947637916E-1,1.682761898E2,4.186836810E-1,-1.073029467E-1,1.682757141E2
6.273207103E0,1.024873478E-1,7.430299884E-4,3.639313625E-3,9.947273731E-1,1.682351578E2,4.235660073E-1,-4.195525852E-2,1.682349212E2
6.278207103E0,1.027616145E-1,1.517885597E-3,3.359712195E-3,9.946991801E-1,1.682035623E2,4.008322621E-1,-1.334523170E-1,1.682030150E2
6.283207103E0,1.030050308E-1,2.947069937E-3,3.136656247E-3,9.946715236E-1,1.681755200E2,3.923132563E-1,-2.988876738E-1,1.681743869E2
6.288207103E0,1.032394013E-1,4.138744902E-3,3.120032605E-3,9.946430326E-1,1.681485192E2,4.045919986E-1,-4.348176598E-1,1.681468242E2
6.293207103E0,1.035411396E-1,4.168124404E-3,3.057053545E-3,9.946117401E-1,1.681137562E2,3.978943717E-1,-4.387907994E-1,1.681120733E2
6.298207103E0,1.036839099E-1,3.060543910E-3,3.037571674E-3,9.946009517E-1,1.680973074E2,3.825725572E-1,-3.127302341E-1,1.680961523E2
6.303207103E0,1.036594744E-1,1.920970157E-3,3.328321502E-3,9.946054220E-1,1.681001227E2,4.021635902E-1,-1.794042966E-1,1.680994049E2
6.308207103E0,1.035981190E-1,1.267502899E-3,3.648233367E-3,9.946117401E-1,1.681071916E2,4.308560055E-1,-1.011526745E-1,1.681067222E2
6.313207103E0,1.034997299E-1,1.438145991E-3,3.548707813E-3,9.946221113E-1,1.681185271E2,4.215264797E-1,-1.218248422E-1,1.681179915E2
6.318207103E0,1.034280807E-1,2.269482007E-3,3.234923352E-3,9.946290851E-1,1.681267818E2,3.956078744E-1,-2.203269825E-1,1.681259281E2
6.323207103E0,1.033951837E-1,3.308885964E-3,3.132160520E-3,9.946299195E-1,1.681305718E2,3.962062603E-1,-3.400257093E-1,1.681292725E2
6.328207103E0,1.034419931E-1,3.817794379E-3,3.165205941E-3,9.946231246E-1,1.681251789E2,4.060233625E-1,-3.976188689E-1,1.681236235E2
6.333207103E0,1.035285039E-1,3.312322311E-3,3.191033145E-3,9.946158528E-1,1.681152120E2,4.030027824E-1,-3.396657395E-1,1.681138913E2
6.338207103E0,1.035813293E-1,2.361076418E-3,3.268907079E-3,9.946128130E-1,1.681091259E2,4.006025820E-1,-2.303020507E-1,1.681082238E2
6.343207103E0,1.035524070E-1,1.656804583E-3,3.417716362E-3,9.946167469E-1,1.681124581E2,4.091980172E-1,-1.482785293E-1,1.681118426E2
6.348207103E0,1.034637331E-1,1.493217656E-3,3.472232725E-3,9.946260452E-1,1.681226743E2,4.134586566E-1,-1.290236742E-1,1.681221236E2
6.353207103E0,1.034059058E-1,1.948931022E-3,3.362288466E-3,9.946316481E-1,1.681293365E2,4.063207166E-1,-1.822911834E-1,1.681286002E2
6.358207103E0,1.033735951E-1,2.746085403E-3,3.232537769E-3,9.946335554E-1,1.681330590E2,4.009709948E-1,-2.746987503E-1,1.681319907E2
6.363207103E0,1.033639529E-1,3.421446774E-3,3.171108896E-3,9.946326613E-1,1.681341699E2,4.019686104E-1,-3.524061430E-1,1.681328041E2
6.368207103E0,1.034303188E-1,3.408247139E-3,3.152598394E-3,9.946258664E-1,1.681265239E2,3.997258145E-1,-3.510942910E-1,1.681251708E2
6.373207103E0,1.034931110E-1,2.783884760E-3,3.208938288E-3,9.946210980E-1,1.681192896E2,3.987625869E-1,-2.792386771E-1,1.681182103E2
6.378207103E0,1.034957698E-1,2.137024421E-3,3.339396557E-3,9.946219921E-1,1.681189833E2,4.059591997E-1,-2.039640173E-1,1.681181670E2
6.383207103E0,1.034605221E-1,1.787439571E-3,3.411307232E-3,9.946261048E-1,1.681230442E2,4.100028366E-1,-1.632815536E-1,1.681223716E2
6.388207103E0,1.033978223E-1,1.850583125E-3,3.366700839E-3,9.946326613E-1,1.681302678E2,4.056566661E-1,-1.710328407E-1,1.681295744E2
6.393207103E0,1.033575763E-1,2.283727052E-3,3.278843360E-3,9.946362376E-1,1.681349045E2,4.007669676E-1,-2.214584084E-1,1.681340349E2
6.398207103E0,1.033309532E-1,2.911530668E-3,3.222325351E-3,9.946375489E-1,1.681379717E2,4.017547765E-1,-2.936939260E-1,1.681368298E2
6.403207103E0,1.033564959E-1,3.270830726E-3,3.180479398E-3,9.946339130E-1,1.681350290E2,4.012495393E-1,-3.351313377E-1,1.681337316E2
6.408207103E0,1.034088241E-1,3.054920351E-3,3.166790819E-3,9.946292043E-1,1.681290003E2,3.971476496E-1,-3.106636944E-1,1.681278083E2
6.413207103E0,1.034297245E-1,2.521428512E-3,3.234042786E-3,9.946283102E-1,1.681265924E2,3.984946740E-1,-2.490527066E-1,1.681256261E2
6.418207103E0,1.034199458E-1,2.142730867E-3,3.323656740E-3,9.946299195E-1,1.681277190E2,4.042172953E-1,-2.048319119E-1,1.681269033E2
6.423207103E0,1.033895298E-1,2.030638279E-3,3.341396805E-3,9.946332574E-1,1.681312232E2,4.049047298E-1,-1.918581321E-1,1.681304542E2
6.428207103E0,1.033372782E-1,2.193506574E-3,3.293115878E-3,9.946385026E-1,1.681372430E2,4.013206367E-1,-2.110144689E-1,1.681364108E2
6.433207103E0,1.032988525E-1,2.601536224E-3,3.228844376E-3,9.946417212E-1,1.681416700E2,3.988178736E-1,-2.582971873E-1,1.681406687E2
6.438207103E0,1.033089361E-1,2.997273346E-3,3.187133232E-3,9.946396947E-1,1.681405083E2,3.987524276E-1,-3.038922465E-1,1.681393369E2
6.443207103E0,1.033372267E-1,3.021169221E-3,3.177478909E-3,9.946367145E-1,1.681372490E2,3.979437239E-1,-3.067188326E-1,1.681360694E2
6.448207103E0,1.033599531E-1,2.685362706E-3,3.206152236E-3,9.946352243E-1,1.681346307E2,3.972404209E-1,-2.680957908E-1,1.681335972E2
6.453207103E0,1.033637961E-1,2.338517690E-3,3.261078149E-3,9.946355224E-1,1.681341879E2,3.993926109E-1,-2.279112196E-1,1.681332977E2
6.458207103E0,1.033337513E-1,2.230109647E-3,3.289186396E-3,9.946388006E-1,1.681376494E2,4.013055240E-1,-2.152343497E-1,1.681368016E2
6.463207103E0,1.032915742E-1,2.363238949E-3,3.259168239E-3,9.946429729E-1,1.681425085E2,3.994510456E-1,-2.307805063E-1,1.681416076E2
6.468207103E0,1.032635411E-1,2.669262467E-3,3.201284446E-3,9.946452975E-1,1.681457381E2,3.964690338E-1,-2.663568220E-1,1.681447132E2
6.473207103E0,1.032718811E-1,2.887838986E-3,3.168311203E-3,9.946439266E-1,1.681447773E2,3.953003270E-1,-2.916567220E-1,1.681436618E2
6.478207103E0,1.032957985E-1,2.820607275E-3,3.178944346E-3,9.946416020E-1,1.681420218E2,3.957232721E-1,-2.838584038E-1,1.681409341E2
6.483207103E0,1.033069677E-1,2.549458994E-3,3.212679178E-3,9.946410656E-1,1.681407350E2,3.963608246E-1,-2.525496665E-1,1.681397614E2
6.488207103E0,1.032942922E-1,2.348424401E-3,3.238236997E-3,9.946427941E-1,1.681421954E2,3.968905434E-1,-2.293386593E-1,1.681413058E2
6.493207103E0,1.032617128E-1,2.373621101E-3,3.233681666E-3,9.946461320E-1,1.681459488E2,3.966620319E-1,-2.322774444E-1,1.681450490E2
6.498207103E0,1.032332281E-1,2.573299920E-3,3.201920073E-3,9.946486950E-1,1.681492304E2,3.953978713E-1,-2.554236964E-1,1.681482487E2
6.503207103E0,1.032297783E-1,2.748806961E-3,3.167092334E-3,9.946486950E-1,1.681496278E2,3.935039510E-1,-2.758411701E-1,1.681485760E2
6.508207103E0,1.032434413E-1,2.738879761E-3,3.160863183E-3,9.946473241E-1,1.681480538E2,3.926802589E-1,-2.747779792E-1,1.681470081E2
6.513207103E0,1.032535713E-1,2.565090545E-3,3.182025859E-3,9.946466684E-1,1.681468867E2,3.930383873E-1,-2.547153266E-1,1.681459137E2
6.518207103E0,1.032480681E-1,2.406558255E-3,3.204888199E-3,9.946475625E-1,1.681475207E2,3.937667365E-1,-2.363777077E-1,1.681466129E2
6.523207103E0,1.032247625E-1,2.399881370E-3,3.202180145E-3,9.946500063E-1,1.681502057E2,3.933735354E-1,-2.356579460E-1,1.681493015E2
6.528207103E0,1.032011109E-1,2.532349434E-3,3.177379956E-3,9.946522117E-1,1.681529305E2,3.921081172E-1,-2.510592007E-1,1.681519733E2
6.533207103E0,1.031944126E-1,2.667295048E-3,3.153817495E-3,9.946526289E-1,1.681537022E2,3.910169115E-1,-2.667214901E-1,1.681526907E2
6.538207103E0,1.032013890E-1,2.664710395E-3,3.153300611E-3,9.946519136E-1,1.681528985E2,3.909292932E-1,-2.664302643E-1,1.681518882E2
6.543207103E0,1.032070253E-1,2.539217705E-3,3.166360548E-3,9.946516156E-1,1.681522491E2,3.909348561E-1,-2.519700423E-1,1.681512916E2
6.548207103E0,1.031990032E-1,2.423812170E-3,3.181213513E-3,9.946526885E-1,1.681531733E2,3.912607003E-1,-2.386437111E-1,1.681522634E2
6.553207103E0,1.031791085E-1,2.417322248E-3,3.179207677E-3,9.946547747E-1,1.681554653E2,3.909505485E-1,-2.379355377E-1,1.681545588E2
6.558207103E0,1.031584485E-1,2.511053113E-3,3.161560744E-3,9.946567416E-1,1.681578455E2,3.900424447E-1,-2.488356888E-1,1.681569017E2
6.563207103E0,1.031543604E-1,2.604837297E-3,3.144011833E-3,9.946569800E-1,1.681583165E2,3.891500288E-1,-2.597342398E-1,1.681573354E2
6.568207103E0,1.031586764E-1,2.599920146E-3,3.138466505E-3,9.946565628E-1,1.681578193E2,3.884609501E-1,-2.592376541E-1,1.681568417E2
6.573207103E0,1.031594525E-1,2.508966252E-3,3.149184864E-3,9.946566820E-1,1.681577298E2,3.886073998E-1,-2.487437459E-1,1.681567899E2
6.578207103E0,1.031519071E-1,2.424068283E-3,3.161601955E-3,9.946576357E-1,1.681585991E2,3.890170736E-1,-2.389232629E-1,1.681576937E2
6.583207103E0,1.031346307E-1,2.425523242E-3,3.161545377E-3,9.946594238E-1,1.681605895E2,3.890236741E-1,-2.390965245E-1,1.681596834E2
6.588207103E0,1.031211906E-1,2.501954790E-3,3.146559233E-3,9.946606755E-1,1.681621378E2,3.882156837E-1,-2.479905567E-1,1.681612017E2
6.593207103E0,1.031155169E-1,2.565486589E-3,3.130564233E-3,9.946611524E-1,1.681627915E2,3.871420109E-1,-2.554231505E-1,1.681618312E2
6.598207103E0,1.031175794E-1,2.552632475E-3,3.129950957E-3,9.946609735E-1,1.681625539E2,3.869207116E-1,-2.539644816E-1,1.681615995E2
6.603207103E0,1.031191154E-1,2.480863594E-3,3.137045773E-3,9.946609735E-1,1.681623769E2,3.868815189E-1,-2.456998164E-1,1.681614524E2
6.608207103E0,1.031128813E-1,2.424896462E-3,3.140038345E-3,9.946617484E-1,1.681630951E2,3.865596246E-1,-2.392877357E-1,1.681621944E2
6.613207103E0,1.030978999E-1,2.433246002E-3,3.134596627E-3,9.946632981E-1,1.681648211E2,3.860344272E-1,-2.403095358E-1,1.681639180E2
6.618207103E0,1.030866284E-1,2.486943733E-3,3.122688737E-3,9.946643710E-1,1.681661196E2,3.853088866E-1,-2.465750815E-1,1.681651959E2
6.623207103E0,1.030819483E-1,2.527239732E-3,3.111914499E-3,9.946647882E-1,1.681666588E2,3.845557554E-1,-2.512971340E-1,1.681657200E2
6.628207103E0,1.030824398E-1,2.509423764E-3,3.110052319E-3,9.946647882E-1,1.681666021E2,3.841331248E-1,-2.492882690E-1,1.681656717E2
6.633207103E0,1.030797189E-1,2.448683605E-3,3.115206258E-3,9.946652055E-1,1.681669156E2,3.840022666E-1,-2.423052379E-1,1.681660104E2
6.638207103E0,1.030713941E-1,2.408715896E-3,3.117311746E-3,9.946661592E-1,1.681678747E2,3.837680565E-1,-2.377280357E-1,1.681669864E2
6.643207103E0,1.030607456E-1,2.427384490E-3,3.112561069E-3,9.946672320E-1,1.681691014E2,3.834445413E-1,-2.399161148E-1,1.681682061E2
6.648207103E0,1.030497002E-1,2.471819287E-3,3.100417787E-3,9.946683049E-1,1.681703739E2,3.825825875E-1,-2.451284994E-1,1.681694622E2
6.653207103E0,1.030460061E-1,2.488707891E-3,3.094948595E-3,9.946686625E-1,1.681707995E2,3.821577540E-1,-2.471194866E-1,1.681698817E2
6.658207103E0,1.030443073E-1,2.461112337E-3,3.096950008E-3,9.946689010E-1,1.681709952E2,3.820595342E-1,-2.439511359E-1,1.681700890E2
6.663207103E0,1.030383753E-1,2.418651478E-3,3.098049667E-3,9.946696162E-1,1.681716786E2,3.816819577E-1,-2.391006955E-1,1.681707905E2
6.668207103E0,1.030307693E-1,2.399959601E-3,3.097627079E-3,9.946704507E-1,1.681725548E2,3.814112272E-1,-2.369780821E-1,1.681716749E2
6.673207103E0,1.030190417E-1,2.414346905E-3,3.093706677E-3,9.946716428E-1,1.681739059E2,3.811314556E-1,-2.386687470E-1,1.681730207E2
6.678207103E0,1.030117617E-1,2.443950390E-3,3.082891461E-3,9.946723580E-1,1.681747446E2,3.802464834E-1,-2.421734590E-1,1.681738492E2
6.683207103E0,1.030111678E-1,2.449307591E-3,3.079249291E-3,9.946724176E-1,1.681748130E2,3.798944448E-1,-2.428273036E-1,1.681739161E2
6.688207103E0,1.030055073E-1,2.420554869E-3,3.079552902E-3,9.946730733E-1,1.681754651E2,3.795882079E-1,-2.395486043E-1,1.681745806E2
6.693207103E0,1.029991617E-1,2.389589092E-3,3.084951080E-3,9.946737885E-1,1.681761962E2,3.798364161E-1,-2.359577802E-1,1.681753237E2
6.698207103E0,1.029900234E-1,2.384874970E-3,3.086201847E-3,9.946747422E-1,1.681772490E2,3.799211674E-1,-2.354091840E-1,1.681763782E2
6.703207103E0,1.029818242E-1,2.401959617E-3,3.077599220E-3,9.946755767E-1,1.681781935E2,3.791403278E-1,-2.374611799E-1,1.681773174E2
6.708207103E0,1.029741582E-1,2.418135991E-3,3.071000334E-3,9.946763515E-1,1.681790767E2,3.785772565E-1,-2.393857877E-1,1.681781952E2
6.713207103E0,1.029691981E-1,2.411877271E-3,3.068483202E-3,9.946768880E-1,1.681796481E2,3.782152852E-1,-2.387039978E-1,1.681787699E2
6.718207103E0,1.029655886E-1,2.392621245E-3,3.069430823E-3,9.946773052E-1,1.681800639E2,3.780951801E-1,-2.364993493E-1,1.681791938E2
6.723207103E0,1.029591975E-1,2.372948686E-3,3.067303682E-3,9.946780205E-1,1.681808002E2,3.776190480E-1,-2.342845593E-1,1.681799390E2
6.728207103E0,1.029502439E-1,2.364850836E-3,3.064822638E-3,9.946789742E-1,1.681818317E2,3.772385872E-1,-2.333942201E-1,1.681809745E2
6.733207103E0,1.029415239E-1,2.376794117E-3,3.058309434E-3,9.946798682E-1,1.681828363E2,3.766350569E-1,-2.348356862E-1,1.681819755E2
6.738207103E0,1.029368261E-1,2.385681262E-3,3.054425819E-3,9.946803451E-1,1.681833775E2,3.762961309E-1,-2.358962557E-1,1.681825138E2
6.743207103E0,1.029312826E-1,2.378753386E-3,3.052539192E-3,9.946809411E-1,1.681840161E2,3.759980382E-1,-2.351309519E-1,1.681831558E2
6.748207103E0,1.029252924E-1,2.362255007E-3,3.053687513E-3,9.946815968E-1,1.681847062E2,3.759328821E-1,-2.332391463E-1,1.681838527E2
6.753207103E0,1.029215307E-1,2.350355033E-3,3.053752473E-3,9.946820140E-1,1.681851396E2,3.757990264E-1,-2.318834135E-1,1.681842911E2
6.758207103E0,1.029122966E-1,2.352596726E-3,3.052594373E-3,9.946829677E-1,1.681862034E2,3.756913103E-1,-2.321560745E-1,1.681853542E2
6.763207103E0,1.028771951E-1,2.345461864E-3,3.037050832E-3,9.946866632E-1,1.681902472E2,3.738272621E-1,-2.315393340E-1,1.681894046E2
6.768207103E0,1.028592100E-1,2.341565443E-3,3.024518024E-3,9.946885705E-1,1.681923191E2,3.723485887E-1,-2.312496998E-1,1.681914810E2
6.773207103E0,1.028436449E-1,2.331259660E-3,3.012892557E-3,9.946902394E-1,1.681941122E2,3.708983608E-1,-2.302178550E-1,1.681932811E2
6.778207103E0,1.028214235E-1,2.312039724E-3,2.998976270E-3,9.946926236E-1,1.681966722E2,3.690804593E-1,-2.281993626E-1,1.681958523E2
6.783207103E0,1.027830286E-1,2.286196221E-3,2.990592271E-3,9.946966767E-1,1.682010954E2,3.678115447E-1,-2.253666145E-1,1.682002881E2
6.788207103E0,1.027467283E-1,2.276398940E-3,2.976605203E-3,9.947004914E-1,1.682052772E2,3.660936118E-1,-2.244279931E-1,1.682044771E2
6.793207103E0,1.027284968E-1,2.278231550E-3,2.967064502E-3,9.947023988E-1,1.682073775E2,3.650235659E-1,-2.247559123E-1,1.682065787E2
6.798207103E0,1.027042868E-1,2.269745339E-3,2.952414332E-3,9.947049618E-1,1.682101665E2,3.632482767E-1,-2.239699263E-1,1.682093745E2
6.803207103E0,1.026852921E-1,2.252134262E-3,2.943811705E-3,9.947069883E-1,1.682123547E2,3.620561444E-1,-2.220706922E-1,1.682115718E2
6.808207103E0,1.026611742E-1,2.231525024E-3,2.934634918E-3,9.947095513E-1,1.682151331E2,3.607622269E-1,-2.198382791E-1,1.682143606E2
6.813207103E0,1.026307054E-1,2.213045955E-3,2.923346590E-3,9.947127700E-1,1.682186431E2,3.592513971E-1,-2.178757422E-1,1.682178806E2
6.818207103E0,1.025984237E-1,2.201879397E-3,2.908848459E-3,9.947161674E-1,1.682223620E2,3.574604055E-1,-2.167850312E-1,1.682216070E2
6.823207103E0,1.025682727E-1,2.192155924E-3,2.899203915E-3,9.947193265E-1,1.682258353E2,3.562401638E-1,-2.158008842E-1,1.682250864E2
6.828207103E0,1.025492043E-1,2.183859237E-3,2.884655725E-3,9.947213531E-1,1.682280320E2,3.544801864E-1,-2.150329708E-1,1.682272895E2
6.833207103E0,1.025349706E-1,2.170583932E-3,2.866192022E-3,9.947229028E-1,1.682296717E2,3.522164486E-1,-2.137417864E-1,1.682289384E2
6.838207103E0,1.025080568E-1,2.147773979E-3,2.853101352E-3,9.947257638E-1,1.682327721E2,3.504504863E-1,-2.113050491E-1,1.682320506E2
6.843207103E0,1.024824869E-1,2.136027906E-3,2.845339943E-3,9.947284460E-1,1.682357177E2,3.494223711E-1,-2.100663025E-1,1.682350024E2
6.848207103E0,1.024614518E-1,2.133839997E-3,2.833517268E-3,9.947306514E-1,1.682381409E2,3.480445757E-1,-2.099631179E-1,1.682374290E2
6.853207103E0,1.024349745E-1,2.123359358E-3,2.815179061E-3,9.947334528E-1,1.682411911E2,3.458255738E-1,-2.089929831E-1,1.682404870E2
6.858207103E0,1.024096616E-1,2.109523164E-3,2.798720729E-3,9.947361350E-1,1.682441070E2,3.437817693E-1,-2.076177706E-1,1.682434117E2
6.863207103E0,1.023968692E-1,2.098247176E-3,2.787986305E-3,9.947375059E-1,1.682455807E2,3.424231469E-1,-2.064628197E-1,1.682448919E2
6.868207103E0,1.023783482E-1,2.086249180E-3,2.775338711E-3,9.947394729E-1,1.682477142E2,3.408368175E-1,-2.052499430E-1,1.682470327E2
6.873207103E0,1.023448500E-1,2.072240459E-3,2.760845236E-3,9.947429895E-1,1.682515731E2,3.390134628E-1,-2.038345633E-1,1.682508998E2
6.878207103E0,1.023134457E-1,2.057318809E-3,2.754810266E-3,9.947462678E-1,1.682551908E2,3.381441194E-1,-2.022151107E-1,1.682545244E2
6.883207103E0,1.022971661E-1,2.046770183E-3,2.743053949E-3,9.947479963E-1,1.682570661E2,3.366770161E-1,-2.011560280E-1,1.682564061E2
6.888207103E0,1.022804050E-1,2.036460675E-3,2.727246378E-3,9.947497845E-1,1.682589969E2,3.347508458E-1,-2.001718020E-1,1.682583439E2
6.893207103E0,1.022550317E-1,2.017589286E-3,2.714378992E-3,9.947524667E-1,1.682619198E2,3.330578005E-1,-1.981799658E-1,1.682612764E2
6.898207103E0,1.022317807E-1,2.003871603E-3,2.704739338E-3,9.947549105E-1,1.682645982E2,3.317935969E-1,-1.967369962E-1,1.682639619E2
6.903207103E0,1.022140879E-1,1.996489475E-3,2.699306933E-3,9.947567582E-1,1.682666364E2,3.310843659E-1,-1.959650345E-1,1.682660038E2
6.908207103E0,1.021935291E-1,1.989566023E-3,2.692062175E-3,9.947589040E-1,1.682690046E2,3.301733777E-1,-1.952675094E-1,1.682683760E2
6.913207103E0,1.021662736E-1,1.978243468E-3,2.677682554E-3,9.947617650E-1,1.682721443E2,3.283962758E-1,-1.941542384E-1,1.682715227E2
6.918207103E0,1.021486353E-1,1.968314173E-3,2.671478782E-3,9.947636127E-1,1.682741761E2,3.275694021E-1,-1.931008254E-1,1.682735594E2
6.923207103E0,1.021374292E-1,1.958331792E-3,2.663372783E-3,9.947648048E-1,1.682754670E2,3.265263458E-1,-1.920614842E-1,1.682748554E2
6.928207103E0,1.021089487E-1,1.947036246E-3,2.650552429E-3,9.947677851E-1,1.682787478E2,3.249272231E-1,-1.909332458E-1,1.682781428E2
6.933207103E0,1.020822581E-1,1.934232539E-3,2.636583522E-3,9.947705865E-1,1.682818224E2,3.231799344E-1,-1.896458514E-1,1.682812246E2
6.938207103E0,1.020542218E-1,1.919513685E-3,2.630745759E-3,9.947735071E-1,1.682850520E2,3.223369625E-1,-1.880453895E-1,1.682844607E2
6.943207103E0,1.020401376E-1,1.912372070E-3,2.618783386E-3,9.947749972E-1,1.682866744E2,3.208871398E-1,-1.873757420E-1,1.682860879E2
6.948207103E0,1.020123435E-1,1.898878720E-3,2.601952758E-3,9.947779179E-1,1.682898760E2,3.188055473E-1,-1.860433121E-1,1.682892975E2
6.953207103E0,1.019917576E-1,1.885844045E-3,2.598072402E-3,9.947800636E-1,1.682922474E2,3.182069932E-1,-1.846093938E-1,1.682916742E2
6.958207103E0,3.295218637E-2,1.690061530E-3,2.713749418E-3,9.994518161E-1,1.762232739E2,3.171872939E-1,-1.833137004E-1,1.762227472E2
6.963207103E0,3.294316466E-2,1.679736539E-3,2.697935095E-3,9.994521737E-1,1.762243083E2,3.153354285E-1,-1.821937600E-1,1.762237878E2
6.968207103E0,3.523353798E-2,1.676006941E-3,2.685850020E-3,9.993740916E-1,1.759616981E2,3.143530701E-1,-1.810923120E-1,1.759611811E2
6.973207103E0,3.521456970E-2,1.660550712E-3,2.678063465E-3,9.993748069E-1,1.759638731E2,3.133955122E-1,-1.793596536E-1,1.759633625E2
6.978207103E0,3.430902398E-2,1.650132239E-3,2.672082745E-3,9.994063377E-1,1.760677037E2,3.125069502E-1,-1.784738992E-1,1.760671976E2
6.983207103E0,3.429616073E-2,1.641932409E-3,2.663906431E-3,9.994068146E-1,1.760691786E2,3.115360231E-1,-1.775709832E-1,1.760686766E2
6.988207103E0,3.396958126E-2,1.625615987E-3,2.654378302E-3,9.994180202E-1,1.761066237E2,3.103232233E-1,-1.758412287E-1,1.761061286E2
6.993207103E0,3.396037026E-2,1.618184266E-3,2.642100444E-3,9.994183779E-1,1.761076798E2,3.088865336E-1,-1.750407562E-1,1.761071893E2
6.998207103E0,3.370260072E-2,1.611558720E-3,2.632469637E-3,9.994271398E-1,1.761372349E2,3.077127901E-1,-1.743988188E-1,1.761367482E2
7.003207103E0,3.370178996E-2,1.608762774E-3,2.621909138E-3,9.994271994E-1,1.761373279E2,3.064923819E-1,-1.741196487E-1,1.761368439E2
7.008207103E0,3.372991901E-2,1.597655588E-3,2.607747447E-3,9.994263053E-1,1.761341027E2,3.048324375E-1,-1.728937046E-1,1.761336247E2
7.013207103E0,3.371501435E-2,1.583842793E-3,2.603318542E-3,9.994268417E-1,1.761358116E2,3.042692443E-1,-1.713334381E-1,1.761353388E2
7.018207103E0,3.310108481E-2,1.574972644E-3,2.592606470E-3,9.994474053E-1,1.762062021E2,3.029034358E-1,-1.705450628E-1,1.762057338E2
7.023207103E0,3.309124482E-2,1.569176558E-3,2.583854366E-3,9.994477630E-1,1.762073303E2,3.018773955E-1,-1.699174199E-1,1.762068653E2
7.028207103E0,3.298406641E-2,1.556615811E-3,2.578525105E-3,9.994513392E-1,1.762196187E2,3.012013193E-1,-1.685313682E-1,1.762191586E2
7.033207103E0,3.297393229E-2,1.546937972E-3,2.575342776E-3,9.994516969E-1,1.762207806E2,3.007985570E-1,-1.674380557E-1,1.762203241E2
7.038207103E0,3.309615682E-2,1.537083066E-3,2.563206013E-3,9.994477034E-1,1.762067671E2,2.993916248E-1,-1.663186369E-1,1.762063156E2
7.043207103E0,3.308654884E-2,1.528008957E-3,2.553205704E-3,9.994480610E-1,1.762078687E2,2.982102790E-1,-1.653201910E-1,1.762074217E2
7.048207103E0,3.333324553E-2,1.516454387E-3,2.547760727E-3,9.994398952E-1,1.761795837E2,2.975833200E-1,-1.639440616E-1,1.761791412E2
7.053207103E0,3.333043928E-2,1.511971001E-3,2.540364629E-3,9.994400144E-1,1.761799055E2,2.967186652E-1,-1.634596776E-1,1.761794655E2
7.058207103E0,3.308576888E-2,1.502971048E-3,2.531417180E-3,9.994481802E-1,1.762079581E2,2.956197599E-1,-1.625354868E-1,1.762075224E2
7.063207103E0,3.306755981E-2,1.488433452E-3,2.519041998E-3,9.994488358E-1,1.762100459E2,2.941443687E-1,-1.609228005E-1,1.762096166E2
7.068207103E0,3.288065525E-2,1.472220058E-3,2.515675966E-3,9.994550347E-1,1.762314752E2,2.936676472E-1,-1.591335799E-1,1.762310514E2
7.073207103E0,3.287427621E-2,1.468149130E-3,2.506685443E-3,9.994552732E-1,1.762322066E2,2.926216035E-1,-1.587030859E-1,1.762317854E2
7.078207103E0,3.259120198E-2,1.464796369E-3,2.497656737E-3,9.994645715E-1,1.762646619E2,2.915300474E-1,-1.584356878E-1,1.762642431E2
7.083207103E0,3.258478439E-2,1.458606799E-3,2.489593346E-3,9.994648099E-1,1.762653977E2,2.905823996E-1,-1.577587774E-1,1.762649821E2
7.088207103E0,3.268442956E-2,1.450303476E-3,2.480385592E-3,9.994615912E-1,1.762539731E2,2.895124439E-1,-1.568133163E-1,1.762535614E2
7.093207103E0,3.267448773E-2,1.446458860E-3,2.469487023E-3,9.994619489E-1,1.762551130E2,2.882482599E-1,-1.564166832E-1,1.762547042E2
7.098207103E0,3.284653450E-2,1.438802923E-3,2.459143754E-3,9.994563460E-1,1.762353873E2,2.870617366E-1,-1.555291676E-1,1.762349824E2
7.103207103E0,3.283146751E-2,1.424833667E-3,2.450440777E-3,9.994568825E-1,1.762371147E2,2.860100643E-1,-1.539663491E-1,1.762367153E2
7.108207103E0,3.270837753E-2,1.416559098E-3,2.448187908E-3,9.994609356E-1,1.762512274E2,2.857020534E-1,-1.530623307E-1,1.762508308E2
7.113207103E0,3.270403030E-2,1.413124148E-3,2.435214818E-3,9.994611144E-1,1.762517258E2,2.842026910E-1,-1.527187919E-1,1.762513322E2
7.118207103E0,3.276694859E-2,1.407076837E-3,2.424650826E-3,9.994590878E-1,1.762445120E2,2.829796898E-1,-1.520479737E-1,1.762441218E2
7.123207103E0,3.274998454E-2,1.389663201E-3,2.418184653E-3,9.994596839E-1,1.762464570E2,2.821711624E-1,-1.500826655E-1,1.762460729E2
7.128207103E0,3.281423522E-2,1.385984477E-3,2.411503345E-3,9.994575977E-1,1.762390905E2,2.814017594E-1,-1.496683289E-1,1.762387084E2
7.133207103E0,3.280626417E-2,1.385134761E-3,2.396882279E-3,9.994578958E-1,1.762400044E2,2.797228126E-1,-1.496282267E-1,1.762396247E2
7.138207103E0,3.269462905E-2,1.378299436E-3,2.385193948E-3,9.994615912E-1,1.762528037E2,2.783418066E-1,-1.489204146E-1,1.762524277E2
7.143207103E0,3.268802457E-2,1.370595186E-3,2.380245132E-3,9.994618297E-1,1.762535609E2,2.777451632E-1,-1.480584248E-1,1.762531879E2
7.148207103E0,3.250040851E-2,1.360249007E-3,2.377442084E-3,9.994679689E-1,1.762750716E2,2.773577844E-1,-1.469360440E-1,1.762747019E2
7.153207103E0,3.249944101E-2,1.359935966E-3,2.365760738E-3,9.994680285E-1,1.762751825E2,2.760185925E-1,-1.469439674E-1,1.762748147E2
7.158207103E0,3.236256959E-2,1.351341722E-3,2.358372323E-3,9.994724989E-1,1.762908751E2,2.751203752E-1,-1.460248577E-1,1.762905108E2
7.163207103E0,3.234878936E-2,1.340392628E-3,2.351586241E-3,9.994729757E-1,1.762924550E2,2.743005381E-1,-1.447997945E-1,1.762920948E2
7.168207103E0,3.218579124E-2,1.327335369E-3,2.340885112E-3,9.994782805E-1,1.763111429E2,2.730031183E-1,-1.433885254E-1,1.763107879E2
7.173207103E0,3.217938105E-2,1.323433244E-3,2.329397248E-3,9.994785190E-1,1.763118779E2,2.716720685E-1,-1.429857238E-1,1.763115256E2
7.178207103E0,3.203510308E-2,1.318079769E-3,2.326256828E-3,9.994831681E-1,1.763284194E2,2.712720848E-1,-1.424233215E-1,1.763280691E2
7.183207103E0,3.202445673E-2,1.310845604E-3,2.323274268E-3,9.994835258E-1,1.763296400E2,2.709024101E-1,-1.416086101E-1,1.763292922E2
7.188207103E0,3.195616721E-2,1.309455489E-3,2.315595280E-3,9.994857311E-1,1.763374694E2,2.700081402E-1,-1.414960278E-1,1.763371231E2
7.193207103E0,3.195469361E-2,1.307411352E-3,2.311354969E-3,9.994857907E-1,1.763376384E2,2.695147862E-1,-1.412778336E-1,1.763372932E2
7.198207103E0,3.194492803E-2,1.294505550E-3,2.298928099E-3,9.994861484E-1,1.763387580E2,2.680428549E-1,-1.398478234E-1,1.763384181E2
7.203207103E0,3.193458780E-2,1.287001418E-3,2.291305922E-3,9.994865060E-1,1.763399435E2,2.671409438E-1,-1.390190223E-1,1.763396068E2
7.208207103E0,3.194842151E-2,1.284607337E-3,2.281783614E-3,9.994860888E-1,1.763383575E2,2.660434765E-1,-1.387759886E-1,1.763380227E2
7.213207103E0,3.193643322E-2,1.274434850E-3,2.272532089E-3,9.994865060E-1,1.763397319E2,2.649449632E-1,-1.376479561E-1,1.763394013E2
7.218207103E0,3.209153643E-2,1.263243845E-3,2.269608667E-3,9.994815588E-1,1.763219493E2,2.645903270E-1,-1.363358598E-1,1.763216221E2
7.223207103E0,3.208860614E-2,1.262481324E-3,2.258942463E-3,9.994816780E-1,1.763222853E2,2.633654895E-1,-1.362885264E-1,1.763219597E2
7.228207103E0,3.219315301E-2,1.257754629E-3,2.250894438E-3,9.994783401E-1,1.763102989E2,2.624405405E-1,-1.357493123E-1,1.763099757E2
7.233207103E0,3.217753671E-2,1.245682128E-3,2.242689487E-3,9.994788766E-1,1.763120893E2,2.614541576E-1,-1.344009819E-1,1.763117705E2
7.238207103E0,3.227973840E-2,1.239451347E-3,2.238432877E-3,9.994755983E-1,1.763003718E2,2.609573263E-1,-1.336763715E-1,1.763000552E2
7.243207103E0,3.226432980E-2,1.227790373E-3,2.227457007E-3,9.994761348E-1,1.763021384E2,2.596550485E-1,-1.323854277E-1,1.763018264E2
7.248207103E0,3.225595208E-2,1.224914333E-3,2.216622932E-3,9.994764328E-1,1.763030989E2,2.584024526E-1,-1.320982554E-1,1.763027892E2
7.253207103E0,3.224230899E-2,1.213376177E-3,2.206429373E-3,9.994769096E-1,1.763046631E2,2.571905153E-1,-1.308179629E-1,1.763043578E2
7.258207103E0,3.226692604E-2,1.204478089E-3,2.202436794E-3,9.994761348E-1,1.763018407E2,2.567035486E-1,-1.298072793E-1,1.763015383E2
7.263207103E0,3.226565346E-2,1.204136875E-3,2.194202738E-3,9.994761944E-1,1.763019866E2,2.557590554E-1,-1.297989734E-1,1.763016853E2
7.268207103E0,3.225744083E-2,1.193897915E-3,2.184776589E-3,9.994764924E-1,1.763029282E2,2.546405326E-1,-1.286632355E-1,1.763026308E2
7.273207103E0,3.224877718E-2,1.188559807E-3,2.179241041E-3,9.994767904E-1,1.763039215E2,2.539856861E-1,-1.280745179E-1,1.763036263E2
7.278207103E0,3.212754438E-2,1.176120713E-3,2.172398614E-3,9.994807243E-1,1.763178210E2,2.531406606E-1,-1.267058407E-1,1.763175298E2
7.283207103E0,3.211746273E-2,1.168594463E-3,2.160965931E-3,9.994810820E-1,1.763189768E2,2.518022580E-1,-1.258884761E-1,1.763186891E2
7.288207103E0,3.205899620E-2,1.160092070E-3,2.151517197E-3,9.994829893E-1,1.763256801E2,2.506814582E-1,-1.249641203E-1,1.763253957E2
7.293207103E0,3.204838923E-2,1.152053592E-3,2.147722524E-3,9.994833469E-1,1.763268962E2,2.502159882E-1,-1.240600508E-1,1.763266144E2
7.298207103E0,3.195901378E-2,1.152091776E-3,2.148072701E-3,9.994862080E-1,1.763371431E2,2.502451405E-1,-1.240855157E-1,1.763368612E2
7.303207103E0,3.195401756E-2,1.148427604E-3,2.141150413E-3,9.994863868E-1,1.763377159E2,2.494382664E-1,-1.236924478E-1,1.763374358E2
7.308207103E0,3.191141350E-2,1.142258872E-3,2.139900811E-3,9.994877577E-1,1.763426005E2,2.492673094E-1,-1.230011269E-1,1.763423221E2
7.313207103E0,3.190259968E-2,1.136462553E-3,2.135202056E-3,9.994880557E-1,1.763436110E2,2.487068642E-1,-1.223566341E-1,1.763433347E2
7.318207103E0,3.180789461E-2,1.130567980E-3,2.128282562E-3,9.994910955E-1,1.763544689E2,2.478812619E-1,-1.217302970E-1,1.763541950E2
7.323207103E0,3.180504780E-2,1.128115808E-3,2.116110176E-3,9.994912148E-1,1.763547953E2,2.464778236E-1,-1.214945142E-1,1.763545234E2
7.328207103E0,3.176457901E-2,1.121847541E-3,2.107923152E-3,9.994925261E-1,1.763594350E2,2.455123889E-1,-1.208163699E-1,1.763591657E2
7.333207103E0,3.175168438E-2,1.112612663E-3,2.109253779E-3,9.994929433E-1,1.763609133E2,2.456296243E-1,-1.197569919E-1,1.763606463E2
7.338207103E0,3.171871101E-2,1.106478972E-3,2.100170357E-3,9.994940162E-1,1.763646937E2,2.445630107E-1,-1.190955990E-1,1.763644293E2
7.343207103E0,3.171544613E-2,1.104034367E-3,2.094021533E-3,9.994941354E-1,1.763650680E2,2.438494837E-1,-1.188387567E-1,1.763648050E2
7.348207103E0,3.166898060E-2,1.096259919E-3,2.090094844E-3,9.994956255E-1,1.763703953E2,2.433659979E-1,-1.179739063E-1,1.763701346E2
7.353207103E0,3.166562137E-2,1.094442210E-3,2.084930660E-3,9.994957447E-1,1.763707804E2,2.427675269E-1,-1.177852752E-1,1.763705208E2
7.358207103E0,3.154940977E-2,1.091416809E-3,2.076681470E-3,9.994994402E-1,1.763841039E2,2.417980700E-1,-1.174968141E-1,1.763838460E2
7.363207103E0,3.153911284E-2,1.083145034E-3,2.065263689E-3,9.994997978E-1,1.763852845E2,2.404592228E-1,-1.165931711E-1,1.763850300E2
7.368207103E0,3.154334776E-2,1.076676766E-3,2.061658073E-3,9.994996786E-1,1.763847989E2,2.400233627E-1,-1.158643474E-1,1.763845465E2
7.373207103E0,3.154007392E-2,1.072899671E-3,2.055913210E-3,9.994997978E-1,1.763851743E2,2.393513414E-1,-1.154532912E-1,1.763849234E2
7.378207103E0,3.154606560E-2,1.071534818E-3,2.051624469E-3,9.994996190E-1,1.763844873E2,2.388558880E-1,-1.153110384E-1,1.763842373E2
7.383207103E0,3.154251713E-2,1.068173326E-3,2.049859613E-3,9.994997382E-1,1.763848942E2,2.386411883E-1,-1.149332596E-1,1.763846451E2
7.388207103E0,3.148228822E-2,1.062675496E-3,2.048599999E-3,9.995016456E-1,1.763917993E2,2.384701540E-1,-1.143224927E-1,1.763915518E2
7.393207103E0,3.147553509E-2,1.057875692E-3,2.038505161E-3,9.995018840E-1,1.763925735E2,2.372958518E-1,-1.138107733E-1,1.763923283E2
7.398207103E0,3.158745223E-2,1.054629916E-3,2.033313271E-3,9.994983673E-1,1.763797424E2,2.367021910E-1,-1.134312439E-1,1.763794986E2
7.403207103E0,3.157653569E-2,1.047541038E-3,2.030738862E-3,9.994987249E-1,1.763809940E2,2.363804372E-1,-1.126312260E-1,1.763807522E2
7.408207103E0,3.157884387E-2,1.042678487E-3,2.026681788E-3,9.994986653E-1,1.763807293E2,2.358984216E-1,-1.120884338E-1,1.763804892E2
7.413207103E0,3.157193187E-2,1.038045390E-3,2.019153209E-3,9.994989038E-1,1.763815218E2,2.350185967E-1,-1.115866563E-1,1.763812836E2
7.418207103E0,3.153089940E-2,1.030014129E-3,2.015331760E-3,9.995002151E-1,1.763862261E2,2.345473020E-1,-1.106902575E-1,1.763859903E2
7.423207103E0,3.152162985E-2,1.023053192E-3,2.016078681E-3,9.995005131E-1,1.763872889E2,2.346066754E-1,-1.098924677E-1,1.763870546E2
7.428207103E0,3.157675712E-2,1.013776171E-3,2.015035134E-3,9.994987845E-1,1.763809686E2,2.344596390E-1,-1.088207678E-1,1.763807367E2
7.433207103E0,3.157003615E-2,1.007937244E-3,2.004988957E-3,9.994990230E-1,1.763817391E2,2.332871429E-1,-1.081899334E-1,1.763815098E2
7.438207103E0,3.154011919E-2,1.006684382E-3,2.001043409E-3,9.994999766E-1,1.763851691E2,2.328274725E-1,-1.080676815E-1,1.763849404E2
7.443207103E0,3.153087157E-2,9.995333385E-4,2.001506742E-3,9.995002747E-1,1.763862293E2,2.328536976E-1,-1.072491210E-1,1.763860023E2
7.448207103E0,3.151062716E-2,9.958199225E-4,1.994750462E-3,9.995009303E-1,1.763885503E2,2.320642835E-1,-1.068529208E-1,1.763883249E2
7.453207103E0,3.150392990E-2,9.909734363E-4,1.983452588E-3,9.995011687E-1,1.763893181E2,2.307520655E-1,-1.063401749E-1,1.763890951E2
7.458207103E0,3.145752037E-2,9.807872120E-4,1.974191517E-3,9.995026588E-1,1.763946389E2,2.296496832E-1,-1.052175996E-1,1.763944193E2
7.463207103E0,3.145385080E-2,9.777895175E-4,1.973793609E-3,9.995027781E-1,1.763950596E2,2.295929158E-1,-1.048765371E-1,1.763948407E2
7.468207103E0,3.142382430E-2,9.728437872E-4,1.971574035E-3,9.995037317E-1,1.763985021E2,2.293177330E-1,-1.043249692E-1,1.763982846E2
7.473207103E0,3.141882215E-2,9.691393352E-4,1.962446375E-3,9.995039105E-1,1.763990756E2,2.282584316E-1,-1.039346929E-1,1.763988599E2
7.478207103E0,3.133408135E-2,9.676113259E-4,1.951953513E-3,9.995065928E-1,1.764087909E2,2.270423248E-1,-1.038167124E-1,1.764085767E2
7.483207103E0,3.132843325E-2,9.630353888E-4,1.953312429E-3,9.995067716E-1,1.764094385E2,2.271809521E-1,-1.032890111E-1,1.764092252E2
7.488207103E0,3.130590584E-2,9.622962680E-4,1.948855002E-3,9.995074868E-1,1.764120212E2,2.266654374E-1,-1.032254676E-1,1.764118085E2
7.493207103E0,3.130102071E-2,9.591516573E-4,1.937129069E-3,9.995076656E-1,1.764125813E2,2.253106131E-1,-1.029084683E-1,1.764123706E2
7.498207103E0,3.127110523E-2,9.524576017E-4,1.931509818E-3,9.995086193E-1,1.764160110E2,2.246399354E-1,-1.021686432E-1,1.764158024E2
7.503207103E0,3.127297177E-2,9.545009816E-4,1.931124949E-3,9.995085597E-1,1.764157970E2,2.246033689E-1,-1.024036422E-1,1.764155880E2
7.508207103E0,3.128099164E-2,9.528134833E-4,1.925458317E-3,9.995083213E-1,1.764148776E2,2.239491082E-1,-1.022288754E-1,1.764146695E2
7.513207103E0,3.127762938E-2,9.490559460E-4,1.920045121E-3,9.995084405E-1,1.764152630E2,2.233152895E-1,-1.018186609E-1,1.764150564E2
7.518207103E0,3.128156655E-2,9.475121624E-4,1.918722526E-3,9.995083213E-1,1.764148117E2,2.231586713E-1,-1.016457048E-1,1.764146055E2
7.523207103E0,3.129333841E-2,9.559479076E-4,1.908853184E-3,9.995079637E-1,1.764134620E2,2.220597311E-1,-1.026446599E-1,1.764132550E2
7.528207103E0,3.127107837E-2,9.553200798E-4,1.899420517E-3,9.995086789E-1,1.764160141E2,2.209748162E-1,-1.026114999E-1,1.764158081E2
7.533207103E0,3.125459473E-2,9.416914545E-4,1.895243069E-3,9.995092154E-1,1.764179039E2,2.204458368E-1,-1.010691466E-1,1.764177015E2
7.538207103E0,3.128537243E-2,9.371550987E-4,1.892628963E-3,9.995082617E-1,1.764143753E2,2.201332744E-1,-1.005521578E-1,1.764141742E2
7.543207103E0,3.128616599E-2,9.385796729E-4,1.878754352E-3,9.995082617E-1,1.764142843E2,2.185493228E-1,-1.007648923E-1,1.764140842E2
7.548207103E0,3.131525200E-2,9.371370543E-4,1.870523440E-3,9.995073676E-1,1.764109497E2,2.176043441E-1,-1.006228398E-1,1.764107508E2
7.553207103E0,3.131001323E-2,9.329037275E-4,1.864779391E-3,9.995075464E-1,1.764115503E2,2.169307270E-1,-1.001597255E-1,1.764113529E2
7.558207103E0,3.138245663E-2,9.280790691E-4,1.863448881E-3,9.995052814E-1,1.764032448E2,2.167682422E-1,-9.959619530E-2,1.764030486E2
7.563207103E0,3.137871669E-2,9.243592503E-4,1.864337712E-3,9.995054007E-1,1.764036736E2,2.168562945E-1,-9.916776094E-2,1.764034781E2
7.568207103E0,3.127474586E-2,9.199084016E-4,1.856021816E-3,9.995086789E-1,1.764155936E2,2.158775561E-1,-9.871034313E-2,1.764154000E2
7.573207103E0,3.126561347E-2,9.129472892E-4,1.852826332E-3,9.995089769E-1,1.764166406E2,2.154857126E-1,-9.792647137E-2,1.764164488E2
7.578207103E0,3.126970640E-2,9.098494193E-4,1.849584049E-3,9.995088577E-1,1.764161714E2,2.151036538E-1,-9.758239190E-2,1.764159806E2
7.583207103E0,3.126983530E-2,9.109682869E-4,1.846852014E-3,9.995088577E-1,1.764161566E2,2.147947603E-1,-9.772030418E-2,1.764159658E2
7.588207103E0,3.129686919E-2,9.050385561E-4,1.843453036E-3,9.995080233E-1,1.764130572E2,2.143868293E-1,-9.704752197E-2,1.764128681E2
7.593207103E0,3.129144002E-2,8.999177953E-4,1.841171412E-3,9.995082021E-1,1.764136797E2,2.141066101E-1,-9.647036049E-2,1.764134919E2
7.598207103E0,3.127426663E-2,9.004604071E-4,1.841478865E-3,9.995087385E-1,1.764156486E2,2.141421118E-1,-9.653508554E-2,1.764154606E2
7.603207103E0,3.127098282E-2,8.991456707E-4,1.833165414E-3,9.995088577E-1,1.764160251E2,2.131848947E-1,-9.641499725E-2,1.764158382E2
7.608207103E0,3.121461560E-2,8.878918015E-4,1.824341249E-3,9.995106459E-1,1.764224874E2,2.121285118E-1,-9.516961664E-2,1.764223039E2
7.613207103E0,3.121468192E-2,8.877629298E-4,1.823268947E-3,9.995106459E-1,1.764224798E2,2.120052399E-1,-9.515867793E-2,1.764222964E2
7.618207103E0,3.117261403E-2,8.926313603E-4,1.821763115E-3,9.995119572E-1,1.764273028E2,2.118461557E-1,-9.573058920E-2,1.764271185E2
7.623207103E0,3.117109759E-2,8.917908999E-4,1.815409050E-3,9.995120168E-1,1.764274766E2,2.111152376E-1,-9.565734546E-2,1.764272931E2
7.628207103E0,3.117342411E-2,8.857470821E-4,1.811231137E-3,9.995119572E-1,1.764272099E2,2.106153450E-1,-9.497954633E-2,1.764270281E2
7.633207103E0,3.116777974E-2,8.808229468E-4,1.812092843E-3,9.995121360E-1,1.764278570E2,2.106959157E-1,-9.441366851E-2,1.764276762E2
7.638207103E0,3.116983331E-2,8.834680775E-4,1.808355795E-3,9.995120764E-1,1.764276216E2,2.102775317E-1,-9.472954625E-2,1.764274405E2
7.643207103E0,3.116637735E-2,8.800659562E-4,1.803684863E-3,9.995121956E-1,1.764280178E2,2.097300613E-1,-9.435729153E-2,1.764278379E2
7.648207103E0,3.118604784E-2,8.748287801E-4,1.796518336E-3,9.995115995E-1,1.764257626E2,2.088923733E-1,-9.377893265E-2,1.764255845E2
7.653207103E0,3.118214973E-2,8.718646131E-4,1.799297635E-3,9.995117188E-1,1.764262095E2,2.091997446E-1,-9.343031295E-2,1.764260318E2
7.658207103E0,3.118212263E-2,8.702044142E-4,1.800570521E-3,9.995117188E-1,1.764262126E2,2.093396003E-1,-9.323561811E-2,1.764260352E2
7.663207103E0,3.117304127E-2,8.631960372E-4,1.795749646E-3,9.995120168E-1,1.764272538E2,2.087615499E-1,-9.245203258E-2,1.764270783E2
7.668207103E0,3.115010136E-2,8.610305958E-4,1.796753611E-3,9.995127320E-1,1.764298838E2,2.088666876E-1,-9.220521944E-2,1.764297086E2
7.673207103E0,3.115972588E-2,8.679619641E-4,1.792315044E-3,9.995124340E-1,1.764287804E2,2.083839519E-1,-9.301294704E-2,1.764286041E2
7.678207103E0,3.109686508E-2,8.673847769E-4,1.787428744E-3,9.995144010E-1,1.764359872E2,2.078163854E-1,-9.297735661E-2,1.764358115E2
7.683207103E0,3.108198232E-2,8.561663562E-4,1.785054104E-3,9.995148778E-1,1.764376934E2,2.075030552E-1,-9.170399586E-2,1.764375204E2
7.688207103E0,3.106497897E-2,8.529006736E-4,1.782229752E-3,9.995154142E-1,1.764396428E2,2.071663768E-1,-9.134354187E-2,1.764394707E2
7.693207103E0,3.107077558E-2,8.574064705E-4,1.779301558E-3,9.995152354E-1,1.764389783E2,2.068475663E-1,-9.186884290E-2,1.764388055E2
7.698207103E0,3.102898778E-2,8.544494631E-4,1.773317228E-3,9.995165467E-1,1.764437691E2,2.061477845E-1,-9.156008555E-2,1.764435975E2
7.703207103E0,3.102337274E-2,8.502108976E-4,1.772808726E-3,9.995167255E-1,1.764444129E2,2.060739576E-1,-9.107758210E-2,1.764442422E2
7.708207103E0,3.100607062E-2,8.498283569E-4,1.773238997E-3,9.995172620E-1,1.764463965E2,2.061203035E-1,-9.103580567E-2,1.764462259E2
7.713207103E0,3.100064498E-2,8.456400828E-4,1.769307302E-3,9.995174408E-1,1.764470185E2,2.056546051E-1,-9.057118273E-2,1.764468491E2
7.718207103E0,3.100922543E-2,8.327327669E-4,1.759728999E-3,9.995172024E-1,1.764460348E2,2.045124438E-1,-8.912509832E-2,1.764458690E2
7.723207103E0,3.099600980E-2,8.234004490E-4,1.759965206E-3,9.995176196E-1,1.764475499E2,2.045051679E-1,-8.805807382E-2,1.764473861E2
7.728207103E0,3.101340902E-2,8.298654575E-4,1.755061210E-3,9.995170832E-1,1.764455552E2,2.039679922E-1,-8.881242090E-2,1.764453904E2
7.733207103E0,3.101174181E-2,8.294364670E-4,1.750773750E-3,9.995171428E-1,1.764457463E2,2.034752478E-1,-8.877886316E-2,1.764455820E2
7.738207103E0,3.097179011E-2,8.267325466E-4,1.744662179E-3,9.995183945E-1,1.764503266E2,2.027621010E-1,-8.849899043E-2,1.764501634E2
7.743207103E0,3.096634647E-2,8.221870521E-4,1.740992418E-3,9.995185733E-1,1.764509507E2,2.023251644E-1,-8.799249263E-2,1.764507888E2
7.748207103E0,3.093576472E-2,8.227979415E-4,1.736863167E-3,9.995195270E-1,1.764544568E2,2.018516859E-1,-8.808329098E-2,1.764542951E2
7.753207103E0,3.093217541E-2,8.198123542E-4,1.733596553E-3,9.995196462E-1,1.764548683E2,2.014666374E-1,-8.775363617E-2,1.764547075E2
7.758207103E0,3.094787543E-2,8.120174170E-4,1.731985714E-3,9.995191693E-1,1.764530684E2,2.012558678E-1,-8.686337956E-2,1.764529093E2
7.763207103E0,3.094792918E-2,8.130235365E-4,1.730552758E-3,9.995191693E-1,1.764530622E2,2.010953146E-1,-8.698368819E-2,1.764529031E2
7.768207103E0,3.094996671E-2,8.086353773E-4,1.730595832E-3,9.995191097E-1,1.764528286E2,2.010848603E-1,-8.648052105E-2,1.764526704E2
7.773207103E0,3.094847449E-2,8.082417189E-4,1.723024296E-3,9.995191693E-1,1.764529997E2,2.002161144E-1,-8.646258619E-2,1.764528422E2
7.778207103E0,3.093324210E-2,8.070445620E-4,1.720504835E-3,9.995196462E-1,1.764547460E2,1.999219813E-1,-8.633745027E-2,1.764545890E2
7.783207103E0,3.093903430E-2,8.116806275E-4,1.718054758E-3,9.995194674E-1,1.764540820E2,1.996582959E-1,-8.687597747E-2,1.764539242E2
7.788207103E0,3.099303424E-2,8.143819869E-4,1.714422600E-3,9.995177984E-1,1.764478911E2,1.992565687E-1,-8.718749485E-2,1.764477331E2
7.793207103E0,3.098764478E-2,8.091992349E-4,1.710042823E-3,9.995179772E-1,1.764485089E2,1.987360470E-1,-8.661050858E-2,1.764483524E2
7.798207103E0,3.100685790E-2,8.065517759E-4,1.711412799E-3,9.995173812E-1,1.764463062E2,1.988852163E-1,-8.629859028E-2,1.764461501E2
7.803207103E0,3.100524825E-2,8.053245256E-4,1.706334762E-3,9.995174408E-1,1.764464908E2,1.982990948E-1,-8.617638862E-2,1.764463353E2
7.808207103E0,3.095735174E-2,8.069605683E-4,1.702332636E-3,9.995189309E-1,1.764519819E2,1.978423785E-1,-8.638747550E-2,1.764518265E2
7.813207103E0,3.095547629E-2,8.055341896E-4,1.702115987E-3,9.995189905E-1,1.764521969E2,1.978123417E-1,-8.622524284E-2,1.764520418E2
7.818207103E0,3.090554401E-2,8.029178716E-4,1.700680936E-3,9.995205402E-1,1.764579215E2,1.976344004E-1,-8.594054281E-2,1.764577670E2
7.823207103E0,3.090377319E-2,8.002403774E-4,1.699090702E-3,9.995205998E-1,1.764581245E2,1.974426244E-1,-8.563985343E-2,1.764579707E2
7.828207103E0,3.090977959E-2,7.986903074E-4,1.695749699E-3,9.995204210E-1,1.764574359E2,1.970549793E-1,-8.547296147E-2,1.764572827E2
7.833207103E0,3.089899901E-2,7.898705662E-4,1.685526455E-3,9.995207787E-1,1.764586719E2,1.958518841E-1,-8.450110254E-2,1.764585213E2
7.838207103E0,3.085678259E-2,7.818836602E-4,1.685025753E-3,9.995220900E-1,1.764635118E2,1.957627211E-1,-8.359635007E-2,1.764633629E2
7.843207103E0,3.085518627E-2,7.806128706E-4,1.679481124E-3,9.995221496E-1,1.764636948E2,1.951230273E-1,-8.347071572E-2,1.764635466E2
7.848207103E0,3.084590990E-2,7.831394323E-4,1.671318780E-3,9.995224476E-1,1.764647583E2,1.941962917E-1,-8.379076366E-2,1.764646103E2
7.853207103E0,3.083464971E-2,7.750340737E-4,1.668998739E-3,9.995228052E-1,1.764660493E2,1.939009735E-1,-8.287278648E-2,1.764659031E2
7.858207103E0,3.081909504E-2,7.714417879E-4,1.672392362E-3,9.995232821E-1,1.764678325E2,1.942756924E-1,-8.245236894E-2,1.764676868E2
7.863207103E0,3.082314773E-2,7.739386638E-4,1.667790581E-3,9.995231628E-1,1.764673679E2,1.937577711E-1,-8.275382033E-2,1.764672220E2
7.868207103E0,3.084492031E-2,7.738327840E-4,1.658219844E-3,9.995225072E-1,1.764648718E2,1.926629932E-1,-8.277130242E-2,1.764647267E2
7.873207103E0,3.084130138E-2,7.710034843E-4,1.654991647E-3,9.995226264E-1,1.764652867E2,1.922829442E-1,-8.245935017E-2,1.764651424E2
7.878207103E0,3.082990818E-2,7.717889384E-4,1.650909893E-3,9.995229840E-1,1.764665929E2,1.918172663E-1,-8.256592628E-2,1.764664488E2
7.883207103E0,3.082622410E-2,7.692030049E-4,1.648735721E-3,9.995231032E-1,1.764670152E2,1.915588023E-1,-8.227812874E-2,1.764668718E2
7.888207103E0,3.085760883E-2,7.619602839E-4,1.643145457E-3,9.995221496E-1,1.764634171E2,1.908954789E-1,-8.146232348E-2,1.764632756E2
7.893207103E0,3.085753065E-2,7.617300143E-4,1.644719625E-3,9.995221496E-1,1.764634261E2,1.910749591E-1,-8.143039756E-2,1.764632845E2
7.898207103E0,3.094619791E-2,7.625698927E-4,1.644644188E-3,9.995194077E-1,1.764532607E2,1.910765203E-1,-8.150991133E-2,1.764531189E2
7.903207103E0,3.095010807E-2,7.661366253E-4,1.641853130E-3,9.995192885E-1,1.764528124E2,1.907698115E-1,-8.192758423E-2,1.764526702E2
7.908207103E0,3.094471715E-2,7.601529360E-4,1.637384761E-3,9.995194674E-1,1.764534304E2,1.902363557E-1,-8.125910756E-2,1.764532898E2
7.913207103E0,3.094306845E-2,7.589148008E-4,1.632725238E-3,9.995195270E-1,1.764536195E2,1.896981435E-1,-8.113413211E-2,1.764534794E2
7.918207103E0,3.100679987E-2,7.538298378E-4,1.630136161E-3,9.995175600E-1,1.764463129E2,1.893887025E-1,-8.054882311E-2,1.764461740E2
7.923207103E0,3.100514871E-2,7.512844168E-4,1.626165700E-3,9.995176196E-1,1.764465022E2,1.889247612E-1,-8.027170013E-2,1.764463641E2
7.928207103E0,3.101111411E-2,7.530633593E-4,1.621493720E-3,9.995174408E-1,1.764458183E2,1.883964496E-1,-8.049092916E-2,1.764456802E2
7.933207103E0,3.100915951E-2,7.520259824E-4,1.622614102E-3,9.995175004E-1,1.764460424E2,1.885209303E-1,-8.036849893E-2,1.764459044E2
7.938207103E0,3.095947590E-2,7.491543656E-4,1.618043403E-3,9.995190501E-1,1.764517384E2,1.879832329E-1,-8.006518091E-2,1.764516014E2
7.943207103E0,3.095605311E-2,7.472169818E-4,1.610771054E-3,9.995191693E-1,1.764521308E2,1.871431334E-1,-7.986972173E-2,1.764519948E2
7.948207103E0,3.090013380E-2,7.494204910E-4,1.610847889E-3,9.995208979E-1,1.764585418E2,1.871552684E-1,-8.013230214E-2,1.764584053E2
7.953207103E0,3.089806746E-2,7.485008682E-4,1.613924513E-3,9.995209575E-1,1.764587787E2,1.875042338E-1,-8.001646477E-2,1.764586421E2
7.958207103E0,3.096586264E-2,7.489777054E-4,1.606326201E-3,9.995188713E-1,1.764510062E2,1.866410664E-1,-8.008532499E-2,1.764508702E2
7.963207103E0,3.096413404E-2,7.482833462E-4,1.602879842E-3,9.995189309E-1,1.764512044E2,1.862437287E-1,-8.001834727E-2,1.764510688E2
7.968207103E0,3.091622754E-2,7.434797008E-4,1.600643736E-3,9.995204210E-1,1.764566967E2,1.859667565E-1,-7.948500253E-2,1.764565622E2
7.973207103E0,3.091600486E-2,7.439004839E-4,1.604744000E-3,9.995204210E-1,1.764567222E2,1.864378616E-1,-7.951871242E-2,1.764565873E2
7.978207103E0,3.093740065E-2,7.448818069E-4,1.600316376E-3,9.995197654E-1,1.764542693E2,1.859359166E-1,-7.964281616E-2,1.764541345E2
7.983207103E0,3.093554622E-2,7.432691054E-4,1.599687384E-3,9.995198250E-1,1.764544819E2,1.858580085E-1,-7.946067765E-2,1.764543475E2
7.988207103E0,3.093741464E-2,7.413897547E-4,1.601667027E-3,9.995197654E-1,1.764542677E2,1.860782358E-1,-7.923805739E-2,1.764541335E2
7.993207103E0,3.094105151E-2,7.439543260E-4,1.604614663E-3,9.995196462E-1,1.764538507E2,1.864252312E-1,-7.952066600E-2,1.764537158E2
7.998207103E0,3.092791428E-2,7.423320203E-4,1.598725095E-3,9.995200634E-1,1.764553568E2,1.857438626E-1,-7.935817679E-2,1.764552227E2
8.003207103E0,3.091863707E-2,7.344692131E-4,1.595473732E-3,9.995203614E-1,1.764564204E2,1.853428634E-1,-7.847084134E-2,1.764562880E2
8.008207103E0,3.089546863E-2,7.337212446E-4,1.596541610E-3,9.995210767E-1,1.764590766E2,1.854607077E-1,-7.838568680E-2,1.764589443E2
8.013207103E0,3.090508332E-2,7.403115742E-4,1.593988272E-3,9.995207787E-1,1.764579743E2,1.851923520E-1,-7.914778024E-2,1.764578409E2
8.018207103E0,3.087249761E-2,7.368103252E-4,1.591681154E-3,9.995217919E-1,1.764617102E2,1.849131329E-1,-7.876095810E-2,1.764615776E2
8.023207103E0,3.086880199E-2,7.334084366E-4,1.590068568E-3,9.995219111E-1,1.764621338E2,1.847161059E-1,-7.837770472E-2,1.764620021E2
8.028207103E0,3.086527804E-2,7.296599215E-4,1.585258986E-3,9.995220304E-1,1.764625378E2,1.841516939E-1,-7.796602458E-2,1.764624072E2
8.033207103E0,3.085783966E-2,7.247596513E-4,1.581987250E-3,9.995222688E-1,1.764633906E2,1.837590487E-1,-7.741770293E-2,1.764632611E2
8.038207103E0,3.080003176E-2,7.228966570E-4,1.579594682E-3,9.995240569E-1,1.764700181E2,1.834739564E-1,-7.722339337E-2,1.764698891E2
8.043207103E0,3.079975654E-2,7.233936922E-4,1.584725105E-3,9.995240569E-1,1.764700496E2,1.840633150E-1,-7.726226488E-2,1.764699202E2
8.048207103E0,3.079214633E-2,7.237714599E-4,1.582063269E-3,9.995242953E-1,1.764709221E2,1.837591799E-1,-7.731632742E-2,1.764707928E2
8.053207103E0,3.079406000E-2,7.240991690E-4,1.582323108E-3,9.995242357E-1,1.764707027E2,1.837902457E-1,-7.735259351E-2,1.764705733E2
8.058207103E0,3.075523717E-2,7.241465501E-4,1.584343147E-3,9.995254278E-1,1.764751536E2,1.840187784E-1,-7.735803950E-2,1.764750240E2
8.063207103E0,3.075336798E-2,7.219047984E-4,1.584046404E-3,9.995254874E-1,1.764753679E2,1.839767446E-1,-7.710266540E-2,1.764752388E2
8.068207103E0,3.071289234E-2,7.195081562E-4,1.580612268E-3,9.995267391E-1,1.764800082E2,1.835718484E-1,-7.684769702E-2,1.764798798E2
8.073207103E0,3.071107904E-2,7.173853810E-4,1.579117728E-3,9.995267987E-1,1.764802161E2,1.833930565E-1,-7.661015277E-2,1.764800882E2
8.078207103E0,3.071701697E-2,7.075155154E-4,1.581258723E-3,9.995266199E-1,1.764795354E2,1.836039914E-1,-7.547105858E-2,1.764794092E2
8.083207103E0,3.071705874E-2,7.068855339E-4,1.580728916E-3,9.995266199E-1,1.764795306E2,1.835410940E-1,-7.540075943E-2,1.764794045E2
8.088207103E0,3.072477855E-2,7.074094610E-4,1.581219491E-3,9.995263815E-1,1.764786455E2,1.835997104E-1,-7.545762380E-2,1.764785194E2
8.093207103E0,3.072090548E-2,7.050493732E-4,1.582171535E-3,9.995265007E-1,1.764790896E2,1.837001538E-1,-7.518466538E-2,1.764789638E2
8.098207103E0,3.070730208E-2,6.996023003E-4,1.585080521E-3,9.995269179E-1,1.764806491E2,1.840131500E-1,-7.455303548E-2,1.764805241E2
8.103207103E0,3.070365048E-2,6.975549040E-4,1.581544522E-3,9.995270371E-1,1.764810678E2,1.836006680E-1,-7.433164573E-2,1.764809434E2
8.108207103E0,3.066092571E-2,7.024468505E-4,1.579511329E-3,9.995283484E-1,1.764859660E2,1.833818024E-1,-7.490694908E-2,1.764858409E2
8.113207103E0,3.066462930E-2,7.047572872E-4,1.582019730E-3,9.995282292E-1,1.764855414E2,1.836775064E-1,-7.516208671E-2,1.764854156E2
8.118207103E0,3.065859445E-2,7.059546188E-4,1.585469814E-3,9.995284081E-1,1.764862333E2,1.840764250E-1,-7.528821379E-2,1.764861070E2
8.123207103E0,3.066055543E-2,7.065182435E-4,1.584874117E-3,9.995283484E-1,1.764860084E2,1.840103233E-1,-7.535450188E-2,1.764858821E2
8.128207103E0,3.063933883E-2,7.058183546E-4,1.581994118E-3,9.995290041E-1,1.764884408E2,1.836763969E-1,-7.528835623E-2,1.764883149E2
8.133207103E0,3.063165612E-2,6.996622542E-4,1.582868397E-3,9.995292425E-1,1.764893216E2,1.837543454E-1,-7.458159377E-2,1.764891968E2
8.138207103E0,3.064127408E-2,7.022289210E-4,1.583767473E-3,9.995289445E-1,1.764882190E2,1.838670545E-1,-7.487064853E-2,1.764880936E2
8.143207103E0,3.064534480E-2,7.051444845E-4,1.578936935E-3,9.995288253E-1,1.764877523E2,1.833243192E-1,-7.522080539E-2,1.764876267E2
8.148207103E0,3.062793414E-2,7.067621336E-4,1.576447743E-3,9.995293617E-1,1.764897483E2,1.830435798E-1,-7.541801708E-2,1.764896226E2
8.153207103E0,3.061822060E-2,6.988058449E-4,1.579721924E-3,9.995296597E-1,1.764908619E2,1.833899469E-1,-7.449701269E-2,1.764907375E2
8.158207103E0,3.061859352E-2,6.990121328E-4,1.572385663E-3,9.995296597E-1,1.764908192E2,1.825504176E-1,-7.454631321E-2,1.764906952E2
8.163207103E0,3.062832033E-2,7.068245322E-4,1.568898559E-3,9.995293617E-1,1.764897040E2,1.821791594E-1,-7.545159007E-2,1.764895789E2
8.168207103E0,3.062076579E-2,7.018688484E-4,1.566690626E-3,9.995296001E-1,1.764905701E2,1.819083061E-1,-7.489310204E-2,1.764904461E2
8.173207103E0,3.061868875E-2,6.998776225E-4,1.570144785E-3,9.995296597E-1,1.764908083E2,1.822967959E-1,-7.465328975E-2,1.764906843E2
8.178207103E0,3.062426133E-2,7.042082143E-4,1.573357033E-3,9.995294809E-1,1.764901694E2,1.826803355E-1,-7.513701626E-2,1.764900444E2
8.183207103E0,3.062446373E-2,7.037948235E-4,1.569597865E-3,9.995294809E-1,1.764901462E2,1.822483322E-1,-7.510282299E-2,1.764900215E2
8.188207103E0,3.061502113E-2,6.971745170E-4,1.566973631E-3,9.995297790E-1,1.764912287E2,1.819238201E-1,-7.435547664E-2,1.764911055E2
8.193207103E0,3.061687816E-2,6.986978697E-4,1.568031730E-3,9.995297194E-1,1.764910158E2,1.820504960E-1,-7.452590757E-2,1.764908923E2
8.198207103E0,3.062661996E-2,7.056180038E-4,1.564656384E-3,9.995294213E-1,1.764898990E2,1.816889060E-1,-7.532859571E-2,1.764897744E2
8.203207103E0,3.061913945E-2,7.008669199E-4,1.560887089E-3,9.995296597E-1,1.764907566E2,1.812399427E-1,-7.479900302E-2,1.764906331E2
8.208207103E0,3.061173160E-2,6.942198379E-4,1.556476229E-3,9.995298982E-1,1.764916059E2,1.807108576E-1,-7.405447775E-2,1.764914840E2
8.213207103E0,3.060971263E-2,6.932498072E-4,1.558337244E-3,9.995299578E-1,1.764918373E2,1.809204623E-1,-7.393720969E-2,1.764917155E2
8.218207103E0,3.061348720E-2,6.955126883E-4,1.559643541E-3,9.995298386E-1,1.764914046E2,1.810783013E-1,-7.419112900E-2,1.764912822E2
8.223207103E0,3.060388081E-2,6.880870787E-4,1.560472185E-3,9.995301366E-1,1.764925059E2,1.811464556E-1,-7.333945055E-2,1.764923849E2
8.228207103E0,3.060025756E-2,6.850021891E-4,1.556521980E-3,9.995302558E-1,1.764929213E2,1.806829225E-1,-7.300062283E-2,1.764928011E2
8.233207103E0,3.059828654E-2,6.835203385E-4,1.557645272E-3,9.995303154E-1,1.764931473E2,1.808062418E-1,-7.282731251E-2,1.764930273E2
8.238207103E0,3.059862924E-2,6.845392054E-4,1.550449291E-3,9.995303154E-1,1.764931080E2,1.799856257E-1,-7.296918175E-2,1.764929883E2
8.243207103E0,3.060084462E-2,6.868404453E-4,1.544121187E-3,9.995302558E-1,1.764928540E2,1.792690488E-1,-7.325455261E-2,1.764927344E2
8.248207103E0,3.060859849E-2,6.924686604E-4,1.542254933E-3,9.995300174E-1,1.764919651E2,1.790756028E-1,-7.390435109E-2,1.764918446E2
8.253207103E0,3.060456204E-2,6.890897057E-4,1.546607702E-3,9.995301366E-1,1.764924278E2,1.795620109E-1,-7.350279055E-2,1.764923076E2
8.258207103E0,3.060853768E-2,6.931634271E-4,1.543149352E-3,9.995300174E-1,1.764919720E2,1.791804805E-1,-7.398080171E-2,1.764918513E2
8.263207103E0,3.060486456E-2,6.901531597E-4,1.540133730E-3,9.995301366E-1,1.764923931E2,1.788242467E-1,-7.364724725E-2,1.764922732E2
8.268207103E0,3.059141112E-2,6.793174543E-4,1.541453297E-3,9.995305538E-1,1.764939355E2,1.789364076E-1,-7.240393035E-2,1.764938175E2
8.273207103E0,3.059537362E-2,6.819575792E-4,1.538940589E-3,9.995304346E-1,1.764934812E2,1.786581509E-1,-7.271442484E-2,1.764933629E2
8.278207103E0,3.060119225E-2,6.861109287E-4,1.537542208E-3,9.995302558E-1,1.764928142E2,1.785129721E-1,-7.319400398E-2,1.764926952E2
8.283207103E0,3.058965633E-2,6.784814759E-4,1.537992270E-3,9.995306134E-1,1.764941367E2,1.785369302E-1,-7.232062578E-2,1.764940191E2
8.288207103E0,3.059151006E-2,6.787332823E-4,1.539746067E-3,9.995305538E-1,1.764939242E2,1.787388238E-1,-7.234298780E-2,1.764938064E2
8.293207103E0,3.059921634E-2,6.849912461E-4,1.538617769E-3,9.995303154E-1,1.764930407E2,1.786320937E-1,-7.306233942E-2,1.764929218E2
8.298207103E0,3.060493308E-2,6.897074636E-4,1.538971323E-3,9.995301366E-1,1.764923853E2,1.786895486E-1,-7.360026274E-2,1.764922655E2
8.303207103E0,3.060295267E-2,6.878264830E-4,1.540482859E-3,9.995301962E-1,1.764926123E2,1.788559344E-1,-7.337987258E-2,1.764924928E2
8.308207103E0,3.060488177E-2,6.894175312E-4,1.540121157E-3,9.995301366E-1,1.764923912E2,1.788202278E-1,-7.356303103E-2,1.764922714E2
8.313207103E0,3.061269622E-2,6.955599529E-4,1.536781434E-3,9.995298982E-1,1.764914953E2,1.784598271E-1,-7.427688804E-2,1.764913746E2
8.318207103E0,3.060502544E-2,6.905421615E-4,1.536758733E-3,9.995301366E-1,1.764923747E2,1.784390573E-1,-7.370361065E-2,1.764922549E2
8.323207103E0,3.060308527E-2,6.890184013E-4,1.537312637E-3,9.995301962E-1,1.764925971E2,1.784970132E-1,-7.352748641E-2,1.764924776E2
8.328207103E0,3.061635880E-2,6.989488029E-4,1.539812190E-3,9.995297790E-1,1.764910754E2,1.788191267E-1,-7.465375184E-2,1.764909539E2
8.333207103E0,3.060899128E-2,6.929389201E-4,1.534227165E-3,9.995300174E-1,1.764919200E2,1.781577965E-1,-7.398630185E-2,1.764918000E2
8.338207103E0,3.059935933E-2,6.862391019E-4,1.535214134E-3,9.995303154E-1,1.764930243E2,1.782466342E-1,-7.321717552E-2,1.764929054E2
8.343207103E0,3.059541238E-2,6.830746424E-4,1.537674223E-3,9.995304346E-1,1.764934768E2,1.785170234E-1,-7.284680387E-2,1.764933583E2
8.348207103E0,3.060134642E-2,6.867546472E-4,1.534182811E-3,9.995302558E-1,1.764927965E2,1.781304620E-1,-7.327948719E-2,1.764926776E2
8.353207103E0,3.060158708E-2,6.873225211E-4,1.529119792E-3,9.995302558E-1,1.764927689E2,1.775525627E-1,-7.336224235E-2,1.764926503E2
8.358207103E0,3.059008745E-2,6.788898027E-4,1.529212110E-3,9.995306134E-1,1.764940873E2,1.775327298E-1,-7.239809636E-2,1.764939702E2
8.363207103E0,3.059193239E-2,6.793586654E-4,1.531054848E-3,9.995305538E-1,1.764938758E2,1.777455710E-1,-7.244501109E-2,1.764937585E2
8.368207103E0,3.059018258E-2,6.778298412E-4,1.527778688E-3,9.995306134E-1,1.764940764E2,1.773648393E-1,-7.228169865E-2,1.764939596E2
8.373207103E0,3.058468563E-2,6.742661935E-4,1.522413106E-3,9.995307922E-1,1.764947066E2,1.767373870E-1,-7.189330727E-2,1.764945908E2
8.378207103E0,3.058487426E-2,6.745181745E-4,1.518506790E-3,9.995307922E-1,1.764946849E2,1.762908616E-1,-7.193582647E-2,1.764945694E2
8.383207103E0,3.058663951E-2,6.760941469E-4,1.521481201E-3,9.995307326E-1,1.764944826E2,1.766371965E-1,-7.210559800E-2,1.764943665E2
8.388207103E0,3.058893081E-2,6.773544592E-4,1.513995114E-3,9.995306730E-1,1.764942199E2,1.757843374E-1,-7.227578788E-2,1.764941042E2
8.393207103E0,3.058702868E-2,6.769506726E-4,1.513254480E-3,9.995307326E-1,1.764944379E2,1.756979536E-1,-7.223246959E-2,1.764943224E2
8.398207103E0,3.058125743E-2,6.715230993E-4,1.514204545E-3,9.995309114E-1,1.764950996E2,1.757873333E-1,-7.160849203E-2,1.764949849E2
8.403207103E0,3.058504446E-2,6.750182365E-4,1.514852280E-3,9.995307922E-1,1.764946654E2,1.758740458E-1,-7.200588119E-2,1.764945501E2
8.408207103E0,3.058507564E-2,6.752623012E-4,1.514113625E-3,9.995307922E-1,1.764946618E2,1.757902994E-1,-7.203641927E-2,1.764945465E2
8.413207103E0,3.057733761E-2,6.692415336E-4,1.515684067E-3,9.995310307E-1,1.764955490E2,1.759485191E-1,-7.134267148E-2,1.764954346E2
8.418207103E0,3.056774621E-2,6.617595209E-4,1.515901415E-3,9.995313287E-1,1.764966486E2,1.759465185E-1,-7.048662456E-2,1.764965356E2
8.423207103E0,3.057715554E-2,6.690495065E-4,1.519437414E-3,9.995310307E-1,1.764955698E2,1.763777346E-1,-7.130755743E-2,1.764954553E2
8.428207103E0,3.058128543E-2,6.715242635E-4,1.513638417E-3,9.995309114E-1,1.764950964E2,1.757224961E-1,-7.161060443E-2,1.764949818E2
8.433207103E0,3.057750178E-2,6.696550990E-4,1.512185438E-3,9.995310307E-1,1.764955302E2,1.755492534E-1,-7.140227083E-2,1.764954160E2
8.438207103E0,3.057948916E-2,6.711170427E-4,1.510746893E-3,9.995309711E-1,1.764953023E2,1.753897505E-1,-7.157441071E-2,1.764951880E2
8.443207103E0,3.058143320E-2,6.726378342E-4,1.510154456E-3,9.995309114E-1,1.764950794E2,1.753273630E-1,-7.175033396E-2,1.764949649E2
8.448207103E0,3.057793746E-2,6.692870520E-4,1.503513777E-3,9.995310307E-1,1.764954802E2,1.745547586E-1,-7.139042529E-2,1.764953667E2
8.453207103E0,3.057216641E-2,6.649516290E-4,1.503920881E-3,9.995312095E-1,1.764961418E2,1.745857856E-1,-7.089343672E-2,1.764960291E2
8.458207103E0,3.057794416E-2,6.690121954E-4,1.503499807E-3,9.995310307E-1,1.764954794E2,1.745521958E-1,-7.135899159E-2,1.764953660E2
8.463207103E0,3.057620823E-2,6.684894324E-4,1.499405480E-3,9.995310903E-1,1.764956785E2,1.740812833E-1,-7.131376467E-2,1.764955654E2
8.468207103E0,3.056666510E-2,6.601869245E-4,1.498991391E-3,9.995313883E-1,1.764967725E2,1.740040896E-1,-7.036592540E-2,1.764966610E2
8.473207103E0,3.055703343E-2,6.529527600E-4,1.499810372E-3,9.995316863E-1,1.764978767E2,1.740718829E-1,-6.953614808E-2,1.764977664E2
8.478207103E0,3.056281648E-2,6.580690970E-4,1.498907688E-3,9.995315075E-1,1.764972137E2,1.739868137E-1,-7.012431700E-2,1.764971026E2
8.483207103E0,3.056490724E-2,6.599096232E-4,1.495208591E-3,9.995314479E-1,1.764969741E2,1.735697194E-1,-7.034771953E-2,1.764968628E2
8.488207103E0,3.056329164E-2,6.584163639E-4,1.489034039E-3,9.995315075E-1,1.764971593E2,1.728571532E-1,-7.019859109E-2,1.764970487E2
8.493207103E0,3.056131276E-2,6.564594805E-4,1.490503433E-3,9.995315671E-1,1.764973861E2,1.730184622E-1,-6.996964988E-2,1.764972759E2
8.498207103E0,3.055959820E-2,6.558332243E-4,1.485955669E-3,9.995316267E-1,1.764975827E2,1.724952561E-1,-6.991414280E-2,1.764974728E2
8.503207103E0,3.055199389E-2,6.494775298E-4,1.484741806E-3,9.995318651E-1,1.764984545E2,1.723334371E-1,-6.919173677E-2,1.764983459E2
8.508207103E0,3.054435149E-2,6.438130513E-4,1.483944943E-3,9.995321035E-1,1.764993307E2,1.722218085E-1,-6.854704572E-2,1.764992231E2
8.513207103E0,3.055795505E-2,6.547436351E-4,1.480123145E-3,9.995316863E-1,1.764977711E2,1.718232784E-1,-6.981005139E-2,1.764976618E2
8.518207103E0,3.056364388E-2,6.596599706E-4,1.481233397E-3,9.995315075E-1,1.764971189E2,1.719680624E-1,-7.036829165E-2,1.764970087E2
8.523207103E0,3.055814162E-2,6.548977108E-4,1.476197736E-3,9.995316863E-1,1.764977497E2,1.713742217E-1,-6.984141290E-2,1.764976407E2
8.528207103E0,3.054457902E-2,6.445287727E-4,1.478942577E-3,9.995321035E-1,1.764993046E2,1.716513671E-1,-6.864649340E-2,1.764991972E2
8.533207103E0,3.054647252E-2,6.460904260E-4,1.479436760E-3,9.995320439E-1,1.764990875E2,1.717135669E-1,-6.882330695E-2,1.764989798E2
8.538207103E0,3.055988939E-2,6.568015087E-4,1.479525585E-3,9.995316267E-1,1.764975493E2,1.717621772E-1,-7.004751611E-2,1.764974397E2
8.543207103E0,3.056040685E-2,6.565509830E-4,1.468910486E-3,9.995316267E-1,1.764974900E2,1.705455016E-1,-7.005590740E-2,1.764973812E2
8.548207103E0,3.055247465E-2,6.498066359E-4,1.474670833E-3,9.995318651E-1,1.764983994E2,1.711811111E-1,-6.926460919E-2,1.764982914E2
8.553207103E0,3.054853892E-2,6.477523712E-4,1.476309379E-3,9.995319843E-1,1.764988506E2,1.713613227E-1,-6.902425584E-2,1.764987428E2
8.558207103E0,3.055070213E-2,6.497668219E-4,1.471006079E-3,9.995319247E-1,1.764986026E2,1.707610943E-1,-6.927318271E-2,1.764984948E2
8.563207103E0,3.055086191E-2,6.495520356E-4,1.467779046E-3,9.995319247E-1,1.764985843E2,1.703907347E-1,-6.925985202E-2,1.764984768E2
8.568207103E0,3.055261114E-2,6.506866193E-4,1.471451367E-3,9.995318651E-1,1.764983837E2,1.708154498E-1,-6.937664925E-2,1.764982758E2
8.573207103E0,3.055055198E-2,6.486001657E-4,1.474634861E-3,9.995319247E-1,1.764986198E2,1.711726336E-1,-6.912687778E-2,1.764985120E2
8.578207103E0,3.055287540E-2,6.504228222E-4,1.466071117E-3,9.995318651E-1,1.764983534E2,1.701983000E-1,-6.936522672E-2,1.764982459E2
8.583207103E0,3.054324407E-2,6.434890092E-4,1.466630842E-3,9.995321631E-1,1.764994576E2,1.702374710E-1,-6.857072266E-2,1.764993513E2
8.588207103E0,3.053929238E-2,6.406833418E-4,1.468904666E-3,9.995322824E-1,1.764999107E2,1.704878203E-1,-6.824208257E-2,1.764998046E2
8.593207103E0,3.054496207E-2,6.442565355E-4,1.471129362E-3,9.995321035E-1,1.764992607E2,1.707555284E-1,-6.864259476E-2,1.764991539E2
8.598207103E0,3.054667453E-2,6.464043981E-4,1.475122408E-3,9.995320439E-1,1.764990643E2,1.712205215E-1,-6.887433638E-2,1.764989569E2
8.603207103E0,3.054656284E-2,6.453537499E-4,1.477892627E-3,9.995320439E-1,1.764990771E2,1.715341319E-1,-6.874431926E-2,1.764989697E2
8.608207103E0,3.054858661E-2,6.478085415E-4,1.475297613E-3,9.995319843E-1,1.764988451E2,1.712456368E-1,-6.903422322E-2,1.764987374E2
8.613207103E0,3.054279200E-2,6.426112377E-4,1.476397621E-3,9.995321631E-1,1.764995095E2,1.713530377E-1,-6.843607719E-2,1.764994026E2
8.618207103E0,3.053343927E-2,6.354787038E-4,1.471165451E-3,9.995324612E-1,1.765005817E2,1.707281553E-1,-6.763904155E-2,1.765004764E2
8.623207103E0,3.052572361E-2,6.302188267E-4,1.471558004E-3,9.995326996E-1,1.765014663E2,1.707541948E-1,-6.703653022E-2,1.765013619E2
8.628207103E0,3.053156466E-2,6.334762438E-4,1.470438205E-3,9.995325208E-1,1.765007966E2,1.706377243E-1,-6.741254841E-2,1.765006917E2
8.633207103E0,3.053155772E-2,6.348906900E-4,1.469972194E-3,9.995325208E-1,1.765007974E2,1.705892968E-1,-6.757618792E-2,1.765006923E2
8.638207103E0,3.052586766E-2,6.304757553E-4,1.468456467E-3,9.995326996E-1,1.765014497E2,1.703998584E-1,-6.707678325E-2,1.765013455E2
8.643207103E0,3.052375964E-2,6.280115340E-4,1.472754520E-3,9.995327592E-1,1.765016914E2,1.708833888E-1,-6.677986147E-2,1.765015874E2
8.648207103E0,3.052758779E-2,6.313298945E-4,1.472895150E-3,9.995326400E-1,1.765012525E2,1.709113614E-1,-6.715879353E-2,1.765011479E2
8.653207103E0,3.052767110E-2,6.309224991E-4,1.471342286E-3,9.995326400E-1,1.765012430E2,1.707320793E-1,-6.711754943E-2,1.765011385E2
8.658207103E0,3.052199985E-2,6.270204321E-4,1.469191629E-3,9.995328188E-1,1.765018932E2,1.704717169E-1,-6.667910527E-2,1.765017895E2
8.663207103E0,3.052386184E-2,6.286255084E-4,1.470372546E-3,9.995327592E-1,1.765016797E2,1.706127161E-1,-6.685849930E-2,1.765015757E2
8.668207103E0,3.052571099E-2,6.298258668E-4,1.471987925E-3,9.995326996E-1,1.765014677E2,1.708020618E-1,-6.699001961E-2,1.765013634E2
8.673207103E0,3.052395481E-2,6.279731751E-4,1.468720380E-3,9.995327592E-1,1.765016690E2,1.704212040E-1,-6.678954556E-2,1.765015653E2
8.678207103E0,3.051428282E-2,6.208910490E-4,1.469890238E-3,9.995330572E-1,1.765027779E2,1.705297852E-1,-6.597593074E-2,1.765026753E2
8.683207103E0,3.051996302E-2,6.256113411E-4,1.471552765E-3,9.995328784E-1,1.765021267E2,1.707370931E-1,-6.650980017E-2,1.765020231E2
8.688207103E0,3.052778973E-2,6.305519491E-4,1.469037961E-3,9.995326400E-1,1.765012294E2,1.704668574E-1,-6.708314841E-2,1.765011251E2
8.693207103E0,3.052610963E-2,6.300051464E-4,1.463620458E-3,9.995326996E-1,1.765014220E2,1.698443199E-1,-6.703975642E-2,1.765013182E2
8.698207103E0,3.051843542E-2,6.240668590E-4,1.463381690E-3,9.995329380E-1,1.765023018E2,1.697956881E-1,-6.636173551E-2,1.765021991E2
8.703207103E0,3.051252233E-2,6.191235152E-4,1.466646558E-3,9.995331168E-1,1.765029797E2,1.701519624E-1,-6.578512295E-2,1.765028776E2
8.708207103E0,3.051244308E-2,6.197547191E-4,1.468028058E-3,9.995331168E-1,1.765029888E2,1.703123992E-1,-6.585260280E-2,1.765028865E2
8.713207103E0,3.051646474E-2,6.225496181E-4,1.464412548E-3,9.995329976E-1,1.765025277E2,1.699083239E-1,-6.618468348E-2,1.765024252E2
8.718207103E0,3.052233509E-2,6.272813189E-4,1.462098560E-3,9.995328188E-1,1.765018547E2,1.696602234E-1,-6.673373905E-2,1.765017515E2
8.723207103E0,3.052601522E-2,6.301229587E-4,1.465537585E-3,9.995326996E-1,1.765014328E2,1.700643103E-1,-6.704656009E-2,1.765013289E2
8.728207103E0,3.051852933E-2,6.239191280E-4,1.461485052E-3,9.995329380E-1,1.765022911E2,1.695779398E-1,-6.635143179E-2,1.765021884E2
8.733207103E0,3.051676309E-2,6.228781422E-4,1.458041719E-3,9.995329976E-1,1.765024935E2,1.691797883E-1,-6.624454051E-2,1.765023913E2
8.738207103E0,3.051875972E-2,6.242318777E-4,1.456532045E-3,9.995329380E-1,1.765022646E2,1.690117398E-1,-6.640453660E-2,1.765021623E2
8.743207103E0,3.052255776E-2,6.273768959E-4,1.457401551E-3,9.995328188E-1,1.765018292E2,1.691225849E-1,-6.676107735E-2,1.765017263E2
8.748207103E0,3.051474860E-2,6.218072958E-4,1.459798659E-3,9.995330572E-1,1.765027245E2,1.693771471E-1,-6.611608505E-2,1.765026224E2
8.753207103E0,3.050684767E-2,6.150053232E-4,1.464560744E-3,9.995332956E-1,1.765036303E2,1.698982855E-1,-6.532169089E-2,1.765035290E2
8.758207103E0,3.050873051E-2,6.170028355E-4,1.465178560E-3,9.995332360E-1,1.765034144E2,1.699761562E-1,-6.554800214E-2,1.765033128E2
8.763207103E0,3.051263926E-2,6.198777701E-4,1.463892753E-3,9.995331168E-1,1.765029663E2,1.698391913E-1,-6.588112290E-2,1.765028643E2
8.768207103E0,3.051833030E-2,6.238970091E-4,1.465644687E-3,9.995329380E-1,1.765023139E2,1.700542871E-1,-6.633438481E-2,1.765022110E2
8.773207103E0,3.051261003E-2,6.190239219E-4,1.464863075E-3,9.995331168E-1,1.765029697E2,1.699473427E-1,-6.577993691E-2,1.765028677E2
8.778207103E0,3.051851118E-2,6.241912488E-4,1.461747801E-3,9.995329380E-1,1.765022931E2,1.696089852E-1,-6.638168416E-2,1.765021905E2
8.783207103E0,3.051280597E-2,6.192797446E-4,1.460667467E-3,9.995331168E-1,1.765029472E2,1.694676920E-1,-6.582387546E-2,1.765028455E2
8.788207103E0,3.050111604E-2,6.098136655E-4,1.464073430E-3,9.995334744E-1,1.765042874E2,1.698239474E-1,-6.472972567E-2,1.765041871E2
8.793207103E0,3.049876723E-2,6.086637150E-4,1.472764648E-3,9.995335340E-1,1.765045567E2,1.708152545E-1,-6.456803569E-2,1.765044560E2
8.798207103E0,3.050443564E-2,6.131373812E-4,1.474869321E-3,9.995333552E-1,1.765039068E2,1.710723258E-1,-6.507211507E-2,1.765038052E2
8.803207103E0,3.050293714E-2,6.118429592E-4,1.465977752E-3,9.995334148E-1,1.765040786E2,1.700492771E-1,-6.495519122E-2,1.765039778E2
8.808207103E0,3.049884240E-2,6.077662110E-4,1.471578027E-3,9.995335340E-1,1.765045481E2,1.706762086E-1,-6.446937167E-2,1.765044476E2
8.813207103E0,3.049096919E-2,6.018779241E-4,1.475207042E-3,9.995337725E-1,1.765054507E2,1.710707871E-1,-6.378360231E-2,1.765053510E2
8.818207103E0,3.049113071E-2,6.023474270E-4,1.471672556E-3,9.995337725E-1,1.765054322E2,1.706676035E-1,-6.384970062E-2,1.765053326E2
8.823207103E0,3.049712105E-2,6.071180105E-4,1.467027934E-3,9.995335937E-1,1.765047454E2,1.701526716E-1,-6.441132366E-2,1.765046454E2
8.828207103E0,3.049893245E-2,6.085109198E-4,1.469402458E-3,9.995335340E-1,1.765045377E2,1.704296310E-1,-6.456225752E-2,1.765044373E2
8.833207103E0,3.049281421E-2,6.038930733E-4,1.476632431E-3,9.995337129E-1,1.765052392E2,1.712412086E-1,-6.400911723E-2,1.765051391E2
8.838207103E0,3.049086099E-2,6.023794413E-4,1.477237325E-3,9.995337725E-1,1.765054631E2,1.713050781E-1,-6.383396967E-2,1.765053632E2
8.843207103E0,3.048718705E-2,5.989843630E-4,1.473781187E-3,9.995338917E-1,1.765058843E2,1.708971208E-1,-6.345780789E-2,1.765057852E2
8.848207103E0,3.048700696E-2,5.997177213E-4,1.477204263E-3,9.995338917E-1,1.765059049E2,1.712917455E-1,-6.352987715E-2,1.765058055E2
8.853207103E0,3.048883119E-2,6.007822813E-4,1.479450730E-3,9.995338321E-1,1.765056958E2,1.715528879E-1,-6.364364842E-2,1.765055961E2
8.858207103E0,3.049095509E-2,6.014316459E-4,1.475680270E-3,9.995337725E-1,1.765054523E2,1.711234296E-1,-6.373083533E-2,1.765053527E2
8.863207103E0,3.048001995E-2,5.944300792E-4,1.462124754E-3,9.995341301E-1,1.765067060E2,1.695456471E-1,-6.297810806E-2,1.765066084E2
8.868207103E0,3.047405140E-2,5.886157160E-4,1.466640271E-3,9.995343089E-1,1.765073902E2,1.700421659E-1,-6.229738467E-2,1.765072934E2
8.873207103E0,3.047590005E-2,5.898599629E-4,1.468348200E-3,9.995342493E-1,1.765071783E2,1.702422504E-1,-6.243361927E-2,1.765070812E2
8.878207103E0,3.047004218E-2,5.855503841E-4,1.469919691E-3,9.995344281E-1,1.765078499E2,1.704068321E-1,-6.193551824E-2,1.765077534E2
8.883207103E0,3.046983293E-2,5.855488125E-4,1.474251389E-3,9.995344281E-1,1.765078738E2,1.709029599E-1,-6.192024898E-2,1.765077771E2
8.888207103E0,3.047013131E-2,5.854974152E-4,1.468091970E-3,9.995344281E-1,1.765078396E2,1.701973082E-1,-6.193581796E-2,1.765077433E2
8.893207103E0,3.046453568E-2,5.809166469E-4,1.464289497E-3,9.995346069E-1,1.765084811E2,1.697454390E-1,-6.142537229E-2,1.765083858E2
8.898207103E0,3.045679834E-2,5.752611905E-4,1.464730711E-3,9.995348454E-1,1.765093682E2,1.697757599E-1,-6.077738010E-2,1.765092738E2
8.903207103E0,3.045074822E-2,5.708706449E-4,1.470205607E-3,9.995350242E-1,1.765100618E2,1.703871573E-1,-6.025641745E-2,1.765099679E2
8.908207103E0,3.046439449E-2,5.820123479E-4,1.466789632E-3,9.995346069E-1,1.765084973E2,1.700356176E-1,-6.154216782E-2,1.765084017E2
8.913207103E0,3.047434060E-2,5.893080379E-4,1.460339758E-3,9.995343089E-1,1.765073571E2,1.693229503E-1,-6.239863547E-2,1.765072605E2
8.918207103E0,3.046859549E-2,5.852249451E-4,1.459469204E-3,9.995344877E-1,1.765080157E2,1.692086227E-1,-6.193497800E-2,1.765079199E2
8.923207103E0,3.046277586E-2,5.801984225E-4,1.460494706E-3,9.995346665E-1,1.765086829E2,1.693081738E-1,-6.135665413E-2,1.765085879E2
8.928207103E0,3.046258170E-2,5.797842750E-4,1.464702887E-3,9.995346665E-1,1.765087052E2,1.697887150E-1,-6.129456113E-2,1.765086100E2
8.933207103E0,3.047042109E-2,5.859252997E-4,1.461893902E-3,9.995344281E-1,1.765078064E2,1.694889028E-1,-6.200641988E-2,1.765077104E2
8.938207103E0,3.047026655E-2,5.863574333E-4,1.464938512E-3,9.995344281E-1,1.765078241E2,1.698391273E-1,-6.204531094E-2,1.765077278E2
8.943207103E0,3.046619932E-2,5.833320320E-4,1.469393959E-3,9.995345473E-1,1.765082904E2,1.703386321E-1,-6.168392269E-2,1.765081944E2
8.948207103E0,3.046059758E-2,5.787187256E-4,1.465712907E-3,9.995347261E-1,1.765089326E2,1.699005598E-1,-6.116932638E-2,1.765088376E2
8.953207103E0,3.045709670E-2,5.760767381E-4,1.458191662E-3,9.995348454E-1,1.765093340E2,1.690296514E-1,-6.089356358E-2,1.765092399E2
8.958207103E0,3.045716666E-2,5.760704516E-4,1.456732163E-3,9.995348454E-1,1.765093260E2,1.688624648E-1,-6.089792570E-2,1.765092319E2
8.963207103E0,3.046277740E-2,5.809962167E-4,1.460145460E-3,9.995346665E-1,1.765086827E2,1.692709569E-1,-6.144925100E-2,1.765085876E2
8.968207103E0,3.046465238E-2,5.818958161E-4,1.461470150E-3,9.995346069E-1,1.765084678E2,1.694259409E-1,-6.154734741E-2,1.765083724E2
8.973207103E0,3.045518741E-2,5.750927958E-4,1.457601087E-3,9.995349050E-1,1.765095529E2,1.689584573E-1,-6.078324850E-2,1.765094590E2
8.978207103E0,3.045131864E-2,5.707135424E-4,1.458404819E-3,9.995350242E-1,1.765099964E2,1.690349978E-1,-6.027950554E-2,1.765099032E2
8.983207103E0,3.045488885E-2,5.741417408E-4,1.464199275E-3,9.995349050E-1,1.765095871E2,1.697108668E-1,-6.065133927E-2,1.765094930E2
8.988207103E0,3.046275932E-2,5.807626876E-4,1.460615429E-3,9.995346665E-1,1.765086848E2,1.693239700E-1,-6.142086544E-2,1.765085897E2
8.993207103E0,3.046278185E-2,5.798803759E-4,1.460496103E-3,9.995346665E-1,1.765086822E2,1.693072238E-1,-6.132021972E-2,1.765085873E2
8.998207103E0,3.045290022E-2,5.718712928E-4,1.465759357E-3,9.995349646E-1,1.765098151E2,1.698815120E-1,-6.038617939E-2,1.765097212E2
9.003207103E0,3.045276727E-2,5.726150121E-4,1.468229108E-3,9.995349646E-1,1.765098303E2,1.701669813E-1,-6.046276756E-2,1.765097362E2
9.008207103E0,3.045474032E-2,5.743343499E-4,1.467210008E-3,9.995349050E-1,1.765096041E2,1.700563751E-1,-6.066291829E-2,1.765095098E2
9.013207103E0,3.045283853E-2,5.731601850E-4,1.466537477E-3,9.995349646E-1,1.765098222E2,1.699751312E-1,-6.053110196E-2,1.765097280E2
9.018207103E0,3.045294370E-2,5.731250276E-4,1.464365749E-3,9.995349646E-1,1.765098101E2,1.697262682E-1,-6.053463599E-2,1.765097161E2
9.023207103E0,3.045884848E-2,5.770680727E-4,1.462061075E-3,9.995347857E-1,1.765091332E2,1.694764154E-1,-6.099330721E-2,1.765090386E2
9.028207103E0,3.045482116E-2,5.738805630E-4,1.465708832E-3,9.995349050E-1,1.765095949E2,1.698828537E-1,-6.061616761E-2,1.765095007E2
9.033207103E0,3.044132763E-2,5.640438758E-4,1.465306268E-3,9.995353222E-1,1.765111418E2,1.698016100E-1,-5.949318750E-2,1.765110494E2
9.038207103E0,3.043976039E-2,5.623841425E-4,1.457824954E-3,9.995353818E-1,1.765113215E2,1.689388275E-1,-5.932944724E-2,1.765112298E2
9.043207103E0,3.044753589E-2,5.691801780E-4,1.456279424E-3,9.995351434E-1,1.765104301E2,1.687859796E-1,-6.011193205E-2,1.765103373E2
9.048207103E0,3.045131353E-2,5.720413174E-4,1.457991078E-3,9.995350242E-1,1.765099970E2,1.689922419E-1,-6.043303127E-2,1.765099036E2
9.053207103E0,3.044573232E-2,5.671536201E-4,1.453865087E-3,9.995352030E-1,1.765106369E2,1.685022655E-1,-5.988854150E-2,1.765105445E2
9.058207103E0,3.043639034E-2,5.595158436E-4,1.447521849E-3,9.995355010E-1,1.765117079E2,1.677485191E-1,-5.903742227E-2,1.765116172E2
9.063207103E0,3.044011958E-2,5.634443951E-4,1.449893811E-3,9.995353818E-1,1.765112803E2,1.680341252E-1,-5.947849212E-2,1.765111889E2
9.068207103E0,3.044972098E-2,5.709687248E-4,1.450792421E-3,9.995350838E-1,1.765101796E2,1.681638786E-1,-6.033556642E-2,1.765100868E2
9.073207103E0,3.045342981E-2,5.737169995E-4,1.453987905E-3,9.995349646E-1,1.765097544E2,1.685397002E-1,-6.063857353E-2,1.765096609E2
9.078207103E0,3.044960644E-2,5.706507363E-4,1.453319332E-3,9.995350838E-1,1.765101927E2,1.684521909E-1,-6.029034652E-2,1.765100998E2
9.083207103E0,3.043800170E-2,5.614578840E-4,1.454030746E-3,9.995354414E-1,1.765115231E2,1.685009087E-1,-5.923688669E-2,1.765114318E2
9.088207103E0,3.043797517E-2,5.607405910E-4,1.454862650E-3,9.995354414E-1,1.765115262E2,1.685936902E-1,-5.915183190E-2,1.765114349E2
9.093207103E0,3.044931051E-2,5.694974097E-4,1.459956635E-3,9.995350838E-1,1.765102266E2,1.692083759E-1,-6.013513656E-2,1.765101335E2
9.098207103E0,3.045707419E-2,5.756506580E-4,1.458829967E-3,9.995348454E-1,1.765093366E2,1.691012734E-1,-6.084253708E-2,1.765092425E2
9.103207103E0,3.045519220E-2,5.751787103E-4,1.457467093E-3,9.995349050E-1,1.765095523E2,1.689434100E-1,-6.079355583E-2,1.765094584E2
9.108207103E0,3.044763834E-2,5.693209241E-4,1.454080688E-3,9.995351434E-1,1.765104183E2,1.685346367E-1,-6.013570727E-2,1.765103256E2
9.113207103E0,3.044174307E-2,5.646382924E-4,1.456419704E-3,9.995353222E-1,1.765110942E2,1.687858538E-1,-5.959220087E-2,1.765110022E2
9.118207103E0,3.044975734E-2,5.704473006E-4,1.450234209E-3,9.995350838E-1,1.765101754E2,1.680981245E-1,-6.027778507E-2,1.765100827E2
9.123207103E0,3.045958159E-2,5.779443309E-4,1.446357579E-3,9.995347857E-1,1.765090491E2,1.676808632E-1,-6.114836120E-2,1.765089554E2
9.128207103E0,3.045362177E-2,5.738591426E-4,1.449905452E-3,9.995349646E-1,1.765097324E2,1.680726096E-1,-6.066906904E-2,1.765096391E2
9.133207103E0,3.045161043E-2,5.726190866E-4,1.451549120E-3,9.995350242E-1,1.765099630E2,1.682564234E-1,-6.052163760E-2,1.765098698E2
9.138207103E0,3.045371837E-2,5.743938964E-4,1.447662944E-3,9.995349646E-1,1.765097213E2,1.678176280E-1,-6.073812857E-2,1.765096281E2
9.143207103E0,3.045374281E-2,5.737741594E-4,1.447394723E-3,9.995349646E-1,1.765097185E2,1.677847450E-1,-6.066807690E-2,1.765096254E2
9.148207103E0,3.045191198E-2,5.729215918E-4,1.445089234E-3,9.995350242E-1,1.765099284E2,1.675175911E-1,-6.057877788E-2,1.765098356E2
9.153207103E0,3.046149266E-2,5.791781587E-4,1.446807641E-3,9.995347261E-1,1.765088300E2,1.677368367E-1,-6.128779006E-2,1.765087361E2
9.158207103E0,3.046360001E-2,5.814573960E-4,1.442695386E-3,9.995346665E-1,1.765085884E2,1.672739114E-1,-6.156285206E-2,1.765084943E2
9.163207103E0,3.045585293E-2,5.762379151E-4,1.443171874E-3,9.995349050E-1,1.765094766E2,1.673097931E-1,-6.096465514E-2,1.765093834E2
9.168207103E0,3.045574971E-2,5.756143364E-4,1.445596921E-3,9.995349050E-1,1.765094884E2,1.675853718E-1,-6.088478519E-2,1.765093951E2
9.173207103E0,3.045976474E-2,5.780403153E-4,1.442456967E-3,9.995347857E-1,1.765090281E2,1.672344390E-1,-6.117293956E-2,1.765089346E2
9.178207103E0,3.046179131E-2,5.806152476E-4,1.439927379E-3,9.995347261E-1,1.765087958E2,1.669538166E-1,-6.147635898E-2,1.765087020E2
9.183207103E0,3.045795867E-2,5.772525910E-4,1.439604093E-3,9.995348454E-1,1.765092352E2,1.669048148E-1,-6.109297461E-2,1.765091420E2
9.188207103E0,3.046368680E-2,5.811839947E-4,1.440971857E-3,9.995346665E-1,1.765085785E2,1.670755518E-1,-6.153753942E-2,1.765084845E2
9.193207103E0,3.046365272E-2,5.812383024E-4,1.441670232E-3,9.995346665E-1,1.765085824E2,1.671557302E-1,-6.154132742E-2,1.765084884E2
9.198207103E0,3.045404205E-2,5.746224197E-4,1.440746593E-3,9.995349646E-1,1.765096842E2,1.670262563E-1,-6.078838608E-2,1.765095914E2
9.203207103E0,3.045414106E-2,5.743176444E-4,1.438774052E-3,9.995349646E-1,1.765096728E2,1.667992666E-1,-6.076034503E-2,1.765095802E2
9.208207103E0,3.045996209E-2,5.792796728E-4,1.437784755E-3,9.995347857E-1,1.765090055E2,1.667036289E-1,-6.133116902E-2,1.765089121E2
9.213207103E0,3.046183264E-2,5.802260712E-4,1.439209562E-3,9.995347261E-1,1.765087910E2,1.668702428E-1,-6.143428221E-2,1.765086974E2
9.218207103E0,3.045199516E-2,5.720620975E-4,1.443676185E-3,9.995350242E-1,1.765099189E2,1.673527481E-1,-6.048524995E-2,1.765098263E2
9.223207103E0,3.044025720E-2,5.624684272E-4,1.447381335E-3,9.995353818E-1,1.765112645E2,1.677429533E-1,-5.937544749E-2,1.765111734E2
9.228207103E0,3.045381417E-2,5.735220038E-4,1.445992501E-3,9.995349646E-1,1.765097103E2,1.676232607E-1,-6.064407699E-2,1.765096174E2
9.233207103E0,3.045977211E-2,5.790362484E-4,1.441901783E-3,9.995347857E-1,1.765090273E2,1.671743259E-1,-6.128894868E-2,1.765089336E2
9.238207103E0,3.045221206E-2,5.729602999E-4,1.438736334E-3,9.995350242E-1,1.765098940E2,1.667900922E-1,-6.060533063E-2,1.765098016E2
9.243207103E0,3.043298287E-2,5.579205463E-4,1.437429804E-3,9.995356202E-1,1.765120985E2,1.665868250E-1,-5.889046695E-2,1.765120087E2
9.248207103E0,3.043679109E-2,5.607670755E-4,1.438583597E-3,9.995355010E-1,1.765116619E2,1.667291321E-1,-5.921184473E-2,1.765115716E2
9.253207103E0,3.044833551E-2,5.703683710E-4,1.438993379E-3,9.995351434E-1,1.765103384E2,1.668102545E-1,-6.030820544E-2,1.765102464E2
9.258207103E0,3.045033323E-2,5.715267616E-4,1.437662868E-3,9.995350838E-1,1.765101094E2,1.666620225E-1,-6.044519490E-2,1.765100173E2
9.263207103E0,3.045017811E-2,5.709326942E-4,1.441180124E-3,9.995350838E-1,1.765101272E2,1.670628016E-1,-6.036490407E-2,1.765100350E2
9.268207103E0,3.043856662E-2,5.621221499E-4,1.441897592E-3,9.995354414E-1,1.765114584E2,1.671135445E-1,-5.935519700E-2,1.765113676E2
9.273207103E0,3.043680981E-2,5.605341867E-4,1.438278123E-3,9.995355010E-1,1.765116598E2,1.666933323E-1,-5.918623236E-2,1.765115695E2
9.278207103E0,3.043474395E-2,5.583676975E-4,1.441411325E-3,9.995355606E-1,1.765118966E2,1.670445263E-1,-5.892750323E-2,1.765118065E2
9.283207103E0,3.044234613E-2,5.650303210E-4,1.443606103E-3,9.995353222E-1,1.765110251E2,1.673196052E-1,-5.968170199E-2,1.765109337E2
9.288207103E0,3.044636459E-2,5.687426892E-4,1.439937041E-3,9.995352030E-1,1.765105644E2,1.669125491E-1,-6.011903907E-2,1.765104726E2
9.293207103E0,3.043083616E-2,5.563829327E-4,1.442019828E-3,9.995356798E-1,1.765123446E2,1.671070714E-1,-5.869870258E-2,1.765122549E2
9.298207103E0,3.043067472E-2,5.552084767E-4,1.445874223E-3,9.995356798E-1,1.765123631E2,1.675444433E-1,-5.855076828E-2,1.765122733E2
9.303207103E0,3.043633016E-2,5.593342357E-4,1.448856783E-3,9.995355010E-1,1.765117148E2,1.679007837E-1,-5.901197526E-2,1.765116241E2
9.308207103E0,3.043627974E-2,5.604181206E-4,1.449496951E-3,9.995355010E-1,1.765117205E2,1.679778853E-1,-5.913389732E-2,1.765116296E2
9.313207103E0,3.043425052E-2,5.576057010E-4,1.452085213E-3,9.995355606E-1,1.765119532E2,1.682644121E-1,-5.880308158E-2,1.765118626E2
9.318207103E0,3.042830161E-2,5.527141038E-4,1.455536461E-3,9.995357394E-1,1.765126352E2,1.686423061E-1,-5.823177316E-2,1.765125453E2
9.323207103E0,3.043231694E-2,5.572710652E-4,1.451709657E-3,9.995356202E-1,1.765121749E2,1.682201157E-1,-5.876638814E-2,1.765120844E2
9.328207103E0,3.043419676E-2,5.584608880E-4,1.452883007E-3,9.995355606E-1,1.765119593E2,1.683587699E-1,-5.889825996E-2,1.765118686E2
9.333207103E0,3.043018409E-2,5.550814094E-4,1.456212020E-3,9.995356798E-1,1.765124194E2,1.687280488E-1,-5.850024712E-2,1.765123290E2
9.338207103E0,3.042812383E-2,5.537847173E-4,1.458842424E-3,9.995357394E-1,1.765126556E2,1.690246895E-1,-5.834290194E-2,1.765125653E2
9.343207103E0,3.042426325E-2,5.498456303E-4,1.459173043E-3,9.995358586E-1,1.765130982E2,1.690485988E-1,-5.789122537E-2,1.765130085E2
9.348207103E0,3.042829122E-2,5.526809837E-4,1.455766382E-3,9.995357394E-1,1.765126364E2,1.686685248E-1,-5.822717967E-2,1.765125464E2
9.353207103E0,3.042633585E-2,5.514386576E-4,1.456182217E-3,9.995357990E-1,1.765128606E2,1.687117083E-1,-5.808376571E-2,1.765127708E2
9.358207103E0,3.042260308E-2,5.498023238E-4,1.452961005E-3,9.995359182E-1,1.765132885E2,1.683368330E-1,-5.790820272E-2,1.765131992E2
9.363207103E0,3.042643389E-2,5.513103679E-4,1.454180921E-3,9.995357990E-1,1.765128493E2,1.684820409E-1,-5.807603300E-2,1.765127597E2
9.368207103E0,3.042249042E-2,5.493166391E-4,1.455501537E-3,9.995359182E-1,1.765133014E2,1.686261223E-1,-5.784373520E-2,1.765132121E2
9.373207103E0,3.043225491E-2,5.559806013E-4,1.453503617E-3,9.995356202E-1,1.765121820E2,1.684210892E-1,-5.861233475E-2,1.765120916E2
9.378207103E0,3.043397173E-2,5.580185098E-4,1.457758714E-3,9.995355606E-1,1.765119851E2,1.689156706E-1,-5.883062421E-2,1.765118942E2
9.383207103E0,3.042994477E-2,5.547352484E-4,1.461335807E-3,9.995356798E-1,1.765124468E2,1.693136994E-1,-5.844277160E-2,1.765123562E2
9.388207103E0,3.042607832E-2,5.517551326E-4,1.461433829E-3,9.995357990E-1,1.765128901E2,1.693143094E-1,-5.810174711E-2,1.765128000E2
9.393207103E0,3.043930032E-2,5.614100955E-4,1.467772643E-3,9.995353818E-1,1.765113742E2,1.700747970E-1,-5.918325991E-2,1.765112821E2
9.398207103E0,3.045474796E-2,5.732289865E-4,1.467483584E-3,9.995349050E-1,1.765096033E2,1.700838527E-1,-6.053535578E-2,1.765095091E2
9.403207103E0,3.045082712E-2,5.713477731E-4,1.468384988E-3,9.995350242E-1,1.765100528E2,1.701802959E-1,-6.031740652E-2,1.765099588E2
9.408207103E0,3.044094506E-2,5.622642930E-4,1.473912736E-3,9.995353222E-1,1.765111857E2,1.707811521E-1,-5.925939947E-2,1.765110930E2
9.413207103E0,3.043323034E-2,5.566431792E-4,1.473675598E-3,9.995355606E-1,1.765120701E2,1.707339287E-1,-5.861771146E-2,1.765119785E2
9.418207103E0,3.044473653E-2,5.654239794E-4,1.475234632E-3,9.995352030E-1,1.765107510E2,1.709438091E-1,-5.961604501E-2,1.765106577E2
9.423207103E0,3.045254446E-2,5.719586043E-4,1.473098295E-3,9.995349646E-1,1.765098559E2,1.707223868E-1,-6.037062965E-2,1.765097616E2
9.428207103E0,3.044285431E-2,5.641561002E-4,1.474177465E-3,9.995352626E-1,1.765109668E2,1.708181870E-1,-5.947483416E-2,1.765108738E2
9.433207103E0,3.044264371E-2,5.637700087E-4,1.478667255E-3,9.995352626E-1,1.765109909E2,1.713310818E-1,-5.941498496E-2,1.765108977E2
9.438207103E0,3.044462521E-2,5.656140856E-4,1.477457350E-3,9.995352030E-1,1.765107638E2,1.711990527E-1,-5.963008389E-2,1.765106703E2
9.443207103E0,3.045039353E-2,5.700178444E-4,1.477862825E-3,9.995350242E-1,1.765101025E2,1.712612069E-1,-6.013208007E-2,1.765100082E2
9.448207103E0,3.045449828E-2,5.730355624E-4,1.472731470E-3,9.995349050E-1,1.765096319E2,1.706842479E-1,-6.049492907E-2,1.765095374E2
9.453207103E0,3.045467817E-2,5.731310230E-4,1.468969509E-3,9.995349050E-1,1.765096113E2,1.702537023E-1,-6.051896128E-2,1.765095170E2
9.458207103E0,3.044906674E-2,5.696868175E-4,1.464958303E-3,9.995350838E-1,1.765102546E2,1.697819061E-1,-6.013941994E-2,1.765101612E2
9.463207103E0,3.044500462E-2,5.655336427E-4,1.469649258E-3,9.995352030E-1,1.765107203E2,1.703044667E-1,-5.964804627E-2,1.765106273E2
9.468207103E0,3.044491527E-2,5.655878922E-4,1.471478259E-3,9.995352030E-1,1.765107305E2,1.705141419E-1,-5.964789407E-2,1.765106374E2
9.473207103E0,3.045237468E-2,5.721571506E-4,1.476526959E-3,9.995349646E-1,1.765098753E2,1.711157838E-1,-6.038143485E-2,1.765097808E2
9.478207103E0,3.044847428E-2,5.692666746E-4,1.477383194E-3,9.995350838E-1,1.765103225E2,1.712035340E-1,-6.004804474E-2,1.765102284E2
9.483207103E0,3.043858065E-2,5.614659749E-4,1.482601045E-3,9.995353818E-1,1.765114568E2,1.717733741E-1,-5.913805973E-2,1.765113637E2
9.488207103E0,3.044610988E-2,5.659717717E-4,1.487019472E-3,9.995351434E-1,1.765105936E2,1.722956214E-1,-5.963743645E-2,1.765104995E2
9.493207103E0,3.045967298E-2,5.767102703E-4,1.485584537E-3,9.995347261E-1,1.765090386E2,1.721695601E-1,-6.087007620E-2,1.765089427E2
9.498207103E0,3.045598895E-2,5.746347597E-4,1.481708023E-3,9.995348454E-1,1.765094610E2,1.717180813E-1,-6.064651477E-2,1.765093657E2
9.503207103E0,3.045371631E-2,5.717670429E-4,1.489301329E-3,9.995349050E-1,1.765097215E2,1.725776615E-1,-6.029194242E-2,1.765096263E2
9.508207103E0,3.045338710E-2,5.720802583E-4,1.495898119E-3,9.995349050E-1,1.765097593E2,1.733343218E-1,-6.030485293E-2,1.765096636E2
9.513207103E0,3.046523537E-2,5.807133275E-4,1.490269089E-3,9.995345473E-1,1.765084009E2,1.727204368E-1,-6.131126673E-2,1.765083041E2
9.518207103E0,3.047306424E-2,5.870611640E-4,1.487624366E-3,9.995343089E-1,1.765075034E2,1.724401625E-1,-6.204621932E-2,1.765074056E2
9.523207103E0,3.047471900E-2,5.890767789E-4,1.492968528E-3,9.995342493E-1,1.765073137E2,1.730594170E-1,-6.225813563E-2,1.765072152E2
9.528207103E0,3.046879790E-2,5.833341274E-4,1.496355399E-3,9.995344281E-1,1.765079925E2,1.734269234E-1,-6.158958215E-2,1.765078948E2
9.533207103E0,3.046474265E-2,5.800091312E-4,1.500579994E-3,9.995345473E-1,1.765084574E2,1.738989440E-1,-6.119469802E-2,1.765083600E2
9.538207103E0,3.047434442E-2,5.875659408E-4,1.501187333E-3,9.995342493E-1,1.765073566E2,1.739954869E-1,-6.205645004E-2,1.765072579E2
9.543207103E0,3.049345661E-2,6.024299655E-4,1.504055923E-3,9.995336533E-1,1.765051655E2,1.743771810E-1,-6.374559693E-2,1.765050639E2
9.548207103E0,3.049348527E-2,6.036319537E-4,1.502992585E-3,9.995336533E-1,1.765051622E2,1.742595902E-1,-6.388698116E-2,1.765050605E2
9.553207103E0,3.047995839E-2,5.920866970E-4,1.504491898E-3,9.995340705E-1,1.765067130E2,1.743901266E-1,-6.256172968E-2,1.765066132E2
9.558207103E0,3.047016338E-2,5.853208131E-4,1.507547800E-3,9.995343685E-1,1.765078360E2,1.747159061E-1,-6.177781589E-2,1.765077372E2
9.563207103E0,3.048379226E-2,5.950292689E-4,1.504853135E-3,9.995339513E-1,1.765062735E2,1.744420219E-1,-6.289683571E-2,1.765061732E2
9.568207103E0,3.049741159E-2,6.067795912E-4,1.501337509E-3,9.995335340E-1,1.765047121E2,1.740812725E-1,-6.425260542E-2,1.765046099E2
9.573207103E0,3.049156803E-2,6.015472463E-4,1.503086300E-3,9.995337129E-1,1.765053820E2,1.742629168E-1,-6.364820942E-2,1.765052807E2
9.578207103E0,3.047583915E-2,5.898963427E-4,1.509592286E-3,9.995341897E-1,1.765071853E2,1.749664096E-1,-6.229375663E-2,1.765070856E2
9.583207103E0,3.046967795E-2,5.833152682E-4,1.518099569E-3,9.995343685E-1,1.765078916E2,1.759174571E-1,-6.151134587E-2,1.765077926E2
9.588207103E0,3.048319401E-2,5.944024888E-4,1.517169061E-3,9.995339513E-1,1.765063421E2,1.758504422E-1,-6.278212761E-2,1.765062411E2
9.593207103E0,3.049273972E-2,6.015013787E-4,1.518888515E-3,9.995336533E-1,1.765052477E2,1.760727925E-1,-6.358753359E-2,1.765051453E2
9.598207103E0,3.048884592E-2,5.989733618E-4,1.519605168E-3,9.995337725E-1,1.765056941E2,1.761457960E-1,-6.329616120E-2,1.765055921E2
9.603207103E0,3.048323610E-2,5.940827541E-4,1.516448567E-3,9.995339513E-1,1.765063372E2,1.757668035E-1,-6.274801522E-2,1.765062364E2
9.608207103E0,3.046606517E-2,5.813979660E-4,1.512844814E-3,9.995344877E-1,1.765083058E2,1.753086686E-1,-6.131072300E-2,1.765082074E2
9.613207103E0,3.046386659E-2,5.798966740E-4,1.518304343E-3,9.995345473E-1,1.765085579E2,1.759286190E-1,-6.112009401E-2,1.765084594E2
9.618207103E0,3.048495385E-2,5.957318353E-4,1.520552323E-3,9.995338917E-1,1.765061403E2,1.762427106E-1,-6.292225975E-2,1.765060389E2
9.623207103E0,3.050218811E-2,6.092342664E-4,1.522210543E-3,9.995333552E-1,1.765041645E2,1.764809245E-1,-6.445996779E-2,1.765040605E2
9.628207103E0,3.049656734E-2,6.046553608E-4,1.519237296E-3,9.995335340E-1,1.765048089E2,1.761240078E-1,-6.394689167E-2,1.765047059E2
9.633207103E0,3.048475254E-2,5.962608848E-4,1.524376217E-3,9.995338917E-1,1.765061634E2,1.766825293E-1,-6.296953321E-2,1.765060616E2
9.638207103E0,3.048822492E-2,5.981845316E-4,1.532322145E-3,9.995337725E-1,1.765057653E2,1.775995836E-1,-6.316148890E-2,1.765056627E2
9.643207103E0,3.050009225E-2,6.080101011E-4,1.525553409E-3,9.995334148E-1,1.765044048E2,1.768593970E-1,-6.430844038E-2,1.765043008E2
9.648207103E0,3.050612535E-2,6.134285359E-4,1.519901212E-3,9.995332360E-1,1.765037131E2,1.762313347E-1,-6.494774936E-2,1.765036085E2
9.653207103E0,3.050067886E-2,6.088812370E-4,1.513429801E-3,9.995334148E-1,1.765043375E2,1.754738608E-1,-6.445048963E-2,1.765042342E2
9.658207103E0,3.049665418E-2,6.049725343E-4,1.517366734E-3,9.995335340E-1,1.765047989E2,1.759108707E-1,-6.398974201E-2,1.765046960E2
9.663207103E0,3.049475310E-2,6.037983694E-4,1.516778371E-3,9.995335937E-1,1.765050169E2,1.758392554E-1,-6.385764598E-2,1.765049142E2
9.668207103E0,3.050058735E-2,6.091843243E-4,1.515151002E-3,9.995334148E-1,1.765043480E2,1.756720579E-1,-6.447920478E-2,1.765042445E2
9.673207103E0,3.050444890E-2,6.107232766E-4,1.515433425E-3,9.995332956E-1,1.765039053E2,1.757100353E-1,-6.465380753E-2,1.765038015E2
9.678207103E0,3.050075836E-2,6.093058619E-4,1.511655631E-3,9.995334148E-1,1.765043284E2,1.752721396E-1,-6.450531256E-2,1.765042251E2
9.683207103E0,3.056012405E-2,6.606375682E-4,1.346157282E-3,9.995318055E-1,1.764975224E2,1.564998613E-1,-7.095391146E-2,1.764974216E2
9.688207103E0,3.014633383E-2,7.339009317E-4,1.153560821E-3,9.995445609E-1,1.765449611E2,1.346636567E-1,-8.007558248E-2,1.765448638E2
9.693207103E0,2.979844744E-2,1.225974993E-3,9.817432147E-4,9.995546937E-1,1.765848439E2,1.166360793E-1,-1.370716470E-1,1.765847002E2
9.698207103E0,2.979363065E-2,1.718883868E-3,9.336599032E-4,9.995541573E-1,1.765853961E2,1.128109999E-1,-1.936945268E-1,1.765851989E2
9.703207103E0,3.017820563E-2,1.703948248E-3,9.875895921E-4,9.995425940E-1,1.765413072E2,1.190109574E-1,-1.917538816E-1,1.765411014E2
9.708207103E0,3.056593920E-2,1.198281301E-3,1.082666568E-3,9.995314479E-1,1.764968557E2,1.282038724E-1,-1.334565584E-1,1.764967019E2
9.713207103E0,3.056131000E-2,4.284819297E-4,1.368701574E-3,9.995318651E-1,1.764973865E2,1.582690457E-1,-4.428414493E-2,1.764973217E2
9.718207103E0,3.039490301E-2,-8.705296204E-5,1.594191650E-3,9.995366931E-1,1.765164642E2,1.822933781E-1,1.552348153E-2,1.765164844E2
9.723207103E0,3.010346355E-2,-2.383328683E-4,1.539415680E-3,9.995455742E-1,1.765498760E2,1.755020293E-1,3.260889858E-2,1.765499217E2
9.728207103E0,2.990492553E-2,9.173047147E-5,1.434963546E-3,9.995517135E-1,1.765726370E2,1.646755702E-1,-5.589417811E-3,1.765726254E2
9.733207103E0,2.986685657E-2,6.886277697E-4,1.483439817E-3,9.995525479E-1,1.765770013E2,1.722708430E-1,-7.379858383E-2,1.765768858E2
9.738207103E0,3.000311912E-2,1.089441008E-3,1.544576371E-3,9.995480180E-1,1.765613798E2,1.806617195E-1,-1.194739899E-1,1.765611853E2
9.743207103E0,3.023059609E-2,9.785994189E-4,1.502837171E-3,9.995413423E-1,1.765353010E2,1.755240836E-1,-1.068817764E-1,1.765351317E2
9.748207103E0,3.031951944E-2,5.667575751E-4,1.468900125E-3,9.995390177E-1,1.765251065E2,1.702154248E-1,-5.981221689E-2,1.765250133E2
9.753207103E0,3.024775245E-2,2.076027013E-4,1.540713594E-3,9.995412230E-1,1.765333341E2,1.771916455E-1,-1.843827887E-2,1.765333014E2
9.758207103E0,3.009935077E-2,8.571150829E-5,1.596152433E-3,9.995456338E-1,1.765503475E2,1.831184322E-1,-4.312012981E-3,1.765503362E2
9.763207103E0,2.992164119E-2,2.189989173E-4,1.565057086E-3,9.995509982E-1,1.765707206E2,1.800130096E-1,-1.971794296E-2,1.765706854E2
9.768207103E0,2.984872579E-2,6.179324118E-4,1.517645549E-3,9.995530844E-1,1.765790799E2,1.759456220E-1,-6.558723366E-2,1.765789746E2
9.773207103E0,2.998953993E-2,9.700699593E-4,1.501552295E-3,9.995486140E-1,1.765629365E2,1.753218161E-1,-1.059515558E-1,1.765627689E2
9.778207103E0,3.011477102E-2,9.123293567E-4,1.530752401E-3,9.995448589E-1,1.765485796E2,1.784803795E-1,-9.921523882E-2,1.765484196E2
9.783207103E0,3.021336903E-2,5.956736277E-4,1.534148119E-3,9.995421171E-1,1.765372760E2,1.777826607E-1,-6.291640450E-2,1.765371737E2
9.788207103E0,3.013754158E-2,3.400938003E-4,1.550108194E-3,9.995445013E-1,1.765459691E2,1.787232419E-1,-3.360081823E-2,1.765459124E2
9.793207103E0,2.999441086E-2,2.809257712E-4,1.570710563E-3,9.995487928E-1,1.765623781E2,1.808748513E-1,-2.677849876E-2,1.765623315E2
9.798207103E0,2.986070774E-2,4.750922963E-4,1.568080392E-3,9.995527267E-1,1.765777062E2,1.812344391E-1,-4.905158860E-2,1.765776241E2
9.803207103E0,2.986459540E-2,7.692853687E-4,1.528797206E-3,9.995524883E-1,1.765772605E2,1.777419998E-1,-8.288229238E-2,1.765771270E2
9.808207103E0,2.996973854E-2,8.970277268E-4,1.505856169E-3,9.995492697E-1,1.765652066E2,1.755618017E-1,-9.757399116E-2,1.765650519E2
9.813207103E0,3.009800021E-2,7.482785149E-4,1.521426369E-3,9.995455146E-1,1.765505023E2,1.768446338E-1,-8.046009337E-2,1.765503732E2
9.818207103E0,3.008224722E-2,4.998312215E-4,1.543144579E-3,9.995461106E-1,1.765523083E2,1.784744472E-1,-5.193096469E-2,1.765522228E2
9.823207103E0,2.997229545E-2,3.974760766E-4,1.550335903E-3,9.995494485E-1,1.765649135E2,1.789408604E-1,-4.020214476E-2,1.765648463E2
9.828207103E0,2.984712594E-2,5.170794902E-4,1.547276857E-3,9.995531440E-1,1.765792633E2,1.789945381E-1,-5.393443465E-2,1.765791745E2
9.833207103E0,2.983743910E-2,7.260013954E-4,1.534615760E-3,9.995533228E-1,1.765803738E2,1.782581997E-1,-7.790946168E-2,1.765802477E2
9.838207103E0,2.990315584E-2,8.133227238E-4,1.531657181E-3,9.995512962E-1,1.765728399E2,1.782236989E-1,-8.790968233E-2,1.765726980E2
9.843207103E0,2.999711041E-2,7.115298649E-4,1.534421230E-3,9.995485544E-1,1.765620686E2,1.781986113E-1,-7.622408670E-2,1.765619452E2
9.848207103E0,2.998425460E-2,5.432247417E-4,1.543857157E-3,9.995490313E-1,1.765635425E2,1.787000832E-1,-5.691630268E-2,1.765634491E2
9.853207103E0,2.990337979E-2,4.724609316E-4,1.553507987E-3,9.995514750E-1,1.765728142E2,1.795583854E-1,-4.879239063E-2,1.765727332E2
9.858207103E0,2.979812395E-2,5.584912142E-4,1.553226728E-3,9.995545745E-1,1.765848810E2,1.798148135E-1,-5.866621375E-2,1.765847843E2
9.863207103E0,2.979604578E-2,7.011378766E-4,1.535147778E-3,9.995545745E-1,1.765851192E2,1.782310085E-1,-7.506714565E-2,1.765849976E2
9.868207103E0,2.987088877E-2,7.618531818E-4,1.526476699E-3,9.995523095E-1,1.765765390E2,1.774512864E-1,-8.203783160E-2,1.765764070E2
9.873207103E0,2.992468309E-2,6.716338103E-4,1.529983128E-3,9.995507598E-1,1.765703719E2,1.775479232E-1,-7.168251922E-2,1.765702561E2
9.878207103E0,2.989816947E-2,5.467435694E-4,1.552723814E-3,9.995515943E-1,1.765734115E2,1.797228288E-1,-5.730436129E-2,1.765733170E2
9.883207103E0,2.983301040E-2,5.100573762E-4,1.552289585E-3,9.995535612E-1,1.765808815E2,1.795439302E-1,-5.311550945E-2,1.765807937E2
9.888207103E0,2.974153635E-2,5.970181082E-4,1.549459761E-3,9.995562434E-1,1.765913683E2,1.795113357E-1,-6.310213095E-2,1.765912648E2
9.893207103E0,2.974581044E-2,6.981357001E-4,1.540479716E-3,9.995560646E-1,1.765908783E2,1.788277270E-1,-7.471405631E-2,1.765907569E2
9.898207103E0,2.980542432E-2,7.253519725E-4,1.535885152E-3,9.995542765E-1,1.765840441E2,1.783988833E-1,-7.783645012E-2,1.765839180E2
9.903207103E0,2.984901873E-2,6.505235797E-4,1.537392498E-3,9.995530248E-1,1.765790463E2,1.783189572E-1,-6.925264110E-2,1.765789338E2
9.908207103E0,2.981459965E-2,5.656599533E-4,1.541279606E-3,9.995540977E-1,1.765829922E2,1.784718417E-1,-5.952517929E-2,1.765828949E2
9.913207103E0,2.975856516E-2,5.463429261E-4,1.548806205E-3,9.995557666E-1,1.765894161E2,1.792647305E-1,-5.729693176E-2,1.765893219E2
9.918207103E0,2.967345382E-2,6.179526681E-4,1.539218123E-3,9.995582700E-1,1.765991735E2,1.784051378E-1,-6.554704863E-2,1.765990667E2
9.923207103E0,2.969616769E-2,6.943765911E-4,1.533057191E-3,9.995575547E-1,1.765965695E2,1.779610378E-1,-7.431762519E-2,1.765964493E2
9.928207103E0,2.971412443E-2,6.991833216E-4,1.532696770E-3,9.995570183E-1,1.765945109E2,1.779374583E-1,-7.486622238E-2,1.765943898E2
9.933207103E0,2.974540854E-2,6.355164223E-4,1.536666299E-3,9.995561242E-1,1.765909244E2,1.781774403E-1,-6.755466925E-2,1.765908147E2
9.938207103E0,2.968829798E-2,5.773277953E-4,1.539698453E-3,9.995578527E-1,1.765974717E2,1.783229093E-1,-6.088955472E-2,1.765973723E2
9.943207103E0,2.964615436E-2,5.809417926E-4,1.537778997E-3,9.995591044E-1,1.766023031E2,1.781127634E-1,-6.131754521E-2,1.766022032E2
9.948207103E0,2.962521199E-2,6.347051240E-4,1.532684662E-3,9.995597005E-1,1.766047040E2,1.777104987E-1,-6.749668478E-2,1.766045947E2
9.953207103E0,2.964458199E-2,6.821361021E-4,1.526491018E-3,9.995591044E-1,1.766024834E2,1.771635179E-1,-7.294707683E-2,1.766023659E2
9.958207103E0,2.963688811E-2,6.665121182E-4,1.526670880E-3,9.995593429E-1,1.766033654E2,1.771304914E-1,-7.115824132E-2,1.766032507E2
9.963207103E0,2.964611310E-2,6.068867515E-4,1.528526191E-3,9.995591044E-1,1.766023079E2,1.771410797E-1,-6.432075034E-2,1.766022038E2
9.968207103E0,2.961068522E-2,5.648779334E-4,1.529750647E-3,9.995601773E-1,1.766063694E2,1.771364968E-1,-5.951113409E-2,1.766062729E2
9.973207103E0,2.957825741E-2,5.766064860E-4,1.529577305E-3,9.995611310E-1,1.766100870E2,1.771544675E-1,-6.086087187E-2,1.766099883E2
9.978207103E0,2.954084719E-2,6.294499617E-4,1.530590118E-3,9.995622039E-1,1.766143757E2,1.774470973E-1,-6.691684039E-2,1.766142675E2
9.983207103E0,2.957057139E-2,6.640751963E-4,1.525855041E-3,9.995613098E-1,1.766109681E2,1.770240641E-1,-7.089362935E-2,1.766108539E2
9.988207103E0,2.958922866E-2,6.379755214E-4,1.526718377E-3,9.995607734E-1,1.766088292E2,1.770357709E-1,-6.789790802E-2,1.766087197E2
9.993207103E0,2.958401188E-2,5.863407278E-4,1.531440415E-3,9.995609522E-1,1.766094273E2,1.774012242E-1,-6.196850818E-2,1.766093268E2
9.998207103E0,2.954382724E-2,5.756114842E-4,1.533188508E-3,9.995621443E-1,1.766140341E2,1.775626356E-1,-6.074077905E-2,1.766139354E2
1.000320710E1,2.952517503E-2,6.062556058E-4,1.530948328E-3,9.995626807E-1,1.766161724E2,1.774085965E-1,-6.426169482E-2,1.766160683E2
1.000820710E1,2.952628994E-2,6.423235754E-4,1.533652190E-3,9.995626211E-1,1.766160446E2,1.778404196E-1,-6.838362658E-2,1.766159338E2
1.001320710E1,2.954855708E-2,6.533822743E-4,1.527436078E-3,9.995619655E-1,1.766134919E2,1.771673873E-1,-6.966739225E-2,1.766133795E2
1.001820710E1,2.955313491E-2,6.296166684E-4,1.526862266E-3,9.995618463E-1,1.766129670E2,1.770214901E-1,-6.694637877E-2,1.766128590E2
1.002320710E1,2.953983515E-2,5.881875404E-4,1.527607208E-3,9.995622635E-1,1.766144917E2,1.769656751E-1,-6.220086097E-2,1.766143912E2
1.002820710E1,2.951117943E-2,5.863550468E-4,1.536126714E-3,9.995630980E-1,1.766177769E2,1.779335342E-1,-6.196722605E-2,1.766176761E2
1.003320710E1,2.951041142E-2,6.260813097E-4,1.535203308E-3,9.995630980E-1,1.766178649E2,1.779620703E-1,-6.652079223E-2,1.766177570E2
1.003820710E1,2.950217423E-2,6.530264509E-4,1.527040382E-3,9.995633364E-1,1.766188093E2,1.771176276E-1,-6.963619449E-2,1.766186970E2
1.004320710E1,2.951046628E-2,6.376840756E-4,1.529361936E-3,9.995630980E-1,1.766178586E2,1.773322327E-1,-6.786953512E-2,1.766177490E2
1.004820710E1,2.951088359E-2,6.046705530E-4,1.534709241E-3,9.995630980E-1,1.766178108E2,1.778330990E-1,-6.406995830E-2,1.766177068E2
1.005320710E1,2.950475383E-2,5.934788496E-4,1.540461555E-3,9.995632768E-1,1.766185135E2,1.784537442E-1,-6.276968470E-2,1.766184112E2
1.005820710E1,2.950029170E-2,6.111152470E-4,1.541671460E-3,9.995633960E-1,1.766190251E2,1.786516737E-1,-6.478649157E-2,1.766189194E2
1.006320710E1,2.950363899E-2,6.447233609E-4,1.541218837E-3,9.995632768E-1,1.766186413E2,1.787136819E-1,-6.863694900E-2,1.766185296E2
1.006820710E1,2.950173062E-2,6.558547029E-4,1.534381066E-3,9.995633364E-1,1.766188601E2,1.779679747E-1,-6.993540835E-2,1.766187468E2
1.007320710E1,2.950622583E-2,6.332629710E-4,1.535092713E-3,9.995632172E-1,1.766183448E2,1.779734087E-1,-6.734450992E-2,1.766182355E2
1.007820710E1,2.946806947E-2,6.035483675E-4,1.542568323E-3,9.995643497E-1,1.766227191E2,1.787267596E-1,-6.392249898E-2,1.766226147E2
1.008320710E1,2.945595669E-2,6.011031219E-4,1.543130609E-3,9.995647073E-1,1.766241077E2,1.787821359E-1,-6.364268418E-2,1.766240038E2
1.008820710E1,2.941491909E-2,6.263693795E-4,1.543699764E-3,9.995658994E-1,1.766288123E2,1.789298881E-1,-6.654214938E-2,1.766287037E2
1.009320710E1,2.942069734E-2,6.459271535E-4,1.541308244E-3,9.995657206E-1,1.766281499E2,1.787222857E-1,-6.878936118E-2,1.766280379E2
1.009820710E1,2.942311965E-2,6.373669603E-4,1.537282020E-3,9.995656610E-1,1.766278722E2,1.782324153E-1,-6.782200340E-2,1.766277620E2
1.010320710E1,2.942777356E-2,6.119628670E-4,1.536034630E-3,9.995655417E-1,1.766273386E2,1.780041772E-1,-6.491554942E-2,1.766272332E2
1.010820710E1,2.941372685E-2,6.004254101E-4,1.538121258E-3,9.995659590E-1,1.766289490E2,1.782033805E-1,-6.358949586E-2,1.766288455E2
1.011320710E1,2.940320707E-2,6.121999468E-4,1.540938742E-3,9.995662570E-1,1.766301550E2,1.785651084E-1,-6.493055555E-2,1.766300492E2
1.011820710E1,2.938063532E-2,6.329233292E-4,1.537793665E-3,9.995669127E-1,1.766327426E2,1.782731754E-1,-6.731887382E-2,1.766326332E2
1.012320710E1,2.938630188E-2,6.356650847E-4,1.544602797E-3,9.995667338E-1,1.766320930E2,1.790627240E-1,-6.760897919E-2,1.766319827E2
1.012820710E1,2.936660461E-2,6.165956147E-4,1.541224541E-3,9.995673299E-1,1.766343511E2,1.786102603E-1,-6.543962109E-2,1.766342445E2
1.013320710E1,2.936689829E-2,6.057675346E-4,1.539921970E-3,9.995673299E-1,1.766343175E2,1.784246380E-1,-6.420368212E-2,1.766342129E2
1.013820710E1,2.932432749E-2,6.022418966E-4,1.540077268E-3,9.995685816E-1,1.766391978E2,1.784278433E-1,-6.380692498E-2,1.766390939E2
1.014320710E1,2.932184599E-2,6.171311252E-4,1.542742713E-3,9.995686412E-1,1.766394823E2,1.787830246E-1,-6.550385606E-2,1.766393755E2
1.014820710E1,2.929896707E-2,6.344838766E-4,1.545567764E-3,9.995692968E-1,1.766421051E2,1.791633797E-1,-6.748608595E-2,1.766419949E2
1.015320710E1,2.930143873E-2,6.240311777E-4,1.541509875E-3,9.995692372E-1,1.766418218E2,1.786636453E-1,-6.630199312E-2,1.766417138E2
1.015820710E1,2.928126919E-2,6.055982667E-4,1.545614679E-3,9.995698333E-1,1.766441340E2,1.790706270E-1,-6.418047660E-2,1.766440291E2
1.016320710E1,2.927901884E-2,6.047057686E-4,1.550041256E-3,9.995698929E-1,1.766443920E2,1.795745194E-1,-6.406379875E-2,1.766442870E2
1.016820710E1,2.926678033E-2,6.222169613E-4,1.543602441E-3,9.995702505E-1,1.766457951E2,1.788949493E-1,-6.609336521E-2,1.766456872E2
1.017320710E1,2.926665638E-2,6.332274061E-4,1.541473554E-3,9.995702505E-1,1.766458093E2,1.786880222E-1,-6.736168948E-2,1.766456996E2
1.017820710E1,2.927288295E-2,6.251478335E-4,1.542491838E-3,9.995700717E-1,1.766450955E2,1.787779739E-1,-6.643170748E-2,1.766449872E2
1.018320710E1,2.927912109E-2,6.157105090E-4,1.543764956E-3,9.995698929E-1,1.766443803E2,1.788925482E-1,-6.534534724E-2,1.766442737E2
1.018820710E1,2.925714102E-2,6.017569103E-4,1.541457255E-3,9.995705485E-1,1.766469001E2,1.785799954E-1,-6.375873971E-2,1.766467962E2
1.019320710E1,2.925289471E-2,6.081248284E-4,1.542245736E-3,9.995706677E-1,1.766473869E2,1.786913874E-1,-6.448625173E-2,1.766472818E2
1.019820710E1,2.924004406E-2,6.304558483E-4,1.545181731E-3,9.995710254E-1,1.766488601E2,1.791016861E-1,-6.703656054E-2,1.766487507E2
1.020320710E1,2.925219870E-2,6.432440714E-4,1.541199163E-3,9.995706677E-1,1.766474667E2,1.786891981E-1,-6.851252663E-2,1.766473552E2
1.020820710E1,2.923846358E-2,6.348505849E-4,1.534695970E-3,9.995710850E-1,1.766490413E2,1.779152380E-1,-6.757536113E-2,1.766489318E2
1.021320710E1,2.923035147E-2,6.161055062E-4,1.541562029E-3,9.995713234E-1,1.766499713E2,1.786383535E-1,-6.540669843E-2,1.766498647E2
1.021820710E1,2.920764318E-2,6.198274787E-4,1.545347972E-3,9.995719790E-1,1.766525746E2,1.790829787E-1,-6.582440913E-2,1.766524671E2
1.022320710E1,2.920741371E-2,6.405325839E-4,1.541236183E-3,9.995719790E-1,1.766526009E2,1.786812926E-1,-6.820982799E-2,1.766524899E2
1.022820710E1,2.924631626E-2,6.492230459E-4,1.534342533E-3,9.995708466E-1,1.766481411E2,1.779234576E-1,-6.922140437E-2,1.766480289E2
1.023320710E1,2.925250955E-2,6.431360380E-4,1.535332995E-3,9.995706677E-1,1.766474311E2,1.780169304E-1,-6.851976126E-2,1.766473200E2
1.023820710E1,2.922214421E-2,6.272743340E-4,1.538060023E-3,9.995715618E-1,1.766509122E2,1.782740905E-1,-6.669919784E-2,1.766508038E2
1.024320710E1,2.920864792E-2,6.136646261E-4,1.528727822E-3,9.995719790E-1,1.766524594E2,1.771586960E-1,-6.517395089E-2,1.766523541E2
1.024820710E1,2.920445875E-2,6.246657576E-4,1.526359003E-3,9.995720983E-1,1.766529396E2,1.769239113E-1,-6.644271880E-2,1.766528325E2
1.025320710E1,2.921610289E-2,6.459403085E-4,1.528866356E-3,9.995717406E-1,1.766516048E2,1.772831170E-1,-6.886910372E-2,1.766514936E2
1.025820710E1,2.922000977E-2,6.489126827E-4,1.530881156E-3,9.995716214E-1,1.766511569E2,1.775241206E-1,-6.920212747E-2,1.766510450E2
1.026320710E1,2.921467388E-2,6.316300132E-4,1.523172483E-3,9.995718002E-1,1.766517686E2,1.765829141E-1,-6.724928218E-2,1.766516604E2
1.026820710E1,2.918622515E-2,6.231417647E-4,1.524441061E-3,9.995726347E-1,1.766550299E2,1.766979150E-1,-6.627779874E-2,1.766549232E2
1.027320710E1,2.918383542E-2,6.258750800E-4,1.529979403E-3,9.995726943E-1,1.766553039E2,1.773412763E-1,-6.657278023E-2,1.766551963E2
1.027820710E1,2.916528845E-2,6.402456202E-4,1.527225133E-3,9.995732307E-1,1.766574301E2,1.770725910E-1,-6.823131642E-2,1.766573201E2
1.028320710E1,2.916946622E-2,6.466048071E-4,1.522773993E-3,9.995731115E-1,1.766569512E2,1.765842875E-1,-6.897385340E-2,1.766568403E2
1.028820710E1,2.911640728E-2,6.410125061E-4,1.523321145E-3,9.995746613E-1,1.766630339E2,1.766246380E-1,-6.834084291E-2,1.766629240E2
1.029320710E1,2.910828947E-2,6.213020533E-4,1.530166832E-3,9.995748997E-1,1.766639645E2,1.773424579E-1,-6.606175031E-2,1.766638577E2
1.029820710E1,2.911883304E-2,6.158113829E-4,1.526458072E-3,9.995746017E-1,1.766627558E2,1.769000189E-1,-6.544333838E-2,1.766626502E2
1.030320710E1,2.911868538E-2,6.295315688E-4,1.523675746E-3,9.995746017E-1,1.766627727E2,1.766270981E-1,-6.702419789E-2,1.766626649E2
1.030820710E1,2.911048461E-2,6.367404130E-4,1.520969672E-3,9.995748401E-1,1.766637129E2,1.763406355E-1,-6.786039597E-2,1.766636039E2
1.031320710E1,2.912062227E-2,6.398896221E-4,1.521444763E-3,9.995745420E-1,1.766625507E2,1.764062520E-1,-6.821774146E-2,1.766624411E2
1.031820710E1,2.911251499E-2,6.356932572E-4,1.521717873E-3,9.995747805E-1,1.766634801E2,1.764229810E-1,-6.773759744E-2,1.766633713E2
1.032320710E1,2.910468487E-2,6.214764435E-4,1.520760008E-3,9.995750189E-1,1.766643777E2,1.762653137E-1,-6.611373920E-2,1.766642715E2
1.032820710E1,2.912314140E-2,6.215311587E-4,1.519995742E-3,9.995744824E-1,1.766622619E2,1.761791755E-1,-6.611930245E-2,1.766621557E2
1.033320710E1,2.912513751E-2,6.362355780E-4,1.514853328E-3,9.995744228E-1,1.766620331E2,1.756393599E-1,-6.782039970E-2,1.766619246E2
1.033820710E1,2.914962629E-2,6.460226723E-4,1.511640032E-3,9.995737076E-1,1.766592257E2,1.753056558E-1,-6.894787104E-2,1.766591157E2
1.034320710E1,2.914399739E-2,6.314992788E-4,1.508065965E-3,9.995738864E-1,1.766598710E2,1.748473751E-1,-6.729724517E-2,1.766597638E2
1.034820710E1,2.913567995E-2,6.225654506E-4,1.514453790E-3,9.995741248E-1,1.766608245E2,1.755486661E-1,-6.625406670E-2,1.766607185E2
1.035320710E1,2.913989009E-2,6.272852770E-4,1.510178787E-3,9.995740056E-1,1.766603418E2,1.750750350E-1,-6.680822482E-2,1.766602353E2
1.035820710E1,2.913778217E-2,6.364061264E-4,1.507580979E-3,9.995740652E-1,1.766605835E2,1.748077901E-1,-6.786199573E-2,1.766604755E2
1.036320710E1,2.913150618E-2,6.350033218E-4,1.510895556E-3,9.995742440E-1,1.766613029E2,1.751823426E-1,-6.769134693E-2,1.766611950E2
1.036820710E1,2.915788172E-2,6.406143657E-4,1.512380433E-3,9.995734692E-1,1.766582793E2,1.753729608E-1,-6.832446712E-2,1.766581702E2
1.037320710E1,2.916622340E-2,6.403562147E-4,1.509217545E-3,9.995732307E-1,1.766573230E2,1.750103814E-1,-6.830400565E-2,1.766572141E2
1.037820710E1,2.916224927E-2,6.349029718E-4,1.509364112E-3,9.995733500E-1,1.766577786E2,1.750086729E-1,-6.767958247E-2,1.766576707E2
1.038320710E1,2.915417340E-2,6.304396084E-4,1.509354101E-3,9.995735884E-1,1.766587044E2,1.749920666E-1,-6.716978404E-2,1.766585973E2
1.038820710E1,2.918251098E-2,6.359606632E-4,1.512036775E-3,9.995727539E-1,1.766554557E2,1.753197168E-1,-6.778824787E-2,1.766553475E2
1.039320710E1,2.918058937E-2,6.364736473E-4,1.509501599E-3,9.995728135E-1,1.766556760E2,1.750309154E-1,-6.785582099E-2,1.766555679E2
1.039820710E1,2.915595120E-2,6.325943395E-4,1.513579511E-3,9.995735288E-1,1.766585006E2,1.754833771E-1,-6.740216391E-2,1.766583928E2
1.040320710E1,2.915789199E-2,6.315152277E-4,1.516004908E-3,9.995734692E-1,1.766582781E2,1.757577143E-1,-6.727011466E-2,1.766581704E2
1.040820710E1,2.914159763E-2,6.341693806E-4,1.513801981E-3,9.995739460E-1,1.766601461E2,1.755131517E-1,-6.758435042E-2,1.766600380E2
1.041320710E1,2.913362784E-2,6.317291409E-4,1.510792179E-3,9.995741844E-1,1.766610597E2,1.751597134E-1,-6.731628639E-2,1.766609523E2
1.041820710E1,2.911957063E-2,6.255074986E-4,1.508337678E-3,9.995746017E-1,1.766626712E2,1.748568578E-1,-6.661429567E-2,1.766625651E2
1.042320710E1,2.912350042E-2,6.272086757E-4,1.510756556E-3,9.995744824E-1,1.766622207E2,1.751398634E-1,-6.680039306E-2,1.766621142E2
1.042820710E1,2.912359659E-2,6.286326097E-4,1.508308924E-3,9.995744824E-1,1.766622097E2,1.748642629E-1,-6.697164645E-2,1.766621031E2
1.043320710E1,2.911955772E-2,6.240691873E-4,1.509182504E-3,9.995746017E-1,1.766626727E2,1.749488260E-1,-6.644673051E-2,1.766625668E2
1.043820710E1,2.910526432E-2,6.196239847E-4,1.510390779E-3,9.995750189E-1,1.766643113E2,1.750714484E-1,-6.593603581E-2,1.766642061E2
1.044320710E1,2.910113209E-2,6.156335585E-4,1.512750634E-3,9.995751381E-1,1.766647850E2,1.753281729E-1,-6.547181478E-2,1.766646804E2
1.044820710E1,2.910332465E-2,6.124575739E-4,1.511243521E-3,9.995750785E-1,1.766645337E2,1.751450941E-1,-6.511267010E-2,1.766644297E2
1.045320710E1,2.910544550E-2,6.154996809E-4,1.508584712E-3,9.995750189E-1,1.766642905E2,1.748508308E-1,-6.546961826E-2,1.766641862E2
1.045820710E1,2.907079978E-2,6.122055347E-4,1.506563043E-3,9.995760322E-1,1.766682623E2,1.746060182E-1,-6.510509215E-2,1.766681587E2
1.046320710E1,2.907073203E-2,6.126183434E-4,1.507702167E-3,9.995760322E-1,1.766682701E2,1.747378681E-1,-6.514859350E-2,1.766681663E2
1.046820710E1,2.905235712E-2,6.134344148E-4,1.505902736E-3,9.995765686E-1,1.766703766E2,1.745332746E-1,-6.525127174E-2,1.766702728E2
1.047320710E1,2.904644888E-2,6.064405898E-4,1.504014479E-3,9.995767474E-1,1.766710539E2,1.742933207E-1,-6.445749426E-2,1.766709515E2
1.047820710E1,2.904211950E-2,6.063071196E-4,1.508440007E-3,9.995768666E-1,1.766715502E2,1.747995123E-1,-6.442823252E-2,1.766714476E2
1.048320710E1,2.904377722E-2,6.160392659E-4,1.512072748E-3,9.995768070E-1,1.766713602E2,1.752481189E-1,-6.553060202E-2,1.766712555E2
1.048820710E1,2.907244267E-2,6.214110763E-4,1.510632923E-3,9.995759726E-1,1.766680740E2,1.751029734E-1,-6.614567646E-2,1.766679685E2
1.049320710E1,2.907851955E-2,6.203604862E-4,1.512420713E-3,9.995757937E-1,1.766673773E2,1.753046538E-1,-6.601831683E-2,1.766672719E2
1.049820710E1,2.902728724E-2,6.064904155E-4,1.517352182E-3,9.995772839E-1,1.766732506E2,1.758199974E-1,-6.442217621E-2,1.766731473E2
1.050320710E1,2.902510023E-2,6.046351627E-4,1.520659891E-3,9.995773435E-1,1.766735013E2,1.761925616E-1,-6.419905248E-2,1.766733982E2
1.050820710E1,2.901291982E-2,6.070667296E-4,1.517047640E-3,9.995777011E-1,1.766748977E2,1.757861042E-1,-6.449172872E-2,1.766747943E2
1.051320710E1,2.901895316E-2,6.130971597E-4,1.517045195E-3,9.995775223E-1,1.766742060E2,1.758062685E-1,-6.518142045E-2,1.766741016E2
1.051820710E1,2.898783576E-2,6.117122248E-4,1.523403451E-3,9.995784163E-1,1.766777733E2,1.765279358E-1,-6.500713707E-2,1.766776687E2
1.052320710E1,2.898371358E-2,6.092137774E-4,1.524617895E-3,9.995785356E-1,1.766782459E2,1.766584758E-1,-6.471765100E-2,1.766781416E2
1.052820710E1,2.896330770E-2,6.048845244E-4,1.523346757E-3,9.995791316E-1,1.766805852E2,1.764971837E-1,-6.422958917E-2,1.766804818E2
1.053320710E1,2.896127526E-2,6.027285126E-4,1.523731509E-3,9.995791912E-1,1.766808182E2,1.765339683E-1,-6.398171427E-2,1.766807152E2
1.053820710E1,2.894227624E-2,6.117713638E-4,1.529200352E-3,9.995797276E-1,1.766829962E2,1.771891676E-1,-6.500273060E-2,1.766828912E2
1.054320710E1,2.894670175E-2,6.152827991E-4,1.521931263E-3,9.995796084E-1,1.766824889E2,1.763684755E-1,-6.542827063E-2,1.766823837E2
1.054820710E1,2.891623940E-2,6.040841690E-4,1.518282923E-3,9.995805025E-1,1.766859811E2,1.759114760E-1,-6.416300433E-2,1.766858782E2
1.055320710E1,2.889969758E-2,5.901416298E-4,1.524775405E-3,9.995809793E-1,1.766878774E2,1.766079111E-1,-6.254738560E-2,1.766877766E2
1.055820710E1,2.890155679E-2,5.917560775E-4,1.527981251E-3,9.995809197E-1,1.766876643E2,1.769805846E-1,-6.272136401E-2,1.766875630E2
1.056320710E1,2.892430685E-2,6.091361865E-4,1.519560930E-3,9.995802641E-1,1.766850563E2,1.760751280E-1,-6.473602424E-2,1.766849523E2
1.056820710E1,2.893262523E-2,6.159386830E-4,1.515286276E-3,9.995800257E-1,1.766841026E2,1.756085871E-1,-6.552791328E-2,1.766839978E2
1.057320710E1,2.892241671E-2,6.081552128E-4,1.516719582E-3,9.995803237E-1,1.766852729E2,1.757462952E-1,-6.463341031E-2,1.766851694E2
1.057820710E1,2.891001775E-2,5.977770779E-4,1.521532075E-3,9.995806813E-1,1.766866943E2,1.762623506E-1,-6.343089844E-2,1.766865924E2
1.058320710E1,2.890795415E-2,5.962622818E-4,1.522176899E-3,9.995807409E-1,1.766869309E2,1.763310619E-1,-6.325561608E-2,1.766868292E2
1.058820710E1,2.892836516E-2,6.044974434E-4,1.522573293E-3,9.995801449E-1,1.766845910E2,1.764050597E-1,-6.419398545E-2,1.766844877E2
1.059320710E1,2.894462921E-2,6.173347938E-4,1.521370723E-3,9.995796680E-1,1.766827265E2,1.763109403E-1,-6.566553807E-2,1.766826210E2
1.059820710E1,2.892815257E-2,6.177909090E-4,1.521275961E-3,9.995801449E-1,1.766846154E2,1.763005156E-1,-6.572100346E-2,1.766845098E2
1.060320710E1,2.891809493E-2,6.096469588E-4,1.519959653E-3,9.995804429E-1,1.766857684E2,1.761220896E-1,-6.479430278E-2,1.766856644E2
1.060820710E1,2.887271222E-2,5.957433023E-4,1.525855274E-3,9.995817542E-1,1.766909710E2,1.767484501E-1,-6.319021652E-2,1.766908691E2
1.061320710E1,2.888483745E-2,6.056623533E-4,1.526744920E-3,9.995813966E-1,1.766895810E2,1.768839548E-1,-6.432129175E-2,1.766894772E2
1.061820710E1,2.886796675E-2,6.207352853E-4,1.527586253E-3,9.995818734E-1,1.766915150E2,1.770291052E-1,-6.604800295E-2,1.766914085E2
1.062320710E1,2.886608753E-2,6.196466857E-4,1.524534542E-3,9.995819330E-1,1.766917305E2,1.766758246E-1,-6.593373836E-2,1.766916243E2
1.062820710E1,2.885369652E-2,6.089553935E-4,1.528918045E-3,9.995822906E-1,1.766931510E2,1.771417584E-1,-6.469681400E-2,1.766930465E2
1.063320710E1,2.885166881E-2,6.057342980E-4,1.529494533E-3,9.995823503E-1,1.766933834E2,1.771970101E-1,-6.432631102E-2,1.766932795E2
1.063820710E1,2.885588880E-2,6.085766363E-4,1.526661566E-3,9.995822310E-1,1.766928997E2,1.768821817E-1,-6.466050284E-2,1.766927954E2
1.064320710E1,2.886629895E-2,6.166790845E-4,1.521732076E-3,9.995819330E-1,1.766917062E2,1.763450157E-1,-6.560305143E-2,1.766916008E2
1.064820710E1,2.886632830E-2,6.211157888E-4,1.519369078E-3,9.995819330E-1,1.766917029E2,1.760890276E-1,-6.611905938E-2,1.766915968E2
1.065320710E1,2.886412626E-2,6.191056455E-4,1.522806822E-3,9.995819926E-1,1.766919553E2,1.764760056E-1,-6.587782705E-2,1.766918494E2
1.065820710E1,2.884789230E-2,6.108073867E-4,1.520778053E-3,9.995824695E-1,1.766938164E2,1.762151178E-1,-6.493688628E-2,1.766937121E2
1.066320710E1,2.884570833E-2,6.094647688E-4,1.523563522E-3,9.995825291E-1,1.766940667E2,1.765295965E-1,-6.477427520E-2,1.766939625E2
1.066820710E1,2.885790945E-2,6.166581879E-4,1.524248626E-3,9.995821714E-1,1.766926680E2,1.766326517E-1,-6.559381573E-2,1.766925624E2
1.067320710E1,2.886821474E-2,6.253368338E-4,1.521008788E-3,9.995818734E-1,1.766914866E2,1.762909361E-1,-6.659679664E-2,1.766913797E2
1.067820710E1,2.887849345E-2,6.255613407E-4,1.521651167E-3,9.995815754E-1,1.766903083E2,1.763659446E-1,-6.661857383E-2,1.766902013E2
1.068320710E1,2.887027861E-2,6.198489573E-4,1.523251762E-3,9.995818138E-1,1.766912500E2,1.765298355E-1,-6.596041048E-2,1.766911439E2
1.068820710E1,2.887011920E-2,6.169716944E-4,1.527435379E-3,9.995818138E-1,1.766912683E2,1.769995135E-1,-6.561702537E-2,1.766911624E2
1.069320710E1,2.887223729E-2,6.195903406E-4,1.525344909E-3,9.995817542E-1,1.766910255E2,1.767688665E-1,-6.592351623E-2,1.766909193E2
1.069820710E1,2.889452327E-2,6.242629024E-4,1.531087561E-3,9.995810986E-1,1.766884706E2,1.774435946E-1,-6.643577215E-2,1.766883632E2
1.070320710E1,2.890676276E-2,6.337913219E-4,1.529620844E-3,9.995807409E-1,1.766870675E2,1.773079703E-1,-6.752987702E-2,1.766869585E2
1.070820710E1,2.891301286E-2,6.275720079E-4,1.530909212E-3,9.995805621E-1,1.766863510E2,1.774353595E-1,-6.681211745E-2,1.766862430E2
1.071320710E1,2.890493589E-2,6.223571836E-4,1.529888250E-3,9.995808005E-1,1.766872769E2,1.773006001E-1,-6.621960848E-2,1.766871700E2
1.071820710E1,2.889678217E-2,6.191744469E-4,1.529434929E-3,9.995810390E-1,1.766882117E2,1.772375947E-1,-6.585799383E-2,1.766881053E2
1.072320710E1,2.891088083E-2,6.302911788E-4,1.531138783E-3,9.995806217E-1,1.766865954E2,1.774705223E-1,-6.712319877E-2,1.766864869E2
1.072820710E1,2.892935828E-2,6.380837876E-4,1.529115834E-3,9.995800853E-1,1.766844772E2,1.772658823E-1,-6.801921709E-2,1.766843674E2
1.073320710E1,2.891946390E-2,6.299518864E-4,1.524824183E-3,9.995803833E-1,1.766856114E2,1.767466757E-1,-6.710373797E-2,1.766855034E2
1.073820710E1,2.889292466E-2,6.197377807E-4,1.524164923E-3,9.995811582E-1,1.766886539E2,1.766355588E-1,-6.594065304E-2,1.766885478E2
1.074320710E1,2.888879641E-2,6.160660996E-4,1.525724423E-3,9.995812774E-1,1.766891272E2,1.768017618E-1,-6.551565219E-2,1.766890216E2
1.074820710E1,2.887226167E-2,6.244305405E-4,1.522907754E-3,9.995817542E-1,1.766910227E2,1.765057221E-1,-6.648598978E-2,1.766909158E2
1.075320710E1,2.888290403E-2,6.321371184E-4,1.513509080E-3,9.995814562E-1,1.766898026E2,1.754553780E-1,-6.739795815E-2,1.766896950E2
1.075820710E1,2.887892784E-2,6.293264451E-4,1.511822920E-3,9.995815754E-1,1.766902585E2,1.752526683E-1,-6.708229149E-2,1.766901514E2
1.076320710E1,2.886454448E-2,6.175442250E-4,1.515496057E-3,9.995819926E-1,1.766919074E2,1.756334637E-1,-6.572308448E-2,1.766918022E2
1.076820710E1,2.885434024E-2,6.127096713E-4,1.515208278E-3,9.995822906E-1,1.766930772E2,1.755838427E-1,-6.517206120E-2,1.766929729E2
1.077320710E1,2.886240754E-2,6.192243309E-4,1.516196062E-3,9.995820522E-1,1.766921524E2,1.757190619E-1,-6.591359023E-2,1.766920468E2
1.077820710E1,2.888257545E-2,6.351578631E-4,1.518506557E-3,9.995814562E-1,1.766898403E2,1.760377853E-1,-6.772748219E-2,1.766897318E2
1.078320710E1,2.889255507E-2,6.424032617E-4,1.521784696E-3,9.995811582E-1,1.766886963E2,1.764379430E-1,-6.854478492E-2,1.766885862E2
1.078820710E1,2.889725020E-2,6.333292113E-4,1.514725387E-3,9.995810390E-1,1.766881580E2,1.755996137E-1,-6.752795878E-2,1.766880501E2
1.079320710E1,2.888102539E-2,6.203802186E-4,1.514857635E-3,9.995815158E-1,1.766900180E2,1.755708067E-1,-6.604714663E-2,1.766899124E2
1.079820710E1,2.888098765E-2,6.154163857E-4,1.517599449E-3,9.995815158E-1,1.766900223E2,1.758684329E-1,-6.546950341E-2,1.766899174E2
1.080320710E1,2.889938229E-2,6.286685821E-4,1.515323878E-3,9.995809793E-1,1.766879136E2,1.756528755E-1,-6.699175705E-2,1.766878064E2
1.080820710E1,2.889318244E-2,6.373951910E-4,1.511947368E-3,9.995811582E-1,1.766886243E2,1.752945972E-1,-6.800360341E-2,1.766885159E2
1.081320710E1,2.888506045E-2,6.315497449E-4,1.511965413E-3,9.995813966E-1,1.766895554E2,1.752767613E-1,-6.733540943E-2,1.766894480E2
1.081820710E1,2.888079124E-2,6.251040613E-4,1.517377794E-3,9.995815158E-1,1.766900449E2,1.758750952E-1,-6.657993315E-2,1.766899382E2
1.082320710E1,2.888101885E-2,6.257341593E-4,1.512778807E-3,9.995815158E-1,1.766900188E2,1.753504097E-1,-6.666728777E-2,1.766899123E2
1.082820710E1,2.888722885E-2,6.321807159E-4,1.509678201E-3,9.995813370E-1,1.766893069E2,1.750170100E-1,-6.741487437E-2,1.766891995E2
1.083320710E1,2.889532381E-2,6.391813513E-4,1.509674592E-3,9.995810986E-1,1.766883789E2,1.750403250E-1,-6.821534688E-2,1.766882702E2
1.083820710E1,2.889909531E-2,6.404250744E-4,1.515873708E-3,9.995809793E-1,1.766879465E2,1.757547724E-1,-6.833661729E-2,1.766878372E2
1.084320710E1,2.889322654E-2,6.355902879E-4,1.511864481E-3,9.995811582E-1,1.766886193E2,1.752791294E-1,-6.779713003E-2,1.766885111E2
1.084820710E1,2.890409890E-2,6.260723458E-4,1.505040214E-3,9.995808601E-1,1.766873729E2,1.744666610E-1,-6.672760840E-2,1.766872669E2
1.085320710E1,2.890797182E-2,6.281054812E-4,1.508977497E-3,9.995807409E-1,1.766869289E2,1.749246467E-1,-6.694677185E-2,1.766868223E2
1.085820710E1,2.891805160E-2,6.364339497E-4,1.509769587E-3,9.995804429E-1,1.766857734E2,1.750436520E-1,-6.789635508E-2,1.766856652E2
1.086320710E1,2.892228894E-2,6.401295541E-4,1.505960245E-3,9.995803237E-1,1.766852876E2,1.746198526E-1,-6.833154607E-2,1.766851790E2
1.086820710E1,2.890814547E-2,6.278362125E-4,1.505759428E-3,9.995807409E-1,1.766869090E2,1.745551562E-1,-6.692655910E-2,1.766868026E2
1.087320710E1,2.890195745E-2,6.232451997E-4,1.507749199E-3,9.995809197E-1,1.766876184E2,1.747674514E-1,-6.639517853E-2,1.766875127E2
1.087820710E1,2.892446624E-2,6.291086902E-4,1.508348039E-3,9.995802641E-1,1.766850380E2,1.748569763E-1,-6.706088283E-2,1.766849312E2
1.088320710E1,2.893075520E-2,6.341691478E-4,1.504110871E-3,9.995800853E-1,1.766843170E2,1.743888351E-1,-6.765347271E-2,1.766842096E2
1.088820710E1,2.894316672E-2,6.327603478E-4,1.503591076E-3,9.995797276E-1,1.766828942E2,1.743254630E-1,-6.749166261E-2,1.766827871E2
1.089320710E1,2.893909405E-2,6.293175975E-4,1.504176878E-3,9.995798469E-1,1.766833611E2,1.743808701E-1,-6.709608571E-2,1.766832545E2
1.089820710E1,2.894526611E-2,6.268551224E-4,1.505275141E-3,9.995796680E-1,1.766826535E2,1.744989149E-1,-6.680930570E-2,1.766825473E2
1.090320710E1,2.894127875E-2,6.242642994E-4,1.503858715E-3,9.995797873E-1,1.766831106E2,1.743278126E-1,-6.651793764E-2,1.766830050E2
1.090820710E1,2.894932651E-2,6.239665672E-4,1.507550944E-3,9.995795488E-1,1.766821880E2,1.747502820E-1,-6.647018203E-2,1.766820822E2
1.091320710E1,2.895949670E-2,6.313149352E-4,1.506763860E-3,9.995792508E-1,1.766810221E2,1.746851907E-1,-6.731272295E-2,1.766809151E2
1.091820710E1,2.897822077E-2,6.354643847E-4,1.500894083E-3,9.995787144E-1,1.766788756E2,1.740278863E-1,-6.780423465E-2,1.766787682E2
1.092320710E1,2.896213840E-2,6.215450121E-4,1.499575097E-3,9.995791912E-1,1.766807193E2,1.738295137E-1,-6.621704036E-2,1.766806144E2
1.092820710E1,2.896016279E-2,6.132842391E-4,1.501398976E-3,9.995792508E-1,1.766809457E2,1.740108799E-1,-6.526511419E-2,1.766808423E2
1.093320710E1,2.897839912E-2,6.266563432E-4,1.501153922E-3,9.995787144E-1,1.766788551E2,1.740284098E-1,-6.679443845E-2,1.766787493E2
1.093820710E1,2.898042879E-2,6.367773749E-4,1.497397083E-3,9.995786548E-1,1.766786225E2,1.736318378E-1,-6.796585810E-2,1.766785151E2
1.094320710E1,2.897435254E-2,6.312487531E-4,1.497958205E-3,9.995788336E-1,1.766793190E2,1.736773396E-1,-6.733178370E-2,1.766792126E2
1.094820710E1,2.898470106E-2,6.275208434E-4,1.498190919E-3,9.995785356E-1,1.766781327E2,1.736923096E-1,-6.690220562E-2,1.766780269E2
1.095320710E1,2.897656106E-2,6.218581111E-4,1.498939469E-3,9.995787740E-1,1.766790658E2,1.737587017E-1,-6.625250627E-2,1.766789610E2
1.095820710E1,2.900161782E-2,6.201209035E-4,1.492025447E-3,9.995780587E-1,1.766761933E2,1.729626320E-1,-6.607214360E-2,1.766760893E2
1.096320710E1,2.900965710E-2,6.262654788E-4,1.492899377E-3,9.995778203E-1,1.766752717E2,1.730836945E-1,-6.677166666E-2,1.766751665E2
1.096820710E1,2.899736869E-2,6.294341292E-4,1.490848721E-3,9.995781779E-1,1.766766805E2,1.728585141E-1,-6.714355626E-2,1.766765748E2
1.097320710E1,2.899712992E-2,6.279566442E-4,1.496106735E-3,9.995781779E-1,1.766767078E2,1.734558599E-1,-6.695688955E-2,1.766766021E2
1.097820710E1,2.898916751E-2,6.146014202E-4,1.496664365E-3,9.995784163E-1,1.766776206E2,1.734748303E-1,-6.542666764E-2,1.766775173E2
1.098320710E1,2.898907325E-2,6.158640026E-4,1.497970545E-3,9.995784163E-1,1.766776315E2,1.736286332E-1,-6.556696518E-2,1.766775278E2
1.098820710E1,2.901350417E-2,6.272946484E-4,1.497516991E-3,9.995777011E-1,1.766748307E2,1.736162911E-1,-6.687353220E-2,1.766747250E2
1.099320710E1,2.901750368E-2,6.295383791E-4,1.498652622E-3,9.995775819E-1,1.766743722E2,1.737540993E-1,-6.712606531E-2,1.766742660E2
1.099820710E1,2.901770731E-2,6.241346127E-4,1.496969024E-3,9.995775819E-1,1.766743489E2,1.735432975E-1,-6.651266375E-2,1.766742437E2
1.100320710E1,2.900125905E-2,6.100540049E-4,1.503108069E-3,9.995780587E-1,1.766762345E2,1.741985926E-1,-6.488227844E-2,1.766761315E2
1.100820710E1,2.900732251E-2,6.132408162E-4,1.503722044E-3,9.995778799E-1,1.766755394E2,1.742799069E-1,-6.524420845E-2,1.766754358E2
1.101320710E1,2.901129955E-2,6.155826268E-4,1.505283173E-3,9.995777607E-1,1.766750834E2,1.744667697E-1,-6.550656347E-2,1.766749793E2
1.101820710E1,2.902182863E-2,6.137050223E-4,1.500981394E-3,9.995774627E-1,1.766738764E2,1.739684742E-1,-6.530396565E-2,1.766737729E2
1.102320710E1,2.902394501E-2,6.155438023E-4,1.498998492E-3,9.995774031E-1,1.766736338E2,1.737476001E-1,-6.552081213E-2,1.766735301E2
1.102820710E1,2.903202863E-2,6.111293915E-4,1.503244857E-3,9.995771646E-1,1.766727071E2,1.742198359E-1,-6.499963920E-2,1.766726039E2
1.103320710E1,2.902818274E-2,6.085065543E-4,1.499306294E-3,9.995772839E-1,1.766731480E2,1.737597238E-1,-6.471298307E-2,1.766730455E2
1.103820710E1,2.902394918E-2,6.079237792E-4,1.502024475E-3,9.995774031E-1,1.766736333E2,1.740688612E-1,-6.463792541E-2,1.766735307E2
1.104320710E1,2.903202687E-2,6.140340120E-4,1.502094674E-3,9.995771646E-1,1.766727073E2,1.740977539E-1,-6.533617043E-2,1.766726036E2
1.104820710E1,2.903039282E-2,6.149151013E-4,1.493627671E-3,9.995772243E-1,1.766728946E2,1.731307388E-1,-6.546554534E-2,1.766727913E2
1.105320710E1,2.901421706E-2,6.025512121E-4,1.493860967E-3,9.995777011E-1,1.766747490E2,1.731152909E-1,-6.405137194E-2,1.766746479E2
1.105820710E1,2.901617924E-2,5.976015236E-4,1.497615944E-3,9.995776415E-1,1.766745240E2,1.735290655E-1,-6.347159329E-2,1.766744236E2
1.106320710E1,2.903208153E-2,6.108339876E-4,1.502342871E-3,9.995771646E-1,1.766727010E2,1.741155399E-1,-6.496879434E-2,1.766725979E2
1.106820710E1,2.903214668E-2,6.183046498E-4,1.498021651E-3,9.995771646E-1,1.766726935E2,1.736454327E-1,-6.583887255E-2,1.766725894E2
1.107320710E1,2.902622168E-2,6.130511174E-4,1.495679375E-3,9.995773435E-1,1.766733728E2,1.733592743E-1,-6.524593668E-2,1.766732697E2
1.107820710E1,2.901383566E-2,6.077177823E-4,1.499166247E-3,9.995777011E-1,1.766747927E2,1.737401307E-1,-6.462559423E-2,1.766746904E2
1.108320710E1,2.901575258E-2,6.084929337E-4,1.501491875E-3,9.995776415E-1,1.766745729E2,1.740092179E-1,-6.470631649E-2,1.766744703E2
1.108820710E1,2.903625540E-2,6.128330715E-4,1.500178594E-3,9.995770454E-1,1.766722225E2,1.738745597E-1,-6.520425007E-2,1.766721192E2
1.109320710E1,2.904065194E-2,6.161588826E-4,1.493127318E-3,9.995769262E-1,1.766717185E2,1.730782380E-1,-6.560790013E-2,1.766716150E2
1.109820710E1,2.907134638E-2,6.244945689E-4,1.490890281E-3,9.995760322E-1,1.766681997E2,1.728517864E-1,-6.656483245E-2,1.766680949E2
1.110320710E1,2.906761215E-2,6.224114913E-4,1.484634005E-3,9.995761514E-1,1.766686278E2,1.721279840E-1,-6.634771592E-2,1.766685238E2
1.110820710E1,2.905759029E-2,6.123154890E-4,1.484362758E-3,9.995764494E-1,1.766697767E2,1.720626288E-1,-6.519391795E-2,1.766696745E2
1.111320710E1,2.905974464E-2,6.140862242E-4,1.481592073E-3,9.995763898E-1,1.766695297E2,1.717513030E-1,-6.540559921E-2,1.766694274E2
1.111820710E1,2.908207429E-2,6.198700285E-4,1.483387314E-3,9.995757341E-1,1.766669698E2,1.719776734E-1,-6.605827362E-2,1.766668664E2
1.112320710E1,2.908437338E-2,6.225383841E-4,1.477345941E-3,9.995756745E-1,1.766667063E2,1.712947207E-1,-6.638365491E-2,1.766666027E2
1.112820710E1,2.907652950E-2,6.155717419E-4,1.473346259E-3,9.995759130E-1,1.766676055E2,1.708128487E-1,-6.560034611E-2,1.766675034E2
1.113320710E1,2.907251288E-2,6.121376064E-4,1.473163255E-3,9.995760322E-1,1.766680659E2,1.707801814E-1,-6.520828597E-2,1.766679645E2
1.113820710E1,2.908073255E-2,6.165255909E-4,1.470868126E-3,9.995757937E-1,1.766671236E2,1.705324500E-1,-6.571714298E-2,1.766670216E2
1.114320710E1,2.908679900E-2,6.216049660E-4,1.470295945E-3,9.995756149E-1,1.766664282E2,1.704842409E-1,-6.629982188E-2,1.766663253E2
1.114820710E1,2.910536031E-2,6.218314520E-4,1.467581023E-3,9.995750785E-1,1.766643003E2,1.701752517E-1,-6.633165365E-2,1.766641976E2
1.115320710E1,2.910139367E-2,6.175611052E-4,1.466851798E-3,9.995751977E-1,1.766647551E2,1.700772187E-1,-6.584562288E-2,1.766646531E2
1.115820710E1,2.909133846E-2,6.092850235E-4,1.466681482E-3,9.995754957E-1,1.766659078E2,1.700294560E-1,-6.489993478E-2,1.766658073E2
1.116320710E1,2.908344474E-2,6.033532554E-4,1.463191235E-3,9.995757341E-1,1.766668127E2,1.696093884E-1,-6.423346754E-2,1.766667135E2
1.116820710E1,2.909577802E-2,6.104297354E-4,1.459366526E-3,9.995753765E-1,1.766653988E2,1.691956825E-1,-6.505468804E-2,1.766652986E2
1.117320710E1,2.909993247E-2,6.144306972E-4,1.456501312E-3,9.995752573E-1,1.766649226E2,1.688811049E-1,-6.552182133E-2,1.766648218E2
1.117820710E1,2.907155020E-2,6.128747482E-4,1.451248652E-3,9.995760918E-1,1.766681763E2,1.682724036E-1,-6.536589249E-2,1.766680762E2
1.118320710E1,2.906139278E-2,6.055159611E-4,1.452506636E-3,9.995763898E-1,1.766693408E2,1.683913247E-1,-6.452051506E-2,1.766692418E2
1.118820710E1,2.907776105E-2,6.064098561E-4,1.452695695E-3,9.995759130E-1,1.766674643E2,1.684170154E-1,-6.461951705E-2,1.766673652E2
1.119320710E1,2.907574264E-2,6.053962279E-4,1.452505356E-3,9.995759726E-1,1.766676957E2,1.683917053E-1,-6.450438731E-2,1.766675968E2
1.119820710E1,2.909224747E-2,6.132772542E-4,1.446853392E-3,9.995754957E-1,1.766658036E2,1.677716517E-1,-6.542316550E-2,1.766657037E2
1.120320710E1,2.908414812E-2,6.071375683E-4,1.447561313E-3,9.995757341E-1,1.766667321E2,1.678317451E-1,-6.471890761E-2,1.766666332E2
1.120820710E1,2.906572189E-2,5.944447475E-4,1.452494180E-3,9.995762706E-1,1.766688445E2,1.683532994E-1,-6.325169689E-2,1.766687474E2
1.121320710E1,2.906148337E-2,5.917708622E-4,1.456353930E-3,9.995763898E-1,1.766693304E2,1.687862344E-1,-6.293328165E-2,1.766692336E2
1.121820710E1,2.908998476E-2,5.986126489E-4,1.457273960E-3,9.995755553E-1,1.766660630E2,1.689162209E-1,-6.370908040E-2,1.766659649E2
1.122320710E1,2.908613512E-2,5.958611728E-4,1.453469391E-3,9.995756745E-1,1.766665043E2,1.684710163E-1,-6.340724982E-2,1.766664070E2
1.122820710E1,2.906961559E-2,5.956146051E-4,1.456125989E-3,9.995761514E-1,1.766683981E2,1.687734424E-1,-6.337294170E-2,1.766683006E2
1.123320710E1,2.906761150E-2,5.938702379E-4,1.455929829E-3,9.995762110E-1,1.766686278E2,1.687450357E-1,-6.317412840E-2,1.766685307E2
1.123820710E1,2.905967829E-2,5.897866795E-4,1.452262397E-3,9.995764494E-1,1.766695373E2,1.683108551E-1,-6.271993730E-2,1.766694411E2
1.124320710E1,2.906389400E-2,5.931415362E-4,1.448579482E-3,9.995763302E-1,1.766690540E2,1.679004405E-1,-6.311576917E-2,1.766689575E2
1.124820710E1,2.907398249E-2,6.000727299E-4,1.448924770E-3,9.995760322E-1,1.766678975E2,1.679637221E-1,-6.390684393E-2,1.766677997E2
1.125320710E1,2.906783258E-2,5.944134900E-4,1.451286720E-3,9.995762110E-1,1.766686025E2,1.682150224E-1,-6.325178315E-2,1.766685055E2
1.125820710E1,2.906987567E-2,5.812903401E-4,1.456722501E-3,9.995761514E-1,1.766683683E2,1.687940648E-1,-6.173016611E-2,1.766682732E2
1.126320710E1,2.906568687E-2,5.769873387E-4,1.460214029E-3,9.995762706E-1,1.766688485E2,1.691794042E-1,-6.122636512E-2,1.766687540E2
1.126820710E1,2.909828146E-2,5.876543582E-4,1.459626830E-3,9.995753169E-1,1.766651118E2,1.691497123E-1,-6.244463803E-2,1.766650155E2
1.127320710E1,2.910659924E-2,5.944271106E-4,1.454305253E-3,9.995750785E-1,1.766641583E2,1.685632731E-1,-6.323675112E-2,1.766640611E2
1.127820710E1,2.912123158E-2,5.876672221E-4,1.450894750E-3,9.995746613E-1,1.766624808E2,1.681509891E-1,-6.247136807E-2,1.766623851E2
1.128320710E1,2.911486281E-2,5.822071689E-4,1.457703533E-3,9.995748401E-1,1.766632109E2,1.689122725E-1,-6.182431234E-2,1.766631157E2
1.128820710E1,2.911055828E-2,5.769482232E-4,1.464005210E-3,9.995749593E-1,1.766637044E2,1.696162759E-1,-6.120164303E-2,1.766636097E2
1.129320710E1,2.912085820E-2,5.852821632E-4,1.459328574E-3,9.995746613E-1,1.766625236E2,1.691090427E-1,-6.217009489E-2,1.766624278E2
1.129820710E1,2.914734965E-2,5.958451657E-4,1.456919708E-3,9.995738864E-1,1.766594866E2,1.688700554E-1,-6.338357441E-2,1.766593891E2
1.130320710E1,2.914522679E-2,5.942060379E-4,1.459162217E-3,9.995739460E-1,1.766597300E2,1.691213097E-1,-6.318869308E-2,1.766596326E2
1.130820710E1,2.912905303E-2,5.840967060E-4,1.459558960E-3,9.995744228E-1,1.766615842E2,1.691319842E-1,-6.203215383E-2,1.766614885E2
1.131320710E1,2.912705095E-2,5.821256782E-4,1.459481311E-3,9.995744824E-1,1.766618137E2,1.691163865E-1,-6.180698467E-2,1.766617184E2
1.131820710E1,2.914304836E-2,5.858308286E-4,1.465215231E-3,9.995740056E-1,1.766599798E2,1.697865310E-1,-6.220952702E-2,1.766598834E2
1.132320710E1,2.914913384E-2,5.904982099E-4,1.464276342E-3,9.995738268E-1,1.766592821E2,1.696949580E-1,-6.274624426E-2,1.766591850E2
1.132820710E1,2.915737426E-2,5.928529426E-4,1.462012995E-3,9.995735884E-1,1.766583374E2,1.694440930E-1,-6.302212530E-2,1.766582401E2
1.133320710E1,2.914921432E-2,5.860021920E-4,1.464480418E-3,9.995738268E-1,1.766592729E2,1.697033194E-1,-6.223056265E-2,1.766591766E2
1.133820710E1,2.914330554E-2,5.796726909E-4,1.462546759E-3,9.995740056E-1,1.766599503E2,1.694603248E-1,-6.151302501E-2,1.766598552E2
1.134320710E1,2.914556585E-2,5.818692734E-4,1.457360340E-3,9.995739460E-1,1.766596911E2,1.688737325E-1,-6.178156675E-2,1.766595960E2
1.134820710E1,2.915775689E-2,5.905336584E-4,1.455305377E-3,9.995735884E-1,1.766582936E2,1.686680565E-1,-6.277881570E-2,1.766581970E2
1.135320710E1,2.915367316E-2,5.876481882E-4,1.456408179E-3,9.995737076E-1,1.766587617E2,1.687844778E-1,-6.244531082E-2,1.766586656E2
1.135820710E1,2.915599298E-2,5.759766209E-4,1.455539837E-3,9.995736480E-1,1.766584958E2,1.686461619E-1,-6.111092716E-2,1.766584017E2
1.136320710E1,2.914594372E-2,5.679313908E-4,1.455300138E-3,9.995739460E-1,1.766596478E2,1.685912193E-1,-6.019190035E-2,1.766595552E2
1.136820710E1,2.915013874E-2,5.737028550E-4,1.450887066E-3,9.995738268E-1,1.766591669E2,1.681052656E-1,-6.086701386E-2,1.766590735E2
1.137320710E1,2.916040884E-2,5.808891729E-4,1.446966897E-3,9.995735288E-1,1.766579895E2,1.676808784E-1,-6.170152680E-2,1.766578952E2
1.137820710E1,2.916845851E-2,5.862102262E-4,1.447276212E-3,9.995732903E-1,1.766570667E2,1.677345921E-1,-6.230863031E-2,1.766569714E2
1.138320710E1,2.916253854E-2,5.815657787E-4,1.444948022E-3,9.995734692E-1,1.766577454E2,1.674520232E-1,-6.178541664E-2,1.766576510E2
1.138820710E1,2.914854906E-2,5.783034721E-4,1.439892687E-3,9.995738864E-1,1.766593491E2,1.668612074E-1,-6.143097282E-2,1.766592557E2
1.139320710E1,2.915051159E-2,5.799128558E-4,1.440892811E-3,9.995738268E-1,1.766591242E2,1.669812617E-1,-6.161164753E-2,1.766590304E2
1.139820710E1,2.917685215E-2,5.893005873E-4,1.441485249E-3,9.995730519E-1,1.766561045E2,1.670821345E-1,-6.268056220E-2,1.766560090E2
1.140320710E1,2.918301237E-2,5.934304208E-4,1.439083251E-3,9.995728731E-1,1.766553983E2,1.668212009E-1,-6.316060737E-2,1.766553023E2
1.140820710E1,2.917673498E-2,5.882705445E-4,1.444274909E-3,9.995730519E-1,1.766561179E2,1.673982189E-1,-6.255327069E-2,1.766560225E2
1.141320710E1,2.917274803E-2,5.857782671E-4,1.443321118E-3,9.995731711E-1,1.766565750E2,1.672803871E-1,-6.227165483E-2,1.766564800E2
1.141820710E1,2.919727817E-2,5.877593649E-4,1.441848231E-3,9.995724559E-1,1.766537628E2,1.671198355E-1,-6.249939780E-2,1.766536676E2
1.142320710E1,2.921357299E-2,6.014532992E-4,1.436702325E-3,9.995719790E-1,1.766518948E2,1.665772738E-1,-6.408243857E-2,1.766517976E2
1.142820710E1,2.920755012E-2,6.045695045E-4,1.433437574E-3,9.995721579E-1,1.766525852E2,1.662133644E-1,-6.445130767E-2,1.766524877E2
1.143320710E1,2.920138124E-2,5.997403059E-4,1.436454593E-3,9.995723367E-1,1.766532924E2,1.665423837E-1,-6.388908863E-2,1.766531955E2
1.143820710E1,2.920346474E-2,6.003494491E-4,1.435319777E-3,9.995722771E-1,1.766530536E2,1.664145704E-1,-6.396231206E-2,1.766529567E2
1.144320710E1,2.919191386E-2,5.917915259E-4,1.424750080E-3,9.995726347E-1,1.766543778E2,1.651745177E-1,-6.301934645E-2,1.766542830E2
1.144820710E1,2.922058804E-2,5.949237966E-4,1.421084628E-3,9.995718002E-1,1.766510906E2,1.647669633E-1,-6.338566022E-2,1.766509955E2
1.145320710E1,2.921861713E-2,5.935853696E-4,1.420243760E-3,9.995718598E-1,1.766513165E2,1.646660413E-1,-6.323549378E-2,1.766512217E2
1.145820710E1,2.923714339E-2,5.915479269E-4,1.417379361E-3,9.995713234E-1,1.766491927E2,1.643322905E-1,-6.300866507E-2,1.766490983E2
1.146320710E1,2.922713627E-2,5.835219054E-4,1.416920451E-3,9.995716214E-1,1.766503399E2,1.642522121E-1,-6.209252671E-2,1.766502469E2
1.146820710E1,2.923357605E-2,5.752973957E-4,1.413575141E-3,9.995714426E-1,1.766496016E2,1.638418773E-1,-6.116061965E-2,1.766495103E2
1.147320710E1,2.923387049E-2,5.771142896E-4,1.406728756E-3,9.995714426E-1,1.766495679E2,1.630637786E-1,-6.139161865E-2,1.766494766E2
1.147820710E1,2.924202465E-2,5.827572895E-4,1.404333161E-3,9.995712042E-1,1.766486331E2,1.628087921E-1,-6.204467907E-2,1.766485410E2
1.148320710E1,2.924611222E-2,5.871420144E-4,1.402235357E-3,9.995710850E-1,1.766481645E2,1.625834537E-1,-6.255328106E-2,1.766480718E2
1.148820710E1,2.925043708E-2,5.727316020E-4,1.402962836E-3,9.995709658E-1,1.766476687E2,1.626187463E-1,-6.089953558E-2,1.766475784E2
1.149320710E1,2.924465394E-2,5.672029220E-4,1.398362685E-3,9.995711446E-1,1.766483316E2,1.620729510E-1,-6.028262433E-2,1.766482426E2
1.149820710E1,2.926097355E-2,5.716651795E-4,1.395998755E-3,9.995706677E-1,1.766464608E2,1.618181279E-1,-6.079902247E-2,1.766463711E2
1.150320710E1,2.926500533E-2,5.755677121E-4,1.395237516E-3,9.995705485E-1,1.766459985E2,1.617442669E-1,-6.124792804E-2,1.766459083E2
1.150820710E1,2.926108586E-2,5.710574333E-4,1.393891638E-3,9.995706677E-1,1.766464479E2,1.615747419E-1,-6.073645711E-2,1.766463584E2
1.151320710E1,2.926323287E-2,5.735591403E-4,1.390531077E-3,9.995706081E-1,1.766462017E2,1.611983345E-1,-6.103393089E-2,1.766461121E2
1.151820710E1,2.926350242E-2,5.733586731E-4,1.384929754E-3,9.995706081E-1,1.766461708E2,1.605560883E-1,-6.102970915E-2,1.766460816E2
1.152320710E1,2.925962526E-2,5.708818790E-4,1.381829265E-3,9.995707273E-1,1.766466153E2,1.601924082E-1,-6.075702992E-2,1.766465266E2
1.152820710E1,2.926776855E-2,5.774720921E-4,1.379097812E-3,9.995704889E-1,1.766456818E2,1.599021397E-1,-6.151974459E-2,1.766455922E2
1.153320710E1,2.927594885E-2,5.837869830E-4,1.375610591E-3,9.995702505E-1,1.766447440E2,1.595243946E-1,-6.225345755E-2,1.766446536E2
1.153820710E1,2.927609102E-2,5.839120713E-4,1.372528379E-3,9.995702505E-1,1.766447277E2,1.591717785E-1,-6.227810323E-2,1.766446374E2
1.154320710E1,2.926207067E-2,5.730065750E-4,1.372249913E-3,9.995706677E-1,1.766463350E2,1.591024377E-1,-6.103212800E-2,1.766462465E2
1.154820710E1,2.925590163E-2,5.674569984E-4,1.375835855E-3,9.995708466E-1,1.766470422E2,1.594941980E-1,-6.038542594E-2,1.766469544E2
1.155320710E1,2.926788065E-2,5.770782591E-4,1.376881846E-3,9.995704889E-1,1.766456689E2,1.596470031E-1,-6.148204832E-2,1.766455795E2
1.155820710E1,2.927800838E-2,5.850062589E-4,1.374570420E-3,9.995701909E-1,1.766445079E2,1.594094700E-1,-6.239627745E-2,1.766444173E2
1.156320710E1,2.927208902E-2,5.814294564E-4,1.372122788E-3,9.995703697E-1,1.766451865E2,1.591167435E-1,-6.199573647E-2,1.766450967E2
1.156820710E1,2.926599739E-2,5.768710398E-4,1.373724663E-3,9.995705485E-1,1.766458848E2,1.592845602E-1,-6.146920205E-2,1.766457956E2
1.157320710E1,2.927014334E-2,5.790588330E-4,1.371210557E-3,9.995704293E-1,1.766454095E2,1.590041816E-1,-6.172756920E-2,1.766453202E2
1.157820710E1,2.927213459E-2,5.817018100E-4,1.371034770E-3,9.995703697E-1,1.766451812E2,1.589930356E-1,-6.203057493E-2,1.766450915E2
1.158320710E1,2.927824982E-2,5.856828648E-4,1.369128935E-3,9.995701909E-1,1.766444802E2,1.587884735E-1,-6.249199587E-2,1.766443899E2
1.158820710E1,2.927801681E-2,5.849974114E-4,1.374394749E-3,9.995701909E-1,1.766445069E2,1.593893190E-1,-6.239585208E-2,1.766444164E2
1.159320710E1,2.927023634E-2,5.805165856E-4,1.368606463E-3,9.995704293E-1,1.766453989E2,1.587107975E-1,-6.190326353E-2,1.766453094E2
1.159820710E1,2.926221079E-2,5.740427878E-4,1.368824625E-3,9.995706677E-1,1.766463189E2,1.587135797E-1,-6.116228198E-2,1.766462305E2
1.160320710E1,2.925815656E-2,5.702285562E-4,1.370030805E-3,9.995707870E-1,1.766467837E2,1.588387014E-1,-6.072199036E-2,1.766466958E2
1.160820710E1,2.927212221E-2,5.817888887E-4,1.371262129E-3,9.995703697E-1,1.766451827E2,1.590193693E-1,-6.203978843E-2,1.766450928E2
1.161320710E1,2.928043890E-2,5.877838121E-4,1.364923781E-3,9.995701313E-1,1.766442292E2,1.583139910E-1,-6.274640543E-2,1.766441388E2
1.161820710E1,2.927449041E-2,5.831073504E-4,1.363573247E-3,9.995703101E-1,1.766449112E2,1.581432349E-1,-6.221622530E-2,1.766448216E2
1.162320710E1,2.925443329E-2,5.667966325E-4,1.363975229E-3,9.995709062E-1,1.766472105E2,1.581333477E-1,-6.034978191E-2,1.766471236E2
1.162820710E1,2.925416151E-2,5.663097836E-4,1.369993202E-3,9.995709062E-1,1.766472417E2,1.588210138E-1,-6.027388558E-2,1.766471545E2
1.163320710E1,2.926208269E-2,5.734614097E-4,1.371803693E-3,9.995706677E-1,1.766463336E2,1.590528525E-1,-6.108572024E-2,1.766462451E2
1.163820710E1,2.927016108E-2,5.800797953E-4,1.370400074E-3,9.995704293E-1,1.766454075E2,1.589147725E-1,-6.184722835E-2,1.766453180E2
1.164320710E1,2.927210408E-2,5.811077426E-4,1.371937920E-3,9.995703697E-1,1.766451847E2,1.590944900E-1,-6.195950435E-2,1.766450950E2
1.164820710E1,2.925831397E-2,5.699594622E-4,1.366777346E-3,9.995707870E-1,1.766467656E2,1.584651489E-1,-6.070205102E-2,1.766466780E2
1.165320710E1,2.924818056E-2,5.620364100E-4,1.368988072E-3,9.995710850E-1,1.766479273E2,1.586911992E-1,-5.978872214E-2,1.766478409E2
1.165820710E1,2.925802722E-2,5.705189542E-4,1.372669591E-3,9.995707870E-1,1.766467985E2,1.591419208E-1,-6.074642644E-2,1.766467105E2
1.166320710E1,2.927421431E-2,5.828398280E-4,1.369601930E-3,9.995703101E-1,1.766449428E2,1.588328614E-1,-6.216540209E-2,1.766448529E2
1.166820710E1,2.928024121E-2,5.880439421E-4,1.369046513E-3,9.995701313E-1,1.766442519E2,1.587870798E-1,-6.276239938E-2,1.766441612E2
1.167320710E1,2.926601930E-2,5.767124821E-4,1.373324427E-3,9.995705485E-1,1.766458823E2,1.592381857E-1,-6.145237927E-2,1.766457932E2
1.167820710E1,2.925178184E-2,5.651792744E-4,1.377761830E-3,9.995709658E-1,1.766475145E2,1.597069199E-1,-6.011873122E-2,1.766474270E2
1.168320710E1,2.925190470E-2,5.643898039E-4,1.375474967E-3,9.995709658E-1,1.766475004E2,1.594423374E-1,-6.003594955E-2,1.766474132E2
1.168820710E1,2.926012579E-2,5.722415517E-4,1.370622776E-3,9.995707273E-1,1.766465579E2,1.589133771E-1,-6.095026585E-2,1.766464697E2
1.169320710E1,2.927027444E-2,5.793286255E-4,1.368295052E-3,9.995704293E-1,1.766453945E2,1.586711451E-1,-6.176823026E-2,1.766453053E2
1.169820710E1,2.926238993E-2,5.730019184E-4,1.365426928E-3,9.995706677E-1,1.766462984E2,1.583209188E-1,-6.105442342E-2,1.766462103E2
1.170320710E1,2.924640133E-2,5.615331465E-4,1.363675692E-3,9.995711446E-1,1.766481313E2,1.580809117E-1,-5.974916393E-2,1.766480453E2
1.170820710E1,2.923849890E-2,5.545559106E-4,1.361226896E-3,9.995713830E-1,1.766490373E2,1.577765686E-1,-5.895942874E-2,1.766489525E2
1.171320710E1,2.924245000E-2,5.574448733E-4,1.362709794E-3,9.995712638E-1,1.766485843E2,1.579563383E-1,-5.928474472E-2,1.766484990E2
1.171820710E1,2.926042709E-2,5.721052876E-4,1.364232507E-3,9.995707273E-1,1.766465234E2,1.581809801E-1,-6.095603708E-2,1.766464356E2
1.172320710E1,2.926257512E-2,5.743122892E-4,1.360900118E-3,9.995706677E-1,1.766462771E2,1.578068117E-1,-6.121966701E-2,1.766461892E2
1.172820710E1,2.923851779E-2,5.540007842E-4,1.361047034E-3,9.995713830E-1,1.766490351E2,1.577541078E-1,-5.889644284E-2,1.766489504E2
1.173320710E1,2.922426476E-2,5.438632215E-4,1.364823547E-3,9.995718002E-1,1.766506691E2,1.581518884E-1,-5.772486302E-2,1.766505858E2
1.173820710E1,2.922636890E-2,5.458099185E-4,1.362641458E-3,9.995717406E-1,1.766504279E2,1.579085877E-1,-5.795481787E-2,1.766503444E2
1.174320710E1,2.924477204E-2,5.598121788E-4,1.355611254E-3,9.995712042E-1,1.766483181E2,1.571513240E-1,-5.957932404E-2,1.766482328E2
1.174820710E1,2.925493663E-2,5.682318588E-4,1.352534397E-3,9.995709062E-1,1.766471528E2,1.568277265E-1,-6.055245149E-2,1.766470663E2
1.175320710E1,2.924495386E-2,5.595233524E-4,1.351802610E-3,9.995712042E-1,1.766482973E2,1.567141145E-1,-5.955897653E-2,1.766482122E2
1.175820710E1,2.922646787E-2,5.447014119E-4,1.360961352E-3,9.995717406E-1,1.766504165E2,1.577124367E-1,-5.783345810E-2,1.766503333E2
1.176320710E1,2.922420131E-2,5.425666459E-4,1.366696903E-3,9.995718002E-1,1.766506763E2,1.583621217E-1,-5.757008628E-2,1.766505932E2
1.176820710E1,2.923640870E-2,5.524166627E-4,1.363221440E-3,9.995714426E-1,1.766492769E2,1.579977382E-1,-5.870804152E-2,1.766491923E2
1.177320710E1,2.924454448E-2,5.600239965E-4,1.360424329E-3,9.995712042E-1,1.766483442E2,1.577033229E-1,-5.958749204E-2,1.766482586E2
1.177820710E1,2.924827449E-2,5.617371644E-4,1.367102843E-3,9.995710850E-1,1.766479166E2,1.584742625E-1,-5.976074963E-2,1.766478303E2
1.178320710E1,2.924015746E-2,5.557109835E-4,1.368876779E-3,9.995713234E-1,1.766488471E2,1.586567754E-1,-5.906583887E-2,1.766487617E2
1.178820710E1,2.923037725E-2,5.487791495E-4,1.362917013E-3,9.995716214E-1,1.766499683E2,1.579503292E-1,-5.829336476E-2,1.766498844E2
1.179320710E1,2.924251864E-2,5.579296267E-4,1.361037488E-3,9.995712638E-1,1.766485764E2,1.577664164E-1,-5.934586267E-2,1.766484911E2
1.179820710E1,2.925675982E-2,5.697251763E-4,1.356513938E-3,9.995708466E-1,1.766469438E2,1.572886710E-1,-6.070987154E-2,1.766468569E2
1.180320710E1,2.925278519E-2,5.668657250E-4,1.355587621E-3,9.995709658E-1,1.766473995E2,1.571727408E-1,-6.038607370E-2,1.766473130E2
1.180820710E1,2.924872890E-2,5.635109846E-4,1.356610795E-3,9.995710850E-1,1.766478645E2,1.572784481E-1,-5.999902197E-2,1.766477785E2
1.181320710E1,2.924271243E-2,5.580890574E-4,1.356801833E-3,9.995712638E-1,1.766485542E2,1.572817988E-1,-5.937828760E-2,1.766484691E2
1.181820710E1,2.923885130E-2,5.558968987E-4,1.353085972E-3,9.995713830E-1,1.766489969E2,1.568485993E-1,-5.914025029E-2,1.766489123E2
1.182320710E1,2.924895912E-2,5.636056885E-4,1.351598534E-3,9.995710850E-1,1.766478381E2,1.567046615E-1,-6.002663332E-2,1.766477524E2
1.182820710E1,2.925679750E-2,5.691903061E-4,1.355925808E-3,9.995708466E-1,1.766469395E2,1.572195140E-1,-6.065057210E-2,1.766468527E2
1.183320710E1,2.924872605E-2,5.635542911E-4,1.356654102E-3,9.995710850E-1,1.766478648E2,1.572835535E-1,-6.000383769E-2,1.766477788E2
1.183820710E1,2.924676799E-2,5.617334973E-4,1.355706016E-3,9.995711446E-1,1.766480893E2,1.571687369E-1,-5.979876515E-2,1.766480037E2
1.184320710E1,2.924661934E-2,5.609081127E-4,1.359250047E-3,9.995711446E-1,1.766481063E2,1.575719045E-1,-5.969236912E-2,1.766480206E2
1.184820710E1,2.925669648E-2,5.688286037E-4,1.358255278E-3,9.995708466E-1,1.766469511E2,1.574851189E-1,-6.060134780E-2,1.766468642E2
1.185320710E1,2.925680714E-2,5.697235465E-4,1.355493674E-3,9.995708466E-1,1.766469384E2,1.571718047E-1,-6.071309803E-2,1.766468515E2
1.185820710E1,2.925256135E-2,5.657467991E-4,1.360875089E-3,9.995709658E-1,1.766474251E2,1.577746169E-1,-6.024021984E-2,1.766473386E2
1.186320710E1,2.924632905E-2,5.613883259E-4,1.365284435E-3,9.995711446E-1,1.766481396E2,1.582646917E-1,-5.972719559E-2,1.766480535E2
1.186820710E1,2.924443943E-2,5.595448893E-4,1.362877549E-3,9.995712042E-1,1.766483562E2,1.579827094E-1,-5.952440913E-2,1.766482705E2
1.187320710E1,2.924243280E-2,5.584057653E-4,1.362685580E-3,9.995712638E-1,1.766485863E2,1.579567838E-1,-5.939489151E-2,1.766485008E2
1.187820710E1,2.924638565E-2,5.607233034E-4,1.364344847E-3,9.995711446E-1,1.766481331E2,1.581548433E-1,-5.965416233E-2,1.766480471E2
1.188320710E1,2.925599526E-2,5.675402354E-4,1.373809064E-3,9.995708466E-1,1.766470315E2,1.592623287E-1,-6.040174014E-2,1.766469438E2
1.188820710E1,2.926792593E-2,5.778991035E-4,1.375574386E-3,9.995704889E-1,1.766456637E2,1.594999992E-1,-6.158044771E-2,1.766455743E2
1.189320710E1,2.925792220E-2,5.702108028E-4,1.375033869E-3,9.995707870E-1,1.766468106E2,1.594116920E-1,-6.070321980E-2,1.766467224E2
1.189820710E1,2.924773745E-2,5.621979944E-4,1.378356712E-3,9.995710850E-1,1.766479781E2,1.597648234E-1,-5.977590052E-2,1.766478911E2
1.190320710E1,2.925951357E-2,5.709888064E-4,1.384148025E-3,9.995707273E-1,1.766466281E2,1.604583569E-1,-6.076152077E-2,1.766465393E2
1.190820710E1,2.926939240E-2,5.781195941E-4,1.387539203E-3,9.995704293E-1,1.766454956E2,1.608713106E-1,-6.156533780E-2,1.766454054E2
1.191320710E1,2.927334267E-2,5.809113500E-4,1.388915465E-3,9.995703101E-1,1.766450427E2,1.610385602E-1,-6.187985955E-2,1.766449520E2
1.191820710E1,2.926516424E-2,5.749458796E-4,1.392157283E-3,9.995705485E-1,1.766459803E2,1.613893732E-1,-6.118700614E-2,1.766458903E2
1.192320710E1,2.926892889E-2,5.770942662E-4,1.397706219E-3,9.995704293E-1,1.766455487E2,1.620323995E-1,-6.141386807E-2,1.766454581E2
1.192820710E1,2.926895959E-2,5.780007923E-4,1.396688400E-3,9.995704293E-1,1.766455452E2,1.619188585E-1,-6.152111257E-2,1.766454545E2
1.193320710E1,2.927092710E-2,5.792975426E-4,1.397575717E-3,9.995703697E-1,1.766453197E2,1.620249651E-1,-6.166635036E-2,1.766452286E2
1.193820710E1,2.927714412E-2,5.846435088E-4,1.393009443E-3,9.995701909E-1,1.766446069E2,1.615202525E-1,-6.229300196E-2,1.766445153E2
1.194320710E1,2.928304939E-2,5.887249717E-4,1.395473490E-3,9.995700121E-1,1.766439300E2,1.618165556E-1,-6.275127938E-2,1.766438375E2
1.194820710E1,2.927909738E-2,5.866371794E-4,1.393887680E-3,9.995701313E-1,1.766443830E2,1.616276593E-1,-6.251809931E-2,1.766442910E2
1.195320710E1,2.927114473E-2,5.793818273E-4,1.392975100E-3,9.995703697E-1,1.766452947E2,1.614982946E-1,-6.169140120E-2,1.766452040E2
1.195820710E1,2.927093098E-2,5.800796789E-4,1.397170010E-3,9.995703697E-1,1.766453192E2,1.619811183E-1,-6.175729834E-2,1.766452281E2
1.196320710E1,2.928475518E-2,5.909337779E-4,1.401425805E-3,9.995699525E-1,1.766437344E2,1.625058691E-1,-6.298402971E-2,1.766436412E2
1.196820710E1,2.927874819E-2,5.860819947E-4,1.401435467E-3,9.995701313E-1,1.766444231E2,1.624903178E-1,-6.242923934E-2,1.766443307E2
1.197320710E1,2.926889061E-2,5.785263493E-4,1.397915767E-3,9.995704293E-1,1.766455531E2,1.620612029E-1,-6.157720562E-2,1.766454622E2
1.197820710E1,2.927068254E-2,5.791420117E-4,1.402752707E-3,9.995703697E-1,1.766453477E2,1.626174143E-1,-6.163121012E-2,1.766452564E2
1.198320710E1,2.928467097E-2,5.896738148E-4,1.403714414E-3,9.995699525E-1,1.766437441E2,1.627637784E-1,-6.283204405E-2,1.766436509E2
1.198820710E1,2.928454055E-2,5.892184563E-4,1.406623516E-3,9.995699525E-1,1.766437590E2,1.630954581E-1,-6.277014494E-2,1.766436658E2
1.199320710E1,2.927631754E-2,5.829223664E-4,1.410986762E-3,9.995701909E-1,1.766447017E2,1.635735953E-1,-6.203567949E-2,1.766446092E2
1.199820710E1,2.927808404E-2,5.850350717E-4,1.415675855E-3,9.995701313E-1,1.766444992E2,1.641178945E-1,-6.226165213E-2,1.766444061E2
1.200320710E1,2.928778236E-2,5.912801716E-4,1.422881498E-3,9.995698333E-1,1.766433874E2,1.649648126E-1,-6.295120406E-2,1.766432928E2
1.200820710E1,2.929001233E-2,5.932342610E-4,1.418029657E-3,9.995697737E-1,1.766431317E2,1.644157699E-1,-6.319094705E-2,1.766430371E2
1.201320710E1,2.927971300E-2,5.862760008E-4,1.423535752E-3,9.995700717E-1,1.766443124E2,1.650224529E-1,-6.237715122E-2,1.766442186E2
1.201820710E1,2.928352532E-2,5.879229866E-4,1.428136718E-3,9.995699525E-1,1.766438754E2,1.655552245E-1,-6.254973173E-2,1.766437810E2
1.202320710E1,2.928940318E-2,5.928077735E-4,1.430733246E-3,9.995697737E-1,1.766432016E2,1.658694015E-1,-6.309955784E-2,1.766431062E2
1.202820710E1,2.927730892E-2,5.833386676E-4,1.432308462E-3,9.995701313E-1,1.766445881E2,1.660172964E-1,-6.201166643E-2,1.766444942E2
1.203320710E1,2.928122066E-2,5.863698316E-4,1.434298465E-3,9.995700121E-1,1.766441396E2,1.662556508E-1,-6.235153586E-2,1.766440451E2
1.203820710E1,2.928709388E-2,5.906246370E-4,1.437252155E-3,9.995698333E-1,1.766434663E2,1.666086209E-1,-6.282800112E-2,1.766433709E2
1.204320710E1,2.929114021E-2,5.945777521E-4,1.436070190E-3,9.995697141E-1,1.766430024E2,1.664867598E-1,-6.328409290E-2,1.766429064E2
1.204820710E1,2.928481830E-2,5.884586135E-4,1.443043700E-3,9.995698929E-1,1.766437272E2,1.672645872E-1,-6.256084330E-2,1.766436318E2
1.205320710E1,2.927867892E-2,5.847847206E-4,1.445252448E-3,9.995700717E-1,1.766444310E2,1.675048714E-1,-6.213364365E-2,1.766443361E2
1.205820710E1,2.927893389E-2,5.848411820E-4,1.440054970E-3,9.995700717E-1,1.766444018E2,1.669097440E-1,-6.215750681E-2,1.766443072E2
1.206320710E1,2.928285449E-2,5.879406817E-4,1.441819011E-3,9.995699525E-1,1.766439523E2,1.671224471E-1,-6.250595646E-2,1.766438571E2
1.206820710E1,2.927878082E-2,5.846257554E-4,1.443251153E-3,9.995700717E-1,1.766444193E2,1.672751107E-1,-6.212213308E-2,1.766443246E2
1.207320710E1,2.927882228E-2,5.836482160E-4,1.442805515E-3,9.995700717E-1,1.766444146E2,1.672207887E-1,-6.201165171E-2,1.766443200E2
1.207820710E1,2.928090546E-2,5.854315241E-4,1.441100496E-3,9.995700121E-1,1.766441757E2,1.670316048E-1,-6.222128854E-2,1.766440810E2
1.208320710E1,2.927284456E-2,5.799420178E-4,1.441711327E-3,9.995702505E-1,1.766450999E2,1.670826536E-1,-6.159180560E-2,1.766450060E2
1.208820710E1,2.927265772E-2,5.793673918E-4,1.445730333E-3,9.995702505E-1,1.766451213E2,1.675410619E-1,-6.151253607E-2,1.766450273E2
1.209320710E1,2.928259762E-2,5.867721047E-4,1.447500777E-3,9.995699525E-1,1.766439818E2,1.677693137E-1,-6.235308195E-2,1.766438864E2
1.209820710E1,2.927680960E-2,5.835642805E-4,1.442387467E-3,9.995701313E-1,1.766446453E2,1.671724980E-1,-6.200377680E-2,1.766445508E2
1.210320710E1,2.926482123E-2,5.730191479E-4,1.442063833E-3,9.995704889E-1,1.766460197E2,1.670993183E-1,-6.079900265E-2,1.766459270E2
1.210820710E1,2.926070200E-2,5.703758216E-4,1.444068621E-3,9.995706081E-1,1.766464919E2,1.673198377E-1,-6.049019607E-2,1.766463995E2
1.211320710E1,2.926891976E-2,5.761754001E-4,1.440255088E-3,9.995703697E-1,1.766455498E2,1.669029761E-1,-6.116590871E-2,1.766454567E2
1.211820710E1,2.927508930E-2,5.811700830E-4,1.436954713E-3,9.995701909E-1,1.766448425E2,1.665420771E-1,-6.174805321E-2,1.766447487E2
1.212320710E1,2.927300804E-2,5.794413155E-4,1.438589883E-3,9.995702505E-1,1.766450811E2,1.667234456E-1,-6.154489766E-2,1.766449875E2
1.212820710E1,2.926903510E-2,5.770061980E-4,1.437576138E-3,9.995703697E-1,1.766455366E2,1.665989159E-1,-6.127003641E-2,1.766454435E2
1.213320710E1,2.926289635E-2,5.725052906E-4,1.440013060E-3,9.995705485E-1,1.766462403E2,1.668625771E-1,-6.074734302E-2,1.766461478E2
1.213820710E1,2.926095491E-2,5.702432827E-4,1.438987441E-3,9.995706081E-1,1.766464629E2,1.667373967E-1,-6.049201040E-2,1.766463709E2
1.214320710E1,2.926701347E-2,5.751428544E-4,1.438037492E-3,9.995704293E-1,1.766457683E2,1.666453870E-1,-6.105539427E-2,1.766456755E2
1.214820710E1,2.926515163E-2,5.738320760E-4,1.435018261E-3,9.995704889E-1,1.766459818E2,1.662950464E-1,-6.091569042E-2,1.766458894E2
1.215320710E1,2.925715933E-2,5.677811569E-4,1.434322330E-3,9.995707273E-1,1.766468980E2,1.661945575E-1,-6.022626655E-2,1.766468067E2
1.215820710E1,2.925107760E-2,5.625630147E-4,1.435804996E-3,9.995709062E-1,1.766475952E2,1.663465273E-1,-5.962460921E-2,1.766475047E2
1.216320710E1,2.925100595E-2,5.625402555E-4,1.437272877E-3,9.995709062E-1,1.766476034E2,1.665145818E-1,-5.961709388E-2,1.766475128E2
1.216820710E1,2.926728630E-2,5.761196371E-4,1.432081568E-3,9.995704293E-1,1.766457371E2,1.659664726E-1,-6.118720724E-2,1.766456444E2
1.217320710E1,2.927540189E-2,5.815236946E-4,1.430428354E-3,9.995701909E-1,1.766448067E2,1.657957365E-1,-6.181039932E-2,1.766447132E2
1.217820710E1,2.926117031E-2,5.705593503E-4,1.434474951E-3,9.995706081E-1,1.766464382E2,1.662215970E-1,-6.054330879E-2,1.766463464E2
1.218320710E1,2.925313960E-2,5.649389350E-4,1.434356906E-3,9.995708466E-1,1.766473588E2,1.661887473E-1,-5.990126405E-2,1.766472680E2
1.218820710E1,2.926354557E-2,5.730425473E-4,1.426543226E-3,9.995705485E-1,1.766461659E2,1.653215478E-1,-6.085394374E-2,1.766460741E2
1.219320710E1,2.926756144E-2,5.767160910E-4,1.426206320E-3,9.995704293E-1,1.766457055E2,1.652955236E-1,-6.127518586E-2,1.766456132E2
1.219820710E1,2.926753297E-2,5.751763238E-4,1.427412033E-3,9.995704293E-1,1.766457088E2,1.654284629E-1,-6.109477814E-2,1.766456166E2
1.220320710E1,2.925701532E-2,5.670416867E-4,1.437548897E-3,9.995707273E-1,1.766469145E2,1.665616491E-1,-6.013077210E-2,1.766468231E2
1.220820710E1,2.924723925E-2,5.602713209E-4,1.431897283E-3,9.995710254E-1,1.766480353E2,1.658910171E-1,-5.937584882E-2,1.766479453E2
1.221320710E1,2.924532053E-2,5.581182777E-4,1.430318342E-3,9.995710850E-1,1.766482552E2,1.657028310E-1,-5.913484405E-2,1.766481658E2
1.221820710E1,2.925128076E-2,5.622751196E-4,1.431773300E-3,9.995709062E-1,1.766475719E2,1.658837731E-1,-5.960511362E-2,1.766474817E2
1.222320710E1,2.926102157E-2,5.702283233E-4,1.437637256E-3,9.995706081E-1,1.766464552E2,1.665826968E-1,-6.049481319E-2,1.766463633E2
1.222820710E1,2.924900980E-2,5.615369882E-4,1.436835970E-3,9.995709658E-1,1.766478323E2,1.664610553E-1,-5.950397417E-2,1.766477419E2
1.223320710E1,2.924703140E-2,5.594275426E-4,1.436465303E-3,9.995710254E-1,1.766480591E2,1.664114101E-1,-5.926392492E-2,1.766479690E2
1.223820710E1,2.924882644E-2,5.605366314E-4,1.440953230E-3,9.995709658E-1,1.766478533E2,1.669292934E-1,-5.937562133E-2,1.766477628E2
1.224320710E1,2.926083791E-2,5.695436848E-4,1.441641129E-3,9.995706081E-1,1.766464763E2,1.670390041E-1,-6.040299812E-2,1.766463842E2
1.224820710E1,2.927510962E-2,5.815648474E-4,1.436381019E-3,9.995701909E-1,1.766448402E2,1.664776902E-1,-6.179519167E-2,1.766447464E2
1.225320710E1,2.926896973E-2,5.763639347E-4,1.439163811E-3,9.995703697E-1,1.766455441E2,1.667786138E-1,-6.119115578E-2,1.766454510E2
1.225820710E1,2.925685374E-2,5.676024593E-4,1.440612716E-3,9.995707273E-1,1.766469331E2,1.669144575E-1,-6.018475925E-2,1.766468414E2
1.226320710E1,2.925686497E-2,5.674760323E-4,1.440434484E-3,9.995707273E-1,1.766469318E2,1.668936191E-1,-6.017087367E-2,1.766468401E2
1.226820710E1,2.925701865E-2,5.670867395E-4,1.437463216E-3,9.995707273E-1,1.766469141E2,1.665519861E-1,-6.013621926E-2,1.766468227E2
1.227320710E1,2.927118197E-2,5.777602782E-4,1.435003243E-3,9.995703101E-1,1.766452905E2,1.663068710E-1,-6.136468305E-2,1.766451974E2
1.227820710E1,2.927098464E-2,5.774764577E-4,1.439136686E-3,9.995703101E-1,1.766453131E2,1.667793621E-1,-6.131834158E-2,1.766452198E2
1.228320710E1,2.926084111E-2,5.706840893E-4,1.441125176E-3,9.995706081E-1,1.766464759E2,1.669837298E-1,-6.053535230E-2,1.766463837E2
1.228820710E1,2.925680552E-2,5.671285326E-4,1.441778149E-3,9.995707273E-1,1.766469386E2,1.670463575E-1,-6.012657527E-2,1.766468469E2
1.229320710E1,2.926096002E-2,5.703725037E-4,1.438832260E-3,9.995706081E-1,1.766464623E2,1.667200554E-1,-6.050733118E-2,1.766463703E2
1.229820710E1,2.927083935E-2,5.783524248E-4,1.441737521E-3,9.995703101E-1,1.766453297E2,1.670801980E-1,-6.140997720E-2,1.766452361E2
1.230320710E1,2.927307889E-2,5.791940494E-4,1.437247149E-3,9.995702505E-1,1.766450730E2,1.665688201E-1,-6.152106766E-2,1.766449795E2
1.230820710E1,2.926102647E-2,5.702007329E-4,1.437548432E-3,9.995706081E-1,1.766464547E2,1.665724304E-1,-6.049194994E-2,1.766463627E2
1.231320710E1,2.925305577E-2,5.635590642E-4,1.436607679E-3,9.995708466E-1,1.766473685E2,1.664419260E-1,-5.973567912E-2,1.766472777E2
1.231820710E1,2.926318329E-2,5.715842708E-4,1.434537466E-3,9.995705485E-1,1.766462074E2,1.662323167E-1,-6.066016124E-2,1.766461154E2
1.232320710E1,2.926134785E-2,5.702250055E-4,1.430982142E-3,9.995706081E-1,1.766464178E2,1.658204110E-1,-6.051669470E-2,1.766463263E2
1.232820710E1,2.925948252E-2,5.691627157E-4,1.427908661E-3,9.995706677E-1,1.766466317E2,1.654646913E-1,-6.040563227E-2,1.766465405E2
1.233320710E1,2.925328893E-2,5.648253136E-4,1.431352925E-3,9.995708466E-1,1.766473417E2,1.658442913E-1,-5.989829493E-2,1.766472511E2
1.233820710E1,2.925717761E-2,5.667058867E-4,1.434374717E-3,9.995707273E-1,1.766468959E2,1.661969539E-1,-6.010292386E-2,1.766468048E2
1.234320710E1,2.925514245E-2,5.661774194E-4,1.434556907E-3,9.995707870E-1,1.766471292E2,1.662159282E-1,-6.004211954E-2,1.766470382E2
1.234820710E1,2.925519913E-2,5.654889392E-4,1.433672383E-3,9.995707870E-1,1.766471227E2,1.661123077E-1,-5.996621529E-2,1.766470318E2
1.235320710E1,2.925310065E-2,5.645129713E-4,1.435318612E-3,9.995708466E-1,1.766473633E2,1.662974734E-1,-5.984925574E-2,1.766472725E2
1.235820710E1,2.925102916E-2,5.624301266E-4,1.436843537E-3,9.995709062E-1,1.766476008E2,1.664650362E-1,-5.960591474E-2,1.766475102E2
1.236320710E1,2.925112615E-2,5.623867037E-4,1.434884616E-3,9.995709062E-1,1.766475897E2,1.662405164E-1,-5.960749117E-2,1.766474992E2
1.236820710E1,2.924917684E-2,5.610718508E-4,1.433613827E-3,9.995709658E-1,1.766478131E2,1.660904332E-1,-5.946146838E-2,1.766477230E2
1.237320710E1,2.925300784E-2,5.647904472E-4,1.437099883E-3,9.995708466E-1,1.766473739E2,1.665024296E-1,-5.987508269E-2,1.766472830E2
1.237820710E1,2.925101010E-2,5.621078890E-4,1.437357627E-3,9.995709062E-1,1.766476030E2,1.665228402E-1,-5.956728480E-2,1.766475124E2
1.238320710E1,2.924689175E-2,5.593056558E-4,1.439353335E-3,9.995710254E-1,1.766480751E2,1.667417962E-1,-5.924030760E-2,1.766479849E2
1.238820710E1,2.924887707E-2,5.609395448E-4,1.439768355E-3,9.995709658E-1,1.766478475E2,1.667949282E-1,-5.942573498E-2,1.766477570E2
1.239320710E1,2.925866848E-2,5.680933245E-4,1.444913563E-3,9.995706677E-1,1.766467250E2,1.674088432E-1,-6.022626081E-2,1.766466330E2
1.239820710E1,2.925889830E-2,5.684688222E-4,1.440104214E-3,9.995706677E-1,1.766466987E2,1.668592404E-1,-6.028535807E-2,1.766466069E2
1.240320710E1,2.924484125E-2,5.576682161E-4,1.440259046E-3,9.995710850E-1,1.766483102E2,1.668399295E-1,-5.905005801E-2,1.766482202E2
1.240820710E1,2.924067469E-2,5.541686551E-4,1.443469315E-3,9.995712042E-1,1.766487878E2,1.671956692E-1,-5.863914811E-2,1.766486983E2
1.241320710E1,2.924881288E-2,5.613663234E-4,1.440905500E-3,9.995709658E-1,1.766478549E2,1.669266065E-1,-5.947081850E-2,1.766477642E2
1.241820710E1,2.925703147E-2,5.665362696E-4,1.437419443E-3,9.995707273E-1,1.766469127E2,1.665451274E-1,-6.007331174E-2,1.766468214E2
1.242320710E1,2.925090802E-2,5.629743100E-4,1.439094893E-3,9.995709062E-1,1.766476147E2,1.667247296E-1,-5.966072045E-2,1.766475239E2
1.242820710E1,2.924078740E-2,5.540776183E-4,1.441219472E-3,9.995712042E-1,1.766487749E2,1.669376677E-1,-5.863624055E-2,1.766486855E2
1.243320710E1,2.924488701E-2,5.581318401E-4,1.439149724E-3,9.995710850E-1,1.766483049E2,1.667144213E-1,-5.910687267E-2,1.766482149E2
1.243820710E1,2.925914661E-2,5.687352968E-4,1.434944686E-3,9.995706677E-1,1.766466702E2,1.662691629E-1,-6.033313888E-2,1.766465787E2
1.244320710E1,2.926731416E-2,5.749643897E-4,1.431976561E-3,9.995704293E-1,1.766457339E2,1.659505718E-1,-6.105523003E-2,1.766456414E2
1.244820710E1,2.926920235E-2,5.765503156E-4,1.434350270E-3,9.995703697E-1,1.766455174E2,1.662278976E-1,-6.122861058E-2,1.766454246E2
1.245320710E1,2.925325592E-2,5.639228621E-4,1.432383084E-3,9.995708466E-1,1.766473455E2,1.659592611E-1,-5.979147806E-2,1.766472549E2
1.245820710E1,2.924333145E-2,5.560516147E-4,1.430137549E-3,9.995711446E-1,1.766484833E2,1.656750788E-1,-5.889905902E-2,1.766483942E2
1.246320710E1,2.924315598E-2,5.566035979E-4,1.433506957E-3,9.995711446E-1,1.766485034E2,1.660628595E-1,-5.895102235E-2,1.766484140E2
1.246820710E1,2.925131033E-2,5.634701811E-4,1.430698787E-3,9.995709062E-1,1.766475686E2,1.657647033E-1,-5.974559576E-2,1.766474782E2
1.247320710E1,2.925553737E-2,5.668053636E-4,1.426231000E-3,9.995707870E-1,1.766470840E2,1.652643856E-1,-6.014189298E-2,1.766469933E2
1.247820710E1,2.924734825E-2,5.596803385E-4,1.429900643E-3,9.995710254E-1,1.766480228E2,1.656603423E-1,-5.931483009E-2,1.766479331E2
1.248320710E1,2.924512060E-2,5.570663488E-4,1.434809295E-3,9.995710850E-1,1.766482781E2,1.662136996E-1,-5.899933600E-2,1.766481886E2
1.248820710E1,2.925130529E-2,5.634995177E-4,1.430790289E-3,9.995709062E-1,1.766475691E2,1.657752823E-1,-5.974865017E-2,1.766474787E2
1.249320710E1,2.926942553E-2,5.776453181E-4,1.429346739E-3,9.995703697E-1,1.766454918E2,1.656584667E-1,-6.137078010E-2,1.766453991E2
1.249820710E1,2.927341138E-2,5.800432409E-4,1.430115080E-3,9.995702505E-1,1.766450349E2,1.657547637E-1,-6.164220576E-2,1.766449417E2
1.250320710E1,2.926496410E-2,5.737172905E-4,1.438883482E-3,9.995704889E-1,1.766460033E2,1.667373827E-1,-6.088961135E-2,1.766459107E2
1.250820710E1,2.926693902E-2,5.745557137E-4,1.439786516E-3,9.995704293E-1,1.766457769E2,1.668437510E-1,-6.098228825E-2,1.766456840E2
1.251320710E1,2.925920381E-2,5.698314053E-4,1.433342695E-3,9.995706677E-1,1.766466636E2,1.660893454E-1,-6.046405165E-2,1.766465720E2
1.251820710E1,2.926287163E-2,5.711703561E-4,1.441045199E-3,9.995705485E-1,1.766462432E2,1.669763227E-1,-6.059097944E-2,1.766461508E2
1.252320710E1,2.926681968E-2,5.743853399E-4,1.442278037E-3,9.995704293E-1,1.766457905E2,1.671285576E-1,-6.095443702E-2,1.766456976E2
1.252820710E1,2.925907393E-2,5.689027603E-4,1.436359598E-3,9.995706677E-1,1.766466785E2,1.664317878E-1,-6.034758852E-2,1.766465869E2
1.253320710E1,2.924700792E-2,5.597434938E-4,1.436820254E-3,9.995710254E-1,1.766480618E2,1.664531247E-1,-5.929892901E-2,1.766479717E2
1.253820710E1,2.924696203E-2,5.594955874E-4,1.437850529E-3,9.995710254E-1,1.766480670E2,1.665703016E-1,-5.926708783E-2,1.766479769E2
1.254320710E1,2.925888884E-2,5.678311572E-4,1.440547872E-3,9.995706677E-1,1.766466997E2,1.669079195E-1,-6.021083243E-2,1.766466080E2
1.254820710E1,2.926492547E-2,5.733688595E-4,1.439807704E-3,9.995704889E-1,1.766460077E2,1.668420746E-1,-6.084660820E-2,1.766459151E2
1.255320710E1,2.925272485E-2,5.639097071E-4,1.443193178E-3,9.995708466E-1,1.766474064E2,1.671974024E-1,-5.975382173E-2,1.766473152E2
1.255820710E1,2.924862148E-2,5.595779512E-4,1.445479109E-3,9.995709658E-1,1.766478768E2,1.674444741E-1,-5.925067644E-2,1.766477862E2
1.256320710E1,2.924461747E-2,5.564892199E-4,1.445250353E-3,9.995710850E-1,1.766483358E2,1.674076827E-1,-5.889832300E-2,1.766482458E2
1.256820710E1,2.924899992E-2,5.610769149E-4,1.437216881E-3,9.995709658E-1,1.766478334E2,1.665031431E-1,-5.945000117E-2,1.766477430E2
1.257320710E1,2.925530471E-2,5.654376000E-4,1.431536512E-3,9.995707870E-1,1.766471106E2,1.658674934E-1,-5.996747776E-2,1.766470199E2
1.257820710E1,2.924305231E-2,5.559810670E-4,1.435861457E-3,9.995711446E-1,1.766485153E2,1.663304579E-1,-5.887184319E-2,1.766484258E2
1.258320710E1,2.923283452E-2,5.487477174E-4,1.439233311E-3,9.995714426E-1,1.766496866E2,1.666918450E-1,-5.803372221E-2,1.766495982E2
1.258820710E1,2.923669415E-2,5.504727596E-4,1.442962908E-3,9.995713234E-1,1.766492442E2,1.671250472E-1,-5.821817362E-2,1.766491553E2
1.259320710E1,2.925283827E-2,5.636988790E-4,1.440974884E-3,9.995708466E-1,1.766473934E2,1.669426130E-1,-5.973709021E-2,1.766473023E2
1.259820710E1,2.925683581E-2,5.677159061E-4,1.440932159E-3,9.995707273E-1,1.766469351E2,1.669514267E-1,-6.019668571E-2,1.766468434E2
1.260320710E1,2.924497698E-2,5.581902224E-4,1.437297673E-3,9.995710850E-1,1.766482946E2,1.665024833E-1,-5.911975174E-2,1.766482047E2
1.260820710E1,2.923495342E-2,5.504353321E-4,1.436944003E-3,9.995713830E-1,1.766494437E2,1.664353986E-1,-5.823434198E-2,1.766493552E2
1.261320710E1,2.923688823E-2,5.504618166E-4,1.439029234E-3,9.995713234E-1,1.766492219E2,1.666744481E-1,-5.823006708E-2,1.766491332E2
1.261820710E1,2.925714561E-2,5.669314996E-4,1.434938284E-3,9.995707273E-1,1.766468996E2,1.662622608E-1,-6.012688194E-2,1.766468084E2
1.262320710E1,2.926361168E-2,5.732300924E-4,1.425110968E-3,9.995705485E-1,1.766461583E2,1.651581262E-1,-6.088021768E-2,1.766460666E2
1.262820710E1,2.925152581E-2,5.636650021E-4,1.426209579E-3,9.995709062E-1,1.766475438E2,1.652511634E-1,-5.978292345E-2,1.766474537E2
1.263320710E1,2.924532305E-2,5.575362593E-4,1.430493779E-3,9.995710850E-1,1.766482549E2,1.657209756E-1,-5.906758987E-2,1.766481656E2
1.263820710E1,2.924729236E-2,5.599319120E-4,1.430945005E-3,9.995710254E-1,1.766480292E2,1.657808063E-1,-5.934015493E-2,1.766479394E2
1.264320710E1,2.926178703E-2,5.709619727E-4,1.421677414E-3,9.995706081E-1,1.766463675E2,1.647571208E-1,-6.063223689E-2,1.766462764E2
1.264820710E1,2.925978884E-2,5.700191250E-4,1.421274617E-3,9.995706677E-1,1.766465966E2,1.647077006E-1,-6.052592081E-2,1.766465056E2
1.265320710E1,2.925561716E-2,5.671886029E-4,1.424440998E-3,9.995707870E-1,1.766470748E2,1.650606437E-1,-6.019177799E-2,1.766469842E2
1.265820710E1,2.925965880E-2,5.701517221E-4,1.423896174E-3,9.995706677E-1,1.766466115E2,1.650084174E-1,-6.053234013E-2,1.766465204E2
1.266320710E1,2.925602832E-2,5.670487881E-4,1.416027080E-3,9.995707870E-1,1.766470277E2,1.640964471E-1,-6.020390377E-2,1.766469376E2
1.266820710E1,2.925612389E-2,5.664349883E-4,1.414297149E-3,9.995707870E-1,1.766470167E2,1.638962440E-1,-6.013938174E-2,1.766469268E2
1.267320710E1,2.925993426E-2,5.704449723E-4,1.418106607E-3,9.995706677E-1,1.766465799E2,1.643462650E-1,-6.058529686E-2,1.766464891E2
1.267820710E1,2.926007198E-2,5.702259368E-4,1.415350358E-3,9.995706677E-1,1.766465641E2,1.640298308E-1,-6.056942722E-2,1.766464735E2
1.268320710E1,2.925016020E-2,5.618160940E-4,1.413112506E-3,9.995709658E-1,1.766477004E2,1.637447101E-1,-5.961527107E-2,1.766476113E2
1.268820710E1,2.924205681E-2,5.560855498E-4,1.414441853E-3,9.995712042E-1,1.766486294E2,1.638772898E-1,-5.895575334E-2,1.766485412E2
1.269320710E1,2.924776457E-2,5.599118304E-4,1.421268447E-3,9.995710254E-1,1.766479750E2,1.646723880E-1,-5.937020875E-2,1.766478858E2
1.269820710E1,2.924573608E-2,5.590158398E-4,1.421443536E-3,9.995710850E-1,1.766482076E2,1.646893196E-1,-5.926732720E-2,1.766481185E2
1.270320710E1,2.924378532E-2,5.573215894E-4,1.420328976E-3,9.995711446E-1,1.766484312E2,1.645558612E-1,-5.907732013E-2,1.766483425E2
1.270820710E1,2.923956365E-2,5.544515443E-4,1.424466958E-3,9.995712638E-1,1.766489152E2,1.650199703E-1,-5.873540797E-2,1.766488267E2
1.271320710E1,2.924767600E-2,5.594219547E-4,1.423282549E-3,9.995710254E-1,1.766479852E2,1.649014413E-1,-5.930736127E-2,1.766478959E2
1.271820710E1,2.924765125E-2,5.605011247E-4,1.423366601E-3,9.995710254E-1,1.766479880E2,1.649146846E-1,-5.943069440E-2,1.766478986E2
1.272320710E1,2.924937728E-2,5.613412359E-4,1.429412630E-3,9.995709658E-1,1.766477902E2,1.656101318E-1,-5.950637276E-2,1.766477002E2
1.272820710E1,2.925342150E-2,5.642324686E-4,1.428875141E-3,9.995708466E-1,1.766473265E2,1.655584998E-1,-5.983867329E-2,1.766472361E2
1.273320710E1,2.924738400E-2,5.594959948E-4,1.429241500E-3,9.995710254E-1,1.766480187E2,1.655842265E-1,-5.929591818E-2,1.766479290E2
1.273820710E1,2.923557925E-2,5.498246755E-4,1.424390241E-3,9.995713830E-1,1.766493720E2,1.649954468E-1,-5.820634982E-2,1.766492843E2
1.274320710E1,2.923361281E-2,5.486290902E-4,1.423382782E-3,9.995714426E-1,1.766495974E2,1.648759298E-1,-5.807310411E-2,1.766495099E2
1.274820710E1,2.922948048E-2,5.458646338E-4,1.425593509E-3,9.995715618E-1,1.766500711E2,1.651196524E-1,-5.774973308E-2,1.766499840E2
1.275320710E1,2.923179395E-2,5.478255334E-4,1.419183565E-3,9.995715022E-1,1.766498059E2,1.643921424E-1,-5.799542931E-2,1.766497188E2
1.275820710E1,2.923363291E-2,5.491853808E-4,1.422755304E-3,9.995714426E-1,1.766495951E2,1.648059216E-1,-5.813892176E-2,1.766495076E2
1.276320710E1,2.923548704E-2,5.503396969E-4,1.426082919E-3,9.995713830E-1,1.766493825E2,1.651910510E-1,-5.825968599E-2,1.766492946E2
1.276820710E1,2.923344016E-2,5.493139033E-4,1.426660805E-3,9.995714426E-1,1.766496172E2,1.652536877E-1,-5.814059141E-2,1.766495294E2
1.277320710E1,2.922950426E-2,5.463896669E-4,1.424904563E-3,9.995715618E-1,1.766500684E2,1.650424987E-1,-5.781217540E-2,1.766499812E2
1.277820710E1,2.922350848E-2,5.409396836E-4,1.424526446E-3,9.995717406E-1,1.766507558E2,1.649805892E-1,-5.719017689E-2,1.766506695E2
1.278320710E1,2.922541577E-2,5.421090173E-4,1.426775474E-3,9.995716810E-1,1.766505371E2,1.652422246E-1,-5.731626833E-2,1.766504506E2
1.278820710E1,2.922944798E-2,5.463121342E-4,1.426088391E-3,9.995715618E-1,1.766500749E2,1.651778346E-1,-5.779933864E-2,1.766499876E2
1.279320710E1,2.923768052E-2,5.519998376E-4,1.422244939E-3,9.995713234E-1,1.766491311E2,1.647571287E-1,-5.846233918E-2,1.766490431E2
1.279820710E1,2.922560971E-2,5.433494225E-4,1.422324218E-3,9.995716810E-1,1.766505149E2,1.647365309E-1,-5.747322309E-2,1.766504284E2
1.280320710E1,2.922141382E-2,5.399003858E-4,1.426065573E-3,9.995718002E-1,1.766509959E2,1.651532849E-1,-5.706632489E-2,1.766509098E2
1.280820710E1,2.923155436E-2,5.469648750E-4,1.424440765E-3,9.995715022E-1,1.766498334E2,1.649914194E-1,-5.787927629E-2,1.766497462E2
1.281320710E1,2.923773718E-2,5.526536843E-4,1.420825603E-3,9.995713234E-1,1.766491246E2,1.645967482E-1,-5.854197852E-2,1.766490366E2
1.281820710E1,2.923789274E-2,5.533202202E-4,1.417360851E-3,9.995713234E-1,1.766491068E2,1.642021285E-1,-5.862990825E-2,1.766490189E2
1.282320710E1,2.923993870E-2,5.550756468E-4,1.416502986E-3,9.995712638E-1,1.766488722E2,1.641098686E-1,-5.883351751E-2,1.766487841E2
1.282820710E1,2.923993159E-2,5.536347744E-4,1.417213585E-3,9.995712638E-1,1.766488730E2,1.641864339E-1,-5.866609658E-2,1.766487851E2
1.283320710E1,2.924204493E-2,5.560605205E-4,1.414697152E-3,9.995712042E-1,1.766486307E2,1.639064479E-1,-5.895203287E-2,1.766485425E2
1.283820710E1,2.924237802E-2,5.558352568E-4,1.407884294E-3,9.995712042E-1,1.766485926E2,1.631253494E-1,-5.894900603E-2,1.766485048E2
1.284320710E1,2.924031789E-2,5.549368798E-4,1.408708631E-3,9.995712638E-1,1.766488287E2,1.632166393E-1,-5.884367775E-2,1.766487411E2
1.284820710E1,2.923833659E-2,5.531839561E-4,1.408228534E-3,9.995713234E-1,1.766490559E2,1.631556575E-1,-5.864482566E-2,1.766489685E2
1.285320710E1,2.924028794E-2,5.542266299E-4,1.409609569E-3,9.995712638E-1,1.766488322E2,1.633174534E-1,-5.875931003E-2,1.766487446E2
1.285820710E1,2.924825758E-2,5.603340687E-4,1.410918776E-3,9.995710254E-1,1.766479185E2,1.634883533E-1,-5.945318069E-2,1.766478298E2
1.286320710E1,2.925843987E-2,5.686024087E-4,1.407627831E-3,9.995707273E-1,1.766467512E2,1.631397294E-1,-6.040962484E-2,1.766466613E2
1.286820710E1,2.924838600E-2,5.613623653E-4,1.407844597E-3,9.995710254E-1,1.766479038E2,1.631396829E-1,-5.958124703E-2,1.766478151E2
1.287320710E1,2.924642043E-2,5.588963395E-4,1.407340285E-3,9.995710850E-1,1.766481291E2,1.630735353E-1,-5.930079343E-2,1.766480409E2
1.287820710E1,2.926255114E-2,5.720683839E-4,1.405412098E-3,9.995706081E-1,1.766462799E2,1.628978051E-1,-6.081338499E-2,1.766461896E2
1.288320710E1,2.926877748E-2,5.777946208E-4,1.400584588E-3,9.995704293E-1,1.766455661E2,1.623644353E-1,-6.148445869E-2,1.766454751E2
1.288820710E1,2.926263805E-2,5.721529596E-4,1.403566799E-3,9.995706081E-1,1.766462699E2,1.626867286E-1,-6.082924625E-2,1.766461797E2
1.289320710E1,2.924232578E-2,5.569136119E-4,1.408543088E-3,9.995712042E-1,1.766485985E2,1.632044202E-1,-5.907032436E-2,1.766485106E2
1.289820710E1,2.924807586E-2,5.613197573E-4,1.414290047E-3,9.995710254E-1,1.766479394E2,1.638778009E-1,-5.955481417E-2,1.766478503E2
1.290320710E1,2.926240174E-2,5.725065712E-4,1.408341341E-3,9.995706081E-1,1.766462970E2,1.632347887E-1,-6.085377767E-2,1.766462065E2
1.290820710E1,2.925880843E-2,5.689543905E-4,1.399803092E-3,9.995707273E-1,1.766467090E2,1.622446655E-1,-6.047611713E-2,1.766466195E2
1.291320710E1,2.924865559E-2,5.622408935E-4,1.401880523E-3,9.995710254E-1,1.766478729E2,1.624595027E-1,-5.970182182E-2,1.766477844E2
1.291820710E1,2.924774415E-2,5.603558384E-4,1.421513734E-3,9.995710254E-1,1.766479774E2,1.647019708E-1,-5.942024776E-2,1.766478881E2
1.292320710E1,2.923999103E-2,5.550966598E-4,1.415414154E-3,9.995712638E-1,1.766488662E2,1.639852243E-1,-5.883956420E-2,1.766487781E2
1.292820710E1,2.925318768E-2,5.635081907E-4,1.433938975E-3,9.995708466E-1,1.766473533E2,1.661360828E-1,-5.973877618E-2,1.766472627E2
1.293320710E1,2.925581116E-2,5.670713144E-4,1.420497778E-3,9.995707870E-1,1.766470526E2,1.646085952E-1,-6.019153135E-2,1.766469622E2
1.293820710E1,2.925743580E-2,5.682686460E-4,1.428477932E-3,9.995707273E-1,1.766468663E2,1.655267757E-1,-6.030165357E-2,1.766467753E2
1.294320710E1,2.924774651E-2,5.596213159E-4,1.421754365E-3,9.995710254E-1,1.766479771E2,1.647270714E-1,-5.933530688E-2,1.766478879E2
1.294820710E1,2.924570928E-2,5.592603120E-4,1.421898836E-3,9.995710850E-1,1.766482107E2,1.647422887E-1,-5.929380816E-2,1.766481215E2
1.295320710E1,2.925212953E-2,5.644759513E-4,1.413449179E-3,9.995709062E-1,1.766474746E2,1.637923077E-1,-5.991848636E-2,1.766473851E2
1.295820710E1,2.926040853E-2,5.703017814E-4,1.408344717E-3,9.995706677E-1,1.766465255E2,1.632276608E-1,-6.060154996E-2,1.766464353E2
1.296320710E1,2.925822235E-2,5.681889597E-4,1.412308193E-3,9.995707273E-1,1.766467762E2,1.636744310E-1,-6.034661040E-2,1.766466861E2
1.296820710E1,2.924803001E-2,5.610377993E-4,1.415349660E-3,9.995710254E-1,1.766479446E2,1.639982239E-1,-5.951897407E-2,1.766478555E2
1.297320710E1,2.926595435E-2,5.740802735E-4,1.418452943E-3,9.995704889E-1,1.766458898E2,1.643984926E-1,-6.099954156E-2,1.766457983E2
1.297820710E1,2.926992344E-2,5.778418272E-4,1.419033972E-3,9.995703697E-1,1.766454347E2,1.644779049E-1,-6.142779710E-2,1.766453426E2
1.298320710E1,2.927009794E-2,5.787122063E-4,1.415074337E-3,9.995703697E-1,1.766454147E2,1.640272883E-1,-6.154074508E-2,1.766453227E2
1.298820710E1,2.926219449E-2,5.725242663E-4,1.412633690E-3,9.995706081E-1,1.766463208E2,1.637264925E-1,-6.084144484E-2,1.766462300E2
1.299320710E1,2.926035889E-2,5.701602786E-4,1.409432967E-3,9.995706677E-1,1.766465312E2,1.633518344E-1,-6.058170100E-2,1.766464410E2
1.299820710E1,2.926051973E-2,5.704241921E-4,1.405982766E-3,9.995706677E-1,1.766465128E2,1.629575339E-1,-6.062347288E-2,1.766464227E2
1.300320710E1,2.926446126E-2,5.739547196E-4,1.407261705E-3,9.995705485E-1,1.766460609E2,1.631161064E-1,-6.102293631E-2,1.766459702E2
1.300820710E1,2.926826532E-2,5.761550856E-4,1.411916804E-3,9.995704293E-1,1.766456248E2,1.636569264E-1,-6.125873750E-2,1.766455334E2
1.301320710E1,2.926433096E-2,5.741410423E-4,1.409893041E-3,9.995705485E-1,1.766460759E2,1.634181235E-1,-6.103547513E-2,1.766459849E2
1.301820710E1,2.926226265E-2,5.728409742E-4,1.411092700E-3,9.995706081E-1,1.766463130E2,1.635510497E-1,-6.088287756E-2,1.766462222E2
1.302320710E1,2.925614782E-2,5.668542581E-4,1.413634047E-3,9.995707870E-1,1.766470140E2,1.638216977E-1,-6.018962510E-2,1.766469240E2
1.302820710E1,2.926204156E-2,5.715045263E-4,1.416209969E-3,9.995706081E-1,1.766463383E2,1.641326999E-1,-6.071267418E-2,1.766462474E2
1.303320710E1,2.927205617E-2,5.790210562E-4,1.416544081E-3,9.995703101E-1,1.766451902E2,1.641967932E-1,-6.157086998E-2,1.766450981E2
1.303820710E1,2.927410887E-2,5.808860878E-4,1.415420091E-3,9.995702505E-1,1.766449549E2,1.640744318E-1,-6.178792848E-2,1.766448625E2
1.304320710E1,2.926388022E-2,5.738155451E-4,1.419349457E-3,9.995705485E-1,1.766461275E2,1.645001673E-1,-6.096655361E-2,1.766460361E2
1.304820710E1,2.925985680E-2,5.701484624E-4,1.419822918E-3,9.995706677E-1,1.766465888E2,1.645418569E-1,-6.054559181E-2,1.766464979E2
1.305320710E1,2.926007113E-2,5.700878100E-4,1.415423583E-3,9.995706677E-1,1.766465642E2,1.640377550E-1,-6.055336046E-2,1.766464736E2
1.305820710E1,2.925807212E-2,5.683885538E-4,1.415336970E-3,9.995707273E-1,1.766467934E2,1.640220154E-1,-6.035934203E-2,1.766467031E2
1.306320710E1,2.926601440E-2,5.745895323E-4,1.417006948E-3,9.995704889E-1,1.766458829E2,1.642345762E-1,-6.106271287E-2,1.766457914E2
1.306820710E1,2.927203566E-2,5.792973097E-4,1.416855026E-3,9.995703101E-1,1.766451926E2,1.642333352E-1,-6.160147304E-2,1.766451004E2
1.307320710E1,2.926207874E-2,5.726121017E-4,1.414993894E-3,9.995706081E-1,1.766463341E2,1.639971240E-1,-6.084361024E-2,1.766462431E2
1.307820710E1,2.925608843E-2,5.667025107E-4,1.414923463E-3,9.995707870E-1,1.766470208E2,1.639688785E-1,-6.016793044E-2,1.766469308E2
1.308320710E1,2.926028462E-2,5.698519526E-4,1.411098638E-3,9.995706677E-1,1.766465397E2,1.635415863E-1,-6.054081162E-2,1.766464494E2
1.308820710E1,2.926826407E-2,5.764445523E-4,1.411824604E-3,9.995704293E-1,1.766456250E2,1.636473363E-1,-6.129220314E-2,1.766455335E2
1.309320710E1,2.926625736E-2,5.754978629E-4,1.411610050E-3,9.995704889E-1,1.766458550E2,1.636194626E-1,-6.118481519E-2,1.766457638E2
1.309820710E1,2.925807209E-2,5.688187084E-4,1.415164792E-3,9.995707273E-1,1.766467934E2,1.640037360E-1,-6.040919026E-2,1.766467030E2
1.310320710E1,2.925595841E-2,5.672939587E-4,1.417372609E-3,9.995707870E-1,1.766470357E2,1.642513853E-1,-6.022748669E-2,1.766469455E2
1.310820710E1,2.925798813E-2,5.686650984E-4,1.416961080E-3,9.995707273E-1,1.766468030E2,1.642089675E-1,-6.038558656E-2,1.766467126E2
1.311320710E1,2.926389029E-2,5.732805585E-4,1.419357955E-3,9.995705485E-1,1.766461264E2,1.644993472E-1,-6.090524482E-2,1.766460350E2
1.311820710E1,2.926975067E-2,5.782096414E-4,1.422443776E-3,9.995703697E-1,1.766454545E2,1.648696961E-1,-6.145851880E-2,1.766453622E2
1.312320710E1,2.926573923E-2,5.750355194E-4,1.422498608E-3,9.995704889E-1,1.766459144E2,1.648650844E-1,-6.109542511E-2,1.766458226E2
1.312820710E1,2.925374289E-2,5.647403304E-4,1.422078582E-3,9.995708466E-1,1.766472897E2,1.647817255E-1,-5.991957606E-2,1.766471996E2
1.313320710E1,2.925779792E-2,5.687969388E-4,1.420830493E-3,9.995707273E-1,1.766468248E2,1.646526109E-1,-6.038774579E-2,1.766467341E2
1.313820710E1,2.926979521E-2,5.785018438E-4,1.421408029E-3,9.995703697E-1,1.766454494E2,1.647520418E-1,-6.149545508E-2,1.766453571E2
1.314320710E1,2.928166960E-2,5.877612275E-4,1.424530637E-3,9.995700121E-1,1.766440881E2,1.651415157E-1,-6.254361114E-2,1.766439940E2
1.314820710E1,2.927596286E-2,5.824354012E-4,1.418526983E-3,9.995701909E-1,1.766447424E2,1.644356160E-1,-6.195466289E-2,1.766446495E2
1.315320710E1,2.925783608E-2,5.688241217E-4,1.420033514E-3,9.995707273E-1,1.766468204E2,1.645614162E-1,-6.039352521E-2,1.766467298E2
1.315820710E1,2.925568277E-2,5.662643816E-4,1.423460664E-3,9.995707870E-1,1.766470673E2,1.649452590E-1,-6.008919125E-2,1.766469769E2
1.316320710E1,2.927001524E-2,5.785889225E-4,1.416834304E-3,9.995703697E-1,1.766454242E2,1.642284609E-1,-6.152073416E-2,1.766453321E2
1.316820710E1,2.928021797E-2,5.855293130E-4,1.413420774E-3,9.995700717E-1,1.766442546E2,1.638613831E-1,-6.232547992E-2,1.766441615E2
1.317320710E1,2.926415330E-2,5.743762013E-4,1.413480262E-3,9.995705485E-1,1.766460962E2,1.638297911E-1,-6.105041002E-2,1.766460050E2
1.317820710E1,2.925392467E-2,5.646793870E-4,1.418358414E-3,9.995708466E-1,1.766472688E2,1.643554141E-1,-5.992503678E-2,1.766471790E2
1.318320710E1,2.925579627E-2,5.673523410E-4,1.420692075E-3,9.995707870E-1,1.766470543E2,1.646317918E-1,-6.022307186E-2,1.766469638E2
1.318820710E1,2.926377946E-2,5.724313087E-4,1.421983470E-3,9.995705485E-1,1.766461391E2,1.647972257E-1,-6.079918337E-2,1.766460477E2
1.319320710E1,2.927391252E-2,5.803547101E-4,1.419692650E-3,9.995702505E-1,1.766449774E2,1.645620270E-1,-6.171276257E-2,1.766448848E2
1.319820710E1,2.926573170E-2,5.738050095E-4,1.423150301E-3,9.995704889E-1,1.766459153E2,1.649356036E-1,-6.095229524E-2,1.766458236E2
1.320320710E1,2.924560313E-2,5.584791070E-4,1.424386865E-3,9.995710850E-1,1.766482228E2,1.650246496E-1,-5.919600617E-2,1.766481337E2
1.320820710E1,2.924333817E-2,5.560760037E-4,1.429990749E-3,9.995711446E-1,1.766484825E2,1.656583461E-1,-5.890234343E-2,1.766483934E2
1.321320710E1,2.925540565E-2,5.668136291E-4,1.428927062E-3,9.995707870E-1,1.766470991E2,1.655732196E-1,-6.013382291E-2,1.766470082E2
1.321820710E1,2.927376182E-2,5.801662337E-4,1.422873465E-3,9.995702505E-1,1.766449947E2,1.649257244E-1,-6.168052841E-2,1.766449020E2
1.322320710E1,2.926390088E-2,5.737653119E-4,1.418943633E-3,9.995705485E-1,1.766461252E2,1.644535160E-1,-6.096215730E-2,1.766460337E2
1.322820710E1,2.925187935E-2,5.628871149E-4,1.419248641E-3,9.995709062E-1,1.766475033E2,1.644512524E-1,-5.971709777E-2,1.766474137E2
1.323320710E1,2.924546063E-2,5.586028565E-4,1.427261275E-3,9.995710850E-1,1.766482392E2,1.653542987E-1,-5.920057103E-2,1.766481498E2
1.323820710E1,2.925571730E-2,5.670932005E-4,1.422420843E-3,9.995707870E-1,1.766470633E2,1.648289359E-1,-6.018760651E-2,1.766469728E2
1.324320710E1,2.926394471E-2,5.733948783E-4,1.418189378E-3,9.995705485E-1,1.766461201E2,1.643658820E-1,-6.092224915E-2,1.766460288E2
1.324820710E1,2.925590262E-2,5.666752113E-4,1.418770989E-3,9.995707870E-1,1.766470421E2,1.644094817E-1,-6.015193487E-2,1.766469519E2
1.325320710E1,2.925151815E-2,5.634324043E-4,1.426458475E-3,9.995709062E-1,1.766475447E2,1.652788924E-1,-5.975544808E-2,1.766474546E2
1.325820710E1,2.924968853E-2,5.613247049E-4,1.423035981E-3,9.995709658E-1,1.766477545E2,1.648796963E-1,-5.952580134E-2,1.766476649E2
1.326320710E1,2.925358371E-2,5.646143109E-4,1.425399212E-3,9.995708466E-1,1.766473079E2,1.651616474E-1,-5.989403594E-2,1.766472177E2
1.326820710E1,2.926750959E-2,5.753960577E-4,1.427802723E-3,9.995704293E-1,1.766457115E2,1.654739491E-1,-6.111864052E-2,1.766456192E2
1.327320710E1,2.926559159E-2,5.743678776E-4,1.425801893E-3,9.995704889E-1,1.766459313E2,1.652412031E-1,-6.100789800E-2,1.766458394E2
1.327820710E1,2.925567370E-2,5.669840612E-4,1.423360780E-3,9.995707870E-1,1.766470683E2,1.649362303E-1,-6.017196143E-2,1.766469778E2
1.328320710E1,2.924360707E-2,5.576608237E-4,1.423861482E-3,9.995711446E-1,1.766484517E2,1.649616104E-1,-5.910436819E-2,1.766483627E2
1.328820710E1,2.924319482E-2,5.564340390E-4,1.432780293E-3,9.995711446E-1,1.766484989E2,1.659790594E-1,-5.893402934E-2,1.766484096E2
1.329320710E1,2.925105019E-2,5.632388638E-4,1.436098479E-3,9.995709062E-1,1.766475984E2,1.663824076E-1,-5.970104340E-2,1.766475077E2
1.329820710E1,2.925729851E-2,5.670093233E-4,1.431786572E-3,9.995707273E-1,1.766468821E2,1.659015254E-1,-6.014633747E-2,1.766467910E2
1.330320710E1,2.925126816E-2,5.627122009E-4,1.431858866E-3,9.995709062E-1,1.766475734E2,1.658950384E-1,-5.965489324E-2,1.766474831E2
1.330820710E1,2.924335950E-2,5.569201312E-4,1.429225784E-3,9.995711446E-1,1.766484800E2,1.655735551E-1,-5.900159182E-2,1.766483908E2
1.331320710E1,2.924136059E-2,5.552654620E-4,1.429081545E-3,9.995712042E-1,1.766487092E2,1.655513707E-1,-5.881287640E-2,1.766486203E2
1.331820710E1,2.924570206E-2,5.591186928E-4,1.422103029E-3,9.995710850E-1,1.766482115E2,1.647652024E-1,-5.927690361E-2,1.766481223E2
1.332320710E1,2.924575401E-2,5.588441854E-4,1.421142137E-3,9.995710850E-1,1.766482055E2,1.646542223E-1,-5.924867265E-2,1.766481165E2
1.332820710E1,2.924578212E-2,5.595736438E-4,1.420276356E-3,9.995710850E-1,1.766482023E2,1.645574999E-1,-5.933512355E-2,1.766481132E2
1.333320710E1,2.924183390E-2,5.549115594E-4,1.419502194E-3,9.995712042E-1,1.766486549E2,1.644529677E-1,-5.880436116E-2,1.766485666E2
1.333820710E1,2.923387479E-2,5.496036611E-4,1.417614636E-3,9.995714426E-1,1.766495674E2,1.642185108E-1,-5.820401421E-2,1.766494801E2
1.334320710E1,2.922577963E-2,5.435534986E-4,1.418750267E-3,9.995716810E-1,1.766504954E2,1.643278540E-1,-5.750854004E-2,1.766504091E2
1.334820710E1,2.923786211E-2,5.529791815E-4,1.418125466E-3,9.995713234E-1,1.766491103E2,1.642885651E-1,-5.858828802E-2,1.766490224E2
1.335320710E1,2.924595285E-2,5.583191523E-4,1.417251187E-3,9.995710850E-1,1.766481827E2,1.642067945E-1,-5.920154158E-2,1.766480940E2
1.335820710E1,2.923002918E-2,5.457375082E-4,1.414347556E-3,9.995715618E-1,1.766500082E2,1.638311158E-1,-5.777275067E-2,1.766499218E2
1.336320710E1,2.922174622E-2,5.402585957E-4,1.419101609E-3,9.995718002E-1,1.766509578E2,1.643568316E-1,-5.713062015E-2,1.766508720E2
1.336820710E1,2.921969577E-2,5.385151599E-4,1.420001267E-3,9.995718598E-1,1.766511929E2,1.644539256E-1,-5.692824733E-2,1.766511073E2
1.337320710E1,2.923181247E-2,5.484292633E-4,1.418568776E-3,9.995715022E-1,1.766498038E2,1.643237463E-1,-5.806663841E-2,1.766497167E2
1.337820710E1,2.923582673E-2,5.515646772E-4,1.418626285E-3,9.995713830E-1,1.766493436E2,1.643410718E-1,-5.842492385E-2,1.766492559E2
1.338320710E1,2.923156128E-2,5.479465472E-4,1.423921320E-3,9.995715022E-1,1.766498326E2,1.649352097E-1,-5.799345835E-2,1.766497452E2
1.338820710E1,2.922956852E-2,5.463628331E-4,1.423596172E-3,9.995715618E-1,1.766500610E2,1.648925457E-1,-5.781347372E-2,1.766499740E2
1.339320710E1,2.922746495E-2,5.441825488E-4,1.425767783E-3,9.995716214E-1,1.766503022E2,1.651338636E-1,-5.755681212E-2,1.766502154E2
1.339820710E1,2.923142510E-2,5.467585870E-4,1.427169889E-3,9.995715022E-1,1.766498482E2,1.653033223E-1,-5.784652697E-2,1.766497608E2
1.340320710E1,2.924538639E-2,5.575589021E-4,1.429189462E-3,9.995710850E-1,1.766482477E2,1.655716552E-1,-5.907454417E-2,1.766481584E2
1.340820710E1,2.924331207E-2,5.570870708E-4,1.430131029E-3,9.995711446E-1,1.766484855E2,1.656778010E-1,-5.901768775E-2,1.766483962E2
1.341320710E1,2.922729889E-2,5.446826690E-4,1.428977237E-3,9.995716214E-1,1.766503212E2,1.655031489E-1,-5.760337517E-2,1.766502341E2
1.341820710E1,2.921910926E-2,5.366985570E-4,1.432700781E-3,9.995718598E-1,1.766512601E2,1.659024471E-1,-5.667774309E-2,1.766511741E2
1.342320710E1,2.922100969E-2,5.386570701E-4,1.434789971E-3,9.995718002E-1,1.766510422E2,1.661484150E-1,-5.689476489E-2,1.766509558E2
1.342820710E1,2.924118204E-2,5.540589918E-4,1.433197409E-3,9.995712042E-1,1.766487297E2,1.660187595E-1,-5.866092214E-2,1.766486407E2
1.343320710E1,2.923916672E-2,5.529845948E-4,1.433158293E-3,9.995712638E-1,1.766489607E2,1.660105607E-1,-5.853832385E-2,1.766488719E2
1.343820710E1,2.923093228E-2,5.463768030E-4,1.437373576E-3,9.995715022E-1,1.766499047E2,1.664707732E-1,-5.776869859E-2,1.766498168E2
1.344320710E1,2.921887994E-2,5.373848253E-4,1.437113620E-3,9.995718598E-1,1.766512864E2,1.664101910E-1,-5.674161243E-2,1.766512000E2
1.344820710E1,2.921481177E-2,5.343146040E-4,1.438049949E-3,9.995719790E-1,1.766517528E2,1.665069306E-1,-5.638748408E-2,1.766516669E2
1.345320710E1,2.922078180E-2,5.380039220E-4,1.439668005E-3,9.995718002E-1,1.766510684E2,1.667049585E-1,-5.680365522E-2,1.766509818E2
1.345820710E1,2.922455379E-2,5.410151789E-4,1.444733934E-3,9.995716810E-1,1.766506359E2,1.672955236E-1,-5.713097736E-2,1.766505485E2
1.346320710E1,2.922263369E-2,5.405074335E-4,1.442522509E-3,9.995717406E-1,1.766508561E2,1.670404106E-1,-5.708054581E-2,1.766507689E2
1.346820710E1,2.921099512E-2,5.301176570E-4,1.434269478E-3,9.995720983E-1,1.766521903E2,1.660596398E-1,-5.592004568E-2,1.766521054E2
1.347320710E1,2.920875298E-2,5.295425071E-4,1.438598381E-3,9.995721579E-1,1.766524473E2,1.665534340E-1,-5.584004948E-2,1.766523623E2
1.347820710E1,2.921667967E-2,5.347201368E-4,1.441377215E-3,9.995719194E-1,1.766515386E2,1.668895081E-1,-5.642248374E-2,1.766514525E2
1.348320710E1,2.923884614E-2,5.524695734E-4,1.439881511E-3,9.995712638E-1,1.766489975E2,1.667789119E-1,-5.845685835E-2,1.766489084E2
1.348820710E1,2.923089077E-2,5.461482797E-4,1.438304316E-3,9.995715022E-1,1.766499095E2,1.665766148E-1,-5.773941217E-2,1.766498216E2
1.349320710E1,2.922065941E-2,5.388264544E-4,1.441842760E-3,9.995718002E-1,1.766510824E2,1.669568084E-1,-5.689060833E-2,1.766509955E2
1.349820710E1,2.921672495E-2,5.351484870E-4,1.440300024E-3,9.995719194E-1,1.766515334E2,1.667675604E-1,-5.647514701E-2,1.766514473E2
1.350320710E1,2.921674941E-2,5.344660603E-4,1.440057065E-3,9.995719194E-1,1.766515306E2,1.667374477E-1,-5.639778951E-2,1.766514446E2
1.350820710E1,2.921494447E-2,5.343075609E-4,1.435354119E-3,9.995719790E-1,1.766517376E2,1.661981266E-1,-5.639568054E-2,1.766516518E2
1.351320710E1,2.921090651E-2,5.310826236E-4,1.435716520E-3,9.995720983E-1,1.766522005E2,1.662286134E-1,-5.602574629E-2,1.766521153E2
1.351820710E1,2.921108653E-2,5.306596286E-4,1.432206016E-3,9.995720983E-1,1.766521798E2,1.658251045E-1,-5.598901660E-2,1.766520949E2
1.352320710E1,2.920724991E-2,5.283150240E-4,1.428113901E-3,9.995722175E-1,1.766526197E2,1.653483194E-1,-5.573479234E-2,1.766525354E2
1.352820710E1,2.919506962E-2,5.185469054E-4,1.430434291E-3,9.995725751E-1,1.766540160E2,1.655807427E-1,-5.461017838E-2,1.766539332E2
1.353320710E1,2.919517692E-2,5.184035981E-4,1.428294578E-3,9.995725751E-1,1.766540037E2,1.653351801E-1,-5.460090446E-2,1.766539211E2
1.353820710E1,2.920530130E-2,5.262894556E-4,1.426993404E-3,9.995722771E-1,1.766528431E2,1.652130864E-1,-5.550685092E-2,1.766527592E2
1.354320710E1,2.921144374E-2,5.313815782E-4,1.424632501E-3,9.995720983E-1,1.766521389E2,1.649600496E-1,-5.609700343E-2,1.766520543E2
1.354820710E1,2.920351815E-2,5.250602262E-4,1.422180096E-3,9.995723367E-1,1.766530475E2,1.646575435E-1,-5.538245459E-2,1.766529640E2
1.355320710E1,2.919970454E-2,5.224972265E-4,1.417635824E-3,9.995724559E-1,1.766534847E2,1.641282418E-1,-5.510471589E-2,1.766534019E2
1.355820710E1,2.920415276E-2,5.261816550E-4,1.408669981E-3,9.995723367E-1,1.766529747E2,1.631138451E-1,-5.555601483E-2,1.766528919E2
1.356320710E1,2.920196198E-2,5.247437512E-4,1.412323909E-3,9.995723963E-1,1.766532259E2,1.635274426E-1,-5.537944366E-2,1.766531430E2
1.356820710E1,2.920981651E-2,5.302540376E-4,1.416573883E-3,9.995721579E-1,1.766523254E2,1.640331271E-1,-5.599509509E-2,1.766522414E2
1.357320710E1,2.921367294E-2,5.328169209E-4,1.420199755E-3,9.995720387E-1,1.766518833E2,1.644572409E-1,-5.627588297E-2,1.766517987E2
1.357820710E1,2.921405145E-2,5.330798449E-4,1.412293059E-3,9.995720387E-1,1.766518399E2,1.635524874E-1,-5.633240649E-2,1.766517557E2
1.358320710E1,2.920973584E-2,5.296702147E-4,1.418454456E-3,9.995721579E-1,1.766523347E2,1.642465744E-1,-5.592194097E-2,1.766522507E2
1.358820710E1,2.921318364E-2,5.324506783E-4,1.430365606E-3,9.995720387E-1,1.766519394E2,1.656204124E-1,-5.619998117E-2,1.766518543E2
1.359320710E1,2.922746729E-2,5.439901142E-4,1.425793162E-3,9.995716214E-1,1.766503019E2,1.651361261E-1,-5.753468480E-2,1.766502151E2
1.359820710E1,2.923165085E-2,5.477321683E-4,1.422164030E-3,9.995715022E-1,1.766498223E2,1.647332120E-1,-5.797477464E-2,1.766497351E2
1.360320710E1,2.921961831E-2,5.386015400E-4,1.421561581E-3,9.995718598E-1,1.766512017E2,1.646329332E-1,-5.693292970E-2,1.766511161E2
1.360820710E1,2.921724475E-2,5.350864958E-4,1.429739990E-3,9.995719194E-1,1.766514738E2,1.655578065E-1,-5.650331613E-2,1.766513883E2
1.361320710E1,2.922124276E-2,5.398498033E-4,1.429585507E-3,9.995718002E-1,1.766510155E2,1.655562887E-1,-5.704877246E-2,1.766509292E2
1.361820710E1,2.922559647E-2,5.422251998E-4,1.423025155E-3,9.995716810E-1,1.766505164E2,1.648130521E-1,-5.734210648E-2,1.766504300E2
1.362320710E1,2.922570120E-2,5.424483097E-4,1.420787303E-3,9.995716810E-1,1.766505044E2,1.645574756E-1,-5.737513959E-2,1.766504181E2
1.362820710E1,2.922175323E-2,5.402474781E-4,1.418961561E-3,9.995718002E-1,1.766509570E2,1.643407533E-1,-5.712981452E-2,1.766508712E2
1.363320710E1,2.921605625E-2,5.361175281E-4,1.411857433E-3,9.995719790E-1,1.766516101E2,1.635128732E-1,-5.668148087E-2,1.766515254E2
1.363820710E1,2.921004785E-2,5.300862249E-4,1.411858597E-3,9.995721579E-1,1.766522989E2,1.634924762E-1,-5.599161897E-2,1.766522152E2
1.364320710E1,2.921194445E-2,5.316268653E-4,1.414236147E-3,9.995720983E-1,1.766520815E2,1.637700713E-1,-5.615981871E-2,1.766519974E2
1.364820710E1,2.921999031E-2,5.381528172E-4,1.414065249E-3,9.995718598E-1,1.766511591E2,1.637728011E-1,-5.690657170E-2,1.766510739E2
1.365320710E1,2.921827937E-2,5.371363950E-4,1.407657517E-3,9.995719194E-1,1.766513552E2,1.630353408E-1,-5.681188319E-2,1.766512706E2
1.365820710E1,2.920817258E-2,5.296075251E-4,1.408631913E-3,9.995722175E-1,1.766525139E2,1.631211754E-1,-5.594789422E-2,1.766524305E2
1.366320710E1,2.920408172E-2,5.262405612E-4,1.410120050E-3,9.995723367E-1,1.766529829E2,1.632801333E-1,-5.555792085E-2,1.766528999E2
1.366820710E1,2.920808346E-2,5.298570613E-4,1.410384779E-3,9.995722175E-1,1.766525241E2,1.633227838E-1,-5.597062429E-2,1.766524405E2
1.367320710E1,2.922043675E-2,5.384444376E-4,1.404698007E-3,9.995718598E-1,1.766511079E2,1.627008531E-1,-5.697126774E-2,1.766510232E2
1.367820710E1,2.921436398E-2,5.348211271E-4,1.405151794E-3,9.995720387E-1,1.766518041E2,1.627403542E-1,-5.655571382E-2,1.766517200E2
1.368320710E1,2.920814768E-2,5.293036229E-4,1.409262186E-3,9.995722175E-1,1.766525167E2,1.631923499E-1,-5.591097896E-2,1.766524333E2
1.368820710E1,2.921029420E-2,5.316664465E-4,1.406156225E-3,9.995721579E-1,1.766522707E2,1.628446141E-1,-5.619166907E-2,1.766521870E2
1.369320710E1,2.921248518E-2,5.326584214E-4,1.402631169E-3,9.995720983E-1,1.766520195E2,1.624442883E-1,-5.631673592E-2,1.766519359E2
1.369820710E1,2.921234786E-2,5.323272198E-4,1.405613730E-3,9.995720983E-1,1.766520352E2,1.627848027E-1,-5.626883721E-2,1.766519515E2
1.370320710E1,2.921847785E-2,5.378373316E-4,1.403263304E-3,9.995719194E-1,1.766513325E2,1.625343737E-1,-5.690685093E-2,1.766512480E2
1.370820710E1,2.921842732E-2,5.373790045E-4,1.404490438E-3,9.995719194E-1,1.766513383E2,1.626733955E-1,-5.685025242E-2,1.766512538E2
1.371320710E1,2.921847925E-2,5.374337197E-4,1.403388800E-3,9.995719194E-1,1.766513323E2,1.625473970E-1,-5.686019978E-2,1.766512479E2
1.371820710E1,2.922073848E-2,5.395493936E-4,1.397981425E-3,9.995718598E-1,1.766510733E2,1.619352345E-1,-5.712027381E-2,1.766509888E2
1.372320710E1,2.922685407E-2,5.452061305E-4,1.395797008E-3,9.995716810E-1,1.766503722E2,1.617043215E-1,-5.777453598E-2,1.766502869E2
1.372820710E1,2.923516988E-2,5.510632764E-4,1.390072517E-3,9.995714426E-1,1.766494189E2,1.610687269E-1,-5.846326083E-2,1.766493330E2
1.373320710E1,2.923126838E-2,5.484559224E-4,1.387428842E-3,9.995715618E-1,1.766498662E2,1.607569504E-1,-5.817409234E-2,1.766497808E2
1.373820710E1,2.922498970E-2,5.435078638E-4,1.392808510E-3,9.995717406E-1,1.766505860E2,1.613562151E-1,-5.759032241E-2,1.766505011E2
1.374320710E1,2.923700641E-2,5.519948318E-4,1.393932034E-3,9.995713830E-1,1.766492084E2,1.615140351E-1,-5.855673661E-2,1.766491221E2
1.374820710E1,2.923485685E-2,5.512870848E-4,1.396552194E-3,9.995714426E-1,1.766494548E2,1.618116583E-1,-5.846723891E-2,1.766493685E2
1.375320710E1,2.923488419E-2,5.505266599E-4,1.396279782E-3,9.995714426E-1,1.766494517E2,1.617779094E-1,-5.838104616E-2,1.766493655E2
1.375820710E1,2.923675342E-2,5.515331286E-4,1.399410423E-3,9.995713830E-1,1.766492374E2,1.621399829E-1,-5.848553821E-2,1.766491508E2
1.376320710E1,2.924277264E-2,5.566486507E-4,1.399340457E-3,9.995712042E-1,1.766485473E2,1.621494644E-1,-5.907074072E-2,1.766484599E2
1.376820710E1,2.923863887E-2,5.536586978E-4,1.401751069E-3,9.995713234E-1,1.766490212E2,1.624153195E-1,-5.872085775E-2,1.766489342E2
1.377320710E1,2.924053716E-2,5.543839652E-4,1.404368202E-3,9.995712638E-1,1.766488036E2,1.627176349E-1,-5.879485370E-2,1.766487163E2
1.377820710E1,2.924638321E-2,5.601443117E-4,1.407617587E-3,9.995710850E-1,1.766481334E2,1.631094787E-1,-5.944281591E-2,1.766480449E2
1.378320710E1,2.924632232E-2,5.603556056E-4,1.408797922E-3,9.995710850E-1,1.766481404E2,1.632453820E-1,-5.946307209E-2,1.766480518E2
1.378820710E1,2.924417613E-2,5.581450532E-4,1.411934150E-3,9.995711446E-1,1.766483864E2,1.635970780E-1,-5.919971032E-2,1.766482980E2
1.379320710E1,2.923997911E-2,5.544871674E-4,1.415899256E-3,9.995712638E-1,1.766488676E2,1.640387462E-1,-5.876812794E-2,1.766487796E2
1.379820710E1,2.924204003E-2,5.565702450E-4,1.414597966E-3,9.995712042E-1,1.766486313E2,1.638967947E-1,-5.901075113E-2,1.766485430E2
1.380320710E1,2.924422047E-2,5.584066384E-4,1.410911907E-3,9.995711446E-1,1.766483813E2,1.634808668E-1,-5.923309144E-2,1.766482930E2
1.380820710E1,2.924233211E-2,5.570023786E-4,1.408376498E-3,9.995712042E-1,1.766485978E2,1.631856363E-1,-5.908104913E-2,1.766485098E2
1.381320710E1,2.923814549E-2,5.531745846E-4,1.412194455E-3,9.995713234E-1,1.766490778E2,1.636098823E-1,-5.863049547E-2,1.766489902E2
1.381820710E1,2.924218153E-2,5.560104037E-4,1.411890495E-3,9.995712042E-1,1.766486151E2,1.635848059E-1,-5.895567507E-2,1.766485271E2
1.382320710E1,2.925022804E-2,5.619055592E-4,1.411671867E-3,9.995709658E-1,1.766476926E2,1.635799993E-1,-5.963033643E-2,1.766476036E2
1.382820710E1,2.925209736E-2,5.644178018E-4,1.414138009E-3,9.995709062E-1,1.766474783E2,1.638710112E-1,-5.990952200E-2,1.766473888E2
1.383320710E1,2.925208253E-2,5.647465587E-4,1.414313563E-3,9.995709062E-1,1.766474800E2,1.638922208E-1,-5.994659256E-2,1.766473904E2
1.383820710E1,2.926210686E-2,5.726834643E-4,1.414383296E-3,9.995706081E-1,1.766463308E2,1.639274255E-1,-6.085382718E-2,1.766462399E2
1.384320710E1,2.926203758E-2,5.719971377E-4,1.416093437E-3,9.995706081E-1,1.766463388E2,1.641210038E-1,-6.076949049E-2,1.766462478E2
1.384820710E1,2.925588844E-2,5.668284139E-4,1.419002307E-3,9.995707870E-1,1.766470437E2,1.644364902E-1,-6.016870988E-2,1.766469535E2
1.385320710E1,2.925783509E-2,5.687820958E-4,1.420070766E-3,9.995707273E-1,1.766468205E2,1.645655423E-1,-6.038858672E-2,1.766467299E2
1.385820710E1,2.926373640E-2,5.733113503E-4,1.422514906E-3,9.995705485E-1,1.766461440E2,1.648610465E-1,-6.089821037E-2,1.766460525E2
1.386320710E1,2.926576091E-2,5.752574070E-4,1.421962748E-3,9.995704889E-1,1.766459119E2,1.648044511E-1,-6.112263418E-2,1.766458201E2
1.386820710E1,2.925781254E-2,5.687942612E-4,1.420530374E-3,9.995707273E-1,1.766468231E2,1.646182264E-1,-6.038844292E-2,1.766467325E2
1.387320710E1,2.925777290E-2,5.674697459E-4,1.421876019E-3,9.995707273E-1,1.766468277E2,1.647679167E-1,-6.023222463E-2,1.766467371E2
1.387820710E1,2.925985593E-2,5.691890838E-4,1.420225832E-3,9.995706677E-1,1.766465889E2,1.645847906E-1,-6.043435146E-2,1.766464982E2
1.388320710E1,2.925777922E-2,5.679198075E-4,1.421566238E-3,9.995707273E-1,1.766468270E2,1.647339429E-1,-6.028481336E-2,1.766467364E2
1.388820710E1,2.925795259E-2,5.687312805E-4,1.417668303E-3,9.995707273E-1,1.766468071E2,1.642901945E-1,-6.039080187E-2,1.766467166E2
1.389320710E1,2.926029620E-2,5.698684254E-4,1.410851837E-3,9.995706677E-1,1.766465384E2,1.635133731E-1,-6.054352410E-2,1.766464481E2
1.389820710E1,2.925630748E-2,5.675797584E-4,1.410034020E-3,9.995707870E-1,1.766469957E2,1.634117830E-1,-6.028476900E-2,1.766469058E2
1.390320710E1,2.925836369E-2,5.695807049E-4,1.408815151E-3,9.995707273E-1,1.766467599E2,1.632790038E-1,-6.051771275E-2,1.766466698E2
1.390820710E1,2.926642498E-2,5.756847095E-4,1.408054144E-3,9.995704889E-1,1.766458358E2,1.632127967E-1,-6.121811533E-2,1.766457447E2
1.391320710E1,2.927445577E-2,5.827024579E-4,1.407476491E-3,9.995702505E-1,1.766449151E2,1.631706664E-1,-6.202257123E-2,1.766448229E2
1.391820710E1,2.926857185E-2,5.777261104E-4,1.404903363E-3,9.995704293E-1,1.766455897E2,1.628588768E-1,-6.146215946E-2,1.766454985E2
1.392320710E1,2.926630316E-2,5.753609585E-4,1.410715980E-3,9.995704889E-1,1.766458498E2,1.635165971E-1,-6.117212484E-2,1.766457586E2
1.392820710E1,2.926823563E-2,5.763064837E-4,1.412470476E-3,9.995704293E-1,1.766456282E2,1.637208514E-1,-6.127422685E-2,1.766455368E2
1.393320710E1,2.927425220E-2,5.821761442E-4,1.411921461E-3,9.995702505E-1,1.766449385E2,1.636780265E-1,-6.194740781E-2,1.766448461E2
1.393820710E1,2.928414557E-2,5.893559428E-4,1.414765371E-3,9.995699525E-1,1.766438043E2,1.640284837E-1,-6.275863486E-2,1.766437105E2
1.394320710E1,2.927803008E-2,5.847552675E-4,1.416906831E-3,9.995701313E-1,1.766445054E2,1.642579515E-1,-6.222548150E-2,1.766444122E2
1.394820710E1,2.927998190E-2,5.857797805E-4,1.418199274E-3,9.995700717E-1,1.766442816E2,1.644095505E-1,-6.233817428E-2,1.766441882E2
1.395320710E1,2.928208798E-2,5.880158860E-4,1.415798673E-3,9.995700121E-1,1.766440402E2,1.641422147E-1,-6.260201198E-2,1.766439466E2
1.395820710E1,2.927584958E-2,5.819158396E-4,1.421075896E-3,9.995701909E-1,1.766447554E2,1.647258250E-1,-6.188661848E-2,1.766446624E2
1.396320710E1,2.927369730E-2,5.803203676E-4,1.424137503E-3,9.995702505E-1,1.766450021E2,1.650710237E-1,-6.169395356E-2,1.766449093E2
1.396820710E1,2.927382945E-2,5.809449358E-4,1.421163324E-3,9.995702505E-1,1.766449869E2,1.647324569E-1,-6.177544851E-2,1.766448942E2
1.397320710E1,2.926792645E-2,5.771947908E-4,1.418501372E-3,9.995704293E-1,1.766456637E2,1.644146066E-1,-6.135579894E-2,1.766455717E2
1.397820710E1,2.927015842E-2,5.779130151E-4,1.414149767E-3,9.995703697E-1,1.766454078E2,1.639187085E-1,-6.145229512E-2,1.766453160E2
1.398320710E1,2.927422591E-2,5.807962152E-4,1.413034392E-3,9.995702505E-1,1.766449415E2,1.638008733E-1,-6.178561830E-2,1.766448493E2
1.398820710E1,2.927411624E-2,5.820682272E-4,1.414781902E-3,9.995702505E-1,1.766449541E2,1.640052984E-1,-6.192547320E-2,1.766448615E2
1.399320710E1,2.927007823E-2,5.776037578E-4,1.415934647E-3,9.995703697E-1,1.766454170E2,1.641221111E-1,-6.141089836E-2,1.766453251E2
1.399820710E1,2.926840498E-2,5.762914661E-4,1.408963115E-3,9.995704293E-1,1.766456088E2,1.633190690E-1,-6.128424268E-2,1.766455176E2
1.400320710E1,2.927035924E-2,5.781511427E-4,1.409889432E-3,9.995703697E-1,1.766453848E2,1.634315297E-1,-6.149382802E-2,1.766452932E2
1.400820710E1,2.927030908E-2,5.793108721E-4,1.410454512E-3,9.995703697E-1,1.766453905E2,1.635001426E-1,-6.162477896E-2,1.766452987E2
1.401320710E1,2.927023144E-2,5.777011975E-4,1.412724145E-3,9.995703697E-1,1.766453994E2,1.637547080E-1,-6.143280289E-2,1.766453077E2
1.401820710E1,2.926609073E-2,5.758560146E-4,1.414914848E-3,9.995704889E-1,1.766458741E2,1.639991939E-1,-6.121478257E-2,1.766457826E2
1.402320710E1,2.927030186E-2,5.788409035E-4,1.410797238E-3,9.995703697E-1,1.766453913E2,1.635378225E-1,-6.156979924E-2,1.766452996E2
1.402820710E1,2.926639067E-2,5.754632875E-4,1.408857759E-3,9.995704889E-1,1.766458397E2,1.633041001E-1,-6.119006359E-2,1.766457486E2
1.403320710E1,2.926234773E-2,5.719485343E-4,1.409689663E-3,9.995706081E-1,1.766463032E2,1.633873544E-1,-6.078534627E-2,1.766462127E2
1.403820710E1,2.926805571E-2,5.763384979E-4,1.416180748E-3,9.995704293E-1,1.766456489E2,1.641459321E-1,-6.126547917E-2,1.766455572E2
1.404320710E1,2.927610523E-2,5.836837809E-4,1.415071427E-3,9.995701909E-1,1.766447260E2,1.640440048E-1,-6.210922481E-2,1.766446332E2
1.404820710E1,2.927600968E-2,5.829278962E-4,1.417357824E-3,9.995701909E-1,1.766447370E2,1.643033527E-1,-6.201498911E-2,1.766446441E2
1.405320710E1,2.927196954E-2,5.801595980E-4,1.417867839E-3,9.995703101E-1,1.766452002E2,1.643522340E-1,-6.169685503E-2,1.766451077E2
1.405820710E1,2.927008783E-2,5.780835636E-4,1.415540464E-3,9.995703697E-1,1.766454159E2,1.640785704E-1,-6.146717703E-2,1.766453240E2
1.406320710E1,2.927618777E-2,5.831629969E-4,1.413577585E-3,9.995701909E-1,1.766447166E2,1.638711542E-1,-6.205457115E-2,1.766446239E2
1.406820710E1,2.928604712E-2,5.912195775E-4,1.416737447E-3,9.995698929E-1,1.766435863E2,1.642607445E-1,-6.296516948E-2,1.766434921E2
1.407320710E1,2.928586560E-2,5.909594474E-4,1.420592889E-3,9.995698929E-1,1.766436071E2,1.647014723E-1,-6.292246450E-2,1.766435127E2
1.407820710E1,2.929197734E-2,5.947232712E-4,1.418831642E-3,9.995697141E-1,1.766429065E2,1.645127540E-1,-6.335848642E-2,1.766428115E2
1.408320710E1,2.929812004E-2,5.999387358E-4,1.415777137E-3,9.995695353E-1,1.766422023E2,1.641807841E-1,-6.396512179E-2,1.766421066E2
1.408820710E1,2.929227517E-2,5.957048270E-4,1.412255690E-3,9.995697141E-1,1.766428723E2,1.637628416E-1,-6.349294084E-2,1.766427776E2
1.409320710E1,2.928439715E-2,5.905728322E-4,1.409038901E-3,9.995699525E-1,1.766437755E2,1.633766588E-1,-6.291719602E-2,1.766436818E2
1.409820710E1,2.929231384E-2,5.968116457E-4,1.410985831E-3,9.995697141E-1,1.766428679E2,1.636211067E-1,-6.362397464E-2,1.766427731E2
1.410320710E1,2.930049612E-2,6.030334625E-4,1.407346688E-3,9.995694757E-1,1.766419299E2,1.632256830E-1,-6.434751531E-2,1.766418343E2
1.410820710E1,2.929448746E-2,5.979006528E-4,1.407619449E-3,9.995696545E-1,1.766426187E2,1.632393071E-1,-6.375965713E-2,1.766425239E2
1.411320710E1,2.929425903E-2,5.967071629E-4,1.412870013E-3,9.995696545E-1,1.766426449E2,1.638366988E-1,-6.360536339E-2,1.766425500E2
1.411820710E1,2.930229658E-2,6.034487742E-4,1.412009122E-3,9.995694160E-1,1.766417235E2,1.637612404E-1,-6.437913607E-2,1.766416275E2
1.412320710E1,2.930443457E-2,6.048801006E-4,1.409218879E-3,9.995693564E-1,1.766414784E2,1.634465836E-1,-6.455210316E-2,1.766413823E2
1.412820710E1,2.930227168E-2,6.039943546E-4,1.412292593E-3,9.995694160E-1,1.766417263E2,1.637955404E-1,-6.444068029E-2,1.766416302E2
1.413320710E1,2.929038191E-2,5.951843341E-4,1.409553224E-3,9.995697737E-1,1.766430894E2,1.634514269E-1,-6.344270347E-2,1.766429949E2
1.413820710E1,2.928633949E-2,5.911662010E-4,1.410702942E-3,9.995698929E-1,1.766435528E2,1.635693761E-1,-6.297925976E-2,1.766434590E2
1.414320710E1,2.928814411E-2,5.922787241E-4,1.414998202E-3,9.995698333E-1,1.766433459E2,1.640652140E-1,-6.309197934E-2,1.766432516E2
1.414820710E1,2.929421528E-2,5.967564648E-4,1.413755934E-3,9.995696545E-1,1.766426499E2,1.639383371E-1,-6.360804370E-2,1.766425549E2
1.415320710E1,2.930214786E-2,6.029418437E-4,1.415308099E-3,9.995694160E-1,1.766417405E2,1.641374017E-1,-6.431001791E-2,1.766416444E2
1.415820710E1,2.929814313E-2,6.007705233E-4,1.414946397E-3,9.995695353E-1,1.766421996E2,1.640884233E-1,-6.406318196E-2,1.766421039E2
1.416320710E1,2.928585510E-2,5.913844798E-4,1.420632470E-3,9.995698929E-1,1.766436083E2,1.647074319E-1,-6.297101758E-2,1.766435138E2
1.416820710E1,2.928774384E-2,5.924228462E-4,1.423198963E-3,9.995698333E-1,1.766433918E2,1.650050086E-1,-6.308102951E-2,1.766432970E2
1.417320710E1,2.929587882E-2,5.982532748E-4,1.420777407E-3,9.995695949E-1,1.766424592E2,1.647477257E-1,-6.375564667E-2,1.766423635E2
1.417820710E1,2.929619806E-2,5.990885547E-4,1.413825783E-3,9.995695949E-1,1.766424226E2,1.639542937E-1,-6.387460688E-2,1.766423272E2
1.418320710E1,2.928820775E-2,5.922135315E-4,1.413707621E-3,9.995698333E-1,1.766433386E2,1.639171728E-1,-6.308883313E-2,1.766432444E2
1.418820710E1,2.928789328E-2,5.920251715E-4,1.420286135E-3,9.995698333E-1,1.766433747E2,1.646700405E-1,-6.304523042E-2,1.766432801E2
1.419320710E1,2.929195912E-2,5.953445216E-4,1.418947242E-3,9.995697141E-1,1.766429085E2,1.645280795E-1,-6.342926081E-2,1.766428135E2
1.419820710E1,2.930230742E-2,6.038282299E-4,1.411621924E-3,9.995694160E-1,1.766417222E2,1.637181648E-1,-6.442389818E-2,1.766416262E2
1.420320710E1,2.929650710E-2,6.000516005E-4,1.406997209E-3,9.995695949E-1,1.766423872E2,1.631753846E-1,-6.400779074E-2,1.766422921E2
1.420820710E1,2.929448172E-2,5.978927366E-4,1.407742267E-3,9.995696545E-1,1.766426194E2,1.632533481E-1,-6.375833902E-2,1.766425246E2
1.421320710E1,2.929634527E-2,5.997276749E-4,1.410500496E-3,9.995695949E-1,1.766424057E2,1.635755620E-1,-6.395895270E-2,1.766423105E2
1.421820710E1,2.929673889E-2,6.002712180E-4,1.402068418E-3,9.995695949E-1,1.766423606E2,1.626115805E-1,-6.404945561E-2,1.766422658E2
1.422320710E1,2.930080069E-2,6.026677438E-4,1.401148736E-3,9.995694757E-1,1.766418949E2,1.625145455E-1,-6.432638634E-2,1.766417998E2
1.422820710E1,2.930080969E-2,6.036887062E-4,1.400520792E-3,9.995694757E-1,1.766418939E2,1.624460481E-1,-6.444543667E-2,1.766417986E2
1.423320710E1,2.929294957E-2,5.976123502E-4,1.397383399E-3,9.995697141E-1,1.766427950E2,1.620657779E-1,-6.376124606E-2,1.766427009E2
1.423820710E1,2.928291697E-2,5.887234001E-4,1.398250228E-3,9.995700121E-1,1.766439451E2,1.621345967E-1,-6.274180298E-2,1.766438525E2
1.424320710E1,2.928875512E-2,5.926736048E-4,1.402127324E-3,9.995698333E-1,1.766432759E2,1.625923146E-1,-6.318030866E-2,1.766431823E2
1.424820710E1,2.929860167E-2,6.009967765E-4,1.405322808E-3,9.995695353E-1,1.766421470E2,1.629869021E-1,-6.412133316E-2,1.766420519E2
1.425320710E1,2.930061287E-2,6.024352042E-4,1.405170537E-3,9.995694757E-1,1.766419165E2,1.629744197E-1,-6.428627725E-2,1.766418211E2
1.425820710E1,2.929854131E-2,6.005320465E-4,1.406779164E-3,9.995695353E-1,1.766421540E2,1.631521525E-1,-6.406322212E-2,1.766420588E2
1.426320710E1,2.928640002E-2,5.910717300E-4,1.409485587E-3,9.995698929E-1,1.766435458E2,1.634296238E-1,-6.297251446E-2,1.766434521E2
1.426820710E1,2.928421955E-2,5.903094425E-4,1.412835205E-3,9.995699525E-1,1.766437958E2,1.638106021E-1,-6.287431607E-2,1.766437020E2
1.427320710E1,2.928822336E-2,5.934172659E-4,1.412879210E-3,9.995698333E-1,1.766433368E2,1.638263257E-1,-6.322948946E-2,1.766432425E2
1.427820710E1,2.928400662E-2,5.887164734E-4,1.417904161E-3,9.995699525E-1,1.766438202E2,1.643858540E-1,-6.267487822E-2,1.766437264E2
1.428320710E1,2.928177025E-2,5.877476069E-4,1.422465779E-3,9.995700121E-1,1.766440766E2,1.649049621E-1,-6.254896309E-2,1.766439826E2
1.428820710E1,2.928184088E-2,5.874437047E-4,1.421136782E-3,9.995700121E-1,1.766440685E2,1.647517199E-1,-6.251860130E-2,1.766439747E2
1.429320710E1,2.928408361E-2,5.887062289E-4,1.416317536E-3,9.995699525E-1,1.766438114E2,1.642040884E-1,-6.267901653E-2,1.766437176E2
1.429820710E1,2.927788539E-2,5.850052694E-4,1.419790555E-3,9.995701313E-1,1.766445220E2,1.645890905E-1,-6.224446591E-2,1.766444286E2
1.430320710E1,2.927963277E-2,5.852267495E-4,1.425616327E-3,9.995700717E-1,1.766443216E2,1.652572416E-1,-6.224999985E-2,1.766442279E2
1.430820710E1,2.928176118E-2,5.875742063E-4,1.422724221E-3,9.995700121E-1,1.766440776E2,1.649339822E-1,-6.252823567E-2,1.766439837E2
1.431320710E1,2.927567894E-2,5.830682931E-4,1.424115500E-3,9.995701909E-1,1.766447749E2,1.650778451E-1,-6.200845392E-2,1.766446816E2
1.431820710E1,2.927772187E-2,5.842499086E-4,1.423468813E-3,9.995701313E-1,1.766445407E2,1.650078632E-1,-6.214563121E-2,1.766444473E2
1.432320710E1,2.927970953E-2,5.855075433E-4,1.423923415E-3,9.995700717E-1,1.766443128E2,1.650642781E-1,-6.228783016E-2,1.766442191E2
1.432820710E1,2.928195285E-2,5.874636699E-4,1.418819535E-3,9.995700121E-1,1.766440557E2,1.644863704E-1,-6.252864537E-2,1.766439620E2
1.433320710E1,2.927411162E-2,5.817536730E-4,1.415006816E-3,9.995702505E-1,1.766449546E2,1.640300051E-1,-6.188868967E-2,1.766448621E2
1.433820710E1,2.927400561E-2,5.814466276E-4,1.417324296E-3,9.995702505E-1,1.766449667E2,1.642944186E-1,-6.184576303E-2,1.766448741E2
1.434320710E1,2.927829468E-2,5.850414746E-4,1.411310164E-3,9.995701313E-1,1.766444750E2,1.636178716E-1,-6.227699846E-2,1.766443822E2
1.434820710E1,2.927438166E-2,5.823145038E-4,1.409177552E-3,9.995702505E-1,1.766449236E2,1.633642042E-1,-6.197243962E-2,1.766448314E2
1.435320710E1,2.927638339E-2,5.833728355E-4,1.409433433E-3,9.995701909E-1,1.766446942E2,1.633971883E-1,-6.209247779E-2,1.766446017E2
1.435820710E1,2.928020973E-2,5.868638982E-4,1.413037884E-3,9.995700717E-1,1.766442555E2,1.638220036E-1,-6.247963250E-2,1.766441623E2
1.436320710E1,2.928827208E-2,5.920302938E-4,1.412451034E-3,9.995698333E-1,1.766433312E2,1.637726291E-1,-6.307205158E-2,1.766432372E2
1.436820710E1,2.927837737E-2,5.841989187E-4,1.409942983E-3,9.995701313E-1,1.766444656E2,1.634584491E-1,-6.218506371E-2,1.766443730E2
1.437320710E1,2.926813523E-2,5.767106777E-4,1.414384693E-3,9.995704293E-1,1.766456397E2,1.639414604E-1,-6.131412039E-2,1.766455481E2
1.437820710E1,2.927793242E-2,5.844031693E-4,1.419068547E-3,9.995701313E-1,1.766445166E2,1.645043726E-1,-6.217791463E-2,1.766444234E2
1.438320710E1,2.928220895E-2,5.882418482E-4,1.413200633E-3,9.995700121E-1,1.766440263E2,1.638453943E-1,-6.263659230E-2,1.766439328E2
1.438820710E1,2.928616024E-2,5.912056658E-4,1.414402970E-3,9.995698929E-1,1.766435733E2,1.639933080E-1,-6.297139202E-2,1.766434793E2
1.439320710E1,2.928621892E-2,5.917670205E-4,1.412952435E-3,9.995698929E-1,1.766435666E2,1.638290477E-1,-6.304054932E-2,1.766434725E2
1.439820710E1,2.928418285E-2,5.902452976E-4,1.413622522E-3,9.995699525E-1,1.766438000E2,1.639005658E-1,-6.286433269E-2,1.766437062E2
1.440320710E1,2.927825133E-2,5.845335545E-4,1.412419486E-3,9.995701313E-1,1.766444800E2,1.637432292E-1,-6.221510528E-2,1.766443872E2
1.440820710E1,2.927431754E-2,5.811610026E-4,1.410984667E-3,9.995702505E-1,1.766449310E2,1.635673220E-1,-6.183426307E-2,1.766448388E2
1.441320710E1,2.927223685E-2,5.800437648E-4,1.412385958E-3,9.995703101E-1,1.766451695E2,1.637239529E-1,-6.170193194E-2,1.766450775E2
1.441820710E1,2.927624731E-2,5.830636946E-4,1.412385027E-3,9.995701909E-1,1.766447098E2,1.637342260E-1,-6.204718800E-2,1.766446172E2
1.442320710E1,2.927827669E-2,5.853964831E-4,1.411536010E-3,9.995701313E-1,1.766444771E2,1.636449306E-1,-6.231690716E-2,1.766443842E2
1.442820710E1,2.927235390E-2,5.795087200E-4,1.410178025E-3,9.995703101E-1,1.766451561E2,1.634692629E-1,-6.164803391E-2,1.766450643E2
1.443320710E1,2.926796738E-2,5.758545594E-4,1.418201602E-3,9.995704293E-1,1.766456590E2,1.643757774E-1,-6.120328436E-2,1.766455673E2
1.443820710E1,2.927024414E-2,5.788482958E-4,1.411991310E-3,9.995703697E-1,1.766453980E2,1.636746159E-1,-6.156665025E-2,1.766453061E2
1.444320710E1,2.926430250E-2,5.741954083E-4,1.410461380E-3,9.995705485E-1,1.766460791E2,1.634834032E-1,-6.103980104E-2,1.766459881E2
1.444820710E1,2.926025238E-2,5.702497438E-4,1.411606325E-3,9.995706677E-1,1.766465434E2,1.636010701E-1,-6.058467854E-2,1.766464530E2
1.445320710E1,2.926450280E-2,5.734911538E-4,1.406586729E-3,9.995705485E-1,1.766460562E2,1.630372408E-1,-6.097209517E-2,1.766459655E2
1.445820710E1,2.926650027E-2,5.756858154E-4,1.406488009E-3,9.995704889E-1,1.766458272E2,1.630334158E-1,-6.122348220E-2,1.766457362E2
1.446320710E1,2.926865897E-2,5.773134762E-4,1.403256902E-3,9.995704293E-1,1.766455797E2,1.626689080E-1,-6.142040347E-2,1.766454886E2
1.446820710E1,2.926449990E-2,5.732908030E-4,1.406728756E-3,9.995705485E-1,1.766460565E2,1.630528368E-1,-6.094867070E-2,1.766459659E2
1.447320710E1,2.926455254E-2,5.738402833E-4,1.405408955E-3,9.995705485E-1,1.766460505E2,1.629035094E-1,-6.101602693E-2,1.766459598E2
1.447820710E1,2.926860478E-2,5.780977663E-4,1.404064125E-3,9.995704293E-1,1.766455859E2,1.627639969E-1,-6.150753927E-2,1.766454947E2
1.448320710E1,2.926859070E-2,5.767428665E-4,1.404914539E-3,9.995704293E-1,1.766455875E2,1.628568600E-1,-6.134949584E-2,1.766454965E2
1.448820710E1,2.926844964E-2,5.765805254E-4,1.407916774E-3,9.995704293E-1,1.766456037E2,1.632001907E-1,-6.132085435E-2,1.766455125E2
1.449320710E1,2.927259958E-2,5.813461612E-4,1.404309645E-3,9.995703101E-1,1.766451279E2,1.628032624E-1,-6.187814397E-2,1.766450361E2
1.449820710E1,2.927670598E-2,5.831118906E-4,1.402825117E-3,9.995701909E-1,1.766446572E2,1.626393992E-1,-6.208470645E-2,1.766445652E2
1.450320710E1,2.926843457E-2,5.770566058E-4,1.408034819E-3,9.995704293E-1,1.766456054E2,1.632153078E-1,-6.137499226E-2,1.766455141E2
1.450820710E1,2.926235266E-2,5.715597072E-4,1.409744960E-3,9.995706081E-1,1.766463027E2,1.633923847E-1,-6.074062285E-2,1.766462122E2
1.451320710E1,2.927053847E-2,5.784245441E-4,1.406050986E-3,9.995703697E-1,1.766453642E2,1.629927922E-1,-6.153798987E-2,1.766452728E2
1.451820710E1,2.926864174E-2,5.766354734E-4,1.403894974E-3,9.995704293E-1,1.766455817E2,1.627397192E-1,-6.134060612E-2,1.766454907E2
1.452320710E1,2.925849612E-2,5.688116653E-4,1.406373573E-3,9.995707273E-1,1.766467448E2,1.629967683E-1,-6.043778977E-2,1.766466549E2
1.452820710E1,2.925832854E-2,5.690877442E-4,1.409744145E-3,9.995707273E-1,1.766467640E2,1.633837583E-1,-6.045813881E-2,1.766466739E2
1.453320710E1,2.927265156E-2,5.809751456E-4,1.403379254E-3,9.995703101E-1,1.766451220E2,1.626954516E-1,-6.183875950E-2,1.766450303E2
1.453820710E1,2.927478275E-2,5.819502985E-4,1.400971785E-3,9.995702505E-1,1.766448777E2,1.624230972E-1,-6.195818534E-2,1.766447860E2
1.454320710E1,2.926468772E-2,5.745870876E-4,1.402285649E-3,9.995705485E-1,1.766460350E2,1.625482704E-1,-6.111201990E-2,1.766459444E2
1.454820710E1,2.926861598E-2,5.775543395E-4,1.404054346E-3,9.995704293E-1,1.766455846E2,1.627610547E-1,-6.144532487E-2,1.766454935E2
1.455320710E1,2.926875653E-2,5.782296066E-4,1.400842797E-3,9.995704293E-1,1.766455685E2,1.623954690E-1,-6.153342035E-2,1.766454775E2
1.455820710E1,2.927467458E-2,5.817696801E-4,1.403305214E-3,9.995702505E-1,1.766448901E2,1.626897616E-1,-6.192968645E-2,1.766447983E2
1.456320710E1,2.927680001E-2,5.838466459E-4,1.400555368E-3,9.995701909E-1,1.766446464E2,1.623818872E-1,-6.217646668E-2,1.766445544E2
1.456820710E1,2.927696356E-2,5.836658529E-4,1.397207845E-3,9.995701909E-1,1.766446276E2,1.619978569E-1,-6.216696256E-2,1.766445359E2
1.457320710E1,2.927696574E-2,5.838970537E-4,1.397065702E-3,9.995701909E-1,1.766446274E2,1.619823513E-1,-6.219392138E-2,1.766445356E2
1.457820710E1,2.927481483E-2,5.816892954E-4,1.400409732E-3,9.995702505E-1,1.766448740E2,1.623578445E-1,-6.193016976E-2,1.766447824E2
1.458320710E1,2.928470371E-2,5.898061208E-4,1.402975526E-3,9.995699525E-1,1.766437403E2,1.626795903E-1,-6.284967297E-2,1.766436472E2
1.458820710E1,2.929078806E-2,5.954655353E-4,1.400968526E-3,9.995697737E-1,1.766430428E2,1.624690832E-1,-6.350366167E-2,1.766429489E2
1.459320710E1,2.928682789E-2,5.921720294E-4,1.400101930E-3,9.995698929E-1,1.766434968E2,1.623585156E-1,-6.312996801E-2,1.766434035E2
1.459820710E1,2.928073933E-2,5.872466718E-4,1.401860383E-3,9.995700717E-1,1.766441948E2,1.625430213E-1,-6.256089471E-2,1.766441022E2
1.460320710E1,2.928864531E-2,5.926773883E-4,1.404417562E-3,9.995698333E-1,1.766432884E2,1.628546502E-1,-6.317307310E-2,1.766431948E2
1.460820710E1,2.929245757E-2,5.957808462E-4,1.408435288E-3,9.995697141E-1,1.766428514E2,1.633255098E-1,-6.351444257E-2,1.766427570E2
1.461320710E1,2.929026539E-2,5.949080223E-4,1.412088983E-3,9.995697737E-1,1.766431027E2,1.637409442E-1,-6.340256183E-2,1.766430082E2
1.461820710E1,2.928826996E-2,5.931355990E-4,1.412031241E-3,9.995698333E-1,1.766433315E2,1.637282547E-1,-6.320006508E-2,1.766432372E2
1.462320710E1,2.929032496E-2,5.938232061E-4,1.411309699E-3,9.995697737E-1,1.766430959E2,1.636480454E-1,-6.328091043E-2,1.766430016E2
1.462820710E1,2.929252631E-2,5.956242676E-4,1.407071133E-3,9.995697141E-1,1.766428435E2,1.631687348E-1,-6.350107562E-2,1.766427492E2
1.463320710E1,2.928672764E-2,5.910401815E-4,1.402674941E-3,9.995698929E-1,1.766435083E2,1.626494298E-1,-6.299170452E-2,1.766434150E2
1.463820710E1,2.928262666E-2,5.892768968E-4,1.404084614E-3,9.995700121E-1,1.766439784E2,1.628047217E-1,-6.278567076E-2,1.766438853E2
1.464320710E1,2.928652258E-2,5.911057815E-4,1.406922238E-3,9.995698929E-1,1.766435318E2,1.631361333E-1,-6.298499757E-2,1.766434382E2
1.464820710E1,2.928236022E-2,5.883718841E-4,1.410008408E-3,9.995700121E-1,1.766440090E2,1.634801945E-1,-6.266217398E-2,1.766439157E2
1.465320710E1,2.928026255E-2,5.871296744E-4,1.411832520E-3,9.995700717E-1,1.766442494E2,1.636848332E-1,-6.251411090E-2,1.766441562E2
1.465820710E1,2.928022839E-2,5.866326974E-4,1.412747195E-3,9.995700717E-1,1.766442534E2,1.637879327E-1,-6.245412253E-2,1.766441602E2
1.466320710E1,2.927442907E-2,5.812516902E-4,1.408631331E-3,9.995702505E-1,1.766449182E2,1.632980759E-1,-6.185252711E-2,1.766448262E2
1.466820710E1,2.926847055E-2,5.769626587E-4,1.407325268E-3,9.995704293E-1,1.766456013E2,1.631337211E-1,-6.136660530E-2,1.766455100E2
1.467320710E1,2.927066169E-2,5.797870690E-4,1.402921276E-3,9.995703697E-1,1.766453501E2,1.626388852E-1,-6.170453447E-2,1.766452587E2
1.467820710E1,2.928259394E-2,5.888738669E-4,1.404935960E-3,9.995700121E-1,1.766439822E2,1.629008824E-1,-6.273665532E-2,1.766438891E2
1.468320710E1,2.928873862E-2,5.940639530E-4,1.401883550E-3,9.995698333E-1,1.766432777E2,1.625690578E-1,-6.334038321E-2,1.766431840E2
1.468820710E1,2.928254627E-2,5.887526204E-4,1.405979856E-3,9.995700121E-1,1.766439876E2,1.630200431E-1,-6.271927229E-2,1.766438945E2
1.469320710E1,2.927423160E-2,5.816957564E-4,1.412546379E-3,9.995702505E-1,1.766449408E2,1.637479932E-1,-6.189029005E-2,1.766448485E2
1.469820710E1,2.927617980E-2,5.832783063E-4,1.413695165E-3,9.995701909E-1,1.766447175E2,1.638850084E-1,-6.206738579E-2,1.766446248E2
1.470320710E1,2.928047279E-2,5.866856663E-4,1.407650532E-3,9.995700717E-1,1.766442253E2,1.632043407E-1,-6.247725097E-2,1.766441325E2
1.470820710E1,2.927863890E-2,5.858219811E-4,1.403825358E-3,9.995701313E-1,1.766444356E2,1.627631827E-1,-6.239145603E-2,1.766443431E2
1.471320710E1,2.927236075E-2,5.808966816E-4,1.409464399E-3,9.995703101E-1,1.766451553E2,1.633921788E-1,-6.180940700E-2,1.766450633E2
1.471820710E1,2.927423775E-2,5.821821978E-4,1.412218437E-3,9.995702505E-1,1.766449401E2,1.637120622E-1,-6.194710732E-2,1.766448477E2
1.472320710E1,2.927430400E-2,5.819340586E-4,1.410946948E-3,9.995702505E-1,1.766449325E2,1.635655943E-1,-6.192293946E-2,1.766448402E2
1.472820710E1,2.927830413E-2,5.842571845E-4,1.411438920E-3,9.995701313E-1,1.766444740E2,1.636299886E-1,-6.218673051E-2,1.766443812E2
1.473320710E1,2.928018180E-2,5.868745502E-4,1.413612044E-3,9.995700717E-1,1.766442587E2,1.638878034E-1,-6.247893067E-2,1.766441654E2
1.473820710E1,2.927825492E-2,5.845709820E-4,1.412329497E-3,9.995701313E-1,1.766444796E2,1.637330474E-1,-6.221969366E-2,1.766443868E2
1.474320710E1,2.927426130E-2,5.812687450E-4,1.412106561E-3,9.995702505E-1,1.766449374E2,1.636961847E-1,-6.184284974E-2,1.766448452E2
1.474820710E1,2.927794535E-2,5.837204517E-4,1.419082750E-3,9.995701313E-1,1.766445151E2,1.645037095E-1,-6.209966479E-2,1.766444220E2
1.475320710E1,2.928384535E-2,5.887993611E-4,1.421196735E-3,9.995699525E-1,1.766438387E2,1.647632621E-1,-6.267334974E-2,1.766437446E2
1.475820710E1,2.928770520E-2,5.924485158E-4,1.423983253E-3,9.995698333E-1,1.766433962E2,1.650949269E-1,-6.308134388E-2,1.766433013E2
1.476320710E1,2.928384808E-2,5.889610038E-4,1.421073568E-3,9.995699525E-1,1.766438384E2,1.647496968E-1,-6.269227754E-2,1.766437443E2
1.476820710E1,2.927787169E-2,5.841543316E-4,1.420423272E-3,9.995701313E-1,1.766445235E2,1.646587076E-1,-6.214487694E-2,1.766444303E2
1.477320710E1,2.928147790E-2,5.872345064E-4,1.428682124E-3,9.995700121E-1,1.766441101E2,1.656152583E-1,-6.246938060E-2,1.766440158E2
1.477820710E1,2.928738570E-2,5.915054935E-4,1.430929638E-3,9.995698333E-1,1.766434328E2,1.658873985E-1,-6.295006735E-2,1.766433377E2
1.478320710E1,2.929140976E-2,5.939265247E-4,1.430832315E-3,9.995697141E-1,1.766429715E2,1.658846313E-1,-6.322703664E-2,1.766428760E2
1.478820710E1,2.929138498E-2,5.938919494E-4,1.431353739E-3,9.995697141E-1,1.766429744E2,1.659442389E-1,-6.322133018E-2,1.766428788E2
1.479320710E1,2.928930440E-2,5.922041601E-4,1.433003577E-3,9.995697737E-1,1.766432129E2,1.661274188E-1,-6.302281481E-2,1.766431175E2
1.479820710E1,2.928734335E-2,5.912037450E-4,1.431920682E-3,9.995698333E-1,1.766434377E2,1.659998998E-1,-6.291218529E-2,1.766433425E2
1.480320710E1,2.929335360E-2,5.969150807E-4,1.431433135E-3,9.995696545E-1,1.766427487E2,1.659636064E-1,-6.356701317E-2,1.766426526E2
1.480820710E1,2.929739231E-2,5.991710350E-4,1.431079116E-3,9.995695353E-1,1.766422857E2,1.659308874E-1,-6.382593328E-2,1.766421892E2
1.481320710E1,2.929328144E-2,5.965241580E-4,1.433071680E-3,9.995696545E-1,1.766427570E2,1.661499727E-1,-6.351674761E-2,1.766426608E2
1.481820710E1,2.929918908E-2,6.005944451E-4,1.435323153E-3,9.995694757E-1,1.766420797E2,1.664219043E-1,-6.397442609E-2,1.766419827E2
1.482320710E1,2.929909997E-2,6.011006772E-4,1.436929451E-3,9.995694757E-1,1.766420899E2,1.666075879E-1,-6.402703269E-2,1.766419927E2
1.482820710E1,2.930510801E-2,6.048334762E-4,1.437234110E-3,9.995692968E-1,1.766414011E2,1.666554054E-1,-6.445257131E-2,1.766413033E2
1.483320710E1,2.929913067E-2,6.004856550E-4,1.436560531E-3,9.995694757E-1,1.766420864E2,1.665632677E-1,-6.395782021E-2,1.766419894E2
1.483820710E1,2.929539614E-2,5.978316185E-4,1.430871547E-3,9.995695949E-1,1.766425145E2,1.659024877E-1,-6.367354167E-2,1.766424183E2
1.484320710E1,2.929128233E-2,5.947966129E-4,1.433077618E-3,9.995697141E-1,1.766429861E2,1.661447266E-1,-6.331918301E-2,1.766428903E2
1.484820710E1,2.929549858E-2,5.979549605E-4,1.428721123E-3,9.995695949E-1,1.766425028E2,1.656565933E-1,-6.369487177E-2,1.766424067E2
1.485320710E1,2.929750501E-2,5.988461198E-4,1.428906107E-3,9.995695353E-1,1.766422728E2,1.656809018E-1,-6.379599359E-2,1.766421765E2
1.485820710E1,2.929549159E-2,5.977636902E-4,1.428944524E-3,9.995695949E-1,1.766425036E2,1.656815396E-1,-6.367221440E-2,1.766424075E2
1.486320710E1,2.929344752E-2,5.971518694E-4,1.429410768E-3,9.995696545E-1,1.766427379E2,1.657327602E-1,-6.360090875E-2,1.766426419E2
1.486820710E1,2.929751024E-2,5.995635292E-4,1.428498072E-3,9.995695353E-1,1.766422722E2,1.656365734E-1,-6.387953634E-2,1.766421758E2
1.487320710E1,2.930153029E-2,6.029017386E-4,1.428053598E-3,9.995694160E-1,1.766418113E2,1.655971289E-1,-6.426272865E-2,1.766417144E2
1.487820710E1,2.929327877E-2,5.969000631E-4,1.432969817E-3,9.995696545E-1,1.766427573E2,1.661395667E-1,-6.356014702E-2,1.766426611E2
1.488320710E1,2.929112513E-2,5.936449743E-4,1.436763559E-3,9.995697141E-1,1.766430042E2,1.665630481E-1,-6.317492554E-2,1.766429083E2
1.488820710E1,2.929136893E-2,5.942063290E-4,1.431551646E-3,9.995697141E-1,1.766429762E2,1.659679619E-1,-6.325667830E-2,1.766428806E2
1.489320710E1,2.929770702E-2,5.997581757E-4,1.424374408E-3,9.995695353E-1,1.766422496E2,1.651649047E-1,-6.391564364E-2,1.766421535E2
1.489820710E1,2.929765014E-2,6.005376345E-4,1.425215858E-3,9.995695353E-1,1.766422561E2,1.652638999E-1,-6.400210896E-2,1.766421598E2
1.490320710E1,2.929955539E-2,6.009471836E-4,1.427677693E-3,9.995694757E-1,1.766420377E2,1.655473818E-1,-6.404043882E-2,1.766419412E2
1.490820710E1,2.929549676E-2,5.978168920E-4,1.428816235E-3,9.995695949E-1,1.766425030E2,1.656670240E-1,-6.367873808E-2,1.766424069E2
1.491320710E1,2.929356289E-2,5.958409747E-4,1.427592477E-3,9.995696545E-1,1.766427247E2,1.655200951E-1,-6.345684057E-2,1.766426290E2
1.491820710E1,2.929527527E-2,5.978383124E-4,1.433341415E-3,9.995695949E-1,1.766425284E2,1.661854074E-1,-6.366603689E-2,1.766424320E2
1.492320710E1,2.929951917E-2,6.004970055E-4,1.428610180E-3,9.995694757E-1,1.766420419E2,1.656526773E-1,-6.398574951E-2,1.766419453E2
1.492820710E1,2.929759634E-2,5.998010165E-4,1.426631236E-3,9.995695353E-1,1.766422623E2,1.654235442E-1,-6.391299204E-2,1.766421660E2
1.493320710E1,2.929554241E-2,5.978666013E-4,1.427859184E-3,9.995695949E-1,1.766424978E2,1.655575708E-1,-6.368763727E-2,1.766424017E2
1.493820710E1,2.929565307E-2,5.974746309E-4,1.425751136E-3,9.995695949E-1,1.766424851E2,1.653148006E-1,-6.364979877E-2,1.766423892E2
1.494320710E1,2.929980977E-2,6.022127345E-4,1.421912224E-3,9.995694757E-1,1.766420085E2,1.648912562E-1,-6.420471395E-2,1.766419121E2
1.494820710E1,2.929582205E-2,5.990350037E-4,1.421618275E-3,9.995695949E-1,1.766424657E2,1.648466617E-1,-6.384237410E-2,1.766423699E2
1.495320710E1,2.929164286E-2,5.954166409E-4,1.425430761E-3,9.995697141E-1,1.766429448E2,1.652709403E-1,-6.341581052E-2,1.766428493E2
1.495820710E1,2.929140920E-2,5.949211190E-4,1.430430333E-3,9.995697141E-1,1.766429716E2,1.658419259E-1,-6.334230915E-2,1.766428759E2
1.496320710E1,2.929540559E-2,5.976474495E-4,1.430755132E-3,9.995695949E-1,1.766425134E2,1.658885355E-1,-6.365283578E-2,1.766424173E2
1.496820710E1,2.929150476E-2,5.954959197E-4,1.428232761E-3,9.995697141E-1,1.766429606E2,1.655921459E-1,-6.341550877E-2,1.766428650E2
1.497320710E1,2.929355995E-2,5.960696144E-4,1.427557319E-3,9.995696545E-1,1.766427250E2,1.655168355E-1,-6.348314799E-2,1.766426293E2
1.497820710E1,2.928760179E-2,5.925590522E-4,1.426062663E-3,9.995698333E-1,1.766434081E2,1.653334724E-1,-6.308704311E-2,1.766433130E2
1.498320710E1,2.929166070E-2,5.943396245E-4,1.425513648E-3,9.995697141E-1,1.766429428E2,1.652768202E-1,-6.329216543E-2,1.766428475E2
1.498820710E1,2.929558838E-2,5.974337691E-4,1.427096897E-3,9.995695949E-1,1.766424925E2,1.654688062E-1,-6.364061118E-2,1.766423966E2
1.499320710E1,2.930133967E-2,6.028999924E-4,1.431960263E-3,9.995694160E-1,1.766418332E2,1.660445901E-1,-6.424944246E-2,1.766417360E2
1.499820710E1,2.930554111E-2,6.066886708E-4,1.427588868E-3,9.995692968E-1,1.766413515E2,1.655568736E-1,-6.469738855E-2,1.766412540E2
1.500320710E1,2.930759600E-2,6.068596849E-4,1.427065930E-3,9.995692372E-1,1.766411159E2,1.654976824E-1,-6.471839283E-2,1.766410184E2
1.500820710E1,2.930163835E-2,6.022772868E-4,1.426098519E-3,9.995694160E-1,1.766417989E2,1.653710992E-1,-6.419774944E-2,1.766417022E2
1.501320710E1,2.930951103E-2,6.098633748E-4,1.428204007E-3,9.995691776E-1,1.766408964E2,1.656382537E-1,-6.505830259E-2,1.766407983E2
1.501820710E1,2.931142226E-2,6.100219325E-4,1.430626842E-3,9.995691180E-1,1.766406773E2,1.659164283E-1,-6.506800926E-2,1.766405790E2
1.502320710E1,2.930550350E-2,6.063207984E-4,1.428517047E-3,9.995692968E-1,1.766413558E2,1.656619517E-1,-6.465214078E-2,1.766412583E2
1.502820710E1,2.929333651E-2,5.959435948E-4,1.432187273E-3,9.995696545E-1,1.766427506E2,1.660467249E-1,-6.345320827E-2,1.766426547E2
1.503320710E1,2.929513016E-2,5.978662521E-4,1.436292543E-3,9.995695949E-1,1.766425450E2,1.665235217E-1,-6.365935413E-2,1.766424484E2
1.503820710E1,2.930733240E-2,6.074643461E-4,1.432212768E-3,9.995692372E-1,1.766411461E2,1.660892279E-1,-6.477041018E-2,1.766410482E2
1.504320710E1,2.930777276E-2,6.079245941E-4,1.422976726E-3,9.995692372E-1,1.766410957E2,1.650328829E-1,-6.485407432E-2,1.766409982E2
1.504820710E1,2.930165319E-2,6.026436458E-4,1.425638795E-3,9.995694160E-1,1.766417972E2,1.653196725E-1,-6.424125424E-2,1.766417005E2
1.505320710E1,2.929547533E-2,5.984025192E-4,1.429010532E-3,9.995695949E-1,1.766425054E2,1.656912440E-1,-6.374516843E-2,1.766424092E2
1.505820710E1,2.929570893E-2,5.983365118E-4,1.424241229E-3,9.995695949E-1,1.766424787E2,1.651447492E-1,-6.375358029E-2,1.766423828E2
1.506320710E1,2.930561429E-2,6.057426799E-4,1.426488045E-3,9.995692968E-1,1.766413431E2,1.654276102E-1,-6.459271739E-2,1.766412458E2
1.506820710E1,2.930363082E-2,6.049395306E-4,1.425809227E-3,9.995693564E-1,1.766415705E2,1.653470314E-1,-6.450333063E-2,1.766414734E2
1.507320710E1,2.930554773E-2,6.051930832E-4,1.428087824E-3,9.995692968E-1,1.766413507E2,1.656090029E-1,-6.452440387E-2,1.766412534E2
1.507820710E1,2.929960601E-2,6.020852015E-4,1.426158589E-3,9.995694757E-1,1.766420319E2,1.653772043E-1,-6.417588210E-2,1.766419353E2
1.508320710E1,2.929942913E-2,6.016090047E-4,1.429988304E-3,9.995694757E-1,1.766420522E2,1.658142593E-1,-6.410850817E-2,1.766419554E2
1.508820710E1,2.930538992E-2,6.061473978E-4,1.430918695E-3,9.995692968E-1,1.766413688E2,1.659364528E-1,-6.462423257E-2,1.766412712E2
1.509320710E1,2.931356064E-2,6.119253812E-4,1.427642303E-3,9.995690584E-1,1.766404321E2,1.655811053E-1,-6.529570516E-2,1.766403337E2
1.509820710E1,2.931562609E-2,6.134594441E-4,1.426304691E-3,9.995689988E-1,1.766401953E2,1.654331807E-1,-6.547557157E-2,1.766400968E2
1.510320710E1,2.931538630E-2,6.136141601E-4,1.431158511E-3,9.995689988E-1,1.766402228E2,1.659896534E-1,-6.547702685E-2,1.766401239E2
1.510820710E1,2.931943366E-2,6.167181418E-4,1.430173055E-3,9.995688796E-1,1.766397588E2,1.658874716E-1,-6.583520259E-2,1.766396595E2
1.511320710E1,2.932169208E-2,6.187527324E-4,1.424641348E-3,9.995688200E-1,1.766394999E2,1.652608419E-1,-6.608646144E-2,1.766394006E2
1.511820710E1,2.932174323E-2,6.186742103E-4,1.423622249E-3,9.995688200E-1,1.766394941E2,1.651438512E-1,-6.608088319E-2,1.766393948E2
1.512320710E1,2.931948743E-2,6.174342125E-4,1.428761054E-3,9.995688796E-1,1.766397527E2,1.657281470E-1,-6.592195811E-2,1.766396533E2
1.512820710E1,2.932120178E-2,6.184400991E-4,1.434831764E-3,9.995688200E-1,1.766395561E2,1.664269942E-1,-6.601649233E-2,1.766394562E2
1.513320710E1,2.932737819E-2,6.227855338E-4,1.431287848E-3,9.995686412E-1,1.766388481E2,1.660360782E-1,-6.652510975E-2,1.766387476E2
1.513820710E1,2.932344513E-2,6.198436022E-4,1.429895870E-3,9.995687604E-1,1.766392990E2,1.658664895E-1,-6.619346531E-2,1.766391991E2
1.514320710E1,2.931362419E-2,6.123739295E-4,1.426144387E-3,9.995690584E-1,1.766404248E2,1.654110413E-1,-6.535210414E-2,1.766403265E2
1.514820710E1,2.931163594E-2,6.112003466E-4,1.425737515E-3,9.995691180E-1,1.766406528E2,1.653603650E-1,-6.521937505E-2,1.766405546E2
1.515320710E1,2.930386620E-2,6.050049560E-4,1.420935499E-3,9.995693564E-1,1.766415435E2,1.647890173E-1,-6.452715202E-2,1.766414467E2
1.515820710E1,2.929786754E-2,5.996022956E-4,1.421134803E-3,9.995695353E-1,1.766422312E2,1.647933189E-1,-6.390863887E-2,1.766421353E2
1.516320710E1,2.929194507E-2,5.949414335E-4,1.419406151E-3,9.995697141E-1,1.766429102E2,1.645792901E-1,-6.338155208E-2,1.766428151E2
1.516820710E1,2.928789926E-2,5.929400795E-4,1.419781125E-3,9.995698333E-1,1.766433740E2,1.646152666E-1,-6.315172003E-2,1.766432793E2
1.517320710E1,2.928786870E-2,5.919401301E-4,1.420828397E-3,9.995698333E-1,1.766433775E2,1.647318657E-1,-6.303367367E-2,1.766432829E2
1.517820710E1,2.927573597E-2,5.831274902E-4,1.422918518E-3,9.995701909E-1,1.766447684E2,1.649409418E-1,-6.201924078E-2,1.766446751E2
1.518320710E1,2.928172781E-2,5.876900977E-4,1.423362992E-3,9.995700121E-1,1.766440815E2,1.650075355E-1,-6.253937223E-2,1.766439874E2
1.518820710E1,2.928970013E-2,5.934770452E-4,1.424362534E-3,9.995697737E-1,1.766431675E2,1.651419491E-1,-6.319755146E-2,1.766430724E2
1.519320710E1,2.929177935E-2,5.956413806E-4,1.422529109E-3,9.995697141E-1,1.766429292E2,1.649393408E-1,-6.345127010E-2,1.766428338E2
1.519820710E1,2.928763291E-2,5.915648071E-4,1.425836235E-3,9.995698333E-1,1.766434045E2,1.653042017E-1,-6.297391479E-2,1.766433097E2
1.520320710E1,2.928747251E-2,5.914604990E-4,1.429170370E-3,9.995698333E-1,1.766434229E2,1.656857419E-1,-6.295080362E-2,1.766433279E2
1.520820710E1,2.928373248E-2,5.882480764E-4,1.423748443E-3,9.995699525E-1,1.766438517E2,1.650536841E-1,-6.260165998E-2,1.766437575E2
1.521320710E1,2.927398266E-2,5.816916819E-4,1.417697757E-3,9.995702505E-1,1.766449694E2,1.643380164E-1,-6.187258306E-2,1.766448767E2
1.521820710E1,2.927184950E-2,5.799593637E-4,1.420425717E-3,9.995703101E-1,1.766452139E2,1.646445409E-1,-6.166535930E-2,1.766451214E2
1.522320710E1,2.927582975E-2,5.824308610E-4,1.421273220E-3,9.995701909E-1,1.766447576E2,1.647501537E-1,-6.194495150E-2,1.766446646E2
1.522820710E1,2.927415384E-2,5.816356861E-4,1.414181665E-3,9.995702505E-1,1.766449498E2,1.639350968E-1,-6.187793635E-2,1.766448573E2
1.523320710E1,2.927018714E-2,5.791094154E-4,1.413065358E-3,9.995703697E-1,1.766454045E2,1.637985125E-1,-6.159296624E-2,1.766453125E2
1.523820710E1,2.927210653E-2,5.804693792E-4,1.414909726E-3,9.995703101E-1,1.766451845E2,1.640144516E-1,-6.174223836E-2,1.766450922E2
1.524320710E1,2.928214038E-2,5.879098899E-4,1.414758619E-3,9.995700121E-1,1.766440342E2,1.640227318E-1,-6.259335232E-2,1.766439406E2
1.524820710E1,2.928196255E-2,5.876318319E-4,1.418549800E-3,9.995700121E-1,1.766440546E2,1.644560393E-1,-6.254881054E-2,1.766439608E2
1.525320710E1,2.927601818E-2,5.834841868E-4,1.416953397E-3,9.995701909E-1,1.766447360E2,1.642588955E-1,-6.208006334E-2,1.766446431E2
1.525820710E1,2.927776765E-2,5.845854175E-4,1.422388945E-3,9.995701313E-1,1.766445355E2,1.648853008E-1,-6.218767667E-2,1.766444420E2
1.526320710E1,2.928426662E-2,5.903737620E-4,1.411832403E-3,9.995699525E-1,1.766437904E2,1.636959574E-1,-6.288504088E-2,1.766436967E2
1.526820710E1,2.928435276E-2,5.890708417E-4,1.410589321E-3,9.995699525E-1,1.766437805E2,1.635492043E-1,-6.273995886E-2,1.766436871E2
1.527320710E1,2.927997550E-2,5.857850774E-4,1.418329310E-3,9.995700717E-1,1.766442824E2,1.644244626E-1,-6.233834574E-2,1.766441890E2
1.527820710E1,2.927986165E-2,5.862326361E-4,1.420492888E-3,9.995700717E-1,1.766442954E2,1.646737792E-1,-6.238236938E-2,1.766442018E2
1.528320710E1,2.928604042E-2,5.909785395E-4,1.416976447E-3,9.995698929E-1,1.766435871E2,1.642873108E-1,-6.293675944E-2,1.766434929E2
1.528820710E1,2.928803939E-2,5.921476986E-4,1.417218708E-3,9.995698333E-1,1.766433579E2,1.643191100E-1,-6.306953597E-2,1.766432635E2
1.529320710E1,2.928185985E-2,5.874789786E-4,1.420731307E-3,9.995700121E-1,1.766440663E2,1.647053953E-1,-6.252399911E-2,1.766439725E2
1.529820710E1,2.927776892E-2,5.839081714E-4,1.422640984E-3,9.995701313E-1,1.766445353E2,1.649118978E-1,-6.210925750E-2,1.766444420E2
1.530320710E1,2.927586407E-2,5.824843538E-4,1.420544344E-3,9.995701909E-1,1.766447537E2,1.646668479E-1,-6.195351832E-2,1.766446607E2
1.530820710E1,2.927380918E-2,5.805440014E-4,1.421744702E-3,9.995702505E-1,1.766449893E2,1.647977032E-1,-6.172757758E-2,1.766448965E2
1.531320710E1,2.927584560E-2,5.822259700E-4,1.421030844E-3,9.995701909E-1,1.766447558E2,1.647217048E-1,-6.192229334E-2,1.766446628E2
1.531820710E1,2.928413899E-2,5.888026790E-4,1.415131963E-3,9.995699525E-1,1.766438051E2,1.640686169E-1,-6.269403361E-2,1.766437113E2
1.532320710E1,2.927432978E-2,5.820673541E-4,1.410356956E-3,9.995702505E-1,1.766449296E2,1.634984638E-1,-6.194018246E-2,1.766448373E2
1.532820710E1,2.926999873E-2,5.785370595E-4,1.417196589E-3,9.995703697E-1,1.766454261E2,1.642697830E-1,-6.151358119E-2,1.766453340E2
1.533320710E1,2.926774395E-2,5.754050217E-4,1.422986970E-3,9.995704293E-1,1.766456846E2,1.649223846E-1,-6.113578018E-2,1.766455926E2
1.533820710E1,2.926616644E-2,5.745712551E-4,1.413870836E-3,9.995704889E-1,1.766458654E2,1.638753056E-1,-6.107111212E-2,1.766457742E2
1.534320710E1,2.926598667E-2,5.742973299E-4,1.417697989E-3,9.995704889E-1,1.766458860E2,1.643127482E-1,-6.102693030E-2,1.766457946E2
1.534820710E1,2.925800084E-2,5.678737070E-4,1.417016028E-3,9.995707273E-1,1.766468015E2,1.642126086E-1,-6.029475238E-2,1.766467112E2
1.535320710E1,2.925961442E-2,5.699581234E-4,1.424885239E-3,9.995706677E-1,1.766466166E2,1.651210556E-1,-6.050685587E-2,1.766465254E2
1.535820710E1,2.925773969E-2,5.681949551E-4,1.422269735E-3,9.995707273E-1,1.766468315E2,1.648154436E-1,-6.031397726E-2,1.766467408E2
1.536320710E1,2.925194434E-2,5.640473100E-4,1.417447347E-3,9.995709062E-1,1.766474959E2,1.642488205E-1,-5.985601677E-2,1.766474062E2
1.536820710E1,2.924986212E-2,5.618802970E-4,1.419243519E-3,9.995709658E-1,1.766477346E2,1.644471702E-1,-5.960212345E-2,1.766476451E2
1.537320710E1,2.924806887E-2,5.599742872E-4,1.414967817E-3,9.995710254E-1,1.766479402E2,1.639509242E-1,-5.939843024E-2,1.766478513E2
1.537820710E1,2.924048182E-2,5.544464220E-4,1.405495335E-3,9.995712638E-1,1.766488099E2,1.628469458E-1,-5.879823987E-2,1.766487226E2
1.538320710E1,2.924434429E-2,5.587119958E-4,1.408222015E-3,9.995711446E-1,1.766483671E2,1.631737900E-1,-5.927706207E-2,1.766482789E2
1.538820710E1,2.925196457E-2,5.644056364E-4,1.416887157E-3,9.995709062E-1,1.766474935E2,1.641858572E-1,-5.989893484E-2,1.766474038E2
1.539320710E1,2.925226395E-2,5.639113369E-4,1.410890487E-3,9.995709062E-1,1.766474592E2,1.634973435E-1,-5.986236919E-2,1.766473699E2
1.539820710E1,2.925023237E-2,5.627470673E-4,1.411246834E-3,9.995709658E-1,1.766476921E2,1.635341360E-1,-5.972814877E-2,1.766476030E2
1.540320710E1,2.924817999E-2,5.604788894E-4,1.412468962E-3,9.995710254E-1,1.766479274E2,1.636663966E-1,-5.946458576E-2,1.766478386E2
1.540820710E1,2.925412047E-2,5.658052978E-4,1.413864200E-3,9.995708466E-1,1.766472464E2,1.638444213E-1,-6.006903538E-2,1.766471566E2
1.541320710E1,2.926051902E-2,5.708527169E-4,1.405823627E-3,9.995706677E-1,1.766465129E2,1.629407426E-1,-6.067309086E-2,1.766464227E2
1.541820710E1,2.924667805E-2,5.608706269E-4,1.401187503E-3,9.995710850E-1,1.766480996E2,1.623754115E-1,-5.954751223E-2,1.766480114E2
1.542320710E1,2.924046961E-2,5.545903114E-4,1.405692659E-3,9.995712638E-1,1.766488113E2,1.628700293E-1,-5.881406210E-2,1.766487239E2
1.542820710E1,2.923482144E-2,5.515063531E-4,1.397206797E-3,9.995714426E-1,1.766494588E2,1.618873709E-1,-5.849016715E-2,1.766493724E2
1.543320710E1,2.924248848E-2,5.562560400E-4,1.405421528E-3,9.995712042E-1,1.766485799E2,1.628446742E-1,-5.900543835E-2,1.766484922E2
1.543820710E1,2.924222175E-2,5.558421253E-4,1.411123667E-3,9.995712042E-1,1.766486105E2,1.634964098E-1,-5.893896312E-2,1.766485225E2
1.544320710E1,2.924214103E-2,5.553711671E-4,1.412980608E-3,9.995712042E-1,1.766486197E2,1.637075258E-1,-5.887880902E-2,1.766485317E2
1.544820710E1,2.924017616E-2,5.551403738E-4,1.411567326E-3,9.995712638E-1,1.766488450E2,1.635447555E-1,-5.885743076E-2,1.766487571E2
1.545320710E1,2.923630386E-2,5.524121225E-4,1.408426906E-3,9.995713830E-1,1.766492889E2,1.631756743E-1,-5.855608512E-2,1.766492017E2
1.545820710E1,2.924440545E-2,5.584043101E-4,1.407073461E-3,9.995711446E-1,1.766483601E2,1.630412040E-1,-5.924565811E-2,1.766482720E2
1.546320710E1,2.924841377E-2,5.611361703E-4,1.407357748E-3,9.995710254E-1,1.766479006E2,1.630831614E-1,-5.955696536E-2,1.766478120E2
1.546820710E1,2.925436899E-2,5.652816617E-4,1.408922835E-3,9.995708466E-1,1.766472179E2,1.632766836E-1,-6.002558152E-2,1.766471285E2
1.547320710E1,2.924626131E-2,5.600196891E-4,1.410197467E-3,9.995710850E-1,1.766481474E2,1.634045602E-1,-5.941991484E-2,1.766480588E2
1.547820710E1,2.923828004E-2,5.533460062E-4,1.409338554E-3,9.995713234E-1,1.766490624E2,1.632833419E-1,-5.865967733E-2,1.766489749E2
1.548320710E1,2.924642307E-2,5.591806839E-4,1.407172414E-3,9.995710850E-1,1.766481288E2,1.630552601E-1,-5.933392512E-2,1.766480406E2
1.548820710E1,2.924629047E-2,5.602038000E-4,1.409519464E-3,9.995710850E-1,1.766481440E2,1.633275187E-1,-5.944327089E-2,1.766480554E2
1.549320710E1,2.924276444E-2,5.564941675E-4,1.399573288E-3,9.995712042E-1,1.766485483E2,1.621756152E-1,-5.905226694E-2,1.766484609E2
1.549820710E1,2.923467988E-2,5.497950478E-4,1.400838373E-3,9.995714426E-1,1.766494751E2,1.622975998E-1,-5.828200666E-2,1.766493887E2
1.550320710E1,2.924275801E-2,5.563894520E-4,1.399749191E-3,9.995712042E-1,1.766485490E2,1.621954124E-1,-5.903968414E-2,1.766484616E2
1.550820710E1,2.925099458E-2,5.632789689E-4,1.395144616E-3,9.995709658E-1,1.766476047E2,1.616915734E-1,-5.984292416E-2,1.766475165E2
1.551320710E1,2.924510757E-2,5.592299276E-4,1.392072765E-3,9.995711446E-1,1.766482796E2,1.613257924E-1,-5.939038417E-2,1.766481923E2
1.551820710E1,2.924296234E-2,5.580395809E-4,1.394814812E-3,9.995712042E-1,1.766485256E2,1.616357572E-1,-5.924519634E-2,1.766484382E2
1.552320710E1,2.924890209E-2,5.627552164E-4,1.396520995E-3,9.995710254E-1,1.766478446E2,1.618473466E-1,-5.977865745E-2,1.766477564E2
1.552820710E1,2.925301237E-2,5.657179863E-4,1.394555205E-3,9.995709062E-1,1.766473734E2,1.616323581E-1,-6.012394455E-2,1.766472848E2
1.553320710E1,2.925315374E-2,5.662866170E-4,1.391355298E-3,9.995709062E-1,1.766473572E2,1.612677469E-1,-6.019978093E-2,1.766472687E2
1.553820710E1,2.925734869E-2,5.682764458E-4,1.387976808E-3,9.995707870E-1,1.766468763E2,1.608876901E-1,-6.043835109E-2,1.766467877E2
1.554320710E1,2.925944424E-2,5.702716880E-4,1.385908108E-3,9.995707273E-1,1.766466361E2,1.606575527E-1,-6.067348993E-2,1.766465472E2
1.554820710E1,2.925139754E-2,5.644190824E-4,1.386206714E-3,9.995709658E-1,1.766475586E2,1.606716481E-1,-6.000341067E-2,1.766474707E2
1.555320710E1,2.925346502E-2,5.663475604E-4,1.384770265E-3,9.995709062E-1,1.766473215E2,1.605137027E-1,-6.022878627E-2,1.766472334E2
1.555820710E1,2.925694777E-2,5.685006618E-4,1.396311098E-3,9.995707870E-1,1.766469223E2,1.618430493E-1,-6.043615555E-2,1.766468331E2
1.556320710E1,2.925293795E-2,5.658132141E-4,1.396076870E-3,9.995709062E-1,1.766473820E2,1.618069684E-1,-6.012976322E-2,1.766472932E2
1.556820710E1,2.925295396E-2,5.647417274E-4,1.396175358E-3,9.995709062E-1,1.766473801E2,1.618146583E-1,-6.000669982E-2,1.766472916E2
1.557320710E1,2.925488973E-2,5.669412785E-4,1.397396438E-3,9.995708466E-1,1.766471582E2,1.619620146E-1,-6.025423471E-2,1.766470692E2
1.557820710E1,2.925915341E-2,5.700840848E-4,1.392111415E-3,9.995707273E-1,1.766466694E2,1.613674493E-1,-6.063124880E-2,1.766465802E2
1.558320710E1,2.926726268E-2,5.765295937E-4,1.390183228E-3,9.995704889E-1,1.766457398E2,1.611687001E-1,-6.137469041E-2,1.766456496E2
1.558820710E1,2.926721704E-2,5.760705681E-4,1.391333994E-3,9.995704889E-1,1.766457450E2,1.612989694E-1,-6.131826037E-2,1.766456549E2
1.559320710E1,2.926892993E-2,5.775282625E-4,1.397505170E-3,9.995704293E-1,1.766455486E2,1.620108266E-1,-6.146425320E-2,1.766454579E2
1.559820710E1,2.927684162E-2,5.841490929E-4,1.399559202E-3,9.995701909E-1,1.766446416E2,1.622688012E-1,-6.221444502E-2,1.766445497E2
1.560320710E1,2.927891338E-2,5.857830984E-4,1.398105291E-3,9.995701313E-1,1.766444041E2,1.621078781E-1,-6.240614966E-2,1.766443120E2
1.560820710E1,2.927512818E-2,5.831739400E-4,1.393223298E-3,9.995702505E-1,1.766448381E2,1.615396920E-1,-6.212428242E-2,1.766447467E2
1.561320710E1,2.927331766E-2,5.809351569E-4,1.389432349E-3,9.995703101E-1,1.766450456E2,1.610978438E-1,-6.188085655E-2,1.766449548E2
1.561820710E1,2.927928976E-2,5.867461441E-4,1.389794634E-3,9.995701313E-1,1.766443610E2,1.611592089E-1,-6.254428249E-2,1.766442692E2
1.562320710E1,2.927538689E-2,5.827170098E-4,1.387968427E-3,9.995702505E-1,1.766448084E2,1.609362684E-1,-6.208953184E-2,1.766447174E2
1.562820710E1,2.927129710E-2,5.799686187E-4,1.389524783E-3,9.995703697E-1,1.766452773E2,1.611050640E-1,-6.177016258E-2,1.766451866E2
1.563320710E1,2.928713548E-2,5.925301230E-4,1.393500948E-3,9.995698929E-1,1.766434615E2,1.616036435E-1,-6.319308883E-2,1.766433686E2
1.563820710E1,2.928921691E-2,5.946768215E-4,1.391593250E-3,9.995698333E-1,1.766432229E2,1.613924681E-1,-6.344504308E-2,1.766431297E2
1.564320710E1,2.928735279E-2,5.926807062E-4,1.388861914E-3,9.995698929E-1,1.766434366E2,1.610727958E-1,-6.322587128E-2,1.766433439E2
1.564820710E1,2.928133240E-2,5.875620991E-4,1.389284385E-3,9.995700717E-1,1.766441268E2,1.611036296E-1,-6.263912668E-2,1.766440349E2
1.565320710E1,2.928522257E-2,5.907372106E-4,1.391708269E-3,9.995699525E-1,1.766436808E2,1.613921672E-1,-6.299404989E-2,1.766435883E2
1.565820710E1,2.928923559E-2,5.947602331E-4,1.391164260E-3,9.995698333E-1,1.766432208E2,1.613436116E-1,-6.345603408E-2,1.766431276E2
1.566320710E1,2.929128153E-2,5.952379433E-4,1.390710357E-3,9.995697737E-1,1.766429862E2,1.612933538E-1,-6.351194545E-2,1.766428930E2
1.566820710E1,2.928504176E-2,5.912629422E-4,1.395285130E-3,9.995699525E-1,1.766437016E2,1.618036231E-1,-6.304229395E-2,1.766436087E2
1.567320710E1,2.928304035E-2,5.887632724E-4,1.395647065E-3,9.995700121E-1,1.766439310E2,1.618365653E-1,-6.275508542E-2,1.766438385E2
1.567820710E1,2.928513287E-2,5.909228930E-4,1.393515733E-3,9.995699525E-1,1.766436911E2,1.615998164E-1,-6.300926715E-2,1.766435984E2
1.568320710E1,2.928326276E-2,5.889814929E-4,1.390880323E-3,9.995700121E-1,1.766439055E2,1.612913167E-1,-6.279604070E-2,1.766438133E2
1.568820710E1,2.928332681E-2,5.887363805E-4,1.389635145E-3,9.995700121E-1,1.766438982E2,1.611478722E-1,-6.277213309E-2,1.766438061E2
1.569320710E1,2.928734267E-2,5.922353012E-4,1.389265293E-3,9.995698929E-1,1.766434378E2,1.611175043E-1,-6.317350138E-2,1.766433451E2
1.569820710E1,2.928732851E-2,5.920495023E-4,1.389642828E-3,9.995698929E-1,1.766434394E2,1.611601236E-1,-6.315095476E-2,1.766433468E2
1.570320710E1,2.928929271E-2,5.937803653E-4,1.390380086E-3,9.995698333E-1,1.766432142E2,1.612505049E-1,-6.334642056E-2,1.766431212E2
1.570820710E1,2.929725808E-2,5.997478147E-4,1.391403144E-3,9.995695949E-1,1.766423011E2,1.613882290E-1,-6.402522605E-2,1.766422070E2
1.571320710E1,2.929713920E-2,6.000416470E-4,1.393777668E-3,9.995695949E-1,1.766423147E2,1.616611919E-1,-6.405092946E-2,1.766422205E2
1.571820710E1,2.929510326E-2,5.987102049E-4,1.394397579E-3,9.995696545E-1,1.766425481E2,1.617275977E-1,-6.389667125E-2,1.766424541E2
1.572320710E1,2.929480264E-2,5.988226621E-4,1.400650945E-3,9.995696545E-1,1.766425826E2,1.624442324E-1,-6.388860823E-2,1.766424881E2
1.572820710E1,2.930276113E-2,6.050737575E-4,1.401635120E-3,9.995694160E-1,1.766416702E2,1.625784629E-1,-6.460002456E-2,1.766415746E2
1.573320710E1,2.930697691E-2,6.087660440E-4,1.396899926E-3,9.995692968E-1,1.766411869E2,1.620487555E-1,-6.503816445E-2,1.766410910E2
1.573820710E1,2.930094867E-2,6.040307344E-4,1.397462445E-3,9.995694757E-1,1.766418780E2,1.620968948E-1,-6.449485990E-2,1.766417829E2
1.574320710E1,2.930502770E-2,6.069306401E-4,1.395940548E-3,9.995693564E-1,1.766414104E2,1.619325750E-1,-6.483147096E-2,1.766413148E2
1.574820710E1,2.934572945E-2,6.398592377E-4,1.379697002E-3,9.995681643E-1,1.766367443E2,1.601853814E-1,-6.865121311E-2,1.766366444E2
1.575320710E1,2.943859554E-2,7.132131723E-4,1.351477811E-3,9.995654225E-1,1.766260980E2,1.572069506E-1,-7.713362047E-2,1.766259882E2
1.575820710E1,2.953600952E-2,7.921112119E-4,1.342192991E-3,9.995625019E-1,1.766149303E2,1.564180313E-1,-8.618682379E-2,1.766148086E2
1.576320710E1,2.958151511E-2,8.275631699E-4,1.339588081E-3,9.995611310E-1,1.766097135E2,1.562437723E-1,-9.024924756E-2,1.766095862E2
1.576820710E1,2.958202514E-2,8.281617775E-4,1.327904174E-3,9.995611310E-1,1.766096550E2,1.549075542E-1,-9.035734137E-2,1.766095287E2
1.577320710E1,2.959868395E-2,8.423302788E-4,1.306536142E-3,9.995606542E-1,1.766077452E2,1.525095939E-1,-9.205011591E-2,1.766076186E2
1.577820710E1,2.967008336E-2,8.990756469E-4,1.290778629E-3,9.995585084E-1,1.765995599E2,1.509042356E-1,-9.859247206E-2,1.765994258E2
1.578320710E1,2.975842987E-2,9.697081405E-4,1.282908022E-3,9.995558262E-1,1.765894316E2,1.502523326E-1,-1.066962729E-1,1.765892873E2
1.578820710E1,2.980569120E-2,1.007961575E-3,1.270775800E-3,9.995543957E-1,1.765840135E2,1.489984124E-1,-1.111121788E-1,1.765838645E2
1.579320710E1,2.978852286E-2,9.947215440E-4,1.261790167E-3,9.995549321E-1,1.765859817E2,1.479220801E-1,-1.096288901E-1,1.765858358E2
1.579820710E1,2.974170089E-2,9.576539742E-4,1.261766534E-3,9.995563626E-1,1.765913495E2,1.477878900E-1,-1.053901501E-1,1.765912093E2
1.580320710E1,2.970393658E-2,9.272003081E-4,1.276873751E-3,9.995574951E-1,1.765956789E2,1.494106357E-1,-1.018561177E-1,1.765955418E2
1.580820710E1,2.968401440E-2,9.101115284E-4,1.285836450E-3,9.995580912E-1,1.765979628E2,1.503770695E-1,-9.987124145E-2,1.765978275E2
1.581320710E1,2.965618100E-2,8.879069937E-4,1.294892165E-3,9.995589256E-1,1.766011537E2,1.513360749E-1,-9.730132139E-2,1.766010210E2
1.581820710E1,2.959632938E-2,8.400955121E-4,1.315681729E-3,9.995607138E-1,1.766080152E2,1.535493470E-1,-9.176348375E-2,1.766078881E2
1.582320710E1,2.950810431E-2,7.697814726E-4,1.347515034E-3,9.995633364E-1,1.766181294E2,1.569497084E-1,-8.361551049E-2,1.766180108E2
1.582820710E1,2.939754731E-2,6.804324803E-4,1.379907713E-3,9.995666146E-1,1.766308038E2,1.603497675E-1,-7.328953688E-2,1.766306973E2
1.583320710E1,2.931490566E-2,6.148914690E-4,1.398451859E-3,9.995690584E-1,1.766402779E2,1.622476121E-1,-6.573328529E-2,1.766401809E2
1.583820710E1,2.930649768E-2,6.065881462E-4,1.407858450E-3,9.995692968E-1,1.766412418E2,1.632966264E-1,-6.475197800E-2,1.766411456E2
1.584320710E1,2.933447091E-2,6.300102104E-4,1.407456934E-3,9.995684624E-1,1.766380350E2,1.633311875E-1,-6.743157121E-2,1.766379348E2
1.584820710E1,2.935240408E-2,6.437529810E-4,1.408335404E-3,9.995679259E-1,1.766359791E2,1.634792478E-1,-6.899981158E-2,1.766358766E2
1.585320710E1,2.935655228E-2,6.470070221E-4,1.404986717E-3,9.995678067E-1,1.766355035E2,1.631069153E-1,-6.938312313E-2,1.766354007E2
1.585820710E1,2.933425001E-2,6.295590429E-4,1.412254642E-3,9.995684624E-1,1.766380603E2,1.638791970E-1,-6.736380181E-2,1.766379599E2
1.586320710E1,2.931827441E-2,6.158871693E-4,1.412528683E-3,9.995689392E-1,1.766398917E2,1.638635733E-1,-6.579949387E-2,1.766397937E2
1.586820710E1,2.931844391E-2,6.168930558E-4,1.408566022E-3,9.995689392E-1,1.766398723E2,1.634130712E-1,-6.592799609E-2,1.766397743E2
1.587320710E1,2.933837089E-2,6.328000454E-4,1.409576158E-3,9.995683432E-1,1.766375879E2,1.635835717E-1,-6.774336268E-2,1.766374871E2
1.587820710E1,2.935640362E-2,6.474957336E-4,1.407864853E-3,9.995678067E-1,1.766355206E2,1.634382176E-1,-6.942944307E-2,1.766354175E2
1.588320710E1,2.934075824E-2,6.345580332E-4,1.401337562E-3,9.995682836E-1,1.766373142E2,1.626459763E-1,-6.797203632E-2,1.766372137E2
1.588820710E1,2.931894371E-2,6.170540582E-4,1.398053137E-3,9.995689392E-1,1.766398150E2,1.622094733E-1,-6.598167719E-2,1.766397177E2
1.589320710E1,2.930886167E-2,6.089102244E-4,1.399941044E-3,9.995692372E-1,1.766409708E2,1.623976996E-1,-6.504415959E-2,1.766408747E2
1.589820710E1,2.932288481E-2,6.212015287E-4,1.398792141E-3,9.995688200E-1,1.766393632E2,1.623083182E-1,-6.645361470E-2,1.766392651E2
1.590320710E1,2.934316995E-2,6.374472287E-4,1.392013393E-3,9.995682240E-1,1.766370377E2,1.615878435E-1,-6.833393176E-2,1.766369374E2
1.590820710E1,2.933928563E-2,6.332219928E-4,1.390214427E-3,9.995683432E-1,1.766374830E2,1.613673134E-1,-6.785664054E-2,1.766373835E2
1.591320710E1,2.932339443E-2,6.208179402E-4,1.388239441E-3,9.995688200E-1,1.766393048E2,1.610983310E-1,-6.644505529E-2,1.766392075E2
1.591820710E1,2.931127716E-2,6.119073951E-4,1.390588935E-3,9.995691776E-1,1.766406939E2,1.613367108E-1,-6.541848277E-2,1.766405979E2
1.592320710E1,2.931142229E-2,6.114838179E-4,1.387713244E-3,9.995691776E-1,1.766406773E2,1.610059087E-1,-6.537960116E-2,1.766405815E2
1.592820710E1,2.931926709E-2,6.177459727E-4,1.390947844E-3,9.995689392E-1,1.766397779E2,1.613979618E-1,-6.608475077E-2,1.766396810E2
1.593320710E1,2.933517666E-2,6.308064912E-4,1.392309205E-3,9.995684624E-1,1.766379541E2,1.615988547E-1,-6.757358522E-2,1.766378548E2
1.593820710E1,2.933717639E-2,6.314672646E-4,1.392666600E-3,9.995684028E-1,1.766377248E2,1.616421484E-1,-6.764774679E-2,1.766376254E2
1.594320710E1,2.931915908E-2,6.175950402E-4,1.393289538E-3,9.995689392E-1,1.766397903E2,1.616656709E-1,-6.605961238E-2,1.766396932E2
1.594820710E1,2.930736303E-2,6.080467720E-4,1.389090554E-3,9.995692968E-1,1.766411426E2,1.611518598E-1,-6.498194241E-2,1.766410474E2
1.595320710E1,2.931134029E-2,6.112224655E-4,1.389559126E-3,9.995691776E-1,1.766406867E2,1.612164572E-1,-6.534347829E-2,1.766405909E2
1.595820710E1,2.931932509E-2,6.186981336E-4,1.389301149E-3,9.995689392E-1,1.766397713E2,1.612125484E-1,-6.619933665E-2,1.766396743E2
1.596320710E1,2.932751454E-2,6.242361269E-4,1.385503565E-3,9.995687008E-1,1.766388324E2,1.607967193E-1,-6.684511247E-2,1.766387348E2
1.596820710E1,2.930732585E-2,6.088512600E-4,1.389522571E-3,9.995692968E-1,1.766411469E2,1.612040437E-1,-6.507264535E-2,1.766410515E2
1.597320710E1,2.930536695E-2,6.062367465E-4,1.389103243E-3,9.995693564E-1,1.766413715E2,1.611471046E-1,-6.477489724E-2,1.766412765E2
1.597820710E1,2.929925807E-2,6.027300842E-4,1.390820718E-3,9.995695353E-1,1.766420718E2,1.613316583E-1,-6.436845455E-2,1.766419773E2
1.598320710E1,2.930744355E-2,6.087296642E-4,1.387091237E-3,9.995692968E-1,1.766411334E2,1.609251519E-1,-6.506686411E-2,1.766410382E2
1.598820710E1,2.930726768E-2,6.091052201E-4,1.390637713E-3,9.995692968E-1,1.766411536E2,1.613326241E-1,-6.509799872E-2,1.766410580E2
1.599320710E1,2.930912503E-2,6.094668643E-4,1.394173247E-3,9.995692372E-1,1.766409406E2,1.617389285E-1,-6.512724775E-2,1.766408448E2
1.599820710E1,2.930115497E-2,6.039802684E-4,1.393152052E-3,9.995694757E-1,1.766418543E2,1.616030153E-1,-6.450351924E-2,1.766417595E2
1.600320710E1,2.930497867E-2,6.060422747E-4,1.397355110E-3,9.995693564E-1,1.766414160E2,1.620916159E-1,-6.472497316E-2,1.766413205E2
1.600820710E1,2.931477718E-2,6.141491467E-4,1.401468064E-3,9.995690584E-1,1.766402927E2,1.625905934E-1,-6.563814649E-2,1.766401956E2
1.601320710E1,2.932872360E-2,6.250367151E-4,1.402447582E-3,9.995686412E-1,1.766386938E2,1.627403000E-1,-6.687967148E-2,1.766385949E2
1.601820710E1,2.932291909E-2,6.209320272E-4,1.398193068E-3,9.995688200E-1,1.766393593E2,1.622387955E-1,-6.642475289E-2,1.766392613E2
1.602320710E1,2.931101412E-2,6.117660087E-4,1.396184205E-3,9.995691776E-1,1.766407241E2,1.619771148E-1,-6.538353659E-2,1.766406277E2
1.602820710E1,2.930287686E-2,6.053441321E-4,1.399096567E-3,9.995694160E-1,1.766416569E2,1.622886062E-1,-6.463949941E-2,1.766415615E2
1.603320710E1,2.930674908E-2,6.075831479E-4,1.402184833E-3,9.995692968E-1,1.766412130E2,1.626501142E-1,-6.488496096E-2,1.766411170E2
1.603820710E1,2.931065630E-2,6.109378883E-4,1.404036768E-3,9.995691776E-1,1.766407651E2,1.628737618E-1,-6.526236421E-2,1.766406684E2
1.604320710E1,2.931262425E-2,6.127252709E-4,1.404607552E-3,9.995691180E-1,1.766405395E2,1.629452736E-1,-6.546485701E-2,1.766404424E2
1.604820710E1,2.931684291E-2,6.149794208E-4,1.400404493E-3,9.995689988E-1,1.766400558E2,1.624716946E-1,-6.573648503E-2,1.766399587E2
1.605320710E1,2.930688666E-2,6.087136571E-4,1.398814959E-3,9.995692968E-1,1.766411972E2,1.622679262E-1,-6.502574709E-2,1.766411013E2
1.605820710E1,2.930270664E-2,6.047073985E-4,1.402931870E-3,9.995694160E-1,1.766416764E2,1.627257622E-1,-6.455371543E-2,1.766415809E2
1.606320710E1,2.930654018E-2,6.072417600E-4,1.406691503E-3,9.995692968E-1,1.766412370E2,1.631651593E-1,-6.483075650E-2,1.766411407E2
1.606820710E1,2.930649070E-2,6.079140003E-4,1.407431904E-3,9.995692968E-1,1.766412426E2,1.632522213E-1,-6.490527793E-2,1.766411462E2
1.607320710E1,2.929848220E-2,6.016233820E-4,1.407543779E-3,9.995695353E-1,1.766421607E2,1.632433941E-1,-6.418566863E-2,1.766420654E2
1.607820710E1,2.929432812E-2,5.980650894E-4,1.410861849E-3,9.995696545E-1,1.766426370E2,1.636112417E-1,-6.376763343E-2,1.766425420E2
1.608320710E1,2.929640497E-2,5.993351224E-4,1.409426914E-3,9.995695949E-1,1.766423989E2,1.634512771E-1,-6.391758333E-2,1.766423038E2
1.608820710E1,2.930484675E-2,6.058002473E-4,1.400223584E-3,9.995693564E-1,1.766414311E2,1.624193567E-1,-6.468763931E-2,1.766413355E2
1.609320710E1,2.929494686E-2,5.988144549E-4,1.397634740E-3,9.995696545E-1,1.766425660E2,1.620987303E-1,-6.389777026E-2,1.766424718E2
1.609820710E1,2.928884186E-2,5.940367701E-4,1.399736386E-3,9.995698333E-1,1.766432659E2,1.623230315E-1,-6.334445945E-2,1.766431723E2
1.610320710E1,2.929066112E-2,5.950437626E-4,1.403798931E-3,9.995697737E-1,1.766430573E2,1.627918613E-1,-6.344587107E-2,1.766429633E2
1.610820710E1,2.928673940E-2,5.923045683E-4,1.401895774E-3,9.995698929E-1,1.766435069E2,1.625644263E-1,-6.313914335E-2,1.766434135E2
1.611320710E1,2.928868798E-2,5.931312917E-4,1.403335598E-3,9.995698333E-1,1.766432836E2,1.627322455E-1,-6.322868871E-2,1.766431899E2
1.611820710E1,2.929259929E-2,5.967383040E-4,1.405078452E-3,9.995697141E-1,1.766428352E2,1.629442324E-1,-6.363535698E-2,1.766427408E2
1.612320710E1,2.929473536E-2,5.980594433E-4,1.402383088E-3,9.995696545E-1,1.766425903E2,1.626400699E-1,-6.379538348E-2,1.766424958E2
1.612820710E1,2.928281200E-2,5.895914510E-4,1.400081674E-3,9.995700121E-1,1.766439572E2,1.623472817E-1,-6.283510285E-2,1.766438643E2
1.613320710E1,2.927274880E-2,5.801055231E-4,1.401709858E-3,9.995703101E-1,1.766451108E2,1.625013233E-1,-6.174473507E-2,1.766450194E2
1.613820710E1,2.928069526E-2,5.867364234E-4,1.402994152E-3,9.995700717E-1,1.766441998E2,1.626711712E-1,-6.249865258E-2,1.766441072E2
1.614320710E1,2.929654766E-2,5.998077686E-4,1.406256459E-3,9.995695949E-1,1.766423825E2,1.630897211E-1,-6.398234193E-2,1.766422875E2
1.614820710E1,2.929483377E-2,5.991000799E-4,1.399880974E-3,9.995696545E-1,1.766425790E2,1.623569713E-1,-6.392296405E-2,1.766424845E2
1.615320710E1,2.929282499E-2,5.967101897E-4,1.400377136E-3,9.995697141E-1,1.766428093E2,1.624056517E-1,-6.364788133E-2,1.766427152E2
1.615820710E1,2.929873056E-2,6.006250624E-4,1.402792288E-3,9.995695353E-1,1.766421323E2,1.626958102E-1,-6.408723135E-2,1.766420374E2
1.616320710E1,2.930083896E-2,6.032394595E-4,1.400102046E-3,9.995694757E-1,1.766418906E2,1.623965772E-1,-6.439538021E-2,1.766417954E2
1.616820710E1,2.929503307E-2,5.980403512E-4,1.396158477E-3,9.995696545E-1,1.766425561E2,1.619270421E-1,-6.381404459E-2,1.766424621E2
1.617320710E1,2.929687845E-2,5.995791871E-4,1.399445930E-3,9.995695949E-1,1.766423446E2,1.623088796E-1,-6.397897053E-2,1.766422501E2
1.617820710E1,2.929274463E-2,5.962367868E-4,1.402258640E-3,9.995697141E-1,1.766428185E2,1.626195696E-1,-6.358735391E-2,1.766427244E2
1.618320710E1,2.929081457E-2,5.951243220E-4,1.400559326E-3,9.995697737E-1,1.766430398E2,1.624210688E-1,-6.346594752E-2,1.766429459E2
1.618820710E1,2.928491208E-2,5.899517564E-4,1.398558030E-3,9.995699525E-1,1.766437164E2,1.621741009E-1,-6.288114517E-2,1.766436236E2
1.619320710E1,2.929657968E-2,5.989585188E-4,1.405951218E-3,9.995695949E-1,1.766423788E2,1.630519088E-1,-6.388608648E-2,1.766422840E2
1.619820710E1,2.930841173E-2,6.084959023E-4,1.409508288E-3,9.995692372E-1,1.766410224E2,1.634921347E-1,-6.496464280E-2,1.766409258E2
1.620320710E1,2.930447444E-2,6.057465216E-4,1.408017008E-3,9.995693564E-1,1.766414738E2,1.633118305E-1,-6.465537450E-2,1.766413777E2
1.620820710E1,2.930049392E-2,6.025234470E-4,1.407610951E-3,9.995694757E-1,1.766419301E2,1.632542396E-1,-6.428821003E-2,1.766418346E2
1.621320710E1,2.930035316E-2,6.029126816E-4,1.410371624E-3,9.995694757E-1,1.766419462E2,1.635717520E-1,-6.432354739E-2,1.766418505E2
1.621820710E1,2.930842533E-2,6.095458521E-4,1.408771612E-3,9.995692372E-1,1.766410208E2,1.634112814E-1,-6.508737836E-2,1.766409241E2
1.622320710E1,2.931260486E-2,6.121515762E-4,1.405262039E-3,9.995691180E-1,1.766405417E2,1.630183117E-1,-6.539694943E-2,1.766404447E2
1.622820710E1,2.930256401E-2,6.041723536E-4,1.406137832E-3,9.995694160E-1,1.766416928E2,1.630911751E-1,-6.448168803E-2,1.766415971E2
1.623320710E1,2.930053316E-2,6.022485322E-4,1.406911761E-3,9.995694757E-1,1.766419256E2,1.631732319E-1,-6.425906193E-2,1.766418302E2
1.623820710E1,2.930264817E-2,6.037095445E-4,1.404581824E-3,9.995694160E-1,1.766416831E2,1.629113974E-1,-6.443388807E-2,1.766415876E2
1.624320710E1,2.930650180E-2,6.066207425E-4,1.407758682E-3,9.995692968E-1,1.766412414E2,1.632853085E-1,-6.475604604E-2,1.766411451E2
1.624820710E1,2.931228860E-2,6.125745713E-4,1.411660225E-3,9.995691180E-1,1.766405780E2,1.637525761E-1,-6.542396003E-2,1.766404805E2
1.625320710E1,2.931827396E-2,6.172477151E-4,1.411944046E-3,9.995689392E-1,1.766398918E2,1.638011787E-1,-6.595729808E-2,1.766397935E2
1.625820710E1,2.931045303E-2,6.109050009E-4,1.408288023E-3,9.995691776E-1,1.766407884E2,1.633605873E-1,-6.524435110E-2,1.766406914E2
1.626320710E1,2.930646811E-2,6.071855314E-4,1.408216543E-3,9.995692968E-1,1.766412452E2,1.633396478E-1,-6.481920606E-2,1.766411489E2
1.626820710E1,2.930823850E-2,6.082426407E-4,1.413214835E-3,9.995692372E-1,1.766410423E2,1.639158300E-1,-6.492321327E-2,1.766409454E2
1.627320710E1,2.930617424E-2,6.072194083E-4,1.414304366E-3,9.995692968E-1,1.766412789E2,1.640370570E-1,-6.480268943E-2,1.766411822E2
1.627820710E1,2.929846712E-2,6.004612078E-4,1.408353681E-3,9.995695353E-1,1.766421625E2,1.633322591E-1,-6.404983383E-2,1.766420672E2
1.628320710E1,2.929459398E-2,5.978133413E-4,1.405437943E-3,9.995696545E-1,1.766426065E2,1.629891455E-1,-6.375696222E-2,1.766425119E2
1.628820710E1,2.929646718E-2,6.001631846E-4,1.407780685E-3,9.995695949E-1,1.766423917E2,1.632654979E-1,-6.401794804E-2,1.766422966E2
1.629320710E1,2.929251803E-2,5.966433091E-4,1.406811876E-3,9.995697141E-1,1.766428445E2,1.631424592E-1,-6.361867058E-2,1.766427500E2
1.629820710E1,2.929071029E-2,5.952722859E-4,1.402675640E-3,9.995697737E-1,1.766430517E2,1.626639668E-1,-6.347580904E-2,1.766429577E2
1.630320710E1,2.930076313E-2,6.029815413E-4,1.401799032E-3,9.995694757E-1,1.766418992E2,1.625900833E-1,-6.436015200E-2,1.766418040E2
1.630820710E1,2.931241519E-2,6.123190979E-4,1.409140066E-3,9.995691180E-1,1.766405634E2,1.634630609E-1,-6.540314215E-2,1.766404662E2
1.631320710E1,2.930836805E-2,6.092009135E-4,1.410111901E-3,9.995692372E-1,1.766410274E2,1.635636392E-1,-6.504337621E-2,1.766409306E2
1.631820710E1,2.930447728E-2,6.064248737E-4,1.407665899E-3,9.995693564E-1,1.766414735E2,1.632738919E-1,-6.473425308E-2,1.766413773E2
1.632320710E1,2.931872168E-2,6.164251827E-4,1.402978203E-3,9.995689392E-1,1.766398405E2,1.627714749E-1,-6.589313330E-2,1.766397429E2
1.632820710E1,2.932695397E-2,6.235208712E-4,1.397638349E-3,9.995687008E-1,1.766388967E2,1.621842256E-1,-6.672249405E-2,1.766387983E2
1.633320710E1,2.932098902E-2,6.194009329E-4,1.396736130E-3,9.995688796E-1,1.766395805E2,1.620666412E-1,-6.625458663E-2,1.766394829E2
1.633820710E1,2.930905883E-2,6.095509161E-4,1.395527623E-3,9.995692372E-1,1.766409482E2,1.618943401E-1,-6.513233705E-2,1.766408523E2
1.634320710E1,2.931698035E-2,6.153620197E-4,1.397355925E-3,9.995689988E-1,1.766400401E2,1.621237985E-1,-6.579052832E-2,1.766399431E2
1.634820710E1,2.931905334E-2,6.168874679E-4,1.395825762E-3,9.995689392E-1,1.766398024E2,1.619537919E-1,-6.597006135E-2,1.766397053E2
1.635320710E1,2.931894932E-2,6.173645379E-4,1.397798420E-3,9.995689392E-1,1.766398144E2,1.621813410E-1,-6.601809510E-2,1.766397170E2
1.635820710E1,2.931689225E-2,6.164358347E-4,1.398730208E-3,9.995689988E-1,1.766400502E2,1.622848142E-1,-6.590892274E-2,1.766399529E2
1.636320710E1,2.932297244E-2,6.202614168E-4,1.397371641E-3,9.995688200E-1,1.766393532E2,1.621424573E-1,-6.635069126E-2,1.766392553E2
1.636820710E1,2.932298310E-2,6.203845842E-4,1.397093292E-3,9.995688200E-1,1.766393519E2,1.621109891E-1,-6.636573272E-2,1.766392541E2
1.637320710E1,2.931707212E-2,6.153096328E-4,1.395452186E-3,9.995689988E-1,1.766400296E2,1.619055695E-1,-6.579090871E-2,1.766399327E2
1.637820710E1,2.931679565E-2,6.164924125E-4,1.400728594E-3,9.995689988E-1,1.766400613E2,1.625138980E-1,-6.590870528E-2,1.766399639E2
1.638320710E1,2.932461726E-2,6.216902402E-4,1.404836657E-3,9.995687604E-1,1.766391646E2,1.630024294E-1,-6.648899914E-2,1.766390660E2
1.638820710E1,2.932062601E-2,6.185469101E-4,1.404712326E-3,9.995688796E-1,1.766396222E2,1.629773605E-1,-6.613002385E-2,1.766395241E2
1.639320710E1,2.931081740E-2,6.107967347E-4,1.400731155E-3,9.995691776E-1,1.766407466E2,1.624946650E-1,-6.525727305E-2,1.766406502E2
1.639820710E1,2.931460625E-2,6.143609644E-4,1.404946204E-3,9.995690584E-1,1.766403123E2,1.629896886E-1,-6.565075222E-2,1.766402149E2
1.640320710E1,2.932653135E-2,6.232688320E-4,1.406589872E-3,9.995687008E-1,1.766389452E2,1.632086797E-1,-6.666361035E-2,1.766388462E2
1.640820710E1,2.932643802E-2,6.239319919E-4,1.408240874E-3,9.995687008E-1,1.766389559E2,1.634000121E-1,-6.673403689E-2,1.766388567E2
1.641320710E1,2.931850457E-2,6.169515545E-4,1.407277188E-3,9.995689392E-1,1.766398654E2,1.632656455E-1,-6.593901691E-2,1.766397674E2
1.641820710E1,2.931852094E-2,6.167126703E-4,1.407040865E-3,9.995689392E-1,1.766398635E2,1.632377749E-1,-6.591244589E-2,1.766397656E2
1.642320710E1,2.933058209E-2,6.259559887E-4,1.405649120E-3,9.995685816E-1,1.766384808E2,1.631102262E-1,-6.697390366E-2,1.766383815E2
1.642820710E1,2.932470351E-2,6.221170188E-4,1.402845955E-3,9.995687604E-1,1.766391547E2,1.627758496E-1,-6.654455891E-2,1.766390562E2
1.643320710E1,2.931705371E-2,6.155339652E-4,1.395740197E-3,9.995689988E-1,1.766400317E2,1.619393116E-1,-6.581563962E-2,1.766399348E2
1.643820710E1,2.931087001E-2,6.102764746E-4,1.399856759E-3,9.995691776E-1,1.766407406E2,1.623927654E-1,-6.520060974E-2,1.766406443E2
1.644320710E1,2.931670241E-2,6.160080666E-4,1.402891474E-3,9.995689988E-1,1.766400720E2,1.627600062E-1,-6.584597609E-2,1.766399745E2
1.644820710E1,2.931859299E-2,6.166722742E-4,1.405556453E-3,9.995689392E-1,1.766398552E2,1.630676158E-1,-6.591279434E-2,1.766397575E2
1.645320710E1,2.931850100E-2,6.164447987E-4,1.407573582E-3,9.995689392E-1,1.766398658E2,1.632978922E-1,-6.587997675E-2,1.766397679E2
1.645820710E1,2.932046352E-2,6.183811347E-4,1.408172655E-3,9.995688796E-1,1.766396408E2,1.633731473E-1,-6.609943543E-2,1.766395426E2
1.646320710E1,2.932664368E-2,6.229528808E-4,1.404386014E-3,9.995687008E-1,1.766389323E2,1.629551900E-1,-6.663480875E-2,1.766388336E2
1.646820710E1,2.931861284E-2,6.166269886E-4,1.405162155E-3,9.995689392E-1,1.766398529E2,1.630223010E-1,-6.590892875E-2,1.766397552E2
1.647320710E1,2.931262094E-2,6.129457615E-4,1.404580311E-3,9.995691180E-1,1.766405399E2,1.629428938E-1,-6.549020453E-2,1.766404428E2
1.647820710E1,2.931859713E-2,6.169386907E-4,1.405353192E-3,9.995689392E-1,1.766398547E2,1.630452292E-1,-6.594399250E-2,1.766397570E2
1.648320710E1,2.932476036E-2,6.224861136E-4,1.401493093E-3,9.995687604E-1,1.766391482E2,1.626221336E-1,-6.659137283E-2,1.766390497E2
1.648820710E1,2.932102660E-2,6.193875452E-4,1.395952888E-3,9.995688796E-1,1.766395762E2,1.619768842E-1,-6.625567881E-2,1.766394787E2
1.649320710E1,2.931908061E-2,6.178354961E-4,1.394833322E-3,9.995689392E-1,1.766397993E2,1.618433024E-1,-6.608198058E-2,1.766397021E2
1.649820710E1,2.931897991E-2,6.181881181E-4,1.396792475E-3,9.995689392E-1,1.766398109E2,1.620688869E-1,-6.611580460E-2,1.766397134E2
1.650320710E1,2.932107417E-2,6.190466229E-4,1.395104686E-3,9.995688796E-1,1.766395708E2,1.618785866E-1,-6.621947111E-2,1.766394733E2
1.650820710E1,2.930501690E-2,6.065926282E-4,1.396314125E-3,9.995693564E-1,1.766414116E2,1.619742296E-1,-6.479150152E-2,1.766413161E2
1.651320710E1,2.930705699E-2,6.086771609E-4,1.395257539E-3,9.995692968E-1,1.766411777E2,1.618603390E-1,-6.503348646E-2,1.766410820E2
1.651820710E1,2.931104824E-2,6.112679839E-4,1.395686064E-3,9.995691776E-1,1.766407202E2,1.619183858E-1,-6.532815941E-2,1.766406239E2
1.652320710E1,2.930518883E-2,6.072117249E-4,1.392431208E-3,9.995693564E-1,1.766413919E2,1.615315609E-1,-6.487542610E-2,1.766412966E2
1.652820710E1,2.930296467E-2,6.044922047E-4,1.397625194E-3,9.995694160E-1,1.766416469E2,1.621172162E-1,-6.454684432E-2,1.766415516E2
1.653320710E1,2.930710340E-2,6.076180143E-4,1.394744380E-3,9.995692968E-1,1.766411724E2,1.617980063E-1,-6.491388534E-2,1.766410769E2
1.653820710E1,2.930547625E-2,6.072533433E-4,1.386350719E-3,9.995693564E-1,1.766413589E2,1.608352449E-1,-6.490056658E-2,1.766412640E2
1.654320710E1,2.929752352E-2,6.002167356E-4,1.385599724E-3,9.995695949E-1,1.766422706E2,1.607250820E-1,-6.409837855E-2,1.766421769E2
1.654820710E1,2.929327927E-2,5.981919239E-4,1.390205580E-3,9.995697141E-1,1.766427572E2,1.612455789E-1,-6.385167323E-2,1.766426635E2
1.655320710E1,2.930126766E-2,6.029288052E-4,1.391235972E-3,9.995694757E-1,1.766418414E2,1.613800192E-1,-6.438949782E-2,1.766417469E2
1.655820710E1,2.930537746E-2,6.072581746E-4,1.388435252E-3,9.995693564E-1,1.766413703E2,1.610740223E-1,-6.489413548E-2,1.766412752E2
1.656320710E1,2.930537608E-2,6.076495047E-4,1.388293109E-3,9.995693564E-1,1.766413704E2,1.610590551E-1,-6.493943688E-2,1.766412753E2
1.656820710E1,2.930520700E-2,6.069151568E-4,1.392178005E-3,9.995693564E-1,1.766413898E2,1.615015635E-1,-6.484230391E-2,1.766412945E2
1.657320710E1,2.930326581E-2,6.053865072E-4,1.390908030E-3,9.995694160E-1,1.766416123E2,1.613508380E-1,-6.467178717E-2,1.766415174E2
1.657820710E1,2.929931548E-2,6.019635475E-4,1.389942947E-3,9.995695353E-1,1.766420652E2,1.612285460E-1,-6.428359160E-2,1.766419709E2
1.658320710E1,2.929742081E-2,6.008760538E-4,1.387484372E-3,9.995695949E-1,1.766422824E2,1.609431614E-1,-6.416758747E-2,1.766421885E2
1.658820710E1,2.930145838E-2,6.033762475E-4,1.387018827E-3,9.995694757E-1,1.766418195E2,1.608984915E-1,-6.445487840E-2,1.766417252E2
1.659320710E1,2.930746804E-2,6.082275067E-4,1.386793912E-3,9.995692968E-1,1.766411306E2,1.608894106E-1,-6.501034049E-2,1.766410355E2
1.659820710E1,2.930752505E-2,6.090750103E-4,1.385216252E-3,9.995692968E-1,1.766411241E2,1.607115516E-1,-6.511270483E-2,1.766410289E2
1.660320710E1,2.930334828E-2,6.061230088E-4,1.388848410E-3,9.995694160E-1,1.766416029E2,1.611174026E-1,-6.476305064E-2,1.766415080E2
1.660820710E1,2.930119038E-2,6.038634456E-4,1.392457751E-3,9.995694757E-1,1.766418503E2,1.615230983E-1,-6.449246367E-2,1.766417555E2
1.661320710E1,2.930341775E-2,6.049721851E-4,1.387883909E-3,9.995694160E-1,1.766415949E2,1.610030661E-1,-6.463446032E-2,1.766415003E2
1.661820710E1,2.929527641E-2,5.997591070E-4,1.390302903E-3,9.995696545E-1,1.766425282E2,1.612621156E-1,-6.403053305E-2,1.766424343E2
1.662320710E1,2.929546896E-2,5.987426848E-4,1.386679010E-3,9.995696545E-1,1.766425062E2,1.608436257E-1,-6.392624449E-2,1.766424126E2
1.662820710E1,2.929544381E-2,5.983894225E-4,1.387362834E-3,9.995696545E-1,1.766425091E2,1.609207649E-1,-6.388348940E-2,1.766424155E2
1.663320710E1,2.930117909E-2,6.035505794E-4,1.392830862E-3,9.995694757E-1,1.766418516E2,1.615647840E-1,-6.445537627E-2,1.766417568E2
1.663820710E1,2.929322193E-2,5.972039071E-4,1.391837606E-3,9.995697141E-1,1.766427638E2,1.614291949E-1,-6.373303431E-2,1.766426701E2
1.664320710E1,2.928510324E-2,5.914584617E-4,1.393911080E-3,9.995699525E-1,1.766436945E2,1.616468959E-1,-6.306929046E-2,1.766436017E2
1.664820710E1,2.928529097E-2,5.910948967E-4,1.390116056E-3,9.995699525E-1,1.766436730E2,1.612109959E-1,-6.304035241E-2,1.766435805E2
1.665320710E1,2.928526260E-2,5.908198073E-4,1.390830497E-3,9.995699525E-1,1.766436762E2,1.612919048E-1,-6.300644999E-2,1.766435837E2
1.665820710E1,2.928323900E-2,5.895385402E-4,1.391144469E-3,9.995700121E-1,1.766439082E2,1.613234406E-1,-6.285896363E-2,1.766438159E2
1.666320710E1,2.928702092E-2,5.922300625E-4,1.396033913E-3,9.995698929E-1,1.766434747E2,1.618927614E-1,-6.315023674E-2,1.766433816E2
1.666820710E1,2.928497707E-2,5.910718464E-4,1.396723092E-3,9.995699525E-1,1.766437090E2,1.619676855E-1,-6.301559021E-2,1.766436160E2
1.667320710E1,2.927508438E-2,5.827856949E-4,1.394305611E-3,9.995702505E-1,1.766448431E2,1.616623577E-1,-6.207618808E-2,1.766447517E2
1.667820710E1,2.927491323E-2,5.817865022E-4,1.398310647E-3,9.995702505E-1,1.766448627E2,1.621177421E-1,-6.194832998E-2,1.766447712E2
1.668320710E1,2.927268166E-2,5.814324250E-4,1.402561902E-3,9.995703101E-1,1.766451185E2,1.626033658E-1,-6.189387426E-2,1.766450268E2
1.668820710E1,2.927686729E-2,5.840260419E-4,1.399073401E-3,9.995701909E-1,1.766446387E2,1.622127450E-1,-6.220197615E-2,1.766445468E2
1.669320710E1,2.928107730E-2,5.883779377E-4,1.394306542E-3,9.995700717E-1,1.766441560E2,1.616816021E-1,-6.271576419E-2,1.766440637E2
1.669820710E1,2.927305783E-2,5.808214191E-4,1.394943218E-3,9.995703101E-1,1.766450754E2,1.617286754E-1,-6.184938421E-2,1.766449843E2
1.670320710E1,2.927894928E-2,5.850811722E-4,1.397647429E-3,9.995701313E-1,1.766444000E2,1.620530805E-1,-6.232727980E-2,1.766443080E2
1.670820710E1,2.927116904E-2,5.795242614E-4,1.392405014E-3,9.995703697E-1,1.766452919E2,1.614334748E-1,-6.170962427E-2,1.766452012E2
1.671320710E1,2.926723106E-2,5.764685338E-4,1.390874037E-3,9.995704889E-1,1.766457434E2,1.612476204E-1,-6.136538469E-2,1.766456532E2
1.671820710E1,2.926487946E-2,5.744657246E-4,1.398328226E-3,9.995705485E-1,1.766460130E2,1.620945815E-1,-6.111135913E-2,1.766459227E2
1.672320710E1,2.926888463E-2,5.773893208E-4,1.398510998E-3,9.995704293E-1,1.766455538E2,1.621255680E-1,-6.144497222E-2,1.766454630E2
1.672820710E1,2.926896980E-2,5.776861217E-4,1.396604581E-3,9.995704293E-1,1.766455441E2,1.619082028E-1,-6.148534894E-2,1.766454534E2
1.673320710E1,2.926902038E-2,5.776571343E-4,1.395556261E-3,9.995704293E-1,1.766455383E2,1.617880313E-1,-6.148553660E-2,1.766454476E2
1.673820710E1,2.927074467E-2,5.799196661E-4,1.401133952E-3,9.995703697E-1,1.766453406E2,1.624346103E-1,-6.172570412E-2,1.766452492E2
1.674320710E1,2.927452544E-2,5.812553572E-4,1.406625495E-3,9.995702505E-1,1.766449072E2,1.630683405E-1,-6.185966040E-2,1.766448152E2
1.674820710E1,2.926845971E-2,5.765231326E-4,1.407730742E-3,9.995704293E-1,1.766456025E2,1.631786903E-1,-6.131490275E-2,1.766455113E2
1.675320710E1,2.926435850E-2,5.739525077E-4,1.409398043E-3,9.995705485E-1,1.766460727E2,1.633607945E-1,-6.101553542E-2,1.766459818E2
1.675820710E1,2.926839544E-2,5.775338504E-4,1.408652402E-3,9.995704293E-1,1.766456099E2,1.632876458E-1,-6.142759200E-2,1.766455185E2
1.676320710E1,2.926848147E-2,5.775486934E-4,1.406857744E-3,9.995704293E-1,1.766456000E2,1.630821360E-1,-6.143529741E-2,1.766455087E2
1.676820710E1,2.926051557E-2,5.711794365E-4,1.405762858E-3,9.995706677E-1,1.766465133E2,1.629348773E-1,-6.071071843E-2,1.766464231E2
1.677320710E1,2.926259127E-2,5.730520352E-4,1.404175302E-3,9.995706081E-1,1.766462753E2,1.627594404E-1,-6.093019560E-2,1.766461849E2
1.677820710E1,2.927467628E-2,5.828174180E-4,1.402834780E-3,9.995702505E-1,1.766448899E2,1.626393920E-1,-6.205127471E-2,1.766447979E2
1.678320710E1,2.927651059E-2,5.842449609E-4,1.406426891E-3,9.995701909E-1,1.766446796E2,1.630557452E-1,-6.220243904E-2,1.766445872E2
1.678820710E1,2.927240122E-2,5.797869526E-4,1.409080927E-3,9.995703101E-1,1.766451507E2,1.633445347E-1,-6.168357576E-2,1.766450589E2
1.679320710E1,2.927228827E-2,5.800930085E-4,1.411299570E-3,9.995703101E-1,1.766451636E2,1.635996836E-1,-6.171120824E-2,1.766450716E2
1.679820710E1,2.927836249E-2,5.846471176E-4,1.410066267E-3,9.995701313E-1,1.766444673E2,1.634740733E-1,-6.223599026E-2,1.766443746E2
1.680320710E1,2.927848983E-2,5.855670315E-4,1.407037140E-3,9.995701313E-1,1.766444527E2,1.631302038E-1,-6.235150173E-2,1.766443600E2
1.680820710E1,2.928067674E-2,5.863502738E-4,1.403542003E-3,9.995700717E-1,1.766442020E2,1.627326264E-1,-6.245258685E-2,1.766441094E2
1.681320710E1,2.928655408E-2,5.913666682E-4,1.406156691E-3,9.995698929E-1,1.766435282E2,1.630493231E-1,-6.301744424E-2,1.766434346E2
1.681820710E1,2.928458407E-2,5.903664860E-4,1.405235380E-3,9.995699525E-1,1.766437540E2,1.629403129E-1,-6.290629420E-2,1.766436607E2
1.682320710E1,2.927854699E-2,5.851080641E-4,1.406038296E-3,9.995701313E-1,1.766444461E2,1.630142573E-1,-6.230227250E-2,1.766443536E2
1.682820710E1,2.927625343E-2,5.834500771E-4,1.412098529E-3,9.995701909E-1,1.766447091E2,1.637027064E-1,-6.209240532E-2,1.766446164E2
1.683320710E1,2.928235484E-2,5.873636692E-4,1.410540426E-3,9.995700121E-1,1.766440096E2,1.635377495E-1,-6.254490634E-2,1.766439164E2
1.683820710E1,2.928656689E-2,5.907947198E-4,1.406130381E-3,9.995698929E-1,1.766435267E2,1.630443907E-1,-6.295201816E-2,1.766434332E2
1.684320710E1,2.928061199E-2,5.875124480E-4,1.404406619E-3,9.995700717E-1,1.766442094E2,1.628355576E-1,-6.258281438E-2,1.766441166E2
1.684820710E1,2.928073406E-2,5.863104016E-4,1.402362366E-3,9.995700717E-1,1.766441954E2,1.625973776E-1,-6.245196864E-2,1.766441029E2
1.685320710E1,2.928462167E-2,5.894731730E-4,1.404826879E-3,9.995699525E-1,1.766437497E2,1.628905265E-1,-6.280533682E-2,1.766436565E2
1.685820710E1,2.929079090E-2,5.942853750E-4,1.401410322E-3,9.995697737E-1,1.766430425E2,1.625157264E-1,-6.336700003E-2,1.766429487E2
1.686320710E1,2.928479409E-2,5.903073470E-4,1.400876674E-3,9.995699525E-1,1.766437299E2,1.624408703E-1,-6.291411338E-2,1.766436369E2
1.686820710E1,2.928058712E-2,5.867001601E-4,1.405264484E-3,9.995700717E-1,1.766442122E2,1.629310924E-1,-6.248689861E-2,1.766441195E2
1.687320710E1,2.927462720E-2,5.828861613E-4,1.403830131E-3,9.995702505E-1,1.766448955E2,1.627536296E-1,-6.205581758E-2,1.766448035E2
1.687820710E1,2.927066626E-2,5.796733894E-4,1.402872847E-3,9.995703697E-1,1.766453496E2,1.626329570E-1,-6.169167504E-2,1.766452582E2
1.688320710E1,2.927259937E-2,5.810387083E-4,1.404441311E-3,9.995703101E-1,1.766451280E2,1.628173124E-1,-6.184248596E-2,1.766450362E2
1.688820710E1,2.928452542E-2,5.895624636E-4,1.406794414E-3,9.995699525E-1,1.766437608E2,1.631161867E-1,-6.280897728E-2,1.766436674E2
1.689320710E1,2.928843139E-2,5.934897927E-4,1.408529701E-3,9.995698333E-1,1.766433130E2,1.633283783E-1,-6.325236102E-2,1.766432189E2
1.689820710E1,2.928044621E-2,5.861823447E-4,1.408412936E-3,9.995700717E-1,1.766442284E2,1.632899779E-1,-6.241704552E-2,1.766441355E2
1.690320710E1,2.926408039E-2,5.736675230E-4,1.415276318E-3,9.995705485E-1,1.766461046E2,1.640331349E-1,-6.096322519E-2,1.766460134E2
1.690820710E1,2.927403931E-2,5.808998831E-4,1.416852465E-3,9.995702505E-1,1.766449629E2,1.642385417E-1,-6.178471492E-2,1.766448704E2
1.691320710E1,2.928616161E-2,5.913858768E-4,1.414299244E-3,9.995698929E-1,1.766435732E2,1.639820318E-1,-6.299238168E-2,1.766434791E2
1.691820710E1,2.928825941E-2,5.932454951E-4,1.412203885E-3,9.995698333E-1,1.766433327E2,1.637483979E-1,-6.321207511E-2,1.766432384E2
1.692320710E1,2.928222340E-2,5.880493554E-4,1.412981190E-3,9.995700121E-1,1.766440247E2,1.638196137E-1,-6.261527773E-2,1.766439312E2
1.692820710E1,2.928021542E-2,5.864906707E-4,1.413074904E-3,9.995700717E-1,1.766442549E2,1.638249919E-1,-6.243675700E-2,1.766441617E2
1.693320710E1,2.928034934E-2,5.863675033E-4,1.410348457E-3,9.995700717E-1,1.766442395E2,1.635122927E-1,-6.243177543E-2,1.766441465E2
1.693820710E1,2.928645361E-2,5.920209805E-4,1.407972770E-3,9.995698929E-1,1.766435397E2,1.632595312E-1,-6.308631217E-2,1.766434459E2
1.694320710E1,2.929434602E-2,5.983660230E-4,1.410362660E-3,9.995696545E-1,1.766426349E2,1.635550748E-1,-6.380377589E-2,1.766425399E2
1.694820710E1,2.929035930E-2,5.949737970E-4,1.410111901E-3,9.995697737E-1,1.766430920E2,1.635147110E-1,-6.341671655E-2,1.766429975E2
1.695320710E1,2.927844168E-2,5.849311128E-4,1.408303156E-3,9.995701313E-1,1.766444582E2,1.632730800E-1,-6.227442230E-2,1.766443656E2
1.695820710E1,2.927627332E-2,5.834322073E-4,1.411693520E-3,9.995701909E-1,1.766447068E2,1.636562569E-1,-6.209171398E-2,1.766446142E2
1.696320710E1,2.928417458E-2,5.892247427E-4,1.414219500E-3,9.995699525E-1,1.766438010E2,1.639655197E-1,-6.274543399E-2,1.766437073E2
1.696820710E1,2.929641983E-2,5.985463504E-4,1.409453340E-3,9.995695949E-1,1.766423972E2,1.634516567E-1,-6.382714445E-2,1.766423022E2
1.697320710E1,2.929644211E-2,5.999113782E-4,1.408409560E-3,9.995695949E-1,1.766423946E2,1.633366839E-1,-6.398699839E-2,1.766422995E2
1.697820710E1,2.928638736E-2,5.905568833E-4,1.409964170E-3,9.995698929E-1,1.766435473E2,1.634827133E-1,-6.291193863E-2,1.766434536E2
1.698320710E1,2.928237390E-2,5.887896987E-4,1.409549848E-3,9.995700121E-1,1.766440074E2,1.634290728E-1,-6.271156794E-2,1.766439140E2
1.698820710E1,2.928445943E-2,5.899669486E-4,1.407997916E-3,9.995699525E-1,1.766437683E2,1.632553922E-1,-6.285127993E-2,1.766436749E2
1.699320710E1,2.928039437E-2,5.861448008E-4,1.409505960E-3,9.995700717E-1,1.766442343E2,1.634150464E-1,-6.240908611E-2,1.766441414E2
1.699820710E1,2.928048837E-2,5.860403180E-4,1.407595351E-3,9.995700717E-1,1.766442236E2,1.631958556E-1,-6.240351388E-2,1.766441308E2
1.700320710E1,2.928433607E-2,5.899622920E-4,1.410563244E-3,9.995699525E-1,1.766437825E2,1.635492081E-1,-6.284215788E-2,1.766436888E2
1.700820710E1,2.927437892E-2,5.813885364E-4,1.409616671E-3,9.995702505E-1,1.766449240E2,1.634113953E-1,-6.186490448E-2,1.766448318E2
1.701320710E1,2.927247319E-2,5.805306719E-4,1.407278469E-3,9.995703101E-1,1.766451424E2,1.631405757E-1,-6.177479765E-2,1.766450506E2
1.701820710E1,2.928272105E-2,5.885295104E-4,1.402428723E-3,9.995700121E-1,1.766439676E2,1.626125494E-1,-6.270560462E-2,1.766438747E2
1.702320710E1,2.929072302E-2,5.943696015E-4,1.402792521E-3,9.995697737E-1,1.766430503E2,1.626743254E-1,-6.337201911E-2,1.766429564E2
1.702820710E1,2.929060327E-2,5.951393978E-4,1.404964947E-3,9.995697737E-1,1.766430640E2,1.629257371E-1,-6.345292097E-2,1.766429699E2
1.703320710E1,2.928047459E-2,5.866823485E-4,1.407614560E-3,9.995700717E-1,1.766442251E2,1.632002094E-1,-6.247699135E-2,1.766441323E2
1.703820710E1,2.928054939E-2,5.860675592E-4,1.406314084E-3,9.995700717E-1,1.766442166E2,1.630491912E-1,-6.241092335E-2,1.766441239E2
1.704320710E1,2.928293215E-2,5.897054216E-4,1.397518325E-3,9.995700121E-1,1.766439434E2,1.620540591E-1,-6.285673955E-2,1.766438507E2
1.704820710E1,2.928680623E-2,5.925419391E-4,1.400398556E-3,9.995698929E-1,1.766434993E2,1.623937321E-1,-6.317134632E-2,1.766434059E2
1.705320710E1,2.928648412E-2,5.922111450E-4,1.407257980E-3,9.995698929E-1,1.766435362E2,1.631782975E-1,-6.311048795E-2,1.766434424E2
1.705820710E1,2.928057975E-2,5.867274012E-4,1.405406510E-3,9.995700717E-1,1.766442131E2,1.629474514E-1,-6.248954352E-2,1.766441203E2
1.706320710E1,2.927286820E-2,5.812043673E-4,1.398758031E-3,9.995703101E-1,1.766450971E2,1.621669071E-1,-6.188048181E-2,1.766450057E2
1.706820710E1,2.927485391E-2,5.824510008E-4,1.399275614E-3,9.995702505E-1,1.766448695E2,1.622304976E-1,-6.202121562E-2,1.766447778E2
1.707320710E1,2.928288853E-2,5.895493669E-4,1.398497843E-3,9.995700121E-1,1.766439484E2,1.621657293E-1,-6.283558482E-2,1.766438556E2
1.707820710E1,2.929899282E-2,6.017352571E-4,1.396826352E-3,9.995695353E-1,1.766421022E2,1.620162013E-1,-6.423438360E-2,1.766420075E2
1.708320710E1,2.929320425E-2,5.965344026E-4,1.392496517E-3,9.995697141E-1,1.766427658E2,1.615024195E-1,-6.365413872E-2,1.766426722E2
1.708820710E1,2.928125973E-2,5.872969632E-4,1.390927006E-3,9.995700717E-1,1.766441351E2,1.612908853E-1,-6.260325733E-2,1.766440432E2
1.709320710E1,2.928499488E-2,5.898596137E-4,1.396862208E-3,9.995699525E-1,1.766437069E2,1.619795530E-1,-6.287626852E-2,1.766436142E2
1.709820710E1,2.929906142E-2,6.019226275E-4,1.395305735E-3,9.995695353E-1,1.766420943E2,1.618426595E-1,-6.426093983E-2,1.766419997E2
1.710320710E1,2.930737028E-2,6.081905449E-4,1.388874603E-3,9.995692968E-1,1.766411418E2,1.611276076E-1,-6.499913458E-2,1.766410465E2
1.710820710E1,2.930318588E-2,6.045064656E-4,1.392973238E-3,9.995694160E-1,1.766416215E2,1.615844316E-1,-6.456406317E-2,1.766415266E2
1.711320710E1,2.929513380E-2,5.989895435E-4,1.393635757E-3,9.995696545E-1,1.766425446E2,1.616412764E-1,-6.393121988E-2,1.766424506E2
1.711820710E1,2.929319975E-2,5.973367370E-4,1.392247272E-3,9.995697141E-1,1.766427663E2,1.614765635E-1,-6.374687734E-2,1.766426726E2
1.712320710E1,2.929511669E-2,5.985378521E-4,1.394189312E-3,9.995696545E-1,1.766425466E2,1.617031645E-1,-6.387762655E-2,1.766424526E2
1.712820710E1,2.930090360E-2,6.040023873E-4,1.398419263E-3,9.995694757E-1,1.766418831E2,1.622063930E-1,-6.448840752E-2,1.766417880E2
1.713320710E1,2.930486210E-2,6.068550283E-4,1.399445464E-3,9.995693564E-1,1.766414293E2,1.623337722E-1,-6.481106688E-2,1.766413336E2
1.713820710E1,2.929905343E-2,6.026189076E-4,1.395173138E-3,9.995695353E-1,1.766420952E2,1.618298089E-1,-6.434113981E-2,1.766420005E2
1.714320710E1,2.929120488E-2,5.949225742E-4,1.392458682E-3,9.995697737E-1,1.766429950E2,1.614925479E-1,-6.346996625E-2,1.766429017E2
1.714820710E1,2.929127194E-2,5.958026159E-4,1.390670659E-3,9.995697737E-1,1.766429873E2,1.612907016E-1,-6.357675913E-2,1.766428940E2
1.715320710E1,2.930343139E-2,6.056723651E-4,1.387290540E-3,9.995694160E-1,1.766415934E2,1.609374523E-1,-6.471665086E-2,1.766414986E2
1.715820710E1,2.930561063E-2,6.078191218E-4,1.383258612E-3,9.995693564E-1,1.766413435E2,1.604829761E-1,-6.497573464E-2,1.766412487E2
1.716320710E1,2.929945316E-2,6.021222798E-4,1.386968885E-3,9.995695353E-1,1.766420494E2,1.608884312E-1,-6.431173657E-2,1.766419553E2
1.716820710E1,2.927903262E-2,5.866834545E-4,1.395227737E-3,9.995701313E-1,1.766443904E2,1.617813041E-1,-6.251891405E-2,1.766442983E2
1.717320710E1,2.928312462E-2,5.890682805E-4,1.393748913E-3,9.995700121E-1,1.766439213E2,1.616201749E-1,-6.279637773E-2,1.766438289E2
1.717820710E1,2.928916517E-2,5.942848511E-4,1.392849139E-3,9.995698333E-1,1.766432288E2,1.615350018E-1,-6.339593900E-2,1.766431356E2
1.718320710E1,2.929131535E-2,5.952868378E-4,1.389977057E-3,9.995697737E-1,1.766429823E2,1.612095260E-1,-6.352000190E-2,1.766428891E2
1.718820710E1,2.928931357E-2,5.950341583E-4,1.389404293E-3,9.995698333E-1,1.766432118E2,1.611429449E-1,-6.349330468E-2,1.766431187E2
1.719320710E1,2.927929590E-2,5.860974197E-4,1.389939105E-3,9.995701313E-1,1.766443603E2,1.611735806E-1,-6.246949037E-2,1.766442686E2
1.719820710E1,2.926737891E-2,5.766293034E-4,1.387692755E-3,9.995704889E-1,1.766457264E2,1.608837763E-1,-6.139444543E-2,1.766456365E2
1.720320710E1,2.927142157E-2,5.799064529E-4,1.386926277E-3,9.995703697E-1,1.766452630E2,1.608072235E-1,-6.177173821E-2,1.766451725E2
1.720820710E1,2.928346459E-2,5.897438386E-4,1.386300544E-3,9.995700121E-1,1.766438824E2,1.607693081E-1,-6.289869750E-2,1.766437903E2
1.721320710E1,2.929734055E-2,6.006205804E-4,1.389288693E-3,9.995695949E-1,1.766422916E2,1.611489700E-1,-6.413228019E-2,1.766421976E2
1.721820710E1,2.929128506E-2,5.950148334E-4,1.390731428E-3,9.995697737E-1,1.766429858E2,1.612950186E-1,-6.348631863E-2,1.766428926E2
1.722320710E1,2.928313236E-2,5.891831825E-4,1.393537736E-3,9.995700121E-1,1.766439205E2,1.615963722E-1,-6.281024626E-2,1.766438280E2
1.722820710E1,2.928725804E-2,5.928462488E-4,1.390787889E-3,9.995698929E-1,1.766434475E2,1.612939515E-1,-6.323838428E-2,1.766433546E2
1.723320710E1,2.929731430E-2,6.014012033E-4,1.389504527E-3,9.995695949E-1,1.766422946E2,1.611763114E-1,-6.422097412E-2,1.766422004E2
1.723820710E1,2.930531875E-2,6.068578805E-4,1.389848767E-3,9.995693564E-1,1.766413770E2,1.612345817E-1,-6.484354744E-2,1.766412819E2
1.724320710E1,2.930533167E-2,6.074833218E-4,1.389303012E-3,9.995693564E-1,1.766413755E2,1.611741709E-1,-6.491701758E-2,1.766412803E2
1.724820710E1,2.930140579E-2,6.036307896E-4,1.388018718E-3,9.995694757E-1,1.766418256E2,1.610138729E-1,-6.448068526E-2,1.766417311E2
1.725320710E1,2.929144163E-2,5.956357927E-4,1.387163531E-3,9.995697737E-1,1.766429679E2,1.608884370E-1,-6.356939564E-2,1.766428748E2
1.725820710E1,2.929335433E-2,5.967782927E-4,1.389231184E-3,9.995697141E-1,1.766427486E2,1.611292283E-1,-6.369301149E-2,1.766426552E2
1.726320710E1,2.930727168E-2,6.092340918E-4,1.390496851E-3,9.995692968E-1,1.766411531E2,1.613169224E-1,-6.511323241E-2,1.766410576E2
1.726820710E1,2.931937214E-2,6.184499362E-4,1.388418488E-3,9.995689392E-1,1.766397659E2,1.611106154E-1,-6.617386559E-2,1.766396690E2
1.727320710E1,2.930339026E-2,6.058030413E-4,1.388102071E-3,9.995694160E-1,1.766415981E2,1.610308433E-1,-6.472890029E-2,1.766415033E2
1.727820710E1,2.928904520E-2,5.937195965E-4,1.395610161E-3,9.995698333E-1,1.766432426E2,1.618493514E-1,-6.332194580E-2,1.766431493E2
1.728320710E1,2.929517768E-2,5.992869264E-4,1.392585109E-3,9.995696545E-1,1.766425396E2,1.615219337E-1,-6.396880281E-2,1.766424455E2
1.728820710E1,2.930107378E-2,6.035823608E-4,1.395030762E-3,9.995694757E-1,1.766418636E2,1.618168661E-1,-6.445164688E-2,1.766417687E2
1.729320710E1,2.930701018E-2,6.078063743E-4,1.396619715E-3,9.995692968E-1,1.766411831E2,1.620134383E-1,-6.492917742E-2,1.766410874E2
1.729820710E1,2.930526059E-2,6.074479898E-4,1.390816993E-3,9.995693564E-1,1.766413837E2,1.613474628E-1,-6.490789773E-2,1.766412884E2
1.730320710E1,2.929515217E-2,5.989091587E-4,1.393283950E-3,9.995696545E-1,1.766425425E2,1.616007109E-1,-6.392319049E-2,1.766424485E2
1.730820710E1,2.928532966E-2,5.915975198E-4,1.389086945E-3,9.995699525E-1,1.766436686E2,1.610948081E-1,-6.310137143E-2,1.766435760E2
1.731320710E1,2.928550497E-2,5.913800560E-4,1.385478768E-3,9.995699525E-1,1.766436485E2,1.606807995E-1,-6.308854329E-2,1.766435562E2
1.731820710E1,2.929745575E-2,6.000545691E-4,1.387102180E-3,9.995695949E-1,1.766422784E2,1.608966283E-1,-6.407477027E-2,1.766421846E2
1.732320710E1,2.930565074E-2,6.077107973E-4,1.382456277E-3,9.995693564E-1,1.766413389E2,1.603907135E-1,-6.496601493E-2,1.766412442E2
1.732820710E1,2.929995748E-2,6.024072063E-4,1.376149128E-3,9.995695353E-1,1.766419916E2,1.596500982E-1,-6.438062021E-2,1.766418981E2
1.733320710E1,2.928780129E-2,5.926233716E-4,1.379396301E-3,9.995698929E-1,1.766433852E2,1.599884161E-1,-6.325100056E-2,1.766432931E2
1.733820710E1,2.928968878E-2,5.944147124E-4,1.381738693E-3,9.995698333E-1,1.766431688E2,1.602628521E-1,-6.344802062E-2,1.766430763E2
1.734320710E1,2.929590305E-2,5.991230137E-4,1.377312467E-3,9.995696545E-1,1.766424564E2,1.597720626E-1,-6.400118336E-2,1.766423634E2
1.734820710E1,2.929614846E-2,6.002612063E-4,1.371584949E-3,9.995696545E-1,1.766424283E2,1.591198553E-1,-6.415074366E-2,1.766423354E2
1.735320710E1,2.929220090E-2,5.978093832E-4,1.370090293E-3,9.995697737E-1,1.766428808E2,1.589401697E-1,-6.387555180E-2,1.766427885E2
1.735820710E1,2.929028354E-2,5.961870775E-4,1.368301921E-3,9.995698333E-1,1.766431006E2,1.587297569E-1,-6.369603675E-2,1.766430087E2
1.736320710E1,2.929457700E-2,5.998788984E-4,1.361844013E-3,9.995697141E-1,1.766426084E2,1.580027195E-1,-6.413990379E-2,1.766425163E2
1.736820710E1,2.929864563E-2,6.019687280E-4,1.360892784E-3,9.995695949E-1,1.766421420E2,1.579010413E-1,-6.438182821E-2,1.766420496E2
1.737320710E1,2.930659077E-2,6.082510226E-4,1.362142153E-3,9.995693564E-1,1.766412312E2,1.580657584E-1,-6.509596538E-2,1.766411376E2
1.737820710E1,2.930879097E-2,6.110846880E-4,1.357265050E-3,9.995692968E-1,1.766409789E2,1.575167838E-1,-6.543657224E-2,1.766408853E2
1.738320710E1,2.930890319E-2,6.101533654E-4,1.355259214E-3,9.995692968E-1,1.766409661E2,1.572839096E-1,-6.533661569E-2,1.766408727E2
1.738820710E1,2.930088279E-2,6.041398156E-4,1.355533837E-3,9.995695353E-1,1.766418855E2,1.572946485E-1,-6.464814998E-2,1.766417931E2
1.739320710E1,2.930089916E-2,6.041182787E-4,1.355189481E-3,9.995695353E-1,1.766418837E2,1.572551337E-1,-6.464683679E-2,1.766417912E2
1.739820710E1,2.930906210E-2,6.116621080E-4,1.351136365E-3,9.995692968E-1,1.766409478E2,1.568167463E-1,-6.552325271E-2,1.766408545E2
1.740320710E1,2.931121553E-2,6.124030333E-4,1.348178601E-3,9.995692372E-1,1.766407010E2,1.564805866E-1,-6.561771698E-2,1.766406077E2
1.740820710E1,2.930315052E-2,6.070478121E-4,1.349151600E-3,9.995694757E-1,1.766416256E2,1.565735232E-1,-6.500231310E-2,1.766415331E2
1.741320710E1,2.930503410E-2,6.085183704E-4,1.351734856E-3,9.995694160E-1,1.766414096E2,1.568744770E-1,-6.516178401E-2,1.766413167E2
1.741820710E1,2.931339330E-2,6.147674285E-4,1.343938638E-3,9.995691776E-1,1.766404513E2,1.560030166E-1,-6.590244187E-2,1.766403579E2
1.742320710E1,2.931143434E-2,6.138841272E-4,1.342736883E-3,9.995692372E-1,1.766406759E2,1.558622683E-1,-6.580560893E-2,1.766405827E2
1.742820710E1,2.930739204E-2,6.101673353E-4,1.343923621E-3,9.995693564E-1,1.766411393E2,1.559854507E-1,-6.537652392E-2,1.766410467E2
1.743320710E1,2.930732897E-2,6.091478281E-4,1.345760305E-3,9.995693564E-1,1.766411465E2,1.561924008E-1,-6.525358868E-2,1.766410539E2
1.743820710E1,2.930535847E-2,6.091433461E-4,1.344401157E-3,9.995694160E-1,1.766413724E2,1.560365768E-1,-6.525794756E-2,1.766412799E2
1.744320710E1,2.929936590E-2,6.028308999E-4,1.344910474E-3,9.995695949E-1,1.766420594E2,1.560733285E-1,-6.453413105E-2,1.766419679E2
1.744820710E1,2.929727263E-2,6.023288006E-4,1.346435864E-3,9.995696545E-1,1.766422994E2,1.562462296E-1,-6.447182508E-2,1.766422078E2
1.745320710E1,2.930326911E-2,6.061628228E-4,1.346971956E-3,9.995694757E-1,1.766416120E2,1.563208971E-1,-6.490824511E-2,1.766415198E2
1.745820710E1,2.929733684E-2,6.019108696E-4,1.345225144E-3,9.995696545E-1,1.766422920E2,1.561061517E-1,-6.442800905E-2,1.766422006E2
1.746320710E1,2.929552477E-2,5.999779096E-4,1.341257012E-3,9.995697141E-1,1.766424998E2,1.556450254E-1,-6.422020788E-2,1.766424089E2
1.746820710E1,2.929145675E-2,5.980861024E-4,1.342108008E-3,9.995698333E-1,1.766429661E2,1.557358888E-1,-6.400129288E-2,1.766428755E2
1.747320710E1,2.929137086E-2,5.978770205E-4,1.344074262E-3,9.995698333E-1,1.766429760E2,1.559604013E-1,-6.397075753E-2,1.766428853E2
1.747820710E1,2.928540614E-2,5.926376325E-4,1.343388692E-3,9.995700121E-1,1.766436598E2,1.558639086E-1,-6.337385730E-2,1.766435700E2
1.748320710E1,2.928536328E-2,5.919408868E-4,1.344629563E-3,9.995700121E-1,1.766436647E2,1.560037000E-1,-6.328989282E-2,1.766435749E2
1.748820710E1,2.928336096E-2,5.901819095E-4,1.344701974E-3,9.995700717E-1,1.766438942E2,1.560059644E-1,-6.308848499E-2,1.766438047E2
1.749320710E1,2.927740445E-2,5.866176798E-4,1.343041891E-3,9.995702505E-1,1.766445771E2,1.558034796E-1,-6.268672905E-2,1.766444883E2
1.749820710E1,2.927759190E-2,5.863791448E-4,1.339053735E-3,9.995702505E-1,1.766445556E2,1.553458773E-1,-6.267275797E-2,1.766444671E2
1.750320710E1,2.927173367E-2,5.814104225E-4,1.335810171E-3,9.995704293E-1,1.766452272E2,1.549573158E-1,-6.211541938E-2,1.766451396E2
1.750820710E1,2.927565000E-2,5.843960680E-4,1.337883878E-3,9.995703101E-1,1.766447782E2,1.552051037E-1,-6.244983817E-2,1.766446901E2
1.751320710E1,2.927574452E-2,5.850563175E-4,1.335524837E-3,9.995703101E-1,1.766447674E2,1.549371142E-1,-6.253336423E-2,1.766446793E2
1.751820710E1,2.927194692E-2,5.825947737E-4,1.330610947E-3,9.995704293E-1,1.766452028E2,1.543657694E-1,-6.226848504E-2,1.766451153E2
1.752320710E1,2.927359335E-2,5.828603753E-4,1.339023234E-3,9.995703697E-1,1.766450140E2,1.553303282E-1,-6.227043356E-2,1.766449260E2
1.752820710E1,2.927149284E-2,5.811470910E-4,1.341191237E-3,9.995704293E-1,1.766452548E2,1.555727788E-1,-6.206724409E-2,1.766451670E2
1.753320710E1,2.926564099E-2,5.767385010E-4,1.337525551E-3,9.995706081E-1,1.766459257E2,1.551377524E-1,-6.157547802E-2,1.766458388E2
1.753820710E1,2.926561341E-2,5.762818037E-4,1.338325557E-3,9.995706081E-1,1.766459288E2,1.552278538E-1,-6.152048814E-2,1.766458419E2
1.754320710E1,2.926754781E-2,5.792654119E-4,1.339253271E-3,9.995705485E-1,1.766457071E2,1.553442428E-1,-6.185882585E-2,1.766456196E2
1.754820710E1,2.927353245E-2,5.837664939E-4,1.339959563E-3,9.995703697E-1,1.766450210E2,1.554406138E-1,-6.237109099E-2,1.766449328E2
1.755320710E1,2.927544618E-2,5.846191198E-4,1.342239324E-3,9.995703101E-1,1.766448016E2,1.557047235E-1,-6.246080699E-2,1.766447131E2
1.755820710E1,2.926749329E-2,5.781937507E-4,1.340906951E-3,9.995705485E-1,1.766457133E2,1.555300618E-1,-6.173053743E-2,1.766456260E2
1.756320710E1,2.927137028E-2,5.808667047E-4,1.343984623E-3,9.995704293E-1,1.766452689E2,1.558917923E-1,-6.202577708E-2,1.766451809E2
1.756820710E1,2.926941625E-2,5.801621010E-4,1.342514530E-3,9.995704889E-1,1.766454929E2,1.557209193E-1,-6.195030571E-2,1.766454051E2
1.757320710E1,2.926946205E-2,5.801679217E-4,1.341513125E-3,9.995704889E-1,1.766454876E2,1.556062382E-1,-6.195432414E-2,1.766453999E2
1.757820710E1,2.926544554E-2,5.766520626E-4,1.341832336E-3,9.995706081E-1,1.766459481E2,1.556307609E-1,-6.155116399E-2,1.766458609E2
1.758320710E1,2.926351086E-2,5.751069984E-4,1.340287505E-3,9.995706677E-1,1.766461699E2,1.554485112E-1,-6.137967038E-2,1.766460830E2
1.758820710E1,2.925748755E-2,5.712020211E-4,1.340097981E-3,9.995708466E-1,1.766468604E2,1.554133396E-1,-6.093395701E-2,1.766467742E2
1.759320710E1,2.925362175E-2,5.681411712E-4,1.336871646E-3,9.995709658E-1,1.766473036E2,1.550332896E-1,-6.059477657E-2,1.766472180E2
1.759820710E1,2.925973697E-2,5.717566237E-4,1.335199340E-3,9.995707870E-1,1.766466025E2,1.548542332E-1,-6.101355796E-2,1.766465165E2
1.760320710E1,2.926396510E-2,5.751081044E-4,1.330332248E-3,9.995706677E-1,1.766461178E2,1.543082415E-1,-6.141311130E-2,1.766460316E2
1.760820710E1,2.926004057E-2,5.735632731E-4,1.327750506E-3,9.995707870E-1,1.766465677E2,1.540071006E-1,-6.124542515E-2,1.766464819E2
1.761320710E1,2.925193436E-2,5.671571125E-4,1.329626422E-3,9.995710254E-1,1.766474970E2,1.542000012E-1,-6.050660862E-2,1.766474121E2
1.761820710E1,2.925182915E-2,5.666073412E-4,1.332173124E-3,9.995710254E-1,1.766475091E2,1.544898579E-1,-6.043511590E-2,1.766474241E2
1.762320710E1,2.925194165E-2,5.669101956E-4,1.329571358E-3,9.995710254E-1,1.766474962E2,1.541928667E-1,-6.047850962E-2,1.766474113E2
1.762820710E1,2.925986961E-2,5.722327041E-4,1.332084998E-3,9.995707870E-1,1.766465873E2,1.544991127E-1,-6.107851128E-2,1.766465014E2
1.763320710E1,2.925572949E-2,5.700296606E-4,1.334508299E-3,9.995709062E-1,1.766470619E2,1.547690449E-1,-6.081868503E-2,1.766469763E2
1.763820710E1,2.925780533E-2,5.701773334E-4,1.333580585E-3,9.995708466E-1,1.766468240E2,1.546634035E-1,-6.083838884E-2,1.766467383E2
1.764320710E1,2.925591676E-2,5.696608569E-4,1.330554485E-3,9.995709062E-1,1.766470405E2,1.543149395E-1,-6.078966780E-2,1.766469551E2
1.764820710E1,2.925780430E-2,5.716562155E-4,1.332969987E-3,9.995708466E-1,1.766468241E2,1.545984225E-1,-6.100983092E-2,1.766467382E2
1.765320710E1,2.925559062E-2,5.691263359E-4,1.337933703E-3,9.995709062E-1,1.766470779E2,1.551583628E-1,-6.070375376E-2,1.766469921E2
1.765820710E1,2.925540364E-2,5.690816324E-4,1.342035015E-3,9.995709062E-1,1.766470993E2,1.556279767E-1,-6.068491264E-2,1.766470133E2
1.766320710E1,2.925935592E-2,5.719296751E-4,1.343449927E-3,9.995707870E-1,1.766466462E2,1.557998342E-1,-6.100577479E-2,1.766465597E2
1.766820710E1,2.926322001E-2,5.741799832E-4,1.347018406E-3,9.995706677E-1,1.766462032E2,1.562163596E-1,-6.125096161E-2,1.766461161E2
1.767320710E1,2.925912918E-2,5.720779300E-4,1.348316320E-3,9.995707870E-1,1.766466722E2,1.563577271E-1,-6.100647488E-2,1.766465854E2
1.767820710E1,2.926102184E-2,5.735690938E-4,1.350795268E-3,9.995707273E-1,1.766464552E2,1.566467882E-1,-6.116866800E-2,1.766463680E2
1.768320710E1,2.926530077E-2,5.763100926E-4,1.345132827E-3,9.995706081E-1,1.766459647E2,1.560076520E-1,-6.150094779E-2,1.766458774E2
1.768820710E1,2.925937042E-2,5.711783306E-4,1.343453885E-3,9.995707870E-1,1.766466445E2,1.557977691E-1,-6.091969846E-2,1.766465581E2
1.769320710E1,2.926138708E-2,5.729365512E-4,1.343129901E-3,9.995707273E-1,1.766464133E2,1.557666780E-1,-6.112186131E-2,1.766463267E2
1.769820710E1,2.926133760E-2,5.730423727E-4,1.344162389E-3,9.995707273E-1,1.766464190E2,1.558852937E-1,-6.113052794E-2,1.766463323E2
1.770320710E1,2.926526069E-2,5.760844797E-4,1.346101053E-3,9.995706081E-1,1.766459693E2,1.561177960E-1,-6.147186472E-2,1.766458819E2
1.770820710E1,2.926304133E-2,5.749044940E-4,1.350586303E-3,9.995706677E-1,1.766462237E2,1.566274547E-1,-6.132201219E-2,1.766461363E2
1.771320710E1,2.927097385E-2,5.809487775E-4,1.352555817E-3,9.995704293E-1,1.766453143E2,1.568738100E-1,-6.200648938E-2,1.766452258E2
1.771820710E1,2.927309005E-2,5.825561821E-4,1.350112609E-3,9.995703697E-1,1.766450717E2,1.565994822E-1,-6.219846900E-2,1.766449831E2
1.772320710E1,2.926909365E-2,5.798757193E-4,1.349652535E-3,9.995704889E-1,1.766455299E2,1.565375446E-1,-6.189361167E-2,1.766454417E2
1.772820710E1,2.926506024E-2,5.759914638E-4,1.350491657E-3,9.995706081E-1,1.766459923E2,1.566203830E-1,-6.144651736E-2,1.766459047E2
1.773320710E1,2.927497279E-2,5.842369283E-4,1.352689927E-3,9.995703101E-1,1.766448559E2,1.569004509E-1,-6.238204438E-2,1.766447668E2
1.773820710E1,2.927895016E-2,5.868837470E-4,1.353549422E-3,9.995701909E-1,1.766443999E2,1.570080290E-1,-6.268170908E-2,1.766443104E2
1.774320710E1,2.927693020E-2,5.848958390E-4,1.354085747E-3,9.995702505E-1,1.766446315E2,1.570626646E-1,-6.245252736E-2,1.766445422E2
1.774820710E1,2.927497067E-2,5.847871071E-4,1.352498075E-3,9.995703101E-1,1.766448561E2,1.568803213E-1,-6.244570711E-2,1.766447670E2
1.775320710E1,2.928149692E-2,5.889145541E-4,1.341539086E-3,9.995701313E-1,1.766441079E2,1.556393086E-1,-6.295422316E-2,1.766440188E2
1.775820710E1,2.928176110E-2,5.898090894E-4,1.335365698E-3,9.995701313E-1,1.766440777E2,1.549352113E-1,-6.307735921E-2,1.766439888E2
1.776320710E1,2.928155170E-2,5.898178788E-4,1.339945477E-3,9.995701313E-1,1.766441017E2,1.554598072E-1,-6.306303092E-2,1.766440125E2
1.776820710E1,2.928951013E-2,5.959330010E-4,1.341156662E-3,9.995698929E-1,1.766431893E2,1.556195675E-1,-6.375816810E-2,1.766430991E2
1.777320710E1,2.929548648E-2,6.007475895E-4,1.341748750E-3,9.995697141E-1,1.766425042E2,1.557039319E-1,-6.430672391E-2,1.766424132E2
1.777820710E1,2.929350396E-2,5.997510161E-4,1.341074938E-3,9.995697737E-1,1.766427314E2,1.556232787E-1,-6.419514484E-2,1.766426406E2
1.778320710E1,2.929344767E-2,5.995327374E-4,1.342401374E-3,9.995697737E-1,1.766427379E2,1.557744757E-1,-6.416569878E-2,1.766426470E2
1.778820710E1,2.928936709E-2,5.958643160E-4,1.344307442E-3,9.995698929E-1,1.766432057E2,1.559802263E-1,-6.373974772E-2,1.766431153E2
1.779320710E1,2.929743834E-2,6.023867754E-4,1.342799398E-3,9.995696545E-1,1.766422804E2,1.558299050E-1,-6.449064858E-2,1.766421891E2
1.779820710E1,2.930137340E-2,6.048170617E-4,1.344582648E-3,9.995695353E-1,1.766418293E2,1.560425776E-1,-6.476241783E-2,1.766417374E2
1.780320710E1,2.930326837E-2,6.069727242E-4,1.346623176E-3,9.995694757E-1,1.766416120E2,1.562836667E-1,-6.500218436E-2,1.766415197E2
1.780820710E1,2.930134885E-2,6.050614174E-4,1.345007564E-3,9.995695353E-1,1.766418321E2,1.560920675E-1,-6.478898395E-2,1.766417402E2
1.781320710E1,2.930755336E-2,6.099928869E-4,1.340480405E-3,9.995693564E-1,1.766411208E2,1.555904808E-1,-6.536808106E-2,1.766410284E2
1.781820710E1,2.930773746E-2,6.105344510E-4,1.336201909E-3,9.995693564E-1,1.766410997E2,1.551022422E-1,-6.544445376E-2,1.766410075E2
1.782320710E1,2.931186814E-2,6.131581613E-4,1.333567430E-3,9.995692372E-1,1.766406262E2,1.548095664E-1,-6.575318762E-2,1.766405337E2
1.782820710E1,2.930989886E-2,6.123663043E-4,1.332537970E-3,9.995692968E-1,1.766408519E2,1.546888601E-1,-6.566624926E-2,1.766407597E2
1.783320710E1,2.930806894E-2,6.111682742E-4,1.328620128E-3,9.995693564E-1,1.766410617E2,1.542359567E-1,-6.554246567E-2,1.766409699E2
1.783820710E1,2.930420192E-2,6.085291388E-4,1.325439196E-3,9.995694757E-1,1.766415050E2,1.538624882E-1,-6.525145176E-2,1.766414138E2
1.784320710E1,2.931007495E-2,6.125048967E-4,1.328595215E-3,9.995692968E-1,1.766408317E2,1.542377243E-1,-6.569533955E-2,1.766407397E2
1.784820710E1,2.931238946E-2,6.140890182E-4,1.321627060E-3,9.995692372E-1,1.766405664E2,1.534450481E-1,-6.589983759E-2,1.766404746E2
1.785320710E1,2.930659962E-2,6.095790886E-4,1.316866372E-3,9.995694160E-1,1.766412301E2,1.528842184E-1,-6.540013713E-2,1.766411394E2
1.785820710E1,2.929860574E-2,6.045160117E-4,1.316106180E-3,9.995696545E-1,1.766421466E2,1.527796211E-1,-6.482397575E-2,1.766420566E2
1.786320710E1,2.929864222E-2,6.042975583E-4,1.315394184E-3,9.995696545E-1,1.766421424E2,1.526973361E-1,-6.480133853E-2,1.766420525E2
1.786820710E1,2.930862909E-2,6.118573365E-4,1.315885573E-3,9.995693564E-1,1.766409975E2,1.527796602E-1,-6.566407647E-2,1.766409064E2
1.787320710E1,2.931258230E-2,6.153539871E-4,1.316752634E-3,9.995692372E-1,1.766405443E2,1.528909814E-1,-6.606107388E-2,1.766404526E2
1.787820710E1,2.931439585E-2,6.160110352E-4,1.321311225E-3,9.995691776E-1,1.766403364E2,1.534154608E-1,-6.612074266E-2,1.766402443E2
1.788320710E1,2.931235955E-2,6.149174296E-4,1.321905060E-3,9.995692372E-1,1.766405698E2,1.534796717E-1,-6.599379646E-2,1.766404779E2
1.788820710E1,2.931230092E-2,6.152850110E-4,1.323033706E-3,9.995692372E-1,1.766405765E2,1.536101806E-1,-6.603211788E-2,1.766404845E2
1.789320710E1,2.930608837E-2,6.089959061E-4,1.328462968E-3,9.995694160E-1,1.766412888E2,1.542105294E-1,-6.529447115E-2,1.766411973E2
1.789820710E1,2.930989787E-2,6.125808577E-4,1.332461019E-3,9.995692968E-1,1.766408520E2,1.546807666E-1,-6.569108330E-2,1.766407597E2
1.790320710E1,2.932387844E-2,6.226454861E-4,1.333188848E-3,9.995688796E-1,1.766392493E2,1.547988753E-1,-6.683929865E-2,1.766391554E2
1.790820710E1,2.932014078E-2,6.199707277E-4,1.327249687E-3,9.995689988E-1,1.766396778E2,1.541093518E-1,-6.655345997E-2,1.766395847E2
1.791320710E1,2.931411705E-2,6.154425209E-4,1.327745849E-3,9.995691776E-1,1.766403683E2,1.541505702E-1,-6.603405108E-2,1.766402759E2
1.791820710E1,2.931795545E-2,6.186989485E-4,1.331222244E-3,9.995690584E-1,1.766399283E2,1.545599597E-1,-6.639477795E-2,1.766398351E2
1.792320710E1,2.932207882E-2,6.214058376E-4,1.328652259E-3,9.995689392E-1,1.766394556E2,1.542749573E-1,-6.671282894E-2,1.766393622E2
1.792820710E1,2.932234932E-2,6.224934477E-4,1.322157565E-3,9.995689392E-1,1.766394246E2,1.535347120E-1,-6.685918786E-2,1.766393314E2
1.793320710E1,2.931627524E-2,6.181416102E-4,1.323707635E-3,9.995691180E-1,1.766401209E2,1.536972338E-1,-6.635644427E-2,1.766400283E2
1.793820710E1,2.931799942E-2,6.180249038E-4,1.330566709E-3,9.995690584E-1,1.766399233E2,1.544826114E-1,-6.631976697E-2,1.766398302E2
1.794320710E1,2.931004579E-2,6.131754490E-4,1.328929211E-3,9.995692968E-1,1.766408351E2,1.542782314E-1,-6.577102879E-2,1.766407429E2
1.794820710E1,2.930813298E-2,6.111714756E-4,1.327205217E-3,9.995693564E-1,1.766410544E2,1.540739041E-1,-6.554757456E-2,1.766409626E2
1.795320710E1,2.931020690E-2,6.120374892E-4,1.325896825E-3,9.995692968E-1,1.766408166E2,1.539270826E-1,-6.565084464E-2,1.766407248E2
1.795820710E1,2.931416573E-2,6.161577767E-4,1.326338504E-3,9.995691776E-1,1.766403628E2,1.539917755E-1,-6.612069818E-2,1.766402703E2
1.796320710E1,2.931217696E-2,6.139696925E-4,1.326386933E-3,9.995692372E-1,1.766405908E2,1.539898409E-1,-6.587021385E-2,1.766404987E2
1.796820710E1,2.930400581E-2,6.070072995E-4,1.330463449E-3,9.995694757E-1,1.766415275E2,1.544328551E-1,-6.506029517E-2,1.766414362E2
1.797320710E1,2.929988787E-2,6.041520392E-4,1.332892571E-3,9.995695949E-1,1.766419996E2,1.547012375E-1,-6.472572733E-2,1.766419086E2
1.797820710E1,2.931208862E-2,6.148124812E-4,1.327947713E-3,9.995692372E-1,1.766406009E2,1.541714418E-1,-6.596151968E-2,1.766405085E2
1.798320710E1,2.931204656E-2,6.146323867E-4,1.328959246E-3,9.995692372E-1,1.766406057E2,1.542866975E-1,-6.593749999E-2,1.766405133E2
1.798820710E1,2.930396055E-2,6.075101555E-4,1.331230626E-3,9.995694757E-1,1.766415327E2,1.545224153E-1,-6.511532418E-2,1.766414413E2
1.799320710E1,2.929589575E-2,6.011910154E-4,1.332582673E-3,9.995697141E-1,1.766424572E2,1.546555414E-1,-6.438822313E-2,1.766423668E2
1.799820710E1,2.929392864E-2,5.992989754E-4,1.331969514E-3,9.995697737E-1,1.766426828E2,1.545788301E-1,-6.417386723E-2,1.766425926E2
1.800320710E1,2.929791130E-2,6.025268231E-4,1.332376967E-3,9.995696545E-1,1.766422262E2,1.546365942E-1,-6.454160836E-2,1.766421355E2
1.800820710E1,2.929406342E-2,5.996440887E-4,1.328846440E-3,9.995697737E-1,1.766426673E2,1.542222725E-1,-6.422386044E-2,1.766425773E2
1.801320710E1,2.929225208E-2,5.986858741E-4,1.324365032E-3,9.995698333E-1,1.766428750E2,1.537056277E-1,-6.412942673E-2,1.766427854E2
1.801820710E1,2.929239903E-2,5.993887316E-4,1.320791896E-3,9.995698333E-1,1.766428581E2,1.532987205E-1,-6.422190518E-2,1.766427687E2
1.802320710E1,2.929016906E-2,5.961458082E-4,1.326592639E-3,9.995698929E-1,1.766431138E2,1.539521236E-1,-6.383132507E-2,1.766430245E2
1.802820710E1,2.928607894E-2,5.934085348E-4,1.328296494E-3,9.995700121E-1,1.766435827E2,1.541378395E-1,-6.351270320E-2,1.766434937E2
1.803320710E1,2.928998740E-2,5.973285879E-4,1.330066938E-3,9.995698929E-1,1.766431346E2,1.543540373E-1,-6.395516995E-2,1.766430449E2
1.803820710E1,2.929202968E-2,5.983371520E-4,1.329431892E-3,9.995698333E-1,1.766429005E2,1.542848138E-1,-6.407250950E-2,1.766428106E2
1.804320710E1,2.929002290E-2,5.960646085E-4,1.329852268E-3,9.995698929E-1,1.766431305E2,1.543252080E-1,-6.381110590E-2,1.766430410E2
1.804820710E1,2.927978607E-2,5.880144890E-4,1.334847533E-3,9.995701909E-1,1.766443041E2,1.548697130E-1,-6.287384622E-2,1.766442155E2
1.805320710E1,2.927982464E-2,5.878647207E-4,1.334067085E-3,9.995701909E-1,1.766442997E2,1.547798183E-1,-6.285930408E-2,1.766442112E2
1.805820710E1,2.928199569E-2,5.894548958E-4,1.330368570E-3,9.995701313E-1,1.766440508E2,1.543616536E-1,-6.305352085E-2,1.766439623E2
1.806320710E1,2.927967944E-2,5.880258977E-4,1.337179216E-3,9.995701909E-1,1.766443163E2,1.551368215E-1,-6.286734604E-2,1.766442276E2
1.806820710E1,2.928361344E-2,5.908719031E-4,1.338888076E-3,9.995700717E-1,1.766438653E2,1.553423571E-1,-6.318698903E-2,1.766437760E2
1.807320710E1,2.928563044E-2,5.929269828E-4,1.338361995E-3,9.995700121E-1,1.766436341E2,1.552891231E-1,-6.342383467E-2,1.766435445E2
1.807820710E1,2.928572855E-2,5.923536373E-4,1.336467685E-3,9.995700121E-1,1.766436228E2,1.550702260E-1,-6.336450440E-2,1.766435335E2
1.808320710E1,2.928569456E-2,5.923492135E-4,1.337214140E-3,9.995700121E-1,1.766436267E2,1.551557099E-1,-6.336149787E-2,1.766435373E2
1.808820710E1,2.928968385E-2,5.961439456E-4,1.337263500E-3,9.995698929E-1,1.766431694E2,1.551743540E-1,-6.379537031E-2,1.766430794E2
1.809320710E1,2.929576588E-2,6.005734322E-4,1.335712732E-3,9.995697141E-1,1.766424721E2,1.550119844E-1,-6.430699578E-2,1.766423815E2
1.809820710E1,2.929382118E-2,5.994011881E-4,1.334284898E-3,9.995697737E-1,1.766426951E2,1.548443763E-1,-6.417781896E-2,1.766426048E2
1.810320710E1,2.928577873E-2,5.938523682E-4,1.334701665E-3,9.995700121E-1,1.766436171E2,1.548729747E-1,-6.354209147E-2,1.766435276E2
1.810820710E1,2.928767764E-2,5.951258354E-4,1.337104011E-3,9.995699525E-1,1.766433994E2,1.551525405E-1,-6.367960034E-2,1.766433096E2
1.811320710E1,2.929166799E-2,5.973164807E-4,1.337833470E-3,9.995698333E-1,1.766429419E2,1.552437024E-1,-6.392745395E-2,1.766428517E2
1.811820710E1,2.928774386E-2,5.953990039E-4,1.335530891E-3,9.995699525E-1,1.766433918E2,1.549732724E-1,-6.371615916E-2,1.766433020E2
1.812320710E1,2.928368179E-2,5.905920989E-4,1.337515889E-3,9.995700717E-1,1.766438575E2,1.551842486E-1,-6.315953370E-2,1.766437683E2
1.812820710E1,2.928361256E-2,5.916364025E-4,1.338569680E-3,9.995700717E-1,1.766438654E2,1.553084528E-1,-6.327562516E-2,1.766437760E2
1.813320710E1,2.928354860E-2,5.904732388E-4,1.340481220E-3,9.995700717E-1,1.766438727E2,1.555234979E-1,-6.313598900E-2,1.766437834E2
1.813820710E1,2.928560784E-2,5.925841979E-4,1.339008100E-3,9.995700121E-1,1.766436367E2,1.553619778E-1,-6.338240649E-2,1.766435471E2
1.814320710E1,2.929367327E-2,5.986164906E-4,1.337879687E-3,9.995697737E-1,1.766427120E2,1.552534887E-1,-6.407589348E-2,1.766426216E2
1.814820710E1,2.929174286E-2,5.969874910E-4,1.336340327E-3,9.995698333E-1,1.766429333E2,1.550715745E-1,-6.389477109E-2,1.766428433E2
1.815320710E1,2.928381894E-2,5.913842469E-4,1.334158937E-3,9.995700717E-1,1.766438417E2,1.548024017E-1,-6.326151205E-2,1.766437527E2
1.815820710E1,2.927359690E-2,5.838564248E-4,1.338511589E-3,9.995703697E-1,1.766450136E2,1.552750648E-1,-6.238623923E-2,1.766449255E2
1.816320710E1,2.927356414E-2,5.835189368E-4,1.339374925E-3,9.995703697E-1,1.766450174E2,1.553728193E-1,-6.234469150E-2,1.766449292E2
1.816820710E1,2.927766547E-2,5.871768808E-4,1.337094232E-3,9.995702505E-1,1.766445472E2,1.551241119E-1,-6.277069535E-2,1.766444586E2
1.817320710E1,2.928348093E-2,5.912311608E-4,1.341625000E-3,9.995700717E-1,1.766438805E2,1.556570487E-1,-6.321897544E-2,1.766437910E2
1.817820710E1,2.928149365E-2,5.902525154E-4,1.341022318E-3,9.995701313E-1,1.766441083E2,1.555846062E-1,-6.310921089E-2,1.766440190E2
1.818320710E1,2.928751289E-2,5.946589517E-4,1.340914867E-3,9.995699525E-1,1.766434183E2,1.555874681E-1,-6.361335801E-2,1.766433283E2
1.818820710E1,2.929158181E-2,5.968841724E-4,1.339911832E-3,9.995698333E-1,1.766429518E2,1.554803067E-1,-6.387097339E-2,1.766428615E2
1.819320710E1,2.929154903E-2,5.975693348E-4,1.340322895E-3,9.995698333E-1,1.766429556E2,1.555296887E-1,-6.394807877E-2,1.766428651E2
1.819820710E1,2.929156689E-2,5.978124100E-4,1.339824172E-3,9.995698333E-1,1.766429535E2,1.554733808E-1,-6.397759242E-2,1.766428631E2
1.820320710E1,2.929337974E-2,5.995897227E-4,1.343857497E-3,9.995697737E-1,1.766427457E2,1.559414506E-1,-6.416734858E-2,1.766426547E2
1.820820710E1,2.928948996E-2,5.963992444E-4,1.341390074E-3,9.995698929E-1,1.766431916E2,1.556478669E-1,-6.381079240E-2,1.766431013E2
1.821320710E1,2.928564562E-2,5.925300648E-4,1.338205533E-3,9.995700121E-1,1.766436323E2,1.552698704E-1,-6.337889348E-2,1.766435429E2
1.821820710E1,2.928166028E-2,5.892544868E-4,1.337818918E-3,9.995701313E-1,1.766440892E2,1.552143420E-1,-6.300561752E-2,1.766440003E2
1.822320710E1,2.927969498E-2,5.878865486E-4,1.336900285E-3,9.995701909E-1,1.766443145E2,1.551044054E-1,-6.285231815E-2,1.766442259E2
1.822820710E1,2.928151800E-2,5.889708991E-4,1.341053983E-3,9.995701313E-1,1.766441055E2,1.555839341E-1,-6.296230153E-2,1.766440164E2
1.823320710E1,2.927942576E-2,5.874169292E-4,1.342989039E-3,9.995701909E-1,1.766443454E2,1.558002343E-1,-6.277813922E-2,1.766442564E2
1.823820710E1,2.928518508E-2,5.925166770E-4,1.348252292E-3,9.995700121E-1,1.766436851E2,1.564205778E-1,-6.334371535E-2,1.766435950E2
1.824320710E1,2.928728559E-2,5.946766469E-4,1.345862402E-3,9.995699525E-1,1.766434443E2,1.561542164E-1,-6.359881546E-2,1.766433540E2
1.824820710E1,2.928539638E-2,5.930790794E-4,1.343406504E-3,9.995700121E-1,1.766436609E2,1.558674297E-1,-6.342436340E-2,1.766435710E2
1.825320710E1,2.927934372E-2,5.870775785E-4,1.344924560E-3,9.995701909E-1,1.766443548E2,1.560207901E-1,-6.273278781E-2,1.766442658E2
1.825820710E1,2.928513077E-2,5.925167352E-4,1.349431230E-3,9.995700121E-1,1.766436914E2,1.565556131E-1,-6.333977410E-2,1.766436012E2
1.826320710E1,2.929518348E-2,5.993663217E-4,1.348962658E-3,9.995697141E-1,1.766425389E2,1.565255745E-1,-6.412433991E-2,1.766424477E2
1.826820710E1,2.929323889E-2,5.986441392E-4,1.347344834E-3,9.995697737E-1,1.766427618E2,1.563377157E-1,-6.404735478E-2,1.766426708E2
1.827320710E1,2.929128896E-2,5.972986110E-4,1.346114674E-3,9.995698333E-1,1.766429854E2,1.561921684E-1,-6.389766905E-2,1.766428946E2
1.827820710E1,2.929320819E-2,5.984262680E-4,1.348108752E-3,9.995697737E-1,1.766427654E2,1.564244834E-1,-6.401983975E-2,1.766426743E2
1.828320710E1,2.929129708E-2,5.970287602E-4,1.346057747E-3,9.995698333E-1,1.766429844E2,1.561847425E-1,-6.386694955E-2,1.766428938E2
1.828820710E1,2.929151248E-2,5.973218358E-4,1.341231749E-3,9.995698333E-1,1.766429597E2,1.556329581E-1,-6.391668464E-2,1.766428693E2
1.829320710E1,2.928746995E-2,5.944453296E-4,1.341947005E-3,9.995699525E-1,1.766434232E2,1.557049722E-1,-6.358543187E-2,1.766433332E2
1.829820710E1,2.927749306E-2,5.864254199E-4,1.341192983E-3,9.995702505E-1,1.766445669E2,1.555910613E-1,-6.267089651E-2,1.766444783E2
1.830320710E1,2.927969088E-2,5.890114699E-4,1.336494926E-3,9.995701909E-1,1.766443150E2,1.550617490E-1,-6.298252999E-2,1.766442262E2
1.830820710E1,2.928155072E-2,5.889478489E-4,1.340349670E-3,9.995701313E-1,1.766441018E2,1.555031850E-1,-6.296201954E-2,1.766440127E2
1.831320710E1,2.927727302E-2,5.855281488E-4,1.346378238E-3,9.995702505E-1,1.766445922E2,1.561819695E-1,-6.255075859E-2,1.766445033E2
1.831820710E1,2.927535105E-2,5.837669596E-4,1.344682765E-3,9.995703101E-1,1.766448125E2,1.559817367E-1,-6.235501612E-2,1.766447240E2
1.832320710E1,2.927134941E-2,5.808233982E-4,1.344457851E-3,9.995704293E-1,1.766452713E2,1.559458505E-1,-6.201923254E-2,1.766451833E2
1.832820710E1,2.926921689E-2,5.802349770E-4,1.346822362E-3,9.995704889E-1,1.766455157E2,1.562145818E-1,-6.194423527E-2,1.766454277E2
1.833320710E1,2.927314344E-2,5.823833053E-4,1.349029248E-3,9.995703697E-1,1.766450656E2,1.564748146E-1,-6.218229312E-2,1.766449771E2
1.833820710E1,2.927309770E-2,5.826517008E-4,1.349905622E-3,9.995703697E-1,1.766450708E2,1.565760943E-1,-6.221010310E-2,1.766449822E2
1.834320710E1,2.927307526E-2,5.829222500E-4,1.350275357E-3,9.995703697E-1,1.766450734E2,1.566193510E-1,-6.223985566E-2,1.766449847E2
1.834820710E1,2.926876248E-2,5.796089536E-4,1.356929191E-3,9.995704889E-1,1.766455678E2,1.573701165E-1,-6.183870133E-2,1.766454792E2
1.835320710E1,2.926501445E-2,5.766336108E-4,1.351209707E-3,9.995706081E-1,1.766459975E2,1.567047811E-1,-6.151766951E-2,1.766459098E2
1.835820710E1,2.926916122E-2,5.799481878E-4,1.348155201E-3,9.995704889E-1,1.766455221E2,1.563662833E-1,-6.190692400E-2,1.766454340E2
1.836320710E1,2.927701545E-2,5.860027159E-4,1.351761864E-3,9.995702505E-1,1.766446217E2,1.568002002E-1,-6.258709484E-2,1.766445324E2
1.836820710E1,2.928506715E-2,5.922014825E-4,1.350949518E-3,9.995700121E-1,1.766436986E2,1.567284597E-1,-6.329857904E-2,1.766436084E2
1.837320710E1,2.928101845E-2,5.893355701E-4,1.351758605E-3,9.995701313E-1,1.766441628E2,1.568112613E-1,-6.296823073E-2,1.766440730E2
1.837820710E1,2.927315998E-2,5.833168980E-4,1.348266611E-3,9.995703697E-1,1.766450637E2,1.563905932E-1,-6.229178473E-2,1.766449751E2
1.838320710E1,2.926906204E-2,5.785359535E-4,1.350912265E-3,9.995704889E-1,1.766455335E2,1.566773415E-1,-6.173593145E-2,1.766454455E2
1.838820710E1,2.927288212E-2,5.829220754E-4,1.354455948E-3,9.995703697E-1,1.766450955E2,1.570981941E-1,-6.222584206E-2,1.766450066E2
1.839320710E1,2.928076172E-2,5.879006931E-4,1.357930363E-3,9.995701313E-1,1.766441922E2,1.575133593E-1,-6.278320799E-2,1.766441022E2
1.839820710E1,2.927850004E-2,5.865882849E-4,1.363378367E-3,9.995701909E-1,1.766444515E2,1.581328422E-1,-6.261495916E-2,1.766443614E2
1.840320710E1,2.928246197E-2,5.893611233E-4,1.364493161E-3,9.995700717E-1,1.766439973E2,1.582700867E-1,-6.292819890E-2,1.766439067E2
1.840820710E1,2.929664895E-2,6.005339674E-4,1.360732247E-3,9.995696545E-1,1.766423709E2,1.578777073E-1,-6.421834184E-2,1.766422787E2
1.841320710E1,2.930098733E-2,6.041087909E-4,1.353286090E-3,9.995695353E-1,1.766418735E2,1.570370884E-1,-6.465212725E-2,1.766417813E2
1.841820710E1,2.930091701E-2,6.037690910E-4,1.354959328E-3,9.995695353E-1,1.766418816E2,1.572276000E-1,-6.460761002E-2,1.766417893E2
1.842320710E1,2.930292847E-2,6.062990869E-4,1.354301115E-3,9.995694757E-1,1.766416510E2,1.571608329E-1,-6.489929532E-2,1.766415583E2
1.842820710E1,2.931300882E-2,6.138557219E-4,1.352712745E-3,9.995691776E-1,1.766404954E2,1.570049365E-1,-6.576859969E-2,1.766404016E2
1.843320710E1,2.930706108E-2,6.097018486E-4,1.351331710E-3,9.995693564E-1,1.766411772E2,1.568324066E-1,-6.529837807E-2,1.766410842E2
1.843820710E1,2.930468807E-2,6.068024668E-4,1.359982649E-3,9.995694160E-1,1.766414493E2,1.578134147E-1,-6.493759739E-2,1.766413561E2
1.844320710E1,2.930661421E-2,6.084092311E-4,1.361567061E-3,9.995693564E-1,1.766412285E2,1.580004188E-1,-6.511601460E-2,1.766411350E2
1.844820710E1,2.930696816E-2,6.097002188E-4,1.353346277E-3,9.995693564E-1,1.766411879E2,1.570631486E-1,-6.529144019E-2,1.766410947E2
1.845320710E1,2.930321037E-2,6.062220200E-4,1.348222606E-3,9.995694757E-1,1.766416187E2,1.564643446E-1,-6.491083519E-2,1.766415264E2
1.845820710E1,2.930124722E-2,6.042363821E-4,1.347590121E-3,9.995695353E-1,1.766418438E2,1.563851031E-1,-6.468582677E-2,1.766417518E2
1.846320710E1,2.930091905E-2,6.050816737E-4,1.354329404E-3,9.995695353E-1,1.766418814E2,1.571598547E-1,-6.476007101E-2,1.766417889E2
1.846820710E1,2.930903568E-2,6.113108248E-4,1.351868152E-3,9.995692968E-1,1.766409509E2,1.568993853E-1,-6.548056226E-2,1.766408575E2
1.847320710E1,2.930523749E-2,6.076413556E-4,1.347713987E-3,9.995694160E-1,1.766413863E2,1.564109845E-1,-6.507479984E-2,1.766412938E2
1.847820710E1,2.930304991E-2,6.059256266E-4,1.351838582E-3,9.995694757E-1,1.766416371E2,1.568775219E-1,-6.486476837E-2,1.766415446E2
1.848320710E1,2.930492630E-2,6.083550979E-4,1.354143256E-3,9.995694160E-1,1.766414220E2,1.571497858E-1,-6.513501145E-2,1.766413290E2
1.848820710E1,2.930900011E-2,6.114455173E-4,1.352578285E-3,9.995692968E-1,1.766409550E2,1.569811758E-1,-6.549361073E-2,1.766408615E2
1.849320710E1,2.930896269E-2,6.108279922E-4,1.353667816E-3,9.995692968E-1,1.766409592E2,1.571038968E-1,-6.541922454E-2,1.766408658E2
1.849820710E1,2.930884257E-2,6.106314831E-4,1.356354565E-3,9.995692968E-1,1.766409730E2,1.574109759E-1,-6.538771100E-2,1.766408795E2
1.850320710E1,2.931275102E-2,6.138649187E-4,1.358283684E-3,9.995691776E-1,1.766405249E2,1.576430595E-1,-6.575098032E-2,1.766404308E2
1.850820710E1,2.931476995E-2,6.159932236E-4,1.357611851E-3,9.995691180E-1,1.766402935E2,1.575733890E-1,-6.599669957E-2,1.766401990E2
1.851320710E1,2.931277265E-2,6.130347610E-4,1.358191832E-3,9.995691776E-1,1.766405225E2,1.576297513E-1,-6.565619734E-2,1.766404284E2
1.851820710E1,2.931451826E-2,6.147425738E-4,1.363600255E-3,9.995691180E-1,1.766403223E2,1.582550974E-1,-6.583337024E-2,1.766402277E2
1.852320710E1,2.931462596E-2,6.145993248E-4,1.361347619E-3,9.995691180E-1,1.766403100E2,1.579966007E-1,-6.582451242E-2,1.766402155E2
1.852820710E1,2.931679722E-2,6.173417787E-4,1.357108122E-3,9.995690584E-1,1.766400611E2,1.575203553E-1,-6.615253878E-2,1.766399664E2
1.853320710E1,2.932289202E-2,6.211511209E-4,1.355397166E-3,9.995688796E-1,1.766393624E2,1.573375826E-1,-6.659365795E-2,1.766392672E2
1.853820710E1,2.932258283E-2,6.220415817E-4,1.361663220E-3,9.995688796E-1,1.766393978E2,1.580582835E-1,-6.667464662E-2,1.766393021E2
1.854320710E1,2.932067959E-2,6.206162507E-4,1.359541318E-3,9.995689392E-1,1.766396160E2,1.578103193E-1,-6.651881663E-2,1.766395206E2
1.854820710E1,2.932087318E-2,6.210636930E-4,1.355154789E-3,9.995689392E-1,1.766395938E2,1.573093919E-1,-6.658477593E-2,1.766394987E2
1.855320710E1,2.932456095E-2,6.233914173E-4,1.362201292E-3,9.995688200E-1,1.766391710E2,1.581245838E-1,-6.682713879E-2,1.766390751E2
1.855820710E1,2.933056864E-2,6.278111832E-4,1.362040523E-3,9.995686412E-1,1.766384823E2,1.581214268E-1,-6.733297833E-2,1.766383856E2
1.856320710E1,2.933258519E-2,6.299282541E-4,1.361378934E-3,9.995685816E-1,1.766382511E2,1.580528994E-1,-6.757737704E-2,1.766381541E2
1.856820710E1,2.932878078E-2,6.259984802E-4,1.357624424E-3,9.995687008E-1,1.766386873E2,1.576093830E-1,-6.714047243E-2,1.766385912E2
1.857320710E1,2.933069722E-2,6.280436064E-4,1.359161455E-3,9.995686412E-1,1.766384676E2,1.577924414E-1,-6.736925723E-2,1.766383710E2
1.857820710E1,2.933469712E-2,6.312180194E-4,1.359037356E-3,9.995685220E-1,1.766380090E2,1.577891681E-1,-6.773264706E-2,1.766379120E2
1.858320710E1,2.933868812E-2,6.346308510E-4,1.358974841E-3,9.995684028E-1,1.766375515E2,1.577937527E-1,-6.812314025E-2,1.766374539E2
1.858820710E1,2.933867272E-2,6.348639145E-4,1.359198359E-3,9.995684028E-1,1.766375533E2,1.578201375E-1,-6.814908679E-2,1.766374556E2
1.859320710E1,2.934255805E-2,6.374143995E-4,1.361798379E-3,9.995682836E-1,1.766371078E2,1.581267914E-1,-6.843186872E-2,1.766370096E2
1.859820710E1,2.933853838E-2,6.342039560E-4,1.362402458E-3,9.995684028E-1,1.766375687E2,1.581849146E-1,-6.806274261E-2,1.766374709E2
1.860320710E1,2.933244294E-2,6.298402441E-4,1.364480937E-3,9.995685816E-1,1.766382674E2,1.584079048E-1,-6.755689175E-2,1.766381703E2
1.860820710E1,2.932634780E-2,6.250889273E-4,1.366686076E-3,9.995687604E-1,1.766389662E2,1.586441064E-1,-6.700622082E-2,1.766388696E2
1.861320710E1,2.932420970E-2,6.221034564E-4,1.370327314E-3,9.995688200E-1,1.766392113E2,1.590510065E-1,-6.665236176E-2,1.766391150E2
1.861820710E1,2.932617279E-2,6.240423536E-4,1.370913233E-3,9.995687604E-1,1.766389863E2,1.591247661E-1,-6.687216584E-2,1.766388896E2
1.862320710E1,2.932605111E-2,6.239356007E-4,1.373562147E-3,9.995687604E-1,1.766390002E2,1.594278123E-1,-6.685105552E-2,1.766389034E2
1.862820710E1,2.932569114E-2,6.227350095E-4,1.381767914E-3,9.995687604E-1,1.766390415E2,1.603636619E-1,-6.668601849E-2,1.766389443E2
1.863320710E1,2.932957838E-2,6.267745630E-4,1.383670489E-3,9.995686412E-1,1.766385958E2,1.605954246E-1,-6.714169944E-2,1.766384979E2
1.863820710E1,2.933163318E-2,6.283056573E-4,1.382477116E-3,9.995685816E-1,1.766383603E2,1.604640175E-1,-6.732075539E-2,1.766382621E2
1.864320710E1,2.932565151E-2,6.234120810E-4,1.382303657E-3,9.995687604E-1,1.766390460E2,1.604273001E-1,-6.676177769E-2,1.766389487E2
1.864820710E1,2.932971965E-2,6.267146673E-4,1.380699803E-3,9.995686412E-1,1.766385796E2,1.602549632E-1,-6.714480075E-2,1.766384819E2
1.865320710E1,2.932984743E-2,6.266892306E-4,1.377994311E-3,9.995686412E-1,1.766385650E2,1.599449927E-1,-6.715095999E-2,1.766384674E2
1.865820710E1,2.933169391E-2,6.278924411E-4,1.381375827E-3,9.995685816E-1,1.766383533E2,1.603364883E-1,-6.727711669E-2,1.766382553E2
1.866320710E1,2.932553783E-2,6.229714490E-4,1.384911477E-3,9.995687604E-1,1.766390591E2,1.607245176E-1,-6.670256125E-2,1.766389616E2
1.866820710E1,2.932740592E-2,6.237945054E-4,1.387999509E-3,9.995687008E-1,1.766388449E2,1.610811194E-1,-6.678615735E-2,1.766387471E2
1.867320710E1,2.933126847E-2,6.269175210E-4,1.390819903E-3,9.995685816E-1,1.766384021E2,1.614149299E-1,-6.713377188E-2,1.766383036E2
1.867820710E1,2.932730390E-2,6.240660441E-4,1.390031655E-3,9.995687008E-1,1.766388566E2,1.613147921E-1,-6.681044687E-2,1.766387586E2
1.868320710E1,2.932933111E-2,6.259435904E-4,1.389276586E-3,9.995686412E-1,1.766386242E2,1.612347509E-1,-6.702771571E-2,1.766385260E2
1.868820710E1,2.933134793E-2,6.274306215E-4,1.388911507E-3,9.995685816E-1,1.766383930E2,1.611980677E-1,-6.719894524E-2,1.766382945E2
1.869320710E1,2.933166205E-2,6.279041991E-4,1.382046961E-3,9.995685816E-1,1.766383570E2,1.604133990E-1,-6.727621272E-2,1.766382589E2
1.869820710E1,2.932775097E-2,6.253245519E-4,1.379997237E-3,9.995687008E-1,1.766388053E2,1.601696851E-1,-6.698825075E-2,1.766387078E2
1.870320710E1,2.932374981E-2,6.218083436E-4,1.380266622E-3,9.995688200E-1,1.766392640E2,1.601884566E-1,-6.658523248E-2,1.766391671E2
1.870820710E1,2.932408451E-2,6.217775517E-4,1.373151317E-3,9.995688200E-1,1.766392257E2,1.593733711E-1,-6.660556209E-2,1.766391292E2
1.871320710E1,2.932658050E-2,6.241911906E-4,1.362095471E-3,9.995687604E-1,1.766389395E2,1.581152857E-1,-6.691878272E-2,1.766388434E2
1.871820710E1,2.932105719E-2,6.197850453E-4,1.351754647E-3,9.995689392E-1,1.766395727E2,1.569156470E-1,-6.644971249E-2,1.766394780E2
1.872320710E1,2.932702457E-2,6.256010965E-4,1.351848943E-3,9.995687604E-1,1.766388886E2,1.569463919E-1,-6.711464197E-2,1.766387930E2
1.872820710E1,2.933261232E-2,6.291980390E-4,1.361132017E-3,9.995685816E-1,1.766382480E2,1.580221641E-1,-6.749456231E-2,1.766381512E2
1.873320710E1,2.932869508E-2,6.271208986E-4,1.358957146E-3,9.995687008E-1,1.766386971E2,1.577658031E-1,-6.726457099E-2,1.766386007E2
1.873820710E1,2.931463854E-2,6.156484596E-4,1.360602560E-3,9.995691180E-1,1.766403086E2,1.579147853E-1,-6.594718354E-2,1.766402139E2
1.874320710E1,2.930627149E-2,6.082359469E-4,1.369000878E-3,9.995693564E-1,1.766412678E2,1.588513025E-1,-6.507125506E-2,1.766411738E2
1.874820710E1,2.931791759E-2,6.165578961E-4,1.377016888E-3,9.995689988E-1,1.766399326E2,1.597981948E-1,-6.599568740E-2,1.766398368E2
1.875320710E1,2.931598616E-2,6.163705257E-4,1.374952961E-3,9.995690584E-1,1.766401541E2,1.595610304E-1,-6.598146804E-2,1.766400584E2
1.875820710E1,2.931598949E-2,6.161840283E-4,1.374965650E-3,9.995690584E-1,1.766401537E2,1.595618575E-1,-6.596006306E-2,1.766400580E2
1.876320710E1,2.931592451E-2,6.165051018E-4,1.376206521E-3,9.995690584E-1,1.766401611E2,1.597050643E-1,-6.599268124E-2,1.766400653E2
1.876820710E1,2.931996892E-2,6.191012799E-4,1.375465305E-3,9.995689392E-1,1.766396975E2,1.596291541E-1,-6.629189742E-2,1.766396013E2
1.877320710E1,2.931793565E-2,6.170254783E-4,1.376422704E-3,9.995689988E-1,1.766399306E2,1.597317077E-1,-6.605123868E-2,1.766398347E2
1.877820710E1,2.931794239E-2,6.168012624E-4,1.376379631E-3,9.995689988E-1,1.766399298E2,1.597260210E-1,-6.602570013E-2,1.766398339E2
1.878320710E1,2.932421400E-2,6.227265112E-4,1.369952341E-3,9.995688200E-1,1.766392108E2,1.590101502E-1,-6.672498720E-2,1.766391144E2
1.878820710E1,2.932240643E-2,6.213839515E-4,1.365756034E-3,9.995688796E-1,1.766394180E2,1.585248627E-1,-6.658559545E-2,1.766393221E2
1.879320710E1,2.932061180E-2,6.202855729E-4,1.361153321E-3,9.995689392E-1,1.766396238E2,1.579938465E-1,-6.647553446E-2,1.766395284E2
1.879820710E1,2.931445180E-2,6.142904167E-4,1.365231699E-3,9.995691180E-1,1.766403300E2,1.584404437E-1,-6.577610919E-2,1.766402353E2
1.880320710E1,2.932259245E-2,6.219898351E-4,1.361479866E-3,9.995688796E-1,1.766393967E2,1.580371085E-1,-6.666933404E-2,1.766393010E2
1.880820710E1,2.932664885E-2,6.247989950E-4,1.360344002E-3,9.995687604E-1,1.766389317E2,1.579167156E-1,-6.699427728E-2,1.766388356E2
1.881320710E1,2.932647214E-2,6.246295525E-4,1.364225755E-3,9.995687604E-1,1.766389519E2,1.583607596E-1,-6.696185161E-2,1.766388556E2
1.881820710E1,2.932827708E-2,6.255980697E-4,1.368645579E-3,9.995687008E-1,1.766387450E2,1.588703932E-1,-6.705764726E-2,1.766386482E2
1.882320710E1,2.932628628E-2,6.240382208E-4,1.368485158E-3,9.995687604E-1,1.766389733E2,1.588466423E-1,-6.687983430E-2,1.766388767E2
1.882820710E1,2.932229021E-2,6.204980891E-4,1.368650934E-3,9.995688796E-1,1.766394314E2,1.588534671E-1,-6.647441786E-2,1.766393354E2
1.883320710E1,2.932425152E-2,6.228677230E-4,1.369084697E-3,9.995688200E-1,1.766392065E2,1.589112452E-1,-6.674407158E-2,1.766391102E2
1.883820710E1,2.934020068E-2,6.351924385E-4,1.369854785E-3,9.995683432E-1,1.766373781E2,1.590419588E-1,-6.815064592E-2,1.766372797E2
1.884320710E1,2.934418593E-2,6.382082938E-4,1.370074926E-3,9.995682240E-1,1.766369212E2,1.590775880E-1,-6.849471400E-2,1.766368223E2
1.884820619E1,2.933421511E-2,6.297536893E-4,1.370075857E-3,9.995685220E-1,1.766380643E2,1.590485892E-1,-6.752788911E-2,1.766379667E2
1.885320619E1,2.932418314E-2,6.229165592E-4,1.370526385E-3,9.995688200E-1,1.766392144E2,1.590765392E-1,-6.674483160E-2,1.766391179E2
1.885820619E1,2.932623902E-2,6.238638889E-4,1.369576901E-3,9.995687604E-1,1.766389787E2,1.589711041E-1,-6.685620450E-2,1.766388821E2
1.886320619E1,2.932638178E-2,6.242946838E-4,1.366319833E-3,9.995687604E-1,1.766389623E2,1.585994890E-1,-6.691647186E-2,1.766388659E2
1.886820619E1,2.932436354E-2,6.225092802E-4,1.366846613E-3,9.995688200E-1,1.766391937E2,1.586536925E-1,-6.671051787E-2,1.766390975E2
1.887320619E1,2.931827237E-2,6.185350940E-4,1.368550467E-3,9.995689988E-1,1.766398920E2,1.588350967E-1,-6.625054813E-2,1.766397964E2
1.887820619E1,2.931834452E-2,6.183406222E-4,1.367091900E-3,9.995689988E-1,1.766398837E2,1.586673802E-1,-6.623316184E-2,1.766397882E2
1.888320619E1,2.932221119E-2,6.207431434E-4,1.370231970E-3,9.995688796E-1,1.766394404E2,1.590353811E-1,-6.649718691E-2,1.766393443E2
1.888820619E1,2.931820094E-2,6.185102975E-4,1.370091108E-3,9.995689988E-1,1.766399002E2,1.590114774E-1,-6.624254313E-2,1.766398044E2
1.889320619E1,2.932214201E-2,6.205842365E-4,1.371783437E-3,9.995688796E-1,1.766394484E2,1.592125513E-1,-6.647378317E-2,1.766393522E2
1.889820619E1,2.932219752E-2,6.208327250E-4,1.370483777E-3,9.995688796E-1,1.766394420E2,1.590645237E-1,-6.650660384E-2,1.766393459E2
1.890320619E1,2.932011375E-2,6.198211340E-4,1.372049563E-3,9.995689392E-1,1.766396809E2,1.592403350E-1,-6.638580464E-2,1.766395848E2
1.890820619E1,2.931622883E-2,6.161817582E-4,1.369854086E-3,9.995690584E-1,1.766401262E2,1.589763745E-1,-6.597693709E-2,1.766400309E2
1.891320619E1,2.931848466E-2,6.174236187E-4,1.364498399E-3,9.995689988E-1,1.766398676E2,1.583672425E-1,-6.613681751E-2,1.766397725E2
1.891820619E1,2.932439073E-2,6.225132383E-4,1.366261393E-3,9.995688200E-1,1.766391906E2,1.585866751E-1,-6.671293351E-2,1.766390944E2
1.892320619E1,2.932441269E-2,6.224135868E-4,1.365835313E-3,9.995688200E-1,1.766391880E2,1.585375374E-1,-6.670294754E-2,1.766390920E2
1.892820619E1,2.932215581E-2,6.200962234E-4,1.371709164E-3,9.995688796E-1,1.766394468E2,1.592024049E-1,-6.641813247E-2,1.766393507E2
1.893320619E1,2.933013945E-2,6.270104786E-4,1.371618011E-3,9.995686412E-1,1.766385315E2,1.592157352E-1,-6.720914102E-2,1.766384343E2
1.893820619E1,2.933221324E-2,6.295968196E-4,1.369521837E-3,9.995685816E-1,1.766382938E2,1.589844678E-1,-6.751210169E-2,1.766381963E2
1.894320619E1,2.932837049E-2,6.254663458E-4,1.366702840E-3,9.995687008E-1,1.766387343E2,1.586474307E-1,-6.704907379E-2,1.766386377E2
1.894820619E1,2.932613981E-2,6.246271078E-4,1.371352351E-3,9.995687604E-1,1.766389900E2,1.591770269E-1,-6.693767439E-2,1.766388932E2
1.895320619E1,2.932829417E-2,6.251733284E-4,1.368473400E-3,9.995687008E-1,1.766387431E2,1.588492450E-1,-6.700957242E-2,1.766386464E2
1.895820619E1,2.933037446E-2,6.276114145E-4,1.366307493E-3,9.995686412E-1,1.766385046E2,1.586094914E-1,-6.729578534E-2,1.766384076E2
1.896320619E1,2.932608745E-2,6.237815251E-4,1.372856088E-3,9.995687604E-1,1.766389960E2,1.593464232E-1,-6.683577436E-2,1.766388993E2
1.896820619E1,2.932598442E-2,6.230908912E-4,1.375368331E-3,9.995687604E-1,1.766390079E2,1.596318536E-1,-6.674824141E-2,1.766389110E2
1.897320619E1,2.933002159E-2,6.268230500E-4,1.374221290E-3,9.995686412E-1,1.766385450E2,1.595132832E-1,-6.717894149E-2,1.766384477E2
1.897820619E1,2.932584462E-2,6.242743693E-4,1.377810375E-3,9.995687604E-1,1.766390239E2,1.599155394E-1,-6.687561517E-2,1.766389267E2
1.898320619E1,2.931988382E-2,6.196724717E-4,1.377021195E-3,9.995689392E-1,1.766397072E2,1.598092832E-1,-6.635210892E-2,1.766396109E2
1.898820619E1,2.932395482E-2,6.222668453E-4,1.375696971E-3,9.995688200E-1,1.766392405E2,1.596665921E-1,-6.665307317E-2,1.766391438E2
1.899320619E1,2.932626022E-2,6.240754738E-4,1.369026606E-3,9.995687604E-1,1.766389762E2,1.589087845E-1,-6.688228586E-2,1.766388797E2
1.899820619E1,2.931635175E-2,6.166611565E-4,1.367004821E-3,9.995690584E-1,1.766401122E2,1.586516314E-1,-6.604140100E-2,1.766400169E2
1.900320619E1,2.931411298E-2,6.138626486E-4,1.372679020E-3,9.995691180E-1,1.766403688E2,1.592920189E-1,-6.570214799E-2,1.766402737E2
1.900820619E1,2.932194875E-2,6.199128693E-4,1.376210828E-3,9.995688796E-1,1.766394705E2,1.597174067E-1,-6.638203740E-2,1.766393742E2
1.901320619E1,2.932789192E-2,6.255237968E-4,1.376907923E-3,9.995687008E-1,1.766387892E2,1.598165068E-1,-6.702143275E-2,1.766386919E2
1.901820619E1,2.932797401E-2,6.246255361E-4,1.375566702E-3,9.995687008E-1,1.766387798E2,1.596598665E-1,-6.692303854E-2,1.766386827E2
1.902320619E1,2.932403479E-2,6.219717907E-4,1.374124899E-3,9.995688200E-1,1.766392314E2,1.594855369E-1,-6.662454696E-2,1.766391348E2
1.902820619E1,2.932798507E-2,6.251944578E-4,1.375072286E-3,9.995687008E-1,1.766387785E2,1.596051478E-1,-6.698986395E-2,1.766386814E2
1.903320619E1,2.933400306E-2,6.294003106E-4,1.374770422E-3,9.995685220E-1,1.766380886E2,1.595851137E-1,-6.747166517E-2,1.766379908E2
1.903820619E1,2.933392638E-2,6.302804686E-4,1.376002678E-3,9.995685220E-1,1.766380974E2,1.597292129E-1,-6.756835035E-2,1.766379993E2
1.904320619E1,2.933784255E-2,6.326267612E-4,1.378030167E-3,9.995684028E-1,1.766376484E2,1.599695997E-1,-6.782965756E-2,1.766375499E2
1.904820619E1,2.933976237E-2,6.351156044E-4,1.379246009E-3,9.995683432E-1,1.766374283E2,1.601173639E-1,-6.811033982E-2,1.766373293E2
1.905320619E1,2.933168263E-2,6.285639247E-4,1.381309936E-3,9.995685816E-1,1.766383546E2,1.603311973E-1,-6.735425315E-2,1.766382565E2
1.905820619E1,2.932560590E-2,6.238265196E-4,1.383084105E-3,9.995687604E-1,1.766390513E2,1.605180843E-1,-6.680663295E-2,1.766389538E2
1.906320619E1,2.934329618E-2,6.369746407E-4,1.389566576E-3,9.995682240E-1,1.766370232E2,1.613059986E-1,-6.828800779E-2,1.766369232E2
1.906820619E1,2.934949853E-2,6.413466181E-4,1.385188312E-3,9.995680451E-1,1.766363122E2,1.608196308E-1,-6.880250778E-2,1.766362117E2
1.907320619E1,2.934158612E-2,6.363323773E-4,1.383080031E-3,9.995682836E-1,1.766372193E2,1.605607377E-1,-6.823652791E-2,1.766371198E2
1.907820619E1,2.933359367E-2,6.295732455E-4,1.383399242E-3,9.995685220E-1,1.766381355E2,1.605740332E-1,-6.746253323E-2,1.766380371E2
1.908320619E1,2.933552236E-2,6.303210976E-4,1.385227428E-3,9.995684624E-1,1.766379144E2,1.607860825E-1,-6.754173815E-2,1.766378158E2
1.908820619E1,2.933162453E-2,6.284351693E-4,1.382601797E-3,9.995685816E-1,1.766383613E2,1.604787335E-1,-6.733517228E-2,1.766382631E2
1.909320619E1,2.932555714E-2,6.238259957E-4,1.384117757E-3,9.995687604E-1,1.766390568E2,1.606364763E-1,-6.680310713E-2,1.766389593E2
1.909820619E1,2.933119593E-2,6.266909768E-4,1.392450999E-3,9.995685816E-1,1.766384104E2,1.616009931E-1,-6.710235228E-2,1.766383119E2
1.910320619E1,2.933327356E-2,6.288791192E-4,1.390484395E-3,9.995685220E-1,1.766381722E2,1.613832288E-1,-6.735926156E-2,1.766380734E2
1.910820619E1,2.932738369E-2,6.244077813E-4,1.388193457E-3,9.995687008E-1,1.766388474E2,1.611053943E-1,-6.685575507E-2,1.766387496E2
1.911320619E1,2.932529172E-2,6.224458339E-4,1.390348538E-3,9.995687604E-1,1.766390873E2,1.613455090E-1,-6.662412430E-2,1.766389896E2
1.911820619E1,2.933724397E-2,6.326979492E-4,1.390682883E-3,9.995684028E-1,1.766377171E2,1.614190709E-1,-6.779537017E-2,1.766376176E2
1.912320619E1,2.934141807E-2,6.357370294E-4,1.386913587E-3,9.995682836E-1,1.766372385E2,1.609978291E-1,-6.815547261E-2,1.766371389E2
1.912820619E1,2.933143248E-2,6.271346938E-4,1.387258642E-3,9.995685816E-1,1.766383833E2,1.610077555E-1,-6.717059108E-2,1.766382850E2
1.913320619E1,2.932525586E-2,6.227198173E-4,1.390981954E-3,9.995687604E-1,1.766390914E2,1.614189804E-1,-6.665338414E-2,1.766389936E2
1.913820619E1,2.932714221E-2,6.241914234E-4,1.393382554E-3,9.995687008E-1,1.766388751E2,1.616990228E-1,-6.681357266E-2,1.766387769E2
1.914320619E1,2.933324992E-2,6.286541466E-4,1.391084865E-3,9.995685220E-1,1.766381749E2,1.614512502E-1,-6.733147808E-2,1.766380762E2
1.914820619E1,2.933940915E-2,6.335034850E-4,1.387476688E-3,9.995683432E-1,1.766374688E2,1.610546811E-1,-6.789806802E-2,1.766373695E2
1.915320619E1,2.933727016E-2,6.326813600E-4,1.390137826E-3,9.995684028E-1,1.766377141E2,1.613565848E-1,-6.779529821E-2,1.766376147E2
1.915820619E1,2.932895695E-2,6.256073830E-4,1.397303655E-3,9.995686412E-1,1.766386671E2,1.621530357E-1,-6.696228753E-2,1.766385684E2
1.916320619E1,2.933099021E-2,6.265110569E-4,1.396858250E-3,9.995685816E-1,1.766384340E2,1.621051918E-1,-6.706696353E-2,1.766383352E2
1.916820619E1,2.932904612E-2,6.263229297E-4,1.395109808E-3,9.995686412E-1,1.766386569E2,1.619041582E-1,-6.705160678E-2,1.766385582E2
1.917320619E1,2.933497985E-2,6.301813992E-4,1.396731939E-3,9.995684624E-1,1.766379766E2,1.621033306E-1,-6.748714999E-2,1.766378772E2
1.917820619E1,2.933480346E-2,6.307563744E-4,1.400172827E-3,9.995684624E-1,1.766379968E2,1.624993793E-1,-6.754147053E-2,1.766378971E2
1.918320619E1,2.932463385E-2,6.224912941E-4,1.404135488E-3,9.995687604E-1,1.766391627E2,1.629248089E-1,-6.658310714E-2,1.766390641E2
1.918820619E1,2.932450517E-2,6.224240642E-4,1.406850060E-3,9.995687604E-1,1.766391774E2,1.632355082E-1,-6.656630529E-2,1.766390786E2
1.919320619E1,2.932834571E-2,6.240440998E-4,1.410767436E-3,9.995686412E-1,1.766387372E2,1.636899148E-1,-6.673807465E-2,1.766386378E2
1.919820619E1,2.933256772E-2,6.287592114E-4,1.405349351E-3,9.995685220E-1,1.766382531E2,1.630854462E-1,-6.729567444E-2,1.766381534E2
1.920320619E1,2.933468464E-2,6.305085262E-4,1.402771333E-3,9.995684624E-1,1.766380105E2,1.627961772E-1,-6.750436561E-2,1.766379106E2
1.920820619E1,2.932879514E-2,6.245783297E-4,1.401155139E-3,9.995686412E-1,1.766386856E2,1.625907245E-1,-6.683149920E-2,1.766385869E2
1.921320619E1,2.932084816E-2,6.195454043E-4,1.399626140E-3,9.995688796E-1,1.766395967E2,1.623981462E-1,-6.626144704E-2,1.766394988E2
1.921820619E1,2.932489393E-2,6.224520621E-4,1.398710650E-3,9.995687604E-1,1.766391329E2,1.623033203E-1,-6.659680113E-2,1.766390346E2
1.922320619E1,2.932682514E-2,6.241792580E-4,1.400045585E-3,9.995687008E-1,1.766389115E2,1.624621605E-1,-6.678983799E-2,1.766388128E2
1.922820619E1,2.932894122E-2,6.250150618E-4,1.397898770E-3,9.995686412E-1,1.766386689E2,1.622192097E-1,-6.689244418E-2,1.766385703E2
1.923320619E1,2.932699615E-2,6.246645353E-4,1.396241831E-3,9.995687008E-1,1.766388919E2,1.620281116E-1,-6.685817830E-2,1.766387934E2
1.923820619E1,2.932508855E-2,6.218228373E-4,1.394905150E-3,9.995687604E-1,1.766391106E2,1.618653273E-1,-6.653748517E-2,1.766390127E2
1.924320619E1,2.931701451E-2,6.163088256E-4,1.396221458E-3,9.995689988E-1,1.766400362E2,1.619970371E-1,-6.590278334E-2,1.766399391E2
1.924820619E1,2.931906577E-2,6.171188434E-4,1.395462314E-3,9.995689392E-1,1.766398010E2,1.619129398E-1,-6.599778271E-2,1.766397039E2
1.925320619E1,2.932325661E-2,6.210994325E-4,1.391021768E-3,9.995688200E-1,1.766393206E2,1.614179622E-1,-6.646797079E-2,1.766392230E2
1.925820619E1,2.932139455E-2,6.198022165E-4,1.388017787E-3,9.995688796E-1,1.766395340E2,1.610693960E-1,-6.632977917E-2,1.766394369E2
1.926320619E1,2.931120844E-2,6.114688586E-4,1.392229460E-3,9.995691776E-1,1.766407018E2,1.615231430E-1,-6.536275253E-2,1.766406058E2
1.926820619E1,2.930913486E-2,6.092622643E-4,1.394056017E-3,9.995692372E-1,1.766409395E2,1.617248141E-1,-6.510420457E-2,1.766408437E2
1.927320619E1,2.931289847E-2,6.131714326E-4,1.398677588E-3,9.995691180E-1,1.766405080E2,1.622675576E-1,-6.553583606E-2,1.766404113E2
1.927820619E1,2.931912777E-2,6.176636089E-4,1.393917832E-3,9.995689392E-1,1.766397939E2,1.617378655E-1,-6.606536049E-2,1.766396968E2
1.928320619E1,2.931921035E-2,6.171265268E-4,1.392418053E-3,9.995689392E-1,1.766397844E2,1.615642780E-1,-6.600886758E-2,1.766396875E2
1.928820619E1,2.931324658E-2,6.137613673E-4,1.391102793E-3,9.995691180E-1,1.766404681E2,1.614019263E-1,-6.562879686E-2,1.766403718E2
1.929320619E1,2.930714698E-2,6.081648171E-4,1.393589773E-3,9.995692968E-1,1.766411674E2,1.616675940E-1,-6.498038799E-2,1.766410718E2
1.929820619E1,2.930306155E-2,6.057448918E-4,1.395049156E-3,9.995694160E-1,1.766416358E2,1.618263633E-1,-6.469896449E-2,1.766415405E2
1.930320619E1,2.930892990E-2,6.092620315E-4,1.398358727E-3,9.995692372E-1,1.766409630E2,1.622176431E-1,-6.508975974E-2,1.766408670E2
1.930820619E1,2.931487986E-2,6.150267436E-4,1.398933004E-3,9.995690584E-1,1.766402809E2,1.623031764E-1,-6.574716780E-2,1.766401838E2
1.931320619E1,2.930868660E-2,6.097793812E-4,1.403224072E-3,9.995692372E-1,1.766409909E2,1.627766538E-1,-6.513271672E-2,1.766408944E2
1.931820619E1,2.929669261E-2,6.000292487E-4,1.403138624E-3,9.995695949E-1,1.766423659E2,1.627333493E-1,-6.401815448E-2,1.766422711E2
1.932320619E1,2.930266433E-2,6.041206070E-4,1.404067967E-3,9.995694160E-1,1.766416813E2,1.628539203E-1,-6.448269496E-2,1.766415857E2
1.932820619E1,2.931073231E-2,6.116144941E-4,1.402154099E-3,9.995691776E-1,1.766407564E2,1.626603939E-1,-6.534617539E-2,1.766406597E2
1.933320619E1,2.931094544E-2,6.115907454E-4,1.397702144E-3,9.995691776E-1,1.766407319E2,1.621503901E-1,-6.535837409E-2,1.766406355E2
1.933820619E1,2.931067579E-2,6.109778187E-4,1.403612318E-3,9.995691776E-1,1.766407629E2,1.628252796E-1,-6.526836043E-2,1.766406662E2
1.934320619E1,2.931082461E-2,6.110101240E-4,1.400487148E-3,9.995691776E-1,1.766407458E2,1.624674332E-1,-6.528253355E-2,1.766406493E2
1.934820619E1,2.930681421E-2,6.079127197E-4,1.400679816E-3,9.995692968E-1,1.766412055E2,1.624788369E-1,-6.492775472E-2,1.766411096E2
1.935320619E1,2.931482541E-2,6.139535108E-4,1.400544657E-3,9.995690584E-1,1.766402871E2,1.624841701E-1,-6.561883210E-2,1.766401902E2
1.935820619E1,2.932261432E-2,6.204651436E-4,1.404776354E-3,9.995688200E-1,1.766393942E2,1.629912721E-1,-6.634920316E-2,1.766392959E2
1.936320619E1,2.932665611E-2,6.237517809E-4,1.403771807E-3,9.995687008E-1,1.766389309E2,1.628875230E-1,-6.672837864E-2,1.766388320E2
1.936820619E1,2.932267698E-2,6.207798142E-4,1.403328846E-3,9.995688200E-1,1.766393870E2,1.628265326E-1,-6.639009996E-2,1.766392887E2
1.937320619E1,2.931896018E-2,6.169395056E-4,1.397758373E-3,9.995689392E-1,1.766398131E2,1.621753265E-1,-6.596954375E-2,1.766397158E2
1.937820619E1,2.931880936E-2,6.166266394E-4,1.401056070E-3,9.995689392E-1,1.766398304E2,1.625519917E-1,-6.592265228E-2,1.766397330E2
1.938320619E1,2.932310189E-2,6.207210827E-4,1.394447987E-3,9.995688200E-1,1.766393383E2,1.618091280E-1,-6.641314570E-2,1.766392406E2
1.938820619E1,2.932325300E-2,6.209666026E-4,1.391157159E-3,9.995688200E-1,1.766393210E2,1.614330236E-1,-6.645230179E-2,1.766392235E2
1.939320619E1,2.931888559E-2,6.170878769E-4,1.399256638E-3,9.995689392E-1,1.766398217E2,1.623474351E-1,-6.598151676E-2,1.766397243E2
1.939820619E1,2.931111778E-2,6.121472688E-4,1.393838902E-3,9.995691776E-1,1.766407122E2,1.617097654E-1,-6.543506784E-2,1.766406159E2
1.940320619E1,2.931334921E-2,6.132398848E-4,1.389168669E-3,9.995691180E-1,1.766404564E2,1.611786418E-1,-6.557554557E-2,1.766403603E2
1.940820619E1,2.931956274E-2,6.179332850E-4,1.384618226E-3,9.995689392E-1,1.766397440E2,1.606736008E-1,-6.612742491E-2,1.766396475E2
1.941320619E1,2.931555133E-2,6.159219192E-4,1.384392730E-3,9.995690584E-1,1.766402039E2,1.606407491E-1,-6.589844098E-2,1.766401077E2
1.941820619E1,2.931760692E-2,6.172428257E-4,1.383310067E-3,9.995689988E-1,1.766399683E2,1.605213118E-1,-6.605304753E-2,1.766398719E2
1.942320619E1,2.931958834E-2,6.188594270E-4,1.383662224E-3,9.995689392E-1,1.766397411E2,1.605672115E-1,-6.623671520E-2,1.766396444E2
1.942820619E1,2.931371363E-2,6.135404110E-4,1.381324138E-3,9.995691180E-1,1.766404146E2,1.602811434E-1,-6.563626111E-2,1.766403189E2
1.943320619E1,2.930526875E-2,6.066504866E-4,1.390993129E-3,9.995693564E-1,1.766413827E2,1.613649601E-1,-6.481595710E-2,1.766412876E2
1.943820619E1,2.930922488E-2,6.103415508E-4,1.391689410E-3,9.995692372E-1,1.766409292E2,1.614573681E-1,-6.523576258E-2,1.766408334E2
1.944320619E1,2.931337466E-2,6.138150347E-4,1.388377510E-3,9.995691180E-1,1.766404535E2,1.610899544E-1,-6.564407804E-2,1.766403573E2
1.944820619E1,2.931345763E-2,6.139345933E-4,1.386571676E-3,9.995691180E-1,1.766404439E2,1.608835167E-1,-6.566382528E-2,1.766403479E2
1.945320619E1,2.931121123E-2,6.119775353E-4,1.391947037E-3,9.995691776E-1,1.766407015E2,1.614925024E-1,-6.542196568E-2,1.766406054E2
1.945820619E1,2.931709588E-2,6.162487553E-4,1.394538442E-3,9.995689988E-1,1.766400268E2,1.618040638E-1,-6.590154382E-2,1.766399299E2
1.946320619E1,2.932315958E-2,6.209978019E-4,1.393111073E-3,9.995688200E-1,1.766393317E2,1.616569284E-1,-6.644932480E-2,1.766392340E2
1.946820619E1,2.932299764E-2,6.200359203E-4,1.396942884E-3,9.995688200E-1,1.766393503E2,1.620925902E-1,-6.632629906E-2,1.766392525E2
1.947320619E1,2.931899670E-2,6.177179166E-4,1.396648120E-3,9.995689392E-1,1.766398089E2,1.620507733E-1,-6.606242898E-2,1.766397116E2
1.947820619E1,2.931704599E-2,6.158403121E-4,1.395767205E-3,9.995689988E-1,1.766400326E2,1.619434339E-1,-6.585063978E-2,1.766399356E2
1.948320619E1,2.931308534E-2,6.127589731E-4,1.394937048E-3,9.995691180E-1,1.766404866E2,1.618377335E-1,-6.550112668E-2,1.766403902E2
1.948820619E1,2.931678885E-2,6.165017257E-4,1.400866895E-3,9.995689988E-1,1.766400620E2,1.625297702E-1,-6.590930852E-2,1.766399646E2
1.949320619E1,2.932469589E-2,6.224761019E-4,1.402845955E-3,9.995687604E-1,1.766391556E2,1.627770558E-1,-6.658569031E-2,1.766390570E2
1.949820619E1,2.932664292E-2,6.232404266E-4,1.404274371E-3,9.995687008E-1,1.766389324E2,1.629433686E-1,-6.666812020E-2,1.766388336E2
1.950320619E1,2.932680371E-2,6.235977635E-4,1.400753390E-3,9.995687008E-1,1.766389139E2,1.625412785E-1,-6.672085711E-2,1.766388153E2
1.950820619E1,2.931882336E-2,6.174606388E-4,1.400395646E-3,9.995689392E-1,1.766398288E2,1.624791482E-1,-6.602039700E-2,1.766397313E2
1.951320619E1,2.932278132E-2,6.200731150E-4,1.401459798E-3,9.995688200E-1,1.766393751E2,1.626100793E-1,-6.631541656E-2,1.766392770E2
1.951820619E1,2.932883409E-2,6.255160552E-4,1.399920904E-3,9.995686412E-1,1.766386812E2,1.624525066E-1,-6.694305015E-2,1.766385823E2
1.952320619E1,2.933077808E-2,6.274987827E-4,1.400863403E-3,9.995685816E-1,1.766384583E2,1.625672575E-1,-6.716667221E-2,1.766383591E2
1.952820619E1,2.933071373E-2,6.262233946E-4,1.402780181E-3,9.995685816E-1,1.766384657E2,1.627825186E-1,-6.701415439E-2,1.766383665E2
1.953320619E1,2.933062193E-2,6.261676317E-4,1.404723153E-3,9.995685816E-1,1.766384762E2,1.630048777E-1,-6.700125152E-2,1.766383769E2
1.953820619E1,2.933277577E-2,6.285198033E-4,1.401107525E-3,9.995685220E-1,1.766382293E2,1.625987865E-1,-6.728247661E-2,1.766381299E2
1.954320619E1,2.932869044E-2,6.244338001E-4,1.403409173E-3,9.995686412E-1,1.766386976E2,1.628484142E-1,-6.680738587E-2,1.766385987E2
1.954820619E1,2.933464574E-2,6.291985046E-4,1.404172392E-3,9.995684624E-1,1.766380149E2,1.629522512E-1,-6.734960946E-2,1.766379152E2
1.955320619E1,2.933666524E-2,6.309464807E-4,1.403626986E-3,9.995684028E-1,1.766377834E2,1.628957919E-1,-6.755133071E-2,1.766376834E2
1.955820619E1,2.933685060E-2,6.315434002E-4,1.399478293E-3,9.995684028E-1,1.766377621E2,1.624226100E-1,-6.763362026E-2,1.766376623E2
1.956320619E1,2.933082697E-2,6.273731706E-4,1.399895758E-3,9.995685816E-1,1.766384527E2,1.624560023E-1,-6.715552879E-2,1.766383535E2
1.956820619E1,2.932351632E-2,6.218778435E-4,1.385187032E-3,9.995688200E-1,1.766392908E2,1.607522704E-1,-6.657669638E-2,1.766391935E2
1.957320619E1,2.926556089E-2,5.774403107E-4,1.338974689E-3,9.995706081E-1,1.766459349E2,1.553060893E-1,-6.165101748E-2,1.766458477E2
1.957820619E1,2.916907187E-2,5.014326307E-4,1.293986221E-3,9.995735288E-1,1.766569964E2,1.498929500E-1,-5.311026248E-2,1.766569237E2
1.958320619E1,2.917661398E-2,5.085163284E-4,1.258837525E-3,9.995733500E-1,1.766561318E2,1.458910022E-1,-5.403803583E-2,1.766560599E2
1.958820619E1,2.918659707E-2,5.168378702E-4,1.260669087E-3,9.995730519E-1,1.766549873E2,1.461291677E-1,-5.498362440E-2,1.766549141E2
1.959320619E1,2.923945399E-2,5.592679954E-4,1.246403670E-3,9.995715022E-1,1.766489278E2,1.446402515E-1,-5.988374768E-2,1.766488491E2
1.959820619E1,2.924905077E-2,5.669491366E-4,1.256726217E-3,9.995712042E-1,1.766478276E2,1.458489451E-1,-6.072757686E-2,1.766477471E2
1.960320619E1,2.924142792E-2,5.588540807E-4,1.294937800E-3,9.995713830E-1,1.766487015E2,1.501982127E-1,-5.967341802E-2,1.766486199E2
1.960820619E1,2.924806525E-2,5.631646491E-4,1.326818019E-3,9.995711446E-1,1.766479406E2,1.538647029E-1,-6.005931182E-2,1.766478564E2
1.961320619E1,2.925089624E-2,5.644679186E-4,1.353396685E-3,9.995710254E-1,1.766476160E2,1.569136332E-1,-6.011906416E-2,1.766475301E2
1.961820619E1,2.929041656E-2,5.964348675E-4,1.365343458E-3,9.995698333E-1,1.766430854E2,1.583917272E-1,-6.373432823E-2,1.766429936E2
1.962320619E1,2.932768611E-2,6.244813558E-4,1.381756389E-3,9.995687008E-1,1.766388128E2,1.603683443E-1,-6.688576745E-2,1.766387153E2
1.962820619E1,2.933507124E-2,6.304515409E-4,1.394689083E-3,9.995684624E-1,1.766379661E2,1.618702513E-1,-6.752494516E-2,1.766378668E2
1.963320619E1,2.932683962E-2,6.244836259E-4,1.399606466E-3,9.995687008E-1,1.766389098E2,1.624128867E-1,-6.682617435E-2,1.766388112E2
1.963820619E1,2.931253358E-2,6.115470896E-4,1.407011063E-3,9.995691180E-1,1.766405499E2,1.632166140E-1,-6.532184673E-2,1.766404529E2
1.964320619E1,2.931865061E-2,6.169315311E-4,1.404240262E-3,9.995689392E-1,1.766398486E2,1.629177308E-1,-6.594690290E-2,1.766397509E2
1.964820619E1,2.933275114E-2,6.276741624E-4,1.402001944E-3,9.995685220E-1,1.766382321E2,1.626983910E-1,-6.718261260E-2,1.766381328E2
1.965320619E1,2.933270447E-2,6.282541435E-4,1.402718481E-3,9.995685220E-1,1.766382375E2,1.627824113E-1,-6.724664393E-2,1.766381380E2
1.965820619E1,2.932071001E-2,6.194844027E-4,1.402544207E-3,9.995688796E-1,1.766396125E2,1.627321746E-1,-6.624467750E-2,1.766395145E2
1.966320619E1,2.931242054E-2,6.117054145E-4,1.409295364E-3,9.995691180E-1,1.766405628E2,1.634787880E-1,-6.533232697E-2,1.766404657E2
1.966820619E1,2.931062954E-2,6.102431216E-4,1.404897310E-3,9.995691776E-1,1.766407682E2,1.629699949E-1,-6.517989803E-2,1.766406715E2
1.967320619E1,2.931276480E-2,6.124104839E-4,1.401808811E-3,9.995691180E-1,1.766405234E2,1.626236507E-1,-6.543817893E-2,1.766404266E2
1.967820619E1,2.932061382E-2,6.182954530E-4,1.405077404E-3,9.995688796E-1,1.766396235E2,1.630183318E-1,-6.609999673E-2,1.766395256E2
1.968320619E1,2.932045959E-2,6.190357381E-4,1.407966949E-3,9.995688796E-1,1.766396412E2,1.633517846E-1,-6.617510694E-2,1.766395429E2
1.968820619E1,2.931442060E-2,6.143425126E-4,1.408822485E-3,9.995690584E-1,1.766403335E2,1.634336132E-1,-6.563564744E-2,1.766402360E2
1.969320619E1,2.931034886E-2,6.095627905E-4,1.411034958E-3,9.995691776E-1,1.766408003E2,1.636707129E-1,-6.508140189E-2,1.766407034E2
1.969820619E1,2.931222759E-2,6.119899335E-4,1.413179678E-3,9.995691180E-1,1.766405850E2,1.639246501E-1,-6.535190042E-2,1.766404875E2
1.970320619E1,2.931622067E-2,6.145650405E-4,1.413550926E-3,9.995689988E-1,1.766401272E2,1.639760864E-1,-6.564495679E-2,1.766400293E2
1.970820619E1,2.931626583E-2,6.145043299E-4,1.412640442E-3,9.995689988E-1,1.766401220E2,1.638715963E-1,-6.564105422E-2,1.766400241E2
1.971320619E1,2.930414894E-2,6.059493753E-4,1.414688537E-3,9.995693564E-1,1.766415111E2,1.640766644E-1,-6.465625929E-2,1.766414145E2
1.971820619E1,2.929821334E-2,6.006829790E-4,1.413529040E-3,9.995695353E-1,1.766421916E2,1.639257863E-1,-6.405790158E-2,1.766420960E2
1.972320619E1,2.929842185E-2,6.007707561E-4,1.409163233E-3,9.995695353E-1,1.766421677E2,1.634260237E-1,-6.408257956E-2,1.766420723E2
1.972820619E1,2.930264734E-2,6.043128087E-4,1.404339797E-3,9.995694160E-1,1.766416832E2,1.628857008E-1,-6.450380016E-2,1.766415876E2
1.973320619E1,2.931256552E-2,6.114844582E-4,1.406372641E-3,9.995691180E-1,1.766405462E2,1.631432793E-1,-6.531681208E-2,1.766404493E2
1.973820619E1,2.931464783E-2,6.146592204E-4,1.403947710E-3,9.995690584E-1,1.766403075E2,1.628763233E-1,-6.568826260E-2,1.766402102E2
1.974320619E1,2.930667211E-2,6.075912970E-4,1.403789152E-3,9.995692968E-1,1.766412218E2,1.628338994E-1,-6.488051896E-2,1.766411257E2
1.974820619E1,2.930089275E-2,6.027919590E-4,1.399168745E-3,9.995694757E-1,1.766418844E2,1.622881753E-1,-6.434724754E-2,1.766417894E2
1.975320619E1,2.929077002E-2,5.951462081E-4,1.401481335E-3,9.995697737E-1,1.766430449E2,1.625267487E-1,-6.346536685E-2,1.766429510E2
1.975820619E1,2.929690450E-2,6.006310578E-4,1.398449182E-3,9.995695949E-1,1.766423416E2,1.621982428E-1,-6.410279631E-2,1.766422470E2
1.976320619E1,2.929912666E-2,6.014239043E-4,1.394150429E-3,9.995695353E-1,1.766420869E2,1.617086575E-1,-6.420768335E-2,1.766419924E2
1.976820619E1,2.928700277E-2,5.917796516E-4,1.396605396E-3,9.995698929E-1,1.766434767E2,1.619567077E-1,-6.309673060E-2,1.766433837E2
1.977320619E1,2.927876115E-2,5.856872303E-4,1.401329762E-3,9.995701313E-1,1.766444216E2,1.624768863E-1,-6.238437467E-2,1.766443292E2
1.977820619E1,2.928491409E-2,5.902990815E-4,1.398369321E-3,9.995699525E-1,1.766437162E2,1.621536514E-1,-6.292156155E-2,1.766436233E2
1.978320619E1,2.928090907E-2,5.874970811E-4,1.398205524E-3,9.995700717E-1,1.766441753E2,1.621252352E-1,-6.260181324E-2,1.766440829E2
1.978820619E1,2.928462768E-2,5.896408111E-4,1.404631068E-3,9.995699525E-1,1.766437490E2,1.628686608E-1,-6.282519460E-2,1.766436558E2
1.979320619E1,2.928658109E-2,5.914656213E-4,1.405552495E-3,9.995698929E-1,1.766435251E2,1.629804508E-1,-6.303080188E-2,1.766434315E2
1.979820619E1,2.928471343E-2,5.894603091E-4,1.402918017E-3,9.995699525E-1,1.766437392E2,1.626718431E-1,-6.281025431E-2,1.766436461E2
1.980320619E1,2.927677019E-2,5.831515300E-4,1.401467947E-3,9.995701909E-1,1.766446498E2,1.624840824E-1,-6.209378965E-2,1.766445579E2
1.980820619E1,2.927047370E-2,5.789353163E-4,1.407188829E-3,9.995703697E-1,1.766453717E2,1.631248331E-1,-6.159268888E-2,1.766452801E2
1.981320619E1,2.927644621E-2,5.828150897E-4,1.408358919E-3,9.995701909E-1,1.766446870E2,1.632722434E-1,-6.203218693E-2,1.766445947E2
1.981820619E1,2.927635671E-2,5.840519443E-4,1.409706427E-3,9.995701909E-1,1.766446972E2,1.634307346E-1,-6.216935299E-2,1.766446046E2
1.982320619E1,2.927031489E-2,5.790152936E-4,1.410455327E-3,9.995703697E-1,1.766453899E2,1.634992448E-1,-6.159091902E-2,1.766452981E2
1.982820619E1,2.926419261E-2,5.739275366E-4,1.412848476E-3,9.995705485E-1,1.766460917E2,1.637559224E-1,-6.100113117E-2,1.766460006E2
1.983320619E1,2.926823563E-2,5.766194081E-4,1.412342768E-3,9.995704293E-1,1.766456282E2,1.637072730E-1,-6.131049828E-2,1.766455367E2
1.983820619E1,2.927449578E-2,5.812764284E-4,1.407234115E-3,9.995702505E-1,1.766449106E2,1.631381222E-1,-6.186003704E-2,1.766448186E2
1.984320619E1,2.927044571E-2,5.779597559E-4,1.408171724E-3,9.995703697E-1,1.766453749E2,1.632341423E-1,-6.147765360E-2,1.766452834E2
1.984820619E1,2.927232711E-2,5.809268914E-4,1.410150551E-3,9.995703101E-1,1.766451592E2,1.634708717E-1,-6.181057114E-2,1.766450671E2
1.985320619E1,2.926448835E-2,5.748097901E-4,1.406349125E-3,9.995705485E-1,1.766460578E2,1.630144465E-1,-6.112393409E-2,1.766459670E2
1.985820619E1,2.926416873E-2,5.731232231E-4,1.413669321E-3,9.995705485E-1,1.766460945E2,1.638472452E-1,-6.090625439E-2,1.766460035E2
1.986320619E1,2.926212495E-2,5.721279304E-4,1.414233935E-3,9.995706081E-1,1.766463288E2,1.639084554E-1,-6.079069288E-2,1.766462379E2
1.986820619E1,2.926395429E-2,5.727960379E-4,1.418233733E-3,9.995705485E-1,1.766461190E2,1.643689547E-1,-6.085350623E-2,1.766460278E2
1.987320619E1,2.926809397E-2,5.773333833E-4,1.414984232E-3,9.995704293E-1,1.766456445E2,1.640122193E-1,-6.138344248E-2,1.766455527E2
1.987820619E1,2.925805899E-2,5.691068363E-4,1.415319624E-3,9.995707273E-1,1.766467949E2,1.640224362E-1,-6.044167615E-2,1.766467045E2
1.988320619E1,2.924787696E-2,5.599402939E-4,1.418942469E-3,9.995710254E-1,1.766479622E2,1.644060662E-1,-5.938124639E-2,1.766478731E2
1.988820619E1,2.925186798E-2,5.638789735E-4,1.419089152E-3,9.995709062E-1,1.766475046E2,1.644363084E-1,-5.983124413E-2,1.766474149E2
1.989320619E1,2.925400369E-2,5.662507610E-4,1.416100422E-3,9.995708466E-1,1.766472598E2,1.641020505E-1,-6.011258234E-2,1.766471698E2
1.989820619E1,2.925390200E-2,5.651750253E-4,1.418628497E-3,9.995708466E-1,1.766472714E2,1.643880105E-1,-5.998090669E-2,1.766471815E2
1.990320619E1,2.925772542E-2,5.674393033E-4,1.422864851E-3,9.995707273E-1,1.766468331E2,1.648810751E-1,-6.022543015E-2,1.766467425E2
1.990820619E1,2.925361930E-2,5.645132624E-4,1.424708636E-3,9.995708466E-1,1.766473038E2,1.650822104E-1,-5.988477074E-2,1.766472136E2
1.991320619E1,2.925175649E-2,5.631787935E-4,1.421663095E-3,9.995709062E-1,1.766475174E2,1.647287808E-1,-5.974243406E-2,1.766474276E2
1.991820619E1,2.925176377E-2,5.643039476E-4,1.421067049E-3,9.995709062E-1,1.766475166E2,1.646642803E-1,-5.987330874E-2,1.766474266E2
1.992320619E1,2.925767191E-2,5.687937955E-4,1.423424226E-3,9.995707273E-1,1.766468393E2,1.649496858E-1,-6.037871030E-2,1.766467484E2
1.992820619E1,2.925790029E-2,5.677450681E-4,1.419142121E-3,9.995707273E-1,1.766468131E2,1.644556996E-1,-6.027290592E-2,1.766467227E2
1.993320619E1,2.924782476E-2,5.599962897E-4,1.419995911E-3,9.995710254E-1,1.766479681E2,1.645269149E-1,-5.938413810E-2,1.766478790E2
1.993820619E1,2.924378980E-2,5.579671706E-4,1.419983222E-3,9.995711446E-1,1.766484307E2,1.645184215E-1,-5.915242452E-2,1.766483419E2
1.994320619E1,2.924962402E-2,5.610759254E-4,1.424459391E-3,9.995709658E-1,1.766477619E2,1.650418998E-1,-5.949254511E-2,1.766476723E2
1.994820619E1,2.925776113E-2,5.677226000E-4,1.422017347E-3,9.995707273E-1,1.766468290E2,1.647849519E-1,-6.026071524E-2,1.766467384E2
1.995320619E1,2.925769709E-2,5.674291751E-4,1.423451235E-3,9.995707273E-1,1.766468364E2,1.649482055E-1,-6.022230871E-2,1.766467457E2
1.995820619E1,2.925954482E-2,5.689724348E-4,1.426707371E-3,9.995706677E-1,1.766466245E2,1.653264581E-1,-6.038785465E-2,1.766465335E2
1.996320619E1,2.925156072E-2,5.639389856E-4,1.425384893E-3,9.995709062E-1,1.766475398E2,1.651576222E-1,-5.981706481E-2,1.766474497E2
1.996820619E1,2.925155327E-2,5.631807726E-4,1.425837632E-3,9.995709062E-1,1.766475407E2,1.652069380E-1,-5.972870088E-2,1.766474506E2
1.997320619E1,2.924955560E-2,5.621641758E-4,1.425434835E-3,9.995709658E-1,1.766477697E2,1.651572735E-1,-5.961393770E-2,1.766476799E2
1.997820619E1,2.925338762E-2,5.652877735E-4,1.429151627E-3,9.995708466E-1,1.766473304E2,1.655937051E-1,-5.995862920E-2,1.766472398E2
1.998320619E1,2.926147936E-2,5.711795529E-4,1.427909010E-3,9.995706081E-1,1.766464028E2,1.654716152E-1,-6.063631389E-2,1.766463112E2
1.998820619E1,2.925947385E-2,5.687362864E-4,1.428256044E-3,9.995706677E-1,1.766466327E2,1.655030511E-1,-6.035562470E-2,1.766465415E2
1.999320619E1,2.925549341E-2,5.662506446E-4,1.427352661E-3,9.995707870E-1,1.766470890E2,1.653910013E-1,-6.007460100E-2,1.766469983E2
1.999820619E1,2.925955203E-2,5.690287217E-4,1.426537056E-3,9.995706677E-1,1.766466237E2,1.653071389E-1,-6.039487175E-2,1.766465326E2
2.000320619E1,2.925557988E-2,5.666831858E-4,1.425407478E-3,9.995707870E-1,1.766470791E2,1.651696501E-1,-6.013065229E-2,1.766469885E2
2.000820619E1,2.924956458E-2,5.615702248E-4,1.425484661E-3,9.995709658E-1,1.766477687E2,1.651609903E-1,-5.954573663E-2,1.766476789E2
2.001320619E1,2.924715877E-2,5.596596166E-4,1.433779136E-3,9.995710254E-1,1.766480445E2,1.661045147E-1,-5.929948891E-2,1.766479546E2
2.001820619E1,2.925311022E-2,5.646282225E-4,1.435078215E-3,9.995708466E-1,1.766473622E2,1.662703246E-1,-5.986326117E-2,1.766472714E2
2.002320619E1,2.925331008E-2,5.643523182E-4,1.431107288E-3,9.995708466E-1,1.766473393E2,1.658145710E-1,-5.984493683E-2,1.766472487E2
2.002820619E1,2.925338131E-2,5.641091848E-4,1.429746510E-3,9.995708466E-1,1.766473311E2,1.656578930E-1,-5.982163764E-2,1.766472407E2
2.003320619E1,2.924730121E-2,5.599603173E-4,1.430752920E-3,9.995710254E-1,1.766480282E2,1.657589000E-1,-5.934405087E-2,1.766479384E2
2.003820619E1,2.925120606E-2,5.621283781E-4,1.433356083E-3,9.995709062E-1,1.766475805E2,1.660645729E-1,-5.958301234E-2,1.766474902E2
2.004320619E1,2.925350896E-2,5.646628560E-4,1.426913193E-3,9.995708466E-1,1.766473165E2,1.653352212E-1,-5.989453345E-2,1.766472261E2
2.004820619E1,2.924536731E-2,5.580278812E-4,1.429396914E-3,9.995710850E-1,1.766482499E2,1.655969880E-1,-5.912757010E-2,1.766481605E2
2.005320619E1,2.924320005E-2,5.566168111E-4,1.432602527E-3,9.995711446E-1,1.766484983E2,1.659593105E-1,-5.895555934E-2,1.766484090E2
2.005820619E1,2.924328261E-2,5.572881200E-4,1.430655015E-3,9.995711446E-1,1.766484889E2,1.657384918E-1,-5.903896536E-2,1.766483995E2
2.006320619E1,2.924147209E-2,5.558847915E-4,1.426557195E-3,9.995712042E-1,1.766486964E2,1.652643068E-1,-5.889225634E-2,1.766486075E2
2.006820619E1,2.923945469E-2,5.528214388E-4,1.427334268E-3,9.995712638E-1,1.766489277E2,1.653429311E-1,-5.853910222E-2,1.766488393E2
2.007320619E1,2.923334064E-2,5.489886389E-4,1.428823569E-3,9.995714426E-1,1.766496286E2,1.655003212E-1,-5.809610605E-2,1.766495408E2
2.007820619E1,2.923553925E-2,5.507686292E-4,1.424846356E-3,9.995713830E-1,1.766493766E2,1.650508518E-1,-5.831295111E-2,1.766492887E2
2.008320619E1,2.922346972E-2,5.405651755E-4,1.425463473E-3,9.995717406E-1,1.766507602E2,1.650866624E-1,-5.714414822E-2,1.766506740E2
2.008820619E1,2.921729401E-2,5.355169415E-4,1.428571646E-3,9.995719194E-1,1.766514682E2,1.654254251E-1,-5.655652409E-2,1.766513827E2
2.009320619E1,2.922520510E-2,5.428448203E-4,1.430805423E-3,9.995716810E-1,1.766505613E2,1.657062784E-1,-5.738708737E-2,1.766504744E2
2.009820619E1,2.922935487E-2,5.448389566E-4,1.428558142E-3,9.995715618E-1,1.766500855E2,1.654557866E-1,-5.762234009E-2,1.766499984E2
2.010320619E1,2.922364080E-2,5.404927069E-4,1.421979279E-3,9.995717406E-1,1.766507406E2,1.646873402E-1,-5.714748736E-2,1.766506546E2
2.010820619E1,2.921978622E-2,5.375933251E-4,1.418488449E-3,9.995718598E-1,1.766511825E2,1.642775616E-1,-5.682770874E-2,1.766510972E2
2.011320619E1,2.923192973E-2,5.480676773E-4,1.416290295E-3,9.995715022E-1,1.766497904E2,1.640615584E-1,-5.803283468E-2,1.766497034E2
2.011820619E1,2.923384772E-2,5.502034910E-4,1.417940133E-3,9.995714426E-1,1.766495705E2,1.642578021E-1,-5.827163424E-2,1.766494831E2
2.012320619E1,2.923186336E-2,5.477207596E-4,1.417793566E-3,9.995715022E-1,1.766497980E2,1.642325811E-1,-5.798807308E-2,1.766497110E2
2.012820619E1,2.923204267E-2,5.478855455E-4,1.414027880E-3,9.995715022E-1,1.766497774E2,1.638018115E-1,-5.801953304E-2,1.766496906E2
2.013320619E1,2.923202776E-2,5.477938685E-4,1.414371538E-3,9.995715022E-1,1.766497791E2,1.638408671E-1,-5.800788336E-2,1.766496923E2
2.013820619E1,2.923431494E-2,5.501260748E-4,1.408304553E-3,9.995714426E-1,1.766495169E2,1.631538843E-1,-5.829497014E-2,1.766494301E2
2.014320619E1,2.924417029E-2,5.576089607E-4,1.412266865E-3,9.995711446E-1,1.766483871E2,1.636333911E-1,-5.913719092E-2,1.766482988E2
2.014820619E1,2.924795163E-2,5.611643428E-4,1.416918356E-3,9.995710254E-1,1.766479536E2,1.641783261E-1,-5.952822378E-2,1.766478644E2
2.015320619E1,2.925000480E-2,5.619480507E-4,1.416273066E-3,9.995709658E-1,1.766477182E2,1.641071621E-1,-5.961981731E-2,1.766476289E2
2.015820619E1,2.924400842E-2,5.576247931E-4,1.415608567E-3,9.995711446E-1,1.766484056E2,1.640162021E-1,-5.912783217E-2,1.766483171E2
2.016320619E1,2.924606060E-2,5.588241620E-4,1.414826722E-3,9.995710850E-1,1.766481704E2,1.639307887E-1,-5.926749437E-2,1.766480817E2
2.016820619E1,2.924773097E-2,5.604772596E-4,1.421737019E-3,9.995710254E-1,1.766479789E2,1.647279526E-1,-5.943340944E-2,1.766478895E2
2.017320619E1,2.925379164E-2,5.654214183E-4,1.420804532E-3,9.995708466E-1,1.766472841E2,1.646380788E-1,-6.000185250E-2,1.766471940E2
2.017820619E1,2.924386719E-2,5.569544155E-4,1.418786356E-3,9.995711446E-1,1.766484218E2,1.643779397E-1,-5.904041927E-2,1.766483333E2
2.018320619E1,2.921035861E-2,5.315647577E-4,1.404855982E-3,9.995721579E-1,1.766522633E2,1.626953438E-1,-5.618436325E-2,1.766521797E2
2.018820619E1,2.914909676E-2,4.838806926E-4,1.379615394E-3,9.995740056E-1,1.766592864E2,1.596414797E-1,-5.081678167E-2,1.766592120E2
2.019320619E1,2.911571872E-2,4.566358402E-4,1.359423739E-3,9.995750189E-1,1.766631128E2,1.572360617E-1,-4.776877798E-2,1.766630438E2
2.019820619E1,2.910576895E-2,4.498725757E-4,1.355603570E-3,9.995753169E-1,1.766642535E2,1.567754533E-1,-4.700840070E-2,1.766641858E2
2.020320619E1,2.910629280E-2,4.510176077E-4,1.343925134E-3,9.995753169E-1,1.766641934E2,1.554416125E-1,-4.717842616E-2,1.766641261E2
2.020820619E1,2.913321816E-2,4.723132879E-4,1.329441206E-3,9.995745420E-1,1.766611067E2,1.538549482E-1,-4.966186083E-2,1.766610367E2
2.021320619E1,2.912465911E-2,4.657262471E-4,1.339996466E-3,9.995747805E-1,1.766620879E2,1.550415698E-1,-4.887345148E-2,1.766620184E2
2.021820619E1,2.912207429E-2,4.631361517E-4,1.352551393E-3,9.995748401E-1,1.766623842E2,1.564708795E-1,-4.853527697E-2,1.766623145E2
2.022320619E1,2.913977298E-2,4.760499287E-4,1.363281277E-3,9.995743036E-1,1.766603552E2,1.577438963E-1,-4.997585686E-2,1.766602830E2
2.022820619E1,2.917161655E-2,5.018630764E-4,1.372219180E-3,9.995733500E-1,1.766567047E2,1.588555563E-1,-5.289766040E-2,1.766566278E2
2.023320619E1,2.920149686E-2,5.242803018E-4,1.379547524E-3,9.995724559E-1,1.766532792E2,1.597715657E-1,-5.543611568E-2,1.766531983E2
2.023820619E1,2.920709477E-2,5.290472182E-4,1.388754579E-3,9.995722771E-1,1.766526374E2,1.608424337E-1,-5.595042001E-2,1.766525552E2
2.024320619E1,2.921894742E-2,5.378472852E-4,1.393447630E-3,9.995719194E-1,1.766512787E2,1.614101191E-1,-5.694078082E-2,1.766511947E2
2.024820619E1,2.922062460E-2,5.395559710E-4,1.400357112E-3,9.995718598E-1,1.766510864E2,1.622073678E-1,-5.711309060E-2,1.766510018E2
2.025320619E1,2.923214729E-2,5.478474195E-4,1.411878271E-3,9.995715022E-1,1.766497654E2,1.635554678E-1,-5.802234971E-2,1.766496788E2
2.025820619E1,2.924787033E-2,5.609352957E-4,1.418686239E-3,9.995710254E-1,1.766479629E2,1.643800516E-1,-5.949607619E-2,1.766478737E2
2.026320619E1,2.926369402E-2,5.730876583E-4,1.423476497E-3,9.995705485E-1,1.766461489E2,1.649704369E-1,-6.086937048E-2,1.766460573E2
2.026820619E1,2.926388090E-2,5.727329990E-4,1.419772510E-3,9.995705485E-1,1.766461275E2,1.645449945E-1,-6.084113739E-2,1.766460362E2
2.027320619E1,2.924185143E-2,5.565485917E-4,1.418499742E-3,9.995712042E-1,1.766486529E2,1.643436310E-1,-5.899522714E-2,1.766485644E2
2.027820619E1,2.923779382E-2,5.525742308E-4,1.419690438E-3,9.995713234E-1,1.766491181E2,1.644664603E-1,-5.853667177E-2,1.766490302E2
2.028320619E1,2.924577748E-2,5.587497726E-4,1.420696150E-3,9.995710850E-1,1.766482028E2,1.646028227E-1,-5.923934919E-2,1.766481138E2
2.028820619E1,2.926004117E-2,5.702541093E-4,1.415975858E-3,9.995706677E-1,1.766465676E2,1.641015698E-1,-6.057056189E-2,1.766464770E2
2.029320619E1,2.926390243E-2,5.730369012E-4,1.419206150E-3,9.995705485E-1,1.766461250E2,1.644811425E-1,-6.087784281E-2,1.766460337E2
2.029820619E1,2.925157329E-2,5.635456764E-4,1.425282448E-3,9.995709062E-1,1.766475384E2,1.651445701E-1,-5.977235556E-2,1.766474483E2
2.030320619E1,2.924773251E-2,5.605456536E-4,1.421678229E-3,9.995710254E-1,1.766479787E2,1.647214480E-1,-5.944144024E-2,1.766478894E2
2.030820619E1,2.925205335E-2,5.645158235E-4,1.415009145E-3,9.995709062E-1,1.766474834E2,1.639711194E-1,-5.991783670E-2,1.766473937E2
2.031320619E1,2.925571959E-2,5.671740510E-4,1.422341331E-3,9.995707870E-1,1.766470631E2,1.648200996E-1,-6.019713350E-2,1.766469726E2
2.031820619E1,2.926361977E-2,5.732659483E-4,1.424930524E-3,9.995705485E-1,1.766461574E2,1.651375784E-1,-6.088492848E-2,1.766460657E2
2.032320619E1,2.926172054E-2,5.719359615E-4,1.422654139E-3,9.995706081E-1,1.766463751E2,1.648722595E-1,-6.074053565E-2,1.766462838E2
2.032820619E1,2.925396067E-2,5.660178140E-4,1.417081919E-3,9.995708466E-1,1.766472647E2,1.642136903E-1,-6.008261676E-2,1.766471747E2
2.033320619E1,2.925373664E-2,5.652729888E-4,1.421995461E-3,9.995708466E-1,1.766472904E2,1.647739900E-1,-5.998086770E-2,1.766472002E2
2.033820619E1,2.926574829E-2,5.742872017E-4,1.422614441E-3,9.995704889E-1,1.766459134E2,1.648758430E-1,-6.100932106E-2,1.766458216E2
2.034320619E1,2.927190964E-2,5.802531959E-4,1.419065520E-3,9.995703101E-1,1.766452070E2,1.644897298E-1,-6.170356829E-2,1.766451145E2
2.034820619E1,2.926407404E-2,5.738416221E-4,1.415337087E-3,9.995705485E-1,1.766461053E2,1.640406791E-1,-6.098296417E-2,1.766460141E2
2.035320619E1,2.925398168E-2,5.650548846E-4,1.417032443E-3,9.995708466E-1,1.766472623E2,1.642047962E-1,-5.997248293E-2,1.766471725E2
2.035820619E1,2.925396790E-2,5.657120491E-4,1.417054678E-3,9.995708466E-1,1.766472639E2,1.642095454E-1,-6.004768385E-2,1.766471739E2
2.036320619E1,2.926207580E-2,5.721325288E-4,1.415248611E-3,9.995706081E-1,1.766463344E2,1.640246915E-1,-6.078782516E-2,1.766462435E2
2.036820619E1,2.926804672E-2,5.759500200E-4,1.416524523E-3,9.995704293E-1,1.766456499E2,1.641840054E-1,-6.121983046E-2,1.766455582E2
2.037320619E1,2.927411481E-2,5.810142611E-4,1.415244769E-3,9.995702505E-1,1.766449542E2,1.640547804E-1,-6.180319692E-2,1.766448618E2
2.037820619E1,2.927020006E-2,5.788643612E-4,1.412898186E-3,9.995703697E-1,1.766454030E2,1.637785429E-1,-6.156545577E-2,1.766453111E2
2.038320619E1,2.926214585E-2,5.721191410E-4,1.413804945E-3,9.995706081E-1,1.766463264E2,1.638592895E-1,-6.079112123E-2,1.766462355E2
2.038820619E1,2.925994938E-2,5.703562638E-4,1.417830237E-3,9.995706677E-1,1.766465782E2,1.643143123E-1,-6.057606017E-2,1.766464874E2
2.039320619E1,2.926592495E-2,5.741172936E-4,1.419044333E-3,9.995704889E-1,1.766458931E2,1.644663543E-1,-6.100180340E-2,1.766458016E2
2.039820619E1,2.927385922E-2,5.811888259E-4,1.420450164E-3,9.995702505E-1,1.766449835E2,1.646515897E-1,-6.180577173E-2,1.766448908E2
2.040320619E1,2.927387367E-2,5.816188641E-4,1.419976470E-3,9.995702505E-1,1.766449819E2,1.645987752E-1,-6.185661601E-2,1.766448891E2
2.040820619E1,2.927185231E-2,5.792412558E-4,1.420660759E-3,9.995703101E-1,1.766452136E2,1.646690545E-1,-6.158231664E-2,1.766451212E2
2.041320619E1,2.926774990E-2,5.767748808E-4,1.422309899E-3,9.995704293E-1,1.766456839E2,1.648494260E-1,-6.129495695E-2,1.766455918E2
2.041820619E1,2.926969298E-2,5.781584769E-4,1.423651120E-3,9.995703697E-1,1.766454612E2,1.650078132E-1,-6.144861819E-2,1.766453687E2
2.042320619E1,2.927361570E-2,5.807750276E-4,1.425628783E-3,9.995702505E-1,1.766450114E2,1.652433590E-1,-6.174104220E-2,1.766449184E2
2.042820619E1,2.927742609E-2,5.842754617E-4,1.429528813E-3,9.995701313E-1,1.766445746E2,1.657020587E-1,-6.212827539E-2,1.766444808E2
2.043320619E1,2.927760431E-2,5.835660268E-4,1.426164759E-3,9.995701313E-1,1.766445542E2,1.653143620E-1,-6.205827213E-2,1.766444607E2
2.043820619E1,2.927993165E-2,5.856237840E-4,1.419300679E-3,9.995700717E-1,1.766442874E2,1.645351818E-1,-6.231661877E-2,1.766441940E2
2.044320619E1,2.927010229E-2,5.778026534E-4,1.415356179E-3,9.995703697E-1,1.766454142E2,1.640565205E-1,-6.143561668E-2,1.766453224E2
2.044820619E1,2.927003281E-2,5.778562045E-4,1.416770509E-3,9.995703697E-1,1.766454222E2,1.642186969E-1,-6.143701801E-2,1.766453302E2
2.045320619E1,2.927821209E-2,5.847853026E-4,1.413128455E-3,9.995701313E-1,1.766444845E2,1.638252786E-1,-6.224156884E-2,1.766443916E2
2.045820619E1,2.927432153E-2,5.816133344E-4,1.410715398E-3,9.995702505E-1,1.766449305E2,1.635379970E-1,-6.188697686E-2,1.766448383E2
2.046320619E1,2.926645740E-2,5.763250520E-4,1.407118049E-3,9.995704889E-1,1.766458321E2,1.631077235E-1,-6.129459584E-2,1.766457410E2
2.046820619E1,2.926462836E-2,5.739703192E-4,1.403776230E-3,9.995705485E-1,1.766460418E2,1.627169335E-1,-6.103638466E-2,1.766459512E2
2.047320619E1,2.926474704E-2,5.749567063E-4,1.400895417E-3,9.995705485E-1,1.766460282E2,1.623902729E-1,-6.115900951E-2,1.766459376E2
2.047820619E1,2.926661627E-2,5.754554295E-4,1.404166687E-3,9.995704889E-1,1.766458139E2,1.627667599E-1,-6.120485958E-2,1.766457231E2
2.048320619E1,2.926834506E-2,5.771309952E-4,1.409863820E-3,9.995704293E-1,1.766456157E2,1.634250505E-1,-6.137739314E-2,1.766455243E2
2.048820619E1,2.927460045E-2,5.822594976E-4,1.404647715E-3,9.995702505E-1,1.766448986E2,1.628451739E-1,-6.198129964E-2,1.766448066E2
2.049320619E1,2.927245588E-2,5.811348674E-4,1.407389063E-3,9.995703101E-1,1.766451444E2,1.631552693E-1,-6.184363547E-2,1.766450525E2
2.049820619E1,2.926651081E-2,5.758215557E-4,1.406213036E-3,9.995704889E-1,1.766458260E2,1.630023755E-1,-6.123995069E-2,1.766457350E2
2.050320619E1,2.926662225E-2,5.761871580E-4,1.403741888E-3,9.995704889E-1,1.766458132E2,1.627205568E-1,-6.129009722E-2,1.766457223E2
2.050820619E1,2.927509772E-2,5.820484366E-4,1.394333551E-3,9.995702505E-1,1.766448415E2,1.616630853E-1,-6.199164491E-2,1.766447503E2
2.051320619E1,2.927505500E-2,5.831713206E-4,1.394761261E-3,9.995702505E-1,1.766448464E2,1.617158409E-1,-6.211883471E-2,1.766447549E2
2.051820619E1,2.926908402E-2,5.779542844E-4,1.394097577E-3,9.995704293E-1,1.766455310E2,1.616219505E-1,-6.152445513E-2,1.766454404E2
2.052320619E1,2.927302373E-2,5.815819022E-4,1.395341940E-3,9.995703101E-1,1.766450793E2,1.617768952E-1,-6.193515972E-2,1.766449880E2
2.052820619E1,2.927506174E-2,5.830717273E-4,1.394661493E-3,9.995702505E-1,1.766448457E2,1.617040795E-1,-6.210776067E-2,1.766447542E2
2.053320619E1,2.926497399E-2,5.755050224E-4,1.395920408E-3,9.995705485E-1,1.766460021E2,1.618222751E-1,-6.123846233E-2,1.766459118E2
2.053820619E1,2.926698447E-2,5.767062539E-4,1.395955100E-3,9.995704889E-1,1.766457717E2,1.618304009E-1,-6.137561240E-2,1.766456812E2
2.054320619E1,2.926693443E-2,5.763872759E-4,1.397135435E-3,9.995704889E-1,1.766457774E2,1.619645266E-1,-6.133512536E-2,1.766456869E2
2.054820619E1,2.926713492E-2,5.759380874E-4,1.393115148E-3,9.995704889E-1,1.766457544E2,1.615025381E-1,-6.129712524E-2,1.766456642E2
2.055320619E1,2.926508307E-2,5.743000074E-4,1.394128776E-3,9.995705485E-1,1.766459896E2,1.616130221E-1,-6.110642785E-2,1.766458996E2
2.055820619E1,2.926892815E-2,5.776177859E-4,1.397505519E-3,9.995704293E-1,1.766455488E2,1.620111668E-1,-6.147450654E-2,1.766454581E2
2.056320619E1,2.927707068E-2,5.849484005E-4,1.394424238E-3,9.995701909E-1,1.766446154E2,1.616833252E-1,-6.232319020E-2,1.766445236E2
2.056820619E1,2.926704838E-2,5.769502022E-4,1.394513645E-3,9.995704889E-1,1.766457643E2,1.616661150E-1,-6.140837889E-2,1.766456739E2
2.057320619E1,2.926703168E-2,5.772085278E-4,1.394757302E-3,9.995704889E-1,1.766457662E2,1.616948896E-1,-6.143715363E-2,1.766456757E2
2.057820619E1,2.926900382E-2,5.780895008E-4,1.395724365E-3,9.995704293E-1,1.766455402E2,1.618087356E-1,-6.153449973E-2,1.766454494E2
2.058320619E1,2.927311480E-2,5.805935361E-4,1.393842278E-3,9.995703101E-1,1.766450689E2,1.616018099E-1,-6.182696589E-2,1.766449779E2
2.058820619E1,2.926524091E-2,5.751001881E-4,1.390480786E-3,9.995705485E-1,1.766459715E2,1.611978650E-1,-6.121029099E-2,1.766458816E2
2.059320619E1,2.926114947E-2,5.717127351E-4,1.392286853E-3,9.995706677E-1,1.766464406E2,1.613931269E-1,-6.081688779E-2,1.766463511E2
2.059820619E1,2.926100321E-2,5.715998122E-4,1.395403524E-3,9.995706677E-1,1.766464574E2,1.617497311E-1,-6.079352626E-2,1.766463677E2
2.060320619E1,2.926322628E-2,5.732660065E-4,1.390790450E-3,9.995706081E-1,1.766462025E2,1.612270604E-1,-6.099948592E-2,1.766461129E2
2.060820619E1,2.926535096E-2,5.759322084E-4,1.387817785E-3,9.995705485E-1,1.766459589E2,1.608956351E-1,-6.131450561E-2,1.766458690E2
2.061320619E1,2.926737447E-2,5.775822210E-4,1.387389959E-3,9.995704889E-1,1.766457269E2,1.608522891E-1,-6.150461113E-2,1.766456368E2
2.061820619E1,2.926718530E-2,5.761963548E-4,1.391949481E-3,9.995704889E-1,1.766457486E2,1.613698889E-1,-6.133060914E-2,1.766456585E2
2.062320619E1,2.926723645E-2,5.768185947E-4,1.390615595E-3,9.995704889E-1,1.766457428E2,1.612191922E-1,-6.140634740E-2,1.766456526E2
2.062820619E1,2.926330667E-2,5.733274156E-4,1.389072626E-3,9.995706081E-1,1.766461933E2,1.610305071E-1,-6.101226749E-2,1.766461038E2
2.063320619E1,2.926517790E-2,5.755794700E-4,1.391608152E-3,9.995705485E-1,1.766459788E2,1.613286000E-1,-6.126141846E-2,1.766458887E2
2.063820619E1,2.927535724E-2,5.834256299E-4,1.388296019E-3,9.995702505E-1,1.766448118E2,1.609761673E-1,-6.216960461E-2,1.766447207E2
2.064320619E1,2.928158467E-2,5.881477264E-4,1.383708208E-3,9.995700717E-1,1.766440979E2,1.604669008E-1,-6.272487609E-2,1.766440062E2
2.064820619E1,2.927569278E-2,5.837533972E-4,1.381063717E-3,9.995702505E-1,1.766447733E2,1.601488812E-1,-6.223135704E-2,1.766446826E2
2.065320619E1,2.927379839E-2,5.816062912E-4,1.378983958E-3,9.995703101E-1,1.766449905E2,1.599033391E-1,-6.199270281E-2,1.766449002E2
2.065820619E1,2.927986565E-2,5.878724623E-4,1.377128414E-3,9.995701313E-1,1.766442950E2,1.597122027E-1,-6.271569999E-2,1.766442038E2
2.066320619E1,2.927608545E-2,5.845656269E-4,1.372369006E-3,9.995702505E-1,1.766447283E2,1.591557159E-1,-6.235349859E-2,1.766446380E2
2.066820619E1,2.926382375E-2,5.740344059E-4,1.377841923E-3,9.995706081E-1,1.766461340E2,1.597465153E-1,-6.113082647E-2,1.766460450E2
2.067320619E1,2.927389089E-2,5.822778330E-4,1.376735163E-3,9.995703101E-1,1.766449799E2,1.596480149E-1,-6.207715187E-2,1.766448897E2
2.067820619E1,2.928017707E-2,5.880259559E-4,1.370425336E-3,9.995701313E-1,1.766442592E2,1.589449494E-1,-6.275572295E-2,1.766441685E2
2.068320619E1,2.928033455E-2,5.872974289E-4,1.367369667E-3,9.995701313E-1,1.766442412E2,1.585925104E-1,-6.268250363E-2,1.766441507E2
2.068820619E1,2.928011587E-2,5.873052869E-4,1.372040948E-3,9.995701313E-1,1.766442663E2,1.591275837E-1,-6.266776463E-2,1.766441755E2
2.069320619E1,2.928232943E-2,5.899507087E-4,1.367080375E-3,9.995700717E-1,1.766440125E2,1.585684031E-1,-6.298707071E-2,1.766439216E2
2.069820619E1,2.929080296E-2,5.958636757E-4,1.357279485E-3,9.995698333E-1,1.766430411E2,1.574661665E-1,-6.369590871E-2,1.766429499E2
2.070320619E1,2.929468170E-2,5.995315150E-4,1.359743066E-3,9.995697141E-1,1.766425964E2,1.577609122E-1,-6.410715008E-2,1.766425045E2
2.070820619E1,2.929636142E-2,6.011385121E-4,1.366643002E-3,9.995696545E-1,1.766424039E2,1.585567514E-1,-6.426778953E-2,1.766423112E2
2.071320619E1,2.929652754E-2,6.007113843E-4,1.363265677E-3,9.995696545E-1,1.766423848E2,1.581684806E-1,-6.423017745E-2,1.766422924E2
2.071820619E1,2.929490705E-2,5.991043290E-4,1.355068409E-3,9.995697141E-1,1.766425706E2,1.572240454E-1,-6.407387668E-2,1.766424790E2
2.072320619E1,2.929266351E-2,5.971160135E-4,1.360468450E-3,9.995697737E-1,1.766428278E2,1.578357613E-1,-6.382835658E-2,1.766427362E2
2.072820619E1,2.929825958E-2,6.017010892E-4,1.369296457E-3,9.995695949E-1,1.766421863E2,1.588626957E-1,-6.432301850E-2,1.766420933E2
2.073320619E1,2.930440762E-2,6.070008967E-4,1.365924370E-3,9.995694160E-1,1.766414814E2,1.584946425E-1,-6.494041718E-2,1.766413879E2
2.073820619E1,2.930285054E-2,6.067658542E-4,1.355777495E-3,9.995694757E-1,1.766416599E2,1.573315034E-1,-6.494781453E-2,1.766415671E2
2.074320619E1,2.929479743E-2,6.003835588E-4,1.356870751E-3,9.995697141E-1,1.766425832E2,1.574347778E-1,-6.421436930E-2,1.766424912E2
2.074820619E1,2.929068084E-2,5.968520418E-4,1.359478803E-3,9.995698333E-1,1.766430551E2,1.577213919E-1,-6.380175552E-2,1.766429636E2
2.075320619E1,2.930305516E-2,6.066536880E-4,1.351398183E-3,9.995694757E-1,1.766416365E2,1.568295227E-1,-6.494964020E-2,1.766415439E2
2.075820619E1,2.930511065E-2,6.075942656E-4,1.350490260E-3,9.995694160E-1,1.766414008E2,1.567288193E-1,-6.506010257E-2,1.766413082E2
2.076320619E1,2.930082320E-2,6.048976793E-4,1.356483670E-3,9.995695353E-1,1.766418924E2,1.574059857E-1,-6.473177752E-2,1.766417997E2
2.076820619E1,2.929273326E-2,5.980536225E-4,1.358553302E-3,9.995697737E-1,1.766428198E2,1.576195473E-1,-6.394217020E-2,1.766427281E2
2.077320619E1,2.928299173E-2,5.895775976E-4,1.352982246E-3,9.995700717E-1,1.766439366E2,1.569523568E-1,-6.299153740E-2,1.766438466E2
2.077820619E1,2.927498855E-2,5.844771513E-4,1.352245104E-3,9.995703101E-1,1.766448541E2,1.568503067E-1,-6.241104989E-2,1.766447650E2
2.078320619E1,2.929117127E-2,5.972202634E-4,1.348707941E-3,9.995698333E-1,1.766429989E2,1.564889373E-1,-6.388000874E-2,1.766429080E2
2.078820619E1,2.930332876E-2,6.071724929E-4,1.345218276E-3,9.995694757E-1,1.766416051E2,1.561234207E-1,-6.502977454E-2,1.766415129E2
2.079320619E1,2.929923113E-2,6.034970284E-4,1.347545185E-3,9.995695949E-1,1.766420749E2,1.563773430E-1,-6.460160581E-2,1.766419831E2
2.079820619E1,2.928308512E-2,5.898216041E-4,1.350852894E-3,9.995700717E-1,1.766439259E2,1.567092800E-1,-6.302661725E-2,1.766438360E2
2.080320619E1,2.928297149E-2,5.898984964E-4,1.353280386E-3,9.995700717E-1,1.766439389E2,1.569875821E-1,-6.302729662E-2,1.766438489E2
2.080820619E1,2.929710452E-2,6.008087075E-4,1.350766048E-3,9.995696545E-1,1.766423187E2,1.567371053E-1,-6.428319873E-2,1.766422271E2
2.081320619E1,2.930108243E-2,6.049460499E-4,1.350850798E-3,9.995695353E-1,1.766418626E2,1.567609616E-1,-6.475619096E-2,1.766417704E2
2.081820619E1,2.929686132E-2,6.018675049E-4,1.355560962E-3,9.995696545E-1,1.766423466E2,1.572898661E-1,-6.438841611E-2,1.766422545E2
2.082320619E1,2.929276830E-2,5.982283037E-4,1.357720699E-3,9.995697737E-1,1.766428158E2,1.575247675E-1,-6.396496794E-2,1.766427242E2
2.082820619E1,2.928709372E-2,5.931736669E-4,1.350692241E-3,9.995699525E-1,1.766434663E2,1.567023818E-1,-6.341048098E-2,1.766433760E2
2.083320619E1,2.927720120E-2,5.862419493E-4,1.347628771E-3,9.995702505E-1,1.766446004E2,1.563275993E-1,-6.262833465E-2,1.766445113E2
2.083820619E1,2.927102779E-2,5.814720062E-4,1.351163024E-3,9.995704293E-1,1.766453081E2,1.567160344E-1,-6.207108461E-2,1.766452196E2
2.084320619E1,2.929098717E-2,5.965194432E-4,1.353009488E-3,9.995698333E-1,1.766430200E2,1.569792831E-1,-6.378532546E-2,1.766429289E2
2.084820619E1,2.929284860E-2,5.975929089E-4,1.356267370E-3,9.995697737E-1,1.766428066E2,1.573561717E-1,-6.389705425E-2,1.766427151E2
2.085320619E1,2.928681576E-2,5.936841480E-4,1.356482622E-3,9.995699525E-1,1.766434982E2,1.573673226E-1,-6.344956306E-2,1.766434074E2
2.085820619E1,2.928074195E-2,5.882690893E-4,1.358197187E-3,9.995701313E-1,1.766441945E2,1.575451570E-1,-6.282451277E-2,1.766441044E2
2.086320619E1,2.927666244E-2,5.858349032E-4,1.359458198E-3,9.995702505E-1,1.766446622E2,1.576811730E-1,-6.254210773E-2,1.766445724E2
2.086820619E1,2.927868602E-2,5.863421829E-4,1.359484857E-3,9.995701909E-1,1.766444302E2,1.576860553E-1,-6.259980408E-2,1.766443404E2
2.087320619E1,2.928454045E-2,5.917870440E-4,1.362499082E-3,9.995700121E-1,1.766437590E2,1.580499522E-1,-6.321243221E-2,1.766436681E2
2.087820619E1,2.928624508E-2,5.926379235E-4,1.369201462E-3,9.995699525E-1,1.766435636E2,1.588206235E-1,-6.328713086E-2,1.766434722E2
2.088320619E1,2.928439673E-2,5.913162022E-4,1.365788630E-3,9.995700121E-1,1.766437755E2,1.584251562E-1,-6.314748443E-2,1.766436845E2
2.088820619E1,2.927464159E-2,5.835777847E-4,1.360121882E-3,9.995703101E-1,1.766448938E2,1.577494942E-1,-6.228166440E-2,1.766448044E2
2.089320619E1,2.927069339E-2,5.796788028E-4,1.359154005E-3,9.995704293E-1,1.766453465E2,1.576253062E-1,-6.183893540E-2,1.766452577E2
2.089820619E1,2.927464500E-2,5.837155622E-4,1.359989517E-3,9.995703101E-1,1.766448934E2,1.577347953E-1,-6.229788927E-2,1.766448040E2
2.090320619E1,2.927864205E-2,5.874458584E-4,1.359955175E-3,9.995701909E-1,1.766444352E2,1.577436272E-1,-6.272465058E-2,1.766443452E2
2.090820619E1,2.927844209E-2,5.863495171E-4,1.364724827E-3,9.995701909E-1,1.766444581E2,1.582862644E-1,-6.258310172E-2,1.766443680E2
2.091320619E1,2.927641566E-2,5.841446109E-4,1.365486765E-3,9.995702505E-1,1.766446905E2,1.583660142E-1,-6.232831125E-2,1.766446006E2
2.091820619E1,2.926466187E-2,5.756097962E-4,1.359258546E-3,9.995706081E-1,1.766460379E2,1.576232610E-1,-6.137346224E-2,1.766459498E2
2.092320619E1,2.926273878E-2,5.739472108E-4,1.357530826E-3,9.995706677E-1,1.766462584E2,1.574196698E-1,-6.118912265E-2,1.766461707E2
2.092820619E1,2.926468774E-2,5.755981547E-4,1.358706271E-3,9.995706081E-1,1.766460350E2,1.575599646E-1,-6.137397681E-2,1.766459469E2
2.093320619E1,2.927042493E-2,5.805690307E-4,1.364544965E-3,9.995704293E-1,1.766453772E2,1.582457705E-1,-6.192286400E-2,1.766452880E2
2.093820619E1,2.927249500E-2,5.811513402E-4,1.363552874E-3,9.995703697E-1,1.766451399E2,1.581342154E-1,-6.199256332E-2,1.766450507E2
2.094320619E1,2.926853365E-2,5.783566739E-4,1.362388488E-3,9.995704889E-1,1.766455941E2,1.579912241E-1,-6.167698770E-2,1.766455053E2
2.094820619E1,2.925635329E-2,5.683992640E-4,1.365806093E-3,9.995708466E-1,1.766469904E2,1.583485489E-1,-6.052690924E-2,1.766469031E2
2.095320619E1,2.925814458E-2,5.704136565E-4,1.370209618E-3,9.995707870E-1,1.766467851E2,1.588598032E-1,-6.074259457E-2,1.766466972E2
2.095820619E1,2.926804453E-2,5.778603372E-4,1.373064937E-3,9.995704889E-1,1.766456501E2,1.592124376E-1,-6.158440500E-2,1.766455608E2
2.096320619E1,2.926419009E-2,5.748837139E-4,1.369682956E-3,9.995706081E-1,1.766460920E2,1.588148364E-1,-6.125541096E-2,1.766460034E2
2.096820619E1,2.925813490E-2,5.700659240E-4,1.370560960E-3,9.995707870E-1,1.766467862E2,1.588988802E-1,-6.070158800E-2,1.766466983E2
2.097320619E1,2.924800133E-2,5.619556177E-4,1.372845145E-3,9.995710850E-1,1.766479479E2,1.591327171E-1,-5.976656885E-2,1.766478612E2
2.097820619E1,2.924799961E-2,5.623819306E-4,1.372707076E-3,9.995710850E-1,1.766479481E2,1.591183312E-1,-5.981586280E-2,1.766478613E2
2.098320619E1,2.924201244E-2,5.571109941E-4,1.372202998E-3,9.995712638E-1,1.766486345E2,1.590425707E-1,-5.921475902E-2,1.766485486E2
2.098820619E1,2.924779877E-2,5.616220296E-4,1.377289882E-3,9.995710850E-1,1.766479711E2,1.596406990E-1,-5.971349394E-2,1.766478842E2
2.099320619E1,2.925788482E-2,5.695530563E-4,1.376101514E-3,9.995707870E-1,1.766468148E2,1.595317752E-1,-6.062430629E-2,1.766467267E2
2.099820619E1,2.925582406E-2,5.683765048E-4,1.377105247E-3,9.995708466E-1,1.766470511E2,1.596426758E-1,-6.048650508E-2,1.766469631E2
2.100320619E1,2.925174447E-2,5.642618635E-4,1.378930639E-3,9.995709658E-1,1.766475188E2,1.598377209E-1,-6.000973676E-2,1.766474314E2
2.100820619E1,2.924967848E-2,5.627542268E-4,1.380164525E-3,9.995710254E-1,1.766477556E2,1.599738758E-1,-5.983324295E-2,1.766476684E2
2.101320619E1,2.925801707E-2,5.705152289E-4,1.372887287E-3,9.995707870E-1,1.766467997E2,1.591668433E-1,-6.074527145E-2,1.766467116E2
2.101820619E1,2.926395947E-2,5.753525766E-4,1.374405460E-3,9.995706081E-1,1.766461184E2,1.593573227E-1,-6.129331536E-2,1.766460295E2
2.102320619E1,2.926596263E-2,5.767911789E-4,1.374498475E-3,9.995705485E-1,1.766458888E2,1.593729247E-1,-6.145746498E-2,1.766457996E2
2.102820619E1,2.926202294E-2,5.726639065E-4,1.373410341E-3,9.995706677E-1,1.766463405E2,1.592342042E-1,-6.098899430E-2,1.766462520E2
2.103320619E1,2.925217058E-2,5.648835795E-4,1.369605307E-3,9.995709658E-1,1.766474699E2,1.587716821E-1,-6.011214133E-2,1.766473830E2
2.103820619E1,2.925010952E-2,5.636082496E-4,1.370648271E-3,9.995710254E-1,1.766477062E2,1.588867471E-1,-5.996289341E-2,1.766476194E2
2.104320619E1,2.925807501E-2,5.699165049E-4,1.371900900E-3,9.995707870E-1,1.766467930E2,1.590518559E-1,-6.067999012E-2,1.766467051E2
2.104820619E1,2.927189394E-2,5.804818356E-4,1.376678119E-3,9.995703697E-1,1.766452088E2,1.596353321E-1,-6.187194439E-2,1.766451189E2
2.105320619E1,2.927029388E-2,5.801420193E-4,1.367534394E-3,9.995704293E-1,1.766453923E2,1.585867470E-1,-6.186394664E-2,1.766453029E2
2.105820619E1,2.925658049E-2,5.698500318E-4,1.360323862E-3,9.995708466E-1,1.766469644E2,1.577254776E-1,-6.071142767E-2,1.766468772E2
2.106320619E1,2.924446822E-2,5.589580396E-4,1.362500479E-3,9.995712042E-1,1.766483529E2,1.579375538E-1,-5.945844904E-2,1.766482673E2
2.106820619E1,2.925216286E-2,5.661266623E-4,1.369256992E-3,9.995709658E-1,1.766474708E2,1.587359519E-1,-6.025569587E-2,1.766473837E2
2.107320619E1,2.926416877E-2,5.753031000E-4,1.369962352E-3,9.995706081E-1,1.766460945E2,1.588482444E-1,-6.130251487E-2,1.766460058E2
2.107820619E1,2.927034440E-2,5.793195451E-4,1.366801560E-3,9.995704293E-1,1.766453865E2,1.585000505E-1,-6.177218858E-2,1.766452973E2
2.108320619E1,2.926215793E-2,5.740188062E-4,1.369964215E-3,9.995706677E-1,1.766463250E2,1.588440276E-1,-6.115572210E-2,1.766462365E2
2.108820619E1,2.926226443E-2,5.730125704E-4,1.368109486E-3,9.995706677E-1,1.766463128E2,1.586282142E-1,-6.104666798E-2,1.766462246E2
2.109320619E1,2.926627606E-2,5.772473523E-4,1.367616118E-3,9.995705485E-1,1.766458529E2,1.585861507E-1,-6.153274798E-2,1.766457640E2
2.109820619E1,2.926625753E-2,5.763728404E-4,1.368381199E-3,9.995705485E-1,1.766458550E2,1.586708509E-1,-6.143001635E-2,1.766457662E2
2.110320619E1,2.926836790E-2,5.791291478E-4,1.365617383E-3,9.995704889E-1,1.766456131E2,1.583636510E-1,-6.175466516E-2,1.766455240E2
2.110820619E1,2.927244767E-2,5.823315005E-4,1.364065334E-3,9.995703697E-1,1.766451454E2,1.581968701E-1,-6.212603012E-2,1.766450559E2
2.111320619E1,2.927848211E-2,5.868985900E-4,1.363629824E-3,9.995701909E-1,1.766444536E2,1.581626848E-1,-6.264966138E-2,1.766443634E2
2.111820619E1,2.927257674E-2,5.815482000E-4,1.361627481E-3,9.995703697E-1,1.766451306E2,1.579150123E-1,-6.204446634E-2,1.766450414E2
2.112320619E1,2.927044007E-2,5.795286270E-4,1.364662312E-3,9.995704293E-1,1.766453755E2,1.582557227E-1,-6.180329769E-2,1.766452865E2
2.112820619E1,2.927645945E-2,5.840460071E-4,1.364589785E-3,9.995702505E-1,1.766446854E2,1.582629437E-1,-6.232001930E-2,1.766445957E2
2.113320619E1,2.927656384E-2,5.844711559E-4,1.362165902E-3,9.995702505E-1,1.766446735E2,1.579867388E-1,-6.237683229E-2,1.766445838E2
2.113820619E1,2.927269216E-2,5.825231201E-4,1.358726411E-3,9.995703697E-1,1.766451173E2,1.575859939E-1,-6.216584938E-2,1.766450282E2
2.114320619E1,2.926454325E-2,5.762088695E-4,1.361556584E-3,9.995706081E-1,1.766460515E2,1.578884862E-1,-6.143439361E-2,1.766459632E2
2.114820619E1,2.925655344E-2,5.698174937E-4,1.360919210E-3,9.995708466E-1,1.766469675E2,1.577935596E-1,-6.070570896E-2,1.766468802E2
2.115320619E1,2.926068037E-2,5.729540717E-4,1.358431648E-3,9.995707273E-1,1.766464944E2,1.575193961E-1,-6.107266973E-2,1.766464068E2
2.115820619E1,2.927082291E-2,5.799467908E-4,1.356247347E-3,9.995704293E-1,1.766453316E2,1.572932770E-1,-6.187936072E-2,1.766452430E2
2.116320619E1,2.927477943E-2,5.834997864E-4,1.357185538E-3,9.995703101E-1,1.766448780E2,1.574129047E-1,-6.228255920E-2,1.766447888E2
2.116820619E1,2.927890936E-2,5.864189588E-4,1.354633016E-3,9.995701909E-1,1.766444046E2,1.571305845E-1,-6.262484188E-2,1.766443151E2
2.117320619E1,2.927675805E-2,5.849472363E-4,1.357780537E-3,9.995702505E-1,1.766446512E2,1.574860371E-1,-6.244604571E-2,1.766445617E2
2.117820619E1,2.927469106E-2,5.839308142E-4,1.358905225E-3,9.995703101E-1,1.766448882E2,1.576113227E-1,-6.232617496E-2,1.766447988E2
2.118320619E1,2.927686809E-2,5.856159842E-4,1.355116954E-3,9.995702505E-1,1.766446386E2,1.571831941E-1,-6.253156456E-2,1.766445492E2
2.118820619E1,2.927469382E-2,5.840488011E-4,1.358794980E-3,9.995703101E-1,1.766448879E2,1.575990909E-1,-6.234005887E-2,1.766447984E2
2.119320619E1,2.927472896E-2,5.830724258E-4,1.358457259E-3,9.995703101E-1,1.766448838E2,1.575571341E-1,-6.222934997E-2,1.766447946E2
2.119820619E1,2.927467761E-2,5.838983343E-4,1.359208836E-3,9.995703101E-1,1.766448897E2,1.576459893E-1,-6.232143823E-2,1.766448003E2
2.120320619E1,2.928078352E-2,5.879992386E-4,1.357417670E-3,9.995701313E-1,1.766441897E2,1.574549662E-1,-6.279621250E-2,1.766440998E2
2.120820619E1,2.927480539E-2,5.839965306E-4,1.356411609E-3,9.995703101E-1,1.766448751E2,1.573259250E-1,-6.234204968E-2,1.766447858E2
2.121320619E1,2.927661095E-2,5.844621919E-4,1.361157047E-3,9.995702505E-1,1.766446681E2,1.578711547E-1,-6.237918275E-2,1.766445785E2
2.121820619E1,2.928051888E-2,5.874714116E-4,1.363341697E-3,9.995701313E-1,1.766442201E2,1.581317317E-1,-6.271591820E-2,1.766441298E2
2.122320619E1,2.928259952E-2,5.891834735E-4,1.361615025E-3,9.995700717E-1,1.766439815E2,1.579398301E-1,-6.291748667E-2,1.766438911E2
2.122820619E1,2.928056406E-2,5.883952253E-4,1.361972303E-3,9.995701313E-1,1.766442149E2,1.579779806E-1,-6.282632170E-2,1.766441246E2
2.123320619E1,2.928047695E-2,5.886534927E-4,1.363732386E-3,9.995701313E-1,1.766442249E2,1.581804462E-1,-6.285001225E-2,1.766441344E2
2.123820619E1,2.927861286E-2,5.866285064E-4,1.360936207E-3,9.995701909E-1,1.766444386E2,1.578532528E-1,-6.262774225E-2,1.766443486E2
2.124320619E1,2.927279767E-2,5.825065891E-4,1.356458408E-3,9.995703697E-1,1.766451052E2,1.573261620E-1,-6.217154729E-2,1.766450162E2
2.124820619E1,2.926673118E-2,5.771619617E-4,1.357878093E-3,9.995705485E-1,1.766458007E2,1.574704733E-1,-6.155555443E-2,1.766457125E2
2.125320619E1,2.926827983E-2,5.788255366E-4,1.367632067E-3,9.995704889E-1,1.766456232E2,1.585933943E-1,-6.171314555E-2,1.766455340E2
2.125820619E1,2.927441020E-2,5.828254507E-4,1.365414471E-3,9.995703101E-1,1.766449204E2,1.583531828E-1,-6.217777179E-2,1.766448307E2
2.126320619E1,2.926824074E-2,5.783792003E-4,1.368656987E-3,9.995704889E-1,1.766456276E2,1.587092919E-1,-6.165858976E-2,1.766455385E2
2.126820619E1,2.926613817E-2,5.756731261E-4,1.371225575E-3,9.995705485E-1,1.766458687E2,1.589942991E-1,-6.134034905E-2,1.766457799E2
2.127320619E1,2.926403390E-2,5.752641009E-4,1.372856786E-3,9.995706081E-1,1.766461099E2,1.591796415E-1,-6.128836276E-2,1.766460211E2
2.127820619E1,2.926803438E-2,5.784220411E-4,1.373044797E-3,9.995704889E-1,1.766456513E2,1.592120141E-1,-6.164881306E-2,1.766455619E2
2.128320619E1,2.926805053E-2,5.786459078E-4,1.372606261E-3,9.995704889E-1,1.766456494E2,1.591625349E-1,-6.167592355E-2,1.766455601E2
2.128820619E1,2.926382733E-2,5.748679396E-4,1.377418288E-3,9.995706081E-1,1.766461336E2,1.597007866E-1,-6.122772149E-2,1.766460445E2
2.129320619E1,2.926376483E-2,5.750093842E-4,1.378686517E-3,9.995706081E-1,1.766461408E2,1.598465234E-1,-6.123967990E-2,1.766460516E2
2.129820619E1,2.926575096E-2,5.752831348E-4,1.379627851E-3,9.995705485E-1,1.766459131E2,1.599553861E-1,-6.126756139E-2,1.766458238E2
2.130320619E1,2.925750851E-2,5.698041059E-4,1.383975847E-3,9.995707870E-1,1.766468580E2,1.604345411E-1,-6.062672147E-2,1.766467693E2
2.130820619E1,2.926365777E-2,5.743638030E-4,1.381225884E-3,9.995706081E-1,1.766461530E2,1.601352176E-1,-6.115723495E-2,1.766460638E2
2.131320619E1,2.926980325E-2,5.791312433E-4,1.378420624E-3,9.995704293E-1,1.766454485E2,1.598302634E-1,-6.171173359E-2,1.766453587E2
2.131820619E1,2.926996364E-2,5.785496323E-4,1.375255524E-3,9.995704293E-1,1.766454301E2,1.594657836E-1,-6.165570518E-2,1.766453406E2
2.132320619E1,2.926406457E-2,5.753685255E-4,1.372159109E-3,9.995706081E-1,1.766461064E2,1.591000798E-1,-6.130265858E-2,1.766460176E2
2.132820619E1,2.926406274E-2,5.746763782E-4,1.372488099E-3,9.995706081E-1,1.766461066E2,1.591354418E-1,-6.122227540E-2,1.766460179E2
2.133320619E1,2.926622652E-2,5.771297147E-4,1.368725323E-3,9.995705485E-1,1.766458585E2,1.587128044E-1,-6.151556133E-2,1.766457696E2
2.133820619E1,2.927036622E-2,5.793856690E-4,1.366306096E-3,9.995704293E-1,1.766453840E2,1.584435219E-1,-6.178142100E-2,1.766452949E2
2.134320619E1,2.927617993E-2,5.840077647E-4,1.370589831E-3,9.995702505E-1,1.766447175E2,1.589500588E-1,-6.229555365E-2,1.766446273E2
2.134820619E1,2.930949527E-2,6.124031497E-4,1.341368887E-3,9.995692968E-1,1.766408982E2,1.557004725E-1,-6.564087153E-2,1.766408053E2
2.135320619E1,2.943955517E-2,7.161141257E-4,1.283232938E-3,9.995654821E-1,1.766259880E2,1.493999033E-1,-7.769598332E-2,1.766258830E2
2.135820619E1,2.962685207E-2,8.667045622E-4,1.243441831E-3,9.995598793E-1,1.766045160E2,1.453680330E-1,-9.505189006E-2,1.766043915E2
2.136320619E1,2.968295063E-2,9.102083859E-4,1.263801823E-3,9.995581508E-1,1.765980847E2,1.478534183E-1,-9.995744761E-2,1.765979516E2
2.136820619E1,2.956827272E-2,8.194851689E-4,1.279777032E-3,9.995616078E-1,1.766112316E2,1.493643466E-1,-8.952871600E-2,1.766111110E2
2.137320619E1,2.945054823E-2,7.263948210E-4,1.257084659E-3,9.995651841E-1,1.766247277E2,1.464403794E-1,-7.896015699E-2,1.766246233E2
2.137820619E1,2.936580680E-2,7.471626741E-4,1.236617099E-3,9.995676875E-1,1.766344426E2,1.441591752E-1,-8.142024158E-2,1.766343366E2
2.138320619E1,2.934143206E-2,9.010031936E-4,1.230878872E-3,9.995682836E-1,1.766372369E2,1.440172284E-1,-9.906427645E-2,1.766371085E2
2.138820619E1,2.938089638E-2,1.011476154E-3,1.220107195E-3,9.995670319E-1,1.766327127E2,1.431593126E-1,-1.117486561E-1,1.766325689E2
2.139320619E1,2.944547321E-2,9.755167412E-4,1.206307206E-3,9.995651841E-1,1.766253095E2,1.414645024E-1,-1.076671163E-1,1.766251726E2
2.139820619E1,2.948909697E-2,8.453591727E-4,1.226530760E-3,9.995639920E-1,1.766203084E2,1.433457671E-1,-9.268413471E-2,1.766201888E2
2.140320619E1,2.950825152E-2,7.131828461E-4,1.285584643E-3,9.995634556E-1,1.766181125E2,1.496646986E-1,-7.734200974E-2,1.766180079E2
2.140820619E1,2.948398637E-2,6.079652230E-4,1.339143142E-3,9.995641708E-1,1.766208943E2,1.554419925E-1,-6.511288315E-2,1.766208024E2
2.141320619E1,2.941710363E-2,5.448817974E-4,1.368685509E-3,9.995661378E-1,1.766285619E2,1.586088130E-1,-5.779800176E-2,1.766284782E2
2.141820619E1,2.938650915E-2,5.793062155E-4,1.358786947E-3,9.995670319E-1,1.766320692E2,1.575891718E-1,-6.177923084E-2,1.766319806E2
2.142320619E1,2.938511147E-2,6.134457071E-4,1.373945386E-3,9.995670319E-1,1.766322295E2,1.594403336E-1,-6.563881182E-2,1.766321343E2
2.142820619E1,2.942893492E-2,6.188852713E-4,1.387463650E-3,9.995657206E-1,1.766272055E2,1.610099668E-1,-6.620929003E-2,1.766271086E2
2.143320619E1,2.945017426E-2,5.850440357E-4,1.380876405E-3,9.995651245E-1,1.766247706E2,1.601426424E-1,-6.235186517E-2,1.766246797E2
2.143820619E1,2.942040471E-2,5.506878952E-4,1.382399001E-3,9.995660186E-1,1.766281834E2,1.601993518E-1,-5.841628524E-2,1.766280980E2
2.144320619E1,2.941370402E-2,5.723180366E-4,1.386900432E-3,9.995661974E-1,1.766289516E2,1.607874751E-1,-6.087974336E-2,1.766288624E2
2.144820619E1,2.939488267E-2,5.958119873E-4,1.389419660E-3,9.995667338E-1,1.766311093E2,1.611540302E-1,-6.356532756E-2,1.766310160E2
2.145320619E1,2.941146177E-2,6.140763871E-4,1.373569830E-3,9.995662570E-1,1.766292086E2,1.594011727E-1,-6.570811373E-2,1.766291134E2
2.145820619E1,2.943190182E-2,6.006181356E-4,1.375447377E-3,9.995656610E-1,1.766268654E2,1.595721806E-1,-6.415698906E-2,1.766267722E2
2.146320619E1,2.944003698E-2,5.802023807E-4,1.383351046E-3,9.995654225E-1,1.766259328E2,1.604091255E-1,-6.179056883E-2,1.766258425E2
2.146820619E1,2.943605924E-2,5.776915932E-4,1.382912276E-3,9.995655417E-1,1.766263888E2,1.603501521E-1,-6.150509712E-2,1.766262989E2
2.147320619E1,2.941767628E-2,5.890334724E-4,1.381557784E-3,9.995660782E-1,1.766284962E2,1.602321113E-1,-6.281173222E-2,1.766284046E2
2.147820619E1,2.943127007E-2,6.150965346E-4,1.382548711E-3,9.995656610E-1,1.766269378E2,1.604343753E-1,-6.579152159E-2,1.766268418E2
2.148320619E1,2.944134225E-2,6.134605501E-4,1.384291449E-3,9.995653629E-1,1.766257831E2,1.606291351E-1,-6.559663668E-2,1.766256873E2
2.148820619E1,2.944401248E-2,5.931160413E-4,1.379394787E-3,9.995653033E-1,1.766254770E2,1.599997880E-1,-6.328243339E-2,1.766253848E2
2.149320619E1,2.944016956E-2,5.756487953E-4,1.382431714E-3,9.995654225E-1,1.766259176E2,1.602884683E-1,-6.127207329E-2,1.766258281E2
2.149820619E1,2.943402123E-2,5.784042878E-4,1.382910879E-3,9.995656013E-1,1.766266224E2,1.603522708E-1,-6.158706209E-2,1.766265324E2
2.150320619E1,2.943376565E-2,6.000834401E-4,1.379108289E-3,9.995656013E-1,1.766266517E2,1.599898252E-1,-6.408309841E-2,1.766265584E2
2.150820619E1,2.944780340E-2,6.107288064E-4,1.377166598E-3,9.995651841E-1,1.766250424E2,1.598042453E-1,-6.530674293E-2,1.766249475E2
2.151320619E1,2.946022906E-2,6.021392182E-4,1.374765066E-3,9.995648265E-1,1.766236179E2,1.595009810E-1,-6.432899772E-2,1.766235246E2
2.151820619E1,2.946233163E-2,5.894418573E-4,1.378541929E-3,9.995647669E-1,1.766233769E2,1.598908541E-1,-6.286153316E-2,1.766232854E2
2.152320619E1,2.946221092E-2,5.907996674E-4,1.380538917E-3,9.995647669E-1,1.766233907E2,1.601241700E-1,-6.301033610E-2,1.766232988E2
2.152820619E1,2.944171514E-2,6.021383451E-4,1.381328795E-3,9.995653629E-1,1.766257404E2,1.602516094E-1,-6.430970681E-2,1.766256466E2
2.153320619E1,2.944362592E-2,6.085959030E-4,1.380902366E-3,9.995653033E-1,1.766255213E2,1.602246779E-1,-6.505049944E-2,1.766254265E2
2.153820619E1,2.944778511E-2,6.094822893E-4,1.378109562E-3,9.995651841E-1,1.766250445E2,1.599080465E-1,-6.516078550E-2,1.766249497E2
2.154320619E1,2.945209647E-2,5.971022183E-4,1.377860550E-3,9.995650649E-1,1.766245502E2,1.598380194E-1,-6.374290122E-2,1.766244575E2
2.154820619E1,2.944372780E-2,5.912046763E-4,1.386274816E-3,9.995653033E-1,1.766255096E2,1.607813730E-1,-6.304033392E-2,1.766254173E2
2.155320619E1,2.944524115E-2,5.975470413E-4,1.394365798E-3,9.995652437E-1,1.766253361E2,1.617296279E-1,-6.373925503E-2,1.766252423E2
2.155820619E1,2.943680907E-2,6.131749251E-4,1.394705381E-3,9.995654821E-1,1.766263028E2,1.618207074E-1,-6.552951973E-2,1.766262063E2
2.156320619E1,2.943518408E-2,6.111437106E-4,1.387155033E-3,9.995655417E-1,1.766264891E2,1.609489164E-1,-6.532259208E-2,1.766263935E2
2.156820619E1,2.941909348E-2,6.041947636E-4,1.387942582E-3,9.995660186E-1,1.766283337E2,1.610146443E-1,-6.452658260E-2,1.766282392E2
2.157320619E1,2.941913725E-2,5.976943648E-4,1.389828045E-3,9.995660186E-1,1.766283287E2,1.612086962E-1,-6.377565137E-2,1.766282351E2
2.157820619E1,2.941502960E-2,6.008834462E-4,1.389659941E-3,9.995661378E-1,1.766287996E2,1.611999295E-1,-6.414216384E-2,1.766287055E2
2.158320619E1,2.941059093E-2,6.050330121E-4,1.396045671E-3,9.995662570E-1,1.766293085E2,1.619450660E-1,-6.459665692E-2,1.766292133E2
2.158820619E1,2.939218065E-2,6.042049499E-4,1.400036272E-3,9.995667934E-1,1.766314191E2,1.623981792E-1,-6.449135068E-2,1.766313237E2
2.159320619E1,2.940023656E-2,6.059018197E-4,1.400375739E-3,9.995665550E-1,1.766304955E2,1.624432995E-1,-6.468326086E-2,1.766303999E2
2.159820619E1,2.940642844E-2,5.969214835E-4,1.401857007E-3,9.995663762E-1,1.766297857E2,1.625831041E-1,-6.364863822E-2,1.766296915E2
2.160320619E1,2.939854614E-2,5.922905402E-4,1.399141853E-3,9.995666146E-1,1.766306893E2,1.622560003E-1,-6.312863028E-2,1.766305960E2
2.160820619E1,2.939212950E-2,6.024904433E-4,1.401847810E-3,9.995667934E-1,1.766314249E2,1.625998985E-1,-6.428887445E-2,1.766313298E2
2.161320619E1,2.939603753E-2,6.161286728E-4,1.398973516E-3,9.995666742E-1,1.766309769E2,1.623168666E-1,-6.586007040E-2,1.766308797E2
2.161820619E1,2.939411907E-2,6.148216198E-4,1.397270360E-3,9.995667338E-1,1.766311968E2,1.621172540E-1,-6.571640648E-2,1.766310999E2
2.162320619E1,2.939837099E-2,6.066717324E-4,1.396658248E-3,9.995666146E-1,1.766307094E2,1.620199632E-1,-6.478427520E-2,1.766306139E2
2.162820619E1,2.937424917E-2,5.971626379E-4,1.396392356E-3,9.995673299E-1,1.766334747E2,1.619559331E-1,-6.369988933E-2,1.766333808E2
2.163320619E1,2.936811036E-2,6.003241288E-4,1.396159409E-3,9.995675087E-1,1.766341785E2,1.619395000E-1,-6.406379152E-2,1.766340841E2
2.163820619E1,2.936593487E-2,6.031400408E-4,1.398030785E-3,9.995675683E-1,1.766344279E2,1.621631889E-1,-6.438038674E-2,1.766343329E2
2.164320619E1,2.936787643E-2,6.043495378E-4,1.399339875E-3,9.995675087E-1,1.766342053E2,1.623173308E-1,-6.451420437E-2,1.766341100E2
2.164820619E1,2.937400839E-2,6.000091089E-4,1.400232082E-3,9.995673299E-1,1.766335023E2,1.624053109E-1,-6.401304390E-2,1.766334077E2
2.165320619E1,2.937220003E-2,5.914167268E-4,1.399272471E-3,9.995673895E-1,1.766337097E2,1.622663563E-1,-6.303237892E-2,1.766336165E2
2.165820619E1,2.936195026E-2,5.942450953E-4,1.400297275E-3,9.995676875E-1,1.766348847E2,1.623926105E-1,-6.335456176E-2,1.766347910E2
2.166320619E1,2.935971862E-2,6.013845559E-4,1.401493559E-3,9.995677471E-1,1.766351405E2,1.625535161E-1,-6.416866796E-2,1.766350456E2
2.166820619E1,2.935966964E-2,6.108610542E-4,1.398417866E-3,9.995677471E-1,1.766351462E2,1.622331011E-1,-6.526448160E-2,1.766350498E2
2.167320619E1,2.936197920E-2,6.078089355E-4,1.393854036E-3,9.995676875E-1,1.766348814E2,1.617002301E-1,-6.492986690E-2,1.766347859E2
2.167820619E1,2.935810315E-2,5.983071169E-4,1.394121791E-3,9.995678067E-1,1.766353257E2,1.616986790E-1,-6.384123521E-2,1.766352318E2
2.168320619E1,2.935614033E-2,5.914428621E-4,1.395646832E-3,9.995678663E-1,1.766355508E2,1.618501423E-1,-6.305017645E-2,1.766354578E2
2.168820619E1,2.936424691E-2,6.003444432E-4,1.392059843E-3,9.995676279E-1,1.766346214E2,1.614697470E-1,-6.408053931E-2,1.766345272E2
2.169320619E1,2.936043003E-2,6.073488039E-4,1.383907977E-3,9.995677471E-1,1.766350590E2,1.605593365E-1,-6.491087717E-2,1.766349642E2
2.169820619E1,2.934632159E-2,6.089674425E-4,1.381082460E-3,9.995681643E-1,1.766366764E2,1.602402227E-1,-6.510804770E-2,1.766365815E2
2.170320619E1,2.935250267E-2,6.051854580E-4,1.380808419E-3,9.995679855E-1,1.766359678E2,1.601965139E-1,-6.467478220E-2,1.766358735E2
2.170820619E1,2.934649083E-2,5.978787667E-4,1.382330433E-3,9.995681643E-1,1.766366570E2,1.603458866E-1,-6.383370342E-2,1.766365638E2
2.171320619E1,2.934446447E-2,5.944794975E-4,1.383713097E-3,9.995682240E-1,1.766368893E2,1.604926995E-1,-6.344001949E-2,1.766367966E2
2.171820619E1,2.933436748E-2,5.946303136E-4,1.382451854E-3,9.995685220E-1,1.766380468E2,1.603480998E-1,-6.346315523E-2,1.766379542E2
2.172320619E1,2.933623048E-2,6.007847260E-4,1.383354887E-3,9.995684624E-1,1.766378332E2,1.604723446E-1,-6.416476013E-2,1.766377396E2
2.172820619E1,2.934835250E-2,6.042369641E-4,1.383141964E-3,9.995681047E-1,1.766364436E2,1.604603451E-1,-6.455895674E-2,1.766363493E2
2.173320619E1,2.934473381E-2,5.984838353E-4,1.376254950E-3,9.995682240E-1,1.766368584E2,1.596519090E-1,-6.392372148E-2,1.766367656E2
2.173820619E1,2.933662990E-2,5.925126025E-4,1.378443558E-3,9.995684624E-1,1.766377875E2,1.598820038E-1,-6.323370033E-2,1.766376954E2
2.174320619E1,2.932857327E-2,5.911088665E-4,1.377599430E-3,9.995687008E-1,1.766387111E2,1.597800877E-1,-6.307703907E-2,1.766386193E2
2.174820619E1,2.930214320E-2,5.946534220E-4,1.376277069E-3,9.995694757E-1,1.766417410E2,1.596388560E-1,-6.349170556E-2,1.766416488E2
2.175320619E1,2.930617585E-2,6.013298407E-4,1.374089741E-3,9.995693564E-1,1.766412787E2,1.594109930E-1,-6.426313926E-2,1.766411856E2
2.175820619E1,2.930611720E-2,5.987748737E-4,1.376454253E-3,9.995693564E-1,1.766412855E2,1.596732454E-1,-6.396255615E-2,1.766411925E2
2.176320619E1,2.931036272E-2,5.928135943E-4,1.375204884E-3,9.995692372E-1,1.766407987E2,1.595103873E-1,-6.328325615E-2,1.766407069E2
2.176820619E1,2.930652862E-2,5.874983617E-4,1.372548286E-3,9.995693564E-1,1.766412383E2,1.591879998E-1,-6.268397120E-2,1.766411475E2
2.177320619E1,2.930047402E-2,5.896207877E-4,1.370678190E-3,9.995695353E-1,1.766419324E2,1.589805414E-1,-6.293432208E-2,1.766418413E2
2.177820619E1,2.929602381E-2,6.003124872E-4,1.374222338E-3,9.995696545E-1,1.766424426E2,1.594221127E-1,-6.414778316E-2,1.766423495E2
2.178320619E1,2.930224204E-2,6.074811681E-4,1.368548605E-3,9.995694757E-1,1.766417297E2,1.587967010E-1,-6.498696005E-2,1.766416359E2
2.178820619E1,2.930848374E-2,6.060175365E-4,1.366142184E-3,9.995692968E-1,1.766410142E2,1.585165533E-1,-6.482640303E-2,1.766409207E2
2.179320619E1,2.930861106E-2,5.998917040E-4,1.366114477E-3,9.995692968E-1,1.766409996E2,1.584928125E-1,-6.412480936E-2,1.766409071E2
2.179820619E1,2.929431816E-2,5.967465695E-4,1.368770376E-3,9.995697141E-1,1.766426381E2,1.587855503E-1,-6.375790896E-2,1.766425460E2
2.180320619E1,2.929632918E-2,6.041398156E-4,1.366010634E-3,9.995696545E-1,1.766424076E2,1.584943928E-1,-6.461369376E-2,1.766423144E2
2.180820619E1,2.928982389E-2,6.088269292E-4,1.372569008E-3,9.995698333E-1,1.766431533E2,1.592609181E-1,-6.512958508E-2,1.766430590E2
2.181320619E1,2.929367344E-2,6.065743510E-4,1.378215966E-3,9.995697141E-1,1.766427120E2,1.599004238E-1,-6.485199997E-2,1.766426177E2
2.181820619E1,2.928128811E-2,6.055296981E-4,1.382485963E-3,9.995700717E-1,1.766441319E2,1.603852112E-1,-6.471999634E-2,1.766440375E2
2.182320619E1,2.927354306E-2,5.951952189E-4,1.378605957E-3,9.995703101E-1,1.766450198E2,1.599056138E-1,-6.355051940E-2,1.766449273E2
2.182820619E1,2.925548142E-2,5.870564491E-4,1.376547734E-3,9.995708466E-1,1.766470904E2,1.596414243E-1,-6.262807472E-2,1.766469994E2
2.183320619E1,2.924913329E-2,5.881611141E-4,1.381124952E-3,9.995710254E-1,1.766478181E2,1.601690161E-1,-6.274027768E-2,1.766477267E2
2.183820619E1,2.925496197E-2,5.954700755E-4,1.383953611E-3,9.995708466E-1,1.766471499E2,1.605178886E-1,-6.356704677E-2,1.766470571E2
2.184320619E1,2.926314004E-2,5.998157430E-4,1.381376293E-3,9.995706081E-1,1.766462124E2,1.602377693E-1,-6.407213940E-2,1.766461190E2
2.184820619E1,2.925923643E-2,5.949832266E-4,1.379893860E-3,9.995707273E-1,1.766466599E2,1.600515132E-1,-6.352420769E-2,1.766465674E2
2.185320619E1,2.925520846E-2,5.861064419E-4,1.382739865E-3,9.995708466E-1,1.766471217E2,1.603474853E-1,-6.249854311E-2,1.766470304E2
2.185820619E1,2.924722264E-2,5.834302283E-4,1.380455098E-3,9.995710850E-1,1.766480372E2,1.600763126E-1,-6.220094171E-2,1.766479465E2
2.186320619E1,2.924487087E-2,5.929224426E-4,1.383073395E-3,9.995711446E-1,1.766483068E2,1.604078861E-1,-6.327980504E-2,1.766482144E2
2.186820619E1,2.923878256E-2,5.952018546E-4,1.381584560E-3,9.995713234E-1,1.766490047E2,1.602446032E-1,-6.354686006E-2,1.766489121E2
2.187320619E1,2.924471584E-2,5.963656586E-4,1.384870033E-3,9.995711446E-1,1.766483245E2,1.606252079E-1,-6.366820324E-2,1.766482315E2
2.187820619E1,2.923682723E-2,5.886164145E-4,1.382661518E-3,9.995713830E-1,1.766492289E2,1.603457717E-1,-6.278925270E-2,1.766491373E2
2.188320619E1,2.923125579E-2,5.755697493E-4,1.376669272E-3,9.995715618E-1,1.766498676E2,1.596153480E-1,-6.131582143E-2,1.766497785E2
2.188820619E1,2.921904764E-2,5.713821156E-4,1.377912238E-3,9.995719194E-1,1.766512672E2,1.597429496E-1,-6.083394681E-2,1.766511786E2
2.189320619E1,2.921887554E-2,5.782006774E-4,1.378717017E-3,9.995719194E-1,1.766512869E2,1.598579528E-1,-6.161229499E-2,1.766511972E2
2.189820619E1,2.922082184E-2,5.821152008E-4,1.379034366E-3,9.995718598E-1,1.766510638E2,1.599075313E-1,-6.205930047E-2,1.766509734E2
2.190320619E1,2.922524439E-2,5.807947018E-4,1.372263534E-3,9.995717406E-1,1.766505568E2,1.591278335E-1,-6.193001561E-2,1.766504670E2
2.190820619E1,2.921911837E-2,5.771347205E-4,1.374009298E-3,9.995719194E-1,1.766512591E2,1.593151630E-1,-6.150592188E-2,1.766511698E2
2.191320619E1,2.921895015E-2,5.762181827E-4,1.377965673E-3,9.995719194E-1,1.766512783E2,1.597652579E-1,-6.138771885E-2,1.766511890E2
2.191820619E1,2.921687756E-2,5.787977134E-4,1.377593959E-3,9.995719790E-1,1.766515159E2,1.597311904E-1,-6.168476065E-2,1.766514262E2
2.192320619E1,2.921700207E-2,5.858497461E-4,1.371960738E-3,9.995719790E-1,1.766515017E2,1.591095654E-1,-6.251135917E-2,1.766514111E2
2.192820619E1,2.920259952E-2,5.925227888E-4,1.371749444E-3,9.995723963E-1,1.766531528E2,1.591067948E-1,-6.327870639E-2,1.766530612E2
2.193320619E1,2.920648989E-2,5.932404310E-4,1.375474152E-3,9.995722771E-1,1.766527068E2,1.595360817E-1,-6.334782146E-2,1.766526148E2
2.193820619E1,2.919620890E-2,5.847868742E-4,1.380772796E-3,9.995725751E-1,1.766538854E2,1.601140671E-1,-6.236344204E-2,1.766537945E2
2.194320619E1,2.918828621E-2,5.805715919E-4,1.377452281E-3,9.995728135E-1,1.766547937E2,1.597191314E-1,-6.189298810E-2,1.766547037E2
2.194820619E1,2.918808797E-2,5.877289223E-4,1.378617249E-3,9.995728135E-1,1.766548164E2,1.598764990E-1,-6.270894268E-2,1.766547251E2
2.195320619E1,2.918789632E-2,5.905849393E-4,1.381451264E-3,9.995728135E-1,1.766548384E2,1.602106565E-1,-6.302662990E-2,1.766547465E2
2.195820619E1,2.919374905E-2,5.959231639E-4,1.384867122E-3,9.995726347E-1,1.766541674E2,1.606201475E-1,-6.362571845E-2,1.766540744E2
2.196320619E1,2.919191463E-2,5.869754241E-4,1.384336269E-3,9.995726943E-1,1.766543777E2,1.605292913E-1,-6.260289147E-2,1.766542862E2
2.196820619E1,2.920213793E-2,5.813172902E-4,1.386293210E-3,9.995723963E-1,1.766532057E2,1.607351497E-1,-6.194660359E-2,1.766531150E2
2.197320619E1,2.920195506E-2,5.852907198E-4,1.388471690E-3,9.995723963E-1,1.766532267E2,1.609979651E-1,-6.239446985E-2,1.766531352E2
2.197820619E1,2.919582711E-2,5.883796257E-4,1.387303811E-3,9.995725751E-1,1.766539292E2,1.608741455E-1,-6.275317556E-2,1.766538373E2
2.198320619E1,2.920394662E-2,5.950146005E-4,1.385357813E-3,9.995723367E-1,1.766529984E2,1.606739609E-1,-6.351836846E-2,1.766529055E2
2.198820619E1,2.921417583E-2,5.945052835E-4,1.384934061E-3,9.995720387E-1,1.766518257E2,1.606243680E-1,-6.345980435E-2,1.766517329E2
2.199320619E1,2.921225851E-2,5.932735512E-4,1.382884220E-3,9.995720983E-1,1.766520455E2,1.603853282E-1,-6.332588868E-2,1.766519530E2
2.199820619E1,2.920416464E-2,5.908072344E-4,1.382559654E-3,9.995723367E-1,1.766529734E2,1.603393844E-1,-6.304577528E-2,1.766528814E2
2.200320619E1,2.920225916E-2,5.890961620E-4,1.380443457E-3,9.995723963E-1,1.766531918E2,1.600911426E-1,-6.285717198E-2,1.766531002E2
2.200820619E1,2.921428652E-2,5.946081365E-4,1.382552786E-3,9.995720387E-1,1.766518130E2,1.603519615E-1,-6.347953965E-2,1.766517204E2
2.201320619E1,2.921630369E-2,5.969048943E-4,1.382031012E-3,9.995719790E-1,1.766515817E2,1.603000142E-1,-6.374403946E-2,1.766514888E2
2.201820619E1,2.920408453E-2,5.930800689E-4,1.383278402E-3,9.995723367E-1,1.766529825E2,1.604293136E-1,-6.330371908E-2,1.766528901E2
2.202320619E1,2.919608403E-2,5.864228588E-4,1.382717979E-3,9.995725751E-1,1.766538997E2,1.603423401E-1,-6.254434394E-2,1.766538084E2
2.202820619E1,2.918395148E-2,5.817220081E-4,1.382298418E-3,9.995729327E-1,1.766552906E2,1.602778012E-1,-6.200924538E-2,1.766552001E2
2.203320619E1,2.918636254E-2,5.838698125E-4,1.373560866E-3,9.995728731E-1,1.766550142E2,1.592843101E-1,-6.228409764E-2,1.766549239E2
2.203820619E1,2.918627781E-2,5.908338353E-4,1.372382860E-3,9.995728731E-1,1.766550239E2,1.591726656E-1,-6.308572867E-2,1.766549325E2
2.204320619E1,2.919219011E-2,5.957202520E-4,1.374758431E-3,9.995726943E-1,1.766543461E2,1.594614908E-1,-6.363654324E-2,1.766542538E2
2.204820619E1,2.918595563E-2,5.964413285E-4,1.376801869E-3,9.995728731E-1,1.766550608E2,1.596975670E-1,-6.371329743E-2,1.766549683E2
2.205320619E1,2.918373054E-2,5.946439342E-4,1.381464186E-3,9.995729327E-1,1.766553159E2,1.602254492E-1,-6.349218239E-2,1.766552234E2
2.205820619E1,2.917359329E-2,5.953524960E-4,1.379634487E-3,9.995732307E-1,1.766564781E2,1.600175951E-1,-6.358108486E-2,1.766563855E2
2.206320619E1,2.917347654E-2,5.962140276E-4,1.381729497E-3,9.995732307E-1,1.766564915E2,1.602604366E-1,-6.367278179E-2,1.766563986E2
2.206820619E1,2.916956856E-2,5.917754606E-4,1.379904454E-3,9.995733500E-1,1.766569395E2,1.600363044E-1,-6.317110346E-2,1.766568475E2
2.207320619E1,2.917351197E-2,5.951468484E-4,1.381441602E-3,9.995732307E-1,1.766564874E2,1.602238946E-1,-6.355150101E-2,1.766563948E2
2.207820619E1,2.916739305E-2,5.997976987E-4,1.379250200E-3,9.995734096E-1,1.766571889E2,1.599880419E-1,-6.409252742E-2,1.766570956E2
2.208320619E1,2.916759823E-2,6.002036971E-4,1.374727231E-3,9.995734096E-1,1.766571653E2,1.594713380E-1,-6.415411656E-2,1.766570723E2
2.208820619E1,2.914953294E-2,5.908920430E-4,1.371880411E-3,9.995739460E-1,1.766592364E2,1.591129889E-1,-6.309992553E-2,1.766591450E2
2.209320619E1,2.914151928E-2,5.850361194E-4,1.370923943E-3,9.995741844E-1,1.766601550E2,1.589833696E-1,-6.243364140E-2,1.766600647E2
2.209820619E1,2.913096393E-2,5.867938162E-4,1.377195236E-3,9.995744824E-1,1.766613651E2,1.597069115E-1,-6.261571661E-2,1.766612741E2
2.210320619E1,2.914092576E-2,5.939616240E-4,1.379674184E-3,9.995741844E-1,1.766602231E2,1.600154192E-1,-6.342686748E-2,1.766601307E2
2.210820619E1,2.914261695E-2,6.011572550E-4,1.384012867E-3,9.995741248E-1,1.766600292E2,1.605365243E-1,-6.423631495E-2,1.766599354E2
2.211320619E1,2.913627558E-2,5.969417980E-4,1.390192192E-3,9.995743036E-1,1.766607562E2,1.612298400E-1,-6.373385117E-2,1.766606627E2
2.211820619E1,2.912022181E-2,5.968921469E-4,1.383712864E-3,9.995747805E-1,1.766625966E2,1.604864883E-1,-6.375237512E-2,1.766625035E2
2.212320619E1,2.911826169E-2,5.942954449E-4,1.383022172E-3,9.995748401E-1,1.766628213E2,1.603985841E-1,-6.345756084E-2,1.766627287E2
2.212820619E1,2.909777175E-2,5.934527144E-4,1.383838244E-3,9.995754361E-1,1.766651703E2,1.604879485E-1,-6.336159879E-2,1.766650777E2
2.213320619E1,2.910777545E-2,6.007417105E-4,1.385577954E-3,9.995751381E-1,1.766640234E2,1.607121691E-1,-6.418909244E-2,1.766639296E2
2.213820619E1,2.909134133E-2,6.014151732E-4,1.386433607E-3,9.995756149E-1,1.766659075E2,1.608113682E-1,-6.426602261E-2,1.766658135E2
2.214320619E1,2.908952879E-2,5.990512436E-4,1.382509596E-3,9.995756745E-1,1.766661152E2,1.603539021E-1,-6.400862345E-2,1.766660219E2
2.214820619E1,2.907325659E-2,5.926437443E-4,1.382799703E-3,9.995761514E-1,1.766679807E2,1.603647412E-1,-6.327633300E-2,1.766678884E2
2.215320619E1,2.907730597E-2,5.954870721E-4,1.382606337E-3,9.995760322E-1,1.766675165E2,1.603523236E-1,-6.360201098E-2,1.766674237E2
2.215820619E1,2.908347381E-2,6.027268246E-4,1.379012596E-3,9.995758533E-1,1.766668094E2,1.599652074E-1,-6.444226168E-2,1.766667157E2
2.216320619E1,2.908941144E-2,6.075444981E-4,1.381271868E-3,9.995756745E-1,1.766661287E2,1.602404351E-1,-6.498561079E-2,1.766660340E2
2.216820619E1,2.907696099E-2,6.018655840E-4,1.387092401E-3,9.995760322E-1,1.766675560E2,1.608874049E-1,-6.431773237E-2,1.766674619E2
2.217320619E1,2.907077720E-2,5.971428473E-4,1.389886718E-3,9.995762110E-1,1.766682649E2,1.611913433E-1,-6.376846223E-2,1.766681714E2
2.217820619E1,2.907297032E-2,5.973940133E-4,1.386768767E-3,9.995761514E-1,1.766680135E2,1.608351796E-1,-6.380726570E-2,1.766679201E2
2.218320619E1,2.907525237E-2,5.987603217E-4,1.381287351E-3,9.995760918E-1,1.766677519E2,1.602120186E-1,-6.398166299E-2,1.766676587E2
2.218820619E1,2.907296708E-2,6.025561597E-4,1.384601695E-3,9.995761514E-1,1.766680139E2,1.606041552E-1,-6.440577391E-2,1.766679198E2
2.219320619E1,2.907911433E-2,6.078567822E-4,1.382283168E-3,9.995759726E-1,1.766673092E2,1.603566439E-1,-6.501966148E-2,1.766672144E2
2.219820619E1,2.906896969E-2,6.051170640E-4,1.381349866E-3,9.995762706E-1,1.766684721E2,1.602399536E-1,-6.471058227E-2,1.766683779E2
2.220320619E1,2.906684555E-2,6.028617499E-4,1.383900875E-3,9.995763302E-1,1.766687157E2,1.605245044E-1,-6.444409507E-2,1.766686216E2
2.220820619E1,2.906052027E-2,6.066936185E-4,1.385908457E-3,9.995765090E-1,1.766694408E2,1.607668133E-1,-6.487733918E-2,1.766693459E2
2.221320619E1,2.906861820E-2,6.131997216E-4,1.385176787E-3,9.995762706E-1,1.766685124E2,1.607052048E-1,-6.562370283E-2,1.766684166E2
2.221820619E1,2.905633051E-2,6.182414363E-4,1.382669550E-3,9.995766282E-1,1.766699211E2,1.604339992E-1,-6.621152024E-2,1.766698246E2
2.222320619E1,2.905427566E-2,6.162797217E-4,1.383635099E-3,9.995766878E-1,1.766701567E2,1.605379284E-1,-6.598393444E-2,1.766700604E2
2.222820619E1,2.904632752E-2,6.124801585E-4,1.379953348E-3,9.995769262E-1,1.766710678E2,1.601030358E-1,-6.556225210E-2,1.766709724E2
2.223320619E1,2.903635259E-2,6.048270152E-4,1.377375680E-3,9.995772243E-1,1.766722114E2,1.597816600E-1,-6.469581168E-2,1.766721174E2
2.223820619E1,2.901993735E-2,6.035459810E-4,1.377841923E-3,9.995777011E-1,1.766740932E2,1.598297423E-1,-6.455015137E-2,1.766739994E2
2.224320619E1,2.901990777E-2,6.029188517E-4,1.378739253E-3,9.995777011E-1,1.766740966E2,1.599304379E-1,-6.447533860E-2,1.766740028E2
2.224820619E1,2.902161811E-2,6.023807218E-4,1.386166899E-3,9.995776415E-1,1.766739005E2,1.607795468E-1,-6.438872350E-2,1.766738064E2
2.225320619E1,2.902372763E-2,6.042407476E-4,1.384169562E-3,9.995775819E-1,1.766736587E2,1.605570875E-1,-6.460808055E-2,1.766735644E2
2.225820619E1,2.901773195E-2,6.014049286E-4,1.381978858E-3,9.995777607E-1,1.766743460E2,1.602963387E-1,-6.429150452E-2,1.766742523E2
2.226320619E1,2.900762220E-2,5.937492824E-4,1.381970476E-3,9.995780587E-1,1.766755050E2,1.602692787E-1,-6.341625111E-2,1.766754126E2
2.226820619E1,2.901155327E-2,5.927653983E-4,1.386091695E-3,9.995779395E-1,1.766750544E2,1.607383157E-1,-6.328922226E-2,1.766749618E2
2.227320619E1,2.901565605E-2,5.960257840E-4,1.384781324E-3,9.995778203E-1,1.766745840E2,1.605993225E-1,-6.366637460E-2,1.766744910E2
2.227820619E1,2.900726914E-2,5.968774203E-4,1.388020348E-3,9.995780587E-1,1.766755455E2,1.609726285E-1,-6.375450448E-2,1.766754521E2
2.228320619E1,2.900536868E-2,5.953810178E-4,1.385451760E-3,9.995781183E-1,1.766757634E2,1.606733181E-1,-6.359194538E-2,1.766756704E2
2.228820619E1,2.901330715E-2,5.975165404E-4,1.390318386E-3,9.995778799E-1,1.766748533E2,1.612383640E-1,-6.381909853E-2,1.766747597E2
2.229320619E1,2.900938034E-2,5.941831041E-4,1.387978322E-3,9.995779991E-1,1.766753035E2,1.609589921E-1,-6.344568852E-2,1.766752105E2
2.229820619E1,2.899314774E-2,5.890959292E-4,1.385916024E-3,9.995784760E-1,1.766771644E2,1.607048360E-1,-6.287245258E-2,1.766770724E2
2.230320619E1,2.899307801E-2,5.887550651E-4,1.387518714E-3,9.995784760E-1,1.766771724E2,1.608872768E-1,-6.282809523E-2,1.766770804E2
2.230820619E1,2.899902069E-2,5.961628049E-4,1.388984965E-3,9.995782971E-1,1.766764911E2,1.610802182E-1,-6.367077287E-2,1.766763978E2
2.231320619E1,2.899710855E-2,5.937953247E-4,1.387023367E-3,9.995783567E-1,1.766767103E2,1.608475406E-1,-6.340642031E-2,1.766766175E2
2.231820619E1,2.900108574E-2,5.962274736E-4,1.388736069E-3,9.995782375E-1,1.766762543E2,1.610520552E-1,-6.367867463E-2,1.766761611E2
2.232320619E1,2.899907588E-2,5.939734983E-4,1.388770645E-3,9.995782971E-1,1.766764848E2,1.610483969E-1,-6.342070587E-2,1.766763918E2
2.232820619E1,2.901348477E-2,5.944541772E-4,1.387922443E-3,9.995778799E-1,1.766748329E2,1.609537533E-1,-6.347626296E-2,1.766747400E2
2.233320619E1,2.901152802E-2,5.925632431E-4,1.386706601E-3,9.995779395E-1,1.766750572E2,1.608080754E-1,-6.326402651E-2,1.766749647E2
2.233820619E1,2.901551266E-2,5.950675695E-4,1.388193807E-3,9.995778203E-1,1.766746004E2,1.609870047E-1,-6.354529406E-2,1.766745074E2
2.234320619E1,2.902556878E-2,6.027789204E-4,1.389234094E-3,9.995775223E-1,1.766734476E2,1.611324528E-1,-6.442349692E-2,1.766733532E2
2.234820619E1,2.902165936E-2,5.967896432E-4,1.387720928E-3,9.995776415E-1,1.766738958E2,1.609389577E-1,-6.374312859E-2,1.766738025E2
2.235320619E1,2.901358649E-2,5.905242870E-4,1.387473778E-3,9.995778799E-1,1.766748213E2,1.608893013E-1,-6.302759604E-2,1.766747290E2
2.235820619E1,2.899916898E-2,5.842178361E-4,1.390963094E-3,9.995782971E-1,1.766764741E2,1.612671124E-1,-6.229595963E-2,1.766763826E2
2.236320619E1,2.900901675E-2,5.911408807E-4,1.396848238E-3,9.995779991E-1,1.766753451E2,1.619648464E-1,-6.306779484E-2,1.766752522E2
2.236820619E1,2.901720981E-2,5.937410169E-4,1.396183274E-3,9.995777607E-1,1.766744059E2,1.618978425E-1,-6.336650638E-2,1.766743125E2
2.237320619E1,2.901300279E-2,5.894532078E-4,1.400077599E-3,9.995778799E-1,1.766748882E2,1.623293888E-1,-6.286310069E-2,1.766747953E2
2.237820619E1,2.900881084E-2,5.860271049E-4,1.403264469E-3,9.995779991E-1,1.766753687E2,1.626827704E-1,-6.246075057E-2,1.766752762E2
2.238320619E1,2.901093068E-2,5.869478919E-4,1.401512534E-3,9.995779395E-1,1.766751257E2,1.624852916E-1,-6.257169978E-2,1.766750332E2
2.238820619E1,2.901294955E-2,5.834644544E-4,1.403684844E-3,9.995778799E-1,1.766748943E2,1.627226598E-1,-6.216514512E-2,1.766748022E2
2.239320619E1,2.901498810E-2,5.853527109E-4,1.403206959E-3,9.995778203E-1,1.766746606E2,1.626743267E-1,-6.238268918E-2,1.766745682E2
2.239820619E1,2.902309103E-2,5.943331053E-4,1.401696587E-3,9.995775819E-1,1.766737317E2,1.625316986E-1,-6.341503678E-2,1.766736379E2
2.240320619E1,2.902321231E-2,5.950711202E-4,1.398869441E-3,9.995775819E-1,1.766737178E2,1.622103299E-1,-6.350895448E-2,1.766736240E2
2.240820619E1,2.902139783E-2,5.884516868E-4,1.396721695E-3,9.995776415E-1,1.766739258E2,1.619421889E-1,-6.275818068E-2,1.766738333E2
2.241320619E1,2.901524516E-2,5.834854674E-4,1.398661872E-3,9.995778203E-1,1.766746311E2,1.621475238E-1,-6.218387968E-2,1.766745393E2
2.241820619E1,2.901116677E-2,5.860140081E-4,1.397009124E-3,9.995779395E-1,1.766750987E2,1.619663651E-1,-6.247966308E-2,1.766750065E2
2.242320619E1,2.901927560E-2,5.924255820E-4,1.396479667E-3,9.995777011E-1,1.766741691E2,1.619275488E-1,-6.321451202E-2,1.766740759E2
2.242820619E1,2.902093147E-2,5.941003328E-4,1.404001610E-3,9.995776415E-1,1.766739792E2,1.627948128E-1,-6.338105972E-2,1.766738853E2
2.243320619E1,2.901890002E-2,5.928928731E-4,1.404065522E-3,9.995777011E-1,1.766742121E2,1.627979891E-1,-6.324287174E-2,1.766741184E2
2.243820619E1,2.902112350E-2,5.959221744E-4,1.399252098E-3,9.995776415E-1,1.766739572E2,1.622568586E-1,-6.360550332E-2,1.766738633E2
2.244320619E1,2.902931127E-2,6.021348527E-4,1.397066750E-3,9.995774031E-1,1.766730186E2,1.620277306E-1,-6.432306386E-2,1.766729238E2
2.244820619E1,2.902100236E-2,6.008116179E-4,1.399673638E-3,9.995776415E-1,1.766739711E2,1.623213970E-1,-6.416417355E-2,1.766738764E2
2.245320619E1,2.902710430E-2,6.057032733E-4,1.398733468E-3,9.995774627E-1,1.766732716E2,1.622303707E-1,-6.472661572E-2,1.766731761E2
2.245820619E1,2.902505912E-2,6.093790871E-4,1.396981534E-3,9.995775223E-1,1.766735060E2,1.620417926E-1,-6.515381419E-2,1.766734100E2
2.246320619E1,2.902327190E-2,6.079915911E-4,1.392060425E-3,9.995775819E-1,1.766737109E2,1.614733804E-1,-6.501154293E-2,1.766736155E2
2.246820619E1,2.901919968E-2,6.069011870E-4,1.391833765E-3,9.995777011E-1,1.766741778E2,1.614435268E-1,-6.488805614E-2,1.766740825E2
2.247320619E1,2.901900259E-2,6.058759172E-4,1.396382111E-3,9.995777011E-1,1.766742004E2,1.619610877E-1,-6.475552507E-2,1.766741050E2
2.247820619E1,2.901700790E-2,6.097748410E-4,1.393466373E-3,9.995777607E-1,1.766744290E2,1.616399452E-1,-6.521213892E-2,1.766743332E2
2.248320619E1,2.901522030E-2,6.087525398E-4,1.388370874E-3,9.995778203E-1,1.766746340E2,1.610527731E-1,-6.511227286E-2,1.766745386E2
2.248820619E1,2.902326278E-2,6.130558322E-4,1.390028046E-3,9.995775819E-1,1.766737120E2,1.612574284E-1,-6.559837824E-2,1.766736158E2
2.249320619E1,2.901941705E-2,6.103192572E-4,1.385793788E-3,9.995777011E-1,1.766741528E2,1.607630685E-1,-6.529962354E-2,1.766740574E2
2.249820619E1,2.901970427E-2,6.059157313E-4,1.381705632E-3,9.995777011E-1,1.766741199E2,1.602801708E-1,-6.480877862E-2,1.766740255E2
2.250320619E1,2.901171045E-2,5.986064207E-4,1.380279544E-3,9.995779395E-1,1.766750363E2,1.600920016E-1,-6.397756956E-2,1.766749432E2
2.250820619E1,2.900340848E-2,5.976274842E-4,1.382514485E-3,9.995781779E-1,1.766759881E2,1.603442145E-1,-6.385934049E-2,1.766758949E2
2.251320619E1,2.901140425E-2,6.035653059E-4,1.384549309E-3,9.995779395E-1,1.766750714E2,1.605975428E-1,-6.453143023E-2,1.766749772E2
2.251820619E1,2.901737261E-2,6.059769075E-4,1.387515687E-3,9.995777607E-1,1.766743872E2,1.609457270E-1,-6.479683996E-2,1.766742924E2
2.252320619E1,2.900956811E-2,5.998315173E-4,1.381609822E-3,9.995779991E-1,1.766752819E2,1.602483121E-1,-6.411381690E-2,1.766751885E2
2.252820619E1,2.900764559E-2,5.976850516E-4,1.379781286E-3,9.995780587E-1,1.766755023E2,1.600316064E-1,-6.387434026E-2,1.766754094E2
2.253320619E1,2.900151507E-2,5.935010849E-4,1.380916103E-3,9.995782375E-1,1.766762051E2,1.601472947E-1,-6.339230509E-2,1.766761128E2
2.253820619E1,2.900142028E-2,5.926836748E-4,1.383255934E-3,9.995782375E-1,1.766762160E2,1.604125844E-1,-6.329091523E-2,1.766761236E2
2.254320619E1,2.900524074E-2,5.951094208E-4,1.388244098E-3,9.995781183E-1,1.766757780E2,1.609922514E-1,-6.355157503E-2,1.766756849E2
2.254820619E1,2.900491751E-2,5.982576404E-4,1.393633778E-3,9.995781183E-1,1.766758151E2,1.616200484E-1,-6.389432006E-2,1.766757211E2
2.255320619E1,2.900468823E-2,5.988137564E-4,1.398159540E-3,9.995781183E-1,1.766758414E2,1.621402789E-1,-6.394301378E-2,1.766757470E2
2.255820619E1,2.899061949E-2,5.857258802E-4,1.397197484E-3,9.995785356E-1,1.766774542E2,1.619856989E-1,-6.244936355E-2,1.766773621E2
2.256320619E1,2.899054773E-2,5.863901461E-4,1.398407388E-3,9.995785356E-1,1.766774624E2,1.621264881E-1,-6.252144287E-2,1.766773701E2
2.256820619E1,2.898656154E-2,5.941616837E-4,1.392536564E-3,9.995786548E-1,1.766779194E2,1.614795898E-1,-6.343176821E-2,1.766778262E2
2.257320619E1,2.899466453E-2,6.005800678E-4,1.392230042E-3,9.995784163E-1,1.766769905E2,1.614663211E-1,-6.416666042E-2,1.766768962E2
2.257820619E1,2.898653604E-2,5.931877531E-4,1.393482205E-3,9.995786548E-1,1.766779223E2,1.615846701E-1,-6.331707395E-2,1.766778292E2
2.258320619E1,2.898054374E-2,5.887775333E-4,1.391719910E-3,9.995788336E-1,1.766786093E2,1.613677837E-1,-6.281873399E-2,1.766785170E2
2.258820619E1,2.898064222E-2,5.902888370E-4,1.389026409E-3,9.995788336E-1,1.766785980E2,1.610642859E-1,-6.300077305E-2,1.766785057E2
2.259320619E1,2.898077662E-2,5.904152640E-4,1.386165619E-3,9.995788336E-1,1.766785826E2,1.607370291E-1,-6.302473359E-2,1.766784904E2
2.259820619E1,2.897880632E-2,5.907072918E-4,1.384250238E-3,9.995788932E-1,1.766788085E2,1.605184800E-1,-6.306486091E-2,1.766787164E2
2.260320619E1,2.898703899E-2,5.964525626E-4,1.381575596E-3,9.995786548E-1,1.766778647E2,1.602317219E-1,-6.373050570E-2,1.766777718E2
2.260820619E1,2.898306198E-2,5.990854697E-4,1.377618406E-3,9.995787740E-1,1.766783206E2,1.597869428E-1,-6.404586819E-2,1.766782275E2
2.261320619E1,2.897498530E-2,5.917922244E-4,1.377675682E-3,9.995790124E-1,1.766792465E2,1.597687683E-1,-6.321157637E-2,1.766791546E2
2.261820619E1,2.897094838E-2,5.853020120E-4,1.378852758E-3,9.995791316E-1,1.766797093E2,1.598817913E-1,-6.246490308E-2,1.766796184E2
2.262320619E1,2.898101909E-2,5.935966037E-4,1.379722496E-3,9.995788336E-1,1.766785548E2,1.600095921E-1,-6.341049393E-2,1.766784625E2
2.262820619E1,2.898907202E-2,5.985988537E-4,1.381114707E-3,9.995785952E-1,1.766776316E2,1.601861901E-1,-6.397755414E-2,1.766775384E2
2.263320619E1,2.899305641E-2,6.001367001E-4,1.383086783E-3,9.995784760E-1,1.766771748E2,1.604174434E-1,-6.414651347E-2,1.766770813E2
2.263820619E1,2.897865998E-2,5.967475008E-4,1.384723000E-3,9.995788932E-1,1.766788252E2,1.605926822E-1,-6.375518013E-2,1.766787321E2
2.264320619E1,2.897054658E-2,5.904256250E-4,1.385096344E-3,9.995791316E-1,1.766797553E2,1.606139399E-1,-6.303111526E-2,1.766796632E2
2.264820619E1,2.896655064E-2,5.887899897E-4,1.383334864E-3,9.995792508E-1,1.766802134E2,1.604064919E-1,-6.285025324E-2,1.766801217E2
2.265320619E1,2.896834722E-2,5.908685853E-4,1.387889730E-3,9.995791912E-1,1.766800075E2,1.609352363E-1,-6.307293383E-2,1.766799151E2
2.265820619E1,2.897023258E-2,5.954378285E-4,1.389511162E-3,9.995791316E-1,1.766797913E2,1.611362500E-1,-6.359062386E-2,1.766796981E2
2.266320619E1,2.897822587E-2,6.019475986E-4,1.391540281E-3,9.995788932E-1,1.766788750E2,1.613907996E-1,-6.432824788E-2,1.766787806E2
2.266820619E1,2.897021927E-2,6.013652310E-4,1.387234079E-3,9.995791316E-1,1.766797929E2,1.608951028E-1,-6.427713017E-2,1.766796988E2
2.267320619E1,2.896203024E-2,5.949305487E-4,1.389204408E-3,9.995793700E-1,1.766807317E2,1.610989077E-1,-6.353485865E-2,1.766806385E2
2.267820619E1,2.896622680E-2,5.929079489E-4,1.388348057E-3,9.995792508E-1,1.766802506E2,1.609943707E-1,-6.330534945E-2,1.766801578E2
2.268320619E1,2.897033975E-2,5.960366689E-4,1.387017779E-3,9.995791316E-1,1.766797791E2,1.608526438E-1,-6.366747744E-2,1.766796859E2
2.268820619E1,2.897839486E-2,5.986906472E-4,1.389424549E-3,9.995788932E-1,1.766788556E2,1.611376507E-1,-6.396218439E-2,1.766787619E2
2.269320619E1,2.897235187E-2,5.947794998E-4,1.388483564E-3,9.995790720E-1,1.766795484E2,1.610164942E-1,-6.351828676E-2,1.766794553E2
2.269820619E1,2.896606603E-2,5.885521532E-4,1.393545885E-3,9.995792508E-1,1.766802690E2,1.615752794E-1,-6.278919434E-2,1.766801767E2
2.270320619E1,2.896608754E-2,5.879399250E-4,1.393357292E-3,9.995792508E-1,1.766802665E2,1.615516463E-1,-6.271969019E-2,1.766801743E2
2.270820619E1,2.895606589E-2,5.843525287E-4,1.389363082E-3,9.995795488E-1,1.766814154E2,1.610816016E-1,-6.232365093E-2,1.766813240E2
2.271320619E1,2.896010198E-2,5.871592439E-4,1.389821991E-3,9.995794296E-1,1.766809527E2,1.611437335E-1,-6.264296823E-2,1.766808608E2
2.271820619E1,2.897045357E-2,5.834767944E-4,1.389977639E-3,9.995791316E-1,1.766797660E2,1.611499847E-1,-6.221898257E-2,1.766796747E2
2.272320619E1,2.896827972E-2,5.814730539E-4,1.393256476E-3,9.995791912E-1,1.766800152E2,1.615187674E-1,-6.197893337E-2,1.766799241E2
2.272820619E1,2.896618980E-2,5.820817896E-4,1.393690822E-3,9.995792508E-1,1.766802548E2,1.615704100E-1,-6.204755596E-2,1.766801635E2
2.273320619E1,2.896837239E-2,5.827189307E-4,1.390806865E-3,9.995791912E-1,1.766800046E2,1.612423218E-1,-6.212975711E-2,1.766799134E2
2.273820619E1,2.895811748E-2,5.826941342E-4,1.390182646E-3,9.995794892E-1,1.766811802E2,1.611701018E-1,-6.213064249E-2,1.766810891E2
2.274320619E1,2.895221664E-2,5.783173838E-4,1.386337564E-3,9.995796680E-1,1.766818567E2,1.607147834E-1,-6.164302308E-2,1.766817665E2
2.274820619E1,2.894406499E-2,5.729394034E-4,1.386880176E-3,9.995799065E-1,1.766827912E2,1.607585946E-1,-6.102652154E-2,1.766827018E2
2.275320619E1,2.894582260E-2,5.749391275E-4,1.392319100E-3,9.995798469E-1,1.766825897E2,1.613883299E-1,-6.123725303E-2,1.766824997E2
2.275820619E1,2.895003817E-2,5.776908947E-4,1.389113022E-3,9.995797276E-1,1.766821064E2,1.610304817E-1,-6.156240548E-2,1.766820162E2
2.276320619E1,2.895230750E-2,5.788832786E-4,1.384202158E-3,9.995796680E-1,1.766818463E2,1.604720693E-1,-6.171491282E-2,1.766817561E2
2.276820619E1,2.894619870E-2,5.780858337E-4,1.383167109E-3,9.995798469E-1,1.766825466E2,1.603504885E-1,-6.162798477E-2,1.766824566E2
2.277320619E1,2.894411990E-2,5.764192319E-4,1.384289819E-3,9.995799065E-1,1.766827849E2,1.604734315E-1,-6.143369609E-2,1.766826951E2
2.277820619E1,2.894210393E-2,5.743733491E-4,1.384250820E-3,9.995799661E-1,1.766830160E2,1.604620547E-1,-6.119980659E-2,1.766829266E2
2.278320619E1,2.894614468E-2,5.777112092E-4,1.384453382E-3,9.995798469E-1,1.766825528E2,1.604965769E-1,-6.158081599E-2,1.766824628E2
2.278820619E1,2.895837973E-2,5.837937351E-4,1.384245814E-3,9.995794892E-1,1.766811502E2,1.604937408E-1,-6.227625350E-2,1.766810592E2
2.279320619E1,2.896249801E-2,5.862500984E-4,1.383129274E-3,9.995793700E-1,1.766806780E2,1.603742579E-1,-6.256065817E-2,1.766805867E2
2.279820619E1,2.895045146E-2,5.800130893E-4,1.379498746E-3,9.995797276E-1,1.766820590E2,1.599369570E-1,-6.186022708E-2,1.766819690E2
2.280320619E1,2.895054096E-2,5.800096551E-4,1.377620734E-3,9.995797276E-1,1.766820488E2,1.597218368E-1,-6.186604984E-2,1.766819588E2
2.280820619E1,2.895450351E-2,5.840203376E-4,1.379143563E-3,9.995796084E-1,1.766815945E2,1.599098207E-1,-6.231976113E-2,1.766815038E2
2.281320619E1,2.896054169E-2,5.883565755E-4,1.380119240E-3,9.995794296E-1,1.766809023E2,1.600363463E-1,-6.281224457E-2,1.766808108E2
2.281820619E1,2.896058365E-2,5.915032816E-4,1.377891982E-3,9.995794296E-1,1.766808975E2,1.597916743E-1,-6.318006393E-2,1.766808057E2
2.282320619E1,2.895658340E-2,5.876257783E-4,1.377143082E-3,9.995795488E-1,1.766813561E2,1.596927724E-1,-6.273904601E-2,1.766812649E2
2.282820619E1,2.895047860E-2,5.833536852E-4,1.377519104E-3,9.995797276E-1,1.766820559E2,1.597212864E-1,-6.224943365E-2,1.766819655E2
2.283320619E1,2.895075001E-2,5.849319859E-4,1.371131046E-3,9.995797276E-1,1.766820248E2,1.589948281E-1,-6.245136731E-2,1.766819345E2
2.283820619E1,2.895887986E-2,5.902532721E-4,1.370980171E-3,9.995794892E-1,1.766810928E2,1.589957142E-1,-6.306009306E-2,1.766810016E2
2.284320619E1,2.896276863E-2,5.926867016E-4,1.374693587E-3,9.995793700E-1,1.766806470E2,1.594293846E-1,-6.332588299E-2,1.766805552E2
2.284820619E1,2.895870088E-2,5.952021456E-4,1.372620231E-3,9.995794892E-1,1.766811133E2,1.591999850E-1,-6.362153978E-2,1.766810212E2
2.285320619E1,2.895677247E-2,5.926351878E-4,1.371007296E-3,9.995795488E-1,1.766813344E2,1.590065925E-1,-6.333317100E-2,1.766812428E2
2.285820619E1,2.894238349E-2,5.863906117E-4,1.373324078E-3,9.995799661E-1,1.766829840E2,1.592503414E-1,-6.261250062E-2,1.766828932E2
2.286320619E1,2.895031725E-2,5.915396032E-4,1.377419219E-3,9.995797276E-1,1.766820744E2,1.597369939E-1,-6.318743391E-2,1.766819826E2
2.286820619E1,2.896655422E-2,5.986161996E-4,1.379035995E-3,9.995792508E-1,1.766802130E2,1.599467032E-1,-6.399004965E-2,1.766801200E2
2.287320619E1,2.897261199E-2,6.030501681E-4,1.379459049E-3,9.995790720E-1,1.766795186E2,1.600102711E-1,-6.449555737E-2,1.766794247E2
2.287820619E1,2.896454979E-2,5.988104967E-4,1.377848792E-3,9.995793104E-1,1.766804428E2,1.598112332E-1,-6.401656639E-2,1.766803498E2
2.288320619E1,2.895829048E-2,5.935942172E-4,1.381943119E-3,9.995794892E-1,1.766811604E2,1.602625005E-1,-6.340648981E-2,1.766810680E2
2.288820619E1,2.896236139E-2,5.931420601E-4,1.383051742E-3,9.995793700E-1,1.766806937E2,1.603882437E-1,-6.335036606E-2,1.766806013E2
2.289320619E1,2.896842401E-2,5.976821994E-4,1.383361989E-3,9.995791912E-1,1.766799987E2,1.604392371E-1,-6.386840622E-2,1.766799055E2
2.289820619E1,2.895997624E-2,5.977299879E-4,1.387934666E-3,9.995794296E-1,1.766809671E2,1.609626272E-1,-6.386006081E-2,1.766808736E2
2.290320619E1,2.896796776E-2,6.044544280E-4,1.389957964E-3,9.995791912E-1,1.766800510E2,1.612172172E-1,-6.462229744E-2,1.766799563E2
2.290820619E1,2.896814235E-2,5.978352856E-4,1.389181707E-3,9.995791912E-1,1.766800310E2,1.611063390E-1,-6.386666729E-2,1.766799374E2
2.291320619E1,2.896618553E-2,5.962797441E-4,1.387764933E-3,9.995792508E-1,1.766802553E2,1.609387678E-1,-6.369350851E-2,1.766801621E2
2.291820619E1,2.897017415E-2,5.961022107E-4,1.390444231E-3,9.995791316E-1,1.766797980E2,1.612453291E-1,-6.366363622E-2,1.766797047E2
2.292320619E1,2.897619745E-2,6.002823357E-4,1.391683472E-3,9.995789528E-1,1.766791075E2,1.614015408E-1,-6.413735513E-2,1.766790134E2
2.292820619E1,2.899454323E-2,6.103753112E-4,1.390495338E-3,9.995784163E-1,1.766770044E2,1.613001618E-1,-6.529442310E-2,1.766769086E2
2.293320619E1,2.898293531E-2,6.016260013E-4,1.379175461E-3,9.995787740E-1,1.766783351E2,1.599737237E-1,-6.433171792E-2,1.766782415E2
2.293820619E1,2.888782723E-2,5.324906670E-4,1.328482525E-3,9.995816350E-1,1.766892383E2,1.539321596E-1,-5.659573947E-2,1.766891588E2
2.294320619E1,2.870316135E-2,3.877829295E-4,1.299842494E-3,9.995870590E-1,1.767104082E2,1.501651510E-1,-4.014294007E-2,1.767103526E2
2.294820619E1,2.868621096E-2,3.610375279E-4,1.314956113E-3,9.995875359E-1,1.767123514E2,1.518077308E-1,-3.703227074E-2,1.767122992E2
2.295320619E1,2.882172864E-2,4.673644726E-4,1.353291445E-3,9.995835423E-1,1.766968158E2,1.565550234E-1,-4.906417378E-2,1.766967453E2
2.295820619E1,2.894484136E-2,5.592597881E-4,1.332224463E-3,9.995799661E-1,1.766827022E2,1.544527980E-1,-5.964077525E-2,1.766826183E2
2.296320619E1,2.904982559E-2,5.800893414E-4,1.272995025E-3,9.995769858E-1,1.766706668E2,1.477440674E-1,-6.220760673E-2,1.766705834E2
2.296820619E1,2.909297667E-2,4.533122119E-4,1.275060582E-3,9.995757937E-1,1.766657200E2,1.475606694E-1,-4.767291373E-2,1.766656555E2
2.297320619E1,2.905882404E-2,3.296822251E-4,1.297273557E-3,9.995768070E-1,1.766696352E2,1.496916922E-1,-3.344302837E-2,1.766695886E2
2.297820619E1,2.901171068E-2,3.449142387E-4,1.291466528E-3,9.995781779E-1,1.766750363E2,1.490755997E-1,-3.521411355E-2,1.766749875E2
2.298320619E1,2.896688730E-2,4.569021403E-4,1.294043264E-3,9.995794296E-1,1.766801748E2,1.497409164E-1,-4.803971789E-2,1.766801089E2
2.298820619E1,2.904726566E-2,5.668302183E-4,1.290460816E-3,9.995770454E-1,1.766709603E2,1.497003610E-1,-6.063110612E-2,1.766708778E2
2.299320619E1,2.910214865E-2,5.363082164E-4,1.313328859E-3,9.995754361E-1,1.766646685E2,1.522212738E-1,-5.705054325E-2,1.766645894E2
2.299820619E1,2.913375855E-2,4.398258461E-4,1.328743878E-3,9.995745420E-1,1.766610447E2,1.536666357E-1,-4.594290251E-2,1.766609799E2
2.300320619E1,2.909308807E-2,3.815023520E-4,1.341045951E-3,9.995757341E-1,1.766657072E2,1.548794342E-1,-3.922759582E-2,1.766656509E2
2.300820619E1,2.904052412E-2,4.267916374E-4,1.355934888E-3,9.995772243E-1,1.766717331E2,1.567335217E-1,-4.437376830E-2,1.766716691E2
2.301320619E1,2.902945533E-2,5.559622659E-4,1.370308339E-3,9.995774627E-1,1.766730021E2,1.588091330E-1,-5.912330151E-2,1.766729165E2
2.301820619E1,2.906588344E-2,6.450540968E-4,1.385084586E-3,9.995763302E-1,1.766688259E2,1.608005711E-1,-6.927314675E-2,1.766687248E2
2.302320619E1,2.911723707E-2,6.413059891E-4,1.383594470E-3,9.995748401E-1,1.766629388E2,1.606209402E-1,-6.884053850E-2,1.766628384E2
2.302820619E1,2.911832036E-2,5.730402772E-4,1.390735619E-3,9.995748401E-1,1.766628146E2,1.612111819E-1,-6.099718527E-2,1.766627250E2
2.303320619E1,2.909218289E-2,5.386403063E-4,1.394561026E-3,9.995756149E-1,1.766658110E2,1.615330726E-1,-5.704837327E-2,1.766657268E2
2.303820619E1,2.906937211E-2,5.709270481E-4,1.387422206E-3,9.995762706E-1,1.766684260E2,1.608216256E-1,-6.077406151E-2,1.766683370E2
2.304320619E1,2.906438984E-2,6.230531726E-4,1.383482246E-3,9.995763898E-1,1.766689972E2,1.605436489E-1,-6.675867086E-2,1.766688998E2
2.304820619E1,2.909876289E-2,6.387953181E-4,1.385861542E-3,9.995753765E-1,1.766650566E2,1.608709731E-1,-6.854836773E-2,1.766649565E2
2.305320619E1,2.912582342E-2,6.040115841E-4,1.391874859E-3,9.995746017E-1,1.766619544E2,1.614455094E-1,-6.453971428E-2,1.766618596E2
2.305820619E1,2.911858965E-2,5.580690922E-4,1.391185564E-3,9.995748401E-1,1.766627837E2,1.612127775E-1,-5.928079802E-2,1.766626966E2
2.306320619E1,2.909000756E-2,5.528272013E-4,1.391661819E-3,9.995756745E-1,1.766660604E2,1.612481591E-1,-5.868339842E-2,1.766659740E2
2.306820619E1,2.907279461E-2,5.905114813E-4,1.393384417E-3,9.995761514E-1,1.766680336E2,1.615700156E-1,-6.299690731E-2,1.766679410E2
2.307320619E1,2.908853259E-2,6.278229412E-4,1.390679856E-3,9.995756745E-1,1.766662294E2,1.613855993E-1,-6.727714417E-2,1.766661308E2
2.307820619E1,2.911113463E-2,6.249789731E-4,1.390276011E-3,9.995750189E-1,1.766636383E2,1.613313748E-1,-6.694908585E-2,1.766635402E2
2.308320619E1,2.912207012E-2,5.915975780E-4,1.390130608E-3,9.995747209E-1,1.766623847E2,1.612040443E-1,-6.312420578E-2,1.766622921E2
2.308820619E1,2.908761509E-2,5.595076946E-4,1.396180829E-3,9.995757341E-1,1.766663346E2,1.617879097E-1,-5.943392474E-2,1.766662469E2
2.309320619E1,2.906898505E-2,5.750961136E-4,1.393795246E-3,9.995762706E-1,1.766684704E2,1.615654796E-1,-6.123043161E-2,1.766683803E2
2.309820619E1,2.906049345E-2,6.033292157E-4,1.387938042E-3,9.995765090E-1,1.766694439E2,1.609880823E-1,-6.448521561E-2,1.766693494E2
2.310320619E1,2.907459390E-2,6.140600308E-4,1.388412318E-3,9.995760918E-1,1.766678274E2,1.610790720E-1,-6.571050435E-2,1.766677312E2
2.310820619E1,2.909306836E-2,5.972135696E-4,1.394957653E-3,9.995755553E-1,1.766657095E2,1.617738423E-1,-6.375606222E-2,1.766656156E2
2.311320619E1,2.909354411E-2,5.712188431E-4,1.395921805E-3,9.995755553E-1,1.766656549E2,1.617976394E-1,-6.077525814E-2,1.766655653E2
2.311820619E1,2.908735357E-2,5.670408718E-4,1.398587949E-3,9.995757341E-1,1.766663646E2,1.620887248E-1,-6.028881600E-2,1.766662755E2
2.312320619E1,2.907272552E-2,5.810205475E-4,1.398805296E-3,9.995761514E-1,1.766680416E2,1.621593150E-1,-6.189173817E-2,1.766679502E2
2.312820619E1,2.907424305E-2,6.034764810E-4,1.400348614E-3,9.995760918E-1,1.766678676E2,1.624110075E-1,-6.445852030E-2,1.766677724E2
2.313320619E1,2.910095040E-2,6.074354169E-4,1.396975480E-3,9.995753169E-1,1.766648059E2,1.620395633E-1,-6.491889777E-2,1.766647102E2
2.313820619E1,2.910547189E-2,5.876627401E-4,1.396534382E-3,9.995751977E-1,1.766642875E2,1.619233800E-1,-6.265481608E-2,1.766641952E2
2.314320619E1,2.909948475E-2,5.700091133E-4,1.400625100E-3,9.995753765E-1,1.766649739E2,1.623326968E-1,-6.062004672E-2,1.766648842E2
2.314820619E1,2.909504163E-2,5.827519926E-4,1.402608003E-3,9.995754957E-1,1.766654833E2,1.626020441E-1,-6.207376391E-2,1.766653913E2
2.315320619E1,2.909275451E-2,6.039618747E-4,1.398593071E-3,9.995755553E-1,1.766657454E2,1.622127340E-1,-6.451696375E-2,1.766656502E2
2.315820619E1,2.909887009E-2,6.122115883E-4,1.395575237E-3,9.995753765E-1,1.766650444E2,1.618949672E-1,-6.547098091E-2,1.766649480E2
2.316320619E1,2.910511843E-2,5.981467548E-4,1.399446861E-3,9.995751977E-1,1.766643280E2,1.622919316E-1,-6.384602890E-2,1.766642338E2
2.316820619E1,2.909352245E-2,5.815107143E-4,1.392118633E-3,9.995755553E-1,1.766656574E2,1.613963251E-1,-6.196680257E-2,1.766655663E2
2.317320619E1,2.908762200E-2,5.784124369E-4,1.388310804E-3,9.995757341E-1,1.766663338E2,1.609494703E-1,-6.162556199E-2,1.766662435E2
2.317820619E1,2.907909088E-2,5.851574824E-4,1.392533886E-3,9.995759726E-1,1.766673118E2,1.614551477E-1,-6.238546075E-2,1.766672201E2
2.318320619E1,2.908467550E-2,5.998541019E-4,1.397994580E-3,9.995757937E-1,1.766666716E2,1.621299676E-1,-6.404975303E-2,1.766665771E2
2.318820619E1,2.909889981E-2,6.047501229E-4,1.398206339E-3,9.995753765E-1,1.766650409E2,1.621714618E-1,-6.460754433E-2,1.766649456E2
2.319320619E1,2.910298608E-2,5.934979417E-4,1.403193688E-3,9.995752573E-1,1.766645725E2,1.627054640E-1,-6.330139063E-2,1.766644787E2
2.319820619E1,2.909294968E-2,5.829333677E-4,1.403447590E-3,9.995755553E-1,1.766657231E2,1.626986880E-1,-6.209208034E-2,1.766656311E2
2.320320619E1,2.908668975E-2,5.865030689E-4,1.404355746E-3,9.995757341E-1,1.766664407E2,1.628142214E-1,-6.249895638E-2,1.766663480E2
2.320820619E1,2.908063823E-2,5.952271167E-4,1.398724387E-3,9.995759130E-1,1.766671345E2,1.621978833E-1,-6.351798706E-2,1.766670407E2
2.321320619E1,2.908266295E-2,6.010938087E-4,1.396712614E-3,9.995758533E-1,1.766669023E2,1.619871300E-1,-6.419635162E-2,1.766668077E2
2.321820619E1,2.909506692E-2,5.930962507E-4,1.397738815E-3,9.995754957E-1,1.766654804E2,1.620788045E-1,-6.327485613E-2,1.766653870E2
2.322320619E1,2.909902545E-2,5.901785917E-4,1.401813352E-3,9.995753765E-1,1.766650265E2,1.625360357E-1,-6.292643011E-2,1.766649334E2
2.322820619E1,2.909496670E-2,5.933975917E-4,1.399695873E-3,9.995754957E-1,1.766654918E2,1.623039706E-1,-6.330286378E-2,1.766653983E2
2.323320619E1,2.909489698E-2,5.992247025E-4,1.398662105E-3,9.995754957E-1,1.766654998E2,1.622049845E-1,-6.397377624E-2,1.766654054E2
2.323820619E1,2.910708217E-2,6.065215566E-4,1.397571876E-3,9.995751381E-1,1.766641029E2,1.621052262E-1,-6.481123825E-2,1.766640074E2
2.324320619E1,2.911313993E-2,6.113929558E-4,1.397163607E-3,9.995749593E-1,1.766634085E2,1.620751076E-1,-6.536960202E-2,1.766633121E2
2.324820619E1,2.912563197E-2,6.061955937E-4,1.394928317E-3,9.995746017E-1,1.766619764E2,1.618025394E-1,-6.477971651E-2,1.766618810E2
2.325320619E1,2.912195602E-2,6.026062183E-4,1.387790311E-3,9.995747209E-1,1.766623978E2,1.609727125E-1,-6.439299538E-2,1.766623035E2
2.325820619E1,2.911972556E-2,6.095099379E-4,1.388647244E-3,9.995747805E-1,1.766626535E2,1.610937635E-1,-6.518126683E-2,1.766625580E2
2.326320619E1,2.912365128E-2,6.208143895E-4,1.387120225E-3,9.995746613E-1,1.766622034E2,1.609568397E-1,-6.648057459E-2,1.766621062E2
2.326820619E1,2.912381174E-2,6.184651866E-4,1.384798787E-3,9.995746613E-1,1.766621850E2,1.606831049E-1,-6.621921201E-2,1.766620883E2
2.327320619E1,2.912582295E-2,6.136020529E-4,1.387683558E-3,9.995746017E-1,1.766619545E2,1.609974364E-1,-6.565222312E-2,1.766618584E2
2.327820619E1,2.911751606E-2,6.102104671E-4,1.391762518E-3,9.995748401E-1,1.766629068E2,1.614527902E-1,-6.525146875E-2,1.766628110E2
2.328320619E1,2.911545788E-2,6.125949440E-4,1.390964608E-3,9.995748997E-1,1.766631427E2,1.613692169E-1,-6.552758824E-2,1.766630466E2
2.328820619E1,2.910744323E-2,6.162967184E-4,1.385725453E-3,9.995751381E-1,1.766640615E2,1.607809303E-1,-6.597036965E-2,1.766639651E2
2.329320619E1,2.910755754E-2,6.165470113E-4,1.383210765E-3,9.995751381E-1,1.766640484E2,1.604937325E-1,-6.600740849E-2,1.766639521E2
2.329820619E1,2.911377399E-2,6.178665790E-4,1.381010166E-3,9.995749593E-1,1.766633358E2,1.602464822E-1,-6.616489930E-2,1.766632394E2
2.330320619E1,2.911183578E-2,6.164174411E-4,1.379373949E-3,9.995750189E-1,1.766635580E2,1.600541017E-1,-6.600468011E-2,1.766634620E2
2.330820619E1,2.911195971E-2,6.126844673E-4,1.378421206E-3,9.995750189E-1,1.766635438E2,1.599325255E-1,-6.558025309E-2,1.766634484E2
2.331320619E1,2.911165940E-2,6.150052650E-4,1.383719966E-3,9.995750189E-1,1.766635782E2,1.605471852E-1,-6.582845509E-2,1.766634821E2
2.331820619E1,2.910744729E-2,6.179573247E-4,1.384900534E-3,9.995751381E-1,1.766640611E2,1.606919811E-1,-6.616333125E-2,1.766639644E2
2.332320619E1,2.911166833E-2,6.191038992E-4,1.381702838E-3,9.995750189E-1,1.766635772E2,1.603298115E-1,-6.630465232E-2,1.766634806E2
2.332820619E1,2.909930213E-2,6.120819598E-4,1.386594726E-3,9.995753765E-1,1.766649948E2,1.608659068E-1,-6.548600963E-2,1.766648991E2
2.333320619E1,2.909708824E-2,6.090951501E-4,1.391392783E-3,9.995754361E-1,1.766652486E2,1.614053870E-1,-6.512824941E-2,1.766651530E2
2.333820619E1,2.909286779E-2,6.131436676E-4,1.392227015E-3,9.995755553E-1,1.766657325E2,1.615141657E-1,-6.558987880E-2,1.766656362E2
2.334320619E1,2.909083256E-2,6.149915280E-4,1.391145284E-3,9.995756149E-1,1.766659658E2,1.613962877E-1,-6.580547319E-2,1.766658692E2
2.334820619E1,2.908687065E-2,6.120239268E-4,1.389641664E-3,9.995757341E-1,1.766664200E2,1.612139051E-1,-6.547120691E-2,1.766663240E2
2.335320619E1,2.908678134E-2,6.125061191E-4,1.391297672E-3,9.995757341E-1,1.766664302E2,1.614051911E-1,-6.552093325E-2,1.766663341E2
2.335820619E1,2.909114579E-2,6.124878419E-4,1.385689131E-3,9.995756149E-1,1.766659299E2,1.607629959E-1,-6.553683217E-2,1.766658341E2
2.336320619E1,2.908717649E-2,6.074181874E-4,1.385253854E-3,9.995757341E-1,1.766663849E2,1.606959783E-1,-6.495822815E-2,1.766662900E2
2.336820619E1,2.908292697E-2,6.066396018E-4,1.388794859E-3,9.995758533E-1,1.766668721E2,1.610987054E-1,-6.485792848E-2,1.766667771E2
2.337320619E1,2.908695115E-2,6.117517478E-4,1.388075645E-3,9.995757341E-1,1.766664107E2,1.610336262E-1,-6.544523762E-2,1.766663149E2
2.337820619E1,2.909091750E-2,6.153826835E-4,1.389194746E-3,9.995756149E-1,1.766659560E2,1.611741763E-1,-6.585676604E-2,1.766658596E2
2.338320619E1,2.909307526E-2,6.122818450E-4,1.388265169E-3,9.995755553E-1,1.766657087E2,1.610575033E-1,-6.550433805E-2,1.766656128E2
2.338820619E1,2.909093794E-2,6.102395710E-4,1.391034340E-3,9.995756149E-1,1.766659537E2,1.613677444E-1,-6.526152280E-2,1.766658579E2
2.339320619E1,2.908686597E-2,6.117035518E-4,1.389880781E-3,9.995757341E-1,1.766664205E2,1.612402261E-1,-6.543371394E-2,1.766663246E2
2.339820619E1,2.908479617E-2,6.160692428E-4,1.388399513E-3,9.995757937E-1,1.766666578E2,1.610849729E-1,-6.593904410E-2,1.766665613E2
2.340320619E1,2.908905006E-2,6.162797799E-4,1.385007519E-3,9.995756745E-1,1.766661701E2,1.606974255E-1,-6.597378119E-2,1.766660738E2
2.340820619E1,2.909098460E-2,6.154594594E-4,1.387754921E-3,9.995756149E-1,1.766659483E2,1.610095145E-1,-6.587034928E-2,1.766658520E2
2.341320619E1,2.909716429E-2,6.184469676E-4,1.385665499E-3,9.995754361E-1,1.766652399E2,1.607805547E-1,-6.621851879E-2,1.766651432E2
2.341820619E1,2.909312097E-2,6.208400009E-4,1.383498311E-3,9.995755553E-1,1.766657034E2,1.605400289E-1,-6.650049950E-2,1.766656064E2
2.342320619E1,2.908705664E-2,6.191413850E-4,1.382577932E-3,9.995757341E-1,1.766663987E2,1.604285400E-1,-6.630997679E-2,1.766663020E2
2.342820619E1,2.909502091E-2,6.228584098E-4,1.385699143E-3,9.995754957E-1,1.766654856E2,1.607989757E-1,-6.672405096E-2,1.766653881E2
2.343320619E1,2.909685038E-2,6.252038875E-4,1.389220357E-3,9.995754361E-1,1.766652759E2,1.612102500E-1,-6.698067360E-2,1.766651778E2
2.343820619E1,2.908456220E-2,6.188470870E-4,1.392060542E-3,9.995757937E-1,1.766666846E2,1.615135625E-1,-6.624506235E-2,1.766665874E2
2.344320619E1,2.908841992E-2,6.180095952E-4,1.397415879E-3,9.995756745E-1,1.766662424E2,1.621244440E-1,-6.613065879E-2,1.766661449E2
2.344820619E1,2.909031435E-2,6.186926039E-4,1.400310546E-3,9.995756149E-1,1.766660252E2,1.624584109E-1,-6.619893569E-2,1.766659274E2
2.345320619E1,2.909031333E-2,6.184816593E-4,1.400424866E-3,9.995756149E-1,1.766660253E2,1.624708021E-1,-6.617439254E-2,1.766659276E2
2.345820619E1,2.908008910E-2,6.142522325E-4,1.401912072E-3,9.995759130E-1,1.766671974E2,1.626263795E-1,-6.568664715E-2,1.766671003E2
2.346320619E1,2.908200414E-2,6.162286736E-4,1.403816859E-3,9.995758533E-1,1.766669779E2,1.628512731E-1,-6.590637506E-2,1.766668803E2
2.346820619E1,2.907791215E-2,6.181671051E-4,1.402847469E-3,9.995759726E-1,1.766674470E2,1.627464258E-1,-6.613230568E-2,1.766673491E2
2.347320619E1,2.908006326E-2,6.182715297E-4,1.400680630E-3,9.995759130E-1,1.766672004E2,1.624987193E-1,-6.615113738E-2,1.766671027E2
2.347820619E1,2.907210832E-2,6.135803415E-4,1.397729269E-3,9.995761514E-1,1.766681123E2,1.621445046E-1,-6.562492024E-2,1.766680156E2
2.348320619E1,2.907812640E-2,6.178028998E-4,1.398560475E-3,9.995759726E-1,1.766674224E2,1.622541799E-1,-6.610483878E-2,1.766673249E2
2.348820619E1,2.907203542E-2,6.245931145E-4,1.394363819E-3,9.995761514E-1,1.766681207E2,1.617957013E-1,-6.689758041E-2,1.766680223E2
2.349320619E1,2.906808205E-2,6.248446298E-4,1.391210943E-3,9.995762706E-1,1.766685739E2,1.614351337E-1,-6.693753206E-2,1.766684757E2
2.349820619E1,2.906809884E-2,6.229585269E-4,1.391705940E-3,9.995762706E-1,1.766685720E2,1.614855505E-1,-6.671984053E-2,1.766684741E2
2.350320619E1,2.906601003E-2,6.172076683E-4,1.395080588E-3,9.995763302E-1,1.766688114E2,1.618527981E-1,-6.605021679E-2,1.766687143E2
2.350820619E1,2.908079078E-2,6.156493328E-4,1.386660966E-3,9.995759130E-1,1.766671170E2,1.608841704E-1,-6.589738555E-2,1.766670206E2
2.351320619E1,2.908082244E-2,6.133948918E-4,1.386996126E-3,9.995759130E-1,1.766671133E2,1.609150494E-1,-6.563803312E-2,1.766670173E2
2.351820619E1,2.908897635E-2,6.111523835E-4,1.388822566E-3,9.995756745E-1,1.766661786E2,1.611173155E-1,-6.537376857E-2,1.766660828E2
2.352320619E1,2.908904545E-2,6.116884178E-4,1.387138152E-3,9.995756745E-1,1.766661707E2,1.609261688E-1,-6.544077132E-2,1.766660749E2
2.352820619E1,2.908708978E-2,6.145703956E-4,1.383919385E-3,9.995757341E-1,1.766663949E2,1.605669596E-1,-6.578192537E-2,1.766662989E2
2.353320619E1,2.908727165E-2,6.122099585E-4,1.381140319E-3,9.995757341E-1,1.766663740E2,1.602407799E-1,-6.552078802E-2,1.766662786E2
2.353820619E1,2.907687133E-2,6.105229841E-4,1.385187148E-3,9.995760322E-1,1.766675663E2,1.606980138E-1,-6.531573986E-2,1.766674709E2
2.354320619E1,2.907892228E-2,6.131565315E-4,1.383981551E-3,9.995759726E-1,1.766673312E2,1.605688311E-1,-6.562108197E-2,1.766672354E2
2.354820619E1,2.906900909E-2,6.048817886E-4,1.380623551E-3,9.995762706E-1,1.766684676E2,1.601559779E-1,-6.468604627E-2,1.766683734E2
2.355320619E1,2.907282972E-2,6.061851745E-4,1.385901123E-3,9.995761514E-1,1.766680296E2,1.607650781E-1,-6.481714512E-2,1.766679349E2
2.355820619E1,2.906863684E-2,6.048086798E-4,1.388470875E-3,9.995762706E-1,1.766685103E2,1.610545686E-1,-6.465159144E-2,1.766684156E2
2.356320619E1,2.907482533E-2,6.126287626E-4,1.384191914E-3,9.995760918E-1,1.766678008E2,1.605908992E-1,-6.556058696E-2,1.766677052E2
2.356820619E1,2.907711808E-2,6.097945734E-4,1.380319707E-3,9.995760322E-1,1.766675380E2,1.601380701E-1,-6.524848460E-2,1.766674430E2
2.357320619E1,2.907494996E-2,6.099587772E-4,1.382752322E-3,9.995760918E-1,1.766677866E2,1.604171153E-1,-6.525953525E-2,1.766676914E2
2.357820619E1,2.907685916E-2,6.108260714E-4,1.385308919E-3,9.995760322E-1,1.766675677E2,1.607129710E-1,-6.535005260E-2,1.766674722E2
2.358320619E1,2.908295009E-2,6.172393914E-4,1.383630675E-3,9.995758533E-1,1.766668694E2,1.605425130E-1,-6.608926731E-2,1.766667730E2
2.358820619E1,2.907089790E-2,6.156983436E-4,1.379225287E-3,9.995762110E-1,1.766682511E2,1.600319743E-1,-6.592936275E-2,1.766681552E2
2.359320619E1,2.906703240E-2,6.114711869E-4,1.376177534E-3,9.995763302E-1,1.766686942E2,1.596685385E-1,-6.545594209E-2,1.766685992E2
2.359820619E1,2.906098340E-2,6.129440153E-4,1.373390434E-3,9.995765090E-1,1.766693877E2,1.593538039E-1,-6.563489233E-2,1.766692926E2
2.360320619E1,2.905900994E-2,6.108166417E-4,1.372713828E-3,9.995765686E-1,1.766696139E2,1.592690891E-1,-6.539378415E-2,1.766695193E2
2.360820619E1,2.904273061E-2,6.032525562E-4,1.373358420E-3,9.995770454E-1,1.766714802E2,1.593166819E-1,-6.452781875E-2,1.766713867E2
2.361320619E1,2.904671211E-2,6.056463462E-4,1.374865067E-3,9.995769262E-1,1.766710237E2,1.594974838E-1,-6.479636129E-2,1.766709298E2
2.361820619E1,2.905476375E-2,6.137888995E-4,1.374462736E-3,9.995766878E-1,1.766701007E2,1.594790337E-1,-6.572908925E-2,1.766700055E2
2.362320619E1,2.905487137E-2,6.137459422E-4,1.372205094E-3,9.995766878E-1,1.766700884E2,1.592202999E-1,-6.573166854E-2,1.766699933E2
2.362820619E1,2.904471828E-2,6.089322269E-4,1.372198458E-3,9.995769858E-1,1.766712523E2,1.592028494E-1,-6.518192993E-2,1.766711580E2
2.363320619E1,2.904253905E-2,6.071246462E-4,1.375700929E-3,9.995770454E-1,1.766715021E2,1.595978760E-1,-6.496357440E-2,1.766714079E2
2.363820619E1,2.903650349E-2,6.093824632E-4,1.372176921E-3,9.995772243E-1,1.766721941E2,1.592013450E-1,-6.523488143E-2,1.766720997E2
2.364320619E1,2.904465790E-2,6.155405426E-4,1.370527083E-3,9.995769858E-1,1.766712592E2,1.590333967E-1,-6.594443958E-2,1.766711640E2
2.364820619E1,2.903653922E-2,6.108363159E-4,1.370773651E-3,9.995772243E-1,1.766721900E2,1.590454499E-1,-6.540607390E-2,1.766720954E2
2.365320619E1,2.903648324E-2,6.112355040E-4,1.371781225E-3,9.995772243E-1,1.766721964E2,1.591621856E-1,-6.544845444E-2,1.766721017E2
2.365820619E1,2.903224588E-2,6.084417691E-4,1.375838532E-3,9.995773435E-1,1.766726822E2,1.596173508E-1,-6.511562748E-2,1.766725877E2
2.366320619E1,2.903233383E-2,6.089483504E-4,1.373756793E-3,9.995773435E-1,1.766726721E2,1.593805925E-1,-6.518056471E-2,1.766725777E2
2.366820619E1,2.903025328E-2,6.070408854E-4,1.375198481E-3,9.995774031E-1,1.766729106E2,1.595392467E-1,-6.495761328E-2,1.766728164E2
2.367320619E1,2.903432279E-2,6.103232154E-4,1.374481129E-3,9.995772839E-1,1.766724441E2,1.594682648E-1,-6.533531894E-2,1.766723494E2
2.367820619E1,2.902411056E-2,6.085750647E-4,1.374205342E-3,9.995775819E-1,1.766736148E2,1.594301929E-1,-6.513762668E-2,1.766735204E2
2.368320619E1,2.901601956E-2,6.030269433E-4,1.374092186E-3,9.995778203E-1,1.766745423E2,1.593982554E-1,-6.450379378E-2,1.766744489E2
2.368820619E1,2.901387180E-2,6.033848040E-4,1.375926309E-3,9.995778799E-1,1.766747886E2,1.596093936E-1,-6.453902862E-2,1.766746949E2
2.369320619E1,2.902789330E-2,6.128399400E-4,1.379113295E-3,9.995774627E-1,1.766731811E2,1.600068009E-1,-6.560920963E-2,1.766730857E2
2.369820619E1,2.902582427E-2,6.138455356E-4,1.379012712E-3,9.995775223E-1,1.766734183E2,1.599984891E-1,-6.572505949E-2,1.766733228E2
2.370320619E1,2.902552023E-2,6.134979776E-4,1.385551295E-3,9.995775223E-1,1.766734532E2,1.607462648E-1,-6.566354927E-2,1.766733572E2
2.370820619E1,2.904179602E-2,6.165261148E-4,1.387158060E-3,9.995770454E-1,1.766715873E2,1.609414565E-1,-6.600243679E-2,1.766714908E2
2.371320619E1,2.903982237E-2,6.143844803E-4,1.386476797E-3,9.995771050E-1,1.766718136E2,1.608561647E-1,-6.575971217E-2,1.766717174E2
2.371820619E1,2.903992851E-2,6.139189936E-4,1.384458388E-3,9.995771050E-1,1.766718014E2,1.606234271E-1,-6.571309371E-2,1.766717055E2
2.372320619E1,2.903777293E-2,6.122180494E-4,1.387386932E-3,9.995771646E-1,1.766720485E2,1.609530704E-1,-6.550886363E-2,1.766719527E2
2.372820619E1,2.902759369E-2,6.077661528E-4,1.387638622E-3,9.995774627E-1,1.766732155E2,1.609664230E-1,-6.499973112E-2,1.766731204E2
2.373320619E1,2.902328787E-2,6.055816775E-4,1.392777776E-3,9.995775819E-1,1.766737091E2,1.615475337E-1,-6.473311532E-2,1.766736140E2
2.373820619E1,2.901109421E-2,6.045273039E-4,1.390612801E-3,9.995779395E-1,1.766751070E2,1.612952547E-1,-6.462151217E-2,1.766750122E2
2.374320619E1,2.901105425E-2,6.048612995E-4,1.391300932E-3,9.995779395E-1,1.766751116E2,1.613751834E-1,-6.465748784E-2,1.766750167E2
2.374820619E1,2.901107421E-2,6.048854557E-4,1.390874153E-3,9.995779395E-1,1.766751093E2,1.613263803E-1,-6.466167038E-2,1.766750144E2
2.375320619E1,2.901141650E-2,6.051185774E-4,1.383614261E-3,9.995779395E-1,1.766750700E2,1.604956042E-1,-6.471245360E-2,1.766749756E2
2.375820619E1,2.900552339E-2,6.002446171E-4,1.380103757E-3,9.995781183E-1,1.766757456E2,1.600769158E-1,-6.416678910E-2,1.766756522E2
2.376320619E1,2.901143387E-2,6.061214372E-4,1.382810762E-3,9.995779395E-1,1.766750680E2,1.604069040E-1,-6.482999289E-2,1.766749735E2
2.376820619E1,2.901547335E-2,6.072579417E-4,1.383729046E-3,9.995778203E-1,1.766746050E2,1.605161286E-1,-6.495647022E-2,1.766745102E2
2.377320619E1,2.902579434E-2,6.168145337E-4,1.378317713E-3,9.995775223E-1,1.766734218E2,1.599287555E-1,-6.606745449E-2,1.766733258E2
2.377820619E1,2.902571928E-2,6.144379149E-4,1.380957314E-3,9.995775223E-1,1.766734304E2,1.602231940E-1,-6.578646118E-2,1.766733346E2
2.378320619E1,2.902167070E-2,6.120406324E-4,1.380824135E-3,9.995776415E-1,1.766738945E2,1.601996996E-1,-6.551296066E-2,1.766737991E2
2.378820619E1,2.901959114E-2,6.080984604E-4,1.383122057E-3,9.995777011E-1,1.766741329E2,1.604496648E-1,-6.505410321E-2,1.766740380E2
2.379320619E1,2.901765619E-2,6.081112660E-4,1.380634261E-3,9.995777607E-1,1.766743547E2,1.601646207E-1,-6.506415321E-2,1.766742600E2
2.379820619E1,2.900502321E-2,6.053395919E-4,1.388365868E-3,9.995781183E-1,1.766758030E2,1.610401907E-1,-6.472300231E-2,1.766757082E2
2.380320619E1,2.901082465E-2,6.098479498E-4,1.393909217E-3,9.995779395E-1,1.766751379E2,1.616905097E-1,-6.522004069E-2,1.766750420E2
2.380820619E1,2.900875204E-2,6.100553437E-4,1.394210500E-3,9.995779991E-1,1.766753755E2,1.617255739E-1,-6.524312997E-2,1.766752796E2
2.381320619E1,2.900089511E-2,6.034295657E-4,1.389605924E-3,9.995782375E-1,1.766762762E2,1.611756158E-1,-6.450076561E-2,1.766761817E2
2.381820619E1,2.899650341E-2,6.033077370E-4,1.395543339E-3,9.995783567E-1,1.766767797E2,1.618550200E-1,-6.446778994E-2,1.766766848E2
2.382320619E1,2.900052885E-2,6.062763860E-4,1.395995962E-3,9.995782375E-1,1.766763182E2,1.619169909E-1,-6.480567264E-2,1.766762228E2
2.382820619E1,2.900455241E-2,6.135587464E-4,1.394579653E-3,9.995781183E-1,1.766758569E2,1.617792291E-1,-6.564387359E-2,1.766757604E2
2.383320619E1,2.899434676E-2,6.057047285E-4,1.396620995E-3,9.995784163E-1,1.766770269E2,1.619862842E-1,-6.473911778E-2,1.766769315E2
2.383820619E1,2.900244140E-2,6.043763715E-4,1.399760717E-3,9.995781779E-1,1.766760989E2,1.623420281E-1,-6.457521670E-2,1.766760036E2
2.384320619E1,2.899865019E-2,6.017502747E-4,1.394300489E-3,9.995782971E-1,1.766765336E2,1.617076221E-1,-6.429317561E-2,1.766764390E2
2.384820619E1,2.900079000E-2,6.002064911E-4,1.393190934E-3,9.995782375E-1,1.766762883E2,1.615755367E-1,-6.411968687E-2,1.766761940E2
2.385320619E1,2.900486855E-2,6.030095392E-4,1.392604550E-3,9.995781183E-1,1.766758207E2,1.615179491E-1,-6.444204685E-2,1.766757260E2
2.385820619E1,2.899848085E-2,6.053917459E-4,1.396244857E-3,9.995782971E-1,1.766765530E2,1.619424277E-1,-6.470384772E-2,1.766764577E2
2.386320619E1,2.899855225E-2,6.054369151E-4,1.394741586E-3,9.995782971E-1,1.766765448E2,1.617703924E-1,-6.471400548E-2,1.766764496E2
2.386820619E1,2.899452932E-2,6.039012806E-4,1.393608516E-3,9.995784163E-1,1.766770060E2,1.616352435E-1,-6.454252470E-2,1.766769111E2
2.387320619E1,2.899872845E-2,6.059265579E-4,1.390859950E-3,9.995782971E-1,1.766765246E2,1.613274148E-1,-6.478296135E-2,1.766764296E2
2.387820619E1,2.899469755E-2,6.076178979E-4,1.388483681E-3,9.995784163E-1,1.766769867E2,1.610605872E-1,-6.498523906E-2,1.766768915E2
2.388320619E1,2.899489238E-2,6.072886754E-4,1.384553500E-3,9.995784163E-1,1.766769644E2,1.606093290E-1,-6.496055612E-2,1.766768695E2
2.388820619E1,2.899512382E-2,6.028250791E-4,1.381654292E-3,9.995784163E-1,1.766769378E2,1.602624266E-1,-6.445887716E-2,1.766768439E2
2.389320619E1,2.898896198E-2,5.972833605E-4,1.383990981E-3,9.995785952E-1,1.766776442E2,1.605112714E-1,-6.381733590E-2,1.766775510E2
2.389820619E1,2.899113616E-2,5.965526216E-4,1.381811569E-3,9.995785356E-1,1.766773950E2,1.602593448E-1,-6.374052605E-2,1.766773021E2
2.390320619E1,2.899529533E-2,5.990896025E-4,1.379678375E-3,9.995784163E-1,1.766769182E2,1.600236965E-1,-6.403754132E-2,1.766768250E2
2.390820619E1,2.898101197E-2,5.941101699E-4,1.379651134E-3,9.995788336E-1,1.766785556E2,1.600031232E-1,-6.346955765E-2,1.766784632E2
2.391320619E1,2.898284423E-2,5.944363656E-4,1.384197734E-3,9.995787740E-1,1.766783455E2,1.605251069E-1,-6.349152735E-2,1.766782528E2
2.391820619E1,2.898263731E-2,5.954434164E-4,1.388092060E-3,9.995787740E-1,1.766783693E2,1.609745086E-1,-6.359397744E-2,1.766782761E2
2.392320619E1,2.897874557E-2,5.935069057E-4,1.384324511E-3,9.995788932E-1,1.766788154E2,1.605362812E-1,-6.338530112E-2,1.766787229E2
2.392820619E1,2.896854757E-2,5.903811543E-4,1.383909723E-3,9.995791912E-1,1.766799845E2,1.604777463E-1,-6.303028181E-2,1.766798925E2
2.393320619E1,2.897269659E-2,5.934949149E-4,1.381824375E-3,9.995790720E-1,1.766795089E2,1.602494833E-1,-6.339319990E-2,1.766794165E2
2.393820619E1,2.896450006E-2,5.931812339E-4,1.381324837E-3,9.995793104E-1,1.766804485E2,1.601907033E-1,-6.336024191E-2,1.766803562E2
2.394320619E1,2.896060774E-2,5.907258601E-4,1.377719105E-3,9.995794296E-1,1.766808947E2,1.597692937E-1,-6.309158531E-2,1.766808030E2
2.394820619E1,2.896676324E-2,5.881608231E-4,1.379144494E-3,9.995792508E-1,1.766801891E2,1.599244365E-1,-6.279206195E-2,1.766800977E2
2.395320619E1,2.896882087E-2,5.888935993E-4,1.378813293E-3,9.995791912E-1,1.766799532E2,1.598890615E-1,-6.287676689E-2,1.766798617E2
2.395820619E1,2.897107739E-2,5.906050792E-4,1.373871928E-3,9.995791316E-1,1.766796945E2,1.593288839E-1,-6.308884961E-2,1.766796031E2
2.396320619E1,2.896083720E-2,5.813515745E-4,1.376882894E-3,9.995794296E-1,1.766808684E2,1.596424128E-1,-6.202056134E-2,1.766807783E2
2.396820619E1,2.895274703E-2,5.759082851E-4,1.376226661E-3,9.995796680E-1,1.766817959E2,1.595486826E-1,-6.140053769E-2,1.766817067E2
2.397320619E1,2.895261194E-2,5.758379120E-4,1.379095134E-3,9.995796680E-1,1.766818114E2,1.598770063E-1,-6.138298141E-2,1.766817220E2
2.397820619E1,2.895046266E-2,5.794810713E-4,1.379487221E-3,9.995797276E-1,1.766820578E2,1.599338725E-1,-6.179932435E-2,1.766819678E2
2.398320619E1,2.895069559E-2,5.807197304E-4,1.374067506E-3,9.995797276E-1,1.766820311E2,1.593172023E-1,-6.195914778E-2,1.766819412E2
2.398820619E1,2.894067601E-2,5.732810241E-4,1.371457824E-3,9.995800257E-1,1.766831797E2,1.589929872E-1,-6.111734446E-2,1.766830912E2
2.399320619E1,2.893449904E-2,5.693185958E-4,1.373113133E-3,9.995802045E-1,1.766838878E2,1.591690758E-1,-6.065896805E-2,1.766837999E2
2.399820619E1,2.893659750E-2,5.752141587E-4,1.369821490E-3,9.995801449E-1,1.766836473E2,1.588117166E-1,-6.134484719E-2,1.766835586E2
2.400320619E1,2.893853658E-2,5.768723786E-4,1.371654216E-3,9.995800853E-1,1.766834250E2,1.590272622E-1,-6.152839967E-2,1.766833359E2
2.400820619E1,2.894051506E-2,5.743687507E-4,1.374395913E-3,9.995800257E-1,1.766831981E2,1.593331246E-1,-6.123221805E-2,1.766831093E2
2.401320619E1,2.893427102E-2,5.707284436E-4,1.377326204E-3,9.995802045E-1,1.766839140E2,1.596563176E-1,-6.080652389E-2,1.766838256E2
2.401820619E1,2.892411937E-2,5.643822369E-4,1.376878121E-3,9.995805025E-1,1.766850777E2,1.595833391E-1,-6.008271372E-2,1.766849904E2
2.402320619E1,2.892382686E-2,5.625866470E-4,1.383740455E-3,9.995805025E-1,1.766851113E2,1.603634073E-1,-5.985434191E-2,1.766850238E2
2.402820619E1,2.893787971E-2,5.733301514E-4,1.386912772E-3,9.995800853E-1,1.766835003E2,1.607632465E-1,-6.107216583E-2,1.766834109E2
2.403320619E1,2.894408885E-2,5.781882210E-4,1.384201343E-3,9.995799065E-1,1.766827885E2,1.604691630E-1,-6.163662063E-2,1.766826984E2
2.403820619E1,2.893581836E-2,5.751095596E-4,1.386225922E-3,9.995801449E-1,1.766837366E2,1.606903468E-1,-6.127859448E-2,1.766836469E2
2.404320619E1,2.893352685E-2,5.731687997E-4,1.391869038E-3,9.995802045E-1,1.766839993E2,1.613301548E-1,-6.103795098E-2,1.766839096E2
2.404820619E1,2.893554539E-2,5.784285022E-4,1.390536199E-3,9.995801449E-1,1.766837679E2,1.611950511E-1,-6.164450930E-2,1.766836774E2
2.405320619E1,2.893746765E-2,5.799636128E-4,1.392740058E-3,9.995800853E-1,1.766835475E2,1.614526986E-1,-6.181272803E-2,1.766834566E2
2.405820619E1,2.893741095E-2,5.820651422E-4,1.393041341E-3,9.995800853E-1,1.766835540E2,1.614941744E-1,-6.205245457E-2,1.766834628E2
2.406320619E1,2.893320476E-2,5.783754168E-4,1.396403299E-3,9.995802045E-1,1.766840362E2,1.618667702E-1,-6.161935324E-2,1.766839454E2
2.406820619E1,2.893511465E-2,5.786191323E-4,1.399391796E-3,9.995801449E-1,1.766838173E2,1.622100098E-1,-6.163705068E-2,1.766837262E2
2.407320619E1,2.893512048E-2,5.780485808E-4,1.399506931E-3,9.995801449E-1,1.766838166E2,1.622213062E-1,-6.157131501E-2,1.766837256E2
2.407820619E1,2.893920592E-2,5.798025522E-4,1.399451750E-3,9.995800257E-1,1.766833482E2,1.622210542E-1,-6.177174095E-2,1.766832570E2
2.408320619E1,2.893715846E-2,5.781860091E-4,1.399884815E-3,9.995800853E-1,1.766835829E2,1.622651717E-1,-6.158547270E-2,1.766834919E2
2.408820619E1,2.893723294E-2,5.779667408E-4,1.398435095E-3,9.995800853E-1,1.766835744E2,1.620983929E-1,-6.156515222E-2,1.766834835E2
2.409320619E1,2.893498986E-2,5.762834335E-4,1.402931288E-3,9.995801449E-1,1.766838316E2,1.626076836E-1,-6.135779562E-2,1.766837407E2
2.409820619E1,2.893270497E-2,5.773666780E-4,1.407134929E-3,9.995802045E-1,1.766840935E2,1.630926358E-1,-6.146830859E-2,1.766840022E2
2.410320619E1,2.893263764E-2,5.763507215E-4,1.408934710E-3,9.995802045E-1,1.766841012E2,1.632954167E-1,-6.134598115E-2,1.766840100E2
2.410820619E1,2.892649207E-2,5.776968901E-4,1.407708507E-3,9.995803833E-1,1.766848057E2,1.631590483E-1,-6.150524462E-2,1.766847143E2
2.411320619E1,2.892656880E-2,5.769727286E-4,1.406428171E-3,9.995803833E-1,1.766847969E2,1.630099979E-1,-6.142652821E-2,1.766847057E2
2.411820619E1,2.891808826E-2,5.727082607E-4,1.413102960E-3,9.995806217E-1,1.766857691E2,1.637598998E-1,-6.091732465E-2,1.766856782E2
2.412320619E1,2.892620101E-2,5.780927022E-4,1.413514838E-3,9.995803833E-1,1.766848391E2,1.638254214E-1,-6.153138305E-2,1.766847473E2
2.412820619E1,2.892827761E-2,5.839176592E-4,1.410770696E-3,9.995803237E-1,1.766846010E2,1.635305359E-1,-6.220735057E-2,1.766845084E2
2.413320619E1,2.892636737E-2,5.819863291E-4,1.408503857E-3,9.995803833E-1,1.766848200E2,1.632643624E-1,-6.199395590E-2,1.766847279E2
2.413820619E1,2.892022139E-2,5.789325805E-4,1.409068587E-3,9.995805621E-1,1.766855246E2,1.633185466E-1,-6.164330105E-2,1.766854329E2
2.414320619E1,2.891840167E-2,5.774028250E-4,1.404754003E-3,9.995806217E-1,1.766857332E2,1.628191557E-1,-6.148267287E-2,1.766856420E2
2.414820619E1,2.892486847E-2,5.793014425E-4,1.398053952E-3,9.995804429E-1,1.766849919E2,1.620583979E-1,-6.172130208E-2,1.766849008E2
2.415320619E1,2.892464326E-2,5.780564970E-4,1.403219067E-3,9.995804429E-1,1.766850177E2,1.626458891E-1,-6.156161780E-2,1.766849265E2
2.415820619E1,2.892050895E-2,5.806485424E-4,1.402445021E-3,9.995805621E-1,1.766854916E2,1.625655632E-1,-6.186175782E-2,1.766854001E2
2.416320619E1,2.891849273E-2,5.801275256E-4,1.401753630E-3,9.995806217E-1,1.766857228E2,1.624845172E-1,-6.180469783E-2,1.766856313E2
2.416820619E1,2.891454441E-2,5.799019709E-4,1.398284570E-3,9.995807409E-1,1.766861754E2,1.620861663E-1,-6.179099839E-2,1.766860842E2
2.417320619E1,2.891043222E-2,5.773952580E-4,1.399131725E-3,9.995808601E-1,1.766866468E2,1.621746433E-1,-6.150173077E-2,1.766865560E2
2.417820619E1,2.892062287E-2,5.842520040E-4,1.398593886E-3,9.995805621E-1,1.766854786E2,1.621363897E-1,-6.228725574E-2,1.766853866E2
2.418320619E1,2.892472156E-2,5.881823599E-4,1.397385029E-3,9.995804429E-1,1.766850087E2,1.620112065E-1,-6.274079458E-2,1.766849162E2
2.418820619E1,2.892263579E-2,5.880362587E-4,1.397982123E-3,9.995805025E-1,1.766852478E2,1.620789847E-1,-6.272241869E-2,1.766851553E2
2.419320619E1,2.892432409E-2,5.890610628E-4,1.405220246E-3,9.995804429E-1,1.766850543E2,1.629115695E-1,-6.281553826E-2,1.766849611E2
2.419820619E1,2.892636447E-2,5.896361545E-4,1.405378338E-3,9.995803833E-1,1.766848204E2,1.629317126E-1,-6.288055469E-2,1.766847271E2
2.420320619E1,2.892445573E-2,5.876099458E-4,1.403116621E-3,9.995804429E-1,1.766850392E2,1.626658105E-1,-6.265627344E-2,1.766849464E2
2.420820619E1,2.892255299E-2,5.916605005E-4,1.398165943E-3,9.995805025E-1,1.766852573E2,1.621120477E-1,-6.313695627E-2,1.766851642E2
2.421320619E1,2.893069176E-2,5.977497785E-4,1.397643820E-3,9.995802641E-1,1.766843243E2,1.620729448E-1,-6.383485449E-2,1.766842302E2
2.421820619E1,2.893476740E-2,5.967229372E-4,1.398969092E-3,9.995801449E-1,1.766838571E2,1.622216017E-1,-6.371218137E-2,1.766837630E2
2.422320619E1,2.892670834E-2,5.902501289E-4,1.398023567E-3,9.995803833E-1,1.766847809E2,1.620913264E-1,-6.297520541E-2,1.766846880E2
2.422820619E1,2.893473898E-2,5.903342390E-4,1.402263413E-3,9.995801449E-1,1.766838603E2,1.625777591E-1,-6.296947905E-2,1.766837671E2
2.423320619E1,2.893875825E-2,5.943943397E-4,1.402584021E-3,9.995800257E-1,1.766833996E2,1.626282009E-1,-6.343282013E-2,1.766833057E2
2.423820619E1,2.895708844E-2,6.016714033E-4,1.403470407E-3,9.995794892E-1,1.766812982E2,1.627550431E-1,-6.426043615E-2,1.766812030E2
2.424320619E1,2.895318278E-2,5.975295207E-4,1.400912413E-3,9.995796084E-1,1.766817459E2,1.624480469E-1,-6.379513385E-2,1.766816516E2
2.424820619E1,2.895300489E-2,5.951103522E-4,1.405610703E-3,9.995796084E-1,1.766817663E2,1.629781680E-1,-6.350247462E-2,1.766816721E2
2.425320619E1,2.895673757E-2,5.979022826E-4,1.412292710E-3,9.995794892E-1,1.766813384E2,1.637530517E-1,-6.379949036E-2,1.766812433E2
2.425820619E1,2.895474880E-2,5.997301778E-4,1.410104567E-3,9.995795488E-1,1.766815664E2,1.635083523E-1,-6.401644992E-2,1.766814712E2
2.426320619E1,2.895695266E-2,6.008119090E-4,1.406636438E-3,9.995794892E-1,1.766813138E2,1.631148310E-1,-6.415150295E-2,1.766812186E2
2.426820619E1,2.895923830E-2,5.981897702E-4,1.403051545E-3,9.995794296E-1,1.766810517E2,1.626956486E-1,-6.386267807E-2,1.766809572E2
2.427320619E1,2.896334508E-2,6.014157552E-4,1.401829766E-3,9.995793104E-1,1.766805809E2,1.625666717E-1,-6.423558001E-2,1.766804859E2
2.427820619E1,2.896753727E-2,6.013804232E-4,1.400225097E-3,9.995791912E-1,1.766801003E2,1.623830193E-1,-6.423617791E-2,1.766800055E2
2.428320619E1,2.896153288E-2,5.971522769E-4,1.398588181E-3,9.995793700E-1,1.766807887E2,1.621811017E-1,-6.375827980E-2,1.766806946E2
2.428820619E1,2.896360281E-2,5.951516796E-4,1.399175613E-3,9.995793104E-1,1.766805514E2,1.622418798E-1,-6.352683904E-2,1.766804576E2
2.429320619E1,2.896560163E-2,5.974952946E-4,1.399380737E-3,9.995792508E-1,1.766803222E2,1.622732821E-1,-6.379427932E-2,1.766802281E2
2.429820619E1,2.895954718E-2,5.935244262E-4,1.398650580E-3,9.995794296E-1,1.766810163E2,1.621760823E-1,-6.334284857E-2,1.766809228E2
2.430320619E1,2.895553695E-2,5.901291152E-4,1.397918793E-3,9.995795488E-1,1.766814760E2,1.620807399E-1,-6.295701689E-2,1.766813832E2
2.430820619E1,2.895552176E-2,5.890508182E-4,1.398688066E-3,9.995795488E-1,1.766814778E2,1.621652761E-1,-6.283095498E-2,1.766813850E2
2.431320619E1,2.896162491E-2,5.948944599E-4,1.397644519E-3,9.995793700E-1,1.766807781E2,1.620655233E-1,-6.350277875E-2,1.766806845E2
2.431820619E1,2.895360755E-2,5.941732670E-4,1.393541577E-3,9.995796084E-1,1.766816972E2,1.615926549E-1,-6.343508402E-2,1.766816040E2
2.432320619E1,2.894559624E-2,5.871134344E-4,1.391944592E-3,9.995798469E-1,1.766826156E2,1.613858030E-1,-6.263301884E-2,1.766825237E2
2.432820619E1,2.894550770E-2,5.909076426E-4,1.392180100E-3,9.995798469E-1,1.766826258E2,1.614253595E-1,-6.306685362E-2,1.766825332E2
2.433320619E1,2.894764148E-2,5.928928731E-4,1.389763784E-3,9.995797873E-1,1.766823812E2,1.611553062E-1,-6.330191968E-2,1.766822884E2
2.433820619E1,2.894536577E-2,5.936287344E-4,1.393972314E-3,9.995798469E-1,1.766826421E2,1.616396637E-1,-6.337261500E-2,1.766825489E2
2.434320619E1,2.894950106E-2,5.965660093E-4,1.392325154E-3,9.995797276E-1,1.766821680E2,1.614609989E-1,-6.371385624E-2,1.766820744E2
2.434820619E1,2.895568697E-2,6.021118606E-4,1.389677287E-3,9.995795488E-1,1.766814588E2,1.611765000E-1,-6.435688383E-2,1.766813645E2
2.435320619E1,2.895787277E-2,6.026310148E-4,1.386776567E-3,9.995794892E-1,1.766812083E2,1.608461044E-1,-6.442562289E-2,1.766811140E2
2.435820619E1,2.894165797E-2,5.969583290E-4,1.384019386E-3,9.995799661E-1,1.766830671E2,1.605104267E-1,-6.378760740E-2,1.766829740E2
2.436320619E1,2.894139012E-2,5.975441891E-4,1.389357261E-3,9.995799661E-1,1.766830978E2,1.611237728E-1,-6.383705359E-2,1.766830043E2
2.436820619E1,2.894542299E-2,5.997602129E-4,1.390154357E-3,9.995798469E-1,1.766826355E2,1.612226836E-1,-6.408759057E-2,1.766825415E2
2.437320619E1,2.893946316E-2,5.959070986E-4,1.387314755E-3,9.995800257E-1,1.766833187E2,1.608842640E-1,-6.365661979E-2,1.766832256E2
2.437820619E1,2.894569904E-2,5.955474917E-4,1.386211952E-3,9.995798469E-1,1.766826039E2,1.607571492E-1,-6.361808352E-2,1.766825108E2
2.438320619E1,2.893133919E-2,5.846360000E-4,1.389766927E-3,9.995802641E-1,1.766842501E2,1.611272577E-1,-6.235876649E-2,1.766841586E2
2.438820619E1,2.893551370E-2,5.869177403E-4,1.387635362E-3,9.995801449E-1,1.766837715E2,1.608909270E-1,-6.262652002E-2,1.766836798E2
2.439320619E1,2.893760244E-2,5.885857390E-4,1.386307529E-3,9.995800853E-1,1.766835321E2,1.607444945E-1,-6.282164540E-2,1.766834402E2
2.439820619E1,2.894795589E-2,5.906986189E-4,1.384137780E-3,9.995797873E-1,1.766823451E2,1.605036235E-1,-6.306919464E-2,1.766822530E2
2.440320619E1,2.895013320E-2,5.934466026E-4,1.380463829E-3,9.995797276E-1,1.766820955E2,1.600920500E-1,-6.339579697E-2,1.766820032E2
2.440820619E1,2.895396975E-2,5.996865802E-4,1.383619150E-3,9.995796084E-1,1.766816557E2,1.604744206E-1,-6.409946159E-2,1.766815622E2
2.441320619E1,2.894596531E-2,5.930954358E-4,1.381695853E-3,9.995798469E-1,1.766825733E2,1.602317413E-1,-6.335215394E-2,1.766824810E2
2.441820619E1,2.894404931E-2,5.896820803E-4,1.380173489E-3,9.995799065E-1,1.766827930E2,1.600459206E-1,-6.296653301E-2,1.766827013E2
2.442320619E1,2.894796085E-2,5.930421175E-4,1.383031602E-3,9.995797873E-1,1.766823446E2,1.603846926E-1,-6.334129574E-2,1.766822522E2
2.442820619E1,2.894188896E-2,5.933989887E-4,1.380715752E-3,9.995799661E-1,1.766830406E2,1.601202254E-1,-6.339082798E-2,1.766829483E2
2.443320619E1,2.893985053E-2,5.912902416E-4,1.381196198E-3,9.995800257E-1,1.766832743E2,1.601681345E-1,-6.314801798E-2,1.766831823E2
2.443820619E1,2.893988925E-2,5.906857550E-4,1.380643458E-3,9.995800257E-1,1.766832699E2,1.601028192E-1,-6.308060487E-2,1.766831780E2
2.444320619E1,2.893376327E-2,5.858567310E-4,1.381634152E-3,9.995802045E-1,1.766839722E2,1.601998982E-1,-6.252516804E-2,1.766838810E2
2.444820619E1,2.893194239E-2,5.842252867E-4,1.377326902E-3,9.995802641E-1,1.766841809E2,1.597010064E-1,-6.235286902E-2,1.766840903E2
2.445320619E1,2.893196648E-2,5.848566070E-4,1.376552624E-3,9.995802641E-1,1.766841782E2,1.596144124E-1,-6.242774588E-2,1.766840875E2
2.445820619E1,2.892985498E-2,5.868263543E-4,1.376809785E-3,9.995803237E-1,1.766844202E2,1.596502673E-1,-6.265285224E-2,1.766843292E2
2.446320619E1,2.892982527E-2,5.865233252E-4,1.377562876E-3,9.995803237E-1,1.766844236E2,1.597355226E-1,-6.261565032E-2,1.766843326E2
2.446820619E1,2.892143706E-2,5.814760807E-4,1.382825547E-3,9.995805621E-1,1.766853852E2,1.603210747E-1,-6.202141982E-2,1.766852947E2
2.447320619E1,2.891747731E-2,5.777649349E-4,1.381020527E-3,9.995806813E-1,1.766858392E2,1.601017766E-1,-6.160294860E-2,1.766857494E2
2.447820619E1,2.890922573E-2,5.747238174E-4,1.382478396E-3,9.995809197E-1,1.766867851E2,1.602581826E-1,-6.125110012E-2,1.766866958E2
2.448320619E1,2.891925839E-2,5.822465755E-4,1.384978881E-3,9.995806217E-1,1.766856350E2,1.605701441E-1,-6.210288830E-2,1.766855442E2
2.448820619E1,2.889952792E-2,5.673518754E-4,1.372766332E-3,9.995812178E-1,1.766878969E2,1.591207159E-1,-6.044040994E-2,1.766878093E2
2.449320619E1,2.870549481E-2,4.153403861E-4,1.285557402E-3,9.995869994E-1,1.767101407E2,1.486196191E-1,-4.334612791E-2,1.767100815E2
2.449820619E1,2.873052791E-2,1.307690400E-4,1.201125910E-3,9.995864630E-1,1.767072709E2,1.380126356E-1,-1.102439338E-2,1.767072552E2
2.450320619E1,2.881423675E-2,-1.752800890E-4,1.174082281E-3,9.995840788E-1,1.766976746E2,1.339053428E-1,2.395393041E-2,1.766977003E2
2.450820619E1,2.874959971E-2,-4.946644767E-4,1.244500396E-3,9.995857477E-1,1.767050845E2,1.409207326E-1,6.076086192E-2,1.767051563E2
2.451320619E1,2.859786898E-2,-5.681235343E-4,1.261963160E-3,9.995900393E-1,1.767224788E2,1.426895099E-1,6.921103617E-2,1.767225618E2
2.451820619E1,2.851174839E-2,-3.305651771E-4,1.217082958E-3,9.995926619E-1,1.767323515E2,1.383307700E-1,4.184101314E-2,1.767323994E2
2.452320619E1,2.850945623E-2,1.995737694E-5,1.217598445E-3,9.995927811E-1,1.767326142E2,1.395350238E-1,1.691809112E-3,1.767326139E2
2.452820619E1,2.856352056E-2,3.446711053E-4,1.270839013E-3,9.995911121E-1,1.767264164E2,1.466962229E-1,-3.532062003E-2,1.767263683E2
2.453320619E1,2.860567173E-2,5.064193392E-4,1.299673691E-3,9.995898008E-1,1.767215843E2,1.505308089E-1,-5.374729561E-2,1.767215105E2
2.453820619E1,2.872329354E-2,4.986968706E-4,1.275440212E-3,9.995864630E-1,1.767081003E2,1.477359030E-1,-5.292478340E-2,1.767080289E2
2.454320619E1,2.874261264E-2,3.596114111E-4,1.307048486E-3,9.995859265E-1,1.767058855E2,1.508993488E-1,-3.688639712E-2,1.767058339E2
2.454820619E1,2.868345365E-2,2.814877371E-4,1.348795136E-3,9.995875955E-1,1.767126675E2,1.554222218E-1,-2.780948715E-2,1.767126266E2
2.455320619E1,2.859484812E-2,3.453627869E-4,1.360018621E-3,9.995900989E-1,1.767228251E2,1.569146580E-1,-3.510302886E-2,1.767227738E2
2.455820619E1,2.853159666E-2,5.406953278E-4,1.354345004E-3,9.995918274E-1,1.767300761E2,1.569012263E-1,-5.750583611E-2,1.767299939E2
2.456320619E1,2.860274174E-2,7.252426003E-4,1.351138926E-3,9.995896816E-1,1.767219202E2,1.571430107E-1,-7.864406752E-2,1.767218085E2
2.456820619E1,2.870648203E-2,7.015065057E-4,1.368274796E-3,9.995867014E-1,1.767100275E2,1.590359034E-1,-7.585255456E-2,1.767099183E2
2.457320619E1,2.875141572E-2,5.331112188E-4,1.371671795E-3,9.995855093E-1,1.767048764E2,1.588735652E-1,-5.654552833E-2,1.767047944E2
2.457820619E1,2.871792125E-2,4.164948768E-4,1.375285210E-3,9.995865226E-1,1.767087161E2,1.589017771E-1,-4.318123569E-2,1.767086529E2
2.458320619E1,2.861494080E-2,4.521981173E-4,1.387699274E-3,9.995894432E-1,1.767205217E2,1.604363728E-1,-4.724650984E-2,1.767204520E2
2.458820619E1,2.859774164E-2,6.062997854E-4,1.382924616E-3,9.995898604E-1,1.767224934E2,1.603936855E-1,-6.491642967E-2,1.767223988E2
2.459320619E1,2.865453445E-2,6.932702381E-4,1.372744446E-3,9.995881915E-1,1.767159827E2,1.595168889E-1,-7.490272405E-2,1.767158746E2
2.459820619E1,2.874063192E-2,6.399744889E-4,1.378211426E-3,9.995857477E-1,1.767061126E2,1.599740092E-1,-6.876626334E-2,1.767060128E2
2.460320619E1,2.875081099E-2,5.116789835E-4,1.392353675E-3,9.995855093E-1,1.767049457E2,1.611719075E-1,-5.402254838E-2,1.767048661E2
2.460820619E1,2.869941271E-2,4.542182724E-4,1.402852009E-3,9.995869994E-1,1.767108379E2,1.621826714E-1,-4.741451482E-2,1.767107672E2
2.461320619E1,2.864845935E-2,5.301516503E-4,1.398381428E-3,9.995884299E-1,1.767166792E2,1.619174699E-1,-5.613520315E-2,1.767165962E2
2.461820619E1,2.865497259E-2,6.437542615E-4,1.387631637E-3,9.995881915E-1,1.767159325E2,1.610595632E-1,-6.918199045E-2,1.767158314E2
2.462320619E1,2.870841749E-2,6.674879696E-4,1.388086122E-3,9.995866418E-1,1.767098056E2,1.611934058E-1,-7.189044313E-2,1.767097006E2
2.462820619E1,2.875362080E-2,5.923965364E-4,1.387902652E-3,9.995853901E-1,1.767046236E2,1.609281986E-1,-6.328247899E-2,1.767045309E2
2.463320619E1,2.874690825E-2,5.109962076E-4,1.387597295E-3,9.995856285E-1,1.767053931E2,1.606246307E-1,-5.396063835E-2,1.767053139E2
2.463820619E1,2.869267531E-2,5.075709778E-4,1.394945430E-3,9.995871782E-1,1.767116103E2,1.614521287E-1,-5.355285172E-2,1.767115312E2
2.464320619E1,2.865813847E-2,5.815788754E-4,1.392630860E-3,9.995881319E-1,1.767155696E2,1.614282160E-1,-6.204322065E-2,1.767154784E2
2.464820619E1,2.868605335E-2,6.542811170E-4,1.384578296E-3,9.995872974E-1,1.767123694E2,1.607465775E-1,-7.039281104E-2,1.767122668E2
2.465320619E1,2.873432544E-2,6.419521524E-4,1.379099907E-3,9.995859265E-1,1.767068356E2,1.600818584E-1,-6.899087679E-2,1.767067354E2
2.465820619E1,2.873977524E-2,5.639143055E-4,1.386043848E-3,9.995858073E-1,1.767062108E2,1.606205973E-1,-6.002835773E-2,1.767061230E2
2.466320619E1,2.871328778E-2,5.183799658E-4,1.393953105E-3,9.995865822E-1,1.767092473E2,1.613751351E-1,-5.479089449E-2,1.767091665E2
2.466820619E1,2.866928273E-2,5.465652212E-4,1.391348429E-3,9.995878339E-1,1.767142920E2,1.611669741E-1,-5.803501775E-2,1.767142067E2
2.467320619E1,2.866579070E-2,6.136890734E-4,1.392488950E-3,9.995878935E-1,1.767146923E2,1.615179223E-1,-6.572049330E-2,1.767145959E2
2.467820619E1,2.870233863E-2,6.414185627E-4,1.397289336E-3,9.995868206E-1,1.767105025E2,1.621613948E-1,-6.887505199E-2,1.767104011E2
2.468320619E1,2.873027621E-2,5.971326027E-4,1.397075248E-3,9.995860457E-1,1.767072998E2,1.619929839E-1,-6.379852670E-2,1.767072058E2
2.468820619E1,2.872526893E-2,5.398842623E-4,1.395395142E-3,9.995862246E-1,1.767078738E2,1.616117595E-1,-5.724740512E-2,1.767077894E2
2.469320619E1,2.869647902E-2,5.286330124E-4,1.394301536E-3,9.995870590E-1,1.767111742E2,1.614478430E-1,-5.596688997E-2,1.767110917E2
2.469820619E1,2.866674520E-2,5.696209846E-4,1.391563099E-3,9.995878935E-1,1.767145829E2,1.612671594E-1,-6.067562939E-2,1.767144938E2
2.470320619E1,2.867643436E-2,6.119417376E-4,1.388033270E-3,9.995875955E-1,1.767134721E2,1.610025057E-1,-6.553326819E-2,1.767133763E2
2.470820619E1,2.870783968E-2,6.115427823E-4,1.382878982E-3,9.995867014E-1,1.767098719E2,1.604128566E-1,-6.549946817E-2,1.767097764E2
2.471320619E1,2.871510810E-2,5.628212239E-4,1.381910755E-3,9.995865226E-1,1.767090386E2,1.601420959E-1,-5.992071559E-2,1.767089512E2
2.471820619E1,2.870491349E-2,5.332491710E-4,1.389843528E-3,9.995868206E-1,1.767102073E2,1.609528602E-1,-5.650894633E-2,1.767101243E2
2.472320619E1,2.867967573E-2,5.465734284E-4,1.391263562E-3,9.995875359E-1,1.767131005E2,1.611578834E-1,-5.803456107E-2,1.767130153E2
2.472820619E1,2.866847838E-2,5.894589704E-4,1.390410587E-3,9.995878339E-1,1.767143842E2,1.612004270E-1,-6.295146539E-2,1.767142919E2
2.473320619E1,2.868478700E-2,6.101925974E-4,1.387911150E-3,9.995873570E-1,1.767125146E2,1.609833151E-1,-6.533197021E-2,1.767124190E2
2.473820619E1,2.872052222E-2,5.908055464E-4,1.387050841E-3,9.995863438E-1,1.767084180E2,1.608232963E-1,-6.310837250E-2,1.767083256E2
2.474320619E1,2.871901576E-2,5.562679726E-4,1.389567507E-3,9.995864034E-1,1.767085907E2,1.609978004E-1,-5.914425395E-2,1.767085039E2
2.474820619E1,2.869864243E-2,5.468175514E-4,1.385464217E-3,9.995869994E-1,1.767109262E2,1.604955042E-1,-5.807853841E-2,1.767108412E2
2.475320619E1,2.868571766E-2,5.706903175E-4,1.385479118E-3,9.995873570E-1,1.767124079E2,1.605749394E-1,-6.081505395E-2,1.767123190E2
2.475820619E1,2.868921134E-2,5.988676567E-4,1.387251774E-3,9.995872378E-1,1.767120074E2,1.608708419E-1,-6.403621817E-2,1.767119137E2
2.476320619E1,2.871401489E-2,6.058805156E-4,1.386411139E-3,9.995865226E-1,1.767091639E2,1.607992177E-1,-6.483827482E-2,1.767090692E2
2.476820619E1,2.872701836E-2,5.823086831E-4,1.384980395E-3,9.995861650E-1,1.767076732E2,1.605585754E-1,-6.214087706E-2,1.767075825E2
2.477320619E1,2.871285919E-2,5.575062241E-4,1.387667726E-3,9.995865822E-1,1.767092964E2,1.607839012E-1,-5.929333103E-2,1.767092096E2
2.477820619E1,2.870225884E-2,5.677582812E-4,1.388130360E-3,9.995868802E-1,1.767105116E2,1.608699867E-1,-6.046782858E-2,1.767104231E2
2.478320619E1,2.869765158E-2,5.947020254E-4,1.386261545E-3,9.995869994E-1,1.767110398E2,1.607442575E-1,-6.356096713E-2,1.767109469E2
2.478820619E1,2.871390078E-2,6.062553148E-4,1.388608827E-3,9.995865226E-1,1.767091770E2,1.610521767E-1,-6.487399282E-2,1.767090821E2
2.479320619E1,2.872659879E-2,5.916536902E-4,1.389714307E-3,9.995861650E-1,1.767077213E2,1.611315573E-1,-6.319577685E-2,1.767076287E2
2.479820619E1,2.872881389E-2,5.725750816E-4,1.394778956E-3,9.995861053E-1,1.767074674E2,1.616490111E-1,-6.099340290E-2,1.767073776E2
2.480320619E1,2.871853734E-2,5.669959937E-4,1.395108178E-3,9.995864034E-1,1.767086455E2,1.616677329E-1,-6.035492920E-2,1.767085566E2
2.480820619E1,2.870217113E-2,5.767137627E-4,1.386250835E-3,9.995868802E-1,1.767105217E2,1.606841493E-1,-6.149982355E-2,1.767104318E2
2.481320619E1,2.870609610E-2,5.916510127E-4,1.384642092E-3,9.995867610E-1,1.767100717E2,1.605492578E-1,-6.321546055E-2,1.767099795E2
2.481820619E1,2.871633086E-2,5.957240937E-4,1.385818352E-3,9.995864630E-1,1.767088984E2,1.606980434E-1,-6.367649373E-2,1.767088054E2
2.482320619E1,2.872289913E-2,5.844852421E-4,1.383459661E-3,9.995862842E-1,1.767081455E2,1.603912923E-1,-6.239585637E-2,1.767080544E2
2.482820619E1,2.872711431E-2,5.750436685E-4,1.386025338E-3,9.995861650E-1,1.767076622E2,1.606543563E-1,-6.130525669E-2,1.767075726E2
2.483320619E1,2.872505931E-2,5.803030799E-4,1.383435563E-3,9.995862246E-1,1.767078978E2,1.603748995E-1,-6.191654677E-2,1.767078075E2
2.483820619E1,2.870842039E-2,5.963163567E-4,1.377462642E-3,9.995867014E-1,1.767098053E2,1.597423876E-1,-6.377309469E-2,1.767097127E2
2.484320619E1,2.871670397E-2,6.020871224E-4,1.375297201E-3,9.995864630E-1,1.767088557E2,1.595138681E-1,-6.443990467E-2,1.767087623E2
2.484820619E1,2.872074834E-2,5.927634775E-4,1.381522394E-3,9.995863438E-1,1.767083920E2,1.601965020E-1,-6.335080125E-2,1.767082998E2
2.485320619E1,2.872480296E-2,5.866913707E-4,1.386061311E-3,9.995862246E-1,1.767079272E2,1.606966779E-1,-6.263968617E-2,1.767078356E2
2.485820619E1,2.871686746E-2,5.860980018E-4,1.378785935E-3,9.995864630E-1,1.767088369E2,1.598608739E-1,-6.259693679E-2,1.767087459E2
2.486320619E1,2.871260814E-2,5.944403238E-4,1.377495006E-3,9.995865822E-1,1.767093252E2,1.597401887E-1,-6.355743025E-2,1.767092329E2
2.486820619E1,2.870434580E-2,5.902424455E-4,1.378486049E-3,9.995868206E-1,1.767102724E2,1.598393728E-1,-6.307464792E-2,1.767101807E2
2.487320619E1,2.870418074E-2,5.841708044E-4,1.384496456E-3,9.995868206E-1,1.767102913E2,1.605078486E-1,-6.235943245E-2,1.767102003E2
2.487820619E1,2.870210390E-2,5.805050605E-4,1.386060496E-3,9.995868802E-1,1.767105294E2,1.606748135E-1,-6.193473176E-2,1.767104389E2
2.488320619E1,2.869973884E-2,5.793187884E-4,1.392529462E-3,9.995869398E-1,1.767108005E2,1.614117499E-1,-6.177795585E-2,1.767107098E2
2.488820619E1,2.869947552E-2,5.839748192E-4,1.396007254E-3,9.995869398E-1,1.767108307E2,1.618254092E-1,-6.229988215E-2,1.767107390E2
2.489320619E1,2.870549762E-2,5.964890006E-4,1.394935651E-3,9.995867610E-1,1.767101404E2,1.617442060E-1,-6.373585960E-2,1.767100466E2
2.489820619E1,2.871203315E-2,5.958605907E-4,1.388819772E-3,9.995865822E-1,1.767093911E2,1.610420148E-1,-6.368294415E-2,1.767092979E2
2.490320619E1,2.871005455E-2,5.883651320E-4,1.390018733E-3,9.995866418E-1,1.767096180E2,1.611545616E-1,-6.282075683E-2,1.767095259E2
2.490820619E1,2.870178938E-2,5.880180397E-4,1.389402431E-3,9.995868802E-1,1.767105655E2,1.610823064E-1,-6.278435899E-2,1.767104735E2
2.491320619E1,2.870372966E-2,6.000187714E-4,1.387068420E-3,9.995868206E-1,1.767103430E2,1.608545563E-1,-6.416633829E-2,1.767102492E2
2.491820619E1,2.870179115E-2,6.016137777E-4,1.383533003E-3,9.995868802E-1,1.767105653E2,1.604547157E-1,-6.436097731E-2,1.767104714E2
2.492320619E1,2.870174907E-2,5.972594372E-4,1.386289834E-3,9.995868802E-1,1.767105701E2,1.607561703E-1,-6.385315198E-2,1.767104768E2
2.492820619E1,2.869991412E-2,5.906107253E-4,1.384148141E-3,9.995869398E-1,1.767107804E2,1.604888660E-1,-6.309891907E-2,1.767106883E2
2.493320619E1,2.870245388E-2,5.864978302E-4,1.376255648E-3,9.995868802E-1,1.767104893E2,1.595714560E-1,-6.265336245E-2,1.767103984E2
2.493820619E1,2.869638126E-2,5.855396739E-4,1.373420469E-3,9.995870590E-1,1.767111854E2,1.592431701E-1,-6.255390391E-2,1.767110949E2
2.494320619E1,2.869216413E-2,5.886926665E-4,1.373417675E-3,9.995871782E-1,1.767116689E2,1.592529537E-1,-6.291574220E-2,1.767115778E2
2.494820619E1,2.869847513E-2,5.965771270E-4,1.368290395E-3,9.995869994E-1,1.767109454E2,1.586919801E-1,-6.383471852E-2,1.767108533E2
2.495320619E1,2.870467866E-2,5.987495533E-4,1.367845107E-3,9.995868206E-1,1.767102342E2,1.586485173E-1,-6.408403733E-2,1.767101419E2
2.495820619E1,2.869870206E-2,5.894144997E-4,1.366634038E-3,9.995869994E-1,1.767109194E2,1.584787108E-1,-6.301969194E-2,1.767108286E2
2.496320619E1,2.869261674E-2,5.817065830E-4,1.366923330E-3,9.995871782E-1,1.767116170E2,1.584861188E-1,-6.213680775E-2,1.767115274E2
2.496820619E1,2.868841616E-2,5.858185468E-4,1.366159762E-3,9.995872974E-1,1.767120986E2,1.584119141E-1,-6.261098602E-2,1.767120084E2
2.497320619E1,2.869067968E-2,5.930452025E-4,1.359100686E-3,9.995872378E-1,1.767118391E2,1.576272383E-1,-6.346160830E-2,1.767117482E2
2.497820619E1,2.869900985E-2,5.944063887E-4,1.357981004E-3,9.995869994E-1,1.767108841E2,1.575039906E-1,-6.361989312E-2,1.767107930E2
2.498320619E1,2.870708558E-2,5.949813640E-4,1.362524345E-3,9.995867610E-1,1.767099583E2,1.580268108E-1,-6.366953458E-2,1.767098669E2
2.498820619E1,2.870912539E-2,5.959171103E-4,1.362864743E-3,9.995867014E-1,1.767097245E2,1.580690102E-1,-6.377527657E-2,1.767096329E2
2.499320619E1,2.871125187E-2,5.965344608E-4,1.361514092E-3,9.995866418E-1,1.767094807E2,1.579164676E-1,-6.385009809E-2,1.767093891E2
2.499820619E1,2.870893829E-2,5.948056933E-4,1.367284334E-3,9.995867014E-1,1.767097459E2,1.585715814E-1,-6.363345974E-2,1.767096542E2
2.500320619E1,2.871299144E-2,5.994710955E-4,1.367287477E-3,9.995865822E-1,1.767092813E2,1.585875511E-1,-6.416720126E-2,1.767091888E2
2.500820619E1,2.871711668E-2,6.021115114E-4,1.366641722E-3,9.995864630E-1,1.767088084E2,1.585225378E-1,-6.447111619E-2,1.767087155E2
2.501320619E1,2.871742511E-2,5.981259164E-4,1.361902454E-3,9.995864630E-1,1.767087730E2,1.579665841E-1,-6.403013680E-2,1.767086811E2
2.501820619E1,2.871931327E-2,6.001801230E-4,1.364927506E-3,9.995864034E-1,1.767085565E2,1.583199689E-1,-6.425518014E-2,1.767084641E2
2.502320619E1,2.871701213E-2,5.990581703E-4,1.370175858E-3,9.995864630E-1,1.767088203E2,1.589172983E-1,-6.410976003E-2,1.767087278E2
2.502820619E1,2.870894065E-2,5.992998485E-4,1.365270815E-3,9.995867014E-1,1.767097457E2,1.583557301E-1,-6.415486319E-2,1.767096533E2
2.503320619E1,2.870885938E-2,5.989944329E-4,1.367112505E-3,9.995867014E-1,1.767097550E2,1.585656755E-1,-6.411383352E-2,1.767096626E2
2.503820619E1,2.871504176E-2,5.979618873E-4,1.368464902E-3,9.995865226E-1,1.767090462E2,1.587175837E-1,-6.399013048E-2,1.767089539E2
2.504320619E1,2.872127192E-2,6.025028415E-4,1.366340904E-3,9.995863438E-1,1.767083320E2,1.584896370E-1,-6.451627189E-2,1.767082391E2
2.504820619E1,2.871967522E-2,5.993390223E-4,1.357661909E-3,9.995864034E-1,1.767085151E2,1.574849901E-1,-6.418269162E-2,1.767084232E2
2.505320619E1,2.871758913E-2,5.955946399E-4,1.359551214E-3,9.995864630E-1,1.767087542E2,1.576889425E-1,-6.374790550E-2,1.767086629E2
2.505820619E1,2.872359425E-2,5.942182033E-4,1.364754979E-3,9.995862842E-1,1.767080658E2,1.582808569E-1,-6.357216677E-2,1.767079743E2
2.506320619E1,2.872752630E-2,6.009920617E-4,1.366337761E-3,9.995861650E-1,1.767076150E2,1.584847068E-1,-6.434223955E-2,1.767075224E2
2.506820619E1,2.873148062E-2,6.012389204E-4,1.370288548E-3,9.995860457E-1,1.767071617E2,1.589383147E-1,-6.435688092E-2,1.767070687E2
2.507320619E1,2.873126441E-2,5.995646934E-4,1.375545515E-3,9.995860457E-1,1.767071865E2,1.595349443E-1,-6.414783405E-2,1.767070935E2
2.507820619E1,2.873111692E-2,6.006827462E-4,1.378135988E-3,9.995860457E-1,1.767072034E2,1.598353405E-1,-6.426739502E-2,1.767071100E2
2.508320619E1,2.872907996E-2,5.995252868E-4,1.377872191E-3,9.995861053E-1,1.767074369E2,1.598011822E-1,-6.413600899E-2,1.767073437E2
2.508820619E1,2.872735454E-2,5.933819921E-4,1.373257837E-3,9.995861650E-1,1.767076347E2,1.592522981E-1,-6.344779675E-2,1.767075428E2
2.509320619E1,2.872932975E-2,5.947034224E-4,1.374750165E-3,9.995861053E-1,1.767074083E2,1.594277120E-1,-6.359393110E-2,1.767073161E2
2.509820619E1,2.872906687E-2,5.995424581E-4,1.378137735E-3,9.995861053E-1,1.767074384E2,1.598316544E-1,-6.413710373E-2,1.767073452E2
2.510320619E1,2.873330150E-2,5.999240093E-4,1.376151806E-3,9.995859861E-1,1.767069530E2,1.596057055E-1,-6.418667013E-2,1.767068598E2
2.510820619E1,2.872960094E-2,5.862233811E-4,1.372723491E-3,9.995861053E-1,1.767073772E2,1.591676650E-1,-6.262922099E-2,1.767072865E2
2.511320619E1,2.873184488E-2,5.864168634E-4,1.369073638E-3,9.995860457E-1,1.767071199E2,1.587503724E-1,-6.266304316E-2,1.767070295E2
2.511820619E1,2.872959034E-2,5.939996918E-4,1.369598787E-3,9.995861053E-1,1.767073784E2,1.588353500E-1,-6.353024100E-2,1.767072867E2
2.512320619E1,2.873182105E-2,5.954393419E-4,1.365675242E-3,9.995860457E-1,1.767071227E2,1.583908119E-1,-6.370770838E-2,1.767070310E2
2.512820619E1,2.872753796E-2,5.897391820E-4,1.370988088E-3,9.995861650E-1,1.767076137E2,1.589803297E-1,-6.303797697E-2,1.767075226E2
2.513320619E1,2.873156974E-2,5.913437926E-4,1.372723724E-3,9.995860457E-1,1.767071515E2,1.591846748E-1,-6.321541992E-2,1.767070600E2
2.513820619E1,2.872534814E-2,5.905550206E-4,1.373061212E-3,9.995862246E-1,1.767078647E2,1.592203421E-1,-6.312495054E-2,1.767077733E2
2.514320619E1,2.872540436E-2,5.856927019E-4,1.373967389E-3,9.995862246E-1,1.767078583E2,1.593081366E-1,-6.256500837E-2,1.767077676E2
2.514820619E1,2.871712052E-2,5.824621185E-4,1.375050982E-3,9.995864630E-1,1.767088079E2,1.594211059E-1,-6.219271808E-2,1.767087177E2
2.515320619E1,2.872289753E-2,5.869657616E-4,1.382442308E-3,9.995862842E-1,1.767081457E2,1.602829250E-1,-6.268333431E-2,1.767080543E2
2.515820619E1,2.873121753E-2,5.913637578E-4,1.380067435E-3,9.995860457E-1,1.767071919E2,1.600258994E-1,-6.319358411E-2,1.767070999E2
2.516320619E1,2.872918904E-2,5.917320377E-4,1.378966263E-3,9.995861053E-1,1.767074244E2,1.599008505E-1,-6.323971846E-2,1.767073324E2
2.516820619E1,2.872308393E-2,5.851940950E-4,1.379316906E-3,9.995862842E-1,1.767081243E2,1.599191075E-1,-6.249065765E-2,1.767080334E2
2.517320619E1,2.872095906E-2,5.841580569E-4,1.380807022E-3,9.995863438E-1,1.767083679E2,1.600862491E-1,-6.236742107E-2,1.767082770E2
2.517820619E1,2.871912565E-2,5.886697327E-4,1.373858773E-3,9.995864034E-1,1.767085781E2,1.593051004E-1,-6.290736809E-2,1.767084869E2
2.518320619E1,2.872306234E-2,5.920747062E-4,1.376827946E-3,9.995862842E-1,1.767081268E2,1.596566585E-1,-6.328698752E-2,1.767080349E2
2.518820619E1,2.873117160E-2,5.925081787E-4,1.380532631E-3,9.995860457E-1,1.767071971E2,1.600829502E-1,-6.332314655E-2,1.767071049E2
2.519320619E1,2.872921929E-2,5.878591910E-4,1.379992114E-3,9.995861053E-1,1.767074209E2,1.600056070E-1,-6.279272432E-2,1.767073296E2
2.519820619E1,2.872516701E-2,5.855987547E-4,1.378960675E-3,9.995862246E-1,1.767078855E2,1.598797656E-1,-6.253784842E-2,1.767077945E2
2.520320619E1,2.871899713E-2,5.805575056E-4,1.379983732E-3,9.995864034E-1,1.767085928E2,1.599799733E-1,-6.195802252E-2,1.767085026E2
2.520820619E1,2.871458983E-2,5.826144479E-4,1.384474454E-3,9.995865226E-1,1.767090980E2,1.605008562E-1,-6.217956180E-2,1.767090072E2
2.521320619E1,2.871668243E-2,5.882615806E-4,1.381715178E-3,9.995864630E-1,1.767088581E2,1.602035110E-1,-6.283515227E-2,1.767087666E2
2.521820619E1,2.871885024E-2,5.867571454E-4,1.380418427E-3,9.995864034E-1,1.767086096E2,1.600501604E-1,-6.266674817E-2,1.767085184E2
2.522320619E1,2.871458475E-2,5.831070011E-4,1.384372357E-3,9.995865226E-1,1.767090986E2,1.604907821E-1,-6.223631769E-2,1.767090077E2
2.522820619E1,2.872252782E-2,5.873662885E-4,1.389933168E-3,9.995862842E-1,1.767081880E2,1.611422566E-1,-6.270461580E-2,1.767080961E2
2.523320619E1,2.872652845E-2,5.905372673E-4,1.391641796E-3,9.995861650E-1,1.767077294E2,1.613486605E-1,-6.306156332E-2,1.767076369E2
2.523820619E1,2.872024666E-2,5.905541475E-4,1.392851700E-3,9.995863438E-1,1.767084495E2,1.614869076E-1,-6.306052880E-2,1.767083569E2
2.524320619E1,2.871799547E-2,5.894082715E-4,1.396972453E-3,9.995864034E-1,1.767087076E2,1.619550038E-1,-6.291607791E-2,1.767086149E2
2.524820619E1,2.871376025E-2,5.871542380E-4,1.399678527E-3,9.995865226E-1,1.767091931E2,1.622572859E-1,-6.264967342E-2,1.767091006E2
2.525320619E1,2.871992217E-2,5.922160926E-4,1.398824039E-3,9.995863438E-1,1.767084867E2,1.621764554E-1,-6.323129147E-2,1.767083935E2
2.525820619E1,2.871605378E-2,5.920723197E-4,1.393105718E-3,9.995864630E-1,1.767089302E2,1.615207356E-1,-6.323426809E-2,1.767088373E2
2.526320619E1,2.871181829E-2,5.894234055E-4,1.395990257E-3,9.995865822E-1,1.767094158E2,1.618421597E-1,-6.292204391E-2,1.767093231E2
2.526820619E1,2.871798039E-2,5.903582205E-4,1.396881416E-3,9.995864034E-1,1.767087093E2,1.619477015E-1,-6.302519109E-2,1.767086165E2
2.527320619E1,2.871381099E-2,5.854526535E-4,1.399350469E-3,9.995865226E-1,1.767091873E2,1.622141125E-1,-6.245583800E-2,1.767090951E2
2.527820619E1,2.870965810E-2,5.836985656E-4,1.400137786E-3,9.995866418E-1,1.767096634E2,1.622982646E-1,-6.225300105E-2,1.767095714E2
2.528320619E1,2.870948117E-2,5.839841906E-4,1.403642120E-3,9.995866418E-1,1.767096837E2,1.627005955E-1,-6.227421735E-2,1.767095915E2
2.528820619E1,2.871160812E-2,5.869976594E-4,1.401324756E-3,9.995865822E-1,1.767094399E2,1.624452022E-1,-6.262667116E-2,1.767093473E2
2.529320619E1,2.870359858E-2,5.802907981E-4,1.398130553E-3,9.995868206E-1,1.767103581E2,1.620567600E-1,-6.187024712E-2,1.767102668E2
2.529820619E1,2.870143864E-2,5.781242508E-4,1.400753390E-3,9.995868802E-1,1.767106057E2,1.623499317E-1,-6.161380516E-2,1.767105146E2
2.530320619E1,2.870143020E-2,5.772311706E-4,1.401294605E-3,9.995868802E-1,1.767106066E2,1.624089868E-1,-6.150972926E-2,1.767105157E2
2.530820619E1,2.870780449E-2,5.791728618E-4,1.397468499E-3,9.995867014E-1,1.767098759E2,1.619775077E-1,-6.174369010E-2,1.767097849E2
2.531320619E1,2.870362594E-2,5.763524096E-4,1.399197616E-3,9.995868206E-1,1.767103549E2,1.621660327E-1,-6.141561309E-2,1.767102642E2
2.531820619E1,2.869950446E-2,5.745550152E-4,1.399316941E-3,9.995869398E-1,1.767108274E2,1.621735359E-1,-6.121000809E-2,1.767107370E2
2.532320619E1,2.869743384E-2,5.723740323E-4,1.400098903E-3,9.995869994E-1,1.767110648E2,1.622558059E-1,-6.095795342E-2,1.767109747E2
2.532820619E1,2.867895062E-2,5.649825325E-4,1.398836263E-3,9.995875359E-1,1.767131837E2,1.620857569E-1,-6.011844895E-2,1.767130949E2
2.533320619E1,2.867683120E-2,5.644130870E-4,1.399923931E-3,9.995875955E-1,1.767134266E2,1.622083445E-1,-6.004999155E-2,1.767133379E2
2.533820619E1,2.868481100E-2,5.716114538E-4,1.403750503E-3,9.995873570E-1,1.767125118E2,1.626708001E-1,-6.086065007E-2,1.767124217E2
2.534320619E1,2.869094408E-2,5.764976959E-4,1.403743401E-3,9.995871782E-1,1.767118088E2,1.626864261E-1,-6.141936642E-2,1.767117178E2
2.534820619E1,2.868296471E-2,5.697982269E-4,1.399765140E-3,9.995874166E-1,1.767127235E2,1.622082258E-1,-6.066635529E-2,1.767126339E2
2.535320619E1,2.867268722E-2,5.619135918E-4,1.400691806E-3,9.995877147E-1,1.767139017E2,1.622878384E-1,-5.976183795E-2,1.767138133E2
2.535820619E1,2.866837849E-2,5.630407832E-4,1.403358881E-3,9.995878339E-1,1.767143956E2,1.625967832E-1,-5.988288889E-2,1.767143069E2
2.536320619E1,2.867663732E-2,5.684017087E-4,1.402279711E-3,9.995875955E-1,1.767134489E2,1.624912829E-1,-6.049915546E-2,1.767133593E2
2.536820619E1,2.867689441E-2,5.677186418E-4,1.397290034E-3,9.995875955E-1,1.767134194E2,1.619175131E-1,-6.043726942E-2,1.767133303E2
2.537320619E1,2.866865755E-2,5.612766836E-4,1.398355933E-3,9.995878339E-1,1.767143637E2,1.620179433E-1,-5.969721193E-2,1.767142755E2
2.537820619E1,2.866022817E-2,5.561555736E-4,1.402757247E-3,9.995880723E-1,1.767153300E2,1.625047666E-1,-5.909752854E-2,1.767152424E2
2.538320619E1,2.865819391E-2,5.547672044E-4,1.402394613E-3,9.995881319E-1,1.767155632E2,1.624585488E-1,-5.894002027E-2,1.767154759E2
2.538820619E1,2.866441394E-2,5.593686365E-4,1.400898327E-3,9.995879531E-1,1.767148501E2,1.623026396E-1,-5.947099247E-2,1.767147622E2
2.539320619E1,2.866414541E-2,5.586984335E-4,1.406648546E-3,9.995879531E-1,1.767148809E2,1.629590787E-1,-5.937538000E-2,1.767147927E2
2.539820619E1,2.867426523E-2,5.677302834E-4,1.408556942E-3,9.995876551E-1,1.767137208E2,1.632079558E-1,-6.040200660E-2,1.767136310E2
2.540320619E1,2.866823751E-2,5.639943411E-4,1.405853662E-3,9.995878339E-1,1.767144118E2,1.628856713E-1,-5.998394057E-2,1.767143228E2
2.540820619E1,2.866023431E-2,5.584627506E-4,1.401714864E-3,9.995880723E-1,1.767153293E2,1.623929455E-1,-5.936522522E-2,1.767152414E2
2.541320619E1,2.866418948E-2,5.603427417E-4,1.405095449E-3,9.995879531E-1,1.767148759E2,1.627865838E-1,-5.956882062E-2,1.767147875E2
2.541820619E1,2.866621851E-2,5.676067667E-4,1.403187402E-3,9.995878935E-1,1.767146433E2,1.625920118E-1,-6.040681122E-2,1.767145538E2
2.542320619E1,2.867698244E-2,5.761877983E-4,1.392006641E-3,9.995875955E-1,1.767134093E2,1.613401674E-1,-6.142471146E-2,1.767133191E2
2.542820619E1,2.866869684E-2,5.699160974E-4,1.394049381E-3,9.995878339E-1,1.767143592E2,1.615530377E-1,-6.070094989E-2,1.767142698E2
2.543320619E1,2.866662197E-2,5.684504285E-4,1.394576975E-3,9.995878935E-1,1.767145970E2,1.616085297E-1,-6.053166795E-2,1.767145079E2
2.543820619E1,2.865846522E-2,5.668450613E-4,1.391981845E-3,9.995881319E-1,1.767155321E2,1.613055050E-1,-6.035762357E-2,1.767154434E2
2.544320619E1,2.865859382E-2,5.663982010E-4,1.389513840E-3,9.995881319E-1,1.767155174E2,1.610213484E-1,-6.031452272E-2,1.767154289E2
2.544820619E1,2.866486860E-2,5.705259973E-4,1.387027092E-3,9.995879531E-1,1.767147980E2,1.607504433E-1,-6.079449633E-2,1.767147090E2
2.545320619E1,2.867288692E-2,5.767597468E-4,1.390532358E-3,9.995877147E-1,1.767138788E2,1.611729239E-1,-6.149573011E-2,1.767137886E2
2.545820619E1,2.866881741E-2,5.729973782E-4,1.390301622E-3,9.995878339E-1,1.767143453E2,1.611338829E-1,-6.106618622E-2,1.767142557E2
2.546320619E1,2.866063426E-2,5.650260136E-4,1.390864956E-3,9.995880723E-1,1.767152834E2,1.611717277E-1,-6.015258013E-2,1.767151951E2
2.546820619E1,2.866081839E-2,5.666887155E-4,1.386386924E-3,9.995880723E-1,1.767152623E2,1.606642654E-1,-6.035771115E-2,1.767151740E2
2.547320619E1,2.866902504E-2,5.724459188E-4,1.386241405E-3,9.995878339E-1,1.767143215E2,1.606670078E-1,-6.101632531E-2,1.767142323E2
2.547820619E1,2.866894919E-2,5.766585818E-4,1.386063988E-3,9.995878339E-1,1.767143302E2,1.606605216E-1,-6.149945715E-2,1.767142403E2
2.548320619E1,2.866471529E-2,5.737112951E-4,1.388880308E-3,9.995879531E-1,1.767148156E2,1.609731736E-1,-6.115329143E-2,1.767147260E2
2.548820619E1,2.865855050E-2,5.680996110E-4,1.389712677E-3,9.995881319E-1,1.767155223E2,1.610497095E-1,-6.050876366E-2,1.767154336E2
2.549320619E1,2.866046383E-2,5.690526450E-4,1.392733888E-3,9.995880723E-1,1.767153030E2,1.613990190E-1,-6.060769740E-2,1.767152139E2
2.549820619E1,2.867295362E-2,5.755120656E-4,1.389673678E-3,9.995877147E-1,1.767138712E2,1.610704711E-1,-6.135562596E-2,1.767137812E2
2.550320619E1,2.866695473E-2,5.710886908E-4,1.386636402E-3,9.995878935E-1,1.767145589E2,1.607076674E-1,-6.085989766E-2,1.767144698E2
2.550820619E1,2.866295227E-2,5.673319101E-4,1.384982839E-3,9.995880127E-1,1.767150177E2,1.605056766E-1,-6.043565439E-2,1.767149294E2
2.551320619E1,2.866312287E-2,5.672890693E-4,1.381465234E-3,9.995880127E-1,1.767149981E2,1.601026234E-1,-6.044227390E-2,1.767149100E2
2.551820619E1,2.867344593E-2,5.716821761E-4,1.381070004E-3,9.995877147E-1,1.767138147E2,1.600724119E-1,-6.094512465E-2,1.767137259E2
2.552320619E1,2.867976891E-2,5.767584662E-4,1.377084525E-3,9.995875359E-1,1.767130899E2,1.596329668E-1,-6.153867079E-2,1.767130005E2
2.552820619E1,2.867943150E-2,5.811916199E-4,1.382238115E-3,9.995875359E-1,1.767131285E2,1.602378322E-1,-6.202957991E-2,1.767130381E2
2.553320619E1,2.867141645E-2,5.747444229E-4,1.378790825E-3,9.995877743E-1,1.767140474E2,1.598212823E-1,-6.130370118E-2,1.767139582E2
2.553820619E1,2.865726918E-2,5.652898690E-4,1.374323852E-3,9.995881915E-1,1.767156692E2,1.592776967E-1,-6.023766639E-2,1.767155819E2
2.554320619E1,2.865111075E-2,5.603300524E-4,1.374699059E-3,9.995883703E-1,1.767163752E2,1.593040183E-1,-5.966929649E-2,1.767162886E2
2.554820619E1,2.866129151E-2,5.678716698E-4,1.376083703E-3,9.995880723E-1,1.767152081E2,1.594880007E-1,-6.052697612E-2,1.767151202E2
2.555320619E1,2.867567461E-2,5.786480033E-4,1.375023276E-3,9.995876551E-1,1.767135592E2,1.594028192E-1,-6.176253385E-2,1.767134697E2
2.555820619E1,2.866316769E-2,5.722006899E-4,1.378506422E-3,9.995880127E-1,1.767149930E2,1.597798439E-1,-6.101458390E-2,1.767149043E2
2.556320619E1,2.864845740E-2,5.602146266E-4,1.386651536E-3,9.995884299E-1,1.767166794E2,1.606725736E-1,-5.961725844E-2,1.767165921E2
2.556820619E1,2.864418417E-2,5.588250933E-4,1.389554469E-3,9.995885491E-1,1.767171693E2,1.610002729E-1,-5.944925321E-2,1.767170820E2
2.557320619E1,2.865031315E-2,5.634595873E-4,1.389958314E-3,9.995883703E-1,1.767164666E2,1.610621124E-1,-5.997779555E-2,1.767163786E2
2.557820619E1,2.866252150E-2,5.691972910E-4,1.393108629E-3,9.995880127E-1,1.767150671E2,1.614425435E-1,-6.062270269E-2,1.767149780E2
2.558320619E1,2.866657657E-2,5.723214126E-4,1.393926796E-3,9.995878935E-1,1.767146022E2,1.615467694E-1,-6.097721056E-2,1.767145125E2
2.558820619E1,2.865655291E-2,5.634083063E-4,1.389942947E-3,9.995881915E-1,1.767157513E2,1.610605582E-1,-5.997096667E-2,1.767156633E2
2.559320619E1,2.865254919E-2,5.599098513E-4,1.388164586E-3,9.995883107E-1,1.767162103E2,1.608451287E-1,-5.957672243E-2,1.767161230E2
2.559820619E1,2.865664376E-2,5.605497281E-4,1.389225479E-3,9.995881915E-1,1.767157409E2,1.609689938E-1,-5.964587401E-2,1.767156534E2
2.560320619E1,2.866678639E-2,5.678273155E-4,1.391447498E-3,9.995878935E-1,1.767145782E2,1.612480279E-1,-6.047054782E-2,1.767144894E2
2.560820619E1,2.867094787E-2,5.689163227E-4,1.390898600E-3,9.995877743E-1,1.767141011E2,1.611889845E-1,-6.059641955E-2,1.767140122E2
2.561320619E1,2.865461149E-2,5.558501580E-4,1.390145975E-3,9.995882511E-1,1.767159739E2,1.610588778E-1,-5.910486922E-2,1.767158871E2
2.561820619E1,2.850769423E-2,4.471208376E-4,1.319459756E-3,9.995926023E-1,1.767328162E2,1.525982120E-1,-4.690507211E-2,1.767327506E2
2.562320619E1,2.850868634E-2,1.122504473E-4,1.230545342E-3,9.995927811E-1,1.767327025E2,1.413195381E-1,-8.837702777E-3,1.767326891E2
2.562820619E1,2.853666149E-2,-2.408361033E-4,1.192508731E-3,9.995920062E-1,1.767294955E2,1.358082807E-1,3.148610214E-2,1.767295304E2
2.563320619E1,2.849057634E-2,-5.140101421E-4,1.303490833E-3,9.995930791E-1,1.767347786E2,1.476303886E-1,6.313287840E-2,1.767348567E2
2.563820619E1,2.836738432E-2,-4.922953667E-4,1.346866717E-3,9.995965362E-1,1.767489011E2,1.526772668E-1,6.076835393E-2,1.767489787E2
2.564320619E1,2.818270665E-2,-1.989617740E-4,1.317505958E-3,9.996019006E-1,1.767700720E2,1.502726005E-1,2.704515035E-2,1.767701046E2
2.564820619E1,2.815081556E-2,3.204084642E-4,1.296863658E-3,9.996027946E-1,1.767737279E2,1.495843822E-1,-3.251804111E-2,1.767736826E2
2.565320619E1,2.822850339E-2,7.654958754E-4,1.350311562E-3,9.996002913E-1,1.767648220E2,1.571490080E-1,-8.331641504E-2,1.767647039E2
2.565820619E1,2.841303163E-2,8.191672387E-4,1.375385444E-3,9.995949864E-1,1.767436682E2,1.602112540E-1,-8.935356007E-2,1.767435391E2
2.566320619E1,2.855650056E-2,5.406010896E-4,1.357410569E-3,9.995911121E-1,1.767272212E2,1.572534956E-1,-5.748110075E-2,1.767271388E2
2.566820619E1,2.851687737E-2,2.592936798E-4,1.394918072E-3,9.995923042E-1,1.767317635E2,1.606282122E-1,-2.514244990E-2,1.767317250E2
2.567320619E1,2.840257935E-2,1.939671638E-4,1.430559438E-3,9.995955229E-1,1.767448664E2,1.644952681E-1,-1.756197380E-2,1.767448378E2
2.567820619E1,2.826214301E-2,3.581700148E-4,1.431424986E-3,9.995994568E-1,1.767609657E2,1.651237523E-1,-3.639100595E-2,1.767609097E2
2.568320619E1,2.822923242E-2,6.664864486E-4,1.387069467E-3,9.996002913E-1,1.767647385E2,1.610392307E-1,-7.185627645E-2,1.767646336E2
2.568820619E1,2.838969139E-2,8.350959397E-4,1.371259452E-3,9.995956421E-1,1.767463438E2,1.597883792E-1,-9.119528186E-2,1.767462125E2
2.569320619E1,2.849911551E-2,6.649395218E-4,1.409890596E-3,9.995926023E-1,1.767337997E2,1.636676235E-1,-7.156107120E-2,1.767336935E2
2.569820619E1,2.853679002E-2,4.204407451E-4,1.418075059E-3,9.995916486E-1,1.767294807E2,1.638082182E-1,-4.352207853E-2,1.767294150E2
2.570320619E1,2.842535202E-2,3.041158197E-4,1.417139661E-3,9.995948672E-1,1.767422558E2,1.633172947E-1,-3.021893212E-2,1.767422093E2
2.570820619E1,2.829790071E-2,4.092606250E-4,1.418822561E-3,9.995984435E-1,1.767568665E2,1.638471798E-1,-4.227816807E-2,1.767568025E2
2.571320619E1,2.829778340E-2,6.474306574E-4,1.416455838E-3,9.995983243E-1,1.767568800E2,1.643484468E-1,-6.956718203E-2,1.767567762E2
2.571820619E1,2.838414821E-2,7.446723175E-4,1.407275791E-3,9.995958209E-1,1.767469793E2,1.636192421E-1,-8.072141622E-2,1.767468599E2
2.572320619E1,2.849606462E-2,6.371992640E-4,1.399813453E-3,9.995927215E-1,1.767341494E2,1.624225249E-1,-6.841697210E-2,1.767340486E2
2.572820619E1,2.849889892E-2,4.463208315E-4,1.415894716E-3,9.995927215E-1,1.767338245E2,1.636413433E-1,-4.649984046E-2,1.767337545E2
2.573320619E1,2.840065497E-2,3.787869937E-4,1.431766315E-3,9.995955229E-1,1.767450870E2,1.652349921E-1,-3.872859029E-2,1.767450276E2
2.573820619E1,2.831133218E-2,4.884204827E-4,1.419782173E-3,9.995980263E-1,1.767553268E2,1.642144974E-1,-5.134025975E-2,1.767552495E2
2.574320619E1,2.831743890E-2,6.460147561E-4,1.402793801E-3,9.995977879E-1,1.767546267E2,1.627802911E-1,-6.944609918E-2,1.767545242E2
2.574820619E1,2.840467063E-2,6.912465906E-4,1.401479938E-3,9.995952845E-1,1.767446267E2,1.627830947E-1,-7.461726086E-2,1.767445167E2
2.575320619E1,2.846329073E-2,5.747040850E-4,1.412594458E-3,9.995936751E-1,1.767379066E2,1.636804301E-1,-6.122209695E-2,1.767378153E2
2.575820619E1,2.844239415E-2,4.461253120E-4,1.415995881E-3,9.995943308E-1,1.767403021E2,1.636496652E-1,-4.648636511E-2,1.767402321E2
2.576320619E1,2.836507558E-2,4.343302862E-4,1.413768856E-3,9.995965362E-1,1.767491657E2,1.633526322E-1,-4.515519688E-2,1.767490978E2
2.576820619E1,2.831695279E-2,5.440317909E-4,1.413351973E-3,9.995978475E-1,1.767546824E2,1.636586996E-1,-5.773022720E-2,1.767545963E2
2.577320619E1,2.835321063E-2,6.466812338E-4,1.401964226E-3,9.995967746E-1,1.767505259E2,1.626899175E-1,-6.951931123E-2,1.767504233E2
2.577820619E1,2.841460798E-2,6.343270652E-4,1.396999694E-3,9.995950460E-1,1.767434875E2,1.620852929E-1,-6.811037317E-2,1.767433873E2
2.578320619E1,2.844380977E-2,5.279571633E-4,1.401415328E-3,9.995942712E-1,1.767401398E2,1.622463396E-1,-5.590709509E-2,1.767400570E2
2.578820619E1,2.840682780E-2,4.495802859E-4,1.413553138E-3,9.995953441E-1,1.767443794E2,1.633794533E-1,-4.689589030E-2,1.767443089E2
2.579320619E1,2.835363186E-2,4.842265043E-4,1.416395651E-3,9.995968342E-1,1.767504776E2,1.638151310E-1,-5.086391323E-2,1.767504013E2
2.579820619E1,2.833965788E-2,5.830112495E-4,1.406418742E-3,9.995971918E-1,1.767520796E2,1.629924347E-1,-6.221394478E-2,1.767519873E2
2.580320619E1,2.837882331E-2,6.307439180E-4,1.400977140E-3,9.995960593E-1,1.767475897E2,1.625267999E-1,-6.769280798E-2,1.767474899E2
2.580820619E1,2.843217780E-2,5.846886197E-4,1.402361668E-3,9.995945692E-1,1.767414733E2,1.625389387E-1,-6.240421167E-2,1.767413810E2
2.581320619E1,2.843552623E-2,5.045417347E-4,1.408069627E-3,9.995945096E-1,1.767410894E2,1.629317914E-1,-5.320463325E-2,1.767410101E2
2.581820619E1,2.840009654E-2,4.777621652E-4,1.413115999E-3,9.995955229E-1,1.767451510E2,1.634207867E-1,-5.012651291E-2,1.767450759E2
2.582320619E1,2.836144063E-2,5.243092892E-4,1.414044527E-3,9.995965958E-1,1.767495824E2,1.636764952E-1,-5.546157159E-2,1.767494995E2
2.582820619E1,2.837292782E-2,5.938998074E-4,1.408883836E-3,9.995962381E-1,1.767482656E2,1.633122760E-1,-6.344773818E-2,1.767481714E2
2.583320619E1,2.841475562E-2,6.034939433E-4,1.407616190E-3,9.995950460E-1,1.767434705E2,1.632009698E-1,-6.454399415E-2,1.767433748E2
2.583820619E1,2.842853127E-2,5.467031733E-4,1.406633179E-3,9.995946884E-1,1.767418913E2,1.629042389E-1,-5.803984078E-2,1.767418051E2
2.584320619E1,2.841857098E-2,4.937224439E-4,1.415679464E-3,9.995949864E-1,1.767430331E2,1.637673250E-1,-5.194331716E-2,1.767429553E2
2.584820619E1,2.838916569E-2,4.979103687E-4,1.414987142E-3,9.995958209E-1,1.767464041E2,1.637001195E-1,-5.243009394E-2,1.767463255E2
2.585320619E1,2.837166204E-2,5.448792363E-4,1.411893172E-3,9.995962977E-1,1.767484107E2,1.634975153E-1,-5.782308369E-2,1.767483245E2
2.585820619E1,2.838793601E-2,5.777304177E-4,1.409307704E-3,9.995958209E-1,1.767465451E2,1.633091770E-1,-6.159178013E-2,1.767464535E2
2.586320619E1,2.842376309E-2,5.640013260E-4,1.411440317E-3,9.995948076E-1,1.767424379E2,1.635109444E-1,-6.000637953E-2,1.767423485E2
2.586820619E1,2.843300205E-2,5.195294507E-4,1.411274890E-3,9.995945692E-1,1.767413788E2,1.633476414E-1,-5.491137084E-2,1.767412968E2
2.587320619E1,2.840607948E-2,4.952577292E-4,1.413325430E-3,9.995953441E-1,1.767444651E2,1.635020298E-1,-5.212888605E-2,1.767443871E2
2.587820619E1,2.838067722E-2,5.129404017E-4,1.411467325E-3,9.995960593E-1,1.767473772E2,1.633453789E-1,-5.416455096E-2,1.767472963E2
2.588320619E1,2.838002190E-2,5.545078893E-4,1.408923417E-3,9.995960593E-1,1.767474523E2,1.631891426E-1,-5.893429147E-2,1.767473647E2
2.588820619E1,2.840291881E-2,5.715767038E-4,1.405867166E-3,9.995954037E-1,1.767448275E2,1.628959717E-1,-6.089565215E-2,1.767447372E2
2.589320619E1,2.842240537E-2,5.440003588E-4,1.404402079E-3,9.995948672E-1,1.767425936E2,1.626395173E-1,-5.773851162E-2,1.767425079E2
2.589820619E1,2.841251571E-2,5.051458138E-4,1.406905125E-3,9.995951653E-1,1.767437273E2,1.627991450E-1,-5.328136978E-2,1.767436480E2
2.590320619E1,2.839359854E-2,5.004425184E-4,1.409352059E-3,9.995957017E-1,1.767458959E2,1.630631179E-1,-5.273774885E-2,1.767458172E2
2.590820619E1,2.837019082E-2,5.302245845E-4,1.404818962E-3,9.995963573E-1,1.767485793E2,1.626394649E-1,-5.616770121E-2,1.767484960E2
2.591320619E1,2.838429292E-2,5.590243964E-4,1.405672985E-3,9.995959401E-1,1.767469627E2,1.628317634E-1,-5.946151144E-2,1.767468745E2
2.591820619E1,2.840728616E-2,5.557608674E-4,1.408724347E-3,9.995952845E-1,1.767443268E2,1.631720264E-1,-5.907401110E-2,1.767442390E2
2.592320619E1,2.841423852E-2,5.279395846E-4,1.406091615E-3,9.995951056E-1,1.767435298E2,1.627802757E-1,-5.589465473E-2,1.767434467E2
2.592820619E1,2.840637981E-2,5.050217151E-4,1.403801842E-3,9.995953441E-1,1.767444307E2,1.624429470E-1,-5.327825603E-2,1.767443516E2
2.593320619E1,2.838535337E-2,5.086002639E-4,1.403406379E-3,9.995959401E-1,1.767468411E2,1.624081686E-1,-5.369286522E-2,1.767467614E2
2.593820619E1,2.839526090E-2,5.415263586E-4,1.402933500E-3,9.995956421E-1,1.767457054E2,1.624616795E-1,-5.746432186E-2,1.767456202E2
2.594320619E1,2.841204696E-2,5.564389867E-4,1.396984910E-3,9.995951653E-1,1.767437810E2,1.618298166E-1,-5.918913137E-2,1.767436938E2
2.594820619E1,2.842098206E-2,5.398422945E-4,1.392334932E-3,9.995949268E-1,1.767427567E2,1.612436556E-1,-5.730175846E-2,1.767426725E2
2.595320619E1,2.842356384E-2,5.138565903E-4,1.392256701E-3,9.995948672E-1,1.767424608E2,1.611501982E-1,-5.432506026E-2,1.767423808E2
2.595820619E1,2.841088609E-2,5.101048737E-4,1.395631349E-3,9.995952249E-1,1.767439141E2,1.615238445E-1,-5.388637604E-2,1.767438346E2
2.596320619E1,2.840424186E-2,5.326793762E-4,1.394365914E-3,9.995954037E-1,1.767446758E2,1.614520195E-1,-5.647736995E-2,1.767445926E2
2.596820619E1,2.840400704E-2,5.508924369E-4,1.392070670E-3,9.995954037E-1,1.767447027E2,1.612483819E-1,-5.857109782E-2,1.767446167E2
2.597320619E1,2.841255024E-2,5.462326808E-4,1.390763093E-3,9.995951653E-1,1.767437234E2,1.610839328E-1,-5.804022440E-2,1.767436381E2
2.597820619E1,2.841914397E-2,5.262215855E-4,1.392276376E-3,9.995949864E-1,1.767429675E2,1.611924823E-1,-5.574205921E-2,1.767428854E2
2.598320619E1,2.841913363E-2,5.195291596E-4,1.394998166E-3,9.995949864E-1,1.767429686E2,1.614824542E-1,-5.496661183E-2,1.767428876E2
2.598820619E1,2.841265920E-2,5.233795382E-4,1.397309825E-3,9.995951653E-1,1.767437109E2,1.617594254E-1,-5.540117349E-2,1.767436290E2
2.599320619E1,2.840624437E-2,5.373135791E-4,1.394523308E-3,9.995953441E-1,1.767444462E2,1.614852473E-1,-5.700735992E-2,1.767443623E2
2.599820619E1,2.842479780E-2,5.484020803E-4,1.396672684E-3,9.995948076E-1,1.767423193E2,1.617686273E-1,-5.826749542E-2,1.767422334E2
2.600320619E1,2.843529893E-2,5.417815992E-4,1.398793072E-3,9.995945096E-1,1.767411155E2,1.619905460E-1,-5.750054283E-2,1.767410305E2
2.600820619E1,2.843551122E-2,5.292040878E-4,1.399292261E-3,9.995945096E-1,1.767410912E2,1.620067514E-1,-5.605818929E-2,1.767410083E2
2.601320619E1,2.842674891E-2,5.259467289E-4,1.408210490E-3,9.995947480E-1,1.767420956E2,1.630171905E-1,-5.565744317E-2,1.767420128E2
2.601820619E1,2.842875879E-2,5.356532056E-4,1.406286145E-3,9.995946884E-1,1.767418652E2,1.628285007E-1,-5.677521420E-2,1.767417809E2
2.602320619E1,2.843100989E-2,5.426341086E-4,1.400456182E-3,9.995946288E-1,1.767416072E2,1.621835784E-1,-5.759347021E-2,1.767415220E2
2.602820619E1,2.843287169E-2,5.413237959E-4,1.405698829E-3,9.995945692E-1,1.767413937E2,1.627799372E-1,-5.742599632E-2,1.767413085E2
2.603320619E1,2.844525743E-2,5.427071010E-4,1.408892334E-3,9.995942116E-1,1.767399739E2,1.631509592E-1,-5.757202036E-2,1.767398882E2
2.603820619E1,2.844331572E-2,5.423437688E-4,1.405941788E-3,9.995942712E-1,1.767401965E2,1.628116917E-1,-5.754033652E-2,1.767401110E2
2.604320619E1,2.843944145E-2,5.423286348E-4,1.399552100E-3,9.995943904E-1,1.767406406E2,1.620795103E-1,-5.756005808E-2,1.767405555E2
2.604820619E1,2.843532736E-2,5.428200238E-4,1.397812041E-3,9.995945096E-1,1.767411122E2,1.618815589E-1,-5.762268142E-2,1.767410272E2
2.605320619E1,2.843310080E-2,5.452399491E-4,1.399537665E-3,9.995945692E-1,1.767413675E2,1.620869780E-1,-5.789461008E-2,1.767412819E2
2.605820619E1,2.844140788E-2,5.462210975E-4,1.400648966E-3,9.995943308E-1,1.767404152E2,1.622179514E-1,-5.800202681E-2,1.767403294E2
2.606320619E1,2.844366192E-2,5.372210871E-4,1.400895417E-3,9.995942712E-1,1.767401568E2,1.622169751E-1,-5.696995072E-2,1.767400725E2
2.606820619E1,2.843733991E-2,5.321628414E-4,1.403579954E-3,9.995944500E-1,1.767408815E2,1.625076316E-1,-5.638283108E-2,1.767407979E2
2.607320619E1,2.842904001E-2,5.293180002E-4,1.402996015E-3,9.995946884E-1,1.767418330E2,1.624310075E-1,-5.606022006E-2,1.767417499E2
2.607820619E1,2.843539911E-2,5.359183997E-4,1.399015193E-3,9.995945096E-1,1.767411040E2,1.619968882E-1,-5.682820193E-2,1.767410200E2
2.608320619E1,2.844161461E-2,5.395968328E-4,1.399017870E-3,9.995943308E-1,1.767403915E2,1.620095378E-1,-5.724853239E-2,1.767403069E2
2.608820619E1,2.844583534E-2,5.432403996E-4,1.396968495E-3,9.995942116E-1,1.767399076E2,1.617869108E-1,-5.767188140E-2,1.767398225E2
2.609320619E1,2.844790383E-2,5.413188483E-4,1.398242312E-3,9.995941520E-1,1.767396705E2,1.619266753E-1,-5.744728975E-2,1.767395856E2
2.609820619E1,2.844972837E-2,5.399446818E-4,1.404249342E-3,9.995940924E-1,1.767394613E2,1.626103772E-1,-5.727000615E-2,1.767393764E2
2.610320619E1,2.844542663E-2,5.381628289E-4,1.407218399E-3,9.995942116E-1,1.767399545E2,1.629444137E-1,-5.705692524E-2,1.767398696E2
2.610820619E1,2.845355113E-2,5.461669643E-4,1.409238321E-3,9.995939732E-1,1.767390231E2,1.632023499E-1,-5.796584879E-2,1.767389368E2
2.611320619E1,2.845582491E-2,5.481442204E-4,1.404831070E-3,9.995939136E-1,1.767387624E2,1.627040998E-1,-5.820633400E-2,1.767386761E2
2.611820619E1,2.846428398E-2,5.458240048E-4,1.404008712E-3,9.995936751E-1,1.767377927E2,1.626028265E-1,-5.794187038E-2,1.767377068E2
2.612320619E1,2.846426953E-2,5.421739188E-4,1.405714895E-3,9.995936751E-1,1.767377944E2,1.627863542E-1,-5.751820823E-2,1.767377089E2
2.612820619E1,2.847032790E-2,5.424289848E-4,1.410074299E-3,9.995934963E-1,1.767370998E2,1.632868842E-1,-5.753221537E-2,1.767370141E2
2.613320619E1,2.847865890E-2,5.530121271E-4,1.406740164E-3,9.995932579E-1,1.767361448E2,1.629399943E-1,-5.875398120E-2,1.767360575E2
2.613820619E1,2.848093580E-2,5.468772142E-4,1.405394985E-3,9.995931983E-1,1.767358838E2,1.627660203E-1,-5.805527701E-2,1.767357976E2
2.614320619E1,2.847874515E-2,5.381244118E-4,1.410762081E-3,9.995932579E-1,1.767361349E2,1.633521020E-1,-5.703552861E-2,1.767360499E2
2.614820619E1,2.848278421E-2,5.325055681E-4,1.415809267E-3,9.995931387E-1,1.767356719E2,1.639121229E-1,-5.637478443E-2,1.767355875E2
2.615320619E1,2.848087493E-2,5.324450904E-4,1.412154059E-3,9.995931983E-1,1.767358908E2,1.634931311E-1,-5.638009980E-2,1.767358066E2
2.615820619E1,2.847261778E-2,5.357404589E-4,1.408648095E-3,9.995934367E-1,1.767368373E2,1.631018266E-1,-5.677035759E-2,1.767367528E2
2.616320619E1,2.848096226E-2,5.464121932E-4,1.405039569E-3,9.995931983E-1,1.767358807E2,1.627237929E-1,-5.800316688E-2,1.767357947E2
2.616820619E1,2.848943408E-2,5.490861950E-4,1.401858404E-3,9.995929599E-1,1.767349095E2,1.623686276E-1,-5.831846679E-2,1.767348232E2
2.617320619E1,2.848539666E-2,5.383464741E-4,1.403066446E-3,9.995930791E-1,1.767353724E2,1.624717083E-1,-5.708499840E-2,1.767352878E2
2.617820619E1,2.848955111E-2,5.303481012E-4,1.406685798E-3,9.995929599E-1,1.767348961E2,1.628604110E-1,-5.615633373E-2,1.767348126E2
2.618320619E1,2.848711973E-2,5.371000734E-4,1.411002711E-3,9.995930195E-1,1.767351749E2,1.633767988E-1,-5.691604173E-2,1.767350900E2
2.618820619E1,2.849540976E-2,5.408019060E-4,1.411097008E-3,9.995927811E-1,1.767342245E2,1.634001607E-1,-5.733840497E-2,1.767341390E2
2.619320619E1,2.849963342E-2,5.408775178E-4,1.410215278E-3,9.995926619E-1,1.767337403E2,1.632996521E-1,-5.734925514E-2,1.767336549E2
2.619820619E1,2.850588031E-2,5.374852917E-4,1.411998644E-3,9.995924830E-1,1.767330242E2,1.634932047E-1,-5.695384688E-2,1.767329392E2
2.620320619E1,2.850392133E-2,5.335060414E-4,1.410858589E-3,9.995925426E-1,1.767332488E2,1.633495068E-1,-5.650208837E-2,1.767331645E2
2.620820619E1,2.850607480E-2,5.372139858E-4,1.408170094E-3,9.995924830E-1,1.767330019E2,1.630537876E-1,-5.693524487E-2,1.767329172E2
2.621320619E1,2.850409126E-2,5.407118588E-4,1.404668554E-3,9.995925426E-1,1.767332293E2,1.626640163E-1,-5.734766940E-2,1.767331442E2
2.621820619E1,2.851661539E-2,5.399654037E-4,1.405250980E-3,9.995921850E-1,1.767317935E2,1.627290094E-1,-5.725822548E-2,1.767317085E2
2.622320619E1,2.852080451E-2,5.470461329E-4,1.402290305E-3,9.995920658E-1,1.767313133E2,1.624132620E-1,-5.807828094E-2,1.767312273E2
2.622820619E1,2.851886552E-2,5.452351761E-4,1.399941044E-3,9.995921254E-1,1.767315356E2,1.621381342E-1,-5.787883787E-2,1.767314500E2
2.623320619E1,2.850661703E-2,5.326512619E-4,1.398896333E-3,9.995924830E-1,1.767329397E2,1.619766484E-1,-5.644281439E-2,1.767328563E2
2.623820619E1,2.849621140E-2,5.274797441E-4,1.399907051E-3,9.995927811E-1,1.767341326E2,1.620749452E-1,-5.584882894E-2,1.767340500E2
2.624320619E1,2.850228445E-2,5.345121026E-4,1.401284826E-3,9.995926023E-1,1.767334364E2,1.622560723E-1,-5.664886495E-2,1.767333525E2
2.624820619E1,2.850668966E-2,5.377948983E-4,1.395444036E-3,9.995924830E-1,1.767329314E2,1.615980124E-1,-5.704325752E-2,1.767328473E2
2.625320619E1,2.851112812E-2,5.385054392E-4,1.389873913E-3,9.995923638E-1,1.767324226E2,1.609625567E-1,-5.714212763E-2,1.767323387E2
2.625820619E1,2.850723974E-2,5.342035438E-4,1.385551062E-3,9.995924830E-1,1.767328683E2,1.604531189E-1,-5.666411544E-2,1.767327854E2
2.626320619E1,2.850499240E-2,5.356272450E-4,1.388233970E-3,9.995925426E-1,1.767331260E2,1.607649563E-1,-5.681879011E-2,1.767330426E2
2.626820619E1,2.849865487E-2,5.357418559E-4,1.389550627E-3,9.995927215E-1,1.767338525E2,1.609157871E-1,-5.682863754E-2,1.767337691E2
2.627320619E1,2.850051224E-2,5.437644431E-4,1.391216181E-3,9.995926619E-1,1.767336396E2,1.611328770E-1,-5.774184533E-2,1.767335547E2
2.627820619E1,2.850496165E-2,5.454826751E-4,1.385024167E-3,9.995925426E-1,1.767331295E2,1.604294817E-1,-5.795816911E-2,1.767330447E2
2.628320619E1,2.850520252E-2,5.406240234E-4,1.381968381E-3,9.995925426E-1,1.767331019E2,1.600635985E-1,-5.741157857E-2,1.767330181E2
2.628820619E1,2.849707329E-2,5.338292685E-4,1.379811205E-3,9.995927811E-1,1.767340338E2,1.597938474E-1,-5.664162015E-2,1.767339512E2
2.629320619E1,2.849693383E-2,5.372422165E-4,1.381365932E-3,9.995927811E-1,1.767340498E2,1.599830718E-1,-5.702750119E-2,1.767339666E2
2.629820619E1,2.849490852E-2,5.446500727E-4,1.377106644E-3,9.995928407E-1,1.767342820E2,1.595192659E-1,-5.789026579E-2,1.767341978E2
2.630320619E1,2.849898499E-2,5.517019308E-4,1.376473461E-3,9.995927215E-1,1.767338146E2,1.594700053E-1,-5.869943760E-2,1.767337294E2
2.630820619E1,2.849294614E-2,5.436424399E-4,1.374842017E-3,9.995929003E-1,1.767345069E2,1.592564599E-1,-5.778255404E-2,1.767344231E2
2.631320619E1,2.849102566E-2,5.373641616E-4,1.373773324E-3,9.995929599E-1,1.767347271E2,1.591134362E-1,-5.706720420E-2,1.767346443E2
2.631820619E1,2.848909819E-2,5.376296467E-4,1.370268175E-3,9.995930195E-1,1.767349481E2,1.587126950E-1,-5.710936424E-2,1.767348654E2
2.632320619E1,2.848930291E-2,5.476449733E-4,1.362020732E-3,9.995930195E-1,1.767349246E2,1.578007005E-1,-5.828346237E-2,1.767348408E2
2.632820619E1,2.849341374E-2,5.532774958E-4,1.361240284E-3,9.995929003E-1,1.767344533E2,1.577299358E-1,-5.893053865E-2,1.767343687E2
2.633320619E1,2.850178204E-2,5.580766592E-4,1.359165763E-3,9.995926619E-1,1.767334940E2,1.575084784E-1,-5.948571362E-2,1.767334087E2
2.633820619E1,2.850616496E-2,5.546017783E-4,1.356339897E-3,9.995925426E-1,1.767329916E2,1.571736982E-1,-5.909622425E-2,1.767329070E2
2.634320619E1,2.850405766E-2,5.545013119E-4,1.356741064E-3,9.995926023E-1,1.767332331E2,1.572191972E-1,-5.908373730E-2,1.767331486E2
2.634820619E1,2.849998107E-2,5.538549740E-4,1.354814973E-3,9.995927215E-1,1.767337005E2,1.569962208E-1,-5.901663427E-2,1.767336161E2
2.635320619E1,2.850812224E-2,5.598203861E-4,1.356985653E-3,9.995924830E-1,1.767327672E2,1.572648316E-1,-5.969157173E-2,1.767326817E2
2.635820619E1,2.851007910E-2,5.578963901E-4,1.360567752E-3,9.995924234E-1,1.767325428E2,1.576689742E-1,-5.945917687E-2,1.767324575E2
2.636320619E1,2.851208778E-2,5.566652981E-4,1.362768584E-3,9.995923638E-1,1.767323126E2,1.579171657E-1,-5.931065391E-2,1.767322273E2
2.636820619E1,2.851619091E-2,5.591918016E-4,1.363321673E-3,9.995922446E-1,1.767318422E2,1.579890193E-1,-5.959759629E-2,1.767317565E2
2.637320619E1,2.851829607E-2,5.632968387E-4,1.361297909E-3,9.995921850E-1,1.767316009E2,1.577707487E-1,-6.007408819E-2,1.767315146E2
2.637820619E1,2.851242933E-2,5.597980926E-4,1.354313106E-3,9.995923638E-1,1.767322734E2,1.569588888E-1,-5.969707269E-2,1.767321881E2
2.638320619E1,2.850220755E-2,5.518719554E-4,1.352761057E-3,9.995926619E-1,1.767334452E2,1.567546089E-1,-5.879584840E-2,1.767333613E2
2.638820619E1,2.850022517E-2,5.486402079E-4,1.351798302E-3,9.995927215E-1,1.767336725E2,1.566336581E-1,-5.842912336E-2,1.767335891E2
2.639320619E1,2.851049796E-2,5.568872439E-4,1.352178166E-3,9.995924234E-1,1.767324948E2,1.567047157E-1,-5.937092832E-2,1.767324101E2
2.639820619E1,2.850420379E-2,5.581345176E-4,1.352173509E-3,9.995926023E-1,1.767332164E2,1.567078828E-1,-5.951479910E-2,1.767331315E2
2.640320619E1,2.849405171E-2,5.491634947E-4,1.349501312E-3,9.995929003E-1,1.767343802E2,1.563718968E-1,-5.849753086E-2,1.767342969E2
2.640820619E1,2.848789011E-2,5.466600414E-4,1.348152524E-3,9.995930791E-1,1.767350865E2,1.562088660E-1,-5.821614001E-2,1.767350037E2
2.641320619E1,2.848383409E-2,5.445576389E-4,1.346315839E-3,9.995931983E-1,1.767355515E2,1.559913836E-1,-5.798194934E-2,1.767354691E2
2.641820619E1,2.848590419E-2,5.456559593E-4,1.346327015E-3,9.995931387E-1,1.767353142E2,1.559963692E-1,-5.810739687E-2,1.767352317E2
2.642320619E1,2.848576510E-2,5.447550793E-4,1.349630649E-3,9.995931387E-1,1.767353302E2,1.563718357E-1,-5.799344321E-2,1.767352476E2
2.642820619E1,2.848780503E-2,5.466322764E-4,1.349960337E-3,9.995930791E-1,1.767350963E2,1.564158467E-1,-5.820707127E-2,1.767350134E2
2.643320619E1,2.848184224E-2,5.430591991E-4,1.344805583E-3,9.995932579E-1,1.767357799E2,1.558133845E-1,-5.781555069E-2,1.767356978E2
2.643820619E1,2.847961072E-2,5.417187931E-4,1.348297345E-3,9.995933175E-1,1.767360357E2,1.562088452E-1,-5.765096601E-2,1.767359536E2
2.644320619E1,2.847522488E-2,5.384253454E-4,1.353859901E-3,9.995934367E-1,1.767365385E2,1.568350093E-1,-5.725625224E-2,1.767364566E2
2.644820619E1,2.847923480E-2,5.415096530E-4,1.356298104E-3,9.995933175E-1,1.767360788E2,1.571245897E-1,-5.760095780E-2,1.767359963E2
2.645320619E1,2.848363861E-2,5.455309874E-4,1.350052189E-3,9.995931983E-1,1.767355739E2,1.564225304E-1,-5.808127631E-2,1.767354912E2
2.645820619E1,2.848351350E-2,5.453779595E-4,1.352751045E-3,9.995931983E-1,1.767355883E2,1.567311647E-1,-5.805495808E-2,1.767355054E2
2.646320619E1,2.848116847E-2,5.437938380E-4,1.358706621E-3,9.995932579E-1,1.767358571E2,1.574080407E-1,-5.785443488E-2,1.767357741E2
2.646820619E1,2.848957129E-2,5.459868698E-4,1.357063651E-3,9.995930195E-1,1.767348938E2,1.572274928E-1,-5.810967627E-2,1.767348106E2
2.647320619E1,2.849380786E-2,5.502005224E-4,1.354219508E-3,9.995929003E-1,1.767344081E2,1.569157155E-1,-5.860094925E-2,1.767343244E2
2.647820619E1,2.848755534E-2,5.465531140E-4,1.355251181E-3,9.995930791E-1,1.767351249E2,1.570216145E-1,-5.818077062E-2,1.767350417E2
2.648320619E1,2.849361056E-2,5.525459419E-4,1.357412082E-3,9.995929003E-1,1.767344308E2,1.572890566E-1,-5.885921171E-2,1.767343465E2
2.648820619E1,2.849576176E-2,5.547984620E-4,1.355226384E-3,9.995928407E-1,1.767341842E2,1.570461780E-1,-5.912402527E-2,1.767340996E2
2.649320619E1,2.848747783E-2,5.474704667E-4,1.356509631E-3,9.995930791E-1,1.767351338E2,1.571687542E-1,-5.828175270E-2,1.767350504E2
2.649820619E1,2.848329195E-2,5.373875028E-4,1.360591035E-3,9.995931983E-1,1.767356137E2,1.576031028E-1,-5.711413626E-2,1.767355316E2
2.650320619E1,2.848323113E-2,5.375324981E-4,1.361806528E-3,9.995931983E-1,1.767356206E2,1.577428014E-1,-5.712678693E-2,1.767355385E2
2.650820619E1,2.849160649E-2,5.403994001E-4,1.360472292E-3,9.995929599E-1,1.767346605E2,1.575998106E-1,-5.745821061E-2,1.767345780E2
2.651320619E1,2.849562361E-2,5.421295646E-4,1.363234711E-3,9.995928407E-1,1.767342000E2,1.579221133E-1,-5.764673829E-2,1.767341170E2
2.651820619E1,2.849327191E-2,5.385674303E-4,1.370079699E-3,9.995929003E-1,1.767344696E2,1.586944065E-1,-5.721673532E-2,1.767343868E2
2.652320619E1,2.849330847E-2,5.385073018E-4,1.369342790E-3,9.995929003E-1,1.767344654E2,1.586098029E-1,-5.721224824E-2,1.767343827E2
2.652820619E1,2.849757878E-2,5.365977413E-4,1.368249068E-3,9.995927811E-1,1.767339759E2,1.584785305E-1,-5.699641193E-2,1.767338935E2
2.653320619E1,2.849957621E-2,5.377343041E-4,1.369743492E-3,9.995927215E-1,1.767337469E2,1.586535354E-1,-5.712140210E-2,1.767336642E2
2.653820619E1,2.849737160E-2,5.367401172E-4,1.372501720E-3,9.995927811E-1,1.767339996E2,1.589661043E-1,-5.699886557E-2,1.767339170E2
2.654320619E1,2.849951176E-2,5.390031729E-4,1.370585640E-3,9.995927215E-1,1.767337543E2,1.587541400E-1,-5.726400443E-2,1.767336714E2
2.654820619E1,2.849303592E-2,5.341461510E-4,1.376702334E-3,9.995929003E-1,1.767344966E2,1.594385471E-1,-5.668871376E-2,1.767344142E2
2.655320619E1,2.848476904E-2,5.287685781E-4,1.376739237E-3,9.995931387E-1,1.767354443E2,1.594247511E-1,-5.607393802E-2,1.767353628E2
2.655820619E1,2.848270305E-2,5.276029697E-4,1.376653789E-3,9.995931983E-1,1.767356812E2,1.594110428E-1,-5.594103185E-2,1.767355998E2
2.656320619E1,2.849113130E-2,5.338318879E-4,1.372959348E-3,9.995929599E-1,1.767347150E2,1.590086720E-1,-5.666524088E-2,1.767346328E2
2.656820619E1,2.849338039E-2,5.342849181E-4,1.369500300E-3,9.995929003E-1,1.767344571E2,1.586140615E-1,-5.672806987E-2,1.767343751E2
2.657320619E1,2.848902191E-2,5.311787827E-4,1.374363666E-3,9.995930195E-1,1.767349568E2,1.591607484E-1,-5.635709198E-2,1.767348750E2
2.657820619E1,2.850138396E-2,5.338407354E-4,1.377129927E-3,9.995926619E-1,1.767335396E2,1.594870017E-1,-5.665100186E-2,1.767334572E2
2.658320619E1,2.850546706E-2,5.360645591E-4,1.378283021E-3,9.995925426E-1,1.767330716E2,1.596265791E-1,-5.690131137E-2,1.767329887E2
2.658820619E1,2.850780491E-2,5.364567623E-4,1.372995204E-3,9.995924830E-1,1.767328035E2,1.590222998E-1,-5.696313736E-2,1.767327209E2
2.659320619E1,2.851200427E-2,5.392213352E-4,1.371501596E-3,9.995923638E-1,1.767323221E2,1.588604867E-1,-5.728401703E-2,1.767322392E2
2.659820619E1,2.852409228E-2,5.463670823E-4,1.377958921E-3,9.995920062E-1,1.767309364E2,1.596241928E-1,-5.807949723E-2,1.767308519E2
2.660320619E1,2.852203698E-2,5.458865198E-4,1.377454842E-3,9.995920658E-1,1.767311720E2,1.595647629E-1,-5.802642706E-2,1.767310876E2
2.660820619E1,2.851973136E-2,5.441559479E-4,1.382615068E-3,9.995921254E-1,1.767314363E2,1.601500514E-1,-5.781170231E-2,1.767313519E2
2.661320619E1,2.852596377E-2,5.489844480E-4,1.381410868E-3,9.995919466E-1,1.767307219E2,1.600282615E-1,-5.836771992E-2,1.767306367E2
2.661820619E1,2.853616896E-2,5.552889197E-4,1.383765484E-3,9.995916486E-1,1.767295519E2,1.603191842E-1,-5.908053071E-2,1.767294657E2
2.662320619E1,2.853432590E-2,5.542142317E-4,1.379138674E-3,9.995917082E-1,1.767297632E2,1.597855828E-1,-5.897285552E-2,1.767296774E2
2.662820619E1,2.853635532E-2,5.511727068E-4,1.381566399E-3,9.995916486E-1,1.767295306E2,1.600538397E-1,-5.861620134E-2,1.767294451E2
2.663320619E1,2.854050450E-2,5.548085901E-4,1.380653237E-3,9.995915294E-1,1.767290549E2,1.599613770E-1,-5.903499500E-2,1.767289689E2
2.663820619E1,2.854032988E-2,5.553032970E-4,1.384059782E-3,9.995915294E-1,1.767290749E2,1.603531875E-1,-5.908054769E-2,1.767289886E2
2.664320619E1,2.853824202E-2,5.529281334E-4,1.385014621E-3,9.995915890E-1,1.767293143E2,1.604546682E-1,-5.880569738E-2,1.767292283E2
2.664820619E1,2.853194078E-2,5.464210990E-4,1.388362376E-3,9.995917678E-1,1.767300367E2,1.608164898E-1,-5.805041602E-2,1.767299515E2
2.665320619E1,2.852765436E-2,5.418157671E-4,1.392415725E-3,9.995918870E-1,1.767305280E2,1.612654759E-1,-5.751033786E-2,1.767304435E2
2.665820619E1,2.853419954E-2,5.458188825E-4,1.385088312E-3,9.995917082E-1,1.767297777E2,1.604396238E-1,-5.799177762E-2,1.767296929E2
2.666320619E1,2.854034240E-2,5.519785336E-4,1.385131152E-3,9.995915294E-1,1.767290735E2,1.604650340E-1,-5.869620741E-2,1.767289877E2
2.666820619E1,2.854029723E-2,5.493629724E-4,1.387100318E-3,9.995915294E-1,1.767290787E2,1.606820346E-1,-5.839017549E-2,1.767289932E2
2.667320619E1,2.854638197E-2,5.539755221E-4,1.388914185E-3,9.995913506E-1,1.767283811E2,1.609052491E-1,-5.891160713E-2,1.767282948E2
2.667820619E1,2.854633299E-2,5.541763385E-4,1.389840385E-3,9.995913506E-1,1.767283868E2,1.610119948E-1,-5.893158764E-2,1.767283003E2
2.668320619E1,2.854428710E-2,5.528322072E-4,1.389526762E-3,9.995914102E-1,1.767286213E2,1.609715533E-1,-5.877897985E-2,1.767285351E2
2.668820619E1,2.854613568E-2,5.529207410E-4,1.394385588E-3,9.995913506E-1,1.767284094E2,1.615285060E-1,-5.877292888E-2,1.767283229E2
2.669320619E1,2.855418276E-2,5.587515188E-4,1.398206339E-3,9.995911121E-1,1.767274869E2,1.619857072E-1,-5.942701128E-2,1.767273992E2
2.669820619E1,2.856024748E-2,5.608706851E-4,1.401323127E-3,9.995909333E-1,1.767267916E2,1.623500162E-1,-5.965856698E-2,1.767267034E2
2.670320619E1,2.856033086E-2,5.616839626E-4,1.399296685E-3,9.995909333E-1,1.767267821E2,1.621205644E-1,-5.975834234E-2,1.767266938E2
2.670820619E1,2.856251161E-2,5.649781669E-4,1.396033447E-3,9.995908737E-1,1.767265321E2,1.617576901E-1,-6.014600326E-2,1.767264435E2
2.671320619E1,2.856052474E-2,5.648835213E-4,1.394041581E-3,9.995909333E-1,1.767267598E2,1.615291026E-1,-6.014200277E-2,1.767266714E2
2.671820619E1,2.856688280E-2,5.648929509E-4,1.391978119E-3,9.995907545E-1,1.767260310E2,1.612931569E-1,-6.014881044E-2,1.767259426E2
2.672320619E1,2.856872361E-2,5.655651912E-4,1.396720530E-3,9.995906949E-1,1.767258199E2,1.618386877E-1,-6.020998913E-2,1.767257312E2
2.672820619E1,2.857696656E-2,5.714799627E-4,1.396315056E-3,9.995904565E-1,1.767248750E2,1.618121097E-1,-6.088748785E-2,1.767247853E2
2.673320619E1,2.857907312E-2,5.743012298E-4,1.394711668E-3,9.995903969E-1,1.767246335E2,1.616378183E-1,-6.121555901E-2,1.767245434E2
2.673820619E1,2.857506691E-2,5.699322792E-4,1.393151237E-3,9.995905161E-1,1.767250928E2,1.614445264E-1,-6.072087657E-2,1.767250035E2
2.674320619E1,2.856863712E-2,5.653201952E-4,1.398587483E-3,9.995906949E-1,1.767258299E2,1.620517304E-1,-6.017582807E-2,1.767257410E2
2.674820619E1,2.856250114E-2,5.646370118E-4,1.396385604E-3,9.995908737E-1,1.767265333E2,1.617969105E-1,-6.010577479E-2,1.767264447E2
2.675320619E1,2.856882806E-2,5.694871652E-4,1.392985461E-3,9.995906949E-1,1.767258080E2,1.614237013E-1,-6.067144150E-2,1.767257188E2
2.675820619E1,2.856054784E-2,5.649138475E-4,1.393555896E-3,9.995909333E-1,1.767267572E2,1.614735705E-1,-6.014706234E-2,1.767266687E2
2.676320619E1,2.855624711E-2,5.603705649E-4,1.398010529E-3,9.995910525E-1,1.767272502E2,1.619686993E-1,-5.961277071E-2,1.767271622E2
2.676820619E1,2.855020642E-2,5.533396034E-4,1.396332635E-3,9.995912313E-1,1.767279427E2,1.617531402E-1,-5.881387940E-2,1.767278560E2
2.677320619E1,2.854629344E-2,5.506632151E-4,1.392047387E-3,9.995913506E-1,1.767283913E2,1.612533006E-1,-5.852196449E-2,1.767283053E2
2.677820619E1,2.855062473E-2,5.511707277E-4,1.388615929E-3,9.995912313E-1,1.767278948E2,1.608621584E-1,-5.859062554E-2,1.767278089E2
2.678320619E1,2.855874143E-2,5.567749613E-4,1.391095808E-3,9.995909929E-1,1.767269643E2,1.611650336E-1,-5.922313883E-2,1.767268773E2
2.678820619E1,2.854828496E-2,5.520692212E-4,1.393449260E-3,9.995912910E-1,1.767281630E2,1.614185948E-1,-5.867810762E-2,1.767280767E2
2.679320619E1,2.854213458E-2,5.469896132E-4,1.393172424E-3,9.995914698E-1,1.767288681E2,1.613699085E-1,-5.809816376E-2,1.767287826E2
2.679820619E1,2.854005990E-2,5.434978520E-4,1.394275459E-3,9.995915294E-1,1.767291059E2,1.614847146E-1,-5.769492817E-2,1.767290209E2
2.680320619E1,2.854191266E-2,5.438972730E-4,1.398917753E-3,9.995914698E-1,1.767288935E2,1.620178796E-1,-5.772519665E-2,1.767288082E2
2.680820619E1,2.854613738E-2,5.471030599E-4,1.396643696E-3,9.995913506E-1,1.767284092E2,1.617681291E-1,-5.809915694E-2,1.767283235E2
2.681320619E1,2.854605514E-2,5.477429368E-4,1.398073160E-3,9.995913506E-1,1.767284186E2,1.619339556E-1,-5.816778869E-2,1.767283327E2
2.681820619E1,2.854788175E-2,5.509196781E-4,1.402137917E-3,9.995912910E-1,1.767282092E2,1.624100526E-1,-5.851807422E-2,1.767281226E2
2.682320619E1,2.854584319E-2,5.489263567E-4,1.401931164E-3,9.995913506E-1,1.767284429E2,1.623797298E-1,-5.829075726E-2,1.767283566E2
2.682820619E1,2.854399158E-2,5.473183701E-4,1.397755928E-3,9.995914102E-1,1.767286552E2,1.618961094E-1,-5.812052876E-2,1.767285694E2
2.683320619E1,2.853990562E-2,5.449759774E-4,1.396854059E-3,9.995915294E-1,1.767291236E2,1.617849059E-1,-5.785583126E-2,1.767290382E2
2.683820619E1,2.854410545E-2,5.430339952E-4,1.397101325E-3,9.995914102E-1,1.767286421E2,1.618071195E-1,-5.763189882E-2,1.767285571E2
2.684320619E1,2.854826709E-2,5.459944368E-4,1.396206091E-3,9.995912910E-1,1.767281650E2,1.617145004E-1,-5.797325694E-2,1.767280795E2
2.684820619E1,2.855245731E-2,5.467050360E-4,1.395590021E-3,9.995911717E-1,1.767276847E2,1.616465009E-1,-5.805599019E-2,1.767275991E2
2.685320619E1,2.855237554E-2,5.459005479E-4,1.397576532E-3,9.995911717E-1,1.767276941E2,1.618714086E-1,-5.795735378E-2,1.767276085E2
2.685820619E1,2.854839003E-2,5.411511520E-4,1.395577914E-3,9.995912910E-1,1.767281509E2,1.616267074E-1,-5.742051929E-2,1.767280663E2
2.686320619E1,2.855460545E-2,5.464401911E-4,1.394434483E-3,9.995911121E-1,1.767274384E2,1.615133978E-1,-5.802908739E-2,1.767273530E2
2.686820619E1,2.856089811E-2,5.486677983E-4,1.392867998E-3,9.995909333E-1,1.767267170E2,1.613416214E-1,-5.828835823E-2,1.767266313E2
2.687320619E1,2.855845225E-2,5.474529462E-4,1.400699257E-3,9.995909929E-1,1.767269974E2,1.622345341E-1,-5.812396918E-2,1.767269114E2
2.687820619E1,2.856051543E-2,5.515269004E-4,1.399569679E-3,9.995909333E-1,1.767267609E2,1.621186009E-1,-5.859398119E-2,1.767266743E2
2.688320619E1,2.856478816E-2,5.550985807E-4,1.396095497E-3,9.995908141E-1,1.767262711E2,1.617325933E-1,-5.901377755E-2,1.767261841E2
2.688820619E1,2.856496261E-2,5.534560769E-4,1.393175102E-3,9.995908141E-1,1.767262511E2,1.613927103E-1,-5.883516883E-2,1.767261645E2
2.689320619E1,2.856695927E-2,5.547120818E-4,1.394500840E-3,9.995907545E-1,1.767260222E2,1.615487962E-1,-5.897437518E-2,1.767259354E2
2.689820619E1,2.857722962E-2,5.631002714E-4,1.394334249E-3,9.995904565E-1,1.767248448E2,1.615577912E-1,-5.993408317E-2,1.767247566E2
2.690320619E1,2.858136769E-2,5.652389373E-4,1.394112478E-3,9.995903373E-1,1.767243704E2,1.615396416E-1,-6.017911343E-2,1.767242819E2
2.690820619E1,2.857311509E-2,5.589416251E-4,1.394869178E-3,9.995905757E-1,1.767253165E2,1.616052003E-1,-5.945664587E-2,1.767252290E2
2.691320619E1,2.857518627E-2,5.594079266E-4,1.394967549E-3,9.995905161E-1,1.767250791E2,1.616181184E-1,-5.950940126E-2,1.767249914E2
2.691820619E1,2.858575018E-2,5.648049410E-4,1.389901619E-3,9.995902181E-1,1.767238680E2,1.610561514E-1,-6.014248709E-2,1.767237798E2
2.692320619E1,2.858159492E-2,5.613536923E-4,1.391020371E-3,9.995903373E-1,1.767243444E2,1.611727441E-1,-5.974417031E-2,1.767242567E2
2.692820619E1,2.857725135E-2,5.592353991E-4,1.395443804E-3,9.995904565E-1,1.767248423E2,1.616722289E-1,-5.948774562E-2,1.767247547E2
2.693320619E1,2.858527182E-2,5.656721769E-4,1.399355009E-3,9.995902181E-1,1.767239229E2,1.621418010E-1,-6.021093469E-2,1.767238339E2
2.693820619E1,2.858932684E-2,5.710350815E-4,1.399490982E-3,9.995900989E-1,1.767234580E2,1.621751911E-1,-6.082412331E-2,1.767233682E2
2.694320619E1,2.858128219E-2,5.654843408E-4,1.395764877E-3,9.995903373E-1,1.767243802E2,1.617297141E-1,-6.020182486E-2,1.767242916E2
2.694820619E1,2.857488538E-2,5.606478662E-4,1.400621841E-3,9.995905161E-1,1.767251136E2,1.622698314E-1,-5.963296321E-2,1.767250254E2
2.695320619E1,2.857486239E-2,5.597246927E-4,1.401459798E-3,9.995905161E-1,1.767251162E2,1.623627907E-1,-5.952447842E-2,1.767250281E2
2.695820619E1,2.858326892E-2,5.681260955E-4,1.396694104E-3,9.995902777E-1,1.767241525E2,1.618449255E-1,-6.050105856E-2,1.767240633E2
2.696320619E1,2.857911592E-2,5.644098856E-4,1.397869084E-3,9.995903969E-1,1.767246286E2,1.619670908E-1,-6.007221094E-2,1.767245399E2
2.696820619E1,2.857485710E-2,5.627503851E-4,1.400355599E-3,9.995905161E-1,1.767251168E2,1.622462182E-1,-5.987467193E-2,1.767250283E2
2.697320619E1,2.857289295E-2,5.617027055E-4,1.398306224E-3,9.995905757E-1,1.767253420E2,1.620079244E-1,-5.976169489E-2,1.767252538E2
2.697820619E1,2.858123965E-2,5.685167271E-4,1.395404106E-3,9.995903373E-1,1.767243851E2,1.616983195E-1,-6.055035697E-2,1.767242960E2
2.698320619E1,2.857916615E-2,5.672951229E-4,1.395672443E-3,9.995903969E-1,1.767246228E2,1.617249296E-1,-6.040988535E-2,1.767245338E2
2.698820619E1,2.857476945E-2,5.649043014E-4,1.401276561E-3,9.995905161E-1,1.767251269E2,1.623587578E-1,-6.011839006E-2,1.767250379E2
2.699320619E1,2.858089376E-2,5.691614351E-4,1.402209164E-3,9.995903373E-1,1.767244248E2,1.624798949E-1,-6.060197270E-2,1.767243351E2
2.699820619E1,2.859737535E-2,5.782429944E-4,1.402378432E-3,9.995898604E-1,1.767225353E2,1.625300457E-1,-6.163898242E-2,1.767224442E2
2.700320619E1,2.859532402E-2,5.772915320E-4,1.402114634E-3,9.995899200E-1,1.767227705E2,1.624965846E-1,-6.153119551E-2,1.767226795E2
2.700820619E1,2.858904339E-2,5.728175165E-4,1.404543873E-3,9.995900989E-1,1.767234905E2,1.627597965E-1,-6.101178356E-2,1.767234001E2
2.701320619E1,2.858507246E-2,5.703555071E-4,1.401524642E-3,9.995902181E-1,1.767239457E2,1.624056513E-1,-6.074031028E-2,1.767238559E2
2.701820619E1,2.858532656E-2,5.695761065E-4,1.396650565E-3,9.995902181E-1,1.767239166E2,1.618448130E-1,-6.066695901E-2,1.767238272E2
2.702320619E1,2.858920699E-2,5.719362525E-4,1.401569811E-3,9.995900989E-1,1.767234718E2,1.624162555E-1,-6.092055643E-2,1.767233817E2
2.702820619E1,2.859709887E-2,5.764556117E-4,1.408737851E-3,9.995898604E-1,1.767225670E2,1.632526098E-1,-6.141345203E-2,1.767224758E2
2.703320619E1,2.859097967E-2,5.720077315E-4,1.407875796E-3,9.995900393E-1,1.767232685E2,1.631389160E-1,-6.090779514E-2,1.767231780E2
2.703820619E1,2.858713971E-2,5.662796320E-4,1.403522561E-3,9.995901585E-1,1.767237087E2,1.626212754E-1,-6.026655979E-2,1.767236195E2
2.704320619E1,2.858294078E-2,5.625237245E-4,1.405648421E-3,9.995902777E-1,1.767241901E2,1.628522257E-1,-5.983006068E-2,1.767241013E2
2.704820619E1,2.858497487E-2,5.628232611E-4,1.406551106E-3,9.995902181E-1,1.767239569E2,1.629567266E-1,-5.986108269E-2,1.767238680E2
2.705320619E1,2.858928358E-2,5.661715986E-4,1.402347814E-3,9.995900989E-1,1.767234630E2,1.624864895E-1,-6.025768504E-2,1.767233738E2
2.705820619E1,2.858488671E-2,5.679882597E-4,1.406266470E-3,9.995902181E-1,1.767239670E2,1.629410376E-1,-6.045365228E-2,1.767238773E2
2.706320619E1,2.858277508E-2,5.666827783E-4,1.407346106E-3,9.995902777E-1,1.767242091E2,1.630603004E-1,-6.030092431E-2,1.767241195E2
2.706820619E1,2.858680130E-2,5.706878146E-4,1.408620505E-3,9.995901585E-1,1.767237475E2,1.632196399E-1,-6.075484810E-2,1.767236572E2
2.707320619E1,2.858485114E-2,5.702096969E-4,1.406090450E-3,9.995902181E-1,1.767239711E2,1.629281503E-1,-6.070868835E-2,1.767238810E2
2.707820619E1,2.859323011E-2,5.746763782E-4,1.403397648E-3,9.995899796E-1,1.767230106E2,1.626348489E-1,-6.122778019E-2,1.767229199E2
2.708320619E1,2.859105466E-2,5.738650798E-4,1.405595336E-3,9.995900393E-1,1.767232599E2,1.628837914E-1,-6.112800380E-2,1.767231693E2
2.708820619E1,2.859729780E-2,5.767878611E-4,1.404557261E-3,9.995898604E-1,1.767225442E2,1.627748457E-1,-6.146517713E-2,1.767224531E2
2.709320619E1,2.859141553E-2,5.710324622E-4,1.399394707E-3,9.995900393E-1,1.767232186E2,1.621642818E-1,-6.082379984E-2,1.767231288E2
2.709820619E1,2.858301165E-2,5.650962121E-4,1.403173199E-3,9.995902777E-1,1.767241820E2,1.625771324E-1,-6.013282129E-2,1.767240929E2
2.710320619E1,2.858288874E-2,5.651282845E-4,1.405661926E-3,9.995902777E-1,1.767241961E2,1.628623010E-1,-6.012836330E-2,1.767241069E2
2.710820619E1,2.857892021E-2,5.642194883E-4,1.401941176E-3,9.995903969E-1,1.767246510E2,1.624328928E-1,-6.003709759E-2,1.767245622E2
2.711320619E1,2.857684609E-2,5.627738428E-4,1.402303809E-3,9.995904565E-1,1.767248888E2,1.624695717E-1,-5.987065613E-2,1.767248002E2
2.711820619E1,2.858464178E-2,5.665261997E-4,1.411824021E-3,9.995902181E-1,1.767239951E2,1.635728224E-1,-6.026801648E-2,1.767239053E2
2.712320619E1,2.858842241E-2,5.693616113E-4,1.418519299E-3,9.995900989E-1,1.767235617E2,1.643492497E-1,-6.057024464E-2,1.767234710E2
2.712820619E1,2.858234544E-2,5.656034336E-4,1.416476676E-3,9.995902777E-1,1.767242584E2,1.641025992E-1,-6.014745509E-2,1.767241684E2
2.713320619E1,2.858038584E-2,5.631853128E-4,1.414917409E-3,9.995903373E-1,1.767244830E2,1.639159551E-1,-5.987590087E-2,1.767243935E2
2.713820619E1,2.857812383E-2,5.604902399E-4,1.419560635E-3,9.995903969E-1,1.767247423E2,1.644388508E-1,-5.955235950E-2,1.767246530E2
2.714320619E1,2.858015870E-2,5.631559761E-4,1.419509528E-3,9.995903373E-1,1.767245090E2,1.644418492E-1,-5.985753793E-2,1.767244193E2
2.714820619E1,2.857184891E-2,5.600817967E-4,1.420119777E-3,9.995905757E-1,1.767254617E2,1.645011866E-1,-5.950477604E-2,1.767253724E2
2.715320619E1,2.856160816E-2,5.524557782E-4,1.419334789E-3,9.995908737E-1,1.767266356E2,1.643856991E-1,-5.863551060E-2,1.767265477E2
2.715820619E1,2.855320719E-2,5.478598177E-4,1.422232715E-3,9.995911121E-1,1.767275987E2,1.647021103E-1,-5.810096696E-2,1.767275114E2
2.716320619E1,2.856145830E-2,5.542497966E-4,1.421649125E-3,9.995908737E-1,1.767266528E2,1.646566581E-1,-5.883345573E-2,1.767265645E2
2.716820619E1,2.857174968E-2,5.605149199E-4,1.421944005E-3,9.995905757E-1,1.767254730E2,1.647115550E-1,-5.954843148E-2,1.767253836E2
2.717320619E1,2.857385873E-2,5.623092875E-4,1.420756103E-3,9.995905161E-1,1.767252313E2,1.645814883E-1,-5.975750886E-2,1.767251416E2
2.717820619E1,2.857149403E-2,5.607989733E-4,1.426960109E-3,9.995905757E-1,1.767255023E2,1.652870391E-1,-5.956458696E-2,1.767254126E2
2.718320619E1,2.856333199E-2,5.551431095E-4,1.425559982E-3,9.995908141E-1,1.767264380E2,1.651076614E-1,-5.892267030E-2,1.767263493E2
2.718820619E1,2.856142089E-2,5.511997151E-4,1.423585229E-3,9.995908737E-1,1.767266571E2,1.648684433E-1,-5.847775438E-2,1.767265692E2
2.719320619E1,2.855727891E-2,5.492144846E-4,1.423742622E-3,9.995909929E-1,1.767271319E2,1.648797326E-1,-5.825052481E-2,1.767270443E2
2.719820619E1,2.856752104E-2,5.566843320E-4,1.424606889E-3,9.995906949E-1,1.767259578E2,1.650037822E-1,-5.910163733E-2,1.767258689E2
2.720320619E1,2.856993914E-2,5.587245687E-4,1.417118707E-3,9.995906353E-1,1.767256806E2,1.641528717E-1,-5.935945249E-2,1.767255918E2
2.720820619E1,2.855933146E-2,5.549011985E-4,1.422213041E-3,9.995909333E-1,1.767268966E2,1.647232586E-1,-5.890657516E-2,1.767268081E2
2.721320619E1,2.855709436E-2,5.541883875E-4,1.425515627E-3,9.995909929E-1,1.767271531E2,1.650990886E-1,-5.881448738E-2,1.767270645E2
2.721820619E1,2.855512126E-2,5.565243191E-4,1.422332018E-3,9.995910525E-1,1.767273793E2,1.647419502E-1,-5.909279954E-2,1.767272905E2
2.722320619E1,2.855752870E-2,5.575697869E-4,1.415460603E-3,9.995909929E-1,1.767271033E2,1.639584280E-1,-5.923464259E-2,1.767270148E2
2.722820619E1,2.855766700E-2,5.556927063E-4,1.413406921E-3,9.995909929E-1,1.767270874E2,1.637170540E-1,-5.902633103E-2,1.767269993E2
2.723320619E1,2.856143624E-2,5.589585635E-4,1.420247951E-3,9.995908737E-1,1.767266553E2,1.645115718E-1,-5.937740970E-2,1.767265663E2
2.723820619E1,2.856365088E-2,5.602656747E-4,1.417141641E-3,9.995908141E-1,1.767264015E2,1.641601699E-1,-5.953693560E-2,1.767263124E2
2.724320619E1,2.855967466E-2,5.571877700E-4,1.414405880E-3,9.995909333E-1,1.767268573E2,1.638364916E-1,-5.919398447E-2,1.767267689E2
2.724820619E1,2.856559300E-2,5.603493191E-4,1.420001965E-3,9.995907545E-1,1.767261788E2,1.644881951E-1,-5.953683449E-2,1.767260895E2
2.725320619E1,2.856980693E-2,5.636176211E-4,1.417846419E-3,9.995906353E-1,1.767256957E2,1.642522400E-1,-5.991756480E-2,1.767256061E2
2.725820619E1,2.856361225E-2,5.598159623E-4,1.418097760E-3,9.995908141E-1,1.767264059E2,1.642682141E-1,-5.948230016E-2,1.767263168E2
2.726320619E1,2.856348001E-2,5.606815685E-4,1.420417335E-3,9.995908141E-1,1.767264211E2,1.645367354E-1,-5.957387999E-2,1.767263317E2
2.726820619E1,2.856539387E-2,5.611715023E-4,1.423678244E-3,9.995907545E-1,1.767262017E2,1.649119741E-1,-5.961900987E-2,1.767261120E2
2.727320619E1,2.856326820E-2,5.606961786E-4,1.424664515E-3,9.995908141E-1,1.767264453E2,1.650232637E-1,-5.956168648E-2,1.767263557E2
2.727820619E1,2.855947786E-2,5.555331009E-4,1.419022796E-3,9.995909333E-1,1.767268799E2,1.643599088E-1,-5.898937304E-2,1.767267914E2
2.728320619E1,2.854680759E-2,5.458036321E-4,1.425808528E-3,9.995912910E-1,1.767283324E2,1.651046031E-1,-5.785479854E-2,1.767282452E2
2.728820619E1,2.854046346E-2,5.395659828E-4,1.429820899E-3,9.995914698E-1,1.767290596E2,1.655434312E-1,-5.712823350E-2,1.767289733E2
2.729320619E1,2.854241688E-2,5.413084873E-4,1.431837329E-3,9.995914102E-1,1.767288357E2,1.657802146E-1,-5.732090940E-2,1.767287489E2
2.729820619E1,2.855498136E-2,5.477679078E-4,1.428526361E-3,9.995910525E-1,1.767273953E2,1.654228182E-1,-5.806955245E-2,1.767273077E2
2.730320619E1,2.855495518E-2,5.468741292E-4,1.429391792E-3,9.995910525E-1,1.767273983E2,1.655190227E-1,-5.796434725E-2,1.767273108E2
2.730820619E1,2.855515406E-2,5.448046140E-4,1.426205505E-3,9.995910525E-1,1.767273755E2,1.651472886E-1,-5.773768868E-2,1.767272885E2
2.731320619E1,2.855485917E-2,5.446042633E-4,1.432173769E-3,9.995910525E-1,1.767274093E2,1.658302507E-1,-5.769525870E-2,1.767273220E2
2.731820619E1,2.855082731E-2,5.436899373E-4,1.429698546E-3,9.995911717E-1,1.767278715E2,1.655435020E-1,-5.759929472E-2,1.767277845E2
2.732320619E1,2.856086082E-2,5.510590272E-4,1.434831764E-3,9.995908737E-1,1.767267213E2,1.661561841E-1,-5.842492263E-2,1.767266327E2
2.732820619E1,2.856681275E-2,5.509410985E-4,1.440948923E-3,9.995906949E-1,1.767260390E2,1.668568357E-1,-5.839039998E-2,1.767259501E2
2.733320619E1,2.857088824E-2,5.536305252E-4,1.441811328E-3,9.995905757E-1,1.767255718E2,1.669646637E-1,-5.869495560E-2,1.767254824E2
2.733820619E1,2.855851880E-2,5.451989709E-4,1.442144392E-3,9.995909333E-1,1.767269898E2,1.669744931E-1,-5.773014176E-2,1.767269018E2
2.734320619E1,2.855651865E-2,5.442440161E-4,1.440798049E-3,9.995909929E-1,1.767272191E2,1.668170356E-1,-5.762549665E-2,1.767271313E2
2.734820619E1,2.856493732E-2,5.487940507E-4,1.437595580E-3,9.995907545E-1,1.767262540E2,1.664655890E-1,-5.815575693E-2,1.767261656E2
2.735320619E1,2.856920244E-2,5.518611870E-4,1.434552949E-3,9.995906353E-1,1.767257650E2,1.661273612E-1,-5.851633198E-2,1.767256763E2
2.735820619E1,2.856308671E-2,5.452207988E-4,1.434277277E-3,9.995908141E-1,1.767264661E2,1.660736900E-1,-5.775762948E-2,1.767263786E2
2.736320619E1,2.855678669E-2,5.412856117E-4,1.436593826E-3,9.995909929E-1,1.767271884E2,1.663257966E-1,-5.730034048E-2,1.767271013E2
2.736820619E1,2.856304065E-2,5.401622038E-4,1.437105821E-3,9.995908141E-1,1.767264714E2,1.663811242E-1,-5.716894360E-2,1.767263846E2
2.737320619E1,2.855888658E-2,5.373220774E-4,1.437811181E-3,9.995909333E-1,1.767269476E2,1.664523868E-1,-5.684200517E-2,1.767268612E2
2.737820619E1,2.856322535E-2,5.416841013E-4,1.432855846E-3,9.995908141E-1,1.767264502E2,1.658993034E-1,-5.735714914E-2,1.767263634E2
2.738320619E1,2.856739709E-2,5.454765633E-4,1.431411714E-3,9.995906949E-1,1.767259720E2,1.657465406E-1,-5.779559072E-2,1.767258846E2
2.738820619E1,2.856538687E-2,5.440484965E-4,1.430448960E-3,9.995907545E-1,1.767262025E2,1.656314708E-1,-5.763549811E-2,1.767261153E2
2.739320619E1,2.855520529E-2,5.356767215E-4,1.428635325E-3,9.995910525E-1,1.767273697E2,1.653957448E-1,-5.668417727E-2,1.767272840E2
2.739820619E1,2.854884390E-2,5.313025904E-4,1.432286808E-3,9.995912313E-1,1.767280989E2,1.657993324E-1,-5.617225014E-2,1.767280138E2
2.740320619E1,2.855485195E-2,5.357010523E-4,1.435671235E-3,9.995910525E-1,1.767274102E2,1.662017326E-1,-5.666399955E-2,1.767273241E2
2.740820619E1,2.855714089E-2,5.383843090E-4,1.430630800E-3,9.995909929E-1,1.767271478E2,1.656332873E-1,-5.698746665E-2,1.767270616E2
2.741320619E1,2.855089028E-2,5.330870626E-4,1.432431163E-3,9.995911717E-1,1.767278643E2,1.658218212E-1,-5.637584031E-2,1.767277789E2
2.741820619E1,2.854263754E-2,5.267288652E-4,1.432875870E-3,9.995914102E-1,1.767288104E2,1.658514970E-1,-5.564745659E-2,1.767287260E2
2.742320619E1,2.854882961E-2,5.311927525E-4,1.432612422E-3,9.995912313E-1,1.767281006E2,1.658362696E-1,-5.615860590E-2,1.767280155E2
2.742820619E1,2.854709036E-2,5.303732469E-4,1.425970346E-3,9.995912910E-1,1.767282999E2,1.650726742E-1,-5.608675289E-2,1.767282154E2
2.743320619E1,2.854719022E-2,5.300978082E-4,1.424072427E-3,9.995912910E-1,1.767282885E2,1.648543815E-1,-5.606139512E-2,1.767282041E2
2.743820619E1,2.854511200E-2,5.282665370E-4,1.424573711E-3,9.995913506E-1,1.767285267E2,1.649056940E-1,-5.585033559E-2,1.767284426E2
2.744320619E1,2.855141647E-2,5.338453921E-4,1.421619905E-3,9.995911717E-1,1.767278040E2,1.645859566E-1,-5.649798837E-2,1.767277191E2
2.744820619E1,2.855563937E-2,5.372205051E-4,1.419349108E-3,9.995910525E-1,1.767273199E2,1.643371318E-1,-5.689132522E-2,1.767272345E2
2.745320619E1,2.856155725E-2,5.418594228E-4,1.424435060E-3,9.995908737E-1,1.767266415E2,1.649352229E-1,-5.740506940E-2,1.767265550E2
2.745820619E1,2.856373860E-2,5.424946430E-4,1.422278583E-3,9.995908141E-1,1.767263914E2,1.646904139E-1,-5.748452927E-2,1.767263050E2
2.746320619E1,2.856795945E-2,5.468881573E-4,1.419601031E-3,9.995906949E-1,1.767259075E2,1.643983405E-1,-5.799585314E-2,1.767258205E2
2.746820619E1,2.856592815E-2,5.441638059E-4,1.419554465E-3,9.995907545E-1,1.767261404E2,1.643839701E-1,-5.768427968E-2,1.767260539E2
2.747320619E1,2.855973912E-2,5.401539966E-4,1.419701963E-3,9.995909333E-1,1.767268499E2,1.643873841E-1,-5.722551230E-2,1.767267640E2
2.747820619E1,2.856384152E-2,5.436443607E-4,1.419770531E-3,9.995908141E-1,1.767263796E2,1.644068986E-1,-5.762441590E-2,1.767262932E2
2.748320619E1,2.856383359E-2,5.429896992E-4,1.420180430E-3,9.995908141E-1,1.767263805E2,1.644517070E-1,-5.754808749E-2,1.767262941E2
2.748820619E1,2.856380937E-2,5.426372518E-4,1.420802088E-3,9.995908141E-1,1.767263833E2,1.645217596E-1,-5.750568564E-2,1.767262969E2
2.749320619E1,2.856172556E-2,5.419881199E-4,1.421007095E-3,9.995908737E-1,1.767266222E2,1.645429976E-1,-5.743100301E-2,1.767265359E2
2.749820619E1,2.856186660E-2,5.411894526E-4,1.418474247E-3,9.995908737E-1,1.767266060E2,1.642502665E-1,-5.734778679E-2,1.767265200E2
2.750320619E1,2.856195028E-2,5.418190267E-4,1.416547806E-3,9.995908737E-1,1.767265964E2,1.640316679E-1,-5.742619275E-2,1.767265105E2
2.750820619E1,2.856176110E-2,5.421829410E-4,1.420218148E-3,9.995908737E-1,1.767266181E2,1.644532675E-1,-5.745589512E-2,1.767265319E2
2.751320619E1,2.856576233E-2,5.447528092E-4,1.422661939E-3,9.995907545E-1,1.767261594E2,1.647418342E-1,-5.774160188E-2,1.767260726E2
2.751820619E1,2.857014576E-2,5.490513868E-4,1.416733954E-3,9.995906353E-1,1.767256569E2,1.640771410E-1,-5.825266676E-2,1.767255697E2
2.752320619E1,2.856609557E-2,5.448835436E-4,1.415904611E-3,9.995907545E-1,1.767261212E2,1.639682637E-1,-5.777864216E-2,1.767260348E2
2.752820619E1,2.856419282E-2,5.437867949E-4,1.412630314E-3,9.995908141E-1,1.767263393E2,1.635895093E-1,-5.766404530E-2,1.767262533E2
2.753320619E1,2.856208663E-2,5.420733360E-4,1.413698308E-3,9.995908737E-1,1.767265808E2,1.637061126E-1,-5.746462674E-2,1.767264949E2
2.753820619E1,2.856610125E-2,5.451794132E-4,1.415676204E-3,9.995907545E-1,1.767261206E2,1.639430697E-1,-5.781327921E-2,1.767260341E2
2.754320619E1,2.857637916E-2,5.531218485E-4,1.415596227E-3,9.995904565E-1,1.767249423E2,1.639605136E-1,-5.872161893E-2,1.767248545E2
2.754820619E1,2.857216416E-2,5.505992449E-4,1.417482737E-3,9.995905757E-1,1.767254255E2,1.641680962E-1,-5.842718266E-2,1.767253380E2
2.755320619E1,2.858068488E-2,5.567486514E-4,1.411419944E-3,9.995903373E-1,1.767244487E2,1.634942737E-1,-5.915002166E-2,1.767243606E2
2.755820619E1,2.857455098E-2,5.517446552E-4,1.410941593E-3,9.995905161E-1,1.767251519E2,1.634227317E-1,-5.857941024E-2,1.767250646E2
2.756320619E1,2.857034425E-2,5.485982401E-4,1.412901445E-3,9.995906353E-1,1.767256341E2,1.636366744E-1,-5.821327632E-2,1.767255473E2
2.756820619E1,2.857641078E-2,5.538577680E-4,1.414669910E-3,9.995904565E-1,1.767249387E2,1.638568206E-1,-5.880894280E-2,1.767248508E2
2.757320619E1,2.858283062E-2,5.584438331E-4,1.409509918E-3,9.995902777E-1,1.767242027E2,1.632811697E-1,-5.935010085E-2,1.767241144E2
2.757820619E1,2.858892204E-2,5.641071475E-4,1.410526573E-3,9.995900989E-1,1.767235044E2,1.634165388E-1,-5.999447728E-2,1.767234151E2
2.758320619E1,2.858296160E-2,5.587119376E-4,1.406744937E-3,9.995902777E-1,1.767241877E2,1.629653413E-1,-5.938984596E-2,1.767240995E2
2.758820619E1,2.857270434E-2,5.500100087E-4,1.406782656E-3,9.995905757E-1,1.767253636E2,1.629405583E-1,-5.839463517E-2,1.767252768E2
2.759320619E1,2.857276558E-2,5.506464513E-4,1.405289047E-3,9.995905757E-1,1.767253566E2,1.627715606E-1,-5.847241679E-2,1.767252698E2
2.759820619E1,2.858106119E-2,5.572987138E-4,1.403560862E-3,9.995903373E-1,1.767244056E2,1.625958799E-1,-5.923870719E-2,1.767243178E2
2.760320619E1,2.858513637E-2,5.607159110E-4,1.404108480E-3,9.995902181E-1,1.767239384E2,1.626700425E-1,-5.962767205E-2,1.767238500E2
2.760820619E1,2.858718990E-2,5.613795947E-4,1.404468319E-3,9.995901585E-1,1.767237030E2,1.627135571E-1,-5.970218045E-2,1.767236145E2
2.761320619E1,2.858130849E-2,5.582320155E-4,1.398143591E-3,9.995903373E-1,1.767243772E2,1.619784308E-1,-5.936331468E-2,1.767242896E2
2.761820619E1,2.856484835E-2,5.441334215E-4,1.399177359E-3,9.995908141E-1,1.767262642E2,1.620497137E-1,-5.774767889E-2,1.767261788E2
2.762320619E1,2.856246217E-2,5.433006445E-4,1.405616757E-3,9.995908737E-1,1.767265377E2,1.627844504E-1,-5.763159871E-2,1.767264522E2
2.762820619E1,2.858096646E-2,5.579221179E-4,1.405241084E-3,9.995903373E-1,1.767244164E2,1.627903771E-1,-5.930462708E-2,1.767243284E2
2.763320619E1,2.859116963E-2,5.647406215E-4,1.406951691E-3,9.995900393E-1,1.767232468E2,1.630092649E-1,-6.007838361E-2,1.767231575E2
2.763820619E1,2.857462029E-2,5.522025749E-4,1.409357879E-3,9.995905161E-1,1.767251440E2,1.632428289E-1,-5.863703703E-2,1.767250567E2
2.764320619E1,2.855816227E-2,5.382365780E-4,1.410151483E-3,9.995909929E-1,1.767270307E2,1.632870590E-1,-5.703739649E-2,1.767269457E2
2.764820619E1,2.856658862E-2,5.455755163E-4,1.405653660E-3,9.995907545E-1,1.767260647E2,1.627963628E-1,-5.789138038E-2,1.767259787E2
2.765320619E1,2.858921931E-2,5.633425899E-4,1.404795330E-3,9.995900989E-1,1.767234703E2,1.627575672E-1,-5.992562929E-2,1.767233815E2
2.765820619E1,2.859342203E-2,5.673577543E-4,1.402465045E-3,9.995899796E-1,1.767229885E2,1.625040539E-1,-6.039249594E-2,1.767228992E2
2.766320619E1,2.858915798E-2,5.639427109E-4,1.405802206E-3,9.995900989E-1,1.767234774E2,1.628748622E-1,-5.999108120E-2,1.767233883E2
2.766820619E1,2.858114157E-2,5.573855597E-4,1.401888556E-3,9.995903373E-1,1.767243964E2,1.624046149E-1,-5.925411906E-2,1.767243087E2
2.767320619E1,2.857720105E-2,5.539531121E-4,1.398577355E-3,9.995904565E-1,1.767248481E2,1.620138590E-1,-5.887243427E-2,1.767247612E2
2.767820619E1,2.858121720E-2,5.567762419E-4,1.400588197E-3,9.995903373E-1,1.767243877E2,1.622536741E-1,-5.918857169E-2,1.767243002E2
2.768320619E1,2.859355768E-2,5.667935475E-4,1.399925211E-3,9.995899796E-1,1.767229730E2,1.622112884E-1,-6.033616924E-2,1.767228839E2
2.768820619E1,2.858740143E-2,5.627898499E-4,1.399589935E-3,9.995901585E-1,1.767236787E2,1.621593960E-1,-5.987966459E-2,1.767235903E2
2.769320619E1,2.857695279E-2,5.540978746E-4,1.403583796E-3,9.995904565E-1,1.767248766E2,1.625877808E-1,-5.887266134E-2,1.767247893E2
2.769820619E1,2.857458326E-2,5.523691070E-4,1.410043216E-3,9.995905161E-1,1.767251482E2,1.633218739E-1,-5.865387431E-2,1.767250608E2
2.770320619E1,2.858710665E-2,5.626077182E-4,1.405670890E-3,9.995901585E-1,1.767237125E2,1.628553239E-1,-5.983892940E-2,1.767236237E2
2.770820619E1,2.859164028E-2,5.665773060E-4,1.396610984E-3,9.995900393E-1,1.767231928E2,1.618308364E-1,-6.032257001E-2,1.767231039E2
2.771320619E1,2.858562558E-2,5.607708008E-4,1.394091290E-3,9.995902181E-1,1.767238823E2,1.615228337E-1,-5.966669371E-2,1.767237945E2
2.771820619E1,2.857918275E-2,5.558591220E-4,1.399927540E-3,9.995903969E-1,1.767246209E2,1.621748750E-1,-5.908601442E-2,1.767245336E2
2.772320619E1,2.857491908E-2,5.526180612E-4,1.403123257E-3,9.995905161E-1,1.767251097E2,1.625300627E-1,-5.870499546E-2,1.767250227E2
2.772820619E1,2.858755175E-2,5.628853687E-4,1.396477572E-3,9.995901585E-1,1.767236615E2,1.618032126E-1,-5.990077742E-2,1.767235732E2
2.773320619E1,2.859758523E-2,5.710206460E-4,1.401057234E-3,9.995898604E-1,1.767225113E2,1.623550524E-1,-6.081599712E-2,1.767224214E2
2.773820619E1,2.860361548E-2,5.749316188E-4,1.403931412E-3,9.995896816E-1,1.767218200E2,1.626974617E-1,-6.125357731E-2,1.767217292E2
2.774320619E1,2.859338050E-2,5.673547857E-4,1.403312548E-3,9.995899796E-1,1.767229933E2,1.626011188E-1,-6.038938568E-2,1.767229039E2
2.774820619E1,2.858695485E-2,5.621378659E-4,1.408942160E-3,9.995901585E-1,1.767237299E2,1.632284828E-1,-5.977441868E-2,1.767236410E2
2.775320619E1,2.859334752E-2,5.661543692E-4,1.404468901E-3,9.995899796E-1,1.767229971E2,1.627296376E-1,-6.024810084E-2,1.767229078E2
2.775820619E1,2.860130899E-2,5.734215374E-4,1.409091754E-3,9.995897412E-1,1.767220844E2,1.632834612E-1,-6.106406775E-2,1.767219936E2
2.776320619E1,2.860363303E-2,5.746710813E-4,1.403680420E-3,9.995896816E-1,1.767218180E2,1.626678589E-1,-6.122455400E-2,1.767217273E2
2.776820619E1,2.858918542E-2,5.643800832E-4,1.405068557E-3,9.995900989E-1,1.767234742E2,1.627922610E-1,-6.004357894E-2,1.767233852E2
2.777320619E1,2.857476337E-2,5.514813820E-4,1.406736905E-3,9.995905161E-1,1.767251275E2,1.629402563E-1,-5.856298729E-2,1.767250405E2
2.777820619E1,2.857041202E-2,5.484039430E-4,1.411605976E-3,9.995906353E-1,1.767256264E2,1.634876526E-1,-5.819525091E-2,1.767255396E2
2.778320619E1,2.857647626E-2,5.536628887E-4,1.413423102E-3,9.995904565E-1,1.767249312E2,1.637133708E-1,-5.879069263E-2,1.767248434E2
2.778820619E1,2.857853881E-2,5.549381603E-4,1.413374091E-3,9.995903969E-1,1.767246947E2,1.637120548E-1,-5.893659087E-2,1.767246068E2
2.779320619E1,2.857249408E-2,5.507904571E-4,1.410742174E-3,9.995905757E-1,1.767253877E2,1.633966442E-1,-5.847110115E-2,1.767253006E2
2.779820619E1,2.856632926E-2,5.453044432E-4,1.411019359E-3,9.995907545E-1,1.767260944E2,1.634100741E-1,-5.784280776E-2,1.767260082E2
2.780320619E1,2.855805999E-2,5.394105683E-4,1.411773381E-3,9.995909929E-1,1.767270424E2,1.634766757E-1,-5.716657976E-2,1.767269571E2
2.780820619E1,2.856431210E-2,5.435855128E-4,1.410293742E-3,9.995908141E-1,1.767263257E2,1.633212147E-1,-5.764861833E-2,1.767262398E2
2.781320619E1,2.857844832E-2,5.554985837E-4,1.414982602E-3,9.995903969E-1,1.767247051E2,1.638981316E-1,-5.899553141E-2,1.767246169E2
2.781820619E1,2.858057397E-2,5.572237424E-4,1.413476770E-3,9.995903373E-1,1.767244614E2,1.637314222E-1,-5.919772244E-2,1.767243731E2
2.782320619E1,2.856003069E-2,5.398646463E-4,1.413934864E-3,9.995909333E-1,1.767268165E2,1.637258616E-1,-5.721119553E-2,1.767267310E2
2.782820619E1,2.855800370E-2,5.381414085E-4,1.413395396E-3,9.995909929E-1,1.767270488E2,1.636583125E-1,-5.701590522E-2,1.767269637E2
2.783320619E1,2.856213890E-2,5.413104664E-4,1.412934391E-3,9.995908737E-1,1.767265748E2,1.636161156E-1,-5.737973587E-2,1.767264891E2
2.783820619E1,2.857227092E-2,5.497283419E-4,1.415667706E-3,9.995905757E-1,1.767254133E2,1.639573481E-1,-5.833335067E-2,1.767253260E2
2.784320619E1,2.857411160E-2,5.506866146E-4,1.420222805E-3,9.995905161E-1,1.767252023E2,1.644823570E-1,-5.842789836E-2,1.767251146E2
2.784820619E1,2.856374779E-2,5.426852731E-4,1.422021305E-3,9.995908141E-1,1.767263904E2,1.646615685E-1,-5.750720556E-2,1.767263039E2
2.785320619E1,2.855576439E-2,5.373891909E-4,1.416767715E-3,9.995910525E-1,1.767273056E2,1.640420053E-1,-5.691907392E-2,1.767272203E2
2.785820619E1,2.854991201E-2,5.325898528E-4,1.410350320E-3,9.995912313E-1,1.767279765E2,1.632908890E-1,-5.639129100E-2,1.767278924E2
2.786320619E1,2.855794646E-2,5.387496203E-4,1.414319966E-3,9.995909929E-1,1.767270554E2,1.637662046E-1,-5.708255630E-2,1.767269701E2
2.786820619E1,2.856806087E-2,5.466510775E-4,1.417650026E-3,9.995906949E-1,1.767258959E2,1.641740925E-1,-5.797506733E-2,1.767258091E2
2.787320619E1,2.856192095E-2,5.415534833E-4,1.417240477E-3,9.995908737E-1,1.767265998E2,1.641101391E-1,-5.739351384E-2,1.767265138E2
2.787820619E1,2.854561368E-2,5.285190418E-4,1.414391096E-3,9.995913506E-1,1.767284692E2,1.637401802E-1,-5.591248504E-2,1.767283856E2
2.788320619E1,2.854339467E-2,5.272646085E-4,1.417514402E-3,9.995914102E-1,1.767287236E2,1.640937120E-1,-5.575894368E-2,1.767286400E2
2.788820619E1,2.855355171E-2,5.348281702E-4,1.420274843E-3,9.995911121E-1,1.767275592E2,1.644352230E-1,-5.661461001E-2,1.767274742E2
2.789320619E1,2.855980142E-2,5.396454362E-4,1.418641652E-3,9.995909333E-1,1.767268428E2,1.642642699E-1,-5.717071935E-2,1.767267570E2
2.789820619E1,2.855800838E-2,5.394641776E-4,1.412796439E-3,9.995909929E-1,1.767270483E2,1.635940343E-1,-5.716938080E-2,1.767269630E2
2.790320619E1,2.855576178E-2,5.368113634E-4,1.417039195E-3,9.995910525E-1,1.767273059E2,1.640712110E-1,-5.685199889E-2,1.767272207E2
2.790820619E1,2.855372285E-2,5.359993083E-4,1.416387269E-3,9.995911121E-1,1.767275396E2,1.639937629E-1,-5.676145010E-2,1.767274546E2
2.791320619E1,2.855595768E-2,5.376622430E-4,1.412762445E-3,9.995910525E-1,1.767272834E2,1.635841264E-1,-5.696342557E-2,1.767271983E2
2.791820619E1,2.855802263E-2,5.392240128E-4,1.412600162E-3,9.995909929E-1,1.767270467E2,1.635707667E-1,-5.714251119E-2,1.767269614E2
2.792320619E1,2.856585601E-2,5.440828390E-4,1.421036432E-3,9.995907545E-1,1.767261487E2,1.645534527E-1,-5.767016601E-2,1.767260621E2
2.792820619E1,2.856394113E-2,5.435835919E-4,1.417788211E-3,9.995908141E-1,1.767263682E2,1.641796407E-1,-5.762392745E-2,1.767262819E2
2.793320619E1,2.855804337E-2,5.390559090E-4,1.412244863E-3,9.995909929E-1,1.767270443E2,1.635295199E-1,-5.712441516E-2,1.767269590E2
2.793820619E1,2.855611937E-2,5.381545634E-4,1.409302582E-3,9.995910525E-1,1.767272649E2,1.631894368E-1,-5.703111379E-2,1.767271799E2
2.794320619E1,2.856391857E-2,5.431295722E-4,1.418416738E-3,9.995908141E-1,1.767263708E2,1.642501477E-1,-5.756986826E-2,1.767262845E2
2.794820619E1,2.856403605E-2,5.427124561E-4,1.416208805E-3,9.995908141E-1,1.767263573E2,1.639958815E-1,-5.752929772E-2,1.767262712E2
2.795320619E1,2.855790404E-2,5.387771525E-4,1.415165840E-3,9.995909929E-1,1.767270603E2,1.638631829E-1,-5.708294873E-2,1.767269749E2
2.795820619E1,2.855793689E-2,5.395062617E-4,1.414224855E-3,9.995909929E-1,1.767270565E2,1.637577859E-1,-5.716953840E-2,1.767269711E2
2.796320619E1,2.855378137E-2,5.348440609E-4,1.415644190E-3,9.995911121E-1,1.767275329E2,1.639048700E-1,-5.663154443E-2,1.767274481E2
2.796820619E1,2.855179781E-2,5.334681482E-4,1.414082828E-3,9.995911717E-1,1.767277603E2,1.637214093E-1,-5.647937472E-2,1.767276758E2
2.797320619E1,2.855817283E-2,5.388032296E-4,1.409721095E-3,9.995909929E-1,1.767270295E2,1.632396155E-1,-5.710371020E-2,1.767269444E2
2.797820619E1,2.856403048E-2,5.440124078E-4,1.415822306E-3,9.995908141E-1,1.767263579E2,1.639558650E-1,-5.767946633E-2,1.767262717E2
2.798320619E1,2.856619260E-2,5.450536846E-4,1.413880149E-3,9.995907545E-1,1.767261101E2,1.637369343E-1,-5.780474214E-2,1.767260237E2
2.798820619E1,2.855807479E-2,5.389187718E-4,1.411661739E-3,9.995909929E-1,1.767270407E2,1.634622789E-1,-5.711061001E-2,1.767269555E2
2.799320619E1,2.855997493E-2,5.395971821E-4,1.415162813E-3,9.995909333E-1,1.767268229E2,1.638656384E-1,-5.717654920E-2,1.767267374E2
2.799820619E1,2.856602667E-2,5.444659037E-4,1.417454449E-3,9.995907545E-1,1.767261291E2,1.641444185E-1,-5.772574160E-2,1.767260426E2
2.800320619E1,2.857005258E-2,5.475059152E-4,1.419208944E-3,9.995906353E-1,1.767256676E2,1.643555730E-1,-5.806755345E-2,1.767255805E2
2.800820619E1,2.856395245E-2,5.436542560E-4,1.417533145E-3,9.995908141E-1,1.767263669E2,1.641506561E-1,-5.763285469E-2,1.767262806E2
2.801320619E1,2.854973158E-2,5.328347906E-4,1.413905760E-3,9.995912313E-1,1.767279972E2,1.636989381E-1,-5.640774467E-2,1.767279128E2
2.801820619E1,2.854963756E-2,5.313620786E-4,1.416356419E-3,9.995912313E-1,1.767280079E2,1.639748251E-1,-5.623105099E-2,1.767279237E2
2.802320619E1,2.855390736E-2,5.362567608E-4,1.412565121E-3,9.995911121E-1,1.767275184E2,1.635568080E-1,-5.680341620E-2,1.767274336E2
2.802820619E1,2.855816814E-2,5.390968290E-4,1.409703982E-3,9.995909929E-1,1.767270300E2,1.632386159E-1,-5.713739724E-2,1.767269449E2
2.803320619E1,2.855815146E-2,5.392358289E-4,1.409988734E-3,9.995909929E-1,1.767270319E2,1.632716867E-1,-5.715238978E-2,1.767269467E2
2.803820619E1,2.854971723E-2,5.326325772E-4,1.414271770E-3,9.995912313E-1,1.767279988E2,1.637402003E-1,-5.638338708E-2,1.767279145E2
2.804320619E1,2.854979623E-2,5.323467776E-4,1.412783866E-3,9.995912313E-1,1.767279897E2,1.635688377E-1,-5.635550521E-2,1.767279056E2
2.804820619E1,2.854576168E-2,5.300222547E-4,1.410837169E-3,9.995913506E-1,1.767284523E2,1.633380214E-1,-5.609627151E-2,1.767283686E2
2.805320619E1,2.854976583E-2,5.325700622E-4,1.413313788E-3,9.995912313E-1,1.767279932E2,1.636302665E-1,-5.637935254E-2,1.767279090E2
2.805820619E1,2.855594254E-2,5.377916968E-4,1.413019258E-3,9.995910525E-1,1.767272851E2,1.636139657E-1,-5.697741592E-2,1.767272000E2
2.806320619E1,2.855390515E-2,5.354488385E-4,1.412916230E-3,9.995911121E-1,1.767275187E2,1.635943818E-1,-5.670972445E-2,1.767274340E2
2.806820619E1,2.854154489E-2,5.256448640E-4,1.413324615E-3,9.995914698E-1,1.767289357E2,1.636083915E-1,-5.558741765E-2,1.767288526E2
2.807320619E1,2.853951879E-2,5.248601083E-4,1.412374550E-3,9.995915294E-1,1.767291679E2,1.634968869E-1,-5.550096677E-2,1.767290850E2
2.807820619E1,2.854563524E-2,5.283376668E-4,1.414023689E-3,9.995913506E-1,1.767284667E2,1.636975035E-1,-5.589290780E-2,1.767283832E2
2.808320619E1,2.854767817E-2,5.310375127E-4,1.413904480E-3,9.995912910E-1,1.767282326E2,1.636927956E-1,-5.620221639E-2,1.767281485E2
2.808820619E1,2.854569338E-2,5.290455301E-4,1.412584563E-3,9.995913506E-1,1.767284601E2,1.635349777E-1,-5.597868796E-2,1.767283765E2
2.809320619E1,2.854764868E-2,5.302506033E-4,1.414794824E-3,9.995912910E-1,1.767282359E2,1.637922040E-1,-5.610917221E-2,1.767281520E2
2.809820619E1,2.854968991E-2,5.328165134E-4,1.414753962E-3,9.995912313E-1,1.767280019E2,1.637960333E-1,-5.640288293E-2,1.767279176E2
2.810320619E1,2.854590661E-2,5.294336006E-4,1.408123062E-3,9.995913506E-1,1.767284356E2,1.630252165E-1,-5.603769900E-2,1.767283522E2
2.810820619E1,2.853748742E-2,5.233543925E-4,1.411794685E-3,9.995915890E-1,1.767294008E2,1.634254292E-1,-5.533072344E-2,1.767293182E2
2.811320619E1,2.854750202E-2,5.309303524E-4,1.417496707E-3,9.995912910E-1,1.767282527E2,1.641039069E-1,-5.617821901E-2,1.767281685E2
2.811820619E1,2.855550989E-2,5.370788276E-4,1.422005240E-3,9.995910525E-1,1.767273347E2,1.646409074E-1,-5.686642641E-2,1.767272492E2
2.812320619E1,2.855357943E-2,5.356641486E-4,1.419402310E-3,9.995911121E-1,1.767275560E2,1.643380158E-1,-5.671321737E-2,1.767274709E2
2.812820619E1,2.854517857E-2,5.275562289E-4,1.423502690E-3,9.995913506E-1,1.767285191E2,1.647806940E-1,-5.577246599E-2,1.767284351E2
2.813320619E1,2.854080762E-2,5.250585964E-4,1.428351272E-3,9.995914698E-1,1.767290202E2,1.653276618E-1,-5.547123791E-2,1.767289364E2
2.813820619E1,2.854282608E-2,5.267699016E-4,1.429100055E-3,9.995914102E-1,1.767287888E2,1.654191410E-1,-5.566447595E-2,1.767287046E2
2.814320619E1,2.854474106E-2,5.278034951E-4,1.432157820E-3,9.995913506E-1,1.767285693E2,1.657728805E-1,-5.577254958E-2,1.767284848E2
2.814820619E1,2.855081566E-2,5.329066771E-4,1.433984609E-3,9.995911717E-1,1.767278729E2,1.659991663E-1,-5.635010795E-2,1.767277874E2
2.815320619E1,2.855482049E-2,5.357621703E-4,1.436274033E-3,9.995910525E-1,1.767274138E2,1.662709783E-1,-5.666903303E-2,1.767273277E2
2.815820619E1,2.854869711E-2,5.315354792E-4,1.435123384E-3,9.995912313E-1,1.767281157E2,1.661250016E-1,-5.618967074E-2,1.767280304E2
2.816320619E1,2.854266313E-2,5.262179766E-4,1.432553749E-3,9.995914102E-1,1.767288075E2,1.658129299E-1,-5.558998633E-2,1.767287232E2
2.816820619E1,2.854225498E-2,5.253233248E-4,1.440989436E-3,9.995914102E-1,1.767288543E2,1.667762469E-1,-5.545998501E-2,1.767287697E2
2.817320619E1,2.855870056E-2,5.382135278E-4,1.441168715E-3,9.995909333E-1,1.767269690E2,1.668398825E-1,-5.693315894E-2,1.767268822E2
2.817820619E1,2.855871108E-2,5.393872852E-4,1.440521330E-3,9.995909333E-1,1.767269678E2,1.667695698E-1,-5.706972357E-2,1.767268808E2
2.818320619E1,2.855450756E-2,5.352912121E-4,1.442656852E-3,9.995910525E-1,1.767274496E2,1.670005394E-1,-5.659425348E-2,1.767273633E2
2.818820619E1,2.853800548E-2,5.228660302E-4,1.443352783E-3,9.995915294E-1,1.767293414E2,1.670386844E-1,-5.517149489E-2,1.767292571E2
2.819320619E1,2.853810313E-2,5.219976301E-4,1.441735541E-3,9.995915294E-1,1.767293302E2,1.668506027E-1,-5.507729677E-2,1.767292462E2
2.819820619E1,2.854227956E-2,5.261327024E-4,1.440206892E-3,9.995914102E-1,1.767288514E2,1.666892592E-1,-5.555525040E-2,1.767287668E2
2.820320619E1,2.855472509E-2,5.355109461E-4,1.438263105E-3,9.995910525E-1,1.767274247E2,1.664979891E-1,-5.663376381E-2,1.767273386E2
2.820820619E1,2.855678618E-2,5.365819088E-4,1.438367530E-3,9.995909929E-1,1.767271884E2,1.665135720E-1,-5.675575190E-2,1.767271021E2
2.821320619E1,2.854244672E-2,5.263525527E-4,1.436809776E-3,9.995914102E-1,1.767288323E2,1.663008649E-1,-5.559151655E-2,1.767287478E2
2.821820619E1,2.852994264E-2,5.161659792E-4,1.440040418E-3,9.995917678E-1,1.767302657E2,1.666369182E-1,-5.441621562E-2,1.767301828E2
2.822320619E1,2.852966577E-2,5.151114892E-4,1.445891336E-3,9.995917678E-1,1.767302975E2,1.673036492E-1,-5.427634675E-2,1.767302144E2
2.822820619E1,2.855022863E-2,5.317667383E-4,1.446044887E-3,9.995911717E-1,1.767279402E2,1.673768480E-1,-5.618017378E-2,1.767278542E2
2.823320619E1,2.855258585E-2,5.333815352E-4,1.440098160E-3,9.995911121E-1,1.767276699E2,1.667010965E-1,-5.638420309E-2,1.767275841E2
2.823820619E1,2.853837925E-2,5.225781933E-4,1.436048304E-3,9.995915294E-1,1.767292986E2,1.662010717E-1,-5.516235039E-2,1.767292147E2
2.824320619E1,2.851967207E-2,5.083150463E-4,1.439405605E-3,9.995920658E-1,1.767314431E2,1.665379847E-1,-5.352071866E-2,1.767313615E2
2.824820619E1,2.852413467E-2,5.109882331E-4,1.432801830E-3,9.995919466E-1,1.767309315E2,1.657905319E-1,-5.384776070E-2,1.767308498E2
2.825320619E1,2.853458512E-2,5.206206697E-4,1.429159893E-3,9.995916486E-1,1.767297335E2,1.654054277E-1,-5.496128159E-2,1.767296504E2
2.825820619E1,2.854694664E-2,5.301051424E-4,1.428944175E-3,9.995912910E-1,1.767283164E2,1.654124263E-1,-5.604633830E-2,1.767282317E2
2.826320619E1,2.854470891E-2,5.281603662E-4,1.432667021E-3,9.995913506E-1,1.767285729E2,1.658323725E-1,-5.581176700E-2,1.767284884E2
2.826820619E1,2.853635390E-2,5.217348225E-4,1.435113722E-3,9.995915890E-1,1.767295307E2,1.660911501E-1,-5.506913961E-2,1.767294471E2
2.827320619E1,2.852195744E-2,5.103348522E-4,1.434792764E-3,9.995920062E-1,1.767311811E2,1.660163308E-1,-5.376677310E-2,1.767310994E2
2.827820619E1,2.852799496E-2,5.145064788E-4,1.437844359E-3,9.995918274E-1,1.767304890E2,1.663798390E-1,-5.423363240E-2,1.767304064E2
2.828320619E1,2.854241191E-2,5.263491184E-4,1.437502331E-3,9.995914102E-1,1.767288363E2,1.663801805E-1,-5.558886376E-2,1.767287517E2
2.828820619E1,2.855057379E-2,5.318351905E-4,1.439188723E-3,9.995911717E-1,1.767279006E2,1.665917521E-1,-5.621038844E-2,1.767278150E2
2.829320619E1,2.853211287E-2,5.169783835E-4,1.438123756E-3,9.995917082E-1,1.767300169E2,1.664201486E-1,-5.451517728E-2,1.767299339E2
2.829820619E1,2.852161478E-2,5.099076661E-4,1.441739500E-3,9.995920062E-1,1.767312204E2,1.668106305E-1,-5.369519320E-2,1.767311384E2
2.830320619E1,2.854007563E-2,5.230641109E-4,1.443627640E-3,9.995914698E-1,1.767291041E2,1.670709299E-1,-5.519293913E-2,1.767290198E2
2.830820619E1,2.855058319E-2,5.323729129E-4,1.438803389E-3,9.995911717E-1,1.767278995E2,1.665493738E-1,-5.627324086E-2,1.767278139E2
2.831320619E1,2.854858143E-2,5.310061388E-4,1.437618397E-3,9.995912313E-1,1.767281290E2,1.664090546E-1,-5.612089432E-2,1.767280437E2
2.831820619E1,2.853820546E-2,5.217593280E-4,1.439794898E-3,9.995915294E-1,1.767293185E2,1.666275379E-1,-5.505632996E-2,1.767292346E2
2.832320619E1,2.853204943E-2,5.167825148E-4,1.439452055E-3,9.995917082E-1,1.767300242E2,1.665716547E-1,-5.448840906E-2,1.767299412E2
2.832820619E1,2.854028290E-2,5.247464287E-4,1.438911655E-3,9.995914698E-1,1.767290803E2,1.665362512E-1,-5.540102912E-2,1.767289960E2
2.833320619E1,2.854851680E-2,5.302627687E-4,1.439175452E-3,9.995912313E-1,1.767281364E2,1.665849718E-1,-5.603066204E-2,1.767280511E2
2.833820619E1,2.854856044E-2,5.303268554E-4,1.438285806E-3,9.995912313E-1,1.767281314E2,1.664832794E-1,-5.604090604E-2,1.767280461E2
2.834320619E1,2.854656766E-2,5.289844121E-4,1.436908380E-3,9.995912910E-1,1.767283599E2,1.663209987E-1,-5.589197406E-2,1.767282749E2
2.834820619E1,2.854258706E-2,5.252166884E-4,1.434435719E-3,9.995914102E-1,1.767288162E2,1.660252208E-1,-5.546915104E-2,1.767287320E2
2.835320619E1,2.854254269E-2,5.264047650E-4,1.434882986E-3,9.995914102E-1,1.767288213E2,1.660803368E-1,-5.560378342E-2,1.767287369E2
2.835820619E1,2.855911518E-2,5.384770921E-4,1.432829886E-3,9.995909333E-1,1.767269214E2,1.658855977E-1,-5.699057031E-2,1.767268351E2
2.836320619E1,2.856343406E-2,5.429898156E-4,1.428193413E-3,9.995908141E-1,1.767264263E2,1.653695312E-1,-5.752193830E-2,1.767263395E2
2.836820619E1,2.854688645E-2,5.300583434E-4,1.430163509E-3,9.995912910E-1,1.767283233E2,1.655519385E-1,-5.603699885E-2,1.767282385E2
2.837320619E1,2.854053456E-2,5.236485158E-4,1.434312784E-3,9.995914698E-1,1.767290515E2,1.660058963E-1,-5.529026805E-2,1.767289676E2
2.837820619E1,2.854461949E-2,5.281584454E-4,1.434448292E-3,9.995913506E-1,1.767285832E2,1.660363969E-1,-5.580573517E-2,1.767284985E2
2.838320619E1,2.855913735E-2,5.383514799E-4,1.432435121E-3,9.995909333E-1,1.767269189E2,1.658399696E-1,-5.697747039E-2,1.767268326E2
2.838820619E1,2.855743404E-2,5.385857658E-4,1.424691058E-3,9.995909929E-1,1.767271142E2,1.649535956E-1,-5.702993187E-2,1.767270283E2
2.839320619E1,2.855726106E-2,5.376929766E-4,1.428490505E-3,9.995909929E-1,1.767271340E2,1.653858715E-1,-5.691526241E-2,1.767270480E2
2.839820619E1,2.855089499E-2,5.331932334E-4,1.432297751E-3,9.995911717E-1,1.767278638E2,1.658068872E-1,-5.638843733E-2,1.767277784E2
2.840320619E1,2.855088176E-2,5.334094749E-4,1.432480989E-3,9.995911717E-1,1.767278653E2,1.658285829E-1,-5.641260933E-2,1.767277798E2
2.840820619E1,2.856124860E-2,5.408606958E-4,1.430988312E-3,9.995908737E-1,1.767266769E2,1.656825781E-1,-5.726927285E-2,1.767265902E2
2.841320619E1,2.856940098E-2,5.473403726E-4,1.432329416E-3,9.995906353E-1,1.767257423E2,1.658578769E-1,-5.800574341E-2,1.767256545E2
2.841820619E1,2.856936672E-2,5.474325153E-4,1.432977384E-3,9.995906353E-1,1.767257462E2,1.659323980E-1,-5.801418217E-2,1.767256584E2
2.842320619E1,2.855495559E-2,5.353169399E-4,1.433751895E-3,9.995910525E-1,1.767273983E2,1.659806308E-1,-5.662626483E-2,1.767273124E2
2.842820619E1,2.854876814E-2,5.308428081E-4,1.433966332E-3,9.995912313E-1,1.767281076E2,1.659902049E-1,-5.611410243E-2,1.767280225E2
2.843320619E1,2.855915804E-2,5.386333796E-4,1.431916491E-3,9.995909333E-1,1.767269165E2,1.657814869E-1,-5.701145441E-2,1.767268302E2
2.843820619E1,2.857169040E-2,5.489309551E-4,1.427642768E-3,9.995905757E-1,1.767254798E2,1.653263860E-1,-5.820290115E-2,1.767253920E2
2.844320619E1,2.856951208E-2,5.471697077E-4,1.430176897E-3,9.995906353E-1,1.767257295E2,1.656107644E-1,-5.799322339E-2,1.767256419E2
2.844820619E1,2.856526513E-2,5.443841219E-4,1.432750607E-3,9.995907545E-1,1.767262164E2,1.658962046E-1,-5.766642811E-2,1.767261291E2
2.845320619E1,2.856128644E-2,5.407934077E-4,1.430258155E-3,9.995908737E-1,1.767266725E2,1.655987243E-1,-5.726394887E-2,1.767265859E2
2.845820619E1,2.855959438E-2,5.403665127E-4,1.422530040E-3,9.995909333E-1,1.767268665E2,1.647120134E-1,-5.724062304E-2,1.767267804E2
2.846320619E1,2.855761131E-2,5.379454233E-4,1.421375782E-3,9.995909929E-1,1.767270938E2,1.645717619E-1,-5.696740418E-2,1.767270082E2
2.846820619E1,2.856978455E-2,5.474141799E-4,1.424629590E-3,9.995906353E-1,1.767256983E2,1.649761647E-1,-5.803934283E-2,1.767256109E2
2.847320619E1,2.856964380E-2,5.479237298E-4,1.427253941E-3,9.995906353E-1,1.767257144E2,1.652784309E-1,-5.808914034E-2,1.767256268E2
2.847820619E1,2.856354256E-2,5.433023325E-4,1.425902708E-3,9.995908141E-1,1.767264139E2,1.651081718E-1,-5.756521552E-2,1.767263271E2
2.848320619E1,2.854490989E-2,5.284411600E-4,1.428553136E-3,9.995913506E-1,1.767285499E2,1.653620773E-1,-5.585735401E-2,1.767284655E2
2.848820619E1,2.854500524E-2,5.276814336E-4,1.426927745E-3,9.995913506E-1,1.767285390E2,1.651734169E-1,-5.577563239E-2,1.767284548E2
2.849320619E1,2.855753825E-2,5.377606140E-4,1.422912814E-3,9.995909929E-1,1.767271022E2,1.647472121E-1,-5.694121727E-2,1.767270166E2
2.849820619E1,2.857597654E-2,5.533985095E-4,1.423593261E-3,9.995904565E-1,1.767249885E2,1.648774156E-1,-5.872718746E-2,1.767249002E2
2.850320619E1,2.857578924E-2,5.520906998E-4,1.427854295E-3,9.995904565E-1,1.767250099E2,1.653612015E-1,-5.856346241E-2,1.767249216E2
2.850820619E1,2.856354471E-2,5.420105881E-4,1.426351140E-3,9.995908141E-1,1.767264136E2,1.651553091E-1,-5.741578487E-2,1.767263271E2
2.851320619E1,2.855334838E-2,5.355795729E-4,1.424074406E-3,9.995911121E-1,1.767275825E2,1.648728912E-1,-5.668828027E-2,1.767274972E2
2.851820619E1,2.855319088E-2,5.353428423E-4,1.427317737E-3,9.995911121E-1,1.767276006E2,1.652436149E-1,-5.665057769E-2,1.767275151E2
2.852320619E1,2.855921736E-2,5.389580620E-4,1.430610544E-3,9.995909333E-1,1.767269097E2,1.656329632E-1,-5.705290923E-2,1.767268234E2
2.852820619E1,2.857348893E-2,5.499322433E-4,1.432985300E-3,9.995905161E-1,1.767252736E2,1.659417295E-1,-5.829980246E-2,1.767251854E2
2.853320619E1,2.856761747E-2,5.459315144E-4,1.426832750E-3,9.995906949E-1,1.767259467E2,1.652235457E-1,-5.786265656E-2,1.767258595E2
2.853820619E1,2.855326124E-2,5.340533680E-4,1.426392933E-3,9.995911121E-1,1.767275925E2,1.651334679E-1,-5.650588958E-2,1.767275073E2
2.854320619E1,2.854709582E-2,5.296634627E-4,1.426124945E-3,9.995912910E-1,1.767282993E2,1.650880610E-1,-5.600494419E-2,1.767282148E2
2.854820619E1,2.856177887E-2,5.412921309E-4,1.420200686E-3,9.995908737E-1,1.767266161E2,1.644483525E-1,-5.735391178E-2,1.767265300E2
2.855320619E1,2.856995234E-2,5.485531292E-4,1.420821529E-3,9.995906353E-1,1.767256791E2,1.645437093E-1,-5.818224317E-2,1.767255917E2
2.855820619E1,2.857221457E-2,5.497845705E-4,1.416782732E-3,9.995905757E-1,1.767254197E2,1.640852495E-1,-5.833614975E-2,1.767253324E2
2.856320619E1,2.856414455E-2,5.440731184E-4,1.413495746E-3,9.995908141E-1,1.767263449E2,1.636895746E-1,-5.769401722E-2,1.767262587E2
2.856820619E1,2.856218256E-2,5.427899887E-4,1.411483390E-3,9.995908737E-1,1.767265698E2,1.634547562E-1,-5.755394939E-2,1.767264840E2
2.857320619E1,2.856629051E-2,5.452574696E-4,1.411821810E-3,9.995907545E-1,1.767260989E2,1.635018347E-1,-5.783480666E-2,1.767260126E2
2.857820619E1,2.857680812E-2,5.532544455E-4,1.406858210E-3,9.995904565E-1,1.767248931E2,1.629600776E-1,-5.876535170E-2,1.767248058E2
2.858320619E1,2.859113619E-2,5.645386991E-4,1.407711999E-3,9.995900393E-1,1.767232506E2,1.630956907E-1,-6.005276887E-2,1.767231614E2
2.858820619E1,2.858713774E-2,5.628118524E-4,1.404956682E-3,9.995901585E-1,1.767237090E2,1.627741856E-1,-5.986464652E-2,1.767236202E2
2.859320619E1,2.857066658E-2,5.485617439E-4,1.406382653E-3,9.995906353E-1,1.767255972E2,1.628898790E-1,-5.823038595E-2,1.767255107E2
2.859820619E1,2.856831735E-2,5.467808223E-4,1.412421814E-3,9.995906949E-1,1.767258665E2,1.635756669E-1,-5.800700280E-2,1.767257800E2
2.860320619E1,2.858068232E-2,5.563565646E-4,1.411626465E-3,9.995903373E-1,1.767244490E2,1.635166452E-1,-5.910443424E-2,1.767243609E2
2.860820619E1,2.858482187E-2,5.601525772E-4,1.410720521E-3,9.995902181E-1,1.767239745E2,1.634255539E-1,-5.954153750E-2,1.767238858E2
2.861320619E1,2.854267525E-2,5.265848595E-4,1.389953773E-3,9.995914698E-1,1.767288061E2,1.609345155E-1,-5.577134638E-2,1.767287241E2
2.861820619E1,2.866364021E-2,3.546100634E-4,1.310487278E-3,9.995881915E-1,1.767149388E2,1.512739010E-1,-3.631414725E-2,1.767148879E2
2.862320619E1,2.862365517E-2,-4.336008715E-5,1.276524155E-3,9.995894432E-1,1.767195227E2,1.460767751E-1,9.153696687E-3,1.767195317E2
2.862820619E1,2.869683302E-2,-4.147227155E-4,1.246826723E-3,9.995872974E-1,1.767111337E2,1.414532736E-1,5.160419984E-2,1.767111945E2
2.863320619E1,2.863594511E-2,-6.896125851E-4,1.282074372E-3,9.995888472E-1,1.767181138E2,1.445918819E-1,8.319836668E-2,1.767182153E2
2.863820619E1,2.844014336E-2,-7.121000672E-4,1.259640674E-3,9.995944500E-1,1.767405601E2,1.419652195E-1,8.567276508E-2,1.767406629E2
2.864320619E1,2.837235410E-2,-4.577293585E-4,1.202390646E-3,9.995965958E-1,1.767483314E2,1.362402458E-1,5.634002184E-2,1.767483956E2
2.864820619E1,2.839737099E-2,-1.667101169E-4,1.232086914E-3,9.995959401E-1,1.767454635E2,1.405873737E-1,2.310518665E-2,1.767454893E2
2.865320619E1,2.849207859E-2,1.511842038E-5,1.280289958E-3,9.995931983E-1,1.767346064E2,1.467002616E-1,2.448346284E-3,1.767346068E2
2.865820619E1,2.855935609E-2,8.699974387E-6,1.270495821E-3,9.995912910E-1,1.767268938E2,1.455572225E-1,3.161366133E-3,1.767268952E2
2.866320619E1,2.862685325E-2,-1.496484620E-4,1.243007835E-3,9.995893836E-1,1.767191560E2,1.418889668E-1,2.121896722E-2,1.767191797E2
2.866820619E1,2.866315712E-2,-3.932332038E-4,1.263735234E-3,9.995882511E-1,1.767149942E2,1.434623702E-1,4.919346699E-2,1.767150529E2
2.867320619E1,2.859415198E-2,-5.714217550E-4,1.297002309E-3,9.995900989E-1,1.767229049E2,1.466925155E-1,6.970310720E-2,1.767229908E2
2.867820619E1,2.848893963E-2,-5.163660971E-4,1.292578527E-3,9.995931387E-1,1.767349662E2,1.463728489E-1,6.336687607E-2,1.767350440E2
2.868320619E1,2.839577678E-2,-2.643542539E-4,1.298325253E-3,9.995958805E-1,1.767456462E2,1.478569954E-1,3.450516802E-2,1.767456879E2
2.868820619E1,2.839561143E-2,1.046633115E-4,1.324374462E-3,9.995958805E-1,1.767456652E2,1.520415477E-1,-7.679306646E-3,1.767456521E2
2.869320619E1,2.834794055E-2,4.496998736E-4,1.372764935E-3,9.995970726E-1,1.767511301E2,1.587049678E-1,-4.705171406E-2,1.767510615E2
2.869820619E1,2.843997900E-2,6.906645722E-4,1.365442877E-3,9.995943308E-1,1.767405790E2,1.586559542E-1,-7.466229168E-2,1.767404718E2
2.870320619E1,2.860967457E-2,6.797068054E-4,1.360289985E-3,9.995895028E-1,1.767211254E2,1.580424621E-1,-7.339709780E-2,1.767210204E2
2.870820619E1,2.863238331E-2,4.662614956E-4,1.409503049E-3,9.995889068E-1,1.767185221E2,1.629808498E-1,-4.878305203E-2,1.767184491E2
2.871320619E1,2.858139599E-2,3.660529037E-4,1.417135005E-3,9.995903969E-1,1.767243672E2,1.635243416E-1,-3.728801235E-2,1.767243105E2
2.871820619E1,2.845986836E-2,4.248513724E-4,1.408026437E-3,9.995938540E-1,1.767382989E2,1.626682315E-1,-4.407267123E-2,1.767382328E2
2.872320619E1,2.843823296E-2,6.034602993E-4,1.399084693E-3,9.995943904E-1,1.767407791E2,1.622251325E-1,-6.456411043E-2,1.767406840E2
2.872820619E1,2.852374629E-2,6.985410000E-4,1.402635942E-3,9.995918870E-1,1.767309761E2,1.629482417E-1,-7.542962727E-2,1.767308648E2
2.873320619E1,2.860036925E-2,6.135103758E-4,1.411280013E-3,9.995897412E-1,1.767221921E2,1.636654544E-1,-6.564900841E-2,1.767220945E2
2.873820619E1,2.863250646E-2,4.823062336E-4,1.401580055E-3,9.995889068E-1,1.767185080E2,1.621259657E-1,-5.064686423E-2,1.767184327E2
2.874320619E1,2.854341030E-2,4.108812136E-4,1.413675607E-3,9.995914698E-1,1.767287218E2,1.632733018E-1,-4.244038960E-2,1.767286578E2
2.874820619E1,2.848121743E-2,4.988264991E-4,1.417511608E-3,9.995931983E-1,1.767358515E2,1.639971028E-1,-5.251171754E-2,1.767357726E2
2.875320619E1,2.849380924E-2,6.275324849E-4,1.407507341E-3,9.995927811E-1,1.767344080E2,1.632721021E-1,-6.728493554E-2,1.767343082E2
2.875820619E1,2.856452507E-2,6.570049445E-4,1.399911591E-3,9.995907545E-1,1.767263013E2,1.625032865E-1,-7.067416239E-2,1.767261971E2
2.876320619E1,2.861604798E-2,5.691476399E-4,1.407557866E-3,9.995893240E-1,1.767203947E2,1.630946468E-1,-6.057713857E-2,1.767203047E2
2.876820619E1,2.859842845E-2,4.691756039E-4,1.421503141E-3,9.995898604E-1,1.767224146E2,1.643632917E-1,-4.908305668E-2,1.767223405E2
2.877320619E1,2.853618093E-2,4.593367630E-4,1.418266329E-3,9.995916486E-1,1.767295506E2,1.639572989E-1,-4.797688872E-2,1.767294783E2
2.877820619E1,2.849547222E-2,5.451319157E-4,1.408166601E-3,9.995927811E-1,1.767342173E2,1.630786404E-1,-5.784394441E-2,1.767341313E2
2.878320619E1,2.852951406E-2,6.305013085E-4,1.402521390E-3,9.995917678E-1,1.767303149E2,1.627130958E-1,-6.763546766E-2,1.767302149E2
2.878820619E1,2.859202655E-2,6.247607525E-4,1.406512572E-3,9.995899796E-1,1.767231485E2,1.631556847E-1,-6.695466491E-2,1.767230493E2
2.879320619E1,2.860601164E-2,5.362047232E-4,1.412845100E-3,9.995896220E-1,1.767215453E2,1.635916682E-1,-5.678801221E-2,1.767214605E2
2.879820619E1,2.857126669E-2,4.755272530E-4,1.420709188E-3,9.995906353E-1,1.767255284E2,1.642918115E-1,-4.981766989E-2,1.767254533E2
2.880320619E1,2.852248231E-2,5.047597224E-4,1.426305855E-3,9.995920062E-1,1.767311210E2,1.650260019E-1,-5.315582330E-2,1.767310407E2
2.880820619E1,2.851695693E-2,5.893463967E-4,1.420790213E-3,9.995921254E-1,1.767317544E2,1.646703528E-1,-6.286372768E-2,1.767316602E2
2.881320619E1,2.855815860E-2,6.271125167E-4,1.415742096E-3,9.995909333E-1,1.767270311E2,1.642183087E-1,-6.719937024E-2,1.767269309E2
2.881820619E1,2.858405229E-2,5.749916891E-4,1.420311048E-3,9.995902181E-1,1.767240627E2,1.645726633E-1,-6.120998930E-2,1.767239709E2
2.882320619E1,2.858251990E-2,5.062816199E-4,1.435276587E-3,9.995902777E-1,1.767242384E2,1.660617308E-1,-5.329085385E-2,1.767241573E2
2.882820619E1,2.855322646E-2,4.988308065E-4,1.439779066E-3,9.995911121E-1,1.767275965E2,1.665515249E-1,-5.242753666E-2,1.767275165E2
2.883320619E1,2.853173438E-2,5.523066502E-4,1.432488090E-3,9.995917082E-1,1.767300603E2,1.658901049E-1,-5.858033568E-2,1.767299717E2
2.883820619E1,2.853927823E-2,6.042795139E-4,1.427591662E-3,9.995914698E-1,1.767291955E2,1.654996697E-1,-6.454831721E-2,1.767290983E2
2.884320619E1,2.857068627E-2,5.994991516E-4,1.427399111E-3,9.995905757E-1,1.767255949E2,1.654639899E-1,-6.399618242E-2,1.767254986E2
2.884820619E1,2.859001511E-2,5.557916593E-4,1.433721511E-3,9.995900393E-1,1.767233791E2,1.660462205E-1,-5.896581142E-2,1.767232898E2
2.885320619E1,2.856573537E-2,5.138930283E-4,1.434634672E-3,9.995907545E-1,1.767261625E2,1.660122249E-1,-5.416758990E-2,1.767260802E2
2.885820619E1,2.853217435E-2,5.268933019E-4,1.433297526E-3,9.995917082E-1,1.767300099E2,1.658997508E-1,-5.566664933E-2,1.767299255E2
2.886320619E1,2.852081925E-2,5.746297538E-4,1.433107769E-3,9.995920062E-1,1.767313116E2,1.660334097E-1,-6.113711799E-2,1.767312191E2
2.886820619E1,2.854350572E-2,5.990770878E-4,1.428734628E-3,9.995913506E-1,1.767287109E2,1.656138459E-1,-6.394796804E-2,1.767286145E2
2.887320619E1,2.856106513E-2,5.689262762E-4,1.423748909E-3,9.995908737E-1,1.767266979E2,1.649451925E-1,-6.050776101E-2,1.767266069E2
2.887820619E1,2.855741789E-2,5.237860023E-4,1.430520904E-3,9.995909929E-1,1.767271160E2,1.655729393E-1,-5.531562154E-2,1.767270323E2
2.888320619E1,2.854475646E-2,5.243688938E-4,1.433112309E-3,9.995913506E-1,1.767285675E2,1.658709779E-1,-5.537600927E-2,1.767284835E2
2.888820619E1,2.852743948E-2,5.557127879E-4,1.433523721E-3,9.995918274E-1,1.767305527E2,1.660196151E-1,-5.896781828E-2,1.767304634E2
2.889320619E1,2.852936742E-2,5.806321278E-4,1.426825766E-3,9.995917678E-1,1.767303317E2,1.653339847E-1,-6.184377678E-2,1.767302386E2
2.889820619E1,2.854795255E-2,5.798024358E-4,1.431240817E-3,9.995912313E-1,1.767282011E2,1.658381422E-1,-6.173122228E-2,1.767281079E2
2.890320619E1,2.855892920E-2,5.528336624E-4,1.431068406E-3,9.995909333E-1,1.767269428E2,1.657308056E-1,-5.864083513E-2,1.767268541E2
2.890820619E1,2.854880361E-2,5.310522392E-4,1.433182391E-3,9.995912313E-1,1.767281035E2,1.659010956E-1,-5.614065047E-2,1.767280184E2
2.891320619E1,2.853181978E-2,5.406687269E-4,1.435224200E-3,9.995917082E-1,1.767300505E2,1.661654644E-1,-5.723831198E-2,1.767299637E2
2.891820619E1,2.852499324E-2,5.699961330E-4,1.435031067E-3,9.995918870E-1,1.767308331E2,1.662388220E-1,-6.059938051E-2,1.767307413E2
2.892320619E1,2.853945743E-2,5.862189573E-4,1.431534416E-3,9.995914698E-1,1.767291750E2,1.658922342E-1,-6.246665046E-2,1.767290806E2
2.892820619E1,2.855247977E-2,5.679067690E-4,1.428956864E-3,9.995911121E-1,1.767276821E2,1.655378821E-1,-6.037535826E-2,1.767275910E2
2.893320619E1,2.854684397E-2,5.384816322E-4,1.427862793E-3,9.995912910E-1,1.767283282E2,1.653159572E-1,-5.700937575E-2,1.767282421E2
2.893820619E1,2.853228905E-2,5.369752762E-4,1.427259762E-3,9.995917082E-1,1.767299967E2,1.652411273E-1,-5.684120934E-2,1.767299110E2
2.894320619E1,2.852568553E-2,5.580558209E-4,1.425934141E-3,9.995918870E-1,1.767307537E2,1.651578220E-1,-5.926130142E-2,1.767306645E2
2.894820619E1,2.852329159E-2,5.750548444E-4,1.425285009E-3,9.995919466E-1,1.767310282E2,1.651388916E-1,-6.121096892E-2,1.767309361E2
2.895320619E1,2.853795712E-2,5.728473188E-4,1.425223541E-3,9.995915294E-1,1.767293470E2,1.651255292E-1,-6.095588657E-2,1.767292553E2
2.895820619E1,2.854064208E-2,5.536558456E-4,1.420840854E-3,9.995914698E-1,1.767290392E2,1.645609067E-1,-5.877149421E-2,1.767289510E2
2.896320619E1,2.852416012E-2,5.337725743E-4,1.423961017E-3,9.995919466E-1,1.767309286E2,1.648523408E-1,-5.648648286E-2,1.767308436E2
2.896820619E1,2.850536173E-2,5.358791095E-4,1.423035166E-3,9.995924830E-1,1.767330836E2,1.647521082E-1,-5.673390025E-2,1.767329983E2
2.897320619E1,2.850500756E-2,5.561694852E-4,1.422343892E-3,9.995924830E-1,1.767331242E2,1.647391884E-1,-5.906037546E-2,1.767330355E2
2.897820619E1,2.851109111E-2,5.653318949E-4,1.422465546E-3,9.995923042E-1,1.767324268E2,1.647834200E-1,-6.010848238E-2,1.767323366E2
2.898320619E1,2.852376129E-2,5.595733528E-4,1.422043773E-3,9.995919466E-1,1.767309743E2,1.647170461E-1,-5.944816113E-2,1.767308851E2
2.898820619E1,2.851587107E-2,5.409047008E-4,1.419917331E-3,9.995921850E-1,1.767318789E2,1.644119952E-1,-5.731801206E-2,1.767317928E2
2.899320619E1,2.851344502E-2,5.402414245E-4,1.426912029E-3,9.995922446E-1,1.767321570E2,1.652108973E-1,-5.721958110E-2,1.767320707E2
2.899820619E1,2.850506086E-2,5.559220444E-4,1.421372057E-3,9.995924830E-1,1.767331181E2,1.646270643E-1,-5.903519813E-2,1.767330295E2
2.900320619E1,2.851313957E-2,5.699809408E-4,1.421435620E-3,9.995922446E-1,1.767321920E2,1.646807615E-1,-6.064403424E-2,1.767321010E2
2.900820619E1,2.851953440E-2,5.688010715E-4,1.419362728E-3,9.995920658E-1,1.767314589E2,1.644398537E-1,-6.051460737E-2,1.767313682E2
2.901320619E1,2.852398034E-2,5.573070375E-4,1.418535598E-3,9.995919466E-1,1.767309492E2,1.643078065E-1,-5.919999752E-2,1.767308605E2
2.901820619E1,2.851561597E-2,5.508492468E-4,1.421216642E-3,9.995921850E-1,1.767319081E2,1.645933082E-1,-5.845290476E-2,1.767318203E2
2.902320619E1,2.850723443E-2,5.545379827E-4,1.420238055E-3,9.995924234E-1,1.767328689E2,1.644927766E-1,-5.888000750E-2,1.767327806E2
2.902820619E1,2.850087072E-2,5.656285211E-4,1.417728374E-3,9.995926023E-1,1.767335985E2,1.642411541E-1,-6.015961609E-2,1.767335084E2
2.903320619E1,2.850712383E-2,5.686643999E-4,1.416868065E-3,9.995924234E-1,1.767328816E2,1.641529042E-1,-6.050914345E-2,1.767327911E2
2.903820619E1,2.851380105E-2,5.622454337E-4,1.411210513E-3,9.995922446E-1,1.767321162E2,1.634842881E-1,-5.979127358E-2,1.767320271E2
2.904320619E1,2.851814306E-2,5.522407591E-4,1.411861624E-3,9.995921254E-1,1.767316184E2,1.635264321E-1,-5.864245169E-2,1.767315310E2
2.904820619E1,2.850545369E-2,5.478577223E-4,1.416617190E-3,9.995924830E-1,1.767330731E2,1.640560964E-1,-5.812693871E-2,1.767329861E2
2.905320619E1,2.850139341E-2,5.567284534E-4,1.410726109E-3,9.995926023E-1,1.767335386E2,1.634100397E-1,-5.916294301E-2,1.767334504E2
2.905820619E1,2.849314589E-2,5.635988782E-4,1.405657036E-3,9.995928407E-1,1.767344840E2,1.628513480E-1,-5.996781497E-2,1.767343951E2
2.906320619E1,2.849935046E-2,5.615664413E-4,1.407844829E-3,9.995926619E-1,1.767337728E2,1.630956833E-1,-5.972685377E-2,1.767336840E2
2.906820619E1,2.849697132E-2,5.579930148E-4,1.415086212E-3,9.995927215E-1,1.767340455E2,1.639133366E-1,-5.929427663E-2,1.767339569E2
2.907320619E1,2.849717668E-2,5.568217603E-4,1.411407371E-3,9.995927215E-1,1.767340220E2,1.634881302E-1,-5.917209543E-2,1.767339338E2
2.907820619E1,2.848488909E-2,5.534877419E-4,1.407472882E-3,9.995930791E-1,1.767354306E2,1.630258424E-1,-5.880505316E-2,1.767353432E2
2.908320619E1,2.848044855E-2,5.589921493E-4,1.410493511E-3,9.995931983E-1,1.767359396E2,1.633895455E-1,-5.942642110E-2,1.767358511E2
2.908820619E1,2.848223334E-2,5.696812295E-4,1.412417041E-3,9.995931387E-1,1.767357350E2,1.636448730E-1,-6.064423143E-2,1.767356446E2
2.909320619E1,2.848219017E-2,5.657441216E-4,1.414867933E-3,9.995931387E-1,1.767357400E2,1.639127572E-1,-6.018526311E-2,1.767356501E2
2.909820619E1,2.848048264E-2,5.523365689E-4,1.412425656E-3,9.995931983E-1,1.767359357E2,1.635891425E-1,-5.865774632E-2,1.767358482E2
2.910320619E1,2.848034690E-2,5.506878952E-4,1.415802632E-3,9.995931983E-1,1.767359513E2,1.639705699E-1,-5.845789982E-2,1.767358639E2
2.910820619E1,2.847179055E-2,5.538067198E-4,1.418348053E-3,9.995934367E-1,1.767369322E2,1.642718118E-1,-5.880824414E-2,1.767368441E2
2.911320619E1,2.847210913E-2,5.541337305E-4,1.411810052E-3,9.995934367E-1,1.767368956E2,1.635240006E-1,-5.886698111E-2,1.767368079E2
2.911820619E1,2.846998092E-2,5.563338054E-4,1.411661739E-3,9.995934963E-1,1.767371396E2,1.635140648E-1,-5.911982073E-2,1.767370515E2
2.912320619E1,2.847002669E-2,5.488933530E-4,1.413649879E-3,9.995934963E-1,1.767371344E2,1.637175238E-1,-5.826106026E-2,1.767370474E2
2.912820619E1,2.847231092E-2,5.457570660E-4,1.411003293E-3,9.995934367E-1,1.767368725E2,1.634042695E-1,-5.791007538E-2,1.767367862E2
2.913320619E1,2.847053613E-2,5.462378613E-4,1.404388226E-3,9.995934963E-1,1.767370760E2,1.626480107E-1,-5.798702035E-2,1.767369900E2
2.913820619E1,2.846624881E-2,5.485604634E-4,1.405541901E-3,9.995936155E-1,1.767375675E2,1.627874871E-1,-5.824999706E-2,1.767374810E2
2.914320619E1,2.846591796E-2,5.513360957E-4,1.411145204E-3,9.995936155E-1,1.767376054E2,1.634383543E-1,-5.854970757E-2,1.767375181E2
2.914820619E1,2.847639574E-2,5.565072643E-4,1.408821205E-3,9.995933175E-1,1.767364042E2,1.631896406E-1,-5.914790959E-2,1.767363163E2
2.915320619E1,2.847648770E-2,5.529522896E-4,1.408362179E-3,9.995933175E-1,1.767363937E2,1.631254655E-1,-5.874218799E-2,1.767363063E2
2.915820619E1,2.847428468E-2,5.499673425E-4,1.411764533E-3,9.995933771E-1,1.767366462E2,1.635053191E-1,-5.838953488E-2,1.767365592E2
2.916320619E1,2.847414333E-2,5.511142081E-4,1.414166181E-3,9.995933771E-1,1.767366624E2,1.637841507E-1,-5.851308916E-2,1.767365751E2
2.916820619E1,2.847180809E-2,5.558038247E-4,1.417214400E-3,9.995934367E-1,1.767369302E2,1.641484747E-1,-5.904069842E-2,1.767368418E2
2.917320619E1,2.846983092E-2,5.533549702E-4,1.415851293E-3,9.995934963E-1,1.767371568E2,1.639842307E-1,-5.876496618E-2,1.767370689E2
2.917820619E1,2.846559080E-2,5.458300584E-4,1.419858309E-3,9.995936155E-1,1.767376429E2,1.644184185E-1,-5.789064972E-2,1.767375561E2
2.918320619E1,2.846339200E-2,5.417322973E-4,1.423540991E-3,9.995936751E-1,1.767378950E2,1.648267585E-1,-5.740962125E-2,1.767378086E2
2.918820619E1,2.846557398E-2,5.478982930E-4,1.419398934E-3,9.995936155E-1,1.767376448E2,1.643725452E-1,-5.812905694E-2,1.767375577E2
2.919320619E1,2.846357782E-2,5.498033715E-4,1.416714862E-3,9.995936751E-1,1.767378737E2,1.640711957E-1,-5.835635729E-2,1.767377863E2
2.919820619E1,2.845913531E-2,5.542107392E-4,1.420131419E-3,9.995937943E-1,1.767383829E2,1.644766612E-1,-5.885078626E-2,1.767382947E2
2.920320619E1,2.846530554E-2,5.574513343E-4,1.421061694E-3,9.995936155E-1,1.767376756E2,1.645941544E-1,-5.921793047E-2,1.767375867E2
2.920820619E1,2.846119125E-2,5.541738938E-4,1.420897665E-3,9.995937347E-1,1.767381473E2,1.645644319E-1,-5.884372839E-2,1.767380590E2
2.921320619E1,2.845513524E-2,5.457451334E-4,1.419656444E-3,9.995939136E-1,1.767388415E2,1.643944134E-1,-5.788330001E-2,1.767387547E2
2.921820619E1,2.845504441E-2,5.475424696E-4,1.420784392E-3,9.995939136E-1,1.767388519E2,1.645294704E-1,-5.808551289E-2,1.767387647E2
2.922320619E1,2.846545994E-2,5.610032240E-4,1.416564104E-3,9.995936155E-1,1.767376579E2,1.640905727E-1,-5.963942742E-2,1.767375687E2
2.922820619E1,2.845939635E-2,5.586284678E-4,1.413152204E-3,9.995937943E-1,1.767383530E2,1.636916486E-1,-5.937953350E-2,1.767382644E2
2.923320619E1,2.845732371E-2,5.525143933E-4,1.415132312E-3,9.995938540E-1,1.767385906E2,1.638983981E-1,-5.867307872E-2,1.767385029E2
2.923820619E1,2.845743062E-2,5.531145143E-4,1.412745914E-3,9.995938540E-1,1.767385784E2,1.636270109E-1,-5.874958429E-2,1.767384907E2
2.924320619E1,2.846172226E-2,5.612997920E-4,1.407400006E-3,9.995937347E-1,1.767380864E2,1.630416128E-1,-5.970390069E-2,1.767379977E2
2.924820619E1,2.846168158E-2,5.634498666E-4,1.407363452E-3,9.995937347E-1,1.767380910E2,1.630444362E-1,-5.995030690E-2,1.767380020E2
2.925320619E1,2.846561356E-2,5.636281567E-4,1.412429032E-3,9.995936155E-1,1.767376403E2,1.636254919E-1,-5.995356381E-2,1.767375509E2
2.925820619E1,2.846754606E-2,5.688054371E-4,1.413587714E-3,9.995935559E-1,1.767374187E2,1.637752197E-1,-6.054249923E-2,1.767373284E2
2.926320619E1,2.846557920E-2,5.632770481E-4,1.413261285E-3,9.995936155E-1,1.767376442E2,1.637196751E-1,-5.991063688E-2,1.767375549E2
2.926820619E1,2.846145376E-2,5.555963144E-4,1.415072009E-3,9.995937347E-1,1.767381172E2,1.639017854E-1,-5.902561696E-2,1.767380290E2
2.927320619E1,2.846345507E-2,5.579329445E-4,1.416002517E-3,9.995936751E-1,1.767378877E2,1.640161108E-1,-5.928990306E-2,1.767377991E2
2.927820619E1,2.847154400E-2,5.664571654E-4,1.418301370E-3,9.995934367E-1,1.767369604E2,1.643077267E-1,-6.025748221E-2,1.767368702E2
2.928320619E1,2.846940119E-2,5.633030669E-4,1.420561457E-3,9.995934963E-1,1.767372061E2,1.645561892E-1,-5.988917480E-2,1.767371163E2
2.928820619E1,2.846924958E-2,5.583323073E-4,1.425553462E-3,9.995934963E-1,1.767372235E2,1.651117731E-1,-5.930353801E-2,1.767371342E2
2.929320619E1,2.846692611E-2,5.587859196E-4,1.429973636E-3,9.995935559E-1,1.767374898E2,1.656194251E-1,-5.934146150E-2,1.767374002E2
2.929820619E1,2.846102143E-2,5.529531627E-4,1.424769522E-3,9.995937347E-1,1.767381667E2,1.650039433E-1,-5.869129967E-2,1.767380784E2
2.930320619E1,2.845497968E-2,5.480125546E-4,1.421899186E-3,9.995939136E-1,1.767388593E2,1.646586939E-1,-5.813573436E-2,1.767387720E2
2.930820619E1,2.847366505E-2,5.555727985E-4,1.422029804E-3,9.995933771E-1,1.767367173E2,1.646994121E-1,-5.899821824E-2,1.767366287E2
2.931320619E1,2.847774654E-2,5.611198139E-4,1.421917579E-3,9.995932579E-1,1.767362494E2,1.647049013E-1,-5.963329473E-2,1.767361599E2
2.931820619E1,2.849054468E-2,5.686779623E-4,1.413926017E-3,9.995929003E-1,1.767347822E2,1.638149474E-1,-6.052302497E-2,1.767346919E2
2.932320619E1,2.848829424E-2,5.640286254E-4,1.418985426E-3,9.995929599E-1,1.767350402E2,1.643791632E-1,-5.997431874E-2,1.767349504E2
2.932820619E1,2.849029103E-2,5.625878694E-4,1.421453315E-3,9.995929003E-1,1.767348113E2,1.646572637E-1,-5.980090181E-2,1.767347216E2
2.933320619E1,2.849026859E-2,5.642299075E-4,1.421252266E-3,9.995929003E-1,1.767348139E2,1.646395944E-1,-5.998964905E-2,1.767347239E2
2.933820619E1,2.848623508E-2,5.619379226E-4,1.419166103E-3,9.995930195E-1,1.767352763E2,1.643929101E-1,-5.973458812E-2,1.767351868E2
2.934320619E1,2.849036630E-2,5.623270990E-4,1.420047018E-3,9.995929003E-1,1.767348027E2,1.644953322E-1,-5.977561084E-2,1.767347131E2
2.934820619E1,2.849663846E-2,5.586596089E-4,1.421511755E-3,9.995927215E-1,1.767340837E2,1.646515088E-1,-5.934970314E-2,1.767339946E2
2.935320619E1,2.849268220E-2,5.568726920E-4,1.417685417E-3,9.995928407E-1,1.767345372E2,1.642071504E-1,-5.915816596E-2,1.767344486E2
2.935820619E1,2.849274359E-2,5.652940599E-4,1.413111342E-3,9.995928407E-1,1.767345302E2,1.637107140E-1,-6.013771577E-2,1.767344405E2
2.936320619E1,2.849064226E-2,5.624916521E-4,1.414434286E-3,9.995929003E-1,1.767347710E2,1.638529744E-1,-5.981273904E-2,1.767346817E2
2.936820619E1,2.849068108E-2,5.600479199E-4,1.414622064E-3,9.995929003E-1,1.767347666E2,1.638665069E-1,-5.953220246E-2,1.767346777E2
2.937320619E1,2.849475267E-2,5.671987310E-4,1.413999591E-3,9.995927811E-1,1.767342998E2,1.638187993E-1,-6.035265668E-2,1.767342098E2
2.937820619E1,2.848433258E-2,5.632648827E-4,1.414837549E-3,9.995930791E-1,1.767354944E2,1.639013128E-1,-5.990102667E-2,1.767354049E2
2.938320619E1,2.848205593E-2,5.608694046E-4,1.419503475E-3,9.995931387E-1,1.767357554E2,1.644278169E-1,-5.961178092E-2,1.767356660E2
2.938820619E1,2.849021957E-2,5.695576547E-4,1.420109300E-3,9.995929003E-1,1.767348195E2,1.645260653E-1,-6.060365517E-2,1.767347287E2
2.939320619E1,2.849464380E-2,5.729433615E-4,1.413877471E-3,9.995927811E-1,1.767343123E2,1.638235637E-1,-6.101109154E-2,1.767342213E2
2.939820619E1,2.848414154E-2,5.681759794E-4,1.416718704E-3,9.995930791E-1,1.767355163E2,1.641328100E-1,-6.045745901E-2,1.767354259E2
2.940320619E1,2.848620191E-2,5.687751109E-4,1.417106832E-3,9.995930195E-1,1.767352801E2,1.641793488E-1,-6.052448119E-2,1.767351896E2
2.940820619E1,2.848401701E-2,5.731863203E-4,1.417204039E-3,9.995930791E-1,1.767355305E2,1.642047506E-1,-6.102980454E-2,1.767354393E2
2.941320619E1,2.847968798E-2,5.690646358E-4,1.421777648E-3,9.995931983E-1,1.767360268E2,1.647149190E-1,-6.054347090E-2,1.767359360E2
2.941820619E1,2.847949925E-2,5.700041656E-4,1.425177557E-3,9.995931983E-1,1.767360485E2,1.651074175E-1,-6.064002445E-2,1.767359572E2
2.942320619E1,2.848358429E-2,5.720908521E-4,1.426314469E-3,9.995930791E-1,1.767355802E2,1.652447046E-1,-6.087465815E-2,1.767354885E2
2.942820619E1,2.847541368E-2,5.665299832E-4,1.424588263E-3,9.995933175E-1,1.767365168E2,1.650283314E-1,-6.024467206E-2,1.767364262E2
2.943320619E1,2.847125988E-2,5.634292029E-4,1.425194205E-3,9.995934367E-1,1.767369930E2,1.650873715E-1,-5.988820198E-2,1.767369029E2
2.943820619E1,2.847486895E-2,5.704562645E-4,1.433879370E-3,9.995933175E-1,1.767365793E2,1.661053632E-1,-6.066418025E-2,1.767364874E2
2.944320619E1,2.848518734E-2,5.776603939E-4,1.433808357E-3,9.995930195E-1,1.767353964E2,1.661213726E-1,-6.148789406E-2,1.767353033E2
2.944820619E1,2.847686460E-2,5.748256808E-4,1.434053876E-3,9.995932579E-1,1.767363505E2,1.661397327E-1,-6.116377385E-2,1.767362579E2
2.945320619E1,2.846875362E-2,5.679602036E-4,1.431641751E-3,9.995934963E-1,1.767372803E2,1.658405399E-1,-6.038658510E-2,1.767371891E2
2.945820619E1,2.845632597E-2,5.645203055E-4,1.430375385E-3,9.995938540E-1,1.767387050E2,1.656835149E-1,-5.999875321E-2,1.767386144E2
2.946320619E1,2.846448091E-2,5.718040047E-4,1.431836048E-3,9.995936155E-1,1.767377701E2,1.658750763E-1,-6.082694846E-2,1.767376782E2
2.946820619E1,2.846256579E-2,5.719819455E-4,1.428219955E-3,9.995936751E-1,1.767379897E2,1.654613338E-1,-6.085944298E-2,1.767378979E2
2.947320619E1,2.845428186E-2,5.658529699E-4,1.428858843E-3,9.995939136E-1,1.767389393E2,1.655140250E-1,-6.015668714E-2,1.767388486E2
2.947820619E1,2.844150943E-2,5.557219265E-4,1.436917810E-3,9.995942712E-1,1.767404035E2,1.664033523E-1,-5.897207452E-2,1.767403140E2
2.948320619E1,2.844553312E-2,5.594005925E-4,1.438769163E-3,9.995941520E-1,1.767399423E2,1.666276456E-1,-5.938674289E-2,1.767398520E2
2.948820619E1,2.844782321E-2,5.654771812E-4,1.432512188E-3,9.995940924E-1,1.767396797E2,1.659308849E-1,-6.010280202E-2,1.767395888E2
2.949320619E1,2.844605247E-2,5.638012080E-4,1.426732983E-3,9.995941520E-1,1.767398827E2,1.652633337E-1,-5.992996037E-2,1.767397925E2
2.949820619E1,2.842945609E-2,5.562270526E-4,1.426425646E-3,9.995946288E-1,1.767417853E2,1.652024578E-1,-5.906612286E-2,1.767416963E2
2.950320619E1,2.842726683E-2,5.534983939E-4,1.429346623E-3,9.995946884E-1,1.767420363E2,1.655280235E-1,-5.874441466E-2,1.767419476E2
2.950820619E1,2.842752791E-2,5.555329262E-4,1.423352165E-3,9.995946884E-1,1.767420063E2,1.648480294E-1,-5.899694505E-2,1.767419177E2
2.951320619E1,2.842973371E-2,5.574229872E-4,1.420413144E-3,9.995946288E-1,1.767417535E2,1.645176662E-1,-5.922265360E-2,1.767416647E2
2.951820619E1,2.842536516E-2,5.572109367E-4,1.424030284E-3,9.995947480E-1,1.767422543E2,1.649310434E-1,-5.918730077E-2,1.767421653E2
2.952320619E1,2.842762541E-2,5.588250351E-4,1.420112443E-3,9.995946884E-1,1.767419952E2,1.644876650E-1,-5.938457795E-2,1.767419061E2
2.952820619E1,2.842753542E-2,5.568867200E-4,1.422673115E-3,9.995946884E-1,1.767420055E2,1.647746581E-1,-5.915422642E-2,1.767419166E2
2.953320619E1,2.843145875E-2,5.591753288E-4,1.427126466E-3,9.995945692E-1,1.767415557E2,1.652924581E-1,-5.940121922E-2,1.767414662E2
2.953820619E1,2.843785029E-2,5.647090729E-4,1.422839006E-3,9.995943904E-1,1.767408230E2,1.648197638E-1,-6.004799773E-2,1.767407328E2
2.954320619E1,2.843394835E-2,5.625702324E-4,1.417910447E-3,9.995945096E-1,1.767412703E2,1.642480161E-1,-5.981970650E-2,1.767411808E2
2.954820619E1,2.843616875E-2,5.571331130E-4,1.417548861E-3,9.995944500E-1,1.767410158E2,1.641890124E-1,-5.919772448E-2,1.767409272E2
2.955320619E1,2.843599387E-2,5.567878252E-4,1.421188004E-3,9.995944500E-1,1.767410358E2,1.646047239E-1,-5.914634360E-2,1.767409471E2
2.955820619E1,2.844412120E-2,5.647981889E-4,1.423078123E-3,9.995942116E-1,1.767401041E2,1.648478207E-1,-6.005639212E-2,1.767400139E2
2.956320619E1,2.845662038E-2,5.748684052E-4,1.420361572E-3,9.995938540E-1,1.767386712E2,1.645702440E-1,-6.121668283E-2,1.767385795E2
2.956820619E1,2.844852830E-2,5.671261461E-4,1.417782158E-3,9.995940924E-1,1.767395989E2,1.642490470E-1,-6.033958648E-2,1.767395086E2
2.957320619E1,2.844250989E-2,5.609575310E-4,1.414911938E-3,9.995942712E-1,1.767402888E2,1.638998065E-1,-5.964334591E-2,1.767401998E2
2.957820619E1,2.844678734E-2,5.653169937E-4,1.411398756E-3,9.995941520E-1,1.767397985E2,1.635118551E-1,-6.015345202E-2,1.767397089E2
2.958320619E1,2.844484182E-2,5.648668157E-4,1.408573124E-3,9.995942116E-1,1.767400215E2,1.631866074E-1,-6.011141511E-2,1.767399322E2
2.958820619E1,2.844898697E-2,5.649307277E-4,1.409430522E-3,9.995940924E-1,1.767395463E2,1.632852761E-1,-6.011526399E-2,1.767394569E2
2.959320619E1,2.844879483E-2,5.643759505E-4,1.413525082E-3,9.995940924E-1,1.767395684E2,1.637524685E-1,-6.003839977E-2,1.767394788E2
2.959820619E1,2.844469214E-2,5.643669865E-4,1.411792473E-3,9.995942116E-1,1.767400387E2,1.635537306E-1,-6.004369273E-2,1.767399492E2
2.960320619E1,2.844275684E-2,5.626521306E-4,1.409263583E-3,9.995942712E-1,1.767402605E2,1.632583520E-1,-5.985582370E-2,1.767401715E2
2.960820619E1,2.842586682E-2,5.552045186E-4,1.414769911E-3,9.995947480E-1,1.767421968E2,1.638638037E-1,-5.898755781E-2,1.767421087E2
2.961320619E1,2.842992515E-2,5.599523429E-4,1.415578183E-3,9.995946288E-1,1.767417315E2,1.639720958E-1,-5.952809940E-2,1.767416426E2
2.961820619E1,2.843388869E-2,5.648060469E-4,1.418218017E-3,9.995945096E-1,1.767412772E2,1.642905287E-1,-6.007481576E-2,1.767411872E2
2.962320619E1,2.844019820E-2,5.688794190E-4,1.416107290E-3,9.995943308E-1,1.767405539E2,1.640624102E-1,-6.054724263E-2,1.767404634E2
2.962820619E1,2.843396633E-2,5.679521710E-4,1.415402279E-3,9.995945096E-1,1.767412683E2,1.639782555E-1,-6.044435092E-2,1.767411780E2
2.963320619E1,2.842376403E-2,5.597745185E-4,1.413103077E-3,9.995948076E-1,1.767424378E2,1.636876376E-1,-5.951680309E-2,1.767423490E2
2.963820619E1,2.842381901E-2,5.605545593E-4,1.411687233E-3,9.995948076E-1,1.767424315E2,1.635280034E-1,-5.961075571E-2,1.767423427E2
2.964320619E1,2.842605752E-2,5.621445016E-4,1.408182434E-3,9.995947480E-1,1.767421749E2,1.631318577E-1,-5.980392648E-2,1.767420860E2
2.964820619E1,2.842187641E-2,5.640484742E-4,1.407195581E-3,9.995948672E-1,1.767426542E2,1.630247697E-1,-6.002591385E-2,1.767425651E2
2.965320619E1,2.842416865E-2,5.661341711E-4,1.402390073E-3,9.995948076E-1,1.767423914E2,1.624812524E-1,-6.028009928E-2,1.767423022E2
2.965820619E1,2.841196916E-2,5.583330058E-4,1.397811226E-3,9.995951653E-1,1.767437900E2,1.619306297E-1,-5.940340437E-2,1.767437023E2
2.966320619E1,2.841191123E-2,5.575948744E-4,1.399282482E-3,9.995951653E-1,1.767437966E2,1.620967486E-1,-5.931407416E-2,1.767437090E2
2.966820619E1,2.842012376E-2,5.660516326E-4,1.399428002E-3,9.995949268E-1,1.767428551E2,1.621414479E-1,-6.028094925E-2,1.767427661E2
2.967320619E1,2.842851021E-2,5.723028444E-4,1.396842301E-3,9.995946884E-1,1.767418937E2,1.618661396E-1,-6.100405843E-2,1.767418039E2
2.967820619E1,2.842643226E-2,5.703541101E-4,1.397274435E-3,9.995947480E-1,1.767421319E2,1.619091633E-1,-6.077976918E-2,1.767420424E2
2.968320619E1,2.842029142E-2,5.650658859E-4,1.396418083E-3,9.995949268E-1,1.767428359E2,1.617934751E-1,-6.017781229E-2,1.767427473E2
2.968820619E1,2.843053018E-2,5.706356606E-4,1.399064437E-3,9.995946288E-1,1.767416622E2,1.621153663E-1,-6.080552384E-2,1.767415724E2
2.969320619E1,2.843680415E-2,5.767088733E-4,1.396822045E-3,9.995944500E-1,1.767409429E2,1.618786842E-1,-6.150747047E-2,1.767408523E2
2.969820619E1,2.843472565E-2,5.740565248E-4,1.397573040E-3,9.995945096E-1,1.767411812E2,1.619559363E-1,-6.120154640E-2,1.767410910E2
2.970320619E1,2.843849389E-2,5.778415943E-4,1.404585550E-3,9.995943904E-1,1.767407492E2,1.627717534E-1,-6.161164396E-2,1.767406580E2
2.970820619E1,2.844659385E-2,5.800041836E-4,1.409337856E-3,9.995941520E-1,1.767398207E2,1.633236573E-1,-6.184254720E-2,1.767397287E2
2.971320619E1,2.844265587E-2,5.768620176E-4,1.405551680E-3,9.995942712E-1,1.767402721E2,1.628794827E-1,-6.149561153E-2,1.767401809E2
2.971820619E1,2.843438320E-2,5.754904123E-4,1.403936301E-3,9.995945096E-1,1.767412205E2,1.626894700E-1,-6.134511243E-2,1.767411296E2
2.972320619E1,2.843433829E-2,5.749787670E-4,1.405055053E-3,9.995945096E-1,1.767412256E2,1.628159478E-1,-6.128286789E-2,1.767411348E2
2.972820619E1,2.843437756E-2,5.781077780E-4,1.402974827E-3,9.995945096E-1,1.767412211E2,1.625878662E-1,-6.164805272E-2,1.767411299E2
2.973320619E1,2.844059868E-2,5.820571096E-4,1.402645139E-3,9.995943308E-1,1.767405079E2,1.625633578E-1,-6.210049192E-2,1.767404161E2
2.973820619E1,2.843414351E-2,5.820838269E-4,1.406070893E-3,9.995945096E-1,1.767412479E2,1.629554481E-1,-6.209343955E-2,1.767411559E2
2.974320619E1,2.842992545E-2,5.783988745E-4,1.408135635E-3,9.995946288E-1,1.767417315E2,1.631796868E-1,-6.166530704E-2,1.767416399E2
2.974820619E1,2.842363619E-2,5.782556254E-4,1.408224343E-3,9.995948076E-1,1.767424525E2,1.631889934E-1,-6.164963630E-2,1.767423609E2
2.975320619E1,2.842980545E-2,5.824426771E-4,1.408891520E-3,9.995946288E-1,1.767417453E2,1.632794376E-1,-6.212606194E-2,1.767416529E2
2.975820619E1,2.843208483E-2,5.849305890E-4,1.404144452E-3,9.995945692E-1,1.767414840E2,1.627439311E-1,-6.242613456E-2,1.767413915E2
2.976320619E1,2.842779093E-2,5.816214834E-4,1.407590345E-3,9.995946884E-1,1.767419762E2,1.631275936E-1,-6.203656606E-2,1.767418841E2
2.976820619E1,2.841754312E-2,5.771950819E-4,1.404697541E-3,9.995949864E-1,1.767431510E2,1.627811846E-1,-6.154063593E-2,1.767430598E2
2.977320619E1,2.841982558E-2,5.782027729E-4,1.400515321E-3,9.995949268E-1,1.767428893E2,1.623055529E-1,-6.166931089E-2,1.767427982E2
2.977820619E1,2.842377040E-2,5.843212130E-4,1.403001952E-3,9.995948076E-1,1.767424371E2,1.626105587E-1,-6.236140853E-2,1.767423448E2
2.978320619E1,2.842803093E-2,5.874471972E-4,1.400305307E-3,9.995946884E-1,1.767419487E2,1.623121203E-1,-6.272756664E-2,1.767418561E2
2.978820619E1,2.841362943E-2,5.770660355E-4,1.399078872E-3,9.995951056E-1,1.767435996E2,1.621369305E-1,-6.154478632E-2,1.767435088E2
2.979320619E1,2.840962567E-2,5.734273000E-4,1.396707958E-3,9.995952249E-1,1.767440586E2,1.618532596E-1,-6.113635479E-2,1.767439686E2
2.979820619E1,2.842002546E-2,5.790450959E-4,1.396104228E-3,9.995949268E-1,1.767428664E2,1.618030381E-1,-6.178012847E-2,1.767427755E2
2.980320619E1,2.842637977E-2,5.855913041E-4,1.392029575E-3,9.995947480E-1,1.767421380E2,1.613580236E-1,-6.254220956E-2,1.767420462E2
2.980820619E1,2.842424499E-2,5.833001924E-4,1.393781626E-3,9.995948076E-1,1.767423827E2,1.615511162E-1,-6.227441150E-2,1.767422912E2
2.981320619E1,2.841591664E-2,5.759022897E-4,1.395687461E-3,9.995950460E-1,1.767433374E2,1.617448109E-1,-6.142215737E-2,1.767432470E2
2.981820619E1,2.841153885E-2,5.781334476E-4,1.398508321E-3,9.995951653E-1,1.767438393E2,1.620749232E-1,-6.166924996E-2,1.767437483E2
2.982320619E1,2.841376150E-2,5.788963172E-4,1.395636355E-3,9.995951056E-1,1.767435845E2,1.617485738E-1,-6.176562394E-2,1.767434936E2
2.982820619E1,2.840955911E-2,5.764029338E-4,1.396836829E-3,9.995952249E-1,1.767440663E2,1.618777052E-1,-6.147679059E-2,1.767439757E2
2.983320619E1,2.840728876E-2,5.740730558E-4,1.401308924E-3,9.995952845E-1,1.767443265E2,1.623822388E-1,-6.119572375E-2,1.767442361E2
2.983820619E1,2.840532448E-2,5.764566013E-4,1.397626358E-3,9.995953441E-1,1.767445517E2,1.619680564E-1,-6.148105371E-2,1.767444611E2
2.984320619E1,2.839139340E-2,5.668080412E-4,1.386182616E-3,9.995957613E-1,1.767461487E2,1.606249767E-1,-6.041534645E-2,1.767460604E2
2.984820619E1,2.839549145E-2,5.681825569E-4,1.387641416E-3,9.995956421E-1,1.767456789E2,1.607967963E-1,-6.056738528E-2,1.767455903E2
2.985320619E1,2.839138068E-2,5.652533146E-4,1.387077733E-3,9.995957613E-1,1.767461502E2,1.607224491E-1,-6.023434966E-2,1.767460621E2
2.985820619E1,2.838918717E-2,5.665057688E-4,1.388508012E-3,9.995958209E-1,1.767464016E2,1.608902237E-1,-6.037351200E-2,1.767463132E2
2.986320619E1,2.836930442E-2,5.525823217E-4,1.371291233E-3,9.995964170E-1,1.767486810E2,1.588716496E-1,-5.883781757E-2,1.767485958E2
2.986820619E1,2.823845566E-2,4.492589505E-4,1.328411978E-3,9.996002316E-1,1.767636811E2,1.536179329E-1,-4.716211503E-2,1.767636147E2
2.987320619E1,2.799588733E-2,2.589298238E-4,1.310473541E-3,9.996071458E-1,1.767914884E2,1.509410718E-1,-2.545539640E-2,1.767914520E2
2.987820619E1,2.799406103E-2,9.769318422E-5,1.325870864E-3,9.996072054E-1,1.767916978E2,1.521874991E-1,-6.937178306E-3,1.767916857E2
2.988320619E1,2.799995722E-2,-5.330023214E-6,1.339695882E-3,9.996070266E-1,1.767910219E2,1.534405936E-1,4.909028603E-3,1.767910255E2
2.988820619E1,2.794466118E-2,-7.248936890E-5,1.335982350E-3,9.996085763E-1,1.767973608E2,1.528004341E-1,1.258153093E-2,1.767973747E2
2.989320619E1,2.790062706E-2,-4.032855577E-5,1.321044518E-3,9.996098280E-1,1.768024087E2,1.511927261E-1,8.843121300E-3,1.768024176E2
2.989820619E1,2.789654718E-2,6.365232548E-5,1.316074980E-3,9.996099472E-1,1.768028764E2,1.509559123E-1,-3.084065646E-3,1.768028696E2
2.990320619E1,2.786568845E-2,1.744307810E-4,1.325952820E-3,9.996107817E-1,1.768064139E2,1.524410351E-1,-1.574651920E-2,1.768063901E2
2.990820619E1,2.787600203E-2,2.916435478E-4,1.313178916E-3,9.996104836E-1,1.768052316E2,1.513524138E-1,-2.921211347E-2,1.768051901E2
2.991320619E1,2.792707850E-2,3.707299766E-4,1.296817907E-3,9.996090531E-1,1.767993764E2,1.497329061E-1,-3.831583409E-2,1.767993234E2
2.991820619E1,2.796524110E-2,3.418670094E-4,1.309287967E-3,9.996079803E-1,1.767950016E2,1.510702769E-1,-3.496399957E-2,1.767949526E2
2.992320619E1,2.797394749E-2,2.798314672E-4,1.320009236E-3,9.996077418E-1,1.767940035E2,1.520998008E-1,-2.782235400E-2,1.767939637E2
2.992820619E1,2.793952777E-2,2.524029696E-4,1.332271495E-3,9.996086955E-1,1.767979493E2,1.534156278E-1,-2.464648698E-2,1.767979133E2
2.993320619E1,2.788075181E-2,3.142866481E-4,1.342898118E-3,9.996103048E-1,1.768046871E2,1.548291470E-1,-3.171014028E-2,1.768046412E2
2.993820619E1,2.786166838E-2,4.564097908E-4,1.343240496E-3,9.996107817E-1,1.768068748E2,1.553215423E-1,-4.799177863E-2,1.768068065E2
2.994320619E1,2.788677679E-2,5.762217916E-4,1.352751162E-3,9.996100068E-1,1.768039964E2,1.567950650E-1,-6.168157700E-2,1.768039086E2
2.994820619E1,2.794547796E-2,5.936249509E-4,1.367008896E-3,9.996083379E-1,1.767972672E2,1.584876020E-1,-6.362018478E-2,1.767971756E2
2.995320619E1,2.798272222E-2,5.323207588E-4,1.371312304E-3,9.996073246E-1,1.767929976E2,1.587863213E-1,-5.657829409E-2,1.767929157E2
2.995820619E1,2.795412966E-2,4.631282063E-4,1.371304970E-3,9.996081591E-1,1.767962754E2,1.585622021E-1,-4.865708259E-2,1.767962047E2
2.996320619E1,2.791785331E-2,4.794659617E-4,1.366068842E-3,9.996091723E-1,1.768004339E2,1.580129237E-1,-5.055102587E-2,1.768003609E2
2.996820619E1,2.791617908E-2,5.528097390E-4,1.372556784E-3,9.996091723E-1,1.768006259E2,1.589906546E-1,-5.893183017E-2,1.768005406E2
2.997320619E1,2.794104618E-2,5.978047266E-4,1.368607045E-3,9.996084571E-1,1.767977752E2,1.586837671E-1,-6.409454992E-2,1.767976829E2
2.997820619E1,2.798030042E-2,5.670462851E-4,1.363337738E-3,9.996073842E-1,1.767932752E2,1.579840723E-1,-6.058193916E-2,1.767931882E2
2.998320619E1,2.797701388E-2,4.990848829E-4,1.369936741E-3,9.996075034E-1,1.767936520E2,1.585218721E-1,-5.277655424E-2,1.767935756E2
2.998820619E1,2.794929146E-2,4.788984370E-4,1.377595123E-3,9.996082783E-1,1.767968300E2,1.593329958E-1,-5.044413148E-2,1.767967564E2
2.999320619E1,2.792523884E-2,5.195945851E-4,1.374872052E-3,9.996089339E-1,1.767995873E2,1.591500992E-1,-5.511829157E-2,1.767995073E2
2.999820619E1,2.792889543E-2,5.707073724E-4,1.366980141E-3,9.996088147E-1,1.767991681E2,1.584099009E-1,-6.099777158E-2,1.767990803E2
3.000320619E1,2.795660901E-2,5.768121337E-4,1.364534954E-3,9.996080399E-1,1.767959911E2,1.581510621E-1,-6.170049342E-2,1.767959025E2
3.000820619E1,2.795940672E-2,5.294306902E-4,1.370071899E-3,9.996079803E-1,1.767956704E2,1.586336568E-1,-5.625492425E-2,1.767955891E2
3.001320619E1,2.795359908E-2,4.974717158E-4,1.370091341E-3,9.996081591E-1,1.767963362E2,1.585331769E-1,-5.259498927E-2,1.767962600E2
3.001820619E1,2.793406321E-2,5.072276108E-4,1.373571809E-3,9.996086955E-1,1.767985757E2,1.589620572E-1,-5.370445223E-2,1.767984978E2
3.002320619E1,2.792062081E-2,5.414195475E-4,1.373568084E-3,9.996090531E-1,1.768001167E2,1.590703124E-1,-5.762317818E-2,1.768000332E2
3.002820619E1,2.793952155E-2,5.616178387E-4,1.371523133E-3,9.996085167E-1,1.767979500E2,1.589018316E-1,-5.994036591E-2,1.767978633E2
3.003320619E1,2.795511740E-2,5.385706900E-4,1.367057324E-3,9.996080995E-1,1.767961621E2,1.583173866E-1,-5.731221873E-2,1.767960795E2
3.003820619E1,2.795348125E-2,5.050004693E-4,1.369741047E-3,9.996081591E-1,1.767963497E2,1.585171638E-1,-5.345852376E-2,1.767962723E2
3.004320619E1,2.794073982E-2,5.004463601E-4,1.370389131E-3,9.996085167E-1,1.767978103E2,1.585761361E-1,-5.293681095E-2,1.767977337E2
3.004820619E1,2.791911734E-2,5.210519303E-4,1.368619618E-3,9.996091127E-1,1.768002890E2,1.584382267E-1,-5.530620430E-2,1.768002091E2
3.005320619E1,2.791888639E-2,5.412474275E-4,1.365489676E-3,9.996091127E-1,1.768003155E2,1.581443040E-1,-5.762958408E-2,1.768002325E2
3.005820619E1,2.793356876E-2,5.442461697E-4,1.369452220E-3,9.996086955E-1,1.767986324E2,1.586086476E-1,-5.795807315E-2,1.767985487E2
3.006320619E1,2.795084174E-2,5.300425692E-4,1.370645245E-3,9.996082187E-1,1.767966523E2,1.587008097E-1,-5.632453575E-2,1.767965708E2
3.006820619E1,2.794241472E-2,5.155619001E-4,1.374108018E-3,9.996084571E-1,1.767976183E2,1.590506150E-1,-5.465607262E-2,1.767975390E2
3.007320619E1,2.792944221E-2,5.156373954E-4,1.377649256E-3,9.996088147E-1,1.767991054E2,1.594557855E-1,-5.465545050E-2,1.767990259E2
3.007820619E1,2.792872137E-2,5.375651526E-4,1.383866882E-3,9.996088147E-1,1.767991881E2,1.602381393E-1,-5.714741956E-2,1.767991046E2
3.008320619E1,2.793897956E-2,5.534797674E-4,1.385797863E-3,9.996085167E-1,1.767980121E2,1.605108696E-1,-5.896255980E-2,1.767979260E2
3.008820619E1,2.795209285E-2,5.442880793E-4,1.382962684E-3,9.996081591E-1,1.767965089E2,1.601574381E-1,-5.791665831E-2,1.767964244E2
3.009320619E1,2.795685207E-2,5.243272753E-4,1.380637055E-3,9.996080399E-1,1.767959633E2,1.598273684E-1,-5.563690287E-2,1.767958822E2
3.009820619E1,2.795677273E-2,5.168310599E-4,1.385062933E-3,9.996080399E-1,1.767959724E2,1.603103179E-1,-5.476406991E-2,1.767958923E2
3.010320619E1,2.794992506E-2,5.302855861E-4,1.389119774E-3,9.996082187E-1,1.767967574E2,1.608177373E-1,-5.629334580E-2,1.767966748E2
3.010820619E1,2.795822468E-2,5.474267527E-4,1.387016498E-3,9.996079803E-1,1.767958059E2,1.606322017E-1,-5.826221256E-2,1.767957207E2
3.011320619E1,2.796242358E-2,5.417910288E-4,1.390493708E-3,9.996078610E-1,1.767953246E2,1.610126902E-1,-5.760484235E-2,1.767952401E2
3.011820619E1,2.798172996E-2,5.348314880E-4,1.390449237E-3,9.996073246E-1,1.767931114E2,1.609863915E-1,-5.680468352E-2,1.767930280E2
3.012320619E1,2.798388733E-2,5.352196167E-4,1.389733050E-3,9.996072650E-1,1.767928640E2,1.609057218E-1,-5.685109156E-2,1.767927807E2
3.012820619E1,2.797551827E-2,5.372054875E-4,1.385967596E-3,9.996075034E-1,1.767938234E2,1.604802917E-1,-5.709198494E-2,1.767937399E2
3.013320619E1,2.797141415E-2,5.389838479E-4,1.382128685E-3,9.996076226E-1,1.767942939E2,1.600460226E-1,-5.730865415E-2,1.767942104E2
3.013820619E1,2.797590472E-2,5.444865674E-4,1.375284628E-3,9.996075034E-1,1.767937791E2,1.592799568E-1,-5.796019430E-2,1.767936951E2
3.014320619E1,2.798206767E-2,5.422820104E-4,1.380733331E-3,9.996073246E-1,1.767930726E2,1.598973763E-1,-5.768921602E-2,1.767929886E2
3.014820619E1,2.798208096E-2,5.358151975E-4,1.382986899E-3,9.996073246E-1,1.767930711E2,1.601347787E-1,-5.694123627E-2,1.767929880E2
3.015320619E1,2.797787673E-2,5.365399993E-4,1.381600159E-3,9.996074438E-1,1.767935531E2,1.599780165E-1,-5.702937940E-2,1.767934699E2
3.015820619E1,2.798826786E-2,5.473431665E-4,1.382523216E-3,9.996071458E-1,1.767923619E2,1.601189934E-1,-5.826222157E-2,1.767922769E2
3.016320619E1,2.798598610E-2,5.508300383E-4,1.384232310E-3,9.996072054E-1,1.767926235E2,1.603258147E-1,-5.865651514E-2,1.767925378E2
3.016820619E1,2.798821756E-2,5.451746401E-4,1.384397037E-3,9.996071458E-1,1.767923676E2,1.603266752E-1,-5.800782247E-2,1.767922829E2
3.017320619E1,2.799256132E-2,5.444946000E-4,1.382915187E-3,9.996070266E-1,1.767918697E2,1.601550045E-1,-5.793398301E-2,1.767917852E2
3.017820619E1,2.799487931E-2,5.432159523E-4,1.379575813E-3,9.996069670E-1,1.767916040E2,1.597685221E-1,-5.779785987E-2,1.767915199E2
3.018320619E1,2.798865405E-2,5.432319595E-4,1.376312692E-3,9.996071458E-1,1.767923176E2,1.593944333E-1,-5.781115440E-2,1.767922337E2
3.018820619E1,2.798402920E-2,5.421846872E-4,1.384165371E-3,9.996072650E-1,1.767928478E2,1.602903067E-1,-5.766674827E-2,1.767927636E2
3.019320619E1,2.798787173E-2,5.556829274E-4,1.387207769E-3,9.996071458E-1,1.767924073E2,1.606823201E-1,-5.920255141E-2,1.767923207E2
3.019820619E1,2.799418252E-2,5.599413998E-4,1.387008000E-3,9.996069670E-1,1.767916838E2,1.606734728E-1,-5.968997115E-2,1.767915966E2
3.020320619E1,2.799213687E-2,5.514181685E-4,1.388751087E-3,9.996070266E-1,1.767919183E2,1.608456738E-1,-5.870840179E-2,1.767918324E2
3.020820619E1,2.799636773E-2,5.455117789E-4,1.391601167E-3,9.996069074E-1,1.767914333E2,1.611534397E-1,-5.802202080E-2,1.767913482E2
3.021320619E1,2.799433057E-2,5.492292112E-4,1.388302306E-3,9.996069670E-1,1.767916669E2,1.607873737E-1,-5.845875100E-2,1.767915813E2
3.021820619E1,2.799441892E-2,5.550105125E-4,1.384215662E-3,9.996069670E-1,1.767916567E2,1.603378144E-1,-5.913407489E-2,1.767915704E2
3.022320619E1,2.799438434E-2,5.536237149E-4,1.385469805E-3,9.996069670E-1,1.767916607E2,1.604770212E-1,-5.897120427E-2,1.767915745E2
3.022820619E1,2.799638283E-2,5.469013704E-4,1.390751684E-3,9.996069074E-1,1.767914316E2,1.610605935E-1,-5.818391660E-2,1.767913462E2
3.023320619E1,2.800044574E-2,5.503447610E-4,1.393279177E-3,9.996067882E-1,1.767909658E2,1.613613956E-1,-5.856958042E-2,1.767908798E2
3.023820619E1,2.801078211E-2,5.554950912E-4,1.397279673E-3,9.996064901E-1,1.767897809E2,1.618367779E-1,-5.914502299E-2,1.767896938E2
3.024320619E1,2.800652761E-2,5.555031239E-4,1.397276763E-3,9.996066093E-1,1.767902686E2,1.618362185E-1,-5.914664124E-2,1.767901815E2
3.024820619E1,2.801460568E-2,5.617908319E-4,1.403375994E-3,9.996063709E-1,1.767893426E2,1.625555303E-1,-5.984598767E-2,1.767892540E2
3.025320619E1,2.802289177E-2,5.675053690E-4,1.405463670E-3,9.996061325E-1,1.767883927E2,1.628135147E-1,-6.049251603E-2,1.767883031E2
3.025820619E1,2.802913100E-2,5.698633613E-4,1.407271135E-3,9.996059537E-1,1.767876775E2,1.630285056E-1,-6.075579385E-2,1.767875873E2
3.026320619E1,2.803133267E-2,5.683765630E-4,1.406356925E-3,9.996058941E-1,1.767874251E2,1.629191436E-1,-6.058806401E-2,1.767873352E2
3.026820619E1,2.803137678E-2,5.687391385E-4,1.405330840E-3,9.996058941E-1,1.767874200E2,1.628027764E-1,-6.063288459E-2,1.767873302E2
3.027320619E1,2.802950208E-2,5.686675431E-4,1.400346868E-3,9.996059537E-1,1.767876349E2,1.622315351E-1,-6.064099763E-2,1.767875454E2
3.027820619E1,2.803138852E-2,5.728934193E-4,1.403408009E-3,9.996058941E-1,1.767874187E2,1.625958684E-1,-6.111491732E-2,1.767873283E2
3.028320619E1,2.803363079E-2,5.724483635E-4,1.401253976E-3,9.996058345E-1,1.767871616E2,1.623478384E-1,-6.107049290E-2,1.767870714E2
3.028820619E1,2.804036321E-2,5.673132837E-4,1.396187232E-3,9.996056557E-1,1.767863898E2,1.617513697E-1,-6.049747545E-2,1.767863008E2
3.029320619E1,2.804258823E-2,5.652497639E-4,1.395009807E-3,9.996055961E-1,1.767861348E2,1.616100028E-1,-6.026453037E-2,1.767860461E2
3.029820619E1,2.804903749E-2,5.656964495E-4,1.393300015E-3,9.996054173E-1,1.767853955E2,1.614159766E-1,-6.032014964E-2,1.767853069E2
3.030320619E1,2.804881516E-2,5.694838474E-4,1.396229723E-3,9.996054173E-1,1.767854209E2,1.617637256E-1,-6.074460141E-2,1.767853315E2
3.030820619E1,2.804714672E-2,5.731099518E-4,1.385548618E-3,9.996054769E-1,1.767856122E2,1.605517946E-1,-6.119455824E-2,1.767855229E2
3.031320619E1,2.804512942E-2,5.638246657E-4,1.387189375E-3,9.996055365E-1,1.767858435E2,1.607097715E-1,-6.012601320E-2,1.767857555E2
3.031820619E1,2.804508468E-2,5.560276331E-4,1.391235157E-3,9.996055365E-1,1.767858486E2,1.611481399E-1,-5.921989609E-2,1.767857617E2
3.032320619E1,2.805321087E-2,5.679361057E-4,1.393891755E-3,9.996052980E-1,1.767849170E2,1.614912104E-1,-6.057411789E-2,1.767848280E2
3.032820619E1,2.804896128E-2,5.752884317E-4,1.390904654E-3,9.996054173E-1,1.767854042E2,1.611724242E-1,-6.142658804E-2,1.767853142E2
3.033320619E1,2.804708919E-2,5.715436419E-4,1.387358876E-3,9.996054769E-1,1.767856188E2,1.607541156E-1,-6.100933409E-2,1.767855296E2
3.033820619E1,2.804694416E-2,5.661846371E-4,1.392478822E-3,9.996054769E-1,1.767856354E2,1.613233544E-1,-6.037904715E-2,1.767855468E2
3.034320619E1,2.804475762E-2,5.665443023E-4,1.393583370E-3,9.996055365E-1,1.767858861E2,1.614509006E-1,-6.041704858E-2,1.767857973E2
3.034820619E1,2.804668108E-2,5.779736675E-4,1.392934239E-3,9.996054769E-1,1.767856656E2,1.614133970E-1,-6.172801662E-2,1.767855750E2
3.035320619E1,2.804045603E-2,5.733769503E-4,1.391839236E-3,9.996056557E-1,1.767863792E2,1.612728123E-1,-6.120600299E-2,1.767862894E2
3.035820619E1,2.803408684E-2,5.667658988E-4,1.394423540E-3,9.996058345E-1,1.767871093E2,1.615472062E-1,-6.044145606E-2,1.767870205E2
3.036320619E1,2.803813425E-2,5.643010954E-4,1.399493543E-3,9.996057153E-1,1.767866454E2,1.621202830E-1,-6.014217754E-2,1.767865566E2
3.036820619E1,2.804031948E-2,5.680286558E-4,1.396774547E-3,9.996056557E-1,1.767863949E2,1.618209409E-1,-6.057753863E-2,1.767863057E2
3.037320619E1,2.804238232E-2,5.713984137E-4,1.396643114E-3,9.996055961E-1,1.767861584E2,1.618168401E-1,-6.096362065E-2,1.767860686E2
3.037820619E1,2.804631294E-2,5.748619442E-4,1.401607296E-3,9.996054769E-1,1.767857078E2,1.623968424E-1,-6.134376452E-2,1.767856172E2
3.038320619E1,2.805282663E-2,5.748113035E-4,1.398797962E-3,9.996052980E-1,1.767849611E2,1.620752796E-1,-6.134593680E-2,1.767848706E2
3.038820619E1,2.805070604E-2,5.719983019E-4,1.399882836E-3,9.996053576E-1,1.767852042E2,1.621903753E-1,-6.102057423E-2,1.767851141E2
3.039320619E1,2.805264373E-2,5.762624205E-4,1.401865506E-3,9.996052980E-1,1.767849820E2,1.624313103E-1,-6.150232542E-2,1.767848912E2
3.039820619E1,2.805461777E-2,5.821591476E-4,1.402426744E-3,9.996052384E-1,1.767847558E2,1.625146782E-1,-6.217564888E-2,1.767846639E2
3.040320619E1,2.806291176E-2,5.944925942E-4,1.401249086E-3,9.996050000E-1,1.767838050E2,1.624199624E-1,-6.359083864E-2,1.767837111E2
3.040820619E1,2.806712267E-2,5.925578880E-4,1.402769238E-3,9.996048808E-1,1.767833222E2,1.625881354E-1,-6.336365162E-2,1.767832286E2
3.041320619E1,2.806534638E-2,5.825158441E-4,1.400038134E-3,9.996049404E-1,1.767835259E2,1.622428857E-1,-6.222244503E-2,1.767834341E2
3.041820619E1,2.805902518E-2,5.745743401E-4,1.402349095E-3,9.996051192E-1,1.767842505E2,1.624816682E-1,-6.130637010E-2,1.767841599E2
3.042320619E1,2.805474932E-2,5.805338733E-4,1.400467358E-3,9.996052384E-1,1.767847407E2,1.622850199E-1,-6.199575755E-2,1.767846492E2
3.042820619E1,2.805648874E-2,5.946473102E-4,1.402242691E-3,9.996051788E-1,1.767845413E2,1.625338653E-1,-6.360640985E-2,1.767844473E2
3.043320619E1,2.806708982E-2,6.013789680E-4,1.399669098E-3,9.996048808E-1,1.767833260E2,1.622613962E-1,-6.438405028E-2,1.767832311E2
3.043820619E1,2.806316489E-2,5.888550077E-4,1.398557448E-3,9.996050000E-1,1.767837759E2,1.620935296E-1,-6.295368872E-2,1.767836832E2
3.044320619E1,2.805490976E-2,5.724259536E-4,1.400590874E-3,9.996052384E-1,1.767847223E2,1.622731103E-1,-6.106660179E-2,1.767846321E2
3.044820619E1,2.804638036E-2,5.668881349E-4,1.403504750E-3,9.996054769E-1,1.767857001E2,1.625885645E-1,-6.042428425E-2,1.767856106E2
3.045320619E1,2.805001945E-2,5.886868457E-4,1.406705356E-3,9.996053576E-1,1.767852829E2,1.630254766E-1,-6.291036743E-2,1.767851896E2
3.045820619E1,2.806263734E-2,6.080993917E-4,1.400905894E-3,9.996050000E-1,1.767838364E2,1.624243932E-1,-6.515059554E-2,1.767837403E2
3.046320619E1,2.806329269E-2,5.958066322E-4,1.393037965E-3,9.996050000E-1,1.767837613E2,1.614836567E-1,-6.376770122E-2,1.767836677E2
3.046820619E1,2.804664181E-2,5.680745235E-4,1.397788757E-3,9.996054769E-1,1.767856701E2,1.619376458E-1,-6.057850944E-2,1.767855808E2
3.047320619E1,2.803789275E-2,5.627977080E-4,1.404926530E-3,9.996057153E-1,1.767866731E2,1.627377684E-1,-5.995255290E-2,1.767865842E2
3.047820619E1,2.803754066E-2,5.857315846E-4,1.402577036E-3,9.996057153E-1,1.767867134E2,1.625423102E-1,-6.258715218E-2,1.767866209E2
3.048320619E1,2.804608851E-2,6.057186984E-4,1.393076964E-3,9.996054769E-1,1.767857335E2,1.615188851E-1,-6.490574646E-2,1.767856383E2
3.048820619E1,2.804832070E-2,5.988371558E-4,1.393879880E-3,9.996054173E-1,1.767854776E2,1.615888815E-1,-6.411454931E-2,1.767853835E2
3.049320619E1,2.804665793E-2,5.731068668E-4,1.395408995E-3,9.996054769E-1,1.767856682E2,1.616812279E-1,-6.116259208E-2,1.767855783E2
3.049820619E1,2.803844505E-2,5.622339086E-4,1.394088264E-3,9.996057153E-1,1.767866097E2,1.614945026E-1,-5.992270580E-2,1.767865217E2
3.050320619E1,2.803006261E-2,5.756789469E-4,1.386190648E-3,9.996059537E-1,1.767875707E2,1.606325435E-1,-6.148950916E-2,1.767874809E2
3.050820619E1,2.803390936E-2,5.995087558E-4,1.384261763E-3,9.996058345E-1,1.767871297E2,1.604883913E-1,-6.422470695E-2,1.767870361E2
3.051320619E1,2.804830717E-2,6.053360412E-4,1.391342725E-3,9.996054173E-1,1.767854792E2,1.613191479E-1,-6.486713016E-2,1.767853842E2
3.051820619E1,2.804881660E-2,5.861825193E-4,1.389272744E-3,9.996054173E-1,1.767854208E2,1.610205038E-1,-6.267973494E-2,1.767853290E2
3.052320619E1,2.803851938E-2,5.674407003E-4,1.390479039E-3,9.996057153E-1,1.767866012E2,1.610978132E-1,-6.053070975E-2,1.767865125E2
3.052820619E1,2.803588651E-2,5.839869846E-4,1.393863233E-3,9.996057749E-1,1.767869030E2,1.615384641E-1,-6.241557894E-2,1.767868114E2
3.053320619E1,2.804582713E-2,6.138008903E-4,1.394800376E-3,9.996054769E-1,1.767857635E2,1.617422562E-1,-6.582603564E-2,1.767856668E2
3.053820619E1,2.804585967E-2,6.200134521E-4,1.391394064E-3,9.996054769E-1,1.767857598E2,1.613720445E-1,-6.654860448E-2,1.767856623E2
3.054320619E1,2.803121495E-2,6.085245986E-4,1.391829457E-3,9.996058941E-1,1.767874386E2,1.613840353E-1,-6.523356291E-2,1.767873430E2
3.054820619E1,2.800406773E-2,5.859192461E-4,1.391503378E-3,9.996066689E-1,1.767905506E2,1.612723647E-1,-6.264962778E-2,1.767904588E2
3.055320619E1,2.801047438E-2,5.911304033E-4,1.388801495E-3,9.996064901E-1,1.767898162E2,1.609800023E-1,-6.325418663E-2,1.767897237E2
3.055820619E1,2.803333966E-2,6.114160060E-4,1.390576595E-3,9.996058345E-1,1.767871950E2,1.612499519E-1,-6.556844505E-2,1.767870990E2
3.056320619E1,2.805015117E-2,6.240114453E-4,1.388737815E-3,9.996053576E-1,1.767852678E2,1.610809178E-1,-6.701440556E-2,1.767851699E2
3.056820619E1,2.803544417E-2,6.154658040E-4,1.389208250E-3,9.996057749E-1,1.767869537E2,1.611063621E-1,-6.603639153E-2,1.767868572E2
3.057320619E1,2.799984828E-2,5.880339304E-4,1.389884856E-3,9.996067882E-1,1.767910343E2,1.610934894E-1,-6.289773153E-2,1.767909423E2
3.057820619E1,2.797258656E-2,5.696393782E-4,1.389196725E-3,9.996075630E-1,1.767941595E2,1.609539834E-1,-6.079729701E-2,1.767940705E2
3.058320619E1,2.800604014E-2,5.955205415E-4,1.390548772E-3,9.996066093E-1,1.767903245E2,1.611939570E-1,-6.375216811E-2,1.767902312E2
3.058820619E1,2.803783831E-2,6.209707353E-4,1.381306676E-3,9.996057153E-1,1.767866793E2,1.602191097E-1,-6.669196354E-2,1.767865824E2
3.059320619E1,2.803607258E-2,6.196929608E-4,1.374569954E-3,9.996057749E-1,1.767868817E2,1.594432173E-1,-6.656752578E-2,1.767867854E2
3.059820619E1,2.799615591E-2,5.900610122E-4,1.377615728E-3,9.996069074E-1,1.767914576E2,1.596943714E-1,-6.316988384E-2,1.767913660E2
3.060320619E1,2.797904251E-2,5.766380345E-4,1.384959207E-3,9.996073842E-1,1.767934194E2,1.604914224E-1,-6.161151632E-2,1.767933295E2
3.060820619E1,2.800207466E-2,5.971817300E-4,1.383986440E-3,9.996067286E-1,1.767907791E2,1.604473410E-1,-6.396414878E-2,1.767906859E2
3.061320619E1,2.803579942E-2,6.232825690E-4,1.378512825E-3,9.996057749E-1,1.767869130E2,1.599063751E-1,-6.696607860E-2,1.767868159E2
3.061820619E1,2.801705167E-2,6.138527533E-4,1.374906162E-3,9.996063113E-1,1.767890622E2,1.594617103E-1,-6.590050509E-2,1.767889669E2
3.062320619E1,2.798524732E-2,5.889935419E-4,1.383455587E-3,9.996072054E-1,1.767927081E2,1.603591958E-1,-6.303062324E-2,1.767926163E2
3.062820619E1,2.796627729E-2,5.770505522E-4,1.384490984E-3,9.996077418E-1,1.767948828E2,1.604383243E-1,-6.166231889E-2,1.767947929E2
3.063320619E1,2.798327235E-2,5.904849386E-4,1.379697118E-3,9.996072650E-1,1.767929345E2,1.599333334E-1,-6.321382691E-2,1.767928427E2
3.063820619E1,2.800234905E-2,6.063943147E-4,1.374395797E-3,9.996067286E-1,1.767907477E2,1.593783454E-1,-6.505015000E-2,1.767906536E2
3.064320619E1,2.799392219E-2,5.996774416E-4,1.375604421E-3,9.996069670E-1,1.767917137E2,1.594946923E-1,-6.427822172E-2,1.767916206E2
3.064820619E1,2.797502473E-2,5.869725137E-4,1.375708031E-3,9.996075034E-1,1.767938800E2,1.594646136E-1,-6.282559833E-2,1.767937890E2
3.065320619E1,2.796661600E-2,5.790475407E-4,1.376793836E-3,9.996077418E-1,1.767948440E2,1.595630611E-1,-6.191568090E-2,1.767947542E2
3.065820619E1,2.796671152E-2,5.819228827E-4,1.373637700E-3,9.996077418E-1,1.767948330E2,1.592107570E-1,-6.225514133E-2,1.767947430E2
3.066320619E1,2.797699175E-2,5.908320891E-4,1.377363689E-3,9.996074438E-1,1.767936545E2,1.596667623E-1,-6.326207771E-2,1.767935628E2
3.066820619E1,2.797286120E-2,5.876252544E-4,1.376113505E-3,9.996075630E-1,1.767941280E2,1.595130159E-1,-6.289941294E-2,1.767940369E2
3.067320619E1,2.796661640E-2,5.834288895E-4,1.374934800E-3,9.996077418E-1,1.767948439E2,1.593641566E-1,-6.242350752E-2,1.767947535E2
3.067820619E1,2.796039367E-2,5.809898721E-4,1.372522092E-3,9.996079206E-1,1.767955573E2,1.590795845E-1,-6.215284889E-2,1.767954674E2
3.068320619E1,2.796475627E-2,5.841978127E-4,1.369096455E-3,9.996078014E-1,1.767950572E2,1.586977404E-1,-6.253059131E-2,1.767949670E2
3.068820619E1,2.795434400E-2,5.776755279E-4,1.366907149E-3,9.996080995E-1,1.767962508E2,1.584254159E-1,-6.179215157E-2,1.767961618E2
3.069320619E1,2.794773850E-2,5.729009281E-4,1.373208710E-3,9.996082783E-1,1.767970080E2,1.591315399E-1,-6.122610201E-2,1.767969194E2
3.069820619E1,2.795811934E-2,5.825721892E-4,1.374769257E-3,9.996079803E-1,1.767958180E2,1.593419187E-1,-6.232726038E-2,1.767957278E2
3.070320619E1,2.796469581E-2,5.876309006E-4,1.368862228E-3,9.996078014E-1,1.767950641E2,1.586819089E-1,-6.292460022E-2,1.767949734E2
3.070820619E1,2.794580596E-2,5.800920771E-4,1.366113080E-3,9.996083379E-1,1.767972296E2,1.583416692E-1,-6.207285546E-2,1.767971403E2
3.071320619E1,2.793110031E-2,5.680535105E-4,1.366621698E-3,9.996087551E-1,1.767989154E2,1.583604821E-1,-6.069457819E-2,1.767988280E2
3.071820619E1,2.793733948E-2,5.731143756E-4,1.367770019E-3,9.996085763E-1,1.767982001E2,1.585086007E-1,-6.126961901E-2,1.767981119E2
3.072320619E1,2.796273322E-2,5.939326365E-4,1.362695126E-3,9.996078610E-1,1.767952891E2,1.579955572E-1,-6.366651632E-2,1.767951978E2
3.072820619E1,2.796092295E-2,5.944923614E-4,1.355856657E-3,9.996079206E-1,1.767954966E2,1.572139100E-1,-6.375282874E-2,1.767954056E2
3.073320619E1,2.793960165E-2,5.764530506E-4,1.363714109E-3,9.996085167E-1,1.767979408E2,1.580548373E-1,-6.166468054E-2,1.767978522E2
3.073820619E1,2.792681899E-2,5.688181845E-4,1.366603770E-3,9.996088743E-1,1.767994062E2,1.583606159E-1,-6.078290476E-2,1.767993186E2
3.074320619E1,2.793321833E-2,5.747952382E-4,1.364108059E-3,9.996086955E-1,1.767986726E2,1.580942623E-1,-6.147453179E-2,1.767985842E2
3.074820619E1,2.794591865E-2,5.905412254E-4,1.359313843E-3,9.996083379E-1,1.767972166E2,1.575963091E-1,-6.329152742E-2,1.767971261E2
3.075320619E1,2.795016873E-2,5.931819323E-4,1.358444337E-3,9.996082187E-1,1.767967294E2,1.575054374E-1,-6.359612659E-2,1.767966385E2
3.075820619E1,2.793745639E-2,5.848299479E-4,1.360403025E-3,9.996085763E-1,1.767981867E2,1.577022502E-1,-6.263516637E-2,1.767980970E2
3.076320619E1,2.792912159E-2,5.776425241E-4,1.359425602E-3,9.996088147E-1,1.767991422E2,1.575667622E-1,-6.181631346E-2,1.767990537E2
3.076820619E1,2.793115081E-2,5.809053546E-4,1.360171940E-3,9.996087551E-1,1.767989096E2,1.576628227E-1,-6.218735138E-2,1.767988205E2
3.077320619E1,2.794822166E-2,5.936031812E-4,1.354454318E-3,9.996082783E-1,1.767969526E2,1.570496183E-1,-6.365746498E-2,1.767968619E2
3.077820619E1,2.794817154E-2,5.961285788E-4,1.354379347E-3,9.996082783E-1,1.767969584E2,1.570491159E-1,-6.394698893E-2,1.767968672E2
3.078320619E1,2.793339600E-2,5.843752879E-4,1.356377499E-3,9.996086955E-1,1.767986522E2,1.572394285E-1,-6.259661292E-2,1.767985628E2
3.078820619E1,2.792069169E-2,5.783140077E-4,1.356989029E-3,9.996090531E-1,1.768001086E2,1.572892873E-1,-6.190235451E-2,1.768000201E2
3.079320619E1,2.791882538E-2,5.773467710E-4,1.351883169E-3,9.996091127E-1,1.768003225E2,1.567012159E-1,-6.180818976E-2,1.768002345E2
3.079820619E1,2.792949021E-2,5.846077693E-4,1.348833553E-3,9.996088147E-1,1.767990999E2,1.563757916E-1,-6.264800227E-2,1.767990110E2
3.080320619E1,2.792919344E-2,5.838583456E-4,1.355287735E-3,9.996088147E-1,1.767991340E2,1.571126815E-1,-6.254154777E-2,1.767990447E2
3.080820619E1,2.792288239E-2,5.803668755E-4,1.354941516E-3,9.996089935E-1,1.767998574E2,1.570614556E-1,-6.214371087E-2,1.767997688E2
3.081320619E1,2.791237960E-2,5.720712361E-4,1.355005428E-3,9.996092916E-1,1.768010614E2,1.570415876E-1,-6.119491759E-2,1.768009741E2
3.081820619E1,2.790829374E-2,5.680082832E-4,1.352930674E-3,9.996094108E-1,1.768015298E2,1.567906859E-1,-6.073679648E-2,1.768014433E2
3.082320619E1,2.791657085E-2,5.752178258E-4,1.355271786E-3,9.996091723E-1,1.768005810E2,1.570824215E-1,-6.155383881E-2,1.768004931E2
3.082820619E1,2.793316577E-2,5.864191335E-4,1.360231428E-3,9.996086955E-1,1.767986786E2,1.576874128E-1,-6.281842859E-2,1.767985886E2
3.083320619E1,2.793533234E-2,5.884048878E-4,1.358681824E-3,9.996086359E-1,1.767984302E2,1.575164036E-1,-6.305050917E-2,1.767983400E2
3.083820619E1,2.791651634E-2,5.734125734E-4,1.357158297E-3,9.996091723E-1,1.768005872E2,1.572927369E-1,-6.134102638E-2,1.768004995E2
3.084320619E1,2.789949974E-2,5.608239444E-4,1.361122355E-3,9.996096492E-1,1.768025379E2,1.577055143E-1,-5.988904249E-2,1.768024520E2
3.084820619E1,2.791627362E-2,5.724519724E-4,1.362545881E-3,9.996091723E-1,1.768006150E2,1.579067807E-1,-6.121379559E-2,1.768005272E2
3.085320619E1,2.793545867E-2,5.886426661E-4,1.355978660E-3,9.996086359E-1,1.767984157E2,1.572075336E-1,-6.308637952E-2,1.767983257E2
3.085820619E1,2.792510343E-2,5.837142817E-4,1.351699815E-3,9.996089339E-1,1.767996028E2,1.567009790E-1,-6.253717016E-2,1.767995138E2
3.086320619E1,2.789983050E-2,5.627626088E-4,1.353521249E-3,9.996096492E-1,1.768025000E2,1.568410481E-1,-6.013536027E-2,1.768024143E2
3.086820619E1,2.789525598E-2,5.623367033E-4,1.359929796E-3,9.996097684E-1,1.768030244E2,1.575734919E-1,-6.006680600E-2,1.768029384E2
3.087320619E1,2.791453604E-2,5.781548098E-4,1.351967920E-3,9.996092319E-1,1.768008142E2,1.567132435E-1,-6.190114932E-2,1.768007261E2
3.087820619E1,2.792954737E-2,5.896942457E-4,1.345431549E-3,9.996088147E-1,1.767990934E2,1.560023862E-1,-6.324152114E-2,1.767990038E2
3.088320619E1,2.791068675E-2,5.762348301E-4,1.344096614E-3,9.996093512E-1,1.768012555E2,1.558052289E-1,-6.170700096E-2,1.768011682E2
3.088820619E1,2.788082755E-2,5.551656359E-4,1.352052088E-3,9.996101856E-1,1.768046784E2,1.566473431E-1,-5.927282602E-2,1.768045940E2
3.089320619E1,2.787437931E-2,5.499519175E-4,1.354932087E-3,9.996103644E-1,1.768054176E2,1.569602016E-1,-5.866742159E-2,1.768053339E2
3.089820619E1,2.789763993E-2,5.666025099E-4,1.353051630E-3,9.996097088E-1,1.768027511E2,1.567993993E-1,-6.057705395E-2,1.768026648E2
3.090320619E1,2.791473394E-2,5.806058762E-4,1.346821664E-3,9.996092319E-1,1.768007915E2,1.561316084E-1,-6.219834241E-2,1.768007034E2
3.090820619E1,2.790220743E-2,5.714875879E-4,1.344860066E-3,9.996095896E-1,1.768022275E2,1.558769768E-1,-6.116209986E-2,1.768021409E2
3.091320619E1,2.787665764E-2,5.510983174E-4,1.351562911E-3,9.996103048E-1,1.768051565E2,1.565780682E-1,-5.880914332E-2,1.768050727E2
3.091820619E1,2.785935993E-2,5.422629765E-4,1.359111746E-3,9.996107817E-1,1.768071394E2,1.574135401E-1,-5.777569125E-2,1.768070566E2
3.092320619E1,2.788702872E-2,5.628258223E-4,1.353197382E-3,9.996100068E-1,1.768039676E2,1.568033819E-1,-6.014564479E-2,1.768038818E2
3.092820619E1,2.791446284E-2,5.858326331E-4,1.350172912E-3,9.996092319E-1,1.768008226E2,1.565321877E-1,-6.278637293E-2,1.768007334E2
3.093320619E1,2.789962451E-2,5.735701416E-4,1.353230560E-3,9.996096492E-1,1.768025236E2,1.568422932E-1,-6.137429087E-2,1.768024362E2
3.093820619E1,2.787212139E-2,5.503697321E-4,1.357235946E-3,9.996104240E-1,1.768056765E2,1.572253043E-1,-5.870827700E-2,1.768055925E2
3.094320619E1,2.786787984E-2,5.473493366E-4,1.357756671E-3,9.996105433E-1,1.768061627E2,1.572750567E-1,-5.836130408E-2,1.768060792E2
3.094820619E1,2.788712109E-2,5.616864073E-4,1.351766521E-3,9.996100068E-1,1.768039570E2,1.566358450E-1,-6.001968648E-2,1.768038715E2
3.095320619E1,2.791878848E-2,5.858084187E-4,1.349002006E-3,9.996091127E-1,1.768003267E2,1.563982581E-1,-6.278666802E-2,1.768002376E2
3.095820619E1,2.791644782E-2,5.845596897E-4,1.353808097E-3,9.996091723E-1,1.768005951E2,1.569446396E-1,-6.262862125E-2,1.768005058E2
3.096320619E1,2.789119939E-2,5.649757804E-4,1.354404492E-3,9.996098876E-1,1.768034894E2,1.569487759E-1,-6.038740342E-2,1.768034033E2
3.096820619E1,2.787477101E-2,5.513572250E-4,1.346274978E-3,9.996103644E-1,1.768053727E2,1.559730664E-1,-5.885598717E-2,1.768052892E2
3.097320619E1,2.787895576E-2,5.550851347E-4,1.346603734E-3,9.996102452E-1,1.768048930E2,1.560228814E-1,-5.928130447E-2,1.768048089E2
3.097820619E1,2.790396943E-2,5.722033675E-4,1.352280378E-3,9.996095300E-1,1.768020255E2,1.567293488E-1,-6.122008783E-2,1.768019384E2
3.098320619E1,2.792073037E-2,5.853095790E-4,1.353188534E-3,9.996090531E-1,1.768001041E2,1.568763383E-1,-6.271582861E-2,1.768000148E2
3.098820619E1,2.790435529E-2,5.747469841E-4,1.343209064E-3,9.996095300E-1,1.768019813E2,1.556984138E-1,-6.154039787E-2,1.768018943E2
3.099320619E1,2.787489266E-2,5.509649636E-4,1.343914773E-3,9.996103644E-1,1.768053588E2,1.557014658E-1,-5.881857507E-2,1.768052755E2
3.099820619E1,2.787441069E-2,5.508502363E-4,1.353921136E-3,9.996103644E-1,1.768054140E2,1.568472715E-1,-5.877354557E-2,1.768053302E2
3.100320619E1,2.789737404E-2,5.697012530E-4,1.357226167E-3,9.996097088E-1,1.768027816E2,1.572874712E-1,-6.091870140E-2,1.768026945E2
3.100820619E1,2.791867264E-2,5.856832140E-4,1.351451501E-3,9.996091127E-1,1.768003400E2,1.566784327E-1,-6.276450759E-2,1.768002507E2
3.101320619E1,2.790210070E-2,5.731467973E-4,1.346367528E-3,9.996095896E-1,1.768022398E2,1.560549512E-1,-6.134735370E-2,1.768021528E2
3.101820619E1,2.787009745E-2,5.499069230E-4,1.355084823E-3,9.996104836E-1,1.768059085E2,1.569773022E-1,-5.866245214E-2,1.768058247E2
3.102320619E1,2.785726611E-2,5.402637180E-4,1.358987414E-3,9.996108413E-1,1.768073794E2,1.573927947E-1,-5.754740883E-2,1.768072970E2
3.102820619E1,2.787628613E-2,5.548551562E-4,1.357674482E-3,9.996103048E-1,1.768051990E2,1.572901113E-1,-5.922001261E-2,1.768051143E2
3.103320619E1,2.790808894E-2,5.798984785E-4,1.352110878E-3,9.996094108E-1,1.768015533E2,1.567347965E-1,-6.210143458E-2,1.768014649E2
3.103820619E1,2.791064981E-2,5.813536118E-4,1.342658652E-3,9.996093512E-1,1.768012597E2,1.556568852E-1,-6.229794610E-2,1.768011717E2
3.104320619E1,2.787694115E-2,5.551936338E-4,1.344018267E-3,9.996103048E-1,1.768051240E2,1.557269505E-1,-5.930230656E-2,1.768050400E2
3.104820619E1,2.784715300E-2,5.323018995E-4,1.350154402E-3,9.996111393E-1,1.768085388E2,1.563550065E-1,-5.666518590E-2,1.768084581E2
3.105320619E1,2.785964332E-2,5.430111778E-4,1.352990279E-3,9.996107817E-1,1.768071069E2,1.567147482E-1,-5.788089401E-2,1.768070244E2
3.105820619E1,2.789980142E-2,5.731532001E-4,1.349755330E-3,9.996096492E-1,1.768025033E2,1.564428935E-1,-6.133761469E-2,1.768024162E2
3.106320619E1,2.790597865E-2,5.794879980E-4,1.351776882E-3,9.996094704E-1,1.768017952E2,1.566950944E-1,-6.205581431E-2,1.768017069E2
3.106820619E1,2.788040088E-2,5.590165383E-4,1.359244459E-3,9.996101856E-1,1.768047273E2,1.574834876E-1,-5.969102264E-2,1.768046419E2
3.107320619E1,2.785706797E-2,5.405507982E-4,1.362929237E-3,9.996108413E-1,1.768074021E2,1.578452246E-1,-5.756774083E-2,1.768073194E2
3.107820619E1,2.786352104E-2,5.457762745E-4,1.360080554E-3,9.996106625E-1,1.768066624E2,1.575359734E-1,-5.817438020E-2,1.768065790E2
3.108320619E1,2.787413619E-2,5.543661537E-4,1.358131063E-3,9.996103644E-1,1.768054455E2,1.573407219E-1,-5.916287873E-2,1.768053608E2
3.108820619E1,2.788030358E-2,5.626463098E-4,1.359742484E-3,9.996101856E-1,1.768047385E2,1.575521266E-1,-6.010522594E-2,1.768046524E2
3.109320619E1,2.788226790E-2,5.625634803E-4,1.363312360E-3,9.996101260E-1,1.768045133E2,1.579608991E-1,-6.008402215E-2,1.768044270E2
3.109820619E1,2.787401473E-2,5.598352873E-4,1.358380308E-3,9.996103644E-1,1.768054594E2,1.573867356E-1,-5.978857421E-2,1.768053739E2
3.110320619E1,2.786331218E-2,5.501760170E-4,1.362584531E-3,9.996106625E-1,1.768066863E2,1.578368339E-1,-5.867039512E-2,1.768066021E2
3.110820619E1,2.787363750E-2,5.589629291E-4,1.366456388E-3,9.996103644E-1,1.768055027E2,1.583090186E-1,-5.966291125E-2,1.768054168E2
3.111320619E1,2.789251082E-2,5.744216614E-4,1.367353369E-3,9.996098280E-1,1.768033391E2,1.584623055E-1,-6.142780471E-2,1.768032507E2
3.111820619E1,2.790308540E-2,5.798782804E-4,1.367170596E-3,9.996095300E-1,1.768021269E2,1.584594681E-1,-6.205175128E-2,1.768020375E2
3.112320619E1,2.789055092E-2,5.698481109E-4,1.365670119E-3,9.996098876E-1,1.768035638E2,1.582547553E-1,-6.090960930E-2,1.768034762E2
3.112820619E1,2.787771593E-2,5.559505080E-4,1.371681108E-3,9.996102452E-1,1.768050351E2,1.588981148E-1,-5.930051068E-2,1.768049494E2
3.113320619E1,2.787545030E-2,5.544581800E-4,1.374888816E-3,9.996103048E-1,1.768052949E2,1.592606470E-1,-5.911968259E-2,1.768052092E2
3.113820619E1,2.789659376E-2,5.717211170E-4,1.372331055E-3,9.996097088E-1,1.768028711E2,1.590241024E-1,-6.110190588E-2,1.768027827E2
3.114320619E1,2.791366733E-2,5.849182489E-4,1.366912387E-3,9.996092319E-1,1.768009138E2,1.584466704E-1,-6.262821208E-2,1.768008237E2
3.114820619E1,2.789664702E-2,5.737003521E-4,1.370421029E-3,9.996097088E-1,1.768028650E2,1.588116453E-1,-6.133471857E-2,1.768027764E2
3.115320619E1,2.787770775E-2,5.580602447E-4,1.370990532E-3,9.996102452E-1,1.768050361E2,1.588257510E-1,-5.954438196E-2,1.768049500E2
3.115820619E1,2.787122442E-2,5.544992164E-4,1.373872976E-3,9.996104240E-1,1.768057793E2,1.591441665E-1,-5.912830095E-2,1.768056937E2
3.116320619E1,2.788800038E-2,5.669957027E-4,1.375281950E-3,9.996099472E-1,1.768038562E2,1.593464914E-1,-6.055256091E-2,1.768037684E2
3.116820619E1,2.790894908E-2,5.842007813E-4,1.376353088E-3,9.996093512E-1,1.768014547E2,1.595254847E-1,-6.251658285E-2,1.768013641E2
3.117320619E1,2.790898378E-2,5.842447863E-4,1.375630614E-3,9.996093512E-1,1.768014507E2,1.594428704E-1,-6.252392858E-2,1.768013601E2
3.117820619E1,2.788157968E-2,5.616725539E-4,1.377679058E-3,9.996101260E-1,1.768045922E2,1.596036756E-1,-5.993617522E-2,1.768045052E2
3.118320619E1,2.786889731E-2,5.528537440E-4,1.378368470E-3,9.996104836E-1,1.768060461E2,1.596537198E-1,-5.892583066E-2,1.768059605E2
3.118820619E1,2.788784543E-2,5.647380021E-4,1.379346824E-3,9.996099472E-1,1.768038739E2,1.598048862E-1,-6.028098250E-2,1.768037863E2
3.119320619E1,2.789860827E-2,5.743136862E-4,1.373711624E-3,9.996096492E-1,1.768026401E2,1.591906548E-1,-6.139414232E-2,1.768025513E2
3.119820619E1,2.788992218E-2,5.682537449E-4,1.379108639E-3,9.996098876E-1,1.768036359E2,1.597889650E-1,-6.068412912E-2,1.768035477E2
3.120320619E1,2.787285073E-2,5.554321106E-4,1.383834286E-3,9.996103644E-1,1.768055929E2,1.602882826E-1,-5.920308496E-2,1.768055065E2
3.120820619E1,2.786688353E-2,5.488185561E-4,1.377469394E-3,9.996105433E-1,1.768062769E2,1.595377279E-1,-5.846680491E-2,1.768061920E2
3.121320619E1,2.787740894E-2,5.557507975E-4,1.377986744E-3,9.996102452E-1,1.768050703E2,1.596197514E-1,-5.925753924E-2,1.768049843E2
3.121820619E1,2.788991725E-2,5.692968844E-4,1.378778252E-3,9.996098876E-1,1.768036364E2,1.597544539E-1,-6.080467422E-2,1.768035481E2
3.122320619E1,2.789201085E-2,5.725645460E-4,1.378287212E-3,9.996098280E-1,1.768033964E2,1.597087790E-1,-6.118020956E-2,1.768033076E2
3.122820619E1,2.788355617E-2,5.666088546E-4,1.378903049E-3,9.996100664E-1,1.768043656E2,1.597597726E-1,-6.049738657E-2,1.768042777E2
3.123320619E1,2.787127674E-2,5.563482991E-4,1.372062834E-3,9.996104240E-1,1.768057733E2,1.589427290E-1,-5.934588082E-2,1.768056875E2
3.123820619E1,2.786503318E-2,5.536303506E-4,1.369699952E-3,9.996106029E-1,1.768064890E2,1.586630174E-1,-5.904308594E-2,1.768064038E2
3.124320619E1,2.787302811E-2,5.596881965E-4,1.378536574E-3,9.996103644E-1,1.768055725E2,1.596950502E-1,-5.970749956E-2,1.768054858E2
3.124820619E1,2.788770061E-2,5.712631973E-4,1.379587920E-3,9.996099472E-1,1.768038905E2,1.598533486E-1,-6.102767598E-2,1.768038018E2
3.125320619E1,2.788139151E-2,5.658653681E-4,1.379769994E-3,9.996101260E-1,1.768046138E2,1.598565721E-1,-6.040979851E-2,1.768045260E2
3.125820619E1,2.786687341E-2,5.530212075E-4,1.375992550E-3,9.996105433E-1,1.768062781E2,1.593819803E-1,-5.895292359E-2,1.768061926E2
3.126320619E1,2.784774423E-2,5.372274318E-4,1.379812835E-3,9.996110797E-1,1.768084710E2,1.597680516E-1,-5.713465242E-2,1.768083878E2
3.126820619E1,2.785825792E-2,5.449180608E-4,1.380470931E-3,9.996107817E-1,1.768072657E2,1.598685884E-1,-5.801180945E-2,1.768071813E2
3.127320619E1,2.787737519E-2,5.606744089E-4,1.376674278E-3,9.996102452E-1,1.768050742E2,1.594851398E-1,-5.982572197E-2,1.768049874E2
3.127820619E1,2.789682870E-2,5.736338207E-4,1.366745564E-3,9.996097088E-1,1.768028441E2,1.583904299E-1,-6.133881859E-2,1.768027558E2
3.128320619E1,2.788646109E-2,5.660921452E-4,1.363493502E-3,9.996100068E-1,1.768040326E2,1.579931775E-1,-6.048697826E-2,1.768039457E2
3.128820619E1,2.785666261E-2,5.404458498E-4,1.371230581E-3,9.996108413E-1,1.768074486E2,1.587957623E-1,-5.752928356E-2,1.768073654E2
3.129320619E1,2.784807796E-2,5.338689080E-4,1.374370069E-3,9.996110797E-1,1.768084327E2,1.591338983E-1,-5.676725937E-2,1.768083504E2
3.129820619E1,2.789682667E-2,5.699346657E-4,1.368333586E-3,9.996097088E-1,1.768028444E2,1.585605068E-1,-6.091001567E-2,1.768027566E2
3.130320619E1,2.792869710E-2,5.953629152E-4,1.360500813E-3,9.996088147E-1,1.767991909E2,1.577466152E-1,-6.384275259E-2,1.767990994E2
3.130820619E1,2.790556750E-2,5.750794662E-4,1.362107927E-3,9.996094704E-1,1.768018423E2,1.578643614E-1,-6.151785842E-2,1.768017541E2
3.131320619E1,2.785268245E-2,5.340127391E-4,1.367695862E-3,9.996109605E-1,1.768079049E2,1.583701069E-1,-5.680430430E-2,1.768078229E2
3.131820619E1,2.786097766E-2,5.385256954E-4,1.371220918E-3,9.996107221E-1,1.768069540E2,1.587887730E-1,-5.730868107E-2,1.768068711E2
3.132320619E1,2.790937176E-2,5.767774419E-4,1.370902173E-3,9.996093512E-1,1.768014062E2,1.588773816E-1,-6.168362897E-2,1.768013172E2
3.132820619E1,2.794320880E-2,5.994268577E-4,1.367278048E-3,9.996083975E-1,1.767975273E2,1.585368678E-1,-6.428427206E-2,1.767974348E2
3.133320619E1,2.792413138E-2,5.841436796E-4,1.371451421E-3,9.996089339E-1,1.767997143E2,1.589647800E-1,-6.252330428E-2,1.767996240E2
3.133820619E1,2.788843704E-2,5.525413435E-4,1.372307190E-3,9.996099472E-1,1.768038061E2,1.589595709E-1,-5.890629639E-2,1.768037209E2
3.134320619E1,2.787344099E-2,5.408644211E-4,1.377701992E-3,9.996103644E-1,1.768055252E2,1.595393468E-1,-5.755389360E-2,1.768054416E2
3.134820619E1,2.790955090E-2,5.664879573E-4,1.371545601E-3,9.996093512E-1,1.768013857E2,1.589181849E-1,-6.050291487E-2,1.768012983E2
3.135320619E1,2.794954492E-2,5.968926125E-4,1.369607868E-3,9.996082187E-1,1.767968009E2,1.587960317E-1,-6.398551562E-2,1.767967087E2
3.135820619E1,2.793911283E-2,5.886839353E-4,1.368495636E-3,9.996085167E-1,1.767979968E2,1.586416781E-1,-6.305045674E-2,1.767979060E2
3.136320619E1,2.789500967E-2,5.539651029E-4,1.368391793E-3,9.996097684E-1,1.768030527E2,1.585160123E-1,-5.908085442E-2,1.768029674E2
3.136820619E1,2.787389799E-2,5.396455526E-4,1.368906000E-3,9.996103644E-1,1.768054728E2,1.585279235E-1,-5.744229918E-2,1.768053899E2
3.137320619E1,2.789301848E-2,5.556792603E-4,1.364740194E-3,9.996098280E-1,1.768032809E2,1.581030938E-1,-5.928919350E-2,1.768031956E2
3.137820619E1,2.792253164E-2,5.789567367E-4,1.362750540E-3,9.996089935E-1,1.767998976E2,1.579514219E-1,-6.195725197E-2,1.767998087E2
3.138320619E1,2.792866951E-2,5.830946611E-4,1.366368029E-3,9.996088147E-1,1.767991940E2,1.583794190E-1,-6.241869024E-2,1.767991042E2
3.138820619E1,2.789922230E-2,5.589737557E-4,1.367555000E-3,9.996096492E-1,1.768025697E2,1.584364230E-1,-5.965658713E-2,1.768024838E2
3.139320619E1,2.788018285E-2,5.430645542E-4,1.370139886E-3,9.996101856E-1,1.768047523E2,1.586805468E-1,-5.782899638E-2,1.768046688E2
3.139820619E1,2.789517213E-2,5.545918248E-4,1.364821568E-3,9.996097684E-1,1.768030340E2,1.581090664E-1,-5.916403041E-2,1.768029489E2
3.140320619E1,2.791182228E-2,5.685974611E-4,1.367886667E-3,9.996092916E-1,1.768011253E2,1.585059500E-1,-6.075589399E-2,1.768010378E2
3.140820619E1,2.792216129E-2,5.738515174E-4,1.372463768E-3,9.996089935E-1,1.767999401E2,1.590476842E-1,-6.134144428E-2,1.767998514E2
3.141320619E1,2.791398374E-2,5.667916848E-4,1.368086901E-3,9.996092319E-1,1.768008775E2,1.585232410E-1,-6.054806484E-2,1.768007903E2
3.141820619E1,2.790151056E-2,5.551325157E-4,1.366002369E-3,9.996095896E-1,1.768023074E2,1.582464277E-1,-5.922118685E-2,1.768022222E2
3.142320619E1,2.789305197E-2,5.482907291E-4,1.367042190E-3,9.996098280E-1,1.768032771E2,1.583431649E-1,-5.843549695E-2,1.768031929E2
3.142820619E1,2.790329806E-2,5.570314243E-4,1.372319995E-3,9.996095300E-1,1.768021025E2,1.589762716E-1,-5.941821678E-2,1.768020166E2
3.143320619E1,2.792460969E-2,5.740878405E-4,1.365947654E-3,9.996089339E-1,1.767996594E2,1.583021892E-1,-6.138897644E-2,1.767995711E2
3.143820619E1,2.793121534E-2,5.781415384E-4,1.360024209E-3,9.996087551E-1,1.767989022E2,1.576370577E-1,-6.187122788E-2,1.767988136E2
3.144320619E1,2.791004579E-2,5.621171440E-4,1.363248215E-3,9.996093512E-1,1.768013290E2,1.579537935E-1,-6.002871134E-2,1.768012427E2
3.144820619E1,2.789492447E-2,5.486284499E-4,1.372273196E-3,9.996097684E-1,1.768030624E2,1.589435507E-1,-5.845716371E-2,1.768029778E2
3.145320619E1,2.790134816E-2,5.542184808E-4,1.369685750E-3,9.996095896E-1,1.768023260E2,1.586654160E-1,-5.910473569E-2,1.768022407E2
3.145820619E1,2.791859300E-2,5.640010349E-4,1.362276031E-3,9.996091127E-1,1.768003492E2,1.578489734E-1,-6.024626475E-2,1.768002627E2
3.146320619E1,2.792910410E-2,5.733699072E-4,1.361591974E-3,9.996088147E-1,1.767991442E2,1.578012373E-1,-6.131996824E-2,1.767990563E2
3.146820619E1,2.793326950E-2,5.744601367E-4,1.363201067E-3,9.996086955E-1,1.767986667E2,1.579892995E-1,-6.143904220E-2,1.767985785E2
3.147320619E1,2.792054018E-2,5.649313098E-4,1.365715754E-3,9.996090531E-1,1.768001259E2,1.582460775E-1,-6.034151170E-2,1.768000391E2
3.147820619E1,2.791415624E-2,5.598518765E-4,1.367424498E-3,9.996092319E-1,1.768008578E2,1.584251748E-1,-5.975522350E-2,1.768007717E2
3.148320619E1,2.793299458E-2,5.752341240E-4,1.368497731E-3,9.996086955E-1,1.767986982E2,1.585984773E-1,-6.151078887E-2,1.767986095E2
3.148820619E1,2.795007318E-2,5.875749048E-4,1.362839947E-3,9.996082187E-1,1.767967404E2,1.579909751E-1,-6.293979632E-2,1.767966501E2
3.149320619E1,2.794584896E-2,5.855828058E-4,1.362887095E-3,9.996083379E-1,1.767972246E2,1.579897299E-1,-6.271212460E-2,1.767971346E2
3.149820619E1,2.793332038E-2,5.723415525E-4,1.363049611E-3,9.996086955E-1,1.767986609E2,1.579651718E-1,-6.119684204E-2,1.767985730E2
3.150320619E1,2.792491875E-2,5.660422030E-4,1.362983952E-3,9.996089339E-1,1.767996240E2,1.579369772E-1,-6.047680967E-2,1.767995372E2
3.150820619E1,2.793335934E-2,5.736695020E-4,1.361692324E-3,9.996086955E-1,1.767986564E2,1.578139521E-1,-6.135329289E-2,1.767985684E2
3.151320619E1,2.795247789E-2,5.875326460E-4,1.357245608E-3,9.996081591E-1,1.767964647E2,1.573501768E-1,-6.295249549E-2,1.767963748E2
3.151820619E1,2.795438402E-2,5.921987467E-4,1.359855640E-3,9.996080995E-1,1.767962462E2,1.576642163E-1,-6.347832074E-2,1.767961553E2
3.152320619E1,2.795226830E-2,5.912554916E-4,1.359942602E-3,9.996081591E-1,1.767964887E2,1.576710216E-1,-6.337032914E-2,1.767963980E2
3.152820619E1,2.793553853E-2,5.763160298E-4,1.359623624E-3,9.996086359E-1,1.767984066E2,1.575855952E-1,-6.166272243E-2,1.767983183E2
3.153320619E1,2.793355341E-2,5.744995433E-4,1.357354340E-3,9.996086955E-1,1.767986341E2,1.573197181E-1,-6.146222684E-2,1.767985463E2
3.153820619E1,2.794610914E-2,5.823775427E-4,1.358919777E-3,9.996083379E-1,1.767971948E2,1.575250366E-1,-6.235763641E-2,1.767971056E2
3.154320619E1,2.796078603E-2,5.935102236E-4,1.359106624E-3,9.996079206E-1,1.767955123E2,1.575830278E-1,-6.362993624E-2,1.767954213E2
3.154820619E1,2.796909345E-2,5.999484565E-4,1.360699884E-3,9.996076822E-1,1.767945600E2,1.577866960E-1,-6.436099794E-2,1.767944678E2
3.155320619E1,2.795024374E-2,5.846196436E-4,1.360611059E-3,9.996082187E-1,1.767967208E2,1.577262075E-1,-6.260839300E-2,1.767966311E2
3.155820619E1,2.793543632E-2,5.729440018E-4,1.363144256E-3,9.996086359E-1,1.767984183E2,1.579780714E-1,-6.126521328E-2,1.767983303E2
3.156320619E1,2.795211422E-2,5.858451477E-4,1.365439966E-3,9.996081591E-1,1.767965064E2,1.582833869E-1,-6.273300748E-2,1.767964162E2
3.156820619E1,2.797129662E-2,6.023804308E-4,1.358122448E-3,9.996076226E-1,1.767943074E2,1.574993965E-1,-6.464748626E-2,1.767942150E2
3.157320619E1,2.796729785E-2,5.986206234E-4,1.354390057E-3,9.996077418E-1,1.767947658E2,1.570595535E-1,-6.422940499E-2,1.767946743E2
3.157820619E1,2.794198363E-2,5.790315918E-4,1.357494271E-3,9.996084571E-1,1.767976677E2,1.573507776E-1,-6.197958330E-2,1.767975791E2
3.158320619E1,2.793346012E-2,5.715845618E-4,1.360501279E-3,9.996086955E-1,1.767986448E2,1.576708534E-1,-6.111826643E-2,1.767985573E2
3.158820619E1,2.794200931E-2,5.789932911E-4,1.356981811E-3,9.996084571E-1,1.767976648E2,1.572919558E-1,-6.197683295E-2,1.767975762E2
3.159320619E1,2.795689567E-2,5.914936773E-4,1.352322055E-3,9.996080399E-1,1.767959583E2,1.567991679E-1,-6.342129672E-2,1.767958680E2
3.159820619E1,2.795699213E-2,5.902536795E-4,1.350868959E-3,9.996080399E-1,1.767959472E2,1.566287535E-1,-6.328389929E-2,1.767958572E2
3.160320619E1,2.793366846E-2,5.730995908E-4,1.355577260E-3,9.996086955E-1,1.767986210E2,1.571116845E-1,-6.130753726E-2,1.767985334E2
3.160820619E1,2.792114016E-2,5.628843210E-4,1.354246633E-3,9.996090531E-1,1.768000572E2,1.569258100E-1,-6.014363752E-2,1.767999713E2
3.161320619E1,2.794216115E-2,5.783659290E-4,1.354119857E-3,9.996084571E-1,1.767976474E2,1.569621281E-1,-6.191411084E-2,1.767975591E2
3.161820619E1,2.796337083E-2,5.952641950E-4,1.348960795E-3,9.996078610E-1,1.767952160E2,1.564266400E-1,-6.386295222E-2,1.767951253E2
3.162320619E1,2.796327188E-2,5.950349150E-4,1.351111569E-3,9.996078610E-1,1.767952273E2,1.566722633E-1,-6.382981241E-2,1.767951366E2
3.162820619E1,2.793593252E-2,5.741691566E-4,1.352417632E-3,9.996086359E-1,1.767983614E2,1.567533216E-1,-6.143981164E-2,1.767982739E2
3.163320619E1,2.793156325E-2,5.707087112E-4,1.356012537E-3,9.996087551E-1,1.767988623E2,1.571537619E-1,-6.103260740E-2,1.767987751E2
3.163820619E1,2.795252726E-2,5.864783889E-4,1.356684603E-3,9.996081591E-1,1.767964591E2,1.572825413E-1,-6.283352308E-2,1.767963693E2
3.164320619E1,2.796527757E-2,5.977014662E-4,1.352519495E-3,9.996078014E-1,1.767949974E2,1.568422109E-1,-6.413043059E-2,1.767949061E2
3.164820619E1,2.795466727E-2,5.890711327E-4,1.355384011E-3,9.996080995E-1,1.767962137E2,1.571420032E-1,-6.313434296E-2,1.767961237E2
3.165320619E1,2.793976631E-2,5.778366467E-4,1.359749236E-3,9.996085167E-1,1.767979219E2,1.576051134E-1,-6.183583545E-2,1.767978334E2
3.165820619E1,2.793784458E-2,5.759301712E-4,1.356221503E-3,9.996085763E-1,1.767981422E2,1.571947993E-1,-6.162905205E-2,1.767980542E2
3.166320619E1,2.795711237E-2,5.913345376E-4,1.347904559E-3,9.996080399E-1,1.767959334E2,1.562926612E-1,-6.341718632E-2,1.767958435E2
3.166820619E1,2.796937384E-2,6.004118477E-4,1.354718930E-3,9.996076822E-1,1.767945278E2,1.571030998E-1,-6.443320344E-2,1.767944360E2
3.167320619E1,2.795460652E-2,5.882155965E-4,1.357007539E-3,9.996080995E-1,1.767962207E2,1.573252287E-1,-6.303115278E-2,1.767961307E2
3.167820619E1,2.795022390E-2,5.860284436E-4,1.360412571E-3,9.996082187E-1,1.767967231E2,1.577079826E-1,-6.277040526E-2,1.767966332E2
3.168320619E1,2.795673906E-2,5.900939577E-4,1.356165856E-3,9.996080399E-1,1.767959762E2,1.572349690E-1,-6.324867367E-2,1.767958859E2
3.168820619E1,2.796512577E-2,5.973356892E-4,1.355815679E-3,9.996078014E-1,1.767950148E2,1.572185965E-1,-6.407799273E-2,1.767949234E2
3.169320619E1,2.796904381E-2,5.997027038E-4,1.361827948E-3,9.996076822E-1,1.767945657E2,1.579151214E-1,-6.432924005E-2,1.767944735E2
3.169820619E1,2.795836817E-2,5.912739434E-4,1.365965698E-3,9.996079803E-1,1.767957895E2,1.583613945E-1,-6.335218326E-2,1.767956984E2
3.170320619E1,2.794998552E-2,5.850823945E-4,1.365706907E-3,9.996082187E-1,1.767967504E2,1.583113873E-1,-6.264511870E-2,1.767966603E2
3.170820619E1,2.795237491E-2,5.867249565E-4,1.359713613E-3,9.996081591E-1,1.767964765E2,1.576302854E-1,-6.285208804E-2,1.767963865E2
3.171320619E1,2.793516157E-2,5.739541957E-4,1.368339872E-3,9.996086359E-1,1.767984498E2,1.585764308E-1,-6.136433879E-2,1.767983613E2
3.171820619E1,2.794978939E-2,5.842841347E-4,1.370055717E-3,9.996082187E-1,1.767967729E2,1.588069612E-1,-6.253978292E-2,1.767966827E2
3.172320619E1,2.797522096E-2,6.051827804E-4,1.363775693E-3,9.996075034E-1,1.767938575E2,1.581561961E-1,-6.494974431E-2,1.767937643E2
3.172820619E1,2.796249869E-2,5.950253108E-4,1.367024146E-3,9.996078610E-1,1.767953160E2,1.584949197E-1,-6.377784382E-2,1.767952242E2
3.173320619E1,2.794826301E-2,5.842103856E-4,1.357681118E-3,9.996082783E-1,1.767969479E2,1.573891568E-1,-6.257121017E-2,1.767968585E2
3.173820619E1,2.795490574E-2,5.888239830E-4,1.350564416E-3,9.996080995E-1,1.767961864E2,1.565891567E-1,-6.312143481E-2,1.767960967E2
3.174320619E1,2.793758132E-2,5.743813817E-4,1.362287789E-3,9.996085763E-1,1.767981724E2,1.578846991E-1,-6.143226345E-2,1.767980843E2
3.174820619E1,2.793890523E-2,5.760223139E-4,1.378088258E-3,9.996085167E-1,1.767980206E2,1.596999306E-1,-6.156943010E-2,1.767979313E2
3.175320619E1,2.796827267E-2,5.990458303E-4,1.377860084E-3,9.996076822E-1,1.767946541E2,1.597493977E-1,-6.420273585E-2,1.767945609E2
3.175820619E1,2.797130049E-2,6.022866582E-4,1.358084264E-3,9.996076226E-1,1.767943070E2,1.574947223E-1,-6.463686672E-2,1.767942146E2
3.176320619E1,2.792333997E-2,5.646085483E-4,1.352166990E-3,9.996089935E-1,1.767998050E2,1.566932430E-1,-6.034745145E-2,1.767997190E2
3.176820619E1,2.790789523E-2,5.517417449E-4,1.367800985E-3,9.996094108E-1,1.768015755E2,1.584419876E-1,-5.882602191E-2,1.768014907E2
3.177320619E1,2.795842652E-2,5.917063099E-4,1.364583382E-3,9.996079803E-1,1.767957828E2,1.582044436E-1,-6.340612895E-2,1.767956917E2
3.177820619E1,2.796909955E-2,5.998132983E-4,1.360633993E-3,9.996076822E-1,1.767945593E2,1.577787156E-1,-6.434572625E-2,1.767944671E2
3.178320619E1,2.796295141E-2,5.960056442E-4,1.357302070E-3,9.996078610E-1,1.767952641E2,1.573844564E-1,-6.392121950E-2,1.767951728E2
3.178820619E1,2.794203083E-2,5.782996886E-4,1.356834429E-3,9.996084571E-1,1.767976623E2,1.572728539E-1,-6.189785159E-2,1.767975739E2
3.179320619E1,2.792743036E-2,5.666748621E-4,1.354950946E-3,9.996088743E-1,1.767993361E2,1.570189971E-1,-6.057459023E-2,1.767992496E2
3.179820619E1,2.794213820E-2,5.797555787E-4,1.353999134E-3,9.996084571E-1,1.767976500E2,1.569527482E-1,-6.207368081E-2,1.767975615E2
3.180320619E1,2.797358498E-2,6.032190286E-4,1.354483655E-3,9.996075630E-1,1.767940451E2,1.570854204E-1,-6.475484888E-2,1.767939528E2
3.180820619E1,2.798586536E-2,6.138254539E-4,1.359959249E-3,9.996072054E-1,1.767926373E2,1.577474452E-1,-6.595028836E-2,1.767925429E2
3.181320619E1,2.795452434E-2,5.884415586E-4,1.358601497E-3,9.996080995E-1,1.767962301E2,1.575085305E-1,-6.305194276E-2,1.767961399E2
3.181820619E1,2.792944005E-2,5.692524137E-4,1.356418594E-3,9.996088147E-1,1.767991057E2,1.571954836E-1,-6.086482743E-2,1.767990187E2
3.182320619E1,2.794642903E-2,5.832970492E-4,1.351928688E-3,9.996083379E-1,1.767971581E2,1.567271935E-1,-6.248530151E-2,1.767970692E2
3.182820619E1,2.797150510E-2,6.029505166E-4,1.353568048E-3,9.996076226E-1,1.767942835E2,1.569795451E-1,-6.472735347E-2,1.767941913E2
3.183320619E1,2.797781198E-2,6.068935618E-4,1.353513100E-3,9.996074438E-1,1.767935605E2,1.569863019E-1,-6.517820164E-2,1.767934677E2
3.183820619E1,2.795247951E-2,5.873508635E-4,1.357290894E-3,9.996081591E-1,1.767964645E2,1.573547819E-1,-6.293152759E-2,1.767963746E2
3.184320619E1,2.794389040E-2,5.795427714E-4,1.361910254E-3,9.996083975E-1,1.767974492E2,1.578583702E-1,-6.202369613E-2,1.767973602E2
3.184820619E1,2.793949711E-2,5.773752928E-4,1.365464646E-3,9.996085167E-1,1.767979528E2,1.582583025E-1,-6.176473215E-2,1.767978640E2
3.185320619E1,2.795229868E-2,5.873540067E-4,1.361008501E-3,9.996081591E-1,1.767964853E2,1.577806211E-1,-6.292000790E-2,1.767963951E2
3.185820619E1,2.796087505E-2,5.942137796E-4,1.356966095E-3,9.996079206E-1,1.767955021E2,1.573400970E-1,-6.371737082E-2,1.767954111E2
3.186320619E1,2.795683089E-2,5.910537438E-4,1.353852800E-3,9.996080399E-1,1.767959657E2,1.569730964E-1,-6.336600990E-2,1.767958754E2
3.186820619E1,2.795460810E-2,5.881889956E-4,1.356986468E-3,9.996080995E-1,1.767962205E2,1.573227299E-1,-6.302817298E-2,1.767961305E2
3.187320619E1,2.794586432E-2,5.808914430E-4,1.364578726E-3,9.996083379E-1,1.767972229E2,1.581684773E-1,-6.216932464E-2,1.767971335E2
3.187820619E1,2.793972726E-2,5.762335495E-4,1.361231087E-3,9.996085167E-1,1.767979264E2,1.577697195E-1,-6.164746756E-2,1.767978380E2
3.188320619E1,2.795693266E-2,5.900895339E-4,1.352170715E-3,9.996080399E-1,1.767959540E2,1.567773360E-1,-6.326093581E-2,1.767958640E2
3.188820619E1,2.797358291E-2,6.045597838E-4,1.353928354E-3,9.996075630E-1,1.767940453E2,1.570261105E-1,-6.491020828E-2,1.767939528E2
3.189320619E1,2.796708674E-2,5.989515339E-4,1.358596492E-3,9.996077418E-1,1.767947900E2,1.575424346E-1,-6.425386170E-2,1.767946981E2
3.189820619E1,2.794188410E-2,5.788085400E-4,1.359636313E-3,9.996084571E-1,1.767976791E2,1.575954216E-1,-6.194719031E-2,1.767975905E2
3.190320619E1,2.793787650E-2,5.760454806E-4,1.355514745E-3,9.996085763E-1,1.767981386E2,1.571142135E-1,-6.164451806E-2,1.767980506E2
3.190820619E1,2.795032085E-2,5.857464275E-4,1.358540845E-3,9.996082187E-1,1.767967120E2,1.574926849E-1,-6.274408102E-2,1.767966222E2
3.191320619E1,2.796464821E-2,5.968519254E-4,1.365841716E-3,9.996078014E-1,1.767950695E2,1.583654670E-1,-6.399052480E-2,1.767949776E2
3.191820619E1,2.797115181E-2,6.021666341E-4,1.361196046E-3,9.996076226E-1,1.767943240E2,1.578507728E-1,-6.461316741E-2,1.767942314E2
3.192320619E1,2.795659559E-2,5.903967540E-4,1.358988578E-3,9.996080399E-1,1.767959927E2,1.575592642E-1,-6.327433743E-2,1.767959022E2
3.192820619E1,2.793309140E-2,5.711502745E-4,1.368231955E-3,9.996086955E-1,1.767986871E2,1.585549663E-1,-6.104383259E-2,1.767985991E2
3.193320619E1,2.792880506E-2,5.680461763E-4,1.369931619E-3,9.996088147E-1,1.767991785E2,1.587394608E-1,-6.068350832E-2,1.767990909E2
3.193820619E1,2.795623310E-2,5.892239860E-4,1.366931247E-3,9.996080399E-1,1.767960342E2,1.584652922E-1,-6.311461243E-2,1.767959434E2
3.194320619E1,2.796906450E-2,5.995157408E-4,1.361485338E-3,9.996076822E-1,1.767945633E2,1.578752785E-1,-6.430891891E-2,1.767944711E2
3.194820619E1,2.793942653E-2,5.758281332E-4,1.367560588E-3,9.996085167E-1,1.767979609E2,1.584934281E-1,-6.158081065E-2,1.767978722E2
3.195320619E1,2.791846732E-2,5.594491959E-4,1.366721233E-3,9.996091127E-1,1.768003636E2,1.583435872E-1,-5.971066444E-2,1.768002776E2
3.195820619E1,2.792490582E-2,5.657885922E-4,1.363354153E-3,9.996089339E-1,1.767996255E2,1.579785702E-1,-6.044657676E-2,1.767995387E2
3.196320619E1,2.795463486E-2,5.889479071E-4,1.356105902E-3,9.996080995E-1,1.767962174E2,1.572242968E-1,-6.311792042E-2,1.767961273E2
3.196820619E1,2.795663060E-2,5.910058971E-4,1.358003356E-3,9.996080399E-1,1.767959887E2,1.574483638E-1,-6.334726359E-2,1.767958981E2
3.197320619E1,2.794364813E-2,5.798451020E-4,1.366743818E-3,9.996083975E-1,1.767974769E2,1.584129935E-1,-6.204288733E-2,1.767973876E2
3.197820619E1,2.793101564E-2,5.705407239E-4,1.367315883E-3,9.996087551E-1,1.767989251E2,1.584479551E-1,-6.097727191E-2,1.767988372E2
3.198320619E1,2.794158839E-2,5.789682036E-4,1.365632168E-3,9.996084571E-1,1.767977130E2,1.582827215E-1,-6.194632738E-2,1.767976240E2
3.198820619E1,2.796035782E-2,5.928510218E-4,1.368173398E-3,9.996079206E-1,1.767955614E2,1.586194593E-1,-6.352544339E-2,1.767954699E2
3.199320619E1,2.796650379E-2,5.973319639E-4,1.371250721E-3,9.996077418E-1,1.767948568E2,1.589867090E-1,-6.402788274E-2,1.767947644E2
3.199820619E1,2.795609706E-2,5.904244026E-4,1.369193778E-3,9.996080399E-1,1.767960498E2,1.587282955E-1,-6.324488942E-2,1.767959587E2
3.200320619E1,2.794376908E-2,5.802289234E-4,1.364105497E-3,9.996083975E-1,1.767974631E2,1.581120185E-1,-6.209528210E-2,1.767973739E2
3.200820619E1,2.793746105E-2,5.748498370E-4,1.364554861E-3,9.996085763E-1,1.767981862E2,1.581458778E-1,-6.147868446E-2,1.767980978E2
3.201320619E1,2.794378118E-2,5.800543004E-4,1.363931806E-3,9.996083975E-1,1.767974617E2,1.580915642E-1,-6.207583389E-2,1.767973725E2
3.201820619E1,2.794790447E-2,5.837082281E-4,1.365256612E-3,9.996082783E-1,1.767969890E2,1.582552758E-1,-6.248948420E-2,1.767968992E2
3.202320619E1,2.795024162E-2,5.849687732E-4,1.360504422E-3,9.996082187E-1,1.767967211E2,1.577151108E-1,-6.264872652E-2,1.767966313E2
3.202820619E1,2.793961097E-2,5.775467143E-4,1.363060321E-3,9.996085167E-1,1.767979397E2,1.579834502E-1,-6.179204792E-2,1.767978510E2
3.203320619E1,2.794361669E-2,5.802256637E-4,1.367225079E-3,9.996083975E-1,1.767974805E2,1.584693372E-1,-6.208494332E-2,1.767973911E2
3.203820619E1,2.794150468E-2,5.783794913E-4,1.367593068E-3,9.996084571E-1,1.767977226E2,1.585054463E-1,-6.187262686E-2,1.767976335E2
3.204320619E1,2.794564456E-2,5.806791596E-4,1.369161881E-3,9.996083379E-1,1.767972481E2,1.586927702E-1,-6.213036583E-2,1.767971585E2
3.204820619E1,2.795179162E-2,5.868185544E-4,1.371611957E-3,9.996081591E-1,1.767965434E2,1.589934675E-1,-6.282478937E-2,1.767964526E2
3.205320619E1,2.795813431E-2,5.919294781E-4,1.370461076E-3,9.996079803E-1,1.767958163E2,1.588784117E-1,-6.341290706E-2,1.767957248E2
3.205820619E1,2.794539488E-2,5.807623384E-4,1.374213374E-3,9.996083379E-1,1.767972767E2,1.592716544E-1,-6.212375642E-2,1.767971868E2
3.206320619E1,2.792843051E-2,5.680884351E-4,1.377528999E-3,9.996088147E-1,1.767992214E2,1.596098305E-1,-6.066409334E-2,1.767991334E2
3.206820619E1,2.794113171E-2,5.772374570E-4,1.375671825E-3,9.996084571E-1,1.767977654E2,1.594271636E-1,-6.171600226E-2,1.767976760E2
3.207320619E1,2.795800193E-2,5.914054345E-4,1.373384730E-3,9.996079803E-1,1.767958315E2,1.592116199E-1,-6.334353372E-2,1.767957399E2
3.207820619E1,2.795606650E-2,5.900829565E-4,1.369964797E-3,9.996080399E-1,1.767960533E2,1.588155175E-1,-6.320331270E-2,1.767959622E2
3.208320619E1,2.794327442E-2,5.801274092E-4,1.374244108E-3,9.996083975E-1,1.767975198E2,1.592730098E-1,-6.205126681E-2,1.767974300E2
3.208820619E1,2.793675147E-2,5.741554196E-4,1.379295136E-3,9.996085763E-1,1.767982675E2,1.598320651E-1,-6.135206384E-2,1.767981784E2
3.209320619E1,2.794931776E-2,5.843239487E-4,1.379626803E-3,9.996082187E-1,1.767968270E2,1.599033979E-1,-6.251376366E-2,1.767967361E2
3.209820619E1,2.795767785E-2,5.903945421E-4,1.380398986E-3,9.996079803E-1,1.767958686E2,1.600118219E-1,-6.320531864E-2,1.767957767E2
3.210320619E1,2.796187896E-2,5.933862412E-4,1.380348112E-3,9.996078610E-1,1.767953870E2,1.600158470E-1,-6.354749828E-2,1.767952947E2
3.210820619E1,2.795112891E-2,5.852842005E-4,1.385700307E-3,9.996081591E-1,1.767966194E2,1.606022883E-1,-6.260401381E-2,1.767965280E2
3.211320619E1,2.793863840E-2,5.749518168E-4,1.383932540E-3,9.996085167E-1,1.767980512E2,1.603659315E-1,-6.142813960E-2,1.767979617E2
3.211820619E1,2.794303707E-2,5.794105818E-4,1.379363006E-3,9.996083975E-1,1.767975470E2,1.598570538E-1,-6.195280304E-2,1.767974570E2
3.212320619E1,2.795975707E-2,5.920866388E-4,1.380723785E-3,9.996079206E-1,1.767956303E2,1.600545800E-1,-6.339776916E-2,1.767955381E2
3.212820619E1,2.796616066E-2,5.977646215E-4,1.378043438E-3,9.996077418E-1,1.767948962E2,1.597661584E-1,-6.405572760E-2,1.767948032E2
3.213320619E1,2.795163481E-2,5.859318189E-4,1.375181950E-3,9.996081591E-1,1.767965614E2,1.593995489E-1,-6.271180659E-2,1.767964705E2
3.213820619E1,2.794745815E-2,5.823937245E-4,1.374920248E-3,9.996082783E-1,1.767970402E2,1.593579779E-1,-6.230803370E-2,1.767969499E2
3.214320619E1,2.796215284E-2,5.937960232E-4,1.374611864E-3,9.996078610E-1,1.767953556E2,1.593601080E-1,-6.361277438E-2,1.767952636E2
3.214820619E1,2.797283421E-2,6.027856725E-4,1.370091806E-3,9.996075630E-1,1.767941311E2,1.588718476E-1,-6.465529473E-2,1.767940379E2
3.215320619E1,2.796232198E-2,5.948462640E-4,1.370711718E-3,9.996078610E-1,1.767953362E2,1.589167346E-1,-6.374554639E-2,1.767952442E2
3.215820619E1,2.795793775E-2,5.908356979E-4,1.374935615E-3,9.996079803E-1,1.767958388E2,1.593874395E-1,-6.327331373E-2,1.767957472E2
3.216320619E1,2.796421915E-2,5.958383554E-4,1.375037944E-3,9.996078014E-1,1.767951187E2,1.594155908E-1,-6.384502187E-2,1.767950263E2
3.216820619E1,2.797026303E-2,6.013572565E-4,1.379691414E-3,9.996076226E-1,1.767944259E2,1.599667077E-1,-6.446131397E-2,1.767943323E2
3.217320619E1,2.797023573E-2,6.005656323E-4,1.380589441E-3,9.996076226E-1,1.767944290E2,1.600670347E-1,-6.436776206E-2,1.767943355E2
3.217820619E1,2.797018297E-2,6.003738963E-4,1.381741255E-3,9.996076226E-1,1.767944351E2,1.601983534E-1,-6.434211595E-2,1.767943415E2
3.218320619E1,2.796825519E-2,5.997826229E-4,1.377894427E-3,9.996076822E-1,1.767946561E2,1.597556919E-1,-6.428702569E-2,1.767945628E2
3.218820619E1,2.796849517E-2,6.001559668E-4,1.372851431E-3,9.996076822E-1,1.767946285E2,1.591792446E-1,-6.434591568E-2,1.767945356E2
3.219320619E1,2.796852681E-2,5.997414119E-4,1.372388098E-3,9.996076822E-1,1.767946249E2,1.591248445E-1,-6.429990977E-2,1.767945320E2
3.219820619E1,2.795404521E-2,5.885865539E-4,1.368362107E-3,9.996080995E-1,1.767962850E2,1.586270127E-1,-6.303735993E-2,1.767961942E2
3.220320619E1,2.789016250E-2,5.376443150E-4,1.342841657E-3,9.996099472E-1,1.768036083E2,1.555368661E-1,-5.729378753E-2,1.768035272E2
3.220820619E1,2.780730586E-2,4.729389620E-4,1.310344087E-3,9.996123314E-1,1.768131067E2,1.516034080E-1,-4.999842116E-2,1.768130374E2
3.221320619E1,2.777109015E-2,4.442855716E-4,1.315416652E-3,9.996133447E-1,1.768172583E2,1.520914557E-1,-4.670560313E-2,1.768171932E2
3.221820619E1,2.779389865E-2,4.626195587E-4,1.325569581E-3,9.996126890E-1,1.768146436E2,1.533139096E-1,-4.876990234E-2,1.768145752E2
3.222320619E1,2.784309269E-2,5.022019031E-4,1.312511391E-3,9.996113181E-1,1.768090042E2,1.519468287E-1,-5.333806177E-2,1.768089303E2
3.222820619E1,2.786084000E-2,5.158738932E-4,1.293628826E-3,9.996108413E-1,1.768069697E2,1.498284830E-1,-5.496173557E-2,1.768068948E2
3.223320619E1,2.781239941E-2,4.776779970E-4,1.291325316E-3,9.996122122E-1,1.768125228E2,1.494402174E-1,-5.060110701E-2,1.768124538E2
3.223820619E1,2.773615129E-2,4.171834735E-4,1.291221590E-3,9.996143579E-1,1.768212635E2,1.492321926E-1,-4.368334618E-2,1.768212037E2
3.224320619E1,2.768184012E-2,3.759991960E-4,1.269443659E-3,9.996159077E-1,1.768274895E2,1.466045581E-1,-3.904297910E-2,1.768274368E2
3.224820619E1,2.766986329E-2,3.667862329E-4,1.251513953E-3,9.996162653E-1,1.768288625E2,1.445210688E-1,-3.804626415E-2,1.768288118E2
3.225320619E1,2.766840346E-2,3.654959146E-4,1.236467971E-3,9.996163249E-1,1.768290298E2,1.427934379E-1,-3.794637740E-2,1.768289799E2
3.225820619E1,2.765192835E-2,3.525680222E-4,1.223207335E-3,9.996168017E-1,1.768309185E2,1.412328690E-1,-3.650989043E-2,1.768308709E2
3.226320619E1,2.761606935E-2,3.255621123E-4,1.212692121E-3,9.996178150E-1,1.768350292E2,1.399415973E-1,-3.345476664E-2,1.768349858E2
3.226820619E1,2.757767555E-2,2.938731632E-4,1.210124232E-3,9.996188879E-1,1.768394305E2,1.395460192E-1,-2.983835429E-2,1.768393917E2
3.227320619E1,2.756705628E-2,2.856865467E-4,1.207858673E-3,9.996191859E-1,1.768406478E2,1.392603247E-1,-2.890923367E-2,1.768406102E2
3.227820619E1,2.758463536E-2,3.003773745E-4,1.197542413E-3,9.996187091E-1,1.768386326E2,1.381255645E-1,-3.062219750E-2,1.768385933E2
3.228320619E1,2.759386932E-2,3.087585792E-4,1.181584550E-3,9.996184707E-1,1.768375741E2,1.363244084E-1,-3.163143032E-2,1.768375341E2
3.228820619E1,2.757051419E-2,2.902090200E-4,1.176784397E-3,9.996191263E-1,1.768402514E2,1.357152143E-1,-2.952496754E-2,1.768402141E2
3.229320619E1,2.752596342E-2,2.540452115E-4,1.164753688E-3,9.996203780E-1,1.768453585E2,1.342217289E-1,-2.542647010E-2,1.768453265E2
3.229820619E1,2.746845792E-2,2.101268910E-4,1.149820397E-3,9.996219873E-1,1.768519506E2,1.323714378E-1,-2.045043029E-2,1.768519248E2
3.230320619E1,2.739574985E-2,1.525661064E-4,1.131568337E-3,9.996240139E-1,1.768602855E2,1.300984962E-1,-1.392385782E-2,1.768602676E2
3.230820619E1,2.731105282E-2,8.615117258E-5,1.132424339E-3,9.996263385E-1,1.768699947E2,1.299875142E-1,-6.324454864E-3,1.768699855E2
3.231320619E1,2.725189462E-2,3.774292418E-5,1.139639178E-3,9.996279478E-1,1.768767762E2,1.306624210E-1,-7.645038938E-4,1.768767733E2
3.231820619E1,2.724095858E-2,2.970422065E-5,1.139925909E-3,9.996282458E-1,1.768780299E2,1.306701639E-1,1.557868227E-4,1.768780280E2
3.232320619E1,2.728901276E-2,6.721351383E-5,1.138872467E-3,9.996269345E-1,1.768725212E2,1.306667809E-1,-4.137870662E-3,1.768725145E2
3.232820619E1,2.741298077E-2,1.660072157E-4,1.133611659E-3,9.996235371E-1,1.768583102E2,1.303750190E-1,-1.545485438E-2,1.768582906E2
3.233320619E1,2.739862794E-2,3.178548650E-4,1.132835867E-3,9.996238947E-1,1.768599556E2,1.307626931E-1,-3.285307744E-2,1.768599159E2
3.233820619E1,2.742067110E-2,4.455261515E-4,1.135021215E-3,9.996232390E-1,1.768574287E2,1.314149302E-1,-4.746786866E-2,1.768573719E2
3.234320619E1,2.748107711E-2,4.711773072E-4,1.133562066E-3,9.996215701E-1,1.768505040E2,1.313314376E-1,-5.040281647E-2,1.768504439E2
3.234820619E1,2.753832183E-2,4.148353764E-4,1.132951467E-3,9.996200204E-1,1.768439418E2,1.310865754E-1,-4.394336513E-2,1.768438892E2
3.235320619E1,2.751922954E-2,3.465547343E-4,1.146414201E-3,9.996205568E-1,1.768461304E2,1.324125379E-1,-3.608199672E-2,1.768460865E2
3.235820619E1,2.746056391E-2,3.446090268E-4,1.150479191E-3,9.996221662E-1,1.768528556E2,1.328699355E-1,-3.585409854E-2,1.768528117E2
3.236320619E1,2.742761156E-2,4.154904163E-4,1.136202132E-3,9.996230602E-1,1.768566330E2,1.314561257E-1,-4.402269980E-2,1.768565802E2
3.236820619E1,2.744851309E-2,4.940531217E-4,1.124343136E-3,9.996224642E-1,1.768542370E2,1.303457382E-1,-5.305647828E-2,1.768541743E2
3.237320619E1,2.749423086E-2,4.983636318E-4,1.118238899E-3,9.996212125E-1,1.768489961E2,1.296625158E-1,-5.356351038E-2,1.768489332E2
3.237820619E1,2.751491160E-2,4.400209000E-4,1.113576698E-3,9.996206760E-1,1.768466254E2,1.289456134E-1,-4.689247835E-2,1.768465704E2
3.238320619E1,2.748781746E-2,3.862513695E-4,1.107068034E-3,9.996214509E-1,1.768497313E2,1.280294102E-1,-4.075727258E-2,1.768496836E2
3.238820619E1,2.745516775E-2,4.056179023E-4,1.103029121E-3,9.996223450E-1,1.768534741E2,1.276263601E-1,-4.299256474E-2,1.768534241E2
3.239320619E1,2.744099453E-2,4.742465680E-4,1.104245777E-3,9.996227026E-1,1.768550989E2,1.279809312E-1,-5.085184832E-2,1.768550398E2
3.239820619E1,2.746151635E-2,5.275472067E-4,1.109461999E-3,9.996221066E-1,1.768527464E2,1.287472247E-1,-5.693830233E-2,1.768526800E2
3.240320619E1,2.749403285E-2,5.209023948E-4,1.112822210E-3,9.996212125E-1,1.768490188E2,1.291130471E-1,-5.616237635E-2,1.768489532E2
3.240820619E1,2.751156712E-2,4.768497893E-4,1.127455966E-3,9.996207356E-1,1.768470088E2,1.306514156E-1,-5.106783321E-2,1.768469482E2
3.241320619E1,2.748687158E-2,4.631406337E-4,1.153886435E-3,9.996213913E-1,1.768498398E2,1.336345380E-1,-4.941745052E-2,1.768497797E2
3.241820619E1,2.748260767E-2,5.210538511E-4,1.178845530E-3,9.996214509E-1,1.768503286E2,1.366757472E-1,-5.597327090E-2,1.768502592E2
3.242320619E1,2.748915708E-2,5.845050910E-4,1.198395621E-3,9.996212125E-1,1.768495778E2,1.391154323E-1,-6.317901489E-2,1.768494983E2
3.242820619E1,2.751822735E-2,6.021207082E-4,1.218386809E-3,9.996203780E-1,1.768462453E2,1.414627788E-1,-6.512976351E-2,1.768461620E2
3.243320619E1,2.754339028E-2,5.802864907E-4,1.246892032E-3,9.996196628E-1,1.768433608E2,1.446607214E-1,-6.253516464E-2,1.768432788E2
3.243820619E1,2.754271223E-2,5.525534507E-4,1.274169423E-3,9.996196628E-1,1.768434385E2,1.476977189E-1,-5.927240421E-2,1.768433590E2
3.244320619E1,2.753090825E-2,5.630225060E-4,1.290773740E-3,9.996199608E-1,1.768447916E2,1.496320451E-1,-6.042097318E-2,1.768447096E2
3.244820619E1,2.752704428E-2,5.988743505E-4,1.310732216E-3,9.996200204E-1,1.768452346E2,1.520311196E-1,-6.446535229E-2,1.768451458E2
3.245320619E1,2.753883424E-2,6.154682487E-4,1.328016398E-3,9.996196628E-1,1.768438830E2,1.540641230E-1,-6.630981155E-2,1.768437905E2
3.245820619E1,2.754517693E-2,5.937199458E-4,1.340908813E-3,9.996194839E-1,1.768431559E2,1.554726939E-1,-6.377691425E-2,1.768430660E2
3.246320619E1,2.755657239E-2,5.715097650E-4,1.338591101E-3,9.996191859E-1,1.768418496E2,1.551377911E-1,-6.123833020E-2,1.768417634E2
3.246820619E1,2.754412426E-2,5.633388646E-4,1.331171021E-3,9.996195436E-1,1.768432766E2,1.542612794E-1,-6.032772273E-2,1.768431921E2
3.247320619E1,2.752221075E-2,5.669039092E-4,1.335306675E-3,9.996201396E-1,1.768457887E2,1.547449334E-1,-6.072642990E-2,1.768457033E2
3.247820619E1,2.752394128E-2,5.839996156E-4,1.336889341E-3,9.996200800E-1,1.768455903E2,1.549802547E-1,-6.267944999E-2,1.768455022E2
3.248320619E1,2.754558024E-2,5.963405129E-4,1.331427600E-3,9.996194839E-1,1.768431097E2,1.543949359E-1,-6.410696045E-2,1.768430200E2
3.248820619E1,2.756098432E-2,5.861987011E-4,1.330403611E-3,9.996190667E-1,1.768413439E2,1.542465946E-1,-6.294609172E-2,1.768412558E2
3.249320619E1,2.755665818E-2,5.653660628E-4,1.339433831E-3,9.996191859E-1,1.768418398E2,1.552149277E-1,-6.053190719E-2,1.768417545E2
3.249820619E1,2.755220729E-2,5.621225573E-4,1.343389624E-3,9.996193051E-1,1.768423500E2,1.556575457E-1,-6.014857157E-2,1.768422650E2
3.250320619E1,2.754567749E-2,5.745159579E-4,1.338990289E-3,9.996194839E-1,1.768430986E2,1.551923397E-1,-6.158311430E-2,1.768430118E2
3.250820619E1,2.755420855E-2,5.870383466E-4,1.336018206E-3,9.996192455E-1,1.768421206E2,1.548919610E-1,-6.302558845E-2,1.768420320E2
3.251320619E1,2.756493579E-2,5.855779746E-4,1.338357455E-3,9.996189475E-1,1.768408909E2,1.551559808E-1,-6.284925445E-2,1.768408024E2
3.251820619E1,2.756760392E-2,5.674092099E-4,1.335743931E-3,9.996188879E-1,1.768405850E2,1.547993741E-1,-6.077590261E-2,1.768404996E2
3.252320619E1,2.756334779E-2,5.570868379E-4,1.338706817E-3,9.996190071E-1,1.768410729E2,1.551059024E-1,-5.958479678E-2,1.768409890E2
3.252820619E1,2.755244030E-2,5.616761628E-4,1.338789472E-3,9.996193051E-1,1.768423233E2,1.551292111E-1,-6.011192606E-2,1.768422386E2
3.253320619E1,2.755221706E-2,5.769654526E-4,1.336880610E-3,9.996193051E-1,1.768423489E2,1.549588170E-1,-6.186934464E-2,1.768422619E2
3.253820619E1,2.756056354E-2,5.849196459E-4,1.339651411E-3,9.996190667E-1,1.768413921E2,1.553018469E-1,-6.277043620E-2,1.768413037E2
3.254320619E1,2.756509896E-2,5.755589227E-4,1.339342445E-3,9.996189475E-1,1.768408722E2,1.552371698E-1,-6.169845615E-2,1.768407852E2
3.254820619E1,2.755693872E-2,5.584001774E-4,1.336581074E-3,9.996191859E-1,1.768418076E2,1.548661679E-1,-5.974294442E-2,1.768417236E2
3.255320619E1,2.754618259E-2,5.562213482E-4,1.336321351E-3,9.996194839E-1,1.768430407E2,1.548288961E-1,-5.949585018E-2,1.768429570E2
3.255820619E1,2.754786535E-2,5.764902453E-4,1.337628346E-3,9.996194243E-1,1.768428478E2,1.550426992E-1,-6.181322471E-2,1.768427608E2
3.256320619E1,2.755642629E-2,5.879391101E-4,1.334477216E-3,9.996191859E-1,1.768418664E2,1.547184278E-1,-6.313329161E-2,1.768417778E2
3.256820619E1,2.755651176E-2,5.758334883E-4,1.337986090E-3,9.996191859E-1,1.768418566E2,1.550821388E-1,-6.173552376E-2,1.768417697E2
3.257320619E1,2.755880764E-2,5.591968074E-4,1.342280069E-3,9.996191263E-1,1.768415934E2,1.555216051E-1,-5.981590924E-2,1.768415089E2
3.257820619E1,2.756280694E-2,5.622224999E-4,1.347665675E-3,9.996190071E-1,1.768411349E2,1.561483130E-1,-6.014486310E-2,1.768410496E2
3.258320619E1,2.756059864E-2,5.717531312E-4,1.344604185E-3,9.996190667E-1,1.768413881E2,1.558275942E-1,-6.124659131E-2,1.768413014E2
3.258820619E1,2.756458849E-2,5.755176535E-4,1.349825179E-3,9.996189475E-1,1.768409307E2,1.564377859E-1,-6.166069568E-2,1.768408431E2
3.259320619E1,2.756679683E-2,5.712783313E-4,1.350668259E-3,9.996188879E-1,1.768406775E2,1.565211025E-1,-6.117208127E-2,1.768405906E2
3.259820619E1,2.757753562E-2,5.714206491E-4,1.351953251E-3,9.996185899E-1,1.768394465E2,1.566694029E-1,-6.118264108E-2,1.768393594E2
3.260320619E1,2.757529045E-2,5.726411473E-4,1.353161177E-3,9.996186495E-1,1.768397039E2,1.568114881E-1,-6.131898143E-2,1.768396166E2
3.260820619E1,2.757308566E-2,5.749097327E-4,1.353095984E-3,9.996187091E-1,1.768399566E2,1.568110537E-1,-6.157939497E-2,1.768398689E2
3.261320619E1,2.757489128E-2,5.828905269E-4,1.356914057E-3,9.996186495E-1,1.768397496E2,1.572737383E-1,-6.248122996E-2,1.768396604E2
3.261820619E1,2.757710783E-2,5.834967014E-4,1.355516608E-3,9.996185899E-1,1.768394955E2,1.571157173E-1,-6.255473345E-2,1.768394063E2
3.262320619E1,2.758123711E-2,5.825481494E-4,1.359814312E-3,9.996184707E-1,1.768390222E2,1.576052715E-1,-6.243184619E-2,1.768389329E2
3.262820619E1,2.758984371E-2,5.826203269E-4,1.360452268E-3,9.996182323E-1,1.768380356E2,1.576791138E-1,-6.243674000E-2,1.768379462E2
3.263320619E1,2.759412666E-2,5.854808842E-4,1.359950867E-3,9.996181130E-1,1.768375446E2,1.576309929E-1,-6.276532054E-2,1.768374548E2
3.263820619E1,2.759185555E-2,5.826915149E-4,1.363412826E-3,9.996181726E-1,1.768378049E2,1.580185909E-1,-6.243521613E-2,1.768377154E2
3.264320619E1,2.758764641E-2,5.757664330E-4,1.364129013E-3,9.996182919E-1,1.768382874E2,1.580784717E-1,-6.164036414E-2,1.768381990E2
3.264820619E1,2.758950503E-2,5.759989726E-4,1.370105892E-3,9.996182323E-1,1.768380744E2,1.587639616E-1,-6.164781053E-2,1.768379855E2
3.265320619E1,2.759600666E-2,5.807591369E-4,1.367618213E-3,9.996180534E-1,1.768373291E2,1.584944579E-1,-6.219991129E-2,1.768372395E2
3.265820619E1,2.758948377E-2,5.764574162E-4,1.370341168E-3,9.996182323E-1,1.768380768E2,1.587923601E-1,-6.169958377E-2,1.768379878E2
3.266320619E1,2.758727636E-2,5.737333558E-4,1.372443861E-3,9.996182919E-1,1.768383299E2,1.590244712E-1,-6.138125181E-2,1.768382412E2
3.266820619E1,2.759159621E-2,5.737832398E-4,1.372409519E-3,9.996181726E-1,1.768378347E2,1.590209603E-1,-6.138638727E-2,1.768377460E2
3.267320619E1,2.759359939E-2,5.831027520E-4,1.371621038E-3,9.996181130E-1,1.768376050E2,1.589602351E-1,-6.245609171E-2,1.768375149E2
3.267820619E1,2.758927592E-2,5.814207834E-4,1.372427330E-3,9.996182323E-1,1.768381006E2,1.590470062E-1,-6.226156420E-2,1.768380107E2
3.268320619E1,2.758519766E-2,5.732683348E-4,1.371006481E-3,9.996183515E-1,1.768385682E2,1.588582244E-1,-6.133285907E-2,1.768384796E2
3.268820619E1,2.758516956E-2,5.694616702E-4,1.373156672E-3,9.996183515E-1,1.768385714E2,1.590924890E-1,-6.089002127E-2,1.768384834E2
3.269320619E1,2.758741032E-2,5.732423160E-4,1.369954203E-3,9.996182919E-1,1.768383145E2,1.587377414E-1,-6.133285369E-2,1.768382261E2
3.269820619E1,2.758290291E-2,5.738162436E-4,1.373485895E-3,9.996184111E-1,1.768388312E2,1.591438277E-1,-6.138814845E-2,1.768387425E2
3.270320619E1,2.758703285E-2,5.729108816E-4,1.377672306E-3,9.996182919E-1,1.768383578E2,1.596207645E-1,-6.127054904E-2,1.768382689E2
3.270820619E1,2.758921379E-2,5.729013938E-4,1.377250650E-3,9.996182323E-1,1.768381078E2,1.595725682E-1,-6.127044707E-2,1.768380189E2
3.271320619E1,2.758503143E-2,5.706780357E-4,1.375424676E-3,9.996183515E-1,1.768385872E2,1.593561213E-1,-6.102220592E-2,1.768384989E2
3.271820619E1,2.758080924E-2,5.697445013E-4,1.373845269E-3,9.996184707E-1,1.768390712E2,1.591719948E-1,-6.092093653E-2,1.768389831E2
3.272320619E1,2.757641296E-2,5.676107248E-4,1.376240049E-3,9.996185899E-1,1.768395752E2,1.594393010E-1,-6.066964921E-2,1.768394873E2
3.272820619E1,2.758055811E-2,5.733610014E-4,1.377377775E-3,9.996184707E-1,1.768391000E2,1.595880524E-1,-6.132407409E-2,1.768390111E2
3.273320619E1,2.757424976E-2,5.669263192E-4,1.376572181E-3,9.996186495E-1,1.768398232E2,1.594750522E-1,-6.059054752E-2,1.768397354E2
3.273820619E1,2.757443536E-2,5.631996319E-4,1.374382409E-3,9.996186495E-1,1.768398019E2,1.592124526E-1,-6.017055320E-2,1.768397148E2
3.274320619E1,2.757860260E-2,5.679753958E-4,1.375505934E-3,9.996185303E-1,1.768393242E2,1.593564950E-1,-6.071339232E-2,1.768392363E2
3.274820619E1,2.757867425E-2,5.701660994E-4,1.373161096E-3,9.996185303E-1,1.768393160E2,1.590948264E-1,-6.097173190E-2,1.768392278E2
3.275320619E1,2.757677685E-2,5.652577383E-4,1.369902398E-3,9.996185899E-1,1.768395335E2,1.587059209E-1,-6.042008953E-2,1.768394463E2
3.275820619E1,2.757250620E-2,5.571422516E-4,1.372201368E-3,9.996187091E-1,1.768400230E2,1.589433619E-1,-5.948389168E-2,1.768399371E2
3.276320619E1,2.757459809E-2,5.604318576E-4,1.372247352E-3,9.996186495E-1,1.768397832E2,1.589591492E-1,-5.986023117E-2,1.768396967E2
3.276820619E1,2.758322147E-2,5.722881178E-4,1.367713790E-3,9.996184111E-1,1.768387947E2,1.584778330E-1,-6.123129922E-2,1.768387065E2
3.277320619E1,2.758536882E-2,5.722322967E-4,1.367992139E-3,9.996183515E-1,1.768385485E2,1.585096725E-1,-6.122368469E-2,1.768384604E2
3.277820619E1,2.758549109E-2,5.658978480E-4,1.368161640E-3,9.996183515E-1,1.768385345E2,1.585090707E-1,-6.049753199E-2,1.768384474E2
3.278320619E1,2.758764418E-2,5.632467219E-4,1.369390637E-3,9.996182919E-1,1.768382877E2,1.586415985E-1,-6.018962444E-2,1.768382009E2
3.278820619E1,2.758796596E-2,5.648346851E-4,1.362235402E-3,9.996182919E-1,1.768382508E2,1.578270198E-1,-6.039409197E-2,1.768381642E2
3.279320619E1,2.759206517E-2,5.699158064E-4,1.364570344E-3,9.996181726E-1,1.768377809E2,1.581107975E-1,-6.096809332E-2,1.768376933E2
3.279820619E1,2.759828072E-2,5.730609992E-4,1.368543133E-3,9.996179938E-1,1.768370684E2,1.585761995E-1,-6.131482072E-2,1.768369801E2
3.280320619E1,2.759413286E-2,5.663629854E-4,1.367898076E-3,9.996181130E-1,1.768375439E2,1.584808738E-1,-6.055027557E-2,1.768374567E2
3.280820619E1,2.759853203E-2,5.672296393E-4,1.365902019E-3,9.996179938E-1,1.768370396E2,1.582552369E-1,-6.065516426E-2,1.768369523E2
3.281320619E1,2.760051496E-2,5.723246722E-4,1.367329620E-3,9.996179342E-1,1.768368123E2,1.584350020E-1,-6.123395985E-2,1.768367241E2
3.281820619E1,2.760271962E-2,5.788842682E-4,1.363634248E-3,9.996178746E-1,1.768365595E2,1.580325894E-1,-6.199668664E-2,1.768364706E2
3.282320619E1,2.760702457E-2,5.808281130E-4,1.363046700E-3,9.996177554E-1,1.768360660E2,1.579717038E-1,-6.222052796E-2,1.768359768E2
3.282820619E1,2.760708815E-2,5.763075897E-4,1.363677555E-3,9.996177554E-1,1.768360587E2,1.580296689E-1,-6.170070618E-2,1.768359702E2
3.283320619E1,2.761325984E-2,5.812299787E-4,1.367701218E-3,9.996175766E-1,1.768353512E2,1.585065294E-1,-6.225084693E-2,1.768352616E2
3.283820619E1,2.761926649E-2,5.916170776E-4,1.372644561E-3,9.996173978E-1,1.768346627E2,1.591060309E-1,-6.342406741E-2,1.768345711E2
3.284320619E1,2.761919136E-2,5.922521232E-4,1.373881707E-3,9.996173978E-1,1.768346713E2,1.592497487E-1,-6.349290682E-2,1.768345795E2
3.284820619E1,2.761911102E-2,5.848208093E-4,1.378671848E-3,9.996173978E-1,1.768346805E2,1.597749232E-1,-6.262651851E-2,1.768345896E2
3.285320619E1,2.761257956E-2,5.795742618E-4,1.382062794E-3,9.996175766E-1,1.768354292E2,1.601463377E-1,-6.201585234E-2,1.768353390E2
3.285820619E1,2.761878325E-2,5.884837010E-4,1.383670489E-3,9.996173978E-1,1.768347181E2,1.603590807E-1,-6.303032632E-2,1.768346263E2
3.286320619E1,2.761876272E-2,5.936041707E-4,1.381891780E-3,9.996173978E-1,1.768347204E2,1.601715388E-1,-6.362249744E-2,1.768346279E2
3.286820619E1,2.762101750E-2,5.899862153E-4,1.381491078E-3,9.996173382E-1,1.768344619E2,1.601143304E-1,-6.320897586E-2,1.768343701E2
3.287320619E1,2.761891599E-2,5.824830150E-4,1.383560011E-3,9.996173978E-1,1.768347029E2,1.603274408E-1,-6.234328964E-2,1.768346121E2
3.287820619E1,2.762118721E-2,5.833897158E-4,1.380899223E-3,9.996173382E-1,1.768344425E2,1.600256645E-1,-6.245520794E-2,1.768343517E2
3.288320619E1,2.762543185E-2,5.900780088E-4,1.379441586E-3,9.996172190E-1,1.768339559E2,1.598801350E-1,-6.322527167E-2,1.768338641E2
3.288820619E1,2.762330795E-2,5.900565302E-4,1.378790708E-3,9.996172786E-1,1.768341994E2,1.598053759E-1,-6.322521140E-2,1.768341076E2
3.289320619E1,2.762532334E-2,5.891337642E-4,1.382015995E-3,9.996172190E-1,1.768339683E2,1.601720321E-1,-6.310897808E-2,1.768338766E2
3.289820619E1,2.763206624E-2,5.878672819E-4,1.377081848E-3,9.996170402E-1,1.768331954E2,1.596032507E-1,-6.297844897E-2,1.768331041E2
3.290320619E1,2.762996630E-2,5.853922339E-4,1.377004664E-3,9.996170998E-1,1.768334361E2,1.595864402E-1,-6.269551756E-2,1.768333452E2
3.290820619E1,2.762542901E-2,5.843579420E-4,1.381931244E-3,9.996172190E-1,1.768339562E2,1.601472109E-1,-6.256216989E-2,1.768338652E2
3.291320619E1,2.762752074E-2,5.904769641E-4,1.380628324E-3,9.996171594E-1,1.768337164E2,1.600174687E-1,-6.326687981E-2,1.768336245E2
3.291820619E1,2.763401423E-2,5.931422929E-4,1.378996181E-3,9.996169806E-1,1.768329721E2,1.598393619E-1,-6.357631616E-2,1.768328798E2
3.292320619E1,2.762987732E-2,5.841562524E-4,1.379312947E-3,9.996170998E-1,1.768334463E2,1.598469301E-1,-6.254664432E-2,1.768333555E2
3.292820619E1,2.763857562E-2,5.877357908E-4,1.376307569E-3,9.996168613E-1,1.768324492E2,1.595145524E-1,-6.296479998E-2,1.768323580E2
3.293320619E1,2.764277214E-2,5.949166371E-4,1.375524560E-3,9.996167421E-1,1.768319681E2,1.594478728E-1,-6.378915989E-2,1.768318758E2
3.293820619E1,2.764102797E-2,5.939474795E-4,1.367655233E-3,9.996168017E-1,1.768321680E2,1.585432764E-1,-6.370334963E-2,1.768320764E2
3.294320619E1,2.764307269E-2,5.942364805E-4,1.369766542E-3,9.996167421E-1,1.768319336E2,1.587861682E-1,-6.372944162E-2,1.768318418E2
3.294820619E1,2.763892758E-2,5.920676631E-4,1.367353601E-3,9.996168613E-1,1.768324088E2,1.585026370E-1,-6.348930950E-2,1.768323175E2
3.295320619E1,2.764328469E-2,5.951434723E-4,1.365086529E-3,9.996167421E-1,1.768319093E2,1.582529693E-1,-6.384812700E-2,1.768318177E2
3.295820619E1,2.760346392E-2,5.629358348E-4,1.310516847E-3,9.996179342E-1,1.768364742E2,1.518976902E-1,-6.033773266E-2,1.768363910E2
3.296320619E1,2.763119857E-2,3.956641303E-4,1.239969395E-3,9.996173382E-1,1.768332948E2,1.432886326E-1,-4.139630562E-2,1.768332404E2
3.296820619E1,2.764862361E-2,2.328540577E-4,1.229123911E-3,9.996169209E-1,1.768312973E2,1.415311759E-1,-2.277865644E-2,1.768312667E2
3.297320619E1,2.767822027E-2,1.127861542E-4,1.258191653E-3,9.996160865E-1,1.768279045E2,1.444806687E-1,-8.928785053E-3,1.768278907E2
3.297820619E1,2.760146634E-2,-2.034509816E-5,1.291339868E-3,9.996181726E-1,1.768367032E2,1.478559628E-1,6.414858835E-3,1.768367088E2
3.298320619E1,2.752912810E-2,-7.450441626E-5,1.264475984E-3,9.996201992E-1,1.768449957E2,1.446083669E-1,1.252325789E-2,1.768450090E2
3.298820619E1,2.757467170E-2,-1.816667100E-5,1.215637196E-3,9.996190071E-1,1.768397748E2,1.391914227E-1,5.922154372E-3,1.768397797E2
3.299320619E1,2.757996115E-2,-1.957702580E-6,1.242519240E-3,9.996188283E-1,1.768391685E2,1.423219043E-1,4.151146692E-3,1.768391712E2
3.299820619E1,2.757499844E-2,-2.540157948E-5,1.256424584E-3,9.996189475E-1,1.768397374E2,1.438406763E-1,6.879825818E-3,1.768397435E2
3.300320619E1,2.760236355E-2,-7.415826985E-5,1.222203020E-3,9.996182323E-1,1.768366003E2,1.397662608E-1,1.236049318E-2,1.768366131E2
3.300820619E1,2.763327776E-2,-1.694898529E-4,1.196360565E-3,9.996173978E-1,1.768330565E2,1.365038141E-1,2.320300021E-2,1.768330818E2
3.301320619E1,2.764953846E-2,-2.893176279E-4,1.196107361E-3,9.996169209E-1,1.768311924E2,1.360947822E-1,3.693041125E-2,1.768312339E2
3.301820619E1,2.765314294E-2,-3.703240363E-4,1.190053415E-3,9.996168017E-1,1.768307792E2,1.351444996E-1,4.619081348E-2,1.768308312E2
3.302320619E1,2.762750005E-2,-3.987526579E-4,1.175565878E-3,9.996175170E-1,1.768337188E2,1.333961701E-1,4.939791630E-2,1.768337739E2
3.302820619E1,2.760875314E-2,-3.611203865E-4,1.172001124E-3,9.996180534E-1,1.768358679E2,1.331078135E-1,4.507344246E-2,1.768359179E2
3.303320619E1,2.760658866E-2,-3.178653424E-4,1.184611698E-3,9.996181130E-1,1.768361160E2,1.346892573E-1,4.015827614E-2,1.768361608E2
3.303820619E1,2.762814123E-2,-3.075922141E-4,1.187820220E-3,9.996175170E-1,1.768336453E2,1.350884439E-1,3.899457435E-2,1.768336889E2
3.304320619E1,2.765587929E-2,-3.498571750E-4,1.182702719E-3,9.996167421E-1,1.768304656E2,1.343672259E-1,4.382345738E-2,1.768305145E2
3.304820619E1,2.767450593E-2,-4.188930616E-4,1.177950646E-3,9.996162057E-1,1.768283303E2,1.336031499E-1,5.171878667E-2,1.768283881E2
3.305320619E1,2.764911088E-2,-4.833756539E-4,1.193119213E-3,9.996168613E-1,1.768312415E2,1.351376992E-1,5.914978282E-2,1.768313086E2
3.305820619E1,2.759405921E-2,-4.855894076E-4,1.218000194E-3,9.996183515E-1,1.768375523E2,1.379840250E-1,5.947459429E-2,1.768376212E2
3.306320619E1,2.756273773E-2,-3.955449793E-4,1.225969288E-3,9.996192455E-1,1.768411429E2,1.391831178E-1,4.918103514E-2,1.768412000E2
3.306820619E1,2.756390017E-2,-2.765072859E-4,1.232444309E-3,9.996192455E-1,1.768410096E2,1.403007357E-1,3.556612553E-2,1.768410506E2
3.307320619E1,2.758775152E-2,-1.819099562E-4,1.248056535E-3,9.996185899E-1,1.768382754E2,1.423872797E-1,2.478290602E-2,1.768383037E2
3.307820619E1,2.761491889E-2,-1.308155915E-4,1.273986418E-3,9.996178150E-1,1.768351611E2,1.455185021E-1,1.901608310E-2,1.768351826E2
3.308320619E1,2.760970088E-2,-1.076665576E-4,1.295529539E-3,9.996179342E-1,1.768357592E2,1.480595606E-1,1.643181156E-2,1.768357778E2
3.308820619E1,2.760275599E-2,-4.628672832E-5,1.309121842E-3,9.996181130E-1,1.768365554E2,1.498107902E-1,9.442851322E-3,1.768365650E2
3.309320619E1,2.756962195E-2,8.306093514E-5,1.322750817E-3,9.996190071E-1,1.768403537E2,1.517809170E-1,-5.335560562E-3,1.768403438E2
3.309820619E1,2.748963457E-2,2.931540948E-4,1.335953362E-3,9.996211529E-1,1.768495230E2,1.539546456E-1,-2.937189937E-2,1.768494806E2
3.310320619E1,2.754986972E-2,5.445767893E-4,1.309423824E-3,9.996194243E-1,1.768426180E2,1.517112875E-1,-5.824633579E-2,1.768425377E2
3.310820619E1,2.766015000E-2,5.422136164E-4,1.306113787E-3,9.996163845E-1,1.768299760E2,1.513310639E-1,-5.796939430E-2,1.768298963E2
3.311320619E1,2.769169579E-2,3.778994433E-4,1.333901193E-3,9.996155500E-1,1.768263597E2,1.539944374E-1,-3.905465972E-2,1.768263042E2
3.311820619E1,2.765410507E-2,3.428975469E-4,1.363535877E-3,9.996165633E-1,1.768306689E2,1.572766342E-1,-3.495715454E-2,1.768306178E2
3.312320619E1,2.754000754E-2,4.451804271E-4,1.370992046E-3,9.996196628E-1,1.768437485E2,1.584495416E-1,-4.666787331E-2,1.768436807E2
3.312820619E1,2.751249612E-2,6.076075952E-4,1.339112641E-3,9.996203780E-1,1.768469023E2,1.553086476E-1,-6.537846378E-2,1.768468103E2
3.313320619E1,2.764499431E-2,6.990824477E-4,1.324228942E-3,9.996166825E-1,1.768317134E2,1.539022238E-1,-7.588326024E-2,1.768316079E2
3.313820619E1,2.770410304E-2,5.774894380E-4,1.361838542E-3,9.996150732E-1,1.768249374E2,1.578287538E-1,-6.182658494E-2,1.768248488E2
3.314320619E1,2.770245033E-2,4.374994023E-4,1.360123744E-3,9.996151924E-1,1.768251269E2,1.571877995E-1,-4.579678372E-2,1.768250608E2
3.314820619E1,2.761056173E-2,3.955045540E-4,1.357762958E-3,9.996177554E-1,1.768356605E2,1.567802888E-1,-4.100828617E-2,1.768356013E2
3.315320619E1,2.755225455E-2,5.072323838E-4,1.364107244E-3,9.996193051E-1,1.768423446E2,1.578573990E-1,-5.379559433E-2,1.768422671E2
3.315820619E1,2.759276659E-2,6.409422494E-4,1.362536335E-3,9.996181130E-1,1.768377005E2,1.581024467E-1,-6.911033897E-2,1.768376016E2
3.316320619E1,2.765572273E-2,6.406615721E-4,1.354392851E-3,9.996163845E-1,1.768304835E2,1.571730903E-1,-6.909403904E-2,1.768303852E2
3.316820619E1,2.770763832E-2,5.451869220E-4,1.346898847E-3,9.996150136E-1,1.768245321E2,1.560150939E-1,-5.817329113E-2,1.768244496E2
3.317320619E1,2.766563264E-2,4.408051027E-4,1.363737159E-3,9.996162057E-1,1.768293475E2,1.576105020E-1,-4.616977755E-2,1.768292807E2
3.317820619E1,2.760880006E-2,4.618895182E-4,1.372545143E-3,9.996177554E-1,1.768358625E2,1.586835236E-1,-4.856604440E-2,1.768357919E2
3.318320619E1,2.757952617E-2,5.610553198E-4,1.359737827E-3,9.996185303E-1,1.768392183E2,1.575284723E-1,-5.997039976E-2,1.768391325E2
3.318820619E1,2.762165687E-2,6.346720620E-4,1.348507358E-3,9.996173382E-1,1.768343887E2,1.564776044E-1,-6.843193982E-2,1.768342917E2
3.319320619E1,2.768667184E-2,6.094206474E-4,1.352377352E-3,9.996155500E-1,1.768269356E2,1.568452329E-1,-6.551699648E-2,1.768268425E2
3.319820619E1,2.768822468E-2,5.089281476E-4,1.362102106E-3,9.996155500E-1,1.768267576E2,1.576404117E-1,-5.397472943E-2,1.768266800E2
3.320320619E1,2.765032020E-2,4.613880301E-4,1.361648319E-3,9.996166229E-1,1.768311028E2,1.574357436E-1,-4.853653632E-2,1.768310329E2
3.320820619E1,2.760806373E-2,5.154460669E-4,1.368282014E-3,9.996177554E-1,1.768359469E2,1.583646010E-1,-5.471443229E-2,1.768358679E2
3.321320619E1,2.761292792E-2,6.017243722E-4,1.365537755E-3,9.996175766E-1,1.768353893E2,1.583235425E-1,-6.460533243E-2,1.768352965E2
3.321820619E1,2.765358816E-2,6.262866664E-4,1.360694645E-3,9.996164441E-1,1.768307282E2,1.578492437E-1,-6.742779292E-2,1.768306318E2
3.322320619E1,2.767637046E-2,5.600725417E-4,1.364234253E-3,9.996158481E-1,1.768281165E2,1.580462201E-1,-5.982830236E-2,1.768280306E2
3.322820619E1,2.766437291E-2,4.965435946E-4,1.370121725E-3,9.996162057E-1,1.768294919E2,1.585184906E-1,-5.253444637E-2,1.768294158E2
3.323320619E1,2.762742521E-2,5.008470616E-4,1.374796266E-3,9.996172190E-1,1.768337274E2,1.590656331E-1,-5.301845842E-2,1.768336504E2
3.323820619E1,2.761152437E-2,5.608233623E-4,1.367695048E-3,9.996176362E-1,1.768355502E2,1.584411417E-1,-5.991360923E-2,1.768354639E2
3.324320619E1,2.762167174E-2,5.973571097E-4,1.365146018E-3,9.996173382E-1,1.768343869E2,1.582654103E-1,-6.410492746E-2,1.768342949E2
3.324820619E1,2.765426391E-2,5.811859155E-4,1.366957789E-3,9.996164441E-1,1.768306507E2,1.584237850E-1,-6.224165360E-2,1.768305612E2
3.325320619E1,2.766591473E-2,5.315364688E-4,1.369347214E-3,9.996161461E-1,1.768293151E2,1.585407985E-1,-5.654500693E-2,1.768292335E2
3.325820619E1,2.764278660E-2,5.069626495E-4,1.367120887E-3,9.996168017E-1,1.768319664E2,1.582066225E-1,-5.374085372E-2,1.768318889E2
3.326320619E1,2.761651760E-2,5.302027566E-4,1.366220415E-3,9.996175170E-1,1.768349778E2,1.581756145E-1,-5.640996298E-2,1.768348965E2
3.326820619E1,2.761325190E-2,5.728479009E-4,1.371393097E-3,9.996175766E-1,1.768353522E2,1.589029011E-1,-6.127901756E-2,1.768352637E2
3.327320619E1,2.763445955E-2,5.845495616E-4,1.373731415E-3,9.996169806E-1,1.768329210E2,1.592091092E-1,-6.260863968E-2,1.768328305E2
3.327820619E1,2.765466307E-2,5.588019849E-4,1.368215657E-3,9.996164441E-1,1.768306050E2,1.584969556E-1,-5.967357777E-2,1.768305190E2
3.328320619E1,2.765499937E-2,5.282912753E-4,1.373528736E-3,9.996164441E-1,1.768305664E2,1.590088806E-1,-5.616175717E-2,1.768304851E2
3.328820619E1,2.763977768E-2,5.268606474E-4,1.376817236E-3,9.996168613E-1,1.768323114E2,1.593801847E-1,-5.598988748E-2,1.768322301E2
3.329320619E1,2.762201800E-2,5.496601225E-4,1.378116198E-3,9.996173382E-1,1.768343473E2,1.596001551E-1,-5.860023565E-2,1.768342622E2
3.329820619E1,2.762794805E-2,5.767052062E-4,1.377896057E-3,9.996171594E-1,1.768336675E2,1.596609159E-1,-6.169793840E-2,1.768335780E2
3.330320619E1,2.764940478E-2,5.789457937E-4,1.378975459E-3,9.996165633E-1,1.768312078E2,1.597929832E-1,-6.194774524E-2,1.768311178E2
3.330820619E1,2.765847355E-2,5.558979465E-4,1.379423193E-3,9.996163249E-1,1.768301682E2,1.597717775E-1,-5.930480042E-2,1.768300820E2
3.331320619E1,2.764381338E-2,5.319797201E-4,1.380371163E-3,9.996167421E-1,1.768318487E2,1.598037228E-1,-5.656436360E-2,1.768317664E2
3.331820619E1,2.762203715E-2,5.349966232E-4,1.383492374E-3,9.996173382E-1,1.768343451E2,1.601695690E-1,-5.690354456E-2,1.768342620E2
3.332320619E1,2.761922907E-2,5.611645756E-4,1.386118704E-3,9.996173978E-1,1.768346670E2,1.605530764E-1,-5.989316198E-2,1.768345795E2
3.332820619E1,2.763189891E-2,5.792248994E-4,1.384083880E-3,9.996170402E-1,1.768332146E2,1.603779413E-1,-6.196633884E-2,1.768331243E2
3.333320619E1,2.764493634E-2,5.646630307E-4,1.388041419E-3,9.996166825E-1,1.768317200E2,1.607859432E-1,-6.028368175E-2,1.768316319E2
3.333820619E1,2.764102978E-2,5.317315226E-4,1.392988139E-3,9.996168017E-1,1.768321678E2,1.612480276E-1,-5.649641370E-2,1.768320848E2
3.334320619E1,2.763034080E-2,5.236889701E-4,1.394231105E-3,9.996170998E-1,1.768333932E2,1.613643364E-1,-5.557294641E-2,1.768333114E2
3.334820619E1,2.762352727E-2,5.500891129E-4,1.390868681E-3,9.996172786E-1,1.768341742E2,1.610623729E-1,-5.860876642E-2,1.768340883E2
3.335320619E1,2.762746440E-2,5.738919717E-4,1.388725592E-3,9.996171594E-1,1.768337229E2,1.608924803E-1,-6.134148011E-2,1.768336332E2
3.335820619E1,2.764436655E-2,5.742535577E-4,1.395435305E-3,9.996166825E-1,1.768317853E2,1.616632467E-1,-6.135892273E-2,1.768316951E2
3.336320619E1,2.765332791E-2,5.519263214E-4,1.397675253E-3,9.996164441E-1,1.768307580E2,1.618496207E-1,-5.879284314E-2,1.768306714E2
3.336820619E1,2.765147103E-2,5.391048035E-4,1.396787586E-3,9.996165037E-1,1.768309709E2,1.617072013E-1,-5.732728197E-2,1.768308864E2
3.337320619E1,2.763653054E-2,5.458397209E-4,1.391255995E-3,9.996169209E-1,1.768326836E2,1.610940428E-1,-5.811868663E-2,1.768325984E2
3.337820619E1,2.764016059E-2,5.720403278E-4,1.394264633E-3,9.996168017E-1,1.768322675E2,1.615218798E-1,-6.110979061E-2,1.768321777E2
3.338320619E1,2.765299581E-2,5.795943434E-4,1.393038430E-3,9.996164441E-1,1.768307961E2,1.614061447E-1,-6.197689698E-2,1.768307052E2
3.338820619E1,2.765576734E-2,5.563645973E-4,1.390258200E-3,9.996163845E-1,1.768304784E2,1.610142231E-1,-5.932434832E-2,1.768303915E2
3.339320619E1,2.765397160E-2,5.394284381E-4,1.389796613E-3,9.996164441E-1,1.768306842E2,1.609075692E-1,-5.738610342E-2,1.768306001E2
3.339820619E1,2.764963453E-2,5.431214231E-4,1.388908015E-3,9.996165633E-1,1.768311814E2,1.608172350E-1,-5.781263982E-2,1.768310968E2
3.340320619E1,2.764943445E-2,5.646396894E-4,1.384302275E-3,9.996165633E-1,1.768312044E2,1.603578295E-1,-6.029213197E-2,1.768311164E2
3.340820619E1,2.765778397E-2,5.727141397E-4,1.386353048E-3,9.996163249E-1,1.768302472E2,1.606188376E-1,-6.120920181E-2,1.768301578E2
3.341320619E1,2.766196520E-2,5.626839120E-4,1.392977196E-3,9.996162057E-1,1.768297679E2,1.613460789E-1,-6.003859337E-2,1.768296798E2
3.341820619E1,2.766451782E-2,5.529888440E-4,1.388934092E-3,9.996161461E-1,1.768294753E2,1.608523662E-1,-5.894045210E-2,1.768293890E2
3.342320619E1,2.766438354E-2,5.534755182E-4,1.391412690E-3,9.996161461E-1,1.768294907E2,1.611378194E-1,-5.898836343E-2,1.768294042E2
3.342820619E1,2.765139087E-2,5.507021560E-4,1.393847167E-3,9.996165037E-1,1.768309801E2,1.614071285E-1,-5.866506160E-2,1.768308939E2
3.343320619E1,2.764497249E-2,5.488517345E-4,1.393652172E-3,9.996166825E-1,1.768317159E2,1.613785531E-1,-5.845475425E-2,1.768316300E2
3.343820619E1,2.765748194E-2,5.550279166E-4,1.399509609E-3,9.996163249E-1,1.768302818E2,1.620698174E-1,-5.914163709E-2,1.768301946E2
3.344320619E1,2.767910198E-2,5.700101028E-4,1.391771366E-3,9.996157289E-1,1.768278034E2,1.612322220E-1,-6.087884933E-2,1.768277142E2
3.344820619E1,2.767084801E-2,5.552968942E-4,1.390606747E-3,9.996159673E-1,1.768287496E2,1.610516576E-1,-5.919851115E-2,1.768286629E2
3.345320619E1,2.766654457E-2,5.470621400E-4,1.393800252E-3,9.996160865E-1,1.768292429E2,1.613911027E-1,-5.824580841E-2,1.768291573E2
3.345820619E1,2.766200228E-2,5.511037307E-4,1.396865002E-3,9.996162057E-1,1.768297636E2,1.617547107E-1,-5.869978130E-2,1.768296772E2
3.346320619E1,2.766189843E-2,5.645952187E-4,1.393529586E-3,9.996162057E-1,1.768297755E2,1.614154090E-1,-6.025578873E-2,1.768296871E2
3.346820619E1,2.766618571E-2,5.741633358E-4,1.390017685E-3,9.996160865E-1,1.768292841E2,1.610437232E-1,-6.136223536E-2,1.768291942E2
3.347320619E1,2.767488449E-2,5.675072316E-4,1.391043654E-3,9.996158481E-1,1.768282869E2,1.611406693E-1,-6.059513964E-2,1.768281981E2
3.347820619E1,2.767114038E-2,5.494173383E-4,1.387120108E-3,9.996159673E-1,1.768287161E2,1.606336431E-1,-5.853603120E-2,1.768286305E2
3.348320619E1,2.765604619E-2,5.400938680E-4,1.391127123E-3,9.996163845E-1,1.768304464E2,1.610622045E-1,-5.745777619E-2,1.768303621E2
3.348820619E1,2.765786985E-2,5.571622751E-4,1.390969381E-3,9.996163249E-1,1.768302374E2,1.610983405E-1,-5.941312770E-2,1.768301503E2
3.349320619E1,2.766820497E-2,5.755014136E-4,1.392134931E-3,9.996160269E-1,1.768290526E2,1.612906159E-1,-6.150847060E-2,1.768289624E2
3.349820619E1,2.767904061E-2,5.752434372E-4,1.390838297E-3,9.996157289E-1,1.768278104E2,1.611419377E-1,-6.148128445E-2,1.768277204E2
3.350320619E1,2.767520387E-2,5.504675210E-4,1.391536905E-3,9.996158481E-1,1.768282503E2,1.611431463E-1,-5.864166649E-2,1.768281643E2
3.350820619E1,2.766038952E-2,5.284068757E-4,1.394916326E-3,9.996162653E-1,1.768299485E2,1.614594526E-1,-5.610634857E-2,1.768298659E2
3.351320619E1,2.766021457E-2,5.475576036E-4,1.390993944E-3,9.996162653E-1,1.768299686E2,1.610708478E-1,-5.831247978E-2,1.768298831E2
3.351820619E1,2.767054082E-2,5.762637011E-4,1.388186705E-3,9.996159673E-1,1.768287848E2,1.608409161E-1,-6.160793135E-2,1.768286948E2
3.352320619E1,2.767899855E-2,5.813098978E-4,1.389152138E-3,9.996157289E-1,1.768278153E2,1.609680323E-1,-6.218153774E-2,1.768277243E2
3.352820619E1,2.767487569E-2,5.589504726E-4,1.394678606E-3,9.996158481E-1,1.768282879E2,1.615299062E-1,-5.960345727E-2,1.768282003E2
3.353320619E1,2.767058140E-2,5.453783670E-4,1.399806701E-3,9.996159673E-1,1.768287802E2,1.620740242E-1,-5.803323866E-2,1.768286945E2
3.353820619E1,2.766427852E-2,5.525667220E-4,1.393859740E-3,9.996161461E-1,1.768295027E2,1.614152363E-1,-5.887652234E-2,1.768294162E2
3.354320619E1,2.766150632E-2,5.735717132E-4,1.397641143E-3,9.996162057E-1,1.768298205E2,1.619148113E-1,-6.127105491E-2,1.768297303E2
3.354820619E1,2.767202223E-2,5.883029662E-4,1.396502834E-3,9.996159077E-1,1.768286150E2,1.618317815E-1,-6.296039054E-2,1.768285224E2
3.355320619E1,2.768296474E-2,5.805806722E-4,1.396188163E-3,9.996156096E-1,1.768273606E2,1.617719269E-1,-6.207504748E-2,1.768272693E2
3.355820619E1,2.768130528E-2,5.638986477E-4,1.393249840E-3,9.996156693E-1,1.768275508E2,1.613823248E-1,-6.017375184E-2,1.768274625E2
3.356320619E1,2.767048512E-2,5.602159072E-4,1.395844738E-3,9.996159673E-1,1.768287912E2,1.616672351E-1,-5.974542153E-2,1.768287033E2
3.356820619E1,2.766575018E-2,5.748892436E-4,1.398361055E-3,9.996160865E-1,1.768293340E2,1.620017131E-1,-6.141900507E-2,1.768292435E2
3.357320619E1,2.767001027E-2,5.860355450E-4,1.394656021E-3,9.996159673E-1,1.768288456E2,1.616129163E-1,-6.270684461E-2,1.768287536E2
3.357820619E1,2.767857252E-2,5.826705019E-4,1.397048240E-3,9.996157289E-1,1.768278641E2,1.618768029E-1,-6.231241515E-2,1.768277724E2
3.358320619E1,2.768099702E-2,5.711544654E-4,1.396415173E-3,9.996156693E-1,1.768275862E2,1.617679056E-1,-6.099489697E-2,1.768274965E2
3.358820619E1,2.767885097E-2,5.676359287E-4,1.397721004E-3,9.996157289E-1,1.768278322E2,1.619061938E-1,-6.058806259E-2,1.768277430E2
3.359320619E1,2.766585367E-2,5.663238117E-4,1.399807981E-3,9.996160865E-1,1.768293221E2,1.621403047E-1,-6.043325140E-2,1.768292330E2
3.359820619E1,2.765718961E-2,5.659917369E-4,1.400894951E-3,9.996163249E-1,1.768303153E2,1.622632384E-1,-6.039317335E-2,1.768302262E2
3.360320619E1,2.766313565E-2,5.749211414E-4,1.407434815E-3,9.996161461E-1,1.768296337E2,1.630410333E-1,-6.139431828E-2,1.768295427E2
3.360820619E1,2.767583878E-2,5.804143148E-4,1.409442862E-3,9.996157885E-1,1.768281775E2,1.632892537E-1,-6.201510741E-2,1.768280854E2
3.361320619E1,2.767582224E-2,5.763641675E-4,1.411428209E-3,9.996157885E-1,1.768281794E2,1.635038240E-1,-6.154487907E-2,1.768280879E2
3.361820619E1,2.766751000E-2,5.648946972E-4,1.410174649E-3,9.996160269E-1,1.768291323E2,1.633233530E-1,-6.023641302E-2,1.768290427E2
3.362320619E1,2.766069737E-2,5.655674613E-4,1.416782150E-3,9.996162057E-1,1.768299132E2,1.640819503E-1,-6.029364533E-2,1.768298232E2
3.362820619E1,2.766693025E-2,5.801406805E-4,1.415349776E-3,9.996160269E-1,1.768291987E2,1.639644577E-1,-6.196649066E-2,1.768291063E2
3.363320619E1,2.767996681E-2,5.965786986E-4,1.406172174E-3,9.996156693E-1,1.768277043E2,1.629661357E-1,-6.387639820E-2,1.768276097E2
3.363820619E1,2.768663759E-2,5.905029248E-4,1.404522802E-3,9.996154904E-1,1.768269396E2,1.627583520E-1,-6.318457885E-2,1.768268461E2
3.364320619E1,2.768032642E-2,5.744584487E-4,1.408302458E-3,9.996156693E-1,1.768276630E2,1.631400080E-1,-6.133576189E-2,1.768275721E2
3.364820619E1,2.766965584E-2,5.618612049E-4,1.411534380E-3,9.996159673E-1,1.768288863E2,1.634696174E-1,-5.988427179E-2,1.768287972E2
3.365320619E1,2.766948616E-2,5.736065214E-4,1.410135650E-3,9.996159673E-1,1.768289057E2,1.633466296E-1,-6.123413218E-2,1.768288148E2
3.365820619E1,2.766702263E-2,5.891736946E-4,1.409801771E-3,9.996160269E-1,1.768291881E2,1.633575921E-1,-6.301877545E-2,1.768290946E2
3.366320619E1,2.768195864E-2,5.938012619E-4,1.410502940E-3,9.996156096E-1,1.768274759E2,1.634535317E-1,-6.354418679E-2,1.768273816E2
3.366820619E1,2.767822877E-2,5.721274065E-4,1.408171724E-3,9.996157289E-1,1.768279035E2,1.631175100E-1,-6.106950372E-2,1.768278129E2
3.367320619E1,2.766768699E-2,5.538703408E-4,1.411074772E-3,9.996160269E-1,1.768291120E2,1.633915154E-1,-5.897071680E-2,1.768290242E2
3.367820619E1,2.766957273E-2,5.691495026E-4,1.410242985E-3,9.996159673E-1,1.768288958E2,1.633447969E-1,-6.072323698E-2,1.768288056E2
3.368320619E1,2.767365885E-2,5.924124853E-4,1.404974028E-3,9.996158481E-1,1.768284274E2,1.628152746E-1,-6.340399661E-2,1.768283336E2
3.368820619E1,2.768236914E-2,5.964512820E-4,1.401298330E-3,9.996156096E-1,1.768274289E2,1.624075969E-1,-6.387687241E-2,1.768273347E2
3.369320619E1,2.768277340E-2,5.724774092E-4,1.403309871E-3,9.996156096E-1,1.768273825E2,1.625619834E-1,-6.112427735E-2,1.768272922E2
3.369820619E1,2.767869987E-2,5.557697732E-4,1.405460294E-3,9.996157289E-1,1.768278495E2,1.627550639E-1,-5.920430023E-2,1.768277618E2
3.370320619E1,2.766991854E-2,5.621400196E-4,1.406263793E-3,9.996159673E-1,1.768288562E2,1.628667829E-1,-5.993287852E-2,1.768287673E2
3.370820619E1,2.766744980E-2,5.811910960E-4,1.404722920E-3,9.996160269E-1,1.768291392E2,1.627505369E-1,-6.212042100E-2,1.768290473E2
3.371320619E1,2.767378708E-2,5.861051031E-4,1.405093586E-3,9.996158481E-1,1.768284127E2,1.628089743E-1,-6.268110129E-2,1.768283200E2
3.371820619E1,2.767608408E-2,5.681487964E-4,1.409623655E-3,9.996157885E-1,1.768281494E2,1.632710756E-1,-6.060950876E-2,1.768280593E2
3.372320619E1,2.768079931E-2,5.594058312E-4,1.405063551E-3,9.996156693E-1,1.768276088E2,1.627212766E-1,-5.962171842E-2,1.768275205E2
3.372820619E1,2.767675998E-2,5.615882110E-4,1.398941618E-3,9.996157885E-1,1.768280719E2,1.620267037E-1,-5.989177864E-2,1.768279836E2
3.373320619E1,2.767010992E-2,5.738280015E-4,1.397751737E-3,9.996159673E-1,1.768288342E2,1.619288197E-1,-6.129866786E-2,1.768287440E2
3.373820619E1,2.766750747E-2,5.824178224E-4,1.403077971E-3,9.996160269E-1,1.768291326E2,1.625660048E-1,-6.226614557E-2,1.768290406E2
3.374320619E1,2.767165662E-2,5.788127892E-4,1.407668577E-3,9.996159077E-1,1.768286569E2,1.630806748E-1,-6.183796602E-2,1.768285652E2
3.374820619E1,2.766961827E-2,5.637340364E-4,1.411524136E-3,9.996159673E-1,1.768288906E2,1.634743804E-1,-6.009883873E-2,1.768288012E2
3.375320619E1,2.766720611E-2,5.647753715E-4,1.416171901E-3,9.996160269E-1,1.768291671E2,1.640099286E-1,-6.020377979E-2,1.768290772E2
3.375820619E1,2.766704335E-2,5.773947341E-4,1.414261409E-3,9.996160269E-1,1.768291858E2,1.638310881E-1,-6.165538125E-2,1.768290939E2
3.376320619E1,2.766887455E-2,5.807239795E-4,1.419194276E-3,9.996159673E-1,1.768289758E2,1.644068069E-1,-6.202079742E-2,1.768288831E2
3.376820619E1,2.766671663E-2,5.717400345E-4,1.422923873E-3,9.996160269E-1,1.768292232E2,1.648054055E-1,-6.098023854E-2,1.768291318E2
3.377320619E1,2.767740273E-2,5.758943153E-4,1.422796282E-3,9.996157289E-1,1.768279982E2,1.648046190E-1,-6.145474411E-2,1.768279061E2
3.377820619E1,2.767325216E-2,5.736546591E-4,1.420680783E-3,9.996158481E-1,1.768284740E2,1.645549351E-1,-6.120558995E-2,1.768283824E2
3.378320619E1,2.766882608E-2,5.721932393E-4,1.423597452E-3,9.996159673E-1,1.768289814E2,1.648841283E-1,-6.102966855E-2,1.768288898E2
3.378820619E1,2.766431489E-2,5.685458891E-4,1.429014257E-3,9.996160865E-1,1.768294985E2,1.654927729E-1,-6.059544516E-2,1.768294073E2
3.379320619E1,2.767713279E-2,5.785517860E-4,1.426963136E-3,9.996157289E-1,1.768280291E2,1.652903355E-1,-6.174597953E-2,1.768279363E2
3.379820619E1,2.767721018E-2,5.815749173E-4,1.424230635E-3,9.996157289E-1,1.768280203E2,1.649869272E-1,-6.210092562E-2,1.768279271E2
3.380320619E1,2.767284602E-2,5.777152255E-4,1.426932635E-3,9.996158481E-1,1.768285206E2,1.652839238E-1,-6.165095912E-2,1.768284279E2
3.380820619E1,2.766643000E-2,5.732497084E-4,1.427880954E-3,9.996160269E-1,1.768292561E2,1.653779976E-1,-6.113749920E-2,1.768291641E2
3.381320619E1,2.766011464E-2,5.667674704E-4,1.427637995E-3,9.996162057E-1,1.768299800E2,1.653292330E-1,-6.039678928E-2,1.768298892E2
3.381820619E1,2.766879857E-2,5.756307510E-4,1.422746107E-3,9.996159673E-1,1.768289845E2,1.647975068E-1,-6.142613109E-2,1.768288925E2
3.382320619E1,2.767322759E-2,5.798322381E-4,1.418650034E-3,9.996158481E-1,1.768284768E2,1.643419072E-1,-6.191966058E-2,1.768283843E2
3.382820619E1,2.767313761E-2,5.795971374E-4,1.420499990E-3,9.996158481E-1,1.768284871E2,1.645530645E-1,-6.188687856E-2,1.768283945E2
3.383320619E1,2.765613787E-2,5.672000698E-4,1.421025139E-3,9.996163249E-1,1.768304359E2,1.645728751E-1,-6.046795806E-2,1.768303454E2
3.383820619E1,2.765181958E-2,5.620319280E-4,1.423255890E-3,9.996164441E-1,1.768309309E2,1.648117642E-1,-5.986960188E-2,1.768308411E2
3.384320619E1,2.766042102E-2,5.690811668E-4,1.420764835E-3,9.996162057E-1,1.768299449E2,1.645492798E-1,-6.068355315E-2,1.768298541E2
3.384820619E1,2.767537150E-2,5.819259677E-4,1.417969121E-3,9.996157885E-1,1.768282311E2,1.642706835E-1,-6.216129921E-2,1.768281382E2
3.385320619E1,2.768192334E-2,5.863687838E-4,1.414299943E-3,9.996156096E-1,1.768274800E2,1.638648889E-1,-6.268077559E-2,1.768273866E2
3.385820619E1,2.766500909E-2,5.741491914E-4,1.413247664E-3,9.996160865E-1,1.768294190E2,1.637045505E-1,-6.128715939E-2,1.768293277E2
3.386320619E1,2.765665567E-2,5.660795141E-4,1.411361620E-3,9.996163249E-1,1.768303766E2,1.634624191E-1,-6.037014254E-2,1.768302868E2
3.386820619E1,2.766730535E-2,5.737729953E-4,1.410605153E-3,9.996160269E-1,1.768291557E2,1.634008044E-1,-6.125206915E-2,1.768290647E2
3.387320619E1,2.768035262E-2,5.847703433E-4,1.403535251E-3,9.996156693E-1,1.768276600E2,1.626266479E-1,-6.253208157E-2,1.768275676E2
3.387820619E1,2.768034356E-2,5.852844333E-4,1.403499744E-3,9.996156693E-1,1.768276611E2,1.626242110E-1,-6.259108342E-2,1.768275686E2
3.388320619E1,2.766121144E-2,5.712914281E-4,1.404394978E-3,9.996162057E-1,1.768298543E2,1.626812021E-1,-6.098849293E-2,1.768297641E2
3.388820619E1,2.765704759E-2,5.648398073E-4,1.404159935E-3,9.996163249E-1,1.768303316E2,1.626335758E-1,-6.025089771E-2,1.768302425E2
3.389320619E1,2.767195631E-2,5.771295982E-4,1.402458642E-3,9.996159077E-1,1.768286226E2,1.624785688E-1,-6.166163275E-2,1.768285315E2
3.389820619E1,2.768256435E-2,5.853184848E-4,1.402136171E-3,9.996156096E-1,1.768274065E2,1.624682638E-1,-6.259894828E-2,1.768273141E2
3.390320619E1,2.768257074E-2,5.848339060E-4,1.402212190E-3,9.996156096E-1,1.768274058E2,1.624754347E-1,-6.254319878E-2,1.768273134E2
3.390820619E1,2.765932271E-2,5.687394296E-4,1.400198787E-3,9.996162653E-1,1.768300708E2,1.621923329E-1,-6.070977530E-2,1.768299813E2
3.391320619E1,2.765521567E-2,5.652609398E-4,1.397624146E-3,9.996163845E-1,1.768305416E2,1.618861393E-1,-6.032014835E-2,1.768304528E2
3.391820619E1,2.767441766E-2,5.795719917E-4,1.395350089E-3,9.996158481E-1,1.768283404E2,1.616721975E-1,-6.196354661E-2,1.768282494E2
3.392320619E1,2.768277032E-2,5.862647085E-4,1.397667103E-3,9.996156096E-1,1.768273829E2,1.619593567E-1,-6.272147967E-2,1.768272906E2
3.392820619E1,2.766991982E-2,5.766954855E-4,1.400332432E-3,9.996159673E-1,1.768288560E2,1.622335139E-1,-6.161897905E-2,1.768287651E2
3.393320619E1,2.764669944E-2,5.573454546E-4,1.398766763E-3,9.996166229E-1,1.768315179E2,1.619914307E-1,-5.941120727E-2,1.768314303E2
3.393820619E1,2.765306772E-2,5.626847269E-4,1.398533001E-3,9.996164441E-1,1.768307879E2,1.619819528E-1,-6.002251705E-2,1.768306994E2
3.394320619E1,2.766787405E-2,5.743774236E-4,1.399158384E-3,9.996160269E-1,1.768290905E2,1.620915530E-1,-6.135750512E-2,1.768290001E2
3.394820619E1,2.768072286E-2,5.848595174E-4,1.396176987E-3,9.996156693E-1,1.768276176E2,1.617840810E-1,-6.256557696E-2,1.768275256E2
3.395320619E1,2.767261469E-2,5.775510217E-4,1.389232231E-3,9.996159077E-1,1.768285471E2,1.609648892E-1,-6.175174160E-2,1.768284568E2
3.395820619E1,2.765335149E-2,5.631652311E-4,1.392716658E-3,9.996164441E-1,1.768307553E2,1.613172428E-1,-6.009594328E-2,1.768306672E2
3.396320619E1,2.766635600E-2,5.735151353E-4,1.386892400E-3,9.996160865E-1,1.768292646E2,1.606836837E-1,-6.129786660E-2,1.768291750E2
3.396820619E1,2.771416210E-2,6.091242540E-4,1.362140640E-3,9.996147752E-1,1.768237843E2,1.579644553E-1,-6.544772469E-2,1.768236905E2
3.397320619E1,2.776093562E-2,6.470865919E-4,1.354461187E-3,9.996134639E-1,1.768184224E2,1.572086305E-1,-6.981324697E-2,1.768183230E2
3.397820619E1,2.777325072E-2,6.564083742E-4,1.361427363E-3,9.996131063E-1,1.768170106E2,1.580371189E-1,-7.085692368E-2,1.768169093E2
3.398320619E1,2.770030941E-2,5.980235292E-4,1.386176795E-3,9.996151328E-1,1.768253723E2,1.606815965E-1,-6.410205518E-2,1.768252788E2
3.398820619E1,2.765455579E-2,5.623309989E-4,1.368938014E-3,9.996164441E-1,1.768306173E2,1.585908779E-1,-6.007554579E-2,1.768305307E2
3.399320619E1,2.767658320E-2,5.790918367E-4,1.351922052E-3,9.996158481E-1,1.768280922E2,1.566962218E-1,-6.204593196E-2,1.768280039E2
3.399820619E1,2.775920017E-2,6.454910617E-4,1.346780104E-3,9.996135235E-1,1.768186213E2,1.563235841E-1,-6.965519029E-2,1.768185227E2
3.400320619E1,2.781460595E-2,6.893873215E-4,1.332047977E-3,9.996119738E-1,1.768122698E2,1.547798428E-1,-7.472167393E-2,1.768121653E2
3.400820619E1,2.777739497E-2,6.633531884E-4,1.316535636E-3,9.996130466E-1,1.768165355E2,1.529172850E-1,-7.179467537E-2,1.768164363E2
3.401320619E1,2.773762257E-2,6.320045213E-4,1.310625114E-3,9.996141791E-1,1.768210949E2,1.521377413E-1,-6.822863893E-2,1.768210009E2
3.401820619E1,2.772674957E-2,6.220170180E-4,1.318146358E-3,9.996144772E-1,1.768223413E2,1.529668046E-1,-6.706235345E-2,1.768222484E2
3.402320619E1,2.775029515E-2,6.419091369E-4,1.310314750E-3,9.996138215E-1,1.768196421E2,1.521345539E-1,-6.936224457E-2,1.768195467E2
3.402820619E1,2.778058985E-2,6.680823863E-4,1.291755238E-3,9.996129870E-1,1.768161693E2,1.500940384E-1,-7.241479220E-2,1.768160711E2
3.403320619E1,2.779343638E-2,6.782421260E-4,1.286856015E-3,9.996126294E-1,1.768146966E2,1.495661362E-1,-7.359223711E-2,1.768145972E2
3.403820619E1,2.775936474E-2,6.519365706E-4,1.295049908E-3,9.996135831E-1,1.768186024E2,1.504185328E-1,-7.055803866E-2,1.768185065E2
3.404320619E1,2.771039685E-2,6.121423212E-4,1.304966747E-3,9.996149540E-1,1.768242159E2,1.514246546E-1,-6.597558580E-2,1.768241254E2
3.404820619E1,2.769550100E-2,5.989855272E-4,1.307687606E-3,9.996153712E-1,1.768259235E2,1.516935809E-1,-6.446212882E-2,1.768258349E2
3.405320619E1,2.772321702E-2,6.219648058E-4,1.301970915E-3,9.996145964E-1,1.768227463E2,1.511135424E-1,-6.710830169E-2,1.768226545E2
3.405820619E1,2.776966508E-2,6.588455872E-4,1.300748321E-3,9.996132851E-1,1.768174217E2,1.510939867E-1,-7.132976389E-2,1.768173242E2
3.406320619E1,2.779459169E-2,6.787329330E-4,1.307774568E-3,9.996125698E-1,1.768145642E2,1.519639516E-1,-7.358165653E-2,1.768144631E2
3.406820619E1,2.775202048E-2,6.448713830E-4,1.317769522E-3,9.996137619E-1,1.768194444E2,1.529980209E-1,-6.967759138E-2,1.768193479E2
3.407320619E1,2.771378302E-2,6.150415284E-4,1.322887605E-3,9.996148348E-1,1.768238277E2,1.534868791E-1,-6.625025552E-2,1.768237356E2
3.407820619E1,2.769221899E-2,5.977186956E-4,1.331984415E-3,9.996154308E-1,1.768262997E2,1.544724940E-1,-6.424041128E-2,1.768262098E2
3.408320619E1,2.771509998E-2,6.166316452E-4,1.339492039E-3,9.996147752E-1,1.768236768E2,1.553940166E-1,-6.637946125E-2,1.768235833E2
3.408820619E1,2.771675332E-2,6.168080727E-4,1.349643106E-3,9.996147156E-1,1.768234872E2,1.565574680E-1,-6.636717169E-2,1.768233931E2
3.409320619E1,2.769933798E-2,6.033225218E-4,1.360063907E-3,9.996151924E-1,1.768254836E2,1.577071827E-1,-6.479208536E-2,1.768253910E2
3.409820619E1,2.768176732E-2,5.875201896E-4,1.374178566E-3,9.996156693E-1,1.768274979E2,1.592727162E-1,-6.293996460E-2,1.768274068E2
3.410320619E1,2.766005282E-2,5.700166221E-4,1.385176089E-3,9.996162653E-1,1.768299871E2,1.604756076E-1,-6.090357365E-2,1.768298983E2
3.410820619E1,2.767041920E-2,5.797162885E-4,1.389173092E-3,9.996159673E-1,1.768287988E2,1.609648455E-1,-6.200030872E-2,1.768287081E2
3.411320619E1,2.769813560E-2,6.022753660E-4,1.384790638E-3,9.996151924E-1,1.768256215E2,1.605361723E-1,-6.459384162E-2,1.768255274E2
3.411820619E1,2.771308483E-2,6.147722597E-4,1.381384907E-3,9.996147752E-1,1.768239078E2,1.601867094E-1,-6.603374395E-2,1.768238118E2
3.412320619E1,2.768105832E-2,5.897915689E-4,1.387423952E-3,9.996156693E-1,1.768275791E2,1.607971069E-1,-6.315824267E-2,1.768274869E2
3.412820619E1,2.765516894E-2,5.664341152E-4,1.398073626E-3,9.996163845E-1,1.768305470E2,1.619413415E-1,-6.045311591E-2,1.768304579E2
3.413320619E1,2.765962376E-2,5.704325740E-4,1.393547282E-3,9.996162653E-1,1.768300363E2,1.614358023E-1,-6.092475507E-2,1.768299469E2
3.413820619E1,2.768081264E-2,5.836677155E-4,1.394895138E-3,9.996156693E-1,1.768276073E2,1.616334729E-1,-6.243311058E-2,1.768275156E2
3.414320619E1,2.769123911E-2,5.924975849E-4,1.397794462E-3,9.996153712E-1,1.768264121E2,1.619942564E-1,-6.343366388E-2,1.768263187E2
3.414820619E1,2.768072323E-2,5.844642874E-4,1.396335079E-3,9.996156693E-1,1.768276176E2,1.618009364E-1,-6.251980279E-2,1.768275256E2
3.415320619E1,2.766390158E-2,5.707516684E-4,1.394013292E-3,9.996161461E-1,1.768295459E2,1.614904551E-1,-6.095913839E-2,1.768294564E2
3.415820619E1,2.765546642E-2,5.640289746E-4,1.393152867E-3,9.996163845E-1,1.768305129E2,1.613700742E-1,-6.019315932E-2,1.768304245E2
3.416320619E1,2.766608062E-2,5.724797375E-4,1.392800943E-3,9.996160865E-1,1.768292961E2,1.613571950E-1,-6.116057613E-2,1.768292064E2
3.416820619E1,2.768104457E-2,5.819294020E-4,1.391013502E-3,9.996156693E-1,1.768275807E2,1.611833401E-1,-6.224626649E-2,1.768274896E2
3.417320619E1,2.767903872E-2,5.808484275E-4,1.388544682E-3,9.996157289E-1,1.768278107E2,1.608969884E-1,-6.213059774E-2,1.768277198E2
3.417820619E1,2.766839010E-2,5.695094587E-4,1.390919089E-3,9.996160269E-1,1.768290314E2,1.611323557E-1,-6.082593179E-2,1.768289423E2
3.418320619E1,2.766200688E-2,5.651576794E-4,1.391146914E-3,9.996162057E-1,1.768297631E2,1.611442686E-1,-6.032775263E-2,1.768296747E2
3.418820619E1,2.765336156E-2,5.586168845E-4,1.394347521E-3,9.996164441E-1,1.768307542E2,1.614896411E-1,-5.956977122E-2,1.768306666E2
3.419320619E1,2.765114240E-2,5.562907900E-4,1.396554406E-3,9.996165037E-1,1.768310086E2,1.617349319E-1,-5.929668818E-2,1.768309213E2
3.419820619E1,2.766191109E-2,5.629073130E-4,1.393961138E-3,9.996162057E-1,1.768297741E2,1.614594923E-1,-6.006107314E-2,1.768296859E2
3.420320619E1,2.766583219E-2,5.661897012E-4,1.400286681E-3,9.996160865E-1,1.768293246E2,1.621947122E-1,-6.041637520E-2,1.768292355E2
3.420820619E1,2.765544993E-2,5.573790986E-4,1.396153471E-3,9.996163845E-1,1.768305148E2,1.616927104E-1,-5.942192504E-2,1.768304273E2
3.421320619E1,2.764684451E-2,5.515451194E-4,1.398198423E-3,9.996166229E-1,1.768315013E2,1.619079597E-1,-5.874856959E-2,1.768314147E2
3.421820619E1,2.764468841E-2,5.496849190E-4,1.398948836E-3,9.996166825E-1,1.768317484E2,1.619878979E-1,-5.853345994E-2,1.768316621E2
3.422320619E1,2.764672655E-2,5.501885316E-4,1.401062473E-3,9.996166229E-1,1.768315148E2,1.622317256E-1,-5.858412095E-2,1.768314283E2
3.422820619E1,2.765088250E-2,5.556526012E-4,1.401943853E-3,9.996165037E-1,1.768310384E2,1.623502440E-1,-5.920654995E-2,1.768309509E2
3.423320619E1,2.765078808E-2,5.564559833E-4,1.403486589E-3,9.996165037E-1,1.768310492E2,1.625295014E-1,-5.929370244E-2,1.768309615E2
3.423820619E1,2.764423101E-2,5.468928721E-4,1.409045304E-3,9.996166825E-1,1.768318009E2,1.631355552E-1,-5.818172717E-2,1.768317144E2
3.424320619E1,2.763982555E-2,5.431745667E-4,1.412333804E-3,9.996168017E-1,1.768323059E2,1.635002118E-1,-5.774610698E-2,1.768322199E2
3.424820619E1,2.765272160E-2,5.528762122E-4,1.409247634E-3,9.996164441E-1,1.768308275E2,1.631781872E-1,-5.886507781E-2,1.768307401E2
3.425320619E1,2.766144640E-2,5.600064760E-4,1.404312439E-3,9.996162057E-1,1.768298274E2,1.626359881E-1,-5.969605209E-2,1.768297390E2
3.425820619E1,2.765716925E-2,5.558960256E-4,1.405332237E-3,9.996163249E-1,1.768303177E2,1.627395202E-1,-5.922267355E-2,1.768302300E2
3.426320619E1,2.765302350E-2,5.525327870E-4,1.403446426E-3,9.996164441E-1,1.768307929E2,1.625126005E-1,-5.884407340E-2,1.768307059E2
3.426820619E1,2.764251977E-2,5.478904350E-4,1.399915083E-3,9.996167421E-1,1.768319970E2,1.620927679E-1,-5.832519665E-2,1.768319109E2
3.427320619E1,2.764028186E-2,5.454974598E-4,1.402473776E-3,9.996168017E-1,1.768322536E2,1.623781503E-1,-5.804334532E-2,1.768321677E2
3.427820619E1,2.765298226E-2,5.578362034E-4,1.402160502E-3,9.996164441E-1,1.768307977E2,1.623821050E-1,-5.945564885E-2,1.768307098E2
3.428320619E1,2.767213672E-2,5.731293350E-4,1.400538138E-3,9.996159077E-1,1.768286019E2,1.622459045E-1,-6.120947306E-2,1.768285116E2
3.428820619E1,2.767247129E-2,5.667133373E-4,1.396532636E-3,9.996159077E-1,1.768285635E2,1.617667564E-1,-6.048718375E-2,1.768284745E2
3.429320619E1,2.765319638E-2,5.515252124E-4,1.400433131E-3,9.996164441E-1,1.768307731E2,1.621642511E-1,-5.873817887E-2,1.768306864E2
3.429820619E1,2.765756470E-2,5.522705615E-4,1.398964785E-3,9.996163249E-1,1.768302723E2,1.619986742E-1,-5.882750198E-2,1.768301856E2
3.430320619E1,2.766825243E-2,5.606565392E-4,1.397240092E-3,9.996160269E-1,1.768290472E2,1.618283337E-1,-5.979183179E-2,1.768289591E2
3.430820619E1,2.767707577E-2,5.642360193E-4,1.391609316E-3,9.996157885E-1,1.768280357E2,1.611952218E-1,-6.021828293E-2,1.768279474E2
3.431320619E1,2.767705958E-2,5.635230918E-4,1.392220031E-3,9.996157885E-1,1.768280375E2,1.612629155E-1,-6.013468448E-2,1.768279493E2
3.431820619E1,2.767288135E-2,5.555491662E-4,1.392888254E-3,9.996159077E-1,1.768285165E2,1.613139198E-1,-5.921984565E-2,1.768284296E2
3.432320619E1,2.765989848E-2,5.445790594E-4,1.398428925E-3,9.996162653E-1,1.768300048E2,1.619130491E-1,-5.794777908E-2,1.768299194E2
3.432820619E1,2.767068316E-2,5.507572205E-4,1.395683154E-3,9.996159673E-1,1.768287685E2,1.616187435E-1,-5.866243223E-2,1.768286822E2
3.433320619E1,2.769389396E-2,5.679788301E-4,1.398000983E-3,9.996153116E-1,1.768261077E2,1.619402648E-1,-6.062401605E-2,1.768260184E2
3.433820619E1,2.771100944E-2,5.782469525E-4,1.395586994E-3,9.996148348E-1,1.768241457E2,1.616973946E-1,-6.180509626E-2,1.768240548E2
3.434320619E1,2.769203323E-2,5.641141906E-4,1.393799554E-3,9.996153712E-1,1.768263210E2,1.614466230E-1,-6.019496534E-2,1.768262326E2
3.434820619E1,2.767079448E-2,5.452806363E-4,1.395626459E-3,9.996159673E-1,1.768287557E2,1.615948891E-1,-5.803526455E-2,1.768286703E2
3.435320619E1,2.767283662E-2,5.467769806E-4,1.397241256E-3,9.996159077E-1,1.768285216E2,1.617847245E-1,-5.820121625E-2,1.768284359E2
3.435820619E1,2.770467180E-2,5.686463555E-4,1.397278858E-3,9.996150136E-1,1.768248722E2,1.618603201E-1,-6.070102598E-2,1.768247828E2
3.436320619E1,2.771540989E-2,5.767173716E-4,1.394222025E-3,9.996147156E-1,1.768236412E2,1.615364542E-1,-6.163351008E-2,1.768235507E2
3.436820619E1,2.769881451E-2,5.589415086E-4,1.389372279E-3,9.996151924E-1,1.768255437E2,1.609234773E-1,-5.961540517E-2,1.768254564E2
3.437320619E1,2.767329188E-2,5.388014833E-4,1.391310361E-3,9.996159077E-1,1.768284695E2,1.610800866E-1,-5.730637688E-2,1.768283854E2
3.437820619E1,2.767999623E-2,5.431995960E-4,1.384690753E-3,9.996157289E-1,1.768277009E2,1.603361608E-1,-5.783008683E-2,1.768276165E2
3.438320619E1,2.770988929E-2,5.662121112E-4,1.379982918E-3,9.996148944E-1,1.768242741E2,1.598716963E-1,-6.047626638E-2,1.768241862E2
3.438820619E1,2.772689006E-2,5.759731284E-4,1.379870577E-3,9.996144176E-1,1.768223252E2,1.598908724E-1,-6.159200351E-2,1.768222357E2
3.439320619E1,2.770542584E-2,5.590759101E-4,1.386145595E-3,9.996150136E-1,1.768247858E2,1.605546891E-1,-5.963998058E-2,1.768246987E2
3.439820619E1,2.768197907E-2,5.407906719E-4,1.389017329E-3,9.996156693E-1,1.768274736E2,1.608242332E-1,-5.754010765E-2,1.768273893E2
3.440320619E1,2.768208606E-2,5.400016089E-4,1.387190889E-3,9.996156693E-1,1.768274613E2,1.606125215E-1,-5.745549908E-2,1.768273773E2
3.440820619E1,2.770961135E-2,5.590731744E-4,1.388448640E-3,9.996148944E-1,1.768243060E2,1.608187386E-1,-5.963168191E-2,1.768242187E2
3.441320619E1,2.772858609E-2,5.751108401E-4,1.389296493E-3,9.996143579E-1,1.768221308E2,1.609679533E-1,-6.146300798E-2,1.768220408E2
3.441820619E1,2.772253926E-2,5.684688804E-4,1.384035219E-3,9.996145368E-1,1.768228240E2,1.603438131E-1,-6.071987671E-2,1.768227354E2
3.442320619E1,2.768436207E-2,5.380394869E-4,1.385482727E-3,9.996156096E-1,1.768272004E2,1.604107610E-1,-5.723579625E-2,1.768271168E2
3.442820619E1,2.768408682E-2,5.355675239E-4,1.391925500E-3,9.996156096E-1,1.768272320E2,1.611409081E-1,-5.693224378E-2,1.768271484E2
3.443320619E1,2.771597210E-2,5.604686448E-4,1.389665063E-3,9.996147156E-1,1.768235768E2,1.609628890E-1,-5.978664266E-2,1.768234892E2
3.443820619E1,2.773536899E-2,5.766049144E-4,1.381921582E-3,9.996141791E-1,1.768213532E2,1.601283408E-1,-6.165649793E-2,1.768212635E2
3.444320619E1,2.771426764E-2,5.593243986E-4,1.381218899E-3,9.996147752E-1,1.768237722E2,1.599916641E-1,-5.968267092E-2,1.768236853E2
3.444820619E1,2.769496544E-2,5.408037105E-4,1.387512311E-3,9.996153116E-1,1.768259849E2,1.606526257E-1,-5.754428832E-2,1.768259007E2
3.445320619E1,2.769487103E-2,5.406509154E-4,1.389454934E-3,9.996153116E-1,1.768259957E2,1.608746584E-1,-5.752063592E-2,1.768259114E2
3.445820619E1,2.772053940E-2,5.576488329E-4,1.385443378E-3,9.996145964E-1,1.768230532E2,1.604706199E-1,-5.947631576E-2,1.768229664E2
3.446320619E1,2.774162581E-2,5.745623494E-4,1.386520453E-3,9.996140003E-1,1.768206360E2,1.606490226E-1,-6.140690519E-2,1.768205463E2
3.446820619E1,2.774401678E-2,5.722028436E-4,1.382621937E-3,9.996139407E-1,1.768203619E2,1.601951017E-1,-6.114864045E-2,1.768202728E2
3.447320619E1,2.772075465E-2,5.542571889E-4,1.382494462E-3,9.996145964E-1,1.768230285E2,1.601220665E-1,-5.909714482E-2,1.768229424E2
3.447820619E1,2.771415775E-2,5.475009093E-4,1.388143748E-3,9.996147752E-1,1.768237848E2,1.607473309E-1,-5.830634544E-2,1.768236994E2
3.448320619E1,2.773121057E-2,5.608361680E-4,1.385629876E-3,9.996142983E-1,1.768218299E2,1.605027471E-1,-5.983911094E-2,1.768217425E2
3.448820619E1,2.776127525E-2,5.825128173E-4,1.376629225E-3,9.996134639E-1,1.768183834E2,1.595425079E-1,-6.234591886E-2,1.768182931E2
3.449320619E1,2.775489364E-2,5.785204121E-4,1.377147739E-3,9.996136427E-1,1.768191150E2,1.595888056E-1,-6.188796892E-2,1.768190252E2
3.449820619E1,2.773564522E-2,5.616566050E-4,1.382533810E-3,9.996141791E-1,1.768213215E2,1.601509734E-1,-5.994221820E-2,1.768212342E2
3.450320619E1,2.772471084E-2,5.531415809E-4,1.389784156E-3,9.996144772E-1,1.768225750E2,1.609537733E-1,-5.894556096E-2,1.768224887E2
3.450820619E1,2.774811599E-2,5.708568497E-4,1.387095777E-3,9.996138215E-1,1.768198919E2,1.607035400E-1,-6.097957762E-2,1.768198029E2
3.451320619E1,2.776522852E-2,5.845049163E-4,1.382605522E-3,9.996133447E-1,1.768179302E2,1.602336633E-1,-6.255446231E-2,1.768178392E2
3.451820619E1,2.780719563E-2,6.216058973E-4,1.341169584E-3,9.996122122E-1,1.768131193E2,1.556081416E-1,-6.692958516E-2,1.768130249E2
3.452320619E1,2.759762342E-2,7.571590249E-4,1.243035076E-3,9.996180534E-1,1.768371437E2,1.447817087E-1,-8.279988058E-2,1.768370358E2
3.452820619E1,2.755297709E-2,1.189505681E-3,1.067702775E-3,9.996190667E-1,1.768422618E2,1.260592314E-1,-1.328844065E-1,1.768421116E2
3.453320619E1,2.773741467E-2,1.582473167E-3,9.033891838E-4,9.996135831E-1,1.768211187E2,1.085112128E-1,-1.783968848E-1,1.768209445E2
3.453820619E1,2.789016051E-2,1.531926217E-3,9.044683538E-4,9.996094108E-1,1.768036085E2,1.085005144E-1,-1.725868481E-1,1.768034401E2
3.454320619E1,2.800278987E-2,1.192975789E-3,1.023290330E-3,9.996066093E-1,1.767906971E2,1.210428431E-1,-1.333676783E-1,1.767905523E2
3.454820619E1,2.808852672E-2,7.560900412E-4,1.271894434E-3,9.996043444E-1,1.767808685E2,1.481246517E-1,-8.251342802E-2,1.767807584E2
3.455320619E1,2.802712494E-2,3.327449376E-4,1.479096711E-3,9.996060133E-1,1.767879074E2,1.704941685E-1,-3.336436702E-2,1.767878541E2
3.455820619E1,2.782861713E-2,1.180743930E-4,1.432429068E-3,9.996116757E-1,1.768106636E2,1.644572970E-1,-8.957166328E-3,1.768106475E2
3.456320619E1,2.762162471E-2,2.130076318E-4,1.349145663E-3,9.996175170E-1,1.768343923E2,1.552159850E-1,-2.012921840E-2,1.768343621E2
3.456820619E1,2.768937182E-2,6.548996316E-4,1.363905263E-3,9.996154308E-1,1.768266261E2,1.583102231E-1,-7.068949922E-2,1.768265248E2
3.457320619E1,2.773430152E-2,8.558385889E-4,1.430239878E-3,9.996139407E-1,1.768214756E2,1.665505561E-1,-9.348858865E-2,1.768213353E2
3.457820619E1,2.784530713E-2,7.251296774E-4,1.386209275E-3,9.996110201E-1,1.768087504E2,1.611002280E-1,-7.863827507E-2,1.768086359E2
3.458320619E1,2.799394259E-2,5.092414794E-4,1.324049430E-3,9.996070862E-1,1.767917113E2,1.532991050E-1,-5.408447687E-2,1.767916358E2
3.458820619E1,2.789006972E-2,3.228957066E-4,1.411806908E-3,9.996099472E-1,1.768036189E2,1.627502604E-1,-3.247460409E-2,1.768035695E2
3.459320619E1,2.776871800E-2,3.672422608E-4,1.429599943E-3,9.996132851E-1,1.768175302E2,1.649255848E-1,-3.751751804E-2,1.768174728E2
3.459820619E1,2.766921241E-2,5.627603969E-4,1.377241104E-3,9.996160269E-1,1.768289371E2,1.595442213E-1,-6.009607997E-2,1.768288499E2
3.460320619E1,2.776517468E-2,7.636673399E-4,1.338734175E-3,9.996132851E-1,1.768179364E2,1.557783932E-1,-8.321662914E-2,1.768178195E2
3.460820619E1,2.791645512E-2,7.352043176E-4,1.368173631E-3,9.996090531E-1,1.768005942E2,1.590721264E-1,-7.983852430E-2,1.768004795E2
3.461320619E1,2.793516954E-2,5.162389134E-4,1.390981488E-3,9.996086359E-1,1.767984489E2,1.609851913E-1,-5.468075943E-2,1.767983685E2
3.461820619E1,2.787446667E-2,3.913206165E-4,1.364229945E-3,9.996104240E-1,1.768054076E2,1.575185199E-1,-4.046697942E-2,1.768053488E2
3.462320619E1,2.775366105E-2,4.442162754E-4,1.365278964E-3,9.996137619E-1,1.768192563E2,1.578020265E-1,-4.654173494E-2,1.768191889E2
3.462820619E1,2.773666054E-2,6.269544829E-4,1.377180801E-3,9.996141195E-1,1.768212052E2,1.597454197E-1,-6.743877033E-2,1.768211075E2
3.463320619E1,2.780994843E-2,7.237708778E-4,1.365895849E-3,9.996120334E-1,1.768128037E2,1.587662650E-1,-7.855306381E-2,1.768126911E2
3.463820619E1,2.790200293E-2,6.535415887E-4,1.355988439E-3,9.996095300E-1,1.768022510E2,1.574140642E-1,-7.052557695E-2,1.768021505E2
3.464320619E1,2.791111415E-2,4.984383122E-4,1.366141834E-3,9.996093512E-1,1.768012065E2,1.580816289E-1,-5.272507999E-2,1.768011304E2
3.464820619E1,2.782566082E-2,4.197010712E-4,1.391047728E-3,9.996117353E-1,1.768110025E2,1.606789477E-1,-4.364005591E-2,1.768109380E2
3.465320619E1,2.775404019E-2,5.058713141E-4,1.379683614E-3,9.996137023E-1,1.768192128E2,1.596481613E-1,-5.355828079E-2,1.768191348E2
3.465820619E1,2.777329737E-2,6.514207344E-4,1.362870564E-3,9.996131063E-1,1.768170053E2,1.581865622E-1,-7.028100256E-2,1.768169046E2
3.466320619E1,2.785597170E-2,6.944460329E-4,1.359321643E-3,9.996107817E-1,1.768075278E2,1.579232078E-1,-7.520766689E-2,1.768074204E2
3.466820619E1,2.790058685E-2,5.913720233E-4,1.369656529E-3,9.996095896E-1,1.768024133E2,1.587808199E-1,-6.336077123E-2,1.768023220E2
3.467320619E1,2.787716972E-2,4.708893248E-4,1.371183549E-3,9.996103048E-1,1.768050978E2,1.585693415E-1,-4.955869025E-2,1.768050258E2
3.467820619E1,2.781717387E-2,4.763810430E-4,1.371061429E-3,9.996119738E-1,1.768119754E2,1.585698850E-1,-5.019765709E-2,1.768119026E2
3.468320619E1,2.777878290E-2,5.790396244E-4,1.371157006E-3,9.996129870E-1,1.768163764E2,1.589057141E-1,-6.196269965E-2,1.768162870E2
3.468820619E1,2.781562215E-2,6.679419312E-4,1.366049633E-3,9.996119142E-1,1.768121533E2,1.586063573E-1,-7.215662691E-2,1.768120498E2
3.469320619E1,2.786569978E-2,6.344395224E-4,1.364581753E-3,9.996105433E-1,1.768064126E2,1.583348411E-1,-6.831576916E-2,1.768063146E2
3.469820619E1,2.788030901E-2,5.382131785E-4,1.369486912E-3,9.996101856E-1,1.768047379E2,1.585902572E-1,-5.727535245E-2,1.768046552E2
3.470320619E1,2.785079176E-2,4.901460488E-4,1.379011665E-3,9.996110201E-1,1.768081216E2,1.595261842E-1,-5.174369088E-2,1.768080462E2
3.470820619E1,2.780478238E-2,5.348811974E-4,1.383500756E-3,9.996122718E-1,1.768133960E2,1.601805615E-1,-5.686101374E-2,1.768133130E2
3.471320619E1,2.780319030E-2,6.247639540E-4,1.377815031E-3,9.996122718E-1,1.768135785E2,1.598155775E-1,-6.717519866E-2,1.768134811E2
3.471820619E1,2.784121856E-2,6.549306563E-4,1.374279615E-3,9.996111989E-1,1.768092191E2,1.595094123E-1,-7.063590493E-2,1.768091170E2
3.472320619E1,2.787630299E-2,5.956804380E-4,1.383666182E-3,9.996102452E-1,1.768051971E2,1.603978109E-1,-6.381339056E-2,1.768051042E2
3.472820619E1,2.786448362E-2,5.279447068E-4,1.390857855E-3,9.996106029E-1,1.768065520E2,1.610045422E-1,-5.603340094E-2,1.768064698E2
3.473320619E1,2.783658990E-2,5.304270308E-4,1.391564030E-3,9.996113777E-1,1.768097497E2,1.610917879E-1,-5.631998391E-2,1.768096670E2
3.473820619E1,2.781644224E-2,5.911635817E-4,1.384608331E-3,9.996119142E-1,1.768120593E2,1.604875110E-1,-6.330259962E-2,1.768119670E2
3.474320619E1,2.782871541E-2,6.379621918E-4,1.375374384E-3,9.996115565E-1,1.768106524E2,1.595798153E-1,-6.869072070E-2,1.768105530E2
3.474820619E1,2.785893677E-2,6.249584840E-4,1.376009430E-3,9.996107221E-1,1.768071879E2,1.596131179E-1,-6.719433316E-2,1.768070907E2
3.475320619E1,2.787060210E-2,5.668932572E-4,1.381418668E-3,9.996104240E-1,1.768058506E2,1.600480540E-1,-6.052399991E-2,1.768057625E2
3.475820619E1,2.784959251E-2,5.391617306E-4,1.384926029E-3,9.996110201E-1,1.768082591E2,1.603600330E-1,-5.733960683E-2,1.768081753E2
3.476320619E1,2.782333447E-2,5.700971815E-4,1.384055940E-3,9.996117353E-1,1.768112692E2,1.603575005E-1,-6.089015937E-2,1.768111804E2
3.476820619E1,2.782670195E-2,6.210553693E-4,1.380520756E-3,9.996116161E-1,1.768108832E2,1.601152644E-1,-6.673800405E-2,1.768107863E2
3.477320619E1,2.784795395E-2,6.343525602E-4,1.377525274E-3,9.996110201E-1,1.768084469E2,1.598159960E-1,-6.826731285E-2,1.768083481E2
3.477820619E1,2.786993371E-2,5.981189897E-4,1.381736598E-3,9.996104240E-1,1.768059273E2,1.601841644E-1,-6.409990386E-2,1.768058340E2
3.478320619E1,2.786422651E-2,5.629656371E-4,1.382247894E-3,9.996106029E-1,1.768065815E2,1.601301116E-1,-6.007247594E-2,1.768064940E2
3.478820619E1,2.785521910E-2,5.779651110E-4,1.385183074E-3,9.996108413E-1,1.768076141E2,1.605136690E-1,-6.178269420E-2,1.768075240E2
3.479320619E1,2.784380851E-2,6.138411118E-4,1.384095056E-3,9.996111393E-1,1.768089222E2,1.605028125E-1,-6.589748742E-2,1.768088262E2
3.479820619E1,2.784979585E-2,6.353651988E-4,1.383063034E-3,9.996109605E-1,1.768082358E2,1.604536891E-1,-6.836533959E-2,1.768081364E2
3.480320619E1,2.787132089E-2,6.246712874E-4,1.385123585E-3,9.996103644E-1,1.768057682E2,1.606570340E-1,-6.713034835E-2,1.768056704E2
3.480820619E1,2.788451912E-2,6.005445612E-4,1.388245844E-3,9.996100068E-1,1.768042552E2,1.609384665E-1,-6.435460845E-2,1.768041612E2
3.481320619E1,2.787418640E-2,5.881170509E-4,1.386478776E-3,9.996103048E-1,1.768054398E2,1.606956899E-1,-6.293838329E-2,1.768053479E2
3.481820619E1,2.786091109E-2,6.085523637E-4,1.386648160E-3,9.996106625E-1,1.768069616E2,1.607795045E-1,-6.528077988E-2,1.768068663E2
3.482320619E1,2.785814353E-2,6.302013644E-4,1.389610698E-3,9.996107221E-1,1.768072788E2,1.611877908E-1,-6.775159515E-2,1.768071798E2
3.482820619E1,2.787297629E-2,6.317748339E-4,1.391591271E-3,9.996103048E-1,1.768055785E2,1.614206914E-1,-6.792311330E-2,1.768054791E2
3.483320619E1,2.788217422E-2,6.141149206E-4,1.386487507E-3,9.996100664E-1,1.768045241E2,1.607802650E-1,-6.591504687E-2,1.768044279E2
3.483820619E1,2.787601888E-2,5.932714557E-4,1.390408492E-3,9.996102452E-1,1.768052297E2,1.611624095E-1,-6.351595664E-2,1.768051367E2
3.484320619E1,2.786329014E-2,5.976739340E-4,1.386545016E-3,9.996106029E-1,1.768066889E2,1.607331082E-1,-6.403463542E-2,1.768065954E2
3.484820619E1,2.786102955E-2,6.170169800E-4,1.380513771E-3,9.996106625E-1,1.768069480E2,1.601038618E-1,-6.626994252E-2,1.768068518E2
3.485320619E1,2.787166354E-2,6.301796529E-4,1.375701628E-3,9.996103644E-1,1.768057290E2,1.595953927E-1,-6.779135306E-2,1.768056309E2
3.485820619E1,2.787805589E-2,6.206023390E-4,1.380453119E-3,9.996101856E-1,1.768049962E2,1.601094978E-1,-6.667810109E-2,1.768048993E2
3.486320619E1,2.788259890E-2,6.102233310E-4,1.379648456E-3,9.996100664E-1,1.768044754E2,1.599844639E-1,-6.549106121E-2,1.768043803E2
3.486820619E1,2.788261143E-2,6.161039928E-4,1.376778819E-3,9.996100664E-1,1.768044739E2,1.596745469E-1,-6.617383993E-2,1.768043781E2
3.487320619E1,2.787822841E-2,6.278012297E-4,1.373697422E-3,9.996101856E-1,1.768049764E2,1.593586629E-1,-6.752426673E-2,1.768048788E2
3.487820619E1,2.787789801E-2,6.319502136E-4,1.378491987E-3,9.996101856E-1,1.768050143E2,1.599210999E-1,-6.798425567E-2,1.768049157E2
3.488320619E1,2.788652737E-2,6.302967086E-4,1.377594657E-3,9.996099472E-1,1.768040250E2,1.598136159E-1,-6.779633881E-2,1.768039268E2
3.488820619E1,2.788891052E-2,6.213844172E-4,1.376649598E-3,9.996098876E-1,1.768037518E2,1.596770389E-1,-6.677810290E-2,1.768036551E2
3.489320619E1,2.788864063E-2,6.207633414E-4,1.382385381E-3,9.996098876E-1,1.768037828E2,1.603320534E-1,-6.668867271E-2,1.768036858E2
3.489820619E1,2.788411439E-2,6.269173464E-4,1.384711592E-3,9.996100068E-1,1.768043016E2,1.606178779E-1,-6.738688776E-2,1.768042035E2
3.490320619E1,2.787996074E-2,6.253260071E-4,1.383010298E-3,9.996101260E-1,1.768047778E2,1.604176351E-1,-6.721070764E-2,1.768046800E2
3.490820619E1,2.788438149E-2,6.242878735E-4,1.380514470E-3,9.996100068E-1,1.768042710E2,1.601287248E-1,-6.709905842E-2,1.768041736E2
3.491320619E1,2.788430868E-2,6.181679782E-4,1.384732663E-3,9.996100068E-1,1.768042794E2,1.605923452E-1,-6.638457619E-2,1.768041827E2
3.491820619E1,2.789489846E-2,6.250452134E-4,1.383495284E-3,9.996097088E-1,1.768030654E2,1.604732955E-1,-6.717459607E-2,1.768029676E2
3.492320619E1,2.789513441E-2,6.304258131E-4,1.376277651E-3,9.996097088E-1,1.768030384E2,1.596637531E-1,-6.781396128E-2,1.768029402E2
3.492820619E1,2.788676923E-2,6.225073594E-4,1.376239816E-3,9.996099472E-1,1.768039973E2,1.596335453E-1,-6.690838402E-2,1.768039005E2
3.493320619E1,2.788439845E-2,6.195423775E-4,1.382308663E-3,9.996100068E-1,1.768042691E2,1.603190809E-1,-6.654974064E-2,1.768041723E2
3.493820619E1,2.789471933E-2,6.283252733E-4,1.385619631E-3,9.996097088E-1,1.768030859E2,1.607271070E-1,-6.754355473E-2,1.768029875E2
3.494320619E1,2.789695574E-2,6.349011092E-4,1.380588510E-3,9.996096492E-1,1.768028296E2,1.601719809E-1,-6.831252029E-2,1.768027304E2
3.494820619E1,2.789267482E-2,6.292636390E-4,1.383349882E-3,9.996097684E-1,1.768033203E2,1.604699751E-1,-6.765862528E-2,1.768032219E2
3.495320619E1,2.789069303E-2,6.225711550E-4,1.383265131E-3,9.996098280E-1,1.768035475E2,1.604387416E-1,-6.689261111E-2,1.768034502E2
3.495820619E1,2.788641994E-2,6.173088914E-4,1.385626965E-3,9.996099472E-1,1.768040373E2,1.606921797E-1,-6.628297340E-2,1.768039407E2
3.496320619E1,2.787176971E-2,6.104443455E-4,1.382432994E-3,9.996103644E-1,1.768057168E2,1.603034214E-1,-6.550921719E-2,1.768056215E2
3.496820619E1,2.787384391E-2,6.153464783E-4,1.381537993E-3,9.996103048E-1,1.768054790E2,1.602166968E-1,-6.607326767E-2,1.768053830E2
3.497320619E1,2.787998978E-2,6.221976364E-4,1.383835683E-3,9.996101260E-1,1.768047745E2,1.605021870E-1,-6.684972073E-2,1.768046772E2
3.497820619E1,2.788452542E-2,6.199116469E-4,1.379579189E-3,9.996100068E-1,1.768042545E2,1.600076159E-1,-6.660074079E-2,1.768041579E2
3.498320619E1,2.787190312E-2,6.038017455E-4,1.382660354E-3,9.996103644E-1,1.768057015E2,1.603082559E-1,-6.474758009E-2,1.768056073E2
3.498820619E1,2.786550582E-2,5.953576765E-4,1.385985641E-3,9.996105433E-1,1.768064349E2,1.606617784E-1,-6.377074512E-2,1.768063418E2
3.499320619E1,2.786755737E-2,6.063078181E-4,1.382975490E-3,9.996104836E-1,1.768061997E2,1.603520760E-1,-6.503433363E-2,1.768061050E2
3.499820619E1,2.786956815E-2,6.205292884E-4,1.379225054E-3,9.996104240E-1,1.768059692E2,1.599680268E-1,-6.667501495E-2,1.768058724E2
3.500320619E1,2.786964834E-2,6.181655917E-4,1.378665911E-3,9.996104240E-1,1.768059600E2,1.598964345E-1,-6.640603362E-2,1.768058637E2
3.500820619E1,2.786356821E-2,5.969273043E-4,1.381268608E-3,9.996106029E-1,1.768066570E2,1.601263440E-1,-6.396591425E-2,1.768065640E2
3.501320619E1,2.786159297E-2,5.905873259E-4,1.380702481E-3,9.996106625E-1,1.768068834E2,1.600411258E-1,-6.324181285E-2,1.768067915E2
3.501820619E1,2.785721344E-2,6.004028837E-4,1.378530171E-3,9.996107817E-1,1.768073855E2,1.598233526E-1,-6.437379128E-2,1.768072921E2
3.502320619E1,2.785068134E-2,6.075096899E-4,1.377738081E-3,9.996109605E-1,1.768081343E2,1.597548832E-1,-6.519142705E-2,1.768080398E2
3.502820619E1,2.785942977E-2,6.040988956E-4,1.375343651E-3,9.996107221E-1,1.768071314E2,1.594702886E-1,-6.480697706E-2,1.768070376E2
3.503320619E1,2.785358906E-2,5.890697357E-4,1.370188780E-3,9.996109009E-1,1.768078010E2,1.588314596E-1,-6.310281738E-2,1.768077099E2
3.503820619E1,2.784948856E-2,5.798802595E-4,1.370490529E-3,9.996110201E-1,1.768082710E2,1.588364362E-1,-6.204987886E-2,1.768081815E2
3.504320619E1,2.783866489E-2,5.786363035E-4,1.373543055E-3,9.996113181E-1,1.768095118E2,1.591814544E-1,-6.189936916E-2,1.768094223E2
3.504820619E1,2.784668275E-2,5.959788105E-4,1.377107226E-3,9.996110797E-1,1.768085927E2,1.596455615E-1,-6.387325130E-2,1.768085001E2
3.505320619E1,2.785306423E-2,5.996547407E-4,1.376252621E-3,9.996109009E-1,1.768078611E2,1.595598102E-1,-6.429602666E-2,1.768077680E2
3.505820619E1,2.785542572E-2,5.884293350E-4,1.376595697E-3,9.996108413E-1,1.768075904E2,1.595634260E-1,-6.300871811E-2,1.768074991E2
3.506320619E1,2.785123700E-2,5.704219802E-4,1.382352202E-3,9.996109605E-1,1.768080706E2,1.601650782E-1,-6.092832563E-2,1.768079819E2
3.506820619E1,2.784880154E-2,5.728037213E-4,1.387323602E-3,9.996110201E-1,1.768083498E2,1.607419914E-1,-6.118567180E-2,1.768082603E2
3.507320619E1,2.785469116E-2,5.953927757E-4,1.388414530E-3,9.996108413E-1,1.768076746E2,1.609394231E-1,-6.376875077E-2,1.768075814E2
3.507820619E1,2.785904262E-2,6.018982967E-4,1.384122646E-3,9.996107221E-1,1.768071758E2,1.604688474E-1,-6.452693984E-2,1.768070818E2
3.508320619E1,2.786752958E-2,5.954328808E-4,1.388250384E-3,9.996104836E-1,1.768062029E2,1.609215678E-1,-6.377180186E-2,1.768061097E2
3.508820619E1,2.787411797E-2,5.870282766E-4,1.388314879E-3,9.996103048E-1,1.768054476E2,1.609025279E-1,-6.280781360E-2,1.768053558E2
3.509320619E1,2.786560838E-2,5.824758555E-4,1.389392884E-3,9.996105433E-1,1.768064231E2,1.610109380E-1,-6.228427499E-2,1.768063320E2
3.509820619E1,2.785486575E-2,5.870971363E-4,1.388444449E-3,9.996108413E-1,1.768076546E2,1.609163800E-1,-6.281838659E-2,1.768075628E2
3.510320619E1,2.785885553E-2,5.995483953E-4,1.388899866E-3,9.996107221E-1,1.768071972E2,1.610085502E-1,-6.424254454E-2,1.768071033E2
3.510820619E1,2.786518457E-2,5.988191115E-4,1.390944235E-3,9.996105433E-1,1.768064717E2,1.612408049E-1,-6.415145977E-2,1.768063778E2
3.511320619E1,2.786544402E-2,5.819736398E-4,1.392895356E-3,9.996105433E-1,1.768064419E2,1.614105223E-1,-6.221558995E-2,1.768063507E2
3.511820619E1,2.785697500E-2,5.648892839E-4,1.398218097E-3,9.996107817E-1,1.768074128E2,1.619651597E-1,-6.024300438E-2,1.768073240E2
3.512320619E1,2.785044455E-2,5.735764862E-4,1.396935782E-3,9.996109605E-1,1.768081614E2,1.618456074E-1,-6.124324805E-2,1.768080713E2
3.512820619E1,2.786095857E-2,5.959670525E-4,1.391152851E-3,9.996106625E-1,1.768069561E2,1.612553237E-1,-6.382478065E-2,1.768068627E2
3.513320619E1,2.787381279E-2,6.035064580E-4,1.387376338E-3,9.996103048E-1,1.768054826E2,1.608476392E-1,-6.469838576E-2,1.768053881E2
3.513820619E1,2.787416145E-2,5.850818707E-4,1.388263539E-3,9.996103048E-1,1.768054426E2,1.608904323E-1,-6.258501576E-2,1.768053511E2
3.514320619E1,2.786584941E-2,5.678343005E-4,1.390619436E-3,9.996105433E-1,1.768063955E2,1.611046939E-1,-6.060317384E-2,1.768063067E2
3.514820619E1,2.785709119E-2,5.716681480E-4,1.393138780E-3,9.996107817E-1,1.768073995E2,1.614049862E-1,-6.103569861E-2,1.768073099E2
3.515320619E1,2.786301735E-2,5.921589909E-4,1.394370920E-3,9.996106029E-1,1.768067201E2,1.616119163E-1,-6.337797145E-2,1.768066271E2
3.515820619E1,2.786515857E-2,5.989959463E-4,1.391388825E-3,9.996105433E-1,1.768064747E2,1.612922945E-1,-6.417030019E-2,1.768063807E2
3.516320619E1,2.787590421E-2,5.914064241E-4,1.393498736E-3,9.996102452E-1,1.768052428E2,1.615104230E-1,-6.329246989E-2,1.768051500E2
3.516820619E1,2.787376983E-2,5.747483228E-4,1.400390058E-3,9.996103048E-1,1.768054875E2,1.622464572E-1,-6.136266814E-2,1.768053970E2
3.517320619E1,2.785868894E-2,5.651148967E-4,1.406566123E-3,9.996107221E-1,1.768072163E2,1.629222267E-1,-6.024191918E-2,1.768071270E2
3.517820619E1,2.786461498E-2,5.900564720E-4,1.406018040E-3,9.996105433E-1,1.768065370E2,1.629394489E-1,-6.309968504E-2,1.768064435E2
3.518320619E1,2.787935443E-2,6.145706866E-4,1.399950241E-3,9.996101260E-1,1.768048473E2,1.623236534E-1,-6.592469573E-2,1.768047502E2
3.518820619E1,2.788397951E-2,6.043406902E-4,1.397406799E-3,9.996100068E-1,1.768043171E2,1.619999239E-1,-6.476025754E-2,1.768042219E2
3.519320619E1,2.788012107E-2,5.735186860E-4,1.402100781E-3,9.996101260E-1,1.768047594E2,1.624388768E-1,-6.121532054E-2,1.768046690E2
3.519820619E1,2.787371736E-2,5.663988413E-4,1.404829440E-3,9.996103048E-1,1.768054935E2,1.627283015E-1,-6.039208896E-2,1.768054041E2
3.520320619E1,2.787338448E-2,5.912315683E-4,1.401197864E-3,9.996103048E-1,1.768055317E2,1.623916184E-1,-6.324825563E-2,1.768054384E2
3.520820619E1,2.787557989E-2,6.083230837E-4,1.392703969E-3,9.996102452E-1,1.768052800E2,1.614734059E-1,-6.523281249E-2,1.768051844E2
3.521320619E1,2.788425027E-2,6.016638945E-4,1.393152634E-3,9.996100068E-1,1.768042861E2,1.615040849E-1,-6.446718876E-2,1.768041915E2
3.521820619E1,2.788879406E-2,5.801052903E-4,1.396873733E-3,9.996098876E-1,1.768037652E2,1.618617159E-1,-6.198509136E-2,1.768036740E2
3.522320619E1,2.787646278E-2,5.638891016E-4,1.393731567E-3,9.996102452E-1,1.768051788E2,1.614492195E-1,-6.013961122E-2,1.768050905E2
3.522820619E1,2.786559685E-2,5.702908966E-4,1.394669176E-3,9.996105433E-1,1.768064244E2,1.615764100E-1,-6.087167831E-2,1.768063350E2
3.523320619E1,2.787374532E-2,5.990569480E-4,1.390656456E-3,9.996103048E-1,1.768054903E2,1.612091498E-1,-6.417824155E-2,1.768053964E2
3.523820619E1,2.789309177E-2,6.089333910E-4,1.384041039E-3,9.996097684E-1,1.768032725E2,1.604841857E-1,-6.532758276E-2,1.768031774E2
3.524320619E1,2.789384045E-2,5.841254606E-4,1.379637746E-3,9.996097684E-1,1.768031867E2,1.599005472E-1,-6.249986686E-2,1.768030959E2
3.524820619E1,2.788760173E-2,5.622152821E-4,1.385291805E-3,9.996099472E-1,1.768039019E2,1.604777896E-1,-5.997305291E-2,1.768038143E2
3.525320619E1,2.788713872E-2,5.765564856E-4,1.388713834E-3,9.996099472E-1,1.768039549E2,1.609155784E-1,-6.160493165E-2,1.768038648E2
3.525820619E1,2.788870074E-2,6.091481773E-4,1.386333955E-3,9.996098876E-1,1.768037759E2,1.607472323E-1,-6.534556288E-2,1.768036806E2
3.526320619E1,2.789727803E-2,6.183088408E-4,1.381606329E-3,9.996096492E-1,1.768027926E2,1.602355443E-1,-6.640862251E-2,1.768026961E2
3.526820619E1,2.790413513E-2,5.964841112E-4,1.382100279E-3,9.996094704E-1,1.768020065E2,1.602227880E-1,-6.390599006E-2,1.768019136E2
3.527320619E1,2.790007587E-2,5.711111589E-4,1.388533274E-3,9.996095896E-1,1.768024719E2,1.608782823E-1,-6.097968132E-2,1.768023827E2
3.527820619E1,2.788714877E-2,5.719369510E-4,1.390421297E-3,9.996099472E-1,1.768039538E2,1.610964006E-1,-6.107032013E-2,1.768038643E2
3.528320619E1,2.787625526E-2,5.883821286E-4,1.387744443E-3,9.996102452E-1,1.768052026E2,1.608416456E-1,-6.296437139E-2,1.768051106E2
3.528820619E1,2.788876963E-2,6.035419647E-4,1.387399738E-3,9.996098876E-1,1.768037680E2,1.608514011E-1,-6.469997144E-2,1.768036735E2
3.529320619E1,2.790154131E-2,5.972173531E-4,1.391011523E-3,9.996095300E-1,1.768023039E2,1.612457239E-1,-6.396190374E-2,1.768022102E2
3.529820619E1,2.786373840E-2,5.707248929E-4,1.388889505E-3,9.996106029E-1,1.768066375E2,1.609156373E-1,-6.094014640E-2,1.768065483E2
3.530320619E1,2.784479558E-2,5.542430445E-4,1.389376121E-3,9.996111393E-1,1.768088090E2,1.609176288E-1,-5.905369634E-2,1.768087225E2
3.530820619E1,2.786151010E-2,5.693425192E-4,1.391258324E-3,9.996106625E-1,1.768068929E2,1.611824292E-1,-6.077459525E-2,1.768068038E2
3.531320619E1,2.789961217E-2,5.997601547E-4,1.385768759E-3,9.996095896E-1,1.768025250E2,1.606531872E-1,-6.427024679E-2,1.768024313E2
3.531820619E1,2.789370178E-2,5.956218229E-4,1.377524459E-3,9.996097684E-1,1.768032026E2,1.596952174E-1,-6.382351645E-2,1.768031100E2
3.532320619E1,2.785157221E-2,5.608589272E-4,1.379508642E-3,9.996109605E-1,1.768080322E2,1.598088531E-1,-5.984192848E-2,1.768079452E2
3.532820619E1,2.783448790E-2,5.464125425E-4,1.384591800E-3,9.996114373E-1,1.768099906E2,1.603440106E-1,-5.817365519E-2,1.768099057E2
3.533320619E1,2.785997800E-2,5.664066994E-4,1.380268834E-3,9.996107221E-1,1.768070685E2,1.599141470E-1,-6.047363817E-2,1.768069806E2
3.533820619E1,2.788529835E-2,5.900018150E-4,1.377069624E-3,9.996100068E-1,1.768041659E2,1.596246210E-1,-6.318255792E-2,1.768040743E2
3.534320619E1,2.788737399E-2,5.916404771E-4,1.377600478E-3,9.996099472E-1,1.768039280E2,1.596907971E-1,-6.336823363E-2,1.768038361E2
3.534820619E1,2.787038633E-2,5.773178418E-4,1.381454640E-3,9.996104240E-1,1.768058754E2,1.600854574E-1,-6.171802388E-2,1.768057856E2
3.535320619E1,2.784925765E-2,5.616793642E-4,1.382708549E-3,9.996110201E-1,1.768082975E2,1.601778737E-1,-5.992606499E-2,1.768082102E2
3.535820619E1,2.784724833E-2,5.620940356E-4,1.379915164E-3,9.996110797E-1,1.768085278E2,1.598591019E-1,-5.998280044E-2,1.768084406E2
3.536320619E1,2.786816256E-2,5.787836271E-4,1.382573391E-3,9.996104836E-1,1.768061303E2,1.602181512E-1,-6.188270847E-2,1.768060402E2
3.536820619E1,2.789562823E-2,6.005124305E-4,1.379641704E-3,9.996097088E-1,1.768029817E2,1.599534995E-1,-6.437664427E-2,1.768028883E2
3.537320619E1,2.789376688E-2,6.004790775E-4,1.374093234E-3,9.996097684E-1,1.768031951E2,1.593177116E-1,-6.439085725E-2,1.768031020E2
3.537820619E1,2.785794216E-2,5.735699087E-4,1.375225722E-3,9.996107817E-1,1.768073019E2,1.593592182E-1,-6.131058741E-2,1.768072131E2
3.538320619E1,2.784297524E-2,5.606398336E-4,1.380377566E-3,9.996111989E-1,1.768090177E2,1.599071722E-1,-5.981543391E-2,1.768089307E2
3.538820619E1,2.786585017E-2,5.821579252E-4,1.384668751E-3,9.996105433E-1,1.768063954E2,1.604688014E-1,-6.226290361E-2,1.768063046E2
3.539320619E1,2.789359465E-2,6.046207855E-4,1.375772292E-3,9.996097684E-1,1.768032149E2,1.595232714E-1,-6.485993733E-2,1.768031210E2
3.539820619E1,2.788316148E-2,5.956774694E-4,1.374626532E-3,9.996100664E-1,1.768044109E2,1.593627730E-1,-6.384083414E-2,1.768043185E2
3.540320619E1,2.785556565E-2,5.748406402E-4,1.379502588E-3,9.996108413E-1,1.768075744E2,1.598530322E-1,-6.144287253E-2,1.768074851E2
3.540820619E1,2.784709673E-2,5.639227456E-4,1.382226474E-3,9.996110797E-1,1.768085452E2,1.601296830E-1,-6.018492228E-2,1.768084575E2
3.541320619E1,2.785381465E-2,5.700939219E-4,1.373625244E-3,9.996109009E-1,1.768077751E2,1.591645391E-1,-6.091819012E-2,1.768076869E2
3.541820619E1,2.787066407E-2,5.829383153E-4,1.373467967E-3,9.996104240E-1,1.768058435E2,1.591885753E-1,-6.238729560E-2,1.768057533E2
3.542320619E1,2.788522365E-2,5.954014487E-4,1.376257977E-3,9.996100068E-1,1.768041745E2,1.595488999E-1,-6.380367476E-2,1.768040821E2
3.542820619E1,2.788317550E-2,5.913185887E-4,1.376223285E-3,9.996100664E-1,1.768044093E2,1.595317487E-1,-6.333643355E-2,1.768043175E2
3.543320619E1,2.784967883E-2,5.657962174E-4,1.372509403E-3,9.996110201E-1,1.768082492E2,1.590227540E-1,-6.043012058E-2,1.768081618E2
3.543820619E1,2.783475913E-2,5.520029808E-4,1.376900356E-3,9.996114373E-1,1.768099595E2,1.594808250E-1,-5.883851348E-2,1.768098741E2
3.544320619E1,2.784710876E-2,5.627495120E-4,1.382462215E-3,9.996110797E-1,1.768085438E2,1.601529430E-1,-6.004977766E-2,1.768084563E2
3.544820619E1,2.787875194E-2,5.882756086E-4,1.380550792E-3,9.996101856E-1,1.768049164E2,1.600174500E-1,-6.297475015E-2,1.768048248E2
3.545320619E1,2.787267507E-2,5.843113177E-4,1.375454362E-3,9.996103644E-1,1.768056130E2,1.594206225E-1,-6.253790389E-2,1.768055224E2
3.545820619E1,2.784320983E-2,5.594831891E-4,1.376108383E-3,9.996111989E-1,1.768089908E2,1.594144723E-1,-5.969652782E-2,1.768089042E2
3.546320619E1,2.783253504E-2,5.517626414E-4,1.378682675E-3,9.996114969E-1,1.768102145E2,1.596840873E-1,-5.880565350E-2,1.768101290E2
3.546820619E1,2.784531632E-2,5.617333227E-4,1.375865890E-3,9.996111393E-1,1.768087493E2,1.593940015E-1,-5.995471177E-2,1.768086624E2
3.547320619E1,2.786844475E-2,5.788729759E-4,1.376836095E-3,9.996104836E-1,1.768060980E2,1.595612628E-1,-6.191122039E-2,1.768060082E2
3.547820619E1,2.787675127E-2,5.858155782E-4,1.378838089E-3,9.996102452E-1,1.768051457E2,1.598132796E-1,-6.269875279E-2,1.768050547E2
3.548320619E1,2.786842084E-2,5.799224018E-4,1.376878470E-3,9.996104836E-1,1.768061007E2,1.595694669E-1,-6.203129742E-2,1.768060107E2
3.548820619E1,2.784318934E-2,5.640827003E-4,1.374644460E-3,9.996111989E-1,1.768089931E2,1.592614590E-1,-6.022806236E-2,1.768089059E2
3.549320619E1,2.783045409E-2,5.539326230E-4,1.376602915E-3,9.996115565E-1,1.768104531E2,1.594526549E-1,-5.906118378E-2,1.768103674E2
3.549820619E1,2.785137468E-2,5.688469973E-4,1.380225527E-3,9.996109605E-1,1.768080548E2,1.599164548E-1,-6.075468154E-2,1.768079665E2
3.550320619E1,2.787856717E-2,5.908876774E-4,1.383163966E-3,9.996101856E-1,1.768049376E2,1.603251155E-1,-6.326563574E-2,1.768048454E2
3.550820619E1,2.787429456E-2,5.899715470E-4,1.383513329E-3,9.996103048E-1,1.768054274E2,1.603619370E-1,-6.316026514E-2,1.768053354E2
3.551320619E1,2.784252057E-2,5.656067515E-4,1.387503813E-3,9.996111989E-1,1.768090698E2,1.607392857E-1,-6.036171529E-2,1.768089815E2
3.551820619E1,2.783612535E-2,5.603333702E-4,1.389133744E-3,9.996113777E-1,1.768098029E2,1.609087814E-1,-5.975349409E-2,1.768097154E2
3.552320619E1,2.785501894E-2,5.761138746E-4,1.389971003E-3,9.996108413E-1,1.768076370E2,1.610561912E-1,-6.155538950E-2,1.768075469E2
3.552820619E1,2.787405121E-2,5.906635197E-4,1.388113364E-3,9.996103048E-1,1.768054553E2,1.608910532E-1,-6.322487397E-2,1.768053628E2
3.553320619E1,2.788064639E-2,5.963612348E-4,1.381980954E-3,9.996101260E-1,1.768046992E2,1.602072253E-1,-6.389606107E-2,1.768046063E2
3.553820619E1,2.787225049E-2,5.905505386E-4,1.381380716E-3,9.996103644E-1,1.768056617E2,1.601193725E-1,-6.323372638E-2,1.768055697E2
3.554320619E1,2.784901439E-2,5.721622147E-4,1.383309951E-3,9.996110201E-1,1.768083254E2,1.602802043E-1,-6.112496389E-2,1.768082363E2
3.554820619E1,2.783850153E-2,5.632619141E-4,1.383210882E-3,9.996113181E-1,1.768095305E2,1.602398185E-1,-6.010746244E-2,1.768094429E2
3.555320619E1,2.785712156E-2,5.781137734E-4,1.389867859E-3,9.996107817E-1,1.768073960E2,1.610508904E-1,-6.178446237E-2,1.768073055E2
3.555820619E1,2.788061523E-2,5.970371421E-4,1.382317627E-3,9.996101260E-1,1.768047028E2,1.602479479E-1,-6.397241350E-2,1.768046097E2
3.556320619E1,2.788291559E-2,5.997421104E-4,1.377843204E-3,9.996100664E-1,1.768044391E2,1.597442061E-1,-6.429618734E-2,1.768043458E2
3.556820619E1,2.785145720E-2,5.759534542E-4,1.375605585E-3,9.996109605E-1,1.768080453E2,1.594099405E-1,-6.158343687E-2,1.768079561E2
3.557320619E1,2.783876762E-2,5.649685045E-4,1.377146225E-3,9.996113181E-1,1.768095000E2,1.595505891E-1,-6.032225202E-2,1.768094125E2
3.557820619E1,2.785333293E-2,5.765516544E-4,1.380679896E-3,9.996109009E-1,1.768078303E2,1.599932140E-1,-6.163546333E-2,1.768077407E2
3.558320619E1,2.787247059E-2,5.928181345E-4,1.375957741E-3,9.996103644E-1,1.768056364E2,1.595054431E-1,-6.351075851E-2,1.768055445E2
3.558820619E1,2.788091696E-2,5.965454038E-4,1.376431785E-3,9.996101260E-1,1.768046682E2,1.595721894E-1,-6.393484337E-2,1.768045756E2
3.559320619E1,2.786605312E-2,5.848163855E-4,1.379454508E-3,9.996105433E-1,1.768063721E2,1.598800268E-1,-6.258404026E-2,1.768062812E2
3.559820619E1,2.784898837E-2,5.707532400E-4,1.384415315E-3,9.996110201E-1,1.768083284E2,1.604023223E-1,-6.096004662E-2,1.768082394E2
3.560320619E1,2.784501425E-2,5.666582147E-4,1.379953814E-3,9.996111393E-1,1.768087839E2,1.598779596E-1,-6.050584753E-2,1.768086960E2
3.560820619E1,2.786370431E-2,5.813907483E-4,1.385144540E-3,9.996106029E-1,1.768066414E2,1.605207183E-1,-6.217385108E-2,1.768065507E2
3.561320619E1,2.788464011E-2,5.983445444E-4,1.386764809E-3,9.996100068E-1,1.768042414E2,1.607617954E-1,-6.410731644E-2,1.768041478E2
3.561820619E1,2.788271040E-2,5.965444725E-4,1.383372582E-3,9.996100664E-1,1.768044626E2,1.603673498E-1,-6.391227302E-2,1.768043695E2
3.562320619E1,2.785744591E-2,5.764171947E-4,1.384059433E-3,9.996107817E-1,1.768073588E2,1.603801549E-1,-6.160861451E-2,1.768072690E2
3.562820619E1,2.784682697E-2,5.683640484E-4,1.385837444E-3,9.996110797E-1,1.768085761E2,1.605574670E-1,-6.068218050E-2,1.768084875E2
3.563320619E1,2.786162033E-2,5.800878280E-4,1.384595991E-3,9.996106625E-1,1.768068803E2,1.604535937E-1,-6.202669156E-2,1.768067898E2
3.563820619E1,2.788087759E-2,5.958414986E-4,1.377533656E-3,9.996101260E-1,1.768046727E2,1.596961540E-1,-6.385069900E-2,1.768045801E2
3.564320619E1,2.788293144E-2,5.967664183E-4,1.378813991E-3,9.996100664E-1,1.768044373E2,1.598458995E-1,-6.395222658E-2,1.768043444E2
3.564820619E1,2.787852656E-2,5.934338551E-4,1.382892369E-3,9.996101856E-1,1.768049422E2,1.603021371E-1,-6.355816675E-2,1.768048497E2
3.565320619E1,2.787216991E-2,5.876476644E-4,1.384241623E-3,9.996103644E-1,1.768056709E2,1.604378039E-1,-6.289208616E-2,1.768055792E2
3.565820619E1,2.786596366E-2,5.818422651E-4,1.382515999E-3,9.996105433E-1,1.768063824E2,1.602212086E-1,-6.223360186E-2,1.768062918E2
3.566320619E1,2.786771102E-2,5.833251053E-4,1.389747718E-3,9.996104836E-1,1.768061821E2,1.610544264E-1,-6.238008212E-2,1.768060908E2
3.566820619E1,2.788630858E-2,5.959718255E-4,1.397161745E-3,9.996099472E-1,1.768040501E2,1.619452591E-1,-6.380203574E-2,1.768039563E2
3.567320619E1,2.789050302E-2,6.000964204E-4,1.396961277E-3,9.996098280E-1,1.768035693E2,1.619357473E-1,-6.427445639E-2,1.768034748E2
3.567820619E1,2.786956320E-2,5.822999519E-4,1.395894215E-3,9.996104240E-1,1.768059697E2,1.617553318E-1,-6.224272538E-2,1.768058782E2
3.568320619E1,2.785900647E-2,5.752954748E-4,1.396111096E-3,9.996107221E-1,1.768071799E2,1.617571546E-1,-6.144139956E-2,1.768070895E2
3.568820619E1,2.786732023E-2,5.806860863E-4,1.398660475E-3,9.996104836E-1,1.768062269E2,1.620669055E-1,-6.204939102E-2,1.768061354E2
3.569320619E1,2.788028174E-2,5.908020539E-4,1.391691156E-3,9.996101260E-1,1.768047410E2,1.613017159E-1,-6.322830898E-2,1.768046484E2
3.569820619E1,2.788441905E-2,5.934288492E-4,1.393306651E-3,9.996100068E-1,1.768042667E2,1.614954222E-1,-6.352337044E-2,1.768041735E2
3.570320619E1,2.787380393E-2,5.858892109E-4,1.395084546E-3,9.996103048E-1,1.768054836E2,1.616743160E-1,-6.265576400E-2,1.768053915E2
3.570820619E1,2.786350112E-2,5.774954334E-4,1.390849706E-3,9.996106029E-1,1.768066647E2,1.611617781E-1,-6.170947052E-2,1.768065743E2
3.571320619E1,2.785942028E-2,5.738952314E-4,1.388408593E-3,9.996107221E-1,1.768071325E2,1.608704090E-1,-6.130552955E-2,1.768070428E2
3.571820619E1,2.786366806E-2,5.775326281E-4,1.387485769E-3,9.996106029E-1,1.768066455E2,1.607765775E-1,-6.172444531E-2,1.768065553E2
3.572320619E1,2.787596057E-2,5.864038831E-4,1.394484891E-3,9.996102452E-1,1.768052364E2,1.616074065E-1,-6.271628487E-2,1.768051443E2
3.572820619E1,2.788445181E-2,5.929663894E-4,1.392847742E-3,9.996100068E-1,1.768042630E2,1.614413797E-1,-6.347185821E-2,1.768041699E2
3.573320619E1,2.787403450E-2,5.852664472E-4,1.390732359E-3,9.996103048E-1,1.768054572E2,1.611738103E-1,-6.259829289E-2,1.768053655E2
3.573820619E1,2.785941967E-2,5.736295716E-4,1.388530713E-3,9.996107221E-1,1.768071326E2,1.608835492E-1,-6.127470925E-2,1.768070429E2
3.574320619E1,2.786384724E-2,5.770667922E-4,1.384077012E-3,9.996106029E-1,1.768066250E2,1.603846374E-1,-6.168194075E-2,1.768065351E2
3.574820619E1,2.787030925E-2,5.808644928E-4,1.381523092E-3,9.996104240E-1,1.768058842E2,1.601046215E-1,-6.212407564E-2,1.768057938E2
3.575320619E1,2.787682791E-2,5.865950370E-4,1.376955886E-3,9.996102452E-1,1.768051369E2,1.596001736E-1,-6.279403793E-2,1.768050459E2
3.575820619E1,2.788117895E-2,5.886097788E-4,1.374540036E-3,9.996101260E-1,1.768046382E2,1.593301556E-1,-6.303184442E-2,1.768045469E2
3.576320619E1,2.787488689E-2,5.834473995E-4,1.374315354E-3,9.996103048E-1,1.768053595E2,1.592875310E-1,-6.244223033E-2,1.768052691E2
3.576820619E1,2.786858593E-2,5.793317687E-4,1.373782172E-3,9.996104836E-1,1.768060818E2,1.592129184E-1,-6.197350418E-2,1.768059921E2
3.577320619E1,2.786852517E-2,5.794960889E-4,1.374944928E-3,9.996104836E-1,1.768060887E2,1.593466300E-1,-6.198862287E-2,1.768059990E2
3.577820619E1,2.787666854E-2,5.864541163E-4,1.380238566E-3,9.996102452E-1,1.768051552E2,1.599757350E-1,-6.276743473E-2,1.768050640E2
3.578320619E1,2.788286359E-2,5.900393007E-4,1.383074792E-3,9.996100664E-1,1.768044450E2,1.603124619E-1,-6.316805266E-2,1.768043530E2
3.578820619E1,2.788309826E-2,5.904082791E-4,1.378177665E-3,9.996100664E-1,1.768044181E2,1.597527037E-1,-6.322592796E-2,1.768043264E2
3.579320619E1,2.787664421E-2,5.847751163E-4,1.381441718E-3,9.996102452E-1,1.768051580E2,1.601081873E-1,-6.257127084E-2,1.768050670E2
3.579820619E1,2.787854199E-2,5.864113919E-4,1.385574462E-3,9.996101856E-1,1.768049404E2,1.605869280E-1,-6.274519415E-2,1.768048489E2
3.580320619E1,2.788503131E-2,5.920871627E-4,1.381574548E-3,9.996100068E-1,1.768041965E2,1.601472944E-1,-6.340707525E-2,1.768041043E2
3.580820619E1,2.788950563E-2,5.958953407E-4,1.375862281E-3,9.996098876E-1,1.768036836E2,1.595054260E-1,-6.386082975E-2,1.768035911E2
3.581320619E1,2.788712128E-2,5.941738491E-4,1.381619950E-3,9.996099472E-1,1.768039569E2,1.601592965E-1,-6.364561877E-2,1.768038644E2
3.581820619E1,2.787674294E-2,5.864826380E-4,1.378722955E-3,9.996102452E-1,1.768051467E2,1.598022218E-1,-6.277553158E-2,1.768050556E2
3.582320619E1,2.787451897E-2,5.850063171E-4,1.381098293E-3,9.996103048E-1,1.768054016E2,1.600694544E-1,-6.259919158E-2,1.768053106E2
3.582820619E1,2.788502971E-2,5.913191708E-4,1.381935785E-3,9.996100068E-1,1.768041967E2,1.601862187E-1,-6.331795010E-2,1.768041046E2
3.583320619E1,2.788693896E-2,5.928431638E-4,1.385865035E-3,9.996099472E-1,1.768039778E2,1.606412945E-1,-6.347965608E-2,1.768038852E2
3.583820619E1,2.789948185E-2,6.006442709E-4,1.388007659E-3,9.996095896E-1,1.768025400E2,1.609124651E-1,-6.436438238E-2,1.768024459E2
3.584320619E1,2.790166309E-2,6.017842679E-4,1.386593445E-3,9.996095300E-1,1.768022899E2,1.607542567E-1,-6.449913611E-2,1.768021958E2
3.584820619E1,2.788911581E-2,5.926995073E-4,1.385113341E-3,9.996098876E-1,1.768037283E2,1.605548693E-1,-6.346525323E-2,1.768036358E2
3.585320619E1,2.787441392E-2,5.813676980E-4,1.384750241E-3,9.996103048E-1,1.768054137E2,1.604761450E-1,-6.217075045E-2,1.768053230E2
3.585820619E1,2.788703884E-2,5.880720564E-4,1.385888085E-3,9.996099472E-1,1.768039664E2,1.606286933E-1,-6.293305085E-2,1.768038746E2
3.586320619E1,2.790401103E-2,6.015098188E-4,1.382427523E-3,9.996094704E-1,1.768020208E2,1.602763363E-1,-6.448064246E-2,1.768019269E2
3.586820619E1,2.790231609E-2,5.991519429E-4,1.374540851E-3,9.996095300E-1,1.768022151E2,1.593652918E-1,-6.423604435E-2,1.768021221E2
3.587320619E1,2.788762596E-2,5.871246103E-4,1.374428160E-3,9.996099472E-1,1.768038991E2,1.593130006E-1,-6.286105292E-2,1.768038081E2
3.587820619E1,2.788350907E-2,5.833110190E-4,1.372878090E-3,9.996100664E-1,1.768043710E2,1.591229993E-1,-6.242982691E-2,1.768042808E2
3.588320619E1,2.788768791E-2,5.881396355E-4,1.372736180E-3,9.996099472E-1,1.768038920E2,1.591224369E-1,-6.298271823E-2,1.768038010E2
3.588820619E1,2.789606509E-2,5.949678598E-4,1.373195788E-3,9.996097088E-1,1.768029317E2,1.591974408E-1,-6.376206715E-2,1.768028395E2
3.589320619E1,2.790848944E-2,6.037799176E-4,1.377223292E-3,9.996093512E-1,1.768015074E2,1.596877563E-1,-6.475660104E-2,1.768014135E2
3.589820619E1,2.790655591E-2,6.052596727E-4,1.372484025E-3,9.996094108E-1,1.768017290E2,1.591494942E-1,-6.494156714E-2,1.768016352E2
3.590320619E1,2.788776218E-2,5.896073417E-4,1.370596001E-3,9.996099472E-1,1.768038835E2,1.588819809E-1,-6.315766717E-2,1.768037924E2
3.590820619E1,2.787921130E-2,5.856736680E-4,1.372356433E-3,9.996101856E-1,1.768048637E2,1.590705252E-1,-6.270281181E-2,1.768047731E2
3.591320619E1,2.790236934E-2,6.036894629E-4,1.371471211E-3,9.996095300E-1,1.768022090E2,1.590281864E-1,-6.476560955E-2,1.768021155E2
3.591820619E1,2.791112400E-2,6.109205424E-4,1.363881631E-3,9.996092916E-1,1.768012054E2,1.581825191E-1,-6.561678901E-2,1.768011112E2
3.592320619E1,2.789640756E-2,5.979221314E-4,1.364930533E-3,9.996097088E-1,1.768028924E2,1.582601462E-1,-6.412683744E-2,1.768028003E2
3.592820619E1,2.788795130E-2,5.897096125E-4,1.366698416E-3,9.996099472E-1,1.768038618E2,1.584358625E-1,-6.318180789E-2,1.768037709E2
3.593320619E1,2.787964943E-2,5.833979812E-4,1.364402007E-3,9.996101856E-1,1.768048135E2,1.581521247E-1,-6.246748252E-2,1.768047238E2
3.593820619E1,2.789032460E-2,5.891632172E-4,1.362091280E-3,9.996098876E-1,1.768035897E2,1.579065318E-1,-6.313356867E-2,1.768034992E2
3.594320619E1,2.789899640E-2,5.967512261E-4,1.356153167E-3,9.996096492E-1,1.768025956E2,1.572511467E-1,-6.402036602E-2,1.768025043E2
3.594820619E1,2.790541908E-2,6.020932342E-4,1.353447908E-3,9.996094704E-1,1.768018594E2,1.569587622E-1,-6.463991673E-2,1.768017673E2
3.595320619E1,2.789703895E-2,5.952975480E-4,1.353122061E-3,9.996097088E-1,1.768028200E2,1.568991694E-1,-6.386384970E-2,1.768027291E2
3.595820619E1,2.788888153E-2,5.860571400E-4,1.349175116E-3,9.996099472E-1,1.768037552E2,1.564170037E-1,-6.281928422E-2,1.768036660E2
3.596320619E1,2.789074237E-2,5.872760084E-4,1.354329870E-3,9.996098876E-1,1.768035418E2,1.570114789E-1,-6.294213532E-2,1.768034521E2
3.596820619E1,2.790558921E-2,5.993171944E-4,1.351170475E-3,9.996094704E-1,1.768018399E2,1.566890220E-1,-6.432918630E-2,1.768017484E2
3.597320619E1,2.791635313E-2,6.073132972E-4,1.345720608E-3,9.996091723E-1,1.768006059E2,1.560910301E-1,-6.526086160E-2,1.768005135E2
3.597820619E1,2.790792006E-2,5.994103849E-4,1.347078127E-3,9.996094108E-1,1.768015727E2,1.562207036E-1,-6.435258338E-2,1.768014814E2
3.598320619E1,2.788869316E-2,5.835163756E-4,1.354160951E-3,9.996099472E-1,1.768037768E2,1.569799846E-1,-6.251234279E-2,1.768036876E2
3.598820619E1,2.788845405E-2,5.831617746E-4,1.359228743E-3,9.996099472E-1,1.768038042E2,1.575593374E-1,-6.245556586E-2,1.768037148E2
3.599320619E1,2.790755104E-2,5.982468138E-4,1.355215907E-3,9.996094108E-1,1.768016150E2,1.571491174E-1,-6.419333251E-2,1.768015234E2
3.599820619E1,2.791192505E-2,6.018212880E-4,1.351477462E-3,9.996092916E-1,1.768011135E2,1.567326042E-1,-6.461404719E-2,1.768010217E2
3.600320619E1,2.789930774E-2,5.911402404E-4,1.352199819E-3,9.996096492E-1,1.768025599E2,1.567803821E-1,-6.339023559E-2,1.768024697E2
3.600820619E1,2.788648945E-2,5.815393524E-4,1.356394030E-3,9.996100068E-1,1.768040294E2,1.572293214E-1,-6.227909085E-2,1.768039404E2
3.601320619E1,2.788871209E-2,5.833021132E-4,1.353863510E-3,9.996099472E-1,1.768037746E2,1.569452300E-1,-6.248874732E-2,1.768036855E2
3.601820619E1,2.789084306E-2,5.869539455E-4,1.352394582E-3,9.996098876E-1,1.768035303E2,1.567887741E-1,-6.291141366E-2,1.768034407E2
3.602320619E1,2.789933642E-2,5.933649372E-4,1.350632752E-3,9.996096492E-1,1.768025567E2,1.566079940E-1,-6.365007322E-2,1.768024662E2
3.602820619E1,2.790589548E-2,5.989327910E-4,1.345001278E-3,9.996094704E-1,1.768018047E2,1.559811488E-1,-6.430483442E-2,1.768017137E2
3.603320619E1,2.789320794E-2,5.890637403E-4,1.346747857E-3,9.996098280E-1,1.768032592E2,1.561488509E-1,-6.317076245E-2,1.768031697E2
3.603820619E1,2.788669922E-2,5.802151863E-4,1.352643245E-3,9.996100068E-1,1.768040053E2,1.567954609E-1,-6.213936502E-2,1.768039168E2
3.604320619E1,2.790116386E-2,5.919650430E-4,1.357592992E-3,9.996095896E-1,1.768023472E2,1.574009094E-1,-6.346717925E-2,1.768022565E2
3.604820619E1,2.791807794E-2,6.055647973E-4,1.354969805E-3,9.996091127E-1,1.768004082E2,1.571450167E-1,-6.503071650E-2,1.768003155E2
3.605320619E1,2.791173198E-2,6.000237190E-4,1.356255612E-3,9.996092916E-1,1.768011357E2,1.572741650E-1,-6.439288853E-2,1.768010438E2
3.605820619E1,2.789479040E-2,5.883465055E-4,1.358475187E-3,9.996097684E-1,1.768030778E2,1.574899900E-1,-6.305087065E-2,1.768029876E2
3.606320619E1,2.789465890E-2,5.877278745E-4,1.361440052E-3,9.996097684E-1,1.768030929E2,1.578276209E-1,-6.297055168E-2,1.768030026E2
3.606820619E1,2.789882239E-2,5.921656266E-4,1.361731556E-3,9.996096492E-1,1.768026156E2,1.578754627E-1,-6.347729291E-2,1.768025246E2
3.607320619E1,2.790924553E-2,6.000776775E-4,1.363450661E-3,9.996093512E-1,1.768014207E2,1.580983492E-1,-6.437644887E-2,1.768013283E2
3.607820619E1,2.790703429E-2,5.968764890E-4,1.366414945E-3,9.996094108E-1,1.768016742E2,1.584275188E-1,-6.400063280E-2,1.768015822E2
3.608320619E1,2.789424770E-2,5.864608102E-4,1.370382030E-3,9.996097684E-1,1.768031400E2,1.588478223E-1,-6.279689496E-2,1.768030494E2
3.608820619E1,2.787932571E-2,5.756667815E-4,1.374264946E-3,9.996101856E-1,1.768048506E2,1.592571751E-1,-6.155043823E-2,1.768047615E2
3.609320619E1,2.788962395E-2,5.828317953E-4,1.379055902E-3,9.996098876E-1,1.768036701E2,1.598295002E-1,-6.235421559E-2,1.768035795E2
3.609820619E1,2.790413791E-2,5.955231609E-4,1.382458373E-3,9.996094704E-1,1.768020062E2,1.602607338E-1,-6.379477073E-2,1.768019134E2
3.610320619E1,2.791041562E-2,5.991693470E-4,1.383450697E-3,9.996092916E-1,1.768012866E2,1.603864648E-1,-6.420824943E-2,1.768011931E2
3.610820619E1,2.789589036E-2,5.891085602E-4,1.379257999E-3,9.996097088E-1,1.768029517E2,1.598731069E-1,-6.307155133E-2,1.768028601E2
3.611320619E1,2.788099606E-2,5.786494003E-4,1.382456045E-3,9.996101260E-1,1.768046591E2,1.602050751E-1,-6.186565116E-2,1.768045690E2
3.611820619E1,2.789142383E-2,5.872898037E-4,1.383958966E-3,9.996098280E-1,1.768034637E2,1.604054940E-1,-6.284890749E-2,1.768033721E2
3.612320619E1,2.790205856E-2,5.963451113E-4,1.380974078E-3,9.996095300E-1,1.768022446E2,1.600932076E-1,-6.389400186E-2,1.768021517E2
3.612820619E1,2.790230670E-2,5.941879936E-4,1.376884407E-3,9.996095300E-1,1.768022162E2,1.596178659E-1,-6.365994767E-2,1.768021239E2
3.613320619E1,2.788742518E-2,5.813362077E-4,1.380947069E-3,9.996099472E-1,1.768039221E2,1.600412110E-1,-6.217720853E-2,1.768038317E2
3.613820619E1,2.788114483E-2,5.751486169E-4,1.380915754E-3,9.996101260E-1,1.768046421E2,1.600174626E-1,-6.146954468E-2,1.768045527E2
3.614320619E1,2.787697783E-2,5.727920216E-4,1.379728899E-3,9.996102452E-1,1.768051198E2,1.598737268E-1,-6.120406246E-2,1.768050308E2
3.614820619E1,2.788348289E-2,5.765699316E-4,1.376253320E-3,9.996100664E-1,1.768043740E2,1.594880796E-1,-6.164687550E-2,1.768042847E2
3.615320619E1,2.788774141E-2,5.801712978E-4,1.375038177E-3,9.996099472E-1,1.768038859E2,1.593606609E-1,-6.206260469E-2,1.768037960E2
3.615820619E1,2.788550117E-2,5.761508946E-4,1.378826215E-3,9.996100068E-1,1.768041427E2,1.597815827E-1,-6.159033232E-2,1.768040532E2
3.616320619E1,2.787897781E-2,5.709230900E-4,1.383272000E-3,9.996101856E-1,1.768048905E2,1.602737303E-1,-6.097834279E-2,1.768048016E2
3.616820619E1,2.787260206E-2,5.649994710E-4,1.384969335E-3,9.996103644E-1,1.768056214E2,1.604488449E-1,-6.029541125E-2,1.768055334E2
3.617320619E1,2.787892584E-2,5.698544555E-4,1.384759322E-3,9.996101856E-1,1.768048964E2,1.604406814E-1,-6.085119067E-2,1.768048077E2
3.617820619E1,2.789346008E-2,5.816092016E-4,1.388363657E-3,9.996097684E-1,1.768032303E2,1.608920078E-1,-6.218380618E-2,1.768031394E2
3.618320619E1,2.789153747E-2,5.787736736E-4,1.385255950E-3,9.996098280E-1,1.768034507E2,1.605268458E-1,-6.186924770E-2,1.768033604E2
3.618820619E1,2.787250696E-2,5.647676880E-4,1.386976219E-3,9.996103644E-1,1.768056323E2,1.606779817E-1,-6.026246641E-2,1.768055442E2
3.619320619E1,2.786630275E-2,5.592405796E-4,1.385006239E-3,9.996105433E-1,1.768063435E2,1.604343011E-1,-5.963664103E-2,1.768062564E2
3.619820619E1,2.787502745E-2,5.651470856E-4,1.379103400E-3,9.996103048E-1,1.768053433E2,1.597775364E-1,-6.033066850E-2,1.768052557E2
3.620320619E1,2.788365300E-2,5.719593610E-4,1.374729793E-3,9.996100664E-1,1.768043545E2,1.592988413E-1,-6.112358993E-2,1.768042660E2
3.620820619E1,2.787934281E-2,5.707415985E-4,1.375971246E-3,9.996101856E-1,1.768048486E2,1.594368919E-1,-6.098081964E-2,1.768047603E2
3.621320619E1,2.787937791E-2,5.694951396E-4,1.375776599E-3,9.996101856E-1,1.768048446E2,1.594106154E-1,-6.083865789E-2,1.768047564E2
3.621820619E1,2.786455243E-2,5.597324925E-4,1.376980799E-3,9.996106029E-1,1.768065442E2,1.595164758E-1,-5.971889538E-2,1.768064575E2
3.622320619E1,2.786674219E-2,5.612173700E-4,1.375331311E-3,9.996105433E-1,1.768062931E2,1.593324043E-1,-5.989390158E-2,1.768062063E2
3.622820619E1,2.787702711E-2,5.687596858E-4,1.380401314E-3,9.996102452E-1,1.768051141E2,1.599378708E-1,-6.074001486E-2,1.768050258E2
3.623320619E1,2.788770723E-2,5.777678452E-4,1.376742381E-3,9.996099472E-1,1.768038898E2,1.595481891E-1,-6.178185585E-2,1.768038002E2
3.623820619E1,2.788577756E-2,5.738846958E-4,1.374173677E-3,9.996100068E-1,1.768041110E2,1.592414226E-1,-6.134556959E-2,1.768040222E2
3.624320619E1,2.787298976E-2,5.637512077E-4,1.377656008E-3,9.996103644E-1,1.768055769E2,1.596071600E-1,-6.017572378E-2,1.768054896E2
3.624820619E1,2.787058850E-2,5.619003205E-4,1.383731025E-3,9.996104240E-1,1.768058522E2,1.602969799E-1,-5.994469117E-2,1.768057648E2
3.625320619E1,2.788344028E-2,5.714672152E-4,1.379241585E-3,9.996100664E-1,1.768043789E2,1.598140686E-1,-6.105283353E-2,1.768042902E2
3.625820619E1,2.789607576E-2,5.816557677E-4,1.378671266E-3,9.996097088E-1,1.768029304E2,1.597820840E-1,-6.221970332E-2,1.768028401E2
3.626320619E1,2.790237170E-2,5.852340837E-4,1.379399677E-3,9.996095300E-1,1.768022087E2,1.598773554E-1,-6.262625267E-2,1.768021177E2
3.626820619E1,2.789808741E-2,5.809310242E-4,1.381485257E-3,9.996096492E-1,1.768026998E2,1.601022267E-1,-6.212736839E-2,1.768026094E2
3.627320619E1,2.789208447E-2,5.766938557E-4,1.375072054E-3,9.996098280E-1,1.768033880E2,1.593536955E-1,-6.166347390E-2,1.768032987E2
3.627820619E1,2.788783869E-2,5.739842309E-4,1.375661581E-3,9.996099472E-1,1.768038747E2,1.594123024E-1,-6.135188763E-2,1.768037858E2
3.628320619E1,2.788969449E-2,5.761420471E-4,1.380439731E-3,9.996098876E-1,1.768036620E2,1.599666365E-1,-6.158349176E-2,1.768035724E2
3.628820619E1,2.790033488E-2,5.819013459E-4,1.378814923E-3,9.996095896E-1,1.768024422E2,1.597995897E-1,-6.224669342E-2,1.768023518E2
3.629320619E1,2.789422167E-2,5.786678521E-4,1.374219428E-3,9.996097684E-1,1.768031430E2,1.592624718E-1,-6.189197376E-2,1.768030534E2
3.629820619E1,2.789027292E-2,5.714006838E-4,1.370689715E-3,9.996098876E-1,1.768035957E2,1.588346811E-1,-6.107145267E-2,1.768035075E2
3.630320619E1,2.789027417E-2,5.713371793E-4,1.370690647E-3,9.996098876E-1,1.768035955E2,1.588345849E-1,-6.106417524E-2,1.768035073E2
3.630820619E1,2.790704488E-2,5.844407715E-4,1.371564576E-3,9.996094108E-1,1.768016730E2,1.589776231E-1,-6.255969054E-2,1.768015826E2
3.631320619E1,2.790700493E-2,5.844017141E-4,1.372393803E-3,9.996094108E-1,1.768016776E2,1.590724811E-1,-6.255257113E-2,1.768015872E2
3.631820619E1,2.789666891E-2,5.775433965E-4,1.368359546E-3,9.996097088E-1,1.768028624E2,1.585877959E-1,-6.178151395E-2,1.768027734E2
3.632320619E1,2.789029478E-2,5.712799612E-4,1.370295184E-3,9.996098876E-1,1.768035932E2,1.587891041E-1,-6.105888174E-2,1.768035050E2
3.632820619E1,2.789045281E-2,5.720704794E-4,1.366744167E-3,9.996098876E-1,1.768035750E2,1.583848817E-1,-6.116075745E-2,1.768034870E2
3.633320619E1,2.789642929E-2,5.768801202E-4,1.373514766E-3,9.996097088E-1,1.768028899E2,1.591761762E-1,-6.168909560E-2,1.768028007E2
3.633820619E1,2.789223870E-2,5.730321282E-4,1.373473555E-3,9.996098280E-1,1.768033703E2,1.591588969E-1,-6.124911916E-2,1.768032817E2
3.634320619E1,2.788605016E-2,5.681217299E-4,1.371032908E-3,9.996100068E-1,1.768040797E2,1.588632561E-1,-6.069543295E-2,1.768039921E2
3.634820619E1,2.788831488E-2,5.701018963E-4,1.367598888E-3,9.996099472E-1,1.768038201E2,1.584763652E-1,-6.093286956E-2,1.768037323E2
3.635320619E1,2.789047583E-2,5.716116284E-4,1.366466517E-3,9.996098876E-1,1.768035724E2,1.583516125E-1,-6.110908125E-2,1.768034844E2
3.635820619E1,2.789435100E-2,5.754802260E-4,1.372932107E-3,9.996097684E-1,1.768031282E2,1.591048310E-1,-6.153093554E-2,1.768030392E2
3.636320619E1,2.789882450E-2,5.783662200E-4,1.367606455E-3,9.996096492E-1,1.768026153E2,1.585042955E-1,-6.187783149E-2,1.768025262E2
3.636820619E1,2.789896802E-2,5.779396743E-4,1.364856260E-3,9.996096492E-1,1.768025989E2,1.581879137E-1,-6.183774185E-2,1.768025100E2
3.637320619E1,2.788198224E-2,5.659367889E-4,1.367751160E-3,9.996101260E-1,1.768045461E2,1.584801126E-1,-6.045628682E-2,1.768044590E2
3.637820619E1,2.788397652E-2,5.668991362E-4,1.370256534E-3,9.996100664E-1,1.768043175E2,1.587702919E-1,-6.055819897E-2,1.768042300E2
3.638320619E1,2.789666335E-2,5.770662683E-4,1.368674333E-3,9.996097088E-1,1.768028631E2,1.586223281E-1,-6.172585498E-2,1.768027741E2
3.638820619E1,2.789471833E-2,5.753102014E-4,1.365520293E-3,9.996097684E-1,1.768030861E2,1.582553081E-1,-6.153509383E-2,1.768029976E2
3.639320619E1,2.788830341E-2,5.703294300E-4,1.367737772E-3,9.996099472E-1,1.768038214E2,1.584930004E-1,-6.095849081E-2,1.768037336E2
3.639820619E1,2.789219571E-2,5.729076802E-4,1.374398125E-3,9.996098280E-1,1.768033752E2,1.592644034E-1,-6.123191567E-2,1.768032866E2
3.640320619E1,2.789652157E-2,5.767985131E-4,1.371673658E-3,9.996097088E-1,1.768028793E2,1.589650273E-1,-6.168561872E-2,1.768027902E2
3.640820619E1,2.789458517E-2,5.758244661E-4,1.368021243E-3,9.996097684E-1,1.768031013E2,1.585434205E-1,-6.158602784E-2,1.768030126E2
3.641320619E1,2.789454719E-2,5.756819737E-4,1.368855475E-3,9.996097684E-1,1.768031057E2,1.586385216E-1,-6.156704513E-2,1.768030169E2
3.641820619E1,2.789440244E-2,5.742413341E-4,1.372405794E-3,9.996097684E-1,1.768031223E2,1.590405860E-1,-6.139069856E-2,1.768030335E2
3.642320619E1,2.789012309E-2,5.710655823E-4,1.373874373E-3,9.996098876E-1,1.768036128E2,1.591983943E-1,-6.102291327E-2,1.768035245E2
3.642820619E1,2.789200600E-2,5.728866672E-4,1.378251472E-3,9.996098280E-1,1.768033970E2,1.597057145E-1,-6.121722255E-2,1.768033081E2
3.643320619E1,2.789622995E-2,5.756859318E-4,1.378056942E-3,9.996097088E-1,1.768029128E2,1.596926394E-1,-6.153781654E-2,1.768028234E2
3.643820619E1,2.789820236E-2,5.771662691E-4,1.380741713E-3,9.996096492E-1,1.768026867E2,1.600050264E-1,-6.169848623E-2,1.768025969E2
3.644320619E1,2.789431452E-2,5.740528577E-4,1.374270185E-3,9.996097684E-1,1.768031323E2,1.592535388E-1,-6.136316355E-2,1.768030435E2
3.644820619E1,2.788162808E-2,5.651618703E-4,1.375270425E-3,9.996101260E-1,1.768045867E2,1.593389257E-1,-6.034355371E-2,1.768044992E2
3.645320619E1,2.788153053E-2,5.650075036E-4,1.377310138E-3,9.996101260E-1,1.768045979E2,1.595720699E-1,-6.031936998E-2,1.768045103E2
3.645820619E1,2.788803753E-2,5.699429312E-4,1.373308944E-3,9.996099472E-1,1.768038519E2,1.591299107E-1,-6.089645623E-2,1.768037638E2
3.646320619E1,2.789234947E-2,5.725993542E-4,1.371402992E-3,9.996098280E-1,1.768033576E2,1.589203433E-1,-6.120614680E-2,1.768032692E2
3.646820619E1,2.788604735E-2,5.679802853E-4,1.371148624E-3,9.996100068E-1,1.768040801E2,1.588760589E-1,-6.067886157E-2,1.768039924E2
3.647320619E1,2.787337772E-2,5.588202621E-4,1.371803228E-3,9.996103644E-1,1.768055325E2,1.589210128E-1,-5.962953175E-2,1.768054463E2
3.647820619E1,2.787557468E-2,5.607256899E-4,1.369815902E-3,9.996103048E-1,1.768052806E2,1.586995883E-1,-5.985379168E-2,1.768051942E2
3.648320619E1,2.788395605E-2,5.661509349E-4,1.370982151E-3,9.996100664E-1,1.768043198E2,1.588510171E-1,-6.047017948E-2,1.768042325E2
3.648820619E1,2.788824191E-2,5.696891458E-4,1.369257923E-3,9.996099472E-1,1.768038285E2,1.586650792E-1,-6.088029982E-2,1.768037407E2
3.649320619E1,2.788801331E-2,5.701668561E-4,1.373707666E-3,9.996099472E-1,1.768038547E2,1.591762974E-1,-6.092083574E-2,1.768037665E2
3.649820619E1,2.789240440E-2,5.737480242E-4,1.369804726E-3,9.996098280E-1,1.768033513E2,1.587409416E-1,-6.134282320E-2,1.768032628E2
3.650320619E1,2.788202660E-2,5.648304941E-4,1.367304125E-3,9.996101260E-1,1.768045410E2,1.584253738E-1,-6.033098547E-2,1.768044541E2
3.650820619E1,2.787993686E-2,5.632120301E-4,1.367008081E-3,9.996101856E-1,1.768047805E2,1.583861655E-1,-6.014687243E-2,1.768046939E2
3.651320619E1,2.789030311E-2,5.720763584E-4,1.369793201E-3,9.996098876E-1,1.768035922E2,1.587341494E-1,-6.115170962E-2,1.768035040E2
3.651820619E1,2.789658600E-2,5.761731300E-4,1.370625803E-3,9.996097088E-1,1.768028719E2,1.588430033E-1,-6.161732259E-2,1.768027830E2
3.652320619E1,2.789456508E-2,5.755158491E-4,1.368560712E-3,9.996097684E-1,1.768031036E2,1.586042273E-1,-6.154895547E-2,1.768030149E2
3.652820619E1,2.788807641E-2,5.706523662E-4,1.372224302E-3,9.996099472E-1,1.768038475E2,1.590079378E-1,-6.098117994E-2,1.768037593E2
3.653320619E1,2.788809200E-2,5.694123683E-4,1.372422557E-3,9.996099472E-1,1.768038457E2,1.590266853E-1,-6.083850598E-2,1.768037577E2
3.653820619E1,2.789256409E-2,5.734411534E-4,1.366678160E-3,9.996098280E-1,1.768033330E2,1.583818313E-1,-6.131764033E-2,1.768032447E2
3.654320619E1,2.789895281E-2,5.785863032E-4,1.364893280E-3,9.996096492E-1,1.768026006E2,1.581942207E-1,-6.191169521E-2,1.768025116E2
3.654820619E1,2.790502771E-2,5.827408168E-4,1.369888079E-3,9.996094704E-1,1.768019042E2,1.587800226E-1,-6.237064797E-2,1.768018143E2
3.655320619E1,2.789654143E-2,5.761386710E-4,1.371546998E-3,9.996097088E-1,1.768028771E2,1.589484105E-1,-6.161043763E-2,1.768027881E2
3.655820619E1,2.789025595E-2,5.718106986E-4,1.370863989E-3,9.996098876E-1,1.768035976E2,1.588559532E-1,-6.111786429E-2,1.768035093E2
3.656320619E1,2.789018994E-2,5.720049376E-4,1.372125233E-3,9.996098876E-1,1.768036052E2,1.590010418E-1,-6.113609322E-2,1.768035168E2
3.656820619E1,2.790485615E-2,5.832861643E-4,1.373146893E-3,9.996094704E-1,1.768019239E2,1.591550436E-1,-6.242272218E-2,1.768018336E2
3.657320619E1,2.791109362E-2,5.885499413E-4,1.374300453E-3,9.996092916E-1,1.768012089E2,1.593044069E-1,-6.302098834E-2,1.768011177E2
3.657820619E1,2.789435023E-2,5.754846497E-4,1.372945961E-3,9.996097684E-1,1.768031282E2,1.591064319E-1,-6.153139811E-2,1.768030393E2
3.658320619E1,2.788395193E-2,5.666934885E-4,1.370841870E-3,9.996100664E-1,1.768043203E2,1.588366819E-1,-6.053277621E-2,1.768042328E2
3.658820619E1,2.788815508E-2,5.707619712E-4,1.370578888E-3,9.996099472E-1,1.768038384E2,1.588198154E-1,-6.099898082E-2,1.768037504E2
3.659320619E1,2.789861205E-2,5.784615641E-4,1.371893333E-3,9.996096492E-1,1.768026397E2,1.589956367E-1,-6.187508124E-2,1.768025503E2
3.659820619E1,2.790299119E-2,5.821781815E-4,1.368115540E-3,9.996095300E-1,1.768021377E2,1.585750571E-1,-6.231219113E-2,1.768020479E2
3.660320619E1,2.789471489E-2,5.759932101E-4,1.365302480E-3,9.996097684E-1,1.768030864E2,1.582325414E-1,-6.161402714E-2,1.768029979E2
3.660820619E1,2.788828452E-2,5.698910099E-4,1.368305646E-3,9.996099472E-1,1.768038236E2,1.585566464E-1,-6.090645930E-2,1.768037358E2
3.661320619E1,2.789036151E-2,5.714659346E-4,1.368858619E-3,9.996098876E-1,1.768035855E2,1.586251482E-1,-6.108476522E-2,1.768034974E2
3.661820619E1,2.790071343E-2,5.806600675E-4,1.371659571E-3,9.996095896E-1,1.768023988E2,1.589760196E-1,-6.212732603E-2,1.768023091E2
3.662320619E1,2.791311991E-2,5.894860369E-4,1.376098022E-3,9.996092319E-1,1.768009766E2,1.595134354E-1,-6.312214229E-2,1.768008851E2
3.662820619E1,2.791739248E-2,5.923585268E-4,1.374785905E-3,9.996091127E-1,1.768004868E2,1.593725962E-1,-6.345469272E-2,1.768003949E2
3.663320619E1,2.790277637E-2,5.807194393E-4,1.373107778E-3,9.996095300E-1,1.768021623E2,1.591422255E-1,-6.212916814E-2,1.768020725E2
3.663820619E1,2.789216655E-2,5.737260799E-4,1.374648651E-3,9.996098280E-1,1.768033786E2,1.592957146E-1,-6.132486469E-2,1.768032898E2
3.664320619E1,2.789836785E-2,5.775977625E-4,1.377213048E-3,9.996096492E-1,1.768026677E2,1.596022178E-1,-6.175916713E-2,1.768025781E2
3.664820619E1,2.790875949E-2,5.853372859E-4,1.379710622E-3,9.996093512E-1,1.768014764E2,1.599137035E-1,-6.263605803E-2,1.768013854E2
3.665320619E1,2.790450139E-2,5.825910484E-4,1.380630769E-3,9.996094704E-1,1.768019646E2,1.600100547E-1,-6.231922404E-2,1.768018739E2
3.665820619E1,2.789381277E-2,5.734274164E-4,1.384676085E-3,9.996097684E-1,1.768031899E2,1.604434746E-1,-6.125833881E-2,1.768031005E2
3.666320619E1,2.788536537E-2,5.678260350E-4,1.385012176E-3,9.996100068E-1,1.768041582E2,1.604635549E-1,-6.061699982E-2,1.768040698E2
3.666820619E1,2.789187228E-2,5.729492987E-4,1.380929141E-3,9.996098280E-1,1.768034123E2,1.600126258E-1,-6.121585961E-2,1.768033233E2
3.667320619E1,2.790658190E-2,5.834313342E-4,1.381379319E-3,9.996094108E-1,1.768017261E2,1.600986160E-1,-6.241274925E-2,1.768016353E2
3.667820619E1,2.791290143E-2,5.890774191E-4,1.380696893E-3,9.996092319E-1,1.768010016E2,1.600389016E-1,-6.306066098E-2,1.768009099E2
3.668320619E1,2.790462432E-2,5.835003685E-4,1.377759269E-3,9.996094704E-1,1.768019505E2,1.596840483E-1,-6.243254638E-2,1.768018599E2
3.668820619E1,2.789211090E-2,5.721950438E-4,1.376414788E-3,9.996098280E-1,1.768033850E2,1.594931232E-1,-6.114385306E-2,1.768032963E2
3.669320619E1,2.788558281E-2,5.672059488E-4,1.380882110E-3,9.996100068E-1,1.768041333E2,1.599884991E-1,-6.055913378E-2,1.768040452E2
3.669820619E1,2.789618989E-2,5.753086298E-4,1.379025052E-3,9.996097088E-1,1.768029174E2,1.598023249E-1,-6.149150936E-2,1.768028280E2
3.670320619E1,2.790250138E-2,5.808359128E-4,1.378635294E-3,9.996095300E-1,1.768021938E2,1.597757418E-1,-6.212487945E-2,1.768021036E2
3.670820619E1,2.790040895E-2,5.798992934E-4,1.378159504E-3,9.996095896E-1,1.768024337E2,1.597181167E-1,-6.201944830E-2,1.768023437E2
3.671320619E1,2.788986254E-2,5.710544647E-4,1.379157999E-3,9.996098876E-1,1.768036427E2,1.598035671E-1,-6.100479462E-2,1.768035541E2
3.671820619E1,2.788146915E-2,5.642887554E-4,1.378846471E-3,9.996101260E-1,1.768046049E2,1.597457522E-1,-6.023214070E-2,1.768045174E2
3.672320619E1,2.787948798E-2,5.631616223E-4,1.376153203E-3,9.996101856E-1,1.768048320E2,1.594335253E-1,-6.011195226E-2,1.768047448E2
3.672820619E1,2.789006760E-2,5.707865348E-4,1.375116059E-3,9.996098876E-1,1.768036192E2,1.593397306E-1,-6.098698958E-2,1.768035308E2
3.673320619E1,2.788788129E-2,5.703282077E-4,1.376318512E-3,9.996099472E-1,1.768038698E2,1.594758700E-1,-6.093099533E-2,1.768037815E2
3.673820619E1,2.788984907E-2,5.703504430E-4,1.379721682E-3,9.996098876E-1,1.768036442E2,1.598658843E-1,-6.092235174E-2,1.768035557E2
3.674320619E1,2.788159862E-2,5.649549421E-4,1.375952503E-3,9.996101260E-1,1.768045900E2,1.594163927E-1,-6.031767611E-2,1.768045026E2
3.674820619E1,2.787517840E-2,5.601249286E-4,1.378100831E-3,9.996103048E-1,1.768053260E2,1.596466607E-1,-5.975857427E-2,1.768052392E2
3.675320619E1,2.788150497E-2,5.637955619E-4,1.378323766E-3,9.996101260E-1,1.768046008E2,1.596843041E-1,-6.017731127E-2,1.768045134E2
3.675820619E1,2.789439072E-2,5.742757348E-4,1.372629427E-3,9.996097684E-1,1.768031236E2,1.590663119E-1,-6.139392606E-2,1.768030348E2
3.676320619E1,2.789654709E-2,5.773549783E-4,1.370920218E-3,9.996097088E-1,1.768028764E2,1.588805035E-1,-6.175176461E-2,1.768027873E2
3.676820619E1,2.789215201E-2,5.729387631E-4,1.375271939E-3,9.996098280E-1,1.768033802E2,1.593645929E-1,-6.123269011E-2,1.768032915E2
3.677320619E1,2.788373884E-2,5.664324854E-4,1.375276828E-3,9.996100664E-1,1.768043447E2,1.593438468E-1,-6.048874181E-2,1.768042571E2
3.677820619E1,2.788362417E-2,5.664802156E-4,1.377580338E-3,9.996100664E-1,1.768043578E2,1.596078529E-1,-6.048686699E-2,1.768042700E2
3.678320619E1,2.789826949E-2,5.774089368E-4,1.379283029E-3,9.996096492E-1,1.768026790E2,1.598387183E-1,-6.173093572E-2,1.768025893E2
3.678820619E1,2.790682356E-2,5.848825676E-4,1.375872642E-3,9.996094108E-1,1.768016984E2,1.594724985E-1,-6.259655498E-2,1.768016077E2
3.679320619E1,2.790264852E-2,5.817049532E-4,1.375286840E-3,9.996095300E-1,1.768021770E2,1.593949742E-1,-6.223510845E-2,1.768020868E2
3.679820619E1,2.788796670E-2,5.697947345E-4,1.374808024E-3,9.996099472E-1,1.768038600E2,1.593011481E-1,-6.087470125E-2,1.768037719E2
3.680320619E1,2.788344466E-2,5.661132163E-4,1.381359412E-3,9.996100664E-1,1.768043784E2,1.600395515E-1,-6.043278175E-2,1.768042905E2
3.680820619E1,2.788758899E-2,5.699131871E-4,1.382399700E-3,9.996099472E-1,1.768039033E2,1.601711085E-1,-6.086406854E-2,1.768038147E2
3.681320619E1,2.790236986E-2,5.807232228E-4,1.381342066E-3,9.996095300E-1,1.768022089E2,1.600854262E-1,-6.210333736E-2,1.768021186E2
3.681820619E1,2.790453485E-2,5.828420981E-4,1.379848458E-3,9.996094704E-1,1.768019607E2,1.599212482E-1,-6.235047724E-2,1.768018701E2
3.682320619E1,2.789176162E-2,5.728412070E-4,1.383207156E-3,9.996098280E-1,1.768034250E2,1.602732136E-1,-6.119621465E-2,1.768033358E2
3.682820619E1,2.788105531E-2,5.647069775E-4,1.387019176E-3,9.996101260E-1,1.768046523E2,1.606832237E-1,-6.025400088E-2,1.768045643E2
3.683320619E1,2.789140223E-2,5.726561649E-4,1.390511403E-3,9.996098280E-1,1.768034662E2,1.611092806E-1,-6.115173035E-2,1.768033766E2
3.683820619E1,2.789781414E-2,5.775154568E-4,1.388418372E-3,9.996096492E-1,1.768027312E2,1.608854579E-1,-6.171400485E-2,1.768026409E2
3.684320619E1,2.790384324E-2,5.811123410E-4,1.394486520E-3,9.996094704E-1,1.768020400E2,1.615924212E-1,-6.210564244E-2,1.768019488E2
3.684820619E1,2.789739533E-2,5.757876206E-4,1.397521351E-3,9.996096492E-1,1.768027792E2,1.619226281E-1,-6.148705274E-2,1.768026886E2
3.685320619E1,2.789312087E-2,5.733949947E-4,1.398558030E-3,9.996097684E-1,1.768032692E2,1.620334655E-1,-6.121036368E-2,1.768031790E2
3.685820619E1,2.788869507E-2,5.699237227E-4,1.403027680E-3,9.996098876E-1,1.768037765E2,1.625340857E-1,-6.079917313E-2,1.768036866E2
3.686320619E1,2.789712331E-2,5.768749397E-4,1.402494148E-3,9.996096492E-1,1.768028104E2,1.624957072E-1,-6.159574841E-2,1.768027193E2
3.686820619E1,2.790367684E-2,5.807206617E-4,1.397975022E-3,9.996094704E-1,1.768020591E2,1.619907560E-1,-6.204964880E-2,1.768019677E2
3.687320619E1,2.789954127E-2,5.777896149E-4,1.396489213E-3,9.996095896E-1,1.768025332E2,1.618109327E-1,-6.171932716E-2,1.768024424E2
3.687820619E1,2.789535968E-2,5.742913927E-4,1.396137057E-3,9.996097088E-1,1.768030125E2,1.617591528E-1,-6.132041940E-2,1.768029223E2
3.688320619E1,2.789084955E-2,5.711906124E-4,1.402151072E-3,9.996098280E-1,1.768035296E2,1.624378533E-1,-6.094674284E-2,1.768034395E2
3.688820619E1,2.789493656E-2,5.751407589E-4,1.404217910E-3,9.996097088E-1,1.768030610E2,1.626874806E-1,-6.139194870E-2,1.768029702E2
3.689320619E1,2.790559613E-2,5.824859836E-4,1.401545247E-3,9.996094108E-1,1.768018391E2,1.624054796E-1,-6.224013279E-2,1.768017472E2
3.689820619E1,2.790761671E-2,5.839184159E-4,1.403226983E-3,9.996093512E-1,1.768016074E2,1.626028246E-1,-6.239850677E-2,1.768015152E2
3.690320619E1,2.790144814E-2,5.791679141E-4,1.400480280E-3,9.996095300E-1,1.768023146E2,1.622726227E-1,-6.186413741E-2,1.768022233E2
3.690820619E1,2.789759009E-2,5.764689995E-4,1.393346349E-3,9.996096492E-1,1.768027568E2,1.614465840E-1,-6.157841816E-2,1.768026665E2
3.691320619E1,2.789765497E-2,5.772094592E-4,1.391739817E-3,9.996096492E-1,1.768027494E2,1.612649318E-1,-6.166836097E-2,1.768026590E2
3.691820619E1,2.788691363E-2,5.682870396E-4,1.396620180E-3,9.996099472E-1,1.768039808E2,1.617947859E-1,-6.063246227E-2,1.768038915E2
3.692320619E1,2.788680066E-2,5.675294087E-4,1.399181434E-3,9.996099472E-1,1.768039937E2,1.620857421E-1,-6.053751133E-2,1.768039044E2
3.692820619E1,2.788705914E-2,5.692359991E-4,1.393324230E-3,9.996099472E-1,1.768039641E2,1.614202858E-1,-6.075167199E-2,1.768038749E2
3.693320619E1,2.788085939E-2,5.642429460E-4,1.391140162E-3,9.996101260E-1,1.768046748E2,1.611537765E-1,-6.018771244E-2,1.768045865E2
3.693820619E1,2.787454925E-2,5.585245090E-4,1.391411992E-3,9.996103048E-1,1.768053982E2,1.611662666E-1,-5.953283204E-2,1.768053108E2
3.694320619E1,2.787694922E-2,5.614099791E-4,1.384975389E-3,9.996102452E-1,1.768051230E2,1.604383331E-1,-5.988352890E-2,1.768050356E2
3.694820619E1,2.788135953E-2,5.649609375E-4,1.380786416E-3,9.996101260E-1,1.768046175E2,1.599701085E-1,-6.030295636E-2,1.768045297E2
3.695320619E1,2.788547133E-2,5.682423944E-4,1.382706105E-3,9.996100068E-1,1.768041461E2,1.602007380E-1,-6.067204461E-2,1.768040577E2
3.695820619E1,2.788757067E-2,5.683659110E-4,1.383405877E-3,9.996099472E-1,1.768039054E2,1.602814171E-1,-6.068362030E-2,1.768038170E2
3.696320619E1,2.788132241E-2,5.647527869E-4,1.381620765E-3,9.996101260E-1,1.768046217E2,1.600650135E-1,-6.027645350E-2,1.768045340E2
3.696820619E1,2.787506363E-2,5.599594442E-4,1.380487462E-3,9.996103048E-1,1.768053392E2,1.599195070E-1,-5.973201317E-2,1.768052523E2
3.697320619E1,2.788105286E-2,5.633494584E-4,1.387620228E-3,9.996101260E-1,1.768046526E2,1.607477349E-1,-6.009658129E-2,1.768045647E2
3.697820619E1,2.789133684E-2,5.711827544E-4,1.392427599E-3,9.996098280E-1,1.768034737E2,1.613240618E-1,-6.097684176E-2,1.768033842E2
3.698320619E1,2.789964236E-2,5.788496928E-4,1.394028543E-3,9.996095896E-1,1.768025216E2,1.615324657E-1,-6.184860654E-2,1.768024308E2
3.698820619E1,2.789583034E-2,5.758985644E-4,1.386034419E-3,9.996097088E-1,1.768029586E2,1.606070915E-1,-6.153673502E-2,1.768028687E2
3.699320619E1,2.788955755E-2,5.701082409E-4,1.385701471E-3,9.996098876E-1,1.768036777E2,1.605500602E-1,-6.087554346E-2,1.768035888E2
3.699820619E1,2.788945018E-2,5.710078403E-4,1.387491007E-3,9.996098876E-1,1.768036900E2,1.607579152E-1,-6.097288768E-2,1.768036008E2
3.700320619E1,2.789781772E-2,5.776651669E-4,1.388284145E-3,9.996096492E-1,1.768027307E2,1.608705615E-1,-6.173158222E-2,1.768026405E2
3.700820619E1,2.790429552E-2,5.826805136E-4,1.384747797E-3,9.996094704E-1,1.768019882E2,1.604819215E-1,-6.231633996E-2,1.768018973E2
3.701320619E1,2.789973583E-2,5.784007953E-4,1.392343198E-3,9.996095896E-1,1.768025109E2,1.613379848E-1,-6.180255997E-2,1.768024202E2
3.701820619E1,2.789329408E-2,5.728430697E-4,1.395325875E-3,9.996097684E-1,1.768032493E2,1.616614778E-1,-6.115744568E-2,1.768031594E2
3.702320619E1,2.788878404E-2,5.694401916E-4,1.401454676E-3,9.996098876E-1,1.768037663E2,1.623523626E-1,-6.074879887E-2,1.768036766E2
3.702820619E1,2.789957638E-2,5.776864127E-4,1.395830419E-3,9.996095896E-1,1.768025291E2,1.617351419E-1,-6.170960626E-2,1.768024384E2
3.703320619E1,2.790586347E-2,5.839756923E-4,1.395589788E-3,9.996094108E-1,1.768018084E2,1.617280799E-1,-6.242977556E-2,1.768017166E2
3.703820619E1,2.790801266E-2,5.850892630E-4,1.394839492E-3,9.996093512E-1,1.768015620E2,1.616458314E-1,-6.255938337E-2,1.768014701E2
3.704320619E1,2.789788217E-2,5.779591738E-4,1.386865973E-3,9.996096492E-1,1.768027234E2,1.607090580E-1,-6.176978324E-2,1.768026331E2
3.704820619E1,2.788331632E-2,5.664727651E-4,1.383800525E-3,9.996100664E-1,1.768043931E2,1.603203152E-1,-6.046618744E-2,1.768043050E2
3.705320619E1,2.788561384E-2,5.685081123E-4,1.379719586E-3,9.996100068E-1,1.768041298E2,1.598594986E-1,-6.071200251E-2,1.768040415E2
3.705820619E1,2.789839491E-2,5.781691871E-4,1.376424916E-3,9.996096492E-1,1.768026646E2,1.595137682E-1,-6.182713737E-2,1.768025750E2
3.706320619E1,2.790050267E-2,5.791826406E-4,1.376562635E-3,9.996095896E-1,1.768024230E2,1.595329143E-1,-6.194244861E-2,1.768023332E2
3.706820619E1,2.788383897E-2,5.658126320E-4,1.373500796E-3,9.996100664E-1,1.768043332E2,1.591384326E-1,-6.042339859E-2,1.768042458E2
3.707320619E1,2.787524457E-2,5.597749259E-4,1.376904082E-3,9.996103048E-1,1.768053184E2,1.595084623E-1,-5.972229482E-2,1.768052318E2
3.707820619E1,2.788573941E-2,5.673164851E-4,1.377670560E-3,9.996100068E-1,1.768041154E2,1.596209880E-1,-6.058203301E-2,1.768040274E2
3.708320619E1,2.789179787E-2,5.724031362E-4,1.382657327E-3,9.996098280E-1,1.768034208E2,1.602088341E-1,-6.114778658E-2,1.768033318E2
3.708820619E1,2.788789397E-2,5.693578278E-4,1.376463217E-3,9.996099472E-1,1.768038684E2,1.594893450E-1,-6.081937686E-2,1.768037802E2
3.709320619E1,2.788571255E-2,5.672185798E-4,1.378254499E-3,9.996100068E-1,1.768041184E2,1.596875621E-1,-6.056895654E-2,1.768040305E2
3.709820619E1,2.788149546E-2,5.640807212E-4,1.378399553E-3,9.996101260E-1,1.768046019E2,1.596938958E-1,-6.020973476E-2,1.768045144E2
3.710320619E1,2.787722518E-2,5.612262757E-4,1.379484311E-3,9.996102452E-1,1.768050914E2,1.598087753E-1,-5.987998366E-2,1.768050043E2
3.710820619E1,2.788387042E-2,5.668482045E-4,1.372434897E-3,9.996100664E-1,1.768043296E2,1.590196481E-1,-6.054542112E-2,1.768042421E2
3.711320619E1,2.789230816E-2,5.739608314E-4,1.371674007E-3,9.996098280E-1,1.768033623E2,1.589557367E-1,-6.136124007E-2,1.768032737E2
3.711820619E1,2.789238501E-2,5.728998804E-4,1.370554324E-3,9.996098280E-1,1.768033535E2,1.588240937E-1,-6.124327809E-2,1.768032651E2
3.712320619E1,2.787761036E-2,5.620766315E-4,1.371330116E-3,9.996102452E-1,1.768050472E2,1.588774751E-1,-6.000337734E-2,1.768049605E2
3.712820619E1,2.787748657E-2,5.616719718E-4,1.374009764E-3,9.996102452E-1,1.768050614E2,1.591831210E-1,-5.994848406E-2,1.768049746E2
3.713320619E1,2.789232683E-2,5.732849240E-4,1.371577033E-3,9.996098280E-1,1.768033602E2,1.589424692E-1,-6.128412399E-2,1.768032717E2
3.713820619E1,2.789456246E-2,5.756798782E-4,1.368545229E-3,9.996097684E-1,1.768031039E2,1.586029779E-1,-6.156779441E-2,1.768030152E2
3.714320619E1,2.788835205E-2,5.709825782E-4,1.366472919E-3,9.996099472E-1,1.768038159E2,1.583502056E-1,-6.103734148E-2,1.768037280E2
3.714820619E1,2.788200443E-2,5.658512819E-4,1.367334160E-3,9.996101260E-1,1.768045435E2,1.584320746E-1,-6.044782110E-2,1.768044565E2
3.715320619E1,2.788188729E-2,5.647702492E-4,1.370166778E-3,9.996101260E-1,1.768045570E2,1.587530816E-1,-6.031496016E-2,1.768044699E2
3.715820619E1,2.788604539E-2,5.677827285E-4,1.371270162E-3,9.996100068E-1,1.768040803E2,1.588893492E-1,-6.065584397E-2,1.768039927E2
3.716320619E1,2.789033747E-2,5.718697794E-4,1.369179692E-3,9.996098876E-1,1.768035883E2,1.586632156E-1,-6.113000201E-2,1.768035001E2
3.716820619E1,2.789044153E-2,5.725846859E-4,1.366759068E-3,9.996098876E-1,1.768035763E2,1.583882315E-1,-6.121961236E-2,1.768034882E2
3.717320619E1,2.788846589E-2,5.695677246E-4,1.364738913E-3,9.996099472E-1,1.768038028E2,1.581470651E-1,-6.088079803E-2,1.768037153E2
3.717820619E1,2.787177117E-2,5.569120985E-4,1.361751696E-3,9.996104240E-1,1.768057166E2,1.577634473E-1,-5.944331705E-2,1.768056313E2
3.718320619E1,2.787387774E-2,5.593731184E-4,1.361378469E-3,9.996103644E-1,1.768054751E2,1.577286818E-1,-5.972607903E-2,1.768053895E2
3.718820619E1,2.789072785E-2,5.721104681E-4,1.361103146E-3,9.996098876E-1,1.768035435E2,1.577388636E-1,-6.118332390E-2,1.768034558E2
3.719320619E1,2.789094827E-2,5.720197805E-4,1.356617315E-3,9.996098876E-1,1.768035182E2,1.572247481E-1,-6.118723857E-2,1.768034308E2
3.719820619E1,2.787842229E-2,5.622378667E-4,1.354656648E-3,9.996102452E-1,1.768049542E2,1.569681404E-1,-6.007498438E-2,1.768048684E2
3.720320619E1,2.786781825E-2,5.541907158E-4,1.356244902E-3,9.996105433E-1,1.768061698E2,1.571237332E-1,-5.914980078E-2,1.768060852E2
3.720820619E1,2.787414006E-2,5.584197352E-4,1.356389839E-3,9.996103644E-1,1.768054451E2,1.571542186E-1,-5.963276534E-2,1.768053598E2
3.721320619E1,2.787863541E-2,5.632669199E-4,1.349834609E-3,9.996102452E-1,1.768049297E2,1.564190900E-1,-6.020823098E-2,1.768048441E2
3.721820619E1,2.788718787E-2,5.690054386E-4,1.347320387E-3,9.996100068E-1,1.768039493E2,1.561499479E-1,-6.087225696E-2,1.768038629E2
3.722320619E1,2.788079609E-2,5.647168728E-4,1.348741236E-3,9.996101856E-1,1.768046820E2,1.562986102E-1,-6.037747383E-2,1.768045963E2
3.722820619E1,2.787442759E-2,5.604084581E-4,1.349643921E-3,9.996103644E-1,1.768054121E2,1.563878626E-1,-5.988207049E-2,1.768053270E2
3.723320619E1,2.787045598E-2,5.565363099E-4,1.344966586E-3,9.996104836E-1,1.768058674E2,1.558394816E-1,-5.945408758E-2,1.768057832E2
3.723820619E1,2.787235173E-2,5.588008207E-4,1.349035883E-3,9.996104240E-1,1.768056501E2,1.563129542E-1,-5.970018739E-2,1.768055652E2
3.724320619E1,2.788074748E-2,5.647226935E-4,1.349743223E-3,9.996101856E-1,1.768046876E2,1.564134006E-1,-6.037494684E-2,1.768046018E2
3.724820619E1,2.787676145E-2,5.618557334E-4,1.344976481E-3,9.996103048E-1,1.768051446E2,1.558579840E-1,-6.006239657E-2,1.768050595E2
3.725320619E1,2.786831136E-2,5.545407184E-4,1.345930039E-3,9.996105433E-1,1.768061132E2,1.559433415E-1,-5.922275615E-2,1.768060293E2
3.725820619E1,2.787031537E-2,5.556748947E-4,1.348232501E-3,9.996104836E-1,1.768058835E2,1.562108233E-1,-5.934500637E-2,1.768057992E2
3.726320619E1,2.787457081E-2,5.592535599E-4,1.347162761E-3,9.996103644E-1,1.768053957E2,1.560999721E-1,-5.975768354E-2,1.768053109E2
3.726820619E1,2.788113890E-2,5.648613442E-4,1.341575175E-3,9.996101856E-1,1.768046427E2,1.554782405E-1,-6.041686477E-2,1.768045574E2
3.727320619E1,2.787672299E-2,5.609960062E-4,1.346132020E-3,9.996103048E-1,1.768051490E2,1.559875988E-1,-5.996023207E-2,1.768050639E2
3.727820619E1,2.786591503E-2,5.536659737E-4,1.351625775E-3,9.996106029E-1,1.768063880E2,1.565928367E-1,-5.910474252E-2,1.768063038E2
3.728320619E1,2.786808152E-2,5.539543927E-4,1.350921229E-3,9.996105433E-1,1.768061396E2,1.565131822E-1,-5.913969063E-2,1.768060554E2
3.728820619E1,2.786838551E-2,5.555693642E-4,1.343969139E-3,9.996105433E-1,1.768061047E2,1.557220156E-1,-5.934683509E-2,1.768060207E2
3.729320619E1,2.787262838E-2,5.589631037E-4,1.343240379E-3,9.996104240E-1,1.768056184E2,1.556496304E-1,-5.973724431E-2,1.768055338E2
3.729820619E1,2.787679979E-2,5.623061443E-4,1.343993237E-3,9.996103048E-1,1.768051402E2,1.557467974E-1,-6.011712478E-2,1.768050551E2
3.730320619E1,2.787058328E-2,5.563364248E-4,1.342408825E-3,9.996104836E-1,1.768058528E2,1.555458664E-1,-5.943934053E-2,1.768057687E2
3.730820619E1,2.786222246E-2,5.507209571E-4,1.340745599E-3,9.996107221E-1,1.768068113E2,1.553369210E-1,-5.880271713E-2,1.768067282E2
3.731320619E1,2.787041249E-2,5.571994116E-4,1.345593133E-3,9.996104836E-1,1.768058724E2,1.559133661E-1,-5.952804956E-2,1.768057880E2
3.731820619E1,2.788510069E-2,5.680104950E-4,1.346717356E-3,9.996100664E-1,1.768041886E2,1.560775658E-1,-6.076054227E-2,1.768041024E2
3.732320619E1,2.788733630E-2,5.703350180E-4,1.343681011E-3,9.996100068E-1,1.768039323E2,1.557373261E-1,-6.103616347E-2,1.768038459E2
3.732820619E1,2.788097187E-2,5.647084909E-4,1.345106051E-3,9.996101856E-1,1.768046619E2,1.558821940E-1,-6.038810068E-2,1.768045763E2
3.733320619E1,2.787247816E-2,5.575824180E-4,1.346926205E-3,9.996104240E-1,1.768056356E2,1.560674122E-1,-5.956734170E-2,1.768055511E2
3.733820619E1,2.787436282E-2,5.598671269E-4,1.351205399E-3,9.996103644E-1,1.768054195E2,1.565649925E-1,-5.981508502E-2,1.768053344E2
3.734320619E1,2.788929237E-2,5.714446306E-4,1.346949139E-3,9.996099472E-1,1.768037081E2,1.561153466E-1,-6.115251657E-2,1.768036213E2
3.734820619E1,2.788514056E-2,5.687556695E-4,1.345576835E-3,9.996100664E-1,1.768041840E2,1.559493061E-1,-6.084953800E-2,1.768040978E2
3.735320619E1,2.788100203E-2,5.657596630E-4,1.344038756E-3,9.996101856E-1,1.768046584E2,1.557632988E-1,-6.051191453E-2,1.768045728E2
3.735820619E1,2.788331516E-2,5.669203820E-4,1.339887385E-3,9.996101260E-1,1.768043933E2,1.552916202E-1,-6.065777566E-2,1.768043077E2
3.736320619E1,2.787935795E-2,5.643703043E-4,1.334362081E-3,9.996102452E-1,1.768048469E2,1.546503246E-1,-6.038393927E-2,1.768047621E2
3.736820619E1,2.788130552E-2,5.661528558E-4,1.337561873E-3,9.996101856E-1,1.768046236E2,1.550226650E-1,-6.057760023E-2,1.768045383E2
3.737320619E1,2.789380788E-2,5.753059522E-4,1.340253744E-3,9.996098280E-1,1.768031904E2,1.553610280E-1,-6.161551541E-2,1.768031035E2
3.737820619E1,2.789618869E-2,5.773547455E-4,1.334262313E-3,9.996097684E-1,1.768029175E2,1.546814235E-1,-6.186898139E-2,1.768028306E2
3.738320619E1,2.788396637E-2,5.682698684E-4,1.325688558E-3,9.996101260E-1,1.768043186E2,1.536695368E-1,-6.085762430E-2,1.768042337E2
3.738820619E1,2.787969467E-2,5.637882859E-4,1.327555394E-3,9.996102452E-1,1.768048083E2,1.538687987E-1,-6.033896521E-2,1.768047240E2
3.739320619E1,2.788166482E-2,5.659402814E-4,1.330141677E-3,9.996101856E-1,1.768045825E2,1.541720451E-1,-6.057690298E-2,1.768044976E2
3.739820619E1,2.788172717E-2,5.663234624E-4,1.328670769E-3,9.996101856E-1,1.768045753E2,1.540047850E-1,-6.062548526E-2,1.768044905E2
3.740320619E1,2.788801222E-2,5.713215796E-4,1.329154940E-3,9.996100068E-1,1.768038548E2,1.540766005E-1,-6.119548845E-2,1.768037692E2
3.740820619E1,2.788790098E-2,5.708657554E-4,1.331682433E-3,9.996100068E-1,1.768038676E2,1.543646540E-1,-6.113521497E-2,1.768037819E2
3.741320619E1,2.788784222E-2,5.705009680E-4,1.333068591E-3,9.996100068E-1,1.768038743E2,1.545222649E-1,-6.108900890E-2,1.768037886E2
3.741820619E1,2.789002988E-2,5.720347981E-4,1.331337262E-3,9.996099472E-1,1.768036235E2,1.543289823E-1,-6.126989960E-2,1.768035376E2
3.742320619E1,2.789421461E-2,5.751256831E-4,1.331839594E-3,9.996098280E-1,1.768031438E2,1.543966601E-1,-6.162169903E-2,1.768030574E2
3.742820619E1,2.789421654E-2,5.762278452E-4,1.331322710E-3,9.996098280E-1,1.768031436E2,1.543409760E-1,-6.174960019E-2,1.768030570E2
3.743320619E1,2.789413023E-2,5.753948935E-4,1.333489665E-3,9.996098280E-1,1.768031535E2,1.545865264E-1,-6.164727479E-2,1.768030669E2
3.743820619E1,2.789012442E-2,5.727939424E-4,1.329028397E-3,9.996099472E-1,1.768036127E2,1.540669406E-1,-6.136422190E-2,1.768035268E2
3.744320619E1,2.789216913E-2,5.740093766E-4,1.330423518E-3,9.996098876E-1,1.768033783E2,1.542307584E-1,-6.149867173E-2,1.768032922E2
3.744820619E1,2.789415473E-2,5.758564221E-4,1.332777669E-3,9.996098280E-1,1.768031507E2,1.545064461E-1,-6.170241357E-2,1.768030641E2
3.745320619E1,2.790043481E-2,5.800640211E-4,1.333614229E-3,9.996096492E-1,1.768024307E2,1.546161128E-1,-6.218073543E-2,1.768023435E2
3.745820619E1,2.789842063E-2,5.786597612E-4,1.331683132E-3,9.996097088E-1,1.768026616E2,1.543902962E-1,-6.202636716E-2,1.768025747E2
3.746320619E1,2.789419041E-2,5.753355799E-4,1.332255895E-3,9.996098280E-1,1.768031466E2,1.544450157E-1,-6.164441507E-2,1.768030601E2
3.746820619E1,2.789643154E-2,5.771222641E-4,1.329276129E-3,9.996097684E-1,1.768028897E2,1.541095422E-1,-6.185825356E-2,1.768028031E2
3.747320619E1,2.790262868E-2,5.828164867E-4,1.331188949E-3,9.996095896E-1,1.768021792E2,1.543472419E-1,-6.250343718E-2,1.768020917E2
3.747820619E1,2.790678984E-2,5.862854305E-4,1.331954263E-3,9.996094704E-1,1.768017022E2,1.544462608E-1,-6.289770375E-2,1.768016141E2
3.748320619E1,2.790462057E-2,5.846436252E-4,1.333390945E-3,9.996095300E-1,1.768019509E2,1.546054417E-1,-6.270538119E-2,1.768018629E2
3.748820619E1,2.789833333E-2,5.790033611E-4,1.333361608E-3,9.996097088E-1,1.768026716E2,1.545836539E-1,-6.206037283E-2,1.768025845E2
3.749320619E1,2.789864611E-2,5.802704254E-4,1.326247468E-3,9.996097088E-1,1.768026358E2,1.537728202E-1,-6.222820690E-2,1.768025489E2
3.749820619E1,2.789676801E-2,5.778626073E-4,1.321872580E-3,9.996097684E-1,1.768028511E2,1.532638748E-1,-6.196667353E-2,1.768027649E2
3.750320619E1,2.789249280E-2,5.745657836E-4,1.323378994E-3,9.996098876E-1,1.768033412E2,1.534256269E-1,-6.158487313E-2,1.768032554E2
3.750820619E1,2.789672232E-2,5.782829830E-4,1.322652912E-3,9.996097684E-1,1.768028563E2,1.533546007E-1,-6.201233868E-2,1.768027700E2
3.751320619E1,2.789664194E-2,5.785101675E-4,1.324247802E-3,9.996097684E-1,1.768028655E2,1.535380120E-1,-6.203327572E-2,1.768027791E2
3.751820619E1,2.788407708E-2,5.684609059E-4,1.323275850E-3,9.996101260E-1,1.768043059E2,1.533937852E-1,-6.088719952E-2,1.768042211E2
3.752320619E1,2.788408123E-2,5.683676573E-4,1.323228353E-3,9.996101260E-1,1.768043054E2,1.533880468E-1,-6.087666931E-2,1.768042206E2
3.752820619E1,2.789473344E-2,5.759745836E-4,1.320558600E-3,9.996098280E-1,1.768030843E2,1.531072005E-1,-6.175491851E-2,1.768029985E2
3.753320619E1,2.789076846E-2,5.728359101E-4,1.315425150E-3,9.996099472E-1,1.768035388E2,1.525089015E-1,-6.141240773E-2,1.768034538E2
3.753820619E1,2.788006586E-2,5.651567481E-4,1.319151721E-3,9.996102452E-1,1.768047658E2,1.529105766E-1,-6.052251015E-2,1.768046817E2
3.754320619E1,2.788000889E-2,5.648198421E-4,1.320499228E-3,9.996102452E-1,1.768047723E2,1.530638498E-1,-6.047962218E-2,1.768046882E2
3.754820619E1,2.788015011E-2,5.647680955E-4,1.317536575E-3,9.996102452E-1,1.768047561E2,1.527243295E-1,-6.048313857E-2,1.768046722E2
3.755320619E1,2.787386823E-2,5.595915718E-4,1.316994312E-3,9.996104240E-1,1.768054762E2,1.526452991E-1,-5.989287546E-2,1.768053932E2
3.755820619E1,2.788005011E-2,5.655977293E-4,1.319295610E-3,9.996102452E-1,1.768047676E2,1.529284667E-1,-6.057256589E-2,1.768046834E2
3.756320619E1,2.788420876E-2,5.679893657E-4,1.320700976E-3,9.996101260E-1,1.768042908E2,1.530973419E-1,-6.084139355E-2,1.768042062E2
3.756820619E1,2.788222109E-2,5.660218303E-4,1.318394789E-3,9.996101856E-1,1.768045187E2,1.528267668E-1,-6.062369149E-2,1.768044345E2
3.757320619E1,2.787166840E-2,5.586852785E-4,1.318694558E-3,9.996104836E-1,1.768057284E2,1.528370308E-1,-5.978396776E-2,1.768056454E2
3.757820619E1,2.787989916E-2,5.640917807E-4,1.323124627E-3,9.996102452E-1,1.768047849E2,1.533622489E-1,-6.038785393E-2,1.768047007E2
3.758320619E1,2.788598894E-2,5.698548048E-4,1.327407430E-3,9.996100664E-1,1.768040868E2,1.538716169E-1,-6.103337012E-2,1.768040015E2
3.758820619E1,2.789432450E-2,5.757592735E-4,1.329261810E-3,9.996098280E-1,1.768031312E2,1.541034145E-1,-6.170249786E-2,1.768030449E2
3.759320619E1,2.789019272E-2,5.729936529E-4,1.327508246E-3,9.996099472E-1,1.768036049E2,1.538934542E-1,-6.139194610E-2,1.768035191E2
3.759820619E1,2.788598683E-2,5.688770907E-4,1.327871112E-3,9.996100664E-1,1.768040870E2,1.539216057E-1,-6.091989459E-2,1.768040018E2
3.760320619E1,2.788199703E-2,5.660197348E-4,1.323125674E-3,9.996101856E-1,1.768045444E2,1.533686560E-1,-6.060836992E-2,1.768044599E2
3.760820619E1,2.788419239E-2,5.674565327E-4,1.321275602E-3,9.996101260E-1,1.768042927E2,1.531614600E-1,-6.077852554E-2,1.768042082E2
3.761320619E1,2.788843463E-2,5.710785626E-4,1.320367330E-3,9.996100068E-1,1.768038064E2,1.530692541E-1,-6.119567054E-2,1.768037213E2
3.761820619E1,2.788175476E-2,5.654811393E-4,1.328450628E-3,9.996101856E-1,1.768045721E2,1.539768786E-1,-6.052969888E-2,1.768044875E2
3.762320619E1,2.787341104E-2,5.591452355E-4,1.326823607E-3,9.996104240E-1,1.768055286E2,1.537697640E-1,-5.981042263E-2,1.768054451E2
3.762820619E1,2.787139935E-2,5.575228715E-4,1.324858749E-3,9.996104836E-1,1.768057592E2,1.535393927E-1,-5.963117083E-2,1.768056760E2
3.763320619E1,2.787568970E-2,5.617718562E-4,1.322741853E-3,9.996103644E-1,1.768052674E2,1.533107378E-1,-6.012398223E-2,1.768051837E2
3.763820619E1,2.787996655E-2,5.640911986E-4,1.321704127E-3,9.996102452E-1,1.768047771E2,1.531995369E-1,-6.039231526E-2,1.768046931E2
3.764320619E1,2.788193215E-2,5.662480253E-4,1.324394601E-3,9.996101856E-1,1.768045518E2,1.535147335E-1,-6.063047547E-2,1.768044673E2
3.764820619E1,2.787763040E-2,5.628795479E-4,1.326409751E-3,9.996103048E-1,1.768050449E2,1.537345407E-1,-6.023884971E-2,1.768049608E2
3.765320619E1,2.787337027E-2,5.592281232E-4,1.327644801E-3,9.996104240E-1,1.768055333E2,1.538640917E-1,-5.981730043E-2,1.768054497E2
3.765820619E1,2.789041377E-2,5.725754309E-4,1.323036849E-3,9.996099472E-1,1.768035795E2,1.533799454E-1,-6.135829704E-2,1.768034941E2
3.766320619E1,2.789253480E-2,5.751918070E-4,1.322221244E-3,9.996098876E-1,1.768033364E2,1.532950136E-1,-6.166027628E-2,1.768032506E2
3.766820619E1,2.788613102E-2,5.696353619E-4,1.324513694E-3,9.996100664E-1,1.768040705E2,1.535394551E-1,-6.101745898E-2,1.768039854E2
3.767320619E1,2.788192516E-2,5.659932503E-4,1.324650599E-3,9.996101856E-1,1.768045526E2,1.535432428E-1,-6.060047492E-2,1.768044681E2
3.767820619E1,2.788416879E-2,5.679245223E-4,1.321572461E-3,9.996101260E-1,1.768042954E2,1.531969584E-1,-6.083118734E-2,1.768042108E2
3.768320619E1,2.788438937E-2,5.683831405E-4,1.316712238E-3,9.996101260E-1,1.768042701E2,1.526417127E-1,-6.089921720E-2,1.768041857E2
3.768820619E1,2.788635516E-2,5.705294316E-4,1.319399802E-3,9.996100664E-1,1.768040448E2,1.529565443E-1,-6.113617956E-2,1.768039599E2
3.769320619E1,2.789249595E-2,5.749543197E-4,1.323143835E-3,9.996098876E-1,1.768033408E2,1.533999323E-1,-6.163012990E-2,1.768032550E2
3.769820619E1,2.788205927E-2,5.673465203E-4,1.321244519E-3,9.996101856E-1,1.768045372E2,1.531574183E-1,-6.076635010E-2,1.768044527E2
3.770320619E1,2.786976422E-2,5.573434173E-4,1.314318040E-3,9.996105433E-1,1.768059467E2,1.523313134E-1,-5.964453018E-2,1.768058642E2
3.770820619E1,2.787573638E-2,5.620383308E-4,1.321644522E-3,9.996103644E-1,1.768052621E2,1.531858958E-1,-6.015800426E-2,1.768051784E2
3.771320619E1,2.787998808E-2,5.642814212E-4,1.321168616E-3,9.996102452E-1,1.768047747E2,1.531388048E-1,-6.041581228E-2,1.768046906E2
3.771820619E1,2.787812024E-2,5.634647678E-4,1.315823756E-3,9.996103048E-1,1.768049888E2,1.525238442E-1,-6.033962842E-2,1.768049052E2
3.772320619E1,2.787397877E-2,5.609883228E-4,1.314057270E-3,9.996104240E-1,1.768054636E2,1.523133375E-1,-6.006223367E-2,1.768053805E2
3.772820619E1,2.787605924E-2,5.615169066E-4,1.315039815E-3,9.996103644E-1,1.768052251E2,1.524276990E-1,-6.011932562E-2,1.768051418E2
3.773320619E1,2.787809718E-2,5.633000401E-4,1.316382666E-3,9.996103048E-1,1.768049914E2,1.525873381E-1,-6.031897735E-2,1.768049078E2
3.773820619E1,2.787818437E-2,5.640377640E-4,1.314218622E-3,9.996103048E-1,1.768049814E2,1.523418151E-1,-6.041038151E-2,1.768048979E2
3.774320619E1,2.788684669E-2,5.701808841E-4,1.309121610E-3,9.996100664E-1,1.768039884E2,1.517781230E-1,-6.112902518E-2,1.768039042E2
3.774820619E1,2.788271346E-2,5.680664326E-4,1.307053608E-3,9.996101856E-1,1.768044622E2,1.515342300E-1,-6.089405656E-2,1.768043785E2
3.775320619E1,2.787625154E-2,5.619762815E-4,1.310760388E-3,9.996103644E-1,1.768052030E2,1.519389818E-1,-6.018558678E-2,1.768051200E2
3.775820619E1,2.786999151E-2,5.566338077E-4,1.309791463E-3,9.996105433E-1,1.768059206E2,1.518105539E-1,-5.957766869E-2,1.768058385E2
3.776320619E1,2.787002714E-2,5.579743301E-4,1.308462233E-3,9.996105433E-1,1.768059166E2,1.516625779E-1,-5.973546128E-2,1.768058343E2
3.776820619E1,2.787213322E-2,5.598080461E-4,1.308353501E-3,9.996104836E-1,1.768056751E2,1.516561060E-1,-5.994553560E-2,1.768055926E2
3.777320619E1,2.788067946E-2,5.652626860E-4,1.306073042E-3,9.996102452E-1,1.768046954E2,1.514128267E-1,-6.057633724E-2,1.768046121E2
3.777820619E1,2.787416299E-2,5.599430879E-4,1.310590771E-3,9.996104240E-1,1.768054424E2,1.519129320E-1,-5.995354992E-2,1.768053597E2
3.778320619E1,2.785946944E-2,5.493883509E-4,1.309252344E-3,9.996108413E-1,1.768071268E2,1.517250395E-1,-5.875104256E-2,1.768070458E2
3.778820619E1,2.786361997E-2,5.524203880E-4,1.310666557E-3,9.996107221E-1,1.768066510E2,1.518969595E-1,-5.909320764E-2,1.768065695E2
3.779320619E1,2.787635450E-2,5.623796606E-4,1.308395527E-3,9.996103644E-1,1.768051912E2,1.516693885E-1,-6.023933148E-2,1.768051082E2
3.779820619E1,2.787614326E-2,5.613740650E-4,1.313318615E-3,9.996103644E-1,1.768052154E2,1.522300890E-1,-6.010844905E-2,1.768051323E2
3.780320619E1,2.787192570E-2,5.591713125E-4,1.313038170E-3,9.996104836E-1,1.768056989E2,1.521906754E-1,-5.985766848E-2,1.768056162E2
3.780820619E1,2.786988932E-2,5.573520320E-4,1.311659114E-3,9.996105433E-1,1.768059324E2,1.520267759E-1,-5.965398983E-2,1.768058500E2
3.781320619E1,2.785716280E-2,5.466942675E-4,1.313944464E-3,9.996109009E-1,1.768073913E2,1.522537725E-1,-5.842781495E-2,1.768073104E2
3.781820619E1,2.785707799E-2,5.476498045E-4,1.315343892E-3,9.996109009E-1,1.768074010E2,1.524171187E-1,-5.853281440E-2,1.768073199E2
3.782320619E1,2.786766556E-2,5.557365366E-4,1.314165653E-3,9.996106029E-1,1.768061873E2,1.523086008E-1,-5.946127334E-2,1.768061050E2
3.782820619E1,2.787803667E-2,5.630208179E-4,1.317782910E-3,9.996103048E-1,1.768049984E2,1.527468363E-1,-6.028252923E-2,1.768049147E2
3.783320619E1,2.786712005E-2,5.550086498E-4,1.325987978E-3,9.996106029E-1,1.768062498E2,1.536604580E-1,-5.934022556E-2,1.768061669E2
3.783820619E1,2.786058874E-2,5.497683887E-4,1.330608851E-3,9.996107817E-1,1.768069985E2,1.541726472E-1,-5.872622051E-2,1.768069162E2
3.784320619E1,2.786492576E-2,5.524777225E-4,1.328223036E-3,9.996106625E-1,1.768065014E2,1.539082653E-1,-5.904351589E-2,1.768064187E2
3.784820619E1,2.787550065E-2,5.613346002E-4,1.326905098E-3,9.996103644E-1,1.768052891E2,1.537862175E-1,-6.006062590E-2,1.768052052E2
3.785320619E1,2.787766535E-2,5.629359512E-4,1.325650956E-3,9.996103048E-1,1.768050409E2,1.536478051E-1,-6.024772923E-2,1.768049568E2
3.785820619E1,2.786492404E-2,5.526098539E-4,1.328204060E-3,9.996106625E-1,1.768065016E2,1.539065135E-1,-5.905871200E-2,1.768064189E2
3.786320619E1,2.785459126E-2,5.441536196E-4,1.324131386E-3,9.996109605E-1,1.768076861E2,1.534123960E-1,-5.810466651E-2,1.768076050E2
3.786820619E1,2.784224991E-2,5.359611241E-4,1.317030517E-3,9.996113181E-1,1.768091008E2,1.525721534E-1,-5.719079025E-2,1.768090215E2
3.787320619E1,2.784410856E-2,5.360328942E-4,1.322933706E-3,9.996112585E-1,1.768088878E2,1.532486828E-1,-5.717989181E-2,1.768088080E2
3.787820619E1,2.784813226E-2,5.400100490E-4,1.326691709E-3,9.996111393E-1,1.768084265E2,1.536920746E-1,-5.762285349E-2,1.768083459E2
3.788320619E1,2.784821753E-2,5.388380960E-4,1.325377729E-3,9.996111393E-1,1.768084167E2,1.535378266E-1,-5.749278989E-2,1.768083364E2
3.788820619E1,2.784409650E-2,5.368309212E-4,1.322863973E-3,9.996112585E-1,1.768088891E2,1.532432409E-1,-5.727152780E-2,1.768088093E2
3.789320619E1,2.782730550E-2,5.237044534E-4,1.321122516E-3,9.996117353E-1,1.768108140E2,1.530009392E-1,-5.577605645E-2,1.768107363E2
3.789820619E1,2.783778476E-2,5.320810014E-4,1.322500408E-3,9.996114373E-1,1.768096127E2,1.531860806E-1,-5.672956587E-2,1.768095336E2
3.790320619E1,2.784844505E-2,5.399726215E-4,1.320125186E-3,9.996111393E-1,1.768083906E2,1.529397961E-1,-5.763947380E-2,1.768083105E2
3.790820619E1,2.784450572E-2,5.361906951E-4,1.314483699E-3,9.996112585E-1,1.768088422E2,1.522812840E-1,-5.722486908E-2,1.768087630E2
3.791320619E1,2.783181468E-2,5.264462088E-4,1.315231784E-3,9.996116161E-1,1.768102971E2,1.523351683E-1,-5.610821408E-2,1.768102193E2
3.791820619E1,2.782979793E-2,5.251654657E-4,1.313116169E-3,9.996116757E-1,1.768105283E2,1.520886323E-1,-5.596856303E-2,1.768104508E2
3.792320619E1,2.783590780E-2,5.295583396E-4,1.317960443E-3,9.996114969E-1,1.768098279E2,1.526578862E-1,-5.645537177E-2,1.768097494E2
3.792820619E1,2.784033948E-2,5.328950938E-4,1.313415822E-3,9.996113777E-1,1.768093198E2,1.521482084E-1,-5.685140925E-2,1.768092411E2
3.793320619E1,2.784454818E-2,5.367790000E-4,1.313343528E-3,9.996112585E-1,1.768088374E2,1.521525601E-1,-5.729588928E-2,1.768087581E2
3.793820619E1,2.785294806E-2,5.429394660E-4,1.314161113E-3,9.996110201E-1,1.768078744E2,1.522663576E-1,-5.799766412E-2,1.768077941E2
3.794320619E1,2.784439605E-2,5.370856379E-4,1.316439942E-3,9.996112585E-1,1.768088548E2,1.525082157E-1,-5.732115682E-2,1.768087753E2
3.794820619E1,2.783152872E-2,5.273199640E-4,1.320920768E-3,9.996116161E-1,1.768103299E2,1.529895968E-1,-5.619019967E-2,1.768102516E2
3.795320619E1,2.783795898E-2,5.323566147E-4,1.318716677E-3,9.996114373E-1,1.768095927E2,1.527535537E-1,-5.677318025E-2,1.768095138E2
3.795820619E1,2.785309151E-2,5.433887709E-4,1.310931053E-3,9.996110201E-1,1.768078580E2,1.518978057E-1,-5.805941855E-2,1.768077778E2
3.796320619E1,2.785087201E-2,5.421848036E-4,1.313133398E-3,9.996110797E-1,1.768081124E2,1.521461066E-1,-5.791481604E-2,1.768080323E2
3.796820619E1,2.783578424E-2,5.297046737E-4,1.320508774E-3,9.996114969E-1,1.768098420E2,1.529502505E-1,-5.646402404E-2,1.768097634E2
3.797320619E1,2.783558875E-2,5.295615993E-4,1.324680285E-3,9.996114969E-1,1.768098644E2,1.534276182E-1,-5.643435889E-2,1.768097856E2
3.797820619E1,2.783579304E-2,5.298728938E-4,1.320255687E-3,9.996114969E-1,1.768098410E2,1.529217971E-1,-5.648409912E-2,1.768097624E2
3.798320619E1,2.784636591E-2,5.389670841E-4,1.319260919E-3,9.996111989E-1,1.768086290E2,1.528374678E-1,-5.752736851E-2,1.768085490E2
3.798820619E1,2.784842162E-2,5.391559680E-4,1.320952782E-3,9.996111393E-1,1.768083933E2,1.530319873E-1,-5.754329107E-2,1.768083132E2
3.799320619E1,2.784214590E-2,5.343141966E-4,1.319895266E-3,9.996113181E-1,1.768091127E2,1.528950417E-1,-5.699301529E-2,1.768090335E2
3.799820619E1,2.783406999E-2,5.296031013E-4,1.311533386E-3,9.996115565E-1,1.768100385E2,1.519217231E-1,-5.648127970E-2,1.768099605E2
3.800320619E1,2.782962670E-2,5.252361298E-4,1.316712005E-3,9.996116757E-1,1.768105479E2,1.525007415E-1,-5.596521589E-2,1.768104702E2
3.800820619E1,2.783351886E-2,5.282944185E-4,1.323701115E-3,9.996115565E-1,1.768101017E2,1.533112982E-1,-5.629264787E-2,1.768100232E2
3.801320619E1,2.784616785E-2,5.385632394E-4,1.323599252E-3,9.996111989E-1,1.768086517E2,1.533331119E-1,-5.746729587E-2,1.768085715E2
3.801820619E1,2.784663900E-2,5.384704564E-4,1.313687651E-3,9.996111989E-1,1.768085977E2,1.521974962E-1,-5.748822422E-2,1.768085181E2
3.802320619E1,2.783198290E-2,5.271954578E-4,1.311366330E-3,9.996116161E-1,1.768102778E2,1.518947901E-1,-5.620634118E-2,1.768102001E2
3.802820619E1,2.783380002E-2,5.281329504E-4,1.317840652E-3,9.996115565E-1,1.768100695E2,1.526394987E-1,-5.629280160E-2,1.768099913E2
3.803320619E1,2.784443412E-2,5.361179938E-4,1.316029113E-3,9.996112585E-1,1.768088504E2,1.524580708E-1,-5.721162112E-2,1.768087711E2
3.803820619E1,2.784257608E-2,5.361232325E-4,1.310050604E-3,9.996113181E-1,1.768090634E2,1.517731593E-1,-5.723157965E-2,1.768089844E2
3.804320619E1,2.783826668E-2,5.328141851E-4,1.312019303E-3,9.996114373E-1,1.768095574E2,1.519878650E-1,-5.684691195E-2,1.768094788E2
3.804820619E1,2.784439347E-2,5.364441895E-4,1.316756126E-3,9.996112585E-1,1.768088551E2,1.525423868E-1,-5.724667231E-2,1.768087757E2
3.805320619E1,2.783809383E-2,5.324084195E-4,1.315846108E-3,9.996114373E-1,1.768095773E2,1.524249107E-1,-5.678825112E-2,1.768094985E2
3.805820619E1,2.783392327E-2,5.287379608E-4,1.314991736E-3,9.996115565E-1,1.768100554E2,1.523150999E-1,-5.637117189E-2,1.768099772E2
3.806320619E1,2.783393745E-2,5.293278373E-4,1.314454246E-3,9.996115565E-1,1.768100537E2,1.522554143E-1,-5.644045273E-2,1.768099755E2
3.806820619E1,2.784433231E-2,5.375983892E-4,1.317578368E-3,9.996112585E-1,1.768088621E2,1.526402518E-1,-5.737626818E-2,1.768087824E2
3.807320619E1,2.785293938E-2,5.436480278E-4,1.314052031E-3,9.996110201E-1,1.768078754E2,1.522561238E-1,-5.807917724E-2,1.768077950E2
3.807820619E1,2.785064452E-2,5.416239146E-4,1.318180002E-3,9.996110797E-1,1.768081385E2,1.527223779E-1,-5.783449610E-2,1.768080582E2
3.808320619E1,2.784237674E-2,5.344985402E-4,1.314942027E-3,9.996113181E-1,1.768090863E2,1.523282630E-1,-5.702989973E-2,1.768090073E2
3.808820619E1,2.784657818E-2,5.379822687E-4,1.315176021E-3,9.996111989E-1,1.768086046E2,1.523664235E-1,-5.742756355E-2,1.768085251E2
3.809320619E1,2.784871084E-2,5.397065543E-4,1.314615482E-3,9.996111393E-1,1.768083602E2,1.523078407E-1,-5.762653911E-2,1.768082804E2
3.809820619E1,2.784033782E-2,5.345635000E-4,1.312772743E-3,9.996113777E-1,1.768093200E2,1.520798684E-1,-5.704457216E-2,1.768092411E2
3.810320619E1,2.784020151E-2,5.327172112E-4,1.316408976E-3,9.996113777E-1,1.768093356E2,1.524904907E-1,-5.682150516E-2,1.768092568E2
3.810820619E1,2.784431721E-2,5.366548430E-4,1.318281982E-3,9.996112585E-1,1.768088638E2,1.527178372E-1,-5.726594497E-2,1.768087843E2
3.811320619E1,2.784035806E-2,5.333766458E-4,1.312826294E-3,9.996113777E-1,1.768093177E2,1.520822171E-1,-5.690844758E-2,1.768092390E2
3.811820619E1,2.783202545E-2,5.265133805E-4,1.310737105E-3,9.996116161E-1,1.768102729E2,1.518205410E-1,-5.613021159E-2,1.768101954E2
3.812320619E1,2.783178145E-2,5.269765970E-4,1.315722475E-3,9.996116161E-1,1.768103009E2,1.523930654E-1,-5.616740857E-2,1.768102230E2
3.812820619E1,2.782978192E-2,5.247860681E-4,1.313606976E-3,9.996116757E-1,1.768105301E2,1.521436420E-1,-5.592354133E-2,1.768104527E2
3.813320619E1,2.782772079E-2,5.232588155E-4,1.312523731E-3,9.996117353E-1,1.768107664E2,1.520145735E-1,-5.575236706E-2,1.768106892E2
3.813820619E1,2.782554085E-2,5.214057746E-4,1.314082299E-3,9.996117949E-1,1.768110163E2,1.521870727E-1,-5.553546838E-2,1.768109393E2
3.814320619E1,2.782551560E-2,5.215253332E-4,1.314569265E-3,9.996117949E-1,1.768110192E2,1.522432332E-1,-5.554761455E-2,1.768109422E2
3.814820619E1,2.782951881E-2,5.251616822E-4,1.319019939E-3,9.996116757E-1,1.768105603E2,1.527648656E-1,-5.594934434E-2,1.768104825E2
3.815320619E1,2.782732153E-2,5.230167881E-4,1.321057440E-3,9.996117353E-1,1.768108122E2,1.529912929E-1,-5.569749146E-2,1.768107346E2
3.815820619E1,2.783153501E-2,5.266998196E-4,1.321035554E-3,9.996116161E-1,1.768103291E2,1.530007676E-1,-5.611879688E-2,1.768102510E2
3.816320619E1,2.783364735E-2,5.279117031E-4,1.321149524E-3,9.996115565E-1,1.768100870E2,1.530178068E-1,-5.625692775E-2,1.768100086E2
3.816820619E1,2.783359412E-2,5.284284125E-4,1.322064083E-3,9.996115565E-1,1.768100931E2,1.531242122E-1,-5.631320639E-2,1.768100146E2
3.817320619E1,2.783999602E-2,5.327675608E-4,1.320727402E-3,9.996113777E-1,1.768093592E2,1.529853036E-1,-5.681352679E-2,1.768092801E2
3.817820619E1,2.784219235E-2,5.355066969E-4,1.318431343E-3,9.996113181E-1,1.768091074E2,1.527311609E-1,-5.713427632E-2,1.768090280E2
3.818320619E1,2.784655467E-2,5.387559067E-4,1.315357280E-3,9.996111989E-1,1.768086073E2,1.523896537E-1,-5.751560666E-2,1.768085276E2
3.818820619E1,2.784039418E-2,5.346544785E-4,1.311539905E-3,9.996113777E-1,1.768093136E2,1.519389437E-1,-5.705891810E-2,1.768092347E2
3.819320619E1,2.783394753E-2,5.278434255E-4,1.314837486E-3,9.996115565E-1,1.768100526E2,1.522945789E-1,-5.626919379E-2,1.768099746E2
3.819820619E1,2.782952762E-2,5.258648307E-4,1.318553928E-3,9.996116757E-1,1.768105593E2,1.527137284E-1,-5.603137277E-2,1.768104814E2
3.820320619E1,2.783382251E-2,5.282426137E-4,1.317321556E-3,9.996115565E-1,1.768100669E2,1.525803887E-1,-5.630701547E-2,1.768099887E2
3.820820619E1,2.783788726E-2,5.309498520E-4,1.320796204E-3,9.996114373E-1,1.768096009E2,1.529872659E-1,-5.660541684E-2,1.768095221E2
3.821320619E1,2.783991074E-2,5.333960871E-4,1.322270487E-3,9.996113777E-1,1.768093690E2,1.531640603E-1,-5.688061277E-2,1.768092897E2
3.821820619E1,2.784409562E-2,5.363444216E-4,1.323079923E-3,9.996112585E-1,1.768088892E2,1.532664250E-1,-5.721511179E-2,1.768088095E2
3.822320619E1,2.784200094E-2,5.349871353E-4,1.322677592E-3,9.996113181E-1,1.768091294E2,1.532158885E-1,-5.706124349E-2,1.768090498E2
3.822820619E1,2.783988134E-2,5.331232678E-4,1.322999364E-3,9.996113777E-1,1.768093723E2,1.532466790E-1,-5.684704130E-2,1.768092931E2
3.823320619E1,2.784812325E-2,5.399071961E-4,1.326922677E-3,9.996111393E-1,1.768084275E2,1.537182026E-1,-5.761033630E-2,1.768083470E2
3.823820619E1,2.786076132E-2,5.487637245E-4,1.327406033E-3,9.996107817E-1,1.768069788E2,1.538025757E-1,-5.862133825E-2,1.768068968E2
3.824320619E1,2.785213813E-2,5.430441233E-4,1.331173466E-3,9.996110201E-1,1.768079673E2,1.542153628E-1,-5.795547728E-2,1.768078860E2
3.824820619E1,2.785421462E-2,5.439119413E-4,1.332129352E-3,9.996109605E-1,1.768077292E2,1.543277475E-1,-5.805151175E-2,1.768076478E2
3.825320619E1,2.785419625E-2,5.438319640E-4,1.332546119E-3,9.996109605E-1,1.768077313E2,1.543752306E-1,-5.804102313E-2,1.768076498E2
3.825820619E1,2.786679837E-2,5.534141092E-4,1.333394088E-3,9.996106029E-1,1.768062867E2,1.545036959E-1,-5.913397465E-2,1.768062036E2
3.826320619E1,2.786874453E-2,5.563105806E-4,1.336195506E-3,9.996105433E-1,1.768060636E2,1.548339563E-1,-5.945650919E-2,1.768059799E2
3.826820619E1,2.787292273E-2,5.584182800E-4,1.337346039E-3,9.996104240E-1,1.768055846E2,1.549727276E-1,-5.969361763E-2,1.768055005E2
3.827320619E1,2.786880018E-2,5.549369962E-4,1.335605746E-3,9.996105433E-1,1.768060572E2,1.547620173E-1,-5.930104413E-2,1.768059738E2
3.827820619E1,2.786447858E-2,5.517962272E-4,1.337852795E-3,9.996106625E-1,1.768065526E2,1.550091247E-1,-5.893477254E-2,1.768064696E2
3.828320619E1,2.786254233E-2,5.504934234E-4,1.334175584E-3,9.996107221E-1,1.768067746E2,1.545836364E-1,-5.879758151E-2,1.768066919E2
3.828820619E1,2.786664328E-2,5.543104489E-4,1.336259884E-3,9.996106029E-1,1.768063045E2,1.548348181E-1,-5.922752008E-2,1.768062211E2
3.829320619E1,2.787070019E-2,5.570576177E-4,1.339679700E-3,9.996104836E-1,1.768058394E2,1.552355633E-1,-5.953064916E-2,1.768057554E2
3.829820619E1,2.786623077E-2,5.538450787E-4,1.345026772E-3,9.996106029E-1,1.768063518E2,1.558375301E-1,-5.914628173E-2,1.768062679E2
3.830320619E1,2.786194501E-2,5.496115191E-4,1.346952165E-3,9.996107221E-1,1.768068431E2,1.560443072E-1,-5.865586096E-2,1.768067598E2
3.830820619E1,2.785767021E-2,5.467110896E-4,1.348081743E-3,9.996108413E-1,1.768073331E2,1.561641867E-1,-5.832068681E-2,1.768072502E2
3.831320619E1,2.787034070E-2,5.571461516E-4,1.347101294E-3,9.996104836E-1,1.768058806E2,1.560859473E-1,-5.951714324E-2,1.768057961E2
3.831820619E1,2.787051944E-2,5.576140247E-4,1.343203941E-3,9.996104836E-1,1.768058601E2,1.556410216E-1,-5.958315619E-2,1.768057758E2
3.832320619E1,2.786641152E-2,5.528535694E-4,1.341685653E-3,9.996106029E-1,1.768063310E2,1.554516585E-1,-5.904334851E-2,1.768062476E2
3.832820619E1,2.785543353E-2,5.442840629E-4,1.351081766E-3,9.996109009E-1,1.768075895E2,1.564999529E-1,-5.803345130E-2,1.768075069E2
3.833320619E1,2.785954590E-2,5.471395561E-4,1.353333006E-3,9.996107817E-1,1.768071181E2,1.567671817E-1,-5.835270839E-2,1.768070348E2
3.833820619E1,2.785962698E-2,5.484798457E-4,1.351119601E-3,9.996107817E-1,1.768071088E2,1.565179262E-1,-5.851328824E-2,1.768070255E2
3.834320619E1,2.785953765E-2,5.476117949E-4,1.353311818E-3,9.996107817E-1,1.768071190E2,1.567662619E-1,-5.840687085E-2,1.768070357E2
3.834820619E1,2.785532692E-2,5.437828950E-4,1.353479340E-3,9.996109009E-1,1.768076017E2,1.567729823E-1,-5.796840748E-2,1.768075190E2
3.835320619E1,2.785112810E-2,5.411824095E-4,1.352887135E-3,9.996110201E-1,1.768080831E2,1.566966033E-1,-5.767307824E-2,1.768080008E2
3.835820619E1,2.785121055E-2,5.408341531E-4,1.351328101E-3,9.996110201E-1,1.768080736E2,1.565169134E-1,-5.763814939E-2,1.768079915E2
3.836320619E1,2.784908231E-2,5.403699470E-4,1.351284562E-3,9.996110797E-1,1.768083176E2,1.565103219E-1,-5.758544815E-2,1.768082356E2
3.836820619E1,2.785751381E-2,5.469879834E-4,1.351197832E-3,9.996108413E-1,1.768073510E2,1.565220010E-1,-5.834248104E-2,1.768072679E2
3.837320619E1,2.785775154E-2,5.458809901E-4,1.346736797E-3,9.996108413E-1,1.768073238E2,1.560074815E-1,-5.822988225E-2,1.768072411E2
3.837820619E1,2.784912503E-2,5.394985201E-4,1.350752194E-3,9.996110797E-1,1.768083127E2,1.564465620E-1,-5.748732109E-2,1.768082308E2
3.838320619E1,2.784464605E-2,5.362364464E-4,1.356158638E-3,9.996111989E-1,1.768088261E2,1.570551885E-1,-5.709711009E-2,1.768087445E2
3.838820619E1,2.784881057E-2,5.386105622E-4,1.357572852E-3,9.996110797E-1,1.768083487E2,1.572249976E-1,-5.736389045E-2,1.768082666E2
3.839320619E1,2.785307017E-2,5.428849836E-4,1.356259338E-3,9.996109605E-1,1.768078604E2,1.570884264E-1,-5.785703513E-2,1.768077777E2
3.839820619E1,2.785528966E-2,5.446492578E-4,1.353897853E-3,9.996109009E-1,1.768076060E2,1.568236853E-1,-5.806631666E-2,1.768075231E2
3.840320619E1,2.784467035E-2,5.368018756E-4,1.355435932E-3,9.996111989E-1,1.768088234E2,1.569742101E-1,-5.716418056E-2,1.768087417E2
3.840820619E1,2.784871587E-2,5.392293679E-4,1.359268790E-3,9.996110797E-1,1.768083596E2,1.574212322E-1,-5.742937542E-2,1.768082773E2
3.841320619E1,2.784458856E-2,5.358467461E-4,1.357492409E-3,9.996111989E-1,1.768088327E2,1.572067214E-1,-5.704822427E-2,1.768087511E2
3.841820619E1,2.784876519E-2,5.393838510E-4,1.358196605E-3,9.996110797E-1,1.768083539E2,1.572989121E-1,-5.745048492E-2,1.768082717E2
3.842320619E1,2.785273337E-2,5.425589043E-4,1.363288146E-3,9.996109605E-1,1.768078990E2,1.578924967E-1,-5.779730227E-2,1.768078160E2
3.842820619E1,2.784656877E-2,5.381249357E-4,1.359860995E-3,9.996111393E-1,1.768086057E2,1.574854197E-1,-5.730131437E-2,1.768085236E2
3.843320619E1,2.784019052E-2,5.322457873E-4,1.361326547E-3,9.996113181E-1,1.768093369E2,1.576341718E-1,-5.662420457E-2,1.768092556E2
3.843820619E1,2.784202748E-2,5.339690833E-4,1.366839162E-3,9.996112585E-1,1.768091263E2,1.582712294E-1,-5.680372509E-2,1.768090444E2
3.844320619E1,2.784853713E-2,5.393913598E-4,1.362861716E-3,9.996110797E-1,1.768083801E2,1.578332987E-1,-5.743649318E-2,1.768082975E2
3.844820619E1,2.785715182E-2,5.462330882E-4,1.358944108E-3,9.996108413E-1,1.768073925E2,1.574068843E-1,-5.823133847E-2,1.768073091E2
3.845320619E1,2.785713894E-2,5.451840698E-4,1.359629096E-3,9.996108413E-1,1.768073940E2,1.574819981E-1,-5.810899191E-2,1.768073107E2
3.845820619E1,2.784845775E-2,5.379660288E-4,1.365045435E-3,9.996110797E-1,1.768083892E2,1.580788843E-1,-5.726626943E-2,1.768083067E2
3.846320619E1,2.785064323E-2,5.410884041E-4,1.362869516E-3,9.996110201E-1,1.768081386E2,1.578397296E-1,-5.763052710E-2,1.768080558E2
3.846820619E1,2.785071358E-2,5.409955047E-4,1.361467992E-3,9.996110201E-1,1.768081306E2,1.576788964E-1,-5.762434766E-2,1.768080479E2
3.847320619E1,2.785710914E-2,5.457944935E-4,1.359994756E-3,9.996108413E-1,1.768073974E2,1.575258305E-1,-5.817775152E-2,1.768073140E2
3.847820619E1,2.786118806E-2,5.483623827E-4,1.363022835E-3,9.996107221E-1,1.768069298E2,1.578811249E-1,-5.846158479E-2,1.768068458E2
3.848320619E1,2.785483241E-2,5.430843448E-4,1.363896881E-3,9.996109009E-1,1.768076584E2,1.579640244E-1,-5.785521527E-2,1.768075752E2
3.848820619E1,2.784656172E-2,5.375613691E-4,1.360228169E-3,9.996111393E-1,1.768086065E2,1.575256796E-1,-5.723558893E-2,1.768085244E2
3.849320619E1,2.784031563E-2,5.329422420E-4,1.358492533E-3,9.996113181E-1,1.768093226E2,1.573117722E-1,-5.671300316E-2,1.768092413E2
3.849820619E1,2.784660914E-2,5.380985094E-4,1.359044341E-3,9.996111393E-1,1.768086011E2,1.573917923E-1,-5.730088695E-2,1.768085190E2
3.850320619E1,2.785526546E-2,5.438790540E-4,1.354704960E-3,9.996109009E-1,1.768076088E2,1.569136772E-1,-5.797551959E-2,1.768075260E2
3.850820619E1,2.784055165E-2,5.334605812E-4,1.353442669E-3,9.996113181E-1,1.768092955E2,1.567349912E-1,-5.678845121E-2,1.768092145E2
3.851320619E1,2.783002105E-2,5.252439878E-4,1.353120664E-3,9.996116161E-1,1.768105027E2,1.566713028E-1,-5.584994253E-2,1.768104230E2
3.851820619E1,2.784070697E-2,5.330184358E-4,1.350418548E-3,9.996113181E-1,1.768092777E2,1.563871845E-1,-5.674742855E-2,1.768091969E2
3.852320619E1,2.785133527E-2,5.420607049E-4,1.348262653E-3,9.996110201E-1,1.768080593E2,1.561696968E-1,-5.778841143E-2,1.768079772E2
3.852820619E1,2.784916170E-2,5.390839069E-4,1.350161736E-3,9.996110797E-1,1.768083085E2,1.563776054E-1,-5.744170702E-2,1.768082267E2
3.853320619E1,2.784246717E-2,5.349197891E-4,1.357478905E-3,9.996112585E-1,1.768090759E2,1.572020958E-1,-5.694242080E-2,1.768089944E2
3.853820619E1,2.784671407E-2,5.373284803E-4,1.357197878E-3,9.996111393E-1,1.768085891E2,1.571778336E-1,-5.721855811E-2,1.768085072E2
3.854320619E1,2.784671035E-2,5.376456538E-4,1.357148634E-3,9.996111393E-1,1.768085895E2,1.571732049E-1,-5.725504712E-2,1.768085076E2
3.854820619E1,2.784869031E-2,5.393077736E-4,1.359761227E-3,9.996110797E-1,1.768083625E2,1.574778882E-1,-5.743678907E-2,1.768082802E2
3.855320619E1,2.785909940E-2,5.473609199E-4,1.362404670E-3,9.996107817E-1,1.768071693E2,1.578069963E-1,-5.834917364E-2,1.768070855E2
3.855820619E1,2.785909477E-2,5.475876387E-4,1.362408162E-3,9.996107817E-1,1.768071698E2,1.578081199E-1,-5.837513317E-2,1.768070860E2
3.856320619E1,2.785300720E-2,5.417468492E-4,1.358006499E-3,9.996109605E-1,1.768078677E2,1.572849224E-1,-5.772109854E-2,1.768077850E2
3.856820619E1,2.783809671E-2,5.313013680E-4,1.360746566E-3,9.996113777E-1,1.768095769E2,1.575646050E-1,-5.651820450E-2,1.768094958E2
3.857320619E1,2.784640219E-2,5.367184640E-4,1.363822026E-3,9.996111393E-1,1.768086248E2,1.579346472E-1,-5.712759362E-2,1.768085427E2
3.857820619E1,2.786107334E-2,5.488949828E-4,1.365151838E-3,9.996107221E-1,1.768069430E2,1.581266902E-1,-5.851581331E-2,1.768068588E2
3.858320619E1,2.786104846E-2,5.493933568E-4,1.365458942E-3,9.996107221E-1,1.768069458E2,1.581634579E-1,-5.857192398E-2,1.768068615E2
3.858820619E1,2.786300556E-2,5.500648986E-4,1.368884812E-3,9.996106625E-1,1.768067215E2,1.585581407E-1,-5.863759875E-2,1.768066369E2
3.859320619E1,2.785875542E-2,5.465977592E-4,1.369725214E-3,9.996107817E-1,1.768072087E2,1.586430879E-1,-5.823843960E-2,1.768071246E2
3.859820619E1,2.786079765E-2,5.485072616E-4,1.370921964E-3,9.996107221E-1,1.768069746E2,1.587863880E-1,-5.845302235E-2,1.768068901E2
3.860320619E1,2.786496381E-2,5.508545437E-4,1.372228027E-3,9.996106029E-1,1.768064970E2,1.589437332E-1,-5.871706411E-2,1.768064121E2
3.860820619E1,2.786896951E-2,5.542825675E-4,1.376333414E-3,9.996104836E-1,1.768060378E2,1.594251774E-1,-5.909598573E-2,1.768059521E2
3.861320619E1,2.786914169E-2,5.546180764E-4,1.372707076E-3,9.996104836E-1,1.768060181E2,1.590108724E-1,-5.914597108E-2,1.768059325E2
3.861820619E1,2.786502541E-2,5.514097284E-4,1.370753394E-3,9.996106029E-1,1.768064899E2,1.587765946E-1,-5.878535780E-2,1.768064050E2
3.862320619E1,2.785232443E-2,5.420350935E-4,1.371824648E-3,9.996109605E-1,1.768079459E2,1.588686341E-1,-5.771011972E-2,1.768078624E2
3.862820619E1,2.785861343E-2,5.471852492E-4,1.372376108E-3,9.996107817E-1,1.768072250E2,1.589486077E-1,-5.829729449E-2,1.768071406E2
3.863320619E1,2.786937311E-2,5.555656971E-4,1.367616002E-3,9.996104836E-1,1.768059915E2,1.584307443E-1,-5.927074061E-2,1.768059061E2
3.863820619E1,2.787793539E-2,5.627249484E-4,1.364439260E-3,9.996102452E-1,1.768050100E2,1.580902378E-1,-6.009960238E-2,1.768049236E2
3.864320619E1,2.787156764E-2,5.578011042E-4,1.365548349E-3,9.996104240E-1,1.768057400E2,1.582011707E-1,-5.953305578E-2,1.768056543E2
3.864820619E1,2.786933285E-2,5.552049843E-4,1.368582482E-3,9.996104836E-1,1.768059961E2,1.585402974E-1,-5.922634180E-2,1.768059107E2
3.865320619E1,2.787146014E-2,5.573225790E-4,1.367935678E-3,9.996104240E-1,1.768057523E2,1.584730977E-1,-5.947063425E-2,1.768056666E2
3.865820619E1,2.787566432E-2,5.606038612E-4,1.368040568E-3,9.996103048E-1,1.768052703E2,1.584958450E-1,-5.984549349E-2,1.768051841E2
3.866320619E1,2.787750314E-2,5.613958929E-4,1.373786363E-3,9.996102452E-1,1.768050595E2,1.591566500E-1,-5.991757111E-2,1.768049728E2
3.866820619E1,2.788163043E-2,5.639679148E-4,1.375712920E-3,9.996101260E-1,1.768045864E2,1.593857973E-1,-6.020537560E-2,1.768044991E2
3.867320619E1,2.787956945E-2,5.632906687E-4,1.374448766E-3,9.996101856E-1,1.768048227E2,1.592387041E-1,-6.013216655E-2,1.768047356E2
3.867820619E1,2.787314293E-2,5.582921440E-4,1.376779983E-3,9.996103644E-1,1.768055594E2,1.594893851E-1,-5.955317843E-2,1.768054730E2
3.868320619E1,2.786860230E-2,5.546340835E-4,1.383608091E-3,9.996104836E-1,1.768060799E2,1.602595723E-1,-5.911307701E-2,1.768059937E2
3.868820619E1,2.788099255E-2,5.640893942E-4,1.388531178E-3,9.996101260E-1,1.768046595E2,1.608544422E-1,-6.017843784E-2,1.768045715E2
3.869320619E1,2.788747402E-2,5.690378021E-4,1.385077136E-3,9.996099472E-1,1.768039165E2,1.604749965E-1,-6.075525788E-2,1.768038278E2
3.869820619E1,2.788768833E-2,5.695818691E-4,1.380530884E-3,9.996099472E-1,1.768038919E2,1.599559882E-1,-6.083207351E-2,1.768038035E2
3.870320619E1,2.787705529E-2,5.616566632E-4,1.382738468E-3,9.996102452E-1,1.768051109E2,1.601828947E-1,-5.991891476E-2,1.768050236E2
3.870820619E1,2.787680998E-2,5.608588690E-4,1.387997880E-3,9.996102452E-1,1.768051390E2,1.607827820E-1,-5.981076781E-2,1.768050515E2
3.871320619E1,2.787879193E-2,5.613915855E-4,1.390898484E-3,9.996101856E-1,1.768049118E2,1.611168586E-1,-5.986220331E-2,1.768048240E2
3.871820619E1,2.787440934E-2,5.581597798E-4,1.394357998E-3,9.996103048E-1,1.768054142E2,1.615025499E-1,-5.948166567E-2,1.768053268E2
3.872320619E1,2.788082666E-2,5.633517867E-4,1.392156933E-3,9.996101260E-1,1.768046785E2,1.612673954E-1,-6.008238959E-2,1.768045904E2
3.872820619E1,2.787686949E-2,5.603539757E-4,1.387006254E-3,9.996102452E-1,1.768051322E2,1.606675846E-1,-5.975609206E-2,1.768050448E2
3.873320619E1,2.785989776E-2,5.465329741E-4,1.389867277E-3,9.996107221E-1,1.768070777E2,1.609501651E-1,-5.816653187E-2,1.768069925E2
3.873820619E1,2.784486271E-2,5.349246203E-4,1.395588974E-3,9.996111393E-1,1.768088013E2,1.615676523E-1,-5.682099311E-2,1.768087176E2
3.874320619E1,2.785929893E-2,5.464744754E-4,1.401842223E-3,9.996107221E-1,1.768071464E2,1.623216404E-1,-5.812169708E-2,1.768070604E2
3.874820619E1,2.787197864E-2,5.565108731E-4,1.400861307E-3,9.996103644E-1,1.768056928E2,1.622420743E-1,-5.927240971E-2,1.768056053E2
3.875320619E1,2.786773212E-2,5.532635259E-4,1.401567133E-3,9.996104836E-1,1.768061796E2,1.623123019E-1,-5.889887118E-2,1.768060926E2
3.875820619E1,2.786174534E-2,5.477677914E-4,1.395203522E-3,9.996106625E-1,1.768068659E2,1.615654674E-1,-5.829064136E-2,1.768067802E2
3.876320619E1,2.785354626E-2,5.424821284E-4,1.390150283E-3,9.996109009E-1,1.768078059E2,1.609692826E-1,-5.770263902E-2,1.768077212E2
3.876820619E1,2.785578059E-2,5.436918000E-4,1.387765864E-3,9.996108413E-1,1.768075497E2,1.607001446E-1,-5.784845482E-2,1.768074651E2
3.877320619E1,2.785983377E-2,5.467407755E-4,1.391067868E-3,9.996107221E-1,1.768070851E2,1.610883492E-1,-5.818651220E-2,1.768069997E2
3.877820619E1,2.786200789E-2,5.486386362E-4,1.389606972E-3,9.996106625E-1,1.768068358E2,1.609271941E-1,-5.840822044E-2,1.768067503E2
3.878320619E1,2.785389319E-2,5.419984809E-4,1.383371186E-3,9.996109009E-1,1.768077661E2,1.601912318E-1,-5.766882105E-2,1.768076819E2
3.878820619E1,2.784113791E-2,5.328902625E-4,1.385256066E-3,9.996112585E-1,1.768092283E2,1.603773431E-1,-5.662153209E-2,1.768091455E2
3.879320619E1,2.783491837E-2,5.271048285E-4,1.383422292E-3,9.996114373E-1,1.768099413E2,1.601484821E-1,-5.596567476E-2,1.768098596E2
3.879820619E1,2.784326112E-2,5.338039482E-4,1.385241048E-3,9.996111989E-1,1.768089849E2,1.603786586E-1,-5.672589934E-2,1.768089020E2
3.880320619E1,2.785382103E-2,5.427232827E-4,1.384539530E-3,9.996109009E-1,1.768077744E2,1.603273719E-1,-5.774812724E-2,1.768076900E2
3.880820619E1,2.784759614E-2,5.380255752E-4,1.382488059E-3,9.996110797E-1,1.768084880E2,1.600770299E-1,-5.721756390E-2,1.768084045E2
3.881320619E1,2.783279149E-2,5.262662307E-4,1.383465366E-3,9.996114969E-1,1.768101851E2,1.601506221E-1,-5.586981922E-2,1.768101035E2
3.881820619E1,2.783069002E-2,5.240832106E-4,1.383503317E-3,9.996115565E-1,1.768104260E2,1.601478894E-1,-5.561997630E-2,1.768103448E2
3.882320619E1,2.783927164E-2,5.306219100E-4,1.380615286E-3,9.996113181E-1,1.768094422E2,1.598384117E-1,-5.637680360E-2,1.768093601E2
3.882820619E1,2.784565101E-2,5.366764381E-4,1.379090478E-3,9.996111393E-1,1.768087109E2,1.596834296E-1,-5.707417730E-2,1.768086279E2
3.883320619E1,2.785389894E-2,5.431261379E-4,1.382812974E-3,9.996109009E-1,1.768077654E2,1.601308901E-1,-5.779977161E-2,1.768076811E2
3.883820619E1,2.784962274E-2,5.396152264E-4,1.384141273E-3,9.996110201E-1,1.768082556E2,1.602715905E-1,-5.739405306E-2,1.768081718E2
3.884320619E1,2.784745683E-2,5.381438532E-4,1.385245239E-3,9.996110797E-1,1.768085039E2,1.603932269E-1,-5.722233596E-2,1.768084203E2
3.884820619E1,2.783689745E-2,5.281846388E-4,1.386254560E-3,9.996113777E-1,1.768097144E2,1.604764663E-1,-5.608001196E-2,1.768096324E2
3.885320619E1,2.784518888E-2,5.360354553E-4,1.388637698E-3,9.996111393E-1,1.768087639E2,1.607749659E-1,-5.697036413E-2,1.768086804E2
3.885820619E1,2.785352443E-2,5.413460312E-4,1.391030266E-3,9.996109009E-1,1.768078084E2,1.610664545E-1,-5.756969723E-2,1.768077239E2
3.886320619E1,2.784935608E-2,5.380719667E-4,1.390094403E-3,9.996110201E-1,1.768082862E2,1.609485646E-1,-5.719832127E-2,1.768082023E2
3.886820619E1,2.784524055E-2,5.356695619E-4,1.387742464E-3,9.996111393E-1,1.768087580E2,1.606712547E-1,-5.693130045E-2,1.768086746E2
3.887320619E1,2.784744628E-2,5.364975077E-4,1.386095770E-3,9.996110797E-1,1.768085051E2,1.604853981E-1,-5.703103951E-2,1.768084217E2
3.887820619E1,2.784974540E-2,5.392747116E-4,1.381803886E-3,9.996110201E-1,1.768082416E2,1.600027695E-1,-5.736248805E-2,1.768081580E2
3.888320619E1,2.785419760E-2,5.426973221E-4,1.376952976E-3,9.996109009E-1,1.768077312E2,1.594582919E-1,-5.776930898E-2,1.768076473E2
3.888820619E1,2.786265110E-2,5.491198972E-4,1.376457978E-3,9.996106625E-1,1.768067621E2,1.594225876E-1,-5.850522747E-2,1.768066772E2
3.889320619E1,2.786268387E-2,5.499882973E-4,1.375447609E-3,9.996106625E-1,1.768067584E2,1.593096275E-1,-5.860792087E-2,1.768066734E2
3.889820619E1,2.785659573E-2,5.452751066E-4,1.370677375E-3,9.996108413E-1,1.768074563E2,1.587478071E-1,-5.808423697E-2,1.768073723E2
3.890320619E1,2.785034673E-2,5.404543481E-4,1.369165489E-3,9.996110201E-1,1.768081726E2,1.585588753E-1,-5.753785108E-2,1.768080896E2
3.890820619E1,2.784988662E-2,5.399460788E-4,1.378691988E-3,9.996110201E-1,1.768082254E2,1.596484610E-1,-5.744930001E-2,1.768081418E2
3.891320619E1,2.784991757E-2,5.393069005E-4,1.378316898E-3,9.996110201E-1,1.768082218E2,1.596034572E-1,-5.737727618E-2,1.768081384E2
3.891820619E1,2.784991952E-2,5.393229076E-4,1.378271380E-3,9.996110201E-1,1.768082216E2,1.595982944E-1,-5.737925471E-2,1.768081382E2
3.892320619E1,2.784559141E-2,5.367322010E-4,1.380271744E-3,9.996111393E-1,1.768087178E2,1.598189150E-1,-5.707680493E-2,1.768086347E2
3.892820619E1,2.784562314E-2,5.354728783E-4,1.380120637E-3,9.996111393E-1,1.768087141E2,1.597975892E-1,-5.693303037E-2,1.768086312E2
3.893320619E1,2.784352735E-2,5.338050541E-4,1.379879075E-3,9.996111989E-1,1.768089544E2,1.597644778E-1,-5.674309186E-2,1.768088718E2
3.893820619E1,2.783739360E-2,5.291089183E-4,1.375900465E-3,9.996113777E-1,1.768096575E2,1.592934091E-1,-5.621883551E-2,1.768095759E2
3.894320619E1,2.785010134E-2,5.389180151E-4,1.374751329E-3,9.996110201E-1,1.768082008E2,1.591938005E-1,-5.734408060E-2,1.768081176E2
3.894820619E1,2.785210663E-2,5.418853834E-4,1.376298489E-3,9.996109605E-1,1.768079709E2,1.593806098E-1,-5.767872632E-2,1.768078872E2
3.895320619E1,2.786050561E-2,5.486273440E-4,1.376796281E-3,9.996107221E-1,1.768070081E2,1.594596410E-1,-5.844806907E-2,1.768069232E2
3.895820619E1,2.784791599E-2,5.381884985E-4,1.375966473E-3,9.996110797E-1,1.768084513E2,1.593305382E-1,-5.725698689E-2,1.768083682E2
3.896320619E1,2.783519293E-2,5.286477972E-4,1.377295819E-3,9.996114373E-1,1.768099098E2,1.594516484E-1,-5.616191529E-2,1.768098282E2
3.896820619E1,2.784782440E-2,5.375959445E-4,1.378050074E-3,9.996110797E-1,1.768084618E2,1.595673128E-1,-5.718247698E-2,1.768083787E2
3.897320619E1,2.786242791E-2,5.495469086E-4,1.380798523E-3,9.996106625E-1,1.768067877E2,1.599211354E-1,-5.854031706E-2,1.768067025E2
3.897820619E1,2.786051805E-2,5.486935843E-4,1.376518165E-3,9.996107221E-1,1.768070066E2,1.594279958E-1,-5.845654265E-2,1.768069218E2
3.898320619E1,2.785636568E-2,5.445347633E-4,1.375638065E-3,9.996108413E-1,1.768074827E2,1.593136636E-1,-5.798363394E-2,1.768073985E2
3.898820619E1,2.784789257E-2,5.383504904E-4,1.376376837E-3,9.996110797E-1,1.768084540E2,1.593780600E-1,-5.727423675E-2,1.768083708E2
3.899320619E1,2.784180074E-2,5.335615133E-4,1.371608581E-3,9.996112585E-1,1.768091523E2,1.588162401E-1,-5.674185812E-2,1.768090702E2
3.899820619E1,2.784367601E-2,5.339768832E-4,1.376809552E-3,9.996111989E-1,1.768089373E2,1.594134290E-1,-5.677254464E-2,1.768088549E2
3.900320619E1,2.785009575E-2,5.397223867E-4,1.374548883E-3,9.996110201E-1,1.768082014E2,1.591731777E-1,-5.743686596E-2,1.768081181E2
3.900820619E1,2.785433721E-2,5.429773591E-4,1.374015352E-3,9.996109009E-1,1.768077152E2,1.591226971E-1,-5.781074089E-2,1.768076314E2
3.901320619E1,2.784384055E-2,5.344722886E-4,1.373285195E-3,9.996111989E-1,1.768089185E2,1.590113136E-1,-5.684051098E-2,1.768088361E2
3.901820619E1,2.783521109E-2,5.278867902E-4,1.377220615E-3,9.996114373E-1,1.768099077E2,1.594406074E-1,-5.607498117E-2,1.768098262E2
3.902320619E1,2.784384526E-2,5.344966776E-4,1.373180305E-3,9.996111989E-1,1.768089179E2,1.589993768E-1,-5.684363859E-2,1.768088356E2
3.902820619E1,2.785875577E-2,5.460136454E-4,1.369951060E-3,9.996107817E-1,1.768072087E2,1.586670930E-1,-5.817081006E-2,1.768071246E2
3.903320619E1,2.785446012E-2,5.432736361E-4,1.371404156E-3,9.996109009E-1,1.768077011E2,1.588245447E-1,-5.785299383E-2,1.768076174E2
3.903820619E1,2.784805514E-2,5.375200999E-4,1.373409061E-3,9.996110797E-1,1.768084353E2,1.590354686E-1,-5.718856296E-2,1.768083525E2
3.904320619E1,2.784172772E-2,5.330496933E-4,1.373288804E-3,9.996112585E-1,1.768091607E2,1.590070678E-1,-5.667788149E-2,1.768090786E2
3.904820619E1,2.783978339E-2,5.308783147E-4,1.370157930E-3,9.996113181E-1,1.768093836E2,1.586413968E-1,-5.643945417E-2,1.768093020E2
3.905320619E1,2.784180904E-2,5.331090069E-4,1.371616148E-3,9.996112585E-1,1.768091514E2,1.588156636E-1,-5.668999939E-2,1.768090693E2
3.905820619E1,2.784793907E-2,5.382405943E-4,1.375478809E-3,9.996110797E-1,1.768084486E2,1.592748453E-1,-5.726450688E-2,1.768083656E2
3.906320619E1,2.785204061E-2,5.413565086E-4,1.377841807E-3,9.996109605E-1,1.768079785E2,1.595557007E-1,-5.761323002E-2,1.768078947E2
3.906820619E1,2.784368248E-2,5.349249113E-4,1.376310596E-3,9.996111989E-1,1.768089366E2,1.593593004E-1,-5.688272945E-2,1.768088540E2
3.907320619E1,2.784130891E-2,5.322019570E-4,1.382080256E-3,9.996112585E-1,1.768092087E2,1.600113763E-1,-5.655279360E-2,1.768091262E2
3.907820619E1,2.784339836E-2,5.349178682E-4,1.382049290E-3,9.996111989E-1,1.768089692E2,1.600166135E-1,-5.686365751E-2,1.768088863E2
3.908320619E1,2.785389001E-2,5.430605961E-4,1.383018564E-3,9.996109009E-1,1.768077665E2,1.601542301E-1,-5.779160920E-2,1.768076822E2
3.908820619E1,2.785605993E-2,5.442675902E-4,1.381920651E-3,9.996108413E-1,1.768075177E2,1.600324458E-1,-5.793302379E-2,1.768074333E2
3.909320619E1,2.785193534E-2,5.416521453E-4,1.379852183E-3,9.996109605E-1,1.768079905E2,1.597869214E-1,-5.764069464E-2,1.768079066E2
3.909820619E1,2.785188537E-2,5.418050569E-4,1.380800502E-3,9.996109605E-1,1.768079963E2,1.598960339E-1,-5.765519146E-2,1.768079123E2
3.910320619E1,2.784778316E-2,5.373917520E-4,1.378962887E-3,9.996110797E-1,1.768084665E2,1.596712190E-1,-5.715618095E-2,1.768083834E2
3.910820619E1,2.785204279E-2,5.415975465E-4,1.377703040E-3,9.996109605E-1,1.768079782E2,1.595405748E-1,-5.764128275E-2,1.768078945E2
3.911320619E1,2.785616364E-2,5.440970417E-4,1.379895839E-3,9.996108413E-1,1.768075058E2,1.597999708E-1,-5.791993491E-2,1.768074215E2
3.911820619E1,2.785790386E-2,5.458755186E-4,1.387221040E-3,9.996107817E-1,1.768073063E2,1.606448310E-1,-5.809999114E-2,1.768072213E2
3.912320619E1,2.785590747E-2,5.447470467E-4,1.384802046E-3,9.996108413E-1,1.768075352E2,1.603640234E-1,-5.797877068E-2,1.768074505E2
3.912820619E1,2.785603743E-2,5.437141517E-4,1.382591901E-3,9.996108413E-1,1.768075203E2,1.601075676E-1,-5.786748995E-2,1.768074359E2
3.913320619E1,2.785173942E-2,5.414495827E-4,1.383880386E-3,9.996109605E-1,1.768080130E2,1.602476831E-1,-5.760466635E-2,1.768079289E2
3.913820619E1,2.784955185E-2,5.389287253E-4,1.385833952E-3,9.996110201E-1,1.768082638E2,1.604632871E-1,-5.731002574E-2,1.768081800E2
3.914320619E1,2.785153303E-2,5.401468370E-4,1.388535369E-3,9.996109605E-1,1.768080366E2,1.607767287E-1,-5.744061681E-2,1.768079525E2
3.914820619E1,2.785130946E-2,5.400039954E-4,1.393068000E-3,9.996109605E-1,1.768080623E2,1.612954603E-1,-5.740982429E-2,1.768079779E2
3.915320619E1,2.785554209E-2,5.427075666E-4,1.392928767E-3,9.996108413E-1,1.768075771E2,1.612883852E-1,-5.771927171E-2,1.768074923E2
3.915820619E1,2.786205577E-2,5.479992251E-4,1.388899051E-3,9.996106625E-1,1.768068304E2,1.608440648E-1,-5.833723041E-2,1.768067449E2
3.916320619E1,2.785988934E-2,5.464858259E-4,1.390054706E-3,9.996107221E-1,1.768070787E2,1.609714835E-1,-5.816053416E-2,1.768069934E2
3.916820619E1,2.785562113E-2,5.441672402E-4,1.390776830E-3,9.996108413E-1,1.768075680E2,1.610465509E-1,-5.789332937E-2,1.768074831E2
3.917320619E1,2.786402445E-2,5.504295696E-4,1.391340047E-3,9.996106029E-1,1.768066047E2,1.611315497E-1,-5.860750794E-2,1.768065187E2
3.917820619E1,2.786406797E-2,5.507351016E-4,1.390347257E-3,9.996106029E-1,1.768065997E2,1.610188066E-1,-5.864566874E-2,1.768065137E2
3.918320619E1,2.785950009E-2,5.468991003E-4,1.397672575E-3,9.996107221E-1,1.768071233E2,1.618453862E-1,-5.818361573E-2,1.768070376E2
3.918820619E1,2.786349004E-2,5.487087183E-4,1.402676105E-3,9.996106029E-1,1.768066659E2,1.624245374E-1,-5.837427964E-2,1.768065796E2
3.919320619E1,2.786334651E-2,5.498703686E-4,1.405070303E-3,9.996106029E-1,1.768066824E2,1.627024870E-1,-5.849972182E-2,1.768065957E2
3.919820619E1,2.786140847E-2,5.479872343E-4,1.401828602E-3,9.996106625E-1,1.768069046E2,1.623250330E-1,-5.829467995E-2,1.768068184E2
3.920320619E1,2.786345097E-2,5.488872994E-4,1.403382164E-3,9.996106029E-1,1.768066704E2,1.625059824E-1,-5.839248746E-2,1.768065840E2
3.920820619E1,2.787394349E-2,5.582788726E-4,1.403592527E-3,9.996103048E-1,1.768054676E2,1.625606920E-1,-5.946588563E-2,1.768053796E2
3.921320619E1,2.787595492E-2,5.585871986E-4,1.405970543E-3,9.996102452E-1,1.768052370E2,1.628341916E-1,-5.949327989E-2,1.768051488E2
3.921820619E1,2.787603464E-2,5.586297484E-4,1.404372160E-3,9.996102452E-1,1.768052279E2,1.626512421E-1,-5.950324680E-2,1.768051398E2
3.922320619E1,2.786741709E-2,5.523940781E-4,1.408158336E-3,9.996104836E-1,1.768062158E2,1.630645105E-1,-5.877828098E-2,1.768061285E2
3.922820619E1,2.786321686E-2,5.499993567E-4,1.407588599E-3,9.996106029E-1,1.768066973E2,1.629913551E-1,-5.850647725E-2,1.768066104E2
3.923320619E1,2.786544536E-2,5.516214296E-4,1.405165531E-3,9.996105433E-1,1.768064418E2,1.627191097E-1,-5.869965482E-2,1.768063548E2
3.923820619E1,2.787396646E-2,5.586168845E-4,1.403001719E-3,9.996103048E-1,1.768054650E2,1.624940977E-1,-5.950648729E-2,1.768053769E2
3.924320619E1,2.786741328E-2,5.523842410E-4,1.408237498E-3,9.996104836E-1,1.768062162E2,1.630735467E-1,-5.877690199E-2,1.768061289E2
3.924820619E1,2.786302202E-2,5.495161749E-4,1.411628327E-3,9.996106029E-1,1.768067196E2,1.634525405E-1,-5.843826333E-2,1.768066326E2
3.925320619E1,2.786122313E-2,5.479301326E-4,1.405529794E-3,9.996106625E-1,1.768069258E2,1.627488012E-1,-5.827635224E-2,1.768068394E2
3.925820619E1,2.785914248E-2,5.465766881E-4,1.404908253E-3,9.996107221E-1,1.768071643E2,1.626731629E-1,-5.812364229E-2,1.768070782E2
3.926320619E1,2.786321297E-2,5.488094757E-4,1.408129814E-3,9.996106029E-1,1.768066977E2,1.630495501E-1,-5.836845254E-2,1.768066110E2
3.926820619E1,2.786738073E-2,5.523007712E-4,1.408914337E-3,9.996104836E-1,1.768062199E2,1.631508082E-1,-5.876518464E-2,1.768061326E2
3.927320619E1,2.787167130E-2,5.554960808E-4,1.407363918E-3,9.996103644E-1,1.768057281E2,1.629836705E-1,-5.913544923E-2,1.768056403E2
3.927820619E1,2.786758828E-2,5.522161955E-4,1.404836192E-3,9.996104836E-1,1.768061961E2,1.626834102E-1,-5.876848635E-2,1.768061091E2
3.928320619E1,2.786753773E-2,5.532315699E-4,1.405439340E-3,9.996104836E-1,1.768062019E2,1.627557389E-1,-5.888287648E-2,1.768061147E2
3.928820619E1,2.787185321E-2,5.558528355E-4,1.403615461E-3,9.996103644E-1,1.768057072E2,1.625554455E-1,-5.918825720E-2,1.768056196E2
3.929320619E1,2.787190632E-2,5.561384605E-4,1.402447117E-3,9.996103644E-1,1.768057011E2,1.624225305E-1,-5.922469769E-2,1.768056136E2
3.929820619E1,2.786752905E-2,5.523420987E-4,1.405961346E-3,9.996104836E-1,1.768062029E2,1.628126921E-1,-5.877932466E-2,1.768061158E2
3.930320619E1,2.786749731E-2,5.529446644E-4,1.406353549E-3,9.996104836E-1,1.768062066E2,1.628595404E-1,-5.884709941E-2,1.768061193E2
3.930820619E1,2.786981389E-2,5.540732527E-4,1.402363647E-3,9.996104240E-1,1.768059410E2,1.624062492E-1,-5.898874102E-2,1.768058538E2
3.931320619E1,2.786974855E-2,5.548304180E-4,1.403362374E-3,9.996104240E-1,1.768059485E2,1.625230650E-1,-5.907229294E-2,1.768058611E2
3.931820619E1,2.787807323E-2,5.608287756E-4,1.405454474E-3,9.996101856E-1,1.768049942E2,1.627823650E-1,-5.975134923E-2,1.768049056E2
3.932320619E1,2.788018610E-2,5.635152338E-4,1.404861221E-3,9.996101260E-1,1.768047520E2,1.627231194E-1,-6.006062604E-2,1.768046630E2
3.932820619E1,2.787383321E-2,5.576681579E-4,1.406023162E-3,9.996103048E-1,1.768054802E2,1.628371570E-1,-5.938818413E-2,1.768053922E2
3.933320619E1,2.787578148E-2,5.589017528E-4,1.409280463E-3,9.996102452E-1,1.768052569E2,1.632143283E-1,-5.951876608E-2,1.768051685E2
3.933820619E1,2.788000002E-2,5.621705786E-4,1.409086399E-3,9.996101260E-1,1.768047733E2,1.632027941E-1,-5.989313119E-2,1.768046843E2
3.934320619E1,2.787792702E-2,5.612889072E-4,1.408168464E-3,9.996101856E-1,1.768050109E2,1.630947062E-1,-5.979540940E-2,1.768049222E2
3.934820619E1,2.788649028E-2,5.679515307E-4,1.405183459E-3,9.996099472E-1,1.768040293E2,1.627745872E-1,-6.056673405E-2,1.768039396E2
3.935320619E1,2.788658842E-2,5.676219589E-4,1.403367845E-3,9.996099472E-1,1.768040180E2,1.625655665E-1,-6.053476873E-2,1.768039285E2
3.935820619E1,2.788873444E-2,5.688933888E-4,1.402663183E-3,9.996098876E-1,1.768037720E2,1.624890430E-1,-6.068231010E-2,1.768036823E2
3.936320619E1,2.789500255E-2,5.737108877E-4,1.403491828E-3,9.996097088E-1,1.768030535E2,1.625997430E-1,-6.123047171E-2,1.768029629E2
3.936820619E1,2.789515490E-2,5.742256180E-4,1.400249545E-3,9.996097088E-1,1.768030360E2,1.622300036E-1,-6.129977210E-2,1.768029456E2
3.937320619E1,2.788862347E-2,5.700502661E-4,1.404398819E-3,9.996098876E-1,1.768037847E2,1.626915459E-1,-6.080929791E-2,1.768036947E2
3.937820619E1,2.788419748E-2,5.656091962E-4,1.409221091E-3,9.996100068E-1,1.768042921E2,1.632294625E-1,-6.028589846E-2,1.768042026E2
3.938320619E1,2.789039873E-2,5.712619168E-4,1.411061152E-3,9.996098280E-1,1.768035812E2,1.634586778E-1,-6.092650631E-2,1.768034906E2
3.938820619E1,2.789463345E-2,5.733124563E-4,1.410970697E-3,9.996097088E-1,1.768030958E2,1.634551297E-1,-6.116098585E-2,1.768030048E2
3.939320619E1,2.789239842E-2,5.722768838E-4,1.413346268E-3,9.996097684E-1,1.768033520E2,1.637237976E-1,-6.103513662E-2,1.768032611E2
3.939820619E1,2.788809427E-2,5.694507854E-4,1.415109960E-3,9.996098876E-1,1.768038454E2,1.639165284E-1,-6.070648436E-2,1.768037549E2
3.940320619E1,2.788602154E-2,5.670094979E-4,1.414833008E-3,9.996099472E-1,1.768040830E2,1.638768767E-1,-6.042806739E-2,1.768039929E2
3.940820619E1,2.788612936E-2,5.676936125E-4,1.412431477E-3,9.996099472E-1,1.768040707E2,1.636039809E-1,-6.051408727E-2,1.768039806E2
3.941320619E1,2.788602384E-2,5.672966363E-4,1.414672588E-3,9.996099472E-1,1.768040828E2,1.638594188E-1,-6.046147046E-2,1.768039926E2
3.941820619E1,2.789661490E-2,5.752660800E-4,1.413226710E-3,9.996096492E-1,1.768028686E2,1.637199164E-1,-6.137723125E-2,1.768027772E2
3.942320619E1,2.790091074E-2,5.784670939E-4,1.411433564E-3,9.996095300E-1,1.768023762E2,1.635250157E-1,-6.174892693E-2,1.768022843E2
3.942820619E1,2.789055002E-2,5.709754769E-4,1.408183947E-3,9.996098280E-1,1.768035639E2,1.631281959E-1,-6.090286665E-2,1.768034735E2
3.943320619E1,2.788177792E-2,5.628252984E-4,1.415913692E-3,9.996100664E-1,1.768045695E2,1.639870397E-1,-5.994602310E-2,1.768044800E2
3.943820619E1,2.788615433E-2,5.666610668E-4,1.412353129E-3,9.996099472E-1,1.768040678E2,1.635917081E-1,-6.039605866E-2,1.768039779E2
3.944320619E1,2.789052151E-2,5.710452679E-4,1.408720156E-3,9.996098280E-1,1.768035672E2,1.631898385E-1,-6.090915186E-2,1.768034767E2
3.944820619E1,2.787989621E-2,5.625117337E-4,1.411002828E-3,9.996101260E-1,1.768047852E2,1.634233994E-1,-5.992610362E-2,1.768046961E2
3.945320619E1,2.788408348E-2,5.653909175E-4,1.411562320E-3,9.996100068E-1,1.768043052E2,1.634969392E-1,-6.025343282E-2,1.768042155E2
3.945820619E1,2.788197354E-2,5.641727475E-4,1.411518548E-3,9.996100664E-1,1.768045471E2,1.634879056E-1,-6.011438019E-2,1.768044576E2
3.946320619E1,2.787366681E-2,5.581374280E-4,1.409132266E-3,9.996103048E-1,1.768054993E2,1.631947853E-1,-5.943203366E-2,1.768054110E2
3.946820619E1,2.787138910E-2,5.560860154E-4,1.412709476E-3,9.996103644E-1,1.768057604E2,1.635978569E-1,-5.918599718E-2,1.768056722E2
3.947320619E1,2.787776583E-2,5.608685897E-4,1.411523088E-3,9.996101856E-1,1.768050294E2,1.634776164E-1,-5.973657277E-2,1.768049405E2
3.947820619E1,2.788423341E-2,5.651262472E-4,1.408703742E-3,9.996100068E-1,1.768042880E2,1.631686604E-1,-6.023222542E-2,1.768041986E2
3.948320619E1,2.787808523E-2,5.616943236E-4,1.404870651E-3,9.996101856E-1,1.768049928E2,1.627182557E-1,-5.985235825E-2,1.768049042E2
3.948820619E1,2.787376632E-2,5.569869536E-4,1.407618402E-3,9.996103048E-1,1.768054879E2,1.630177072E-1,-5.930506968E-2,1.768053999E2
3.949320619E1,2.787373850E-2,5.582594313E-4,1.407665084E-3,9.996103048E-1,1.768054911E2,1.630271177E-1,-5.945068351E-2,1.768054029E2
3.949820619E1,2.787403071E-2,5.582442391E-4,1.401873073E-3,9.996103048E-1,1.768054576E2,1.623636279E-1,-5.946739659E-2,1.768053697E2
3.950320619E1,2.786989845E-2,5.551947397E-4,1.400238019E-3,9.996104240E-1,1.768059313E2,1.621663514E-1,-5.912397890E-2,1.768058440E2
3.950820619E1,2.786944716E-2,5.538880941E-4,1.409705728E-3,9.996104240E-1,1.768059830E2,1.632466511E-1,-5.894414289E-2,1.768058954E2
3.951320619E1,2.786761863E-2,5.523206200E-4,1.404192997E-3,9.996104836E-1,1.768061927E2,1.626100693E-1,-5.878249695E-2,1.768061056E2
3.951820619E1,2.785940055E-2,5.463730777E-4,1.399860834E-3,9.996107221E-1,1.768071347E2,1.620943599E-1,-5.811639144E-2,1.768070489E2
3.952320619E1,2.785744451E-2,5.447537987E-4,1.396853128E-3,9.996107817E-1,1.768073590E2,1.617445522E-1,-5.794082666E-2,1.768072736E2
3.952820619E1,2.786142068E-2,5.473758793E-4,1.401824877E-3,9.996106625E-1,1.768069032E2,1.623226549E-1,-5.822466100E-2,1.768068171E2
3.953320619E1,2.786547380E-2,5.518333055E-4,1.404518145E-3,9.996105433E-1,1.768064385E2,1.626456318E-1,-5.872598719E-2,1.768063515E2
3.953820619E1,2.786350733E-2,5.488977185E-4,1.402258524E-3,9.996106029E-1,1.768066640E2,1.623773090E-1,-5.839725958E-2,1.768065776E2
3.954320619E1,2.785931379E-2,5.463939160E-4,1.401578309E-3,9.996107221E-1,1.768071447E2,1.622911535E-1,-5.811330938E-2,1.768070588E2
3.954820619E1,2.785927223E-2,5.463112029E-4,1.402436290E-3,9.996107221E-1,1.768071495E2,1.623891663E-1,-5.810110247E-2,1.768070635E2
3.955320619E1,2.786755204E-2,5.520791747E-4,1.405608840E-3,9.996104836E-1,1.768062003E2,1.627714752E-1,-5.875032949E-2,1.768061132E2
3.955820619E1,2.786990658E-2,5.551414797E-4,1.400097273E-3,9.996104240E-1,1.768059304E2,1.621500597E-1,-5.911832632E-2,1.768058431E2
3.956320619E1,2.786344920E-2,5.494112847E-4,1.403212198E-3,9.996106029E-1,1.768066706E2,1.624881863E-1,-5.845305138E-2,1.768065841E2
3.956820619E1,2.786590638E-2,5.507994210E-4,1.396317733E-3,9.996105433E-1,1.768063889E2,1.617030212E-1,-5.863367476E-2,1.768063026E2
3.957320619E1,2.787017496E-2,5.551266950E-4,1.394750550E-3,9.996104240E-1,1.768058996E2,1.615375762E-1,-5.913366548E-2,1.768058126E2
3.957820619E1,2.786820181E-2,5.531601491E-4,1.392237842E-3,9.996104836E-1,1.768061258E2,1.612433552E-1,-5.891674698E-2,1.768060393E2
3.958320619E1,2.786580785E-2,5.522668944E-4,1.397703658E-3,9.996105433E-1,1.768064002E2,1.618664555E-1,-5.879735966E-2,1.768063136E2
3.958820619E1,2.786815223E-2,5.538586411E-4,1.392952283E-3,9.996104836E-1,1.768061315E2,1.613274203E-1,-5.899448350E-2,1.768060448E2
3.959320619E1,2.786835139E-2,5.544002634E-4,1.388745965E-3,9.996104836E-1,1.768061087E2,1.608473398E-1,-5.906992570E-2,1.768060222E2
3.959820619E1,2.786433676E-2,5.505247973E-4,1.385033596E-3,9.996106029E-1,1.768065689E2,1.604094857E-1,-5.863850282E-2,1.768064832E2
3.960320619E1,2.786861141E-2,5.544499727E-4,1.383498195E-3,9.996104836E-1,1.768060788E2,1.602463966E-1,-5.909233718E-2,1.768059927E2
3.960820619E1,2.787289738E-2,5.572888185E-4,1.382147195E-3,9.996103644E-1,1.768055875E2,1.601009647E-1,-5.942114640E-2,1.768055010E2
3.961320619E1,2.786881240E-2,5.543277366E-4,1.379492809E-3,9.996104836E-1,1.768060558E2,1.597872123E-1,-5.909109487E-2,1.768059699E2
3.961820619E1,2.787079643E-2,5.552178482E-4,1.382239629E-3,9.996104240E-1,1.768058284E2,1.601048131E-1,-5.918396435E-2,1.768057421E2
3.962320619E1,2.787281342E-2,5.571682705E-4,1.383887837E-3,9.996103644E-1,1.768055971E2,1.602999603E-1,-5.940179169E-2,1.768055105E2
3.962820619E1,2.787502204E-2,5.592285888E-4,1.381623093E-3,9.996103048E-1,1.768053440E2,1.600472532E-1,-5.964467500E-2,1.768052571E2
3.963320619E1,2.787074368E-2,5.554776872E-4,1.383198542E-3,9.996104240E-1,1.768058344E2,1.602154807E-1,-5.921067395E-2,1.768057481E2
3.963820619E1,2.787298244E-2,5.574623938E-4,1.380360685E-3,9.996103644E-1,1.768055778E2,1.598968845E-1,-5.944672158E-2,1.768054913E2
3.964320619E1,2.787932876E-2,5.629765219E-4,1.379450434E-3,9.996101856E-1,1.768048503E2,1.598106128E-1,-6.008024089E-2,1.768047629E2
3.964820619E1,2.788158198E-2,5.643940531E-4,1.376519795E-3,9.996101260E-1,1.768045920E2,1.594795812E-1,-6.025161812E-2,1.768045046E2
3.965320619E1,2.787320063E-2,5.585697363E-4,1.375498599E-3,9.996103644E-1,1.768055528E2,1.593434964E-1,-5.958905947E-2,1.768054664E2
3.965820619E1,2.787743514E-2,5.618823343E-4,1.374966931E-3,9.996102452E-1,1.768050673E2,1.592934307E-1,-5.996953085E-2,1.768049804E2
3.966320619E1,2.788365532E-2,5.659551825E-4,1.377165550E-3,9.996100664E-1,1.768043543E2,1.595586643E-1,-6.042804648E-2,1.768042666E2
3.966820619E1,2.788157889E-2,5.647873040E-4,1.376421074E-3,9.996101260E-1,1.768045923E2,1.594695294E-1,-6.029697971E-2,1.768045049E2
3.967320619E1,2.788368378E-2,5.666298675E-4,1.376311528E-3,9.996100664E-1,1.768043510E2,1.594629960E-1,-6.050805390E-2,1.768042633E2
3.967820619E1,2.788169139E-2,5.642192555E-4,1.374373678E-3,9.996101260E-1,1.768045794E2,1.592331977E-1,-6.023843519E-2,1.768044922E2
3.968320619E1,2.787981672E-2,5.634796107E-4,1.369346050E-3,9.996101856E-1,1.768047943E2,1.586548210E-1,-6.017007247E-2,1.768047075E2
3.968820619E1,2.788005006E-2,5.637516733E-4,1.364474767E-3,9.996101856E-1,1.768047676E2,1.580977126E-1,-6.021676267E-2,1.768046810E2
3.969320619E1,2.788627957E-2,5.682382616E-4,1.366310287E-3,9.996100068E-1,1.768040534E2,1.583226797E-1,-6.072383655E-2,1.768039660E2
3.969820619E1,2.787990416E-2,5.636886926E-4,1.367478515E-3,9.996101856E-1,1.768047843E2,1.584415734E-1,-6.019997485E-2,1.768046976E2
3.970320619E1,2.787594004E-2,5.607020576E-4,1.362370211E-3,9.996103048E-1,1.768052387E2,1.578466517E-1,-5.987481146E-2,1.768051528E2
3.970820619E1,2.786978051E-2,5.561248399E-4,1.359059825E-3,9.996104836E-1,1.768059448E2,1.574524682E-1,-5.936205026E-2,1.768058598E2
3.971320619E1,2.786728293E-2,5.538634141E-4,1.367332763E-3,9.996105433E-1,1.768062311E2,1.583927397E-1,-5.907698505E-2,1.768061460E2
3.971820619E1,2.786929149E-2,5.546434550E-4,1.369651989E-3,9.996104836E-1,1.768060009E2,1.586610106E-1,-5.915861123E-2,1.768059155E2
3.972320619E1,2.787562321E-2,5.595269613E-4,1.369318343E-3,9.996103048E-1,1.768052750E2,1.586387678E-1,-5.971806270E-2,1.768051889E2
3.972820619E1,2.787133834E-2,5.565406755E-4,1.370732905E-3,9.996104240E-1,1.768057662E2,1.587910075E-1,-5.937215481E-2,1.768056805E2
3.973320619E1,2.787115886E-2,5.564417806E-4,1.374417567E-3,9.996104240E-1,1.768057868E2,1.592127486E-1,-5.934908683E-2,1.768057008E2
3.973820619E1,2.788166280E-2,5.649458617E-4,1.374655170E-3,9.996101260E-1,1.768045827E2,1.592677618E-1,-6.032077085E-2,1.768044953E2
3.974320619E1,2.788595521E-2,5.677816225E-4,1.373103354E-3,9.996100068E-1,1.768040906E2,1.590993271E-1,-6.064987350E-2,1.768040029E2
3.974820619E1,2.787955664E-2,5.622086464E-4,1.375151449E-3,9.996101856E-1,1.768048241E2,1.593157366E-1,-6.000598132E-2,1.768047372E2
3.975320619E1,2.787733240E-2,5.609897780E-4,1.377412234E-3,9.996102452E-1,1.768050791E2,1.595706757E-1,-5.985949589E-2,1.768049922E2
3.975820619E1,2.788387196E-2,5.662849289E-4,1.372636179E-3,9.996100664E-1,1.768043294E2,1.590409045E-1,-6.048025625E-2,1.768042420E2
3.976320619E1,2.787970506E-2,5.636475398E-4,1.371548628E-3,9.996101856E-1,1.768048071E2,1.589076498E-1,-6.018228901E-2,1.768047201E2
3.976820619E1,2.787954833E-2,5.638072034E-4,1.374665298E-3,9.996101856E-1,1.768048251E2,1.592651564E-1,-6.019064559E-2,1.768047379E2
3.977320619E1,2.788585170E-2,5.682678311E-4,1.375003136E-3,9.996100068E-1,1.768041025E2,1.593184892E-1,-6.069951277E-2,1.768040146E2
3.977820619E1,2.788361640E-2,5.669986131E-4,1.377524226E-3,9.996100664E-1,1.768043587E2,1.596030814E-1,-6.054642835E-2,1.768042709E2
3.978320619E1,2.787949545E-2,5.632403190E-4,1.375969499E-3,9.996101856E-1,1.768048311E2,1.594127345E-1,-6.012155244E-2,1.768047440E2
3.978820619E1,2.788787209E-2,5.689070676E-4,1.377092907E-3,9.996099472E-1,1.768038709E2,1.595600323E-1,-6.076573481E-2,1.768037827E2
3.979320619E1,2.789011147E-2,5.719326437E-4,1.373749459E-3,9.996098876E-1,1.768036142E2,1.591868564E-1,-6.112263353E-2,1.768035257E2
3.979820619E1,2.788613118E-2,5.683640484E-4,1.369283418E-3,9.996100068E-1,1.768040704E2,1.586636364E-1,-6.072876758E-2,1.768039829E2
3.980320619E1,2.787983426E-2,5.633097608E-4,1.369058853E-3,9.996101856E-1,1.768047923E2,1.586213818E-1,-6.015153146E-2,1.768047055E2
3.980820619E1,2.788369096E-2,5.663578631E-4,1.376278116E-3,9.996100664E-1,1.768043502E2,1.594583001E-1,-6.047700225E-2,1.768042625E2
3.981320619E1,2.789435285E-2,5.739734042E-4,1.373525243E-3,9.996097684E-1,1.768031279E2,1.591679562E-1,-6.135643755E-2,1.768030392E2
3.981820619E1,2.788391901E-2,5.669981474E-4,1.371385297E-3,9.996100664E-1,1.768043240E2,1.588999014E-1,-6.056594274E-2,1.768042365E2
3.982320619E1,2.787743977E-2,5.616589915E-4,1.374964137E-3,9.996102452E-1,1.768050668E2,1.592923974E-1,-5.994395581E-2,1.768049799E2
3.982820619E1,2.787735209E-2,5.619531148E-4,1.376620843E-3,9.996102452E-1,1.768050769E2,1.594831028E-1,-5.997236819E-2,1.768049899E2
3.983320619E1,2.788809198E-2,5.702501512E-4,1.372075058E-3,9.996099472E-1,1.768038457E2,1.589895578E-1,-6.093558196E-2,1.768037576E2
3.983820619E1,2.788390444E-2,5.667702062E-4,1.371775754E-3,9.996100664E-1,1.768043257E2,1.589438979E-1,-6.053858745E-2,1.768042382E2
3.984320619E1,2.787544384E-2,5.593514070E-4,1.373036648E-3,9.996103048E-1,1.768052956E2,1.590641176E-1,-5.968610428E-2,1.768052092E2
3.984820619E1,2.788161427E-2,5.648522638E-4,1.375677646E-3,9.996101260E-1,1.768045883E2,1.593845815E-1,-6.030679033E-2,1.768045008E2
3.985320619E1,2.788168376E-2,5.645462079E-4,1.374394284E-3,9.996101260E-1,1.768045803E2,1.592366023E-1,-6.027582196E-2,1.768044930E2
3.985820619E1,2.788582193E-2,5.671118270E-4,1.376083586E-3,9.996100068E-1,1.768041059E2,1.594385557E-1,-6.056364817E-2,1.768040181E2
3.986320619E1,2.788145360E-2,5.643990589E-4,1.379115740E-3,9.996101260E-1,1.768046067E2,1.597769476E-1,-6.024391778E-2,1.768045191E2
3.986820619E1,2.788582468E-2,5.672348198E-4,1.375977183E-3,9.996100068E-1,1.768041056E2,1.594267607E-1,-6.057807619E-2,1.768040178E2
3.987320619E1,2.787723757E-2,5.616904818E-4,1.379044843E-3,9.996102452E-1,1.768050900E2,1.597599193E-1,-5.993455898E-2,1.768050029E2
3.987820619E1,2.787271769E-2,5.575614632E-4,1.385656418E-3,9.996103644E-1,1.768056081E2,1.605037966E-1,-5.944119710E-2,1.768055213E2
3.988320619E1,2.787698321E-2,5.604058388E-4,1.384697738E-3,9.996102452E-1,1.768051191E2,1.604033231E-1,-5.976938922E-2,1.768050319E2
3.988820619E1,2.788564538E-2,5.678341840E-4,1.379359630E-3,9.996100068E-1,1.768041261E2,1.598161149E-1,-6.063595133E-2,1.768040380E2
3.989320619E1,2.788171778E-2,5.652463879E-4,1.373415929E-3,9.996101260E-1,1.768045764E2,1.591267739E-1,-6.035914593E-2,1.768044890E2
3.989820619E1,2.787119991E-2,5.558254779E-4,1.373834210E-3,9.996104240E-1,1.768057821E2,1.591439606E-1,-5.928034788E-2,1.768056963E2
3.990320619E1,2.787093145E-2,5.564525491E-4,1.379016903E-3,9.996104240E-1,1.768058129E2,1.597396106E-1,-5.933566688E-2,1.768057266E2
3.990820619E1,2.788159248E-2,5.643216427E-4,1.376336790E-3,9.996101260E-1,1.768045907E2,1.594583878E-1,-6.024390678E-2,1.768045034E2
3.991320619E1,2.788158373E-2,5.637547001E-4,1.376746339E-3,9.996101260E-1,1.768045918E2,1.595034884E-1,-6.017765811E-2,1.768045045E2
3.991820619E1,2.788391192E-2,5.666802754E-4,1.371660968E-3,9.996100664E-1,1.768043249E2,1.589304626E-1,-6.052865174E-2,1.768042374E2
3.992320619E1,2.788811100E-2,5.706122029E-4,1.371537917E-3,9.996099472E-1,1.768038435E2,1.589291882E-1,-6.097876743E-2,1.768037554E2
3.992820619E1,2.788400195E-2,5.673295818E-4,1.369560603E-3,9.996100664E-1,1.768043145E2,1.586919521E-1,-6.060972490E-2,1.768042271E2
3.993320619E1,2.788418355E-2,5.663384800E-4,1.366269658E-3,9.996100664E-1,1.768042937E2,1.583118276E-1,-6.050668425E-2,1.768042066E2
3.993820619E1,2.789062793E-2,5.713285645E-4,1.363477088E-3,9.996098876E-1,1.768035550E2,1.580082865E-1,-6.108618766E-2,1.768034672E2
3.994320619E1,2.789913024E-2,5.783372908E-4,1.361367526E-3,9.996096492E-1,1.768025803E2,1.577895706E-1,-6.189441573E-2,1.768024916E2
3.994820619E1,2.789912633E-2,5.788246635E-4,1.361240400E-3,9.996096492E-1,1.768025807E2,1.577765667E-1,-6.195064979E-2,1.768024919E2
3.995320619E1,2.788865301E-2,5.708519020E-4,1.360371709E-3,9.996099472E-1,1.768037814E2,1.576509301E-1,-6.104182408E-2,1.768036939E2
3.995820619E1,2.788448176E-2,5.677689333E-4,1.359573333E-3,9.996100664E-1,1.768042595E2,1.575493717E-1,-6.069188856E-2,1.768041726E2
3.996320619E1,2.788460127E-2,5.675571156E-4,1.357208472E-3,9.996100664E-1,1.768042458E2,1.572778140E-1,-6.067516341E-2,1.768041591E2
3.996820619E1,2.788043584E-2,5.647598882E-4,1.356149791E-3,9.996101856E-1,1.768047233E2,1.571473548E-1,-6.035878747E-2,1.768046371E2
3.997320619E1,2.788243002E-2,5.663733464E-4,1.358410344E-3,9.996101260E-1,1.768044947E2,1.574115707E-1,-6.053606773E-2,1.768044081E2
3.997820619E1,2.788224823E-2,5.647677463E-4,1.362803159E-3,9.996101260E-1,1.768045156E2,1.579096138E-1,-6.033814408E-2,1.768044290E2
3.998320619E1,2.787811967E-2,5.617827992E-4,1.361058094E-3,9.996102452E-1,1.768049889E2,1.576999358E-1,-6.000245471E-2,1.768049028E2
3.998820619E1,2.787819827E-2,5.619546282E-4,1.359376241E-3,9.996102452E-1,1.768049798E2,1.575078381E-1,-6.002749780E-2,1.768048939E2
3.999320619E1,2.787588129E-2,5.611121305E-4,1.363403164E-3,9.996103048E-1,1.768052455E2,1.579662801E-1,-5.991849364E-2,1.768051594E2
3.999820619E1,2.788036567E-2,5.639441079E-4,1.357930596E-3,9.996101856E-1,1.768047314E2,1.573487303E-1,-6.025966380E-2,1.768046452E2
4.000320619E1,2.788461391E-2,5.669539678E-4,1.357200905E-3,9.996100664E-1,1.768042444E2,1.572750206E-1,-6.060609689E-2,1.768041577E2
4.000820619E1,2.788460904E-2,5.682284827E-4,1.356767956E-3,9.996100664E-1,1.768042449E2,1.572295001E-1,-6.075347286E-2,1.768041581E2
4.001320619E1,2.788657815E-2,5.686993245E-4,1.360009890E-3,9.996100068E-1,1.768040192E2,1.576024788E-1,-6.079673649E-2,1.768039321E2
4.001820619E1,2.788854359E-2,5.709799589E-4,1.362559386E-3,9.996099472E-1,1.768037939E2,1.579019248E-1,-6.104951830E-2,1.768037063E2
4.002320619E1,2.789092607E-2,5.717097083E-4,1.357204164E-3,9.996098876E-1,1.768035208E2,1.572909776E-1,-6.114984860E-2,1.768034334E2
4.002820619E1,2.788656785E-2,5.688415258E-4,1.360161696E-3,9.996100068E-1,1.768040204E2,1.576203215E-1,-6.081254172E-2,1.768039333E2
4.003320619E1,2.788224498E-2,5.655746791E-4,1.362534822E-3,9.996101260E-1,1.768045159E2,1.578814548E-1,-6.043143363E-2,1.768044292E2
4.003820619E1,2.788425872E-2,5.671952385E-4,1.364378724E-3,9.996100664E-1,1.768042851E2,1.580979689E-1,-6.061085366E-2,1.768041980E2
4.004320619E1,2.788428538E-2,5.674498971E-4,1.363727730E-3,9.996100664E-1,1.768042820E2,1.580242147E-1,-6.064209997E-2,1.768041949E2
4.004820619E1,2.788443297E-2,5.667760852E-4,1.360987430E-3,9.996100664E-1,1.768042651E2,1.577081768E-1,-6.057364996E-2,1.768041783E2
4.005320619E1,2.789293490E-2,5.740490160E-4,1.358832465E-3,9.996098280E-1,1.768032905E2,1.574850954E-1,-6.141228821E-2,1.768032026E2
4.005820619E1,2.789308545E-2,5.737877218E-4,1.355849206E-3,9.996098280E-1,1.768032732E2,1.571425457E-1,-6.139186976E-2,1.768031856E2
4.006320619E1,2.789110345E-2,5.732008722E-4,1.352923340E-3,9.996098876E-1,1.768035004E2,1.568053986E-1,-6.133431112E-2,1.768034131E2
4.006820619E1,2.789105516E-2,5.720079644E-4,1.354422886E-3,9.996098876E-1,1.768035060E2,1.569733513E-1,-6.119288203E-2,1.768034187E2
4.007320619E1,2.789311187E-2,5.751431454E-4,1.354730804E-3,9.996098280E-1,1.768032702E2,1.570187703E-1,-6.155070001E-2,1.768031824E2
4.007820619E1,2.789970676E-2,5.792221054E-4,1.349121099E-3,9.996096492E-1,1.768025142E2,1.563896427E-1,-6.203483127E-2,1.768024261E2
4.008320619E1,2.789169103E-2,5.729636759E-4,1.340856543E-3,9.996098876E-1,1.768034331E2,1.554224595E-1,-6.134561728E-2,1.768033465E2
4.008820619E1,2.789353613E-2,5.749792908E-4,1.346037257E-3,9.996098280E-1,1.768032216E2,1.560224518E-1,-6.155965287E-2,1.768031343E2
4.009320619E1,2.789547890E-2,5.759847118E-4,1.349606086E-3,9.996097684E-1,1.768029989E2,1.564345846E-1,-6.166310907E-2,1.768029112E2
4.009820619E1,2.789954971E-2,5.799937062E-4,1.352034276E-3,9.996096492E-1,1.768025322E2,1.567257960E-1,-6.211392644E-2,1.768024438E2
4.010320619E1,2.789105702E-2,5.735539016E-4,1.353730564E-3,9.996098876E-1,1.768035058E2,1.568989893E-1,-6.137217681E-2,1.768034183E2
4.010820619E1,2.788682533E-2,5.690652179E-4,1.354778535E-3,9.996100068E-1,1.768039909E2,1.570044264E-1,-6.085532723E-2,1.768039040E2
4.011320619E1,2.788468639E-2,5.676367437E-4,1.355425222E-3,9.996100664E-1,1.768042361E2,1.570738075E-1,-6.068996944E-2,1.768041494E2
4.011820619E1,2.788466174E-2,5.676050205E-4,1.355945598E-3,9.996100664E-1,1.768042389E2,1.571333122E-1,-6.068467669E-2,1.768041522E2
4.012320619E1,2.788908256E-2,5.704446812E-4,1.351708663E-3,9.996099472E-1,1.768037321E2,1.566573277E-1,-6.102279707E-2,1.768036452E2
4.012820619E1,2.788694750E-2,5.694892607E-4,1.352082822E-3,9.996100068E-1,1.768039769E2,1.566970027E-1,-6.091249552E-2,1.768038901E2
4.013320619E1,2.788058562E-2,5.639959709E-4,1.353385509E-3,9.996101856E-1,1.768047062E2,1.568282824E-1,-6.028009134E-2,1.768046202E2
4.013820619E1,2.787842278E-2,5.624364712E-4,1.354564214E-3,9.996102452E-1,1.768049541E2,1.569581869E-1,-6.009802914E-2,1.768048684E2
4.014320619E1,2.787824012E-2,5.623889738E-4,1.358338050E-3,9.996102452E-1,1.768049751E2,1.573903063E-1,-6.008056086E-2,1.768048891E2
4.014820619E1,2.788230874E-2,5.654283450E-4,1.361290226E-3,9.996101260E-1,1.768045086E2,1.577384261E-1,-6.041863814E-2,1.768044220E2
4.015320619E1,2.788861612E-2,5.697835004E-4,1.361575327E-3,9.996099472E-1,1.768037856E2,1.577853842E-1,-6.091560119E-2,1.768036982E2
4.015820619E1,2.788442769E-2,5.674998974E-4,1.360794064E-3,9.996100664E-1,1.768042657E2,1.576883400E-1,-6.065717913E-2,1.768041788E2
4.016320619E1,2.788649092E-2,5.688261008E-4,1.361744362E-3,9.996100068E-1,1.768040292E2,1.578015575E-1,-6.080572931E-2,1.768039420E2
4.016820619E1,2.789288400E-2,5.745427916E-4,1.359668327E-3,9.996098280E-1,1.768032963E2,1.575824163E-1,-6.146618495E-2,1.768032083E2
4.017320619E1,2.789493287E-2,5.761658540E-4,1.360768569E-3,9.996097684E-1,1.768030615E2,1.577137603E-1,-6.164826163E-2,1.768029731E2
4.017820619E1,2.789280724E-2,5.732468562E-4,1.361788367E-3,9.996098280E-1,1.768033051E2,1.578211134E-1,-6.131097527E-2,1.768032172E2
4.018320619E1,2.789491913E-2,5.752182333E-4,1.361450995E-3,9.996097684E-1,1.768030630E2,1.577889001E-1,-6.153753536E-2,1.768029748E2
4.018820619E1,2.789059215E-2,5.712985876E-4,1.364221331E-3,9.996098876E-1,1.768035591E2,1.580934394E-1,-6.108038086E-2,1.768034713E2
4.019320619E1,2.788216977E-2,5.660111783E-4,1.363891992E-3,9.996101260E-1,1.768045246E2,1.580383049E-1,-6.047710879E-2,1.768044377E2
4.019820619E1,2.787189985E-2,5.574852112E-4,1.358880429E-3,9.996104240E-1,1.768057019E2,1.574363900E-1,-5.951811579E-2,1.768056167E2
4.020320619E1,2.787171845E-2,5.570937064E-4,1.362756127E-3,9.996104240E-1,1.768057227E2,1.578790791E-1,-5.946091989E-2,1.768056373E2
4.020820619E1,2.787391693E-2,5.589730572E-4,1.360740280E-3,9.996103644E-1,1.768054706E2,1.576543035E-1,-5.968228556E-2,1.768053851E2
4.021320619E1,2.786765841E-2,5.542502622E-4,1.359500922E-3,9.996105433E-1,1.768061881E2,1.574968819E-1,-5.914624871E-2,1.768061034E2
4.021820619E1,2.786363474E-2,5.513989017E-4,1.355475630E-3,9.996106625E-1,1.768066494E2,1.570264529E-1,-5.883312083E-2,1.768065653E2
4.022320619E1,2.786783471E-2,5.544936284E-4,1.355782733E-3,9.996105433E-1,1.768061679E2,1.570717614E-1,-5.918597185E-2,1.768060833E2
4.022820619E1,2.787862357E-2,5.622901372E-4,1.350486302E-3,9.996102452E-1,1.768049311E2,1.564906181E-1,-6.009426338E-2,1.768048456E2
4.023320619E1,2.787002145E-2,5.560248392E-4,1.354151056E-3,9.996104836E-1,1.768059172E2,1.568898774E-1,-5.936623494E-2,1.768058325E2
4.023820619E1,2.786789191E-2,5.541785504E-4,1.354735461E-3,9.996105433E-1,1.768061613E2,1.569507965E-1,-5.915321611E-2,1.768060769E2
4.024320619E1,2.787402729E-2,5.588176427E-4,1.358541660E-3,9.996103644E-1,1.768054580E2,1.574019679E-1,-5.967148877E-2,1.768053726E2
4.024820619E1,2.787810936E-2,5.618789000E-4,1.361229690E-3,9.996102452E-1,1.768049900E2,1.577198981E-1,-6.001291620E-2,1.768049040E2
4.025320619E1,2.786970415E-2,5.556270480E-4,1.360828290E-3,9.996104836E-1,1.768059536E2,1.576534465E-1,-5.929939376E-2,1.768058685E2
4.025820619E1,2.787391004E-2,5.596119445E-4,1.360618742E-3,9.996103644E-1,1.768054714E2,1.576424221E-1,-5.975585744E-2,1.768053858E2
4.026320619E1,2.787850531E-2,5.631996319E-4,1.352547086E-3,9.996102452E-1,1.768049447E2,1.567295737E-1,-6.019187807E-2,1.768048589E2
4.026820619E1,2.787459903E-2,5.594637478E-4,1.346491394E-3,9.996103644E-1,1.768053925E2,1.560237420E-1,-5.978390005E-2,1.768053077E2
4.027320619E1,2.787233023E-2,5.572166992E-4,1.350134844E-3,9.996104240E-1,1.768056525E2,1.564337758E-1,-5.951522437E-2,1.768055679E2
4.027820619E1,2.787204238E-2,5.568542401E-4,1.356213121E-3,9.996104240E-1,1.768056855E2,1.571288504E-1,-5.945433689E-2,1.768056006E2
4.028320619E1,2.786786861E-2,5.543084117E-4,1.355161541E-3,9.996105433E-1,1.768061640E2,1.570000161E-1,-5.916673429E-2,1.768060795E2
4.028820619E1,2.786998904E-2,5.564669846E-4,1.354636275E-3,9.996104836E-1,1.768059209E2,1.569468682E-1,-5.941533676E-2,1.768058361E2
4.029320619E1,2.786975364E-2,5.563321174E-4,1.359525952E-3,9.996104836E-1,1.768059479E2,1.575065222E-1,-5.938430881E-2,1.768058628E2
4.029820619E1,2.787628784E-2,5.614664988E-4,1.354918582E-3,9.996103048E-1,1.768051989E2,1.569955517E-1,-5.998612498E-2,1.768051132E2
4.030320619E1,2.787633510E-2,5.609887885E-4,1.354143838E-3,9.996103048E-1,1.768051934E2,1.569052837E-1,-5.993387222E-2,1.768051079E2
4.030820619E1,2.787227252E-2,5.574641400E-4,1.351223560E-3,9.996104240E-1,1.768056592E2,1.565592721E-1,-5.954009961E-2,1.768055744E2
4.031320619E1,2.787628733E-2,5.608290667E-4,1.355192973E-3,9.996103048E-1,1.768051989E2,1.570249460E-1,-5.991223264E-2,1.768051134E2
4.031820619E1,2.788243339E-2,5.659069866E-4,1.358535606E-3,9.996101260E-1,1.768044944E2,1.574244292E-1,-6.048224689E-2,1.768044078E2
4.032320619E1,2.787417644E-2,5.598905263E-4,1.355035114E-3,9.996103644E-1,1.768054409E2,1.570037391E-1,-5.980556155E-2,1.768053555E2
4.032820619E1,2.786144947E-2,5.496021477E-4,1.357167610E-3,9.996107221E-1,1.768068999E2,1.572143990E-1,-5.862224925E-2,1.768068160E2
4.033320619E1,2.786551474E-2,5.521279527E-4,1.360478345E-3,9.996106029E-1,1.768064338E2,1.576019388E-1,-5.890036120E-2,1.768063494E2
4.033820619E1,2.787607918E-2,5.607780186E-4,1.359489048E-3,9.996103048E-1,1.768052228E2,1.575168737E-1,-5.989269432E-2,1.768051370E2
4.034320619E1,2.787412298E-2,5.591367953E-4,1.356445369E-3,9.996103644E-1,1.768054470E2,1.571628689E-1,-5.971472769E-2,1.768053617E2
4.034820619E1,2.786996940E-2,5.554034142E-4,1.355476677E-3,9.996104836E-1,1.768059232E2,1.570397358E-1,-5.929082707E-2,1.768058385E2
4.035320619E1,2.787209585E-2,5.570137873E-4,1.355048153E-3,9.996104240E-1,1.768056794E2,1.569959194E-1,-5.947632503E-2,1.768055945E2
4.035820619E1,2.787443832E-2,5.602433230E-4,1.349490834E-3,9.996103644E-1,1.768054109E2,1.563698001E-1,-5.986364208E-2,1.768053258E2
4.036320619E1,2.787669593E-2,5.618329742E-4,1.346343430E-3,9.996103048E-1,1.768051521E2,1.560144875E-1,-6.005543304E-2,1.768050669E2
4.036820619E1,2.787028519E-2,5.559852580E-4,1.348728314E-3,9.996104836E-1,1.768058870E2,1.562686068E-1,-5.937897873E-2,1.768058026E2
4.037320619E1,2.786808270E-2,5.551884533E-4,1.350390259E-3,9.996105433E-1,1.768061395E2,1.564563024E-1,-5.928274401E-2,1.768060551E2
4.037820619E1,2.787240221E-2,5.585078034E-4,1.348113874E-3,9.996104240E-1,1.768056443E2,1.562064077E-1,-5.966956018E-2,1.768055595E2
4.038320619E1,2.786598081E-2,5.526043242E-4,1.350703649E-3,9.996106029E-1,1.768063804E2,1.564838234E-1,-5.898606810E-2,1.768062965E2
4.038820619E1,2.786800617E-2,5.538975820E-4,1.352497959E-3,9.996105433E-1,1.768061482E2,1.566936063E-1,-5.912815962E-2,1.768060640E2
4.039320619E1,2.787443317E-2,5.601827870E-4,1.349622500E-3,9.996103644E-1,1.768054115E2,1.563846884E-1,-5.985628810E-2,1.768053264E2
4.039820619E1,2.786623665E-2,5.526874447E-4,1.345380908E-3,9.996106029E-1,1.768063511E2,1.558743988E-1,-5.901254649E-2,1.768062674E2
4.040320619E1,2.785342708E-2,5.437367945E-4,1.348566380E-3,9.996109605E-1,1.768078195E2,1.562099590E-1,-5.797910622E-2,1.768077371E2
4.040820619E1,2.785760310E-2,5.467659212E-4,1.349445549E-3,9.996108413E-1,1.768073408E2,1.563205780E-1,-5.832262437E-2,1.768072579E2
4.041320619E1,2.787043349E-2,5.562643637E-4,1.345544937E-3,9.996104836E-1,1.768058700E2,1.559048602E-1,-5.942109333E-2,1.768057857E2
4.041820619E1,2.786219237E-2,5.495833466E-4,1.341837225E-3,9.996107221E-1,1.768068147E2,1.554583296E-1,-5.866892655E-2,1.768067318E2
4.042320619E1,2.784959440E-2,5.404044059E-4,1.340675284E-3,9.996110797E-1,1.768082589E2,1.552951977E-1,-5.762317373E-2,1.768081775E2
4.042820619E1,2.785801294E-2,5.472479388E-4,1.340761548E-3,9.996108413E-1,1.768072938E2,1.553274125E-1,-5.840549657E-2,1.768072113E2
4.043320619E1,2.786233689E-2,5.508169415E-4,1.338325907E-3,9.996107221E-1,1.768067981E2,1.550600652E-1,-5.882141985E-2,1.768067152E2
4.043820619E1,2.786248662E-2,5.505313748E-4,1.335322973E-3,9.996107221E-1,1.768067810E2,1.547151845E-1,-5.879827385E-2,1.768066983E2
4.044320619E1,2.786039219E-2,5.483275163E-4,1.335310400E-3,9.996107817E-1,1.768070211E2,1.547065846E-1,-5.854619282E-2,1.768069387E2
4.044820619E1,2.786661987E-2,5.537365796E-4,1.336985966E-3,9.996106029E-1,1.768063072E2,1.549161547E-1,-5.915947007E-2,1.768062238E2
4.045320619E1,2.786466340E-2,5.523159052E-4,1.333782799E-3,9.996106625E-1,1.768065314E2,1.545445884E-1,-5.900726750E-2,1.768064485E2
4.045820619E1,2.786261914E-2,5.512692733E-4,1.332249842E-3,9.996107221E-1,1.768067658E2,1.543655298E-1,-5.889258961E-2,1.768066831E2
4.046320619E1,2.786061766E-2,5.490364274E-4,1.330305357E-3,9.996107817E-1,1.768069952E2,1.541355474E-1,-5.864334104E-2,1.768069130E2
4.046820619E1,2.786498534E-2,5.533455405E-4,1.326610916E-3,9.996106625E-1,1.768064945E2,1.537263763E-1,-5.914806043E-2,1.768064119E2
4.047320619E1,2.787129316E-2,5.576009280E-4,1.327058068E-3,9.996104836E-1,1.768057714E2,1.537915614E-1,-5.963310387E-2,1.768056881E2
4.047820619E1,2.786705959E-2,5.550376954E-4,1.327245845E-3,9.996106029E-1,1.768062567E2,1.538046324E-1,-5.933954505E-2,1.768061738E2
4.048320619E1,2.787114326E-2,5.576902186E-4,1.330165192E-3,9.996104836E-1,1.768057886E2,1.541477501E-1,-5.963343109E-2,1.768057051E2
4.048820619E1,2.787760949E-2,5.625532358E-4,1.326987520E-3,9.996103048E-1,1.768050473E2,1.537996787E-1,-6.019962912E-2,1.768049632E2
4.049320619E1,2.787770932E-2,5.632481771E-4,1.324593206E-3,9.996103048E-1,1.768050359E2,1.535276431E-1,-6.028686611E-2,1.768049518E2
4.049820619E1,2.787366147E-2,5.604036269E-4,1.321019023E-3,9.996104240E-1,1.768054999E2,1.531088999E-1,-5.997306984E-2,1.768054165E2
4.050320619E1,2.788196387E-2,5.662429030E-4,1.323728939E-3,9.996101856E-1,1.768045482E2,1.534384693E-1,-6.063201073E-2,1.768044637E2
4.050820619E1,2.788393958E-2,5.687106750E-4,1.326062833E-3,9.996101260E-1,1.768043217E2,1.537138159E-1,-6.090692551E-2,1.768042367E2
4.051320619E1,2.788390121E-2,5.685432698E-4,1.326941187E-3,9.996101260E-1,1.768043261E2,1.538138915E-1,-6.088494901E-2,1.768042410E2
4.051820619E1,2.787961642E-2,5.648963270E-4,1.328727230E-3,9.996102452E-1,1.768048173E2,1.540065647E-1,-6.046215609E-2,1.768047327E2
4.052320619E1,2.788778979E-2,5.712085986E-4,1.333862077E-3,9.996100068E-1,1.768038803E2,1.546154149E-1,-6.116753806E-2,1.768037944E2
4.052820619E1,2.789623697E-2,5.771087599E-4,1.333359047E-3,9.996097684E-1,1.768029120E2,1.545771735E-1,-6.184368457E-2,1.768028252E2
4.053320619E1,2.789179814E-2,5.742947105E-4,1.338056172E-3,9.996098876E-1,1.768034208E2,1.551059462E-1,-6.150701718E-2,1.768033342E2
4.053820619E1,2.788986875E-2,5.723366630E-4,1.334579196E-3,9.996099472E-1,1.768036420E2,1.547012915E-1,-6.129414084E-2,1.768035559E2
4.054320619E1,2.789602255E-2,5.774692982E-4,1.337681897E-3,9.996097684E-1,1.768029365E2,1.550734828E-1,-6.187119723E-2,1.768028494E2
4.054820619E1,2.789798151E-2,5.784644745E-4,1.340935123E-3,9.996097088E-1,1.768027120E2,1.554494334E-1,-6.197448722E-2,1.768026245E2
4.055320619E1,2.789809230E-2,5.794069148E-4,1.338220551E-3,9.996097088E-1,1.768026993E2,1.551415070E-1,-6.209110199E-2,1.768026118E2
4.055820619E1,2.790652655E-2,5.859893281E-4,1.337588881E-3,9.996094704E-1,1.768017324E2,1.550907263E-1,-6.284580765E-2,1.768016439E2
4.056320619E1,2.791280174E-2,5.903379060E-4,1.338372240E-3,9.996092916E-1,1.768010130E2,1.551947627E-1,-6.334044410E-2,1.768009238E2
4.056820619E1,2.790009685E-2,5.794414319E-4,1.340935123E-3,9.996096492E-1,1.768024695E2,1.554526883E-1,-6.208606566E-2,1.768023818E2
4.057320619E1,2.789165530E-2,5.728511023E-4,1.341647701E-3,9.996098876E-1,1.768034372E2,1.555127224E-1,-6.133019915E-2,1.768033506E2
4.057820619E1,2.789773599E-2,5.787528935E-4,1.345909550E-3,9.996097088E-1,1.768027401E2,1.560201465E-1,-6.199165996E-2,1.768026523E2
4.058320619E1,2.791259000E-2,5.907013547E-4,1.342621050E-3,9.996092916E-1,1.768010373E2,1.556826006E-1,-6.336851845E-2,1.768009478E2
4.058820619E1,2.790188893E-2,5.815391778E-4,1.347157173E-3,9.996095896E-1,1.768022640E2,1.561722250E-1,-6.230618270E-2,1.768021757E2
4.059320619E1,2.789758404E-2,5.777533515E-4,1.349483849E-3,9.996097088E-1,1.768027575E2,1.564263672E-1,-6.186576254E-2,1.768026696E2
4.059820619E1,2.790615475E-2,5.846599815E-4,1.345901750E-3,9.996094704E-1,1.768017750E2,1.560386665E-1,-6.266700915E-2,1.768016862E2
4.060320619E1,2.790631060E-2,5.845359410E-4,1.342720352E-3,9.996094704E-1,1.768017572E2,1.556738597E-1,-6.266295023E-2,1.768016686E2
4.060820619E1,2.790630397E-2,5.850752350E-4,1.342623262E-3,9.996094704E-1,1.768017579E2,1.556644626E-1,-6.272503616E-2,1.768016693E2
4.061320619E1,2.790185310E-2,5.808824790E-4,1.348182210E-3,9.996095896E-1,1.768022681E2,1.562875380E-1,-6.222768805E-2,1.768021798E2
4.061820619E1,2.790382504E-2,5.834861076E-4,1.350437407E-3,9.996095300E-1,1.768020421E2,1.565543130E-1,-6.251840589E-2,1.768019532E2
4.062320619E1,2.790591776E-2,5.846710410E-4,1.350801787E-3,9.996094704E-1,1.768018022E2,1.565999720E-1,-6.265264326E-2,1.768017131E2
4.062820619E1,2.789526118E-2,5.768204574E-4,1.353742904E-3,9.996097684E-1,1.768030238E2,1.569111035E-1,-6.174565121E-2,1.768029358E2
4.063320619E1,2.790349844E-2,5.827361601E-4,1.357491128E-3,9.996095300E-1,1.768020795E2,1.573598776E-1,-6.240999796E-2,1.768019903E2
4.063820619E1,2.790770713E-2,5.862424732E-4,1.357246190E-3,9.996094108E-1,1.768015971E2,1.573432975E-1,-6.281175580E-2,1.768015073E2
4.064320619E1,2.790122035E-2,5.809800350E-4,1.361172763E-3,9.996095896E-1,1.768023407E2,1.577758407E-1,-6.219742655E-2,1.768022515E2
4.064820619E1,2.788866077E-2,5.712407874E-4,1.360049238E-3,9.996099472E-1,1.768037805E2,1.576152354E-1,-6.108739905E-2,1.768036930E2
4.065320619E1,2.789303549E-2,5.746352253E-4,1.356517780E-3,9.996098280E-1,1.768032790E2,1.572218348E-1,-6.148681947E-2,1.768031911E2
4.065820619E1,2.789536997E-2,5.755444290E-4,1.352043124E-3,9.996097684E-1,1.768030113E2,1.567123261E-1,-6.160490271E-2,1.768029236E2
4.066320619E1,2.788925786E-2,5.708063836E-4,1.347933779E-3,9.996099472E-1,1.768037120E2,1.562260923E-1,-6.107626588E-2,1.768036253E2
4.066820619E1,2.788472901E-2,5.675402354E-4,1.354588545E-3,9.996100664E-1,1.768042312E2,1.569776627E-1,-6.068158157E-2,1.768041446E2
4.067320619E1,2.789090954E-2,5.729750264E-4,1.357010333E-3,9.996098876E-1,1.768035227E2,1.572728181E-1,-6.129540896E-2,1.768034351E2
4.067820619E1,2.790169040E-2,5.804065149E-4,1.351749641E-3,9.996095896E-1,1.768022868E2,1.566946448E-1,-6.216178684E-2,1.768021983E2
4.068320619E1,2.789531919E-2,5.761376233E-4,1.352838008E-3,9.996097684E-1,1.768030172E2,1.568052710E-1,-6.167031824E-2,1.768029293E2
4.068820619E1,2.789099413E-2,5.729972036E-4,1.355261193E-3,9.996098876E-1,1.768035130E2,1.570725352E-1,-6.130352651E-2,1.768034255E2
4.069320619E1,2.790577242E-2,5.838420475E-4,1.354158740E-3,9.996094704E-1,1.768018189E2,1.569818408E-1,-6.254697239E-2,1.768017297E2
4.069820619E1,2.790380001E-2,5.825980334E-4,1.351337647E-3,9.996095300E-1,1.768020450E2,1.566545913E-1,-6.241380507E-2,1.768019562E2
4.070320619E1,2.789988838E-2,5.793534219E-4,1.345303492E-3,9.996096492E-1,1.768024934E2,1.559527779E-1,-6.206205034E-2,1.768024055E2
4.070820619E1,2.789783860E-2,5.776011967E-4,1.344276476E-3,9.996097088E-1,1.768027284E2,1.558294069E-1,-6.186494155E-2,1.768026408E2
4.071320619E1,2.789787072E-2,5.777705810E-4,1.343536889E-3,9.996097088E-1,1.768027247E2,1.557452329E-1,-6.188670340E-2,1.768026371E2
4.071820619E1,2.789786593E-2,5.780754727E-4,1.343505224E-3,9.996097088E-1,1.768027252E2,1.557425802E-1,-6.192172977E-2,1.768026376E2
4.072320619E1,2.789988161E-2,5.792324082E-4,1.345496043E-3,9.996096492E-1,1.768024942E2,1.559744467E-1,-6.204757404E-2,1.768024063E2
4.072820619E1,2.790190549E-2,5.815900513E-4,1.346792211E-3,9.996095896E-1,1.768022621E2,1.561305834E-1,-6.231317444E-2,1.768021738E2
4.073320619E1,2.790628290E-2,5.856180796E-4,1.342824660E-3,9.996094704E-1,1.768017603E2,1.556892669E-1,-6.278657653E-2,1.768016716E2
4.073820619E1,2.790222574E-2,5.812858581E-4,1.340272953E-3,9.996095896E-1,1.768022254E2,1.553828686E-1,-6.229912505E-2,1.768021375E2
4.074320619E1,2.789970851E-2,5.799050559E-4,1.348791644E-3,9.996096492E-1,1.768025140E2,1.563540882E-1,-6.211411416E-2,1.768024258E2
4.074820619E1,2.790424749E-2,5.829035072E-4,1.341933152E-3,9.996095300E-1,1.768019937E2,1.555783386E-1,-6.247879860E-2,1.768019054E2
4.075320619E1,2.790202704E-2,5.812549498E-4,1.344416523E-3,9.996095896E-1,1.768022482E2,1.558573914E-1,-6.228236673E-2,1.768021601E2
4.075820619E1,2.788728827E-2,5.693900166E-4,1.345077995E-3,9.996100068E-1,1.768039378E2,1.558943235E-1,-6.092345959E-2,1.768038515E2
4.076320619E1,2.788501014E-2,5.676810397E-4,1.348729595E-3,9.996100664E-1,1.768041990E2,1.563070037E-1,-6.071638826E-2,1.768041127E2
4.076820619E1,2.788905912E-2,5.718352040E-4,1.351604704E-3,9.996099472E-1,1.768037348E2,1.566498623E-1,-6.118241306E-2,1.768036477E2
4.077320619E1,2.789546889E-2,5.761450157E-4,1.349744503E-3,9.996097684E-1,1.768030000E2,1.564509518E-1,-6.168103047E-2,1.768029124E2
4.077820619E1,2.789313415E-2,5.748149124E-4,1.354411361E-3,9.996098280E-1,1.768032677E2,1.569811311E-1,-6.151411952E-2,1.768031799E2
4.078320619E1,2.789087784E-2,5.730253179E-4,1.357640489E-3,9.996098876E-1,1.768035263E2,1.573451595E-1,-6.129916060E-2,1.768034387E2
4.078820619E1,2.789936439E-2,5.793810124E-4,1.356114983E-3,9.996096492E-1,1.768025534E2,1.571912586E-1,-6.203072682E-2,1.768024649E2
4.079320619E1,2.789520703E-2,5.766553804E-4,1.354928478E-3,9.996097684E-1,1.768030300E2,1.570463765E-1,-6.172296080E-2,1.768029420E2
4.079820619E1,2.789513452E-2,5.760354688E-4,1.356683904E-3,9.996097684E-1,1.768030383E2,1.572454694E-1,-6.164635180E-2,1.768029503E2
4.080320619E1,2.790144306E-2,5.814888864E-4,1.356382039E-3,9.996095896E-1,1.768023152E2,1.572287181E-1,-6.227099640E-2,1.768022262E2
4.080820619E1,2.790171181E-2,5.815581535E-4,1.350812614E-3,9.996095896E-1,1.768022843E2,1.565909948E-1,-6.229669610E-2,1.768021958E2
4.081320619E1,2.789541425E-2,5.762404762E-4,1.350832637E-3,9.996097684E-1,1.768030063E2,1.565758962E-1,-6.168849532E-2,1.768029185E2
4.081820619E1,2.789736120E-2,5.768528790E-4,1.354466542E-3,9.996097088E-1,1.768027831E2,1.569942275E-1,-6.174672197E-2,1.768026950E2
4.082320619E1,2.790185560E-2,5.811469746E-4,1.348016434E-3,9.996095896E-1,1.768022679E2,1.562693948E-1,-6.225851485E-2,1.768021795E2
4.082820619E1,2.790393756E-2,5.824452383E-4,1.348560327E-3,9.996095300E-1,1.768020292E2,1.563359773E-1,-6.240516220E-2,1.768019406E2
4.083320619E1,2.789535525E-2,5.759994383E-4,1.352153136E-3,9.996097684E-1,1.768030130E2,1.567263814E-1,-6.165667323E-2,1.768029253E2
4.083820619E1,2.789095572E-2,5.732906284E-4,1.355927554E-3,9.996098876E-1,1.768035174E2,1.571498005E-1,-6.133501365E-2,1.768034298E2
4.084320619E1,2.789953512E-2,5.795104662E-4,1.352542429E-3,9.996096492E-1,1.768025339E2,1.567824574E-1,-6.205695047E-2,1.768024455E2
4.084820619E1,2.791042021E-2,5.878699012E-4,1.344592893E-3,9.996093512E-1,1.768012860E2,1.558992752E-1,-6.303821565E-2,1.768011968E2
4.085320619E1,2.790812566E-2,5.859847297E-4,1.348724705E-3,9.996094108E-1,1.768015491E2,1.563663882E-1,-6.280941902E-2,1.768014599E2
4.085820619E1,2.790601603E-2,5.847000284E-4,1.348757534E-3,9.996094704E-1,1.768017909E2,1.563659076E-1,-6.266248557E-2,1.768017020E2
4.086320619E1,2.790192861E-2,5.820539664E-4,1.346112695E-3,9.996095896E-1,1.768022595E2,1.560542316E-1,-6.236848354E-2,1.768021711E2
4.086820619E1,2.790432415E-2,5.839226651E-4,1.339894370E-3,9.996095300E-1,1.768019849E2,1.553480660E-1,-6.260204738E-2,1.768018966E2
4.087320619E1,2.790846855E-2,5.864517298E-4,1.341406838E-3,9.996094108E-1,1.768015098E2,1.555296631E-1,-6.288626252E-2,1.768014210E2
4.087820619E1,2.790837779E-2,5.874016788E-4,1.342878677E-3,9.996094108E-1,1.768015202E2,1.557012905E-1,-6.299038312E-2,1.768014312E2
4.088320619E1,2.791072428E-2,5.895581562E-4,1.337523339E-3,9.996093512E-1,1.768012512E2,1.550948978E-1,-6.325416392E-2,1.768011622E2
4.088820619E1,2.790654785E-2,5.862191902E-4,1.337043708E-3,9.996094704E-1,1.768017300E2,1.550290148E-1,-6.287387775E-2,1.768016415E2
4.089320619E1,2.790638148E-2,5.855839700E-4,1.340789255E-3,9.996094704E-1,1.768017490E2,1.554560143E-1,-6.278916310E-2,1.768016604E2
4.089820619E1,2.791702661E-2,5.932818749E-4,1.337986323E-3,9.996091723E-1,1.768005287E2,1.551602434E-1,-6.367824500E-2,1.768004391E2
4.090320619E1,2.791507286E-2,5.930840271E-4,1.334301778E-3,9.996092319E-1,1.768007527E2,1.547374323E-1,-6.366767200E-2,1.768006633E2
4.090820619E1,2.790640621E-2,5.853848998E-4,1.340361312E-3,9.996094704E-1,1.768017462E2,1.554063596E-1,-6.276772492E-2,1.768016577E2
4.091320619E1,2.789992678E-2,5.795652396E-4,1.344415592E-3,9.996096492E-1,1.768024890E2,1.558517512E-1,-6.208914618E-2,1.768024011E2
4.091820619E1,2.789784520E-2,5.775906611E-4,1.344143995E-3,9.996097088E-1,1.768027276E2,1.558141983E-1,-6.186415724E-2,1.768026401E2
4.092320619E1,2.790008963E-2,5.797444028E-4,1.340954332E-3,9.996096492E-1,1.768024703E2,1.554558568E-1,-6.212070973E-2,1.768023826E2
4.092820619E1,2.789809860E-2,5.790562136E-4,1.338241156E-3,9.996097088E-1,1.768026986E2,1.551427465E-1,-6.205086342E-2,1.768026111E2
4.093320619E1,2.789989235E-2,5.803237436E-4,1.344802906E-3,9.996096492E-1,1.768024929E2,1.558985400E-1,-6.217479749E-2,1.768024049E2
4.093820619E1,2.789982520E-2,5.803453969E-4,1.346185920E-3,9.996096492E-1,1.768025006E2,1.560570253E-1,-6.217286653E-2,1.768024125E2
4.094320619E1,2.789800710E-2,5.793308374E-4,1.340028597E-3,9.996097088E-1,1.768027090E2,1.553483650E-1,-6.207662052E-2,1.768026215E2
4.094820619E1,2.790034006E-2,5.800952204E-4,1.335581299E-3,9.996096492E-1,1.768024416E2,1.548415288E-1,-6.217803468E-2,1.768023542E2
4.095320619E1,2.790844595E-2,5.868367152E-4,1.341708470E-3,9.996094108E-1,1.768015124E2,1.555654441E-1,-6.292940024E-2,1.768014235E2
4.095820619E1,2.790651497E-2,5.855081254E-4,1.338041271E-3,9.996094704E-1,1.768017337E2,1.551410066E-1,-6.278924248E-2,1.768016453E2
4.096320619E1,2.790017071E-2,5.805179244E-4,1.338931266E-3,9.996096492E-1,1.768024610E2,1.552265988E-1,-6.221576977E-2,1.768023733E2
4.096820619E1,2.788952923E-2,5.725107039E-4,1.341581345E-3,9.996099472E-1,1.768036809E2,1.555039030E-1,-6.129175040E-2,1.768035943E2
4.097320619E1,2.789573053E-2,5.771830329E-4,1.343880896E-3,9.996097684E-1,1.768029700E2,1.557826271E-1,-6.181863537E-2,1.768028826E2
4.097820619E1,2.790025805E-2,5.801086663E-4,1.337287715E-3,9.996096492E-1,1.768024510E2,1.550370317E-1,-6.217413178E-2,1.768023635E2
4.098320619E1,2.789584845E-2,5.774307065E-4,1.341324416E-3,9.996097684E-1,1.768029565E2,1.554905887E-1,-6.185515958E-2,1.768028692E2
4.098820619E1,2.789136322E-2,5.731108249E-4,1.347595709E-3,9.996098876E-1,1.768034707E2,1.561948619E-1,-6.134098395E-2,1.768033836E2
4.099320619E1,2.789347335E-2,5.747083924E-4,1.347453101E-3,9.996098280E-1,1.768032288E2,1.561837628E-1,-6.152410643E-2,1.768031415E2
4.099820619E1,2.789139852E-2,5.735894665E-4,1.346661127E-3,9.996098876E-1,1.768034666E2,1.560893403E-1,-6.139879245E-2,1.768033796E2
4.100320619E1,2.788714911E-2,5.697937449E-4,1.347789541E-3,9.996100068E-1,1.768039538E2,1.562062051E-1,-6.096106178E-2,1.768038672E2
4.100820619E1,2.789144639E-2,5.730825360E-4,1.345885219E-3,9.996098876E-1,1.768034611E2,1.559988448E-1,-6.134319764E-2,1.768033742E2
4.101320619E1,2.789159684E-2,5.741604837E-4,1.342303120E-3,9.996098876E-1,1.768034439E2,1.555919804E-1,-6.147809892E-2,1.768033570E2
4.101820619E1,2.788541945E-2,5.692608538E-4,1.339570154E-3,9.996100664E-1,1.768041520E2,1.552628893E-1,-6.092655628E-2,1.768040661E2
4.102320619E1,2.788518950E-2,5.691877450E-4,1.344379387E-3,9.996100664E-1,1.768041784E2,1.558135256E-1,-6.090284972E-2,1.768040922E2
4.102820619E1,2.789357878E-2,5.746512325E-4,1.345293364E-3,9.996098280E-1,1.768032167E2,1.559361949E-1,-6.152444598E-2,1.768031295E2
4.103320619E1,2.789574039E-2,5.768240662E-4,1.343830372E-3,9.996097684E-1,1.768029689E2,1.557756927E-1,-6.177767684E-2,1.768028815E2
4.103820619E1,2.789778392E-2,5.785069661E-4,1.345021534E-3,9.996097088E-1,1.768027346E2,1.559176436E-1,-6.196632121E-2,1.768026469E2
4.104320619E1,2.789787723E-2,5.777041079E-4,1.343430136E-3,9.996097088E-1,1.768027239E2,1.557327925E-1,-6.187942938E-2,1.768026364E2
4.104820619E1,2.789791033E-2,5.778836203E-4,1.342665520E-3,9.996097088E-1,1.768027201E2,1.556457840E-1,-6.190243125E-2,1.768026326E2
4.105320619E1,2.789812180E-2,5.785512039E-4,1.337975846E-3,9.996097088E-1,1.768026959E2,1.551107428E-1,-6.199386074E-2,1.768026086E2
4.105820619E1,2.790436906E-2,5.832409370E-4,1.339255949E-3,9.996095300E-1,1.768019797E2,1.552727594E-1,-6.252599208E-2,1.768018916E2
4.106320619E1,2.790002438E-2,5.809957511E-4,1.341770170E-3,9.996096492E-1,1.768024778E2,1.555533057E-1,-6.226144950E-2,1.768023899E2
4.106820619E1,2.789805416E-2,5.780822248E-4,1.339587849E-3,9.996097088E-1,1.768027036E2,1.552938894E-1,-6.193499762E-2,1.768026163E2
4.107320619E1,2.789595852E-2,5.777494516E-4,1.338895643E-3,9.996097684E-1,1.768029439E2,1.552134056E-1,-6.189941785E-2,1.768028566E2
4.107820619E1,2.788512767E-2,5.690112594E-4,1.345735858E-3,9.996100664E-1,1.768041855E2,1.559683378E-1,-6.087830888E-2,1.768040992E2
4.108320619E1,2.788478562E-2,5.669825478E-4,1.353656524E-3,9.996100664E-1,1.768042247E2,1.568691236E-1,-6.062066952E-2,1.768041383E2
4.108820619E1,2.789326240E-2,5.752242287E-4,1.351593412E-3,9.996098280E-1,1.768032530E2,1.566596594E-1,-6.156999264E-2,1.768031653E2
4.109320619E1,2.789555888E-2,5.770351854E-4,1.347502461E-3,9.996097684E-1,1.768029897E2,1.561969836E-1,-6.179014965E-2,1.768029020E2
4.109820619E1,2.788696829E-2,5.703695351E-4,1.351282699E-3,9.996100068E-1,1.768039745E2,1.566081655E-1,-6.101588192E-2,1.768038877E2
4.110320619E1,2.788260096E-2,5.663050688E-4,1.354925684E-3,9.996101260E-1,1.768044751E2,1.570122050E-1,-6.053935402E-2,1.768043887E2
4.110820619E1,2.789734178E-2,5.768667907E-4,1.354860608E-3,9.996097088E-1,1.768027853E2,1.570394099E-1,-6.174705877E-2,1.768026972E2
4.111320619E1,2.790350726E-2,5.819134531E-4,1.357662724E-3,9.996095300E-1,1.768020785E2,1.573769031E-1,-6.231520937E-2,1.768019895E2
4.111820619E1,2.789496731E-2,5.751225399E-4,1.360503957E-3,9.996097684E-1,1.768030575E2,1.576801166E-1,-6.152959370E-2,1.768029694E2
4.112320619E1,2.789285819E-2,5.742314970E-4,1.360329101E-3,9.996098280E-1,1.768032993E2,1.576571093E-1,-6.142841912E-2,1.768032113E2
4.112820619E1,2.789093694E-2,5.721944617E-4,1.356776454E-3,9.996098876E-1,1.768035195E2,1.572435347E-1,-6.120674091E-2,1.768034321E2
4.113320619E1,2.788486160E-2,5.675685825E-4,1.351844519E-3,9.996100664E-1,1.768042160E2,1.566634410E-1,-6.069357625E-2,1.768041296E2
4.113820619E1,2.788483950E-2,5.678081652E-4,1.352199703E-3,9.996100664E-1,1.768042185E2,1.567048905E-1,-6.071988820E-2,1.768041321E2
4.114320619E1,2.788694198E-2,5.700179026E-4,1.351973973E-3,9.996100068E-1,1.768039775E2,1.566862236E-1,-6.097339853E-2,1.768038907E2
4.114820619E1,2.788471079E-2,5.676057190E-4,1.354936161E-3,9.996100664E-1,1.768042333E2,1.570176893E-1,-6.068797459E-2,1.768041467E2
4.115320619E1,2.787840839E-2,5.629790830E-4,1.354634878E-3,9.996102452E-1,1.768049558E2,1.569680140E-1,-6.015996016E-2,1.768048699E2
4.115820619E1,2.788045680E-2,5.640132003E-4,1.356029650E-3,9.996101856E-1,1.768047209E2,1.571312086E-1,-6.027363722E-2,1.768046348E2
4.116320619E1,2.788884360E-2,5.717264721E-4,1.356090419E-3,9.996099472E-1,1.768037595E2,1.571633274E-1,-6.115565596E-2,1.768036722E2
4.116820619E1,2.789512869E-2,5.765174865E-4,1.356599038E-3,9.996097684E-1,1.768030390E2,1.572372887E-1,-6.170183762E-2,1.768029509E2
4.117320619E1,2.789945405E-2,5.787511473E-4,1.354538370E-3,9.996096492E-1,1.768025432E2,1.570086538E-1,-6.196360429E-2,1.768024548E2
4.117820619E1,2.789938820E-2,5.793579621E-4,1.355634886E-3,9.996096492E-1,1.768025507E2,1.571361927E-1,-6.202961767E-2,1.768024622E2
4.118320619E1,2.789535328E-2,5.765125388E-4,1.351975021E-3,9.996097684E-1,1.768030133E2,1.567076190E-1,-6.171601698E-2,1.768029254E2
4.118820619E1,2.789327428E-2,5.751208519E-4,1.351392362E-3,9.996098280E-1,1.768032516E2,1.566363001E-1,-6.155879193E-2,1.768031640E2
4.119320619E1,2.789530688E-2,5.760410568E-4,1.353132888E-3,9.996097684E-1,1.768030186E2,1.568387391E-1,-6.165831615E-2,1.768029307E2
4.119820619E1,2.790173207E-2,5.811230512E-4,1.350581297E-3,9.996095896E-1,1.768022820E2,1.565631081E-1,-6.224759294E-2,1.768021935E2
4.120320619E1,2.790596738E-2,5.837781937E-4,1.350162784E-3,9.996094704E-1,1.768017965E2,1.565239237E-1,-6.255240611E-2,1.768017076E2
4.120820619E1,2.790179802E-2,5.819422659E-4,1.348864869E-3,9.996095896E-1,1.768022745E2,1.563691199E-1,-6.234690917E-2,1.768021859E2
4.121320619E1,2.789522145E-2,5.762050278E-4,1.354823238E-3,9.996097684E-1,1.768030284E2,1.570328828E-1,-6.167170846E-2,1.768029404E2
4.121820619E1,2.790363926E-2,5.825378466E-4,1.354678767E-3,9.996095300E-1,1.768020634E2,1.570371044E-1,-6.239625245E-2,1.768019744E2
4.122320619E1,2.790800474E-2,5.855228519E-4,1.351424842E-3,9.996094108E-1,1.768015629E2,1.566741962E-1,-6.274789595E-2,1.768014737E2
4.122820619E1,2.790998171E-2,5.873164046E-4,1.353904605E-3,9.996093512E-1,1.768013363E2,1.569641066E-1,-6.294510072E-2,1.768012466E2
4.123320619E1,2.791405819E-2,5.900351098E-4,1.356693334E-3,9.996092319E-1,1.768008690E2,1.572925011E-1,-6.324695901E-2,1.768007787E2
4.123820619E1,2.791217894E-2,5.889906897E-4,1.351886429E-3,9.996092916E-1,1.768010844E2,1.567384245E-1,-6.314299506E-2,1.768009946E2
4.124320619E1,2.791196936E-2,5.886178697E-4,1.356368535E-3,9.996092916E-1,1.768011085E2,1.572506308E-1,-6.308598625E-2,1.768010184E2
4.124820619E1,2.791197528E-2,5.886871368E-4,1.356216497E-3,9.996092916E-1,1.768011078E2,1.572334372E-1,-6.309440595E-2,1.768010177E2
4.125320619E1,2.791419249E-2,5.902000121E-4,1.353855361E-3,9.996092319E-1,1.768008536E2,1.569679557E-1,-6.327490509E-2,1.768007634E2
4.125820619E1,2.791844892E-2,5.947223981E-4,1.352125430E-3,9.996091127E-1,1.768003657E2,1.567845359E-1,-6.379779613E-2,1.768002749E2
4.126320619E1,2.791617406E-2,5.921754637E-4,1.356141292E-3,9.996091723E-1,1.768006264E2,1.572362477E-1,-6.349356278E-2,1.768005358E2
4.126820619E1,2.791193501E-2,5.887033185E-4,1.357038156E-3,9.996092916E-1,1.768011124E2,1.573276051E-1,-6.309363772E-2,1.768010223E2
4.127320619E1,2.792463605E-2,5.995964166E-4,1.354400767E-3,9.996089339E-1,1.767996564E2,1.570611617E-1,-6.434784768E-2,1.767995647E2
4.127820619E1,2.792699789E-2,6.014514947E-4,1.348860096E-3,9.996088743E-1,1.767993856E2,1.564325835E-1,-6.457770157E-2,1.767992940E2
4.128320619E1,2.792061181E-2,5.956556415E-4,1.351118437E-3,9.996090531E-1,1.768001177E2,1.566723120E-1,-6.390757886E-2,1.768000269E2
4.128820619E1,2.791190430E-2,5.883126287E-4,1.357838977E-3,9.996092916E-1,1.768011159E2,1.574180851E-1,-6.304632880E-2,1.768010258E2
4.129320619E1,2.790997508E-2,5.879188539E-4,1.353779691E-3,9.996093512E-1,1.768013371E2,1.569517246E-1,-6.301450993E-2,1.768012473E2
4.129820619E1,2.790779200E-2,5.860757665E-4,1.355571905E-3,9.996094108E-1,1.768015873E2,1.571509852E-1,-6.279800123E-2,1.768014977E2
4.130320619E1,2.791623929E-2,5.924404250E-4,1.354682026E-3,9.996091723E-1,1.768006190E2,1.570699449E-1,-6.352857126E-2,1.768005284E2
4.130820619E1,2.791823738E-2,5.940075498E-4,1.356799388E-3,9.996091127E-1,1.768003899E2,1.573176234E-1,-6.370099238E-2,1.768002990E2
4.131320619E1,2.792253617E-2,5.974392989E-4,1.354656299E-3,9.996089935E-1,1.767998971E2,1.570833942E-1,-6.410026908E-2,1.767998057E2
4.131820619E1,2.791840739E-2,5.942478310E-4,1.353191212E-3,9.996091127E-1,1.768003704E2,1.569050971E-1,-6.374003274E-2,1.768002797E2
4.132320619E1,2.791609542E-2,5.922949640E-4,1.357707079E-3,9.996091723E-1,1.768006355E2,1.574159812E-1,-6.350225451E-2,1.768005447E2
4.132820619E1,2.792219323E-2,5.968869664E-4,1.361948787E-3,9.996089935E-1,1.767999364E2,1.579169378E-1,-6.401372097E-2,1.767998447E2
4.133320619E1,2.792453999E-2,5.983594456E-4,1.356926165E-3,9.996089339E-1,1.767996674E2,1.573464738E-1,-6.419809043E-2,1.767995757E2
4.133820619E1,2.791594056E-2,5.927745369E-4,1.360678580E-3,9.996091723E-1,1.768006532E2,1.577578823E-1,-6.354770654E-2,1.768005622E2
4.134320619E1,2.791377029E-2,5.905563012E-4,1.362378127E-3,9.996092319E-1,1.768009020E2,1.579453265E-1,-6.328852075E-2,1.768008112E2
4.134820619E1,2.791779927E-2,5.942144198E-4,1.365694334E-3,9.996091127E-1,1.768004401E2,1.583371471E-1,-6.369630058E-2,1.768003486E2
4.135320619E1,2.792844355E-2,6.027302588E-4,1.362460549E-3,9.996088147E-1,1.767992199E2,1.579946611E-1,-6.468042592E-2,1.767991272E2
4.135820619E1,2.793075059E-2,6.045674672E-4,1.358077163E-3,9.996087551E-1,1.767989554E2,1.574985873E-1,-6.490453756E-2,1.767988627E2
4.136320619E1,2.792250706E-2,5.980272545E-4,1.354996697E-3,9.996089935E-1,1.767999005E2,1.571242654E-1,-6.416653288E-2,1.767998090E2
4.136820619E1,2.792045719E-2,5.953409127E-4,1.354448264E-3,9.996090531E-1,1.768001354E2,1.570527170E-1,-6.386089799E-2,1.768000444E2
4.137320619E1,2.792446544E-2,5.983025185E-4,1.358484384E-3,9.996089339E-1,1.767996760E2,1.575247762E-1,-6.418659505E-2,1.767995842E2
4.137820619E1,2.792438094E-2,5.987685872E-4,1.360015245E-3,9.996089339E-1,1.767996856E2,1.577016179E-1,-6.423509629E-2,1.767995937E2
4.138320619E1,2.792422987E-2,5.993633531E-4,1.362852054E-3,9.996089339E-1,1.767997030E2,1.580284595E-1,-6.429417091E-2,1.767996107E2
4.138820619E1,2.792024554E-2,5.949355545E-4,1.358981710E-3,9.996090531E-1,1.768001597E2,1.575706992E-1,-6.379999393E-2,1.768000685E2
4.139320619E1,2.791392792E-2,5.908462335E-4,1.359018497E-3,9.996092319E-1,1.768008839E2,1.575614282E-1,-6.333245343E-2,1.768007933E2
4.139820619E1,2.791167085E-2,5.887012230E-4,1.362461364E-3,9.996092916E-1,1.768011427E2,1.579487942E-1,-6.307609294E-2,1.768010522E2
4.140320619E1,2.792228876E-2,5.977227702E-4,1.359621645E-3,9.996089935E-1,1.767999255E2,1.576530512E-1,-6.411689080E-2,1.767998337E2
4.140820619E1,2.793274252E-2,6.055945996E-4,1.360520953E-3,9.996086955E-1,1.767987271E2,1.577819335E-1,-6.501405593E-2,1.767986340E2
4.141320619E1,2.792414322E-2,5.987447221E-4,1.364897820E-3,9.996089339E-1,1.767997129E2,1.582608107E-1,-6.421677604E-2,1.767996206E2
4.141820619E1,2.791546000E-2,5.914533394E-4,1.371073071E-3,9.996091723E-1,1.768007083E2,1.589442835E-1,-6.336319176E-2,1.768006169E2
4.142320619E1,2.791928973E-2,5.945503945E-4,1.378644840E-3,9.996090531E-1,1.768002693E2,1.598217593E-1,-6.369311532E-2,1.768001768E2
4.142820619E1,2.792357109E-2,5.984958261E-4,1.376661356E-3,9.996089339E-1,1.767997785E2,1.596074556E-1,-6.415071423E-2,1.767996855E2
4.143320619E1,2.792355891E-2,5.980458809E-4,1.377103850E-3,9.996089339E-1,1.767997799E2,1.596567014E-1,-6.409776047E-2,1.767996870E2
4.143820619E1,2.792357690E-2,5.977813271E-4,1.376853907E-3,9.996089339E-1,1.767997778E2,1.596272256E-1,-6.406825360E-2,1.767996850E2
4.144320619E1,2.791535807E-2,5.911662010E-4,1.373270527E-3,9.996091723E-1,1.768007200E2,1.591950705E-1,-6.332328761E-2,1.768006284E2
4.144820619E1,2.791346148E-2,5.900139222E-4,1.368924510E-3,9.996092319E-1,1.768009374E2,1.586934408E-1,-6.320550157E-2,1.768008463E2
4.145320619E1,2.791341163E-2,5.907176528E-4,1.369637321E-3,9.996092319E-1,1.768009431E2,1.587773393E-1,-6.328383949E-2,1.768008519E2
4.145820619E1,2.791944781E-2,5.952119245E-4,1.375153544E-3,9.996090531E-1,1.768002512E2,1.594239684E-1,-6.378003634E-2,1.768001588E2
4.146320619E1,2.792372525E-2,5.976782995E-4,1.373886829E-3,9.996089339E-1,1.767997608E2,1.592870355E-1,-6.406592284E-2,1.767996682E2
4.146820619E1,2.791710603E-2,5.928926985E-4,1.380361151E-3,9.996091127E-1,1.768005196E2,1.600129150E-1,-6.349808994E-2,1.768004273E2
4.147320619E1,2.791906138E-2,5.948669859E-4,1.383125316E-3,9.996090531E-1,1.768002955E2,1.603359831E-1,-6.371508160E-2,1.768002027E2
4.147820619E1,2.792341496E-2,5.983570591E-4,1.379884779E-3,9.996089339E-1,1.767997964E2,1.599762351E-1,-6.412452926E-2,1.767997032E2
4.148320619E1,2.793199043E-2,6.042180466E-4,1.376480330E-3,9.996086955E-1,1.767988133E2,1.596055770E-1,-6.480541112E-2,1.767987194E2
4.148820619E1,2.793011162E-2,6.038367865E-4,1.371477265E-3,9.996087551E-1,1.767990287E2,1.590311487E-1,-6.477805206E-2,1.767989352E2
4.149320619E1,2.793630718E-2,6.074003759E-4,1.374044456E-3,9.996085763E-1,1.767983185E2,1.593370232E-1,-6.517704542E-2,1.767982242E2
4.149820619E1,2.794452688E-2,6.149241817E-4,1.376999775E-3,9.996083379E-1,1.767973762E2,1.597001769E-1,-6.602809858E-2,1.767972805E2
4.150320619E1,2.795099658E-2,6.192761939E-4,1.373542007E-3,9.996081591E-1,1.767966345E2,1.593184680E-1,-6.653664895E-2,1.767965384E2
4.150820619E1,2.794285149E-2,6.127296947E-4,1.368682832E-3,9.996083975E-1,1.767975682E2,1.587403581E-1,-6.580362676E-2,1.767974735E2
4.151320619E1,2.793865035E-2,6.102498155E-4,1.368490513E-3,9.996085167E-1,1.767980498E2,1.587101120E-1,-6.552084759E-2,1.767979555E2
4.151820619E1,2.793684810E-2,6.087749498E-4,1.362388721E-3,9.996085763E-1,1.767982565E2,1.580063299E-1,-6.537172711E-2,1.767981627E2
4.152320619E1,2.793689021E-2,6.086102803E-4,1.361598726E-3,9.996085763E-1,1.767982516E2,1.579153140E-1,-6.535538721E-2,1.767981580E2
4.152820619E1,2.793462931E-2,6.075613201E-4,1.364691765E-3,9.996086359E-1,1.767985108E2,1.582661064E-1,-6.522568806E-2,1.767984171E2
4.153320619E1,2.794520819E-2,6.147256354E-4,1.363192569E-3,9.996083379E-1,1.767972981E2,1.581180124E-1,-6.604946287E-2,1.767972034E2
4.153820619E1,2.794324167E-2,6.137097953E-4,1.360251801E-3,9.996083975E-1,1.767975235E2,1.577777734E-1,-6.594282959E-2,1.767974292E2
4.154320619E1,2.793501522E-2,6.075963611E-4,1.356753753E-3,9.996086359E-1,1.767984666E2,1.573569683E-1,-6.525505206E-2,1.767983734E2
4.154820619E1,2.793917381E-2,6.105717621E-4,1.357616857E-3,9.996085167E-1,1.767979898E2,1.574656325E-1,-6.559245649E-2,1.767978962E2
4.155320619E1,2.794336371E-2,6.142627099E-4,1.357492525E-3,9.996083975E-1,1.767975095E2,1.574634854E-1,-6.601498055E-2,1.767974153E2
4.155820619E1,2.793730973E-2,6.092469557E-4,1.352677005E-3,9.996085763E-1,1.767982035E2,1.568954235E-1,-6.545681271E-2,1.767981104E2
4.156320619E1,2.793318710E-2,6.053586840E-4,1.351468149E-3,9.996086955E-1,1.767986761E2,1.567442356E-1,-6.501594044E-2,1.767985837E2
4.156820619E1,2.793299654E-2,6.053426187E-4,1.355408225E-3,9.996086955E-1,1.767986980E2,1.571954957E-1,-6.500151798E-2,1.767986053E2
4.157320619E1,2.793499083E-2,6.077290163E-4,1.357196481E-3,9.996086359E-1,1.767984694E2,1.574081045E-1,-6.526883387E-2,1.767983762E2
4.157820619E1,2.793941297E-2,6.114898715E-4,1.352271182E-3,9.996085167E-1,1.767979624E2,1.568562570E-1,-6.571470060E-2,1.767978689E2
4.158320619E1,2.793533339E-2,6.082787877E-4,1.349879429E-3,9.996086359E-1,1.767984301E2,1.565717406E-1,-6.535517815E-2,1.767983373E2
4.158820619E1,2.793531890E-2,6.076418213E-4,1.350466162E-3,9.996086359E-1,1.767984318E2,1.566369090E-1,-6.528033972E-2,1.767983390E2
4.159320619E1,2.793095752E-2,6.041958695E-4,1.353980508E-3,9.996087551E-1,1.767989317E2,1.570281517E-1,-6.487505200E-2,1.767988393E2
4.159820619E1,2.793099401E-2,6.047499483E-4,1.352980151E-3,9.996087551E-1,1.767989275E2,1.569153398E-1,-6.494171608E-2,1.767988351E2
4.160320619E1,2.793296811E-2,6.064987392E-4,1.355477259E-3,9.996086955E-1,1.767987012E2,1.572071025E-1,-6.513373133E-2,1.767986084E2
4.160820619E1,2.792667250E-2,6.015775725E-4,1.355524408E-3,9.996088743E-1,1.767994229E2,1.571963431E-1,-6.457086679E-2,1.767993308E2
4.161320619E1,2.792661950E-2,6.013326347E-4,1.356724417E-3,9.996088743E-1,1.767994290E2,1.573330132E-1,-6.453897796E-2,1.767993369E2
4.161820619E1,2.791631437E-2,5.935062654E-4,1.352666761E-3,9.996091723E-1,1.768006104E2,1.568425168E-1,-6.365709506E-2,1.768005197E2
4.162320619E1,2.791426936E-2,5.904115969E-4,1.352177118E-3,9.996092319E-1,1.768008448E2,1.567763996E-1,-6.330449781E-2,1.768007547E2
4.162820619E1,2.791817103E-2,5.937155802E-4,1.358291600E-3,9.996091127E-1,1.768003975E2,1.574876135E-1,-6.366278464E-2,1.768003065E2
4.163320619E1,2.792260784E-2,5.982138682E-4,1.352835912E-3,9.996089935E-1,1.767998889E2,1.568773576E-1,-6.419480710E-2,1.767997975E2
4.163820619E1,2.791860395E-2,5.939576658E-4,1.349257538E-3,9.996091127E-1,1.768003479E2,1.564535905E-1,-6.371934952E-2,1.768002574E2
4.164320619E1,2.791217217E-2,5.902669509E-4,1.351469429E-3,9.996092916E-1,1.768010852E2,1.566947404E-1,-6.329052159E-2,1.768009952E2
4.164820619E1,2.791418954E-2,5.902530975E-4,1.353893080E-3,9.996092319E-1,1.768008539E2,1.569724459E-1,-6.328086566E-2,1.768007638E2
4.165320619E1,2.792049697E-2,5.968254409E-4,1.352974214E-3,9.996090531E-1,1.768001309E2,1.568886214E-1,-6.403565598E-2,1.768000397E2
4.165820619E1,2.791850912E-2,5.941012641E-4,1.351155224E-3,9.996091127E-1,1.768003588E2,1.566714182E-1,-6.372974178E-2,1.768002681E2
4.166320619E1,2.791426382E-2,5.906779552E-4,1.352175022E-3,9.996092319E-1,1.768008454E2,1.567770113E-1,-6.333501587E-2,1.768007553E2
4.166820619E1,2.790795182E-2,5.868917797E-4,1.351923682E-3,9.996094108E-1,1.768015690E2,1.567357117E-1,-6.290311524E-2,1.768014795E2
4.167320619E1,2.791009304E-2,5.873119808E-4,1.351609593E-3,9.996093512E-1,1.768013236E2,1.567012126E-1,-6.295191677E-2,1.768012340E2
4.167820619E1,2.790588942E-2,5.848173751E-4,1.351323794E-3,9.996094704E-1,1.768018054E2,1.566602325E-1,-6.266774050E-2,1.768017163E2
4.168320619E1,2.791216782E-2,5.891632172E-4,1.352040796E-3,9.996092916E-1,1.768010857E2,1.567566579E-1,-6.316226553E-2,1.768009958E2
4.168820619E1,2.791019049E-2,5.878591328E-4,1.349357422E-3,9.996093512E-1,1.768013124E2,1.564449892E-1,-6.302177929E-2,1.768012229E2
4.169320619E1,2.790166155E-2,5.808874848E-4,1.352138584E-3,9.996095896E-1,1.768022901E2,1.567407333E-1,-6.221564134E-2,1.768022015E2
4.169820619E1,2.789930191E-2,5.798250204E-4,1.357210218E-3,9.996096492E-1,1.768025606E2,1.573181304E-1,-6.207809477E-2,1.768024719E2
4.170320619E1,2.790753762E-2,5.856130156E-4,1.360998023E-3,9.996094108E-1,1.768016165E2,1.577710352E-1,-6.272768151E-2,1.768015266E2
4.170820619E1,2.791399620E-2,5.916098598E-4,1.357282745E-3,9.996092319E-1,1.768008761E2,1.573650500E-1,-6.342546596E-2,1.768007855E2
4.171320619E1,2.790973103E-2,5.870794412E-4,1.359164715E-3,9.996093512E-1,1.768013651E2,1.575658631E-1,-6.290117321E-2,1.768012751E2
4.171820619E1,2.790740091E-2,5.860890378E-4,1.363594085E-3,9.996094108E-1,1.768016322E2,1.580699204E-1,-6.277392760E-2,1.768015421E2
4.172320619E1,2.790928032E-2,5.873332266E-4,1.368279569E-3,9.996093512E-1,1.768014167E2,1.586107263E-1,-6.290116288E-2,1.768013261E2
4.172820619E1,2.791153185E-2,5.888550659E-4,1.365239616E-3,9.996092916E-1,1.768011586E2,1.582675182E-1,-6.308485082E-2,1.768010679E2
4.173320619E1,2.791345437E-2,5.891934270E-4,1.369422767E-3,9.996092319E-1,1.768009382E2,1.587478896E-1,-6.310992380E-2,1.768008472E2
4.173820619E1,2.792175211E-2,5.962028517E-4,1.371260150E-3,9.996089935E-1,1.767999870E2,1.589813095E-1,-6.390563403E-2,1.767998948E2
4.174320619E1,2.791978705E-2,5.955662346E-4,1.368094585E-3,9.996090531E-1,1.768002123E2,1.586165408E-1,-6.384315223E-2,1.768001203E2
4.174820619E1,2.791995406E-2,5.952906795E-4,1.364802127E-3,9.996090531E-1,1.768001931E2,1.582385284E-1,-6.382209595E-2,1.768001014E2
4.175320619E1,2.791771489E-2,5.937613314E-4,1.367615070E-3,9.996091127E-1,1.768004498E2,1.585557068E-1,-6.363826924E-2,1.768003582E2
4.175820619E1,2.792592634E-2,5.994738895E-4,1.371731749E-3,9.996088743E-1,1.767995085E2,1.590460651E-1,-6.427814776E-2,1.767994157E2
4.176320619E1,2.793016063E-2,6.027183263E-4,1.370971091E-3,9.996087551E-1,1.767990231E2,1.589695912E-1,-6.465154836E-2,1.767989298E2
4.176820619E1,2.793248535E-2,6.049340591E-4,1.366083277E-3,9.996086955E-1,1.767987566E2,1.584169499E-1,-6.492062917E-2,1.767986633E2
4.177320619E1,2.792607759E-2,5.995960673E-4,1.368595520E-3,9.996088743E-1,1.767994911E2,1.586872201E-1,-6.430215530E-2,1.767993985E2
4.177820619E1,2.793013611E-2,6.034934195E-4,1.371129765E-3,9.996087551E-1,1.767990259E2,1.589902462E-1,-6.473982882E-2,1.767989325E2
4.178320619E1,2.793243542E-2,6.059117732E-4,1.366670826E-3,9.996086955E-1,1.767987623E2,1.584873783E-1,-6.503075036E-2,1.767986688E2
4.178820619E1,2.792827131E-2,6.013687816E-4,1.366586424E-3,9.996088147E-1,1.767992397E2,1.584628991E-1,-6.451129572E-2,1.767991469E2
4.179320619E1,2.792364162E-2,5.973231746E-4,1.375739812E-3,9.996089339E-1,1.767997704E2,1.594981474E-1,-6.401932838E-2,1.767996777E2
4.179820619E1,2.792356179E-2,5.978076952E-4,1.377148903E-3,9.996089339E-1,1.767997795E2,1.596611000E-1,-6.407033243E-2,1.767996867E2
4.180320619E1,2.792367789E-2,5.976338871E-4,1.374868327E-3,9.996089339E-1,1.767997662E2,1.593993180E-1,-6.405770238E-2,1.767996735E2
4.180820619E1,2.791941465E-2,5.941201234E-4,1.376298605E-3,9.996090531E-1,1.768002550E2,1.595516363E-1,-6.365131578E-2,1.768001627E2
4.181320619E1,2.792133307E-2,5.963660660E-4,1.379695837E-3,9.996089935E-1,1.768000350E2,1.599480880E-1,-6.389740514E-2,1.767999422E2
4.181820619E1,2.791907230E-2,5.947138416E-4,1.382970717E-3,9.996090531E-1,1.768002942E2,1.603177849E-1,-6.369803228E-2,1.768002015E2
4.182320619E1,2.791289266E-2,5.886162980E-4,1.381070935E-3,9.996092319E-1,1.768010026E2,1.600802715E-1,-6.300664600E-2,1.768009110E2
4.182820619E1,2.791497455E-2,5.901873810E-4,1.381463022E-3,9.996091723E-1,1.768007640E2,1.601303411E-1,-6.318502088E-2,1.768006720E2
4.183320619E1,2.791056630E-2,5.866466672E-4,1.385775744E-3,9.996092916E-1,1.768012693E2,1.606127469E-1,-6.276635570E-2,1.768011777E2
4.183820619E1,2.791251103E-2,5.882037804E-4,1.388937351E-3,9.996092319E-1,1.768010464E2,1.609800028E-1,-6.293429274E-2,1.768009543E2
4.184320619E1,2.791057461E-2,5.873250775E-4,1.385321026E-3,9.996092916E-1,1.768012683E2,1.605628307E-1,-6.284551848E-2,1.768011767E2
4.184820619E1,2.790026028E-2,5.793307791E-4,1.381404465E-3,9.996095896E-1,1.768024507E2,1.600879906E-1,-6.194397566E-2,1.768023606E2
4.185320619E1,2.790443462E-2,5.823803367E-4,1.382068614E-3,9.996094704E-1,1.768019722E2,1.601740777E-1,-6.229050056E-2,1.768018815E2
4.185820619E1,2.791501106E-2,5.913831410E-4,1.380213420E-3,9.996091723E-1,1.768007598E2,1.599910306E-1,-6.332598289E-2,1.768006677E2
4.186320619E1,2.791092408E-2,5.882295663E-4,1.377876266E-3,9.996092916E-1,1.768012283E2,1.597129704E-1,-6.297288036E-2,1.768011369E2
4.186820619E1,2.791490005E-2,5.903726560E-4,1.382888528E-3,9.996091723E-1,1.768007725E2,1.602942166E-1,-6.320169541E-2,1.768006805E2
4.187320619E1,2.791486549E-2,5.915197544E-4,1.383095863E-3,9.996091723E-1,1.768007765E2,1.603216338E-1,-6.333243416E-2,1.768006842E2
4.187820619E1,2.791914127E-2,5.936312373E-4,1.382043236E-3,9.996090531E-1,1.768002863E2,1.602080852E-1,-6.357697975E-2,1.768001938E2
4.188320619E1,2.791063070E-2,5.876664072E-4,1.384045463E-3,9.996092916E-1,1.768012619E2,1.604178141E-1,-6.288868748E-2,1.768011703E2
4.188820619E1,2.791673862E-2,5.920896074E-4,1.388114761E-3,9.996091127E-1,1.768005617E2,1.608984755E-1,-6.338135252E-2,1.768004691E2
4.189320619E1,2.792314665E-2,5.979839480E-4,1.385464682E-3,9.996089339E-1,1.767998271E2,1.606141853E-1,-6.406397865E-2,1.767997337E2
4.189820619E1,2.793356801E-2,6.057465798E-4,1.387039549E-3,9.996086359E-1,1.767986325E2,1.608200994E-1,-6.494644716E-2,1.767985377E2
4.190320619E1,2.792916884E-2,6.018488202E-4,1.391405705E-3,9.996087551E-1,1.767991368E2,1.613074681E-1,-6.448670510E-2,1.767990423E2
4.190820619E1,2.793131043E-2,6.037240964E-4,1.390425023E-3,9.996086955E-1,1.767988913E2,1.612012747E-1,-6.470430527E-2,1.767987966E2
4.191320619E1,2.793339192E-2,6.050253287E-4,1.390895224E-3,9.996086359E-1,1.767986527E2,1.612594352E-1,-6.485151639E-2,1.767985577E2
4.191820619E1,2.793540863E-2,6.073189434E-4,1.392228529E-3,9.996085763E-1,1.767984215E2,1.614196349E-1,-6.510964887E-2,1.767983261E2
4.192320619E1,2.792915195E-2,6.022849702E-4,1.391555998E-3,9.996087551E-1,1.767991387E2,1.613260786E-1,-6.453618638E-2,1.767990442E2
4.192820619E1,2.792908353E-2,6.010470097E-4,1.393463113E-3,9.996087551E-1,1.767991466E2,1.615405662E-1,-6.438828926E-2,1.767990521E2
4.193320619E1,2.793573656E-2,6.072467659E-4,1.385664567E-3,9.996085763E-1,1.767983839E2,1.606675431E-1,-6.512234141E-2,1.767982889E2
4.193820619E1,2.792726955E-2,6.005581236E-4,1.387258642E-3,9.996088147E-1,1.767993545E2,1.608281810E-1,-6.435243842E-2,1.767992605E2
4.194320619E1,2.791882415E-2,5.941413692E-4,1.388216391E-3,9.996090531E-1,1.768003227E2,1.609168139E-1,-6.361571441E-2,1.768002297E2
4.194820619E1,2.792300021E-2,5.965830060E-4,1.389015466E-3,9.996089339E-1,1.767998439E2,1.610164246E-1,-6.389216686E-2,1.767997505E2
4.195320619E1,2.792719242E-2,6.006936310E-4,1.388751902E-3,9.996088147E-1,1.767993633E2,1.609996581E-1,-6.436319386E-2,1.767992692E2
4.195820619E1,2.791665488E-2,5.923019489E-4,1.389707439E-3,9.996091127E-1,1.768005713E2,1.610815861E-1,-6.340059390E-2,1.768004786E2
4.196320619E1,2.791242884E-2,5.892749177E-4,1.390134450E-3,9.996092319E-1,1.768010558E2,1.611205481E-1,-6.305317228E-2,1.768009635E2
4.196820619E1,2.791672132E-2,5.912152701E-4,1.388835255E-3,9.996091127E-1,1.768005637E2,1.609782077E-1,-6.327889783E-2,1.768004712E2
4.197320619E1,2.791879416E-2,5.932179047E-4,1.389214187E-3,9.996090531E-1,1.768003261E2,1.610281519E-1,-6.350674704E-2,1.768002332E2
4.197820619E1,2.791650865E-2,5.916840164E-4,1.392904436E-3,9.996091127E-1,1.768005881E2,1.614458066E-1,-6.331960778E-2,1.768004952E2
4.198320619E1,2.791442358E-2,5.900220131E-4,1.392621896E-3,9.996091723E-1,1.768008271E2,1.614079936E-1,-6.313047117E-2,1.768007345E2
4.198820619E1,2.791867599E-2,5.933059729E-4,1.391549478E-3,9.996090531E-1,1.768003396E2,1.612959269E-1,-6.350938261E-2,1.768002466E2
4.199320619E1,2.791434654E-2,5.896693910E-4,1.394314342E-3,9.996091723E-1,1.768008359E2,1.616007254E-1,-6.308467801E-2,1.768007433E2
4.199820619E1,2.790998766E-2,5.871760077E-4,1.397158834E-3,9.996092916E-1,1.768013356E2,1.619183034E-1,-6.279067589E-2,1.768012432E2
4.200320619E1,2.790827366E-2,5.850790767E-4,1.389611862E-3,9.996093512E-1,1.768015321E2,1.610470054E-1,-6.257489308E-2,1.768014405E2
4.200820619E1,2.791061391E-2,5.873629707E-4,1.384512754E-3,9.996092916E-1,1.768012638E2,1.604703693E-1,-6.285243789E-2,1.768011722E2
4.201320619E1,2.790837901E-2,5.856329808E-4,1.387260738E-3,9.996093512E-1,1.768015200E2,1.607794692E-1,-6.264584333E-2,1.768014285E2
4.201820619E1,2.790612204E-2,5.831517628E-4,1.390755642E-3,9.996094108E-1,1.768017788E2,1.611717237E-1,-6.235081434E-2,1.768016874E2
4.202320619E1,2.789579074E-2,5.756092141E-4,1.386951306E-3,9.996097088E-1,1.768029631E2,1.607111908E-1,-6.150066619E-2,1.768028733E2
4.202820619E1,2.789807367E-2,5.775995669E-4,1.383158611E-3,9.996096492E-1,1.768027014E2,1.602832525E-1,-6.174041296E-2,1.768026115E2
4.203320619E1,2.789804911E-2,5.765968235E-4,1.384072122E-3,9.996096492E-1,1.768027042E2,1.603846851E-1,-6.162263533E-2,1.768026144E2
4.203820619E1,2.789162378E-2,5.730076227E-4,1.385915093E-3,9.996098280E-1,1.768034408E2,1.605839235E-1,-6.120664394E-2,1.768033514E2
4.204320619E1,2.790049722E-2,5.793761229E-4,1.376591623E-3,9.996095896E-1,1.768024236E2,1.595368531E-1,-6.196451959E-2,1.768023337E2
4.204820619E1,2.790296542E-2,5.819487269E-4,1.368738711E-3,9.996095300E-1,1.768021406E2,1.586457043E-1,-6.228391931E-2,1.768020509E2
4.205320619E1,2.790305773E-2,5.810033763E-4,1.367257675E-3,9.996095300E-1,1.768021301E2,1.584730387E-1,-6.218035341E-2,1.768020405E2
4.205820619E1,2.790498234E-2,5.828352296E-4,1.370771788E-3,9.996094704E-1,1.768019094E2,1.588815480E-1,-6.237864397E-2,1.768018194E2
4.206320619E1,2.790725513E-2,5.852150498E-4,1.366948825E-3,9.996094108E-1,1.768016489E2,1.584513917E-1,-6.266310954E-2,1.768015587E2
4.206820619E1,2.790950191E-2,5.868175067E-4,1.363974181E-3,9.996093512E-1,1.768013913E2,1.581159212E-1,-6.285582351E-2,1.768013011E2
4.207320619E1,2.790720242E-2,5.856576026E-4,1.367835095E-3,9.996094108E-1,1.768016549E2,1.585543234E-1,-6.271097661E-2,1.768015646E2
4.207820619E1,2.791546894E-2,5.909063038E-4,1.371126971E-3,9.996091723E-1,1.768007073E2,1.589487081E-1,-6.330035673E-2,1.768006159E2
4.208320619E1,2.792167513E-2,5.972376093E-4,1.372376923E-3,9.996089935E-1,1.767999958E2,1.591125386E-1,-6.402060111E-2,1.767999033E2
4.208820619E1,2.791746814E-2,5.934500368E-4,1.372777391E-3,9.996091127E-1,1.768004781E2,1.591460238E-1,-6.358613528E-2,1.768003862E2
4.209320619E1,2.791127383E-2,5.887251464E-4,1.370560378E-3,9.996092916E-1,1.768011882E2,1.588765640E-1,-6.305299140E-2,1.768010972E2
4.209820619E1,2.791968326E-2,5.946062156E-4,1.370627899E-3,9.996090531E-1,1.768002242E2,1.589036461E-1,-6.372509638E-2,1.768001322E2
4.210320619E1,2.792181183E-2,5.973854568E-4,1.369528356E-3,9.996089935E-1,1.767999802E2,1.587867256E-1,-6.404662936E-2,1.767998878E2
4.210820619E1,2.791767850E-2,5.929153413E-4,1.368724508E-3,9.996091127E-1,1.768004540E2,1.586800807E-1,-6.353782021E-2,1.768003624E2
4.211320619E1,2.791132499E-2,5.888186279E-4,1.369477948E-3,9.996092916E-1,1.768011823E2,1.587528771E-1,-6.306715342E-2,1.768010914E2
4.211820619E1,2.792393964E-2,5.983763258E-4,1.369217644E-3,9.996089339E-1,1.767997362E2,1.587544417E-1,-6.416078647E-2,1.767996438E2
4.212320619E1,2.792819573E-2,6.013461971E-4,1.368140220E-3,9.996088147E-1,1.767992483E2,1.586408046E-1,-6.450374790E-2,1.767991555E2
4.212820619E1,2.792418708E-2,5.980429705E-4,1.364308177E-3,9.996089339E-1,1.767997079E2,1.581910259E-1,-6.413827256E-2,1.767996158E2
4.213320619E1,2.792433145E-2,5.990428035E-4,1.360910363E-3,9.996089339E-1,1.767996913E2,1.578050253E-1,-6.426365032E-2,1.767995993E2
4.213820619E1,2.792877371E-2,6.021935842E-4,1.355914283E-3,9.996088147E-1,1.767991821E2,1.572431095E-1,-6.463985071E-2,1.767990898E2
4.214320619E1,2.793701053E-2,6.088436348E-4,1.359023154E-3,9.996085763E-1,1.767982378E2,1.576210449E-1,-6.539034375E-2,1.767981443E2
4.214820619E1,2.793045347E-2,6.038123392E-4,1.364508644E-3,9.996087551E-1,1.767989895E2,1.582328579E-1,-6.479750173E-2,1.767988965E2
4.215320619E1,2.793689623E-2,6.087530637E-4,1.361411298E-3,9.996085763E-1,1.767982509E2,1.578943021E-1,-6.537234167E-2,1.767981573E2
4.215820619E1,2.793902928E-2,6.106029614E-4,1.360573922E-3,9.996085167E-1,1.767980064E2,1.578044459E-1,-6.558658548E-2,1.767979125E2
4.216320619E1,2.793686377E-2,6.094850251E-4,1.361749833E-3,9.996085763E-1,1.767982547E2,1.579354217E-1,-6.545510679E-2,1.767981609E2
4.216820619E1,2.793676313E-2,6.092098192E-4,1.363935997E-3,9.996085763E-1,1.767982662E2,1.581849525E-1,-6.541659994E-2,1.767981723E2
4.217320619E1,2.793866525E-2,6.106225192E-4,1.368019963E-3,9.996085167E-1,1.767980481E2,1.586574061E-1,-6.556504374E-2,1.767979538E2
4.217820619E1,2.794293874E-2,6.135173608E-4,1.366547076E-3,9.996083975E-1,1.767975582E2,1.584982419E-1,-6.590067642E-2,1.767974635E2
4.218320619E1,2.793482023E-2,6.077607395E-4,1.360689173E-3,9.996086359E-1,1.767984889E2,1.578082724E-1,-6.526131374E-2,1.767983955E2
4.218820619E1,2.793697605E-2,6.093095290E-4,1.359523158E-3,9.996085763E-1,1.767982418E2,1.576798082E-1,-6.544211511E-2,1.767981482E2
4.219320619E1,2.794955529E-2,6.184690865E-4,1.359787653E-3,9.996082187E-1,1.767967997E2,1.577402675E-1,-6.648848075E-2,1.767967046E2
4.219820619E1,2.795583423E-2,6.236524205E-4,1.359796152E-3,9.996080399E-1,1.767960800E2,1.577582649E-1,-6.708119638E-2,1.767959840E2
4.220320619E1,2.795152149E-2,6.197200855E-4,1.362616546E-3,9.996081591E-1,1.767965744E2,1.580684466E-1,-6.662240704E-2,1.767964789E2
4.220820619E1,2.795583395E-2,6.240256480E-4,1.359630609E-3,9.996080399E-1,1.767960800E2,1.577404982E-1,-6.712447873E-2,1.767959840E2
4.221320619E1,2.795818689E-2,6.261775852E-4,1.354069915E-3,9.996079803E-1,1.767958103E2,1.571105907E-1,-6.738842043E-2,1.767957143E2
4.221820619E1,2.795836989E-2,6.269072182E-4,1.349947532E-3,9.996079803E-1,1.767957893E2,1.566407346E-1,-6.748517637E-2,1.767956935E2
4.222320619E1,2.796023549E-2,6.269480218E-4,1.355414395E-3,9.996079206E-1,1.767955754E2,1.572672036E-1,-6.747204153E-2,1.767954792E2
4.222820619E1,2.795591607E-2,6.244509714E-4,1.357745496E-3,9.996080399E-1,1.767960706E2,1.575259324E-1,-6.717922432E-2,1.767959746E2
4.223320619E1,2.795418067E-2,6.219348288E-4,1.350730425E-3,9.996080995E-1,1.767962695E2,1.567142002E-1,-6.691375418E-2,1.767961745E2
4.223820619E1,2.794559034E-2,6.160913617E-4,1.354715670E-3,9.996083379E-1,1.767972543E2,1.571514086E-1,-6.623298853E-2,1.767971599E2
4.224320619E1,2.794351681E-2,6.144672516E-4,1.354244538E-3,9.996083975E-1,1.767974920E2,1.570921034E-1,-6.604878669E-2,1.767973979E2
4.224820619E1,2.794783371E-2,6.171923596E-4,1.351913204E-3,9.996082783E-1,1.767969971E2,1.568340697E-1,-6.636772694E-2,1.767969027E2
4.225320619E1,2.794786893E-2,6.175236194E-4,1.351033570E-3,9.996082783E-1,1.767969931E2,1.567343736E-1,-6.640848332E-2,1.767968987E2
4.225820619E1,2.794370450E-2,6.138493773E-4,1.350647071E-3,9.996083975E-1,1.767974705E2,1.566780583E-1,-6.598950156E-2,1.767973767E2
4.226320619E1,2.794558173E-2,6.165441591E-4,1.354687149E-3,9.996083379E-1,1.767972553E2,1.571495911E-1,-6.628494768E-2,1.767971608E2
4.226820619E1,2.794752332E-2,6.169808330E-4,1.358410809E-3,9.996082783E-1,1.767970327E2,1.575776524E-1,-6.632273642E-2,1.767969379E2
4.227320619E1,2.794756236E-2,6.180327618E-4,1.357128844E-3,9.996082783E-1,1.767970282E2,1.574341789E-1,-6.644733093E-2,1.767969334E2
4.227820619E1,2.794744261E-2,6.176095922E-4,1.359784976E-3,9.996082783E-1,1.767970419E2,1.577370675E-1,-6.639037047E-2,1.767969470E2
4.228320619E1,2.794961862E-2,6.185547682E-4,1.358446432E-3,9.996082187E-1,1.767967925E2,1.575869134E-1,-6.650258109E-2,1.767966975E2
4.228820619E1,2.795597714E-2,6.247586571E-4,1.356345834E-3,9.996080399E-1,1.767960636E2,1.573665954E-1,-6.721894305E-2,1.767959677E2
4.229320619E1,2.796445208E-2,6.314566126E-4,1.354248147E-3,9.996078014E-1,1.767950920E2,1.571483471E-1,-6.799155946E-2,1.767949952E2
4.229820619E1,2.795617729E-2,6.242799573E-4,1.352435327E-3,9.996080399E-1,1.767960406E2,1.569171386E-1,-6.717660593E-2,1.767959451E2
4.230320619E1,2.796032011E-2,6.270182785E-4,1.353635103E-3,9.996079206E-1,1.767955657E2,1.570636221E-1,-6.748577694E-2,1.767954696E2
4.230820619E1,2.796457521E-2,6.309256423E-4,1.351951156E-3,9.996078014E-1,1.767950779E2,1.568835406E-1,-6.793808018E-2,1.767949813E2
4.231320619E1,2.796482341E-2,6.307512522E-4,1.346889068E-3,9.996078014E-1,1.767950495E2,1.563031522E-1,-6.793428755E-2,1.767949533E2
4.231820619E1,2.795630304E-2,6.248719292E-4,1.349559403E-3,9.996080399E-1,1.767960262E2,1.565896153E-1,-6.725360808E-2,1.767959308E2
4.232320619E1,2.796261662E-2,6.291431491E-4,1.349219703E-3,9.996078610E-1,1.767953024E2,1.565648159E-1,-6.774296155E-2,1.767952063E2
4.232820619E1,2.796697028E-2,6.327329902E-4,1.345618977E-3,9.996077418E-1,1.767948034E2,1.561641647E-1,-6.816502379E-2,1.767947069E2
4.233320619E1,2.795856109E-2,6.268420257E-4,1.346012228E-3,9.996079803E-1,1.767957674E2,1.561897617E-1,-6.749028719E-2,1.767956718E2
4.233820619E1,2.795626489E-2,6.246222183E-4,1.350464998E-3,9.996080399E-1,1.767960306E2,1.566925458E-1,-6.722210930E-2,1.767959351E2
4.234320619E1,2.795202382E-2,6.218499038E-4,1.351294690E-3,9.996081591E-1,1.767965168E2,1.567784186E-1,-6.690255701E-2,1.767964217E2
4.234820619E1,2.794788487E-2,6.183644873E-4,1.350319013E-3,9.996082783E-1,1.767969912E2,1.566552175E-1,-6.650708797E-2,1.767968968E2
4.235320619E1,2.794366032E-2,6.147008971E-4,1.351173734E-3,9.996083975E-1,1.767974755E2,1.567411099E-1,-6.608536081E-2,1.767973816E2
4.235820619E1,2.794378624E-2,6.144507788E-4,1.348681166E-3,9.996083975E-1,1.767974611E2,1.564548011E-1,-6.606467258E-2,1.767973674E2
4.236320619E1,2.794817795E-2,6.182955112E-4,1.344271237E-3,9.996082783E-1,1.767969576E2,1.559622617E-1,-6.651851041E-2,1.767968636E2
4.236820619E1,2.794206241E-2,6.130193942E-4,1.340847695E-3,9.996084571E-1,1.767976587E2,1.555528032E-1,-6.592606491E-2,1.767975657E2
4.237320619E1,2.794022289E-2,6.115803262E-4,1.335390843E-3,9.996085167E-1,1.767978696E2,1.549230081E-1,-6.577898243E-2,1.767977772E2
4.237820619E1,2.793818562E-2,6.112874835E-4,1.333530527E-3,9.996085763E-1,1.767981031E2,1.547088427E-1,-6.575170994E-2,1.767980109E2
4.238320619E1,2.793816961E-2,6.107157678E-4,1.334127854E-3,9.996085763E-1,1.767981050E2,1.547754332E-1,-6.568431187E-2,1.767980128E2
4.238820619E1,2.793389816E-2,6.065767375E-4,1.336138113E-3,9.996086955E-1,1.767985946E2,1.549921716E-1,-6.520442575E-2,1.767985030E2
4.239320619E1,2.792974693E-2,6.031550583E-4,1.335283509E-3,9.996088147E-1,1.767990705E2,1.548830563E-1,-6.481586239E-2,1.767989795E2
4.239820619E1,2.793598930E-2,6.091796095E-4,1.335826120E-3,9.996086359E-1,1.767983549E2,1.549649033E-1,-6.550325082E-2,1.767982629E2
4.240320619E1,2.794234190E-2,6.144478684E-4,1.334353932E-3,9.996084571E-1,1.767976267E2,1.548135550E-1,-6.611044183E-2,1.767975339E2
4.240820619E1,2.793815252E-2,6.106322980E-4,1.334523782E-3,9.996085763E-1,1.767981069E2,1.548205172E-1,-6.567348573E-2,1.767980147E2
4.241320619E1,2.793800130E-2,6.111055263E-4,1.337469672E-3,9.996085763E-1,1.767981243E2,1.551594653E-1,-6.571828448E-2,1.767980318E2
4.241820619E1,2.794213422E-2,6.128506502E-4,1.339427661E-3,9.996084571E-1,1.767976505E2,1.553896070E-1,-6.591127165E-2,1.767975576E2
4.242320619E1,2.793808672E-2,6.109818351E-4,1.335740788E-3,9.996085763E-1,1.767981145E2,1.549610364E-1,-6.570963792E-2,1.767980221E2
4.242820619E1,2.793185314E-2,6.049540825E-4,1.335033565E-3,9.996087551E-1,1.767988291E2,1.548603213E-1,-6.502240847E-2,1.767987377E2
4.243320619E1,2.793614664E-2,6.090946845E-4,1.332570333E-3,9.996086359E-1,1.767983369E2,1.545917010E-1,-6.550392143E-2,1.767982451E2
4.243820619E1,2.794253748E-2,6.134631112E-4,1.330706291E-3,9.996084571E-1,1.767976042E2,1.543925883E-1,-6.600929085E-2,1.767975119E2
4.244320619E1,2.793624680E-2,6.091091782E-4,1.330462401E-3,9.996086359E-1,1.767983254E2,1.543502967E-1,-6.551231438E-2,1.767982337E2
4.244820619E1,2.792333747E-2,5.986150354E-4,1.337511814E-3,9.996089935E-1,1.767998053E2,1.551233582E-1,-6.428968017E-2,1.767997148E2
4.245320619E1,2.792337086E-2,5.993335508E-4,1.336492714E-3,9.996089935E-1,1.767998014E2,1.550089248E-1,-6.437523961E-2,1.767997109E2
4.245820619E1,2.792965946E-2,6.032225792E-4,1.337081310E-3,9.996088147E-1,1.767990805E2,1.550891996E-1,-6.481785620E-2,1.767989894E2
4.246320619E1,2.792786930E-2,6.018464337E-4,1.330517232E-3,9.996088743E-1,1.767992858E2,1.543327835E-1,-6.468150855E-2,1.767991952E2
4.246820619E1,2.792347616E-2,5.990657955E-4,1.334411092E-3,9.996089935E-1,1.767997894E2,1.547696311E-1,-6.435121374E-2,1.767996990E2
4.247320619E1,2.791915310E-2,5.961103016E-4,1.336888410E-3,9.996091127E-1,1.768002849E2,1.550436660E-1,-6.400541479E-2,1.768001949E2
4.247820619E1,2.791726894E-2,5.937819369E-4,1.332697808E-3,9.996091723E-1,1.768005009E2,1.545560749E-1,-6.375240678E-2,1.768004115E2
4.248320619E1,2.791522413E-2,5.917128874E-4,1.331743319E-3,9.996092319E-1,1.768007353E2,1.544399915E-1,-6.351877327E-2,1.768006463E2
4.248820619E1,2.791104559E-2,5.889847525E-4,1.331055304E-3,9.996093512E-1,1.768012144E2,1.543521896E-1,-6.320912026E-2,1.768011258E2
4.249320619E1,2.791123540E-2,5.893393536E-4,1.326911733E-3,9.996093512E-1,1.768011926E2,1.538787020E-1,-6.326296252E-2,1.768011043E2
4.249820619E1,2.790699476E-2,5.867060390E-4,1.327467966E-3,9.996094704E-1,1.768016787E2,1.539337266E-1,-6.296019863E-2,1.768015908E2
4.250320619E1,2.790311497E-2,5.824462860E-4,1.321119838E-3,9.996095896E-1,1.768021235E2,1.531927012E-1,-6.249315327E-2,1.768020366E2
4.250820619E1,2.790095343E-2,5.815636250E-4,1.322060940E-3,9.996096492E-1,1.768023713E2,1.532975442E-1,-6.238936951E-2,1.768022845E2
4.251320619E1,2.790517564E-2,5.843861145E-4,1.321837422E-3,9.996095300E-1,1.768018873E2,1.532812307E-1,-6.271274402E-2,1.768018000E2
4.251820619E1,2.790733439E-2,5.873040063E-4,1.320042764E-3,9.996094704E-1,1.768016398E2,1.530851252E-1,-6.305238766E-2,1.768015522E2
4.252320619E1,2.790702727E-2,5.869293236E-4,1.326685655E-3,9.996094704E-1,1.768016750E2,1.538448313E-1,-6.298827200E-2,1.768015871E2
4.252820619E1,2.790284165E-2,5.834497861E-4,1.326439087E-3,9.996095896E-1,1.768021548E2,1.538051975E-1,-6.259113453E-2,1.768020675E2
4.253320619E1,2.789850369E-2,5.800577346E-4,1.329332823E-3,9.996097088E-1,1.768026521E2,1.541255499E-1,-6.219400179E-2,1.768025651E2
4.253820619E1,2.789641144E-2,5.776527105E-4,1.329467515E-3,9.996097684E-1,1.768028920E2,1.541331596E-1,-6.191840581E-2,1.768028053E2
4.254320619E1,2.789636494E-2,5.767516559E-4,1.330833766E-3,9.996097684E-1,1.768028973E2,1.542867761E-1,-6.181083240E-2,1.768028107E2
4.254820619E1,2.789435181E-2,5.766578251E-4,1.328298938E-3,9.996098280E-1,1.768031281E2,1.539959945E-1,-6.180849780E-2,1.768030417E2
4.255320619E1,2.788599921E-2,5.696993321E-4,1.327258302E-3,9.996100664E-1,1.768040856E2,1.538540385E-1,-6.101603618E-2,1.768040003E2
4.255820619E1,2.788592284E-2,5.701402551E-4,1.328672864E-3,9.996100664E-1,1.768040943E2,1.540174770E-1,-6.106203395E-2,1.768040089E2
4.256320619E1,2.788975232E-2,5.725556402E-4,1.336916233E-3,9.996099472E-1,1.768036553E2,1.549696852E-1,-6.131177280E-2,1.768035690E2
4.256820619E1,2.789823968E-2,5.796517944E-4,1.335038221E-3,9.996097088E-1,1.768026824E2,1.547777725E-1,-6.212930319E-2,1.768025951E2
4.257320619E1,2.789425161E-2,5.758173065E-4,1.330765430E-3,9.996098280E-1,1.768031396E2,1.542758309E-1,-6.170435022E-2,1.768030531E2
4.257820619E1,2.789197305E-2,5.734285223E-4,1.334777800E-3,9.996098876E-1,1.768034008E2,1.547276602E-1,-6.141824946E-2,1.768033145E2
4.258320619E1,2.788756455E-2,5.704570212E-4,1.338883536E-3,9.996100068E-1,1.768039061E2,1.551881928E-1,-6.106543463E-2,1.768038200E2
4.258820619E1,2.789378732E-2,5.750464625E-4,1.340792980E-3,9.996098280E-1,1.768031928E2,1.554219651E-1,-6.158407121E-2,1.768031058E2
4.259320619E1,2.789805409E-2,5.787008558E-4,1.339322189E-3,9.996097088E-1,1.768027037E2,1.552654367E-1,-6.200670918E-2,1.768026162E2
4.259820619E1,2.790207978E-2,5.813002354E-4,1.343301963E-3,9.996095896E-1,1.768022422E2,1.557298698E-1,-6.229110955E-2,1.768021541E2
4.260320619E1,2.790190588E-2,5.815270706E-4,1.346811419E-3,9.996095896E-1,1.768022621E2,1.561325823E-1,-6.230589873E-2,1.768021738E2
4.260820619E1,2.789545831E-2,5.761832581E-4,1.349946833E-3,9.996097684E-1,1.768030012E2,1.564742497E-1,-6.168476589E-2,1.768029135E2
4.261320619E1,2.788700048E-2,5.696157459E-4,1.350936363E-3,9.996100068E-1,1.768039708E2,1.565660867E-1,-6.093063945E-2,1.768038841E2
4.261820619E1,2.788485180E-2,5.680685281E-4,1.351836720E-3,9.996100664E-1,1.768042171E2,1.566641446E-1,-6.075086993E-2,1.768041306E2
4.262320619E1,2.789551589E-2,5.759685300E-4,1.348848105E-3,9.996097684E-1,1.768029946E2,1.563477107E-1,-6.166367273E-2,1.768029070E2
4.262820619E1,2.789776533E-2,5.778448540E-4,1.345691504E-3,9.996097088E-1,1.768027368E2,1.559922687E-1,-6.188833939E-2,1.768026491E2
4.263320619E1,2.789328663E-2,5.746242241E-4,1.351348707E-3,9.996098280E-1,1.768032502E2,1.566297127E-1,-6.150204238E-2,1.768031627E2
4.263820619E1,2.788285205E-2,5.670170067E-4,1.349449623E-3,9.996101260E-1,1.768044464E2,1.563872280E-1,-6.063836213E-2,1.768043602E2
4.264320619E1,2.789333559E-2,5.746258539E-4,1.350336941E-3,9.996098280E-1,1.768032446E2,1.565138260E-1,-6.150545543E-2,1.768031571E2
4.264820619E1,2.790163807E-2,5.811789888E-4,1.352497842E-3,9.996095896E-1,1.768022928E2,1.567828159E-1,-6.224788720E-2,1.768022042E2
4.265320619E1,2.790594274E-2,5.840178346E-4,1.350568258E-3,9.996094704E-1,1.768017993E2,1.565711345E-1,-6.257856342E-2,1.768017104E2
4.265820619E1,2.790369966E-2,5.834451295E-4,1.353043248E-3,9.996095300E-1,1.768020565E2,1.568526655E-1,-6.250539911E-2,1.768019674E2
4.266320619E1,2.791222103E-2,5.887889420E-4,1.351104933E-3,9.996092916E-1,1.768010796E2,1.566482637E-1,-6.312237859E-2,1.768009898E2
4.266820619E1,2.790610087E-2,5.847019493E-4,1.347000245E-3,9.996094704E-1,1.768017812E2,1.561646267E-1,-6.266831196E-2,1.768016923E2
4.267320619E1,2.791214202E-2,5.889903405E-4,1.352648600E-3,9.996092916E-1,1.768010887E2,1.568257255E-1,-6.314052298E-2,1.768009988E2
4.267820619E1,2.791827147E-2,5.945675075E-4,1.355852350E-3,9.996091127E-1,1.768003860E2,1.572109367E-1,-6.376815823E-2,1.768002950E2
4.268320619E1,2.791618467E-2,5.918395473E-4,1.356069581E-3,9.996091723E-1,1.768006252E2,1.572269593E-1,-6.345531237E-2,1.768005347E2
4.268820619E1,2.791004475E-2,5.878146039E-4,1.352388063E-3,9.996093512E-1,1.768013291E2,1.567919886E-1,-6.300700841E-2,1.768012394E2
4.269320619E1,2.790544388E-2,5.844875122E-4,1.360635157E-3,9.996094704E-1,1.768018565E2,1.577257392E-1,-6.260024951E-2,1.768017668E2
4.269820619E1,2.791581413E-2,5.917683593E-4,1.363707008E-3,9.996091723E-1,1.768006677E2,1.581015529E-1,-6.342278408E-2,1.768005767E2
4.270320619E1,2.792854134E-2,6.014255341E-4,1.361031784E-3,9.996088147E-1,1.767992087E2,1.578268307E-1,-6.453553120E-2,1.767991163E2
4.270820619E1,2.792209338E-2,5.970214261E-4,1.363935531E-3,9.996089935E-1,1.767999479E2,1.581449373E-1,-6.402278163E-2,1.767998560E2
4.271320619E1,2.790724271E-2,5.855226191E-4,1.367070712E-3,9.996094108E-1,1.768016503E2,1.584663364E-1,-6.269795280E-2,1.768015601E2
4.271820619E1,2.790722778E-2,5.849599256E-4,1.367616234E-3,9.996094108E-1,1.768016520E2,1.585270238E-1,-6.263175582E-2,1.768015618E2
4.272320619E1,2.791775245E-2,5.940622068E-4,1.366717392E-3,9.996091127E-1,1.768004455E2,1.584538454E-1,-6.367559948E-2,1.768003539E2
4.272820619E1,2.791547265E-2,5.912902416E-4,1.370885875E-3,9.996091723E-1,1.768007069E2,1.589223198E-1,-6.334510624E-2,1.768006154E2
4.273320619E1,2.791110445E-2,5.883153644E-4,1.374181011E-3,9.996092916E-1,1.768012076E2,1.592899755E-1,-6.299449861E-2,1.768011165E2
4.273820619E1,2.790910970E-2,5.872583715E-4,1.371787395E-3,9.996093512E-1,1.768014363E2,1.590122874E-1,-6.288139666E-2,1.768013455E2
4.274320619E1,2.791161064E-2,5.894819624E-4,1.363356947E-3,9.996092916E-1,1.768011496E2,1.580538742E-1,-6.316266911E-2,1.768010589E2
4.274820619E1,2.790713434E-2,5.853517796E-4,1.369354199E-3,9.996094108E-1,1.768016627E2,1.587273500E-1,-6.267109823E-2,1.768015724E2
4.275320619E1,2.791949200E-2,5.954260705E-4,1.374163316E-3,9.996090531E-1,1.768002461E2,1.593112287E-1,-6.380772720E-2,1.768001538E2
4.275820619E1,2.793013628E-2,6.039109430E-4,1.370942453E-3,9.996087551E-1,1.767990259E2,1.589701266E-1,-6.478825428E-2,1.767989324E2
4.276320619E1,2.792400942E-2,5.981525173E-4,1.367891673E-3,9.996089339E-1,1.767997282E2,1.586018439E-1,-6.413938189E-2,1.767996359E2
4.276820619E1,2.791578244E-2,5.914086360E-4,1.364511554E-3,9.996091723E-1,1.768006713E2,1.581925585E-1,-6.337901019E-2,1.768005803E2
4.277320619E1,2.792195896E-2,5.961432471E-4,1.367067918E-3,9.996089935E-1,1.767999633E2,1.585009242E-1,-6.391218757E-2,1.767998713E2
4.277820619E1,2.793250529E-2,6.056395941E-4,1.365362899E-3,9.996086955E-1,1.767987543E2,1.583366926E-1,-6.500374864E-2,1.767986609E2
4.278320619E1,2.793890432E-2,6.109330570E-4,1.362989657E-3,9.996085167E-1,1.767980207E2,1.580822097E-1,-6.561668222E-2,1.767979266E2
4.278820619E1,2.793887406E-2,6.101615727E-4,1.363955089E-3,9.996085167E-1,1.767980242E2,1.581903249E-1,-6.552522502E-2,1.767979302E2
4.279320619E1,2.793263308E-2,6.051491364E-4,1.362963929E-3,9.996086955E-1,1.767987396E2,1.580603360E-1,-6.495522702E-2,1.767986465E2
4.279820619E1,2.793491295E-2,6.071597454E-4,1.359052956E-3,9.996086359E-1,1.767984783E2,1.576189306E-1,-6.519769505E-2,1.767983851E2
4.280320619E1,2.793901633E-2,6.109306123E-4,1.360692782E-3,9.996085167E-1,1.767980079E2,1.578191092E-1,-6.562373831E-2,1.767979140E2
4.280820619E1,2.795136784E-2,6.194569869E-4,1.365883974E-3,9.996081591E-1,1.767965920E2,1.584418676E-1,-6.658182839E-2,1.767964963E2
4.281320619E1,2.796191405E-2,6.289057783E-4,1.363812014E-3,9.996078610E-1,1.767953830E2,1.582355119E-1,-6.766912342E-2,1.767952859E2
4.281820619E1,2.796197734E-2,6.277391803E-4,1.363051706E-3,9.996078610E-1,1.767953757E2,1.581446869E-1,-6.753791977E-2,1.767952789E2
4.282320619E1,2.795778196E-2,6.250969600E-4,1.362901065E-3,9.996079803E-1,1.767958567E2,1.581186822E-1,-6.723640858E-2,1.767957603E2
4.282820619E1,2.795962536E-2,6.271865568E-4,1.367833000E-3,9.996079206E-1,1.767956454E2,1.586904397E-1,-6.745967124E-2,1.767955483E2
4.283320619E1,2.797225653E-2,6.373295910E-4,1.366247190E-3,9.996075630E-1,1.767941974E2,1.585421579E-1,-6.862459961E-2,1.767940988E2
4.283820619E1,2.798087535E-2,6.432990194E-4,1.361391391E-3,9.996073246E-1,1.767932093E2,1.580056750E-1,-6.932258035E-2,1.767931101E2
4.284320619E1,2.797857999E-2,6.414541858E-4,1.365665114E-3,9.996073842E-1,1.767934725E2,1.584891420E-1,-6.909792128E-2,1.767933732E2
4.284820619E1,2.796586295E-2,6.316179060E-4,1.368954545E-3,9.996077418E-1,1.767949303E2,1.588335324E-1,-6.796268291E-2,1.767948325E2
4.285320619E1,2.796378512E-2,6.305983989E-4,1.368346857E-3,9.996078014E-1,1.767951685E2,1.587605151E-1,-6.784817928E-2,1.767950709E2
4.285820619E1,2.797003200E-2,6.341743283E-4,1.369644538E-3,9.996076226E-1,1.767944524E2,1.589210469E-1,-6.825263844E-2,1.767943541E2
4.286320619E1,2.797430051E-2,6.388166221E-4,1.367312041E-3,9.996075034E-1,1.767939630E2,1.586690408E-1,-6.879119620E-2,1.767938641E2
4.286820619E1,2.797847530E-2,6.417972036E-4,1.367647434E-3,9.996073842E-1,1.767934845E2,1.587173032E-1,-6.913087368E-2,1.767933851E2
4.287320619E1,2.797227070E-2,6.364917499E-4,1.366347657E-3,9.996075630E-1,1.767941957E2,1.585509811E-1,-6.852830346E-2,1.767940973E2
4.287820619E1,2.796592504E-2,6.311059115E-4,1.367921825E-3,9.996077418E-1,1.767949232E2,1.587136008E-1,-6.790733541E-2,1.767948255E2
4.288320619E1,2.795942027E-2,6.269854493E-4,1.372110681E-3,9.996079206E-1,1.767956689E2,1.591797767E-1,-6.742296185E-2,1.767955716E2
4.288820619E1,2.797197293E-2,6.353548961E-4,1.372956671E-3,9.996075630E-1,1.767942299E2,1.593043583E-1,-6.837694303E-2,1.767941311E2
4.289320619E1,2.797424496E-2,6.385523593E-4,1.368571538E-3,9.996075034E-1,1.767939694E2,1.588124613E-1,-6.875689702E-2,1.767938705E2
4.289820619E1,2.796780364E-2,6.337608793E-4,1.371837105E-3,9.996076822E-1,1.767947078E2,1.591707212E-1,-6.819860639E-2,1.767946094E2
4.290320619E1,2.795928568E-2,6.268397556E-4,1.374916988E-3,9.996079206E-1,1.767956843E2,1.595007547E-1,-6.739730314E-2,1.767955868E2
4.290820619E1,2.796581276E-2,6.306448486E-4,1.370427548E-3,9.996077418E-1,1.767949361E2,1.589991383E-1,-6.784650982E-2,1.767948383E2
4.291320619E1,2.797647637E-2,6.407256005E-4,1.365474658E-3,9.996074438E-1,1.767937136E2,1.584648446E-1,-6.901540843E-2,1.767936145E2
4.291820619E1,2.797847681E-2,6.415437092E-4,1.367735327E-3,9.996073842E-1,1.767934843E2,1.587265584E-1,-6.910155472E-2,1.767933849E2
4.292320619E1,2.797838466E-2,6.409599446E-4,1.369892503E-3,9.996073842E-1,1.767934949E2,1.589717780E-1,-6.902778478E-2,1.767933954E2
4.292820619E1,2.797005184E-2,6.354434881E-4,1.368650701E-3,9.996076226E-1,1.767944501E2,1.588112754E-1,-6.840119875E-2,1.767943517E2
4.293320619E1,2.796383493E-2,6.295364583E-4,1.367817749E-3,9.996078014E-1,1.767951628E2,1.586965077E-1,-6.772822517E-2,1.767950654E2
4.293820619E1,2.797200193E-2,6.361619453E-4,1.371991937E-3,9.996075630E-1,1.767942265E2,1.591964402E-1,-6.847247558E-2,1.767941278E2
4.294320619E1,2.797823460E-2,6.419271231E-4,1.372501953E-3,9.996073842E-1,1.767935121E2,1.592737731E-1,-6.913022931E-2,1.767934123E2
4.294820619E1,2.797828363E-2,6.417959230E-4,1.371563412E-3,9.996073842E-1,1.767935064E2,1.591658489E-1,-6.911820211E-2,1.767934068E2
4.295320619E1,2.796782932E-2,6.327437004E-4,1.371783204E-3,9.996076822E-1,1.767947049E2,1.591612886E-1,-6.808226063E-2,1.767946067E2
4.295820619E1,2.796367801E-2,6.295419880E-4,1.371019520E-3,9.996078014E-1,1.767951808E2,1.590632677E-1,-6.771862341E-2,1.767950831E2
4.296320619E1,2.796563023E-2,6.304757553E-4,1.374225016E-3,9.996077418E-1,1.767949570E2,1.594335722E-1,-6.781499994E-2,1.767948590E2
4.296820619E1,2.797420150E-2,6.386805326E-4,1.369399717E-3,9.996075034E-1,1.767939744E2,1.589077345E-1,-6.876893084E-2,1.767938754E2
4.297320619E1,2.798054685E-2,6.439585704E-4,1.367816119E-3,9.996073246E-1,1.767932470E2,1.587436996E-1,-6.937758111E-2,1.767931472E2
4.297820619E1,2.797414478E-2,6.384236040E-4,1.370677608E-3,9.996075034E-1,1.767939809E2,1.590532853E-1,-6.873541301E-2,1.767938818E2
4.298320619E1,2.796579927E-2,6.320369430E-4,1.370061538E-3,9.996077418E-1,1.767949376E2,1.589616737E-1,-6.800714467E-2,1.767948396E2
4.298820619E1,2.796574254E-2,6.311010802E-4,1.371649909E-3,9.996077418E-1,1.767949441E2,1.591406134E-1,-6.789486344E-2,1.767948462E2
4.299320619E1,2.796769537E-2,6.333347410E-4,1.374239102E-3,9.996076822E-1,1.767947202E2,1.594444893E-1,-6.814211261E-2,1.767946217E2
4.299820619E1,2.797819981E-2,6.410293863E-4,1.373630133E-3,9.996073842E-1,1.767935160E2,1.594001218E-1,-6.902378502E-2,1.767934163E2
4.300320619E1,2.797209566E-2,6.370997289E-4,1.369643724E-3,9.996075630E-1,1.767942158E2,1.589304723E-1,-6.858740773E-2,1.767941170E2
4.300820619E1,2.796371282E-2,6.300780806E-4,1.370062935E-3,9.996078014E-1,1.767951768E2,1.589554142E-1,-6.778309086E-2,1.767950791E2
4.301320619E1,2.796136534E-2,6.279528607E-4,1.375451335E-3,9.996078610E-1,1.767954459E2,1.595656695E-1,-6.752276160E-2,1.767953482E2
4.301820619E1,2.796750940E-2,6.321241963E-4,1.378574525E-3,9.996076822E-1,1.767947416E2,1.599372060E-1,-6.798958366E-2,1.767946430E2
4.302320619E1,2.797186793E-2,6.362568238E-4,1.374677289E-3,9.996075630E-1,1.767942419E2,1.595043339E-1,-6.847475719E-2,1.767941429E2
4.302820619E1,2.796368527E-2,6.288455334E-4,1.371191000E-3,9.996078014E-1,1.767951799E2,1.590806787E-1,-6.763829620E-2,1.767950824E2
4.303320619E1,2.795733853E-2,6.244212273E-4,1.372274826E-3,9.996079803E-1,1.767959075E2,1.591902230E-1,-6.712904437E-2,1.767958106E2
4.303820619E1,2.795520103E-2,6.236475892E-4,1.372754341E-3,9.996080399E-1,1.767961525E2,1.592425278E-1,-6.703923096E-2,1.767960557E2
4.304320619E1,2.795751862E-2,6.242829841E-4,1.368664089E-3,9.996079803E-1,1.767958869E2,1.587761932E-1,-6.712474846E-2,1.767957902E2
4.304820619E1,2.796363997E-2,6.300702807E-4,1.371552702E-3,9.996078014E-1,1.767951851E2,1.591260325E-1,-6.777743505E-2,1.767950874E2
4.305320619E1,2.796151364E-2,6.283806288E-4,1.372237573E-3,9.996078610E-1,1.767954289E2,1.591989238E-1,-6.758203505E-2,1.767953313E2
4.305820619E1,2.795524339E-2,6.234947359E-4,1.371960971E-3,9.996080399E-1,1.767961477E2,1.591511628E-1,-6.702425697E-2,1.767960510E2
4.306320619E1,2.794473833E-2,6.142060156E-4,1.373023377E-3,9.996083379E-1,1.767973519E2,1.592424066E-1,-6.595853497E-2,1.767972567E2
4.306820619E1,2.794034169E-2,6.114831194E-4,1.376921195E-3,9.996084571E-1,1.767978560E2,1.596798810E-1,-6.563485640E-2,1.767977609E2
4.307320619E1,2.794459615E-2,6.147802342E-4,1.375657623E-3,9.996083379E-1,1.767973682E2,1.595459810E-1,-6.601589679E-2,1.767972727E2
4.307820619E1,2.794693900E-2,6.171761779E-4,1.370291575E-3,9.996082783E-1,1.767970997E2,1.589391449E-1,-6.630715552E-2,1.767970041E2
4.308320619E1,2.794053616E-2,6.113731069E-4,1.373018371E-3,9.996084571E-1,1.767978337E2,1.592324848E-1,-6.563472002E-2,1.767977388E2
4.308820619E1,2.793395678E-2,6.065867492E-4,1.378818532E-3,9.996086359E-1,1.767985879E2,1.598811214E-1,-6.506893952E-2,1.767984935E2
4.309320619E1,2.793199461E-2,6.041982560E-4,1.376404194E-3,9.996086955E-1,1.767988128E2,1.595967928E-1,-6.480338721E-2,1.767987190E2
4.309820619E1,2.793406576E-2,6.056894199E-4,1.377003849E-3,9.996086359E-1,1.767985754E2,1.596703895E-1,-6.497194493E-2,1.767984813E2
4.310320619E1,2.792570045E-2,6.000831490E-4,1.376057160E-3,9.996088743E-1,1.767995344E2,1.595434634E-1,-6.433413047E-2,1.767994412E2
4.310820619E1,2.792571900E-2,5.995230167E-4,1.375924912E-3,9.996088743E-1,1.767995323E2,1.595265234E-1,-6.427038937E-2,1.767994392E2
4.311320619E1,2.792804069E-2,6.019402645E-4,1.371040591E-3,9.996088147E-1,1.767992661E2,1.589749248E-1,-6.456253861E-2,1.767991729E2
4.311820619E1,2.792624255E-2,6.005567848E-4,1.364803058E-3,9.996088743E-1,1.767994722E2,1.582558902E-1,-6.442431286E-2,1.767993797E2
4.312320619E1,2.792611577E-2,6.005148753E-4,1.367413090E-3,9.996088743E-1,1.767994868E2,1.585547192E-1,-6.441117972E-2,1.767993941E2
4.312820619E1,2.792583980E-2,5.993706873E-4,1.373537350E-3,9.996088743E-1,1.767995184E2,1.592525555E-1,-6.426056183E-2,1.767994255E2
4.313320619E1,2.793007652E-2,6.027879426E-4,1.372653060E-3,9.996087551E-1,1.767990327E2,1.591624731E-1,-6.465415268E-2,1.767989393E2
4.313820619E1,2.792373259E-2,5.973564694E-4,1.373877632E-3,9.996089339E-1,1.767997600E2,1.592849526E-1,-6.402908650E-2,1.767996674E2
4.314320619E1,2.791933406E-2,5.938095273E-4,1.378066256E-3,9.996090531E-1,1.768002642E2,1.597531166E-1,-6.361009542E-2,1.768001719E2
4.314820619E1,2.792360767E-2,5.972210784E-4,1.376472996E-3,9.996089339E-1,1.767997743E2,1.595818025E-1,-6.400529288E-2,1.767996815E2
4.315320619E1,2.792778494E-2,6.006537005E-4,1.376802451E-3,9.996088147E-1,1.767992954E2,1.596307945E-1,-6.439676738E-2,1.767992021E2
4.315820619E1,2.792972885E-2,6.023978349E-4,1.379879424E-3,9.996087551E-1,1.767990726E2,1.599889604E-1,-6.458639370E-2,1.767989788E2
4.316320619E1,2.793173288E-2,6.039611180E-4,1.381808892E-3,9.996086955E-1,1.767988428E2,1.602151088E-1,-6.475896604E-2,1.767987487E2
4.316820619E1,2.793392252E-2,6.050714292E-4,1.380177680E-3,9.996086359E-1,1.767985918E2,1.600319546E-1,-6.489101927E-2,1.767984976E2
4.317320619E1,2.792533297E-2,5.989215570E-4,1.383997849E-3,9.996088743E-1,1.767995765E2,1.604493047E-1,-6.417572146E-2,1.767994830E2
4.317820619E1,2.792124737E-2,5.961138522E-4,1.381537877E-3,9.996089935E-1,1.768000449E2,1.601582757E-1,-6.386263472E-2,1.767999520E2
4.318320619E1,2.792947133E-2,6.027693744E-4,1.384920441E-3,9.996087551E-1,1.767991021E2,1.605675664E-1,-6.461285939E-2,1.767990079E2
4.318820619E1,2.793364894E-2,6.059638108E-4,1.385313808E-3,9.996086359E-1,1.767986232E2,1.606231216E-1,-6.497684144E-2,1.767985285E2
4.319320619E1,2.792536242E-2,5.990998470E-4,1.383326366E-3,9.996088743E-1,1.767995731E2,1.603729607E-1,-6.419828811E-2,1.767994796E2
4.319820619E1,2.791687273E-2,5.930504994E-4,1.385004027E-3,9.996091127E-1,1.768005464E2,1.605452328E-1,-6.350134970E-2,1.768004538E2
4.320320619E1,2.791257799E-2,5.888800952E-4,1.387304161E-3,9.996092319E-1,1.768010387E2,1.607950932E-1,-6.301697566E-2,1.768009466E2
4.320820619E1,2.791875273E-2,5.943190772E-4,1.389576006E-3,9.996090531E-1,1.768003308E2,1.610731178E-1,-6.363173191E-2,1.768002377E2
4.321320619E1,2.792501896E-2,5.981212016E-4,1.390663907E-3,9.996088743E-1,1.767996125E2,1.612103003E-1,-6.406276190E-2,1.767995187E2
4.321820619E1,2.792505814E-2,5.980881979E-4,1.389891142E-3,9.996088743E-1,1.767996080E2,1.611216792E-1,-6.406144802E-2,1.767995143E2
4.322320619E1,2.791446172E-2,5.899114185E-4,1.391903963E-3,9.996091723E-1,1.768008227E2,1.613254050E-1,-6.312009332E-2,1.768007302E2
4.322820619E1,2.791012982E-2,5.871767644E-4,1.394315856E-3,9.996092916E-1,1.768013193E2,1.615926599E-1,-6.279983241E-2,1.768012271E2
4.323320619E1,2.791863229E-2,5.937909591E-4,1.392219099E-3,9.996090531E-1,1.768003446E2,1.613741790E-1,-6.356280094E-2,1.768002515E2
4.323820619E1,2.792486139E-2,5.979871494E-4,1.393881859E-3,9.996088743E-1,1.767996306E2,1.615784681E-1,-6.403713445E-2,1.767995366E2
4.324320619E1,2.791868916E-2,5.942079588E-4,1.390900230E-3,9.996090531E-1,1.768003381E2,1.612244442E-1,-6.361477725E-2,1.768002450E2
4.324820619E1,2.791035785E-2,5.876591895E-4,1.389539917E-3,9.996092916E-1,1.768012932E2,1.610471474E-1,-6.287033111E-2,1.768012012E2
4.325320619E1,2.789563156E-2,5.760691129E-4,1.389958546E-3,9.996097088E-1,1.768029814E2,1.610571220E-1,-6.154375850E-2,1.768028912E2
4.325820619E1,2.789332777E-2,5.730589037E-4,1.394563587E-3,9.996097684E-1,1.768032455E2,1.615748519E-1,-6.118459994E-2,1.768031556E2
4.326320619E1,2.790606834E-2,5.833716132E-4,1.391740516E-3,9.996094108E-1,1.768017849E2,1.612852379E-1,-6.237285663E-2,1.768016935E2
4.326820619E1,2.790405771E-2,5.826055421E-4,1.389563084E-3,9.996094704E-1,1.768020154E2,1.610332441E-1,-6.229239273E-2,1.768019243E2
4.327320619E1,2.789776766E-2,5.763322697E-4,1.389843179E-3,9.996096492E-1,1.768027365E2,1.610448798E-1,-6.157392694E-2,1.768026463E2
4.327820619E1,2.789133210E-2,5.724237999E-4,1.392012811E-3,9.996098280E-1,1.768034742E2,1.612805156E-1,-6.112032616E-2,1.768033846E2
4.328320619E1,2.789956419E-2,5.774074816E-4,1.396189327E-3,9.996095896E-1,1.768025305E2,1.617753613E-1,-6.167651007E-2,1.768024398E2
4.328820619E1,2.790794806E-2,5.853901966E-4,1.396005158E-3,9.996093512E-1,1.768015694E2,1.617803135E-1,-6.259013687E-2,1.768014774E2
4.329320619E1,2.791841563E-2,5.925971200E-4,1.397064072E-3,9.996090531E-1,1.768003695E2,1.619253229E-1,-6.341058490E-2,1.768002762E2
4.329820619E1,2.791608511E-2,5.908666062E-4,1.401712187E-3,9.996091127E-1,1.768006366E2,1.624520666E-1,-6.319786808E-2,1.768005433E2
4.330320619E1,2.790764281E-2,5.850851303E-4,1.402221620E-3,9.996093512E-1,1.768016044E2,1.624913963E-1,-6.253536117E-2,1.768015121E2
4.330820619E1,2.790585323E-2,5.832254537E-4,1.396108186E-3,9.996094108E-1,1.768018096E2,1.617850609E-1,-6.234218200E-2,1.768017179E2
4.331320619E1,2.791224583E-2,5.876750220E-4,1.394479536E-3,9.996092319E-1,1.768010768E2,1.616131357E-1,-6.285604062E-2,1.768009845E2
4.331820619E1,2.791860878E-2,5.934663350E-4,1.392828883E-3,9.996090531E-1,1.768003473E2,1.614429877E-1,-6.352366918E-2,1.768002542E2
4.332320619E1,2.792066886E-2,5.948984763E-4,1.393700019E-3,9.996089935E-1,1.768001112E2,1.615474872E-1,-6.368459638E-2,1.768000177E2
4.332820619E1,2.790604843E-2,5.831720773E-4,1.392223290E-3,9.996094108E-1,1.768017872E2,1.613398989E-1,-6.234845978E-2,1.768016958E2
4.333320619E1,2.789730927E-2,5.766593968E-4,1.398879103E-3,9.996096492E-1,1.768027890E2,1.620809365E-1,-6.158258531E-2,1.768026983E2
4.333820619E1,2.790553623E-2,5.825764965E-4,1.402699738E-3,9.996094108E-1,1.768018459E2,1.625380089E-1,-6.224681862E-2,1.768017539E2
4.334320619E1,2.791817344E-2,5.933439243E-4,1.401579590E-3,9.996090531E-1,1.768003972E2,1.624449361E-1,-6.348172174E-2,1.768003035E2
4.334820619E1,2.791412267E-2,5.890483153E-4,1.399050700E-3,9.996091723E-1,1.768008616E2,1.621412603E-1,-6.299842121E-2,1.768007688E2
4.335320619E1,2.790562936E-2,5.828224239E-4,1.400743611E-3,9.996094108E-1,1.768018353E2,1.623147326E-1,-6.228122907E-2,1.768017434E2
4.335820619E1,2.790151634E-2,5.796378828E-4,1.398926252E-3,9.996095300E-1,1.768023068E2,1.620961203E-1,-6.192292858E-2,1.768022155E2
4.336320619E1,2.790140221E-2,5.791711737E-4,1.401393674E-3,9.996095300E-1,1.768023198E2,1.623772570E-1,-6.186159780E-2,1.768022285E2
4.336820619E1,2.791185795E-2,5.870025489E-4,1.402503694E-3,9.996092319E-1,1.768011212E2,1.625301041E-1,-6.275340793E-2,1.768010285E2
4.337320619E1,2.791600751E-2,5.907370942E-4,1.403311267E-3,9.996091127E-1,1.768006455E2,1.626348174E-1,-6.317792998E-2,1.768005522E2
4.337820619E1,2.791203178E-2,5.884579732E-4,1.398428343E-3,9.996092319E-1,1.768011013E2,1.620679511E-1,-6.293312922E-2,1.768010086E2
4.338320619E1,2.789707914E-2,5.765220267E-4,1.403517439E-3,9.996096492E-1,1.768028154E2,1.626117912E-1,-6.155205918E-2,1.768027244E2
4.338820619E1,2.789287751E-2,5.723256036E-4,1.403839560E-3,9.996097684E-1,1.768032971E2,1.626350164E-1,-6.107102593E-2,1.768032067E2
4.339320619E1,2.790745222E-2,5.845539854E-4,1.406230615E-3,9.996093512E-1,1.768016263E2,1.629489043E-1,-6.246173021E-2,1.768015338E2
4.339820619E1,2.791411383E-2,5.899901153E-4,1.398830209E-3,9.996091723E-1,1.768008626E2,1.621190160E-1,-6.310700813E-2,1.768007697E2
4.340320619E1,2.790370937E-2,5.813914468E-4,1.397046610E-3,9.996094704E-1,1.768020554E2,1.618865562E-1,-6.212944855E-2,1.768019639E2
4.340820619E1,2.789719859E-2,5.763018853E-4,1.401231857E-3,9.996096492E-1,1.768028017E2,1.623492879E-1,-6.153412998E-2,1.768027109E2
4.341320619E1,2.789115345E-2,5.722066853E-4,1.395676867E-3,9.996098280E-1,1.768034947E2,1.616995178E-1,-6.108377419E-2,1.768034049E2
4.341820619E1,2.790586615E-2,5.826873821E-4,1.396074542E-3,9.996094108E-1,1.768018081E2,1.617794871E-1,-6.228065310E-2,1.768017165E2
4.342320619E1,2.791411763E-2,5.890600733E-4,1.399146393E-3,9.996091723E-1,1.768008622E2,1.621522590E-1,-6.299946276E-2,1.768007694E2
4.342820619E1,2.790976349E-2,5.853823968E-4,1.402379945E-3,9.996092916E-1,1.768013613E2,1.625106155E-1,-6.256856101E-2,1.768012689E2
4.343320619E1,2.790135715E-2,5.794946919E-4,1.402156893E-3,9.996095300E-1,1.768023250E2,1.624657132E-1,-6.189622282E-2,1.768022336E2
4.343820619E1,2.789525744E-2,5.749904667E-4,1.397890970E-3,9.996097088E-1,1.768030243E2,1.619622870E-1,-6.139490602E-2,1.768029338E2
4.344320619E1,2.790135518E-2,5.795666948E-4,1.402166323E-3,9.996095300E-1,1.768023252E2,1.624670235E-1,-6.190444070E-2,1.768022338E2
4.344820619E1,2.791392741E-2,5.901001277E-4,1.402499038E-3,9.996091723E-1,1.768008840E2,1.625396097E-1,-6.310790410E-2,1.768007908E2
4.345320619E1,2.791186493E-2,5.879600649E-4,1.401963527E-3,9.996092319E-1,1.768011204E2,1.624712929E-1,-6.286481496E-2,1.768010276E2
4.345820619E1,2.789733643E-2,5.764130619E-4,1.398438937E-3,9.996096492E-1,1.768027859E2,1.620297309E-1,-6.155577119E-2,1.768026952E2
4.346320619E1,2.788229811E-2,5.650782259E-4,1.404728740E-3,9.996100664E-1,1.768045099E2,1.627130653E-1,-6.023974143E-2,1.768044207E2
4.346820619E1,2.789290042E-2,5.731744459E-4,1.403037924E-3,9.996097684E-1,1.768032945E2,1.625459061E-1,-6.117081677E-2,1.768032040E2
4.347320619E1,2.790573437E-2,5.831503076E-4,1.398513326E-3,9.996094108E-1,1.768018232E2,1.620603150E-1,-6.232590219E-2,1.768017314E2
4.347820619E1,2.791834684E-2,5.929183681E-4,1.398301916E-3,9.996090531E-1,1.768003774E2,1.620681377E-1,-6.344343374E-2,1.768002839E2
4.348320619E1,2.791006482E-2,5.869630259E-4,1.395706320E-3,9.996092916E-1,1.768013268E2,1.617512458E-1,-6.277091265E-2,1.768012345E2
4.348820619E1,2.789132168E-2,5.714012077E-4,1.392641687E-3,9.996098280E-1,1.768034754E2,1.613492823E-1,-6.100118309E-2,1.768033859E2
4.349320619E1,2.788077974E-2,5.638163420E-4,1.392908278E-3,9.996101260E-1,1.768046839E2,1.613549413E-1,-6.013321000E-2,1.768045956E2
4.349820619E1,2.789970883E-2,5.789306015E-4,1.392663922E-3,9.996095896E-1,1.768025140E2,1.613764151E-1,-6.186222654E-2,1.768024232E2
4.350320619E1,2.791656728E-2,5.921470583E-4,1.391532016E-3,9.996091127E-1,1.768005814E2,1.612900850E-1,-6.337702879E-2,1.768004885E2
4.350820619E1,2.792280074E-2,5.974958185E-4,1.392628299E-3,9.996089339E-1,1.767998668E2,1.614331722E-1,-6.398519833E-2,1.767997730E2
4.351320619E1,2.790819105E-2,5.851032911E-4,1.391259721E-3,9.996093512E-1,1.768015416E2,1.612358351E-1,-6.257240999E-2,1.768014499E2
4.351820619E1,2.789297289E-2,5.728233955E-4,1.401739893E-3,9.996097684E-1,1.768032861E2,1.623961027E-1,-6.113474228E-2,1.768031958E2
4.352320619E1,2.789930396E-2,5.784539972E-4,1.400948153E-3,9.996095896E-1,1.768025604E2,1.623238009E-1,-6.178121271E-2,1.768024692E2
4.352820619E1,2.792480521E-2,5.976820248E-4,1.395137631E-3,9.996088743E-1,1.767996370E2,1.617213330E-1,-6.399817398E-2,1.767995430E2
4.353320619E1,2.792689161E-2,5.993077648E-4,1.395383966E-3,9.996088147E-1,1.767993978E2,1.617548866E-1,-6.418327134E-2,1.767993035E2
4.353820619E1,2.790365974E-2,5.811235169E-4,1.398148830E-3,9.996094704E-1,1.768020610E2,1.620119524E-1,-6.209524159E-2,1.768019696E2
4.354320619E1,2.789111285E-2,5.708122044E-4,1.397058484E-3,9.996098280E-1,1.768034994E2,1.618533184E-1,-6.091963143E-2,1.768034097E2
4.354820619E1,2.789322743E-2,5.736769526E-4,1.396315289E-3,9.996097684E-1,1.768032570E2,1.617774738E-1,-6.124981255E-2,1.768031668E2
4.355320619E1,2.791201650E-2,5.879437085E-4,1.398949535E-3,9.996092319E-1,1.768011031E2,1.621260060E-1,-6.287255724E-2,1.768010104E2
4.355820619E1,2.792671525E-2,5.997547996E-4,1.398717635E-3,9.996088147E-1,1.767994180E2,1.621381679E-1,-6.422383765E-2,1.767993235E2
4.356320619E1,2.791834477E-2,5.935891531E-4,1.398058725E-3,9.996090531E-1,1.768003776E2,1.620424269E-1,-6.352104839E-2,1.768002841E2
4.356820619E1,2.789323520E-2,5.740002380E-4,1.396027044E-3,9.996097684E-1,1.768032561E2,1.617454901E-1,-6.128776397E-2,1.768031659E2
4.357320619E1,2.788255977E-2,5.648615770E-4,1.399612869E-3,9.996100664E-1,1.768044799E2,1.621263802E-1,-6.023122860E-2,1.768043910E2
4.357820619E1,2.790556889E-2,5.832273746E-4,1.401779242E-3,9.996094108E-1,1.768018422E2,1.624346523E-1,-6.232431293E-2,1.768017502E2
4.358320619E1,2.792896262E-2,6.011313526E-4,1.395848230E-3,9.996087551E-1,1.767991604E2,1.618140364E-1,-6.439033639E-2,1.767990658E2
4.358820619E1,2.792285646E-2,5.969245103E-4,1.391755766E-3,9.996089339E-1,1.767998604E2,1.613314015E-1,-6.392253977E-2,1.767997667E2
4.359320619E1,2.789739176E-2,5.764899543E-4,1.397303073E-3,9.996096492E-1,1.768027796E2,1.618998701E-1,-6.156820124E-2,1.768026889E2
4.359820619E1,2.788674598E-2,5.685979850E-4,1.399837434E-3,9.996099472E-1,1.768040000E2,1.621642968E-1,-6.065782592E-2,1.768039105E2
4.360320619E1,2.789738447E-2,5.758895422E-4,1.397696091E-3,9.996096492E-1,1.768027804E2,1.619429692E-1,-6.149817067E-2,1.768026899E2
4.360820619E1,2.791632092E-2,5.919171963E-4,1.396563021E-3,9.996091127E-1,1.768006096E2,1.618656208E-1,-6.333464403E-2,1.768005165E2
4.361320619E1,2.792476356E-2,5.983166047E-4,1.395699102E-3,9.996088743E-1,1.767996418E2,1.617876760E-1,-6.406907306E-2,1.767995476E2
4.361820619E1,2.790568514E-2,5.828196299E-4,1.399633009E-3,9.996094108E-1,1.768018289E2,1.621875108E-1,-6.228445151E-2,1.768017370E2
4.362320619E1,2.788474274E-2,5.666554207E-4,1.397966756E-3,9.996100068E-1,1.768042296E2,1.619436867E-1,-6.044161385E-2,1.768041406E2
4.362820619E1,2.788060098E-2,5.636010319E-4,1.396568608E-3,9.996101260E-1,1.768047044E2,1.617735231E-1,-6.009688109E-2,1.768046159E2
4.363320619E1,2.790165139E-2,5.792427110E-4,1.396394218E-3,9.996095300E-1,1.768022913E2,1.618048280E-1,-6.188573689E-2,1.768022002E2
4.363820619E1,2.791652061E-2,5.917325034E-4,1.392644132E-3,9.996091127E-1,1.768005867E2,1.614161453E-1,-6.332599261E-2,1.768004939E2
4.364320619E1,2.791016739E-2,5.861680838E-4,1.393988263E-3,9.996092916E-1,1.768013150E2,1.615519111E-1,-6.268533295E-2,1.768012230E2
4.364820619E1,2.787853768E-2,5.619639996E-4,1.395754865E-3,9.996101856E-1,1.768049409E2,1.616749569E-1,-5.991229770E-2,1.768048528E2
4.365320619E1,2.786591443E-2,5.517018726E-4,1.395800617E-3,9.996105433E-1,1.768063880E2,1.616466693E-1,-5.873869784E-2,1.768063016E2
4.365820619E1,2.789123848E-2,5.714325234E-4,1.394294202E-3,9.996098280E-1,1.768034850E2,1.615386682E-1,-6.099950188E-2,1.768033953E2
4.366320619E1,2.791021804E-2,5.874437629E-4,1.392436330E-3,9.996092916E-1,1.768013092E2,1.613782253E-1,-6.283641340E-2,1.768012171E2
4.366820619E1,2.791013061E-2,5.872165202E-4,1.394283259E-3,9.996092916E-1,1.768013192E2,1.615890533E-1,-6.280449044E-2,1.768012270E2
4.367320619E1,2.788486671E-2,5.668626400E-4,1.395407482E-3,9.996100068E-1,1.768042154E2,1.616511988E-1,-6.047350815E-2,1.768041265E2
4.367820619E1,2.787646535E-2,5.594295799E-4,1.395476167E-3,9.996102452E-1,1.768051785E2,1.616348120E-1,-5.962321319E-2,1.768050908E2
4.368320619E1,2.787834255E-2,5.617534043E-4,1.399731380E-3,9.996101856E-1,1.768049633E2,1.621297709E-1,-5.987550239E-2,1.768048750E2
4.368820619E1,2.790557276E-2,5.822209059E-4,1.402120688E-3,9.996094108E-1,1.768018417E2,1.624705455E-1,-6.220793261E-2,1.768017499E2
4.369320619E1,2.792038007E-2,5.938234390E-4,1.399929984E-3,9.996089935E-1,1.768001443E2,1.622576532E-1,-6.354156798E-2,1.768000506E2
4.369820619E1,2.790167624E-2,5.806635600E-4,1.395307132E-3,9.996095300E-1,1.768022884E2,1.616848502E-1,-6.205196247E-2,1.768021972E2
4.370320619E1,2.787664373E-2,5.603900063E-4,1.391521771E-3,9.996102452E-1,1.768051581E2,1.611849260E-1,-5.974583063E-2,1.768050704E2
4.370820619E1,2.787439589E-2,5.581324222E-4,1.394637860E-3,9.996103048E-1,1.768054157E2,1.615345192E-1,-5.947764016E-2,1.768053283E2
4.371320619E1,2.789965347E-2,5.791938747E-4,1.393663231E-3,9.996095896E-1,1.768025203E2,1.614917215E-1,-6.188919765E-2,1.768024294E2
4.371820619E1,2.791890125E-2,5.935411318E-4,1.386922086E-3,9.996090531E-1,1.768003138E2,1.607666395E-1,-6.355108769E-2,1.768002210E2
4.372320619E1,2.790644856E-2,5.832302850E-4,1.384155126E-3,9.996094108E-1,1.768017413E2,1.604159253E-1,-6.238086419E-2,1.768016504E2
4.372820619E1,2.788329471E-2,5.652028485E-4,1.384754898E-3,9.996100664E-1,1.768043956E2,1.604255766E-1,-6.031767641E-2,1.768043076E2
4.373320619E1,2.787677026E-2,5.597420386E-4,1.389245968E-3,9.996102452E-1,1.768051435E2,1.609221767E-1,-5.967885765E-2,1.768050562E2
4.373820619E1,2.789357119E-2,5.744611844E-4,1.389107085E-3,9.996097684E-1,1.768032176E2,1.609543227E-1,-6.136262896E-2,1.768031278E2
4.374320619E1,2.791030274E-2,5.868970766E-4,1.390968217E-3,9.996092916E-1,1.768012995E2,1.612083139E-1,-6.277847413E-2,1.768012076E2
4.374820619E1,2.791032451E-2,5.875243805E-4,1.390266349E-3,9.996092916E-1,1.768012970E2,1.611299248E-1,-6.285257114E-2,1.768012050E2
4.375320619E1,2.789156078E-2,5.718435277E-4,1.387662604E-3,9.996098280E-1,1.768034480E2,1.607803710E-1,-6.106772517E-2,1.768033587E2
4.375820619E1,2.787494347E-2,5.582912127E-4,1.383586088E-3,9.996103048E-1,1.768053530E2,1.602691096E-1,-5.953104357E-2,1.768052661E2
4.376320619E1,2.788127569E-2,5.635166890E-4,1.383067574E-3,9.996101260E-1,1.768046271E2,1.602267890E-1,-6.013024716E-2,1.768045394E2
4.376820619E1,2.790866916E-2,5.853821640E-4,1.381517504E-3,9.996093512E-1,1.768014868E2,1.601208145E-1,-6.263543436E-2,1.768013957E2
4.377320619E1,2.791508173E-2,5.906034494E-4,1.379117370E-3,9.996091723E-1,1.768007517E2,1.598629914E-1,-6.324016658E-2,1.768006598E2
4.377820619E1,2.789416498E-2,5.751366261E-4,1.376850065E-3,9.996097684E-1,1.768031495E2,1.595525119E-1,-6.147908300E-2,1.768030603E2
4.378320619E1,2.787717805E-2,5.616262788E-4,1.380273607E-3,9.996102452E-1,1.768050968E2,1.599004620E-1,-5.992328885E-2,1.768050096E2
4.378820619E1,2.788343825E-2,5.652540713E-4,1.381840440E-3,9.996100664E-1,1.768043792E2,1.600919061E-1,-6.033283334E-2,1.768042913E2
4.379320619E1,2.790236767E-2,5.805371329E-4,1.381464419E-3,9.996095300E-1,1.768022092E2,1.600988462E-1,-6.208163048E-2,1.768021188E2
4.379820619E1,2.791512612E-2,5.903499550E-4,1.378327259E-3,9.996091723E-1,1.768007466E2,1.597716784E-1,-6.321365003E-2,1.768006548E2
4.380320619E1,2.790247248E-2,5.816620542E-4,1.378871850E-3,9.996095300E-1,1.768021971E2,1.598054785E-1,-6.221875956E-2,1.768021068E2
4.380820619E1,2.788982741E-2,5.705313524E-4,1.380084548E-3,9.996098876E-1,1.768036467E2,1.599080266E-1,-6.094191808E-2,1.768035581E2
4.381320619E1,2.788767403E-2,5.699670292E-4,1.380660920E-3,9.996099472E-1,1.768038936E2,1.599721135E-1,-6.087577912E-2,1.768038050E2
4.381820619E1,2.791042847E-2,5.873090704E-4,1.388269011E-3,9.996092916E-1,1.768012851E2,1.609004534E-1,-6.283427957E-2,1.768011932E2
4.382320619E1,2.793337050E-2,6.044612965E-4,1.391570433E-3,9.996086359E-1,1.767986551E2,1.613349713E-1,-6.478475042E-2,1.767985602E2
4.382820619E1,2.792710098E-2,5.999844871E-4,1.390895690E-3,9.996088147E-1,1.767993738E2,1.612429472E-1,-6.427511767E-2,1.767992797E2
4.383320619E1,2.790827926E-2,5.848598084E-4,1.389591605E-3,9.996093512E-1,1.768015315E2,1.610439841E-1,-6.254984048E-2,1.768014399E2
4.383820619E1,2.789952662E-2,5.780496285E-4,1.396674314E-3,9.996095896E-1,1.768025348E2,1.618329659E-1,-6.174852148E-2,1.768024440E2
4.384320619E1,2.791618773E-2,5.907751620E-4,1.399705419E-3,9.996091127E-1,1.768006249E2,1.622219112E-1,-6.319379652E-2,1.768005317E2
4.384820619E1,2.793729935E-2,6.088623195E-4,1.396404696E-3,9.996085167E-1,1.767982047E2,1.619030668E-1,-6.527276233E-2,1.767981088E2
4.385320619E1,2.794166048E-2,6.109733949E-4,1.393556944E-3,9.996083975E-1,1.767977048E2,1.615839103E-1,-6.552299117E-2,1.767976087E2
4.385820619E1,2.792467214E-2,5.972567014E-4,1.397980377E-3,9.996088743E-1,1.767996523E2,1.620455914E-1,-6.394037922E-2,1.767995581E2
4.386320619E1,2.790994328E-2,5.864438717E-4,1.398352557E-3,9.996092916E-1,1.768013407E2,1.620526963E-1,-6.270300131E-2,1.768012484E2
4.386820619E1,2.791437991E-2,5.905362195E-4,1.393279061E-3,9.996091723E-1,1.768008321E2,1.614849121E-1,-6.318727676E-2,1.768007394E2
4.387320619E1,2.793964818E-2,6.106219953E-4,1.391300582E-3,9.996084571E-1,1.767979355E2,1.613241937E-1,-6.549028908E-2,1.767978396E2
4.387820619E1,2.795873405E-2,6.245070836E-4,1.387141529E-3,9.996079206E-1,1.767957475E2,1.608935268E-1,-6.709102472E-2,1.767956496E2
4.388320619E1,2.794844679E-2,6.169847911E-4,1.383047085E-3,9.996082187E-1,1.767969268E2,1.603997369E-1,-6.624414027E-2,1.767968304E2
4.388820619E1,2.792340179E-2,5.971803912E-4,1.380660688E-3,9.996089339E-1,1.767997979E2,1.600613469E-1,-6.398726504E-2,1.767997049E2
4.389320619E1,2.791485555E-2,5.903797573E-4,1.383783529E-3,9.996091723E-1,1.768007776E2,1.603967563E-1,-6.319965296E-2,1.768006855E2
4.389820619E1,2.793785666E-2,6.081083557E-4,1.385541051E-3,9.996085167E-1,1.767981408E2,1.606562914E-1,-6.522108839E-2,1.767980457E2
4.390320619E1,2.795050047E-2,6.194158923E-4,1.383538125E-3,9.996081591E-1,1.767966914E2,1.604639073E-1,-6.652071253E-2,1.767965946E2
4.390820619E1,2.793994945E-2,6.101554027E-4,1.385442913E-3,9.996084571E-1,1.767979009E2,1.606517410E-1,-6.545554878E-2,1.767978055E2
4.391320619E1,2.791663803E-2,5.912758061E-4,1.390482765E-3,9.996091127E-1,1.768005733E2,1.611671135E-1,-6.328057488E-2,1.768004806E2
4.391820619E1,2.791030764E-2,5.871006288E-4,1.390784048E-3,9.996092916E-1,1.768012990E2,1.611878692E-1,-6.280237864E-2,1.768012070E2
4.392320619E1,2.792483793E-2,5.975570530E-4,1.394535997E-3,9.996088743E-1,1.767996333E2,1.616520197E-1,-6.398577882E-2,1.767995393E2
4.392820619E1,2.793969435E-2,6.108260714E-4,1.390283578E-3,9.996084571E-1,1.767979302E2,1.612083554E-1,-6.551691407E-2,1.767978343E2
4.393320619E1,2.793970555E-2,6.104732747E-4,1.390213380E-3,9.996084571E-1,1.767979289E2,1.611991855E-1,-6.547672532E-2,1.767978331E2
4.393820619E1,2.792100897E-2,5.953820655E-4,1.386662130E-3,9.996089935E-1,1.768000722E2,1.607428869E-1,-6.376245350E-2,1.767999791E2
4.394320619E1,2.790226215E-2,5.806363770E-4,1.383552444E-3,9.996095300E-1,1.768022213E2,1.603383342E-1,-6.208633910E-2,1.768021308E2
4.394820619E1,2.790834301E-2,5.861372920E-4,1.387771918E-3,9.996093512E-1,1.768015242E2,1.608396340E-1,-6.270198153E-2,1.768014325E2
4.395320619E1,2.793354617E-2,6.047698553E-4,1.387905329E-3,9.996086359E-1,1.767986350E2,1.609161438E-1,-6.483179865E-2,1.767985403E2
4.395820619E1,2.795055857E-2,6.184788072E-4,1.382783288E-3,9.996081591E-1,1.767966847E2,1.603744453E-1,-6.641578094E-2,1.767965881E2
4.396320619E1,2.792332099E-2,5.981320282E-4,1.381882350E-3,9.996089339E-1,1.767998072E2,1.602043248E-1,-6.409237577E-2,1.767997139E2
4.396820619E1,2.790204015E-2,5.799895735E-4,1.388292760E-3,9.996095300E-1,1.768022467E2,1.608792416E-1,-6.199712857E-2,1.768021560E2
4.397320619E1,2.790608797E-2,5.834455369E-4,1.391315949E-3,9.996094108E-1,1.768017827E2,1.612368426E-1,-6.238267892E-2,1.768016913E2
4.397820619E1,2.792518154E-2,5.981939612E-4,1.387363882E-3,9.996088743E-1,1.767995939E2,1.608325355E-1,-6.408163043E-2,1.767995003E2
4.398320619E1,2.793577337E-2,6.076999707E-4,1.384723466E-3,9.996085763E-1,1.767983797E2,1.605611961E-1,-6.517726138E-2,1.767982847E2
4.398820619E1,2.792708889E-2,5.996231339E-4,1.391294296E-3,9.996088147E-1,1.767993752E2,1.612874490E-1,-6.423245212E-2,1.767992811E2
4.399320619E1,2.790608802E-2,5.828742287E-4,1.391554368E-3,9.996094108E-1,1.768017827E2,1.612623257E-1,-6.231647493E-2,1.768016913E2
4.399820619E1,2.789973731E-2,5.785266985E-4,1.392261125E-3,9.996095896E-1,1.768025107E2,1.613289863E-1,-6.181724394E-2,1.768024200E2
4.400320619E1,2.791247008E-2,5.891963374E-4,1.389339450E-3,9.996092319E-1,1.768010511E2,1.610292344E-1,-6.304670742E-2,1.768009588E2
4.400820619E1,2.793566104E-2,6.075673737E-4,1.387045835E-3,9.996085763E-1,1.767983925E2,1.608267847E-1,-6.515465629E-2,1.767982974E2
4.401320619E1,2.793593477E-2,6.080970052E-4,1.381288748E-3,9.996085763E-1,1.767983612E2,1.601690411E-1,-6.523371009E-2,1.767982663E2
4.401820619E1,2.791086843E-2,5.876280484E-4,1.379259513E-3,9.996092916E-1,1.768012347E2,1.598694897E-1,-6.289956305E-2,1.768011433E2
4.402320619E1,2.789385100E-2,5.741968052E-4,1.383586787E-3,9.996097684E-1,1.768031855E2,1.603211604E-1,-6.134994569E-2,1.768030961E2
4.402820619E1,2.790648463E-2,5.846336717E-4,1.382835326E-3,9.996094108E-1,1.768017372E2,1.602692365E-1,-6.254583255E-2,1.768016461E2
4.403320619E1,2.792966064E-2,6.024696049E-4,1.381227979E-3,9.996087551E-1,1.767990804E2,1.601436587E-1,-6.459030945E-2,1.767989865E2
4.403820619E1,2.793806238E-2,6.086286157E-4,1.381157548E-3,9.996085167E-1,1.767981173E2,1.601558535E-1,-6.529468348E-2,1.767980223E2
4.404320619E1,2.791284467E-2,5.899104872E-4,1.381488517E-3,9.996092319E-1,1.768010081E2,1.601322411E-1,-6.315356321E-2,1.768009163E2
4.404820619E1,2.789382206E-2,5.746638635E-4,1.383976196E-3,9.996097684E-1,1.768031888E2,1.603672574E-1,-6.140220565E-2,1.768030993E2
4.405320619E1,2.790851164E-2,5.858641816E-4,1.384492032E-3,9.996093512E-1,1.768015048E2,1.604630698E-1,-6.268116012E-2,1.768014135E2
4.405820619E1,2.793361101E-2,6.060617743E-4,1.386035467E-3,9.996086359E-1,1.767986275E2,1.607060966E-1,-6.498575886E-2,1.767985327E2
4.406320619E1,2.794821346E-2,6.161808269E-4,1.388111385E-3,9.996082187E-1,1.767969536E2,1.609772465E-1,-6.613586668E-2,1.767968570E2
4.406820619E1,2.793788410E-2,6.081985193E-4,1.384948147E-3,9.996085167E-1,1.767981377E2,1.605886665E-1,-6.523331014E-2,1.767980426E2
4.407320619E1,2.791293589E-2,5.884401035E-4,1.380272093E-3,9.996092319E-1,1.768009977E2,1.599882056E-1,-6.298901179E-2,1.768009061E2
4.407820619E1,2.789619532E-2,5.767653929E-4,1.378306653E-3,9.996097088E-1,1.768029167E2,1.597246919E-1,-6.166067269E-2,1.768028272E2
4.408320619E1,2.791909995E-2,5.936434027E-4,1.382872462E-3,9.996090531E-1,1.768002910E2,1.603031069E-1,-6.357572686E-2,1.768001985E2
4.408820619E1,2.794226644E-2,6.128088571E-4,1.380540198E-3,9.996083975E-1,1.767976353E2,1.600987986E-1,-6.577481962E-2,1.767975398E2
4.409320619E1,2.793408354E-2,6.065994967E-4,1.376242377E-3,9.996086359E-1,1.767985734E2,1.595860796E-1,-6.507862598E-2,1.767984791E2
4.409820619E1,2.790474619E-2,5.827345303E-4,1.375613501E-3,9.996094704E-1,1.768019365E2,1.594358154E-1,-6.235166418E-2,1.768018462E2
4.410320619E1,2.788988483E-2,5.717077875E-4,1.378436456E-3,9.996098876E-1,1.768036401E2,1.597230060E-1,-6.108193322E-2,1.768035514E2
4.410820619E1,2.790481973E-2,5.825779517E-4,1.374187297E-3,9.996094704E-1,1.768019281E2,1.592719517E-1,-6.233827751E-2,1.768018379E2
4.411320619E1,2.792592534E-2,5.998457782E-4,1.371589489E-3,9.996088743E-1,1.767995086E2,1.590309598E-1,-6.432120182E-2,1.767994157E2
4.411820619E1,2.792807292E-2,6.013041711E-4,1.370663289E-3,9.996088147E-1,1.767992624E2,1.589296722E-1,-6.449087858E-2,1.767991694E2
4.412320619E1,2.790490055E-2,5.835185875E-4,1.372145489E-3,9.996094704E-1,1.768019188E2,1.590410816E-1,-6.245254070E-2,1.768018286E2
4.412820619E1,2.788409775E-2,5.671147956E-4,1.367697958E-3,9.996100664E-1,1.768043036E2,1.584779108E-1,-6.059105843E-2,1.768042163E2
4.413320619E1,2.787978479E-2,5.638887524E-4,1.369827776E-3,9.996101856E-1,1.768047980E2,1.587113067E-1,-6.021540440E-2,1.768047111E2
4.413820619E1,2.790270831E-2,5.811849842E-4,1.374293352E-3,9.996095300E-1,1.768021701E2,1.592795140E-1,-6.217871479E-2,1.768020801E2
4.414320619E1,2.792595768E-2,5.996948457E-4,1.370996819E-3,9.996088743E-1,1.767995049E2,1.589625902E-1,-6.430580450E-2,1.767994121E2
4.414820619E1,2.791545317E-2,5.913827918E-4,1.371242455E-3,9.996091723E-1,1.768007091E2,1.589634598E-1,-6.335456997E-2,1.768006176E2
4.415320619E1,2.788175149E-2,5.649923114E-4,1.372836065E-3,9.996101260E-1,1.768045725E2,1.590595422E-1,-6.033188962E-2,1.768044853E2
4.415820619E1,2.787320639E-2,5.578956916E-4,1.375655411E-3,9.996103644E-1,1.768055521E2,1.593593060E-1,-5.951134792E-2,1.768054658E2
4.416320619E1,2.790079620E-2,5.799049977E-4,1.370294718E-3,9.996095896E-1,1.768023893E2,1.588172705E-1,-6.204518584E-2,1.768022998E2
4.416820619E1,2.793219272E-2,6.041895249E-4,1.372381812E-3,9.996086955E-1,1.767987901E2,1.591360259E-1,-6.481523066E-2,1.767986965E2
4.417320619E1,2.791971206E-2,5.947808968E-4,1.369965263E-3,9.996090531E-1,1.768002209E2,1.588283038E-1,-6.374722105E-2,1.768001289E2
4.417820619E1,2.788602015E-2,5.687621306E-4,1.371377730E-3,9.996100068E-1,1.768040832E2,1.589047992E-1,-6.076769171E-2,1.768039954E2
4.418320619E1,2.786941077E-2,5.553575465E-4,1.366932876E-3,9.996104836E-1,1.768059872E2,1.583518316E-1,-5.924907331E-2,1.768059019E2
4.418820619E1,2.788393038E-2,5.669518141E-4,1.371173305E-3,9.996100664E-1,1.768043227E2,1.588754709E-1,-6.056131098E-2,1.768042353E2
4.419320619E1,2.791552385E-2,5.915003712E-4,1.369752106E-3,9.996091723E-1,1.768007010E2,1.587931254E-1,-6.337279468E-2,1.768006096E2
4.419820619E1,2.792800355E-2,6.007367629E-4,1.372324536E-3,9.996088147E-1,1.767992704E2,1.591181425E-1,-6.442057816E-2,1.767991773E2
4.420320619E1,2.789664304E-2,5.771727301E-4,1.369043370E-3,9.996097088E-1,1.768028654E2,1.586649393E-1,-6.173687333E-2,1.768027764E2
4.420820619E1,2.786094626E-2,5.481381086E-4,1.368046273E-3,9.996107221E-1,1.768069575E2,1.584558156E-1,-5.841989465E-2,1.768068733E2
4.421320619E1,2.786510898E-2,5.512159551E-4,1.369131496E-3,9.996106029E-1,1.768064804E2,1.585901968E-1,-5.876832742E-2,1.768063955E2
4.421820619E1,2.789880085E-2,5.778827472E-4,1.368293073E-3,9.996096492E-1,1.768026180E2,1.585813983E-1,-6.182025979E-2,1.768025290E2
4.422320619E1,2.791367044E-2,5.908784806E-4,1.364282798E-3,9.996092319E-1,1.768009135E2,1.581645253E-1,-6.331934855E-2,1.768008225E2
4.422820619E1,2.788848989E-2,5.697503802E-4,1.364172203E-3,9.996099472E-1,1.768038001E2,1.580827354E-1,-6.090352801E-2,1.768037125E2
4.423320619E1,2.785273705E-2,5.415347405E-4,1.363620278E-3,9.996109605E-1,1.768078986E2,1.579272728E-1,-5.767892671E-2,1.768078157E2
4.423820619E1,2.785059121E-2,5.412322935E-4,1.363875112E-3,9.996110201E-1,1.768081446E2,1.579553741E-1,-5.764380802E-2,1.768080617E2
4.424320619E1,2.787802918E-2,5.619670264E-4,1.362834475E-3,9.996102452E-1,1.768049992E2,1.579039984E-1,-6.001789668E-2,1.768049131E2
4.424820619E1,2.790317128E-2,5.819882499E-4,1.364518655E-3,9.996095300E-1,1.768021170E2,1.581624484E-1,-6.230190776E-2,1.768020275E2
4.425320619E1,2.789477313E-2,5.760682398E-4,1.364080352E-3,9.996097684E-1,1.768030798E2,1.580927936E-1,-6.162651899E-2,1.768029912E2
4.425820619E1,2.786528544E-2,5.512952339E-4,1.365503296E-3,9.996106029E-1,1.768064601E2,1.581748602E-1,-5.878896620E-2,1.768063755E2
4.426320619E1,2.784841507E-2,5.384896649E-4,1.365709351E-3,9.996110797E-1,1.768083941E2,1.581566028E-1,-5.732413839E-2,1.768083115E2
4.426820619E1,2.786309804E-2,5.502536078E-4,1.366925193E-3,9.996106625E-1,1.768067109E2,1.583342798E-1,-5.866545715E-2,1.768066264E2
4.427320619E1,2.790117076E-2,5.803683889E-4,1.362449606E-3,9.996095896E-1,1.768023464E2,1.579201405E-1,-6.212328975E-2,1.768022572E2
4.427820619E1,2.791183754E-2,5.890987231E-4,1.358870068E-3,9.996092916E-1,1.768011236E2,1.575387038E-1,-6.313308593E-2,1.768010333E2
4.428320619E1,2.788447703E-2,5.672166008E-4,1.359900809E-3,9.996100664E-1,1.768042601E2,1.575851179E-1,-6.062757491E-2,1.768041732E2
4.428820619E1,2.785478469E-2,5.439248635E-4,1.364536351E-3,9.996109009E-1,1.768076639E2,1.580399542E-1,-5.794946050E-2,1.768075805E2
4.429320619E1,2.785651080E-2,5.454169586E-4,1.372345956E-3,9.996108413E-1,1.768074660E2,1.589393863E-1,-5.809517273E-2,1.768073820E2
4.429820619E1,2.789883435E-2,5.779748899E-4,1.367570949E-3,9.996096492E-1,1.768026142E2,1.584989778E-1,-6.183311781E-2,1.768025252E2
4.430320619E1,2.792006658E-2,5.952153006E-4,1.362531330E-3,9.996090531E-1,1.768001802E2,1.579781813E-1,-6.382070914E-2,1.768000887E2
4.430820619E1,2.790315903E-2,5.816451740E-4,1.364915399E-3,9.996095300E-1,1.768021184E2,1.582067963E-1,-6.226134282E-2,1.768020290E2
4.431320619E1,2.787785126E-2,5.619010190E-4,1.366496319E-3,9.996102452E-1,1.768050196E2,1.583232307E-1,-5.999866550E-2,1.768049332E2
4.431820619E1,2.786940421E-2,5.548784975E-4,1.367261051E-3,9.996104836E-1,1.768059880E2,1.583878927E-1,-5.919315265E-2,1.768059027E2
4.432320619E1,2.789249182E-2,5.731624551E-4,1.368269091E-3,9.996098280E-1,1.768033413E2,1.585631727E-1,-6.128064262E-2,1.768032530E2
4.432820619E1,2.792601302E-2,6.004038732E-4,1.369558508E-3,9.996088743E-1,1.767994985E2,1.588001086E-1,-6.439161537E-2,1.767994057E2
4.433320619E1,2.793018129E-2,6.037834100E-4,1.370081212E-3,9.996087551E-1,1.767990207E2,1.588710687E-1,-6.477639517E-2,1.767989273E2
4.433820619E1,2.789241183E-2,5.741929635E-4,1.369467005E-3,9.996098280E-1,1.768033505E2,1.587036794E-1,-6.139486790E-2,1.768032619E2
4.434320619E1,2.785858183E-2,5.463709822E-4,1.373341656E-3,9.996107817E-1,1.768072286E2,1.590566072E-1,-5.820094523E-2,1.768071443E2
4.434820619E1,2.787107503E-2,5.557118566E-4,1.376411295E-3,9.996104240E-1,1.768057964E2,1.594387883E-1,-5.925912188E-2,1.768057105E2
4.435320619E1,2.790269402E-2,5.818228237E-4,1.374313491E-3,9.996095300E-1,1.768021717E2,1.592838597E-1,-6.225171517E-2,1.768020817E2
4.435820619E1,2.791119887E-2,5.879919045E-4,1.372400438E-3,9.996092916E-1,1.768011968E2,1.590849875E-1,-6.296312738E-2,1.768011058E2
4.436320619E1,2.789017948E-2,5.708849640E-4,1.372804283E-3,9.996098876E-1,1.768036064E2,1.590752447E-1,-6.100563510E-2,1.768035181E2
4.436820619E1,2.785635143E-2,5.446654977E-4,1.375874854E-3,9.996108413E-1,1.768074843E2,1.593412036E-1,-5.799785557E-2,1.768074001E2
4.437320619E1,2.785235572E-2,5.417409120E-4,1.371305552E-3,9.996109605E-1,1.768079423E2,1.588082359E-1,-5.767807395E-2,1.768078589E2
4.437820619E1,2.788600545E-2,5.682248739E-4,1.371899270E-3,9.996100068E-1,1.768040849E2,1.589628224E-1,-6.070448633E-2,1.768039971E2
4.438320619E1,2.790925585E-2,5.860057427E-4,1.369347447E-3,9.996093512E-1,1.768014195E2,1.587288012E-1,-6.274569234E-2,1.768013291E2
4.438820619E1,2.788834771E-2,5.709648831E-4,1.366568962E-3,9.996099472E-1,1.768038164E2,1.583611502E-1,-6.103500831E-2,1.768037285E2
4.439320619E1,2.785460078E-2,5.430976162E-4,1.368614146E-3,9.996109009E-1,1.768076850E2,1.585044031E-1,-5.784171461E-2,1.768076015E2
4.439820619E1,2.783989436E-2,5.315924063E-4,1.367623918E-3,9.996113181E-1,1.768093709E2,1.583534171E-1,-5.652931790E-2,1.768092893E2
4.440320619E1,2.785663044E-2,5.456293584E-4,1.369830687E-3,9.996108413E-1,1.768074523E2,1.586519541E-1,-5.812751275E-2,1.768073684E2
4.440820619E1,2.789260581E-2,5.734215956E-4,1.365834498E-3,9.996098280E-1,1.768033282E2,1.582851323E-1,-6.131809008E-2,1.768032400E2
4.441320619E1,2.789496257E-2,5.751902936E-4,1.360572525E-3,9.996097684E-1,1.768030581E2,1.576881872E-1,-6.153713623E-2,1.768029699E2
4.441820619E1,2.786951475E-2,5.551337963E-4,1.364902244E-3,9.996104836E-1,1.768059753E2,1.581185199E-1,-5.922991216E-2,1.768058901E2
4.442320619E1,2.784218078E-2,5.344710080E-4,1.363516203E-3,9.996112585E-1,1.768091088E2,1.578922037E-1,-5.687179691E-2,1.768090270E2
4.442820619E1,2.785731841E-2,5.453435006E-4,1.355882850E-3,9.996108413E-1,1.768073734E2,1.570533955E-1,-5.813918509E-2,1.768072903E2
4.443320619E1,2.789323116E-2,5.743238144E-4,1.352620660E-3,9.996098280E-1,1.768032565E2,1.567744476E-1,-6.146357437E-2,1.768031690E2
4.443820619E1,2.791208013E-2,5.891660694E-4,1.353848609E-3,9.996092916E-1,1.768010958E2,1.569637412E-1,-6.315682355E-2,1.768010058E2
4.444320619E1,2.788922475E-2,5.720724002E-4,1.348082209E-3,9.996099472E-1,1.768037158E2,1.562471389E-1,-6.122081494E-2,1.768036289E2
4.444820619E1,2.785773485E-2,5.463439156E-4,1.346894307E-3,9.996108413E-1,1.768073257E2,1.560270008E-1,-5.828240875E-2,1.768072430E2
4.445320619E1,2.784891402E-2,5.392665043E-4,1.355188084E-3,9.996110797E-1,1.768083369E2,1.569539283E-1,-5.744662099E-2,1.768082548E2
4.445820619E1,2.787620237E-2,5.604354665E-4,1.357102068E-3,9.996103048E-1,1.768052086E2,1.572423649E-1,-5.986106175E-2,1.768051231E2
4.446320619E1,2.790793475E-2,5.869066808E-4,1.352269552E-3,9.996094108E-1,1.768015710E2,1.567753767E-1,-6.290371867E-2,1.768014814E2
4.446820619E1,2.790384082E-2,5.835194024E-4,1.350096893E-3,9.996095300E-1,1.768020403E2,1.565154154E-1,-6.252330607E-2,1.768019514E2
4.447320619E1,2.786600209E-2,5.535360542E-4,1.349882921E-3,9.996106029E-1,1.768063780E2,1.563927880E-1,-5.909541244E-2,1.768062939E2
4.447820619E1,2.784483345E-2,5.362984957E-4,1.352280844E-3,9.996111989E-1,1.768088047E2,1.566112064E-1,-5.711656175E-2,1.768087232E2
4.448320619E1,2.786602540E-2,5.536533426E-4,1.349353581E-3,9.996106029E-1,1.768063753E2,1.563325294E-1,-5.911053417E-2,1.768062913E2
4.448820619E1,2.789360290E-2,5.749894190E-4,1.344648539E-3,9.996098280E-1,1.768032139E2,1.558634146E-1,-6.156524158E-2,1.768031268E2
4.449320619E1,2.789962262E-2,5.787347327E-4,1.351068844E-3,9.996096492E-1,1.768025238E2,1.566111877E-1,-6.197279018E-2,1.768024357E2
4.449820619E1,2.787213101E-2,5.573171075E-4,1.354200067E-3,9.996104240E-1,1.768056754E2,1.568997445E-1,-5.951377268E-2,1.768055905E2
4.450320619E1,2.784252619E-2,5.343703087E-4,1.356484485E-3,9.996112585E-1,1.768090692E2,1.570864378E-1,-5.688264298E-2,1.768089878E2
4.450820619E1,2.784055979E-2,5.320390919E-4,1.353834756E-3,9.996113181E-1,1.768092946E2,1.567753688E-1,-5.662437163E-2,1.768092137E2
4.451320619E1,2.787221729E-2,5.575863179E-4,1.352312160E-3,9.996104240E-1,1.768056655E2,1.566843551E-1,-5.955062637E-2,1.768055806E2
4.451820619E1,2.789957744E-2,5.790882860E-4,1.351850224E-3,9.996096492E-1,1.768025290E2,1.567018201E-1,-6.201079750E-2,1.768024408E2
4.452320619E1,2.788072045E-2,5.647600046E-4,1.350285718E-3,9.996101856E-1,1.768046907E2,1.564756595E-1,-6.037749168E-2,1.768046048E2
4.452820619E1,2.784680587E-2,5.373292952E-4,1.355312765E-3,9.996111393E-1,1.768085785E2,1.569619069E-1,-5.722465259E-2,1.768084968E2
4.453320619E1,2.782967169E-2,5.238627782E-4,1.360819559E-3,9.996116161E-1,1.768105427E2,1.575487659E-1,-5.566723100E-2,1.768104628E2
4.453820619E1,2.785099088E-2,5.401806557E-4,1.356108463E-3,9.996110201E-1,1.768080988E2,1.570623924E-1,-5.754807073E-2,1.768080165E2
4.454320619E1,2.787021006E-2,5.567955086E-4,1.349946018E-3,9.996104836E-1,1.768058956E2,1.564106748E-1,-5.946791313E-2,1.768058110E2
4.454820619E1,2.786604978E-2,5.534779048E-4,1.348922029E-3,9.996106029E-1,1.768063725E2,1.562825376E-1,-5.909181256E-2,1.768062885E2
4.455320619E1,2.784048763E-2,5.319105112E-4,1.355368411E-3,9.996113181E-1,1.768093028E2,1.569506306E-1,-5.660476148E-2,1.768092219E2
4.455820619E1,2.781700219E-2,5.132216029E-4,1.361213974E-3,9.996119738E-1,1.768119951E2,1.575593173E-1,-5.444905462E-2,1.768119169E2
4.456320619E1,2.782137401E-2,5.180326407E-4,1.357581234E-3,9.996118546E-1,1.768114940E2,1.571587739E-1,-5.501103779E-2,1.768114151E2
4.456820619E1,2.784672598E-2,5.374600878E-4,1.356901368E-3,9.996111393E-1,1.768085877E2,1.571442899E-1,-5.723457767E-2,1.768085058E2
4.457320619E1,2.785931828E-2,5.481916014E-4,1.357586356E-3,9.996107817E-1,1.768071442E2,1.572577367E-1,-5.845967375E-2,1.768070605E2
4.457820619E1,2.784654195E-2,5.376714398E-4,1.360589289E-3,9.996111393E-1,1.768086088E2,1.575673951E-1,-5.724704795E-2,1.768085267E2
4.458320619E1,2.781444145E-2,5.113754305E-4,1.370434067E-3,9.996120334E-1,1.768122887E2,1.586094305E-1,-5.420859655E-2,1.768122102E2
4.458820619E1,2.780950937E-2,5.075975205E-4,1.384902396E-3,9.996121526E-1,1.768128541E2,1.602544322E-1,-5.373052243E-2,1.768127755E2
4.459320619E1,2.783692976E-2,5.296953605E-4,1.385028823E-3,9.996113777E-1,1.768097107E2,1.603408826E-1,-5.625696553E-2,1.768096285E2
4.459820619E1,2.785915210E-2,5.467448500E-4,1.361574163E-3,9.996107817E-1,1.768071632E2,1.577099002E-1,-5.828124777E-2,1.768070796E2
4.460320619E1,2.785587382E-2,5.444429116E-4,1.341908937E-3,9.996109009E-1,1.768075390E2,1.554497634E-1,-5.808085891E-2,1.768074569E2
4.460820619E1,2.783861352E-2,5.316039897E-4,1.350013074E-3,9.996113777E-1,1.768095177E2,1.563361071E-1,-5.658702895E-2,1.768094371E2
4.461320619E1,2.782279072E-2,5.185556947E-4,1.372157480E-3,9.996117949E-1,1.768113315E2,1.588301898E-1,-5.502425536E-2,1.768112519E2
4.461820619E1,2.783179712E-2,5.248096422E-4,1.360770315E-3,9.996115565E-1,1.768102991E2,1.575462636E-1,-5.577551357E-2,1.768102190E2
4.462320619E1,2.784685630E-2,5.371968728E-4,1.354328590E-3,9.996111393E-1,1.768085728E2,1.568487526E-1,-5.721261668E-2,1.768084911E2
4.462820619E1,2.784866323E-2,5.387229612E-4,1.360547380E-3,9.996110797E-1,1.768083656E2,1.575660719E-1,-5.736729596E-2,1.768082833E2
4.463320619E1,2.783782234E-2,5.299155018E-4,1.366886077E-3,9.996113777E-1,1.768096084E2,1.582634327E-1,-5.633991543E-2,1.768095271E2
4.463820619E1,2.781925038E-2,5.157997366E-4,1.358062145E-3,9.996119142E-1,1.768117374E2,1.572066255E-1,-5.475406584E-2,1.768116589E2
4.464320619E1,2.782185085E-2,5.177936982E-4,1.347865560E-3,9.996118546E-1,1.768114393E2,1.560451337E-1,-5.501456847E-2,1.768113611E2
4.464820619E1,2.785930314E-2,5.478531821E-4,1.358033624E-3,9.996107817E-1,1.768071459E2,1.573078886E-1,-5.841948331E-2,1.768070623E2
4.465320619E1,2.787602184E-2,5.606074701E-4,1.360734575E-3,9.996103048E-1,1.768052293E2,1.576589971E-1,-5.986918879E-2,1.768051435E2
4.465820619E1,2.785751362E-2,5.455728387E-4,1.351773739E-3,9.996108413E-1,1.768073511E2,1.565834516E-1,-5.817854203E-2,1.768072682E2
4.466320619E1,2.782799218E-2,5.221083411E-4,1.352028106E-3,9.996116757E-1,1.768107353E2,1.565360400E-1,-5.549456544E-2,1.768106561E2
4.466820619E1,2.782328164E-2,5.191384116E-4,1.361944829E-3,9.996117949E-1,1.768112753E2,1.576622429E-1,-5.512348785E-2,1.768111960E2
4.467320619E1,2.784250783E-2,5.343473167E-4,1.356870285E-3,9.996112585E-1,1.768090713E2,1.571305558E-1,-5.687878126E-2,1.768089899E2
4.467820619E1,2.786426348E-2,5.519455881E-4,1.342263888E-3,9.996106625E-1,1.768065773E2,1.555148674E-1,-5.893782969E-2,1.768064939E2
4.468320619E1,2.786821610E-2,5.550200003E-4,1.347703743E-3,9.996105433E-1,1.768061242E2,1.561480394E-1,-5.927200688E-2,1.768060400E2
4.468820619E1,2.784463737E-2,5.356943584E-4,1.356550958E-3,9.996111989E-1,1.768088271E2,1.570983973E-1,-5.703376506E-2,1.768087456E2
4.469320619E1,2.782378834E-2,5.189726944E-4,1.351617393E-3,9.996117949E-1,1.768112172E2,1.564787622E-1,-5.513735406E-2,1.768111386E2
4.469820619E1,2.783215046E-2,5.267438246E-4,1.352772582E-3,9.996115565E-1,1.768102586E2,1.566363338E-1,-5.602252087E-2,1.768101786E2
4.470320619E1,2.786152670E-2,5.487594754E-4,1.355922432E-3,9.996107221E-1,1.768068910E2,1.570690812E-1,-5.852968712E-2,1.768068074E2
4.470820619E1,2.787606878E-2,5.598673597E-4,1.360077527E-3,9.996103048E-1,1.768052240E2,1.575813725E-1,-5.978650292E-2,1.768051383E2
4.471320619E1,2.785961310E-2,5.482867709E-4,1.351484098E-3,9.996107817E-1,1.768071104E2,1.565590610E-1,-5.849001060E-2,1.768070271E2
4.471820619E1,2.783218886E-2,5.265720538E-4,1.352049178E-3,9.996115565E-1,1.768102542E2,1.565529240E-1,-5.600514625E-2,1.768101743E2
4.472320619E1,2.784232827E-2,5.333286244E-4,1.360949595E-3,9.996112585E-1,1.768090918E2,1.575945690E-1,-5.674910594E-2,1.768090104E2
4.472820619E1,2.785693967E-2,5.457964726E-4,1.363460789E-3,9.996108413E-1,1.768074169E2,1.579228515E-1,-5.816694045E-2,1.768073332E2
4.473320619E1,2.787204548E-2,5.580434809E-4,1.355660497E-3,9.996104240E-1,1.768056852E2,1.570693477E-1,-5.959232536E-2,1.768056001E2
4.473820619E1,2.787412121E-2,5.584862665E-4,1.356749679E-3,9.996103644E-1,1.768054472E2,1.571956486E-1,-5.963923985E-2,1.768053620E2
4.474320619E1,2.785697655E-2,5.460224347E-4,1.362616662E-3,9.996108413E-1,1.768074126E2,1.578268825E-1,-5.819551259E-2,1.768073290E2
4.474820619E1,2.784457534E-2,5.364394747E-4,1.357529545E-3,9.996111989E-1,1.768088342E2,1.572128660E-1,-5.711600315E-2,1.768087525E2
4.475320619E1,2.784913412E-2,5.391011946E-4,1.350723556E-3,9.996110797E-1,1.768083116E2,1.564420140E-1,-5.744189861E-2,1.768082299E2
4.475820619E1,2.786603174E-2,5.529394839E-4,1.349515282E-3,9.996106029E-1,1.768063746E2,1.563487725E-1,-5.902824647E-2,1.768062906E2
4.476320619E1,2.787430138E-2,5.598000716E-4,1.352500054E-3,9.996103644E-1,1.768054266E2,1.567130736E-1,-5.980327823E-2,1.768053414E2
4.476820619E1,2.786595306E-2,5.530531635E-4,1.351092360E-3,9.996106029E-1,1.768063836E2,1.565297808E-1,-5.903624436E-2,1.768062995E2
4.477320619E1,2.784902398E-2,5.396406050E-4,1.352777355E-3,9.996110797E-1,1.768083243E2,1.566789863E-1,-5.749714931E-2,1.768082423E2
4.477820619E1,2.784441863E-2,5.363280652E-4,1.360783936E-3,9.996111989E-1,1.768088522E2,1.575852830E-1,-5.709288200E-2,1.768087703E2
4.478320619E1,2.785919673E-2,5.474172649E-4,1.360390335E-3,9.996107817E-1,1.768071581E2,1.575764455E-1,-5.836204322E-2,1.768070744E2
4.478820619E1,2.787623371E-2,5.606612540E-4,1.356364926E-3,9.996103048E-1,1.768052051E2,1.571586506E-1,-5.988927486E-2,1.768051195E2
4.479320619E1,2.787413816E-2,5.585222971E-4,1.356386696E-3,9.996103644E-1,1.768054453E2,1.571541860E-1,-5.964452383E-2,1.768053600E2
4.479820619E1,2.786150937E-2,5.493595963E-4,1.356035587E-3,9.996107221E-1,1.768068930E2,1.570839580E-1,-5.859807061E-2,1.768068093E2
4.480320619E1,2.785510537E-2,5.449901801E-4,1.357547240E-3,9.996109009E-1,1.768076271E2,1.572427902E-1,-5.809374818E-2,1.768075440E2
4.480820619E1,2.786151412E-2,5.493260687E-4,1.355951536E-3,9.996107221E-1,1.768068925E2,1.570742233E-1,-5.859449773E-2,1.768068087E2
4.481320619E1,2.787429652E-2,5.587872001E-4,1.353018917E-3,9.996103644E-1,1.768054271E2,1.567692721E-1,-5.968560028E-2,1.768053421E2
4.481820619E1,2.788057918E-2,5.642627366E-4,1.353407046E-3,9.996101856E-1,1.768047069E2,1.568316014E-1,-6.031058073E-2,1.768046209E2
4.482320619E1,2.786377193E-2,5.508625763E-4,1.352871070E-3,9.996106625E-1,1.768066336E2,1.567264032E-1,-5.877998129E-2,1.768065498E2
4.482820619E1,2.785110389E-2,5.405934644E-4,1.353620668E-3,9.996110201E-1,1.768080858E2,1.567787463E-1,-5.760327900E-2,1.768080036E2
4.483320619E1,2.785542733E-2,5.452175974E-4,1.350833103E-3,9.996109009E-1,1.768075902E2,1.564744489E-1,-5.814117959E-2,1.768075074E2
4.483820619E1,2.787233298E-2,5.574559327E-4,1.349979313E-3,9.996104240E-1,1.768056522E2,1.564167245E-1,-5.954312417E-2,1.768055675E2
4.484320619E1,2.788261283E-2,5.658586160E-4,1.354867825E-3,9.996101260E-1,1.768044738E2,1.570041516E-1,-6.048839724E-2,1.768043875E2
4.484820619E1,2.787438443E-2,5.595760304E-4,1.350880251E-3,9.996103644E-1,1.768054171E2,1.565268191E-1,-5.978277603E-2,1.768053320E2
4.485320619E1,2.787239470E-2,5.580277648E-4,1.348467893E-3,9.996104240E-1,1.768056451E2,1.562454258E-1,-5.961344365E-2,1.768055605E2
4.485820619E1,2.786615981E-2,5.531145143E-4,1.346796402E-3,9.996106029E-1,1.768063599E2,1.560378989E-1,-5.905695788E-2,1.768062761E2
4.486320619E1,2.786610452E-2,5.527054309E-4,1.348107588E-3,9.996106029E-1,1.768063662E2,1.561867819E-1,-5.900592023E-2,1.768062824E2
4.486820619E1,2.787025061E-2,5.571860820E-4,1.348947291E-3,9.996104836E-1,1.768058909E2,1.562975233E-1,-5.951583550E-2,1.768058064E2
4.487320619E1,2.787454092E-2,5.598034477E-4,1.347552869E-3,9.996103644E-1,1.768053991E2,1.561464126E-1,-5.981943006E-2,1.768053142E2
4.487820619E1,2.786817201E-2,5.540253478E-4,1.349024125E-3,9.996105433E-1,1.768061292E2,1.562961062E-1,-5.915386265E-2,1.768060451E2
4.488320619E1,2.785770745E-2,5.461559049E-4,1.347537152E-3,9.996108413E-1,1.768073288E2,1.561000351E-1,-5.825882478E-2,1.768072461E2
4.488820619E1,2.786387423E-2,5.513714859E-4,1.350554754E-3,9.996106625E-1,1.768066219E2,1.564627068E-1,-5.884565542E-2,1.768065382E2
4.489320619E1,2.787436477E-2,5.602838355E-4,1.350992359E-3,9.996103644E-1,1.768054193E2,1.565419206E-1,-5.986349792E-2,1.768053341E2
4.489820619E1,2.788074761E-2,5.638839793E-4,1.350091072E-3,9.996101856E-1,1.768046876E2,1.564505659E-1,-6.027776332E-2,1.768046019E2
4.490320619E1,2.786360651E-2,5.508378381E-4,1.356283785E-3,9.996106625E-1,1.768066526E2,1.571172315E-1,-5.876627666E-2,1.768065686E2
4.490820619E1,2.787604073E-2,5.601620651E-4,1.360530849E-3,9.996103048E-1,1.768052272E2,1.576342390E-1,-5.981881682E-2,1.768051414E2
4.491320619E1,2.788658221E-2,5.691323313E-4,1.359745511E-3,9.996100068E-1,1.768040187E2,1.575735790E-1,-6.084718030E-2,1.768039316E2
4.491820619E1,2.787813394E-2,5.620140582E-4,1.360670431E-3,9.996102452E-1,1.768049872E2,1.576562698E-1,-6.003018093E-2,1.768049012E2
4.492320619E1,2.788455626E-2,5.677323788E-4,1.358059701E-3,9.996100664E-1,1.768042510E2,1.573758772E-1,-6.069252632E-2,1.768041642E2
4.492820619E1,2.788665137E-2,5.693825660E-4,1.358221518E-3,9.996100068E-1,1.768040108E2,1.573998139E-1,-6.088070318E-2,1.768039237E2
4.493320619E1,2.787612828E-2,5.613414105E-4,1.358249225E-3,9.996103048E-1,1.768052171E2,1.573766582E-1,-5.996118197E-2,1.768051313E2
4.493820619E1,2.787178610E-2,5.574562238E-4,1.361223403E-3,9.996104240E-1,1.768057149E2,1.577046718E-1,-5.950732991E-2,1.768056296E2
4.494320619E1,2.788009016E-2,5.634407280E-4,1.363783493E-3,9.996101856E-1,1.768047630E2,1.580175380E-1,-6.018334706E-2,1.768046765E2
4.494820619E1,2.787797789E-2,5.624176702E-4,1.363697462E-3,9.996102452E-1,1.768050051E2,1.580042878E-1,-6.006676768E-2,1.768049188E2
4.495320619E1,2.787995525E-2,5.633580149E-4,1.366572804E-3,9.996101856E-1,1.768047784E2,1.583367733E-1,-6.016498230E-2,1.768046918E2
4.495820619E1,2.788596632E-2,5.679340684E-4,1.372814644E-3,9.996100068E-1,1.768040893E2,1.590667441E-1,-6.066825653E-2,1.768040016E2
4.496320619E1,2.788158238E-2,5.643566255E-4,1.376527129E-3,9.996101260E-1,1.768045919E2,1.594803018E-1,-6.024730742E-2,1.768045045E2
4.496820619E1,2.787779965E-2,5.611013039E-4,1.367877121E-3,9.996102452E-1,1.768050255E2,1.584788397E-1,-5.990265760E-2,1.768049392E2
4.497320619E1,2.788027483E-2,5.636568530E-4,1.359913615E-3,9.996101856E-1,1.768047418E2,1.575749561E-1,-6.022043833E-2,1.768046555E2
4.497820619E1,2.787796953E-2,5.627271021E-4,1.363740768E-3,9.996102452E-1,1.768050061E2,1.580102365E-1,-6.010207513E-2,1.768049197E2
4.498320619E1,2.787983615E-2,5.630375235E-4,1.369132311E-3,9.996101856E-1,1.768047921E2,1.586289265E-1,-6.012011253E-2,1.768047054E2
4.498820619E1,2.788891988E-2,5.707071396E-4,1.354950480E-3,9.996099472E-1,1.768037508E2,1.570294975E-1,-6.104252575E-2,1.768036637E2
4.499320619E1,2.788508173E-2,5.688375677E-4,1.346760779E-3,9.996100664E-1,1.768041908E2,1.560851816E-1,-6.085514509E-2,1.768041044E2
4.499820619E1,2.786791897E-2,5.546546890E-4,1.353983767E-3,9.996105433E-1,1.768061582E2,1.568662143E-1,-5.921015264E-2,1.768060738E2
4.500320619E1,2.787200059E-2,5.570198991E-4,1.357003697E-3,9.996104240E-1,1.768056903E2,1.572199354E-1,-5.947079410E-2,1.768056053E2
4.500820619E1,2.787842524E-2,5.623130128E-4,1.354564796E-3,9.996102452E-1,1.768049538E2,1.569578593E-1,-6.008388511E-2,1.768048681E2
4.501320619E1,2.788066647E-2,5.643529003E-4,1.351570012E-3,9.996101856E-1,1.768046969E2,1.566214677E-1,-6.032676429E-2,1.768046110E2
4.501820619E1,2.787866825E-2,5.631886888E-4,1.349188853E-3,9.996102452E-1,1.768049260E2,1.563448725E-1,-6.020132774E-2,1.768048404E2
4.502320619E1,2.787236298E-2,5.574724637E-4,1.349352882E-3,9.996104240E-1,1.768056488E2,1.563450232E-1,-5.954701389E-2,1.768055641E2
4.502820619E1,2.787256696E-2,5.586046027E-4,1.344663207E-3,9.996104240E-1,1.768056254E2,1.558114626E-1,-5.969164410E-2,1.768055408E2
4.503320619E1,2.787059823E-2,5.560987047E-4,1.342196949E-3,9.996104836E-1,1.768058511E2,1.555208382E-1,-5.941278479E-2,1.768057671E2
4.503820619E1,2.786815682E-2,5.549803609E-4,1.348945312E-3,9.996105433E-1,1.768061310E2,1.562901276E-1,-5.926351056E-2,1.768060467E2
4.504320619E1,2.787860127E-2,5.636599963E-4,1.350375591E-3,9.996102452E-1,1.768049336E2,1.564823117E-1,-6.025153371E-2,1.768048480E2
4.504820619E1,2.787451315E-2,5.604935577E-4,1.347840414E-3,9.996103644E-1,1.768054023E2,1.561815530E-1,-5.989756589E-2,1.768053173E2
4.505320619E1,2.787051249E-2,5.570556968E-4,1.343579730E-3,9.996104836E-1,1.768058609E2,1.556822834E-1,-5.951800231E-2,1.768057767E2
4.505820619E1,2.786830442E-2,5.546694156E-4,1.346020726E-3,9.996105433E-1,1.768061140E2,1.559541401E-1,-5.923720948E-2,1.768060300E2
4.506320619E1,2.787245989E-2,5.589793436E-4,1.346725272E-3,9.996104240E-1,1.768056377E2,1.560488569E-1,-5.972799991E-2,1.768055529E2
4.506820619E1,2.788300569E-2,5.664667115E-4,1.346502919E-3,9.996101260E-1,1.768044287E2,1.560479423E-1,-6.058471892E-2,1.768043428E2
4.507320619E1,2.788544278E-2,5.694290157E-4,1.339012873E-3,9.996100664E-1,1.768041494E2,1.551995933E-1,-6.094759588E-2,1.768040634E2
4.507820619E1,2.787895375E-2,5.640482414E-4,1.342915813E-3,9.996102452E-1,1.768048932E2,1.556290770E-1,-6.031978317E-2,1.768048079E2
4.508320619E1,2.787458461E-2,5.602452438E-4,1.346465084E-3,9.996103644E-1,1.768053941E2,1.560232238E-1,-5.987350432E-2,1.768053092E2
4.508820619E1,2.787664636E-2,5.613321555E-4,1.347578014E-3,9.996103048E-1,1.768051578E2,1.561543027E-1,-5.999412963E-2,1.768050726E2
4.509320619E1,2.787907856E-2,5.640230956E-4,1.340332907E-3,9.996102452E-1,1.768048789E2,1.553331396E-1,-6.032513524E-2,1.768047938E2
4.509820619E1,2.788319023E-2,5.675441935E-4,1.342221047E-3,9.996101260E-1,1.768044076E2,1.555609202E-1,-6.072179408E-2,1.768043218E2
4.510320619E1,2.788104131E-2,5.655531422E-4,1.343310578E-3,9.996101856E-1,1.768046539E2,1.556792306E-1,-6.049057864E-2,1.768045684E2
4.510820619E1,2.786619055E-2,5.533726653E-4,1.346054021E-3,9.996106029E-1,1.768063564E2,1.559536875E-1,-5.908889415E-2,1.768062726E2
4.511320619E1,2.786202466E-2,5.501976120E-4,1.345063909E-3,9.996107221E-1,1.768068339E2,1.558298887E-1,-5.872901260E-2,1.768067507E2
4.511820619E1,2.787645049E-2,5.611716188E-4,1.351690502E-3,9.996103048E-1,1.768051802E2,1.566248519E-1,-5.996263392E-2,1.768050948E2
4.512320619E1,2.788694999E-2,5.687306984E-4,1.352350693E-3,9.996100068E-1,1.768039766E2,1.567252626E-1,-6.082474814E-2,1.768038900E2
4.512820619E1,2.788873781E-2,5.706986412E-4,1.358696376E-3,9.996099472E-1,1.768037716E2,1.574585408E-1,-6.102960937E-2,1.768036843E2
4.513320619E1,2.787405819E-2,5.594352842E-4,1.357653178E-3,9.996103644E-1,1.768054545E2,1.573021697E-1,-5.974507086E-2,1.768053690E2
4.513820619E1,2.787837438E-2,5.625229678E-4,1.355523942E-3,9.996102452E-1,1.768049597E2,1.570683944E-1,-6.010487860E-2,1.768048738E2
4.514320619E1,2.788257827E-2,5.656176945E-4,1.355679589E-3,9.996101260E-1,1.768044777E2,1.570963650E-1,-6.045821211E-2,1.768043914E2
4.514820619E1,2.788668195E-2,5.688755191E-4,1.357806032E-3,9.996100068E-1,1.768040073E2,1.573506025E-1,-6.082394547E-2,1.768039203E2
4.515320619E1,2.789100894E-2,5.729952245E-4,1.354957349E-3,9.996098876E-1,1.768035113E2,1.570377253E-1,-6.130426862E-2,1.768034238E2
4.515820619E1,2.788913812E-2,5.708284443E-4,1.350399805E-3,9.996099472E-1,1.768037257E2,1.565086317E-1,-6.107093028E-2,1.768036389E2
4.516320619E1,2.787646973E-2,5.618965952E-4,1.350992359E-3,9.996103048E-1,1.768051780E2,1.565471989E-1,-6.004790494E-2,1.768050925E2
4.516820619E1,2.787421015E-2,5.601294688E-4,1.354242675E-3,9.996103644E-1,1.768054370E2,1.569137327E-1,-5.983545762E-2,1.768053517E2
4.517320619E1,2.789327363E-2,5.736810272E-4,1.352017629E-3,9.996098280E-1,1.768032517E2,1.567033200E-1,-6.139186599E-2,1.768031643E2
4.517820619E1,2.789971853E-2,5.792516749E-4,1.348865102E-3,9.996096492E-1,1.768025128E2,1.563604142E-1,-6.203903499E-2,1.768024247E2
4.518320619E1,2.789943972E-2,5.799620412E-4,1.354315667E-3,9.996096492E-1,1.768025448E2,1.569870146E-1,-6.210302265E-2,1.768024563E2
4.518820619E1,2.789099523E-2,5.718194880E-4,1.355736051E-3,9.996098876E-1,1.768035129E2,1.571231645E-1,-6.116710496E-2,1.768034255E2
4.519320619E1,2.789139760E-2,5.732529098E-4,1.346823410E-3,9.996098876E-1,1.768034667E2,1.561068535E-1,-6.135972239E-2,1.768033797E2
4.519820619E1,2.790210828E-2,5.811217707E-4,1.342787175E-3,9.996095896E-1,1.768022389E2,1.556703334E-1,-6.227230855E-2,1.768021509E2
4.520320619E1,2.790628745E-2,5.844539846E-4,1.343237120E-3,9.996094704E-1,1.768017598E2,1.557327904E-1,-6.265191341E-2,1.768016712E2
4.520820619E1,2.790399707E-2,5.839730147E-4,1.346667064E-3,9.996095300E-1,1.768020224E2,1.561239989E-1,-6.258620887E-2,1.768019337E2
4.521320619E1,2.789777518E-2,5.782912485E-4,1.345295459E-3,9.996097088E-1,1.768027356E2,1.559483307E-1,-6.194073708E-2,1.768026479E2
4.521820619E1,2.788978278E-2,5.728546530E-4,1.336152549E-3,9.996099472E-1,1.768036518E2,1.548831649E-1,-6.134845981E-2,1.768035655E2
4.522320619E1,2.788783263E-2,5.706227385E-4,1.333217020E-3,9.996100068E-1,1.768038754E2,1.545396557E-1,-6.110248445E-2,1.768037896E2
4.522820619E1,2.789388083E-2,5.759577034E-4,1.338454429E-3,9.996098280E-1,1.768031821E2,1.551570095E-1,-6.169591164E-2,1.768030951E2
4.523320619E1,2.790241554E-2,5.818847567E-4,1.336055109E-3,9.996095896E-1,1.768022037E2,1.549016538E-1,-6.238118394E-2,1.768021160E2
4.523820619E1,2.789859177E-2,5.791509175E-4,1.327878912E-3,9.996097088E-1,1.768026420E2,1.539561148E-1,-6.209476335E-2,1.768025552E2
4.524320619E1,2.788792722E-2,5.715246079E-4,1.330850064E-3,9.996100068E-1,1.768038646E2,1.542714157E-1,-6.121334052E-2,1.768037788E2
4.524820619E1,2.790470277E-2,5.838224897E-4,1.332029817E-3,9.996095300E-1,1.768019415E2,1.544469077E-1,-6.261566252E-2,1.768018537E2
4.525320619E1,2.790907596E-2,5.873590126E-4,1.328308252E-3,9.996094108E-1,1.768014401E2,1.540321985E-1,-6.303198676E-2,1.768013520E2
4.525820619E1,2.790494591E-2,5.845291889E-4,1.326615456E-3,9.996095300E-1,1.768019136E2,1.538289837E-1,-6.271388896E-2,1.768018261E2
4.526320619E1,2.790482192E-2,5.846478161E-4,1.329168794E-3,9.996095300E-1,1.768019278E2,1.541218326E-1,-6.271933148E-2,1.768018401E2
4.526820619E1,2.790259930E-2,5.826863926E-4,1.331861480E-3,9.996095896E-1,1.768021826E2,1.544238606E-1,-6.248638943E-2,1.768020950E2
4.527320619E1,2.790262160E-2,5.819000653E-4,1.331738196E-3,9.996095896E-1,1.768021801E2,1.544072258E-1,-6.239670887E-2,1.768020926E2
4.527820619E1,2.790259754E-2,5.820937222E-4,1.332157524E-3,9.996095896E-1,1.768021828E2,1.544558763E-1,-6.241755458E-2,1.768020953E2
4.528320619E1,2.790882620E-2,5.875878851E-4,1.333444729E-3,9.996094108E-1,1.768014688E2,1.546212831E-1,-6.304181435E-2,1.768013803E2
4.528820619E1,2.790881620E-2,5.879833479E-4,1.333479770E-3,9.996094108E-1,1.768014699E2,1.546265612E-1,-6.308700284E-2,1.768013814E2
4.529320619E1,2.790045687E-2,5.801689695E-4,1.333106775E-3,9.996096492E-1,1.768024282E2,1.545583223E-1,-6.219437598E-2,1.768023409E2
4.529820619E1,2.789835221E-2,5.796136684E-4,1.332701184E-3,9.996097088E-1,1.768026695E2,1.545099567E-1,-6.213239008E-2,1.768025823E2
4.530320619E1,2.790897422E-2,5.871874164E-4,1.330520026E-3,9.996094108E-1,1.768014518E2,1.542849955E-1,-6.300527289E-2,1.768013636E2
4.530820619E1,2.791959403E-2,5.962498835E-4,1.327585429E-3,9.996091127E-1,1.768002344E2,1.539785118E-1,-6.405109942E-2,1.768001449E2
4.531320619E1,2.791724858E-2,5.935641238E-4,1.333221095E-3,9.996091723E-1,1.768005033E2,1.546153177E-1,-6.372578605E-2,1.768004139E2
4.531820619E1,2.791508768E-2,5.915986840E-4,1.334651024E-3,9.996092319E-1,1.768007510E2,1.547726866E-1,-6.349641118E-2,1.768006618E2
4.532320619E1,2.791292278E-2,5.905787693E-4,1.335738925E-3,9.996092916E-1,1.768009992E2,1.548939024E-1,-6.337643856E-2,1.768009101E2
4.532820619E1,2.791299316E-2,5.911108456E-4,1.334031811E-3,9.996092916E-1,1.768009911E2,1.547000639E-1,-6.344283581E-2,1.768009020E2
4.533320619E1,2.791929171E-2,5.962994765E-4,1.333906082E-3,9.996091127E-1,1.768002691E2,1.547026633E-1,-6.403660436E-2,1.768001792E2
4.533820619E1,2.792128728E-2,5.972811487E-4,1.336361747E-3,9.996090531E-1,1.768000403E2,1.549872214E-1,-6.414088568E-2,1.767999501E2
4.534320619E1,2.792123967E-2,5.965125747E-4,1.337699126E-3,9.996090531E-1,1.768000457E2,1.551379519E-1,-6.404857626E-2,1.767999556E2
4.534820619E1,2.790863746E-2,5.864281557E-4,1.337898197E-3,9.996094108E-1,1.768014904E2,1.551276937E-1,-6.289475719E-2,1.768014019E2
4.535320619E1,2.789580605E-2,5.759496707E-4,1.342842123E-3,9.996097684E-1,1.768029614E2,1.556597003E-1,-6.168066649E-2,1.768028742E2
4.535820619E1,2.789979186E-2,5.800950457E-4,1.346984529E-3,9.996096492E-1,1.768025044E2,1.561477011E-1,-6.214164151E-2,1.768024163E2
4.536320619E1,2.790401409E-2,5.837835488E-4,1.346396399E-3,9.996095300E-1,1.768020204E2,1.560923902E-1,-6.256536898E-2,1.768019318E2
4.536820619E1,2.790200346E-2,5.819181097E-4,1.344619086E-3,9.996095896E-1,1.768022509E2,1.558827134E-1,-6.235768560E-2,1.768021627E2
4.537320619E1,2.788919897E-2,5.712604616E-4,1.348959631E-3,9.996099472E-1,1.768037188E2,1.563450484E-1,-6.112500972E-2,1.768036319E2
4.537820619E1,2.788693776E-2,5.691273836E-4,1.352436026E-3,9.996100068E-1,1.768039780E2,1.567363042E-1,-6.086991642E-2,1.768038913E2
4.538320619E1,2.789532269E-2,5.768551491E-4,1.352460124E-3,9.996097684E-1,1.768030168E2,1.567642794E-1,-6.175371600E-2,1.768029288E2
4.538820619E1,2.789958860E-2,5.800855579E-4,1.351192244E-3,9.996096492E-1,1.768025277E2,1.566296397E-1,-6.212713377E-2,1.768024394E2
4.539320619E1,2.789765442E-2,5.779304774E-4,1.347952057E-3,9.996097088E-1,1.768027495E2,1.562514754E-1,-6.189093777E-2,1.768026616E2
4.539820619E1,2.789324099E-2,5.746508250E-4,1.352278981E-3,9.996098280E-1,1.768032554E2,1.567363552E-1,-6.150212303E-2,1.768031678E2
4.540320619E1,2.788708858E-2,5.700990441E-4,1.348912250E-3,9.996100068E-1,1.768039607E2,1.563357803E-1,-6.099245445E-2,1.768038741E2
4.540820619E1,2.787873727E-2,5.627300707E-4,1.347953454E-3,9.996102452E-1,1.768049181E2,1.562018999E-1,-6.015273045E-2,1.768048327E2
4.541320619E1,2.789138404E-2,5.734608276E-4,1.347015728E-3,9.996098876E-1,1.768034683E2,1.561295467E-1,-6.138292615E-2,1.768033812E2
4.541820619E1,2.790200660E-2,5.823333049E-4,1.344374148E-3,9.996095896E-1,1.768022506E2,1.558559843E-1,-6.240602759E-2,1.768021622E2
4.542320619E1,2.789982104E-2,5.804861430E-4,1.346211415E-3,9.996096492E-1,1.768025011E2,1.560603954E-1,-6.218890770E-2,1.768024130E2
4.542820619E1,2.789114038E-2,5.723775248E-4,1.352510415E-3,9.996098876E-1,1.768034962E2,1.567554697E-1,-6.124131324E-2,1.768034090E2
4.543320619E1,2.789735916E-2,5.770291900E-4,1.354433480E-3,9.996097088E-1,1.768027833E2,1.569910039E-1,-6.176702386E-2,1.768026952E2
4.543820619E1,2.791224128E-2,5.900608958E-4,1.350131352E-3,9.996092916E-1,1.768010773E2,1.565408128E-1,-6.327118778E-2,1.768009874E2
4.544320619E1,2.791015422E-2,5.886075669E-4,1.349781291E-3,9.996093512E-1,1.768013165E2,1.564959337E-1,-6.310616003E-2,1.768012269E2
4.544820619E1,2.790165360E-2,5.818138015E-4,1.351904357E-3,9.996095896E-1,1.768022910E2,1.567168647E-1,-6.232249817E-2,1.768022023E2
4.545320619E1,2.789538527E-2,5.763980444E-4,1.351363724E-3,9.996097684E-1,1.768030096E2,1.566372326E-1,-6.170485109E-2,1.768029218E2
4.545820619E1,2.789546762E-2,5.754964077E-4,1.350047532E-3,9.996097684E-1,1.768030002E2,1.564835893E-1,-6.160576597E-2,1.768029126E2
4.546320619E1,2.790611257E-2,5.853876355E-4,1.346459961E-3,9.996094704E-1,1.768017799E2,1.561049324E-1,-6.274858109E-2,1.768016909E2
4.546820619E1,2.791240623E-2,5.890594912E-4,1.347155194E-3,9.996092916E-1,1.768010584E2,1.561967098E-1,-6.316597383E-2,1.768009688E2
4.547320619E1,2.791645597E-2,5.927425227E-4,1.350076986E-3,9.996091723E-1,1.768005941E2,1.565434313E-1,-6.357787346E-2,1.768005038E2
4.547820619E1,2.790821815E-2,5.873086047E-4,1.346232835E-3,9.996094108E-1,1.768015385E2,1.560851918E-1,-6.296901959E-2,1.768014493E2
4.548320619E1,2.791004836E-2,5.885742721E-4,1.351982937E-3,9.996093512E-1,1.768013287E2,1.567480127E-1,-6.309532115E-2,1.768012389E2
4.548820619E1,2.792043333E-2,5.961903371E-4,1.354566426E-3,9.996090531E-1,1.768001382E2,1.570689684E-1,-6.395782252E-2,1.768000470E2
4.549320619E1,2.793337806E-2,6.057401188E-4,1.347343903E-3,9.996086955E-1,1.767986542E2,1.562730491E-1,-6.507280443E-2,1.767985620E2
4.549820619E1,2.793329673E-2,6.068377406E-4,1.348535647E-3,9.996086955E-1,1.767986636E2,1.564130682E-1,-6.519473137E-2,1.767985711E2
4.550320619E1,2.792496265E-2,5.995299434E-4,1.347679761E-3,9.996089339E-1,1.767996190E2,1.562910988E-1,-6.436168970E-2,1.767995277E2
4.550820619E1,2.791875738E-2,5.953405635E-4,1.345467870E-3,9.996091127E-1,1.768003303E2,1.560239296E-1,-6.388985646E-2,1.768002399E2
4.551320619E1,2.792731334E-2,6.014895625E-4,1.342296018E-3,9.996088743E-1,1.767993495E2,1.556808302E-1,-6.460301996E-2,1.767992583E2
4.551820619E1,2.793793625E-2,6.095885183E-4,1.339519280E-3,9.996085763E-1,1.767981317E2,1.553893804E-1,-6.553796433E-2,1.767980394E2
4.552320619E1,2.792974368E-2,6.040782318E-4,1.334934030E-3,9.996088147E-1,1.767990709E2,1.548459793E-1,-6.492272798E-2,1.767989797E2
4.552820619E1,2.792116603E-2,5.964436568E-4,1.339265844E-3,9.996090531E-1,1.768000542E2,1.553171895E-1,-6.403568046E-2,1.767999640E2
4.553320619E1,2.791291791E-2,5.913766799E-4,1.335487585E-3,9.996092916E-1,1.768009997E2,1.548676641E-1,-6.346864139E-2,1.768009105E2
4.553820619E1,2.791082030E-2,5.893012276E-4,1.335631474E-3,9.996093512E-1,1.768012402E2,1.548773745E-1,-6.323076967E-2,1.768011513E2
4.554320619E1,2.792115982E-2,5.969925551E-4,1.339150826E-3,9.996090531E-1,1.768000549E2,1.553057705E-1,-6.409892397E-2,1.767999646E2
4.554820619E1,2.792759228E-2,6.012738449E-4,1.336576999E-3,9.996088743E-1,1.767993175E2,1.550250612E-1,-6.459656968E-2,1.767992267E2
4.555320619E1,2.792117310E-2,5.970165948E-4,1.338863280E-3,9.996090531E-1,1.768000534E2,1.552729107E-1,-6.410259563E-2,1.767999631E2
4.555820619E1,2.791066902E-2,5.890837638E-4,1.338884700E-3,9.996093512E-1,1.768012575E2,1.552493168E-1,-6.319547814E-2,1.768011685E2
4.556320619E1,2.791448799E-2,5.914823269E-4,1.347186510E-3,9.996092319E-1,1.768008197E2,1.562081792E-1,-6.344307646E-2,1.768007298E2
4.556820619E1,2.791670153E-2,5.931673804E-4,1.344802324E-3,9.996091723E-1,1.768005660E2,1.559406092E-1,-6.364337533E-2,1.768004759E2
4.557320619E1,2.791667909E-2,5.924433353E-4,1.345587079E-3,9.996091723E-1,1.768005686E2,1.560281828E-1,-6.355793126E-2,1.768004786E2
4.557820619E1,2.791013980E-2,5.886596628E-4,1.350056846E-3,9.996093512E-1,1.768013182E2,1.565276634E-1,-6.311124838E-2,1.768012285E2
4.558320619E1,2.791217756E-2,5.891508190E-4,1.351845101E-3,9.996092916E-1,1.768010846E2,1.567342026E-1,-6.316146977E-2,1.768009947E2
4.558820619E1,2.791641485E-2,5.923813442E-4,1.351085375E-3,9.996091723E-1,1.768005988E2,1.566577812E-1,-6.353328214E-2,1.768005085E2
4.559320619E1,2.791009038E-2,5.883226404E-4,1.351224957E-3,9.996093512E-1,1.768013239E2,1.566603861E-1,-6.306891524E-2,1.768012342E2
4.559820619E1,2.790171387E-2,5.812320742E-4,1.350910286E-3,9.996095896E-1,1.768022841E2,1.566011404E-1,-6.225903212E-2,1.768021956E2
4.560320619E1,2.790391170E-2,5.835419870E-4,1.348621328E-3,9.996095300E-1,1.768020322E2,1.563464705E-1,-6.253060030E-2,1.768019434E2
4.560820619E1,2.790396421E-2,5.837007775E-4,1.347465673E-3,9.996095300E-1,1.768020261E2,1.562146047E-1,-6.255247641E-2,1.768019374E2
4.561320619E1,2.789963451E-2,5.800866638E-4,1.350243343E-3,9.996096492E-1,1.768025225E2,1.565209522E-1,-6.213028704E-2,1.768024342E2
4.561820619E1,2.789544736E-2,5.755125312E-4,1.350459061E-3,9.996097684E-1,1.768030025E2,1.565307790E-1,-6.160630052E-2,1.768029149E2
4.562320619E1,2.789537574E-2,5.769318086E-4,1.351332758E-3,9.996097684E-1,1.768030107E2,1.566353913E-1,-6.176609260E-2,1.768029228E2
4.562820619E1,2.789533501E-2,5.769834970E-4,1.352151041E-3,9.996097684E-1,1.768030154E2,1.567292860E-1,-6.176940395E-2,1.768029274E2
4.563320619E1,2.789100819E-2,5.732937716E-4,1.354846405E-3,9.996098876E-1,1.768035114E2,1.570259712E-1,-6.133882098E-2,1.768034239E2
4.563820619E1,2.789096955E-2,5.731335259E-4,1.355709392E-3,9.996098876E-1,1.768035158E2,1.571243093E-1,-6.131771316E-2,1.768034283E2
4.564320619E1,2.788470892E-2,5.680419854E-4,1.354791806E-3,9.996100664E-1,1.768042335E2,1.570025479E-1,-6.073840913E-2,1.768041468E2
4.564820619E1,2.787416441E-2,5.596727133E-4,1.355372602E-3,9.996103644E-1,1.768054423E2,1.570417009E-1,-5.977953560E-2,1.768053569E2
4.565320619E1,2.786987127E-2,5.551959039E-4,1.357577625E-3,9.996104836E-1,1.768059344E2,1.572797248E-1,-5.926036293E-2,1.768058496E2
4.565820619E1,2.786342488E-2,5.502540735E-4,1.360246330E-3,9.996106625E-1,1.768066734E2,1.575692553E-1,-5.868678433E-2,1.768065893E2
4.566320619E1,2.785722301E-2,5.463373964E-4,1.357441884E-3,9.996108413E-1,1.768073844E2,1.572351459E-1,-5.824807097E-2,1.768073010E2
4.566820619E1,2.785532784E-2,5.438185763E-4,1.353446161E-3,9.996109009E-1,1.768076016E2,1.567692958E-1,-5.797260043E-2,1.768075189E2
4.567320619E1,2.785097486E-2,5.404779804E-4,1.356318942E-3,9.996110201E-1,1.768081006E2,1.570874502E-1,-5.758145915E-2,1.768080183E2
4.567820619E1,2.785947964E-2,5.469843745E-4,1.354758977E-3,9.996107817E-1,1.768071257E2,1.569300234E-1,-5.833039071E-2,1.768070424E2
4.568320619E1,2.785943522E-2,5.480789114E-4,1.355230110E-3,9.996107817E-1,1.768071308E2,1.569874823E-1,-5.845426947E-2,1.768070473E2
4.568820619E1,2.785528260E-2,5.443567643E-4,1.354160719E-3,9.996109009E-1,1.768076068E2,1.568528617E-1,-5.803197443E-2,1.768075240E2
4.569320619E1,2.785508749E-2,5.432910402E-4,1.358594862E-3,9.996109009E-1,1.768076292E2,1.573573673E-1,-5.789577558E-2,1.768075463E2
4.569820619E1,2.785508830E-2,5.445659044E-4,1.358067733E-3,9.996109009E-1,1.768076291E2,1.573010558E-1,-5.804348993E-2,1.768075460E2
4.570320619E1,2.786370855E-2,5.502661807E-4,1.354418113E-3,9.996106625E-1,1.768066409E2,1.569017046E-1,-5.870673615E-2,1.768065571E2
4.570820619E1,2.785522416E-2,5.446869764E-4,1.355229528E-3,9.996109009E-1,1.768076135E2,1.569763416E-1,-5.806639670E-2,1.768075306E2
4.571320619E1,2.785311220E-2,5.433524493E-4,1.355208457E-3,9.996109605E-1,1.768078556E2,1.569695455E-1,-5.791392954E-2,1.768077729E2
4.571820619E1,2.785943966E-2,5.470979377E-4,1.355535118E-3,9.996107817E-1,1.768071303E2,1.570192885E-1,-5.834092744E-2,1.768070469E2
4.572320619E1,2.785531930E-2,5.438801018E-4,1.353597036E-3,9.996109009E-1,1.768076026E2,1.567867739E-1,-5.797916773E-2,1.768075199E2
4.572820619E1,2.785318588E-2,5.423177499E-4,1.354108099E-3,9.996109605E-1,1.768078472E2,1.568402041E-1,-5.779890840E-2,1.768077647E2
4.573320619E1,2.784870403E-2,5.389451981E-4,1.359623973E-3,9.996110797E-1,1.768083610E2,1.574610098E-1,-5.739569298E-2,1.768082787E2
4.573820619E1,2.784872877E-2,5.389997386E-4,1.359095564E-3,9.996110797E-1,1.768083581E2,1.574006575E-1,-5.740362286E-2,1.768082759E2
4.574320619E1,2.784885819E-2,5.392968305E-4,1.356322784E-3,9.996110797E-1,1.768083433E2,1.570839987E-1,-5.744648233E-2,1.768082611E2
4.574820619E1,2.784225172E-2,5.344929523E-4,1.362058334E-3,9.996112585E-1,1.768091006E2,1.577252828E-1,-5.687895080E-2,1.768090189E2
4.575320619E1,2.785299217E-2,5.423833500E-4,1.358060515E-3,9.996109605E-1,1.768078694E2,1.572931407E-1,-5.779383775E-2,1.768077866E2
4.575820619E1,2.785104202E-2,5.412540631E-4,1.354629407E-3,9.996110201E-1,1.768080929E2,1.568963995E-1,-5.767573884E-2,1.768080106E2
4.576320619E1,2.784468297E-2,5.352727603E-4,1.355781220E-3,9.996111989E-1,1.768088219E2,1.570088832E-1,-5.698792120E-2,1.768087404E2
4.576820619E1,2.784236537E-2,5.344787496E-4,1.359738759E-3,9.996112585E-1,1.768090876E2,1.574595429E-1,-5.688470679E-2,1.768090060E2
4.577320619E1,2.785279122E-2,5.427527940E-4,1.362028648E-3,9.996109605E-1,1.768078924E2,1.577488470E-1,-5.782352266E-2,1.768078094E2
4.577820619E1,2.785267746E-2,5.413168110E-4,1.364923199E-3,9.996109605E-1,1.768079055E2,1.580758197E-1,-5.764981433E-2,1.768078225E2
4.578320619E1,2.784604647E-2,5.372738233E-4,1.370848389E-3,9.996111393E-1,1.768086656E2,1.587412498E-1,-5.716884340E-2,1.768085829E2
4.578820619E1,2.784195509E-2,5.327769322E-4,1.368777477E-3,9.996112585E-1,1.768091346E2,1.584894502E-1,-5.666099490E-2,1.768090528E2
4.579320619E1,2.784203829E-2,5.339133204E-4,1.366640790E-3,9.996112585E-1,1.768091251E2,1.582483292E-1,-5.679796881E-2,1.768090432E2
4.579820619E1,2.784234249E-2,5.341115757E-4,1.360351336E-3,9.996112585E-1,1.768090902E2,1.575285391E-1,-5.684069723E-2,1.768090087E2
4.580320619E1,2.783831887E-2,5.305343657E-4,1.356494147E-3,9.996113777E-1,1.768095515E2,1.570750675E-1,-5.644387736E-2,1.768094707E2
4.580820619E1,2.784874948E-2,5.386723205E-4,1.358800801E-3,9.996110797E-1,1.768083557E2,1.573658494E-1,-5.736705552E-2,1.768082735E2
4.581320619E1,2.784887960E-2,5.398468347E-4,1.355664339E-3,9.996110797E-1,1.768083408E2,1.570103322E-1,-5.751158162E-2,1.768082586E2
4.581820619E1,2.784870455E-2,5.392182502E-4,1.359505113E-3,9.996110797E-1,1.768083609E2,1.574482662E-1,-5.742734952E-2,1.768082786E2
4.582320619E1,2.784871368E-2,5.387201672E-4,1.359515358E-3,9.996110797E-1,1.768083598E2,1.574478506E-1,-5.737026148E-2,1.768082776E2
4.582820619E1,2.785512679E-2,5.446650903E-4,1.357238158E-3,9.996109009E-1,1.768076247E2,1.572063491E-1,-5.805749336E-2,1.768075416E2
4.583320619E1,2.785942389E-2,5.479417741E-4,1.355518354E-3,9.996107817E-1,1.768071321E2,1.570200614E-1,-5.843764236E-2,1.768070486E2
4.583820619E1,2.784921197E-2,5.398640642E-4,1.348812249E-3,9.996110797E-1,1.768083027E2,1.562255182E-1,-5.753537055E-2,1.768082209E2
4.584320619E1,2.784936315E-2,5.399154616E-4,1.345666707E-3,9.996110797E-1,1.768082854E2,1.558653778E-1,-5.755127298E-2,1.768082038E2
4.584820619E1,2.785761176E-2,5.461474648E-4,1.349517377E-3,9.996108413E-1,1.768073398E2,1.563268318E-1,-5.825155140E-2,1.768072570E2
4.585320619E1,2.785979521E-2,5.480664549E-4,1.347814570E-3,9.996107817E-1,1.768070895E2,1.561380341E-1,-5.847646082E-2,1.768070064E2
4.585820619E1,2.784717574E-2,5.375575856E-4,1.347600599E-3,9.996111393E-1,1.768085361E2,1.560792491E-1,-5.727535507E-2,1.768084548E2
4.586320619E1,2.784693422E-2,5.378260394E-4,1.352475607E-3,9.996111393E-1,1.768085638E2,1.566385108E-1,-5.729058668E-2,1.768084821E2
4.586820619E1,2.784903746E-2,5.388344871E-4,1.352821128E-3,9.996110797E-1,1.768083227E2,1.566814283E-1,-5.740466911E-2,1.768082409E2
4.587320619E1,2.784910937E-2,5.393972388E-4,1.351115527E-3,9.996110797E-1,1.768083145E2,1.564878565E-1,-5.747456254E-2,1.768082326E2
4.587820619E1,2.784704141E-2,5.381725496E-4,1.350128558E-3,9.996111393E-1,1.768085515E2,1.563707747E-1,-5.733775132E-2,1.768084699E2
4.588320619E1,2.784678112E-2,5.370368599E-4,1.355936867E-3,9.996111393E-1,1.768085814E2,1.570324615E-1,-5.718916732E-2,1.768084996E2
4.588820619E1,2.783834906E-2,5.317101022E-4,1.355413813E-3,9.996113777E-1,1.768095480E2,1.569550708E-1,-5.658199617E-2,1.768094671E2
4.589320619E1,2.783621595E-2,5.287644453E-4,1.356417197E-3,9.996114373E-1,1.768097925E2,1.570604882E-1,-5.624171410E-2,1.768097121E2
4.589820619E1,2.784238921E-2,5.334804882E-4,1.359642716E-3,9.996112585E-1,1.768090849E2,1.574453577E-1,-5.677066159E-2,1.768090035E2
4.590320619E1,2.785303027E-2,5.421874230E-4,1.357357251E-3,9.996109605E-1,1.768078650E2,1.572119604E-1,-5.777363359E-2,1.768077823E2
4.590820619E1,2.785104287E-2,5.416742642E-4,1.354443841E-3,9.996110201E-1,1.768080928E2,1.568764846E-1,-5.772446374E-2,1.768080104E2
4.591320619E1,2.784050938E-2,5.326993996E-4,1.354611595E-3,9.996113181E-1,1.768093004E2,1.568664576E-1,-5.669753743E-2,1.768092194E2
4.591820619E1,2.783834507E-2,5.301301717E-4,1.356114401E-3,9.996113777E-1,1.768095485E2,1.570302805E-1,-5.639878545E-2,1.768094678E2
4.592320619E1,2.784478506E-2,5.360073410E-4,1.353392261E-3,9.996111989E-1,1.768088102E2,1.567375844E-1,-5.707967204E-2,1.768087288E2
4.592820619E1,2.785318863E-2,5.428541917E-4,1.353836618E-3,9.996109605E-1,1.768078469E2,1.568108192E-1,-5.786122229E-2,1.768077643E2
4.593320619E1,2.785532493E-2,5.437314394E-4,1.353541040E-3,9.996109009E-1,1.768076020E2,1.567798855E-1,-5.796231676E-2,1.768075193E2
4.593820619E1,2.784894127E-2,5.393082392E-4,1.354611362E-3,9.996110797E-1,1.768083338E2,1.568880012E-1,-5.745323783E-2,1.768082517E2
4.594320619E1,2.785101639E-2,5.415604101E-4,1.355033717E-3,9.996110201E-1,1.768080959E2,1.569436884E-1,-5.770954360E-2,1.768080134E2
4.594820619E1,2.784892019E-2,5.386624835E-4,1.355301589E-3,9.996110797E-1,1.768083362E2,1.569650026E-1,-5.737706900E-2,1.768082542E2
4.595320619E1,2.786137855E-2,5.491485354E-4,1.358806039E-3,9.996107221E-1,1.768069080E2,1.574006240E-1,-5.856506936E-2,1.768068241E2
4.595820619E1,2.786556070E-2,5.515380763E-4,1.359776128E-3,9.996106029E-1,1.768064286E2,1.575196207E-1,-5.883502775E-2,1.768063443E2
4.596320619E1,2.786132937E-2,5.493815988E-4,1.359719899E-3,9.996107221E-1,1.768069136E2,1.575060454E-1,-5.858885608E-2,1.768068297E2
4.596820619E1,2.785704334E-2,5.460032262E-4,1.361258095E-3,9.996108413E-1,1.768074050E2,1.576712050E-1,-5.819763867E-2,1.768073215E2
4.597320619E1,2.785266852E-2,5.416591302E-4,1.364969881E-3,9.996109605E-1,1.768079065E2,1.580822592E-1,-5.768887839E-2,1.768078235E2
4.597820619E1,2.786121947E-2,5.481629632E-4,1.362460898E-3,9.996107221E-1,1.768069262E2,1.578161218E-1,-5.844053106E-2,1.768068423E2
4.598320619E1,2.786774644E-2,5.543546285E-4,1.357652596E-3,9.996105433E-1,1.768061780E2,1.572854999E-1,-5.916409231E-2,1.768060934E2
4.598820619E1,2.786158017E-2,5.491109332E-4,1.354680979E-3,9.996107221E-1,1.768068849E2,1.569280015E-1,-5.857390085E-2,1.768068013E2
4.599320619E1,2.784681657E-2,5.383645184E-4,1.354681910E-3,9.996111393E-1,1.768085773E2,1.568929485E-1,-5.734524577E-2,1.768084954E2
4.599820619E1,2.785085345E-2,5.415740306E-4,1.358373207E-3,9.996110201E-1,1.768081146E2,1.573262519E-1,-5.770047120E-2,1.768080319E2
4.600320619E1,2.786363128E-2,5.514273071E-4,1.355535118E-3,9.996106625E-1,1.768066498E2,1.570333576E-1,-5.883618517E-2,1.768065657E2
4.600820619E1,2.786996047E-2,5.552900839E-4,1.355706714E-3,9.996104836E-1,1.768059242E2,1.570657233E-1,-5.927711215E-2,1.768058395E2
4.601320619E1,2.786357192E-2,5.509618786E-4,1.356943743E-3,9.996106625E-1,1.768066566E2,1.571932220E-1,-5.877838331E-2,1.768065725E2
4.601820619E1,2.785950276E-2,5.470449687E-4,1.354258973E-3,9.996107817E-1,1.768071230E2,1.568729442E-1,-5.833892425E-2,1.768070398E2
4.602320619E1,2.785323011E-2,5.423246766E-4,1.353195403E-3,9.996109605E-1,1.768078421E2,1.567356819E-1,-5.780260807E-2,1.768077596E2
4.602820619E1,2.784685341E-2,5.374329048E-4,1.354294480E-3,9.996111393E-1,1.768085731E2,1.568455985E-1,-5.723976275E-2,1.768084914E2
4.603320619E1,2.785736357E-2,5.463634152E-4,1.354543841E-3,9.996108413E-1,1.768073683E2,1.569032744E-1,-5.826028068E-2,1.768072851E2
4.603820619E1,2.786163069E-2,5.495122750E-4,1.353478641E-3,9.996107221E-1,1.768068791E2,1.567915615E-1,-5.862370423E-2,1.768067955E2
4.604320619E1,2.785101078E-2,5.414778716E-4,1.355182147E-3,9.996110201E-1,1.768080965E2,1.569604268E-1,-5.769961622E-2,1.768080141E2
4.604820619E1,2.784901598E-2,5.387523561E-4,1.353295986E-3,9.996110797E-1,1.768083252E2,1.567355586E-1,-5.739374917E-2,1.768082433E2
4.605320619E1,2.785319978E-2,5.435799831E-4,1.353316009E-3,9.996109605E-1,1.768078456E2,1.567535022E-1,-5.794601946E-2,1.768077629E2
4.605820619E1,2.786151273E-2,5.498786923E-4,1.355756074E-3,9.996107221E-1,1.768068926E2,1.570535982E-1,-5.865842337E-2,1.768068088E2
4.606320619E1,2.784895362E-2,5.400925293E-4,1.354045002E-3,9.996110797E-1,1.768083323E2,1.568256299E-1,-5.754488143E-2,1.768082502E2
4.606820619E1,2.784462579E-2,5.366253899E-4,1.356420806E-3,9.996111989E-1,1.768088285E2,1.570864590E-1,-5.714082907E-2,1.768087467E2
4.607320619E1,2.784255868E-2,5.347452825E-4,1.355669694E-3,9.996112585E-1,1.768090654E2,1.569943041E-1,-5.692818968E-2,1.768089840E2
4.607820619E1,2.784035946E-2,5.328062689E-4,1.357647241E-3,9.996113181E-1,1.768093175E2,1.572145150E-1,-5.670011773E-2,1.768092364E2
4.608320619E1,2.784891909E-2,5.396404304E-4,1.354934997E-3,9.996110797E-1,1.768083363E2,1.569261316E-1,-5.749025999E-2,1.768082542E2
4.608820619E1,2.785509753E-2,5.446671857E-4,1.357837697E-3,9.996109009E-1,1.768076280E2,1.572750296E-1,-5.805582424E-2,1.768075449E2
4.609320619E1,2.785921419E-2,5.471576005E-4,1.360137132E-3,9.996107817E-1,1.768071561E2,1.575466137E-1,-5.833310505E-2,1.768070725E2
4.609820619E1,2.784875171E-2,5.392773310E-4,1.358515234E-3,9.996110797E-1,1.768083555E2,1.573350695E-1,-5.743726864E-2,1.768082732E2
4.610320619E1,2.784434139E-2,5.361599033E-4,1.362429583E-3,9.996111989E-1,1.768088611E2,1.577732464E-1,-5.706838077E-2,1.768087791E2
4.610820619E1,2.785283435E-2,5.422906834E-4,1.361330505E-3,9.996109605E-1,1.768078875E2,1.576674041E-1,-5.777281079E-2,1.768078045E2
4.611320619E1,2.786110025E-2,5.494783400E-4,1.364367665E-3,9.996107221E-1,1.768069399E2,1.580387295E-1,-5.858513451E-2,1.768068556E2
4.611820619E1,2.785726138E-2,5.466755247E-4,1.356518129E-3,9.996108413E-1,1.768073800E2,1.571304140E-1,-5.828974541E-2,1.768072966E2
4.612320619E1,2.785308671E-2,5.427076831E-4,1.355990418E-3,9.996109605E-1,1.768078585E2,1.570570575E-1,-5.783758162E-2,1.768077759E2
4.612820619E1,2.785945081E-2,5.472925841E-4,1.355227316E-3,9.996107817E-1,1.768071290E2,1.569846527E-1,-5.836420452E-2,1.768070456E2
4.613320619E1,2.786153092E-2,5.484915455E-4,1.355944085E-3,9.996107221E-1,1.768068905E2,1.570707063E-1,-5.849892677E-2,1.768068069E2
4.613820619E1,2.785752704E-2,5.462520639E-4,1.351222629E-3,9.996108413E-1,1.768073495E2,1.565224927E-1,-5.825810245E-2,1.768072665E2
4.614320619E1,2.785303516E-2,5.433306214E-4,1.356799621E-3,9.996109605E-1,1.768078644E2,1.571517349E-1,-5.790636262E-2,1.768077816E2
4.614820619E1,2.786143332E-2,5.498756072E-4,1.357388217E-3,9.996107221E-1,1.768069017E2,1.572405411E-1,-5.865287141E-2,1.768068178E2
4.615320619E1,2.785511408E-2,5.440842942E-4,1.357731991E-3,9.996109009E-1,1.768076261E2,1.572610616E-1,-5.798939058E-2,1.768075431E2
4.615820619E1,2.784447032E-2,5.365377874E-4,1.359643065E-3,9.996111989E-1,1.768088463E2,1.574552717E-1,-5.712053722E-2,1.768087644E2
4.616320619E1,2.784419225E-2,5.344908568E-4,1.366128447E-3,9.996111989E-1,1.768088782E2,1.581916068E-1,-5.686541768E-2,1.768087962E2
4.616820619E1,2.784639767E-2,5.367299309E-4,1.363909803E-3,9.996111393E-1,1.768086253E2,1.579447381E-1,-5.712862773E-2,1.768085432E2
4.617320619E1,2.784861310E-2,5.387412384E-4,1.361565781E-3,9.996110797E-1,1.768083714E2,1.576827824E-1,-5.736614744E-2,1.768082890E2
4.617820619E1,2.784006981E-2,5.318598123E-4,1.363943331E-3,9.996113181E-1,1.768093507E2,1.579326790E-1,-5.657166293E-2,1.768092694E2
4.618320619E1,2.784003652E-2,5.317918258E-4,1.364649273E-3,9.996113181E-1,1.768093546E2,1.580133240E-1,-5.656162835E-2,1.768092731E2
4.618820619E1,2.782730432E-2,5.217322032E-4,1.366255921E-3,9.996116757E-1,1.768108141E2,1.581645605E-1,-5.540621718E-2,1.768107342E2
4.619320619E1,2.782498409E-2,5.205556517E-4,1.370344777E-3,9.996117353E-1,1.768110801E2,1.586290476E-1,-5.525877607E-2,1.768110002E2
4.619820619E1,2.782888194E-2,5.233373959E-4,1.377075445E-3,9.996116161E-1,1.768106333E2,1.594091147E-1,-5.555533381E-2,1.768105525E2
4.620320619E1,2.783745275E-2,5.295890733E-4,1.374518266E-3,9.996113777E-1,1.768096508E2,1.591366170E-1,-5.627823567E-2,1.768095691E2
4.620820619E1,2.783540557E-2,5.279475008E-4,1.373260980E-3,9.996114373E-1,1.768098854E2,1.589872466E-1,-5.609453476E-2,1.768098042E2
4.621320619E1,2.782283926E-2,5.190262455E-4,1.370994840E-3,9.996117949E-1,1.768113260E2,1.586985156E-1,-5.508185476E-2,1.768112463E2
4.621820619E1,2.781629484E-2,5.130085628E-4,1.375672291E-3,9.996119738E-1,1.768120762E2,1.592147618E-1,-5.437867574E-2,1.768119972E2
4.622320619E1,2.782261892E-2,5.174564430E-4,1.376050408E-3,9.996117949E-1,1.768113512E2,1.592726000E-1,-5.488595466E-2,1.768112715E2
4.622820619E1,2.782512295E-2,5.207491922E-4,1.367448713E-3,9.996117353E-1,1.768110642E2,1.582979361E-1,-5.529015794E-2,1.768109844E2
4.623320619E1,2.781873039E-2,5.150537472E-4,1.368953264E-3,9.996119142E-1,1.768117970E2,1.584517676E-1,-5.463397718E-2,1.768117181E2
4.623820619E1,2.781218724E-2,5.100076669E-4,1.373214298E-3,9.996120930E-1,1.768125471E2,1.589234170E-1,-5.404341989E-2,1.768124687E2
4.624320619E1,2.781241153E-2,5.105490563E-4,1.368462341E-3,9.996120930E-1,1.768125214E2,1.583808305E-1,-5.412054404E-2,1.768124432E2
4.624820619E1,2.781690790E-2,5.134698586E-4,1.363045885E-3,9.996119738E-1,1.768120059E2,1.577699442E-1,-5.447166694E-2,1.768119276E2
4.625320619E1,2.781928931E-2,5.159041029E-4,1.357224770E-3,9.996119142E-1,1.768117329E2,1.571110412E-1,-5.476868408E-2,1.768116545E2
4.625820619E1,2.782364287E-2,5.198905710E-4,1.354256528E-3,9.996117949E-1,1.768112339E2,1.567839868E-1,-5.523410222E-2,1.768111549E2
4.626320619E1,2.781731484E-2,5.139679997E-4,1.354526612E-3,9.996119738E-1,1.768119593E2,1.567956941E-1,-5.455582032E-2,1.768118813E2
4.626820619E1,2.781107771E-2,5.088080652E-4,1.352587366E-3,9.996121526E-1,1.768126743E2,1.565567727E-1,-5.397192330E-2,1.768125972E2
4.627320619E1,2.781290175E-2,5.116067478E-4,1.358064474E-3,9.996120930E-1,1.768124652E2,1.571931799E-1,-5.427476202E-2,1.768123874E2
4.627820619E1,2.782129252E-2,5.169425858E-4,1.359665184E-3,9.996118546E-1,1.768115033E2,1.573940050E-1,-5.487954399E-2,1.768114245E2
4.628320619E1,2.781705206E-2,5.136218970E-4,1.360043418E-3,9.996119738E-1,1.768119894E2,1.574265120E-1,-5.449863065E-2,1.768119112E2
4.628820619E1,2.780466075E-2,5.046068691E-4,1.353936736E-3,9.996123314E-1,1.768134099E2,1.566976063E-1,-5.348739379E-2,1.768133334E2
4.629320619E1,2.780433358E-2,5.044509890E-4,1.360696857E-3,9.996123314E-1,1.768134474E2,1.574714464E-1,-5.344805021E-2,1.768133706E2
4.629820619E1,2.781921858E-2,5.149929202E-4,1.359019312E-3,9.996119142E-1,1.768117410E2,1.573136925E-1,-5.465860098E-2,1.768116626E2
4.630320619E1,2.782564757E-2,5.204190384E-4,1.356858178E-3,9.996117353E-1,1.768110041E2,1.570837948E-1,-5.528602639E-2,1.768109249E2
4.630820619E1,2.782350310E-2,5.188179784E-4,1.357535599E-3,9.996117949E-1,1.768112499E2,1.571561678E-1,-5.510080672E-2,1.768111709E2
4.631320619E1,2.781500302E-2,5.127181648E-4,1.358482405E-3,9.996120334E-1,1.768122243E2,1.572447096E-1,-5.440040908E-2,1.768121463E2
4.631820619E1,2.780882837E-2,5.068991450E-4,1.355498563E-3,9.996122122E-1,1.768129321E2,1.568840378E-1,-5.374433701E-2,1.768128552E2
4.632320619E1,2.780676759E-2,5.058072275E-4,1.354226959E-3,9.996122718E-1,1.768131684E2,1.567347885E-1,-5.362363636E-2,1.768130917E2
4.632820619E1,2.780911304E-2,5.078602117E-4,1.349284314E-3,9.996122122E-1,1.768128995E2,1.561752899E-1,-5.387418315E-2,1.768128228E2
4.633320619E1,2.781942338E-2,5.155645777E-4,1.354603097E-3,9.996119142E-1,1.768117176E2,1.568096604E-1,-5.473812914E-2,1.768116393E2
4.633820619E1,2.782561318E-2,5.203653709E-4,1.357583795E-3,9.996117353E-1,1.768110080E2,1.571667392E-1,-5.527757060E-2,1.768109288E2
4.634320619E1,2.781069517E-2,5.097935791E-4,1.360061113E-3,9.996121526E-1,1.768127181E2,1.574159911E-1,-5.406105254E-2,1.768126405E2
4.634820619E1,2.780211017E-2,5.012637121E-4,1.363515272E-3,9.996123910E-1,1.768137023E2,1.577840146E-1,-5.307432757E-2,1.768136258E2
4.635320619E1,2.781258699E-2,5.107281031E-4,1.364824595E-3,9.996120930E-1,1.768125013E2,1.579647164E-1,-5.415261964E-2,1.768124232E2
4.635820619E1,2.782755348E-2,5.229483941E-4,1.360704890E-3,9.996116757E-1,1.768107856E2,1.575325969E-1,-5.556319048E-2,1.768107058E2
4.636320619E1,2.782135542E-2,5.181032466E-4,1.357935253E-3,9.996118546E-1,1.768114961E2,1.571995499E-1,-5.501799974E-2,1.768114172E2
4.636820619E1,2.781308504E-2,5.107694888E-4,1.354621607E-3,9.996120930E-1,1.768124442E2,1.567961499E-1,-5.418980077E-2,1.768123667E2
4.637320619E1,2.781102742E-2,5.102380528E-4,1.353082596E-3,9.996121526E-1,1.768126800E2,1.566180549E-1,-5.413415387E-2,1.768126027E2
4.637820619E1,2.781944467E-2,5.158549757E-4,1.354055246E-3,9.996119142E-1,1.768117151E2,1.567478326E-1,-5.477313658E-2,1.768116369E2
4.638320619E1,2.783209521E-2,5.260913749E-4,1.354162465E-3,9.996115565E-1,1.768102649E2,1.567934569E-1,-5.594336043E-2,1.768101850E2
4.638820619E1,2.783630452E-2,5.289445398E-4,1.354527893E-3,9.996114373E-1,1.768097824E2,1.568446530E-1,-5.626835615E-2,1.768097020E2
4.639320619E1,2.782579821E-2,5.210228264E-4,1.353533124E-3,9.996117353E-1,1.768109868E2,1.567048524E-1,-5.536576743E-2,1.768109077E2
4.639820619E1,2.781108999E-2,5.087392055E-4,1.352360705E-3,9.996121526E-1,1.768126729E2,1.565305905E-1,-5.396475607E-2,1.768125958E2
4.640320619E1,2.780894980E-2,5.084469449E-4,1.352424151E-3,9.996122122E-1,1.768129182E2,1.565368112E-1,-5.393141139E-2,1.768128412E2
4.640820619E1,2.782166415E-2,5.173175014E-4,1.351896091E-3,9.996118546E-1,1.768114607E2,1.565052918E-1,-5.494720046E-2,1.768113823E2
4.641320619E1,2.783427464E-2,5.275684525E-4,1.352790161E-3,9.996114969E-1,1.768100151E2,1.566410968E-1,-5.611659066E-2,1.768099350E2
4.641820619E1,2.782999589E-2,5.239331513E-4,1.354146050E-3,9.996116161E-1,1.768105056E2,1.567845759E-1,-5.569652386E-2,1.768104260E2
4.642320619E1,2.781296877E-2,5.104021402E-4,1.357144909E-3,9.996120930E-1,1.768124575E2,1.570840103E-1,-5.413969799E-2,1.768123799E2
4.642820619E1,2.781047018E-2,5.084833247E-4,1.365142758E-3,9.996121526E-1,1.768127439E2,1.579938922E-1,-5.389480725E-2,1.768126662E2
4.643320619E1,2.782766956E-2,5.220013554E-4,1.358693116E-3,9.996116757E-1,1.768107723E2,1.572991400E-1,-5.546110702E-2,1.768106927E2
4.643820619E1,2.783635129E-2,5.291285925E-4,1.353494590E-3,9.996114373E-1,1.768097770E2,1.567268808E-1,-5.629272763E-2,1.768096967E2
4.644320619E1,2.782577779E-2,5.203481996E-4,1.354212174E-3,9.996117353E-1,1.768109891E2,1.567804834E-1,-5.528632882E-2,1.768109101E2
4.644820619E1,2.781098192E-2,5.092691863E-4,1.354382141E-3,9.996121526E-1,1.768126853E2,1.567638239E-1,-5.401903849E-2,1.768126080E2
4.645320619E1,2.780459634E-2,5.036026705E-4,1.355632325E-3,9.996123314E-1,1.768134173E2,1.568886284E-1,-5.336697323E-2,1.768133409E2
4.645820619E1,2.781091449E-2,5.085084704E-4,1.356051536E-3,9.996121526E-1,1.768126930E2,1.569526207E-1,-5.392659090E-2,1.768126158E2
4.646320619E1,2.782368758E-2,5.201086751E-4,1.353253843E-3,9.996117949E-1,1.768112287E2,1.566698298E-1,-5.526227540E-2,1.768111498E2
4.646820619E1,2.783618083E-2,5.298251053E-4,1.356723951E-3,9.996114373E-1,1.768097966E2,1.570990076E-1,-5.636223659E-2,1.768097159E2
4.647320619E1,2.782776801E-2,5.228273803E-4,1.356357126E-3,9.996116757E-1,1.768107610E2,1.570341983E-1,-5.556315953E-2,1.768106815E2
4.647820619E1,2.781715272E-2,5.142080481E-4,1.357761212E-3,9.996119738E-1,1.768119779E2,1.571669654E-1,-5.457303169E-2,1.768118997E2
4.648320619E1,2.782350843E-2,5.196387647E-4,1.357112429E-3,9.996117949E-1,1.768112493E2,1.571103123E-1,-5.519617380E-2,1.768111702E2
4.648820619E1,2.784249648E-2,5.342502263E-4,1.357141417E-3,9.996112585E-1,1.768090726E2,1.571613027E-1,-5.686679655E-2,1.768089912E2
4.649320619E1,2.784890274E-2,5.400055670E-4,1.355125569E-3,9.996110797E-1,1.768083382E2,1.569491255E-1,-5.753147969E-2,1.768082560E2
4.649820619E1,2.783185316E-2,5.255815922E-4,1.359325368E-3,9.996115565E-1,1.768102927E2,1.573832141E-1,-5.586853783E-2,1.768102125E2
4.650320619E1,2.781692843E-2,5.144451279E-4,1.362259034E-3,9.996119738E-1,1.768120036E2,1.576829226E-1,-5.458588621E-2,1.768119251E2
4.650820619E1,2.781498265E-2,5.128580960E-4,1.358846668E-3,9.996120334E-1,1.768122266E2,1.572868800E-1,-5.441527993E-2,1.768121486E2
4.651320619E1,2.782559718E-2,5.202882458E-4,1.357941190E-3,9.996117353E-1,1.768110098E2,1.572074310E-1,-5.526759904E-2,1.768109306E2
4.651820619E1,2.784006068E-2,5.326520768E-4,1.363820513E-3,9.996113181E-1,1.768093518E2,1.579211377E-1,-5.666280775E-2,1.768092703E2
4.652320619E1,2.783587290E-2,5.282666534E-4,1.363631804E-3,9.996114373E-1,1.768098319E2,1.578852947E-1,-5.616173396E-2,1.768097511E2
4.652820619E1,2.782121694E-2,5.179830478E-4,1.360815368E-3,9.996118546E-1,1.768115120E2,1.575290686E-1,-5.499507083E-2,1.768114330E2
4.653320619E1,2.781060346E-2,5.094578373E-4,1.362060779E-3,9.996121526E-1,1.768127286E2,1.576439726E-1,-5.401623591E-2,1.768126510E2
4.653820619E1,2.781903784E-2,5.162002053E-4,1.362257288E-3,9.996119142E-1,1.768117618E2,1.576884330E-1,-5.478659807E-2,1.768116830E2
4.654320619E1,2.784468924E-2,5.351448781E-4,1.355702989E-3,9.996111989E-1,1.768088212E2,1.569995143E-1,-5.697352131E-2,1.768087397E2
4.654820619E1,2.784709387E-2,5.388806458E-4,1.348763471E-3,9.996111393E-1,1.768085455E2,1.562166706E-1,-5.742320958E-2,1.768084639E2
4.655320619E1,2.783018387E-2,5.239740130E-4,1.350261387E-3,9.996116161E-1,1.768104840E2,1.563397390E-1,-5.571356389E-2,1.768104047E2
4.655820619E1,2.781548699E-2,5.138659035E-4,1.348099671E-3,9.996120334E-1,1.768121688E2,1.560590798E-1,-5.456489808E-2,1.768120912E2
4.656320619E1,2.783245482E-2,5.265338696E-4,1.346578123E-3,9.996115565E-1,1.768102237E2,1.559261225E-1,-5.601818035E-2,1.768101441E2
4.656820619E1,2.784506961E-2,5.363142118E-4,1.347403042E-3,9.996111989E-1,1.768087776E2,1.560525312E-1,-5.713388953E-2,1.768086964E2
4.657320619E1,2.785351361E-2,5.428529694E-4,1.347134588E-3,9.996109605E-1,1.768078096E2,1.560431350E-1,-5.788242326E-2,1.768077274E2
4.657820619E1,2.783862035E-2,5.310520646E-4,1.350089442E-3,9.996113777E-1,1.768095169E2,1.563430945E-1,-5.652356287E-2,1.768094364E2
4.658320619E1,2.782378927E-2,5.198855652E-4,1.351247425E-3,9.996117949E-1,1.768112171E2,1.564392942E-1,-5.524310023E-2,1.768111383E2
4.658820619E1,2.782368941E-2,5.200535525E-4,1.353237429E-3,9.996117949E-1,1.768112285E2,1.566677739E-1,-5.525601331E-2,1.768111496E2
4.659320619E1,2.784465980E-2,5.357812624E-4,1.356056193E-3,9.996111989E-1,1.768088246E2,1.570420019E-1,-5.704529485E-2,1.768087430E2
4.659820619E1,2.785519366E-2,5.445157876E-4,1.355925109E-3,9.996109009E-1,1.768076170E2,1.570554703E-1,-5.804457200E-2,1.768075340E2
4.660320619E1,2.785110239E-2,5.412271712E-4,1.353398431E-3,9.996110201E-1,1.768080860E2,1.567553122E-1,-5.767657774E-2,1.768080037E2
4.660820619E1,2.783208087E-2,5.261221086E-4,1.354445238E-3,9.996115565E-1,1.768102666E2,1.568259450E-1,-5.594598125E-2,1.768101866E2
4.661320619E1,2.782992823E-2,5.240035243E-4,1.355508575E-3,9.996116161E-1,1.768105133E2,1.569408702E-1,-5.570025019E-2,1.768104337E2
4.661820619E1,2.784276247E-2,5.346481921E-4,1.351516112E-3,9.996112585E-1,1.768090421E2,1.565182243E-1,-5.693028880E-2,1.768089609E2
4.662320619E1,2.785579750E-2,5.443636910E-4,1.343524433E-3,9.996109009E-1,1.768075478E2,1.556345566E-1,-5.806663943E-2,1.768074656E2
4.662820619E1,2.784944925E-2,5.398137146E-4,1.343924552E-3,9.996110797E-1,1.768082755E2,1.556654989E-1,-5.754516465E-2,1.768081940E2
4.663320619E1,2.783240599E-2,5.268357345E-4,1.347468933E-3,9.996115565E-1,1.768102293E2,1.560291225E-1,-5.604992452E-2,1.768101496E2
4.663820619E1,2.783017319E-2,5.249902024E-4,1.350086764E-3,9.996116161E-1,1.768104853E2,1.563229768E-1,-5.583052398E-2,1.768104057E2
4.664320619E1,2.784276639E-2,5.344819510E-4,1.351501094E-3,9.996112585E-1,1.768090416E2,1.565159739E-1,-5.691129368E-2,1.768089605E2
4.664820619E1,2.785543616E-2,5.443998380E-4,1.350980834E-3,9.996109009E-1,1.768075892E2,1.564887612E-1,-5.804703475E-2,1.768075065E2
4.665320619E1,2.785763301E-2,5.466202274E-4,1.348887105E-3,9.996108413E-1,1.768073374E2,1.562561464E-1,-5.830771365E-2,1.768072545E2
4.665820619E1,2.783886320E-2,5.323423538E-4,1.344562392E-3,9.996113777E-1,1.768094891E2,1.557141161E-1,-5.668895601E-2,1.768094087E2
4.666320619E1,2.782616835E-2,5.208340008E-4,1.345975325E-3,9.996117353E-1,1.768109444E2,1.558385450E-1,-5.536817973E-2,1.768108657E2
4.666820619E1,2.783042415E-2,5.245926441E-4,1.345058787E-3,9.996116161E-1,1.768104565E2,1.557457815E-1,-5.580098089E-2,1.768103773E2
4.667320619E1,2.784309337E-2,5.342767690E-4,1.344829565E-3,9.996112585E-1,1.768090041E2,1.557511323E-1,-5.690902613E-2,1.768089234E2
4.667820619E1,2.783896315E-2,5.321006756E-4,1.342587173E-3,9.996113777E-1,1.768094776E2,1.554870948E-1,-5.666755825E-2,1.768093974E2
4.668320619E1,2.782825725E-2,5.238641170E-4,1.345879049E-3,9.996116757E-1,1.768107049E2,1.558372960E-1,-5.571525207E-2,1.768106258E2
4.668820619E1,2.781557319E-2,5.123584415E-4,1.346894307E-3,9.996120334E-1,1.768121589E2,1.559162080E-1,-5.439605130E-2,1.768120816E2
4.669320619E1,2.782406959E-2,5.194367259E-4,1.345636207E-3,9.996117949E-1,1.768111849E2,1.557951283E-1,-5.520953442E-2,1.768111066E2
4.669820619E1,2.783035213E-2,5.255531869E-4,1.346173347E-3,9.996116161E-1,1.768104647E2,1.558765109E-1,-5.590746492E-2,1.768103854E2
4.670320619E1,2.784077233E-2,5.324108060E-4,1.349310274E-3,9.996113181E-1,1.768092702E2,1.562582998E-1,-5.668135197E-2,1.768091896E2
4.670820619E1,2.783402680E-2,5.278573954E-4,1.357767847E-3,9.996114969E-1,1.768100435E2,1.572121851E-1,-5.613385008E-2,1.768099631E2
4.671320619E1,2.782566285E-2,5.206775386E-4,1.356445602E-3,9.996117353E-1,1.768110023E2,1.570373605E-1,-5.531695001E-2,1.768109231E2
4.671820619E1,2.782164127E-2,5.181320012E-4,1.352054998E-3,9.996118546E-1,1.768114633E2,1.565260898E-1,-5.503999601E-2,1.768113848E2
4.672320619E1,2.783234214E-2,5.260570906E-4,1.349091064E-3,9.996115565E-1,1.768102366E2,1.562124461E-1,-5.595556943E-2,1.768101570E2
4.672820619E1,2.784717732E-2,5.383625976E-4,1.347246580E-3,9.996111393E-1,1.768085360E2,1.560412663E-1,-5.736869627E-2,1.768084545E2
4.673320619E1,2.784090812E-2,5.333567387E-4,1.346131205E-3,9.996113181E-1,1.768092546E2,1.558971718E-1,-5.679982709E-2,1.768091740E2
4.673820619E1,2.782413789E-2,5.198587896E-4,1.344059943E-3,9.996117949E-1,1.768111771E2,1.556159211E-1,-5.526289585E-2,1.768110988E2
4.674320619E1,2.781554517E-2,5.136592081E-4,1.346977660E-3,9.996120334E-1,1.768121621E2,1.559299008E-1,-5.454478905E-2,1.768120846E2
4.674820619E1,2.783241848E-2,5.256817676E-4,1.347661717E-3,9.996115565E-1,1.768102279E2,1.560475253E-1,-5.591712418E-2,1.768101484E2
4.675320619E1,2.784514360E-2,5.357871996E-4,1.346082892E-3,9.996111989E-1,1.768087691E2,1.558996341E-1,-5.707772277E-2,1.768086881E2
4.675820619E1,2.783675172E-2,5.292793503E-4,1.345174620E-3,9.996114373E-1,1.768097311E2,1.557743541E-1,-5.633647392E-2,1.768096512E2
4.676320619E1,2.781988249E-2,5.172150559E-4,1.344507560E-3,9.996119142E-1,1.768116649E2,1.556585306E-1,-5.495929925E-2,1.768115870E2
4.676820619E1,2.782205672E-2,5.176553968E-4,1.343662618E-3,9.996118546E-1,1.768114157E2,1.555632682E-1,-5.501209435E-2,1.768113377E2
4.677320619E1,2.782600011E-2,5.218699807E-4,1.349048689E-3,9.996117353E-1,1.768109636E2,1.561938850E-1,-5.547707439E-2,1.768108847E2
4.677820619E1,2.783858493E-2,5.318609183E-4,1.350501203E-3,9.996113777E-1,1.768095210E2,1.563928391E-1,-5.661490663E-2,1.768094403E2
4.678320619E1,2.784678707E-2,5.383334938E-4,1.355300541E-3,9.996111393E-1,1.768085807E2,1.569637103E-1,-5.733972251E-2,1.768084988E2
4.678820619E1,2.783840635E-2,5.307429237E-4,1.354615903E-3,9.996113777E-1,1.768095414E2,1.568605900E-1,-5.647374517E-2,1.768094608E2
4.679320619E1,2.782131957E-2,5.171102239E-4,1.359047950E-3,9.996118546E-1,1.768115002E2,1.573238384E-1,-5.490071003E-2,1.768114215E2
4.679820619E1,2.782763050E-2,5.220117746E-4,1.359488931E-3,9.996116757E-1,1.768107767E2,1.573903295E-1,-5.545976888E-2,1.768106972E2
4.680320619E1,2.785069169E-2,5.400335649E-4,1.362297451E-3,9.996110201E-1,1.768081331E2,1.577708372E-1,-5.751151653E-2,1.768080505E2
4.680820619E1,2.785726307E-2,5.466724979E-4,1.356484485E-3,9.996108413E-1,1.768073798E2,1.571265506E-1,-5.828950584E-2,1.768072964E2
4.681320619E1,2.784901671E-2,5.387268611E-4,1.353291096E-3,9.996110797E-1,1.768083251E2,1.567349172E-1,-5.739084429E-2,1.768082432E2
4.681820619E1,2.782992065E-2,5.250910181E-4,1.355243498E-3,9.996116161E-1,1.768105142E2,1.569139742E-1,-5.582566598E-2,1.768104344E2
4.682320619E1,2.784065926E-2,5.326287937E-4,1.351555344E-3,9.996113181E-1,1.768092832E2,1.565161555E-1,-5.669917684E-2,1.768092024E2
4.682820619E1,2.784908885E-2,5.400086520E-4,1.351294341E-3,9.996110797E-1,1.768083168E2,1.565102893E-1,-5.754403066E-2,1.768082349E2
4.683320619E1,2.785540352E-2,5.439865636E-4,1.351819956E-3,9.996109009E-1,1.768075929E2,1.565835591E-1,-5.799702198E-2,1.768075103E2
4.683820619E1,2.784476889E-2,5.363604869E-4,1.353584928E-3,9.996111989E-1,1.768088121E2,1.567607799E-1,-5.711951161E-2,1.768087305E2
4.684320619E1,2.782786106E-2,5.218864535E-4,1.354809501E-3,9.996116757E-1,1.768107503E2,1.568539264E-1,-5.546029974E-2,1.768106710E2
4.684820619E1,2.781741999E-2,5.137958215E-4,1.352431020E-3,9.996119738E-1,1.768119472E2,1.565551065E-1,-5.454276147E-2,1.768118694E2
4.685320619E1,2.782351436E-2,5.184048205E-4,1.357462723E-3,9.996117949E-1,1.768112486E2,1.571465033E-1,-5.505371126E-2,1.768111697E2
4.685820619E1,2.784670733E-2,5.374618922E-4,1.357283210E-3,9.996111393E-1,1.768085898E2,1.571880336E-1,-5.723356881E-2,1.768085079E2
4.686320619E1,2.785314275E-2,5.419156514E-4,1.355155953E-3,9.996109605E-1,1.768078521E2,1.569589469E-1,-5.774951143E-2,1.768077696E2
4.686820619E1,2.783015048E-2,5.240627215E-4,1.350914943E-3,9.996116161E-1,1.768104879E2,1.564148831E-1,-5.572164610E-2,1.768104084E2
4.687320619E1,2.781303452E-2,5.113697262E-4,1.355432207E-3,9.996120930E-1,1.768124500E2,1.568909124E-1,-5.425598061E-2,1.768123723E2
4.687820619E1,2.782577709E-2,5.218154402E-4,1.353661879E-3,9.996117353E-1,1.768109892E2,1.567221273E-1,-5.545615178E-2,1.768109100E2
4.688320619E1,2.784496176E-2,5.360652576E-4,1.349728787E-3,9.996111989E-1,1.768087899E2,1.563181384E-1,-5.709796822E-2,1.768087087E2
4.688820619E1,2.784938588E-2,5.406881683E-4,1.344885677E-3,9.996110797E-1,1.768082828E2,1.557783803E-1,-5.764227325E-2,1.768082011E2
4.689320619E1,2.784085349E-2,5.331873544E-4,1.347327721E-3,9.996113181E-1,1.768092609E2,1.560336860E-1,-5.677661576E-2,1.768091802E2
4.689820619E1,2.782386378E-2,5.194806727E-4,1.349868136E-3,9.996117949E-1,1.768112085E2,1.562800134E-1,-5.520110712E-2,1.768111299E2
4.690320619E1,2.782385047E-2,5.194807309E-4,1.350142411E-3,9.996117949E-1,1.768112101E2,1.563114302E-1,-5.520024136E-2,1.768111314E2
4.690820619E1,2.783651857E-2,5.289426190E-4,1.350122620E-3,9.996114373E-1,1.768097578E2,1.563400469E-1,-5.628215497E-2,1.768096777E2
4.691320619E1,2.785728465E-2,5.453483900E-4,1.356574474E-3,9.996108413E-1,1.768073773E2,1.571326327E-1,-5.813754260E-2,1.768072942E2
4.691820619E1,2.785309779E-2,5.434220657E-4,1.355476794E-3,9.996109605E-1,1.768078573E2,1.570005042E-1,-5.792104966E-2,1.768077745E2
4.692320619E1,2.783426529E-2,5.286362721E-4,1.352565712E-3,9.996114969E-1,1.768100162E2,1.566187924E-1,-5.623962363E-2,1.768099359E2
4.692820619E1,2.782797017E-2,5.225805799E-4,1.352298539E-3,9.996116757E-1,1.768107378E2,1.565685221E-1,-5.554780006E-2,1.768106585E2
4.693320619E1,2.783210667E-2,5.268391687E-4,1.353635918E-3,9.996115565E-1,1.768102636E2,1.567355282E-1,-5.603069560E-2,1.768101836E2
4.693820619E1,2.785295255E-2,5.428707227E-4,1.358678332E-3,9.996109605E-1,1.768078739E2,1.573654632E-1,-5.784769912E-2,1.768077911E2
4.694320619E1,2.785706658E-2,5.458473461E-4,1.360845054E-3,9.996108413E-1,1.768074023E2,1.576233960E-1,-5.818109795E-2,1.768073188E2
4.694820619E1,2.784415086E-2,5.357912742E-4,1.366462675E-3,9.996111989E-1,1.768088829E2,1.582340390E-1,-5.701331673E-2,1.768088007E2
4.695320619E1,2.782733975E-2,5.225397763E-4,1.365225296E-3,9.996116757E-1,1.768108101E2,1.580490825E-1,-5.550200324E-2,1.768107301E2
4.695820619E1,2.782721845E-2,5.210072268E-4,1.368280151E-3,9.996116757E-1,1.768108240E2,1.583941139E-1,-5.531673188E-2,1.768107441E2
4.696320619E1,2.783957005E-2,5.317250034E-4,1.374158543E-3,9.996113181E-1,1.768094080E2,1.591023454E-1,-5.652371069E-2,1.768093261E2
4.696820619E1,2.784808962E-2,5.381911760E-4,1.372446772E-3,9.996110797E-1,1.768084314E2,1.589273846E-1,-5.726849813E-2,1.768083485E2
4.697320619E1,2.785233775E-2,5.419735680E-4,1.371578430E-3,9.996109605E-1,1.768079444E2,1.588402348E-1,-5.770385591E-2,1.768078609E2
4.697820619E1,2.783788654E-2,5.305869854E-4,1.365317148E-3,9.996113777E-1,1.768096010E2,1.580858618E-1,-5.642182673E-2,1.768095198E2
4.698320619E1,2.782509630E-2,5.207408685E-4,1.367993886E-3,9.996117353E-1,1.768110672E2,1.583603561E-1,-5.528747037E-2,1.768109874E2
4.698820619E1,2.783353710E-2,5.263091298E-4,1.368366065E-3,9.996114969E-1,1.768100996E2,1.584212164E-1,-5.592277404E-2,1.768100189E2
4.699320619E1,2.785452875E-2,5.426664720E-4,1.370250131E-3,9.996109009E-1,1.768076932E2,1.586904202E-1,-5.778711773E-2,1.768076097E2
4.699820619E1,2.785673414E-2,5.455883220E-4,1.367736608E-3,9.996108413E-1,1.768074404E2,1.584119582E-1,-5.812948049E-2,1.768073566E2
4.700320619E1,2.784191007E-2,5.330687854E-4,1.369579346E-3,9.996112585E-1,1.768091398E2,1.585822308E-1,-5.669187457E-2,1.768090579E2
4.700820619E1,2.783331413E-2,5.259030149E-4,1.373049570E-3,9.996114969E-1,1.768101252E2,1.589563914E-1,-5.586135185E-2,1.768100443E2
4.701320619E1,2.783768091E-2,5.302311038E-4,1.369641279E-3,9.996113777E-1,1.768096246E2,1.585800324E-1,-5.636729987E-2,1.768095432E2
4.701820619E1,2.785242385E-2,5.411301972E-4,1.370162470E-3,9.996109605E-1,1.768079345E2,1.586753535E-1,-5.761175600E-2,1.768078513E2
4.702320619E1,2.786291016E-2,5.492510390E-4,1.371151535E-3,9.996106625E-1,1.768067324E2,1.588151832E-1,-5.853715123E-2,1.768066478E2
4.702820619E1,2.785862790E-2,5.473899073E-4,1.372000668E-3,9.996107817E-1,1.768072233E2,1.589062564E-1,-5.832193374E-2,1.768071390E2
4.703320619E1,2.784839515E-2,5.385121913E-4,1.366106793E-3,9.996110797E-1,1.768083964E2,1.582021994E-1,-5.732545353E-2,1.768083138E2
4.703820619E1,2.783773954E-2,5.299890763E-4,1.368542784E-3,9.996113777E-1,1.768096179E2,1.584534339E-1,-5.634307130E-2,1.768095365E2
4.704320619E1,2.783977762E-2,5.324387457E-4,1.369669451E-3,9.996113181E-1,1.768093842E2,1.585904211E-1,-5.661975622E-2,1.768093024E2
4.704820619E1,2.785026213E-2,5.394667969E-4,1.371274237E-3,9.996110201E-1,1.768081823E2,1.587972697E-1,-5.741801342E-2,1.768080993E2
4.705320619E1,2.785460159E-2,5.429179291E-4,1.368668862E-3,9.996109009E-1,1.768076849E2,1.585100970E-1,-5.782095722E-2,1.768076014E2
4.705820619E1,2.783784027E-2,5.299856421E-4,1.366493641E-3,9.996113777E-1,1.768096063E2,1.582187049E-1,-5.634919885E-2,1.768095251E2
4.706320619E1,2.783118653E-2,5.242317566E-4,1.373422332E-3,9.996115565E-1,1.768103691E2,1.589936410E-1,-5.566906358E-2,1.768102884E2
4.706820619E1,2.783754716E-2,5.300440243E-4,1.372429309E-3,9.996113777E-1,1.768096399E2,1.588987894E-1,-5.633699779E-2,1.768095584E2
4.707320619E1,2.784387226E-2,5.342444638E-4,1.372730709E-3,9.996111989E-1,1.768089148E2,1.589470736E-1,-5.681617851E-2,1.768088326E2
4.707820619E1,2.784368320E-2,5.339608761E-4,1.376670320E-3,9.996111989E-1,1.768089365E2,1.593974296E-1,-5.677115418E-2,1.768088541E2
4.708320619E1,2.784133379E-2,5.320956698E-4,1.381619950E-3,9.996112585E-1,1.768092058E2,1.599583117E-1,-5.654208333E-2,1.768091234E2
4.708820619E1,2.783934132E-2,5.304040387E-4,1.379293273E-3,9.996113181E-1,1.768094343E2,1.596862876E-1,-5.635605348E-2,1.768093522E2
4.709320619E1,2.784356745E-2,5.339145428E-4,1.379027381E-3,9.996111989E-1,1.768089498E2,1.596672702E-1,-5.675834457E-2,1.768088672E2
4.709820619E1,2.784109336E-2,5.328861298E-4,1.386152697E-3,9.996112585E-1,1.768092334E2,1.604800341E-1,-5.661820520E-2,1.768091506E2
4.710320619E1,2.784342664E-2,5.339469062E-4,1.381854876E-3,9.996111989E-1,1.768089659E2,1.599912473E-1,-5.675305248E-2,1.768088832E2
4.710820619E1,2.784364205E-2,5.348853883E-4,1.377143664E-3,9.996111989E-1,1.768089412E2,1.594545977E-1,-5.687555056E-2,1.768088586E2
4.711320619E1,2.784574759E-2,5.363191594E-4,1.377278124E-3,9.996111393E-1,1.768086999E2,1.594746948E-1,-5.703901984E-2,1.768086170E2
4.711820619E1,2.784993350E-2,5.400240188E-4,1.377714216E-3,9.996110201E-1,1.768082200E2,1.595367113E-1,-5.746134084E-2,1.768081365E2
4.712320619E1,2.786266527E-2,5.492364871E-4,1.376124681E-3,9.996106625E-1,1.768067605E2,1.593847825E-1,-5.851964443E-2,1.768066756E2
4.712820619E1,2.787111923E-2,5.559406709E-4,1.375423628E-3,9.996104240E-1,1.768057914E2,1.593263872E-1,-5.928847931E-2,1.768057054E2
4.713320619E1,2.786676895E-2,5.520590930E-4,1.378492103E-3,9.996105433E-1,1.768062901E2,1.596652184E-1,-5.883475093E-2,1.768062046E2
4.713820619E1,2.786646163E-2,5.526196910E-4,1.384467003E-3,9.996105433E-1,1.768063253E2,1.603513987E-1,-5.887993486E-2,1.768062393E2
4.714320619E1,2.786867488E-2,5.547247711E-4,1.382109011E-3,9.996104836E-1,1.768060716E2,1.600881508E-1,-5.912824082E-2,1.768059854E2
4.714820619E1,2.787700902E-2,5.612790701E-4,1.383824158E-3,9.996102452E-1,1.768051162E2,1.603060482E-1,-5.987220175E-2,1.768050289E2
4.715320619E1,2.787468466E-2,5.590014043E-4,1.388504636E-3,9.996103048E-1,1.768053826E2,1.608347687E-1,-5.959672406E-2,1.768052954E2
4.715820619E1,2.787023544E-2,5.553477095E-4,1.393453451E-3,9.996104240E-1,1.768058927E2,1.613897066E-1,-5.916311490E-2,1.768058058E2
4.716320619E1,2.786818612E-2,5.541743594E-4,1.392148435E-3,9.996104836E-1,1.768061276E2,1.612363521E-1,-5.903320973E-2,1.768060410E2
4.716820619E1,2.786813023E-2,5.526110763E-4,1.393887680E-3,9.996104836E-1,1.768061340E2,1.614305817E-1,-5.884859508E-2,1.768060475E2
4.717320619E1,2.786590623E-2,5.513126962E-4,1.396118081E-3,9.996105433E-1,1.768063890E2,1.616817907E-1,-5.869310644E-2,1.768063025E2
4.717820619E1,2.787246994E-2,5.571041256E-4,1.390814316E-3,9.996103644E-1,1.768056365E2,1.610931437E-1,-5.937237572E-2,1.768055495E2
4.718320619E1,2.787479870E-2,5.596926785E-4,1.385934418E-3,9.996103048E-1,1.768053696E2,1.605425725E-1,-5.968409911E-2,1.768052824E2
4.718820619E1,2.785999720E-2,5.465282593E-4,1.387874479E-3,9.996107221E-1,1.768070663E2,1.607218864E-1,-5.817233802E-2,1.768069812E2
4.719320619E1,2.785755423E-2,5.455071223E-4,1.394368825E-3,9.996107817E-1,1.768073464E2,1.614623935E-1,-5.803503056E-2,1.768072610E2
4.719820619E1,2.786598950E-2,5.521113053E-4,1.394139137E-3,9.996105433E-1,1.768063794E2,1.614576634E-1,-5.879089057E-2,1.768062930E2
4.720320619E1,2.787472001E-2,5.584669416E-4,1.388010103E-3,9.996103048E-1,1.768053786E2,1.607764162E-1,-5.953707699E-2,1.768052915E2
4.720820619E1,2.786840825E-2,5.533808144E-4,1.388011267E-3,9.996104836E-1,1.768061021E2,1.607599298E-1,-5.895548809E-2,1.768060159E2
4.721320619E1,2.786008506E-2,5.473314086E-4,1.385792741E-3,9.996107221E-1,1.768070563E2,1.604859984E-1,-5.827096842E-2,1.768069711E2
4.721820619E1,2.785416086E-2,5.428246805E-4,1.377645880E-3,9.996109009E-1,1.768077354E2,1.595380666E-1,-5.778169165E-2,1.768076515E2
4.722320619E1,2.785872081E-2,5.474404898E-4,1.370092505E-3,9.996107817E-1,1.768072127E2,1.586878485E-1,-5.833380477E-2,1.768071284E2
4.722820619E1,2.786258518E-2,5.497444072E-4,1.377542736E-3,9.996106625E-1,1.768067697E2,1.595488339E-1,-5.857331019E-2,1.768066846E2
4.723320619E1,2.786875136E-2,5.545790773E-4,1.380624482E-3,9.996104836E-1,1.768060628E2,1.599176415E-1,-5.911628080E-2,1.768059768E2
4.723820619E1,2.786670459E-2,5.518711987E-4,1.379867666E-3,9.996105433E-1,1.768062974E2,1.598221815E-1,-5.880884579E-2,1.768062119E2
4.724320619E1,2.785393317E-2,5.430440069E-4,1.382155577E-3,9.996109009E-1,1.768077615E2,1.600553269E-1,-5.779245662E-2,1.768076773E2
4.724820619E1,2.785158184E-2,5.404083058E-4,1.387454104E-3,9.996109605E-1,1.768080311E2,1.606537100E-1,-5.747401044E-2,1.768079469E2
4.725320619E1,2.786638924E-2,5.523332511E-4,1.386037562E-3,9.996105433E-1,1.768063336E2,1.605303829E-1,-5.884212032E-2,1.768062476E2
4.725820619E1,2.787271630E-2,5.567026674E-4,1.386029646E-3,9.996103644E-1,1.768056083E2,1.605438055E-1,-5.934163277E-2,1.768055216E2
4.726320619E1,2.786856295E-2,5.544962478E-4,1.384455594E-3,9.996104836E-1,1.768060844E2,1.603562089E-1,-5.909458807E-2,1.768059982E2
4.726820619E1,2.786422206E-2,5.500015686E-4,1.387546770E-3,9.996106029E-1,1.768065820E2,1.606956852E-1,-5.857056217E-2,1.768064963E2
4.727320619E1,2.786220398E-2,5.491475458E-4,1.385468175E-3,9.996106625E-1,1.768068134E2,1.604547427E-1,-5.847969754E-2,1.768067279E2
4.727820619E1,2.786418015E-2,5.513208453E-4,1.387864701E-3,9.996106029E-1,1.768065868E2,1.607363136E-1,-5.872067286E-2,1.768065009E2
4.728320619E1,2.786627786E-2,5.526019377E-4,1.388168195E-3,9.996105433E-1,1.768063464E2,1.607752925E-1,-5.886611162E-2,1.768062602E2
4.728820619E1,2.786822395E-2,5.544365267E-4,1.391286496E-3,9.996104836E-1,1.768061233E2,1.611384589E-1,-5.906598674E-2,1.768060366E2
4.729320619E1,2.786847669E-2,5.531981587E-4,1.386709395E-3,9.996104836E-1,1.768060943E2,1.606102246E-1,-5.893871207E-2,1.768060081E2
4.729820619E1,2.786641000E-2,5.517028039E-4,1.385871321E-3,9.996105433E-1,1.768063312E2,1.605093283E-1,-5.877043205E-2,1.768062453E2
4.730320619E1,2.785566987E-2,5.445508868E-4,1.389650162E-3,9.996108413E-1,1.768075624E2,1.609187218E-1,-5.794086354E-2,1.768074775E2
4.730820619E1,2.785570387E-2,5.430884776E-4,1.389540848E-3,9.996108413E-1,1.768075585E2,1.609015337E-1,-5.777369243E-2,1.768074738E2
4.731320619E1,2.785597009E-2,5.437677610E-4,1.383927069E-3,9.996108413E-1,1.768075280E2,1.602606746E-1,-5.786937946E-2,1.768074435E2
4.731820619E1,2.785585726E-2,5.438610096E-4,1.386159682E-3,9.996108413E-1,1.768075409E2,1.605167054E-1,-5.787295210E-2,1.768074563E2
4.732320619E1,2.785155856E-2,5.406038836E-4,1.387845259E-3,9.996109605E-1,1.768080337E2,1.606991387E-1,-5.749516860E-2,1.768079495E2
4.732820619E1,2.785377910E-2,5.416410859E-4,1.385806245E-3,9.996109009E-1,1.768077792E2,1.604690138E-1,-5.762012835E-2,1.768076949E2
4.733320619E1,2.785595879E-2,5.444993149E-4,1.383866766E-3,9.996108413E-1,1.768075293E2,1.602561018E-1,-5.795337106E-2,1.768074447E2
4.733820619E1,2.786653501E-2,5.521174171E-4,1.383189810E-3,9.996105433E-1,1.768063169E2,1.602035002E-1,-5.882646768E-2,1.768062311E2
4.734320619E1,2.786646249E-2,5.523678265E-4,1.384550240E-3,9.996105433E-1,1.768063252E2,1.603601290E-1,-5.885081860E-2,1.768062393E2
4.734820619E1,2.785985659E-2,5.466006114E-4,1.390665770E-3,9.996107221E-1,1.768070825E2,1.610418437E-1,-5.817173689E-2,1.768069971E2
4.735320619E1,2.785355968E-2,5.427761935E-4,1.389766694E-3,9.996109009E-1,1.768078043E2,1.609262830E-1,-5.773754550E-2,1.768077197E2
4.735820619E1,2.784746421E-2,5.369539722E-4,1.385558629E-3,9.996110797E-1,1.768085031E2,1.604253279E-1,-5.708503738E-2,1.768084196E2
4.736320619E1,2.785606760E-2,5.449266755E-4,1.381506328E-3,9.996108413E-1,1.768075168E2,1.599870908E-1,-5.800984138E-2,1.768074323E2
4.736820619E1,2.786436639E-2,5.500913830E-4,1.384609612E-3,9.996106029E-1,1.768065655E2,1.603595372E-1,-5.859020561E-2,1.768064799E2
4.737320619E1,2.786008777E-2,5.472337944E-4,1.385776792E-3,9.996107221E-1,1.768070560E2,1.604838599E-1,-5.825983748E-2,1.768069708E2
4.737820619E1,2.785170097E-2,5.415207706E-4,1.384626026E-3,9.996109605E-1,1.768080174E2,1.603333192E-1,-5.761044706E-2,1.768079333E2
4.738320619E1,2.785367313E-2,5.413791514E-4,1.388036646E-3,9.996109009E-1,1.768077913E2,1.607236579E-1,-5.758302237E-2,1.768077070E2
4.738820619E1,2.785811931E-2,5.465038703E-4,1.382639399E-3,9.996107817E-1,1.768072816E2,1.601220352E-1,-5.818655870E-2,1.768071968E2
4.739320619E1,2.786661047E-2,5.531397182E-4,1.381259761E-3,9.996105433E-1,1.768063082E2,1.599856876E-1,-5.894972043E-2,1.768062224E2
4.739820619E1,2.786647782E-2,5.528360489E-4,1.384054776E-3,9.996105433E-1,1.768063234E2,1.603048712E-1,-5.890603179E-2,1.768062375E2
4.740320619E1,2.786656524E-2,5.525787128E-4,1.382396324E-3,9.996105433E-1,1.768063134E2,1.601140834E-1,-5.888183674E-2,1.768062276E2
4.740820619E1,2.786479848E-2,5.518458784E-4,1.375183696E-3,9.996106029E-1,1.768065159E2,1.592854528E-1,-5.882120685E-2,1.768064307E2
4.741320619E1,2.786055035E-2,5.473457277E-4,1.376400935E-3,9.996107221E-1,1.768070029E2,1.594102658E-1,-5.830251888E-2,1.768069183E2
4.741820619E1,2.786263168E-2,5.488787428E-4,1.376947155E-3,9.996106625E-1,1.768067643E2,1.594778503E-1,-5.847604517E-2,1.768066794E2
4.742320619E1,2.787106010E-2,5.563439336E-4,1.376458327E-3,9.996104240E-1,1.768057981E2,1.594461936E-1,-5.933137653E-2,1.768057121E2
4.742820619E1,2.787126012E-2,5.558783305E-4,1.372590777E-3,9.996104240E-1,1.768057752E2,1.590017014E-1,-5.929036379E-2,1.768056894E2
4.743320619E1,2.786059853E-2,5.477935192E-4,1.375247142E-3,9.996107221E-1,1.768069974E2,1.592795347E-1,-5.835748805E-2,1.768069128E2
4.743820619E1,2.785868358E-2,5.469243042E-4,1.371055376E-3,9.996107817E-1,1.768072169E2,1.587964925E-1,-5.827160926E-2,1.768071327E2
4.744320619E1,2.785881858E-2,5.469676689E-4,1.368292258E-3,9.996107817E-1,1.768072015E2,1.584801314E-1,-5.828537629E-2,1.768071174E2
4.744820619E1,2.785456281E-2,5.431477330E-4,1.369366772E-3,9.996109009E-1,1.768076893E2,1.585907720E-1,-5.784505899E-2,1.768076058E2
4.745320619E1,2.785442476E-2,5.432988401E-4,1.372112078E-3,9.996109009E-1,1.768077051E2,1.589057136E-1,-5.785362682E-2,1.768076214E2
4.745820619E1,2.786683473E-2,5.522378488E-4,1.377089997E-3,9.996105433E-1,1.768062825E2,1.595051858E-1,-5.885969383E-2,1.768061971E2
4.746320619E1,2.785838492E-2,5.464315182E-4,1.377306180E-3,9.996107817E-1,1.768072512E2,1.595109142E-1,-5.819525434E-2,1.768071667E2
4.746820619E1,2.784187682E-2,5.328970728E-4,1.370322076E-3,9.996112585E-1,1.768091436E2,1.586667587E-1,-5.666984098E-2,1.768090617E2
4.747320619E1,2.784803216E-2,5.387662677E-4,1.373386709E-3,9.996110797E-1,1.768084380E2,1.590368839E-1,-5.733138275E-2,1.768083549E2
4.747820619E1,2.786483257E-2,5.507124006E-4,1.374947373E-3,9.996106029E-1,1.768065120E2,1.592547650E-1,-5.869211960E-2,1.768064270E2
4.748320619E1,2.786063703E-2,5.472436314E-4,1.374686020E-3,9.996107221E-1,1.768069930E2,1.592135063E-1,-5.829628542E-2,1.768069085E2
4.748820619E1,2.784805511E-2,5.375915789E-4,1.373381587E-3,9.996110797E-1,1.768084353E2,1.590325496E-1,-5.719683834E-2,1.768083525E2
4.749320619E1,2.783952030E-2,5.321504432E-4,1.375001390E-3,9.996113181E-1,1.768094137E2,1.592002458E-1,-5.656976258E-2,1.768093317E2
4.749820619E1,2.785432752E-2,5.436714273E-4,1.373937353E-3,9.996109009E-1,1.768077163E2,1.591159776E-1,-5.789049482E-2,1.768076324E2
4.750320619E1,2.786075553E-2,5.486406153E-4,1.371724298E-3,9.996107221E-1,1.768069794E2,1.588787165E-1,-5.846574270E-2,1.768068949E2
4.750820619E1,2.785435450E-2,5.437884829E-4,1.373343985E-3,9.996109009E-1,1.768077132E2,1.590483841E-1,-5.790579291E-2,1.768076293E2
4.751320619E1,2.784983510E-2,5.392825115E-4,1.379991765E-3,9.996110201E-1,1.768082313E2,1.597952261E-1,-5.736915042E-2,1.768081478E2
4.751820619E1,2.784785268E-2,5.378699861E-4,1.377371489E-3,9.996110797E-1,1.768084585E2,1.594904589E-1,-5.721602863E-2,1.768083754E2
4.752320619E1,2.784571588E-2,5.359702627E-4,1.378054847E-3,9.996111393E-1,1.768087035E2,1.595625511E-1,-5.699658132E-2,1.768086206E2
4.752820619E1,2.785191396E-2,5.418512155E-4,1.380205504E-3,9.996109605E-1,1.768079930E2,1.598280274E-1,-5.766237327E-2,1.768079090E2
4.753320619E1,2.785393598E-2,5.431721220E-4,1.382048591E-3,9.996109009E-1,1.768077612E2,1.600434811E-1,-5.780747285E-2,1.768076769E2
4.753820619E1,2.786251700E-2,5.495257792E-4,1.379008056E-3,9.996106625E-1,1.768067775E2,1.597159801E-1,-5.854359928E-2,1.768066924E2
4.754320619E1,2.786048381E-2,5.473344354E-4,1.377751585E-3,9.996107221E-1,1.768070106E2,1.595649392E-1,-5.829692382E-2,1.768069259E2
4.754820619E1,2.785835684E-2,5.468420568E-4,1.377711073E-3,9.996107817E-1,1.768072544E2,1.595586026E-1,-5.824099219E-2,1.768071698E2
4.755320619E1,2.785432622E-2,5.436612992E-4,1.373967621E-3,9.996109009E-1,1.768077164E2,1.591194124E-1,-5.788923827E-2,1.768076326E2
4.755820619E1,2.786077744E-2,5.481228000E-4,1.371486229E-3,9.996107221E-1,1.768069769E2,1.588497943E-1,-5.840718511E-2,1.768068925E2
4.756320619E1,2.785661247E-2,5.457271473E-4,1.370157115E-3,9.996108413E-1,1.768074544E2,1.586896568E-1,-5.813767499E-2,1.768073704E2
4.756820619E1,2.785657743E-2,5.444507115E-4,1.371376682E-3,9.996108413E-1,1.768074584E2,1.588252779E-1,-5.798757556E-2,1.768073745E2
4.757320619E1,2.785881650E-2,5.476311198E-4,1.368069206E-3,9.996107817E-1,1.768072017E2,1.584566995E-1,-5.836208501E-2,1.768071175E2
4.757820619E1,2.785453257E-2,5.436885403E-4,1.369767240E-3,9.996109009E-1,1.768076928E2,1.586383692E-1,-5.790573336E-2,1.768076092E2
4.758320619E1,2.785026316E-2,5.405426491E-4,1.370829530E-3,9.996110201E-1,1.768081822E2,1.587497636E-1,-5.754266819E-2,1.768080990E2
4.758820619E1,2.785672131E-2,5.443757400E-4,1.368480851E-3,9.996108413E-1,1.768074419E2,1.584933374E-1,-5.798820911E-2,1.768073582E2
4.759320619E1,2.786099126E-2,5.482363049E-4,1.367090270E-3,9.996107221E-1,1.768069524E2,1.583466243E-1,-5.843418786E-2,1.768068682E2
4.759820619E1,2.786533580E-2,5.514406948E-4,1.364416559E-3,9.996106029E-1,1.768064544E2,1.580508450E-1,-5.880909053E-2,1.768063698E2
4.760320619E1,2.785701586E-2,5.462762201E-4,1.361710951E-3,9.996108413E-1,1.768074081E2,1.577239483E-1,-5.822746800E-2,1.768073245E2
4.760820619E1,2.785903046E-2,5.476665683E-4,1.363690943E-3,9.996107817E-1,1.768071772E2,1.579553071E-1,-5.838008920E-2,1.768070932E2
4.761320619E1,2.786142981E-2,5.484690191E-4,1.358029316E-3,9.996107221E-1,1.768069021E2,1.573094859E-1,-5.848970466E-2,1.768068184E2
4.761820619E1,2.786556585E-2,5.524922744E-4,1.359283226E-3,9.996106029E-1,1.768064280E2,1.574662076E-1,-5.894590141E-2,1.768063435E2
4.762320619E1,2.786748068E-2,5.543995649E-4,1.363078598E-3,9.996105433E-1,1.768062085E2,1.579071610E-1,-5.915195369E-2,1.768061235E2
4.762820619E1,2.786749403E-2,5.544049782E-4,1.362803276E-3,9.996105433E-1,1.768062069E2,1.578756417E-1,-5.915345089E-2,1.768061220E2
4.763320619E1,2.786119227E-2,5.493926001E-4,1.362521900E-3,9.996107221E-1,1.768069293E2,1.578270339E-1,-5.858119177E-2,1.768068452E2
4.763820619E1,2.785490597E-2,5.442046677E-4,1.361946575E-3,9.996109009E-1,1.768076500E2,1.577442028E-1,-5.798975868E-2,1.768075667E2
4.764320619E1,2.785894441E-2,5.462655099E-4,1.366008772E-3,9.996107817E-1,1.768071870E2,1.582163299E-1,-5.821221615E-2,1.768071032E2
4.764820619E1,2.786312550E-2,5.503571592E-4,1.366323442E-3,9.996106625E-1,1.768067077E2,1.582656832E-1,-5.867923567E-2,1.768066232E2
4.765320619E1,2.786513022E-2,5.522926222E-4,1.368265017E-3,9.996106029E-1,1.768064779E2,1.584943835E-1,-5.889441984E-2,1.768063930E2
4.765820619E1,2.785679935E-2,5.447118310E-4,1.366757439E-3,9.996108413E-1,1.768074329E2,1.582970028E-1,-5.803219650E-2,1.768073493E2
4.766320619E1,2.785032836E-2,5.395295448E-4,1.369903679E-3,9.996110201E-1,1.768081747E2,1.586404802E-1,-5.742956461E-2,1.768080918E2
4.766820619E1,2.785442702E-2,5.435039056E-4,1.371984952E-3,9.996109009E-1,1.768077049E2,1.588918065E-1,-5.787752189E-2,1.768076212E2
4.767320619E1,2.785887855E-2,5.468021263E-4,1.367136836E-3,9.996107817E-1,1.768071946E2,1.583472560E-1,-5.827009304E-2,1.768071106E2
4.767820619E1,2.787157353E-2,5.571083166E-4,1.365710865E-3,9.996104240E-1,1.768057393E2,1.582175740E-1,-5.945317908E-2,1.768056537E2
4.768320619E1,2.787118537E-2,5.567005137E-4,1.373775071E-3,9.996104240E-1,1.768057838E2,1.591399805E-1,-5.938077175E-2,1.768056978E2
4.768820619E1,2.786505603E-2,5.513037322E-4,1.370173297E-3,9.996106029E-1,1.768064864E2,1.587098094E-1,-5.877506376E-2,1.768064015E2
4.769320619E1,2.785678086E-2,5.447784788E-4,1.367107616E-3,9.996108413E-1,1.768074351E2,1.583373263E-1,-5.803871588E-2,1.768073514E2
4.769820619E1,2.786918336E-2,5.551326904E-4,1.371652586E-3,9.996104836E-1,1.768060133E2,1.588917296E-1,-5.920827959E-2,1.768059277E2
4.770320619E1,2.788380133E-2,5.665626959E-4,1.373955631E-3,9.996100664E-1,1.768043375E2,1.591929272E-1,-6.050786873E-2,1.768042499E2
4.770820619E1,2.788811878E-2,5.705988151E-4,1.371385180E-3,9.996099472E-1,1.768038426E2,1.589116503E-1,-6.097772079E-2,1.768037545E2
4.771320619E1,2.787350841E-2,5.577173433E-4,1.369594946E-3,9.996103644E-1,1.768055175E2,1.586645450E-1,-5.951022861E-2,1.768054316E2
4.771820619E1,2.786929998E-2,5.558872945E-4,1.368974918E-3,9.996104836E-1,1.768059999E2,1.585874271E-1,-5.930325025E-2,1.768059144E2
4.772320619E1,2.787972397E-2,5.633092951E-4,1.371303108E-3,9.996101856E-1,1.768048049E2,1.588784467E-1,-6.014432551E-2,1.768047180E2
4.772820619E1,2.788620297E-2,5.688279052E-4,1.367627759E-3,9.996100068E-1,1.768040622E2,1.584754721E-1,-6.078718039E-2,1.768039746E2
4.773320619E1,2.789041452E-2,5.721207126E-4,1.367504359E-3,9.996098876E-1,1.768035794E2,1.584721178E-1,-6.116408793E-2,1.768034913E2
4.773820619E1,2.789043842E-2,5.710507394E-4,1.367464080E-3,9.996098876E-1,1.768035767E2,1.584640854E-1,-6.104165078E-2,1.768034888E2
4.774320619E1,2.788819860E-2,5.704484647E-4,1.369823702E-3,9.996099472E-1,1.768038334E2,1.587323117E-1,-6.096547617E-2,1.768037455E2
4.774820619E1,2.789029180E-2,5.718449247E-4,1.370120212E-3,9.996098876E-1,1.768035935E2,1.587708672E-1,-6.112415626E-2,1.768035053E2
4.775320619E1,2.789002646E-2,5.717027816E-4,1.375569846E-3,9.996098876E-1,1.768036239E2,1.593946366E-1,-6.109049903E-2,1.768035354E2
4.775820619E1,2.789832076E-2,5.774440360E-4,1.378230983E-3,9.996096492E-1,1.768026731E2,1.597183249E-1,-6.173831142E-2,1.768025835E2
4.776320619E1,2.790255654E-2,5.814420292E-4,1.377262757E-3,9.996095300E-1,1.768021875E2,1.596204633E-1,-6.219868802E-2,1.768020973E2
4.776820619E1,2.789614542E-2,5.761867505E-4,1.379558002E-3,9.996097088E-1,1.768029225E2,1.598661773E-1,-6.159039874E-2,1.768028330E2
4.777320619E1,2.787887843E-2,5.628284998E-4,1.388582052E-3,9.996101856E-1,1.768049019E2,1.608561139E-1,-6.003418395E-2,1.768048140E2
4.777820619E1,2.788338671E-2,5.660198512E-4,1.382566872E-3,9.996100664E-1,1.768043851E2,1.601775607E-1,-6.041823816E-2,1.768042970E2
4.778320619E1,2.789626009E-2,5.759845371E-4,1.377321896E-3,9.996097088E-1,1.768029093E2,1.596093984E-1,-6.157436580E-2,1.768028200E2
4.778820619E1,2.790031985E-2,5.789135466E-4,1.380375936E-3,9.996095896E-1,1.768024439E2,1.599688451E-1,-6.189946190E-2,1.768023539E2
4.779320619E1,2.790011762E-2,5.789991119E-4,1.384421601E-3,9.996095896E-1,1.768024671E2,1.604325254E-1,-6.189636065E-2,1.768023768E2
4.779820619E1,2.789427319E-2,5.744997179E-4,1.374922344E-3,9.996097684E-1,1.768031371E2,1.593296676E-1,-6.141227193E-2,1.768030481E2
4.780320619E1,2.789422421E-2,5.753682344E-4,1.375552732E-3,9.996097684E-1,1.768031427E2,1.594046503E-1,-6.150975052E-2,1.768030536E2
4.780820619E1,2.790427280E-2,5.820138031E-4,1.385485870E-3,9.996094704E-1,1.768019908E2,1.605643322E-1,-6.223761390E-2,1.768018999E2
4.781320619E1,2.790849689E-2,5.864392151E-4,1.384545933E-3,9.996093512E-1,1.768015065E2,1.604710821E-1,-6.274685837E-2,1.768014150E2
4.781820619E1,2.790868397E-2,5.854004994E-4,1.381210517E-3,9.996093512E-1,1.768014851E2,1.600857096E-1,-6.263851406E-2,1.768013940E2
4.782320619E1,2.790463829E-2,5.822423263E-4,1.378008630E-3,9.996094704E-1,1.768019489E2,1.597085897E-1,-6.228764201E-2,1.768018585E2
4.782820619E1,2.789802920E-2,5.780774518E-4,1.383855822E-3,9.996096492E-1,1.768027065E2,1.603646411E-1,-6.179293134E-2,1.768026164E2
4.783320619E1,2.790209332E-2,5.809813738E-4,1.386808581E-3,9.996095300E-1,1.768022406E2,1.607124079E-1,-6.211547318E-2,1.768021499E2
4.783820619E1,2.791062500E-2,5.881437683E-4,1.383957802E-3,9.996092916E-1,1.768012626E2,1.604092993E-1,-6.294364896E-2,1.768011708E2
4.784320619E1,2.790461076E-2,5.835524062E-4,1.378011890E-3,9.996094704E-1,1.768019520E2,1.597131509E-1,-6.243770148E-2,1.768018614E2
4.784820619E1,2.789620604E-2,5.766795366E-4,1.378125628E-3,9.996097088E-1,1.768029155E2,1.597036821E-1,-6.165141510E-2,1.768028260E2
4.785320619E1,2.789380810E-2,5.732382997E-4,1.384848612E-3,9.996097684E-1,1.768031904E2,1.604626323E-1,-6.123612535E-2,1.768031011E2
4.785820619E1,2.788344676E-2,5.654930719E-4,1.381571055E-3,9.996100664E-1,1.768043782E2,1.600618131E-1,-6.036106953E-2,1.768042903E2
4.786320619E1,2.788140778E-2,5.649999366E-4,1.379795722E-3,9.996101260E-1,1.768046119E2,1.598567548E-1,-6.031058120E-2,1.768045242E2
4.786820619E1,2.789159443E-2,5.724457442E-4,1.386737567E-3,9.996098280E-1,1.768034442E2,1.606763377E-1,-6.113965840E-2,1.768033548E2
4.787320619E1,2.789781780E-2,5.764120724E-4,1.388803241E-3,9.996096492E-1,1.768027307E2,1.609260162E-1,-6.158638464E-2,1.768026406E2
4.787820619E1,2.789177765E-2,5.729823024E-4,1.382825430E-3,9.996098280E-1,1.768034232E2,1.602299400E-1,-6.121359421E-2,1.768033340E2
4.788320619E1,2.788329621E-2,5.654257257E-4,1.384633593E-3,9.996100664E-1,1.768043954E2,1.604123938E-1,-6.034359366E-2,1.768043074E2
4.788820619E1,2.788315761E-2,5.659898161E-4,1.387191936E-3,9.996100664E-1,1.768044113E2,1.607072389E-1,-6.040005613E-2,1.768043230E2
4.789320619E1,2.789175324E-2,5.718894536E-4,1.383769792E-3,9.996098280E-1,1.768034260E2,1.603346191E-1,-6.108539728E-2,1.768033369E2
4.789820619E1,2.789584605E-2,5.760282511E-4,1.385664218E-3,9.996097088E-1,1.768029568E2,1.605651016E-1,-6.155277113E-2,1.768028669E2
4.790320619E1,2.789380175E-2,5.736427847E-4,1.384809031E-3,9.996097684E-1,1.768031911E2,1.604593910E-1,-6.128258539E-2,1.768031017E2
4.790820619E1,2.788932032E-2,5.703746574E-4,1.390358666E-3,9.996098876E-1,1.768037049E2,1.610843656E-1,-6.089121447E-2,1.768036157E2
4.791320619E1,2.788532368E-2,5.672893021E-4,1.386070973E-3,9.996100068E-1,1.768041630E2,1.605831194E-1,-6.055214203E-2,1.768040746E2
4.791820619E1,2.787481646E-2,5.586827174E-4,1.385984709E-3,9.996103048E-1,1.768053675E2,1.605451080E-1,-5.956824766E-2,1.768052805E2
4.792320619E1,2.787874704E-2,5.616983399E-4,1.391674159E-3,9.996101856E-1,1.768049169E2,1.612066873E-1,-5.989487021E-2,1.768048291E2
4.792820619E1,2.788519853E-2,5.664805067E-4,1.388916629E-3,9.996100068E-1,1.768041774E2,1.609064890E-1,-6.045042383E-2,1.768040889E2
4.793320619E1,2.787895886E-2,5.626373459E-4,1.387043740E-3,9.996101856E-1,1.768048927E2,1.606792987E-1,-6.001718949E-2,1.768048049E2
4.793820619E1,2.787249898E-2,5.571609363E-4,1.390209422E-3,9.996103644E-1,1.768056332E2,1.610240380E-1,-5.938081059E-2,1.768055462E2
4.794320619E1,2.787451201E-2,5.577385891E-4,1.392472768E-3,9.996103048E-1,1.768054024E2,1.612852628E-1,-5.943942493E-2,1.768053152E2
4.794820619E1,2.788086747E-2,5.640629097E-4,1.391051221E-3,9.996101260E-1,1.768046739E2,1.611430138E-1,-6.016737271E-2,1.768045857E2
4.795320619E1,2.788741411E-2,5.684170756E-4,1.386537333E-3,9.996099472E-1,1.768039234E2,1.606402705E-1,-6.067949878E-2,1.768038347E2
4.795820619E1,2.788735193E-2,5.679882015E-4,1.387962955E-3,9.996099472E-1,1.768039305E2,1.608021970E-1,-6.062582666E-2,1.768038418E2
4.796320619E1,2.788546033E-2,5.677731824E-4,1.383120660E-3,9.996100068E-1,1.768041474E2,1.602467240E-1,-6.061697488E-2,1.768040590E2
4.796820619E1,2.789199505E-2,5.735564046E-4,1.378194545E-3,9.996098280E-1,1.768033982E2,1.597013338E-1,-6.129412257E-2,1.768033093E2
4.797320619E1,2.788801593E-2,5.692163832E-4,1.374048763E-3,9.996099472E-1,1.768038544E2,1.592123315E-1,-6.081087152E-2,1.768037664E2
4.797820619E1,2.788372061E-2,5.656798021E-4,1.375956228E-3,9.996100664E-1,1.768043468E2,1.594192638E-1,-6.040035627E-2,1.768042592E2
4.798320619E1,2.788772145E-2,5.691318074E-4,1.380047412E-3,9.996099472E-1,1.768038881E2,1.598991714E-1,-6.078206012E-2,1.768037998E2
4.798820619E1,2.788967173E-2,5.713235587E-4,1.382900169E-3,9.996098876E-1,1.768036646E2,1.602330704E-1,-6.102368898E-2,1.768035757E2
4.799320619E1,2.788975224E-2,5.702800117E-4,1.381706563E-3,9.996098876E-1,1.768036553E2,1.600930158E-1,-6.090795582E-2,1.768035667E2
4.799820619E1,2.788545361E-2,5.680393660E-4,1.383146737E-3,9.996100068E-1,1.768041481E2,1.602505613E-1,-6.064738314E-2,1.768040597E2
4.800320619E1,2.789381325E-2,5.742993671E-4,1.384305186E-3,9.996097684E-1,1.768031898E2,1.604037765E-1,-6.135940354E-2,1.768031003E2
4.800820619E1,2.789604869E-2,5.754086305E-4,1.381836832E-3,9.996097088E-1,1.768029335E2,1.601247171E-1,-6.149399816E-2,1.768028440E2
4.801320619E1,2.789384089E-2,5.742784124E-4,1.383756637E-3,9.996097684E-1,1.768031866E2,1.603408765E-1,-6.135875223E-2,1.768030972E2
4.801820619E1,2.788517714E-2,5.678732996E-4,1.388777397E-3,9.996100068E-1,1.768041798E2,1.608949899E-1,-6.061041230E-2,1.768040911E2
4.802320619E1,2.789566287E-2,5.746594397E-4,1.389913727E-3,9.996097088E-1,1.768029778E2,1.610474834E-1,-6.138242310E-2,1.768028879E2
4.802820619E1,2.789172314E-2,5.727749085E-4,1.384010189E-3,9.996098280E-1,1.768034294E2,1.603649844E-1,-6.118605984E-2,1.768033402E2
4.803320619E1,2.788118974E-2,5.639059236E-4,1.384640695E-3,9.996101260E-1,1.768046369E2,1.604082240E-1,-6.016982038E-2,1.768045491E2
4.803820619E1,2.787260801E-2,5.578887649E-4,1.387729426E-3,9.996103644E-1,1.768056207E2,1.607422927E-1,-5.947208481E-2,1.768055337E2
4.804320619E1,2.787688449E-2,5.608662614E-4,1.386497635E-3,9.996102452E-1,1.768051305E2,1.606109613E-1,-5.981639520E-2,1.768050430E2
4.804820619E1,2.788343412E-2,5.657763104E-4,1.381710172E-3,9.996100664E-1,1.768043796E2,1.600786528E-1,-6.039307112E-2,1.768042917E2
4.805320619E1,2.787694067E-2,5.605212646E-4,1.385507290E-3,9.996102452E-1,1.768051240E2,1.604964212E-1,-5.978003156E-2,1.768050367E2
4.805820619E1,2.787699552E-2,5.600018776E-4,1.384613337E-3,9.996102452E-1,1.768051177E2,1.603923654E-1,-5.972338436E-2,1.768050306E2
4.806320619E1,2.787501053E-2,5.589777138E-4,1.381956856E-3,9.996103048E-1,1.768053453E2,1.600846827E-1,-5.961487373E-2,1.768052584E2
4.806820619E1,2.787287973E-2,5.581924925E-4,1.382138464E-3,9.996103644E-1,1.768055895E2,1.601028501E-1,-5.952469020E-2,1.768055028E2
4.807320619E1,2.787514208E-2,5.601572921E-4,1.378822257E-3,9.996103048E-1,1.768053302E2,1.597293992E-1,-5.975998272E-2,1.768052434E2
4.807820619E1,2.788167364E-2,5.640545860E-4,1.374801272E-3,9.996101260E-1,1.768045814E2,1.592816501E-1,-6.021820944E-2,1.768044942E2
4.808320619E1,2.787544423E-2,5.603362224E-4,1.372627099E-3,9.996103048E-1,1.768052956E2,1.590203510E-1,-5.980022005E-2,1.768052091E2
4.808820619E1,2.787110827E-2,5.565666361E-4,1.375392429E-3,9.996104240E-1,1.768057926E2,1.593248121E-1,-5.936028310E-2,1.768057066E2
4.809320619E1,2.787110913E-2,5.555996322E-4,1.375766005E-3,9.996104240E-1,1.768057925E2,1.593645157E-1,-5.924832246E-2,1.768057066E2
4.809820619E1,2.787749219E-2,5.616006674E-4,1.373924781E-3,9.996102452E-1,1.768050608E2,1.591731589E-1,-5.994058695E-2,1.768049740E2
4.810320619E1,2.788378532E-2,5.663275369E-4,1.374377403E-3,9.996100664E-1,1.768043394E2,1.592404877E-1,-6.047958685E-2,1.768042518E2
4.810820619E1,2.788811843E-2,5.700113252E-4,1.371636754E-3,9.996099472E-1,1.768038426E2,1.589385897E-1,-6.090962172E-2,1.768037546E2
4.811320619E1,2.788805693E-2,5.691581755E-4,1.373240491E-3,9.996099472E-1,1.768038497E2,1.591195628E-1,-6.080678058E-2,1.768037617E2
4.811820619E1,2.788600894E-2,5.680515897E-4,1.371900085E-3,9.996100068E-1,1.768040845E2,1.589623621E-1,-6.068463400E-2,1.768039968E2
4.812320619E1,2.788193636E-2,5.649925442E-4,1.369076199E-3,9.996101260E-1,1.768045513E2,1.586288722E-1,-6.034390012E-2,1.768044643E2
4.812820619E1,2.787767811E-2,5.616224953E-4,1.370138372E-3,9.996102452E-1,1.768050395E2,1.587395174E-1,-5.995515386E-2,1.768049529E2
4.813320619E1,2.788398822E-2,5.660448223E-4,1.370371669E-3,9.996100664E-1,1.768043161E2,1.587807510E-1,-6.045997021E-2,1.768042288E2
4.813820619E1,2.788609914E-2,5.679431488E-4,1.370110200E-3,9.996100068E-1,1.768040741E2,1.587569948E-1,-6.067791786E-2,1.768039865E2
4.814320619E1,2.788405690E-2,5.668876693E-4,1.368624507E-3,9.996100664E-1,1.768043082E2,1.585833162E-1,-6.056208763E-2,1.768042209E2
4.814820619E1,2.787995057E-2,5.640292075E-4,1.366391429E-3,9.996101856E-1,1.768047790E2,1.583181416E-1,-6.024244555E-2,1.768046922E2
4.815320619E1,2.789068149E-2,5.714516737E-4,1.362329465E-3,9.996098876E-1,1.768035488E2,1.578772264E-1,-6.110394891E-2,1.768034611E2
4.815820619E1,2.789285053E-2,5.743174697E-4,1.360449940E-3,9.996098280E-1,1.768033002E2,1.576712254E-1,-6.143788199E-2,1.768032121E2
4.816320619E1,2.789692949E-2,5.771898432E-4,1.363186631E-3,9.996097088E-1,1.768028326E2,1.579941392E-1,-6.175751119E-2,1.768027439E2
4.816820619E1,2.788827466E-2,5.703797215E-4,1.368303085E-3,9.996099472E-1,1.768038247E2,1.585579143E-1,-6.096244944E-2,1.768037369E2
4.817320619E1,2.788833997E-2,5.705369986E-4,1.366905635E-3,9.996099472E-1,1.768038172E2,1.583983471E-1,-6.098492073E-2,1.768037294E2
4.817820619E1,2.789027559E-2,5.720735644E-4,1.370354672E-3,9.996098876E-1,1.768035954E2,1.587984537E-1,-6.114959944E-2,1.768035071E2
4.818320619E1,2.788804757E-2,5.704772775E-4,1.372883096E-3,9.996099472E-1,1.768038508E2,1.590828395E-1,-6.095902328E-2,1.768037626E2
4.818820619E1,2.789407698E-2,5.737307947E-4,1.379217254E-3,9.996097684E-1,1.768031596E2,1.598191672E-1,-6.131049669E-2,1.768030705E2
4.819320619E1,2.789417530E-2,5.753368023E-4,1.376557164E-3,9.996097684E-1,1.768031483E2,1.595196015E-1,-6.150294717E-2,1.768030591E2
4.819820619E1,2.789203505E-2,5.723481299E-4,1.377887442E-3,9.996098280E-1,1.768033937E2,1.596622962E-1,-6.115669369E-2,1.768033049E2
4.820320619E1,2.789423348E-2,5.748965195E-4,1.375561813E-3,9.996097684E-1,1.768031416E2,1.594041830E-1,-6.145568655E-2,1.768030526E2
4.820820619E1,2.789427008E-2,5.749457632E-4,1.374798943E-3,9.996097684E-1,1.768031374E2,1.593169582E-1,-6.146375997E-2,1.768030484E2
4.821320619E1,2.789454581E-2,5.749698030E-4,1.369182835E-3,9.996097684E-1,1.768031058E2,1.586737430E-1,-6.148442199E-2,1.768030172E2
4.821820619E1,2.789237441E-2,5.734539009E-4,1.370538492E-3,9.996098280E-1,1.768033547E2,1.588240504E-1,-6.130679171E-2,1.768032662E2
4.822320619E1,2.789629936E-2,5.762860528E-4,1.376400120E-3,9.996097088E-1,1.768029048E2,1.595047779E-1,-6.161184392E-2,1.768028155E2
4.822820619E1,2.789402148E-2,5.749153206E-4,1.379846479E-3,9.996097684E-1,1.768031659E2,1.598950263E-1,-6.144417798E-2,1.768030766E2
4.823320619E1,2.789395068E-2,5.750363925E-4,1.381226466E-3,9.996097684E-1,1.768031741E2,1.600534825E-1,-6.145364658E-2,1.768030846E2
4.823820619E1,2.790212803E-2,5.799081409E-4,1.386559452E-3,9.996095300E-1,1.768022366E2,1.606804413E-1,-6.199332874E-2,1.768021461E2
4.824320619E1,2.790020742E-2,5.790697178E-4,1.382581075E-3,9.996095896E-1,1.768024568E2,1.602219298E-1,-6.191031849E-2,1.768023666E2
4.824820619E1,2.789396226E-2,5.748211406E-4,1.381082227E-3,9.996097684E-1,1.768031727E2,1.600362730E-1,-6.142944935E-2,1.768030834E2
4.825320619E1,2.789605864E-2,5.760288914E-4,1.381377457E-3,9.996097088E-1,1.768029324E2,1.600740806E-1,-6.156651401E-2,1.768028428E2
4.825820619E1,2.789780879E-2,5.765037495E-4,1.388946315E-3,9.996096492E-1,1.768027318E2,1.609426975E-1,-6.159643001E-2,1.768026416E2
4.826320619E1,2.789806314E-2,5.779245985E-4,1.383235329E-3,9.996096492E-1,1.768027026E2,1.602930788E-1,-6.177740073E-2,1.768026126E2
4.826820619E1,2.790450884E-2,5.827096174E-4,1.380430302E-3,9.996094704E-1,1.768019637E2,1.599874714E-1,-6.233344559E-2,1.768018731E2
4.827320619E1,2.790687834E-2,5.843229010E-4,1.374999178E-3,9.996094108E-1,1.768016921E2,1.593706593E-1,-6.253523153E-2,1.768016015E2
4.827820619E1,2.790463638E-2,5.822104868E-4,1.378060668E-3,9.996094704E-1,1.768019491E2,1.597144485E-1,-6.228382878E-2,1.768018587E2
4.828320619E1,2.791093610E-2,5.881342804E-4,1.377673470E-3,9.996092916E-1,1.768012269E2,1.596894367E-1,-6.296261237E-2,1.768011356E2
4.828820619E1,2.791538004E-2,5.913471105E-4,1.372745843E-3,9.996091723E-1,1.768007175E2,1.591355496E-1,-6.334568515E-2,1.768006259E2
4.829320619E1,2.790493132E-2,5.838669022E-4,1.371371211E-3,9.996094704E-1,1.768019153E2,1.589535061E-1,-6.249491010E-2,1.768018250E2
4.829820619E1,2.790881979E-2,5.858668010E-4,1.378265326E-3,9.996093512E-1,1.768014695E2,1.597498465E-1,-6.270132501E-2,1.768013785E2
4.830320619E1,2.791327815E-2,5.890441244E-4,1.373074134E-3,9.996092319E-1,1.768009584E2,1.591656542E-1,-6.308116994E-2,1.768008672E2
4.830820619E1,2.791316249E-2,5.888032611E-4,1.375526423E-3,9.996092319E-1,1.768009717E2,1.594457789E-1,-6.304575408E-2,1.768008804E2
4.831320619E1,2.791078265E-2,5.879171658E-4,1.380871166E-3,9.996092916E-1,1.768012445E2,1.600550193E-1,-6.292753948E-2,1.768011530E2
4.831820619E1,2.791089902E-2,5.884178681E-4,1.378303394E-3,9.996092916E-1,1.768012312E2,1.597624973E-1,-6.299308759E-2,1.768011397E2
4.832320619E1,2.791530972E-2,5.905184080E-4,1.374531421E-3,9.996091723E-1,1.768007255E2,1.593374268E-1,-6.324505914E-2,1.768006340E2
4.832820619E1,2.790932264E-2,5.863949191E-4,1.367818681E-3,9.996093512E-1,1.768014119E2,1.585549345E-1,-6.279515006E-2,1.768013214E2
4.833320619E1,2.790276816E-2,5.806616973E-4,1.373298932E-3,9.996095300E-1,1.768021632E2,1.591639365E-1,-6.212194406E-2,1.768020734E2
4.833820619E1,2.790467435E-2,5.834798794E-4,1.376754255E-3,9.996094704E-1,1.768019447E2,1.595688645E-1,-6.243340519E-2,1.768018542E2
4.834320619E1,2.791297190E-2,5.894232308E-4,1.379123889E-3,9.996092319E-1,1.768009935E2,1.598598293E-1,-6.310529288E-2,1.768009019E2
4.834820619E1,2.791094161E-2,5.870863097E-4,1.378008630E-3,9.996092916E-1,1.768012263E2,1.597244766E-1,-6.284149779E-2,1.768011351E2
4.835320619E1,2.790864503E-2,5.852439790E-4,1.382063376E-3,9.996093512E-1,1.768014895E2,1.601828990E-1,-6.261786378E-2,1.768013984E2
4.835820619E1,2.790428384E-2,5.830195150E-4,1.384840463E-3,9.996094704E-1,1.768019895E2,1.604936196E-1,-6.235487706E-2,1.768018986E2
4.836320619E1,2.790033146E-2,5.798588973E-4,1.379744266E-3,9.996095896E-1,1.768024426E2,1.598995126E-1,-6.200976658E-2,1.768023525E2
4.836820619E1,2.789843986E-2,5.777788465E-4,1.375677530E-3,9.996096492E-1,1.768026594E2,1.594269120E-1,-6.178480732E-2,1.768025699E2
4.837320619E1,2.790889263E-2,5.856347852E-4,1.376888249E-3,9.996093512E-1,1.768014612E2,1.595913688E-1,-6.267914090E-2,1.768013703E2
4.837820619E1,2.791733085E-2,5.932715721E-4,1.375643420E-3,9.996091127E-1,1.768004938E2,1.594737393E-1,-6.355654562E-2,1.768004018E2
4.838320619E1,2.791531170E-2,5.919940304E-4,1.373856328E-3,9.996091723E-1,1.768007253E2,1.592648178E-1,-6.341624625E-2,1.768006336E2
4.838820619E1,2.790698435E-2,5.843514227E-4,1.372833736E-3,9.996094108E-1,1.768016799E2,1.591227121E-1,-6.254540678E-2,1.768015895E2
4.839320619E1,2.790474774E-2,5.824841210E-4,1.375688124E-3,9.996094704E-1,1.768019363E2,1.594435625E-1,-6.232274171E-2,1.768018460E2
4.839820619E1,2.791102173E-2,5.886603612E-4,1.375712454E-3,9.996092916E-1,1.768012171E2,1.594664962E-1,-6.302913181E-2,1.768011258E2
4.840320619E1,2.791508138E-2,5.902829580E-4,1.379261725E-3,9.996091723E-1,1.768007517E2,1.598785015E-1,-6.320299359E-2,1.768006599E2
4.840820619E1,2.790244394E-2,5.803038366E-4,1.380021218E-3,9.996095300E-1,1.768022004E2,1.599327905E-1,-6.205950951E-2,1.768021102E2
4.841320619E1,2.791067513E-2,5.868891021E-4,1.383479335E-3,9.996092916E-1,1.768012568E2,1.603504823E-1,-6.280145324E-2,1.768011653E2
4.841820619E1,2.791286207E-2,5.888165906E-4,1.381603652E-3,9.996092319E-1,1.768010061E2,1.601419314E-1,-6.302788978E-2,1.768009144E2
4.842320619E1,2.790241274E-2,5.811394076E-4,1.380300382E-3,9.996095300E-1,1.768022040E2,1.599674378E-1,-6.215433390E-2,1.768021136E2
4.842820619E1,2.790229805E-2,5.812523887E-4,1.382569433E-3,9.996095300E-1,1.768022171E2,1.602277052E-1,-6.216003868E-2,1.768021266E2
4.843320619E1,2.791072440E-2,5.866530701E-4,1.382585033E-3,9.996092916E-1,1.768012512E2,1.602472907E-1,-6.277726898E-2,1.768011598E2
4.843820619E1,2.790032500E-2,5.794123863E-4,1.380062546E-3,9.996095896E-1,1.768024433E2,1.599345425E-1,-6.195760357E-2,1.768023533E2
4.844320619E1,2.789192902E-2,5.724444054E-4,1.379991998E-3,9.996098280E-1,1.768034058E2,1.599036683E-1,-6.116101194E-2,1.768033169E2
4.844820619E1,2.789620508E-2,5.761922221E-4,1.378348796E-3,9.996097088E-1,1.768029156E2,1.597276874E-1,-6.159488149E-2,1.768028262E2
4.845320619E1,2.790264366E-2,5.821168888E-4,1.375211054E-3,9.996095300E-1,1.768021775E2,1.593876100E-1,-6.228253747E-2,1.768020873E2
4.845820619E1,2.790033653E-2,5.792528391E-4,1.379896421E-3,9.996095896E-1,1.768024420E2,1.599150040E-1,-6.193985724E-2,1.768023520E2
4.846320619E1,2.790034166E-2,5.801101215E-4,1.379432390E-3,9.996095896E-1,1.768024414E2,1.598645919E-1,-6.203953904E-2,1.768023513E2
4.846820619E1,2.789825411E-2,5.778750055E-4,1.379398978E-3,9.996096492E-1,1.768026807E2,1.598534892E-1,-6.178395420E-2,1.768025910E2
4.847320619E1,2.790264093E-2,5.810009898E-4,1.375738415E-3,9.996095300E-1,1.768021778E2,1.594444493E-1,-6.215302895E-2,1.768020878E2
4.847820619E1,2.790910578E-2,5.858737277E-4,1.372458995E-3,9.996093512E-1,1.768014367E2,1.590847883E-1,-6.272064279E-2,1.768013461E2
4.848320619E1,2.790266982E-2,5.819513462E-4,1.374750282E-3,9.996095300E-1,1.768021745E2,1.593343022E-1,-6.226504424E-2,1.768020844E2
4.848820619E1,2.789855777E-2,5.788907292E-4,1.372815925E-3,9.996096492E-1,1.768026459E2,1.591026856E-1,-6.192129983E-2,1.768025564E2
4.849320619E1,2.790276480E-2,5.816285848E-4,1.372958068E-3,9.996095300E-1,1.768021636E2,1.591279831E-1,-6.223378842E-2,1.768020737E2
4.849820619E1,2.790071528E-2,5.790445139E-4,1.372304861E-3,9.996095896E-1,1.768023986E2,1.590447702E-1,-6.194020599E-2,1.768023091E2
4.850320619E1,2.789638128E-2,5.766042159E-4,1.374605228E-3,9.996097088E-1,1.768028954E2,1.593002005E-1,-6.165401330E-2,1.768028062E2
4.850820619E1,2.790074254E-2,5.801974330E-4,1.371263177E-3,9.996095896E-1,1.768023955E2,1.589291364E-1,-6.207559546E-2,1.768023058E2
4.851320619E1,2.790285676E-2,5.812910385E-4,1.371231047E-3,9.996095300E-1,1.768021531E2,1.589290842E-1,-6.220063112E-2,1.768020633E2
4.851820619E1,2.789661601E-2,5.761352368E-4,1.370030688E-3,9.996097088E-1,1.768028685E2,1.587747153E-1,-6.161487974E-2,1.768027796E2
4.852320619E1,2.789225143E-2,5.735845189E-4,1.372984494E-3,9.996098280E-1,1.768033688E2,1.591046429E-1,-6.131395495E-2,1.768032802E2
4.852820619E1,2.790088174E-2,5.793006858E-4,1.368807978E-3,9.996095896E-1,1.768023795E2,1.586450417E-1,-6.198070377E-2,1.768022902E2
4.853320619E1,2.790090326E-2,5.806057015E-4,1.367816003E-3,9.996095896E-1,1.768023770E2,1.585355880E-1,-6.213335744E-2,1.768022875E2
4.853820619E1,2.789681865E-2,5.765863461E-4,1.365707838E-3,9.996097088E-1,1.768028453E2,1.582809999E-1,-6.168034014E-2,1.768027566E2
4.854320619E1,2.789283231E-2,5.744976224E-4,1.360747381E-3,9.996098280E-1,1.768033023E2,1.577058712E-1,-6.145757006E-2,1.768032142E2
4.854820619E1,2.790357668E-2,5.825420376E-4,1.355965389E-3,9.996095300E-1,1.768020706E2,1.571844927E-1,-6.239262823E-2,1.768019815E2
4.855320619E1,2.790366161E-2,5.819363869E-4,1.354477019E-3,9.996095300E-1,1.768020608E2,1.570120728E-1,-6.232799873E-2,1.768019720E2
4.855820619E1,2.790361514E-2,5.833755131E-4,1.354815089E-3,9.996095300E-1,1.768020662E2,1.570553969E-1,-6.249177238E-2,1.768019770E2
4.856320619E1,2.791226116E-2,5.891312030E-4,1.350126346E-3,9.996092916E-1,1.768010750E2,1.565372667E-1,-6.316470733E-2,1.768009853E2
4.856820619E1,2.790827720E-2,5.860983511E-4,1.345535857E-3,9.996094108E-1,1.768015317E2,1.560014879E-1,-6.283260868E-2,1.768014427E2
4.857320619E1,2.790415774E-2,5.826700944E-4,1.343899290E-3,9.996095300E-1,1.768020040E2,1.558028020E-1,-6.244578881E-2,1.768019156E2
4.857820619E1,2.790387394E-2,5.835511256E-4,1.349398517E-3,9.996095300E-1,1.768020365E2,1.564355221E-1,-6.252916783E-2,1.768019477E2
4.858320619E1,2.791416483E-2,5.905639264E-4,1.354266889E-3,9.996092319E-1,1.768008568E2,1.570162574E-1,-6.331527825E-2,1.768007665E2
4.858820619E1,2.791022510E-2,5.880600656E-4,1.348553807E-3,9.996093512E-1,1.768013084E2,1.563535824E-1,-6.304736035E-2,1.768012189E2
4.859320619E1,2.790608275E-2,5.854875781E-4,1.347034355E-3,9.996094704E-1,1.768017833E2,1.561710452E-1,-6.275819700E-2,1.768016943E2
4.859820619E1,2.790594078E-2,5.843213294E-4,1.350477571E-3,9.996094704E-1,1.768017996E2,1.565617169E-1,-6.261361810E-2,1.768017105E2
4.860320619E1,2.790807891E-2,5.869635497E-4,1.349266386E-3,9.996094108E-1,1.768015544E2,1.564315638E-1,-6.291981471E-2,1.768014651E2
4.860820619E1,2.791035176E-2,5.881810794E-4,1.345877070E-3,9.996093512E-1,1.768012939E2,1.560473650E-1,-6.306976351E-2,1.768012046E2
4.861320619E1,2.790824305E-2,5.857200013E-4,1.346408622E-3,9.996094108E-1,1.768015356E2,1.561002484E-1,-6.278648401E-2,1.768014467E2
4.861820619E1,2.790194096E-2,5.813007010E-4,1.346182078E-3,9.996095896E-1,1.768022581E2,1.560597715E-1,-6.228197559E-2,1.768021698E2
4.862320619E1,2.790019378E-2,5.804804969E-4,1.338466653E-3,9.996096492E-1,1.768024584E2,1.551732605E-1,-6.221296445E-2,1.768023707E2
4.862820619E1,2.789830552E-2,5.798389902E-4,1.333580469E-3,9.996097088E-1,1.768026748E2,1.546113937E-1,-6.215539613E-2,1.768025876E2
4.863320619E1,2.790030803E-2,5.808702554E-4,1.335913548E-3,9.996096492E-1,1.768024453E2,1.548820631E-1,-6.226575519E-2,1.768023577E2
4.863820619E1,2.790459326E-2,5.843836116E-4,1.334076398E-3,9.996095300E-1,1.768019540E2,1.546831251E-1,-6.267340978E-2,1.768018660E2
4.864320619E1,2.790891566E-2,5.871087196E-4,1.331782551E-3,9.996094108E-1,1.768014585E2,1.544293586E-1,-6.299222963E-2,1.768013702E2
4.864820619E1,2.790703780E-2,5.859724479E-4,1.326887053E-3,9.996094704E-1,1.768016738E2,1.538648414E-1,-6.287801922E-2,1.768015860E2
4.865320619E1,2.790265828E-2,5.822960520E-4,1.330796164E-3,9.996095896E-1,1.768021758E2,1.543005872E-1,-6.244507439E-2,1.768020884E2
4.865820619E1,2.790232182E-2,5.828581052E-4,1.337587368E-3,9.996095896E-1,1.768022144E2,1.550802761E-1,-6.248779313E-2,1.768021264E2
4.866320619E1,2.790249809E-2,5.826187553E-4,1.334009692E-3,9.996095896E-1,1.768021942E2,1.546697094E-1,-6.247178856E-2,1.768021065E2
4.866820619E1,2.790274409E-2,5.819776561E-4,1.329135150E-3,9.996095896E-1,1.768021660E2,1.541093101E-1,-6.241390100E-2,1.768020787E2
4.867320619E1,2.790020100E-2,5.809203722E-4,1.338125323E-3,9.996096492E-1,1.768024575E2,1.551355690E-1,-6.226444097E-2,1.768023698E2
4.867820619E1,2.789590975E-2,5.767654511E-4,1.340335235E-3,9.996097684E-1,1.768029495E2,1.553751579E-1,-6.178210926E-2,1.768028623E2
4.868320619E1,2.790030360E-2,5.813774187E-4,1.335785375E-3,9.996096492E-1,1.768024458E2,1.548690025E-1,-6.232425964E-2,1.768023582E2
4.868820619E1,2.789606191E-2,5.765678361E-4,1.337249996E-3,9.996097684E-1,1.768029320E2,1.550211304E-1,-6.176931215E-2,1.768028451E2
4.869320619E1,2.789168106E-2,5.727804382E-4,1.341142226E-3,9.996098876E-1,1.768034342E2,1.554545973E-1,-6.132371641E-2,1.768033476E2
4.869820619E1,2.790222690E-2,5.814388278E-4,1.340182615E-3,9.996095896E-1,1.768022253E2,1.553730098E-1,-6.231693593E-2,1.768021374E2
4.870320619E1,2.790437427E-2,5.832786555E-4,1.339130918E-3,9.996095300E-1,1.768019791E2,1.552585585E-1,-6.253071162E-2,1.768018910E2
4.870820619E1,2.789822620E-2,5.786782713E-4,1.335742185E-3,9.996097088E-1,1.768026839E2,1.548552961E-1,-6.201554070E-2,1.768025967E2
4.871320619E1,2.790450551E-2,5.839949008E-4,1.336080604E-3,9.996095300E-1,1.768019641E2,1.549114526E-1,-6.262248890E-2,1.768018760E2
4.871820619E1,2.791292613E-2,5.902050762E-4,1.335834037E-3,9.996092916E-1,1.768009988E2,1.549036019E-1,-6.333332844E-2,1.768009098E2
4.872320619E1,2.790670329E-2,5.855396157E-4,1.334093860E-3,9.996094704E-1,1.768017121E2,1.546889548E-1,-6.280544404E-2,1.768016240E2
4.872820619E1,2.790677299E-2,5.865610437E-4,1.332185813E-3,9.996094704E-1,1.768017042E2,1.544736646E-1,-6.292853649E-2,1.768016159E2
4.873320619E1,2.790714132E-2,5.859886878E-4,1.324700774E-3,9.996094704E-1,1.768016619E2,1.536144679E-1,-6.288685527E-2,1.768015743E2
4.873820619E1,2.790752332E-2,5.866051069E-4,1.316354261E-3,9.996094704E-1,1.768016181E2,1.526603947E-1,-6.298409806E-2,1.768015309E2
4.874320619E1,2.790361788E-2,5.843322724E-4,1.309614978E-3,9.996095896E-1,1.768020658E2,1.518809154E-1,-6.274589805E-2,1.768019794E2
4.874820619E1,2.790781617E-2,5.874702474E-4,1.309743151E-3,9.996094704E-1,1.768015846E2,1.519058968E-1,-6.310429536E-2,1.768014976E2
4.875320619E1,2.790352513E-2,5.844364059E-4,1.311543165E-3,9.996095896E-1,1.768020765E2,1.521021107E-1,-6.275167474E-2,1.768019899E2
4.875820619E1,2.789951403E-2,5.814245087E-4,1.307349652E-3,9.996097088E-1,1.768025363E2,1.516118742E-1,-6.242068893E-2,1.768024504E2
4.876320619E1,2.789729501E-2,5.782262888E-4,1.310543274E-3,9.996097684E-1,1.768027907E2,1.519673309E-1,-6.204446977E-2,1.768027051E2
4.876820619E1,2.790140210E-2,5.815330078E-4,1.312571345E-3,9.996096492E-1,1.768023198E2,1.522104688E-1,-6.241613519E-2,1.768022336E2
4.877320619E1,2.790567825E-2,5.854573683E-4,1.310706022E-3,9.996095300E-1,1.768018296E2,1.520096187E-1,-6.287097219E-2,1.768017430E2
4.877820619E1,2.790585668E-2,5.859480007E-4,1.306681545E-3,9.996095300E-1,1.768018092E2,1.515502068E-1,-6.294001518E-2,1.768017227E2
4.878320619E1,2.790131448E-2,5.811260780E-4,1.314612688E-3,9.996096492E-1,1.768023299E2,1.524429921E-1,-6.236300914E-2,1.768022436E2
4.878820619E1,2.790543823E-2,5.850805319E-4,1.315973699E-3,9.996095300E-1,1.768018572E2,1.526117955E-1,-6.281099820E-2,1.768017702E2
4.879320619E1,2.791212815E-2,5.900645046E-4,1.307670842E-3,9.996093512E-1,1.768010903E2,1.516770905E-1,-6.340743247E-2,1.768010030E2
4.879820619E1,2.790998338E-2,5.897179362E-4,1.308042323E-3,9.996094108E-1,1.768013361E2,1.517183980E-1,-6.336687148E-2,1.768012489E2
4.880320619E1,2.790552507E-2,5.850932794E-4,1.314125257E-3,9.996095300E-1,1.768018472E2,1.524001080E-1,-6.281835612E-2,1.768017604E2
4.880820619E1,2.790565129E-2,5.853626644E-4,1.311322092E-3,9.996095300E-1,1.768018327E2,1.520798832E-1,-6.285815816E-2,1.768017460E2
4.881320619E1,2.790377912E-2,5.834654439E-4,1.306562335E-3,9.996095896E-1,1.768020474E2,1.515284822E-1,-6.265634229E-2,1.768019612E2
4.881820619E1,2.789981097E-2,5.810239818E-4,1.301176264E-3,9.996097088E-1,1.768025023E2,1.509034685E-1,-6.239450218E-2,1.768024168E2
4.882320619E1,2.789977659E-2,5.812562304E-4,1.301809680E-3,9.996097088E-1,1.768025062E2,1.509767649E-1,-6.241908558E-2,1.768024207E2
4.882820619E1,2.790405383E-2,5.846231361E-4,1.300162286E-3,9.996095896E-1,1.768020159E2,1.507990946E-1,-6.280937581E-2,1.768019300E2
4.883320619E1,2.790411028E-2,5.853096955E-4,1.298640971E-3,9.996095896E-1,1.768020094E2,1.506270314E-1,-6.289287516E-2,1.768019235E2
4.883820619E1,2.790417950E-2,5.845047999E-4,1.297515701E-3,9.996095896E-1,1.768020015E2,1.504955654E-1,-6.280426473E-2,1.768019157E2
4.884320619E1,2.790003913E-2,5.807728157E-4,1.296387403E-3,9.996097088E-1,1.768024761E2,1.503541296E-1,-6.238100838E-2,1.768023910E2
4.884820619E1,2.790439090E-2,5.843055551E-4,1.293051289E-3,9.996095896E-1,1.768019772E2,1.499835562E-1,-6.279568586E-2,1.768018918E2
4.885320619E1,2.790430049E-2,5.854378105E-4,1.294489368E-3,9.996095896E-1,1.768019876E2,1.501518990E-1,-6.292079720E-2,1.768019019E2
4.885820619E1,2.789789969E-2,5.796843907E-4,1.296956674E-3,9.996097684E-1,1.768027214E2,1.504157246E-1,-6.225483456E-2,1.768026364E2
4.886320619E1,2.789784317E-2,5.796967889E-4,1.298166346E-3,9.996097684E-1,1.768027278E2,1.505543251E-1,-6.225239599E-2,1.768026428E2
4.886820619E1,2.790207389E-2,5.834480980E-4,1.297352836E-3,9.996096492E-1,1.768022428E2,1.504733985E-1,-6.268406061E-2,1.768021573E2
4.887320619E1,2.790011420E-2,5.818145582E-4,1.294302987E-3,9.996097088E-1,1.768024675E2,1.501187013E-1,-6.250698973E-2,1.768023824E2
4.887820619E1,2.790224525E-2,5.831058952E-4,1.293816487E-3,9.996096492E-1,1.768022232E2,1.500672366E-1,-6.265614385E-2,1.768021379E2
4.888320619E1,2.789786436E-2,5.803747918E-4,1.297407784E-3,9.996097684E-1,1.768027254E2,1.504696029E-1,-6.233248099E-2,1.768026403E2
4.888820619E1,2.789585126E-2,5.780649371E-4,1.295800321E-3,9.996098280E-1,1.768029562E2,1.502779629E-1,-6.207333599E-2,1.768028716E2
4.889320619E1,2.789366897E-2,5.770493881E-4,1.297250157E-3,9.996098876E-1,1.768032063E2,1.504406556E-1,-6.195270173E-2,1.768031218E2
4.889820619E1,2.789388783E-2,5.774151068E-4,1.292372122E-3,9.996098876E-1,1.768031813E2,1.498830734E-1,-6.201015333E-2,1.768030969E2
4.890320619E1,2.790236613E-2,5.842766259E-4,1.290677581E-3,9.996096492E-1,1.768022093E2,1.497114352E-1,-6.280026576E-2,1.768021241E2
4.890820619E1,2.790036279E-2,5.813154276E-4,1.289158361E-3,9.996097088E-1,1.768024390E2,1.495278189E-1,-6.246622712E-2,1.768023543E2
4.891320619E1,2.790031057E-2,5.823821994E-4,1.289806794E-3,9.996097088E-1,1.768024450E2,1.496055027E-1,-6.258635711E-2,1.768023601E2
4.891820619E1,2.790241122E-2,5.829329602E-4,1.290310291E-3,9.996096492E-1,1.768022042E2,1.496650694E-1,-6.264752073E-2,1.768021191E2
4.892320619E1,2.790454649E-2,5.853188341E-4,1.289229724E-3,9.996095896E-1,1.768019594E2,1.495490572E-1,-6.292395071E-2,1.768018741E2
4.892820619E1,2.790246775E-2,5.827578716E-4,1.289166510E-3,9.996096492E-1,1.768021977E2,1.495334963E-1,-6.263111362E-2,1.768021128E2
4.893320619E1,2.790432722E-2,5.850371090E-4,1.294094371E-3,9.996095896E-1,1.768019845E2,1.501053736E-1,-6.287615716E-2,1.768018989E2
4.893820619E1,2.791287966E-2,5.916986265E-4,1.290782238E-3,9.996093512E-1,1.768010041E2,1.497478256E-1,-6.364852299E-2,1.768009177E2
4.894320619E1,2.791518688E-2,5.930666812E-4,1.286410959E-3,9.996092916E-1,1.768007396E2,1.492516320E-1,-6.381886709E-2,1.768006533E2
4.894820619E1,2.790901913E-2,5.895423819E-4,1.282903948E-3,9.996094704E-1,1.768014467E2,1.488382482E-1,-6.342730688E-2,1.768013611E2
4.895320619E1,2.791102623E-2,5.912845372E-4,1.284878119E-3,9.996094108E-1,1.768012166E2,1.490700836E-1,-6.362025210E-2,1.768011306E2
4.895820619E1,2.791301661E-2,5.918683601E-4,1.287739375E-3,9.996093512E-1,1.768009884E2,1.493998262E-1,-6.367767807E-2,1.768009022E2
4.896320619E1,2.790883798E-2,5.881719408E-4,1.287465682E-3,9.996094704E-1,1.768014674E2,1.493563868E-1,-6.325576479E-2,1.768013818E2
4.896820619E1,2.790223146E-2,5.832034512E-4,1.294069807E-3,9.996096492E-1,1.768022248E2,1.500965647E-1,-6.266651068E-2,1.768021395E2
4.897320619E1,2.789993155E-2,5.817064084E-4,1.298282645E-3,9.996097088E-1,1.768024884E2,1.505742023E-1,-6.248190524E-2,1.768024031E2
4.897820619E1,2.790622994E-2,5.860293168E-4,1.298648887E-3,9.996095300E-1,1.768017664E2,1.506303730E-1,-6.297496079E-2,1.768016804E2
4.898320619E1,2.790619368E-2,5.856630742E-4,1.299593132E-3,9.996095300E-1,1.768017706E2,1.507373599E-1,-6.292999472E-2,1.768016845E2
4.898820619E1,2.790850156E-2,5.889444728E-4,1.294386690E-3,9.996094704E-1,1.768015060E2,1.501516175E-1,-6.332217162E-2,1.768014198E2
4.899320619E1,2.791466964E-2,5.933571374E-4,1.297453768E-3,9.996092916E-1,1.768007989E2,1.505174492E-1,-6.381689059E-2,1.768007118E2
4.899820619E1,2.791247503E-2,5.911285989E-4,1.299762167E-3,9.996093512E-1,1.768010505E2,1.507746009E-1,-6.355456534E-2,1.768009636E2
4.900320619E1,2.790816885E-2,5.872038309E-4,1.302326680E-3,9.996094704E-1,1.768015441E2,1.510555320E-1,-6.309744345E-2,1.768014577E2
4.900820619E1,2.791229488E-2,5.910151522E-4,1.303676749E-3,9.996093512E-1,1.768010711E2,1.512226303E-1,-6.352907635E-2,1.768009840E2
4.901320619E1,2.792295491E-2,6.002903101E-4,1.299665892E-3,9.996090531E-1,1.767998491E2,1.507935565E-1,-6.460273730E-2,1.767997608E2
4.901820619E1,2.792522884E-2,6.012209342E-4,1.296217903E-3,9.996089935E-1,1.767995884E2,1.504017249E-1,-6.472002813E-2,1.767995002E2
4.902320619E1,2.791676462E-2,5.952728097E-4,1.297422918E-3,9.996092319E-1,1.768005587E2,1.505201780E-1,-6.403610799E-2,1.768004714E2
4.902820619E1,2.791265212E-2,5.915078218E-4,1.295780530E-3,9.996093512E-1,1.768010302E2,1.503197404E-1,-6.361071324E-2,1.768009435E2
4.903320619E1,2.791071653E-2,5.899117677E-4,1.292215777E-3,9.996094108E-1,1.768012521E2,1.499061801E-1,-6.343958297E-2,1.768011659E2
4.903820619E1,2.791510203E-2,5.931746564E-4,1.288201311E-3,9.996092916E-1,1.768007493E2,1.494570514E-1,-6.382552078E-2,1.768006629E2
4.904320619E1,2.791098869E-2,5.902974517E-4,1.286146813E-3,9.996094108E-1,1.768012209E2,1.492122490E-1,-6.350313232E-2,1.768011350E2
4.904820619E1,2.791505505E-2,5.938048707E-4,1.288928674E-3,9.996092916E-1,1.768007547E2,1.495423818E-1,-6.389539008E-2,1.768006681E2
4.905320619E1,2.791304860E-2,5.917637609E-4,1.287093968E-3,9.996093512E-1,1.768009847E2,1.493255642E-1,-6.366775625E-2,1.768008986E2
4.905820619E1,2.791723528E-2,5.959773553E-4,1.286929590E-3,9.996092319E-1,1.768005048E2,1.493204826E-1,-6.415031050E-2,1.768004180E2
4.906320619E1,2.790898317E-2,5.889733438E-4,1.283947262E-3,9.996094704E-1,1.768014508E2,1.489559345E-1,-6.335879397E-2,1.768013652E2
4.906820619E1,2.791311201E-2,5.925844307E-4,1.285339938E-3,9.996093512E-1,1.768009775E2,1.491272746E-1,-6.376736250E-2,1.768008913E2
4.907320619E1,2.791737914E-2,5.955091328E-4,1.284022466E-3,9.996092319E-1,1.768004883E2,1.489859914E-1,-6.410595605E-2,1.768004017E2
4.907820619E1,2.791099375E-2,5.897388910E-4,1.286293380E-3,9.996094108E-1,1.768012203E2,1.492272516E-1,-6.343868142E-2,1.768011345E2
4.908320619E1,2.791288847E-2,5.910711479E-4,1.290879329E-3,9.996093512E-1,1.768010031E2,1.497569404E-1,-6.357633543E-2,1.768009168E2
4.908820619E1,2.792108201E-2,5.974764354E-4,1.295349211E-3,9.996091127E-1,1.768000638E2,1.502899688E-1,-6.429451119E-2,1.767999762E2
4.909320619E1,2.792123813E-2,5.991691141E-4,1.291195396E-3,9.996091127E-1,1.768000459E2,1.498195879E-1,-6.450166932E-2,1.767999583E2
4.909820619E1,2.791258626E-2,5.920218537E-4,1.296964008E-3,9.996093512E-1,1.768010377E2,1.504569444E-1,-6.366581835E-2,1.768009509E2
4.910320619E1,2.791453222E-2,5.920421681E-4,1.301006065E-3,9.996092916E-1,1.768008147E2,1.509201390E-1,-6.365492244E-2,1.768007276E2
4.910820619E1,2.792087966E-2,5.980538554E-4,1.299437718E-3,9.996091127E-1,1.768000870E2,1.507601296E-1,-6.434760169E-2,1.767999991E2
4.911320619E1,2.792327024E-2,5.999097484E-4,1.293049892E-3,9.996090531E-1,1.767998130E2,1.500345161E-1,-6.458026790E-2,1.767997252E2
4.911820619E1,2.792127636E-2,5.991116632E-4,1.290395157E-3,9.996091127E-1,1.768000415E2,1.497277415E-1,-6.449764324E-2,1.767999540E2
4.912320619E1,2.792754193E-2,6.029175129E-4,1.291552675E-3,9.996089339E-1,1.767993233E2,1.498729167E-1,-6.492894810E-2,1.767992351E2
4.912820619E1,2.792544742E-2,6.009507924E-4,1.291626017E-3,9.996089935E-1,1.767995634E2,1.498748876E-1,-6.470374592E-2,1.767994755E2
4.913320619E1,2.791301943E-2,5.914093344E-4,1.287889085E-3,9.996093512E-1,1.768009881E2,1.494155069E-1,-6.362461885E-2,1.768009019E2
4.913820619E1,2.791716910E-2,5.952659994E-4,1.288693398E-3,9.996092319E-1,1.768005124E2,1.495202415E-1,-6.406319413E-2,1.768004256E2
4.914320619E1,2.792558383E-2,6.017579581E-4,1.288296655E-3,9.996089935E-1,1.767995477E2,1.494961112E-1,-6.480683808E-2,1.767994600E2
4.914820619E1,2.792561072E-2,6.021927693E-4,1.287510386E-3,9.996089935E-1,1.767995447E2,1.494074397E-1,-6.485915645E-2,1.767994569E2
4.915320619E1,2.792165566E-2,5.981479771E-4,1.282611396E-3,9.996091127E-1,1.767999981E2,1.488330756E-1,-6.441210479E-2,1.767999112E2
4.915820619E1,2.792589458E-2,6.019556313E-4,1.281450270E-3,9.996089935E-1,1.767995121E2,1.487125310E-1,-6.485134398E-2,1.767994248E2
4.916320619E1,2.792576245E-2,6.021155277E-4,1.284251455E-3,9.996089935E-1,1.767995273E2,1.490339016E-1,-6.486071506E-2,1.767994397E2
4.916820619E1,2.793011473E-2,6.059601437E-4,1.280578901E-3,9.996088743E-1,1.767990283E2,1.486258098E-1,-6.531220906E-2,1.767989404E2
4.917320619E1,2.792796567E-2,6.032277015E-4,1.282211277E-3,9.996089339E-1,1.767992747E2,1.488039078E-1,-6.499431189E-2,1.767991871E2
4.917820619E1,2.792342754E-2,6.005101604E-4,1.289369189E-3,9.996090531E-1,1.767997949E2,1.496148340E-1,-6.466079737E-2,1.767997073E2
4.918320619E1,2.792973551E-2,6.056064740E-4,1.288989559E-3,9.996088743E-1,1.767990718E2,1.495880687E-1,-6.524483454E-2,1.767989834E2
4.918820619E1,2.792568237E-2,6.019537686E-4,1.286067301E-3,9.996089935E-1,1.767995365E2,1.492413785E-1,-6.483638706E-2,1.767994488E2
4.919320619E1,2.792152970E-2,5.984385498E-4,1.285215374E-3,9.996091127E-1,1.768000125E2,1.491322752E-1,-6.443707586E-2,1.767999254E2
4.919820619E1,2.792148282E-2,5.994094536E-4,1.285781269E-3,9.996091127E-1,1.768000179E2,1.492002005E-1,-6.454648611E-2,1.767999306E2
4.920320619E1,2.791923077E-2,5.973838270E-4,1.289283158E-3,9.996091723E-1,1.768002760E2,1.495947050E-1,-6.430358925E-2,1.768001889E2
4.920820619E1,2.791713805E-2,5.944488221E-4,1.289742766E-3,9.996092319E-1,1.768005159E2,1.496378271E-1,-6.396623662E-2,1.768004292E2
4.921320619E1,2.792112645E-2,5.979433190E-4,1.294175279E-3,9.996091127E-1,1.768000587E2,1.501569952E-1,-6.435174067E-2,1.767999711E2
4.921820619E1,2.791897826E-2,5.972037325E-4,1.294822781E-3,9.996091723E-1,1.768003050E2,1.502286600E-1,-6.426527449E-2,1.768002175E2
4.922320619E1,2.791499052E-2,5.931009655E-4,1.290649292E-3,9.996092916E-1,1.768007621E2,1.497372176E-1,-6.380926552E-2,1.768006755E2
4.922820619E1,2.791104617E-2,5.912052584E-4,1.284481375E-3,9.996094108E-1,1.768012143E2,1.490243855E-1,-6.361243696E-2,1.768011284E2
4.923320619E1,2.791932129E-2,5.962090800E-4,1.287865918E-3,9.996091723E-1,1.768002657E2,1.494286115E-1,-6.417354652E-2,1.768001788E2
4.923820619E1,2.792355403E-2,6.000056746E-4,1.286862069E-3,9.996090531E-1,1.767997804E2,1.493260446E-1,-6.461101373E-2,1.767996930E2
4.924320619E1,2.792785600E-2,6.043343456E-4,1.284077531E-3,9.996089339E-1,1.767992873E2,1.490212163E-1,-6.511511799E-2,1.767991994E2
4.924820619E1,2.793007362E-2,6.064559566E-4,1.281240606E-3,9.996088743E-1,1.767990331E2,1.487031904E-1,-6.536689106E-2,1.767989450E2
4.925320619E1,2.793435300E-2,6.085354253E-4,1.279965276E-3,9.996087551E-1,1.767985425E2,1.485640421E-1,-6.560853335E-2,1.767984542E2
4.925820619E1,2.793410876E-2,6.094519049E-4,1.284850179E-3,9.996087551E-1,1.767985705E2,1.491265109E-1,-6.569791233E-2,1.767984817E2
4.926320619E1,2.793819388E-2,6.117461598E-4,1.287679537E-3,9.996086359E-1,1.767981022E2,1.494582194E-1,-6.595104393E-2,1.767980129E2
4.926820619E1,2.793803368E-2,6.124958745E-4,1.290795160E-3,9.996086359E-1,1.767981205E2,1.498174945E-1,-6.602697042E-2,1.767980309E2
4.927320619E1,2.794030065E-2,6.136727752E-4,1.287321793E-3,9.996085763E-1,1.767978607E2,1.494235489E-1,-6.617256187E-2,1.767977711E2
4.927820619E1,2.794025754E-2,6.140841288E-4,1.288061030E-3,9.996085763E-1,1.767978656E2,1.495095406E-1,-6.621732063E-2,1.767977760E2
4.928320619E1,2.793592776E-2,6.096400903E-4,1.291567110E-3,9.996086955E-1,1.767983620E2,1.498966372E-1,-6.569769398E-2,1.767982728E2
4.928820619E1,2.793559769E-2,6.098911981E-4,1.298568910E-3,9.996086955E-1,1.767983998E2,1.506994544E-1,-6.570409237E-2,1.767983101E2
4.929320619E1,2.793979054E-2,6.119927275E-4,1.299138647E-3,9.996085763E-1,1.767979191E2,1.507717206E-1,-6.594235944E-2,1.767978291E2
4.929820619E1,2.794182831E-2,6.136925658E-4,1.300371834E-3,9.996085167E-1,1.767976855E2,1.509185561E-1,-6.613281435E-2,1.767975951E2
4.930320619E1,2.793791883E-2,6.114951102E-4,1.293752110E-3,9.996086359E-1,1.767981337E2,1.501529923E-1,-6.590288654E-2,1.767980441E2
4.930820619E1,2.793154432E-2,6.060741143E-4,1.295780647E-3,9.996088147E-1,1.767988645E2,1.503675824E-1,-6.527639356E-2,1.767987755E2
4.931320619E1,2.793168188E-2,6.066386122E-4,1.292547327E-3,9.996088147E-1,1.767988487E2,1.499990313E-1,-6.535138357E-2,1.767987599E2
4.931820619E1,2.794009457E-2,6.136114243E-4,1.291816006E-3,9.996085763E-1,1.767978843E2,1.499381374E-1,-6.615117560E-2,1.767977945E2
4.932320619E1,2.793161168E-2,6.063867477E-4,1.294181449E-3,9.996088147E-1,1.767988567E2,1.501854042E-1,-6.531731331E-2,1.767987679E2
4.932820619E1,2.792110293E-2,5.982660805E-4,1.294533373E-3,9.996091127E-1,1.768000614E2,1.501990450E-1,-6.438756973E-2,1.767999738E2
4.933320619E1,2.792122038E-2,5.981525755E-4,1.292050234E-3,9.996091127E-1,1.768000480E2,1.499142532E-1,-6.438249558E-2,1.767999605E2
4.933820619E1,2.792136456E-2,5.979489069E-4,1.289025298E-3,9.996091127E-1,1.768000314E2,1.495671133E-1,-6.436882308E-2,1.767999442E2
4.934320619E1,2.791913569E-2,5.958821857E-4,1.292034052E-3,9.996091723E-1,1.768002869E2,1.499050011E-1,-6.412279410E-2,1.768001998E2
4.934820619E1,2.791908446E-2,5.970341736E-4,1.292609260E-3,9.996091723E-1,1.768002928E2,1.499745720E-1,-6.425291799E-2,1.768002055E2
4.935320619E1,2.792538825E-2,6.008768687E-4,1.292939065E-3,9.996089935E-1,1.767995702E2,1.500250530E-1,-6.469108518E-2,1.767994822E2
4.935820619E1,2.792111264E-2,5.978439003E-4,1.294519170E-3,9.996091127E-1,1.768000603E2,1.501960678E-1,-6.433925433E-2,1.767999727E2
4.936320619E1,2.791656971E-2,5.947752506E-4,1.301837387E-3,9.996092319E-1,1.768005811E2,1.510242381E-1,-6.396502123E-2,1.768004935E2
4.936820619E1,2.792697284E-2,6.017148844E-4,1.304355566E-3,9.996089339E-1,1.767993885E2,1.513355637E-1,-6.475030328E-2,1.767992997E2
4.937320619E1,2.792698699E-2,6.022431189E-4,1.303808531E-3,9.996089339E-1,1.767993869E2,1.512745940E-1,-6.481255937E-2,1.767992980E2
4.937820619E1,2.791859683E-2,5.951542989E-4,1.303958590E-3,9.996091723E-1,1.768003487E2,1.512685581E-1,-6.400134731E-2,1.768002609E2
4.938320619E1,2.791033392E-2,5.891612964E-4,1.300793490E-3,9.996094108E-1,1.768012959E2,1.508863073E-1,-6.332624145E-2,1.768012093E2
4.938820619E1,2.791221867E-2,5.900234682E-4,1.305755810E-3,9.996093512E-1,1.768010799E2,1.514576037E-1,-6.340884356E-2,1.768009928E2
4.939320619E1,2.791643093E-2,5.938255345E-4,1.305242535E-3,9.996092319E-1,1.768005970E2,1.514112405E-1,-6.384536190E-2,1.768005094E2
4.939820619E1,2.792068387E-2,5.982071161E-4,1.303567667E-3,9.996091127E-1,1.768001095E2,1.512336809E-1,-6.435197270E-2,1.768000212E2
4.940320619E1,2.791834314E-2,5.951827625E-4,1.309365849E-3,9.996091723E-1,1.768003778E2,1.518880185E-1,-6.398734668E-2,1.768002897E2
4.940820619E1,2.791418252E-2,5.919227260E-4,1.308541745E-3,9.996092916E-1,1.768008548E2,1.517829246E-1,-6.361718823E-2,1.768007672E2
4.941320619E1,2.790783307E-2,5.870525492E-4,1.309570274E-3,9.996094704E-1,1.768015826E2,1.518847594E-1,-6.305699966E-2,1.768014958E2
4.941820619E1,2.790980712E-2,5.880303797E-4,1.312555163E-3,9.996094108E-1,1.768013563E2,1.522299218E-1,-6.315916048E-2,1.768012691E2
4.942320619E1,2.792021563E-2,5.972876097E-4,1.313976594E-3,9.996091127E-1,1.768001631E2,1.524230204E-1,-6.421341353E-2,1.768000744E2
4.942820619E1,2.792231701E-2,5.986738252E-4,1.314037014E-3,9.996090531E-1,1.767999222E2,1.524345120E-1,-6.437168631E-2,1.767998333E2
4.943320619E1,2.791381851E-2,5.910926266E-4,1.316657057E-3,9.996092916E-1,1.768008965E2,1.527098311E-1,-6.349619917E-2,1.768008085E2
4.943820619E1,2.789897513E-2,5.803252570E-4,1.319283969E-3,9.996097088E-1,1.768025981E2,1.529753674E-1,-6.225669991E-2,1.768025116E2
4.944320619E1,2.790755902E-2,5.868537701E-4,1.315486152E-3,9.996094704E-1,1.768016140E2,1.525617529E-1,-6.301535244E-2,1.768015268E2
4.944820619E1,2.791408361E-2,5.925354199E-4,1.310373191E-3,9.996092916E-1,1.768008661E2,1.519946650E-1,-6.368152694E-2,1.768007783E2
4.945320619E1,2.791400897E-2,5.913706846E-4,1.312487759E-3,9.996092916E-1,1.768008746E2,1.522331519E-1,-6.354135748E-2,1.768007869E2
4.945820619E1,2.790967279E-2,5.888282321E-4,1.315051573E-3,9.996094108E-1,1.768013717E2,1.525184217E-1,-6.324258812E-2,1.768012842E2
4.946320619E1,2.790934635E-2,5.875632050E-4,1.322524273E-3,9.996094108E-1,1.768014092E2,1.533703308E-1,-6.307383340E-2,1.768013214E2
4.946820619E1,2.790716914E-2,5.868303706E-4,1.323741744E-3,9.996094704E-1,1.768016587E2,1.535073074E-1,-6.298633009E-2,1.768015710E2
4.947320619E1,2.790509713E-2,5.847369903E-4,1.323338831E-3,9.996095300E-1,1.768018963E2,1.534543298E-1,-6.274814660E-2,1.768018089E2
4.947820619E1,2.790951230E-2,5.882982514E-4,1.318689785E-3,9.996094108E-1,1.768013901E2,1.529334629E-1,-6.317026896E-2,1.768013025E2
4.948320619E1,2.791174729E-2,5.900617689E-4,1.315776492E-3,9.996093512E-1,1.768011339E2,1.526055359E-1,-6.338125064E-2,1.768010462E2
4.948820619E1,2.790338253E-2,5.835426273E-4,1.314970665E-3,9.996095896E-1,1.768020928E2,1.524918538E-1,-6.263835720E-2,1.768020062E2
4.949320619E1,2.790341570E-2,5.831938470E-4,1.314421417E-3,9.996095896E-1,1.768020890E2,1.524278259E-1,-6.260015672E-2,1.768020024E2
4.949820619E1,2.790966051E-2,5.882016849E-4,1.315592439E-3,9.996094108E-1,1.768013731E2,1.525783715E-1,-6.316909114E-2,1.768012857E2
4.950320619E1,2.791588027E-2,5.930435145E-4,1.317319460E-3,9.996092319E-1,1.768006601E2,1.527920797E-1,-6.371723315E-2,1.768005718E2
4.950820619E1,2.791377581E-2,5.915408256E-4,1.317360788E-3,9.996092916E-1,1.768009014E2,1.527918724E-1,-6.354529438E-2,1.768008133E2
4.951320619E1,2.790942824E-2,5.874989438E-4,1.320823445E-3,9.996094108E-1,1.768013998E2,1.531753056E-1,-6.307189963E-2,1.768013121E2
4.951820619E1,2.791573893E-2,5.937919486E-4,1.319974894E-3,9.996092319E-1,1.768006763E2,1.530986371E-1,-6.379449076E-2,1.768005877E2
4.952320619E1,2.792212556E-2,5.988457124E-4,1.318020863E-3,9.996090531E-1,1.767999442E2,1.528913878E-1,-6.437865739E-2,1.767998549E2
4.952820619E1,2.792189778E-2,5.984255695E-4,1.323027653E-3,9.996090531E-1,1.767999703E2,1.534635416E-1,-6.431454595E-2,1.767998808E2
4.953320619E1,2.792389087E-2,5.991024664E-4,1.325687859E-3,9.996089935E-1,1.767997418E2,1.537705548E-1,-6.438326384E-2,1.767996520E2
4.953820619E1,2.792611137E-2,6.009474164E-4,1.323019969E-3,9.996089339E-1,1.767994873E2,1.534710035E-1,-6.460279309E-2,1.767993974E2
4.954320619E1,2.792417483E-2,6.002700538E-4,1.319162315E-3,9.996089935E-1,1.767997093E2,1.530268278E-1,-6.453784507E-2,1.767996197E2
4.954820619E1,2.792626711E-2,6.008131313E-4,1.319789793E-3,9.996089339E-1,1.767994694E2,1.531005767E-1,-6.459772449E-2,1.767993797E2
4.955320619E1,2.792832301E-2,6.038118154E-4,1.320061972E-3,9.996088743E-1,1.767992337E2,1.531414845E-1,-6.494002809E-2,1.767991436E2
4.955820619E1,2.793049647E-2,6.048759096E-4,1.318724127E-3,9.996088147E-1,1.767989846E2,1.529917856E-1,-6.506586570E-2,1.767988943E2
4.956320619E1,2.792617870E-2,6.010012003E-4,1.321573625E-3,9.996089339E-1,1.767994796E2,1.533055056E-1,-6.461357211E-2,1.767993897E2
4.956820619E1,2.792398847E-2,5.988044431E-4,1.323765260E-3,9.996089935E-1,1.767997306E2,1.535493793E-1,-6.435526343E-2,1.767996410E2
4.957320619E1,2.792617027E-2,6.006357726E-4,1.321917749E-3,9.996089339E-1,1.767994805E2,1.533437538E-1,-6.457061357E-2,1.767993907E2
4.957820619E1,2.792218282E-2,5.976788816E-4,1.317337272E-3,9.996090531E-1,1.767999376E2,1.528093544E-1,-6.424717922E-2,1.767998486E2
4.958320619E1,2.792007863E-2,5.962967407E-4,1.317333430E-3,9.996091127E-1,1.768001788E2,1.528043567E-1,-6.408919336E-2,1.768000900E2
4.958820619E1,2.791360580E-2,5.922222626E-4,1.320652897E-3,9.996092916E-1,1.768009209E2,1.531711429E-1,-6.361284617E-2,1.768008325E2
4.959320619E1,2.791590226E-2,5.936869420E-4,1.316563576E-3,9.996092319E-1,1.768006576E2,1.527075551E-1,-6.379335044E-2,1.768005693E2
4.959820619E1,2.791404645E-2,5.920957192E-4,1.311363070E-3,9.996092916E-1,1.768008703E2,1.521066439E-1,-6.362799984E-2,1.768007826E2
4.960320619E1,2.791412809E-2,5.922499113E-4,1.309554558E-3,9.996092916E-1,1.768008610E2,1.518999826E-1,-6.365143473E-2,1.768007733E2
4.960820619E1,2.791623094E-2,5.944370641E-4,1.309235347E-3,9.996092319E-1,1.768006199E2,1.518705490E-1,-6.390266774E-2,1.768005319E2
4.961320619E1,2.792046468E-2,5.965976161E-4,1.308988780E-3,9.996091127E-1,1.768001346E2,1.518494892E-1,-6.415029772E-2,1.768000463E2
4.961820619E1,2.791839452E-2,5.962030264E-4,1.307805302E-3,9.996091723E-1,1.768003719E2,1.517125300E-1,-6.410919951E-2,1.768002837E2
4.962320619E1,2.791610947E-2,5.930446205E-4,1.312452951E-3,9.996092319E-1,1.768006339E2,1.522346535E-1,-6.373289297E-2,1.768005459E2
4.962820619E1,2.792004695E-2,5.970198545E-4,1.317677437E-3,9.996091127E-1,1.768001825E2,1.528460734E-1,-6.417092793E-2,1.768000935E2
4.963320619E1,2.792219753E-2,5.986610777E-4,1.316579175E-3,9.996090531E-1,1.767999359E2,1.527256606E-1,-6.436211009E-2,1.767998468E2
4.963820619E1,2.792215857E-2,5.990622449E-4,1.317222835E-3,9.996090531E-1,1.767999404E2,1.528006712E-1,-6.440600892E-2,1.767998512E2
4.964320619E1,2.792020649E-2,5.970143247E-4,1.314294990E-3,9.996091127E-1,1.768001642E2,1.524586167E-1,-6.418109230E-2,1.768000755E2
4.964820619E1,2.792439059E-2,5.997752887E-4,1.314812922E-3,9.996089935E-1,1.767996845E2,1.525270484E-1,-6.449505631E-2,1.767995953E2
4.965320619E1,2.792449034E-2,5.998612614E-4,1.312653534E-3,9.996089935E-1,1.767996731E2,1.522799785E-1,-6.451179904E-2,1.767995840E2
4.965820619E1,2.792457419E-2,6.006435724E-4,1.310510212E-3,9.996089935E-1,1.767996635E2,1.520369763E-1,-6.460825613E-2,1.767995744E2
4.966320619E1,2.791623419E-2,5.936199450E-4,1.309536747E-3,9.996092319E-1,1.768006196E2,1.519024595E-1,-6.380810466E-2,1.768005317E2
4.966820619E1,2.792246753E-2,5.991257494E-4,1.310628024E-3,9.996090531E-1,1.767999050E2,1.520454782E-1,-6.443433782E-2,1.767998162E2
4.967320619E1,2.792267002E-2,5.986256292E-4,1.306536375E-3,9.996090531E-1,1.767998818E2,1.515752046E-1,-6.439011229E-2,1.767997933E2
4.967820619E1,2.791819520E-2,5.956514506E-4,1.312303939E-3,9.996091723E-1,1.768003948E2,1.522260580E-1,-6.403165611E-2,1.768003064E2
4.968320619E1,2.791591931E-2,5.933242501E-4,1.316365437E-3,9.996092319E-1,1.768006557E2,1.526836997E-1,-6.375243648E-2,1.768005674E2
4.968820619E1,2.791364665E-2,5.922282580E-4,1.319786534E-3,9.996092916E-1,1.768009162E2,1.530719253E-1,-6.361629795E-2,1.768008279E2
4.969320619E1,2.791385413E-2,5.921759293E-4,1.315414440E-3,9.996092916E-1,1.768008924E2,1.525709607E-1,-6.362425747E-2,1.768008044E2
4.969820619E1,2.790949993E-2,5.879492383E-4,1.319107250E-3,9.996094108E-1,1.768013915E2,1.529801653E-1,-6.312895733E-2,1.768013039E2
4.970320619E1,2.790945503E-2,5.887855077E-4,1.319684088E-3,9.996094108E-1,1.768013967E2,1.530489123E-1,-6.322291133E-2,1.768013089E2
4.970820619E1,2.790735167E-2,5.864544073E-4,1.320055220E-3,9.996094704E-1,1.768016378E2,1.530838360E-1,-6.295502630E-2,1.768015504E2
4.971320619E1,2.790314384E-2,5.827962887E-4,1.320355455E-3,9.996095896E-1,1.768021202E2,1.531062644E-1,-6.253568471E-2,1.768020333E2
4.971820619E1,2.790104447E-2,5.809270660E-4,1.320418436E-3,9.996096492E-1,1.768023608E2,1.531073705E-1,-6.232169131E-2,1.768022743E2
4.972320619E1,2.790737193E-2,5.862915423E-4,1.319699106E-3,9.996094704E-1,1.768016355E2,1.530425245E-1,-6.293750639E-2,1.768015481E2
4.972820619E1,2.790958405E-2,5.879097153E-4,1.317343791E-3,9.996094108E-1,1.768013819E2,1.527780451E-1,-6.313005728E-2,1.768012944E2
4.973320619E1,2.791156001E-2,5.903461715E-4,1.319616102E-3,9.996093512E-1,1.768011554E2,1.530462498E-1,-6.340157558E-2,1.768010674E2
4.973820619E1,2.790731977E-2,5.867754808E-4,1.320586889E-3,9.996094704E-1,1.768016415E2,1.531457619E-1,-6.299010884E-2,1.768015539E2
4.974320619E1,2.790956669E-2,5.888036685E-4,1.317312475E-3,9.996094108E-1,1.768013839E2,1.527773161E-1,-6.323255960E-2,1.768012963E2
4.974820619E1,2.791398909E-2,5.911839544E-4,1.312994398E-3,9.996092916E-1,1.768008769E2,1.522905873E-1,-6.351835052E-2,1.768007892E2
4.975320619E1,2.791178976E-2,5.895866198E-4,1.315088244E-3,9.996093512E-1,1.768011290E2,1.525251820E-1,-6.332901872E-2,1.768010414E2
4.975820619E1,2.791589908E-2,5.940962583E-4,1.316446229E-3,9.996092319E-1,1.768006580E2,1.526954227E-1,-6.384061220E-2,1.768005696E2
4.976320619E1,2.791398475E-2,5.919387331E-4,1.312746666E-3,9.996092916E-1,1.768008774E2,1.522646246E-1,-6.360560113E-2,1.768007896E2
4.976820619E1,2.791389190E-2,5.921787233E-4,1.314611523E-3,9.996092916E-1,1.768008881E2,1.524790003E-1,-6.362714011E-2,1.768008001E2
4.977320619E1,2.790966054E-2,5.877135554E-4,1.315809903E-3,9.996094108E-1,1.768013731E2,1.526017201E-1,-6.311248194E-2,1.768012858E2
4.977820619E1,2.792204942E-2,5.974704982E-4,1.320255920E-3,9.996090531E-1,1.767999529E2,1.531430016E-1,-6.421399109E-2,1.767998637E2
4.978320619E1,2.792425251E-2,5.996576510E-4,1.317795832E-3,9.996089935E-1,1.767997004E2,1.528683465E-1,-6.447205713E-2,1.767996110E2
4.978820619E1,2.791829850E-2,5.953732762E-4,1.310230815E-3,9.996091723E-1,1.768003829E2,1.519877044E-1,-6.400640892E-2,1.768002947E2
4.979320619E1,2.790573456E-2,5.862356047E-4,1.309158397E-3,9.996095300E-1,1.768018232E2,1.518348351E-1,-6.296505723E-2,1.768017365E2
4.979820619E1,2.791411111E-2,5.914018257E-4,1.310299500E-3,9.996092916E-1,1.768008629E2,1.519825994E-1,-6.355190887E-2,1.768007753E2
4.980320619E1,2.792048952E-2,5.966190947E-4,1.308448962E-3,9.996091127E-1,1.768001317E2,1.517877250E-1,-6.415448142E-2,1.768000435E2
4.980820619E1,2.791647082E-2,5.940097617E-4,1.304305275E-3,9.996092319E-1,1.768005924E2,1.513044721E-1,-6.386945687E-2,1.768005048E2
4.981320619E1,2.791204176E-2,5.897565861E-4,1.309652231E-3,9.996093512E-1,1.768011002E2,1.519030623E-1,-6.336583687E-2,1.768010129E2
4.981820619E1,2.790973879E-2,5.880639073E-4,1.313992310E-3,9.996094108E-1,1.768013642E2,1.523946457E-1,-6.315841492E-2,1.768012769E2
4.982320619E1,2.790565298E-2,5.862159887E-4,1.310904976E-3,9.996095300E-1,1.768018325E2,1.520348328E-1,-6.295723739E-2,1.768017457E2
4.982820619E1,2.790573993E-2,5.854539922E-4,1.309393672E-3,9.996095300E-1,1.768018226E2,1.518592859E-1,-6.287477279E-2,1.768017360E2
4.983320619E1,2.790367617E-2,5.838588695E-4,1.308583654E-3,9.996095896E-1,1.768020592E2,1.517612701E-1,-6.269496016E-2,1.768019728E2
4.983820619E1,2.790984982E-2,5.895043723E-4,1.310985070E-3,9.996094108E-1,1.768013514E2,1.520547895E-1,-6.333301682E-2,1.768012641E2
4.984320619E1,2.790157502E-2,5.819376674E-4,1.308710664E-3,9.996096492E-1,1.768023000E2,1.517695437E-1,-6.247480540E-2,1.768022140E2
4.984820619E1,2.789504789E-2,5.771000870E-4,1.313405461E-3,9.996098280E-1,1.768030483E2,1.522914465E-1,-6.190665915E-2,1.768029627E2
4.985320619E1,2.789696102E-2,5.788385170E-4,1.317364746E-3,9.996097684E-1,1.768028290E2,1.527506474E-1,-6.209284218E-2,1.768027429E2
4.985820619E1,2.790331344E-2,5.842549726E-4,1.316119800E-3,9.996095896E-1,1.768021007E2,1.526257575E-1,-6.271629021E-2,1.768020139E2
4.986320619E1,2.789715397E-2,5.785992835E-4,1.313377754E-3,9.996097684E-1,1.768028068E2,1.522931961E-1,-6.207815513E-2,1.768027210E2
4.986820619E1,2.789297522E-2,5.761434441E-4,1.312480308E-3,9.996098876E-1,1.768032859E2,1.521822866E-1,-6.180035161E-2,1.768032005E2
4.987320619E1,2.789723948E-2,5.790839205E-4,1.311346423E-3,9.996097684E-1,1.768027970E2,1.520620678E-1,-6.214014967E-2,1.768027113E2
4.987820619E1,2.790175967E-2,5.821067025E-4,1.304692589E-3,9.996096492E-1,1.768022789E2,1.513098370E-1,-6.250698717E-2,1.768021931E2
4.988320619E1,2.789568941E-2,5.783481174E-4,1.299153897E-3,9.996098280E-1,1.768029747E2,1.506630006E-1,-6.209507736E-2,1.768028899E2
4.988820619E1,2.789358719E-2,5.764601519E-4,1.299269032E-3,9.996098876E-1,1.768032157E2,1.506700232E-1,-6.187876563E-2,1.768031311E2
4.989320619E1,2.789769084E-2,5.795036559E-4,1.301521901E-3,9.996097684E-1,1.768027453E2,1.509380672E-1,-6.221956868E-2,1.768026601E2
4.989820619E1,2.789969706E-2,5.812656018E-4,1.303508761E-3,9.996097088E-1,1.768025153E2,1.511714147E-1,-6.241473882E-2,1.768024297E2
4.990320619E1,2.789970288E-2,5.814728793E-4,1.303291763E-3,9.996097088E-1,1.768025146E2,1.511472213E-1,-6.243917470E-2,1.768024290E2
4.990820619E1,2.790164533E-2,5.827780114E-4,1.306836260E-3,9.996096492E-1,1.768022920E2,1.515575277E-1,-6.257704667E-2,1.768022059E2
4.991320619E1,2.791208856E-2,5.901085096E-4,1.308495877E-3,9.996093512E-1,1.768010948E2,1.517717341E-1,-6.340984017E-2,1.768010075E2
4.991820619E1,2.790809938E-2,5.882794503E-4,1.303329598E-3,9.996094704E-1,1.768015521E2,1.511738490E-1,-6.321745529E-2,1.768014654E2
4.992320619E1,2.789963317E-2,5.815107143E-4,1.304766280E-3,9.996097088E-1,1.768025226E2,1.513162395E-1,-6.243880487E-2,1.768024369E2
4.992820619E1,2.790805983E-2,5.881444667E-4,1.304237056E-3,9.996094704E-1,1.768015566E2,1.512773614E-1,-6.319909717E-2,1.768014699E2
4.993320619E1,2.791232381E-2,5.909344181E-4,1.303093741E-3,9.996093512E-1,1.768010678E2,1.511555921E-1,-6.352168896E-2,1.768009808E2
4.993820619E1,2.791242425E-2,5.911207991E-4,1.300855889E-3,9.996093512E-1,1.768010563E2,1.508998553E-1,-6.355018115E-2,1.768009694E2
4.994320619E1,2.790601134E-2,5.859716330E-4,1.303363941E-3,9.996095300E-1,1.768017915E2,1.511702703E-1,-6.295330805E-2,1.768017051E2
4.994820619E1,2.790603033E-2,5.866737338E-4,1.302641118E-3,9.996095300E-1,1.768017893E2,1.510897196E-1,-6.303604011E-2,1.768017029E2
4.995320619E1,2.790637544E-2,5.857115029E-4,1.295662369E-3,9.996095300E-1,1.768017497E2,1.502872688E-1,-6.294808496E-2,1.768016639E2
4.995820619E1,2.789990331E-2,5.812763120E-4,1.299081952E-3,9.996097088E-1,1.768024917E2,1.506643837E-1,-6.243008777E-2,1.768024063E2
4.996320619E1,2.789958420E-2,5.812160671E-4,1.305944053E-3,9.996097088E-1,1.768025282E2,1.514502049E-1,-6.240129586E-2,1.768024425E2
4.996820619E1,2.789740872E-2,5.794090102E-4,1.307597035E-3,9.996097684E-1,1.768027776E2,1.516336361E-1,-6.218934835E-2,1.768026921E2
4.997320619E1,2.789138711E-2,5.737270112E-4,1.301849377E-3,9.996099472E-1,1.768034679E2,1.509567221E-1,-6.155777716E-2,1.768033836E2
4.997820619E1,2.789144119E-2,5.737032625E-4,1.300700824E-3,9.996099472E-1,1.768034617E2,1.508250860E-1,-6.155871967E-2,1.768033775E2
4.998320619E1,2.789336566E-2,5.764748203E-4,1.304009696E-3,9.996098876E-1,1.768032411E2,1.512130859E-1,-6.186532602E-2,1.768031562E2
4.998820619E1,2.790158048E-2,5.819936632E-4,1.308569219E-3,9.996096492E-1,1.768022994E2,1.517535210E-1,-6.248167096E-2,1.768022134E2
4.999320619E1,2.789523952E-2,5.779698840E-4,1.308945357E-3,9.996098280E-1,1.768030263E2,1.517833469E-1,-6.202051987E-2,1.768029409E2
4.999820619E1,2.789298082E-2,5.752738798E-4,1.312742592E-3,9.996098876E-1,1.768032852E2,1.522095512E-1,-6.169990652E-2,1.768032000E2
5.000320619E1,2.789717968E-2,5.778850173E-4,1.313146204E-3,9.996097684E-1,1.768028039E2,1.522643908E-1,-6.199707449E-2,1.768027182E2
5.000820619E1,2.789526771E-2,5.774530582E-4,1.308572711E-3,9.996098280E-1,1.768030231E2,1.517390110E-1,-6.196250603E-2,1.768029378E2
5.001320619E1,2.789315221E-2,5.748947151E-4,1.309262472E-3,9.996098876E-1,1.768032656E2,1.518097120E-1,-6.166757217E-2,1.768031806E2
5.001820619E1,2.789089307E-2,5.745753879E-4,1.312020002E-3,9.996099472E-1,1.768035246E2,1.521244191E-1,-6.162252384E-2,1.768034395E2
5.002320619E1,2.789280617E-2,5.752969882E-4,1.316438196E-3,9.996098876E-1,1.768033053E2,1.526329351E-1,-6.169076760E-2,1.768032198E2
5.002820619E1,2.788878620E-2,5.726207164E-4,1.312248642E-3,9.996100068E-1,1.768037661E2,1.521442320E-1,-6.139821221E-2,1.768036813E2
5.003320619E1,2.788902841E-2,5.720013869E-4,1.307361992E-3,9.996100068E-1,1.768037383E2,1.515825157E-1,-6.134285049E-2,1.768036539E2
5.003820619E1,2.789079852E-2,5.731112906E-4,1.314667636E-3,9.996099472E-1,1.768035354E2,1.524230124E-1,-6.144636824E-2,1.768034504E2
5.004320619E1,2.789701700E-2,5.778840859E-4,1.316598151E-3,9.996097684E-1,1.768028225E2,1.526597883E-1,-6.198595723E-2,1.768027367E2
5.004820619E1,2.789709845E-2,5.785372923E-4,1.314583933E-3,9.996097684E-1,1.768028132E2,1.524311588E-1,-6.206720671E-2,1.768027273E2
5.005320619E1,2.789307329E-2,5.749912234E-4,1.310900436E-3,9.996098876E-1,1.768032746E2,1.519976397E-1,-6.167340329E-2,1.768031896E2
5.005820619E1,2.789696036E-2,5.785651156E-4,1.317498740E-3,9.996097684E-1,1.768028290E2,1.527651219E-1,-6.206109665E-2,1.768027430E2
5.006320619E1,2.790122981E-2,5.818043719E-4,1.316108857E-3,9.996096492E-1,1.768023396E2,1.526165375E-1,-6.243593472E-2,1.768022531E2
5.006820619E1,2.789944083E-2,5.804459797E-4,1.309345127E-3,9.996097088E-1,1.768025447E2,1.518373169E-1,-6.230223282E-2,1.768024588E2
5.007320619E1,2.789524298E-2,5.765162059E-4,1.309512649E-3,9.996098280E-1,1.768030259E2,1.518436816E-1,-6.185219163E-2,1.768029407E2
5.007820619E1,2.789712673E-2,5.782293738E-4,1.314119087E-3,9.996097684E-1,1.768028100E2,1.523769294E-1,-6.203341735E-2,1.768027242E2
5.008320619E1,2.789711728E-2,5.780510255E-4,1.314398134E-3,9.996097684E-1,1.768028110E2,1.524083227E-1,-6.201209747E-2,1.768027253E2
5.008820619E1,2.789705379E-2,5.786584807E-4,1.315478003E-3,9.996097684E-1,1.768028183E2,1.525339566E-1,-6.207823706E-2,1.768027324E2
5.009320619E1,2.789919450E-2,5.805913243E-4,1.314519090E-3,9.996097088E-1,1.768025729E2,1.524304287E-1,-6.230237731E-2,1.768024867E2
5.009820619E1,2.790557914E-2,5.855649360E-4,1.312766341E-3,9.996095300E-1,1.768018410E2,1.522459599E-1,-6.287672025E-2,1.768017542E2
5.010320619E1,2.789930015E-2,5.801896332E-4,1.312452718E-3,9.996097088E-1,1.768025608E2,1.521924540E-1,-6.226295517E-2,1.768024748E2
5.010820619E1,2.788449954E-2,5.693858257E-4,1.313943183E-3,9.996101260E-1,1.768042575E2,1.523277362E-1,-6.102290315E-2,1.768041731E2
5.011320619E1,2.788637901E-2,5.698110908E-4,1.319206320E-3,9.996100664E-1,1.768040420E2,1.529320873E-1,-6.105451051E-2,1.768039573E2
5.011820619E1,2.789276316E-2,5.756361643E-4,1.317201066E-3,9.996098876E-1,1.768033102E2,1.527214011E-1,-6.172718731E-2,1.768032246E2
5.012320619E1,2.789309487E-2,5.757476320E-4,1.310109044E-3,9.996098876E-1,1.768032722E2,1.519094073E-1,-6.176257386E-2,1.768031870E2
5.012820619E1,2.788665708E-2,5.697600427E-4,1.313337125E-3,9.996100664E-1,1.768040102E2,1.522596416E-1,-6.106737653E-2,1.768039257E2
5.013320619E1,2.788648351E-2,5.709066754E-4,1.316520851E-3,9.996100664E-1,1.768040301E2,1.526279822E-1,-6.118857214E-2,1.768039453E2
5.013820619E1,2.788445789E-2,5.683432682E-4,1.315277768E-3,9.996101260E-1,1.768042623E2,1.524772750E-1,-6.089922322E-2,1.768041780E2
5.014320619E1,2.788241352E-2,5.674114218E-4,1.313719549E-3,9.996101856E-1,1.768044966E2,1.522956834E-1,-6.079777370E-2,1.768044126E2
5.014820619E1,2.788019124E-2,5.659464514E-4,1.316159731E-3,9.996102452E-1,1.768047514E2,1.525703834E-1,-6.062250824E-2,1.768046674E2
5.015320619E1,2.788439024E-2,5.686434451E-4,1.316581387E-3,9.996101260E-1,1.768042700E2,1.526275560E-1,-6.092945228E-2,1.768041856E2
5.015820619E1,2.788434312E-2,5.690305843E-4,1.317411894E-3,9.996101260E-1,1.768042754E2,1.527239224E-1,-6.097115127E-2,1.768041909E2
5.016320619E1,2.788018413E-2,5.658823065E-4,1.316337963E-3,9.996102452E-1,1.768047522E2,1.525905939E-1,-6.061459229E-2,1.768046682E2
5.016820619E1,2.787994743E-2,5.641391035E-4,1.322086900E-3,9.996102452E-1,1.768047793E2,1.532435344E-1,-6.039658263E-2,1.768046953E2
5.017320619E1,2.788201236E-2,5.660926690E-4,1.322771423E-3,9.996101856E-1,1.768045426E2,1.533283115E-1,-6.061785384E-2,1.768044582E2
5.017820619E1,2.787775431E-2,5.636913120E-4,1.323457458E-3,9.996103048E-1,1.768050307E2,1.533989648E-1,-6.034124726E-2,1.768049467E2
5.018320619E1,2.787346767E-2,5.599543802E-4,1.325291698E-3,9.996104240E-1,1.768055221E2,1.535968761E-1,-5.990799212E-2,1.768054385E2
5.018820619E1,2.787117580E-2,5.580438883E-4,1.329334802E-3,9.996104836E-1,1.768057849E2,1.540537628E-1,-5.967659004E-2,1.768057013E2
5.019320619E1,2.787543787E-2,5.607666681E-4,1.328463084E-3,9.996103644E-1,1.768052963E2,1.539628624E-1,-5.999060387E-2,1.768052124E2
5.019820619E1,2.786926190E-2,5.565396859E-4,1.325264457E-3,9.996105433E-1,1.768060043E2,1.535825977E-1,-5.951758253E-2,1.768059212E2
5.020320619E1,2.785655802E-2,5.458653904E-4,1.327045611E-3,9.996109009E-1,1.768074606E2,1.537517913E-1,-5.829114006E-2,1.768073791E2
5.020820619E1,2.785656570E-2,5.462208064E-4,1.326738158E-3,9.996109009E-1,1.768074597E2,1.537177085E-1,-5.833283217E-2,1.768073782E2
5.021320619E1,2.786301368E-2,5.515219527E-4,1.323867473E-3,9.996107221E-1,1.768067205E2,1.534061829E-1,-5.894823685E-2,1.768066383E2
5.021820619E1,2.786513751E-2,5.532861687E-4,1.323435456E-3,9.996106625E-1,1.768064771E2,1.533624555E-1,-5.915137603E-2,1.768063946E2
5.022320619E1,2.786709568E-2,5.552613875E-4,1.326394267E-3,9.996106029E-1,1.768062526E2,1.537078030E-1,-5.936788219E-2,1.768061697E2
5.022820619E1,2.786677537E-2,5.538562546E-4,1.333691180E-3,9.996106029E-1,1.768062893E2,1.545391375E-1,-5.918367589E-2,1.768062062E2
5.023320619E1,2.786458860E-2,5.525149172E-4,1.335262088E-3,9.996106625E-1,1.768065400E2,1.547146680E-1,-5.902535171E-2,1.768064570E2
5.023820619E1,2.786466703E-2,5.522241117E-4,1.333744847E-3,9.996106625E-1,1.768065310E2,1.545399483E-1,-5.899687345E-2,1.768064481E2
5.024320619E1,2.786650568E-2,5.537176039E-4,1.339371782E-3,9.996106029E-1,1.768063202E2,1.551893759E-1,-5.914969540E-2,1.768062368E2
5.024820619E1,2.787693199E-2,5.616859416E-4,1.341508236E-3,9.996103048E-1,1.768051250E2,1.554601741E-1,-6.005400034E-2,1.768050402E2
5.025320619E1,2.787493802E-2,5.606980994E-4,1.338939066E-3,9.996103644E-1,1.768053536E2,1.551626075E-1,-5.994936289E-2,1.768052690E2
5.025820619E1,2.786659991E-2,5.545291933E-4,1.337073511E-3,9.996106029E-1,1.768063094E2,1.549287127E-1,-5.924998509E-2,1.768062260E2
5.026320619E1,2.786650985E-2,5.529049668E-4,1.339620678E-3,9.996106029E-1,1.768063198E2,1.552152913E-1,-5.905581483E-2,1.768062364E2
5.026820619E1,2.787079560E-2,5.564740277E-4,1.337936264E-3,9.996104836E-1,1.768058285E2,1.550339993E-1,-5.946935415E-2,1.768057446E2
5.027320619E1,2.786889148E-2,5.554213421E-4,1.333497814E-3,9.996105433E-1,1.768060467E2,1.545221119E-1,-5.936324230E-2,1.768059634E2
5.027820619E1,2.786865846E-2,5.552756484E-4,1.338419272E-3,9.996105433E-1,1.768060735E2,1.550853719E-1,-5.933087237E-2,1.768059898E2
5.028320619E1,2.786645390E-2,5.537705147E-4,1.340426737E-3,9.996106029E-1,1.768063262E2,1.553103840E-1,-5.915239537E-2,1.768062426E2
5.028820619E1,2.786455750E-2,5.529826158E-4,1.335717505E-3,9.996106625E-1,1.768065436E2,1.547683263E-1,-5.907747577E-2,1.768064604E2
5.029320619E1,2.786270521E-2,5.508854520E-4,1.330607571E-3,9.996107221E-1,1.768067559E2,1.541761917E-1,-5.885385438E-2,1.768066734E2
5.029820619E1,2.786472821E-2,5.529677728E-4,1.332157757E-3,9.996106625E-1,1.768065240E2,1.543605299E-1,-5.908711593E-2,1.768064411E2
5.030320619E1,2.786885519E-2,5.561792641E-4,1.333940192E-3,9.996105433E-1,1.768060509E2,1.545752035E-1,-5.944865277E-2,1.768059674E2
5.030820619E1,2.787112830E-2,5.571414367E-4,1.330708503E-3,9.996104836E-1,1.768057903E2,1.542082310E-1,-5.956883685E-2,1.768057068E2
5.031320619E1,2.786482076E-2,5.526291789E-4,1.330361119E-3,9.996106625E-1,1.768065134E2,1.541536543E-1,-5.905405368E-2,1.768064306E2
5.031820619E1,2.786674146E-2,5.544427549E-4,1.334155910E-3,9.996106029E-1,1.768062932E2,1.545942421E-1,-5.924937891E-2,1.768062099E2
5.032320619E1,2.787103311E-2,5.583334132E-4,1.332201762E-3,9.996104836E-1,1.768058012E2,1.543830812E-1,-5.970061952E-2,1.768057175E2
5.032820619E1,2.787741357E-2,5.619843141E-4,1.331337378E-3,9.996103048E-1,1.768050698E2,1.542961134E-1,-6.012059496E-2,1.768049855E2
5.033320619E1,2.787746509E-2,5.634928821E-4,1.329619670E-3,9.996103048E-1,1.768050639E2,1.541041774E-1,-6.029887624E-2,1.768049795E2
5.033820619E1,2.787503156E-2,5.607806379E-4,1.336955698E-3,9.996103644E-1,1.768053429E2,1.549356876E-1,-5.996513844E-2,1.768052584E2
5.034320619E1,2.787718034E-2,5.619687145E-4,1.336218556E-3,9.996103048E-1,1.768050965E2,1.548551746E-1,-6.010325076E-2,1.768050120E2
5.034820619E1,2.787723426E-2,5.627659848E-4,1.334757311E-3,9.996103048E-1,1.768050904E2,1.546903434E-1,-6.019923535E-2,1.768050057E2
5.035320619E1,2.787089053E-2,5.574615789E-4,1.335545443E-3,9.996104836E-1,1.768058176E2,1.547632973E-1,-5.959009634E-2,1.768057338E2
5.035820619E1,2.787512943E-2,5.601863959E-4,1.335163019E-3,9.996103644E-1,1.768053316E2,1.547284488E-1,-5.990278110E-2,1.768052474E2
5.036320619E1,2.787513969E-2,5.610865192E-4,1.334570814E-3,9.996103644E-1,1.768053305E2,1.546634895E-1,-6.000777758E-2,1.768052461E2
5.036820619E1,2.786905435E-2,5.565608735E-4,1.329613035E-3,9.996105433E-1,1.768060281E2,1.540807704E-1,-5.950615358E-2,1.768059447E2
5.037320619E1,2.786877529E-2,5.562134902E-4,1.335594221E-3,9.996105433E-1,1.768060601E2,1.547647725E-1,-5.944730329E-2,1.768059764E2
5.037820619E1,2.787083558E-2,5.576448748E-4,1.336615300E-3,9.996104836E-1,1.768058239E2,1.548864286E-1,-5.960768388E-2,1.768057400E2
5.038320619E1,2.787296652E-2,5.592340021E-4,1.336091897E-3,9.996104240E-1,1.768055796E2,1.548316773E-1,-5.979105517E-2,1.768054955E2
5.038820619E1,2.786881256E-2,5.553238443E-4,1.335186535E-3,9.996105433E-1,1.768060558E2,1.547152340E-1,-5.934669329E-2,1.768059723E2
5.039320619E1,2.787279348E-2,5.592302768E-4,1.339698443E-3,9.996104240E-1,1.768055994E2,1.552447749E-1,-5.977913568E-2,1.768055151E2
5.039820619E1,2.787501378E-2,5.611919914E-4,1.337153721E-3,9.996103644E-1,1.768053449E2,1.549596835E-1,-6.001162793E-2,1.768052604E2
5.040320619E1,2.787955061E-2,5.634628469E-4,1.330715138E-3,9.996102452E-1,1.768048248E2,1.542296900E-1,-6.029161444E-2,1.768047403E2
5.040820619E1,2.787317088E-2,5.598099087E-4,1.331579871E-3,9.996104240E-1,1.768055562E2,1.543166894E-1,-5.987140380E-2,1.768054722E2
5.041320619E1,2.786875282E-2,5.557312979E-4,1.336263493E-3,9.996105433E-1,1.768060626E2,1.548398943E-1,-5.938993572E-2,1.768059790E2
5.041820619E1,2.787316547E-2,5.594359245E-4,1.331850304E-3,9.996104240E-1,1.768055568E2,1.543464718E-1,-5.982770209E-2,1.768054729E2
5.042320619E1,2.787738277E-2,5.629488733E-4,1.331574749E-3,9.996103048E-1,1.768050733E2,1.543263832E-1,-6.023032870E-2,1.768049889E2
5.042820619E1,2.787727619E-2,5.622968310E-4,1.334079192E-3,9.996103048E-1,1.768050856E2,1.546111705E-1,-6.014765505E-2,1.768050010E2
5.043320619E1,2.788156042E-2,5.653671105E-4,1.332571614E-3,9.996101856E-1,1.768045944E2,1.544485498E-1,-6.050350029E-2,1.768045095E2
5.043820619E1,2.788356751E-2,5.668196245E-4,1.334668370E-3,9.996101260E-1,1.768043643E2,1.546934902E-1,-6.066287137E-2,1.768042791E2
5.044320619E1,2.788163355E-2,5.653343396E-4,1.331054489E-3,9.996101856E-1,1.768045860E2,1.542746672E-1,-6.050458253E-2,1.768045012E2
5.044820619E1,2.787735137E-2,5.632767570E-4,1.332093263E-3,9.996103048E-1,1.768050769E2,1.543868231E-1,-6.026623518E-2,1.768049924E2
5.045320619E1,2.788794704E-2,5.716876476E-4,1.330364612E-3,9.996100068E-1,1.768038623E2,1.542163309E-1,-6.123356457E-2,1.768037765E2
5.045820619E1,2.789217835E-2,5.745192175E-4,1.330010244E-3,9.996098876E-1,1.768033772E2,1.541850492E-1,-6.155839195E-2,1.768032910E2
5.046320619E1,2.788578647E-2,5.687520024E-4,1.332125394E-3,9.996100664E-1,1.768041100E2,1.544085095E-1,-6.089200213E-2,1.768040246E2
5.046820619E1,2.788576000E-2,5.698661553E-4,1.332203276E-3,9.996100664E-1,1.768041130E2,1.544209896E-1,-6.101938010E-2,1.768040274E2
5.047320619E1,2.789220245E-2,5.745824892E-4,1.329477294E-3,9.996098876E-1,1.768033745E2,1.541242051E-1,-6.156733927E-2,1.768032883E2
5.047820619E1,2.789656161E-2,5.775870522E-4,1.326341415E-3,9.996097684E-1,1.768028747E2,1.537748732E-1,-6.192085523E-2,1.768027883E2
5.048320619E1,2.788809225E-2,5.708214012E-4,1.327689853E-3,9.996100068E-1,1.768038456E2,1.539071853E-1,-6.114286439E-2,1.768037602E2
5.048820619E1,2.788371076E-2,5.669608363E-4,1.331612235E-3,9.996101260E-1,1.768043479E2,1.543438786E-1,-6.068878993E-2,1.768042628E2
5.049320619E1,2.788148999E-2,5.649918457E-4,1.334203407E-3,9.996101856E-1,1.768046025E2,1.546342637E-1,-6.045531205E-2,1.768045176E2
5.049820619E1,2.788149996E-2,5.651938845E-4,1.333909342E-3,9.996101856E-1,1.768046014E2,1.546012256E-1,-6.047939298E-2,1.768045164E2
5.050320619E1,2.788363382E-2,5.677515874E-4,1.332885702E-3,9.996101260E-1,1.768043567E2,1.544922728E-1,-6.077531077E-2,1.768042714E2
5.050820619E1,2.788555421E-2,5.695181899E-4,1.336652320E-3,9.996100664E-1,1.768041366E2,1.549294904E-1,-6.096533644E-2,1.768040508E2
5.051320619E1,2.788978826E-2,5.716587766E-4,1.336550340E-3,9.996099472E-1,1.768036512E2,1.549249088E-1,-6.121020369E-2,1.768035651E2
5.051820619E1,2.787723904E-2,5.628436338E-4,1.334624714E-3,9.996103048E-1,1.768050898E2,1.546754032E-1,-6.020855266E-2,1.768050052E2
5.052320619E1,2.788165420E-2,5.663546617E-4,1.330188010E-3,9.996101856E-1,1.768045837E2,1.541786759E-1,-6.062422257E-2,1.768044988E2
5.052820619E1,2.788385571E-2,5.681476323E-4,1.328066341E-3,9.996101260E-1,1.768043313E2,1.539415077E-1,-6.083604171E-2,1.768042462E2
5.053320619E1,2.788391846E-2,5.681907642E-4,1.326729776E-3,9.996101260E-1,1.768043241E2,1.537885497E-1,-6.084524346E-2,1.768042391E2
5.053820619E1,2.788382773E-2,5.678635789E-4,1.328775194E-3,9.996101260E-1,1.768043345E2,1.540217954E-1,-6.080124356E-2,1.768042494E2
5.054320619E1,2.787524390E-2,5.615096889E-4,1.332213986E-3,9.996103644E-1,1.768053185E2,1.543948796E-1,-6.006376279E-2,1.768052343E2
5.054820619E1,2.786906262E-2,5.559555721E-4,1.329693012E-3,9.996105433E-1,1.768060271E2,1.540879989E-1,-5.943656144E-2,1.768059439E2
5.055320619E1,2.787534064E-2,5.607161438E-4,1.330523053E-3,9.996103644E-1,1.768053074E2,1.541986588E-1,-5.997825115E-2,1.768052234E2
5.055820619E1,2.787925709E-2,5.643565091E-4,1.336473506E-3,9.996102452E-1,1.768048585E2,1.548921322E-1,-6.037562906E-2,1.768047735E2
5.056320619E1,2.788359324E-2,5.666664802E-4,1.334195724E-3,9.996101260E-1,1.768043614E2,1.546388621E-1,-6.064683543E-2,1.768042762E2
5.056820619E1,2.787955053E-2,5.641094758E-4,1.330442959E-3,9.996102452E-1,1.768048248E2,1.542005786E-1,-6.036655337E-2,1.768047403E2
5.057320619E1,2.787541047E-2,5.616480485E-4,1.328665763E-3,9.996103644E-1,1.768052994E2,1.539888927E-1,-6.009092009E-2,1.768052154E2
5.057820619E1,2.788406013E-2,5.675491993E-4,1.324024168E-3,9.996101260E-1,1.768043079E2,1.534765884E-1,-6.078037780E-2,1.768042231E2
5.058320619E1,2.788622293E-2,5.695759901E-4,1.322602737E-3,9.996100664E-1,1.768040599E2,1.533203763E-1,-6.101675068E-2,1.768039750E2
5.058820619E1,2.788200833E-2,5.672040279E-4,1.322380267E-3,9.996101856E-1,1.768045431E2,1.532870566E-1,-6.074640698E-2,1.768044585E2
5.059320619E1,2.787377150E-2,5.594726535E-4,1.319090487E-3,9.996104240E-1,1.768054873E2,1.528850243E-1,-5.987257294E-2,1.768054042E2
5.059820619E1,2.787363730E-2,5.594259128E-4,1.321943011E-3,9.996104240E-1,1.768055027E2,1.532116156E-1,-5.985812801E-2,1.768054194E2
5.060320619E1,2.787578240E-2,5.611734814E-4,1.321041258E-3,9.996103644E-1,1.768052568E2,1.531140335E-1,-6.006085843E-2,1.768051733E2
5.060820619E1,2.787601470E-2,5.615224945E-4,1.315981383E-3,9.996103644E-1,1.768052302E2,1.525355680E-1,-6.011696472E-2,1.768051469E2
5.061320619E1,2.787581753E-2,5.616112030E-4,1.320113544E-3,9.996103644E-1,1.768052528E2,1.530091670E-1,-6.011395623E-2,1.768051692E2
5.061820619E1,2.787993780E-2,5.641186726E-4,1.322298660E-3,9.996102452E-1,1.768047804E2,1.532677250E-1,-6.039356726E-2,1.768046964E2
5.062320619E1,2.787989176E-2,5.655449932E-4,1.322660130E-3,9.996102452E-1,1.768047857E2,1.533136847E-1,-6.055580010E-2,1.768047014E2
5.062820619E1,2.788224231E-2,5.668188096E-4,1.317603397E-3,9.996101856E-1,1.768045163E2,1.527386631E-1,-6.071750839E-2,1.768044320E2
5.063320619E1,2.788240623E-2,5.674341810E-4,1.313864486E-3,9.996101856E-1,1.768044975E2,1.523123578E-1,-6.079991871E-2,1.768044134E2
5.063820619E1,2.788856665E-2,5.713857827E-4,1.317442628E-3,9.996100068E-1,1.768037913E2,1.527352278E-1,-6.124018843E-2,1.768037063E2
5.064320619E1,2.789069196E-2,5.731855636E-4,1.316893962E-3,9.996099472E-1,1.768035476E2,1.526782626E-1,-6.144777660E-2,1.768034625E2
5.064820619E1,2.789272220E-2,5.751949502E-4,1.318260795E-3,9.996098876E-1,1.768033149E2,1.528413771E-1,-6.167326660E-2,1.768032293E2
5.065320619E1,2.789888663E-2,5.806725239E-4,1.321001560E-3,9.996097088E-1,1.768026082E2,1.531732173E-1,-6.229100054E-2,1.768025216E2
5.065820619E1,2.790525242E-2,5.848265719E-4,1.320020529E-3,9.996095300E-1,1.768018785E2,1.530745242E-1,-6.276899531E-2,1.768017913E2
5.066320619E1,2.790508524E-2,5.839765072E-4,1.323925215E-3,9.996095300E-1,1.768018976E2,1.535190656E-1,-6.265916236E-2,1.768018103E2
5.066820619E1,2.790727687E-2,5.858188961E-4,1.321917516E-3,9.996094704E-1,1.768016464E2,1.532951193E-1,-6.287628627E-2,1.768015589E2
5.067320619E1,2.790720881E-2,5.856951466E-4,1.323408214E-3,9.996094704E-1,1.768016542E2,1.534654744E-1,-6.285735431E-2,1.768015667E2
5.067820619E1,2.790937105E-2,5.877491785E-4,1.321920194E-3,9.996094108E-1,1.768014063E2,1.533017317E-1,-6.309706429E-2,1.768013186E2
5.068320619E1,2.790924159E-2,5.880000535E-4,1.324539306E-3,9.996094108E-1,1.768014212E2,1.536025375E-1,-6.311744450E-2,1.768013332E2
5.068820619E1,2.790920858E-2,5.872133188E-4,1.325583435E-3,9.996094108E-1,1.768014249E2,1.537196210E-1,-6.302399221E-2,1.768013370E2
5.069320619E1,2.790704156E-2,5.856103962E-4,1.326967729E-3,9.996094704E-1,1.768016734E2,1.538729249E-1,-6.283628877E-2,1.768015856E2
5.069820619E1,2.790705212E-2,5.858562654E-4,1.326637110E-3,9.996094704E-1,1.768016722E2,1.538358404E-1,-6.286550800E-2,1.768015844E2
5.070320619E1,2.790891875E-2,5.875919014E-4,1.331504667E-3,9.996094108E-1,1.768014582E2,1.543990735E-1,-6.304846483E-2,1.768013698E2
5.070820619E1,2.790678219E-2,5.850913585E-4,1.332639367E-3,9.996094704E-1,1.768017031E2,1.545209182E-1,-6.275873682E-2,1.768016151E2
5.071320619E1,2.790461536E-2,5.835057818E-4,1.333998400E-3,9.996095300E-1,1.768019515E2,1.546713848E-1,-6.257310316E-2,1.768018636E2
5.071820619E1,2.790475159E-2,5.838098587E-4,1.331012347E-3,9.996095300E-1,1.768019359E2,1.543303221E-1,-6.261746174E-2,1.768018482E2
5.072320619E1,2.790051096E-2,5.811739829E-4,1.331536216E-3,9.996096492E-1,1.768024220E2,1.543816361E-1,-6.231451023E-2,1.768023347E2
5.072820619E1,2.789652760E-2,5.770138814E-4,1.327305799E-3,9.996097684E-1,1.768028786E2,1.538835061E-1,-6.185212260E-2,1.768027922E2
5.073320619E1,2.790077277E-2,5.811222945E-4,1.326061552E-3,9.996096492E-1,1.768023920E2,1.537543804E-1,-6.232605310E-2,1.768023050E2
5.073820619E1,2.790930567E-2,5.888376036E-4,1.322815893E-3,9.996094108E-1,1.768014138E2,1.534078085E-1,-6.321888528E-2,1.768013258E2
5.074320619E1,2.790734594E-2,5.866521387E-4,1.320088399E-3,9.996094704E-1,1.768016385E2,1.530882685E-1,-6.297757058E-2,1.768015510E2
5.074820619E1,2.790534250E-2,5.850283778E-4,1.318025286E-3,9.996095300E-1,1.768018681E2,1.528466260E-1,-6.279847815E-2,1.768017810E2
5.075320619E1,2.791370772E-2,5.917733070E-4,1.318698516E-3,9.996092916E-1,1.768009092E2,1.529458446E-1,-6.356765571E-2,1.768008210E2
5.075820619E1,2.791164497E-2,5.895044305E-4,1.318194554E-3,9.996093512E-1,1.768011456E2,1.528807287E-1,-6.330969067E-2,1.768010578E2
5.076320619E1,2.790737116E-2,5.861071404E-4,1.319797360E-3,9.996094704E-1,1.768016356E2,1.530531895E-1,-6.291606963E-2,1.768015482E2
5.076820619E1,2.790518891E-2,5.851317546E-4,1.321227290E-3,9.996095300E-1,1.768018857E2,1.532137271E-1,-6.280010379E-2,1.768017984E2
5.077320619E1,2.790517052E-2,5.843466497E-4,1.321963035E-3,9.996095300E-1,1.768018879E2,1.532954927E-1,-6.270782256E-2,1.768018006E2
5.077820619E1,2.790116224E-2,5.810175207E-4,1.317887683E-3,9.996096492E-1,1.768023473E2,1.528177767E-1,-6.234012622E-2,1.768022609E2
5.078320619E1,2.789273978E-2,5.749416887E-4,1.317999326E-3,9.996098876E-1,1.768033129E2,1.528106182E-1,-6.164508934E-2,1.768032274E2
5.078820619E1,2.789279394E-2,5.748148542E-4,1.316908048E-3,9.996098876E-1,1.768033067E2,1.526852134E-1,-6.163404069E-2,1.768032212E2
5.079320619E1,2.790122179E-2,5.823667161E-4,1.316030044E-3,9.996096492E-1,1.768023405E2,1.526093073E-1,-6.250060270E-2,1.768022540E2
5.079820619E1,2.789906139E-2,5.809068098E-4,1.317202230E-3,9.996097088E-1,1.768025882E2,1.527387750E-1,-6.232995725E-2,1.768025018E2
5.080320619E1,2.788841512E-2,5.719845067E-4,1.320387353E-3,9.996100068E-1,1.768038086E2,1.530744419E-1,-6.129938262E-2,1.768037234E2
5.080820619E1,2.788832947E-2,5.707888631E-4,1.322711702E-3,9.996100068E-1,1.768038184E2,1.533368628E-1,-6.115501019E-2,1.768037333E2
5.081320619E1,2.789487703E-2,5.772201694E-4,1.316976617E-3,9.996098280E-1,1.768030679E2,1.527008854E-1,-6.190902466E-2,1.768029821E2
5.081820619E1,2.788872926E-2,5.717183813E-4,1.313851215E-3,9.996100068E-1,1.768037726E2,1.523249147E-1,-6.128973952E-2,1.768036879E2
5.082320619E1,2.788857077E-2,5.717164022E-4,1.317212125E-3,9.996100068E-1,1.768037908E2,1.527098813E-1,-6.127879590E-2,1.768037058E2
5.082820619E1,2.789289300E-2,5.745987874E-4,1.314902562E-3,9.996098876E-1,1.768032953E2,1.524548061E-1,-6.161568607E-2,1.768032100E2
5.083320619E1,2.789090175E-2,5.736892927E-4,1.312223263E-3,9.996099472E-1,1.768035236E2,1.521448704E-1,-6.152037342E-2,1.768034386E2
5.083820619E1,2.788880073E-2,5.715600564E-4,1.312402193E-3,9.996100068E-1,1.768037644E2,1.521584318E-1,-6.127622395E-2,1.768036798E2
5.084320619E1,2.789052854E-2,5.735339364E-4,1.320199342E-3,9.996099472E-1,1.768035664E2,1.530579878E-1,-6.147714224E-2,1.768034809E2
5.084820619E1,2.789055742E-2,5.724400980E-4,1.320063835E-3,9.996099472E-1,1.768035630E2,1.530389714E-1,-6.135227513E-2,1.768034778E2
5.085320619E1,2.788647761E-2,5.701608025E-4,1.316968934E-3,9.996100664E-1,1.768040307E2,1.526769247E-1,-6.110170369E-2,1.768039460E2
5.085820619E1,2.788426134E-2,5.689607351E-4,1.319171861E-3,9.996101260E-1,1.768042848E2,1.529252934E-1,-6.095753898E-2,1.768042002E2
5.086320619E1,2.788426466E-2,5.677815643E-4,1.319609699E-3,9.996101260E-1,1.768042844E2,1.529716786E-1,-6.082106904E-2,1.768041999E2
5.086820619E1,2.788677819E-2,5.698626628E-4,1.310718362E-3,9.996100664E-1,1.768039963E2,1.519600052E-1,-6.108748162E-2,1.768039120E2
5.087320619E1,2.788465837E-2,5.691963597E-4,1.310650376E-3,9.996101260E-1,1.768042393E2,1.519499588E-1,-6.101169816E-2,1.768041551E2
5.087820619E1,2.788034807E-2,5.661536125E-4,1.312744105E-3,9.996102452E-1,1.768047334E2,1.521798046E-1,-6.065712668E-2,1.768046496E2
5.088320619E1,2.788029610E-2,5.654934212E-4,1.314131659E-3,9.996102452E-1,1.768047394E2,1.523366324E-1,-6.057707857E-2,1.768046556E2
5.088820619E1,2.788676252E-2,5.713120336E-4,1.310420921E-3,9.996100664E-1,1.768039981E2,1.519305652E-1,-6.125445546E-2,1.768039136E2
5.089320619E1,2.788684944E-2,5.700779147E-4,1.309107989E-3,9.996100664E-1,1.768039881E2,1.517762338E-1,-6.111727347E-2,1.768039039E2
5.089820619E1,2.788256708E-2,5.664413329E-4,1.310875989E-3,9.996101856E-1,1.768044790E2,1.519668711E-1,-6.069571535E-2,1.768043953E2
5.090320619E1,2.788051379E-2,5.651862011E-4,1.309637679E-3,9.996102452E-1,1.768047144E2,1.518208913E-1,-6.055621236E-2,1.768046309E2
5.090820619E1,2.788886194E-2,5.726460367E-4,1.310626976E-3,9.996100068E-1,1.768037574E2,1.519585604E-1,-6.140628376E-2,1.768036727E2
5.091320619E1,2.788684523E-2,5.711764097E-4,1.308718696E-3,9.996100664E-1,1.768039886E2,1.517351518E-1,-6.124434737E-2,1.768039042E2
5.091820619E1,2.788043749E-2,5.655565183E-4,1.311101369E-3,9.996102452E-1,1.768047232E2,1.519897314E-1,-6.059396622E-2,1.768046395E2
5.092320619E1,2.788457869E-2,5.694710417E-4,1.312225359E-3,9.996101260E-1,1.768042484E2,1.521312415E-1,-6.103814150E-2,1.768041641E2
5.092820619E1,2.788882691E-2,5.725744995E-4,1.311403466E-3,9.996100068E-1,1.768037614E2,1.520472744E-1,-6.139561312E-2,1.768036767E2
5.093320619E1,2.787843270E-2,5.632584216E-4,1.309275627E-3,9.996103048E-1,1.768049530E2,1.517731342E-1,-6.033686386E-2,1.768048698E2
5.093820619E1,2.787840827E-2,5.646632053E-4,1.309190877E-3,9.996103048E-1,1.768049558E2,1.517679129E-1,-6.049805199E-2,1.768048724E2
5.094320619E1,2.788872265E-2,5.724084331E-4,1.313691144E-3,9.996100068E-1,1.768037734E2,1.523087841E-1,-6.136929539E-2,1.768036885E2
5.094820619E1,2.788850210E-2,5.720690824E-4,1.318512135E-3,9.996100068E-1,1.768037987E2,1.528599167E-1,-6.131505015E-2,1.768037136E2
5.095320619E1,2.788841730E-2,5.711865961E-4,1.320686657E-3,9.996100068E-1,1.768038084E2,1.531061763E-1,-6.120702756E-2,1.768037233E2
5.095820619E1,2.788812092E-2,5.713446299E-4,1.326862373E-3,9.996100068E-1,1.768038424E2,1.538140739E-1,-6.120543869E-2,1.768037569E2
5.096320619E1,2.788838552E-2,5.708856625E-4,1.321487594E-3,9.996100068E-1,1.768038120E2,1.531969577E-1,-6.117000173E-2,1.768037269E2
5.096820619E1,2.788207012E-2,5.671136896E-4,1.321115531E-3,9.996101856E-1,1.768045360E2,1.531418998E-1,-6.074009054E-2,1.768044515E2
5.097320619E1,2.787390875E-2,5.609254004E-4,1.315568574E-3,9.996104240E-1,1.768054716E2,1.524862479E-1,-6.005020935E-2,1.768053884E2
5.097820619E1,2.787810899E-2,5.638573202E-4,1.315893955E-3,9.996103048E-1,1.768049901E2,1.525331387E-1,-6.038437156E-2,1.768049064E2
5.098320619E1,2.787605683E-2,5.623442703E-4,1.314737368E-3,9.996103644E-1,1.768052253E2,1.523956975E-1,-6.021506412E-2,1.768051420E2
5.098820619E1,2.787392145E-2,5.599017022E-4,1.315735630E-3,9.996104240E-1,1.768054701E2,1.525021144E-1,-5.993241231E-2,1.768053871E2
5.099320619E1,2.787810661E-2,5.637324066E-4,1.315997797E-3,9.996103048E-1,1.768049904E2,1.525446344E-1,-6.036973170E-2,1.768049067E2
5.099820619E1,2.787599465E-2,5.621386226E-4,1.316143083E-3,9.996103644E-1,1.768052325E2,1.525560574E-1,-6.018702682E-2,1.768051491E2
5.100320619E1,2.786776185E-2,5.552836810E-4,1.312314067E-3,9.996106029E-1,1.768061762E2,1.520950663E-1,-5.941529847E-2,1.768060941E2
5.100820619E1,2.786366780E-2,5.520778359E-4,1.309793792E-3,9.996107221E-1,1.768066456E2,1.517958956E-1,-5.905674883E-2,1.768065641E2
5.101320619E1,2.787211569E-2,5.591441877E-4,1.309010666E-3,9.996104836E-1,1.768056771E2,1.517292608E-1,-5.986739633E-2,1.768055946E2
5.101820619E1,2.787632971E-2,5.618313444E-4,1.309158979E-3,9.996103644E-1,1.768051941E2,1.517550866E-1,-6.017408847E-2,1.768051111E2
5.102320619E1,2.787420540E-2,5.607196945E-4,1.309356187E-3,9.996104240E-1,1.768054376E2,1.517739972E-1,-6.004644494E-2,1.768053548E2
5.102820619E1,2.786991139E-2,5.579915596E-4,1.310917898E-3,9.996105433E-1,1.768059298E2,1.519439155E-1,-5.972960966E-2,1.768058474E2
5.103320619E1,2.787009959E-2,5.583137390E-4,1.306773163E-3,9.996105433E-1,1.768059082E2,1.514701881E-1,-5.977972303E-2,1.768058260E2
5.103820619E1,2.787850469E-2,5.646339851E-4,1.307148603E-3,9.996103048E-1,1.768049447E2,1.515338887E-1,-6.050121477E-2,1.768048615E2
5.104320619E1,2.787641692E-2,5.626814673E-4,1.306935097E-3,9.996103644E-1,1.768051841E2,1.515030683E-1,-6.027855837E-2,1.768051011E2
5.104820619E1,2.787016214E-2,5.581208970E-4,1.305520767E-3,9.996105433E-1,1.768059011E2,1.513261175E-1,-5.976162396E-2,1.768058189E2
5.105320619E1,2.787238861E-2,5.596747505E-4,1.302958699E-3,9.996104836E-1,1.768056458E2,1.510377362E-1,-5.994745939E-2,1.768055636E2
5.105820619E1,2.787040449E-2,5.584232276E-4,1.300207106E-3,9.996105433E-1,1.768058733E2,1.507184327E-1,-5.981318908E-2,1.768057914E2
5.106320619E1,2.786605643E-2,5.552030634E-4,1.303128665E-3,9.996106625E-1,1.768063717E2,1.510425454E-1,-5.943565520E-2,1.768062902E2
5.106820619E1,2.786799939E-2,5.562555743E-4,1.306846738E-3,9.996106029E-1,1.768061490E2,1.514719171E-1,-5.954404980E-2,1.768060671E2
5.107320619E1,2.787449937E-2,5.610270309E-4,1.302950783E-3,9.996104240E-1,1.768054039E2,1.510412757E-1,-6.010206534E-2,1.768053214E2
5.107820619E1,2.787055628E-2,5.588838831E-4,1.296750968E-3,9.996105433E-1,1.768058559E2,1.503240222E-1,-5.987697114E-2,1.768057742E2
5.108320619E1,2.786814214E-2,5.557397963E-4,1.304019010E-3,9.996106029E-1,1.768061326E2,1.511463701E-1,-5.949397781E-2,1.768060510E2
5.108820619E1,2.786813809E-2,5.561084254E-4,1.303948346E-3,9.996106029E-1,1.768061331E2,1.511394527E-1,-5.953642944E-2,1.768060514E2
5.109320619E1,2.786814584E-2,5.565247848E-4,1.303605037E-3,9.996106029E-1,1.768061322E2,1.511014579E-1,-5.958521734E-2,1.768060504E2
5.109820619E1,2.786391738E-2,5.531283678E-4,1.304028439E-3,9.996107221E-1,1.768066170E2,1.511388599E-1,-5.919545526E-2,1.768065357E2
5.110320619E1,2.786179777E-2,5.510793417E-4,1.304494799E-3,9.996107817E-1,1.768068599E2,1.511856121E-1,-5.895957699E-2,1.768067789E2
5.110820619E1,2.787217905E-2,5.582803278E-4,1.308029983E-3,9.996104836E-1,1.768056699E2,1.516141709E-1,-5.977156650E-2,1.768055876E2
5.111320619E1,2.788071372E-2,5.652178661E-4,1.305360813E-3,9.996102452E-1,1.768046915E2,1.513311017E-1,-6.057347363E-2,1.768046083E2
5.111820619E1,2.787854846E-2,5.640230956E-4,1.306478749E-3,9.996103048E-1,1.768049397E2,1.514552098E-1,-6.043337263E-2,1.768048566E2
5.112320619E1,2.787849581E-2,5.635610432E-4,1.307800878E-3,9.996103048E-1,1.768049457E2,1.516051765E-1,-6.037623008E-2,1.768048626E2
5.112820619E1,2.788087199E-2,5.657550646E-4,1.301742624E-3,9.996102452E-1,1.768046733E2,1.509183746E-1,-6.064654421E-2,1.768045903E2
5.113320619E1,2.787672038E-2,5.621555611E-4,1.300673699E-3,9.996103644E-1,1.768051493E2,1.507841811E-1,-6.023827361E-2,1.768050668E2
5.113820619E1,2.787879083E-2,5.644818884E-4,1.301097567E-3,9.996103048E-1,1.768049119E2,1.508402912E-1,-6.050308080E-2,1.768048291E2
5.114320619E1,2.787667851E-2,5.629243678E-4,1.301238430E-3,9.996103644E-1,1.768051541E2,1.508513229E-1,-6.032454034E-2,1.768050714E2
5.114820619E1,2.788097406E-2,5.668822560E-4,1.299063326E-3,9.996102452E-1,1.768046616E2,1.506150763E-1,-6.078420549E-2,1.768045785E2
5.115320619E1,2.788732180E-2,5.720302579E-4,1.298147952E-3,9.996100664E-1,1.768039340E2,1.505270614E-1,-6.137586203E-2,1.768038501E2
5.115820619E1,2.788928319E-2,5.732704885E-4,1.301357290E-3,9.996100068E-1,1.768037091E2,1.508987662E-1,-6.150737432E-2,1.768036249E2
5.116320619E1,2.789564581E-2,5.786736147E-4,1.299945056E-3,9.996098280E-1,1.768029797E2,1.507546633E-1,-6.212983954E-2,1.768028948E2
5.116820619E1,2.790412405E-2,5.841380334E-4,1.298872638E-3,9.996095896E-1,1.768020078E2,1.506498222E-1,-6.275792210E-2,1.768019221E2
5.117320619E1,2.789990893E-2,5.820548977E-4,1.298612566E-3,9.996097088E-1,1.768024910E2,1.506131066E-1,-6.252077218E-2,1.768024056E2
5.117820619E1,2.790156708E-2,5.827900604E-4,1.308500650E-3,9.996096492E-1,1.768023009E2,1.517482124E-1,-6.257311703E-2,1.768022148E2
5.118320619E1,2.790166920E-2,5.825394182E-4,1.306432998E-3,9.996096492E-1,1.768022892E2,1.515105737E-1,-6.255100234E-2,1.768022033E2
5.118820619E1,2.790995771E-2,5.895820213E-4,1.308651175E-3,9.996094108E-1,1.768013391E2,1.517877039E-1,-6.334935944E-2,1.768012519E2
5.119320619E1,2.790780329E-2,5.871068570E-4,1.310180407E-3,9.996094704E-1,1.768015860E2,1.519548202E-1,-6.306127371E-2,1.768014991E2
5.119820619E1,2.790958199E-2,5.886324798E-4,1.317064627E-3,9.996094108E-1,1.768013821E2,1.527483793E-1,-6.321374083E-2,1.768012945E2
5.120320619E1,2.791378457E-2,5.913134664E-4,1.317277201E-3,9.996092916E-1,1.768009004E2,1.527815711E-1,-6.351951715E-2,1.768008123E2
5.120820619E1,2.790548589E-2,5.855669733E-4,1.314746100E-3,9.996095300E-1,1.768018517E2,1.524727362E-1,-6.287063690E-2,1.768017647E2
5.121320619E1,2.790513542E-2,5.855524214E-4,1.322170487E-3,9.996095300E-1,1.768018919E2,1.533231095E-1,-6.284528190E-2,1.768018044E2
5.121820619E1,2.790715083E-2,5.863326951E-4,1.324348152E-3,9.996094704E-1,1.768016608E2,1.535751768E-1,-6.292738645E-2,1.768015731E2
5.122320619E1,2.791136911E-2,5.898326635E-4,1.323876553E-3,9.996093512E-1,1.768011773E2,1.535326174E-1,-6.332915705E-2,1.768010891E2
5.122820619E1,2.790930060E-2,5.874111666E-4,1.323556760E-3,9.996094108E-1,1.768014144E2,1.534881100E-1,-6.305312274E-2,1.768013266E2
5.123320619E1,2.789904631E-2,5.804657121E-4,1.317715854E-3,9.996097088E-1,1.768025899E2,1.527961980E-1,-6.227779110E-2,1.768025036E2
5.123820619E1,2.789676945E-2,5.782007938E-4,1.321694464E-3,9.996097684E-1,1.768028509E2,1.532445535E-1,-6.200598092E-2,1.768027647E2
5.124320619E1,2.790330020E-2,5.832746392E-4,1.316835172E-3,9.996095896E-1,1.768021023E2,1.527045656E-1,-6.260171067E-2,1.768020155E2
5.124820619E1,2.790552298E-2,5.846471176E-4,1.314368332E-3,9.996095300E-1,1.768018474E2,1.524265246E-1,-6.276647271E-2,1.768017606E2
5.125320619E1,2.790342405E-2,5.831788876E-4,1.314250636E-3,9.996095896E-1,1.768020881E2,1.524082161E-1,-6.259898798E-2,1.768020015E2
5.125820619E1,2.789670360E-2,5.778229679E-4,1.323248493E-3,9.996097684E-1,1.768028585E2,1.534213509E-1,-6.195774429E-2,1.768027722E2
5.126320619E1,2.789863302E-2,5.789078423E-4,1.327117905E-3,9.996097088E-1,1.768026373E2,1.538681690E-1,-6.206934646E-2,1.768025506E2
5.126820619E1,2.789661434E-2,5.778695340E-4,1.325108809E-3,9.996097684E-1,1.768028687E2,1.536345882E-1,-6.195714492E-2,1.768027823E2
5.127320619E1,2.789868007E-2,5.793089513E-4,1.325953286E-3,9.996097088E-1,1.768026319E2,1.537360507E-1,-6.211900833E-2,1.768025452E2
5.127820619E1,2.789661576E-2,5.784010864E-4,1.324846991E-3,9.996097684E-1,1.768028685E2,1.536062971E-1,-6.201886935E-2,1.768027821E2
5.128320619E1,2.789022458E-2,5.726829404E-4,1.326972852E-3,9.996099472E-1,1.768036012E2,1.538311352E-1,-6.135806120E-2,1.768035155E2
5.128820619E1,2.787765562E-2,5.636125570E-4,1.325568184E-3,9.996103048E-1,1.768050421E2,1.536404850E-1,-6.032549827E-2,1.768049579E2
5.129320619E1,2.787338687E-2,5.592166563E-4,1.327301143E-3,9.996104240E-1,1.768055314E2,1.538246910E-1,-5.981708206E-2,1.768054478E2
5.129820619E1,2.788190137E-2,5.669802194E-4,1.324729295E-3,9.996101856E-1,1.768045553E2,1.535554095E-1,-6.071328139E-2,1.768044707E2
5.130320619E1,2.788004858E-2,5.651953979E-4,1.319500268E-3,9.996102452E-1,1.768047677E2,1.529506241E-1,-6.052582645E-2,1.768046837E2
5.130820619E1,2.787785341E-2,5.623775651E-4,1.321927877E-3,9.996103048E-1,1.768050194E2,1.532195645E-1,-6.019563285E-2,1.768049356E2
5.131320619E1,2.787575478E-2,5.607538624E-4,1.321802032E-3,9.996103644E-1,1.768052600E2,1.531998359E-1,-6.001036636E-2,1.768051764E2
5.131820619E1,2.787381098E-2,5.607494386E-4,1.317713293E-3,9.996104240E-1,1.768054828E2,1.527313515E-1,-6.002321774E-2,1.768053995E2
5.132320619E1,2.787367964E-2,5.605645129E-4,1.320567215E-3,9.996104240E-1,1.768054978E2,1.530576616E-1,-5.999293921E-2,1.768054144E2
5.132820619E1,2.787772545E-2,5.629662774E-4,1.324373530E-3,9.996103048E-1,1.768050340E2,1.535015802E-1,-6.025527467E-2,1.768049500E2
5.133320619E1,2.788201253E-2,5.666224170E-4,1.322540920E-3,9.996101856E-1,1.768045426E2,1.533036008E-1,-6.067927129E-2,1.768044581E2
5.133820619E1,2.788210172E-2,5.657595466E-4,1.321029151E-3,9.996101856E-1,1.768045324E2,1.531276802E-1,-6.058524879E-2,1.768044481E2
5.134320619E1,2.787556087E-2,5.616764538E-4,1.325494493E-3,9.996103644E-1,1.768052822E2,1.536257325E-1,-6.010428094E-2,1.768051983E2
5.134820619E1,2.788391317E-2,5.676495493E-4,1.327072503E-3,9.996101260E-1,1.768043247E2,1.538260783E-1,-6.078215465E-2,1.768042398E2
5.135320619E1,2.788829254E-2,5.708924728E-4,1.323445467E-3,9.996100068E-1,1.768038227E2,1.534212425E-1,-6.116453901E-2,1.768037375E2
5.135820619E1,2.788848442E-2,5.713272258E-4,1.319207600E-3,9.996100068E-1,1.768038007E2,1.529372082E-1,-6.122785286E-2,1.768037157E2
5.136320619E1,2.788407940E-2,5.680614267E-4,1.323398435E-3,9.996101260E-1,1.768043057E2,1.534065506E-1,-6.084104836E-2,1.768042209E2
5.136820619E1,2.788591667E-2,5.695457221E-4,1.329057268E-3,9.996100664E-1,1.768040950E2,1.540596089E-1,-6.099270459E-2,1.768040097E2
5.137320619E1,2.788763298E-2,5.706323427E-4,1.337382593E-3,9.996100068E-1,1.768038983E2,1.550168286E-1,-6.109030322E-2,1.768038123E2
5.137820619E1,2.788970573E-2,5.726568052E-4,1.337844646E-3,9.996099472E-1,1.768036607E2,1.550763526E-1,-6.132040093E-2,1.768035743E2
5.138320619E1,2.788758926E-2,5.704261130E-4,1.338381902E-3,9.996100068E-1,1.768039033E2,1.551306349E-1,-6.106349346E-2,1.768038173E2
5.138820619E1,2.788324088E-2,5.677185836E-4,1.341094612E-3,9.996101260E-1,1.768044018E2,1.554324507E-1,-6.074536131E-2,1.768043160E2
5.139320619E1,2.788761546E-2,5.698089371E-4,1.338098780E-3,9.996100068E-1,1.768039003E2,1.550962332E-1,-6.099369861E-2,1.768038144E2
5.139820619E1,2.789177758E-2,5.730070989E-4,1.339036506E-3,9.996098876E-1,1.768034232E2,1.552141236E-1,-6.135639508E-2,1.768033367E2
5.140320619E1,2.788954901E-2,5.721925991E-4,1.341305790E-3,9.996099472E-1,1.768036786E2,1.554713235E-1,-6.125619008E-2,1.768035921E2
5.140820619E1,2.789562717E-2,5.772573058E-4,1.345992787E-3,9.996097684E-1,1.768029819E2,1.560247691E-1,-6.182040814E-2,1.768028943E2
5.141320619E1,2.789754307E-2,5.784730893E-4,1.350022270E-3,9.996097088E-1,1.768027622E2,1.564903403E-1,-6.194649136E-2,1.768026742E2
5.141820619E1,2.789727325E-2,5.774386227E-4,1.356027438E-3,9.996097088E-1,1.768027932E2,1.571748909E-1,-6.180884088E-2,1.768027049E2
5.142320619E1,2.790139998E-2,5.802767118E-4,1.357786474E-3,9.996095896E-1,1.768023201E2,1.573857134E-1,-6.212766192E-2,1.768022313E2
5.142820619E1,2.790540232E-2,5.838277284E-4,1.361770206E-3,9.996094704E-1,1.768018613E2,1.578536432E-1,-6.252105023E-2,1.768017716E2
5.143320619E1,2.791162060E-2,5.893511698E-4,1.363209565E-3,9.996092916E-1,1.768011484E2,1.580365743E-1,-6.314815706E-2,1.768010578E2
5.143820619E1,2.790938271E-2,5.868867156E-4,1.366381301E-3,9.996093512E-1,1.768014050E2,1.583918635E-1,-6.285607140E-2,1.768013146E2
5.144320619E1,2.791551326E-2,5.922095152E-4,1.369661419E-3,9.996091723E-1,1.768007022E2,1.587850054E-1,-6.345431664E-2,1.768006107E2
5.144820619E1,2.791973842E-2,5.946114543E-4,1.369501464E-3,9.996090531E-1,1.768002178E2,1.587746366E-1,-6.372929167E-2,1.768001260E2
5.145320619E1,2.792805150E-2,6.009719218E-4,1.371245249E-3,9.996088147E-1,1.767992649E2,1.589952692E-1,-6.445096138E-2,1.767991718E2
5.145820619E1,2.792789018E-2,6.010967772E-4,1.374472282E-3,9.996088147E-1,1.767992834E2,1.593653054E-1,-6.445496104E-2,1.767991901E2
5.146320619E1,2.793405436E-2,6.054238766E-4,1.377351815E-3,9.996086359E-1,1.767985767E2,1.597093970E-1,-6.494041575E-2,1.767984826E2
5.146820619E1,2.793830744E-2,6.088726805E-4,1.376083586E-3,9.996085167E-1,1.767980892E2,1.595754439E-1,-6.533884579E-2,1.767979945E2
5.147320619E1,2.793431881E-2,6.071792450E-4,1.371202176E-3,9.996086359E-1,1.767985464E2,1.590106110E-1,-6.516113106E-2,1.767984524E2
5.147820619E1,2.793827990E-2,6.101951003E-4,1.376057044E-3,9.996085167E-1,1.767980923E2,1.595766358E-1,-6.549041404E-2,1.767979975E2
5.148320619E1,2.794645293E-2,6.164556253E-4,1.380491303E-3,9.996082783E-1,1.767971554E2,1.601051529E-1,-6.619203097E-2,1.767970592E2
5.148820619E1,2.794669178E-2,6.162144127E-4,1.375755528E-3,9.996082783E-1,1.767971280E2,1.595619275E-1,-6.617952919E-2,1.767970322E2
5.149320619E1,2.793799929E-2,6.094320561E-4,1.382079092E-3,9.996085167E-1,1.767981245E2,1.602639818E-1,-6.538377468E-2,1.767980294E2
5.149820619E1,2.793137144E-2,6.040429580E-4,1.389060286E-3,9.996086955E-1,1.767988843E2,1.610459728E-1,-6.474518823E-2,1.767987896E2
5.150320619E1,2.793341652E-2,6.049899966E-4,1.390416408E-3,9.996086359E-1,1.767986498E2,1.612044767E-1,-6.484899795E-2,1.767985549E2
5.150820619E1,2.794374843E-2,6.130432594E-4,1.393536455E-3,9.996083379E-1,1.767974654E2,1.615883287E-1,-6.575981543E-2,1.767973690E2
5.151320619E1,2.794371932E-2,6.136043812E-4,1.393873245E-3,9.996083379E-1,1.767974688E2,1.616287019E-1,-6.582301633E-2,1.767973722E2
5.151820619E1,2.794349397E-2,6.133076968E-4,1.398513792E-3,9.996083379E-1,1.767974946E2,1.621592977E-1,-6.577420863E-2,1.767973978E2
5.152320619E1,2.794355665E-2,6.136051961E-4,1.397130312E-3,9.996083379E-1,1.767974874E2,1.620017811E-1,-6.581270621E-2,1.767973906E2
5.152820619E1,2.794578097E-2,6.156968884E-4,1.394363120E-3,9.996082783E-1,1.767972324E2,1.616916530E-1,-6.606080398E-2,1.767971355E2
5.153320619E1,2.794565301E-2,6.148100947E-4,1.397315762E-3,9.996082783E-1,1.767972471E2,1.620270207E-1,-6.594978973E-2,1.767971501E2
5.153820619E1,2.794351840E-2,6.132493145E-4,1.398051158E-3,9.996083379E-1,1.767974918E2,1.621061190E-1,-6.576899861E-2,1.767973950E2
5.154320619E1,2.794561257E-2,6.147010135E-4,1.398172346E-3,9.996082783E-1,1.767972517E2,1.621247877E-1,-6.593455825E-2,1.767971547E2
5.154820619E1,2.794546210E-2,6.152306451E-4,1.400944078E-3,9.996082783E-1,1.767972690E2,1.624439676E-1,-6.598637396E-2,1.767971717E2
5.155320619E1,2.794322593E-2,6.118846359E-4,1.404480077E-3,9.996083379E-1,1.767975253E2,1.628381429E-1,-6.559214018E-2,1.767974284E2
5.155820619E1,2.794534372E-2,6.134941941E-4,1.404063543E-3,9.996082783E-1,1.767972825E2,1.627957239E-1,-6.577749868E-2,1.767971853E2
5.156320619E1,2.795185549E-2,6.197156617E-4,1.399006811E-3,9.996080995E-1,1.767965361E2,1.622368486E-1,-6.650528412E-2,1.767964382E2
5.156820619E1,2.794955352E-2,6.180603523E-4,1.403135597E-3,9.996081591E-1,1.767968000E2,1.627043332E-1,-6.630282349E-2,1.767967020E2
5.157320619E1,2.794314353E-2,6.116944132E-4,1.406201278E-3,9.996083379E-1,1.767975348E2,1.630346866E-1,-6.556485268E-2,1.767974377E2
5.157820619E1,2.793872736E-2,6.094826385E-4,1.410163590E-3,9.996084571E-1,1.767980410E2,1.634811862E-1,-6.529953550E-2,1.767979441E2
5.158320619E1,2.794285901E-2,6.122480263E-4,1.411603647E-3,9.996083379E-1,1.767975674E2,1.636552659E-1,-6.561101462E-2,1.767974699E2
5.158820619E1,2.794899445E-2,6.173679722E-4,1.414530328E-3,9.996081591E-1,1.767968640E2,1.640073103E-1,-6.618710935E-2,1.767967655E2
5.159320619E1,2.795519143E-2,6.224683602E-4,1.416200306E-3,9.996079803E-1,1.767961536E2,1.642153517E-1,-6.676497525E-2,1.767960541E2
5.159820619E1,2.795724752E-2,6.240366492E-4,1.416993327E-3,9.996079206E-1,1.767959179E2,1.643113519E-1,-6.694173909E-2,1.767958181E2
5.160320619E1,2.795519531E-2,6.214785390E-4,1.416558400E-3,9.996079803E-1,1.767961532E2,1.642531994E-1,-6.665044671E-2,1.767960538E2
5.160820619E1,2.795076747E-2,6.187288673E-4,1.421008608E-3,9.996080995E-1,1.767966608E2,1.647538542E-1,-6.632195438E-2,1.767965616E2
5.161320619E1,2.795887596E-2,6.250440492E-4,1.426435425E-3,9.996078610E-1,1.767957313E2,1.653962522E-1,-6.702661366E-2,1.767956306E2
5.161820619E1,2.796516155E-2,6.292405888E-4,1.426683739E-3,9.996076822E-1,1.767950107E2,1.654385666E-1,-6.750547736E-2,1.767949093E2
5.162320619E1,2.796106704E-2,6.267268909E-4,1.424517133E-3,9.996078014E-1,1.767954801E2,1.651820572E-1,-6.722516160E-2,1.767953793E2
5.162820619E1,2.795871723E-2,6.242175587E-4,1.429904252E-3,9.996078610E-1,1.767957495E2,1.657909369E-1,-6.692085428E-2,1.767956487E2
5.163320619E1,2.795217347E-2,6.183908554E-4,1.435355865E-3,9.996080399E-1,1.767964996E2,1.663962993E-1,-6.623704757E-2,1.767963995E2
5.163820619E1,2.795634500E-2,6.224247045E-4,1.435389160E-3,9.996079206E-1,1.767960214E2,1.664133134E-1,-6.669831046E-2,1.767959206E2
5.164320619E1,2.795658469E-2,6.218208582E-4,1.430975739E-3,9.996079206E-1,1.767959939E2,1.659058509E-1,-6.664324123E-2,1.767958935E2
5.164820619E1,2.796049836E-2,6.261034869E-4,1.435907790E-3,9.996078014E-1,1.767955453E2,1.664847861E-1,-6.711734944E-2,1.767954438E2
5.165320619E1,2.797075167E-2,6.335926009E-4,1.440392109E-3,9.996075034E-1,1.767943699E2,1.670231458E-1,-6.795912077E-2,1.767942668E2
5.165820619E1,2.797068630E-2,6.334385253E-4,1.441728673E-3,9.996075034E-1,1.767943774E2,1.671757468E-1,-6.793719874E-2,1.767942743E2
5.166320619E1,2.797280249E-2,6.351815537E-4,1.441230648E-3,9.996074438E-1,1.767941348E2,1.671244311E-1,-6.813809926E-2,1.767940314E2
5.166820619E1,2.797051826E-2,6.331288023E-4,1.445120783E-3,9.996075034E-1,1.767943966E2,1.675632982E-1,-6.789087642E-2,1.767942934E2
5.167320619E1,2.797062231E-2,6.327117444E-4,1.443288405E-3,9.996075034E-1,1.767943847E2,1.673520752E-1,-6.784895973E-2,1.767942816E2
5.167820619E1,2.796881203E-2,6.324041751E-4,1.437210594E-3,9.996075630E-1,1.767945922E2,1.666547720E-1,-6.783351176E-2,1.767944896E2
5.168320619E1,2.795824232E-2,6.240922958E-4,1.439214335E-3,9.996078610E-1,1.767958039E2,1.668569452E-1,-6.687675619E-2,1.767957026E2
5.168820619E1,2.796214839E-2,6.259795628E-4,1.445294125E-3,9.996077418E-1,1.767953561E2,1.675596756E-1,-6.707280261E-2,1.767952541E2
5.169320619E1,2.797298135E-2,6.348165916E-4,1.437916188E-3,9.996074438E-1,1.767941143E2,1.667436122E-1,-6.810688895E-2,1.767940112E2
5.169820619E1,2.797503968E-2,6.364327273E-4,1.438593492E-3,9.996073842E-1,1.767938783E2,1.668265168E-1,-6.828949715E-2,1.767937749E2
5.170320619E1,2.796651537E-2,6.303620175E-4,1.441337867E-3,9.996076226E-1,1.767948555E2,1.671208373E-1,-6.758674517E-2,1.767947530E2
5.170820619E1,2.796438996E-2,6.281243986E-4,1.442215056E-3,9.996076822E-1,1.767950992E2,1.672140019E-1,-6.732797775E-2,1.767949969E2
5.171320619E1,2.797737851E-2,6.389888586E-4,1.433384372E-3,9.996073246E-1,1.767936102E2,1.662381839E-1,-6.859860380E-2,1.767935067E2
5.171820619E1,2.797947451E-2,6.411161739E-4,1.433089026E-3,9.996072650E-1,1.767933699E2,1.662113181E-1,-6.884287892E-2,1.767932661E2
5.172320619E1,2.798155116E-2,6.422654260E-4,1.433603931E-3,9.996072054E-1,1.767931319E2,1.662741272E-1,-6.897252545E-2,1.767930278E2
5.172820619E1,2.797729602E-2,6.383681903E-4,1.435269602E-3,9.996073246E-1,1.767936197E2,1.664521353E-1,-6.852147789E-2,1.767935162E2
5.173320619E1,2.797536285E-2,6.372482167E-4,1.431932673E-3,9.996073842E-1,1.767938413E2,1.660661773E-1,-6.840420831E-2,1.767937382E2
5.173820619E1,2.797282240E-2,6.346245063E-4,1.441089553E-3,9.996074438E-1,1.767941325E2,1.671064847E-1,-6.807474034E-2,1.767940292E2
5.174320619E1,2.798317588E-2,6.430623471E-4,1.443063258E-3,9.996071458E-1,1.767929456E2,1.673603312E-1,-6.903320613E-2,1.767928408E2
5.174820619E1,2.799168378E-2,6.502303295E-4,1.439993852E-3,9.996069074E-1,1.767919703E2,1.670323223E-1,-6.986269514E-2,1.767918644E2
5.175320619E1,2.798755241E-2,6.465217448E-4,1.439214218E-3,9.996070266E-1,1.767924439E2,1.669308339E-1,-6.944108032E-2,1.767923387E2
5.175820619E1,2.797705590E-2,6.378458347E-4,1.440174063E-3,9.996073246E-1,1.767936472E2,1.670122348E-1,-6.844595992E-2,1.767935434E2
5.176320619E1,2.798118295E-2,6.420717109E-4,1.440859167E-3,9.996072054E-1,1.767931741E2,1.671045451E-1,-6.892713327E-2,1.767930696E2
5.176820619E1,2.799371966E-2,6.515230634E-4,1.441208762E-3,9.996068478E-1,1.767917369E2,1.671757760E-1,-7.000653578E-2,1.767916308E2
5.177320619E1,2.798975640E-2,6.481893943E-4,1.436999533E-3,9.996069670E-1,1.767921912E2,1.666826512E-1,-6.963883937E-2,1.767920860E2
5.177820619E1,2.798786971E-2,6.476651179E-4,1.432514167E-3,9.996070266E-1,1.767924075E2,1.661670536E-1,-6.959348575E-2,1.767923026E2
5.178320619E1,2.798147297E-2,6.422389997E-4,1.435141196E-3,9.996072054E-1,1.767931408E2,1.664501259E-1,-6.896458210E-2,1.767930367E2
5.178820619E1,2.797510519E-2,6.368661998E-4,1.437127125E-3,9.996073842E-1,1.767938708E2,1.666599432E-1,-6.834383992E-2,1.767937674E2
5.179320619E1,2.797684592E-2,6.375362282E-4,1.444384223E-3,9.996073246E-1,1.767936712E2,1.674934885E-1,-6.839703278E-2,1.767935673E2
5.179820619E1,2.797246789E-2,6.349118194E-4,1.447828603E-3,9.996074438E-1,1.767941731E2,1.678793189E-1,-6.808610821E-2,1.767940694E2
5.180320619E1,2.798306174E-2,6.430022186E-4,1.445301692E-3,9.996071458E-1,1.767929587E2,1.676165361E-1,-6.901915967E-2,1.767928537E2
5.180820619E1,2.797479779E-2,6.359637482E-4,1.443496440E-3,9.996073842E-1,1.767939060E2,1.673866142E-1,-6.822009976E-2,1.767938024E2
5.181320619E1,2.795789227E-2,6.235166802E-4,1.446246752E-3,9.996078610E-1,1.767958440E2,1.676606193E-1,-6.678834901E-2,1.767957423E2
5.181820619E1,2.795767206E-2,6.218415801E-4,1.451216405E-3,9.996078610E-1,1.767958693E2,1.682244961E-1,-6.658058697E-2,1.767957675E2
5.182320619E1,2.795985049E-2,6.240324001E-4,1.449361793E-3,9.996078014E-1,1.767956195E2,1.680192210E-1,-6.683711375E-2,1.767955176E2
5.182820619E1,2.796632813E-2,6.289022276E-4,1.445602276E-3,9.996076226E-1,1.767948770E2,1.676046210E-1,-6.740589582E-2,1.767947744E2
5.183320619E1,2.795977231E-2,6.238946225E-4,1.450928394E-3,9.996078014E-1,1.767956285E2,1.681982237E-1,-6.681632545E-2,1.767955264E2
5.183820619E1,2.795766811E-2,6.225516554E-4,1.450987998E-3,9.996078610E-1,1.767958697E2,1.682006077E-1,-6.666265615E-2,1.767957679E2
5.184320619E1,2.796641459E-2,6.296186475E-4,1.443616464E-3,9.996076226E-1,1.767948671E2,1.673794543E-1,-6.749430899E-2,1.767947645E2
5.184820619E1,2.796441029E-2,6.290555466E-4,1.441414817E-3,9.996076822E-1,1.767950968E2,1.671253225E-1,-6.743719866E-2,1.767949945E2
5.185320619E1,2.797053627E-2,6.328403833E-4,1.444898662E-3,9.996075034E-1,1.767943946E2,1.675369317E-1,-6.785854795E-2,1.767942914E2
5.185820619E1,2.797247593E-2,6.337157683E-4,1.448197174E-3,9.996074438E-1,1.767941722E2,1.679177039E-1,-6.794792180E-2,1.767940686E2
5.186320619E1,2.797230337E-2,6.335438229E-4,1.451601624E-3,9.996074438E-1,1.767941920E2,1.683071101E-1,-6.791734207E-2,1.767940882E2
5.186820619E1,2.796819457E-2,6.318211672E-4,1.449431060E-3,9.996075630E-1,1.767946630E2,1.680526780E-1,-6.772766620E-2,1.767945597E2
5.187320619E1,2.796780706E-2,6.311528268E-4,1.457178849E-3,9.996075630E-1,1.767947074E2,1.689379949E-1,-6.762634369E-2,1.767946037E2
5.187820619E1,2.797634034E-2,6.364856963E-4,1.454603975E-3,9.996073246E-1,1.767937292E2,1.686607264E-1,-6.824401852E-2,1.767936247E2
5.188320619E1,2.797428260E-2,6.362229469E-4,1.453332836E-3,9.996073842E-1,1.767939651E2,1.685141386E-1,-6.821834359E-2,1.767938607E2
5.188820619E1,2.797210570E-2,6.336467341E-4,1.455360791E-3,9.996074438E-1,1.767942147E2,1.687380275E-1,-6.791711356E-2,1.767941106E2
5.189320619E1,2.796576210E-2,6.295154453E-4,1.456246362E-3,9.996076226E-1,1.767949419E2,1.688257954E-1,-6.744212115E-2,1.767948385E2
5.189820619E1,2.797017994E-2,6.330282195E-4,1.451698132E-3,9.996075034E-1,1.767944354E2,1.683163678E-1,-6.785832963E-2,1.767943317E2
5.190320619E1,2.796998148E-2,6.316818180E-4,1.456101774E-3,9.996075034E-1,1.767944582E2,1.688164621E-1,-6.769002263E-2,1.767943544E2
5.190820619E1,2.796764428E-2,6.307060830E-4,1.460492611E-3,9.996075630E-1,1.767947261E2,1.693161332E-1,-6.756457772E-2,1.767946222E2
5.191320619E1,2.796759909E-2,6.302566035E-4,1.461551758E-3,9.996075630E-1,1.767947313E2,1.694360115E-1,-6.750970449E-2,1.767946274E2
5.191820619E1,2.796128121E-2,6.259045331E-4,1.462007058E-3,9.996077418E-1,1.767954555E2,1.694737921E-1,-6.701080144E-2,1.767953524E2
5.192320619E1,2.796144669E-2,6.260580267E-4,1.458772924E-3,9.996077418E-1,1.767954366E2,1.691038350E-1,-6.703871854E-2,1.767953336E2
5.192820619E1,2.795333088E-2,6.191615830E-4,1.453874051E-3,9.996079803E-1,1.767963669E2,1.685200468E-1,-6.626581951E-2,1.767962655E2
5.193320619E1,2.795536357E-2,6.201301585E-4,1.455357997E-3,9.996079206E-1,1.767961339E2,1.686932661E-1,-6.637167001E-2,1.767960322E2
5.193820619E1,2.795750279E-2,6.217366899E-4,1.454518642E-3,9.996078610E-1,1.767958887E2,1.686024100E-1,-6.655802093E-2,1.767957867E2
5.194320619E1,2.794682684E-2,6.143188803E-4,1.458016457E-3,9.996081591E-1,1.767971125E2,1.689786056E-1,-6.569893405E-2,1.767970116E2
5.194820619E1,2.795283200E-2,6.187487743E-4,1.463608816E-3,9.996079803E-1,1.767964241E2,1.696337791E-1,-6.618743472E-2,1.767963221E2
5.195320619E1,2.796337874E-2,6.265834672E-4,1.462351880E-3,9.996076822E-1,1.767952151E2,1.695156068E-1,-6.708711047E-2,1.767951118E2
5.195820619E1,2.796547556E-2,6.292848266E-4,1.461838023E-3,9.996076226E-1,1.767949747E2,1.694655444E-1,-6.739783326E-2,1.767948710E2
5.196320619E1,2.796553605E-2,6.279742811E-4,1.461244188E-3,9.996076226E-1,1.767949678E2,1.693933264E-1,-6.724960751E-2,1.767948643E2
5.196820619E1,2.796146427E-2,6.250716397E-4,1.458858955E-3,9.996077418E-1,1.767954345E2,1.691105299E-1,-6.692545258E-2,1.767953317E2
5.197320619E1,2.796358179E-2,6.266011624E-4,1.458456391E-3,9.996076822E-1,1.767951918E2,1.690694608E-1,-6.710158604E-2,1.767950888E2
5.197820619E1,2.796559019E-2,6.294950726E-4,1.459552790E-3,9.996076226E-1,1.767949616E2,1.692044596E-1,-6.742922036E-2,1.767948579E2
5.198320619E1,2.796135709E-2,6.260346272E-4,1.460499363E-3,9.996077418E-1,1.767954468E2,1.693015123E-1,-6.703052144E-2,1.767953438E2
5.198820619E1,2.796756256E-2,6.303797127E-4,1.462197397E-3,9.996075630E-1,1.767947355E2,1.695103596E-1,-6.752174318E-2,1.767946315E2
5.199320619E1,2.797375989E-2,6.353903445E-4,1.463721157E-3,9.996073842E-1,1.767940250E2,1.697013836E-1,-6.808975845E-2,1.767939201E2
5.199820619E1,2.797188910E-2,6.332655903E-4,1.459683292E-3,9.996074438E-1,1.767942395E2,1.692319200E-1,-6.785963583E-2,1.767941352E2
5.200320619E1,2.797613557E-2,6.364497822E-4,1.458552666E-3,9.996073246E-1,1.767937527E2,1.691129076E-1,-6.822727997E-2,1.767936479E2
5.200820619E1,2.798258312E-2,6.418297417E-4,1.455056597E-3,9.996071458E-1,1.767930136E2,1.687301369E-1,-6.885365588E-2,1.767929081E2
5.201320619E1,2.798701603E-2,6.455091061E-4,1.450058422E-3,9.996070266E-1,1.767925054E2,1.681697181E-1,-6.929039625E-2,1.767923997E2
5.201820619E1,2.797869022E-2,6.392773357E-4,1.449132920E-3,9.996072650E-1,1.767934598E2,1.680431459E-1,-6.858093627E-2,1.767933552E2
5.202320619E1,2.797837538E-2,6.392946816E-4,1.455191290E-3,9.996072650E-1,1.767934959E2,1.687371472E-1,-6.856355180E-2,1.767933909E2
5.202820619E1,2.798256132E-2,6.417020923E-4,1.455532038E-3,9.996071458E-1,1.767930161E2,1.687841862E-1,-6.883751318E-2,1.767929106E2
5.203320619E1,2.798467984E-2,6.433331291E-4,1.455016201E-3,9.996070862E-1,1.767927732E2,1.687304756E-1,-6.902563939E-2,1.767926675E2
5.203820619E1,2.797858727E-2,6.400253624E-4,1.450789394E-3,9.996072650E-1,1.767934716E2,1.682352812E-1,-6.866132646E-2,1.767933668E2
5.204320619E1,2.797414530E-2,6.361784763E-4,1.455992809E-3,9.996073842E-1,1.767939808E2,1.688186784E-1,-6.820474567E-2,1.767938763E2
5.204820619E1,2.797436652E-2,6.354631041E-4,1.452049473E-3,9.996073842E-1,1.767939555E2,1.683647031E-1,-6.813540615E-2,1.767938513E2
5.205320619E1,2.797653233E-2,6.376494421E-4,1.450395677E-3,9.996073246E-1,1.767937072E2,1.681824234E-1,-6.839078097E-2,1.767936028E2
5.205820619E1,2.798259181E-2,6.425607717E-4,1.454566722E-3,9.996071458E-1,1.767930126E2,1.686763681E-1,-6.893896227E-2,1.767929070E2
5.206320619E1,2.798454671E-2,6.436451222E-4,1.457436825E-3,9.996070862E-1,1.767927885E2,1.690087419E-1,-6.905363689E-2,1.767926825E2
5.206820619E1,2.798058050E-2,6.398766418E-4,1.453479636E-3,9.996072054E-1,1.767932431E2,1.685431000E-1,-6.863532944E-2,1.767931381E2
5.207320619E1,2.797424191E-2,6.360948901E-4,1.454171841E-3,9.996073842E-1,1.767939698E2,1.686098307E-1,-6.820099235E-2,1.767938654E2
5.207820619E1,2.797817799E-2,6.391111529E-4,1.459061867E-3,9.996072650E-1,1.767935185E2,1.691799077E-1,-6.853015279E-2,1.767934133E2
5.208320619E1,2.798845652E-2,6.465749466E-4,1.462813350E-3,9.996069670E-1,1.767923403E2,1.696342736E-1,-6.937133273E-2,1.767922335E2
5.208820619E1,2.798859384E-2,6.461925805E-4,1.460352796E-3,9.996069670E-1,1.767923245E2,1.693512079E-1,-6.933540261E-2,1.767922179E2
5.209320619E1,2.798441156E-2,6.427910412E-4,1.460405765E-3,9.996070862E-1,1.767928040E2,1.693460762E-1,-6.894630663E-2,1.767926980E2
5.209820619E1,2.798179359E-2,6.414973759E-4,1.470306655E-3,9.996071458E-1,1.767931041E2,1.704758631E-1,-6.876681715E-2,1.767929976E2
5.210320619E1,2.798360321E-2,6.432352238E-4,1.475620316E-3,9.996070862E-1,1.767928966E2,1.710902241E-1,-6.894853323E-2,1.767927895E2
5.210820619E1,2.798573188E-2,6.439660210E-4,1.475309138E-3,9.996070266E-1,1.767926526E2,1.710570703E-1,-6.903287716E-2,1.767925454E2
5.211320619E1,2.798369101E-2,6.428862107E-4,1.474106568E-3,9.996070862E-1,1.767928866E2,1.709157157E-1,-6.891339424E-2,1.767927796E2
5.211820619E1,2.798342281E-2,6.426268374E-4,1.479301834E-3,9.996070862E-1,1.767929173E2,1.715099669E-1,-6.886706972E-2,1.767928101E2
5.212320619E1,2.797961901E-2,6.385911256E-4,1.472430653E-3,9.996072054E-1,1.767933534E2,1.707096917E-1,-6.842747671E-2,1.767932473E2
5.212820619E1,2.796944102E-2,6.309598102E-4,1.466757269E-3,9.996075034E-1,1.767945201E2,1.700346651E-1,-6.757325768E-2,1.767944158E2
5.213320619E1,2.796923974E-2,6.305193529E-4,1.470779302E-3,9.996075034E-1,1.767945432E2,1.704939512E-1,-6.750994781E-2,1.767944386E2
5.213820619E1,2.797768800E-2,6.377416430E-4,1.469022827E-3,9.996072650E-1,1.767935747E2,1.703164800E-1,-6.834142703E-2,1.767934690E2
5.214320619E1,2.798188975E-2,6.420853897E-4,1.468218514E-3,9.996071458E-1,1.767930930E2,1.702385652E-1,-6.884085155E-2,1.767929867E2
5.214820619E1,2.797373015E-2,6.351244519E-4,1.464404864E-3,9.996073842E-1,1.767940284E2,1.697788457E-1,-6.805711467E-2,1.767939235E2
5.215320619E1,2.796960400E-2,6.314830389E-4,1.463420456E-3,9.996075034E-1,1.767945014E2,1.696541318E-1,-6.764385915E-2,1.767943972E2
5.215820619E1,2.797366536E-2,6.351503544E-4,1.465630718E-3,9.996073842E-1,1.767940359E2,1.699193421E-1,-6.805616305E-2,1.767939308E2
5.216320619E1,2.797172921E-2,6.331348559E-4,1.462800778E-3,9.996074438E-1,1.767942578E2,1.695885884E-1,-6.783469483E-2,1.767941533E2
5.216820619E1,2.796955399E-2,6.310137105E-4,1.464578323E-3,9.996075034E-1,1.767945072E2,1.697852541E-1,-6.758639648E-2,1.767944030E2
5.217320619E1,2.797366373E-2,6.346108858E-4,1.465895446E-3,9.996073842E-1,1.767940360E2,1.699479363E-1,-6.799352040E-2,1.767939311E2
5.217820619E1,2.797377239E-2,6.355724181E-4,1.463403227E-3,9.996073842E-1,1.767940236E2,1.696655503E-1,-6.811163141E-2,1.767939187E2
5.218320619E1,2.797189576E-2,6.340969121E-4,1.459194697E-3,9.996074438E-1,1.767942387E2,1.691786183E-1,-6.795642597E-2,1.767941343E2
5.218820619E1,2.796981187E-2,6.320248358E-4,1.459207619E-3,9.996075034E-1,1.767944776E2,1.691733150E-1,-6.771938791E-2,1.767943736E2
5.219320619E1,2.797179711E-2,6.327518495E-4,1.461667591E-3,9.996074438E-1,1.767942500E2,1.694575622E-1,-6.779444359E-2,1.767941457E2
5.219820619E1,2.796965822E-2,6.312007317E-4,1.462505665E-3,9.996075034E-1,1.767944952E2,1.695484440E-1,-6.761444470E-2,1.767943911E2
5.220320619E1,2.797381539E-2,6.345663569E-4,1.463017892E-3,9.996073842E-1,1.767940187E2,1.696181890E-1,-6.799761848E-2,1.767939139E2
5.220820619E1,2.797167132E-2,6.341623957E-4,1.463462482E-3,9.996074438E-1,1.767942644E2,1.696676746E-1,-6.795028481E-2,1.767941598E2
5.221320619E1,2.796950552E-2,6.315056817E-4,1.465291600E-3,9.996075034E-1,1.767945127E2,1.698685314E-1,-6.764047217E-2,1.767944084E2
5.221820619E1,2.796541153E-2,6.289454759E-4,1.463208348E-3,9.996076226E-1,1.767949820E2,1.696214190E-1,-6.735458115E-2,1.767948783E2
5.222320619E1,2.796755373E-2,6.294678315E-4,1.462759101E-3,9.996075630E-1,1.767947365E2,1.695717777E-1,-6.741549153E-2,1.767946326E2
5.222820619E1,2.797154634E-2,6.323786802E-4,1.466619549E-3,9.996074438E-1,1.767942788E2,1.700235805E-1,-6.773586775E-2,1.767941742E2
5.223320619E1,2.796748789E-2,6.293076440E-4,1.464086352E-3,9.996075630E-1,1.767947440E2,1.697232924E-1,-6.739289999E-2,1.767946401E2
5.223820619E1,2.797003165E-2,6.319566164E-4,1.455018297E-3,9.996075034E-1,1.767944524E2,1.686932374E-1,-6.772496418E-2,1.767943487E2
5.224320619E1,2.796584628E-2,6.293859915E-4,1.454684883E-3,9.996076226E-1,1.767949322E2,1.686465236E-1,-6.743228259E-2,1.767948289E2
5.224820619E1,2.796558102E-2,6.293195765E-4,1.459804131E-3,9.996076226E-1,1.767949626E2,1.692326868E-1,-6.740831395E-2,1.767948590E2
5.225320619E1,2.797579360E-2,6.368980976E-4,1.464902307E-3,9.996073246E-1,1.767937919E2,1.698416532E-1,-6.825833452E-2,1.767936866E2
5.225820619E1,2.796964534E-2,6.325982395E-4,1.462148037E-3,9.996075034E-1,1.767944967E2,1.695119575E-1,-6.777567293E-2,1.767943924E2
5.226320619E1,2.796527533E-2,6.279113004E-4,1.466252492E-3,9.996076226E-1,1.767949977E2,1.699667928E-1,-6.722638740E-2,1.767948939E2
5.226820619E1,2.796509904E-2,6.279163645E-4,1.469608746E-3,9.996076226E-1,1.767950179E2,1.703512457E-1,-6.721624175E-2,1.767949139E2
5.227320619E1,2.796930019E-2,6.313127815E-4,1.469288720E-3,9.996075034E-1,1.767945363E2,1.703257569E-1,-6.760559961E-2,1.767944317E2
5.227820619E1,2.796099926E-2,6.247850833E-4,1.467866474E-3,9.996077418E-1,1.767954879E2,1.701413642E-1,-6.686384528E-2,1.767953845E2
5.228320619E1,2.796523947E-2,6.275653723E-4,1.467084279E-3,9.996076226E-1,1.767950018E2,1.700609604E-1,-6.718410298E-2,1.767948980E2
5.228820619E1,2.797158017E-2,6.330189062E-4,1.465698006E-3,9.996074438E-1,1.767942749E2,1.699200751E-1,-6.781215166E-2,1.767941703E2
5.229320619E1,2.797594953E-2,6.360117695E-4,1.462307177E-3,9.996073246E-1,1.767937740E2,1.695415581E-1,-6.816510194E-2,1.767936691E2
5.229820619E1,2.797201344E-2,6.339703104E-4,1.456992235E-3,9.996074438E-1,1.767942252E2,1.689259354E-1,-6.794896418E-2,1.767941210E2
5.230320619E1,2.796998356E-2,6.317836232E-4,1.456017606E-3,9.996075034E-1,1.767944579E2,1.688071474E-1,-6.770195350E-2,1.767943542E2
5.230820619E1,2.797834957E-2,6.382038700E-4,1.456165919E-3,9.996072650E-1,1.767934989E2,1.688452886E-1,-6.843548256E-2,1.767933940E2
5.231320619E1,2.798260049E-2,6.421937724E-4,1.454561832E-3,9.996071458E-1,1.767930116E2,1.686746317E-1,-6.889693797E-2,1.767929061E2
5.231820619E1,2.797640176E-2,6.376706879E-4,1.452902681E-3,9.996073246E-1,1.767937222E2,1.684696521E-1,-6.838519920E-2,1.767936176E2
5.232320619E1,2.796999583E-2,6.314730854E-4,1.455916557E-3,9.996075034E-1,1.767944565E2,1.687945780E-1,-6.766670425E-2,1.767943528E2
5.232820619E1,2.797427355E-2,6.361667183E-4,1.453531673E-3,9.996073842E-1,1.767939661E2,1.685367339E-1,-6.821126690E-2,1.767938618E2
5.233320619E1,2.797634844E-2,6.375233643E-4,1.453993609E-3,9.996073246E-1,1.767937283E2,1.685941385E-1,-6.836483530E-2,1.767936237E2
5.233820619E1,2.797424912E-2,6.355176447E-4,1.454285579E-3,9.996073842E-1,1.767939689E2,1.686210089E-1,-6.813450503E-2,1.767938646E2
5.234320619E1,2.797019613E-2,6.326150033E-4,1.451566350E-3,9.996075034E-1,1.767944336E2,1.682999491E-1,-6.781141679E-2,1.767943299E2
5.234820619E1,2.797869375E-2,6.400499260E-4,1.448723604E-3,9.996072650E-1,1.767934594E2,1.679987375E-1,-6.867074562E-2,1.767933547E2
5.235320619E1,2.798305830E-2,6.432160153E-4,1.445273170E-3,9.996071458E-1,1.767929591E2,1.676139544E-1,-6.904374140E-2,1.767928541E2
5.235820619E1,2.797864269E-2,6.395966047E-4,1.449909527E-3,9.996072650E-1,1.767934653E2,1.681331242E-1,-6.861502546E-2,1.767933606E2
5.236320619E1,2.797868212E-2,6.386947352E-4,1.449546078E-3,9.996072650E-1,1.767934608E2,1.680886032E-1,-6.851287805E-2,1.767933562E2
5.236820619E1,2.797477324E-2,6.357121747E-4,1.444082824E-3,9.996073842E-1,1.767939089E2,1.674529744E-1,-6.818940716E-2,1.767938052E2
5.237320619E1,2.797504932E-2,6.361397100E-4,1.438535750E-3,9.996073842E-1,1.767938772E2,1.668189639E-1,-6.825611650E-2,1.767937739E2
5.237820619E1,2.797703576E-2,6.381841959E-4,1.440415508E-3,9.996073246E-1,1.767936495E2,1.670409751E-1,-6.848394732E-2,1.767935457E2
5.238320619E1,2.797514549E-2,6.367787719E-4,1.436381135E-3,9.996073842E-1,1.767938662E2,1.665742149E-1,-6.833621014E-2,1.767937629E2
5.238820619E1,2.798153017E-2,6.426953478E-4,1.433820929E-3,9.996072054E-1,1.767931343E2,1.663003609E-1,-6.902107919E-2,1.767930301E2
5.239320619E1,2.797940301E-2,6.404001033E-4,1.434804173E-3,9.996072650E-1,1.767933781E2,1.664054818E-1,-6.875536806E-2,1.767932743E2
5.239820619E1,2.797305183E-2,6.353024510E-4,1.436329563E-3,9.996074438E-1,1.767941062E2,1.665634316E-1,-6.816761679E-2,1.767940031E2
5.240320619E1,2.797948728E-2,6.400948623E-4,1.433296246E-3,9.996072650E-1,1.767933685E2,1.662317804E-1,-6.872522462E-2,1.767932648E2
5.240820619E1,2.798378836E-2,6.431904621E-4,1.431079232E-3,9.996071458E-1,1.767928754E2,1.659880518E-1,-6.908620927E-2,1.767927714E2
5.241320619E1,2.798147670E-2,6.422664155E-4,1.435056212E-3,9.996072054E-1,1.767931404E2,1.664404795E-1,-6.896799437E-2,1.767930363E2
5.241820619E1,2.798352846E-2,6.427621702E-4,1.436344231E-3,9.996071458E-1,1.767929052E2,1.665897495E-1,-6.902030934E-2,1.767928009E2
5.242320619E1,2.798357118E-2,6.427453482E-4,1.435519196E-3,9.996071458E-1,1.767929003E2,1.664951933E-1,-6.902102103E-2,1.767927960E2
5.242820619E1,2.798590380E-2,6.454361137E-4,1.430334290E-3,9.996070862E-1,1.767926329E2,1.659100697E-1,-6.934547875E-2,1.767925285E2
5.243320619E1,2.798801109E-2,6.476931158E-4,1.429736614E-3,9.996070266E-1,1.767923913E2,1.658489933E-1,-6.960557775E-2,1.767922866E2
5.243820619E1,2.799649742E-2,6.534899585E-4,1.427638228E-3,9.996067882E-1,1.767914185E2,1.656278198E-1,-7.027491020E-2,1.767913129E2
5.244320619E1,2.798833597E-2,6.476131966E-4,1.423398964E-3,9.996070266E-1,1.767923541E2,1.651228017E-1,-6.961669636E-2,1.767922498E2
5.244820619E1,2.798004299E-2,6.414454547E-4,1.421798137E-3,9.996072650E-1,1.767933047E2,1.649190770E-1,-6.891670531E-2,1.767932017E2
5.245320619E1,2.798197192E-2,6.431505317E-4,1.424968475E-3,9.996072054E-1,1.767930836E2,1.652878302E-1,-6.910153179E-2,1.767929800E2
5.245820619E1,2.798797724E-2,6.474570837E-4,1.430506003E-3,9.996070266E-1,1.767923952E2,1.659363649E-1,-6.957607905E-2,1.767922905E2
5.246320619E1,2.799860868E-2,6.563697243E-4,1.426646602E-3,9.996067286E-1,1.767911764E2,1.655236210E-1,-7.060760921E-2,1.767910705E2
5.246820619E1,2.799659796E-2,6.544220378E-4,1.425237511E-3,9.996067882E-1,1.767914069E2,1.653558229E-1,-7.038936218E-2,1.767913014E2
5.247320619E1,2.799855429E-2,6.550391554E-4,1.428324729E-3,9.996067286E-1,1.767911827E2,1.657115718E-1,-7.044982188E-2,1.767910768E2
5.247820619E1,2.800073020E-2,6.568884710E-4,1.426533679E-3,9.996066689E-1,1.767909332E2,1.655125005E-1,-7.066704088E-2,1.767908272E2
5.248320619E1,2.800268140E-2,6.591716083E-4,1.428944408E-3,9.996066093E-1,1.767907096E2,1.657961067E-1,-7.092050725E-2,1.767906030E2
5.248820619E1,2.800262178E-2,6.584738730E-4,1.430433709E-3,9.996066093E-1,1.767907164E2,1.659644580E-1,-7.083581487E-2,1.767906098E2
5.249320619E1,2.800466094E-2,6.603607326E-4,1.431295415E-3,9.996065497E-1,1.767904826E2,1.660693639E-1,-7.104884409E-2,1.767903757E2
5.249820619E1,2.800482872E-2,6.599012413E-4,1.428221236E-3,9.996065497E-1,1.767904634E2,1.657157638E-1,-7.100604884E-2,1.767903567E2
5.250320619E1,2.799014907E-2,6.489363732E-4,1.428991673E-3,9.996069670E-1,1.767921462E2,1.657677995E-1,-6.975002332E-2,1.767920414E2
5.250820619E1,2.798795881E-2,6.468971260E-4,1.431119628E-3,9.996070266E-1,1.767923973E2,1.660048564E-1,-6.950997280E-2,1.767922927E2
5.251320619E1,2.799187141E-2,6.508575752E-4,1.436057850E-3,9.996069074E-1,1.767919488E2,1.665834910E-1,-6.994713830E-2,1.767918431E2
5.251820619E1,2.800010261E-2,6.572760758E-4,1.438622363E-3,9.996066689E-1,1.767910052E2,1.668984201E-1,-7.067275480E-2,1.767908982E2
5.252320619E1,2.800025806E-2,6.562148919E-4,1.436079037E-3,9.996066689E-1,1.767909874E2,1.666036960E-1,-7.055933470E-2,1.767908808E2
5.252820619E1,2.798989300E-2,6.481717573E-4,1.434344216E-3,9.996069670E-1,1.767921756E2,1.663784459E-1,-6.964531331E-2,1.767920705E2
5.253320619E1,2.799205053E-2,6.509671221E-4,1.432512305E-3,9.996069074E-1,1.767919282E2,1.661777240E-1,-6.997102993E-2,1.767918228E2
5.253820619E1,2.799642147E-2,6.545510259E-4,1.428641146E-3,9.996067882E-1,1.767914272E2,1.657460999E-1,-7.039324677E-2,1.767913214E2
5.254320619E1,2.800054483E-2,6.578948814E-4,1.429704949E-3,9.996066689E-1,1.767909545E2,1.658789758E-1,-7.077217663E-2,1.767908481E2
5.254820619E1,2.799633242E-2,6.541703478E-4,1.430559205E-3,9.996067882E-1,1.767914374E2,1.659645798E-1,-7.034350255E-2,1.767913315E2
5.255320619E1,2.799438033E-2,6.522273179E-4,1.427996787E-3,9.996068478E-1,1.767916612E2,1.656646919E-1,-7.012947961E-2,1.767915558E2
5.255820619E1,2.799244501E-2,6.511995452E-4,1.424676855E-3,9.996069074E-1,1.767918830E2,1.652809713E-1,-7.002272223E-2,1.767917781E2
5.256320619E1,2.799025047E-2,6.495942362E-4,1.426704694E-3,9.996069670E-1,1.767921346E2,1.655079506E-1,-6.983269806E-2,1.767920298E2
5.256820619E1,2.799010755E-2,6.482984172E-4,1.430094009E-3,9.996069670E-1,1.767921510E2,1.658920194E-1,-6.967341876E-2,1.767920462E2
5.257320619E1,2.799215156E-2,6.510355161E-4,1.430505654E-3,9.996069074E-1,1.767919167E2,1.659480950E-1,-6.998528431E-2,1.767918114E2
5.257820619E1,2.800258654E-2,6.585440715E-4,1.431091106E-3,9.996066093E-1,1.767907204E2,1.660399836E-1,-7.084175214E-2,1.767906138E2
5.258320619E1,2.799421725E-2,6.522350595E-4,1.431186567E-3,9.996068478E-1,1.767916799E2,1.660300845E-1,-7.012016056E-2,1.767915743E2
5.258820619E1,2.798995248E-2,6.492239190E-4,1.432706835E-3,9.996069670E-1,1.767921688E2,1.661942682E-1,-6.977107685E-2,1.767920636E2
5.259320619E1,2.798992274E-2,6.491443492E-4,1.433323836E-3,9.996069670E-1,1.767921722E2,1.662646865E-1,-6.975998830E-2,1.767920670E2
5.259820619E1,2.799410135E-2,6.519391318E-4,1.433586469E-3,9.996068478E-1,1.767916931E2,1.663040281E-1,-7.007858343E-2,1.767915875E2
5.260320619E1,2.799615805E-2,6.543544587E-4,1.433883561E-3,9.996067882E-1,1.767914574E2,1.663459526E-1,-7.035395545E-2,1.767913513E2
5.260820619E1,2.799619982E-2,6.532597472E-4,1.433567260E-3,9.996067882E-1,1.767914526E2,1.663062120E-1,-7.022956786E-2,1.767913467E2
5.261320619E1,2.799614146E-2,6.541417679E-4,1.434304635E-3,9.996067882E-1,1.767914593E2,1.663935018E-1,-7.032824432E-2,1.767913532E2
5.261820619E1,2.799415845E-2,6.519196322E-4,1.432479825E-3,9.996068478E-1,1.767916866E2,1.661772070E-1,-7.007989044E-2,1.767915810E2
5.262320619E1,2.799823465E-2,6.560606998E-4,1.434109756E-3,9.996067286E-1,1.767912193E2,1.663774835E-1,-7.054832815E-2,1.767911129E2
5.262820619E1,2.800452461E-2,6.596919848E-4,1.434268197E-3,9.996065497E-1,1.767904983E2,1.664077306E-1,-7.096272378E-2,1.767903912E2
5.263320619E1,2.800281313E-2,6.592894788E-4,1.426306088E-3,9.996066093E-1,1.767906945E2,1.654942832E-1,-7.094245342E-2,1.767905880E2
5.263820619E1,2.800079621E-2,6.569123361E-4,1.425226335E-3,9.996066689E-1,1.767909257E2,1.653628297E-1,-7.067395858E-2,1.767908197E2
5.264320619E1,2.799842414E-2,6.562804920E-4,1.430304721E-3,9.996067286E-1,1.767911976E2,1.659423475E-1,-7.058568147E-2,1.767910914E2
5.264820619E1,2.799649968E-2,6.543044583E-4,1.427220763E-3,9.996067882E-1,1.767914182E2,1.655826139E-1,-7.036954730E-2,1.767913126E2
5.265320619E1,2.799237953E-2,6.516171270E-4,1.425772207E-3,9.996069074E-1,1.767918905E2,1.654077754E-1,-7.006705194E-2,1.767917854E2
5.265820619E1,2.799428951E-2,6.530015380E-4,1.429422526E-3,9.996068478E-1,1.767916716E2,1.658304832E-1,-7.021360510E-2,1.767915660E2
5.266320619E1,2.800057017E-2,6.565490621E-4,1.429827302E-3,9.996066689E-1,1.767909516E2,1.658886740E-1,-7.061762090E-2,1.767908454E2
5.266820619E1,2.800704381E-2,6.629462005E-4,1.425089082E-3,9.996064901E-1,1.767902095E2,1.653669163E-1,-7.136452363E-2,1.767901025E2
5.267320619E1,2.799862505E-2,6.557842717E-4,1.426594565E-3,9.996067286E-1,1.767911746E2,1.655157828E-1,-7.054071189E-2,1.767910687E2
5.267820619E1,2.799628180E-2,6.540004397E-4,1.431627199E-3,9.996067882E-1,1.767914432E2,1.660863664E-1,-7.032062218E-2,1.767913373E2
5.268320619E1,2.800473381E-2,6.613316364E-4,1.429420197E-3,9.996065497E-1,1.767904743E2,1.658576849E-1,-7.116606361E-2,1.767903673E2
5.268820619E1,2.800686916E-2,6.618483458E-4,1.429026364E-3,9.996064901E-1,1.767902295E2,1.658143831E-1,-7.122616055E-2,1.767901224E2
5.269320619E1,2.800674586E-2,6.625122624E-4,1.431133598E-3,9.996064901E-1,1.767902436E2,1.660578821E-1,-7.129546727E-2,1.767901363E2
5.269820619E1,2.800062971E-2,6.579638575E-4,1.428009709E-3,9.996066689E-1,1.767909448E2,1.656850188E-1,-7.078550311E-2,1.767908384E2
5.270320619E1,2.800516759E-2,6.609787233E-4,1.421060413E-3,9.996065497E-1,1.767904246E2,1.648989967E-1,-7.115239545E-2,1.767903182E2
5.270820619E1,2.800079054E-2,6.580938934E-4,1.424792688E-3,9.996066689E-1,1.767909263E2,1.653169480E-1,-7.081069427E-2,1.767908202E2
5.271320619E1,2.799018492E-2,6.482305471E-4,1.428609597E-3,9.996069670E-1,1.767921421E2,1.657217724E-1,-6.967039295E-2,1.767920374E2
5.271820619E1,2.799211539E-2,6.501710741E-4,1.431606128E-3,9.996069074E-1,1.767919208E2,1.660713752E-1,-6.988274140E-2,1.767918156E2
5.272320619E1,2.799433816E-2,6.518492592E-4,1.428995747E-3,9.996068478E-1,1.767916660E2,1.657779037E-1,-7.008297658E-2,1.767915607E2
5.272820619E1,2.799864773E-2,6.552232080E-4,1.426407369E-3,9.996067286E-1,1.767911720E2,1.654925415E-1,-7.047704087E-2,1.767910662E2
5.273320619E1,2.799616396E-2,6.541212206E-4,1.433874597E-3,9.996067882E-1,1.767914567E2,1.663441779E-1,-7.032726661E-2,1.767913506E2
5.273820619E1,2.799816657E-2,6.548339734E-4,1.435998362E-3,9.996067286E-1,1.767912271E2,1.665898763E-1,-7.040176270E-2,1.767911208E2
5.274320619E1,2.799819451E-2,6.558222231E-4,1.435002196E-3,9.996067286E-1,1.767912239E2,1.664789416E-1,-7.051815478E-2,1.767911175E2
5.274820619E1,2.799818417E-2,6.544869975E-4,1.435813378E-3,9.996067286E-1,1.767912251E2,1.665675749E-1,-7.036260840E-2,1.767911188E2
5.275320619E1,2.800006019E-2,6.569519755E-4,1.439595828E-3,9.996066689E-1,1.767910100E2,1.670088844E-1,-7.063251378E-2,1.767909031E2
5.275820619E1,2.800010398E-2,6.562512717E-4,1.439063577E-3,9.996066689E-1,1.767910050E2,1.669456713E-1,-7.055395110E-2,1.767908982E2
5.276320619E1,2.799812787E-2,6.547142984E-4,1.436807215E-3,9.996067286E-1,1.767912316E2,1.666821412E-1,-7.038546562E-2,1.767911252E2
5.276820619E1,2.799182827E-2,6.506906939E-4,1.436974155E-3,9.996069074E-1,1.767919537E2,1.666879125E-1,-6.992509054E-2,1.767918480E2
5.277320619E1,2.799562270E-2,6.527216174E-4,1.445036847E-3,9.996067882E-1,1.767915187E2,1.676182497E-1,-7.013122656E-2,1.767914121E2
5.277820619E1,2.800585069E-2,6.602605572E-4,1.449573319E-3,9.996064901E-1,1.767903462E2,1.681628023E-1,-7.097851158E-2,1.767902380E2
5.278320619E1,2.800164526E-2,6.571284612E-4,1.450034324E-3,9.996066093E-1,1.767908283E2,1.682052591E-1,-7.061896906E-2,1.767907206E2
5.278820619E1,2.799302325E-2,6.510310923E-4,1.454892801E-3,9.996068478E-1,1.767918167E2,1.687416123E-1,-6.990640197E-2,1.767917097E2
5.279320619E1,2.799057213E-2,6.488493527E-4,1.462056418E-3,9.996069074E-1,1.767920977E2,1.695550120E-1,-6.963392702E-2,1.767919906E2
5.279820619E1,2.799279927E-2,6.507338840E-4,1.459328458E-3,9.996068478E-1,1.767918424E2,1.692487336E-1,-6.985816667E-2,1.767917351E2
5.280320619E1,2.800488952E-2,6.589185796E-4,1.468628296E-3,9.996064901E-1,1.767904564E2,1.703411136E-1,-7.076380250E-2,1.767903471E2
5.280820619E1,2.798795260E-2,6.464097532E-4,1.472495846E-3,9.996069670E-1,1.767923980E2,1.707428081E-1,-6.932144131E-2,1.767922906E2
5.281320619E1,2.799090833E-2,6.479989388E-4,1.455984544E-3,9.996069074E-1,1.767920592E2,1.688567934E-1,-6.955593435E-2,1.767919526E2
5.281820619E1,2.799198187E-2,6.510120584E-4,1.433833037E-3,9.996069074E-1,1.767919361E2,1.663291490E-1,-6.997195206E-2,1.767918306E2
5.282320619E1,2.798298529E-2,6.429852801E-4,1.446788665E-3,9.996071458E-1,1.767929675E2,1.677868046E-1,-6.901246394E-2,1.767928624E2
5.282820619E1,2.799516043E-2,6.519541494E-4,1.454309328E-3,9.996067882E-1,1.767915717E2,1.686778882E-1,-7.001364604E-2,1.767914646E2
5.283320619E1,2.799686773E-2,6.533624837E-4,1.461760839E-3,9.996067286E-1,1.767913760E2,1.695360735E-1,-7.015077095E-2,1.767912681E2
5.283820619E1,2.799941778E-2,6.553227431E-4,1.452772762E-3,9.996066689E-1,1.767910837E2,1.685129869E-1,-7.040371858E-2,1.767909761E2
5.284320619E1,2.799309224E-2,6.508321967E-4,1.453653793E-3,9.996068478E-1,1.767918088E2,1.685990546E-1,-6.988758212E-2,1.767917019E2
5.284820619E1,2.798457490E-2,6.446097977E-4,1.456468832E-3,9.996070862E-1,1.767927852E2,1.689009570E-1,-6.916723666E-2,1.767926792E2
5.285320619E1,2.799502108E-2,6.526900106E-4,1.456659869E-3,9.996067882E-1,1.767915877E2,1.689494864E-1,-7.009041913E-2,1.767914803E2
5.285820619E1,2.799930151E-2,6.546972436E-4,1.455293503E-3,9.996066689E-1,1.767910970E2,1.687997144E-1,-7.032400135E-2,1.767909893E2
5.286320619E1,2.799700264E-2,6.535910070E-4,1.459072228E-3,9.996067286E-1,1.767913606E2,1.692288442E-1,-7.018555058E-2,1.767912528E2
5.286820619E1,2.799468524E-2,6.517744041E-4,1.463508117E-3,9.996067882E-1,1.767916262E2,1.697309704E-1,-6.996362671E-2,1.767915185E2
5.287320619E1,2.798886407E-2,6.477742572E-4,1.454461017E-3,9.996069670E-1,1.767922935E2,1.686814153E-1,-6.953542973E-2,1.767921871E2
5.287820619E1,2.798683115E-2,6.459532888E-4,1.453425153E-3,9.996070266E-1,1.767925266E2,1.685567784E-1,-6.933050929E-2,1.767924205E2
5.288320619E1,2.798653317E-2,6.448331987E-4,1.459646854E-3,9.996070266E-1,1.767925607E2,1.692658415E-1,-6.918230327E-2,1.767924545E2
5.288820619E1,2.799679665E-2,6.539215101E-4,1.462871907E-3,9.996067286E-1,1.767913842E2,1.696651314E-1,-7.021125289E-2,1.767912761E2
5.289320619E1,2.800097142E-2,6.564332289E-4,1.463300898E-3,9.996066093E-1,1.767909056E2,1.697226242E-1,-7.049687640E-2,1.767907970E2
5.289820619E1,2.799269494E-2,6.507763173E-4,1.461309497E-3,9.996068478E-1,1.767918544E2,1.694757843E-1,-6.985669008E-2,1.767917470E2
5.290320619E1,2.799483790E-2,6.517826696E-4,1.460581436E-3,9.996067882E-1,1.767916087E2,1.693957656E-1,-6.997393661E-2,1.767915012E2
5.290820619E1,2.800084481E-2,6.565761869E-4,1.465657610E-3,9.996066093E-1,1.767909201E2,1.699930279E-1,-7.050571109E-2,1.767908114E2
5.291320619E1,2.800095012E-2,6.564875366E-4,1.463684253E-3,9.996066093E-1,1.767909080E2,1.697667092E-1,-7.050187068E-2,1.767907995E2
5.291820619E1,2.799655255E-2,6.526588695E-4,1.468098024E-3,9.996067286E-1,1.767914122E2,1.702596982E-1,-7.004989638E-2,1.767913039E2
5.292320619E1,2.799428455E-2,6.515613641E-4,1.471247058E-3,9.996067882E-1,1.767916721E2,1.706167301E-1,-6.991446506E-2,1.767915639E2
5.292820619E1,2.800072304E-2,6.561157061E-4,1.468188013E-3,9.996066093E-1,1.767909341E2,1.702813913E-1,-7.044486587E-2,1.767908252E2
5.293320619E1,2.798843085E-2,6.468163338E-4,1.463197637E-3,9.996069670E-1,1.767923432E2,1.696790649E-1,-6.939775461E-2,1.767922363E2
5.293820619E1,2.798639892E-2,6.458309363E-4,1.461778302E-3,9.996070266E-1,1.767925761E2,1.695131829E-1,-6.928977760E-2,1.767924695E2
5.294320619E1,2.798850287E-2,6.470953231E-4,1.461695996E-3,9.996069670E-1,1.767923349E2,1.695079565E-1,-6.943451596E-2,1.767922281E2
5.294820619E1,2.799907108E-2,6.543481140E-4,1.459876541E-3,9.996066689E-1,1.767911234E2,1.693235504E-1,-7.026934369E-2,1.767910155E2
5.295320619E1,2.799918641E-2,6.552627310E-4,1.457252074E-3,9.996066689E-1,1.767911102E2,1.690258690E-1,-7.038251117E-2,1.767910023E2
5.295820619E1,2.799509734E-2,6.524020573E-4,1.455322723E-3,9.996067882E-1,1.767915790E2,1.687954020E-1,-7.006171191E-2,1.767914717E2
5.296320619E1,2.800332277E-2,6.580480840E-4,1.458287938E-3,9.996065497E-1,1.767906360E2,1.691537540E-1,-7.069754006E-2,1.767905276E2
5.296820619E1,2.800093883E-2,6.567163509E-4,1.463797526E-3,9.996066093E-1,1.767909093E2,1.697804176E-1,-7.052771901E-2,1.767908007E2
5.297320619E1,2.799879541E-2,6.549762911E-4,1.464873436E-3,9.996066689E-1,1.767911550E2,1.698979251E-1,-7.032531316E-2,1.767910466E2
5.297820619E1,2.799251384E-2,6.499290466E-4,1.465150621E-3,9.996068478E-1,1.767918751E2,1.699130421E-1,-6.974734723E-2,1.767917676E2
5.298320619E1,2.799475449E-2,6.518693408E-4,1.462140586E-3,9.996067882E-1,1.767916183E2,1.695746335E-1,-6.997887676E-2,1.767915106E2
5.298820619E1,2.800534752E-2,6.594838342E-4,1.459613326E-3,9.996064901E-1,1.767904039E2,1.693103243E-1,-7.085740404E-2,1.767902951E2
5.299320619E1,2.799887141E-2,6.546187215E-4,1.463580062E-3,9.996066689E-1,1.767911463E2,1.697486312E-1,-7.028849173E-2,1.767910381E2
5.299820619E1,2.799224877E-2,6.493360270E-4,1.470468123E-3,9.996068478E-1,1.767919055E2,1.705202243E-1,-6.966240652E-2,1.767917977E2
5.300320619E1,2.799019988E-2,6.481611636E-4,1.469469513E-3,9.996069074E-1,1.767921404E2,1.704019252E-1,-6.953138258E-2,1.767920329E2
5.300820619E1,2.799048415E-2,6.489046500E-4,1.463715336E-3,9.996069074E-1,1.767921078E2,1.697452071E-1,-6.963495494E-2,1.767920005E2
5.301320619E1,2.799458135E-2,6.514445995E-4,1.465640729E-3,9.996067882E-1,1.767916381E2,1.699741890E-1,-6.991902484E-2,1.767915303E2
5.301820619E1,2.800298769E-2,6.575923180E-4,1.464913017E-3,9.996065497E-1,1.767906744E2,1.699111493E-1,-7.062413036E-2,1.767905656E2
5.302320619E1,2.800730532E-2,6.611278513E-4,1.462121960E-3,9.996064305E-1,1.767901795E2,1.696030958E-1,-7.103733735E-2,1.767900702E2
5.302820619E1,2.800101835E-2,6.563717034E-4,1.462430228E-3,9.996066093E-1,1.767909002E2,1.696226976E-1,-7.049261470E-2,1.767907917E2
5.303320619E1,2.799859389E-2,6.548313540E-4,1.468784758E-3,9.996066689E-1,1.767911781E2,1.703454753E-1,-7.029619584E-2,1.767910695E2
5.303820619E1,2.800278639E-2,6.584081566E-4,1.468390343E-3,9.996065497E-1,1.767906975E2,1.703120699E-1,-7.070645731E-2,1.767905883E2
5.304320619E1,2.800058755E-2,6.565414951E-4,1.470579766E-3,9.996066093E-1,1.767909496E2,1.705567157E-1,-7.048598708E-2,1.767908405E2
5.304820619E1,2.800033332E-2,6.548764650E-4,1.476152334E-3,9.996066093E-1,1.767909787E2,1.711896748E-1,-7.027742627E-2,1.767908696E2
5.305320619E1,2.800211336E-2,6.569317775E-4,1.481825020E-3,9.996065497E-1,1.767907747E2,1.718461838E-1,-7.049434711E-2,1.767906647E2
5.305820619E1,2.800026920E-2,6.548938691E-4,1.477360260E-3,9.996066093E-1,1.767909861E2,1.713280902E-1,-7.027555494E-2,1.767908768E2
5.306320619E1,2.800246453E-2,6.570496480E-4,1.475121360E-3,9.996065497E-1,1.767907344E2,1.710787040E-1,-7.052930017E-2,1.767906249E2
5.306820619E1,2.799825742E-2,6.538207526E-4,1.475632773E-3,9.996066689E-1,1.767912167E2,1.711266273E-1,-7.015852060E-2,1.767911078E2
5.307320619E1,2.800227383E-2,6.564787473E-4,1.478990656E-3,9.996065497E-1,1.767907563E2,1.715200740E-1,-7.045152179E-2,1.767906466E2
5.307820619E1,2.800254505E-2,6.568836980E-4,1.473666052E-3,9.996065497E-1,1.767907252E2,1.709114762E-1,-7.051494742E-2,1.767906158E2
5.308320619E1,2.799850127E-2,6.550378748E-4,1.470457297E-3,9.996066689E-1,1.767911888E2,1.705377155E-1,-7.031450151E-2,1.767910800E2
5.308820619E1,2.798987289E-2,6.481788005E-4,1.475677011E-3,9.996069074E-1,1.767921779E2,1.711130083E-1,-6.951354793E-2,1.767920699E2
5.309320619E1,2.799393626E-2,6.509994855E-4,1.478106831E-3,9.996067882E-1,1.767917121E2,1.714006684E-1,-6.982815724E-2,1.767916034E2
5.309820619E1,2.799618749E-2,6.526261568E-4,1.475057681E-3,9.996067286E-1,1.767914540E2,1.710567743E-1,-7.002388318E-2,1.767913453E2
5.310320619E1,2.799191775E-2,6.492388202E-4,1.476798789E-3,9.996068478E-1,1.767919435E2,1.712450471E-1,-6.963102110E-2,1.767918352E2
5.310820619E1,2.798763439E-2,6.457684212E-4,1.478811959E-3,9.996069670E-1,1.767924345E2,1.714642199E-1,-6.922777588E-2,1.767923267E2
5.311320619E1,2.798999945E-2,6.469349028E-4,1.473821118E-3,9.996069074E-1,1.767921634E2,1.708964403E-1,-6.937699490E-2,1.767920558E2
5.311820619E1,2.798599302E-2,6.441251608E-4,1.470277319E-3,9.996070266E-1,1.767926227E2,1.704812196E-1,-6.906719878E-2,1.767925158E2
5.312320619E1,2.799012535E-2,6.472017849E-4,1.471310854E-3,9.996069074E-1,1.767921489E2,1.706097623E-1,-6.941559558E-2,1.767920414E2
5.312820619E1,2.798820934E-2,6.469223881E-4,1.467381953E-3,9.996069670E-1,1.767923686E2,1.701586899E-1,-6.939651992E-2,1.767922614E2
5.313320619E1,2.798603882E-2,6.451468216E-4,1.468957053E-3,9.996070266E-1,1.767926174E2,1.703332672E-1,-6.918845290E-2,1.767925104E2
5.313820619E1,2.798826660E-2,6.464621401E-4,1.466492424E-3,9.996069670E-1,1.767923620E2,1.700553248E-1,-6.934664337E-2,1.767922550E2
5.314320619E1,2.798226153E-2,6.414002855E-4,1.461416599E-3,9.996071458E-1,1.767930504E2,1.694572558E-1,-6.878412320E-2,1.767929446E2
5.314820619E1,2.798198886E-2,6.421259604E-4,1.466310583E-3,9.996071458E-1,1.767930817E2,1.700201547E-1,-6.885159990E-2,1.767929754E2
5.315320619E1,2.798600795E-2,6.450525252E-4,1.469586394E-3,9.996070266E-1,1.767926209E2,1.704050516E-1,-6.917563849E-2,1.767925139E2
5.315820619E1,2.798814926E-2,6.457458949E-4,1.469045179E-3,9.996069670E-1,1.767923755E2,1.703454294E-1,-6.925643241E-2,1.767922684E2
5.316320619E1,2.798391791E-2,6.425857428E-4,1.469924231E-3,9.996070862E-1,1.767928605E2,1.704356941E-1,-6.889234992E-2,1.767927539E2
5.316820619E1,2.798563789E-2,6.432730006E-4,1.477392856E-3,9.996070266E-1,1.767926634E2,1.712935244E-1,-6.894682759E-2,1.767925561E2
5.317320619E1,2.798573606E-2,6.434278330E-4,1.475464553E-3,9.996070266E-1,1.767926521E2,1.710731467E-1,-6.897073043E-2,1.767925450E2
5.317820619E1,2.798160398E-2,6.405409076E-4,1.474326709E-3,9.996071458E-1,1.767931258E2,1.709332675E-1,-6.864439875E-2,1.767930193E2
5.318320619E1,2.798361719E-2,6.423006416E-4,1.475762343E-3,9.996070862E-1,1.767928950E2,1.711034965E-1,-6.884102220E-2,1.767927881E2
5.318820619E1,2.799196675E-2,6.492935936E-4,1.475845696E-3,9.996068478E-1,1.767919379E2,1.711360525E-1,-6.964034410E-2,1.767918297E2
5.319320619E1,2.799430028E-2,6.513245171E-4,1.471052528E-3,9.996067882E-1,1.767916703E2,1.705936886E-1,-6.988795643E-2,1.767915621E2
5.319820619E1,2.798396498E-2,6.435362156E-4,1.468611765E-3,9.996070862E-1,1.767928551E2,1.702884067E-1,-6.900542417E-2,1.767927485E2
5.320320619E1,2.798385854E-2,6.436455296E-4,1.470590709E-3,9.996070862E-1,1.767928673E2,1.705154318E-1,-6.901161772E-2,1.767927605E2
5.320820619E1,2.799234943E-2,6.488053477E-4,1.468785340E-3,9.996068478E-1,1.767918940E2,1.703257714E-1,-6.960699991E-2,1.767917864E2
5.321320619E1,2.798839132E-2,6.462452584E-4,1.464205910E-3,9.996069670E-1,1.767923477E2,1.697927249E-1,-6.932911273E-2,1.767922409E2
5.321820619E1,2.797802465E-2,6.387917674E-4,1.462138724E-3,9.996072650E-1,1.767935361E2,1.695313175E-1,-6.848372935E-2,1.767934307E2
5.322320619E1,2.798009718E-2,6.393729709E-4,1.462974469E-3,9.996072054E-1,1.767932985E2,1.696290552E-1,-6.854727300E-2,1.767931930E2
5.322820619E1,2.798422275E-2,6.432405207E-4,1.463821740E-3,9.996070862E-1,1.767928256E2,1.697387938E-1,-6.898687039E-2,1.767927193E2
5.323320619E1,2.798204761E-2,6.418201374E-4,1.465323032E-3,9.996071458E-1,1.767930749E2,1.699060571E-1,-6.881972562E-2,1.767929688E2
5.323820619E1,2.796931594E-2,6.313639460E-4,1.468966831E-3,9.996075034E-1,1.767945345E2,1.702890507E-1,-6.761248935E-2,1.767944299E2
5.324320619E1,2.796913206E-2,6.304403651E-4,1.472859411E-3,9.996075034E-1,1.767945555E2,1.707319608E-1,-6.749425136E-2,1.767944509E2
5.324820619E1,2.797323183E-2,6.342452834E-4,1.474271645E-3,9.996073842E-1,1.767940856E2,1.709062025E-1,-6.792486454E-2,1.767939801E2
5.325320619E1,2.797356642E-2,6.340979598E-4,1.467972994E-3,9.996073842E-1,1.767940472E2,1.701842620E-1,-6.792812315E-2,1.767939422E2
5.325820619E1,2.797127470E-2,6.328069721E-4,1.471607247E-3,9.996074438E-1,1.767943099E2,1.705962604E-1,-6.776898588E-2,1.767942049E2
5.326320619E1,2.796717630E-2,6.293648621E-4,1.470001764E-3,9.996075630E-1,1.767947797E2,1.704010470E-1,-6.738054868E-2,1.767946754E2
5.326820619E1,2.797115434E-2,6.321510882E-4,1.474174554E-3,9.996074438E-1,1.767943237E2,1.708882268E-1,-6.768564798E-2,1.767942186E2
5.327320619E1,2.796692532E-2,6.296347710E-4,1.474653720E-3,9.996075630E-1,1.767948085E2,1.709347624E-1,-6.739659965E-2,1.767947039E2
5.327820619E1,2.797126128E-2,6.326829316E-4,1.471915515E-3,9.996074438E-1,1.767943115E2,1.706311730E-1,-6.775379163E-2,1.767942064E2
5.328320619E1,2.797546976E-2,6.368147442E-4,1.471109921E-3,9.996073246E-1,1.767938290E2,1.705524268E-1,-6.822894095E-2,1.767937233E2
5.328820619E1,2.797566607E-2,6.363262073E-4,1.467583817E-3,9.996073246E-1,1.767938065E2,1.701469697E-1,-6.818425149E-2,1.767937012E2
5.329320619E1,2.797340891E-2,6.338325329E-4,1.471085823E-3,9.996073842E-1,1.767940653E2,1.705399653E-1,-6.788776764E-2,1.767939601E2
5.329820619E1,2.797770282E-2,6.374465884E-4,1.468868577E-3,9.996072650E-1,1.767935730E2,1.702978661E-1,-6.830812155E-2,1.767934674E2
5.330320619E1,2.798382696E-2,6.426616455E-4,1.471621566E-3,9.996070862E-1,1.767928710E2,1.706303557E-1,-6.889561678E-2,1.767927642E2
5.330820619E1,2.798392286E-2,6.424790481E-4,1.469876617E-3,9.996070862E-1,1.767928600E2,1.704298983E-1,-6.888028026E-2,1.767927534E2
5.331320619E1,2.798386512E-2,6.436604308E-4,1.470458927E-3,9.996070862E-1,1.767928666E2,1.705003848E-1,-6.901374608E-2,1.767927598E2
5.331820619E1,2.797959657E-2,6.397521938E-4,1.472353004E-3,9.996072054E-1,1.767933559E2,1.707045188E-1,-6.856072591E-2,1.767932497E2
5.332320619E1,2.798382048E-2,6.428091438E-4,1.471680356E-3,9.996070862E-1,1.767928717E2,1.706375625E-1,-6.891232477E-2,1.767927650E2
5.332820619E1,2.798784667E-2,6.451076479E-4,1.475078054E-3,9.996069670E-1,1.767924102E2,1.710344081E-1,-6.916402584E-2,1.767923028E2
5.333320619E1,2.798131915E-2,6.411100039E-4,1.479476108E-3,9.996071458E-1,1.767931585E2,1.715249204E-1,-6.869312377E-2,1.767930515E2
5.333820619E1,2.799179280E-2,6.483479519E-4,1.479556086E-3,9.996068478E-1,1.767919578E2,1.715580202E-1,-6.952015195E-2,1.767918495E2
5.334320619E1,2.799806623E-2,6.532397820E-4,1.479512546E-3,9.996066689E-1,1.767912386E2,1.715691655E-1,-7.007955708E-2,1.767911295E2
5.334820619E1,2.799394259E-2,6.507945945E-4,1.478077262E-3,9.996067882E-1,1.767917113E2,1.713966244E-1,-6.980478146E-2,1.767916028E2
5.335320619E1,2.798967163E-2,6.469936925E-4,1.480008010E-3,9.996069074E-1,1.767922010E2,1.716052951E-1,-6.936394070E-2,1.767920929E2
5.335820619E1,2.799185929E-2,6.481129094E-4,1.478400663E-3,9.996068478E-1,1.767919502E2,1.714249209E-1,-6.949692352E-2,1.767918420E2
5.336320619E1,2.799417799E-2,6.505576894E-4,1.473716693E-3,9.996067882E-1,1.767916844E2,1.708963915E-1,-6.979159318E-2,1.767915761E2
5.336820619E1,2.798987466E-2,6.469247746E-4,1.476193545E-3,9.996069074E-1,1.767921777E2,1.711681533E-1,-6.936824650E-2,1.767920699E2
5.337320619E1,2.798106652E-2,6.396091776E-4,1.484893728E-3,9.996071458E-1,1.767931874E2,1.721406617E-1,-6.850388097E-2,1.767930803E2
5.337820619E1,2.797904308E-2,6.379907136E-4,1.483592438E-3,9.996072054E-1,1.767934194E2,1.719862747E-1,-6.832301220E-2,1.767933126E2
5.338320619E1,2.798201444E-2,6.415867829E-4,1.466058427E-3,9.996071458E-1,1.767930787E2,1.699895438E-1,-6.879064317E-2,1.767929726E2
5.338820619E1,2.798799177E-2,6.453031674E-4,1.472236705E-3,9.996069670E-1,1.767923935E2,1.707095777E-1,-6.919551016E-2,1.767922863E2
5.339320619E1,2.797881590E-2,6.383561995E-4,1.487714006E-3,9.996072054E-1,1.767934454E2,1.724595439E-1,-6.835170168E-2,1.767933383E2
5.339820619E1,2.797075602E-2,6.316410145E-4,1.481930376E-3,9.996074438E-1,1.767943694E2,1.717749701E-1,-6.760242895E-2,1.767942639E2
5.340320619E1,2.796509268E-2,6.280542002E-4,1.469670911E-3,9.996076226E-1,1.767950186E2,1.703588079E-1,-6.723183224E-2,1.767949146E2
5.340820619E1,2.797328907E-2,6.345621077E-4,1.473048818E-3,9.996073842E-1,1.767940790E2,1.707671511E-1,-6.796506581E-2,1.767939736E2
5.341320619E1,2.797874111E-2,6.387948524E-4,1.488931710E-3,9.996072054E-1,1.767934540E2,1.726004295E-1,-6.839805653E-2,1.767933468E2
5.341820619E1,2.798301138E-2,6.412588991E-4,1.487654750E-3,9.996070862E-1,1.767929645E2,1.724623520E-1,-6.868366215E-2,1.767928569E2
5.342320619E1,2.797098354E-2,6.320094108E-4,1.477472368E-3,9.996074438E-1,1.767943433E2,1.712655154E-1,-6.765887787E-2,1.767942380E2
5.342820619E1,2.796657963E-2,6.282135146E-4,1.481798710E-3,9.996075630E-1,1.767948481E2,1.717486205E-1,-6.721096006E-2,1.767947433E2
5.343320619E1,2.796823519E-2,6.296437350E-4,1.490129973E-3,9.996075034E-1,1.767946584E2,1.727076364E-1,-6.734780055E-2,1.767945527E2
5.343820619E1,2.797053264E-2,6.317495718E-4,1.486094436E-3,9.996074438E-1,1.767943950E2,1.722522832E-1,-6.760155516E-2,1.767942892E2
5.344320619E1,2.797286504E-2,6.334040081E-4,1.481574727E-3,9.996073842E-1,1.767941276E2,1.717400261E-1,-6.780515152E-2,1.767940218E2
5.344820619E1,2.796606048E-2,6.281155511E-4,1.491605770E-3,9.996075630E-1,1.767949077E2,1.728716401E-1,-6.716839837E-2,1.767948021E2
5.345320619E1,2.795769126E-2,6.207786500E-4,1.491790521E-3,9.996078014E-1,1.767958671E2,1.728687328E-1,-6.632883639E-2,1.767957628E2
5.345820619E1,2.796044154E-2,6.239588256E-4,1.478800899E-3,9.996077418E-1,1.767955518E2,1.713911842E-1,-6.673425975E-2,1.767954478E2
5.346320619E1,2.796458905E-2,6.272492465E-4,1.479564467E-3,9.996076226E-1,1.767950763E2,1.714894707E-1,-6.710800830E-2,1.767949718E2
5.346820619E1,2.796634840E-2,6.292744074E-4,1.485707355E-3,9.996075630E-1,1.767948746E2,1.721997283E-1,-6.731999499E-2,1.767947693E2
5.347320619E1,2.796463893E-2,6.275131018E-4,1.478509279E-3,9.996076226E-1,1.767950706E2,1.713694511E-1,-6.714160496E-2,1.767949661E2
5.347820619E1,2.796287373E-2,6.256555207E-4,1.472371747E-3,9.996076822E-1,1.767952730E2,1.706603442E-1,-6.694879513E-2,1.767951692E2
5.348320619E1,2.795865024E-2,6.226064870E-4,1.472936943E-3,9.996078014E-1,1.767957571E2,1.707150333E-1,-6.659844875E-2,1.767956538E2
5.348820619E1,2.797286160E-2,6.339771789E-4,1.481394633E-3,9.996073842E-1,1.767941280E2,1.717212340E-1,-6.787138419E-2,1.767940221E2
5.349320619E1,2.798766296E-2,6.455917028E-4,1.478348277E-3,9.996069670E-1,1.767924312E2,1.714105417E-1,-6.920901564E-2,1.767923235E2
5.349820619E1,2.798813304E-2,6.464874605E-4,1.469028066E-3,9.996069670E-1,1.767923773E2,1.703458466E-1,-6.934143384E-2,1.767922701E2
5.350320619E1,2.798394760E-2,6.425657193E-4,1.469367766E-3,9.996070862E-1,1.767928571E2,1.703718906E-1,-6.889183574E-2,1.767927506E2
5.350820619E1,2.798563668E-2,6.444586907E-4,1.476899022E-3,9.996070266E-1,1.767926635E2,1.712407600E-1,-6.908422826E-2,1.767925561E2
5.351320619E1,2.799012103E-2,6.477213465E-4,1.471164403E-3,9.996069074E-1,1.767921494E2,1.705946532E-1,-6.947558006E-2,1.767920419E2
5.351820619E1,2.800495457E-2,6.600341294E-4,1.466885791E-3,9.996064901E-1,1.767904490E2,1.701451002E-1,-7.089716587E-2,1.767903396E2
5.352320619E1,2.800485025E-2,6.598928594E-4,1.468939590E-3,9.996064901E-1,1.767904609E2,1.703798955E-1,-7.087441052E-2,1.767903514E2
5.352820619E1,2.800486850E-2,6.594829611E-4,1.468775794E-3,9.996064901E-1,1.767904588E2,1.703598189E-1,-7.082798065E-2,1.767903494E2
5.353320619E1,2.799694283E-2,6.539180176E-4,1.460073167E-3,9.996067286E-1,1.767913674E2,1.693445436E-1,-7.021980730E-2,1.767912595E2
5.353820619E1,2.799895496E-2,6.544700009E-4,1.462047338E-3,9.996066689E-1,1.767911367E2,1.695725912E-1,-7.027635995E-2,1.767910286E2
5.354320619E1,2.801131090E-2,6.643730449E-4,1.465413603E-3,9.996063113E-1,1.767897203E2,1.699908453E-1,-7.139781714E-2,1.767896102E2
5.354820619E1,2.801364971E-2,6.665269029E-4,1.460377011E-3,9.996062517E-1,1.767894522E2,1.694210018E-1,-7.166030494E-2,1.767893421E2
5.355320619E1,2.801176405E-2,6.654417375E-4,1.456237864E-3,9.996063113E-1,1.767896684E2,1.689432570E-1,-7.154960942E-2,1.767895588E2
5.355820619E1,2.800339649E-2,6.593307480E-4,1.456291648E-3,9.996065497E-1,1.767906276E2,1.689292070E-1,-7.085085850E-2,1.767905190E2
5.356320619E1,2.800949243E-2,6.627422990E-4,1.460243482E-3,9.996063709E-1,1.767899288E2,1.693932600E-1,-7.122792505E-2,1.767898193E2
5.356820619E1,2.801588526E-2,6.692091119E-4,1.457059989E-3,9.996061921E-1,1.767891959E2,1.690498197E-1,-7.197781291E-2,1.767890856E2
5.357320619E1,2.802025124E-2,6.714608753E-4,1.453848905E-3,9.996060729E-1,1.767886954E2,1.686895458E-1,-7.224531686E-2,1.767885849E2
5.357820619E1,2.801767929E-2,6.699770456E-4,1.463089837E-3,9.996061325E-1,1.767889903E2,1.697431143E-1,-7.204611354E-2,1.767888794E2
5.358320619E1,2.801742919E-2,6.694243639E-4,1.468123402E-3,9.996061325E-1,1.767890189E2,1.703179003E-1,-7.196668713E-2,1.767889078E2
5.358820619E1,2.801739395E-2,6.697698263E-4,1.468638191E-3,9.996061325E-1,1.767890230E2,1.703779743E-1,-7.200461182E-2,1.767889117E2
5.359320619E1,2.801333515E-2,6.670008879E-4,1.466182992E-3,9.996062517E-1,1.767894883E2,1.700875574E-1,-7.169601317E-2,1.767893777E2
5.359820619E1,2.801349958E-2,6.670683506E-4,1.463007298E-3,9.996062517E-1,1.767894694E2,1.697240203E-1,-7.171390750E-2,1.767893590E2
5.360320619E1,2.801543786E-2,6.685119006E-4,1.465955167E-3,9.996061921E-1,1.767892472E2,1.700664629E-1,-7.186946797E-2,1.767891364E2
5.360820619E1,2.801757842E-2,6.695713964E-4,1.465205569E-3,9.996061325E-1,1.767890018E2,1.699841547E-1,-7.199287203E-2,1.767888909E2
5.361320619E1,2.801546255E-2,6.679561920E-4,1.465736656E-3,9.996061921E-1,1.767892444E2,1.700396507E-1,-7.180651084E-2,1.767891337E2
5.361820619E1,2.801759573E-2,6.688886206E-4,1.465186360E-3,9.996061325E-1,1.767889998E2,1.699797634E-1,-7.191472119E-2,1.767888890E2
5.362320619E1,2.801338100E-2,6.660493673E-4,1.465739449E-3,9.996062517E-1,1.767894830E2,1.700336995E-1,-7.158843590E-2,1.767893726E2
5.362820619E1,2.800926571E-2,6.627889234E-4,1.464564702E-3,9.996063709E-1,1.767899548E2,1.698883754E-1,-7.121943413E-2,1.767898450E2
5.363320619E1,2.800505880E-2,6.603447255E-4,1.464754576E-3,9.996064901E-1,1.767904370E2,1.699019805E-1,-7.093956544E-2,1.767903277E2
5.363820619E1,2.800473001E-2,6.600110210E-4,1.471177093E-3,9.996064901E-1,1.767904747E2,1.706365649E-1,-7.088078538E-2,1.767903650E2
5.364320619E1,2.800885686E-2,6.620316417E-4,1.472703647E-3,9.996063709E-1,1.767900016E2,1.708182054E-1,-7.110663615E-2,1.767898914E2
5.364820619E1,2.799850373E-2,6.536162109E-4,1.471042866E-3,9.996066689E-1,1.767911885E2,1.706002290E-1,-7.014977563E-2,1.767910799E2
5.365320619E1,2.799423061E-2,6.514945417E-4,1.472302713E-3,9.996067882E-1,1.767916783E2,1.707374338E-1,-6.990343344E-2,1.767915700E2
5.365820619E1,2.799211283E-2,6.497483118E-4,1.472871867E-3,9.996068478E-1,1.767919211E2,1.707968787E-1,-6.970194486E-2,1.767918131E2
5.366320619E1,2.799192751E-2,6.495598936E-4,1.476472709E-3,9.996068478E-1,1.767919423E2,1.712087264E-1,-6.966884326E-2,1.767918341E2
5.366820619E1,2.798326381E-2,6.420895224E-4,1.482539345E-3,9.996070862E-1,1.767929355E2,1.718790794E-1,-6.879516751E-2,1.767928281E2
5.367320619E1,2.798736933E-2,6.459773285E-4,1.483728876E-3,9.996069670E-1,1.767924649E2,1.720280890E-1,-6.923598128E-2,1.767923567E2
5.367820619E1,2.799380021E-2,6.497902796E-4,1.481212326E-3,9.996067882E-1,1.767917277E2,1.717525042E-1,-6.967970789E-2,1.767916190E2
5.368320619E1,2.798987301E-2,6.481058081E-4,1.475706813E-3,9.996069074E-1,1.767921779E2,1.711161879E-1,-6.950509129E-2,1.767920699E2
5.368820619E1,2.797733123E-2,6.366830203E-4,1.476258854E-3,9.996072650E-1,1.767936156E2,1.711419258E-1,-6.819702695E-2,1.767935096E2
5.369320619E1,2.797096205E-2,6.323337439E-4,1.477740472E-3,9.996074438E-1,1.767943458E2,1.712972641E-1,-6.769517344E-2,1.767942404E2
5.369820619E1,2.797321430E-2,6.345149013E-4,1.474488294E-3,9.996073842E-1,1.767940876E2,1.709318821E-1,-6.795505686E-2,1.767939821E2
5.370320619E1,2.797759523E-2,6.377364625E-4,1.470790710E-3,9.996072650E-1,1.767935854E2,1.705189626E-1,-6.833518141E-2,1.767934795E2
5.370820619E1,2.798165750E-2,6.415417884E-4,1.472874894E-3,9.996071458E-1,1.767931197E2,1.707701798E-1,-6.876369241E-2,1.767930131E2
5.371320619E1,2.798166888E-2,6.408606423E-4,1.472955337E-3,9.996071458E-1,1.767931184E2,1.707772108E-1,-6.868540957E-2,1.767930119E2
5.371820619E1,2.797563596E-2,6.355309743E-4,1.468502101E-3,9.996073246E-1,1.767938100E2,1.702496046E-1,-6.809022147E-2,1.767937047E2
5.372320619E1,2.797148391E-2,6.331660552E-4,1.467470312E-3,9.996074438E-1,1.767942859E2,1.701235526E-1,-6.782334247E-2,1.767941811E2
5.372820619E1,2.797767536E-2,6.372440257E-4,1.469479292E-3,9.996072650E-1,1.767935762E2,1.703671702E-1,-6.828296535E-2,1.767934705E2
5.373320619E1,2.798842329E-2,6.459921715E-4,1.463706372E-3,9.996069670E-1,1.767923441E2,1.697346948E-1,-6.930171926E-2,1.767922373E2
5.373820619E1,2.798860318E-2,6.468811771E-4,1.459868858E-3,9.996069670E-1,1.767923234E2,1.692979836E-1,-6.941582957E-2,1.767922168E2
5.374320619E1,2.797590599E-2,6.364269066E-4,1.462959568E-3,9.996073246E-1,1.767937790E2,1.696176155E-1,-6.821057035E-2,1.767936740E2
5.374820619E1,2.797171094E-2,6.339398096E-4,1.462801476E-3,9.996074438E-1,1.767942599E2,1.695912476E-1,-6.792690041E-2,1.767941553E2
5.375320619E1,2.798014259E-2,6.402525469E-4,1.461720793E-3,9.996072054E-1,1.767932933E2,1.694882741E-1,-6.865203750E-2,1.767931877E2
5.375820619E1,2.798430313E-2,6.429700879E-4,1.462403336E-3,9.996070862E-1,1.767928164E2,1.695754583E-1,-6.896042824E-2,1.767927102E2
5.376320619E1,2.797995299E-2,6.398434634E-4,1.465524314E-3,9.996072054E-1,1.767933151E2,1.699226308E-1,-6.859301502E-2,1.767932093E2
5.376820619E1,2.797985565E-2,6.398526602E-4,1.467377529E-3,9.996072054E-1,1.767933262E2,1.701349336E-1,-6.858814294E-2,1.767932203E2
5.377320619E1,2.798622912E-2,6.454178365E-4,1.465207548E-3,9.996070266E-1,1.767925956E2,1.699046556E-1,-6.923148932E-2,1.767924888E2
5.377820619E1,2.799028721E-2,6.471764646E-4,1.468239469E-3,9.996069074E-1,1.767921304E2,1.702578748E-1,-6.942251926E-2,1.767920231E2
5.378320619E1,2.798572694E-2,6.447362830E-4,1.475066412E-3,9.996070266E-1,1.767926532E2,1.710317368E-1,-6.912188730E-2,1.767925458E2
5.378820619E1,2.798150608E-2,6.400082493E-4,1.476414618E-3,9.996071458E-1,1.767931370E2,1.711707160E-1,-6.857670631E-2,1.767930304E2
5.379320619E1,2.798614216E-2,6.440643338E-4,1.467462396E-3,9.996070266E-1,1.767926056E2,1.701585943E-1,-6.906923352E-2,1.767924989E2
5.379820619E1,2.797974680E-2,6.390355411E-4,1.469807117E-3,9.996072054E-1,1.767933387E2,1.704106077E-1,-6.848677314E-2,1.767932327E2
5.380320619E1,2.798596237E-2,6.437044358E-4,1.471044729E-3,9.996070266E-1,1.767926262E2,1.705677725E-1,-6.901655027E-2,1.767925193E2
5.380820619E1,2.798173953E-2,6.406320608E-4,1.471712138E-3,9.996071458E-1,1.767931103E2,1.706340781E-1,-6.866320070E-2,1.767930039E2
5.381320619E1,2.797952046E-2,6.393990479E-4,1.473951968E-3,9.996072054E-1,1.767933646E2,1.708865376E-1,-6.851516045E-2,1.767932583E2
5.381820619E1,2.797731555E-2,6.367313908E-4,1.476534992E-3,9.996072650E-1,1.767936174E2,1.711737104E-1,-6.820168500E-2,1.767935114E2
5.382320619E1,2.797931912E-2,6.382947904E-4,1.478246297E-3,9.996072054E-1,1.767933877E2,1.713748849E-1,-6.837493702E-2,1.767932813E2
5.382820619E1,2.797949942E-2,6.393033545E-4,1.474392833E-3,9.996072054E-1,1.767933671E2,1.709367290E-1,-6.850278914E-2,1.767932607E2
5.383320619E1,2.796892222E-2,6.302103866E-4,1.476936974E-3,9.996075034E-1,1.767945796E2,1.711982817E-1,-6.745487491E-2,1.767944747E2
5.383820619E1,2.797079465E-2,6.325834547E-4,1.480798936E-3,9.996074438E-1,1.767943649E2,1.716483908E-1,-6.771400228E-2,1.767942594E2
5.384320619E1,2.797303091E-2,6.340466789E-4,1.478164224E-3,9.996073842E-1,1.767941086E2,1.713514350E-1,-6.788967143E-2,1.767940029E2
5.384820619E1,2.798136786E-2,6.407839246E-4,1.478696009E-3,9.996071458E-1,1.767931529E2,1.714345202E-1,-6.865826556E-2,1.767930460E2
5.385320619E1,2.798114845E-2,6.396991666E-4,1.483310247E-3,9.996071458E-1,1.767931780E2,1.719595731E-1,-6.851925226E-2,1.767930710E2
5.385820619E1,2.797459904E-2,6.347282324E-4,1.488467096E-3,9.996073246E-1,1.767939288E2,1.725338886E-1,-6.793444369E-2,1.767938223E2
5.386320619E1,2.796830833E-2,6.293339538E-4,1.488887588E-3,9.996075034E-1,1.767946500E2,1.725643371E-1,-6.731628542E-2,1.767945444E2
5.386820619E1,2.797060330E-2,6.322737318E-4,1.484540873E-3,9.996074438E-1,1.767943869E2,1.720760124E-1,-6.766656338E-2,1.767942811E2
5.387320619E1,2.796826192E-2,6.300988607E-4,1.489435672E-3,9.996075034E-1,1.767946553E2,1.726295670E-1,-6.740215430E-2,1.767945496E2
5.387820619E1,2.796616661E-2,6.275143242E-4,1.489867922E-3,9.996075630E-1,1.767948955E2,1.726706552E-1,-6.710508095E-2,1.767947902E2
5.388320619E1,2.796827772E-2,6.294158520E-4,1.489427872E-3,9.996075034E-1,1.767946535E2,1.726264854E-1,-6.732394024E-2,1.767945479E2
5.388820619E1,2.796416222E-2,6.264502881E-4,1.487946487E-3,9.996076226E-1,1.767951253E2,1.724470162E-1,-6.698970281E-2,1.767950203E2
5.389320619E1,2.796412710E-2,6.271204329E-4,1.488324138E-3,9.996076226E-1,1.767951293E2,1.724924203E-1,-6.706526149E-2,1.767950242E2
5.389820619E1,2.797059872E-2,6.317285588E-4,1.484859153E-3,9.996074438E-1,1.767943874E2,1.721107224E-1,-6.760309627E-2,1.767942817E2
5.390320619E1,2.797259304E-2,6.326524308E-4,1.487021334E-3,9.996073842E-1,1.767941588E2,1.723614902E-1,-6.770164834E-2,1.767940528E2
5.390820619E1,2.796023031E-2,6.238821079E-4,1.482821652E-3,9.996077418E-1,1.767955760E2,1.718514892E-1,-6.671262526E-2,1.767954718E2
5.391320619E1,2.795373899E-2,6.185108214E-4,1.486909925E-3,9.996079206E-1,1.767963201E2,1.723021479E-1,-6.608538203E-2,1.767962166E2
5.391820619E1,2.796405809E-2,6.267735735E-4,1.489766175E-3,9.996076226E-1,1.767951372E2,1.726564849E-1,-6.702092073E-2,1.767950320E2
5.392320619E1,2.796239241E-2,6.254516193E-4,1.481570653E-3,9.996076822E-1,1.767953281E2,1.717133650E-1,-6.689604445E-2,1.767952238E2
5.392820619E1,2.794993571E-2,6.159723853E-4,1.479299623E-3,9.996080399E-1,1.767967561E2,1.714220285E-1,-6.581964348E-2,1.767966536E2
5.393320619E1,2.793721679E-2,6.053071702E-4,1.482295804E-3,9.996083975E-1,1.767982142E2,1.717302480E-1,-6.459056707E-2,1.767981133E2
5.393820619E1,2.793920057E-2,6.074702251E-4,1.484214910E-3,9.996083379E-1,1.767979868E2,1.719571300E-1,-6.483185267E-2,1.767978854E2
5.394320619E1,2.794948534E-2,6.147979293E-4,1.488270122E-3,9.996080399E-1,1.767968078E2,1.724457804E-1,-6.565645924E-2,1.767967048E2
5.394820619E1,2.795163313E-2,6.166194798E-4,1.487213303E-3,9.996079803E-1,1.767965616E2,1.723307012E-1,-6.586812639E-2,1.767964583E2
5.395320619E1,2.794099109E-2,6.088829250E-4,1.490061521E-3,9.996082783E-1,1.767977815E2,1.726314814E-1,-6.497464447E-2,1.767976795E2
5.395820619E1,2.793463530E-2,6.035771221E-4,1.491429750E-3,9.996084571E-1,1.767985101E2,1.727708090E-1,-6.436359983E-2,1.767984089E2
5.396320619E1,2.793658154E-2,6.054423866E-4,1.494165743E-3,9.996083975E-1,1.767982870E2,1.730903059E-1,-6.456816435E-2,1.767981853E2
5.396820619E1,2.793863146E-2,6.064373301E-4,1.495308825E-3,9.996083379E-1,1.767980520E2,1.732245606E-1,-6.467811717E-2,1.767979501E2
5.397320619E1,2.794280152E-2,6.091383402E-4,1.495981705E-3,9.996082187E-1,1.767975740E2,1.733105564E-1,-6.498463167E-2,1.767974715E2
5.397820619E1,2.794101238E-2,6.076893187E-4,1.490149647E-3,9.996082783E-1,1.767977791E2,1.726377553E-1,-6.483763496E-2,1.767976772E2
5.398320619E1,2.793889305E-2,6.062831380E-4,1.490475843E-3,9.996083379E-1,1.767980220E2,1.726704802E-1,-6.467588324E-2,1.767979204E2
5.398820619E1,2.793660981E-2,6.043968024E-4,1.494060387E-3,9.996083975E-1,1.767982838E2,1.730748920E-1,-6.444872851E-2,1.767981823E2
5.399320619E1,2.794309147E-2,6.102241459E-4,1.490111812E-3,9.996082187E-1,1.767975407E2,1.726416737E-1,-6.512775313E-2,1.767974385E2
5.399820619E1,2.794943796E-2,6.157045136E-4,1.488785143E-3,9.996080399E-1,1.767968132E2,1.725076753E-1,-6.575866408E-2,1.767967100E2
5.400320619E1,2.793936505E-2,6.066382048E-4,1.481456333E-3,9.996083379E-1,1.767979679E2,1.716384898E-1,-6.474535139E-2,1.767978668E2
5.400820619E1,2.792892115E-2,5.995999672E-4,1.480159699E-3,9.996086359E-1,1.767991652E2,1.714667604E-1,-6.394508738E-2,1.767990654E2
5.401320619E1,2.793518705E-2,6.039500586E-4,1.480907085E-3,9.996084571E-1,1.767984469E2,1.715666986E-1,-6.443990871E-2,1.767983463E2
5.401820619E1,2.794165276E-2,6.089737872E-4,1.477564569E-3,9.996082783E-1,1.767977057E2,1.712003271E-1,-6.502495320E-2,1.767976044E2
5.402320619E1,2.794159461E-2,6.088255905E-4,1.478724764E-3,9.996082783E-1,1.767977123E2,1.713327456E-1,-6.500427279E-2,1.767976110E2
5.402820619E1,2.793704039E-2,6.059604348E-4,1.485350542E-3,9.996083975E-1,1.767982344E2,1.720822393E-1,-6.465564708E-2,1.767981332E2
5.403320619E1,2.794125109E-2,6.084027700E-4,1.485374989E-3,9.996082783E-1,1.767977517E2,1.720931327E-1,-6.493460538E-2,1.767976501E2
5.403820619E1,2.794564505E-2,6.120140315E-4,1.481449232E-3,9.996081591E-1,1.767972480E2,1.716553000E-1,-6.536007897E-2,1.767971460E2
5.404320619E1,2.794141039E-2,6.088508526E-4,1.482191379E-3,9.996082783E-1,1.767977334E2,1.717299049E-1,-6.499609812E-2,1.767976319E2
5.404820619E1,2.793719818E-2,6.057131686E-4,1.482480788E-3,9.996083975E-1,1.767982163E2,1.717527361E-1,-6.463648383E-2,1.767981153E2
5.405320619E1,2.794347235E-2,6.096854340E-4,1.483173692E-3,9.996082187E-1,1.767974971E2,1.718452326E-1,-6.508819687E-2,1.767973953E2
5.405820619E1,2.794549422E-2,6.112612900E-4,1.484601875E-3,9.996081591E-1,1.767972653E2,1.720140051E-1,-6.526378473E-2,1.767971632E2
5.406320619E1,2.794743251E-2,6.139503093E-4,1.487136120E-3,9.996080995E-1,1.767970431E2,1.723130343E-1,-6.556335313E-2,1.767969404E2
5.406820619E1,2.794792731E-2,6.143546780E-4,1.477640006E-3,9.996080995E-1,1.767969864E2,1.712266108E-1,-6.564000016E-2,1.767968842E2
5.407320619E1,2.793949099E-2,6.069687661E-4,1.478943741E-3,9.996083379E-1,1.767979535E2,1.713517466E-1,-6.479123912E-2,1.767978525E2
5.407820619E1,2.793533003E-2,6.046963390E-4,1.477902522E-3,9.996084571E-1,1.767984305E2,1.712249333E-1,-6.453498653E-2,1.767983300E2
5.408320619E1,2.793929849E-2,6.079525920E-4,1.482172636E-3,9.996083379E-1,1.767979755E2,1.717247445E-1,-6.489362814E-2,1.767978742E2
5.408820619E1,2.794979357E-2,6.159459008E-4,1.481993706E-3,9.996080399E-1,1.767967724E2,1.717305334E-1,-6.580800522E-2,1.767966697E2
5.409320619E1,2.794576175E-2,6.124401698E-4,1.479069819E-3,9.996081591E-1,1.767972346E2,1.713841178E-1,-6.541649162E-2,1.767971327E2
5.409820619E1,2.793926745E-2,6.069820956E-4,1.483155182E-3,9.996083379E-1,1.767979791E2,1.718341827E-1,-6.477932049E-2,1.767978779E2
5.410320619E1,2.793497704E-2,6.041026209E-4,1.484801411E-3,9.996084571E-1,1.767984709E2,1.720132568E-1,-6.444495368E-2,1.767983701E2
5.410820619E1,2.794564502E-2,6.126756198E-4,1.481176238E-3,9.996081591E-1,1.767972480E2,1.716261482E-1,-6.543673597E-2,1.767971459E2
5.411320619E1,2.794370494E-2,6.109143724E-4,1.478277845E-3,9.996082187E-1,1.767974704E2,1.712883788E-1,-6.524460528E-2,1.767973688E2
5.411820619E1,2.793543831E-2,6.039413856E-4,1.476163510E-3,9.996084571E-1,1.767984181E2,1.710233247E-1,-6.445405759E-2,1.767983178E2
5.412320619E1,2.792712446E-2,5.986461183E-4,1.474180724E-3,9.996086955E-1,1.767993711E2,1.707787188E-1,-6.385526989E-2,1.767992719E2
5.412820619E1,2.792916170E-2,5.986993783E-4,1.475979458E-3,9.996086359E-1,1.767991376E2,1.709850590E-1,-6.385526567E-2,1.767990383E2
5.413320619E1,2.793748030E-2,6.061979220E-4,1.476955716E-3,9.996083975E-1,1.767981840E2,1.711214260E-1,-6.470965081E-2,1.767980833E2
5.413820619E1,2.794381013E-2,6.110328250E-4,1.476239180E-3,9.996082187E-1,1.767974584E2,1.710552421E-1,-6.526468388E-2,1.767973568E2
5.414320619E1,2.794178259E-2,6.095225690E-4,1.474880613E-3,9.996082783E-1,1.767976908E2,1.708946538E-1,-6.509638613E-2,1.767975896E2
5.414820619E1,2.793759810E-2,6.057908176E-4,1.474893070E-3,9.996083975E-1,1.767981705E2,1.708838602E-1,-6.466960177E-2,1.767980700E2
5.415320619E1,2.794181579E-2,6.103047053E-4,1.473927870E-3,9.996082783E-1,1.767976870E2,1.707880267E-1,-6.518902227E-2,1.767975857E2
5.415820619E1,2.795455416E-2,6.189665874E-4,1.471313182E-3,9.996079206E-1,1.767962267E2,1.705171025E-1,-6.618741158E-2,1.767961241E2
5.416320619E1,2.796096403E-2,6.242172094E-4,1.468778821E-3,9.996077418E-1,1.767954919E2,1.702440487E-1,-6.679587988E-2,1.767953886E2
5.416820619E1,2.795265323E-2,6.183284568E-4,1.467196387E-3,9.996079803E-1,1.767964446E2,1.700433661E-1,-6.612782722E-2,1.767963424E2
5.417320619E1,2.793602669E-2,6.052214303E-4,1.464457833E-3,9.996084571E-1,1.767983506E2,1.696866104E-1,-6.463805566E-2,1.767982509E2
5.417820619E1,2.793184008E-2,6.016214029E-4,1.464429311E-3,9.996085763E-1,1.767988306E2,1.696715487E-1,-6.422648625E-2,1.767987314E2
5.418320619E1,2.794269599E-2,6.105469656E-4,1.457044389E-3,9.996082783E-1,1.767975861E2,1.688549079E-1,-6.527068463E-2,1.767974859E2
5.418820619E1,2.795134013E-2,6.180304918E-4,1.451646909E-3,9.996080399E-1,1.767965951E2,1.682611793E-1,-6.614372612E-2,1.767964940E2
5.419320619E1,2.794285973E-2,6.110128015E-4,1.453705016E-3,9.996082783E-1,1.767975673E2,1.684738952E-1,-6.533471001E-2,1.767974673E2
5.419820619E1,2.793245660E-2,6.028343341E-4,1.452119555E-3,9.996085763E-1,1.767987599E2,1.682654252E-1,-6.440472154E-2,1.767986613E2
5.420320619E1,2.792434853E-2,5.960084382E-4,1.446746173E-3,9.996088147E-1,1.767996894E2,1.676275536E-1,-6.364139690E-2,1.767995923E2
5.420820619E1,2.792861136E-2,6.000834401E-4,1.445141621E-3,9.996086955E-1,1.767992007E2,1.674570711E-1,-6.411259562E-2,1.767991031E2
5.421320619E1,2.793501543E-2,6.056629354E-4,1.442719600E-3,9.996085167E-1,1.767984665E2,1.671979088E-1,-6.475838915E-2,1.767983681E2
5.421820619E1,2.793113017E-2,6.026296760E-4,1.436605118E-3,9.996086359E-1,1.767989119E2,1.664875521E-1,-6.443116010E-2,1.767988144E2
5.422320619E1,2.791669661E-2,5.911919288E-4,1.431584125E-3,9.996090531E-1,1.768005665E2,1.658748889E-1,-6.313946957E-2,1.768004713E2
5.422820619E1,2.790416653E-2,5.807995913E-4,1.430411241E-3,9.996094108E-1,1.768020029E2,1.657065137E-1,-6.195489000E-2,1.768019095E2
5.423320619E1,2.791447550E-2,5.891819019E-4,1.434102538E-3,9.996091127E-1,1.768008212E2,1.661567952E-1,-6.290153994E-2,1.768007261E2
5.423820619E1,2.792726370E-2,5.990928039E-4,1.430291682E-3,9.996087551E-1,1.767993552E2,1.657527977E-1,-6.404687192E-2,1.767992587E2
5.424320619E1,2.792137750E-2,5.949630286E-4,1.421940164E-3,9.996089339E-1,1.768000299E2,1.647825641E-1,-6.360151748E-2,1.767999347E2
5.424820619E1,2.790911398E-2,5.847811699E-4,1.415495528E-3,9.996092916E-1,1.768014358E2,1.640110036E-1,-6.245785112E-2,1.768013426E2
5.425320619E1,2.790041250E-2,5.773749435E-4,1.421692548E-3,9.996095300E-1,1.768024333E2,1.646966298E-1,-6.159110555E-2,1.768023410E2
5.425820619E1,2.790023641E-2,5.775020109E-4,1.425092458E-3,9.996095300E-1,1.768024535E2,1.650864751E-1,-6.159481944E-2,1.768023610E2
5.426320619E1,2.790063661E-2,5.789230345E-4,1.416655956E-3,9.996095300E-1,1.768024076E2,1.641246665E-1,-6.178450092E-2,1.768023154E2
5.426820619E1,2.789866921E-2,5.764114903E-4,1.414366416E-3,9.996095896E-1,1.768026331E2,1.638542547E-1,-6.150445424E-2,1.768025415E2
5.427320619E1,2.788788345E-2,5.687202793E-4,1.419551438E-3,9.996098876E-1,1.768038696E2,1.644229395E-1,-6.060864761E-2,1.768037789E2
5.427820619E1,2.788610353E-2,5.672689294E-4,1.413111924E-3,9.996099472E-1,1.768040736E2,1.636805654E-1,-6.046327093E-2,1.768039835E2
5.428320619E1,2.788644138E-2,5.669081584E-4,1.406574505E-3,9.996099472E-1,1.768040349E2,1.629305902E-1,-6.044278167E-2,1.768039453E2
5.428820619E1,2.788862463E-2,5.692222039E-4,1.404711627E-3,9.996098876E-1,1.768037846E2,1.627247307E-1,-6.071344608E-2,1.768036947E2
5.429320619E1,2.788253986E-2,5.638673319E-4,1.400410198E-3,9.996100664E-1,1.768044821E2,1.622145338E-1,-6.011479652E-2,1.768043934E2
5.429820619E1,2.787644017E-2,5.591454683E-4,1.396092935E-3,9.996102452E-1,1.768051814E2,1.617045519E-1,-5.958870289E-2,1.768050937E2
5.430320619E1,2.787032801E-2,5.552630173E-4,1.391634461E-3,9.996104240E-1,1.768058821E2,1.611810814E-1,-5.915920820E-2,1.768057953E2
5.430820619E1,2.788306660E-2,5.651931860E-4,1.389344339E-3,9.996100664E-1,1.768044218E2,1.609512394E-1,-6.030194177E-2,1.768043335E2
5.431320619E1,2.789400016E-2,5.734589649E-4,1.380882924E-3,9.996097684E-1,1.768031684E2,1.600090913E-1,-6.127404739E-2,1.768030792E2
5.431820619E1,2.788389583E-2,5.673246924E-4,1.371721504E-3,9.996100664E-1,1.768043267E2,1.589394551E-1,-6.060227684E-2,1.768042391E2
5.432320619E1,2.787157316E-2,5.564956809E-4,1.365968259E-3,9.996104240E-1,1.768057393E2,1.582451009E-1,-5.938218150E-2,1.768056538E2
5.432820619E1,2.787192227E-2,5.569634959E-4,1.358634559E-3,9.996104240E-1,1.768056993E2,1.574065612E-1,-5.945913667E-2,1.768056142E2
5.433320619E1,2.788466677E-2,5.677843583E-4,1.355767017E-3,9.996100664E-1,1.768042383E2,1.571134297E-1,-6.070578914E-2,1.768041516E2
5.433820619E1,2.789309907E-2,5.742103094E-4,1.355389948E-3,9.996098280E-1,1.768032717E2,1.570912906E-1,-6.144174169E-2,1.768031840E2
5.434320619E1,2.788484595E-2,5.679561873E-4,1.352004590E-3,9.996100664E-1,1.768042178E2,1.566830144E-1,-6.073746613E-2,1.768041313E2
5.434820619E1,2.787223090E-2,5.583995953E-4,1.351695741E-3,9.996104240E-1,1.768056639E2,1.566163446E-1,-5.964575153E-2,1.768055790E2
5.435320619E1,2.786810129E-2,5.554036470E-4,1.349918079E-3,9.996105433E-1,1.768061373E2,1.564029038E-1,-5.930889881E-2,1.768060530E2
5.435820619E1,2.787654898E-2,5.618716241E-4,1.349366503E-3,9.996103048E-1,1.768051689E2,1.563608866E-1,-6.005022598E-2,1.768050836E2
5.436320619E1,2.788491984E-2,5.684788339E-4,1.350259758E-3,9.996100664E-1,1.768042093E2,1.564848235E-1,-6.080289765E-2,1.768041229E2
5.436820619E1,2.788924637E-2,5.721968482E-4,1.347581972E-3,9.996099472E-1,1.768037133E2,1.561902373E-1,-6.123666543E-2,1.768036264E2
5.437320619E1,2.788091787E-2,5.645561032E-4,1.346288831E-3,9.996101856E-1,1.768046681E2,1.560171878E-1,-6.036687458E-2,1.768045825E2
5.437820619E1,2.785991638E-2,5.479325191E-4,1.345362165E-3,9.996107817E-1,1.768070756E2,1.558566974E-1,-5.846892949E-2,1.768069927E2
5.438320619E1,2.785792290E-2,5.468102754E-4,1.342809526E-3,9.996108413E-1,1.768073041E2,1.555606003E-1,-5.834883964E-2,1.768072216E2
5.438820619E1,2.787264766E-2,5.580807338E-4,1.343207201E-3,9.996104240E-1,1.768056161E2,1.556430126E-1,-5.963627450E-2,1.768055318E2
5.439320619E1,2.787697119E-2,5.625750637E-4,1.340320567E-3,9.996103048E-1,1.768051205E2,1.553269728E-1,-6.015963451E-2,1.768050356E2
5.439820619E1,2.786033871E-2,5.495496443E-4,1.335923676E-3,9.996107817E-1,1.768070272E2,1.547807326E-1,-5.868423421E-2,1.768069446E2
5.440320619E1,2.784973046E-2,5.402684910E-4,1.337900874E-3,9.996110797E-1,1.768082433E2,1.549769707E-1,-5.761643828E-2,1.768081620E2
5.440820619E1,2.785587107E-2,5.460599205E-4,1.341308816E-3,9.996109009E-1,1.768075393E2,1.553861830E-1,-5.826799850E-2,1.768074570E2
5.441320619E1,2.786428916E-2,5.522245774E-4,1.341615920E-3,9.996106625E-1,1.768065743E2,1.554415369E-1,-5.897185210E-2,1.768064910E2
5.441820619E1,2.786432872E-2,5.526343593E-4,1.340625109E-3,9.996106625E-1,1.768065698E2,1.553293531E-1,-5.902194899E-2,1.768064864E2
5.442320619E1,2.785142747E-2,5.408284487E-4,1.346852165E-3,9.996110201E-1,1.768080487E2,1.560042015E-1,-5.765174752E-2,1.768079669E2
5.442820619E1,2.783872923E-2,5.319421180E-4,1.347491401E-3,9.996113777E-1,1.768095044E2,1.560483417E-1,-5.663378701E-2,1.768094240E2
5.443320619E1,2.783678502E-2,5.298574688E-4,1.344257500E-3,9.996114373E-1,1.768097273E2,1.556711467E-1,-5.640561606E-2,1.768096473E2
5.443820619E1,2.784735650E-2,5.377462949E-4,1.343784621E-3,9.996111393E-1,1.768085154E2,1.556427519E-1,-5.730912031E-2,1.768084342E2
5.444320619E1,2.785555203E-2,5.442614201E-4,1.348645543E-3,9.996109009E-1,1.768075759E2,1.562208248E-1,-5.803861575E-2,1.768074934E2
5.444820619E1,2.784917461E-2,5.396825727E-4,1.349656144E-3,9.996110797E-1,1.768083070E2,1.563216027E-1,-5.751189391E-2,1.768082252E2
5.445320619E1,2.783444544E-2,5.286313244E-4,1.348855323E-3,9.996114969E-1,1.768099955E2,1.561937717E-1,-5.625086360E-2,1.768099155E2
5.445820619E1,2.782803245E-2,5.237404839E-4,1.350567210E-3,9.996116757E-1,1.768107307E2,1.563739056E-1,-5.568617504E-2,1.768106513E2
5.446320619E1,2.783861336E-2,5.307160900E-4,1.350365579E-3,9.996113777E-1,1.768095177E2,1.563736530E-1,-5.648419814E-2,1.768094373E2
5.446820619E1,2.785553918E-2,5.450691096E-4,1.348584774E-3,9.996109009E-1,1.768075774E2,1.562164415E-1,-5.813133014E-2,1.768074948E2
5.447320619E1,2.784724606E-2,5.383302923E-4,1.345837954E-3,9.996111393E-1,1.768085281E2,1.558798130E-1,-5.736948020E-2,1.768084467E2
5.447820619E1,2.782407271E-2,5.194127443E-4,1.345580793E-3,9.996117949E-1,1.768111846E2,1.557887046E-1,-5.520696360E-2,1.768111062E2
5.448320619E1,2.782825188E-2,5.233309930E-4,1.346197445E-3,9.996116757E-1,1.768107055E2,1.558720669E-1,-5.565316975E-2,1.768106265E2
5.448820619E1,2.783675568E-2,5.296948948E-4,1.344929100E-3,9.996114373E-1,1.768097307E2,1.557475563E-1,-5.638485589E-2,1.768096507E2
5.449320619E1,2.784331381E-2,5.353380693E-4,1.339834300E-3,9.996112585E-1,1.768089789E2,1.551823373E-1,-5.704649894E-2,1.768088983E2
5.449820619E1,2.784132487E-2,5.343637895E-4,1.337082009E-3,9.996113181E-1,1.768092069E2,1.548638478E-1,-5.694398792E-2,1.768091266E2
5.450320619E1,2.782651224E-2,5.226320354E-4,1.338146161E-3,9.996117353E-1,1.768109049E2,1.549474882E-1,-5.559905112E-2,1.768108265E2
5.450820619E1,2.781999506E-2,5.166212213E-4,1.342404983E-3,9.996119142E-1,1.768116520E2,1.554157989E-1,-5.489796274E-2,1.768115743E2
5.451320619E1,2.782834939E-2,5.228417576E-4,1.344370656E-3,9.996116757E-1,1.768106943E2,1.556612583E-1,-5.560293965E-2,1.768106155E2
5.451820619E1,2.784941550E-2,5.400725640E-4,1.344519784E-3,9.996110797E-1,1.768082794E2,1.557345052E-1,-5.757292072E-2,1.768081978E2
5.452320619E1,2.785179719E-2,5.425326526E-4,1.338495291E-3,9.996110201E-1,1.768080064E2,1.550524055E-1,-5.787357362E-2,1.768079247E2
5.452820619E1,2.782853141E-2,5.243704654E-4,1.340000308E-3,9.996116757E-1,1.768106735E2,1.551655321E-1,-5.579195735E-2,1.768105946E2
5.453320619E1,2.781785907E-2,5.155032850E-4,1.342715113E-3,9.996119738E-1,1.768118969E2,1.554476423E-1,-5.476924983E-2,1.768118193E2
5.453820619E1,2.783468492E-2,5.276286975E-4,1.344298362E-3,9.996114969E-1,1.768099680E2,1.556685993E-1,-5.615051356E-2,1.768098884E2
5.454320619E1,2.784975969E-2,5.409100559E-4,1.337032882E-3,9.996110797E-1,1.768082399E2,1.548795939E-1,-5.769269323E-2,1.768081586E2
5.454820619E1,2.784999717E-2,5.405611009E-4,1.332218759E-3,9.996110797E-1,1.768082127E2,1.543270493E-1,-5.766804876E-2,1.768081317E2
5.455320619E1,2.783712804E-2,5.305129453E-4,1.336875488E-3,9.996114373E-1,1.768096880E2,1.548276676E-1,-5.650419403E-2,1.768096083E2
5.455820619E1,2.782239147E-2,5.190046504E-4,1.336190035E-3,9.996118546E-1,1.768113773E2,1.547116241E-1,-5.519042013E-2,1.768112995E2
5.456320619E1,2.782458490E-2,5.205461057E-4,1.334506203E-3,9.996117949E-1,1.768111259E2,1.545237821E-1,-5.537201884E-2,1.768110479E2
5.456820619E1,2.784356192E-2,5.364052486E-4,1.334239729E-3,9.996112585E-1,1.768089504E2,1.545449138E-1,-5.718655335E-2,1.768088700E2
5.457320619E1,2.785823525E-2,5.469106254E-4,1.336272690E-3,9.996108413E-1,1.768072683E2,1.548121623E-1,-5.838115404E-2,1.768071861E2
5.457820619E1,2.784558263E-2,5.365549587E-4,1.336662332E-3,9.996111989E-1,1.768087188E2,1.548230097E-1,-5.719565938E-2,1.768086382E2
5.458320619E1,2.782871937E-2,5.247038207E-4,1.335960231E-3,9.996116757E-1,1.768106519E2,1.547038257E-1,-5.584299693E-2,1.768105732E2
5.458820619E1,2.782445582E-2,5.208075163E-4,1.337092952E-3,9.996117949E-1,1.768111407E2,1.548209136E-1,-5.539373470E-2,1.768110625E2
5.459320619E1,2.784525816E-2,5.363041419E-4,1.343504875E-3,9.996111989E-1,1.768087560E2,1.556059854E-1,-5.714514534E-2,1.768086750E2
5.459820619E1,2.785599973E-2,5.457358202E-4,1.338766422E-3,9.996109009E-1,1.768075246E2,1.550939316E-1,-5.823896949E-2,1.768074424E2
5.460320619E1,2.785187480E-2,5.429206067E-4,1.336722053E-3,9.996110201E-1,1.768079975E2,1.548505287E-1,-5.792366016E-2,1.768079159E2
5.460820619E1,2.783275913E-2,5.276865559E-4,1.339820097E-3,9.996115565E-1,1.768101888E2,1.551557025E-1,-5.617172432E-2,1.768101094E2
5.461320619E1,2.783294696E-2,5.265218206E-4,1.336371875E-3,9.996115565E-1,1.768101673E2,1.547570135E-1,-5.604927627E-2,1.768100883E2
5.461820619E1,2.784804584E-2,5.390552687E-4,1.328892307E-3,9.996111393E-1,1.768084364E2,1.539410951E-1,-5.750647692E-2,1.768083559E2
5.462320619E1,2.786284323E-2,5.507173482E-4,1.327784033E-3,9.996107221E-1,1.768067401E2,1.538522348E-1,-5.884359268E-2,1.768066578E2
5.462820619E1,2.786281208E-2,5.507040769E-4,1.328443061E-3,9.996107221E-1,1.768067437E2,1.539276803E-1,-5.883997306E-2,1.768066613E2
5.463320619E1,2.784359612E-2,5.363441887E-4,1.333550317E-3,9.996112585E-1,1.768089465E2,1.544657507E-1,-5.718175356E-2,1.768088661E2
5.463820619E1,2.783536574E-2,5.285153748E-4,1.329774503E-3,9.996114969E-1,1.768098900E2,1.540077972E-1,-5.629830174E-2,1.768098111E2
5.464320619E1,2.784799551E-2,5.386772682E-4,1.330099651E-3,9.996111393E-1,1.768084422E2,1.540781838E-1,-5.745933292E-2,1.768083616E2
5.464820619E1,2.786485942E-2,5.525870365E-4,1.329568680E-3,9.996106625E-1,1.768065090E2,1.540627503E-1,-5.905175083E-2,1.768064263E2
5.465320619E1,2.786477029E-2,5.532079958E-4,1.331177307E-3,9.996106625E-1,1.768065192E2,1.542489917E-1,-5.911775698E-2,1.768064363E2
5.465820619E1,2.784372901E-2,5.352977314E-4,1.331194071E-3,9.996112585E-1,1.768089313E2,1.541925176E-1,-5.706938261E-2,1.768088512E2
5.466320619E1,2.783075309E-2,5.246148212E-4,1.338226604E-3,9.996116161E-1,1.768104188E2,1.549632625E-1,-5.582525951E-2,1.768103400E2
5.466820619E1,2.784769959E-2,5.385653931E-4,1.336326124E-3,9.996111393E-1,1.768084761E2,1.547910352E-1,-5.742669368E-2,1.768083952E2
5.467320619E1,2.787081640E-2,5.568622146E-4,1.337341382E-3,9.996104836E-1,1.768058261E2,1.549670983E-1,-5.951571651E-2,1.768057422E2
5.467820619E1,2.787943512E-2,5.640939344E-4,1.332865795E-3,9.996102452E-1,1.768048381E2,1.544780510E-1,-6.035705039E-2,1.768047533E2
5.468320619E1,2.786464070E-2,5.519287661E-4,1.334417029E-3,9.996106625E-1,1.768065340E2,1.546160002E-1,-5.896090020E-2,1.768064511E2
5.468820619E1,2.784362067E-2,5.359008792E-4,1.333215972E-3,9.996112585E-1,1.768089437E2,1.544260393E-1,-5.713203678E-2,1.768088634E2
5.469320619E1,2.784752286E-2,5.388453719E-4,1.339891227E-3,9.996111393E-1,1.768084964E2,1.552002913E-1,-5.744741492E-2,1.768084152E2
5.469820619E1,2.786647474E-2,5.533836666E-4,1.340153278E-3,9.996106029E-1,1.768063238E2,1.552778258E-1,-5.910895311E-2,1.768062403E2
5.470320619E1,2.788767200E-2,5.706364173E-4,1.336566987E-3,9.996100068E-1,1.768038938E2,1.549234187E-1,-6.109337039E-2,1.768038078E2
5.470820619E1,2.787929343E-2,5.636306596E-4,1.336021698E-3,9.996102452E-1,1.768048543E2,1.548380620E-1,-6.029392304E-2,1.768047695E2
5.471320619E1,2.786037492E-2,5.493495846E-4,1.335250563E-3,9.996107817E-1,1.768070230E2,1.547029927E-1,-5.866346138E-2,1.768069405E2
5.471820619E1,2.784950097E-2,5.396437482E-4,1.342920470E-3,9.996110797E-1,1.768082696E2,1.555499445E-1,-5.752889188E-2,1.768081882E2
5.472320619E1,2.786639307E-2,5.538827390E-4,1.341644325E-3,9.996106029E-1,1.768063331E2,1.554502101E-1,-5.916137161E-2,1.768062495E2
5.472820619E1,2.788327846E-2,5.666320794E-4,1.340772724E-3,9.996101260E-1,1.768043975E2,1.553921097E-1,-6.062192829E-2,1.768043119E2
5.473320619E1,2.788118904E-2,5.649563391E-4,1.340492629E-3,9.996101856E-1,1.768046370E2,1.553545445E-1,-6.043119712E-2,1.768045517E2
5.473820619E1,2.786205276E-2,5.493214703E-4,1.344840042E-3,9.996107221E-1,1.768068307E2,1.558014495E-1,-5.862936361E-2,1.768067476E2
5.474320619E1,2.785551557E-2,5.451815668E-4,1.349026919E-3,9.996109009E-1,1.768075801E2,1.562674457E-1,-5.814280410E-2,1.768074974E2
5.474820619E1,2.786604830E-2,5.530980998E-4,1.349108294E-3,9.996106029E-1,1.768063727E2,1.563026607E-1,-5.904771248E-2,1.768062887E2
5.475320619E1,2.787882074E-2,5.633205874E-4,1.345979050E-3,9.996102452E-1,1.768049085E2,1.559776293E-1,-6.022666704E-2,1.768048231E2
5.475820619E1,2.788899938E-2,5.716701271E-4,1.352906693E-3,9.996099472E-1,1.768037417E2,1.567984701E-1,-6.115935230E-2,1.768036545E2
5.476320619E1,2.788264750E-2,5.666127545E-4,1.353838830E-3,9.996101260E-1,1.768044698E2,1.568886950E-1,-6.057806387E-2,1.768043834E2
5.476820619E1,2.787002070E-2,5.559600540E-4,1.354192966E-3,9.996104836E-1,1.768059173E2,1.568944711E-1,-5.935868027E-2,1.768058326E2
5.477320619E1,2.786574191E-2,5.524792941E-4,1.355674351E-3,9.996106029E-1,1.768064078E2,1.570527900E-1,-5.895591091E-2,1.768063236E2
5.477820619E1,2.788701763E-2,5.697892630E-4,1.350509119E-3,9.996100068E-1,1.768039688E2,1.565177027E-1,-6.095187795E-2,1.768038821E2
5.478320619E1,2.790182961E-2,5.812654272E-4,1.348503283E-3,9.996095896E-1,1.768022708E2,1.563255390E-1,-6.227053063E-2,1.768021824E2
5.478820619E1,2.789540822E-2,5.770118441E-4,1.350627863E-3,9.996097684E-1,1.768030070E2,1.565549055E-1,-6.177750864E-2,1.768029191E2
5.479320619E1,2.787002338E-2,5.568584311E-4,1.353768632E-3,9.996104836E-1,1.768059170E2,1.568487344E-1,-5.946294142E-2,1.768058322E2
5.479820619E1,2.787013239E-2,5.554461386E-4,1.352103776E-3,9.996104836E-1,1.768059045E2,1.566535255E-1,-5.930646769E-2,1.768058200E2
5.480320619E1,2.788505074E-2,5.689053214E-4,1.347373822E-3,9.996100664E-1,1.768041943E2,1.561556186E-1,-6.086095194E-2,1.768041080E2
5.480820619E1,2.789558721E-2,5.757621839E-4,1.347460551E-3,9.996097684E-1,1.768029864E2,1.561881151E-1,-6.164446085E-2,1.768028990E2
5.481320619E1,2.789763004E-2,5.773535813E-4,1.348703634E-3,9.996097088E-1,1.768027523E2,1.563357205E-1,-6.182245721E-2,1.768026645E2
5.481820619E1,2.788714820E-2,5.704785581E-4,1.347518526E-3,9.996100068E-1,1.768039539E2,1.561773497E-1,-6.104037122E-2,1.768038672E2
5.482320619E1,2.788303790E-2,5.658284063E-4,1.346104313E-3,9.996101260E-1,1.768044251E2,1.560002454E-1,-6.051287165E-2,1.768043393E2
5.482820619E1,2.788285750E-2,5.671196268E-4,1.349293860E-3,9.996101260E-1,1.768044457E2,1.563697139E-1,-6.065061379E-2,1.768043595E2
5.483320619E1,2.789542039E-2,5.767850089E-4,1.350473263E-3,9.996097684E-1,1.768030056E2,1.565364721E-1,-6.175201767E-2,1.768029178E2
5.483820619E1,2.789768703E-2,5.774860620E-4,1.347467536E-3,9.996097088E-1,1.768027457E2,1.561945561E-1,-6.184157525E-2,1.768026580E2
5.484320619E1,2.788724971E-2,5.707402597E-4,1.345305238E-3,9.996100068E-1,1.768039422E2,1.559246664E-1,-6.107740555E-2,1.768038557E2
5.484820619E1,2.787464376E-2,5.601763260E-4,1.345268684E-3,9.996103644E-1,1.768053873E2,1.558859629E-1,-5.986942240E-2,1.768053025E2
5.485320619E1,2.787431434E-2,5.595516996E-4,1.352335792E-3,9.996103644E-1,1.768054251E2,1.566934653E-1,-5.977535063E-2,1.768053399E2
5.485820619E1,2.787850308E-2,5.630477099E-4,1.352656167E-3,9.996102452E-1,1.768049449E2,1.567415832E-1,-6.017412774E-2,1.768048592E2
5.486320619E1,2.788293983E-2,5.672017578E-4,1.347556943E-3,9.996101260E-1,1.768044363E2,1.561710225E-1,-6.066555863E-2,1.768043502E2
5.486820619E1,2.787878833E-2,5.633487017E-4,1.346638426E-3,9.996102452E-1,1.768049122E2,1.560532468E-1,-6.022778595E-2,1.768048268E2
5.487320619E1,2.787238127E-2,5.578004639E-4,1.348839607E-3,9.996104240E-1,1.768056467E2,1.562872777E-1,-5.958622186E-2,1.768055620E2
5.487820619E1,2.786590603E-2,5.533787771E-4,1.351928920E-3,9.996106029E-1,1.768063890E2,1.566266435E-1,-5.907087840E-2,1.768063048E2
5.488320619E1,2.786171952E-2,5.488499883E-4,1.351917861E-3,9.996107221E-1,1.768068689E2,1.566106690E-1,-5.855281061E-2,1.768067855E2
5.488820619E1,2.787201735E-2,5.581932492E-4,1.356177032E-3,9.996104240E-1,1.768056884E2,1.571289920E-1,-5.960783548E-2,1.768056032E2
5.489320619E1,2.787634173E-2,5.611039815E-4,1.353959669E-3,9.996103048E-1,1.768051927E2,1.568845560E-1,-5.994765450E-2,1.768051072E2
5.489820619E1,2.787226253E-2,5.578202545E-4,1.351282815E-3,9.996104240E-1,1.768056603E2,1.565671965E-1,-5.958070374E-2,1.768055755E2
5.490320619E1,2.785544241E-2,5.454266211E-4,1.350437757E-3,9.996109009E-1,1.768075885E2,1.564298312E-1,-5.816638225E-2,1.768075057E2
5.490820619E1,2.785310144E-2,5.427109427E-4,1.355686691E-3,9.996109605E-1,1.768078569E2,1.570222776E-1,-5.783892213E-2,1.768077742E2
5.491320619E1,2.786563311E-2,5.517114769E-4,1.358221052E-3,9.996106029E-1,1.768064203E2,1.573420491E-1,-5.885984461E-2,1.768063360E2
5.491820619E1,2.787442945E-2,5.595312105E-4,1.349969418E-3,9.996103644E-1,1.768054119E2,1.564223452E-1,-5.978054444E-2,1.768053269E2
5.492320619E1,2.787473865E-2,5.608267384E-4,1.343029551E-3,9.996103644E-1,1.768053764E2,1.556315601E-1,-5.995106281E-2,1.768052916E2
5.492820619E1,2.787030046E-2,5.561932339E-4,1.348326914E-3,9.996104836E-1,1.768058852E2,1.562232927E-1,-5.940408134E-2,1.768058008E2
5.493320619E1,2.787037313E-2,5.566161126E-4,1.346649369E-3,9.996104836E-1,1.768058769E2,1.560324896E-1,-5.945786718E-2,1.768057925E2
5.493820619E1,2.787688816E-2,5.611171364E-4,1.342656557E-3,9.996103048E-1,1.768051300E2,1.555898912E-1,-5.998518390E-2,1.768050452E2
5.494320619E1,2.788096899E-2,5.656630383E-4,1.344764605E-3,9.996101856E-1,1.768046622E2,1.558461321E-1,-6.049853252E-2,1.768045765E2
5.494820619E1,2.788542045E-2,5.693268031E-4,1.339521259E-3,9.996100664E-1,1.768041519E2,1.552574994E-1,-6.093426665E-2,1.768040660E2
5.495320619E1,2.787927205E-2,5.643304903E-4,1.336172340E-3,9.996102452E-1,1.768048568E2,1.548575522E-1,-6.037360854E-2,1.768047718E2
5.495820619E1,2.786878143E-2,5.550239002E-4,1.335960813E-3,9.996105433E-1,1.768060594E2,1.548029656E-1,-5.930986768E-2,1.768059759E2
5.496320619E1,2.786670524E-2,5.539560807E-4,1.335114241E-3,9.996106029E-1,1.768062974E2,1.547024598E-1,-5.919057714E-2,1.768062141E2
5.496820619E1,2.788148436E-2,5.655505811E-4,1.334084314E-3,9.996101856E-1,1.768046031E2,1.546224069E-1,-6.051969484E-2,1.768045181E2
5.497320619E1,2.787735546E-2,5.622190656E-4,1.332454616E-3,9.996103048E-1,1.768050765E2,1.544248363E-1,-6.014392487E-2,1.768049921E2
5.497820619E1,2.786680641E-2,5.535759847E-4,1.333158812E-3,9.996106029E-1,1.768062858E2,1.544772631E-1,-5.915326708E-2,1.768062027E2
5.498320619E1,2.785622237E-2,5.461606197E-4,1.333951950E-3,9.996109009E-1,1.768074991E2,1.545438162E-1,-5.830296308E-2,1.768074171E2
5.498820619E1,2.786236793E-2,5.499668187E-4,1.338029280E-3,9.996107221E-1,1.768067946E2,1.550233748E-1,-5.872498312E-2,1.768067118E2
5.499320619E1,2.786459127E-2,5.529703340E-4,1.335017849E-3,9.996106625E-1,1.768065397E2,1.546881455E-1,-5.907829780E-2,1.768064566E2
5.499820619E1,2.787288957E-2,5.586791085E-4,1.337928115E-3,9.996104240E-1,1.768055884E2,1.550402340E-1,-5.972164068E-2,1.768055043E2
5.500320619E1,2.787704076E-2,5.615762784E-4,1.339292154E-3,9.996103048E-1,1.768051125E2,1.552059844E-1,-6.004850125E-2,1.768050278E2
5.500820619E1,2.786666665E-2,5.539593403E-4,1.335918205E-3,9.996106029E-1,1.768063018E2,1.547945598E-1,-5.918838914E-2,1.768062185E2
5.501320619E1,2.785430393E-2,5.450930330E-4,1.329777180E-3,9.996109605E-1,1.768077190E2,1.540620881E-1,-5.819429649E-2,1.768076375E2
5.501820619E1,2.785631039E-2,5.453002523E-4,1.332465094E-3,9.996109009E-1,1.768074890E2,1.543707595E-1,-5.820914329E-2,1.768074073E2
5.502320619E1,2.787315796E-2,5.584904575E-4,1.332404092E-3,9.996104240E-1,1.768055576E2,1.544068861E-1,-5.971763403E-2,1.768054738E2
5.502820619E1,2.788148776E-2,5.658779410E-4,1.333874417E-3,9.996101856E-1,1.768046028E2,1.545994101E-1,-6.055786301E-2,1.768045177E2
5.503320619E1,2.787316675E-2,5.590339424E-4,1.331992215E-3,9.996104240E-1,1.768055566E2,1.543614433E-1,-5.978120279E-2,1.768054728E2
5.503820619E1,2.785409500E-2,5.447475705E-4,1.334287459E-3,9.996109605E-1,1.768077430E2,1.545776132E-1,-5.814036051E-2,1.768076612E2
5.504320619E1,2.785845004E-2,5.479052779E-4,1.331378240E-3,9.996108413E-1,1.768072437E2,1.542547048E-1,-5.851068041E-2,1.768071616E2
5.504820619E1,2.787549459E-2,5.608803476E-4,1.327224425E-3,9.996103644E-1,1.768052898E2,1.538213441E-1,-6.000757353E-2,1.768052059E2
5.505320619E1,2.787557860E-2,5.610556109E-4,1.325384481E-3,9.996103644E-1,1.768052802E2,1.536111486E-1,-6.003351398E-2,1.768051964E2
5.505820619E1,2.786927157E-2,5.568215856E-4,1.324942685E-3,9.996105433E-1,1.768060032E2,1.535466405E-1,-5.955089943E-2,1.768059201E2
5.506320619E1,2.785456517E-2,5.444025737E-4,1.324577723E-3,9.996109605E-1,1.768076891E2,1.534643158E-1,-5.813176277E-2,1.768076079E2
5.506820619E1,2.785051730E-2,5.420481320E-4,1.320691197E-3,9.996110797E-1,1.768081531E2,1.530113749E-1,-5.787509386E-2,1.768080726E2
5.507320619E1,2.785860938E-2,5.480626132E-4,1.327974955E-3,9.996108413E-1,1.768072254E2,1.538653795E-1,-5.853954291E-2,1.768071435E2
5.507820619E1,2.788560386E-2,5.693352432E-4,1.335694105E-3,9.996100664E-1,1.768041309E2,1.548191480E-1,-6.094743479E-2,1.768040452E2
5.508320619E1,2.788989019E-2,5.722968490E-4,1.334147993E-3,9.996099472E-1,1.768036395E2,1.546517726E-1,-6.129095509E-2,1.768035534E2
5.508820619E1,2.787753553E-2,5.626517814E-4,1.328498591E-3,9.996103048E-1,1.768050558E2,1.539730780E-1,-6.020610130E-2,1.768049716E2
5.509320619E1,2.786301683E-2,5.515414523E-4,1.323793083E-3,9.996107221E-1,1.768067202E2,1.533977242E-1,-5.895070751E-2,1.768066380E2
5.509820619E1,2.786931372E-2,5.566992913E-4,1.324107288E-3,9.996105433E-1,1.768059983E2,1.534505602E-1,-5.953955250E-2,1.768059153E2
5.510320619E1,2.788184304E-2,5.664761993E-4,1.326171798E-3,9.996101856E-1,1.768045620E2,1.537190300E-1,-6.065094744E-2,1.768044773E2
5.510820619E1,2.788392395E-2,5.683212657E-4,1.326558529E-3,9.996101260E-1,1.768043235E2,1.537693512E-1,-6.086073836E-2,1.768042385E2
5.511320619E1,2.787959342E-2,5.650566309E-4,1.329141669E-3,9.996102452E-1,1.768048199E2,1.540545483E-1,-6.047919789E-2,1.768047353E2
5.511820619E1,2.787524578E-2,5.601137527E-4,1.332762185E-3,9.996103644E-1,1.768053183E2,1.544532151E-1,-5.990211115E-2,1.768052342E2
5.512320619E1,2.786901842E-2,5.566286854E-4,1.330337604E-3,9.996105433E-1,1.768060322E2,1.541639822E-1,-5.951161275E-2,1.768059488E2
5.512820619E1,2.787953678E-2,5.639928859E-4,1.330780447E-3,9.996102452E-1,1.768048264E2,1.542388636E-1,-6.035212225E-2,1.768047418E2
5.513320619E1,2.789187366E-2,5.746271345E-4,1.336338231E-3,9.996098876E-1,1.768034122E2,1.549102282E-1,-6.155057459E-2,1.768033256E2
5.513820619E1,2.789796169E-2,5.778017803E-4,1.341633033E-3,9.996097088E-1,1.768027142E2,1.555272571E-1,-6.189634957E-2,1.768026268E2
5.514320619E1,2.789596737E-2,5.775180180E-4,1.338811242E-3,9.996097684E-1,1.768029429E2,1.552029984E-1,-6.187317628E-2,1.768028557E2
5.514820619E1,2.788533628E-2,5.693431594E-4,1.341265393E-3,9.996100664E-1,1.768041616E2,1.554573321E-1,-6.093057989E-2,1.768040755E2
5.515320619E1,2.789354270E-2,5.746063543E-4,1.346060424E-3,9.996098280E-1,1.768032208E2,1.560239138E-1,-6.151685909E-2,1.768031336E2
5.515820619E1,2.790210885E-2,5.822718958E-4,1.342277043E-3,9.996095896E-1,1.768022388E2,1.556155769E-1,-6.240568279E-2,1.768021507E2
5.516320619E1,2.790436982E-2,5.838639336E-4,1.338968519E-3,9.996095300E-1,1.768019796E2,1.552418275E-1,-6.259827337E-2,1.768018914E2
5.516820619E1,2.790830613E-2,5.873641348E-4,1.344383461E-3,9.996094108E-1,1.768015284E2,1.558735346E-1,-6.298128122E-2,1.768014393E2
5.517320619E1,2.790410928E-2,5.840288941E-4,1.344315591E-3,9.996095300E-1,1.768020095E2,1.558548302E-1,-6.260011138E-2,1.768019209E2
5.517820619E1,2.791052948E-2,5.884335842E-4,1.342075644E-3,9.996093512E-1,1.768012735E2,1.556127417E-1,-6.311081788E-2,1.768011844E2
5.518320619E1,2.791042704E-2,5.881487741E-4,1.344329095E-3,9.996093512E-1,1.768012853E2,1.558699505E-1,-6.307100232E-2,1.768011960E2
5.518820619E1,2.791455923E-2,5.917007802E-4,1.345613622E-3,9.996092319E-1,1.768008116E2,1.560287129E-1,-6.347311992E-2,1.768007217E2
5.519320619E1,2.791875899E-2,5.951410276E-4,1.345522818E-3,9.996091127E-1,1.768003301E2,1.560295854E-1,-6.386682422E-2,1.768002397E2
5.519820619E1,2.790445054E-2,5.831377348E-4,1.337602152E-3,9.996095300E-1,1.768019704E2,1.550829969E-1,-6.251944629E-2,1.768018824E2
5.520320619E1,2.789790933E-2,5.784051609E-4,1.342461561E-3,9.996097088E-1,1.768027202E2,1.556240884E-1,-6.196282430E-2,1.768026327E2
5.520820619E1,2.789784773E-2,5.782537628E-4,1.343806274E-3,9.996097088E-1,1.768027273E2,1.557776335E-1,-6.194119273E-2,1.768026397E2
5.521320619E1,2.790198620E-2,5.821532686E-4,1.344875433E-3,9.996095896E-1,1.768022529E2,1.559128280E-1,-6.238380536E-2,1.768021646E2
5.521820619E1,2.790202868E-2,5.822011735E-4,1.343972981E-3,9.996095896E-1,1.768022480E2,1.558096106E-1,-6.239217161E-2,1.768021598E2
5.522320619E1,2.789139907E-2,5.736937746E-4,1.346605248E-3,9.996098876E-1,1.768034666E2,1.560832729E-1,-6.141091914E-2,1.768033795E2
5.522820619E1,2.789538468E-2,5.753914593E-4,1.351804705E-3,9.996097684E-1,1.768030097E2,1.566845278E-1,-6.158814034E-2,1.768029220E2
5.523320619E1,2.790174485E-2,5.807201960E-4,1.350490609E-3,9.996095896E-1,1.768022806E2,1.565514328E-1,-6.220173511E-2,1.768021921E2
5.523820619E1,2.790396942E-2,5.827282439E-4,1.347778714E-3,9.996095300E-1,1.768020255E2,1.562473529E-1,-6.244007395E-2,1.768019370E2
5.524320619E1,2.790415747E-2,5.835304037E-4,1.343531650E-3,9.996095300E-1,1.768020040E2,1.557634410E-1,-6.254551015E-2,1.768019155E2
5.524820619E1,2.789978552E-2,5.796813057E-4,1.347293961E-3,9.996096492E-1,1.768025052E2,1.561818224E-1,-6.209326057E-2,1.768024171E2
5.525320619E1,2.790381873E-2,5.829277216E-4,1.350808772E-3,9.996095300E-1,1.768020428E2,1.565950657E-1,-6.245325802E-2,1.768019540E2
5.525820619E1,2.789946031E-2,5.800680956E-4,1.353846048E-3,9.996096492E-1,1.768025424E2,1.569335615E-1,-6.211666905E-2,1.768024539E2
5.526320619E1,2.790363046E-2,5.824521650E-4,1.354896813E-3,9.996095300E-1,1.768020644E2,1.570618064E-1,-6.238574204E-2,1.768019754E2
5.526820619E1,2.791227685E-2,5.891726469E-4,1.349783852E-3,9.996092916E-1,1.768010732E2,1.564981686E-1,-6.317054764E-2,1.768009835E2
5.527320619E1,2.791031711E-2,5.878118682E-4,1.346756471E-3,9.996093512E-1,1.768012979E2,1.561469147E-1,-6.302466429E-2,1.768012085E2
5.527820619E1,2.789754671E-2,5.778691266E-4,1.350205857E-3,9.996097088E-1,1.768027618E2,1.565094389E-1,-6.187672185E-2,1.768026739E2
5.528320619E1,2.789519407E-2,5.753759760E-4,1.355738961E-3,9.996097684E-1,1.768030315E2,1.571351242E-1,-6.157382024E-2,1.768029436E2
5.528820619E1,2.790344216E-2,5.827171262E-4,1.358655631E-3,9.996095300E-1,1.768020860E2,1.574932036E-1,-6.240410294E-2,1.768019967E2
5.529320619E1,2.790333418E-2,5.822422681E-4,1.361074857E-3,9.996095300E-1,1.768020984E2,1.577687937E-1,-6.234199079E-2,1.768020090E2
5.529820619E1,2.789692480E-2,5.774855381E-4,1.363157411E-3,9.996097088E-1,1.768028331E2,1.579917372E-1,-6.179147627E-2,1.768027444E2
5.530320619E1,2.789058695E-2,5.713288556E-4,1.364315045E-3,9.996098876E-1,1.768035597E2,1.581042705E-1,-6.108354926E-2,1.768034719E2
5.530820619E1,2.788661746E-2,5.696774460E-4,1.358793932E-3,9.996100068E-1,1.768040147E2,1.574663226E-1,-6.091265687E-2,1.768039275E2
5.531320619E1,2.789086426E-2,5.731627462E-4,1.357861445E-3,9.996098876E-1,1.768035279E2,1.573709078E-1,-6.131419851E-2,1.768034402E2
5.531820619E1,2.789703011E-2,5.772924051E-4,1.361082424E-3,9.996097088E-1,1.768028210E2,1.577534425E-1,-6.177597028E-2,1.768027325E2
5.532320619E1,2.789905671E-2,5.787992850E-4,1.362677431E-3,9.996096492E-1,1.768025887E2,1.579410890E-1,-6.194315943E-2,1.768024998E2
5.532820619E1,2.788874628E-2,5.715112784E-4,1.358180889E-3,9.996099472E-1,1.768037707E2,1.574020910E-1,-6.112434054E-2,1.768036832E2
5.533320619E1,2.788442292E-2,5.675964057E-4,1.360851456E-3,9.996100664E-1,1.768042663E2,1.576952223E-1,-6.066805121E-2,1.768041793E2
5.533820619E1,2.789474067E-2,5.745381350E-4,1.365388860E-3,9.996097684E-1,1.768030835E2,1.582377861E-1,-6.144707264E-2,1.768029951E2
5.534320619E1,2.790109520E-2,5.803470849E-4,1.364005147E-3,9.996095896E-1,1.768023550E2,1.580982505E-1,-6.211588781E-2,1.768022658E2
5.534820619E1,2.791164325E-2,5.893556518E-4,1.362743904E-3,9.996092916E-1,1.768011458E2,1.579832500E-1,-6.315015631E-2,1.768010553E2
5.535320619E1,2.790533665E-2,5.835541524E-4,1.363232499E-3,9.996094704E-1,1.768018688E2,1.580202656E-1,-6.248504720E-2,1.768017791E2
5.535820619E1,2.789508031E-2,5.752996076E-4,1.358109992E-3,9.996097684E-1,1.768030446E2,1.574064679E-1,-6.155751105E-2,1.768029565E2
5.536320619E1,2.789909551E-2,5.792956217E-4,1.361671719E-3,9.996096492E-1,1.768025843E2,1.578274769E-1,-6.200322247E-2,1.768024954E2
5.536820619E1,2.790953847E-2,5.864633713E-4,1.363378251E-3,9.996093512E-1,1.768013871E2,1.580465287E-1,-6.281715860E-2,1.768012970E2
5.537320619E1,2.791380795E-2,5.901266704E-4,1.361792558E-3,9.996092319E-1,1.768008977E2,1.578768793E-1,-6.324117507E-2,1.768008070E2
5.537820619E1,2.790728893E-2,5.846248241E-4,1.366511104E-3,9.996094108E-1,1.768016450E2,1.583993664E-1,-6.259689555E-2,1.768015549E2
5.538320619E1,2.790752012E-2,5.849353038E-4,1.361648319E-3,9.996094108E-1,1.768016185E2,1.578433561E-1,-6.264797485E-2,1.768015287E2
5.538820619E1,2.790777415E-2,5.855692434E-4,1.356158173E-3,9.996094108E-1,1.768015894E2,1.572165193E-1,-6.273810849E-2,1.768014998E2
5.539320619E1,2.790957405E-2,5.877237418E-4,1.362106530E-3,9.996093512E-1,1.768013830E2,1.579048903E-1,-6.296559175E-2,1.768012928E2
5.539820619E1,2.791811251E-2,5.932632484E-4,1.359691378E-3,9.996091127E-1,1.768004042E2,1.576465029E-1,-6.360650243E-2,1.768003132E2
5.540320619E1,2.791184426E-2,5.898469244E-4,1.358407433E-3,9.996092916E-1,1.768011228E2,1.574881041E-1,-6.322026871E-2,1.768010324E2
5.540820619E1,2.790559242E-2,5.840494996E-4,1.357773785E-3,9.996094704E-1,1.768018395E2,1.573965859E-1,-6.255920331E-2,1.768017501E2
5.541320619E1,2.789502403E-2,5.759263295E-4,1.359000104E-3,9.996097684E-1,1.768030510E2,1.575104276E-1,-6.162646359E-2,1.768029628E2
5.541820619E1,2.790144271E-2,5.800500512E-4,1.357005094E-3,9.996095896E-1,1.768023152E2,1.572954865E-1,-6.210419028E-2,1.768022265E2
5.542320619E1,2.790160478E-2,5.809671129E-4,1.353275380E-3,9.996095896E-1,1.768022966E2,1.568712010E-1,-6.222113662E-2,1.768022080E2
5.542820619E1,2.790150582E-2,5.802749656E-4,1.355610555E-3,9.996095896E-1,1.768023080E2,1.571364692E-1,-6.213440244E-2,1.768022193E2
5.543320619E1,2.790141524E-2,5.803419044E-4,1.357445028E-3,9.996095896E-1,1.768023183E2,1.573468111E-1,-6.213621885E-2,1.768022295E2
5.543820619E1,2.789738697E-2,5.783329252E-4,1.353304135E-3,9.996097088E-1,1.768027801E2,1.568658105E-1,-6.191996867E-2,1.768026919E2
5.544320619E1,2.789959183E-2,5.794068566E-4,1.351416577E-3,9.996096492E-1,1.768025274E2,1.566531665E-1,-6.204867293E-2,1.768024391E2
5.544820619E1,2.790376276E-2,5.826712004E-4,1.352075022E-3,9.996095300E-1,1.768020492E2,1.567392871E-1,-6.241983411E-2,1.768019604E2
5.545320619E1,2.790997403E-2,5.883546546E-4,1.353612170E-3,9.996093512E-1,1.768013372E2,1.569339294E-1,-6.306496548E-2,1.768012473E2
5.545820619E1,2.791436683E-2,5.906592123E-4,1.350055099E-3,9.996092319E-1,1.768008336E2,1.565341269E-1,-6.333963408E-2,1.768007436E2
5.546320619E1,2.790998171E-2,5.874581984E-4,1.353843021E-3,9.996093512E-1,1.768013363E2,1.569575059E-1,-6.296153973E-2,1.768012466E2
5.546820619E1,2.791006709E-2,5.883255508E-4,1.351704588E-3,9.996093512E-1,1.768013265E2,1.567153343E-1,-6.306771824E-2,1.768012368E2
5.547320619E1,2.791003448E-2,5.884529673E-4,1.352322404E-3,9.996093512E-1,1.768013303E2,1.567865088E-1,-6.308034252E-2,1.768012405E2
5.547820619E1,2.791011317E-2,5.883139675E-4,1.350757782E-3,9.996093512E-1,1.768013212E2,1.566068463E-1,-6.306941240E-2,1.768012316E2
5.548320619E1,2.790162875E-2,5.805893452E-4,1.352943131E-3,9.996095896E-1,1.768022939E2,1.568319364E-1,-6.217892309E-2,1.768022053E2
5.548820619E1,2.789743499E-2,5.777061451E-4,1.352581778E-3,9.996097088E-1,1.768027746E2,1.567810657E-1,-6.185047475E-2,1.768026865E2
5.549320619E1,2.790594105E-2,5.844107363E-4,1.350433216E-3,9.996094704E-1,1.768017995E2,1.565569222E-1,-6.262400118E-2,1.768017105E2
5.549820619E1,2.791049623E-2,5.884068087E-4,1.342778676E-3,9.996093512E-1,1.768012773E2,1.556931842E-1,-6.310550743E-2,1.768011882E2
5.550320619E1,2.790015812E-2,5.804511602E-4,1.339222421E-3,9.996096492E-1,1.768024625E2,1.552597355E-1,-6.220719321E-2,1.768023748E2
5.550820619E1,2.789584935E-2,5.773098674E-4,1.341357594E-3,9.996097684E-1,1.768029564E2,1.554940030E-1,-6.184121163E-2,1.768028691E2
5.551320619E1,2.789772847E-2,5.787952105E-4,1.346047269E-3,9.996097088E-1,1.768027410E2,1.560360567E-1,-6.199606814E-2,1.768026531E2
5.551820619E1,2.790611514E-2,5.856438656E-4,1.346295117E-3,9.996094704E-1,1.768017796E2,1.560868696E-1,-6.277845819E-2,1.768016906E2
5.552320619E1,2.791667758E-2,5.927084130E-4,1.345501747E-3,9.996091723E-1,1.768005687E2,1.560192562E-1,-6.358856829E-2,1.768004787E2
5.552820619E1,2.791461626E-2,5.916152732E-4,1.344467630E-3,9.996092319E-1,1.768008050E2,1.558971730E-1,-6.346698235E-2,1.768007152E2
5.553320619E1,2.791268212E-2,5.905802827E-4,1.340757823E-3,9.996092916E-1,1.768010268E2,1.554687919E-1,-6.336059551E-2,1.768009374E2
5.553820619E1,2.790629692E-2,5.846011918E-4,1.342976233E-3,9.996094704E-1,1.768017587E2,1.557033779E-1,-6.266960834E-2,1.768016701E2
5.554320619E1,2.790832079E-2,5.861595273E-4,1.344604883E-3,9.996094108E-1,1.768015267E2,1.558950460E-1,-6.284258682E-2,1.768014378E2
5.554820619E1,2.791872752E-2,5.951843341E-4,1.346156467E-3,9.996091127E-1,1.768003337E2,1.561023046E-1,-6.386976249E-2,1.768002433E2
5.555320619E1,2.792719687E-2,6.017151172E-4,1.344616176E-3,9.996088743E-1,1.767993628E2,1.559473117E-1,-6.462144942E-2,1.767992714E2
5.555820619E1,2.791869817E-2,5.956155364E-4,1.346574398E-3,9.996091127E-1,1.768003371E2,1.561515551E-1,-6.391782282E-2,1.768002465E2
5.556320619E1,2.791044378E-2,5.891827168E-4,1.343528624E-3,9.996093512E-1,1.768012833E2,1.557815670E-1,-6.319199478E-2,1.768011940E2
5.556820619E1,2.790816620E-2,5.866368301E-4,1.347601879E-3,9.996094108E-1,1.768015444E2,1.562398600E-1,-6.288769966E-2,1.768014552E2
5.557320619E1,2.791661779E-2,5.935592926E-4,1.346366829E-3,9.996091723E-1,1.768005756E2,1.561210672E-1,-6.368327567E-2,1.768004854E2
5.557820619E1,2.792282326E-2,5.986374454E-4,1.348194201E-3,9.996089935E-1,1.767998642E2,1.563470325E-1,-6.425814531E-2,1.767997731E2
5.558320619E1,2.792461918E-2,5.993572413E-4,1.354854438E-3,9.996089339E-1,1.767996583E2,1.571123618E-1,-6.431900182E-2,1.767995666E2
5.558820619E1,2.791438347E-2,5.919196992E-4,1.349158701E-3,9.996092319E-1,1.768008317E2,1.564354805E-1,-6.348688367E-2,1.768007416E2
5.559320619E1,2.790204709E-2,5.812084419E-4,1.344020595E-3,9.996095896E-1,1.768022459E2,1.558118914E-1,-6.227830222E-2,1.768021578E2
5.559820619E1,2.789780006E-2,5.780297797E-4,1.344891847E-3,9.996097088E-1,1.768027328E2,1.559012637E-1,-6.191207309E-2,1.768026451E2
5.560320619E1,2.791258210E-2,5.901915138E-4,1.343009411E-3,9.996092916E-1,1.768010382E2,1.557254548E-1,-6.330887680E-2,1.768009487E2
5.560820619E1,2.792931066E-2,6.031518569E-4,1.344379154E-3,9.996088147E-1,1.767991205E2,1.559248968E-1,-6.478645214E-2,1.767990289E2
5.561320619E1,2.792942650E-2,6.034378312E-4,1.341841766E-3,9.996088147E-1,1.767991072E2,1.556351694E-1,-6.482731258E-2,1.767990157E2
5.561820619E1,2.791054066E-2,5.891888286E-4,1.341511845E-3,9.996093512E-1,1.768012722E2,1.555505765E-1,-6.319913025E-2,1.768011830E2
5.562320619E1,2.789191097E-2,5.733974394E-4,1.336087706E-3,9.996098876E-1,1.768034079E2,1.548776029E-1,-6.141051182E-2,1.768033215E2
5.562820619E1,2.789811116E-2,5.785773392E-4,1.338186325E-3,9.996097088E-1,1.768026971E2,1.551349354E-1,-6.199618320E-2,1.768026098E2
5.563320619E1,2.792547257E-2,6.004258757E-4,1.336669899E-3,9.996089339E-1,1.767995605E2,1.550328519E-1,-6.449946899E-2,1.767994698E2
5.563820619E1,2.794021087E-2,6.121082115E-4,1.335400506E-3,9.996085167E-1,1.767978710E2,1.549258044E-1,-6.583942089E-2,1.767977785E2
5.564320619E1,2.793217026E-2,6.055025151E-4,1.328132232E-3,9.996087551E-1,1.767987927E2,1.540715705E-1,-6.510727089E-2,1.767987018E2
5.564820619E1,2.791148072E-2,5.894391797E-4,1.321696909E-3,9.996093512E-1,1.768011645E2,1.532816940E-1,-6.329103920E-2,1.768010765E2
5.565320619E1,2.790071890E-2,5.809631548E-4,1.327264239E-3,9.996096492E-1,1.768023982E2,1.538916325E-1,-6.230398711E-2,1.768023111E2
5.565820619E1,2.792591912E-2,6.002367008E-4,1.327393344E-3,9.996089339E-1,1.767995093E2,1.539696735E-1,-6.450741690E-2,1.767994192E2
5.566320619E1,2.795522801E-2,6.245781551E-4,1.327637583E-3,9.996080995E-1,1.767961494E2,1.540775246E-1,-6.729035287E-2,1.767960555E2
5.566820619E1,2.794270533E-2,6.150799454E-4,1.326428493E-3,9.996084571E-1,1.767975850E2,1.539077682E-1,-6.620816589E-2,1.767974927E2
5.567320619E1,2.790693409E-2,5.863588303E-4,1.328896149E-3,9.996094704E-1,1.768016857E2,1.540962066E-1,-6.291586900E-2,1.768015977E2
5.567820619E1,2.789828259E-2,5.789829302E-4,1.334431698E-3,9.996097088E-1,1.768026775E2,1.547061611E-1,-6.205461931E-2,1.768025903E2
5.568320619E1,2.791728299E-2,5.933189532E-4,1.332609681E-3,9.996091723E-1,1.768004993E2,1.545445000E-1,-6.369965323E-2,1.768004100E2
5.568820619E1,2.794053383E-2,6.122982595E-4,1.328538521E-3,9.996085167E-1,1.767978339E2,1.541404146E-1,-6.588311122E-2,1.767977419E2
5.569320619E1,2.794659295E-2,6.172051071E-4,1.333357766E-3,9.996083379E-1,1.767971393E2,1.547085591E-1,-6.642880634E-2,1.767970462E2
5.569820619E1,2.792766746E-2,6.022022571E-4,1.334586530E-3,9.996088743E-1,1.767993089E2,1.548000352E-1,-6.470927488E-2,1.767992180E2
5.570320619E1,2.789658164E-2,5.786924739E-4,1.325437916E-3,9.996097684E-1,1.768028724E2,1.536749152E-1,-6.205036305E-2,1.768027859E2
5.570820619E1,2.789444463E-2,5.757186445E-4,1.326756203E-3,9.996098280E-1,1.768031174E2,1.538162820E-1,-6.170583473E-2,1.768030313E2
5.571320619E1,2.792781899E-2,6.022000453E-4,1.331412815E-3,9.996088743E-1,1.767992915E2,1.544364984E-1,-6.471915516E-2,1.767992009E2
5.571820619E1,2.795303634E-2,6.223960663E-4,1.329929684E-3,9.996081591E-1,1.767964007E2,1.543329400E-1,-6.703339740E-2,1.767963070E2
5.572320619E1,2.793449101E-2,6.080563762E-4,1.323006465E-3,9.996086955E-1,1.767985267E2,1.534927563E-1,-6.541585803E-2,1.767984356E2
5.572820619E1,2.790285479E-2,5.829831352E-4,1.326367725E-3,9.996095896E-1,1.768021533E2,1.537955317E-1,-6.253790731E-2,1.768020660E2
5.573320619E1,2.789645773E-2,5.771190627E-4,1.328727813E-3,9.996097684E-1,1.768028867E2,1.540467256E-1,-6.185963566E-2,1.768028001E2
5.573820619E1,2.792799571E-2,6.031472003E-4,1.327270758E-3,9.996088743E-1,1.767992713E2,1.539650810E-1,-6.484087768E-2,1.767991807E2
5.574320619E1,2.795146423E-2,6.219540373E-4,1.318327850E-3,9.996082187E-1,1.767965809E2,1.530024640E-1,-6.702016898E-2,1.767964880E2
5.574820619E1,2.795160366E-2,6.219604984E-4,1.315365196E-3,9.996082187E-1,1.767965649E2,1.526631311E-1,-6.703037745E-2,1.767964722E2
5.575320619E1,2.791807275E-2,5.953893415E-4,1.315024914E-3,9.996091723E-1,1.768004088E2,1.525368913E-1,-6.399294587E-2,1.768003203E2
5.575820619E1,2.789494073E-2,5.762231885E-4,1.316063688E-3,9.996098280E-1,1.768030606E2,1.525931289E-1,-6.179773218E-2,1.768029750E2
5.576320619E1,2.790956196E-2,5.887576262E-4,1.317433198E-3,9.996094108E-1,1.768013844E2,1.527909970E-1,-6.322690022E-2,1.768012968E2
5.576820619E1,2.793898980E-2,6.113555864E-4,1.316542970E-3,9.996085763E-1,1.767980109E2,1.527632404E-1,-6.581377496E-2,1.767979198E2
5.577320619E1,2.795185698E-2,6.216258043E-4,1.310129883E-3,9.996082187E-1,1.767965359E2,1.520623868E-1,-6.700877012E-2,1.767964436E2
5.577820619E1,2.793117070E-2,6.056405837E-4,1.304010861E-3,9.996088147E-1,1.767989073E2,1.513089166E-1,-6.520044722E-2,1.767988179E2
5.578320619E1,2.789955282E-2,5.808622809E-4,1.306771650E-3,9.996097088E-1,1.768025318E2,1.515438706E-1,-6.235812957E-2,1.768024461E2
5.578820619E1,2.790571587E-2,5.853534094E-4,1.309951302E-3,9.996095300E-1,1.768018253E2,1.519228376E-1,-6.286147179E-2,1.768017387E2
5.579320619E1,2.793734650E-2,6.109772949E-4,1.306294929E-3,9.996086359E-1,1.767981993E2,1.515880389E-1,-6.580350290E-2,1.767981089E2
5.579820619E1,2.795854159E-2,6.280813250E-4,1.300815609E-3,9.996080399E-1,1.767957696E2,1.510165977E-1,-6.777705377E-2,1.767956769E2
5.580320619E1,2.793967248E-2,6.126651424E-4,1.301359036E-3,9.996085763E-1,1.767979327E2,1.510282047E-1,-6.601229107E-2,1.767978424E2
5.580820619E1,2.789767209E-2,5.791425356E-4,1.302084420E-3,9.996097684E-1,1.768027474E2,1.510013465E-1,-6.217640798E-2,1.768026623E2
5.581320619E1,2.789540166E-2,5.767227267E-4,1.306036953E-3,9.996098280E-1,1.768030077E2,1.514462207E-1,-6.188693447E-2,1.768029227E2
5.581820619E1,2.792274619E-2,5.996847176E-4,1.304421108E-3,9.996090531E-1,1.767998730E2,1.513363011E-1,-6.451818435E-2,1.767997845E2
5.582320619E1,2.794789338E-2,6.198089104E-4,1.304582343E-3,9.996083379E-1,1.767969903E2,1.514208481E-1,-6.681902088E-2,1.767968986E2
5.582820619E1,2.793531953E-2,6.082989275E-4,1.305282349E-3,9.996086955E-1,1.767984317E2,1.514633428E-1,-6.550025353E-2,1.767983418E2
5.583320619E1,2.790184469E-2,5.823916290E-4,1.302745659E-3,9.996096492E-1,1.768022691E2,1.510877382E-1,-6.254583686E-2,1.768021834E2
5.583820619E1,2.788707303E-2,5.712006241E-4,1.303844969E-3,9.996100664E-1,1.768039625E2,1.511769717E-1,-6.126266149E-2,1.768038784E2
5.584320619E1,2.791006108E-2,5.898778327E-4,1.306311344E-3,9.996094108E-1,1.768013272E2,1.515206358E-1,-6.339071159E-2,1.768012401E2
5.584820619E1,2.794577319E-2,6.181991193E-4,1.305094105E-3,9.996083975E-1,1.767972333E2,1.514741716E-1,-6.663330688E-2,1.767971419E2
5.585320619E1,2.794815055E-2,6.202842342E-4,1.298834453E-3,9.996083379E-1,1.767969608E2,1.507639845E-1,-6.689183756E-2,1.767968695E2
5.585820619E1,2.791031495E-2,5.901396507E-4,1.300757052E-3,9.996094108E-1,1.768012981E2,1.508852615E-1,-6.343842825E-2,1.768012113E2
5.586320619E1,2.788677595E-2,5.706261727E-4,1.310433960E-3,9.996100664E-1,1.768039965E2,1.519298676E-1,-6.117584851E-2,1.768039122E2
5.586820619E1,2.790137779E-2,5.814518081E-4,1.313124085E-3,9.996096492E-1,1.768023226E2,1.522735224E-1,-6.240507042E-2,1.768022364E2
5.587320619E1,2.793929081E-2,6.113026175E-4,1.310164225E-3,9.996085763E-1,1.767979764E2,1.520324247E-1,-6.582808436E-2,1.767978857E2
5.587820619E1,2.794559080E-2,6.170735578E-4,1.309524640E-3,9.996083975E-1,1.767972542E2,1.519780590E-1,-6.649021669E-2,1.767971627E2
5.588320619E1,2.791624750E-2,5.945315934E-4,1.308839303E-3,9.996092319E-1,1.768006180E2,1.518254867E-1,-6.391476022E-2,1.768005300E2
5.588820619E1,2.789104188E-2,5.747314426E-4,1.308784354E-3,9.996099472E-1,1.768035075E2,1.517542930E-1,-6.165071845E-2,1.768034226E2
5.589320619E1,2.789710725E-2,5.792577867E-4,1.314079622E-3,9.996097684E-1,1.768028122E2,1.523756954E-1,-6.215134796E-2,1.768027263E2
5.589820619E1,2.793060551E-2,6.043557660E-4,1.316651586E-3,9.996088147E-1,1.767989721E2,1.527527243E-1,-6.501290183E-2,1.767988821E2
5.590320619E1,2.795170583E-2,6.220067153E-4,1.313170418E-3,9.996082187E-1,1.767965532E2,1.524118809E-1,-6.704268599E-2,1.767964607E2
5.590820619E1,2.793711801E-2,6.108864327E-4,1.311214757E-3,9.996086359E-1,1.767982255E2,1.521512844E-1,-6.577737899E-2,1.767981348E2
5.591320619E1,2.789946075E-2,5.798660568E-4,1.309177489E-3,9.996097088E-1,1.768025424E2,1.518162615E-1,-6.223633740E-2,1.768024567E2
5.591820619E1,2.788465213E-2,5.681117182E-4,1.311253640E-3,9.996101260E-1,1.768042400E2,1.520155945E-1,-6.088552908E-2,1.768041560E2
5.592320619E1,2.790991855E-2,5.896953517E-4,1.309435116E-3,9.996094108E-1,1.768013436E2,1.518778620E-1,-6.335983971E-2,1.768012563E2
5.592820619E1,2.794383524E-2,6.152160349E-4,1.302343444E-3,9.996084571E-1,1.767974555E2,1.511494095E-1,-6.630070622E-2,1.767973647E2
5.593320619E1,2.792281450E-2,5.995377433E-4,1.303025521E-3,9.996090531E-1,1.767998652E2,1.511759749E-1,-6.450580419E-2,1.767997768E2
5.593820619E1,2.788255471E-2,5.677857553E-4,1.310557360E-3,9.996101856E-1,1.768044804E2,1.519346683E-1,-6.085073474E-2,1.768043965E2
5.594320619E1,2.786575680E-2,5.532070645E-4,1.310364692E-3,9.996106625E-1,1.768064061E2,1.518650202E-1,-5.918395829E-2,1.768063244E2
5.594820619E1,2.788260278E-2,5.678315065E-4,1.309514395E-3,9.996101856E-1,1.768044749E2,1.518153488E-1,-6.085930058E-2,1.768043910E2
5.595320619E1,2.791432633E-2,5.918979296E-4,1.305481652E-3,9.996092916E-1,1.768008383E2,1.514323298E-1,-6.362411478E-2,1.768007509E2
5.595820619E1,2.791833817E-2,5.955487140E-4,1.309305546E-3,9.996091723E-1,1.768003784E2,1.518822814E-1,-6.402945895E-2,1.768002902E2
5.596320619E1,2.788701004E-2,5.710271653E-4,1.305267331E-3,9.996100664E-1,1.768039697E2,1.513393410E-1,-6.123825640E-2,1.768038856E2
5.596820619E1,2.785522140E-2,5.449653254E-4,1.310471096E-3,9.996109605E-1,1.768076138E2,1.518502753E-1,-5.824115270E-2,1.768075334E2
5.597320619E1,2.786554414E-2,5.534844240E-4,1.314762514E-3,9.996106625E-1,1.768064305E2,1.523696515E-1,-5.920171798E-2,1.768063485E2
5.597820619E1,2.790323588E-2,5.827422719E-4,1.318432856E-3,9.996095896E-1,1.768021096E2,1.528858693E-1,-6.253563080E-2,1.768020229E2
5.598320619E1,2.791817100E-2,5.956052919E-4,1.312839566E-3,9.996091723E-1,1.768003975E2,1.522872633E-1,-6.402465884E-2,1.768003091E2
5.598820619E1,2.788468673E-2,5.692816922E-4,1.310009742E-3,9.996101260E-1,1.768042360E2,1.518768504E-1,-6.102351551E-2,1.768041519E2
5.599320619E1,2.785286368E-2,5.431004101E-4,1.315881847E-3,9.996110201E-1,1.768078841E2,1.524639718E-1,-5.801062042E-2,1.768078037E2
5.599820619E1,2.786336992E-2,5.514844088E-4,1.316364156E-3,9.996107221E-1,1.768066797E2,1.525466000E-1,-5.896783967E-2,1.768065980E2
5.600320619E1,2.789078318E-2,5.741294590E-4,1.314548776E-3,9.996099472E-1,1.768035372E2,1.524126508E-1,-6.156337849E-2,1.768034520E2
5.600820619E1,2.791189555E-2,5.909069441E-4,1.312247361E-3,9.996093512E-1,1.768011169E2,1.522039973E-1,-6.348932827E-2,1.768010293E2
5.601320619E1,2.789703980E-2,5.789003335E-4,1.315668225E-3,9.996097684E-1,1.768028199E2,1.525565184E-1,-6.210533456E-2,1.768027339E2
5.601820619E1,2.786316483E-2,5.513746291E-4,1.320743933E-3,9.996107221E-1,1.768067032E2,1.530479286E-1,-5.894131155E-2,1.768066212E2
5.602320619E1,2.786110506E-2,5.506338784E-4,1.319392584E-3,9.996107817E-1,1.768069393E2,1.528906488E-1,-5.886109065E-2,1.768068575E2
5.602820619E1,2.789068978E-2,5.739844055E-4,1.316592214E-3,9.996099472E-1,1.768035479E2,1.526462513E-1,-6.154024622E-2,1.768034626E2
5.603320619E1,2.791591055E-2,5.941775744E-4,1.316166366E-3,9.996092319E-1,1.768006567E2,1.526636262E-1,-6.385082023E-2,1.768005683E2
5.603820619E1,2.790550767E-2,5.845729029E-4,1.314726193E-3,9.996095300E-1,1.768018492E2,1.524672782E-1,-6.275682960E-2,1.768017624E2
5.604320619E1,2.786548437E-2,5.542680155E-4,1.315698843E-3,9.996106625E-1,1.768064373E2,1.524794041E-1,-5.928849521E-2,1.768063552E2
5.604820619E1,2.784086453E-2,5.346762482E-4,1.301508397E-3,9.996113777E-1,1.768092596E2,1.507899580E-1,-5.709334488E-2,1.768091814E2
5.605320619E1,2.787736142E-2,5.632788525E-4,1.331882202E-3,9.996103048E-1,1.768050758E2,1.543626540E-1,-6.026714791E-2,1.768049913E2
5.605820619E1,2.791041671E-2,5.903699202E-4,1.298467163E-3,9.996094108E-1,1.768012864E2,1.506237044E-1,-6.347211349E-2,1.768011998E2
5.606320619E1,2.791751086E-2,5.938969553E-4,1.327568782E-3,9.996091723E-1,1.768004732E2,1.539689435E-1,-6.378195316E-2,1.768003841E2
5.606820619E1,2.786977814E-2,5.564235616E-4,1.314412686E-3,9.996105433E-1,1.768059451E2,1.523392177E-1,-5.953885912E-2,1.768058627E2
5.607320619E1,2.786761148E-2,5.551669747E-4,1.315552508E-3,9.996106029E-1,1.768061935E2,1.524656390E-1,-5.939161110E-2,1.768061112E2
5.607820619E1,2.787999419E-2,5.657257279E-4,1.320421929E-3,9.996102452E-1,1.768047740E2,1.530578888E-1,-6.058363783E-2,1.768046898E2
5.608320619E1,2.790328335E-2,5.834723706E-4,1.317104558E-3,9.996095896E-1,1.768021042E2,1.527360542E-1,-6.262350138E-2,1.768020174E2
5.608820619E1,2.789703083E-2,5.792707670E-4,1.315695350E-3,9.996097684E-1,1.768028210E2,1.525608092E-1,-6.214768122E-2,1.768027349E2
5.609320619E1,2.789267559E-2,5.754134036E-4,1.319151372E-3,9.996098876E-1,1.768033202E2,1.529440856E-1,-6.169545028E-2,1.768032346E2
5.609820619E1,2.785907938E-2,5.482503911E-4,1.318000141E-3,9.996108413E-1,1.768071716E2,1.527234193E-1,-5.859282456E-2,1.768070902E2
5.610320619E1,2.785924775E-2,5.479633692E-4,1.314556110E-3,9.996108413E-1,1.768071523E2,1.523280086E-1,-5.857091647E-2,1.768070712E2
5.610820619E1,2.789049314E-2,5.735798622E-4,1.320926938E-3,9.996099472E-1,1.768035704E2,1.531414765E-1,-6.148008285E-2,1.768034849E2
5.611320619E1,2.790965993E-2,5.893332418E-4,1.315098256E-3,9.996094108E-1,1.768013732E2,1.525253835E-1,-6.330028804E-2,1.768012856E2
5.611820619E1,2.788895004E-2,5.725933588E-4,1.308773994E-3,9.996100068E-1,1.768037473E2,1.517461436E-1,-6.140615827E-2,1.768036627E2
5.612320619E1,2.785914565E-2,5.487095914E-4,1.316407346E-3,9.996108413E-1,1.768071640E2,1.525424391E-1,-5.865049945E-2,1.768070826E2
5.612820619E1,2.785892235E-2,5.480438122E-4,1.321400981E-3,9.996108413E-1,1.768071896E2,1.531123074E-1,-5.855832843E-2,1.768071081E2
5.613320619E1,2.788841697E-2,5.720178597E-4,1.320333686E-3,9.996100068E-1,1.768038084E2,1.530684012E-1,-6.130337433E-2,1.768037232E2
5.613820619E1,2.790750679E-2,5.868591252E-4,1.316591399E-3,9.996094704E-1,1.768016200E2,1.526883695E-1,-6.301243919E-2,1.768015327E2
5.614320619E1,2.789076088E-2,5.734228762E-4,1.315330039E-3,9.996099472E-1,1.768035397E2,1.524998824E-1,-6.147994801E-2,1.768034546E2
5.614820619E1,2.786312850E-2,5.520826671E-4,1.321214484E-3,9.996107221E-1,1.768067074E2,1.531040876E-1,-5.902091827E-2,1.768066253E2
5.615320619E1,2.785275774E-2,5.442669499E-4,1.317640999E-3,9.996110201E-1,1.768078962E2,1.526691952E-1,-5.813864540E-2,1.768078155E2
5.615820619E1,2.787143605E-2,5.577550619E-4,1.323988661E-3,9.996104836E-1,1.768057550E2,1.534404704E-1,-5.966054088E-2,1.768056719E2
5.616320619E1,2.790282978E-2,5.832836614E-4,1.326761791E-3,9.996095896E-1,1.768021562E2,1.538416303E-1,-6.257107545E-2,1.768020688E2
5.616820619E1,2.790912952E-2,5.881899269E-4,1.326814527E-3,9.996094108E-1,1.768014340E2,1.538637576E-1,-6.313193441E-2,1.768013459E2
5.617320619E1,2.787561598E-2,5.617429852E-4,1.324306824E-3,9.996103644E-1,1.768052759E2,1.534899042E-1,-6.011568732E-2,1.768051920E2
5.617820619E1,2.785009803E-2,5.403495161E-4,1.330194529E-3,9.996110797E-1,1.768082011E2,1.540945099E-1,-5.765025705E-2,1.768081203E2
5.618320619E1,2.786679847E-2,5.535775563E-4,1.333324239E-3,9.996106029E-1,1.768062867E2,1.544962168E-1,-5.915292006E-2,1.768062036E2
5.618820619E1,2.789840528E-2,5.791091826E-4,1.331809326E-3,9.996097088E-1,1.768026634E2,1.544061873E-1,-6.207744589E-2,1.768025764E2
5.619320619E1,2.789616881E-2,5.773933954E-4,1.334661152E-3,9.996097684E-1,1.768029198E2,1.547272316E-1,-6.187213670E-2,1.768028328E2
5.619820619E1,2.787077082E-2,5.572864320E-4,1.338114263E-3,9.996104836E-1,1.768058313E2,1.550569819E-1,-5.956184793E-2,1.768057473E2
5.620320619E1,2.784930112E-2,5.403167452E-4,1.346788835E-3,9.996110797E-1,1.768082925E2,1.559951915E-1,-5.759366736E-2,1.768082107E2
5.620820619E1,2.785993928E-2,5.491227494E-4,1.344402204E-3,9.996107817E-1,1.768070730E2,1.557505380E-1,-5.860832798E-2,1.768069900E2
5.621320619E1,2.789369256E-2,5.756114260E-4,1.342520700E-3,9.996098280E-1,1.768032036E2,1.556216706E-1,-6.164327815E-2,1.768031165E2
5.621820619E1,2.791043066E-2,5.883813719E-4,1.344152028E-3,9.996093512E-1,1.768012848E2,1.558504121E-1,-6.309821143E-2,1.768011956E2
5.622320619E1,2.790207868E-2,5.817389465E-4,1.343134907E-3,9.996095896E-1,1.768022423E2,1.557121368E-1,-6.234189686E-2,1.768021541E2
5.622820619E1,2.787281743E-2,5.580381257E-4,1.339697395E-3,9.996104240E-1,1.768055967E2,1.552408483E-1,-5.964257804E-2,1.768055125E2
5.623320619E1,2.786656023E-2,5.539046833E-4,1.338158734E-3,9.996106029E-1,1.768063140E2,1.550510253E-1,-5.917499001E-2,1.768062306E2
5.623820619E1,2.788508917E-2,5.686507211E-4,1.346685691E-3,9.996100664E-1,1.768041899E2,1.560759839E-1,-6.083398117E-2,1.768041036E2
5.624320619E1,2.791446843E-2,5.918945535E-4,1.347410725E-3,9.996092319E-1,1.768008220E2,1.562351800E-1,-6.348958154E-2,1.768007319E2
5.624820619E1,2.790231022E-2,5.816358025E-4,1.338361180E-3,9.996095896E-1,1.768022157E2,1.551650049E-1,-6.234530977E-2,1.768021279E2
5.625320619E1,2.787239794E-2,5.587809137E-4,1.348089078E-3,9.996104240E-1,1.768056448E2,1.562044394E-1,-5.970092400E-2,1.768055600E2
5.625820619E1,2.786817713E-2,5.547404871E-4,1.348624355E-3,9.996105433E-1,1.768061286E2,1.562525979E-1,-5.923705556E-2,1.768060445E2
5.626320619E1,2.788493233E-2,5.684478674E-4,1.350014820E-3,9.996100664E-1,1.768042079E2,1.564566683E-1,-6.080013127E-2,1.768041214E2
5.626820619E1,2.790617919E-2,5.848997971E-4,1.345290570E-3,9.996094704E-1,1.768017722E2,1.559694260E-1,-6.269642994E-2,1.768016834E2
5.627320619E1,2.790592653E-2,5.851372262E-4,1.350418665E-3,9.996094704E-1,1.768018012E2,1.565575778E-1,-6.270726710E-2,1.768017120E2
5.627820619E1,2.788888461E-2,5.716443993E-4,1.355281449E-3,9.996099472E-1,1.768037548E2,1.570704024E-1,-6.114883373E-2,1.768036675E2
5.628320619E1,2.787640160E-2,5.613364046E-4,1.352629974E-3,9.996103048E-1,1.768051858E2,1.567329893E-1,-5.997851617E-2,1.768051003E2
5.628820619E1,2.788271607E-2,5.660023890E-4,1.352681429E-3,9.996101260E-1,1.768044619E2,1.567541718E-1,-6.051183577E-2,1.768043757E2
5.629320619E1,2.790786136E-2,5.852886825E-4,1.354483655E-3,9.996094108E-1,1.768015794E2,1.570238163E-1,-6.271131268E-2,1.768014900E2
5.629820619E1,2.791184235E-2,5.886860308E-4,1.358950045E-3,9.996092916E-1,1.768011230E2,1.575465452E-1,-6.308555677E-2,1.768010328E2
5.630320619E1,2.789316811E-2,5.740719498E-4,1.354027074E-3,9.996098280E-1,1.768032638E2,1.569347392E-1,-6.143023848E-2,1.768031762E2
5.630820619E1,2.787618522E-2,5.613488029E-4,1.357076922E-3,9.996103048E-1,1.768052106E2,1.572424013E-1,-5.996576465E-2,1.768051249E2
5.631320619E1,2.788219475E-2,5.653511034E-4,1.363655087E-3,9.996101260E-1,1.768045217E2,1.580090605E-1,-6.040225225E-2,1.768044349E2
5.631820619E1,2.790537839E-2,5.837745848E-4,1.362283365E-3,9.996094704E-1,1.768018640E2,1.579122526E-1,-6.251332560E-2,1.768017744E2
5.632320619E1,2.790771664E-2,5.864676205E-4,1.356953173E-3,9.996094108E-1,1.768015960E2,1.573104539E-1,-6.283848130E-2,1.768015062E2
5.632820619E1,2.788466589E-2,5.675154971E-4,1.355897635E-3,9.996100664E-1,1.768042384E2,1.571275324E-1,-6.067457468E-2,1.768041518E2
5.633320619E1,2.786957618E-2,5.553489318E-4,1.363559742E-3,9.996104836E-1,1.768059683E2,1.579654309E-1,-5.925883312E-2,1.768058831E2
5.633820619E1,2.787379236E-2,5.581519217E-4,1.363625983E-3,9.996103644E-1,1.768054849E2,1.579822222E-1,-5.957902917E-2,1.768053993E2
5.634320619E1,2.788254763E-2,5.659237504E-4,1.356181805E-3,9.996101260E-1,1.768044813E2,1.571548684E-1,-6.049167000E-2,1.768043948E2
5.634820619E1,2.789093067E-2,5.720560439E-4,1.356963767E-3,9.996098876E-1,1.768035203E2,1.572645480E-1,-6.119028788E-2,1.768034328E2
5.635320619E1,2.789068421E-2,5.720602931E-4,1.362018287E-3,9.996098876E-1,1.768035485E2,1.578435273E-1,-6.117465849E-2,1.768034608E2
5.635820619E1,2.788656734E-2,5.685775541E-4,1.360282418E-3,9.996100068E-1,1.768040204E2,1.576333063E-1,-6.078191886E-2,1.768039334E2
5.636320619E1,2.788666219E-2,5.687319790E-4,1.358271926E-3,9.996100068E-1,1.768040096E2,1.574035094E-1,-6.080601767E-2,1.768039226E2
5.636820619E1,2.789939451E-2,5.797527265E-4,1.355336281E-3,9.996096492E-1,1.768025500E2,1.571032509E-1,-6.207579038E-2,1.768024614E2
5.637320619E1,2.790996942E-2,5.879669334E-4,1.353875501E-3,9.996093512E-1,1.768013377E2,1.569628528E-1,-6.301971175E-2,1.768012479E2
5.637820619E1,2.790821024E-2,5.868722801E-4,1.346586971E-3,9.996094108E-1,1.768015394E2,1.561243610E-1,-6.291790865E-2,1.768014502E2
5.638320619E1,2.789136069E-2,5.739388289E-4,1.347295591E-3,9.996098876E-1,1.768034710E2,1.561631306E-1,-6.143678886E-2,1.768033838E2
5.638820619E1,2.789321297E-2,5.738169421E-4,1.353210770E-3,9.996098280E-1,1.768032586E2,1.568404215E-1,-6.140363035E-2,1.768031711E2
5.639320619E1,2.790578637E-2,5.844001425E-4,1.353630447E-3,9.996094704E-1,1.768018173E2,1.569231121E-1,-6.261258763E-2,1.768017280E2
5.639820619E1,2.790607930E-2,5.851983442E-4,1.347231446E-3,9.996094704E-1,1.768017837E2,1.561926962E-1,-6.272443644E-2,1.768016947E2
5.640320619E1,2.789751858E-2,5.786421825E-4,1.350455917E-3,9.996097088E-1,1.768027650E2,1.565405524E-1,-6.196447797E-2,1.768026769E2
5.640820619E1,2.789085540E-2,5.718811299E-4,1.358583570E-3,9.996098876E-1,1.768035289E2,1.574495281E-1,-6.116508674E-2,1.768034414E2
5.641320619E1,2.789097970E-2,5.726296804E-4,1.355713583E-3,9.996098876E-1,1.768035146E2,1.571231795E-1,-6.125998423E-2,1.768034272E2
5.641820619E1,2.789324511E-2,5.749273696E-4,1.352076535E-3,9.996098280E-1,1.768032549E2,1.567140498E-1,-6.153444680E-2,1.768031673E2
5.642320619E1,2.788905483E-2,5.712800776E-4,1.351927989E-3,9.996099472E-1,1.768037353E2,1.566851192E-1,-6.111779252E-2,1.768036483E2
5.642820619E1,2.789082149E-2,5.722015630E-4,1.359144808E-3,9.996098876E-1,1.768035328E2,1.575148384E-1,-6.120000291E-2,1.768034452E2
5.643320619E1,2.789490307E-2,5.753506557E-4,1.361724106E-3,9.996097684E-1,1.768030649E2,1.578206064E-1,-6.155183344E-2,1.768029766E2
5.643820619E1,2.789700287E-2,5.771936849E-4,1.361682429E-3,9.996097088E-1,1.768028242E2,1.578218540E-1,-6.176274836E-2,1.768027356E2
5.644320619E1,2.789700828E-2,5.776640610E-4,1.361372182E-3,9.996097088E-1,1.768028235E2,1.577878203E-1,-6.181761943E-2,1.768027349E2
5.644820619E1,2.789688164E-2,5.764404195E-4,1.364482334E-3,9.996097088E-1,1.768028381E2,1.581401593E-1,-6.166753248E-2,1.768027494E2
5.645320619E1,2.789879508E-2,5.788219278E-4,1.368013793E-3,9.996096492E-1,1.768026187E2,1.585524100E-1,-6.192873377E-2,1.768025295E2
5.645820619E1,2.790516725E-2,5.840233644E-4,1.366495155E-3,9.996094704E-1,1.768018882E2,1.583954832E-1,-6.252838744E-2,1.768017983E2
5.646320619E1,2.789873352E-2,5.790999276E-4,1.369151170E-3,9.996096492E-1,1.768026258E2,1.586835784E-1,-6.195695128E-2,1.768025364E2
5.646820619E1,2.790705157E-2,5.850118469E-4,1.371184946E-3,9.996094108E-1,1.768016722E2,1.589359644E-1,-6.262631841E-2,1.768015818E2
5.647320619E1,2.790508039E-2,5.839926889E-4,1.368280966E-3,9.996094704E-1,1.768018982E2,1.585999392E-1,-6.251917680E-2,1.768018081E2
5.647820619E1,2.789232249E-2,5.732177524E-4,1.371693448E-3,9.996098280E-1,1.768033607E2,1.589555893E-1,-6.127605828E-2,1.768032722E2
5.648320619E1,2.789428252E-2,5.745576927E-4,1.374708838E-3,9.996097684E-1,1.768031360E2,1.593053971E-1,-6.141959375E-2,1.768030471E2
5.648820619E1,2.788816222E-2,5.703199422E-4,1.370617654E-3,9.996099472E-1,1.768038376E2,1.588228437E-1,-6.094822275E-2,1.768037496E2
5.649320619E1,2.788406051E-2,5.674545537E-4,1.368316123E-3,9.996100664E-1,1.768043078E2,1.585498033E-1,-6.062800731E-2,1.768042204E2
5.649820619E1,2.787757307E-2,5.622907775E-4,1.372000203E-3,9.996102452E-1,1.768050515E2,1.589549135E-1,-6.002577236E-2,1.768049647E2
5.650320619E1,2.787486002E-2,5.592248053E-4,1.384889707E-3,9.996103048E-1,1.768053625E2,1.604214129E-1,-5.963383296E-2,1.768052755E2
5.650820619E1,2.787900786E-2,5.619121948E-4,1.386352698E-3,9.996101856E-1,1.768048870E2,1.605978279E-1,-5.993632553E-2,1.768047995E2
5.651320619E1,2.787682115E-2,5.612687091E-4,1.387607772E-3,9.996102452E-1,1.768051377E2,1.607394062E-1,-5.985895816E-2,1.768050502E2
5.651820619E1,2.787675369E-2,5.600834847E-4,1.389440731E-3,9.996102452E-1,1.768051454E2,1.609455761E-1,-5.971734975E-2,1.768050580E2
5.652320619E1,2.787467033E-2,5.589702632E-4,1.388804871E-3,9.996103048E-1,1.768053843E2,1.608690594E-1,-5.959220021E-2,1.768052970E2
5.652820619E1,2.786632898E-2,5.519909901E-4,1.387384720E-3,9.996105433E-1,1.768063405E2,1.606835995E-1,-5.879862311E-2,1.768062545E2
5.653320619E1,2.786224397E-2,5.490969052E-4,1.384683768E-3,9.996106625E-1,1.768068088E2,1.603647318E-1,-5.847639489E-2,1.768067234E2
5.653820619E1,2.787678738E-2,5.599272554E-4,1.388827804E-3,9.996102452E-1,1.768051416E2,1.608748699E-1,-5.970140675E-2,1.768050542E2
5.654320619E1,2.788309840E-2,5.648074439E-4,1.388862962E-3,9.996100664E-1,1.768044181E2,1.608948683E-1,-6.025928921E-2,1.768043299E2
5.654820619E1,2.787288552E-2,5.580350989E-4,1.382085145E-3,9.996103644E-1,1.768055889E2,1.600962402E-1,-5.950683063E-2,1.768055022E2
5.655320619E1,2.785406858E-2,5.420650705E-4,1.379809109E-3,9.996109009E-1,1.768077460E2,1.597834285E-1,-5.768779047E-2,1.768076620E2
5.655820619E1,2.785604588E-2,5.435768981E-4,1.382475602E-3,9.996108413E-1,1.768075193E2,1.600938083E-1,-5.785213784E-2,1.768074350E2
5.656320619E1,2.787303427E-2,5.570466747E-4,1.379481517E-3,9.996103644E-1,1.768055718E2,1.597948534E-1,-5.940190209E-2,1.768054855E2
5.656820619E1,2.787948493E-2,5.627023638E-4,1.376402797E-3,9.996101856E-1,1.768048324E2,1.594606481E-1,-6.005854869E-2,1.768047452E2
5.657320619E1,2.786890038E-2,5.552849616E-4,1.377328765E-3,9.996104836E-1,1.768060457E2,1.595423895E-1,-5.920763916E-2,1.768059598E2
5.657820619E1,2.786443779E-2,5.504633300E-4,1.383023919E-3,9.996106029E-1,1.768065573E2,1.601790923E-1,-5.863786285E-2,1.768064718E2
5.658320619E1,2.786220590E-2,5.498305545E-4,1.385158626E-3,9.996106625E-1,1.768068132E2,1.604214658E-1,-5.855892215E-2,1.768067276E2
5.658820619E1,2.786655955E-2,5.526805180E-4,1.382470364E-3,9.996105433E-1,1.768063141E2,1.601228893E-1,-5.889326269E-2,1.768062282E2
5.659320619E1,2.787722832E-2,5.618552095E-4,1.379164867E-3,9.996102452E-1,1.768050910E2,1.597741934E-1,-5.995304608E-2,1.768050039E2
5.659820619E1,2.787532097E-2,5.592103116E-4,1.375586144E-3,9.996103048E-1,1.768053097E2,1.593556971E-1,-5.966181777E-2,1.768052232E2
5.660320619E1,2.785645019E-2,5.456141080E-4,1.373497420E-3,9.996108413E-1,1.768074730E2,1.590719092E-1,-5.811408952E-2,1.768073888E2
5.660820619E1,2.784197568E-2,5.341272335E-4,1.367832068E-3,9.996112585E-1,1.768091323E2,1.583854658E-1,-5.681868102E-2,1.768090503E2
5.661320619E1,2.785645538E-2,5.445980933E-4,1.373795210E-3,9.996108413E-1,1.768074724E2,1.591027770E-1,-5.799675666E-2,1.768073884E2
5.661820619E1,2.787960623E-2,5.630831001E-4,1.373787643E-3,9.996101856E-1,1.768048184E2,1.591623134E-1,-6.011049655E-2,1.768047314E2
5.662320619E1,2.787980350E-2,5.634022527E-4,1.369647100E-3,9.996101856E-1,1.768047958E2,1.586890574E-1,-6.016025163E-2,1.768047090E2
5.662820619E1,2.785874819E-2,5.462322733E-4,1.370018115E-3,9.996107817E-1,1.768072095E2,1.586754716E-1,-5.819564037E-2,1.768071255E2
5.663320619E1,2.784810860E-2,5.381088122E-4,1.372093917E-3,9.996110797E-1,1.768084292E2,1.588867043E-1,-5.726018663E-2,1.768083463E2
5.663820619E1,2.785855487E-2,5.471119657E-4,1.373593346E-3,9.996107817E-1,1.768072317E2,1.590878017E-1,-5.828502344E-2,1.768071473E2
5.664320619E1,2.786942205E-2,5.555081880E-4,1.366641605E-3,9.996104836E-1,1.768059859E2,1.583189491E-1,-5.926725727E-2,1.768059006E2
5.664820619E1,2.787370476E-2,5.592583329E-4,1.364962664E-3,9.996103644E-1,1.768054950E2,1.581388643E-1,-5.970150943E-2,1.768054091E2
5.665320619E1,2.787151758E-2,5.566944601E-4,1.367020886E-3,9.996104240E-1,1.768057457E2,1.583663080E-1,-5.940159783E-2,1.768056601E2
5.665820619E1,2.786083453E-2,5.491349730E-4,1.369920792E-3,9.996107221E-1,1.768069704E2,1.586737129E-1,-5.852811538E-2,1.768068858E2
5.666320619E1,2.785246074E-2,5.425708950E-4,1.368842088E-3,9.996109605E-1,1.768079303E2,1.585287080E-1,-5.778099209E-2,1.768078469E2
5.666820619E1,2.786737475E-2,5.538724945E-4,1.365456381E-3,9.996105433E-1,1.768062206E2,1.581778398E-1,-5.908400277E-2,1.768061356E2
5.667320619E1,2.787991844E-2,5.634262343E-4,1.367295510E-3,9.996101856E-1,1.768047827E2,1.584197730E-1,-6.017049348E-2,1.768046960E2
5.667820619E1,2.788005342E-2,5.645279889E-4,1.364084892E-3,9.996101856E-1,1.768047672E2,1.580555342E-1,-6.030693231E-2,1.768046805E2
5.668320619E1,2.786333641E-2,5.508204922E-4,1.361828297E-3,9.996106625E-1,1.768066836E2,1.577522688E-1,-5.874662862E-2,1.768065992E2
5.668820619E1,2.785474903E-2,5.428328877E-4,1.365698641E-3,9.996109009E-1,1.768076680E2,1.581696035E-1,-5.782067356E-2,1.768075847E2
5.669320619E1,2.786719007E-2,5.531086354E-4,1.369529055E-3,9.996105433E-1,1.768062418E2,1.586419028E-1,-5.898352845E-2,1.768061566E2
5.669820619E1,2.788194465E-2,5.649621598E-4,1.368919853E-3,9.996101260E-1,1.768045504E2,1.586108666E-1,-6.034091791E-2,1.768044634E2
5.670320619E1,2.787998420E-2,5.643979530E-4,1.365552773E-3,9.996101856E-1,1.768047751E2,1.582232561E-1,-6.028735831E-2,1.768046884E2
5.670820619E1,2.786529601E-2,5.527435569E-4,1.364701893E-3,9.996106029E-1,1.768064589E2,1.580876874E-1,-5.895742458E-2,1.768063741E2
5.671320619E1,2.785253059E-2,5.414827028E-4,1.367851277E-3,9.996109605E-1,1.768079223E2,1.584117440E-1,-5.765949427E-2,1.768078391E2
5.671820619E1,2.784853052E-2,5.392224994E-4,1.363063580E-3,9.996110797E-1,1.768083808E2,1.578558824E-1,-5.741650756E-2,1.768082983E2
5.672320619E1,2.785893054E-2,5.474095233E-4,1.365833799E-3,9.996107817E-1,1.768071886E2,1.581999390E-1,-5.834382022E-2,1.768071046E2
5.672820619E1,2.787748317E-2,5.615214468E-4,1.374140149E-3,9.996102452E-1,1.768050618E2,1.591975751E-1,-5.993082589E-2,1.768049750E2
5.673320619E1,2.786488139E-2,5.522273714E-4,1.373349340E-3,9.996106029E-1,1.768065064E2,1.590765555E-1,-5.887074991E-2,1.768064212E2
5.673820619E1,2.783962100E-2,5.322050420E-4,1.372939907E-3,9.996113181E-1,1.768094022E2,1.589642884E-1,-5.658257736E-2,1.768093202E2
5.674320619E1,2.784178512E-2,5.338412593E-4,1.371816848E-3,9.996112585E-1,1.768091541E2,1.588409882E-1,-5.677324020E-2,1.768090720E2
5.674820619E1,2.785860663E-2,5.473324563E-4,1.372455270E-3,9.996107817E-1,1.768072258E2,1.589581451E-1,-5.831390499E-2,1.768071414E2
5.675320619E1,2.787358623E-2,5.593100796E-4,1.367359771E-3,9.996103644E-1,1.768055086E2,1.584136045E-1,-5.969979884E-2,1.768054225E2
5.675820619E1,2.787797914E-2,5.621926975E-4,1.363764633E-3,9.996102452E-1,1.768050050E2,1.580112634E-1,-6.004078297E-2,1.768049187E2
5.676320619E1,2.785913125E-2,5.467321607E-4,1.362005714E-3,9.996107817E-1,1.768071656E2,1.577592915E-1,-5.827841981E-2,1.768070819E2
5.676820619E1,2.784448887E-2,5.357434857E-4,1.359576476E-3,9.996111989E-1,1.768088442E2,1.574451105E-1,-5.702976187E-2,1.768087624E2
5.677320619E1,2.785297481E-2,5.425323616E-4,1.358357025E-3,9.996109605E-1,1.768078714E2,1.573275797E-1,-5.780996291E-2,1.768077886E2
5.677820619E1,2.786771672E-2,5.536158569E-4,1.358563895E-3,9.996105433E-1,1.768061814E2,1.573875255E-1,-5.907656271E-2,1.768060968E2
5.678320619E1,2.787419037E-2,5.592483794E-4,1.355013810E-3,9.996103644E-1,1.768054393E2,1.569992483E-1,-5.973207145E-2,1.768053540E2
5.678820619E1,2.786578240E-2,5.528548500E-4,1.354688546E-3,9.996106029E-1,1.768064032E2,1.569410705E-1,-5.900207127E-2,1.768063189E2
5.679320619E1,2.785738508E-2,5.457125953E-4,1.354363747E-3,9.996108413E-1,1.768073658E2,1.568805686E-1,-5.818630276E-2,1.768072827E2
5.679820619E1,2.785978833E-2,5.479034735E-4,1.348022954E-3,9.996107817E-1,1.768070903E2,1.561613831E-1,-5.845712758E-2,1.768070072E2
5.680320619E1,2.787234490E-2,5.583390011E-4,1.349368133E-3,9.996104240E-1,1.768056509E2,1.563495369E-1,-5.964622722E-2,1.768055661E2
5.680820619E1,2.788085554E-2,5.648411461E-4,1.347459620E-3,9.996101856E-1,1.768046752E2,1.561522054E-1,-6.039579442E-2,1.768045895E2
5.681320619E1,2.787891268E-2,5.634341505E-4,1.344025717E-3,9.996102452E-1,1.768048979E2,1.557542489E-1,-6.024590146E-2,1.768048127E2
5.681820619E1,2.786408864E-2,5.514443619E-4,1.346093952E-3,9.996106625E-1,1.768065973E2,1.559519797E-1,-5.886821326E-2,1.768065138E2
5.682320619E1,2.785978549E-2,5.488065071E-4,1.347714337E-3,9.996107817E-1,1.768070906E2,1.561289149E-1,-5.856155309E-2,1.768070074E2
5.682820619E1,2.788081787E-2,5.643546465E-4,1.348442398E-3,9.996101856E-1,1.768046795E2,1.562632231E-1,-6.033693330E-2,1.768045939E2
5.683320619E1,2.788091926E-2,5.643040058E-4,1.346365665E-3,9.996101856E-1,1.768046679E2,1.560251836E-1,-6.033775190E-2,1.768045824E2
5.683820619E1,2.788079903E-2,5.645462661E-4,1.348751714E-3,9.996101856E-1,1.768046817E2,1.562992654E-1,-6.035789742E-2,1.768045960E2
5.684320619E1,2.788305533E-2,5.660547758E-4,1.345647965E-3,9.996101260E-1,1.768044231E2,1.559486964E-1,-6.054025702E-2,1.768043373E2
5.684820619E1,2.787053200E-2,5.570574431E-4,1.343174255E-3,9.996104836E-1,1.768058587E2,1.556358442E-1,-5.951949431E-2,1.768057745E2
5.685320619E1,2.785990188E-2,5.475581856E-4,1.345814671E-3,9.996107817E-1,1.768070773E2,1.559073347E-1,-5.842460831E-2,1.768069944E2
5.685820619E1,2.787686946E-2,5.620038137E-4,1.342674019E-3,9.996103048E-1,1.768051322E2,1.555947230E-1,-6.008669719E-2,1.768050472E2
5.686320619E1,2.789572569E-2,5.763120716E-4,1.344355172E-3,9.996097684E-1,1.768029706E2,1.558341694E-1,-6.171735412E-2,1.768028832E2
5.686820619E1,2.788118733E-2,5.655591958E-4,1.340274001E-3,9.996101856E-1,1.768046372E2,1.553314275E-1,-6.050095130E-2,1.768045518E2
5.687320619E1,2.786448740E-2,5.513338838E-4,1.337859663E-3,9.996106625E-1,1.768065516E2,1.550084356E-1,-5.888178920E-2,1.768064686E2
5.687820619E1,2.787260785E-2,5.585974432E-4,1.343818265E-3,9.996104240E-1,1.768056207E2,1.557146564E-1,-5.969351641E-2,1.768055362E2
5.688320619E1,2.789352306E-2,5.742019275E-4,1.346639823E-3,9.996098280E-1,1.768032231E2,1.560889882E-1,-6.146868430E-2,1.768031359E2
5.688820619E1,2.789757844E-2,5.774906022E-4,1.349712024E-3,9.996097088E-1,1.768027582E2,1.564516635E-1,-6.183493684E-2,1.768026703E2
5.689320619E1,2.789521019E-2,5.766889662E-4,1.354849199E-3,9.996097684E-1,1.768030297E2,1.570374029E-1,-6.172706088E-2,1.768029416E2
5.689820619E1,2.787216299E-2,5.571270594E-4,1.353619853E-3,9.996104240E-1,1.768056717E2,1.568326775E-1,-5.949385145E-2,1.768055869E2
5.690320619E1,2.786148190E-2,5.495350924E-4,1.356528839E-3,9.996107221E-1,1.768068961E2,1.571410173E-1,-5.861660263E-2,1.768068123E2
5.690820619E1,2.787399480E-2,5.593302194E-4,1.358997310E-3,9.996103644E-1,1.768054617E2,1.574557967E-1,-5.972875254E-2,1.768053762E2
5.691320619E1,2.788871198E-2,5.698574823E-4,1.359579503E-3,9.996099472E-1,1.768037746E2,1.575570105E-1,-6.093043892E-2,1.768036873E2
5.691820619E1,2.789319380E-2,5.737094907E-4,1.353651518E-3,9.996098280E-1,1.768032608E2,1.568905634E-1,-6.138991633E-2,1.768031733E2
5.692320619E1,2.788681944E-2,5.686232471E-4,1.355085289E-3,9.996100068E-1,1.768039916E2,1.570381514E-1,-6.080372149E-2,1.768039048E2
5.692820619E1,2.786974188E-2,5.555910175E-4,1.360069960E-3,9.996104836E-1,1.768059493E2,1.575664691E-1,-5.929768251E-2,1.768058643E2
5.693320619E1,2.787166707E-2,5.572976661E-4,1.363723306E-3,9.996104240E-1,1.768057286E2,1.579905151E-1,-5.948120184E-2,1.768056431E2
5.693820619E1,2.788225680E-2,5.652054097E-4,1.362446346E-3,9.996101260E-1,1.768045146E2,1.578701409E-1,-6.038941579E-2,1.768044279E2
5.694320619E1,2.788659498E-2,5.697550951E-4,1.359222690E-3,9.996100068E-1,1.768040173E2,1.575156823E-1,-6.092018470E-2,1.768039301E2
5.694820619E1,2.788457620E-2,5.678318557E-4,1.357608708E-3,9.996100664E-1,1.768042487E2,1.573245364E-1,-6.070535907E-2,1.768041619E2
5.695320619E1,2.786986633E-2,5.552782677E-4,1.357645378E-3,9.996104836E-1,1.768059350E2,1.572877486E-1,-5.926958185E-2,1.768058502E2
5.695820619E1,2.787020262E-2,5.562946317E-4,1.350305974E-3,9.996104836E-1,1.768058964E2,1.564503066E-1,-5.940939075E-2,1.768058119E2
5.696320619E1,2.787014351E-2,5.566030159E-4,1.351398649E-3,9.996104836E-1,1.768059032E2,1.565764508E-1,-5.944123472E-2,1.768058186E2
5.696820619E1,2.787400824E-2,5.595497205E-4,1.358631183E-3,9.996103644E-1,1.768054602E2,1.574145600E-1,-5.975506308E-2,1.768053746E2
5.697320619E1,2.787817757E-2,5.617354182E-4,1.359891379E-3,9.996102452E-1,1.768049822E2,1.575661441E-1,-6.000074552E-2,1.768048963E2
5.697820619E1,2.787216164E-2,5.579519202E-4,1.353307860E-3,9.996104240E-1,1.768056719E2,1.567995742E-1,-5.958933345E-2,1.768055869E2
5.698320619E1,2.785324100E-2,5.432612961E-4,1.352595398E-3,9.996109605E-1,1.768078409E2,1.566699433E-1,-5.791180843E-2,1.768077583E2
5.698820619E1,2.784459125E-2,5.353842280E-4,1.357619767E-3,9.996111989E-1,1.768088324E2,1.572198343E-1,-5.699483739E-2,1.768087508E2
5.699320619E1,2.784693041E-2,5.386701669E-4,1.352217980E-3,9.996111393E-1,1.768085643E2,1.566116940E-1,-5.738810169E-2,1.768084825E2
5.699820619E1,2.786627852E-2,5.526009481E-4,1.344549004E-3,9.996106029E-1,1.768063463E2,1.557788327E-1,-5.900528858E-2,1.768062627E2
5.700320619E1,2.786203934E-2,5.495778169E-4,1.345013385E-3,9.996107221E-1,1.768068322E2,1.558221232E-1,-5.865817597E-2,1.768067491E2
5.700820619E1,2.785352646E-2,5.436495994E-4,1.346547389E-3,9.996109605E-1,1.768078081E2,1.559784166E-1,-5.797554710E-2,1.768077258E2
5.701320619E1,2.785583714E-2,5.458005471E-4,1.342118951E-3,9.996109009E-1,1.768075432E2,1.554781516E-1,-5.823570729E-2,1.768074609E2
5.701820619E1,2.785816243E-2,5.470211036E-4,1.337744645E-3,9.996108413E-1,1.768072767E2,1.549811192E-1,-5.838912120E-2,1.768071944E2
5.702320619E1,2.786662028E-2,5.537497345E-4,1.336971996E-3,9.996106029E-1,1.768063071E2,1.549145966E-1,-5.916102147E-2,1.768062238E2
5.702820619E1,2.787896853E-2,5.636997521E-4,1.342755277E-3,9.996102452E-1,1.768048915E2,1.556095755E-1,-6.028037538E-2,1.768048063E2
5.703320619E1,2.787915782E-2,5.631369422E-4,1.339056296E-3,9.996102452E-1,1.768048698E2,1.551840810E-1,-6.022769529E-2,1.768047849E2
5.703820619E1,2.786860767E-2,5.546790780E-4,1.339723589E-3,9.996105433E-1,1.768060793E2,1.552328695E-1,-5.925837948E-2,1.768059956E2
5.704320619E1,2.787049478E-2,5.567577318E-4,1.344070537E-3,9.996104836E-1,1.768058629E2,1.557375512E-1,-5.948230654E-2,1.768057787E2
5.704820619E1,2.787466374E-2,5.608407664E-4,1.344577526E-3,9.996103644E-1,1.768053850E2,1.558089165E-1,-5.994773666E-2,1.768053001E2
5.705320619E1,2.788107547E-2,5.650128587E-4,1.342828968E-3,9.996101856E-1,1.768046500E2,1.556223393E-1,-6.043022426E-2,1.768045646E2
5.705820619E1,2.787682171E-2,5.625333288E-4,1.343443524E-3,9.996103048E-1,1.768051377E2,1.556845565E-1,-6.014490073E-2,1.768050525E2
5.706320619E1,2.788079155E-2,5.640647141E-4,1.349107828E-3,9.996101856E-1,1.768046826E2,1.563385183E-1,-6.030160052E-2,1.768045969E2
5.706820619E1,2.787460641E-2,5.591854570E-4,1.346454257E-3,9.996103644E-1,1.768053916E2,1.560185995E-1,-5.975214016E-2,1.768053069E2
5.707320619E1,2.788083778E-2,5.647945218E-4,1.347846468E-3,9.996101856E-1,1.768046773E2,1.561963677E-1,-6.038922054E-2,1.768045915E2
5.707820619E1,2.788080151E-2,5.652728141E-4,1.348396181E-3,9.996101856E-1,1.768046814E2,1.562608618E-1,-6.044225680E-2,1.768045956E2
5.708320619E1,2.788297322E-2,5.671186955E-4,1.346900943E-3,9.996101260E-1,1.768044325E2,1.560956162E-1,-6.065813496E-2,1.768043464E2
5.708820619E1,2.789355088E-2,5.753437290E-4,1.345575787E-3,9.996098280E-1,1.768032199E2,1.559707576E-1,-6.160287089E-2,1.768031326E2
5.709320619E1,2.789143094E-2,5.740121123E-4,1.345809200E-3,9.996098876E-1,1.768034629E2,1.559931074E-1,-6.144992309E-2,1.768033758E2
5.709820619E1,2.787871348E-2,5.635114503E-4,1.348119113E-3,9.996102452E-1,1.768049208E2,1.562233707E-1,-6.024170956E-2,1.768048352E2
5.710320619E1,2.788686334E-2,5.701493355E-4,1.353539759E-3,9.996100068E-1,1.768039865E2,1.568659952E-1,-6.098346232E-2,1.768038996E2
5.710820619E1,2.789760706E-2,5.782843800E-4,1.348780235E-3,9.996097088E-1,1.768027549E2,1.563474694E-1,-6.192883598E-2,1.768026670E2
5.711320619E1,2.788489048E-2,5.683148629E-4,1.350934850E-3,9.996100664E-1,1.768042127E2,1.565616276E-1,-6.078196265E-2,1.768041262E2
5.711820619E1,2.787840031E-2,5.631847889E-4,1.354715670E-3,9.996102452E-1,1.768049567E2,1.569779252E-1,-6.018326630E-2,1.768048708E2
5.712320619E1,2.787839240E-2,5.619256408E-4,1.355401240E-3,9.996102452E-1,1.768049576E2,1.570524320E-1,-6.003684580E-2,1.768048719E2
5.712820619E1,2.787211748E-2,5.579464487E-4,1.354219276E-3,9.996104240E-1,1.768056769E2,1.569039542E-1,-5.958580257E-2,1.768055919E2
5.713320619E1,2.787418538E-2,5.591955851E-4,1.355138258E-3,9.996103644E-1,1.768054399E2,1.570133346E-1,-5.972562728E-2,1.768053546E2
5.713820619E1,2.787846716E-2,5.624076584E-4,1.353662461E-3,9.996102452E-1,1.768049490E2,1.568548042E-1,-6.009760261E-2,1.768048633E2
5.714320619E1,2.787040918E-2,5.564742605E-4,1.345961588E-3,9.996104836E-1,1.768058728E2,1.559532553E-1,-5.944380947E-2,1.768057885E2
5.714820619E1,2.786630099E-2,5.526432069E-4,1.344065880E-3,9.996106029E-1,1.768063437E2,1.557236286E-1,-5.901166846E-2,1.768062601E2
5.715320619E1,2.787016618E-2,5.559385172E-4,1.351204468E-3,9.996104836E-1,1.768059006E2,1.565520869E-1,-5.936573504E-2,1.768058161E2
5.715820619E1,2.786400523E-2,5.507675814E-4,1.348096062E-3,9.996106625E-1,1.768066069E2,1.561791498E-1,-5.878431025E-2,1.768065234E2
5.716320619E1,2.786804052E-2,5.554031814E-4,1.351172221E-3,9.996105433E-1,1.768061443E2,1.565465572E-1,-5.930484984E-2,1.768060599E2
5.716820619E1,2.786598234E-2,5.529538612E-4,1.350529143E-3,9.996106029E-1,1.768063802E2,1.564649504E-1,-5.902666352E-2,1.768062962E2
5.717320619E1,2.785298341E-2,5.429026787E-4,1.358032692E-3,9.996109605E-1,1.768078704E2,1.572916108E-1,-5.785341548E-2,1.768077876E2
5.717820619E1,2.785720583E-2,5.463960115E-4,1.357770874E-3,9.996108413E-1,1.768073863E2,1.572730169E-1,-5.825373763E-2,1.768073030E2
5.718320619E1,2.787009951E-2,5.562186707E-4,1.352463849E-3,9.996104836E-1,1.768059083E2,1.566972363E-1,-5.939381404E-2,1.768058236E2
5.718820619E1,2.786810297E-2,5.552389775E-4,1.349951024E-3,9.996105433E-1,1.768061371E2,1.564061518E-1,-5.928993095E-2,1.768060528E2
5.719320619E1,2.786161418E-2,5.488137249E-4,1.354101696E-3,9.996107221E-1,1.768068810E2,1.568606993E-1,-5.854170073E-2,1.768067974E2
5.719820619E1,2.785525895E-2,5.446888972E-4,1.354513573E-3,9.996109009E-1,1.768076095E2,1.568943392E-1,-5.806889664E-2,1.768075266E2
5.720320619E1,2.785341620E-2,5.426500575E-4,1.349228784E-3,9.996109605E-1,1.768078208E2,1.562823660E-1,-5.785251115E-2,1.768077385E2
5.720820619E1,2.785962973E-2,5.483719287E-4,1.351106795E-3,9.996107817E-1,1.768071085E2,1.565161150E-1,-5.850096713E-2,1.768070252E2
5.721320619E1,2.787016149E-2,5.568928318E-4,1.350908307E-3,9.996104836E-1,1.768059012E2,1.565212103E-1,-5.947599548E-2,1.768058165E2
5.721820619E1,2.787039987E-2,5.570768262E-4,1.345905126E-3,9.996104836E-1,1.768058738E2,1.559487118E-1,-5.951301331E-2,1.768057894E2
5.722320619E1,2.786006380E-2,5.485133734E-4,1.342068543E-3,9.996107817E-1,1.768070587E2,1.554812852E-1,-5.854595687E-2,1.768069759E2
5.722820619E1,2.784928492E-2,5.390192382E-4,1.347643440E-3,9.996110797E-1,1.768082944E2,1.560889422E-1,-5.744231697E-2,1.768082128E2
5.723320619E1,2.785130814E-2,5.415627966E-4,1.349022961E-3,9.996110201E-1,1.768080624E2,1.562551973E-1,-5.772895515E-2,1.768079803E2
5.723820619E1,2.786166133E-2,5.490485928E-4,1.353035914E-3,9.996107221E-1,1.768068756E2,1.567393696E-1,-5.857199956E-2,1.768067921E2
5.724320619E1,2.786801463E-2,5.546369357E-4,1.352020656E-3,9.996105433E-1,1.768061473E2,1.566412943E-1,-5.921437329E-2,1.768060629E2
5.724820619E1,2.785751370E-2,5.460808752E-4,1.351566985E-3,9.996108413E-1,1.768073510E2,1.565613905E-1,-5.823739609E-2,1.768072681E2
5.725320619E1,2.784898532E-2,5.388821010E-4,1.353875152E-3,9.996110797E-1,1.768083287E2,1.568023128E-1,-5.740676755E-2,1.768082468E2
5.725820619E1,2.784899946E-2,5.391046870E-4,1.353495638E-3,9.996110797E-1,1.768083271E2,1.567595518E-1,-5.743347307E-2,1.768082451E2
5.726320619E1,2.784281729E-2,5.345086684E-4,1.350441482E-3,9.996112585E-1,1.768090358E2,1.563946863E-1,-5.691772694E-2,1.768089547E2
5.726820619E1,2.785748944E-2,5.454691127E-4,1.352313790E-3,9.996108413E-1,1.768073538E2,1.566449804E-1,-5.816494030E-2,1.768072709E2
5.727320619E1,2.786590306E-2,5.520463455E-4,1.352534629E-3,9.996106029E-1,1.768063893E2,1.566917706E-1,-5.891631867E-2,1.768063054E2
5.727820619E1,2.785116445E-2,5.419896333E-4,1.351815183E-3,9.996110201E-1,1.768080789E2,1.565763927E-1,-5.776895885E-2,1.768079966E2
5.728320619E1,2.783406091E-2,5.277855089E-4,1.357096247E-3,9.996114969E-1,1.768100396E2,1.571350278E-1,-5.612775249E-2,1.768099592E2
5.728820619E1,2.784240462E-2,5.346955732E-4,1.358849579E-3,9.996112585E-1,1.768090831E2,1.573583838E-1,-5.691237411E-2,1.768090015E2
5.729320619E1,2.784901724E-2,5.386482226E-4,1.353311469E-3,9.996110797E-1,1.768083250E2,1.567369999E-1,-5.738177138E-2,1.768082432E2
5.729820619E1,2.785323804E-2,5.427521537E-4,1.352860592E-3,9.996109605E-1,1.768078412E2,1.566986952E-1,-5.785264170E-2,1.768077587E2
5.730320619E1,2.785527094E-2,5.441622925E-4,1.354478532E-3,9.996109009E-1,1.768076081E2,1.568886450E-1,-5.800868562E-2,1.768075253E2
5.730820619E1,2.784893981E-2,5.387395504E-4,1.354867709E-3,9.996110797E-1,1.768083339E2,1.569155500E-1,-5.738727836E-2,1.768082519E2
5.731320619E1,2.784890469E-2,5.389784346E-4,1.355494489E-3,9.996110797E-1,1.768083379E2,1.569881063E-1,-5.741264709E-2,1.768082559E2
5.731820619E1,2.785095876E-2,5.406572018E-4,1.356578083E-3,9.996110201E-1,1.768081025E2,1.571177051E-1,-5.760116389E-2,1.768080201E2
5.732320619E1,2.784891878E-2,5.392159801E-4,1.355110318E-3,9.996110797E-1,1.768083363E2,1.569448595E-1,-5.744108102E-2,1.768082543E2
5.732820619E1,2.785288145E-2,5.429399898E-4,1.360107446E-3,9.996109605E-1,1.768078821E2,1.575293813E-1,-5.785108322E-2,1.768077991E2
5.733320619E1,2.785690059E-2,5.450871540E-4,1.364542521E-3,9.996108413E-1,1.768074213E2,1.580444941E-1,-5.808224316E-2,1.768073378E2
5.733820619E1,2.784845652E-2,5.382372183E-4,1.364963478E-3,9.996110797E-1,1.768083893E2,1.580703618E-1,-5.729759512E-2,1.768083069E2
5.734320619E1,2.784599312E-2,5.367908161E-4,1.372120692E-3,9.996111393E-1,1.768086717E2,1.588854442E-1,-5.710946492E-2,1.768085891E2
5.734820619E1,2.785026430E-2,5.396250053E-4,1.371167949E-3,9.996110201E-1,1.768081821E2,1.587855999E-1,-5.743647459E-2,1.768080990E2
5.735320619E1,2.785049895E-2,5.405923002E-4,1.366011216E-3,9.996110201E-1,1.768081552E2,1.581980111E-1,-5.756369587E-2,1.768080723E2
5.735820619E1,2.785032063E-2,5.408751313E-4,1.369530219E-3,9.996110201E-1,1.768081756E2,1.586019956E-1,-5.758489065E-2,1.768080925E2
5.736320619E1,2.785240611E-2,5.416699569E-4,1.370309736E-3,9.996109605E-1,1.768079366E2,1.586939442E-1,-5.767311664E-2,1.768078532E2
5.736820619E1,2.784817888E-2,5.384786637E-4,1.370521495E-3,9.996110797E-1,1.768084212E2,1.587077721E-1,-5.730755884E-2,1.768083383E2
5.737320619E1,2.784808505E-2,5.374585744E-4,1.372826518E-3,9.996110797E-1,1.768084319E2,1.589685453E-1,-5.718336967E-2,1.768083491E2
5.737820619E1,2.783762044E-2,5.292886635E-4,1.371233957E-3,9.996113777E-1,1.768096315E2,1.587594594E-1,-5.625427501E-2,1.768095501E2
5.738320619E1,2.783929239E-2,5.305180675E-4,1.380236703E-3,9.996113181E-1,1.768094399E2,1.597947159E-1,-5.636611320E-2,1.768093578E2
5.738820619E1,2.784183918E-2,5.326411920E-4,1.371185994E-3,9.996112585E-1,1.768091479E2,1.587648996E-1,-5.663778021E-2,1.768090660E2
5.739320619E1,2.785200652E-2,5.405225675E-4,1.378857996E-3,9.996109605E-1,1.768079824E2,1.596694387E-1,-5.751446664E-2,1.768078987E2
5.739820619E1,2.784557076E-2,5.364430835E-4,1.380800619E-3,9.996111393E-1,1.768087201E2,1.598785724E-1,-5.704200308E-2,1.768086370E2
5.740320619E1,2.784356283E-2,5.347218248E-4,1.378807821E-3,9.996111989E-1,1.768089503E2,1.596446959E-1,-5.685151762E-2,1.768088676E2
5.740820619E1,2.784127073E-2,5.327753024E-4,1.382628339E-3,9.996112585E-1,1.768092131E2,1.600759849E-1,-5.661672610E-2,1.768091305E2
5.741320619E1,2.784313482E-2,5.337202456E-4,1.387809636E-3,9.996111989E-1,1.768089994E2,1.606726091E-1,-5.670813619E-2,1.768089163E2
5.741820619E1,2.784721337E-2,5.367359263E-4,1.390675083E-3,9.996110797E-1,1.768085318E2,1.610106935E-1,-5.704377380E-2,1.768084481E2
5.742320619E1,2.785576710E-2,5.438569933E-4,1.387971803E-3,9.996108413E-1,1.768075513E2,1.607242609E-1,-5.786672201E-2,1.768074666E2
5.742820619E1,2.785357359E-2,5.424130359E-4,1.389629557E-3,9.996109009E-1,1.768078027E2,1.609094159E-1,-5.769638237E-2,1.768077182E2
5.743320619E1,2.785159243E-2,5.400638329E-4,1.387375756E-3,9.996109605E-1,1.768080298E2,1.606436367E-1,-5.743480045E-2,1.768079458E2
5.743820619E1,2.784294244E-2,5.328929401E-4,1.391980913E-3,9.996111989E-1,1.768090214E2,1.611477669E-1,-5.660009263E-2,1.768089383E2
5.744320619E1,2.784058483E-2,5.309122498E-4,1.397080952E-3,9.996112585E-1,1.768092917E2,1.617255096E-1,-5.635731942E-2,1.768092086E2
5.744820619E1,2.785550042E-2,5.429189187E-4,1.393679413E-3,9.996108413E-1,1.768075818E2,1.613750419E-1,-5.774109203E-2,1.768074970E2
5.745320619E1,2.786357523E-2,5.499023828E-4,1.400514739E-3,9.996106029E-1,1.768066562E2,1.621807754E-1,-5.851789773E-2,1.768065697E2
5.745820619E1,2.785730953E-2,5.450638128E-4,1.399421715E-3,9.996107817E-1,1.768073745E2,1.620397588E-1,-5.796815996E-2,1.768072889E2
5.746320619E1,2.785561954E-2,5.428845761E-4,1.391310012E-3,9.996108413E-1,1.768075682E2,1.611035308E-1,-5.774470235E-2,1.768074834E2
5.746820619E1,2.784718228E-2,5.373624736E-4,1.391055761E-3,9.996110797E-1,1.768085354E2,1.610562969E-1,-5.711433313E-2,1.768084516E2
5.747320619E1,2.785546096E-2,5.427162396E-4,1.394546824E-3,9.996108413E-1,1.768075864E2,1.614737521E-1,-5.771511327E-2,1.768075015E2
5.747820619E1,2.786395706E-2,5.507746828E-4,1.392552629E-3,9.996106029E-1,1.768066124E2,1.612715457E-1,-5.864317862E-2,1.768065263E2
5.748320619E1,2.787261139E-2,5.566431792E-4,1.388161676E-3,9.996103644E-1,1.768056203E2,1.607878273E-1,-5.932802560E-2,1.768055335E2
5.748820619E1,2.785946193E-2,5.456962972E-4,1.398902969E-3,9.996107221E-1,1.768071277E2,1.619824819E-1,-5.804191636E-2,1.768070421E2
5.749320619E1,2.784249240E-2,5.325772217E-4,1.401073765E-3,9.996111989E-1,1.768090730E2,1.621882955E-1,-5.653498891E-2,1.768089894E2
5.749820619E1,2.784523146E-2,5.362770753E-4,1.387690194E-3,9.996111393E-1,1.768087590E2,1.606672053E-1,-5.700105754E-2,1.768086756E2
5.750320619E1,2.785987566E-2,5.464703427E-4,1.390334801E-3,9.996107221E-1,1.768070803E2,1.610035174E-1,-5.815786858E-2,1.768069950E2
5.750820619E1,2.786606888E-2,5.523850559E-4,1.392442966E-3,9.996105433E-1,1.768063703E2,1.612642506E-1,-5.882765144E-2,1.768062839E2
5.751320619E1,2.786813163E-2,5.533518270E-4,1.393565675E-3,9.996104836E-1,1.768061338E2,1.613960628E-1,-5.893447392E-2,1.768060473E2
5.751820619E1,2.786414922E-2,5.499465624E-4,1.389030484E-3,9.996106029E-1,1.768065904E2,1.608654605E-1,-5.855953546E-2,1.768065046E2
5.752320619E1,2.785156235E-2,5.400959053E-4,1.387967030E-3,9.996109605E-1,1.768080333E2,1.607114660E-1,-5.743659195E-2,1.768079492E2
5.752820619E1,2.785145268E-2,5.397944478E-4,1.390282880E-3,9.996109605E-1,1.768080459E2,1.609757718E-1,-5.739468720E-2,1.768079617E2
5.753320619E1,2.787261966E-2,5.574079114E-4,1.387688681E-3,9.996103644E-1,1.768056194E2,1.607360902E-1,-5.941713279E-2,1.768055324E2
5.753820619E1,2.789583186E-2,5.748035619E-4,1.386458287E-3,9.996097088E-1,1.768029584E2,1.606521439E-1,-6.140995069E-2,1.768028687E2
5.754320619E1,2.788480057E-2,5.668164231E-4,1.396747422E-3,9.996100068E-1,1.768042230E2,1.618045334E-1,-6.046394313E-2,1.768041340E2
5.754820619E1,2.787205102E-2,5.563735613E-4,1.399475033E-3,9.996103644E-1,1.768056845E2,1.620828462E-1,-5.926109706E-2,1.768055971E2
5.755320619E1,2.787014008E-2,5.550287315E-4,1.395486412E-3,9.996104240E-1,1.768059036E2,1.616215521E-1,-5.912009952E-2,1.768058166E2
5.755820619E1,2.787647318E-2,5.604379694E-4,1.394915045E-3,9.996102452E-1,1.768051776E2,1.615737590E-1,-5.974051235E-2,1.768050898E2
5.756320619E1,2.789722539E-2,5.761764478E-4,1.400749781E-3,9.996096492E-1,1.768027987E2,1.622936681E-1,-6.152129829E-2,1.768027079E2
5.756820619E1,2.790367493E-2,5.814959295E-4,1.397690852E-3,9.996094704E-1,1.768020593E2,1.619606842E-1,-6.213936226E-2,1.768019678E2
5.757320619E1,2.789118370E-2,5.723944050E-4,1.394995255E-3,9.996098280E-1,1.768034912E2,1.616220430E-1,-6.110745056E-2,1.768034014E2
5.757820619E1,2.788491444E-2,5.662097828E-4,1.394718536E-3,9.996100068E-1,1.768042099E2,1.615701986E-1,-6.040091918E-2,1.768041211E2
5.758320619E1,2.787856760E-2,5.609480431E-4,1.395565923E-3,9.996101856E-1,1.768049375E2,1.616500701E-1,-5.979652180E-2,1.768048495E2
5.758820619E1,2.789752867E-2,5.760763306E-4,1.394737861E-3,9.996096492E-1,1.768027639E2,1.616047186E-1,-6.152900054E-2,1.768026735E2
5.759320619E1,2.791216937E-2,5.881994148E-4,1.395788277E-3,9.996092319E-1,1.768010855E2,1.617647207E-1,-6.291193437E-2,1.768009930E2
5.759820619E1,2.791010160E-2,5.865876446E-4,1.395128551E-3,9.996092916E-1,1.768013226E2,1.616838656E-1,-6.272975589E-2,1.768012304E2
5.760320619E1,2.789131756E-2,5.725069204E-4,1.392269973E-3,9.996098280E-1,1.768034759E2,1.613102375E-1,-6.112902777E-2,1.768033862E2
5.760820619E1,2.788275572E-2,5.648247898E-4,1.395718544E-3,9.996100664E-1,1.768044574E2,1.616801906E-1,-6.023942619E-2,1.768043688E2
5.761320619E1,2.789095473E-2,5.708040553E-4,1.400215086E-3,9.996098280E-1,1.768035175E2,1.622148624E-1,-6.090863457E-2,1.768034276E2
5.761820619E1,2.790370011E-2,5.811644951E-4,1.397325890E-3,9.996094704E-1,1.768020564E2,1.619178206E-1,-6.210256042E-2,1.768019650E2
5.762320619E1,2.790991952E-2,5.869630259E-4,1.398608903E-3,9.996092916E-1,1.768013434E2,1.620837191E-1,-6.276165273E-2,1.768012510E2
5.762820619E1,2.790338495E-2,5.816468038E-4,1.403405447E-3,9.996094704E-1,1.768020925E2,1.626157390E-1,-6.213841849E-2,1.768020007E2
5.763320619E1,2.788656109E-2,5.673939013E-4,1.404003007E-3,9.996099472E-1,1.768040212E2,1.626375920E-1,-6.050662013E-2,1.768039316E2
5.763820619E1,2.787395048E-2,5.579297431E-4,1.403592410E-3,9.996103048E-1,1.768054668E2,1.625595638E-1,-5.942589315E-2,1.768053789E2
5.764320619E1,2.788028994E-2,5.632249522E-4,1.402915455E-3,9.996101260E-1,1.768047401E2,1.624993162E-1,-6.003357487E-2,1.768046513E2
5.764820619E1,2.789745119E-2,5.767419934E-4,1.396011910E-3,9.996096492E-1,1.768027728E2,1.617527807E-1,-6.160118964E-2,1.768026822E2
5.765320619E1,2.789719346E-2,5.770153366E-4,1.401040237E-3,9.996096492E-1,1.768028023E2,1.623296191E-1,-6.161646700E-2,1.768027114E2
5.765820619E1,2.788248294E-2,5.648771184E-4,1.401136396E-3,9.996100664E-1,1.768044887E2,1.623009410E-1,-6.022815333E-2,1.768043997E2
5.766320619E1,2.786786448E-2,5.528518232E-4,1.399095636E-3,9.996104836E-1,1.768061645E2,1.620278918E-1,-5.885958314E-2,1.768060776E2
5.766820619E1,2.787439271E-2,5.589943030E-4,1.394356252E-3,9.996103048E-1,1.768054161E2,1.615050147E-1,-5.957726601E-2,1.768053285E2
5.767320619E1,2.787864038E-2,5.614536931E-4,1.393907703E-3,9.996101856E-1,1.768049292E2,1.614617455E-1,-5.985972827E-2,1.768048412E2
5.767820619E1,2.789333317E-2,5.726703675E-4,1.394615159E-3,9.996097684E-1,1.768032448E2,1.615795177E-1,-6.113992862E-2,1.768031550E2
5.768320619E1,2.789294213E-2,5.724615185E-4,1.402499620E-3,9.996097684E-1,1.768032897E2,1.624819685E-1,-6.109086702E-2,1.768031994E2
5.768820619E1,2.787840425E-2,5.621631863E-4,1.398337306E-3,9.996101856E-1,1.768049562E2,1.619713966E-1,-5.992688531E-2,1.768048679E2
5.769320619E1,2.786388548E-2,5.503278808E-4,1.394160558E-3,9.996106029E-1,1.768066206E2,1.614542984E-1,-5.858687615E-2,1.768065345E2
5.769820619E1,2.787032339E-2,5.555905518E-4,1.391596394E-3,9.996104240E-1,1.768058826E2,1.611777667E-1,-5.919684861E-2,1.768057957E2
5.770320619E1,2.788727209E-2,5.690597463E-4,1.389127807E-3,9.996099472E-1,1.768039397E2,1.609390471E-1,-6.074485907E-2,1.768038507E2
5.770820619E1,2.789784299E-2,5.769804702E-4,1.388061093E-3,9.996096492E-1,1.768027279E2,1.608428241E-1,-6.165386138E-2,1.768026377E2
5.771320619E1,2.789590677E-2,5.749570555E-4,1.384886447E-3,9.996097088E-1,1.768029498E2,1.604725894E-1,-6.143254560E-2,1.768028602E2
5.771820619E1,2.788113940E-2,5.645005149E-4,1.385411830E-3,9.996101260E-1,1.768046427E2,1.604984521E-1,-6.023547324E-2,1.768045547E2
5.772320619E1,2.787682422E-2,5.605624756E-4,1.387831755E-3,9.996102452E-1,1.768051374E2,1.607628068E-1,-5.977734526E-2,1.768050499E2
5.772820619E1,2.788332130E-2,5.653944099E-4,1.384141156E-3,9.996100664E-1,1.768043926E2,1.603558880E-1,-6.034157599E-2,1.768043046E2
5.773320619E1,2.789784766E-2,5.774977617E-4,1.387752010E-3,9.996096492E-1,1.768027273E2,1.608090737E-1,-6.171410286E-2,1.768026371E2
5.773820619E1,2.790199122E-2,5.810089060E-4,1.388849691E-3,9.996095300E-1,1.768022523E2,1.609462928E-1,-6.211211702E-2,1.768021615E2
5.774320619E1,2.789533262E-2,5.750906421E-4,1.396348584E-3,9.996097088E-1,1.768030156E2,1.617859359E-1,-6.141129911E-2,1.768029253E2
5.774820619E1,2.788291962E-2,5.644811899E-4,1.392579754E-3,9.996100664E-1,1.768044386E2,1.613195630E-1,-6.021007057E-2,1.768043502E2
5.775320619E1,2.787457156E-2,5.586817861E-4,1.390901860E-3,9.996103048E-1,1.768053956E2,1.611083362E-1,-5.955247355E-2,1.768053083E2
5.775820619E1,2.789773309E-2,5.773323937E-4,1.390121994E-3,9.996096492E-1,1.768027405E2,1.610800126E-1,-6.168760222E-2,1.768026501E2
5.776320619E1,2.791486925E-2,5.905757425E-4,1.383423456E-3,9.996091723E-1,1.768007760E2,1.603561388E-1,-6.322325208E-2,1.768006839E2
5.776820619E1,2.792101952E-2,5.956655950E-4,1.386327902E-3,9.996089935E-1,1.768000710E2,1.607055100E-1,-6.379599860E-2,1.767999779E2
5.777320619E1,2.790615903E-2,5.841640523E-4,1.389587997E-3,9.996094108E-1,1.768017745E2,1.610412130E-1,-6.247049694E-2,1.768016831E2
5.777820619E1,2.789808474E-2,5.768972333E-4,1.383228460E-3,9.996096492E-1,1.768027001E2,1.602890087E-1,-6.165973777E-2,1.768026103E2
5.778320619E1,2.789581639E-2,5.758510670E-4,1.386334770E-3,9.996097088E-1,1.768029602E2,1.606413432E-1,-6.153033644E-2,1.768028703E2
5.778820619E1,2.789779787E-2,5.778321065E-4,1.388613484E-3,9.996096492E-1,1.768027330E2,1.609088188E-1,-6.174965493E-2,1.768026427E2
5.779320619E1,2.791468355E-2,5.911968765E-4,1.386900898E-3,9.996091723E-1,1.768007973E2,1.607564449E-1,-6.328330685E-2,1.768007049E2
5.779820619E1,2.791861602E-2,5.928835017E-4,1.392932027E-3,9.996090531E-1,1.768003465E2,1.614529383E-1,-6.345657633E-2,1.768002534E2
5.780320619E1,2.790659953E-2,5.839294754E-4,1.380812726E-3,9.996094108E-1,1.768017240E2,1.600353086E-1,-6.247161886E-2,1.768016332E2
5.780820619E1,2.790640678E-2,5.844150437E-4,1.384497853E-3,9.996094108E-1,1.768017461E2,1.604589701E-1,-6.251548524E-2,1.768016550E2
5.781320619E1,2.790853941E-2,5.856482312E-4,1.384023577E-3,9.996093512E-1,1.768015017E2,1.604087207E-1,-6.265791744E-2,1.768014103E2
5.781820619E1,2.791923262E-2,5.951192579E-4,1.379555673E-3,9.996090531E-1,1.768002758E2,1.599279091E-1,-6.375537181E-2,1.768001832E2
5.782320619E1,2.793621457E-2,6.085367058E-4,1.375423744E-3,9.996085763E-1,1.767983291E2,1.594986485E-1,-6.530280748E-2,1.767982346E2
5.782820619E1,2.793158597E-2,6.043075700E-4,1.384624164E-3,9.996086955E-1,1.767988597E2,1.605386892E-1,-6.478966335E-2,1.767987653E2
5.783320619E1,2.791263187E-2,5.891556502E-4,1.386102522E-3,9.996092319E-1,1.768010325E2,1.606583338E-1,-6.305237456E-2,1.768009405E2
5.783820619E1,2.790223163E-2,5.812288728E-4,1.383919036E-3,9.996095300E-1,1.768022248E2,1.603822189E-1,-6.215304036E-2,1.768021342E2
5.784320619E1,2.790632370E-2,5.836444907E-4,1.386496006E-3,9.996094108E-1,1.768017557E2,1.606853831E-1,-6.242084423E-2,1.768016645E2
5.784820619E1,2.791461713E-2,5.899009993E-4,1.388788223E-3,9.996091723E-1,1.768008049E2,1.609684827E-1,-6.312884162E-2,1.768007126E2
5.785320619E1,2.793138620E-2,6.039543659E-4,1.388801960E-3,9.996086955E-1,1.767988826E2,1.610160998E-1,-6.473586477E-2,1.767987880E2
5.785820619E1,2.792541601E-2,5.995213869E-4,1.382061397E-3,9.996088743E-1,1.767995670E2,1.602294147E-1,-6.425061359E-2,1.767994735E2
5.786320619E1,2.789596547E-2,5.761119537E-4,1.383223105E-3,9.996097088E-1,1.768029431E2,1.602857541E-1,-6.157014341E-2,1.768028534E2
5.786820619E1,2.790426762E-2,5.823706160E-4,1.385440351E-3,9.996094704E-1,1.768019914E2,1.605602589E-1,-6.227863208E-2,1.768019005E2
5.787320619E1,2.791925581E-2,5.941638956E-4,1.379498164E-3,9.996090531E-1,1.768002732E2,1.599182663E-1,-6.364611841E-2,1.768001807E2
5.787820619E1,2.792984443E-2,6.030073273E-4,1.377271255E-3,9.996087551E-1,1.767990593E2,1.596921608E-1,-6.466453834E-2,1.767989656E2
5.788320619E1,2.792760069E-2,6.006013718E-4,1.380557544E-3,9.996088147E-1,1.767993165E2,1.600607498E-1,-6.437878506E-2,1.767992230E2
5.788820619E1,2.791909020E-2,5.944677978E-4,1.382715185E-3,9.996090531E-1,1.768002922E2,1.602877284E-1,-6.367066342E-2,1.768001995E2
5.789320619E1,2.791102106E-2,5.879886448E-4,1.376013272E-3,9.996092916E-1,1.768012172E2,1.594988053E-1,-6.295122679E-2,1.768011260E2
5.789820619E1,2.790886411E-2,5.861780373E-4,1.377235050E-3,9.996093512E-1,1.768014644E2,1.596328296E-1,-6.274026411E-2,1.768013734E2
5.790320619E1,2.791698043E-2,5.920428084E-4,1.383263152E-3,9.996091127E-1,1.768005340E2,1.603426037E-1,-6.339147394E-2,1.768004417E2
5.790820619E1,2.792110649E-2,5.961236311E-4,1.384377945E-3,9.996089935E-1,1.768000610E2,1.604836194E-1,-6.385469029E-2,1.767999679E2
5.791320619E1,2.793171170E-2,6.042323657E-4,1.382118557E-3,9.996086955E-1,1.767988453E2,1.602514468E-1,-6.478904879E-2,1.767987510E2
5.791820619E1,2.790857994E-2,5.862017861E-4,1.382971648E-3,9.996093512E-1,1.768014970E2,1.602899983E-1,-6.272468314E-2,1.768014057E2
5.792320619E1,2.789168287E-2,5.715862499E-4,1.385312527E-3,9.996098280E-1,1.768034340E2,1.605103616E-1,-6.104574657E-2,1.768033449E2
5.792820619E1,2.790213995E-2,5.798349157E-4,1.386350137E-3,9.996095300E-1,1.768022353E2,1.606562315E-1,-6.198560838E-2,1.768021448E2
5.793320619E1,2.791258607E-2,5.888360320E-4,1.387160271E-3,9.996092319E-1,1.768010378E2,1.607784707E-1,-6.301238731E-2,1.768009457E2
5.793820619E1,2.791903828E-2,5.935592344E-4,1.384153147E-3,9.996090531E-1,1.768002981E2,1.604495324E-1,-6.356199814E-2,1.768002055E2
5.794320619E1,2.792929107E-2,6.016289117E-4,1.389045268E-3,9.996087551E-1,1.767991228E2,1.610363911E-1,-6.446905028E-2,1.767990285E2
5.794820619E1,2.792299582E-2,5.974601372E-4,1.388726756E-3,9.996089339E-1,1.767998444E2,1.609861603E-1,-6.399356395E-2,1.767997509E2
5.795320619E1,2.791062518E-2,5.872451002E-4,1.384335686E-3,9.996092916E-1,1.768012626E2,1.604497104E-1,-6.283950073E-2,1.768011709E2
5.795820619E1,2.791262858E-2,5.885475548E-4,1.386427088E-3,9.996092319E-1,1.768010329E2,1.606935665E-1,-6.298168153E-2,1.768009409E2
5.796320619E1,2.792282429E-2,5.964387674E-4,1.392609207E-3,9.996089339E-1,1.767998641E2,1.614276042E-1,-6.386417382E-2,1.767997705E2
5.796820619E1,2.793775070E-2,6.078694132E-4,1.387780649E-3,9.996085167E-1,1.767981530E2,1.609120586E-1,-6.518656520E-2,1.767980578E2
5.797320619E1,2.793787571E-2,6.087377551E-4,1.384880394E-3,9.996085167E-1,1.767981387E2,1.605826315E-1,-6.529529609E-2,1.767980435E2
5.797820619E1,2.791477791E-2,5.913852365E-4,1.384919859E-3,9.996091723E-1,1.768007865E2,1.605301312E-1,-6.331120484E-2,1.768006942E2
5.798320619E1,2.790855322E-2,5.853765178E-4,1.383860130E-3,9.996093512E-1,1.768015001E2,1.603891301E-1,-6.262731405E-2,1.768014088E2
5.798820619E1,2.791917962E-2,5.937250680E-4,1.381227979E-3,9.996090531E-1,1.768002819E2,1.601150026E-1,-6.359032994E-2,1.768001894E2
5.799320619E1,2.793203462E-2,6.043263711E-4,1.375535736E-3,9.996086955E-1,1.767988083E2,1.594977262E-1,-6.482083581E-2,1.767987144E2
5.799820619E1,2.793810091E-2,6.083702319E-4,1.380491769E-3,9.996085167E-1,1.767981128E2,1.600787657E-1,-6.526721182E-2,1.767980180E2
5.800320619E1,2.793390564E-2,6.054292899E-4,1.380362432E-3,9.996086359E-1,1.767985938E2,1.600542618E-1,-6.493142234E-2,1.767984994E2
5.800820619E1,2.790495041E-2,5.835143966E-4,1.371132792E-3,9.996094704E-1,1.768019131E2,1.589250699E-1,-6.245529107E-2,1.768018229E2
5.801320619E1,2.790066496E-2,5.801441148E-4,1.372863422E-3,9.996095896E-1,1.768024044E2,1.591122645E-1,-6.206438394E-2,1.768023146E2
5.801820619E1,2.791343743E-2,5.900553660E-4,1.369397040E-3,9.996092319E-1,1.768009402E2,1.587476988E-1,-6.320874115E-2,1.768008490E2
5.802320619E1,2.792767159E-2,6.013308302E-4,1.378804562E-3,9.996088147E-1,1.767993084E2,1.598622902E-1,-6.446794100E-2,1.767992149E2
5.802820619E1,2.792563642E-2,6.000072462E-4,1.377389068E-3,9.996088743E-1,1.767995417E2,1.596957824E-1,-6.432118398E-2,1.767994485E2
5.803320619E1,2.791299386E-2,5.895936047E-4,1.378606423E-3,9.996092319E-1,1.768009910E2,1.598011015E-1,-6.312646035E-2,1.768008994E2
5.803820619E1,2.789849432E-2,5.772284931E-4,1.374803833E-3,9.996096492E-1,1.768026532E2,1.593250763E-1,-6.172455061E-2,1.768025638E2
5.804320619E1,2.789862000E-2,5.785881658E-4,1.371678198E-3,9.996096492E-1,1.768026388E2,1.589713988E-1,-6.189026959E-2,1.768025494E2
5.804820619E1,2.791542133E-2,5.911857588E-4,1.371975406E-3,9.996091723E-1,1.768007127E2,1.590467848E-1,-6.332966086E-2,1.768006213E2
5.805320619E1,2.792577465E-2,5.997331464E-4,1.374703366E-3,9.996088743E-1,1.767995259E2,1.593872750E-1,-6.429835930E-2,1.767994328E2
5.805820619E1,2.791988348E-2,5.952573847E-4,1.366259879E-3,9.996090531E-1,1.768002012E2,1.584053986E-1,-6.381362927E-2,1.768001094E2
5.806320619E1,2.789512429E-2,5.759492633E-4,1.356930821E-3,9.996097684E-1,1.768030395E2,1.572734768E-1,-6.163568953E-2,1.768029514E2
5.806820619E1,2.788228814E-2,5.660345196E-4,1.361460425E-3,9.996101260E-1,1.768045110E2,1.577598576E-1,-6.048753300E-2,1.768044243E2
5.807320619E1,2.789023245E-2,5.709984689E-4,1.371680410E-3,9.996098876E-1,1.768036003E2,1.589468743E-1,-6.102222030E-2,1.768035121E2
5.807820619E1,2.791129696E-2,5.884948769E-4,1.370188198E-3,9.996092916E-1,1.768011855E2,1.588331968E-1,-6.302780149E-2,1.768010946E2
5.808320619E1,2.791780752E-2,5.933968932E-4,1.365881180E-3,9.996091127E-1,1.768004392E2,1.583559348E-1,-6.360205645E-2,1.768003478E2
5.808820619E1,2.790525636E-2,5.835143384E-4,1.364892116E-3,9.996094704E-1,1.768018780E2,1.582102375E-1,-6.247519220E-2,1.768017882E2
5.809320619E1,2.790286931E-2,5.809852737E-4,1.371105202E-3,9.996095300E-1,1.768021517E2,1.589136921E-1,-6.216600712E-2,1.768020619E2
5.809820619E1,2.789852831E-2,5.774865276E-4,1.374005456E-3,9.996096492E-1,1.768026493E2,1.592344517E-1,-6.175665467E-2,1.768025599E2
5.810320619E1,2.791140643E-2,5.892365589E-4,1.367637073E-3,9.996092916E-1,1.768011730E2,1.585433522E-1,-6.312090120E-2,1.768010821E2
5.810820619E1,2.792558614E-2,5.995592801E-4,1.378603047E-3,9.996088743E-1,1.767995475E2,1.598334032E-1,-6.426599404E-2,1.767994542E2
5.811320619E1,2.793608239E-2,6.082372274E-4,1.378237968E-3,9.996085763E-1,1.767983442E2,1.598200420E-1,-6.525951502E-2,1.767982496E2
5.811820619E1,2.792152019E-2,5.956435925E-4,1.376216765E-3,9.996089935E-1,1.768000136E2,1.595472708E-1,-6.382575006E-2,1.767999211E2
5.812320619E1,2.790463775E-2,5.822473904E-4,1.378017245E-3,9.996094704E-1,1.768019489E2,1.597095926E-1,-6.228819462E-2,1.768018585E2
5.812820619E1,2.790875023E-2,5.856057396E-4,1.379783847E-3,9.996093512E-1,1.768014775E2,1.599229493E-1,-6.266657584E-2,1.768013864E2
5.813320619E1,2.790627291E-2,5.837368080E-4,1.387479133E-3,9.996094108E-1,1.768017615E2,1.607982896E-1,-6.242828309E-2,1.768016703E2
5.813820619E1,2.794943054E-2,6.167155807E-4,1.406173687E-3,9.996081591E-1,1.767968140E2,1.630480217E-1,-6.613907376E-2,1.767967162E2
5.814320619E1,2.794952788E-2,6.170322304E-4,1.404098468E-3,9.996081591E-1,1.767968029E2,1.628113323E-1,-6.618197574E-2,1.767967051E2
5.814820619E1,2.788820910E-2,5.682265619E-4,1.413337886E-3,9.996098876E-1,1.768038322E2,1.637096367E-1,-6.057189782E-2,1.768037420E2
5.815320619E1,2.793338292E-2,6.034003454E-4,1.433952013E-3,9.996085763E-1,1.767986537E2,1.661862591E-1,-6.452755524E-2,1.767985562E2
5.815820619E1,2.792549740E-2,5.984592717E-4,1.423370326E-3,9.996088147E-1,1.767995577E2,1.649578362E-1,-6.399674496E-2,1.767994617E2
5.816320619E1,2.791239882E-2,5.854348419E-4,1.475461293E-3,9.996091127E-1,1.768010592E2,1.708822031E-1,-6.234038025E-2,1.768009622E2
5.816820619E1,2.797465850E-2,6.355667720E-4,1.446367707E-3,9.996073842E-1,1.767939220E2,1.677142267E-1,-6.816544619E-2,1.767938182E2
5.817320619E1,2.794923718E-2,6.153046852E-4,1.452251337E-3,9.996080995E-1,1.767968362E2,1.683215447E-1,-6.582991211E-2,1.767967355E2
5.817820619E1,2.791435351E-2,5.890188622E-4,1.436542021E-3,9.996091127E-1,1.768008351E2,1.664357016E-1,-6.287508101E-2,1.768007400E2
5.818320619E1,2.794296301E-2,6.116477307E-4,1.451451099E-3,9.996082783E-1,1.767975555E2,1.682177558E-1,-6.541463898E-2,1.767974555E2
5.818820619E1,2.795318162E-2,6.181580247E-4,1.457166974E-3,9.996079803E-1,1.767963840E2,1.688940164E-1,-6.614034218E-2,1.767962825E2
5.819320619E1,2.796089213E-2,6.250814768E-4,1.428667223E-3,9.996078014E-1,1.767955001E2,1.656521529E-1,-6.702341616E-2,1.767953993E2
5.819820619E1,2.798099111E-2,6.408641930E-4,1.445115893E-3,9.996072054E-1,1.767931961E2,1.675882544E-1,-6.877519912E-2,1.767930915E2
5.820320619E1,2.795039804E-2,6.160533521E-4,1.470504329E-3,9.996080399E-1,1.767967031E2,1.704148440E-1,-6.585700989E-2,1.767966011E2
5.820820619E1,2.792002885E-2,5.925666774E-4,1.449161675E-3,9.996089339E-1,1.768001845E2,1.678929547E-1,-6.324015028E-2,1.768000880E2
5.821320619E1,2.795385900E-2,6.198378396E-4,1.443393994E-3,9.996079803E-1,1.767963064E2,1.673217897E-1,-6.637676503E-2,1.767962055E2
5.821820619E1,2.797229129E-2,6.343934219E-4,1.451463322E-3,9.996074438E-1,1.767941934E2,1.682939908E-1,-6.801510612E-2,1.767940895E2
5.822320619E1,2.796412855E-2,6.282739341E-4,1.447209972E-3,9.996076822E-1,1.767951291E2,1.677866157E-1,-6.732914376E-2,1.767950265E2
5.822820619E1,2.797072830E-2,6.325611612E-4,1.441299100E-3,9.996075034E-1,1.767943726E2,1.671237310E-1,-6.783806954E-2,1.767942696E2
5.823320619E1,2.795142870E-2,6.180265918E-4,1.449942007E-3,9.996080399E-1,1.767965850E2,1.680658813E-1,-6.614872546E-2,1.767964840E2
5.823820619E1,2.792399049E-2,5.959604168E-4,1.453660079E-3,9.996088147E-1,1.767997304E2,1.684193447E-1,-6.361383207E-2,1.767996330E2
5.824320619E1,2.794691817E-2,6.144492654E-4,1.456209808E-3,9.996081591E-1,1.767971021E2,1.687720830E-1,-6.571963975E-2,1.767970013E2
5.824820619E1,2.797823929E-2,6.386732566E-4,1.458077691E-3,9.996072650E-1,1.767935115E2,1.690657737E-1,-6.848313833E-2,1.767934064E2
5.825320619E1,2.797202958E-2,6.346096634E-4,1.456403872E-3,9.996074438E-1,1.767942234E2,1.688605909E-1,-6.802408314E-2,1.767941191E2
5.825820619E1,2.796120167E-2,6.248229183E-4,1.463989611E-3,9.996077418E-1,1.767954646E2,1.696974162E-1,-6.688056704E-2,1.767953615E2
5.826320619E1,2.795285239E-2,6.192234578E-4,1.463018591E-3,9.996079803E-1,1.767964218E2,1.695676925E-1,-6.624369532E-2,1.767963197E2
5.826820619E1,2.794252805E-2,6.108953967E-4,1.460115775E-3,9.996082783E-1,1.767976053E2,1.692078307E-1,-6.530078980E-2,1.767975049E2
5.827320619E1,2.794863941E-2,6.154372240E-4,1.463654684E-3,9.996080995E-1,1.767969047E2,1.696281486E-1,-6.580867220E-2,1.767968033E2
5.827820619E1,2.797148234E-2,6.326548173E-4,1.467720722E-3,9.996074438E-1,1.767942861E2,1.701505972E-1,-6.776397951E-2,1.767941814E2
5.828320619E1,2.795472193E-2,6.197777693E-4,1.467779861E-3,9.996079206E-1,1.767962075E2,1.701149812E-1,-6.629162008E-2,1.767961050E2
5.828820619E1,2.794904635E-2,6.150073605E-4,1.456044847E-3,9.996080995E-1,1.767968581E2,1.687551148E-1,-6.578373671E-2,1.767967572E2
5.829320619E1,2.794528464E-2,6.132138078E-4,1.447136165E-3,9.996082187E-1,1.767972893E2,1.677286606E-1,-6.560745539E-2,1.767971893E2
5.829820619E1,2.793714031E-2,6.065667258E-4,1.442492707E-3,9.996084571E-1,1.767982230E2,1.671749501E-1,-6.486228635E-2,1.767981244E2
5.830320619E1,2.795015532E-2,6.168122054E-4,1.433824655E-3,9.996080995E-1,1.767967310E2,1.662157134E-1,-6.606145879E-2,1.767966312E2
5.830820619E1,2.796712547E-2,6.302175461E-4,1.429514494E-3,9.996076226E-1,1.767947856E2,1.657660847E-1,-6.760798721E-2,1.767946839E2
5.831320619E1,2.795447300E-2,6.200175267E-4,1.431375393E-3,9.996079803E-1,1.767962360E2,1.659457120E-1,-6.643574581E-2,1.767961359E2
5.831820619E1,2.794627639E-2,6.134906434E-4,1.427736948E-3,9.996082187E-1,1.767971756E2,1.655074907E-1,-6.570112578E-2,1.767970769E2
5.832320619E1,2.794243105E-2,6.111284019E-4,1.420532120E-3,9.996083379E-1,1.767976164E2,1.646743822E-1,-6.545424582E-2,1.767975186E2
5.832820619E1,2.793427957E-2,6.059582811E-4,1.415284933E-3,9.996085763E-1,1.767985509E2,1.640562475E-1,-6.488016516E-2,1.767984542E2
5.833320619E1,2.794480077E-2,6.137005985E-4,1.414739061E-3,9.996082783E-1,1.767973448E2,1.640191974E-1,-6.576704342E-2,1.767972468E2
5.833820619E1,2.796361122E-2,6.288492586E-4,1.415437902E-3,9.996077418E-1,1.767951884E2,1.641490319E-1,-6.749694566E-2,1.767950879E2
5.834320619E1,2.795535109E-2,6.224315730E-4,1.413061400E-3,9.996079803E-1,1.767961353E2,1.638556924E-1,-6.677079081E-2,1.767960360E2
5.834820619E1,2.793281538E-2,6.044612383E-4,1.402669237E-3,9.996086359E-1,1.767987187E2,1.626062700E-1,-6.474930648E-2,1.767986231E2
5.835320619E1,2.791558902E-2,5.901496042E-4,1.411857433E-3,9.996091127E-1,1.768006935E2,1.636118496E-1,-6.308336390E-2,1.768005997E2
5.835820619E1,2.790929277E-2,5.860568490E-4,1.411436941E-3,9.996092916E-1,1.768014153E2,1.635501956E-1,-6.261692720E-2,1.768013222E2
5.836320619E1,2.792410509E-2,5.970209022E-4,1.409361372E-3,9.996088743E-1,1.767997173E2,1.633484598E-1,-6.387704231E-2,1.767996225E2
5.836820619E1,2.793430813E-2,6.049310905E-4,1.415160601E-3,9.996085763E-1,1.767985476E2,1.640387192E-1,-6.476289715E-2,1.767984511E2
5.837320619E1,2.791982345E-2,5.934275105E-4,1.411154051E-3,9.996089935E-1,1.768002081E2,1.635420347E-1,-6.346039489E-2,1.768001138E2
5.837820619E1,2.790946502E-2,5.854648189E-4,1.408273121E-3,9.996092916E-1,1.768013955E2,1.631859066E-1,-6.255920265E-2,1.768013027E2
5.838320619E1,2.790542617E-2,5.820925580E-4,1.405088347E-3,9.996094108E-1,1.768018585E2,1.628100627E-1,-6.218376455E-2,1.768017665E2
5.838820619E1,2.790763220E-2,5.843862891E-4,1.402724069E-3,9.996093512E-1,1.768016057E2,1.625467146E-1,-6.245370599E-2,1.768015134E2
5.839320619E1,2.792204436E-2,5.957251415E-4,1.408462413E-3,9.996089339E-1,1.767999535E2,1.632412087E-1,-6.373183027E-2,1.767998590E2
5.839820619E1,2.792631125E-2,5.990747595E-4,1.407050295E-3,9.996088147E-1,1.767994644E2,1.630904469E-1,-6.411934046E-2,1.767993694E2
5.840320619E1,2.790768761E-2,5.843551480E-4,1.401634188E-3,9.996093512E-1,1.768015993E2,1.624217759E-1,-6.245361539E-2,1.768015071E2
5.840820619E1,2.788684855E-2,5.675924476E-4,1.398201101E-3,9.996099472E-1,1.768039882E2,1.619736520E-1,-6.054785732E-2,1.768038990E2
5.841320619E1,2.788882766E-2,5.704163923E-4,1.400189125E-3,9.996098876E-1,1.768037613E2,1.622105200E-1,-6.086465713E-2,1.768036715E2
5.841820619E1,2.790793023E-2,5.849206354E-4,1.396558480E-3,9.996093512E-1,1.768015715E2,1.618421921E-1,-6.253458343E-2,1.768014795E2
5.842320619E1,2.791237341E-2,5.878158845E-4,1.391864149E-3,9.996092319E-1,1.768010621E2,1.613140094E-1,-6.288052097E-2,1.768009700E2
5.842820619E1,2.791030304E-2,5.874985945E-4,1.390708378E-3,9.996092916E-1,1.768012995E2,1.611804741E-1,-6.284820712E-2,1.768012074E2
5.843320619E1,2.789360322E-2,5.739713088E-4,1.388666453E-3,9.996097684E-1,1.768032139E2,1.609022856E-1,-6.130791855E-2,1.768031242E2
5.843820619E1,2.788929536E-2,5.705814110E-4,1.390774501E-3,9.996098876E-1,1.768037077E2,1.611326577E-1,-6.091357247E-2,1.768036185E2
5.844320619E1,2.789785705E-2,5.776601611E-4,1.387495780E-3,9.996096492E-1,1.768027262E2,1.607802430E-1,-6.173352285E-2,1.768026360E2
5.844820619E1,2.791482794E-2,5.903276033E-4,1.384362578E-3,9.996091723E-1,1.768007808E2,1.604629161E-1,-6.319183099E-2,1.768006887E2
5.845320619E1,2.792344786E-2,5.977115361E-4,1.379498630E-3,9.996089339E-1,1.767997926E2,1.599299392E-1,-6.405181706E-2,1.767996996E2
5.845820619E1,2.791512924E-2,5.908331950E-4,1.378056942E-3,9.996091723E-1,1.768007462E2,1.597422606E-1,-6.326986785E-2,1.768006544E2
5.846320619E1,2.789201794E-2,5.730850389E-4,1.377927489E-3,9.996098280E-1,1.768033956E2,1.596692379E-1,-6.124097904E-2,1.768033067E2
5.846820619E1,2.789006066E-2,5.714474828E-4,1.374982414E-3,9.996098876E-1,1.768036200E2,1.593265341E-1,-6.106312736E-2,1.768035315E2
5.847320619E1,2.791961734E-2,5.944423610E-4,1.372040948E-3,9.996090531E-1,1.768002317E2,1.590649782E-1,-6.370181687E-2,1.768001397E2
5.847820619E1,2.792568382E-2,5.996667314E-4,1.376576140E-3,9.996088743E-1,1.767995363E2,1.596015772E-1,-6.428477302E-2,1.767994431E2
5.848320619E1,2.788189451E-2,5.656186258E-4,1.369669801E-3,9.996101260E-1,1.768045561E2,1.586988656E-1,-6.041372584E-2,1.768044689E2
5.848820619E1,2.790512200E-2,5.829092697E-4,1.367894234E-3,9.996094704E-1,1.768018934E2,1.585521780E-1,-6.239630464E-2,1.768018035E2
5.849320619E1,2.790790512E-2,5.840132362E-4,1.397439628E-3,9.996093512E-1,1.768015744E2,1.619402213E-1,-6.242782979E-2,1.768014825E2
5.849820619E1,2.788923299E-2,5.704658688E-4,1.392071950E-3,9.996098876E-1,1.768037149E2,1.612809037E-1,-6.089620093E-2,1.768036255E2
5.850320619E1,2.790685918E-2,5.850235466E-4,1.375089982E-3,9.996094108E-1,1.768016943E2,1.593833002E-1,-6.261520093E-2,1.768016036E2
5.850820619E1,2.790405992E-2,5.818645586E-4,1.389829325E-3,9.996094704E-1,1.768020152E2,1.610613719E-1,-6.220666370E-2,1.768019241E2
5.851320619E1,2.792447561E-2,5.970317870E-4,1.401996240E-3,9.996088743E-1,1.767996748E2,1.625048643E-1,-6.390179707E-2,1.767995805E2
5.851820619E1,2.791841481E-2,5.938451504E-4,1.396550448E-3,9.996090531E-1,1.768003696E2,1.618704817E-1,-6.355518616E-2,1.768002761E2
5.852320619E1,2.789128249E-2,5.715802545E-4,1.393352984E-3,9.996098280E-1,1.768034799E2,1.614313293E-1,-6.101942521E-2,1.768033903E2
5.852820619E1,2.789739558E-2,5.757049657E-4,1.397550455E-3,9.996096492E-1,1.768027791E2,1.619256977E-1,-6.147749180E-2,1.768026886E2
5.853320619E1,2.790775908E-2,5.841339007E-4,1.400302746E-3,9.996093512E-1,1.768015911E2,1.622685599E-1,-6.243251868E-2,1.768014990E2
5.853820619E1,2.790573469E-2,5.839037476E-4,1.398192486E-3,9.996094108E-1,1.768018232E2,1.620259732E-1,-6.241323230E-2,1.768017313E2
5.854320619E1,2.789557189E-2,5.755222519E-4,1.391382073E-3,9.996097088E-1,1.768029882E2,1.612184310E-1,-6.147657633E-2,1.768028981E2
5.854820619E1,2.787666551E-2,5.601902376E-4,1.391165890E-3,9.996102452E-1,1.768051556E2,1.611435239E-1,-5.972408110E-2,1.768050680E2
5.855320619E1,2.788692278E-2,5.689949612E-4,1.396149048E-3,9.996099472E-1,1.768039797E2,1.617430820E-1,-6.071505660E-2,1.768038904E2
5.855820619E1,2.787664423E-2,5.607673083E-4,1.391359721E-3,9.996102452E-1,1.768051580E2,1.611675690E-1,-5.978956701E-2,1.768050703E2
5.856320619E1,2.788742596E-2,5.693656858E-4,1.385909622E-3,9.996099472E-1,1.768039220E2,1.605714003E-1,-6.079016324E-2,1.768038332E2
5.856820619E1,2.790447564E-2,5.825439002E-4,1.381171052E-3,9.996094704E-1,1.768019675E2,1.600717902E-1,-6.231209981E-2,1.768018769E2
5.857320619E1,2.788962025E-2,5.713062710E-4,1.383945113E-3,9.996098876E-1,1.768036705E2,1.603527074E-1,-6.101837734E-2,1.768035815E2
5.857820619E1,2.787490427E-2,5.598675925E-4,1.383738825E-3,9.996103048E-1,1.768053575E2,1.602916386E-1,-5.971113144E-2,1.768052704E2
5.858320619E1,2.787522967E-2,5.588080385E-4,1.377598266E-3,9.996103048E-1,1.768053202E2,1.595848895E-1,-5.960932573E-2,1.768052336E2
5.858820619E1,2.787334918E-2,5.577654229E-4,1.372812199E-3,9.996103644E-1,1.768055357E2,1.590332165E-1,-5.950548489E-2,1.768054496E2
5.859320619E1,2.788983699E-2,5.704278592E-4,1.379933674E-3,9.996098876E-1,1.768036456E2,1.598904141E-1,-6.093054392E-2,1.768035570E2
5.859820619E1,2.788359235E-2,5.663887132E-4,1.378261717E-3,9.996100664E-1,1.768043615E2,1.596856086E-1,-6.047421353E-2,1.768042737E2
5.860320619E1,2.788387936E-2,5.657012807E-4,1.372726518E-3,9.996100664E-1,1.768043286E2,1.590493879E-1,-6.041311131E-2,1.768042412E2
5.860820619E1,2.787755519E-2,5.621529999E-4,1.372419763E-3,9.996102452E-1,1.768050536E2,1.590025318E-1,-6.000865287E-2,1.768049668E2
5.861320619E1,2.786266059E-2,5.503786379E-4,1.375762979E-3,9.996106625E-1,1.768067610E2,1.593469972E-1,-5.865162996E-2,1.768066760E2
5.861820619E1,2.787517608E-2,5.586692714E-4,1.378738554E-3,9.996103048E-1,1.768053263E2,1.597150598E-1,-5.958979647E-2,1.768052397E2
5.862320619E1,2.789200681E-2,5.721991183E-4,1.378520741E-3,9.996098280E-1,1.768033969E2,1.597343608E-1,-6.113760518E-2,1.768033081E2
5.862820619E1,2.789004422E-2,5.711728591E-4,1.375429914E-3,9.996098876E-1,1.768036219E2,1.593769152E-1,-6.103024245E-2,1.768035334E2
5.863320619E1,2.787929284E-2,5.620487500E-4,1.380554284E-3,9.996101856E-1,1.768048544E2,1.599340894E-1,-5.997044662E-2,1.768047671E2
5.863820619E1,2.787514319E-2,5.594611866E-4,1.379082329E-3,9.996103048E-1,1.768053301E2,1.597569661E-1,-5.967941505E-2,1.768052433E2
5.864320619E1,2.788586823E-2,5.675092107E-4,1.374981250E-3,9.996100068E-1,1.768041006E2,1.593135589E-1,-6.061268246E-2,1.768040128E2
5.864820619E1,2.789659057E-2,5.763537483E-4,1.370456652E-3,9.996097088E-1,1.768028714E2,1.588242052E-1,-6.163855187E-2,1.768027825E2
5.865320619E1,2.790291893E-2,5.812575691E-4,1.369979582E-3,9.996095300E-1,1.768021460E2,1.587856294E-1,-6.220078902E-2,1.768020562E2
5.865820619E1,2.789457183E-2,5.752773141E-4,1.368523343E-3,9.996097684E-1,1.768031028E2,1.585991846E-1,-6.152175041E-2,1.768030142E2
5.866320619E1,2.787810297E-2,5.621957243E-4,1.361229690E-3,9.996102452E-1,1.768049908E2,1.577209099E-1,-6.004920845E-2,1.768049047E2
5.866820619E1,2.787155641E-2,5.569125642E-4,1.366140088E-3,9.996104240E-1,1.768057412E2,1.582661140E-1,-5.942938805E-2,1.768056557E2
5.867320619E1,2.787572721E-2,5.603268510E-4,1.366871991E-3,9.996103048E-1,1.768052631E2,1.583611066E-1,-5.981748576E-2,1.768051770E2
5.867820619E1,2.789477275E-2,5.751398858E-4,1.364479889E-3,9.996097684E-1,1.768030798E2,1.581355917E-1,-6.151890185E-2,1.768029914E2
5.868320619E1,2.789673356E-2,5.767879775E-4,1.367359888E-3,9.996097088E-1,1.768028550E2,1.584708768E-1,-6.169816855E-2,1.768027662E2
5.868820619E1,2.787149334E-2,5.569379427E-4,1.367415884E-3,9.996104240E-1,1.768057485E2,1.584123301E-1,-5.942823027E-2,1.768056628E2
5.869320619E1,2.785865913E-2,5.468764575E-4,1.371571212E-3,9.996107817E-1,1.768072197E2,1.588554260E-1,-5.826448567E-2,1.768071355E2
5.869820619E1,2.786506338E-2,5.514892982E-4,1.369949314E-3,9.996106029E-1,1.768064856E2,1.586847458E-1,-5.879703384E-2,1.768064007E2
5.870320619E1,2.786957575E-2,5.561180878E-4,1.363255084E-3,9.996104836E-1,1.768059683E2,1.579329896E-1,-5.934791065E-2,1.768058830E2
5.870820619E1,2.787163790E-2,5.573817180E-4,1.364285010E-3,9.996104240E-1,1.768057319E2,1.580551234E-1,-5.948904029E-2,1.768056464E2
5.871320619E1,2.787137144E-2,5.566186155E-4,1.370028011E-3,9.996104240E-1,1.768057624E2,1.587105147E-1,-5.938332872E-2,1.768056767E2
5.871820619E1,2.786299078E-2,5.501108244E-4,1.369167003E-3,9.996106625E-1,1.768067232E2,1.585906107E-1,-5.864196074E-2,1.768066385E2
5.872320619E1,2.785700706E-2,5.461205728E-4,1.361953327E-3,9.996108413E-1,1.768074091E2,1.577512145E-1,-5.820886673E-2,1.768073256E2
5.872820619E1,2.786496645E-2,5.515865050E-4,1.371880295E-3,9.996106029E-1,1.768064967E2,1.589062390E-1,-5.880201801E-2,1.768064117E2
5.873320619E1,2.787134106E-2,5.558630219E-4,1.370952465E-3,9.996104240E-1,1.768057659E2,1.588139931E-1,-5.929382998E-2,1.768056803E2
5.873820619E1,2.787550827E-2,5.595762632E-4,1.371636288E-3,9.996103048E-1,1.768052882E2,1.589044325E-1,-5.971632391E-2,1.768052019E2
5.874320619E1,2.786705825E-2,5.531818024E-4,1.372179249E-3,9.996105433E-1,1.768062569E2,1.589457011E-1,-5.898346725E-2,1.768061716E2
5.874820619E1,2.786052768E-2,5.479923566E-4,1.376602566E-3,9.996107221E-1,1.768070055E2,1.594354254E-1,-5.837594814E-2,1.768069208E2
5.875320619E1,2.786068207E-2,5.481413682E-4,1.373414765E-3,9.996107221E-1,1.768069878E2,1.590707565E-1,-5.840316999E-2,1.768069033E2
5.875820619E1,2.785882217E-2,5.466789589E-4,1.368334517E-3,9.996107817E-1,1.768072010E2,1.584840505E-1,-5.825216995E-2,1.768071170E2
5.876320619E1,2.785896016E-2,5.475266371E-4,1.365182572E-3,9.996107817E-1,1.768071852E2,1.581257183E-1,-5.835930960E-2,1.768071012E2
5.876820619E1,2.786315596E-2,5.511649069E-4,1.365376404E-3,9.996106625E-1,1.768067042E2,1.581597836E-1,-5.877477977E-2,1.768066197E2
5.877320619E1,2.786739347E-2,5.530685303E-4,1.365400269E-3,9.996105433E-1,1.768062185E2,1.581688459E-1,-5.899208735E-2,1.768061336E2
5.877820619E1,2.785893507E-2,5.478199455E-4,1.365576754E-3,9.996107817E-1,1.768071881E2,1.581718058E-1,-5.839165274E-2,1.768071040E2
5.878320619E1,2.785248614E-2,5.423790426E-4,1.368401339E-3,9.996109605E-1,1.768079274E2,1.584776106E-1,-5.776041869E-2,1.768078440E2
5.878820619E1,2.784834436E-2,5.383300595E-4,1.367213321E-3,9.996110797E-1,1.768084022E2,1.583283650E-1,-5.730106768E-2,1.768083196E2
5.879320619E1,2.786317374E-2,5.506873131E-4,1.365206321E-3,9.996106625E-1,1.768067022E2,1.581387771E-1,-5.872061309E-2,1.768066177E2
5.879820619E1,2.786749066E-2,5.539747071E-4,1.363047166E-3,9.996105433E-1,1.768062073E2,1.579022043E-1,-5.910338633E-2,1.768061224E2
5.880320619E1,2.786111153E-2,5.490630283E-4,1.364304568E-3,9.996107221E-1,1.768069386E2,1.580301765E-1,-5.853776149E-2,1.768068544E2
5.880820619E1,2.785864096E-2,5.457826774E-4,1.372375642E-3,9.996107817E-1,1.768072218E2,1.589440781E-1,-5.813663123E-2,1.768071377E2
5.881320619E1,2.785866039E-2,5.470286706E-4,1.371484948E-3,9.996107817E-1,1.768072196E2,1.588460307E-1,-5.828219640E-2,1.768071353E2
5.881820619E1,2.785668404E-2,5.447336007E-4,1.369097037E-3,9.996108413E-1,1.768074462E2,1.585650601E-1,-5.802723988E-2,1.768073624E2
5.882320619E1,2.786504893E-2,5.514543736E-4,1.370257116E-3,9.996106029E-1,1.768064872E2,1.587198913E-1,-5.879205276E-2,1.768064023E2
5.882820619E1,2.787349371E-2,5.578027340E-4,1.369859325E-3,9.996103644E-1,1.768055192E2,1.586951008E-1,-5.951916771E-2,1.768054332E2
5.883320619E1,2.786711765E-2,5.526507157E-4,1.371186459E-3,9.996105433E-1,1.768062501E2,1.588302873E-1,-5.892579384E-2,1.768061649E2
5.883820619E1,2.784810339E-2,5.383309908E-4,1.372112427E-3,9.996110797E-1,1.768084298E2,1.588895333E-1,-5.728557829E-2,1.768083469E2
5.884320619E1,2.784366851E-2,5.352607695E-4,1.376462518E-3,9.996111989E-1,1.768089382E2,1.593777736E-1,-5.692071850E-2,1.768088556E2
5.884820619E1,2.785436433E-2,5.438860971E-4,1.373105799E-3,9.996109009E-1,1.768077121E2,1.590214127E-1,-5.791773304E-2,1.768076282E2
5.885320619E1,2.786658687E-2,5.529688206E-4,1.381804352E-3,9.996105433E-1,1.768063109E2,1.600475218E-1,-5.892840932E-2,1.768062251E2
5.885820619E1,2.786418597E-2,5.497614038E-4,1.388366334E-3,9.996106029E-1,1.768065862E2,1.607887950E-1,-5.854044088E-2,1.768065005E2
5.886320619E1,2.785786335E-2,5.454507773E-4,1.388201257E-3,9.996107817E-1,1.768073110E2,1.607557538E-1,-5.804821560E-2,1.768072260E2
5.886820619E1,2.785592222E-2,5.435431958E-4,1.384978415E-3,9.996108413E-1,1.768075335E2,1.603803838E-1,-5.784030783E-2,1.768074490E2
5.887320619E1,2.785184039E-2,5.416600034E-4,1.381764305E-3,9.996109605E-1,1.768080014E2,1.600059693E-1,-5.763550706E-2,1.768079174E2
5.887820619E1,2.786471012E-2,5.509140319E-4,1.377346111E-3,9.996106029E-1,1.768065261E2,1.595301704E-1,-5.870757584E-2,1.768064408E2
5.888320619E1,2.787927140E-2,5.621347809E-4,1.380952192E-3,9.996101856E-1,1.768048568E2,1.599799421E-1,-5.997903338E-2,1.768047695E2
5.888820619E1,2.787695971E-2,5.601072335E-4,1.385291573E-3,9.996102452E-1,1.768051218E2,1.604703898E-1,-5.973329164E-2,1.768050346E2
5.889320619E1,2.785795569E-2,5.454678903E-4,1.386340358E-3,9.996107817E-1,1.768073004E2,1.605426530E-1,-5.805610169E-2,1.768072155E2
5.889820619E1,2.785794058E-2,5.449664313E-4,1.386841061E-3,9.996107817E-1,1.768073021E2,1.605984052E-1,-5.799706507E-2,1.768072173E2
5.890320619E1,2.787064983E-2,5.565166357E-4,1.384671195E-3,9.996104240E-1,1.768058452E2,1.603874819E-1,-5.932499396E-2,1.768057586E2
5.890820619E1,2.788118979E-2,5.642391625E-4,1.384504023E-3,9.996101260E-1,1.768046369E2,1.603936334E-1,-6.020842852E-2,1.768045491E2
5.891320619E1,2.788543878E-2,5.667714286E-4,1.383965602E-3,9.996100068E-1,1.768041498E2,1.603403071E-1,-6.049953050E-2,1.768040616E2
5.891820619E1,2.788318776E-2,5.654342822E-4,1.386812422E-3,9.996100664E-1,1.768044079E2,1.606619933E-1,-6.033762924E-2,1.768043197E2
5.892320619E1,2.787702790E-2,5.600170116E-4,1.383955125E-3,9.996102452E-1,1.768051140E2,1.603170193E-1,-5.972721542E-2,1.768050269E2
5.892820619E1,2.787689272E-2,5.597365671E-4,1.386788674E-3,9.996102452E-1,1.768051295E2,1.606406904E-1,-5.968606114E-2,1.768050423E2
5.893320619E1,2.787915240E-2,5.620239535E-4,1.383397612E-3,9.996101856E-1,1.768048705E2,1.602596969E-1,-5.995854485E-2,1.768047831E2
5.893820619E1,2.789992453E-2,5.788253620E-4,1.388379955E-3,9.996095896E-1,1.768024892E2,1.608853759E-1,-6.186383353E-2,1.768023988E2
5.894320619E1,2.790007128E-2,5.785341491E-4,1.385549316E-3,9.996095896E-1,1.768024724E2,1.605602124E-1,-6.183950252E-2,1.768023822E2
5.894820619E1,2.788784477E-2,5.692265113E-4,1.377513981E-3,9.996099472E-1,1.768038740E2,1.596092844E-1,-6.080098478E-2,1.768037858E2
5.895320619E1,2.788370035E-2,5.667947698E-4,1.375907916E-3,9.996100664E-1,1.768043491E2,1.594172914E-1,-6.052822998E-2,1.768042614E2
5.895820619E1,2.789642551E-2,5.759448977E-4,1.373984036E-3,9.996097088E-1,1.768028903E2,1.592269396E-1,-6.158046925E-2,1.768028012E2
5.896320619E1,2.790495188E-2,5.826579290E-4,1.371467020E-3,9.996094704E-1,1.768019129E2,1.589606159E-1,-6.235611641E-2,1.768018229E2
5.896820619E1,2.789851084E-2,5.785824615E-4,1.373899169E-3,9.996096492E-1,1.768026513E2,1.592257797E-1,-6.188253303E-2,1.768025618E2
5.897320619E1,2.789620721E-2,5.763174850E-4,1.378253335E-3,9.996097088E-1,1.768029154E2,1.597171532E-1,-6.160953478E-2,1.768028259E2
5.897820619E1,2.788769688E-2,5.689061945E-4,1.380636939E-3,9.996099472E-1,1.768038910E2,1.599659775E-1,-6.075433680E-2,1.768038026E2
5.898320619E1,2.788560535E-2,5.675109569E-4,1.380301546E-3,9.996100068E-1,1.768041307E2,1.599229734E-1,-6.059592312E-2,1.768040426E2
5.898820619E1,2.788105786E-2,5.636474234E-4,1.387398806E-3,9.996101260E-1,1.768046520E2,1.607233240E-1,-6.013141890E-2,1.768045641E2
5.899320619E1,2.788695231E-2,5.676902365E-4,1.396090374E-3,9.996099472E-1,1.768039763E2,1.617321932E-1,-6.056578717E-2,1.768038872E2
5.899820619E1,2.789516896E-2,5.746879615E-4,1.399779692E-3,9.996097088E-1,1.768030344E2,1.621776622E-1,-6.135423176E-2,1.768029439E2
5.900320619E1,2.788693664E-2,5.684528151E-4,1.396093052E-3,9.996099472E-1,1.768039781E2,1.617349360E-1,-6.065313215E-2,1.768038889E2
5.900820619E1,2.787846198E-2,5.618584692E-4,1.397308428E-3,9.996101856E-1,1.768049496E2,1.618525714E-1,-5.989525854E-2,1.768048614E2
5.901320619E1,2.787652514E-2,5.609193468E-4,1.393682673E-3,9.996102452E-1,1.768051716E2,1.614341351E-1,-5.979958106E-2,1.768050838E2
5.901820619E1,2.788099702E-2,5.644642515E-4,1.388289034E-3,9.996101260E-1,1.768046590E2,1.608279033E-1,-6.022214952E-2,1.768045709E2
5.902320619E1,2.788953247E-2,5.699107423E-4,1.386287389E-3,9.996098876E-1,1.768036805E2,1.606165427E-1,-6.085105205E-2,1.768035917E2
5.902820619E1,2.788724342E-2,5.678313319E-4,1.390205580E-3,9.996099472E-1,1.768039429E2,1.610585753E-1,-6.060070835E-2,1.768038542E2
5.903320619E1,2.788515511E-2,5.676504807E-4,1.389310812E-3,9.996100068E-1,1.768041823E2,1.609553776E-1,-6.058318810E-2,1.768040936E2
5.903820619E1,2.788117775E-2,5.645326455E-4,1.384626725E-3,9.996101260E-1,1.768046383E2,1.604086256E-1,-6.024165599E-2,1.768045504E2
5.904320619E1,2.787291431E-2,5.567679764E-4,1.382015646E-3,9.996103644E-1,1.768055856E2,1.600842334E-1,-5.936190300E-2,1.768054991E2
5.904820619E1,2.787258877E-2,5.578212440E-4,1.388142933E-3,9.996103644E-1,1.768056229E2,1.607894420E-1,-5.946303283E-2,1.768055359E2
5.905320619E1,2.788733029E-2,5.692912964E-4,1.387864002E-3,9.996099472E-1,1.768039330E2,1.607950255E-1,-6.077541184E-2,1.768038441E2
5.905820619E1,2.788731111E-2,5.692766863E-4,1.388255274E-3,9.996099472E-1,1.768039352E2,1.608397967E-1,-6.077249097E-2,1.768038463E2
5.906320619E1,2.788959527E-2,5.705329822E-4,1.384767122E-3,9.996098876E-1,1.768036733E2,1.604443930E-1,-6.092717638E-2,1.768035844E2
5.906820619E1,2.788537204E-2,5.673980340E-4,1.385053154E-3,9.996100068E-1,1.768041575E2,1.604668815E-1,-6.056784163E-2,1.768040691E2
5.907320619E1,2.788341209E-2,5.651095998E-4,1.382427290E-3,9.996100664E-1,1.768043822E2,1.601586649E-1,-6.031441362E-2,1.768042943E2
5.907820619E1,2.788535991E-2,5.671561230E-4,1.385396463E-3,9.996100068E-1,1.768041589E2,1.605054327E-1,-6.053903637E-2,1.768040705E2
5.908320619E1,2.789590221E-2,5.757778999E-4,1.384637319E-3,9.996097088E-1,1.768029503E2,1.604466763E-1,-6.152736789E-2,1.768028606E2
5.908820619E1,2.790605530E-2,5.835824413E-4,1.391913625E-3,9.996094108E-1,1.768017864E2,1.613057405E-1,-6.239645485E-2,1.768016949E2
5.909320619E1,2.789541230E-2,5.754495505E-4,1.394607825E-3,9.996097088E-1,1.768030065E2,1.615876894E-1,-6.145796268E-2,1.768029162E2
5.909820619E1,2.788275204E-2,5.652069231E-4,1.395637402E-3,9.996100664E-1,1.768044578E2,1.616721169E-1,-6.028345823E-2,1.768043691E2
5.910320619E1,2.787824318E-2,5.605425104E-4,1.402193913E-3,9.996101856E-1,1.768049747E2,1.624079726E-1,-5.972894727E-2,1.768048864E2
5.910820619E1,2.789522806E-2,5.742622889E-4,1.398776309E-3,9.996097088E-1,1.768030276E2,1.620613704E-1,-6.130867018E-2,1.768029373E2
5.911320619E1,2.790583350E-2,5.838676589E-4,1.396234147E-3,9.996094108E-1,1.768018119E2,1.618015420E-1,-6.241534494E-2,1.768017201E2
5.911820619E1,2.789339910E-2,5.732193240E-4,1.393070095E-3,9.996097684E-1,1.768032373E2,1.614042938E-1,-6.120773791E-2,1.768031474E2
5.912320619E1,2.788924181E-2,5.695762811E-4,1.392259495E-3,9.996098876E-1,1.768037139E2,1.612995437E-1,-6.079370062E-2,1.768036247E2
5.912820619E1,2.788488191E-2,5.667792284E-4,1.395137631E-3,9.996100068E-1,1.768042137E2,1.616200225E-1,-6.046481345E-2,1.768041248E2
5.913320619E1,2.788913490E-2,5.701960181E-4,1.394146122E-3,9.996098876E-1,1.768037261E2,1.615176257E-1,-6.085867724E-2,1.768036367E2
5.913820619E1,2.790371641E-2,5.811537267E-4,1.397004933E-3,9.996094704E-1,1.768020545E2,1.618810225E-1,-6.210235060E-2,1.768019632E2
5.914320619E1,2.791619793E-2,5.921242409E-4,1.398931723E-3,9.996091127E-1,1.768006237E2,1.621376033E-1,-6.335080264E-2,1.768005304E2
5.914820619E1,2.790995813E-2,5.865790881E-4,1.397999353E-3,9.996092916E-1,1.768013390E2,1.620126712E-1,-6.271961717E-2,1.768012467E2
5.915320619E1,2.789317420E-2,5.725797964E-4,1.397828106E-3,9.996097684E-1,1.768032631E2,1.619472522E-1,-6.111930977E-2,1.768031730E2
5.915820619E1,2.788672853E-2,5.681411712E-4,1.400370384E-3,9.996099472E-1,1.768040020E2,1.622238836E-1,-6.060379902E-2,1.768039125E2
5.916320619E1,2.790582720E-2,5.832209135E-4,1.396630192E-3,9.996094108E-1,1.768018126E2,1.618448391E-1,-6.233999684E-2,1.768017209E2
5.916820619E1,2.792078160E-2,5.947468453E-4,1.391504426E-3,9.996089935E-1,1.768000983E2,1.612955105E-1,-6.367423431E-2,1.768000050E2
5.917320619E1,2.791037777E-2,5.874808994E-4,1.389215118E-3,9.996092916E-1,1.768012909E2,1.610093737E-1,-6.285094417E-2,1.768011990E2
5.917820619E1,2.789146383E-2,5.727894022E-4,1.389220357E-3,9.996098280E-1,1.768034591E2,1.609618247E-1,-6.117110881E-2,1.768033696E2
5.918320619E1,2.788747146E-2,5.690315738E-4,1.385131152E-3,9.996099472E-1,1.768039168E2,1.604811638E-1,-6.075437225E-2,1.768038281E2
5.918820619E1,2.788754976E-2,5.683315685E-4,1.383841503E-3,9.996099472E-1,1.768039078E2,1.603312058E-1,-6.067829767E-2,1.768038194E2
5.919320619E1,2.789404642E-2,5.750787677E-4,1.379274065E-3,9.996097684E-1,1.768031631E2,1.598299819E-1,-6.146472607E-2,1.768030738E2
5.919820619E1,2.789816895E-2,5.783865345E-4,1.380906207E-3,9.996096492E-1,1.768026905E2,1.600277681E-1,-6.183774325E-2,1.768026005E2
5.920320619E1,2.789611292E-2,5.758197512E-4,1.380368252E-3,9.996097088E-1,1.768029262E2,1.599578139E-1,-6.154577515E-2,1.768028367E2
5.920820619E1,2.788161442E-2,5.646243226E-4,1.375768217E-3,9.996101260E-1,1.768045882E2,1.593942279E-1,-6.028039096E-2,1.768045009E2
5.921320619E1,2.788368280E-2,5.669054808E-4,1.376217930E-3,9.996100664E-1,1.768043511E2,1.594531553E-1,-6.053992378E-2,1.768042633E2
5.921820619E1,2.789405134E-2,5.743245129E-4,1.379488735E-3,9.996097684E-1,1.768031625E2,1.598521609E-1,-6.137764156E-2,1.768030733E2
5.922320619E1,2.790882421E-2,5.853052717E-4,1.378414338E-3,9.996093512E-1,1.768014690E2,1.597651196E-1,-6.263652634E-2,1.768013781E2
5.922820619E1,2.790035175E-2,5.788244889E-4,1.379768364E-3,9.996095896E-1,1.768024403E2,1.598989668E-1,-6.189119807E-2,1.768023503E2
5.923320619E1,2.789184194E-2,5.719172186E-4,1.381969312E-3,9.996098280E-1,1.768034158E2,1.601284735E-1,-6.109431826E-2,1.768033268E2
5.923820619E1,2.789176071E-2,5.723235081E-4,1.383439754E-3,9.996098280E-1,1.768034251E2,1.602982021E-1,-6.113617056E-2,1.768033360E2
5.924320619E1,2.789402227E-2,5.745511735E-4,1.379982103E-3,9.996097684E-1,1.768031658E2,1.599093976E-1,-6.140203241E-2,1.768030766E2
5.924820619E1,2.789651678E-2,5.762094515E-4,1.372018480E-3,9.996097088E-1,1.768028799E2,1.590026422E-1,-6.161704200E-2,1.768027908E2
5.925320619E1,2.789642821E-2,5.763167283E-4,1.373773208E-3,9.996097088E-1,1.768028900E2,1.592039788E-1,-6.162373481E-2,1.768028009E2
5.925820619E1,2.788994428E-2,5.705230869E-4,1.377724227E-3,9.996098876E-1,1.768036333E2,1.596376393E-1,-6.094849629E-2,1.768035449E2
5.926320619E1,2.788580643E-2,5.670827231E-4,1.376409666E-3,9.996100068E-1,1.768041077E2,1.594758132E-1,-6.055927488E-2,1.768040199E2
5.926820619E1,2.788389321E-2,5.672168918E-4,1.371819410E-3,9.996100664E-1,1.768043270E2,1.589503252E-1,-6.058961619E-2,1.768042394E2
5.927320619E1,2.789013501E-2,5.708981189E-4,1.373701845E-3,9.996098876E-1,1.768036115E2,1.591780973E-1,-6.100428037E-2,1.768035232E2
5.927820619E1,2.788800027E-2,5.699109752E-4,1.374078682E-3,9.996099472E-1,1.768038562E2,1.592179776E-1,-6.089034176E-2,1.768037680E2
5.928320619E1,2.788369587E-2,5.656727008E-4,1.376460423E-3,9.996100664E-1,1.768043496E2,1.594769937E-1,-6.039793571E-2,1.768042620E2
5.928820619E1,2.788143492E-2,5.642090691E-4,1.379570924E-3,9.996101260E-1,1.768046088E2,1.598284795E-1,-6.022070368E-2,1.768045213E2
5.929320619E1,2.788107190E-2,5.630683154E-4,1.387351891E-3,9.996101260E-1,1.768046504E2,1.607161004E-1,-6.006523151E-2,1.768045626E2
5.929820619E1,2.788125226E-2,5.638478906E-4,1.383404946E-3,9.996101260E-1,1.768046298E2,1.602664908E-1,-6.016711112E-2,1.768045420E2
5.930320619E1,2.787308551E-2,5.574227544E-4,1.378293848E-3,9.996103644E-1,1.768055660E2,1.596600136E-1,-5.944876622E-2,1.768054796E2
5.930820619E1,2.787284150E-2,5.577708362E-4,1.383079216E-3,9.996103644E-1,1.768055939E2,1.602092614E-1,-5.947339204E-2,1.768055072E2
5.931320619E1,2.787289058E-2,5.574735114E-4,1.382209710E-3,9.996103644E-1,1.768055883E2,1.601087152E-1,-5.944210382E-2,1.768055017E2
5.931820619E1,2.787096184E-2,5.559537094E-4,1.378603978E-3,9.996104240E-1,1.768058094E2,1.596907197E-1,-5.927984030E-2,1.768057233E2
5.932320619E1,2.786244391E-2,5.499429535E-4,1.380318077E-3,9.996106625E-1,1.768067859E2,1.598673672E-1,-5.858721426E-2,1.768067006E2
5.932820619E1,2.785592649E-2,5.448600859E-4,1.384374918E-3,9.996108413E-1,1.768075330E2,1.603154591E-1,-5.799307939E-2,1.768074483E2
5.933320619E1,2.785397828E-2,5.426071584E-4,1.381417853E-3,9.996109009E-1,1.768077563E2,1.599694308E-1,-5.774476447E-2,1.768076722E2
5.933820619E1,2.785845238E-2,5.462180125E-4,1.376025728E-3,9.996107817E-1,1.768072434E2,1.593635643E-1,-5.817487489E-2,1.768071590E2
5.934320619E1,2.785847893E-2,5.462720874E-4,1.375466702E-3,9.996107817E-1,1.768072404E2,1.592997035E-1,-5.818284943E-2,1.768071560E2
5.934820619E1,2.785642785E-2,5.450051976E-4,1.374192070E-3,9.996108413E-1,1.768074755E2,1.591495343E-1,-5.804212677E-2,1.768073914E2
5.935320619E1,2.784392875E-2,5.356508773E-4,1.371035818E-3,9.996111989E-1,1.768089084E2,1.587574194E-1,-5.698267801E-2,1.768088260E2
5.935820619E1,2.783760088E-2,5.291354028E-4,1.371690072E-3,9.996113777E-1,1.768096338E2,1.588112161E-1,-5.623526752E-2,1.768095524E2
5.936320619E1,2.783768480E-2,5.292043788E-4,1.369959209E-3,9.996113777E-1,1.768096242E2,1.586131752E-1,-5.624867673E-2,1.768095429E2
5.936820619E1,2.785234486E-2,5.412985338E-4,1.371700666E-3,9.996109605E-1,1.768079436E2,1.588520824E-1,-5.762614148E-2,1.768078602E2
5.937320619E1,2.785852769E-2,5.468182499E-4,1.374261454E-3,9.996107817E-1,1.768072348E2,1.591633922E-1,-5.824925061E-2,1.768071504E2
5.937820619E1,2.784820736E-2,5.376962363E-4,1.370250015E-3,9.996110797E-1,1.768084179E2,1.586741793E-1,-5.721879596E-2,1.768083352E2
5.938320619E1,2.783742720E-2,5.297044409E-4,1.374991145E-3,9.996113777E-1,1.768096537E2,1.591911506E-1,-5.628994626E-2,1.768095720E2
5.938820619E1,2.784956121E-2,5.382297677E-4,1.385917421E-3,9.996110201E-1,1.768082627E2,1.604706181E-1,-5.722969434E-2,1.768081790E2
5.939320619E1,2.786969616E-2,5.551524227E-4,1.404275186E-3,9.996104240E-1,1.768059545E2,1.626286505E-1,-5.910627085E-2,1.768058670E2
5.939820619E1,2.788964268E-2,5.711978883E-4,1.383537776E-3,9.996098876E-1,1.768036679E2,1.603057030E-1,-6.100726069E-2,1.768035790E2
5.940320619E1,2.785661869E-2,5.463484558E-4,1.325572608E-3,9.996109009E-1,1.768074536E2,1.535846085E-1,-5.835116656E-2,1.768073722E2
5.940820619E1,2.785989021E-2,5.478555104E-4,1.345935278E-3,9.996107817E-1,1.768070786E2,1.559220984E-1,-5.845828274E-2,1.768069957E2
5.941320619E1,2.786376193E-2,5.507004680E-4,1.396480831E-3,9.996106029E-1,1.768066348E2,1.617212619E-1,-5.862216611E-2,1.768065484E2
5.941820619E1,2.784535809E-2,5.361020449E-4,1.385214622E-3,9.996111393E-1,1.768087445E2,1.603830840E-1,-5.698888735E-2,1.768086612E2
5.942320619E1,2.783066795E-2,5.258818856E-4,1.339499257E-3,9.996116161E-1,1.768104285E2,1.551130778E-1,-5.596635243E-2,1.768103495E2
5.942820619E1,2.786749226E-2,5.537846591E-4,1.363091636E-3,9.996105433E-1,1.768062071E2,1.579066914E-1,-5.908147464E-2,1.768061223E2
5.943320619E1,2.786175161E-2,5.488246679E-4,1.394662773E-3,9.996106625E-1,1.768068652E2,1.615069011E-1,-5.841342885E-2,1.768067793E2
5.943820619E1,2.781917979E-2,5.154307582E-4,1.359647140E-3,9.996119142E-1,1.768117455E2,1.573870022E-1,-5.470675869E-2,1.768116670E2
5.944320619E1,2.784575001E-2,5.373736494E-4,1.332841115E-3,9.996111989E-1,1.768086996E2,1.543879219E-1,-5.730160544E-2,1.768086191E2
5.944820619E1,2.785470749E-2,5.433409824E-4,1.366343698E-3,9.996109009E-1,1.768076727E2,1.582451126E-1,-5.787682183E-2,1.768075894E2
5.945320619E1,2.786011442E-2,5.479901447E-4,1.384941861E-3,9.996107221E-1,1.768070529E2,1.603906374E-1,-5.834913647E-2,1.768069677E2
5.945820619E1,2.786553785E-2,5.531999632E-4,1.359569374E-3,9.996106029E-1,1.768064312E2,1.575012434E-1,-5.902605567E-2,1.768063466E2
5.946320619E1,2.784050399E-2,5.332474830E-4,1.354506589E-3,9.996113181E-1,1.768093010E2,1.568561777E-1,-5.676065461E-2,1.768092199E2
5.946820619E1,2.781610962E-2,5.125966272E-4,1.379565569E-3,9.996119738E-1,1.768120974E2,1.596594033E-1,-5.431910909E-2,1.768120183E2
5.947320619E1,2.785192558E-2,5.408369470E-4,1.380368834E-3,9.996109605E-1,1.768079916E2,1.598434998E-1,-5.754566869E-2,1.768079079E2
5.947820619E1,2.786171713E-2,5.488200695E-4,1.351979328E-3,9.996107221E-1,1.768068692E2,1.566176143E-1,-5.854918763E-2,1.768067858E2
5.948320619E1,2.784728699E-2,5.389034632E-4,1.344761229E-3,9.996111393E-1,1.768085234E2,1.557583086E-1,-5.743856482E-2,1.768084420E2
5.948820619E1,2.786511155E-2,5.523768486E-4,1.368611120E-3,9.996106029E-1,1.768064801E2,1.585342965E-1,-5.890296551E-2,1.768063951E2
5.949320619E1,2.784585883E-2,5.360185169E-4,1.375144464E-3,9.996111393E-1,1.768086871E2,1.592293368E-1,-5.701137287E-2,1.768086044E2
5.949820619E1,2.781750597E-2,5.140115973E-4,1.350579201E-3,9.996119738E-1,1.768119374E2,1.563436781E-1,-5.457336760E-2,1.768118596E2
5.950320619E1,2.784262060E-2,5.335527821E-4,1.354867476E-3,9.996112585E-1,1.768090583E2,1.568986107E-1,-5.679414214E-2,1.768089772E2
5.950820619E1,2.786485736E-2,5.508750910E-4,1.374379732E-3,9.996106029E-1,1.768065092E2,1.591902643E-1,-5.871256391E-2,1.768064241E2
5.951320619E1,2.785266330E-2,5.419639056E-4,1.364955446E-3,9.996109605E-1,1.768079071E2,1.580815781E-1,-5.772383639E-2,1.768078240E2
5.951820619E1,2.785583135E-2,5.457475781E-4,1.342260512E-3,9.996109009E-1,1.768075439E2,1.554941976E-1,-5.822918887E-2,1.768074615E2
5.952320619E1,2.785532802E-2,5.450145691E-4,1.352961175E-3,9.996109009E-1,1.768076016E2,1.567175598E-1,-5.811114589E-2,1.768075187E2
5.952820619E1,2.784446371E-2,5.349204876E-4,1.360415481E-3,9.996111989E-1,1.768088470E2,1.575385886E-1,-5.693281673E-2,1.768087654E2
5.953320619E1,2.787000438E-2,5.552448565E-4,1.354822307E-3,9.996104836E-1,1.768059192E2,1.569642751E-1,-5.927474918E-2,1.768058345E2
5.953820619E1,2.788283158E-2,5.660612951E-4,1.350273611E-3,9.996101260E-1,1.768044487E2,1.564785583E-1,-6.052625870E-2,1.768043626E2
5.954320619E1,2.786759982E-2,5.535914679E-4,1.360969502E-3,9.996105433E-1,1.768061948E2,1.576629962E-1,-5.906610518E-2,1.768061101E2
5.954820619E1,2.785060844E-2,5.404814729E-4,1.363820978E-3,9.996110201E-1,1.768081426E2,1.579467779E-1,-5.755797381E-2,1.768080599E2
5.955320619E1,2.785352380E-2,5.435693893E-4,1.346634934E-3,9.996109605E-1,1.768078084E2,1.559881884E-1,-5.796608025E-2,1.768077262E2
5.955820619E1,2.787287111E-2,5.592882517E-4,1.338058151E-3,9.996104240E-1,1.768055905E2,1.550570739E-1,-5.979100369E-2,1.768055063E2
5.956320619E1,2.789563257E-2,5.759474006E-4,1.346442034E-3,9.996097684E-1,1.768029812E2,1.560720418E-1,-6.166892566E-2,1.768028938E2
5.956820619E1,2.789742849E-2,5.774461315E-4,1.352826715E-3,9.996097088E-1,1.768027754E2,1.568082910E-1,-6.181990898E-2,1.768026873E2
5.957320619E1,2.787457726E-2,5.599994911E-4,1.346719335E-3,9.996103644E-1,1.768053949E2,1.560515621E-1,-5.984454309E-2,1.768053101E2
5.957820619E1,2.786615584E-2,5.533926887E-4,1.346764271E-3,9.996106029E-1,1.768063603E2,1.560351066E-1,-5.908892514E-2,1.768062765E2
5.958320619E1,2.786152732E-2,5.491764750E-4,1.355740824E-3,9.996107221E-1,1.768068909E2,1.570496100E-1,-5.857803291E-2,1.768068072E2
5.958820619E1,2.787448619E-2,5.603775498E-4,1.348445890E-3,9.996103644E-1,1.768054054E2,1.562505364E-1,-5.988234770E-2,1.768053203E2
5.959320619E1,2.789391612E-2,5.749373813E-4,1.338157570E-3,9.996098280E-1,1.768031780E2,1.551197457E-1,-6.157998036E-2,1.768030913E2
5.959820619E1,2.789163154E-2,5.737615866E-4,1.341752592E-3,9.996098876E-1,1.768034399E2,1.555276461E-1,-6.143416072E-2,1.768033531E2
5.960320619E1,2.785996240E-2,5.488723400E-4,1.344025368E-3,9.996107817E-1,1.768070703E2,1.557065743E-1,-5.858084383E-2,1.768069874E2
5.960820619E1,2.784314012E-2,5.346890539E-4,1.343697309E-3,9.996112585E-1,1.768089988E2,1.556227537E-1,-5.695985751E-2,1.768089181E2
5.961320619E1,2.786203040E-2,5.493825884E-4,1.345278230E-3,9.996107221E-1,1.768068333E2,1.558518365E-1,-5.863496892E-2,1.768067501E2
5.961820619E1,2.788283687E-2,5.656685680E-4,1.350329025E-3,9.996101260E-1,1.768044481E2,1.564836512E-1,-6.048109514E-2,1.768043621E2
5.962320619E1,2.787844341E-2,5.621573073E-4,1.354255481E-3,9.996102452E-1,1.768049517E2,1.569219317E-1,-6.006703485E-2,1.768048661E2
5.962820619E1,2.786158732E-2,5.494048819E-4,1.354414737E-3,9.996107221E-1,1.768068841E2,1.568984432E-1,-5.860842072E-2,1.768068004E2
5.963320619E1,2.784516873E-2,5.363599048E-4,1.345334807E-3,9.996111989E-1,1.768087662E2,1.558157720E-1,-5.714570759E-2,1.768086852E2
5.963820619E1,2.787007283E-2,5.561347934E-4,1.353048021E-3,9.996104836E-1,1.768059113E2,1.567638821E-1,-5.938234464E-2,1.768058267E2
5.964320619E1,2.787431405E-2,5.600098521E-4,1.352152089E-3,9.996103644E-1,1.768054251E2,1.566738861E-1,-5.982841743E-2,1.768053399E2
5.964820619E1,2.789297222E-2,5.748995463E-4,1.357706264E-3,9.996098280E-1,1.768032862E2,1.573588133E-1,-6.151330771E-2,1.768031983E2
5.965320619E1,2.790551073E-2,5.839588703E-4,1.359490678E-3,9.996094704E-1,1.768018489E2,1.575929560E-1,-6.254334454E-2,1.768017593E2
5.965820619E1,2.786993556E-2,5.566254840E-4,1.355671207E-3,9.996104836E-1,1.768059271E2,1.570659198E-1,-5.943019548E-2,1.768058422E2
5.966320619E1,2.784466413E-2,5.358906928E-4,1.355924061E-3,9.996111989E-1,1.768088241E2,1.570272161E-1,-5.705825071E-2,1.768087425E2
5.966820619E1,2.784962463E-2,5.399084766E-4,1.340246992E-3,9.996110797E-1,1.768082554E2,1.552445570E-1,-5.756772868E-2,1.768081741E2
5.967320619E1,2.789576207E-2,5.759675405E-4,1.343747717E-3,9.996097684E-1,1.768029664E2,1.557634880E-1,-6.167982534E-2,1.768028791E2
5.967820619E1,2.791419079E-2,5.905330763E-4,1.353745116E-3,9.996092319E-1,1.768008538E2,1.569563928E-1,-6.331340946E-2,1.768007636E2
5.968320619E1,2.788874071E-2,5.709188990E-4,1.358544338E-3,9.996099472E-1,1.768037713E2,1.574418294E-1,-6.105532466E-2,1.768036839E2
5.968820619E1,2.786948574E-2,5.547819310E-4,1.365637523E-3,9.996104836E-1,1.768059786E2,1.582016186E-1,-5.918726339E-2,1.768058934E2
5.969320619E1,2.786550681E-2,5.519888946E-4,1.360697206E-3,9.996106029E-1,1.768064347E2,1.576265641E-1,-5.888373489E-2,1.768063503E2
5.969820619E1,2.788249838E-2,5.662567564E-4,1.357055036E-3,9.996101260E-1,1.768044869E2,1.572559557E-1,-6.052703241E-2,1.768044004E2
5.970320619E1,2.790334765E-2,5.823823158E-4,1.360738766E-3,9.996095300E-1,1.768020968E2,1.577307442E-1,-6.235910535E-2,1.768020075E2
5.970820619E1,2.789926461E-2,5.782739609E-4,1.358637819E-3,9.996096492E-1,1.768025649E2,1.574766964E-1,-6.189586745E-2,1.768024763E2
5.971320619E1,2.788475075E-2,5.672373227E-4,1.354267821E-3,9.996100664E-1,1.768042287E2,1.569399580E-1,-6.064790530E-2,1.768041422E2
5.971820619E1,2.787597002E-2,5.602092133E-4,1.361959497E-3,9.996103048E-1,1.768052353E2,1.577980331E-1,-5.981966492E-2,1.768051494E2
5.972320619E1,2.787779103E-2,5.621988093E-4,1.367602032E-3,9.996102452E-1,1.768050265E2,1.584508348E-1,-6.002925365E-2,1.768049400E2
5.972820619E1,2.789893224E-2,5.781482323E-4,1.365499222E-3,9.996096492E-1,1.768026030E2,1.582622277E-1,-6.185958159E-2,1.768025140E2
5.973320619E1,2.791155299E-2,5.881101242E-4,1.365128672E-3,9.996092916E-1,1.768011562E2,1.582524284E-1,-6.299987163E-2,1.768010657E2
5.973820619E1,2.788999621E-2,5.704728537E-4,1.376693253E-3,9.996098876E-1,1.768036274E2,1.595193868E-1,-6.094602898E-2,1.768035390E2
5.974320619E1,2.787095622E-2,5.569398054E-4,1.378319459E-3,9.996104240E-1,1.768058100E2,1.596612781E-1,-5.939370419E-2,1.768057238E2
5.974820619E1,2.786946122E-2,5.557897966E-4,1.365728094E-3,9.996104836E-1,1.768059814E2,1.582152108E-1,-5.930242595E-2,1.768058961E2
5.975320619E1,2.788414001E-2,5.673363921E-4,1.366744167E-3,9.996100664E-1,1.768042987E2,1.583693675E-1,-6.061948266E-2,1.768042114E2
5.975820619E1,2.789704848E-2,5.770581192E-4,1.360805123E-3,9.996097088E-1,1.768028189E2,1.577209306E-1,-6.175001716E-2,1.768027304E2
5.976320619E1,2.790345763E-2,5.818740465E-4,1.358699286E-3,9.996095300E-1,1.768020842E2,1.574955092E-1,-6.230738878E-2,1.768019951E2
5.976820619E1,2.788878636E-2,5.714502186E-4,1.357383328E-3,9.996099472E-1,1.768037661E2,1.573105400E-1,-6.111988895E-2,1.768036787E2
5.977320619E1,2.787196054E-2,5.573403905E-4,1.357694506E-3,9.996104240E-1,1.768056949E2,1.573000869E-1,-5.950530528E-2,1.768056098E2
5.977820619E1,2.787760933E-2,5.621005548E-4,1.371341175E-3,9.996102452E-1,1.768050474E2,1.588788183E-1,-6.000608252E-2,1.768049607E2
5.978320619E1,2.789665819E-2,5.761793582E-4,1.369153033E-3,9.996097088E-1,1.768028637E2,1.586743261E-1,-6.162273271E-2,1.768027748E2
5.978820619E1,2.790326446E-2,5.829447182E-4,1.362203038E-3,9.996095300E-1,1.768021064E2,1.579002655E-1,-6.241885779E-2,1.768020168E2
5.979320619E1,2.789666112E-2,5.775404861E-4,1.368519617E-3,9.996097088E-1,1.768028633E2,1.586061218E-1,-6.178067009E-2,1.768027743E2
5.979820619E1,2.788813094E-2,5.705428193E-4,1.371161197E-3,9.996099472E-1,1.768038412E2,1.588858154E-1,-6.097202053E-2,1.768037531E2
5.980320619E1,2.788819642E-2,5.691484548E-4,1.370408805E-3,9.996099472E-1,1.768038337E2,1.587951786E-1,-6.081469453E-2,1.768037459E2
5.980820619E1,2.789261943E-2,5.735454033E-4,1.365504344E-3,9.996098280E-1,1.768033267E2,1.582477107E-1,-6.133332499E-2,1.768032385E2
5.981320619E1,2.789048336E-2,5.721555790E-4,1.366085024E-3,9.996098876E-1,1.768035715E2,1.583096526E-1,-6.117260720E-2,1.768034835E2
5.981820619E1,2.789846270E-2,5.775452009E-4,1.375312335E-3,9.996096492E-1,1.768026568E2,1.593843344E-1,-6.175920785E-2,1.768025674E2
5.982320619E1,2.789646946E-2,5.756704486E-4,1.373206382E-3,9.996097088E-1,1.768028853E2,1.591369869E-1,-6.155151096E-2,1.768027963E2
5.982820619E1,2.788849523E-2,5.696868757E-4,1.364089549E-3,9.996099472E-1,1.768037994E2,1.580730649E-1,-6.089651707E-2,1.768037119E2
5.983320619E1,2.788233967E-2,5.654230481E-4,1.360658789E-3,9.996101260E-1,1.768045051E2,1.576660817E-1,-6.042004406E-2,1.768044185E2
5.983820619E1,2.788849853E-2,5.701738410E-4,1.363818650E-3,9.996099472E-1,1.768037991E2,1.580435908E-1,-6.095316266E-2,1.768037115E2
5.984320619E1,2.789063034E-2,5.713011487E-4,1.363439369E-3,9.996098876E-1,1.768035547E2,1.580038784E-1,-6.108316743E-2,1.768034670E2
5.984820619E1,2.788426823E-2,5.673705018E-4,1.364111435E-3,9.996100664E-1,1.768042840E2,1.580679122E-1,-6.063178211E-2,1.768041969E2
5.985320619E1,2.788848292E-2,5.698809982E-4,1.364260213E-3,9.996099472E-1,1.768038009E2,1.580932337E-1,-6.091820972E-2,1.768037133E2
5.985820619E1,2.789051541E-2,5.724916118E-4,1.365289791E-3,9.996098876E-1,1.768035679E2,1.582196369E-1,-6.121363529E-2,1.768034798E2
5.986320619E1,2.788840716E-2,5.699180183E-4,1.365792588E-3,9.996099472E-1,1.768038095E2,1.582688766E-1,-6.091756497E-2,1.768037219E2
5.986820619E1,2.787556279E-2,5.606586346E-4,1.370085403E-3,9.996103048E-1,1.768052820E2,1.587302440E-1,-5.984525170E-2,1.768051956E2
5.987320619E1,2.788827333E-2,5.703475908E-4,1.368343481E-3,9.996099472E-1,1.768038249E2,1.585624388E-1,-6.095864009E-2,1.768037370E2
5.987820619E1,2.789455132E-2,5.758369807E-4,1.368706115E-3,9.996097684E-1,1.768031052E2,1.586219085E-1,-6.158527749E-2,1.768030164E2
5.988320619E1,2.789049011E-2,5.720562185E-4,1.365988865E-3,9.996098876E-1,1.768035708E2,1.582983207E-1,-6.116153203E-2,1.768034828E2
5.988820619E1,2.787336288E-2,5.576664698E-4,1.372574246E-3,9.996103644E-1,1.768055342E2,1.590056444E-1,-5.949490800E-2,1.768054481E2
5.989320619E1,2.785621743E-2,5.436000065E-4,1.379005611E-3,9.996108413E-1,1.768074996E2,1.596964140E-1,-5.786583419E-2,1.768074155E2
5.989820619E1,2.786076643E-2,5.478102830E-4,1.371834776E-3,9.996107221E-1,1.768069782E2,1.588887209E-1,-5.837027619E-2,1.768068937E2
5.990320619E1,2.786760086E-2,5.534162628E-4,1.361019444E-3,9.996105433E-1,1.768061947E2,1.576681574E-1,-5.904587632E-2,1.768061100E2
5.990820619E1,2.787174529E-2,5.579646095E-4,1.361850533E-3,9.996104240E-1,1.768057196E2,1.577781291E-1,-5.956356736E-2,1.768056341E2
5.991320619E1,2.787132484E-2,5.558642442E-4,1.371281804E-3,9.996104240E-1,1.768057678E2,1.588517209E-1,-5.929292070E-2,1.768056821E2
5.991820619E1,2.786118063E-2,5.483811256E-4,1.363167190E-3,9.996107221E-1,1.768069307E2,1.578977198E-1,-5.846327202E-2,1.768068467E2
5.992320619E1,2.785291767E-2,5.423170514E-4,1.359614078E-3,9.996109605E-1,1.768078779E2,1.574708811E-1,-5.778129652E-2,1.768077951E2
5.992820619E1,2.787530345E-2,5.594938411E-4,1.375825959E-3,9.996103048E-1,1.768053117E2,1.593840720E-1,-5.969353194E-2,1.768052251E2
5.993320619E1,2.789598781E-2,5.762809305E-4,1.382702147E-3,9.996097088E-1,1.768029405E2,1.602266214E-1,-6.159116096E-2,1.768028508E2
5.993820619E1,2.788996822E-2,5.713088321E-4,1.376913628E-3,9.996098876E-1,1.768036306E2,1.595473003E-1,-6.104108784E-2,1.768035420E2
5.994320619E1,2.787524997E-2,5.589413340E-4,1.377133420E-3,9.996103048E-1,1.768053178E2,1.595320697E-1,-5.962607597E-2,1.768052313E2
5.994820619E1,2.786486780E-2,5.514531513E-4,1.373936189E-3,9.996106029E-1,1.768065080E2,1.591413043E-1,-5.878019361E-2,1.768064229E2
5.995320619E1,2.787699979E-2,5.605285987E-4,1.384314266E-3,9.996102452E-1,1.768051172E2,1.603597907E-1,-5.978467336E-2,1.768050300E2
5.995820619E1,2.789789195E-2,5.768233677E-4,1.387142111E-3,9.996096492E-1,1.768027222E2,1.607370580E-1,-6.163879585E-2,1.768026322E2
5.996320619E1,2.790425072E-2,5.824695691E-4,1.385739073E-3,9.996094704E-1,1.768019933E2,1.605947920E-1,-6.228901433E-2,1.768019024E2
5.996820619E1,2.790228146E-2,5.800363142E-4,1.383414725E-3,9.996095300E-1,1.768022190E2,1.603206413E-1,-6.201804106E-2,1.768021287E2
5.997320619E1,2.789590956E-2,5.756480386E-4,1.384543139E-3,9.996097088E-1,1.768029495E2,1.604354736E-1,-6.151279257E-2,1.768028598E2
5.997820619E1,2.789348734E-2,5.727672251E-4,1.391488360E-3,9.996097684E-1,1.768032272E2,1.612216709E-1,-6.116099309E-2,1.768031375E2
5.998320619E1,2.788297987E-2,5.655505229E-4,1.390938531E-3,9.996100664E-1,1.768044317E2,1.611349861E-1,-6.033779373E-2,1.768043433E2
5.998820619E1,2.790591472E-2,5.833693431E-4,1.394818421E-3,9.996094108E-1,1.768018025E2,1.616377861E-1,-6.236277863E-2,1.768017109E2
5.999320619E1,2.791405724E-2,5.898163654E-4,1.400032197E-3,9.996091723E-1,1.768008691E2,1.622561408E-1,-6.308326988E-2,1.768007761E2
5.999820619E1,2.789084659E-2,5.718479515E-4,1.401941990E-3,9.996098280E-1,1.768035299E2,1.624160044E-1,-6.102270772E-2,1.768034397E2
6.000320619E1,2.787838182E-2,5.606123013E-4,1.399406814E-3,9.996101856E-1,1.768049588E2,1.620889495E-1,-5.974582309E-2,1.768048707E2
6.000820619E1,2.789076023E-2,5.704202922E-4,1.404239913E-3,9.996098280E-1,1.768035398E2,1.626746563E-1,-6.085184336E-2,1.768034497E2
6.001320619E1,2.789715092E-2,5.767518887E-4,1.401995425E-3,9.996096492E-1,1.768028072E2,1.624381882E-1,-6.158324317E-2,1.768027162E2
6.001820619E1,2.790346725E-2,5.811598967E-4,1.401970163E-3,9.996094704E-1,1.768020831E2,1.624497794E-1,-6.208722090E-2,1.768019914E2
6.002320619E1,2.790536749E-2,5.819185171E-4,1.406325260E-3,9.996094108E-1,1.768018653E2,1.629511872E-1,-6.215988285E-2,1.768017732E2
6.002820619E1,2.788906762E-2,5.701881601E-4,1.395494677E-3,9.996098876E-1,1.768037338E2,1.616720696E-1,-6.085347809E-2,1.768036443E2
6.003320619E1,2.788503826E-2,5.666007637E-4,1.392081729E-3,9.996100068E-1,1.768041957E2,1.612694167E-1,-6.045411068E-2,1.768041070E2
6.003820619E1,2.788045756E-2,5.629099323E-4,1.399707166E-3,9.996101260E-1,1.768047209E2,1.621308192E-1,-6.000771342E-2,1.768046323E2
6.004320619E1,2.789898919E-2,5.767156254E-4,1.407916076E-3,9.996095896E-1,1.768025965E2,1.631163789E-1,-6.155986178E-2,1.768025051E2
6.004820619E1,2.790358704E-2,5.815157783E-4,1.399436151E-3,9.996094704E-1,1.768020694E2,1.621606611E-1,-6.213606933E-2,1.768019778E2
6.005320619E1,2.789714209E-2,5.763912923E-4,1.402319525E-3,9.996096492E-1,1.768028082E2,1.624741595E-1,-6.154090331E-2,1.768027173E2
6.005820619E1,2.789063086E-2,5.705671501E-4,1.406747499E-3,9.996098280E-1,1.768035546E2,1.629623546E-1,-6.086067198E-2,1.768034644E2
6.006320619E1,2.789670294E-2,5.754626472E-4,1.411407487E-3,9.996096492E-1,1.768028585E2,1.635121635E-1,-6.140554872E-2,1.768027672E2
6.006820619E1,2.791381979E-2,5.885799765E-4,1.405277057E-3,9.996091723E-1,1.768008963E2,1.628529539E-1,-6.292490685E-2,1.768008032E2
6.007320619E1,2.791584695E-2,5.902842968E-4,1.406691736E-3,9.996091127E-1,1.768006639E2,1.630205813E-1,-6.311527544E-2,1.768005704E2
6.007820619E1,2.791334760E-2,5.892710178E-4,1.414337545E-3,9.996091723E-1,1.768009505E2,1.638929872E-1,-6.297515829E-2,1.768008566E2
6.008320619E1,2.790919454E-2,5.857298383E-4,1.413513557E-3,9.996092916E-1,1.768014266E2,1.637870139E-1,-6.257284370E-2,1.768013334E2
6.008820619E1,2.789249898E-2,5.724449875E-4,1.411292120E-3,9.996097684E-1,1.768033405E2,1.634890443E-1,-6.106094166E-2,1.768032496E2
6.009320619E1,2.789224883E-2,5.722064525E-4,1.416323823E-3,9.996097684E-1,1.768033691E2,1.640646337E-1,-6.101757625E-2,1.768032781E2
6.009820619E1,2.790277609E-2,5.805956316E-4,1.415890874E-3,9.996094704E-1,1.768021623E2,1.640425093E-1,-6.197818671E-2,1.768020699E2
6.010320619E1,2.791532797E-2,5.908656749E-4,1.416711020E-3,9.996091127E-1,1.768007234E2,1.641700881E-1,-6.314990380E-2,1.768006292E2
6.010820619E1,2.791330860E-2,5.884363782E-4,1.415454317E-3,9.996091723E-1,1.768009549E2,1.640182378E-1,-6.287598713E-2,1.768008612E2
6.011320619E1,2.790276389E-2,5.797978374E-4,1.416458166E-3,9.996094704E-1,1.768021637E2,1.641049391E-1,-6.188498999E-2,1.768020714E2
6.011820619E1,2.788809629E-2,5.688809906E-4,1.415299368E-3,9.996098876E-1,1.768038452E2,1.639364036E-1,-6.064061050E-2,1.768037547E2
6.012320619E1,2.789256608E-2,5.725329975E-4,1.409929595E-3,9.996097684E-1,1.768033328E2,1.633332563E-1,-6.107536706E-2,1.768032420E2
6.012820619E1,2.790517491E-2,5.828925059E-4,1.409738907E-3,9.996094108E-1,1.768018873E2,1.633453133E-1,-6.226056544E-2,1.768017949E2
6.013320619E1,2.791340104E-2,5.883817794E-4,1.413652906E-3,9.996091723E-1,1.768009443E2,1.638117226E-1,-6.287548009E-2,1.768008507E2
6.013820619E1,2.790736196E-2,5.845046835E-4,1.408041106E-3,9.996093512E-1,1.768016366E2,1.631561275E-1,-6.245030752E-2,1.768015440E2
6.014320619E1,2.789712931E-2,5.759719061E-4,1.402745955E-3,9.996096492E-1,1.768028097E2,1.625216642E-1,-6.149150277E-2,1.768027188E2
6.014820619E1,2.788882487E-2,5.688997335E-4,1.400861540E-3,9.996098876E-1,1.768037617E2,1.622826957E-1,-6.068878006E-2,1.768036721E2
6.015320619E1,2.789510857E-2,5.741068744E-4,1.401220798E-3,9.996097088E-1,1.768030413E2,1.623408754E-1,-6.128307316E-2,1.768029508E2
6.015820619E1,2.791390657E-2,5.894013448E-4,1.403207541E-3,9.996091723E-1,1.768008864E2,1.626185300E-1,-6.302559778E-2,1.768007932E2
6.016320619E1,2.791406652E-2,5.889860913E-4,1.400196692E-3,9.996091723E-1,1.768008680E2,1.622723278E-1,-6.298763695E-2,1.768007752E2
6.016820619E1,2.790142989E-2,5.798155908E-4,1.400575973E-3,9.996095300E-1,1.768023167E2,1.622856540E-1,-6.193802373E-2,1.768022253E2
6.017320619E1,2.789307672E-2,5.735987797E-4,1.399354776E-3,9.996097684E-1,1.768032742E2,1.621253793E-1,-6.123116705E-2,1.768031840E2
6.017820619E1,2.789516264E-2,5.738117616E-4,1.400265028E-3,9.996097088E-1,1.768030351E2,1.622304546E-1,-6.125231539E-2,1.768029447E2
6.018320619E1,2.790980587E-2,5.856403150E-4,1.401428366E-3,9.996092916E-1,1.768013565E2,1.624024425E-1,-6.260114128E-2,1.768012641E2
6.018820619E1,2.791810228E-2,5.927017191E-4,1.403267728E-3,9.996090531E-1,1.768004054E2,1.626362482E-1,-6.340276995E-2,1.768003117E2
6.019320619E1,2.791367549E-2,5.883197882E-4,1.408249140E-3,9.996091723E-1,1.768009129E2,1.631925560E-1,-6.288561962E-2,1.768008196E2
6.019820619E1,2.789476303E-2,5.740730558E-4,1.408096636E-3,9.996097088E-1,1.768030809E2,1.631283536E-1,-6.125727617E-2,1.768029900E2
6.020320619E1,2.788641404E-2,5.682135234E-4,1.406589756E-3,9.996099472E-1,1.768040380E2,1.629365071E-1,-6.059226289E-2,1.768039482E2
6.020820619E1,2.789273810E-2,5.723111681E-4,1.406612690E-3,9.996097684E-1,1.768033131E2,1.629526158E-1,-6.106053114E-2,1.768032225E2
6.021320619E1,2.791343114E-2,5.892001209E-4,1.412717509E-3,9.996091723E-1,1.768009409E2,1.637071953E-1,-6.297220565E-2,1.768008472E2
6.021820619E1,2.791960510E-2,5.939371185E-4,1.415253733E-3,9.996089935E-1,1.768002331E2,1.640132579E-1,-6.350568785E-2,1.768001385E2
6.022320619E1,2.791764165E-2,5.923478748E-4,1.412550686E-3,9.996090531E-1,1.768004582E2,1.636984224E-1,-6.333261490E-2,1.768003640E2
6.022820619E1,2.790709263E-2,5.830827868E-4,1.413956285E-3,9.996093512E-1,1.768016675E2,1.638291297E-1,-6.226856090E-2,1.768015747E2
6.023320619E1,2.790500679E-2,5.826546694E-4,1.413160935E-3,9.996094108E-1,1.768019066E2,1.637365257E-1,-6.222240662E-2,1.768018140E2
6.023820619E1,2.790914467E-2,5.855136551E-4,1.414587372E-3,9.996092916E-1,1.768014323E2,1.639093217E-1,-6.254465444E-2,1.768013391E2
6.024320619E1,2.791331247E-2,5.885621649E-4,1.415325794E-3,9.996091723E-1,1.768009545E2,1.640039185E-1,-6.289080607E-2,1.768008607E2
6.024820619E1,2.792141408E-2,5.940882838E-4,1.421587425E-3,9.996089339E-1,1.768000258E2,1.647393622E-1,-6.350244090E-2,1.767999307E2
6.025320619E1,2.791723611E-2,5.908826133E-4,1.421153196E-3,9.996090531E-1,1.768005047E2,1.646791011E-1,-6.313731935E-2,1.768004102E2
6.025820619E1,2.790073962E-2,5.785282119E-4,1.414787257E-3,9.996095300E-1,1.768023958E2,1.639093564E-1,-6.174523309E-2,1.768023037E2
6.026320619E1,2.789238584E-2,5.728486576E-4,1.413362799E-3,9.996097684E-1,1.768033534E2,1.637275181E-1,-6.110058075E-2,1.768032624E2
6.026820619E1,2.790469989E-2,5.810564035E-4,1.419863314E-3,9.996094108E-1,1.768019418E2,1.644991336E-1,-6.201794813E-2,1.768018490E2
6.027320619E1,2.791022579E-2,5.860253586E-4,1.435016864E-3,9.996092319E-1,1.768013083E2,1.662511648E-1,-6.253775002E-2,1.768012138E2
6.027820619E1,2.791277075E-2,5.883650738E-4,1.426050905E-3,9.996091723E-1,1.768010166E2,1.652317840E-1,-6.283401275E-2,1.768009222E2
6.028320619E1,2.791514548E-2,5.896712537E-4,1.420798595E-3,9.996091127E-1,1.768007444E2,1.646344752E-1,-6.300004075E-2,1.768006501E2
6.028820619E1,2.791317290E-2,5.883594276E-4,1.418159693E-3,9.996091723E-1,1.768009705E2,1.643278759E-1,-6.285854124E-2,1.768008766E2
6.029320619E1,2.791711983E-2,5.914723733E-4,1.423190581E-3,9.996090531E-1,1.768005180E2,1.649143570E-1,-6.319837570E-2,1.768004233E2
6.029820619E1,2.792372561E-2,5.963066942E-4,1.417160849E-3,9.996088743E-1,1.767997608E2,1.642395570E-1,-6.377033639E-2,1.767996656E2
6.030320619E1,2.793371904E-2,6.047845236E-4,1.426803414E-3,9.996085763E-1,1.767986152E2,1.653718612E-1,-6.470893561E-2,1.767985179E2
6.030820619E1,2.793177001E-2,6.035154220E-4,1.423735521E-3,9.996086359E-1,1.767988386E2,1.650162546E-1,-6.457370645E-2,1.767987418E2
6.031320619E1,2.792364114E-2,5.967680481E-4,1.418630360E-3,9.996088743E-1,1.767997705E2,1.644093561E-1,-6.381849456E-2,1.767996751E2
6.031820619E1,2.790906078E-2,5.843657418E-4,1.416715560E-3,9.996092916E-1,1.768014419E2,1.641494227E-1,-6.240637193E-2,1.768013487E2
6.032320619E1,2.790307938E-2,5.803969107E-4,1.409983030E-3,9.996094704E-1,1.768021276E2,1.633651661E-1,-6.197426473E-2,1.768020355E2
6.032820619E1,2.792131003E-2,5.938346148E-4,1.423735404E-3,9.996089339E-1,1.768000377E2,1.649845886E-1,-6.346652831E-2,1.767999425E2
6.033320619E1,2.792354673E-2,5.964041920E-4,1.420640270E-3,9.996088743E-1,1.767997813E2,1.646384150E-1,-6.377040004E-2,1.767996859E2
6.033820619E1,2.792388344E-2,5.965253222E-4,1.413955353E-3,9.996088743E-1,1.767997427E2,1.638730867E-1,-6.380561098E-2,1.767996477E2
6.034320619E1,2.791520579E-2,5.892753252E-4,1.419777633E-3,9.996091127E-1,1.768007374E2,1.645162641E-1,-6.295794448E-2,1.768006433E2
6.034820619E1,2.790275141E-2,5.796951591E-4,1.416745828E-3,9.996094704E-1,1.768021652E2,1.641375608E-1,-6.187231075E-2,1.768020728E2
6.035320619E1,2.790892051E-2,5.850410671E-4,1.419198001E-3,9.996092916E-1,1.768014580E2,1.644359303E-1,-6.247581192E-2,1.768013645E2
6.035820619E1,2.792987527E-2,6.011734949E-4,1.420043758E-3,9.996086955E-1,1.767990558E2,1.645857557E-1,-6.431757506E-2,1.767989596E2
6.036320619E1,2.792987346E-2,6.017301930E-4,1.419843640E-3,9.996086955E-1,1.767990560E2,1.645646146E-1,-6.438198382E-2,1.767989597E2
6.036820619E1,2.792161402E-2,5.944790319E-4,1.417491119E-3,9.996089339E-1,1.768000028E2,1.642714055E-1,-6.356027374E-2,1.767999079E2
6.037320619E1,2.790496523E-2,5.821614177E-4,1.414184691E-3,9.996094108E-1,1.768019114E2,1.638522140E-1,-6.216263927E-2,1.768018188E2
6.037820619E1,2.789677808E-2,5.751994322E-4,1.410029014E-3,9.996096492E-1,1.768028499E2,1.633534264E-1,-6.137979272E-2,1.768027587E2
6.038320619E1,2.791108621E-2,5.859619705E-4,1.418209402E-3,9.996092319E-1,1.768012097E2,1.643257701E-1,-6.258410422E-2,1.768011162E2
6.038820619E1,2.792978824E-2,6.021707668E-4,1.421332476E-3,9.996086955E-1,1.767990658E2,1.647365610E-1,-6.442769895E-2,1.767989693E2
6.039320619E1,2.792340974E-2,5.961296265E-4,1.423445414E-3,9.996088743E-1,1.767997970E2,1.649588486E-1,-6.372999586E-2,1.767997014E2
6.039820619E1,2.790255869E-2,5.803533131E-4,1.420267625E-3,9.996094704E-1,1.768021873E2,1.645430651E-1,-6.193647094E-2,1.768020946E2
6.040320619E1,2.789603876E-2,5.749260890E-4,1.424691174E-3,9.996096492E-1,1.768029347E2,1.650320155E-1,-6.130173174E-2,1.768028426E2
6.040820619E1,2.789391973E-2,5.727455718E-4,1.425238675E-3,9.996097088E-1,1.768031776E2,1.650876298E-1,-6.105056009E-2,1.768030859E2
6.041320619E1,2.791094071E-2,5.859825178E-4,1.421061577E-3,9.996092319E-1,1.768012264E2,1.646525351E-1,-6.257735921E-2,1.768011327E2
6.041820619E1,2.793389198E-2,6.053303368E-4,1.423181733E-3,9.996085763E-1,1.767985953E2,1.649587670E-1,-6.478302145E-2,1.767984982E2
6.042320619E1,2.792113499E-2,5.949189072E-4,1.426712493E-3,9.996089339E-1,1.768000577E2,1.653290638E-1,-6.358123382E-2,1.767999622E2
6.042820619E1,2.789639136E-2,5.748111289E-4,1.417816849E-3,9.996096492E-1,1.768028943E2,1.642442355E-1,-6.131048095E-2,1.768028026E2
6.043320619E1,2.788997624E-2,5.698216264E-4,1.419966226E-3,9.996098280E-1,1.768036297E2,1.644740993E-1,-6.073313357E-2,1.768035388E2
6.043820619E1,2.789603655E-2,5.751227727E-4,1.424655085E-3,9.996096492E-1,1.768029349E2,1.650285103E-1,-6.132437697E-2,1.768028428E2
6.044320619E1,2.792121908E-2,5.942374701E-4,1.425350085E-3,9.996089339E-1,1.768000481E2,1.651708288E-1,-6.350752270E-2,1.767999528E2
6.044820619E1,2.792544314E-2,5.976810353E-4,1.424761023E-3,9.996088147E-1,1.767995639E2,1.651146424E-1,-6.390315905E-2,1.767994680E2
6.045320619E1,2.790855524E-2,5.843576510E-4,1.426642993E-3,9.996092916E-1,1.768014998E2,1.652865238E-1,-6.237377842E-2,1.768014061E2
6.045820619E1,2.788985590E-2,5.705741351E-4,1.422026195E-3,9.996098280E-1,1.768036435E2,1.647124608E-1,-6.081276715E-2,1.768035523E2
6.046320619E1,2.790267744E-2,5.798470811E-4,1.418139902E-3,9.996094704E-1,1.768021736E2,1.642977291E-1,-6.188526752E-2,1.768020812E2
6.046820619E1,2.791721655E-2,5.909407628E-4,1.421513269E-3,9.996090531E-1,1.768005069E2,1.647205311E-1,-6.314283147E-2,1.768004124E2
6.047320619E1,2.792563997E-2,5.989919882E-4,1.420345856E-3,9.996088147E-1,1.767995413E2,1.646131061E-1,-6.406742112E-2,1.767994455E2
6.047820619E1,2.793002428E-2,6.013738457E-4,1.417024992E-3,9.996086955E-1,1.767990387E2,1.642406160E-1,-6.435016206E-2,1.767989427E2
6.048320619E1,2.790927025E-2,5.847103312E-4,1.412440324E-3,9.996092916E-1,1.768014179E2,1.636608221E-1,-6.245948247E-2,1.768013249E2
6.048820619E1,2.789454246E-2,5.744438968E-4,1.412308775E-3,9.996097088E-1,1.768031062E2,1.636120140E-1,-6.128632642E-2,1.768030150E2
6.049320619E1,2.790295524E-2,5.802006926E-4,1.412518322E-3,9.996094704E-1,1.768021418E2,1.636549415E-1,-6.194370217E-2,1.768020496E2
6.049820619E1,2.792401168E-2,5.978177069E-4,1.410873723E-3,9.996088743E-1,1.767997280E2,1.635242391E-1,-6.396348953E-2,1.767996329E2
6.050320619E1,2.792380280E-2,5.966858007E-4,1.415479346E-3,9.996088743E-1,1.767997519E2,1.640481640E-1,-6.381912982E-2,1.767996568E2
6.050820619E1,2.790915354E-2,5.850328598E-4,1.414611237E-3,9.996092916E-1,1.768014313E2,1.639105182E-1,-6.248950309E-2,1.768013381E2
6.051320619E1,2.790084528E-2,5.794057506E-4,1.412342186E-3,9.996095300E-1,1.768023837E2,1.636320930E-1,-6.185355267E-2,1.768022916E2
6.051820619E1,2.790525026E-2,5.822454114E-4,1.408514334E-3,9.996094108E-1,1.768018787E2,1.632029774E-1,-6.219034644E-2,1.768017864E2
6.052320619E1,2.791574121E-2,5.905464059E-4,1.408678596E-3,9.996091127E-1,1.768006761E2,1.632490022E-1,-6.313896046E-2,1.768005824E2
6.052820619E1,2.791757481E-2,5.922482815E-4,1.413912862E-3,9.996090531E-1,1.768004659E2,1.638541327E-1,-6.331685985E-2,1.768003716E2
6.053320619E1,2.792396189E-2,5.969693302E-4,1.412217738E-3,9.996088743E-1,1.767997337E2,1.636754739E-1,-6.386201809E-2,1.767996387E2
6.053820619E1,2.791999331E-2,5.945104640E-4,1.407332369E-3,9.996089935E-1,1.768001886E2,1.631077482E-1,-6.359664339E-2,1.768000944E2
6.054320619E1,2.790326965E-2,5.814937176E-4,1.405759365E-3,9.996094704E-1,1.768021058E2,1.628848768E-1,-6.211337488E-2,1.768020138E2
6.054820619E1,2.789690356E-2,5.757883773E-4,1.407303498E-3,9.996096492E-1,1.768028355E2,1.630431170E-1,-6.145594708E-2,1.768027444E2
6.055320619E1,2.791379255E-2,5.887907464E-4,1.405729796E-3,9.996091723E-1,1.768008995E2,1.629054864E-1,-6.294760609E-2,1.768008063E2
6.055820619E1,2.791766254E-2,5.923762801E-4,1.412125886E-3,9.996090531E-1,1.768004558E2,1.636498551E-1,-6.333722424E-2,1.768003616E2
6.056320619E1,2.790697314E-2,5.828148569E-4,1.416423009E-3,9.996093512E-1,1.768016812E2,1.641108215E-1,-6.223000139E-2,1.768015883E2
6.056820619E1,2.790490176E-2,5.827504210E-4,1.415194129E-3,9.996094108E-1,1.768019187E2,1.639697218E-1,-6.222689020E-2,1.768018259E2
6.057320619E1,2.790328994E-2,5.815159529E-4,1.405347488E-3,9.996094704E-1,1.768021034E2,1.628377698E-1,-6.211723557E-2,1.768020115E2
6.057820619E1,2.789470867E-2,5.737803294E-4,1.409292454E-3,9.996097088E-1,1.768030872E2,1.632643920E-1,-6.121993161E-2,1.768029962E2
6.058320619E1,2.790075246E-2,5.779486964E-4,1.414770843E-3,9.996095300E-1,1.768023943E2,1.639056239E-1,-6.167890180E-2,1.768023024E2
6.058820619E1,2.790928357E-2,5.848556175E-4,1.412117039E-3,9.996092916E-1,1.768014163E2,1.636242562E-1,-6.247715633E-2,1.768013234E2
6.059320619E1,2.791135060E-2,5.874829949E-4,1.412364654E-3,9.996092319E-1,1.768011794E2,1.636611532E-1,-6.277698368E-2,1.768010860E2
6.059820619E1,2.789467184E-2,5.743618240E-4,1.409784425E-3,9.996097088E-1,1.768030914E2,1.633226025E-1,-6.128497337E-2,1.768030003E2
6.060320619E1,2.788645356E-2,5.669096136E-4,1.406332362E-3,9.996099472E-1,1.768040335E2,1.629028587E-1,-6.044372018E-2,1.768039439E2
6.060820619E1,2.788874234E-2,5.701285554E-4,1.402004506E-3,9.996098876E-1,1.768037711E2,1.624175415E-1,-6.082589837E-2,1.768036812E2
6.061320619E1,2.789942849E-2,5.785688409E-4,1.398418448E-3,9.996095896E-1,1.768025461E2,1.620344054E-1,-6.180243528E-2,1.768024550E2
6.061820619E1,2.791383941E-2,5.889434833E-4,1.404735027E-3,9.996091723E-1,1.768008941E2,1.627920301E-1,-6.296827604E-2,1.768008009E2
6.062320619E1,2.790766783E-2,5.844840780E-4,1.401974238E-3,9.996093512E-1,1.768016016E2,1.624611386E-1,-6.246729962E-2,1.768015093E2
6.062820619E1,2.789301496E-2,5.731618730E-4,1.400764100E-3,9.996097684E-1,1.768032813E2,1.622854129E-1,-6.117662601E-2,1.768031910E2
6.063320619E1,2.789083393E-2,5.707979435E-4,1.402621740E-3,9.996098280E-1,1.768035313E2,1.624905108E-1,-6.090026207E-2,1.768034413E2
6.063820619E1,2.789521238E-2,5.741720088E-4,1.399125904E-3,9.996097088E-1,1.768030294E2,1.621011259E-1,-6.129721388E-2,1.768029390E2
6.064320619E1,2.791010821E-2,5.864150007E-4,1.395068830E-3,9.996092916E-1,1.768013218E2,1.616764730E-1,-6.271017002E-2,1.768012297E2
6.064820619E1,2.792268196E-2,5.963774747E-4,1.395486295E-3,9.996089339E-1,1.767998804E2,1.617569609E-1,-6.384796982E-2,1.767997866E2
6.065320619E1,2.790763042E-2,5.847594584E-4,1.402603928E-3,9.996093512E-1,1.768016059E2,1.625341462E-1,-6.249683586E-2,1.768015135E2
6.065820619E1,2.789101160E-2,5.712101120E-4,1.398916007E-3,9.996098280E-1,1.768035110E2,1.620673580E-1,-6.095928994E-2,1.768034211E2
6.066320619E1,2.789315507E-2,5.735187442E-4,1.397824846E-3,9.996097684E-1,1.768032653E2,1.619498791E-1,-6.122687681E-2,1.768031751E2
6.066820619E1,2.790754974E-2,5.851689493E-4,1.404037816E-3,9.996093512E-1,1.768016151E2,1.626996985E-1,-6.253916919E-2,1.768015226E2
6.067320619E1,2.792205787E-2,5.948552862E-4,1.408562297E-3,9.996089339E-1,1.767999520E2,1.632498675E-1,-6.363186935E-2,1.767998576E2
6.067820619E1,2.792017701E-2,5.938198301E-4,1.403975533E-3,9.996089935E-1,1.768001676E2,1.627210344E-1,-6.352824377E-2,1.768000736E2
6.068320619E1,2.791014091E-2,5.870329333E-4,1.394154388E-3,9.996092916E-1,1.768013181E2,1.615737048E-1,-6.278387165E-2,1.768012259E2
6.068820619E1,2.789561694E-2,5.749919219E-4,1.390697784E-3,9.996097088E-1,1.768029830E2,1.611383550E-1,-6.141800889E-2,1.768028931E2
6.069320619E1,2.789760897E-2,5.765850074E-4,1.392920385E-3,9.996096492E-1,1.768027547E2,1.613981632E-1,-6.159306522E-2,1.768026643E2
6.069820619E1,2.792067929E-2,5.946790334E-4,1.393584767E-3,9.996089935E-1,1.768001100E2,1.615335840E-1,-6.365982698E-2,1.768000166E2
6.070320619E1,2.792893955E-2,6.019767025E-4,1.395945437E-3,9.996087551E-1,1.767991631E2,1.618278754E-1,-6.448686110E-2,1.767990683E2
6.070820619E1,2.792053972E-2,5.939978873E-4,1.396668144E-3,9.996089935E-1,1.768001260E2,1.618845873E-1,-6.357196101E-2,1.768000325E2
6.071320619E1,2.790354656E-2,5.811756128E-4,1.400384237E-3,9.996094704E-1,1.768020740E2,1.622681714E-1,-6.209407940E-2,1.768019824E2
6.071820619E1,2.790584745E-2,5.833820906E-4,1.396158361E-3,9.996094108E-1,1.768018103E2,1.617913089E-1,-6.235996473E-2,1.768017185E2
6.072320619E1,2.791228132E-2,5.876841024E-4,1.393765211E-3,9.996092319E-1,1.768010727E2,1.615313432E-1,-6.285935985E-2,1.768009804E2
6.072820619E1,2.791826526E-2,5.926821614E-4,1.400029869E-3,9.996090531E-1,1.768003867E2,1.622653087E-1,-6.341086202E-2,1.768002932E2
6.073320619E1,2.792439822E-2,5.974867963E-4,1.403343282E-3,9.996088743E-1,1.767996837E2,1.626606151E-1,-6.394961896E-2,1.767995892E2
6.073820619E1,2.792659578E-2,5.994557869E-4,1.401228830E-3,9.996088147E-1,1.767994317E2,1.624248532E-1,-6.418156963E-2,1.767993371E2
6.074320619E1,2.791811774E-2,5.928962491E-4,1.402877970E-3,9.996090531E-1,1.768004036E2,1.625922259E-1,-6.342629716E-2,1.768003099E2
6.074820619E1,2.790340202E-2,5.818463396E-4,1.402983326E-3,9.996094704E-1,1.768020906E2,1.625680253E-1,-6.216262169E-2,1.768019987E2
6.075320619E1,2.790747900E-2,5.845525884E-4,1.405699644E-3,9.996093512E-1,1.768016232E2,1.628880804E-1,-6.246326390E-2,1.768015307E2
6.075820619E1,2.791998601E-2,5.937215756E-4,1.407810138E-3,9.996089935E-1,1.768001895E2,1.631599505E-1,-6.350475133E-2,1.768000953E2
6.076320619E1,2.791373113E-2,5.898718955E-4,1.406496041E-3,9.996091723E-1,1.768009065E2,1.629967123E-1,-6.306900723E-2,1.768008131E2
6.076820619E1,2.789711137E-2,5.762755172E-4,1.402978087E-3,9.996096492E-1,1.768028117E2,1.625492238E-1,-6.152554130E-2,1.768027208E2
6.077320619E1,2.788881633E-2,5.692086415E-4,1.400906011E-3,9.996098876E-1,1.768037626E2,1.622887765E-1,-6.072402378E-2,1.768036730E2
6.077820619E1,2.788465358E-2,5.657417933E-4,1.400113571E-3,9.996100068E-1,1.768042398E2,1.621866732E-1,-6.033011509E-2,1.768041508E2
6.078320619E1,2.788678859E-2,5.674994900E-4,1.399434172E-3,9.996099472E-1,1.768039951E2,1.621145961E-1,-6.053327852E-2,1.768039058E2
6.078820619E1,2.789693997E-2,5.763676600E-4,1.406344236E-3,9.996096492E-1,1.768028314E2,1.629350905E-1,-6.152536276E-2,1.768027402E2
6.079320619E1,2.790522817E-2,5.815892946E-4,1.409222838E-3,9.996094108E-1,1.768018812E2,1.632820348E-1,-6.211292830E-2,1.768017890E2
6.079820619E1,2.788678085E-2,5.672870902E-4,1.399674569E-3,9.996099472E-1,1.768039960E2,1.621414537E-1,-6.050818181E-2,1.768039067E2
6.080320619E1,2.786588288E-2,5.519326078E-4,1.396339154E-3,9.996105433E-1,1.768063916E2,1.617090923E-1,-5.876341325E-2,1.768063051E2
6.080820619E1,2.786365202E-2,5.495474907E-4,1.399125555E-3,9.996106029E-1,1.768066474E2,1.620205194E-1,-5.848166916E-2,1.768065611E2
6.081320619E1,2.788261321E-2,5.640072632E-4,1.398892608E-3,9.996100664E-1,1.768044737E2,1.620411497E-1,-6.013566232E-2,1.768043851E2
6.081820619E1,2.789100217E-2,5.722221103E-4,1.398690394E-3,9.996098280E-1,1.768035121E2,1.620447488E-1,-6.107593382E-2,1.768034220E2
6.082320619E1,2.788692105E-2,5.689993268E-4,1.396181760E-3,9.996099472E-1,1.768039799E2,1.617468430E-1,-6.071545240E-2,1.768038906E2
6.082820619E1,2.787440496E-2,5.586164189E-4,1.394262654E-3,9.996103048E-1,1.768054147E2,1.614930870E-1,-5.953427753E-2,1.768053272E2
6.083320619E1,2.786817116E-2,5.528935581E-4,1.392956940E-3,9.996104836E-1,1.768061293E2,1.613248726E-1,-5.888391826E-2,1.768060428E2
6.083820619E1,2.787883752E-2,5.619289004E-4,1.389767160E-3,9.996101856E-1,1.768049066E2,1.609889880E-1,-5.992735805E-2,1.768048188E2
6.084320619E1,2.789974784E-2,5.787963746E-4,1.391938073E-3,9.996095896E-1,1.768025095E2,1.612928444E-1,-6.184916565E-2,1.768024188E2
6.084820619E1,2.791010189E-2,5.867175641E-4,1.395068015E-3,9.996092916E-1,1.768013225E2,1.616773470E-1,-6.274483133E-2,1.768012303E2
6.085320619E1,2.790385667E-2,5.819748621E-4,1.393857878E-3,9.996094704E-1,1.768020385E2,1.615231710E-1,-6.220644951E-2,1.768019471E2
6.085820619E1,2.788732247E-2,5.690851249E-4,1.388105564E-3,9.996099472E-1,1.768039339E2,1.608220363E-1,-6.075102481E-2,1.768038450E2
6.086320619E1,2.788315301E-2,5.652100081E-4,1.387602184E-3,9.996100664E-1,1.768044119E2,1.607517395E-1,-6.030942142E-2,1.768043237E2
6.086820619E1,2.790212799E-2,5.808300339E-4,1.386174234E-3,9.996095300E-1,1.768022366E2,1.606392635E-1,-6.210016038E-2,1.768021460E2
6.087320619E1,2.792536696E-2,5.995592219E-4,1.383035560E-3,9.996088743E-1,1.767995726E2,1.603411202E-1,-6.425183789E-2,1.767994791E2
6.087820619E1,2.791686670E-2,5.928853643E-4,1.385196229E-3,9.996091127E-1,1.768005470E2,1.605667203E-1,-6.348182009E-2,1.768004545E2
6.088320619E1,2.790214243E-2,5.807810812E-4,1.385904034E-3,9.996095300E-1,1.768022350E2,1.606081572E-1,-6.209541464E-2,1.768021443E2
6.088820619E1,2.788964041E-2,5.712264683E-4,1.383571653E-3,9.996098876E-1,1.768036682E2,1.603096747E-1,-6.101042653E-2,1.768035792E2
6.089320619E1,2.790022356E-2,5.794603494E-4,1.382091548E-3,9.996095896E-1,1.768024550E2,1.601671060E-1,-6.195662665E-2,1.768023648E2
6.089820619E1,2.790652852E-2,5.836990313E-4,1.382344402E-3,9.996094108E-1,1.768017322E2,1.602100163E-1,-6.244033536E-2,1.768016413E2
6.090320619E1,2.791277627E-2,5.895642098E-4,1.383017516E-3,9.996092319E-1,1.768010160E2,1.603062715E-1,-6.310901845E-2,1.768009241E2
6.090820619E1,2.791293570E-2,5.886997678E-4,1.380165108E-3,9.996092319E-1,1.768009977E2,1.599767813E-1,-6.301909776E-2,1.768009061E2
6.091320619E1,2.789642760E-2,5.756855244E-4,1.374050160E-3,9.996097088E-1,1.768028901E2,1.592336849E-1,-6.155054713E-2,1.768028010E2
6.091820619E1,2.788811513E-2,5.693509011E-4,1.371977967E-3,9.996099472E-1,1.768038430E2,1.589755638E-1,-6.083288225E-2,1.768037551E2
6.092320619E1,2.790270284E-2,5.806429544E-4,1.374633401E-3,9.996095300E-1,1.768021707E2,1.593167321E-1,-6.211554055E-2,1.768020808E2
6.092820619E1,2.791520446E-2,5.916474038E-4,1.376182656E-3,9.996091723E-1,1.768007376E2,1.595301760E-1,-6.336911657E-2,1.768006458E2
6.093320619E1,2.791925908E-2,5.946378806E-4,1.379227731E-3,9.996090531E-1,1.768002728E2,1.598888058E-1,-6.370127657E-2,1.768001803E2
6.093820619E1,2.791713340E-2,5.920017720E-4,1.380190137E-3,9.996091127E-1,1.768005165E2,1.599904772E-1,-6.339657989E-2,1.768004244E2
6.094320619E1,2.791528437E-2,5.916492082E-4,1.374559943E-3,9.996091723E-1,1.768007284E2,1.593443099E-1,-6.337450149E-2,1.768006367E2
6.094820619E1,2.791352983E-2,5.897817900E-4,1.367630204E-3,9.996092319E-1,1.768009296E2,1.585444437E-1,-6.318304088E-2,1.768008386E2
6.095320619E1,2.791343674E-2,5.904148566E-4,1.369256061E-3,9.996092319E-1,1.768009402E2,1.587327000E-1,-6.325037071E-2,1.768008491E2
6.095820619E1,2.792377593E-2,5.980502465E-4,1.372694387E-3,9.996089339E-1,1.767997550E2,1.591516383E-1,-6.411233582E-2,1.767996624E2
6.096320619E1,2.792804882E-2,6.009672652E-4,1.371301827E-3,9.996088147E-1,1.767992652E2,1.590017350E-1,-6.445024734E-2,1.767991722E2
6.096820619E1,2.793046336E-2,6.029421929E-4,1.364690950E-3,9.996087551E-1,1.767989884E2,1.582509560E-1,-6.469724422E-2,1.767988955E2
6.097320619E1,2.791582589E-2,5.920801195E-4,1.363330870E-3,9.996091723E-1,1.768006664E2,1.580594655E-1,-6.345969663E-2,1.768005753E2
6.097820619E1,2.791156975E-2,5.883182748E-4,1.364696072E-3,9.996092916E-1,1.768011543E2,1.582035422E-1,-6.302509565E-2,1.768010637E2
6.098320619E1,2.791797675E-2,5.934296641E-4,1.362403505E-3,9.996091127E-1,1.768004198E2,1.579576930E-1,-6.361690943E-2,1.768003286E2
6.098820619E1,2.792626814E-2,5.998297129E-4,1.364599215E-3,9.996088743E-1,1.767994693E2,1.582302153E-1,-6.434167741E-2,1.767993769E2
6.099320619E1,2.793037488E-2,6.028174539E-4,1.366555691E-3,9.996087551E-1,1.767989985E2,1.584641514E-1,-6.467700133E-2,1.767989055E2
6.099820619E1,2.792189376E-2,5.974866799E-4,1.367812860E-3,9.996089935E-1,1.767999708E2,1.585905498E-1,-6.406370022E-2,1.767998785E2
6.100320619E1,2.791568330E-2,5.916358205E-4,1.366439974E-3,9.996091723E-1,1.768006827E2,1.584141738E-1,-6.339888013E-2,1.768005915E2
6.100820619E1,2.791168263E-2,5.891417968E-4,1.362029579E-3,9.996092916E-1,1.768011413E2,1.579007446E-1,-6.312793848E-2,1.768010508E2
6.101320619E1,2.791994966E-2,5.960059352E-4,1.364580006E-3,9.996090531E-1,1.768001936E2,1.582153735E-1,-6.390473757E-2,1.768001018E2
6.101820619E1,2.793462267E-2,6.068010116E-4,1.365165925E-3,9.996086359E-1,1.767985116E2,1.583179855E-1,-6.513708038E-2,1.767984180E2
6.102320619E1,2.793260575E-2,6.057819119E-4,1.363242744E-3,9.996086955E-1,1.767987428E2,1.580942972E-1,-6.502682124E-2,1.767986495E2
6.102820619E1,2.792219091E-2,5.972745130E-4,1.361826551E-3,9.996089935E-1,1.767999367E2,1.579041760E-1,-6.405850468E-2,1.767998449E2
6.103320619E1,2.791379216E-2,5.913046189E-4,1.361605246E-3,9.996092319E-1,1.768008995E2,1.578591904E-1,-6.337670697E-2,1.768008087E2
6.103820619E1,2.792007399E-2,5.945842713E-4,1.362654963E-3,9.996090531E-1,1.768001794E2,1.579903245E-1,-6.374803003E-2,1.768000879E2
6.104320619E1,2.793894889E-2,6.098131998E-4,1.362577546E-3,9.996085167E-1,1.767980156E2,1.580314210E-1,-6.548971863E-2,1.767979217E2
6.104820619E1,2.794541340E-2,6.152876304E-4,1.358725014E-3,9.996083379E-1,1.767972746E2,1.576080810E-1,-6.612811202E-2,1.767971800E2
6.105320619E1,2.793910528E-2,6.101045292E-4,1.359236310E-3,9.996085167E-1,1.767979977E2,1.576496355E-1,-6.553376231E-2,1.767979040E2
6.105820619E1,2.793076891E-2,6.039750879E-4,1.357964007E-3,9.996087551E-1,1.767989533E2,1.574837307E-1,-6.483704172E-2,1.767988607E2
6.106320619E1,2.791830455E-2,5.940808915E-4,1.355384476E-3,9.996091127E-1,1.768003822E2,1.571557884E-1,-6.371390959E-2,1.768002913E2
6.106820619E1,2.792036912E-2,5.955829402E-4,1.356156194E-3,9.996090531E-1,1.768001455E2,1.572491240E-1,-6.388317072E-2,1.768000544E2
6.107320619E1,2.793496168E-2,6.071527605E-4,1.358053996E-3,9.996086359E-1,1.767984727E2,1.575044836E-1,-6.520008514E-2,1.767983795E2
6.107820619E1,2.793725956E-2,6.089690141E-4,1.353837783E-3,9.996085763E-1,1.767982093E2,1.570274939E-1,-6.542126709E-2,1.767981161E2
6.108320619E1,2.792272656E-2,5.974037922E-4,1.350741950E-3,9.996089935E-1,1.767998753E2,1.566349158E-1,-6.410869713E-2,1.767997842E2
6.108820619E1,2.790149529E-2,5.811861483E-4,1.355436980E-3,9.996095896E-1,1.768023092E2,1.571194995E-1,-6.223933219E-2,1.768022204E2
6.109320619E1,2.790353909E-2,5.820461083E-4,1.356951543E-3,9.996095300E-1,1.768020749E2,1.572958656E-1,-6.233267368E-2,1.768019858E2
6.109820619E1,2.791826232E-2,5.940351402E-4,1.356274122E-3,9.996091127E-1,1.768003871E2,1.572575456E-1,-6.370582933E-2,1.768002961E2
6.110320619E1,2.793105202E-2,6.049429066E-4,1.351695741E-3,9.996087551E-1,1.767989209E2,1.567688358E-1,-6.496792082E-2,1.767988285E2
6.110820619E1,2.792676974E-2,6.004884490E-4,1.354003092E-3,9.996088743E-1,1.767994118E2,1.570186015E-1,-6.445096453E-2,1.767993200E2
6.111320619E1,2.791634869E-2,5.920960102E-4,1.352576539E-3,9.996091723E-1,1.768006064E2,1.568276726E-1,-6.349583807E-2,1.768005160E2
6.111820619E1,2.790608652E-2,5.844808766E-4,1.347393496E-3,9.996094704E-1,1.768017828E2,1.562089645E-1,-6.264173345E-2,1.768016940E2
6.112320619E1,2.790396725E-2,5.834468175E-4,1.347512705E-3,9.996095300E-1,1.768020258E2,1.562191801E-1,-6.252323523E-2,1.768019371E2
6.112820619E1,2.791664539E-2,5.927251186E-4,1.346162171E-3,9.996091723E-1,1.768005724E2,1.560949572E-1,-6.358837412E-2,1.768004823E2
6.113320619E1,2.792296669E-2,5.986995529E-4,1.345192664E-3,9.996089935E-1,1.767998478E2,1.560034234E-1,-6.427484150E-2,1.767997568E2
6.113820619E1,2.791644368E-2,5.921747070E-4,1.350580133E-3,9.996091723E-1,1.768005955E2,1.565992479E-1,-6.351122430E-2,1.768005053E2
6.114320619E1,2.790179734E-2,5.821847590E-4,1.348774415E-3,9.996095896E-1,1.768022745E2,1.563595340E-1,-6.237497532E-2,1.768021860E2
6.114820619E1,2.790421773E-2,5.831691087E-4,1.342436415E-3,9.996095300E-1,1.768019971E2,1.556368334E-1,-6.250761777E-2,1.768019088E2
6.115320619E1,2.791281170E-2,5.906474544E-4,1.338027767E-3,9.996092916E-1,1.768010119E2,1.551562951E-1,-6.337700219E-2,1.768009227E2
6.115820619E1,2.792344640E-2,5.981457070E-4,1.335446141E-3,9.996089935E-1,1.767997928E2,1.548852466E-1,-6.424251313E-2,1.767997025E2
6.116320619E1,2.792117438E-2,5.977750989E-4,1.338498085E-3,9.996090531E-1,1.768000532E2,1.552335059E-1,-6.419064812E-2,1.767999628E2
6.116820619E1,2.791494058E-2,5.926847225E-4,1.337243477E-3,9.996092319E-1,1.768007679E2,1.550731094E-1,-6.361254319E-2,1.768006783E2
6.117320619E1,2.790666582E-2,5.857141223E-4,1.334800851E-3,9.996094704E-1,1.768017164E2,1.547704942E-1,-6.282317809E-2,1.768016282E2
6.117820619E1,2.790461850E-2,5.848052097E-4,1.333363587E-3,9.996095300E-1,1.768019511E2,1.546028245E-1,-6.272397798E-2,1.768018631E2
6.118320619E1,2.791294477E-2,5.911365733E-4,1.335032517E-3,9.996092916E-1,1.768009966E2,1.548147711E-1,-6.344258940E-2,1.768009075E2
6.118820619E1,2.791088971E-2,5.886633880E-4,1.334461849E-3,9.996093512E-1,1.768012322E2,1.547413616E-1,-6.316143741E-2,1.768011435E2
6.119320619E1,2.791726765E-2,5.944106961E-4,1.332444488E-3,9.996091723E-1,1.768005011E2,1.545290694E-1,-6.382523975E-2,1.768004116E2
6.119820619E1,2.790283437E-2,5.824787659E-4,1.327018836E-3,9.996095896E-1,1.768021557E2,1.538685005E-1,-6.247805458E-2,1.768020684E2
6.120320619E1,2.790912626E-2,5.875264760E-4,1.327176811E-3,9.996094108E-1,1.768014344E2,1.539031341E-1,-6.305478004E-2,1.768013463E2
6.120820619E1,2.791976083E-2,5.961044808E-4,1.324138371E-3,9.996091127E-1,1.768002153E2,1.535832070E-1,-6.404544704E-2,1.768001261E2
6.121320619E1,2.791555331E-2,5.935986992E-4,1.323981327E-3,9.996092319E-1,1.768006976E2,1.535569321E-1,-6.375956659E-2,1.768006088E2
6.121820619E1,2.791110890E-2,5.886220024E-4,1.329887775E-3,9.996093512E-1,1.768012071E2,1.542172962E-1,-6.317129292E-2,1.768011187E2
6.122320619E1,2.791289581E-2,5.898724776E-4,1.336614368E-3,9.996092916E-1,1.768010023E2,1.549919208E-1,-6.329273901E-2,1.768009132E2
6.122820619E1,2.791294824E-2,5.899840617E-4,1.335469657E-3,9.996092916E-1,1.768009962E2,1.548611577E-1,-6.330917405E-2,1.768009073E2
6.123320619E1,2.790691570E-2,5.861189566E-4,1.329387887E-3,9.996094704E-1,1.768016878E2,1.541517655E-1,-6.288682248E-2,1.768015998E2
6.123820619E1,2.790873964E-2,5.876458017E-4,1.335229725E-3,9.996094108E-1,1.768014787E2,1.548259290E-1,-6.304275313E-2,1.768013901E2
6.124320619E1,2.791459876E-2,5.923074787E-4,1.344526070E-3,9.996092319E-1,1.768008070E2,1.559060804E-1,-6.354608806E-2,1.768007171E2
6.124820619E1,2.791291618E-2,5.902559496E-4,1.336019603E-3,9.996092916E-1,1.768009999E2,1.549250201E-1,-6.333856382E-2,1.768009109E2
6.125320619E1,2.791329889E-2,5.912895431E-4,1.327539678E-3,9.996092916E-1,1.768009560E2,1.539570002E-1,-6.348402425E-2,1.768008674E2
6.125820619E1,2.791294652E-2,5.898321979E-4,1.335572801E-3,9.996092916E-1,1.768009964E2,1.548724866E-1,-6.329144888E-2,1.768009075E2
6.126320619E1,2.791707225E-2,5.930741900E-4,1.337125665E-3,9.996091723E-1,1.768005235E2,1.550609960E-1,-6.365720165E-2,1.768004339E2
6.126820619E1,2.792155948E-2,5.976654356E-4,1.330489758E-3,9.996090531E-1,1.768000091E2,1.543158496E-1,-6.420365073E-2,1.767999192E2
6.127320619E1,2.791726174E-2,5.941060954E-4,1.332704094E-3,9.996091723E-1,1.768005018E2,1.545578317E-1,-6.378951910E-2,1.768004123E2
6.127820619E1,2.791900048E-2,5.957459798E-4,1.340233837E-3,9.996091127E-1,1.768003024E2,1.554256993E-1,-6.395300330E-2,1.768002123E2
6.128320619E1,2.791882414E-2,5.949364277E-4,1.344260876E-3,9.996091127E-1,1.768003227E2,1.558843832E-1,-6.384741518E-2,1.768002323E2
6.128820619E1,2.791721899E-2,5.943581345E-4,1.333486987E-3,9.996091723E-1,1.768005067E2,1.546483134E-1,-6.381589138E-2,1.768004171E2
6.129320619E1,2.791072788E-2,5.891554756E-4,1.337625668E-3,9.996093512E-1,1.768012508E2,1.551053316E-1,-6.320771028E-2,1.768011618E2
6.129820619E1,2.791037651E-2,5.890236353E-4,1.344994875E-3,9.996093512E-1,1.768012911E2,1.559490086E-1,-6.316909334E-2,1.768012016E2
6.130320619E1,2.790659703E-2,5.863120314E-4,1.335976063E-3,9.996094704E-1,1.768017243E2,1.549070192E-1,-6.288791906E-2,1.768016359E2
6.130820619E1,2.791105975E-2,5.888476735E-4,1.330818981E-3,9.996093512E-1,1.768012127E2,1.543246819E-1,-6.319417198E-2,1.768011242E2
6.131320619E1,2.790862711E-2,5.870701279E-4,1.337832655E-3,9.996094108E-1,1.768014916E2,1.551222387E-1,-6.296850431E-2,1.768014029E2
6.131820619E1,2.791302811E-2,5.907241139E-4,1.333471737E-3,9.996092916E-1,1.768009871E2,1.546346742E-1,-6.340032302E-2,1.768008981E2
6.132320619E1,2.790911791E-2,5.883109989E-4,1.327004866E-3,9.996094108E-1,1.768014353E2,1.538859469E-1,-6.314519585E-2,1.768013472E2
6.132820619E1,2.790485089E-2,5.845870473E-4,1.328587066E-3,9.996095300E-1,1.768019245E2,1.540550049E-1,-6.271422636E-2,1.768018368E2
6.133320619E1,2.790239922E-2,5.827831337E-4,1.336004352E-3,9.996095896E-1,1.768022055E2,1.548987114E-1,-6.248425502E-2,1.768021177E2
6.133820619E1,2.790033531E-2,5.803279346E-4,1.335579436E-3,9.996096492E-1,1.768024421E2,1.548420592E-1,-6.220469805E-2,1.768023547E2
6.134320619E1,2.790894097E-2,5.871868343E-4,1.331217471E-3,9.996094108E-1,1.768014556E2,1.543648818E-1,-6.300298076E-2,1.768013674E2
6.134820619E1,2.790470082E-2,5.846556160E-4,1.331705367E-3,9.996095300E-1,1.768019417E2,1.544124071E-1,-6.271213231E-2,1.768018538E2
6.135320619E1,2.790661451E-2,5.857925862E-4,1.335838810E-3,9.996094704E-1,1.768017223E2,1.548896370E-1,-6.282885449E-2,1.768016340E2
6.135820619E1,2.790876032E-2,5.877478397E-4,1.334752538E-3,9.996094108E-1,1.768014763E2,1.547715963E-1,-6.305596420E-2,1.768013878E2
6.136320619E1,2.790243133E-2,5.814155447E-4,1.335929730E-3,9.996095896E-1,1.768022019E2,1.548857926E-1,-6.232783564E-2,1.768021142E2
6.136820619E1,2.788951542E-2,5.720778136E-4,1.342052943E-3,9.996099472E-1,1.768036825E2,1.555565388E-1,-6.124065908E-2,1.768035960E2
6.137320619E1,2.790176096E-2,5.815045442E-4,1.349819941E-3,9.996095896E-1,1.768022787E2,1.564771186E-1,-6.229372160E-2,1.768021902E2
6.137820619E1,2.790629784E-2,5.857149372E-4,1.342471805E-3,9.996094704E-1,1.768017586E2,1.556491591E-1,-6.279879733E-2,1.768016699E2
6.138320619E1,2.789805366E-2,5.781299551E-4,1.339577721E-3,9.996097088E-1,1.768027037E2,1.552928819E-1,-6.194049743E-2,1.768026164E2
6.138820619E1,2.788974471E-2,5.721027264E-4,1.337268972E-3,9.996099472E-1,1.768036562E2,1.550086423E-1,-6.125876675E-2,1.768035700E2
6.139320619E1,2.789600973E-2,5.762376240E-4,1.338480157E-3,9.996097684E-1,1.768029380E2,1.551609829E-1,-6.172756298E-2,1.768028510E2
6.139820619E1,2.789838611E-2,5.789088900E-4,1.332297921E-3,9.996097088E-1,1.768026656E2,1.544615129E-1,-6.205294392E-2,1.768025786E2
6.140320619E1,2.790465557E-2,5.837742938E-4,1.333039370E-3,9.996095300E-1,1.768019469E2,1.545623920E-1,-6.260692084E-2,1.768018591E2
6.140820619E1,2.791099753E-2,5.884771817E-4,1.332287095E-3,9.996093512E-1,1.768012199E2,1.544916610E-1,-6.314704723E-2,1.768011313E2
6.141320619E1,2.791526987E-2,5.930893822E-4,1.330171246E-3,9.996092319E-1,1.768007301E2,1.542643217E-1,-6.368146827E-2,1.768006410E2
6.141820619E1,2.791308687E-2,5.908652674E-4,1.332178595E-3,9.996092916E-1,1.768009804E2,1.544870039E-1,-6.342061899E-2,1.768008915E2
6.142320619E1,2.790894252E-2,5.867376458E-4,1.331383013E-3,9.996094108E-1,1.768014554E2,1.543824076E-1,-6.295099796E-2,1.768013672E2
6.142820619E1,2.791294328E-2,5.899848184E-4,1.335572917E-3,9.996092916E-1,1.768009968E2,1.548729879E-1,-6.330893120E-2,1.768009078E2
6.143320619E1,2.792531027E-2,5.994769162E-4,1.340481103E-3,9.996089339E-1,1.767995791E2,1.554663666E-1,-6.437859768E-2,1.767994883E2
6.143820619E1,2.793368306E-2,6.063382607E-4,1.340735354E-3,9.996086955E-1,1.767986193E2,1.555179943E-1,-6.516242632E-2,1.767985274E2
6.144320619E1,2.792931055E-2,6.035617553E-4,1.344197546E-3,9.996088147E-1,1.767991205E2,1.559054062E-1,-6.483398593E-2,1.767990288E2
6.144820619E1,2.793371024E-2,6.060304004E-4,1.340308227E-3,9.996086955E-1,1.767986162E2,1.554680844E-1,-6.512852496E-2,1.767985243E2
6.145320619E1,2.791498514E-2,5.926443846E-4,1.336330781E-3,9.996092319E-1,1.768007627E2,1.549684365E-1,-6.361083533E-2,1.768006733E2
6.145820619E1,2.791959342E-2,5.968870828E-4,1.327311969E-3,9.996091127E-1,1.768002345E2,1.539492266E-1,-6.412496357E-2,1.768001449E2
6.146320619E1,2.791684904E-2,5.941267591E-4,1.341312192E-3,9.996091723E-1,1.768005491E2,1.555439037E-1,-6.376441146E-2,1.768004591E2
6.146820619E1,2.791404389E-2,5.909589818E-4,1.356585301E-3,9.996092319E-1,1.768008706E2,1.572830807E-1,-6.335313343E-2,1.768007802E2
6.147320619E1,2.791675985E-2,5.940891569E-4,1.343183918E-3,9.996091723E-1,1.768005593E2,1.557581783E-1,-6.375413026E-2,1.768004692E2
6.147820619E1,2.790219665E-2,5.819412763E-4,1.340594143E-3,9.996095896E-1,1.768022288E2,1.554217539E-1,-6.237317868E-2,1.768021408E2
6.148320619E1,2.790431317E-2,5.838250509E-4,1.340165501E-3,9.996095300E-1,1.768019861E2,1.553788104E-1,-6.259000069E-2,1.768018978E2
6.148820619E1,2.789807657E-2,5.792680313E-4,1.338608563E-3,9.996097088E-1,1.768027011E2,1.551855077E-1,-6.207395530E-2,1.768026136E2
6.149320619E1,2.789832556E-2,5.783693632E-4,1.333799213E-3,9.996097088E-1,1.768026725E2,1.546317528E-1,-6.198635254E-2,1.768025855E2
6.149820619E1,2.789987946E-2,5.800437648E-4,1.345191034E-3,9.996096492E-1,1.768024944E2,1.559421030E-1,-6.214148788E-2,1.768024064E2
6.150320619E1,2.789348133E-2,5.754948361E-4,1.346952165E-3,9.996098280E-1,1.768032279E2,1.561288965E-1,-6.161579107E-2,1.768031405E2
6.150820619E1,2.788969414E-2,5.727193784E-4,1.338059432E-3,9.996099472E-1,1.768036620E2,1.551011551E-1,-6.132688384E-2,1.768035756E2
6.151320619E1,2.788754464E-2,5.696573644E-4,1.339638489E-3,9.996100068E-1,1.768039084E2,1.552721137E-1,-6.097142686E-2,1.768038224E2
6.151820619E1,2.788113845E-2,5.651937681E-4,1.341444440E-3,9.996101856E-1,1.768046428E2,1.554643274E-1,-6.045536068E-2,1.768045574E2
6.152320619E1,2.788535440E-2,5.681114853E-4,1.341410913E-3,9.996100664E-1,1.768041595E2,1.554700660E-1,-6.078902761E-2,1.768040736E2
6.152820619E1,2.788762105E-2,5.698415916E-4,1.337968512E-3,9.996100068E-1,1.768038997E2,1.550814160E-1,-6.099785452E-2,1.768038137E2
6.153320619E1,2.788577806E-2,5.685282522E-4,1.332396874E-3,9.996100664E-1,1.768041109E2,1.544388913E-1,-6.086550600E-2,1.768040255E2
6.153820619E1,2.788152229E-2,5.655642599E-4,1.333285472E-3,9.996101856E-1,1.768045988E2,1.545309479E-1,-6.052380819E-2,1.768045138E2
6.154320619E1,2.788579619E-2,5.691914121E-4,1.331734238E-3,9.996100664E-1,1.768041089E2,1.543651086E-1,-6.094358361E-2,1.768040234E2
6.154820619E1,2.789005368E-2,5.733162398E-4,1.330287079E-3,9.996099472E-1,1.768036208E2,1.542127841E-1,-6.142003752E-2,1.768035348E2
6.155320619E1,2.788169004E-2,5.655620480E-4,1.329773804E-3,9.996101856E-1,1.768045796E2,1.541286994E-1,-6.053474901E-2,1.768044948E2
6.155820619E1,2.787740846E-2,5.623511388E-4,1.331289415E-3,9.996103048E-1,1.768050704E2,1.542917909E-1,-6.016276761E-2,1.768049860E2
6.156320619E1,2.787730793E-2,5.621357122E-4,1.333483728E-3,9.996103048E-1,1.768050819E2,1.545424489E-1,-6.013109674E-2,1.768049975E2
6.156820619E1,2.787741065E-2,5.624559708E-4,1.331199310E-3,9.996103048E-1,1.768050701E2,1.542818046E-1,-6.017506331E-2,1.768049858E2
6.157320619E1,2.788380404E-2,5.678692833E-4,1.329269609E-3,9.996101260E-1,1.768043372E2,1.540784461E-1,-6.080032079E-2,1.768042521E2
6.157820619E1,2.789001820E-2,5.719204200E-4,1.331631211E-3,9.996099472E-1,1.768036249E2,1.543622870E-1,-6.125586028E-2,1.768035390E2
6.158320619E1,2.788996202E-2,5.731440615E-4,1.332281623E-3,9.996099472E-1,1.768036313E2,1.544406974E-1,-6.139395453E-2,1.768035452E2
6.158820619E1,2.789003765E-2,5.717508029E-4,1.331296633E-3,9.996099472E-1,1.768036226E2,1.543234211E-1,-6.123749749E-2,1.768035368E2
6.159320619E1,2.789206522E-2,5.736117018E-4,1.332771499E-3,9.996098876E-1,1.768033902E2,1.544984353E-1,-6.144563055E-2,1.768033040E2
6.159820619E1,2.789637200E-2,5.768389092E-4,1.330648083E-3,9.996097684E-1,1.768028965E2,1.542657861E-1,-6.182141949E-2,1.768028099E2
6.160320619E1,2.789033345E-2,5.731499405E-4,1.324480516E-3,9.996099472E-1,1.768035887E2,1.535471446E-1,-6.141950357E-2,1.768035031E2
6.160820619E1,2.788616993E-2,5.695623695E-4,1.323725563E-3,9.996100664E-1,1.768040660E2,1.534489460E-1,-6.101161051E-2,1.768039810E2
6.161320619E1,2.788391651E-2,5.686199293E-4,1.326586818E-3,9.996101260E-1,1.768043243E2,1.537735456E-1,-6.089486009E-2,1.768042393E2
6.161820619E1,2.789235035E-2,5.736880121E-4,1.326757832E-3,9.996098876E-1,1.768033575E2,1.538098485E-1,-6.147354916E-2,1.768032717E2
6.162320619E1,2.789871158E-2,5.800438230E-4,1.324968645E-3,9.996097088E-1,1.768026283E2,1.536256144E-1,-6.220632868E-2,1.768025415E2
6.162820619E1,2.789259246E-2,5.749207339E-4,1.321122516E-3,9.996098876E-1,1.768033298E2,1.531682945E-1,-6.163272877E-2,1.768032441E2
6.163320619E1,2.789489046E-2,5.759868072E-4,1.317232265E-3,9.996098280E-1,1.768030663E2,1.527262272E-1,-6.176692763E-2,1.768029807E2
6.163820619E1,2.789081420E-2,5.730240955E-4,1.314372872E-3,9.996099472E-1,1.768035336E2,1.523889703E-1,-6.143732003E-2,1.768034486E2
6.164320619E1,2.788851210E-2,5.718244356E-4,1.318406779E-3,9.996100068E-1,1.768037975E2,1.528470672E-1,-6.128736179E-2,1.768037125E2
6.164820619E1,2.789066414E-2,5.727415555E-4,1.317676157E-3,9.996099472E-1,1.768035508E2,1.527664398E-1,-6.139442112E-2,1.768034657E2
6.165320619E1,2.789694670E-2,5.790513242E-4,1.317574526E-3,9.996097684E-1,1.768028306E2,1.527753566E-1,-6.211655013E-2,1.768027445E2
6.165820619E1,2.789897780E-2,5.796868936E-4,1.319508068E-3,9.996097088E-1,1.768025978E2,1.529989965E-1,-6.218286051E-2,1.768025114E2
6.166320619E1,2.788867636E-2,5.717285094E-4,1.314969268E-3,9.996100068E-1,1.768037787E2,1.524530136E-1,-6.128733455E-2,1.768036939E2
6.166820619E1,2.787803018E-2,5.640526651E-4,1.317478833E-3,9.996103048E-1,1.768049991E2,1.527153014E-1,-6.040169657E-2,1.768049153E2
6.167320619E1,2.788217782E-2,5.674232962E-4,1.318707364E-3,9.996101856E-1,1.768045236E2,1.528670469E-1,-6.078323297E-2,1.768044393E2
6.167820619E1,2.789494688E-2,5.762560759E-4,1.315918867E-3,9.996098280E-1,1.768030599E2,1.525766456E-1,-6.180196131E-2,1.768029743E2
6.168320619E1,2.789694269E-2,5.782833323E-4,1.317996648E-3,9.996097684E-1,1.768028311E2,1.528212539E-1,-6.202723022E-2,1.768027450E2
6.168820619E1,2.789241727E-2,5.745092058E-4,1.324994490E-3,9.996098876E-1,1.768033498E2,1.536104917E-1,-6.157324026E-2,1.768032640E2
6.169320619E1,2.788600217E-2,5.702894414E-4,1.326942816E-3,9.996100664E-1,1.768040852E2,1.538197865E-1,-6.108463907E-2,1.768039999E2
6.169820619E1,2.788822147E-2,5.716208834E-4,1.324628131E-3,9.996100068E-1,1.768038308E2,1.535590368E-1,-6.124420749E-2,1.768037454E2
6.170320619E1,2.789034099E-2,5.723064533E-4,1.324686571E-3,9.996099472E-1,1.768035879E2,1.535680521E-1,-6.132222501E-2,1.768035023E2
6.170820619E1,2.789844262E-2,5.794935860E-4,1.330859610E-3,9.996097088E-1,1.768026591E2,1.542986314E-1,-6.212450858E-2,1.768025721E2
6.171320619E1,2.790467234E-2,5.848493311E-4,1.332216896E-3,9.996095300E-1,1.768019450E2,1.544716189E-1,-6.273269043E-2,1.768018570E2
6.171820619E1,2.790069033E-2,5.816998892E-4,1.327542006E-3,9.996096492E-1,1.768024014E2,1.539258037E-1,-6.238749401E-2,1.768023143E2
6.172320619E1,2.789645978E-2,5.780353677E-4,1.328286482E-3,9.996097684E-1,1.768028864E2,1.539991020E-1,-6.196600605E-2,1.768027998E2
6.172820619E1,2.790262764E-2,5.831277813E-4,1.331074396E-3,9.996095896E-1,1.768021794E2,1.543351156E-1,-6.253946144E-2,1.768020918E2
6.173320619E1,2.790896321E-2,5.873182090E-4,1.330693252E-3,9.996094108E-1,1.768014531E2,1.543052557E-1,-6.301970245E-2,1.768013648E2
6.173820619E1,2.790704401E-2,5.857071374E-4,1.326873549E-3,9.996094704E-1,1.768016731E2,1.538624464E-1,-6.284767097E-2,1.768015853E2
6.174320619E1,2.790268868E-2,5.818814388E-4,1.330340165E-3,9.996095896E-1,1.768021724E2,1.542470299E-1,-6.239903512E-2,1.768020850E2
6.174820619E1,2.790284855E-2,5.821344093E-4,1.326871803E-3,9.996095896E-1,1.768021540E2,1.538505581E-1,-6.243907759E-2,1.768020668E2
6.175320619E1,2.790084594E-2,5.818692152E-4,1.324193086E-3,9.996096492E-1,1.768023836E2,1.535427458E-1,-6.241757329E-2,1.768022966E2
6.175820619E1,2.790284825E-2,5.828277790E-4,1.326573663E-3,9.996095896E-1,1.768021541E2,1.538186242E-1,-6.251945425E-2,1.768020668E2
6.176320619E1,2.789640708E-2,5.775099271E-4,1.329621067E-3,9.996097684E-1,1.768028925E2,1.541502918E-1,-6.190156022E-2,1.768028058E2
6.176820619E1,2.789849925E-2,5.795215257E-4,1.329659717E-3,9.996097088E-1,1.768026526E2,1.541612800E-1,-6.213153633E-2,1.768025657E2
6.177320619E1,2.789650767E-2,5.782673252E-4,1.327179139E-3,9.996097684E-1,1.768028809E2,1.538730036E-1,-6.199610863E-2,1.768027943E2
6.177820619E1,2.788401365E-2,5.685262149E-4,1.324583776E-3,9.996101260E-1,1.768043132E2,1.535438092E-1,-6.089051091E-2,1.768042283E2
6.178320619E1,2.788200152E-2,5.664984928E-4,1.322826254E-3,9.996101856E-1,1.768045439E2,1.533358884E-1,-6.066416618E-2,1.768044594E2
6.178820619E1,2.787585280E-2,5.615814589E-4,1.319381176E-3,9.996103644E-1,1.768052487E2,1.529251833E-1,-6.011288323E-2,1.768051652E2
6.179320619E1,2.787364154E-2,5.590981455E-4,1.321992255E-3,9.996104240E-1,1.768055022E2,1.532162095E-1,-5.982042532E-2,1.768054189E2
6.179820619E1,2.790246071E-2,5.831105518E-4,1.334576518E-3,9.996095896E-1,1.768021985E2,1.547362080E-1,-6.252631567E-2,1.768021107E2
6.180320619E1,2.792080077E-2,5.972879007E-4,1.346485224E-3,9.996090531E-1,1.768000961E2,1.561468261E-1,-6.410934365E-2,1.768000052E2
6.180820619E1,2.788542975E-2,5.692541599E-4,1.339358627E-3,9.996100664E-1,1.768041509E2,1.552386387E-1,-6.092646385E-2,1.768040649E2
6.181320619E1,2.786451730E-2,5.530588096E-4,1.336524379E-3,9.996106625E-1,1.768065482E2,1.548609925E-1,-5.908363332E-2,1.768064650E2
6.181820619E1,2.787467742E-2,5.606673658E-4,1.344366348E-3,9.996103644E-1,1.768053835E2,1.557841736E-1,-5.992854658E-2,1.768052986E2
6.182320619E1,2.788912223E-2,5.716176820E-4,1.350394101E-3,9.996099472E-1,1.768037276E2,1.565104998E-1,-6.116135572E-2,1.768036406E2
6.182820619E1,2.791062286E-2,5.886847503E-4,1.340021961E-3,9.996093512E-1,1.768012628E2,1.553783076E-1,-6.314614215E-2,1.768011738E2
6.183320619E1,2.789614647E-2,5.771368742E-4,1.335238921E-3,9.996097684E-1,1.768029223E2,1.547925920E-1,-6.184090948E-2,1.768028354E2
6.183820619E1,2.788130652E-2,5.647361395E-4,1.338139758E-3,9.996101856E-1,1.768046235E2,1.550843335E-1,-6.041347322E-2,1.768045384E2
6.184320619E1,2.787460031E-2,5.601752782E-4,1.346169040E-3,9.996103644E-1,1.768053923E2,1.559890902E-1,-5.986643317E-2,1.768053074E2
6.184820619E1,2.787700887E-2,5.621199380E-4,1.339727663E-3,9.996103048E-1,1.768051162E2,1.552576057E-1,-6.010938947E-2,1.768050314E2
6.185320619E1,2.789801963E-2,5.792810698E-4,1.339789131E-3,9.996097088E-1,1.768027076E2,1.553207765E-1,-6.207168342E-2,1.768026201E2
6.185820619E1,2.792296234E-2,5.981438444E-4,1.345530269E-3,9.996089935E-1,1.767998483E2,1.560403165E-1,-6.421010728E-2,1.767997574E2
6.186320619E1,2.791021460E-2,5.871932954E-4,1.349148690E-3,9.996093512E-1,1.768013096E2,1.564189513E-1,-6.294617355E-2,1.768012202E2
6.186820619E1,2.787890981E-2,5.625798367E-4,1.344443182E-3,9.996102452E-1,1.768048983E2,1.557993387E-1,-6.014670918E-2,1.768048131E2
6.187320619E1,2.787488791E-2,5.606529885E-4,1.340000774E-3,9.996103644E-1,1.768053593E2,1.552840761E-1,-5.994081192E-2,1.768052747E2
6.187820619E1,2.790443948E-2,5.846060230E-4,1.337191788E-3,9.996095300E-1,1.768019717E2,1.550406856E-1,-6.268894801E-2,1.768018834E2
6.188320619E1,2.791904723E-2,5.952769425E-4,1.339468174E-3,9.996091127E-1,1.768002971E2,1.553364971E-1,-6.390171895E-2,1.768002070E2
6.188820619E1,2.789802451E-2,5.794354947E-4,1.339620678E-3,9.996097088E-1,1.768027070E2,1.553019747E-1,-6.208991009E-2,1.768026195E2
6.189320619E1,2.788304032E-2,5.670863902E-4,1.345524797E-3,9.996101260E-1,1.768044248E2,1.559378834E-1,-6.065882115E-2,1.768043388E2
6.189820619E1,2.787447373E-2,5.603864556E-4,1.348699909E-3,9.996103644E-1,1.768054068E2,1.562796612E-1,-5.988255838E-2,1.768053217E2
6.190320619E1,2.789337808E-2,5.742936046E-4,1.349600381E-3,9.996098280E-1,1.768032397E2,1.564283958E-1,-6.146974502E-2,1.768031523E2
6.190820619E1,2.789565654E-2,5.757802282E-4,1.346016885E-3,9.996097684E-1,1.768029785E2,1.560228093E-1,-6.165113191E-2,1.768028911E2
6.191320619E1,2.788943880E-2,5.722512142E-4,1.343570533E-3,9.996099472E-1,1.768036913E2,1.557309239E-1,-6.125568331E-2,1.768036046E2
6.191820619E1,2.788498307E-2,5.685954238E-4,1.348904218E-3,9.996100664E-1,1.768042021E2,1.563299266E-1,-6.082057436E-2,1.768041157E2
6.192320619E1,2.787260877E-2,5.577974953E-4,1.344131539E-3,9.996104240E-1,1.768056206E2,1.557479858E-1,-5.960088407E-2,1.768055362E2
6.192820619E1,2.787061285E-2,5.568258930E-4,1.341591822E-3,9.996104836E-1,1.768058494E2,1.554538461E-1,-5.949801238E-2,1.768057653E2
6.193320619E1,2.789372751E-2,5.748354015E-4,1.342127100E-3,9.996098280E-1,1.768031996E2,1.555741063E-1,-6.155563965E-2,1.768031127E2
6.193820619E1,2.790001682E-2,5.806090194E-4,1.342094620E-3,9.996096492E-1,1.768024787E2,1.555892335E-1,-6.221611444E-2,1.768023908E2
6.194320619E1,2.788326844E-2,5.668925005E-4,1.340871095E-3,9.996101260E-1,1.768043986E2,1.554042094E-1,-6.065144596E-2,1.768043130E2
6.194820619E1,2.787049669E-2,5.558887497E-4,1.344390679E-3,9.996104836E-1,1.768058627E2,1.557714472E-1,-5.938174452E-2,1.768057786E2
6.195320619E1,2.787882216E-2,5.624078331E-4,1.346331206E-3,9.996102452E-1,1.768049083E2,1.560150517E-1,-6.012098856E-2,1.768048231E2
6.195820619E1,2.789589789E-2,5.761269131E-4,1.340856659E-3,9.996097684E-1,1.768029508E2,1.554328435E-1,-6.170730172E-2,1.768028637E2
6.196320619E1,2.789991505E-2,5.791505100E-4,1.344837714E-3,9.996096492E-1,1.768024903E2,1.558987773E-1,-6.204029244E-2,1.768024025E2
6.196820619E1,2.788293036E-2,5.667170626E-4,1.347956830E-3,9.996101260E-1,1.768044374E2,1.562152790E-1,-6.060876204E-2,1.768043513E2
6.197320619E1,2.787013189E-2,5.569095374E-4,1.351511804E-3,9.996104836E-1,1.768059045E2,1.565903908E-1,-5.947598625E-2,1.768058199E2
6.197820619E1,2.787439608E-2,5.601306912E-4,1.350409817E-3,9.996103644E-1,1.768054157E2,1.564747047E-1,-5.984781159E-2,1.768053306E2
6.198320619E1,2.788508775E-2,5.682224291E-4,1.346895937E-3,9.996100664E-1,1.768041901E2,1.560986982E-1,-6.078425004E-2,1.768041038E2
6.198820619E1,2.788948037E-2,5.722479546E-4,1.342708711E-3,9.996099472E-1,1.768036865E2,1.556321968E-1,-6.125805783E-2,1.768035999E2
6.199320619E1,2.788099078E-2,5.653008120E-4,1.344465185E-3,9.996101856E-1,1.768046597E2,1.558106783E-1,-6.045799387E-2,1.768045741E2
6.199820619E1,2.787254096E-2,5.576296244E-4,1.345606521E-3,9.996104240E-1,1.768056284E2,1.559164006E-1,-5.957695438E-2,1.768055439E2
6.200320619E1,2.786844991E-2,5.551165668E-4,1.342820353E-3,9.996105433E-1,1.768060974E2,1.555889830E-1,-5.929862723E-2,1.768060135E2
6.200820619E1,2.787679345E-2,5.623495090E-4,1.344106626E-3,9.996103048E-1,1.768051409E2,1.557599239E-1,-6.012173084E-2,1.768050558E2
6.201320619E1,2.789571364E-2,5.760451313E-4,1.344719436E-3,9.996097684E-1,1.768029720E2,1.558750406E-1,-6.168561437E-2,1.768028846E2
6.201820619E1,2.788972948E-2,5.720306654E-4,1.337617403E-3,9.996099472E-1,1.768036580E2,1.550483228E-1,-6.124940115E-2,1.768035717E2
6.202320619E1,2.787049535E-2,5.571338115E-4,1.343902899E-3,9.996104836E-1,1.768058629E2,1.557195500E-1,-5.952592064E-2,1.768057786E2
6.202820619E1,2.786391552E-2,5.519470433E-4,1.349467319E-3,9.996106625E-1,1.768066172E2,1.563399844E-1,-5.891504955E-2,1.768065334E2
6.203320619E1,2.787251994E-2,5.574860261E-4,1.346101169E-3,9.996104240E-1,1.768056308E2,1.559726013E-1,-5.955892898E-2,1.768055463E2
6.203820619E1,2.788521454E-2,5.689245882E-4,1.343971351E-3,9.996100664E-1,1.768041755E2,1.557659468E-1,-6.087400589E-2,1.768040894E2
6.204320619E1,2.788321701E-2,5.663469783E-4,1.342170406E-3,9.996101260E-1,1.768044045E2,1.555512955E-1,-6.058481442E-2,1.768043189E2
6.204820619E1,2.787262829E-2,5.580370780E-4,1.343627227E-3,9.996104240E-1,1.768056184E2,1.556909848E-1,-5.962993530E-2,1.768055340E2
6.205320619E1,2.785815698E-2,5.468215677E-4,1.337939757E-3,9.996108413E-1,1.768072773E2,1.550028314E-1,-5.836564293E-2,1.768071950E2
6.205820619E1,2.785602355E-2,5.458773812E-4,1.338212984E-3,9.996109009E-1,1.768075219E2,1.550309901E-1,-5.825694785E-2,1.768074397E2
6.206320619E1,2.786857620E-2,5.560563295E-4,1.339807175E-3,9.996105433E-1,1.768060829E2,1.552468408E-1,-5.941587739E-2,1.768059990E2
6.206820619E1,2.787695076E-2,5.621918244E-4,1.340906136E-3,9.996103048E-1,1.768051229E2,1.553928225E-1,-6.011386818E-2,1.768050380E2
6.207320619E1,2.787061196E-2,5.575093091E-4,1.341326395E-3,9.996104836E-1,1.768058495E2,1.554256250E-1,-5.957714348E-2,1.768057653E2
6.207820619E1,2.785173986E-2,5.424255505E-4,1.339731039E-3,9.996110201E-1,1.768080129E2,1.551936119E-1,-5.785737020E-2,1.768079312E2
6.208320619E1,2.785574001E-2,5.449663731E-4,1.344471704E-3,9.996109009E-1,1.768075544E2,1.557449845E-1,-5.813266000E-2,1.768074720E2
6.208820619E1,2.786847007E-2,5.555421230E-4,1.342225820E-3,9.996105433E-1,1.768060951E2,1.555222412E-1,-5.934926895E-2,1.768060111E2
6.209320619E1,2.787683840E-2,5.615843693E-4,1.343494165E-3,9.996103048E-1,1.768051357E2,1.556873266E-1,-6.003603596E-2,1.768050508E2
6.209820619E1,2.787863302E-2,5.623344914E-4,1.350272796E-3,9.996102452E-1,1.768049300E2,1.564663039E-1,-6.010002464E-2,1.768048445E2
6.210320619E1,2.787421038E-2,5.590188084E-4,1.354696811E-3,9.996103644E-1,1.768054370E2,1.569622049E-1,-5.970678422E-2,1.768053518E2
6.210820619E1,2.787020920E-2,5.557947443E-4,1.350376173E-3,9.996104836E-1,1.768058957E2,1.564567514E-1,-5.935190495E-2,1.768058112E2
6.211320619E1,2.787242593E-2,5.575023242E-4,1.348039717E-3,9.996104240E-1,1.768056416E2,1.561947030E-1,-5.955461877E-2,1.768055570E2
6.211820619E1,2.787658327E-2,5.620226730E-4,1.348594902E-3,9.996103048E-1,1.768051650E2,1.562729865E-1,-6.006998769E-2,1.768050797E2
6.212320619E1,2.789119978E-2,5.728377146E-4,1.351089915E-3,9.996098876E-1,1.768034894E2,1.565942301E-1,-6.129855741E-2,1.768034022E2
6.212820619E1,2.789138645E-2,5.728529650E-4,1.347224461E-3,9.996098876E-1,1.768034680E2,1.561515136E-1,-6.131262985E-2,1.768033810E2
6.213320619E1,2.787905743E-2,5.633032415E-4,1.341074938E-3,9.996102452E-1,1.768048814E2,1.554158360E-1,-6.024031081E-2,1.768047963E2
6.213820619E1,2.787490194E-2,5.599256256E-4,1.340013114E-3,9.996103644E-1,1.768053577E2,1.552831669E-1,-5.985745313E-2,1.768052732E2
6.214320619E1,2.788118208E-2,5.661065807E-4,1.340152114E-3,9.996101856E-1,1.768046378E2,1.553192144E-1,-6.056404279E-2,1.768045523E2
6.214820619E1,2.789168924E-2,5.735644954E-4,1.340636984E-3,9.996098876E-1,1.768034333E2,1.553992299E-1,-6.141514132E-2,1.768033466E2
6.215320619E1,2.789151063E-2,5.726111704E-4,1.344754128E-3,9.996098876E-1,1.768034538E2,1.558677788E-1,-6.129280936E-2,1.768033670E2
6.215820619E1,2.788729827E-2,5.695984582E-4,1.344782300E-3,9.996100068E-1,1.768039367E2,1.558611193E-1,-6.094827933E-2,1.768038504E2
6.216320619E1,2.788757406E-2,5.707274540E-4,1.338570146E-3,9.996100068E-1,1.768039050E2,1.551531598E-1,-6.109741191E-2,1.768038189E2
6.216820619E1,2.788559519E-2,5.681127659E-4,1.336395391E-3,9.996100664E-1,1.768041319E2,1.548955711E-1,-6.080516415E-2,1.768040463E2
6.217320619E1,2.787908434E-2,5.629871157E-4,1.340648159E-3,9.996102452E-1,1.768048783E2,1.553659413E-1,-6.020545886E-2,1.768047933E2
6.217820619E1,2.788527350E-2,5.684811622E-4,1.342935255E-3,9.996100664E-1,1.768041688E2,1.556458515E-1,-6.082651448E-2,1.768040828E2
6.218320619E1,2.788947122E-2,5.724863731E-4,1.342797186E-3,9.996099472E-1,1.768036876E2,1.556430929E-1,-6.128508659E-2,1.768036009E2
6.218820619E1,2.788730533E-2,5.708155804E-4,1.344119781E-3,9.996100068E-1,1.768039358E2,1.557891198E-1,-6.108981304E-2,1.768038494E2
6.219320619E1,2.788516674E-2,5.679220776E-4,1.345386379E-3,9.996100664E-1,1.768041810E2,1.559248277E-1,-6.075465715E-2,1.768040949E2
6.219820619E1,2.788935463E-2,5.713475985E-4,1.345700468E-3,9.996099472E-1,1.768037009E2,1.559720086E-1,-6.114538283E-2,1.768036143E2
6.220320619E1,2.789153512E-2,5.735884770E-4,1.343829324E-3,9.996098876E-1,1.768034510E2,1.557649706E-1,-6.140770885E-2,1.768033641E2
6.220820619E1,2.788297500E-2,5.664083292E-4,1.347162877E-3,9.996101260E-1,1.768044323E2,1.561233502E-1,-6.057592748E-2,1.768043463E2
6.221320619E1,2.788691684E-2,5.701358896E-4,1.352442661E-3,9.996100068E-1,1.768039804E2,1.567402860E-1,-6.098541972E-2,1.768038935E2
6.221820619E1,2.789728707E-2,5.770372809E-4,1.355913933E-3,9.996097088E-1,1.768027916E2,1.571606070E-1,-6.176322912E-2,1.768027034E2
6.222320619E1,2.790364490E-2,5.831248127E-4,1.354309963E-3,9.996095300E-1,1.768020627E2,1.569967363E-1,-6.246466596E-2,1.768019737E2
6.222820619E1,2.789301718E-2,5.744138616E-4,1.356988098E-3,9.996098280E-1,1.768032811E2,1.572749997E-1,-6.145996251E-2,1.768031932E2
6.223320619E1,2.788454764E-2,5.670005339E-4,1.358542359E-3,9.996100664E-1,1.768042520E2,1.574288251E-1,-6.060715481E-2,1.768041653E2
6.223820619E1,2.788451293E-2,5.668640370E-4,1.359311631E-3,9.996100664E-1,1.768042560E2,1.575165048E-1,-6.058906683E-2,1.768041692E2
6.224320619E1,2.788446389E-2,5.679521710E-4,1.359863207E-3,9.996100664E-1,1.768042616E2,1.575831605E-1,-6.071195442E-2,1.768041746E2
6.224820619E1,2.789061236E-2,5.717458553E-4,1.363620744E-3,9.996098876E-1,1.768035567E2,1.580260747E-1,-6.113353033E-2,1.768034689E2
6.225320619E1,2.789278597E-2,5.730487755E-4,1.362307346E-3,9.996098280E-1,1.768033076E2,1.578799266E-1,-6.128663026E-2,1.768032196E2
6.225820619E1,2.789098102E-2,5.732823629E-4,1.355410554E-3,9.996098876E-1,1.768035145E2,1.570905547E-1,-6.133571530E-2,1.768034269E2
6.226320619E1,2.788251259E-2,5.665248609E-4,1.356651192E-3,9.996101260E-1,1.768044853E2,1.572105540E-1,-6.055903108E-2,1.768043987E2
6.226820619E1,2.788670792E-2,5.688868114E-4,1.357267844E-3,9.996100068E-1,1.768040043E2,1.572889923E-1,-6.082695475E-2,1.768039174E2
6.227320619E1,2.789526742E-2,5.765040405E-4,1.353749190E-3,9.996097684E-1,1.768030231E2,1.569108125E-1,-6.170938558E-2,1.768029351E2
6.227820619E1,2.789942503E-2,5.799297360E-4,1.354632084E-3,9.996096492E-1,1.768025465E2,1.570231551E-1,-6.209831287E-2,1.768024579E2
6.228320619E1,2.790164195E-2,5.804113462E-4,1.352747320E-3,9.996095896E-1,1.768022924E2,1.568089385E-1,-6.215915787E-2,1.768022038E2
6.228820619E1,2.789121433E-2,5.728356191E-4,1.350790495E-3,9.996098876E-1,1.768034877E2,1.565599266E-1,-6.129927211E-2,1.768034005E2
6.229320619E1,2.789538590E-2,5.767086986E-4,1.351218205E-3,9.996097684E-1,1.768030095E2,1.566215570E-1,-6.174090064E-2,1.768029217E2
6.229820619E1,2.789952293E-2,5.800886429E-4,1.352546038E-3,9.996096492E-1,1.768025353E2,1.567847187E-1,-6.212316916E-2,1.768024468E2
6.230320619E1,2.790359837E-2,5.824762047E-4,1.355547225E-3,9.996095300E-1,1.768020681E2,1.571363841E-1,-6.238642100E-2,1.768019790E2
6.230820619E1,2.791610913E-2,5.923131830E-4,1.357417204E-3,9.996091723E-1,1.768006339E2,1.573828361E-1,-6.350526660E-2,1.768005432E2
6.231320619E1,2.792267142E-2,5.971869687E-4,1.351977000E-3,9.996089935E-1,1.767998816E2,1.567756898E-1,-6.407991742E-2,1.767997904E2
6.231820619E1,2.791634005E-2,5.926786689E-4,1.352499705E-3,9.996091723E-1,1.768006074E2,1.568207350E-1,-6.356282692E-2,1.768005169E2
6.232320619E1,2.790577684E-2,5.839869846E-4,1.354005071E-3,9.996094704E-1,1.768018183E2,1.569647024E-1,-6.256406519E-2,1.768017292E2
6.232820619E1,2.790781465E-2,5.853640614E-4,1.355413115E-3,9.996094108E-1,1.768015847E2,1.571305214E-1,-6.271698193E-2,1.768014953E2
6.233320619E1,2.791412775E-2,5.908915191E-4,1.354888198E-3,9.996092319E-1,1.768008610E2,1.570884721E-1,-6.335082132E-2,1.768007707E2
6.233820619E1,2.791614769E-2,5.933450884E-4,1.356172957E-3,9.996091723E-1,1.768006295E2,1.572436151E-1,-6.362744241E-2,1.768005387E2
6.234320619E1,2.790587549E-2,5.842478131E-4,1.351857674E-3,9.996094704E-1,1.768018070E2,1.567195646E-1,-6.260079388E-2,1.768017180E2
6.234820619E1,2.789758342E-2,5.784116220E-4,1.349214581E-3,9.996097088E-1,1.768027576E2,1.563976277E-1,-6.194202628E-2,1.768026696E2
6.235320619E1,2.789763300E-2,5.785639514E-4,1.348123653E-3,9.996097088E-1,1.768027519E2,1.562731552E-1,-6.196295500E-2,1.768026640E2
6.235820619E1,2.790391025E-2,5.826532142E-4,1.349035534E-3,9.996095300E-1,1.768020323E2,1.563910743E-1,-6.242746992E-2,1.768019437E2
6.236320619E1,2.791428866E-2,5.919068935E-4,1.351124491E-3,9.996092319E-1,1.768008426E2,1.566606089E-1,-6.347914342E-2,1.768007523E2
6.236820619E1,2.792261464E-2,5.971363862E-4,1.353171538E-3,9.996089935E-1,1.767998881E2,1.569123550E-1,-6.407031000E-2,1.767997969E2
6.237320619E1,2.791643609E-2,5.936656380E-4,1.350082341E-3,9.996091723E-1,1.768005964E2,1.565469967E-1,-6.368359935E-2,1.768005059E2
6.237820619E1,2.790808411E-2,5.854851916E-4,1.349800965E-3,9.996094108E-1,1.768015538E2,1.564880704E-1,-6.274876300E-2,1.768014647E2
6.238320619E1,2.791012092E-2,5.873338087E-4,1.351024257E-3,9.996093512E-1,1.768013204E2,1.566342356E-1,-6.295628483E-2,1.768012308E2
6.238820619E1,2.791641680E-2,5.922069540E-4,1.351121580E-3,9.996091723E-1,1.768005986E2,1.566613706E-1,-6.351319018E-2,1.768005083E2
6.239320619E1,2.791663434E-2,5.936734378E-4,1.345973345E-3,9.996091723E-1,1.768005737E2,1.560763610E-1,-6.369760685E-2,1.768004835E2
6.239820619E1,2.791873351E-2,5.948841572E-4,1.346164965E-3,9.996091127E-1,1.768003330E2,1.561023180E-1,-6.383535006E-2,1.768002426E2
6.240320619E1,2.791435750E-2,5.920474650E-4,1.349639846E-3,9.996092319E-1,1.768008347E2,1.564910013E-1,-6.349998379E-2,1.768007445E2
6.240820619E1,2.791664878E-2,5.925538135E-4,1.346167177E-3,9.996091723E-1,1.768005720E2,1.560949828E-1,-6.356873512E-2,1.768004820E2
6.241320619E1,2.791021724E-2,5.883973208E-4,1.348569291E-3,9.996093512E-1,1.768013093E2,1.563564342E-1,-6.308594356E-2,1.768012198E2
6.241820619E1,2.790155915E-2,5.807048874E-4,1.354328240E-3,9.996095896E-1,1.768023018E2,1.569909618E-1,-6.218774029E-2,1.768022132E2
6.242320619E1,2.790383849E-2,5.828540889E-4,1.350432402E-3,9.996095300E-1,1.768020406E2,1.565517193E-1,-6.244602403E-2,1.768019518E2
6.242820619E1,2.791238044E-2,5.898178206E-4,1.347357756E-3,9.996092916E-1,1.768010613E2,1.562223369E-1,-6.325219416E-2,1.768009716E2
6.243320619E1,2.790644910E-2,5.856019561E-4,1.339373295E-3,9.996094704E-1,1.768017413E2,1.552938820E-1,-6.279574099E-2,1.768016528E2
6.243820619E1,2.790638051E-2,5.848546862E-4,1.341127791E-3,9.996094704E-1,1.768017491E2,1.554924602E-1,-6.270454348E-2,1.768016606E2
6.244320619E1,2.791058674E-2,5.887230509E-4,1.340757241E-3,9.996093512E-1,1.768012670E2,1.554626519E-1,-6.314818325E-2,1.768011779E2
6.244820619E1,2.790869867E-2,5.864933482E-4,1.336592133E-3,9.996094108E-1,1.768014834E2,1.549783003E-1,-6.290639234E-2,1.768013949E2
6.245320619E1,2.790441449E-2,5.833965261E-4,1.338241156E-3,9.996095300E-1,1.768019745E2,1.551570183E-1,-6.254705226E-2,1.768018864E2
6.245820619E1,2.790635541E-2,5.855424097E-4,1.341349911E-3,9.996094704E-1,1.768017520E2,1.555201013E-1,-6.278261362E-2,1.768016634E2
6.246320619E1,2.790860640E-2,5.863786791E-4,1.338567585E-3,9.996094108E-1,1.768014940E2,1.552042100E-1,-6.288695381E-2,1.768014054E2
6.246820619E1,2.790468700E-2,5.837574718E-4,1.332388725E-3,9.996095300E-1,1.768019433E2,1.544878107E-1,-6.260706967E-2,1.768018555E2
6.247320619E1,2.789833315E-2,5.788988783E-4,1.333410852E-3,9.996097088E-1,1.768026717E2,1.545889606E-1,-6.204824725E-2,1.768025846E2
6.247820619E1,2.789627443E-2,5.771023571E-4,1.332577784E-3,9.996097684E-1,1.768029077E2,1.544876639E-1,-6.184544287E-2,1.768028209E2
6.248320619E1,2.790036076E-2,5.806359113E-4,1.334913773E-3,9.996096492E-1,1.768024392E2,1.547667958E-1,-6.224210016E-2,1.768023518E2
6.248820619E1,2.790463979E-2,5.840209196E-4,1.333261724E-3,9.996095300E-1,1.768019487E2,1.545886496E-1,-6.263446247E-2,1.768018608E2
6.249320619E1,2.790266929E-2,5.818491918E-4,1.330760773E-3,9.996095896E-1,1.768021746E2,1.542951051E-1,-6.239399942E-2,1.768020872E2
6.249820619E1,2.790468432E-2,5.840858212E-4,1.332300832E-3,9.996095300E-1,1.768019436E2,1.544787926E-1,-6.264496253E-2,1.768018558E2
6.250320619E1,2.790465672E-2,5.834805779E-4,1.333144028E-3,9.996095300E-1,1.768019468E2,1.545734410E-1,-6.257294178E-2,1.768018590E2
6.250820619E1,2.789006151E-2,5.733823637E-4,1.330094412E-3,9.996099472E-1,1.768036199E2,1.541909265E-1,-6.142822638E-2,1.768035339E2
6.251320619E1,2.789214234E-2,5.743561778E-4,1.330835395E-3,9.996098876E-1,1.768033814E2,1.542790446E-1,-6.153708439E-2,1.768032951E2
6.251820619E1,2.790667990E-2,5.863567349E-4,1.334224246E-3,9.996094704E-1,1.768017148E2,1.547065018E-1,-6.289862911E-2,1.768016265E2
6.252320619E1,2.790472834E-2,5.833967007E-4,1.331680687E-3,9.996095300E-1,1.768019385E2,1.544055559E-1,-6.256800221E-2,1.768018509E2
6.252820619E1,2.788794429E-2,5.705700023E-4,1.330901985E-3,9.996100068E-1,1.768038626E2,1.542743133E-1,-6.110382485E-2,1.768037770E2
6.253320619E1,2.788353298E-2,5.667562946E-4,1.335416455E-3,9.996101260E-1,1.768043683E2,1.547789767E-1,-6.065323211E-2,1.768042830E2
6.253820619E1,2.788353373E-2,5.670086248E-4,1.335293637E-3,9.996101260E-1,1.768043682E2,1.547657146E-1,-6.068252808E-2,1.768042829E2
6.254320619E1,2.788341262E-2,5.674915155E-4,1.337615424E-3,9.996101260E-1,1.768043821E2,1.550332044E-1,-6.073044169E-2,1.768042966E2
6.254820619E1,2.788351552E-2,5.668370868E-4,1.335746609E-3,9.996101260E-1,1.768043703E2,1.548170520E-1,-6.066143437E-2,1.768042850E2
6.255320619E1,2.787929462E-2,5.635994603E-4,1.336010057E-3,9.996102452E-1,1.768048542E2,1.548366289E-1,-6.029038627E-2,1.768047693E2
6.255820619E1,2.787311607E-2,5.591724766E-4,1.332994318E-3,9.996104240E-1,1.768055625E2,1.544766708E-1,-5.979387846E-2,1.768054785E2
6.256320619E1,2.786470676E-2,5.526415189E-4,1.332741696E-3,9.996106625E-1,1.768065265E2,1.544263754E-1,-5.904788324E-2,1.768064436E2
6.256820619E1,2.786667387E-2,5.538669066E-4,1.335805980E-3,9.996106029E-1,1.768063010E2,1.547814101E-1,-5.917815839E-2,1.768062177E2
6.257320619E1,2.787709222E-2,5.619439180E-4,1.338066184E-3,9.996103048E-1,1.768051066E2,1.550667306E-1,-6.009452169E-2,1.768050220E2
6.257820619E1,2.787931859E-2,5.645271740E-4,1.335117850E-3,9.996102452E-1,1.768048514E2,1.547373946E-1,-6.039949975E-2,1.768047665E2
6.258320619E1,2.786453959E-2,5.525245215E-4,1.336280606E-3,9.996106625E-1,1.768065456E2,1.548313641E-1,-5.902320718E-2,1.768064625E2
6.258820619E1,2.785408046E-2,5.446474534E-4,1.334631816E-3,9.996109605E-1,1.768077446E2,1.546167378E-1,-5.812779548E-2,1.768076629E2
6.259320619E1,2.785205145E-2,5.420861416E-4,1.333375811E-3,9.996110201E-1,1.768079772E2,1.544645726E-1,-5.783872751E-2,1.768078959E2
6.259820619E1,2.786244297E-2,5.504369037E-4,1.336272340E-3,9.996107221E-1,1.768067860E2,1.548236276E-1,-5.878442802E-2,1.768067032E2
6.260320619E1,2.786647245E-2,5.528560723E-4,1.340418588E-3,9.996106029E-1,1.768063241E2,1.553065314E-1,-5.904767192E-2,1.768062407E2
6.260820619E1,2.786854970E-2,5.549006164E-4,1.340837218E-3,9.996105433E-1,1.768060859E2,1.553611367E-1,-5.928020855E-2,1.768060022E2
6.261320619E1,2.786672765E-2,5.533746444E-4,1.334887696E-3,9.996106029E-1,1.768062948E2,1.546746543E-1,-5.912469535E-2,1.768062117E2
6.261820619E1,2.786045227E-2,5.493916688E-4,1.333618304E-3,9.996107817E-1,1.768070142E2,1.545161608E-1,-5.867348126E-2,1.768069317E2
6.262320619E1,2.786677769E-2,5.541968276E-4,1.333501306E-3,9.996106029E-1,1.768062891E2,1.545184759E-1,-5.922329347E-2,1.768062059E2
6.262820619E1,2.786884954E-2,5.564966705E-4,1.333925873E-3,9.996105433E-1,1.768060515E2,1.545745767E-1,-5.948505731E-2,1.768059680E2
6.263320619E1,2.787305242E-2,5.585754989E-4,1.334574539E-3,9.996104240E-1,1.768055697E2,1.546557700E-1,-5.972045893E-2,1.768054858E2
6.263820619E1,2.786447015E-2,5.526726018E-4,1.337666530E-3,9.996106625E-1,1.768065536E2,1.549905866E-1,-5.903575466E-2,1.768064704E2
6.264320619E1,2.786229816E-2,5.502814893E-4,1.339352224E-3,9.996107221E-1,1.768068026E2,1.551759150E-1,-5.875681452E-2,1.768067197E2
6.264820619E1,2.787291510E-2,5.583456368E-4,1.337535447E-3,9.996104240E-1,1.768055855E2,1.549941912E-1,-5.968469278E-2,1.768055014E2
6.265320619E1,2.787534967E-2,5.601546145E-4,1.330570434E-3,9.996103644E-1,1.768053064E2,1.542022929E-1,-5.991377695E-2,1.768052224E2
6.265820619E1,2.787527046E-2,5.606580526E-4,1.332017011E-3,9.996103644E-1,1.768053155E2,1.543695977E-1,-5.996683557E-2,1.768052314E2
6.266320619E1,2.787933310E-2,5.645672791E-4,1.334797824E-3,9.996102452E-1,1.768048498E2,1.547008656E-1,-6.040511384E-2,1.768047649E2
6.266820619E1,2.788377992E-2,5.679676542E-4,1.329733641E-3,9.996101260E-1,1.768043400E2,1.541319124E-1,-6.081010987E-2,1.768042549E2
6.267320619E1,2.788173395E-2,5.666046054E-4,1.328408718E-3,9.996101856E-1,1.768045745E2,1.539756665E-1,-6.065852556E-2,1.768044897E2
6.267820619E1,2.787338658E-2,5.596159026E-4,1.327138976E-3,9.996104240E-1,1.768055314E2,1.538073906E-1,-5.986333254E-2,1.768054478E2
6.268320619E1,2.787318192E-2,5.589359789E-4,1.331715961E-3,9.996104240E-1,1.768055549E2,1.543294872E-1,-5.977086142E-2,1.768054711E2
6.268820619E1,2.787751419E-2,5.630201194E-4,1.328790328E-3,9.996103048E-1,1.768050583E2,1.540076711E-1,-6.024736459E-2,1.768049740E2
6.269320619E1,2.788416299E-2,5.680025788E-4,1.321661402E-3,9.996101260E-1,1.768042961E2,1.532073955E-1,-6.083984516E-2,1.768042114E2
6.269820619E1,2.788007553E-2,5.642659962E-4,1.319328556E-3,9.996102452E-1,1.768047646E2,1.529279871E-1,-6.041991082E-2,1.768046807E2
6.270320619E1,2.788418144E-2,5.675558932E-4,1.321463846E-3,9.996101260E-1,1.768042940E2,1.531833396E-1,-6.078930714E-2,1.768042094E2
6.270820619E1,2.788211942E-2,5.664364435E-4,1.320365467E-3,9.996101856E-1,1.768045303E2,1.530538211E-1,-6.066490309E-2,1.768044460E2
6.271320619E1,2.787774462E-2,5.638766452E-4,1.323582488E-3,9.996103048E-1,1.768050319E2,1.534138782E-1,-6.036207866E-2,1.768049477E2
6.271820619E1,2.788169295E-2,5.659356830E-4,1.329553779E-3,9.996101856E-1,1.768045792E2,1.541046902E-1,-6.057825029E-2,1.768044944E2
6.272320619E1,2.788390064E-2,5.682886695E-4,1.327062375E-3,9.996101260E-1,1.768043262E2,1.538269597E-1,-6.085539818E-2,1.768042411E2
6.272820619E1,2.789039454E-2,5.732714781E-4,1.323140925E-3,9.996099472E-1,1.768035817E2,1.533940905E-1,-6.143769740E-2,1.768034961E2
6.273320619E1,2.788202014E-2,5.656359717E-4,1.322802738E-3,9.996101856E-1,1.768045417E2,1.533304398E-1,-6.056543932E-2,1.768044574E2
6.273820619E1,2.787135652E-2,5.578491255E-4,1.325622317E-3,9.996104836E-1,1.768057642E2,1.536278968E-1,-5.966611004E-2,1.768056809E2
6.274320619E1,2.787125523E-2,5.571160000E-4,1.328057959E-3,9.996104836E-1,1.768057758E2,1.539045450E-1,-5.957436913E-2,1.768056924E2
6.274820619E1,2.787330310E-2,5.586658372E-4,1.329290681E-3,9.996104240E-1,1.768055410E2,1.540508225E-1,-5.974764546E-2,1.768054574E2
6.275320619E1,2.788172895E-2,5.655554705E-4,1.328960527E-3,9.996101856E-1,1.768045751E2,1.540355221E-1,-6.053658808E-2,1.768044904E2
6.275820619E1,2.788173474E-2,5.653144326E-4,1.328941551E-3,9.996101856E-1,1.768045744E2,1.540325786E-1,-6.050903767E-2,1.768044898E2
6.276320619E1,2.787753795E-2,5.633435212E-4,1.328154583E-3,9.996103048E-1,1.768050555E2,1.539358831E-1,-6.028643657E-2,1.768049712E2
6.276820619E1,2.786297433E-2,5.515691009E-4,1.324675744E-3,9.996107221E-1,1.768067251E2,1.534989164E-1,-5.895106281E-2,1.768066428E2
6.277320619E1,2.785880844E-2,5.473447964E-4,1.324089477E-3,9.996108413E-1,1.768072026E2,1.534180287E-1,-5.846969278E-2,1.768071211E2
6.277820619E1,2.787359152E-2,5.590842920E-4,1.323052449E-3,9.996104240E-1,1.768055079E2,1.533376046E-1,-5.981545968E-2,1.768054246E2
6.278320619E1,2.788404108E-2,5.686640507E-4,1.323946868E-3,9.996101260E-1,1.768043101E2,1.534712954E-1,-6.090833050E-2,1.768042252E2
6.278820619E1,2.787961687E-2,5.636715214E-4,1.329237828E-3,9.996102452E-1,1.768048172E2,1.540611390E-1,-6.032022703E-2,1.768047328E2
6.279320619E1,2.786682993E-2,5.537793040E-4,1.332582673E-3,9.996106029E-1,1.768062831E2,1.544119187E-1,-5.917839290E-2,1.768062000E2
6.279820619E1,2.786873552E-2,5.559957353E-4,1.336514368E-3,9.996105433E-1,1.768060646E2,1.548694749E-1,-5.941942771E-2,1.768059810E2
6.280320619E1,2.787081238E-2,5.573141971E-4,1.337236841E-3,9.996104836E-1,1.768058265E2,1.549565668E-1,-5.956782424E-2,1.768057426E2
6.280820619E1,2.787081183E-2,5.564484745E-4,1.337608788E-3,9.996104836E-1,1.768058266E2,1.549964071E-1,-5.946747051E-2,1.768057428E2
6.281320619E1,2.786857674E-2,5.545932800E-4,1.340402290E-3,9.996105433E-1,1.768060828E2,1.553103370E-1,-5.924638888E-2,1.768059992E2
6.281820619E1,2.786853538E-2,5.552167422E-4,1.341003925E-3,9.996105433E-1,1.768060876E2,1.553812412E-1,-5.931588964E-2,1.768060038E2
6.282320619E1,2.785801753E-2,5.466114962E-4,1.340925810E-3,9.996108413E-1,1.768072933E2,1.553441967E-1,-5.833206889E-2,1.768072109E2
6.282820619E1,2.786012544E-2,5.483643617E-4,1.340849325E-3,9.996107817E-1,1.768070516E2,1.553411551E-1,-5.853277096E-2,1.768069689E2
6.283320619E1,2.787243019E-2,5.589849898E-4,1.347337500E-3,9.996104240E-1,1.768056411E2,1.561190021E-1,-5.972669581E-2,1.768055563E2
6.283820619E1,2.788539594E-2,5.683987401E-4,1.340425340E-3,9.996100664E-1,1.768041547E2,1.553580920E-1,-6.082507471E-2,1.768040689E2
6.284320619E1,2.787914310E-2,5.631253007E-4,1.339367474E-3,9.996102452E-1,1.768048715E2,1.552196875E-1,-6.022536992E-2,1.768047866E2
6.284820619E1,2.786626437E-2,5.539224367E-4,1.344298478E-3,9.996106029E-1,1.768063479E2,1.557543550E-1,-5.915746329E-2,1.768062641E2
6.285320619E1,2.786622227E-2,5.532046780E-4,1.345466357E-3,9.996106029E-1,1.768063527E2,1.558858376E-1,-5.907152337E-2,1.768062690E2
6.285820619E1,2.787477351E-2,5.595654366E-4,1.342832227E-3,9.996103644E-1,1.768053724E2,1.556049301E-1,-5.980720944E-2,1.768052879E2
6.286320619E1,2.787486723E-2,5.597995478E-4,1.340787509E-3,9.996103644E-1,1.768053617E2,1.553714668E-1,-5.984054304E-2,1.768052772E2
6.286820619E1,2.786834371E-2,5.546923494E-4,1.345197554E-3,9.996105433E-1,1.768061095E2,1.558599236E-1,-5.924245920E-2,1.768060256E2
6.287320619E1,2.786610115E-2,5.528095062E-4,1.348134479E-3,9.996106029E-1,1.768063666E2,1.561901945E-1,-5.901775639E-2,1.768062828E2
6.287820619E1,2.785960361E-2,5.473137135E-4,1.352074090E-3,9.996107817E-1,1.768071115E2,1.566235358E-1,-5.837666770E-2,1.768070283E2
6.288320619E1,2.785326604E-2,5.436725332E-4,1.351914252E-3,9.996109605E-1,1.768078380E2,1.565932341E-1,-5.796108459E-2,1.768077554E2
6.288820619E1,2.785968780E-2,5.478093517E-4,1.350137289E-3,9.996107817E-1,1.768071018E2,1.564032679E-1,-5.843961175E-2,1.768070187E2
6.289320619E1,2.787035994E-2,5.566753098E-4,1.346897800E-3,9.996104836E-1,1.768058784E2,1.560611349E-1,-5.946385666E-2,1.768057940E2
6.289820619E1,2.787049624E-2,5.569205387E-4,1.343972865E-3,9.996104836E-1,1.768058628E2,1.557268832E-1,-5.950126729E-2,1.768057785E2
6.290320619E1,2.786634847E-2,5.529787741E-4,1.342942938E-3,9.996106029E-1,1.768063383E2,1.555960731E-1,-5.905368520E-2,1.768062547E2
6.290820619E1,2.786225490E-2,5.505468580E-4,1.340142800E-3,9.996107221E-1,1.768068075E2,1.552673181E-1,-5.878469422E-2,1.768067245E2
6.291320619E1,2.786640649E-2,5.543931038E-4,1.341154799E-3,9.996106029E-1,1.768063316E2,1.553957668E-1,-5.922139348E-2,1.768062479E2
6.291820619E1,2.787063892E-2,5.573857925E-4,1.340817427E-3,9.996104836E-1,1.768058464E2,1.553669312E-1,-5.956461639E-2,1.768057623E2
6.292320619E1,2.786627382E-2,5.527432659E-4,1.344587887E-3,9.996106029E-1,1.768063468E2,1.557837409E-1,-5.902146721E-2,1.768062632E2
6.292820619E1,2.786841419E-2,5.547769251E-4,1.343701733E-3,9.996105433E-1,1.768061015E2,1.556888558E-1,-5.925691312E-2,1.768060176E2
6.293320619E1,2.787481016E-2,5.610578810E-4,1.341447816E-3,9.996103644E-1,1.768053682E2,1.554511194E-1,-5.998258090E-2,1.768052835E2
6.293820619E1,2.787721998E-2,5.619333242E-4,1.335406210E-3,9.996103048E-1,1.768050920E2,1.547620120E-1,-6.010178588E-2,1.768050075E2
6.294320619E1,2.787719623E-2,5.628317595E-4,1.335523790E-3,9.996103048E-1,1.768050947E2,1.547783492E-1,-6.020432694E-2,1.768050100E2
6.294820619E1,2.788338871E-2,5.662540207E-4,1.338638016E-3,9.996101260E-1,1.768043848E2,1.551463836E-1,-6.058542670E-2,1.768042994E2
6.295320619E1,2.787703059E-2,5.624446785E-4,1.339139417E-3,9.996103048E-1,1.768051137E2,1.551912625E-1,-6.014846332E-2,1.768050289E2
6.295820619E1,2.788320753E-2,5.661187461E-4,1.342463540E-3,9.996101260E-1,1.768044056E2,1.555841432E-1,-6.055773596E-2,1.768043200E2
6.296320619E1,2.789393326E-2,5.761563079E-4,1.337275724E-3,9.996098280E-1,1.768031760E2,1.550226304E-1,-6.172242076E-2,1.768030892E2
6.296820619E1,2.789620959E-2,5.770075950E-4,1.333975466E-3,9.996097684E-1,1.768029151E2,1.546474574E-1,-6.183013014E-2,1.768028283E2
6.297320619E1,2.788166451E-2,5.663415650E-4,1.329977415E-3,9.996101856E-1,1.768045825E2,1.541545116E-1,-6.062339366E-2,1.768044976E2
6.297820619E1,2.787113413E-2,5.581810256E-4,1.330150641E-3,9.996104836E-1,1.768057897E2,1.541476503E-1,-5.968969942E-2,1.768057060E2
6.298320619E1,2.786894923E-2,5.549895577E-4,1.332470099E-3,9.996105433E-1,1.768060401E2,1.544030145E-1,-5.931705592E-2,1.768059569E2
6.298820619E1,2.787298317E-2,5.594036193E-4,1.335673500E-3,9.996104240E-1,1.768055777E2,1.547842940E-1,-5.981181812E-2,1.768054935E2
6.299320619E1,2.787938630E-2,5.637145368E-4,1.334046829E-3,9.996102452E-1,1.768048437E2,1.546121199E-1,-6.030982591E-2,1.768047589E2
6.299820619E1,2.787286011E-2,5.588950589E-4,1.338451519E-3,9.996104240E-1,1.768055918E2,1.551008764E-1,-5.974470992E-2,1.768055076E2
6.300320619E1,2.787084111E-2,5.564929452E-4,1.336980145E-3,9.996104836E-1,1.768058232E2,1.549245417E-1,-5.947456773E-2,1.768057395E2
6.300820619E1,2.786881782E-2,5.557140685E-4,1.334914472E-3,9.996105433E-1,1.768060552E2,1.546853166E-1,-5.939226033E-2,1.768059717E2
6.301320619E1,2.786892250E-2,5.560395657E-4,1.332591521E-3,9.996105433E-1,1.768060432E2,1.544202748E-1,-5.943694750E-2,1.768059598E2
6.301820619E1,2.787072943E-2,5.563935265E-4,1.339347451E-3,9.996104836E-1,1.768058360E2,1.551953857E-1,-5.945563615E-2,1.768057522E2
6.302320619E1,2.787697442E-2,5.614435649E-4,1.340727904E-3,9.996103048E-1,1.768051201E2,1.553700175E-1,-6.002872305E-2,1.768050354E2
6.302820619E1,2.787288953E-2,5.584159517E-4,1.338038826E-3,9.996104240E-1,1.768055884E2,1.550520750E-1,-5.969114326E-2,1.768055043E2
6.303320619E1,2.787304346E-2,5.582490121E-4,1.334898174E-3,9.996104240E-1,1.768055708E2,1.546917981E-1,-5.968202853E-2,1.768054869E2
6.303820619E1,2.787069927E-2,5.569102941E-4,1.339760260E-3,9.996104836E-1,1.768058395E2,1.552443205E-1,-5.951351654E-2,1.768057555E2
6.304320619E1,2.787704176E-2,5.621916498E-4,1.339012990E-3,9.996103048E-1,1.768051124E2,1.551759729E-1,-6.011988180E-2,1.768050276E2
6.304820619E1,2.788561010E-2,5.687709199E-4,1.335804351E-3,9.996100664E-1,1.768041302E2,1.548299733E-1,-6.088244005E-2,1.768040446E2
6.305320619E1,2.787727461E-2,5.625006743E-4,1.334026223E-3,9.996103048E-1,1.768050857E2,1.546057542E-1,-6.017117413E-2,1.768050012E2
6.305820619E1,2.787518561E-2,5.603595637E-4,1.333916909E-3,9.996103644E-1,1.768053252E2,1.545862670E-1,-5.992658875E-2,1.768052410E2
6.306320619E1,2.787519326E-2,5.601028679E-4,1.333864871E-3,9.996103644E-1,1.768053243E2,1.545794867E-1,-5.989735008E-2,1.768052402E2
6.306820619E1,2.788148422E-2,5.656459834E-4,1.334046712E-3,9.996101856E-1,1.768046032E2,1.546184046E-1,-6.053074305E-2,1.768045181E2
6.307320619E1,2.788347283E-2,5.676560686E-4,1.336289919E-3,9.996101260E-1,1.768043752E2,1.548819011E-1,-6.075351678E-2,1.768042897E2
6.307820619E1,2.787908814E-2,5.638813600E-4,1.340193325E-3,9.996102452E-1,1.768048778E2,1.553166986E-1,-6.030934430E-2,1.768047927E2
6.308320619E1,2.788098197E-2,5.646119243E-4,1.344937249E-3,9.996101856E-1,1.768046607E2,1.558625502E-1,-6.037757704E-2,1.768045752E2
6.308820619E1,2.787672143E-2,5.619248841E-4,1.345776836E-3,9.996103048E-1,1.768051491E2,1.559498810E-1,-6.006776706E-2,1.768050640E2
6.309320619E1,2.787234747E-2,5.578612909E-4,1.349512604E-3,9.996104240E-1,1.768056506E2,1.563645599E-1,-5.959104512E-2,1.768055658E2
6.309820619E1,2.787644677E-2,5.617692950E-4,1.351518906E-3,9.996103048E-1,1.768051806E2,1.566071052E-1,-6.003164465E-2,1.768050952E2
6.310320619E1,2.788094200E-2,5.653402186E-4,1.345459837E-3,9.996101856E-1,1.768046653E2,1.559247358E-1,-6.045933745E-2,1.768045796E2
6.310820619E1,2.787470061E-2,5.604304606E-4,1.343984273E-3,9.996103644E-1,1.768053808E2,1.557396526E-1,-5.990262667E-2,1.768052960E2
6.311320619E1,2.787237652E-2,5.589263164E-4,1.348471618E-3,9.996104240E-1,1.768056472E2,1.562487215E-1,-5.971636094E-2,1.768055624E2
6.311820619E1,2.787468929E-2,5.605617771E-4,1.344164135E-3,9.996103644E-1,1.768053821E2,1.557606741E-1,-5.991709580E-2,1.768052973E2
6.312320619E1,2.787677026E-2,5.620589363E-4,1.344709075E-3,9.996103048E-1,1.768051435E2,1.558280031E-1,-6.008652571E-2,1.768050584E2
6.312820619E1,2.787444353E-2,5.596478004E-4,1.349630416E-3,9.996103644E-1,1.768054103E2,1.563838868E-1,-5.979498012E-2,1.768053253E2
6.313320619E1,2.787230429E-2,5.579036078E-4,1.350386650E-3,9.996104240E-1,1.768056555E2,1.564648120E-1,-5.959310744E-2,1.768055707E2
6.313820619E1,2.787662739E-2,5.616985727E-4,1.347817830E-3,9.996103048E-1,1.768051599E2,1.561829423E-1,-6.003533847E-2,1.768050747E2
6.314320619E1,2.787889657E-2,5.640204181E-4,1.344113960E-3,9.996102452E-1,1.768048998E2,1.557662290E-1,-6.031277720E-2,1.768048144E2
6.314820619E1,2.787877329E-2,5.626897328E-4,1.347225276E-3,9.996102452E-1,1.768049139E2,1.561183625E-1,-6.015043059E-2,1.768048286E2
6.315320619E1,2.787020857E-2,5.561789148E-4,1.350231003E-3,9.996104836E-1,1.768058958E2,1.564413496E-1,-5.939637425E-2,1.768058113E2
6.315820619E1,2.787452244E-2,5.592262023E-4,1.348174643E-3,9.996103644E-1,1.768054012E2,1.562157900E-1,-5.975132514E-2,1.768053164E2
6.316320619E1,2.787450101E-2,5.592749803E-4,1.348597347E-3,9.996103644E-1,1.768054037E2,1.562643641E-1,-5.975556563E-2,1.768053188E2
6.316820619E1,2.787658398E-2,5.618802388E-4,1.348639722E-3,9.996103048E-1,1.768051649E2,1.562776655E-1,-6.005352901E-2,1.768050796E2
6.317320619E1,2.787032645E-2,5.560652935E-4,1.347842393E-3,9.996104836E-1,1.768058822E2,1.561673852E-1,-5.939096955E-2,1.768057979E2
6.317820619E1,2.786812192E-2,5.550069618E-4,1.349655213E-3,9.996105433E-1,1.768061350E2,1.563715276E-1,-5.926429597E-2,1.768060507E2
6.318320619E1,2.787231487E-2,5.575578543E-4,1.350311213E-3,9.996104240E-1,1.768056543E2,1.564550672E-1,-5.955374172E-2,1.768055696E2
6.318820619E1,2.786382483E-2,5.519036204E-4,1.351356390E-3,9.996106625E-1,1.768066276E2,1.565562283E-1,-5.890405788E-2,1.768065437E2
6.319320619E1,2.786198056E-2,5.507381866E-4,1.345756114E-3,9.996107221E-1,1.768068390E2,1.559109024E-1,-5.878873056E-2,1.768067556E2
6.319820619E1,2.785988660E-2,5.489921314E-4,1.345546683E-3,9.996107817E-1,1.768070790E2,1.558812148E-1,-5.858972043E-2,1.768069960E2
6.320320619E1,2.785147732E-2,5.422544782E-4,1.345246914E-3,9.996110201E-1,1.768080430E2,1.558248789E-1,-5.782021051E-2,1.768079610E2
6.320820619E1,2.784953064E-2,5.398989888E-4,1.342202537E-3,9.996110797E-1,1.768082662E2,1.554685236E-1,-5.756041553E-2,1.768081848E2
6.321320619E1,2.785818852E-2,5.475159269E-4,1.336998655E-3,9.996108413E-1,1.768072737E2,1.548972494E-1,-5.844817917E-2,1.768071913E2
6.321820619E1,2.785620359E-2,5.451446050E-4,1.334759523E-3,9.996109009E-1,1.768075012E2,1.546330769E-1,-5.818400664E-2,1.768074194E2
6.322320619E1,2.785601312E-2,5.453990307E-4,1.338625094E-3,9.996109009E-1,1.768075231E2,1.550766685E-1,-5.820084033E-2,1.768074410E2
6.322820619E1,2.785805882E-2,5.474081845E-4,1.339742565E-3,9.996108413E-1,1.768072886E2,1.552112051E-1,-5.842709809E-2,1.768072061E2
6.323320619E1,2.785816958E-2,5.478982930E-4,1.337236725E-3,9.996108413E-1,1.768072759E2,1.549257392E-1,-5.849122098E-2,1.768071934E2
6.323820619E1,2.784982926E-2,5.408574361E-4,1.335604349E-3,9.996110797E-1,1.768082320E2,1.547157955E-1,-5.769121409E-2,1.768081508E2
6.324320619E1,2.784978886E-2,5.413141917E-4,1.336261514E-3,9.996110797E-1,1.768082366E2,1.547925273E-1,-5.774144303E-2,1.768081553E2
6.324820619E1,2.784773005E-2,5.387454876E-4,1.335618552E-3,9.996111393E-1,1.768084726E2,1.547105612E-1,-5.744957625E-2,1.768083917E2
6.325320619E1,2.784794913E-2,5.398403737E-4,1.330599189E-3,9.996111393E-1,1.768084475E2,1.541391137E-1,-5.759097620E-2,1.768083667E2
6.325820619E1,2.785000932E-2,5.410222802E-4,1.331777312E-3,9.996110797E-1,1.768082113E2,1.542779554E-1,-5.772228246E-2,1.768081303E2
6.326320619E1,2.785400668E-2,5.446403520E-4,1.336173504E-3,9.996109605E-1,1.768077531E2,1.547933070E-1,-5.812207251E-2,1.768076712E2
6.326820619E1,2.786044682E-2,5.492963828E-4,1.333771506E-3,9.996107817E-1,1.768070148E2,1.545334052E-1,-5.866207827E-2,1.768069324E2
6.327320619E1,2.785857652E-2,5.471638869E-4,1.329034683E-3,9.996108413E-1,1.768072292E2,1.539838973E-1,-5.843321846E-2,1.768071474E2
6.327820619E1,2.785439894E-2,5.441516987E-4,1.328171580E-3,9.996109605E-1,1.768077081E2,1.538751717E-1,-5.809157985E-2,1.768076268E2
6.328320619E1,2.785432286E-2,5.447166041E-4,1.329534920E-3,9.996109605E-1,1.768077168E2,1.540331374E-1,-5.815194805E-2,1.768076354E2
6.328820619E1,2.786703044E-2,5.537004909E-4,1.328415936E-3,9.996106029E-1,1.768062601E2,1.539343908E-1,-5.918264023E-2,1.768061773E2
6.329320619E1,2.786475706E-2,5.517031532E-4,1.332078478E-3,9.996106625E-1,1.768065207E2,1.543474121E-1,-5.894250628E-2,1.768064380E2
6.329820619E1,2.785840244E-2,5.470235483E-4,1.332736225E-3,9.996108413E-1,1.768072492E2,1.544074404E-1,-5.840535302E-2,1.768071672E2
6.330320619E1,2.785622294E-2,5.458471715E-4,1.334068482E-3,9.996109009E-1,1.768074990E2,1.545561640E-1,-5.826668645E-2,1.768074171E2
6.330820619E1,2.786462984E-2,5.532064242E-4,1.334114699E-3,9.996106625E-1,1.768065353E2,1.545854483E-1,-5.910821914E-2,1.768064522E2
6.331320619E1,2.786250713E-2,5.514561199E-4,1.334513188E-3,9.996107221E-1,1.768067786E2,1.546253799E-1,-5.890678299E-2,1.768066958E2
6.331820619E1,2.786459713E-2,5.517606041E-4,1.335396082E-3,9.996106625E-1,1.768065390E2,1.547276084E-1,-5.893851825E-2,1.768064561E2
6.332320619E1,2.786862828E-2,5.549215130E-4,1.339194365E-3,9.996105433E-1,1.768060769E2,1.551730239E-1,-5.928783659E-2,1.768059933E2
6.332820619E1,2.786466981E-2,5.524267326E-4,1.333602821E-3,9.996106625E-1,1.768065307E2,1.545243267E-1,-5.902053614E-2,1.768064478E2
6.333320619E1,2.785829117E-2,5.472062039E-4,1.334985252E-3,9.996108413E-1,1.768072619E2,1.546656369E-1,-5.841911304E-2,1.768071797E2
6.333820619E1,2.786672915E-2,5.533339572E-4,1.334873261E-3,9.996106029E-1,1.768062946E2,1.546728709E-1,-5.912008063E-2,1.768062115E2
6.334320619E1,2.787322849E-2,5.587476189E-4,1.330820029E-3,9.996104240E-1,1.768055496E2,1.542262618E-1,-5.975213989E-2,1.768054658E2
6.334820619E1,2.787952692E-2,5.636697751E-4,1.331123873E-3,9.996102452E-1,1.768048275E2,1.542771690E-1,-6.031401524E-2,1.768047430E2
6.335320619E1,2.787732103E-2,5.620199954E-4,1.333258580E-3,9.996103048E-1,1.768050804E2,1.545162900E-1,-6.011855896E-2,1.768049960E2
6.335820619E1,2.787939232E-2,5.637560389E-4,1.333903521E-3,9.996102452E-1,1.768048430E2,1.545958374E-1,-6.031503676E-2,1.768047582E2
6.336320619E1,2.788164694E-2,5.662806216E-4,1.330371597E-3,9.996101856E-1,1.768045845E2,1.541994682E-1,-6.061515604E-2,1.768044996E2
6.336820619E1,2.787345114E-2,5.600689910E-4,1.325591002E-3,9.996104240E-1,1.768055240E2,1.536315256E-1,-5.992016696E-2,1.768054404E2
6.337320619E1,2.787304116E-2,5.590512883E-4,1.334610512E-3,9.996104240E-1,1.768055710E2,1.546614097E-1,-5.977484600E-2,1.768054870E2
6.337820619E1,2.787716159E-2,5.619611475E-4,1.336612971E-3,9.996103048E-1,1.768050987E2,1.549003285E-1,-6.010112690E-2,1.768050141E2
6.338320619E1,2.787947136E-2,5.644070916E-4,1.331974752E-3,9.996102452E-1,1.768048339E2,1.543769873E-1,-6.039576272E-2,1.768047492E2
6.338820619E1,2.786932074E-2,5.570342182E-4,1.323818695E-3,9.996105433E-1,1.768059975E2,1.534185727E-1,-5.957883795E-2,1.768059145E2
6.339320619E1,2.787152620E-2,5.580245634E-4,1.321975840E-3,9.996104836E-1,1.768057447E2,1.532107736E-1,-5.969782642E-2,1.768056616E2
6.339820619E1,2.787555034E-2,5.616777344E-4,1.325715450E-3,9.996103644E-1,1.768052834E2,1.536510459E-1,-6.010372342E-2,1.768051995E2
6.340320619E1,2.788404446E-2,5.678692833E-4,1.324216835E-3,9.996101260E-1,1.768043097E2,1.534996798E-1,-6.081642919E-2,1.768042249E2
6.340820619E1,2.787757142E-2,5.634393310E-4,1.327411155E-3,9.996103048E-1,1.768050517E2,1.538510336E-1,-6.029978111E-2,1.768049674E2
6.341320619E1,2.787957569E-2,5.641964963E-4,1.329878578E-3,9.996102452E-1,1.768048219E2,1.541362099E-1,-6.037832053E-2,1.768047374E2
6.341820619E1,2.788150560E-2,5.650485400E-4,1.333852997E-3,9.996101856E-1,1.768046007E2,1.545943074E-1,-6.046292337E-2,1.768045158E2
6.342320619E1,2.787315082E-2,5.589581560E-4,1.332357293E-3,9.996104240E-1,1.768055585E2,1.544030189E-1,-5.977135805E-2,1.768054746E2
6.342820619E1,2.787288838E-2,5.596167175E-4,1.337561058E-3,9.996104240E-1,1.768055886E2,1.550011835E-1,-5.983021353E-2,1.768055043E2
6.343320619E1,2.787928233E-2,5.645752535E-4,1.335854409E-3,9.996102452E-1,1.768048556E2,1.548219168E-1,-6.040265955E-2,1.768047706E2
6.343820619E1,2.788155268E-2,5.658589653E-4,1.332524698E-3,9.996101856E-1,1.768045953E2,1.544447469E-1,-6.055999182E-2,1.768045103E2
6.344320619E1,2.788162775E-2,5.651518586E-4,1.331253443E-3,9.996101856E-1,1.768045867E2,1.542968733E-1,-6.048304511E-2,1.768045019E2
6.344820619E1,2.787088902E-2,5.579571007E-4,1.335370122E-3,9.996104836E-1,1.768058178E2,1.547447973E-1,-5.964741704E-2,1.768057339E2
6.345320619E1,2.787468140E-2,5.592003581E-4,1.344894757E-3,9.996103644E-1,1.768053830E2,1.558400153E-1,-5.975881684E-2,1.768052983E2
6.345820619E1,2.787274028E-2,5.590980290E-4,1.340860035E-3,9.996104240E-1,1.768056055E2,1.553774064E-1,-5.976028515E-2,1.768055211E2
6.346320619E1,2.788122552E-2,5.656363210E-4,1.339446753E-3,9.996101856E-1,1.768046328E2,1.552369174E-1,-6.051242290E-2,1.768045475E2
6.346820619E1,2.788554208E-2,5.688017700E-4,1.337210299E-3,9.996100664E-1,1.768041380E2,1.549911150E-1,-6.088149160E-2,1.768040523E2
6.347320619E1,2.788128020E-2,5.657835281E-4,1.338245696E-3,9.996101856E-1,1.768046265E2,1.550998134E-1,-6.053311397E-2,1.768045412E2
6.347820619E1,2.787278653E-2,5.592468078E-4,1.339836279E-3,9.996104240E-1,1.768056002E2,1.552606159E-1,-5.978059007E-2,1.768055159E2
6.348320619E1,2.786616201E-2,5.525831366E-4,1.346968929E-3,9.996106029E-1,1.768063596E2,1.560559647E-1,-5.899553890E-2,1.768062759E2
6.348820619E1,2.788483103E-2,5.673434935E-4,1.352569438E-3,9.996100664E-1,1.768042195E2,1.567457572E-1,-6.066548134E-2,1.768041331E2
6.349320619E1,2.789331486E-2,5.745200906E-4,1.350810053E-3,9.996098280E-1,1.768032469E2,1.565676803E-1,-6.149183155E-2,1.768031595E2
6.349820619E1,2.788524979E-2,5.684805801E-4,1.343427692E-3,9.996100664E-1,1.768041715E2,1.557022554E-1,-6.082487792E-2,1.768040854E2
6.350320619E1,2.786638756E-2,5.541531136E-4,1.341647236E-3,9.996106029E-1,1.768063338E2,1.554514066E-1,-5.919233376E-2,1.768062501E2
6.350820619E1,2.786434775E-2,5.517784739E-4,1.340582268E-3,9.996106625E-1,1.768065676E2,1.553217139E-1,-5.892404374E-2,1.768064844E2
6.351320619E1,2.786441674E-2,5.525999586E-4,1.338808681E-3,9.996106625E-1,1.768065597E2,1.551211817E-1,-5.902379487E-2,1.768064765E2
6.351820619E1,2.786661261E-2,5.544897867E-4,1.336824964E-3,9.996106029E-1,1.768063080E2,1.549001173E-1,-5.924626292E-2,1.768062245E2
6.352320619E1,2.786452656E-2,5.517147947E-4,1.336886780E-3,9.996106625E-1,1.768065471E2,1.548982132E-1,-5.892852186E-2,1.768064641E2
6.352820619E1,2.785614303E-2,5.453950143E-4,1.335920533E-3,9.996109009E-1,1.768075082E2,1.547668633E-1,-5.820899351E-2,1.768074262E2
6.353320619E1,2.784576160E-2,5.380876246E-4,1.332310843E-3,9.996111989E-1,1.768086983E2,1.543294598E-1,-5.738507947E-2,1.768086177E2
6.353820619E1,2.784153263E-2,5.333010340E-4,1.333174529E-3,9.996113181E-1,1.768091831E2,1.544128775E-1,-5.683468700E-2,1.768091032E2
6.354320619E1,2.784794428E-2,5.386548582E-4,1.331181033E-3,9.996111393E-1,1.768084480E2,1.542019786E-1,-5.745332289E-2,1.768083674E2
6.354820619E1,2.785640323E-2,5.456909421E-4,1.330362516E-3,9.996109009E-1,1.768074783E2,1.541311677E-1,-5.826059313E-2,1.768073967E2
6.355320619E1,2.786294016E-2,5.510195624E-4,1.325622783E-3,9.996107221E-1,1.768067290E2,1.536056403E-1,-5.888509624E-2,1.768066468E2
6.355820619E1,2.785445045E-2,5.442025140E-4,1.327070058E-3,9.996109605E-1,1.768077022E2,1.537491606E-1,-5.810090868E-2,1.768076210E2
6.356320619E1,2.785031975E-2,5.414193729E-4,1.325107645E-3,9.996110797E-1,1.768081757E2,1.535152487E-1,-5.778900654E-2,1.768080950E2
6.356820619E1,2.785895304E-2,5.475451471E-4,1.320960466E-3,9.996108413E-1,1.768071860E2,1.530602573E-1,-5.850260949E-2,1.768071046E2
6.357320619E1,2.786328126E-2,5.525232991E-4,1.317804214E-3,9.996107221E-1,1.768066899E2,1.527148667E-1,-5.908225687E-2,1.768066079E2
6.357820619E1,2.786722788E-2,5.555425305E-4,1.323495759E-3,9.996106029E-1,1.768062374E2,1.533766927E-1,-5.940932213E-2,1.768061546E2
6.358320619E1,2.787156528E-2,5.582182785E-4,1.321069896E-3,9.996104836E-1,1.768057402E2,1.531076213E-1,-5.972290343E-2,1.768056571E2
6.358820619E1,2.787362243E-2,5.590859801E-4,1.322400291E-3,9.996104240E-1,1.768055044E2,1.532629089E-1,-5.981773140E-2,1.768054211E2
6.359320619E1,2.786955133E-2,5.575332907E-4,1.318744384E-3,9.996105433E-1,1.768059711E2,1.528389323E-1,-5.965217563E-2,1.768058883E2
6.359820619E1,2.786960802E-2,5.574375391E-4,1.317586284E-3,9.996105433E-1,1.768059646E2,1.527059728E-1,-5.964489754E-2,1.768058818E2
6.360320619E1,2.787799370E-2,5.635653506E-4,1.318458933E-3,9.996103048E-1,1.768050033E2,1.528260100E-1,-6.034275067E-2,1.768049195E2
6.360820619E1,2.787768818E-2,5.635441048E-4,1.324912300E-3,9.996103048E-1,1.768050383E2,1.535651386E-1,-6.031974758E-2,1.768049542E2
6.361320619E1,2.786934623E-2,5.561435246E-4,1.323656528E-3,9.996105433E-1,1.768059946E2,1.533971538E-1,-5.947732570E-2,1.768059117E2
6.361820619E1,2.787373354E-2,5.595486145E-4,1.319860225E-3,9.996104240E-1,1.768054917E2,1.529734360E-1,-5.987882116E-2,1.768054084E2
6.362320619E1,2.788209883E-2,5.663142656E-4,1.320852432E-3,9.996101856E-1,1.768045327E2,1.531092099E-1,-6.064935522E-2,1.768044484E2
6.362820619E1,2.788220779E-2,5.665940698E-4,1.318430295E-3,9.996101856E-1,1.768045202E2,1.528326617E-1,-6.068912835E-2,1.768044360E2
6.363320619E1,2.787375158E-2,5.603682948E-4,1.319131348E-3,9.996104240E-1,1.768054896E2,1.528925647E-1,-5.997503844E-2,1.768054063E2
6.363820619E1,2.788015669E-2,5.648573861E-4,1.317359041E-3,9.996102452E-1,1.768047553E2,1.527042792E-1,-6.049393273E-2,1.768046714E2
6.364320619E1,2.788855574E-2,5.715430016E-4,1.317605493E-3,9.996100068E-1,1.768037925E2,1.527543853E-1,-6.125767854E-2,1.768037076E2
6.364820619E1,2.788855078E-2,5.709987599E-4,1.317946357E-3,9.996100068E-1,1.768037931E2,1.527916906E-1,-6.119424875E-2,1.768037082E2
6.365320619E1,2.788643350E-2,5.694234278E-4,1.318221330E-3,9.996100664E-1,1.768040358E2,1.528180239E-1,-6.101324424E-2,1.768039511E2
6.365820619E1,2.788427927E-2,5.687397788E-4,1.318888157E-3,9.996101260E-1,1.768042827E2,1.528920909E-1,-6.093313292E-2,1.768041981E2
6.366320619E1,2.789275182E-2,5.745685776E-4,1.317907241E-3,9.996098876E-1,1.768033115E2,1.527988782E-1,-6.160264312E-2,1.768032260E2
6.366820619E1,2.789269191E-2,5.753928563E-4,1.318815281E-3,9.996098876E-1,1.768033184E2,1.529055227E-1,-6.169416842E-2,1.768032327E2
6.367320619E1,2.789278773E-2,5.757721956E-4,1.316621201E-3,9.996098876E-1,1.768033074E2,1.526554157E-1,-6.174461898E-2,1.768032218E2
6.367820619E1,2.788647462E-2,5.699355388E-4,1.317129820E-3,9.996100664E-1,1.768040311E2,1.526946337E-1,-6.107538676E-2,1.768039464E2
6.368320619E1,2.789059017E-2,5.732729333E-4,1.319010160E-3,9.996099472E-1,1.768035593E2,1.529209399E-1,-6.145103647E-2,1.768034740E2
6.368820619E1,2.788835350E-2,5.719328183E-4,1.321710530E-3,9.996100068E-1,1.768038157E2,1.532258390E-1,-6.128924262E-2,1.768037304E2
6.369320619E1,2.788634282E-2,5.706100492E-4,1.319625764E-3,9.996100664E-1,1.768040462E2,1.529826845E-1,-6.114469386E-2,1.768039613E2
6.369820619E1,2.788853781E-2,5.709598772E-4,1.318237744E-3,9.996100068E-1,1.768037946E2,1.528249431E-1,-6.118886559E-2,1.768037097E2
6.370320619E1,2.788853324E-2,5.719176843E-4,1.317918999E-3,9.996100068E-1,1.768037951E2,1.527914927E-1,-6.129959879E-2,1.768037101E2
6.370820619E1,2.789297704E-2,5.747787072E-4,1.313039917E-3,9.996098876E-1,1.768032857E2,1.522420258E-1,-6.164223625E-2,1.768032005E2
6.371320619E1,2.788861447E-2,5.726063973E-4,1.315899659E-3,9.996100068E-1,1.768037858E2,1.525623892E-1,-6.138492990E-2,1.768037008E2
6.371820619E1,2.788262724E-2,5.680110771E-4,1.308915671E-3,9.996101856E-1,1.768044721E2,1.517473419E-1,-6.088177917E-2,1.768043883E2
6.372320619E1,2.788282385E-2,5.682619521E-4,1.304611447E-3,9.996101856E-1,1.768044496E2,1.512551190E-1,-6.092423924E-2,1.768043659E2
6.372820619E1,2.789102690E-2,5.736646708E-4,1.309571322E-3,9.996099472E-1,1.768035092E2,1.518410272E-1,-6.152601005E-2,1.768034244E2
6.373320619E1,2.788893605E-2,5.730635603E-4,1.308866311E-3,9.996100068E-1,1.768037489E2,1.517582203E-1,-6.145972547E-2,1.768036643E2
6.373820619E1,2.788478373E-2,5.690710386E-4,1.308035105E-3,9.996101260E-1,1.768042249E2,1.516499942E-1,-6.100568092E-2,1.768041409E2
6.374320619E1,2.787653104E-2,5.624153418E-4,1.304613310E-3,9.996103644E-1,1.768051710E2,1.512362708E-1,-6.025547417E-2,1.768050882E2
6.374820619E1,2.787456412E-2,5.618137657E-4,1.301225275E-3,9.996104240E-1,1.768053965E2,1.508461407E-1,-6.019768536E-2,1.768053140E2
6.375320619E1,2.788299782E-2,5.676862784E-4,1.301139244E-3,9.996101856E-1,1.768044296E2,1.508555591E-1,-6.086936579E-2,1.768043463E2
6.375820619E1,2.788104971E-2,5.670427345E-4,1.297368552E-3,9.996102452E-1,1.768046530E2,1.504214621E-1,-6.080799125E-2,1.768045699E2
6.376320619E1,2.787460883E-2,5.618052674E-4,1.300271018E-3,9.996104240E-1,1.768053913E2,1.507368089E-1,-6.019975332E-2,1.768053089E2
6.376820619E1,2.786996292E-2,5.573329981E-4,1.310102409E-3,9.996105433E-1,1.768059239E2,1.518484032E-1,-5.965677009E-2,1.768058416E2
6.377320619E1,2.787013792E-2,5.574469687E-4,1.306325546E-3,9.996105433E-1,1.768059039E2,1.514161487E-1,-5.968186091E-2,1.768058218E2
6.377820619E1,2.786199644E-2,5.506322486E-4,1.300433883E-3,9.996107817E-1,1.768068372E2,1.507190297E-1,-5.892129961E-2,1.768067565E2
6.378320619E1,2.786631798E-2,5.546073662E-4,1.297778217E-3,9.996106625E-1,1.768063418E2,1.504277798E-1,-5.938446611E-2,1.768062606E2
6.378820619E1,2.787023290E-2,5.570365465E-4,1.304472913E-3,9.996105433E-1,1.768058930E2,1.512026296E-1,-5.964075081E-2,1.768058111E2
6.379320619E1,2.786808952E-2,5.558489356E-4,1.305096433E-3,9.996106029E-1,1.768061387E2,1.512701314E-1,-5.950304656E-2,1.768060569E2
6.379820619E1,2.786614423E-2,5.538320402E-4,1.301833778E-3,9.996106625E-1,1.768063617E2,1.508898466E-1,-5.928273035E-2,1.768062804E2
6.380320619E1,2.786612188E-2,5.544159212E-4,1.302063698E-3,9.996106625E-1,1.768063642E2,1.509180466E-1,-5.934888132E-2,1.768062829E2
6.380820619E1,2.787236045E-2,5.597989657E-4,1.303507597E-3,9.996104836E-1,1.768056491E2,1.511010060E-1,-5.995993892E-2,1.768055668E2
6.381320619E1,2.787237587E-2,5.594635149E-4,1.303322031E-3,9.996104836E-1,1.768056473E2,1.510786793E-1,-5.992210443E-2,1.768055651E2
6.381820619E1,2.786402401E-2,5.529785994E-4,1.301811659E-3,9.996107221E-1,1.768066047E2,1.508844620E-1,-5.918536196E-2,1.768065236E2
6.382320619E1,2.786388219E-2,5.527361063E-4,1.304946258E-3,9.996107221E-1,1.768066210E2,1.512427388E-1,-5.914759758E-2,1.768065397E2
6.382820619E1,2.787208763E-2,5.586258485E-4,1.309829298E-3,9.996104836E-1,1.768056803E2,1.518213756E-1,-5.980541171E-2,1.768055979E2
6.383320619E1,2.787211303E-2,5.585253821E-4,1.309331506E-3,9.996104836E-1,1.768056774E2,1.517640355E-1,-5.979548967E-2,1.768055950E2
6.383820619E1,2.786164473E-2,5.506361485E-4,1.307946048E-3,9.996107817E-1,1.768068775E2,1.515795189E-1,-5.889781457E-2,1.768067964E2
6.384320619E1,2.785516576E-2,5.462308181E-4,1.311126864E-3,9.996109605E-1,1.768076202E2,1.519294281E-1,-5.838402631E-2,1.768075396E2
6.384820619E1,2.785541497E-2,5.453166668E-4,1.306203543E-3,9.996109605E-1,1.768075916E2,1.513625717E-1,-5.829499077E-2,1.768075114E2
6.385320619E1,2.786173665E-2,5.506899324E-4,1.305963728E-3,9.996107817E-1,1.768068669E2,1.513526268E-1,-5.891029058E-2,1.768067859E2
6.385820619E1,2.786350084E-2,5.516498350E-4,1.313520479E-3,9.996107221E-1,1.768066647E2,1.522214007E-1,-5.899584864E-2,1.768065831E2
6.386320619E1,2.785279872E-2,5.434775958E-4,1.317100483E-3,9.996110201E-1,1.768078916E2,1.526047634E-1,-5.804994620E-2,1.768078110E2
6.386820619E1,2.784250833E-2,5.362136872E-4,1.311452826E-3,9.996113181E-1,1.768090712E2,1.519340648E-1,-5.723747733E-2,1.768089921E2
6.387320619E1,2.785099768E-2,5.415936466E-4,1.310709747E-3,9.996110797E-1,1.768080980E2,1.518666046E-1,-5.785481690E-2,1.768080181E2
6.387820619E1,2.784927586E-2,5.405659904E-4,1.302234596E-3,9.996111393E-1,1.768082954E2,1.508924198E-1,-5.776441091E-2,1.768082162E2
6.388320619E1,2.784721831E-2,5.400922964E-4,1.300677541E-3,9.996111989E-1,1.768085313E2,1.507124328E-1,-5.771543004E-2,1.768084522E2
6.388820619E1,2.785139039E-2,5.432672333E-4,1.301640994E-3,9.996110797E-1,1.768080530E2,1.508331683E-1,-5.807540559E-2,1.768079734E2
6.389320619E1,2.784312357E-2,5.365252728E-4,1.298196497E-3,9.996113181E-1,1.768090007E2,1.504166179E-1,-5.731537158E-2,1.768089223E2
6.389820619E1,2.783904885E-2,5.338048213E-4,1.294908929E-3,9.996114373E-1,1.768094678E2,1.500311230E-1,-5.701485302E-2,1.768093900E2
6.390320619E1,2.785573006E-2,5.461772671E-4,1.299105235E-3,9.996109605E-1,1.768075555E2,1.505522459E-1,-5.841618085E-2,1.768074756E2
6.390820619E1,2.785982358E-2,5.500415573E-4,1.301418873E-3,9.996108413E-1,1.768070862E2,1.508298436E-1,-5.885082065E-2,1.768070056E2
6.391320619E1,2.785118743E-2,5.433789920E-4,1.305929967E-3,9.996110797E-1,1.768080763E2,1.513248032E-1,-5.807454918E-2,1.768079964E2
6.391820619E1,2.785325280E-2,5.434891209E-4,1.307457918E-3,9.996110201E-1,1.768078395E2,1.515002973E-1,-5.808197449E-2,1.768077595E2
6.392320619E1,2.785100946E-2,5.420928937E-4,1.310252934E-3,9.996110797E-1,1.768080967E2,1.518158719E-1,-5.791346033E-2,1.768080167E2
6.392820619E1,2.784675970E-2,5.393160391E-4,1.310779131E-3,9.996111989E-1,1.768085838E2,1.518670386E-1,-5.759434617E-2,1.768085043E2
6.393320619E1,2.785491719E-2,5.448742304E-4,1.316959271E-3,9.996109605E-1,1.768076487E2,1.525931693E-1,-5.821005385E-2,1.768075679E2
6.393820619E1,2.785257579E-2,5.427623983E-4,1.322100288E-3,9.996110201E-1,1.768079171E2,1.531751815E-1,-5.795209835E-2,1.768078364E2
6.394320619E1,2.785246860E-2,5.433846381E-4,1.324101351E-3,9.996110201E-1,1.768079294E2,1.534063776E-1,-5.801700362E-2,1.768078485E2
6.394820619E1,2.785876114E-2,5.475315265E-4,1.325007062E-3,9.996108413E-1,1.768072080E2,1.535237290E-1,-5.848816006E-2,1.768071264E2
6.395320619E1,2.785030437E-2,5.405864213E-4,1.325770863E-3,9.996110797E-1,1.768081775E2,1.535885591E-1,-5.769148012E-2,1.768080969E2
6.395820619E1,2.785651633E-2,5.462077097E-4,1.327779726E-3,9.996109009E-1,1.768074654E2,1.538369725E-1,-5.832801467E-2,1.768073838E2
6.396320619E1,2.786483502E-2,5.521203857E-4,1.330273692E-3,9.996106625E-1,1.768065118E2,1.541420157E-1,-5.899604994E-2,1.768064291E2
6.396820619E1,2.786270881E-2,5.512056523E-4,1.330399537E-3,9.996107221E-1,1.768067555E2,1.541533846E-1,-5.889119604E-2,1.768066730E2
6.397320619E1,2.785618304E-2,5.460753455E-4,1.334807952E-3,9.996109009E-1,1.768075036E2,1.546415943E-1,-5.829046876E-2,1.768074216E2
6.397820619E1,2.786257144E-2,5.503023276E-4,1.333646360E-3,9.996107221E-1,1.768067712E2,1.545224067E-1,-5.877737733E-2,1.768066887E2
6.398320619E1,2.785833169E-2,5.469811149E-4,1.334231580E-3,9.996108413E-1,1.768072573E2,1.545785895E-1,-5.839572953E-2,1.768071752E2
6.398820619E1,2.785214867E-2,5.425118143E-4,1.331170090E-3,9.996110201E-1,1.768079661E2,1.542132777E-1,-5.789451202E-2,1.768078849E2
6.399320619E1,2.785411782E-2,5.441256217E-4,1.334064873E-3,9.996109605E-1,1.768077403E2,1.545501326E-1,-5.806982509E-2,1.768076587E2
6.399820619E1,2.786463522E-2,5.516846431E-4,1.334632398E-3,9.996106625E-1,1.768065347E2,1.546398901E-1,-5.893224981E-2,1.768064518E2
6.400320619E1,2.786466120E-2,5.519518163E-4,1.333979424E-3,9.996106625E-1,1.768065317E2,1.545659485E-1,-5.896493470E-2,1.768064488E2
6.400820619E1,2.786477240E-2,5.525753368E-4,1.331395935E-3,9.996106625E-1,1.768065189E2,1.542720147E-1,-5.904458936E-2,1.768064361E2
6.401320619E1,2.787110810E-2,5.571139627E-4,1.331142965E-3,9.996104836E-1,1.768057926E2,1.542579085E-1,-5.956430528E-2,1.768057091E2
6.401820619E1,2.787106618E-2,5.579967983E-4,1.331650768E-3,9.996104836E-1,1.768057974E2,1.543188933E-1,-5.966381601E-2,1.768057138E2
6.402320619E1,2.786893068E-2,5.562187871E-4,1.332345535E-3,9.996105433E-1,1.768060422E2,1.543926708E-1,-5.945826108E-2,1.768059588E2
6.402820619E1,2.787105161E-2,5.575622199E-4,1.332137734E-3,9.996104836E-1,1.768057991E2,1.543732848E-1,-5.961248332E-2,1.768057155E2
6.403320619E1,2.787731652E-2,5.615822738E-4,1.333537395E-3,9.996103048E-1,1.768050809E2,1.545468288E-1,-6.006752930E-2,1.768049966E2
6.403820619E1,2.788379825E-2,5.676086294E-4,1.329502440E-3,9.996101260E-1,1.768043379E2,1.541042829E-1,-6.076972062E-2,1.768042528E2
6.404320619E1,2.788152737E-2,5.657473230E-4,1.333101536E-3,9.996101856E-1,1.768045982E2,1.545104637E-1,-6.054536441E-2,1.768045132E2
6.404820619E1,2.787085878E-2,5.579432473E-4,1.336006913E-3,9.996104836E-1,1.768058212E2,1.548176940E-1,-5.964380104E-2,1.768057373E2
6.405320619E1,2.786854474E-2,5.552684888E-4,1.340787974E-3,9.996105433E-1,1.768060865E2,1.553566705E-1,-5.932250525E-2,1.768060027E2
6.405820619E1,2.787065226E-2,5.574010429E-4,1.340533723E-3,9.996104836E-1,1.768058449E2,1.553344832E-1,-5.956726731E-2,1.768057608E2
6.406320619E1,2.786647304E-2,5.542979343E-4,1.339810668E-3,9.996106029E-1,1.768063240E2,1.552415004E-1,-5.921477404E-2,1.768062404E2
6.406820619E1,2.786630341E-2,5.539355334E-4,1.343483687E-3,9.996106029E-1,1.768063434E2,1.556610672E-1,-5.916155930E-2,1.768062597E2
6.407320619E1,2.786832710E-2,5.552984076E-4,1.345291734E-3,9.996105433E-1,1.768061114E2,1.558726462E-1,-5.931158314E-2,1.768060274E2
6.407820619E1,2.785790811E-2,5.469644675E-4,1.343053416E-3,9.996108413E-1,1.768073058E2,1.555890286E-1,-5.836572559E-2,1.768072232E2
6.408320619E1,2.785985780E-2,5.484480644E-4,1.346364734E-3,9.996107817E-1,1.768070823E2,1.559731814E-1,-5.852479199E-2,1.768069993E2
6.408820619E1,2.786822232E-2,5.555220414E-4,1.347368234E-3,9.996105433E-1,1.768061235E2,1.561112115E-1,-5.933058465E-2,1.768060392E2
6.409320619E1,2.787035786E-2,5.559304263E-4,1.347248442E-3,9.996104836E-1,1.768058786E2,1.560989208E-1,-5.937741298E-2,1.768057944E2
6.409820619E1,2.786420156E-2,5.512300413E-4,1.343842479E-3,9.996106625E-1,1.768065844E2,1.556934021E-1,-5.885083502E-2,1.768065010E2
6.410320619E1,2.785785312E-2,5.461466499E-4,1.344526070E-3,9.996108413E-1,1.768073121E2,1.557551029E-1,-5.826735436E-2,1.768072296E2
6.410820619E1,2.785581665E-2,5.445820861E-4,1.343038864E-3,9.996109009E-1,1.768075456E2,1.555796344E-1,-5.809320295E-2,1.768074634E2
6.411320619E1,2.786222296E-2,5.502717104E-4,1.340919756E-3,9.996107221E-1,1.768068112E2,1.553554358E-1,-5.875070114E-2,1.768067282E2
6.411820619E1,2.786246993E-2,5.512110074E-4,1.335390843E-3,9.996107221E-1,1.768067829E2,1.547251280E-1,-5.887590960E-2,1.768067001E2
6.412320619E1,2.786663510E-2,5.539924023E-4,1.336562331E-3,9.996106029E-1,1.768063054E2,1.548684464E-1,-5.919012424E-2,1.768062221E2
6.412820619E1,2.786871611E-2,5.548697081E-4,1.337386668E-3,9.996105433E-1,1.768060668E2,1.549657970E-1,-5.928766194E-2,1.768059833E2
6.413320619E1,2.786483296E-2,5.518739345E-4,1.330419094E-3,9.996106625E-1,1.768065120E2,1.541578841E-1,-5.896735572E-2,1.768064294E2
6.413820619E1,2.785834207E-2,5.466951407E-4,1.334132045E-3,9.996108413E-1,1.768072561E2,1.545662757E-1,-5.836328820E-2,1.768071740E2
6.414320619E1,2.786221192E-2,5.495123332E-4,1.341460273E-3,9.996107221E-1,1.768068125E2,1.554149251E-1,-5.866199271E-2,1.768067295E2
6.414820619E1,2.786619479E-2,5.537571269E-4,1.345808152E-3,9.996106029E-1,1.768063559E2,1.559267519E-1,-5.913371753E-2,1.768062720E2
6.415320619E1,2.785773519E-2,5.469759344E-4,1.346630743E-3,9.996108413E-1,1.768073257E2,1.559988279E-1,-5.835564594E-2,1.768072428E2
6.415820619E1,2.784728388E-2,5.390830338E-4,1.344753662E-3,9.996111393E-1,1.768085238E2,1.557580147E-1,-5.745915873E-2,1.768084423E2
6.416320619E1,2.784530111E-2,5.370948929E-4,1.342298347E-3,9.996111989E-1,1.768087510E2,1.554703067E-1,-5.723956677E-2,1.768086701E2
6.416820619E1,2.785166111E-2,5.422684480E-4,1.341430820E-3,9.996110201E-1,1.768080220E2,1.553878110E-1,-5.783396171E-2,1.768079402E2
6.417320619E1,2.785595048E-2,5.449622986E-4,1.340105664E-3,9.996109009E-1,1.768075302E2,1.552448659E-1,-5.814609751E-2,1.768074481E2
6.417820619E1,2.785818089E-2,5.476061488E-4,1.337120775E-3,9.996108413E-1,1.768072746E2,1.549115255E-1,-5.845812514E-2,1.768071922E2
6.418320619E1,2.785399462E-2,5.444874405E-4,1.336487243E-3,9.996109605E-1,1.768077545E2,1.548287562E-1,-5.810355739E-2,1.768076726E2
6.418820619E1,2.785027108E-2,5.418499350E-4,1.325954334E-3,9.996110797E-1,1.768081813E2,1.536136059E-1,-5.783563142E-2,1.768081005E2
6.419320619E1,2.784816401E-2,5.397947389E-4,1.326112775E-3,9.996111393E-1,1.768084229E2,1.536250741E-1,-5.760003300E-2,1.768083424E2
6.419820619E1,2.784192027E-2,5.354009336E-4,1.324207406E-3,9.996113181E-1,1.768091386E2,1.533924401E-1,-5.710377430E-2,1.768090589E2
6.420320619E1,2.785031908E-2,5.410115118E-4,1.325288205E-3,9.996110797E-1,1.768081758E2,1.535346296E-1,-5.774171112E-2,1.768080952E2
6.420820619E1,2.784843878E-2,5.401129019E-4,1.320199925E-3,9.996111393E-1,1.768083914E2,1.529488045E-1,-5.765530496E-2,1.768083112E2
6.421320619E1,2.784830760E-2,5.399610382E-4,1.323026256E-3,9.996111393E-1,1.768084064E2,1.532720608E-1,-5.762890992E-2,1.768083261E2
6.421820619E1,2.784198643E-2,5.352277658E-4,1.322885626E-3,9.996113181E-1,1.768091310E2,1.532404851E-1,-5.708814548E-2,1.768090514E2
6.422320619E1,2.784203272E-2,5.343004595E-4,1.322286204E-3,9.996113181E-1,1.768091257E2,1.531688668E-1,-5.698383068E-2,1.768090463E2
6.422820619E1,2.784417391E-2,5.357739283E-4,1.321662683E-3,9.996112585E-1,1.768088803E2,1.531022681E-1,-5.715427359E-2,1.768088007E2
6.423320619E1,2.784175324E-2,5.349426647E-4,1.327899168E-3,9.996113181E-1,1.768091578E2,1.538138498E-1,-5.703952797E-2,1.768090779E2
6.423820619E1,2.784407978E-2,5.360909272E-4,1.323515782E-3,9.996112585E-1,1.768088911E2,1.533155417E-1,-5.718468646E-2,1.768088113E2
6.424320619E1,2.784612878E-2,5.387878628E-4,1.324329642E-3,9.996111989E-1,1.768086562E2,1.534174906E-1,-5.749070112E-2,1.768085759E2
6.424820619E1,2.784611475E-2,5.387554993E-4,1.324637793E-3,9.996111989E-1,1.768086578E2,1.534526844E-1,-5.748601282E-2,1.768085775E2
6.425320619E1,2.783759357E-2,5.308481050E-4,1.327012549E-3,9.996114373E-1,1.768096346E2,1.536989902E-1,-5.657397661E-2,1.768095555E2
6.425820619E1,2.783968692E-2,5.334158777E-4,1.326966565E-3,9.996113777E-1,1.768093946E2,1.537020336E-1,-5.686793224E-2,1.768093151E2
6.426320619E1,2.784800853E-2,5.397307104E-4,1.329399878E-3,9.996111393E-1,1.768084407E2,1.540013894E-1,-5.758223272E-2,1.768083600E2
6.426820619E1,2.785009980E-2,5.404453259E-4,1.330118510E-3,9.996110797E-1,1.768082009E2,1.540861080E-1,-5.766147411E-2,1.768081201E2
6.427320619E1,2.785213855E-2,5.418704241E-4,1.331642852E-3,9.996110201E-1,1.768079672E2,1.542653835E-1,-5.781953533E-2,1.768078861E2
6.427820619E1,2.784762961E-2,5.394710461E-4,1.337418682E-3,9.996111393E-1,1.768084841E2,1.549190709E-1,-5.752695781E-2,1.768084030E2
6.428320619E1,2.784148368E-2,5.332127330E-4,1.334231696E-3,9.996113181E-1,1.768091887E2,1.545336887E-1,-5.682120707E-2,1.768091087E2
6.428820619E1,2.784138437E-2,5.336803733E-4,1.336115762E-3,9.996113181E-1,1.768092000E2,1.547509897E-1,-5.686877818E-2,1.768091199E2
6.429320619E1,2.783901582E-2,5.319351912E-4,1.341560273E-3,9.996113777E-1,1.768094716E2,1.553689412E-1,-5.665187032E-2,1.768093914E2
6.429820619E1,2.784776243E-2,5.394863547E-4,1.334643923E-3,9.996111393E-1,1.768084689E2,1.546012864E-1,-5.753754560E-2,1.768083880E2
6.430320619E1,2.785001028E-2,5.412216997E-4,1.331676380E-3,9.996110797E-1,1.768082112E2,1.542670304E-1,-5.774544733E-2,1.768081302E2
6.430820619E1,2.784777180E-2,5.391304730E-4,1.334592351E-3,9.996111393E-1,1.768084678E2,1.545942437E-1,-5.749694355E-2,1.768083869E2
6.431320619E1,2.785165402E-2,5.421841634E-4,1.341612078E-3,9.996110201E-1,1.768080228E2,1.554083043E-1,-5.782372973E-2,1.768079410E2
6.431820619E1,2.785580239E-2,5.446696887E-4,1.343299053E-3,9.996109009E-1,1.768075472E2,1.556097170E-1,-5.810240922E-2,1.768074650E2
6.432320619E1,2.785583361E-2,5.448468146E-4,1.342579606E-3,9.996109009E-1,1.768075436E2,1.555278736E-1,-5.812499017E-2,1.768074614E2
6.432820619E1,2.785565901E-2,5.443132250E-4,1.346413163E-3,9.996109009E-1,1.768075637E2,1.559652834E-1,-5.805165912E-2,1.768074813E2
6.433320619E1,2.785790287E-2,5.473527708E-4,1.343003940E-3,9.996108413E-1,1.768073064E2,1.555846006E-1,-5.841036333E-2,1.768072238E2
6.433820619E1,2.786005776E-2,5.489910254E-4,1.341998694E-3,9.996107817E-1,1.768070594E2,1.554748089E-1,-5.860089442E-2,1.768069765E2
6.434320619E1,2.785804712E-2,5.464857095E-4,1.340362360E-3,9.996108413E-1,1.768072899E2,1.552792552E-1,-5.831945455E-2,1.768072075E2
6.434820619E1,2.786423970E-2,5.516227684E-4,1.342890086E-3,9.996106625E-1,1.768065800E2,1.555855643E-1,-5.889885586E-2,1.768064967E2
6.435320619E1,2.787268362E-2,5.593454698E-4,1.341934316E-3,9.996104240E-1,1.768056120E2,1.555012492E-1,-5.978520623E-2,1.768055275E2
6.435820619E1,2.787277859E-2,5.587537307E-4,1.340207062E-3,9.996104240E-1,1.768056011E2,1.553015126E-1,-5.972292652E-2,1.768055168E2
6.436320619E1,2.786450492E-2,5.514023942E-4,1.337466529E-3,9.996106625E-1,1.768065496E2,1.549636229E-1,-5.889088947E-2,1.768064666E2
6.436820619E1,2.786230381E-2,5.509908078E-4,1.338943024E-3,9.996107221E-1,1.768068019E2,1.551313075E-1,-5.883937046E-2,1.768067189E2
6.437320619E1,2.786440596E-2,5.521540297E-4,1.339216949E-3,9.996106625E-1,1.768065609E2,1.551665231E-1,-5.897141310E-2,1.768064777E2
6.437820619E1,2.787089291E-2,5.567719927E-4,1.335783512E-3,9.996104836E-1,1.768058173E2,1.547883651E-1,-5.951034562E-2,1.768057336E2
6.438320619E1,2.786875848E-2,5.552385119E-4,1.336350339E-3,9.996105433E-1,1.768060620E2,1.548482688E-1,-5.933321035E-2,1.768059785E2
6.438820619E1,2.787067412E-2,5.568759516E-4,1.340297633E-3,9.996104836E-1,1.768058424E2,1.553057639E-1,-5.950787034E-2,1.768057584E2
6.439320619E1,2.786667515E-2,5.533347139E-4,1.335999812E-3,9.996106029E-1,1.768063008E2,1.548019134E-1,-5.911657816E-2,1.768062176E2
6.439820619E1,2.785839582E-2,5.475734361E-4,1.332648797E-3,9.996108413E-1,1.768072499E2,1.543991809E-1,-5.846862114E-2,1.768071678E2
6.440320619E1,2.785405173E-2,5.446813302E-4,1.335217385E-3,9.996109605E-1,1.768077479E2,1.546839196E-1,-5.812981132E-2,1.768076661E2
6.440820619E1,2.786037284E-2,5.487389280E-4,1.335544977E-3,9.996107817E-1,1.768070233E2,1.547347672E-1,-5.859257287E-2,1.768069408E2
6.441320619E1,2.786879978E-2,5.560648860E-4,1.335144974E-3,9.996105433E-1,1.768060573E2,1.547128394E-1,-5.943171207E-2,1.768059737E2
6.441820619E1,2.786670673E-2,5.546830944E-4,1.334781293E-3,9.996106029E-1,1.768062972E2,1.546666434E-1,-5.927491735E-2,1.768062139E2
6.442320619E1,2.786453482E-2,5.516551319E-4,1.336739166E-3,9.996106625E-1,1.768065462E2,1.548811144E-1,-5.892215773E-2,1.768064632E2
6.442820619E1,2.787074380E-2,5.576339900E-4,1.338532311E-3,9.996104836E-1,1.768058344E2,1.551059766E-1,-5.960032865E-2,1.768057504E2
6.443320619E1,2.786868359E-2,5.558301928E-4,1.337665599E-3,9.996105433E-1,1.768060706E2,1.550008134E-1,-5.939679678E-2,1.768059869E2
6.443820619E1,2.786446926E-2,5.514743389E-4,1.338179572E-3,9.996106625E-1,1.768065537E2,1.550455277E-1,-5.889685921E-2,1.768064707E2
6.444320619E1,2.786601078E-2,5.523801083E-4,1.350176986E-3,9.996106029E-1,1.768063770E2,1.564227813E-1,-5.896206195E-2,1.768062931E2
6.444820619E1,2.786619149E-2,5.539642298E-4,1.345791272E-3,9.996106029E-1,1.768063563E2,1.559254795E-1,-5.915749496E-2,1.768062724E2
6.445320619E1,2.786846800E-2,5.544534652E-4,1.342718839E-3,9.996105433E-1,1.768060953E2,1.555752381E-1,-5.922299233E-2,1.768060115E2
6.445820619E1,2.786632627E-2,5.542428698E-4,1.342882519E-3,9.996106029E-1,1.768063408E2,1.555931878E-1,-5.919867992E-2,1.768062571E2
6.446320619E1,2.788542837E-2,5.686642253E-4,1.339637907E-3,9.996100664E-1,1.768041510E2,1.552687442E-1,-6.085799643E-2,1.768040652E2
6.446820619E1,2.789184470E-2,5.730437115E-4,1.337622060E-3,9.996098876E-1,1.768034155E2,1.550522240E-1,-6.136509946E-2,1.768033291E2
6.447320619E1,2.788325369E-2,5.667557125E-4,1.341235591E-3,9.996101260E-1,1.768044003E2,1.554455234E-1,-6.063461494E-2,1.768043147E2
6.447820619E1,2.787684544E-2,5.617583520E-4,1.343275420E-3,9.996103048E-1,1.768051349E2,1.556628263E-1,-6.005666284E-2,1.768050500E2
6.448320619E1,2.787255638E-2,5.590870278E-4,1.344681950E-3,9.996104240E-1,1.768056266E2,1.558151498E-1,-5.974684620E-2,1.768055420E2
6.448820619E1,2.787704350E-2,5.622525932E-4,1.338951173E-3,9.996103048E-1,1.768051122E2,1.551690868E-1,-6.012705989E-2,1.768050274E2
6.449320619E1,2.787265822E-2,5.591486697E-4,1.342543634E-3,9.996104240E-1,1.768056149E2,1.555704147E-1,-5.976072113E-2,1.768055304E2
6.449820619E1,2.787489000E-2,5.601269659E-4,1.340177376E-3,9.996103644E-1,1.768053591E2,1.553026251E-1,-5.987999320E-2,1.768052746E2
6.450320619E1,2.788120461E-2,5.656179856E-4,1.339889714E-3,9.996101856E-1,1.768046352E2,1.552875974E-1,-6.050891061E-2,1.768045498E2
6.450820619E1,2.788147978E-2,5.651660613E-4,1.334342873E-3,9.996101856E-1,1.768046037E2,1.546507952E-1,-6.047482387E-2,1.768045187E2
6.451320619E1,2.787957178E-2,5.636453279E-4,1.330194413E-3,9.996102452E-1,1.768048224E2,1.541706266E-1,-6.031417745E-2,1.768047379E2
6.451820619E1,2.787517352E-2,5.605135229E-4,1.334104920E-3,9.996103644E-1,1.768053266E2,1.546082942E-1,-5.994362561E-2,1.768052424E2
6.452320619E1,2.787306501E-2,5.591844674E-4,1.334056607E-3,9.996104240E-1,1.768055683E2,1.545983884E-1,-5.979186680E-2,1.768054843E2
6.452820619E1,2.787335121E-2,5.594347022E-4,1.327957842E-3,9.996104240E-1,1.768055355E2,1.539006084E-1,-5.983996646E-2,1.768054518E2
6.453320619E1,2.787541633E-2,5.614013644E-4,1.328646904E-3,9.996103644E-1,1.768052988E2,1.539859447E-1,-6.006272252E-2,1.768052147E2
6.453820619E1,2.787740217E-2,5.627990467E-4,1.331231790E-3,9.996103048E-1,1.768050711E2,1.542866207E-1,-6.021425915E-2,1.768049867E2
6.454320619E1,2.788389438E-2,5.674909917E-4,1.327535021E-3,9.996101260E-1,1.768043269E2,1.538785506E-1,-6.076251735E-2,1.768042419E2
6.454820619E1,2.787147235E-2,5.581928417E-4,1.323039760E-3,9.996104836E-1,1.768057509E2,1.533331769E-1,-5.971371237E-2,1.768056677E2
6.455320619E1,2.786725861E-2,5.554343807E-4,1.322894008E-3,9.996106029E-1,1.768062339E2,1.533074203E-1,-5.939885084E-2,1.768061512E2
6.455820619E1,2.787363073E-2,5.598125863E-4,1.321917865E-3,9.996104240E-1,1.768055035E2,1.532099700E-1,-5.990250160E-2,1.768054201E2
6.456320619E1,2.788409537E-2,5.683910567E-4,1.322920318E-3,9.996101260E-1,1.768043038E2,1.533528379E-1,-6.088033177E-2,1.768042190E2
6.456820619E1,2.789051364E-2,5.732180434E-4,1.320651267E-3,9.996099472E-1,1.768035681E2,1.531087439E-1,-6.143951556E-2,1.768034827E2
6.457320619E1,2.788846042E-2,5.710018449E-4,1.319855684E-3,9.996100068E-1,1.768038034E2,1.530104029E-1,-6.118851397E-2,1.768037184E2
6.457820619E1,2.789053646E-2,5.727331736E-4,1.320379553E-3,9.996099472E-1,1.768035654E2,1.530760715E-1,-6.138484016E-2,1.768034801E2
6.458320619E1,2.789067901E-2,5.734820152E-4,1.317039249E-3,9.996099472E-1,1.768035491E2,1.526958515E-1,-6.148127184E-2,1.768034639E2
6.458820619E1,2.789704081E-2,5.786490510E-4,1.315757283E-3,9.996097684E-1,1.768028198E2,1.525659164E-1,-6.207626608E-2,1.768027339E2
6.459320619E1,2.790320526E-2,5.834631738E-4,1.318762079E-3,9.996095896E-1,1.768021131E2,1.529258841E-1,-6.261715982E-2,1.768020263E2
6.459820619E1,2.790735772E-2,5.871590693E-4,1.319613890E-3,9.996094704E-1,1.768016371E2,1.530355369E-1,-6.303715356E-2,1.768015496E2
6.460320619E1,2.790316361E-2,5.835964112E-4,1.319584087E-3,9.996095896E-1,1.768021179E2,1.530204662E-1,-6.262979969E-2,1.768020310E2
6.460820619E1,2.789892043E-2,5.799834034E-4,1.320590382E-3,9.996097088E-1,1.768026043E2,1.531239168E-1,-6.221337333E-2,1.768025179E2
6.461320619E1,2.790512028E-2,5.848779692E-4,1.322788303E-3,9.996095300E-1,1.768018936E2,1.533917207E-1,-6.276605221E-2,1.768018062E2
6.461820619E1,2.791788275E-2,5.946889869E-4,1.319368486E-3,9.996091723E-1,1.768004306E2,1.530321817E-1,-6.389885533E-2,1.768003419E2
6.462320619E1,2.791783464E-2,5.953823566E-4,1.320073614E-3,9.996091723E-1,1.768004361E2,1.531151673E-1,-6.397603010E-2,1.768003472E2
6.462820619E1,2.791777764E-2,5.950299674E-4,1.321437303E-3,9.996091723E-1,1.768004426E2,1.532702428E-1,-6.393131102E-2,1.768003537E2
6.463320619E1,2.791347764E-2,5.908003077E-4,1.323994249E-3,9.996092916E-1,1.768009356E2,1.535493281E-1,-6.343929727E-2,1.768008472E2
6.463820619E1,2.790707058E-2,5.864216946E-4,1.325998921E-3,9.996094704E-1,1.768016700E2,1.537645472E-1,-6.293231422E-2,1.768015822E2
6.464320619E1,2.790292439E-2,5.835496704E-4,1.324653276E-3,9.996095896E-1,1.768021453E2,1.536009626E-1,-6.260827342E-2,1.768020581E2
6.464820619E1,2.790898552E-2,5.883534905E-4,1.329767518E-3,9.996094108E-1,1.768014505E2,1.542025282E-1,-6.314124792E-2,1.768013622E2
6.465320619E1,2.791081317E-2,5.890794564E-4,1.335878274E-3,9.996093512E-1,1.768012410E2,1.549049349E-1,-6.320457822E-2,1.768011522E2
6.465820619E1,2.791084816E-2,5.889340537E-4,1.335211098E-3,9.996093512E-1,1.768012370E2,1.548280490E-1,-6.319005130E-2,1.768011482E2
6.466320619E1,2.790471494E-2,5.838516518E-4,1.331762178E-3,9.996095300E-1,1.768019401E2,1.544163444E-1,-6.261985690E-2,1.768018523E2
6.466820619E1,2.790681325E-2,5.853555049E-4,1.331872772E-3,9.996094704E-1,1.768016995E2,1.544339537E-1,-6.279144070E-2,1.768016115E2
6.467320619E1,2.791741440E-2,5.937214009E-4,1.329674269E-3,9.996091723E-1,1.768004843E2,1.542095531E-1,-6.375512297E-2,1.768003951E2
6.467820619E1,2.792182129E-2,5.973794614E-4,1.325112884E-3,9.996090531E-1,1.767999791E2,1.536990464E-1,-6.418805726E-2,1.767998896E2
6.468320619E1,2.791117565E-2,5.898450618E-4,1.327943406E-3,9.996093512E-1,1.768011994E2,1.539984909E-1,-6.331759920E-2,1.768011110E2
6.468820619E1,2.791314943E-2,5.901826662E-4,1.331169857E-3,9.996092916E-1,1.768009732E2,1.543692763E-1,-6.334564618E-2,1.768008845E2
6.469320619E1,2.791752824E-2,5.952443462E-4,1.326599624E-3,9.996091723E-1,1.768004712E2,1.538622413E-1,-6.393939034E-2,1.768003820E2
6.469820619E1,2.792192726E-2,5.976078683E-4,1.322775031E-3,9.996090531E-1,1.767999669E2,1.534319900E-1,-6.422168469E-2,1.767998776E2
6.470320619E1,2.792382237E-2,5.990335485E-4,1.327161095E-3,9.996089935E-1,1.767997497E2,1.539390846E-1,-6.437066581E-2,1.767996598E2
6.470820619E1,2.791948282E-2,5.962122232E-4,1.329939114E-3,9.996091127E-1,1.768002471E2,1.542479919E-1,-6.403927223E-2,1.768001575E2
6.471320619E1,2.791527685E-2,5.927638267E-4,1.330169849E-3,9.996092319E-1,1.768007293E2,1.542631206E-1,-6.364418032E-2,1.768006402E2
6.471820619E1,2.790691537E-2,5.867913133E-4,1.329098362E-3,9.996094704E-1,1.768016878E2,1.541207515E-1,-6.296476476E-2,1.768015998E2
6.472320619E1,2.790492442E-2,5.842968239E-4,1.327169593E-3,9.996095300E-1,1.768019161E2,1.538917140E-1,-6.268550359E-2,1.768018285E2
6.472820619E1,2.791126820E-2,5.897288211E-4,1.326048514E-3,9.996093512E-1,1.768011888E2,1.537810706E-1,-6.331033073E-2,1.768011005E2
6.473320619E1,2.790726575E-2,5.859102239E-4,1.322111697E-3,9.996094704E-1,1.768016477E2,1.533176536E-1,-6.288612830E-2,1.768015602E2
6.473820619E1,2.789659172E-2,5.776179023E-4,1.325694495E-3,9.996097684E-1,1.768028713E2,1.537008709E-1,-6.192645245E-2,1.768027849E2
6.474320619E1,2.790486770E-2,5.836682976E-4,1.328638056E-3,9.996095300E-1,1.768019226E2,1.540579086E-1,-6.260882084E-2,1.768018350E2
6.474820619E1,2.791547912E-2,5.932050990E-4,1.325720805E-3,9.996092319E-1,1.768007061E2,1.537549203E-1,-6.370892780E-2,1.768006173E2
6.475320619E1,2.791133797E-2,5.898180534E-4,1.324539422E-3,9.996093512E-1,1.768011808E2,1.536084984E-1,-6.332536810E-2,1.768010926E2
6.475820619E1,2.790275400E-2,5.822507082E-4,1.328807557E-3,9.996095896E-1,1.768021649E2,1.540726591E-1,-6.244622422E-2,1.768020775E2
6.476320619E1,2.789425302E-2,5.756480969E-4,1.330809202E-3,9.996098280E-1,1.768031394E2,1.542803041E-1,-6.168482765E-2,1.768030530E2
6.476820619E1,2.790302839E-2,5.822659004E-4,1.323026489E-3,9.996095896E-1,1.768021334E2,1.534105202E-1,-6.246640735E-2,1.768020464E2
6.477320619E1,2.790336038E-2,5.829238216E-4,1.315714791E-3,9.996095896E-1,1.768020954E2,1.525751112E-1,-6.256509893E-2,1.768020087E2
6.477820619E1,2.789929645E-2,5.802011583E-4,1.312526176E-3,9.996097088E-1,1.768025612E2,1.522009050E-1,-6.226404105E-2,1.768024752E2
6.478320619E1,2.789075241E-2,5.729103577E-4,1.315733069E-3,9.996099472E-1,1.768035407E2,1.525444096E-1,-6.141995377E-2,1.768034556E2
6.478820619E1,2.787792761E-2,5.641101161E-4,1.319622854E-3,9.996103048E-1,1.768050109E2,1.529610702E-1,-6.040144365E-2,1.768049270E2
6.479320619E1,2.788004389E-2,5.649717641E-4,1.319695031E-3,9.996102452E-1,1.768047683E2,1.529722189E-1,-6.049958835E-2,1.768046842E2
6.479820619E1,2.789468606E-2,5.765343667E-4,1.321314950E-3,9.996098280E-1,1.768030898E2,1.531956248E-1,-6.181662944E-2,1.768030038E2
6.480320619E1,2.790093823E-2,5.820231745E-4,1.322179334E-3,9.996096492E-1,1.768023730E2,1.533125744E-1,-6.244163324E-2,1.768022861E2
6.480820619E1,2.789681133E-2,5.788707640E-4,1.320516574E-3,9.996097684E-1,1.768028461E2,1.531117740E-1,-6.208648300E-2,1.768027598E2
6.481320619E1,2.788424610E-2,5.682415795E-4,1.319803880E-3,9.996101260E-1,1.768042865E2,1.529953903E-1,-6.087314471E-2,1.768042020E2
6.481820619E1,2.788639419E-2,5.692891427E-4,1.319110743E-3,9.996100664E-1,1.768040403E2,1.529194721E-1,-6.099502607E-2,1.768039556E2
6.482320619E1,2.789674725E-2,5.774708698E-4,1.322481781E-3,9.996097684E-1,1.768028535E2,1.533324034E-1,-6.191985689E-2,1.768027673E2
6.482820619E1,2.790088813E-2,5.814626347E-4,1.323482720E-3,9.996096492E-1,1.768023788E2,1.534600781E-1,-6.237326555E-2,1.768022919E2
6.483320619E1,2.789426221E-2,5.757864565E-4,1.330556581E-3,9.996098280E-1,1.768031383E2,1.542518099E-1,-6.170148240E-2,1.768030519E2
6.483820619E1,2.788584275E-2,5.697878660E-4,1.330503612E-3,9.996100664E-1,1.768041035E2,1.542260528E-1,-6.101583092E-2,1.768040180E2
6.484320619E1,2.789238235E-2,5.742720678E-4,1.325832098E-3,9.996098876E-1,1.768033538E2,1.537056772E-1,-6.154340494E-2,1.768032680E2
6.484820619E1,2.789456615E-2,5.757763283E-4,1.324173762E-3,9.996098280E-1,1.768031035E2,1.535206627E-1,-6.172067849E-2,1.768030175E2
6.485320619E1,2.790288493E-2,5.824982654E-4,1.325946767E-3,9.996095896E-1,1.768021499E2,1.537457637E-1,-6.248370838E-2,1.768020627E2
6.485820619E1,2.791114748E-2,5.899522803E-4,1.328487764E-3,9.996093512E-1,1.768012027E2,1.540611866E-1,-6.332814397E-2,1.768011142E2
6.486320619E1,2.791138065E-2,5.897791125E-4,1.323656994E-3,9.996093512E-1,1.768011759E2,1.535072970E-1,-6.332372343E-2,1.768010878E2
6.486820619E1,2.790500069E-2,5.844361149E-4,1.325503690E-3,9.996095300E-1,1.768019073E2,1.537013399E-1,-6.270677436E-2,1.768018199E2
6.487320619E1,2.790702287E-2,5.862611579E-4,1.327073551E-3,9.996094704E-1,1.768016755E2,1.538871265E-1,-6.291049592E-2,1.768015877E2
6.487820619E1,2.791555550E-2,5.925748846E-4,1.324393670E-3,9.996092319E-1,1.768006974E2,1.536008896E-1,-6.364097248E-2,1.768006087E2
6.488320619E1,2.791793435E-2,5.945105222E-4,1.318356604E-3,9.996091723E-1,1.768004247E2,1.529157060E-1,-6.388164214E-2,1.768003361E2
6.488820619E1,2.791393069E-2,5.916493246E-4,1.314026071E-3,9.996092916E-1,1.768008836E2,1.524102474E-1,-6.356836600E-2,1.768007957E2
6.489320619E1,2.790981396E-2,5.890111788E-4,1.311969943E-3,9.996094108E-1,1.768013555E2,1.521660241E-1,-6.327337858E-2,1.768012682E2
6.489820619E1,2.791185405E-2,5.903874990E-4,1.313363435E-3,9.996093512E-1,1.768011217E2,1.523301761E-1,-6.342626398E-2,1.768010340E2
6.490320619E1,2.791209861E-2,5.910269683E-4,1.307866769E-3,9.996093512E-1,1.768010936E2,1.517026102E-1,-6.351705743E-2,1.768010063E2
6.490820619E1,2.791842655E-2,5.960818380E-4,1.307176659E-3,9.996091723E-1,1.768003682E2,1.516401351E-1,-6.409732413E-2,1.768002801E2
6.491320619E1,2.792057650E-2,5.978192203E-4,1.306042890E-3,9.996091127E-1,1.768001218E2,1.515159623E-1,-6.429963711E-2,1.768000334E2
6.491820619E1,2.790997525E-2,5.898008822E-4,1.308178529E-3,9.996094108E-1,1.768013371E2,1.517342648E-1,-6.337593827E-2,1.768012498E2
6.492320619E1,2.790148608E-2,5.823703832E-4,1.310413238E-3,9.996096492E-1,1.768023102E2,1.519659467E-1,-6.251894138E-2,1.768022240E2
6.492820619E1,2.790563370E-2,5.853592884E-4,1.311697881E-3,9.996095300E-1,1.768018348E2,1.521229167E-1,-6.285657241E-2,1.768017480E2
6.493320619E1,2.791384412E-2,5.917975213E-4,1.315797213E-3,9.996092916E-1,1.768008935E2,1.526135951E-1,-6.357968916E-2,1.768008055E2
6.493820619E1,2.791591381E-2,5.930897896E-4,1.316587674E-3,9.996092319E-1,1.768006563E2,1.527084058E-1,-6.372486969E-2,1.768005680E2
6.494320619E1,2.790951390E-2,5.887006409E-4,1.318476396E-3,9.996094108E-1,1.768013899E2,1.529103069E-1,-6.321704364E-2,1.768013023E2
6.494820619E1,2.790934549E-2,5.873262999E-4,1.322647557E-3,9.996094108E-1,1.768014092E2,1.533836948E-1,-6.304630250E-2,1.768013215E2
6.495320619E1,2.791354612E-2,5.913004861E-4,1.322326250E-3,9.996092916E-1,1.768009277E2,1.533598681E-1,-6.350191611E-2,1.768008394E2
6.495820619E1,2.791775546E-2,5.942202988E-4,1.322269905E-3,9.996091723E-1,1.768004452E2,1.533630230E-1,-6.383590578E-2,1.768003564E2
6.496320619E1,2.791788146E-2,5.946473684E-4,1.319414587E-3,9.996091723E-1,1.768004307E2,1.530373292E-1,-6.389394078E-2,1.768003420E2
6.496820619E1,2.791124145E-2,5.900797551E-4,1.326455385E-3,9.996093512E-1,1.768011919E2,1.538287973E-1,-6.334923185E-2,1.768011035E2
6.497320619E1,2.792166647E-2,5.978434347E-4,1.328162500E-3,9.996090531E-1,1.767999968E2,1.540498455E-1,-6.423146992E-2,1.767999071E2
6.497820619E1,2.791320560E-2,5.907939631E-4,1.329720020E-3,9.996092916E-1,1.768009667E2,1.542051608E-1,-6.342029722E-2,1.768008780E2
6.498320619E1,2.791718168E-2,5.944835721E-4,1.334212022E-3,9.996091723E-1,1.768005109E2,1.547317629E-1,-6.382794611E-2,1.768004213E2
6.498820619E1,2.793186587E-2,6.048886571E-4,1.334796892E-3,9.996087551E-1,1.767988276E2,1.548330026E-1,-6.501566978E-2,1.767987363E2
6.499320619E1,2.793184220E-2,6.051178207E-4,1.335188281E-3,9.996087551E-1,1.767988303E2,1.548785670E-1,-6.504067061E-2,1.767987390E2
6.499820619E1,2.791698718E-2,5.938183749E-4,1.338570728E-3,9.996091723E-1,1.768005332E2,1.552288992E-1,-6.373783588E-2,1.768004435E2
6.500320619E1,2.790641969E-2,5.854878109E-4,1.340035815E-3,9.996094704E-1,1.768017447E2,1.553694048E-1,-6.278055189E-2,1.768016561E2
6.500820619E1,2.791890300E-2,5.952634965E-4,1.342477044E-3,9.996091127E-1,1.768003136E2,1.556811021E-1,-6.389057470E-2,1.768002234E2
6.501320619E1,2.792318255E-2,5.986286560E-4,1.340736169E-3,9.996089935E-1,1.767998230E2,1.554927322E-1,-6.428094694E-2,1.767997323E2
6.501820619E1,2.791914783E-2,5.946035963E-4,1.337669208E-3,9.996091127E-1,1.768002855E2,1.551282829E-1,-6.383032926E-2,1.768001957E2
6.502320619E1,2.790650197E-2,5.862183752E-4,1.338001341E-3,9.996094704E-1,1.768017352E2,1.551387033E-1,-6.287072906E-2,1.768016467E2
6.502820619E1,2.790432388E-2,5.831535673E-4,1.340234885E-3,9.996095300E-1,1.768019849E2,1.553846115E-1,-6.251286084E-2,1.768018967E2
6.503320619E1,2.790850606E-2,5.874685594E-4,1.340180752E-3,9.996094108E-1,1.768015055E2,1.553924731E-1,-6.300665253E-2,1.768014166E2
6.503820619E1,2.791283397E-2,5.900393589E-4,1.337831491E-3,9.996092916E-1,1.768010093E2,1.551318685E-1,-6.330797116E-2,1.768009202E2
6.504320619E1,2.791484514E-2,5.911140470E-4,1.339928131E-3,9.996092319E-1,1.768007788E2,1.553755978E-1,-6.342405419E-2,1.768006894E2
6.504820619E1,2.791485684E-2,5.911484477E-4,1.339669223E-3,9.996092319E-1,1.768007774E2,1.553460515E-1,-6.342882108E-2,1.768006880E2
6.505320619E1,2.789811885E-2,5.779570201E-4,1.338294009E-3,9.996097088E-1,1.768026962E2,1.551452875E-1,-6.192478214E-2,1.768026090E2
6.505820619E1,2.789588180E-2,5.761673092E-4,1.341174124E-3,9.996097684E-1,1.768029527E2,1.554693363E-1,-6.171091663E-2,1.768028655E2
6.506320619E1,2.790835244E-2,5.870512105E-4,1.343558426E-3,9.996094108E-1,1.768015231E2,1.557780313E-1,-6.294806809E-2,1.768014341E2
6.506820619E1,2.792112437E-2,5.969682243E-4,1.339900657E-3,9.996090531E-1,1.768000590E2,1.553915813E-1,-6.409374329E-2,1.767999686E2
6.507320619E1,2.791909488E-2,5.946301972E-4,1.338762115E-3,9.996091127E-1,1.768002916E2,1.552535539E-1,-6.382988790E-2,1.768002017E2
6.507820619E1,2.790643002E-2,5.846323911E-4,1.340194023E-3,9.996094704E-1,1.768017435E2,1.553847920E-1,-6.268205871E-2,1.768016551E2
6.508320619E1,2.789372980E-2,5.758655607E-4,1.341637690E-3,9.996098280E-1,1.768031994E2,1.555213390E-1,-6.167520520E-2,1.768031123E2
6.508820619E1,2.790418592E-2,5.825609551E-4,1.343361335E-3,9.996095300E-1,1.768020007E2,1.557408335E-1,-6.243500305E-2,1.768019124E2
6.509320619E1,2.790860514E-2,5.862754770E-4,1.338639064E-3,9.996094108E-1,1.768014941E2,1.552120675E-1,-6.287490392E-2,1.768014055E2
6.509820619E1,2.791057370E-2,5.884839338E-4,1.341133728E-3,9.996093512E-1,1.768012685E2,1.555050117E-1,-6.311959102E-2,1.768011794E2
6.510320619E1,2.790836424E-2,5.871667527E-4,1.343262964E-3,9.996094108E-1,1.768015217E2,1.557445572E-1,-6.296224618E-2,1.768014327E2
6.510820619E1,2.789994607E-2,5.808481947E-4,1.343461219E-3,9.996096492E-1,1.768024868E2,1.557465338E-1,-6.223915295E-2,1.768023987E2
6.511320619E1,2.789755383E-2,5.786581896E-4,1.349720638E-3,9.996097088E-1,1.768027610E2,1.564563816E-1,-6.196865664E-2,1.768026729E2
6.511820619E1,2.790578609E-2,5.850266316E-4,1.353365486E-3,9.996094704E-1,1.768018173E2,1.568947651E-1,-6.268519732E-2,1.768017280E2
6.512320619E1,2.790997725E-2,5.882561090E-4,1.353588421E-3,9.996093512E-1,1.768013368E2,1.569308940E-1,-6.305375285E-2,1.768012470E2
6.512820619E1,2.790171314E-2,5.818604259E-4,1.350654871E-3,9.996095896E-1,1.768022842E2,1.565738925E-1,-6.233182460E-2,1.768021956E2
6.513320619E1,2.789133902E-2,5.739378976E-4,1.347744605E-3,9.996098876E-1,1.768034734E2,1.562145595E-1,-6.143525042E-2,1.768033863E2
6.513820619E1,2.788931405E-2,5.720620975E-4,1.346237841E-3,9.996099472E-1,1.768037056E2,1.560358443E-1,-6.122551538E-2,1.768036188E2
6.514320619E1,2.789974427E-2,5.789922434E-4,1.348444028E-3,9.996096492E-1,1.768025099E2,1.563113535E-1,-6.201066014E-2,1.768024219E2
6.514820619E1,2.790801049E-2,5.867844447E-4,1.350758597E-3,9.996094108E-1,1.768015623E2,1.566019151E-1,-6.289453724E-2,1.768014729E2
6.515320619E1,2.790813481E-2,5.861037644E-4,1.348483725E-3,9.996094108E-1,1.768015480E2,1.563391660E-1,-6.282382332E-2,1.768014589E2
6.515820619E1,2.790187451E-2,5.822473904E-4,1.347150072E-3,9.996095896E-1,1.768022657E2,1.561736753E-1,-6.238733118E-2,1.768021772E2
6.516320619E1,2.789779573E-2,5.782945082E-4,1.344867866E-3,9.996097088E-1,1.768027333E2,1.558993628E-1,-6.194247424E-2,1.768026456E2
6.516820619E1,2.789994286E-2,5.797042977E-4,1.344021875E-3,9.996096492E-1,1.768024871E2,1.558070977E-1,-6.210633113E-2,1.768023993E2
6.517320619E1,2.790830576E-2,5.862138350E-4,1.344893011E-3,9.996094108E-1,1.768015284E2,1.559282230E-1,-6.284788847E-2,1.768014395E2
6.517820619E1,2.791479300E-2,5.917706876E-4,1.340724295E-3,9.996092319E-1,1.768007848E2,1.554688934E-1,-6.349673154E-2,1.768006952E2
6.518320619E1,2.791469893E-2,5.925767473E-4,1.342325937E-3,9.996092319E-1,1.768007956E2,1.556549294E-1,-6.358395427E-2,1.768007057E2
6.518820619E1,2.790002598E-2,5.800998188E-4,1.342124422E-3,9.996096492E-1,1.768024776E2,1.555910197E-1,-6.215769040E-2,1.768023898E2
6.519320619E1,2.790238151E-2,5.819626967E-4,1.336731832E-3,9.996095896E-1,1.768022076E2,1.549794174E-1,-6.238795320E-2,1.768021198E2
6.519820619E1,2.791289392E-2,5.906383158E-4,1.336315530E-3,9.996092916E-1,1.768010025E2,1.549601394E-1,-6.338141951E-2,1.768009133E2
6.520320619E1,2.792132510E-2,5.964115262E-4,1.335959765E-3,9.996090531E-1,1.768000360E2,1.549383954E-1,-6.404255355E-2,1.767999459E2
6.520820619E1,2.791275805E-2,5.903168349E-4,1.339292387E-3,9.996092916E-1,1.768010180E2,1.553000926E-1,-6.333509401E-2,1.768009288E2
6.521320619E1,2.790634691E-2,5.857958458E-4,1.341416035E-3,9.996094704E-1,1.768017530E2,1.555284855E-1,-6.281143379E-2,1.768016643E2
6.521820619E1,2.791069221E-2,5.888768355E-4,1.338492380E-3,9.996093512E-1,1.768012549E2,1.552037174E-1,-6.317302637E-2,1.768011659E2
6.522320619E1,2.790890619E-2,5.875646020E-4,1.331779873E-3,9.996094108E-1,1.768014596E2,1.544305094E-1,-6.304445954E-2,1.768013713E2
6.522820619E1,2.790692076E-2,5.861108657E-4,1.329285325E-3,9.996094704E-1,1.768016872E2,1.541399917E-1,-6.288622291E-2,1.768015992E2
6.523320619E1,2.790506414E-2,5.846205750E-4,1.324085868E-3,9.996095300E-1,1.768019000E2,1.535395264E-1,-6.273242780E-2,1.768018126E2
6.523820619E1,2.790288670E-2,5.830805167E-4,1.325653400E-3,9.996095896E-1,1.768021497E2,1.537140213E-1,-6.255134120E-2,1.768020624E2
6.524320619E1,2.790279284E-2,5.834773765E-4,1.327453298E-3,9.996095896E-1,1.768021604E2,1.539214575E-1,-6.259105948E-2,1.768020730E2
6.524820619E1,2.791119615E-2,5.901550176E-4,1.327374834E-3,9.996093512E-1,1.768011971E2,1.539343553E-1,-6.335491907E-2,1.768011086E2
6.525320619E1,2.792168335E-2,5.968349287E-4,1.328261220E-3,9.996090531E-1,1.767999949E2,1.540579276E-1,-6.411563032E-2,1.767999053E2
6.525820619E1,2.791533790E-2,5.923326826E-4,1.329080318E-3,9.996092319E-1,1.768007223E2,1.541369426E-1,-6.359827007E-2,1.768006334E2
6.526320619E1,2.790692108E-2,5.851793103E-4,1.329689054E-3,9.996094704E-1,1.768016872E2,1.541832584E-1,-6.277822502E-2,1.768015993E2
6.526820619E1,2.790870973E-2,5.867741420E-4,1.336237998E-3,9.996094108E-1,1.768014821E2,1.549386339E-1,-6.293968726E-2,1.768013936E2
6.527320619E1,2.791286962E-2,5.903652636E-4,1.336943591E-3,9.996092916E-1,1.768010053E2,1.550312069E-1,-6.334813707E-2,1.768009161E2
6.527820619E1,2.791725775E-2,5.938436370E-4,1.332904678E-3,9.996091723E-1,1.768005022E2,1.545799680E-1,-6.375881425E-2,1.768004128E2
6.528320619E1,2.791087519E-2,5.892848712E-4,1.334491186E-3,9.996093512E-1,1.768012339E2,1.547467090E-1,-6.323253475E-2,1.768011451E2
6.528820619E1,2.791074470E-2,5.881390534E-4,1.337721827E-3,9.996093512E-1,1.768012488E2,1.551130962E-1,-6.309097218E-2,1.768011600E2
6.529320619E1,2.790658694E-2,5.850225571E-4,1.336751971E-3,9.996094704E-1,1.768017255E2,1.549917727E-1,-6.273773411E-2,1.768016372E2
6.529820619E1,2.790451793E-2,5.838621873E-4,1.335879089E-3,9.996095300E-1,1.768019627E2,1.548879460E-1,-6.260792945E-2,1.768018746E2
6.530320619E1,2.791068654E-2,5.888082087E-4,1.338640810E-3,9.996093512E-1,1.768012555E2,1.552204997E-1,-6.316469153E-2,1.768011665E2
6.530820619E1,2.791511733E-2,5.924468860E-4,1.333654393E-3,9.996092319E-1,1.768007476E2,1.546612407E-1,-6.359675358E-2,1.768006583E2
6.531320619E1,2.791322291E-2,5.901139812E-4,1.329658669E-3,9.996092916E-1,1.768009648E2,1.541959592E-1,-6.334260103E-2,1.768008761E2
6.531820619E1,2.790467940E-2,5.846369895E-4,1.332162297E-3,9.996095300E-1,1.768019442E2,1.544646862E-1,-6.270854088E-2,1.768018562E2
6.532320619E1,2.790464028E-2,5.845360574E-4,1.333025633E-3,9.996095300E-1,1.768019486E2,1.545632536E-1,-6.269422476E-2,1.768018607E2
6.532820619E1,2.791532955E-2,5.933662178E-4,1.328794751E-3,9.996092319E-1,1.768007233E2,1.541075377E-1,-6.371757304E-2,1.768006342E2
6.533320619E1,2.791927008E-2,5.953336949E-4,1.334789908E-3,9.996091127E-1,1.768002715E2,1.548008114E-1,-6.392315281E-2,1.768001818E2
6.533820619E1,2.791516850E-2,5.915825022E-4,1.332966844E-3,9.996092319E-1,1.768007417E2,1.545797220E-1,-6.349993269E-2,1.768006527E2
6.534320619E1,2.792139820E-2,5.965261371E-4,1.334380009E-3,9.996090531E-1,1.768000276E2,1.547578104E-1,-6.406072520E-2,1.767999376E2
6.534820619E1,2.792364310E-2,5.991032231E-4,1.330896281E-3,9.996089935E-1,1.767997702E2,1.543671504E-1,-6.436672216E-2,1.767996801E2
6.535320619E1,2.791750967E-2,5.950581399E-4,1.327073900E-3,9.996091723E-1,1.768004733E2,1.539159713E-1,-6.391654656E-2,1.768003841E2
6.535820619E1,2.792370467E-2,6.000231951E-4,1.329188934E-3,9.996089935E-1,1.767997632E2,1.541745269E-1,-6.447755586E-2,1.767996730E2
6.536320619E1,2.792975707E-2,6.034440012E-4,1.334940665E-3,9.996088147E-1,1.767990693E2,1.548447102E-1,-6.485005559E-2,1.767989783E2
6.536820619E1,2.792572043E-2,6.008711644E-4,1.331280801E-3,9.996089339E-1,1.767995321E2,1.544169878E-1,-6.456768282E-2,1.767994417E2
6.537320619E1,2.791747977E-2,5.948523176E-4,1.327794860E-3,9.996091723E-1,1.768004768E2,1.539978948E-1,-6.389066838E-2,1.768003875E2
6.537820619E1,2.791541359E-2,5.931818741E-4,1.327110454E-3,9.996092319E-1,1.768007136E2,1.539140221E-1,-6.370183211E-2,1.768006247E2
6.538320619E1,2.792381352E-2,5.987341283E-4,1.327482401E-3,9.996089935E-1,1.767997507E2,1.539749305E-1,-6.433534139E-2,1.767996608E2
6.538820619E1,2.793000367E-2,6.046236958E-4,1.329235383E-3,9.996088147E-1,1.767990411E2,1.541949792E-1,-6.500340814E-2,1.767989502E2
6.539320619E1,2.793219713E-2,6.064998452E-4,1.327111619E-3,9.996087551E-1,1.767987896E2,1.539578566E-1,-6.522477454E-2,1.767986986E2
6.539820619E1,2.793028902E-2,6.042117020E-4,1.323414152E-3,9.996088147E-1,1.767990084E2,1.535268743E-1,-6.497480340E-2,1.767989179E2
6.540320619E1,2.793450165E-2,6.074588164E-4,1.323056291E-3,9.996086955E-1,1.767985254E2,1.534965514E-1,-6.534724836E-2,1.767984345E2
6.540820619E1,2.793470390E-2,6.089534145E-4,1.318089664E-3,9.996086955E-1,1.767985023E2,1.529324371E-1,-6.553431770E-2,1.767984114E2
6.541320619E1,2.793267786E-2,6.065769121E-4,1.316919108E-3,9.996087551E-1,1.767987345E2,1.527906132E-1,-6.526615391E-2,1.767986441E2
6.541820619E1,2.793253167E-2,6.059764419E-4,1.320292009E-3,9.996087551E-1,1.767987513E2,1.531750372E-1,-6.518659793E-2,1.767986608E2
6.542320619E1,2.793031628E-2,6.047675270E-4,1.322584692E-3,9.996088147E-1,1.767990052E2,1.534336431E-1,-6.504112199E-2,1.767989148E2
6.542820619E1,2.793037874E-2,6.046837661E-4,1.321303309E-3,9.996088147E-1,1.767989981E2,1.532866005E-1,-6.503561917E-2,1.767989077E2
6.543320619E1,2.792607562E-2,6.019903230E-4,1.323300414E-3,9.996089339E-1,1.767994914E2,1.535064629E-1,-6.472136270E-2,1.767994013E2
6.543820619E1,2.793039673E-2,6.044455804E-4,1.321032061E-3,9.996088147E-1,1.767989960E2,1.532547686E-1,-6.500920118E-2,1.767989057E2
6.544320619E1,2.793260717E-2,6.072972319E-4,1.318086055E-3,9.996087551E-1,1.767987426E2,1.529265847E-1,-6.534493969E-2,1.767986520E2
6.544820619E1,2.793491864E-2,6.082819891E-4,1.313841902E-3,9.996086955E-1,1.767984776E2,1.524437333E-1,-6.547097319E-2,1.767983872E2
6.545320619E1,2.793890360E-2,6.110938266E-4,1.318492345E-3,9.996085763E-1,1.767980208E2,1.529856916E-1,-6.577756316E-2,1.767979296E2
6.545820619E1,2.794098914E-2,6.132177659E-4,1.318500843E-3,9.996085167E-1,1.767977817E2,1.529936033E-1,-6.602050708E-2,1.767976902E2
6.546320619E1,2.794100108E-2,6.133395364E-4,1.318191062E-3,9.996085167E-1,1.767977804E2,1.529585095E-1,-6.603544554E-2,1.767976888E2
6.546820619E1,2.793491284E-2,6.086982903E-4,1.313772285E-3,9.996086955E-1,1.767984783E2,1.524370914E-1,-6.551888288E-2,1.767983878E2
6.547320619E1,2.794100383E-2,6.132192793E-4,1.318188850E-3,9.996085167E-1,1.767977801E2,1.529578712E-1,-6.602167715E-2,1.767976885E2
6.547820619E1,2.795361988E-2,6.229716237E-4,1.317335176E-3,9.996081591E-1,1.767963338E2,1.528921606E-1,-6.713958006E-2,1.767962408E2
6.548320619E1,2.795781999E-2,6.270144368E-4,1.316742157E-3,9.996080399E-1,1.767958523E2,1.528374674E-1,-6.760392838E-2,1.767957587E2
6.548820619E1,2.796180939E-2,6.296577048E-4,1.321259770E-3,9.996079206E-1,1.767953950E2,1.533636861E-1,-6.789162024E-2,1.767953007E2
6.549320619E1,2.796178519E-2,6.300737732E-4,1.321573392E-3,9.996079206E-1,1.767953978E2,1.534009422E-1,-6.793827826E-2,1.767953034E2
6.549820619E1,2.796595381E-2,6.327427691E-4,1.322259195E-3,9.996078014E-1,1.767949199E2,1.534883361E-1,-6.824116525E-2,1.767948250E2
6.550320619E1,2.796595768E-2,6.330947508E-4,1.322008902E-3,9.996078014E-1,1.767949194E2,1.534607942E-1,-6.828228511E-2,1.767948245E2
6.550820619E1,2.797000508E-2,6.355758524E-4,1.325326273E-3,9.996076822E-1,1.767944555E2,1.538490181E-1,-6.855523267E-2,1.767943600E2
6.551320619E1,2.797414106E-2,6.384401931E-4,1.326567726E-3,9.996075630E-1,1.767939813E2,1.540006891E-1,-6.887871695E-2,1.767938853E2
6.551820619E1,2.797643991E-2,6.407145993E-4,1.321897493E-3,9.996075034E-1,1.767937178E2,1.534731789E-1,-6.915386092E-2,1.767936217E2
6.552320619E1,2.797042080E-2,6.362337735E-4,1.316205715E-3,9.996076822E-1,1.767944078E2,1.528064240E-1,-6.865976523E-2,1.767943128E2
6.552820619E1,2.796192326E-2,6.301078829E-4,1.318632741E-3,9.996079206E-1,1.767953819E2,1.530642184E-1,-6.795158695E-2,1.767952877E2
6.553320619E1,2.796615309E-2,6.337902742E-4,1.317534363E-3,9.996078014E-1,1.767948970E2,1.529504920E-1,-6.837626491E-2,1.767948023E2
6.553820619E1,2.797450928E-2,6.397435791E-4,1.318148104E-3,9.996075630E-1,1.767939391E2,1.530404517E-1,-6.905494982E-2,1.767938434E2
6.554320619E1,2.796831932E-2,6.354881916E-4,1.315954840E-3,9.996077418E-1,1.767946487E2,1.527751530E-1,-6.857548663E-2,1.767945539E2
6.554820619E1,2.796416787E-2,6.320468965E-4,1.315285102E-3,9.996078610E-1,1.767951246E2,1.526871234E-1,-6.818407846E-2,1.767950303E2
6.555320619E1,2.797259676E-2,6.377080572E-4,1.314515830E-3,9.996076226E-1,1.767941584E2,1.526177286E-1,-6.883372378E-2,1.767940633E2
6.555820619E1,2.796842815E-2,6.356158992E-4,1.313577988E-3,9.996077418E-1,1.767946362E2,1.525033088E-1,-6.859771638E-2,1.767945415E2
6.556320619E1,2.797047045E-2,6.372104981E-4,1.314677298E-3,9.996076822E-1,1.767944021E2,1.526344829E-1,-6.877653715E-2,1.767943071E2
6.556820619E1,2.797468916E-2,6.394357188E-4,1.314474735E-3,9.996075630E-1,1.767939185E2,1.526187042E-1,-6.903143386E-2,1.767938231E2
6.557320619E1,2.797270086E-2,6.392156356E-4,1.311565167E-3,9.996076226E-1,1.767941464E2,1.522845794E-1,-6.901585437E-2,1.767940513E2
6.557820619E1,2.797060850E-2,6.374513032E-4,1.311619766E-3,9.996076822E-1,1.767943863E2,1.522850335E-1,-6.881389978E-2,1.767942914E2
6.558320619E1,2.796649269E-2,6.328819436E-4,1.310745138E-3,9.996078014E-1,1.767948581E2,1.521699194E-1,-6.829392498E-2,1.767947640E2
6.558820619E1,2.796436927E-2,6.318347296E-4,1.311098458E-3,9.996078610E-1,1.767951015E2,1.522068900E-1,-6.817316112E-2,1.767950076E2
6.559320619E1,2.796631563E-2,6.340672844E-4,1.313946093E-3,9.996078014E-1,1.767948784E2,1.525403658E-1,-6.841947033E-2,1.767947839E2
6.559820619E1,2.796627675E-2,6.338038365E-4,1.314900466E-3,9.996078014E-1,1.767948829E2,1.526488393E-1,-6.838624062E-2,1.767947883E2
6.560320619E1,2.796629992E-2,6.335611688E-4,1.314524445E-3,9.996078014E-1,1.767948802E2,1.526049910E-1,-6.835964538E-2,1.767947858E2
6.560820619E1,2.796420281E-2,6.308709271E-4,1.315106871E-3,9.996078610E-1,1.767951206E2,1.526629412E-1,-6.804994092E-2,1.767950265E2
6.561320619E1,2.796222412E-2,6.305565475E-4,1.312021865E-3,9.996079206E-1,1.767953474E2,1.523084211E-1,-6.802411736E-2,1.767952536E2
6.561820619E1,2.795574570E-2,6.255944609E-4,1.316209207E-3,9.996080995E-1,1.767960901E2,1.527717301E-1,-6.744329936E-2,1.767959968E2
6.562320619E1,2.795775505E-2,6.271624588E-4,1.318049850E-3,9.996080399E-1,1.767958598E2,1.529877295E-1,-6.761670414E-2,1.767957661E2
6.562820619E1,2.796173567E-2,6.301647518E-4,1.322577475E-3,9.996079206E-1,1.767954034E2,1.535162449E-1,-6.794548980E-2,1.767953090E2
6.563320619E1,2.796168038E-2,6.295167841E-4,1.324054203E-3,9.996079206E-1,1.767954098E2,1.536833194E-1,-6.786654391E-2,1.767953153E2
6.563820619E1,2.795105010E-2,6.209678249E-4,1.327540842E-3,9.996082187E-1,1.767966284E2,1.540545972E-1,-6.687775531E-2,1.767965350E2
6.564320619E1,2.794895221E-2,6.196774775E-4,1.327431761E-3,9.996082783E-1,1.767968689E2,1.540378290E-1,-6.673062295E-2,1.767967757E2
6.564820619E1,2.795117067E-2,6.213575834E-4,1.324817073E-3,9.996082187E-1,1.767966146E2,1.537438543E-1,-6.693110669E-2,1.767965213E2
6.565320619E1,2.794919808E-2,6.196583272E-4,1.322253956E-3,9.996082783E-1,1.767968407E2,1.534446824E-1,-6.674497513E-2,1.767967479E2
6.565820619E1,2.794700732E-2,6.183608202E-4,1.324104960E-3,9.996083379E-1,1.767970918E2,1.536524073E-1,-6.659075826E-2,1.767969991E2
6.566320619E1,2.794697196E-2,6.170280976E-4,1.325472374E-3,9.996083379E-1,1.767970959E2,1.538047697E-1,-6.643372545E-2,1.767970033E2
6.566820619E1,2.794918713E-2,6.195913884E-4,1.322516589E-3,9.996082783E-1,1.767968420E2,1.534745510E-1,-6.673646802E-2,1.767967492E2
6.567320619E1,2.793892855E-2,6.121319602E-4,1.317481743E-3,9.996085763E-1,1.767980180E2,1.528732558E-1,-6.589970977E-2,1.767979267E2
6.567820619E1,2.793245020E-2,6.062113098E-4,1.321906806E-3,9.996087551E-1,1.767987606E2,1.533607538E-1,-6.520834494E-2,1.767986700E2
6.568320619E1,2.793028461E-2,6.039754371E-4,1.323614968E-3,9.996088147E-1,1.767990089E2,1.535491207E-1,-6.494709795E-2,1.767989185E2
6.568820619E1,2.792600831E-2,6.004529423E-4,1.325417776E-3,9.996089339E-1,1.767994991E2,1.537440759E-1,-6.453849509E-2,1.767994091E2
6.569320619E1,2.792188723E-2,5.987943732E-4,1.323083416E-3,9.996090531E-1,1.767999715E2,1.534711086E-1,-6.435661443E-2,1.767998819E2
6.569820619E1,2.792386691E-2,6.000765716E-4,1.325752004E-3,9.996089935E-1,1.767997446E2,1.537810181E-1,-6.449464288E-2,1.767996546E2
6.570320619E1,2.792166164E-2,5.973057123E-4,1.328505925E-3,9.996090531E-1,1.767999974E2,1.540874629E-1,-6.416877744E-2,1.767999077E2
6.570820619E1,2.791548093E-2,5.935739609E-4,1.325517660E-3,9.996092319E-1,1.768007059E2,1.537328308E-1,-6.375182934E-2,1.768006170E2
6.571320619E1,2.791543870E-2,5.923571298E-4,1.326950616E-3,9.996092319E-1,1.768007107E2,1.538930762E-1,-6.360786772E-2,1.768006219E2
6.571820619E1,2.792161401E-2,5.972530344E-4,1.329530263E-3,9.996090531E-1,1.768000028E2,1.542046262E-1,-6.415947314E-2,1.767999131E2
6.572320619E1,2.792582945E-2,6.009780336E-4,1.328943647E-3,9.996089339E-1,1.767995196E2,1.541496228E-1,-6.458738678E-2,1.767994293E2
6.572820619E1,2.792805520E-2,6.026685005E-4,1.326236175E-3,9.996088743E-1,1.767992644E2,1.538450444E-1,-6.478934609E-2,1.767991741E2
6.573320619E1,2.791983420E-2,5.969722988E-4,1.322199008E-3,9.996091127E-1,1.768002069E2,1.533638402E-1,-6.415104648E-2,1.768001176E2
6.573820619E1,2.791772801E-2,5.952409701E-4,1.322390395E-3,9.996091723E-1,1.768004483E2,1.533800886E-1,-6.395243916E-2,1.768003593E2
6.574320619E1,2.792803391E-2,6.035983679E-4,1.326261437E-3,9.996088743E-1,1.767992669E2,1.538509128E-1,-6.489578182E-2,1.767991764E2
6.574820619E1,2.793220468E-2,6.063117762E-4,1.327038626E-3,9.996087551E-1,1.767987888E2,1.539488940E-1,-6.520346433E-2,1.767986978E2
6.575320619E1,2.793225712E-2,6.056861603E-4,1.326220459E-3,9.996087551E-1,1.767987827E2,1.538531762E-1,-6.513441284E-2,1.767986919E2
6.575820619E1,2.792811925E-2,6.032787496E-4,1.324608806E-3,9.996088743E-1,1.767992571E2,1.536605913E-1,-6.486444657E-2,1.767991667E2
6.576320619E1,2.791983639E-2,5.962910363E-4,1.322460128E-3,9.996091127E-1,1.768002066E2,1.533915710E-1,-6.407217426E-2,1.768001175E2
6.576820619E1,2.791746406E-2,5.937802489E-4,1.328604878E-3,9.996091723E-1,1.768004786E2,1.540872490E-1,-6.376527735E-2,1.768003894E2
6.577320619E1,2.792149161E-2,5.973540829E-4,1.332052983E-3,9.996090531E-1,1.768000169E2,1.544939118E-1,-6.416299496E-2,1.767999269E2
6.577820619E1,2.792358410E-2,5.982180010E-4,1.332531334E-3,9.996089935E-1,1.767997770E2,1.545516043E-1,-6.426009992E-2,1.767996869E2
6.578320619E1,2.791965421E-2,5.961800343E-4,1.326350612E-3,9.996091127E-1,1.768002275E2,1.538368475E-1,-6.404703989E-2,1.768001381E2
6.578820619E1,2.791298806E-2,5.904048448E-4,1.334451023E-3,9.996092916E-1,1.768009917E2,1.547458247E-1,-6.336062554E-2,1.768009027E2
6.579320619E1,2.790648826E-2,5.854524206E-4,1.338622416E-3,9.996094704E-1,1.768017368E2,1.552073953E-1,-6.278100735E-2,1.768016483E2
6.579820619E1,2.791313052E-2,5.903186975E-4,1.331506064E-3,9.996092916E-1,1.768009753E2,1.544082218E-1,-6.336015563E-2,1.768008866E2
6.580320619E1,2.791728857E-2,5.936654052E-4,1.332338317E-3,9.996091723E-1,1.768004987E2,1.545145248E-1,-6.374020548E-2,1.768004093E2
6.580820619E1,2.791512116E-2,5.915662041E-4,1.333965105E-3,9.996092319E-1,1.768007471E2,1.546940148E-1,-6.349487974E-2,1.768006580E2
6.581320619E1,2.791519670E-2,5.930425250E-4,1.331726788E-3,9.996092319E-1,1.768007385E2,1.544423498E-1,-6.367113614E-2,1.768006493E2
6.581820619E1,2.791758149E-2,5.939612747E-4,1.326053985E-3,9.996091723E-1,1.768004651E2,1.537956384E-1,-6.379415602E-2,1.768003761E2
6.582320619E1,2.791545345E-2,5.920691765E-4,1.326768775E-3,9.996092319E-1,1.768007091E2,1.538713266E-1,-6.357546302E-2,1.768006203E2
6.582820619E1,2.791106230E-2,5.889863241E-4,1.330704079E-3,9.996093512E-1,1.768012124E2,1.543119639E-1,-6.321042109E-2,1.768011239E2
6.583320619E1,2.791517254E-2,5.918892566E-4,1.332746004E-3,9.996092319E-1,1.768007413E2,1.545554070E-1,-6.353577625E-2,1.768006522E2
6.583820619E1,2.791739842E-2,5.947741447E-4,1.329539111E-3,9.996091723E-1,1.768004861E2,1.541974382E-1,-6.387614627E-2,1.768003967E2
6.584320619E1,2.791129957E-2,5.902390112E-4,1.325160963E-3,9.996093512E-1,1.768011852E2,1.536810382E-1,-6.337160539E-2,1.768010969E2
6.584820619E1,2.789654234E-2,5.783160450E-4,1.326428959E-3,9.996097684E-1,1.768028770E2,1.537872305E-1,-6.200408217E-2,1.768027904E2
6.585320619E1,2.790284754E-2,5.821055965E-4,1.326905563E-3,9.996095896E-1,1.768021541E2,1.538543331E-1,-6.243566938E-2,1.768020670E2
6.585820619E1,2.790513692E-2,5.840770900E-4,1.322791097E-3,9.996095300E-1,1.768018917E2,1.533894806E-1,-6.267430254E-2,1.768018045E2
6.586320619E1,2.790506714E-2,5.855005584E-4,1.323633594E-3,9.996095300E-1,1.768018997E2,1.534905341E-1,-6.283467293E-2,1.768018122E2
6.586820619E1,2.790917562E-2,5.882083206E-4,1.325836289E-3,9.996094108E-1,1.768014287E2,1.537517651E-1,-6.313716289E-2,1.768013406E2
6.587320619E1,2.791341743E-2,5.916822120E-4,1.324869576E-3,9.996092916E-1,1.768009425E2,1.536524115E-1,-6.353752591E-2,1.768008539E2
6.587820619E1,2.789861877E-2,5.792315933E-4,1.327276346E-3,9.996097088E-1,1.768026389E2,1.538873522E-1,-6.210592678E-2,1.768025522E2
6.588320619E1,2.789023870E-2,5.736462772E-4,1.326259808E-3,9.996099472E-1,1.768035996E2,1.537525380E-1,-6.147068521E-2,1.768035138E2
6.588820619E1,2.789634463E-2,5.770772113E-4,1.331118401E-3,9.996097684E-1,1.768028996E2,1.543204198E-1,-6.184721698E-2,1.768028130E2
6.589320619E1,2.790466133E-2,5.846102722E-4,1.332552405E-3,9.996095300E-1,1.768019462E2,1.545092853E-1,-6.270423583E-2,1.768018583E2
6.589820619E1,2.790696098E-2,5.867102882E-4,1.328176120E-3,9.996094704E-1,1.768016826E2,1.540148551E-1,-6.295842589E-2,1.768015946E2
6.590320619E1,2.789850462E-2,5.785885733E-4,1.329953433E-3,9.996097088E-1,1.768026520E2,1.541919418E-1,-6.202372971E-2,1.768025652E2
6.590820619E1,2.789013893E-2,5.728183896E-4,1.328713261E-3,9.996099472E-1,1.768036110E2,1.540309217E-1,-6.136802721E-2,1.768035252E2
6.591320619E1,2.789022347E-2,5.720321205E-4,1.327276696E-3,9.996099472E-1,1.768036013E2,1.538638594E-1,-6.128254088E-2,1.768035157E2
6.591820619E1,2.789431604E-2,5.757153849E-4,1.329458319E-3,9.996098280E-1,1.768031322E2,1.541257833E-1,-6.169684371E-2,1.768030458E2
6.592320619E1,2.791087781E-2,5.888994783E-4,1.334606553E-3,9.996093512E-1,1.768012336E2,1.547586914E-1,-6.318801981E-2,1.768011448E2
6.592820619E1,2.791527587E-2,5.924384459E-4,1.330335392E-3,9.996092319E-1,1.768007294E2,1.542810420E-1,-6.360637957E-2,1.768006404E2
6.593320619E1,2.790057458E-2,5.815272452E-4,1.330048079E-3,9.996096492E-1,1.768024147E2,1.542123078E-1,-6.235972345E-2,1.768023274E2
6.593820619E1,2.788593419E-2,5.695059663E-4,1.328706741E-3,9.996100664E-1,1.768040930E2,1.540193311E-1,-6.098926812E-2,1.768040077E2
6.594320619E1,2.789844710E-2,5.785465473E-4,1.331177773E-3,9.996097088E-1,1.768026586E2,1.543320485E-1,-6.201501041E-2,1.768025717E2
6.594820619E1,2.791933771E-2,5.964321317E-4,1.332883607E-3,9.996091127E-1,1.768002638E2,1.545859691E-1,-6.405506379E-2,1.768001740E2
6.595320619E1,2.791951292E-2,5.951228668E-4,1.329795108E-3,9.996091127E-1,1.768002437E2,1.542280128E-1,-6.391494604E-2,1.768001543E2
6.595820619E1,2.790477926E-2,5.846517743E-4,1.330062398E-3,9.996095300E-1,1.768019327E2,1.542242023E-1,-6.271693393E-2,1.768018449E2
6.596320619E1,2.790046830E-2,5.811975570E-4,1.332419342E-3,9.996096492E-1,1.768024269E2,1.544828684E-1,-6.231439358E-2,1.768023395E2
6.596820619E1,2.790044014E-2,5.813992466E-4,1.332921092E-3,9.996096492E-1,1.768024301E2,1.545409856E-1,-6.233589662E-2,1.768023427E2
6.597320619E1,2.790483163E-2,5.836511264E-4,1.329402905E-3,9.996095300E-1,1.768019267E2,1.541454626E-1,-6.260441369E-2,1.768018391E2
6.597820619E1,2.790905347E-2,5.883536069E-4,1.328340615E-3,9.996094108E-1,1.768014427E2,1.540390853E-1,-6.314581434E-2,1.768013545E2
6.598320619E1,2.790915716E-2,5.873085465E-4,1.326623489E-3,9.996094108E-1,1.768014308E2,1.538390576E-1,-6.303158181E-2,1.768013429E2
6.598820619E1,2.789671086E-2,5.777721526E-4,1.323117642E-3,9.996097684E-1,1.768028576E2,1.534062003E-1,-6.195234075E-2,1.768027714E2
6.599320619E1,2.788830322E-2,5.720257759E-4,1.322730910E-3,9.996100068E-1,1.768038215E2,1.533430147E-1,-6.129663735E-2,1.768037361E2
6.599820619E1,2.789892260E-2,5.792822340E-4,1.320852316E-3,9.996097088E-1,1.768026041E2,1.531516790E-1,-6.213221881E-2,1.768025177E2
6.600320619E1,2.791589028E-2,5.927029415E-4,1.317260787E-3,9.996092319E-1,1.768006590E2,1.527842699E-1,-6.367840776E-2,1.768005707E2
6.600820619E1,2.791402366E-2,5.921237171E-4,1.311835600E-3,9.996092916E-1,1.768008730E2,1.521608589E-1,-6.362969885E-2,1.768007852E2
6.601320619E1,2.790548411E-2,5.844105035E-4,1.315298374E-3,9.996095300E-1,1.768018519E2,1.525322991E-1,-6.273640113E-2,1.768017651E2
6.601820619E1,2.790953538E-2,5.877966178E-4,1.318424940E-3,9.996094108E-1,1.768013875E2,1.529015227E-1,-6.311365193E-2,1.768012999E2
6.602320619E1,2.792828974E-2,6.032130332E-4,1.321039279E-3,9.996088743E-1,1.767992376E2,1.532515135E-1,-6.486831681E-2,1.767991474E2
6.602820619E1,2.793480351E-2,6.091121468E-4,1.315903501E-3,9.996086955E-1,1.767984908E2,1.526825334E-1,-6.555948305E-2,1.767984001E2
6.603320619E1,2.793484305E-2,6.079970626E-4,1.315579750E-3,9.996086955E-1,1.767984863E2,1.526418815E-1,-6.543278413E-2,1.767983958E2
6.603820619E1,2.792827911E-2,6.027520285E-4,1.321474439E-3,9.996088743E-1,1.767992388E2,1.532998836E-1,-6.481411914E-2,1.767991487E2
6.604320619E1,2.792007996E-2,5.973702064E-4,1.316818758E-3,9.996091127E-1,1.768001787E2,1.527488374E-1,-6.421380191E-2,1.768000897E2
6.604820619E1,2.792829841E-2,6.027088384E-4,1.321086194E-3,9.996088743E-1,1.767992366E2,1.532552743E-1,-6.481041145E-2,1.767991465E2
6.605320619E1,2.794101791E-2,6.139623001E-4,1.317544258E-3,9.996085167E-1,1.767977784E2,1.528864153E-1,-6.610884952E-2,1.767976869E2
6.605820619E1,2.794523193E-2,6.163938669E-4,1.317478949E-3,9.996083975E-1,1.767972954E2,1.528870003E-1,-6.638694215E-2,1.767972034E2
6.606320619E1,2.793273931E-2,6.073523546E-4,1.315257279E-3,9.996087551E-1,1.767987275E2,1.526027420E-1,-6.536028837E-2,1.767986371E2
6.606820619E1,2.792021891E-2,5.963449948E-4,1.314335037E-3,9.996091127E-1,1.768001628E2,1.524610631E-1,-6.410429268E-2,1.768000741E2
6.607320619E1,2.792237464E-2,5.991632352E-4,1.312588458E-3,9.996090531E-1,1.767999156E2,1.522701541E-1,-6.443237290E-2,1.767998267E2
6.607820619E1,2.793290334E-2,6.061871536E-4,1.312308013E-3,9.996087551E-1,1.767987087E2,1.522611932E-1,-6.523623384E-2,1.767986186E2
6.608320619E1,2.793701495E-2,6.095790304E-4,1.314016175E-3,9.996086359E-1,1.767982373E2,1.524679858E-1,-6.561866743E-2,1.767981467E2
6.608820619E1,2.791814988E-2,5.959735718E-4,1.313121524E-3,9.996091723E-1,1.768003999E2,1.523207377E-1,-6.406594528E-2,1.768003115E2
6.609320619E1,2.791363508E-2,5.914731883E-4,1.320369658E-3,9.996092916E-1,1.768009175E2,1.531363044E-1,-6.352794361E-2,1.768008293E2
6.609820619E1,2.792838363E-2,6.036454579E-4,1.318854978E-3,9.996088743E-1,1.767992268E2,1.530026985E-1,-6.492482601E-2,1.767991367E2
6.610320619E1,2.793471218E-2,6.088502123E-4,1.317961956E-3,9.996086955E-1,1.767985013E2,1.529174788E-1,-6.552290378E-2,1.767984105E2
6.610820619E1,2.793240358E-2,6.068621879E-4,1.322593074E-3,9.996087551E-1,1.767987660E2,1.534414443E-1,-6.528071138E-2,1.767986752E2
6.611320619E1,2.792803203E-2,6.028022617E-4,1.326663070E-3,9.996088743E-1,1.767992671E2,1.538943705E-1,-6.480330533E-2,1.767991767E2
6.611820619E1,2.792407366E-2,5.993623054E-4,1.321714255E-3,9.996089935E-1,1.767997209E2,1.533162335E-1,-6.442571480E-2,1.767996313E2
6.612320619E1,2.792421690E-2,6.000957801E-4,1.318350900E-3,9.996089935E-1,1.767997044E2,1.529333277E-1,-6.452047264E-2,1.767996150E2
6.612820619E1,2.792822260E-2,6.038308493E-4,1.322175958E-3,9.996088743E-1,1.767992452E2,1.533836897E-1,-6.493545808E-2,1.767991549E2
6.613320619E1,2.793450686E-2,6.083424669E-4,1.322540222E-3,9.996086955E-1,1.767985248E2,1.534402664E-1,-6.545011887E-2,1.767984338E2
6.613820619E1,2.793462181E-2,6.084911292E-4,1.320041600E-3,9.996086955E-1,1.767985117E2,1.531545402E-1,-6.547512852E-2,1.767984208E2
6.614320619E1,2.792821110E-2,6.034731632E-4,1.322582248E-3,9.996088743E-1,1.767992466E2,1.534290834E-1,-6.489318776E-2,1.767991563E2
6.614820619E1,2.793032286E-2,6.041342276E-4,1.322735101E-3,9.996088147E-1,1.767990045E2,1.534488453E-1,-6.496809718E-2,1.767989141E2
6.615320619E1,2.794085544E-2,6.137975724E-4,1.321061864E-3,9.996085167E-1,1.767977971E2,1.532888082E-1,-6.607874240E-2,1.767977053E2
6.615820619E1,2.793905319E-2,6.125430809E-4,1.314644353E-3,9.996085763E-1,1.767980037E2,1.525495658E-1,-6.595586764E-2,1.767979125E2
6.616320619E1,2.793281958E-2,6.064195768E-4,1.313982415E-3,9.996087551E-1,1.767987183E2,1.524537294E-1,-6.525751024E-2,1.767986281E2
6.616820619E1,2.794114688E-2,6.130687543E-4,1.315223286E-3,9.996085167E-1,1.767977637E2,1.526177023E-1,-6.601390860E-2,1.767976724E2
6.617320619E1,2.793707241E-2,6.104909116E-4,1.312370179E-3,9.996086359E-1,1.767982307E2,1.522823652E-1,-6.572838126E-2,1.767981400E2
6.617820619E1,2.792651689E-2,6.018281565E-4,1.314029330E-3,9.996089339E-1,1.767994408E2,1.524439975E-1,-6.473238894E-2,1.767993513E2
6.618320619E1,2.793047614E-2,6.040729349E-4,1.319522504E-3,9.996088147E-1,1.767989869E2,1.530806657E-1,-6.497133530E-2,1.767988967E2
6.618820619E1,2.794111307E-2,6.126476801E-4,1.316137495E-3,9.996085167E-1,1.767977675E2,1.527210717E-1,-6.596275387E-2,1.767976762E2
6.619320619E1,2.794336241E-2,6.152659771E-4,1.312426175E-3,9.996084571E-1,1.767975097E2,1.523044843E-1,-6.627421183E-2,1.767974182E2
6.619820619E1,2.793916001E-2,6.112970295E-4,1.312953187E-3,9.996085763E-1,1.767979914E2,1.523518653E-1,-6.581853480E-2,1.767979006E2
6.620320619E1,2.793489369E-2,6.092815311E-4,1.313909190E-3,9.996086955E-1,1.767984805E2,1.524546393E-1,-6.558525588E-2,1.767983899E2
6.620820619E1,2.793481939E-2,6.081868196E-4,1.315994421E-3,9.996086955E-1,1.767984890E2,1.526899868E-1,-6.545319635E-2,1.767983984E2
6.621320619E1,2.793253613E-2,6.070805248E-4,1.319690375E-3,9.996087551E-1,1.767987508E2,1.531096563E-1,-6.531499216E-2,1.767986601E2
6.621820619E1,2.793050204E-2,6.043718313E-4,1.318837283E-3,9.996088147E-1,1.767989839E2,1.530031342E-1,-6.500776212E-2,1.767988938E2
6.622320619E1,2.793256999E-2,6.059229490E-4,1.319505624E-3,9.996087551E-1,1.767987469E2,1.530847903E-1,-6.518298180E-2,1.767986564E2
6.622820619E1,2.793053797E-2,6.057060091E-4,1.317463699E-3,9.996088147E-1,1.767989798E2,1.528500670E-1,-6.516497880E-2,1.767988895E2
6.623320619E1,2.792429019E-2,5.993258092E-4,1.317148097E-3,9.996089935E-1,1.767996960E2,1.527930909E-1,-6.443611268E-2,1.767996068E2
6.623820619E1,2.791156452E-2,5.896495422E-4,1.319832052E-3,9.996093512E-1,1.768011549E2,1.530687583E-1,-6.332108749E-2,1.768010669E2
6.624320619E1,2.791768428E-2,5.942629650E-4,1.323752687E-3,9.996091723E-1,1.768004533E2,1.535330033E-1,-6.383606023E-2,1.768003644E2
6.624820619E1,2.792391315E-2,5.994176609E-4,1.325075864E-3,9.996089935E-1,1.767997393E2,1.537014626E-1,-6.442132327E-2,1.767996495E2
6.625320619E1,2.792819658E-2,6.036451668E-4,1.322810189E-3,9.996088743E-1,1.767992482E2,1.534557429E-1,-6.491216293E-2,1.767991579E2
6.625820619E1,2.791978332E-2,5.965136224E-4,1.323479926E-3,9.996091127E-1,1.768002127E2,1.535090947E-1,-6.409441612E-2,1.768001235E2
6.626320619E1,2.792199384E-2,5.982845905E-4,1.321062446E-3,9.996090531E-1,1.767999593E2,1.532379881E-1,-6.430467062E-2,1.767998699E2
6.626820619E1,2.792405326E-2,6.000564899E-4,1.321830321E-3,9.996089935E-1,1.767997232E2,1.533317487E-1,-6.450486313E-2,1.767996335E2
6.627320619E1,2.792410632E-2,6.003254675E-4,1.320586656E-3,9.996089935E-1,1.767997171E2,1.531901548E-1,-6.453964519E-2,1.767996275E2
6.627820619E1,2.792615406E-2,6.018208805E-4,1.321721356E-3,9.996089339E-1,1.767994824E2,1.533250494E-1,-6.470699485E-2,1.767993924E2
6.628320619E1,2.792206867E-2,5.983485025E-4,1.319450908E-3,9.996090531E-1,1.767999507E2,1.530536006E-1,-6.431713654E-2,1.767998614E2
6.628820619E1,2.792014218E-2,5.974818487E-4,1.315448200E-3,9.996091127E-1,1.768001716E2,1.525922053E-1,-6.423096577E-2,1.768000827E2
6.629320619E1,2.791409495E-2,5.918545066E-4,1.310439431E-3,9.996092916E-1,1.768008648E2,1.520000752E-1,-6.360331688E-2,1.768007771E2
6.629820619E1,2.791185879E-2,5.904427380E-4,1.313237823E-3,9.996093512E-1,1.768011211E2,1.523159645E-1,-6.343299249E-2,1.768010335E2
6.630320619E1,2.792446955E-2,6.001800066E-4,1.312949928E-3,9.996089935E-1,1.767996755E2,1.523149482E-1,-6.454736498E-2,1.767995864E2
6.630820619E1,2.792651691E-2,6.015407853E-4,1.314160647E-3,9.996089339E-1,1.767994408E2,1.524581197E-1,-6.469905124E-2,1.767993514E2
6.631320619E1,2.791173204E-2,5.906568840E-4,1.315832837E-3,9.996093512E-1,1.768011357E2,1.526138927E-1,-6.344924129E-2,1.768010478E2
6.631820619E1,2.790941920E-2,5.876084324E-4,1.320965821E-3,9.996094108E-1,1.768014008E2,1.531919639E-1,-6.308398723E-2,1.768013131E2
6.632320619E1,2.790539965E-2,5.851732567E-4,1.316750422E-3,9.996095300E-1,1.768018616E2,1.527010610E-1,-6.281914160E-2,1.768017746E2
6.632820619E1,2.791174168E-2,5.901744589E-4,1.315844827E-3,9.996093512E-1,1.768011346E2,1.526137237E-1,-6.339394120E-2,1.768010468E2
6.633320619E1,2.791164812E-2,5.900384276E-4,1.317888848E-3,9.996093512E-1,1.768011453E2,1.528474192E-1,-6.337183567E-2,1.768010574E2
6.633820619E1,2.791358297E-2,5.910473992E-4,1.321661286E-3,9.996092916E-1,1.768009235E2,1.532828912E-1,-6.347504721E-2,1.768008352E2
6.634320619E1,2.790939570E-2,5.876829964E-4,1.321429154E-3,9.996094108E-1,1.768014035E2,1.532452744E-1,-6.309105004E-2,1.768013158E2
6.634820619E1,2.790933647E-2,5.882579717E-4,1.322423923E-3,9.996094108E-1,1.768014103E2,1.533610575E-1,-6.315373918E-2,1.768013224E2
6.635320619E1,2.791137388E-2,5.891202600E-4,1.324093086E-3,9.996093512E-1,1.768011767E2,1.535551421E-1,-6.324686017E-2,1.768010886E2
6.635820619E1,2.791356208E-2,5.907379673E-4,1.322240685E-3,9.996092916E-1,1.768009259E2,1.533482685E-1,-6.343775262E-2,1.768008376E2
6.636320619E1,2.791342230E-2,5.920097465E-4,1.324620680E-3,9.996092916E-1,1.768009419E2,1.536249493E-1,-6.357583935E-2,1.768008533E2
6.636820619E1,2.791762286E-2,5.937300739E-4,1.325286226E-3,9.996091723E-1,1.768004604E2,1.537069568E-1,-6.377012257E-2,1.768003715E2
6.637320619E1,2.790893015E-2,5.879064556E-4,1.331126783E-3,9.996094108E-1,1.768014569E2,1.543567947E-1,-6.308570281E-2,1.768013685E2
6.637820619E1,2.790876091E-2,5.881146062E-4,1.334578730E-3,9.996094108E-1,1.768014763E2,1.547528602E-1,-6.309853192E-2,1.768013876E2
6.638320619E1,2.791301599E-2,5.913464702E-4,1.333449618E-3,9.996092916E-1,1.768009885E2,1.546341306E-1,-6.347168459E-2,1.768008994E2
6.638820619E1,2.791114908E-2,5.898278323E-4,1.328509534E-3,9.996093512E-1,1.768012025E2,1.540632823E-1,-6.331381897E-2,1.768011140E2
6.639320619E1,2.790901619E-2,5.879019736E-4,1.329323510E-3,9.996094108E-1,1.768014470E2,1.541502261E-1,-6.309094341E-2,1.768013587E2
6.639820619E1,2.790281259E-2,5.828953581E-4,1.327293809E-3,9.996095896E-1,1.768021582E2,1.539013286E-1,-6.252489803E-2,1.768020708E2
6.640320619E1,2.789873855E-2,5.799162900E-4,1.324456534E-3,9.996097088E-1,1.768026252E2,1.535665475E-1,-6.219335328E-2,1.768025385E2
6.640820619E1,2.789853006E-2,5.801763036E-4,1.328727463E-3,9.996097088E-1,1.768026491E2,1.540565884E-1,-6.220951478E-2,1.768025621E2
6.641320619E1,2.790060345E-2,5.817588535E-4,1.329340856E-3,9.996096492E-1,1.768024114E2,1.541320398E-1,-6.238851018E-2,1.768023241E2
6.641820619E1,2.790678417E-2,5.855986383E-4,1.332375105E-3,9.996094704E-1,1.768017029E2,1.544922701E-1,-6.281768891E-2,1.768016148E2
6.642320619E1,2.790884022E-2,5.874817143E-4,1.333198161E-3,9.996094108E-1,1.768014672E2,1.545927008E-1,-6.303043923E-2,1.768013787E2
6.642820619E1,2.790237162E-2,5.824136315E-4,1.336741727E-3,9.996095896E-1,1.768022087E2,1.549819922E-1,-6.243957625E-2,1.768021209E2
6.643320619E1,2.790033949E-2,5.800466170E-4,1.335614477E-3,9.996096492E-1,1.768024417E2,1.548451738E-1,-6.217236132E-2,1.768023543E2
6.643820619E1,2.790662064E-2,5.849758163E-4,1.336068613E-3,9.996094704E-1,1.768017216E2,1.549133487E-1,-6.273456022E-2,1.768016334E2
6.644320619E1,2.790653415E-2,5.850333837E-4,1.337848720E-3,9.996094704E-1,1.768017315E2,1.551174334E-1,-6.273547511E-2,1.768016432E2
6.644820619E1,2.791273952E-2,5.894998903E-4,1.340038260E-3,9.996092916E-1,1.768010202E2,1.553829157E-1,-6.323913271E-2,1.768009310E2
6.645320619E1,2.791486695E-2,5.914780777E-4,1.339312992E-3,9.996092319E-1,1.768007763E2,1.553063014E-1,-6.346771712E-2,1.768006868E2
6.645820619E1,2.790650503E-2,5.858003860E-4,1.338120666E-3,9.996094704E-1,1.768017349E2,1.551510351E-1,-6.282246765E-2,1.768016464E2
6.646320619E1,2.790236246E-2,5.826770212E-4,1.336818095E-3,9.996095896E-1,1.768022098E2,1.549915817E-1,-6.246950394E-2,1.768021219E2
6.646820619E1,2.791473894E-2,5.916381488E-4,1.341907890E-3,9.996092319E-1,1.768007910E2,1.556040432E-1,-6.347777186E-2,1.768007013E2
6.647320619E1,2.792126873E-2,5.969377817E-4,1.336902613E-3,9.996090531E-1,1.768000424E2,1.550480761E-1,-6.409982640E-2,1.767999523E2
6.647820619E1,2.791512903E-2,5.926486338E-4,1.333319815E-3,9.996092319E-1,1.768007462E2,1.546235620E-1,-6.362093163E-2,1.768006570E2
6.648320619E1,2.790870344E-2,5.870230380E-4,1.336260000E-3,9.996094108E-1,1.768014829E2,1.549419499E-1,-6.296812810E-2,1.768013943E2
6.648820619E1,2.791059676E-2,5.893748603E-4,1.340262359E-3,9.996093512E-1,1.768012658E2,1.554080502E-1,-6.322442723E-2,1.768011766E2
6.649320619E1,2.791900994E-2,5.958587280E-4,1.339986688E-3,9.996091127E-1,1.768003014E2,1.553977504E-1,-6.396670750E-2,1.768002112E2
6.649820619E1,2.792361457E-2,5.989421625E-4,1.331567066E-3,9.996089935E-1,1.767997735E2,1.544434696E-1,-6.434613115E-2,1.767996834E2
6.650320619E1,2.792158906E-2,5.973503576E-4,1.330010477E-3,9.996090531E-1,1.768000057E2,1.542599430E-1,-6.416908853E-2,1.767999159E2
6.650820619E1,2.791550529E-2,5.935583613E-4,1.325011603E-3,9.996092319E-1,1.768007031E2,1.536748151E-1,-6.375165756E-2,1.768006142E2
6.651320619E1,2.791342278E-2,5.919082905E-4,1.324655954E-3,9.996092916E-1,1.768009418E2,1.536286653E-1,-6.356410499E-2,1.768008533E2
6.651820619E1,2.791977858E-2,5.970253260E-4,1.323349075E-3,9.996091127E-1,1.768002132E2,1.534957430E-1,-6.415344951E-2,1.768001239E2
6.652320619E1,2.793008852E-2,6.037382409E-4,1.327854232E-3,9.996088147E-1,1.767990313E2,1.540339437E-1,-6.490638963E-2,1.767989407E2
6.652820619E1,2.793004363E-2,6.048212526E-4,1.328305458E-3,9.996088147E-1,1.767990365E2,1.540890939E-1,-6.502900782E-2,1.767989456E2
6.653320619E1,2.791544482E-2,5.921795964E-4,1.326901023E-3,9.996092319E-1,1.768007100E2,1.538868279E-1,-6.358768955E-2,1.768006213E2
6.653820619E1,2.789670456E-2,5.780771025E-4,1.323117292E-3,9.996097684E-1,1.768028584E2,1.534071348E-1,-6.198727390E-2,1.768027720E2
6.654320619E1,2.790056615E-2,5.812300951E-4,1.330354717E-3,9.996096492E-1,1.768024157E2,1.542464817E-1,-6.232470674E-2,1.768023284E2
6.654820619E1,2.791532843E-2,5.919174873E-4,1.329464139E-3,9.996092319E-1,1.768007234E2,1.541795794E-1,-6.354948442E-2,1.768006345E2
6.655320619E1,2.791771019E-2,5.940582487E-4,1.323298202E-3,9.996091723E-1,1.768004504E2,1.534802900E-1,-6.381406065E-2,1.768003615E2
6.655820619E1,2.790478022E-2,5.845031119E-4,1.330107567E-3,9.996095300E-1,1.768019326E2,1.542289010E-1,-6.269976054E-2,1.768018448E2
6.656320619E1,2.790045723E-2,5.813516327E-4,1.332584070E-3,9.996096492E-1,1.768024282E2,1.545022295E-1,-6.233151750E-2,1.768023407E2
6.656820619E1,2.790051069E-2,5.810640869E-4,1.331589650E-3,9.996096492E-1,1.768024220E2,1.543874055E-1,-6.230175118E-2,1.768023347E2
6.657320619E1,2.790888733E-2,5.882725236E-4,1.331862528E-3,9.996094108E-1,1.768014618E2,1.544422403E-1,-6.312528828E-2,1.768013733E2
6.657820619E1,2.791077730E-2,5.895430222E-4,1.336423215E-3,9.996093512E-1,1.768012451E2,1.549688367E-1,-6.325594082E-2,1.768011562E2
6.658320619E1,2.790666121E-2,5.857399665E-4,1.334886067E-3,9.996094704E-1,1.768017170E2,1.547803378E-1,-6.282586666E-2,1.768016287E2
6.658820619E1,2.789012169E-2,5.728609394E-4,1.329056802E-3,9.996099472E-1,1.768036130E2,1.540704084E-1,-6.137180584E-2,1.768035271E2
6.659320619E1,2.788169975E-2,5.668606027E-4,1.329017221E-3,9.996101856E-1,1.768045785E2,1.540461847E-1,-6.068591030E-2,1.768044935E2
6.659820619E1,2.789417280E-2,5.759631749E-4,1.332353335E-3,9.996098280E-1,1.768031486E2,1.544581823E-1,-6.171599537E-2,1.768030620E2
6.660320619E1,2.790232615E-2,5.827582208E-4,1.337540569E-3,9.996095896E-1,1.768022139E2,1.550745963E-1,-6.247650066E-2,1.768021260E2
6.660820619E1,2.790252116E-2,5.824429682E-4,1.333603868E-3,9.996095896E-1,1.768021916E2,1.546226628E-1,-6.245294674E-2,1.768021039E2
6.661320619E1,2.788969466E-2,5.726683303E-4,1.338070491E-3,9.996099472E-1,1.768036619E2,1.551022588E-1,-6.132100101E-2,1.768035756E2
6.661820619E1,2.788341674E-2,5.678284215E-4,1.337386551E-3,9.996101260E-1,1.768043816E2,1.550080645E-1,-6.076976390E-2,1.768042960E2
6.662320619E1,2.788781348E-2,5.708743702E-4,1.333509805E-3,9.996100068E-1,1.768038776E2,1.545739963E-1,-6.113037536E-2,1.768037918E2
6.662820619E1,2.789417427E-2,5.754904705E-4,1.332526910E-3,9.996098280E-1,1.768031484E2,1.544765538E-1,-6.166129350E-2,1.768030619E2
6.663320619E1,2.790024803E-2,5.796957994E-4,1.337675611E-3,9.996096492E-1,1.768024521E2,1.550801433E-1,-6.212560054E-2,1.768023647E2
6.663820619E1,2.789810687E-2,5.795190227E-4,1.337868278E-3,9.996097088E-1,1.768026976E2,1.551015145E-1,-6.210506755E-2,1.768026101E2
6.664320619E1,2.789406299E-2,5.754394224E-4,1.334876288E-3,9.996098280E-1,1.768031612E2,1.547454982E-1,-6.164795347E-2,1.768030745E2
6.664820619E1,2.789019102E-2,5.725969677E-4,1.327715116E-3,9.996099472E-1,1.768036050E2,1.539158825E-1,-6.134584613E-2,1.768035193E2
6.665320619E1,2.789420039E-2,5.761552020E-4,1.331692562E-3,9.996098280E-1,1.768031454E2,1.543831082E-1,-6.174009939E-2,1.768030589E2
6.665820619E1,2.789833358E-2,5.784470704E-4,1.333597815E-3,9.996097088E-1,1.768026716E2,1.546089322E-1,-6.199589629E-2,1.768025846E2
6.666320619E1,2.789634335E-2,5.775221507E-4,1.330952276E-3,9.996097684E-1,1.768028998E2,1.543028131E-1,-6.189871465E-2,1.768028131E2
6.666820619E1,2.788380063E-2,5.677288282E-4,1.329401159E-3,9.996101260E-1,1.768043376E2,1.540930656E-1,-6.078381228E-2,1.768042525E2
6.667320619E1,2.787740992E-2,5.628773943E-4,1.331036445E-3,9.996103048E-1,1.768050702E2,1.542644952E-1,-6.022385647E-2,1.768049858E2
6.667820619E1,2.788599436E-2,5.693347775E-4,1.327516744E-3,9.996100664E-1,1.768040861E2,1.538824769E-1,-6.097345245E-2,1.768040009E2
6.668320619E1,2.789037488E-2,5.730616977E-4,1.323646051E-3,9.996099472E-1,1.768035840E2,1.534512795E-1,-6.141205629E-2,1.768034984E2
6.668820619E1,2.789027710E-2,5.729660625E-4,1.325746067E-3,9.996099472E-1,1.768035952E2,1.536915187E-1,-6.139440477E-2,1.768035095E2
6.669320619E1,2.788822347E-2,5.715200095E-4,1.324629528E-3,9.996100068E-1,1.768038306E2,1.535588746E-1,-6.123264793E-2,1.768037452E2
6.669820619E1,2.788219112E-2,5.669940729E-4,1.318610739E-3,9.996101856E-1,1.768045221E2,1.528546081E-1,-6.073437346E-2,1.768044378E2
6.670320619E1,2.787608018E-2,5.621742457E-4,1.314315014E-3,9.996103644E-1,1.768052227E2,1.523467762E-1,-6.019693396E-2,1.768051394E2
6.670820619E1,2.788258828E-2,5.669606617E-4,1.310200314E-3,9.996101856E-1,1.768044766E2,1.518911353E-1,-6.075735854E-2,1.768043928E2
6.671320619E1,2.788894474E-2,5.720244371E-4,1.309135696E-3,9.996100068E-1,1.768037479E2,1.517857570E-1,-6.133983488E-2,1.768036634E2
6.671820619E1,2.789135376E-2,5.735763698E-4,1.302630058E-3,9.996099472E-1,1.768034718E2,1.510456633E-1,-6.153803147E-2,1.768033874E2
6.672320619E1,2.788499998E-2,5.701532937E-4,1.302943798E-3,9.996101260E-1,1.768042001E2,1.510702712E-1,-6.114588621E-2,1.768041163E2
6.672820619E1,2.788302209E-2,5.673977430E-4,1.300744945E-3,9.996101856E-1,1.768044269E2,1.508094728E-1,-6.083757117E-2,1.768043436E2
6.673320619E1,2.788925792E-2,5.727767129E-4,1.302116201E-3,9.996100068E-1,1.768037120E2,1.509841176E-1,-6.144839222E-2,1.768036278E2
6.673820619E1,2.789559872E-2,5.775791360E-4,1.301441458E-3,9.996098280E-1,1.768029851E2,1.509225701E-1,-6.199969399E-2,1.768029002E2
6.674320619E1,2.789293996E-2,5.749727134E-4,1.313742367E-3,9.996098876E-1,1.768032899E2,1.523231073E-1,-6.166221940E-2,1.768032047E2
6.674820619E1,2.788243570E-2,5.670023966E-4,1.313425368E-3,9.996101856E-1,1.768044941E2,1.522606801E-1,-6.075185771E-2,1.768044101E2
6.675320619E1,2.789299550E-2,5.747555406E-4,1.312657725E-3,9.996098876E-1,1.768032835E2,1.521981739E-1,-6.164080141E-2,1.768031984E2
6.675820619E1,2.788499440E-2,5.691818078E-4,1.303487807E-3,9.996101260E-1,1.768042008E2,1.511294809E-1,-6.103286799E-2,1.768041170E2
6.676320619E1,2.789714287E-2,5.793303717E-4,1.313291374E-3,9.996097684E-1,1.768028081E2,1.522856382E-1,-6.216217684E-2,1.768027222E2
6.676820619E1,2.789109338E-2,5.738582113E-4,1.308069681E-3,9.996099472E-1,1.768035016E2,1.516696412E-1,-6.155296892E-2,1.768034169E2
6.677320619E1,2.789923265E-2,5.801591906E-4,1.313900226E-3,9.996097088E-1,1.768025685E2,1.523581603E-1,-6.225485051E-2,1.768024825E2
6.677820619E1,2.788891011E-2,5.725900992E-4,1.309626037E-3,9.996100068E-1,1.768037519E2,1.518437299E-1,-6.140306788E-2,1.768036673E2
6.678320619E1,2.789733385E-2,5.783500965E-4,1.309661428E-3,9.996097684E-1,1.768027862E2,1.518667162E-1,-6.206146481E-2,1.768027007E2
6.678820619E1,2.790794840E-2,5.870651803E-4,1.307104481E-3,9.996094704E-1,1.768015694E2,1.516023578E-1,-6.306631485E-2,1.768014827E2
6.679320619E1,2.790795895E-2,5.879182136E-4,1.306495746E-3,9.996094704E-1,1.768015682E2,1.515353578E-1,-6.316597232E-2,1.768014814E2
6.679820619E1,2.790825617E-2,5.879328819E-4,1.300124684E-3,9.996094704E-1,1.768015341E2,1.508056370E-1,-6.318798302E-2,1.768014477E2
6.680320619E1,2.789748502E-2,5.786867696E-4,1.306288410E-3,9.996097684E-1,1.768027689E2,1.514814326E-1,-6.211078992E-2,1.768026835E2
6.680820619E1,2.791216457E-2,5.903072306E-4,1.306783757E-3,9.996093512E-1,1.768010861E2,1.515762563E-1,-6.343806785E-2,1.768009989E2
6.681320619E1,2.791883595E-2,5.966863246E-4,1.298125600E-3,9.996091723E-1,1.768003213E2,1.506053235E-1,-6.419546157E-2,1.768002337E2
6.681820619E1,2.791683417E-2,5.949186743E-4,1.296088099E-3,9.996092319E-1,1.768005508E2,1.503661500E-1,-6.399980268E-2,1.768004635E2
6.682320619E1,2.791252785E-2,5.907625891E-4,1.298794057E-3,9.996093512E-1,1.768010444E2,1.506625393E-1,-6.351572874E-2,1.768009577E2
6.682820619E1,2.791265089E-2,5.908868043E-4,1.296090428E-3,9.996093512E-1,1.768010303E2,1.503532517E-1,-6.353858659E-2,1.768009437E2
6.683320619E1,2.791474871E-2,5.922878627E-4,1.296240604E-3,9.996092916E-1,1.768007898E2,1.503750693E-1,-6.369827744E-2,1.768007030E2
6.683820619E1,2.791280465E-2,5.922928685E-4,1.292131259E-3,9.996093512E-1,1.768010127E2,1.499042481E-1,-6.371228770E-2,1.768009261E2
6.684320619E1,2.791917708E-2,5.963474978E-4,1.290924498E-3,9.996091723E-1,1.768002822E2,1.497793964E-1,-6.417963780E-2,1.768001951E2
6.684820619E1,2.791698299E-2,5.944206496E-4,1.293107751E-3,9.996092319E-1,1.768005337E2,1.500231761E-1,-6.395226770E-2,1.768004467E2
6.685320619E1,2.790871725E-2,5.884351558E-4,1.289960113E-3,9.996094704E-1,1.768014813E2,1.496429508E-1,-6.327795561E-2,1.768013954E2
6.685820619E1,2.790034981E-2,5.817360943E-4,1.289249514E-3,9.996097088E-1,1.768024405E2,1.495396045E-1,-6.251412368E-2,1.768023557E2
6.686320619E1,2.790446522E-2,5.859301309E-4,1.290710294E-3,9.996095896E-1,1.768019687E2,1.497206019E-1,-6.298925057E-2,1.768018832E2
6.686820619E1,2.790028038E-2,5.823923857E-4,1.290455111E-3,9.996097088E-1,1.768024484E2,1.496797962E-1,-6.258545562E-2,1.768023635E2
6.687320619E1,2.789637404E-2,5.784250679E-4,1.284334459E-3,9.996098280E-1,1.768028962E2,1.489657654E-1,-6.215116305E-2,1.768028123E2
6.687820619E1,2.789006700E-2,5.730789853E-4,1.284534927E-3,9.996100068E-1,1.768036193E2,1.489712490E-1,-6.153908506E-2,1.768035361E2
6.688320619E1,2.789641708E-2,5.782486987E-4,1.283478690E-3,9.996098280E-1,1.768028913E2,1.488671784E-1,-6.213368980E-2,1.768028074E2
6.688820619E1,2.790081558E-2,5.818206118E-4,1.279091579E-3,9.996097088E-1,1.768023871E2,1.483763419E-1,-6.255621304E-2,1.768023029E2
6.689320619E1,2.789237208E-2,5.754336016E-4,1.279806835E-3,9.996099472E-1,1.768033550E2,1.484373280E-1,-6.182356799E-2,1.768032718E2
6.689820619E1,2.789634160E-2,5.794505705E-4,1.284576836E-3,9.996098280E-1,1.768029000E2,1.489968054E-1,-6.226786118E-2,1.768028158E2
6.690320619E1,2.790483860E-2,5.858716322E-4,1.282639336E-3,9.996095896E-1,1.768019259E2,1.487959337E-1,-6.300830269E-2,1.768018409E2
6.690820619E1,2.789892031E-2,5.818330683E-4,1.273834379E-3,9.996097684E-1,1.768026044E2,1.477740662E-1,-6.257472883E-2,1.768025205E2
6.691320619E1,2.788834084E-2,5.734532024E-4,1.275429502E-3,9.996100664E-1,1.768038171E2,1.479293385E-1,-6.161130733E-2,1.768037345E2
6.691820619E1,2.789892660E-2,5.814218894E-4,1.273884322E-3,9.996097684E-1,1.768026036E2,1.477784727E-1,-6.252746898E-2,1.768025199E2
6.692320619E1,2.789917158E-2,5.813451135E-4,1.268542837E-3,9.996097684E-1,1.768025755E2,1.471663910E-1,-6.253571556E-2,1.768024921E2
6.692820619E1,2.788676423E-2,5.721257767E-4,1.263730228E-3,9.996101260E-1,1.768039979E2,1.465848807E-1,-6.149687519E-2,1.768039161E2
6.693320619E1,2.788884171E-2,5.726632662E-4,1.264787978E-3,9.996100664E-1,1.768037597E2,1.467078886E-1,-6.155475783E-2,1.768036778E2
6.693820619E1,2.789704052E-2,5.797153572E-4,1.269186963E-3,9.996098280E-1,1.768028198E2,1.472348301E-1,-6.234728663E-2,1.768027366E2
6.694320619E1,2.789306230E-2,5.772372824E-4,1.263852115E-3,9.996099472E-1,1.768032759E2,1.466155692E-1,-6.208106912E-2,1.768031934E2
6.694820619E1,2.788660417E-2,5.724479561E-4,1.267111744E-3,9.996101260E-1,1.768040162E2,1.469732435E-1,-6.152299716E-2,1.768039342E2
6.695320619E1,2.789061317E-2,5.747146788E-4,1.271883142E-3,9.996100068E-1,1.768035567E2,1.475272852E-1,-6.176680384E-2,1.768034740E2
6.695820619E1,2.789502630E-2,5.787684931E-4,1.266943989E-3,9.996098876E-1,1.768030507E2,1.469747514E-1,-6.224629292E-2,1.768029678E2
6.696320619E1,2.789300094E-2,5.759819760E-4,1.265777624E-3,9.996099472E-1,1.768032829E2,1.468321143E-1,-6.193113199E-2,1.768032005E2
6.696820619E1,2.789267060E-2,5.766939721E-4,1.272713882E-3,9.996099472E-1,1.768033208E2,1.476288980E-1,-6.199056675E-2,1.768032378E2
6.697320619E1,2.789037987E-2,5.735273589E-4,1.277522650E-3,9.996100068E-1,1.768035834E2,1.481694652E-1,-6.161281010E-2,1.768035006E2
6.697820619E1,2.789045867E-2,5.736216553E-4,1.275758608E-3,9.996100068E-1,1.768035744E2,1.479677056E-1,-6.162923783E-2,1.768034917E2
6.698320619E1,2.789459381E-2,5.779625499E-4,1.276795869E-3,9.996098876E-1,1.768031003E2,1.481006524E-1,-6.212254599E-2,1.768030169E2
6.698820619E1,2.788572795E-2,5.708916578E-4,1.286942279E-3,9.996101260E-1,1.768041167E2,1.492397471E-1,-6.128148727E-2,1.768040337E2
6.699320619E1,2.787926326E-2,5.652286927E-4,1.290608197E-3,9.996103048E-1,1.768048578E2,1.496411783E-1,-6.062206523E-2,1.768047754E2
6.699820619E1,2.788385339E-2,5.696129519E-4,1.281818841E-3,9.996101856E-1,1.768043316E2,1.486486708E-1,-6.115166645E-2,1.768042491E2
6.700320619E1,2.788810472E-2,5.719652981E-4,1.281247358E-3,9.996100664E-1,1.768038442E2,1.485909873E-1,-6.142231458E-2,1.768037614E2
6.700820619E1,2.788786953E-2,5.720159970E-4,1.286333776E-3,9.996100664E-1,1.768038712E2,1.491737695E-1,-6.141190177E-2,1.768037881E2
6.701320619E1,2.787949368E-2,5.662845797E-4,1.285156235E-3,9.996103048E-1,1.768048313E2,1.490200590E-1,-6.076039750E-2,1.768047492E2
6.701820619E1,2.787760570E-2,5.638548755E-4,1.280811499E-3,9.996103644E-1,1.768050478E2,1.485145047E-1,-6.049624358E-2,1.768049662E2
6.702320619E1,2.787305020E-2,5.597287673E-4,1.288705040E-3,9.996104836E-1,1.768055700E2,1.494052319E-1,-5.999907451E-2,1.768054886E2
6.702820619E1,2.787685923E-2,5.624591140E-4,1.297562732E-3,9.996103644E-1,1.768051333E2,1.504288068E-1,-6.028296183E-2,1.768050510E2
6.703320619E1,2.788956478E-2,5.726015079E-4,1.295604394E-3,9.996100068E-1,1.768036768E2,1.502376676E-1,-6.144908838E-2,1.768035931E2
6.703820619E1,2.788954471E-2,5.732849822E-4,1.295734197E-3,9.996100068E-1,1.768036791E2,1.502547194E-1,-6.152696642E-2,1.768035953E2
6.704320619E1,2.787889737E-2,5.641702446E-4,1.298948191E-3,9.996103048E-1,1.768048997E2,1.505930970E-1,-6.047423365E-2,1.768048170E2
6.704820619E1,2.787667168E-2,5.627492792E-4,1.301460317E-3,9.996103644E-1,1.768051548E2,1.508761798E-1,-6.030377668E-2,1.768050722E2
6.705320619E1,2.788951894E-2,5.730850971E-4,1.296377042E-3,9.996100068E-1,1.768036821E2,1.503277151E-1,-6.150201954E-2,1.768035982E2
6.705820619E1,2.790204925E-2,5.827782443E-4,1.298183575E-3,9.996096492E-1,1.768022457E2,1.505664138E-1,-6.260467844E-2,1.768021602E2
6.706320619E1,2.790410239E-2,5.838413490E-4,1.299471245E-3,9.996095896E-1,1.768020103E2,1.507174409E-1,-6.272202695E-2,1.768019246E2
6.706820619E1,2.789161467E-2,5.749472766E-4,1.296424540E-3,9.996099472E-1,1.768034418E2,1.503392370E-1,-6.171485943E-2,1.768033577E2
6.707320619E1,2.788755242E-2,5.714944564E-4,1.293421141E-3,9.996100664E-1,1.768039075E2,1.499839205E-1,-6.132955867E-2,1.768038241E2
6.707820619E1,2.789159605E-2,5.755214952E-4,1.296570292E-3,9.996099472E-1,1.768034440E2,1.503577667E-1,-6.178017133E-2,1.768033597E2
6.708320619E1,2.789989692E-2,5.819058861E-4,1.298937248E-3,9.996097088E-1,1.768024924E2,1.506498208E-1,-6.250266711E-2,1.768024070E2
6.708820619E1,2.790613697E-2,5.869366578E-4,1.300235977E-3,9.996095300E-1,1.768017771E2,1.508150654E-1,-6.307383250E-2,1.768016908E2
6.709320619E1,2.789796751E-2,5.793025484E-4,1.295667840E-3,9.996097684E-1,1.768027136E2,1.502668758E-1,-6.221520587E-2,1.768026288E2
6.709820619E1,2.788545253E-2,5.694038118E-4,1.293552341E-3,9.996101260E-1,1.768041482E2,1.499921392E-1,-6.108997762E-2,1.768040651E2
6.710320619E1,2.788344293E-2,5.690737162E-4,1.290954649E-3,9.996101856E-1,1.768043786E2,1.496934034E-1,-6.106076811E-2,1.768042957E2
6.710820619E1,2.789390212E-2,5.769999698E-4,1.292249188E-3,9.996098876E-1,1.768031796E2,1.498676655E-1,-6.196299149E-2,1.768030954E2
6.711320619E1,2.789395571E-2,5.769684794E-4,1.291105989E-3,9.996098876E-1,1.768031735E2,1.497366180E-1,-6.196303057E-2,1.768030893E2
6.711820619E1,2.787931413E-2,5.644279881E-4,1.289859414E-3,9.996103048E-1,1.768048519E2,1.495528521E-1,-6.053273159E-2,1.768047698E2
6.712320619E1,2.787489856E-2,5.620176671E-4,1.293952693E-3,9.996104240E-1,1.768053581E2,1.500137586E-1,-6.024422209E-2,1.768052761E2
6.712820619E1,2.788560771E-2,5.696602748E-4,1.290089567E-3,9.996101260E-1,1.768041305E2,1.495963174E-1,-6.113039681E-2,1.768040475E2
6.713320619E1,2.788169263E-2,5.668785889E-4,1.283549936E-3,9.996102452E-1,1.768045793E2,1.488380938E-1,-6.083324388E-2,1.768044971E2
6.713820619E1,2.788154324E-2,5.662690965E-4,1.287059160E-3,9.996102452E-1,1.768045964E2,1.492381087E-1,-6.075223841E-2,1.768045141E2
6.714320619E1,2.788342054E-2,5.683248746E-4,1.291767927E-3,9.996101856E-1,1.768043812E2,1.497841678E-1,-6.097239531E-2,1.768042983E2
6.714820619E1,2.788339901E-2,5.688235979E-4,1.292012981E-3,9.996101856E-1,1.768043837E2,1.498138304E-1,-6.102874273E-2,1.768043007E2
6.715320619E1,2.788098152E-2,5.669166567E-4,1.298888121E-3,9.996102452E-1,1.768046608E2,1.505951175E-1,-6.078870464E-2,1.768045777E2
6.715820619E1,2.788948793E-2,5.734303850E-4,1.296891365E-3,9.996100068E-1,1.768036856E2,1.503877310E-1,-6.153993209E-2,1.768036017E2
6.716320619E1,2.789388302E-2,5.760007189E-4,1.293106936E-3,9.996098876E-1,1.768031818E2,1.499627226E-1,-6.184579149E-2,1.768030977E2
6.716820619E1,2.789572999E-2,5.775953759E-4,1.298617339E-3,9.996098280E-1,1.768029701E2,1.505991355E-1,-6.201056228E-2,1.768028854E2
6.717320619E1,2.788904309E-2,5.721893976E-4,1.306966529E-3,9.996100068E-1,1.768037366E2,1.515378184E-1,-6.136564818E-2,1.768036522E2
6.717820619E1,2.788709376E-2,5.705608055E-4,1.303681755E-3,9.996100664E-1,1.768039601E2,1.511562324E-1,-6.118989070E-2,1.768038762E2
6.718320619E1,2.788707163E-2,5.716698361E-4,1.303669182E-3,9.996100664E-1,1.768039626E2,1.511583352E-1,-6.131697025E-2,1.768038785E2
6.718820619E1,2.789750104E-2,5.788063281E-4,1.305893064E-3,9.996097684E-1,1.768027671E2,1.514365300E-1,-6.212574643E-2,1.768026817E2
6.719320619E1,2.788919034E-2,5.728834076E-4,1.303515863E-3,9.996100068E-1,1.768037198E2,1.511447816E-1,-6.145615071E-2,1.768036355E2
6.719820619E1,2.788692243E-2,5.699908361E-4,1.307590166E-3,9.996100664E-1,1.768039797E2,1.516020977E-1,-6.111213830E-2,1.768038956E2
6.720320619E1,2.788470561E-2,5.683280178E-4,1.310021966E-3,9.996101260E-1,1.768042339E2,1.518752042E-1,-6.091423314E-2,1.768041499E2
6.720820619E1,2.788071081E-2,5.651015672E-4,1.305473386E-3,9.996102452E-1,1.768046918E2,1.513436250E-1,-6.055979272E-2,1.768046086E2
6.721320619E1,2.788268062E-2,5.668153754E-4,1.308296574E-3,9.996101856E-1,1.768044660E2,1.516726087E-1,-6.074678525E-2,1.768043824E2
6.721820619E1,2.788259158E-2,5.666819634E-4,1.310250605E-3,9.996101856E-1,1.768044762E2,1.518960057E-1,-6.072527332E-2,1.768043925E2
6.722320619E1,2.787406980E-2,5.598604912E-4,1.312606502E-3,9.996104240E-1,1.768054531E2,1.521435589E-1,-5.993766420E-2,1.768053703E2
6.722820619E1,2.787212474E-2,5.591484951E-4,1.308816136E-3,9.996104836E-1,1.768056761E2,1.517069923E-1,-5.986850968E-2,1.768055936E2
6.723320619E1,2.786562214E-2,5.537131219E-4,1.313011860E-3,9.996106625E-1,1.768064215E2,1.521698540E-1,-5.923349302E-2,1.768063396E2
6.723820619E1,2.786340959E-2,5.515202065E-4,1.315509086E-3,9.996107221E-1,1.768066752E2,1.524487707E-1,-5.897466437E-2,1.768065935E2
6.724320619E1,2.787820985E-2,5.635661073E-4,1.313880435E-3,9.996103048E-1,1.768049785E2,1.523015715E-1,-6.035743120E-2,1.768048950E2
6.724820619E1,2.787601685E-2,5.623687175E-4,1.315574395E-3,9.996103644E-1,1.768052299E2,1.524916521E-1,-6.021519674E-2,1.768051465E2
6.725320619E1,2.786965382E-2,5.570172798E-4,1.316795009E-3,9.996105433E-1,1.768059594E2,1.526139950E-1,-5.959927822E-2,1.768058767E2
6.725820619E1,2.787393707E-2,5.601432058E-4,1.315301750E-3,9.996104240E-1,1.768054683E2,1.524531871E-1,-5.996145933E-2,1.768053853E2
6.726320619E1,2.788046148E-2,5.651860265E-4,1.310750842E-3,9.996102452E-1,1.768047204E2,1.519483973E-1,-6.055264380E-2,1.768046369E2
6.726820619E1,2.787415448E-2,5.608134088E-4,1.310399733E-3,9.996104240E-1,1.768054434E2,1.518938289E-1,-6.005385404E-2,1.768053606E2
6.727320619E1,2.788475995E-2,5.684744101E-4,1.308801118E-3,9.996101260E-1,1.768042276E2,1.517358307E-1,-6.093489482E-2,1.768041437E2
6.727820619E1,2.788897882E-2,5.722124479E-4,1.308327192E-3,9.996100068E-1,1.768037440E2,1.516937481E-1,-6.136394968E-2,1.768036595E2
6.728320619E1,2.787220150E-2,5.599273718E-4,1.306847087E-3,9.996104836E-1,1.768056673E2,1.514839358E-1,-5.996400513E-2,1.768055848E2
6.728820619E1,2.786994392E-2,5.569377099E-4,1.310674474E-3,9.996105433E-1,1.768059261E2,1.519126680E-1,-5.960966688E-2,1.768058438E2
6.729320619E1,2.787801438E-2,5.640304880E-4,1.317822724E-3,9.996103048E-1,1.768050009E2,1.527546213E-1,-6.039806005E-2,1.768049171E2
6.729820619E1,2.788010497E-2,5.653126282E-4,1.318257884E-3,9.996102452E-1,1.768047613E2,1.528086905E-1,-6.054321549E-2,1.768046772E2
6.730320619E1,2.787601372E-2,5.621706368E-4,1.315725385E-3,9.996103644E-1,1.768052303E2,1.525083147E-1,-6.019202535E-2,1.768051469E2
6.730820619E1,2.787596409E-2,5.623786128E-4,1.316687558E-3,9.996103644E-1,1.768052360E2,1.526191903E-1,-6.021278233E-2,1.768051525E2
6.731320619E1,2.788004532E-2,5.654454581E-4,1.319462084E-3,9.996102452E-1,1.768047681E2,1.529470490E-1,-6.055459256E-2,1.768046840E2
6.731820619E1,2.788248621E-2,5.674191052E-4,1.312172622E-3,9.996101856E-1,1.768044883E2,1.521185163E-1,-6.080358546E-2,1.768044043E2
6.732320619E1,2.788038857E-2,5.650346284E-4,1.312365988E-3,9.996102452E-1,1.768047288E2,1.521329195E-1,-6.053015239E-2,1.768046451E2
6.732820619E1,2.787827718E-2,5.637592985E-4,1.312367967E-3,9.996103048E-1,1.768049708E2,1.521289439E-1,-6.038438229E-2,1.768048874E2
6.733320619E1,2.787401555E-2,5.604494363E-4,1.313506975E-3,9.996104240E-1,1.768054593E2,1.522485836E-1,-6.000225802E-2,1.768053764E2
6.733820619E1,2.787172919E-2,5.584514001E-4,1.317508402E-3,9.996104836E-1,1.768057214E2,1.527004166E-1,-5.976095694E-2,1.768056385E2
6.734320619E1,2.787167256E-2,5.591671215E-4,1.318402472E-3,9.996104836E-1,1.768057279E2,1.528051125E-1,-5.984009368E-2,1.768056449E2
6.734820619E1,2.788400795E-2,5.682699848E-4,1.324813580E-3,9.996101260E-1,1.768043138E2,1.535693135E-1,-6.086042711E-2,1.768042290E2
6.735320619E1,2.788605293E-2,5.687259254E-4,1.326546888E-3,9.996100664E-1,1.768040794E2,1.537694405E-1,-6.090680057E-2,1.768039944E2
6.735820619E1,2.788189335E-2,5.658782902E-4,1.325369230E-3,9.996101856E-1,1.768045563E2,1.536251908E-1,-6.058501536E-2,1.768044717E2
6.736320619E1,2.787531809E-2,5.612325040E-4,1.330777770E-3,9.996103644E-1,1.768053100E2,1.542294841E-1,-6.003658845E-2,1.768052259E2
6.736820619E1,2.787735749E-2,5.632138345E-4,1.331991865E-3,9.996103048E-1,1.768050762E2,1.543750076E-1,-6.025935058E-2,1.768049917E2
6.737320619E1,2.787960716E-2,5.644119228E-4,1.329127350E-3,9.996102452E-1,1.768048183E2,1.540508490E-1,-6.040539219E-2,1.768047338E2
6.737820619E1,2.788170334E-2,5.657828879E-4,1.329400926E-3,9.996101856E-1,1.768045780E2,1.540866937E-1,-6.056123486E-2,1.768044933E2
6.738320619E1,2.788338322E-2,5.662864423E-4,1.338738715E-3,9.996101260E-1,1.768043855E2,1.551580217E-1,-6.058881959E-2,1.768043001E2
6.738820619E1,2.787947807E-2,5.634577828E-4,1.332236337E-3,9.996102452E-1,1.768048331E2,1.544039185E-1,-6.028618557E-2,1.768047486E2
6.739320619E1,2.788779780E-2,5.710290279E-4,1.333771506E-3,9.996100068E-1,1.768038794E2,1.546044668E-1,-6.114725701E-2,1.768037935E2
6.739820619E1,2.789425885E-2,5.750980927E-4,1.330924802E-3,9.996098280E-1,1.768031387E2,1.542917879E-1,-6.162145596E-2,1.768030524E2
6.740320619E1,2.788990866E-2,5.717137246E-4,1.334012020E-3,9.996099472E-1,1.768036374E2,1.546343346E-1,-6.122459172E-2,1.768035514E2
6.740820619E1,2.788158288E-2,5.650751991E-4,1.332225394E-3,9.996101856E-1,1.768045918E2,1.544079600E-1,-6.047116546E-2,1.768045070E2
6.741320619E1,2.787542056E-2,5.607659114E-4,1.328826649E-3,9.996103644E-1,1.768052983E2,1.540045043E-1,-5.998935850E-2,1.768052143E2
6.741820619E1,2.787525277E-2,5.604365724E-4,1.332480344E-3,9.996103644E-1,1.768053175E2,1.544219626E-1,-5.993998838E-2,1.768052334E2
6.742320619E1,2.788763471E-2,5.698111490E-4,1.337696565E-3,9.996100068E-1,1.768038981E2,1.550501689E-1,-6.099523437E-2,1.768038122E2
6.742820619E1,2.790041075E-2,5.808111746E-4,1.333792228E-3,9.996096492E-1,1.768024335E2,1.546388895E-1,-6.226575413E-2,1.768023461E2
6.743320619E1,2.789851315E-2,5.797125632E-4,1.329284743E-3,9.996097088E-1,1.768026510E2,1.541189395E-1,-6.215461574E-2,1.768025641E2
6.743820619E1,2.788566062E-2,5.682001356E-4,1.334992237E-3,9.996100664E-1,1.768041244E2,1.547351270E-1,-6.081964579E-2,1.768040389E2
6.744320619E1,2.788113870E-2,5.655923742E-4,1.341271214E-3,9.996101856E-1,1.768046428E2,1.554457585E-1,-6.050157320E-2,1.768045573E2
6.744820619E1,2.788983488E-2,5.723810173E-4,1.335267792E-3,9.996099472E-1,1.768036459E2,1.547803079E-1,-6.129702595E-2,1.768035597E2
6.745320619E1,2.789204984E-2,5.743836518E-4,1.332760789E-3,9.996098876E-1,1.768033920E2,1.544996750E-1,-6.153409162E-2,1.768033056E2
6.745820619E1,2.788589158E-2,5.695729633E-4,1.329571940E-3,9.996100664E-1,1.768040979E2,1.541186487E-1,-6.099418418E-2,1.768040125E2
6.746320619E1,2.787502473E-2,5.600056611E-4,1.337422873E-3,9.996103644E-1,1.768053436E2,1.549867251E-1,-5.987487597E-2,1.768052593E2
6.746820619E1,2.787285096E-2,5.581923178E-4,1.338935224E-3,9.996104240E-1,1.768055928E2,1.551540382E-1,-5.966266950E-2,1.768055087E2
6.747320619E1,2.787710351E-2,5.628989311E-4,1.337429392E-3,9.996103048E-1,1.768051053E2,1.549968396E-1,-6.020594803E-2,1.768050205E2
6.747820619E1,2.788778650E-2,5.704490468E-4,1.334255910E-3,9.996100068E-1,1.768038807E2,1.546580996E-1,-6.107927566E-2,1.768037949E2
6.748320619E1,2.788358695E-2,5.673997221E-4,1.334015629E-3,9.996101260E-1,1.768043621E2,1.546205755E-1,-6.073140246E-2,1.768042768E2
6.748820619E1,2.786668567E-2,5.532871000E-4,1.335799927E-3,9.996106029E-1,1.768062996E2,1.547788657E-1,-5.911176082E-2,1.768062164E2
6.749320619E1,2.786047933E-2,5.491277552E-4,1.333161723E-3,9.996107817E-1,1.768070111E2,1.544630197E-1,-5.864470429E-2,1.768069287E2
6.749820619E1,2.787101862E-2,5.572185619E-4,1.332971500E-3,9.996104836E-1,1.768058029E2,1.544676908E-1,-5.957046050E-2,1.768057193E2
6.750320619E1,2.788957163E-2,5.722460337E-4,1.340812654E-3,9.996099472E-1,1.768036760E2,1.554150084E-1,-6.126388339E-2,1.768035896E2
6.750820619E1,2.788357726E-2,5.676412256E-4,1.334115281E-3,9.996101260E-1,1.768043632E2,1.546327614E-1,-6.075874903E-2,1.768042779E2
6.751320619E1,2.787079905E-2,5.578762502E-4,1.337280264E-3,9.996104836E-1,1.768058281E2,1.549633352E-1,-5.963206910E-2,1.768057441E2
6.751820619E1,2.786417509E-2,5.520140403E-4,1.344069489E-3,9.996106625E-1,1.768065874E2,1.557219074E-1,-5.893991899E-2,1.768065039E2
6.752320619E1,2.787033961E-2,5.564659368E-4,1.347404788E-3,9.996104836E-1,1.768058807E2,1.561185391E-1,-5.943825758E-2,1.768057964E2
6.752820619E1,2.787859654E-2,5.636907881E-4,1.350460341E-3,9.996102452E-1,1.768049342E2,1.564921177E-1,-6.025479081E-2,1.768048485E2
6.753320619E1,2.788277201E-2,5.663795746E-4,1.351369894E-3,9.996101260E-1,1.768044555E2,1.566051478E-1,-6.055922309E-2,1.768043693E2
6.753820619E1,2.787842577E-2,5.625991616E-4,1.354435110E-3,9.996102452E-1,1.768049538E2,1.569439183E-1,-6.011707681E-2,1.768048680E2
6.754320619E1,2.786791983E-2,5.549219204E-4,1.353856525E-3,9.996105433E-1,1.768061581E2,1.568524926E-1,-5.924116939E-2,1.768060736E2
6.754820619E1,2.786984541E-2,5.566661712E-4,1.357506495E-3,9.996104836E-1,1.768059374E2,1.572762715E-1,-5.942900881E-2,1.768058524E2
6.755320619E1,2.788674873E-2,5.687303492E-4,1.356494613E-3,9.996100068E-1,1.768039997E2,1.571999234E-1,-6.081149706E-2,1.768039128E2
6.755820619E1,2.789715938E-2,5.768051487E-4,1.358637121E-3,9.996097088E-1,1.768028062E2,1.574717902E-1,-6.172795351E-2,1.768027179E2
6.756320619E1,2.789307879E-2,5.749574048E-4,1.355490647E-3,9.996098280E-1,1.768032740E2,1.571052123E-1,-6.152700044E-2,1.768031862E2
6.756820619E1,2.788051171E-2,5.646459758E-4,1.354636508E-3,9.996101856E-1,1.768047146E2,1.569736532E-1,-6.035056210E-2,1.768046285E2
6.757320619E1,2.787593824E-2,5.596925039E-4,1.362822251E-3,9.996103048E-1,1.768052389E2,1.578952065E-1,-5.975772645E-2,1.768051531E2
6.757820619E1,2.787805906E-2,5.614492693E-4,1.362436567E-3,9.996102452E-1,1.768049958E2,1.578567669E-1,-5.995985566E-2,1.768049097E2
6.758320619E1,2.788012996E-2,5.640587187E-4,1.362713985E-3,9.996101856E-1,1.768047584E2,1.578970059E-1,-6.025754669E-2,1.768046719E2
6.758820619E1,2.788436335E-2,5.672783591E-4,1.362203970E-3,9.996100664E-1,1.768042731E2,1.578491289E-1,-6.062730753E-2,1.768041861E2
6.759320619E1,2.788868841E-2,5.709628458E-4,1.359599177E-3,9.996099472E-1,1.768037773E2,1.575627955E-1,-6.105699570E-2,1.768036899E2
6.759820619E1,2.789490111E-2,5.751946592E-4,1.361830160E-3,9.996097684E-1,1.768030651E2,1.578322559E-1,-6.153362582E-2,1.768029769E2
6.760320619E1,2.788656366E-2,5.694321590E-4,1.360000460E-3,9.996100068E-1,1.768040209E2,1.576037398E-1,-6.088071282E-2,1.768039337E2
6.760820619E1,2.788667273E-2,5.695198197E-4,1.357725356E-3,9.996100068E-1,1.768040084E2,1.573434198E-1,-6.089800737E-2,1.768039213E2
6.761320619E1,2.789503482E-2,5.759875057E-4,1.358752721E-3,9.996097684E-1,1.768030498E2,1.574822869E-1,-6.163426022E-2,1.768029616E2
6.761820619E1,2.789299875E-2,5.741334753E-4,1.357485424E-3,9.996098280E-1,1.768032832E2,1.573310696E-1,-6.142625838E-2,1.768031954E2
6.762320619E1,2.789097329E-2,5.725130904E-4,1.355894608E-3,9.996098876E-1,1.768035154E2,1.571435425E-1,-6.124605164E-2,1.768034279E2
6.762820619E1,2.789112020E-2,5.734596634E-4,1.352468273E-3,9.996098876E-1,1.768034985E2,1.567541001E-1,-6.136540671E-2,1.768034111E2
6.763320619E1,2.789345020E-2,5.749691627E-4,1.347821089E-3,9.996098280E-1,1.768032314E2,1.562267470E-1,-6.155280422E-2,1.768031441E2
6.763820619E1,2.789337138E-2,5.749693955E-4,1.349451137E-3,9.996098280E-1,1.768032405E2,1.564134601E-1,-6.154763286E-2,1.768031530E2
6.764320619E1,2.788932413E-2,5.716921878E-4,1.346186153E-3,9.996099472E-1,1.768037044E2,1.560287419E-1,-6.118330700E-2,1.768036177E2
6.764820619E1,2.788515690E-2,5.684839562E-4,1.345352968E-3,9.996100664E-1,1.768041821E2,1.559227955E-1,-6.081912689E-2,1.768040960E2
6.765320619E1,2.788318265E-2,5.673376145E-4,1.342465868E-3,9.996101260E-1,1.768044085E2,1.555883032E-1,-6.069735000E-2,1.768043227E2
6.765820619E1,2.788315531E-2,5.660373135E-4,1.343582175E-3,9.996101260E-1,1.768044116E2,1.557120163E-1,-6.054484191E-2,1.768043259E2
6.766320619E1,2.788336838E-2,5.671383115E-4,1.338687143E-3,9.996101260E-1,1.768043872E2,1.551548355E-1,-6.068656566E-2,1.768043016E2
6.766820619E1,2.788750538E-2,5.702599883E-4,1.340199262E-3,9.996100068E-1,1.768039129E2,1.553382722E-1,-6.103866956E-2,1.768038268E2
6.767320619E1,2.789396256E-2,5.752945435E-4,1.337035559E-3,9.996098280E-1,1.768031727E2,1.549923672E-1,-6.162447148E-2,1.768030860E2
6.767820619E1,2.788773342E-2,5.700262845E-4,1.335545327E-3,9.996100068E-1,1.768038868E2,1.548044442E-1,-6.102673707E-2,1.768038010E2
6.768320619E1,2.788566715E-2,5.696158041E-4,1.334252302E-3,9.996100664E-1,1.768041236E2,1.546548940E-1,-6.098416973E-2,1.768040380E2
6.768820619E1,2.788979673E-2,5.723708891E-4,1.336068613E-3,9.996099472E-1,1.768036502E2,1.548720050E-1,-6.129331226E-2,1.768035640E2
6.769320619E1,2.788745364E-2,5.705663352E-4,1.341145253E-3,9.996100068E-1,1.768039188E2,1.554476086E-1,-6.107074553E-2,1.768038326E2
6.769820619E1,2.788319291E-2,5.672217812E-4,1.342301606E-3,9.996101260E-1,1.768044073E2,1.555691180E-1,-6.068460492E-2,1.768043215E2
6.770320619E1,2.788526806E-2,5.682953633E-4,1.343126758E-3,9.996100664E-1,1.768041694E2,1.556671936E-1,-6.080462070E-2,1.768040834E2
6.770820619E1,2.788312135E-2,5.668819067E-4,1.343930839E-3,9.996101260E-1,1.768044155E2,1.557546515E-1,-6.064047866E-2,1.768043297E2
6.771320619E1,2.787903522E-2,5.642059259E-4,1.341157127E-3,9.996102452E-1,1.768048839E2,1.554281332E-1,-6.034345141E-2,1.768047987E2
6.771820619E1,2.787256671E-2,5.583869643E-4,1.344758784E-3,9.996104240E-1,1.768056254E2,1.558217154E-1,-5.966640904E-2,1.768055409E2
6.772320619E1,2.787666810E-2,5.610345397E-4,1.347252168E-3,9.996103048E-1,1.768051553E2,1.561160284E-1,-5.996107619E-2,1.768050702E2
6.772820619E1,2.788506519E-2,5.688530509E-4,1.347096637E-3,9.996100664E-1,1.768041926E2,1.561237017E-1,-6.085584800E-2,1.768041063E2
6.773320619E1,2.788502607E-2,5.686109071E-4,1.348008402E-3,9.996100664E-1,1.768041971E2,1.562273656E-1,-6.082520375E-2,1.768041108E2
6.773820619E1,2.787872301E-2,5.636084825E-4,1.347881393E-3,9.996102452E-1,1.768049197E2,1.561964511E-1,-6.025358226E-2,1.768048342E2
6.774320619E1,2.788491447E-2,5.674885469E-4,1.350787003E-3,9.996100664E-1,1.768042099E2,1.565420529E-1,-6.068777940E-2,1.768041236E2
6.774820619E1,2.788942709E-2,5.722750793E-4,1.343803364E-3,9.996099472E-1,1.768036926E2,1.557576696E-1,-6.125767469E-2,1.768036059E2
6.775320619E1,2.788962562E-2,5.718237953E-4,1.339869457E-3,9.996099472E-1,1.768036699E2,1.553056216E-1,-6.121852337E-2,1.768035835E2
6.775820619E1,2.788755651E-2,5.697628949E-4,1.339346520E-3,9.996100068E-1,1.768039071E2,1.552390074E-1,-6.098444627E-2,1.768038211E2
6.776320619E1,2.788963627E-2,5.718657630E-4,1.339629758E-3,9.996099472E-1,1.768036686E2,1.552782996E-1,-6.122409506E-2,1.768035823E2
6.776820619E1,2.789585419E-2,5.766348913E-4,1.341547351E-3,9.996097684E-1,1.768029558E2,1.555135815E-1,-6.176328789E-2,1.768028686E2
6.777320619E1,2.789793063E-2,5.788297276E-4,1.341835945E-3,9.996097088E-1,1.768027178E2,1.555537846E-1,-6.201345384E-2,1.768026302E2
6.777820619E1,2.790621424E-2,5.843167892E-4,1.344816876E-3,9.996094704E-1,1.768017682E2,1.559133034E-1,-6.263115759E-2,1.768016795E2
6.778320619E1,2.790625154E-2,5.853975308E-4,1.343572279E-3,9.996094704E-1,1.768017639E2,1.557741972E-1,-6.275892742E-2,1.768016752E2
6.778820619E1,2.790012466E-2,5.795250181E-4,1.340320217E-3,9.996096492E-1,1.768024663E2,1.553825216E-1,-6.209760186E-2,1.768023787E2
6.779320619E1,2.788525066E-2,5.681032198E-4,1.343569369E-3,9.996100664E-1,1.768041714E2,1.557172783E-1,-6.078119960E-2,1.768040854E2
6.779820619E1,2.788523510E-2,5.680102040E-4,1.343931421E-3,9.996100664E-1,1.768041732E2,1.557584521E-1,-6.076939041E-2,1.768040872E2
6.780320619E1,2.789559046E-2,5.773322773E-4,1.346721314E-3,9.996097684E-1,1.768029861E2,1.561084572E-1,-6.182667275E-2,1.768028984E2
6.780820619E1,2.789567477E-2,5.763312220E-4,1.345403143E-3,9.996097684E-1,1.768029764E2,1.559542695E-1,-6.171620562E-2,1.768028890E2
6.781320619E1,2.788295841E-2,5.658138543E-4,1.347756013E-3,9.996101260E-1,1.768044342E2,1.561893917E-1,-6.050593960E-2,1.768043483E2
6.781820619E1,2.787227770E-2,5.587584455E-4,1.350581995E-3,9.996104240E-1,1.768056586E2,1.564899172E-1,-5.969040671E-2,1.768055736E2
6.782320619E1,2.787861064E-2,5.621433374E-4,1.350814244E-3,9.996102452E-1,1.768049326E2,1.565277132E-1,-6.007640226E-2,1.768048471E2
6.782820619E1,2.788506897E-2,5.677547306E-4,1.347481739E-3,9.996100664E-1,1.768041922E2,1.561643044E-1,-6.072880763E-2,1.768041060E2
6.783320619E1,2.789152058E-2,5.734635051E-4,1.344184391E-3,9.996098876E-1,1.768034526E2,1.558052421E-1,-6.139226111E-2,1.768033657E2
6.783820619E1,2.789147652E-2,5.734714796E-4,1.345094875E-3,9.996098876E-1,1.768034577E2,1.559095583E-1,-6.139027132E-2,1.768033707E2
6.784320619E1,2.788741810E-2,5.697408924E-4,1.342234667E-3,9.996100068E-1,1.768039229E2,1.555697577E-1,-6.097271764E-2,1.768038367E2
6.784820619E1,2.788107176E-2,5.649048835E-4,1.342951320E-3,9.996101856E-1,1.768046504E2,1.556360092E-1,-6.041746569E-2,1.768045650E2
6.785320619E1,2.789565537E-2,5.761332577E-4,1.345889992E-3,9.996097684E-1,1.768029786E2,1.560094026E-1,-6.169197615E-2,1.768028912E2
6.785820619E1,2.791042129E-2,5.875370116E-4,1.344715827E-3,9.996093512E-1,1.768012859E2,1.559122923E-1,-6.299969084E-2,1.768011968E2
6.786320619E1,2.789779577E-2,5.781003856E-4,1.344950520E-3,9.996097088E-1,1.768027333E2,1.559082100E-1,-6.191997387E-2,1.768026456E2
6.786820619E1,2.788090320E-2,5.651442334E-4,1.346345874E-3,9.996101856E-1,1.768046698E2,1.560256003E-1,-6.043406311E-2,1.768045841E2
6.787320619E1,2.787850724E-2,5.631796666E-4,1.352515537E-3,9.996102452E-1,1.768049444E2,1.567258963E-1,-6.018969160E-2,1.768048587E2
6.787820619E1,2.788692315E-2,5.694000283E-4,1.352622523E-3,9.996100068E-1,1.768039797E2,1.567585373E-1,-6.090055333E-2,1.768038929E2
6.788320619E1,2.789976129E-2,5.801647785E-4,1.347587677E-3,9.996096492E-1,1.768025079E2,1.562170110E-1,-6.214770559E-2,1.768024198E2
6.788820619E1,2.789946800E-2,5.788222770E-4,1.354220673E-3,9.996096492E-1,1.768025416E2,1.569724908E-1,-6.197276552E-2,1.768024532E2
6.789320619E1,2.788870314E-2,5.703480565E-4,1.359554939E-3,9.996099472E-1,1.768037756E2,1.575557642E-1,-6.098671256E-2,1.768036883E2
6.789820619E1,2.787815965E-2,5.631314125E-4,1.359681250E-3,9.996102452E-1,1.768049843E2,1.575465333E-1,-6.016132650E-2,1.768048981E2
6.790320619E1,2.788426359E-2,5.669987295E-4,1.364360913E-3,9.996100664E-1,1.768042845E2,1.580953009E-1,-6.058840030E-2,1.768041975E2
6.790820619E1,2.788844397E-2,5.705173826E-4,1.364790369E-3,9.996099472E-1,1.768038053E2,1.581559930E-1,-6.098941742E-2,1.768037176E2
6.791320619E1,2.789260575E-2,5.735452287E-4,1.365783857E-3,9.996098280E-1,1.768033282E2,1.582797268E-1,-6.133241374E-2,1.768032400E2
6.791820619E1,2.788845671E-2,5.697881570E-4,1.364834607E-3,9.996099472E-1,1.768038039E2,1.581587305E-1,-6.090574351E-2,1.768037163E2
6.792320619E1,2.786953054E-2,5.555382813E-4,1.364415162E-3,9.996104836E-1,1.768059735E2,1.580640189E-1,-5.927779778E-2,1.768058882E2
6.792820619E1,2.786950778E-2,5.549644702E-4,1.365113421E-3,9.996104836E-1,1.768059761E2,1.581421685E-1,-5.920984304E-2,1.768058909E2
6.793320619E1,2.788184892E-2,5.646061036E-4,1.371014863E-3,9.996101260E-1,1.768045614E2,1.588497006E-1,-6.029345415E-2,1.768044743E2
6.793820619E1,2.789480406E-2,5.756056053E-4,1.363643096E-3,9.996097684E-1,1.768030762E2,1.580412302E-1,-6.157491850E-2,1.768029878E2
6.794320619E1,2.789267406E-2,5.728625692E-4,1.364674768E-3,9.996098280E-1,1.768033204E2,1.581505059E-1,-6.125775146E-2,1.768032324E2
6.794820619E1,2.788411201E-2,5.675783614E-4,1.367214718E-3,9.996100664E-1,1.768043019E2,1.584240393E-1,-6.064570033E-2,1.768042146E2
6.795320619E1,2.788864103E-2,5.710058613E-4,1.360552618E-3,9.996099472E-1,1.768037827E2,1.576721441E-1,-6.105888336E-2,1.768036952E2
6.795820619E1,2.790139247E-2,5.809135619E-4,1.357668545E-3,9.996095896E-1,1.768023210E2,1.573742409E-1,-6.220098932E-2,1.768022320E2
6.796320619E1,2.790568242E-2,5.842927494E-4,1.355818007E-3,9.996094704E-1,1.768018292E2,1.571733408E-1,-6.259330692E-2,1.768017398E2
6.796820619E1,2.790569452E-2,5.848470028E-4,1.355329878E-3,9.996094704E-1,1.768018278E2,1.571192003E-1,-6.265835395E-2,1.768017384E2
6.797320619E1,2.790343993E-2,5.829178263E-4,1.358615467E-3,9.996095300E-1,1.768020862E2,1.574892446E-1,-6.242722127E-2,1.768019969E2
6.797820619E1,2.789688521E-2,5.764157395E-4,1.364419819E-3,9.996097088E-1,1.768028376E2,1.581329197E-1,-6.166490474E-2,1.768027490E2
6.798320619E1,2.789690673E-2,5.771274446E-4,1.363678719E-3,9.996097088E-1,1.768028352E2,1.580503055E-1,-6.174879410E-2,1.768027465E2
6.798820619E1,2.789897517E-2,5.792620941E-4,1.364149270E-3,9.996096492E-1,1.768025981E2,1.581111586E-1,-6.199148006E-2,1.768025090E2
6.799320619E1,2.790345824E-2,5.821390660E-4,1.358573325E-3,9.996095300E-1,1.768020841E2,1.574819282E-1,-6.233814861E-2,1.768019950E2
6.799820619E1,2.789317338E-2,5.740386550E-4,1.353932661E-3,9.996098280E-1,1.768032632E2,1.569238184E-1,-6.142672563E-2,1.768031756E2
6.800320619E1,2.789089462E-2,5.728262477E-4,1.357379835E-3,9.996098876E-1,1.768035244E2,1.573146671E-1,-6.127718818E-2,1.768034368E2
6.800820619E1,2.789289571E-2,5.736300955E-4,1.359813381E-3,9.996098280E-1,1.768032950E2,1.575961150E-1,-6.136117297E-2,1.768032071E2
6.801320619E1,2.789516362E-2,5.760457716E-4,1.356081106E-3,9.996097684E-1,1.768030350E2,1.571764553E-1,-6.164945430E-2,1.768029470E2
6.801820619E1,2.790144313E-2,5.800387007E-4,1.357001252E-3,9.996095896E-1,1.768023151E2,1.572950102E-1,-6.210290234E-2,1.768022264E2
6.802320619E1,2.789504209E-2,5.765031674E-4,1.358384732E-3,9.996097684E-1,1.768030489E2,1.574417837E-1,-6.169450283E-2,1.768029607E2
6.802820619E1,2.788863523E-2,5.713950959E-4,1.360508031E-3,9.996099472E-1,1.768037834E2,1.576682804E-1,-6.110361239E-2,1.768036958E2
6.803320619E1,2.788656065E-2,5.682241754E-4,1.360567287E-3,9.996100068E-1,1.768040212E2,1.576648074E-1,-6.074053114E-2,1.768039342E2
6.803820619E1,2.788633814E-2,5.683696363E-4,1.365059754E-3,9.996100068E-1,1.768040467E2,1.581798581E-1,-6.074287208E-2,1.768039594E2
6.804320619E1,2.790082692E-2,5.803965032E-4,1.369461068E-3,9.996095896E-1,1.768023858E2,1.587233517E-1,-6.210414678E-2,1.768022962E2
6.804820619E1,2.789677709E-2,5.766476970E-4,1.366530661E-3,9.996097088E-1,1.768028500E2,1.583754456E-1,-6.168474385E-2,1.768027613E2
6.805320619E1,2.788437587E-2,5.671133404E-4,1.362016425E-3,9.996100664E-1,1.768042717E2,1.578271195E-1,-6.060900245E-2,1.768041847E2
6.805820619E1,2.788013295E-2,5.643956829E-4,1.362513402E-3,9.996101856E-1,1.768047581E2,1.578751064E-1,-6.029678527E-2,1.768046715E2
6.806320619E1,2.788856945E-2,5.709507386E-4,1.362042269E-3,9.996099472E-1,1.768037909E2,1.578425987E-1,-6.104781977E-2,1.768037034E2
6.806820619E1,2.789283332E-2,5.732362624E-4,1.361258561E-3,9.996098280E-1,1.768033021E2,1.577603934E-1,-6.131145113E-2,1.768032142E2
6.807320619E1,2.788863893E-2,5.704852520E-4,1.360814087E-3,9.996099472E-1,1.768037830E2,1.577004306E-1,-6.099841389E-2,1.768036955E2
6.807820619E1,2.788251957E-2,5.660418537E-4,1.356709399E-3,9.996101260E-1,1.768044845E2,1.572156785E-1,-6.050351702E-2,1.768043980E2
6.808320619E1,2.788456152E-2,5.670033861E-4,1.358256326E-3,9.996100664E-1,1.768042504E2,1.573960709E-1,-6.060839333E-2,1.768041637E2
6.808820619E1,2.788460901E-2,5.668546655E-4,1.357343048E-3,9.996100664E-1,1.768042449E2,1.572909851E-1,-6.059426869E-2,1.768041583E2
6.809320619E1,2.788677254E-2,5.700769834E-4,1.355439541E-3,9.996100068E-1,1.768039969E2,1.570833730E-1,-6.096911777E-2,1.768039099E2
6.809820619E1,2.789114741E-2,5.728835822E-4,1.352151274E-3,9.996098876E-1,1.768034954E2,1.567159491E-1,-6.130042732E-2,1.768034081E2
6.810320619E1,2.789118337E-2,5.733639118E-4,1.351205632E-3,9.996098876E-1,1.768034913E2,1.566091661E-1,-6.135846439E-2,1.768034040E2
6.810820619E1,2.788714245E-2,5.689651007E-4,1.348277321E-3,9.996100068E-1,1.768039545E2,1.562594303E-1,-6.086458538E-2,1.768038681E2
6.811320619E1,2.788491464E-2,5.680464092E-4,1.350549050E-3,9.996100664E-1,1.768042099E2,1.565165789E-1,-6.075244113E-2,1.768041235E2
6.811820619E1,2.789332996E-2,5.752633442E-4,1.350181759E-3,9.996098280E-1,1.768032452E2,1.564980879E-1,-6.157897486E-2,1.768031577E2
6.812320619E1,2.790194155E-2,5.810153671E-4,1.346293138E-3,9.996095896E-1,1.768022580E2,1.560715807E-1,-6.224893629E-2,1.768021698E2
6.812820619E1,2.789359116E-2,5.754064186E-4,1.344713615E-3,9.996098280E-1,1.768032153E2,1.558722012E-1,-6.161280141E-2,1.768031280E2
6.813320619E1,2.789142511E-2,5.731813144E-4,1.346284174E-3,9.996098876E-1,1.768034636E2,1.560448584E-1,-6.135324057E-2,1.768033766E2
6.813820619E1,2.789339820E-2,5.747957039E-4,1.348970691E-3,9.996098280E-1,1.768032374E2,1.563578728E-1,-6.152926855E-2,1.768031500E2
6.814320619E1,2.788719611E-2,5.703423521E-4,1.346584409E-3,9.996100068E-1,1.768039484E2,1.560699169E-1,-6.102774695E-2,1.768038618E2
6.814820619E1,2.788912624E-2,5.719994660E-4,1.350149629E-3,9.996099472E-1,1.768037271E2,1.564837167E-1,-6.120586859E-2,1.768036401E2
6.815320619E1,2.789327784E-2,5.744001828E-4,1.351625309E-3,9.996098280E-1,1.768032512E2,1.566606800E-1,-6.147549638E-2,1.768031637E2
6.815820619E1,2.789331494E-2,5.748647382E-4,1.350661740E-3,9.996098280E-1,1.768032469E2,1.565517932E-1,-6.153178391E-2,1.768031594E2
6.816320619E1,2.788310010E-2,5.662891781E-4,1.344621414E-3,9.996101260E-1,1.768044179E2,1.558318597E-1,-6.057038018E-2,1.768043321E2
6.816820619E1,2.787895162E-2,5.633131950E-4,1.343268552E-3,9.996102452E-1,1.768048935E2,1.556671337E-1,-6.023445929E-2,1.768048083E2
6.817320619E1,2.788527234E-2,5.692481063E-4,1.342634438E-3,9.996100664E-1,1.768041689E2,1.556138446E-1,-6.091532700E-2,1.768040828E2
6.817820619E1,2.788533178E-2,5.693733110E-4,1.341346186E-3,9.996100664E-1,1.768041621E2,1.554666827E-1,-6.093377618E-2,1.768040760E2
6.818320619E1,2.788561138E-2,5.687709781E-4,1.335777459E-3,9.996100664E-1,1.768041300E2,1.548268931E-1,-6.088253245E-2,1.768040444E2
6.818820619E1,2.787702596E-2,5.620713928E-4,1.339392387E-3,9.996103048E-1,1.768051142E2,1.552190467E-1,-6.010489717E-2,1.768050295E2
6.819320619E1,2.787901856E-2,5.628464860E-4,1.342074363E-3,9.996102452E-1,1.768048858E2,1.555288557E-1,-6.018480396E-2,1.768048007E2
6.819820619E1,2.787926533E-2,5.647302023E-4,1.336143701E-3,9.996102452E-1,1.768048575E2,1.548555484E-1,-6.041948685E-2,1.768047725E2
6.820320619E1,2.787495145E-2,5.609586369E-4,1.338550355E-3,9.996103644E-1,1.768053521E2,1.551189149E-1,-5.998044625E-2,1.768052675E2
6.820820619E1,2.787897134E-2,5.626528291E-4,1.343136071E-3,9.996102452E-1,1.768048912E2,1.556498497E-1,-6.015923658E-2,1.768048061E2
6.821320619E1,2.788309449E-2,5.668333615E-4,1.344508491E-3,9.996101260E-1,1.768044186E2,1.558206633E-1,-6.063307640E-2,1.768043327E2
6.821820619E1,2.787912048E-2,5.629617954E-4,1.339907059E-3,9.996102452E-1,1.768048741E2,1.552809717E-1,-6.020492054E-2,1.768047892E2
6.822320619E1,2.787294103E-2,5.583288730E-4,1.337002032E-3,9.996104240E-1,1.768055825E2,1.549330380E-1,-5.968447229E-2,1.768054985E2
6.822820619E1,2.787700804E-2,5.613820977E-4,1.340054325E-3,9.996103048E-1,1.768051163E2,1.552926666E-1,-6.002382872E-2,1.768050316E2
6.823320619E1,2.787895642E-2,5.640255404E-4,1.342869946E-3,9.996102452E-1,1.768048929E2,1.556237507E-1,-6.031732897E-2,1.768048076E2
6.823820619E1,2.787469360E-2,5.603035097E-4,1.344182529E-3,9.996103644E-1,1.768053816E2,1.557619562E-1,-5.988745264E-2,1.768052968E2
6.824320619E1,2.787911420E-2,5.628447980E-4,1.340086805E-3,9.996102452E-1,1.768048748E2,1.553011868E-1,-6.019094557E-2,1.768047899E2
6.824820619E1,2.788730219E-2,5.691664410E-4,1.344884047E-3,9.996100068E-1,1.768039362E2,1.558713936E-1,-6.089846733E-2,1.768038500E2
6.825320619E1,2.788314235E-2,5.672275438E-4,1.343349111E-3,9.996101260E-1,1.768044131E2,1.556891221E-1,-6.068192582E-2,1.768043272E2
6.825820619E1,2.788324021E-2,5.660497700E-4,1.341813710E-3,9.996101260E-1,1.768044019E2,1.555094886E-1,-6.055190626E-2,1.768043163E2
6.826320619E1,2.788534345E-2,5.692920531E-4,1.341138151E-3,9.996100664E-1,1.768041608E2,1.554425940E-1,-6.092513131E-2,1.768040747E2
6.826820619E1,2.788946692E-2,5.719198380E-4,1.343127806E-3,9.996099472E-1,1.768036881E2,1.556791534E-1,-6.121913577E-2,1.768036015E2
6.827320619E1,2.789390917E-2,5.759716150E-4,1.337857684E-3,9.996098280E-1,1.768031788E2,1.550887003E-1,-6.169940826E-2,1.768030919E2
6.827820619E1,2.789186218E-2,5.729934783E-4,1.337278867E-3,9.996098876E-1,1.768034135E2,1.550127528E-1,-6.136043962E-2,1.768033271E2
6.828320619E1,2.788749784E-2,5.707523669E-4,1.340146526E-3,9.996100068E-1,1.768039138E2,1.553338045E-1,-6.109523970E-2,1.768038276E2
6.828820619E1,2.789179082E-2,5.733185099E-4,1.338627306E-3,9.996098876E-1,1.768034216E2,1.551682471E-1,-6.139337209E-2,1.768033351E2
6.829320619E1,2.788548285E-2,5.691927508E-4,1.338278758E-3,9.996100664E-1,1.768041448E2,1.551147499E-1,-6.092287214E-2,1.768040589E2
6.829820619E1,2.788552186E-2,5.691609695E-4,1.337479218E-3,9.996100664E-1,1.768041403E2,1.550230656E-1,-6.092178059E-2,1.768040545E2
6.830320619E1,2.789170944E-2,5.732136779E-4,1.340366784E-3,9.996098876E-1,1.768034310E2,1.553671592E-1,-6.137581675E-2,1.768033444E2
6.830820619E1,2.790012295E-2,5.810383591E-4,1.339700539E-3,9.996096492E-1,1.768024665E2,1.553163778E-1,-6.227293182E-2,1.768023787E2
6.831320619E1,2.789400862E-2,5.757142790E-4,1.335893525E-3,9.996098280E-1,1.768031674E2,1.548628951E-1,-6.167619424E-2,1.768030807E2
6.831820619E1,2.788750975E-2,5.698067835E-4,1.340301009E-3,9.996100068E-1,1.768039124E2,1.553484788E-1,-6.098643051E-2,1.768038263E2
6.832320619E1,2.788530553E-2,5.688945530E-4,1.342094736E-3,9.996100664E-1,1.768041651E2,1.555508955E-1,-6.087654802E-2,1.768040791E2
6.832820619E1,2.788575680E-2,5.688688834E-4,1.332696527E-3,9.996100664E-1,1.768041134E2,1.544743030E-1,-6.090356998E-2,1.768040279E2
6.833320619E1,2.788141102E-2,5.659013987E-4,1.335467561E-3,9.996101856E-1,1.768046116E2,1.547819704E-1,-6.055547169E-2,1.768045264E2
6.833820619E1,2.787904377E-2,5.642890465E-4,1.340944320E-3,9.996102452E-1,1.768048829E2,1.554040228E-1,-6.035365115E-2,1.768047977E2
6.834320619E1,2.788121359E-2,5.653878325E-4,1.339799957E-3,9.996101856E-1,1.768046342E2,1.552765812E-1,-6.048283266E-2,1.768045488E2
6.834820619E1,2.788553123E-2,5.680430331E-4,1.337758964E-3,9.996100664E-1,1.768041392E2,1.550515377E-1,-6.079282905E-2,1.768040536E2
6.835320619E1,2.788548496E-2,5.690960679E-4,1.338275848E-3,9.996100664E-1,1.768041445E2,1.551141077E-1,-6.091180638E-2,1.768040587E2
6.835820619E1,2.788525548E-2,5.686444347E-4,1.343240263E-3,9.996100664E-1,1.768041708E2,1.556813100E-1,-6.084424499E-2,1.768040848E2
6.836320619E1,2.788972344E-2,5.720250192E-4,1.337745576E-3,9.996099472E-1,1.768036586E2,1.550629863E-1,-6.124834570E-2,1.768035724E2
6.836820619E1,2.788964058E-2,5.726686795E-4,1.339197042E-3,9.996099472E-1,1.768036681E2,1.552312998E-1,-6.131744894E-2,1.768035817E2
6.837320619E1,2.788762327E-2,5.704906653E-4,1.337645575E-3,9.996100068E-1,1.768038994E2,1.550464991E-1,-6.107323558E-2,1.768038134E2
6.837820619E1,2.788766565E-2,5.698549794E-4,1.337032765E-3,9.996100068E-1,1.768038945E2,1.549742744E-1,-6.100237157E-2,1.768038087E2
6.838320619E1,2.789182735E-2,5.743852234E-4,1.337408321E-3,9.996098876E-1,1.768034175E2,1.550320278E-1,-6.151945132E-2,1.768033308E2
6.838820619E1,2.788994389E-2,5.721847410E-4,1.333073131E-3,9.996099472E-1,1.768036334E2,1.545282951E-1,-6.128154047E-2,1.768035474E2
6.839320619E1,2.788967589E-2,5.721318885E-4,1.338690985E-3,9.996099472E-1,1.768036641E2,1.551716188E-1,-6.125757308E-2,1.768035778E2
6.839820619E1,2.789158346E-2,5.737065221E-4,1.342775184E-3,9.996098876E-1,1.768034454E2,1.556446021E-1,-6.142459230E-2,1.768033586E2
6.840320619E1,2.789366036E-2,5.742321373E-4,1.343779964E-3,9.996098280E-1,1.768032073E2,1.557615047E-1,-6.148126474E-2,1.768031203E2
6.840820619E1,2.788745333E-2,5.707186065E-4,1.341086929E-3,9.996100068E-1,1.768039189E2,1.554414144E-1,-6.108837417E-2,1.768038326E2
6.841320619E1,2.788128798E-2,5.659039016E-4,1.338032889E-3,9.996101856E-1,1.768046257E2,1.550758220E-1,-6.054758110E-2,1.768045403E2
6.841820619E1,2.788960238E-2,5.713191931E-4,1.340568298E-3,9.996099472E-1,1.768036725E2,1.553840577E-1,-6.115849286E-2,1.768035862E2
6.842320619E1,2.789181229E-2,5.735143786E-4,1.338095986E-3,9.996098876E-1,1.768034192E2,1.551080134E-1,-6.141750315E-2,1.768033327E2
6.842820619E1,2.788764227E-2,5.709725665E-4,1.337043708E-3,9.996100068E-1,1.768038972E2,1.549790982E-1,-6.113035636E-2,1.768038112E2
6.843320619E1,2.788555492E-2,5.685224314E-4,1.337061403E-3,9.996100664E-1,1.768041365E2,1.549731676E-1,-6.084996805E-2,1.768040508E2
6.843820619E1,2.789179667E-2,5.743718357E-4,1.338053844E-3,9.996098876E-1,1.768034210E2,1.551059259E-1,-6.151585930E-2,1.768033343E2
6.844320619E1,2.789817353E-2,5.784960813E-4,1.336920657E-3,9.996097088E-1,1.768026900E2,1.549897009E-1,-6.199091201E-2,1.768026027E2
6.844820619E1,2.789409738E-2,5.761614884E-4,1.333845663E-3,9.996098280E-1,1.768031572E2,1.546297535E-1,-6.173395297E-2,1.768030706E2
6.845320619E1,2.789618518E-2,5.765237147E-4,1.334695029E-3,9.996097684E-1,1.768029179E2,1.547283328E-1,-6.177240667E-2,1.768028311E2
6.845820619E1,2.789188382E-2,5.741995992E-4,1.336309942E-3,9.996098876E-1,1.768034110E2,1.549056218E-1,-6.150169060E-2,1.768033245E2
6.846320619E1,2.789206766E-2,5.739384796E-4,1.332579646E-3,9.996098876E-1,1.768033899E2,1.544775038E-1,-6.148367477E-2,1.768033037E2
6.846820619E1,2.788983948E-2,5.726097734E-4,1.335073495E-3,9.996099472E-1,1.768036453E2,1.547587832E-1,-6.132384952E-2,1.768035592E2
6.847320619E1,2.790035460E-2,5.814455217E-4,1.334690140E-3,9.996096492E-1,1.768024399E2,1.547437674E-1,-6.233555445E-2,1.768023524E2
6.847820619E1,2.789846626E-2,5.795832840E-4,1.330324914E-3,9.996097088E-1,1.768026564E2,1.542376718E-1,-6.213648899E-2,1.768025694E2
6.848320619E1,2.789215992E-2,5.737419124E-4,1.330732019E-3,9.996098876E-1,1.768033793E2,1.542652407E-1,-6.146704990E-2,1.768032932E2
6.848820619E1,2.788766341E-2,5.702427006E-4,1.336914138E-3,9.996100068E-1,1.768038948E2,1.549619250E-1,-6.104716329E-2,1.768038089E2
6.849320619E1,2.789585766E-2,5.766544491E-4,1.341466792E-3,9.996097684E-1,1.768029554E2,1.555044164E-1,-6.176578516E-2,1.768028682E2
6.849820619E1,2.790229466E-2,5.812708405E-4,1.338843955E-3,9.996095896E-1,1.768022175E2,1.552191373E-1,-6.230196329E-2,1.768021297E2
6.850320619E1,2.790242198E-2,5.815676413E-4,1.336058718E-3,9.996095896E-1,1.768022029E2,1.549010535E-1,-6.234484684E-2,1.768021153E2
6.850820619E1,2.789409196E-2,5.764493253E-4,1.333834720E-3,9.996098280E-1,1.768031579E2,1.546294197E-1,-6.176695960E-2,1.768030711E2
6.851320619E1,2.789623472E-2,5.775699974E-4,1.333206426E-3,9.996097684E-1,1.768029122E2,1.545611657E-1,-6.189700612E-2,1.768028254E2
6.851820619E1,2.789853905E-2,5.800720537E-4,1.328584156E-3,9.996097088E-1,1.768026481E2,1.540398402E-1,-6.219803005E-2,1.768025611E2
6.852320619E1,2.790476941E-2,5.834036856E-4,1.330816769E-3,9.996095300E-1,1.768019338E2,1.543066215E-1,-6.257155855E-2,1.768018462E2
6.852820619E1,2.790456663E-2,5.842671380E-4,1.334684202E-3,9.996095300E-1,1.768019571E2,1.547523732E-1,-6.265812864E-2,1.768018691E2
6.853320619E1,2.791072313E-2,5.880521494E-4,1.338210073E-3,9.996093512E-1,1.768012513E2,1.551687440E-1,-6.307945933E-2,1.768011625E2
6.853820619E1,2.789831835E-2,5.783631932E-4,1.333952765E-3,9.996097088E-1,1.768026734E2,1.546493216E-1,-6.198515600E-2,1.768025863E2
6.854320619E1,2.789807797E-2,5.792384618E-4,1.338592265E-3,9.996097088E-1,1.768027009E2,1.551835463E-1,-6.207062009E-2,1.768026135E2
6.854820619E1,2.791081073E-2,5.891505862E-4,1.335897832E-3,9.996093512E-1,1.768012413E2,1.549074026E-1,-6.321266373E-2,1.768011524E2
6.855320619E1,2.792346509E-2,5.992993247E-4,1.334537752E-3,9.996089935E-1,1.767997906E2,1.547848862E-1,-6.437756017E-2,1.767997002E2
6.855820619E1,2.791917006E-2,5.953494692E-4,1.336873276E-3,9.996091127E-1,1.768002830E2,1.550394992E-1,-6.391830967E-2,1.768001931E2
6.856320619E1,2.791257913E-2,5.896713701E-4,1.343299635E-3,9.996092916E-1,1.768010386E2,1.557570350E-1,-6.324836814E-2,1.768009491E2
6.856820619E1,2.791276776E-2,5.897811498E-4,1.339326031E-3,9.996092916E-1,1.768010169E2,1.553022335E-1,-6.327362387E-2,1.768009278E2
6.857320619E1,2.792742387E-2,6.017404958E-4,1.339881797E-3,9.996088743E-1,1.767993368E2,1.554050986E-1,-6.463947267E-2,1.767992457E2
6.857820619E1,2.793569012E-2,6.081365864E-4,1.342541189E-3,9.996086359E-1,1.767983892E2,1.557307354E-1,-6.536232542E-2,1.767982969E2
6.858320619E1,2.793169765E-2,6.059881416E-4,1.337814960E-3,9.996087551E-1,1.767988469E2,1.551822217E-1,-6.513197789E-2,1.767987552E2
6.858820619E1,2.792348310E-2,5.986827309E-4,1.334437635E-3,9.996089935E-1,1.767997886E2,1.547714461E-1,-6.430724891E-2,1.767996983E2
6.859320619E1,2.791916794E-2,5.954184453E-4,1.336886780E-3,9.996091127E-1,1.768002832E2,1.550412666E-1,-6.392616778E-2,1.768001933E2
6.859820619E1,2.792105418E-2,5.971865612E-4,1.341265277E-3,9.996090531E-1,1.768000670E2,1.555485886E-1,-6.411439775E-2,1.767999765E2
6.860320619E1,2.793351515E-2,6.066419883E-4,1.344092190E-3,9.996086955E-1,1.767986385E2,1.559034712E-1,-6.518649808E-2,1.767985464E2
6.860820619E1,2.794008567E-2,6.111760740E-4,1.338443486E-3,9.996085167E-1,1.767978853E2,1.552713756E-1,-6.572292400E-2,1.767977928E2
6.861320619E1,2.793174214E-2,6.047394709E-4,1.337451045E-3,9.996087551E-1,1.767988418E2,1.551365423E-1,-6.499010463E-2,1.767987503E2
6.861820619E1,2.791456771E-2,5.916432710E-4,1.345462981E-3,9.996092319E-1,1.768008106E2,1.560112740E-1,-6.346701299E-2,1.768007207E2
6.862320619E1,2.791038702E-2,5.885778228E-4,1.344971941E-3,9.996093512E-1,1.768012899E2,1.559449563E-1,-6.311809865E-2,1.768012005E2
6.862820619E1,2.792304243E-2,5.990570644E-4,1.343460171E-3,9.996089935E-1,1.767998391E2,1.558061204E-1,-6.432132517E-2,1.767997482E2
6.863320619E1,2.793561007E-2,6.084296620E-4,1.344073215E-3,9.996086359E-1,1.767983984E2,1.559071573E-1,-6.539100430E-2,1.767983059E2
6.863820619E1,2.792913093E-2,6.031367229E-4,1.348114572E-3,9.996088147E-1,1.767991411E2,1.563527178E-1,-6.477279127E-2,1.767990493E2
6.864320619E1,2.792314574E-2,5.985057214E-4,1.341557363E-3,9.996089935E-1,1.767998272E2,1.555864017E-1,-6.426424321E-2,1.767997365E2
6.864820619E1,2.791478414E-2,5.925652222E-4,1.340557938E-3,9.996092319E-1,1.768007858E2,1.554523788E-1,-6.358827648E-2,1.768006961E2
6.865320619E1,2.792331846E-2,5.983667797E-4,1.338019618E-3,9.996089935E-1,1.767998074E2,1.551807300E-1,-6.425962133E-2,1.767997170E2
6.865820619E1,2.792939267E-2,6.026197807E-4,1.342913252E-3,9.996088147E-1,1.767991111E2,1.557552844E-1,-6.473018345E-2,1.767990197E2
6.866320619E1,2.792740549E-2,6.014547544E-4,1.340392977E-3,9.996088743E-1,1.767993389E2,1.554627370E-1,-6.460510882E-2,1.767992478E2
6.866820619E1,2.791901227E-2,5.960704293E-4,1.339843962E-3,9.996091127E-1,1.768003011E2,1.553820791E-1,-6.399141347E-2,1.768002109E2
6.867320619E1,2.791889888E-2,5.952081410E-4,1.342587289E-3,9.996091127E-1,1.768003141E2,1.556935530E-1,-6.388388183E-2,1.768002238E2
6.867820619E1,2.793131237E-2,6.054580444E-4,1.346073579E-3,9.996087551E-1,1.767988910E2,1.561264999E-1,-6.504488271E-2,1.767987989E2
6.868320619E1,2.793767783E-2,6.098353770E-4,1.344786375E-3,9.996085763E-1,1.767981613E2,1.559934836E-1,-6.554941867E-2,1.767980686E2
6.868820619E1,2.793158769E-2,6.056209095E-4,1.340274699E-3,9.996087551E-1,1.767988595E2,1.554627948E-1,-6.508205653E-2,1.767987677E2
6.869320619E1,2.792293314E-2,5.987329059E-4,1.345874043E-3,9.996089935E-1,1.767998516E2,1.560815779E-1,-6.427648692E-2,1.767997606E2
6.869820619E1,2.792900712E-2,6.032665842E-4,1.350619248E-3,9.996088147E-1,1.767991553E2,1.566400285E-1,-6.477966956E-2,1.767990633E2
6.870320619E1,2.793341791E-2,6.060641026E-4,1.346371835E-3,9.996086955E-1,1.767986497E2,1.561627414E-1,-6.511302111E-2,1.767985575E2
6.870820619E1,2.793125190E-2,6.039955770E-4,1.347983838E-3,9.996087551E-1,1.767988980E2,1.563406291E-1,-6.487125692E-2,1.767988060E2
6.871320619E1,2.792702460E-2,6.016723346E-4,1.348208520E-3,9.996088743E-1,1.767993826E2,1.563586559E-1,-6.460507912E-2,1.767992909E2
6.871820619E1,2.792508271E-2,6.006353651E-4,1.344696502E-3,9.996089339E-1,1.767996052E2,1.559529207E-1,-6.449784007E-2,1.767995139E2
6.872320619E1,2.792505911E-2,5.995918764E-4,1.345651923E-3,9.996089339E-1,1.767996079E2,1.560590203E-1,-6.437525807E-2,1.767995168E2
6.872820619E1,2.792929338E-2,6.028627977E-4,1.344867633E-3,9.996088147E-1,1.767991225E2,1.559799243E-1,-6.475178063E-2,1.767990309E2
6.873320619E1,2.793345384E-2,6.059082807E-4,1.345696161E-3,9.996086955E-1,1.767986456E2,1.560848484E-1,-6.509732946E-2,1.767985534E2
6.873820619E1,2.792927481E-2,6.038926658E-4,1.344791381E-3,9.996088147E-1,1.767991246E2,1.559744850E-1,-6.486999564E-2,1.767990329E2
6.874320619E1,2.792533564E-2,6.005931064E-4,1.339452690E-3,9.996089339E-1,1.767995762E2,1.553521387E-1,-6.450974074E-2,1.767994853E2
6.874820619E1,2.791684158E-2,5.935633089E-4,1.341716852E-3,9.996091723E-1,1.768005499E2,1.555884531E-1,-6.369857665E-2,1.768004600E2
6.875320619E1,2.792727102E-2,6.024568575E-4,1.342742704E-3,9.996088743E-1,1.767993543E2,1.557350898E-1,-6.471239752E-2,1.767992629E2
6.875820619E1,2.793999503E-2,6.124932552E-4,1.339732902E-3,9.996085167E-1,1.767978957E2,1.554232860E-1,-6.586968844E-2,1.767978029E2
6.876320619E1,2.793188991E-2,6.060533342E-4,1.333765103E-3,9.996087551E-1,1.767988248E2,1.547185440E-1,-6.515237864E-2,1.767987334E2
6.876820619E1,2.791902913E-2,5.952433567E-4,1.339860377E-3,9.996091127E-1,1.768002992E2,1.553813142E-1,-6.389661981E-2,1.768002091E2
6.877320619E1,2.792096378E-2,5.964013981E-4,1.343494514E-3,9.996090531E-1,1.768000774E2,1.558014230E-1,-6.401734123E-2,1.767999869E2
6.877820619E1,2.792762570E-2,6.017714622E-4,1.335654408E-3,9.996088743E-1,1.767993137E2,1.549209759E-1,-6.465651758E-2,1.767992228E2
6.878320619E1,2.792985211E-2,6.041922607E-4,1.332611893E-3,9.996088147E-1,1.767990584E2,1.545803575E-1,-6.494320509E-2,1.767989674E2
6.878820619E1,2.793168678E-2,6.055181730E-4,1.338254544E-3,9.996087551E-1,1.767988481E2,1.552310697E-1,-6.507673916E-2,1.767987565E2
6.879320619E1,2.792315870E-2,5.990029313E-4,1.341065625E-3,9.996089935E-1,1.767998258E2,1.555316665E-1,-6.432276847E-2,1.767997350E2
6.879820619E1,2.792323782E-2,5.987050245E-4,1.339550363E-3,9.996089935E-1,1.767998167E2,1.553571495E-1,-6.429348052E-2,1.767997261E2
6.880320619E1,2.792344574E-2,5.986608448E-4,1.335229143E-3,9.996089935E-1,1.767997929E2,1.548620385E-1,-6.430221498E-2,1.767997025E2
6.880820619E1,2.792742197E-2,6.026687915E-4,1.339504146E-3,9.996088743E-1,1.767993370E2,1.553648107E-1,-6.474701486E-2,1.767992458E2
6.881320619E1,2.793554007E-2,6.075238925E-4,1.345936558E-3,9.996086359E-1,1.767984064E2,1.561176934E-1,-6.528129721E-2,1.767983140E2
6.881820619E1,2.792897799E-2,6.033565151E-4,1.351181301E-3,9.996088147E-1,1.767991587E2,1.567046960E-1,-6.478817654E-2,1.767990666E2
6.882320619E1,2.792700200E-2,6.011752412E-4,1.348898280E-3,9.996088743E-1,1.767993852E2,1.564360736E-1,-6.454593477E-2,1.767992936E2
6.882820619E1,2.792450237E-2,5.998503766E-4,1.357041998E-3,9.996089339E-1,1.767996717E2,1.573645110E-1,-6.436850703E-2,1.767995798E2
6.883320619E1,2.793476132E-2,6.073170807E-4,1.362095820E-3,9.996086359E-1,1.767984957E2,1.579679753E-1,-6.520600044E-2,1.767984022E2
6.883820619E1,2.793509143E-2,6.069826195E-4,1.355458749E-3,9.996086359E-1,1.767984578E2,1.572066697E-1,-6.518888356E-2,1.767983649E2
6.884320619E1,2.792648629E-2,6.011265214E-4,1.359554706E-3,9.996088743E-1,1.767994443E2,1.576565462E-1,-6.450633171E-2,1.767993520E2
6.884820619E1,2.793054358E-2,6.037950516E-4,1.362670562E-3,9.996087551E-1,1.767989792E2,1.580222616E-1,-6.480139037E-2,1.767988863E2
6.885320619E1,2.793674870E-2,6.083623157E-4,1.364609576E-3,9.996085763E-1,1.767982678E2,1.582593946E-1,-6.531736706E-2,1.767981741E2
6.885820619E1,2.793902772E-2,6.108210073E-4,1.360508031E-3,9.996085167E-1,1.767980066E2,1.577975963E-1,-6.561177313E-2,1.767979127E2
6.886320619E1,2.793683912E-2,6.085075438E-4,1.362692448E-3,9.996085763E-1,1.767982575E2,1.580402643E-1,-6.534012568E-2,1.767981638E2
6.886820619E1,2.793473731E-2,6.067790091E-4,1.362827839E-3,9.996086359E-1,1.767984984E2,1.580501019E-1,-6.514202655E-2,1.767984050E2
6.887320619E1,2.793040953E-2,6.040348089E-4,1.365309348E-3,9.996087551E-1,1.767989945E2,1.583252855E-1,-6.482042906E-2,1.767989014E2
6.887820619E1,2.792827679E-2,6.025402108E-4,1.365958364E-3,9.996088147E-1,1.767992390E2,1.583947063E-1,-6.464748835E-2,1.767991461E2
6.888320619E1,2.793646420E-2,6.082198233E-4,1.370484824E-3,9.996085763E-1,1.767983005E2,1.589319119E-1,-6.528228116E-2,1.767982063E2
6.888820619E1,2.794067436E-2,6.107197842E-4,1.370494370E-3,9.996084571E-1,1.767978178E2,1.589412853E-1,-6.556794352E-2,1.767977233E2
6.889320619E1,2.793206928E-2,6.046493072E-4,1.374689746E-3,9.996086955E-1,1.767988043E2,1.594018566E-1,-6.486052947E-2,1.767987104E2
6.889820619E1,2.793198708E-2,6.037110579E-4,1.376770670E-3,9.996086955E-1,1.767988137E2,1.596372115E-1,-6.474640841E-2,1.767987199E2
6.890320619E1,2.793818473E-2,6.096538855E-4,1.378227375E-3,9.996085167E-1,1.767981032E2,1.598235016E-1,-6.542148635E-2,1.767980083E2
6.890820619E1,2.794028308E-2,6.115392316E-4,1.378084999E-3,9.996084571E-1,1.767978627E2,1.598133671E-1,-6.563756694E-2,1.767977675E2
6.891320619E1,2.794030038E-2,6.105679786E-4,1.378164859E-3,9.996084571E-1,1.767978607E2,1.598194061E-1,-6.552605462E-2,1.767977657E2
6.891820619E1,2.793810832E-2,6.088880473E-4,1.380113536E-3,9.996085167E-1,1.767981120E2,1.600370986E-1,-6.532773563E-2,1.767980171E2
6.892320619E1,2.794242984E-2,6.119182217E-4,1.377625042E-3,9.996083975E-1,1.767976166E2,1.597620350E-1,-6.568210861E-2,1.767975214E2
6.892820619E1,2.794868752E-2,6.168951513E-4,1.378214103E-3,9.996082187E-1,1.767968992E2,1.598458623E-1,-6.624931269E-2,1.767968032E2
6.893320619E1,2.794879001E-2,6.181393983E-4,1.375575666E-3,9.996082187E-1,1.767968875E2,1.595476295E-1,-6.640027106E-2,1.767967914E2
6.893820619E1,2.795305068E-2,6.203756202E-4,1.374621526E-3,9.996080995E-1,1.767963990E2,1.594457823E-1,-6.665879920E-2,1.767963027E2
6.894320619E1,2.795511805E-2,6.226930418E-4,1.374875777E-3,9.996080399E-1,1.767961621E2,1.594824682E-1,-6.692310788E-2,1.767960653E2
6.894820619E1,2.795928648E-2,6.268601282E-4,1.374891493E-3,9.996079206E-1,1.767956842E2,1.594978997E-1,-6.739971833E-2,1.767955867E2
6.895320619E1,2.794873932E-2,6.183074438E-4,1.376529573E-3,9.996082187E-1,1.767968933E2,1.596574315E-1,-6.641647304E-2,1.767967971E2
6.895820619E1,2.795503723E-2,6.223199889E-4,1.376686734E-3,9.996080399E-1,1.767961713E2,1.596887072E-1,-6.687458738E-2,1.767960745E2
6.896320619E1,2.795722011E-2,6.250050501E-4,1.374419895E-3,9.996079803E-1,1.767959211E2,1.594377966E-1,-6.718906590E-2,1.767958239E2
6.896820619E1,2.795518505E-2,6.224603858E-4,1.373618259E-3,9.996080399E-1,1.767961544E2,1.593376825E-1,-6.690047571E-2,1.767960577E2
6.897320619E1,2.794879892E-2,6.173582515E-4,1.375745283E-3,9.996082187E-1,1.767968865E2,1.595645572E-1,-6.631024860E-2,1.767967905E2
6.897820619E1,2.794901145E-2,6.174587179E-4,1.371375634E-3,9.996082187E-1,1.767968621E2,1.590643631E-1,-6.633571797E-2,1.767967664E2
6.898320619E1,2.794912183E-2,6.186821265E-4,1.368571771E-3,9.996082187E-1,1.767968494E2,1.587471150E-1,-6.648481812E-2,1.767967537E2
6.898820619E1,2.794923261E-2,6.180916680E-4,1.366574783E-3,9.996082187E-1,1.767968367E2,1.585164822E-1,-6.642356150E-2,1.767967412E2
6.899320619E1,2.794516292E-2,6.152660935E-4,1.363876625E-3,9.996083379E-1,1.767973033E2,1.581980969E-1,-6.610918713E-2,1.767972084E2
6.899820619E1,2.795558842E-2,6.229252322E-4,1.365172327E-3,9.996080399E-1,1.767961081E2,1.583717431E-1,-6.698071519E-2,1.767960120E2
6.900320619E1,2.795536529E-2,6.228179554E-4,1.369782607E-3,9.996080399E-1,1.767961337E2,1.588994779E-1,-6.695369310E-2,1.767960372E2
6.900820619E1,2.794280393E-2,6.140204496E-4,1.369075268E-3,9.996083975E-1,1.767975737E2,1.587894407E-1,-6.595022942E-2,1.767974787E2
6.901320619E1,2.794096510E-2,6.115641445E-4,1.364175929E-3,9.996084571E-1,1.767977845E2,1.582202497E-1,-6.568484700E-2,1.767976902E2
6.901820619E1,2.794307596E-2,6.129048415E-4,1.364013762E-3,9.996083975E-1,1.767975425E2,1.582061060E-1,-6.583860462E-2,1.767974480E2
6.902320619E1,2.795125819E-2,6.191095454E-4,1.368283294E-3,9.996081591E-1,1.767966045E2,1.587155821E-1,-6.653436228E-2,1.767965088E2
6.902820619E1,2.794693742E-2,6.164150545E-4,1.370666316E-3,9.996082783E-1,1.767970999E2,1.589796325E-1,-6.621877145E-2,1.767970044E2
6.903320619E1,2.794282046E-2,6.126722437E-4,1.369341975E-3,9.996083975E-1,1.767975718E2,1.588156750E-1,-6.579494022E-2,1.767974770E2
6.903820619E1,2.794288102E-2,6.125611253E-4,1.368155354E-3,9.996083975E-1,1.767975649E2,1.586793993E-1,-6.578600205E-2,1.767974702E2
6.904320619E1,2.794071347E-2,6.111306138E-4,1.369513571E-3,9.996084571E-1,1.767978133E2,1.588302558E-1,-6.561813689E-2,1.767977188E2
6.904820619E1,2.793643764E-2,6.087134825E-4,1.370807062E-3,9.996085763E-1,1.767983035E2,1.589704020E-1,-6.533780082E-2,1.767982093E2
6.905320619E1,2.794491052E-2,6.148788380E-4,1.369212288E-3,9.996083379E-1,1.767973322E2,1.588080241E-1,-6.604778156E-2,1.767972371E2
6.905820619E1,2.794069467E-2,6.117590819E-4,1.369616599E-3,9.996084571E-1,1.767978155E2,1.588440684E-1,-6.568979896E-2,1.767977208E2
6.906320619E1,2.793651469E-2,6.076471182E-4,1.369709382E-3,9.996085763E-1,1.767982947E2,1.588412570E-1,-6.521915411E-2,1.767982007E2
6.906820619E1,2.793036627E-2,6.030170480E-4,1.366643584E-3,9.996087551E-1,1.767989995E2,1.584748577E-1,-6.469958423E-2,1.767989065E2
6.907320619E1,2.793051970E-2,6.036745617E-4,1.363213290E-3,9.996087551E-1,1.767989819E2,1.580840423E-1,-6.478585531E-2,1.767988890E2
6.907820619E1,2.793503540E-2,6.066644564E-4,1.356755150E-3,9.996086359E-1,1.767984643E2,1.573541463E-1,-6.514829777E-2,1.767983713E2
6.908320619E1,2.793306139E-2,6.053416291E-4,1.354071544E-3,9.996086955E-1,1.767986905E2,1.570423840E-1,-6.500567314E-2,1.767985979E2
6.908820619E1,2.792872670E-2,6.026083138E-4,1.356697991E-3,9.996088147E-1,1.767991875E2,1.573342052E-1,-6.468485578E-2,1.767990951E2
6.909320619E1,2.792245692E-2,5.979206762E-4,1.356076682E-3,9.996089935E-1,1.767999062E2,1.572476302E-1,-6.415087686E-2,1.767998147E2
6.909820619E1,2.792672776E-2,6.014664541E-4,1.354434760E-3,9.996088743E-1,1.767994166E2,1.570711751E-1,-6.456161700E-2,1.767993246E2
6.910320619E1,2.792875046E-2,6.022962625E-4,1.356347464E-3,9.996088147E-1,1.767991847E2,1.572930562E-1,-6.465022944E-2,1.767990925E2
6.910820619E1,2.792891436E-2,6.026236224E-4,1.352822524E-3,9.996088147E-1,1.767991659E2,1.568903433E-1,-6.469898328E-2,1.767990739E2
6.911320619E1,2.792273947E-2,5.985760363E-4,1.349955797E-3,9.996089935E-1,1.767998738E2,1.565486163E-1,-6.424548743E-2,1.767997826E2
6.911820619E1,2.792052907E-2,5.952339270E-4,1.353012864E-3,9.996090531E-1,1.768001272E2,1.568879583E-1,-6.385322447E-2,1.768000363E2
6.912320619E1,2.791824846E-2,5.948413746E-4,1.356206019E-3,9.996091127E-1,1.768003886E2,1.572523233E-1,-6.379840095E-2,1.768002976E2
6.912820619E1,2.792243173E-2,5.981026916E-4,1.356514986E-3,9.996089935E-1,1.767999091E2,1.572984175E-1,-6.417032762E-2,1.767998175E2
6.913320619E1,2.792876857E-2,6.020483561E-4,1.356084482E-3,9.996088147E-1,1.767991827E2,1.572621401E-1,-6.462267138E-2,1.767990904E2
6.913820619E1,2.792674342E-2,6.006080657E-4,1.354492852E-3,9.996088743E-1,1.767994148E2,1.570750831E-1,-6.446310302E-2,1.767993229E2
6.914320619E1,2.792055908E-2,5.957767135E-4,1.352154417E-3,9.996090531E-1,1.768001238E2,1.567913645E-1,-6.391814085E-2,1.768000328E2
6.914820619E1,2.791834223E-2,5.934559158E-4,1.354881912E-3,9.996091127E-1,1.768003779E2,1.570962238E-1,-6.364392256E-2,1.768002871E2
6.915320619E1,2.792652277E-2,6.004818715E-4,1.359090209E-3,9.996088743E-1,1.767994401E2,1.576012786E-1,-6.443396991E-2,1.767993480E2
6.915820619E1,2.793083790E-2,6.049427320E-4,1.356113120E-3,9.996087551E-1,1.767989454E2,1.572748189E-1,-6.495379554E-2,1.767988528E2
6.916320619E1,2.792440760E-2,5.994642852E-4,1.359161106E-3,9.996089339E-1,1.767996826E2,1.576060068E-1,-6.431751528E-2,1.767995906E2
6.916820619E1,2.792436210E-2,5.989850033E-4,1.360306633E-3,9.996089339E-1,1.767996878E2,1.577356868E-1,-6.425895659E-2,1.767995958E2
6.917320619E1,2.792050786E-2,5.959321861E-4,1.353143132E-3,9.996090531E-1,1.768001296E2,1.569051131E-1,-6.393279434E-2,1.768000386E2
6.917820619E1,2.792439680E-2,5.994572421E-4,1.359386137E-3,9.996089339E-1,1.767996838E2,1.576317602E-1,-6.431599012E-2,1.767995918E2
6.918320619E1,2.792431932E-2,5.986004835E-4,1.361353789E-3,9.996089339E-1,1.767996927E2,1.578544021E-1,-6.421156695E-2,1.767996007E2
6.918820619E1,2.792651435E-2,6.005095784E-4,1.359250979E-3,9.996088743E-1,1.767994411E2,1.576197824E-1,-6.443663046E-2,1.767993489E2
6.919320619E1,2.792021122E-2,5.951380590E-4,1.359598129E-3,9.996090531E-1,1.768001636E2,1.576419539E-1,-6.382122333E-2,1.768000723E2
6.919820619E1,2.791996524E-2,5.951186758E-4,1.364648459E-3,9.996090531E-1,1.768001918E2,1.582203765E-1,-6.380288338E-2,1.768001002E2
6.920320619E1,2.792631725E-2,6.007537013E-4,1.363186864E-3,9.996088743E-1,1.767994637E2,1.580713950E-1,-6.445202935E-2,1.767993712E2
6.920820619E1,2.794122043E-2,6.121466286E-4,1.358673791E-3,9.996084571E-1,1.767977552E2,1.575918784E-1,-6.576914566E-2,1.767976612E2
6.921320619E1,2.793500492E-2,6.070814561E-4,1.357196132E-3,9.996086359E-1,1.767984677E2,1.574059924E-1,-6.519465685E-2,1.767983747E2
6.921820619E1,2.791795728E-2,5.934422952E-4,1.362796873E-3,9.996091127E-1,1.768004220E2,1.580027912E-1,-6.361710087E-2,1.768003308E2
6.922320619E1,2.791560267E-2,5.916524096E-4,1.368078985E-3,9.996091723E-1,1.768006919E2,1.586019657E-1,-6.339554997E-2,1.768006007E2
6.922820619E1,2.793027404E-2,6.032832898E-4,1.368409838E-3,9.996087551E-1,1.767990101E2,1.586780229E-1,-6.472444280E-2,1.767989169E2
6.923320619E1,2.793679932E-2,6.078077713E-4,1.363820164E-3,9.996085763E-1,1.767982620E2,1.581671977E-1,-6.525636503E-2,1.767981684E2
6.923820619E1,2.793058093E-2,6.033328827E-4,1.362109557E-3,9.996087551E-1,1.767989749E2,1.579565232E-1,-6.475024013E-2,1.767988821E2
6.924320619E1,2.791983215E-2,5.957172834E-4,1.367107965E-3,9.996090531E-1,1.768002071E2,1.585040126E-1,-6.386360390E-2,1.768001152E2
6.924820619E1,2.792193869E-2,5.966603057E-4,1.367256278E-3,9.996089935E-1,1.767999656E2,1.585241536E-1,-6.397081549E-2,1.767998736E2
6.925320619E1,2.792580122E-2,5.992489168E-4,1.374374726E-3,9.996088743E-1,1.767995228E2,1.593480822E-1,-6.424393983E-2,1.767994299E2
6.925820619E1,2.792377929E-2,5.988823832E-4,1.372263185E-3,9.996089339E-1,1.767997546E2,1.591049085E-1,-6.420903368E-2,1.767996619E2
6.926320619E1,2.792579821E-2,6.004658644E-4,1.373904641E-3,9.996088743E-1,1.767995232E2,1.592981298E-1,-6.438484207E-2,1.767994301E2
6.926820619E1,2.792356450E-2,5.972189829E-4,1.377349254E-3,9.996089339E-1,1.767997792E2,1.596821658E-1,-6.400225580E-2,1.767996864E2
6.927320619E1,2.791705261E-2,5.920238327E-4,1.381813781E-3,9.996091127E-1,1.768005257E2,1.601765264E-1,-6.339392551E-2,1.768004335E2
6.927820619E1,2.792132190E-2,5.959416740E-4,1.380105154E-3,9.996089935E-1,1.768000363E2,1.599936153E-1,-6.384748452E-2,1.767999436E2
6.928320619E1,2.793427717E-2,6.056096754E-4,1.372743631E-3,9.996086359E-1,1.767985512E2,1.591821526E-1,-6.497641420E-2,1.767984573E2
6.928820619E1,2.793020936E-2,6.028655916E-4,1.369913225E-3,9.996087551E-1,1.767990175E2,1.588488903E-1,-6.467179526E-2,1.767989243E2
6.929320619E1,2.792385450E-2,5.979494308E-4,1.371139078E-3,9.996089339E-1,1.767997460E2,1.589731648E-1,-6.410575208E-2,1.767996535E2
6.929820619E1,2.792164193E-2,5.963044823E-4,1.373457839E-3,9.996089935E-1,1.767999996E2,1.592333664E-1,-6.391026111E-2,1.767999072E2
6.930320619E1,2.793215792E-2,6.044417387E-4,1.372978906E-3,9.996086955E-1,1.767987941E2,1.592052263E-1,-6.484221524E-2,1.767987004E2
6.930820619E1,2.793408129E-2,6.064324989E-4,1.376361703E-3,9.996086359E-1,1.767985736E2,1.595992133E-1,-6.505911531E-2,1.767984794E2
6.931320619E1,2.793405783E-2,6.054868572E-4,1.377253910E-3,9.996086359E-1,1.767985763E2,1.596983841E-1,-6.494794284E-2,1.767984822E2
6.931820619E1,2.793179578E-2,6.033880054E-4,1.380787580E-3,9.996086955E-1,1.767988356E2,1.600962901E-1,-6.469657683E-2,1.767987416E2
6.932320619E1,2.793646641E-2,6.084293127E-4,1.370346756E-3,9.996085763E-1,1.767983002E2,1.589167674E-1,-6.530671914E-2,1.767982060E2
6.932820619E1,2.793870625E-2,6.091971882E-4,1.367818215E-3,9.996085167E-1,1.767980434E2,1.586297356E-1,-6.540241615E-2,1.767979493E2
6.933320619E1,2.794303269E-2,6.140884943E-4,1.364367781E-3,9.996083975E-1,1.767975475E2,1.582504454E-1,-6.597306139E-2,1.767974528E2
6.933820619E1,2.794521810E-2,6.147240638E-4,1.362990122E-3,9.996083379E-1,1.767972969E2,1.580948184E-1,-6.604992960E-2,1.767972022E2
6.934320619E1,2.793467797E-2,6.070593372E-4,1.363919000E-3,9.996086359E-1,1.767985052E2,1.581759846E-1,-6.517065361E-2,1.767984117E2
6.934820619E1,2.793468029E-2,6.063546170E-4,1.364185009E-3,9.996086359E-1,1.767985050E2,1.582041992E-1,-6.508907830E-2,1.767984115E2
6.935320619E1,2.794091649E-2,6.116622244E-4,1.365127158E-3,9.996084571E-1,1.767977901E2,1.583295210E-1,-6.569304369E-2,1.767976957E2
6.935820619E1,2.795156470E-2,6.209008861E-4,1.361191855E-3,9.996081591E-1,1.767965694E2,1.579090379E-1,-6.676222045E-2,1.767964738E2
6.936320619E1,2.795163370E-2,6.212963490E-4,1.359593472E-3,9.996081591E-1,1.767965615E2,1.577272195E-1,-6.681262832E-2,1.767964659E2
6.936820619E1,2.794121256E-2,6.129947724E-4,1.358453301E-3,9.996084571E-1,1.767977561E2,1.575693372E-1,-6.586700500E-2,1.767976620E2
6.937320619E1,2.794738580E-2,6.174328155E-4,1.361032249E-3,9.996082783E-1,1.767970485E2,1.578793689E-1,-6.636613569E-2,1.767969534E2
6.937820619E1,2.795994611E-2,6.278042565E-4,1.360976021E-3,9.996079206E-1,1.767956086E2,1.579069948E-1,-6.755234603E-2,1.767955119E2
6.938320619E1,2.796852165E-2,6.333654746E-4,1.357304398E-3,9.996076822E-1,1.767946255E2,1.575048264E-1,-6.819977795E-2,1.767945282E2
6.938820619E1,2.796825262E-2,6.336257211E-4,1.362715731E-3,9.996076822E-1,1.767946564E2,1.581254936E-1,-6.821228723E-2,1.767945586E2
6.939320619E1,2.797023193E-2,6.344593130E-4,1.365423086E-3,9.996076226E-1,1.767944295E2,1.584384198E-1,-6.829878152E-2,1.767943314E2
6.939820619E1,2.796633057E-2,6.324827555E-4,1.358965877E-3,9.996077418E-1,1.767948767E2,1.576921651E-1,-6.809368595E-2,1.767947794E2
6.940320619E1,2.797063303E-2,6.348188035E-4,1.357013592E-3,9.996076226E-1,1.767943835E2,1.574763182E-1,-6.836685132E-2,1.767942859E2
6.940820619E1,2.797063775E-2,6.358217797E-4,1.356446766E-3,9.996076226E-1,1.767943829E2,1.574146054E-1,-6.848355497E-2,1.767942853E2
6.941320619E1,2.796425024E-2,6.309357123E-4,1.358651672E-3,9.996078014E-1,1.767951152E2,1.576510743E-1,-6.791781241E-2,1.767950181E2
6.941820619E1,2.795822808E-2,6.266603014E-4,1.352995750E-3,9.996079803E-1,1.767958055E2,1.569890980E-1,-6.744714897E-2,1.767957096E2
6.942320619E1,2.794962709E-2,6.190728163E-4,1.358036068E-3,9.996082187E-1,1.767967915E2,1.575415674E-1,-6.656323481E-2,1.767966964E2
6.942820619E1,2.795593043E-2,6.239434006E-4,1.357683330E-3,9.996080399E-1,1.767960689E2,1.575171864E-1,-6.712128067E-2,1.767959731E2
6.943320619E1,2.796638978E-2,6.329152966E-4,1.357545261E-3,9.996077418E-1,1.767948699E2,1.575308283E-1,-6.814777556E-2,1.767947726E2
6.943820619E1,2.796665305E-2,6.319833337E-4,1.352546504E-3,9.996077418E-1,1.767948397E2,1.569552671E-1,-6.805700108E-2,1.767947429E2
6.944320619E1,2.795631828E-2,6.245048717E-4,1.349413651E-3,9.996080399E-1,1.767960245E2,1.565717449E-1,-6.721202741E-2,1.767959291E2
6.944820619E1,2.796055321E-2,6.282814429E-4,1.348223770E-3,9.996079206E-1,1.767955390E2,1.564478339E-1,-6.764777027E-2,1.767954431E2
6.945320619E1,2.796925712E-2,6.350820768E-4,1.341252122E-3,9.996076822E-1,1.767945412E2,1.556716405E-1,-6.844774288E-2,1.767944447E2
6.945820619E1,2.796510130E-2,6.323679700E-4,1.340345363E-3,9.996078014E-1,1.767950176E2,1.555587912E-1,-6.814040409E-2,1.767949216E2
6.946320619E1,2.796489869E-2,6.314365892E-4,1.345003489E-3,9.996078014E-1,1.767950408E2,1.560893664E-1,-6.801882144E-2,1.767949446E2
6.946820619E1,2.797740504E-2,6.407262408E-4,1.346312696E-3,9.996074438E-1,1.767936072E2,1.562699680E-1,-6.907676927E-2,1.767935094E2
6.947320619E1,2.797521569E-2,6.402678555E-4,1.347769285E-3,9.996075034E-1,1.767938581E2,1.564351948E-1,-6.901993547E-2,1.767937603E2
6.947820619E1,2.797548133E-2,6.392233772E-4,1.342742005E-3,9.996075034E-1,1.767938277E2,1.558560054E-1,-6.891636918E-2,1.767937304E2
6.948320619E1,2.797124978E-2,6.361404667E-4,1.343616168E-3,9.996076226E-1,1.767943128E2,1.559459638E-1,-6.856108992E-2,1.767942159E2
6.948820619E1,2.796898267E-2,6.352617638E-4,1.346878358E-3,9.996076822E-1,1.767945727E2,1.563166656E-1,-6.845033546E-2,1.767944757E2
6.949320619E1,2.796884460E-2,6.351928459E-4,1.349775004E-3,9.996076822E-1,1.767945885E2,1.566482370E-1,-6.843317872E-2,1.767944914E2
6.949820619E1,2.795835677E-2,6.268142606E-4,1.350262319E-3,9.996079803E-1,1.767957908E2,1.566764937E-1,-6.747352190E-2,1.767956950E2
6.950320619E1,2.795425467E-2,6.227835547E-4,1.348806545E-3,9.996080995E-1,1.767962610E2,1.564965496E-1,-6.701712431E-2,1.767961660E2
6.950820619E1,2.797095638E-2,6.363025168E-4,1.349633792E-3,9.996076226E-1,1.767943464E2,1.566357633E-1,-6.856040947E-2,1.767942491E2
6.951320619E1,2.797087773E-2,6.351995398E-4,1.351781655E-3,9.996076226E-1,1.767943554E2,1.568782533E-1,-6.842719490E-2,1.767942582E2
6.951820619E1,2.795604711E-2,6.242782110E-4,1.355124288E-3,9.996080399E-1,1.767960555E2,1.572251365E-1,-6.716781192E-2,1.767959598E2
6.952320619E1,2.795596683E-2,6.244655815E-4,1.356693218E-3,9.996080399E-1,1.767960648E2,1.574054474E-1,-6.718426096E-2,1.767959689E2
6.952820619E1,2.796447023E-2,6.303032278E-4,1.354410662E-3,9.996078014E-1,1.767950900E2,1.571632677E-1,-6.785891945E-2,1.767949933E2
6.953320619E1,2.796064822E-2,6.282965187E-4,1.346244710E-3,9.996079206E-1,1.767955281E2,1.562211933E-1,-6.765582349E-2,1.767954323E2
6.953820619E1,2.796271558E-2,6.287858705E-4,1.347333891E-3,9.996078610E-1,1.767952911E2,1.563476638E-1,-6.770806385E-2,1.767951952E2
6.954320619E1,2.796691560E-2,6.321020192E-4,1.347051119E-3,9.996077418E-1,1.767948096E2,1.563261860E-1,-6.808816688E-2,1.767947132E2
6.954820619E1,2.795654823E-2,6.252446328E-4,1.344297430E-3,9.996080399E-1,1.767959981E2,1.559880831E-1,-6.731311933E-2,1.767959030E2
6.955320619E1,2.794820923E-2,6.183054065E-4,1.343616052E-3,9.996082783E-1,1.767969541E2,1.558872460E-1,-6.652173738E-2,1.767968601E2
6.955820619E1,2.795651537E-2,6.250035367E-4,1.345092664E-3,9.996080399E-1,1.767960019E2,1.560784000E-1,-6.728296002E-2,1.767959067E2
6.956320619E1,2.795862188E-2,6.261556409E-4,1.345068566E-3,9.996079803E-1,1.767957604E2,1.560794729E-1,-6.741467803E-2,1.767956650E2
6.956820619E1,2.795654927E-2,6.255338667E-4,1.344141318E-3,9.996080399E-1,1.767959980E2,1.559711276E-1,-6.734675008E-2,1.767959028E2
6.957320619E1,2.795452765E-2,6.237640628E-4,1.342682051E-3,9.996080995E-1,1.767962297E2,1.557981671E-1,-6.714901503E-2,1.767961349E2
6.957820619E1,2.795657533E-2,6.254220498E-4,1.343651093E-3,9.996080399E-1,1.767959950E2,1.559146174E-1,-6.733550828E-2,1.767958999E2
6.958320619E1,2.796055284E-2,6.275768974E-4,1.348559512E-3,9.996079206E-1,1.767955390E2,1.564840344E-1,-6.756599122E-2,1.767954432E2
6.958820619E1,2.796265017E-2,6.294021732E-4,1.348403166E-3,9.996078610E-1,1.767952986E2,1.564721165E-1,-6.777524313E-2,1.767952025E2
6.959320619E1,2.796680695E-2,6.321923574E-4,1.349262777E-3,9.996077418E-1,1.767948221E2,1.565798067E-1,-6.809144377E-2,1.767947255E2
6.959820619E1,2.797121092E-2,6.366375601E-4,1.344189513E-3,9.996076226E-1,1.767943172E2,1.560132295E-1,-6.861619857E-2,1.767942203E2
6.960320619E1,2.796704008E-2,6.325235008E-4,1.344265998E-3,9.996077418E-1,1.767947954E2,1.560085185E-1,-6.814535272E-2,1.767946990E2
6.960820619E1,2.796909487E-2,6.343159475E-4,1.344993012E-3,9.996076822E-1,1.767945598E2,1.560976811E-1,-6.834802061E-2,1.767944632E2
6.961320619E1,2.797339931E-2,6.373620708E-4,1.342630363E-3,9.996075630E-1,1.767940664E2,1.558371066E-1,-6.870384532E-2,1.767939694E2
6.961820619E1,2.797540174E-2,6.401329883E-4,1.343966345E-3,9.996075034E-1,1.767938368E2,1.559991605E-1,-6.901664942E-2,1.767937393E2
6.962320619E1,2.797756131E-2,6.420603022E-4,1.342423959E-3,9.996074438E-1,1.767935892E2,1.558288135E-1,-6.924202470E-2,1.767934915E2
6.962820619E1,2.797139272E-2,6.362325512E-4,1.340593328E-3,9.996076226E-1,1.767942964E2,1.556000119E-1,-6.858130495E-2,1.767941997E2
6.963320619E1,2.796501987E-2,6.316962535E-4,1.342359465E-3,9.996078014E-1,1.767950269E2,1.557873420E-1,-6.805701939E-2,1.767949309E2
6.963820619E1,2.797362644E-2,6.387683679E-4,1.337218797E-3,9.996075630E-1,1.767940403E2,1.552217525E-1,-6.888224404E-2,1.767939435E2
6.964320619E1,2.798215876E-2,6.451367517E-4,1.333864871E-3,9.996073246E-1,1.767930622E2,1.548585811E-1,-6.962115058E-2,1.767929646E2
6.964820619E1,2.797580035E-2,6.409573834E-4,1.335247769E-3,9.996075034E-1,1.767937911E2,1.550031454E-1,-6.913896969E-2,1.767936941E2
6.965320619E1,2.797582156E-2,6.404129672E-4,1.335064531E-3,9.996075034E-1,1.767937887E2,1.549804122E-1,-6.907719280E-2,1.767936917E2
6.965820619E1,2.797798703E-2,6.428075721E-4,1.333161956E-3,9.996074438E-1,1.767935404E2,1.547703056E-1,-6.935725088E-2,1.767934432E2
6.966320619E1,2.797387905E-2,6.388257607E-4,1.331896405E-3,9.996075630E-1,1.767940114E2,1.546122906E-1,-6.890584079E-2,1.767939149E2
6.966820619E1,2.797997261E-2,6.433980307E-4,1.335894805E-3,9.996073842E-1,1.767933128E2,1.550853761E-1,-6.941581594E-2,1.767932153E2
6.967320619E1,2.798412456E-2,6.463238387E-4,1.336714718E-3,9.996072650E-1,1.767928369E2,1.551889660E-1,-6.974768379E-2,1.767927389E2
6.967820619E1,2.798434142E-2,6.471821107E-4,1.331750304E-3,9.996072650E-1,1.767928120E2,1.546230756E-1,-6.986188249E-2,1.767927142E2
6.968320619E1,2.797397950E-2,6.390903727E-4,1.329657971E-3,9.996075630E-1,1.767939998E2,1.543567402E-1,-6.894331138E-2,1.767939035E2
6.968820619E1,2.797590574E-2,6.404360756E-4,1.333288266E-3,9.996075034E-1,1.767937790E2,1.547770265E-1,-6.908552128E-2,1.767936822E2
6.969320619E1,2.798032763E-2,6.434898241E-4,1.328393701E-3,9.996073842E-1,1.767932721E2,1.542264671E-1,-6.945032711E-2,1.767931752E2
6.969820619E1,2.797822233E-2,6.430140929E-4,1.328114653E-3,9.996074438E-1,1.767935135E2,1.541928314E-1,-6.939705320E-2,1.767934166E2
6.970320619E1,2.797198331E-2,6.379572442E-4,1.327386010E-3,9.996076226E-1,1.767942287E2,1.540927240E-1,-6.882110623E-2,1.767941327E2
6.970820619E1,2.797639250E-2,6.405364256E-4,1.322986791E-3,9.996075034E-1,1.767937232E2,1.535973801E-1,-6.912996676E-2,1.767936271E2
6.971320619E1,2.797862963E-2,6.430870271E-4,1.319471048E-3,9.996074438E-1,1.767934668E2,1.532029958E-1,-6.943305800E-2,1.767933705E2
6.971820619E1,2.798270134E-2,6.454937393E-4,1.322259079E-3,9.996073246E-1,1.767930000E2,1.535303567E-1,-6.969917432E-2,1.767929031E2
6.972320619E1,2.797642931E-2,6.414781674E-4,1.321751392E-3,9.996075034E-1,1.767937190E2,1.534588909E-1,-6.924179508E-2,1.767936228E2
6.972820619E1,2.797210536E-2,6.378073595E-4,1.324883662E-3,9.996076226E-1,1.767942147E2,1.538056159E-1,-6.881193982E-2,1.767941189E2
6.973320619E1,2.797241547E-2,6.388010224E-4,1.317838789E-3,9.996076226E-1,1.767941791E2,1.530018544E-1,-6.894829520E-2,1.767940836E2
6.973820619E1,2.796638910E-2,6.326661096E-4,1.313057495E-3,9.996078014E-1,1.767948700E2,1.524340940E-1,-6.826180702E-2,1.767947758E2
6.974320619E1,2.796416435E-2,6.318997475E-4,1.315430738E-3,9.996078610E-1,1.767951250E2,1.527033337E-1,-6.816675688E-2,1.767950308E2
6.974820619E1,2.798093001E-2,6.449755165E-4,1.314916532E-3,9.996073842E-1,1.767932031E2,1.526875058E-1,-6.966362943E-2,1.767931068E2
6.975320619E1,2.798548421E-2,6.493346882E-4,1.306447783E-3,9.996072650E-1,1.767926810E2,1.517317354E-1,-7.018942133E-2,1.767925846E2
6.975820619E1,2.798570187E-2,6.489384687E-4,1.301974640E-3,9.996072650E-1,1.767926560E2,1.512180957E-1,-7.015834817E-2,1.767925601E2
6.976320619E1,2.798321218E-2,6.469245418E-4,1.310698455E-3,9.996073246E-1,1.767929414E2,1.522107479E-1,-6.990006133E-2,1.767928452E2
6.976820619E1,2.798936892E-2,6.518530427E-4,1.313167159E-3,9.996071458E-1,1.767922357E2,1.525097694E-1,-7.045574852E-2,1.767921384E2
6.977320619E1,2.799166820E-2,6.540243048E-4,1.308441395E-3,9.996070862E-1,1.767919721E2,1.519755754E-1,-7.071926724E-2,1.767918749E2
6.977820619E1,2.799168425E-2,6.542039337E-4,1.308008330E-3,9.996070862E-1,1.767919702E2,1.519265466E-1,-7.074122981E-2,1.767918730E2
6.978320619E1,2.799150951E-2,6.531298277E-4,1.312277396E-3,9.996070862E-1,1.767919903E2,1.524120966E-1,-7.060452737E-2,1.767918929E2
6.978820619E1,2.798724642E-2,6.493380642E-4,1.314278692E-3,9.996072054E-1,1.767924790E2,1.526288759E-1,-7.016442525E-2,1.767923821E2
6.979320619E1,2.798514054E-2,6.474365364E-4,1.314725378E-3,9.996072650E-1,1.767927204E2,1.526737960E-1,-6.994550075E-2,1.767926237E2
6.979820619E1,2.798093660E-2,6.455824478E-4,1.314478461E-3,9.996073842E-1,1.767932023E2,1.526392728E-1,-6.973455501E-2,1.767931060E2
6.980320619E1,2.798291093E-2,6.461887970E-4,1.317475457E-3,9.996073246E-1,1.767929760E2,1.529846515E-1,-6.979409829E-2,1.767928793E2
6.980820619E1,2.797648466E-2,6.411992363E-4,1.320714829E-3,9.996075034E-1,1.767937127E2,1.533392655E-1,-6.921315916E-2,1.767936166E2
6.981320619E1,2.797448385E-2,6.396732642E-4,1.318721799E-3,9.996075630E-1,1.767939420E2,1.531059394E-1,-6.904506027E-2,1.767938463E2
6.981820619E1,2.798270474E-2,6.464984617E-4,1.321696211E-3,9.996073246E-1,1.767929996E2,1.534691042E-1,-6.981606627E-2,1.767929026E2
6.982320619E1,2.798697504E-2,6.497476716E-4,1.319843461E-3,9.996072054E-1,1.767925101E2,1.532675972E-1,-7.019353864E-2,1.767924127E2
6.982820619E1,2.798288402E-2,6.461927551E-4,1.318044844E-3,9.996073246E-1,1.767929791E2,1.530498838E-1,-6.979272994E-2,1.767928824E2
6.983320619E1,2.797861861E-2,6.431345828E-4,1.319681411E-3,9.996074438E-1,1.767934680E2,1.532272439E-1,-6.943783256E-2,1.767933717E2
6.983820619E1,2.797209429E-2,6.376137608E-4,1.325210556E-3,9.996076226E-1,1.767942160E2,1.538424392E-1,-6.878871760E-2,1.767941201E2
6.984320619E1,2.798265884E-2,6.461227895E-4,1.322851051E-3,9.996073246E-1,1.767930049E2,1.536001796E-1,-6.976933814E-2,1.767929079E2
6.984820619E1,2.798733842E-2,6.508167717E-4,1.311585424E-3,9.996072054E-1,1.767924684E2,1.523251198E-1,-7.034242997E-2,1.767923715E2
6.985320619E1,2.798543176E-2,6.484017358E-4,1.308033708E-3,9.996072650E-1,1.767926870E2,1.519104024E-1,-7.007747672E-2,1.767925907E2
6.985820619E1,2.797922392E-2,6.434364477E-4,1.306636492E-3,9.996074438E-1,1.767933986E2,1.517339994E-1,-6.951414306E-2,1.767933032E2
6.986320619E1,2.798336736E-2,6.476191920E-4,1.307037077E-3,9.996073246E-1,1.767929237E2,1.517935871E-1,-6.999134867E-2,1.767928275E2
6.986820619E1,2.798799960E-2,6.511739921E-4,1.297220588E-3,9.996072054E-1,1.767923926E2,1.506808657E-1,-7.042931977E-2,1.767922966E2
6.987320619E1,2.798390199E-2,6.481751334E-4,1.295262133E-3,9.996073246E-1,1.767928624E2,1.504466248E-1,-7.009270878E-2,1.767927670E2
6.987820619E1,2.798373574E-2,6.470168009E-4,1.299426309E-3,9.996073246E-1,1.767928814E2,1.509198916E-1,-6.994669709E-2,1.767927859E2
6.988320619E1,2.798789893E-2,6.502828910E-4,1.299837022E-3,9.996072054E-1,1.767924042E2,1.509777047E-1,-7.031887073E-2,1.767923081E2
6.988820619E1,2.798144413E-2,6.462968886E-4,1.303275814E-3,9.996073842E-1,1.767931441E2,1.513583714E-1,-6.985223598E-2,1.767930485E2
6.989320619E1,2.796905739E-2,6.368172471E-4,1.299523166E-3,9.996077418E-1,1.767945641E2,1.508972666E-1,-6.878027809E-2,1.767944702E2
6.989820619E1,2.797294822E-2,6.385667366E-4,1.306596096E-3,9.996076226E-1,1.767941181E2,1.517133247E-1,-6.895741616E-2,1.767940234E2
6.990320619E1,2.797272345E-2,6.392166251E-4,1.311082859E-3,9.996076226E-1,1.767941438E2,1.522293372E-1,-6.901751033E-2,1.767940487E2
6.990820619E1,2.797274164E-2,6.381275598E-4,1.311225235E-3,9.996076226E-1,1.767941417E2,1.522421559E-1,-6.889230241E-2,1.767940468E2
6.991320619E1,2.797480084E-2,6.407827605E-4,1.311438624E-3,9.996075630E-1,1.767939057E2,1.522752534E-1,-6.919544898E-2,1.767938103E2
6.991820619E1,2.797285638E-2,6.380140549E-4,1.308830455E-3,9.996076226E-1,1.767941286E2,1.519674854E-1,-6.888695991E-2,1.767940338E2
6.992320619E1,2.797292981E-2,6.391662173E-4,1.306697144E-3,9.996076226E-1,1.767941202E2,1.517268200E-1,-6.902576353E-2,1.767940254E2
6.992820619E1,2.797276698E-2,6.387212779E-4,1.310395310E-3,9.996076226E-1,1.767941388E2,1.521489957E-1,-6.896296732E-2,1.767940439E2
6.993320619E1,2.797041525E-2,6.367731257E-4,1.316062757E-3,9.996076822E-1,1.767944084E2,1.527917771E-1,-6.872200527E-2,1.767943134E2
6.993820619E1,2.798100878E-2,6.449389621E-4,1.313257264E-3,9.996073842E-1,1.767931940E2,1.524973302E-1,-6.966475064E-2,1.767930979E2
6.994320619E1,2.799390189E-2,6.551129045E-4,1.305642421E-3,9.996070266E-1,1.767917160E2,1.516586124E-1,-7.085260200E-2,1.767916188E2
6.994820619E1,2.798145909E-2,6.462389720E-4,1.302983263E-3,9.996073842E-1,1.767931424E2,1.513246759E-1,-6.984653764E-2,1.767930468E2
6.995320619E1,2.797705182E-2,6.428983179E-4,1.307811704E-3,9.996075034E-1,1.767936476E2,1.518667399E-1,-6.944906405E-2,1.767935522E2
6.995820619E1,2.798125187E-2,6.448199274E-4,1.308126259E-3,9.996073842E-1,1.767931662E2,1.519092249E-1,-6.966753118E-2,1.767930704E2
6.996320619E1,2.798774769E-2,6.503072800E-4,1.303077210E-3,9.996072054E-1,1.767924215E2,1.513489255E-1,-7.031129513E-2,1.767923252E2
6.996820619E1,2.798158242E-2,6.461405428E-4,1.300381031E-3,9.996073842E-1,1.767931283E2,1.510262914E-1,-6.984358843E-2,1.767930328E2
6.997320619E1,2.797338458E-2,6.388220936E-4,1.297094626E-3,9.996076226E-1,1.767940680E2,1.506258098E-1,-6.901705823E-2,1.767939740E2
6.997820619E1,2.797928616E-2,6.435621763E-4,1.305241138E-3,9.996074438E-1,1.767933915E2,1.515745734E-1,-6.953300930E-2,1.767932961E2
6.998320619E1,2.797922650E-2,6.433733506E-4,1.306612394E-3,9.996074438E-1,1.767933983E2,1.517310369E-1,-6.950699238E-2,1.767933029E2
6.998820619E1,2.798334961E-2,6.468294305E-4,1.307808096E-3,9.996073246E-1,1.767929257E2,1.518793709E-1,-6.989841440E-2,1.767928296E2
6.999320619E1,2.798759353E-2,6.499415031E-4,1.306566061E-3,9.996072054E-1,1.767924392E2,1.517473782E-1,-7.025823038E-2,1.767923427E2
6.999820619E1,2.798337186E-2,6.473034737E-4,1.307097264E-3,9.996073246E-1,1.767929231E2,1.517994691E-1,-6.995499052E-2,1.767928271E2
7.000320619E1,2.797501843E-2,6.405891618E-4,1.306883642E-3,9.996075630E-1,1.767938807E2,1.517528888E-1,-6.918784212E-2,1.767937857E2
7.000820619E1,2.797093710E-2,6.379539846E-4,1.304347650E-3,9.996076822E-1,1.767943486E2,1.514536693E-1,-6.889473971E-2,1.767942542E2
7.001320619E1,2.797953722E-2,6.438862765E-4,1.299687661E-3,9.996074438E-1,1.767933627E2,1.509394969E-1,-6.958790203E-2,1.767932677E2
7.001820619E1,2.797936502E-2,6.447579945E-4,1.302958583E-3,9.996074438E-1,1.767933825E2,1.513169538E-1,-6.967729282E-2,1.767932871E2
7.002320619E1,2.797707328E-2,6.421130383E-4,1.307738479E-3,9.996075034E-1,1.767936452E2,1.518558359E-1,-6.935934444E-2,1.767935499E2
7.002820619E1,2.796861108E-2,6.361264386E-4,1.309429412E-3,9.996077418E-1,1.767946153E2,1.520297512E-1,-6.866946551E-2,1.767945208E2
7.003320619E1,2.797300078E-2,6.390244234E-4,1.305246493E-3,9.996076226E-1,1.767941120E2,1.515602027E-1,-6.901416091E-2,1.767940174E2
7.003820619E1,2.796877338E-2,6.364115397E-4,1.305819256E-3,9.996077418E-1,1.767945967E2,1.516171441E-1,-6.871366905E-2,1.767945024E2
7.004320619E1,2.796675074E-2,6.345508154E-4,1.304417150E-3,9.996078014E-1,1.767948285E2,1.514504345E-1,-6.850532964E-2,1.767947346E2
7.004820619E1,2.796862885E-2,6.349536125E-4,1.309619169E-3,9.996077418E-1,1.767946132E2,1.520477293E-1,-6.853451132E-2,1.767945189E2
7.005320619E1,2.796876973E-2,6.351717166E-4,1.306500984E-3,9.996077418E-1,1.767945971E2,1.516912597E-1,-6.856946702E-2,1.767945029E2
7.005820619E1,2.796882116E-2,6.349670002E-4,1.305498998E-3,9.996077418E-1,1.767945912E2,1.515758327E-1,-6.854922110E-2,1.767944971E2
7.006320619E1,2.796439925E-2,6.326722796E-4,1.310054795E-3,9.996078610E-1,1.767950981E2,1.520900278E-1,-6.827243962E-2,1.767950041E2
7.006820619E1,2.796204911E-2,6.304749986E-4,1.315785339E-3,9.996079206E-1,1.767953675E2,1.527392423E-1,-6.800274352E-2,1.767952734E2
7.007320619E1,2.796634114E-2,6.327431765E-4,1.314041321E-3,9.996078014E-1,1.767948755E2,1.525470319E-1,-6.826748913E-2,1.767947812E2
7.007820619E1,2.796238093E-2,6.312701153E-4,1.308331382E-3,9.996079206E-1,1.767953295E2,1.518879851E-1,-6.811765587E-2,1.767952358E2
7.008320619E1,2.796208863E-2,6.305394927E-4,1.314914320E-3,9.996079206E-1,1.767953630E2,1.526396790E-1,-6.801291609E-2,1.767952690E2
7.008820619E1,2.797059257E-2,6.360856351E-4,1.312622102E-3,9.996076822E-1,1.767943881E2,1.523954693E-1,-6.865425673E-2,1.767942934E2
7.009320619E1,2.796625372E-2,6.338545354E-4,1.315365662E-3,9.996078014E-1,1.767948855E2,1.527022869E-1,-6.839056067E-2,1.767947909E2
7.009820619E1,2.796417593E-2,6.324292044E-4,1.314930036E-3,9.996078610E-1,1.767951237E2,1.526476773E-1,-6.822900716E-2,1.767950294E2
7.010320619E1,2.796217110E-2,6.293042679E-4,1.313751796E-3,9.996079206E-1,1.767953535E2,1.525025629E-1,-6.787513772E-2,1.767952598E2
7.010820619E1,2.797233363E-2,6.372981588E-4,1.320301322E-3,9.996076226E-1,1.767941885E2,1.532791065E-1,-6.876826613E-2,1.767940931E2
7.011320619E1,2.797217595E-2,6.373712095E-4,1.323602628E-3,9.996076226E-1,1.767942066E2,1.536574841E-1,-6.876607576E-2,1.767941109E2
7.011820619E1,2.796381882E-2,6.308391457E-4,1.323261880E-3,9.996078610E-1,1.767951646E2,1.535969443E-1,-6.802022626E-2,1.767950700E2
7.012320619E1,2.797015889E-2,6.355141522E-4,1.322105876E-3,9.996076822E-1,1.767944378E2,1.534799444E-1,-6.855846361E-2,1.767943426E2
7.012820619E1,2.796796360E-2,6.343020941E-4,1.324062352E-3,9.996077418E-1,1.767946895E2,1.537000172E-1,-6.841369300E-2,1.767945943E2
7.013320619E1,2.796168717E-2,6.302152760E-4,1.323578414E-3,9.996079206E-1,1.767954090E2,1.536310580E-1,-6.794807735E-2,1.767953145E2
7.013820619E1,2.795928520E-2,6.278504734E-4,1.330410829E-3,9.996079803E-1,1.767956843E2,1.544059496E-1,-6.765567521E-2,1.767955897E2
7.014320619E1,2.796767522E-2,6.344338180E-4,1.330076950E-3,9.996077418E-1,1.767947225E2,1.543893732E-1,-6.840954934E-2,1.767946269E2
7.014820619E1,2.796791225E-2,6.347762537E-4,1.324919402E-3,9.996077418E-1,1.767946954E2,1.537997058E-1,-6.846526745E-2,1.767946000E2
7.015320619E1,2.795960676E-2,6.271150196E-4,1.323984237E-3,9.996079803E-1,1.767956475E2,1.536674685E-1,-6.759197276E-2,1.767955534E2
7.015820619E1,2.795742608E-2,6.266235723E-4,1.325264107E-3,9.996080399E-1,1.767958975E2,1.538123517E-1,-6.753191391E-2,1.767958034E2
7.016320619E1,2.796387812E-2,6.320158136E-4,1.321446034E-3,9.996078610E-1,1.767951578E2,1.533927196E-1,-6.816081944E-2,1.767950632E2
7.016820619E1,2.797223713E-2,6.370829069E-4,1.322447904E-3,9.996076226E-1,1.767941996E2,1.535242941E-1,-6.873674372E-2,1.767941040E2
7.017320619E1,2.796813467E-2,6.343517452E-4,1.320420066E-3,9.996077418E-1,1.767946699E2,1.532829755E-1,-6.843102763E-2,1.767945749E2
7.017820619E1,2.797026803E-2,6.363809807E-4,1.319377101E-3,9.996076822E-1,1.767944253E2,1.531701578E-1,-6.866648557E-2,1.767943301E2
7.018320619E1,2.796826818E-2,6.349950563E-4,1.317279064E-3,9.996077418E-1,1.767946546E2,1.529252546E-1,-6.851476327E-2,1.767945597E2
7.018820619E1,2.797031492E-2,6.363745197E-4,1.318385825E-3,9.996076822E-1,1.767944199E2,1.530565927E-1,-6.866891559E-2,1.767943248E2
7.019320619E1,2.797430855E-2,6.393671501E-4,1.322583295E-3,9.996075630E-1,1.767939621E2,1.535472683E-1,-6.899764391E-2,1.767938662E2
7.019820619E1,2.797212776E-2,6.378733087E-4,1.324378769E-3,9.996076226E-1,1.767942121E2,1.537479949E-1,-6.882110906E-2,1.767941163E2
7.020320619E1,2.797002106E-2,6.367299939E-4,1.324434765E-3,9.996076822E-1,1.767944536E2,1.537505992E-1,-6.869029073E-2,1.767943580E2
7.020820619E1,2.796174898E-2,6.295171916E-4,1.322604483E-3,9.996079206E-1,1.767954019E2,1.535172645E-1,-6.787122535E-2,1.767953075E2
7.021320619E1,2.796152448E-2,6.288270233E-4,1.327669248E-3,9.996079206E-1,1.767954276E2,1.540951908E-1,-6.777597457E-2,1.767953330E2
7.021820619E1,2.796349792E-2,6.303117261E-4,1.330276020E-3,9.996078610E-1,1.767952014E2,1.543986802E-1,-6.793738475E-2,1.767951064E2
7.022320619E1,2.796350535E-2,6.302731927E-4,1.330137951E-3,9.996078610E-1,1.767952006E2,1.543827419E-1,-6.793341216E-2,1.767951056E2
7.022820619E1,2.795934658E-2,6.276310887E-4,1.329223858E-3,9.996079803E-1,1.767956773E2,1.542692869E-1,-6.763433900E-2,1.767955828E2
7.023320619E1,2.796130229E-2,6.294170744E-4,1.332061947E-3,9.996079206E-1,1.767954531E2,1.546002366E-1,-6.782952199E-2,1.767953581E2
7.023820619E1,2.796564916E-2,6.326097646E-4,1.328750397E-3,9.996078014E-1,1.767949548E2,1.542314361E-1,-6.820517429E-2,1.767948595E2
7.024320619E1,2.795940396E-2,6.270320155E-4,1.328299288E-3,9.996079803E-1,1.767956707E2,1.541614646E-1,-6.756867063E-2,1.767955764E2
7.024820619E1,2.795307550E-2,6.227766280E-4,1.328927930E-3,9.996081591E-1,1.767963962E2,1.542194139E-1,-6.708019234E-2,1.767963025E2
7.025320619E1,2.795496555E-2,6.235729670E-4,1.333623077E-3,9.996080995E-1,1.767961795E2,1.547599066E-1,-6.715607783E-2,1.767960854E2
7.025820619E1,2.795310603E-2,6.224971148E-4,1.328416634E-3,9.996081591E-1,1.767963927E2,1.541599531E-1,-6.704980815E-2,1.767962991E2
7.026320619E1,2.794902674E-2,6.201404613E-4,1.325645251E-3,9.996082783E-1,1.767968603E2,1.538346777E-1,-6.678936659E-2,1.767967672E2
7.026820619E1,2.794260732E-2,6.135343574E-4,1.329206047E-3,9.996084571E-1,1.767975962E2,1.542209726E-1,-6.602224498E-2,1.767975039E2
7.027320619E1,2.794659277E-2,6.176572642E-4,1.333152060E-3,9.996083379E-1,1.767971394E2,1.546864442E-1,-6.648125826E-2,1.767970462E2
7.027820619E1,2.795087202E-2,6.206528051E-4,1.331432024E-3,9.996082187E-1,1.767966488E2,1.544992993E-1,-6.682923470E-2,1.767965552E2
7.028320619E1,2.795319682E-2,6.225093966E-4,1.326499158E-3,9.996081591E-1,1.767963823E2,1.539403575E-1,-6.705734323E-2,1.767962888E2
7.028820619E1,2.794500776E-2,6.163474754E-4,1.322246855E-3,9.996083975E-1,1.767973211E2,1.534329860E-1,-6.636639390E-2,1.767972288E2
7.029320619E1,2.794290140E-2,6.142000784E-4,1.322700642E-3,9.996084571E-1,1.767975625E2,1.534779495E-1,-6.611928684E-2,1.767974706E2
7.029820619E1,2.794522086E-2,6.174400332E-4,1.317223767E-3,9.996083975E-1,1.767972966E2,1.528611196E-1,-6.650759594E-2,1.767972045E2
7.030320619E1,2.794748393E-2,6.192207220E-4,1.313601970E-3,9.996083379E-1,1.767970372E2,1.524521076E-1,-6.672282123E-2,1.767969451E2
7.030820619E1,2.795970731E-2,6.272219471E-4,1.321808551E-3,9.996079803E-1,1.767956360E2,1.534185998E-1,-6.761117648E-2,1.767955420E2
7.031320619E1,2.795961366E-2,6.284944830E-4,1.323184231E-3,9.996079803E-1,1.767956467E2,1.535802509E-1,-6.775254788E-2,1.767955524E2
7.031820619E1,2.795754396E-2,6.260506343E-4,1.323046396E-3,9.996080399E-1,1.767958840E2,1.535564919E-1,-6.747337273E-2,1.767957901E2
7.032320619E1,2.794917697E-2,6.196243921E-4,1.322715892E-3,9.996082783E-1,1.767968431E2,1.534974856E-1,-6.673961171E-2,1.767967503E2
7.032820619E1,2.795315401E-2,6.233574240E-4,1.327002770E-3,9.996081591E-1,1.767963872E2,1.540007585E-1,-6.715287534E-2,1.767962935E2
7.033320619E1,2.796715218E-2,6.334286882E-4,1.341504743E-3,9.996077418E-1,1.767947825E2,1.556951341E-1,-6.825787094E-2,1.767946862E2
7.033820619E1,2.796135981E-2,6.281886599E-4,1.331434119E-3,9.996079206E-1,1.767954465E2,1.545243885E-1,-6.769081402E-2,1.767953518E2
7.034320619E1,2.795262656E-2,6.216290640E-4,1.338871079E-3,9.996081591E-1,1.767964477E2,1.553546650E-1,-6.691696172E-2,1.767963535E2
7.034820619E1,2.795521072E-2,6.236850750E-4,1.328421291E-3,9.996080995E-1,1.767961514E2,1.541644336E-1,-6.718554554E-2,1.767960576E2
7.035320619E1,2.796169241E-2,6.299114320E-4,1.323612407E-3,9.996079206E-1,1.767954084E2,1.536339785E-1,-6.791316331E-2,1.767953139E2
7.035820619E1,2.795530091E-2,6.243865937E-4,1.326191938E-3,9.996080995E-1,1.767961411E2,1.539113215E-1,-6.727303009E-2,1.767960473E2
7.036320619E1,2.795296637E-2,6.230768631E-4,1.331080915E-3,9.996081591E-1,1.767964087E2,1.544669862E-1,-6.710770352E-2,1.767963148E2
7.036820619E1,2.796356615E-2,6.300337845E-4,1.328972750E-3,9.996078610E-1,1.767951936E2,1.542485087E-1,-6.790971324E-2,1.767950987E2
7.037320619E1,2.796564719E-2,6.320053944E-4,1.329079270E-3,9.996078014E-1,1.767949550E2,1.542671704E-1,-6.813489206E-2,1.767948598E2
7.037820619E1,2.795743763E-2,6.256386405E-4,1.325485879E-3,9.996080399E-1,1.767958961E2,1.538346000E-1,-6.741838096E-2,1.767958022E2
7.038320619E1,2.795071692E-2,6.200411008E-4,1.334968256E-3,9.996082187E-1,1.767966666E2,1.549023940E-1,-6.674786336E-2,1.767965729E2
7.038820619E1,2.795044445E-2,6.206309772E-4,1.340387855E-3,9.996082187E-1,1.767966978E2,1.555250638E-1,-6.679811510E-2,1.767966037E2
7.039320619E1,2.794431630E-2,6.159495679E-4,1.336963964E-3,9.996083975E-1,1.767974003E2,1.551174659E-1,-6.627379274E-2,1.767973071E2
7.039820619E1,2.794042697E-2,6.123942439E-4,1.330739935E-3,9.996085167E-1,1.767978462E2,1.543928802E-1,-6.588707385E-2,1.767977540E2
7.040320619E1,2.795082431E-2,6.199940108E-4,1.332739717E-3,9.996082187E-1,1.767966543E2,1.546469781E-1,-6.674959078E-2,1.767965607E2
7.040820619E1,2.795248051E-2,6.214163150E-4,1.342015457E-3,9.996081591E-1,1.767964644E2,1.557141525E-1,-6.688254260E-2,1.767963700E2
7.041320619E1,2.795272052E-2,6.215267931E-4,1.336955465E-3,9.996081591E-1,1.767964369E2,1.551349159E-1,-6.691136851E-2,1.767963428E2
7.041820619E1,2.795059594E-2,6.196745089E-4,1.337668742E-3,9.996082187E-1,1.767966805E2,1.552105441E-1,-6.669724057E-2,1.767965866E2
7.042320619E1,2.795484306E-2,6.245225086E-4,1.335744630E-3,9.996080995E-1,1.767961936E2,1.550059577E-1,-6.725806727E-2,1.767960991E2
7.042820619E1,2.795680862E-2,6.256627385E-4,1.338675967E-3,9.996080399E-1,1.767959683E2,1.553455189E-1,-6.737898086E-2,1.767958734E2
7.043320619E1,2.795906551E-2,6.267721765E-4,1.335526234E-3,9.996079803E-1,1.767957095E2,1.549884336E-1,-6.751580421E-2,1.767956147E2
7.043820619E1,2.795700279E-2,6.248445134E-4,1.334997942E-3,9.996080399E-1,1.767959460E2,1.549216039E-1,-6.729700913E-2,1.767958515E2
7.044320619E1,2.795926399E-2,6.280474481E-4,1.330763451E-3,9.996079803E-1,1.767956868E2,1.544469710E-1,-6.767711148E-2,1.767955921E2
7.044820619E1,2.796378376E-2,6.302708061E-4,1.324273297E-3,9.996078610E-1,1.767951686E2,1.537109751E-1,-6.795188915E-2,1.767950741E2
7.045320619E1,2.796361856E-2,6.301795947E-4,1.327800332E-3,9.996078610E-1,1.767951876E2,1.541146826E-1,-6.793016423E-2,1.767950928E2
7.045820619E1,2.796979481E-2,6.349664181E-4,1.330047613E-3,9.996076822E-1,1.767944796E2,1.543878650E-1,-6.847032355E-2,1.767943838E2
7.046320619E1,2.797630590E-2,6.410501082E-4,1.324568293E-3,9.996075034E-1,1.767937332E2,1.537801772E-1,-6.918375046E-2,1.767936368E2
7.046820619E1,2.798502716E-2,6.475973641E-4,1.317057642E-3,9.996072650E-1,1.767927334E2,1.529414574E-1,-6.995646089E-2,1.767926366E2
7.047320619E1,2.797449257E-2,6.405021995E-4,1.318134251E-3,9.996075630E-1,1.767939410E2,1.530412957E-1,-6.914189420E-2,1.767938452E2
7.047820619E1,2.797656420E-2,6.418892881E-4,1.318693277E-3,9.996075034E-1,1.767937035E2,1.531099210E-1,-6.929867111E-2,1.767936075E2
7.048320619E1,2.798071209E-2,6.454243558E-4,1.319326228E-3,9.996073842E-1,1.767932280E2,1.531940467E-1,-6.970093625E-2,1.767931314E2
7.048820619E1,2.798503505E-2,6.484214100E-4,1.316484297E-3,9.996072650E-1,1.767927325E2,1.528784259E-1,-7.005269002E-2,1.767926356E2
7.049320619E1,2.798506253E-2,6.482437602E-4,1.315987553E-3,9.996072650E-1,1.767927293E2,1.528209576E-1,-7.003392967E-2,1.767926325E2
7.049820619E1,2.799148774E-2,6.533160922E-4,1.312648994E-3,9.996070862E-1,1.767919928E2,1.524552579E-1,-7.062467468E-2,1.767918954E2
7.050320619E1,2.799172504E-2,6.534714485E-4,1.307501458E-3,9.996070862E-1,1.767919656E2,1.518661391E-1,-7.065894585E-2,1.767918685E2
7.050820619E1,2.798341098E-2,6.467039930E-4,1.306556398E-3,9.996073246E-1,1.767929187E2,1.517355949E-1,-6.988805053E-2,1.767928227E2
7.051320619E1,2.798529031E-2,6.486831699E-4,1.310917432E-3,9.996072650E-1,1.767927032E2,1.522416166E-1,-7.010048749E-2,1.767926066E2
7.051820619E1,2.798911604E-2,6.514511770E-4,1.318744733E-3,9.996071458E-1,1.767922646E2,1.531473560E-1,-7.039186516E-2,1.767921671E2
7.052320619E1,2.798499787E-2,6.476524286E-4,1.317652641E-3,9.996072650E-1,1.767927367E2,1.530097872E-1,-6.996086469E-2,1.767926399E2
7.052820619E1,2.797861318E-2,6.432224181E-4,1.319753821E-3,9.996074438E-1,1.767934687E2,1.532358195E-1,-6.944766247E-2,1.767933723E2
7.053320619E1,2.797223471E-2,6.383049767E-4,1.321909716E-3,9.996076226E-1,1.767941999E2,1.534665638E-1,-6.887845323E-2,1.767941042E2
7.053820619E1,2.797847444E-2,6.420401041E-4,1.323266188E-3,9.996074438E-1,1.767934846E2,1.536343495E-1,-6.930099234E-2,1.767933882E2
7.054320619E1,2.797820570E-2,6.430926733E-4,1.328426995E-3,9.996074438E-1,1.767935154E2,1.542288601E-1,-6.940505546E-2,1.767934185E2
7.054820619E1,2.797208175E-2,6.369540934E-4,1.325792284E-3,9.996076226E-1,1.767942174E2,1.539069587E-1,-6.871129214E-2,1.767941216E2
7.055320619E1,2.797210432E-2,6.380099221E-4,1.324808109E-3,9.996076226E-1,1.767942148E2,1.537976107E-1,-6.883538503E-2,1.767941190E2
7.055820619E1,2.797426122E-2,6.388466572E-4,1.323835342E-3,9.996075630E-1,1.767939675E2,1.536890144E-1,-6.893401677E-2,1.767938716E2
7.056320619E1,2.796357004E-2,6.308986340E-4,1.328480430E-3,9.996078610E-1,1.767951931E2,1.541948867E-1,-6.801035589E-2,1.767950982E2
7.056820619E1,2.796130607E-2,6.284023402E-4,1.332461485E-3,9.996079206E-1,1.767954527E2,1.546427511E-1,-6.771200679E-2,1.767953578E2
7.057320619E1,2.796538198E-2,6.324974238E-4,1.334415050E-3,9.996078014E-1,1.767949854E2,1.548799263E-1,-6.817419376E-2,1.767948898E2
7.057820619E1,2.796969792E-2,6.361764390E-4,1.331506064E-3,9.996076822E-1,1.767944907E2,1.545587980E-1,-6.860426772E-2,1.767943946E2
7.058320619E1,2.796335130E-2,6.296642823E-4,1.333660446E-3,9.996078610E-1,1.767952182E2,1.547842710E-1,-6.785239961E-2,1.767951231E2
7.058820619E1,2.796945446E-2,6.351186312E-4,1.337113325E-3,9.996076822E-1,1.767945186E2,1.551976848E-1,-6.846516485E-2,1.767944223E2
7.059320619E1,2.797370936E-2,6.391883944E-4,1.335282228E-3,9.996075630E-1,1.767940308E2,1.550012769E-1,-6.893655174E-2,1.767939341E2
7.059820619E1,2.796957035E-2,6.361043779E-4,1.334217493E-3,9.996076822E-1,1.767945053E2,1.548691440E-1,-6.858734248E-2,1.767944091E2
7.060320619E1,2.796943871E-2,6.359501858E-4,1.337047550E-3,9.996076822E-1,1.767945204E2,1.551928149E-1,-6.856062991E-2,1.767944240E2
7.060820619E1,2.797573821E-2,6.400310085E-4,1.336992951E-3,9.996075034E-1,1.767937982E2,1.552000763E-1,-6.902727136E-2,1.767937012E2
7.061320619E1,2.797779206E-2,6.425635656E-4,1.337364665E-3,9.996074438E-1,1.767935628E2,1.552509169E-1,-6.931585656E-2,1.767934653E2
7.061820619E1,2.797380137E-2,6.387726171E-4,1.333552529E-3,9.996075630E-1,1.767940203E2,1.548018187E-1,-6.889445642E-2,1.767939237E2
7.062320619E1,2.795902543E-2,6.269217702E-4,1.336294925E-3,9.996079803E-1,1.767957141E2,1.550769614E-1,-6.753048302E-2,1.767956192E2
7.062820619E1,2.796062384E-2,6.285744021E-4,1.346621313E-3,9.996079206E-1,1.767955309E2,1.562652209E-1,-6.768645122E-2,1.767954350E2
7.063320619E1,2.797135263E-2,6.362782442E-4,1.341407886E-3,9.996076226E-1,1.767943010E2,1.556934607E-1,-6.858393421E-2,1.767942043E2
7.063820619E1,2.797353321E-2,6.380931591E-4,1.339489594E-3,9.996075630E-1,1.767940510E2,1.554796943E-1,-6.879763628E-2,1.767939541E2
7.064320619E1,2.797750361E-2,6.411913782E-4,1.344040851E-3,9.996074438E-1,1.767935959E2,1.560112335E-1,-6.913731751E-2,1.767934982E2
7.064820619E1,2.796684821E-2,6.321732071E-4,1.348416205E-3,9.996077418E-1,1.767948174E2,1.564827759E-1,-6.809195685E-2,1.767947208E2
7.065320619E1,2.796073677E-2,6.272596656E-4,1.344888587E-3,9.996079206E-1,1.767955179E2,1.560625373E-1,-6.754138683E-2,1.767954224E2
7.065820619E1,2.796918503E-2,6.354876678E-4,1.342562842E-3,9.996076822E-1,1.767945495E2,1.558230746E-1,-6.849001216E-2,1.767944528E2
7.066320619E1,2.798566075E-2,6.471208180E-4,1.348687452E-3,9.996072054E-1,1.767926607E2,1.565630681E-1,-6.980033973E-2,1.767925618E2
7.066820619E1,2.798339467E-2,6.461250596E-4,1.352003426E-3,9.996072650E-1,1.767929205E2,1.569395509E-1,-6.967600037E-2,1.767928215E2
7.067320619E1,2.796892968E-2,6.336740335E-4,1.348725404E-3,9.996076822E-1,1.767945787E2,1.565231461E-1,-6.826255460E-2,1.767944819E2
7.067820619E1,2.795205995E-2,6.203234079E-4,1.351248939E-3,9.996081591E-1,1.767965126E2,1.567682905E-1,-6.672784284E-2,1.767964178E2
7.068320619E1,2.795991493E-2,6.270069280E-4,1.361983712E-3,9.996079206E-1,1.767956122E2,1.580198657E-1,-6.745779091E-2,1.767955155E2
7.068820619E1,2.798304552E-2,6.461123121E-4,1.359216752E-3,9.996072650E-1,1.767929605E2,1.577657495E-1,-6.965146386E-2,1.767928610E2
7.069320619E1,2.799203477E-2,6.527717342E-4,1.346215489E-3,9.996070266E-1,1.767919301E2,1.562984855E-1,-7.045456388E-2,1.767918304E2
7.069820619E1,2.797116931E-2,6.358722458E-4,1.345417113E-3,9.996076226E-1,1.767943220E2,1.561513911E-1,-6.852460599E-2,1.767942251E2
7.070320619E1,2.795191158E-2,6.205934915E-4,1.354190870E-3,9.996081591E-1,1.767965296E2,1.571061350E-1,-6.674937983E-2,1.767964346E2
7.070820619E1,2.796231191E-2,6.290529855E-4,1.355561777E-3,9.996078610E-1,1.767953374E2,1.572909714E-1,-6.771235913E-2,1.767952409E2
7.071320619E1,2.799203446E-2,6.533091073E-4,1.345961238E-3,9.996070266E-1,1.767919301E2,1.562710857E-1,-7.051693375E-2,1.767918303E2
7.071820619E1,2.799644642E-2,6.572662387E-4,1.340795076E-3,9.996069074E-1,1.767914243E2,1.556923258E-1,-7.098609417E-2,1.767913243E2
7.072320619E1,2.798385066E-2,6.463485188E-4,1.342424541E-3,9.996072650E-1,1.767928682E2,1.558430682E-1,-6.973224299E-2,1.767927699E2
7.072820619E1,2.796496084E-2,6.308464799E-4,1.343987999E-3,9.996078014E-1,1.767950337E2,1.559711581E-1,-6.795447099E-2,1.767949377E2
7.073320619E1,2.796922779E-2,6.348160096E-4,1.341989613E-3,9.996076822E-1,1.767945446E2,1.557552630E-1,-6.841490658E-2,1.767944480E2
7.073820619E1,2.798812765E-2,6.492070388E-4,1.340646762E-3,9.996071458E-1,1.767923780E2,1.556488964E-1,-7.006471175E-2,1.767922792E2
7.074320619E1,2.799861548E-2,6.578266621E-4,1.339664217E-3,9.996068478E-1,1.767911757E2,1.555647419E-1,-7.105357926E-2,1.767910756E2
7.074820619E1,2.798188153E-2,6.458228454E-4,1.339337323E-3,9.996073246E-1,1.767930940E2,1.554876140E-1,-6.968223532E-2,1.767929959E2
7.075320619E1,2.795677855E-2,6.256020279E-4,1.339332201E-3,9.996080399E-1,1.767959717E2,1.554204919E-1,-6.736992895E-2,1.767958768E2
7.075820619E1,2.795850462E-2,6.259819493E-4,1.347584417E-3,9.996079803E-1,1.767957738E2,1.563670915E-1,-6.738673998E-2,1.767956783E2
7.076320619E1,2.798179523E-2,6.450833171E-4,1.341495081E-3,9.996073246E-1,1.767931039E2,1.557324009E-1,-6.959061927E-2,1.767930057E2
7.076820619E1,2.799059306E-2,6.518878508E-4,1.332290471E-3,9.996070862E-1,1.767920953E2,1.547004819E-1,-7.039820923E-2,1.767919968E2
7.077320619E1,2.798431561E-2,6.465037586E-4,1.332621789E-3,9.996072650E-1,1.767928150E2,1.547207242E-1,-6.978138882E-2,1.767927172E2
7.077820619E1,2.796712883E-2,6.331583136E-4,1.342119067E-3,9.996077418E-1,1.767947852E2,1.557646348E-1,-6.822493523E-2,1.767946889E2
7.078320619E1,2.796092339E-2,6.290199817E-4,1.340178191E-3,9.996079206E-1,1.767954966E2,1.555286292E-1,-6.775808901E-2,1.767954011E2
7.078820619E1,2.796747170E-2,6.345592556E-4,1.334289787E-3,9.996077418E-1,1.767947459E2,1.548723287E-1,-6.841044735E-2,1.767946499E2
7.079320619E1,2.798622227E-2,6.488099461E-4,1.336165820E-3,9.996072054E-1,1.767925964E2,1.551342115E-1,-7.003389360E-2,1.767924980E2
7.079820619E1,2.799841239E-2,6.575394073E-4,1.344042597E-3,9.996068478E-1,1.767911989E2,1.560653352E-1,-7.100665885E-2,1.767910986E2
7.080320619E1,2.797552660E-2,6.396809476E-4,1.341580297E-3,9.996075034E-1,1.767938225E2,1.557244054E-1,-6.897249954E-2,1.767937252E2
7.080820619E1,2.795720090E-2,6.249833386E-4,1.330777537E-3,9.996080399E-1,1.767959233E2,1.544386277E-1,-6.732640156E-2,1.767958291E2
7.081320619E1,2.795901577E-2,6.263002288E-4,1.336788293E-3,9.996079803E-1,1.767957152E2,1.551314830E-1,-6.745770829E-2,1.767956204E2
7.081820619E1,2.798173185E-2,6.441387814E-4,1.343269600E-3,9.996073246E-1,1.767931111E2,1.559326331E-1,-6.947674567E-2,1.767930130E2
7.082320619E1,2.798996529E-2,6.517940783E-4,1.345460070E-3,9.996070862E-1,1.767921673E2,1.562086728E-1,-7.034532335E-2,1.767920678E2
7.082820619E1,2.796918383E-2,6.345781730E-4,1.343017793E-3,9.996076822E-1,1.767945496E2,1.558722725E-1,-6.838437460E-2,1.767944530E2
7.083320619E1,2.795020831E-2,6.200491334E-4,1.345571247E-3,9.996082187E-1,1.767967249E2,1.561169261E-1,-6.671490139E-2,1.767966305E2
7.083820619E1,2.795612432E-2,6.249469589E-4,1.353221945E-3,9.996080399E-1,1.767960467E2,1.570093767E-1,-6.725049703E-2,1.767959510E2
7.084320619E1,2.797266867E-2,6.372407079E-4,1.357824542E-3,9.996075630E-1,1.767941501E2,1.575771131E-1,-6.864135207E-2,1.767940521E2
7.084820619E1,2.797699627E-2,6.409786292E-4,1.354661188E-3,9.996074438E-1,1.767936540E2,1.572270426E-1,-6.907897790E-2,1.767935556E2
7.085320619E1,2.796672639E-2,6.323501002E-4,1.350857667E-3,9.996077418E-1,1.767948313E2,1.567629965E-1,-6.810441391E-2,1.767947346E2
7.085820619E1,2.795389985E-2,6.220518262E-4,1.356476103E-3,9.996080995E-1,1.767963017E2,1.573727061E-1,-6.690879428E-2,1.767962062E2
7.086320619E1,2.795397734E-2,6.220869836E-4,1.354862121E-3,9.996080995E-1,1.767962928E2,1.571879472E-1,-6.691797946E-2,1.767961975E2
7.086820619E1,2.796054043E-2,6.277677021E-4,1.348727965E-3,9.996079206E-1,1.767955405E2,1.565039407E-1,-6.758730946E-2,1.767954446E2
7.087320619E1,2.797746097E-2,6.421075086E-4,1.344491146E-3,9.996074438E-1,1.767936007E2,1.560657477E-1,-6.924082011E-2,1.767935029E2
7.087820619E1,2.797764071E-2,6.412877701E-4,1.341137919E-3,9.996074438E-1,1.767935801E2,1.556790302E-1,-6.915764457E-2,1.767934826E2
7.088320619E1,2.796281189E-2,6.297710934E-4,1.344872755E-3,9.996078610E-1,1.767952801E2,1.560689120E-1,-6.782878925E-2,1.767951841E2
7.088820619E1,2.794387860E-2,6.148493849E-4,1.346584060E-3,9.996083975E-1,1.767974505E2,1.562158666E-1,-6.611703255E-2,1.767973569E2
7.089320619E1,2.795245759E-2,6.216718466E-4,1.342374366E-3,9.996081591E-1,1.767964670E2,1.557560814E-1,-6.691066682E-2,1.767963726E2
7.089820619E1,2.796942410E-2,6.346333539E-4,1.337978640E-3,9.996076822E-1,1.767945221E2,1.552952464E-1,-6.840680921E-2,1.767944258E2
7.090320619E1,2.797578427E-2,6.409746711E-4,1.335576293E-3,9.996075034E-1,1.767937930E2,1.550408311E-1,-6.913989922E-2,1.767936959E2
7.090820619E1,2.797148267E-2,6.362323184E-4,1.338715432E-3,9.996076226E-1,1.767942861E2,1.553849102E-1,-6.858728368E-2,1.767941895E2
7.091320619E1,2.795491032E-2,6.244995166E-4,1.334347064E-3,9.996080995E-1,1.767961859E2,1.548458017E-1,-6.725990027E-2,1.767960915E2
7.091820619E1,2.796360251E-2,6.302545662E-4,1.328102662E-3,9.996078610E-1,1.767951894E2,1.541495528E-1,-6.793778562E-2,1.767950946E2
7.092320619E1,2.797384754E-2,6.393326330E-4,1.332315034E-3,9.996075630E-1,1.767940150E2,1.546618660E-1,-6.896256419E-2,1.767939184E2
7.092820619E1,2.796934721E-2,6.358758546E-4,1.338995644E-3,9.996076822E-1,1.767945309E2,1.554157185E-1,-6.854588579E-2,1.767944344E2
7.093320619E1,2.795699805E-2,6.257969653E-4,1.334651024E-3,9.996080399E-1,1.767959465E2,1.548849168E-1,-6.740722151E-2,1.767958519E2
7.093820619E1,2.795504371E-2,6.239627837E-4,1.331801177E-3,9.996080995E-1,1.767961706E2,1.545524676E-1,-6.720655442E-2,1.767960765E2
7.094320619E1,2.796312097E-2,6.304039271E-4,1.338132890E-3,9.996078610E-1,1.767952446E2,1.552989303E-1,-6.792282744E-2,1.767951491E2
7.094820619E1,2.796948945E-2,6.350838812E-4,1.336397836E-3,9.996076822E-1,1.767945146E2,1.551156189E-1,-6.846347219E-2,1.767944184E2
7.095320619E1,2.796750527E-2,6.331019104E-4,1.334278495E-3,9.996077418E-1,1.767947420E2,1.548663666E-1,-6.824354433E-2,1.767946463E2
7.095820619E1,2.796355669E-2,6.309393211E-4,1.328742132E-3,9.996078610E-1,1.767951947E2,1.542249933E-1,-6.801417991E-2,1.767950997E2
7.096320619E1,2.796331919E-2,6.303705159E-4,1.333999913E-3,9.996078610E-1,1.767952219E2,1.548254169E-1,-6.793221346E-2,1.767951266E2
7.096820619E1,2.795489697E-2,6.233669701E-4,1.335156150E-3,9.996080995E-1,1.767961874E2,1.549348509E-1,-6.712758100E-2,1.767960932E2
7.097320619E1,2.794662583E-2,6.176068564E-4,1.332482207E-3,9.996083379E-1,1.767971356E2,1.546095553E-1,-6.647762432E-2,1.767970424E2
7.097820619E1,2.795742074E-2,6.254627369E-4,1.325924997E-3,9.996080399E-1,1.767958981E2,1.538843349E-1,-6.739682755E-2,1.767958041E2
7.098320619E1,2.796743818E-2,6.339778774E-4,1.335268491E-3,9.996077418E-1,1.767947497E2,1.549825705E-1,-6.834072095E-2,1.767946538E2
7.098820619E1,2.796716273E-2,6.339836400E-4,1.341022667E-3,9.996077418E-1,1.767947813E2,1.556416932E-1,-6.832298218E-2,1.767946850E2
7.099320619E1,2.795903375E-2,6.269508158E-4,1.336107147E-3,9.996079803E-1,1.767957132E2,1.550555456E-1,-6.753441045E-2,1.767956183E2
7.099820619E1,2.795515826E-2,6.248007994E-4,1.329000806E-3,9.996080995E-1,1.767961574E2,1.542343862E-1,-6.731149967E-2,1.767960634E2
7.100320619E1,2.796762558E-2,6.338217645E-4,1.331411768E-3,9.996077418E-1,1.767947282E2,1.545403073E-1,-6.833517030E-2,1.767946326E2
7.100820619E1,2.796947294E-2,6.360367988E-4,1.336290152E-3,9.996076822E-1,1.767945165E2,1.551063373E-1,-6.857297341E-2,1.767944201E2
7.101320619E1,2.796108372E-2,6.288063014E-4,1.336929388E-3,9.996079206E-1,1.767954782E2,1.551558150E-1,-6.774399752E-2,1.767953829E2
7.101820619E1,2.795290569E-2,6.216910551E-4,1.333001885E-3,9.996081591E-1,1.767964157E2,1.546825839E-1,-6.694281980E-2,1.767963218E2
7.102320619E1,2.796148037E-2,6.285249256E-4,1.328740967E-3,9.996079206E-1,1.767954327E2,1.542169819E-1,-6.773794302E-2,1.767953381E2
7.102820619E1,2.796537396E-2,6.319919485E-4,1.334822504E-3,9.996078014E-1,1.767949864E2,1.549249783E-1,-6.811498873E-2,1.767948908E2
7.103320619E1,2.795488517E-2,6.244457327E-4,1.334898989E-3,9.996080995E-1,1.767961887E2,1.549088490E-1,-6.725197532E-2,1.767960944E2
7.103820619E1,2.795088238E-2,6.203591474E-4,1.331351232E-3,9.996082187E-1,1.767966476E2,1.544891048E-1,-6.679585436E-2,1.767965541E2
7.104320619E1,2.795922115E-2,6.267887075E-4,1.332256244E-3,9.996079803E-1,1.767956917E2,1.546139298E-1,-6.752815066E-2,1.767955971E2
7.104820619E1,2.796124168E-2,6.291357568E-4,1.333466265E-3,9.996079206E-1,1.767954601E2,1.547601914E-1,-6.779280763E-2,1.767953650E2
7.105320619E1,2.794871026E-2,6.193849258E-4,1.332652289E-3,9.996082783E-1,1.767968966E2,1.546348714E-1,-6.668042918E-2,1.767968032E2
7.105820619E1,2.794895022E-2,6.184496451E-4,1.328046201E-3,9.996082783E-1,1.767968691E2,1.541042783E-1,-6.658801117E-2,1.767967761E2
7.106320619E1,2.795937111E-2,6.276099593E-4,1.328717684E-3,9.996079803E-1,1.767956745E2,1.542112402E-1,-6.763353670E-2,1.767955800E2
7.106820619E1,2.796327910E-2,6.309836172E-4,1.334550325E-3,9.996078610E-1,1.767952265E2,1.548904269E-1,-6.800068461E-2,1.767951311E2
7.107320619E1,2.795686782E-2,6.256196066E-4,1.337459194E-3,9.996080399E-1,1.767959615E2,1.552060071E-1,-6.737792924E-2,1.767958667E2
7.107820619E1,2.795496195E-2,6.230282015E-4,1.333953114E-3,9.996080995E-1,1.767961799E2,1.547959659E-1,-6.709262003E-2,1.767960858E2
7.108320619E1,2.796128856E-2,6.281987880E-4,1.332924818E-3,9.996079206E-1,1.767954547E2,1.546951710E-1,-6.768720865E-2,1.767953598E2
7.108820619E1,2.796520903E-2,6.313246558E-4,1.338588190E-3,9.996078014E-1,1.767950053E2,1.553541762E-1,-6.802651035E-2,1.767949095E2
7.109320619E1,2.796296338E-2,6.298994995E-4,1.341658877E-3,9.996078610E-1,1.767952627E2,1.557011940E-1,-6.785377269E-2,1.767951670E2
7.109820619E1,2.795502683E-2,6.231077714E-4,1.332555665E-3,9.996080995E-1,1.767961725E2,1.546361516E-1,-6.710620119E-2,1.767960785E2
7.110320619E1,2.795099920E-2,6.216439651E-4,1.328295912E-3,9.996082187E-1,1.767966342E2,1.541432506E-1,-6.695279426E-2,1.767965407E2
7.110820619E1,2.796134124E-2,6.283642142E-4,1.331741223E-3,9.996079206E-1,1.767954486E2,1.545601275E-1,-6.770994202E-2,1.767953538E2
7.111320619E1,2.797130984E-2,6.367396563E-4,1.342081116E-3,9.996076226E-1,1.767943059E2,1.557720532E-1,-6.863463612E-2,1.767942090E2
7.111820619E1,2.796738571E-2,6.330807228E-4,1.336792135E-3,9.996077418E-1,1.767947557E2,1.551542201E-1,-6.823307986E-2,1.767946598E2
7.112320619E1,2.796576004E-2,6.334099453E-4,1.326032798E-3,9.996078014E-1,1.767949421E2,1.539227156E-1,-6.830552439E-2,1.767948469E2
7.112820619E1,2.796734189E-2,6.327384617E-4,1.337870606E-3,9.996077418E-1,1.767947608E2,1.552766557E-1,-6.819042539E-2,1.767946648E2
7.113320619E1,2.797524539E-2,6.392003852E-4,1.347659621E-3,9.996075034E-1,1.767938547E2,1.564192130E-1,-6.889800728E-2,1.767937571E2
7.113820619E1,2.797513551E-2,6.398537080E-4,1.349629019E-3,9.996075034E-1,1.767938673E2,1.566468883E-1,-6.896654686E-2,1.767937695E2
7.114320619E1,2.796739816E-2,6.341031403E-4,1.336046844E-3,9.996077418E-1,1.767947543E2,1.550721272E-1,-6.835258103E-2,1.767946583E2
7.114820619E1,2.795908106E-2,6.275656051E-4,1.334827975E-3,9.996079803E-1,1.767957077E2,1.549109935E-1,-6.760892361E-2,1.767956129E2
7.115320619E1,2.795649408E-2,6.250866572E-4,1.345496508E-3,9.996080399E-1,1.767960043E2,1.561249240E-1,-6.729119074E-2,1.767959091E2
7.115820619E1,2.796891871E-2,6.347304443E-4,1.348456251E-3,9.996076822E-1,1.767945800E2,1.564957009E-1,-6.838442729E-2,1.767944830E2
7.116320619E1,2.796317271E-2,6.310948520E-4,1.336725196E-3,9.996078610E-1,1.767952387E2,1.551399009E-1,-6.800647342E-2,1.767951431E2
7.116820619E1,2.795089720E-2,6.214255700E-4,1.330542611E-3,9.996082187E-1,1.767966459E2,1.543998967E-1,-6.692059729E-2,1.767965523E2
7.117320619E1,2.795470343E-2,6.227032281E-4,1.339510898E-3,9.996080995E-1,1.767962096E2,1.554315345E-1,-6.703763125E-2,1.767961152E2
7.117820619E1,2.795666655E-2,6.252644234E-4,1.341825235E-3,9.996080399E-1,1.767959845E2,1.557049721E-1,-6.732328798E-2,1.767958895E2
7.118320619E1,2.796960613E-2,6.345836446E-4,1.334191649E-3,9.996076822E-1,1.767945012E2,1.548613116E-1,-6.841322488E-2,1.767944052E2
7.118820619E1,2.796345576E-2,6.309613236E-4,1.330854138E-3,9.996078610E-1,1.767952062E2,1.544669808E-1,-6.800994792E-2,1.767951111E2
7.119320619E1,2.795499991E-2,6.236428162E-4,1.332870102E-3,9.996080995E-1,1.767961756E2,1.546738818E-1,-6.716648566E-2,1.767960815E2
7.119820619E1,2.794626336E-2,6.165252416E-4,1.340560848E-3,9.996083379E-1,1.767971771E2,1.555314509E-1,-6.632791311E-2,1.767970836E2
7.120320619E1,2.795030237E-2,6.191268330E-4,1.344041317E-3,9.996082187E-1,1.767967141E2,1.559387293E-1,-6.661414055E-2,1.767966199E2
7.120820619E1,2.796142418E-2,6.290856982E-4,1.329657738E-3,9.996079206E-1,1.767954391E2,1.543237883E-1,-6.779924877E-2,1.767953444E2
7.121320619E1,2.796167158E-2,6.288359873E-4,1.324563404E-3,9.996079206E-1,1.767954108E2,1.537394646E-1,-6.778693065E-2,1.767953164E2
7.121820619E1,2.795283946E-2,6.226490950E-4,1.333943103E-3,9.996081591E-1,1.767964233E2,1.547934621E-1,-6.704955539E-2,1.767963292E2
7.122320619E1,2.794841327E-2,6.178814801E-4,1.339560840E-3,9.996082783E-1,1.767969307E2,1.554213896E-1,-6.648613402E-2,1.767968370E2
7.122820619E1,2.796106385E-2,6.291801692E-4,1.337168971E-3,9.996079206E-1,1.767954804E2,1.551844551E-1,-6.778605824E-2,1.767953851E2
7.123320619E1,2.796763152E-2,6.332540652E-4,1.331557170E-3,9.996077418E-1,1.767947276E2,1.545551436E-1,-6.826967532E-2,1.767946320E2
7.123820619E1,2.795733641E-2,6.250705337E-4,1.327886595E-3,9.996080399E-1,1.767959077E2,1.541077677E-1,-6.734563044E-2,1.767958137E2
7.124320619E1,2.794625221E-2,6.168533000E-4,1.340642222E-3,9.996083379E-1,1.767971784E2,1.555418220E-1,-6.636523225E-2,1.767970848E2
7.124820619E1,2.795876344E-2,6.267952267E-4,1.341824420E-3,9.996079803E-1,1.767957442E2,1.557099248E-1,-6.749831238E-2,1.767956489E2
7.125320619E1,2.796319218E-2,6.306545110E-4,1.336525660E-3,9.996078610E-1,1.767952365E2,1.551156349E-1,-6.795667022E-2,1.767951410E2
7.125820619E1,2.796964286E-2,6.363290595E-4,1.332589192E-3,9.996076822E-1,1.767944970E2,1.546833523E-1,-6.861828677E-2,1.767944009E2
7.126320619E1,2.795915865E-2,6.276362110E-4,1.333168475E-3,9.996079803E-1,1.767956989E2,1.547211343E-1,-6.762231626E-2,1.767956041E2
7.126820619E1,2.795908743E-2,6.267025019E-4,1.335099922E-3,9.996079803E-1,1.767957070E2,1.549393790E-1,-6.750918571E-2,1.767956123E2
7.127320619E1,2.796563683E-2,6.321921828E-4,1.329208491E-3,9.996078014E-1,1.767949562E2,1.542825702E-1,-6.815587553E-2,1.767948610E2
7.127820619E1,2.796783634E-2,6.340705440E-4,1.326858299E-3,9.996077418E-1,1.767947041E2,1.540195334E-1,-6.837822834E-2,1.767946087E2
7.128320619E1,2.796777922E-2,6.336456281E-4,1.328264480E-3,9.996077418E-1,1.767947106E2,1.541792412E-1,-6.832505768E-2,1.767946152E2
7.128820619E1,2.795700288E-2,6.258441135E-4,1.334527857E-3,9.996080399E-1,1.767959460E2,1.548709598E-1,-6.741301603E-2,1.767958514E2
7.129320619E1,2.795716977E-2,6.257175701E-4,1.331086503E-3,9.996080399E-1,1.767959269E2,1.544763691E-1,-6.740952029E-2,1.767958325E2
7.129820619E1,2.796128345E-2,6.291028112E-4,1.332605607E-3,9.996079206E-1,1.767954553E2,1.546615029E-1,-6.779178510E-2,1.767953603E2
7.130320619E1,2.796968622E-2,6.358131068E-4,1.331925392E-3,9.996076822E-1,1.767944920E2,1.546056653E-1,-6.856130702E-2,1.767943960E2
7.130820619E1,2.795919936E-2,6.278679357E-4,1.332205255E-3,9.996079803E-1,1.767956942E2,1.546115457E-1,-6.765193940E-2,1.767955994E2
7.131320619E1,2.795273722E-2,6.226868136E-4,1.336066285E-3,9.996081591E-1,1.767964350E2,1.550367802E-1,-6.704709068E-2,1.767963408E2
7.131820619E1,2.795477566E-2,6.239169743E-4,1.337437076E-3,9.996080995E-1,1.767962013E2,1.551978778E-1,-6.718329406E-2,1.767961068E2
7.132320619E1,2.796728270E-2,6.338134990E-4,1.338598784E-3,9.996077418E-1,1.767947675E2,1.553635078E-1,-6.831124275E-2,1.767946714E2
7.132820619E1,2.796945105E-2,6.350412150E-4,1.337221358E-3,9.996076822E-1,1.767945190E2,1.552098114E-1,-6.845595135E-2,1.767944227E2
7.133320619E1,2.795288210E-2,6.213899469E-4,1.333636697E-3,9.996081591E-1,1.767964184E2,1.547543336E-1,-6.690629903E-2,1.767963245E2
7.133820619E1,2.794220882E-2,6.128224777E-4,1.337883528E-3,9.996084571E-1,1.767976419E2,1.552126459E-1,-6.591297736E-2,1.767975492E2
7.134320619E1,2.795049634E-2,6.207110710E-4,1.339268289E-3,9.996082187E-1,1.767966919E2,1.553970810E-1,-6.681086746E-2,1.767965978E2
7.134820619E1,2.796722246E-2,6.335780490E-4,1.339968177E-3,9.996077418E-1,1.767947744E2,1.555196088E-1,-6.827989333E-2,1.767946783E2
7.135320619E1,2.796338089E-2,6.302138208E-4,1.332779997E-3,9.996078610E-1,1.767952148E2,1.546851814E-1,-6.791816419E-2,1.767951197E2
7.135820619E1,2.795261352E-2,6.219799398E-4,1.338980510E-3,9.996081591E-1,1.767964492E2,1.553683230E-1,-6.695680488E-2,1.767963549E2
7.136320619E1,2.794389130E-2,6.148994435E-4,1.346297679E-3,9.996083975E-1,1.767974490E2,1.561832236E-1,-6.612368168E-2,1.767973554E2
7.136820619E1,2.795442641E-2,6.229965365E-4,1.345144003E-3,9.996080995E-1,1.767962413E2,1.560777104E-1,-6.705322652E-2,1.767961465E2
7.137320619E1,2.796910476E-2,6.343105342E-4,1.344789751E-3,9.996076822E-1,1.767945587E2,1.560743815E-1,-6.834805046E-2,1.767944620E2
7.137820619E1,2.796501043E-2,6.307634176E-4,1.342994743E-3,9.996078014E-1,1.767950280E2,1.558571210E-1,-6.794813178E-2,1.767949321E2
7.138320619E1,2.794598413E-2,6.161793717E-4,1.346527482E-3,9.996083379E-1,1.767972091E2,1.562137845E-1,-6.626923032E-2,1.767971153E2
7.138820619E1,2.793521607E-2,6.073354743E-4,1.352729043E-3,9.996086359E-1,1.767984435E2,1.568951277E-1,-6.523802077E-2,1.767983507E2
7.139320619E1,2.794986621E-2,6.201184005E-4,1.352626947E-3,9.996082187E-1,1.767967641E2,1.569253340E-1,-6.670029031E-2,1.767966692E2
7.139820619E1,2.797321075E-2,6.378099206E-4,1.346341101E-3,9.996075630E-1,1.767940880E2,1.562635828E-1,-6.874327927E-2,1.767939907E2
7.140320619E1,2.796692215E-2,6.335761864E-4,1.346222358E-3,9.996077418E-1,1.767948089E2,1.562359793E-1,-6.825968284E-2,1.767947123E2
7.140820619E1,2.794600588E-2,6.158289616E-4,1.346236328E-3,9.996083379E-1,1.767972066E2,1.561793128E-1,-6.623002100E-2,1.767971129E2
7.141320619E1,2.793927454E-2,6.107368390E-4,1.355467830E-3,9.996085167E-1,1.767979783E2,1.572200032E-1,-6.561823019E-2,1.767978847E2
7.141820619E1,2.795793985E-2,6.249700091E-4,1.359716873E-3,9.996079803E-1,1.767958386E2,1.577535466E-1,-6.723204346E-2,1.767957424E2
7.142320619E1,2.797508670E-2,6.384460139E-4,1.351306448E-3,9.996075034E-1,1.767938729E2,1.568345161E-1,-6.879993040E-2,1.767937752E2
7.142820619E1,2.797110911E-2,6.369597395E-4,1.346154022E-3,9.996076226E-1,1.767943289E2,1.562392837E-1,-6.864682208E-2,1.767942317E2
7.143320619E1,2.795007593E-2,6.188817788E-4,1.348854508E-3,9.996082187E-1,1.767967401E2,1.564892656E-1,-6.657068935E-2,1.767966456E2
7.143820619E1,2.793719467E-2,6.093429402E-4,1.355008222E-3,9.996085763E-1,1.767982167E2,1.571627572E-1,-6.546036217E-2,1.767981234E2
7.144320619E1,2.794368710E-2,6.136054872E-4,1.351117855E-3,9.996083975E-1,1.767974725E2,1.567312029E-1,-6.596005993E-2,1.767973787E2
7.144820619E1,2.796483670E-2,6.309497403E-4,1.346520032E-3,9.996078014E-1,1.767950479E2,1.562615172E-1,-6.795820425E-2,1.767949517E2
7.145320619E1,2.797535761E-2,6.390341441E-4,1.345406985E-3,9.996075034E-1,1.767938419E2,1.561606553E-1,-6.888616896E-2,1.767937444E2
7.145820619E1,2.795014372E-2,6.198229967E-4,1.347016310E-3,9.996082187E-1,1.767967323E2,1.562817250E-1,-6.668437979E-2,1.767966378E2
7.146320619E1,2.791871923E-2,5.945862504E-4,1.346592559E-3,9.996091127E-1,1.768003347E2,1.561503435E-1,-6.379986000E-2,1.768002443E2
7.146820619E1,2.792697234E-2,6.005985197E-4,1.349768951E-3,9.996088743E-1,1.767993886E2,1.565339585E-1,-6.447709143E-2,1.767992970E2
7.147320619E1,2.796054071E-2,6.274004118E-4,1.348893042E-3,9.996079206E-1,1.767955404E2,1.565216729E-1,-6.754470861E-2,1.767954446E2
7.147820619E1,2.796704575E-2,6.336036022E-4,1.343639335E-3,9.996077418E-1,1.767947947E2,1.559401983E-1,-6.827108221E-2,1.767946983E2
7.148320619E1,2.793985143E-2,6.116128643E-4,1.343125594E-3,9.996085167E-1,1.767979122E2,1.558090801E-1,-6.575800226E-2,1.767978193E2
7.148820619E1,2.790814597E-2,5.872182082E-4,1.347767771E-3,9.996094108E-1,1.768015468E2,1.562607206E-1,-6.295376730E-2,1.768014575E2
7.149320619E1,2.791442196E-2,5.905736471E-4,1.348952181E-3,9.996092319E-1,1.768008273E2,1.564075206E-1,-6.333335229E-2,1.768007374E2
7.149820619E1,2.794806550E-2,6.172194844E-4,1.347100479E-3,9.996082783E-1,1.767969705E2,1.562828888E-1,-6.638621139E-2,1.767968765E2
7.150320619E1,2.797138658E-2,6.364050787E-4,1.340639661E-3,9.996076226E-1,1.767942971E2,1.556058718E-1,-6.860091984E-2,1.767942004E2
7.150820619E1,2.795447528E-2,6.235826295E-4,1.343856100E-3,9.996080995E-1,1.767962357E2,1.559320660E-1,-6.712447962E-2,1.767961409E2
7.151320619E1,2.792046286E-2,5.963949952E-4,1.353867585E-3,9.996090531E-1,1.768001348E2,1.569895750E-1,-6.398349678E-2,1.768000436E2
7.151820619E1,2.791819405E-2,5.935649970E-4,1.357884146E-3,9.996091127E-1,1.768003949E2,1.574404605E-1,-6.364683574E-2,1.768003039E2
7.152320619E1,2.795139244E-2,6.201908109E-4,1.365047414E-3,9.996081591E-1,1.767965891E2,1.583483944E-1,-6.666856118E-2,1.767964934E2
7.152820619E1,2.798677209E-2,6.479608128E-4,1.369243488E-3,9.996071458E-1,1.767925333E2,1.589204688E-1,-6.983045788E-2,1.767924328E2
7.153320619E1,2.797244412E-2,6.370251067E-4,1.362543437E-3,9.996075630E-1,1.767941759E2,1.581169412E-1,-6.860156463E-2,1.767940776E2
7.153820619E1,2.792194952E-2,5.967421457E-4,1.366999350E-3,9.996089935E-1,1.767999644E2,1.584949857E-1,-6.398101037E-2,1.767998723E2
7.154320619E1,2.790287829E-2,5.818305071E-4,1.370563870E-3,9.996095300E-1,1.768021506E2,1.588543875E-1,-6.226455544E-2,1.768020608E2
7.154820619E1,2.793416874E-2,6.057133432E-4,1.374902786E-3,9.996086359E-1,1.767985636E2,1.594298022E-1,-6.498139458E-2,1.767984696E2
7.155320619E1,2.798476481E-2,6.469187210E-4,1.367247314E-3,9.996072054E-1,1.767927635E2,1.586883311E-1,-6.971781052E-2,1.767926632E2
7.155820619E1,2.798056414E-2,6.435992545E-4,1.367631485E-3,9.996073246E-1,1.767932450E2,1.587213993E-1,-6.933701197E-2,1.767931453E2
7.156320619E1,2.792807735E-2,6.020586006E-4,1.370241749E-3,9.996088147E-1,1.767992619E2,1.588838010E-1,-6.457864444E-2,1.767991688E2
7.156820619E1,2.789631554E-2,5.758524057E-4,1.376253553E-3,9.996097088E-1,1.768029030E2,1.594866038E-1,-6.156263696E-2,1.768028137E2
7.157320619E1,2.791934610E-2,5.936044035E-4,1.377910725E-3,9.996090531E-1,1.768002628E2,1.597346454E-1,-6.358709483E-2,1.768001706E2
7.157820619E1,2.796969775E-2,6.344014546E-4,1.376348664E-3,9.996076226E-1,1.767944907E2,1.596896889E-1,-6.825722011E-2,1.767943919E2
7.158320619E1,2.797409785E-2,6.376641104E-4,1.371988445E-3,9.996075034E-1,1.767939863E2,1.592009995E-1,-6.864422092E-2,1.767938872E2
7.158820619E1,2.793024786E-2,6.027473137E-4,1.369180041E-3,9.996087551E-1,1.767990131E2,1.587645302E-1,-6.466058746E-2,1.767989199E2
7.159320619E1,2.789452175E-2,5.741742789E-4,1.370006707E-3,9.996097684E-1,1.768031086E2,1.587655705E-1,-6.139066746E-2,1.768030200E2
7.159820619E1,2.790926577E-2,5.865346757E-4,1.368918689E-3,9.996093512E-1,1.768014184E2,1.586813806E-1,-6.280764964E-2,1.768013279E2
7.160320619E1,2.795751302E-2,6.243833923E-4,1.368732541E-3,9.996079803E-1,1.767958875E2,1.587843555E-1,-6.713603146E-2,1.767957908E2
7.160820619E1,2.798509843E-2,6.468499778E-4,1.360434340E-3,9.996072054E-1,1.767927252E2,1.579077292E-1,-6.973173219E-2,1.767926255E2
7.161320619E1,2.794326330E-2,6.140627083E-4,1.359648188E-3,9.996083975E-1,1.767975210E2,1.577097629E-1,-6.598518408E-2,1.767974267E2
7.161820619E1,2.788866972E-2,5.709879333E-4,1.359971939E-3,9.996099472E-1,1.768037794E2,1.576055733E-1,-6.105868104E-2,1.768036920E2
7.162320619E1,2.789278350E-2,5.733955186E-4,1.362211886E-3,9.996098280E-1,1.768033079E2,1.578701001E-1,-6.132665410E-2,1.768032199E2
7.162820619E1,2.794138021E-2,6.121962215E-4,1.355361543E-3,9.996084571E-1,1.767977369E2,1.572126396E-1,-6.578540681E-2,1.767976431E2
7.163320619E1,2.797530261E-2,6.387789035E-4,1.346671255E-3,9.996075034E-1,1.767938482E2,1.563046514E-1,-6.885288756E-2,1.767937507E2
7.163820619E1,2.794810186E-2,6.172272842E-4,1.346342498E-3,9.996082783E-1,1.767969664E2,1.561960919E-1,-6.638952674E-2,1.767968724E2
7.164320619E1,2.790371656E-2,5.824987893E-4,1.353102387E-3,9.996095300E-1,1.768020545E2,1.568564146E-1,-6.239680708E-2,1.768019656E2
7.164820619E1,2.788896920E-2,5.704451469E-4,1.354045351E-3,9.996099472E-1,1.768037451E2,1.569249832E-1,-6.101540029E-2,1.768036581E2
7.165320619E1,2.791856624E-2,5.949173355E-4,1.349614933E-3,9.996091127E-1,1.768003522E2,1.564975971E-1,-6.382813909E-2,1.768002616E2
7.165820619E1,2.796272197E-2,6.296155625E-4,1.346813748E-3,9.996078610E-1,1.767952904E2,1.562907422E-1,-6.780476804E-2,1.767951943E2
7.166320619E1,2.796255913E-2,6.302050897E-4,1.349915285E-3,9.996078610E-1,1.767953090E2,1.566478918E-1,-6.786238339E-2,1.767952127E2
7.166820619E1,2.792068659E-2,5.968811456E-4,1.349030761E-3,9.996090531E-1,1.768001091E2,1.564371010E-1,-6.405462437E-2,1.768000182E2
7.167320619E1,2.788922132E-2,5.722539499E-4,1.348076039E-3,9.996099472E-1,1.768037162E2,1.562470121E-1,-6.124163115E-2,1.768036293E2
7.167820619E1,2.791638146E-2,5.919997348E-4,1.351942308E-3,9.996091723E-1,1.768006027E2,1.567547174E-1,-6.348683384E-2,1.768005123E2
7.168320619E1,2.796456077E-2,6.312111509E-4,1.352116466E-3,9.996078014E-1,1.767950796E2,1.569033904E-1,-6.797025675E-2,1.767949829E2
7.168820619E1,2.797928106E-2,6.428830675E-4,1.350546489E-3,9.996073842E-1,1.767933921E2,1.567619811E-1,-6.930995839E-2,1.767932937E2
7.169320619E1,2.794380752E-2,6.142002530E-4,1.348354155E-3,9.996083975E-1,1.767974587E2,1.564165421E-1,-6.603701950E-2,1.767973650E2
7.169820619E1,2.791206050E-2,5.888712476E-4,1.354381442E-3,9.996092916E-1,1.768010980E2,1.570238313E-1,-6.312135142E-2,1.768010080E2
7.170320619E1,2.790990348E-2,5.868294975E-4,1.355727087E-3,9.996093512E-1,1.768013453E2,1.571713043E-1,-6.288351045E-2,1.768012555E2
7.170820619E1,2.794573272E-2,6.156298914E-4,1.351985498E-3,9.996083379E-1,1.767972380E2,1.568372072E-1,-6.618884946E-2,1.767971438E2
7.171320619E1,2.797082593E-2,6.364778965E-4,1.352252206E-3,9.996076226E-1,1.767943614E2,1.569362476E-1,-6.857212621E-2,1.767942639E2
7.171820619E1,2.796222371E-2,6.296045613E-4,1.357124303E-3,9.996078610E-1,1.767953475E2,1.574717155E-1,-6.777054732E-2,1.767952508E2
7.172320619E1,2.792228000E-2,5.963972653E-4,1.360383583E-3,9.996089935E-1,1.767999265E2,1.577360869E-1,-6.396262185E-2,1.767998349E2
7.172820619E1,2.790134470E-2,5.811353331E-4,1.358555164E-3,9.996095896E-1,1.768023264E2,1.574765067E-1,-6.222356520E-2,1.768022374E2
7.173320619E1,2.793283696E-2,6.064779591E-4,1.358186593E-3,9.996086955E-1,1.767987163E2,1.575173735E-1,-6.512269918E-2,1.767986232E2
7.173820619E1,2.797055537E-2,6.357314996E-4,1.358186593E-3,9.996076226E-1,1.767943924E2,1.576136021E-1,-6.846765001E-2,1.767942946E2
7.174320619E1,2.796843644E-2,6.335324724E-4,1.358981244E-3,9.996076822E-1,1.767946353E2,1.576974334E-1,-6.821354604E-2,1.767945378E2
7.174820619E1,2.793489758E-2,6.080404273E-4,1.358975191E-3,9.996086359E-1,1.767984801E2,1.576128412E-1,-6.529882566E-2,1.767983867E2
7.175320619E1,2.790758299E-2,5.854824558E-4,1.360123744E-3,9.996094108E-1,1.768016113E2,1.576704744E-1,-6.271551514E-2,1.768015215E2
7.175820619E1,2.792429502E-2,5.989280762E-4,1.361708157E-3,9.996089339E-1,1.767996955E2,1.578960408E-1,-6.424796150E-2,1.767996034E2
7.176320619E1,2.795810507E-2,6.262837560E-4,1.355709275E-3,9.996079803E-1,1.767958196E2,1.572987091E-1,-6.739534251E-2,1.767957235E2
7.176820619E1,2.797075369E-2,6.349277683E-4,1.354473177E-3,9.996076226E-1,1.767943696E2,1.571856791E-1,-6.838745668E-2,1.767942722E2
7.177320619E1,2.795391169E-2,6.218978087E-4,1.356302644E-3,9.996080995E-1,1.767963003E2,1.573523443E-1,-6.689170588E-2,1.767962049E2
7.177820619E1,2.792028375E-2,5.963729927E-4,1.357565867E-3,9.996090531E-1,1.768001553E2,1.574131204E-1,-6.396917186E-2,1.768000639E2
7.178320619E1,2.791418190E-2,5.903434358E-4,1.354011125E-3,9.996092319E-1,1.768008548E2,1.569862561E-1,-6.329083722E-2,1.768007646E2
7.178820619E1,2.794534930E-2,6.147376262E-4,1.360291382E-3,9.996083379E-1,1.767972819E2,1.577857381E-1,-6.606010482E-2,1.767971874E2
7.179320619E1,2.797685673E-2,6.406509783E-4,1.357694506E-3,9.996074438E-1,1.767936700E2,1.575734395E-1,-6.903174369E-2,1.767935715E2
7.179820619E1,2.796460590E-2,6.301263347E-4,1.351689105E-3,9.996078014E-1,1.767950744E2,1.568509640E-1,-6.784735713E-2,1.767949780E2
7.180320619E1,2.793111605E-2,6.036565173E-4,1.350947539E-3,9.996087551E-1,1.767989136E2,1.566790181E-1,-6.482295388E-2,1.767988214E2
7.180820619E1,2.792034832E-2,5.961238639E-4,1.356346882E-3,9.996090531E-1,1.768001479E2,1.572726963E-1,-6.394452497E-2,1.768000567E2
7.181320619E1,2.793496634E-2,6.067882641E-4,1.358121168E-3,9.996086359E-1,1.767984722E2,1.575110113E-1,-6.515811751E-2,1.767983791E2
7.181820619E1,2.796451411E-2,6.303086993E-4,1.353501691E-3,9.996078014E-1,1.767950849E2,1.570591684E-1,-6.786245218E-2,1.767949883E2
7.182320619E1,2.798135282E-2,6.438108394E-4,1.351298415E-3,9.996073246E-1,1.767931546E2,1.568512307E-1,-6.941349553E-2,1.767930560E2
7.182820619E1,2.795205647E-2,6.211836007E-4,1.350925770E-3,9.996081591E-1,1.767965130E2,1.567340277E-1,-6.682741079E-2,1.767964181E2
7.183320619E1,2.792287546E-2,5.976366228E-4,1.347557059E-3,9.996089935E-1,1.767998582E2,1.562708506E-1,-6.414553488E-2,1.767997673E2
7.183820619E1,2.794388786E-2,6.139760371E-4,1.346790465E-3,9.996083975E-1,1.767974494E2,1.562367134E-1,-6.601633104E-2,1.767973559E2
7.184320619E1,2.797134738E-2,6.359662511E-4,1.341665396E-3,9.996076226E-1,1.767943016E2,1.557219572E-1,-6.854737185E-2,1.767942049E2
7.184820619E1,2.797345951E-2,6.379152182E-4,1.341112540E-3,9.996075630E-1,1.767940595E2,1.556650221E-1,-6.877206267E-2,1.767939625E2
7.185320619E1,2.796327588E-2,6.311961915E-4,1.334517263E-3,9.996078610E-1,1.767952269E2,1.548873208E-1,-6.802514074E-2,1.767951314E2
7.185820619E1,2.794657255E-2,6.170723354E-4,1.333846711E-3,9.996083379E-1,1.767971417E2,1.547641396E-1,-6.641203507E-2,1.767970485E2
7.186320619E1,2.793586385E-2,6.080451421E-4,1.338962815E-3,9.996086359E-1,1.767983693E2,1.553205620E-1,-6.536327920E-2,1.767982772E2
7.186820619E1,2.795050274E-2,6.206182297E-4,1.339177717E-3,9.996082187E-1,1.767966911E2,1.553864093E-1,-6.680052191E-2,1.767965971E2
7.187320619E1,2.797569539E-2,6.397307152E-4,1.338032191E-3,9.996075034E-1,1.767938031E2,1.553181522E-1,-6.898954875E-2,1.767937061E2
7.187820619E1,2.796743158E-2,6.333895726E-4,1.335685840E-3,9.996077418E-1,1.767947505E2,1.550284905E-1,-6.827199605E-2,1.767946546E2
7.188320619E1,2.793987604E-2,6.122163613E-4,1.342338393E-3,9.996085167E-1,1.767979093E2,1.557208427E-1,-6.582964747E-2,1.767978164E2
7.188820619E1,2.793996553E-2,6.110284594E-4,1.341016497E-3,9.996085167E-1,1.767978991E2,1.555656258E-1,-6.569779567E-2,1.767978064E2
7.189320619E1,2.795279089E-2,6.228276761E-4,1.334877219E-3,9.996081591E-1,1.767964288E2,1.549010311E-1,-6.706702657E-2,1.767963347E2
7.189820619E1,2.797361688E-2,6.382616120E-4,1.337660709E-3,9.996075630E-1,1.767940414E2,1.552707470E-1,-6.882278173E-2,1.767939446E2
7.190320619E1,2.797800164E-2,6.412755465E-4,1.333593042E-3,9.996074438E-1,1.767935388E2,1.548147740E-1,-6.918037815E-2,1.767934418E2
7.190820619E1,2.795503103E-2,6.246996927E-4,1.331721782E-3,9.996080995E-1,1.767961720E2,1.545457331E-1,-6.729122120E-2,1.767960778E2
7.191320619E1,2.793828887E-2,6.107013323E-4,1.331634587E-3,9.996085763E-1,1.767980913E2,1.544897986E-1,-6.569062228E-2,1.767979993E2
7.191820619E1,2.794438927E-2,6.153623108E-4,1.335708657E-3,9.996083975E-1,1.767973920E2,1.549717986E-1,-6.621053290E-2,1.767972990E2
7.192320619E1,2.796322510E-2,6.306756986E-4,1.335826819E-3,9.996078610E-1,1.767952327E2,1.550356549E-1,-6.796133148E-2,1.767951372E2
7.192820619E1,2.797792783E-2,6.418654812E-4,1.334857079E-3,9.996074438E-1,1.767935472E2,1.549614519E-1,-6.924391192E-2,1.767934501E2
7.193320619E1,2.796120516E-2,6.279490190E-4,1.334790722E-3,9.996079206E-1,1.767954642E2,1.549080986E-1,-6.765263258E-2,1.767953693E2
7.193820619E1,2.794390222E-2,6.148896646E-4,1.346075558E-3,9.996083975E-1,1.767974478E2,1.561577497E-1,-6.612327111E-2,1.767973542E2
7.194320619E1,2.794567493E-2,6.160607445E-4,1.352983527E-3,9.996083379E-1,1.767972446E2,1.569529044E-1,-6.623501521E-2,1.767971503E2
7.194820619E1,2.796253032E-2,6.298088701E-4,1.350696781E-3,9.996078610E-1,1.767953123E2,1.567361381E-1,-6.781449808E-2,1.767952160E2
7.195320619E1,2.797733273E-2,6.417690893E-4,1.347318175E-3,9.996074438E-1,1.767936154E2,1.563884812E-1,-6.919301170E-2,1.767935174E2
7.195820619E1,2.797113515E-2,6.366708549E-4,1.345749595E-3,9.996076226E-1,1.767943259E2,1.561920336E-1,-6.861502359E-2,1.767942288E2
7.196320619E1,2.794585456E-2,6.165839732E-4,1.349029131E-3,9.996083379E-1,1.767972240E2,1.565016280E-1,-6.630758491E-2,1.767971299E2
7.196820619E1,2.793536878E-2,6.072637043E-4,1.349604107E-3,9.996086359E-1,1.767984260E2,1.565369559E-1,-6.523977949E-2,1.767983334E2
7.197320619E1,2.794364411E-2,6.147483364E-4,1.351487357E-3,9.996083975E-1,1.767974774E2,1.567771853E-1,-6.608979307E-2,1.767973834E2
7.197820619E1,2.797076063E-2,6.365957670E-4,1.353546628E-3,9.996076226E-1,1.767943688E2,1.570848930E-1,-6.858148910E-2,1.767942712E2
7.198320619E1,2.797727253E-2,6.406350876E-4,1.349106780E-3,9.996074438E-1,1.767936223E2,1.565897202E-1,-6.905739069E-2,1.767935244E2
7.198820619E1,2.794595001E-2,6.161779747E-4,1.347236219E-3,9.996083379E-1,1.767972130E2,1.562949614E-1,-6.626680592E-2,1.767971191E2
7.199320619E1,2.791441270E-2,5.916535738E-4,1.348670572E-3,9.996092319E-1,1.768008284E2,1.563787172E-1,-6.345795673E-2,1.768007383E2
7.199820619E1,2.792468021E-2,5.996853579E-4,1.353450585E-3,9.996089339E-1,1.767996513E2,1.569526087E-1,-6.436106929E-2,1.767995597E2
7.200320619E1,2.796258243E-2,6.300116656E-4,1.349522849E-3,9.996078610E-1,1.767953064E2,1.566023212E-1,-6.784148117E-2,1.767952101E2
7.200820619E1,2.798567862E-2,6.480109878E-4,1.347888960E-3,9.996072054E-1,1.767926587E2,1.564744595E-1,-6.990486362E-2,1.767925597E2
7.201320619E1,2.795225015E-2,6.213299930E-4,1.346844831E-3,9.996081591E-1,1.767964908E2,1.562670505E-1,-6.685722119E-2,1.767963961E2
7.201820619E1,2.791456254E-2,5.909057218E-4,1.345894299E-3,9.996092319E-1,1.768008112E2,1.560583205E-1,-6.338115015E-2,1.768007214E2
7.202320619E1,2.791865423E-2,5.944522563E-4,1.347998739E-3,9.996091127E-1,1.768003421E2,1.563109845E-1,-6.378002272E-2,1.768002517E2
7.202820619E1,2.795185667E-2,6.203667144E-4,1.355427550E-3,9.996081591E-1,1.767965359E2,1.572470628E-1,-6.671945063E-2,1.767964408E2
7.203320619E1,2.797729989E-2,6.403173320E-4,1.348690246E-3,9.996074438E-1,1.767936192E2,1.565409906E-1,-6.902232401E-2,1.767935213E2
7.203820619E1,2.796294757E-2,6.293233018E-4,1.342258649E-3,9.996078610E-1,1.767952645E2,1.557680484E-1,-6.778585172E-2,1.767951688E2
7.204320619E1,2.792305158E-2,5.991240032E-4,1.343240147E-3,9.996089935E-1,1.767998380E2,1.557811320E-1,-6.432969541E-2,1.767997471E2
7.204820619E1,2.790792052E-2,5.853062612E-4,1.353256637E-3,9.996094108E-1,1.768015726E2,1.568833250E-1,-6.271724110E-2,1.768014833E2
7.205320619E1,2.793087296E-2,6.049741642E-4,1.355376793E-3,9.996087551E-1,1.767989414E2,1.571905778E-1,-6.495974727E-2,1.767988488E2
7.205820619E1,2.796902118E-2,6.349770701E-4,1.346212812E-3,9.996076822E-1,1.767945682E2,1.562395194E-1,-6.841985189E-2,1.767944714E2
7.206320619E1,2.797536372E-2,6.401865394E-4,1.344731892E-3,9.996075034E-1,1.767938412E2,1.560870206E-1,-6.902033522E-2,1.767937436E2
7.206820619E1,2.792912192E-2,6.024065660E-4,1.348627731E-3,9.996088147E-1,1.767991422E2,1.564091610E-1,-6.468751319E-2,1.767990504E2
7.207320619E1,2.790987262E-2,5.880095996E-4,1.355851186E-3,9.996093512E-1,1.768013488E2,1.571892920E-1,-6.301829534E-2,1.768012589E2
7.207820619E1,2.794774607E-2,6.171968998E-4,1.353721833E-3,9.996082783E-1,1.767970072E2,1.570412513E-1,-6.636246831E-2,1.767969127E2
7.208320619E1,2.797746231E-2,6.414012751E-4,1.344800228E-3,9.996074438E-1,1.767936006E2,1.560988879E-1,-6.915893230E-2,1.767935028E2
7.208820619E1,2.797313809E-2,6.370834890E-4,1.348193502E-3,9.996075630E-1,1.767940963E2,1.564734358E-1,-6.865414231E-2,1.767939990E2
7.209320619E1,2.794784727E-2,6.173965521E-4,1.351539744E-3,9.996082783E-1,1.767969955E2,1.567919458E-1,-6.639231046E-2,1.767969012E2
7.209820619E1,2.793525356E-2,6.075424026E-4,1.351861749E-3,9.996086359E-1,1.767984392E2,1.567964467E-1,-6.526449426E-2,1.767983464E2
7.210320619E1,2.793764077E-2,6.090680254E-4,1.345903496E-3,9.996085763E-1,1.767981656E2,1.561189873E-1,-6.545795035E-2,1.767980729E2
7.210820619E1,2.796293071E-2,6.297444343E-4,1.342412434E-3,9.996078610E-1,1.767952664E2,1.557870124E-1,-6.783360087E-2,1.767951707E2
7.211320619E1,2.797328177E-2,6.378212711E-4,1.344859251E-3,9.996075630E-1,1.767940798E2,1.560938827E-1,-6.874931855E-2,1.767939826E2
7.211820619E1,2.795824540E-2,6.250803708E-4,1.353368512E-3,9.996079803E-1,1.767958035E2,1.570267356E-1,-6.726497618E-2,1.767957078E2
7.212320619E1,2.792466114E-2,5.998018314E-4,1.353792381E-3,9.996089339E-1,1.767996535E2,1.569921318E-1,-6.437332020E-2,1.767995618E2
7.212820619E1,2.793760918E-2,6.093811826E-4,1.346417470E-3,9.996085763E-1,1.767981692E2,1.561788620E-1,-6.549218093E-2,1.767980764E2
7.213320619E1,2.796290116E-2,6.302331458E-4,1.342798583E-3,9.996078610E-1,1.767952698E2,1.558328088E-1,-6.788834837E-2,1.767951740E2
7.213820619E1,2.797120161E-2,6.356474478E-4,1.344851684E-3,9.996076226E-1,1.767943183E2,1.560859046E-1,-6.850066350E-2,1.767942214E2
7.214320619E1,2.796040003E-2,6.273058825E-4,1.351849758E-3,9.996079206E-1,1.767955565E2,1.568600432E-1,-6.752442893E-2,1.767954606E2
7.214820619E1,2.796036449E-2,6.267513381E-4,1.352841733E-3,9.996079206E-1,1.767955606E2,1.569718916E-1,-6.745773489E-2,1.767954647E2
7.215320619E1,2.795207776E-2,6.214503665E-4,1.350362436E-3,9.996081591E-1,1.767965106E2,1.566703555E-1,-6.685976903E-2,1.767964156E2
7.215820619E1,2.794403197E-2,6.147497334E-4,1.343443291E-3,9.996083975E-1,1.767974329E2,1.558557920E-1,-6.611565135E-2,1.767973395E2
7.216320619E1,2.794598953E-2,6.155953743E-4,1.346682548E-3,9.996083379E-1,1.767972085E2,1.562296768E-1,-6.620183789E-2,1.767971147E2
7.216820619E1,2.796038177E-2,6.268472644E-4,1.352440100E-3,9.996079206E-1,1.767955586E2,1.569261943E-1,-6.747000709E-2,1.767954627E2
7.217320619E1,2.795206201E-2,6.206833641E-4,1.351041021E-3,9.996081591E-1,1.767965124E2,1.567456273E-1,-6.676974030E-2,1.767964175E2
7.217820619E1,2.794599827E-2,6.157042808E-4,1.346451347E-3,9.996083379E-1,1.767972075E2,1.562035428E-1,-6.621505182E-2,1.767971137E2
7.218320619E1,2.794402154E-2,6.148862885E-4,1.343597774E-3,9.996083975E-1,1.767974341E2,1.558739242E-1,-6.613080023E-2,1.767973407E2
7.218820619E1,2.795004194E-2,6.202938966E-4,1.348910271E-3,9.996082187E-1,1.767967440E2,1.565001740E-1,-6.673226950E-2,1.767966493E2
7.219320619E1,2.795412132E-2,6.219929783E-4,1.351931482E-3,9.996080995E-1,1.767962763E2,1.568519599E-1,-6.691657684E-2,1.767961812E2
7.219820619E1,2.795417908E-2,6.223729579E-4,1.350561506E-3,9.996080995E-1,1.767962697E2,1.566962546E-1,-6.696448177E-2,1.767961746E2
7.220320619E1,2.794808680E-2,6.177322939E-4,1.346423524E-3,9.996082783E-1,1.767969681E2,1.562069896E-1,-6.644711679E-2,1.767968740E2
7.220820619E1,2.793114861E-2,6.045541377E-4,1.349872444E-3,9.996087551E-1,1.767989098E2,1.565587445E-1,-6.492920940E-2,1.767988176E2
7.221320619E1,2.792053770E-2,5.964526208E-4,1.352297841E-3,9.996090531E-1,1.768001262E2,1.568099546E-1,-6.399510833E-2,1.768000351E2
7.221820619E1,2.793749703E-2,6.096065626E-4,1.348640653E-3,9.996085763E-1,1.767981821E2,1.564342352E-1,-6.551089748E-2,1.767980891E2
7.222320619E1,2.795236718E-2,6.222510128E-4,1.343987766E-3,9.996081591E-1,1.767964774E2,1.559427407E-1,-6.697185443E-2,1.767963827E2
7.222820619E1,2.794854665E-2,6.187660620E-4,1.336365822E-3,9.996082783E-1,1.767969154E2,1.550582521E-1,-6.659767211E-2,1.767968218E2
7.223320619E1,2.792746160E-2,6.020833389E-4,1.338941045E-3,9.996088743E-1,1.767993325E2,1.552984380E-1,-6.468174910E-2,1.767992414E2
7.223820619E1,2.792302593E-2,5.984641612E-4,1.344067277E-3,9.996089935E-1,1.767998410E2,1.558737643E-1,-6.425146994E-2,1.767997501E2
7.224320619E1,2.794175892E-2,6.136848824E-4,1.346854377E-3,9.996084571E-1,1.767976935E2,1.562429614E-1,-6.598310832E-2,1.767976000E2
7.224820619E1,2.795687288E-2,6.255478365E-4,1.337387017E-3,9.996080399E-1,1.767959609E2,1.551975098E-1,-6.736993867E-2,1.767958662E2
7.225320619E1,2.795702346E-2,6.256707129E-4,1.334178029E-3,9.996080399E-1,1.767959436E2,1.548303339E-1,-6.739427113E-2,1.767958491E2
7.225820619E1,2.794208361E-2,6.131735863E-4,1.340335468E-3,9.996084571E-1,1.767976563E2,1.554946242E-1,-6.594536398E-2,1.767975633E2
7.226320619E1,2.792903953E-2,6.030632649E-4,1.350039733E-3,9.996088147E-1,1.767991516E2,1.565729981E-1,-6.475822966E-2,1.767990596E2
7.226820619E1,2.794003845E-2,6.117624580E-4,1.339161186E-3,9.996085167E-1,1.767978907E2,1.553554605E-1,-6.578780177E-2,1.767977981E2
7.227320619E1,2.795304632E-2,6.223500823E-4,1.329741324E-3,9.996081591E-1,1.767963995E2,1.543112173E-1,-6.702873191E-2,1.767963058E2
7.227820619E1,2.795690157E-2,6.255829940E-4,1.336770598E-3,9.996080399E-1,1.767959576E2,1.551270154E-1,-6.737593622E-2,1.767958629E2
7.228320619E1,2.795250582E-2,6.212852313E-4,1.341548865E-3,9.996081591E-1,1.767964615E2,1.556602875E-1,-6.686901806E-2,1.767963672E2
7.228820619E1,2.793380718E-2,6.075521815E-4,1.337596099E-3,9.996086955E-1,1.767986051E2,1.551622962E-1,-6.531150668E-2,1.767985132E2
7.229320619E1,2.793819668E-2,6.099672173E-4,1.333903288E-3,9.996085763E-1,1.767981019E2,1.547473150E-1,-6.559928262E-2,1.767980098E2
7.229820619E1,2.795479460E-2,6.228653365E-4,1.337531488E-3,9.996080995E-1,1.767961991E2,1.552053246E-1,-6.706252704E-2,1.767961048E2
7.230320619E1,2.797132946E-2,6.359051331E-4,1.342067844E-3,9.996076226E-1,1.767943036E2,1.557678592E-1,-6.853908378E-2,1.767942069E2
7.230820619E1,2.796723704E-2,6.328860763E-4,1.339990878E-3,9.996077418E-1,1.767947728E2,1.555199923E-1,-6.820055516E-2,1.767946767E2
7.231320619E1,2.794014047E-2,6.122007035E-4,1.336830319E-3,9.996085167E-1,1.767978790E2,1.550898767E-1,-6.584544848E-2,1.767977864E2
7.231820619E1,2.793630327E-2,6.093864213E-4,1.329149003E-3,9.996086359E-1,1.767983189E2,1.542007423E-1,-6.554826762E-2,1.767982273E2
7.232320619E1,2.796348116E-2,6.303408882E-4,1.330614439E-3,9.996078610E-1,1.767952033E2,1.544375374E-1,-6.793964330E-2,1.767951083E2
7.232820619E1,2.798014044E-2,6.434780080E-4,1.332336338E-3,9.996073842E-1,1.767932936E2,1.546780330E-1,-6.943636086E-2,1.767931963E2
7.233320619E1,2.797591141E-2,6.400605198E-4,1.333349734E-3,9.996075034E-1,1.767937784E2,1.547828637E-1,-6.904230469E-2,1.767936816E2
7.233820619E1,2.794880260E-2,6.191428984E-4,1.330827014E-3,9.996082783E-1,1.767968860E2,1.544250226E-1,-6.665853743E-2,1.767967928E2
7.234320619E1,2.794672236E-2,6.179058109E-4,1.330317347E-3,9.996083379E-1,1.767971245E2,1.543625411E-1,-6.651878674E-2,1.767970315E2
7.234820619E1,2.797188387E-2,6.370125338E-4,1.329932595E-3,9.996076226E-1,1.767942401E2,1.543813922E-1,-6.870474524E-2,1.767941440E2
7.235320619E1,2.798458477E-2,6.481494056E-4,1.326154452E-3,9.996072650E-1,1.767927841E2,1.539852077E-1,-6.999059051E-2,1.767926865E2
7.235820619E1,2.797627896E-2,6.407887558E-4,1.325263525E-3,9.996075034E-1,1.767937362E2,1.538589741E-1,-6.915158870E-2,1.767936399E2
7.236320619E1,2.795537755E-2,6.248391001E-4,1.324362122E-3,9.996080995E-1,1.767961323E2,1.537031766E-1,-6.733071330E-2,1.767960386E2
7.236820619E1,2.794669301E-2,6.175604649E-4,1.331094070E-3,9.996083379E-1,1.767971279E2,1.544504044E-1,-6.647674552E-2,1.767970348E2
7.237320619E1,2.795293379E-2,6.225788966E-4,1.331997919E-3,9.996081591E-1,1.767964124E2,1.545704288E-1,-6.704773073E-2,1.767963185E2
7.237820619E1,2.796782285E-2,6.337100058E-4,1.327314880E-3,9.996077418E-1,1.767947056E2,1.540706768E-1,-6.833546864E-2,1.767946103E2
7.238320619E1,2.796609123E-2,6.334313657E-4,1.319019124E-3,9.996078014E-1,1.767949041E2,1.531194123E-1,-6.833040429E-2,1.767948094E2
7.238820619E1,2.795331531E-2,6.223799428E-4,1.324060722E-3,9.996081591E-1,1.767963687E2,1.536606354E-1,-6.705030754E-2,1.767962754E2
7.239320619E1,2.794261338E-2,6.147923996E-4,1.328497194E-3,9.996084571E-1,1.767975955E2,1.541438046E-1,-6.616861846E-2,1.767975031E2
7.239820619E1,2.795297392E-2,6.221096846E-4,1.331374748E-3,9.996081591E-1,1.767964078E2,1.544975460E-1,-6.699597403E-2,1.767963141E2
7.240320619E1,2.797197939E-2,6.370333722E-4,1.327912090E-3,9.996076226E-1,1.767942291E2,1.541500231E-1,-6.871359408E-2,1.767941332E2
7.240820619E1,2.797418313E-2,6.392366486E-4,1.325296238E-3,9.996075630E-1,1.767939765E2,1.538576003E-1,-6.897401777E-2,1.767938804E2
7.241320619E1,2.796798349E-2,6.345656002E-4,1.323515782E-3,9.996077418E-1,1.767946872E2,1.536382553E-1,-6.844562543E-2,1.767945920E2
7.241820619E1,2.795516055E-2,6.240395014E-4,1.329310471E-3,9.996080995E-1,1.767961572E2,1.542674186E-1,-6.722330314E-2,1.767960632E2
7.242320619E1,2.794885809E-2,6.195762544E-4,1.329459134E-3,9.996082783E-1,1.767968797E2,1.542697278E-1,-6.671254941E-2,1.767967864E2
7.242820619E1,2.796568798E-2,6.332393386E-4,1.327633043E-3,9.996078014E-1,1.767949504E2,1.541054670E-1,-6.828086472E-2,1.767948551E2
7.243320619E1,2.797828396E-2,6.417197292E-4,1.327442238E-3,9.996074438E-1,1.767935064E2,1.541116625E-1,-6.925093459E-2,1.767934098E2
7.243820619E1,2.797164497E-2,6.362114800E-4,1.335329842E-3,9.996076226E-1,1.767942675E2,1.549970457E-1,-6.859572371E-2,1.767941712E2
7.244320619E1,2.795689258E-2,6.260222290E-4,1.336753136E-3,9.996080399E-1,1.767959586E2,1.551264219E-1,-6.742630647E-2,1.767958639E2
7.244820619E1,2.795922445E-2,6.277251523E-4,1.331745996E-3,9.996079803E-1,1.767956913E2,1.545584832E-1,-6.763705162E-2,1.767955966E2
7.245320619E1,2.797817441E-2,6.421741564E-4,1.329529914E-3,9.996074438E-1,1.767935190E2,1.543522487E-1,-6.929631115E-2,1.767934221E2
7.245820619E1,2.796932586E-2,6.351843476E-4,1.339769457E-3,9.996076822E-1,1.767945333E2,1.555021383E-1,-6.846419912E-2,1.767944369E2
7.246320619E1,2.796102580E-2,6.281552487E-4,1.338445931E-3,9.996079206E-1,1.767954848E2,1.553274401E-1,-6.766457130E-2,1.767953896E2
7.246820619E1,2.796956035E-2,6.353298086E-4,1.334796078E-3,9.996076822E-1,1.767945064E2,1.549329356E-1,-6.849676526E-2,1.767944103E2
7.247320619E1,2.797807673E-2,6.423406303E-4,1.331503619E-3,9.996074438E-1,1.767935302E2,1.545788575E-1,-6.930906726E-2,1.767934332E2
7.247820619E1,2.796526472E-2,6.315345527E-4,1.337325317E-3,9.996078014E-1,1.767949989E2,1.552101944E-1,-6.805459178E-2,1.767949032E2
7.248320619E1,2.796316295E-2,6.299843662E-4,1.337452908E-3,9.996078610E-1,1.767952398E2,1.552196987E-1,-6.787694059E-2,1.767951444E2
7.248820619E1,2.796733294E-2,6.340689142E-4,1.337427762E-3,9.996077418E-1,1.767947618E2,1.552301929E-1,-6.834424493E-2,1.767946657E2
7.249320619E1,2.797172965E-2,6.369666080E-4,1.333194203E-3,9.996076226E-1,1.767942578E2,1.547548414E-1,-6.868905358E-2,1.767941615E2
7.249820619E1,2.796090423E-2,6.288122968E-4,1.340675168E-3,9.996079206E-1,1.767954987E2,1.555848895E-1,-6.773270997E-2,1.767954033E2
7.250320619E1,2.796289434E-2,6.296800566E-4,1.343199867E-3,9.996078610E-1,1.767952706E2,1.558770017E-1,-6.782370903E-2,1.767951748E2
7.250820619E1,2.796941883E-2,6.359709078E-4,1.337453490E-3,9.996076822E-1,1.767945227E2,1.552393792E-1,-6.856170552E-2,1.767944263E2
7.251320619E1,2.797388582E-2,6.389525370E-4,1.331693376E-3,9.996075630E-1,1.767940106E2,1.545894412E-1,-6.892101238E-2,1.767939141E2
7.251820619E1,2.796726970E-2,6.339600659E-4,1.338801114E-3,9.996077418E-1,1.767947690E2,1.553871529E-1,-6.832738507E-2,1.767946729E2
7.252320619E1,2.797131964E-2,6.364009460E-4,1.342037460E-3,9.996076226E-1,1.767943048E2,1.557659675E-1,-6.859597640E-2,1.767942080E2
7.252820619E1,2.797167471E-2,6.362097338E-4,1.334707602E-3,9.996076226E-1,1.767942641E2,1.549257665E-1,-6.859751361E-2,1.767941678E2
7.253320619E1,2.796556031E-2,6.325828726E-4,1.330631902E-3,9.996078014E-1,1.767949650E2,1.544468643E-1,-6.819607793E-2,1.767948696E2
7.253820619E1,2.797123729E-2,6.369994953E-4,1.343469135E-3,9.996076226E-1,1.767943142E2,1.559318745E-1,-6.865996200E-2,1.767942172E2
7.254320619E1,2.797310753E-2,6.382275023E-4,1.348286401E-3,9.996075630E-1,1.767940998E2,1.564877425E-1,-6.878489217E-2,1.767940023E2
7.254820619E1,2.797566316E-2,6.392906653E-4,1.338916016E-3,9.996075034E-1,1.767938068E2,1.554179785E-1,-6.893631409E-2,1.767937098E2
7.255320619E1,2.797154847E-2,6.363436114E-4,1.337286900E-3,9.996076226E-1,1.767942785E2,1.552216376E-1,-6.860460072E-2,1.767941821E2
7.255820619E1,2.796717601E-2,6.332729245E-4,1.341081457E-3,9.996077418E-1,1.767947798E2,1.556461504E-1,-6.824138161E-2,1.767946836E2
7.256320619E1,2.797132074E-2,6.361270789E-4,1.342144329E-3,9.996076226E-1,1.767943046E2,1.557773312E-1,-6.856426312E-2,1.767942079E2
7.256820619E1,2.797581197E-2,6.402704166E-4,1.335333916E-3,9.996075034E-1,1.767937898E2,1.550108117E-1,-6.906000199E-2,1.767936928E2
7.257320619E1,2.796966357E-2,6.357143866E-4,1.332447864E-3,9.996076822E-1,1.767944946E2,1.546651948E-1,-6.854832784E-2,1.767943986E2
7.257820619E1,2.795043721E-2,6.197766052E-4,1.340934075E-3,9.996082187E-1,1.767966986E2,1.555848946E-1,-6.669850120E-2,1.767966046E2
7.258320619E1,2.793811879E-2,6.105896900E-4,1.335249282E-3,9.996085763E-1,1.767981108E2,1.549034825E-1,-6.566628761E-2,1.767980186E2
7.258820619E1,2.795119795E-2,6.213689921E-4,1.324236044E-3,9.996082187E-1,1.767966114E2,1.536773376E-1,-6.693427040E-2,1.767965182E2
7.259320619E1,2.795516291E-2,6.233038730E-4,1.329605817E-3,9.996080995E-1,1.767961569E2,1.542988929E-1,-6.713809283E-2,1.767960631E2
7.259820619E1,2.794214177E-2,6.137348246E-4,1.338865142E-3,9.996084571E-1,1.767976496E2,1.553280039E-1,-6.601435096E-2,1.767975566E2
7.260320619E1,2.793820802E-2,6.105329958E-4,1.333406894E-3,9.996085763E-1,1.767981006E2,1.546922667E-1,-6.566567819E-2,1.767980085E2
7.260820619E1,2.794494439E-2,6.158634787E-4,1.323810779E-3,9.996083975E-1,1.767973283E2,1.536105745E-1,-6.630595516E-2,1.767972360E2
7.261320619E1,2.795310307E-2,6.224839017E-4,1.328485203E-3,9.996081591E-1,1.767963930E2,1.541677649E-1,-6.704807544E-2,1.767962994E2
7.261820619E1,2.794442862E-2,6.150927511E-4,1.335009350E-3,9.996083975E-1,1.767973875E2,1.548908344E-1,-6.618188901E-2,1.767972945E2
7.262320619E1,2.793659426E-2,6.095082499E-4,1.322962693E-3,9.996086359E-1,1.767982856E2,1.534925282E-1,-6.558198261E-2,1.767981943E2
7.262820619E1,2.793474284E-2,6.088371156E-4,1.317317830E-3,9.996086955E-1,1.767984978E2,1.528436562E-1,-6.552346086E-2,1.767984070E2
7.263320619E1,2.793250708E-2,6.066916394E-4,1.320483861E-3,9.996087551E-1,1.767987541E2,1.531993011E-1,-6.526791115E-2,1.767986635E2
7.263820619E1,2.793654260E-2,6.095801364E-4,1.324020093E-3,9.996086359E-1,1.767982915E2,1.536138770E-1,-6.558683976E-2,1.767982002E2
7.264320619E1,2.793268989E-2,6.068793591E-4,1.316524576E-3,9.996087551E-1,1.767987331E2,1.527463897E-1,-6.530205927E-2,1.767986427E2
7.264820619E1,2.793664350E-2,6.096602883E-4,1.321852324E-3,9.996086359E-1,1.767982799E2,1.533658287E-1,-6.560294529E-2,1.767981887E2
7.265320619E1,2.793393648E-2,6.069754600E-4,1.335155568E-3,9.996086955E-1,1.767985902E2,1.548809029E-1,-6.525323739E-2,1.767984986E2
7.265820619E1,2.792364676E-2,5.997950211E-4,1.330507803E-3,9.996089935E-1,1.767997698E2,1.543248655E-1,-6.444720793E-2,1.767996796E2
7.266320619E1,2.791984610E-2,5.966069293E-4,1.322112745E-3,9.996091127E-1,1.768002055E2,1.533527906E-1,-6.410946875E-2,1.768001163E2
7.266820619E1,2.793221575E-2,6.067033391E-4,1.326626632E-3,9.996087551E-1,1.767987875E2,1.539029555E-1,-6.524963363E-2,1.767986964E2
7.267320619E1,2.793396419E-2,6.065371563E-4,1.334774890E-3,9.996086955E-1,1.767985871E2,1.548358961E-1,-6.520424542E-2,1.767984955E2
7.267820619E1,2.792356465E-2,5.994294770E-4,1.332394429E-3,9.996089935E-1,1.767997792E2,1.545397979E-1,-6.439931169E-2,1.767996890E2
7.268320619E1,2.792799740E-2,6.027771160E-4,1.327403355E-3,9.996088743E-1,1.767992711E2,1.539790852E-1,-6.479806109E-2,1.767991806E2
7.268820619E1,2.793395519E-2,6.076270365E-4,1.334467437E-3,9.996086955E-1,1.767985881E2,1.548041667E-1,-6.533007324E-2,1.767984964E2
7.269320619E1,2.791915525E-2,5.956841051E-4,1.337033580E-3,9.996091127E-1,1.768002847E2,1.550589312E-1,-6.395613056E-2,1.768001947E2
7.269820619E1,2.792153096E-2,5.969970371E-4,1.331388135E-3,9.996090531E-1,1.768000124E2,1.544166155E-1,-6.412421772E-2,1.767999225E2
7.270320619E1,2.793428399E-2,6.073546247E-4,1.327691600E-3,9.996086955E-1,1.767985504E2,1.540271643E-1,-6.532050875E-2,1.767984592E2
7.270820619E1,2.793199739E-2,6.060200976E-4,1.331527485E-3,9.996087551E-1,1.767988125E2,1.544621321E-1,-6.515571718E-2,1.767987213E2
7.271320619E1,2.791302581E-2,5.911448388E-4,1.333333435E-3,9.996092916E-1,1.768009874E2,1.546201779E-1,-6.344895847E-2,1.768008983E2
7.271820619E1,2.792171533E-2,5.976397661E-4,1.327226521E-3,9.996090531E-1,1.767999912E2,1.539419833E-1,-6.421112764E-2,1.767999016E2
7.272320619E1,2.793639296E-2,6.092569674E-4,1.327321981E-3,9.996086359E-1,1.767983086E2,1.539910538E-1,-6.553927424E-2,1.767982171E2
7.272820619E1,2.791743679E-2,5.937924143E-4,1.329172286E-3,9.996091723E-1,1.768004817E2,1.541522811E-1,-6.376485981E-2,1.768003925E2
7.273320619E1,2.790481127E-2,5.834535114E-4,1.329916995E-3,9.996095300E-1,1.768019290E2,1.542037169E-1,-6.258013672E-2,1.768018414E2
7.273820619E1,2.792187258E-2,5.985193420E-4,1.323516946E-3,9.996090531E-1,1.767999732E2,1.535198872E-1,-6.432372557E-2,1.767998836E2
7.274320619E1,2.792569860E-2,6.012549275E-4,1.331565320E-3,9.996089339E-1,1.767995346E2,1.544508053E-1,-6.461073452E-2,1.767994441E2
7.274820619E1,2.791280538E-2,5.905640428E-4,1.338196453E-3,9.996092916E-1,1.768010126E2,1.551753504E-1,-6.336690907E-2,1.768009234E2
7.275320619E1,2.792753854E-2,6.014456740E-4,1.337622176E-3,9.996088743E-1,1.767993237E2,1.551453296E-1,-6.461291554E-2,1.767992327E2
7.275820619E1,2.794016705E-2,6.115532015E-4,1.336571178E-3,9.996085167E-1,1.767978760E2,1.550581214E-1,-6.577210483E-2,1.767977835E2
7.276320619E1,2.791887490E-2,5.948962644E-4,1.343223965E-3,9.996091127E-1,1.768003168E2,1.557654829E-1,-6.384612414E-2,1.768002266E2
7.276820619E1,2.791457145E-2,5.918843090E-4,1.345279277E-3,9.996092319E-1,1.768008102E2,1.559910026E-1,-6.349521017E-2,1.768007203E2
7.277320619E1,2.793370031E-2,6.069023511E-4,1.340120682E-3,9.996086955E-1,1.767986173E2,1.554493923E-1,-6.522900597E-2,1.767985254E2
7.277820619E1,2.792719911E-2,6.020473666E-4,1.344420831E-3,9.996088743E-1,1.767993626E2,1.559259990E-1,-6.466013232E-2,1.767992711E2
7.278320619E1,2.790597167E-2,5.849586450E-4,1.349563012E-3,9.996094704E-1,1.768017960E2,1.564589970E-1,-6.268954041E-2,1.768017070E2
7.278820619E1,2.791877045E-2,5.944786244E-4,1.345577766E-3,9.996091127E-1,1.768003288E2,1.560337609E-1,-6.379077047E-2,1.768002385E2
7.279320619E1,2.792726869E-2,6.024562172E-4,1.342791482E-3,9.996088743E-1,1.767993546E2,1.557406750E-1,-6.471216843E-2,1.767992632E2
7.279820619E1,2.791033233E-2,5.885522696E-4,1.346117700E-3,9.996093512E-1,1.768012961E2,1.560761145E-1,-6.311151558E-2,1.768012067E2
7.280320619E1,2.791026283E-2,5.885598366E-4,1.347554615E-3,9.996093512E-1,1.768013041E2,1.562407287E-1,-6.310779741E-2,1.768012146E2
7.280820619E1,2.792710205E-2,6.015045801E-4,1.346678240E-3,9.996088743E-1,1.767993737E2,1.561828351E-1,-6.459074863E-2,1.767992822E2
7.281320619E1,2.792083110E-2,5.964087322E-4,1.346245990E-3,9.996090531E-1,1.768000926E2,1.561166114E-1,-6.400939843E-2,1.768000019E2
7.281820619E1,2.790799878E-2,5.862272810E-4,1.351242419E-3,9.996094108E-1,1.768015636E2,1.566555528E-1,-6.282917042E-2,1.768014743E2
7.282320619E1,2.792494299E-2,5.999046843E-4,1.347920392E-3,9.996089339E-1,1.767996212E2,1.563198603E-1,-6.440384811E-2,1.767995299E2
7.282820619E1,2.793561872E-2,6.076003774E-4,1.344268559E-3,9.996086359E-1,1.767983974E2,1.559268791E-1,-6.529538575E-2,1.767983051E2
7.283320619E1,2.791879667E-2,5.948927719E-4,1.344850520E-3,9.996091127E-1,1.768003258E2,1.559517837E-1,-6.384053236E-2,1.768002355E2
7.283820619E1,2.791651975E-2,5.927627790E-4,1.348748570E-3,9.996091723E-1,1.768005868E2,1.563913341E-1,-6.358443349E-2,1.768004966E2
7.284320619E1,2.793110526E-2,6.045355112E-4,1.350777457E-3,9.996087551E-1,1.767989148E2,1.566623485E-1,-6.492418586E-2,1.767988225E2
7.284820619E1,2.791222106E-2,5.903663696E-4,1.350415871E-3,9.996092916E-1,1.768010796E2,1.565743795E-1,-6.330527193E-2,1.768009896E2
7.285320619E1,2.790398157E-2,5.838772631E-4,1.347029582E-3,9.996095300E-1,1.768020241E2,1.561652171E-1,-6.257408404E-2,1.768019354E2
7.285820619E1,2.792897600E-2,6.026233896E-4,1.351549407E-3,9.996088147E-1,1.767991589E2,1.567445147E-1,-6.470302157E-2,1.767990669E2
7.286320619E1,2.792479004E-2,6.001238944E-4,1.350988052E-3,9.996089339E-1,1.767996387E2,1.566719433E-1,-6.441916520E-2,1.767995472E2
7.286820619E1,2.791214840E-2,5.901692202E-4,1.352002961E-3,9.996092916E-1,1.768010879E2,1.567555407E-1,-6.327762403E-2,1.768009979E2
7.287320619E1,2.792052495E-2,5.968280602E-4,1.352395513E-3,9.996090531E-1,1.768001277E2,1.568223432E-1,-6.403780321E-2,1.768000365E2
7.287820619E1,2.793305315E-2,6.063819164E-4,1.353775966E-3,9.996086955E-1,1.767986915E2,1.570118560E-1,-6.512578211E-2,1.767985987E2
7.288320619E1,2.791829828E-2,5.945083685E-4,1.355326152E-3,9.996091127E-1,1.768003829E2,1.571504748E-1,-6.376306330E-2,1.768002920E2
7.288820619E1,2.793109540E-2,6.037349813E-4,1.351339277E-3,9.996087551E-1,1.767989159E2,1.567241403E-1,-6.483069104E-2,1.767988237E2
7.289320619E1,2.793971241E-2,6.106235087E-4,1.346463454E-3,9.996085167E-1,1.767979281E2,1.561882449E-1,-6.563400948E-2,1.767978351E2
7.289820619E1,2.792058660E-2,5.963911535E-4,1.351315062E-3,9.996090531E-1,1.768001206E2,1.566971867E-1,-6.399120424E-2,1.768000296E2
7.290320619E1,2.791816568E-2,5.947325844E-4,1.357956673E-3,9.996091127E-1,1.768003981E2,1.574525021E-1,-6.378035158E-2,1.768003070E2
7.290820619E1,2.793539505E-2,6.082665641E-4,1.348608406E-3,9.996086359E-1,1.767984230E2,1.564261137E-1,-6.535783719E-2,1.767983303E2
7.291320619E1,2.792694423E-2,6.010303041E-4,1.350158243E-3,9.996088743E-1,1.767993918E2,1.565799310E-1,-6.452530949E-2,1.767993001E2
7.291820619E1,2.790981040E-2,5.878594820E-4,1.357196248E-3,9.996093512E-1,1.768013560E2,1.573428809E-1,-6.299680769E-2,1.768012660E2
7.292320619E1,2.793085445E-2,6.039488362E-4,1.356215100E-3,9.996087551E-1,1.767989435E2,1.572833201E-1,-6.483961899E-2,1.767988510E2
7.292820619E1,2.793319565E-2,6.068649236E-4,1.350615523E-3,9.996086955E-1,1.767986752E2,1.566513922E-1,-6.519120322E-2,1.767985825E2
7.293320619E1,2.790776475E-2,5.851572496E-4,1.356529421E-3,9.996094108E-1,1.768015905E2,1.572577265E-1,-6.268973009E-2,1.768015009E2
7.293820619E1,2.792279291E-2,5.986457691E-4,1.348819118E-3,9.996089935E-1,1.767998677E2,1.564186397E-1,-6.425710389E-2,1.767997765E2
7.294320619E1,2.793547168E-2,6.087663933E-4,1.346794306E-3,9.996086359E-1,1.767984142E2,1.562199192E-1,-6.542088642E-2,1.767983216E2
7.294820619E1,2.790805249E-2,5.869101733E-4,1.349835889E-3,9.996094108E-1,1.768015575E2,1.564966264E-1,-6.291188340E-2,1.768014681E2
7.295320619E1,2.790981472E-2,5.868719891E-4,1.357534784E-3,9.996093512E-1,1.768013555E2,1.573785010E-1,-6.288261008E-2,1.768012656E2
7.295820619E1,2.793932545E-2,6.103091873E-4,1.354610897E-3,9.996085167E-1,1.767979725E2,1.571204781E-1,-6.557197973E-2,1.767978790E2
7.296320619E1,2.791642843E-2,5.933105131E-4,1.350396895E-3,9.996091723E-1,1.768005973E2,1.565818914E-1,-6.364191584E-2,1.768005068E2
7.296820619E1,2.789514298E-2,5.760870990E-4,1.356487977E-3,9.996097684E-1,1.768030374E2,1.572231921E-1,-6.165289085E-2,1.768029493E2
7.297320619E1,2.791823591E-2,5.934531800E-4,1.357072149E-3,9.996091127E-1,1.768003901E2,1.573470936E-1,-6.363661869E-2,1.768002992E2
7.297820619E1,2.792037943E-2,5.952800857E-4,1.356077031E-3,9.996090531E-1,1.768001444E2,1.572390878E-1,-6.384873138E-2,1.768000532E2
7.298320619E1,2.789288599E-2,5.736434832E-4,1.360007096E-3,9.996098280E-1,1.768032961E2,1.576183467E-1,-6.136208884E-2,1.768032082E2
7.298820619E1,2.791180446E-2,5.892960471E-4,1.359463902E-3,9.996092916E-1,1.768011274E2,1.576073549E-1,-6.315379457E-2,1.768010370E2
7.299320619E1,2.793298046E-2,6.050474476E-4,1.355871325E-3,9.996086955E-1,1.767986998E2,1.572475965E-1,-6.496622725E-2,1.767986071E2
7.299820619E1,2.789910049E-2,5.790205905E-4,1.361686736E-3,9.996096492E-1,1.768025837E2,1.578283181E-1,-6.197166971E-2,1.768024948E2
7.300320619E1,2.790328354E-2,5.816220073E-4,1.362377545E-3,9.996095300E-1,1.768021042E2,1.579160262E-1,-6.226678442E-2,1.768020149E2
7.300820619E1,2.793061657E-2,6.035086699E-4,1.361300703E-3,9.996087551E-1,1.767989708E2,1.578644364E-1,-6.477295926E-2,1.767988780E2
7.301320619E1,2.792001497E-2,5.954947555E-4,1.363466494E-3,9.996090531E-1,1.768001861E2,1.580861925E-1,-6.384973592E-2,1.768000945E2
7.301820619E1,2.790954646E-2,5.867594155E-4,1.363087213E-3,9.996093512E-1,1.768013862E2,1.580141385E-1,-6.285199908E-2,1.768012960E2
7.302320619E1,2.792675342E-2,6.016216357E-4,1.353836618E-3,9.996088743E-1,1.767994137E2,1.570031581E-1,-6.458130274E-2,1.767993217E2
7.302820619E1,2.791612861E-2,5.916375085E-4,1.357311266E-3,9.996091723E-1,1.768006317E2,1.573685409E-1,-6.342820608E-2,1.768005410E2
7.303320619E1,2.790744875E-2,5.854505580E-4,1.362889074E-3,9.996094108E-1,1.768016267E2,1.579871244E-1,-6.270303886E-2,1.768015367E2
7.303820619E1,2.793295645E-2,6.051939563E-4,1.356300432E-3,9.996086955E-1,1.767987026E2,1.572972169E-1,-6.498163956E-2,1.767986098E2
7.304320619E1,2.792881915E-2,6.032778765E-4,1.354495529E-3,9.996088147E-1,1.767991769E2,1.570840689E-1,-6.476858646E-2,1.767990846E2
7.304820619E1,2.791365677E-2,5.899873795E-4,1.364948112E-3,9.996092319E-1,1.768009150E2,1.582378835E-1,-6.321514975E-2,1.768008242E2
7.305320619E1,2.792641048E-2,6.004694733E-4,1.361401053E-3,9.996088743E-1,1.767994530E2,1.578659320E-1,-6.442517221E-2,1.767993607E2
7.305820619E1,2.794978576E-2,6.185739185E-4,1.354994485E-3,9.996082187E-1,1.767967733E2,1.571915758E-1,-6.651580462E-2,1.767966785E2
7.306320619E1,2.793472991E-2,6.062524626E-4,1.363213873E-3,9.996086359E-1,1.767984993E2,1.580926347E-1,-6.508047777E-2,1.767984059E2
7.306820619E1,2.793270301E-2,6.049764343E-4,1.361606759E-3,9.996086955E-1,1.767987316E2,1.579043279E-1,-6.493977772E-2,1.767986386E2
7.307320619E1,2.794976860E-2,6.195984897E-4,1.354880165E-3,9.996082187E-1,1.767967753E2,1.571817615E-1,-6.663353472E-2,1.767966803E2
7.307820619E1,2.794134362E-2,6.132149720E-4,1.355655375E-3,9.996084571E-1,1.767977411E2,1.572495570E-1,-6.590116627E-2,1.767976471E2
7.308320619E1,2.793302396E-2,6.057659048E-4,1.354653738E-3,9.996086955E-1,1.767986948E2,1.571104282E-1,-6.505241482E-2,1.767986021E2
7.308820619E1,2.794594081E-2,6.164512015E-4,1.347301994E-3,9.996083379E-1,1.767972141E2,1.563033701E-1,-6.629789395E-2,1.767971202E2
7.309320619E1,2.794784081E-2,6.182828220E-4,1.351268147E-3,9.996082783E-1,1.767969963E2,1.567636734E-1,-6.649470061E-2,1.767969018E2
7.309820619E1,2.793087029E-2,6.036690902E-4,1.356013468E-3,9.996087551E-1,1.767989417E2,1.572593294E-1,-6.480821787E-2,1.767988493E2
7.310320619E1,2.792686246E-2,6.012060330E-4,1.351770479E-3,9.996088743E-1,1.767994012E2,1.567651649E-1,-6.454029188E-2,1.767993094E2
7.310820619E1,2.794568049E-2,6.161844358E-4,1.352812280E-3,9.996083379E-1,1.767972439E2,1.569336851E-1,-6.624973117E-2,1.767971497E2
7.311320619E1,2.793516881E-2,6.078240112E-4,1.353485510E-3,9.996086359E-1,1.767984490E2,1.569833397E-1,-6.529156687E-2,1.767983560E2
7.311820619E1,2.791626166E-2,5.932549248E-4,1.353864325E-3,9.996091723E-1,1.768006164E2,1.569788868E-1,-6.362448197E-2,1.768005258E2
7.312320619E1,2.793749648E-2,6.096564466E-4,1.348629477E-3,9.996085763E-1,1.767981821E2,1.564331147E-1,-6.551664739E-2,1.767980892E2
7.312820619E1,2.794795038E-2,6.182909128E-4,1.348996302E-3,9.996082783E-1,1.767969837E2,1.565034737E-1,-6.650288623E-2,1.767968894E2
7.313320619E1,2.792690785E-2,6.006179028E-4,1.351093990E-3,9.996088743E-1,1.767993960E2,1.566857957E-1,-6.447508131E-2,1.767993043E2
7.313820619E1,2.793728767E-2,6.092816475E-4,1.353116939E-3,9.996085763E-1,1.767982061E2,1.569459262E-1,-6.545938156E-2,1.767981129E2
7.314320619E1,2.794999063E-2,6.193123409E-4,1.350423438E-3,9.996082187E-1,1.767967498E2,1.566703551E-1,-6.661499700E-2,1.767966552E2
7.314820619E1,2.793091158E-2,6.047174684E-4,1.354695298E-3,9.996087551E-1,1.767989370E2,1.571116954E-1,-6.493251882E-2,1.767988444E2
7.315320619E1,2.792667834E-2,6.003716844E-4,1.355938497E-3,9.996088743E-1,1.767994223E2,1.572399168E-1,-6.443141009E-2,1.767993303E2
7.315820619E1,2.794378727E-2,6.150648114E-4,1.348379767E-3,9.996083975E-1,1.767974610E2,1.564222431E-1,-6.613597299E-2,1.767973672E2
7.316320619E1,2.792896930E-2,6.030368386E-4,1.351503539E-3,9.996088147E-1,1.767991596E2,1.567405836E-1,-6.475052867E-2,1.767990676E2
7.316820619E1,2.792479068E-2,5.997488624E-4,1.351141371E-3,9.996089339E-1,1.767996387E2,1.566883054E-1,-6.437571577E-2,1.767995471E2
7.317320619E1,2.793338583E-2,6.072149845E-4,1.346518751E-3,9.996086955E-1,1.767986534E2,1.561832523E-1,-6.524438562E-2,1.767985609E2
7.317820619E1,2.793113543E-2,6.041370216E-4,1.350331819E-3,9.996087551E-1,1.767989113E2,1.566100285E-1,-6.487996182E-2,1.767988192E2
7.318320619E1,2.792479800E-2,5.995988613E-4,1.351056620E-3,9.996089339E-1,1.767996378E2,1.566781179E-1,-6.435880368E-2,1.767995463E2
7.318820619E1,2.792662443E-2,6.009290810E-4,1.356801717E-3,9.996088743E-1,1.767994285E2,1.573405764E-1,-6.449250403E-2,1.767993364E2
7.319320619E1,2.792022238E-2,5.951749044E-4,1.359352726E-3,9.996090531E-1,1.768001624E2,1.576139623E-1,-6.382622727E-2,1.768000711E2
7.319820619E1,2.792426701E-2,5.985721946E-4,1.362438663E-3,9.996089339E-1,1.767996987E2,1.579785774E-1,-6.420486323E-2,1.767996066E2
7.320320619E1,2.794077098E-2,6.121327751E-4,1.367891789E-3,9.996084571E-1,1.767978067E2,1.586476983E-1,-6.573811479E-2,1.767977121E2
7.320820619E1,2.793878249E-2,6.094060373E-4,1.366166747E-3,9.996085167E-1,1.767980347E2,1.584412386E-1,-6.543161444E-2,1.767979406E2
7.321320619E1,2.792597960E-2,6.001145812E-4,1.370366663E-3,9.996088743E-1,1.767995024E2,1.588917524E-1,-6.435589697E-2,1.767994096E2
7.321820619E1,2.793240287E-2,6.046359777E-4,1.367900521E-3,9.996086955E-1,1.767987660E2,1.586241501E-1,-6.488068114E-2,1.767986726E2
7.322320619E1,2.792844837E-2,6.016703555E-4,1.362830168E-3,9.996088147E-1,1.767992194E2,1.580336078E-1,-6.455783372E-2,1.767991268E2
7.322820619E1,2.793053560E-2,6.044793990E-4,1.362530747E-3,9.996087551E-1,1.767989801E2,1.580084363E-1,-6.488022892E-2,1.767988871E2
7.323320619E1,2.793883645E-2,6.108688540E-4,1.364408876E-3,9.996085167E-1,1.767980285E2,1.582445670E-1,-6.560479486E-2,1.767979343E2
7.323820619E1,2.792204326E-2,5.972452927E-4,1.364863245E-3,9.996089935E-1,1.767999536E2,1.582519173E-1,-6.404546433E-2,1.767998616E2
7.324320619E1,2.791581464E-2,5.920554977E-4,1.363572082E-3,9.996091723E-1,1.768006677E2,1.580870162E-1,-6.345610642E-2,1.768005766E2
7.324820619E1,2.791165731E-2,5.888334126E-4,1.362681738E-3,9.996092916E-1,1.768011442E2,1.579744594E-1,-6.309053210E-2,1.768010537E2
7.325320619E1,2.790544669E-2,5.841872189E-4,1.360706519E-3,9.996094704E-1,1.768018562E2,1.577329534E-1,-6.256562321E-2,1.768017666E2
7.325820619E1,2.791842634E-2,5.938446266E-4,1.352977240E-3,9.996091127E-1,1.768003683E2,1.568792984E-1,-6.369452855E-2,1.768002776E2
7.326320619E1,2.791639429E-2,5.924991565E-4,1.351458370E-3,9.996091723E-1,1.768006012E2,1.567008823E-1,-6.354558714E-2,1.768005108E2
7.326820619E1,2.790382838E-2,5.823263782E-4,1.350868843E-3,9.996095300E-1,1.768020417E2,1.566000242E-1,-6.238418245E-2,1.768019530E2
7.327320619E1,2.790183830E-2,5.818375503E-4,1.348076737E-3,9.996095896E-1,1.768022698E2,1.562785094E-1,-6.233742801E-2,1.768021814E2
7.327820619E1,2.790628894E-2,5.858119112E-4,1.342614531E-3,9.996094704E-1,1.768017596E2,1.556658175E-1,-6.280945035E-2,1.768016709E2
7.328320619E1,2.790206648E-2,5.815142067E-4,1.343485666E-3,9.996095896E-1,1.768022437E2,1.557515959E-1,-6.231503399E-2,1.768021556E2
7.328820619E1,2.789350375E-2,5.752356374E-4,1.346598612E-3,9.996098280E-1,1.768032253E2,1.560875708E-1,-6.158722728E-2,1.768031380E2
7.329320619E1,2.789102568E-2,5.718618631E-4,1.355091459E-3,9.996098876E-1,1.768035094E2,1.570494657E-1,-6.117401434E-2,1.768034221E2
7.329820619E1,2.788678053E-2,5.695478176E-4,1.355497632E-3,9.996100068E-1,1.768039960E2,1.570883365E-1,-6.090831656E-2,1.768039091E2
7.330320619E1,2.789520697E-2,5.761465873E-4,1.355146174E-3,9.996097684E-1,1.768030300E2,1.570696865E-1,-6.166398425E-2,1.768029420E2
7.330820619E1,2.789303811E-2,5.739401677E-4,1.356758294E-3,9.996098280E-1,1.768032787E2,1.572471634E-1,-6.140643360E-2,1.768031909E2
7.331320619E1,2.789120317E-2,5.725545343E-4,1.351139974E-3,9.996098876E-1,1.768034890E2,1.565990593E-1,-6.126595947E-2,1.768034018E2
7.331820619E1,2.789968340E-2,5.795139004E-4,1.349478960E-3,9.996096492E-1,1.768025169E2,1.564315661E-1,-6.206711499E-2,1.768024287E2
7.332320619E1,2.789327705E-2,5.741413916E-4,1.351751620E-3,9.996098280E-1,1.768032513E2,1.566743212E-1,-6.144544903E-2,1.768031638E2
7.332820619E1,2.788910587E-2,5.705878139E-4,1.351167331E-3,9.996099472E-1,1.768037294E2,1.565957786E-1,-6.104091889E-2,1.768036426E2
7.333320619E1,2.789951960E-2,5.796578480E-4,1.352799358E-3,9.996096492E-1,1.768025357E2,1.568123581E-1,-6.207301358E-2,1.768024472E2
7.333820619E1,2.789101665E-2,5.733424332E-4,1.354651642E-3,9.996098876E-1,1.768035104E2,1.570038177E-1,-6.134501618E-2,1.768034229E2
7.334320619E1,2.787633673E-2,5.603851168E-4,1.354360371E-3,9.996103048E-1,1.768051932E2,1.569281585E-1,-5.986403152E-2,1.768051078E2
7.334820619E1,2.788247072E-2,5.657149013E-4,1.357849105E-3,9.996101260E-1,1.768044901E2,1.573451809E-1,-6.046243174E-2,1.768044036E2
7.335320619E1,2.788891461E-2,5.710889236E-4,1.354898093E-3,9.996099472E-1,1.768037514E2,1.570247166E-1,-6.108642618E-2,1.768036642E2
7.335820619E1,2.787203299E-2,5.580443540E-4,1.355916960E-3,9.996104240E-1,1.768056866E2,1.570987269E-1,-5.959160820E-2,1.768056015E2
7.336320619E1,2.786340026E-2,5.505369627E-4,1.360636204E-3,9.996106625E-1,1.768066762E2,1.576148162E-1,-5.871794745E-2,1.768065920E2
7.336820619E1,2.787618842E-2,5.605057813E-4,1.357359579E-3,9.996103048E-1,1.768052102E2,1.572720859E-1,-5.986829568E-2,1.768051246E2
7.337320619E1,2.787210201E-2,5.573788076E-4,1.354771433E-3,9.996104240E-1,1.768056787E2,1.569653883E-1,-5.951901985E-2,1.768055937E2
7.337820619E1,2.786994487E-2,5.563776940E-4,1.355581335E-3,9.996104836E-1,1.768059260E2,1.570548343E-1,-5.940209746E-2,1.768058411E2
7.338320619E1,2.787193630E-2,5.567345070E-4,1.358440495E-3,9.996104240E-1,1.768056977E2,1.573836011E-1,-5.943352431E-2,1.768056126E2
7.338820619E1,2.786787552E-2,5.551846698E-4,1.354660606E-3,9.996105433E-1,1.768061632E2,1.569454343E-1,-5.926870565E-2,1.768060786E2
7.339320619E1,2.785518108E-2,5.445789429E-4,1.356158056E-3,9.996109009E-1,1.768076184E2,1.570823546E-1,-5.805106465E-2,1.768075355E2
7.339820619E1,2.786372619E-2,5.508576287E-4,1.353814732E-3,9.996106625E-1,1.768066389E2,1.568344787E-1,-5.877640858E-2,1.768065550E2
7.340320619E1,2.787435753E-2,5.594262620E-4,1.351497020E-3,9.996103644E-1,1.768054201E2,1.565969881E-1,-5.976365462E-2,1.768053350E2
7.340820619E1,2.787421078E-2,5.592489615E-4,1.354593551E-3,9.996103644E-1,1.768054370E2,1.569511119E-1,-5.973347732E-2,1.768053517E2
7.341320619E1,2.786583104E-2,5.525172455E-4,1.353825559E-3,9.996106029E-1,1.768063976E2,1.568411425E-1,-5.896614783E-2,1.768063135E2
7.341820619E1,2.787041720E-2,5.563952145E-4,1.345828292E-3,9.996104836E-1,1.768058718E2,1.559377346E-1,-5.943517946E-2,1.768057876E2
7.342320619E1,2.787651975E-2,5.617138813E-4,1.350035891E-3,9.996103048E-1,1.768051723E2,1.564370574E-1,-6.003002324E-2,1.768050869E2
7.342820619E1,2.786817529E-2,5.544716259E-4,1.348773018E-3,9.996105433E-1,1.768061288E2,1.562687680E-1,-5.920578386E-2,1.768060447E2
7.343320619E1,2.786191951E-2,5.499296822E-4,1.347349724E-3,9.996107221E-1,1.768068460E2,1.560908608E-1,-5.869104023E-2,1.768067627E2
7.343820619E1,2.786628451E-2,5.530682392E-4,1.344232704E-3,9.996106029E-1,1.768063456E2,1.557440941E-1,-5.905982447E-2,1.768062619E2
7.344320619E1,2.785369091E-2,5.437679938E-4,1.343093463E-3,9.996109605E-1,1.768077893E2,1.555831663E-1,-5.800010769E-2,1.768077072E2
7.344820619E1,2.785161937E-2,5.415634369E-4,1.342581818E-3,9.996110201E-1,1.768080267E2,1.555174021E-1,-5.774953769E-2,1.768079450E2
7.345320619E1,2.786871356E-2,5.561908474E-4,1.336891088E-3,9.996105433E-1,1.768060671E2,1.549132489E-1,-5.944057751E-2,1.768059834E2
7.345820619E1,2.786657414E-2,5.543578882E-4,1.337681315E-3,9.996106029E-1,1.768063124E2,1.549977864E-1,-5.922842566E-2,1.768062289E2
7.346320619E1,2.786659721E-2,5.538000260E-4,1.337431837E-3,9.996106029E-1,1.768063097E2,1.549674292E-1,-5.916531734E-2,1.768062264E2
7.346820619E1,2.787961990E-2,5.635772832E-4,1.329214312E-3,9.996102452E-1,1.768048169E2,1.540581444E-1,-6.030950699E-2,1.768047325E2
7.347320619E1,2.787313696E-2,5.595139228E-4,1.332413987E-3,9.996104240E-1,1.768055601E2,1.544112875E-1,-5.983484049E-2,1.768054761E2
7.347820619E1,2.785404006E-2,5.434095510E-4,1.335978974E-3,9.996109605E-1,1.768077493E2,1.547670973E-1,-5.798170370E-2,1.768076676E2
7.348320619E1,2.786060054E-2,5.500153056E-4,1.330259605E-3,9.996107817E-1,1.768069972E2,1.541334311E-1,-5.875561730E-2,1.768069148E2
7.348820619E1,2.787533407E-2,5.605441402E-4,1.330733066E-3,9.996103644E-1,1.768053082E2,1.542221654E-1,-5.995787882E-2,1.768052242E2
7.349320619E1,2.786909526E-2,5.557024851E-4,1.329114661E-3,9.996105433E-1,1.768060234E2,1.540209440E-1,-5.940941313E-2,1.768059402E2
7.349820619E1,2.786273197E-2,5.505949375E-4,1.330167404E-3,9.996107221E-1,1.768067528E2,1.541248458E-1,-5.882197812E-2,1.768066704E2
7.350320619E1,2.787340086E-2,5.599343567E-4,1.326704514E-3,9.996104240E-1,1.768055298E2,1.537586423E-1,-5.990119602E-2,1.768054461E2
7.350820619E1,2.787793710E-2,5.628374056E-4,1.319965930E-3,9.996103048E-1,1.768050098E2,1.529963031E-1,-6.025456111E-2,1.768049260E2
7.351320619E1,2.786517258E-2,5.525022862E-4,1.323024509E-3,9.996106625E-1,1.768064731E2,1.533128817E-1,-5.906289151E-2,1.768063908E2
7.351820619E1,2.786528457E-2,5.526277819E-4,1.320611220E-3,9.996106625E-1,1.768064602E2,1.530368534E-1,-5.908495563E-2,1.768063780E2
7.352320619E1,2.787602979E-2,5.623549805E-4,1.315306057E-3,9.996103644E-1,1.768052284E2,1.524608717E-1,-6.021447842E-2,1.768051451E2
7.352820619E1,2.786748644E-2,5.548397894E-4,1.318336464E-3,9.996106029E-1,1.768062078E2,1.527834811E-1,-5.934526163E-2,1.768061254E2
7.353320619E1,2.785483647E-2,5.452238256E-4,1.318520866E-3,9.996109605E-1,1.768076580E2,1.527731570E-1,-5.824512663E-2,1.768075770E2
7.353820619E1,2.786131570E-2,5.506394664E-4,1.314934692E-3,9.996107817E-1,1.768069152E2,1.523800399E-1,-5.887593148E-2,1.768068337E2
7.354320619E1,2.786547409E-2,5.531316856E-4,1.316394657E-3,9.996106625E-1,1.768064385E2,1.525554783E-1,-5.915611173E-2,1.768063565E2
7.354820619E1,2.785883148E-2,5.474380450E-4,1.323565957E-3,9.996108413E-1,1.768072000E2,1.533583601E-1,-5.848204192E-2,1.768071184E2
7.355320619E1,2.785672524E-2,5.469346652E-4,1.323089353E-3,9.996109009E-1,1.768074414E2,1.533020361E-1,-5.842622584E-2,1.768073600E2
7.355820619E1,2.786755299E-2,5.550470087E-4,1.316841459E-3,9.996106029E-1,1.768062002E2,1.526128981E-1,-5.937376205E-2,1.768061178E2
7.356320619E1,2.785925481E-2,5.482231500E-4,1.314298133E-3,9.996108413E-1,1.768071515E2,1.522992879E-1,-5.860149609E-2,1.768070703E2
7.356820619E1,2.785073983E-2,5.415354390E-4,1.316201175E-3,9.996110797E-1,1.768081276E2,1.524954317E-1,-5.783066243E-2,1.768080474E2
7.357320619E1,2.786137223E-2,5.495648365E-4,1.314186375E-3,9.996107817E-1,1.768069087E2,1.522908943E-1,-5.875521646E-2,1.768068274E2
7.357820619E1,2.786339904E-2,5.514674122E-4,1.315754605E-3,9.996107221E-1,1.768066764E2,1.524767251E-1,-5.896783460E-2,1.768065947E2
7.358320619E1,2.785045873E-2,5.421821261E-4,1.321870717E-3,9.996110797E-1,1.768081598E2,1.531469100E-1,-5.788668699E-2,1.768080792E2
7.358820619E1,2.785261806E-2,5.434582126E-4,1.320923446E-3,9.996110201E-1,1.768079123E2,1.530426009E-1,-5.803555153E-2,1.768078315E2
7.359320619E1,2.785706249E-2,5.466444418E-4,1.316090231E-3,9.996109009E-1,1.768074028E2,1.524993993E-1,-5.841527297E-2,1.768073218E2
7.359820619E1,2.785697845E-2,5.471402546E-4,1.317662071E-3,9.996109009E-1,1.768074124E2,1.526810271E-1,-5.846706195E-2,1.768073313E2
7.360320619E1,2.786112455E-2,5.493648350E-4,1.319510047E-3,9.996107817E-1,1.768069371E2,1.529000531E-1,-5.871534755E-2,1.768068555E2
7.360820619E1,2.786324418E-2,5.516943638E-4,1.318935188E-3,9.996107221E-1,1.768066941E2,1.528417676E-1,-5.898369932E-2,1.768066122E2
7.361320619E1,2.786331205E-2,5.520452978E-4,1.317353570E-3,9.996107221E-1,1.768066863E2,1.526617222E-1,-5.902893746E-2,1.768066044E2
7.361820619E1,2.785687033E-2,5.471211043E-4,1.319953706E-3,9.996109009E-1,1.768074248E2,1.529434602E-1,-5.845756939E-2,1.768073435E2
7.362320619E1,2.784841895E-2,5.403568503E-4,1.320518320E-3,9.996111393E-1,1.768083936E2,1.529860533E-1,-5.768223546E-2,1.768083134E2
7.362820619E1,2.786117667E-2,5.499222898E-4,1.318176626E-3,9.996107817E-1,1.768069311E2,1.527490963E-1,-5.878345160E-2,1.768068495E2
7.363320619E1,2.787202745E-2,5.581385922E-4,1.311316621E-3,9.996104836E-1,1.768056872E2,1.519901842E-1,-5.974485663E-2,1.768056048E2
7.363820619E1,2.786374957E-2,5.526200985E-4,1.307823928E-3,9.996107221E-1,1.768066362E2,1.515719896E-1,-5.912514080E-2,1.768065548E2
7.364320619E1,2.785929945E-2,5.485403235E-4,1.313219196E-3,9.996108413E-1,1.768071463E2,1.521767139E-1,-5.864126510E-2,1.768070652E2
7.364820619E1,2.785505286E-2,5.458230153E-4,1.313692774E-3,9.996109605E-1,1.768076331E2,1.522220376E-1,-5.832914039E-2,1.768075524E2
7.365320619E1,2.785293952E-2,5.443200353E-4,1.313770888E-3,9.996110201E-1,1.768078754E2,1.522260647E-1,-5.815705102E-2,1.768077949E2
7.365820619E1,2.786772535E-2,5.561215221E-4,1.312734326E-3,9.996106029E-1,1.768061804E2,1.521458794E-1,-5.950993408E-2,1.768060982E2
7.366320619E1,2.786566888E-2,5.545406020E-4,1.311669941E-3,9.996106625E-1,1.768064162E2,1.520187861E-1,-5.933255633E-2,1.768063342E2
7.366820619E1,2.785495845E-2,5.450565368E-4,1.316010836E-3,9.996109605E-1,1.768076440E2,1.524851130E-1,-5.823395764E-2,1.768075632E2
7.367320619E1,2.785467418E-2,5.440150853E-4,1.322442899E-3,9.996109605E-1,1.768076766E2,1.532185470E-1,-5.809417475E-2,1.768075956E2
7.367820619E1,2.785459770E-2,5.447295262E-4,1.323759090E-3,9.996109605E-1,1.768076853E2,1.533715892E-1,-5.817182226E-2,1.768076042E2
7.368320619E1,2.785248750E-2,5.424212432E-4,1.324098674E-3,9.996110201E-1,1.768079272E2,1.534029970E-1,-5.790665525E-2,1.768078464E2
7.368820619E1,2.785247752E-2,5.424990668E-4,1.324276789E-3,9.996110201E-1,1.768079284E2,1.534236474E-1,-5.791500275E-2,1.768078476E2
7.369320619E1,2.785037951E-2,5.420407397E-4,1.323596807E-3,9.996110797E-1,1.768081689E2,1.533441730E-1,-5.786499492E-2,1.768080882E2
7.369820619E1,2.785443954E-2,5.444547860E-4,1.327195554E-3,9.996109605E-1,1.768077035E2,1.537643405E-1,-5.812940678E-2,1.768076222E2
7.370320619E1,2.785233755E-2,5.436989013E-4,1.326726284E-3,9.996110201E-1,1.768079444E2,1.537080519E-1,-5.804464357E-2,1.768078633E2
7.370820619E1,2.785660360E-2,5.460425164E-4,1.326015685E-3,9.996109009E-1,1.768074554E2,1.536343842E-1,-5.831471004E-2,1.768073739E2
7.371320619E1,2.786085540E-2,5.503973225E-4,1.324752462E-3,9.996107817E-1,1.768069680E2,1.535038379E-1,-5.881691957E-2,1.768068859E2
7.371820619E1,2.786250746E-2,5.506160669E-4,1.334853121E-3,9.996107221E-1,1.768067786E2,1.546616359E-1,-5.880947205E-2,1.768066959E2
7.372320619E1,2.785822028E-2,5.475188373E-4,1.336335554E-3,9.996108413E-1,1.768072700E2,1.548213041E-1,-5.845062451E-2,1.768071877E2
7.372820619E1,2.786258079E-2,5.511652562E-4,1.333094668E-3,9.996107221E-1,1.768067702E2,1.544619679E-1,-5.887798324E-2,1.768066875E2
7.373320619E1,2.786470899E-2,5.520574632E-4,1.332936925E-3,9.996106625E-1,1.768065262E2,1.544468733E-1,-5.898035770E-2,1.768064434E2
7.373820619E1,2.785837383E-2,5.483010318E-4,1.332809334E-3,9.996108413E-1,1.768072524E2,1.544198916E-1,-5.855145594E-2,1.768071702E2
7.374320619E1,2.785628695E-2,5.466500879E-4,1.332401996E-3,9.996109009E-1,1.768074917E2,1.543678396E-1,-5.836396795E-2,1.768074097E2
7.374820619E1,2.786053587E-2,5.499818362E-4,1.331627253E-3,9.996107817E-1,1.768070046E2,1.542899806E-1,-5.874742701E-2,1.768069222E2
7.375320619E1,2.785186355E-2,5.420767120E-4,1.337298774E-3,9.996110201E-1,1.768079988E2,1.549138963E-1,-5.782515559E-2,1.768079173E2
7.375820619E1,2.784529802E-2,5.361016956E-4,1.342759351E-3,9.996111989E-1,1.768087514E2,1.555199440E-1,-5.712432842E-2,1.768086705E2
7.376320619E1,2.785814775E-2,5.474812933E-4,1.337862224E-3,9.996108413E-1,1.768072784E2,1.549960559E-1,-5.844146147E-2,1.768071960E2
7.376820619E1,2.786455375E-2,5.527505418E-4,1.335891779E-3,9.996106625E-1,1.768065440E2,1.547875476E-1,-5.905033651E-2,1.768064609E2
7.377320619E1,2.784332266E-2,5.353704910E-4,1.339637325E-3,9.996112585E-1,1.768089779E2,1.551598783E-1,-5.705083985E-2,1.768088973E2
7.377820619E1,2.784109363E-2,5.342318327E-4,1.341940952E-3,9.996113181E-1,1.768092334E2,1.554199923E-1,-5.691340633E-2,1.768091529E2
7.378320619E1,2.785806650E-2,5.474649952E-4,1.339559676E-3,9.996108413E-1,1.768072877E2,1.551904375E-1,-5.843418824E-2,1.768072052E2
7.378820619E1,2.785411828E-2,5.438041990E-4,1.334186178E-3,9.996109605E-1,1.768077403E2,1.545630017E-1,-5.803261981E-2,1.768076587E2
7.379320619E1,2.785176572E-2,5.427240394E-4,1.339072478E-3,9.996110201E-1,1.768080100E2,1.551191297E-1,-5.789365910E-2,1.768079283E2
7.379820619E1,2.786024976E-2,5.492468481E-4,1.337901689E-3,9.996107817E-1,1.768070374E2,1.550063364E-1,-5.864324851E-2,1.768069547E2
7.380320619E1,2.784978530E-2,5.413548788E-4,1.336319256E-3,9.996110797E-1,1.768082370E2,1.547992712E-1,-5.774591989E-2,1.768081557E2
7.380820619E1,2.784740878E-2,5.380804068E-4,1.342566917E-3,9.996111393E-1,1.768085094E2,1.555043365E-1,-5.735126960E-2,1.768084283E2
7.381320619E1,2.785142755E-2,5.420282250E-4,1.346368110E-3,9.996110201E-1,1.768080487E2,1.559525838E-1,-5.779072321E-2,1.768079667E2
7.381820619E1,2.786036050E-2,5.493519711E-4,1.335550565E-3,9.996107817E-1,1.768070247E2,1.547373639E-1,-5.866277918E-2,1.768069422E2
7.382320619E1,2.784794510E-2,5.389797734E-4,1.331032254E-3,9.996111393E-1,1.768084480E2,1.541859734E-1,-5.749101562E-2,1.768083673E2
7.382820619E1,2.783491934E-2,5.290285335E-4,1.338883420E-3,9.996114969E-1,1.768099412E2,1.550528108E-1,-5.632809636E-2,1.768098616E2
7.383320619E1,2.784341861E-2,5.347676924E-4,1.337882713E-3,9.996112585E-1,1.768089669E2,1.549569744E-1,-5.698737462E-2,1.768088865E2
7.383820619E1,2.784757411E-2,5.388180725E-4,1.338836737E-3,9.996111393E-1,1.768084905E2,1.550794182E-1,-5.744764497E-2,1.768084094E2
7.384320619E1,2.785375381E-2,5.443100235E-4,1.341568655E-3,9.996109605E-1,1.768077821E2,1.554102376E-1,-5.806705280E-2,1.768077000E2
7.384820619E1,2.785575288E-2,5.444774288E-4,1.344403136E-3,9.996109009E-1,1.768075529E2,1.557355700E-1,-5.807686977E-2,1.768074706E2
7.385320619E1,2.784719396E-2,5.385121331E-4,1.346842735E-3,9.996111393E-1,1.768085341E2,1.559954852E-1,-5.738711124E-2,1.768084526E2
7.385820619E1,2.784715415E-2,5.385247641E-4,1.347660553E-3,9.996111393E-1,1.768085386E2,1.560892020E-1,-5.738595454E-2,1.768084571E2
7.386320619E1,2.785788586E-2,5.474557984E-4,1.343314769E-3,9.996108413E-1,1.768073084E2,1.556205331E-1,-5.842117519E-2,1.768072257E2
7.386820619E1,2.785781345E-2,5.472610937E-4,1.344894757E-3,9.996108413E-1,1.768073167E2,1.558008906E-1,-5.839383975E-2,1.768072339E2
7.387320619E1,2.786193237E-2,5.491416086E-4,1.347405137E-3,9.996107221E-1,1.768068445E2,1.560946927E-1,-5.860058985E-2,1.768067613E2
7.387820619E1,2.786842860E-2,5.554148229E-4,1.343139214E-3,9.996105433E-1,1.768060998E2,1.556264590E-1,-5.933177657E-2,1.768060159E2
7.388320619E1,2.786444767E-2,5.515904631E-4,1.338581205E-3,9.996106625E-1,1.768065562E2,1.550919032E-1,-5.890888178E-2,1.768064731E2
7.388820619E1,2.786004852E-2,5.479491083E-4,1.342616160E-3,9.996107817E-1,1.768070605E2,1.555422108E-1,-5.847957606E-2,1.768069777E2
7.389320619E1,2.787664089E-2,5.622319295E-4,1.347316080E-3,9.996103048E-1,1.768051584E2,1.561271730E-1,-6.009803359E-2,1.768050731E2
7.389820619E1,2.788730675E-2,5.706241936E-4,1.344171586E-3,9.996100068E-1,1.768039357E2,1.557944423E-1,-6.106772451E-2,1.768038493E2
7.390320619E1,2.786836176E-2,5.549745401E-4,1.344707096E-3,9.996105433E-1,1.768061075E2,1.558046453E-1,-5.927634679E-2,1.768060235E2
7.390820619E1,2.787043311E-2,5.571800284E-4,1.345173921E-3,9.996104836E-1,1.768058700E2,1.558652859E-1,-5.952716494E-2,1.768057857E2
7.391320619E1,2.788331170E-2,5.667511723E-4,1.340030925E-3,9.996101260E-1,1.768043937E2,1.553075214E-1,-6.063793510E-2,1.768043081E2
7.391820619E1,2.787072576E-2,5.569026689E-4,1.339212176E-3,9.996104836E-1,1.768058365E2,1.551815163E-1,-5.951438947E-2,1.768057525E2
7.392320619E1,2.786635679E-2,5.537369289E-4,1.342457836E-3,9.996106029E-1,1.768063373E2,1.555429276E-1,-5.914207733E-2,1.768062537E2
7.392820619E1,2.788087940E-2,5.655643763E-4,1.346662175E-3,9.996101856E-1,1.768046725E2,1.560631726E-1,-6.048118232E-2,1.768045867E2
7.393320619E1,2.787242238E-2,5.588877830E-4,1.347539364E-3,9.996104240E-1,1.768056420E2,1.561418141E-1,-5.971491753E-2,1.768055572E2
7.393820619E1,2.786173353E-2,5.502881249E-4,1.351044164E-3,9.996107221E-1,1.768068673E2,1.565151822E-1,-5.872033217E-2,1.768067837E2
7.394320619E1,2.787867213E-2,5.638452130E-4,1.348834485E-3,9.996102452E-1,1.768049255E2,1.563063784E-1,-6.027766208E-2,1.768048399E2
7.394820619E1,2.788504544E-2,5.673639826E-4,1.348133199E-3,9.996100664E-1,1.768041949E2,1.562376772E-1,-6.068197060E-2,1.768041088E2
7.395320619E1,2.786212424E-2,5.509480252E-4,1.342691947E-3,9.996107221E-1,1.768068225E2,1.555605890E-1,-5.882252796E-2,1.768067393E2
7.395820619E1,2.785809412E-2,5.479012616E-4,1.338806585E-3,9.996108413E-1,1.768072845E2,1.551055675E-1,-5.848656111E-2,1.768072020E2
7.396320619E1,2.786636036E-2,5.537039833E-4,1.342397416E-3,9.996106029E-1,1.768063369E2,1.555359017E-1,-5.913849590E-2,1.768062533E2
7.396820619E1,2.785771883E-2,5.464800051E-4,1.347170328E-3,9.996108413E-1,1.768073275E2,1.560590517E-1,-5.829711874E-2,1.768072448E2
7.397320619E1,2.785994347E-2,5.487335147E-4,1.344474265E-3,9.996107817E-1,1.768070725E2,1.557575499E-1,-5.856351161E-2,1.768069895E2
7.397820619E1,2.787077410E-2,5.569265923E-4,1.338195754E-3,9.996104836E-1,1.768058309E2,1.550651673E-1,-5.952036861E-2,1.768057470E2
7.398320619E1,2.786419782E-2,5.518994876E-4,1.343645272E-3,9.996106625E-1,1.768065848E2,1.556729500E-1,-5.892814835E-2,1.768065014E2
7.398820619E1,2.785377066E-2,5.440755631E-4,1.341313822E-3,9.996109605E-1,1.768077801E2,1.553802998E-1,-5.804100684E-2,1.768076981E2
7.399320619E1,2.786048272E-2,5.485082511E-4,1.333345775E-3,9.996107817E-1,1.768070107E2,1.544821247E-1,-5.857315382E-2,1.768069284E2
7.399820619E1,2.787712519E-2,5.624745972E-4,1.337156049E-3,9.996103048E-1,1.768051029E2,1.549641746E-1,-6.015821174E-2,1.768050181E2
7.400320619E1,2.786620730E-2,5.528351176E-4,1.345928060E-3,9.996106029E-1,1.768063544E2,1.559375434E-1,-5.902771931E-2,1.768062707E2
7.400820619E1,2.786019149E-2,5.493336939E-4,1.339078881E-3,9.996107817E-1,1.768070441E2,1.551414544E-1,-5.864944714E-2,1.768069613E2
7.401320619E1,2.786868823E-2,5.549617345E-4,1.337929512E-3,9.996105433E-1,1.768060700E2,1.550282706E-1,-5.929647397E-2,1.768059865E2
7.401820619E1,2.785980545E-2,5.487916642E-4,1.347307698E-3,9.996107817E-1,1.768070883E2,1.560822893E-1,-5.856114799E-2,1.768070052E2
7.402320619E1,2.785773579E-2,5.459856475E-4,1.347020152E-3,9.996108413E-1,1.768073256E2,1.560402722E-1,-5.824096833E-2,1.768072429E2
7.402820619E1,2.787290365E-2,5.582813756E-4,1.337800873E-3,9.996104240E-1,1.768055868E2,1.550243892E-1,-5.967648583E-2,1.768055027E2
7.403320619E1,2.786030693E-2,5.480818218E-4,1.337188878E-3,9.996107817E-1,1.768070308E2,1.549209696E-1,-5.851206514E-2,1.768069484E2
7.403820619E1,2.784078785E-2,5.328842090E-4,1.348803053E-3,9.996113181E-1,1.768092684E2,1.562017102E-1,-5.673719468E-2,1.768091877E2
7.404320619E1,2.785153365E-2,5.422224640E-4,1.344093122E-3,9.996110201E-1,1.768080366E2,1.556926163E-1,-5.782021709E-2,1.768079547E2
7.404820619E1,2.786044361E-2,5.484936410E-4,1.334168715E-3,9.996107817E-1,1.768070152E2,1.545763412E-1,-5.856885895E-2,1.768069328E2
7.405320619E1,2.784335308E-2,5.346619291E-4,1.339287963E-3,9.996112585E-1,1.768089744E2,1.551176007E-1,-5.697078618E-2,1.768088939E2
7.405820619E1,2.783245137E-2,5.270332913E-4,1.346453908E-3,9.996115565E-1,1.768102241E2,1.559134867E-1,-5.607578436E-2,1.768101445E2
7.406320619E1,2.784313070E-2,5.349585554E-4,1.343785203E-3,9.996112585E-1,1.768089999E2,1.556336811E-1,-5.699044913E-2,1.768089191E2
7.406820619E1,2.783070803E-2,5.248449161E-4,1.339073293E-3,9.996116161E-1,1.768104239E2,1.550609797E-1,-5.584892290E-2,1.768103451E2
7.407320619E1,2.781999266E-2,5.171667435E-4,1.342244679E-3,9.996119142E-1,1.768116523E2,1.553991756E-1,-5.496096216E-2,1.768115745E2
7.407820619E1,2.783900732E-2,5.310716224E-4,1.342078671E-3,9.996113777E-1,1.768094725E2,1.554255667E-1,-5.655129859E-2,1.768093925E2
7.408320619E1,2.784133882E-2,5.330152344E-4,1.337329857E-3,9.996113181E-1,1.768092053E2,1.548879362E-1,-5.678872201E-2,1.768091252E2
7.408820619E1,2.782467519E-2,5.199862062E-4,1.332840882E-3,9.996117949E-1,1.768111155E2,1.543312436E-1,-5.531317999E-2,1.768110378E2
7.409320619E1,2.783281146E-2,5.265298532E-4,1.339187846E-3,9.996115565E-1,1.768101828E2,1.550795933E-1,-5.604123586E-2,1.768101037E2
7.409820619E1,2.785399541E-2,5.442709080E-4,1.336558955E-3,9.996109605E-1,1.768077544E2,1.548362794E-1,-5.807852522E-2,1.768076726E2
7.410320619E1,2.784378486E-2,5.363991950E-4,1.329581602E-3,9.996112585E-1,1.768089249E2,1.540113316E-1,-5.720068836E-2,1.768088447E2
7.410820619E1,2.783103149E-2,5.257772282E-4,1.331965905E-3,9.996116161E-1,1.768103869E2,1.542498391E-1,-5.597833382E-2,1.768103082E2
7.411320619E1,2.784138186E-2,5.333626177E-4,1.336294925E-3,9.996113181E-1,1.768092003E2,1.547704983E-1,-5.683180899E-2,1.768091203E2
7.411820619E1,2.784134395E-2,5.337804905E-4,1.336917747E-3,9.996113181E-1,1.768092047E2,1.548431720E-1,-5.687769386E-2,1.768091245E2
7.412320619E1,2.783309716E-2,5.268020323E-4,1.333129243E-3,9.996115565E-1,1.768101501E2,1.543864809E-1,-5.609169288E-2,1.768100712E2
7.412820619E1,2.784792688E-2,5.383929238E-4,1.331650885E-3,9.996111393E-1,1.768084500E2,1.542549620E-1,-5.742182236E-2,1.768083695E2
7.413320619E1,2.784964385E-2,5.407429417E-4,1.339511015E-3,9.996110797E-1,1.768082532E2,1.551629172E-1,-5.766565998E-2,1.768081718E2
7.413820619E1,2.783484381E-2,5.290028639E-4,1.340462943E-3,9.996114969E-1,1.768099498E2,1.552336547E-1,-5.632012947E-2,1.768098702E2
7.414320619E1,2.783921558E-2,5.316279712E-4,1.337530557E-3,9.996113777E-1,1.768094487E2,1.549063793E-1,-5.662950381E-2,1.768093688E2
7.414820619E1,2.784982438E-2,5.410452723E-4,1.335629844E-3,9.996110797E-1,1.768082325E2,1.547193151E-1,-5.771264955E-2,1.768081513E2
7.415320619E1,2.784525766E-2,5.362262018E-4,1.343546319E-3,9.996111989E-1,1.768087560E2,1.556104840E-1,-5.713608537E-2,1.768086751E2
7.415820619E1,2.784102825E-2,5.336820032E-4,1.343515120E-3,9.996113181E-1,1.768092409E2,1.555985509E-1,-5.684541287E-2,1.768091603E2
7.416320619E1,2.784577219E-2,5.367000704E-4,1.332649146E-3,9.996111989E-1,1.768086970E2,1.543637842E-1,-5.722505810E-2,1.768086167E2
7.416820619E1,2.784162429E-2,5.338334595E-4,1.331045642E-3,9.996113181E-1,1.768091725E2,1.541707233E-1,-5.690245282E-2,1.768090927E2
7.417320619E1,2.783101899E-2,5.260785110E-4,1.332108048E-3,9.996116161E-1,1.768103883E2,1.542670815E-1,-5.601239348E-2,1.768103096E2
7.417820619E1,2.783513563E-2,5.286149099E-4,1.334543223E-3,9.996114969E-1,1.768099164E2,1.545543458E-1,-5.629452760E-2,1.768098372E2
7.418320619E1,2.784349002E-2,5.353117012E-4,1.336177811E-3,9.996112585E-1,1.768089587E2,1.547634224E-1,-5.705511800E-2,1.768088783E2
7.418820619E1,2.783467902E-2,5.275714211E-4,1.344443066E-3,9.996114969E-1,1.768099687E2,1.556849918E-1,-5.614349208E-2,1.768098891E2
7.419320619E1,2.783460380E-2,5.275800359E-4,1.345995930E-3,9.996114969E-1,1.768099773E2,1.558628914E-1,-5.613953743E-2,1.768098977E2
7.419820619E1,2.784312288E-2,5.347747356E-4,1.344020362E-3,9.996112585E-1,1.768090008E2,1.556600309E-1,-5.696864402E-2,1.768089200E2
7.420320619E1,2.784718096E-2,5.390487495E-4,1.346896985E-3,9.996111393E-1,1.768085356E2,1.560034111E-1,-5.744840797E-2,1.768084540E2
7.420820619E1,2.784924603E-2,5.396881606E-4,1.348179299E-3,9.996110797E-1,1.768082988E2,1.561524561E-1,-5.751723598E-2,1.768082171E2
7.421320619E1,2.785999894E-2,5.489956238E-4,1.343217213E-3,9.996107817E-1,1.768070661E2,1.556143981E-1,-5.859754005E-2,1.768069832E2
7.421820619E1,2.786003618E-2,5.479416577E-4,1.342875301E-3,9.996107817E-1,1.768070619E2,1.555718702E-1,-5.847789720E-2,1.768069791E2
7.422320619E1,2.784926456E-2,5.403669784E-4,1.347524463E-3,9.996110797E-1,1.768082967E2,1.560796139E-1,-5.759707946E-2,1.768082149E2
7.422820619E1,2.786162286E-2,5.492272903E-4,1.353755360E-3,9.996107221E-1,1.768068800E2,1.568223485E-1,-5.859017781E-2,1.768067964E2
7.423320619E1,2.786822816E-2,5.544464220E-4,1.347690471E-3,9.996105433E-1,1.768061228E2,1.561446880E-1,-5.920634573E-2,1.768060387E2
7.423820619E1,2.786210790E-2,5.492615164E-4,1.343721757E-3,9.996107221E-1,1.768068244E2,1.556731648E-1,-5.862605800E-2,1.768067414E2
7.424320619E1,2.786213159E-2,5.507064634E-4,1.342638512E-3,9.996107221E-1,1.768068217E2,1.555536973E-1,-5.879502725E-2,1.768067385E2
7.424820619E1,2.787275491E-2,5.583621096E-4,1.340862713E-3,9.996104240E-1,1.768056039E2,1.553753632E-1,-5.967597700E-2,1.768055196E2
7.425320619E1,2.787242373E-2,5.589523353E-4,1.347484649E-3,9.996104240E-1,1.768056418E2,1.561357529E-1,-5.972248635E-2,1.768055570E2
7.425820619E1,2.787463585E-2,5.591849331E-4,1.345844939E-3,9.996103644E-1,1.768053882E2,1.559488040E-1,-5.975402189E-2,1.768053035E2
7.426320619E1,2.787464408E-2,5.607728963E-4,1.345013385E-3,9.996103644E-1,1.768053873E2,1.558586249E-1,-5.993857315E-2,1.768053024E2
7.426820619E1,2.788719981E-2,5.700551555E-4,1.346629462E-3,9.996100068E-1,1.768039479E2,1.560741599E-1,-6.099470492E-2,1.768038615E2
7.427320619E1,2.788298284E-2,5.661695614E-4,1.347100944E-3,9.996101260E-1,1.768044314E2,1.561154935E-1,-6.054877403E-2,1.768043455E2
7.427820619E1,2.787456319E-2,5.605086335E-4,1.346798846E-3,9.996103644E-1,1.768053966E2,1.560622955E-1,-5.990261201E-2,1.768053116E2
7.428320619E1,2.787860742E-2,5.633104593E-4,1.350394450E-3,9.996102452E-1,1.768049329E2,1.564833556E-1,-6.021143411E-2,1.768048473E2
7.428820619E1,2.788078189E-2,5.646317732E-4,1.349070342E-3,9.996101856E-1,1.768046837E2,1.563360356E-1,-6.036667666E-2,1.768045979E2
7.429320619E1,2.788289506E-2,5.668568774E-4,1.348627964E-3,9.996101260E-1,1.768044414E2,1.562926002E-1,-6.062263848E-2,1.768043553E2
7.429820619E1,2.788067997E-2,5.641117459E-4,1.351392129E-3,9.996101856E-1,1.768046954E2,1.566003220E-1,-6.029970702E-2,1.768046095E2
7.430320619E1,2.788688555E-2,5.696435692E-4,1.353294938E-3,9.996100068E-1,1.768039840E2,1.568363366E-1,-6.092630724E-2,1.768038971E2
7.430820619E1,2.788923576E-2,5.711805425E-4,1.348232618E-3,9.996099472E-1,1.768037146E2,1.562615179E-1,-6.111817299E-2,1.768036278E2
7.431320619E1,2.789120300E-2,5.724441726E-4,1.351190382E-3,9.996098876E-1,1.768034890E2,1.566044806E-1,-6.125315679E-2,1.768034019E2
7.431820619E1,2.789547012E-2,5.765933893E-4,1.349527622E-3,9.996097684E-1,1.768029999E2,1.564275421E-1,-6.173308337E-2,1.768029122E2
7.432320619E1,2.790185072E-2,5.808593123E-4,1.348241582E-3,9.996095896E-1,1.768022684E2,1.562942646E-1,-6.222484492E-2,1.768021801E2
7.432820619E1,2.790420120E-2,5.829329602E-4,1.342882519E-3,9.996095300E-1,1.768019990E2,1.556871771E-1,-6.247914379E-2,1.768019107E2
7.433320619E1,2.789585914E-2,5.776272155E-4,1.341017312E-3,9.996097684E-1,1.768029553E2,1.554560398E-1,-6.187864914E-2,1.768028679E2
7.433820619E1,2.790168235E-2,5.812098971E-4,1.351570711E-3,9.996095896E-1,1.768022877E2,1.566767172E-1,-6.225438510E-2,1.768021991E2
7.434320619E1,2.791429969E-2,5.904606078E-4,1.351529500E-3,9.996092319E-1,1.768008413E2,1.567023755E-1,-6.331217872E-2,1.768007513E2
7.434820619E1,2.791642906E-2,5.926787271E-4,1.350661274E-3,9.996091723E-1,1.768005972E2,1.566101540E-1,-6.356870091E-2,1.768005069E2
7.435320619E1,2.790596825E-2,5.838432116E-4,1.350116683E-3,9.996094704E-1,1.768017964E2,1.565188510E-1,-6.256000100E-2,1.768017075E2
7.435820619E1,2.790143635E-2,5.812229356E-4,1.356634079E-3,9.996095896E-1,1.768023159E2,1.572567377E-1,-6.223972776E-2,1.768022270E2
7.436320619E1,2.790359893E-2,5.822624662E-4,1.355627668E-3,9.996095300E-1,1.768020680E2,1.571449151E-1,-6.236168061E-2,1.768019790E2
7.436820619E1,2.789757221E-2,5.785548710E-4,1.349385013E-3,9.996097088E-1,1.768027589E2,1.564176075E-1,-6.195789191E-2,1.768026709E2
7.437320619E1,2.789351935E-2,5.740317283E-4,1.346789184E-3,9.996098280E-1,1.768032235E2,1.561055528E-1,-6.144871167E-2,1.768031364E2
7.437820619E1,2.789741541E-2,5.778052728E-4,1.352943247E-3,9.996097088E-1,1.768027769E2,1.568227867E-1,-6.186067700E-2,1.768026887E2
7.438320619E1,2.789524742E-2,5.753255100E-4,1.354662352E-3,9.996097684E-1,1.768030254E2,1.570116437E-1,-6.157147267E-2,1.768029376E2
7.438820619E1,2.788702902E-2,5.689419340E-4,1.350631006E-3,9.996100068E-1,1.768039675E2,1.565289572E-1,-6.085442775E-2,1.768038810E2
7.439320619E1,2.789138134E-2,5.738167674E-4,1.346920151E-3,9.996098876E-1,1.768034686E2,1.561197362E-1,-6.142400385E-2,1.768033815E2
7.439820619E1,2.790188181E-2,5.816984340E-4,1.347235870E-3,9.996095896E-1,1.768022649E2,1.561817483E-1,-6.232417447E-2,1.768021765E2
7.440320619E1,2.790187706E-2,5.814546603E-4,1.347439596E-3,9.996095896E-1,1.768022654E2,1.562043049E-1,-6.229560031E-2,1.768021770E2
7.440820619E1,2.788707226E-2,5.704645882E-4,1.349095139E-3,9.996100068E-1,1.768039626E2,1.563578968E-1,-6.103374448E-2,1.768038759E2
7.441320619E1,2.789132777E-2,5.736342282E-4,1.348106540E-3,9.996098876E-1,1.768034747E2,1.562550469E-1,-6.139931098E-2,1.768033876E2
7.441820619E1,2.789951378E-2,5.797629710E-4,1.352874446E-3,9.996096492E-1,1.768025363E2,1.568212950E-1,-6.208481594E-2,1.768024479E2
7.442320619E1,2.789954543E-2,5.801618099E-4,1.352050574E-3,9.996096492E-1,1.768025327E2,1.567282001E-1,-6.213313076E-2,1.768024442E2
7.442820619E1,2.790794780E-2,5.857368815E-4,1.352507505E-3,9.996094108E-1,1.768015695E2,1.567988930E-1,-6.276895882E-2,1.768014801E2
7.443320619E1,2.791433221E-2,5.916578230E-4,1.350333681E-3,9.996092319E-1,1.768008376E2,1.565692300E-1,-6.345313603E-2,1.768007474E2
7.443820619E1,2.791214829E-2,5.902160192E-4,1.351984683E-3,9.996092916E-1,1.768010879E2,1.567535968E-1,-6.328304318E-2,1.768009979E2
7.444320619E1,2.791434476E-2,5.911663175E-4,1.350289444E-3,9.996092319E-1,1.768008362E2,1.565625912E-1,-6.339697518E-2,1.768007461E2
7.444820619E1,2.791640746E-2,5.920550902E-4,1.351381070E-3,9.996091723E-1,1.768005997E2,1.566906080E-1,-6.349496600E-2,1.768005094E2
7.445320619E1,2.792046238E-2,5.958640832E-4,1.354111126E-3,9.996090531E-1,1.768001349E2,1.570157731E-1,-6.392190336E-2,1.768000438E2
7.445820619E1,2.791663883E-2,5.940169212E-4,1.345728640E-3,9.996091723E-1,1.768005732E2,1.560494300E-1,-6.373773392E-2,1.768004829E2
7.446320619E1,2.791046665E-2,5.885004648E-4,1.343352371E-3,9.996093512E-1,1.768012807E2,1.557591969E-1,-6.311440515E-2,1.768011915E2
7.446820619E1,2.790828105E-2,5.861819955E-4,1.345419674E-3,9.996094108E-1,1.768015313E2,1.559884473E-1,-6.284256085E-2,1.768014423E2
7.447320619E1,2.791017833E-2,5.876711220E-4,1.349690952E-3,9.996093512E-1,1.768013138E2,1.564825920E-1,-6.299917841E-2,1.768012243E2
7.447820619E1,2.791446509E-2,5.915630027E-4,1.347625512E-3,9.996092319E-1,1.768008224E2,1.562587222E-1,-6.345091690E-2,1.768007324E2
7.448320619E1,2.791428391E-2,5.904455902E-4,1.351861865E-3,9.996092319E-1,1.768008431E2,1.567403980E-1,-6.330939779E-2,1.768007531E2
7.448820619E1,2.791629344E-2,5.927608581E-4,1.353425556E-3,9.996091723E-1,1.768006128E2,1.569270485E-1,-6.356928688E-2,1.768005222E2
7.449320619E1,2.791376729E-2,5.898338859E-4,1.362752402E-3,9.996092319E-1,1.768009024E2,1.579858874E-1,-6.320457363E-2,1.768008117E2
7.449820619E1,2.790752340E-2,5.860158126E-4,1.361116301E-3,9.996094108E-1,1.768016181E2,1.577858710E-1,-6.277344462E-2,1.768015282E2
7.450320619E1,2.791172624E-2,5.880479584E-4,1.361608505E-3,9.996092916E-1,1.768011363E2,1.578490157E-1,-6.300398271E-2,1.768010460E2
7.450820619E1,2.791178451E-2,5.882705445E-4,1.360317343E-3,9.996092916E-1,1.768011296E2,1.577018325E-1,-6.303359989E-2,1.768010394E2
7.451320619E1,2.791823324E-2,5.944105797E-4,1.356708002E-3,9.996091127E-1,1.768003904E2,1.573084446E-1,-6.374745118E-2,1.768002994E2
7.451820619E1,2.791611404E-2,5.924644065E-4,1.357250265E-3,9.996091723E-1,1.768006333E2,1.573641978E-1,-6.352312205E-2,1.768005426E2
7.452320619E1,2.790770779E-2,5.860711681E-4,1.357306610E-3,9.996094108E-1,1.768015970E2,1.573496706E-1,-6.279194001E-2,1.768015073E2
7.452820619E1,2.790980176E-2,5.868183798E-4,1.357824309E-3,9.996093512E-1,1.768013569E2,1.574114929E-1,-6.287554536E-2,1.768012671E2
7.453320619E1,2.791836695E-2,5.944126751E-4,1.353952917E-3,9.996091127E-1,1.768003751E2,1.569928730E-1,-6.375648453E-2,1.768002842E2
7.453820619E1,2.791189464E-2,5.883788108E-4,1.358008827E-3,9.996092916E-1,1.768011170E2,1.574377520E-1,-6.305336799E-2,1.768010269E2
7.454320619E1,2.789703116E-2,5.770127173E-4,1.361179515E-3,9.996097088E-1,1.768028209E2,1.577636698E-1,-6.174362237E-2,1.768027324E2
7.454820619E1,2.790555870E-2,5.838898360E-4,1.358535257E-3,9.996094704E-1,1.768018434E2,1.574832976E-1,-6.253848460E-2,1.768017539E2
7.455320619E1,2.790593858E-2,5.841763341E-4,1.350585721E-3,9.996094704E-1,1.768017998E2,1.565736414E-1,-6.259666384E-2,1.768017108E2
7.455820619E1,2.790373900E-2,5.822819658E-4,1.352733001E-3,9.996095300E-1,1.768020520E2,1.568134106E-1,-6.237314826E-2,1.768019631E2
7.456320619E1,2.789926297E-2,5.790066207E-4,1.358359586E-3,9.996096492E-1,1.768025651E2,1.574471681E-1,-6.198068113E-2,1.768024764E2
7.456820619E1,2.790354836E-2,5.823767860E-4,1.356618945E-3,9.996095300E-1,1.768020738E2,1.572588254E-1,-6.237161383E-2,1.768019847E2
7.457320619E1,2.790177715E-2,5.809207796E-4,1.349736704E-3,9.996095896E-1,1.768022769E2,1.564657185E-1,-6.222711680E-2,1.768021884E2
7.457820619E1,2.791004864E-2,5.882872501E-4,1.352102146E-3,9.996093512E-1,1.768013286E2,1.567607497E-1,-6.306206238E-2,1.768012389E2
7.458320619E1,2.790996348E-2,5.878728698E-4,1.354038832E-3,9.996093512E-1,1.768013384E2,1.569812606E-1,-6.300841561E-2,1.768012486E2
7.458820619E1,2.791421584E-2,5.915919319E-4,1.352765947E-3,9.996092319E-1,1.768008509E2,1.568476207E-1,-6.343782625E-2,1.768007606E2
7.459320619E1,2.791868652E-2,5.946952151E-4,1.347222482E-3,9.996091127E-1,1.768003384E2,1.562228459E-1,-6.381033134E-2,1.768002480E2
7.459820619E1,2.791872452E-2,5.941317650E-4,1.346683595E-3,9.996091127E-1,1.768003341E2,1.561593177E-1,-6.374750807E-2,1.768002437E2
7.460320619E1,2.791869318E-2,5.952846841E-4,1.346824225E-3,9.996091127E-1,1.768003377E2,1.561791132E-1,-6.387912624E-2,1.768002471E2
7.460820619E1,2.792272733E-2,5.972178769E-4,1.350808074E-3,9.996089935E-1,1.767998752E2,1.566418952E-1,-6.408718943E-2,1.767997841E2
7.461320619E1,2.791830363E-2,5.946702440E-4,1.355145010E-3,9.996091127E-1,1.768003823E2,1.571302438E-1,-6.378218430E-2,1.768002914E2
7.461820619E1,2.791600968E-2,5.926221493E-4,1.359326299E-3,9.996091723E-1,1.768006453E2,1.576024995E-1,-6.353456610E-2,1.768005544E2
7.462320619E1,2.791806617E-2,5.930693005E-4,1.360727008E-3,9.996091127E-1,1.768004095E2,1.577645079E-1,-6.358098036E-2,1.768003185E2
7.462820619E1,2.792636772E-2,6.006279145E-4,1.362208044E-3,9.996088743E-1,1.767994579E2,1.579588748E-1,-6.444074534E-2,1.767993655E2
7.463320619E1,2.792406616E-2,5.982841831E-4,1.366675133E-3,9.996089339E-1,1.767997217E2,1.584629179E-1,-6.415834765E-2,1.767996294E2
7.463820619E1,2.792606954E-2,6.008126074E-4,1.368226134E-3,9.996088743E-1,1.767994921E2,1.586488009E-1,-6.444268942E-2,1.767993993E2
7.464320619E1,2.793043117E-2,6.032215897E-4,1.365226111E-3,9.996087551E-1,1.767989921E2,1.583131493E-1,-6.472754042E-2,1.767988991E2
7.464820619E1,2.792847743E-2,6.017421256E-4,1.362202805E-3,9.996088147E-1,1.767992160E2,1.579619769E-1,-6.456805800E-2,1.767991235E2
7.465320619E1,2.791780310E-2,5.943811266E-4,1.365543460E-3,9.996091127E-1,1.768004397E2,1.583203985E-1,-6.371587838E-2,1.768003481E2
7.465820619E1,2.792177040E-2,5.958185066E-4,1.371054794E-3,9.996089935E-1,1.767999849E2,1.589565579E-1,-6.386226269E-2,1.767998927E2
7.466320619E1,2.793249413E-2,6.055767881E-4,1.365619013E-3,9.996086955E-1,1.767987556E2,1.583658278E-1,-6.499573637E-2,1.767986622E2
7.466820619E1,2.793058277E-2,6.035862025E-4,1.361959614E-3,9.996087551E-1,1.767989747E2,1.579401587E-1,-6.477973672E-2,1.767988818E2
7.467320619E1,2.791986875E-2,5.943118595E-4,1.366972341E-3,9.996090531E-1,1.768002029E2,1.584839827E-1,-6.370304522E-2,1.768001112E2
7.467820619E1,2.791981039E-2,5.951756029E-4,1.367788180E-3,9.996090531E-1,1.768002096E2,1.585801946E-1,-6.379938326E-2,1.768001177E2
7.468320619E1,2.792844044E-2,6.018926506E-4,1.362894429E-3,9.996088147E-1,1.767992203E2,1.580416797E-1,-6.458309249E-2,1.767991277E2
7.468820619E1,2.793065261E-2,6.044277688E-4,1.360152964E-3,9.996087551E-1,1.767989667E2,1.577359107E-1,-6.488190695E-2,1.767988738E2
7.469320619E1,2.792646209E-2,6.013645907E-4,1.359946560E-3,9.996088743E-1,1.767994471E2,1.577021922E-1,-6.453235158E-2,1.767993547E2
7.469820619E1,2.792856860E-2,6.018041167E-4,1.360304886E-3,9.996088147E-1,1.767992056E2,1.577447802E-1,-6.458121872E-2,1.767991131E2
7.470320619E1,2.792862826E-2,6.016808329E-4,1.359133981E-3,9.996088147E-1,1.767991987E2,1.576102658E-1,-6.457083500E-2,1.767991064E2
7.470820619E1,2.792442912E-2,5.993100931E-4,1.358786947E-3,9.996089339E-1,1.767996801E2,1.575626560E-1,-6.430104699E-2,1.767995882E2
7.471320619E1,2.792437352E-2,5.990463542E-4,1.360045280E-3,9.996089339E-1,1.767996865E2,1.577059468E-1,-6.426681866E-2,1.767995945E2
7.471820619E1,2.791788836E-2,5.939967814E-4,1.363966730E-3,9.996091127E-1,1.768004299E2,1.581385646E-1,-6.367688371E-2,1.768003385E2
7.472320619E1,2.791157910E-2,5.880548269E-4,1.364618423E-3,9.996092916E-1,1.768011532E2,1.581938057E-1,-6.299516541E-2,1.768010627E2
7.472820619E1,2.791356457E-2,5.906058359E-4,1.366565237E-3,9.996092319E-1,1.768009256E2,1.584250931E-1,-6.328083376E-2,1.768008346E2
7.473320619E1,2.792412268E-2,5.977725959E-4,1.365743927E-3,9.996089339E-1,1.767997152E2,1.583546174E-1,-6.410271786E-2,1.767996231E2
7.473820619E1,2.792447597E-2,5.996313994E-4,1.357681933E-3,9.996089339E-1,1.767996747E2,1.574371112E-1,-6.434138026E-2,1.767995828E2
7.474320619E1,2.792042029E-2,5.961943534E-4,1.354833483E-3,9.996090531E-1,1.768001397E2,1.570995710E-1,-6.395743017E-2,1.768000485E2
7.474820619E1,2.791187641E-2,5.893756170E-4,1.357951201E-3,9.996092916E-1,1.768011191E2,1.574343385E-1,-6.316773616E-2,1.768010288E2
7.475320619E1,2.792034331E-2,5.962688010E-4,1.356386230E-3,9.996090531E-1,1.768001485E2,1.572776669E-1,-6.396100193E-2,1.768000572E2
7.475820619E1,2.792660679E-2,6.006208132E-4,1.357301255E-3,9.996088743E-1,1.767994305E2,1.573968093E-1,-6.445559708E-2,1.767993384E2
7.476320619E1,2.791819908E-2,5.942272837E-4,1.357491012E-3,9.996091127E-1,1.768003943E2,1.573975474E-1,-6.372395553E-2,1.768003033E2
7.476820619E1,2.791795074E-2,5.929054460E-4,1.363164629E-3,9.996091127E-1,1.768004228E2,1.580431986E-1,-6.355443100E-2,1.768003316E2
7.477320619E1,2.792033969E-2,5.962995929E-4,1.356447232E-3,9.996090531E-1,1.768001489E2,1.572847528E-1,-6.396433444E-2,1.768000576E2
7.477820619E1,2.792476617E-2,5.989690544E-4,1.351993531E-3,9.996089339E-1,1.767996415E2,1.567834207E-1,-6.428366817E-2,1.767995500E2
7.478320619E1,2.791196819E-2,5.896732328E-4,1.355934073E-3,9.996092916E-1,1.768011086E2,1.572042402E-1,-6.320826457E-2,1.768010184E2
7.478820619E1,2.790784232E-2,5.853356561E-4,1.354855602E-3,9.996094108E-1,1.768015816E2,1.570665708E-1,-6.271550682E-2,1.768014921E2
7.479320619E1,2.790780113E-2,5.867372383E-4,1.355097862E-3,9.996094108E-1,1.768015863E2,1.570988011E-1,-6.287528533E-2,1.768014966E2
7.479820619E1,2.790607244E-2,5.841549137E-4,1.347826328E-3,9.996094704E-1,1.768017845E2,1.562575009E-1,-6.260301348E-2,1.768016956E2
7.480320619E1,2.789972386E-2,5.799916107E-4,1.348436694E-3,9.996096492E-1,1.768025122E2,1.563137074E-1,-6.212516117E-2,1.768024240E2
7.480820619E1,2.790168722E-2,5.810324219E-4,1.351546496E-3,9.996095896E-1,1.768022872E2,1.566733763E-1,-6.223413254E-2,1.768021986E2
7.481320619E1,2.790172278E-2,5.811188021E-4,1.350775012E-3,9.996095896E-1,1.768022831E2,1.565852835E-1,-6.224648828E-2,1.768021946E2
7.481820619E1,2.789993809E-2,5.800492363E-4,1.343972166E-3,9.996096492E-1,1.768024877E2,1.558025063E-1,-6.214600244E-2,1.768023998E2
7.482320619E1,2.790001133E-2,5.802443484E-4,1.342366450E-3,9.996096492E-1,1.768024793E2,1.556192045E-1,-6.217347429E-2,1.768023914E2
7.482820619E1,2.789543975E-2,5.768380361E-4,1.350050792E-3,9.996097684E-1,1.768030034E2,1.564882500E-1,-6.175943924E-2,1.768029156E2
7.483320619E1,2.790598521E-2,5.842701648E-4,1.349581173E-3,9.996094704E-1,1.768017945E2,1.564588763E-1,-6.261061698E-2,1.768017055E2
7.483820619E1,2.789582314E-2,5.763536901E-4,1.342313597E-3,9.996097684E-1,1.768029594E2,1.556004519E-1,-6.172863253E-2,1.768028722E2
7.484320619E1,2.789169190E-2,5.743223592E-4,1.340257237E-3,9.996098876E-1,1.768034330E2,1.553581536E-1,-6.150316560E-2,1.768033462E2
7.484820619E1,2.789589838E-2,5.776354810E-4,1.340197399E-3,9.996097684E-1,1.768029508E2,1.553621499E-1,-6.188221086E-2,1.768028635E2
7.485320619E1,2.790483815E-2,5.840762751E-4,1.329079270E-3,9.996095300E-1,1.768019260E2,1.541097512E-1,-6.265414703E-2,1.768018383E2
7.485820619E1,2.790700815E-2,5.879037781E-4,1.280958299E-3,9.996095300E-1,1.768016772E2,1.486100117E-1,-6.324613159E-2,1.768015920E2
7.486320619E1,2.789238171E-2,5.763981026E-4,1.231704024E-3,9.996100068E-1,1.768033539E2,1.429303735E-1,-6.208779895E-2,1.768032735E2
7.486820619E1,2.798265902E-2,6.507555954E-4,1.177467406E-3,9.996075034E-1,1.767930049E2,1.369617995E-1,-7.076620797E-2,1.767929174E2
7.487320619E1,2.802850730E-2,6.857349072E-4,1.180354971E-3,9.996061921E-1,1.767877490E2,1.374081633E-1,-7.475740818E-2,1.767876563E2
7.487820619E1,2.804967131E-2,7.035120507E-4,1.171889482E-3,9.996055961E-1,1.767853228E2,1.364971981E-1,-7.681801792E-2,1.767852283E2
7.488320619E1,2.800210798E-2,6.660651416E-4,1.161846099E-3,9.996069670E-1,1.767907753E2,1.352229356E-1,-7.256732615E-2,1.767906868E2
7.488820619E1,2.797094249E-2,6.417391705E-4,1.157017774E-3,9.996078610E-1,1.767943480E2,1.345896268E-1,-6.980055963E-2,1.767942632E2
7.489320619E1,2.797744154E-2,6.460446748E-4,1.151964418E-3,9.996076822E-1,1.767936030E2,1.340250391E-1,-7.030906703E-2,1.767935179E2
7.489820619E1,2.802131704E-2,6.808139151E-4,1.151662087E-3,9.996064305E-1,1.767885732E2,1.341051474E-1,-7.428684988E-2,1.767884834E2
7.490320619E1,2.806091960E-2,7.125634002E-4,1.151160453E-3,9.996052980E-1,1.767840333E2,1.341527306E-1,-7.791993836E-2,1.767839392E2
7.490820619E1,2.803762559E-2,6.938097067E-4,1.160827233E-3,9.996059537E-1,1.767867037E2,1.351979535E-1,-7.574383641E-2,1.767866114E2
7.491320619E1,2.799349705E-2,6.583441864E-4,1.168604475E-3,9.996072054E-1,1.767917624E2,1.359716912E-1,-7.166240167E-2,1.767916745E2
7.491820619E1,2.796992804E-2,6.392551586E-4,1.182633103E-3,9.996078610E-1,1.767944643E2,1.375157494E-1,-6.943405854E-2,1.767943781E2
7.492320619E1,2.799475208E-2,6.601127097E-4,1.188360271E-3,9.996071458E-1,1.767916185E2,1.382404182E-1,-7.180143160E-2,1.767915290E2
7.492820619E1,2.801136258E-2,6.728189182E-4,1.190912793E-3,9.996066689E-1,1.767897144E2,1.385747830E-1,-7.324639302E-2,1.767896228E2
7.493320619E1,2.799853271E-2,6.622853107E-4,1.198316342E-3,9.996070266E-1,1.767911852E2,1.393880968E-1,-7.201782880E-2,1.767910945E2
7.493820619E1,2.796889876E-2,6.385082379E-4,1.207125722E-3,9.996078610E-1,1.767945823E2,1.403188368E-1,-6.927014183E-2,1.767944945E2
7.494320619E1,2.794353543E-2,6.182621000E-4,1.212753705E-3,9.996085763E-1,1.767974898E2,1.408969121E-1,-6.693655122E-2,1.767974046E2
7.494820619E1,2.795872279E-2,6.307002041E-4,1.200153027E-3,9.996081591E-1,1.767957488E2,1.394944133E-1,-6.839952579E-2,1.767956626E2
7.495320619E1,2.800341535E-2,6.659679348E-4,1.181506785E-3,9.996069074E-1,1.767906254E2,1.374747865E-1,-7.249292253E-2,1.767905355E2
7.495820619E1,2.803278641E-2,6.898615393E-4,1.177282189E-3,9.996060729E-1,1.767872584E2,1.370697635E-1,-7.523938213E-2,1.767871654E2
7.496320619E1,2.803736951E-2,6.937997532E-4,1.167002018E-3,9.996059537E-1,1.767867330E2,1.359052031E-1,-7.572289169E-2,1.767866403E2
7.496820619E1,2.801472269E-2,6.758235977E-4,1.159797423E-3,9.996066093E-1,1.767893292E2,1.350205119E-1,-7.368999384E-2,1.767892395E2
7.497320619E1,2.800450750E-2,6.690038717E-4,1.153575489E-3,9.996069074E-1,1.767905002E2,1.342851696E-1,-7.293016477E-2,1.767904119E2
7.497820619E1,2.802122623E-2,6.820273120E-4,1.153152669E-3,9.996064305E-1,1.767885836E2,1.342797784E-1,-7.442106605E-2,1.767884936E2
7.498320619E1,2.805489813E-2,7.089066785E-4,1.144893467E-3,9.996054769E-1,1.767847236E2,1.334226424E-1,-7.752203023E-2,1.767846304E2
7.498820619E1,2.805688849E-2,7.094810717E-4,1.147800474E-3,9.996054173E-1,1.767844954E2,1.337576314E-1,-7.757821269E-2,1.767844020E2
7.499320619E1,2.804008202E-2,6.972626434E-4,1.150707598E-3,9.996058941E-1,1.767864221E2,1.340500652E-1,-7.617154272E-2,1.767863301E2
7.499820619E1,2.801728451E-2,6.790530169E-4,1.147332950E-3,9.996065497E-1,1.767890355E2,1.336033054E-1,-7.409958541E-2,1.767889463E2
7.500320619E1,2.801823784E-2,6.805752637E-4,1.122890506E-3,9.996065497E-1,1.767889262E2,1.308084621E-1,-7.435230450E-2,1.767888386E2
7.500820619E1,2.808766478E-2,7.357521681E-4,1.104458352E-3,9.996045828E-1,1.767809674E2,1.288798951E-1,-8.072285677E-2,1.767808737E2
7.501320619E1,2.812352549E-2,7.625758881E-4,1.144019887E-3,9.996035099E-1,1.767768564E2,1.335008752E-1,-8.366328822E-2,1.767767559E2
7.501820619E1,2.807065027E-2,7.192806806E-4,1.168403076E-3,9.996050000E-1,1.767829178E2,1.361501813E-1,-7.863260703E-2,1.767828214E2
7.502320619E1,2.797999539E-2,6.494885311E-4,1.139656059E-3,9.996076226E-1,1.767933102E2,1.326263780E-1,-7.074267177E-2,1.767932256E2
7.502820619E1,2.796988777E-2,6.409806083E-4,1.131150988E-3,9.996079206E-1,1.767944689E2,1.316241625E-1,-6.979671908E-2,1.767943860E2
7.503320619E1,2.805318517E-2,7.070627762E-4,1.135931816E-3,9.996055365E-1,1.767849200E2,1.323900547E-1,-7.733985600E-2,1.767848277E2
7.503820619E1,2.812168208E-2,7.612768095E-4,1.138104592E-3,9.996035695E-1,1.767770677E2,1.328189584E-1,-8.353379261E-2,1.767769679E2
7.504320619E1,2.810316257E-2,7.470153505E-4,1.133839018E-3,9.996041059E-1,1.767791907E2,1.322828728E-1,-8.191639395E-2,1.767790932E2
7.504820619E1,2.803233550E-2,6.904526963E-4,1.136351726E-3,9.996061325E-1,1.767873101E2,1.323831803E-1,-7.543864243E-2,1.767872201E2
7.505320619E1,2.798177133E-2,6.499085575E-4,1.148062525E-3,9.996075630E-1,1.767931066E2,1.335907846E-1,-7.076359290E-2,1.767930213E2
7.505820619E1,2.800475963E-2,6.679688231E-4,1.148041221E-3,9.996069074E-1,1.767904713E2,1.336479337E-1,-7.282933022E-2,1.767903835E2
7.506320619E1,2.805709198E-2,7.094140165E-4,1.142857247E-3,9.996054173E-1,1.767844721E2,1.331912017E-1,-7.758639800E-2,1.767843790E2
7.506820619E1,2.807988311E-2,7.289412897E-4,1.144287759E-3,9.996047616E-1,1.767818594E2,1.334196695E-1,-7.981553533E-2,1.767817635E2
7.507320619E1,2.804217642E-2,6.989092799E-4,1.150448923E-3,9.996058345E-1,1.767861820E2,1.340258862E-1,-7.636070945E-2,1.767860898E2
7.507820619E1,2.799418952E-2,6.608377444E-4,1.150468248E-3,9.996072054E-1,1.767916830E2,1.339022941E-1,-7.200611683E-2,1.767915961E2
7.508320619E1,2.796467040E-2,6.372178323E-4,1.156640821E-3,9.996080399E-1,1.767950670E2,1.345315202E-1,-6.928470781E-2,1.767949829E2
7.508820619E1,2.799366071E-2,6.584606599E-4,1.164611545E-3,9.996072054E-1,1.767917437E2,1.355146994E-1,-7.168853008E-2,1.767916560E2
7.509320619E1,2.803134453E-2,6.893784157E-4,1.161178341E-3,9.996061325E-1,1.767874237E2,1.352234607E-1,-7.523596934E-2,1.767873320E2
7.509820619E1,2.801901044E-2,6.792029599E-4,1.156986225E-3,9.996064901E-1,1.767888377E2,1.347096657E-1,-7.408553510E-2,1.767887477E2
7.510320619E1,2.801778240E-2,6.408807822E-4,1.157090534E-3,9.996065497E-1,1.767889784E2,1.345984756E-1,-6.969569392E-2,1.767888938E2
7.510820619E1,2.800507912E-2,6.239036447E-4,1.164916437E-3,9.996069074E-1,1.767904347E2,1.354395353E-1,-6.772761676E-2,1.767903518E2
7.511320619E1,2.799428374E-2,6.370875635E-4,1.161519554E-3,9.996072054E-1,1.767916722E2,1.350919980E-1,-6.925014950E-2,1.767915878E2
7.511820619E1,2.798539550E-2,6.552088889E-4,1.160439802E-3,9.996074438E-1,1.767926912E2,1.350258178E-1,-7.133054991E-2,1.767926043E2
7.512320619E1,2.800222577E-2,6.659353385E-4,1.159078209E-3,9.996069670E-1,1.767907618E2,1.349054747E-1,-7.256132363E-2,1.767906735E2
7.512820619E1,2.801919031E-2,6.533976411E-4,1.167444047E-3,9.996064901E-1,1.767888170E2,1.358247265E-1,-7.109602321E-2,1.767887299E2
7.513320619E1,2.801509673E-2,6.315832143E-4,1.175590325E-3,9.996066093E-1,1.767892863E2,1.366875285E-1,-6.857166014E-2,1.767892017E2
7.513820619E1,2.800456773E-2,6.251242012E-4,1.176498597E-3,9.996069074E-1,1.767904933E2,1.367701167E-1,-6.783032742E-2,1.767904095E2
7.514320619E1,2.799572067E-2,6.314022467E-4,1.181121566E-3,9.996071458E-1,1.767915075E2,1.373192046E-1,-6.853583530E-2,1.767914225E2
7.514820619E1,2.800140708E-2,6.368978065E-4,1.194630982E-3,9.996069670E-1,1.767908556E2,1.388846895E-1,-6.912120241E-2,1.767907689E2
7.515320619E1,2.800768107E-2,6.207358092E-4,1.205634908E-3,9.996067882E-1,1.767901364E2,1.400937121E-1,-6.723371244E-2,1.767900513E2
7.515820619E1,2.800761896E-2,5.992778460E-4,1.217872719E-3,9.996067882E-1,1.767901435E2,1.414266360E-1,-6.473650830E-2,1.767900607E2
7.516320619E1,2.800324358E-2,5.840448430E-4,1.227999805E-3,9.996069074E-1,1.767906451E2,1.425374919E-1,-6.295974144E-2,1.767905638E2
7.516820619E1,2.799627249E-2,5.846476997E-4,1.241035527E-3,9.996070862E-1,1.767914443E2,1.440321870E-1,-6.298796916E-2,1.767913621E2
7.517320619E1,2.799160908E-2,5.921549164E-4,1.246637083E-3,9.996072054E-1,1.767919789E2,1.446976155E-1,-6.383059905E-2,1.767918952E2
7.517820619E1,2.800167624E-2,6.048120558E-4,1.253424445E-3,9.996069074E-1,1.767908248E2,1.455163456E-1,-6.525719381E-2,1.767907388E2
7.518320619E1,2.802179412E-2,6.052401150E-4,1.278712414E-3,9.996063113E-1,1.767885185E2,1.484156871E-1,-6.522209435E-2,1.767884309E2
7.518820619E1,2.802123456E-2,5.769398995E-4,1.303810044E-3,9.996063113E-1,1.767885827E2,1.511996223E-1,-6.189989679E-2,1.767884978E2
7.519320619E1,2.802102304E-2,5.596480914E-4,1.315837610E-3,9.996063113E-1,1.767886069E2,1.525217994E-1,-5.988059191E-2,1.767885240E2
7.519820619E1,2.800941430E-2,5.595533876E-4,1.336474903E-3,9.996066093E-1,1.767899377E2,1.548847348E-1,-5.980527507E-2,1.767898535E2
7.520320619E1,2.800238734E-2,5.695327418E-4,1.345735276E-3,9.996067882E-1,1.767907433E2,1.559770849E-1,-6.091974839E-2,1.767906569E2
7.520820619E1,2.801703604E-2,5.865442799E-4,1.343451324E-3,9.996063709E-1,1.767890640E2,1.557709786E-1,-6.287340734E-2,1.767889751E2
7.521320619E1,2.802129370E-2,5.791661679E-4,1.346549252E-3,9.996062517E-1,1.767885759E2,1.561024108E-1,-6.201765944E-2,1.767884880E2
7.521820619E1,2.802359001E-2,5.615960108E-4,1.350446022E-3,9.996061921E-1,1.767883127E2,1.564924884E-1,-5.999218764E-2,1.767882273E2
7.522320619E1,2.801512443E-2,5.530753988E-4,1.353127067E-3,9.996064305E-1,1.767892831E2,1.567717294E-1,-5.900889961E-2,1.767891990E2
7.522820619E1,2.801506439E-2,5.658278824E-4,1.349091646E-3,9.996064305E-1,1.767892900E2,1.563504240E-1,-6.048261643E-2,1.767892041E2
7.523320619E1,2.801095323E-2,5.686575314E-4,1.344933058E-3,9.996065497E-1,1.767897613E2,1.558829059E-1,-6.082073454E-2,1.767896751E2
7.523820619E1,2.801073578E-2,5.675299326E-4,1.349928905E-3,9.996065497E-1,1.767897862E2,1.564515311E-1,-6.067556987E-2,1.767897000E2
7.524320619E1,2.802568274E-2,5.662328331E-4,1.349200145E-3,9.996061325E-1,1.767880728E2,1.563647953E-1,-6.052699280E-2,1.767879867E2
7.524820619E1,2.802568539E-2,5.612939713E-4,1.351207262E-3,9.996061325E-1,1.767880725E2,1.565788416E-1,-5.995481724E-2,1.767879871E2
7.525320619E1,2.801301597E-2,5.533164949E-4,1.352648134E-3,9.996064901E-1,1.767895248E2,1.567175188E-1,-5.903838444E-2,1.767894407E2
7.525820619E1,2.801481044E-2,5.698145833E-4,1.352682360E-3,9.996064305E-1,1.767893191E2,1.567745126E-1,-6.092779129E-2,1.767892323E2
7.526320619E1,2.802752543E-2,5.780282663E-4,1.350080594E-3,9.996060729E-1,1.767878615E2,1.565036461E-1,-6.187500169E-2,1.767877736E2
7.526820619E1,2.802144665E-2,5.671397666E-4,1.348484075E-3,9.996062517E-1,1.767885584E2,1.562854277E-1,-6.063384086E-2,1.767884722E2
7.527320619E1,2.803619895E-2,5.667180521E-4,1.351312152E-3,9.996058345E-1,1.767868672E2,1.566089144E-1,-6.057414244E-2,1.767867810E2
7.527820619E1,2.803388921E-2,5.676973960E-4,1.354724518E-3,9.996058941E-1,1.767871320E2,1.570027959E-1,-6.067572230E-2,1.767870454E2
7.528320619E1,2.803415963E-2,5.754894810E-4,1.345811528E-3,9.996058941E-1,1.767871010E2,1.560068929E-1,-6.159686889E-2,1.767870137E2
7.528820619E1,2.803187191E-2,5.754699232E-4,1.349197002E-3,9.996059537E-1,1.767873633E2,1.563944839E-1,-6.158411047E-2,1.767872758E2
7.529320619E1,2.803838846E-2,5.717726308E-4,1.347841346E-3,9.996057749E-1,1.767866162E2,1.562277193E-1,-6.116393514E-2,1.767865294E2
7.529820619E1,2.804281882E-2,5.710719852E-4,1.344374148E-3,9.996056557E-1,1.767861083E2,1.558285828E-1,-6.109412834E-2,1.767860218E2
7.530320619E1,2.804109523E-2,5.685430369E-4,1.337059191E-3,9.996057153E-1,1.767863059E2,1.549824469E-1,-6.082822070E-2,1.767862203E2
7.530820619E1,2.803889023E-2,5.718389875E-4,1.337334164E-3,9.996057749E-1,1.767865587E2,1.550244007E-1,-6.120521837E-2,1.767864725E2
7.531320619E1,2.803451001E-2,5.711890990E-4,1.340333838E-3,9.996058941E-1,1.767870608E2,1.553656472E-1,-6.112181849E-2,1.767869746E2
7.531820619E1,2.803911024E-2,5.719072069E-4,1.332683954E-3,9.996057749E-1,1.767865335E2,1.544919674E-1,-6.122794028E-2,1.767864476E2
7.532320619E1,2.803955131E-2,5.689829704E-4,1.324631507E-3,9.996057749E-1,1.767864829E2,1.535602169E-1,-6.091878533E-2,1.767863979E2
7.532820619E1,2.803939174E-2,5.702259368E-4,1.327471691E-3,9.996057749E-1,1.767865012E2,1.538895349E-1,-6.105206119E-2,1.767864159E2
7.533320619E1,2.804525503E-2,5.768573610E-4,1.335372683E-3,9.996055961E-1,1.767858291E2,1.548162384E-1,-6.178537174E-2,1.767857422E2
7.533820619E1,2.804521037E-2,5.795565667E-4,1.335141831E-3,9.996055961E-1,1.767858342E2,1.547984676E-1,-6.209530485E-2,1.767857469E2
7.534320619E1,2.804114552E-2,5.734937149E-4,1.333886292E-3,9.996057153E-1,1.767863002E2,1.546349141E-1,-6.140549096E-2,1.767862139E2
7.534820619E1,2.803664765E-2,5.698758760E-4,1.340632560E-3,9.996058345E-1,1.767868158E2,1.553957761E-1,-6.097010150E-2,1.767867297E2
7.535320619E1,2.804509977E-2,5.738532636E-4,1.339919982E-3,9.996055961E-1,1.767858469E2,1.553274514E-1,-6.142667306E-2,1.767857602E2
7.535820619E1,2.804532803E-2,5.740202032E-4,1.335062203E-3,9.996055961E-1,1.767858207E2,1.547715598E-1,-6.146137208E-2,1.767857343E2
7.536320619E1,2.804545635E-2,5.743749789E-4,1.332210843E-3,9.996055961E-1,1.767858060E2,1.544460942E-1,-6.151115437E-2,1.767857197E2
7.536820619E1,2.804317408E-2,5.693787243E-4,1.337664900E-3,9.996056557E-1,1.767860676E2,1.550546410E-1,-6.092167686E-2,1.767859818E2
7.537320619E1,2.804527805E-2,5.676554283E-4,1.338828239E-3,9.996055961E-1,1.767858264E2,1.551824870E-1,-6.072021438E-2,1.767857408E2
7.537820619E1,2.804942725E-2,5.734789302E-4,1.338428818E-3,9.996054769E-1,1.767853508E2,1.551557063E-1,-6.138791515E-2,1.767852642E2
7.538320619E1,2.804713341E-2,5.737690371E-4,1.341854455E-3,9.996055365E-1,1.767856137E2,1.555488931E-1,-6.141049172E-2,1.767855270E2
7.538820619E1,2.804695906E-2,5.725046503E-4,1.346032252E-3,9.996055365E-1,1.767856337E2,1.560233709E-1,-6.125226033E-2,1.767855469E2
7.539320619E1,2.804708317E-2,5.757793551E-4,1.342043397E-3,9.996055365E-1,1.767856195E2,1.555769943E-1,-6.164016692E-2,1.767855324E2
7.539820619E1,2.804111397E-2,5.717779277E-4,1.335285371E-3,9.996057153E-1,1.767863038E2,1.547896583E-1,-6.120446283E-2,1.767862177E2
7.540320619E1,2.803880398E-2,5.715821171E-4,1.339250943E-3,9.996057749E-1,1.767865686E2,1.552431306E-1,-6.116964936E-2,1.767864823E2
7.540820619E1,2.803870109E-2,5.760504864E-4,1.339490525E-3,9.996057749E-1,1.767865804E2,1.552849257E-1,-6.168073121E-2,1.767864934E2
7.541320619E1,2.803689194E-2,5.749466945E-4,1.333338674E-3,9.996058345E-1,1.767867878E2,1.545765935E-1,-6.157434202E-2,1.767867013E2
7.541820619E1,2.802835962E-2,5.727902753E-4,1.334909815E-3,9.996060729E-1,1.767877659E2,1.547491104E-1,-6.132360492E-2,1.767876797E2
7.542320619E1,2.802389457E-2,5.699019530E-4,1.340610441E-3,9.996061921E-1,1.767882778E2,1.553925483E-1,-6.097514212E-2,1.767881917E2
7.542820619E1,2.802363066E-2,5.748092080E-4,1.344027696E-3,9.996061921E-1,1.767883080E2,1.557997273E-1,-6.152631780E-2,1.767882209E2
7.543320619E1,2.802179387E-2,5.744479131E-4,1.338135567E-3,9.996062517E-1,1.767885186E2,1.551235301E-1,-6.150413954E-2,1.767884319E2
7.543820619E1,2.803034046E-2,5.758233019E-4,1.336644986E-3,9.996060133E-1,1.767875388E2,1.549577329E-1,-6.166514707E-2,1.767874520E2
7.544320619E1,2.802803840E-2,5.710716941E-4,1.342369709E-3,9.996060729E-1,1.767878027E2,1.555980767E-1,-6.110283710E-2,1.767877163E2
7.544820619E1,2.802988794E-2,5.793235614E-4,1.344598248E-3,9.996060133E-1,1.767875907E2,1.558799685E-1,-6.204061298E-2,1.767875029E2
7.545320619E1,2.802798424E-2,5.784726818E-4,1.340330229E-3,9.996060729E-1,1.767878089E2,1.553882299E-1,-6.195715289E-2,1.767877215E2
7.545820619E1,2.803223849E-2,5.823882530E-4,1.338570029E-3,9.996059537E-1,1.767873212E2,1.551994474E-1,-6.241066066E-2,1.767872333E2
7.546320619E1,2.803224037E-2,5.785571993E-4,1.340190996E-3,9.996059537E-1,1.767873210E2,1.553728165E-1,-6.196661972E-2,1.767872336E2
7.546820619E1,2.803029598E-2,5.762977526E-4,1.337373047E-3,9.996060133E-1,1.767875439E2,1.550426513E-1,-6.171716197E-2,1.767874570E2
7.547320619E1,2.802817229E-2,5.738439504E-4,1.338386093E-3,9.996060729E-1,1.767877874E2,1.551506795E-1,-6.143316326E-2,1.767877008E2
7.547820619E1,2.802608327E-2,5.737173487E-4,1.337669208E-3,9.996061325E-1,1.767880269E2,1.550680276E-1,-6.142128811E-2,1.767879403E2
7.548320619E1,2.803652038E-2,5.806841655E-4,1.338654547E-3,9.996058345E-1,1.767868304E2,1.552039207E-1,-6.221452719E-2,1.767867427E2
7.548820619E1,2.803232704E-2,5.781017244E-4,1.338573871E-3,9.996059537E-1,1.767873111E2,1.551861224E-1,-6.191962801E-2,1.767872238E2
7.549320619E1,2.802618814E-2,5.730872508E-4,1.335740555E-3,9.996061325E-1,1.767880148E2,1.548450895E-1,-6.135529053E-2,1.767879285E2
7.549820619E1,2.802166950E-2,5.710949190E-4,1.342169242E-3,9.996062517E-1,1.767885328E2,1.555747991E-1,-6.110713253E-2,1.767884465E2
7.550320619E1,2.802980330E-2,5.767190014E-4,1.347479294E-3,9.996060133E-1,1.767876004E2,1.562016111E-1,-6.173302898E-2,1.767875128E2
7.550820619E1,2.802968207E-2,5.787708214E-4,1.349120401E-3,9.996060133E-1,1.767876143E2,1.563961778E-1,-6.196280528E-2,1.767875263E2
7.551320619E1,2.802112672E-2,5.726669333E-4,1.352789346E-3,9.996062517E-1,1.767885951E2,1.567963121E-1,-6.125318374E-2,1.767885078E2
7.551820619E1,2.801052890E-2,5.616914132E-4,1.356646768E-3,9.996065497E-1,1.767898099E2,1.572022860E-1,-5.998525689E-2,1.767897242E2
7.552320619E1,2.800873023E-2,5.592669477E-4,1.350853825E-3,9.996066093E-1,1.767900161E2,1.565308332E-1,-5.972641904E-2,1.767899311E2
7.552820619E1,2.801945833E-2,5.674409331E-4,1.345486031E-3,9.996063113E-1,1.767887863E2,1.559428581E-1,-6.067827565E-2,1.767887003E2
7.553320619E1,2.802363627E-2,5.704953219E-4,1.345747733E-3,9.996061921E-1,1.767883074E2,1.559828980E-1,-6.102665287E-2,1.767882209E2
7.553820619E1,2.803160460E-2,5.752777797E-4,1.354821026E-3,9.996059537E-1,1.767873939E2,1.570380635E-1,-6.154407703E-2,1.767873061E2
7.554320619E1,2.802965074E-2,5.742043140E-4,1.351720071E-3,9.996060133E-1,1.767876179E2,1.566792909E-1,-6.143138273E-2,1.767875304E2
7.554820619E1,2.802990659E-2,5.758400657E-4,1.345705474E-3,9.996060133E-1,1.767875886E2,1.559956089E-1,-6.163803154E-2,1.767875012E2
7.555320619E1,2.803803225E-2,5.830115988E-4,1.350434148E-3,9.996057749E-1,1.767866571E2,1.565608072E-1,-6.244304357E-2,1.767865683E2
7.555820619E1,2.804849586E-2,5.921599222E-4,1.349764992E-3,9.996054769E-1,1.767854575E2,1.565142176E-1,-6.349146287E-2,1.767853673E2
7.556320619E1,2.804856540E-2,5.926681333E-4,1.348095830E-3,9.996054769E-1,1.767854496E2,1.563246586E-1,-6.355503079E-2,1.767853594E2
7.556820619E1,2.803800446E-2,5.847943248E-4,1.350240433E-3,9.996057749E-1,1.767866602E2,1.565443442E-1,-6.264787521E-2,1.767865712E2
7.557320619E1,2.803130535E-2,5.786850816E-4,1.359553076E-3,9.996059537E-1,1.767874282E2,1.575910314E-1,-6.191921782E-2,1.767873395E2
7.557820619E1,2.803798884E-2,5.823918036E-4,1.351602376E-3,9.996057749E-1,1.767866620E2,1.566926295E-1,-6.236830153E-2,1.767865733E2
7.558320619E1,2.804029008E-2,5.841762759E-4,1.347167534E-3,9.996057153E-1,1.767863982E2,1.561905111E-1,-6.258659604E-2,1.767863095E2
7.558820619E1,2.804247936E-2,5.822120584E-4,1.346674631E-3,9.996056557E-1,1.767861473E2,1.561278755E-1,-6.236284387E-2,1.767860588E2
7.559320619E1,2.803807709E-2,5.790143623E-4,1.351222745E-3,9.996057749E-1,1.767866519E2,1.566382973E-1,-6.198263367E-2,1.767865637E2
7.559820619E1,2.804197602E-2,5.820871447E-4,1.357168891E-3,9.996056557E-1,1.767862050E2,1.573295249E-1,-6.231489114E-2,1.767861159E2
7.560320619E1,2.804413402E-2,5.838987418E-4,1.355700544E-3,9.996055961E-1,1.767859576E2,1.571672875E-1,-6.252678224E-2,1.767858683E2
7.560820619E1,2.805645627E-2,5.912740598E-4,1.361228991E-3,9.996052384E-1,1.767845450E2,1.578250370E-1,-6.335188595E-2,1.767844542E2
7.561320619E1,2.805653505E-2,5.917840172E-4,1.359382411E-3,9.996052384E-1,1.767845360E2,1.576151622E-1,-6.341622426E-2,1.767844452E2
7.561820619E1,2.806496485E-2,5.954703665E-4,1.359080547E-3,9.996050000E-1,1.767835696E2,1.575929757E-1,-6.383812368E-2,1.767834783E2
7.562320619E1,2.805259463E-2,5.857858923E-4,1.355637563E-3,9.996053576E-1,1.767849877E2,1.571666694E-1,-6.274182068E-2,1.767848981E2
7.562820619E1,2.804840491E-2,5.827788846E-4,1.355724875E-3,9.996054769E-1,1.767854680E2,1.571667420E-1,-6.239775694E-2,1.767853789E2
7.563320619E1,2.805469647E-2,5.868712906E-4,1.355623011E-3,9.996052980E-1,1.767847467E2,1.571686241E-1,-6.286586541E-2,1.767846570E2
7.563820619E1,2.805447439E-2,5.878767697E-4,1.359776943E-3,9.996052980E-1,1.767847722E2,1.576476616E-1,-6.296771983E-2,1.767846820E2
7.564320619E1,2.805235763E-2,5.865393905E-4,1.360208145E-3,9.996053576E-1,1.767850148E2,1.576926216E-1,-6.281347557E-2,1.767849249E2
7.564820619E1,2.805879336E-2,5.902974517E-4,1.357245026E-3,9.996051788E-1,1.767842771E2,1.573656951E-1,-6.325246008E-2,1.767841867E2
7.565320619E1,2.806064365E-2,5.920784315E-4,1.362106297E-3,9.996051192E-1,1.767840650E2,1.579283815E-1,-6.344054157E-2,1.767839740E2
7.565820619E1,2.805874143E-2,5.898400559E-4,1.358516864E-3,9.996051788E-1,1.767842830E2,1.575099057E-1,-6.319598578E-2,1.767841926E2
7.566320619E1,2.805261311E-2,5.858860095E-4,1.355211716E-3,9.996053576E-1,1.767849856E2,1.571182131E-1,-6.275465480E-2,1.767848960E2
7.566820619E1,2.805266462E-2,5.893136258E-4,1.352656982E-3,9.996053576E-1,1.767849797E2,1.568365995E-1,-6.315548038E-2,1.767848897E2
7.567320619E1,2.805682700E-2,5.921444972E-4,1.353185740E-3,9.996052384E-1,1.767845025E2,1.569065322E-1,-6.347739325E-2,1.767844121E2
7.567820619E1,2.805493650E-2,5.900129327E-4,1.349276979E-3,9.996052980E-1,1.767847192E2,1.564518236E-1,-6.324609352E-2,1.767846294E2
7.568320619E1,2.804461367E-2,5.815899931E-4,1.346741104E-3,9.996055961E-1,1.767859026E2,1.561336236E-1,-6.229104155E-2,1.767858143E2
7.568820619E1,2.805500890E-2,5.865516141E-4,1.349280705E-3,9.996052980E-1,1.767847109E2,1.564411263E-1,-6.284958878E-2,1.767846216E2
7.569320619E1,2.806553432E-2,5.959843984E-4,1.347042271E-3,9.996050000E-1,1.767835043E2,1.562157222E-1,-6.393563147E-2,1.767834137E2
7.569820619E1,2.806344177E-2,5.954548251E-4,1.346641919E-3,9.996050596E-1,1.767837442E2,1.561680262E-1,-6.387658532E-2,1.767836537E2
7.570320619E1,2.804880136E-2,5.836014170E-4,1.347141573E-3,9.996054769E-1,1.767854225E2,1.561862225E-1,-6.251950158E-2,1.767853338E2
7.570820619E1,2.805714380E-2,5.889690947E-4,1.347993035E-3,9.996052384E-1,1.767844662E2,1.563015354E-1,-6.313030836E-2,1.767843766E2
7.571320619E1,2.806569521E-2,5.969898775E-4,1.343239564E-3,9.996050000E-1,1.767834859E2,1.557833794E-1,-6.406301048E-2,1.767833953E2
7.571820619E1,2.805570472E-2,5.869330489E-4,1.334566623E-3,9.996052980E-1,1.767846311E2,1.547569483E-1,-6.294047820E-2,1.767845427E2
7.572320619E1,2.805358221E-2,5.858870572E-4,1.335000037E-3,9.996053576E-1,1.767848745E2,1.548030980E-1,-6.281959892E-2,1.767847862E2
7.572820619E1,2.806186757E-2,5.935028312E-4,1.336022164E-3,9.996051192E-1,1.767839247E2,1.549451915E-1,-6.368738794E-2,1.767838351E2
7.573320619E1,2.806622570E-2,5.969248596E-4,1.332138432E-3,9.996050000E-1,1.767834251E2,1.545116077E-1,-6.409118421E-2,1.767833352E2
7.573820619E1,2.806248507E-2,5.915157963E-4,1.323878067E-3,9.996051192E-1,1.767838539E2,1.535477757E-1,-6.349873783E-2,1.767837654E2
7.574320619E1,2.807482680E-2,6.020932924E-4,1.327467384E-3,9.996047616E-1,1.767824391E2,1.539937357E-1,-6.469690741E-2,1.767823487E2
7.574820619E1,2.807476204E-2,6.012684316E-4,1.329209656E-3,9.996047616E-1,1.767824465E2,1.541906488E-1,-6.459682736E-2,1.767823561E2
7.575320619E1,2.807692549E-2,6.019431748E-4,1.328031416E-3,9.996047020E-1,1.767821985E2,1.540579964E-1,-6.467757393E-2,1.767821081E2
7.575820619E1,2.807295252E-2,5.990331410E-4,1.323600882E-3,9.996048212E-1,1.767826539E2,1.535408748E-1,-6.435910572E-2,1.767825643E2
7.576320619E1,2.807515132E-2,6.007841439E-4,1.321182237E-3,9.996047616E-1,1.767824019E2,1.532696027E-1,-6.456712031E-2,1.767823121E2
7.576820619E1,2.807912760E-2,6.061067106E-4,1.324438606E-3,9.996046424E-1,1.767819460E2,1.536599929E-1,-6.516571278E-2,1.767818552E2
7.577320619E1,2.808342370E-2,6.079776213E-4,1.322463970E-3,9.996045232E-1,1.767814535E2,1.534401065E-1,-6.538571303E-2,1.767813626E2
7.577820619E1,2.807071501E-2,6.003581802E-4,1.325439545E-3,9.996048808E-1,1.767829104E2,1.537556059E-1,-6.450531322E-2,1.767828205E2
7.578320619E1,2.806636097E-2,5.958625115E-4,1.329761813E-3,9.996050000E-1,1.767834095E2,1.542359658E-1,-6.397711907E-2,1.767833200E2
7.578820619E1,2.806837067E-2,5.988123594E-4,1.330823405E-3,9.996049404E-1,1.767831792E2,1.543671848E-1,-6.431128859E-2,1.767830891E2
7.579320619E1,2.806445319E-2,5.952708889E-4,1.325478894E-3,9.996050596E-1,1.767836283E2,1.537433472E-1,-6.392341927E-2,1.767835391E2
7.579820619E1,2.806655502E-2,5.964817828E-4,1.325381338E-3,9.996050000E-1,1.767833873E2,1.537362017E-1,-6.406211323E-2,1.767832980E2
7.580320619E1,2.806415605E-2,5.958396941E-4,1.331500942E-3,9.996050596E-1,1.767836623E2,1.544349626E-1,-6.396925258E-2,1.767835727E2
7.580820619E1,2.807049521E-2,5.992829101E-4,1.330571249E-3,9.996048808E-1,1.767829356E2,1.543399516E-1,-6.436567147E-2,1.767828455E2
7.581320619E1,2.807481899E-2,6.028611097E-4,1.327283913E-3,9.996047616E-1,1.767824399E2,1.539751896E-1,-6.478544951E-2,1.767823495E2
7.581820619E1,2.807262295E-2,5.998934503E-4,1.330184983E-3,9.996048212E-1,1.767826917E2,1.542978074E-1,-6.443652067E-2,1.767826015E2
7.582320619E1,2.806851355E-2,5.964210723E-4,1.328882179E-3,9.996049404E-1,1.767831628E2,1.541371413E-1,-6.404359735E-2,1.767830732E2
7.582820619E1,2.807080886E-2,5.943648866E-4,1.326152938E-3,9.996048808E-1,1.767828997E2,1.538180485E-1,-6.381649428E-2,1.767828106E2
7.583320619E1,2.806668833E-2,5.917150993E-4,1.324694837E-3,9.996050000E-1,1.767833720E2,1.536422420E-1,-6.351829463E-2,1.767832835E2
7.583820619E1,2.807094693E-2,5.920901312E-4,1.324246638E-3,9.996048808E-1,1.767828838E2,1.535923794E-1,-6.356204036E-2,1.767827953E2
7.584320619E1,2.807521381E-2,5.943325814E-4,1.322771306E-3,9.996047616E-1,1.767823947E2,1.534308715E-1,-6.382299565E-2,1.767823059E2
7.584820619E1,2.806894924E-2,5.879434757E-4,1.323446282E-3,9.996049404E-1,1.767831128E2,1.534872357E-1,-6.308993757E-2,1.767830250E2
7.585320619E1,2.806895831E-2,5.869134911E-4,1.323711127E-3,9.996049404E-1,1.767831118E2,1.535142602E-1,-6.297110335E-2,1.767830241E2
7.585820619E1,2.806696305E-2,5.815798067E-4,1.323361997E-3,9.996050000E-1,1.767833405E2,1.534569871E-1,-6.236157874E-2,1.767832537E2
7.586320619E1,2.807113181E-2,5.859319936E-4,1.323066186E-3,9.996048808E-1,1.767828626E2,1.534373639E-1,-6.286041728E-2,1.767827751E2
7.586820619E1,2.807730012E-2,5.890792236E-4,1.325877616E-3,9.996047020E-1,1.767821555E2,1.537699181E-1,-6.321092817E-2,1.767820673E2
7.587320619E1,2.806908466E-2,5.831879098E-4,1.322678057E-3,9.996049404E-1,1.767830973E2,1.533839494E-1,-6.254765526E-2,1.767830102E2
7.587820619E1,2.806672078E-2,5.807176931E-4,1.328867394E-3,9.996050000E-1,1.767833683E2,1.540848234E-1,-6.224515698E-2,1.767832812E2
7.588320619E1,2.807503666E-2,5.859929952E-4,1.330230967E-3,9.996047616E-1,1.767824150E2,1.542585066E-1,-6.284375449E-2,1.767823270E2
7.588820619E1,2.807298552E-2,5.831024610E-4,1.329999533E-3,9.996048212E-1,1.767826501E2,1.542225683E-1,-6.251371553E-2,1.767825626E2
7.589320619E1,2.806050020E-2,5.740716588E-4,1.328616054E-3,9.996051788E-1,1.767840814E2,1.540342738E-1,-6.148564513E-2,1.767839954E2
7.589820619E1,2.806897472E-2,5.782216904E-4,1.327183796E-3,9.996049404E-1,1.767831099E2,1.538840844E-1,-6.196431702E-2,1.767830233E2
7.590320619E1,2.807511273E-2,5.823088577E-4,1.330243191E-3,9.996047616E-1,1.767824063E2,1.542480581E-1,-6.242169911E-2,1.767823189E2
7.590820619E1,2.806874636E-2,5.760061904E-4,1.332964282E-3,9.996049404E-1,1.767831361E2,1.545390784E-1,-6.169198169E-2,1.767830495E2
7.591320619E1,2.806453362E-2,5.717118038E-4,1.334118773E-3,9.996050596E-1,1.767836190E2,1.546572497E-1,-6.119701386E-2,1.767835330E2
7.591820619E1,2.807914539E-2,5.797910853E-4,1.335794223E-3,9.996046424E-1,1.767819440E2,1.548760594E-1,-6.211481368E-2,1.767818566E2
7.592320619E1,2.807685640E-2,5.783148808E-4,1.339938142E-3,9.996047020E-1,1.767822064E2,1.553458389E-1,-6.193274168E-2,1.767821190E2
7.592820619E1,2.806841008E-2,5.702240742E-4,1.342497300E-3,9.996049404E-1,1.767831746E2,1.556124330E-1,-6.099905068E-2,1.767830884E2
7.593320619E1,2.807475914E-2,5.762314540E-4,1.340314164E-3,9.996047616E-1,1.767824468E2,1.553820777E-1,-6.169320904E-2,1.767823597E2
7.593820619E1,2.808099250E-2,5.768992123E-4,1.342802891E-3,9.996045828E-1,1.767817322E2,1.556696864E-1,-6.176072077E-2,1.767816449E2
7.594320619E1,2.807469463E-2,5.718386965E-4,1.343542943E-3,9.996047616E-1,1.767824542E2,1.557377860E-1,-6.117965729E-2,1.767823676E2
7.594820619E1,2.807471863E-2,5.692352424E-4,1.344146905E-3,9.996047616E-1,1.767824515E2,1.557985930E-1,-6.087949446E-2,1.767823653E2
7.595320619E1,2.808093930E-2,5.753797013E-4,1.344566233E-3,9.996045828E-1,1.767817383E2,1.558667779E-1,-6.158100042E-2,1.767816511E2
7.595820619E1,2.808930633E-2,5.774561432E-4,1.346155535E-3,9.996043444E-1,1.767807792E2,1.560560265E-1,-6.181242860E-2,1.767806915E2
7.596320619E1,2.808302892E-2,5.727206008E-4,1.346369972E-3,9.996045232E-1,1.767814988E2,1.560649608E-1,-6.127027980E-2,1.767814119E2
7.596820619E1,2.807858762E-2,5.687333760E-4,1.352172229E-3,9.996046424E-1,1.767820079E2,1.567164866E-1,-6.079558175E-2,1.767819213E2
7.597320619E1,2.809318724E-2,5.794405588E-4,1.352820895E-3,9.996042252E-1,1.767803343E2,1.568261488E-1,-6.201767204E-2,1.767802459E2
7.597820619E1,2.808895355E-2,5.748273688E-4,1.354615204E-3,9.996043444E-1,1.767808196E2,1.570165680E-1,-6.148413704E-2,1.767807319E2
7.598320619E1,2.808460343E-2,5.715140724E-4,1.358240959E-3,9.996044636E-1,1.767813183E2,1.574209542E-1,-6.109362568E-2,1.767812309E2
7.598820619E1,2.808664580E-2,5.738346954E-4,1.358896610E-3,9.996044040E-1,1.767810842E2,1.575036510E-1,-6.135701245E-2,1.767809963E2
7.599320619E1,2.808448568E-2,5.721514462E-4,1.360405469E-3,9.996044636E-1,1.767813318E2,1.576709354E-1,-6.115968690E-2,1.767812441E2
7.599820619E1,2.807626016E-2,5.669710226E-4,1.357168774E-3,9.996047020E-1,1.767822747E2,1.572830116E-1,-6.057799976E-2,1.767821881E2
7.600320619E1,2.808066729E-2,5.707507371E-4,1.352198306E-3,9.996045828E-1,1.767817695E2,1.567260922E-1,-6.102625299E-2,1.767816826E2
7.600820619E1,2.809298034E-2,5.791909643E-4,1.357217086E-3,9.996042252E-1,1.767803580E2,1.573289007E-1,-6.197496169E-2,1.767802694E2
7.601320619E1,2.809324598E-2,5.794717581E-4,1.351587125E-3,9.996042252E-1,1.767803275E2,1.566849289E-1,-6.202520851E-2,1.767802392E2
7.601820619E1,2.808504891E-2,5.720151239E-4,1.348785707E-3,9.996044636E-1,1.767812672E2,1.563395279E-1,-6.118137989E-2,1.767811803E2
7.602320619E1,2.808492974E-2,5.721779889E-4,1.351195853E-3,9.996044636E-1,1.767812809E2,1.566161187E-1,-6.119229733E-2,1.767811938E2
7.602820619E1,2.808283721E-2,5.698461318E-4,1.351578394E-3,9.996045232E-1,1.767815208E2,1.566523046E-1,-6.092428858E-2,1.767814340E2
7.603320619E1,2.808505720E-2,5.726520903E-4,1.348342746E-3,9.996044636E-1,1.767812663E2,1.562908390E-1,-6.125576634E-2,1.767811793E2
7.603820619E1,2.808708958E-2,5.746601964E-4,1.349341706E-3,9.996044040E-1,1.767810333E2,1.564118546E-1,-6.148225432E-2,1.767809459E2
7.604320619E1,2.808928439E-2,5.768907722E-4,1.346855657E-3,9.996043444E-1,1.767807817E2,1.561344017E-1,-6.174541729E-2,1.767806941E2
7.604820619E1,2.808520899E-2,5.731856800E-4,1.344950055E-3,9.996044636E-1,1.767812489E2,1.559039447E-1,-6.132778241E-2,1.767811620E2
7.605320619E1,2.808729251E-2,5.748676485E-4,1.345022465E-3,9.996044040E-1,1.767810100E2,1.559177808E-1,-6.151988759E-2,1.767809229E2
7.605820619E1,2.809364925E-2,5.766808172E-4,1.344379387E-3,9.996042252E-1,1.767802813E2,1.558503473E-1,-6.172865802E-2,1.767801939E2
7.606320619E1,2.809142894E-2,5.744983791E-4,1.347388024E-3,9.996042848E-1,1.767805358E2,1.561878131E-1,-6.146932892E-2,1.767804486E2
7.606820619E1,2.810001932E-2,5.778289051E-4,1.343710930E-3,9.996040463E-1,1.767795511E2,1.557778685E-1,-6.186132648E-2,1.767794635E2
7.607320619E1,2.810830840E-2,5.851171445E-4,1.344550517E-3,9.996038079E-1,1.767786008E2,1.558980303E-1,-6.269217039E-2,1.767785121E2
7.607820619E1,2.810849240E-2,5.846176064E-4,1.340916380E-3,9.996038079E-1,1.767785797E2,1.554801553E-1,-6.264662738E-2,1.767784913E2
7.608320619E1,2.810423296E-2,5.813649041E-4,1.342743402E-3,9.996039271E-1,1.767790680E2,1.556786910E-1,-6.226882110E-2,1.767789800E2
7.608820619E1,2.811250533E-2,5.859243101E-4,1.345079974E-3,9.996036887E-1,1.767781197E2,1.559615414E-1,-6.278226791E-2,1.767780308E2
7.609320619E1,2.810837981E-2,5.839627702E-4,1.343559241E-3,9.996038079E-1,1.767785926E2,1.557807691E-1,-6.256312305E-2,1.767785041E2
7.609820619E1,2.810225064E-2,5.794290337E-4,1.340695424E-3,9.996039867E-1,1.767792953E2,1.554377443E-1,-6.205397847E-2,1.767792077E2
7.610320619E1,2.810834539E-2,5.833555479E-4,1.344542834E-3,9.996038079E-1,1.767785966E2,1.558914780E-1,-6.249040519E-2,1.767785081E2
7.610820619E1,2.811231315E-2,5.871270550E-4,1.348567661E-3,9.996036887E-1,1.767781417E2,1.563649062E-1,-6.290883204E-2,1.767780524E2
7.611320619E1,2.811263207E-2,5.865945714E-4,1.342135831E-3,9.996036887E-1,1.767781052E2,1.556264677E-1,-6.286850873E-2,1.767780163E2
7.611820619E1,2.810189456E-2,5.771358847E-4,1.349121798E-3,9.996039867E-1,1.767793361E2,1.563955484E-1,-6.176422660E-2,1.767792483E2
7.612320619E1,2.811034473E-2,5.831220769E-4,1.347156125E-3,9.996037483E-1,1.767783674E2,1.561901941E-1,-6.245493199E-2,1.767782788E2
7.612820619E1,2.811882020E-2,5.889913300E-4,1.344629913E-3,9.996035099E-1,1.767773958E2,1.559202684E-1,-6.313404819E-2,1.767773064E2
7.613320619E1,2.810194507E-2,5.762699293E-4,1.348439604E-3,9.996039867E-1,1.767793303E2,1.563146198E-1,-6.166722369E-2,1.767792427E2
7.613820619E1,2.809556847E-2,5.741642090E-4,1.349657192E-3,9.996041656E-1,1.767800613E2,1.564469169E-1,-6.142309836E-2,1.767799740E2
7.614320619E1,2.810605235E-2,5.824142718E-4,1.348566730E-3,9.996038675E-1,1.767788595E2,1.563492258E-1,-6.236998301E-2,1.767787709E2
7.614820619E1,2.810642665E-2,5.807447014E-4,1.341467025E-3,9.996038675E-1,1.767788165E2,1.555306255E-1,-6.220154863E-2,1.767787287E2
7.615320619E1,2.809373334E-2,5.701206392E-4,1.345419791E-3,9.996042252E-1,1.767802717E2,1.559484062E-1,-6.097385175E-2,1.767801853E2
7.615820619E1,2.810633450E-2,5.784453824E-4,1.344388118E-3,9.996038675E-1,1.767788271E2,1.558578144E-1,-6.192877635E-2,1.767787394E2
7.616320619E1,2.811460481E-2,5.856776261E-4,1.345601631E-3,9.996036291E-1,1.767778790E2,1.560206324E-1,-6.275200296E-2,1.767777901E2
7.616820619E1,2.812304801E-2,5.890101893E-4,1.344823861E-3,9.996033907E-1,1.767769111E2,1.559428122E-1,-6.313492394E-2,1.767768217E2
7.617320619E1,2.820807958E-2,6.571360282E-4,1.348839840E-3,9.996009469E-1,1.767671634E2,1.566284269E-1,-7.091221003E-2,1.767670628E2
7.617820619E1,2.839365618E-2,8.038913365E-4,1.351119368E-3,9.995955825E-1,1.767458893E2,1.573802422E-1,-8.768584012E-2,1.767457649E2
7.618320619E1,2.855334530E-2,9.298420046E-4,1.344576012E-3,9.995909333E-1,1.767275829E2,1.570568971E-1,-1.021090966E-1,1.767274386E2
7.618820619E1,2.852911525E-2,9.093285189E-4,1.341192285E-3,9.995916486E-1,1.767303606E2,1.565997610E-1,-9.977425212E-2,1.767302199E2
7.619320619E1,2.838805700E-2,7.980297669E-4,1.339910901E-3,9.995957613E-1,1.767465312E2,1.560768006E-1,-8.705176937E-2,1.767464087E2
7.619820619E1,2.831959195E-2,7.422757335E-4,1.353296335E-3,9.995977283E-1,1.767543799E2,1.574231309E-1,-8.063264492E-2,1.767542652E2
7.620320619E1,2.825277273E-2,7.937105838E-4,1.355921966E-3,9.995995760E-1,1.767620399E2,1.578850363E-1,-8.652630947E-2,1.767619166E2
7.620820619E1,2.826344526E-2,8.842655225E-4,1.341034542E-3,9.995992184E-1,1.767608164E2,1.564739857E-1,-9.694552148E-2,1.767606798E2
7.621320619E1,2.831576286E-2,8.870249148E-4,1.346266363E-3,9.995977283E-1,1.767548188E2,1.570872974E-1,-9.723643113E-2,1.767546813E2
7.621820619E1,2.836200195E-2,8.058303501E-4,1.353344764E-3,9.995964766E-1,1.767495181E2,1.576386773E-1,-8.790569596E-2,1.767493931E2
7.622320619E1,2.833899282E-2,7.169582532E-4,1.357048750E-3,9.995971918E-1,1.767521558E2,1.577722942E-1,-7.771740134E-2,1.767520450E2
7.622820619E1,2.828448585E-2,7.079608622E-4,1.357416855E-3,9.995987415E-1,1.767584044E2,1.577810561E-1,-7.669419947E-2,1.767582950E2
7.623320619E1,2.826639578E-2,7.612202317E-4,1.354271080E-3,9.995992184E-1,1.767604782E2,1.575918623E-1,-8.280787559E-2,1.767603604E2
7.623820619E1,2.830815952E-2,7.755824481E-4,1.353677362E-3,9.995980263E-1,1.767556905E2,1.575739084E-1,-8.444834528E-2,1.767555704E2
7.624320619E1,2.835798086E-2,7.127028657E-4,1.357774483E-3,9.995966554E-1,1.767499791E2,1.578430704E-1,-7.722461092E-2,1.767498689E2
7.624820619E1,2.835795871E-2,6.103575579E-4,1.364205149E-3,9.995967150E-1,1.767499816E2,1.582470627E-1,-6.548053443E-2,1.767498875E2
7.625320619E1,2.831470085E-2,5.577467964E-4,1.368086901E-3,9.995979667E-1,1.767549406E2,1.585181508E-1,-5.944846048E-2,1.767548548E2
7.625820619E1,2.828490510E-2,5.834472831E-4,1.364001539E-3,9.995988011E-1,1.767583563E2,1.581317247E-1,-6.241030542E-2,1.767582666E2
7.626320619E1,2.829738051E-2,6.137511227E-4,1.353994710E-3,9.995984435E-1,1.767569261E2,1.570845360E-1,-6.591195210E-2,1.767568322E2
7.626820619E1,2.833184146E-2,5.878752563E-4,1.348881051E-3,9.995974898E-1,1.767529756E2,1.564170450E-1,-6.295917592E-2,1.767528862E2
7.627320619E1,2.834563912E-2,5.240416504E-4,1.350336592E-3,9.995971322E-1,1.767513939E2,1.563772814E-1,-5.564044181E-2,1.767513146E2
7.627820619E1,2.833149394E-2,4.848143435E-4,1.352982828E-3,9.995975494E-1,1.767530155E2,1.565522467E-1,-5.114075337E-2,1.767529422E2
7.628320619E1,2.830593054E-2,4.918924533E-4,1.357040252E-3,9.995982647E-1,1.767559460E2,1.570386598E-1,-5.194236184E-2,1.767558714E2
7.628820619E1,2.830153798E-2,5.208806251E-4,1.350010745E-3,9.995983839E-1,1.767564495E2,1.563272498E-1,-5.528631632E-2,1.767563707E2
7.629320619E1,2.832041121E-2,5.421594251E-4,1.343027223E-3,9.995978475E-1,1.767542860E2,1.555974216E-1,-5.774341957E-2,1.767542041E2
7.629820619E1,2.834175165E-2,5.277116434E-4,1.342235715E-3,9.995972514E-1,1.767518395E2,1.554610647E-1,-5.608774099E-2,1.767517601E2
7.630320619E1,2.833958960E-2,5.140151479E-4,1.348796301E-3,9.995973110E-1,1.767520874E2,1.561679478E-1,-5.449790030E-2,1.767520097E2
7.630820619E1,2.831826004E-2,5.341363722E-4,1.347232494E-3,9.995979071E-1,1.767545326E2,1.560529562E-1,-5.681110315E-2,1.767544518E2
7.631320619E1,2.831302299E-2,5.896547227E-4,1.345697674E-3,9.995980263E-1,1.767551329E2,1.560569912E-1,-6.317627908E-2,1.767550434E2
7.631820619E1,2.832705759E-2,6.293169572E-4,1.342297881E-3,9.995976090E-1,1.767535240E2,1.557972026E-1,-6.772825395E-2,1.767534284E2
7.632320619E1,2.835245455E-2,6.226309342E-4,1.341857831E-3,9.995968938E-1,1.767506126E2,1.557267931E-1,-6.695987213E-2,1.767505180E2
7.632820619E1,2.836576345E-2,5.883323029E-4,1.342470408E-3,9.995965362E-1,1.767490869E2,1.556863563E-1,-6.302705857E-2,1.767489978E2
7.633320619E1,2.835557735E-2,5.656560534E-4,1.345495461E-3,9.995968342E-1,1.767502546E2,1.559585325E-1,-6.042135565E-2,1.767501689E2
7.633820619E1,2.832996349E-2,5.765994429E-4,1.349021215E-3,9.995975494E-1,1.767531909E2,1.563963734E-1,-6.166742139E-2,1.767531032E2
7.634320619E1,2.832312397E-2,6.078684819E-4,1.346408972E-3,9.995977283E-1,1.767539750E2,1.561982250E-1,-6.525869750E-2,1.767538825E2
7.634820619E1,2.835016454E-2,6.262529059E-4,1.344152959E-3,9.995969534E-1,1.767508751E2,1.560013043E-1,-6.736765273E-2,1.767507798E2
7.635320619E1,2.836147529E-2,5.998864071E-4,1.339190407E-3,9.995966554E-1,1.767495785E2,1.553479299E-1,-6.436185585E-2,1.767494877E2
7.635820619E1,2.835557772E-2,5.638624425E-4,1.346240402E-3,9.995968342E-1,1.767502546E2,1.560380339E-1,-6.021348513E-2,1.767501691E2
7.636320619E1,2.834284705E-2,5.704931682E-4,1.345987665E-3,9.995971918E-1,1.767517140E2,1.560298543E-1,-6.097581258E-2,1.767516275E2
7.636820619E1,2.834268570E-2,6.039250875E-4,1.334753120E-3,9.995971918E-1,1.767517325E2,1.548515661E-1,-6.484180030E-2,1.767516414E2
7.637320619E1,2.834881787E-2,6.157971802E-4,1.333014457E-3,9.995970130E-1,1.767510295E2,1.546913778E-1,-6.620639238E-2,1.767509366E2
7.637820619E1,2.836389050E-2,6.030633813E-4,1.331077307E-3,9.995965958E-1,1.767493016E2,1.544290923E-1,-6.475175863E-2,1.767492109E2
7.638320619E1,2.836602447E-2,5.846832646E-4,1.338543720E-3,9.995965362E-1,1.767490570E2,1.552247256E-1,-6.262180163E-2,1.767489687E2
7.638820619E1,2.834962907E-2,5.709960824E-4,1.335703302E-3,9.995970130E-1,1.767509365E2,1.548538729E-1,-6.106577146E-2,1.767508505E2
7.639320619E1,2.833467122E-2,5.817053025E-4,1.336227870E-3,9.995974302E-1,1.767526512E2,1.549478208E-1,-6.229307789E-2,1.767525635E2
7.639820619E1,2.834677941E-2,6.039934233E-4,1.337062451E-3,9.995970726E-1,1.767512632E2,1.551165775E-1,-6.484149206E-2,1.767511719E2
7.640320619E1,2.836362832E-2,6.062122993E-4,1.335227280E-3,9.995965958E-1,1.767493317E2,1.549146721E-1,-6.509900433E-2,1.767492402E2
7.640820619E1,2.836417143E-2,5.847449647E-4,1.333262539E-3,9.995965958E-1,1.767492694E2,1.546198740E-1,-6.264632272E-2,1.767491814E2
7.641320619E1,2.835806431E-2,5.712530692E-4,1.334957546E-3,9.995967746E-1,1.767499695E2,1.547698002E-1,-6.109632483E-2,1.767498836E2
7.641820619E1,2.834911978E-2,5.784117384E-4,1.343300217E-3,9.995970130E-1,1.767509949E2,1.557481275E-1,-6.189059991E-2,1.767509073E2
7.642320619E1,2.835293541E-2,6.009330391E-4,1.341590076E-3,9.995968938E-1,1.767505575E2,1.556256524E-1,-6.447527314E-2,1.767504664E2
7.642820619E1,2.836357848E-2,6.052676472E-4,1.336713671E-3,9.995965958E-1,1.767493374E2,1.550818578E-1,-6.498597528E-2,1.767492459E2
7.643320619E1,2.837839404E-2,5.990009522E-4,1.337091788E-3,9.995961785E-1,1.767476389E2,1.551057521E-1,-6.426462653E-2,1.767475485E2
7.643820619E1,2.838039750E-2,5.894263159E-4,1.343369135E-3,9.995961189E-1,1.767474093E2,1.557937823E-1,-6.314717050E-2,1.767473199E2
7.644320619E1,2.836988370E-2,5.885603605E-4,1.344066928E-3,9.995964170E-1,1.767486146E2,1.558702318E-1,-6.304734943E-2,1.767485253E2
7.644820619E1,2.836772885E-2,6.065554917E-4,1.337202149E-3,9.995964766E-1,1.767488616E2,1.551422674E-1,-6.513126003E-2,1.767487699E2
7.645320619E1,2.837169100E-2,6.165956147E-4,1.337662572E-3,9.995963573E-1,1.767484074E2,1.552279098E-1,-6.627919742E-2,1.767483141E2
7.645820619E1,2.837587144E-2,6.080491585E-4,1.341976109E-3,9.995962381E-1,1.767479281E2,1.556944912E-1,-6.528556517E-2,1.767478359E2
7.646320619E1,2.837818742E-2,6.015820545E-4,1.340314513E-3,9.995961785E-1,1.767476626E2,1.554832818E-1,-6.454983148E-2,1.767475715E2
7.646820619E1,2.837203222E-2,5.967748584E-4,1.339413575E-3,9.995963573E-1,1.767483682E2,1.553640554E-1,-6.400307622E-2,1.767482780E2
7.647320619E1,2.836563810E-2,6.008209893E-4,1.339584822E-3,9.995965362E-1,1.767491013E2,1.553964145E-1,-6.446697889E-2,1.767490103E2
7.647820619E1,2.836502357E-2,6.103630294E-4,1.348255435E-3,9.995965362E-1,1.767491717E2,1.564205735E-1,-6.553188710E-2,1.767490787E2
7.648320619E1,2.837782551E-2,6.156765739E-4,1.341576222E-3,9.995961785E-1,1.767477041E2,1.556736189E-1,-6.616024595E-2,1.767476107E2
7.648820619E1,2.837439625E-2,5.976107204E-4,1.333432156E-3,9.995962977E-1,1.767480972E2,1.546817797E-1,-6.411790181E-2,1.767480072E2
7.649320619E1,2.836611753E-2,5.810394068E-4,1.338158268E-3,9.995965362E-1,1.767490463E2,1.551687344E-1,-6.220565314E-2,1.767489586E2
7.649820619E1,2.836778780E-2,5.915299407E-4,1.342671458E-3,9.995964766E-1,1.767488548E2,1.557199087E-1,-6.339236425E-2,1.767487652E2
7.650320619E1,2.836981284E-2,6.033902173E-4,1.338977134E-3,9.995964170E-1,1.767486227E2,1.553354289E-1,-6.476259860E-2,1.767485314E2
7.650820619E1,2.836792181E-2,5.941443960E-4,1.338679809E-3,9.995964766E-1,1.767488395E2,1.552711910E-1,-6.370479319E-2,1.767487496E2
7.651320619E1,2.837616227E-2,5.911976332E-4,1.343355398E-3,9.995962381E-1,1.767478948E2,1.557977014E-1,-6.335077137E-2,1.767478052E2
7.651820619E1,2.837422891E-2,5.870827590E-4,1.341644558E-3,9.995962977E-1,1.767481164E2,1.555882294E-1,-6.288529595E-2,1.767480276E2
7.652320619E1,2.837399924E-2,5.931532942E-4,1.343829907E-3,9.995962977E-1,1.767481428E2,1.558582764E-1,-6.357357746E-2,1.767480528E2
7.652820619E1,2.836564425E-2,5.900175893E-4,1.344248303E-3,9.995965362E-1,1.767491006E2,1.558954772E-1,-6.321433972E-2,1.767490110E2
7.653320619E1,2.836978378E-2,5.945712328E-4,1.343530370E-3,9.995964170E-1,1.767486260E2,1.558283077E-1,-6.373762680E-2,1.767485358E2
7.653820619E1,2.837817056E-2,5.973080988E-4,1.342580887E-3,9.995961785E-1,1.767476646E2,1.557289842E-1,-6.405290227E-2,1.767475740E2
7.654320619E1,2.837403780E-2,5.884244456E-4,1.345094061E-3,9.995962977E-1,1.767481383E2,1.559877054E-1,-6.302779351E-2,1.767480490E2
7.654820619E1,2.836990387E-2,5.816582707E-4,1.346643316E-3,9.995964170E-1,1.767486122E2,1.561429068E-1,-6.224836810E-2,1.767485239E2
7.655320619E1,2.836543672E-2,5.868484732E-4,1.350002363E-3,9.995965362E-1,1.767491243E2,1.565442645E-1,-6.283266079E-2,1.767490350E2
7.655820619E1,2.837123254E-2,5.970575730E-4,1.356122317E-3,9.995963573E-1,1.767484599E2,1.572788361E-1,-6.398126072E-2,1.767483685E2
7.656320619E1,2.836509388E-2,5.847949651E-4,1.358072856E-3,9.995965362E-1,1.767491636E2,1.574620071E-1,-6.257126159E-2,1.767490741E2
7.656820619E1,2.836531734E-2,5.762795336E-4,1.357045257E-3,9.995965362E-1,1.767491380E2,1.573166332E-1,-6.159916350E-2,1.767490499E2
7.657320619E1,2.836749422E-2,5.765401293E-4,1.355334651E-3,9.995964766E-1,1.767488885E2,1.571216721E-1,-6.163423171E-2,1.767488004E2
7.657820619E1,2.836955859E-2,5.794625613E-4,1.354839071E-3,9.995964170E-1,1.767486518E2,1.570745342E-1,-6.197026933E-2,1.767485633E2
7.658320619E1,2.836558359E-2,5.813859170E-4,1.349279773E-3,9.995965362E-1,1.767491075E2,1.564437470E-1,-6.220927618E-2,1.767490191E2
7.658820619E1,2.837605113E-2,5.906820879E-4,1.345927478E-3,9.995962381E-1,1.767479075E2,1.560906383E-1,-6.328337163E-2,1.767478178E2
7.659320619E1,2.838851173E-2,5.954765365E-4,1.346655190E-3,9.995958805E-1,1.767464791E2,1.561903813E-1,-6.382823995E-2,1.767463885E2
7.659820619E1,2.838038835E-2,5.903781275E-4,1.343144337E-3,9.995961189E-1,1.767474103E2,1.557711278E-1,-6.325692858E-2,1.767473208E2
7.660320619E1,2.837430437E-2,5.869634915E-4,1.340099960E-3,9.995962977E-1,1.767481078E2,1.554109194E-1,-6.287664501E-2,1.767480190E2
7.660820619E1,2.837230435E-2,5.920642870E-4,1.335734734E-3,9.995963573E-1,1.767483371E2,1.549273615E-1,-6.347542103E-2,1.767482478E2
7.661320619E1,2.837418912E-2,5.941087147E-4,1.339391456E-3,9.995962977E-1,1.767481210E2,1.553529904E-1,-6.369741859E-2,1.767480311E2
7.661820619E1,2.837617791E-2,5.839801743E-4,1.346179168E-3,9.995962381E-1,1.767478930E2,1.560976820E-1,-6.251486055E-2,1.767478043E2
7.662320619E1,2.837609429E-2,5.806941190E-4,1.349359518E-3,9.995962381E-1,1.767479026E2,1.564512858E-1,-6.212812964E-2,1.767478143E2
7.662820619E1,2.837602903E-2,5.840677768E-4,1.349275815E-3,9.995962381E-1,1.767479101E2,1.564526649E-1,-6.251484875E-2,1.767478212E2
7.663320619E1,2.836748427E-2,5.809881841E-4,1.353642438E-3,9.995964766E-1,1.767488896E2,1.569422963E-1,-6.214923825E-2,1.767488010E2
7.663820619E1,2.836930399E-2,5.798886996E-4,1.359978109E-3,9.995964170E-1,1.767486810E2,1.576645580E-1,-6.200241461E-2,1.767485921E2
7.664320619E1,2.836713550E-2,5.795133766E-4,1.361560542E-3,9.995964766E-1,1.767489296E2,1.578444641E-1,-6.195462108E-2,1.767488407E2
7.664820619E1,2.836750375E-2,5.792235606E-4,1.353990519E-3,9.995964766E-1,1.767488874E2,1.569764320E-1,-6.194597425E-2,1.767487990E2
7.665320619E1,2.836319601E-2,5.739952903E-4,1.358446898E-3,9.995965958E-1,1.767493812E2,1.574696295E-1,-6.133329218E-2,1.767492934E2
7.665820619E1,2.835863487E-2,5.770373973E-4,1.364650205E-3,9.995967150E-1,1.767499041E2,1.581897979E-1,-6.166231078E-2,1.767498154E2
7.666320619E1,2.835829310E-2,5.842896062E-4,1.368660713E-3,9.995967150E-1,1.767499433E2,1.586727318E-1,-6.248003885E-2,1.767498532E2
7.666820619E1,2.836494387E-2,5.824908731E-4,1.362189883E-3,9.995965362E-1,1.767491808E2,1.579260954E-1,-6.229397988E-2,1.767490914E2
7.667320619E1,2.836700674E-2,5.770408316E-4,1.365288044E-3,9.995964766E-1,1.767489444E2,1.582633872E-1,-6.165930585E-2,1.767488556E2
7.667820619E1,2.837528383E-2,5.802870146E-4,1.366469194E-3,9.995962381E-1,1.767479955E2,1.584097493E-1,-6.202598973E-2,1.767479062E2
7.668320619E1,2.837307332E-2,5.831787130E-4,1.367536373E-3,9.995962977E-1,1.767482489E2,1.585412554E-1,-6.235410074E-2,1.767481590E2
7.668820619E1,2.837149057E-2,5.842705723E-4,1.356293564E-3,9.995963573E-1,1.767484303E2,1.572568925E-1,-6.251597208E-2,1.767483410E2
7.669320619E1,2.837983329E-2,5.903090932E-4,1.354851993E-3,9.995961189E-1,1.767474740E2,1.571119281E-1,-6.321103209E-2,1.767473837E2
7.669820619E1,2.838365070E-2,5.908875610E-4,1.362561248E-3,9.995959997E-1,1.767470363E2,1.579971120E-1,-6.325161756E-2,1.767469455E2
7.670320619E1,2.838185934E-2,5.818721256E-4,1.360026537E-3,9.995960593E-1,1.767472417E2,1.576773353E-1,-6.222746889E-2,1.767471525E2
7.670820619E1,2.837821010E-2,5.785715766E-4,1.349930186E-3,9.995961785E-1,1.767476600E2,1.565098819E-1,-6.188281540E-2,1.767475720E2
7.671320619E1,2.837983244E-2,5.859062076E-4,1.356779481E-3,9.995961189E-1,1.767474741E2,1.573183936E-1,-6.270043379E-2,1.767473844E2
7.671820619E1,2.838185966E-2,5.883854465E-4,1.357214875E-3,9.995960593E-1,1.767472417E2,1.573764570E-1,-6.298268382E-2,1.767471516E2
7.672320619E1,2.838406135E-2,5.901863333E-4,1.354285749E-3,9.995959997E-1,1.767469893E2,1.570469354E-1,-6.319814777E-2,1.767468991E2
7.672820619E1,2.838228755E-2,5.823294050E-4,1.350863837E-3,9.995960593E-1,1.767471926E2,1.566293028E-1,-6.230958189E-2,1.767471039E2
7.673320619E1,2.838424027E-2,5.777932238E-4,1.355878892E-3,9.995959997E-1,1.767469687E2,1.571891212E-1,-6.177336531E-2,1.767468805E2
7.673820619E1,2.837777134E-2,5.760340719E-4,1.360199880E-3,9.995961785E-1,1.767477103E2,1.576779504E-1,-6.155882834E-2,1.767476221E2
7.674320619E1,2.838421881E-2,5.823773681E-4,1.354366075E-3,9.995959997E-1,1.767469712E2,1.570307450E-1,-6.230338155E-2,1.767468823E2
7.674820619E1,2.839457555E-2,5.872871843E-4,1.355111366E-3,9.995957017E-1,1.767457839E2,1.571327370E-1,-6.286172566E-2,1.767456942E2
7.675320619E1,2.839442711E-2,5.823781248E-4,1.360330381E-3,9.995957017E-1,1.767458010E2,1.577145682E-1,-6.228245758E-2,1.767457117E2
7.675820619E1,2.838619444E-2,5.770958960E-4,1.359203830E-3,9.995959401E-1,1.767467447E2,1.575678303E-1,-6.168236668E-2,1.767466564E2
7.676320619E1,2.839252070E-2,5.841369857E-4,1.355560729E-3,9.995957613E-1,1.767460195E2,1.571738301E-1,-6.249974627E-2,1.767459302E2
7.676820619E1,2.840084842E-2,5.899772514E-4,1.354390173E-3,9.995955229E-1,1.767450648E2,1.570592776E-1,-6.317122114E-2,1.767449747E2
7.677320619E1,2.839241646E-2,5.814649048E-4,1.358888927E-3,9.995957613E-1,1.767460314E2,1.575463593E-1,-6.218285974E-2,1.767459424E2
7.677820619E1,2.839676179E-2,5.833412870E-4,1.354971551E-3,9.995956421E-1,1.767455333E2,1.571040182E-1,-6.240985316E-2,1.767454442E2
7.678320619E1,2.839675794E-2,5.849295412E-4,1.354367356E-3,9.995956421E-1,1.767455337E2,1.570399787E-1,-6.259374687E-2,1.767454444E2
7.678820619E1,2.839670051E-2,5.821530358E-4,1.356765628E-3,9.995956421E-1,1.767455403E2,1.573056508E-1,-6.226791613E-2,1.767454513E2
7.679320619E1,2.839253875E-2,5.816884222E-4,1.356235472E-3,9.995957613E-1,1.767460174E2,1.572431529E-1,-6.221707671E-2,1.767459285E2
7.679820619E1,2.840117398E-2,5.863448023E-4,1.349130645E-3,9.995955229E-1,1.767450275E2,1.564450201E-1,-6.277220805E-2,1.767449383E2
7.680320619E1,2.840102301E-2,5.864088307E-4,1.352277352E-3,9.995955229E-1,1.767450448E2,1.568056600E-1,-6.276932453E-2,1.767449554E2
7.680820619E1,2.840090746E-2,5.803985987E-4,1.357287751E-3,9.995955229E-1,1.767450581E2,1.573600094E-1,-6.206459237E-2,1.767449693E2
7.681320619E1,2.839897719E-2,5.794538883E-4,1.354180044E-3,9.995955825E-1,1.767452793E2,1.570008411E-1,-6.196679780E-2,1.767451909E2
7.681820619E1,2.840755275E-2,5.867779255E-4,1.347129815E-3,9.995953441E-1,1.767442963E2,1.562176447E-1,-6.282733533E-2,1.767442071E2
7.682320619E1,2.840165125E-2,5.811341107E-4,1.341315219E-3,9.995955229E-1,1.767449728E2,1.555328682E-1,-6.220071017E-2,1.767448849E2
7.682820619E1,2.839321480E-2,5.767382099E-4,1.344142482E-3,9.995957613E-1,1.767459399E2,1.558418897E-1,-6.168929412E-2,1.767458525E2
7.683320619E1,2.839328297E-2,5.754341837E-4,1.343261101E-3,9.995957613E-1,1.767459321E2,1.557366926E-1,-6.154278123E-2,1.767458450E2
7.683820619E1,2.839556862E-2,5.777871702E-4,1.338281902E-3,9.995957017E-1,1.767456701E2,1.551741454E-1,-6.182815080E-2,1.767455829E2
7.684320619E1,2.838932422E-2,5.723839859E-4,1.339521375E-3,9.995958805E-1,1.767463859E2,1.552981564E-1,-6.120617857E-2,1.767462995E2
7.684820619E1,2.839963750E-2,5.785942776E-4,1.340632210E-3,9.995955825E-1,1.767452036E2,1.554462412E-1,-6.191232052E-2,1.767451162E2
7.685320619E1,2.840384538E-2,5.831659073E-4,1.338388305E-3,9.995954633E-1,1.767447213E2,1.552043537E-1,-6.244262829E-2,1.767446332E2
7.685820619E1,2.839981558E-2,5.778002087E-4,1.337197842E-3,9.995955825E-1,1.767451832E2,1.550502764E-1,-6.183251306E-2,1.767450961E2
7.686320619E1,2.839156454E-2,5.723009235E-4,1.336550107E-3,9.995958209E-1,1.767461291E2,1.549576779E-1,-6.120598320E-2,1.767460429E2
7.686820619E1,2.840591661E-2,5.826654378E-4,1.339164563E-3,9.995954037E-1,1.767444838E2,1.552917707E-1,-6.238245346E-2,1.767443958E2
7.687320619E1,2.841015701E-2,5.863390397E-4,1.336587593E-3,9.995952845E-1,1.767439977E2,1.550088158E-1,-6.281097793E-2,1.767439093E2
7.687820619E1,2.840191815E-2,5.799400387E-4,1.336170593E-3,9.995955229E-1,1.767449422E2,1.549397046E-1,-6.208063766E-2,1.767448548E2
7.688320619E1,2.839990131E-2,5.778374034E-4,1.335359761E-3,9.995955825E-1,1.767451734E2,1.548398588E-1,-6.184274223E-2,1.767450864E2
7.688820619E1,2.840181841E-2,5.813673488E-4,1.337669673E-3,9.995955229E-1,1.767449536E2,1.551160570E-1,-6.223926563E-2,1.767448659E2
7.689320619E1,2.840406358E-2,5.831853487E-4,1.333741006E-3,9.995954633E-1,1.767446962E2,1.546721035E-1,-6.245994809E-2,1.767446085E2
7.689820619E1,2.840021083E-2,5.795068573E-4,1.328033395E-3,9.995955825E-1,1.767451379E2,1.540061094E-1,-6.205776606E-2,1.767450511E2
7.690320619E1,2.840216497E-2,5.816369085E-4,1.330173225E-3,9.995955229E-1,1.767449139E2,1.542582717E-1,-6.229448762E-2,1.767448266E2
7.690820619E1,2.839804063E-2,5.781130167E-4,1.330183819E-3,9.995956421E-1,1.767453867E2,1.542477599E-1,-6.189144454E-2,1.767453000E2
7.691320619E1,2.839596334E-2,5.762213841E-4,1.330559608E-3,9.995957017E-1,1.767456248E2,1.542845204E-1,-6.167386472E-2,1.767455384E2
7.691820619E1,2.839793975E-2,5.778617924E-4,1.332444604E-3,9.995956421E-1,1.767453983E2,1.545058988E-1,-6.185532639E-2,1.767453114E2
7.692320619E1,2.840381078E-2,5.820147344E-4,1.339623239E-3,9.995954633E-1,1.767447252E2,1.553420604E-1,-6.230675268E-2,1.767446373E2
7.692820619E1,2.839362362E-2,5.748256808E-4,1.336303074E-3,9.995957613E-1,1.767458931E2,1.549377228E-1,-6.149566678E-2,1.767458065E2
7.693320619E1,2.838965761E-2,5.707542878E-4,1.333135762E-3,9.995958805E-1,1.767463477E2,1.545614313E-1,-6.104022690E-2,1.767462620E2
7.693820619E1,2.838965378E-2,5.702329217E-4,1.333440421E-3,9.995958805E-1,1.767463482E2,1.545946321E-1,-6.097951633E-2,1.767462625E2
7.694320619E1,2.838957564E-2,5.699144094E-4,1.335239038E-3,9.995958805E-1,1.767463571E2,1.547996146E-1,-6.093719290E-2,1.767462714E2
7.694820619E1,2.838751640E-2,5.662551848E-4,1.335955458E-3,9.995959401E-1,1.767465932E2,1.548696474E-1,-6.051603432E-2,1.767465080E2
7.695320619E1,2.839380414E-2,5.708967801E-4,1.334149973E-3,9.995957613E-1,1.767458724E2,1.546783214E-1,-6.105260755E-2,1.767457865E2
7.695820619E1,2.838927915E-2,5.658826558E-4,1.343233744E-3,9.995958805E-1,1.767463911E2,1.557022372E-1,-6.044941161E-2,1.767463055E2
7.696320619E1,2.837902914E-2,5.579153658E-4,1.341380063E-3,9.995961785E-1,1.767475661E2,1.554633748E-1,-5.954442082E-2,1.767474819E2
7.696820619E1,2.838742707E-2,5.632950342E-4,1.339101349E-3,9.995959401E-1,1.767466034E2,1.552203598E-1,-6.016674313E-2,1.767465185E2
7.697320619E1,2.839573380E-2,5.710439291E-4,1.337671303E-3,9.995957017E-1,1.767456512E2,1.550822707E-1,-6.105770576E-2,1.767455651E2
7.697820619E1,2.838317447E-2,5.603722529E-4,1.341483206E-3,9.995960593E-1,1.767470909E2,1.554834280E-1,-5.982486550E-2,1.767470063E2
7.698320619E1,2.838126382E-2,5.576714175E-4,1.338616014E-3,9.995961189E-1,1.767473100E2,1.551461050E-1,-5.952511976E-2,1.767472259E2
7.698820619E1,2.838944582E-2,5.629810621E-4,1.340928371E-3,9.995958805E-1,1.767463720E2,1.554287370E-1,-6.012452182E-2,1.767462870E2
7.699320619E1,2.838312730E-2,5.582611193E-4,1.343360171E-3,9.995960593E-1,1.767470963E2,1.556915561E-1,-5.957694748E-2,1.767470119E2
7.699820619E1,2.837052849E-2,5.500870175E-4,1.346750883E-3,9.995964170E-1,1.767485406E2,1.560526201E-1,-5.863158096E-2,1.767484573E2
7.700320619E1,2.838141416E-2,5.593780079E-4,1.334710745E-3,9.995961189E-1,1.767472927E2,1.547043335E-1,-5.973327968E-2,1.767472087E2
7.700820619E1,2.838568085E-2,5.626604543E-4,1.331872423E-3,9.995959997E-1,1.767468036E2,1.543901493E-1,-6.011784074E-2,1.767467192E2
7.701320619E1,2.836887463E-2,5.488813040E-4,1.337811933E-3,9.995964766E-1,1.767487302E2,1.550246859E-1,-5.852279010E-2,1.767486477E2
7.701820619E1,2.836889529E-2,5.480843829E-4,1.337700407E-3,9.995964766E-1,1.767487279E2,1.550093215E-1,-5.843186585E-2,1.767486454E2
7.702320619E1,2.838590378E-2,5.624989863E-4,1.327181119E-3,9.995959997E-1,1.767467780E2,1.538522694E-1,-6.011457112E-2,1.767466940E2
7.702820619E1,2.839203536E-2,5.653296830E-4,1.329496969E-3,9.995958209E-1,1.767460751E2,1.541271187E-1,-6.043033551E-2,1.767459905E2
7.703320619E1,2.838350677E-2,5.584395258E-4,1.335243694E-3,9.995960593E-1,1.767470528E2,1.547624529E-1,-5.962372363E-2,1.767469689E2
7.703820619E1,2.837726332E-2,5.541183637E-4,1.335882815E-3,9.995962381E-1,1.767477686E2,1.548212363E-1,-5.912764304E-2,1.767476853E2
7.704320619E1,2.838769690E-2,5.625599297E-4,1.333679305E-3,9.995959401E-1,1.767465725E2,1.545969137E-1,-6.010013680E-2,1.767464880E2
7.704820619E1,2.838777799E-2,5.636583664E-4,1.331487671E-3,9.995959401E-1,1.767465632E2,1.543494501E-1,-6.023307459E-2,1.767464787E2
7.705320619E1,2.838346257E-2,5.601730663E-4,1.335457084E-3,9.995960593E-1,1.767470579E2,1.547925318E-1,-5.982160532E-2,1.767469737E2
7.705820619E1,2.838728706E-2,5.629835068E-4,1.342196832E-3,9.995959401E-1,1.767466195E2,1.555739117E-1,-6.012101117E-2,1.767465344E2
7.706320619E1,2.837718917E-2,5.542592844E-4,1.337398775E-3,9.995962381E-1,1.767477771E2,1.549953367E-1,-5.913886662E-2,1.767476937E2
7.706820619E1,2.836482213E-2,5.441818503E-4,1.336588408E-3,9.995965958E-1,1.767491948E2,1.548690232E-1,-5.798909500E-2,1.767491130E2
7.707320619E1,2.837718422E-2,5.534695229E-4,1.337830676E-3,9.995962381E-1,1.767477776E2,1.550422404E-1,-5.904699942E-2,1.767476943E2
7.707820619E1,2.838765486E-2,5.620514276E-4,1.334788045E-3,9.995959401E-1,1.767465773E2,1.547222581E-1,-6.003828997E-2,1.767464928E2
7.708320619E1,2.837980532E-2,5.561029539E-4,1.325618592E-3,9.995961785E-1,1.767474772E2,1.536521202E-1,-5.938795585E-2,1.767473942E2
7.708820619E1,2.837151405E-2,5.488973111E-4,1.326319179E-3,9.995964170E-1,1.767484277E2,1.537084485E-1,-5.856157978E-2,1.767483457E2
7.709320619E1,2.838167620E-2,5.576497642E-4,1.329852967E-3,9.995961189E-1,1.767472627E2,1.541422911E-1,-5.955107631E-2,1.767471792E2
7.709820619E1,2.838813501E-2,5.639670999E-4,1.323722536E-3,9.995959401E-1,1.767465223E2,1.534610146E-1,-6.029364441E-2,1.767464381E2
7.710320619E1,2.839851677E-2,5.717427703E-4,1.322751166E-3,9.995956421E-1,1.767453321E2,1.533756806E-1,-6.118587782E-2,1.767452468E2
7.710820619E1,2.839222652E-2,5.656857975E-4,1.325256308E-3,9.995958209E-1,1.767460532E2,1.536425403E-1,-6.048489467E-2,1.767459687E2
7.711320619E1,2.837778649E-2,5.548499757E-4,1.324416604E-3,9.995962381E-1,1.767477086E2,1.535102430E-1,-5.924865219E-2,1.767476259E2
7.711820619E1,2.836976453E-2,5.503779976E-4,1.318181865E-3,9.995964766E-1,1.767486282E2,1.527810665E-1,-5.875790912E-2,1.767485466E2
7.712320619E1,2.837592978E-2,5.543165607E-4,1.319425995E-3,9.995962977E-1,1.767479214E2,1.529367463E-1,-5.920406523E-2,1.767478391E2
7.712820619E1,2.839845979E-2,5.712443963E-4,1.324189012E-3,9.995956421E-1,1.767453387E2,1.535387539E-1,-6.112412099E-2,1.767452534E2
7.713320619E1,2.840073781E-2,5.735168234E-4,1.319335541E-3,9.995955825E-1,1.767450775E2,1.529903462E-1,-6.139986278E-2,1.767449922E2
7.713820619E1,2.838621789E-2,5.616644048E-4,1.320801093E-3,9.995959997E-1,1.767467420E2,1.531187700E-1,-6.003967904E-2,1.767466585E2
7.714320619E1,2.837777295E-2,5.545056774E-4,1.324850833E-3,9.995962381E-1,1.767477101E2,1.535588615E-1,-5.920780442E-2,1.767476274E2
7.714820619E1,2.838791323E-2,5.634503323E-4,1.328689395E-3,9.995959401E-1,1.767465477E2,1.540282516E-1,-6.021832745E-2,1.767464634E2
7.715320619E1,2.840454575E-2,5.756288301E-4,1.326736761E-3,9.995954633E-1,1.767446410E2,1.538452313E-1,-6.161710922E-2,1.767445548E2
7.715820619E1,2.840878741E-2,5.799927749E-4,1.323830220E-3,9.995953441E-1,1.767441547E2,1.535267692E-1,-6.212578763E-2,1.767440681E2
7.716320619E1,2.840029570E-2,5.735357990E-4,1.328810351E-3,9.995955825E-1,1.767451282E2,1.540756775E-1,-6.137126803E-2,1.767450423E2
7.716820619E1,2.838355143E-2,5.598143907E-4,1.333717839E-3,9.995960593E-1,1.767470477E2,1.545921477E-1,-5.978616403E-2,1.767469637E2
7.717320619E1,2.838372791E-2,5.612972309E-4,1.329331542E-3,9.995960593E-1,1.767470275E2,1.540945510E-1,-5.997025607E-2,1.767469435E2
7.717820619E1,2.840044541E-2,5.748091498E-4,1.325055142E-3,9.995955825E-1,1.767451110E2,1.536496889E-1,-6.152932271E-2,1.767450251E2
7.718320619E1,2.840225908E-2,5.755819730E-4,1.330797444E-3,9.995955229E-1,1.767449031E2,1.543100707E-1,-6.159887739E-2,1.767448167E2
7.718820619E1,2.839170719E-2,5.682269111E-4,1.335257548E-3,9.995958209E-1,1.767461128E2,1.547963741E-1,-6.074350763E-2,1.767460273E2
7.719320619E1,2.838800006E-2,5.645441124E-4,1.326368074E-3,9.995959401E-1,1.767465377E2,1.537659182E-1,-6.035115296E-2,1.767464534E2
7.719820619E1,2.838621562E-2,5.624554469E-4,1.320513198E-3,9.995959997E-1,1.767467423E2,1.530883661E-1,-6.013122603E-2,1.767466586E2
7.720320619E1,2.839036252E-2,5.664146156E-4,1.319909468E-3,9.995958805E-1,1.767462669E2,1.530323423E-1,-6.058605917E-2,1.767461826E2
7.720820619E1,2.840465497E-2,5.756238825E-4,1.324398560E-3,9.995954633E-1,1.767446285E2,1.535773915E-1,-6.162413658E-2,1.767445425E2
7.721320619E1,2.840686217E-2,5.766641698E-4,1.321589807E-3,9.995954037E-1,1.767443754E2,1.532591844E-1,-6.175210068E-2,1.767442894E2
7.721820619E1,2.838205812E-2,5.585914478E-4,1.321279095E-3,9.995961189E-1,1.767472189E2,1.531632780E-1,-5.968676876E-2,1.767471358E2
7.722320619E1,2.837558325E-2,5.524007138E-4,1.327656326E-3,9.995962977E-1,1.767479612E2,1.538732436E-1,-5.895790447E-2,1.767478786E2
7.722820619E1,2.839219393E-2,5.666761426E-4,1.325531397E-3,9.995958209E-1,1.767460570E2,1.536772710E-1,-6.059744400E-2,1.767459723E2
7.723320619E1,2.841069570E-2,5.805087276E-4,1.327652484E-3,9.995952845E-1,1.767439360E2,1.539663907E-1,-6.217215025E-2,1.767438490E2
7.723820619E1,2.840643073E-2,5.798329366E-4,1.329453429E-3,9.995954037E-1,1.767444249E2,1.541702155E-1,-6.208953606E-2,1.767443379E2
7.724320619E1,2.847631117E-2,6.345856818E-4,1.333204447E-3,9.995933771E-1,1.767364139E2,1.547828981E-1,-6.833817067E-2,1.767363181E2
7.724820619E1,2.868056175E-2,7.970707957E-4,1.336612622E-3,9.995874166E-1,1.767129990E2,1.557213152E-1,-8.690708949E-2,1.767128769E2
7.725320619E1,2.891314854E-2,9.823514847E-4,1.328408602E-3,9.995805621E-1,1.766863354E2,1.554157610E-1,-1.081207495E-1,1.766861843E2
7.725820619E1,2.893815148E-2,1.088836463E-3,1.328870072E-3,9.995797276E-1,1.766834691E2,1.558244866E-1,-1.203124949E-1,1.766833006E2
7.726320619E1,2.895759963E-2,1.174842124E-3,1.325138495E-3,9.995790720E-1,1.766812396E2,1.556848362E-1,-1.301732319E-1,1.766810575E2
7.726820619E1,2.897794651E-2,1.223452738E-3,1.330921426E-3,9.995784163E-1,1.766789070E2,1.565113297E-1,-1.357188837E-1,1.766787162E2
7.727320619E1,2.897556181E-2,1.222420484E-3,1.338999253E-3,9.995784760E-1,1.766791804E2,1.574328427E-1,-1.355741962E-1,1.766789887E2
7.727820619E1,2.897160739E-2,1.216234639E-3,1.341206022E-3,9.995785952E-1,1.766796337E2,1.576645380E-1,-1.348589446E-1,1.766794427E2
7.728320619E1,2.897943446E-2,1.223280327E-3,1.343389275E-3,9.995783567E-1,1.766787364E2,1.579390734E-1,-1.356574965E-1,1.766785440E2
7.728820619E1,2.899210444E-2,1.209463808E-3,1.348615158E-3,9.995779991E-1,1.766772840E2,1.584934752E-1,-1.340555414E-1,1.766770931E2
7.729320619E1,2.900091766E-2,1.138841384E-3,1.353136147E-3,9.995778203E-1,1.766762736E2,1.587777717E-1,-1.259497923E-1,1.766760939E2
7.729820619E1,2.901921483E-2,1.034556539E-3,1.352825901E-3,9.995774031E-1,1.766741760E2,1.583977022E-1,-1.140027933E-1,1.766740136E2
7.730320619E1,2.903345959E-2,9.223476518E-4,1.348542981E-3,9.995771050E-1,1.766725430E2,1.575353768E-1,-1.011620226E-1,1.766723995E2
7.730820619E1,2.902216617E-2,8.130534552E-4,1.352690626E-3,9.995775223E-1,1.766738377E2,1.576457963E-1,-8.863109968E-2,1.766737116E2
7.731320619E1,2.901207804E-2,7.217848906E-4,1.356597757E-3,9.995778799E-1,1.766749942E2,1.577889799E-1,-7.816550391E-2,1.766748826E2
7.731820619E1,2.900376848E-2,6.397172692E-4,1.355870161E-3,9.995781779E-1,1.766759468E2,1.574322041E-1,-6.876894105E-2,1.766758486E2
7.732320619E1,2.900725672E-2,5.818658974E-4,1.351242769E-3,9.995781183E-1,1.766755469E2,1.567100930E-1,-6.215728966E-2,1.766754583E2
7.732820619E1,2.899177086E-2,5.485600559E-4,1.344767399E-3,9.995785952E-1,1.766773222E2,1.558567607E-1,-5.836626977E-2,1.766772393E2
7.733320619E1,2.896300955E-2,5.420182133E-4,1.346908277E-3,9.995794296E-1,1.766806194E2,1.560785918E-1,-5.761432387E-2,1.766805374E2
7.733820619E1,2.896050587E-2,5.739014014E-4,1.343296375E-3,9.995794892E-1,1.766809064E2,1.557705436E-1,-6.127871041E-2,1.766808196E2
7.734320619E1,2.897437465E-2,6.078376900E-4,1.339764684E-3,9.995790720E-1,1.766793165E2,1.554795461E-1,-6.517545183E-2,1.766792245E2
7.734820619E1,2.899305132E-2,6.058164290E-4,1.336867921E-3,9.995785356E-1,1.766771754E2,1.551422425E-1,-6.495064922E-2,1.766770839E2
7.735320619E1,2.899758999E-2,5.694485153E-4,1.343530836E-3,9.995784163E-1,1.766766551E2,1.557848753E-1,-6.076210407E-2,1.766765690E2
7.735820619E1,2.898953772E-2,5.528426263E-4,1.346849604E-3,9.995786548E-1,1.766775782E2,1.561093610E-1,-5.885024056E-2,1.766774945E2
7.736320619E1,2.897910070E-2,5.707953242E-4,1.342779142E-3,9.995789528E-1,1.766787747E2,1.557021224E-1,-6.092174986E-2,1.766786884E2
7.736820619E1,2.897638905E-2,5.987863406E-4,1.344735618E-3,9.995790124E-1,1.766790856E2,1.560190091E-1,-6.412186041E-2,1.766789947E2
7.737320619E1,2.899062892E-2,6.029504584E-4,1.346098376E-3,9.995785952E-1,1.766774531E2,1.561898523E-1,-6.459208226E-2,1.766773615E2
7.737820619E1,2.900120036E-2,5.891505862E-4,1.345796976E-3,9.995782971E-1,1.766762412E2,1.561101473E-1,-6.301074965E-2,1.766761518E2
7.738320619E1,2.900173679E-2,5.729538971E-4,1.341222320E-3,9.995782971E-1,1.766761797E2,1.555323524E-1,-6.117064787E-2,1.766760931E2
7.738820619E1,2.898305007E-2,5.676767323E-4,1.347594312E-3,9.995788336E-1,1.766783220E2,1.562435516E-1,-6.054792816E-2,1.766782358E2
7.739320619E1,2.898083772E-2,5.874073249E-4,1.342496602E-3,9.995788932E-1,1.766785756E2,1.557250372E-1,-6.282521155E-2,1.766784866E2
7.739820619E1,2.899091085E-2,6.034467369E-4,1.339789247E-3,9.995785952E-1,1.766774208E2,1.554688494E-1,-6.466984383E-2,1.766773295E2
7.740320619E1,2.899726479E-2,5.908653839E-4,1.341299852E-3,9.995784163E-1,1.766766924E2,1.556004813E-1,-6.322272649E-2,1.766766030E2
7.740820619E1,2.899534235E-2,5.744597875E-4,1.345559722E-3,9.995784760E-1,1.766769128E2,1.560337863E-1,-6.132972053E-2,1.766768257E2
7.741320619E1,2.899129951E-2,5.735897576E-4,1.344485907E-3,9.995785952E-1,1.766773762E2,1.559076491E-1,-6.123426300E-2,1.766772894E2
7.741820619E1,2.898923596E-2,5.874957424E-4,1.338649774E-3,9.995786548E-1,1.766776128E2,1.552852295E-1,-6.284681002E-2,1.766775241E2
7.742320619E1,2.898909682E-2,5.954214139E-4,1.338160946E-3,9.995786548E-1,1.766776288E2,1.552555591E-1,-6.375628815E-2,1.766775388E2
7.742820619E1,2.899096409E-2,5.958197871E-4,1.342048752E-3,9.995785952E-1,1.766774147E2,1.557023248E-1,-6.378871298E-2,1.766773244E2
7.743320619E1,2.899320468E-2,5.855733762E-4,1.342550036E-3,9.995785356E-1,1.766771578E2,1.557258415E-1,-6.261304083E-2,1.766770692E2
7.743820619E1,2.898943212E-2,5.816068733E-4,1.336972346E-3,9.995786548E-1,1.766775903E2,1.550735392E-1,-6.217782150E-2,1.766775026E2
7.744320619E1,2.898750545E-2,5.887552397E-4,1.331041800E-3,9.995787144E-1,1.766778112E2,1.544178603E-1,-6.301661815E-2,1.766777228E2
7.744820619E1,2.899526871E-2,6.026326446E-4,1.334780711E-3,9.995784760E-1,1.766769212E2,1.548927307E-1,-6.459255912E-2,1.766768303E2
7.745320619E1,2.900148694E-2,6.033787504E-4,1.333259046E-3,9.995782971E-1,1.766762084E2,1.547213155E-1,-6.468211408E-2,1.766761175E2
7.745820619E1,2.899980640E-2,5.918979878E-4,1.330269501E-3,9.995783567E-1,1.766764010E2,1.543406185E-1,-6.337726502E-2,1.766763121E2
7.746320619E1,2.899772089E-2,5.894817295E-4,1.332015963E-3,9.995784163E-1,1.766766401E2,1.545325027E-1,-6.309501743E-2,1.766765515E2
7.746820619E1,2.898923357E-2,5.921823322E-4,1.336635090E-3,9.995786548E-1,1.766776131E2,1.550700301E-1,-6.339032069E-2,1.766775237E2
7.747320619E1,2.898510062E-2,5.939693074E-4,1.336323563E-3,9.995787740E-1,1.766780869E2,1.550400203E-1,-6.359668268E-2,1.766779973E2
7.747820619E1,2.898122543E-2,5.934091168E-4,1.331442036E-3,9.995788932E-1,1.766785311E2,1.544787656E-1,-6.354932968E-2,1.766784419E2
7.748320619E1,2.899178956E-2,5.988968187E-4,1.322707860E-3,9.995785952E-1,1.766773201E2,1.534972266E-1,-6.420529415E-2,1.766772306E2
7.748820619E1,2.899335870E-2,6.015313556E-4,1.332128071E-3,9.995785356E-1,1.766771402E2,1.545851054E-1,-6.447552319E-2,1.766770496E2
7.749320619E1,2.898743961E-2,5.998111446E-4,1.327534672E-3,9.995787144E-1,1.766778187E2,1.540528648E-1,-6.429465831E-2,1.766777288E2
7.749820619E1,2.898153301E-2,5.963794538E-4,1.323395525E-3,9.995788932E-1,1.766784959E2,1.535669745E-1,-6.391623796E-2,1.766784067E2
7.750320619E1,2.898151515E-2,5.936051020E-4,1.325033023E-3,9.995788932E-1,1.766784979E2,1.537453237E-1,-6.359301886E-2,1.766784091E2
7.750820619E1,2.898513544E-2,5.994777312E-4,1.333104679E-3,9.995787740E-1,1.766780829E2,1.546896176E-1,-6.423832210E-2,1.766779926E2
7.751320619E1,2.899914803E-2,6.137369783E-4,1.334717846E-3,9.995783567E-1,1.766764765E2,1.549226841E-1,-6.586409364E-2,1.766763839E2
7.751820619E1,2.899098006E-2,6.110218819E-4,1.334849163E-3,9.995785952E-1,1.766774129E2,1.549281667E-1,-6.555392721E-2,1.766773206E2
7.752320619E1,2.898880753E-2,6.057482096E-4,1.339792158E-3,9.995786548E-1,1.766776619E2,1.554766925E-1,-6.493377959E-2,1.766775702E2
7.752820619E1,2.898644770E-2,6.017640699E-4,1.348149381E-3,9.995787144E-1,1.766779324E2,1.564205705E-1,-6.445002990E-2,1.766778409E2
7.753320619E1,2.898446991E-2,6.062756293E-4,1.344452146E-3,9.995787740E-1,1.766781592E2,1.560119344E-1,-6.497938865E-2,1.766780671E2
7.753820619E1,2.898250212E-2,6.069862284E-4,1.342236064E-3,9.995788336E-1,1.766783848E2,1.557603287E-1,-6.506845032E-2,1.766782927E2
7.754320619E1,2.898041054E-2,6.007449701E-4,1.345811994E-3,9.995788932E-1,1.766786245E2,1.561490640E-1,-6.434200603E-2,1.766785333E2
7.754820619E1,2.898851272E-2,6.009339704E-4,1.348311780E-3,9.995786548E-1,1.766776957E2,1.564365478E-1,-6.435408494E-2,1.766776042E2
7.755320619E1,2.898437003E-2,6.000681897E-4,1.349381288E-3,9.995787740E-1,1.766781706E2,1.565559105E-1,-6.425201155E-2,1.766780792E2
7.755820619E1,2.897990479E-2,5.994858220E-4,1.357215922E-3,9.995788932E-1,1.766786825E2,1.574510965E-1,-6.415998616E-2,1.766785907E2
7.756320619E1,2.898005159E-2,6.001515430E-4,1.353782834E-3,9.995788932E-1,1.766786657E2,1.570600787E-1,-6.424761811E-2,1.766785740E2
7.756820619E1,2.898199870E-2,6.019108696E-4,1.355327899E-3,9.995788336E-1,1.766784425E2,1.572430244E-1,-6.444369983E-2,1.766783504E2
7.757320619E1,2.898619043E-2,6.034721737E-4,1.352909021E-3,9.995787144E-1,1.766779619E2,1.569714142E-1,-6.462991209E-2,1.766778698E2
7.757820619E1,2.896996216E-2,5.938156974E-4,1.352471649E-3,9.995791912E-1,1.766798223E2,1.568882073E-1,-6.352782719E-2,1.766797317E2
7.758320619E1,2.897998657E-2,6.029430078E-4,1.353934174E-3,9.995788932E-1,1.766786732E2,1.570866804E-1,-6.456686941E-2,1.766785810E2
7.758820619E1,2.897982171E-2,6.068091025E-4,1.355734537E-3,9.995788932E-1,1.766786921E2,1.573057295E-1,-6.500375180E-2,1.766785992E2
7.759320619E1,2.897972820E-2,6.032939418E-4,1.359297545E-3,9.995788932E-1,1.766787028E2,1.577021688E-1,-6.458929580E-2,1.766786102E2
7.759820619E1,2.898602230E-2,6.079216837E-4,1.354518114E-3,9.995787144E-1,1.766779812E2,1.571704950E-1,-6.513425528E-2,1.766778882E2
7.760320619E1,2.898601666E-2,6.112654228E-4,1.353133353E-3,9.995787144E-1,1.766779819E2,1.570229866E-1,-6.552185881E-2,1.766778884E2
7.760820619E1,2.898421915E-2,6.089541130E-4,1.348641235E-3,9.995787740E-1,1.766781879E2,1.565006482E-1,-6.527231639E-2,1.766780951E2
7.761320619E1,2.898832708E-2,6.119354512E-4,1.347354497E-3,9.995786548E-1,1.766777170E2,1.563634331E-1,-6.561744000E-2,1.766776238E2
7.761820619E1,2.898806140E-2,6.157872849E-4,1.351309940E-3,9.995786548E-1,1.766777475E2,1.568292823E-1,-6.604554382E-2,1.766776534E2
7.762320619E1,2.898598369E-2,6.124112406E-4,1.353321364E-3,9.995787144E-1,1.766779856E2,1.570483261E-1,-6.565248525E-2,1.766778920E2
7.762820619E1,2.898391360E-2,6.059131701E-4,1.356554334E-3,9.995787740E-1,1.766782230E2,1.573969221E-1,-6.489776191E-2,1.766781301E2
7.763320619E1,2.898592096E-2,6.068898947E-4,1.357147004E-3,9.995787144E-1,1.766779928E2,1.574681835E-1,-6.500735445E-2,1.766778998E2
7.763820619E1,2.898570115E-2,6.083816988E-4,1.361167640E-3,9.995787144E-1,1.766780180E2,1.579336627E-1,-6.516491027E-2,1.766779245E2
7.764320619E1,2.898161881E-2,6.040691514E-4,1.362472191E-3,9.995788336E-1,1.766784860E2,1.580685010E-1,-6.466724915E-2,1.766783931E2
7.764820619E1,2.898367782E-2,6.077524740E-4,1.360762515E-3,9.995787740E-1,1.766782500E2,1.578850363E-1,-6.509450204E-2,1.766781566E2
7.765320619E1,2.898361947E-2,6.071123062E-4,1.362290350E-3,9.995787740E-1,1.766782567E2,1.580579098E-1,-6.501610979E-2,1.766781633E2
7.765820619E1,2.898365884E-2,6.091192481E-4,1.360555645E-3,9.995787740E-1,1.766782522E2,1.578658792E-1,-6.525174697E-2,1.766781586E2
7.766320619E1,2.897760574E-2,6.027279305E-4,1.360964729E-3,9.995789528E-1,1.766789461E2,1.578911173E-1,-6.451926164E-2,1.766788535E2
7.766820619E1,2.897387116E-2,6.018668646E-4,1.353280735E-3,9.995790720E-1,1.766793742E2,1.570078648E-1,-6.444673499E-2,1.766792823E2
7.767320619E1,2.897798508E-2,6.049773074E-4,1.351859421E-3,9.995789528E-1,1.766789026E2,1.568556570E-1,-6.480708911E-2,1.766788102E2
7.767820619E1,2.897372184E-2,6.062671309E-4,1.354512991E-3,9.995790720E-1,1.766793913E2,1.571636130E-1,-6.494668833E-2,1.766792986E2
7.768320619E1,2.897170553E-2,6.009642384E-4,1.356017659E-3,9.995791316E-1,1.766796225E2,1.573182255E-1,-6.433459871E-2,1.766795305E2
7.768820619E1,2.896742035E-2,5.997213302E-4,1.360234339E-3,9.995792508E-1,1.766801137E2,1.577968173E-1,-6.417890889E-2,1.766800217E2
7.769320619E1,2.896560137E-2,6.021175068E-4,1.354096574E-3,9.995793104E-1,1.766803223E2,1.571016127E-1,-6.447403534E-2,1.766802302E2
7.769820619E1,2.895963471E-2,5.987261538E-4,1.351219020E-3,9.995794892E-1,1.766810063E2,1.567603671E-1,-6.409606552E-2,1.766809150E2
7.770320619E1,2.896553259E-2,6.027073832E-4,1.355304965E-3,9.995793104E-1,1.766803302E2,1.572419799E-1,-6.453760158E-2,1.766802379E2
7.770820619E1,2.896548982E-2,5.986370379E-4,1.358020236E-3,9.995793104E-1,1.766803351E2,1.575394827E-1,-6.406236440E-2,1.766802433E2
7.771320619E1,2.896170326E-2,5.946994643E-4,1.352754422E-3,9.995794296E-1,1.766807691E2,1.569230055E-1,-6.362941464E-2,1.766806784E2
7.771820619E1,2.895360133E-2,5.944480654E-4,1.350123202E-3,9.995796680E-1,1.766816979E2,1.566202661E-1,-6.361062067E-2,1.766816074E2
7.772320619E1,2.895957730E-2,5.996740656E-4,1.352028805E-3,9.995794892E-1,1.766810129E2,1.568562651E-1,-6.420196420E-2,1.766809213E2
7.772820619E1,2.895133588E-2,5.938431714E-4,1.354833134E-3,9.995797276E-1,1.766819577E2,1.571576078E-1,-6.352606299E-2,1.766818669E2
7.773320619E1,2.894743353E-2,5.892448244E-4,1.352270716E-3,9.995798469E-1,1.766824050E2,1.568485965E-1,-6.300846615E-2,1.766823152E2
7.773820619E1,2.894771832E-2,5.901515251E-4,1.345763216E-3,9.995798469E-1,1.766823724E2,1.561062293E-1,-6.313386514E-2,1.766822828E2
7.774320619E1,2.893959377E-2,5.805876572E-4,1.347570796E-3,9.995800853E-1,1.766833038E2,1.562810446E-1,-6.203366082E-2,1.766832156E2
7.774820619E1,2.893320672E-2,5.803566892E-4,1.352173625E-3,9.995802641E-1,1.766840360E2,1.568071076E-1,-6.199294242E-2,1.766839476E2
7.775320619E1,2.893948606E-2,5.880844546E-4,1.346632838E-3,9.995800853E-1,1.766833161E2,1.561984637E-1,-6.289549742E-2,1.766832268E2
7.775820619E1,2.894174617E-2,5.952985375E-4,1.339113223E-3,9.995800257E-1,1.766830570E2,1.553612086E-1,-6.374640963E-2,1.766829670E2
7.776320619E1,2.893547223E-2,5.853759940E-4,1.345577766E-3,9.995802045E-1,1.766837763E2,1.560683779E-1,-6.258938658E-2,1.766836874E2
7.776820619E1,2.893324184E-2,5.860637175E-4,1.348956837E-3,9.995802641E-1,1.766840319E2,1.564575700E-1,-6.265730543E-2,1.766839428E2
7.777320619E1,2.893734376E-2,5.894321366E-4,1.347836456E-3,9.995801449E-1,1.766835617E2,1.563406650E-1,-6.304620908E-2,1.766834721E2
7.777820619E1,2.893337589E-2,5.887047155E-4,1.344925608E-3,9.995802641E-1,1.766840166E2,1.560045833E-1,-6.297315957E-2,1.766839273E2
7.778320619E1,2.893112127E-2,5.857665674E-4,1.350399689E-3,9.995803237E-1,1.766842751E2,1.566217215E-1,-6.261881717E-2,1.766841859E2
7.778820619E1,2.893308348E-2,5.925900186E-4,1.349502127E-3,9.995802641E-1,1.766840501E2,1.565416592E-1,-6.340306758E-2,1.766839599E2
7.779320619E1,2.893106465E-2,5.916786613E-4,1.349034486E-3,9.995803237E-1,1.766842815E2,1.564849442E-1,-6.330054408E-2,1.766841915E2
7.779820619E1,2.892503874E-2,5.891214241E-4,1.346874633E-3,9.995805025E-1,1.766849723E2,1.562286881E-1,-6.301573167E-2,1.766848829E2
7.780320619E1,2.892697175E-2,5.925471778E-4,1.348092803E-3,9.995804429E-1,1.766847507E2,1.563797002E-1,-6.340378932E-2,1.766846606E2
7.780820619E1,2.892487166E-2,5.945437006E-4,1.348079648E-3,9.995805025E-1,1.766849915E2,1.563846783E-1,-6.363285021E-2,1.766849011E2
7.781320619E1,2.892706950E-2,5.948984181E-4,1.344956108E-3,9.995804429E-1,1.766847395E2,1.560282122E-1,-6.368349114E-2,1.766846492E2
7.781820619E1,2.892917891E-2,5.940620322E-4,1.344253775E-3,9.995803833E-1,1.766844977E2,1.559451258E-1,-6.358968764E-2,1.766844076E2
7.782320619E1,2.893707317E-2,6.036130944E-4,1.347369631E-3,9.995801449E-1,1.766835927E2,1.563342031E-1,-6.467213564E-2,1.766835009E2
7.782820619E1,2.893488147E-2,6.055034464E-4,1.349369530E-3,9.995802045E-1,1.766838440E2,1.565694055E-1,-6.488237469E-2,1.766837517E2
7.783320619E1,2.892681444E-2,5.977327819E-4,1.349178492E-3,9.995804429E-1,1.766847688E2,1.565212397E-1,-6.399419232E-2,1.766846778E2
7.783820619E1,2.892278930E-2,5.955052911E-4,1.348137623E-3,9.995805621E-1,1.766852302E2,1.563943737E-1,-6.374312782E-2,1.766851396E2
7.784320619E1,2.892886537E-2,6.018765853E-4,1.347521087E-3,9.995803833E-1,1.766845337E2,1.563452634E-1,-6.447401140E-2,1.766844421E2
7.784820619E1,2.892473872E-2,6.031832309E-4,1.347093843E-3,9.995805025E-1,1.766850067E2,1.563003904E-1,-6.462574079E-2,1.766849150E2
7.785320619E1,2.892688418E-2,6.019159919E-4,1.345819328E-3,9.995804429E-1,1.766847608E2,1.561503404E-1,-6.448447616E-2,1.766846693E2
7.785820619E1,2.892081599E-2,5.972663639E-4,1.345495577E-3,9.995806217E-1,1.766854564E2,1.560974548E-1,-6.395391226E-2,1.766853657E2
7.786320619E1,2.892063181E-2,5.966139142E-4,1.349737286E-3,9.995806217E-1,1.766854776E2,1.565811419E-1,-6.386514946E-2,1.766853867E2
7.786820619E1,2.892863787E-2,6.029425422E-4,1.351921470E-3,9.995803833E-1,1.766845597E2,1.568528191E-1,-6.458155783E-2,1.766844677E2
7.787320619E1,2.892898078E-2,6.047732895E-4,1.343741314E-3,9.995803833E-1,1.766845204E2,1.559219250E-1,-6.481832238E-2,1.766844286E2
7.787820619E1,2.892890824E-2,6.062589819E-4,1.344633172E-3,9.995803833E-1,1.766845288E2,1.560290025E-1,-6.498555350E-2,1.766844367E2
7.788320619E1,2.893288150E-2,6.088970113E-4,1.346570207E-3,9.995802641E-1,1.766840733E2,1.562598830E-1,-6.528068004E-2,1.766839806E2
7.788820619E1,2.893310346E-2,6.101496401E-4,1.341223484E-3,9.995802641E-1,1.766840478E2,1.556516173E-1,-6.544185335E-2,1.766839553E2
7.789320619E1,2.892903879E-2,6.078730803E-4,1.341091120E-3,9.995803833E-1,1.766845138E2,1.556286422E-1,-6.518215994E-2,1.766844217E2
7.789820619E1,2.892708101E-2,6.073586992E-4,1.339126844E-3,9.995804429E-1,1.766847382E2,1.554018138E-1,-6.513005711E-2,1.766846463E2
7.790320619E1,2.892522995E-2,6.056410493E-4,1.335392473E-3,9.995805025E-1,1.766849504E2,1.549682505E-1,-6.494597748E-2,1.766848590E2
7.790820619E1,2.892119325E-2,6.038738647E-4,1.334391418E-3,9.995806217E-1,1.766854132E2,1.548474664E-1,-6.474750145E-2,1.766853221E2
7.791320619E1,2.892536248E-2,6.068660296E-4,1.331961132E-3,9.995805025E-1,1.766849352E2,1.545792810E-1,-6.509764433E-2,1.766848439E2
7.791820619E1,2.893727903E-2,6.162121426E-4,1.337206922E-3,9.995801449E-1,1.766835691E2,1.552119235E-1,-6.614894245E-2,1.766834759E2
7.792320619E1,2.893943670E-2,6.191633875E-4,1.333700377E-3,9.995800853E-1,1.766833218E2,1.548202012E-1,-6.649828204E-2,1.766832283E2
7.792820619E1,2.893529402E-2,6.160202902E-4,1.335693407E-3,9.995802045E-1,1.766837967E2,1.550377922E-1,-6.613229380E-2,1.766837036E2
7.793320619E1,2.892501627E-2,6.078055012E-4,1.339032548E-3,9.995805025E-1,1.766849749E2,1.553923593E-1,-6.518186894E-2,1.766848829E2
7.793820619E1,2.893319698E-2,6.157363532E-4,1.336644986E-3,9.995802641E-1,1.766840371E2,1.551457094E-1,-6.609694087E-2,1.766839440E2
7.794320619E1,2.893932322E-2,6.208690465E-4,1.335368841E-3,9.995800853E-1,1.766833348E2,1.550169626E-1,-6.668813861E-2,1.766832410E2
7.794820619E1,2.893314369E-2,6.160113844E-4,1.337671536E-3,9.995802641E-1,1.766840432E2,1.552642027E-1,-6.612504855E-2,1.766839500E2
7.795320619E1,2.892694110E-2,6.120351609E-4,1.340019633E-3,9.995804429E-1,1.766847543E2,1.555195708E-1,-6.566277772E-2,1.766846615E2
7.795820619E1,2.892094754E-2,6.082751788E-4,1.337713562E-3,9.995806217E-1,1.766854414E2,1.552425690E-1,-6.524067136E-2,1.766853494E2
7.796320619E1,2.892503617E-2,6.121368497E-4,1.336627291E-3,9.995805025E-1,1.766849726E2,1.551312111E-1,-6.568596636E-2,1.766848801E2
7.796820619E1,2.892715270E-2,6.156502641E-4,1.333781285E-3,9.995804429E-1,1.766847300E2,1.548170053E-1,-6.609751094E-2,1.766846371E2
7.797320619E1,2.893114053E-2,6.183853839E-4,1.335360110E-3,9.995803237E-1,1.766842728E2,1.550071819E-1,-6.640494912E-2,1.766841794E2
7.797820619E1,2.892520881E-2,6.142238853E-4,1.331925625E-3,9.995805025E-1,1.766849529E2,1.545995942E-1,-6.594058050E-2,1.766848603E2
7.798320619E1,2.892332904E-2,6.129392423E-4,1.328602666E-3,9.995805621E-1,1.766851683E2,1.542145878E-1,-6.580473751E-2,1.766850762E2
7.798820619E1,2.892120996E-2,6.141118356E-4,1.329347375E-3,9.995806217E-1,1.766854113E2,1.543036365E-1,-6.593690930E-2,1.766853189E2
7.799320619E1,2.893128639E-2,6.218915223E-4,1.330563216E-3,9.995803237E-1,1.766842561E2,1.544693622E-1,-6.682243539E-2,1.766841625E2
7.799820619E1,2.894356237E-2,6.330810720E-4,1.326966682E-3,9.995799661E-1,1.766828488E2,1.540953378E-1,-6.811415702E-2,1.766827536E2
7.800320619E1,2.892945820E-2,6.212089211E-4,1.325846068E-3,9.995803833E-1,1.766844657E2,1.539266570E-1,-6.676016851E-2,1.766843725E2
7.800820619E1,2.892302075E-2,6.186601822E-4,1.332656364E-3,9.995805621E-1,1.766852037E2,1.546978560E-1,-6.644664603E-2,1.766851104E2
7.801320619E1,2.892306948E-2,6.189571577E-4,1.331460313E-3,9.995805621E-1,1.766851981E2,1.545618434E-1,-6.648461934E-2,1.766851049E2
7.801820619E1,2.892511576E-2,6.198092015E-4,1.331358915E-3,9.995805025E-1,1.766849635E2,1.545531894E-1,-6.658223512E-2,1.766848701E2
7.802320619E1,2.891111519E-2,6.088333903E-4,1.327262959E-3,9.995809197E-1,1.766865685E2,1.540467248E-1,-6.534076145E-2,1.766864772E2
7.802820619E1,2.890254916E-2,6.031294470E-4,1.336838002E-3,9.995811582E-1,1.766875505E2,1.551240342E-1,-6.465701806E-2,1.766874595E2
7.803320619E1,2.890244352E-2,6.028666976E-4,1.339238370E-3,9.995811582E-1,1.766875627E2,1.553981044E-1,-6.461898800E-2,1.766874714E2
7.803820619E1,2.889838015E-2,6.012925878E-4,1.338656992E-3,9.995812774E-1,1.766880285E2,1.553260353E-1,-6.444124079E-2,1.766879376E2
7.804320619E1,2.890044143E-2,6.028193748E-4,1.337977592E-3,9.995812178E-1,1.766877922E2,1.552534039E-1,-6.461805423E-2,1.766877011E2
7.804820619E1,2.890627294E-2,6.079513114E-4,1.343260170E-3,9.995810390E-1,1.766871237E2,1.558758681E-1,-6.518748029E-2,1.766870314E2
7.805320619E1,2.890024805E-2,6.033968530E-4,1.341888448E-3,9.995812178E-1,1.766878143E2,1.557032685E-1,-6.467127864E-2,1.766877229E2
7.805820619E1,2.889418489E-2,5.985209136E-4,1.341440948E-3,9.995813966E-1,1.766885094E2,1.556354721E-1,-6.411519707E-2,1.766884188E2
7.806320619E1,2.890222821E-2,6.047171773E-4,1.343045267E-3,9.995811582E-1,1.766875873E2,1.558402763E-1,-6.481837346E-2,1.766874956E2
7.806820619E1,2.890412213E-2,6.074089906E-4,1.345431781E-3,9.995810986E-1,1.766873702E2,1.561226761E-1,-6.511850337E-2,1.766872779E2
7.807320619E1,2.890610065E-2,6.083316403E-4,1.346790814E-3,9.995810390E-1,1.766871434E2,1.562815302E-1,-6.521937616E-2,1.766870508E2
7.807820619E1,2.889402410E-2,6.017778651E-4,1.343445620E-3,9.995813966E-1,1.766885279E2,1.558758693E-1,-6.448164744E-2,1.766884365E2
7.808320619E1,2.889001216E-2,5.979292328E-4,1.342747477E-3,9.995815158E-1,1.766889878E2,1.557829004E-1,-6.404374803E-2,1.766888971E2
7.808820619E1,2.888808861E-2,5.972672952E-4,1.340052928E-3,9.995815754E-1,1.766892083E2,1.554719416E-1,-6.397714718E-2,1.766891179E2
7.809320619E1,2.889412399E-2,6.010266952E-4,1.341632335E-3,9.995813966E-1,1.766885164E2,1.556656878E-1,-6.440159415E-2,1.766884253E2
7.809820619E1,2.888802236E-2,5.981391296E-4,1.341091818E-3,9.995815754E-1,1.766892159E2,1.555938222E-1,-6.407358141E-2,1.766891253E2
7.810320619E1,2.888418825E-2,5.953494692E-4,1.336054876E-3,9.995816946E-1,1.766896554E2,1.550073913E-1,-6.377131249E-2,1.766895656E2
7.810820619E1,2.888006617E-2,5.932897329E-4,1.336892252E-3,9.995818138E-1,1.766901280E2,1.550962275E-1,-6.353325066E-2,1.766900384E2
7.811320619E1,2.888200803E-2,5.947569734E-4,1.338854549E-3,9.995817542E-1,1.766899054E2,1.553259765E-1,-6.369451780E-2,1.766898155E2
7.811820619E1,2.888407243E-2,5.979718990E-4,1.337387017E-3,9.995816946E-1,1.766896687E2,1.551686531E-1,-6.406730381E-2,1.766895784E2
7.812320619E1,2.887808408E-2,5.938888644E-4,1.334875473E-3,9.995818734E-1,1.766903552E2,1.548670746E-1,-6.360885901E-2,1.766902657E2
7.812820619E1,2.888001422E-2,5.965981400E-4,1.336542191E-3,9.995818138E-1,1.766901339E2,1.550670766E-1,-6.391337433E-2,1.766900439E2
7.813320619E1,2.888211371E-2,5.983032752E-4,1.334989094E-3,9.995817542E-1,1.766898933E2,1.548949569E-1,-6.411350141E-2,1.766898030E2
7.813820619E1,2.886803914E-2,5.878102966E-4,1.331666019E-3,9.995821714E-1,1.766915068E2,1.544787021E-1,-6.292477086E-2,1.766914184E2
7.814320619E1,2.888028007E-2,5.979018752E-4,1.330200001E-3,9.995818138E-1,1.766901035E2,1.543449493E-1,-6.408365737E-2,1.766900136E2
7.814820619E1,2.889022099E-2,6.078885053E-4,1.333752531E-3,9.995815158E-1,1.766889638E2,1.547855714E-1,-6.521426607E-2,1.766888722E2
7.815320619E1,2.888016452E-2,6.005163887E-4,1.331530279E-3,9.995818138E-1,1.766901167E2,1.545059704E-1,-6.437874860E-2,1.766900264E2
7.815820619E1,2.886589301E-2,5.905978032E-4,1.332214219E-3,9.995822310E-1,1.766917528E2,1.545505811E-1,-6.324258052E-2,1.766916640E2
7.816320619E1,2.888019037E-2,6.019552238E-4,1.330319559E-3,9.995818138E-1,1.766901137E2,1.543720536E-1,-6.454756097E-2,1.766900233E2
7.816820619E1,2.889232234E-2,6.112583214E-4,1.331362175E-3,9.995814562E-1,1.766887229E2,1.545230656E-1,-6.560784590E-2,1.766886309E2
7.817320619E1,2.888803264E-2,6.077966536E-4,1.336520538E-3,9.995815754E-1,1.766892147E2,1.551021828E-1,-6.519492065E-2,1.766891229E2
7.817820619E1,2.889213570E-2,6.123474450E-4,1.334907254E-3,9.995814562E-1,1.766887443E2,1.549327267E-1,-6.572088955E-2,1.766886519E2
7.818320619E1,2.889799472E-2,6.180469063E-4,1.339346753E-3,9.995812774E-1,1.766880727E2,1.554605043E-1,-6.635811661E-2,1.766879790E2
7.818820619E1,2.888583941E-2,6.093113334E-4,1.338654314E-3,9.995816350E-1,1.766894661E2,1.553514650E-1,-6.536169475E-2,1.766893739E2
7.819320619E1,2.888392668E-2,6.066615460E-4,1.336621121E-3,9.995816946E-1,1.766896854E2,1.551096788E-1,-6.506520546E-2,1.766895938E2
7.819820619E1,2.889603388E-2,6.181657664E-4,1.337111811E-3,9.995813370E-1,1.766882975E2,1.552047689E-1,-6.637943688E-2,1.766882040E2
7.820320619E1,2.889002138E-2,6.128113600E-4,1.335821697E-3,9.995815158E-1,1.766889867E2,1.550388674E-1,-6.577132838E-2,1.766888942E2
7.820820619E1,2.888798040E-2,6.120183971E-4,1.335722744E-3,9.995815754E-1,1.766892207E2,1.550247734E-1,-6.568114365E-2,1.766891283E2
7.821320619E1,2.888979211E-2,6.133075221E-4,1.340544084E-3,9.995815158E-1,1.766890130E2,1.555814156E-1,-6.581256211E-2,1.766889201E2
7.821820619E1,2.888975280E-2,6.140587502E-4,1.341047348E-3,9.995815158E-1,1.766890175E2,1.556415459E-1,-6.589695051E-2,1.766889244E2
7.822320619E1,2.889187824E-2,6.153348950E-4,1.339099254E-3,9.995814562E-1,1.766887739E2,1.554227692E-1,-6.604924369E-2,1.766886807E2
7.822820619E1,2.889199681E-2,6.157842581E-4,1.336331596E-3,9.995814562E-1,1.766887603E2,1.551072466E-1,-6.610986031E-2,1.766886672E2
7.823320619E1,2.888569994E-2,6.112079136E-4,1.340797520E-3,9.995816350E-1,1.766894821E2,1.556032253E-1,-6.557186330E-2,1.766893895E2
7.823820619E1,2.888786650E-2,6.111159455E-4,1.338596339E-3,9.995815754E-1,1.766892338E2,1.553509312E-1,-6.556827847E-2,1.766891413E2
7.824320619E1,2.888997470E-2,6.128666573E-4,1.336805639E-3,9.995815158E-1,1.766889921E2,1.551517520E-1,-6.577441209E-2,1.766888994E2
7.824820619E1,2.889203434E-2,6.149123074E-4,1.335921697E-3,9.995814562E-1,1.766887560E2,1.550574107E-1,-6.601133521E-2,1.766886631E2
7.825320619E1,2.888571438E-2,6.101598847E-4,1.340963761E-3,9.995816350E-1,1.766894805E2,1.556187988E-1,-6.545126571E-2,1.766893880E2
7.825820619E1,2.888156310E-2,6.070765667E-4,1.342916978E-3,9.995817542E-1,1.766899564E2,1.558320507E-1,-6.509227294E-2,1.766898643E2
7.826320619E1,2.887963196E-2,6.068598013E-4,1.340177259E-3,9.995818138E-1,1.766901778E2,1.555173895E-1,-6.507681188E-2,1.766900859E2
7.826820619E1,2.887531640E-2,6.051431992E-4,1.345021068E-3,9.995819330E-1,1.766906725E2,1.560662569E-1,-6.486482939E-2,1.766905805E2
7.827320619E1,2.887524052E-2,6.065591006E-4,1.346011763E-3,9.995819330E-1,1.766906812E2,1.561844155E-1,-6.502374563E-2,1.766905890E2
7.827820619E1,2.888365186E-2,6.134510040E-4,1.339457929E-3,9.995816946E-1,1.766897169E2,1.554570738E-1,-6.583354784E-2,1.766896240E2
7.828320619E1,2.887965347E-2,6.107464433E-4,1.337946160E-3,9.995818138E-1,1.766901753E2,1.552746954E-1,-6.552938250E-2,1.766900829E2
7.828820619E1,2.887358314E-2,6.068634102E-4,1.337135443E-3,9.995819926E-1,1.766908712E2,1.551685860E-1,-6.508823100E-2,1.766907795E2
7.829320619E1,2.887958316E-2,6.117927842E-4,1.338985399E-3,9.995818138E-1,1.766901834E2,1.553971923E-1,-6.564580584E-2,1.766900907E2
7.829820619E1,2.888578378E-2,6.190010463E-4,1.335405163E-3,9.995816350E-1,1.766894725E2,1.550113671E-1,-6.648235370E-2,1.766893790E2
7.830320619E1,2.888184513E-2,6.155344890E-4,1.332964515E-3,9.995817542E-1,1.766899240E2,1.547200699E-1,-6.609397017E-2,1.766898312E2
7.830820619E1,2.887561515E-2,6.123406929E-4,1.335314824E-3,9.995819330E-1,1.766906382E2,1.549783028E-1,-6.572132812E-2,1.766905458E2
7.831320619E1,2.888376635E-2,6.198916817E-4,1.334012835E-3,9.995816946E-1,1.766897038E2,1.548546984E-1,-6.658929171E-2,1.766896102E2
7.831820619E1,2.887990078E-2,6.146319793E-4,1.330809668E-3,9.995818138E-1,1.766901469E2,1.544701297E-1,-6.599802578E-2,1.766900544E2
7.832320619E1,2.887792051E-2,6.129456451E-4,1.329789753E-3,9.995818734E-1,1.766903740E2,1.543475931E-1,-6.580854805E-2,1.766902818E2
7.832820619E1,2.889003561E-2,6.231947918E-4,1.330700470E-3,9.995815158E-1,1.766889851E2,1.544866409E-1,-6.697763682E-2,1.766888912E2
7.833320619E1,2.889606042E-2,6.278062356E-4,1.332036918E-3,9.995813370E-1,1.766882944E2,1.546553975E-1,-6.750049168E-2,1.766881997E2
7.833820619E1,2.888415939E-2,6.204808014E-4,1.325199846E-3,9.995816946E-1,1.766896587E2,1.538472005E-1,-6.668588155E-2,1.766895657E2
7.834320619E1,2.887783919E-2,6.154016010E-4,1.330421423E-3,9.995818734E-1,1.766903833E2,1.544280694E-1,-6.608778447E-2,1.766902907E2
7.834820619E1,2.887791560E-2,6.165721570E-4,1.328219078E-3,9.995818734E-1,1.766903745E2,1.541796831E-1,-6.622914060E-2,1.766902819E2
7.835320619E1,2.888194726E-2,6.200344069E-4,1.328659011E-3,9.995817542E-1,1.766899123E2,1.542418017E-1,-6.662364147E-2,1.766898191E2
7.835820619E1,2.888406109E-2,6.215046742E-4,1.326861558E-3,9.995816946E-1,1.766896700E2,1.540409221E-1,-6.679767459E-2,1.766895767E2
7.836320619E1,2.887993386E-2,6.177899195E-4,1.328627812E-3,9.995818138E-1,1.766901431E2,1.542306653E-1,-6.636696357E-2,1.766900503E2
7.836820619E1,2.887584918E-2,6.147447275E-4,1.329135150E-3,9.995819330E-1,1.766906114E2,1.542784294E-1,-6.601710751E-2,1.766905190E2
7.837320619E1,2.887384677E-2,6.122838240E-4,1.328946440E-3,9.995819926E-1,1.766908410E2,1.542485386E-1,-6.573616000E-2,1.766907489E2
7.837820619E1,2.887599519E-2,6.152360002E-4,1.325731282E-3,9.995819330E-1,1.766905947E2,1.538901724E-1,-6.608462070E-2,1.766905024E2
7.838320619E1,2.887994894E-2,6.185772363E-4,1.327933511E-3,9.995818138E-1,1.766901414E2,1.541537441E-1,-6.645944119E-2,1.766900485E2
7.838820619E1,2.887980247E-2,6.169949193E-4,1.331849140E-3,9.995818138E-1,1.766901582E2,1.545970089E-1,-6.626526069E-2,1.766900652E2
7.839320619E1,2.887999283E-2,6.172996364E-4,1.327573322E-3,9.995818138E-1,1.766901364E2,1.541082611E-1,-6.631428548E-2,1.766900437E2
7.839820619E1,2.888390051E-2,6.196463946E-4,1.331219217E-3,9.995816946E-1,1.766896884E2,1.545339035E-1,-6.657042158E-2,1.766895951E2
7.840320619E1,2.888784940E-2,6.231533480E-4,1.333405497E-3,9.995815754E-1,1.766892357E2,1.547962015E-1,-6.696427284E-2,1.766891417E2
7.840820619E1,2.889785167E-2,6.323543494E-4,1.335749752E-3,9.995812774E-1,1.766880891E2,1.550958629E-1,-6.800887669E-2,1.766879934E2
7.841320619E1,2.890599685E-2,6.389982300E-4,1.334764063E-3,9.995810390E-1,1.766871553E2,1.550055215E-1,-6.877189186E-2,1.766870586E2
7.841820619E1,2.888964700E-2,6.287486758E-4,1.336512039E-3,9.995815158E-1,1.766890296E2,1.551706824E-1,-6.759461913E-2,1.766889345E2
7.842320619E1,2.888349226E-2,6.244716351E-4,1.337805879E-3,9.995816946E-1,1.766897352E2,1.553043103E-1,-6.710138418E-2,1.766896407E2
7.842820619E1,2.889780218E-2,6.353668869E-4,1.335390727E-3,9.995812774E-1,1.766880947E2,1.550647121E-1,-6.835514023E-2,1.766879986E2
7.843320619E1,2.890593728E-2,6.416062242E-4,1.334803179E-3,9.995810390E-1,1.766871621E2,1.550186373E-1,-6.907050054E-2,1.766870651E2
7.843820619E1,2.889160329E-2,6.314951461E-4,1.337507158E-3,9.995814562E-1,1.766888054E2,1.552938930E-1,-6.790561145E-2,1.766887097E2
7.844320619E1,2.889373274E-2,6.320947432E-4,1.335768029E-3,9.995813966E-1,1.766885613E2,1.550968166E-1,-6.797971904E-2,1.766884656E2
7.844820619E1,2.889781281E-2,6.363051361E-4,1.334713772E-3,9.995812774E-1,1.766880935E2,1.549902790E-1,-6.846485081E-2,1.766879973E2
7.845320619E1,2.889187714E-2,6.308542215E-4,1.331882318E-3,9.995814562E-1,1.766887740E2,1.546474986E-1,-6.785077816E-2,1.766886788E2
7.845820619E1,2.889398852E-2,6.325121503E-4,1.330025378E-3,9.995813966E-1,1.766885319E2,1.544404306E-1,-6.804650521E-2,1.766884366E2
7.846320619E1,2.890027374E-2,6.383413565E-4,1.325061545E-3,9.995812178E-1,1.766878114E2,1.538915883E-1,-6.872967176E-2,1.766877155E2
7.846820619E1,2.890011784E-2,6.391158677E-4,1.328084967E-3,9.995812178E-1,1.766878293E2,1.542404572E-1,-6.880839806E-2,1.766877331E2
7.847320619E1,2.889162635E-2,6.311009056E-4,1.337195165E-3,9.995814562E-1,1.766888027E2,1.552568523E-1,-6.786148309E-2,1.766887072E2
7.847820619E1,2.889365507E-2,6.344973808E-4,1.336308895E-3,9.995813966E-1,1.766885702E2,1.551667199E-1,-6.825314707E-2,1.766884741E2
7.848320619E1,2.889978929E-2,6.389553309E-4,1.335292123E-3,9.995812178E-1,1.766878669E2,1.550654384E-1,-6.876619184E-2,1.766877702E2
7.848820619E1,2.888748434E-2,6.309561431E-4,1.337638358E-3,9.995815754E-1,1.766892776E2,1.553068570E-1,-6.784407769E-2,1.766891820E2
7.849320619E1,2.887524106E-2,6.218948984E-4,1.338983770E-3,9.995819330E-1,1.766906811E2,1.554301498E-1,-6.680361965E-2,1.766905869E2
7.849820619E1,2.887720099E-2,6.237400812E-4,1.340353512E-3,9.995818734E-1,1.766904564E2,1.555932829E-1,-6.701013620E-2,1.766903618E2
7.850320619E1,2.887532942E-2,6.228966522E-4,1.336610527E-3,9.995819330E-1,1.766906710E2,1.551616301E-1,-6.692620347E-2,1.766905768E2
7.850820619E1,2.887941333E-2,6.274636253E-4,1.335391658E-3,9.995818138E-1,1.766902028E2,1.550374045E-1,-6.745272118E-2,1.766901080E2
7.851320619E1,2.888339009E-2,6.304305280E-4,1.337216934E-3,9.995816946E-1,1.766897469E2,1.552565677E-1,-6.778590280E-2,1.766896515E2
7.851820619E1,2.888321453E-2,6.302234833E-4,1.341100782E-3,9.995816946E-1,1.766897671E2,1.557007416E-1,-6.774935937E-2,1.766896714E2
7.852320619E1,2.888342827E-2,6.306802388E-4,1.336274203E-3,9.995816946E-1,1.766897426E2,1.551494128E-1,-6.781762001E-2,1.766896471E2
7.852820619E1,2.888339313E-2,6.313330377E-4,1.336725312E-3,9.995816946E-1,1.766897466E2,1.552032430E-1,-6.789090631E-2,1.766896510E2
7.853320619E1,2.888744726E-2,6.341786939E-4,1.336915069E-3,9.995815754E-1,1.766892818E2,1.552346746E-1,-6.821560050E-2,1.766891858E2
7.853820619E1,2.888124612E-2,6.310500321E-4,1.338676084E-3,9.995817542E-1,1.766899927E2,1.554256095E-1,-6.785236681E-2,1.766898971E2
7.854320619E1,2.888945764E-2,6.369573530E-4,1.336718211E-3,9.995815158E-1,1.766890513E2,1.552214624E-1,-6.853421773E-2,1.766889549E2
7.854820619E1,2.889568960E-2,6.419562269E-4,1.333336346E-3,9.995813370E-1,1.766883369E2,1.548510714E-1,-6.911703748E-2,1.766882399E2
7.855320619E1,2.889135315E-2,6.393986405E-4,1.339154434E-3,9.995814562E-1,1.766888340E2,1.555087299E-1,-6.880549147E-2,1.766887370E2
7.855820619E1,2.888936943E-2,6.388915353E-4,1.337701222E-3,9.995815158E-1,1.766890615E2,1.553404578E-1,-6.875252539E-2,1.766889646E2
7.856320619E1,2.888542816E-2,6.357987295E-4,1.335205627E-3,9.995816350E-1,1.766895133E2,1.550440934E-1,-6.840713733E-2,1.766894171E2
7.856820619E1,2.887720075E-2,6.300326786E-4,1.337412396E-3,9.995818734E-1,1.766904565E2,1.552772203E-1,-6.774064618E-2,1.766903611E2
7.857320619E1,2.887743465E-2,6.307248841E-4,1.332025044E-3,9.995818734E-1,1.766904297E2,1.546624385E-1,-6.783772549E-2,1.766903345E2
7.857820619E1,2.888955961E-2,6.395143573E-4,1.333289081E-3,9.995815158E-1,1.766890397E2,1.548371492E-1,-6.883844296E-2,1.766889430E2
7.858320619E1,2.888757140E-2,6.380337290E-4,1.332390704E-3,9.995815754E-1,1.766892676E2,1.547292069E-1,-6.867212834E-2,1.766891712E2
7.858820619E1,2.888538778E-2,6.359161343E-4,1.336022979E-3,9.995816350E-1,1.766895179E2,1.551381019E-1,-6.841788604E-2,1.766894217E2
7.859320619E1,2.888737695E-2,6.382277934E-4,1.336507266E-3,9.995815754E-1,1.766892899E2,1.552013631E-1,-6.868076001E-2,1.766891932E2
7.859820619E1,2.889552907E-2,6.444402970E-4,1.335614943E-3,9.995813370E-1,1.766883553E2,1.551202856E-1,-6.939405166E-2,1.766882577E2
7.860320619E1,2.889137413E-2,6.407757755E-4,1.338043134E-3,9.995814562E-1,1.766888316E2,1.553859983E-1,-6.896690956E-2,1.766887345E2
7.860820619E1,2.888726733E-2,6.395429373E-4,1.338246744E-3,9.995815754E-1,1.766893024E2,1.554049560E-1,-6.882566015E-2,1.766892055E2
7.861320619E1,2.889139394E-2,6.435597315E-4,1.336278277E-3,9.995814562E-1,1.766888294E2,1.551930639E-1,-6.929163402E-2,1.766887319E2
7.861820619E1,2.888552290E-2,6.396289682E-4,1.331321080E-3,9.995816350E-1,1.766895024E2,1.546118281E-1,-6.885871056E-2,1.766894059E2
7.862320619E1,2.887943790E-2,6.344475551E-4,1.331555075E-3,9.995818138E-1,1.766902000E2,1.546210630E-1,-6.826537927E-2,1.766901043E2
7.862820619E1,2.887925383E-2,6.351921475E-4,1.335187233E-3,9.995818138E-1,1.766902211E2,1.550395564E-1,-6.833867576E-2,1.766901250E2
7.863320619E1,2.888134490E-2,6.379674305E-4,1.333255321E-3,9.995817542E-1,1.766899814E2,1.548275963E-1,-6.866263650E-2,1.766898850E2
7.863820619E1,2.887502852E-2,6.344534922E-4,1.337674796E-3,9.995819330E-1,1.766907055E2,1.553217584E-1,-6.824649165E-2,1.766906094E2
7.864320619E1,2.887483448E-2,6.338967360E-4,1.342119765E-3,9.995819330E-1,1.766907277E2,1.558290472E-1,-6.816804087E-2,1.766906314E2
7.864820619E1,2.888669571E-2,6.440368015E-4,1.348391990E-3,9.995815754E-1,1.766893680E2,1.565818695E-1,-6.930690910E-2,1.766892696E2
7.865320619E1,2.889099064E-2,6.481914897E-4,1.342743519E-3,9.995814562E-1,1.766888756E2,1.559489254E-1,-6.980083016E-2,1.766887769E2
7.865820619E1,2.888296903E-2,6.415887619E-4,1.340999035E-3,9.995816946E-1,1.766897952E2,1.557266900E-1,-6.905155500E-2,1.766896977E2
7.866320619E1,2.888700752E-2,6.442043814E-4,1.341614989E-3,9.995815754E-1,1.766893322E2,1.558061817E-1,-6.934848943E-2,1.766892343E2
7.866820619E1,2.888682990E-2,6.450474611E-4,1.345029916E-3,9.995815754E-1,1.766893526E2,1.562001194E-1,-6.943378215E-2,1.766892543E2
7.867320619E1,2.887677641E-2,6.371326745E-4,1.343198703E-3,9.995818734E-1,1.766905051E2,1.559634741E-1,-6.853482409E-2,1.766904082E2
7.867820619E1,2.888097729E-2,6.381715648E-4,1.341097755E-3,9.995817542E-1,1.766900235E2,1.557265499E-1,-6.866012027E-2,1.766899266E2
7.868320619E1,2.887879644E-2,6.363008870E-4,1.344519667E-3,9.995818138E-1,1.766902735E2,1.561121682E-1,-6.843486136E-2,1.766901766E2
7.868820619E1,2.887069684E-2,6.302978145E-4,1.344041200E-3,9.995820522E-1,1.766912021E2,1.560369463E-1,-6.775009518E-2,1.766911062E2
7.869320619E1,2.887701097E-2,6.357261445E-4,1.338815200E-3,9.995818734E-1,1.766904782E2,1.554567319E-1,-6.838818410E-2,1.766903818E2
7.869820619E1,2.888121895E-2,6.378953112E-4,1.336015295E-3,9.995817542E-1,1.766899958E2,1.551434872E-1,-6.864526067E-2,1.766898993E2
7.870320619E1,2.887470310E-2,6.322420086E-4,1.345722121E-3,9.995819330E-1,1.766907428E2,1.562361906E-1,-6.796660295E-2,1.766906465E2
7.870820619E1,2.887856266E-2,6.348504685E-4,1.350214472E-3,9.995818138E-1,1.766903003E2,1.567596573E-1,-6.824991556E-2,1.766902033E2
7.871320619E1,2.888286956E-2,6.381152198E-4,1.344793593E-3,9.995816946E-1,1.766898066E2,1.561498290E-1,-6.864113890E-2,1.766897094E2
7.871820619E1,2.887677254E-2,6.320774555E-4,1.345667872E-3,9.995818734E-1,1.766905056E2,1.562295728E-1,-6.794761050E-2,1.766904093E2
7.872320619E1,2.887249341E-2,6.281796377E-4,1.350752311E-3,9.995819926E-1,1.766909961E2,1.567987764E-1,-6.748498626E-2,1.766909001E2
7.872820619E1,2.887241479E-2,6.292213802E-4,1.351947547E-3,9.995819926E-1,1.766910051E2,1.569391251E-1,-6.760036903E-2,1.766909089E2
7.873320619E1,2.887246832E-2,6.301246467E-4,1.350382809E-3,9.995819926E-1,1.766909990E2,1.567628862E-1,-6.770900126E-2,1.766909027E2
7.873820619E1,2.886654848E-2,6.232344895E-4,1.347774640E-3,9.995821714E-1,1.766916776E2,1.564409415E-1,-6.692933319E-2,1.766915826E2
7.874320619E1,2.885816998E-2,6.174552254E-4,1.353024505E-3,9.995824099E-1,1.766926381E2,1.570226080E-1,-6.625130464E-2,1.766925437E2
7.874820619E1,2.886240708E-2,6.202331278E-4,1.349439961E-3,9.995822906E-1,1.766921524E2,1.566214892E-1,-6.658068617E-2,1.766920578E2
7.875320619E1,2.885846146E-2,6.175893941E-4,1.346731908E-3,9.995824099E-1,1.766926047E2,1.563022918E-1,-6.628743687E-2,1.766925107E2
7.875820619E1,2.886862159E-2,6.242849631E-4,1.347091049E-3,9.995821118E-1,1.766914400E2,1.563662545E-1,-6.705159533E-2,1.766913448E2
7.876320619E1,2.887483490E-2,6.288850564E-4,1.344466466E-3,9.995819330E-1,1.766907277E2,1.560812633E-1,-6.758621953E-2,1.766906320E2
7.876820619E1,2.886896117E-2,6.238385104E-4,1.340001938E-3,9.995821118E-1,1.766914010E2,1.555527854E-1,-6.702385632E-2,1.766913065E2
7.877320619E1,2.885872699E-2,6.161720958E-4,1.341681578E-3,9.995824099E-1,1.766925743E2,1.557191372E-1,-6.614175446E-2,1.766924808E2
7.877820619E1,2.885847652E-2,6.164450315E-4,1.346933423E-3,9.995824099E-1,1.766926030E2,1.563215905E-1,-6.615568853E-2,1.766925091E2
7.878320619E1,2.886054780E-2,6.182212965E-4,1.345973113E-3,9.995823503E-1,1.766923656E2,1.562176047E-1,-6.636200063E-2,1.766922715E2
7.878820619E1,2.885645056E-2,6.142146303E-4,1.347123878E-3,9.995824695E-1,1.766928353E2,1.563358960E-1,-6.589989706E-2,1.766927417E2
7.879320619E1,2.885636377E-2,6.140574114E-4,1.349053346E-3,9.995824695E-1,1.766928452E2,1.565563793E-1,-6.587552184E-2,1.766927516E2
7.879820619E1,2.885029107E-2,6.087906659E-4,1.348829828E-3,9.995826483E-1,1.766935414E2,1.565129632E-1,-6.527393905E-2,1.766934486E2
7.880320619E1,2.885456802E-2,6.129027461E-4,1.343814190E-3,9.995825291E-1,1.766930511E2,1.559523289E-1,-6.576086711E-2,1.766929580E2
7.880820619E1,2.885264007E-2,6.118488382E-4,1.341351657E-3,9.995825887E-1,1.766932721E2,1.556666489E-1,-6.564859136E-2,1.766931793E2
7.881320619E1,2.885879685E-2,6.162596983E-4,1.340137911E-3,9.995824099E-1,1.766925663E2,1.555426137E-1,-6.615688292E-2,1.766924729E2
7.881820619E1,2.885259546E-2,6.121279439E-4,1.342183677E-3,9.995825887E-1,1.766932772E2,1.557628717E-1,-6.567781717E-2,1.766931843E2
7.882320619E1,2.884864947E-2,6.089280942E-4,1.339676674E-3,9.995827079E-1,1.766937296E2,1.554648712E-1,-6.532019713E-2,1.766936374E2
7.882820619E1,2.885069802E-2,6.098665181E-4,1.339607988E-3,9.995826483E-1,1.766934947E2,1.554602403E-1,-6.542759621E-2,1.766934024E2
7.883320619E1,2.884847031E-2,6.077422877E-4,1.344066113E-3,9.995827079E-1,1.766937501E2,1.559637232E-1,-6.516988726E-2,1.766936578E2
7.883820619E1,2.884435334E-2,6.078426959E-4,1.343723270E-3,9.995828271E-1,1.766942221E2,1.559245160E-1,-6.518316400E-2,1.766941298E2
7.884320619E1,2.885255936E-2,6.142563652E-4,1.341987285E-3,9.995825887E-1,1.766932813E2,1.557474115E-1,-6.592226952E-2,1.766931881E2
7.884820632E1,2.885871108E-2,6.152312271E-4,1.342455391E-3,9.995824099E-1,1.766925761E2,1.558046600E-1,-6.603142728E-2,1.766924827E2
7.885320632E1,2.884840159E-2,6.078155129E-4,1.345507102E-3,9.995827079E-1,1.766937580E2,1.561290175E-1,-6.517352174E-2,1.766936656E2
7.885820632E1,2.885441730E-2,6.096383440E-4,1.348527148E-3,9.995825291E-1,1.766930683E2,1.564813655E-1,-6.537139004E-2,1.766929755E2
7.886320632E1,2.886061792E-2,6.145972293E-4,1.346129226E-3,9.995823503E-1,1.766923575E2,1.562235047E-1,-6.594635918E-2,1.766922640E2
7.886820632E1,2.885844698E-2,6.132028066E-4,1.349044614E-3,9.995824099E-1,1.766926064E2,1.565526901E-1,-6.577733480E-2,1.766925129E2
7.887320632E1,2.886034294E-2,6.138639874E-4,1.352344989E-3,9.995823503E-1,1.766923890E2,1.569330397E-1,-6.584185682E-2,1.766922952E2
7.887820632E1,2.886245073E-2,6.155528245E-4,1.350648934E-3,9.995822906E-1,1.766921474E2,1.567444918E-1,-6.604058127E-2,1.766920534E2
7.888320632E1,2.886446996E-2,6.179056945E-4,1.350535429E-3,9.995822310E-1,1.766919159E2,1.567394070E-1,-6.631014657E-2,1.766918216E2
7.888820632E1,2.886232558E-2,6.159021286E-4,1.353161759E-3,9.995822906E-1,1.766921617E2,1.570334679E-1,-6.607230039E-2,1.766920675E2
7.889320632E1,2.886846041E-2,6.213383749E-4,1.351899002E-3,9.995821118E-1,1.766914585E2,1.569072173E-1,-6.669820184E-2,1.766913635E2
7.889820632E1,2.886658886E-2,6.200265489E-4,1.348389313E-3,9.995821714E-1,1.766916730E2,1.565007390E-1,-6.655984412E-2,1.766915785E2
7.890320632E1,2.885641756E-2,6.114614080E-4,1.349081867E-3,9.995824695E-1,1.766928390E2,1.565510649E-1,-6.557806314E-2,1.766927458E2
7.890820632E1,2.885422750E-2,6.093599950E-4,1.352707623E-3,9.995825291E-1,1.766930901E2,1.569592809E-1,-6.532571368E-2,1.766929970E2
7.891320632E1,2.885638708E-2,6.115806173E-4,1.349679660E-3,9.995824695E-1,1.766928425E2,1.566199307E-1,-6.558974581E-2,1.766927493E2
7.891820632E1,2.886065686E-2,6.154456642E-4,1.344906166E-3,9.995823503E-1,1.766923530E2,1.560862194E-1,-6.604758100E-2,1.766922595E2
7.892320632E1,2.886055629E-2,6.152830319E-4,1.347137033E-3,9.995823503E-1,1.766923646E2,1.563412072E-1,-6.602159012E-2,1.766922709E2
7.892820632E1,2.886258708E-2,6.170799606E-4,1.347033540E-3,9.995822906E-1,1.766921318E2,1.563354305E-1,-6.622744170E-2,1.766920378E2
7.893320632E1,2.886252462E-2,6.161113852E-4,1.348813996E-3,9.995822906E-1,1.766921389E2,1.565361631E-1,-6.611061837E-2,1.766920450E2
7.893820632E1,2.886664485E-2,6.200878415E-4,1.347161829E-3,9.995821714E-1,1.766916666E2,1.563603447E-1,-6.657091653E-2,1.766915721E2
7.894320632E1,2.886251276E-2,6.168537075E-4,1.348728547E-3,9.995822906E-1,1.766921403E2,1.565288300E-1,-6.619593121E-2,1.766920462E2
7.894820632E1,2.886253117E-2,6.161844940E-4,1.348640420E-3,9.995822906E-1,1.766921382E2,1.565165234E-1,-6.611956560E-2,1.766920442E2
7.895320632E1,2.886864056E-2,6.208466366E-4,1.348273014E-3,9.995821118E-1,1.766914378E2,1.564902674E-1,-6.665384353E-2,1.766913431E2
7.895820632E1,2.887280172E-2,6.242446252E-4,1.345978002E-3,9.995819926E-1,1.766909608E2,1.562389087E-1,-6.705000369E-2,1.766908657E2
7.896320632E1,2.887671286E-2,6.271717139E-4,1.349239261E-3,9.995818734E-1,1.766905124E2,1.566224151E-1,-6.737387995E-2,1.766904167E2
7.896820632E1,2.888075516E-2,6.310688332E-4,1.349217724E-3,9.995817542E-1,1.766900490E2,1.566331192E-1,-6.781970818E-2,1.766899526E2
7.897320632E1,2.888302136E-2,6.326950388E-4,1.344094053E-3,9.995816946E-1,1.766897892E2,1.560517704E-1,-6.802258320E-2,1.766896929E2
7.897820632E1,2.888296544E-2,6.320414250E-4,1.345602446E-3,9.995816946E-1,1.766897956E2,1.562223804E-1,-6.794273206E-2,1.766896993E2
7.898320632E1,2.887849183E-2,6.288345903E-4,1.354537788E-3,9.995818138E-1,1.766903085E2,1.572349524E-1,-6.754653860E-2,1.766902121E2
7.898820632E1,2.888267805E-2,6.320822868E-4,1.351737883E-3,9.995816946E-1,1.766898286E2,1.569252731E-1,-6.792715030E-2,1.766897318E2
7.899320632E1,2.889469951E-2,6.414183881E-4,1.354877721E-3,9.995813370E-1,1.766884504E2,1.573166545E-1,-6.898425728E-2,1.766883520E2
7.899820632E1,2.888636617E-2,6.354664802E-4,1.359472517E-3,9.995815754E-1,1.766894058E2,1.578226820E-1,-6.828860570E-2,1.766893080E2
7.900320632E1,2.888635385E-2,6.351713091E-4,1.359872171E-3,9.995815754E-1,1.766894072E2,1.578674819E-1,-6.825347473E-2,1.766893094E2
7.900820632E1,2.889267553E-2,6.404374726E-4,1.354530337E-3,9.995813966E-1,1.766886825E2,1.572734763E-1,-6.887336837E-2,1.766885842E2
7.901320632E1,2.889467512E-2,6.423207233E-4,1.354970504E-3,9.995813370E-1,1.766884532E2,1.573302686E-1,-6.908731063E-2,1.766883546E2
7.901820632E1,2.889258818E-2,6.397393299E-4,1.356721623E-3,9.995813966E-1,1.766886925E2,1.575221570E-1,-6.878615909E-2,1.766885942E2
7.902320632E1,2.889028783E-2,6.379940896E-4,1.362602226E-3,9.995814562E-1,1.766889562E2,1.581898076E-1,-6.856714660E-2,1.766888578E2
7.902820632E1,2.888429751E-2,6.339938263E-4,1.360288006E-3,9.995816350E-1,1.766896429E2,1.579110752E-1,-6.811754990E-2,1.766895453E2
7.903320632E1,2.888621002E-2,6.353724748E-4,1.362830168E-3,9.995815754E-1,1.766894237E2,1.582069585E-1,-6.826674808E-2,1.766893257E2
7.903820632E1,2.889836991E-2,6.437938428E-4,1.363391289E-3,9.995812178E-1,1.766880296E2,1.582999520E-1,-6.922757913E-2,1.766879303E2
7.904320632E1,2.890874218E-2,6.523663178E-4,1.357913949E-3,9.995809197E-1,1.766868406E2,1.577016753E-1,-7.022600377E-2,1.766867402E2
7.904820632E1,2.890277735E-2,6.484583137E-4,1.355127897E-3,9.995810986E-1,1.766875244E2,1.573691866E-1,-6.978853572E-2,1.766874248E2
7.905320632E1,2.888034360E-2,6.304237177E-4,1.358298468E-3,9.995817542E-1,1.766900962E2,1.576711002E-1,-6.771582565E-2,1.766899993E2
7.905820632E1,2.888028657E-2,6.301057874E-4,1.359657850E-3,9.995817542E-1,1.766901027E2,1.578257530E-1,-6.767491883E-2,1.766900058E2
7.906320632E1,2.890070887E-2,6.462134770E-4,1.356349560E-3,9.995811582E-1,1.766877615E2,1.575015410E-1,-6.952768370E-2,1.766876622E2
7.906820632E1,2.891285263E-2,6.563729257E-4,1.356219989E-3,9.995808005E-1,1.766863694E2,1.575212073E-1,-7.068989896E-2,1.766862684E2
7.907320632E1,2.891283898E-2,6.560192560E-4,1.356681925E-3,9.995808005E-1,1.766863709E2,1.575729463E-1,-7.064786000E-2,1.766862700E2
7.907820632E1,2.890475688E-2,6.500773598E-4,1.356096240E-3,9.995810390E-1,1.766872975E2,1.574856057E-1,-6.997046794E-2,1.766871975E2
7.908320632E1,2.889674248E-2,6.438764976E-4,1.354115084E-3,9.995812774E-1,1.766882162E2,1.572375805E-1,-6.926802191E-2,1.766881174E2
7.908820632E1,2.890468756E-2,6.501513999E-4,1.357537578E-3,9.995810390E-1,1.766873054E2,1.576509425E-1,-6.997418548E-2,1.766872054E2
7.909320632E1,2.891482103E-2,6.571483100E-4,1.357809058E-3,9.995807409E-1,1.766861437E2,1.577059339E-1,-7.077313865E-2,1.766860425E2
7.909820632E1,2.891288974E-2,6.569551188E-4,1.355146407E-3,9.995808005E-1,1.766863651E2,1.574001668E-1,-7.076013665E-2,1.766862642E2
7.910320632E1,2.890687017E-2,6.506515201E-4,1.354709035E-3,9.995809793E-1,1.766870552E2,1.573287599E-1,-7.004049660E-2,1.766869553E2
7.910820632E1,2.888860937E-2,6.372461794E-4,1.354791108E-3,9.995815158E-1,1.766891486E2,1.572925004E-1,-6.850760252E-2,1.766890508E2
7.911320632E1,2.888242882E-2,6.314268103E-4,1.357357833E-3,9.995816946E-1,1.766898571E2,1.575668176E-1,-6.783350794E-2,1.766897601E2
7.911820632E1,2.890051177E-2,6.466220366E-4,1.360348775E-3,9.995811582E-1,1.766877841E2,1.579609661E-1,-6.956126781E-2,1.766876845E2
7.912320632E1,2.891488418E-2,6.575860316E-4,1.356251538E-3,9.995807409E-1,1.766861365E2,1.575289845E-1,-7.082842773E-2,1.766860353E2
7.912820632E1,2.889267788E-2,6.409973721E-4,1.354215201E-3,9.995813966E-1,1.766886822E2,1.572392334E-1,-6.893854432E-2,1.766885839E2
7.913320632E1,2.887450899E-2,6.256509223E-4,1.352948020E-3,9.995819330E-1,1.766907651E2,1.570420500E-1,-6.718775638E-2,1.766906693E2
7.913820632E1,2.887839051E-2,6.296027568E-4,1.356339781E-3,9.995818138E-1,1.766903201E2,1.574438951E-1,-6.762857978E-2,1.766902235E2
7.914320632E1,2.889887651E-2,6.453403621E-4,1.351873623E-3,9.995812178E-1,1.766879716E2,1.569858309E-1,-6.944278551E-2,1.766878727E2
7.914820632E1,2.889908298E-2,6.460839068E-4,1.347096288E-3,9.995812178E-1,1.766879479E2,1.564410933E-1,-6.954374245E-2,1.766878493E2
7.915320632E1,2.889321879E-2,6.406595930E-4,1.342786360E-3,9.995813966E-1,1.766886202E2,1.559290484E-1,-6.893760993E-2,1.766885227E2
7.915820632E1,2.888114555E-2,6.313754711E-4,1.340690884E-3,9.995817542E-1,1.766900042E2,1.556574629E-1,-6.788299117E-2,1.766899084E2
7.916320632E1,2.887304213E-2,6.242249510E-4,1.340820105E-3,9.995819926E-1,1.766909332E2,1.556480538E-1,-6.706477852E-2,1.766908385E2
7.916820632E1,2.887487463E-2,6.258274661E-4,1.345039811E-3,9.995819330E-1,1.766907231E2,1.561368214E-1,-6.723408851E-2,1.766906279E2
7.917320632E1,2.890339555E-2,6.485757185E-4,1.341821044E-3,9.995810986E-1,1.766874535E2,1.558454005E-1,-6.984596117E-2,1.766873548E2
7.917820632E1,2.890743344E-2,6.515352870E-4,1.342207426E-3,9.995809793E-1,1.766869906E2,1.558997449E-1,-7.018305124E-2,1.766868914E2
7.918320632E1,2.887114140E-2,6.237351336E-4,1.337537658E-3,9.995820522E-1,1.766911511E2,1.552703213E-1,-6.701982892E-2,1.766910567E2
7.918820632E1,2.885685239E-2,6.126930821E-4,1.339185983E-3,9.995824695E-1,1.766927892E2,1.554216525E-1,-6.575179979E-2,1.766926964E2
7.919320632E1,2.887689771E-2,6.274091429E-4,1.345166471E-3,9.995818734E-1,1.766904912E2,1.561566999E-1,-6.741452445E-2,1.766903957E2
7.919820632E1,2.889114204E-2,6.391215720E-4,1.343833166E-3,9.995814562E-1,1.766888582E2,1.560437181E-1,-6.875829762E-2,1.766887610E2
7.920320632E1,2.889120530E-2,6.391134229E-4,1.342476229E-3,9.995814562E-1,1.766888510E2,1.558882667E-1,-6.876184685E-2,1.766887538E2
7.920820632E1,2.887890121E-2,6.302331458E-4,1.345127006E-3,9.995818138E-1,1.766902615E2,1.561616608E-1,-6.773781372E-2,1.766901656E2
7.921320632E1,2.886443079E-2,6.177959731E-4,1.351422630E-3,9.995822310E-1,1.766919204E2,1.568406650E-1,-6.629465020E-2,1.766918260E2
7.921820632E1,2.886250070E-2,6.169488770E-4,1.348943100E-3,9.995822906E-1,1.766921417E2,1.565537198E-1,-6.620612454E-2,1.766920476E2
7.922320632E1,2.888290342E-2,6.326327566E-4,1.346655306E-3,9.995816946E-1,1.766898027E2,1.563449323E-1,-6.800699025E-2,1.766897063E2
7.922820632E1,2.889497451E-2,6.420050631E-4,1.348721096E-3,9.995813370E-1,1.766884189E2,1.566134126E-1,-6.907179983E-2,1.766883208E2
7.923320632E1,2.887657891E-2,6.280500093E-4,1.351695275E-3,9.995818734E-1,1.766905278E2,1.569066341E-1,-6.746637690E-2,1.766904317E2
7.923820632E1,2.886059589E-2,6.147271488E-4,1.346542151E-3,9.995823503E-1,1.766923600E2,1.562712311E-1,-6.595987843E-2,1.766922665E2
7.924320632E1,2.885860943E-2,6.140521728E-4,1.345177647E-3,9.995824099E-1,1.766925878E2,1.561125719E-1,-6.588738719E-2,1.766924944E2
7.924820632E1,2.887867362E-2,6.295918138E-4,1.350303646E-3,9.995818138E-1,1.766902876E2,1.567524755E-1,-6.764725743E-2,1.766901914E2
7.925320632E1,2.888901655E-2,6.371036870E-4,1.346147968E-3,9.995815158E-1,1.766891019E2,1.563020377E-1,-6.851983030E-2,1.766890048E2
7.925820632E1,2.886874748E-2,6.207904662E-4,1.346007572E-3,9.995821118E-1,1.766914255E2,1.562305960E-1,-6.665488739E-2,1.766913310E2
7.926320632E1,2.884815631E-2,6.053000106E-4,1.351884915E-3,9.995827079E-1,1.766937861E2,1.568512255E-1,-6.486434083E-2,1.766936937E2
7.926820632E1,2.886021247E-2,6.140514743E-4,1.355041517E-3,9.995823503E-1,1.766924040E2,1.572425223E-1,-6.585443470E-2,1.766923100E2
7.927320632E1,2.887453235E-2,6.262740935E-4,1.352161053E-3,9.995819330E-1,1.766907624E2,1.569539714E-1,-6.726173702E-2,1.766906666E2
7.927820632E1,2.888298815E-2,6.323661655E-4,1.344962162E-3,9.995816946E-1,1.766897930E2,1.561501162E-1,-6.798204473E-2,1.766896967E2
7.928320632E1,2.887663621E-2,6.275923224E-4,1.350683393E-3,9.995818734E-1,1.766905212E2,1.567892184E-1,-6.741729121E-2,1.766904253E2
7.928820632E1,2.886638884E-2,6.185740349E-4,1.353329397E-3,9.995821714E-1,1.766916959E2,1.570617774E-1,-6.637715758E-2,1.766916013E2
7.929320632E1,2.885620701E-2,6.117670564E-4,1.353439875E-3,9.995824695E-1,1.766928632E2,1.570512455E-1,-6.559869528E-2,1.766927696E2
7.929820632E1,2.886245488E-2,6.168599357E-4,1.349963830E-3,9.995822906E-1,1.766921469E2,1.566703410E-1,-6.619256799E-2,1.766920528E2
7.930320632E1,2.888275668E-2,6.327519659E-4,1.349742990E-3,9.995816946E-1,1.766898195E2,1.566989922E-1,-6.801044819E-2,1.766897229E2
7.930820632E1,2.888270071E-2,6.325879949E-4,1.351017039E-3,9.995816946E-1,1.766898260E2,1.568443803E-1,-6.798745826E-2,1.766897292E2
7.931320632E1,2.886640238E-2,6.197854527E-4,1.352486201E-3,9.995821714E-1,1.766916944E2,1.569692028E-1,-6.651870500E-2,1.766915996E2
7.931820632E1,2.886244603E-2,6.165010855E-4,1.350316801E-3,9.995822906E-1,1.766921479E2,1.567095842E-1,-6.615029789E-2,1.766920538E2
7.932320632E1,2.886820963E-2,6.214451860E-4,1.357194502E-3,9.995821118E-1,1.766914872E2,1.575141215E-1,-6.669295742E-2,1.766913918E2
7.932820632E1,2.887214408E-2,6.236440386E-4,1.360287424E-3,9.995819926E-1,1.766910362E2,1.578759350E-1,-6.693396887E-2,1.766909402E2
7.933320632E1,2.887235163E-2,6.247900310E-4,1.355347340E-3,9.995819926E-1,1.766910124E2,1.573138841E-1,-6.708154719E-2,1.766909166E2
7.933820632E1,2.887630669E-2,6.269967998E-4,1.357985078E-3,9.995818734E-1,1.766905590E2,1.576235892E-1,-6.732496768E-2,1.766904627E2
7.934320632E1,2.886995823E-2,6.220485084E-4,1.363607589E-3,9.995820522E-1,1.766912867E2,1.582508146E-1,-6.674057190E-2,1.766911909E2
7.934820632E1,2.886802675E-2,6.196421455E-4,1.361900824E-3,9.995821118E-1,1.766915082E2,1.580472250E-1,-6.647089016E-2,1.766914128E2
7.935320632E1,2.887025480E-2,6.221892545E-4,1.357249450E-3,9.995820522E-1,1.766912527E2,1.575230137E-1,-6.677768171E-2,1.766911573E2
7.935820632E1,2.887631292E-2,6.267180433E-4,1.357981237E-3,9.995818734E-1,1.766905582E2,1.576222271E-1,-6.729304962E-2,1.766904620E2
7.936320632E1,2.887823325E-2,6.291664322E-4,1.359886024E-3,9.995818138E-1,1.766903381E2,1.578486411E-1,-6.756689074E-2,1.766902413E2
7.936820632E1,2.887649425E-2,6.270166487E-4,1.353981672E-3,9.995818734E-1,1.766905375E2,1.571651016E-1,-6.734045934E-2,1.766904414E2
7.937320632E1,2.887019511E-2,6.227423437E-4,1.358265174E-3,9.995820522E-1,1.766912596E2,1.576411846E-1,-6.683768360E-2,1.766911639E2
7.937820632E1,2.886812152E-2,6.211634609E-4,1.359196147E-3,9.995821118E-1,1.766914973E2,1.577424599E-1,-6.665407974E-2,1.766914019E2
7.938320632E1,2.887016120E-2,6.225734251E-4,1.359063201E-3,9.995820522E-1,1.766912635E2,1.577320327E-1,-6.681570021E-2,1.766911678E2
7.938820632E1,2.887245401E-2,6.244524266E-4,1.353320316E-3,9.995819926E-1,1.766910006E2,1.570805906E-1,-6.704956731E-2,1.766909050E2
7.939320632E1,2.886829335E-2,6.202859222E-4,1.355943503E-3,9.995821118E-1,1.766914776E2,1.573669974E-1,-6.656429636E-2,1.766913825E2
7.939820632E1,2.886209990E-2,6.163653452E-4,1.357756671E-3,9.995822906E-1,1.766921876E2,1.575613047E-1,-6.611019695E-2,1.766920930E2
7.940320632E1,2.886420971E-2,6.179428310E-4,1.356069231E-3,9.995822310E-1,1.766919458E2,1.573733763E-1,-6.629613701E-2,1.766918510E2
7.940820632E1,2.887032163E-2,6.228236598E-4,1.355535933E-3,9.995820522E-1,1.766912451E2,1.573288441E-1,-6.685600730E-2,1.766911496E2
7.941320632E1,2.887418434E-2,6.256182096E-4,1.359874033E-3,9.995819330E-1,1.766908023E2,1.578352528E-1,-6.716114330E-2,1.766907061E2
7.941820632E1,2.886796313E-2,6.199449417E-4,1.363110961E-3,9.995821118E-1,1.766915155E2,1.581868365E-1,-6.650158034E-2,1.766914200E2
7.942320632E1,2.886210169E-2,6.151556736E-4,1.358267153E-3,9.995822906E-1,1.766921874E2,1.576157762E-1,-6.596994798E-2,1.766920930E2
7.942820632E1,2.887219869E-2,6.230156287E-4,1.359415939E-3,9.995819926E-1,1.766910299E2,1.577740361E-1,-6.686486326E-2,1.766909341E2
7.943320632E1,2.887415891E-2,6.260915543E-4,1.360196038E-3,9.995819330E-1,1.766908052E2,1.578737011E-1,-6.721430050E-2,1.766907089E2
7.943820632E1,2.887217772E-2,6.245792611E-4,1.359143876E-3,9.995819926E-1,1.766910323E2,1.577480453E-1,-6.704487095E-2,1.766909363E2
7.944320632E1,2.887229744E-2,6.233476452E-4,1.357164583E-3,9.995819926E-1,1.766910186E2,1.575172621E-1,-6.691032695E-2,1.766909229E2
7.944820632E1,2.887044769E-2,6.220471114E-4,1.353205647E-3,9.995820522E-1,1.766912306E2,1.570593631E-1,-6.677474827E-2,1.766911354E2
7.945320632E1,2.886200855E-2,6.155332667E-4,1.360074035E-3,9.995822906E-1,1.766921981E2,1.578239865E-1,-6.600723743E-2,1.766921035E2
7.945820632E1,2.886628926E-2,6.186905084E-4,1.355398563E-3,9.995821714E-1,1.766917074E2,1.572991665E-1,-6.638366988E-2,1.766916126E2
7.946320632E1,2.886452070E-2,6.181413191E-4,1.349342638E-3,9.995822310E-1,1.766919101E2,1.566035627E-1,-6.634107336E-2,1.766918158E2
7.946820632E1,2.886015999E-2,6.144487998E-4,1.355978893E-3,9.995823503E-1,1.766924100E2,1.573512038E-1,-6.589685398E-2,1.766923159E2
7.947320632E1,2.885189623E-2,6.069795927E-4,1.359441900E-3,9.995825887E-1,1.766933574E2,1.577226290E-1,-6.503115411E-2,1.766932642E2
7.947820632E1,2.885408663E-2,6.098570884E-4,1.355485641E-3,9.995825291E-1,1.766931063E2,1.572791209E-1,-6.537348914E-2,1.766930129E2
7.948320632E1,2.885411009E-2,6.092958502E-4,1.355238608E-3,9.995825291E-1,1.766931036E2,1.572489704E-1,-6.531001593E-2,1.766930103E2
7.948820632E1,2.884592393E-2,6.034629769E-4,1.356262947E-3,9.995827675E-1,1.766940420E2,1.573464852E-1,-6.463979833E-2,1.766939496E2
7.949320632E1,2.885206106E-2,6.081429892E-4,1.355417655E-3,9.995825887E-1,1.766933385E2,1.572655333E-1,-6.517769327E-2,1.766932454E2
7.949820632E1,2.885849675E-2,6.134594441E-4,1.347862766E-3,9.995824099E-1,1.766926007E2,1.564181685E-1,-6.581063165E-2,1.766925072E2
7.950320632E1,2.884852015E-2,6.048442447E-4,1.344303600E-3,9.995827079E-1,1.766937444E2,1.559813480E-1,-6.483714159E-2,1.766936525E2
7.950820632E1,2.884226299E-2,5.996612599E-4,1.347923069E-3,9.995828867E-1,1.766944617E2,1.563783992E-1,-6.423247629E-2,1.766943705E2
7.951320632E1,2.885040183E-2,6.070940290E-4,1.347224577E-3,9.995826483E-1,1.766935287E2,1.563234889E-1,-6.508488966E-2,1.766934363E2
7.951820632E1,2.885631831E-2,6.112073897E-4,1.351318206E-3,9.995824695E-1,1.766928504E2,1.568063775E-1,-6.554158739E-2,1.766927571E2
7.952320632E1,2.884804506E-2,6.053449470E-4,1.354236738E-3,9.995827079E-1,1.766937989E2,1.571207541E-1,-6.486173071E-2,1.766937063E2
7.952820632E1,2.883974584E-2,5.981147988E-4,1.358228154E-3,9.995829463E-1,1.766947503E2,1.575535124E-1,-6.402167541E-2,1.766946586E2
7.953320632E1,2.884381816E-2,6.006946787E-4,1.358346199E-3,9.995828271E-1,1.766942834E2,1.575758224E-1,-6.431615257E-2,1.766941913E2
7.953820632E1,2.883976704E-2,5.975652020E-4,1.358020003E-3,9.995829463E-1,1.766947478E2,1.575278548E-1,-6.395940709E-2,1.766946563E2
7.954320632E1,2.883365677E-2,5.936612724E-4,1.357862260E-3,9.995831251E-1,1.766954483E2,1.574964954E-1,-6.351372023E-2,1.766953574E2
7.954820632E1,2.882749773E-2,5.876475479E-4,1.359614776E-3,9.995833039E-1,1.766961544E2,1.576769771E-1,-6.282006617E-2,1.766960643E2
7.955320632E1,2.883367335E-2,5.933134817E-4,1.357662259E-3,9.995831251E-1,1.766954464E2,1.574724382E-1,-6.347454118E-2,1.766953556E2
7.955820632E1,2.883362435E-2,5.936073721E-4,1.358574023E-3,9.995831251E-1,1.766954520E2,1.575778435E-1,-6.350519960E-2,1.766953611E2
7.956320632E1,2.882554813E-2,5.873686750E-4,1.357247587E-3,9.995833635E-1,1.766963779E2,1.574047858E-1,-6.279624996E-2,1.766962880E2
7.956820632E1,2.883155363E-2,5.919315154E-4,1.359396731E-3,9.995831847E-1,1.766956894E2,1.576664109E-1,-6.331084881E-2,1.766955987E2
7.957320632E1,2.884382256E-2,6.016110419E-4,1.357847010E-3,9.995828271E-1,1.766942829E2,1.575216727E-1,-6.442276558E-2,1.766941907E2
7.957820632E1,2.884580532E-2,6.035858532E-4,1.358728623E-3,9.995827675E-1,1.766940556E2,1.576293122E-1,-6.464574123E-2,1.766939630E2
7.958320632E1,2.883757079E-2,5.967994803E-4,1.361119677E-3,9.995830059E-1,1.766949996E2,1.578802330E-1,-6.386180122E-2,1.766949080E2
7.958820632E1,2.884761861E-2,6.041802117E-4,1.363807241E-3,9.995827079E-1,1.766938477E2,1.582131198E-1,-6.469674650E-2,1.766937547E2
7.959320632E1,2.885806792E-2,6.125668879E-4,1.357416273E-3,9.995824099E-1,1.766926498E2,1.575094853E-1,-6.567686869E-2,1.766925559E2
7.959820632E1,2.885785193E-2,6.123383064E-4,1.362103154E-3,9.995824099E-1,1.766926746E2,1.580455692E-1,-6.563522080E-2,1.766925804E2
7.960320632E1,2.885774669E-2,6.126312655E-4,1.364199445E-3,9.995824099E-1,1.766926867E2,1.582866486E-1,-6.566186174E-2,1.766925923E2
7.960820632E1,2.886423905E-2,6.168347318E-4,1.355949324E-3,9.995822310E-1,1.766919424E2,1.573559780E-1,-6.616960320E-2,1.766918479E2
7.961320632E1,2.885215055E-2,6.086170906E-4,1.353298430E-3,9.995825887E-1,1.766933282E2,1.570243623E-1,-6.523899136E-2,1.766932352E2
7.961820632E1,2.884199563E-2,6.008408964E-4,1.353108673E-3,9.995828867E-1,1.766944924E2,1.569762611E-1,-6.435049898E-2,1.766944006E2
7.962320632E1,2.884415683E-2,6.022874149E-4,1.350426115E-3,9.995828271E-1,1.766942446E2,1.566739108E-1,-6.452471620E-2,1.766941528E2
7.962820632E1,2.885432919E-2,6.094442797E-4,1.350498758E-3,9.995825291E-1,1.766930785E2,1.567065541E-1,-6.534265574E-2,1.766929855E2
7.963320632E1,2.884437168E-2,6.018471322E-4,1.346026198E-3,9.995828271E-1,1.766942200E2,1.561684850E-1,-6.448879443E-2,1.766941285E2
7.963820632E1,2.883638685E-2,5.961248535E-4,1.342599862E-3,9.995830655E-1,1.766951353E2,1.557565931E-1,-6.384591264E-2,1.766950450E2
7.964320632E1,2.884649996E-2,6.044835900E-4,1.343496842E-3,9.995827675E-1,1.766939760E2,1.558876154E-1,-6.479881296E-2,1.766938842E2
7.964820632E1,2.885476039E-2,6.105309003E-4,1.340759802E-3,9.995825291E-1,1.766930290E2,1.555946365E-1,-6.549925665E-2,1.766929365E2
7.965320632E1,2.885480628E-2,6.105600041E-4,1.339758513E-3,9.995825291E-1,1.766930238E2,1.554800442E-1,-6.550589404E-2,1.766929313E2
7.965820632E1,2.885470798E-2,6.112006959E-4,1.341582276E-3,9.995825291E-1,1.766930350E2,1.556910574E-1,-6.557326611E-2,1.766929423E2
7.966320632E1,2.885696515E-2,6.117352168E-4,1.337192603E-3,9.995824695E-1,1.766927763E2,1.551901625E-1,-6.564865661E-2,1.766926838E2
7.966820632E1,2.885894169E-2,6.140759797E-4,1.338019618E-3,9.995824099E-1,1.766925497E2,1.552927634E-1,-6.591373447E-2,1.766924568E2
7.967320632E1,2.885686364E-2,6.119328318E-4,1.339290990E-3,9.995824695E-1,1.766927879E2,1.554311669E-1,-6.566436889E-2,1.766926952E2
7.967820632E1,2.885497650E-2,6.105547072E-4,1.336089917E-3,9.995825291E-1,1.766930042E2,1.550598221E-1,-6.551739154E-2,1.766929120E2
7.968320632E1,2.886119330E-2,6.159699406E-4,1.333102817E-3,9.995823503E-1,1.766922916E2,1.547359862E-1,-6.614658757E-2,1.766921987E2
7.968820632E1,2.886115511E-2,6.151407724E-4,1.334311790E-3,9.995823503E-1,1.766922959E2,1.548717218E-1,-6.604761898E-2,1.766922031E2
7.969320632E1,2.883880898E-2,5.988702760E-4,1.333700377E-3,9.995830059E-1,1.766948577E2,1.547464382E-1,-6.418941719E-2,1.766947675E2
7.969820632E1,2.883641174E-2,5.966456374E-4,1.341833849E-3,9.995830655E-1,1.766951325E2,1.556705735E-1,-6.390809263E-2,1.766950421E2
7.970320632E1,2.885088149E-2,6.081622560E-4,1.336427755E-3,9.995826483E-1,1.766934737E2,1.550903407E-1,-6.524286945E-2,1.766933818E2
7.970820632E1,2.885913105E-2,6.136725424E-4,1.334114699E-3,9.995824099E-1,1.766925280E2,1.548441566E-1,-6.588040782E-2,1.766924354E2
7.971320632E1,2.884876837E-2,6.063969340E-4,1.338263741E-3,9.995827079E-1,1.766937159E2,1.552946677E-1,-6.503492105E-2,1.766936242E2
7.971820632E1,2.884870685E-2,6.062917528E-4,1.339636743E-3,9.995827079E-1,1.766937230E2,1.554515851E-1,-6.501834372E-2,1.766936312E2
7.972320632E1,2.885099844E-2,6.076100399E-4,1.334152068E-3,9.995826483E-1,1.766934603E2,1.548278562E-1,-6.518712221E-2,1.766933687E2
7.972820632E1,2.885127760E-2,6.080083549E-4,1.327919192E-3,9.995826483E-1,1.766934283E2,1.541152528E-1,-6.525331066E-2,1.766933370E2
7.973320632E1,2.885323167E-2,6.101007457E-4,1.329368912E-3,9.995825887E-1,1.766932043E2,1.542883558E-1,-6.548788629E-2,1.766931126E2
7.973820632E1,2.885943506E-2,6.146155647E-4,1.327085774E-3,9.995824099E-1,1.766924931E2,1.540421745E-1,-6.601162369E-2,1.766924008E2
7.974320632E1,2.886154782E-2,6.158986362E-4,1.325438381E-3,9.995823503E-1,1.766922509E2,1.538578589E-1,-6.616371446E-2,1.766921585E2
7.974820632E1,2.884725745E-2,6.056595012E-4,1.326596481E-3,9.995827675E-1,1.766938891E2,1.539557166E-1,-6.498925645E-2,1.766937983E2
7.975320632E1,2.885336574E-2,6.097070291E-4,1.326636877E-3,9.995825887E-1,1.766931889E2,1.539741245E-1,-6.545180114E-2,1.766930974E2
7.975820632E1,2.885938883E-2,6.146488595E-4,1.328075305E-3,9.995824099E-1,1.766924984E2,1.541556263E-1,-6.601217201E-2,1.766924061E2
7.976320632E1,2.885332721E-2,6.091130781E-4,1.327747246E-3,9.995825887E-1,1.766931933E2,1.540993441E-1,-6.538010233E-2,1.766931019E2
7.976820632E1,2.884511603E-2,6.034692051E-4,1.329244231E-3,9.995828271E-1,1.766941346E2,1.542516209E-1,-6.472994932E-2,1.766940440E2
7.977320632E1,2.885320735E-2,6.094561541E-4,1.330192317E-3,9.995825887E-1,1.766932071E2,1.543805389E-1,-6.541133356E-2,1.766931154E2
7.977820632E1,2.885711318E-2,6.126051303E-4,1.333594904E-3,9.995824695E-1,1.766927593E2,1.547809543E-1,-6.576017393E-2,1.766926669E2
7.978320632E1,2.885108776E-2,6.072508404E-4,1.332382904E-3,9.995826483E-1,1.766934500E2,1.546240273E-1,-6.515181350E-2,1.766933586E2
7.978820632E1,2.884498026E-2,6.024154718E-4,1.332664047E-3,9.995828271E-1,1.766941502E2,1.546398484E-1,-6.459796752E-2,1.766940595E2
7.979320632E1,2.885106154E-2,6.070185336E-4,1.333056367E-3,9.995826483E-1,1.766934531E2,1.547003986E-1,-6.512298168E-2,1.766933616E2
7.979820632E1,2.884902916E-2,6.061332533E-4,1.332749845E-3,9.995827079E-1,1.766936860E2,1.546622292E-1,-6.502290621E-2,1.766935947E2
7.980320632E1,2.884482686E-2,6.027551135E-4,1.335827168E-3,9.995828271E-1,1.766941678E2,1.550032778E-1,-6.462643951E-2,1.766940768E2
7.980820632E1,2.885303793E-2,6.094730925E-4,1.333854278E-3,9.995825887E-1,1.766932265E2,1.548000395E-1,-6.540119198E-2,1.766931346E2
7.981320632E1,2.886727162E-2,6.204347592E-4,1.333502587E-3,9.995821714E-1,1.766915947E2,1.547969503E-1,-6.665574109E-2,1.766915011E2
7.981820632E1,2.886131732E-2,6.152955466E-4,1.330727013E-3,9.995823503E-1,1.766922773E2,1.544616298E-1,-6.607717841E-2,1.766921847E2
7.982320632E1,2.884908641E-2,6.061111926E-4,1.331520267E-3,9.995827079E-1,1.766936795E2,1.545213191E-1,-6.502443537E-2,1.766935883E2
7.982820632E1,2.885316310E-2,6.102128536E-4,1.330804895E-3,9.995825887E-1,1.766932121E2,1.544532052E-1,-6.549599017E-2,1.766931203E2
7.983320632E1,2.885928157E-2,6.149608525E-4,1.330259955E-3,9.995824099E-1,1.766925107E2,1.544068896E-1,-6.604070049E-2,1.766924182E2
7.983820632E1,2.884905586E-2,6.058881409E-4,1.332283369E-3,9.995827079E-1,1.766936830E2,1.546079885E-1,-6.499636813E-2,1.766935917E2
7.984320632E1,2.884690655E-2,6.042509922E-4,1.334843459E-3,9.995827675E-1,1.766939294E2,1.548956794E-1,-6.480071246E-2,1.766938382E2
7.984820632E1,2.884670642E-2,6.041012821E-4,1.339228940E-3,9.995827675E-1,1.766939523E2,1.553975022E-1,-6.476909810E-2,1.766938609E2
7.985320632E1,2.884265037E-2,6.016719854E-4,1.338706585E-3,9.995828867E-1,1.766944173E2,1.553293769E-1,-6.449319430E-2,1.766943263E2
7.985820632E1,2.883674339E-2,5.962344585E-4,1.334871282E-3,9.995830655E-1,1.766950945E2,1.548717152E-1,-6.388395107E-2,1.766950046E2
7.986320632E1,2.883253058E-2,5.937913083E-4,1.337691676E-3,9.995831847E-1,1.766955774E2,1.551864326E-1,-6.359543728E-2,1.766954878E2
7.986820632E1,2.883861669E-2,5.970062921E-4,1.338684582E-3,9.995830059E-1,1.766948797E2,1.553111766E-1,-6.395946756E-2,1.766947895E2
7.987320632E1,2.882847496E-2,5.901605473E-4,1.337628346E-3,9.995833039E-1,1.766960424E2,1.551669253E-1,-6.318039482E-2,1.766959533E2
7.987820632E1,2.882036947E-2,5.842158571E-4,1.336736488E-3,9.995835423E-1,1.766969716E2,1.550446216E-1,-6.250367076E-2,1.766968835E2
7.988320632E1,2.882639629E-2,5.881719990E-4,1.338760019E-3,9.995833635E-1,1.766962807E2,1.552898512E-1,-6.294920321E-2,1.766961918E2
7.988820632E1,2.883240819E-2,5.933975917E-4,1.340501476E-3,9.995831847E-1,1.766955915E2,1.555069698E-1,-6.354107477E-2,1.766955017E2
7.989320632E1,2.883023251E-2,5.912759807E-4,1.343783224E-3,9.995832443E-1,1.766958409E2,1.558757266E-1,-6.328755356E-2,1.766957512E2
7.989820632E1,2.882603788E-2,5.871503381E-4,1.346901059E-3,9.995833635E-1,1.766963217E2,1.562189616E-1,-6.280534152E-2,1.766962326E2
7.990320632E1,2.883210027E-2,5.921545671E-4,1.347654965E-3,9.995831847E-1,1.766956268E2,1.563222328E-1,-6.337510669E-2,1.766955367E2
7.990820632E1,2.882992015E-2,5.910656182E-4,1.350560226E-3,9.995832443E-1,1.766958767E2,1.566512772E-1,-6.324111697E-2,1.766957866E2
7.991320632E1,2.883013676E-2,5.909513566E-4,1.345978584E-3,9.995832443E-1,1.766958519E2,1.561261135E-1,-6.324313181E-2,1.766957621E2
7.991820632E1,2.882995097E-2,5.904765567E-4,1.350159873E-3,9.995832443E-1,1.766958732E2,1.566034749E-1,-6.317496144E-2,1.766957832E2
7.992320632E1,2.884389267E-2,6.019989960E-4,1.356184832E-3,9.995828271E-1,1.766942749E2,1.573325670E-1,-6.447268636E-2,1.766941827E2
7.992820632E1,2.884800109E-2,6.039766595E-4,1.355783432E-3,9.995827079E-1,1.766938039E2,1.572933922E-1,-6.469989570E-2,1.766937114E2
7.993320632E1,2.883196689E-2,5.922692362E-4,1.350455219E-3,9.995831847E-1,1.766956420E2,1.566433558E-1,-6.337901016E-2,1.766955518E2
7.993820632E1,2.883166302E-2,5.912780762E-4,1.357359346E-3,9.995831847E-1,1.766956769E2,1.574308884E-1,-6.324271556E-2,1.766955864E2
7.994320632E1,2.883752733E-2,5.962111172E-4,1.362297800E-3,9.995830059E-1,1.766950046E2,1.580132328E-1,-6.379052148E-2,1.766949130E2
7.994820632E1,2.883340490E-2,5.935594090E-4,1.363244490E-3,9.995831251E-1,1.766954772E2,1.581126453E-1,-6.348430835E-2,1.766953859E2
7.995320632E1,2.883545753E-2,5.939804832E-4,1.363349613E-3,9.995830655E-1,1.766952419E2,1.581262083E-1,-6.353186775E-2,1.766951506E2
7.995820632E1,2.884561909E-2,6.020360743E-4,1.363361953E-3,9.995827675E-1,1.766940770E2,1.581548973E-1,-6.445293731E-2,1.766939843E2
7.996320632E1,2.884573850E-2,6.029381184E-4,1.360433758E-3,9.995827675E-1,1.766940633E2,1.578224797E-1,-6.456592132E-2,1.766939707E2
7.996820632E1,2.883807224E-2,5.971949431E-4,1.350278966E-3,9.995830059E-1,1.766949421E2,1.566398330E-1,-6.394284507E-2,1.766948511E2
7.997320632E1,2.883596288E-2,5.959308473E-4,1.351760700E-3,9.995830655E-1,1.766951839E2,1.568052445E-1,-6.379348495E-2,1.766950930E2
7.997820632E1,2.883993615E-2,5.981420982E-4,1.354169101E-3,9.995829463E-1,1.766947285E2,1.570886744E-1,-6.403818719E-2,1.766946370E2
7.998320632E1,2.884395457E-2,6.007485790E-4,1.355422428E-3,9.995828271E-1,1.766942678E2,1.572411089E-1,-6.433196915E-2,1.766941759E2
7.998820632E1,2.884609700E-2,6.039745058E-4,1.352348598E-3,9.995827675E-1,1.766940222E2,1.568998221E-1,-6.471130288E-2,1.766939300E2
7.999320632E1,2.884208212E-2,6.000071880E-4,1.351634273E-3,9.995828867E-1,1.766944824E2,1.568046273E-1,-6.425986240E-2,1.766943909E2
7.999820632E1,2.884385100E-2,6.011211080E-4,1.357459812E-3,9.995828271E-1,1.766942797E2,1.574757038E-1,-6.436792205E-2,1.766941876E2
8.000320632E1,2.884800724E-2,6.040148437E-4,1.355635584E-3,9.995827079E-1,1.766938032E2,1.572765838E-1,-6.470475726E-2,1.766937107E2
8.000820632E1,2.884208271E-2,6.002995651E-4,1.351491897E-3,9.995828867E-1,1.766944824E2,1.567892854E-1,-6.429382287E-2,1.766943908E2
8.001320632E1,2.883772121E-2,5.967727047E-4,1.357940957E-3,9.995830059E-1,1.766949824E2,1.575160506E-1,-6.386921506E-2,1.766948909E2
8.001820632E1,2.884377081E-2,6.013849634E-4,1.359045855E-3,9.995828271E-1,1.766942889E2,1.576582426E-1,-6.439291525E-2,1.766941966E2
8.002320632E1,2.884188615E-2,5.996157415E-4,1.355982618E-3,9.995828867E-1,1.766945049E2,1.573013978E-1,-6.420068352E-2,1.766944131E2
8.002820632E1,2.884175090E-2,6.000230787E-4,1.358676585E-3,9.995828867E-1,1.766945204E2,1.576113134E-1,-6.423845888E-2,1.766944284E2
8.003320632E1,2.884567886E-2,6.034086691E-4,1.361489180E-3,9.995827675E-1,1.766940701E2,1.579449236E-1,-6.461634063E-2,1.766939774E2
8.003820632E1,2.885189985E-2,6.079206360E-4,1.358944457E-3,9.995825887E-1,1.766933569E2,1.576687617E-1,-6.514058885E-2,1.766932637E2
8.004320632E1,2.890486904E-2,6.497244467E-4,1.353872824E-3,9.995810390E-1,1.766872846E2,1.572297658E-1,-6.993739109E-2,1.766871849E2
8.004820632E1,2.902979707E-2,7.481985958E-4,1.358497189E-3,9.995773435E-1,1.766729629E2,1.580958090E-1,-8.118189772E-2,1.766728469E2
8.005320632E1,2.916031484E-2,8.517637034E-4,1.352880034E-3,9.995734692E-1,1.766580003E2,1.578091059E-1,-9.304265635E-2,1.766578679E2
8.005820632E1,2.920234497E-2,8.862214163E-4,1.348974882E-3,9.995722175E-1,1.766531820E2,1.574810318E-1,-9.699596563E-2,1.766530443E2
8.006320632E1,2.918619428E-2,8.731716662E-4,1.353677013E-3,9.995726943E-1,1.766550335E2,1.579744104E-1,-9.548803006E-2,1.766548975E2
8.006820632E1,2.919591514E-2,8.807147387E-4,1.359220012E-3,9.995723963E-1,1.766539191E2,1.586354897E-1,-9.633195167E-2,1.766537813E2
8.007320632E1,2.925974186E-2,9.302762337E-4,1.356374938E-3,9.995704889E-1,1.766466020E2,1.584819548E-1,-1.020082553E-1,1.766464563E2
8.007820632E1,2.931974365E-2,9.789525066E-4,1.344129676E-3,9.995687008E-1,1.766397233E2,1.572490385E-1,-1.076153739E-1,1.766395710E2
8.008320632E1,2.927796593E-2,9.459064458E-4,1.347610843E-3,9.995699525E-1,1.766445127E2,1.575323981E-1,-1.038250922E-1,1.766443655E2
8.008820632E1,2.915628072E-2,8.486149018E-4,1.353727421E-3,9.995735884E-1,1.766584628E2,1.578952711E-1,-9.267978951E-2,1.766583308E2
8.009320632E1,2.904977474E-2,7.651960477E-4,1.360545750E-3,9.995767474E-1,1.766706726E2,1.583886687E-1,-8.311885938E-2,1.766705537E2
8.009820632E1,2.903159317E-2,7.495650207E-4,1.363210496E-3,9.995772839E-1,1.766727570E2,1.586403796E-1,-8.132244760E-2,1.766726404E2
8.010320632E1,2.905172067E-2,7.664812729E-4,1.362062409E-3,9.995766878E-1,1.766704496E2,1.585668328E-1,-8.326071545E-2,1.766703303E2
8.010820632E1,2.904592473E-2,7.608995074E-4,1.357568777E-3,9.995768666E-1,1.766711140E2,1.580330537E-1,-8.263723926E-2,1.766709960E2
8.011320632E1,2.899792962E-2,7.231450872E-4,1.350936363E-3,9.995782971E-1,1.766766162E2,1.571439177E-1,-7.834235169E-2,1.766765048E2
8.011820632E1,2.894950297E-2,6.846245378E-4,1.351161976E-3,9.995797276E-1,1.766821678E2,1.570381652E-1,-7.393693995E-2,1.766820626E2
8.012320632E1,2.895754244E-2,6.909322692E-4,1.352056628E-3,9.995794892E-1,1.766812461E2,1.571621695E-1,-7.465521719E-2,1.766811399E2
8.012820632E1,2.902006253E-2,7.405948127E-4,1.351343351E-3,9.995776415E-1,1.766740789E2,1.572503043E-1,-8.033626624E-2,1.766739647E2
8.013320632E1,2.910667554E-2,8.092843345E-4,1.344977529E-3,9.995750785E-1,1.766641495E2,1.567572333E-1,-8.821177218E-2,1.766640248E2
8.013820632E1,2.914472861E-2,8.402477251E-4,1.343598706E-3,9.995739460E-1,1.766597871E2,1.567060781E-1,-9.175704308E-2,1.766596575E2
8.014320632E1,2.914864226E-2,8.437153301E-4,1.345212106E-3,9.995738268E-1,1.766593385E2,1.569028250E-1,-9.214822940E-2,1.766592081E2
8.014820632E1,2.916850085E-2,8.591819205E-4,1.347867073E-3,9.995732307E-1,1.766570619E2,1.572604663E-1,-9.390782309E-2,1.766569287E2
8.015320632E1,2.922039455E-2,8.992612129E-4,1.346985227E-3,9.995716810E-1,1.766511128E2,1.572985506E-1,-9.849339599E-2,1.766509732E2
8.015820632E1,2.926429368E-2,9.351040353E-4,1.342636417E-3,9.995703697E-1,1.766460801E2,1.569249636E-1,-1.026065950E-1,1.766459351E2
8.016320632E1,2.928019993E-2,9.469055221E-4,1.342573436E-3,9.995698929E-1,1.766442566E2,1.569589846E-1,-1.039560793E-1,1.766441097E2
8.016820632E1,2.926029477E-2,9.313831106E-4,1.343627926E-3,9.995704889E-1,1.766465386E2,1.570256455E-1,-1.021776944E-1,1.766463941E2
8.017320632E1,2.923251100E-2,9.098500013E-4,1.342356321E-3,9.995713234E-1,1.766497237E2,1.568050113E-1,-9.971986229E-2,1.766495829E2
8.017820632E1,2.922041027E-2,9.004134336E-4,1.345873927E-3,9.995716810E-1,1.766511110E2,1.571751192E-1,-9.862909307E-2,1.766509713E2
8.018320632E1,2.922412397E-2,9.025927284E-4,1.352301217E-3,9.995715618E-1,1.766506852E2,1.579189847E-1,-9.885660620E-2,1.766505445E2
8.018820632E1,2.922617678E-2,9.043248720E-4,1.350836712E-3,9.995715022E-1,1.766504499E2,1.577572410E-1,-9.905959095E-2,1.766503091E2
8.019320632E1,2.918820809E-2,8.741605561E-4,1.353631029E-3,9.995726347E-1,1.766548026E2,1.579726436E-1,-9.560113569E-2,1.766546665E2
8.019820632E1,2.913815881E-2,8.343880763E-4,1.356650959E-3,9.995741248E-1,1.766605403E2,1.581809532E-1,-9.104330928E-2,1.766604104E2
8.020320632E1,2.911606077E-2,8.171937079E-4,1.358476933E-3,9.995747805E-1,1.766630736E2,1.583307184E-1,-8.907122097E-2,1.766629463E2
8.020820632E1,2.911824386E-2,8.194459951E-4,1.354179229E-3,9.995747209E-1,1.766628233E2,1.578461563E-1,-8.934319939E-2,1.766626961E2
8.021320632E1,2.911639795E-2,8.182710735E-4,1.350578619E-3,9.995747805E-1,1.766630350E2,1.574296455E-1,-8.922092584E-2,1.766629082E2
8.021820632E1,2.911241441E-2,8.142886218E-4,1.350630890E-3,9.995748997E-1,1.766634916E2,1.574219901E-1,-8.876521725E-2,1.766633655E2
8.022320632E1,2.909433327E-2,7.992732571E-4,1.352201565E-3,9.995754361E-1,1.766655645E2,1.575502283E-1,-8.704292361E-2,1.766654407E2
8.022820632E1,2.907631897E-2,7.852031849E-4,1.351376181E-3,9.995759726E-1,1.766676296E2,1.574072321E-1,-8.543688451E-2,1.766675082E2
8.023320632E1,2.908024101E-2,7.884976803E-4,1.353239873E-3,9.995758533E-1,1.766671800E2,1.576320205E-1,-8.580741761E-2,1.766670579E2
8.023820632E1,2.908647184E-2,7.937468472E-4,1.348332968E-3,9.995756745E-1,1.766664657E2,1.570880000E-1,-8.642404594E-2,1.766663431E2
8.024320632E1,2.908870577E-2,7.960243965E-4,1.342974487E-3,9.995756149E-1,1.766662096E2,1.564820079E-1,-8.670243438E-2,1.766660871E2
8.024820632E1,2.907864725E-2,7.874776493E-4,1.344023156E-3,9.995759130E-1,1.766673627E2,1.565727711E-1,-8.572154431E-2,1.766672415E2
8.025320632E1,2.906849239E-2,7.797505241E-4,1.346547855E-3,9.995762110E-1,1.766685269E2,1.568353458E-1,-8.482963635E-2,1.766684067E2
8.025820632E1,2.906852349E-2,7.796002901E-4,1.345963217E-3,9.995762110E-1,1.766685233E2,1.567678816E-1,-8.481437071E-2,1.766684032E2
8.026320632E1,2.908675009E-2,7.950451691E-4,1.341548515E-3,9.995756745E-1,1.766664338E2,1.563152386E-1,-8.659532997E-2,1.766663116E2
8.026820632E1,2.910278669E-2,8.065160946E-4,1.342195319E-3,9.995751977E-1,1.766645954E2,1.564289739E-1,-8.790457854E-2,1.766644713E2
8.027320632E1,2.909462328E-2,8.006546414E-4,1.345125725E-3,9.995754361E-1,1.766655312E2,1.567443700E-1,-8.722469748E-2,1.766654078E2
8.027820632E1,2.909642348E-2,8.009354351E-4,1.350302366E-3,9.995753765E-1,1.766653248E2,1.573384125E-1,-8.723931750E-2,1.766652009E2
8.028320632E1,2.912064587E-2,8.208273794E-4,1.345661120E-3,9.995746613E-1,1.766625480E2,1.568752900E-1,-8.952947369E-2,1.766624213E2
8.028820632E1,2.914467282E-2,8.400138468E-4,1.344954479E-3,9.995739460E-1,1.766597935E2,1.568605862E-1,-9.172573464E-2,1.766596638E2
8.029320632E1,2.915652159E-2,8.486671722E-4,1.348496764E-3,9.995735884E-1,1.766584352E2,1.572963326E-1,-9.270321548E-2,1.766583037E2
8.029820632E1,2.918430286E-2,8.710261318E-4,1.351824147E-3,9.995727539E-1,1.766552503E2,1.577548208E-1,-9.524877050E-2,1.766551149E2
8.030320632E1,2.920833698E-2,8.897375083E-4,1.349431695E-3,9.995720387E-1,1.766524950E2,1.575457079E-1,-9.739623485E-2,1.766523568E2
8.030820632E1,2.920824542E-2,8.905481664E-4,1.350878039E-3,9.995720387E-1,1.766525055E2,1.577140810E-1,-9.748426302E-2,1.766523670E2
8.031320632E1,2.921618548E-2,8.971192874E-4,1.351245446E-3,9.995718002E-1,1.766515953E2,1.577789416E-1,-9.823445319E-2,1.766514556E2
8.031820632E1,2.922634322E-2,9.044948965E-4,1.347116544E-3,9.995715022E-1,1.766504308E2,1.573317084E-1,-9.909149945E-2,1.766502903E2
8.032320632E1,2.922044472E-2,9.008743218E-4,1.344817225E-3,9.995716810E-1,1.766511070E2,1.570556284E-1,-9.868541740E-2,1.766509674E2
8.032820632E1,2.920652669E-2,8.893648628E-4,1.344700111E-3,9.995720983E-1,1.766527026E2,1.570023148E-1,-9.736967284E-2,1.766525648E2
8.033320632E1,2.920850528E-2,8.911296027E-4,1.344862510E-3,9.995720387E-1,1.766524757E2,1.570270166E-1,-9.757095637E-2,1.766523377E2
8.033820632E1,2.921450944E-2,8.957047830E-4,1.344311633E-3,9.995718598E-1,1.766517874E2,1.569798220E-1,-9.809591035E-2,1.766516487E2
8.034320632E1,2.921256852E-2,8.945304435E-4,1.342952135E-3,9.995719194E-1,1.766520099E2,1.568199791E-1,-9.796625441E-2,1.766518715E2
8.034820632E1,2.921069839E-2,8.919761167E-4,1.340964111E-3,9.995719790E-1,1.766522243E2,1.565835306E-1,-9.768062341E-2,1.766520865E2
8.035320632E1,2.921250460E-2,8.936719969E-4,1.344912569E-3,9.995719194E-1,1.766520173E2,1.570416526E-1,-9.786137291E-2,1.766518788E2
8.035820632E1,2.921452156E-2,8.946750895E-4,1.344733872E-3,9.995718598E-1,1.766517860E2,1.570247400E-1,-9.797655110E-2,1.766516474E2
8.036320632E1,2.920675307E-2,8.886525757E-4,1.340246759E-3,9.995720983E-1,1.766526766E2,1.564898528E-1,-9.730295538E-2,1.766525394E2
8.036820632E1,2.920460655E-2,8.872688049E-4,1.343481126E-3,9.995721579E-1,1.766529227E2,1.568554862E-1,-9.713396614E-2,1.766527854E2
8.037320632E1,2.920659147E-2,8.889728924E-4,1.343551907E-3,9.995720983E-1,1.766526951E2,1.568694904E-1,-9.732860837E-2,1.766525576E2
8.037820632E1,2.921250808E-2,8.937949315E-4,1.344755292E-3,9.995719194E-1,1.766520169E2,1.570240495E-1,-9.787598012E-2,1.766518784E2
8.038320632E1,2.920073139E-2,8.845861885E-4,1.340786577E-3,9.995722771E-1,1.766533669E2,1.565374905E-1,-9.683631708E-2,1.766532303E2
8.038820632E1,2.919681809E-2,8.822102100E-4,1.338699600E-3,9.995723963E-1,1.766538156E2,1.562901126E-1,-9.657176180E-2,1.766536796E2
8.039320632E1,2.919056846E-2,8.762343205E-4,1.345380908E-3,9.995725751E-1,1.766545320E2,1.570348138E-1,-9.586589487E-2,1.766543963E2
8.039820632E1,2.918471803E-2,8.722465136E-4,1.342038740E-3,9.995727539E-1,1.766552027E2,1.566380928E-1,-9.542121768E-2,1.766550680E2
8.040320632E1,2.918093259E-2,8.689218666E-4,1.337714377E-3,9.995728731E-1,1.766556367E2,1.561312873E-1,-9.505545768E-2,1.766555029E2
8.040820632E1,2.917667398E-2,8.657287108E-4,1.343586249E-3,9.995729923E-1,1.766561249E2,1.567927869E-1,-9.467073734E-2,1.766559911E2
8.041320632E1,2.917065331E-2,8.600219735E-4,1.344948774E-3,9.995731711E-1,1.766568151E2,1.569292061E-1,-9.401346183E-2,1.766566821E2
8.041820632E1,2.916081270E-2,8.535091765E-4,1.340996707E-3,9.995734692E-1,1.766579432E2,1.564538331E-1,-9.328221978E-2,1.766578117E2
8.042320632E1,2.914499669E-2,8.404405671E-4,1.337649999E-3,9.995739460E-1,1.766597564E2,1.560253636E-1,-9.179895783E-2,1.766596272E2
8.042820632E1,2.913684602E-2,8.339103078E-4,1.341135008E-3,9.995741844E-1,1.766606908E2,1.564019929E-1,-9.104059936E-2,1.766605624E2
8.043320632E1,2.913682419E-2,8.343104855E-4,1.341360388E-3,9.995741844E-1,1.766606933E2,1.564291429E-1,-9.108568772E-2,1.766605648E2
8.043820632E1,2.913889052E-2,8.359577041E-4,1.339864917E-3,9.995741248E-1,1.766604564E2,1.562635361E-1,-9.127903510E-2,1.766603278E2
8.044320632E1,2.914076525E-2,8.368488634E-4,1.342999283E-3,9.995740652E-1,1.766602415E2,1.566257035E-1,-9.137035096E-2,1.766601124E2
8.044820632E1,2.914672258E-2,8.418996586E-4,1.343654003E-3,9.995738864E-1,1.766595585E2,1.567181131E-1,-9.194576286E-2,1.766594286E2
8.045320632E1,2.914069235E-2,8.373287274E-4,1.344281365E-3,9.995740652E-1,1.766602498E2,1.567741531E-1,-9.142104595E-2,1.766601206E2
8.045820632E1,2.913878789E-2,8.356876788E-4,1.342263306E-3,9.995741248E-1,1.766604682E2,1.565373439E-1,-9.124011300E-2,1.766603394E2
8.046320632E1,2.914664127E-2,8.410136797E-4,1.345970668E-3,9.995738864E-1,1.766595679E2,1.569805041E-1,-9.183655524E-2,1.766594378E2
8.046820632E1,2.915843756E-2,8.504188154E-4,1.350146602E-3,9.995735288E-1,1.766582155E2,1.574913413E-1,-9.289803916E-2,1.766580836E2
8.047320632E1,2.916246447E-2,8.543291478E-4,1.348960213E-3,9.995734096E-1,1.766577539E2,1.573688920E-1,-9.334926970E-2,1.766576214E2
8.047820632E1,2.916426459E-2,8.560802089E-4,1.353093539E-3,9.995733500E-1,1.766575475E2,1.578483565E-1,-9.353574357E-2,1.766574144E2
8.048320632E1,2.917029888E-2,8.604872273E-4,1.352318330E-3,9.995731711E-1,1.766568557E2,1.577748593E-1,-9.404217390E-2,1.766567220E2
8.048820632E1,2.916837968E-2,8.588917553E-4,1.350671402E-3,9.995732307E-1,1.766570758E2,1.575807012E-1,-9.386523213E-2,1.766569424E2
8.049320632E1,2.916658391E-2,8.567791083E-4,1.346675679E-3,9.995732903E-1,1.766572816E2,1.571157886E-1,-9.363688209E-2,1.766571490E2
8.049820632E1,2.916052904E-2,8.520380361E-4,1.348081860E-3,9.995734692E-1,1.766579758E2,1.572604452E-1,-9.309007935E-2,1.766578438E2
8.050320632E1,2.915036317E-2,8.447279688E-4,1.351560932E-3,9.995737672E-1,1.766591412E2,1.576335807E-1,-9.224274134E-2,1.766590100E2
8.050820632E1,2.915637774E-2,8.495856309E-4,1.351026236E-3,9.995735884E-1,1.766584517E2,1.575891218E-1,-9.279998941E-2,1.766583198E2
8.051320632E1,2.915859036E-2,8.504376165E-4,1.346830861E-3,9.995735288E-1,1.766581980E2,1.571116232E-1,-9.291124805E-2,1.766580664E2
8.051820632E1,2.913860660E-2,8.354733582E-4,1.346325967E-3,9.995741248E-1,1.766604890E2,1.570019615E-1,-9.120202658E-2,1.766603598E2
8.052320632E1,2.913058638E-2,8.287790697E-4,1.347008627E-3,9.995743632E-1,1.766614084E2,1.570570748E-1,-9.043422454E-2,1.766612803E2
8.052820632E1,2.913665969E-2,8.344551316E-4,1.344839227E-3,9.995741844E-1,1.766607121E2,1.568280880E-1,-9.109066597E-2,1.766605833E2
8.053320632E1,2.913473837E-2,8.320237393E-4,1.343667973E-3,9.995742440E-1,1.766609324E2,1.566856354E-1,-9.081637936E-2,1.766608041E2
8.053820632E1,2.911862916E-2,8.200916927E-4,1.345475321E-3,9.995747209E-1,1.766627792E2,1.568513723E-1,-8.944614251E-2,1.766626526E2
8.054320632E1,2.911058385E-2,8.132321527E-4,1.346605248E-3,9.995749593E-1,1.766637015E2,1.569571930E-1,-8.865792386E-2,1.766635759E2
8.054820632E1,2.911282559E-2,8.146267501E-4,1.341533498E-3,9.995748997E-1,1.766634445E2,1.563811105E-1,-8.883423353E-2,1.766633192E2
8.055320632E1,2.912681630E-2,8.254352142E-4,1.342118485E-3,9.995744824E-1,1.766618406E2,1.564854394E-1,-9.006812454E-2,1.766617135E2
8.055820632E1,2.914080331E-2,8.378544007E-4,1.341545722E-3,9.995740652E-1,1.766602371E2,1.564625697E-1,-9.149037613E-2,1.766601080E2
8.056320632E1,2.916518031E-2,8.560966235E-4,1.333199325E-3,9.995733500E-1,1.766574425E2,1.555697535E-1,-9.360396997E-2,1.766573113E2
8.056820632E1,2.919720131E-2,8.813322056E-4,1.330897328E-3,9.995723963E-1,1.766537716E2,1.553935167E-1,-9.649723851E-2,1.766536365E2
8.057320632E1,2.921885319E-2,8.989073103E-4,1.336384448E-3,9.995717406E-1,1.766512895E2,1.560829700E-1,-9.848859705E-2,1.766511510E2
8.057820632E1,2.921182916E-2,9.193551959E-4,1.342269708E-3,9.995719194E-1,1.766520947E2,1.568248491E-1,-1.008121462E-1,1.766519523E2
8.058320632E1,2.921949420E-2,9.384359582E-4,1.339773880E-3,9.995716810E-1,1.766512160E2,1.566036394E-1,-1.030048601E-1,1.766510707E2
8.058820632E1,2.923427869E-2,9.238771163E-4,1.338658039E-3,9.995712638E-1,1.766495211E2,1.564285729E-1,-1.013386757E-1,1.766493783E2
8.059320632E1,2.924422118E-2,8.703282801E-4,1.335400273E-3,9.995710254E-1,1.766483813E2,1.558769553E-1,-9.521442122E-2,1.766482475E2
8.059820632E1,2.923515075E-2,8.298087632E-4,1.336721587E-3,9.995713234E-1,1.766494211E2,1.558916779E-1,-9.057020213E-2,1.766492937E2
8.060320632E1,2.922478013E-2,8.359238855E-4,1.336829504E-3,9.995716214E-1,1.766506100E2,1.559235807E-1,-9.127189969E-2,1.766504816E2
8.060820632E1,2.921814828E-2,8.570185746E-4,1.334732748E-3,9.995718002E-1,1.766513703E2,1.557534432E-1,-9.369619441E-2,1.766512387E2
8.061320632E1,2.922827307E-2,8.585155592E-4,1.335281529E-3,9.995715022E-1,1.766502096E2,1.558222657E-1,-9.386424705E-2,1.766500777E2
8.061820632E1,2.923894422E-2,8.381594089E-4,1.337681897E-3,9.995712042E-1,1.766489862E2,1.560300006E-1,-9.152289656E-2,1.766488574E2
8.062320632E1,2.923762301E-2,8.160599973E-4,1.335683977E-3,9.995712638E-1,1.766491377E2,1.557269824E-1,-8.899847518E-2,1.766490126E2
8.062820632E1,2.921338713E-2,8.143084706E-4,1.331773354E-3,9.995719790E-1,1.766519161E2,1.552710264E-1,-8.881471830E-2,1.766517917E2
8.063320632E1,2.920464493E-2,8.380860672E-4,1.329811756E-3,9.995722175E-1,1.766529183E2,1.551251458E-1,-9.154618906E-2,1.766527902E2
8.063820632E1,2.921020140E-2,8.694127901E-4,1.322045340E-3,9.995720387E-1,1.766522813E2,1.543409375E-1,-9.515956776E-2,1.766521489E2
8.064320632E1,2.922231590E-2,8.749254048E-4,1.321081538E-3,9.995716810E-1,1.766508925E2,1.542501560E-1,-9.579235369E-2,1.766507593E2
8.064820632E1,2.920233661E-2,8.617829881E-4,1.320523093E-3,9.995722771E-1,1.766531829E2,1.541402913E-1,-9.429193882E-2,1.766530519E2
8.065320632E1,2.920416030E-2,8.629890508E-4,1.324516605E-3,9.995722175E-1,1.766529739E2,1.546019283E-1,-9.441643814E-2,1.766528423E2
8.065820632E1,2.923015684E-2,8.840569062E-4,1.321932301E-3,9.995714426E-1,1.766499936E2,1.543789462E-1,-9.683423915E-2,1.766498589E2
8.066320632E1,2.922809855E-2,8.831225568E-4,1.322997385E-3,9.995715022E-1,1.766502296E2,1.544976147E-1,-9.672396687E-2,1.766500949E2
8.066820632E1,2.921201536E-2,8.717657765E-4,1.325477031E-3,9.995719790E-1,1.766520733E2,1.547420634E-1,-9.541731694E-2,1.766519403E2
8.067320632E1,2.919011603E-2,8.541220450E-4,1.324977959E-3,9.995726347E-1,1.766545839E2,1.546237834E-1,-9.340141668E-2,1.766544537E2
8.067820632E1,2.916204820E-2,8.339792257E-4,1.326337340E-3,9.995734692E-1,1.766578016E2,1.547095488E-1,-9.109400171E-2,1.766576745E2
8.068320632E1,2.913814356E-2,8.150961366E-4,1.324406941E-3,9.995741844E-1,1.766605420E2,1.544231990E-1,-8.894122496E-2,1.766604181E2
8.068820632E1,2.910788248E-2,7.932038861E-4,1.328334329E-3,9.995750785E-1,1.766640112E2,1.547973318E-1,-8.642519712E-2,1.766638904E2
8.069320632E1,2.907366176E-2,7.670732448E-4,1.330623752E-3,9.995760918E-1,1.766679342E2,1.549695451E-1,-8.342978583E-2,1.766678175E2
8.069820632E1,2.901721775E-2,7.227181341E-4,1.333819237E-3,9.995777607E-1,1.766744050E2,1.551833541E-1,-7.834733339E-2,1.766742950E2
8.070320632E1,2.896478053E-2,6.816994864E-4,1.333776861E-3,9.995793104E-1,1.766804164E2,1.550382312E-1,-7.365719962E-2,1.766803130E2
8.070820632E1,2.892419163E-2,6.512093823E-4,1.336438116E-3,9.995805025E-1,1.766850695E2,1.552390026E-1,-7.016223006E-2,1.766849707E2
8.071320632E1,2.888361056E-2,6.190858549E-4,1.337754889E-3,9.995816946E-1,1.766897217E2,1.552806502E-1,-6.648462761E-2,1.766896280E2
8.071820632E1,2.883301114E-2,5.787904374E-4,1.333902939E-3,9.995831847E-1,1.766955223E2,1.547029187E-1,-6.188962396E-2,1.766954353E2
8.072320632E1,2.880433510E-2,5.562278675E-4,1.337715075E-3,9.995840192E-1,1.766988097E2,1.550633223E-1,-5.929707370E-2,1.766987260E2
8.072820632E1,2.882462038E-2,5.717870663E-4,1.339592505E-3,9.995834231E-1,1.766964842E2,1.553309710E-1,-6.106993599E-2,1.766963980E2
8.073320632E1,2.885538062E-2,5.968735204E-4,1.333541586E-3,9.995825291E-1,1.766929579E2,1.547227109E-1,-6.395866090E-2,1.766928680E2
8.073820632E1,2.885538885E-2,5.972427316E-4,1.333198161E-3,9.995825291E-1,1.766929570E2,1.546845950E-1,-6.400208606E-2,1.766928670E2
8.074320632E1,2.882489098E-2,5.735781160E-4,1.332987798E-3,9.995834231E-1,1.766964532E2,1.545803739E-1,-6.129686420E-2,1.766963671E2
8.074820632E1,2.880623712E-2,5.608394276E-4,1.339370501E-3,9.995839596E-1,1.766985917E2,1.552682782E-1,-5.981954015E-2,1.766985072E2
8.075320632E1,2.881038078E-2,5.641510943E-4,1.337820431E-3,9.995838404E-1,1.766981167E2,1.551019088E-1,-6.020334529E-2,1.766980317E2
8.075820632E1,2.882694826E-2,5.794164608E-4,1.330668456E-3,9.995833635E-1,1.766962174E2,1.543341205E-1,-6.197295426E-2,1.766961304E2
8.076320632E1,2.884325237E-2,5.910312175E-4,1.330450992E-3,9.995828867E-1,1.766943483E2,1.543486142E-1,-6.330155396E-2,1.766942595E2
8.076820632E1,2.883282923E-2,5.850418820E-4,1.335107256E-3,9.995831847E-1,1.766955432E2,1.548615112E-1,-6.260173731E-2,1.766954551E2
8.077320632E1,2.880860537E-2,5.659742747E-4,1.330729458E-3,9.995839000E-1,1.766983202E2,1.542955916E-1,-6.043586448E-2,1.766982354E2
8.077820632E1,2.879435829E-2,5.561976577E-4,1.329799998E-3,9.995843172E-1,1.766999535E2,1.541560046E-1,-5.932127823E-2,1.766998702E2
8.078320632E1,2.881452498E-2,5.708373501E-4,1.334797707E-3,9.995837212E-1,1.766976416E2,1.547780022E-1,-6.097855296E-2,1.766975557E2
8.078820632E1,2.883091586E-2,5.851489841E-4,1.331750304E-3,9.995832443E-1,1.766957625E2,1.544772262E-1,-6.262539257E-2,1.766956746E2
8.079320632E1,2.882900209E-2,5.845101550E-4,1.328718965E-3,9.995833039E-1,1.766959819E2,1.541277739E-1,-6.256252887E-2,1.766958943E2
8.079820632E1,2.881478327E-2,5.744533264E-4,1.327651553E-3,9.995837212E-1,1.766976120E2,1.539714086E-1,-6.141629769E-2,1.766975260E2
8.080320632E1,2.880839066E-2,5.698256427E-4,1.333730645E-3,9.995839000E-1,1.766983448E2,1.546520621E-1,-6.086714059E-2,1.766982592E2
8.080820632E1,2.881245168E-2,5.735855084E-4,1.333738444E-3,9.995837808E-1,1.766978793E2,1.546656176E-1,-6.129715617E-2,1.766977930E2
8.081320632E1,2.881450311E-2,5.762464716E-4,1.332944375E-3,9.995837212E-1,1.766976441E2,1.545835744E-1,-6.160425782E-2,1.766975575E2
8.081820632E1,2.880628087E-2,5.708186654E-4,1.334203873E-3,9.995839596E-1,1.766985867E2,1.547094173E-1,-6.097964956E-2,1.766985009E2
8.082320632E1,2.880828170E-2,5.721692578E-4,1.335080131E-3,9.995839000E-1,1.766983573E2,1.548143685E-1,-6.113114924E-2,1.766982712E2
8.082820632E1,2.880203230E-2,5.680778413E-4,1.337779802E-3,9.995840788E-1,1.766990737E2,1.551097133E-1,-6.065455980E-2,1.766989881E2
8.083320632E1,2.880001604E-2,5.665871431E-4,1.337283640E-3,9.995841384E-1,1.766993049E2,1.550478384E-1,-6.048575974E-2,1.766992195E2
8.083820632E1,2.881029692E-2,5.721633788E-4,1.336222864E-3,9.995838404E-1,1.766981263E2,1.549453657E-1,-6.112639098E-2,1.766980401E2
8.084320632E1,2.881417213E-2,5.750761484E-4,1.340582734E-3,9.995837212E-1,1.766976820E2,1.554546185E-1,-6.144503415E-2,1.766975952E2
8.084820632E1,2.879979350E-2,5.662197364E-4,1.342222793E-3,9.995841384E-1,1.766993304E2,1.556123635E-1,-6.042740935E-2,1.766992448E2
8.085320632E1,2.879583530E-2,5.637403810E-4,1.339409966E-3,9.995842576E-1,1.766997841E2,1.552817494E-1,-6.015331231E-2,1.766996991E2
8.085820632E1,2.879777518E-2,5.665813223E-4,1.340985880E-3,9.995841980E-1,1.766995618E2,1.554717537E-1,-6.047322294E-2,1.766994762E2
8.086320632E1,2.879974802E-2,5.682880292E-4,1.342324540E-3,9.995841384E-1,1.766993356E2,1.556308416E-1,-6.066399103E-2,1.766992497E2
8.086820632E1,2.880397163E-2,5.727002863E-4,1.338590402E-3,9.995840192E-1,1.766988514E2,1.552179389E-1,-6.118105622E-2,1.766987650E2
8.087320632E1,2.880589706E-2,5.745890085E-4,1.340855495E-3,9.995839596E-1,1.766986307E2,1.554837449E-1,-6.138962178E-2,1.766985439E2
8.087820632E1,2.880804002E-2,5.758101470E-4,1.338724862E-3,9.995839000E-1,1.766983850E2,1.552438564E-1,-6.153619618E-2,1.766982981E2
8.088320632E1,2.880006535E-2,5.696185399E-4,1.334931701E-3,9.995841384E-1,1.766992992E2,1.547884457E-1,-6.084074238E-2,1.766992136E2
8.088820632E1,2.879835410E-2,5.695018335E-4,1.327245845E-3,9.995841980E-1,1.766994954E2,1.539075863E-1,-6.085300374E-2,1.766994102E2
8.089320632E1,2.879608638E-2,5.675286520E-4,1.332393731E-3,9.995842576E-1,1.766997554E2,1.544905970E-1,-6.061034952E-2,1.766996702E2
8.089820632E1,2.879601712E-2,5.672777188E-4,1.333996654E-3,9.995842576E-1,1.766997633E2,1.546733702E-1,-6.057632791E-2,1.766996781E2
8.090320632E1,2.879824677E-2,5.685861106E-4,1.329964492E-3,9.995841980E-1,1.766995077E2,1.542159628E-1,-6.073915789E-2,1.766994225E2
8.090820632E1,2.879829832E-2,5.702469498E-4,1.328135841E-3,9.995841980E-1,1.766995018E2,1.540119857E-1,-6.093542378E-2,1.766994164E2
8.091320632E1,2.879812907E-2,5.704075447E-4,1.331731910E-3,9.995841980E-1,1.766995212E2,1.544244142E-1,-6.094197761E-2,1.766994356E2
8.091820632E1,2.879623018E-2,5.681682960E-4,1.329008956E-3,9.995842576E-1,1.766997389E2,1.541050102E-1,-6.069476404E-2,1.766996538E2
8.092320632E1,2.879232641E-2,5.660112947E-4,1.324841403E-3,9.995843768E-1,1.767001864E2,1.536202870E-1,-6.046204503E-2,1.767001019E2
8.092820632E1,2.879437069E-2,5.696894368E-4,1.323806471E-3,9.995843172E-1,1.766999520E2,1.535140025E-1,-6.088645473E-2,1.766998670E2
8.093320632E1,2.879218059E-2,5.685086944E-4,1.326939324E-3,9.995843768E-1,1.767002031E2,1.538688232E-1,-6.074120755E-2,1.767001181E2
8.093820632E1,2.877995009E-2,5.614216789E-4,1.325878431E-3,9.995847344E-1,1.767016052E2,1.537231865E-1,-5.993481396E-2,1.767015214E2
8.094320632E1,2.878010303E-2,5.614028778E-4,1.322562341E-3,9.995847344E-1,1.767015877E2,1.533432946E-1,-5.994357350E-2,1.767015041E2
8.094820632E1,2.877392702E-2,5.579766002E-4,1.323246630E-3,9.995849133E-1,1.767022957E2,1.534100075E-1,-5.954980501E-2,1.767022126E2
8.095320632E1,2.877143657E-2,5.567763001E-4,1.332844142E-3,9.995849729E-1,1.767025812E2,1.545052415E-1,-5.938105653E-2,1.767024977E2
8.095820632E1,2.877755343E-2,5.610468215E-4,1.333101653E-3,9.995847940E-1,1.767018800E2,1.545491850E-1,-5.986842448E-2,1.767017958E2
8.096320632E1,2.877972863E-2,5.634654663E-4,1.329812570E-3,9.995847344E-1,1.767016306E2,1.541805470E-1,-6.015597680E-2,1.767015462E2
8.096820632E1,2.877765625E-2,5.620824522E-4,1.330443192E-3,9.995847940E-1,1.767018682E2,1.542480953E-1,-5.999580085E-2,1.767017840E2
8.097320632E1,2.876915833E-2,5.547384499E-4,1.338159200E-3,9.995850325E-1,1.767028424E2,1.551071969E-1,-5.913046247E-2,1.767027589E2
8.097820632E1,2.877758993E-2,5.611379165E-4,1.332275104E-3,9.995847940E-1,1.767018758E2,1.544548112E-1,-5.988157898E-2,1.767017916E2
8.098320632E1,2.878571379E-2,5.670409882E-4,1.333154156E-3,9.995845556E-1,1.767009445E2,1.545754616E-1,-6.055358530E-2,1.767008593E2
8.098820632E1,2.878146702E-2,5.640115705E-4,1.336742891E-3,9.995846748E-1,1.767014313E2,1.549762811E-1,-6.019540404E-2,1.767013464E2
8.099320632E1,2.877337993E-2,5.568759516E-4,1.335549401E-3,9.995849133E-1,1.767023584E2,1.548155574E-1,-5.938325065E-2,1.767022747E2
8.099820632E1,2.876949119E-2,5.581529113E-4,1.329555525E-3,9.995850325E-1,1.767028042E2,1.541329724E-1,-5.954988182E-2,1.767027207E2
8.100320632E1,2.876747609E-2,5.564789753E-4,1.329047140E-3,9.995850921E-1,1.767030352E2,1.540691011E-1,-5.936012911E-2,1.767029520E2
8.100820632E1,2.876743651E-2,5.573793314E-4,1.329526654E-3,9.995850921E-1,1.767030398E2,1.541269927E-1,-5.946168487E-2,1.767029563E2
8.101320632E1,2.877159630E-2,5.604947219E-4,1.327828271E-3,9.995849729E-1,1.767025629E2,1.539429722E-1,-5.982349252E-2,1.767024791E2
8.101820632E1,2.877782581E-2,5.679709138E-4,1.324260491E-3,9.995847940E-1,1.767018487E2,1.535593324E-1,-6.069065188E-2,1.767017640E2
8.102320632E1,2.876953781E-2,5.607875646E-4,1.327436301E-3,9.995850325E-1,1.767027989E2,1.538989166E-1,-5.985864519E-2,1.767027150E2
8.102820632E1,2.876324803E-2,5.561618600E-4,1.331030740E-3,9.995852113E-1,1.767035199E2,1.542950149E-1,-5.931791894E-2,1.767034366E2
8.103320632E1,2.877137082E-2,5.614514812E-4,1.332302229E-3,9.995849729E-1,1.767025887E2,1.544585795E-1,-5.991836748E-2,1.767025045E2
8.103820632E1,2.877553373E-2,5.680432077E-4,1.329037594E-3,9.995848536E-1,1.767021115E2,1.541066213E-1,-6.068353223E-2,1.767020264E2
8.104320632E1,2.877559241E-2,5.679784226E-4,1.327794045E-3,9.995848536E-1,1.767021048E2,1.539639699E-1,-6.068020307E-2,1.767020198E2
8.104820632E1,2.880428999E-2,5.890660104E-4,1.324564568E-3,9.995840192E-1,1.766988149E2,1.536654040E-1,-6.310189771E-2,1.766987268E2
8.105320632E1,2.894037377E-2,6.968785892E-4,1.319621922E-3,9.995800257E-1,1.766832143E2,1.534654167E-1,-7.544659622E-2,1.766831096E2
8.105820632E1,2.888884474E-2,9.121447220E-4,1.324164914E-3,9.995813370E-1,1.766891216E2,1.546945989E-1,-1.000968372E-1,1.766889822E2
8.106320632E1,2.890937727E-2,1.112152357E-3,1.308000647E-3,9.995805621E-1,1.766867678E2,1.535078088E-1,-1.230568064E-1,1.766865980E2
8.106820632E1,2.900574837E-2,1.190852723E-3,1.291476423E-3,9.995777011E-1,1.766757198E2,1.518885543E-1,-1.321115322E-1,1.766755396E2
8.107320632E1,2.904349909E-2,1.126335119E-3,1.285189181E-3,9.995766878E-1,1.766713921E2,1.509586231E-1,-1.247366702E-1,1.766712229E2
8.107820632E1,2.902380620E-2,1.062521711E-3,1.274423325E-3,9.995773435E-1,1.766736497E2,1.495107386E-1,-1.174660575E-1,1.766734918E2
8.108320632E1,2.897215289E-2,1.069390797E-3,1.275232877E-3,9.995788336E-1,1.766795712E2,1.496202059E-1,-1.182579041E-1,1.766794122E2
8.108820632E1,2.898982792E-2,1.105687581E-3,1.263021142E-3,9.995782971E-1,1.766775449E2,1.483441152E-1,-1.224533831E-1,1.766773817E2
8.109320632E1,2.903774411E-2,1.038538176E-3,1.257076976E-3,9.995769858E-1,1.766720518E2,1.474456491E-1,-1.147745445E-1,1.766718997E2
8.109820632E1,2.906894836E-2,8.916766965E-4,1.264755148E-3,9.995762110E-1,1.766684746E2,1.478394495E-1,-9.792239792E-2,1.766683443E2
8.110320632E1,2.905579684E-2,7.572726463E-4,1.277649892E-3,9.995766878E-1,1.766699823E2,1.488676149E-1,-8.248634986E-2,1.766698714E2
8.110820632E1,2.901374208E-2,7.041092031E-4,1.284462865E-3,9.995779395E-1,1.766748034E2,1.494677551E-1,-7.638044785E-2,1.766747002E2
8.111320632E1,2.899261045E-2,7.174790953E-4,1.290355460E-3,9.995785356E-1,1.766772260E2,1.501855221E-1,-7.789546171E-2,1.766771202E2
8.111820632E1,2.901086700E-2,7.295680698E-4,1.288802363E-3,9.995779991E-1,1.766751330E2,1.500492401E-1,-7.928259238E-2,1.766750256E2
8.112320632E1,2.904213510E-2,7.059966447E-4,1.291133929E-3,9.995771050E-1,1.766715485E2,1.502403328E-1,-7.657019378E-2,1.766714445E2
8.112820632E1,2.904506280E-2,6.591241108E-4,1.296190661E-3,9.995770454E-1,1.766712128E2,1.506637514E-1,-7.118399594E-2,1.766711157E2
8.113320632E1,2.902092683E-2,6.295996718E-4,1.299896627E-3,9.995777607E-1,1.766739798E2,1.509883331E-1,-6.779348510E-2,1.766738870E2
8.113820632E1,2.900208238E-2,6.380887935E-4,1.303821453E-3,9.995782971E-1,1.766761401E2,1.514648335E-1,-6.875565923E-2,1.766760457E2
8.114320632E1,2.900983971E-2,6.601165514E-4,1.303062774E-3,9.995780587E-1,1.766752508E2,1.514516982E-1,-7.128013681E-2,1.766751530E2
8.114820632E1,2.902836979E-2,6.480905577E-4,1.307930797E-3,9.995775223E-1,1.766731265E2,1.519706128E-1,-6.988364006E-2,1.766730303E2
8.115320632E1,2.903121592E-2,5.938817631E-4,1.316025271E-3,9.995774627E-1,1.766728002E2,1.527176273E-1,-6.364703114E-2,1.766727119E2
8.115820632E1,2.901931287E-2,5.570470239E-4,1.323004602E-3,9.995778203E-1,1.766741648E2,1.533938076E-1,-5.940647104E-2,1.766740818E2
8.116320632E1,2.900466216E-2,5.673022242E-4,1.324684941E-3,9.995782375E-1,1.766758443E2,1.536194964E-1,-6.057779827E-2,1.766757597E2
8.116820632E1,2.899198152E-2,5.932592321E-4,1.321039745E-3,9.995785952E-1,1.766772981E2,1.532874362E-1,-6.356505892E-2,1.766772095E2
8.117320632E1,2.900004571E-2,6.046999479E-4,1.319249044E-3,9.995783567E-1,1.766763736E2,1.531208583E-1,-6.488023025E-2,1.766762834E2
8.117820632E1,2.901658041E-2,5.942519638E-4,1.321714488E-3,9.995778799E-1,1.766744780E2,1.533695890E-1,-6.367275368E-2,1.766743893E2
8.118320632E1,2.901896467E-2,5.681835464E-4,1.325903228E-3,9.995778203E-1,1.766742047E2,1.537628408E-1,-6.067249836E-2,1.766741198E2
8.118820632E1,2.899670401E-2,5.527666071E-4,1.325148507E-3,9.995784760E-1,1.766767567E2,1.536238103E-1,-5.891252366E-2,1.766766743E2
8.119320632E1,2.898826065E-2,5.671375548E-4,1.323962351E-3,9.995787144E-1,1.766777246E2,1.535351873E-1,-6.056385750E-2,1.766776400E2
8.119820632E1,2.898803754E-2,5.887394655E-4,1.319409930E-3,9.995787144E-1,1.766777502E2,1.530854858E-1,-6.305336874E-2,1.766776625E2
8.120320632E1,2.899839189E-2,5.885607097E-4,1.317739021E-3,9.995784163E-1,1.766765632E2,1.528941531E-1,-6.303686023E-2,1.766764756E2
8.120820632E1,2.900712955E-2,5.676251603E-4,1.315463800E-3,9.995781779E-1,1.766755615E2,1.525644978E-1,-6.064506085E-2,1.766754773E2
8.121320632E1,2.899716496E-2,5.511096679E-4,1.315718633E-3,9.995784760E-1,1.766767038E2,1.525382004E-1,-5.875399623E-2,1.766766222E2
8.121820632E1,2.898862731E-2,5.603784230E-4,1.318802359E-3,9.995787144E-1,1.766776826E2,1.529217112E-1,-5.980672904E-2,1.766775994E2
8.122320632E1,2.899057837E-2,5.799790961E-4,1.312602777E-3,9.995786548E-1,1.766774589E2,1.522768257E-1,-6.207215244E-2,1.766773730E2
8.122820632E1,2.899255769E-2,5.805054097E-4,1.314042252E-3,9.995785952E-1,1.766772320E2,1.524435800E-1,-6.212735411E-2,1.766771459E2
8.123320632E1,2.900718756E-2,5.730236880E-4,1.311839093E-3,9.995781779E-1,1.766755548E2,1.521672606E-1,-6.127546567E-2,1.766754701E2
8.123820632E1,2.900562108E-2,5.580506986E-4,1.307507046E-3,9.995782375E-1,1.766757344E2,1.516211859E-1,-5.957504842E-2,1.766756522E2
8.124320632E1,2.899974693E-2,5.519849947E-4,1.303672791E-3,9.995784163E-1,1.766764078E2,1.511614882E-1,-5.889389589E-2,1.766763268E2
8.124820632E1,2.899949617E-2,5.641111638E-4,1.304059988E-3,9.995784163E-1,1.766764366E2,1.512461238E-1,-6.028161822E-2,1.766763537E2
8.125320632E1,2.900956843E-2,5.799506325E-4,1.301523647E-3,9.995781183E-1,1.766752819E2,1.510088683E-1,-6.210282996E-2,1.766751967E2
8.125820632E1,2.901771358E-2,5.800599465E-4,1.303008874E-3,9.995778799E-1,1.766743481E2,1.511798608E-1,-6.210918184E-2,1.766742628E2
8.126320632E1,2.901987578E-2,5.665760837E-4,1.306508086E-3,9.995778203E-1,1.766741003E2,1.515359639E-1,-6.055273320E-2,1.766740168E2
8.126820632E1,2.901162000E-2,5.559308920E-4,1.312010805E-3,9.995780587E-1,1.766750467E2,1.521303719E-1,-5.931635590E-2,1.766749646E2
8.127320632E1,2.901143602E-2,5.691995029E-4,1.310388674E-3,9.995780587E-1,1.766750678E2,1.519886708E-1,-6.084160638E-2,1.766749837E2
8.127820632E1,2.900919458E-2,5.769938580E-4,1.311135013E-3,9.995781183E-1,1.766753248E2,1.520999346E-1,-6.173225685E-2,1.766752394E2
8.128320632E1,2.900729132E-2,5.723619834E-4,1.309832209E-3,9.995781779E-1,1.766755429E2,1.519351919E-1,-6.120632711E-2,1.766754584E2
8.128820632E1,2.901140280E-2,5.624913611E-4,1.314015826E-3,9.995780587E-1,1.766750716E2,1.523818327E-1,-6.006118051E-2,1.766749883E2
8.129320632E1,2.901538256E-2,5.611180095E-4,1.317408751E-3,9.995779395E-1,1.766746154E2,1.527661425E-1,-5.989198421E-2,1.766745321E2
8.129820632E1,2.901531541E-2,5.637923023E-4,1.317745773E-3,9.995779395E-1,1.766746231E2,1.528136346E-1,-6.019719599E-2,1.766745394E2
8.130320632E1,2.902124098E-2,5.755784805E-4,1.317802235E-3,9.995777607E-1,1.766739438E2,1.528596577E-1,-6.154612892E-2,1.766738582E2
8.130820632E1,2.902928165E-2,5.841932143E-4,1.317756483E-3,9.995775223E-1,1.766730220E2,1.528835715E-1,-6.253181046E-2,1.766729351E2
8.131320632E1,2.902746868E-2,5.766744143E-4,1.315791276E-3,9.995775819E-1,1.766732298E2,1.526333448E-1,-6.167739753E-2,1.766731442E2
8.131820632E1,2.901958280E-2,5.644098273E-4,1.313932240E-3,9.995778203E-1,1.766741338E2,1.523791301E-1,-6.027995875E-2,1.766740503E2
8.132320632E1,2.901763880E-2,5.623263423E-4,1.312414184E-3,9.995778799E-1,1.766743567E2,1.521982010E-1,-6.004665397E-2,1.766742736E2
8.132820632E1,2.901539774E-2,5.710862461E-4,1.312782872E-3,9.995779395E-1,1.766746136E2,1.522694253E-1,-6.104915690E-2,1.766745291E2
8.133320632E1,2.901738541E-2,5.755021120E-4,1.312304987E-3,9.995778799E-1,1.766743858E2,1.522294926E-1,-6.155625068E-2,1.766743006E2
8.133820632E1,2.901561378E-2,5.724131479E-4,1.307419036E-3,9.995779395E-1,1.766745889E2,1.516594584E-1,-6.121894653E-2,1.766745044E2
8.134320632E1,2.901370183E-2,5.629078951E-4,1.308406005E-3,9.995779991E-1,1.766748080E2,1.517407874E-1,-6.012719279E-2,1.766747250E2
8.134820632E1,2.900743294E-2,5.575917312E-4,1.313062734E-3,9.995781779E-1,1.766755267E2,1.522561360E-1,-5.950373435E-2,1.766754443E2
8.135320632E1,2.900935935E-2,5.609646905E-4,1.314441324E-3,9.995781183E-1,1.766753059E2,1.524253726E-1,-5.988520775E-2,1.766752228E2
8.135820632E1,2.900532370E-2,5.653789267E-4,1.310951076E-3,9.995782375E-1,1.766757685E2,1.520400186E-1,-6.040304519E-2,1.766756850E2
8.136320632E1,2.900536579E-2,5.595517578E-4,1.312519191E-3,9.995782375E-1,1.766757637E2,1.522002688E-1,-5.973036370E-2,1.766756810E2
8.136820632E1,2.899927813E-2,5.534348311E-4,1.313449582E-3,9.995784163E-1,1.766764616E2,1.522861468E-1,-5.902754598E-2,1.766763797E2
8.137320632E1,2.899321632E-2,5.471889162E-4,1.313806279E-3,9.995785952E-1,1.766771565E2,1.523058933E-1,-5.831185672E-2,1.766770756E2
8.137820632E1,2.899524151E-2,5.507227615E-4,1.312984503E-3,9.995785356E-1,1.766769243E2,1.522236248E-1,-5.871905692E-2,1.766768430E2
8.138320632E1,2.899498754E-2,5.539778504E-4,1.317216782E-3,9.995785356E-1,1.766769534E2,1.527192062E-1,-5.907788172E-2,1.766768713E2
8.138820632E1,2.899893794E-2,5.600039731E-4,1.318167662E-3,9.995784163E-1,1.766765006E2,1.528483833E-1,-5.976437011E-2,1.766764174E2
8.139320632E1,2.900313692E-2,5.607125931E-4,1.315880101E-3,9.995782971E-1,1.766760192E2,1.525889644E-1,-5.985249863E-2,1.766759361E2
8.139820632E1,2.899718478E-2,5.530762137E-4,1.314456109E-3,9.995784760E-1,1.766767016E2,1.524001226E-1,-5.898344309E-2,1.766766197E2
8.140320632E1,2.899712028E-2,5.534603260E-4,1.315716654E-3,9.995784760E-1,1.766767089E2,1.525457825E-1,-5.902326173E-2,1.766766270E2
8.140820632E1,2.900106628E-2,5.622432800E-4,1.315586618E-3,9.995783567E-1,1.766762566E2,1.525603111E-1,-6.002911994E-2,1.766761733E2
8.141320632E1,2.900312401E-2,5.663242773E-4,1.313759829E-3,9.995782971E-1,1.766760207E2,1.523647521E-1,-6.050232815E-2,1.766759368E2
8.141820632E1,2.900666051E-2,5.610773806E-4,1.328550512E-3,9.995781779E-1,1.766756153E2,1.540417010E-1,-5.985162816E-2,1.766755313E2
8.142320632E1,2.900303301E-2,5.534618977E-4,1.321229036E-3,9.995782971E-1,1.766760311E2,1.531775444E-1,-5.900421852E-2,1.766759488E2
8.142820632E1,2.899855933E-2,5.540175480E-4,1.328982064E-3,9.995784163E-1,1.766765440E2,1.540671859E-1,-5.904278618E-2,1.766764611E2
8.143320632E1,2.899266818E-2,5.560361315E-4,1.322161290E-3,9.995785952E-1,1.766772193E2,1.532922692E-1,-5.929757074E-2,1.766771366E2
8.143820632E1,2.899487447E-2,5.583469174E-4,1.317860791E-3,9.995785356E-1,1.766769664E2,1.528074842E-1,-5.957620648E-2,1.766768836E2
8.144320632E1,2.900079242E-2,5.571541260E-4,1.323763398E-3,9.995783567E-1,1.766762880E2,1.534799779E-1,-5.941905925E-2,1.766762050E2
8.144820632E1,2.899294058E-2,5.482098204E-4,1.319453586E-3,9.995785952E-1,1.766771881E2,1.529561318E-1,-5.841007368E-2,1.766771067E2
8.145320632E1,2.899089990E-2,5.473048659E-4,1.319513773E-3,9.995786548E-1,1.766774220E2,1.529599000E-1,-5.830652952E-2,1.766773408E2
8.145820632E1,2.898866056E-2,5.468689487E-4,1.323733479E-3,9.995787144E-1,1.766776788E2,1.534416613E-1,-5.824292318E-2,1.766775974E2
8.146320632E1,2.898877710E-2,5.508136819E-4,1.319539035E-3,9.995787144E-1,1.766776654E2,1.529743264E-1,-5.870868183E-2,1.766775836E2
8.146820632E1,2.900091356E-2,5.546478205E-4,1.322161057E-3,9.995783567E-1,1.766762741E2,1.532881176E-1,-5.913728536E-2,1.766761916E2
8.147320632E1,2.900104782E-2,5.483335117E-4,1.321849762E-3,9.995783567E-1,1.766762587E2,1.532314831E-1,-5.841503775E-2,1.766761772E2
8.147820632E1,2.899505693E-2,5.469767493E-4,1.318614581E-3,9.995785356E-1,1.766769455E2,1.528560556E-1,-5.827129756E-2,1.766768644E2
8.148320632E1,2.899500270E-2,5.539465928E-4,1.316896174E-3,9.995785356E-1,1.766769517E2,1.526823796E-1,-5.907536434E-2,1.766768696E2
8.148820632E1,2.899913274E-2,5.607991479E-4,1.313535962E-3,9.995784163E-1,1.766764782E2,1.523205064E-1,-5.987081405E-2,1.766763953E2
8.149320632E1,2.899921639E-2,5.521234707E-4,1.315363334E-3,9.995784163E-1,1.766764686E2,1.525009929E-1,-5.887098819E-2,1.766763869E2
8.149820632E1,2.900103212E-2,5.453084596E-4,1.323444769E-3,9.995783567E-1,1.766762605E2,1.534041260E-1,-5.806324002E-2,1.766761794E2
8.150320632E1,2.900707937E-2,5.552165094E-4,1.321850810E-3,9.995781779E-1,1.766755672E2,1.532548361E-1,-5.920251056E-2,1.766754846E2
8.150820632E1,2.900099755E-2,5.554559175E-4,1.319977571E-3,9.995783567E-1,1.766762645E2,1.530407042E-1,-5.923709105E-2,1.766761819E2
8.151320632E1,2.900101303E-2,5.524210283E-4,1.320910756E-3,9.995783567E-1,1.766762627E2,1.531375089E-1,-5.888636124E-2,1.766761806E2
8.151820632E1,2.899865426E-2,5.505511654E-4,1.328351093E-3,9.995784163E-1,1.766765331E2,1.539833982E-1,-5.864781751E-2,1.766764508E2
8.152320632E1,2.900293173E-2,5.491807824E-4,1.325232675E-3,9.995782971E-1,1.766760427E2,1.536219000E-1,-5.850055473E-2,1.766759609E2
8.152820632E1,2.900494747E-2,5.505697918E-4,1.325497753E-3,9.995782375E-1,1.766758116E2,1.536569979E-1,-5.865846553E-2,1.766757296E2
8.153320632E1,2.901087525E-2,5.609811633E-4,1.326251775E-3,9.995780587E-1,1.766751321E2,1.537783282E-1,-5.984759973E-2,1.766750483E2
8.153820632E1,2.902728127E-2,5.755510065E-4,1.320409472E-3,9.995775819E-1,1.766732513E2,1.531585802E-1,-6.153338561E-2,1.766731656E2
8.154320632E1,2.901943506E-2,5.648403312E-4,1.317006536E-3,9.995778203E-1,1.766741508E2,1.527326933E-1,-6.031906909E-2,1.766740670E2
8.154820632E1,2.901354608E-2,5.491900956E-4,1.317656832E-3,9.995779991E-1,1.766748259E2,1.527547888E-1,-5.852517832E-2,1.766747445E2
8.155320632E1,2.901328184E-2,5.549308844E-4,1.321065472E-3,9.995779991E-1,1.766748562E2,1.531642985E-1,-5.917145426E-2,1.766747737E2
8.155820632E1,2.901924349E-2,5.734956358E-4,1.317486982E-3,9.995778203E-1,1.766741727E2,1.528164979E-1,-6.130890702E-2,1.766740876E2
8.156320632E1,2.902134248E-2,5.759778433E-4,1.315390109E-3,9.995777607E-1,1.766739321E2,1.525846991E-1,-6.159987966E-2,1.766738467E2
8.156820632E1,2.901964409E-2,5.671516992E-4,1.311395550E-3,9.995778203E-1,1.766741268E2,1.520976911E-1,-6.060244795E-2,1.766740430E2
8.157320632E1,2.901980817E-2,5.607906496E-4,1.310499851E-3,9.995778203E-1,1.766741080E2,1.519739498E-1,-5.987678662E-2,1.766740252E2
8.157820632E1,2.901373729E-2,5.603573518E-4,1.308714505E-3,9.995779991E-1,1.766748040E2,1.517676458E-1,-5.983401424E-2,1.766747214E2
8.158320632E1,2.901758484E-2,5.692185950E-4,1.310634776E-3,9.995778799E-1,1.766743629E2,1.520172979E-1,-6.084203995E-2,1.766742788E2
8.158820632E1,2.901968539E-2,5.780208739E-4,1.305723446E-3,9.995778203E-1,1.766741221E2,1.514841386E-1,-6.186629439E-2,1.766740369E2
8.159320632E1,2.902788335E-2,5.760696367E-4,1.306877937E-3,9.995775819E-1,1.766731823E2,1.516103943E-1,-6.163771074E-2,1.766730973E2
8.159820632E1,2.902224412E-2,5.655325367E-4,1.299938653E-3,9.995777607E-1,1.766738288E2,1.507801511E-1,-6.045469152E-2,1.766737459E2
8.160320632E1,2.901831143E-2,5.605818587E-4,1.298211515E-3,9.995778799E-1,1.766742796E2,1.505656175E-1,-5.989396149E-2,1.766741976E2
8.160820632E1,2.901351212E-2,5.702617927E-4,1.309427782E-3,9.995779991E-1,1.766748298E2,1.518822653E-1,-6.096616357E-2,1.766747456E2
8.161320632E1,2.902563509E-2,5.910930922E-4,1.304513658E-3,9.995776415E-1,1.766734400E2,1.513894163E-1,-6.336675028E-2,1.766733529E2
8.161820632E1,2.902985957E-2,5.904253921E-4,1.302155084E-3,9.995775223E-1,1.766729557E2,1.511173036E-1,-6.329747617E-2,1.766728688E2
8.162320632E1,2.902626604E-2,5.694925785E-4,1.300075673E-3,9.995776415E-1,1.766733677E2,1.508092620E-1,-6.090722488E-2,1.766732842E2
8.162820632E1,2.901996025E-2,5.612315726E-4,1.306938473E-3,9.995778203E-1,1.766740906E2,1.515674928E-1,-5.993911170E-2,1.766740079E2
8.163320632E1,2.902010535E-2,5.744005903E-4,1.297964365E-3,9.995778203E-1,1.766740739E2,1.505833727E-1,-6.147735503E-2,1.766739898E2
8.163820632E1,2.901579640E-2,5.846528802E-4,1.297915354E-3,9.995779395E-1,1.766745679E2,1.506115849E-1,-6.265249746E-2,1.766744822E2
8.164320632E1,2.902606268E-2,5.899714306E-4,1.295475988E-3,9.995776415E-1,1.766733910E2,1.503505066E-1,-6.326826821E-2,1.766733046E2
8.164820632E1,2.903439662E-2,5.818429054E-4,1.296358998E-3,9.995774031E-1,1.766724356E2,1.504251306E-1,-6.233300974E-2,1.766723504E2
8.165320632E1,2.902854464E-2,5.724543007E-4,1.293711830E-3,9.995775819E-1,1.766731065E2,1.500903171E-1,-6.126729559E-2,1.766730229E2
8.165820632E1,2.901406525E-2,5.713139544E-4,1.296650851E-3,9.995779991E-1,1.766747664E2,1.504222836E-1,-6.112907895E-2,1.766746828E2
8.166320632E1,2.901948100E-2,5.895705544E-4,1.305102021E-3,9.995778203E-1,1.766741455E2,1.514513559E-1,-6.319132938E-2,1.766740586E2
8.166820632E1,2.902757268E-2,5.956943496E-4,1.304979203E-3,9.995775819E-1,1.766732179E2,1.514581707E-1,-6.389195091E-2,1.766731300E2
8.167320632E1,2.902377435E-2,5.817701458E-4,1.304433215E-3,9.995777011E-1,1.766736533E2,1.513490747E-1,-6.229941956E-2,1.766735677E2
8.167820632E1,2.902196652E-2,5.681659677E-4,1.304978039E-3,9.995777607E-1,1.766738606E2,1.513661216E-1,-6.073961522E-2,1.766737770E2
8.168320632E1,2.902402938E-2,5.702938652E-4,1.303826575E-3,9.995777011E-1,1.766736241E2,1.512414320E-1,-6.098686878E-2,1.766735402E2
8.168820632E1,2.904038569E-2,5.850910093E-4,1.298621879E-3,9.995772243E-1,1.766717490E2,1.506955119E-1,-6.269662590E-2,1.766716632E2
8.169320632E1,2.903842706E-2,5.845612613E-4,1.296778442E-3,9.995772839E-1,1.766719735E2,1.504824727E-1,-6.264237650E-2,1.766718879E2
8.169820632E1,2.901799028E-2,5.699542235E-4,1.301305252E-3,9.995778799E-1,1.766743164E2,1.509511330E-1,-6.095726304E-2,1.766742328E2
8.170320632E1,2.900568879E-2,5.590100191E-4,1.305593760E-3,9.995782375E-1,1.766757267E2,1.514052243E-1,-5.969128140E-2,1.766756444E2
8.170820632E1,2.900537304E-2,5.597766140E-4,1.312263077E-3,9.995782375E-1,1.766757629E2,1.521716805E-1,-5.975696964E-2,1.766756801E2
8.171320632E1,2.901763961E-2,5.690679536E-4,1.309487037E-3,9.995778799E-1,1.766743566E2,1.518853343E-1,-6.082859321E-2,1.766742726E2
8.171820632E1,2.902355307E-2,5.747174146E-4,1.312458538E-3,9.995777011E-1,1.766736787E2,1.522448508E-1,-6.146491893E-2,1.766735936E2
8.172320632E1,2.902154186E-2,5.739913322E-4,1.311854809E-3,9.995777607E-1,1.766739093E2,1.521731590E-1,-6.138406528E-2,1.766738243E2
8.172820632E1,2.900326572E-2,5.596030387E-4,1.313511399E-3,9.995782971E-1,1.766760044E2,1.523139647E-1,-5.973325964E-2,1.766759216E2
8.173320632E1,2.900098553E-2,5.582551239E-4,1.319060568E-3,9.995783567E-1,1.766762658E2,1.529449699E-1,-5.956077067E-2,1.766761829E2
8.173820632E1,2.901534084E-2,5.701006157E-4,1.314467750E-3,9.995779395E-1,1.766746201E2,1.524591363E-1,-6.093066607E-2,1.766745357E2
8.174320632E1,2.902749850E-2,5.785543472E-4,1.314307330E-3,9.995775819E-1,1.766732264E2,1.524696241E-1,-6.189766266E-2,1.766731406E2
8.174820632E1,2.902165585E-2,5.762981600E-4,1.308317063E-3,9.995777607E-1,1.766738962E2,1.517756127E-1,-6.166004494E-2,1.766738111E2
8.175320632E1,2.901135528E-2,5.693278508E-4,1.312119304E-3,9.995780587E-1,1.766750770E2,1.521873250E-1,-6.085056648E-2,1.766749928E2
8.175820632E1,2.901114415E-2,5.675943685E-4,1.317527145E-3,9.995780587E-1,1.766751013E2,1.528009817E-1,-6.063406148E-2,1.766750170E2
8.176320632E1,2.901904011E-2,5.742486101E-4,1.321632299E-3,9.995778203E-1,1.766741961E2,1.532938084E-1,-6.138140126E-2,1.766741105E2
8.176820632E1,2.903117875E-2,5.851846654E-4,1.320732874E-3,9.995774627E-1,1.766728045E2,1.532279147E-1,-6.263518235E-2,1.766727173E2
8.177320632E1,2.903924798E-2,5.919808755E-4,1.320752315E-3,9.995772243E-1,1.766718794E2,1.532532644E-1,-6.341233995E-2,1.766717911E2
8.177820632E1,2.902296059E-2,5.817131605E-4,1.322440454E-3,9.995777011E-1,1.766737466E2,1.534114454E-1,-6.223312566E-2,1.766736598E2
8.178320632E1,2.901687892E-2,5.756796454E-4,1.323379809E-3,9.995778799E-1,1.766744438E2,1.534986002E-1,-6.153983730E-2,1.766743579E2
8.178820632E1,2.900848663E-2,5.712063285E-4,1.329208142E-3,9.995781183E-1,1.766754059E2,1.541508101E-1,-6.100936317E-2,1.766753204E2
8.179320632E1,2.901662179E-2,5.779850762E-4,1.328004641E-3,9.995778799E-1,1.766744733E2,1.540359948E-1,-6.178856999E-2,1.766743868E2
8.179820632E1,2.901465328E-2,5.769494455E-4,1.326600322E-3,9.995779395E-1,1.766746990E2,1.538715741E-1,-6.167491811E-2,1.766746127E2
8.180320632E1,2.900636929E-2,5.693336134E-4,1.331393374E-3,9.995781779E-1,1.766756486E2,1.543947598E-1,-6.078791918E-2,1.766755633E2
8.180820632E1,2.899636467E-2,5.640034797E-4,1.327836304E-3,9.995784760E-1,1.766767956E2,1.539690000E-1,-6.019075300E-2,1.766767112E2
8.181320632E1,2.899226761E-2,5.604933831E-4,1.329045161E-3,9.995785952E-1,1.766772653E2,1.540955577E-1,-5.978530980E-2,1.766771814E2
8.181820632E1,2.899437073E-2,5.626751808E-4,1.327070757E-3,9.995785356E-1,1.766770242E2,1.538767779E-1,-6.004145602E-2,1.766769401E2
8.182320632E1,2.900251775E-2,5.699440953E-4,1.325525576E-3,9.995782971E-1,1.766760902E2,1.537244365E-1,-6.087794249E-2,1.766760051E2
8.182820632E1,2.899445430E-2,5.644079647E-4,1.324506593E-3,9.995785356E-1,1.766770146E2,1.535888321E-1,-6.024844163E-2,1.766769304E2
8.183320632E1,2.899016697E-2,5.602161982E-4,1.330155297E-3,9.995786548E-1,1.766775061E2,1.542216701E-1,-5.975019596E-2,1.766774222E2
8.183820632E1,2.899395743E-2,5.643726327E-4,1.335354056E-3,9.995785356E-1,1.766770715E2,1.548311915E-1,-6.020842968E-2,1.766769867E2
8.184320632E1,2.900425006E-2,5.724090734E-4,1.331493724E-3,9.995782375E-1,1.766758916E2,1.544163479E-1,-6.114018618E-2,1.766758057E2
8.184820632E1,2.899999066E-2,5.704435171E-4,1.335614827E-3,9.995783567E-1,1.766763799E2,1.548816005E-1,-6.090200750E-2,1.766762941E2
8.185320632E1,2.898794845E-2,5.603192258E-4,1.333665685E-3,9.995787144E-1,1.766777604E2,1.546239720E-1,-5.975067835E-2,1.766776763E2
8.185820632E1,2.899185412E-2,5.650659441E-4,1.336110057E-3,9.995785952E-1,1.766773127E2,1.549199634E-1,-6.028565798E-2,1.766772277E2
8.186320632E1,2.899171772E-2,5.651956308E-4,1.339011826E-3,9.995785952E-1,1.766773283E2,1.552527649E-1,-6.029089333E-2,1.766772431E2
8.186820632E1,2.899355658E-2,5.656193825E-4,1.343505108E-3,9.995785356E-1,1.766771175E2,1.557689602E-1,-6.032421669E-2,1.766770320E2
8.187320632E1,2.900358707E-2,5.742902867E-4,1.345056458E-3,9.995782375E-1,1.766759676E2,1.559760832E-1,-6.131069104E-2,1.766758806E2
8.187820632E1,2.900996532E-2,5.790920695E-4,1.338316477E-3,9.995780587E-1,1.766752364E2,1.552204173E-1,-6.188211382E-2,1.766751490E2
8.188320632E1,2.900785469E-2,5.766889662E-4,1.340583316E-3,9.995781183E-1,1.766754784E2,1.554719496E-1,-6.159964702E-2,1.766753912E2
8.188820632E1,2.899975346E-2,5.708405515E-4,1.340586343E-3,9.995783567E-1,1.766764071E2,1.554523605E-1,-6.093100046E-2,1.766763209E2
8.189320632E1,2.901000738E-2,5.800197250E-4,1.337002381E-3,9.995780587E-1,1.766752316E2,1.550729828E-1,-6.199273252E-2,1.766751441E2
8.189820632E1,2.901205999E-2,5.833169562E-4,1.335590379E-3,9.995779991E-1,1.766749963E2,1.549223371E-1,-6.237478397E-2,1.766749084E2
8.190320632E1,2.900408570E-2,5.776046310E-4,1.332829590E-3,9.995782375E-1,1.766759104E2,1.545866220E-1,-6.173088762E-2,1.766758236E2
8.190820632E1,2.899605772E-2,5.698638270E-4,1.332030399E-3,9.995784760E-1,1.766768308E2,1.544688616E-1,-6.084812760E-2,1.766767452E2
8.191320632E1,2.900832404E-2,5.794160534E-4,1.329203020E-3,9.995781183E-1,1.766754245E2,1.541775056E-1,-6.194977379E-2,1.766753377E2
8.191820632E1,2.900829859E-2,5.798625643E-4,1.329563675E-3,9.995781183E-1,1.766754275E2,1.542202990E-1,-6.199972365E-2,1.766753405E2
8.192320632E1,2.901012981E-2,5.817980855E-4,1.333568827E-3,9.995780587E-1,1.766752175E2,1.546856115E-1,-6.220782722E-2,1.766751300E2
8.192820632E1,2.901388686E-2,5.857339711E-4,1.339451177E-3,9.995779395E-1,1.766747868E2,1.553727169E-1,-6.263851698E-2,1.766746983E2
8.193320632E1,2.901845547E-2,5.890810862E-4,1.327926177E-3,9.995778203E-1,1.766742631E2,1.540640208E-1,-6.305952095E-2,1.766741748E2
8.193820632E1,2.900421308E-2,5.793195451E-4,1.329308841E-3,9.995782375E-1,1.766758958E2,1.541890512E-1,-6.193900178E-2,1.766758090E2
8.194320632E1,2.900595448E-2,5.808687420E-4,1.335441601E-3,9.995781779E-1,1.766756962E2,1.548967764E-1,-6.209579836E-2,1.766756087E2
8.194820632E1,2.902192418E-2,5.938257673E-4,1.339689596E-3,9.995777011E-1,1.766738654E2,1.554274426E-1,-6.356333495E-2,1.766737756E2
8.195320632E1,2.901997043E-2,5.921769189E-4,1.338269096E-3,9.995777607E-1,1.766740894E2,1.552591258E-1,-6.337949829E-2,1.766740000E2
8.195820632E1,2.900580066E-2,5.817374913E-4,1.338401227E-3,9.995781779E-1,1.766757138E2,1.552386606E-1,-6.218549403E-2,1.766756260E2
8.196320632E1,2.899721639E-2,5.747951800E-4,1.349305152E-3,9.995784163E-1,1.766766979E2,1.564640306E-1,-6.135539916E-2,1.766766106E2
8.196820632E1,2.900124577E-2,5.792491720E-4,1.349112368E-3,9.995782971E-1,1.766762360E2,1.564569989E-1,-6.186558392E-2,1.766761479E2
8.197320632E1,2.900544886E-2,5.820916267E-4,1.345850760E-3,9.995781779E-1,1.766757542E2,1.560931114E-1,-6.220135120E-2,1.766756659E2
8.197820632E1,2.900532006E-2,5.849198205E-4,1.347399550E-3,9.995781779E-1,1.766757689E2,1.562799082E-1,-6.252017388E-2,1.766756801E2
8.198320632E1,2.900551807E-2,5.854222691E-4,1.342911157E-3,9.995781779E-1,1.766757462E2,1.557674745E-1,-6.259261388E-2,1.766756576E2
8.198820632E1,2.899931248E-2,5.801059306E-4,1.346136793E-3,9.995783567E-1,1.766764576E2,1.561188936E-1,-6.197391079E-2,1.766763696E2
8.199320632E1,2.899536625E-2,5.769926356E-4,1.343960059E-3,9.995784760E-1,1.766769100E2,1.558589731E-1,-6.162515276E-2,1.766768227E2
8.199820632E1,2.900724627E-2,5.873598275E-4,1.349088387E-3,9.995781183E-1,1.766755481E2,1.564815852E-1,-6.279374521E-2,1.766754588E2
8.200320632E1,2.901118107E-2,5.906455917E-4,1.351368148E-3,9.995779991E-1,1.766750970E2,1.567538883E-1,-6.316191214E-2,1.766750070E2
8.200820632E1,2.900293469E-2,5.847943830E-4,1.354564098E-3,9.995782375E-1,1.766760424E2,1.570999945E-1,-6.248236682E-2,1.766759531E2
8.201320632E1,2.898690724E-2,5.724497023E-4,1.351031824E-3,9.995787144E-1,1.766778798E2,1.566533854E-1,-6.108261850E-2,1.766777927E2
8.201820632E1,2.898314601E-2,5.710503901E-4,1.344101154E-3,9.995788336E-1,1.766783110E2,1.558546442E-1,-6.094594502E-2,1.766782245E2
8.202320632E1,2.899520775E-2,5.801538355E-4,1.346017118E-3,9.995784760E-1,1.766769282E2,1.561050903E-1,-6.198043671E-2,1.766768402E2
8.202820632E1,2.900729495E-2,5.916008959E-4,1.346185571E-3,9.995781183E-1,1.766755425E2,1.561631879E-1,-6.328917252E-2,1.766754527E2
8.203320632E1,2.900940527E-2,5.919443793E-4,1.344817574E-3,9.995780587E-1,1.766753006E2,1.560077684E-1,-6.333273420E-2,1.766752108E2
8.203820632E1,2.899731617E-2,5.821846426E-4,1.343982294E-3,9.995784163E-1,1.766766865E2,1.558788938E-1,-6.221948433E-2,1.766765983E2
8.204320632E1,2.898716448E-2,5.745568196E-4,1.344602904E-3,9.995787144E-1,1.766778503E2,1.559240096E-1,-6.134528980E-2,1.766777633E2
8.204820632E1,2.899123683E-2,5.800135550E-4,1.343080890E-3,9.995785952E-1,1.766773834E2,1.557680521E-1,-6.197474352E-2,1.766772956E2
8.205320632E1,2.900158679E-2,5.878832890E-4,1.338001224E-3,9.995782971E-1,1.766761969E2,1.552130069E-1,-6.289143757E-2,1.766761082E2
8.205820632E1,2.900144789E-2,5.891614710E-4,1.340447459E-3,9.995782971E-1,1.766762128E2,1.554974467E-1,-6.302973643E-2,1.766761237E2
8.206320632E1,2.898745939E-2,5.767979310E-4,1.337265479E-3,9.995787144E-1,1.766778165E2,1.550910179E-1,-6.162632164E-2,1.766777295E2
8.206820632E1,2.898340688E-2,5.744016380E-4,1.337029273E-3,9.995788336E-1,1.766782810E2,1.550557527E-1,-6.135325557E-2,1.766781945E2
8.207320632E1,2.898960825E-2,5.805492401E-4,1.333608758E-3,9.995786548E-1,1.766775701E2,1.546847591E-1,-6.206782340E-2,1.766774828E2
8.207820632E1,2.899933972E-2,5.910244654E-4,1.340789837E-3,9.995783567E-1,1.766764545E2,1.555427222E-1,-6.324232008E-2,1.766763651E2
8.208320632E1,2.900128435E-2,5.910525215E-4,1.343150390E-3,9.995782971E-1,1.766762316E2,1.558133246E-1,-6.323738606E-2,1.766761420E2
8.208820632E1,2.899119190E-2,5.866235588E-4,1.341178548E-3,9.995785952E-1,1.766773886E2,1.555721094E-1,-6.273820219E-2,1.766772998E2
8.209320632E1,2.898321062E-2,5.807923735E-4,1.338521950E-3,9.995788336E-1,1.766783035E2,1.552479440E-1,-6.208034445E-2,1.766782159E2
8.209820632E1,2.898115839E-2,5.823837128E-4,1.337754540E-3,9.995788932E-1,1.766785388E2,1.551652000E-1,-6.226548912E-2,1.766784510E2
8.210320632E1,2.900333500E-2,5.995195243E-4,1.339471666E-3,9.995782375E-1,1.766759965E2,1.554202230E-1,-6.421913122E-2,1.766759058E2
8.210820632E1,2.900527039E-2,6.032135570E-4,1.340384712E-3,9.995781779E-1,1.766757746E2,1.555372099E-1,-6.463892200E-2,1.766756833E2
8.211320632E1,2.898288506E-2,5.863114493E-4,1.343157142E-3,9.995788336E-1,1.766783409E2,1.557971867E-1,-6.269717351E-2,1.766782521E2
8.211820632E1,2.897281326E-2,5.802074447E-4,1.341310795E-3,9.995791316E-1,1.766794955E2,1.555648006E-1,-6.200570025E-2,1.766794078E2
8.212320632E1,2.897910216E-2,5.853138282E-4,1.336482936E-3,9.995789528E-1,1.766787745E2,1.550291487E-1,-6.260565633E-2,1.766786863E2
8.212820632E1,2.898306937E-2,5.912214401E-4,1.337013789E-3,9.995788336E-1,1.766783197E2,1.551098251E-1,-6.327995543E-2,1.766782305E2
8.213320632E1,2.898906874E-2,5.950585473E-4,1.338930451E-3,9.995786548E-1,1.766776320E2,1.553424937E-1,-6.371217228E-2,1.766775420E2
8.213820632E1,2.898927595E-2,5.959232221E-4,1.334050670E-3,9.995786548E-1,1.766776082E2,1.547864320E-1,-6.382739352E-2,1.766775185E2
8.214320632E1,2.897946921E-2,5.878864322E-4,1.327363658E-3,9.995789528E-1,1.766787325E2,1.539931607E-1,-6.293055821E-2,1.766786444E2
8.214820632E1,2.896299505E-2,5.765090464E-4,1.332825166E-3,9.995794296E-1,1.766806211E2,1.545799411E-1,-6.161176501E-2,1.766805344E2
8.215320632E1,2.897321947E-2,5.840340164E-4,1.330834813E-3,9.995791316E-1,1.766794489E2,1.543775746E-1,-6.247872752E-2,1.766793612E2
8.215820632E1,2.899947643E-2,6.054446567E-4,1.331365667E-3,9.995783567E-1,1.766764388E2,1.545111769E-1,-6.492535301E-2,1.766763477E2
8.216320632E1,2.899143871E-2,5.997740664E-4,1.329980325E-3,9.995785952E-1,1.766773603E2,1.543331326E-1,-6.428166979E-2,1.766772702E2
8.216820632E1,2.897328095E-2,5.861843238E-4,1.328548882E-3,9.995791316E-1,1.766794419E2,1.541228794E-1,-6.273261117E-2,1.766793540E2
8.217320632E1,2.897119154E-2,5.849467707E-4,1.329812803E-3,9.995791912E-1,1.766796814E2,1.542634136E-1,-6.258698369E-2,1.766795937E2
8.217820632E1,2.899161620E-2,6.024274044E-4,1.324902405E-3,9.995785952E-1,1.766773399E2,1.537603167E-1,-6.460243479E-2,1.766772497E2
8.218320632E1,2.899590240E-2,6.062439643E-4,1.319289673E-3,9.995784760E-1,1.766768486E2,1.531303738E-1,-6.505758666E-2,1.766767581E2
8.218820632E1,2.898963960E-2,6.016438711E-4,1.323539414E-3,9.995786548E-1,1.766775665E2,1.536014641E-1,-6.451751828E-2,1.766774765E2
8.219320632E1,2.898559025E-2,5.991749931E-4,1.323315897E-3,9.995787740E-1,1.766780307E2,1.535673992E-1,-6.423608949E-2,1.766779412E2
8.219820632E1,2.897932593E-2,5.945545272E-4,1.327521866E-3,9.995789528E-1,1.766787489E2,1.540334186E-1,-6.369384077E-2,1.766786598E2
8.220320632E1,2.897719423E-2,5.927648162E-4,1.329972059E-3,9.995790124E-1,1.766789933E2,1.543079934E-1,-6.348103358E-2,1.766789043E2
8.220820632E1,2.899512510E-2,6.056592101E-4,1.336529269E-3,9.995784760E-1,1.766769377E2,1.551030644E-1,-6.493344422E-2,1.766768462E2
8.221320632E1,2.899925404E-2,6.096215802E-4,1.334300498E-3,9.995783567E-1,1.766764643E2,1.548612096E-1,-6.539407296E-2,1.766763724E2
8.221820632E1,2.898512760E-2,5.989704514E-4,1.333502936E-3,9.995787740E-1,1.766780838E2,1.547335498E-1,-6.417889498E-2,1.766779936E2
8.222320632E1,2.897309610E-2,5.885989522E-4,1.331509324E-3,9.995791316E-1,1.766794631E2,1.544699848E-1,-6.299939017E-2,1.766793746E2
8.222820632E1,2.898512898E-2,5.994138191E-4,1.333273831E-3,9.995787740E-1,1.766780836E2,1.547087801E-1,-6.423044056E-2,1.766779934E2
8.223320632E1,2.899504046E-2,6.070521777E-4,1.337733003E-3,9.995784760E-1,1.766769474E2,1.552455675E-1,-6.508901281E-2,1.766768556E2
8.223820632E1,2.898900937E-2,6.035754923E-4,1.336401212E-3,9.995786548E-1,1.766776388E2,1.550810765E-1,-6.469614265E-2,1.766775476E2
8.224320632E1,2.898284710E-2,5.982994917E-4,1.338682370E-3,9.995788336E-1,1.766783452E2,1.553244457E-1,-6.408519167E-2,1.766782548E2
8.224820632E1,2.897450541E-2,5.918605602E-4,1.344083343E-3,9.995790720E-1,1.766793015E2,1.559211772E-1,-6.333101807E-2,1.766792118E2
8.225320632E1,2.897444990E-2,5.922325654E-4,1.345115714E-3,9.995790720E-1,1.766793079E2,1.560406604E-1,-6.337020965E-2,1.766792180E2
8.225820632E1,2.898459058E-2,5.971233477E-4,1.345945988E-3,9.995787740E-1,1.766781453E2,1.561526514E-1,-6.392607532E-2,1.766780546E2
8.226320632E1,2.899275716E-2,6.036279374E-4,1.344217104E-3,9.995785356E-1,1.766772091E2,1.559767533E-1,-6.467560076E-2,1.766771175E2
8.226820632E1,2.898271903E-2,5.938970135E-4,1.343407086E-3,9.995788336E-1,1.766783599E2,1.558510007E-1,-6.356524501E-2,1.766782699E2
8.227320632E1,2.896660711E-2,5.814172910E-4,1.341570867E-3,9.995793104E-1,1.766802070E2,1.555982213E-1,-6.214438270E-2,1.766801190E2
8.227820632E1,2.897260777E-2,5.847280845E-4,1.343783922E-3,9.995791316E-1,1.766795191E2,1.558630785E-1,-6.251533045E-2,1.766794305E2
8.228320632E1,2.898675243E-2,5.963695585E-4,1.343987999E-3,9.995787144E-1,1.766778975E2,1.559260106E-1,-6.384590000E-2,1.766778070E2
8.228820632E1,2.899481853E-2,6.011312362E-4,1.345196273E-3,9.995784760E-1,1.766769728E2,1.560807481E-1,-6.438604529E-2,1.766768815E2
8.229320632E1,2.898246858E-2,5.914945505E-4,1.349854749E-3,9.995788336E-1,1.766783886E2,1.565815435E-1,-6.326868372E-2,1.766782986E2
8.229820632E1,2.897850960E-2,5.869455636E-4,1.348561142E-3,9.995789528E-1,1.766788425E2,1.564180116E-1,-6.275254353E-2,1.766787532E2
8.230320632E1,2.897238767E-2,5.826883717E-4,1.349403756E-3,9.995791316E-1,1.766795443E2,1.565000083E-1,-6.226307089E-2,1.766794557E2
8.230820632E1,2.898265605E-2,5.920685362E-4,1.345571131E-3,9.995788336E-1,1.766783671E2,1.560928009E-1,-6.334862761E-2,1.766782772E2
8.231320632E1,2.899678180E-2,6.035925471E-4,1.346066012E-3,9.995784163E-1,1.766767478E2,1.561886766E-1,-6.466477532E-2,1.766766560E2
8.231820632E1,2.898847489E-2,5.975808599E-4,1.350613427E-3,9.995786548E-1,1.766777001E2,1.566890448E-1,-6.396236858E-2,1.766776090E2
8.232320632E1,2.897428465E-2,5.862585967E-4,1.351277926E-3,9.995790720E-1,1.766793268E2,1.567266555E-1,-6.266549663E-2,1.766792375E2
8.232820632E1,2.897449941E-2,5.880393437E-4,1.345888595E-3,9.995790720E-1,1.766793022E2,1.561152686E-1,-6.288733003E-2,1.766792129E2
8.233320632E1,2.898446753E-2,5.958947004E-4,1.349136466E-3,9.995787740E-1,1.766781595E2,1.565140112E-1,-6.377476413E-2,1.766780687E2
8.233820632E1,2.898835863E-2,5.993882078E-4,1.352306805E-3,9.995786548E-1,1.766777134E2,1.568890070E-1,-6.416378115E-2,1.766776219E2
8.234320632E1,2.898236003E-2,5.943237920E-4,1.350942301E-3,9.995788336E-1,1.766784011E2,1.567155058E-1,-6.358915946E-2,1.766783105E2
8.234820632E1,2.897626692E-2,5.910090404E-4,1.350794220E-3,9.995790124E-1,1.766790996E2,1.566871492E-1,-6.321092370E-2,1.766790095E2
8.235320632E1,2.897226929E-2,5.870190216E-4,1.350068254E-3,9.995791316E-1,1.766795579E2,1.565904938E-1,-6.275693044E-2,1.766794685E2
8.235820632E1,2.897627771E-2,5.919183022E-4,1.350164646E-3,9.995790124E-1,1.766790983E2,1.566180556E-1,-6.331716243E-2,1.766790082E2
8.236320632E1,2.899248787E-2,6.044165348E-4,1.349659986E-3,9.995785356E-1,1.766772400E2,1.566028030E-1,-6.474788795E-2,1.766771479E2
8.236820632E1,2.899459969E-2,6.075848360E-4,1.347012585E-3,9.995784760E-1,1.766769979E2,1.563102248E-1,-6.511926106E-2,1.766769055E2
8.237320632E1,2.897851908E-2,5.950594204E-4,1.344796270E-3,9.995789528E-1,1.766788414E2,1.560137161E-1,-6.369443265E-2,1.766787511E2
8.237820632E1,2.896420257E-2,5.847489228E-4,1.347614569E-3,9.995793700E-1,1.766804826E2,1.563013981E-1,-6.250631348E-2,1.766803938E2
8.238320632E1,2.898055154E-2,5.975716631E-4,1.344187534E-3,9.995788932E-1,1.766786084E2,1.559524625E-1,-6.398389770E-2,1.766785177E2
8.238820632E1,2.899888449E-2,6.122854538E-4,1.341095194E-3,9.995783567E-1,1.766765067E2,1.556483268E-1,-6.567667940E-2,1.766764139E2
8.239320632E1,2.899098500E-2,6.057844730E-4,1.337127062E-3,9.995785952E-1,1.766774123E2,1.551716849E-1,-6.494644866E-2,1.766773208E2
8.239820632E1,2.897667666E-2,5.951854400E-4,1.340128947E-3,9.995790124E-1,1.766790526E2,1.554794052E-1,-6.372465312E-2,1.766789626E2
8.240320632E1,2.897059926E-2,5.898501840E-4,1.340507180E-3,9.995791912E-1,1.766797493E2,1.555046286E-1,-6.311322455E-2,1.766796601E2
8.240820632E1,2.897873622E-2,5.965263117E-4,1.339456649E-3,9.995789528E-1,1.766788165E2,1.554069820E-1,-6.388015326E-2,1.766787263E2
8.241320632E1,2.898868670E-2,6.044094916E-4,1.343007316E-3,9.995786548E-1,1.766776758E2,1.558405129E-1,-6.476977659E-2,1.766775841E2
8.241820632E1,2.900072244E-2,6.155112060E-4,1.344296965E-3,9.995782971E-1,1.766762960E2,1.560259104E-1,-6.603524085E-2,1.766762024E2
8.242320632E1,2.899472957E-2,6.103516207E-4,1.342959818E-3,9.995784760E-1,1.766769830E2,1.558552086E-1,-6.544962329E-2,1.766768904E2
8.242820632E1,2.896641821E-2,5.879900418E-4,1.342784264E-3,9.995793104E-1,1.766802286E2,1.557590152E-1,-6.289324946E-2,1.766801396E2
8.243320632E1,2.896440561E-2,5.859874655E-4,1.342703705E-3,9.995793700E-1,1.766804593E2,1.557430138E-1,-6.266444858E-2,1.766803706E2
8.243820632E1,2.899886412E-2,6.140304031E-4,1.340737799E-3,9.995783567E-1,1.766765090E2,1.556131871E-1,-6.587774244E-2,1.766764160E2
8.244320632E1,2.900305912E-2,6.169759436E-4,1.337517053E-3,9.995782375E-1,1.766760281E2,1.552543384E-1,-6.622518566E-2,1.766759348E2
8.244820632E1,2.897899957E-2,5.993555533E-4,1.332478016E-3,9.995789528E-1,1.766787863E2,1.546170372E-1,-6.422735804E-2,1.766786961E2
8.245320632E1,2.896061147E-2,5.855837953E-4,1.335957786E-3,9.995794892E-1,1.766808943E2,1.549687340E-1,-6.264118990E-2,1.766808061E2
8.245820632E1,2.896466915E-2,5.901420955E-4,1.335177920E-3,9.995793700E-1,1.766804291E2,1.548947903E-1,-6.316527249E-2,1.766803402E2
8.246320632E1,2.897301893E-2,5.957543617E-4,1.330005238E-3,9.995791316E-1,1.766794719E2,1.543214549E-1,-6.382400056E-2,1.766793824E2
8.246820632E1,2.898289835E-2,6.039509899E-4,1.335030072E-3,9.995788336E-1,1.766783393E2,1.549248730E-1,-6.474465546E-2,1.766782482E2
8.247320632E1,2.898307599E-2,6.045088521E-4,1.330914674E-3,9.995788336E-1,1.766783190E2,1.544553450E-1,-6.482219583E-2,1.766782281E2
8.247820632E1,2.895453039E-2,5.827155546E-4,1.335231587E-3,9.995796680E-1,1.766815914E2,1.548756541E-1,-6.231600412E-2,1.766815037E2
8.248320632E1,2.894048664E-2,5.710250698E-4,1.332396292E-3,9.995800853E-1,1.766832014E2,1.545112407E-1,-6.098851443E-2,1.766831157E2
8.248820632E1,2.896263115E-2,5.896299845E-4,1.334991073E-3,9.995794296E-1,1.766806628E2,1.548715597E-1,-6.310754951E-2,1.766805739E2
8.249320632E1,2.898082353E-2,6.045685150E-4,1.335164416E-3,9.995788932E-1,1.766785772E2,1.549421777E-1,-6.481526425E-2,1.766784860E2
8.249820632E1,2.897466596E-2,5.990785430E-4,1.337407972E-3,9.995790720E-1,1.766792831E2,1.551805338E-1,-6.417992953E-2,1.766791926E2
8.250320632E1,2.895441042E-2,5.827861023E-4,1.337799942E-3,9.995796680E-1,1.766816052E2,1.551700695E-1,-6.231558162E-2,1.766815173E2
8.250820632E1,2.894004485E-2,5.728919059E-4,1.341162017E-3,9.995800853E-1,1.766832521E2,1.555214638E-1,-6.117334618E-2,1.766831655E2
8.251320632E1,2.895010518E-2,5.804779357E-4,1.342895441E-3,9.995797873E-1,1.766820987E2,1.557458004E-1,-6.203496015E-2,1.766820109E2
8.251820632E1,2.897452394E-2,5.984245217E-4,1.340773189E-3,9.995790720E-1,1.766792994E2,1.555638172E-1,-6.409386415E-2,1.766792088E2
8.252320632E1,2.897275211E-2,5.979128182E-4,1.334840315E-3,9.995791316E-1,1.766795025E2,1.548824318E-1,-6.405522555E-2,1.766794124E2
8.252820632E1,2.895851447E-2,5.869546439E-4,1.336216112E-3,9.995795488E-1,1.766811347E2,1.550027416E-1,-6.279767943E-2,1.766810462E2
8.253320632E1,2.893827778E-2,5.723355571E-4,1.335091190E-3,9.995801449E-1,1.766834546E2,1.548241356E-1,-6.113002689E-2,1.766833685E2
8.253820632E1,2.894451828E-2,5.769210984E-4,1.331712701E-3,9.995799661E-1,1.766827392E2,1.544527431E-1,-6.166551012E-2,1.766826526E2
8.254320632E1,2.895669363E-2,5.868097651E-4,1.331141684E-3,9.995796084E-1,1.766813434E2,1.544209029E-1,-6.279820525E-2,1.766812553E2
8.254820632E1,2.896875828E-2,5.969164777E-4,1.332696294E-3,9.995792508E-1,1.766799604E2,1.546332842E-1,-6.394883761E-2,1.766798705E2
8.255320632E1,2.895668530E-2,5.867231521E-4,1.331361127E-3,9.995796084E-1,1.766813444E2,1.544457508E-1,-6.278755742E-2,1.766812563E2
8.255820632E1,2.893431745E-2,5.705783260E-4,1.332423650E-3,9.995802641E-1,1.766839086E2,1.545125166E-1,-6.093820574E-2,1.766838230E2
8.256320632E1,2.894046185E-2,5.744311493E-4,1.331470325E-3,9.995800853E-1,1.766832043E2,1.544164720E-1,-6.138173332E-2,1.766831180E2
8.256820632E1,2.895689606E-2,5.897504743E-4,1.325426274E-3,9.995796084E-1,1.766813202E2,1.537760103E-1,-6.315397835E-2,1.766812320E2
8.257320632E1,2.896716971E-2,5.984426243E-4,1.321790856E-3,9.995793104E-1,1.766801425E2,1.533891005E-1,-6.416009381E-2,1.766800531E2
8.257820632E1,2.895106812E-2,5.852670874E-4,1.319859759E-3,9.995797873E-1,1.766819884E2,1.531231580E-1,-6.265980007E-2,1.766819012E2
8.258320632E1,2.893065538E-2,5.692959530E-4,1.323027536E-3,9.995803833E-1,1.766843285E2,1.534317757E-1,-6.082303523E-2,1.766842436E2
8.258820632E1,2.893266895E-2,5.709728575E-4,1.323305303E-3,9.995803237E-1,1.766840976E2,1.534692748E-1,-6.101388371E-2,1.766840125E2
8.259320632E1,2.895507344E-2,5.887404550E-4,1.320733805E-3,9.995796680E-1,1.766815292E2,1.532350511E-1,-6.305413774E-2,1.766814414E2
8.259820632E1,2.895502982E-2,5.912730703E-4,1.320558600E-3,9.995796680E-1,1.766815342E2,1.532233836E-1,-6.334482020E-2,1.766814460E2
8.260320632E1,2.893852938E-2,5.780607462E-4,1.327147475E-3,9.995801449E-1,1.766834258E2,1.539332351E-1,-6.181211393E-2,1.766833393E2
8.260820632E1,2.892034321E-2,5.624528858E-4,1.326242578E-3,9.995806813E-1,1.766855106E2,1.537767314E-1,-6.003013397E-2,1.766854266E2
8.261320632E1,2.891840587E-2,5.614844849E-4,1.323971897E-3,9.995807409E-1,1.766857327E2,1.535133134E-1,-5.992703274E-2,1.766856490E2
8.261820632E1,2.892230481E-2,5.667831865E-4,1.326545957E-3,9.995806217E-1,1.766852858E2,1.538259521E-1,-6.052483462E-2,1.766852011E2
8.262320632E1,2.893234725E-2,5.750807468E-4,1.328549581E-3,9.995803237E-1,1.766841345E2,1.540835746E-1,-6.146707774E-2,1.766840484E2
8.262820632E1,2.893241928E-2,5.761230714E-4,1.326527912E-3,9.995803237E-1,1.766841262E2,1.538554656E-1,-6.159316099E-2,1.766840401E2
8.263320632E1,2.891200483E-2,5.593242822E-4,1.329669030E-3,9.995809197E-1,1.766864665E2,1.541583434E-1,-5.966170297E-2,1.766863828E2
8.263820632E1,2.890199354E-2,5.521061830E-4,1.326287282E-3,9.995812178E-1,1.766876142E2,1.537464798E-1,-5.884766029E-2,1.766875319E2
8.264320632E1,2.892421211E-2,5.701209302E-4,1.328442013E-3,9.995805621E-1,1.766850671E2,1.540543127E-1,-6.090057344E-2,1.766849818E2
8.264820632E1,2.894479651E-2,5.857630167E-4,1.321768388E-3,9.995799661E-1,1.766827073E2,1.533430313E-1,-6.271123549E-2,1.766826199E2
8.265320632E1,2.893063793E-2,5.749004195E-4,1.320984098E-3,9.995803833E-1,1.766843305E2,1.532162930E-1,-6.147176772E-2,1.766842448E2
8.265820632E1,2.891225122E-2,5.607060739E-4,1.323716249E-3,9.995809197E-1,1.766864383E2,1.534810823E-1,-5.983966299E-2,1.766863547E2
8.266320632E1,2.891234760E-2,5.607925705E-4,1.321572694E-3,9.995809197E-1,1.766864273E2,1.532358437E-1,-5.985665784E-2,1.766863438E2
8.266820632E1,2.891628156E-2,5.638175062E-4,1.324377605E-3,9.995808005E-1,1.766859763E2,1.535673885E-1,-6.019324715E-2,1.766858922E2
8.267320632E1,2.892240005E-2,5.689341342E-4,1.323545468E-3,9.995806217E-1,1.766852748E2,1.534894000E-1,-6.078114178E-2,1.766851900E2
8.267820632E1,2.892654559E-2,5.731226993E-4,1.321170712E-3,9.995805025E-1,1.766847996E2,1.532315236E-1,-6.126815009E-2,1.766847142E2
8.268320632E1,2.891476963E-2,5.641218740E-4,1.312215580E-3,9.995808601E-1,1.766861496E2,1.521752215E-1,-6.026864138E-2,1.766860662E2
8.268820632E1,2.890677564E-2,5.565186730E-4,1.309968648E-3,9.995810986E-1,1.766870660E2,1.518921801E-1,-5.940640358E-2,1.766869839E2
8.269320632E1,2.891900668E-2,5.662166514E-4,1.308745821E-3,9.995807409E-1,1.766856639E2,1.517849801E-1,-6.051943819E-2,1.766855803E2
8.269820632E1,2.893726416E-2,5.818401114E-4,1.308053150E-3,9.995802045E-1,1.766835708E2,1.517585551E-1,-6.230852827E-2,1.766834849E2
8.270320632E1,2.893542705E-2,5.807830021E-4,1.303607016E-3,9.995802641E-1,1.766837814E2,1.512456585E-1,-6.220246488E-2,1.766836960E2
8.270820632E1,2.891901800E-2,5.666922661E-4,1.308289939E-3,9.995807409E-1,1.766856626E2,1.517343385E-1,-6.057542585E-2,1.766855790E2
8.271320632E1,2.890456989E-2,5.547280889E-4,1.313912217E-3,9.995811582E-1,1.766873189E2,1.523378292E-1,-5.918857652E-2,1.766872368E2
8.271820632E1,2.891477347E-2,5.636377609E-4,1.312338980E-3,9.995808601E-1,1.766861492E2,1.521877523E-1,-6.021277987E-2,1.766860658E2
8.272320632E1,2.893328145E-2,5.782419466E-4,1.306652441E-3,9.995803237E-1,1.766840274E2,1.515859338E-1,-6.190163075E-2,1.766839421E2
8.272820632E1,2.893327642E-2,5.791855510E-4,1.306345686E-3,9.995803237E-1,1.766840280E2,1.515539254E-1,-6.201073233E-2,1.766839426E2
8.273320632E1,2.892731467E-2,5.742485519E-4,1.303727855E-3,9.995805025E-1,1.766847114E2,1.512373328E-1,-6.145481288E-2,1.766846270E2
8.273820632E1,2.892314899E-2,5.706626107E-4,1.306323102E-3,9.995806217E-1,1.766851890E2,1.515224601E-1,-6.103609501E-2,1.766851049E2
8.274320632E1,2.892350677E-2,5.701358314E-4,1.298608724E-3,9.995806217E-1,1.766851480E2,1.506371020E-1,-6.100127074E-2,1.766850644E2
8.274820632E1,2.893384390E-2,5.794372992E-4,1.293603214E-3,9.995803237E-1,1.766839629E2,1.500952252E-1,-6.208173214E-2,1.766838783E2
8.275320632E1,2.894795162E-2,5.896041403E-4,1.295784838E-3,9.995799065E-1,1.766823456E2,1.503797204E-1,-6.323692174E-2,1.766822593E2
8.275820632E1,2.893801680E-2,5.827927380E-4,1.290865825E-3,9.995802045E-1,1.766834846E2,1.497930612E-1,-6.247452676E-2,1.766833996E2
8.276320632E1,2.892787843E-2,5.747524556E-4,1.290934044E-3,9.995805025E-1,1.766846468E2,1.497735869E-1,-6.155485769E-2,1.766845630E2
8.276820632E1,2.893408184E-2,5.792782758E-4,1.288341708E-3,9.995803237E-1,1.766839357E2,1.494920400E-1,-6.208092685E-2,1.766838514E2
8.277320632E1,2.894857841E-2,5.909428583E-4,1.281088917E-3,9.995799065E-1,1.766822738E2,1.487008764E-1,-6.343892037E-2,1.766821881E2
8.277820632E1,2.895283102E-2,5.944862496E-4,1.276352094E-3,9.995797873E-1,1.766817863E2,1.481703303E-1,-6.385987597E-2,1.766817004E2
8.278320632E1,2.894658639E-2,5.893987254E-4,1.280304743E-3,9.995799661E-1,1.766825021E2,1.486058055E-1,-6.326494759E-2,1.766824168E2
8.278820632E1,2.893628803E-2,5.817457568E-4,1.283918042E-3,9.995802641E-1,1.766836827E2,1.489936564E-1,-6.237789940E-2,1.766835983E2
8.279320632E1,2.893433064E-2,5.804605316E-4,1.282207319E-3,9.995803237E-1,1.766839071E2,1.487933199E-1,-6.223664925E-2,1.766838230E2
8.279820632E1,2.894467763E-2,5.882871919E-4,1.277431380E-3,9.995800257E-1,1.766827210E2,1.482728721E-1,-6.314744314E-2,1.766826360E2
8.280320632E1,2.895094981E-2,5.931922933E-4,1.272941940E-3,9.995798469E-1,1.766820019E2,1.477753054E-1,-6.372325422E-2,1.766819165E2
8.280820632E1,2.894484917E-2,5.883894628E-4,1.273491303E-3,9.995800257E-1,1.766827013E2,1.478219113E-1,-6.317220108E-2,1.766826165E2
8.281320632E1,2.893855713E-2,5.835600896E-4,1.278345357E-3,9.995802045E-1,1.766834226E2,1.483614989E-1,-6.260386132E-2,1.766833383E2
8.281820632E1,2.894068470E-2,5.854886840E-4,1.275903312E-3,9.995801449E-1,1.766831787E2,1.480883078E-1,-6.283255236E-2,1.766830942E2
8.282320632E1,2.894655866E-2,5.891767214E-4,1.281033852E-3,9.995799661E-1,1.766825053E2,1.486885822E-1,-6.323710407E-2,1.766824200E2
8.282820632E1,2.895034699E-2,5.929265753E-4,1.286701532E-3,9.995798469E-1,1.766820710E2,1.493504597E-1,-6.364725889E-2,1.766819847E2
8.283320632E1,2.895847921E-2,5.997894914E-4,1.285738894E-3,9.995796084E-1,1.766811387E2,1.492634891E-1,-6.443534019E-2,1.766810515E2
8.283820632E1,2.895454994E-2,5.954634980E-4,1.283562509E-3,9.995797276E-1,1.766815892E2,1.489995902E-1,-6.394763414E-2,1.766815027E2
8.284320632E1,2.894022053E-2,5.844407133E-4,1.286865212E-3,9.995801449E-1,1.766832319E2,1.493404195E-1,-6.267622895E-2,1.766831469E2
8.284820632E1,2.894625124E-2,5.887826555E-4,1.288141706E-3,9.995799661E-1,1.766825406E2,1.495014153E-1,-6.316843477E-2,1.766824548E2
8.285320632E1,2.896265296E-2,6.023523165E-4,1.283204416E-3,9.995794892E-1,1.766806603E2,1.489819562E-1,-6.473668349E-2,1.766805728E2
8.285820632E1,2.895874940E-2,5.998381530E-4,1.279616263E-3,9.995796084E-1,1.766811078E2,1.485623595E-1,-6.446119177E-2,1.766810209E2
8.286320632E1,2.894446314E-2,5.879650125E-4,1.282429788E-3,9.995800257E-1,1.766827455E2,1.488443260E-1,-6.309399229E-2,1.766826603E2
8.286820632E1,2.894643915E-2,5.887426669E-4,1.283930615E-3,9.995799661E-1,1.766825190E2,1.490189406E-1,-6.317779487E-2,1.766824335E2
8.287320632E1,2.895448767E-2,5.965685123E-4,1.284453901E-3,9.995797276E-1,1.766815963E2,1.491053562E-1,-6.407125787E-2,1.766815096E2
8.287820632E1,2.895468961E-2,5.954850931E-4,1.280397992E-3,9.995797276E-1,1.766815732E2,1.486371954E-1,-6.396058692E-2,1.766814869E2
8.288320632E1,2.894849664E-2,5.918154493E-4,1.282532932E-3,9.995799065E-1,1.766822831E2,1.488691689E-1,-6.353409182E-2,1.766821973E2
8.288820632E1,2.894835789E-2,5.910838954E-4,1.285997569E-3,9.995799065E-1,1.766822991E2,1.492635854E-1,-6.343882445E-2,1.766822131E2
8.289320632E1,2.894641813E-2,5.900289980E-4,1.283813850E-3,9.995799661E-1,1.766825214E2,1.490098317E-1,-6.332552613E-2,1.766824358E2
8.289820632E1,2.893841846E-2,5.833717296E-4,1.281566336E-3,9.995802045E-1,1.766834385E2,1.487298085E-1,-6.257162513E-2,1.766833540E2
8.290320632E1,2.895266170E-2,5.946060410E-4,1.280131633E-3,9.995797873E-1,1.766818057E2,1.486036393E-1,-6.386108255E-2,1.766817195E2
8.290820632E1,2.895476766E-2,5.956591922E-4,1.278550713E-3,9.995797276E-1,1.766815642E2,1.484261840E-1,-6.398664661E-2,1.766814781E2
8.291320632E1,2.893651315E-2,5.820068181E-4,1.278715557E-3,9.995802641E-1,1.766836569E2,1.483986242E-1,-6.242501999E-2,1.766835728E2
8.291820632E1,2.893232919E-2,5.790751311E-4,1.281530247E-3,9.995803833E-1,1.766841366E2,1.487110475E-1,-6.208050337E-2,1.766840527E2
8.292320632E1,2.895032023E-2,5.916788941E-4,1.287877443E-3,9.995798469E-1,1.766820741E2,1.494810117E-1,-6.350044804E-2,1.766819879E2
8.292820632E1,2.894415969E-2,5.875012721E-4,1.289471867E-3,9.995800257E-1,1.766827803E2,1.496493944E-1,-6.301756156E-2,1.766826947E2
8.293320632E1,2.894419373E-2,5.876600626E-4,1.288635191E-3,9.995800257E-1,1.766827764E2,1.495540872E-1,-6.303852000E-2,1.766826908E2
8.293820632E1,2.893617050E-2,5.805602996E-4,1.287099556E-3,9.995802641E-1,1.766836962E2,1.493541404E-1,-6.223158083E-2,1.766836118E2
8.294320632E1,2.893390050E-2,5.800197832E-4,1.292075263E-3,9.995803237E-1,1.766839564E2,1.499221429E-1,-6.215350958E-2,1.766838718E2
8.294820632E1,2.893600962E-2,5.815601908E-4,1.290261047E-3,9.995802641E-1,1.766837147E2,1.497195750E-1,-6.233565268E-2,1.766836299E2
8.295320632E1,2.894009098E-2,5.842151004E-4,1.289877458E-3,9.995801449E-1,1.766832468E2,1.496846970E-1,-6.264041607E-2,1.766831616E2
8.295820632E1,2.893597509E-2,5.813223543E-4,1.291142311E-3,9.995802641E-1,1.766837186E2,1.498197275E-1,-6.230549304E-2,1.766836338E2
8.296320632E1,2.892751931E-2,5.739209009E-4,1.299323980E-3,9.995805025E-1,1.766846880E2,1.507318228E-1,-6.143185020E-2,1.766846038E2
8.296820632E1,2.892982412E-2,5.759130581E-4,1.292966073E-3,9.995804429E-1,1.766844238E2,1.500103108E-1,-6.168076905E-2,1.766843397E2
8.297320632E1,2.893393749E-2,5.800699582E-4,1.291224035E-3,9.995803237E-1,1.766839522E2,1.498248086E-1,-6.216207365E-2,1.766838676E2
8.297820632E1,2.892955627E-2,5.760575878E-4,1.298881252E-3,9.995804429E-1,1.766844545E2,1.506883202E-1,-6.167775436E-2,1.766843700E2
8.298320632E1,2.892968599E-2,5.753613659E-4,1.296298229E-3,9.995804429E-1,1.766844396E2,1.503901508E-1,-6.160655031E-2,1.766843554E2
8.298820632E1,2.892168167E-2,5.702340859E-4,1.293323701E-3,9.995806813E-1,1.766853572E2,1.500319499E-1,-6.103031618E-2,1.766852740E2
8.299320632E1,2.892559001E-2,5.719434121E-4,1.297291717E-3,9.995805621E-1,1.766849092E2,1.504923662E-1,-6.121236896E-2,1.766848254E2
8.299820632E1,2.892772842E-2,5.736861494E-4,1.294764108E-3,9.995805025E-1,1.766846640E2,1.502087527E-1,-6.142004520E-2,1.766845802E2
8.300320632E1,2.893179941E-2,5.779698840E-4,1.293929759E-3,9.995803833E-1,1.766841973E2,1.501276365E-1,-6.191287363E-2,1.766841129E2
8.300820632E1,2.892789256E-2,5.746941897E-4,1.290643355E-3,9.995805025E-1,1.766846452E2,1.497400980E-1,-6.154914522E-2,1.766845615E2
8.301320632E1,2.892577289E-2,5.730720586E-4,1.292707748E-3,9.995805621E-1,1.766848882E2,1.499710536E-1,-6.135681522E-2,1.766848046E2
8.301820632E1,2.892763764E-2,5.748824333E-4,1.296260976E-3,9.995805025E-1,1.766846744E2,1.503841698E-1,-6.155212335E-2,1.766845903E2
8.302320632E1,2.893785758E-2,5.822176463E-4,1.294688904E-3,9.995802045E-1,1.766835028E2,1.502290537E-1,-6.239599982E-2,1.766834177E2
8.302820632E1,2.893770571E-2,5.816047778E-4,1.298353658E-3,9.995802045E-1,1.766835202E2,1.506467864E-1,-6.231366984E-2,1.766834349E2
8.303320632E1,2.893173607E-2,5.771979922E-4,1.295689377E-3,9.995803833E-1,1.766842046E2,1.503266265E-1,-6.181863408E-2,1.766841201E2
8.303820632E1,2.893374850E-2,5.788309500E-4,1.296006260E-3,9.995803237E-1,1.766839739E2,1.503684624E-1,-6.200432545E-2,1.766838892E2
8.304320632E1,2.893359767E-2,5.791367730E-4,1.299232943E-3,9.995803237E-1,1.766839912E2,1.507390635E-1,-6.202867968E-2,1.766839062E2
8.304820632E1,2.892954201E-2,5.755209713E-4,1.299436786E-3,9.995804429E-1,1.766844561E2,1.507501732E-1,-6.161444889E-2,1.766843717E2
8.305320632E1,2.893158769E-2,5.775887985E-4,1.298824558E-3,9.995803833E-1,1.766842216E2,1.506870284E-1,-6.185302632E-2,1.766841369E2
8.305820632E1,2.893153213E-2,5.766701070E-4,1.300469274E-3,9.995803833E-1,1.766842279E2,1.508723708E-1,-6.174235167E-2,1.766841433E2
8.306320632E1,2.892535017E-2,5.726048257E-4,1.302337740E-3,9.995805621E-1,1.766849366E2,1.510725343E-1,-6.127143972E-2,1.766848525E2
8.306820632E1,2.892752131E-2,5.733605358E-4,1.299526892E-3,9.995805025E-1,1.766846877E2,1.507532076E-1,-6.136699106E-2,1.766846037E2
8.307320632E1,2.893148390E-2,5.763112567E-4,1.301700715E-3,9.995803833E-1,1.766842335E2,1.510122320E-1,-6.169717227E-2,1.766841488E2
8.307820632E1,2.893552344E-2,5.796373007E-4,1.301976503E-3,9.995802641E-1,1.766837704E2,1.510551003E-1,-6.207662421E-2,1.766836852E2
8.308320632E1,2.893141071E-2,5.770870484E-4,1.302983263E-3,9.995803833E-1,1.766842419E2,1.511617074E-1,-6.178179309E-2,1.766841570E2
8.308820632E1,2.892725831E-2,5.738201435E-4,1.305166166E-3,9.995805025E-1,1.766847179E2,1.514006587E-1,-6.140098213E-2,1.766846334E2
8.309320632E1,2.893135211E-2,5.771786091E-4,1.304243226E-3,9.995803833E-1,1.766842486E2,1.513063282E-1,-6.178811238E-2,1.766841636E2
8.309820632E1,2.893138544E-2,5.777670885E-4,1.303242869E-3,9.995803833E-1,1.766842448E2,1.511936968E-1,-6.185883040E-2,1.766841598E2
8.310320632E1,2.892729615E-2,5.730519188E-4,1.304664882E-3,9.995805025E-1,1.766847136E2,1.513406953E-1,-6.131464296E-2,1.766846292E2
8.310820632E1,2.892322029E-2,5.710026599E-4,1.304594683E-3,9.995806217E-1,1.766851808E2,1.513256120E-1,-6.108076338E-2,1.766850968E2
8.311320632E1,2.893146246E-2,5.762694636E-4,1.302195829E-3,9.995803833E-1,1.766842359E2,1.510688043E-1,-6.169074689E-2,1.766841512E2
8.311820632E1,2.893775304E-2,5.814138567E-4,1.297383802E-3,9.995802045E-1,1.766835148E2,1.505350653E-1,-6.229501009E-2,1.766834296E2
8.312320632E1,2.893582507E-2,5.809406866E-4,1.294671441E-3,9.995802641E-1,1.766837358E2,1.502226922E-1,-6.225009578E-2,1.766836509E2
8.312820632E1,2.893385389E-2,5.791228614E-4,1.293520443E-3,9.995803237E-1,1.766839618E2,1.500847022E-1,-6.204598828E-2,1.766838772E2
8.313320632E1,2.893374896E-2,5.794956232E-4,1.295698807E-3,9.995803237E-1,1.766839738E2,1.503354496E-1,-6.208147879E-2,1.766838890E2
8.313820632E1,2.893176804E-2,5.782925291E-4,1.294486807E-3,9.995803833E-1,1.766842009E2,1.501925106E-1,-6.194798839E-2,1.766841164E2
8.314320632E1,2.893180074E-2,5.776248290E-4,1.294054091E-3,9.995803833E-1,1.766841972E2,1.501407339E-1,-6.187293741E-2,1.766841128E2
8.314820632E1,2.893769686E-2,5.815568729E-4,1.298572286E-3,9.995802045E-1,1.766835212E2,1.506716694E-1,-6.230745899E-2,1.766834359E2
8.315320632E1,2.893591996E-2,5.805524415E-4,1.292723464E-3,9.995802641E-1,1.766837249E2,1.499982821E-1,-6.221206987E-2,1.766836402E2
8.315820632E1,2.893389145E-2,5.797041231E-4,1.292419503E-3,9.995803237E-1,1.766839575E2,1.499605262E-1,-6.211621274E-2,1.766838729E2
8.316320632E1,2.894190600E-2,5.859919474E-4,1.294529648E-3,9.995800853E-1,1.766830387E2,1.502235831E-1,-6.282824111E-2,1.766829530E2
8.316820632E1,2.894802937E-2,5.905612488E-4,1.293610199E-3,9.995799065E-1,1.766823367E2,1.501338094E-1,-6.335375447E-2,1.766822504E2
8.317320632E1,2.894428042E-2,5.873414339E-4,1.286832034E-3,9.995800257E-1,1.766827665E2,1.493464955E-1,-6.300799101E-2,1.766826811E2
8.317820632E1,2.893240858E-2,5.779663334E-4,1.280237804E-3,9.995803833E-1,1.766841275E2,1.485593348E-1,-6.195777107E-2,1.766840439E2
8.318320632E1,2.892613846E-2,5.733753787E-4,1.284366241E-3,9.995805621E-1,1.766848463E2,1.490166141E-1,-6.141915397E-2,1.766847631E2
8.318820632E1,2.894242996E-2,5.861583631E-4,1.282685902E-3,9.995800853E-1,1.766829786E2,1.488675416E-1,-6.288650572E-2,1.766828936E2
8.319320632E1,2.894447784E-2,5.883396370E-4,1.281926176E-3,9.995800257E-1,1.766827439E2,1.487878839E-1,-6.313857131E-2,1.766826586E2
8.319820632E1,2.894245939E-2,5.867107539E-4,1.281768782E-3,9.995800853E-1,1.766829753E2,1.487643253E-1,-6.295281585E-2,1.766828902E2
8.320320632E1,2.893427663E-2,5.790249561E-4,1.284073689E-3,9.995803237E-1,1.766839133E2,1.490023374E-1,-6.206603310E-2,1.766838293E2
8.320820632E1,2.893622325E-2,5.814902834E-4,1.285492908E-3,9.995802641E-1,1.766836902E2,1.491731962E-1,-6.234342408E-2,1.766836057E2
8.321320632E1,2.893825166E-2,5.831009476E-4,1.285450184E-3,9.995802045E-1,1.766834576E2,1.491737704E-1,-6.252775414E-2,1.766833729E2
8.321820632E1,2.893418750E-2,5.803114036E-4,1.285500592E-3,9.995803237E-1,1.766839235E2,1.491700403E-1,-6.220866940E-2,1.766838393E2
8.322320632E1,2.893827345E-2,5.826099077E-4,1.285182196E-3,9.995802045E-1,1.766834551E2,1.491414469E-1,-6.247239417E-2,1.766833705E2
8.322820632E1,2.893215941E-2,5.778559716E-4,1.285906066E-3,9.995803833E-1,1.766841560E2,1.492082173E-1,-6.192637394E-2,1.766840721E2
8.323320632E1,2.892811283E-2,5.749693955E-4,1.285573817E-3,9.995805025E-1,1.766846199E2,1.491603401E-1,-6.159744081E-2,1.766845365E2
8.323820632E1,2.893206799E-2,5.779733183E-4,1.287908759E-3,9.995803833E-1,1.766841665E2,1.494379967E-1,-6.193318904E-2,1.766840824E2
8.324320632E1,2.894020273E-2,5.836794153E-4,1.287610852E-3,9.995801449E-1,1.766832340E2,1.494233019E-1,-6.258655705E-2,1.766831490E2
8.324820632E1,2.893415578E-2,5.801297957E-4,1.286296407E-3,9.995803237E-1,1.766839272E2,1.492605918E-1,-6.218523345E-2,1.766838429E2
8.325320632E1,2.893214626E-2,5.779949133E-4,1.286139595E-3,9.995803833E-1,1.766841575E2,1.492354265E-1,-6.194151651E-2,1.766840736E2
8.325820632E1,2.892597553E-2,5.736442981E-4,1.287910854E-3,9.995805621E-1,1.766848650E2,1.494235088E-1,-6.143823170E-2,1.766847815E2
8.326320632E1,2.893221025E-2,5.777086481E-4,1.284827944E-3,9.995803833E-1,1.766841502E2,1.490842399E-1,-6.191306588E-2,1.766840664E2
8.326820632E1,2.893254040E-2,5.782252410E-4,1.277138130E-3,9.995803833E-1,1.766841124E2,1.482051532E-1,-6.199768468E-2,1.766840289E2
8.327320632E1,2.893290343E-2,5.784227396E-4,1.268797321E-3,9.995803833E-1,1.766840707E2,1.472504433E-1,-6.204790742E-2,1.766839878E2
8.327820632E1,2.892480768E-2,5.735446466E-4,1.267765998E-3,9.995806217E-1,1.766849988E2,1.471156393E-1,-6.149376448E-2,1.766849167E2
8.328320632E1,2.893125858E-2,5.786013207E-4,1.259229262E-3,9.995804429E-1,1.766842593E2,1.461549721E-1,-6.210032663E-2,1.766841769E2
8.328820632E1,2.893560341E-2,5.819661892E-4,1.252457732E-3,9.995803237E-1,1.766837612E2,1.453907638E-1,-6.250756860E-2,1.766836787E2
8.329320632E1,2.893540878E-2,5.822403473E-4,1.256819116E-3,9.995803237E-1,1.766837835E2,1.458912298E-1,-6.252453829E-2,1.766837007E2
8.329820632E1,2.894356508E-2,5.882721161E-4,1.255823649E-3,9.995800853E-1,1.766828485E2,1.457977225E-1,-6.321754933E-2,1.766827649E2
8.330320632E1,2.894163143E-2,5.873029586E-4,1.253396389E-3,9.995801449E-1,1.766830702E2,1.455163585E-1,-6.311487083E-2,1.766829868E2
8.330820632E1,2.893765728E-2,5.827830173E-4,1.252195565E-3,9.995802641E-1,1.766835258E2,1.453635714E-1,-6.260170158E-2,1.766834432E2
8.331320632E1,2.893942888E-2,5.850030575E-4,1.257785945E-3,9.995802045E-1,1.766833227E2,1.460113879E-1,-6.283719570E-2,1.766832394E2
8.331820632E1,2.894752162E-2,5.908651510E-4,1.258294564E-3,9.995799661E-1,1.766823949E2,1.460896025E-1,-6.350579083E-2,1.766823108E2
8.332320632E1,2.894573133E-2,5.895102513E-4,1.252753427E-3,9.995800257E-1,1.766826002E2,1.454502921E-1,-6.336923765E-2,1.766825165E2
8.332820632E1,2.893134210E-2,5.781773361E-4,1.257503871E-3,9.995804429E-1,1.766842497E2,1.459559388E-1,-6.205747005E-2,1.766841675E2
8.333320632E1,2.893118908E-2,5.772728473E-4,1.261433819E-3,9.995804429E-1,1.766842673E2,1.464030814E-1,-6.194085989E-2,1.766841849E2
8.333820632E1,2.893321063E-2,5.795208854E-4,1.261268510E-3,9.995803833E-1,1.766840355E2,1.463917254E-1,-6.219861006E-2,1.766839529E2
8.334320632E1,2.893303802E-2,5.797949852E-4,1.265096478E-3,9.995803833E-1,1.766840553E2,1.468310933E-1,-6.221733981E-2,1.766839724E2
8.334820632E1,2.892888937E-2,5.765575333E-4,1.267258078E-3,9.995805025E-1,1.766845309E2,1.470676998E-1,-6.183995419E-2,1.766844483E2
8.335320632E1,2.893088669E-2,5.769972340E-4,1.268475666E-3,9.995804429E-1,1.766843019E2,1.472087482E-1,-6.188598849E-2,1.766842192E2
8.335820632E1,2.893701597E-2,5.820728838E-4,1.267255633E-3,9.995802641E-1,1.766835993E2,1.470862124E-1,-6.247051413E-2,1.766835159E2
8.336320632E1,2.893494092E-2,5.813995376E-4,1.267930726E-3,9.995803237E-1,1.766838372E2,1.471611776E-1,-6.239145357E-2,1.766837538E2
8.336820632E1,2.893680915E-2,5.818983773E-4,1.272049150E-3,9.995802641E-1,1.766836230E2,1.476346881E-1,-6.243466066E-2,1.766835393E2
8.337320632E1,2.893680450E-2,5.827558343E-4,1.271762536E-3,9.995802641E-1,1.766836235E2,1.476047014E-1,-6.253382789E-2,1.766835397E2
8.337820632E1,2.894302186E-2,5.868895096E-4,1.268922002E-3,9.995800853E-1,1.766829108E2,1.472934360E-1,-6.301581653E-2,1.766828265E2
8.338320632E1,2.894900731E-2,5.919419928E-4,1.270895125E-3,9.995799065E-1,1.766822246E2,1.475365840E-1,-6.358711776E-2,1.766821395E2
8.338820632E1,2.894885400E-2,5.921746488E-4,1.274274429E-3,9.995799065E-1,1.766822422E2,1.479244240E-1,-6.360257917E-2,1.766821568E2
8.339320632E1,2.894876099E-2,5.917238304E-4,1.276594703E-3,9.995799065E-1,1.766822528E2,1.481886952E-1,-6.354325743E-2,1.766821674E2
8.339820632E1,2.894681214E-2,5.895309732E-4,1.275129383E-3,9.995799661E-1,1.766824763E2,1.480134538E-1,-6.329722959E-2,1.766823912E2
8.340320632E1,2.894670256E-2,5.906638689E-4,1.277091214E-3,9.995799661E-1,1.766824888E2,1.482419204E-1,-6.342050394E-2,1.766824035E2
8.340820632E1,2.894457547E-2,5.879908567E-4,1.279880293E-3,9.995800257E-1,1.766827327E2,1.485523902E-1,-6.310539225E-2,1.766826476E2
8.341320632E1,2.895254624E-2,5.939495168E-4,1.283044228E-3,9.995797873E-1,1.766818189E2,1.489350729E-1,-6.377623575E-2,1.766817327E2
8.341820632E1,2.896281772E-2,6.023267633E-4,1.279492397E-3,9.995794892E-1,1.766806414E2,1.485566939E-1,-6.474605213E-2,1.766805541E2
8.342320632E1,2.894844670E-2,5.906361621E-4,1.284202794E-3,9.995799065E-1,1.766822889E2,1.490565255E-1,-6.339348014E-2,1.766822031E2
8.342820632E1,2.895444461E-2,5.960923736E-4,1.285645063E-3,9.995797276E-1,1.766816013E2,1.492402135E-1,-6.401277344E-2,1.766815146E2
8.343320632E1,2.896671747E-2,6.050956436E-4,1.283029560E-3,9.995793700E-1,1.766801943E2,1.489712975E-1,-6.505088810E-2,1.766801064E2
8.343820632E1,2.896465921E-2,6.041371380E-4,1.283511869E-3,9.995794296E-1,1.766804303E2,1.490232273E-1,-6.493980349E-2,1.766803425E2
8.344320632E1,2.895842447E-2,5.989958299E-4,1.287340769E-3,9.995796084E-1,1.766811450E2,1.494443362E-1,-6.433912387E-2,1.766810578E2
8.344820632E1,2.895840511E-2,5.992910592E-4,1.287638792E-3,9.995796084E-1,1.766811472E2,1.494794514E-1,-6.437195435E-2,1.766810599E2
8.345320632E1,2.897068992E-2,6.084635388E-4,1.284617814E-3,9.995792508E-1,1.766797389E2,1.491646620E-1,-6.543079334E-2,1.766796504E2
8.345820632E1,2.896888858E-2,6.081145257E-4,1.279014163E-3,9.995793104E-1,1.766799454E2,1.485215230E-1,-6.540968735E-2,1.766798573E2
8.346320632E1,2.896875524E-2,6.072198157E-4,1.282454585E-3,9.995793104E-1,1.766799607E2,1.489126223E-1,-6.529580300E-2,1.766798725E2
8.346820632E1,2.897102090E-2,6.094679120E-4,1.276652678E-3,9.995792508E-1,1.766797010E2,1.482556629E-1,-6.557223191E-2,1.766796128E2
8.347320632E1,2.896906043E-2,6.070074742E-4,1.275643241E-3,9.995793104E-1,1.766799257E2,1.481317413E-1,-6.529404684E-2,1.766798380E2
8.347820632E1,2.896306554E-2,6.037755520E-4,1.273184316E-3,9.995794892E-1,1.766806130E2,1.478389683E-1,-6.493290108E-2,1.766805259E2
8.348320632E1,2.897116141E-2,6.093258271E-4,1.273528091E-3,9.995792508E-1,1.766796849E2,1.478972989E-1,-6.556630964E-2,1.766795969E2
8.348820632E1,2.897510345E-2,6.131649134E-4,1.275567338E-3,9.995791316E-1,1.766792329E2,1.481438881E-1,-6.599869713E-2,1.766791443E2
8.349320632E1,2.895910394E-2,5.996700493E-4,1.271646470E-3,9.995796084E-1,1.766810671E2,1.476489353E-1,-6.446833213E-2,1.766809808E2
8.349820632E1,2.895503552E-2,5.971710198E-4,1.271761255E-3,9.995797276E-1,1.766815335E2,1.476535285E-1,-6.418230480E-2,1.766814476E2
8.350320632E1,2.896321946E-2,6.027108757E-4,1.270183711E-3,9.995794892E-1,1.766805953E2,1.474917442E-1,-6.482088577E-2,1.766805086E2
8.350820632E1,2.896942996E-2,6.081973552E-4,1.266652951E-3,9.995793104E-1,1.766798834E2,1.471059355E-1,-6.546013052E-2,1.766797960E2
8.351320632E1,2.896545232E-2,6.054430269E-4,1.264862949E-3,9.995794296E-1,1.766803394E2,1.468914989E-1,-6.515116731E-2,1.766802526E2
8.351820632E1,2.895739326E-2,5.995240645E-4,1.263794955E-3,9.995796680E-1,1.766812632E2,1.467489994E-1,-6.447791738E-2,1.766811774E2
8.352320632E1,2.896748156E-2,6.071555545E-4,1.264674240E-3,9.995793700E-1,1.766801067E2,1.468757008E-1,-6.534765425E-2,1.766800197E2
8.352820632E1,2.896966661E-2,6.093334523E-4,1.260680379E-3,9.995793104E-1,1.766798562E2,1.464256029E-1,-6.561005567E-2,1.766797691E2
8.353320632E1,2.896965683E-2,6.091646501E-4,1.260986784E-3,9.995793104E-1,1.766798573E2,1.464601386E-1,-6.558970473E-2,1.766797703E2
8.353820632E1,2.896338481E-2,6.039501750E-4,1.265817089E-3,9.995794892E-1,1.766805764E2,1.469956997E-1,-6.497730796E-2,1.766804898E2
8.354320632E1,2.895314834E-2,5.958206602E-4,1.268507680E-3,9.995797873E-1,1.766817499E2,1.472762503E-1,-6.403870370E-2,1.766816643E2
8.354820632E1,2.895537148E-2,5.965513992E-4,1.264381455E-3,9.995797276E-1,1.766814950E2,1.468061847E-1,-6.413576884E-2,1.766814096E2
8.355320632E1,2.895946077E-2,6.011220976E-4,1.262804028E-3,9.995796084E-1,1.766810262E2,1.466409318E-1,-6.466394652E-2,1.766809402E2
8.355820632E1,2.895537865E-2,5.974095548E-4,1.263811952E-3,9.995797276E-1,1.766814942E2,1.467437997E-1,-6.423595356E-2,1.766814087E2
8.356320632E1,2.895347605E-2,5.956148379E-4,1.261102851E-3,9.995797873E-1,1.766817123E2,1.464274121E-1,-6.403964840E-2,1.766816272E2
8.356820632E1,2.894739443E-2,5.904259742E-4,1.261422876E-3,9.995799661E-1,1.766824095E2,1.464464660E-1,-6.344512730E-2,1.766823252E2
8.357320632E1,2.894525735E-2,5.891476758E-4,1.263826503E-3,9.995800257E-1,1.766826545E2,1.467174103E-1,-6.329104691E-2,1.766825702E2
8.357820632E1,2.894530809E-2,5.893121706E-4,1.262587146E-3,9.995800257E-1,1.766826487E2,1.465759986E-1,-6.331399219E-2,1.766825645E2
8.358320632E1,2.894740556E-2,5.903114215E-4,1.261221129E-3,9.995799661E-1,1.766824082E2,1.464229777E-1,-6.343267365E-2,1.766823240E2
8.358820632E1,2.894540707E-2,5.901501863E-4,1.259923913E-3,9.995800257E-1,1.766826373E2,1.462737282E-1,-6.341880081E-2,1.766825532E2
8.359320632E1,2.894532307E-2,5.896768998E-4,1.262073289E-3,9.995800257E-1,1.766826470E2,1.465183503E-1,-6.335747179E-2,1.766825627E2
8.359820632E1,2.895143963E-2,5.942065618E-4,1.261275262E-3,9.995798469E-1,1.766819458E2,1.464423578E-1,-6.387806591E-2,1.766818609E2
8.360320632E1,2.895141555E-2,5.935682566E-4,1.262128237E-3,9.995798469E-1,1.766819485E2,1.465379413E-1,-6.380212586E-2,1.766818637E2
8.360820632E1,2.894738202E-2,5.916679511E-4,1.261125784E-3,9.995799661E-1,1.766824109E2,1.464165553E-1,-6.358837496E-2,1.766823265E2
8.361320632E1,2.894122547E-2,5.854283809E-4,1.263605664E-3,9.995801449E-1,1.766831167E2,1.466795236E-1,-6.286635015E-2,1.766830330E2
8.361820632E1,2.894728044E-2,5.915198708E-4,1.263524522E-3,9.995799661E-1,1.766824226E2,1.466908178E-1,-6.356347111E-2,1.766823380E2
8.362320632E1,2.895334829E-2,5.959914997E-4,1.263855025E-3,9.995797873E-1,1.766817270E2,1.467438979E-1,-6.407367981E-2,1.766816417E2
8.362820632E1,2.895127278E-2,5.935418885E-4,1.265411382E-3,9.995798469E-1,1.766819649E2,1.469139082E-1,-6.378823415E-2,1.766818799E2
8.363320632E1,2.894928686E-2,5.922853015E-4,1.264350722E-3,9.995799065E-1,1.766821926E2,1.467881207E-1,-6.364811089E-2,1.766821078E2
8.363820632E1,2.894918735E-2,5.916174268E-4,1.266939216E-3,9.995799065E-1,1.766822040E2,1.470823944E-1,-6.356303770E-2,1.766821191E2
8.364320632E1,2.895347211E-2,5.965342862E-4,1.260758494E-3,9.995797873E-1,1.766817128E2,1.463910188E-1,-6.414610828E-2,1.766816276E2
8.364820632E1,2.895544629E-2,5.974381347E-4,1.262247795E-3,9.995797276E-1,1.766814864E2,1.465647347E-1,-6.424440736E-2,1.766814010E2
8.365320632E1,2.894549110E-2,5.896857474E-4,1.258209697E-3,9.995800257E-1,1.766826277E2,1.460758403E-1,-6.337127611E-2,1.766825437E2
8.365820632E1,2.895352451E-2,5.956977257E-4,1.259950572E-3,9.995797873E-1,1.766817068E2,1.462957040E-1,-6.405295871E-2,1.766816218E2
8.366320632E1,2.895552348E-2,5.978143890E-4,1.260297373E-3,9.995797276E-1,1.766814776E2,1.463425797E-1,-6.429396529E-2,1.766813923E2
8.366820632E1,2.895345991E-2,5.956597161E-4,1.261452097E-3,9.995797873E-1,1.766817142E2,1.464675639E-1,-6.404363249E-2,1.766816291E2
8.367320632E1,2.895113791E-2,5.934908986E-4,1.268517110E-3,9.995798469E-1,1.766819804E2,1.472694719E-1,-6.377210971E-2,1.766818951E2
8.367820632E1,2.894893428E-2,5.924310535E-4,1.272330061E-3,9.995799065E-1,1.766822330E2,1.477025646E-1,-6.363838700E-2,1.766821477E2
8.368320632E1,2.893866815E-2,5.841280217E-4,1.275569666E-3,9.995802045E-1,1.766834099E2,1.480454515E-1,-6.267810255E-2,1.766833256E2
8.368820632E1,2.893839056E-2,5.823887768E-4,1.282643061E-3,9.995802045E-1,1.766834417E2,1.488498790E-1,-6.245546782E-2,1.766833573E2
8.369320632E1,2.894416480E-2,5.878625670E-4,1.289192471E-3,9.995800257E-1,1.766827797E2,1.496185900E-1,-6.305987148E-2,1.766826941E2
8.369820632E1,2.895025097E-2,5.919563118E-4,1.289305976E-3,9.995798469E-1,1.766820820E2,1.496455571E-1,-6.352749556E-2,1.766819957E2
8.370320632E1,2.894393729E-2,5.878553493E-4,1.294293557E-3,9.995800257E-1,1.766828058E2,1.502028490E-1,-6.304215940E-2,1.766827198E2
8.370820632E1,2.894811679E-2,5.910482141E-4,1.291429740E-3,9.995799065E-1,1.766823267E2,1.498856727E-1,-6.341675326E-2,1.766822404E2
8.371320632E1,2.896029881E-2,6.003121380E-4,1.290839864E-3,9.995795488E-1,1.766809301E2,1.498496247E-1,-6.447800562E-2,1.766808425E2
8.371820632E1,2.895813079E-2,5.987941404E-4,1.294023474E-3,9.995796084E-1,1.766811787E2,1.502091094E-1,-6.429388936E-2,1.766810910E2
8.372320632E1,2.895802599E-2,5.977212568E-4,1.296861563E-3,9.995796084E-1,1.766811907E2,1.505306273E-1,-6.416159534E-2,1.766811030E2
8.372820632E1,2.896206633E-2,6.022298476E-4,1.296434202E-3,9.995794892E-1,1.766807275E2,1.504968995E-1,-6.467883459E-2,1.766806392E2
8.373320632E1,2.896656655E-2,6.053943071E-4,1.286291867E-3,9.995793700E-1,1.766802116E2,1.493459556E-1,-6.507429158E-2,1.766801235E2
8.373820632E1,2.896096895E-2,6.019312423E-4,1.274953247E-3,9.995795488E-1,1.766808533E2,1.480353307E-1,-6.471608696E-2,1.766807664E2
8.374320632E1,2.896705894E-2,6.055665435E-4,1.275073388E-3,9.995793700E-1,1.766801552E2,1.480615542E-1,-6.513118598E-2,1.766800677E2
8.374820632E1,2.896491387E-2,6.045824848E-4,1.277541392E-3,9.995794296E-1,1.766804011E2,1.483408422E-1,-6.501059442E-2,1.766803136E2
8.375320632E1,2.896290102E-2,6.024041795E-4,1.277568750E-3,9.995794892E-1,1.766806318E2,1.483366147E-1,-6.476129183E-2,1.766805447E2
8.375820632E1,2.896064950E-2,6.000406574E-4,1.283074846E-3,9.995795488E-1,1.766808899E2,1.489593128E-1,-6.447262680E-2,1.766808028E2
8.376320632E1,2.895649255E-2,5.979123525E-4,1.285017817E-3,9.995796680E-1,1.766813665E2,1.491745371E-1,-6.422301565E-2,1.766812796E2
8.376820632E1,2.895048207E-2,5.929829786E-4,1.283632475E-3,9.995798469E-1,1.766820555E2,1.489991144E-1,-6.366388114E-2,1.766819694E2
8.377320632E1,2.894853374E-2,5.911994958E-4,1.281979610E-3,9.995799065E-1,1.766822789E2,1.488037483E-1,-6.346536842E-2,1.766821932E2
8.377820632E1,2.895469363E-2,5.969202030E-4,1.279638498E-3,9.995797276E-1,1.766815727E2,1.485549625E-1,-6.412748877E-2,1.766814863E2
8.378320632E1,2.896060328E-2,6.007948541E-4,1.283764956E-3,9.995795488E-1,1.766808952E2,1.490408606E-1,-6.455673165E-2,1.766808079E2
8.378820632E1,2.895844875E-2,5.987403565E-4,1.286913408E-3,9.995796084E-1,1.766811422E2,1.493945385E-1,-6.431127563E-2,1.766810551E2
8.379320632E1,2.896043760E-2,6.004681345E-4,1.287649502E-3,9.995795488E-1,1.766809142E2,1.494847157E-1,-6.450644109E-2,1.766808267E2
8.379820632E1,2.895841835E-2,5.981131690E-4,1.287888736E-3,9.995796084E-1,1.766811457E2,1.495041727E-1,-6.423620337E-2,1.766810586E2
8.380320632E1,2.896019798E-2,6.006564363E-4,1.292940113E-3,9.995795488E-1,1.766809417E2,1.500913310E-1,-6.451048778E-2,1.766808538E2
8.380820632E1,2.896432060E-2,6.039894070E-4,1.291199704E-3,9.995794296E-1,1.766804691E2,1.499033075E-1,-6.489741522E-2,1.766803808E2
8.381320632E1,2.896622102E-2,6.052835379E-4,1.294101472E-3,9.995793700E-1,1.766802512E2,1.502401059E-1,-6.503573231E-2,1.766801626E2
8.381820632E1,2.896594512E-2,6.041405722E-4,1.300793723E-3,9.995793700E-1,1.766802829E2,1.510028485E-1,-6.488264073E-2,1.766801939E2
8.382320632E1,2.896183596E-2,6.017459673E-4,1.301794080E-3,9.995794892E-1,1.766807539E2,1.511092185E-1,-6.460565522E-2,1.766806653E2
8.382820632E1,2.897204671E-2,6.094010314E-4,1.299863099E-3,9.995791912E-1,1.766795834E2,1.509141134E-1,-6.548735941E-2,1.766794937E2
8.383320632E1,2.897783154E-2,6.135678268E-4,1.306443708E-3,9.995790124E-1,1.766789202E2,1.516820964E-1,-6.594191245E-2,1.766788295E2
8.383820632E1,2.897161016E-2,6.089287344E-4,1.309776562E-3,9.995791912E-1,1.766796334E2,1.520480406E-1,-6.540041418E-2,1.766795432E2
8.384320632E1,2.896791453E-2,6.061657332E-4,1.301797573E-3,9.995793104E-1,1.766800571E2,1.511246839E-1,-6.511097965E-2,1.766799678E2
8.384820632E1,2.897002466E-2,6.078926963E-4,1.299801050E-3,9.995792508E-1,1.766798152E2,1.509018659E-1,-6.531510089E-2,1.766797258E2
8.385320632E1,2.896590995E-2,6.048924988E-4,1.301227254E-3,9.995793700E-1,1.766802869E2,1.510550005E-1,-6.496733522E-2,1.766801978E2
8.385820632E1,2.896374544E-2,6.029420765E-4,1.304522390E-3,9.995794296E-1,1.766805350E2,1.514258226E-1,-6.473331746E-2,1.766804461E2
8.386320632E1,2.896787737E-2,6.052707322E-4,1.303040306E-3,9.995793104E-1,1.766800613E2,1.512640575E-1,-6.500434349E-2,1.766799721E2
8.386820632E1,2.896788367E-2,6.056584534E-4,1.302719931E-3,9.995793104E-1,1.766800606E2,1.512286482E-1,-6.504981694E-2,1.766799713E2
8.387320632E1,2.896164043E-2,6.009168574E-4,1.306518679E-3,9.995794892E-1,1.766807763E2,1.516476269E-1,-6.449503546E-2,1.766806876E2
8.387820632E1,2.896170772E-2,6.006266340E-4,1.305159880E-3,9.995794892E-1,1.766807686E2,1.514910261E-1,-6.446629174E-2,1.766806800E2
8.388320632E1,2.897219356E-2,6.098199519E-4,1.296388917E-3,9.995791912E-1,1.766795665E2,1.505175686E-1,-6.554685631E-2,1.766794770E2
8.388820632E1,2.897662624E-2,6.125268992E-4,1.287930529E-3,9.995790720E-1,1.766790584E2,1.495579942E-1,-6.588433833E-2,1.766789690E2
8.389320632E1,2.897027965E-2,6.079011946E-4,1.294101239E-3,9.995792508E-1,1.766797859E2,1.502490339E-1,-6.533495829E-2,1.766796969E2
8.389820632E1,2.896204987E-2,6.020782748E-4,1.296872273E-3,9.995794892E-1,1.766807294E2,1.505465736E-1,-6.466002150E-2,1.766806411E2
8.390320632E1,2.896409448E-2,6.031440571E-4,1.296655624E-3,9.995794296E-1,1.766804950E2,1.505254278E-1,-6.478251096E-2,1.766804065E2
8.390820632E1,2.896608535E-2,6.039588479E-4,1.297751907E-3,9.995793700E-1,1.766802668E2,1.506538338E-1,-6.487190111E-2,1.766801781E2
8.391320632E1,2.896778658E-2,6.063475157E-4,1.304557081E-3,9.995793104E-1,1.766800718E2,1.514413632E-1,-6.512266064E-2,1.766799823E2
8.391820632E1,2.896773786E-2,6.063411711E-4,1.305641374E-3,9.995793104E-1,1.766800773E2,1.515655377E-1,-6.511834192E-2,1.766799878E2
8.392320632E1,2.896165481E-2,6.013711682E-4,1.305990736E-3,9.995794892E-1,1.766807747E2,1.515886631E-1,-6.454882375E-2,1.766806859E2
8.392820632E1,2.896352806E-2,6.017995765E-4,1.309865387E-3,9.995794296E-1,1.766805599E2,1.520340227E-1,-6.458475079E-2,1.766804708E2
8.393320632E1,2.896338967E-2,6.015063846E-4,1.313056098E-3,9.995794296E-1,1.766805758E2,1.523985162E-1,-6.454059849E-2,1.766804865E2
8.393820632E1,2.896954002E-2,6.068148650E-4,1.311057596E-3,9.995792508E-1,1.766798707E2,1.521876215E-1,-6.515434661E-2,1.766797807E2
8.394320632E1,2.895946643E-2,5.988539779E-4,1.310048625E-3,9.995795488E-1,1.766810256E2,1.520449732E-1,-6.424736154E-2,1.766809369E2
8.394820632E1,2.894708018E-2,5.889595486E-4,1.315397327E-3,9.995799065E-1,1.766824455E2,1.526240138E-1,-6.309816091E-2,1.766823580E2
8.395320632E1,2.894912820E-2,5.913082277E-4,1.314566354E-3,9.995798469E-1,1.766822107E2,1.525367523E-1,-6.336963068E-2,1.766821229E2
8.395820632E1,2.894928783E-2,5.915632355E-4,1.310931169E-3,9.995798469E-1,1.766821924E2,1.521212210E-1,-6.341087528E-2,1.766821048E2
8.396320632E1,2.895952803E-2,5.993829691E-4,1.308444072E-3,9.995795488E-1,1.766810185E2,1.518629415E-1,-6.431326952E-2,1.766809298E2
8.396820632E1,2.895746000E-2,5.970098427E-4,1.309763291E-3,9.995796084E-1,1.766812556E2,1.520060412E-1,-6.403738005E-2,1.766811672E2
8.397320632E1,2.894314190E-2,5.859841476E-4,1.312796725E-3,9.995800257E-1,1.766828970E2,1.523160135E-1,-6.276657500E-2,1.766828102E2
8.397820632E1,2.893514619E-2,5.804810789E-4,1.309960033E-3,9.995802641E-1,1.766838136E2,1.519723381E-1,-6.214685863E-2,1.766837278E2
8.398320632E1,2.893720457E-2,5.820260849E-4,1.309288084E-3,9.995802045E-1,1.766835777E2,1.519006221E-1,-6.232574427E-2,1.766834916E2
8.398820632E1,2.893904486E-2,5.819423241E-4,1.314147143E-3,9.995801449E-1,1.766833667E2,1.524570337E-1,-6.229975645E-2,1.766832804E2
8.399320632E1,2.893862980E-2,5.813565222E-4,1.323513221E-3,9.995801449E-1,1.766834143E2,1.535278905E-1,-6.220166006E-2,1.766833275E2
8.399820632E1,2.894074893E-2,5.842909450E-4,1.320898184E-3,9.995800853E-1,1.766831713E2,1.532382186E-1,-6.254612620E-2,1.766830842E2
8.400320632E1,2.893277497E-2,5.783686647E-4,1.317763817E-3,9.995803237E-1,1.766840855E2,1.528590611E-1,-6.187938207E-2,1.766839995E2
8.400820632E1,2.893054346E-2,5.756785395E-4,1.322712982E-3,9.995803833E-1,1.766843413E2,1.534168998E-1,-6.155517905E-2,1.766842554E2
8.401320632E1,2.893492171E-2,5.796936457E-4,1.315256581E-3,9.995802641E-1,1.766838394E2,1.525763993E-1,-6.203913519E-2,1.766837533E2
8.401820632E1,2.893689911E-2,5.814876058E-4,1.316259848E-3,9.995802045E-1,1.766836127E2,1.526973891E-1,-6.224099295E-2,1.766835263E2
8.402320632E1,2.892463086E-2,5.715276930E-4,1.318684313E-3,9.995805621E-1,1.766850191E2,1.529413178E-1,-6.109398740E-2,1.766849341E2
8.402820632E1,2.892443104E-2,5.707940436E-4,1.323376549E-3,9.995805621E-1,1.766850420E2,1.534763400E-1,-6.099443038E-2,1.766849569E2
8.403320632E1,2.893234922E-2,5.774270976E-4,1.327488688E-3,9.995803237E-1,1.766841343E2,1.539698358E-1,-6.173935405E-2,1.766840478E2
8.403820632E1,2.892819305E-2,5.740167690E-4,1.329779159E-3,9.995804429E-1,1.766846107E2,1.542206324E-1,-6.134177028E-2,1.766845247E2
8.404320632E1,2.892598256E-2,5.716668093E-4,1.334065921E-3,9.995805025E-1,1.766848641E2,1.547037286E-1,-6.105872908E-2,1.766847782E2
8.404820632E1,2.893415138E-2,5.789254792E-4,1.332429354E-3,9.995802641E-1,1.766839277E2,1.545408379E-1,-6.189432455E-2,1.766838407E2
8.405320632E1,2.894232692E-2,5.850560847E-4,1.331051229E-3,9.995800257E-1,1.766829904E2,1.544038227E-1,-6.259985208E-2,1.766829026E2
8.405820632E1,2.893415049E-2,5.782590015E-4,1.332738088E-3,9.995802641E-1,1.766839278E2,1.545739914E-1,-6.181696033E-2,1.766838409E2
8.406320632E1,2.893413050E-2,5.790037685E-4,1.332848682E-3,9.995802641E-1,1.766839301E2,1.545891276E-1,-6.190190494E-2,1.766838431E2
8.406820632E1,2.893617354E-2,5.793810706E-4,1.333032851E-3,9.995802045E-1,1.766836959E2,1.546116007E-1,-6.194419577E-2,1.766836088E2
8.407320632E1,2.894237859E-2,5.851323367E-4,1.329893828E-3,9.995800257E-1,1.766829845E2,1.542715058E-1,-6.261241695E-2,1.766828967E2
8.407820632E1,2.893830981E-2,5.809181603E-4,1.330682775E-3,9.995801449E-1,1.766834510E2,1.543476442E-1,-6.212772221E-2,1.766833638E2
8.408320632E1,2.894200905E-2,5.846187705E-4,1.338136266E-3,9.995800257E-1,1.766830269E2,1.552138986E-1,-6.252631146E-2,1.766829387E2
8.408820632E1,2.895001594E-2,5.914407666E-4,1.340032555E-3,9.995797873E-1,1.766821090E2,1.554542407E-1,-6.330019205E-2,1.766820195E2
8.409320632E1,2.894815050E-2,5.893206107E-4,1.336801215E-3,9.995798469E-1,1.766823228E2,1.550769594E-1,-6.306835156E-2,1.766822339E2
8.409820632E1,2.895224575E-2,5.927959573E-4,1.335713663E-3,9.995797276E-1,1.766818533E2,1.549641766E-1,-6.346940258E-2,1.766817640E2
8.410320632E1,2.895220779E-2,5.923708086E-4,1.336724614E-3,9.995797276E-1,1.766818577E2,1.550785616E-1,-6.341735637E-2,1.766817683E2
8.410820632E1,2.895823886E-2,5.967710167E-4,1.337839873E-3,9.995795488E-1,1.766811663E2,1.552212927E-1,-6.391673458E-2,1.766810762E2
8.411320632E1,2.896024444E-2,5.981329596E-4,1.338352449E-3,9.995794892E-1,1.766809364E2,1.552846535E-1,-6.407072362E-2,1.766808460E2
8.411820632E1,2.895805656E-2,5.969921476E-4,1.341681695E-3,9.995795488E-1,1.766811872E2,1.556620713E-1,-6.392934311E-2,1.766810968E2
8.412320632E1,2.896608425E-2,6.036071572E-4,1.343059004E-3,9.995793104E-1,1.766802669E2,1.558423055E-1,-6.468122676E-2,1.766801753E2
8.412820632E1,2.897441857E-2,6.094875280E-4,1.338064321E-3,9.995790720E-1,1.766793115E2,1.552902616E-1,-6.537006871E-2,1.766792193E2
8.413320632E1,2.896654886E-2,6.044164766E-4,1.332634129E-3,9.995793104E-1,1.766802136E2,1.546509191E-1,-6.480846101E-2,1.766801226E2
8.413820632E1,2.896015951E-2,5.988184712E-4,1.339882961E-3,9.995794892E-1,1.766809461E2,1.554622336E-1,-6.414417836E-2,1.766808555E2
8.414320632E1,2.896439367E-2,6.020111032E-4,1.335855108E-3,9.995793700E-1,1.766804607E2,1.550117378E-1,-6.452258385E-2,1.766803699E2
8.414820632E1,2.896849399E-2,6.055345875E-4,1.334551955E-3,9.995792508E-1,1.766799907E2,1.548744319E-1,-6.492986578E-2,1.766798993E2
8.415320632E1,2.896237835E-2,6.009577774E-4,1.335424255E-3,9.995794296E-1,1.766806918E2,1.549587601E-1,-6.440367484E-2,1.766806011E2
8.415820632E1,2.896823947E-2,6.048133364E-4,1.340390882E-3,9.995792508E-1,1.766800198E2,1.555408328E-1,-6.482790771E-2,1.766799282E2
8.416320632E1,2.896215768E-2,6.002841401E-4,1.340503339E-3,9.995794296E-1,1.766807170E2,1.555382868E-1,-6.430969131E-2,1.766806262E2
8.416820632E1,2.895597348E-2,5.961193237E-4,1.342621283E-3,9.995796084E-1,1.766814260E2,1.557666655E-1,-6.382657353E-2,1.766813357E2
8.417320632E1,2.895992956E-2,5.977127003E-4,1.345335506E-3,9.995794892E-1,1.766809725E2,1.560831033E-1,-6.399946023E-2,1.766808817E2
8.417820632E1,2.895591184E-2,5.954172229E-4,1.344261225E-3,9.995796084E-1,1.766814331E2,1.559521768E-1,-6.374072046E-2,1.766813427E2
8.418320632E1,2.895614339E-2,5.948555190E-4,1.339513808E-3,9.995796084E-1,1.766814065E2,1.554065411E-1,-6.369209783E-2,1.766813166E2
8.418820632E1,2.896616049E-2,6.040591979E-4,1.341210329E-3,9.995793104E-1,1.766802582E2,1.556320570E-1,-6.473912959E-2,1.766801667E2
8.419320632E1,2.895391776E-2,5.936293164E-4,1.343682176E-3,9.995796680E-1,1.766816617E2,1.558797906E-1,-6.353815991E-2,1.766815717E2
8.419820632E1,2.894587793E-2,5.880510435E-4,1.341991359E-3,9.995799065E-1,1.766825834E2,1.556671029E-1,-6.290606756E-2,1.766824943E2
8.420320632E1,2.895205550E-2,5.925359437E-4,1.339946059E-3,9.995797276E-1,1.766818752E2,1.554480960E-1,-6.342560718E-2,1.766817856E2
8.420820632E1,2.895421031E-2,5.936613888E-4,1.337349066E-3,9.995796680E-1,1.766816281E2,1.551544980E-1,-6.356280124E-2,1.766815385E2
8.421320632E1,2.894581609E-2,5.874577910E-4,1.343584154E-3,9.995799065E-1,1.766825904E2,1.558475756E-1,-6.283284065E-2,1.766825014E2
8.421820632E1,2.894386033E-2,5.850794259E-4,1.342410687E-3,9.995799661E-1,1.766828147E2,1.557051505E-1,-6.256461160E-2,1.766827261E2
8.422320632E1,2.895193849E-2,5.913900677E-4,1.342977048E-3,9.995797276E-1,1.766818886E2,1.557914673E-1,-6.328431677E-2,1.766817990E2
8.422820632E1,2.893989232E-2,5.832525785E-4,1.339987037E-3,9.995800853E-1,1.766832695E2,1.554212294E-1,-6.236401395E-2,1.766831814E2
8.423320632E1,2.894580791E-2,5.873232149E-4,1.343819196E-3,9.995799065E-1,1.766825914E2,1.558740513E-1,-6.281664747E-2,1.766825024E2
8.423820632E1,2.895173997E-2,5.920684780E-4,1.346951816E-3,9.995797276E-1,1.766819113E2,1.562489902E-1,-6.334886799E-2,1.766818214E2
8.424320632E1,2.893991318E-2,5.826298147E-4,1.339807524E-3,9.995800853E-1,1.766832671E2,1.553986032E-1,-6.229327251E-2,1.766831791E2
8.424820632E1,2.892539511E-2,5.707268137E-4,1.347141573E-3,9.995805025E-1,1.766849315E2,1.561983112E-1,-6.090780780E-2,1.766848449E2
8.425320632E1,2.892952654E-2,5.743498914E-4,1.345338882E-3,9.995803833E-1,1.766844579E2,1.560040876E-1,-6.132813843E-2,1.766843708E2
8.425820632E1,2.894189856E-2,5.849268637E-4,1.340389485E-3,9.995800257E-1,1.766830395E2,1.554730056E-1,-6.255414567E-2,1.766829511E2
8.426320632E1,2.893361971E-2,5.779952044E-4,1.344325370E-3,9.995802641E-1,1.766839886E2,1.559003345E-1,-6.174840692E-2,1.766839011E2
8.426820632E1,2.893136405E-2,5.756145110E-4,1.349563594E-3,9.995803237E-1,1.766842472E2,1.564923076E-1,-6.145869908E-2,1.766841597E2
8.427320632E1,2.893337690E-2,5.768206320E-4,1.350043691E-3,9.995802641E-1,1.766840165E2,1.565514227E-1,-6.159494544E-2,1.766839287E2
8.427820632E1,2.893925734E-2,5.818831269E-4,1.354220556E-3,9.995800853E-1,1.766833423E2,1.570470082E-1,-6.216004851E-2,1.766832535E2
8.428320632E1,2.894320070E-2,5.851619644E-4,1.356522553E-3,9.995799661E-1,1.766828903E2,1.573218083E-1,-6.252736321E-2,1.766828008E2
8.428820632E1,2.895129912E-2,5.909032188E-4,1.356902532E-3,9.995797276E-1,1.766819619E2,1.573848877E-1,-6.318245094E-2,1.766818715E2
8.429320632E1,2.895124373E-2,5.914245849E-4,1.357856905E-3,9.995797276E-1,1.766819682E2,1.574959314E-1,-6.323901243E-2,1.766818777E2
8.429820632E1,2.895132086E-2,5.907444283E-4,1.356507652E-3,9.995797276E-1,1.766819594E2,1.573391312E-1,-6.316556919E-2,1.766818690E2
8.430320632E1,2.895558026E-2,5.949925981E-4,1.351571525E-3,9.995796084E-1,1.766814711E2,1.567880952E-1,-6.366787746E-2,1.766813803E2
8.430820632E1,2.896149291E-2,5.987356999E-4,1.355474698E-3,9.995794296E-1,1.766807933E2,1.572479789E-1,-6.408274364E-2,1.766807017E2
8.431320632E1,2.895537783E-2,5.945527228E-4,1.356094377E-3,9.995796084E-1,1.766814943E2,1.573046867E-1,-6.360251696E-2,1.766814033E2
8.431820632E1,2.896363535E-2,6.017567939E-4,1.352310297E-3,9.995793700E-1,1.766805476E2,1.568956820E-1,-6.443895586E-2,1.766804558E2
8.432320632E1,2.896969476E-2,6.054857513E-4,1.353024971E-3,9.995791912E-1,1.766798530E2,1.569903139E-1,-6.486275955E-2,1.766797605E2
8.432820632E1,2.896768887E-2,6.041988381E-4,1.352512627E-3,9.995792508E-1,1.766800830E2,1.569272258E-1,-6.471736796E-2,1.766799907E2
8.433320632E1,2.896985135E-2,6.060211454E-4,1.349427854E-3,9.995791912E-1,1.766798350E2,1.565800747E-1,-6.493600250E-2,1.766797427E2
8.433820632E1,2.898210007E-2,6.152818096E-4,1.347131329E-3,9.995788336E-1,1.766784309E2,1.563485764E-1,-6.600245831E-2,1.766783372E2
8.434320632E1,2.897986473E-2,6.135805743E-4,1.351761399E-3,9.995788932E-1,1.766786871E2,1.568731237E-1,-6.579256657E-2,1.766785934E2
8.434820632E1,2.897776758E-2,6.118401652E-4,1.353431959E-3,9.995789528E-1,1.766789275E2,1.570585579E-1,-6.558799599E-2,1.766788340E2
8.435320632E1,2.898177977E-2,6.159187760E-4,1.353715081E-3,9.995788336E-1,1.766784676E2,1.571047974E-1,-6.605360294E-2,1.766783733E2
8.435820632E1,2.897772626E-2,6.127440138E-4,1.353907748E-3,9.995789528E-1,1.766789323E2,1.571160554E-1,-6.568995236E-2,1.766788385E2
8.436320632E1,2.897373805E-2,6.096652942E-4,1.352639636E-3,9.995790720E-1,1.766793895E2,1.569603165E-1,-6.534214280E-2,1.766792963E2
8.436820632E1,2.898387802E-2,6.171223358E-4,1.352254651E-3,9.995787740E-1,1.766782270E2,1.569416509E-1,-6.619598358E-2,1.766781327E2
8.437320632E1,2.898800703E-2,6.211649743E-4,1.350014238E-3,9.995786548E-1,1.766777537E2,1.566987294E-1,-6.666583486E-2,1.766776589E2
8.437820632E1,2.897789564E-2,6.119295140E-4,1.350646955E-3,9.995789528E-1,1.766789129E2,1.567398586E-1,-6.560745839E-2,1.766788195E2
8.438320632E1,2.897594059E-2,6.101953331E-4,1.349262777E-3,9.995790124E-1,1.766791370E2,1.565754229E-1,-6.541372223E-2,1.766790440E2
8.438820632E1,2.898614605E-2,6.198483170E-4,1.346440520E-3,9.995787144E-1,1.766779670E2,1.562848852E-1,-6.652718300E-2,1.766778726E2
8.439320632E1,2.898834528E-2,6.202837103E-4,1.343138982E-3,9.995786548E-1,1.766777149E2,1.559083080E-1,-6.658767798E-2,1.766776207E2
8.439820632E1,2.897642702E-2,6.109478418E-4,1.338432543E-3,9.995790124E-1,1.766790812E2,1.553374197E-1,-6.553580323E-2,1.766789888E2
8.440320632E1,2.896640365E-2,6.034313701E-4,1.336232061E-3,9.995793104E-1,1.766802303E2,1.550597597E-1,-6.468370307E-2,1.766801392E2
8.440820632E1,2.897268009E-2,6.094945129E-4,1.331160543E-3,9.995791316E-1,1.766795108E2,1.544993875E-1,-6.539406024E-2,1.766794190E2
8.441320632E1,2.896877072E-2,6.054861587E-4,1.328553539E-3,9.995792508E-1,1.766799589E2,1.541872088E-1,-6.494418847E-2,1.766798680E2
8.441820632E1,2.897073795E-2,6.074708072E-4,1.329596154E-3,9.995791912E-1,1.766797334E2,1.543133508E-1,-6.516775196E-2,1.766796421E2
8.442320632E1,2.897684147E-2,6.126799271E-4,1.328632119E-3,9.995790124E-1,1.766790337E2,1.542206229E-1,-6.576668094E-2,1.766789416E2
8.442820632E1,2.897894865E-2,6.139983889E-4,1.326906844E-3,9.995789528E-1,1.766787921E2,1.540275210E-1,-6.592310620E-2,1.766787000E2
8.443320632E1,2.897296689E-2,6.085540517E-4,1.325335819E-3,9.995791316E-1,1.766794779E2,1.538290987E-1,-6.530563130E-2,1.766793867E2
8.443820632E1,2.897521626E-2,6.108153611E-4,1.320064184E-3,9.995790720E-1,1.766792200E2,1.532329224E-1,-6.558180709E-2,1.766791288E2
8.444320632E1,2.897935509E-2,6.151471753E-4,1.317464747E-3,9.995789528E-1,1.766787455E2,1.529498313E-1,-6.608598553E-2,1.766786538E2
8.444820632E1,2.897532347E-2,6.122069899E-4,1.317062881E-3,9.995790720E-1,1.766792077E2,1.528937704E-1,-6.575115808E-2,1.766791165E2
8.445320632E1,2.897131703E-2,6.084457855E-4,1.316467882E-3,9.995791912E-1,1.766796670E2,1.528128659E-1,-6.532292524E-2,1.766795764E2
8.445820632E1,2.897343514E-2,6.099953898E-4,1.314391498E-3,9.995791316E-1,1.766794242E2,1.525803131E-1,-6.550699235E-2,1.766793335E2
8.446320632E1,2.897339772E-2,6.099223392E-4,1.315249945E-3,9.995791316E-1,1.766794285E2,1.526783976E-1,-6.549578038E-2,1.766793377E2
8.446820632E1,2.897331073E-2,6.093041738E-4,1.317450893E-3,9.995791316E-1,1.766794385E2,1.529284439E-1,-6.541767936E-2,1.766793477E2
8.447320632E1,2.897542972E-2,6.110642571E-4,1.315254951E-3,9.995790720E-1,1.766791955E2,1.526828960E-1,-6.562625249E-2,1.766791046E2
8.447820632E1,2.897120899E-2,6.078195875E-4,1.319131930E-3,9.995791912E-1,1.766796794E2,1.531159294E-1,-6.524237042E-2,1.766795887E2
8.448320632E1,2.896311035E-2,6.019375869E-4,1.319006202E-3,9.995794296E-1,1.766806078E2,1.530814759E-1,-6.457028394E-2,1.766805181E2
8.448820632E1,2.896320615E-2,6.018994027E-4,1.316918526E-3,9.995794296E-1,1.766805969E2,1.528422254E-1,-6.457282459E-2,1.766805072E2
8.449320632E1,2.896306887E-2,6.020408473E-4,1.319869771E-3,9.995794296E-1,1.766806126E2,1.531807323E-1,-6.457925189E-2,1.766805228E2
8.449820632E1,2.896309294E-2,6.015686668E-4,1.319556846E-3,9.995794296E-1,1.766806098E2,1.531433231E-1,-6.452620164E-2,1.766805201E2
8.450320632E1,2.897123387E-2,6.088211667E-4,1.318123192E-3,9.995791912E-1,1.766796766E2,1.530037119E-1,-6.536043983E-2,1.766795858E2
8.450820632E1,2.896695869E-2,6.047806237E-4,1.323529519E-3,9.995793104E-1,1.766801667E2,1.536092795E-1,-6.488033066E-2,1.766800762E2
8.451320632E1,2.896276531E-2,6.013059756E-4,1.326847589E-3,9.995794296E-1,1.766806474E2,1.539775382E-1,-6.447196446E-2,1.766805572E2
8.451820632E1,2.895882661E-2,5.985181197E-4,1.324268407E-3,9.995795488E-1,1.766810989E2,1.536726032E-1,-6.416179975E-2,1.766810094E2
8.452320632E1,2.897105172E-2,6.073492114E-4,1.322797616E-3,9.995791912E-1,1.766796974E2,1.535342384E-1,-6.517634622E-2,1.766796066E2
8.452820632E1,2.897503867E-2,6.103937048E-4,1.324151061E-3,9.995790720E-1,1.766792404E2,1.536996362E-1,-6.551996637E-2,1.766791490E2
8.453320632E1,2.897295886E-2,6.084915367E-4,1.325539895E-3,9.995791316E-1,1.766794788E2,1.538522662E-1,-6.529779429E-2,1.766793876E2
8.453820632E1,2.896082587E-2,6.001365837E-4,1.324805431E-3,9.995794892E-1,1.766808697E2,1.537396158E-1,-6.434509452E-2,1.766807799E2
8.454320632E1,2.895675486E-2,5.966410972E-4,1.325427322E-3,9.995796084E-1,1.766813364E2,1.537989877E-1,-6.394327208E-2,1.766812471E2
8.454820632E1,2.896073491E-2,5.990964128E-4,1.327262376E-3,9.995794892E-1,1.766808802E2,1.540175852E-1,-6.421780981E-2,1.766807903E2
8.455320632E1,2.896697919E-2,6.041639135E-4,1.323362463E-3,9.995793104E-1,1.766801643E2,1.535880984E-1,-6.481024197E-2,1.766800739E2
8.455820632E1,2.896724309E-2,6.047677598E-4,1.317296294E-3,9.995793104E-1,1.766801341E2,1.528952790E-1,-6.489950464E-2,1.766800440E2
8.456320632E1,2.896314413E-2,6.015300169E-4,1.318450435E-3,9.995794296E-1,1.766806040E2,1.530164657E-1,-6.452543892E-2,1.766805143E2
8.456820632E1,2.896718437E-2,6.052891840E-4,1.318347757E-3,9.995793104E-1,1.766801408E2,1.530174446E-1,-6.495574900E-2,1.766800506E2
8.457320632E1,2.897549986E-2,6.114713615E-4,1.313519315E-3,9.995790720E-1,1.766791875E2,1.524854465E-1,-6.567863596E-2,1.766790966E2
8.457820632E1,2.897784250E-2,6.135323201E-4,1.306217280E-3,9.995790124E-1,1.766789189E2,1.516560434E-1,-6.593859564E-2,1.766788282E2
8.458320632E1,2.897560907E-2,6.116622826E-4,1.311018947E-3,9.995790720E-1,1.766791750E2,1.521996865E-1,-6.570879041E-2,1.766790842E2
8.458820632E1,2.896741061E-2,6.057447172E-4,1.313157263E-3,9.995793104E-1,1.766801149E2,1.524244336E-1,-6.502512259E-2,1.766800249E2
8.459320632E1,2.896736368E-2,6.052377285E-4,1.314425492E-3,9.995793104E-1,1.766801202E2,1.525680150E-1,-6.496284765E-2,1.766800303E2
8.459820632E1,2.896348403E-2,6.028774078E-4,1.310343156E-3,9.995794296E-1,1.766805650E2,1.520923227E-1,-6.470663020E-2,1.766804757E2
8.460320632E1,2.896744829E-2,6.049806834E-4,1.312678098E-3,9.995793104E-1,1.766801105E2,1.523670143E-1,-6.493919243E-2,1.766800207E2
8.460820632E1,2.896326027E-2,6.015382824E-4,1.315892907E-3,9.995794296E-1,1.766805906E2,1.527235521E-1,-6.453485643E-2,1.766805012E2
8.461320632E1,2.896536031E-2,6.038296851E-4,1.313894405E-3,9.995793700E-1,1.766803499E2,1.525023782E-1,-6.480363420E-2,1.766802602E2
8.461820632E1,2.896733772E-2,6.048807991E-4,1.315161819E-3,9.995793104E-1,1.766801232E2,1.526511699E-1,-6.491952347E-2,1.766800332E2
8.462320632E1,2.896516380E-2,6.027263007E-4,1.318724244E-3,9.995793700E-1,1.766803724E2,1.530519302E-1,-6.466124731E-2,1.766802826E2
8.462820632E1,2.896286409E-2,6.008496275E-4,1.324896584E-3,9.995794296E-1,1.766806361E2,1.537525547E-1,-6.442615296E-2,1.766805461E2
8.463320632E1,2.897125567E-2,6.077088765E-4,1.318157418E-3,9.995791912E-1,1.766796741E2,1.530039407E-1,-6.523291740E-2,1.766795835E2
8.463820632E1,2.897545077E-2,6.114857388E-4,1.314595109E-3,9.995790720E-1,1.766791931E2,1.526087163E-1,-6.567671817E-2,1.766791022E2
8.464320632E1,2.896503220E-2,6.035196129E-4,1.321249641E-3,9.995793700E-1,1.766803875E2,1.533438232E-1,-6.474375373E-2,1.766802974E2
8.464820632E1,2.896707368E-2,6.053280667E-4,1.320759649E-3,9.995793104E-1,1.766801535E2,1.532938334E-1,-6.495221348E-2,1.766800631E2
8.465320632E1,2.897127760E-2,6.083244807E-4,1.317391288E-3,9.995791912E-1,1.766796715E2,1.529182308E-1,-6.530597094E-2,1.766795809E2
8.465820632E1,2.897341687E-2,6.094711716E-4,1.315037254E-3,9.995791316E-1,1.766794263E2,1.526525385E-1,-6.544480538E-2,1.766793356E2
8.466320632E1,2.897138195E-2,6.091424730E-4,1.314715715E-3,9.995791912E-1,1.766796596E2,1.526144837E-1,-6.540853339E-2,1.766795690E2
8.466820632E1,2.897523293E-2,6.116042496E-4,1.319332980E-3,9.995790720E-1,1.766792181E2,1.531517883E-1,-6.567459437E-2,1.766791268E2
8.467320632E1,2.897159486E-2,6.089075468E-4,1.310124760E-3,9.995791912E-1,1.766796352E2,1.520878531E-1,-6.539683360E-2,1.766795449E2
8.467820632E1,2.897362015E-2,6.099264137E-4,1.310339081E-3,9.995791316E-1,1.766794030E2,1.521159177E-1,-6.551251830E-2,1.766793126E2
8.468320632E1,2.898345646E-2,6.187015097E-4,1.316023874E-3,9.995788336E-1,1.766782754E2,1.527968656E-1,-6.649726890E-2,1.766781832E2
8.468820632E1,2.899156379E-2,6.240560324E-4,1.316008507E-3,9.995785952E-1,1.766773459E2,1.528134350E-1,-6.710940538E-2,1.766772529E2
8.469320632E1,2.897943378E-2,6.154120783E-4,1.315608853E-3,9.995789528E-1,1.766787365E2,1.527381356E-1,-6.612247959E-2,1.766786449E2
8.469820632E1,2.898131830E-2,6.154837320E-4,1.319344155E-3,9.995788932E-1,1.766785205E2,1.531663531E-1,-6.611799373E-2,1.766784286E2
8.470320632E1,2.899337977E-2,6.262251991E-4,1.320237061E-3,9.995785356E-1,1.766771378E2,1.533051179E-1,-6.734354192E-2,1.766770441E2
8.470820632E1,2.898946168E-2,6.222964730E-4,1.317874994E-3,9.995786548E-1,1.766775869E2,1.530212422E-1,-6.690198044E-2,1.766774941E2
8.471320632E1,2.898536861E-2,6.186189130E-4,1.319217612E-3,9.995787740E-1,1.766780562E2,1.531625406E-1,-6.647690748E-2,1.766779638E2
8.471820632E1,2.898327233E-2,6.184308440E-4,1.320199575E-3,9.995788336E-1,1.766782965E2,1.532742541E-1,-6.645242521E-2,1.766782041E2
8.472320632E1,2.898888137E-2,6.221106160E-4,1.330665778E-3,9.995786548E-1,1.766776535E2,1.544856879E-1,-6.683828989E-2,1.766775598E2
8.472820632E1,2.899674242E-2,6.270252052E-4,1.336166402E-3,9.995784163E-1,1.766767523E2,1.551326059E-1,-6.738173023E-2,1.766766574E2
8.473320632E1,2.899473884E-2,6.263982505E-4,1.335349400E-3,9.995784760E-1,1.766769820E2,1.550368052E-1,-6.731294234E-2,1.766768873E2
8.473820632E1,2.898858890E-2,6.216684706E-4,1.337227761E-3,9.995786548E-1,1.766776870E2,1.552358323E-1,-6.676589175E-2,1.766775929E2
8.474320632E1,2.899024592E-2,6.224476965E-4,1.345472294E-3,9.995785952E-1,1.766774970E2,1.561828899E-1,-6.682750008E-2,1.766774023E2
8.474820632E1,2.899248864E-2,6.240726216E-4,1.340667834E-3,9.995785356E-1,1.766772399E2,1.556381189E-1,-6.702923623E-2,1.766771452E2
8.475320632E1,2.899061794E-2,6.229928113E-4,1.337178634E-3,9.995785952E-1,1.766774544E2,1.552347405E-1,-6.691743421E-2,1.766773601E2
8.475820632E1,2.898271204E-2,6.172326976E-4,1.332998741E-3,9.995788336E-1,1.766783607E2,1.547362995E-1,-6.627276194E-2,1.766782676E2
8.476320632E1,2.898481939E-2,6.184942322E-4,1.331288018E-3,9.995787740E-1,1.766781191E2,1.545446773E-1,-6.642261828E-2,1.766780260E2
8.476820632E1,2.899075131E-2,6.233445019E-4,1.334119705E-3,9.995785952E-1,1.766774391E2,1.548855373E-1,-6.696785966E-2,1.766773450E2
8.477320632E1,2.898261419E-2,6.168753025E-4,1.335289562E-3,9.995788336E-1,1.766783719E2,1.549975048E-1,-6.622423146E-2,1.766782788E2
8.477820632E1,2.897648134E-2,6.112890551E-4,1.337099937E-3,9.995790124E-1,1.766790750E2,1.551859148E-1,-6.557930349E-2,1.766789826E2
8.478320632E1,2.897859268E-2,6.132752169E-4,1.334990724E-3,9.995789528E-1,1.766788329E2,1.549510525E-1,-6.581348159E-2,1.766787404E2
8.478820632E1,2.897658378E-2,6.113370182E-4,1.334856148E-3,9.995790124E-1,1.766790632E2,1.549290691E-1,-6.559223210E-2,1.766789710E2
8.479320632E1,2.897435910E-2,6.104481290E-4,1.338913920E-3,9.995790720E-1,1.766793183E2,1.553907635E-1,-6.547728748E-2,1.766792259E2
8.479820632E1,2.898085576E-2,6.158873439E-4,1.329278690E-3,9.995788932E-1,1.766785735E2,1.543056002E-1,-6.613130251E-2,1.766784809E2
8.480320632E1,2.898495824E-2,6.182712968E-4,1.328365295E-3,9.995787740E-1,1.766781032E2,1.542091669E-1,-6.640676896E-2,1.766780103E2
8.480820632E1,2.898073988E-2,6.148687098E-4,1.332273358E-3,9.995788932E-1,1.766785868E2,1.546452294E-1,-6.600469723E-2,1.766784941E2
8.481320632E1,2.897635310E-2,6.119298632E-4,1.339583774E-3,9.995790124E-1,1.766790897E2,1.554725420E-1,-6.564447603E-2,1.766789970E2
8.481820632E1,2.897616212E-2,6.108840462E-4,1.344184158E-3,9.995790124E-1,1.766791116E2,1.559960012E-1,-6.550943868E-2,1.766790188E2
8.482320632E1,2.898014399E-2,6.137698656E-4,1.345674740E-3,9.995788932E-1,1.766786551E2,1.561765830E-1,-6.583441846E-2,1.766785617E2
8.482820632E1,2.898016845E-2,6.148938555E-4,1.344634569E-3,9.995788932E-1,1.766786523E2,1.560611726E-1,-6.596661458E-2,1.766785588E2
8.483320632E1,2.897229015E-2,6.083734334E-4,1.340130111E-3,9.995791316E-1,1.766795555E2,1.555230463E-1,-6.523592865E-2,1.766794633E2
8.483820632E1,2.897859577E-2,6.129257963E-4,1.335084089E-3,9.995789528E-1,1.766788326E2,1.549605867E-1,-6.577314726E-2,1.766787401E2
8.484320632E1,2.898467214E-2,6.189286360E-4,1.334288740E-3,9.995787740E-1,1.766781360E2,1.548898238E-1,-6.646243222E-2,1.766780426E2
8.484820632E1,2.898892979E-2,6.220645155E-4,1.329632010E-3,9.995786548E-1,1.766776479E2,1.543671265E-1,-6.683643607E-2,1.766775543E2
8.485320632E1,2.899107324E-2,6.237461930E-4,1.326916856E-3,9.995785952E-1,1.766774022E2,1.540618536E-1,-6.703775032E-2,1.766773085E2
8.485820632E1,2.899332542E-2,6.251059822E-4,1.321959775E-3,9.995785356E-1,1.766771440E2,1.534987212E-1,-6.720962777E-2,1.766770504E2
8.486320632E1,2.897923883E-2,6.148841931E-4,1.320141950E-3,9.995789528E-1,1.766787589E2,1.532556067E-1,-6.604698981E-2,1.766786670E2
8.486820632E1,2.897935009E-2,6.141936756E-4,1.318019349E-3,9.995789528E-1,1.766787461E2,1.530101905E-1,-6.597492748E-2,1.766786545E2
8.487320632E1,2.898549431E-2,6.196779432E-4,1.315954607E-3,9.995787740E-1,1.766780417E2,1.527923106E-1,-6.660903141E-2,1.766779494E2
8.487820632E1,2.899568329E-2,6.279801601E-4,1.313927234E-3,9.995784760E-1,1.766768737E2,1.525883548E-1,-6.756517366E-2,1.766767802E2
8.488320632E1,2.898751839E-2,6.214354071E-4,1.315816422E-3,9.995787144E-1,1.766778097E2,1.527824555E-1,-6.681048679E-2,1.766777171E2
8.488820632E1,2.897131226E-2,6.087045185E-4,1.316453214E-3,9.995791912E-1,1.766796676E2,1.528120444E-1,-6.535261083E-2,1.766795769E2
8.489320632E1,2.897328002E-2,6.101740873E-4,1.317723771E-3,9.995791316E-1,1.766794420E2,1.529625867E-1,-6.551642087E-2,1.766793510E2
8.489820632E1,2.897956010E-2,6.155301817E-4,1.312767854E-3,9.995789528E-1,1.766787220E2,1.524131179E-1,-6.614542294E-2,1.766786306E2
8.490320632E1,2.897555704E-2,6.118534948E-4,1.312079257E-3,9.995790720E-1,1.766791810E2,1.523217698E-1,-6.572717970E-2,1.766790901E2
8.490820632E1,2.896734932E-2,6.055550184E-4,1.314595924E-3,9.995793104E-1,1.766801219E2,1.525885892E-1,-6.499862755E-2,1.766800319E2
8.491320632E1,2.896745327E-2,6.048221840E-4,1.312641311E-3,9.995793104E-1,1.766801100E2,1.523622747E-1,-6.492115872E-2,1.766800202E2
8.491820632E1,2.895732463E-2,5.973119405E-4,1.312615233E-3,9.995796084E-1,1.766812711E2,1.523337069E-1,-6.406254018E-2,1.766811825E2
8.492320632E1,2.895713978E-2,5.965001183E-4,1.317054848E-3,9.995796084E-1,1.766812923E2,1.528395308E-1,-6.395484732E-2,1.766812035E2
8.492820632E1,2.897339382E-2,6.102939369E-4,1.315163565E-3,9.995791316E-1,1.766794289E2,1.526697369E-1,-6.553863183E-2,1.766793381E2
8.493320632E1,2.897773499E-2,6.131698610E-4,1.308770035E-3,9.995790124E-1,1.766789313E2,1.519472343E-1,-6.588861774E-2,1.766788404E2
8.493820632E1,2.895959565E-2,5.994353560E-4,1.306922408E-3,9.995795488E-1,1.766810108E2,1.516888227E-1,-6.432430964E-2,1.766809222E2
8.494320632E1,2.895335020E-2,5.937256501E-4,1.311134547E-3,9.995797276E-1,1.766817267E2,1.521519494E-1,-6.365727264E-2,1.766816388E2
8.494820632E1,2.896107216E-2,5.997047992E-4,1.319606672E-3,9.995794892E-1,1.766808415E2,1.531427138E-1,-6.431285215E-2,1.766807521E2
8.495320632E1,2.896921067E-2,6.071050884E-4,1.318181166E-3,9.995792508E-1,1.766799085E2,1.530045230E-1,-6.516399166E-2,1.766798180E2
8.495820632E1,2.897134484E-2,6.082163891E-4,1.315961708E-3,9.995791912E-1,1.766796638E2,1.527541271E-1,-6.529832564E-2,1.766795733E2
8.496320632E1,2.897124881E-2,6.075048586E-4,1.318402239E-3,9.995791912E-1,1.766796748E2,1.530313056E-1,-6.520873676E-2,1.766795843E2
8.496820632E1,2.896320926E-2,6.015647668E-4,1.317002927E-3,9.995794296E-1,1.766805965E2,1.528507825E-1,-6.453421365E-2,1.766805069E2
8.497320632E1,2.896523490E-2,6.031473749E-4,1.316969050E-3,9.995793700E-1,1.766803643E2,1.528522862E-1,-6.471529365E-2,1.766802745E2
8.497820632E1,2.897335533E-2,6.096903817E-4,1.316291047E-3,9.995791316E-1,1.766794334E2,1.527968763E-1,-6.546576100E-2,1.766793426E2
8.498320632E1,2.898353460E-2,6.176579627E-4,1.314792549E-3,9.995788336E-1,1.766782664E2,1.526523643E-1,-6.638181530E-2,1.766781745E2
8.498820632E1,2.897753567E-2,6.138003082E-4,1.312881359E-3,9.995790124E-1,1.766789541E2,1.524202406E-1,-6.594720920E-2,1.766788629E2
8.499320632E1,2.896562103E-2,6.045239861E-4,1.307813334E-3,9.995793700E-1,1.766803200E2,1.518081520E-1,-6.490330696E-2,1.766802306E2
8.499820632E1,2.896568712E-2,6.032966194E-4,1.306916005E-3,9.995793700E-1,1.766803124E2,1.517012987E-1,-6.476568869E-2,1.766802233E2
8.500320632E1,2.896754038E-2,6.059264997E-4,1.310207415E-3,9.995793104E-1,1.766801000E2,1.520871592E-1,-6.505571689E-2,1.766800102E2
8.500820632E1,2.896962674E-2,6.067153881E-4,1.309185987E-3,9.995792508E-1,1.766798608E2,1.519729160E-1,-6.514915230E-2,1.766797709E2
8.501320632E1,2.896555640E-2,6.031761877E-4,1.309865620E-3,9.995793700E-1,1.766803274E2,1.520387500E-1,-6.474212322E-2,1.766802381E2
8.501820632E1,2.895323129E-2,5.934009096E-4,1.313904533E-3,9.995797276E-1,1.766817404E2,1.524681487E-1,-6.361090334E-2,1.766816523E2
8.502320632E1,2.895092869E-2,5.911952467E-4,1.320275944E-3,9.995797873E-1,1.766820043E2,1.531904890E-1,-6.333747241E-2,1.766819162E2
8.502820632E1,2.895523816E-2,5.957738613E-4,1.313951216E-3,9.995796680E-1,1.766815103E2,1.524814977E-1,-6.388224835E-2,1.766814218E2
8.503320632E1,2.896137497E-2,6.001954898E-4,1.312720007E-3,9.995794892E-1,1.766808068E2,1.523555382E-1,-6.439186674E-2,1.766807177E2
8.503820632E1,2.895304073E-2,5.937308888E-4,1.317948452E-3,9.995797276E-1,1.766817622E2,1.529324368E-1,-6.363531218E-2,1.766816738E2
8.504320632E1,2.895093922E-2,5.921082338E-4,1.319635776E-3,9.995797873E-1,1.766820031E2,1.531201916E-1,-6.344417132E-2,1.766819149E2
8.504820632E1,2.895307631E-2,5.935946247E-4,1.317227841E-3,9.995797276E-1,1.766817581E2,1.528494455E-1,-6.362208947E-2,1.766816698E2
8.505320632E1,2.895106575E-2,5.917313392E-4,1.317026326E-3,9.995797873E-1,1.766819886E2,1.528200532E-1,-6.340963835E-2,1.766819006E2
8.505820632E1,2.895297066E-2,5.939928233E-4,1.319368952E-3,9.995797276E-1,1.766817702E2,1.530960107E-1,-6.366061276E-2,1.766816817E2
8.506320632E1,2.896309856E-2,6.011790247E-4,1.319610979E-3,9.995794296E-1,1.766806092E2,1.531482308E-1,-6.448139019E-2,1.766805195E2
8.506820632E1,2.895691738E-2,5.960014532E-4,1.322160475E-3,9.995796084E-1,1.766813178E2,1.534226789E-1,-6.388082048E-2,1.766812288E2
8.507320632E1,2.894662843E-2,5.889341701E-4,1.325312420E-3,9.995799065E-1,1.766824973E2,1.537596124E-1,-6.306243329E-2,1.766824092E2
8.507820632E1,2.895043827E-2,5.906760343E-4,1.331216889E-3,9.995797873E-1,1.766820606E2,1.544419514E-1,-6.324177788E-2,1.766819718E2
8.508320632E1,2.896063210E-2,5.987997283E-4,1.329637482E-3,9.995794892E-1,1.766808919E2,1.542886471E-1,-6.417596005E-2,1.766808020E2
8.508820632E1,2.896065128E-2,5.995235988E-4,1.328893239E-3,9.995794892E-1,1.766808897E2,1.542058025E-1,-6.426134163E-2,1.766807997E2
8.509320632E1,2.895443185E-2,5.941087729E-4,1.332344604E-3,9.995796680E-1,1.766816027E2,1.545827672E-1,-6.363061669E-2,1.766815134E2
8.509820632E1,2.895818512E-2,5.976868561E-4,1.338594127E-3,9.995795488E-1,1.766811725E2,1.553107237E-1,-6.401914332E-2,1.766810821E2
8.510320632E1,2.895460211E-2,5.943524302E-4,1.328530372E-3,9.995796680E-1,1.766815832E2,1.541466905E-1,-6.367115549E-2,1.766814941E2
8.510820632E1,2.894449171E-2,5.865749554E-4,1.328067970E-3,9.995799661E-1,1.766827423E2,1.540672829E-1,-6.278338951E-2,1.766826544E2
8.511320632E1,2.894839090E-2,5.894546048E-4,1.331525738E-3,9.995798469E-1,1.766822953E2,1.544731465E-1,-6.310116291E-2,1.766822067E2
8.511820632E1,2.895851769E-2,5.973490770E-4,1.331531676E-3,9.995795488E-1,1.766811343E2,1.545006650E-1,-6.400383800E-2,1.766810445E2
8.512320632E1,2.896268934E-2,6.010145298E-4,1.328636659E-3,9.995794296E-1,1.766806561E2,1.541814926E-1,-6.443265510E-2,1.766805659E2
8.512820632E1,2.895661449E-2,5.961344577E-4,1.328717801E-3,9.995796084E-1,1.766813525E2,1.541742010E-1,-6.387434274E-2,1.766812631E2
8.513320632E1,2.895662624E-2,5.964645534E-4,1.328313607E-3,9.995796084E-1,1.766813512E2,1.541289993E-1,-6.391349244E-2,1.766812617E2
8.513820632E1,2.896695124E-2,6.044929032E-4,1.323824050E-3,9.995793104E-1,1.766801675E2,1.536420605E-1,-6.484639764E-2,1.766800771E2
8.514320632E1,2.897303546E-2,6.100312457E-4,1.323155826E-3,9.995791316E-1,1.766794700E2,1.535843036E-1,-6.548206144E-2,1.766793787E2
8.514820632E1,2.896900463E-2,6.059464067E-4,1.323232660E-3,9.995792508E-1,1.766799321E2,1.535792793E-1,-6.501453446E-2,1.766798415E2
8.515320632E1,2.895478362E-2,5.955625093E-4,1.324024750E-3,9.995796680E-1,1.766815624E2,1.536346269E-1,-6.382468405E-2,1.766814733E2
8.515820632E1,2.895281008E-2,5.932197673E-4,1.323234872E-3,9.995797276E-1,1.766817887E2,1.535362521E-1,-6.355926237E-2,1.766817000E2
8.516320632E1,2.895295385E-2,5.941128475E-4,1.319683623E-3,9.995797276E-1,1.766817722E2,1.531324514E-1,-6.367331929E-2,1.766816836E2
8.516820632E1,2.895874326E-2,5.987401819E-4,1.325989608E-3,9.995795488E-1,1.766811085E2,1.538704874E-1,-6.418153649E-2,1.766810188E2
8.517320632E1,2.895466422E-2,5.947523168E-4,1.326996833E-3,9.995796680E-1,1.766815761E2,1.539723642E-1,-6.372203866E-2,1.766814870E2
8.517820632E1,2.894876428E-2,5.897728261E-4,1.323241508E-3,9.995798469E-1,1.766822525E2,1.535253195E-1,-6.316503728E-2,1.766821644E2
8.518320632E1,2.894470046E-2,5.865618004E-4,1.323516248E-3,9.995799661E-1,1.766827183E2,1.535458812E-1,-6.279694818E-2,1.766826307E2
8.518820632E1,2.895286683E-2,5.935764639E-4,1.321832533E-3,9.995797276E-1,1.766817821E2,1.533768102E-1,-6.360476365E-2,1.766816935E2
8.519320632E1,2.896508484E-2,6.035781698E-4,1.320068375E-3,9.995793700E-1,1.766803815E2,1.532087145E-1,-6.475437387E-2,1.766802914E2
8.519820632E1,2.895920561E-2,5.994571839E-4,1.315526897E-3,9.995795488E-1,1.766810555E2,1.526744596E-1,-6.429831444E-2,1.766809663E2
8.520320632E1,2.894717505E-2,5.892217159E-4,1.313190325E-3,9.995799065E-1,1.766824347E2,1.523720914E-1,-6.313549702E-2,1.766823473E2
8.520820632E1,2.894280546E-2,5.861031823E-4,1.320140553E-3,9.995800257E-1,1.766829356E2,1.531575764E-1,-6.275590370E-2,1.766828482E2
8.521320632E1,2.894701094E-2,5.892150220E-4,1.316805836E-3,9.995799065E-1,1.766824535E2,1.527861927E-1,-6.312276202E-2,1.766823659E2
8.521820632E1,2.895302711E-2,5.941034760E-4,1.318079769E-3,9.995797276E-1,1.766817638E2,1.529487136E-1,-6.367755600E-2,1.766816753E2
8.522320632E1,2.895087118E-2,5.924143479E-4,1.320990385E-3,9.995797873E-1,1.766820109E2,1.532763648E-1,-6.347475103E-2,1.766819225E2
8.522820632E1,2.895472361E-2,5.948461476E-4,1.325658173E-3,9.995796680E-1,1.766815693E2,1.538193443E-1,-6.373721896E-2,1.766814802E2
8.523320632E1,2.895869947E-2,5.974629312E-4,1.327521168E-3,9.995795488E-1,1.766811135E2,1.540416763E-1,-6.403016008E-2,1.766810239E2
8.523820632E1,2.895881382E-2,5.975916283E-4,1.324966317E-3,9.995795488E-1,1.766811004E2,1.537494688E-1,-6.405336221E-2,1.766810109E2
8.524320632E1,2.895872252E-2,5.974470405E-4,1.327025471E-3,9.995795488E-1,1.766811109E2,1.539848461E-1,-6.402998133E-2,1.766810213E2
8.524820632E1,2.895855204E-2,5.975940148E-4,1.330674393E-3,9.995795488E-1,1.766811304E2,1.544032838E-1,-6.403473359E-2,1.766810406E2
8.525320632E1,2.896068006E-2,5.989735364E-4,1.328514074E-3,9.995794892E-1,1.766808864E2,1.541605478E-1,-6.419958952E-2,1.766807965E2
8.525820632E1,2.894858978E-2,5.894289934E-4,1.327206381E-3,9.995798469E-1,1.766822725E2,1.539783190E-1,-6.311252741E-2,1.766821842E2
8.526320632E1,2.895243086E-2,5.928845494E-4,1.331655658E-3,9.995797276E-1,1.766818321E2,1.544996635E-1,-6.349298516E-2,1.766817430E2
8.526820632E1,2.896435466E-2,6.015532999E-4,1.336906804E-3,9.995793700E-1,1.766804652E2,1.551306807E-1,-6.446666081E-2,1.766803743E2
8.527320632E1,2.895660727E-2,5.967080360E-4,1.328617800E-3,9.995796084E-1,1.766813533E2,1.541646495E-1,-6.394037530E-2,1.766812638E2
8.527820632E1,2.894647950E-2,5.885452847E-4,1.328733633E-3,9.995799065E-1,1.766825144E2,1.541501914E-1,-6.300656337E-2,1.766824261E2
8.528320632E1,2.895250183E-2,5.936117377E-4,1.329787425E-3,9.995797276E-1,1.766818240E2,1.542880865E-1,-6.358246726E-2,1.766817349E2
8.528820632E1,2.896072297E-2,5.987155018E-4,1.327694743E-3,9.995794892E-1,1.766808815E2,1.540658450E-1,-6.417274590E-2,1.766807917E2
8.529320632E1,2.895885948E-2,5.983054871E-4,1.323645469E-3,9.995795488E-1,1.766810952E2,1.536005460E-1,-6.413950628E-2,1.766810057E2
8.529820632E1,2.895478260E-2,5.955267698E-4,1.324063167E-3,9.995796680E-1,1.766815625E2,1.536389087E-1,-6.382046301E-2,1.766814735E2
8.530320632E1,2.895272952E-2,5.931115593E-4,1.325044781E-3,9.995797276E-1,1.766817979E2,1.537432016E-1,-6.354087526E-2,1.766817091E2
8.530820632E1,2.895478414E-2,5.940980045E-4,1.324671204E-3,9.995796680E-1,1.766815623E2,1.537038146E-1,-6.365478960E-2,1.766814735E2
8.531320632E1,2.894884935E-2,5.896461662E-4,1.321435557E-3,9.995798469E-1,1.766822427E2,1.533180444E-1,-6.315650719E-2,1.766821547E2
8.531820632E1,2.894278040E-2,5.862892722E-4,1.320607262E-3,9.995800257E-1,1.766829385E2,1.532116507E-1,-6.277567499E-2,1.766828511E2
8.532320632E1,2.894276047E-2,5.851993919E-4,1.321527059E-3,9.995800257E-1,1.766829407E2,1.533133914E-1,-6.264778871E-2,1.766828535E2
8.532820632E1,2.894879883E-2,5.898666568E-4,1.322443481E-3,9.995798469E-1,1.766822485E2,1.534342240E-1,-6.317842703E-2,1.766821604E2
8.533320632E1,2.894869447E-2,5.897138035E-4,1.324794139E-3,9.995798469E-1,1.766822605E2,1.537029634E-1,-6.315313670E-2,1.766821723E2
8.533820632E1,2.894451486E-2,5.873735645E-4,1.327210222E-3,9.995799661E-1,1.766827396E2,1.539716838E-1,-6.287770645E-2,1.766826516E2
8.534320632E1,2.894653485E-2,5.884490674E-4,1.327570062E-3,9.995799065E-1,1.766825080E2,1.540165960E-1,-6.299939348E-2,1.766824199E2
8.534820632E1,2.895260117E-2,5.931972410E-4,1.327808131E-3,9.995797276E-1,1.766818126E2,1.540600020E-1,-6.354154098E-2,1.766817237E2
8.535320632E1,2.895057520E-2,5.921249394E-4,1.327590435E-3,9.995797873E-1,1.766820449E2,1.540313798E-1,-6.341975036E-2,1.766819561E2
8.535820632E1,2.895056255E-2,5.910136970E-4,1.328361221E-3,9.995797873E-1,1.766820463E2,1.541159808E-1,-6.328990963E-2,1.766819577E2
8.536320632E1,2.895474935E-2,5.954956287E-4,1.324804034E-3,9.995796680E-1,1.766815663E2,1.537236648E-1,-6.381444287E-2,1.766814772E2
8.536820632E1,2.895886829E-2,5.978529807E-4,1.323657227E-3,9.995795488E-1,1.766810941E2,1.536003917E-1,-6.408763429E-2,1.766810047E2
8.537320632E1,2.895665065E-2,5.961318966E-4,1.327930717E-3,9.995796084E-1,1.766813484E2,1.540840393E-1,-6.387665557E-2,1.766812590E2
8.537820632E1,2.896058481E-2,6.000900757E-4,1.330085564E-3,9.995794892E-1,1.766808974E2,1.543442516E-1,-6.432228107E-2,1.766808072E2
8.538320632E1,2.897286777E-2,6.099595339E-4,1.326855621E-3,9.995791316E-1,1.766794892E2,1.540078424E-1,-6.546158925E-2,1.766793977E2
8.538820632E1,2.897496243E-2,6.103146588E-4,1.325854682E-3,9.995790720E-1,1.766792491E2,1.538945077E-1,-6.550526722E-2,1.766791576E2
8.539320632E1,2.896659462E-2,6.046757917E-4,1.331521315E-3,9.995793104E-1,1.766802084E2,1.545243171E-1,-6.484185066E-2,1.766801174E2
8.539820632E1,2.897076495E-2,6.067500217E-4,1.329336897E-3,9.995791912E-1,1.766797303E2,1.542812632E-1,-6.508604731E-2,1.766796391E2
8.540320632E1,2.897884517E-2,6.146235391E-4,1.328875893E-3,9.995789528E-1,1.766788040E2,1.542551322E-1,-6.598819008E-2,1.766787116E2
8.540820632E1,2.898302905E-2,6.170131965E-4,1.326190191E-3,9.995788336E-1,1.766783244E2,1.539557158E-1,-6.627018377E-2,1.766782318E2
8.541320632E1,2.897697103E-2,6.128993118E-4,1.325702062E-3,9.995790124E-1,1.766790189E2,1.538857407E-1,-6.580151959E-2,1.766789269E2
8.541820632E1,2.897081788E-2,6.067484501E-4,1.328183571E-3,9.995791912E-1,1.766797242E2,1.541491553E-1,-6.508968805E-2,1.766796331E2
8.542320632E1,2.897674902E-2,6.119934260E-4,1.330962754E-3,9.995790124E-1,1.766790443E2,1.544852964E-1,-6.568032198E-2,1.766789522E2
8.542820632E1,2.898273394E-2,6.173679722E-4,1.332459738E-3,9.995788336E-1,1.766783582E2,1.546750109E-1,-6.629004353E-2,1.766782651E2
8.543320632E1,2.899276987E-2,6.240622606E-4,1.334576984E-3,9.995785356E-1,1.766772077E2,1.549404358E-1,-6.704824205E-2,1.766771134E2
8.543820632E1,2.898890087E-2,6.220749347E-4,1.330257626E-3,9.995786548E-1,1.766776512E2,1.544388194E-1,-6.683555570E-2,1.766775576E2
8.544320632E1,2.898486393E-2,6.182462093E-4,1.330433181E-3,9.995787740E-1,1.766781140E2,1.544459403E-1,-6.639704139E-2,1.766780209E2
8.544820632E1,2.897465397E-2,6.107252557E-4,1.332390471E-3,9.995790720E-1,1.766792845E2,1.546444837E-1,-6.553064477E-2,1.766791925E2
8.545320632E1,2.897843530E-2,6.127699162E-4,1.338634058E-3,9.995789528E-1,1.766788510E2,1.553666846E-1,-6.574352844E-2,1.766787583E2
8.545820632E1,2.899280089E-2,6.243718090E-4,1.333758002E-3,9.995785356E-1,1.766772041E2,1.548476573E-1,-6.708641494E-2,1.766771099E2
8.546320632E1,2.898892028E-2,6.219238858E-4,1.329905237E-3,9.995786548E-1,1.766776490E2,1.543979550E-1,-6.681942169E-2,1.766775554E2
8.546820632E1,2.897894514E-2,6.133966963E-4,1.327261678E-3,9.995789528E-1,1.766787925E2,1.540661665E-1,-6.585300852E-2,1.766787005E2
8.547320632E1,2.897270985E-2,6.091415416E-4,1.330674277E-3,9.995791316E-1,1.766795074E2,1.544425187E-1,-6.535523959E-2,1.766794157E2
8.547820632E1,2.898081983E-2,6.148804096E-4,1.330527593E-3,9.995788932E-1,1.766785776E2,1.544453074E-1,-6.601182276E-2,1.766784851E2
8.548320632E1,2.898710079E-2,6.200126372E-4,1.325650373E-3,9.995787144E-1,1.766778576E2,1.539041171E-1,-6.661491568E-2,1.766777646E2
8.548820632E1,2.898307235E-2,6.179952761E-4,1.324785990E-3,9.995788336E-1,1.766783194E2,1.537981384E-1,-6.638733156E-2,1.766782267E2
8.549320632E1,2.897910765E-2,6.137073506E-4,1.323564793E-3,9.995789528E-1,1.766787739E2,1.536437544E-1,-6.590084367E-2,1.766786820E2
8.549820632E1,2.897094013E-2,6.075710990E-4,1.325137448E-3,9.995791912E-1,1.766797102E2,1.538029805E-1,-6.519401106E-2,1.766796192E2
8.550320632E1,2.897470738E-2,6.112084375E-4,1.331006759E-3,9.995790720E-1,1.766792784E2,1.544875962E-1,-6.559057619E-2,1.766791864E2
8.550820632E1,2.898492721E-2,6.185169332E-4,1.328927814E-3,9.995787740E-1,1.766781068E2,1.542744137E-1,-6.643304133E-2,1.766780137E2
8.551320632E1,2.899316233E-2,6.245556870E-4,1.325791352E-3,9.995785356E-1,1.766771627E2,1.539357642E-1,-6.713388989E-2,1.766770689E2
8.551820632E1,2.898514824E-2,6.186761893E-4,1.324023819E-3,9.995787740E-1,1.766780814E2,1.537132362E-1,-6.646753781E-2,1.766779887E2
8.552320632E1,2.897689193E-2,6.128727109E-4,1.327442122E-3,9.995790124E-1,1.766790279E2,1.540849599E-1,-6.579270676E-2,1.766789359E2
8.552820632E1,2.897879479E-2,6.131781847E-4,1.330640982E-3,9.995789528E-1,1.766788098E2,1.544525085E-1,-6.581678058E-2,1.766787175E2
8.553320632E1,2.898697471E-2,6.199881318E-4,1.328415819E-3,9.995787144E-1,1.766778720E2,1.542207913E-1,-6.660294202E-2,1.766777788E2
8.553820632E1,2.899121733E-2,6.231056759E-4,1.324066543E-3,9.995785952E-1,1.766773857E2,1.537332502E-1,-6.697383060E-2,1.766772923E2
8.554320632E1,2.898706053E-2,6.199019263E-4,1.326582278E-3,9.995787144E-1,1.766778622E2,1.540104903E-1,-6.659914511E-2,1.766777691E2
8.554820632E1,2.897489006E-2,6.112433039E-4,1.327007893E-3,9.995790720E-1,1.766792574E2,1.540296794E-1,-6.560781940E-2,1.766791657E2
8.555320632E1,2.897497188E-2,6.113433046E-4,1.325174118E-3,9.995790720E-1,1.766792480E2,1.538199697E-1,-6.562535004E-2,1.766791564E2
8.555820632E1,2.899117802E-2,6.229670253E-4,1.324992045E-3,9.995785952E-1,1.766773902E2,1.538387972E-1,-6.695488041E-2,1.766772967E2
8.556320632E1,2.899515441E-2,6.272600149E-4,1.325887977E-3,9.995784760E-1,1.766769343E2,1.539559519E-1,-6.744302467E-2,1.766768401E2
8.556820632E1,2.898483771E-2,6.184008089E-4,1.330932369E-3,9.995787740E-1,1.766781170E2,1.545036309E-1,-6.641309572E-2,1.766780239E2
8.557320632E1,2.897490500E-2,6.101021427E-4,1.327206963E-3,9.995790720E-1,1.766792557E2,1.540486933E-1,-6.547644367E-2,1.766791641E2
8.557820632E1,2.897490262E-2,6.106100045E-4,1.327025355E-3,9.995790720E-1,1.766792560E2,1.540295775E-1,-6.553521925E-2,1.766791643E2
8.558320632E1,2.898280460E-2,6.174034788E-4,1.330905478E-3,9.995788336E-1,1.766783501E2,1.544971030E-1,-6.629926179E-2,1.766782571E2
8.558820632E1,2.899117247E-2,6.242938107E-4,1.324489014E-3,9.995785952E-1,1.766773908E2,1.537855861E-1,-6.710852683E-2,1.766772972E2
8.559320632E1,2.898717740E-2,6.203141529E-4,1.323833014E-3,9.995787144E-1,1.766778488E2,1.536969570E-1,-6.665547737E-2,1.766777558E2
8.559820632E1,2.898489064E-2,6.185534294E-4,1.329708379E-3,9.995787740E-1,1.766781109E2,1.543639411E-1,-6.643463471E-2,1.766780179E2
8.560320632E1,2.897856064E-2,6.131568225E-4,1.335740439E-3,9.995789528E-1,1.766788366E2,1.550365322E-1,-6.579743562E-2,1.766787440E2
8.560820632E1,2.898087853E-2,6.153181312E-4,1.329045976E-3,9.995788932E-1,1.766785709E2,1.542770552E-1,-6.606687233E-2,1.766784784E2
8.561320632E1,2.898907353E-2,6.220703362E-4,1.326491707E-3,9.995786548E-1,1.766776314E2,1.540074539E-1,-6.684751269E-2,1.766775380E2
8.561820632E1,2.898458424E-2,6.189827109E-4,1.336171757E-3,9.995787740E-1,1.766781461E2,1.551056852E-1,-6.646238534E-2,1.766780525E2
8.562320632E1,2.897645353E-2,6.120787584E-4,1.337341382E-3,9.995790124E-1,1.766790782E2,1.552161914E-1,-6.566896134E-2,1.766789856E2
8.562820632E1,2.897638438E-2,6.118727033E-4,1.338933012E-3,9.995790124E-1,1.766790861E2,1.553978137E-1,-6.564008476E-2,1.766789935E2
8.563320632E1,2.897823950E-2,6.135839503E-4,1.342494157E-3,9.995789528E-1,1.766788734E2,1.558115247E-1,-6.582398261E-2,1.766787803E2
8.563820632E1,2.898013767E-2,6.141530466E-4,1.345636090E-3,9.995788932E-1,1.766786558E2,1.561734281E-1,-6.587843863E-2,1.766785624E2
8.564320632E1,2.897828634E-2,6.123878993E-4,1.342029311E-3,9.995789528E-1,1.766788681E2,1.557543106E-1,-6.568851927E-2,1.766787752E2
8.564820632E1,2.897238150E-2,6.077603321E-4,1.338432194E-3,9.995791316E-1,1.766795450E2,1.553265311E-1,-6.517132499E-2,1.766794531E2
8.565320632E1,2.896406800E-2,6.017253036E-4,1.343025826E-3,9.995793700E-1,1.766804981E2,1.558321282E-1,-6.446609734E-2,1.766804068E2
8.565820632E1,2.896610011E-2,6.026350893E-4,1.343153534E-3,9.995793104E-1,1.766802651E2,1.558499074E-1,-6.456956656E-2,1.766801737E2
8.566320632E1,2.898047937E-2,6.148759276E-4,1.337924739E-3,9.995788932E-1,1.766786167E2,1.552925656E-1,-6.598679595E-2,1.766785236E2
8.566820632E1,2.898039867E-2,6.144516519E-4,1.339866314E-3,9.995788932E-1,1.766786259E2,1.555135462E-1,-6.593176256E-2,1.766785328E2
8.567320632E1,2.897206471E-2,6.081596948E-4,1.345091616E-3,9.995791316E-1,1.766795813E2,1.560906306E-1,-6.519500895E-2,1.766794889E2
8.567820632E1,2.896770313E-2,6.050616503E-4,1.351821353E-3,9.995792508E-1,1.766800813E2,1.568509100E-1,-6.481848986E-2,1.766799890E2
8.568320632E1,2.897588138E-2,6.103206542E-4,1.350477221E-3,9.995790124E-1,1.766791438E2,1.567149421E-1,-6.542405365E-2,1.766790506E2
8.568820632E1,2.898004863E-2,6.148564862E-4,1.347231446E-3,9.995788932E-1,1.766786660E2,1.563584962E-1,-6.595372874E-2,1.766785724E2
8.569320632E1,2.897997586E-2,6.142483908E-4,1.349072903E-3,9.995788932E-1,1.766786744E2,1.565673990E-1,-6.587797144E-2,1.766785807E2
8.569820632E1,2.898175510E-2,6.158426404E-4,1.354277716E-3,9.995788336E-1,1.766784704E2,1.571689892E-1,-6.604301739E-2,1.766783761E2
8.570320632E1,2.898998954E-2,6.215928006E-4,1.351378509E-3,9.995785952E-1,1.766775264E2,1.568565514E-1,-6.670999646E-2,1.766774314E2
8.570820632E1,2.898422842E-2,6.184119266E-4,1.344130840E-3,9.995787740E-1,1.766781869E2,1.560154274E-1,-6.637062536E-2,1.766780929E2
8.571320632E1,2.898405189E-2,6.175437011E-4,1.348329941E-3,9.995787740E-1,1.766782071E2,1.564935117E-1,-6.625725649E-2,1.766781130E2
8.571820632E1,2.898820025E-2,6.211561267E-4,1.345862984E-3,9.995786548E-1,1.766777315E2,1.562232134E-1,-6.667858120E-2,1.766776370E2
8.572320632E1,2.898428152E-2,6.184245576E-4,1.342979493E-3,9.995787740E-1,1.766781808E2,1.558835934E-1,-6.637588802E-2,1.766780869E2
8.572820632E1,2.897817690E-2,6.128245150E-4,1.344191376E-3,9.995789528E-1,1.766788806E2,1.560034041E-1,-6.573136806E-2,1.766787875E2
8.573320632E1,2.898221664E-2,6.158967735E-4,1.344339456E-3,9.995788336E-1,1.766784175E2,1.560308356E-1,-6.608215250E-2,1.766783239E2
8.573820632E1,2.898221932E-2,6.168300752E-4,1.343853772E-3,9.995788336E-1,1.766784172E2,1.559783036E-1,-6.619066862E-2,1.766783235E2
8.574320632E1,2.898220318E-2,6.161209312E-4,1.344526885E-3,9.995788336E-1,1.766784190E2,1.560530480E-1,-6.610720788E-2,1.766783254E2
8.574820632E1,2.898818417E-2,6.199443596E-4,1.346767764E-3,9.995786548E-1,1.766777334E2,1.563228235E-1,-6.653677831E-2,1.766776390E2
8.575320632E1,2.899420367E-2,6.260773516E-4,1.347068697E-3,9.995784760E-1,1.766770433E2,1.563780727E-1,-6.723733013E-2,1.766769479E2
8.575820632E1,2.899824850E-2,6.284933188E-4,1.347334823E-3,9.995783567E-1,1.766765796E2,1.564168566E-1,-6.751254578E-2,1.766764838E2
8.576320632E1,2.898412029E-2,6.177694886E-4,1.346755307E-3,9.995787740E-1,1.766781993E2,1.563139021E-1,-6.628833827E-2,1.766781052E2
8.576820632E1,2.898407094E-2,6.174953887E-4,1.347942627E-3,9.995787740E-1,1.766782049E2,1.564489882E-1,-6.625300608E-2,1.766781108E2
8.577320632E1,2.898179491E-2,6.154135917E-4,1.353620552E-3,9.995788336E-1,1.766784658E2,1.570922928E-1,-6.599604902E-2,1.766783717E2
8.577820632E1,2.897812574E-2,6.124692154E-4,1.345455530E-3,9.995789528E-1,1.766788865E2,1.561470216E-1,-6.568648091E-2,1.766787933E2
8.578320632E1,2.897006137E-2,6.071284879E-4,1.344411983E-3,9.995791912E-1,1.766798110E2,1.560092288E-1,-6.507946013E-2,1.766797188E2
8.578820632E1,2.897021010E-2,6.072779652E-4,1.341135474E-3,9.995791912E-1,1.766797939E2,1.556344315E-1,-6.510743603E-2,1.766797019E2
8.579320632E1,2.897418238E-2,6.103659398E-4,1.342770061E-3,9.995790720E-1,1.766793385E2,1.558321753E-1,-6.545509721E-2,1.766792459E2
8.579820632E1,2.897237914E-2,6.084770430E-4,1.338157570E-3,9.995791316E-1,1.766795453E2,1.552974542E-1,-6.525433161E-2,1.766794532E2
8.580320632E1,2.897266710E-2,6.087562069E-4,1.331780804E-3,9.995791316E-1,1.766795123E2,1.545679821E-1,-6.530743486E-2,1.766794206E2
8.580820632E1,2.898086445E-2,6.152425194E-4,1.329387771E-3,9.995788932E-1,1.766785725E2,1.543159537E-1,-6.605707855E-2,1.766784800E2
8.581320632E1,2.898110519E-2,6.152013084E-4,1.324148499E-3,9.995788932E-1,1.766785449E2,1.537157078E-1,-6.606972101E-2,1.766784527E2
8.581820632E1,2.898318065E-2,6.178790936E-4,1.322468743E-3,9.995788336E-1,1.766783070E2,1.535323339E-1,-6.638170330E-2,1.766782145E2
8.582320632E1,2.898107481E-2,6.154217990E-4,1.324710785E-3,9.995788932E-1,1.766785484E2,1.537808443E-1,-6.609311402E-2,1.766784562E2
8.582820632E1,2.899116651E-2,6.231185398E-4,1.325172721E-3,9.995785952E-1,1.766773915E2,1.538599952E-1,-6.697163690E-2,1.766772980E2
8.583320632E1,2.899145835E-2,6.247004494E-4,1.318023889E-3,9.995785952E-1,1.766773580E2,1.530464180E-1,-6.717653950E-2,1.766772648E2
8.583820632E1,2.899198511E-2,6.254992913E-4,1.306003542E-3,9.995785952E-1,1.766772976E2,1.516722543E-1,-6.730789645E-2,1.766772051E2
8.584320632E1,2.899377766E-2,6.261367816E-4,1.311511965E-3,9.995785356E-1,1.766770921E2,1.523054476E-1,-6.736234274E-2,1.766769991E2
8.584820632E1,2.899171100E-2,6.247858983E-4,1.312414184E-3,9.995785952E-1,1.766773291E2,1.524041633E-1,-6.720492555E-2,1.766772362E2
8.585320632E1,2.899803858E-2,6.293436163E-4,1.306620543E-3,9.995784163E-1,1.766766037E2,1.517561109E-1,-6.774526921E-2,1.766765105E2
8.585820632E1,2.899827260E-2,6.302234833E-4,1.300990698E-3,9.995784163E-1,1.766765768E2,1.511141885E-1,-6.786472481E-2,1.766764839E2
8.586320632E1,2.899400725E-2,6.271803286E-4,1.305925893E-3,9.995785356E-1,1.766770658E2,1.516690819E-1,-6.750039916E-2,1.766769730E2
8.586820632E1,2.899588266E-2,6.277594948E-4,1.309625804E-3,9.995784760E-1,1.766768508E2,1.520949341E-1,-6.755416021E-2,1.766767577E2
8.587320632E1,2.899222290E-2,6.247694255E-4,1.301064738E-3,9.995785952E-1,1.766772704E2,1.511041372E-1,-6.724066760E-2,1.766771783E2
8.587820632E1,2.899440592E-2,6.270293961E-4,1.297117444E-3,9.995785356E-1,1.766770201E2,1.506596565E-1,-6.751231740E-2,1.766769279E2
8.588320632E1,2.899449599E-2,6.277796347E-4,1.294738962E-3,9.995785356E-1,1.766770098E2,1.503897158E-1,-6.760614141E-2,1.766769176E2
8.588820632E1,2.899454993E-2,6.278273067E-4,1.293507405E-3,9.995785356E-1,1.766770036E2,1.502488108E-1,-6.761568582E-2,1.766769115E2
8.589320632E1,2.899289613E-2,6.256665802E-4,1.285538892E-3,9.995785952E-1,1.766771932E2,1.493287781E-1,-6.739491252E-2,1.766771020E2
8.589820632E1,2.899074508E-2,6.251451559E-4,1.287955442E-3,9.995786548E-1,1.766774398E2,1.496037008E-1,-6.732747998E-2,1.766773485E2
8.590320632E1,2.898456288E-2,6.191408611E-4,1.291215653E-3,9.995788336E-1,1.766781485E2,1.499567764E-1,-6.662982459E-2,1.766780579E2
8.590820632E1,2.899895892E-2,6.304318667E-4,1.285499660E-3,9.995784163E-1,1.766764982E2,1.493405296E-1,-6.793996874E-2,1.766764062E2
8.591320632E1,2.899530060E-2,6.285616546E-4,1.276208321E-3,9.995785356E-1,1.766769176E2,1.482698036E-1,-6.775716748E-2,1.766768265E2
8.591820632E1,2.898508118E-2,6.196207250E-4,1.279295888E-3,9.995788336E-1,1.766780891E2,1.485930726E-1,-6.672430401E-2,1.766779992E2
8.592320632E1,2.897685152E-2,6.130958209E-4,1.282580080E-3,9.995790720E-1,1.766790326E2,1.489470388E-1,-6.596723749E-2,1.766789434E2
8.592820632E1,2.897902316E-2,6.161698257E-4,1.278488548E-3,9.995790124E-1,1.766787836E2,1.484887321E-1,-6.633260804E-2,1.766786943E2
8.593320632E1,2.898929402E-2,6.230250001E-4,1.275323215E-3,9.995787144E-1,1.766776061E2,1.481496194E-1,-6.712681201E-2,1.766775160E2
8.593820632E1,2.897693479E-2,6.130067050E-4,1.280740253E-3,9.995790720E-1,1.766790230E2,1.487360078E-1,-6.596312678E-2,1.766789340E2
8.594320632E1,2.897300674E-2,6.112669944E-4,1.277394709E-3,9.995791912E-1,1.766794733E2,1.483467616E-1,-6.577554668E-2,1.766793848E2
8.594820632E1,2.897299325E-2,6.114028511E-4,1.277635689E-3,9.995791912E-1,1.766794749E2,1.483748145E-1,-6.579031007E-2,1.766793863E2
8.595320632E1,2.896685305E-2,6.059475127E-4,1.279562013E-3,9.995793700E-1,1.766801788E2,1.485769489E-1,-6.515995421E-2,1.766800910E2
8.595820632E1,2.896868424E-2,6.065323832E-4,1.284382190E-3,9.995793104E-1,1.766799688E2,1.491311303E-1,-6.521067375E-2,1.766798806E2
8.596320632E1,2.897499252E-2,6.114896969E-4,1.278887037E-3,9.995791316E-1,1.766792457E2,1.485185684E-1,-6.579580597E-2,1.766791571E2
8.596820632E1,2.897321369E-2,6.108435919E-4,1.272895490E-3,9.995791912E-1,1.766794496E2,1.478300126E-1,-6.574195622E-2,1.766793615E2
8.597320632E1,2.896297786E-2,6.027584895E-4,1.275658375E-3,9.995794892E-1,1.766806230E2,1.481189744E-1,-6.480820485E-2,1.766805359E2
8.597820632E1,2.896090760E-2,6.004197057E-4,1.277057803E-3,9.995795488E-1,1.766808604E2,1.482713735E-1,-6.453597497E-2,1.766807735E2
8.598320632E1,2.897110681E-2,6.088307127E-4,1.275006100E-3,9.995792508E-1,1.766796911E2,1.480649479E-1,-6.550469875E-2,1.766796032E2
8.598820632E1,2.897510205E-2,6.119946484E-4,1.276161172E-3,9.995791316E-1,1.766792331E2,1.482080220E-1,-6.586267948E-2,1.766791446E2
8.599320632E1,2.897094775E-2,6.095480639E-4,1.278273296E-3,9.995792508E-1,1.766797094E2,1.484415556E-1,-6.557604332E-2,1.766796211E2
8.599820632E1,2.896893430E-2,6.078197039E-4,1.278118463E-3,9.995793104E-1,1.766799402E2,1.484179505E-1,-6.537888411E-2,1.766798522E2
8.600320632E1,2.897322470E-2,6.103054038E-4,1.272903057E-3,9.995791912E-1,1.766794483E2,1.478290931E-1,-6.568028360E-2,1.766793603E2
8.600820632E1,2.896692615E-2,6.051196833E-4,1.278298325E-3,9.995793700E-1,1.766801704E2,1.484294581E-1,-6.506931573E-2,1.766800828E2
8.601320632E1,2.896294388E-2,6.023753085E-4,1.276610419E-3,9.995794892E-1,1.766806269E2,1.482267510E-1,-6.476115919E-2,1.766805398E2
8.601820632E1,2.897107519E-2,6.098584272E-4,1.275233459E-3,9.995792508E-1,1.766796947E2,1.480944005E-1,-6.562166650E-2,1.766796066E2
8.602320632E1,2.897317447E-2,6.105668144E-4,1.273920527E-3,9.995791912E-1,1.766794541E2,1.479465025E-1,-6.570685570E-2,1.766793659E2
8.602820632E1,2.896479466E-2,6.040737499E-4,1.280481578E-3,9.995794296E-1,1.766804147E2,1.486759252E-1,-6.494258078E-2,1.766803272E2
8.603320632E1,2.896061149E-2,6.002291921E-4,1.283844467E-3,9.995795488E-1,1.766808943E2,1.490480913E-1,-6.449167369E-2,1.766808071E2
8.603820632E1,2.897267760E-2,6.108423695E-4,1.285040169E-3,9.995791912E-1,1.766795110E2,1.492210686E-1,-6.570157374E-2,1.766794221E2
8.604320632E1,2.897475447E-2,6.123408675E-4,1.283863443E-3,9.995791316E-1,1.766792730E2,1.490913945E-1,-6.587681385E-2,1.766791839E2
8.604820632E1,2.895858782E-2,5.990680074E-4,1.283627236E-3,9.995796084E-1,1.766811263E2,1.490192247E-1,-6.435969027E-2,1.766810393E2
8.605320632E1,2.895834047E-2,5.986160832E-4,1.289405278E-3,9.995796084E-1,1.766811547E2,1.496795470E-1,-6.428878792E-2,1.766810673E2
8.605820632E1,2.897234839E-2,6.096771103E-4,1.292991336E-3,9.995791912E-1,1.766795488E2,1.501279333E-1,-6.554175168E-2,1.766794595E2
8.606320632E1,2.897851335E-2,6.143907085E-4,1.290840562E-3,9.995790124E-1,1.766788420E2,1.498976339E-1,-6.608787934E-2,1.766787522E2
8.606820632E1,2.897632734E-2,6.137003074E-4,1.294082031E-3,9.995790720E-1,1.766790926E2,1.502664862E-1,-6.599836289E-2,1.766790027E2
8.607320632E1,2.898065817E-2,6.157656317E-4,1.288186875E-3,9.995789528E-1,1.766785962E2,1.495983793E-1,-6.625385897E-2,1.766785063E2
8.607820632E1,2.897648723E-2,6.132039707E-4,1.290732762E-3,9.995790720E-1,1.766790743E2,1.498812112E-1,-6.595260820E-2,1.766789847E2
8.608320632E1,2.896424304E-2,6.031898083E-4,1.293311594E-3,9.995794296E-1,1.766804780E2,1.501425519E-1,-6.479882843E-2,1.766803897E2
8.608820632E1,2.896028178E-2,6.007525953E-4,1.291017048E-3,9.995795488E-1,1.766809321E2,1.498713807E-1,-6.452787165E-2,1.766808443E2
8.609320632E1,2.897671934E-2,6.127201486E-4,1.285742153E-3,9.995790720E-1,1.766790477E2,1.493079777E-1,-6.591372651E-2,1.766789585E2
8.609820632E1,2.898289849E-2,6.178246695E-4,1.283038408E-3,9.995788932E-1,1.766783393E2,1.490156429E-1,-6.650647229E-2,1.766782495E2
8.610320632E1,2.896663740E-2,6.054954720E-4,1.284647617E-3,9.995793700E-1,1.766802035E2,1.491579576E-1,-6.509132672E-2,1.766801154E2
8.610820632E1,2.895844749E-2,5.984994932E-4,1.287053805E-3,9.995796084E-1,1.766811424E2,1.494098207E-1,-6.428322061E-2,1.766810552E2
8.611320632E1,2.897658862E-2,6.127099041E-4,1.288689673E-3,9.995790720E-1,1.766790627E2,1.496455545E-1,-6.590278516E-2,1.766789732E2
8.611820632E1,2.898288984E-2,6.190349231E-4,1.282650279E-3,9.995788932E-1,1.766783403E2,1.489752045E-1,-6.664638916E-2,1.766782503E2
8.612320632E1,2.896868194E-2,6.063163746E-4,1.284536091E-3,9.995793104E-1,1.766799691E2,1.491480415E-1,-6.518542083E-2,1.766798809E2
8.612820632E1,2.896427209E-2,6.036310806E-4,1.292454777E-3,9.995794296E-1,1.766804747E2,1.500458756E-1,-6.485221280E-2,1.766803864E2
8.613320632E1,2.896852354E-2,6.073469413E-4,1.287617721E-3,9.995793104E-1,1.766799873E2,1.495044335E-1,-6.529325915E-2,1.766798987E2
8.613820632E1,2.896870231E-2,6.065624766E-4,1.283960417E-3,9.995793104E-1,1.766799668E2,1.490829201E-1,-6.521551819E-2,1.766798786E2
8.614320632E1,2.897864366E-2,6.154164439E-4,1.287422143E-3,9.995790124E-1,1.766788271E2,1.495094909E-1,-6.621670286E-2,1.766787373E2
8.614820632E1,2.899469923E-2,6.273087929E-4,1.290408662E-3,9.995785356E-1,1.766769865E2,1.498921570E-1,-6.756656711E-2,1.766768947E2
8.615320632E1,2.899276741E-2,6.268150173E-4,1.287880470E-3,9.995785952E-1,1.766772080E2,1.496007978E-1,-6.751869783E-2,1.766771164E2
8.615820632E1,2.897655043E-2,6.125011714E-4,1.289647189E-3,9.995790720E-1,1.766790671E2,1.497545362E-1,-6.587570245E-2,1.766789776E2
8.616320632E1,2.898046578E-2,6.164176157E-4,1.292196917E-3,9.995789528E-1,1.766786182E2,1.500598565E-1,-6.631525080E-2,1.766785280E2
8.616820632E1,2.899663764E-2,6.293237093E-4,1.292041270E-3,9.995784760E-1,1.766767643E2,1.500859885E-1,-6.779164665E-2,1.766766721E2
8.617320632E1,2.899658731E-2,6.295434432E-4,1.293063280E-3,9.995784760E-1,1.766767700E2,1.502037799E-1,-6.781342726E-2,1.766766777E2
8.617820632E1,2.897870254E-2,6.144873914E-4,1.286540180E-3,9.995790124E-1,1.766788204E2,1.494053863E-1,-6.611320609E-2,1.766787308E2
8.618320632E1,2.897061578E-2,6.079619052E-4,1.286525745E-3,9.995792508E-1,1.766797474E2,1.493815330E-1,-6.536701150E-2,1.766796588E2
8.618820632E1,2.898247041E-2,6.177831674E-4,1.292691915E-3,9.995788932E-1,1.766783884E2,1.501212239E-1,-6.646972071E-2,1.766782979E2
8.619320632E1,2.899085648E-2,6.242942763E-4,1.285859034E-3,9.995786548E-1,1.766774270E2,1.493607515E-1,-6.723696543E-2,1.766773360E2
8.619820632E1,2.898896779E-2,6.226960104E-4,1.282876940E-3,9.995787144E-1,1.766776435E2,1.490137350E-1,-6.706408343E-2,1.766775530E2
8.620320632E1,2.897676863E-2,6.130240508E-4,1.284485799E-3,9.995790720E-1,1.766790421E2,1.491650828E-1,-6.595270096E-2,1.766789528E2
8.620820632E1,2.896274740E-2,6.022570888E-4,1.281115809E-3,9.995794892E-1,1.766806494E2,1.487424095E-1,-6.473269375E-2,1.766805621E2
8.621320632E1,2.895479735E-2,5.968491896E-4,1.277322648E-3,9.995797276E-1,1.766815608E2,1.482894675E-1,-6.412702339E-2,1.766814746E2
8.621820632E1,2.896687184E-2,6.063612527E-4,1.278940355E-3,9.995793700E-1,1.766801766E2,1.485071166E-1,-6.520940617E-2,1.766800888E2
8.622320632E1,2.898282546E-2,6.175875315E-4,1.284800936E-3,9.995788932E-1,1.766783477E2,1.492167367E-1,-6.647346675E-2,1.766782578E2
8.622820632E1,2.897078201E-2,6.082335603E-4,1.282648416E-3,9.995792508E-1,1.766797284E2,1.489383226E-1,-6.541097529E-2,1.766796400E2
8.623320632E1,2.896061101E-2,6.006679032E-4,1.283650054E-3,9.995795488E-1,1.766808944E2,1.490272785E-1,-6.454257044E-2,1.766808071E2
8.623820632E1,2.895641944E-2,5.978770205E-4,1.286680810E-3,9.995796680E-1,1.766813749E2,1.493649004E-1,-6.421346128E-2,1.766812878E2
8.624320632E1,2.896845051E-2,6.067769718E-4,1.289527980E-3,9.995793104E-1,1.766799956E2,1.497213445E-1,-6.522164249E-2,1.766799071E2
8.624820632E1,2.897677487E-2,6.142992643E-4,1.283735619E-3,9.995790720E-1,1.766790413E2,1.490833896E-1,-6.610125829E-2,1.766789520E2
8.625320632E1,2.896872791E-2,6.077550352E-4,1.282818499E-3,9.995793104E-1,1.766799638E2,1.489560814E-1,-6.535590484E-2,1.766798755E2
8.625820632E1,2.896244510E-2,6.023100577E-4,1.287907129E-3,9.995794892E-1,1.766806841E2,1.495204683E-1,-6.471626597E-2,1.766805963E2
8.626320632E1,2.895433189E-2,5.954845692E-4,1.288462081E-3,9.995797276E-1,1.766816142E2,1.495608610E-1,-6.393382337E-2,1.766815274E2
8.626820632E1,2.895854226E-2,5.998666165E-4,1.284281956E-3,9.995796084E-1,1.766811315E2,1.490968661E-1,-6.444899979E-2,1.766810443E2
8.627320632E1,2.897893001E-2,6.158003816E-4,1.280775876E-3,9.995790124E-1,1.766787943E2,1.487494977E-1,-6.628270869E-2,1.766787049E2
8.627820632E1,2.898493594E-2,6.205079844E-4,1.282153418E-3,9.995788336E-1,1.766781058E2,1.489233218E-1,-6.681646390E-2,1.766780156E2
8.628320632E1,2.897498005E-2,6.129720132E-4,1.278459909E-3,9.995791316E-1,1.766792471E2,1.484745649E-1,-6.596701554E-2,1.766791583E2
8.628820632E1,2.896085792E-2,6.016673287E-4,1.277597155E-3,9.995795488E-1,1.766808661E2,1.483372905E-1,-6.467709935E-2,1.766807790E2
8.629320632E1,2.896672603E-2,6.047982606E-4,1.282976707E-3,9.995793700E-1,1.766801933E2,1.489642570E-1,-6.501699902E-2,1.766801055E2
8.629820632E1,2.897467742E-2,6.125561777E-4,1.285498613E-3,9.995791316E-1,1.766792818E2,1.492794025E-1,-6.589605836E-2,1.766791926E2
8.630320632E1,2.898078210E-2,6.168999244E-4,1.284851809E-3,9.995789528E-1,1.766785820E2,1.492201443E-1,-6.639484201E-2,1.766784921E2
8.630820632E1,2.896662078E-2,6.047505303E-4,1.285373233E-3,9.995793700E-1,1.766802054E2,1.492385984E-1,-6.500359244E-2,1.766801174E2
8.631320632E1,2.895022965E-2,5.918527022E-4,1.289832173E-3,9.995798469E-1,1.766820845E2,1.497054845E-1,-6.351388527E-2,1.766819982E2
8.631820632E1,2.896222427E-2,6.019789726E-4,1.293017762E-3,9.995794892E-1,1.766807094E2,1.501047456E-1,-6.466141361E-2,1.766806213E2
8.632320632E1,2.898272301E-2,6.179052289E-4,1.286957529E-3,9.995788932E-1,1.766783594E2,1.494648090E-1,-6.650270954E-2,1.766782693E2
8.632820632E1,2.898478094E-2,6.193512818E-4,1.286210143E-3,9.995788336E-1,1.766781235E2,1.493841410E-1,-6.667051998E-2,1.766780332E2
8.633320632E1,2.896650098E-2,6.056670099E-4,1.287639490E-3,9.995793700E-1,1.766802191E2,1.495012183E-1,-6.510106437E-2,1.766801308E2
8.633820632E1,2.895436856E-2,5.964310840E-4,1.287199790E-3,9.995797276E-1,1.766816100E2,1.494194166E-1,-6.404642323E-2,1.766815231E2
8.634320632E1,2.896256896E-2,6.029085489E-4,1.284838072E-3,9.995794892E-1,1.766806699E2,1.491709218E-1,-6.479498673E-2,1.766805822E2
8.634820632E1,2.896665582E-2,6.062954199E-4,1.283854945E-3,9.995793700E-1,1.766802014E2,1.490698188E-1,-6.518558393E-2,1.766801132E2
8.635320632E1,2.897279276E-2,6.103060441E-4,1.282696496E-3,9.995791912E-1,1.766794978E2,1.489508426E-1,-6.564790533E-2,1.766794092E2
8.635820632E1,2.896266577E-2,6.029068609E-4,1.282654819E-3,9.995794892E-1,1.766806588E2,1.489208448E-1,-6.480202508E-2,1.766805713E2
8.636320632E1,2.895455872E-2,5.955600063E-4,1.283319667E-3,9.995797276E-1,1.766815882E2,1.489720949E-1,-6.395949298E-2,1.766815017E2
8.636820632E1,2.895040988E-2,5.934094079E-4,1.285062870E-3,9.995798469E-1,1.766820638E2,1.491643672E-1,-6.370799116E-2,1.766819776E2
8.637320632E1,2.896458756E-2,6.030211225E-4,1.285651815E-3,9.995794296E-1,1.766804385E2,1.492646355E-1,-6.480487909E-2,1.766803507E2
8.637820632E1,2.898294888E-2,6.190967979E-4,1.281285775E-3,9.995788932E-1,1.766783336E2,1.488191188E-1,-6.665799962E-2,1.766782436E2
8.638320632E1,2.897681244E-2,6.128317327E-4,1.283588936E-3,9.995790720E-1,1.766790370E2,1.490617171E-1,-6.593364377E-2,1.766789479E2
8.638820632E1,2.895228480E-2,5.936686648E-4,1.289059641E-3,9.995797873E-1,1.766818489E2,1.496231517E-1,-6.372414716E-2,1.766817623E2
8.639320632E1,2.894995842E-2,5.925733130E-4,1.295576221E-3,9.995798469E-1,1.766821156E2,1.503658025E-1,-6.357741119E-2,1.766820288E2
8.639820632E1,2.896653783E-2,6.047214265E-4,1.287254854E-3,9.995793700E-1,1.766802149E2,1.494540241E-1,-6.499402529E-2,1.766801268E2
8.640320632E1,2.897461367E-2,6.121885381E-4,1.287109568E-3,9.995791316E-1,1.766792891E2,1.494627022E-1,-6.584860829E-2,1.766791998E2
8.640820632E1,2.896411689E-2,6.036739214E-4,1.295908354E-3,9.995794296E-1,1.766804924E2,1.504415930E-1,-6.484568034E-2,1.766804039E2
8.641320632E1,2.895781358E-2,5.987354671E-4,1.301129814E-3,9.995796084E-1,1.766812151E2,1.510228805E-1,-6.426363462E-2,1.766811270E2
8.641820632E1,2.895588594E-2,5.960499402E-4,1.299471012E-3,9.995796680E-1,1.766814360E2,1.508238398E-1,-6.396182064E-2,1.766813485E2
8.642320632E1,2.895594490E-2,5.968196201E-4,1.297802781E-3,9.995796680E-1,1.766814293E2,1.506353123E-1,-6.405550904E-2,1.766813417E2
8.642820632E1,2.896385101E-2,6.031809608E-4,1.302065677E-3,9.995794296E-1,1.766805229E2,1.511452216E-1,-6.476881817E-2,1.766804341E2
8.643320632E1,2.896967727E-2,6.077711587E-4,1.307577244E-3,9.995792508E-1,1.766798550E2,1.517921531E-1,-6.527541680E-2,1.766797651E2
8.643820632E1,2.895960356E-2,5.985089811E-4,1.307171653E-3,9.995795488E-1,1.766810099E2,1.517142982E-1,-6.421737114E-2,1.766809214E2
8.644320632E1,2.894125875E-2,5.844367552E-4,1.309615211E-3,9.995800853E-1,1.766831129E2,1.519463406E-1,-6.260016979E-2,1.766830265E2
8.644820632E1,2.894918567E-2,5.909283645E-4,1.313471119E-3,9.995798469E-1,1.766822042E2,1.524100435E-1,-6.332974443E-2,1.766821165E2
8.645320632E1,2.896548644E-2,6.037082640E-4,1.311166794E-3,9.995793700E-1,1.766803354E2,1.521895529E-1,-6.479876070E-2,1.766802459E2
8.645820632E1,2.895764190E-2,5.984242889E-4,1.305087819E-3,9.995796084E-1,1.766812347E2,1.514752011E-1,-6.421488294E-2,1.766811464E2
8.646320632E1,2.894551893E-2,5.873923656E-4,1.305120299E-3,9.995799661E-1,1.766826245E2,1.514415479E-1,-6.295297766E-2,1.766825379E2
8.646820632E1,2.894107727E-2,5.845145788E-4,1.313584973E-3,9.995800853E-1,1.766831337E2,1.524012987E-1,-6.259594588E-2,1.766830470E2
8.647320632E1,2.894302398E-2,5.860241363E-4,1.315376139E-3,9.995800257E-1,1.766829105E2,1.526115944E-1,-6.276261822E-2,1.766828235E2
8.647820632E1,2.894732366E-2,5.896253278E-4,1.309728716E-3,9.995799065E-1,1.766824176E2,1.519769342E-1,-6.319318836E-2,1.766823304E2
8.648320632E1,2.894533338E-2,5.875686184E-4,1.309150015E-3,9.995799661E-1,1.766826458E2,1.519036994E-1,-6.295982789E-2,1.766825589E2
8.648820632E1,2.894330853E-2,5.856672651E-4,1.309259795E-3,9.995800257E-1,1.766828779E2,1.519098398E-1,-6.274198390E-2,1.766827913E2
8.649320632E1,2.893322359E-2,5.777915358E-4,1.308131847E-3,9.995803237E-1,1.766840340E2,1.517538934E-1,-6.184514278E-2,1.766839487E2
8.649820632E1,2.892909457E-2,5.753635196E-4,1.309429412E-3,9.995804429E-1,1.766845074E2,1.518942163E-1,-6.156335456E-2,1.766844224E2
8.650320632E1,2.894124572E-2,5.845506676E-4,1.309852465E-3,9.995800853E-1,1.766831144E2,1.519738936E-1,-6.261243284E-2,1.766830279E2
8.650820632E1,2.895751535E-2,5.968352198E-4,1.308618695E-3,9.995796084E-1,1.766812492E2,1.518743591E-1,-6.402116792E-2,1.766811610E2
8.651320632E1,2.894741243E-2,5.896039656E-4,1.307774917E-3,9.995799065E-1,1.766824074E2,1.517530736E-1,-6.319720914E-2,1.766823203E2
8.651820632E1,2.893113956E-2,5.769608542E-4,1.309045474E-3,9.995803833E-1,1.766842730E2,1.518556606E-1,-6.174728100E-2,1.766841877E2
8.652320632E1,2.893318610E-2,5.775757600E-4,1.309056184E-3,9.995803237E-1,1.766840383E2,1.518590527E-1,-6.181736804E-2,1.766839530E2
8.652820632E1,2.895339797E-2,5.945134908E-4,1.309721963E-3,9.995797276E-1,1.766817213E2,1.519927641E-1,-6.375219417E-2,1.766816333E2
8.653320632E1,2.895759160E-2,5.981129361E-4,1.306345919E-3,9.995796084E-1,1.766812405E2,1.516182720E-1,-6.417505228E-2,1.766811522E2
8.653820632E1,2.894537330E-2,5.879643722E-4,1.308089122E-3,9.995799661E-1,1.766826412E2,1.517834961E-1,-6.300867180E-2,1.766825543E2
8.654320632E1,2.893920646E-2,5.834756885E-4,1.309901825E-3,9.995801449E-1,1.766833482E2,1.519758546E-1,-6.248944735E-2,1.766832619E2
8.654820632E1,2.893891155E-2,5.823868560E-4,1.316883019E-3,9.995801449E-1,1.766833820E2,1.527718771E-1,-6.234162217E-2,1.766832954E2
8.655320632E1,2.894687341E-2,5.890264874E-4,1.319909818E-3,9.995799065E-1,1.766824692E2,1.531411001E-1,-6.309089124E-2,1.766823815E2
8.655820632E1,2.896536137E-2,6.038516876E-4,1.313860877E-3,9.995793700E-1,1.766803498E2,1.524986110E-1,-6.480626556E-2,1.766802601E2
8.656320632E1,2.895940375E-2,5.993289524E-4,1.311216503E-3,9.995795488E-1,1.766810328E2,1.521803185E-1,-6.429790056E-2,1.766809439E2
8.656820632E1,2.893516843E-2,5.804528482E-4,1.309481217E-3,9.995802641E-1,1.766838111E2,1.519174004E-1,-6.214520927E-2,1.766837253E2
8.657320632E1,2.892498715E-2,5.716318265E-4,1.310800551E-3,9.995805621E-1,1.766849783E2,1.520386490E-1,-6.113199259E-2,1.766848938E2
8.657820632E1,2.893717410E-2,5.807803245E-4,1.310514170E-3,9.995802045E-1,1.766835812E2,1.520369294E-1,-6.217898941E-2,1.766834953E2
8.658320632E1,2.895372136E-2,5.947096506E-4,1.302463585E-3,9.995797276E-1,1.766816842E2,1.511620342E-1,-6.379869670E-2,1.766815966E2
8.658820632E1,2.895397664E-2,5.953987129E-4,1.296460046E-3,9.995797276E-1,1.766816549E2,1.504766697E-1,-6.389750522E-2,1.766815676E2
8.659320632E1,2.892773980E-2,5.735243321E-4,1.294581569E-3,9.995805025E-1,1.766846627E2,1.501873082E-1,-6.140211347E-2,1.766845789E2
8.659820632E1,2.891120964E-2,5.615999107E-4,1.300880453E-3,9.995809793E-1,1.766865577E2,1.508682825E-1,-6.001786270E-2,1.766864754E2
8.660320632E1,2.892327632E-2,5.701745977E-4,1.303714234E-3,9.995806217E-1,1.766851744E2,1.512220208E-1,-6.098882393E-2,1.766850905E2
8.660820632E1,2.892962637E-2,5.750955315E-4,1.297745737E-3,9.995804429E-1,1.766844464E2,1.505550688E-1,-6.157131093E-2,1.766843622E2
8.661320632E1,2.893154604E-2,5.770144635E-4,1.300006988E-3,9.995803833E-1,1.766842264E2,1.508205616E-1,-6.178332603E-2,1.766841417E2
8.661820632E1,2.892535804E-2,5.718851462E-4,1.302479301E-3,9.995805621E-1,1.766849357E2,1.510863641E-1,-6.118853468E-2,1.766848517E2
8.662320632E1,2.891714048E-2,5.649622180E-4,1.304994104E-3,9.995808005E-1,1.766858778E2,1.513509742E-1,-6.038846657E-2,1.766857947E2
8.662820632E1,2.891720804E-2,5.649802624E-4,1.303488389E-3,9.995808005E-1,1.766858701E2,1.511785677E-1,-6.039551278E-2,1.766857870E2
8.663320632E1,2.893343139E-2,5.793857272E-4,1.302819932E-3,9.995803237E-1,1.766840102E2,1.511507457E-1,-6.204532776E-2,1.766839250E2
8.663820632E1,2.894993281E-2,5.920321564E-4,1.296395669E-3,9.995798469E-1,1.766821185E2,1.504578680E-1,-6.351271058E-2,1.766820317E2
8.664320632E1,2.893190942E-2,5.779294297E-4,1.291485620E-3,9.995803833E-1,1.766841847E2,1.498475483E-1,-6.191632673E-2,1.766841004E2
8.664820632E1,2.891160705E-2,5.608154461E-4,1.292358618E-3,9.995809793E-1,1.766865122E2,1.498895840E-1,-5.995618112E-2,1.766864304E2
8.665320632E1,2.891133243E-2,5.610699300E-4,1.298377756E-3,9.995809793E-1,1.766865436E2,1.505798656E-1,-5.996542991E-2,1.766864615E2
8.665820632E1,2.893581320E-2,5.809415015E-4,1.294936403E-3,9.995802641E-1,1.766837372E2,1.502530438E-1,-6.224931232E-2,1.766836522E2
8.666320632E1,2.894176507E-2,5.849361769E-4,1.298152842E-3,9.995800853E-1,1.766830548E2,1.506350866E-1,-6.269531409E-2,1.766829691E2
8.666820632E1,2.892760189E-2,5.745096714E-4,1.297223731E-3,9.995805025E-1,1.766846785E2,1.504932094E-1,-6.150623980E-2,1.766845944E2
8.667320632E1,2.890934485E-2,5.599084543E-4,1.297247363E-3,9.995810390E-1,1.766867715E2,1.504464188E-1,-5.983643458E-2,1.766866896E2
8.667820632E1,2.890523469E-2,5.559999263E-4,1.298661227E-3,9.995811582E-1,1.766872427E2,1.505951750E-1,-5.938467311E-2,1.766871613E2
8.668320632E1,2.892350392E-2,5.705768708E-4,1.298478339E-3,9.995806217E-1,1.766851483E2,1.506236289E-1,-6.105222154E-2,1.766850647E2
8.668820632E1,2.893589439E-2,5.807450507E-4,1.293209032E-3,9.995802641E-1,1.766837279E2,1.500545380E-1,-6.223252573E-2,1.766836430E2
8.669320632E1,2.892581656E-2,5.730441771E-4,1.291742665E-3,9.995805621E-1,1.766848832E2,1.498604197E-1,-6.135681403E-2,1.766847996E2
8.669820632E1,2.890569752E-2,5.567809567E-4,1.287980936E-3,9.995811582E-1,1.766871896E2,1.493744285E-1,-5.950944315E-2,1.766871088E2
8.670320632E1,2.889554115E-2,5.482474808E-4,1.288246247E-3,9.995814562E-1,1.766883539E2,1.493759556E-1,-5.853262712E-2,1.766882744E2
8.670820632E1,2.890731146E-2,5.587650230E-4,1.297125360E-3,9.995810986E-1,1.766870046E2,1.504285345E-1,-5.970617205E-2,1.766869229E2
8.671320632E1,2.893788168E-2,5.828078720E-4,1.293884357E-3,9.995802045E-1,1.766835000E2,1.501388569E-1,-6.246627068E-2,1.766834149E2
8.671820632E1,2.893798799E-2,5.829777801E-4,1.291427994E-3,9.995802045E-1,1.766834879E2,1.498580660E-1,-6.249386222E-2,1.766834028E2
8.672320632E1,2.890370034E-2,5.562645965E-4,1.286765793E-3,9.995812178E-1,1.766874186E2,1.492334121E-1,-5.945462066E-2,1.766873379E2
8.672820632E1,2.888910077E-2,5.442074616E-4,1.295634662E-3,9.995816350E-1,1.766890923E2,1.502085008E-1,-5.804637149E-2,1.766890129E2
8.673320632E1,2.890752820E-2,5.591213703E-4,1.292131958E-3,9.995810986E-1,1.766869797E2,1.498577646E-1,-5.976349809E-2,1.766868983E2
8.673820632E1,2.892796620E-2,5.751946010E-4,1.288768486E-3,9.995805025E-1,1.766846367E2,1.495270070E-1,-6.161266822E-2,1.766845530E2
8.674320632E1,2.892796352E-2,5.745416856E-4,1.289119944E-3,9.995805025E-1,1.766846371E2,1.495650996E-1,-6.153671633E-2,1.766845534E2
8.674820632E1,2.890764829E-2,5.581531441E-4,1.289862092E-3,9.995810986E-1,1.766869660E2,1.495945651E-1,-5.966009528E-2,1.766868848E2
8.675320632E1,2.888927512E-2,5.437585060E-4,1.291930210E-3,9.995816350E-1,1.766890723E2,1.497827023E-1,-5.800718404E-2,1.766889932E2
8.675820632E1,2.889159330E-2,5.456508370E-4,1.285393024E-3,9.995815754E-1,1.766888065E2,1.490403078E-1,-5.824523456E-2,1.766887275E2
8.676320632E1,2.891002522E-2,5.613834946E-4,1.281350153E-3,9.995810390E-1,1.766866935E2,1.486304196E-1,-6.005795491E-2,1.766866124E2
8.676820632E1,2.893034976E-2,5.772052100E-4,1.280569471E-3,9.995804429E-1,1.766843635E2,1.485946742E-1,-6.186979575E-2,1.766842800E2
8.677320632E1,2.891630153E-2,5.649840459E-4,1.277632546E-3,9.995808601E-1,1.766859740E2,1.482168994E-1,-6.048176046E-2,1.766858925E2
8.677820632E1,2.889193446E-2,5.464791320E-4,1.277347677E-3,9.995815754E-1,1.766887674E2,1.481215251E-1,-5.836669658E-2,1.766886888E2
8.678320632E1,2.888571339E-2,5.413112231E-4,1.280312310E-3,9.995817542E-1,1.766894806E2,1.484436351E-1,-5.776585390E-2,1.766894026E2
8.678820632E1,2.891626582E-2,5.649363738E-4,1.278461423E-3,9.995808601E-1,1.766859781E2,1.483116820E-1,-6.047355862E-2,1.766858966E2
8.679320632E1,2.893274457E-2,5.791316507E-4,1.272092108E-3,9.995803833E-1,1.766840890E2,1.476301811E-1,-6.211820801E-2,1.766840057E2
8.679820632E1,2.891651910E-2,5.661665928E-4,1.272173016E-3,9.995808601E-1,1.766859490E2,1.475954762E-1,-6.063527241E-2,1.766858677E2
8.680320632E1,2.889620973E-2,5.503634457E-4,1.272248221E-3,9.995814562E-1,1.766882773E2,1.475505263E-1,-5.882787246E-2,1.766881984E2
8.680820632E1,2.889622774E-2,5.501417327E-4,1.271935063E-3,9.995814562E-1,1.766882752E2,1.475139229E-1,-5.880351097E-2,1.766881963E2
8.681320632E1,2.890849805E-2,5.597731215E-4,1.269961940E-3,9.995810986E-1,1.766868686E2,1.473205436E-1,-5.991145042E-2,1.766867884E2
8.681820632E1,2.892682588E-2,5.737135652E-4,1.268636901E-3,9.995805621E-1,1.766847675E2,1.472160799E-1,-6.150992906E-2,1.766846852E2
8.682320632E1,2.892683808E-2,5.749351112E-4,1.267805579E-3,9.995805621E-1,1.766847661E2,1.471249074E-1,-6.165260316E-2,1.766846837E2
8.682820632E1,2.890469166E-2,5.569416680E-4,1.264003920E-3,9.995812178E-1,1.766873049E2,1.466284820E-1,-5.960742140E-2,1.766872255E2
8.683320632E1,2.889253754E-2,5.475804210E-4,1.263156300E-3,9.995815754E-1,1.766886983E2,1.464996718E-1,-5.853973940E-2,1.766886203E2
8.683820632E1,2.890658006E-2,5.582345184E-4,1.267380314E-3,9.995811582E-1,1.766870884E2,1.470196224E-1,-5.974404770E-2,1.766870086E2
8.684320632E1,2.893304911E-2,5.801444058E-4,1.264682622E-3,9.995803833E-1,1.766840540E2,1.467848479E-1,-6.225873421E-2,1.766839711E2
8.684820632E1,2.894347476E-2,5.874844501E-4,1.258271514E-3,9.995800853E-1,1.766828589E2,1.460754916E-1,-6.311922151E-2,1.766827752E2
8.685320632E1,2.892343535E-2,5.724017392E-4,1.252504531E-3,9.995806813E-1,1.766851562E2,1.453636608E-1,-6.141363741E-2,1.766850751E2
8.685820632E1,2.890886700E-2,5.597160198E-4,1.261560596E-3,9.995810986E-1,1.766868263E2,1.463580546E-1,-5.993268734E-2,1.766867466E2
8.686320632E1,2.891273002E-2,5.638849689E-4,1.265623840E-3,9.995809793E-1,1.766863834E2,1.468375189E-1,-6.039618554E-2,1.766863028E2
8.686820632E1,2.893911286E-2,5.843785475E-4,1.265324652E-3,9.995802045E-1,1.766833589E2,1.468728083E-1,-6.274070797E-2,1.766832753E2
8.687320632E1,2.894745648E-2,5.912595079E-4,1.259607379E-3,9.995799661E-1,1.766824024E2,1.462412814E-1,-6.354661645E-2,1.766823181E2
8.687820632E1,2.893937685E-2,5.850972957E-4,1.258938690E-3,9.995802045E-1,1.766833286E2,1.461437368E-1,-6.284417483E-2,1.766832453E2
8.688320632E1,2.891695036E-2,5.668958183E-4,1.262005186E-3,9.995808601E-1,1.766858996E2,1.464332573E-1,-6.075243019E-2,1.766858188E2
8.688820632E1,2.890910073E-2,5.610114895E-4,1.255615265E-3,9.995810986E-1,1.766867995E2,1.456813597E-1,-6.010073668E-2,1.766867199E2
8.689320632E1,2.892728992E-2,5.758207408E-4,1.257048338E-3,9.995805621E-1,1.766847143E2,1.458956965E-1,-6.178963905E-2,1.766846324E2
8.689820632E1,2.894746818E-2,5.913176574E-4,1.259310986E-3,9.995799661E-1,1.766824010E2,1.462075250E-1,-6.355425858E-2,1.766823167E2
8.690320632E1,2.894342360E-2,5.874494673E-4,1.259464188E-3,9.995800853E-1,1.766828647E2,1.462119857E-1,-6.311126612E-2,1.766827810E2
8.690820632E1,2.892081287E-2,5.699748872E-4,1.266521285E-3,9.995807409E-1,1.766854568E2,1.469609881E-1,-6.108958471E-2,1.766853753E2
8.691320632E1,2.891041110E-2,5.612389650E-4,1.272677793E-3,9.995810390E-1,1.766866493E2,1.476365989E-1,-6.007007388E-2,1.766865687E2
8.691820632E1,2.893069772E-2,5.769717391E-4,1.272789785E-3,9.995804429E-1,1.766843236E2,1.477028073E-1,-6.186879344E-2,1.766842406E2
8.692320632E1,2.895128989E-2,5.931836786E-4,1.265187864E-3,9.995798469E-1,1.766819629E2,1.468871183E-1,-6.374794259E-2,1.766818780E2
8.692820632E1,2.894729642E-2,5.905708531E-4,1.263602288E-3,9.995799661E-1,1.766824207E2,1.466965781E-1,-6.345450704E-2,1.766823363E2
8.693320632E1,2.892875319E-2,5.765634123E-4,1.270360313E-3,9.995805025E-1,1.766845465E2,1.474230525E-1,-6.183036348E-2,1.766844638E2
8.693820632E1,2.892256444E-2,5.710844416E-4,1.273048460E-3,9.995806813E-1,1.766852560E2,1.477124199E-1,-6.119478603E-2,1.766851739E2
8.694320632E1,2.892651331E-2,5.744516966E-4,1.275411923E-3,9.995805621E-1,1.766848033E2,1.479945440E-1,-6.157206528E-2,1.766847205E2
8.694820632E1,2.894282544E-2,5.871249014E-4,1.273285714E-3,9.995800853E-1,1.766829333E2,1.477940400E-1,-6.302833498E-2,1.766828487E2
8.695320632E1,2.895099023E-2,5.931325722E-4,1.272050315E-3,9.995798469E-1,1.766819973E2,1.476729799E-1,-6.371936567E-2,1.766819119E2
8.695820632E1,2.893897663E-2,5.841891980E-4,1.268523745E-3,9.995802045E-1,1.766833745E2,1.472386078E-1,-6.270843024E-2,1.766832907E2
8.696320632E1,2.892474659E-2,5.732457503E-4,1.269294065E-3,9.995806217E-1,1.766850058E2,1.472896753E-1,-6.145447187E-2,1.766849236E2
8.696820632E1,2.892226689E-2,5.710615660E-4,1.279801014E-3,9.995806813E-1,1.766852901E2,1.484857888E-1,-6.116982954E-2,1.766852076E2
8.697320632E1,2.894296746E-2,5.864183186E-4,1.270379755E-3,9.995800853E-1,1.766829170E2,1.474588460E-1,-6.295701775E-2,1.766828327E2
8.697820632E1,2.895918519E-2,6.002400187E-4,1.269525499E-3,9.995796084E-1,1.766810578E2,1.474078884E-1,-6.454064496E-2,1.766809715E2
8.698320632E1,2.894098328E-2,5.863881670E-4,1.268697437E-3,9.995801449E-1,1.766831445E2,1.472659222E-1,-6.295943617E-2,1.766830603E2
8.698820632E1,2.891645985E-2,5.666339421E-4,1.273311209E-3,9.995808601E-1,1.766859558E2,1.477273943E-1,-6.068504142E-2,1.766858744E2
8.699320632E1,2.892039092E-2,5.694656284E-4,1.276347204E-3,9.995807409E-1,1.766855052E2,1.480847722E-1,-6.099875019E-2,1.766854231E2
8.699820632E1,2.893851317E-2,5.838526995E-4,1.279206597E-3,9.995802045E-1,1.766834276E2,1.484611163E-1,-6.263452836E-2,1.766833432E2
8.700320632E1,2.895073148E-2,5.925697624E-4,1.278186683E-3,9.995798469E-1,1.766820269E2,1.483739782E-1,-6.363457971E-2,1.766819413E2
8.700820632E1,2.894664611E-2,5.896109506E-4,1.278856187E-3,9.995799661E-1,1.766824953E2,1.484405904E-1,-6.329405276E-2,1.766824100E2
8.701320632E1,2.893254063E-2,5.787932896E-4,1.276875613E-3,9.995803833E-1,1.766841123E2,1.481769671E-1,-6.206362129E-2,1.766840288E2
8.701820632E1,2.891842792E-2,5.671962863E-4,1.275154878E-3,9.995808005E-1,1.766857302E2,1.479405582E-1,-6.074305374E-2,1.766856486E2
8.702320632E1,2.892057440E-2,5.690273247E-4,1.272379304E-3,9.995807409E-1,1.766854841E2,1.476288326E-1,-6.096166832E-2,1.766854024E2
8.702820632E1,2.893489213E-2,5.803137319E-4,1.269540517E-3,9.995803237E-1,1.766838428E2,1.473419655E-1,-6.226175106E-2,1.766837595E2
8.703320632E1,2.894294780E-2,5.872124457E-4,1.270460896E-3,9.995800853E-1,1.766829193E2,1.474707731E-1,-6.304771361E-2,1.766828349E2
8.703820632E1,2.892475785E-2,5.720222252E-4,1.269589295E-3,9.995806217E-1,1.766850045E2,1.473194370E-1,-6.131334476E-2,1.766849225E2
8.704320632E1,2.891037471E-2,5.618754076E-4,1.273223432E-3,9.995810390E-1,1.766866534E2,1.477012049E-1,-6.014117198E-2,1.766865727E2
8.704820632E1,2.891865294E-2,5.682507763E-4,1.269570203E-3,9.995808005E-1,1.766857044E2,1.473043767E-1,-6.088231262E-2,1.766856229E2
8.705320632E1,2.894286819E-2,5.865353160E-4,1.272585359E-3,9.995800853E-1,1.766829284E2,1.477118660E-1,-6.296311837E-2,1.766828440E2
8.705820632E1,2.894511848E-2,5.896096700E-4,1.266788109E-3,9.995800257E-1,1.766826704E2,1.470581673E-1,-6.333416220E-2,1.766825859E2
8.706320632E1,2.893494359E-2,5.811200826E-4,1.267997897E-3,9.995803237E-1,1.766838369E2,1.471679452E-1,-6.235922070E-2,1.766837535E2
8.706820632E1,2.892864747E-2,5.749763804E-4,1.273483154E-3,9.995805025E-1,1.766845586E2,1.477754865E-1,-6.163824244E-2,1.766844759E2
8.707320632E1,2.892430079E-2,5.721186753E-4,1.279916964E-3,9.995806217E-1,1.766850569E2,1.485026986E-1,-6.129022812E-2,1.766849743E2
8.707820632E1,2.893231016E-2,5.788702401E-4,1.282052370E-3,9.995803833E-1,1.766841388E2,1.487701729E-1,-6.205530618E-2,1.766840549E2
8.708320632E1,2.894042055E-2,5.846860586E-4,1.282247249E-3,9.995801449E-1,1.766832090E2,1.488122872E-1,-6.271961685E-2,1.766831242E2
8.708820632E1,2.893435452E-2,5.802504602E-4,1.281763427E-3,9.995803237E-1,1.766839044E2,1.487417799E-1,-6.221405520E-2,1.766838204E2
8.709320632E1,2.892050352E-2,5.694568972E-4,1.273797243E-3,9.995807409E-1,1.766854923E2,1.477926680E-1,-6.100618431E-2,1.766854104E2
8.709820632E1,2.891029335E-2,5.604356411E-4,1.275702962E-3,9.995810390E-1,1.766866628E2,1.479804446E-1,-5.996805342E-2,1.766865821E2
8.710320632E1,2.892253386E-2,5.713845603E-4,1.273608534E-3,9.995806813E-1,1.766852595E2,1.477775657E-1,-6.122731092E-2,1.766851773E2
8.710820632E1,2.893676708E-2,5.823017564E-4,1.272821450E-3,9.995802641E-1,1.766836278E2,1.477244851E-1,-6.247831038E-2,1.766835440E2
8.711320632E1,2.893289476E-2,5.790762953E-4,1.268696855E-3,9.995803833E-1,1.766840717E2,1.472411019E-1,-6.212310235E-2,1.766839887E2
8.711820632E1,2.891259632E-2,5.638514995E-4,1.268689288E-3,9.995809793E-1,1.766863987E2,1.471885280E-1,-6.038221496E-2,1.766863180E2
8.712320632E1,2.890651689E-2,5.586703774E-4,1.268628403E-3,9.995811582E-1,1.766870957E2,1.471640233E-1,-5.978984751E-2,1.766870157E2
8.712820632E1,2.891674910E-2,5.668922677E-4,1.266609761E-3,9.995808601E-1,1.766859227E2,1.469606587E-1,-6.073679479E-2,1.766858416E2
8.713320632E1,2.892705529E-2,5.748497788E-4,1.262878650E-3,9.995805621E-1,1.766847412E2,1.465602889E-1,-6.165912910E-2,1.766846591E2
8.713820632E1,2.892708862E-2,5.753884907E-4,1.261869445E-3,9.995805621E-1,1.766847374E2,1.464464788E-1,-6.172417557E-2,1.766846553E2
8.714320632E1,2.891695373E-2,5.665867939E-4,1.262066769E-3,9.995808601E-1,1.766858992E2,1.464392874E-1,-6.071682887E-2,1.766858184E2
8.714820632E1,2.890891480E-2,5.597764393E-4,1.260438119E-3,9.995810986E-1,1.766868208E2,1.462296849E-1,-5.994331956E-2,1.766867411E2
8.715320632E1,2.890692048E-2,5.595418043E-4,1.259011682E-3,9.995811582E-1,1.766870494E2,1.460653985E-1,-5.992146054E-2,1.766869699E2
8.715820632E1,2.891887520E-2,5.687687080E-4,1.264264341E-3,9.995808005E-1,1.766856789E2,1.466983534E-1,-6.095918894E-2,1.766855977E2
8.716320632E1,2.892489851E-2,5.727935350E-4,1.266031992E-3,9.995806217E-1,1.766849884E2,1.469145355E-1,-6.141346373E-2,1.766849065E2
8.716820632E1,2.891664631E-2,5.659722374E-4,1.269365079E-3,9.995808601E-1,1.766859345E2,1.472732081E-1,-6.062229610E-2,1.766858533E2
8.717320632E1,2.890244568E-2,5.545223830E-4,1.269279048E-3,9.995812774E-1,1.766875624E2,1.472245682E-1,-5.931316571E-2,1.766874830E2
8.717820632E1,2.890041616E-2,5.529337213E-4,1.269244240E-3,9.995813370E-1,1.766877951E2,1.472151991E-1,-5.913160886E-2,1.766877159E2
8.718320632E1,2.891274775E-2,5.630457308E-4,1.265592407E-3,9.995809793E-1,1.766863814E2,1.468311389E-1,-6.030015775E-2,1.766863009E2
8.718820632E1,2.891495251E-2,5.658338196E-4,1.261047204E-3,9.995809197E-1,1.766861286E2,1.463198859E-1,-6.063425201E-2,1.766860480E2
8.719320632E1,2.891486276E-2,5.651827087E-4,1.263394835E-3,9.995809197E-1,1.766861389E2,1.465866295E-1,-6.055190575E-2,1.766860583E2
8.719820632E1,2.890664622E-2,5.592180532E-4,1.265436178E-3,9.995811582E-1,1.766870809E2,1.468001958E-1,-5.986313561E-2,1.766870010E2
8.720320632E1,2.890266095E-2,5.553642404E-4,1.263997983E-3,9.995812774E-1,1.766875377E2,1.466224561E-1,-5.942705470E-2,1.766874585E2
8.720820632E1,2.890690448E-2,5.581586738E-4,1.259992714E-3,9.995811582E-1,1.766870513E2,1.461731867E-1,-5.975978441E-2,1.766869719E2
8.721320632E1,2.891310499E-2,5.642746110E-4,1.256853691E-3,9.995809793E-1,1.766863404E2,1.458342666E-1,-6.046981942E-2,1.766862603E2
8.721820632E1,2.892120067E-2,5.710654077E-4,1.257139840E-3,9.995807409E-1,1.766854123E2,1.458900401E-1,-6.124553186E-2,1.766853312E2
8.722320632E1,2.892122975E-2,5.710982950E-4,1.256455784E-3,9.995807409E-1,1.766854090E2,1.458117965E-1,-6.125156176E-2,1.766853279E2
8.722820632E1,2.890888211E-2,5.604964681E-4,1.260867692E-3,9.995810986E-1,1.766868245E2,1.462812732E-1,-6.002437593E-2,1.766867448E2
8.723320632E1,2.891669669E-2,5.667816731E-4,1.267855172E-3,9.995808601E-1,1.766859287E2,1.471029431E-1,-6.072000769E-2,1.766858475E2
8.723820632E1,2.893491448E-2,5.800514482E-4,1.269150758E-3,9.995803237E-1,1.766838402E2,1.472964528E-1,-6.223299722E-2,1.766837570E2
8.724320632E1,2.893914212E-2,5.839811638E-4,1.264838967E-3,9.995802045E-1,1.766833555E2,1.468158601E-1,-6.269679661E-2,1.766832720E2
8.724820632E1,2.892488945E-2,5.736974999E-4,1.265829662E-3,9.995806217E-1,1.766849895E2,1.468943558E-1,-6.151767905E-2,1.766849074E2
8.725320632E1,2.892063782E-2,5.696127773E-4,1.270674635E-3,9.995807409E-1,1.766854769E2,1.474355175E-1,-6.103436830E-2,1.766853951E2
8.725820632E1,2.893269578E-2,5.783612141E-4,1.273551607E-3,9.995803833E-1,1.766840945E2,1.477947999E-1,-6.202512770E-2,1.766840113E2
8.726320632E1,2.892343243E-2,5.721005728E-4,1.252709539E-3,9.995806813E-1,1.766851565E2,1.453861447E-1,-6.137846168E-2,1.766850755E2
8.726820632E1,2.891669150E-2,5.695670261E-4,1.168877003E-3,9.995809793E-1,1.766859293E2,1.357748402E-1,-6.136703569E-2,1.766858538E2
8.727320632E1,2.893624385E-2,5.825322005E-4,1.237306627E-3,9.995803237E-1,1.766836878E2,1.436572170E-1,-6.262254843E-2,1.766836062E2
8.727820632E1,2.891676245E-2,5.670585088E-4,1.218269463E-3,9.995809197E-1,1.766859211E2,1.414241302E-1,-6.091601990E-2,1.766858430E2
8.728320632E1,2.890219036E-2,5.553195952E-4,1.227103639E-3,9.995813370E-1,1.766875917E2,1.423962611E-1,-5.954420501E-2,1.766875147E2
8.728820632E1,2.893898775E-2,5.848854198E-4,1.220055739E-3,9.995802641E-1,1.766833732E2,1.416892125E-1,-6.294890826E-2,1.766832924E2
8.729320632E1,2.892814284E-2,5.767787807E-4,1.236818614E-3,9.995805621E-1,1.766846165E2,1.435817371E-1,-6.196631347E-2,1.766845358E2
8.729820632E1,2.891761045E-2,5.690052640E-4,1.197048579E-3,9.995809197E-1,1.766858239E2,1.389999134E-1,-6.120920985E-2,1.766857468E2
8.730320632E1,2.892517369E-2,5.748547264E-4,1.210534014E-3,9.995806813E-1,1.766849569E2,1.405644385E-1,-6.183347659E-2,1.766848781E2
8.730820632E1,2.892661830E-2,5.748234107E-4,1.225159038E-3,9.995806217E-1,1.766847913E2,1.422396290E-1,-6.178120699E-2,1.766847115E2
8.731320632E1,2.892464799E-2,5.747867981E-4,1.223062747E-3,9.995806813E-1,1.766850171E2,1.419992689E-1,-6.178424199E-2,1.766849376E2
8.731820632E1,2.894237270E-2,5.884310231E-4,1.235624892E-3,9.995801449E-1,1.766829852E2,1.434845339E-1,-6.330291696E-2,1.766829028E2
8.732320632E1,2.893017747E-2,5.783480010E-4,1.236667740E-3,9.995805025E-1,1.766843832E2,1.435697841E-1,-6.214626541E-2,1.766843023E2
8.732820632E1,2.890804797E-2,5.612386158E-4,1.232080860E-3,9.995811582E-1,1.766869202E2,1.429863286E-1,-6.020486840E-2,1.766868420E2
8.733320632E1,2.892246444E-2,5.729019176E-4,1.226865454E-3,9.995807409E-1,1.766852675E2,1.424284628E-1,-6.155604779E-2,1.766851879E2
8.733820632E1,2.892220613E-2,5.721667549E-4,1.233281218E-3,9.995807409E-1,1.766852971E2,1.431608960E-1,-6.145061252E-2,1.766852172E2
8.734320632E1,2.892035065E-2,5.710341502E-4,1.229001093E-3,9.995808005E-1,1.766855098E2,1.426667665E-1,-6.133533052E-2,1.766854304E2
8.734820632E1,2.893264187E-2,5.807137932E-4,1.226037042E-3,9.995804429E-1,1.766841007E2,1.423601018E-1,-6.245214388E-2,1.766840201E2
8.735320632E1,2.893059753E-2,5.787700647E-4,1.226602355E-3,9.995805025E-1,1.766843351E2,1.424182828E-1,-6.222791937E-2,1.766842547E2
8.735820632E1,2.891632642E-2,5.672416883E-4,1.228490844E-3,9.995809197E-1,1.766859711E2,1.425955063E-1,-6.090319356E-2,1.766858923E2
8.736320632E1,2.893258952E-2,5.798905040E-4,1.227661036E-3,9.995804429E-1,1.766841067E2,1.425433871E-1,-6.235246453E-2,1.766840261E2
8.736820632E1,2.894059050E-2,5.861210520E-4,1.230236376E-3,9.995802045E-1,1.766831895E2,1.428595393E-1,-6.305645131E-2,1.766831078E2
8.737320632E1,2.892818328E-2,5.768880947E-4,1.235821517E-3,9.995805621E-1,1.766846119E2,1.434678908E-1,-6.198213426E-2,1.766845312E2
8.737820632E1,2.894047699E-2,5.866801948E-4,1.232637907E-3,9.995802045E-1,1.766832025E2,1.431364669E-1,-6.311254921E-2,1.766831206E2
8.738320632E1,2.894276755E-2,5.888575688E-4,1.226136344E-3,9.995801449E-1,1.766829399E2,1.423991205E-1,-6.338318881E-2,1.766828581E2
8.738820632E1,2.893623904E-2,5.832227762E-4,1.237093704E-3,9.995803237E-1,1.766836884E2,1.436351176E-1,-6.270235612E-2,1.766836067E2
8.739320632E1,2.893900775E-2,5.849943846E-4,1.219528844E-3,9.995802641E-1,1.766833709E2,1.416292226E-1,-6.296313394E-2,1.766832901E2
8.739820632E1,2.894903459E-2,5.936070229E-4,1.221663668E-3,9.995799661E-1,1.766822215E2,1.419029577E-1,-6.394115256E-2,1.766821392E2
8.740320632E1,2.894298706E-2,5.879180389E-4,1.221396727E-3,9.995801449E-1,1.766829148E2,1.418531249E-1,-6.329126044E-2,1.766828334E2
8.740820632E1,2.892838537E-2,5.761607899E-4,1.231422415E-3,9.995805621E-1,1.766845887E2,1.429616025E-1,-6.191338037E-2,1.766845084E2
8.741320632E1,2.893081350E-2,5.789235001E-4,1.221425133E-3,9.995805025E-1,1.766843103E2,1.418257866E-1,-6.226262773E-2,1.766842302E2
8.741820632E1,2.892692972E-2,5.765350652E-4,1.216974808E-3,9.995806217E-1,1.766847556E2,1.413078702E-1,-6.200435123E-2,1.766846761E2
8.742320632E1,2.894537683E-2,5.899785901E-4,1.212518779E-3,9.995800853E-1,1.766826408E2,1.408431984E-1,-6.355639196E-2,1.766825597E2
8.742820632E1,2.895915866E-2,6.020495784E-4,1.221432234E-3,9.995796680E-1,1.766810609E2,1.419051145E-1,-6.490752257E-2,1.766809774E2
8.743320632E1,2.894258136E-2,5.885887076E-4,1.230652211E-3,9.995801449E-1,1.766829613E2,1.429154810E-1,-6.333744144E-2,1.766828792E2
8.743820632E1,2.892842291E-2,5.775237805E-4,1.229900983E-3,9.995805621E-1,1.766845844E2,1.427918529E-1,-6.207454035E-2,1.766845040E2
8.744320632E1,2.893033363E-2,5.787778064E-4,1.232807292E-3,9.995805025E-1,1.766843653E2,1.431290286E-1,-6.220827277E-2,1.766842846E2
8.744820632E1,2.894655449E-2,5.906769657E-4,1.233028597E-3,9.995800257E-1,1.766825058E2,1.431948600E-1,-6.356818694E-2,1.766824233E2
8.745320632E1,2.894867539E-2,5.924066063E-4,1.230724505E-3,9.995799661E-1,1.766822627E2,1.429368139E-1,-6.377364563E-2,1.766821800E2
8.745820632E1,2.894662891E-2,5.916616647E-4,1.230807393E-3,9.995800257E-1,1.766824973E2,1.429437064E-1,-6.368833513E-2,1.766824147E2
8.746320632E1,2.893251334E-2,5.798909115E-4,1.229454880E-3,9.995804429E-1,1.766841155E2,1.427488572E-1,-6.234657457E-2,1.766840347E2
8.746820632E1,2.892634265E-2,5.755319144E-4,1.231319271E-3,9.995806217E-1,1.766848229E2,1.429475768E-1,-6.184198080E-2,1.766847427E2
8.747320632E1,2.893848386E-2,5.849493900E-4,1.231919159E-3,9.995802641E-1,1.766834310E2,1.430482730E-1,-6.291696570E-2,1.766833494E2
8.747820632E1,2.895668091E-2,5.983895971E-4,1.233139308E-3,9.995797276E-1,1.766813449E2,1.432337792E-1,-6.444980018E-2,1.766812612E2
8.748320632E1,2.896060387E-2,6.024283357E-4,1.235675416E-3,9.995796084E-1,1.766808952E2,1.435379312E-1,-6.490343231E-2,1.766808107E2
8.748820632E1,2.894244597E-2,5.870189052E-4,1.234579831E-3,9.995801449E-1,1.766829768E2,1.433601498E-1,-6.314462365E-2,1.766828947E2
8.749320632E1,2.892441677E-2,5.729753175E-4,1.229364774E-3,9.995806813E-1,1.766850437E2,1.427151078E-1,-6.155589289E-2,1.766849639E2
8.749820632E1,2.893438261E-2,5.819723592E-4,1.232936047E-3,9.995803833E-1,1.766839012E2,1.431546215E-1,-6.257318136E-2,1.766838199E2
8.750320632E1,2.896059106E-2,6.021455047E-4,1.236113487E-3,9.995796084E-1,1.766808966E2,1.435871699E-1,-6.486958388E-2,1.766808122E2
8.750820632E1,2.895243866E-2,5.963522708E-4,1.237098710E-3,9.995798469E-1,1.766818312E2,1.436802702E-1,-6.420390922E-2,1.766817476E2
8.751320632E1,2.893599540E-2,5.817678175E-4,1.243461389E-3,9.995803237E-1,1.766837163E2,1.443596559E-1,-6.251462043E-2,1.766836344E2
8.751820632E1,2.892586997E-2,5.743200891E-4,1.242934377E-3,9.995806217E-1,1.766848771E2,1.442739682E-1,-6.166474054E-2,1.766847963E2
8.752320632E1,2.893814171E-2,5.842527025E-4,1.240258804E-3,9.995802641E-1,1.766834702E2,1.440011948E-1,-6.280955812E-2,1.766833882E2
8.752820632E1,2.894001153E-2,5.857736105E-4,1.243945328E-3,9.995802045E-1,1.766832559E2,1.444286245E-1,-6.297127299E-2,1.766831734E2
8.753320632E1,2.894593652E-2,5.909237661E-4,1.247334643E-3,9.995800257E-1,1.766825766E2,1.448343066E-1,-6.354909104E-2,1.766824932E2
8.753820632E1,2.893411134E-2,5.807371926E-4,1.239865087E-3,9.995803833E-1,1.766839323E2,1.439441869E-1,-6.240876536E-2,1.766838508E2
8.754320632E1,2.892186183E-2,5.708605750E-4,1.241930411E-3,9.995807409E-1,1.766853365E2,1.441472566E-1,-6.127238148E-2,1.766852564E2
8.754820632E1,2.892579799E-2,5.742570502E-4,1.244637533E-3,9.995806217E-1,1.766848853E2,1.444688407E-1,-6.165188472E-2,1.766848045E2
8.755320632E1,2.893794262E-2,5.845486885E-4,1.244756393E-3,9.995802641E-1,1.766834931E2,1.445173344E-1,-6.282857548E-2,1.766834107E2
8.755820632E1,2.892995698E-2,5.773251760E-4,1.242290833E-3,9.995805025E-1,1.766844085E2,1.442104694E-1,-6.201049735E-2,1.766843274E2
8.756320632E1,2.891368102E-2,5.652662949E-4,1.243081293E-3,9.995809793E-1,1.766862744E2,1.442600448E-1,-6.062895912E-2,1.766861950E2
8.756820632E1,2.890541877E-2,5.574799143E-4,1.247025095E-3,9.995812178E-1,1.766872216E2,1.446854890E-1,-5.972520804E-2,1.766871431E2
8.757320632E1,2.891334551E-2,5.648765946E-4,1.251036767E-3,9.995809793E-1,1.766863129E2,1.451699833E-1,-6.055801094E-2,1.766862330E2
8.757820632E1,2.892347527E-2,5.727859098E-4,1.251406502E-3,9.995806813E-1,1.766851516E2,1.452391643E-1,-6.146127525E-2,1.766850705E2
8.758320632E1,2.891539303E-2,5.661893520E-4,1.250744681E-3,9.995809197E-1,1.766860781E2,1.451410008E-1,-6.070904933E-2,1.766859981E2
8.758820632E1,2.891125964E-2,5.619386793E-4,1.252940041E-3,9.995810390E-1,1.766865520E2,1.453781312E-1,-6.021548888E-2,1.766864725E2
8.759320632E1,2.891137399E-2,5.626005004E-4,1.250001136E-3,9.995810390E-1,1.766865389E2,1.450436976E-1,-6.030101643E-2,1.766864594E2
8.759820632E1,2.892565060E-2,5.741833593E-4,1.248092041E-3,9.995806217E-1,1.766849022E2,1.448642796E-1,-6.163201448E-2,1.766848212E2
8.760320632E1,2.892971968E-2,5.780803622E-4,1.247455017E-3,9.995805025E-1,1.766844357E2,1.448044833E-1,-6.207991304E-2,1.766843541E2
8.760820632E1,2.892759126E-2,5.751978606E-4,1.250381349E-3,9.995805621E-1,1.766846797E2,1.451299883E-1,-6.174034887E-2,1.766845984E2
8.761320632E1,2.892558703E-2,5.732647260E-4,1.249986235E-3,9.995806217E-1,1.766849095E2,1.450781986E-1,-6.152052148E-2,1.766848285E2
8.761820632E1,2.893164854E-2,5.789723364E-4,1.250065980E-3,9.995804429E-1,1.766842146E2,1.451066299E-1,-6.217314707E-2,1.766841327E2
8.762320632E1,2.894378108E-2,5.879594828E-4,1.250982285E-3,9.995800853E-1,1.766828237E2,1.452421514E-1,-6.319776555E-2,1.766827405E2
8.762820632E1,2.893957265E-2,5.848970031E-4,1.254523057E-3,9.995802045E-1,1.766833062E2,1.456373019E-1,-6.283584764E-2,1.766832231E2
8.763320632E1,2.892954592E-2,5.776145845E-4,1.251693233E-3,9.995805025E-1,1.766844556E2,1.452883894E-1,-6.201253600E-2,1.766843739E2
8.763820632E1,2.891927203E-2,5.692603881E-4,1.254931558E-3,9.995808005E-1,1.766856334E2,1.456309949E-1,-6.104637822E-2,1.766855527E2
8.764320632E1,2.893119788E-2,5.775344325E-4,1.261112280E-3,9.995804429E-1,1.766842663E2,1.463671189E-1,-6.197188751E-2,1.766841839E2
8.764820632E1,2.895142018E-2,5.939722760E-4,1.261831960E-3,9.995798469E-1,1.766819480E2,1.465053455E-1,-6.384938590E-2,1.766818631E2
8.765320632E1,2.894973569E-2,5.926578306E-4,1.253855764E-3,9.995799065E-1,1.766821411E2,1.455872542E-1,-6.372553258E-2,1.766820569E2
8.765820632E1,2.893559014E-2,5.820922670E-4,1.252705581E-3,9.995803237E-1,1.766837627E2,1.454195705E-1,-6.252119009E-2,1.766836802E2
8.766320632E1,2.893734402E-2,5.826210836E-4,1.259488985E-3,9.995802641E-1,1.766835617E2,1.461984302E-1,-6.255901325E-2,1.766834787E2
8.766820632E1,2.895161207E-2,5.936436355E-4,1.257576747E-3,9.995798469E-1,1.766819260E2,1.460168597E-1,-6.382583168E-2,1.766818415E2
8.767320632E1,2.895594740E-2,5.976519315E-4,1.250597415E-3,9.995797276E-1,1.766814290E2,1.452309993E-1,-6.430748113E-2,1.766813443E2
8.767820632E1,2.894781478E-2,5.914813955E-4,1.251241076E-3,9.995799661E-1,1.766823613E2,1.452837331E-1,-6.359973303E-2,1.766822775E2
8.768320632E1,2.894154804E-2,5.857246579E-4,1.256057760E-3,9.995801449E-1,1.766830797E2,1.458159617E-1,-6.292527237E-2,1.766829965E2
8.768820632E1,2.894760071E-2,5.917210947E-4,1.256071031E-3,9.995799661E-1,1.766823859E2,1.458377555E-1,-6.361119800E-2,1.766823017E2
8.769320632E1,2.895565972E-2,5.968539044E-4,1.257619821E-3,9.995797276E-1,1.766814620E2,1.460327046E-1,-6.419281270E-2,1.766813770E2
8.769820632E1,2.896169409E-2,6.019741413E-4,1.258352888E-3,9.995795488E-1,1.766807702E2,1.461340545E-1,-6.477598756E-2,1.766806844E2
8.770320632E1,2.895958667E-2,6.006010808E-4,1.260161982E-3,9.995796084E-1,1.766810118E2,1.463365813E-1,-6.461301693E-2,1.766809260E2
8.770820632E1,2.894747541E-2,5.905355792E-4,1.259511802E-3,9.995799661E-1,1.766824002E2,1.462279333E-1,-6.346400944E-2,1.766823160E2
8.771320632E1,2.894127805E-2,5.860181409E-4,1.262127189E-3,9.995801449E-1,1.766831107E2,1.465121330E-1,-6.293879898E-2,1.766830270E2
8.771820632E1,2.895324041E-2,5.958155962E-4,1.266406849E-3,9.995797873E-1,1.766817393E2,1.470356025E-1,-6.404508039E-2,1.766816539E2
8.772320632E1,2.896127477E-2,6.019464927E-4,1.267979969E-3,9.995795488E-1,1.766808183E2,1.472366565E-1,-6.474093147E-2,1.766807318E2
8.772820632E1,2.894703304E-2,5.895675858E-4,1.270087785E-3,9.995799661E-1,1.766824509E2,1.474361060E-1,-6.331811447E-2,1.766823662E2
8.773320632E1,2.894313467E-2,5.876431242E-4,1.265996601E-3,9.995800853E-1,1.766828978E2,1.469608565E-1,-6.311182429E-2,1.766828137E2
8.773820632E1,2.894910558E-2,5.926853628E-4,1.268307678E-3,9.995799065E-1,1.766822133E2,1.472426808E-1,-6.368083505E-2,1.766821283E2
8.774320632E1,2.895521068E-2,5.971887731E-4,1.267758664E-3,9.995797276E-1,1.766815135E2,1.471951272E-1,-6.419759350E-2,1.766814277E2
8.774820632E1,2.894918997E-2,5.924921134E-4,1.266470528E-3,9.995799065E-1,1.766822037E2,1.470316111E-1,-6.366478176E-2,1.766821187E2
8.775320632E1,2.894701722E-2,5.897801020E-4,1.270349836E-3,9.995799661E-1,1.766824527E2,1.474668263E-1,-6.334158988E-2,1.766823680E2
8.775820632E1,2.894491058E-2,5.886688014E-4,1.271965448E-3,9.995800257E-1,1.766826942E2,1.476480646E-1,-6.320924956E-2,1.766826095E2
8.776320632E1,2.894276521E-2,5.867886939E-4,1.274808892E-3,9.995800853E-1,1.766829402E2,1.479673915E-1,-6.298478162E-2,1.766828556E2
8.776820632E1,2.894281199E-2,5.861743703E-4,1.274029026E-3,9.995800853E-1,1.766829348E2,1.478760281E-1,-6.291699450E-2,1.766828504E2
8.777320632E1,2.893052509E-2,5.775301252E-4,1.276455238E-3,9.995804429E-1,1.766843434E2,1.481245026E-1,-6.192062645E-2,1.766842601E2
8.777820632E1,2.893041567E-2,5.770357675E-4,1.279155957E-3,9.995804429E-1,1.766843559E2,1.484322072E-1,-6.185506359E-2,1.766842726E2
8.778320632E1,2.893455739E-2,5.807834677E-4,1.276933355E-3,9.995803237E-1,1.766838811E2,1.481903055E-1,-6.229109283E-2,1.766837973E2
8.778820632E1,2.893462537E-2,5.799013306E-4,1.275793416E-3,9.995803237E-1,1.766838733E2,1.480568118E-1,-6.219381944E-2,1.766837897E2
8.779320632E1,2.892433594E-2,5.727419630E-4,1.278843265E-3,9.995806217E-1,1.766850529E2,1.483817813E-1,-6.136517531E-2,1.766849702E2
8.779820632E1,2.892824246E-2,5.753227160E-4,1.282494981E-3,9.995805025E-1,1.766846051E2,1.488088580E-1,-6.164809843E-2,1.766845217E2
8.780320632E1,2.893459088E-2,5.796360783E-4,1.276695868E-3,9.995803237E-1,1.766838773E2,1.481593003E-1,-6.216044932E-2,1.766837937E2
8.780820632E1,2.893665254E-2,5.820972729E-4,1.275515999E-3,9.995802641E-1,1.766836409E2,1.480324435E-1,-6.244596998E-2,1.766835570E2
8.781320632E1,2.893466576E-2,5.805995897E-4,1.274559181E-3,9.995803237E-1,1.766838687E2,1.479177558E-1,-6.227788692E-2,1.766837851E2
8.781820632E1,2.893257077E-2,5.788882845E-4,1.276149414E-3,9.995803833E-1,1.766841089E2,1.480941024E-1,-6.207690560E-2,1.766840254E2
8.782320632E1,2.892443176E-2,5.729133263E-4,1.276597381E-3,9.995806217E-1,1.766850419E2,1.481251032E-1,-6.139223381E-2,1.766849593E2
8.782820632E1,2.891833206E-2,5.675337743E-4,1.277177129E-3,9.995808005E-1,1.766857412E2,1.481733071E-1,-6.077502351E-2,1.766856594E2
8.783320632E1,2.892856150E-2,5.752134020E-4,1.275327755E-3,9.995805025E-1,1.766845685E2,1.479875544E-1,-6.165928948E-2,1.766844856E2
8.783820632E1,2.893659516E-2,5.810600705E-4,1.277289470E-3,9.995802641E-1,1.766836475E2,1.482321404E-1,-6.232129291E-2,1.766835636E2
8.784320632E1,2.892436823E-2,5.726627423E-4,1.278148266E-3,9.995806217E-1,1.766850492E2,1.483019129E-1,-6.135839993E-2,1.766849666E2
8.784820632E1,2.892436529E-2,5.729245022E-4,1.278097392E-3,9.995806217E-1,1.766850496E2,1.482969531E-1,-6.138855189E-2,1.766849669E2
8.785320632E1,2.893260871E-2,5.786945694E-4,1.275376766E-3,9.995803833E-1,1.766841045E2,1.480049604E-1,-6.205727290E-2,1.766840211E2
8.785820632E1,2.894489727E-2,5.880433018E-4,1.272557536E-3,9.995800257E-1,1.766826958E2,1.477138089E-1,-6.313564073E-2,1.766826111E2
8.786320632E1,2.893059159E-2,5.778936320E-4,1.274782349E-3,9.995804429E-1,1.766843358E2,1.479340930E-1,-6.196780005E-2,1.766842525E2
8.786820632E1,2.892647967E-2,5.735355080E-4,1.276586554E-3,9.995805621E-1,1.766848072E2,1.481260514E-1,-6.146323311E-2,1.766847245E2
8.787320632E1,2.892851074E-2,5.757164326E-4,1.276251744E-3,9.995805025E-1,1.766845743E2,1.480950560E-1,-6.171385282E-2,1.766844913E2
8.787820632E1,2.894286624E-2,5.862927064E-4,1.272741589E-3,9.995800853E-1,1.766829286E2,1.477289562E-1,-6.293481115E-2,1.766828442E2
8.788320632E1,2.894888397E-2,5.912752822E-4,1.274011331E-3,9.995799065E-1,1.766822387E2,1.478913060E-1,-6.350043098E-2,1.766821535E2
8.788820632E1,2.893635677E-2,5.822239909E-4,1.282150857E-3,9.995802641E-1,1.766836749E2,1.487928266E-1,-6.243852765E-2,1.766835905E2
8.789320632E1,2.892632958E-2,5.734943552E-4,1.280001365E-3,9.995805621E-1,1.766848244E2,1.485170509E-1,-6.144722215E-2,1.766847415E2
8.789820632E1,2.893044327E-2,5.764891393E-4,1.278778072E-3,9.995804429E-1,1.766843528E2,1.483871124E-1,-6.179369958E-2,1.766842695E2
8.790320632E1,2.894461589E-2,5.885884166E-4,1.278690994E-3,9.995800257E-1,1.766827280E2,1.484181482E-1,-6.317777760E-2,1.766826429E2
8.790820632E1,2.895851327E-2,5.992304068E-4,1.285232371E-3,9.995796084E-1,1.766811348E2,1.492036168E-1,-6.437297653E-2,1.766810477E2
8.791320632E1,2.894635201E-2,5.888622254E-4,1.285838778E-3,9.995799661E-1,1.766825290E2,1.492378998E-1,-6.318517294E-2,1.766824434E2
8.791820632E1,2.893402099E-2,5.792412558E-4,1.289724139E-3,9.995803237E-1,1.766839426E2,1.496502624E-1,-6.207211183E-2,1.766838582E2
8.792320632E1,2.893782947E-2,5.816562916E-4,1.295569120E-3,9.995802045E-1,1.766835060E2,1.503280136E-1,-6.232878562E-2,1.766834209E2
8.792820632E1,2.895390612E-2,5.943665747E-4,1.298506977E-3,9.995797276E-1,1.766816630E2,1.507077033E-1,-6.377249954E-2,1.766815757E2
8.793320632E1,2.895399893E-2,5.956751411E-4,1.295835245E-3,9.995797276E-1,1.766816524E2,1.504060213E-1,-6.393123797E-2,1.766815651E2
8.793820632E1,2.893976161E-2,5.843304098E-4,1.297194394E-3,9.995801449E-1,1.766832845E2,1.505231678E-1,-6.262940787E-2,1.766831989E2
8.794320632E1,2.893753302E-2,5.812730524E-4,1.302344957E-3,9.995802045E-1,1.766835400E2,1.511028538E-1,-6.226246339E-2,1.766834545E2
8.794820632E1,2.894359604E-2,5.873190239E-4,1.302144607E-3,9.995800257E-1,1.766828449E2,1.511003367E-1,-6.295473790E-2,1.766827586E2
8.795320632E1,2.895578175E-2,5.955585511E-4,1.302015502E-3,9.995796680E-1,1.766814480E2,1.511136577E-1,-6.389710791E-2,1.766813603E2
8.795820632E1,2.893984194E-2,5.847085849E-4,1.295230351E-3,9.995801449E-1,1.766832753E2,1.502994583E-1,-6.267922673E-2,1.766831898E2
8.796320632E1,2.892350880E-2,5.702235503E-4,1.298524905E-3,9.995806217E-1,1.766851477E2,1.506277919E-1,-6.101159588E-2,1.766850642E2
8.796820632E1,2.893362706E-2,5.787695409E-4,1.298741903E-3,9.995803237E-1,1.766839878E2,1.506816021E-1,-6.198823930E-2,1.766839029E2
8.797320632E1,2.893342382E-2,5.792959710E-4,1.303027850E-3,9.995803237E-1,1.766840111E2,1.511742633E-1,-6.203435854E-2,1.766839259E2
8.797820632E1,2.894154251E-2,5.858555669E-4,1.302692108E-3,9.995800853E-1,1.766830804E2,1.511580663E-1,-6.278560306E-2,1.766829942E2
8.798320632E1,2.894357907E-2,5.867487635E-4,1.302778604E-3,9.995800257E-1,1.766828469E2,1.511710646E-1,-6.288731803E-2,1.766827605E2
8.798820632E1,2.894141091E-2,5.848629517E-4,1.306057675E-3,9.995800853E-1,1.766830955E2,1.515402704E-1,-6.266076336E-2,1.766830092E2
8.799320632E1,2.892924567E-2,5.747947725E-4,1.306337188E-3,9.995804429E-1,1.766844901E2,1.515381452E-1,-6.150843646E-2,1.766844054E2
8.799820632E1,2.892683565E-2,5.736164749E-4,1.314589288E-3,9.995805025E-1,1.766847664E2,1.524793173E-1,-6.134648091E-2,1.766846813E2
8.800320632E1,2.893101339E-2,5.771663855E-4,1.311740605E-3,9.995803833E-1,1.766842874E2,1.521650446E-1,-6.176190717E-2,1.766842020E2
8.800820632E1,2.892477678E-2,5.717226886E-4,1.315394999E-3,9.995805621E-1,1.766850024E2,1.525652025E-1,-6.112720340E-2,1.766849176E2
8.801320632E1,2.892467322E-2,5.707795499E-4,1.318078954E-3,9.995805621E-1,1.766850143E2,1.528695002E-1,-6.101029251E-2,1.766849294E2
8.801820632E1,2.892859689E-2,5.744885420E-4,1.320759649E-3,9.995804429E-1,1.766845644E2,1.531890928E-1,-6.142564675E-2,1.766844789E2
8.802320632E1,2.893290824E-2,5.772268632E-4,1.315336209E-3,9.995803237E-1,1.766840702E2,1.525772161E-1,-6.175662463E-2,1.766839845E2
8.802820632E1,2.892881420E-2,5.748208496E-4,1.315846108E-3,9.995804429E-1,1.766845395E2,1.526273924E-1,-6.147996594E-2,1.766844542E2
8.803320632E1,2.893088950E-2,5.763660301E-4,1.314821420E-3,9.995803833E-1,1.766843016E2,1.525152715E-1,-6.166003662E-2,1.766842161E2
8.803820632E1,2.893305888E-2,5.779283820E-4,1.311709639E-3,9.995803237E-1,1.766840529E2,1.521641506E-1,-6.184898020E-2,1.766839674E2
8.804320632E1,2.892880269E-2,5.739106564E-4,1.316496287E-3,9.995804429E-1,1.766845409E2,1.526988482E-1,-6.137355557E-2,1.766844556E2
8.804820632E1,2.892472755E-2,5.711806007E-4,1.316712238E-3,9.995805621E-1,1.766850080E2,1.527142842E-1,-6.106075211E-2,1.766849232E2
8.805320632E1,2.893871272E-2,5.822469830E-4,1.321306801E-3,9.995801449E-1,1.766834048E2,1.532781173E-1,-6.231096078E-2,1.766833180E2
8.805820632E1,2.894491544E-2,5.865977728E-4,1.318790484E-3,9.995799661E-1,1.766826937E2,1.530047077E-1,-6.281671060E-2,1.766826064E2
8.806320632E1,2.893478908E-2,5.797947524E-4,1.318126568E-3,9.995802641E-1,1.766838546E2,1.529054654E-1,-6.204122033E-2,1.766837683E2
8.806820632E1,2.893084142E-2,5.767298280E-4,1.315719564E-3,9.995803833E-1,1.766843071E2,1.526193515E-1,-6.169873701E-2,1.766842215E2
8.807320632E1,2.892036653E-2,5.681802286E-4,1.323289354E-3,9.995806813E-1,1.766855080E2,1.534574414E-1,-6.069594781E-2,1.766854232E2
8.807820632E1,2.892655712E-2,5.728409742E-4,1.321040443E-3,9.995805025E-1,1.766847983E2,1.532156689E-1,-6.123631036E-2,1.766847130E2
8.808320632E1,2.893472757E-2,5.793279852E-4,1.319681178E-3,9.995802641E-1,1.766838616E2,1.530819846E-1,-6.198260987E-2,1.766837754E2
8.808820632E1,2.893072050E-2,5.762699293E-4,1.318576629E-3,9.995803833E-1,1.766843210E2,1.529450781E-1,-6.163660501E-2,1.766842353E2
8.809320632E1,2.892059595E-2,5.674213171E-4,1.318592695E-3,9.995806813E-1,1.766854817E2,1.529169670E-1,-6.062454959E-2,1.766853974E2
8.809820632E1,2.892284523E-2,5.701586488E-4,1.313250163E-3,9.995806217E-1,1.766852238E2,1.523142227E-1,-6.095545642E-2,1.766851394E2
8.810320632E1,2.892510681E-2,5.717260065E-4,1.308116131E-3,9.995805621E-1,1.766849645E2,1.517314848E-1,-6.115166005E-2,1.766848802E2
8.810820632E1,2.893311569E-2,5.782356602E-4,1.310320455E-3,9.995803237E-1,1.766840464E2,1.520060506E-1,-6.188877423E-2,1.766839609E2
8.811320632E1,2.894117064E-2,5.837508361E-4,1.311866450E-3,9.995800853E-1,1.766831230E2,1.522019254E-1,-6.251414939E-2,1.766830365E2
8.811820632E1,2.893504577E-2,5.802970845E-4,1.312257722E-3,9.995802641E-1,1.766838251E2,1.522349076E-1,-6.211817986E-2,1.766837392E2
8.812320632E1,2.892692452E-2,5.728215910E-4,1.312979381E-3,9.995805025E-1,1.766847562E2,1.522922828E-1,-6.126075520E-2,1.766846713E2
8.812820632E1,2.893291805E-2,5.777562037E-4,1.314887893E-3,9.995803237E-1,1.766840691E2,1.525276201E-1,-6.181874205E-2,1.766839834E2
8.813320632E1,2.894922256E-2,5.913950736E-4,1.312447595E-3,9.995798469E-1,1.766821999E2,1.522943560E-1,-6.338659273E-2,1.766821122E2
8.813820632E1,2.894732431E-2,5.887135048E-4,1.310124411E-3,9.995799065E-1,1.766824175E2,1.520192338E-1,-6.308743230E-2,1.766823304E2
8.814320632E1,2.892712354E-2,5.739603657E-4,1.308088307E-3,9.995805025E-1,1.766847333E2,1.517358283E-1,-6.140737751E-2,1.766846487E2
8.814820632E1,2.892099309E-2,5.692657433E-4,1.309052692E-3,9.995806813E-1,1.766854361E2,1.518303563E-1,-6.086737330E-2,1.766853521E2
8.815320632E1,2.894144073E-2,5.847858847E-4,1.305431128E-3,9.995800853E-1,1.766830920E2,1.514682496E-1,-6.265400929E-2,1.766830058E2
8.815820632E1,2.894563705E-2,5.887996522E-4,1.301862416E-3,9.995799661E-1,1.766826110E2,1.510730536E-1,-6.312496169E-2,1.766825244E2
8.816320632E1,2.893766313E-2,5.827576970E-4,1.298785559E-3,9.995802045E-1,1.766835251E2,1.507000787E-1,-6.244430341E-2,1.766834396E2
8.816820632E1,2.892736469E-2,5.731263664E-4,1.303111669E-3,9.995805025E-1,1.766847057E2,1.511630355E-1,-6.132830885E-2,1.766846214E2
8.817320632E1,2.893130099E-2,5.765925162E-4,1.305635669E-3,9.995803833E-1,1.766842544E2,1.514638776E-1,-6.171637051E-2,1.766841695E2
8.817820632E1,2.894755620E-2,5.891643814E-4,1.304787118E-3,9.995799065E-1,1.766823910E2,1.514093909E-1,-6.315674705E-2,1.766823041E2
8.818320632E1,2.894354905E-2,5.870437017E-4,1.303312602E-3,9.995800257E-1,1.766828503E2,1.512332070E-1,-6.291933466E-2,1.766827639E2
8.818820632E1,2.893746315E-2,5.815838813E-4,1.303757890E-3,9.995802045E-1,1.766835480E2,1.512657228E-1,-6.229339198E-2,1.766834624E2
8.819320632E1,2.893334736E-2,5.782783846E-4,1.305175945E-3,9.995803237E-1,1.766840199E2,1.514169354E-1,-6.191068997E-2,1.766839347E2
8.819820632E1,2.893970371E-2,5.843937979E-4,1.298456918E-3,9.995801449E-1,1.766832912E2,1.506679886E-1,-6.263249034E-2,1.766832054E2
8.820320632E1,2.895224813E-2,5.945683224E-4,1.289468608E-3,9.995797873E-1,1.766818531E2,1.496729790E-1,-6.382584566E-2,1.766817664E2
8.820820632E1,2.895211579E-2,5.939679104E-4,1.292712637E-3,9.995797873E-1,1.766818682E2,1.500425614E-1,-6.374632932E-2,1.766817814E2
8.821320632E1,2.894396108E-2,5.876290379E-4,1.293864334E-3,9.995800257E-1,1.766828031E2,1.501529350E-1,-6.301765700E-2,1.766827172E2
8.821820632E1,2.893814034E-2,5.823182291E-4,1.288307831E-3,9.995802045E-1,1.766834704E2,1.494984932E-1,-6.242863906E-2,1.766833856E2
8.822320632E1,2.894606808E-2,5.892566405E-4,1.292034984E-3,9.995799661E-1,1.766825616E2,1.499489264E-1,-6.320983979E-2,1.766824755E2
8.822820632E1,2.894618374E-2,5.888866144E-4,1.289610285E-3,9.995799661E-1,1.766825483E2,1.496699724E-1,-6.317548129E-2,1.766824624E2
8.823320632E1,2.894425120E-2,5.868995213E-4,1.287690597E-3,9.995800257E-1,1.766827698E2,1.494433708E-1,-6.295452945E-2,1.766826844E2
8.823820632E1,2.893420836E-2,5.798159400E-4,1.285254606E-3,9.995803237E-1,1.766839211E2,1.491402226E-1,-6.215272977E-2,1.766838370E2
8.824320632E1,2.893416896E-2,5.801506341E-4,1.285990351E-3,9.995803237E-1,1.766839257E2,1.492256049E-1,-6.218863317E-2,1.766838414E2
8.824820632E1,2.894639398E-2,5.897345254E-4,1.284493483E-3,9.995799661E-1,1.766825242E2,1.490867010E-1,-6.328954542E-2,1.766824385E2
8.825320632E1,2.894064945E-2,5.857687793E-4,1.276574214E-3,9.995801449E-1,1.766831827E2,1.481660821E-1,-6.286241566E-2,1.766830982E2
8.825820632E1,2.892226766E-2,5.706275115E-4,1.279977034E-3,9.995806813E-1,1.766852900E2,1.485045122E-1,-6.111952789E-2,1.766852076E2
8.826320632E1,2.891812338E-2,5.671640974E-4,1.282057143E-3,9.995808005E-1,1.766857651E2,1.487310445E-1,-6.071653867E-2,1.766856831E2
8.826820632E1,2.892831369E-2,5.756287719E-4,1.280749799E-3,9.995805025E-1,1.766845969E2,1.486099773E-1,-6.168892987E-2,1.766845136E2
8.827320632E1,2.893871626E-2,5.833618343E-4,1.274828799E-3,9.995802045E-1,1.766834044E2,1.479580518E-1,-6.259279053E-2,1.766833203E2
8.827820632E1,2.892848274E-2,5.751094432E-4,1.277159899E-3,9.995805025E-1,1.766845775E2,1.481970656E-1,-6.164131968E-2,1.766844946E2
8.828320632E1,2.891606972E-2,5.656987778E-4,1.282553305E-3,9.995808601E-1,1.766860006E2,1.487828963E-1,-6.054735722E-2,1.766859187E2
8.828820632E1,2.892428428E-2,5.713689025E-4,1.280624769E-3,9.995806217E-1,1.766850588E2,1.485812869E-1,-6.120200287E-2,1.766849762E2
8.829320632E1,2.892645661E-2,5.740397610E-4,1.276882365E-3,9.995805621E-1,1.766848098E2,1.481616049E-1,-6.152001488E-2,1.766847270E2
8.829820632E1,2.893261970E-2,5.781116197E-4,1.275391900E-3,9.995803833E-1,1.766841033E2,1.480047617E-1,-6.199044799E-2,1.766840200E2
8.830320632E1,2.892854988E-2,5.750971031E-4,1.275643706E-3,9.995805025E-1,1.766845698E2,1.480233584E-1,-6.164492252E-2,1.766844870E2
8.830820632E1,2.891647250E-2,5.653838743E-4,1.273579546E-3,9.995808601E-1,1.766859544E2,1.477539889E-1,-6.054096317E-2,1.766858731E2
8.831320632E1,2.891860805E-2,5.676695146E-4,1.270852052E-3,9.995808005E-1,1.766857096E2,1.474492755E-1,-6.081149152E-2,1.766856281E2
8.831820632E1,2.892664638E-2,5.743907532E-4,1.272417721E-3,9.995805621E-1,1.766847880E2,1.476513830E-1,-6.157499019E-2,1.766847055E2
8.832320632E1,2.893276421E-2,5.790001014E-4,1.271705376E-3,9.995803833E-1,1.766840867E2,1.475854484E-1,-6.210441921E-2,1.766840035E2
8.832820632E1,2.893083315E-2,5.768594565E-4,1.269758795E-3,9.995804429E-1,1.766843081E2,1.473552626E-1,-6.186596087E-2,1.766842253E2
8.833320632E1,2.893079219E-2,5.779964849E-4,1.270174864E-3,9.995804429E-1,1.766843128E2,1.474066878E-1,-6.199482674E-2,1.766842298E2
8.833820632E1,2.893074664E-2,5.781966611E-4,1.271120855E-3,9.995804429E-1,1.766843180E2,1.475157060E-1,-6.201462609E-2,1.766842349E2
8.834320632E1,2.893296256E-2,5.791809526E-4,1.267101965E-3,9.995803833E-1,1.766840640E2,1.470587685E-1,-6.214036814E-2,1.766839810E2
8.834820632E1,2.892689526E-2,5.738628679E-4,1.266986481E-3,9.995805621E-1,1.766847595E2,1.470275338E-1,-6.153249141E-2,1.766846774E2
8.835320632E1,2.891896357E-2,5.681206239E-4,1.262533246E-3,9.995808005E-1,1.766856688E2,1.464979247E-1,-6.089067889E-2,1.766855878E2
8.835820632E1,2.891495799E-2,5.649495288E-4,1.261317870E-3,9.995809197E-1,1.766861280E2,1.463479591E-1,-6.053206454E-2,1.766860475E2
8.836320632E1,2.891512064E-2,5.647860235E-4,1.257657306E-3,9.995809197E-1,1.766861094E2,1.459281323E-1,-6.052544157E-2,1.766860291E2
8.836820632E1,2.890290384E-2,5.561082507E-4,1.258103177E-3,9.995812774E-1,1.766875099E2,1.459497212E-1,-5.953176495E-2,1.766874309E2
8.837320632E1,2.889869583E-2,5.530550261E-4,1.261396566E-3,9.995813966E-1,1.766879923E2,1.463165965E-1,-5.917174549E-2,1.766879136E2
8.837820632E1,2.890896900E-2,5.611017696E-4,1.258604228E-3,9.995810986E-1,1.766868146E2,1.460240181E-1,-6.010119502E-2,1.766867348E2
8.838320632E1,2.891727227E-2,5.671035033E-4,1.254513511E-3,9.995808601E-1,1.766858627E2,1.455758403E-1,-6.080099761E-2,1.766857823E2
8.838820632E1,2.891102432E-2,5.624486948E-4,1.258130302E-3,9.995810390E-1,1.766865790E2,1.459743190E-1,-6.025674655E-2,1.766864990E2
8.839320632E1,2.890081225E-2,5.546998582E-4,1.259416691E-3,9.995813370E-1,1.766877497E2,1.460953870E-1,-5.936639779E-2,1.766876708E2
8.839820632E1,2.890926985E-2,5.603813916E-4,1.251997543E-3,9.995810986E-1,1.766867801E2,1.452648947E-1,-6.004052329E-2,1.766867009E2
8.840320632E1,2.891942683E-2,5.682490300E-4,1.251818729E-3,9.995808005E-1,1.766856157E2,1.452710974E-1,-6.094082705E-2,1.766855353E2
8.840820632E1,2.892567911E-2,5.743385409E-4,1.247359673E-3,9.995806217E-1,1.766848989E2,1.447809075E-1,-6.165221300E-2,1.766848179E2
8.841320632E1,2.891939132E-2,5.695518921E-4,1.252046903E-3,9.995808005E-1,1.766856198E2,1.453015490E-1,-6.108931049E-2,1.766855392E2
8.841820632E1,2.890925352E-2,5.617252318E-4,1.251772512E-3,9.995810986E-1,1.766867820E2,1.452435700E-1,-6.019519944E-2,1.766867025E2
8.842320632E1,2.890754319E-2,5.595531547E-4,1.244626939E-3,9.995811582E-1,1.766869780E2,1.444177903E-1,-5.997032118E-2,1.766868994E2
8.842820632E1,2.891769994E-2,5.685294745E-4,1.243965584E-3,9.995808601E-1,1.766858137E2,1.443723926E-1,-6.099922495E-2,1.766857337E2
8.843320632E1,2.892779048E-2,5.755529855E-4,1.245599939E-3,9.995805621E-1,1.766846569E2,1.445834973E-1,-6.179684741E-2,1.766845758E2
8.843820632E1,2.892154662E-2,5.703305360E-4,1.249491354E-3,9.995807409E-1,1.766853727E2,1.450115393E-1,-6.118665555E-2,1.766852921E2
8.844320632E1,2.891350127E-2,5.646133213E-4,1.247550943E-3,9.995809793E-1,1.766862950E2,1.447698409E-1,-6.053938174E-2,1.766862154E2
8.844820632E1,2.891753789E-2,5.672457046E-4,1.248311019E-3,9.995808601E-1,1.766858322E2,1.448658709E-1,-6.083780092E-2,1.766857522E2
8.845320632E1,2.892349486E-2,5.715400912E-4,1.251523499E-3,9.995806813E-1,1.766851493E2,1.452484374E-1,-6.131818415E-2,1.766850685E2
8.845820632E1,2.892158191E-2,5.712366547E-4,1.248260029E-3,9.995807409E-1,1.766853686E2,1.448735041E-1,-6.129452139E-2,1.766852880E2
8.846320632E1,2.890941112E-2,5.610581720E-4,1.248427434E-3,9.995810986E-1,1.766867639E2,1.448582116E-1,-6.012985088E-2,1.766866848E2
8.846820632E1,2.890536978E-2,5.581525038E-4,1.247859676E-3,9.995812178E-1,1.766872272E2,1.447833102E-1,-5.979949150E-2,1.766871485E2
8.847320632E1,2.890967590E-2,5.616303533E-4,1.242022263E-3,9.995810986E-1,1.766867335E2,1.441264505E-1,-6.021657182E-2,1.766866547E2
8.847820632E1,2.890765586E-2,5.592878442E-4,1.242126687E-3,9.995811582E-1,1.766869651E2,1.441305297E-1,-5.994819775E-2,1.766868866E2
8.848320632E1,2.889716239E-2,5.519887200E-4,1.249706605E-3,9.995814562E-1,1.766881681E2,1.449739615E-1,-5.908854213E-2,1.766880902E2
8.848820632E1,2.890716609E-2,5.586643238E-4,1.253751107E-3,9.995811582E-1,1.766870213E2,1.454599400E-1,-5.983834106E-2,1.766869422E2
8.849320632E1,2.890961103E-2,5.613539251E-4,1.243656152E-3,9.995810986E-1,1.766867410E2,1.443126827E-1,-6.017950522E-2,1.766866621E2
8.849820632E1,2.890147358E-2,5.553310621E-4,1.243866282E-3,9.995813370E-1,1.766876738E2,1.443163135E-1,-5.949010362E-2,1.766875959E2
8.850320632E1,2.889532119E-2,5.498642568E-4,1.245534280E-3,9.995815158E-1,1.766883792E2,1.444889036E-1,-5.885928101E-2,1.766883019E2
8.850820632E1,2.889116573E-2,5.460095708E-4,1.247954555E-3,9.995816350E-1,1.766888555E2,1.447531239E-1,-5.841033895E-2,1.766887787E2
8.851320632E1,2.889735530E-2,5.518189864E-4,1.245313091E-3,9.995814562E-1,1.766881460E2,1.444701608E-1,-5.908362126E-2,1.766880684E2
8.851820632E1,2.889731846E-2,5.517258542E-4,1.246209024E-3,9.995814562E-1,1.766881502E2,1.445724738E-1,-5.906999203E-2,1.766880726E2
8.852320632E1,2.889524601E-2,5.506770685E-4,1.246918575E-3,9.995815158E-1,1.766883878E2,1.446501531E-1,-5.894781057E-2,1.766883103E2
8.852820632E1,2.888685758E-2,5.432512262E-4,1.253392315E-3,9.995817542E-1,1.766893494E2,1.453666029E-1,-5.807701149E-2,1.766892727E2
8.853320632E1,2.888474797E-2,5.405726843E-4,1.255631912E-3,9.995818138E-1,1.766895913E2,1.456141462E-1,-5.776309515E-2,1.766895148E2
8.853820632E1,2.888890015E-2,5.443258560E-4,1.253384165E-3,9.995816946E-1,1.766891153E2,1.453693459E-1,-5.819983345E-2,1.766890383E2
8.854320632E1,2.889688546E-2,5.512396456E-4,1.256422722E-3,9.995814562E-1,1.766881998E2,1.457407543E-1,-5.898054072E-2,1.766881217E2
8.854820632E1,2.888660568E-2,5.434098421E-4,1.259115990E-3,9.995817542E-1,1.766893783E2,1.460227254E-1,-5.807626982E-2,1.766893012E2
8.855320632E1,2.887640969E-2,5.349367275E-4,1.260025543E-3,9.995820522E-1,1.766905472E2,1.460982773E-1,-5.710420770E-2,1.766904713E2
8.855820632E1,2.888653378E-2,5.422867835E-4,1.261248020E-3,9.995817542E-1,1.766893865E2,1.462632144E-1,-5.794058357E-2,1.766893095E2
8.856320632E1,2.889888824E-2,5.519984988E-4,1.257444965E-3,9.995813966E-1,1.766879702E2,1.458604772E-1,-5.906378520E-2,1.766878919E2
8.856820632E1,2.889872465E-2,5.531329080E-4,1.260701800E-3,9.995813966E-1,1.766879890E2,1.462372749E-1,-5.918296295E-2,1.766879103E2
8.857320632E1,2.889065582E-2,5.455226637E-4,1.259914949E-3,9.995816350E-1,1.766889140E2,1.461214717E-1,-5.831504334E-2,1.766888365E2
8.857820632E1,2.888021834E-2,5.372595042E-4,1.266300795E-3,9.995819330E-1,1.766901105E2,1.468249742E-1,-5.734894242E-2,1.766900339E2
8.858320632E1,2.888609095E-2,5.412664032E-4,1.271784306E-3,9.995817542E-1,1.766894373E2,1.474666779E-1,-5.778889325E-2,1.766893598E2
8.858820632E1,2.890430291E-2,5.566912005E-4,1.272972091E-3,9.995812178E-1,1.766873495E2,1.476548777E-1,-5.954908395E-2,1.766872696E2
8.859320632E1,2.889425074E-2,5.482499837E-4,1.270822133E-3,9.995815158E-1,1.766885019E2,1.473800632E-1,-5.859079998E-2,1.766884233E2
8.859820632E1,2.888199503E-2,5.386595149E-4,1.272220747E-3,9.995818734E-1,1.766899069E2,1.475078043E-1,-5.748945047E-2,1.766898297E2
8.860320632E1,2.888200036E-2,5.380089278E-4,1.272374881E-3,9.995818734E-1,1.766899062E2,1.475233063E-1,-5.741441891E-2,1.766898292E2
8.860820632E1,2.888217278E-2,5.392667372E-4,1.267920830E-3,9.995818734E-1,1.766898865E2,1.470172952E-1,-5.757320928E-2,1.766898095E2
8.861320632E1,2.887583622E-2,5.336409668E-4,1.273643458E-3,9.995820522E-1,1.766906129E2,1.476538059E-1,-5.691080854E-2,1.766905364E2
8.861820632E1,2.887972807E-2,5.373334279E-4,1.277402160E-3,9.995819330E-1,1.766901667E2,1.480967843E-1,-5.732074248E-2,1.766900895E2
8.862320632E1,2.889211324E-2,5.460780812E-4,1.273469534E-3,9.995815754E-1,1.766887469E2,1.476759902E-1,-5.833357232E-2,1.766886686E2
8.862820632E1,2.888401236E-2,5.398627836E-4,1.272742637E-3,9.995818138E-1,1.766896756E2,1.475716825E-1,-5.762525215E-2,1.766895982E2
8.863320632E1,2.887989481E-2,5.366106634E-4,1.273931470E-3,9.995819330E-1,1.766901476E2,1.476968555E-1,-5.724941582E-2,1.766900707E2
8.863820632E1,2.888804923E-2,5.439824308E-4,1.272992347E-3,9.995816946E-1,1.766892128E2,1.476141564E-1,-5.809570896E-2,1.766891348E2
8.864320632E1,2.889411456E-2,5.479901447E-4,1.274026465E-3,9.995815158E-1,1.766885175E2,1.477462313E-1,-5.855044728E-2,1.766884388E2
8.864820632E1,2.888383208E-2,5.402817624E-4,1.276650233E-3,9.995818138E-1,1.766896963E2,1.480206503E-1,-5.766033628E-2,1.766896186E2
8.865320632E1,2.888991833E-2,5.449755699E-4,1.276947325E-3,9.995816350E-1,1.766889985E2,1.480705716E-1,-5.819609727E-2,1.766889201E2
8.865820632E1,2.889221607E-2,5.460742395E-4,1.271136105E-3,9.995815754E-1,1.766887351E2,1.474087035E-1,-5.834084280E-2,1.766886569E2
8.866320632E1,2.888832640E-2,5.443306873E-4,1.266537234E-3,9.995816946E-1,1.766891810E2,1.468759319E-1,-5.815692785E-2,1.766891033E2
8.866820632E1,2.888625949E-2,5.424066330E-4,1.267463202E-3,9.995817542E-1,1.766894180E2,1.469755062E-1,-5.793377821E-2,1.766893405E2
8.867320632E1,2.889610587E-2,5.491242628E-4,1.275139395E-3,9.995814562E-1,1.766882892E2,1.478775829E-1,-5.867637366E-2,1.766882103E2
8.867820632E1,2.890209017E-2,5.551255890E-4,1.277086558E-3,9.995812774E-1,1.766876032E2,1.481208471E-1,-5.935645284E-2,1.766875232E2
8.868320632E1,2.889792621E-2,5.508695613E-4,1.279849675E-3,9.995813966E-1,1.766880805E2,1.484230032E-1,-5.886041888E-2,1.766880011E2
8.868820632E1,2.888778594E-2,5.435870262E-4,1.279121381E-3,9.995816946E-1,1.766892430E2,1.483148754E-1,-5.803016733E-2,1.766891647E2
8.869320632E1,2.889202789E-2,5.464529386E-4,1.275243820E-3,9.995815754E-1,1.766887567E2,1.478804599E-1,-5.837064803E-2,1.766886782E2
8.869820632E1,2.890028056E-2,5.531084607E-4,1.272252179E-3,9.995813370E-1,1.766878106E2,1.475603106E-1,-5.914168239E-2,1.766877313E2
8.870320632E1,2.889628836E-2,5.501220003E-4,1.270565554E-3,9.995814562E-1,1.766882683E2,1.473569922E-1,-5.880577673E-2,1.766881895E2
8.870820632E1,2.888803807E-2,5.432651378E-4,1.273551723E-3,9.995816946E-1,1.766892141E2,1.476758542E-1,-5.801169749E-2,1.766891362E2
8.871320632E1,2.889021137E-2,5.450434401E-4,1.270271023E-3,9.995816350E-1,1.766889649E2,1.473060839E-1,-5.822593089E-2,1.766888869E2
8.871820632E1,2.890062236E-2,5.533766234E-4,1.264346647E-3,9.995813370E-1,1.766877714E2,1.466556892E-1,-5.919853018E-2,1.766876925E2
8.872320632E1,2.890866379E-2,5.604286562E-4,1.265893457E-3,9.995810986E-1,1.766868496E2,1.468567058E-1,-5.999999124E-2,1.766867695E2
8.872820632E1,2.890837412E-2,5.590086221E-4,1.273115748E-3,9.995810986E-1,1.766868828E2,1.476792526E-1,-5.981345244E-2,1.766868025E2
8.873320632E1,2.890006910E-2,5.522886640E-4,1.277401345E-3,9.995813370E-1,1.766878349E2,1.481473882E-1,-5.903075819E-2,1.766877553E2
8.873820632E1,2.889808516E-2,5.509518669E-4,1.276220079E-3,9.995813966E-1,1.766880623E2,1.480075372E-1,-5.888184248E-2,1.766879830E2
8.874320632E1,2.890227681E-2,5.548277986E-4,1.272985479E-3,9.995812774E-1,1.766875818E2,1.476501185E-1,-5.933589814E-2,1.766875021E2
8.874820632E1,2.890819685E-2,5.597078707E-4,1.276828349E-3,9.995810986E-1,1.766869031E2,1.481068139E-1,-5.988127427E-2,1.766868225E2
8.875320632E1,2.891226208E-2,5.618905416E-4,1.277148258E-3,9.995809793E-1,1.766864371E2,1.481509330E-1,-6.012962292E-2,1.766863561E2
8.875820632E1,2.890639176E-2,5.574623938E-4,1.272006310E-3,9.995811582E-1,1.766871100E2,1.475469326E-1,-5.964030980E-2,1.766870300E2
8.876320632E1,2.890638506E-2,5.586144980E-4,1.271653106E-3,9.995811582E-1,1.766871108E2,1.475102914E-1,-5.977344694E-2,1.766870307E2
8.876820632E1,2.892239772E-2,5.710566184E-4,1.276843017E-3,9.995806813E-1,1.766852751E2,1.481469603E-1,-6.117904721E-2,1.766851928E2
8.877320632E1,2.892841661E-2,5.749366828E-4,1.278734533E-3,9.995805025E-1,1.766845851E2,1.483768532E-1,-6.161632094E-2,1.766845021E2
8.877820632E1,2.892038676E-2,5.685630022E-4,1.276843832E-3,9.995807409E-1,1.766855056E2,1.481386660E-1,-6.089371492E-2,1.766854237E2
8.878320632E1,2.891035582E-2,5.603862810E-4,1.274308306E-3,9.995810390E-1,1.766866556E2,1.478205357E-1,-5.996701074E-2,1.766865750E2
8.878820632E1,2.892237759E-2,5.705723888E-4,1.277515432E-3,9.995806813E-1,1.766852774E2,1.482223750E-1,-6.112135622E-2,1.766851951E2
8.879320632E1,2.892437071E-2,5.722588394E-4,1.278272946E-3,9.995806217E-1,1.766850489E2,1.483148556E-1,-6.131172183E-2,1.766849663E2
8.879820632E1,2.891407586E-2,5.637724535E-4,1.281898702E-3,9.995809197E-1,1.766862291E2,1.487014118E-1,-6.032917490E-2,1.766861476E2
8.880320632E1,2.891180589E-2,5.625549238E-4,1.287143794E-3,9.995809793E-1,1.766864894E2,1.492980335E-1,-6.017267471E-2,1.766864077E2
8.880820632E1,2.892807560E-2,5.742154899E-4,1.286747982E-3,9.995805025E-1,1.766846242E2,1.492923317E-1,-6.150719900E-2,1.766845408E2
8.881320632E1,2.893418944E-2,5.802231608E-4,1.285496866E-3,9.995803237E-1,1.766839233E2,1.491693211E-1,-6.219857382E-2,1.766838391E2
8.881820632E1,2.893211505E-2,5.773608573E-4,1.287125982E-3,9.995803833E-1,1.766841611E2,1.493463067E-1,-6.186562384E-2,1.766840772E2
8.882320632E1,2.893411292E-2,5.802344531E-4,1.287212828E-3,9.995803237E-1,1.766839321E2,1.493659065E-1,-6.219418910E-2,1.766838477E2
8.882820632E1,2.894231641E-2,5.865559797E-4,1.285064034E-3,9.995800853E-1,1.766829916E2,1.491412533E-1,-6.292417961E-2,1.766829064E2
8.883320632E1,2.894255440E-2,5.863389815E-4,1.279792166E-3,9.995800853E-1,1.766829644E2,1.485366893E-1,-6.291677338E-2,1.766828795E2
8.883820632E1,2.893642868E-2,5.819277721E-4,1.280661556E-3,9.995802641E-1,1.766836666E2,1.486212587E-1,-6.240952548E-2,1.766835824E2
8.884320632E1,2.893220343E-2,5.779701751E-4,1.284863916E-3,9.995803833E-1,1.766841510E2,1.490892270E-1,-6.194290385E-2,1.766840671E2
8.884820632E1,2.894025412E-2,5.851339665E-4,1.285794307E-3,9.995801449E-1,1.766832281E2,1.492200555E-1,-6.275918311E-2,1.766831430E2
8.885320632E1,2.894654114E-2,5.896699149E-4,1.281202771E-3,9.995799661E-1,1.766825073E2,1.487095657E-1,-6.329303844E-2,1.766824219E2
8.885820632E1,2.894245811E-2,5.862840917E-4,1.281992882E-3,9.995800853E-1,1.766829754E2,1.487885792E-1,-6.290320142E-2,1.766828904E2
8.886320632E1,2.893410387E-2,5.800971412E-4,1.287478255E-3,9.995803237E-1,1.766839331E2,1.493958536E-1,-6.217758220E-2,1.766838488E2
8.886820632E1,2.893405138E-2,5.798692000E-4,1.288759871E-3,9.995803237E-1,1.766839391E2,1.495418956E-1,-6.214723142E-2,1.766838547E2
8.887320632E1,2.893206786E-2,5.782320513E-4,1.287795603E-3,9.995803833E-1,1.766841665E2,1.494258932E-1,-6.196320041E-2,1.766840824E2
8.887820632E1,2.893410440E-2,5.790349096E-4,1.287944266E-3,9.995803237E-1,1.766839331E2,1.494457100E-1,-6.205436525E-2,1.766838488E2
8.888320632E1,2.894622661E-2,5.899246316E-4,1.288172673E-3,9.995799661E-1,1.766825434E2,1.495087490E-1,-6.329914163E-2,1.766824575E2
8.888820632E1,2.894032005E-2,5.849680165E-4,1.284385100E-3,9.995801449E-1,1.766832205E2,1.490580934E-1,-6.274483827E-2,1.766831356E2
8.889320632E1,2.893004381E-2,5.755395978E-4,1.288208179E-3,9.995804429E-1,1.766843986E2,1.494640992E-1,-6.165373212E-2,1.766843149E2
8.889820632E1,2.893392692E-2,5.797563354E-4,1.291601802E-3,9.995803237E-1,1.766839534E2,1.498670390E-1,-6.212489922E-2,1.766838688E2
8.890320632E1,2.894000515E-2,5.844666157E-4,1.291687950E-3,9.995801449E-1,1.766832566E2,1.498929062E-1,-6.266323410E-2,1.766831713E2
8.890820632E1,2.893610214E-2,5.818952341E-4,1.288033323E-3,9.995802641E-1,1.766837040E2,1.494655201E-1,-6.238140281E-2,1.766836194E2
8.891320632E1,2.893194216E-2,5.783701199E-4,1.290554646E-3,9.995803833E-1,1.766841809E2,1.497423743E-1,-6.196988661E-2,1.766840966E2
8.891820632E1,2.892786803E-2,5.744319060E-4,1.291309716E-3,9.995805025E-1,1.766846480E2,1.498155545E-1,-6.151689702E-2,1.766845643E2
8.892320632E1,2.893392417E-2,5.786387483E-4,1.292164321E-3,9.995803237E-1,1.766839537E2,1.499277661E-1,-6.199502217E-2,1.766838693E2
8.892820632E1,2.894007213E-2,5.841767415E-4,1.290317858E-3,9.995801449E-1,1.766832489E2,1.497350136E-1,-6.263456460E-2,1.766831638E2
8.893320632E1,2.893982982E-2,5.846525892E-4,1.295526396E-3,9.995801449E-1,1.766832767E2,1.503331818E-1,-6.267183281E-2,1.766831911E2
8.893820632E1,2.894157044E-2,5.856083590E-4,1.302182674E-3,9.995800853E-1,1.766830772E2,1.510988958E-1,-6.275897235E-2,1.766829910E2
8.894320632E1,2.893960496E-2,5.841645179E-4,1.300758915E-3,9.995801449E-1,1.766833025E2,1.509309012E-1,-6.259860853E-2,1.766832167E2
8.894820632E1,2.894185072E-2,5.859873490E-4,1.295767142E-3,9.995800853E-1,1.766830450E2,1.503653116E-1,-6.282361845E-2,1.766829592E2
8.895320632E1,2.893371265E-2,5.790399737E-4,1.296712901E-3,9.995803237E-1,1.766839780E2,1.504500946E-1,-6.202593017E-2,1.766838932E2
8.895820632E1,2.893948375E-2,5.841963575E-4,1.303438563E-3,9.995801449E-1,1.766833164E2,1.512379360E-1,-6.259338731E-2,1.766832304E2
8.896320632E1,2.894370343E-2,5.872026668E-4,1.299807802E-3,9.995800257E-1,1.766828326E2,1.508322913E-1,-6.294914442E-2,1.766827464E2
8.896820632E1,2.894573452E-2,5.890985485E-4,1.299558091E-3,9.995799661E-1,1.766825998E2,1.508101054E-1,-6.316682708E-2,1.766825133E2
8.897320632E1,2.894748061E-2,5.901558325E-4,1.306015649E-3,9.995799065E-1,1.766823996E2,1.515533956E-1,-6.326624741E-2,1.766823125E2
8.897820632E1,2.895133656E-2,5.923850695E-4,1.310764579E-3,9.995797873E-1,1.766819576E2,1.521049958E-1,-6.350525187E-2,1.766818698E2
8.898320632E1,2.894739620E-2,5.893638590E-4,1.308242092E-3,9.995799065E-1,1.766824093E2,1.518057880E-1,-6.316815924E-2,1.766823222E2
8.898820632E1,2.893922451E-2,5.833200412E-4,1.309572253E-3,9.995801449E-1,1.766833461E2,1.519375892E-1,-6.247270917E-2,1.766832599E2
8.899320632E1,2.894719620E-2,5.895402282E-4,1.312581007E-3,9.995799065E-1,1.766824322E2,1.523033558E-1,-6.317399853E-2,1.766823448E2
8.899820632E1,2.894899396E-2,5.909547326E-4,1.317677670E-3,9.995798469E-1,1.766822261E2,1.528919527E-1,-6.331883913E-2,1.766821382E2
8.900320632E1,2.894102596E-2,5.850039306E-4,1.314497320E-3,9.995800853E-1,1.766831396E2,1.525074221E-1,-6.264897997E-2,1.766830528E2
8.900820632E1,2.893685482E-2,5.816544290E-4,1.317159622E-3,9.995802045E-1,1.766836178E2,1.528010031E-1,-6.225712456E-2,1.766835313E2
8.901320632E1,2.894889816E-2,5.901760887E-4,1.320129028E-3,9.995798469E-1,1.766822371E2,1.531701509E-1,-6.322153312E-2,1.766821491E2
8.901820632E1,2.894899378E-2,5.901242257E-4,1.318053808E-3,9.995798469E-1,1.766822262E2,1.529322816E-1,-6.322246224E-2,1.766821383E2
8.902320632E1,2.894262065E-2,5.856448552E-4,1.324388897E-3,9.995800257E-1,1.766829568E2,1.536426657E-1,-6.268934328E-2,1.766828692E2
8.902820632E1,2.893827276E-2,5.810974399E-4,1.331410138E-3,9.995801449E-1,1.766834552E2,1.544315513E-1,-6.214585118E-2,1.766833680E2
8.903320632E1,2.894214904E-2,5.839749356E-4,1.335386769E-3,9.995800257E-1,1.766830108E2,1.548968344E-1,-6.246166167E-2,1.766829229E2
8.903820632E1,2.894821575E-2,5.898565869E-4,1.335150795E-3,9.995798469E-1,1.766823153E2,1.548896964E-1,-6.313520895E-2,1.766822265E2
8.904320632E1,2.894223712E-2,5.839427467E-4,1.333490480E-3,9.995800257E-1,1.766830007E2,1.546795251E-1,-6.246425028E-2,1.766829129E2
8.904820632E1,2.893803872E-2,5.805405672E-4,1.336729270E-3,9.995801449E-1,1.766834820E2,1.550389632E-1,-6.206446218E-2,1.766833945E2
8.905320632E1,2.894417887E-2,5.854718038E-4,1.335352892E-3,9.995799661E-1,1.766827781E2,1.548980460E-1,-6.263291594E-2,1.766826899E2
8.905820632E1,2.894631997E-2,5.875519128E-4,1.332642860E-3,9.995799065E-1,1.766825327E2,1.545946633E-1,-6.287983644E-2,1.766824443E2
8.906320632E1,2.894214573E-2,5.842692917E-4,1.335329725E-3,9.995800257E-1,1.766830112E2,1.548912765E-1,-6.249556794E-2,1.766829232E2
8.906820632E1,2.894206119E-2,5.843803519E-4,1.337112277E-3,9.995800257E-1,1.766830209E2,1.550958196E-1,-6.250239024E-2,1.766829328E2
8.907320632E1,2.894397353E-2,5.865635467E-4,1.339318580E-3,9.995799661E-1,1.766828017E2,1.553558990E-1,-6.274484627E-2,1.766827131E2
8.907820632E1,2.893601265E-2,5.801943480E-4,1.336167916E-3,9.995802045E-1,1.766837143E2,1.549733896E-1,-6.202698069E-2,1.766836269E2
8.908320632E1,2.893607928E-2,5.795996403E-4,1.334982459E-3,9.995802045E-1,1.766837067E2,1.548356350E-1,-6.196278135E-2,1.766836194E2
8.908820632E1,2.894592999E-2,5.872832262E-4,1.341204625E-3,9.995799065E-1,1.766825774E2,1.555744436E-1,-6.282072066E-2,1.766824885E2
8.909320632E1,2.895593817E-2,5.944416043E-4,1.344125718E-3,9.995796084E-1,1.766814301E2,1.559334195E-1,-6.362941530E-2,1.766813399E2
8.909820632E1,2.895191110E-2,5.917123635E-4,1.343425363E-3,9.995797276E-1,1.766818917E2,1.558438866E-1,-6.331975051E-2,1.766818020E2
8.910320632E1,2.894977888E-2,5.909682368E-4,1.345352037E-3,9.995797873E-1,1.766821362E2,1.560619710E-1,-6.322845638E-2,1.766820465E2
8.910820632E1,2.894557663E-2,5.868294975E-4,1.349006547E-3,9.995799065E-1,1.766826179E2,1.564665773E-1,-6.274292494E-2,1.766825286E2
8.911320632E1,2.894157098E-2,5.834280164E-4,1.348093734E-3,9.995800257E-1,1.766830771E2,1.563504872E-1,-6.235696192E-2,1.766829884E2
8.911820632E1,2.894370195E-2,5.852409522E-4,1.345750876E-3,9.995799661E-1,1.766828328E2,1.560882739E-1,-6.257205932E-2,1.766827440E2
8.912320632E1,2.893946494E-2,5.821853993E-4,1.349646482E-3,9.995800853E-1,1.766833185E2,1.565240921E-1,-6.220980827E-2,1.766832300E2
8.912820632E1,2.893756746E-2,5.804524408E-4,1.346930396E-3,9.995801449E-1,1.766835361E2,1.562071165E-1,-6.202061310E-2,1.766834479E2
8.913320632E1,2.894368331E-2,5.850377493E-4,1.346240053E-3,9.995799661E-1,1.766828349E2,1.561436309E-1,-6.254716416E-2,1.766827461E2
8.913820632E1,2.894556643E-2,5.872324109E-4,1.349050086E-3,9.995799065E-1,1.766826191E2,1.564729004E-1,-6.278893321E-2,1.766825297E2
8.914320632E1,2.894556444E-2,5.869175657E-4,1.349229831E-3,9.995799065E-1,1.766826193E2,1.564924445E-1,-6.275227384E-2,1.766825300E2
8.914820632E1,2.895361711E-2,5.931310006E-4,1.350363949E-3,9.995796680E-1,1.766816961E2,1.566434730E-1,-6.345895831E-2,1.766816058E2
8.915320632E1,2.895566066E-2,5.946009187E-4,1.350020641E-3,9.995796084E-1,1.766814619E2,1.566091565E-1,-6.362814666E-2,1.766813713E2
8.915820632E1,2.895337412E-2,5.926404847E-4,1.355778542E-3,9.995796680E-1,1.766817240E2,1.572620373E-1,-6.338484590E-2,1.766816334E2
8.916320632E1,2.895733071E-2,5.965984892E-4,1.357430476E-3,9.995795488E-1,1.766812704E2,1.574646415E-1,-6.383210504E-2,1.766811790E2
8.916820632E1,2.895930949E-2,5.978929112E-4,1.358538284E-3,9.995794892E-1,1.766810436E2,1.575959562E-1,-6.397638446E-2,1.766809519E2
8.917320632E1,2.895715353E-2,5.953008658E-4,1.361773000E-3,9.995795488E-1,1.766812907E2,1.579577326E-1,-6.366908877E-2,1.766811993E2
8.917820632E1,2.896296040E-2,6.001295988E-4,1.367404824E-3,9.995793700E-1,1.766806250E2,1.586192196E-1,-6.420257852E-2,1.766805325E2
8.918320632E1,2.896699580E-2,6.035899278E-4,1.367544755E-3,9.995792508E-1,1.766801624E2,1.586469941E-1,-6.459783143E-2,1.766800693E2
8.918820632E1,2.897518154E-2,6.094440469E-4,1.365801669E-3,9.995790124E-1,1.766792240E2,1.584673028E-1,-6.527287040E-2,1.766791300E2
8.919320632E1,2.896921592E-2,6.054138648E-4,1.363270683E-3,9.995791912E-1,1.766799079E2,1.581636252E-1,-6.482058770E-2,1.766798147E2
8.919820632E1,2.896716764E-2,6.042164750E-4,1.363622607E-3,9.995792508E-1,1.766801427E2,1.581998280E-1,-6.468259053E-2,1.766800497E2
8.920320632E1,2.897116609E-2,6.071931566E-4,1.364739961E-3,9.995791316E-1,1.766796843E2,1.583379555E-1,-6.501920726E-2,1.766795908E2
8.920820632E1,2.896929625E-2,6.061119493E-4,1.361252042E-3,9.995791912E-1,1.766798987E2,1.579347254E-1,-6.490723729E-2,1.766798055E2
8.921320632E1,2.896314378E-2,5.995815736E-4,1.363756252E-3,9.995793700E-1,1.766806040E2,1.581994916E-1,-6.415188648E-2,1.766805118E2
8.921820632E1,2.896328032E-2,6.012712256E-4,1.360107563E-3,9.995793700E-1,1.766805883E2,1.577871745E-1,-6.435751349E-2,1.766804961E2
8.922320632E1,2.896931986E-2,6.046710769E-4,1.361390343E-3,9.995791912E-1,1.766798960E2,1.579457849E-1,-6.474173205E-2,1.766798031E2
8.922820632E1,2.896528271E-2,6.020029541E-4,1.360946684E-3,9.995793104E-1,1.766803588E2,1.578858485E-1,-6.443822679E-2,1.766802663E2
8.923320632E1,2.896108273E-2,5.993085215E-4,1.363959047E-3,9.995794296E-1,1.766808403E2,1.582216820E-1,-6.412026332E-2,1.766807481E2
8.923820632E1,2.896521151E-2,6.014639512E-4,1.362699317E-3,9.995793104E-1,1.766803670E2,1.580848076E-1,-6.437068137E-2,1.766802745E2
8.924320632E1,2.896737321E-2,6.046537310E-4,1.359054120E-3,9.995792508E-1,1.766801191E2,1.576780018E-1,-6.474780791E-2,1.766800264E2
8.924820632E1,2.896109618E-2,5.994039238E-4,1.363631454E-3,9.995794296E-1,1.766808387E2,1.581844758E-1,-6.413227611E-2,1.766807465E2
8.925320632E1,2.896510573E-2,6.026773481E-4,1.364410506E-3,9.995793104E-1,1.766803791E2,1.582848344E-1,-6.450400481E-2,1.766802863E2
8.925820632E1,2.896915068E-2,6.058876752E-4,1.364446012E-3,9.995791912E-1,1.766799154E2,1.582998204E-1,-6.487096810E-2,1.766798221E2
8.926320632E1,2.896537432E-2,6.020102883E-4,1.358992187E-3,9.995793104E-1,1.766803483E2,1.576620035E-1,-6.444553993E-2,1.766802560E2
8.926820632E1,2.895911515E-2,5.969946506E-4,1.363068353E-3,9.995794892E-1,1.766810658E2,1.581118533E-1,-6.385849194E-2,1.766809741E2
8.927320632E1,2.896092159E-2,5.978553672E-4,1.368012163E-3,9.995794296E-1,1.766808588E2,1.586811074E-1,-6.394038823E-2,1.766807665E2
8.927820632E1,2.896513671E-2,6.019793218E-4,1.364060910E-3,9.995793104E-1,1.766803755E2,1.582424754E-1,-6.442520601E-2,1.766802829E2
8.928320632E1,2.896321458E-2,6.001286092E-4,1.362010837E-3,9.995793700E-1,1.766805959E2,1.580013857E-1,-6.422032768E-2,1.766805037E2
8.928820632E1,2.896524961E-2,6.012989907E-4,1.361962059E-3,9.995793104E-1,1.766803626E2,1.579998142E-1,-6.435422736E-2,1.766802702E2
8.929320632E1,2.896097107E-2,5.983975134E-4,1.366727054E-3,9.995794296E-1,1.766808531E2,1.585357089E-1,-6.400674463E-2,1.766807608E2
8.929820632E1,2.896729338E-2,6.043231697E-4,1.360901515E-3,9.995792508E-1,1.766801283E2,1.578885066E-1,-6.470382446E-2,1.766800355E2
8.930320632E1,2.896770183E-2,6.045047194E-4,1.352098188E-3,9.995792508E-1,1.766800815E2,1.568807708E-1,-6.475377835E-2,1.766799892E2
8.930820632E1,2.896772421E-2,6.035437691E-4,1.352048130E-3,9.995792508E-1,1.766800789E2,1.568718482E-1,-6.464387052E-2,1.766799868E2
8.931320632E1,2.897353189E-2,6.080644671E-4,1.357766450E-3,9.995790720E-1,1.766794131E2,1.575422314E-1,-6.514178892E-2,1.766793199E2
8.931820632E1,2.897764868E-2,6.120165926E-4,1.355895773E-3,9.995789528E-1,1.766789412E2,1.573413501E-1,-6.560004169E-2,1.766788474E2
8.932320632E1,2.897172203E-2,6.077765138E-4,1.352624735E-3,9.995791316E-1,1.766796206E2,1.569522067E-1,-6.512616158E-2,1.766795277E2
8.932820632E1,2.896558280E-2,6.031889352E-4,1.354017062E-3,9.995793104E-1,1.766803244E2,1.570960606E-1,-6.459702722E-2,1.766802322E2
8.933320632E1,2.896728702E-2,6.045060582E-4,1.360955532E-3,9.995792508E-1,1.766801290E2,1.578953006E-1,-6.472459482E-2,1.766800362E2
8.933820632E1,2.896360824E-2,6.011289661E-4,1.353169791E-3,9.995793700E-1,1.766805508E2,1.569920459E-1,-6.436419386E-2,1.766804589E2
8.934320632E1,2.896771158E-2,6.041266024E-4,1.352058374E-3,9.995792508E-1,1.766800804E2,1.568749557E-1,-6.471059819E-2,1.766799881E2
8.934820632E1,2.895742905E-2,5.966990138E-4,1.355286804E-3,9.995795488E-1,1.766812591E2,1.572194374E-1,-6.385071748E-2,1.766811679E2
8.935320632E1,2.895942670E-2,5.972601939E-4,1.356316381E-3,9.995794892E-1,1.766810301E2,1.573393589E-1,-6.391126600E-2,1.766809387E2
8.935820632E1,2.896331949E-2,6.012508529E-4,1.359282178E-3,9.995793700E-1,1.766805839E2,1.576925669E-1,-6.435791324E-2,1.766804916E2
8.936320632E1,2.896727979E-2,6.036039558E-4,1.361509785E-3,9.995792508E-1,1.766801299E2,1.579557916E-1,-6.461942627E-2,1.766800371E2
8.936820632E1,2.896742089E-2,6.032352685E-4,1.358668087E-3,9.995792508E-1,1.766801137E2,1.576290784E-1,-6.458660635E-2,1.766800212E2
8.937320632E1,2.895931731E-2,5.980755668E-4,1.358291251E-3,9.995794892E-1,1.766810427E2,1.575682667E-1,-6.399812503E-2,1.766809510E2
8.937820632E1,2.895923981E-2,5.968663027E-4,1.360473689E-3,9.995794892E-1,1.766810516E2,1.578142330E-1,-6.385238142E-2,1.766809600E2
8.938320632E1,2.896334643E-2,6.001730217E-4,1.359184622E-3,9.995793700E-1,1.766805808E2,1.576778166E-1,-6.423477434E-2,1.766804887E2
8.938820632E1,2.897355796E-2,6.082234322E-4,1.357138739E-3,9.995790720E-1,1.766794101E2,1.574708606E-1,-6.516207735E-2,1.766793169E2
8.939320632E1,2.896565347E-2,6.031865487E-4,1.352505526E-3,9.995793104E-1,1.766803163E2,1.569229203E-1,-6.460176002E-2,1.766802242E2
8.939820632E1,2.894928554E-2,5.893404013E-4,1.356634544E-3,9.995797873E-1,1.766821927E2,1.573488793E-1,-6.300464653E-2,1.766821026E2
8.940320632E1,2.893895563E-2,5.813305033E-4,1.360888826E-3,9.995800853E-1,1.766833769E2,1.578089652E-1,-6.207468283E-2,1.766832878E2
8.940820632E1,2.895316025E-2,5.926393205E-4,1.360338647E-3,9.995796680E-1,1.766817485E2,1.577843510E-1,-6.336961631E-2,1.766816576E2
8.941320632E1,2.895556385E-2,5.953860236E-4,1.351749990E-3,9.995796084E-1,1.766814730E2,1.568098417E-1,-6.371235217E-2,1.766813822E2
8.941820632E1,2.894944368E-2,5.902171833E-4,1.352873631E-3,9.995797873E-1,1.766821746E2,1.569210092E-1,-6.311752792E-2,1.766820845E2
8.942320632E1,2.894312960E-2,5.849789595E-4,1.358117675E-3,9.995799661E-1,1.766828984E2,1.575039081E-1,-6.250112180E-2,1.766828089E2
8.942820632E1,2.893907497E-2,5.809799186E-4,1.358498703E-3,9.995800853E-1,1.766833632E2,1.575340363E-1,-6.204243308E-2,1.766832743E2
8.943320632E1,2.894331316E-2,5.843146355E-4,1.354486798E-3,9.995799661E-1,1.766828774E2,1.570858219E-1,-6.243704163E-2,1.766827882E2
8.943820632E1,2.893915564E-2,5.814280012E-4,1.356587163E-3,9.995800853E-1,1.766833540E2,1.573165725E-1,-6.210008449E-2,1.766832651E2
8.944320632E1,2.894303211E-2,5.842564860E-4,1.360504190E-3,9.995799661E-1,1.766829096E2,1.577748658E-1,-6.241046715E-2,1.766828200E2
8.944820632E1,2.894911727E-2,5.897423835E-4,1.360046328E-3,9.995797873E-1,1.766822120E2,1.577410006E-1,-6.303939912E-2,1.766821216E2
8.945320632E1,2.894330804E-2,5.852998002E-4,1.354170963E-3,9.995799661E-1,1.766828780E2,1.570529124E-1,-6.255093414E-2,1.766827886E2
8.945820632E1,2.893913287E-2,5.813006428E-4,1.357127330E-3,9.995800853E-1,1.766833566E2,1.573780214E-1,-6.208370866E-2,1.766832677E2
8.946320632E1,2.894517628E-2,5.857926444E-4,1.358017325E-3,9.995799065E-1,1.766826638E2,1.574952407E-1,-6.259433443E-2,1.766825741E2
8.946820632E1,2.894949425E-2,5.907210871E-4,1.351570943E-3,9.995797873E-1,1.766821688E2,1.567734695E-1,-6.317956046E-2,1.766820787E2
8.947320632E1,2.895120279E-2,5.910508917E-4,1.358892070E-3,9.995797276E-1,1.766819729E2,1.576132606E-1,-6.319278046E-2,1.766818824E2
8.947820632E1,2.895327413E-2,5.931704072E-4,1.357680769E-3,9.995796680E-1,1.766817355E2,1.574816773E-1,-6.343924939E-2,1.766816446E2
8.948320632E1,2.895130615E-2,5.908542080E-4,1.356773893E-3,9.995797276E-1,1.766819611E2,1.573699908E-1,-6.317726275E-2,1.766818707E2
8.948820632E1,2.894722340E-2,5.872617476E-4,1.357620815E-3,9.995798469E-1,1.766824291E2,1.574548247E-1,-6.276360332E-2,1.766823392E2
8.949320632E1,2.894896924E-2,5.895831273E-4,1.363262418E-3,9.995797873E-1,1.766822290E2,1.581088457E-1,-6.301051167E-2,1.766821384E2
8.949820632E1,2.895507379E-2,5.935346708E-4,1.363014453E-3,9.995796084E-1,1.766815291E2,1.580939400E-1,-6.346299214E-2,1.766814379E2
8.950320632E1,2.895330123E-2,5.920414696E-4,1.357595553E-3,9.995796680E-1,1.766817323E2,1.574681722E-1,-6.331021548E-2,1.766816417E2
8.950820632E1,2.895123073E-2,5.903965794E-4,1.358581125E-3,9.995797276E-1,1.766819697E2,1.575754746E-1,-6.311886049E-2,1.766818793E2
8.951320632E1,2.894306830E-2,5.847904831E-4,1.359504415E-3,9.995799661E-1,1.766829054E2,1.576621214E-1,-6.247494329E-2,1.766828159E2
8.951820632E1,2.894881413E-2,5.887334701E-4,1.366918441E-3,9.995797873E-1,1.766822467E2,1.585247915E-1,-6.290108511E-2,1.766821561E2
8.952320632E1,2.895517736E-2,5.940851406E-4,1.360572409E-3,9.995796084E-1,1.766815173E2,1.578160525E-1,-6.353413143E-2,1.766814261E2
8.952820632E1,2.894712782E-2,5.875675706E-4,1.359525253E-3,9.995798469E-1,1.766824401E2,1.576739746E-1,-6.279233102E-2,1.766823500E2
8.953320632E1,2.893277241E-2,5.755635793E-4,1.363468473E-3,9.995802641E-1,1.766840858E2,1.580849421E-1,-6.140654247E-2,1.766839974E2
8.953820632E1,2.893071964E-2,5.739502376E-4,1.364009455E-3,9.995803237E-1,1.766843211E2,1.581414331E-1,-6.122027580E-2,1.766842330E2
8.954320632E1,2.893691882E-2,5.796494661E-4,1.361136674E-3,9.995801449E-1,1.766836104E2,1.578316535E-1,-6.188163067E-2,1.766835216E2
8.954820632E1,2.894303059E-2,5.848389119E-4,1.360286144E-3,9.995799661E-1,1.766829098E2,1.577518218E-1,-6.247790366E-2,1.766828201E2
8.955320632E1,2.894284655E-2,5.841305247E-4,1.364499913E-3,9.995799661E-1,1.766829309E2,1.582321214E-1,-6.238281578E-2,1.766828411E2
8.955820632E1,2.894069297E-2,5.829806905E-4,1.367004006E-3,9.995800257E-1,1.766831778E2,1.585150016E-1,-6.224314600E-2,1.766830880E2
8.956320632E1,2.894307499E-2,5.843000836E-4,1.359572983E-3,9.995799661E-1,1.766829047E2,1.576683493E-1,-6.241854275E-2,1.766828152E2
8.956820632E1,2.893909156E-2,5.813550670E-4,1.357984729E-3,9.995800853E-1,1.766833613E2,1.574764090E-1,-6.208710573E-2,1.766832724E2
8.957320632E1,2.893704774E-2,5.805552937E-4,1.358006266E-3,9.995801449E-1,1.766835956E2,1.574760968E-1,-6.199574750E-2,1.766835068E2
8.957820632E1,2.893894453E-2,5.806392874E-4,1.361419912E-3,9.995800853E-1,1.766833782E2,1.578675047E-1,-6.199374909E-2,1.766832892E2
8.958320632E1,2.892888971E-2,5.727227544E-4,1.359650283E-3,9.995803833E-1,1.766845309E2,1.576379357E-1,-6.109441617E-2,1.766844432E2
8.958820632E1,2.892072632E-2,5.675379653E-4,1.360210706E-3,9.995806217E-1,1.766854667E2,1.576844457E-1,-6.049996218E-2,1.766853799E2
8.959320632E1,2.892472073E-2,5.698883324E-4,1.361895702E-3,9.995805025E-1,1.766850088E2,1.578854841E-1,-6.076296626E-2,1.766849215E2
8.959820632E1,2.893074818E-2,5.739700864E-4,1.363395713E-3,9.995803237E-1,1.766843178E2,1.580712004E-1,-6.122457958E-2,1.766842297E2
8.960320632E1,2.892877610E-2,5.737823085E-4,1.361619332E-3,9.995803833E-1,1.766845439E2,1.578669837E-1,-6.120927155E-2,1.766844560E2
8.960820632E1,2.892267965E-2,5.681345938E-4,1.362228882E-3,9.995805621E-1,1.766852428E2,1.579177109E-1,-6.056130496E-2,1.766851557E2
8.961320632E1,2.892493313E-2,5.707755336E-4,1.357004279E-3,9.995805025E-1,1.766849845E2,1.573281560E-1,-6.088076917E-2,1.766848973E2
8.961820632E1,2.892543313E-2,5.708833341E-4,1.346258563E-3,9.995805025E-1,1.766849271E2,1.560976890E-1,-6.092865717E-2,1.766848406E2
8.962320632E1,2.892323962E-2,5.684526404E-4,1.350153238E-3,9.995805621E-1,1.766851786E2,1.565356092E-1,-6.063767079E-2,1.766850922E2
8.962820632E1,2.892924951E-2,5.741206696E-4,1.351380139E-3,9.995803833E-1,1.766844896E2,1.566952989E-1,-6.128189820E-2,1.766844023E2
8.963320632E1,2.892937289E-2,5.741734640E-4,1.348713995E-3,9.995803833E-1,1.766844755E2,1.563900914E-1,-6.129676479E-2,1.766843883E2
8.963820632E1,2.892743228E-2,5.733362050E-4,1.346517121E-3,9.995804429E-1,1.766846980E2,1.561355586E-1,-6.120844830E-2,1.766846110E2
8.964320632E1,2.892561726E-2,5.705103977E-4,1.342455042E-3,9.995805025E-1,1.766849060E2,1.556607943E-1,-6.089851857E-2,1.766848198E2
8.964820632E1,2.892741192E-2,5.733092548E-4,1.346965786E-3,9.995804429E-1,1.766847003E2,1.561868598E-1,-6.120387723E-2,1.766846133E2
8.965320632E1,2.892550855E-2,5.706029478E-4,1.344756107E-3,9.995805025E-1,1.766849185E2,1.559246672E-1,-6.090150916E-2,1.766848321E2
8.965820632E1,2.892332234E-2,5.699173198E-4,1.347761601E-3,9.995805621E-1,1.766851691E2,1.562665220E-1,-6.081335435E-2,1.766850826E2
8.966320632E1,2.892105241E-2,5.678109010E-4,1.353144995E-3,9.995806217E-1,1.766854293E2,1.568760367E-1,-6.055459093E-2,1.766853429E2
8.966820632E1,2.892707313E-2,5.713897408E-4,1.355033251E-3,9.995804429E-1,1.766847391E2,1.571045535E-1,-6.095731954E-2,1.766846520E2
8.967320632E1,2.892724429E-2,5.727529642E-4,1.350797131E-3,9.995804429E-1,1.766847195E2,1.566238620E-1,-6.112748338E-2,1.766846324E2
8.967820632E1,2.892728852E-2,5.724400398E-4,1.349982340E-3,9.995804429E-1,1.766847144E2,1.565294981E-1,-6.109433396E-2,1.766846274E2
8.968320632E1,2.891698303E-2,5.646712962E-4,1.353367465E-3,9.995807409E-1,1.766858959E2,1.568908684E-1,-6.019487093E-2,1.766858099E2
8.968820632E1,2.891084901E-2,5.596513511E-4,1.354432199E-3,9.995809197E-1,1.766865991E2,1.569958257E-1,-5.961730381E-2,1.766865138E2
8.969320632E1,2.891307210E-2,5.608280189E-4,1.350473845E-3,9.995808601E-1,1.766863442E2,1.565464522E-1,-5.976484951E-2,1.766862590E2
8.969820632E1,2.890516303E-2,5.546176108E-4,1.345867058E-3,9.995810986E-1,1.766872509E2,1.559977281E-1,-5.906998518E-2,1.766871670E2
8.970320632E1,2.890526859E-2,5.544279702E-4,1.343676238E-3,9.995810986E-1,1.766872388E2,1.557461612E-1,-5.905550344E-2,1.766871550E2
8.970820632E1,2.890727031E-2,5.559143028E-4,1.344340038E-3,9.995810390E-1,1.766870093E2,1.558272376E-1,-5.922324248E-2,1.766869253E2
8.971320632E1,2.890539416E-2,5.557468976E-4,1.340426155E-3,9.995810986E-1,1.766872244E2,1.553782608E-1,-5.921732412E-2,1.766871406E2
8.971820632E1,2.889740654E-2,5.497530801E-4,1.337324968E-3,9.995813370E-1,1.766881401E2,1.550027162E-1,-5.854228179E-2,1.766880574E2
8.972320632E1,2.889745747E-2,5.484662834E-4,1.336752670E-3,9.995813370E-1,1.766881343E2,1.549329045E-1,-5.839677471E-2,1.766880518E2
8.972820632E1,2.890756757E-2,5.575554678E-4,1.337249880E-3,9.995810390E-1,1.766869752E2,1.550205582E-1,-5.943466827E-2,1.766868914E2
8.973320632E1,2.890555800E-2,5.562730366E-4,1.336669549E-3,9.995810986E-1,1.766872056E2,1.549497173E-1,-5.929000796E-2,1.766871220E2
8.973820632E1,2.890751241E-2,5.567008047E-4,1.338797272E-3,9.995810390E-1,1.766869816E2,1.551949679E-1,-5.933165470E-2,1.766868977E2
8.974320632E1,2.890942273E-2,5.577510456E-4,1.341610448E-3,9.995809793E-1,1.766867626E2,1.555207927E-1,-5.944233677E-2,1.766866784E2
8.974820632E1,2.891963167E-2,5.668696249E-4,1.339808456E-3,9.995806813E-1,1.766855922E2,1.553452135E-1,-6.049119457E-2,1.766855067E2
8.975320632E1,2.890749124E-2,5.577680422E-4,1.338810311E-3,9.995810390E-1,1.766869840E2,1.551999956E-1,-5.945385999E-2,1.766869000E2
8.975820632E1,2.890134857E-2,5.516618257E-4,1.340451417E-3,9.995812178E-1,1.766876882E2,1.553673846E-1,-5.874995049E-2,1.766876050E2
8.976320632E1,2.890519979E-2,5.551010254E-4,1.344877877E-3,9.995810986E-1,1.766872467E2,1.558860270E-1,-5.912862803E-2,1.766871627E2
8.976820632E1,2.890134846E-2,5.519021652E-4,1.340354909E-3,9.995812178E-1,1.766876882E2,1.553571261E-1,-5.877779948E-2,1.766876050E2
8.977320632E1,2.889947658E-2,5.501182750E-4,1.336994232E-3,9.995812774E-1,1.766879028E2,1.549661631E-1,-5.858488684E-2,1.766878201E2
8.977820632E1,2.890354939E-2,5.542951985E-4,1.336352783E-3,9.995811582E-1,1.766874359E2,1.549067633E-1,-5.906481984E-2,1.766873526E2
8.978320632E1,2.890560665E-2,5.563498125E-4,1.335585141E-3,9.995810986E-1,1.766872000E2,1.548257622E-1,-5.930238663E-2,1.766871164E2
8.978820632E1,2.890182806E-2,5.533418152E-4,1.329374732E-3,9.995812178E-1,1.766876332E2,1.541042111E-1,-5.897899389E-2,1.766875505E2
8.979320632E1,2.890377648E-2,5.541308783E-4,1.331500476E-3,9.995811582E-1,1.766874098E2,1.543504306E-1,-5.906203470E-2,1.766873268E2
8.979820632E1,2.889756138E-2,5.498907412E-4,1.333918073E-3,9.995813370E-1,1.766881223E2,1.546129423E-1,-5.856930792E-2,1.766880399E2
8.980320632E1,2.888962553E-2,5.438436638E-4,1.329625607E-3,9.995815754E-1,1.766890321E2,1.541007813E-1,-5.789209179E-2,1.766889508E2
8.980820632E1,2.889583777E-2,5.485417787E-4,1.327129779E-3,9.995813966E-1,1.766883199E2,1.538308170E-1,-5.843753759E-2,1.766882381E2
8.981320632E1,2.890388415E-2,5.538135883E-4,1.329293358E-3,9.995811582E-1,1.766873975E2,1.540965742E-1,-5.903298502E-2,1.766873147E2
8.981820632E1,2.890607691E-2,5.560312420E-4,1.325501944E-3,9.995810986E-1,1.766871461E2,1.536697670E-1,-5.929922396E-2,1.766870632E2
8.982320632E1,2.889826874E-2,5.506323650E-4,1.318195369E-3,9.995813370E-1,1.766880412E2,1.528145009E-1,-5.870621382E-2,1.766879596E2
8.982820632E1,2.889835621E-2,5.502906279E-4,1.316419337E-3,9.995813370E-1,1.766880312E2,1.526099407E-1,-5.867293813E-2,1.766879497E2
8.983320632E1,2.890218149E-2,5.540178972E-4,1.321385382E-3,9.995812178E-1,1.766875927E2,1.531913405E-1,-5.908284125E-2,1.766875103E2
8.983820632E1,2.890821708E-2,5.586548359E-4,1.322670723E-3,9.995810390E-1,1.766869008E2,1.533542868E-1,-5.960878982E-2,1.766868176E2
8.984320632E1,2.890660627E-2,5.566747859E-4,1.313634450E-3,9.995810986E-1,1.766870854E2,1.523125821E-1,-5.941216794E-2,1.766870031E2
8.984820632E1,2.889258322E-2,5.463081761E-4,1.308997744E-3,9.995815158E-1,1.766886930E2,1.517463177E-1,-5.824222742E-2,1.766886126E2
8.985320632E1,2.889438816E-2,5.471338518E-4,1.314317109E-3,9.995814562E-1,1.766884861E2,1.523584575E-1,-5.831891615E-2,1.766884052E2
8.985820632E1,2.890068147E-2,5.521819112E-4,1.309823012E-3,9.995812774E-1,1.766877647E2,1.518607728E-1,-5.891106363E-2,1.766876832E2
8.986320632E1,2.889888964E-2,5.509073962E-4,1.304396312E-3,9.995813370E-1,1.766879701E2,1.512348512E-1,-5.878331966E-2,1.766878892E2
8.986820632E1,2.889070495E-2,5.454588099E-4,1.305287587E-3,9.995815754E-1,1.766889084E2,1.513184204E-1,-5.815750633E-2,1.766888282E2
8.987320632E1,2.888864604E-2,5.424895207E-4,1.306449063E-3,9.995816350E-1,1.766891444E2,1.514415104E-1,-5.781385977E-2,1.766890647E2
8.987820632E1,2.889087601E-2,5.456290673E-4,1.301424461E-3,9.995815754E-1,1.766888887E2,1.508764967E-1,-5.818977212E-2,1.766888088E2
8.988320632E1,2.890126225E-2,5.536749377E-4,1.296308241E-3,9.995812774E-1,1.766876981E2,1.503177184E-1,-5.912675193E-2,1.766876172E2
8.988820632E1,2.889931990E-2,5.510952324E-4,1.294748858E-3,9.995813370E-1,1.766879207E2,1.501304422E-1,-5.883671948E-2,1.766878404E2
8.989320632E1,2.889940919E-2,5.518493126E-4,1.292432542E-3,9.995813370E-1,1.766879105E2,1.498676251E-1,-5.893075211E-2,1.766878302E2
8.989820632E1,2.890162676E-2,5.541513674E-4,1.287950901E-3,9.995812774E-1,1.766876563E2,1.493620363E-1,-5.920894832E-2,1.766875759E2
8.990320632E1,2.889764011E-2,5.508561153E-4,1.286298968E-3,9.995813966E-1,1.766881133E2,1.491616686E-1,-5.883756432E-2,1.766880335E2
8.990820632E1,2.890185431E-2,5.543328007E-4,1.282756100E-3,9.995812774E-1,1.766876302E2,1.487676183E-1,-5.924690148E-2,1.766875500E2
8.991320632E1,2.889974894E-2,5.517728277E-4,1.284845872E-3,9.995813370E-1,1.766878716E2,1.489983856E-1,-5.894706548E-2,1.766877917E2
8.991820632E1,2.889565001E-2,5.495654768E-4,1.285239588E-3,9.995814562E-1,1.766883415E2,1.490359322E-1,-5.869353479E-2,1.766882619E2
8.992320632E1,2.889959380E-2,5.528747570E-4,1.287858118E-3,9.995813370E-1,1.766878893E2,1.493470602E-1,-5.906333180E-2,1.766878091E2
8.992820632E1,2.889748587E-2,5.508512259E-4,1.289761509E-3,9.995813966E-1,1.766881310E2,1.495582560E-1,-5.882556111E-2,1.766880510E2
8.993320632E1,2.890370143E-2,5.558805424E-4,1.286907238E-3,9.995812178E-1,1.766874184E2,1.492483416E-1,-5.941016106E-2,1.766873378E2
8.993820632E1,2.890386194E-2,5.556077231E-4,1.283415244E-3,9.995812178E-1,1.766874000E2,1.488474612E-1,-5.939045365E-2,1.766873197E2
8.994320632E1,2.890784165E-2,5.593161914E-4,1.285015489E-3,9.995810986E-1,1.766869438E2,1.490432813E-1,-5.980934118E-2,1.766868628E2
8.994820632E1,2.891577576E-2,5.658205482E-4,1.289110282E-3,9.995808601E-1,1.766860343E2,1.495343429E-1,-6.053962187E-2,1.766859520E2
8.995320632E1,2.892387285E-2,5.713196588E-4,1.289905515E-3,9.995806217E-1,1.766851060E2,1.496441500E-1,-6.116566228E-2,1.766850228E2
8.995820632E1,2.891774853E-2,5.658930750E-4,1.291042194E-3,9.995808005E-1,1.766858081E2,1.497559912E-1,-6.054123222E-2,1.766857257E2
8.996320632E1,2.890764306E-2,5.578069831E-4,1.290128916E-3,9.995810986E-1,1.766869666E2,1.496239811E-1,-5.961956165E-2,1.766868855E2
8.996820632E1,2.891579180E-2,5.656454014E-4,1.288827276E-3,9.995808601E-1,1.766860324E2,1.495013469E-1,-6.052049529E-2,1.766859502E2
8.997320632E1,2.893224922E-2,5.789074930E-4,1.283410122E-3,9.995803833E-1,1.766841457E2,1.489258146E-1,-6.205508073E-2,1.766840618E2
8.997820632E1,2.892827323E-2,5.753716687E-4,1.281778910E-3,9.995805025E-1,1.766846015E2,1.487270008E-1,-6.165607485E-2,1.766845183E2
8.998320632E1,2.892192695E-2,5.701379268E-4,1.287869527E-3,9.995806813E-1,1.766853291E2,1.494069045E-1,-6.103734171E-2,1.766852462E2
8.998820632E1,2.892365030E-2,5.715253646E-4,1.294795424E-3,9.995806217E-1,1.766851315E2,1.502049268E-1,-6.117305031E-2,1.766850480E2
8.999320632E1,2.893193803E-2,5.783038214E-4,1.290676766E-3,9.995803833E-1,1.766841814E2,1.497561423E-1,-6.196188828E-2,1.766840971E2
8.999820632E1,2.894404889E-2,5.867253058E-4,1.292309258E-3,9.995800257E-1,1.766827930E2,1.499718187E-1,-6.291928512E-2,1.766827073E2
9.000320632E1,2.894593299E-2,5.885859719E-4,1.295362716E-3,9.995799661E-1,1.766825770E2,1.503278638E-1,-6.312200110E-2,1.766824909E2
9.000820632E1,2.895002118E-2,5.923011340E-4,1.294297748E-3,9.995798469E-1,1.766821084E2,1.502184625E-1,-6.355046679E-2,1.766820217E2
9.001320632E1,2.902968459E-2,6.560916663E-4,1.274328446E-3,9.995775223E-1,1.766729758E2,1.481483948E-1,-7.091169607E-2,1.766728807E2
9.001820632E1,2.909364925E-2,7.060219650E-4,1.284969039E-3,9.995756149E-1,1.766656429E2,1.495382168E-1,-7.658590487E-2,1.766655393E2
9.002320632E1,2.920457752E-2,7.954745088E-4,1.266344567E-3,9.995723367E-1,1.766529260E2,1.477128058E-1,-8.687776763E-2,1.766528103E2
9.002820632E1,2.921381701E-2,8.019621600E-4,1.284250990E-3,9.995720387E-1,1.766518668E2,1.497863821E-1,-8.755956784E-2,1.766517485E2
9.003320632E1,2.937265811E-2,9.289096342E-4,1.239803038E-3,9.995673299E-1,1.766336571E2,1.451364579E-1,-1.022261999E-1,1.766335236E2
9.003820632E1,2.951961584E-2,1.046016696E-3,1.211944735E-3,9.995629191E-1,1.766168097E2,1.423567316E-1,-1.157127280E-1,1.766166616E2
9.004320632E1,2.955885492E-2,1.077540335E-3,1.211125636E-3,9.995617270E-1,1.766123113E2,1.423742440E-1,-1.193206775E-1,1.766121586E2
9.004820632E1,2.950091180E-2,1.030881307E-3,1.237639808E-3,9.995634556E-1,1.766189540E2,1.452465570E-1,-1.138948920E-1,1.766188052E2
9.005320632E1,2.949167650E-2,1.024211058E-3,1.222492661E-3,9.995637536E-1,1.766200127E2,1.434879757E-1,-1.131834046E-1,1.766198667E2
9.005820632E1,2.949438876E-2,1.026784885E-3,1.203487162E-3,9.995636940E-1,1.766197018E2,1.413200559E-1,-1.135420634E-1,1.766195575E2
9.006320632E1,2.948044197E-2,1.015155576E-3,1.208526432E-3,9.995641112E-1,1.766213007E2,1.418563884E-1,-1.121949698E-1,1.766211576E2
9.006820632E1,2.947391606E-2,1.008835970E-3,1.224983833E-3,9.995642900E-1,1.766220488E2,1.437193729E-1,-1.114164507E-1,1.766219048E2
9.007320632E1,2.951195197E-2,1.040741918E-3,1.206481946E-3,9.995631576E-1,1.766176883E2,1.417122855E-1,-1.151281129E-1,1.766175416E2
9.007820632E1,2.947649324E-2,1.011778484E-3,1.209078706E-3,9.995642304E-1,1.766217534E2,1.419077954E-1,-1.118068467E-1,1.766216107E2
9.008320632E1,2.949018399E-2,1.022808254E-3,1.210881281E-3,9.995638132E-1,1.766201838E2,1.421530752E-1,-1.130621796E-1,1.766200393E2
9.008820632E1,2.953324118E-2,1.056723879E-3,1.214817283E-3,9.995625019E-1,1.766152477E2,1.427235765E-1,-1.169274828E-1,1.766150977E2
9.009320632E1,2.955277171E-2,1.072054729E-3,1.216854434E-3,9.995619059E-1,1.766130087E2,1.430111250E-1,-1.186738131E-1,1.766128561E2
9.009820632E1,2.956122160E-2,1.079149893E-3,1.201079926E-3,9.995616674E-1,1.766120400E2,1.412293264E-1,-1.195387326E-1,1.766118882E2
9.010320632E1,2.953949486E-2,1.062446274E-3,1.204866567E-3,9.995623231E-1,1.766145308E2,1.416039078E-1,-1.176157262E-1,1.766143810E2
9.010820632E1,2.955532136E-2,1.074373140E-3,1.201753155E-3,9.995618463E-1,1.766127164E2,1.412895536E-1,-1.189901497E-1,1.766125653E2
9.011320632E1,2.955127259E-2,1.071228296E-3,1.204970060E-3,9.995619655E-1,1.766131805E2,1.416468907E-1,-1.186196130E-1,1.766130295E2
9.011820632E1,2.952271570E-2,1.048958744E-3,1.182700740E-3,9.995628595E-1,1.766164543E2,1.390173832E-1,-1.161482118E-1,1.766163092E2
9.012320632E1,2.954379047E-2,1.067830948E-3,1.142624533E-3,9.995622635E-1,1.766140383E2,1.344933310E-1,-1.184426142E-1,1.766138951E2
9.012820632E1,2.980577508E-2,1.155691687E-3,1.082163537E-3,9.995544553E-1,1.765840039E2,1.278992387E-1,-1.286774967E-1,1.765838559E2
9.013320632E1,3.004539598E-2,1.146360417E-3,1.072220854E-3,9.995473027E-1,1.765565330E2,1.267591155E-1,-1.276122636E-1,1.765563876E2
9.013820632E1,3.019960209E-2,1.077626832E-3,1.089638681E-3,9.995427132E-1,1.765388543E2,1.285359414E-1,-1.196597319E-1,1.765387160E2
9.014320632E1,3.012811637E-2,1.091012615E-3,1.140365028E-3,9.995447993E-1,1.765470497E2,1.343837878E-1,-1.210269889E-1,1.765469034E2
9.014820632E1,3.003800179E-2,1.085877186E-3,1.220912789E-3,9.995474219E-1,1.765573807E2,1.435811469E-1,-1.201736267E-1,1.765572255E2
9.015320632E1,3.003336106E-2,9.591558482E-4,1.245765015E-3,9.995476604E-1,1.765579127E2,1.459909894E-1,-1.055741195E-1,1.765577740E2
9.015820632E1,3.017267773E-2,9.616910829E-4,1.175184967E-3,9.995435476E-1,1.765419410E2,1.379302582E-1,-1.060881971E-1,1.765418093E2
9.016320632E1,3.007483716E-2,9.154740255E-4,1.185206813E-3,9.995465279E-1,1.765531578E2,1.389084779E-1,-1.007734711E-1,1.765530318E2
9.016820632E1,3.004453478E-2,9.692016174E-4,1.207079855E-3,9.995473623E-1,1.765566317E2,1.415957593E-1,-1.068563203E-1,1.765564956E2
9.017320632E1,2.996362909E-2,1.055445406E-3,1.220806153E-3,9.995496869E-1,1.765659070E2,1.434554867E-1,-1.166990177E-1,1.765657565E2
9.017820632E1,2.998672616E-2,1.090339967E-3,1.208586036E-3,9.995489717E-1,1.765632591E2,1.421784093E-1,-1.207345185E-1,1.765631048E2
9.018320632E1,3.008196578E-2,1.139409607E-3,1.109346631E-3,9.995461702E-1,1.765523405E2,1.309922063E-1,-1.266834990E-1,1.765521914E2
9.018820632E1,2.999097909E-2,1.255376497E-3,1.027998864E-3,9.995488524E-1,1.765627715E2,1.220616741E-1,-1.402578529E-1,1.765626176E2
9.019320632E1,2.980617573E-2,1.473908080E-3,9.519418236E-4,9.995541573E-1,1.765839579E2,1.140706011E-1,-1.655709618E-1,1.765837878E2
9.019820632E1,2.955698900E-2,1.461867359E-3,1.038169605E-3,9.995614886E-1,1.766125252E2,1.238652269E-1,-1.639281639E-1,1.766123426E2
9.020320632E1,2.897991544E-2,1.053139684E-3,1.549983048E-3,9.995782375E-1,1.766786813E2,1.810380544E-1,-1.154828308E-1,1.766784930E2
9.020820632E1,2.844006724E-2,8.629661752E-4,2.052622847E-3,9.995930195E-1,1.767405689E2,2.379309161E-1,-9.215895268E-2,1.767403694E2
9.021320632E1,2.786196981E-2,6.779913092E-4,2.413709881E-3,9.996086359E-1,1.768068402E2,2.786484911E-1,-6.995532870E-2,1.768066601E2
9.021820632E1,2.730099768E-2,3.853556409E-4,2.587537980E-3,9.996238351E-1,1.768711474E2,2.976054428E-1,-3.604687604E-2,1.768710430E2
9.022320632E1,2.686291547E-2,3.011268855E-4,2.601452637E-3,9.996356964E-1,1.769213663E2,2.989242488E-1,-2.648607299E-2,1.769212866E2
9.022820632E1,2.644245459E-2,3.993696009E-4,2.496314002E-3,9.996471405E-1,1.769695647E2,2.871669643E-1,-3.818420326E-2,1.769694593E2
9.023320632E1,2.591877395E-2,5.406435230E-4,2.297066385E-3,9.996612668E-1,1.770295946E2,2.647420705E-1,-5.510975288E-2,1.770294591E2
9.023820632E1,2.538246620E-2,7.695118547E-4,2.031627810E-3,9.996754527E-1,1.770910712E2,2.349709565E-1,-8.224174701E-2,1.770908957E2
9.024320632E1,2.495033739E-2,1.022534445E-3,1.737854909E-3,9.996866584E-1,1.771406052E2,2.020054353E-1,-1.121684748E-1,1.771404017E2
9.024820632E1,2.454876179E-2,1.166347531E-3,1.359027461E-3,9.996970296E-1,1.771866365E2,1.589675348E-1,-1.297901457E-1,1.771864519E2
9.025320632E1,2.405695192E-2,1.139715314E-3,1.123973518E-3,9.997093081E-1,1.772430104E2,1.319027603E-1,-1.274654106E-1,1.772428601E2
9.025820632E1,2.343558476E-2,1.220697770E-3,8.181747398E-4,9.997242689E-1,1.773142339E2,9.700860237E-2,-1.376459984E-1,1.773141145E2
9.026320632E1,2.282444158E-2,1.435064594E-3,4.957511555E-4,9.997383356E-1,1.773842845E2,6.054768426E-2,-1.631068484E-1,1.773841953E2
9.026820632E1,2.231318241E-2,1.751307165E-3,1.694062230E-4,9.997494817E-1,1.774428854E2,2.388572794E-2,-2.002019953E-1,1.774428397E2
9.027320632E1,2.194856420E-2,1.898061833E-3,-1.385991636E-4,9.997572899E-1,1.774846778E2,-1.110466611E-2,-2.177981928E-1,1.774846944E2
9.027820632E1,2.165163014E-2,2.032735385E-3,-4.007535754E-4,9.997634292E-1,1.775187121E2,-4.086904921E-2,-2.338741682E-1,1.775187901E2
9.028320632E1,2.126244290E-2,2.078183927E-3,-5.894931965E-4,9.997715950E-1,1.775633199E2,-6.247258590E-2,-2.395249390E-1,1.775634448E2
9.028820632E1,2.067448939E-2,1.896836446E-3,-6.771794870E-4,9.997842312E-1,1.776307092E2,-7.308902613E-2,-2.189193992E-1,1.776308440E2
9.029320632E1,2.010991893E-2,1.733752317E-3,-5.988864577E-4,9.997960925E-1,1.776954177E2,-6.461844109E-2,-2.000133663E-1,1.776955266E2
9.029820632E1,1.959600052E-2,1.746573718E-3,-5.821593222E-4,9.998062849E-1,1.777543200E2,-6.277602733E-2,-2.014115094E-1,1.777544265E2
9.030320632E1,1.923330389E-2,1.950525795E-3,-4.472699948E-4,9.998130202E-1,1.777958898E2,-4.694523947E-2,-2.244583449E-1,1.777959774E2
9.030820632E1,1.904623167E-2,2.028053394E-3,-1.435034646E-4,9.998165369E-1,1.778173306E2,-1.201506563E-2,-2.326690049E-1,1.778173505E2
9.031320632E1,1.889052037E-2,1.754609635E-3,2.218952868E-4,9.998199940E-1,1.778351771E2,2.922112332E-2,-2.005473350E-1,1.778351225E2
9.031820632E1,1.913132592E-2,1.515559503E-3,5.065625301E-4,9.998157024E-1,1.778075778E2,6.135992552E-2,-1.725280487E-1,1.778074826E2
9.032320632E1,1.973402591E-2,1.456244499E-3,7.795389392E-4,9.998039007E-1,1.777385004E2,9.260457234E-2,-1.650780196E-1,1.777383639E2
9.032820632E1,2.050034228E-2,1.599827665E-3,1.019719057E-3,9.997880459E-1,1.776506692E2,1.205853804E-1,-1.808927004E-1,1.776504747E2
9.033320632E1,2.133864174E-2,1.752304495E-3,1.252014074E-3,9.997699857E-1,1.775545862E2,1.477230718E-1,-1.976920494E-1,1.775543256E2
9.033820632E1,2.213676843E-2,1.844152459E-3,1.433251076E-3,9.997522235E-1,1.774631060E2,1.688771715E-1,-2.076366895E-1,1.774627930E2
9.034320632E1,2.283893587E-2,2.015815815E-3,1.531968010E-3,9.997359514E-1,1.773826232E2,1.807816575E-1,-2.269256872E-1,1.773822568E2
9.034820632E1,2.318606386E-2,2.189676045E-3,1.444182475E-3,9.997277260E-1,1.773428347E2,1.712657189E-1,-2.470137506E-1,1.773424564E2
9.035320632E1,2.316281315E-2,2.208544640E-3,1.237343764E-3,9.997285008E-1,1.773454997E2,1.476142788E-1,-2.497284174E-1,1.773451695E2
9.035820632E1,2.300861438E-2,2.030630829E-3,1.030729269E-3,9.997326732E-1,1.773631743E2,1.234363354E-1,-2.299139508E-1,1.773629198E2
9.036320632E1,2.294698919E-2,1.749117742E-3,9.520702297E-4,9.997346997E-1,1.773702379E2,1.136703801E-1,-1.978778487E-1,1.773700364E2
9.036820632E1,2.317773685E-2,1.516259159E-3,9.567432571E-4,9.997297525E-1,1.773437891E2,1.136327978E-1,-1.711627156E-1,1.773436151E2
9.037320632E1,2.364279189E-2,1.354096923E-3,1.085187658E-3,9.997189641E-1,1.772904831E2,1.279875623E-1,-1.521845884E-1,1.772903091E2
9.037820632E1,2.421291648E-2,1.201654668E-3,1.346453791E-3,9.997051954E-1,1.772251330E2,1.575814882E-1,-1.339231442E-1,1.772249443E2
9.038320632E1,2.469350062E-2,7.917771582E-4,1.685783733E-3,9.996933341E-1,1.771700456E2,1.953584092E-1,-8.593298093E-2,1.771698942E2
9.038820632E1,2.541407155E-2,2.409498120E-4,2.146014478E-3,9.996746778E-1,1.770874483E2,2.465376242E-1,-2.135212760E-2,1.770873956E2
9.039320632E1,2.640429330E-2,-2.810997539E-4,2.802158706E-3,9.996473789E-1,1.769739392E2,3.201417272E-1,4.067882114E-2,1.769740408E2
9.039820632E1,2.741065261E-2,-8.019958623E-4,3.582268022E-3,9.996175170E-1,1.768585771E2,4.078256807E-1,1.031188702E-1,1.768589229E2
9.040320632E1,2.860579410E-2,-1.500841463E-3,4.532002378E-3,9.995793700E-1,1.767215702E2,5.142006747E-1,1.867675770E-1,1.767223709E2
9.040820632E1,2.991112880E-2,-2.418595366E-3,5.546100903E-3,9.995342493E-1,1.765719258E2,6.269713407E-1,2.960324573E-1,1.765734828E2
9.041320632E1,3.107073453E-2,-3.489880124E-3,6.644570734E-3,9.994890094E-1,1.764389830E2,7.486388617E-1,4.233679276E-1,1.764416486E2
9.041820632E1,3.208320661E-2,-4.661216866E-3,7.800918072E-3,9.994438887E-1,1.763229043E2,8.763618516E-1,5.625279053E-1,1.763270546E2
9.042320632E1,3.301039571E-2,-5.923088174E-3,8.994862437E-3,9.993969798E-1,1.762166000E2,1.007838280E0,7.123699506E-1,1.762226460E2
9.042820632E1,3.370346467E-2,-7.290923968E-3,1.018249430E-2,9.993534088E-1,1.761371359E2,1.138122260E0,8.742982035E-1,1.761455168E2
9.043320632E1,3.417420611E-2,-8.673072793E-3,1.128971018E-2,9.993144870E-1,1.760831618E2,1.259161975E0,1.037447675E0,1.760941652E2
9.043820632E1,3.457450615E-2,-9.897313081E-3,1.226641517E-2,9.992778301E-1,1.760372637E2,1.365819869E0,1.182012211E0,1.760508608E2
9.044320632E1,3.501034864E-2,-1.090318896E-2,1.308293920E-2,9.992418289E-1,1.759872895E2,1.454846721E0,1.301065283E0,1.760032271E2
9.044820632E1,3.464440076E-2,-1.239587460E-2,1.333555393E-2,9.992338419E-1,1.760292495E2,1.478412233E0,1.472477940E0,1.760475904E2
9.045320632E1,3.391223495E-2,-1.376333833E-2,1.341162715E-2,9.992400408E-1,1.761131989E2,1.482970539E0,1.628301324E0,1.761335557E2
9.045820632E1,3.337173272E-2,-1.480598934E-2,1.373733208E-2,9.992389083E-1,1.761751710E2,1.517247743E0,1.748154513E0,1.761975399E2
9.046320632E1,3.304187379E-2,-1.554823294E-2,1.442164648E-2,9.992289543E-1,1.762129909E2,1.593476820E0,1.835241255E0,1.762376629E2
9.046820632E1,3.265080366E-2,-1.625777036E-2,1.540881395E-2,9.992157817E-1,1.762578284E2,1.704714723E0,1.919553499E0,1.762854498E2
9.047320632E1,3.225478752E-2,-1.707989909E-2,1.661288925E-2,9.991956353E-1,1.763032324E2,1.840493293E0,2.017458150E0,1.763345915E2
9.047820632E1,3.199035522E-2,-1.789502800E-2,1.799071953E-2,9.991660118E-1,1.763335498E2,1.996028868E0,2.115340312E0,1.763692227E2
9.048320632E1,3.180220131E-2,-1.862835139E-2,1.952087693E-2,9.991298914E-1,1.763551216E2,2.169217931E0,2.204477536E0,1.763955344E2
9.048820632E1,3.147405898E-2,-1.942264661E-2,2.122943848E-2,9.990903139E-1,1.763927428E2,2.363024878E0,2.300832426E0,1.764387073E2
9.049320632E1,3.107439217E-2,-2.023701556E-2,2.311668172E-2,9.990447760E-1,1.764385636E2,2.577514043E0,2.399792940E0,1.764908767E2
9.049820632E1,3.057885056E-2,-2.109291777E-2,2.518885955E-2,9.989922643E-1,1.764953755E2,2.813425759E0,2.503695017E0,1.765549742E2
9.050320632E1,3.004411818E-2,-2.196270227E-2,2.749607898E-2,9.989289045E-1,1.765566795E2,3.076497569E0,2.609610354E0,1.766246353E2
9.050820632E1,2.969490386E-2,-2.268669382E-2,3.005098365E-2,9.988495708E-1,1.765967144E2,3.368105774E0,2.699969037E0,1.766736944E2
9.051320632E1,2.940259748E-2,-2.342869155E-2,3.288264573E-2,9.987518787E-1,1.766302249E2,3.691368547E0,2.793276928E0,1.767175036E2
9.051820632E1,2.920542174E-2,-2.275669761E-2,3.522632271E-2,9.986932874E-1,1.766528292E2,3.962835259E0,2.723234864E0,1.767441120E2
9.052320632E1,2.880632698E-2,-2.016527206E-2,3.555384651E-2,9.987489581E-1,1.766985814E2,4.009370755E0,2.425965787E0,1.767807472E2
9.052820632E1,2.837198867E-2,-1.943490468E-2,3.637078404E-2,9.987464547E-1,1.767483732E2,4.106318661E0,2.343185742E0,1.768296185E2
9.053320632E1,2.810975484E-2,-1.958774216E-2,3.747089952E-2,9.987102151E-1,1.767784350E2,4.232660686E0,2.363063785E0,1.768628871E2
9.053820632E1,2.804836406E-2,-2.016166970E-2,3.882736340E-2,9.986487031E-1,1.767854727E2,4.386708261E0,2.432761346E0,1.768755797E2
9.054320632E1,2.809483669E-2,-1.956826821E-2,3.919678554E-2,9.986447692E-1,1.767801452E2,4.430723549E0,2.366183330E0,1.768685979E2
9.054820632E1,2.809656446E-2,-2.006967179E-2,3.985821083E-2,9.986085892E-1,1.767799471E2,4.505115769E0,2.425668183E0,1.768721626E2
9.055320632E1,2.810489723E-2,-2.066954970E-2,4.039188847E-2,9.985746741E-1,1.767789919E2,4.564557226E0,2.496054880E0,1.768751646E2
9.055820632E1,2.797056801E-2,-2.152591944E-2,4.085009173E-2,9.985417128E-1,1.767943909E2,4.614970252E0,2.594910879E0,1.768955470E2
9.056320632E1,2.773035278E-2,-2.265862934E-2,4.132945836E-2,9.985036254E-1,1.768219282E2,4.667350689E0,2.724960643E0,1.769294622E2
9.056820632E1,2.731267188E-2,-2.418670803E-2,4.183433577E-2,9.984582663E-1,1.768698091E2,4.722153847E0,2.899490104E0,1.769857241E2
9.057320632E1,2.678038254E-2,-2.589361556E-2,4.223740846E-2,9.984129071E-1,1.769308273E2,4.765334941E0,3.093601885E0,1.770558069E2
9.057820632E1,2.616013578E-2,-2.786060795E-2,4.268517718E-2,9.983573556E-1,1.770019272E2,4.813523344E0,3.317157680E0,1.771374850E2
9.058320632E1,2.546061871E-2,-2.993490919E-2,4.319797456E-2,9.982933402E-1,1.770821127E2,4.869545151E0,3.552742985E0,1.772291860E2
9.058820632E1,2.473653611E-2,-3.195226565E-2,4.378258064E-2,9.982235432E-1,1.771651126E2,4.934458976E0,3.781806944E0,1.773239475E2
9.059320632E1,2.402812260E-2,-3.380497918E-2,4.442803562E-2,9.981513023E-1,1.772463150E2,5.007091331E0,3.992162295E0,1.774166326E2
9.059820632E1,2.333954144E-2,-3.545282781E-2,4.514264688E-2,9.980784059E-1,1.773252427E2,5.088405487E0,4.179227710E0,1.775066063E2
9.060320632E1,2.264545161E-2,-3.695436567E-2,4.593615979E-2,9.980037212E-1,1.774048006E2,5.179440741E0,4.349584711E0,1.775971037E2
9.060820632E1,2.196012663E-2,-3.830301017E-2,4.677640647E-2,9.979291558E-1,1.774833526E2,5.276408740E0,4.502455081E0,1.776863102E2
9.061320632E1,2.128243946E-2,-3.949078918E-2,4.763270542E-2,9.978570342E-1,1.775610279E2,5.375751505E0,4.636839309E0,1.777741482E2
9.061820632E1,2.063613324E-2,-4.050292075E-2,4.853821173E-2,9.977864027E-1,1.776351055E2,5.481141298E0,4.751241952E0,1.778579299E2
9.062320632E1,2.005645833E-2,-4.131796584E-2,4.950226098E-2,9.977174401E-1,1.777015451E2,5.593454341E0,4.843420395E0,1.779334975E2
9.062820632E1,1.956447699E-2,-4.188370332E-2,5.049788207E-2,9.976537228E-1,1.777579330E2,5.709493959E0,4.907468411E0,1.779979567E2
9.063320632E1,1.918169988E-2,-4.225081578E-2,5.153868720E-2,9.975924492E-1,1.778018043E2,5.830570691E0,4.949368713E0,1.780491103E2
9.063820632E1,1.890390620E-2,-4.244364798E-2,5.259799585E-2,9.975342751E-1,1.778336429E2,5.953550528E0,4.971867872E0,1.780873829E2
9.064320632E1,1.872787933E-2,-4.249048978E-2,5.364033952E-2,9.974800944E-1,1.778538176E2,6.074296477E0,4.978158166E0,1.781130710E2
9.064820632E1,1.864175443E-2,-4.243931174E-2,5.465446040E-2,9.974288344E-1,1.778636886E2,6.191489346E0,4.973679172E0,1.781277179E2
9.065320632E1,1.863275676E-2,-4.234486818E-2,5.562285334E-2,9.973794818E-1,1.778647198E2,6.303098963E0,4.964622365E0,1.781330074E2
9.065820632E1,1.869699626E-2,-4.224841669E-2,5.653393641E-2,9.973311424E-1,1.778573572E2,6.407756852E0,4.955692803E0,1.781295756E2
9.066320632E1,1.882651181E-2,-4.218799621E-2,5.739384890E-2,9.972821474E-1,1.778425132E2,6.506159724E0,4.951228251E0,1.781186110E2
9.066820632E1,1.902431626E-2,-4.219284281E-2,5.820482969E-2,9.972311854E-1,1.778198424E2,6.598511194E0,4.954617268E0,1.780999806E2
9.067320632E1,1.930602690E-2,-4.230596125E-2,5.899371952E-2,9.971746206E-1,1.777875548E2,6.687761400E0,4.970955039E0,1.780723262E2
9.067820632E1,1.963365298E-2,-4.248067737E-2,5.970678478E-2,9.971183538E-1,1.777500045E2,6.767968928E0,4.994553847E0,1.780394553E2
9.068320632E1,1.988041127E-2,-4.284803942E-2,6.036040559E-2,9.970583916E-1,1.777217226E2,6.841463601E0,5.039584567E0,1.780168844E2
9.068820632E1,2.010499103E-2,-4.345292971E-2,6.103520840E-2,9.969866276E-1,1.776959825E2,6.917168928E0,5.111729580E0,1.779986300E2
9.069320632E1,2.031576314E-2,-4.423449561E-2,6.170395017E-2,9.969068170E-1,1.776718249E2,6.991992766E0,5.204020728E0,1.779832294E2
9.069820632E1,2.049426612E-2,-4.518107697E-2,6.242146716E-2,9.968160391E-1,1.776513657E2,7.072369815E0,5.315100373E0,1.779730504E2
9.070320632E1,2.063794334E-2,-4.616475850E-2,6.317930669E-2,9.967202544E-1,1.776348980E2,7.157534599E0,5.430282370E0,1.779675006E2
9.070820632E1,2.072860981E-2,-4.710139707E-2,6.399507821E-2,9.966225028E-1,1.776245061E2,7.249747089E0,5.539829363E0,1.779681937E2
9.071320632E1,2.072118497E-2,-4.792381451E-2,6.487890333E-2,9.965263009E-1,1.776253572E2,7.350534496E0,5.635724705E0,1.779798875E2
9.071820632E1,2.058660168E-2,-4.862065613E-2,6.584436446E-2,9.964320064E-1,1.776407826E2,7.461664213E0,5.716446923E0,1.780059021E2
9.072320632E1,2.031105395E-2,-4.915275052E-2,6.688501686E-2,9.963422418E-1,1.776723646E2,7.582538312E0,5.777346412E0,1.780474736E2
9.072820632E1,1.987369812E-2,-4.952155799E-2,6.798277795E-2,9.962584972E-1,1.777224920E2,7.711190851E0,5.818336404E0,1.781068526E2
9.073320632E1,1.925850953E-2,-4.976667091E-2,6.912335008E-2,9.961798787E-1,1.777930009E2,7.846010020E0,5.843726823E0,1.781860392E2
9.073820632E1,1.844428062E-2,-4.991196841E-2,7.027470320E-2,9.961074591E-1,1.778863213E2,7.983383184E0,5.855946500E0,1.782874130E2
9.074320632E1,1.741183322E-2,-5.002139881E-2,7.139088213E-2,9.960411787E-1,1.780046501E2,8.118044777E0,5.862002073E0,1.784133658E2
9.074820632E1,1.612588907E-2,-5.011508614E-2,7.242389023E-2,9.959835410E-1,1.781520291E2,8.244639230E0,5.863762401E0,1.785678025E2
9.075320632E1,1.458219483E-2,-5.014878511E-2,7.334330678E-2,9.959383607E-1,1.783289443E2,8.359689141E0,5.856033454E0,1.787506489E2
9.075820632E1,1.280333605E-2,-5.008159950E-2,7.413227856E-2,9.959077835E-1,1.785328057E2,8.461080619E0,5.834284343E0,1.789588394E2
9.076320632E1,1.086676328E-2,-4.995274544E-2,7.477304339E-2,9.958893657E-1,1.787547361E2,8.546233902E0,5.803662813E0,1.791836807E2
9.076820632E1,8.896518241E-3,-4.980291799E-2,7.523040473E-2,9.958819747E-1,1.789805207E2,8.610327996E0,5.769934864E0,1.794110777E2
9.077320632E1,6.851979913E-3,-4.963378981E-2,7.553976029E-2,9.958831668E-1,1.792148148E2,8.657660236E0,5.733072629E0,1.796459210E2
9.077820632E1,4.684914735E-3,-4.939720407E-2,7.569122314E-2,9.958959818E-1,1.794631464E2,8.687305524E0,5.687241355E0,1.798932765E2
9.078320632E1,2.422951812E-3,-4.900880530E-2,7.568601519E-2,9.959236383E-1,1.797223499E2,8.699100255E0,5.623139369E0,-1.798507473E2
9.078820632E1,NaN,NaN,NaN,NaN,NaN,NaN,NaN,NaN
9.079320632E1,2.075987530E-3,4.771375284E-2,-7.513350248E-2,-9.960291386E-1,1.797621092E2,8.658541532E0,5.436161102E0,-1.793493141E2
9.079820632E1,4.357725325E-3,4.672076181E-2,-7.457122207E-2,-9.961110950E-1,1.795006399E2,8.604329885E0,5.303316093E0,-1.790994518E2
9.080320632E1,6.709990501E-3,4.537698999E-2,-7.378431410E-2,-9.962187409E-1,1.792310860E2,8.523401238E0,5.130277336E0,-1.788456318E2
9.080820632E1,9.165233419E-3,4.357612878E-2,-7.273264974E-2,-9.963569045E-1,1.789497269E2,8.410815118E0,4.904865424E0,-1.785850557E2
9.081320632E1,1.175488894E-2,4.127140716E-2,-7.138352096E-2,-9.965254068E-1,1.786529579E2,8.262501914E0,4.621778512E0,-1.783143477E2
9.081820632E1,1.451049918E-2,3.854908422E-2,-6.972811371E-2,-9.967153072E-1,1.783371609E2,8.077402071E0,4.290957294E0,-1.780287508E2
9.082320632E1,1.750669387E-2,3.540985659E-2,-6.773955375E-2,-9.969207644E-1,1.779937782E2,7.852314610E0,3.912322046E0,-1.777192774E2
9.082820632E1,2.077211456E-2,3.195263818E-2,-6.541952491E-2,-9.971297979E-1,1.776195198E2,7.587311673E0,3.497446268E0,-1.773812017E2
9.083320632E1,2.435513483E-2,2.841277234E-2,-6.283663958E-2,-9.973219633E-1,1.772088311E2,7.290677997E0,3.073247671E0,-1.770063283E2
9.083820632E1,2.817577034E-2,2.481925488E-2,-5.997859314E-2,-9.974932075E-1,1.767708672E2,6.960445985E0,2.644232936E0,-1.766032004E2
9.084320632E1,3.229612763E-2,2.120662294E-2,-5.691121891E-2,-9.976313710E-1,1.762984927E2,6.604114892E0,2.214274465E0,-1.761638748E2
9.084820632E1,3.669681583E-2,1.758447103E-2,-5.366576463E-2,-9.977294803E-1,1.757939103E2,6.224879774E0,1.785073209E0,-1.756901114E2
9.085320632E1,4.137007599E-2,1.404337212E-2,-5.030038208E-2,-9.977781177E-1,1.752579852E2,5.829476570E0,1.367349039E0,-1.751818788E2
9.085820632E1,4.624393495E-2,1.071490720E-2,-4.687909409E-2,-9.977720380E-1,1.746989449E2,5.425652420E0,9.767296150E-1,-1.746465189E2
9.086320632E1,5.096043273E-2,7.564014290E-3,-4.344710708E-2,-9.977265000E-1,1.741578341E2,5.018222245E0,6.110979034E-1,-1.741253610E2
9.086820632E1,5.528753159E-2,4.516917747E-3,-4.000972584E-2,-9.976583123E-1,1.736612835E2,4.607670927E0,2.629085146E-1,-1.736455567E2
9.087320632E1,5.943882504E-2,1.896254718E-3,-3.662610427E-2,-9.975579977E-1,1.731847954E2,4.203479390E0,-3.270311989E-2,-1.731814020E2
9.087820632E1,6.332427453E-2,-3.060367017E-4,-3.333936632E-2,-9.974359274E-1,1.727387142E2,3.811247916E0,-2.769050700E-1,-1.727438827E2
9.088320632E1,6.675410571E-2,-2.309863456E-3,-3.017285280E-2,-9.973104596E-1,1.723448504E2,3.432767062E0,-4.947910491E-1,-1.723561645E2
9.088820632E1,6.965124870E-2,-4.279308021E-3,-2.710884996E-2,-9.971938133E-1,1.720120873E2,3.065267231E0,-7.053821190E-1,-1.720279458E2
9.089320632E1,7.199765807E-2,-6.289691199E-3,-2.413546108E-2,-9.970929027E-1,1.717425316E2,2.707142238E0,-9.178148660E-1,-1.717616448E2
9.089820632E1,7.378212580E-2,-8.342728019E-3,-2.129860222E-2,-9.970120192E-1,1.715375013E2,2.363944189E0,-1.133299189E0,-1.715586657E2
9.090320632E1,7.496524919E-2,-1.041282620E-2,-1.864311472E-2,-9.969574809E-1,1.714015488E2,2.041391801E0,-1.349867989E0,-1.714236349E2
9.090820632E1,7.553187763E-2,-1.248066127E-2,-1.619047113E-2,-9.969338179E-1,1.713364333E2,1.742498011E0,-1.566121896E0,-1.713584371E2
9.091320632E1,7.581376598E-2,-1.416144427E-2,-1.397740655E-2,-9.969234467E-1,1.713040384E2,1.474578122E0,-1.739486972E0,-1.713247001E2
9.091820632E1,7.599748789E-2,-1.543136965E-2,-1.205593813E-2,-9.969156981E-1,1.712829245E2,1.243619645E0,-1.868172918E0,-1.713015266E2
9.092320632E1,7.609469949E-2,-1.649333537E-2,-1.049221773E-2,-9.969089627E-1,1.712717525E2,1.055471728E0,-1.976036818E0,-1.712882843E2
9.092820632E1,7.606074324E-2,-1.751709357E-2,-9.332195856E-3,-9.969056249E-1,1.712756550E2,9.140468717E-1,-2.082897105E0,-1.712905492E2
9.093320632E1,7.587947664E-2,-1.856805198E-2,-8.593916893E-3,-9.969070554E-1,1.712964868E2,8.209236725E-1,-2.196424335E0,-1.713103981E2
9.093820632E1,7.554792139E-2,-1.961194538E-2,-8.270444348E-3,-9.969149828E-1,1.713345896E2,7.756711907E-1,-2.312656669E0,-1.713482791E2
9.094320632E1,7.505891101E-2,-2.051048912E-2,-8.351634257E-3,-9.969331622E-1,1.713907856E2,7.783942649E-1,-2.415669848E0,-1.714050815E2
9.094820632E1,7.437980531E-2,-2.110967040E-2,-8.816034533E-3,-9.969675541E-1,1.714688235E2,8.280647474E-1,-2.487577708E0,-1.714845651E2
9.095320632E1,7.345616663E-2,-2.131592669E-2,-9.604882449E-3,-9.970243573E-1,1.715749551E2,9.188633045E-1,-2.517015077E0,-1.715928339E2
9.095820632E1,7.223744731E-2,-2.106467076E-2,-1.065753028E-2,-9.971080422E-1,1.717149821E2,1.044410545E0,-2.495862948E0,-1.717354205E2
9.096320632E1,7.069496708E-2,-2.030697837E-2,-1.191810984E-2,-9.972200394E-1,1.718921904E2,1.198564714E0,-2.417805994E0,-1.719152318E2
9.096820632E1,6.880150891E-2,-1.906680502E-2,-1.336383540E-2,-9.973586202E-1,1.721096945E2,1.378242483E0,-2.285090949E0,-1.721350402E2
9.097320632E1,6.658737311E-2,-1.747650653E-2,-1.498638559E-2,-9.975149632E-1,1.723639991E2,1.580968779E0,-2.112513426E0,-1.723911223E2
9.097820632E1,6.410291763E-2,-1.571604609E-2,-1.675002836E-2,-9.976789355E-1,1.726493066E2,1.800819637E0,-1.920145461E0,-1.726775449E2
9.098320632E1,6.141786173E-2,-1.392447203E-2,-1.863260567E-2,-9.978410602E-1,1.729575992E2,2.033876818E0,-1.723577731E0,-1.729862880E2
9.098820632E1,5.860985765E-2,-1.218946092E-2,-2.062946744E-2,-9.979933500E-1,1.732799539E2,2.278768231E0,-1.532740756E0,-1.733085076E2
9.099320632E1,5.572105600E-2,-1.065513678E-2,-2.271969244E-2,-9.981309772E-1,1.736115285E2,2.532125552E0,-1.363904420E0,-1.736396585E2
9.099820632E1,5.278142344E-2,-9.493820369E-3,-2.488224208E-2,-9.982509017E-1,1.739488826E2,2.790639091E0,-1.236600219E0,-1.739768555E2
9.100320632E1,4.981797987E-2,-8.874677122E-3,-2.708840743E-2,-9.983514547E-1,1.742889160E2,3.050399046E0,-1.170008023E0,-1.743177462E2
9.100820632E1,4.688267162E-2,-8.914981969E-3,-2.931030281E-2,-9.984304905E-1,1.746256716E2,3.308083133E0,-1.177526644E0,-1.746571499E2
9.101320632E1,4.401396294E-2,-9.647222236E-3,-3.153558075E-2,-9.984864593E-1,1.749547415E2,3.562745308E0,-1.262973066E0,-1.749912751E2
9.101820632E1,4.122893355E-2,-1.103205141E-2,-3.374000266E-2,-9.985189438E-1,1.752741727E2,3.812458176E0,-1.421857813E0,-1.753185158E2
9.102320632E1,3.853862189E-2,-1.297568809E-2,-3.590355441E-2,-9.985275865E-1,1.755827053E2,4.055936895E0,-1.643497663E0,-1.756376807E2
9.102820632E1,3.591136243E-2,-1.535539143E-2,-3.802541271E-2,-9.985132217E-1,1.758839760E2,4.294135259E0,-1.913817831E0,-1.759522666E2
9.103320632E1,3.333863432E-2,-1.806618832E-2,-4.008511826E-2,-9.984765053E-1,1.761789659E2,4.525498840E0,-2.220772930E0,-1.762630260E2
9.103820632E1,3.082070631E-2,-2.096285112E-2,-4.205782339E-2,-9.984196424E-1,1.764676478E2,4.747938596E0,-2.547748547E0,-1.765693800E2
9.104320632E1,2.835890362E-2,-2.388382703E-2,-4.392028227E-2,-9.983468056E-1,1.767498733E2,4.959388727E0,-2.876295668E0,-1.768703894E2
9.104820632E1,2.596935684E-2,-2.669349313E-2,-4.563944414E-2,-9.982635379E-1,1.770237963E2,5.156318599E0,-3.191003799E0,-1.771633475E2
9.105320632E1,2.365031658E-2,-2.932253666E-2,-4.719356820E-2,-9.981751442E-1,1.772896206E2,5.336207281E0,-3.484030701E0,-1.774478355E2
9.105820632E1,2.139610254E-2,-3.171486408E-2,-4.856315255E-2,-9.980871677E-1,1.775480001E2,5.496696208E0,-3.749046441E0,-1.777238999E2
9.106320632E1,1.921320180E-2,-3.373539820E-2,-4.976892844E-2,-9.980059266E-1,1.777981938E2,5.640074335E0,-3.970835931E0,-1.779898791E2
9.106820632E1,1.714122726E-2,-3.525805473E-2,-5.085910112E-2,-9.979360700E-1,1.780356638E2,5.771496602E0,-4.135425734E0,-1.782404418E2
9.107320632E1,1.521502558E-2,-3.627856076E-2,-5.189437047E-2,-9.978774190E-1,1.782564192E2,5.897322447E0,-4.242747720E0,-1.784715540E2
9.107820632E1,1.345099255E-2,-3.684908897E-2,-5.288812518E-2,-9.978296757E-1,1.784585833E2,6.018545703E0,-4.298982871E0,-1.786814744E2
9.108320632E1,1.188379691E-2,-3.703364730E-2,-5.384892225E-2,-9.977913499E-1,1.786381851E2,6.135623904E0,-4.311769593E0,-1.788664639E2
9.108820632E1,1.054239310E-2,-3.688961640E-2,-5.478987470E-2,-9.977605343E-1,1.787919084E2,6.249676210E0,-4.287963476E0,-1.790234654E2
9.109320632E1,9.442772088E-3,-3.646051511E-2,-5.573301390E-2,-9.977350831E-1,1.789179219E2,6.363006706E0,-4.232759940E0,-1.791508981E2
9.109820632E1,8.569631009E-3,-3.577899560E-2,-5.669377744E-2,-9.977135062E-1,1.790179806E2,6.477373911E0,-4.149897488E0,-1.792506949E2
9.110320632E1,7.891033844E-3,-3.487757593E-2,-5.768415704E-2,-9.976942539E-1,1.790957447E2,6.594260651E0,-4.042975418E0,-1.793266929E2
9.110820632E1,7.359280101E-3,-3.372978792E-2,-5.869921297E-2,-9.976785779E-1,1.791566810E2,6.713304856E0,-3.908709171E0,-1.793840830E2
9.111320632E1,6.941134832E-3,-3.229334205E-2,-5.972528830E-2,-9.976682067E-1,1.792045982E2,6.833089287E0,-3.742080538E0,-1.794262425E2
9.111820632E1,6.588673550E-3,-3.056391701E-2,-6.073934212E-2,-9.976638556E-1,1.792449882E2,6.951167351E0,-3.542299649E0,-1.794584462E2
9.112320632E1,6.271502247E-3,-2.853624523E-2,-6.169123575E-2,-9.976675510E-1,1.792813341E2,7.061905676E0,-3.308559223E0,-1.794838789E2
9.112820632E1,5.986033124E-3,-2.622172050E-2,-6.252143532E-2,-9.976811409E-1,1.793140470E2,7.158499710E0,-3.042135812E0,-1.795027985E2
9.113320632E1,5.766184532E-3,-2.368121594E-2,-6.318248808E-2,-9.977043271E-1,1.793392403E2,7.235438486E0,-2.750241980E0,-1.795116487E2
9.113820632E1,5.639111270E-3,-2.094395086E-2,-6.360107660E-2,-9.977396727E-1,1.793538020E2,7.284313544E0,-2.436408065E0,-1.795074573E2
9.114320632E1,5.570090362E-3,-1.796156541E-2,-6.372254342E-2,-9.977904558E-1,1.793617114E2,7.299058156E0,-2.094835853E0,-1.794939367E2
9.114820632E1,5.553304054E-3,-1.469975151E-2,-6.350488961E-2,-9.978578091E-1,1.793636350E2,7.274987923E0,-1.721530093E0,-1.794717274E2
9.115320632E1,5.551919831E-3,-1.115964539E-2,-6.292688102E-2,-9.979403019E-1,1.793637936E2,7.209847390E0,-1.316317290E0,-1.794454232E2
9.115820632E1,5.585160128E-3,-7.299098652E-3,-6.199536473E-2,-9.980341196E-1,1.793599845E2,7.104525200E0,-8.744825431E-1,-1.794130212E2
9.116320632E1,5.650217289E-3,-3.080713330E-3,-6.070947647E-2,-9.981347322E-1,1.793525293E2,6.959082572E0,-3.916757054E-1,-1.793751454E2
9.116820632E1,5.697508905E-3,1.487072674E-3,-5.908307061E-2,-9.982357025E-1,1.793471100E2,6.775243659E0,1.315309098E-1,-1.793381809E2
9.117320632E1,5.721083884E-3,6.394382566E-3,-5.714769661E-2,-9.983288646E-1,1.793444085E2,6.556673190E0,6.940693910E-1,-1.793035649E2
9.117820632E1,5.747873144E-3,1.161745749E-2,-5.494774878E-2,-9.984050989E-1,1.793413386E2,6.308499468E0,1.293057334E0,-1.792690369E2
9.118320632E1,5.816468354E-3,1.706817001E-2,-5.254913867E-2,-9.984555244E-1,1.793334781E2,6.038312397E0,1.918180765E0,-1.792312782E2
9.118820632E1,5.923788359E-3,2.263762057E-2,-5.003779382E-2,-9.984731674E-1,1.793211799E2,5.755918942E0,2.557001743E0,-1.791915865E2
9.119320632E1,6.060107472E-3,2.823829837E-2,-4.748118296E-2,-9.984545112E-1,1.793055586E2,5.468956477E0,3.199559606E0,-1.791516397E2
9.119820632E1,6.246501273E-3,3.387226537E-2,-4.493328556E-2,-9.983960390E-1,1.792841990E2,5.183688791E0,3.845974399E0,-1.791089017E2
9.120320632E1,6.506587479E-3,3.962792456E-2,-4.244276136E-2,-9.982914925E-1,1.792543947E2,4.905958953E0,4.506266251E0,-1.790599924E2
9.120820632E1,6.809911995E-3,4.562954605E-2,-4.003932327E-2,-9.981324673E-1,1.792196355E2,4.639310218E0,5.194865471E0,-1.790076173E2
9.121320632E1,7.092038766E-3,5.199822411E-2,-3.773871064E-2,-9.979086518E-1,1.791873054E2,4.385445151E0,5.925986096E0,-1.789585209E2
9.121820632E1,7.310500052E-3,5.881609768E-2,-3.556703404E-2,-9.976082444E-1,1.791622709E2,4.147201695E0,6.709235364E0,-1.789170863E2
9.122320632E1,7.451704597E-3,6.611444056E-2,-3.359518945E-2,-9.972184896E-1,1.791460896E2,3.932609998E0,7.548211827E0,-1.788842117E2
9.122820632E1,7.493433642E-3,7.390873879E-2,-3.193343058E-2,-9.967254400E-1,1.791413077E2,3.754141966E0,8.444704716E0,-1.788612528E2
9.123320632E1,7.372409149E-3,8.217615634E-2,-3.073446825E-2,-9.961165190E-1,1.791551765E2,3.628736939E0,9.396220298E0,-1.788535910E2
9.123820632E1,7.047407655E-3,9.082246572E-2,-3.008508123E-2,-9.953876138E-1,1.791924199E2,3.565694527E0,1.039207341E1,-1.788643393E2
9.124320632E1,6.495985605E-3,9.966725111E-2,-3.002984077E-2,-9.945463538E-1,1.792556096E2,3.569417321E0,1.141168506E1,-1.788947866E2
9.124820632E1,5.713414475E-3,1.084889174E-1,-3.057538718E-2,-9.936109185E-1,1.793452874E2,3.640035256E0,1.242973503E1,-1.789445664E2
9.125320632E1,4.675112093E-3,1.169604510E-1,-3.170755506E-2,-9.926192760E-1,1.794642697E2,3.774816762E0,1.340883624E1,-1.790163996E2
9.125820632E1,3.343411138E-3,1.247730628E-1,-3.342700005E-2,-9.916164279E-1,1.796168726E2,3.972547343E0,1.431368877E1,-1.791146291E2
9.126320632E1,1.735421147E-3,1.314619631E-1,-3.574027121E-2,-9.906752110E-1,1.798011353E2,4.233186272E0,1.509072215E1,-1.792382936E2
9.126820632E1,2.078274228E-4,1.367876083E-1,-3.866324946E-2,-9.898455739E-1,1.799761847E2,4.563898117E0,1.571075491E1,-1.793459429E2
9.127320632E1,1.407974110E-3,-1.409245282E-1,4.214980453E-2,9.891216755E-1,1.798386580E2,4.957380544E0,1.619466583E1,-1.794573806E2
9.127820632E1,2.450670591E-3,-1.436419487E-1,4.605463520E-2,9.885544777E-1,1.797191736E2,5.407433456E0,1.651232028E1,-1.794988722E2
9.128320632E1,3.012127870E-3,-1.453227848E-1,5.019392818E-2,9.881056547E-1,1.796548350E2,5.891903141E0,1.670780005E1,-1.794833744E2
9.128820632E1,2.975535456E-3,-1.464204341E-1,5.437526479E-2,9.877223969E-1,1.796590282E2,6.391006478E0,1.683215895E1,-1.793986740E2
9.129320632E1,2.359572556E-3,-1.470907182E-1,5.837712437E-2,9.873960018E-1,1.797296127E2,6.878387219E0,1.690280672E1,-1.792506178E2
9.129820632E1,1.269901267E-3,-1.473110765E-1,6.207004189E-2,9.871398807E-1,1.798544800E2,7.336438572E0,1.691729043E1,-1.790549305E2
9.130320632E1,1.039247428E-4,1.469752640E-1,-6.543065608E-2,-9.869737029E-1,1.799880911E2,7.758199212E0,1.686441243E1,-1.788361247E2
9.130820632E1,2.011757605E-3,1.459179819E-1,-6.849206984E-2,-9.869208336E-1,1.797694694E2,8.150608258E0,1.672290562E1,-1.785664597E2
9.131320632E1,3.844264154E-3,1.441365927E-1,-7.131254673E-2,-9.869773984E-1,1.795594787E2,8.509148377E0,1.649733998E1,-1.783178791E2
9.131820632E1,5.593501683E-3,1.417700648E-1,-7.396743447E-2,-9.871163964E-1,1.793590286E2,8.842666579E0,1.620408894E1,-1.780893997E2
9.132320632E1,7.106928771E-3,1.389021575E-1,-7.652339339E-2,-9.873195291E-1,1.791855991E2,9.156636300E0,1.585441323E1,-1.778974727E2
9.132820632E1,8.274482317E-3,1.355735511E-1,-7.901397347E-2,-9.875769019E-1,1.790518034E2,9.453496508E0,1.545437912E1,-1.777543137E2
9.133320632E1,9.086731840E-3,1.318346411E-1,-8.145195246E-2,-9.878778458E-1,1.789587229E2,9.735186424E0,1.501030558E1,-1.776603968E2
9.133820632E1,9.534223764E-3,1.277704984E-1,-8.383345604E-2,-9.882083535E-1,1.789074419E2,1.000203424E1,1.453250271E1,-1.776159582E2
9.134320632E1,9.681381861E-3,1.236236244E-1,-8.616226166E-2,-9.885340333E-1,1.788905780E2,1.025726422E1,1.404854910E1,-1.776105835E2
9.134820632E1,9.707767386E-3,1.199577376E-1,-8.845580369E-2,-9.887828231E-1,1.788875543E2,1.050878238E1,1.362150374E1,-1.776164118E2
9.135320632E1,9.760016924E-3,1.171767861E-1,-9.073504806E-2,-9.889092445E-1,1.788815667E2,1.076321801E1,1.329608636E1,-1.776109327E2
9.135820632E1,9.892271906E-3,1.153000966E-1,-9.306067228E-2,-9.889124036E-1,1.788664107E2,1.102849820E1,1.307358358E1,-1.775861804E2
9.136320632E1,1.013194326E-2,1.141624227E-1,-9.553204477E-2,-9.888063073E-1,1.788389450E2,1.131584251E1,1.293427543E1,-1.775390276E2
9.136820632E1,1.047386146E-2,1.135474443E-1,-9.822461754E-2,-9.886097312E-1,1.787997619E2,1.163302739E1,1.285301146E1,-1.774712362E2
9.137320632E1,1.089075988E-2,1.134070903E-1,-1.011663228E-1,-9.883246422E-1,1.787519862E2,1.198288788E1,1.282432553E1,-1.773857796E2
9.137820632E1,1.137072390E-2,1.137053519E-1,-1.043628156E-1,-9.879525304E-1,1.786969829E2,1.236597237E1,1.284401914E1,-1.772839448E2
9.138320632E1,1.192047169E-2,1.144093499E-1,-1.077858061E-1,-9.874971509E-1,1.786339822E2,1.277915061E1,1.290811066E1,-1.771652209E2
9.138820632E1,1.248306378E-2,1.154355109E-1,-1.113239378E-1,-9.869781137E-1,1.785695091E2,1.320841916E1,1.300789521E1,-1.770383028E2
9.139320632E1,1.302162463E-2,1.167224571E-1,-1.148858219E-1,-9.864114523E-1,1.785077896E2,1.364243358E1,1.313703003E1,-1.769091129E2
9.139820632E1,1.348239613E-2,1.182003394E-1,-1.183686182E-1,-9.858173132E-1,1.784549844E2,1.406812120E1,1.328859971E1,-1.767859713E2
9.140320632E1,1.382674313E-2,1.198118106E-1,-1.216858774E-1,-9.852139354E-1,1.784155215E2,1.447448480E1,1.345699701E1,-1.766752261E2
9.140820632E1,1.403560660E-2,1.215115413E-1,-1.247657761E-1,-9.846174121E-1,1.783915851E2,1.485247465E1,1.363774894E1,-1.765807405E2
9.141320632E1,1.411958819E-2,1.232309863E-1,-1.275563091E-1,-9.840447903E-1,1.783819606E2,1.519551736E1,1.382325126E1,-1.765031935E2
9.141820632E1,1.413563913E-2,1.248930395E-1,-1.300184578E-1,-9.835126400E-1,1.783801211E2,1.549907439E1,1.400413839E1,-1.764380035E2
9.142320632E1,1.412825982E-2,1.263943166E-1,-1.321330816E-1,-9.830390215E-1,1.783809668E2,1.576054186E1,1.416809232E1,-1.763823282E2
9.142820632E1,1.411285192E-2,1.275822818E-1,-1.338915080E-1,-9.826477766E-1,1.783827326E2,1.597771307E1,1.429755782E1,-1.763375172E2
9.143320632E1,1.412745821E-2,1.283727288E-1,-1.353120506E-1,-9.823499918E-1,1.783810587E2,1.615240719E1,1.438230060E1,-1.763007641E2
9.143820632E1,1.421458250E-2,1.287039369E-1,-1.364502907E-1,-9.821479321E-1,1.783710740E2,1.629113699E1,1.441440783E1,-1.762677410E2
9.144320632E1,1.437884997E-2,1.285063773E-1,-1.373767555E-1,-9.820422530E-1,1.783522484E2,1.640162208E1,1.438561759E1,-1.762383576E2
9.144820632E1,1.461615935E-2,1.277146935E-1,-1.381801069E-1,-9.820293188E-1,1.783250519E2,1.649367818E1,1.428822260E1,-1.762131285E2
9.145320632E1,1.491225968E-2,1.262574047E-1,-1.389324069E-1,-9.821071625E-1,1.782911176E2,1.657500467E1,1.411406036E1,-1.761940715E2
9.145820632E1,1.525557693E-2,1.241114065E-1,-1.396961212E-1,-9.822670817E-1,1.782517718E2,1.665265456E1,1.386050234E1,-1.761821537E2
9.146320632E1,1.561978600E-2,1.213066205E-1,-1.405030936E-1,-9.824966192E-1,1.782100316E2,1.673034866E1,1.353135360E1,-1.761795401E2
9.146820632E1,1.599214211E-2,1.179564521E-1,-1.413813382E-1,-9.827725291E-1,1.781673574E2,1.681226892E1,1.313973670E1,-1.761853643E2
9.147320632E1,1.635064918E-2,1.141709015E-1,-1.423626989E-1,-9.830719829E-1,1.781262701E2,1.690291046E1,1.269851874E1,-1.761998688E2
9.147820632E1,1.667896902E-2,1.100542694E-1,-1.434566826E-1,-9.833768606E-1,1.780886423E2,1.700416071E1,1.221989792E1,-1.762230798E2
9.148320632E1,1.699486557E-2,1.055964381E-1,-1.446934640E-1,-9.836789966E-1,1.780524381E2,1.711986742E1,1.170237611E1,-1.762529596E2
9.148820632E1,1.730895975E-2,1.007546484E-1,-1.461082697E-1,-9.839721918E-1,1.780164403E2,1.725413189E1,1.114085195E1,-1.762889377E2
9.149320632E1,1.762164883E-2,9.545005113E-2,-1.477227211E-1,-9.842544198E-1,1.779806033E2,1.740911462E1,1.052636947E1,-1.763325643E2
9.149820632E1,1.792912034E-2,8.963746578E-2,-1.495483518E-1,-9.845196605E-1,1.779453641E2,1.758607414E1,9.853942163E0,-1.763854776E2
9.150320632E1,1.824806673E-2,8.331336081E-2,-1.515969783E-1,-9.847559333E-1,1.779088095E2,1.778685458E1,9.122972227E0,-1.764463021E2
9.150820632E1,1.857098725E-2,7.647267729E-2,-1.538680196E-1,-9.849526286E-1,1.778717993E2,1.801165144E1,8.333165846E0,-1.765166798E2
9.151320632E1,1.891075898E-2,6.913192570E-2,-1.563432217E-1,-9.850989580E-1,1.778328575E2,1.825896977E1,7.486375933E0,-1.765957326E2
9.151820632E1,1.926966190E-2,6.140991673E-2,-1.589050591E-1,-9.851937294E-1,1.777917227E2,1.851625381E1,6.596544276E0,-1.766825258E2
9.152320632E1,1.964940822E-2,5.339538306E-2,-1.614938974E-1,-9.852322340E-1,1.777481988E2,1.877747050E1,5.673941755E0,-1.767759809E2
9.152820632E1,2.002133545E-2,4.503994435E-2,-1.641706526E-1,-9.851997495E-1,1.777055707E2,1.904975500E1,4.713472339E0,-1.768802760E2
9.153320632E1,2.039912779E-2,3.635410592E-2,-1.669470072E-1,-9.850842357E-1,1.776622700E2,1.933513272E1,3.716091308E0,-1.769941229E2
9.153820632E1,2.075577719E-2,2.743191831E-2,-1.697822660E-1,-9.848810434E-1,1.776213923E2,1.962973631E1,2.693115518E0,-1.771194243E2
9.154320632E1,2.107609868E-2,1.839209348E-2,-1.726126969E-1,-9.845924973E-1,1.775846782E2,1.992710697E1,1.658453371E0,-1.772560758E2
9.154820632E1,2.132094818E-2,9.356213734E-3,-1.753759682E-1,-9.842261672E-1,1.775566142E2,2.022080030E1,6.267651254E-1,-1.774062689E2
9.155320632E1,2.143284715E-2,4.592644400E-4,-1.780088246E-1,-9.837953448E-1,1.775437886E2,2.050420463E1,-3.854217276E-1,-1.775736274E2
9.155820632E1,2.138197053E-2,-8.117921650E-3,-1.804639846E-1,-9.833156466E-1,1.775496199E2,2.077251208E1,-1.357023278E0,-1.777573609E2
9.156320632E1,2.116020050E-2,-1.615935564E-2,-1.827090979E-1,-9.828064442E-1,1.775750386E2,2.102230652E1,-2.263506166E0,-1.779532054E2
9.156820632E1,2.078374766E-2,-2.346392907E-2,-1.847297102E-1,-9.822893739E-1,1.776181865E2,2.125166945E1,-3.082595419E0,-1.781542442E2
9.157320632E1,2.027899022E-2,-2.984063700E-2,-1.865027845E-1,-9.817917347E-1,1.776760396E2,2.145712893E1,-3.793388305E0,-1.783524186E2
9.157820632E1,1.967583708E-2,-3.514094651E-2,-1.880079508E-1,-9.813414216E-1,1.777451696E2,2.163508604E1,-4.379883581E0,-1.785400441E2
9.158320632E1,1.899615296E-2,-3.927054256E-2,-1.892284602E-1,-9.809635878E-1,1.778230703E2,2.178219790E1,-4.832045617E0,-1.787114938E2
9.158820632E1,1.828187385E-2,-4.218200594E-2,-1.901688725E-1,-9.806743860E-1,1.779049349E2,2.189755140E1,-5.145595643E0,-1.788600886E2
9.159320632E1,1.756420870E-2,-4.389245808E-2,-1.908430904E-1,-9.804814458E-1,1.779871864E2,2.198159393E1,-5.323299675E0,-1.789820158E2
9.159820632E1,1.687406105E-2,-4.445812851E-2,-1.912895590E-1,-9.803810716E-1,1.780662833E2,2.203798386E1,-5.372328026E0,-1.790747359E2
9.160320632E1,1.623506755E-2,-4.398192093E-2,-1.915488541E-1,-9.803627133E-1,1.781395166E2,2.207104980E1,-5.304919866E0,-1.791378041E2
9.160820632E1,1.567201017E-2,-4.257877916E-2,-1.916644275E-1,-9.804112315E-1,1.782040464E2,2.208577092E1,-5.134668257E0,-1.791711070E2
9.161320632E1,1.522415211E-2,-4.039288312E-2,-1.916693449E-1,-9.805098176E-1,1.782553733E2,2.208611581E1,-4.878741557E0,-1.791735965E2
9.161820632E1,1.492700672E-2,-3.757492825E-2,-1.915974319E-1,-9.806404710E-1,1.782894275E2,2.207634276E1,-4.554937443E0,-1.791448476E2
9.162320632E1,1.477733893E-2,-3.431337699E-2,-1.914791912E-1,-9.807853699E-1,1.783065801E2,2.206060047E1,-4.184432623E0,-1.790896146E2
9.162820632E1,1.480017912E-2,-3.074735962E-2,-1.913479865E-1,-9.809288979E-1,1.783039625E2,2.204318743E1,-3.783463518E0,-1.790083511E2
9.163320632E1,1.498475913E-2,-2.703352459E-2,-1.912510842E-1,-9.810543656E-1,1.782828088E2,2.203010226E1,-3.369467901E0,-1.789059076E2
9.163820632E1,1.534823687E-2,-2.327214554E-2,-1.912423968E-1,-9.811468720E-1,1.782411525E2,2.202788593E1,-2.954175818E0,-1.787826745E2
9.164320632E1,1.585732401E-2,-1.955373771E-2,-1.913645715E-1,-9.811961055E-1,1.781828084E2,2.204180398E1,-2.547129962E0,-1.786443770E2
9.164820632E1,1.650380842E-2,-1.594856754E-2,-1.916642636E-1,-9.811921716E-1,1.781087170E2,2.207739201E1,-2.156182375E0,-1.784934121E2
9.165320632E1,1.719769575E-2,-1.260981802E-2,-1.921875328E-1,-9.811264873E-1,1.780291921E2,2.214006928E1,-1.796747393E0,-1.783431450E2
9.165820632E1,1.784361934E-2,-9.673237801E-3,-1.929927468E-1,-9.809902310E-1,1.779551633E2,2.223643018E1,-1.482182627E0,-1.782071763E2
9.166320632E1,1.831286855E-2,-7.247033529E-3,-1.940926164E-1,-9.807854891E-1,1.779013825E2,2.236760317E1,-1.221888204E0,-1.781022270E2
9.166820632E1,1.856069632E-2,-5.300290883E-3,-1.955363154E-1,-9.805064797E-1,1.778729787E2,2.253900080E1,-1.011467398E0,-1.780326312E2
9.167320632E1,1.858990595E-2,-3.787723603E-3,-1.973597407E-1,-9.801475406E-1,1.778696310E2,2.275457846E1,-8.458799542E-1,-1.779970804E2
9.167820632E1,1.840826436E-2,-2.597342245E-3,-1.995695233E-1,-9.797073007E-1,1.778904491E2,2.301512125E1,-7.125903620E-1,-1.779922068E2
9.168320632E1,1.803646027E-2,-1.662754454E-3,-2.020947933E-1,-9.791984558E-1,1.779330618E2,2.331237405E1,-6.042801446E-1,-1.780141658E2
9.168820632E1,1.750220008E-2,-9.388840990E-4,-2.048855424E-1,-9.786289930E-1,1.779942932E2,2.364053772E1,-5.162152525E-1,-1.780588506E2
9.169320632E1,1.681337753E-2,-4.492183216E-4,-2.078893483E-1,-9.780077338E-1,1.780732381E2,2.399345383E1,-4.508836022E-1,-1.781260100E2
9.169820632E1,1.592733026E-2,-2.037359809E-4,-2.110053152E-1,-9.773551226E-1,1.781747852E2,2.435934988E1,-4.079349289E-1,-1.782207876E2
9.170320632E1,1.485610139E-2,-1.472080767E-4,-2.141426951E-1,-9.766893983E-1,1.782975536E2,2.472772695E1,-3.810314488E-1,-1.783406435E2
9.170820632E1,1.353848543E-2,-2.163103636E-4,-2.171930224E-1,-9.760347605E-1,1.784485565E2,2.508601940E1,-3.611481178E-1,-1.784909626E2
9.171320632E1,1.203339878E-2,-3.731875622E-4,-2.200963348E-1,-9.754038453E-1,1.786210408E2,2.542723232E1,-3.452109420E-1,-1.786642573E2
9.171820632E1,1.040733229E-2,-6.300645182E-4,-2.228102684E-1,-9.748060703E-1,1.788073860E2,2.574635545E1,-3.361048395E-1,-1.788534443E2
9.172320632E1,8.704247787E-3,-1.028462779E-3,-2.252770364E-1,-9.742553234E-1,1.790025541E2,2.603655588E1,-3.395198722E-1,-1.790547354E2
9.172820632E1,6.995764136E-3,-1.603877172E-3,-2.274608165E-1,-9.737607837E-1,1.791983379E2,2.629361045E1,-3.613158731E-1,-1.792611493E2
9.173320632E1,5.332895121E-3,-2.401801059E-3,-2.293191403E-1,-9.733337164E-1,1.793888923E2,2.651254850E1,-4.080283383E-1,-1.794682846E2
9.173820632E1,3.787612985E-3,-3.418962006E-3,-2.308464944E-1,-9.729768038E-1,1.795659705E2,2.669278678E1,-4.813965417E-1,-1.796681288E2
9.174320632E1,2.422161565E-3,-4.627573770E-3,-2.320606112E-1,-9.726873040E-1,1.797224405E2,2.683646688E1,-5.802179827E-1,-1.798530712E2
9.174820632E1,1.364581860E-3,-5.977708381E-3,-2.329830676E-1,-9.724614620E-1,1.798436304E2,2.694608480E1,-7.025802316E-1,1.799924706E2
9.175320632E1,6.622465991E-4,-7.451976649E-3,-2.336454540E-1,-9.722930789E-1,1.799241121E2,2.702528199E1,-8.480355693E-1,1.798742537E2
9.175820632E1,1.378552183E-4,-8.998260833E-3,-2.340769023E-1,-9.721764326E-1,1.799842030E2,2.707753327E1,-1.006184609E0,1.797739596E2
9.176320632E1,1.231215425E-4,-1.052020770E-2,-2.343440205E-1,-9.720968008E-1,1.799858913E2,2.711020281E1,-1.175277645E0,1.797311494E2
9.176820632E1,5.430820012E-4,-1.191904675E-2,-2.345218956E-1,-9.720376134E-1,1.799377674E2,2.713189628E1,-1.342348210E0,1.797401050E2
9.177320632E1,1.109057844E-3,-1.315986551E-2,-2.346531302E-1,-9.719894528E-1,1.798729113E2,2.714777403E1,-1.495760981E0,1.797695906E2
9.177820632E1,1.945649851E-3,-1.423597895E-2,-2.347808629E-1,-9.719421268E-1,1.797770448E2,2.716264745E1,-1.638120310E0,1.798336278E2
9.178320632E1,2.955721833E-3,-1.522086002E-2,-2.349238992E-1,-9.718900919E-1,1.796612987E2,2.717885234E1,-1.775006099E0,1.799193912E2
9.178820632E1,4.142728858E-3,-1.613510586E-2,-2.350976318E-1,-9.718289971E-1,1.795252769E2,2.719815795E1,-1.908819288E0,-1.799733199E2
9.179320632E1,5.464558772E-3,-1.692220010E-2,-2.352973074E-1,-9.717607498E-1,1.793738046E2,2.721998303E1,-2.032148792E0,-1.798476696E2
9.179820632E1,6.919038698E-3,-1.753379405E-2,-2.355223298E-1,-9.716861248E-1,1.792071302E2,2.724420983E1,-2.139570123E0,-1.797025942E2
9.180320632E1,8.478910457E-3,-1.801680587E-2,-2.357566506E-1,-9.716081023E-1,1.790283768E2,2.726904129E1,-2.235587805E0,-1.795423582E2
9.180820632E1,1.014063311E-2,-1.842085831E-2,-2.359667569E-1,-9.715335965E-1,1.788379491E2,2.729057116E1,-2.325625071E0,-1.793686114E2
9.181320632E1,1.188607311E-2,-1.882605255E-2,-2.361239344E-1,-9.714678526E-1,1.786379243E2,2.730548114E1,-2.418082982E0,-1.791854574E2
9.181820632E1,1.368188484E-2,-1.932607591E-2,-2.362025827E-1,-9.714152813E-1,1.784321226E2,2.731081818E1,-2.522441197E0,-1.789990622E2
9.182320632E1,1.549324789E-2,-2.002634667E-2,-2.361821532E-1,-9.713788629E-1,1.782245335E2,2.730418718E1,-2.649429869E0,-1.788160714E2
9.182820632E1,1.730359788E-2,-2.097162232E-2,-2.360704839E-1,-9.713554978E-1,1.780170548E2,2.728646708E1,-2.803543334E0,-1.786395131E2
9.183320632E1,1.910587436E-2,-2.216887474E-2,-2.358853072E-1,-9.713401198E-1,1.778104948E2,2.725968643E1,-2.985350618E0,-1.784703528E2
9.183820632E1,2.085183691E-2,-2.363407984E-2,-2.356463522E-1,-9.713276625E-1,1.776103823E2,2.722624542E1,-3.195333710E0,-1.783143961E2
9.184320632E1,2.250619493E-2,-2.537271753E-2,-2.353751212E-1,-9.713126421E-1,1.774207623E2,2.718877111E1,-3.433181997E0,-1.781757367E2
9.184820632E1,2.403445442E-2,-2.740092203E-2,-2.350892127E-1,-9.712901711E-1,1.772455892E2,2.714948444E1,-3.699808587E0,-1.780586687E2
9.185320632E1,2.539803952E-2,-2.973414958E-2,-2.348052263E-1,-9.712555408E-1,1.770892861E2,2.711057594E1,-3.995958039E0,-1.779679398E2
9.185820632E1,2.658824615E-2,-3.236371651E-2,-2.345438004E-1,-9.712027907E-1,1.769528523E2,2.707469107E1,-4.320509929E0,-1.779043604E2
9.186320632E1,2.758827343E-2,-3.528719023E-2,-2.343113720E-1,-9.711291790E-1,1.768382156E2,2.704289269E1,-4.672798066E0,-1.778697837E2
9.186820632E1,2.837989014E-2,-3.848093003E-2,-2.340845168E-1,-9.710397720E-1,1.767474674E2,2.701279149E1,-5.049687065E0,-1.778655261E2
9.187320632E1,2.895873670E-2,-4.192194715E-2,-2.338322103E-1,-9.709410071E-1,1.766811092E2,2.698108644E1,-5.448467685E0,-1.778913093E2
9.187820632E1,2.932076233E-2,-4.557586461E-2,-2.335187793E-1,-9.708409309E-1,1.766396065E2,2.694394398E1,-5.865163498E0,-1.779464500E2
9.188320632E1,2.945759866E-2,-4.939033836E-2,-2.331376970E-1,-9.707418084E-1,1.766239195E2,2.690099080E1,-6.293750004E0,-1.780304083E2
9.188820632E1,2.937744283E-2,-5.325224996E-2,-2.327077538E-1,-9.706432223E-1,1.766331086E2,2.685465507E1,-6.721914028E0,-1.781393477E2
9.189320632E1,2.907133152E-2,-5.701541528E-2,-2.322716117E-1,-9.705431461E-1,1.766682014E2,2.681011899E1,-7.133215538E0,-1.782706993E2
9.189820632E1,2.854266439E-2,-6.049416959E-2,-2.319194078E-1,-9.704324603E-1,1.767288073E2,2.677786285E1,-7.507166914E0,-1.784199108E2
9.190320632E1,2.787191866E-2,-6.345603615E-2,-2.317578495E-1,-9.703013897E-1,1.768056997E2,2.676942945E1,-7.820036527E0,-1.785727817E2
9.190820632E1,2.723361209E-2,-6.568577141E-2,-2.318904251E-1,-9.701394439E-1,1.768788720E2,2.679496584E1,-8.052425950E0,-1.787050150E2
9.191320632E1,2.672435374E-2,-6.714253873E-2,-2.323495746E-1,-9.699440002E-1,1.769372500E2,2.685696420E1,-8.202249284E0,-1.788050385E2
9.191820632E1,2.629880144E-2,-6.803516299E-2,-2.330546975E-1,-9.697242379E-1,1.769860319E2,2.694633795E1,-8.291465912E0,-1.788828254E2
9.192320632E1,2.593385708E-2,-6.858952343E-2,-2.339431643E-1,-9.694810510E-1,1.770278657E2,2.705624582E1,-8.344609438E0,-1.789464242E2
9.192820632E1,2.561646987E-2,-6.898557395E-2,-2.349690795E-1,-9.692132473E-1,1.770642476E2,2.718176621E1,-8.381385452E0,-1.790016983E2
9.193320632E1,2.536118900E-2,-6.936252862E-2,-2.360827774E-1,-9.689223766E-1,1.770935102E2,2.731726969E1,-8.417691961E0,-1.790503363E2
9.193820632E1,2.518454913E-2,-6.977616251E-2,-2.372784615E-1,-9.686051607E-1,1.771137581E2,2.746211244E1,-8.460213892E0,-1.790919697E2
9.194320632E1,2.505413878E-2,-7.024816424E-2,-2.385077626E-1,-9.682724476E-1,1.771287067E2,2.761087563E1,-8.510458389E0,-1.791304398E2
9.194820632E1,2.498125485E-2,-7.074603438E-2,-2.397626042E-1,-9.679281116E-1,1.771370612E2,2.776241712E1,-8.565114359E0,-1.791635422E2
9.195320632E1,2.493091704E-2,-7.123560458E-2,-2.410044670E-1,-9.675850272E-1,1.771428313E2,2.791231546E1,-8.619389095E0,-1.791939217E2
9.195820632E1,2.486457105E-2,-7.167190313E-2,-2.422082871E-1,-9.672538638E-1,1.771504364E2,2.805773082E1,-8.667185303E0,-1.792244077E2
9.196320632E1,2.473635118E-2,-7.202259451E-2,-2.433200330E-1,-9.669520259E-1,1.771651338E2,2.819246060E1,-8.703574384E0,-1.792587075E2
9.196820632E1,2.453082788E-2,-7.226687670E-2,-2.443325371E-1,-9.666836858E-1,1.771886922E2,2.831567359E1,-8.725791976E0,-1.792978431E2
9.197320632E1,2.424490464E-2,-7.239566743E-2,-2.452260554E-1,-9.664549828E-1,1.772214663E2,2.842497666E1,-8.732718564E0,-1.793416681E2
9.197820632E1,2.388849481E-2,-7.241999358E-2,-2.460044771E-1,-9.662641883E-1,1.772623197E2,2.852076205E1,-8.725865344E0,-1.793893724E2
9.198320632E1,2.347270043E-2,-7.236634195E-2,-2.466692179E-1,-9.661089182E-1,1.773099796E2,2.860318032E1,-8.708503326E0,-1.794404486E2
9.198820632E1,2.301027021E-2,-7.226312160E-2,-2.472181767E-1,-9.659874439E-1,1.773629845E2,2.867196509E1,-8.684166669E0,-1.794942467E2
9.199320632E1,2.253168982E-2,-7.215318084E-2,-2.476858795E-1,-9.658871293E-1,1.774178400E2,2.873114453E1,-8.658524181E0,-1.795488930E2
9.199820632E1,2.202234502E-2,-7.209346443E-2,-2.480539829E-1,-9.658088684E-1,1.774762211E2,2.877886413E1,-8.637501419E0,-1.796075034E2
9.200320632E1,2.147608286E-2,-7.213541120E-2,-2.483325005E-1,-9.657464623E-1,1.775388330E2,2.881657728E1,-8.626663173E0,-1.796723544E2
9.200820632E1,2.091674295E-2,-7.230374962E-2,-2.485481501E-1,-9.656906724E-1,1.776029430E2,2.884740283E1,-8.629461868E0,-1.797417495E2
9.201320632E1,2.032376183E-2,-7.261519134E-2,-2.487047315E-1,-9.656396508E-1,1.776709081E2,2.887205472E1,-8.647178087E0,-1.798185221E2
9.201820632E1,1.968544258E-2,-7.306569070E-2,-2.488053143E-1,-9.655929804E-1,1.777440687E2,2.889101460E1,-8.679035551E0,-1.799039040E2
9.202320632E1,1.898764026E-2,-7.364748418E-2,-2.488547862E-1,-9.655500054E-1,1.778240459E2,2.890499185E1,-8.723775177E0,-1.799993059E2
9.202820632E1,1.823906353E-2,-7.432679087E-2,-2.488646805E-1,-9.655098319E-1,1.779098414E2,2.891519483E1,-8.777897941E0,1.798971158E2
9.203320632E1,1.746072033E-2,-7.504957914E-2,-2.488525063E-1,-9.654714465E-1,1.779990472E2,2.892333766E1,-8.836000653E0,1.797891179E2
9.203820632E1,1.668022280E-2,-7.574930787E-2,-2.488353252E-1,-9.654350281E-1,1.780884986E2,2.893093476E1,-8.891471576E0,1.796815684E2
9.204320632E1,1.591234999E-2,-7.635919005E-2,-2.488411963E-1,-9.653984308E-1,1.781765020E2,2.894087530E1,-8.937291756E0,1.795778082E2
9.204820632E1,1.515520326E-2,-7.681071013E-2,-2.488695085E-1,-9.653674960E-1,1.782632751E2,2.895271683E1,-8.965775541E0,1.794796341E2
9.205320632E1,1.439494797E-2,-7.703782618E-2,-2.489064038E-1,-9.653515220E-1,1.783504035E2,2.896451841E1,-8.969180026E0,1.793875684E2
9.205820632E1,1.363647583E-2,-7.700721920E-2,-2.489502579E-1,-9.653536677E-1,1.784373265E2,2.897580358E1,-8.943940376E0,1.793031650E2
9.206320632E1,1.289204016E-2,-7.671402395E-2,-2.490025461E-1,-9.653737545E-1,1.785226401E2,2.898656360E1,-8.889870089E0,1.792279408E2
9.206820632E1,1.216530194E-2,-7.618753612E-2,-2.490637153E-1,-9.654091001E-1,1.786059247E2,2.899693940E1,-8.810338580E0,1.791614581E2
9.207320632E1,1.146183631E-2,-7.547012717E-2,-2.491401285E-1,-9.654543400E-1,1.786865415E2,2.900785545E1,-8.710219551E0,1.791030521E2
9.207820632E1,1.078996725E-2,-7.458565384E-2,-2.492260486E-1,-9.655086398E-1,1.787635368E2,2.901868872E1,-8.592416206E0,1.790530145E2
9.208320632E1,1.016214185E-2,-7.355714589E-2,-2.493216395E-1,-9.655696750E-1,1.788354843E2,2.902949870E1,-8.459853493E0,1.790120647E2
9.208820632E1,9.589041607E-3,-7.240521163E-2,-2.494225055E-1,-9.656365514E-1,1.789011599E2,2.903981506E1,-8.315140707E0,1.789808318E2
9.209320632E1,9.077194467E-3,-7.114062458E-2,-2.495154589E-1,-9.657114744E-1,1.789598158E2,2.904810986E1,-8.159683431E0,1.789598384E2
9.209820632E1,8.633244803E-3,-6.977257133E-2,-2.495989054E-1,-9.657937884E-1,1.790106907E2,2.905423888E1,-7.994701779E0,1.789495593E2
9.210320632E1,8.239839115E-3,-6.831230968E-2,-2.496214956E-1,-9.658957720E-1,1.790557733E2,2.905231781E1,-7.821007678E0,1.789481307E2
9.210820632E1,7.884558197E-3,-6.678217649E-2,-2.495589554E-1,-9.660218954E-1,1.790964868E2,2.903970730E1,-7.640754794E0,1.789536634E2
9.211320632E1,7.619065565E-3,-6.520105153E-2,-2.494109422E-1,-9.661702514E-1,1.791269110E2,2.901615747E1,-7.457526118E0,1.789713170E2
9.211820632E1,7.463267585E-3,-6.358488649E-2,-2.491786182E-1,-9.663391113E-1,1.791447646E2,2.898182344E1,-7.273654055E0,1.790027769E2
9.212320632E1,7.434795055E-3,-6.192616373E-2,-2.488618791E-1,-9.665286541E-1,1.791480274E2,2.893662430E1,-7.088788515E0,1.790501672E2
9.212820632E1,7.543487823E-3,-6.018735468E-2,-2.484678775E-1,-9.667389989E-1,1.791355718E2,2.888127838E1,-6.899002477E0,1.791155561E2
9.213320632E1,7.777121689E-3,-5.832587928E-2,-2.480056584E-1,-9.669699073E-1,1.791087985E2,2.881687921E1,-6.699166004E0,1.791986753E2
9.213820632E1,8.104626729E-3,-5.632896721E-2,-2.474949211E-1,-9.672164321E-1,1.790712680E2,2.874604928E1,-6.486915621E0,1.792962154E2
9.214320632E1,8.513606687E-3,-5.420001969E-2,-2.469460517E-1,-9.674748182E-1,1.790244008E2,2.867025339E1,-6.262233116E0,1.794065562E2
9.214820632E1,9.011107788E-3,-5.196639523E-2,-2.463659942E-1,-9.677407146E-1,1.789673891E2,2.859051914E1,-6.028321955E0,1.795295921E2
9.215320632E1,9.589130650E-3,-4.968898371E-2,-2.457623631E-1,-9.680082202E-1,1.789011497E2,2.850812562E1,-5.791688989E0,1.796625999E2
9.215820632E1,1.024791021E-2,-4.744075239E-2,-2.451475561E-1,-9.682701230E-1,1.788256554E2,2.842484368E1,-5.560423135E0,1.798034395E2
9.216320632E1,1.098476991E-2,-4.527931660E-2,-2.445311844E-1,-9.685213566E-1,1.787412128E2,2.834200520E1,-5.340834182E0,1.799501401E2
9.216820632E1,1.179774508E-2,-4.323965311E-2,-2.439300716E-1,-9.687565565E-1,1.786480466E2,2.826167109E1,-5.136744061E0,-1.798985582E2
9.217320632E1,1.267982016E-2,-4.132904857E-2,-2.433571965E-1,-9.689728618E-1,1.785469607E2,2.818536684E1,-4.948765722E0,-1.797436556E2
9.217820632E1,1.361746238E-2,-3.954884782E-2,-2.428223044E-1,-9.691686034E-1,1.784395055E2,2.811423706E1,-4.776679847E0,-1.795866874E2
9.218320632E1,1.459567976E-2,-3.790852427E-2,-2.423316389E-1,-9.693427086E-1,1.783273989E2,2.804902072E1,-4.621140012E0,-1.794295580E2
9.218820632E1,1.559797578E-2,-3.642741963E-2,-2.418924719E-1,-9.694935679E-1,1.782125312E2,2.799058249E1,-4.483865692E0,-1.792746169E2
9.219320632E1,1.662236261E-2,-3.512011468E-2,-2.415213287E-1,-9.696173072E-1,1.780951298E2,2.794079623E1,-4.366465482E0,-1.791225039E2
9.219820632E1,1.767488525E-2,-3.396927193E-2,-2.412358075E-1,-9.697107673E-1,1.779745019E2,2.790159079E1,-4.267229298E0,-1.789720829E2
9.220320632E1,1.873601091E-2,-3.296317905E-2,-2.410261333E-1,-9.697777033E-1,1.778528857E2,2.787177974E1,-4.184342231E0,-1.788251129E2
9.220820632E1,1.977428031E-2,-3.207236528E-2,-2.408510596E-1,-9.698304534E-1,1.777338867E2,2.784649730E1,-4.113635973E0,-1.786840732E2
9.221320632E1,2.078361573E-2,-3.125959262E-2,-2.406902313E-1,-9.698758125E-1,1.776182016E2,2.782327263E1,-4.050786126E0,-1.785485097E2
9.221820632E1,2.175912882E-2,-3.048983403E-2,-2.405264080E-1,-9.699195623E-1,1.775063907E2,2.780002864E1,-3.991740180E0,-1.784179218E2
9.222320632E1,2.268175310E-2,-2.974817902E-2,-2.403342277E-1,-9.699690938E-1,1.774006396E2,2.777380622E1,-3.934270804E0,-1.782939180E2
9.222820632E1,2.355028926E-2,-2.900221944E-2,-2.400864959E-1,-9.700323343E-1,1.773010861E2,2.774137450E1,-3.874680234E0,-1.781756364E2
9.223320632E1,2.437653571E-2,-2.823487297E-2,-2.397607565E-1,-9.701151252E-1,1.772063781E2,2.770003642E1,-3.811331020E0,-1.780612171E2
9.223820632E1,2.515513882E-2,-2.743026800E-2,-2.393404394E-1,-9.702221155E-1,1.771171293E2,2.764786360E1,-3.742251954E0,-1.779507781E2
9.224320632E1,2.588839068E-2,-2.658216283E-2,-2.388243377E-1,-9.703536034E-1,1.770330775E2,2.758472263E1,-3.666782463E0,-1.778439169E2
9.224820632E1,2.656576439E-2,-2.569559775E-2,-2.382150441E-1,-9.705089331E-1,1.769554295E2,2.751096865E1,-3.585178493E0,-1.777419862E2
9.225320632E1,2.718662587E-2,-2.478441782E-2,-2.375309318E-1,-9.706830978E-1,1.768842583E2,2.742877563E1,-3.498990890E0,-1.776455325E2
9.225820632E1,2.773537585E-2,-2.385273576E-2,-2.367934138E-1,-9.708710909E-1,1.768213524E2,2.734072113E1,-3.408299514E0,-1.775565101E2
9.226320632E1,2.821793779E-2,-2.290662006E-2,-2.360332906E-1,-9.710650444E-1,1.767660332E2,2.725041247E1,-3.314023835E0,-1.774745502E2
9.226820632E1,2.863176943E-2,-2.196541801E-2,-2.352852374E-1,-9.712561965E-1,1.767185925E2,2.716191740E1,-3.218355244E0,-1.774005833E2
9.227320632E1,2.898616979E-2,-2.105562203E-2,-2.345781177E-1,-9.714368582E-1,1.766779643E2,2.707855943E1,-3.124595766E0,-1.773343705E2
9.227820632E1,2.928370849E-2,-2.021901496E-2,-2.339459211E-1,-9.715981483E-1,1.766438544E2,2.700425250E1,-3.037590471E0,-1.772768275E2
9.228320632E1,2.952918147E-2,-1.950046234E-2,-2.334167212E-1,-9.717326760E-1,1.766157131E2,2.694218571E1,-2.962576808E0,-1.772286633E2
9.228820632E1,2.971383763E-2,-1.894994080E-2,-2.330131978E-1,-9.718347788E-1,1.765945438E2,2.689493088E1,-2.904986295E0,-1.771922048E2
9.229320632E1,2.983864070E-2,-1.861715131E-2,-2.327532023E-1,-9.718996882E-1,1.765802361E2,2.686446209E1,-2.870463561E0,-1.771686709E2
9.229820632E1,2.989824419E-2,-1.855109446E-2,-2.326417863E-1,-9.719257951E-1,1.765734029E2,2.685127338E1,-2.864362567E0,-1.771599382E2
9.230320632E1,2.987466197E-2,-1.878101937E-2,-2.326883674E-1,-9.719109535E-1,1.765761065E2,2.685646413E1,-2.889500871E0,-1.771688048E2
9.230820632E1,2.975974527E-2,-1.931873336E-2,-2.328845412E-1,-9.718569517E-1,1.765892808E2,2.687907356E1,-2.946947372E0,-1.771964851E2
9.231320632E1,2.955426372E-2,-2.015418746E-2,-2.332251817E-1,-9.717645645E-1,1.766128376E2,2.691858050E1,-3.035566472E0,-1.772426568E2
9.231820632E1,2.925915351E-2,-2.125483565E-2,-2.337010950E-1,-9.716356993E-1,1.766466694E2,2.697405095E1,-3.151694317E0,-1.773063927E2
9.232320632E1,2.887764630E-2,-2.256947942E-2,-2.343009859E-1,-9.714729786E-1,1.766904054E2,2.704433782E1,-3.289633748E0,-1.773860188E2
9.232820632E1,2.842392622E-2,-2.405206300E-2,-2.350043505E-1,-9.712808728E-1,1.767424192E2,2.712716263E1,-3.444525835E0,-1.774787437E2
9.233320632E1,2.790689939E-2,-2.565972693E-2,-2.357878834E-1,-9.710648060E-1,1.768016897E2,2.721990812E1,-3.611723779E0,-1.775824270E2
9.233820632E1,2.733389470E-2,-2.736685425E-2,-2.366276234E-1,-9.708302021E-1,1.768673762E2,2.731984573E1,-3.788466632E0,-1.776955441E2
9.234320632E1,2.671298159E-2,-2.914698422E-2,-2.375098020E-1,-9.705802202E-1,1.769385536E2,2.742542692E1,-3.971953995E0,-1.778164846E2
9.234820632E1,2.605733703E-2,-3.094197996E-2,-2.384297550E-1,-9.703168869E-1,1.770137111E2,2.753613858E1,-4.156025692E0,-1.779422271E2
9.235320632E1,2.538619135E-2,-3.268177062E-2,-2.393915057E-1,-9.700407982E-1,1.770906442E2,2.765241006E1,-4.333386539E0,-1.780687582E2
9.235820632E1,2.468443990E-2,-3.432420641E-2,-2.403848767E-1,-9.697564840E-1,1.771710842E2,2.777306621E1,-4.498889613E0,-1.781965630E2
9.236320632E1,2.395344399E-2,-3.587190434E-2,-2.413840741E-1,-9.694705606E-1,1.772548750E2,2.789500602E1,-4.652800840E0,-1.783254181E2
9.236820632E1,2.322039249E-2,-3.733469918E-2,-2.424036115E-1,-9.691787362E-1,1.773388998E2,2.801978987E1,-4.796985061E0,-1.784526037E2
9.237320632E1,2.249216882E-2,-3.874874115E-2,-2.434449792E-1,-9.688793421E-1,1.774223699E2,2.814754911E1,-4.935654506E0,-1.785783447E2
9.237820632E1,2.177596612E-2,-4.016176239E-2,-2.445052415E-1,-9.685711265E-1,1.775044608E2,2.827793003E1,-5.074311992E0,-1.787031528E2
9.238320632E1,2.109575179E-2,-4.161377996E-2,-2.455965579E-1,-9.682487249E-1,1.775824256E2,2.841231449E1,-5.218093481E0,-1.788255600E2
9.238820632E1,2.048865633E-2,-4.311415553E-2,-2.467360348E-1,-9.679063559E-1,1.776520086E2,2.855258315E1,-5.369107112E0,-1.789418246E2
9.239320632E1,1.994847021E-2,-4.471109435E-2,-2.479092777E-1,-9.675453305E-1,1.777139221E2,2.869715554E1,-5.532527927E0,-1.790539796E2
9.239820632E1,1.946945330E-2,-4.641941190E-2,-2.491119951E-1,-9.671656489E-1,1.777688240E2,2.884562253E1,-5.709841754E0,-1.791631325E2
9.240320632E1,1.903556994E-2,-4.820820317E-2,-2.503212988E-1,-9.667744637E-1,1.778185526E2,2.899533461E1,-5.897142998E0,-1.792701157E2
9.240820632E1,1.863185576E-2,-4.999705404E-2,-2.515343428E-1,-9.663765430E-1,1.778648231E2,2.914587684E1,-6.085075658E0,-1.793742974E2
9.241320632E1,1.823518318E-2,-5.175700784E-2,-2.527059317E-1,-9.659857154E-1,1.779102861E2,2.929191670E1,-6.269739411E0,-1.794771212E2
9.241820632E1,1.786112356E-2,-5.351640284E-2,-2.538177669E-1,-9.656052589E-1,1.779531572E2,2.943123875E1,-6.454743500E0,-1.795775256E2
9.242320632E1,1.752711551E-2,-5.529587343E-2,-2.548784316E-1,-9.652316570E-1,1.779914377E2,2.956480391E1,-6.642918468E0,-1.796742043E2
9.242820632E1,1.721500386E-2,-5.713686347E-2,-2.558847964E-1,-9.648637176E-1,1.780272084E2,2.969247363E1,-6.838357007E0,-1.797703655E2
9.243320632E1,1.692474613E-2,-5.903271586E-2,-2.568281889E-1,-9.645040035E-1,1.780604744E2,2.981321173E1,-7.040337367E0,-1.798657498E2
9.243820632E1,1.662774662E-2,-6.093747169E-2,-2.576881349E-1,-9.641612768E-1,1.780945128E2,2.992460605E1,-7.242935031E0,-1.799620001E2
9.244320632E1,1.631691114E-2,-6.278603524E-2,-2.584264576E-1,-9.638503194E-1,1.781301367E2,3.002188532E1,-7.438742725E0,1.799423898E2
9.244820632E1,1.597988395E-2,-6.450366974E-2,-2.590145171E-1,-9.635846615E-1,1.781687622E2,3.010135371E1,-7.619141908E0,1.798486153E2
9.245320632E1,1.563571562E-2,-6.600991637E-2,-2.594334781E-1,-9.633755684E-1,1.782082060E2,3.016018659E1,-7.775825391E0,1.797615053E2
9.245820632E1,1.530235494E-2,-6.722723693E-2,-2.596784532E-1,-9.632307291E-1,1.782464108E2,3.019718822E1,-7.900781979E0,1.796855808E2
9.246320632E1,1.502033741E-2,-6.810297817E-2,-2.597371042E-1,-9.631578326E-1,1.782787314E2,3.021019616E1,-7.989435724E0,1.796271744E2
9.246820632E1,1.482817801E-2,-6.860731542E-2,-2.595875263E-1,-9.631653428E-1,1.783007537E2,3.019603524E1,-8.039675526E0,1.795917490E2
9.247320632E1,1.471749197E-2,-6.876552850E-2,-2.592177391E-1,-9.632553458E-1,1.783134388E2,3.015336646E1,-8.054072401E0,1.795777390E2
9.247820632E1,1.469689760E-2,-6.859090924E-2,-2.586414218E-1,-9.634230137E-1,1.783157990E2,3.008380903E1,-8.034339119E0,1.795855623E2
9.248320632E1,1.477565847E-2,-6.811757386E-2,-2.578758001E-1,-9.636605978E-1,1.783067726E2,2.998955706E1,-7.984489054E0,1.796150011E2
9.248820632E1,1.495777171E-2,-6.739259511E-2,-2.569493949E-1,-9.639561772E-1,1.782859017E2,2.987429428E1,-7.909790426E0,1.796647393E2
9.249320632E1,1.525120775E-2,-6.646613777E-2,-2.558897734E-1,-9.642977118E-1,1.782522726E2,2.974159496E1,-7.815960048E0,1.797338166E2
9.249820632E1,1.564632271E-2,-6.538343430E-2,-2.547291219E-1,-9.646726251E-1,1.782069903E2,2.959568724E1,-7.707642396E0,1.798194353E2
9.250320632E1,1.614534504E-2,-6.417553872E-2,-2.534924150E-1,-9.650712013E-1,1.781497994E2,2.943978050E1,-7.588265071E0,1.799206258E2
9.250820632E1,1.675232484E-2,-6.285347790E-2,-2.521978617E-1,-9.654869437E-1,1.780802352E2,2.927617490E1,-7.459088397E0,-1.799627129E2
9.251320632E1,1.745211635E-2,-6.143343449E-2,-2.508525252E-1,-9.659163356E-1,1.780000332E2,2.910598737E1,-7.321391797E0,-1.798328745E2
9.251820632E1,1.823747611E-2,-5.992748216E-2,-2.494668514E-1,-9.663552046E-1,1.779100233E2,2.893065690E1,-7.176237547E0,-1.796911661E2
9.252320632E1,1.907139713E-2,-5.835184827E-2,-2.480490804E-1,-9.668003917E-1,1.778144464E2,2.875155110E1,-7.024310300E0,-1.795423061E2
9.252820632E1,1.993236862E-2,-5.672045052E-2,-2.465974391E-1,-9.672513604E-1,1.777157675E2,2.856870893E1,-6.866502324E0,-1.793891320E2
9.253320632E1,2.079707417E-2,-5.504435673E-2,-2.451056242E-1,-9.677090645E-1,1.776166590E2,2.838161116E1,-6.703349970E0,-1.792345631E2
9.253820632E1,2.162634961E-2,-5.326735973E-2,-2.435455024E-1,-9.681841135E-1,1.775216097E2,2.818706776E1,-6.527450538E0,-1.790812533E2
9.254320632E1,2.239695034E-2,-5.136419833E-2,-2.419043630E-1,-9.686807394E-1,1.774332839E2,2.798373266E1,-6.335310864E0,-1.789311161E2
9.254820632E1,2.311008886E-2,-4.942280054E-2,-2.402194291E-1,-9.691841602E-1,1.773515431E2,2.777625001E1,-6.136793181E0,-1.787868110E2
9.255320632E1,2.378511822E-2,-4.751821607E-2,-2.385170311E-1,-9.696834087E-1,1.772741692E2,2.756774779E1,-5.940842060E0,-1.786484425E2
9.255820632E1,2.441276226E-2,-4.572483897E-2,-2.367953807E-1,-9.701758623E-1,1.772022256E2,2.735810229E1,-5.755520590E0,-1.785190388E2
9.256320632E1,2.498929138E-2,-4.409351572E-2,-2.350665927E-1,-9.706569910E-1,1.771361400E2,2.714871048E1,-5.586456917E0,-1.784003909E2
9.256820632E1,2.552716432E-2,-4.265345261E-2,-2.333487421E-1,-9.711217284E-1,1.770744847E2,2.694153579E1,-5.437325362E0,-1.782918841E2
9.257320632E1,2.603080111E-2,-4.137283564E-2,-2.316461951E-1,-9.715712667E-1,1.770167529E2,2.673691679E1,-5.304753043E0,-1.781920777E2
9.257820632E1,2.649873269E-2,-4.021910205E-2,-2.299527675E-1,-9.720092416E-1,1.769631134E2,2.653401055E1,-5.185099899E0,-1.781001420E2
9.258320632E1,2.692871499E-2,-3.918812424E-2,-2.282962203E-1,-9.724299312E-1,1.769138235E2,2.633602390E1,-5.077943606E0,-1.780162854E2
9.258820632E1,2.732970669E-2,-3.830211237E-2,-2.266939580E-1,-9.728288054E-1,1.768678563E2,2.614489617E1,-4.986082322E0,-1.779400849E2
9.259320632E1,2.770898538E-2,-3.756101429E-2,-2.251479775E-1,-9.732059240E-1,1.768243777E2,2.596075241E1,-4.909748717E0,-1.778706360E2
9.259820632E1,2.806881650E-2,-3.696257621E-2,-2.236632705E-1,-9.735608101E-1,1.767831281E2,2.578410381E1,-4.848800657E0,-1.778075595E2
9.260320632E1,2.841299048E-2,-3.648765013E-2,-2.222521305E-1,-9.738918543E-1,1.767436729E2,2.561632682E1,-4.801259338E0,-1.777499200E2
9.260820632E1,2.873545576E-2,-3.612892702E-2,-2.209241837E-1,-9.741978645E-1,1.767067060E2,2.545853658E1,-4.766210629E0,-1.776981867E2
9.261320632E1,2.902475913E-2,-3.586001322E-2,-2.196851522E-1,-9.744793773E-1,1.766735404E2,2.531142515E1,-4.740461733E0,-1.776529485E2
9.261820632E1,2.927799740E-2,-3.565565124E-2,-2.185410857E-1,-9.747365117E-1,1.766445091E2,2.517569621E1,-4.721162763E0,-1.776138878E2
9.262320632E1,2.949747313E-2,-3.548090905E-2,-2.175019383E-1,-9.749686718E-1,1.766193482E2,2.505250351E1,-4.704516132E0,-1.775799000E2
9.262820632E1,2.969258256E-2,-3.530940786E-2,-2.165791988E-1,-9.751743674E-1,1.765969805E2,2.494315482E1,-4.687855064E0,-1.775493216E2
9.263320632E1,2.986967167E-2,-3.512509540E-2,-2.157805562E-1,-9.753526449E-1,1.765766786E2,2.484852439E1,-4.669576831E0,-1.775210774E2
9.263820632E1,3.004031751E-2,-3.492000327E-2,-2.151198536E-1,-9.755007029E-1,1.765571152E2,2.477018643E1,-4.649124247E0,-1.774937362E2
9.264320632E1,3.020237274E-2,-3.470189124E-2,-2.145977020E-1,-9.756184816E-1,1.765385366E2,2.470821093E1,-4.627327428E0,-1.774677276E2
9.264820632E1,3.034452288E-2,-3.448373452E-2,-2.141980976E-1,-9.757096171E-1,1.765222400E2,2.466075031E1,-4.605332907E0,-1.774445555E2
9.265320632E1,3.045885860E-2,-3.428318724E-2,-2.139048725E-1,-9.757774472E-1,1.765091320E2,2.462591927E1,-4.584893830E0,-1.774254534E2
9.265820632E1,3.054407886E-2,-3.412264958E-2,-2.136969566E-1,-9.758259654E-1,1.764993619E2,2.460122396E1,-4.568441596E0,-1.774110050E2
9.266320632E1,3.060762159E-2,-3.401937336E-2,-2.135551274E-1,-9.758586287E-1,1.764920771E2,2.458435442E1,-4.558046060E0,-1.774006974E2
9.266820632E1,3.066155901E-2,-3.397817165E-2,-2.134585977E-1,-9.758794904E-1,1.764858934E2,2.457280784E1,-4.554489433E0,-1.773931898E2
9.267320632E1,3.071765348E-2,-3.401155397E-2,-2.133964300E-1,-9.758901596E-1,1.764794624E2,2.456523684E1,-4.559432979E0,-1.773874114E2
9.267820632E1,3.078328205E-2,-3.410619870E-2,-2.133732289E-1,-9.758898616E-1,1.764719384E2,2.456215986E1,-4.571577354E0,-1.773822311E2
9.268320632E1,3.087390692E-2,-3.424851596E-2,-2.133962214E-1,-9.758769870E-1,1.764615486E2,2.456436987E1,-4.589797378E0,-1.773756176E2
9.268820632E1,3.099647606E-2,-3.441098705E-2,-2.134654224E-1,-9.758522511E-1,1.764474965E2,2.457185820E1,-4.611180459E0,-1.773661255E2
9.269320632E1,3.114823119E-2,-3.457775339E-2,-2.135754824E-1,-9.758174419E-1,1.764300982E2,2.458401830E1,-4.633869861E0,-1.773536573E2
9.269820632E1,3.132264103E-2,-3.473076969E-2,-2.137263417E-1,-9.757733941E-1,1.764101026E2,2.460088382E1,-4.655686534E0,-1.773385104E2
9.270320632E1,3.150923666E-2,-3.486113623E-2,-2.139021158E-1,-9.757242203E-1,1.763887097E2,2.462063917E1,-4.675336814E0,-1.773215698E2
9.270820632E1,3.169941210E-2,-3.496060520E-2,-2.140920609E-1,-9.756728411E-1,1.763669063E2,2.464206545E1,-4.691658516E0,-1.773035496E2
9.271320632E1,3.189145814E-2,-3.502165154E-2,-2.142781168E-1,-9.756235480E-1,1.763448883E2,2.466305340E1,-4.703717854E0,-1.772843702E2
9.271820632E1,3.208132019E-2,-3.503192216E-2,-2.144466788E-1,-9.755799174E-1,1.763231206E2,2.468203219E1,-4.709993743E0,-1.772641176E2
9.272320632E1,3.227836759E-2,-3.498643637E-2,-2.145871818E-1,-9.755441546E-1,1.763005289E2,2.469772461E1,-4.710127710E0,-1.772415644E2
9.272820632E1,3.249082353E-2,-3.487771749E-2,-2.146960795E-1,-9.755170345E-1,1.762761705E2,2.470968722E1,-4.703473000E0,-1.772155854E2
9.273320632E1,3.272431203E-2,-3.470458835E-2,-2.147674710E-1,-9.754996896E-1,1.762494005E2,2.471720811E1,-4.690017502E0,-1.771854912E2
9.273820632E1,3.297876435E-2,-3.447460011E-2,-2.147999704E-1,-9.754921198E-1,1.762202266E2,2.472012551E1,-4.670598860E0,-1.771514678E2
9.274320632E1,3.325806550E-2,-3.420047835E-2,-2.147961259E-1,-9.754931331E-1,1.761882035E2,2.471871861E1,-4.646741956E0,-1.771134041E2
9.274820632E1,3.356077442E-2,-3.389110789E-2,-2.147688419E-1,-9.754995704E-1,1.761534962E2,2.471451050E1,-4.619441199E0,-1.770717430E2
9.275320632E1,3.387618839E-2,-3.356860951E-2,-2.147163600E-1,-9.755113721E-1,1.761173319E2,2.470732421E1,-4.590903127E0,-1.770282201E2
9.275820632E1,3.419016888E-2,-3.324835002E-2,-2.146468163E-1,-9.755266905E-1,1.760813315E2,2.469816270E1,-4.562523599E0,-1.769848377E2
9.276320632E1,3.449223216E-2,-3.294357285E-2,-2.145517319E-1,-9.755473137E-1,1.760466972E2,2.468605750E1,-4.535500102E0,-1.769430574E2
9.276820632E1,3.477271939E-2,-3.265808523E-2,-2.144381404E-1,-9.755719304E-1,1.760145364E2,2.467186841E1,-4.510041820E0,-1.769040902E2
9.277320632E1,3.501839216E-2,-3.239356354E-2,-2.143145949E-1,-9.755991101E-1,1.759863673E2,2.465665001E1,-4.486038394E0,-1.768695029E2
9.277820632E1,3.523243506E-2,-3.215781599E-2,-2.141928822E-1,-9.756259322E-1,1.759618246E2,2.464175900E1,-4.464481220E0,-1.768391818E2
9.278320632E1,3.541575475E-2,-3.194883838E-2,-2.140958905E-1,-9.756474495E-1,1.759408046E2,2.462987910E1,-4.445244396E0,-1.768130792E2
9.278820632E1,3.556960573E-2,-3.175804392E-2,-2.140487880E-1,-9.756584167E-1,1.759231634E2,2.462397034E1,-4.427482613E0,-1.767909575E2
9.279320632E1,3.568435386E-2,-3.159526363E-2,-2.140597552E-1,-9.756571054E-1,1.759100059E2,2.462501613E1,-4.412092310E0,-1.767741710E2
9.279820632E1,3.576407428E-2,-3.146270290E-2,-2.141357809E-1,-9.756417871E-1,1.759008648E2,2.463381389E1,-4.399446220E0,-1.767623444E2
9.280320632E1,3.580147207E-2,-3.136358038E-2,-2.142792642E-1,-9.756121039E-1,1.758965766E2,2.465066805E1,-4.389735379E0,-1.767563836E2
9.280820632E1,3.579627364E-2,-3.130533174E-2,-2.144871950E-1,-9.755684733E-1,1.758971727E2,2.467521349E1,-4.383774658E0,-1.767564856E2
9.281320632E1,3.574804328E-2,-3.129594028E-2,-2.147556096E-1,-9.755114913E-1,1.759027030E2,2.470697459E1,-4.382430600E0,-1.767628773E2
9.281820632E1,3.564882015E-2,-3.134959191E-2,-2.150807977E-1,-9.754417539E-1,1.759140804E2,2.474552973E1,-4.387077756E0,-1.767767851E2
9.282320632E1,3.550056411E-2,-3.147541732E-2,-2.154585570E-1,-9.753597379E-1,1.759310800E2,2.479036981E1,-4.398763470E0,-1.767982004E2
9.282820632E1,3.530927114E-2,-3.167380393E-2,-2.158771008E-1,-9.752677083E-1,1.759530143E2,2.484009355E1,-4.417629043E0,-1.768264168E2
9.283320632E1,3.510579993E-2,-3.195911646E-2,-2.163295448E-1,-9.751654863E-1,1.759763449E2,2.489375745E1,-4.446012043E0,-1.768583052E2
9.283820632E1,3.489327361E-2,-3.235192597E-2,-2.168068886E-1,-9.750541449E-1,1.760007135E2,2.495027948E1,-4.486256477E0,-1.768939969E2
9.284320632E1,3.468352432E-2,-3.289068490E-2,-2.172910124E-1,-9.749358296E-1,1.760247636E2,2.500745374E1,-4.542896482E0,-1.769330504E2
9.284820632E1,3.447649310E-2,-3.357079625E-2,-2.177793682E-1,-9.748110175E-1,1.760485018E2,2.506501590E1,-4.615403766E0,-1.769753733E2
9.285320632E1,3.427044723E-2,-3.438450769E-2,-2.182728946E-1,-9.746795297E-1,1.760721269E2,2.512312536E1,-4.702866548E0,-1.770209985E2
9.285820632E1,3.405333419E-2,-3.531222790E-2,-2.187724411E-1,-9.745419621E-1,1.760970208E2,2.518199009E1,-4.802789465E0,-1.770708210E2
9.286320632E1,3.380890961E-2,-3.632255271E-2,-2.192894816E-1,-9.743971229E-1,1.761250459E2,2.524309849E1,-4.911279030E0,-1.771259620E2
9.286820632E1,3.352459094E-2,-3.739653528E-2,-2.198320180E-1,-9.742440581E-1,1.761576449E2,2.530750208E1,-5.025911939E0,-1.771874230E2
9.287320632E1,3.318329518E-2,-3.851217404E-2,-2.204101831E-1,-9.740816355E-1,1.761967763E2,2.537652696E1,-5.143810164E0,-1.772566454E2
9.287820632E1,3.277690372E-2,-3.965673223E-2,-2.210283726E-1,-9.739093781E-1,1.762433707E2,2.545077515E1,-5.263334928E0,-1.773342665E2
9.288320632E1,3.228789838E-2,-4.084400460E-2,-2.216718197E-1,-9.737303853E-1,1.762994362E2,2.552862837E1,-5.385521313E0,-1.774225398E2
9.288820632E1,3.170063758E-2,-4.210703820E-2,-2.223256379E-1,-9.735468030E-1,1.763667658E2,2.560845883E1,-5.513602992E0,-1.775239925E2
9.289320632E1,3.096702049E-2,-4.351409525E-2,-2.229607403E-1,-9.733632803E-1,1.764508734E2,2.568716898E1,-5.653888798E0,-1.776456097E2
9.289820632E1,3.006659261E-2,-4.509490356E-2,-2.235623598E-1,-9.731815457E-1,1.765541030E2,2.576327553E1,-5.809115256E0,-1.777903874E2
9.290320632E1,2.904452565E-2,-4.681527615E-2,-2.241188735E-1,-9.730033278E-1,1.766712744E2,2.583532210E1,-5.976565832E0,-1.779523471E2
9.290820632E1,2.794369041E-2,-4.865879193E-2,-2.246012688E-1,-9.728338718E-1,1.767974721E2,2.589977953E1,-6.155443759E0,-1.781260933E2
9.291320632E1,2.679522451E-2,-5.061026290E-2,-2.249816060E-1,-9.726787210E-1,1.769291259E2,2.595327537E1,-6.344826165E0,-1.783075553E2
9.291820632E1,2.562421907E-2,-5.263176188E-2,-2.252382040E-1,-9.725435972E-1,1.770633594E2,2.599314449E1,-6.541132781E0,-1.784927639E2
9.292320632E1,2.444669595E-2,-5.469364673E-2,-2.253539115E-1,-9.724333286E-1,1.771983359E2,2.601726603E1,-6.741505510E0,-1.786789798E2
9.292820632E1,2.328639387E-2,-5.676757917E-2,-2.253064811E-1,-9.723539352E-1,1.773313346E2,2.602282179E1,-6.943441433E0,-1.788625690E2
9.293320632E1,2.215696627E-2,-5.886014551E-2,-2.250788063E-1,-9.723086357E-1,1.774607909E2,2.600769476E1,-7.148104822E0,-1.790419452E2
9.293820632E1,2.108036449E-2,-6.096387282E-2,-2.246447355E-1,-9.723033309E-1,1.775841892E2,2.596860071E1,-7.355302651E0,-1.792141379E2
9.294320632E1,2.004855375E-2,-6.308775395E-2,-2.239988595E-1,-9.723386765E-1,1.777024510E2,2.590493992E1,-7.565934389E0,-1.793801055E2
9.294820632E1,1.911665625E-2,-6.520902365E-2,-2.231579274E-1,-9.724108577E-1,1.778092591E2,2.581819839E1,-7.778974367E0,-1.795330535E2
9.295320632E1,1.832979068E-2,-6.728027016E-2,-2.221460193E-1,-9.725165963E-1,1.778994431E2,2.571065927E1,-7.990339871E0,-1.796667411E2
9.295820632E1,1.771276733E-2,-6.926661730E-2,-2.209899575E-1,-9.726519585E-1,1.779701602E2,2.558505508E1,-8.196780052E0,-1.797775819E2
9.296320632E1,1.727498112E-2,-7.112177461E-2,-2.197341621E-1,-9.728104472E-1,1.780203345E2,2.544624555E1,-8.393327381E0,-1.798636192E2
9.296820632E1,1.701675575E-2,-7.280407101E-2,-2.184094936E-1,-9.729888439E-1,1.780499293E2,2.529755502E1,-8.575257090E0,-1.799239765E2
9.297320632E1,1.695595897E-2,-7.427474856E-2,-2.170544267E-1,-9.731819630E-1,1.780568971E2,2.514308062E1,-8.738582134E0,-1.799559936E2
9.297820632E1,1.707714074E-2,-7.555374503E-2,-2.156818807E-1,-9.733865261E-1,1.780430087E2,2.498440440E1,-8.885041799E0,-1.799620636E2
9.298320632E1,1.735314689E-2,-7.665358484E-2,-2.143112868E-1,-9.735983610E-1,1.780113760E2,2.482399492E1,-9.015262432E0,-1.799457854E2
9.298820632E1,1.776704583E-2,-7.758538425E-2,-2.129599154E-1,-9.738135934E-1,1.779639394E2,2.466401267E1,-9.129981813E0,-1.799095629E2
9.299320632E1,1.829725275E-2,-7.831588387E-2,-2.116766274E-1,-9.740250707E-1,1.779031723E2,2.451025911E1,-9.224859426E0,-1.798555406E2
9.299820632E1,1.893084519E-2,-7.884798199E-2,-2.104788721E-1,-9.742295742E-1,1.778305553E2,2.436490993E1,-9.299845367E0,-1.797855119E2
9.300320632E1,1.965347172E-2,-7.921879739E-2,-2.093737721E-1,-9.744232893E-1,1.777477330E2,2.422908006E1,-9.358720168E0,-1.797021687E2
9.300820632E1,2.046284017E-2,-7.949358225E-2,-2.083551139E-1,-9.746025801E-1,1.776549676E2,2.410230582E1,-9.408735452E0,-1.796073677E2
9.301320632E1,2.135364991E-2,-7.973945141E-2,-2.074112147E-1,-9.747647047E-1,1.775528660E2,2.398349405E1,-9.457291479E0,-1.795032571E2
9.301820632E1,2.232427208E-2,-8.002074808E-2,-2.065250427E-1,-9.749080539E-1,1.774416143E2,2.387085252E1,-9.511571067E0,-1.793914115E2
9.302320632E1,2.338257256E-2,-8.034922928E-2,-2.057115287E-1,-9.750282168E-1,1.773203103E2,2.376608749E1,-9.573091367E0,-1.792713555E2
9.302820632E1,2.453764453E-2,-8.072976023E-2,-2.049786150E-1,-9.751227498E-1,1.771879108E2,2.367003613E1,-9.642625434E0,-1.791422395E2
9.303320632E1,2.576649173E-2,-8.115192503E-2,-2.043314576E-1,-9.751918316E-1,1.770470507E2,2.358344919E1,-9.718474300E0,-1.790064642E2
9.303820632E1,2.703486065E-2,-8.156679571E-2,-2.037985772E-1,-9.752343893E-1,1.769016557E2,2.350984851E1,-9.794378751E0,-1.788670483E2
9.304320632E1,2.832535693E-2,-8.185173571E-2,-2.034180015E-1,-9.752533436E-1,1.767537190E2,2.345355792E1,-9.856208939E0,-1.787234952E2
9.304820632E1,2.959037547E-2,-8.186513931E-2,-2.032292932E-1,-9.752539992E-1,1.766086977E2,2.341939110E1,-9.887016841E0,-1.785783489E2
9.305320632E1,3.078453733E-2,-8.147415519E-2,-2.032853961E-1,-9.752380848E-1,1.764717945E2,2.341383810E1,-9.870943135E0,-1.784342559E2
9.305820632E1,3.185831948E-2,-8.062142879E-2,-2.036180645E-1,-9.752050638E-1,1.763486877E2,2.344117271E1,-9.800535552E0,-1.782958393E2
9.306320632E1,3.276169549E-2,-7.933291048E-2,-2.042239904E-1,-9.751541018E-1,1.762451143E2,2.350171499E1,-9.677662324E0,-1.781692793E2
9.306820632E1,3.350342170E-2,-7.765021175E-2,-2.050433010E-1,-9.750924110E-1,1.761600721E2,2.358852961E1,-9.507201388E0,-1.780538031E2
9.307320632E1,3.404818649E-2,-7.573366165E-2,-2.060359120E-1,-9.750150442E-1,1.760976110E2,2.369757672E1,-9.306351480E0,-1.779565942E2
9.307820632E1,3.436673661E-2,-7.378202677E-2,-2.071843594E-1,-9.749101400E-1,1.760610865E2,2.382734666E1,-9.096757833E0,-1.778853001E2
9.308320632E1,3.448456466E-2,-7.196028531E-2,-2.084481120E-1,-9.747727513E-1,1.760475763E2,2.397294408E1,-8.897445318E0,-1.778404289E2
9.308820632E1,3.443991153E-2,-7.043524086E-2,-2.097751200E-1,-9.746010303E-1,1.760526963E2,2.412797370E1,-8.727879335E0,-1.778211189E2
9.309320632E1,3.427203347E-2,-6.929980218E-2,-2.111302912E-1,-9.743956923E-1,1.760719450E2,2.428795597E1,-8.599260757E0,-1.778249237E2
9.309820632E1,3.404795774E-2,-6.856836379E-2,-2.124920934E-1,-9.741592407E-1,1.760976372E2,2.444974974E1,-8.514682765E0,-1.778445780E2
9.310320632E1,3.381630322E-2,-6.818179786E-2,-2.138453126E-1,-9.738982916E-1,1.761241982E2,2.461107831E1,-8.468589198E0,-1.778731967E2
9.310820632E1,3.359783072E-2,-6.803696603E-2,-2.151621878E-1,-9.736258984E-1,1.761492475E2,2.476837115E1,-8.449814298E0,-1.779058235E2
9.311320632E1,3.339014518E-2,-6.801812351E-2,-2.163996845E-1,-9.733600616E-1,1.761730599E2,2.491640833E1,-8.445204323E0,-1.779396058E2
9.311820632E1,3.321022437E-2,-6.810805202E-2,-2.175489813E-1,-9.731037021E-1,1.761936887E2,2.505399667E1,-8.453233380E0,-1.779721814E2
9.312320632E1,3.304461083E-2,-6.829946488E-2,-2.185937315E-1,-9.728617668E-1,1.762126771E2,2.517930522E1,-8.472723900E0,-1.780047878E2
9.312820632E1,3.285040248E-2,-6.853169948E-2,-2.194893062E-1,-9.726503491E-1,1.762349438E2,2.528729279E1,-8.495711647E0,-1.780403781E2
9.313320632E1,3.260726077E-2,-6.873696297E-2,-2.202218473E-1,-9.724784493E-1,1.762628207E2,2.537635441E1,-8.514059316E0,-1.780794126E2
9.313820632E1,3.231096835E-2,-6.885028630E-2,-2.208015323E-1,-9.723488688E-1,1.762967912E2,2.544759456E1,-8.520404670E0,-1.781207915E2
9.314320632E1,3.198352726E-2,-6.883635372E-2,-2.212373763E-1,-9.722616076E-1,1.763343326E2,2.550181619E1,-8.511376880E0,-1.781611911E2
9.314820632E1,3.163053446E-2,-6.868030876E-2,-2.215438634E-1,-9.722144008E-1,1.763748031E2,2.554063949E1,-8.485497603E0,-1.781997098E2
9.315320632E1,3.127489608E-2,-6.839018315E-2,-2.217467874E-1,-9.722000957E-1,1.764155764E2,2.556693781E1,-8.444313289E0,-1.782341875E2
9.315820632E1,3.091991150E-2,-6.799501926E-2,-2.218704969E-1,-9.722109437E-1,1.764562743E2,2.558361898E1,-8.391220295E0,-1.782652050E2
9.316320632E1,3.056450477E-2,-6.753450632E-2,-2.219431102E-1,-9.722377062E-1,1.764970202E2,2.559409873E1,-8.330697999E0,-1.782941444E2
9.316820632E1,3.020585748E-2,-6.706405431E-2,-2.219889015E-1,-9.722710252E-1,1.765381371E2,2.560138337E1,-8.268931043E0,-1.783229504E2
9.317320632E1,2.985255755E-2,-6.664260477E-2,-2.220205516E-1,-9.723036885E-1,1.765786406E2,2.560702502E1,-8.212766144E0,-1.783522706E2
9.317820632E1,2.950670897E-2,-6.631535292E-2,-2.220561802E-1,-9.723284841E-1,1.766182894E2,2.561324507E1,-8.167351199E0,-1.783831772E2
9.318320632E1,2.917752750E-2,-6.609895825E-2,-2.221031189E-1,-9.723424315E-1,1.766560271E2,2.562087943E1,-8.134797811E0,-1.784151214E2
9.318820632E1,2.888433260E-2,-6.598322093E-2,-2.221755832E-1,-9.723424911E-1,1.766896389E2,2.563145252E1,-8.114476288E0,-1.784457898E2
9.319320632E1,2.862270636E-2,-6.594992429E-2,-2.222644389E-1,-9.723321795E-1,1.767196314E2,2.564388796E1,-8.104216361E0,-1.784751413E2
9.319820632E1,2.838334039E-2,-6.595636904E-2,-2.223828882E-1,-9.723116755E-1,1.767470719E2,2.565973879E1,-8.099016267E0,-1.785032472E2
9.320320632E1,2.815723343E-2,-6.599855423E-2,-2.225254625E-1,-9.722827673E-1,1.767729922E2,2.567842100E1,-8.098187691E0,-1.785309751E2
9.320820632E1,2.793310681E-2,-6.607405841E-2,-2.226812541E-1,-9.722484350E-1,1.767986853E2,2.569872646E1,-8.101153202E0,-1.785594435E2
9.321320632E1,2.771158036E-2,-6.619542092E-2,-2.228516042E-1,-9.722074866E-1,1.768240802E2,2.572084019E1,-8.109333653E0,-1.785889179E2
9.321820632E1,2.746355132E-2,-6.638001651E-2,-2.230374217E-1,-9.721593261E-1,1.768525131E2,2.574513439E1,-8.123929615E0,-1.786231317E2
9.322320632E1,2.718483419E-2,-6.664534658E-2,-2.232329249E-1,-9.721041322E-1,1.768844636E2,2.577100583E1,-8.146781686E0,-1.786629628E2
9.322820632E1,2.694486353E-2,-6.694380939E-2,-2.234609574E-1,-9.720379114E-1,1.769119723E2,2.580053581E1,-8.174365739E0,-1.786995731E2
9.323320632E1,2.678686480E-2,-6.723718345E-2,-2.237344533E-1,-9.719591141E-1,1.769300842E2,2.583483894E1,-8.203527798E0,-1.787272292E2
9.323820632E1,2.671527365E-2,-6.752000749E-2,-2.240465283E-1,-9.718695879E-1,1.769382909E2,2.587304705E1,-8.233766041E0,-1.787452366E2
9.324320632E1,2.673118624E-2,-6.780216098E-2,-2.243896276E-1,-9.717703462E-1,1.769364668E2,2.591427413E1,-8.266213151E0,-1.787536657E2
9.324820632E1,2.682822107E-2,-6.808526814E-2,-2.247615308E-1,-9.716619253E-1,1.769253434E2,2.595830438E1,-8.300893347E0,-1.787532618E2
9.325320632E1,2.699725712E-2,-6.837138534E-2,-2.251557559E-1,-9.715458751E-1,1.769059663E2,2.600443947E1,-8.337803281E0,-1.787450525E2
9.325820632E1,2.723161820E-2,-6.866305321E-2,-2.255630493E-1,-9.714242816E-1,1.768791006E2,2.605163490E1,-8.377052732E0,-1.787297787E2
9.326320632E1,2.751424571E-2,-6.896828860E-2,-2.259763330E-1,-9.712986350E-1,1.768467017E2,2.609919911E1,-8.419096738E0,-1.787095099E2
9.326820632E1,2.783887271E-2,-6.929956377E-2,-2.263889611E-1,-9.711697102E-1,1.768094880E2,2.614641950E1,-8.465166440E0,-1.786852213E2
9.327320632E1,2.820677816E-2,-6.966790557E-2,-2.267947942E-1,-9.710380435E-1,1.767673126E2,2.619258010E1,-8.516526257E0,-1.786570064E2
9.327820632E1,2.860147552E-2,-7.008204609E-2,-2.271834314E-1,-9.709058404E-1,1.767220653E2,2.623659368E1,-8.573713399E0,-1.786268603E2
9.328320632E1,2.901835078E-2,-7.053283602E-2,-2.275363803E-1,-9.707781672E-1,1.766742751E2,2.627627422E1,-8.635557688E0,-1.785948992E2
9.328820632E1,2.945272342E-2,-7.099715620E-2,-2.278678864E-1,-9.706534743E-1,1.766244784E2,2.631328680E1,-8.699368908E0,-1.785611686E2
9.329320632E1,2.988885823E-2,-7.146271318E-2,-2.281817496E-1,-9.705322385E-1,1.765744790E2,2.634817566E1,-8.763364272E0,-1.785271479E2
9.329820632E1,3.032970603E-2,-7.190229744E-2,-2.284973413E-1,-9.704118371E-1,1.765239386E2,2.638314775E1,-8.824604434E0,-1.784919631E2
9.330320632E1,3.078180048E-2,-7.229851186E-2,-2.288310230E-1,-9.702895284E-1,1.764721082E2,2.642004899E1,-8.881341094E0,-1.784545688E2
9.330820632E1,3.120923881E-2,-7.267814875E-2,-2.291805297E-1,-9.701650143E-1,1.764231038E2,2.645897575E1,-8.935627931E0,-1.784196913E2
9.331320632E1,3.160322274E-2,-7.305630296E-2,-2.295361161E-1,-9.700397849E-1,1.763779343E2,2.649888606E1,-8.988905054E0,-1.783886303E2
9.331820632E1,3.195972596E-2,-7.345349342E-2,-2.299055159E-1,-9.699106216E-1,1.763370614E2,2.654078955E1,-9.043371819E0,-1.783624558E2
9.332320632E1,3.224697917E-2,-7.389066368E-2,-2.302701473E-1,-9.697813988E-1,1.763041277E2,2.658280523E1,-9.100496031E0,-1.783451292E2
9.332820632E1,3.248618520E-2,-7.435846329E-2,-2.306391150E-1,-9.696499705E-1,1.762767023E2,2.662582392E1,-9.159798953E0,-1.783341067E2
9.333320632E1,3.272195473E-2,-7.485449314E-2,-2.310200781E-1,-9.695131779E-1,1.762496707E2,2.667037834E1,-9.222202181E0,-1.783243803E2
9.333820632E1,3.297054657E-2,-7.537350804E-2,-2.314296663E-1,-9.693668485E-1,1.762211688E2,2.671829694E1,-9.287579325E0,-1.783141467E2
9.334320632E1,3.321013940E-2,-7.592244446E-2,-2.318673730E-1,-9.692112207E-1,1.761936985E2,2.676972956E1,-9.356126855E0,-1.783060527E2
9.334820632E1,3.344389905E-2,-7.649579644E-2,-2.323371768E-1,-9.690455794E-1,1.761668967E2,2.682511480E1,-9.427319074E0,-1.782996448E2
9.335320632E1,3.367338971E-2,-7.708929479E-2,-2.328240126E-1,-9.688737392E-1,1.761405842E2,2.688264069E1,-9.500692937E0,-1.782944952E2
9.335820632E1,3.390490418E-2,-7.770888507E-2,-2.333242297E-1,-9.686958194E-1,1.761140394E2,2.694183782E1,-9.577074746E0,-1.782900264E2
9.336320632E1,3.415454473E-2,-7.834377885E-2,-2.338232249E-1,-9.685155749E-1,1.760854161E2,2.700079654E1,-9.655664512E0,-1.782839957E2
9.336820632E1,3.444722217E-2,-7.899330556E-2,-2.343139350E-1,-9.683338404E-1,1.760518580E2,2.705844611E1,-9.737048037E0,-1.782735099E2
9.337320632E1,3.479612052E-2,-7.964808494E-2,-2.347880155E-1,-9.681528807E-1,1.760118532E2,2.711363632E1,-9.820523846E0,-1.782567443E2
9.337820632E1,3.524202561E-2,-8.023775369E-2,-2.352489531E-1,-9.679761529E-1,1.759607249E2,2.716619268E1,-9.899340634E0,-1.782272276E2
9.338320632E1,3.576096319E-2,-8.075706661E-2,-2.357036769E-1,-9.678032994E-1,1.759012215E2,2.721712344E1,-9.972291046E0,-1.781875742E2
9.338820632E1,3.632923454E-2,-8.123157918E-2,-2.361597717E-1,-9.676312208E-1,1.758360601E2,2.726761177E1,-1.004161591E1,-1.781412155E2
9.339320632E1,3.692929459E-2,-8.171042055E-2,-2.366170585E-1,-9.674564600E-1,1.757672521E2,2.731793232E1,-1.011233956E1,-1.780914582E2
9.339820632E1,3.753047708E-2,-8.220840991E-2,-2.370611131E-1,-9.672824144E-1,1.756983139E2,2.736668890E1,-1.018525959E1,-1.780420092E2
9.340320632E1,3.810267150E-2,-8.275203407E-2,-2.374828756E-1,-9.671102166E-1,1.756326983E2,2.741315943E1,-1.026249497E1,-1.779968880E2
9.340820632E1,3.862780082E-2,-8.333927393E-2,-2.378787398E-1,-9.669416547E-1,1.755724786E2,2.745708470E1,-1.034331066E1,-1.779580389E2
9.341320632E1,3.909008986E-2,-8.393941075E-2,-2.382438630E-1,-9.667812586E-1,1.755194641E2,2.749795980E1,-1.042382054E1,-1.779263451E2
9.341820632E1,3.949343388E-2,-8.451572806E-2,-2.385859638E-1,-9.666302800E-1,1.754732086E2,2.753657540E1,-1.050003241E1,-1.779004395E2
9.342320632E1,3.984166008E-2,-8.504674584E-2,-2.389128804E-1,-9.664886594E-1,1.754332733E2,2.757377805E1,-1.056965849E1,-1.778793801E2
9.342820632E1,4.014479827E-2,-8.551055938E-2,-2.392294556E-1,-9.663568735E-1,1.753985085E2,2.760999107E1,-1.063052939E1,-1.778614798E2
9.343320632E1,4.040875943E-2,-8.591181040E-2,-2.395391762E-1,-9.662335515E-1,1.753682362E2,2.764558972E1,-1.068332938E1,-1.778462304E2
9.343820632E1,4.063235125E-2,-8.626412600E-2,-2.398440689E-1,-9.661171436E-1,1.753425934E2,2.768087051E1,-1.072954946E1,-1.778341583E2
9.344320632E1,4.081306740E-2,-8.659352362E-2,-2.401460856E-1,-9.660050273E-1,1.753218676E2,2.771617133E1,-1.077202910E1,-1.778262821E2
9.344820632E1,4.095978971E-2,-8.691085875E-2,-2.404361665E-1,-9.658981562E-1,1.753050404E2,2.775035481E1,-1.081220217E1,-1.778217956E2
9.345320632E1,4.109647824E-2,-8.721627295E-2,-2.407208532E-1,-9.657939076E-1,1.752893639E2,2.778396546E1,-1.085075830E1,-1.778180727E2
9.345820632E1,4.124224978E-2,-8.751124889E-2,-2.410043031E-1,-9.656903148E-1,1.752726455E2,2.781731248E1,-1.088840098E1,-1.778130444E2
9.346320632E1,4.139661065E-2,-8.780163527E-2,-2.412954718E-1,-9.655846357E-1,1.752549419E2,2.785148928E1,-1.092579151E1,-1.778070300E2
9.346820632E1,4.156457623E-2,-8.809271455E-2,-2.416039258E-1,-9.654737711E-1,1.752356779E2,2.788760602E1,-1.096368234E1,-1.777997213E2
9.347320632E1,4.174072720E-2,-8.840442449E-2,-2.419286817E-1,-9.653563499E-1,1.752154750E2,2.792566128E1,-1.100415047E1,-1.777922759E2
9.347820632E1,4.192167564E-2,-8.874388784E-2,-2.422775179E-1,-9.652298689E-1,1.751947216E2,2.796664507E1,-1.104791635E1,-1.777853696E2
9.348320632E1,4.211150849E-2,-8.910861611E-2,-2.426484972E-1,-9.650948048E-1,1.751729492E2,2.801027861E1,-1.109481209E1,-1.777784562E2
9.348820632E1,4.230674072E-2,-8.950740844E-2,-2.430614531E-1,-9.649454355E-1,1.751505573E2,2.805900517E1,-1.114577047E1,-1.777724141E2
9.349320632E1,4.250249260E-2,-8.994544297E-2,-2.435158491E-1,-9.647815228E-1,1.751281055E2,2.811283344E1,-1.120123316E1,-1.777679449E2
9.349820632E1,4.270044078E-2,-9.041880816E-2,-2.440083623E-1,-9.646040797E-1,1.751054017E2,2.817134276E1,-1.126080231E1,-1.777647249E2
9.350320632E1,4.287904268E-2,-9.095297754E-2,-2.445236593E-1,-9.644154310E-1,1.750849167E2,2.823301064E1,-1.132668239E1,-1.777657339E2
9.350820632E1,4.301112829E-2,-9.156811982E-2,-2.450469583E-1,-9.642184973E-1,1.750697668E2,2.829643155E1,-1.140032157E1,-1.777744474E2
9.351320632E1,4.308016069E-2,-9.228745103E-2,-2.455692589E-1,-9.640139341E-1,1.750618490E2,2.836080442E1,-1.148381429E1,-1.777933003E2
9.351820632E1,4.308058732E-2,-9.310280532E-2,-2.460776418E-1,-9.638058543E-1,1.750618000E2,2.842464658E1,-1.157604774E1,-1.778225546E2
9.352320632E1,4.303154818E-2,-9.398271888E-2,-2.465761602E-1,-9.635952115E-1,1.750674247E2,2.848816687E1,-1.167404600E1,-1.778592242E2
9.352820632E1,4.297786597E-2,-9.487611055E-2,-2.470650524E-1,-9.633848071E-1,1.750735819E2,2.855074876E1,-1.177336963E1,-1.778968085E2
9.353320632E1,4.294586864E-2,-9.573645890E-2,-2.475407273E-1,-9.631789923E-1,1.750772520E2,2.861149940E1,-1.186956581E1,-1.779309591E2
9.353820632E1,4.292591090E-2,-9.653980285E-2,-2.479713410E-1,-9.629889131E-1,1.750795411E2,2.866658550E1,-1.195962205E1,-1.779616628E2
9.354320632E1,4.291097672E-2,-9.718395770E-2,-2.482972592E-1,-9.628407955E-1,1.750812540E2,2.870848152E1,-1.203180990E1,-1.779859883E2
9.354820632E1,4.285717197E-2,-9.761284292E-2,-2.485061735E-1,-9.627459049E-1,1.750874252E2,2.873592578E1,-1.207859575E1,-1.780070664E2
9.355320632E1,4.273646842E-2,-9.782576561E-2,-2.486729324E-1,-9.626865983E-1,1.751012695E2,2.875820008E1,-1.209925874E1,-1.780289544E2
9.355820632E1,4.253425819E-2,-9.787358344E-2,-2.488760650E-1,-9.626381993E-1,1.751244622E2,2.878510330E1,-1.209921801E1,-1.780557489E2
9.356320632E1,4.226648325E-2,-9.786310047E-2,-2.491430640E-1,-9.625819921E-1,1.751551745E2,2.882018908E1,-1.209090321E1,-1.780890714E2
9.356820632E1,4.195717859E-2,-9.791366011E-2,-2.494569123E-1,-9.625090957E-1,1.751906497E2,2.886163005E1,-1.208828251E1,-1.781294391E2
9.357320632E1,4.164163862E-2,-9.810965508E-2,-2.497970462E-1,-9.624146223E-1,1.752268396E2,2.890692312E1,-1.210173960E1,-1.781750643E2
9.357820632E1,4.143949636E-2,-9.835538268E-2,-2.500911653E-1,-9.623218775E-1,1.752500234E2,2.894564159E1,-1.212389800E1,-1.782087667E2
9.358320632E1,4.129089242E-2,-9.873610735E-2,-2.503827214E-1,-9.622134566E-1,1.752670667E2,2.898405982E1,-1.216264303E1,-1.782403454E2
9.358820632E1,4.114993805E-2,-9.924896806E-2,-2.506947219E-1,-9.620854855E-1,1.752832326E2,2.902547345E1,-1.221637481E1,-1.782752109E2
9.359320632E1,4.098766977E-2,-9.983456880E-2,-2.510221899E-1,-9.619464278E-1,1.753018429E2,2.906937339E1,-1.227761481E1,-1.783148556E2
9.359820632E1,4.081443695E-2,-1.004109904E-1,-2.513738871E-1,-9.618019462E-1,1.753217106E2,2.911634487E1,-1.233753073E1,-1.783558423E2
9.360320632E1,4.064906077E-2,-1.009236649E-1,-2.517280579E-1,-9.616626501E-1,1.753406770E2,2.916329689E1,-1.239053933E1,-1.783941637E2
9.360820632E1,4.050493565E-2,-1.013394892E-1,-2.520717084E-1,-9.615349770E-1,1.753572062E2,2.920833635E1,-1.243331736E1,-1.784271526E2
9.361320632E1,4.041907685E-2,-1.016269922E-1,-2.523733377E-1,-9.614291191E-1,1.753670529E2,2.924706525E1,-1.246338666E1,-1.784492718E2
9.372202217E1,2.435901606E-2,9.586143424E-4,1.796185737E-3,9.997012019E-1,1.772083863E2,2.084428478E-1,-1.048025869E-1,1.772081898E2
9.372702217E1,2.443913264E-2,9.078586590E-4,1.828716486E-3,9.996992350E-1,1.771992028E2,2.120357207E-1,-9.888034473E-2,1.771990140E2
9.373202217E1,2.246842597E-2,9.444075986E-4,1.765683992E-3,9.997455478E-1,1.774250914E2,2.047133266E-1,-1.036475661E-1,1.774249010E2
9.373702217E1,2.246568555E-2,9.446270997E-4,1.697888831E-3,9.997457266E-1,1.774254055E2,1.969467943E-1,-1.038478172E-1,1.774252221E2
9.374202217E1,2.038436024E-2,8.684263448E-4,1.714298734E-3,9.997903705E-1,1.776639626E2,1.984321923E-1,-9.548912320E-2,1.776637929E2
9.374702217E1,2.039420446E-2,8.694859571E-4,1.735592843E-3,9.997901320E-1,1.776628343E2,2.008752331E-1,-9.555879845E-2,1.776626624E2
9.375202217E1,2.052294620E-2,8.826460689E-4,1.687126583E-3,9.997875690E-1,1.776480785E2,1.953658241E-1,-9.715463885E-2,1.776479086E2
9.375702217E1,2.055921929E-2,8.522677817E-4,1.649225946E-3,9.997869134E-1,1.776439210E2,1.909555795E-1,-9.375649222E-2,1.776437607E2
9.376202217E1,2.037248919E-2,8.022005786E-4,1.678743400E-3,9.997907281E-1,1.776653232E2,1.942029161E-1,-8.798715998E-2,1.776651700E2
9.376702217E1,2.030471892E-2,8.510512416E-4,1.659180620E-3,9.997920990E-1,1.776730907E2,1.920693653E-1,-9.364255758E-2,1.776729297E2
9.377202217E1,2.230722508E-2,8.344168891E-4,1.632587635E-3,9.997494817E-1,1.774435683E2,1.891674325E-1,-9.141996448E-2,1.774434130E2
9.377702217E1,2.235790231E-2,7.976274355E-4,1.651147264E-3,9.997483492E-1,1.774377596E2,1.912040439E-1,-8.714812006E-2,1.774376099E2
9.378202217E1,2.286382658E-2,7.965960540E-4,1.652711071E-3,9.997369051E-1,1.773797701E2,1.914245709E-1,-8.692909541E-2,1.773796205E2
9.378702217E1,2.286472324E-2,7.917054463E-4,1.605939236E-3,9.997369647E-1,1.773796674E2,1.860535650E-1,-8.649120267E-2,1.773795227E2
9.379202217E1,2.383698167E-2,7.769893855E-4,1.613157219E-3,9.997142553E-1,1.772682244E2,1.869242746E-1,-8.460464790E-2,1.772680820E2
9.379702217E1,2.383191008E-2,7.828663220E-4,1.647935365E-3,9.997143149E-1,1.772688057E2,1.909240560E-1,-8.518386938E-2,1.772686592E2
9.380202217E1,2.401754965E-2,8.040816174E-4,1.654506894E-3,9.997098446E-1,1.772475269E2,1.917510952E-1,-8.756071714E-2,1.772473757E2
9.380702217E1,2.406523736E-2,7.660180563E-4,1.663886011E-3,9.997087121E-1,1.772420607E2,1.927247467E-1,-8.316520986E-2,1.772419162E2
9.381202217E1,2.491579509E-2,7.471182034E-4,1.651486964E-3,9.996879101E-1,1.771445647E2,1.913210770E-1,-8.087152130E-2,1.771444250E2
9.381702217E1,2.487594366E-2,7.744302857E-4,1.662338851E-3,9.996888638E-1,1.771491328E2,1.926388723E-1,-8.397697412E-2,1.771489868E2
9.382202217E1,2.417760453E-2,7.611307083E-4,1.648610574E-3,9.997060299E-1,1.772291806E2,1.909706224E-1,-8.262598627E-2,1.772290383E2
9.382702217E1,2.419120953E-2,7.511177100E-4,1.634280430E-3,9.997057319E-1,1.772276211E2,1.893023491E-1,-8.151604620E-2,1.772274820E2
9.383202217E1,2.336663928E-2,7.575325435E-4,1.633181586E-3,9.997253418E-1,1.773221367E2,1.891263452E-1,-8.240998231E-2,1.773219963E2
9.383702217E1,2.336617655E-2,7.568019209E-4,1.640125993E-3,9.997253418E-1,1.773221897E2,1.899199053E-1,-8.230777451E-2,1.773220489E2
9.384202217E1,2.316740887E-2,7.487846888E-4,1.629620907E-3,9.997299910E-1,1.773449730E2,1.886787761E-1,-8.145496386E-2,1.773448346E2
9.384702217E1,2.314439818E-2,7.665141602E-4,1.619219431E-3,9.997305274E-1,1.773476105E2,1.875323253E-1,-8.351799566E-2,1.773474696E2
9.385202217E1,2.271009957E-2,7.487663534E-4,1.631141757E-3,9.997404814E-1,1.773973905E2,1.888156807E-1,-8.153520399E-2,1.773972520E2
9.385702217E1,2.273430851E-2,7.312301896E-4,1.630650368E-3,9.997399449E-1,1.773946157E2,1.887156688E-1,-7.952293734E-2,1.773944806E2
9.386202217E1,2.218873694E-2,7.335903356E-4,1.616608119E-3,9.997522235E-1,1.774571494E2,1.870695161E-1,-7.993200163E-2,1.774570149E2
9.386702217E1,2.216804420E-2,7.452446735E-4,1.600191230E-3,9.997527003E-1,1.774595212E2,1.852166932E-1,-8.131273823E-2,1.774593858E2
9.387202217E1,2.174250930E-2,7.147872820E-4,1.606000005E-3,9.997620583E-1,1.775082956E2,1.857716504E-1,-7.788776162E-2,1.775081655E2
9.387702217E1,2.176202762E-2,7.052221918E-4,1.605599420E-3,9.997616410E-1,1.775060585E2,1.857034215E-1,-7.678931601E-2,1.775059302E2
9.388202217E1,2.160229196E-2,7.183881826E-4,1.604223042E-3,9.997650981E-1,1.775243671E2,1.855660622E-1,-7.833075042E-2,1.775242364E2
9.388702217E1,2.161957352E-2,7.016284508E-4,1.601710683E-3,9.997647405E-1,1.775223863E2,1.852380604E-1,-7.641369456E-2,1.775222590E2
9.389202217E1,2.140135890E-2,6.777697708E-4,1.603385084E-3,9.997694492E-1,1.775473977E2,1.853546859E-1,-7.371664316E-2,1.775472747E2
9.389702217E1,2.138041107E-2,7.008024841E-4,1.612762804E-3,9.997698665E-1,1.775497987E2,1.864839444E-1,-7.633629821E-2,1.775496706E2
9.390202217E1,2.103229702E-2,7.067981060E-4,1.605745754E-3,9.997772574E-1,1.775896986E2,1.856678876E-1,-7.710503364E-2,1.775895699E2
9.390702217E1,2.105371337E-2,6.880728761E-4,1.592949731E-3,9.997768402E-1,1.775872439E2,1.841583621E-1,-7.498665422E-2,1.775871198E2
9.391202217E1,2.097994845E-2,6.830837228E-4,1.595677692E-3,9.997783899E-1,1.775956986E2,1.844533656E-1,-7.442209437E-2,1.775955752E2
9.391702217E1,2.095683369E-2,7.010178524E-4,1.592877903E-3,9.997788668E-1,1.775983479E2,1.841739577E-1,-7.648772909E-2,1.775982214E2
9.392202217E1,2.065983219E-2,6.902797031E-4,1.586615574E-3,9.997850657E-1,1.776323892E2,1.834083435E-1,-7.532702674E-2,1.776322651E2
9.392702217E1,2.068066852E-2,6.723944098E-4,1.585755963E-3,9.997846484E-1,1.776300010E2,1.832690384E-1,-7.327617855E-2,1.776298803E2
9.393202217E1,2.070246762E-2,6.848400226E-4,1.596585149E-3,9.997841716E-1,1.776275025E2,1.845408354E-1,-7.467234575E-2,1.776273786E2
9.393702217E1,2.069042206E-2,6.920553278E-4,1.600317424E-3,9.997844100E-1,1.776288831E2,1.849846420E-1,-7.549235476E-2,1.776287576E2
9.394202217E1,2.064827357E-2,6.814028020E-4,1.590677653E-3,9.997853041E-1,1.776337140E2,1.838518473E-1,-7.430253532E-2,1.776335912E2
9.394702217E1,2.065113148E-2,6.812167703E-4,1.591119915E-3,9.997852445E-1,1.776333864E2,1.839022881E-1,-7.427965004E-2,1.776332637E2
9.395202217E1,2.031351456E-2,6.825436722E-4,1.592122833E-3,9.997921586E-1,1.776720826E2,1.839951860E-1,-7.449143288E-2,1.776719595E2
9.395702217E1,2.032222034E-2,6.743558915E-4,1.596794464E-3,9.997919798E-1,1.776710848E2,1.845119842E-1,-7.354089533E-2,1.776709629E2
9.396202217E1,2.020517709E-2,6.712963223E-4,1.590579399E-3,9.997943640E-1,1.776844997E2,1.837842387E-1,-7.322635707E-2,1.776843788E2
9.396702217E1,2.020902195E-2,6.669671275E-4,1.580991549E-3,9.997943044E-1,1.776840590E2,1.826760290E-1,-7.275186756E-2,1.776839396E2
9.397202217E1,2.009522566E-2,6.546316436E-4,1.604145975E-3,9.997965693E-1,1.776971018E2,1.852921083E-1,-7.130608233E-2,1.776969830E2
9.397702217E1,2.010306226E-2,6.528997328E-4,1.618050039E-3,9.997963905E-1,1.776962036E2,1.868816462E-1,-7.107417628E-2,1.776960841E2
9.398202217E1,2.020218560E-2,6.832064246E-4,1.586034079E-3,9.997944236E-1,1.776848426E2,1.832908459E-1,-7.460194709E-2,1.776847198E2
9.398702217E1,2.022631948E-2,6.611972349E-4,1.588355866E-3,9.997939467E-1,1.776820765E2,1.835076298E-1,-7.207059241E-2,1.776819576E2
9.399202217E1,2.028960474E-2,6.424557650E-4,1.614096807E-3,9.997926354E-1,1.776748230E2,1.864177033E-1,-6.985195562E-2,1.776747059E2
9.399702217E1,2.028038400E-2,6.578324828E-4,1.613023807E-3,9.997928143E-1,1.776758798E2,1.863298678E-1,-7.161784622E-2,1.776757599E2
9.400202217E1,1.991899640E-2,6.528058439E-4,1.611030311E-3,9.998000860E-1,1.777173002E2,1.860641004E-1,-7.111384749E-2,1.777171813E2
9.400702217E1,1.992451893E-2,6.507767248E-4,1.617528265E-3,9.997999668E-1,1.777166672E2,1.868043239E-1,-7.086550945E-2,1.777165482E2
9.401202217E1,1.982242303E-2,6.557274610E-4,1.617287868E-3,9.998019934E-1,1.777283689E2,1.867807915E-1,-7.145233133E-2,1.777282489E2
9.401702217E1,1.981641136E-2,6.542206393E-4,1.617874485E-3,9.998021126E-1,1.777290579E2,1.868441479E-1,-7.127948731E-2,1.777289382E2
9.402202217E1,1.980540632E-2,6.461885641E-4,1.608496183E-3,9.998023510E-1,1.777303192E2,1.857506660E-1,-7.038260304E-2,1.777302017E2
9.402702217E1,1.980526547E-2,6.521253963E-4,1.607834245E-3,9.998023510E-1,1.777303354E2,1.856882942E-1,-7.106430819E-2,1.777302168E2
9.403202217E1,1.992763098E-2,6.546963705E-4,1.614448498E-3,9.997999072E-1,1.777163105E2,1.864606506E-1,-7.132102972E-2,1.777161910E2
9.403702217E1,1.994006526E-2,6.411704817E-4,1.613997389E-3,9.997996688E-1,1.777148854E2,1.863789435E-1,-6.977009888E-2,1.777147685E2
9.404202217E1,1.978633964E-2,6.459580036E-4,1.620903029E-3,9.998027086E-1,1.777325045E2,1.871702451E-1,-7.033159815E-2,1.777323862E2
9.404702217E1,1.978192183E-2,6.491342792E-4,1.636713860E-3,9.998027682E-1,1.777330109E2,1.889885721E-1,-7.066048533E-2,1.777328908E2
9.405202217E1,1.977454526E-2,6.357855164E-4,1.621794654E-3,9.998029470E-1,1.777338563E2,1.872485139E-1,-6.916633375E-2,1.777337399E2
9.405702217E1,1.978458402E-2,6.294407649E-4,1.612041611E-3,9.998027682E-1,1.777327057E2,1.861174220E-1,-6.845965458E-2,1.777325912E2
9.406202217E1,1.969321209E-2,6.348652532E-4,1.619693125E-3,9.998045564E-1,1.777431782E2,1.870000384E-1,-6.908087491E-2,1.777430621E2
9.406702217E1,1.968028611E-2,6.414894015E-4,1.627005870E-3,9.998047948E-1,1.777446597E2,1.878519044E-1,-6.982572354E-2,1.777445418E2
9.407202217E1,1.962010899E-2,6.336976658E-4,1.624298864E-3,9.998059869E-1,1.777515569E2,1.875200396E-1,-6.895042227E-2,1.777514406E2
9.407702217E1,1.960840257E-2,6.447362830E-4,1.614532550E-3,9.998062253E-1,1.777528986E2,1.864251154E-1,-7.023925119E-2,1.777527809E2
9.408202217E1,1.958988185E-2,6.500924355E-4,1.615748508E-3,9.998065829E-1,1.777550213E2,1.865751518E-1,-7.085362616E-2,1.777549025E2
9.408702217E1,1.958971630E-2,6.421469734E-4,1.620924682E-3,9.998065829E-1,1.777550403E2,1.871503344E-1,-6.993172977E-2,1.777549226E2
9.409202217E1,1.933851758E-2,6.392330397E-4,1.623748220E-3,9.998114705E-1,1.777838310E2,1.874497937E-1,-6.963864163E-2,1.777837137E2
9.409702217E1,1.933538472E-2,6.444933824E-4,1.622275799E-3,9.998115301E-1,1.777841900E2,1.872925367E-1,-7.024516904E-2,1.777840719E2
9.410202217E1,1.898003848E-2,6.440848811E-4,1.631012768E-3,9.998183250E-1,1.778249172E2,1.882676749E-1,-7.024592463E-2,1.778247984E2
9.410702217E1,1.897758036E-2,6.488231593E-4,1.621170319E-3,9.998183846E-1,1.778251989E2,1.871501475E-1,-7.081066104E-2,1.778250800E2
9.411202217E1,1.903703254E-2,6.528289523E-4,1.620953903E-3,9.998172522E-1,1.778183850E2,1.871383027E-1,-7.125895090E-2,1.778182653E2
9.411702217E1,1.903622408E-2,6.530157989E-4,1.630346058E-3,9.998172522E-1,1.778184776E2,1.882147215E-1,-7.126002024E-2,1.778183572E2
9.412202217E1,1.889408798E-2,6.469059736E-4,1.641277573E-3,9.998199344E-1,1.778347682E2,1.894437967E-1,-7.056309864E-2,1.778346481E2
9.412702217E1,1.889447394E-2,6.466963678E-4,1.636911300E-3,9.998199344E-1,1.778347239E2,1.889431203E-1,-7.054846493E-2,1.778346042E2
9.413202217E1,1.884108964E-2,6.513172993E-4,1.631494146E-3,9.998209476E-1,1.778408424E2,1.883286805E-1,-7.109967481E-2,1.778407222E2
9.413702217E1,1.884701686E-2,6.446797051E-4,1.638708520E-3,9.998208284E-1,1.778401631E2,1.891413254E-1,-7.032250026E-2,1.778400437E2
9.414202217E1,1.869750626E-2,6.451061345E-4,1.642035088E-3,9.998236299E-1,1.778572987E2,1.895128520E-1,-7.039251184E-2,1.778571790E2
9.414702217E1,1.868194910E-2,6.535067223E-4,1.634303131E-3,9.998239279E-1,1.778590818E2,1.886438797E-1,-7.137448140E-2,1.778589610E2
9.415202217E1,1.858960285E-2,6.511184620E-4,1.630793326E-3,9.998256564E-1,1.778696657E2,1.882300728E-1,-7.112575488E-2,1.778695456E2
9.415702217E1,1.860228402E-2,6.430185749E-4,1.635569148E-3,9.998254180E-1,1.778682123E2,1.887608811E-1,-7.018516949E-2,1.778680934E2
9.416202217E1,1.841186942E-2,6.494174013E-4,1.637900830E-3,9.998289347E-1,1.778900360E2,1.890281603E-1,-7.094932372E-2,1.778899156E2
9.416702217E1,1.840244783E-2,6.560441107E-4,1.631977619E-3,9.998291135E-1,1.778911158E2,1.883628319E-1,-7.172283182E-2,1.778909946E2
9.417202217E1,1.847699592E-2,6.487749051E-4,1.632448169E-3,9.998277426E-1,1.778825717E2,1.884066973E-1,-7.087494439E-2,1.778824519E2
9.417702217E1,1.848257902E-2,6.514082779E-4,1.641186071E-3,9.998276234E-1,1.778819319E2,1.894137919E-1,-7.115709521E-2,1.778818109E2
9.418202217E1,1.845438827E-2,6.548211677E-4,1.630219514E-3,9.998281598E-1,1.778851628E2,1.881625409E-1,-7.157664962E-2,1.778850420E2
9.418702217E1,1.846104190E-2,6.472356617E-4,1.631026738E-3,9.998280406E-1,1.778844002E2,1.882394530E-1,-7.070460389E-2,1.778842808E2
9.419202217E1,1.867501542E-2,6.447322667E-4,1.644075033E-3,9.998240471E-1,1.778598765E2,1.897441885E-1,-7.034957457E-2,1.778597566E2
9.419702217E1,1.867141065E-2,6.492141983E-4,1.647003461E-3,9.998241067E-1,1.778602896E2,1.900890412E-1,-7.085749407E-2,1.778601687E2
9.420202217E1,1.851843536E-2,6.550012040E-4,1.634977874E-3,9.998269677E-1,1.778778223E2,1.887126831E-1,-7.157512513E-2,1.778777012E2
9.420702217E1,1.851523592E-2,6.566617521E-4,1.634096960E-3,9.998270273E-1,1.778781890E2,1.886150496E-1,-7.176785010E-2,1.778780676E2
9.421202217E1,1.856274215E-2,6.576885935E-4,1.641742187E-3,9.998261333E-1,1.778727443E2,1.894965732E-1,-7.186027165E-2,1.778726221E2
9.421702217E1,1.855681791E-2,6.604173104E-4,1.635007327E-3,9.998262525E-1,1.778734232E2,1.887303242E-1,-7.218835039E-2,1.778733010E2
9.422202217E1,1.843802569E-2,6.560665206E-4,1.632082742E-3,9.998284578E-1,1.778870382E2,1.883774754E-1,-7.171847452E-2,1.778869170E2
9.422702217E1,1.844139773E-2,6.585787050E-4,1.629484934E-3,9.998283982E-1,1.778866517E2,1.880853903E-1,-7.201115511E-2,1.778865302E2
9.423202217E1,1.842173794E-2,6.617190666E-4,1.631153980E-3,9.998287559E-1,1.778889049E2,1.882818312E-1,-7.237112735E-2,1.778887827E2
9.423702217E1,1.841547211E-2,6.631353172E-4,1.628258266E-3,9.998288751E-1,1.778896230E2,1.879525980E-1,-7.254068101E-2,1.778895008E2
9.424202217E1,1.837687927E-2,6.643877714E-4,1.624566619E-3,9.998295903E-1,1.778940462E2,1.875294749E-1,-7.269920654E-2,1.778939240E2
9.424702217E1,1.837341948E-2,6.731391768E-4,1.623413293E-3,9.998296499E-1,1.778944427E2,1.874155126E-1,-7.370495060E-2,1.778943189E2
9.425202217E1,1.818769244E-2,6.707460852E-4,1.623357763E-3,9.998330474E-1,1.779157290E2,1.873904674E-1,-7.346569659E-2,1.779156057E2
9.425702217E1,1.818464606E-2,6.707949215E-4,1.620752737E-3,9.998331070E-1,1.779160782E2,1.870918802E-1,-7.347729154E-2,1.779159550E2
9.426202217E1,1.822062977E-2,6.766156876E-4,1.618666807E-3,9.998324513E-1,1.779119541E2,1.868676893E-1,-7.414181281E-2,1.779118300E2
9.426702217E1,1.822038914E-2,6.769005558E-4,1.621254371E-3,9.998324513E-1,1.779119817E2,1.871647306E-1,-7.416909292E-2,1.779118573E2
9.427202217E1,1.804969339E-2,6.708949804E-4,1.621682663E-3,9.998355508E-1,1.779315452E2,1.871887124E-1,-7.351208406E-2,1.779314219E2
9.427702217E1,1.804980971E-2,6.758053787E-4,1.618345734E-3,9.998355508E-1,1.779315318E2,1.868165569E-1,-7.408156254E-2,1.779314079E2
9.428202217E1,1.799680518E-2,6.814801018E-4,1.617077156E-3,9.998365045E-1,1.779376067E2,1.866789893E-1,-7.474425178E-2,1.779374818E2
9.428702217E1,1.800371909E-2,6.747393636E-4,1.616649562E-3,9.998363853E-1,1.779368143E2,1.866166063E-1,-7.397153750E-2,1.779366907E2
9.429202217E1,1.788680151E-2,6.761244149E-4,1.623659628E-3,9.998384714E-1,1.779502142E2,1.874139618E-1,-7.413767961E-2,1.779500898E2
9.429702217E1,1.788016949E-2,6.810983177E-4,1.621217816E-3,9.998385906E-1,1.779509743E2,1.871438962E-1,-7.471380162E-2,1.779508491E2
9.430202217E1,1.788032259E-2,6.787948078E-4,1.620495226E-3,9.998385906E-1,1.779509568E2,1.870563974E-1,-7.445133331E-2,1.779508321E2
9.430702217E1,1.788353825E-2,6.759995013E-4,1.622953336E-3,9.998385310E-1,1.779505882E2,1.873325415E-1,-7.412542705E-2,1.779504639E2
9.431202217E1,1.787283413E-2,6.863683811E-4,1.626352197E-3,9.998387098E-1,1.779518150E2,1.877424075E-1,-7.530846596E-2,1.779516884E2
9.431702217E1,1.786277092E-2,6.937223952E-4,1.623858698E-3,9.998388886E-1,1.779529684E2,1.874710164E-1,-7.615803238E-2,1.779528406E2
9.432202217E1,1.786944243E-2,6.884083850E-4,1.626116224E-3,9.998387694E-1,1.779522037E2,1.877192937E-1,-7.554331569E-2,1.779520768E2
9.432702217E1,1.786550070E-2,6.920343149E-4,1.631231513E-3,9.998388290E-1,1.779526555E2,1.883124970E-1,-7.594901703E-2,1.779525275E2
9.433202217E1,1.785201151E-2,7.015733281E-4,1.628699596E-3,9.998390675E-1,1.779542015E2,1.880408992E-1,-7.704965239E-2,1.779540718E2
9.433702217E1,1.785564190E-2,6.992615527E-4,1.626486424E-3,9.998390079E-1,1.779537854E2,1.877828771E-1,-7.678863088E-2,1.779536564E2
9.434202217E1,1.786225398E-2,6.946394569E-4,1.629144419E-3,9.998388886E-1,1.779530276E2,1.880784581E-1,-7.625238011E-2,1.779528992E2
9.434702217E1,1.785184709E-2,7.013708819E-4,1.630587853E-3,9.998390675E-1,1.779542203E2,1.882568166E-1,-7.702262540E-2,1.779540906E2
9.435202217E1,1.785543979E-2,7.000090554E-4,1.628382597E-3,9.998390079E-1,1.779538086E2,1.880016425E-1,-7.687043262E-2,1.779536793E2
9.435702217E1,1.786939395E-2,6.890101940E-4,1.626394107E-3,9.998387694E-1,1.779522093E2,1.877523607E-1,-7.561170688E-2,1.779520822E2
9.436202217E1,1.787542693E-2,6.858555134E-4,1.634694869E-3,9.998386502E-1,1.779515179E2,1.886974009E-1,-7.523212827E-2,1.779513908E2
9.436702217E1,1.786533153E-2,6.931999233E-4,1.632588799E-3,9.998388290E-1,1.779526749E2,1.884703799E-1,-7.607981746E-2,1.779525465E2
9.437202217E1,1.786572178E-2,6.924354238E-4,1.628637896E-3,9.998388290E-1,1.779526302E2,1.880161754E-1,-7.600024185E-2,1.779525023E2
9.437702217E1,1.786250826E-2,6.951686810E-4,1.626127865E-3,9.998388886E-1,1.779529985E2,1.877339438E-1,-7.631914209E-2,1.779528702E2
9.438202217E1,1.785865861E-2,6.981251063E-4,1.630489714E-3,9.998389482E-1,1.779534397E2,1.882394537E-1,-7.664966499E-2,1.779533105E2
9.438702217E1,1.785874801E-2,6.964849308E-4,1.630211947E-3,9.998389482E-1,1.779534294E2,1.882042786E-1,-7.646229657E-2,1.779533006E2
9.439202217E1,1.786245195E-2,6.947887596E-4,1.626908663E-3,9.998388886E-1,1.779530049E2,1.878226204E-1,-7.627402557E-2,1.779528767E2
9.439702217E1,1.785575551E-2,6.997109740E-4,1.625045319E-3,9.998390079E-1,1.779537724E2,1.876186931E-1,-7.684305003E-2,1.779536434E2
9.440202217E1,1.785921241E-2,6.972119445E-4,1.624804689E-3,9.998389482E-1,1.779533762E2,1.875862736E-1,-7.655657215E-2,1.779532477E2
9.440702217E1,1.786596913E-2,6.928083603E-4,1.625763369E-3,9.998388290E-1,1.779526018E2,1.876876132E-1,-7.604880921E-2,1.779524741E2
9.441202217E1,1.786319591E-2,6.935302517E-4,1.619259245E-3,9.998388886E-1,1.779529197E2,1.869436800E-1,-7.614535376E-2,1.779527923E2
9.441702217E1,1.786636678E-2,6.912514800E-4,1.622051932E-3,9.998388290E-1,1.779525562E2,1.872592231E-1,-7.587795694E-2,1.779524291E2
9.442202217E1,1.787640455E-2,6.840295973E-4,1.624739030E-3,9.998386502E-1,1.779514058E2,1.875530584E-1,-7.504313855E-2,1.779512798E2
9.442702217E1,1.787297638E-2,6.878246204E-4,1.624172321E-3,9.998387098E-1,1.779517987E2,1.874956452E-1,-7.547975000E-2,1.779516720E2
9.443202217E1,1.786637101E-2,6.910888478E-4,1.622074633E-3,9.998388290E-1,1.779525558E2,1.872614913E-1,-7.585927639E-2,1.779524286E2
9.443702217E1,1.787996589E-2,6.819286500E-4,1.623113174E-3,9.998385906E-1,1.779509976E2,1.873627403E-1,-7.480508985E-2,1.779508722E2
9.444202217E1,1.787631338E-2,6.837859983E-4,1.625844277E-3,9.998386502E-1,1.779514163E2,1.876791845E-1,-7.501298153E-2,1.779512902E2
9.444702217E1,1.786598136E-2,6.922280882E-4,1.625876175E-3,9.998388290E-1,1.779526004E2,1.876993505E-1,-7.598209235E-2,1.779524728E2
9.445202217E1,1.787684384E-2,6.832616637E-4,1.620222465E-3,9.998386502E-1,1.779513555E2,1.870340394E-1,-7.496432452E-2,1.779512299E2
9.445702217E1,1.788678143E-2,6.780437543E-4,1.623080345E-3,9.998384714E-1,1.779502165E2,1.873515246E-1,-7.435877545E-2,1.779500918E2
9.446202217E1,1.787284522E-2,6.873491220E-4,1.625816105E-3,9.998387098E-1,1.779518137E2,1.876829953E-1,-7.542192845E-2,1.779516870E2
9.446702217E1,1.786312624E-2,6.938776351E-4,1.619878924E-3,9.998388886E-1,1.779529276E2,1.870153846E-1,-7.618389905E-2,1.779528001E2
9.447202217E1,1.787722012E-2,6.837692345E-4,1.615850721E-3,9.998386502E-1,1.779513123E2,1.865342217E-1,-7.503136452E-2,1.779511870E2
9.447702217E1,1.786647920E-2,6.924060872E-4,1.620320254E-3,9.998388290E-1,1.779525434E2,1.870631916E-1,-7.601376842E-2,1.779524161E2
9.448202217E1,1.784974715E-2,7.031662972E-4,1.616191934E-3,9.998391271E-1,1.779544610E2,1.866109367E-1,-7.725817497E-2,1.779543320E2
9.448702217E1,1.786408128E-2,6.943054614E-4,1.609127969E-3,9.998388886E-1,1.779528182E2,1.857845589E-1,-7.625474721E-2,1.779526914E2
9.449202217E1,1.786342656E-2,6.933349068E-4,1.616796479E-3,9.998388886E-1,1.779528932E2,1.866611299E-1,-7.612797095E-2,1.779527660E2
9.449702217E1,1.785275539E-2,7.009090041E-4,1.620812807E-3,9.998390675E-1,1.779541162E2,1.871359801E-1,-7.698953442E-2,1.779539873E2
9.450202217E1,1.785611339E-2,6.982752820E-4,1.621727133E-3,9.998390079E-1,1.779537314E2,1.872356061E-1,-7.668528109E-2,1.779536029E2
9.450702217E1,1.786306886E-2,6.947330548E-4,1.620144933E-3,9.998388886E-1,1.779529342E2,1.870476092E-1,-7.628137337E-2,1.779528065E2
9.451202217E1,1.786247021E-2,6.935046986E-4,1.627255930E-3,9.998388886E-1,1.779530028E2,1.878597806E-1,-7.612619238E-2,1.779528748E2
9.451702217E1,1.786227915E-2,6.949002272E-4,1.628757222E-3,9.998388886E-1,1.779530247E2,1.880346313E-1,-7.628304524E-2,1.779528963E2
9.452202217E1,1.786959046E-2,6.901709712E-4,1.623740653E-3,9.998387694E-1,1.779521868E2,1.874507374E-1,-7.575009768E-2,1.779520597E2
9.452702217E1,1.786220009E-2,6.937679136E-4,1.630106359E-3,9.998388886E-1,1.779530338E2,1.881868825E-1,-7.615056571E-2,1.779529055E2
9.453202217E1,1.785496986E-2,7.007992244E-4,1.633188454E-3,9.998390079E-1,1.779538624E2,1.885538474E-1,-7.695121958E-2,1.779537326E2
9.453702217E1,1.785835335E-2,6.968410453E-4,1.634377870E-3,9.998389482E-1,1.779534747E2,1.886822817E-1,-7.649464625E-2,1.779533455E2
9.454202217E1,1.786225377E-2,6.939894520E-4,1.629423699E-3,9.998388886E-1,1.779530276E2,1.881091255E-1,-7.617733535E-2,1.779528994E2
9.454702217E1,1.785542243E-2,6.995410076E-4,1.628773985E-3,9.998390079E-1,1.779538106E2,1.880455261E-1,-7.681600930E-2,1.779536813E2
9.455202217E1,1.786246333E-2,6.932279211E-4,1.627449412E-3,9.998388886E-1,1.779530036E2,1.878813814E-1,-7.609408635E-2,1.779528756E2
9.455702217E1,1.787340069E-2,6.870765355E-4,1.619813731E-3,9.998387098E-1,1.779517501E2,1.869947660E-1,-7.540288758E-2,1.779516239E2
9.456202217E1,1.785903016E-2,6.974493735E-4,1.626704936E-3,9.998389482E-1,1.779533971E2,1.878044636E-1,-7.657992024E-2,1.779532684E2
9.456702217E1,1.785169543E-2,7.015189622E-4,1.632183790E-3,9.998390675E-1,1.779542377E2,1.884399600E-1,-7.703635504E-2,1.779541078E2
9.457202217E1,1.786180839E-2,6.938992883E-4,1.634337008E-3,9.998388886E-1,1.779530787E2,1.886718419E-1,-7.615703154E-2,1.779529501E2
9.457702217E1,1.785864646E-2,6.967696827E-4,1.631202409E-3,9.998389482E-1,1.779534411E2,1.883183343E-1,-7.649291354E-2,1.779533121E2
9.458202217E1,1.785571237E-2,6.993131246E-4,1.625690493E-3,9.998390079E-1,1.779537773E2,1.876917954E-1,-7.679615508E-2,1.779536483E2
9.458702217E1,1.786644999E-2,6.914198166E-4,1.621063333E-3,9.998388290E-1,1.779525467E2,1.871463069E-1,-7.589925234E-2,1.779524196E2
9.459202217E1,1.786363219E-2,6.937114522E-4,1.614361187E-3,9.998388886E-1,1.779528697E2,1.863828965E-1,-7.617605996E-2,1.779527426E2
9.459702217E1,1.784885845E-2,7.030164707E-4,1.626041951E-3,9.998391271E-1,1.779545629E2,1.877391127E-1,-7.722102692E-2,1.779544331E2
9.460202217E1,1.785409169E-2,7.002127822E-4,1.643010881E-3,9.998390079E-1,1.779539631E2,1.896779697E-1,-7.686409736E-2,1.779538326E2
9.460702217E1,1.786593547E-2,6.915022968E-4,1.626688987E-3,9.998388290E-1,1.779526057E2,1.877909876E-1,-7.589728061E-2,1.779524781E2
9.461202217E1,1.784315679E-2,7.072658045E-4,1.613425906E-3,9.998392463E-1,1.779552163E2,1.863018975E-1,-7.773475461E-2,1.779550868E2
9.461702217E1,1.784875661E-2,7.038356271E-4,1.626805286E-3,9.998391271E-1,1.779545745E2,1.878282386E-1,-7.731333802E-2,1.779544446E2
9.462202217E1,1.785201540E-2,7.023946964E-4,1.628302853E-3,9.998390675E-1,1.779542010E2,1.879971238E-1,-7.714457009E-2,1.779540713E2
9.462702217E1,1.784574544E-2,7.063939702E-4,1.622091047E-3,9.998391867E-1,1.779549196E2,1.872931115E-1,-7.761666231E-2,1.779547896E2
9.463202217E1,1.786742977E-2,6.908102660E-4,1.610489795E-3,9.998388290E-1,1.779524344E2,1.859336859E-1,-7.585088105E-2,1.779523082E2
9.463702217E1,1.786101449E-2,6.954664132E-4,1.605630852E-3,9.998389482E-1,1.779531697E2,1.853860247E-1,-7.639548904E-2,1.779530429E2
9.464202217E1,1.786656379E-2,6.907711504E-4,1.620085328E-3,9.998388290E-1,1.779525337E2,1.870329338E-1,-7.582691377E-2,1.779524067E2
9.464702217E1,1.788285144E-2,6.790187326E-4,1.629248611E-3,9.998385310E-1,1.779506669E2,1.880599502E-1,-7.445857719E-2,1.779505415E2
9.465202217E1,1.787021101E-2,6.891661906E-4,1.617325353E-3,9.998387694E-1,1.779521157E2,1.867137033E-1,-7.564799841E-2,1.779519892E2
9.465702217E1,1.786381192E-2,6.927448558E-4,1.612786786E-3,9.998388886E-1,1.779528491E2,1.862005466E-1,-7.606850354E-2,1.779527223E2
9.466202217E1,1.788024027E-2,6.828351179E-4,1.619705930E-3,9.998385906E-1,1.779509662E2,1.869742388E-1,-7.491587691E-2,1.779508408E2
9.466702217E1,1.787230578E-2,6.870812504E-4,1.631848165E-3,9.998387098E-1,1.779518756E2,1.883735200E-1,-7.537898428E-2,1.779517484E2
9.467202217E1,1.786660653E-2,6.911864039E-4,1.619436778E-3,9.998388290E-1,1.779525288E2,1.869594807E-1,-7.587581057E-2,1.779524018E2
9.467702217E1,1.786724731E-2,6.902585737E-4,1.612749067E-3,9.998388290E-1,1.779524553E2,1.861913950E-1,-7.578307987E-2,1.779523290E2
9.468202217E1,1.786635766E-2,6.908912328E-4,1.622305834E-3,9.998388290E-1,1.779525573E2,1.872875751E-1,-7.583616414E-2,1.779524302E2
9.468702217E1,1.786212165E-2,6.951662945E-4,1.630370156E-3,9.998388886E-1,1.779530428E2,1.882199635E-1,-7.631025737E-2,1.779529142E2
9.469202217E1,1.787596458E-2,6.849590573E-4,1.629182138E-3,9.998386502E-1,1.779514562E2,1.880639919E-1,-7.514061021E-2,1.779513297E2
9.469702217E1,1.787301822E-2,6.862528971E-4,1.624376746E-3,9.998387098E-1,1.779517939E2,1.875158504E-1,-7.529924621E-2,1.779516675E2
9.470202217E1,1.786952327E-2,6.902535097E-4,1.624444849E-3,9.998387694E-1,1.779521945E2,1.875315836E-1,-7.575812490E-2,1.779520673E2
9.470702217E1,1.787213641E-2,6.885384209E-4,1.633088454E-3,9.998387098E-1,1.779518950E2,1.885185963E-1,-7.554342851E-2,1.779517675E2
9.471202217E1,1.787269492E-2,6.877625710E-4,1.627292833E-3,9.998387098E-1,1.779518310E2,1.878530248E-1,-7.546630219E-2,1.779517041E2
9.471702217E1,1.786955484E-2,6.903572357E-4,1.624053461E-3,9.998387694E-1,1.779521909E2,1.874869557E-1,-7.577080469E-2,1.779520637E2
9.472202217E1,1.787889768E-2,6.834077649E-4,1.634219894E-3,9.998385906E-1,1.779511201E2,1.886382267E-1,-7.495200026E-2,1.779509935E2
9.472702217E1,1.787135845E-2,6.881654845E-4,1.641736366E-3,9.998387098E-1,1.779519841E2,1.895085951E-1,-7.548313544E-2,1.779518561E2
9.473202217E1,1.786508698E-2,6.931840908E-4,1.635269378E-3,9.998388290E-1,1.779527029E2,1.887774522E-1,-7.607256158E-2,1.779525744E2
9.473702217E1,1.787596765E-2,6.846231408E-4,1.629289705E-3,9.998386502E-1,1.779514559E2,1.880756283E-1,-7.510190228E-2,1.779513294E2
9.474202217E1,1.787221882E-2,6.865526666E-4,1.633022679E-3,9.998387098E-1,1.779518855E2,1.885069989E-1,-7.531603361E-2,1.779517584E2
9.474702217E1,1.786503490E-2,6.931971293E-4,1.635832712E-3,9.998388290E-1,1.779527089E2,1.888420180E-1,-7.607291196E-2,1.779525803E2
9.475202217E1,1.787552420E-2,6.847326295E-4,1.634101849E-3,9.998386502E-1,1.779515067E2,1.886271633E-1,-7.510467240E-2,1.779513799E2
9.475702217E1,1.788217845E-2,6.798022077E-4,1.636293367E-3,9.998385310E-1,1.779507441E2,1.888686480E-1,-7.453403230E-2,1.779506180E2
9.476202217E1,1.787443298E-2,6.856800755E-4,1.645600656E-3,9.998386502E-1,1.779516318E2,1.899464806E-1,-7.518987608E-2,1.779515039E2
9.476702217E1,1.786798936E-2,6.902858149E-4,1.641217386E-3,9.998387694E-1,1.779523703E2,1.894532217E-1,-7.572776960E-2,1.779522418E2
9.477202217E1,1.787862338E-2,6.826273166E-4,1.637543668E-3,9.998385906E-1,1.779511515E2,1.890174232E-1,-7.485582364E-2,1.779510248E2
9.477702217E1,1.787088572E-2,6.881752051E-4,1.646870165E-3,9.998387098E-1,1.779520383E2,1.900967766E-1,-7.547382483E-2,1.779519099E2
9.478202217E1,1.786441085E-2,6.938719889E-4,1.642348827E-3,9.998388290E-1,1.779527804E2,1.895899264E-1,-7.613701054E-2,1.779526512E2
9.478702217E1,1.786137011E-2,6.943278713E-4,1.638938440E-3,9.998388886E-1,1.779531289E2,1.891998881E-1,-7.619679970E-2,1.779529999E2
9.479202217E1,1.786474322E-2,6.927675568E-4,1.639196649E-3,9.998388290E-1,1.779527423E2,1.892265343E-1,-7.601686265E-2,1.779526135E2
9.479702217E1,1.785427202E-2,7.000770420E-4,1.641107956E-3,9.998390079E-1,1.779539424E2,1.894596810E-1,-7.685240450E-2,1.779538121E2
9.480202217E1,1.785483781E-2,7.004140643E-4,1.634796499E-3,9.998390079E-1,1.779538776E2,1.887372884E-1,-7.690382518E-2,1.779537477E2
9.480702217E1,1.785470894E-2,6.993931020E-4,1.636640052E-3,9.998390079E-1,1.779538923E2,1.889464115E-1,-7.678310247E-2,1.779537625E2
9.481202217E1,1.785397514E-2,7.000332698E-4,1.644353266E-3,9.998390079E-1,1.779539764E2,1.898313952E-1,-7.684080558E-2,1.779538459E2
9.481702217E1,1.784370954E-2,7.064814563E-4,1.644298085E-3,9.998391867E-1,1.779551530E2,1.898374714E-1,-7.758165668E-2,1.779550212E2
9.482202217E1,1.784059017E-2,7.094963221E-4,1.640600385E-3,9.998392463E-1,1.779555105E2,1.894197355E-1,-7.793523173E-2,1.779553784E2
9.482702217E1,1.784441782E-2,7.060555508E-4,1.636777422E-3,9.998391867E-1,1.779550718E2,1.889749863E-1,-7.754810427E-2,1.779549407E2
9.483202217E1,1.785087295E-2,7.033337606E-4,1.640377683E-3,9.998390675E-1,1.779543320E2,1.893824128E-1,-7.722767507E-2,1.779542011E2
9.483702217E1,1.784078430E-2,7.091895677E-4,1.638620743E-3,9.998392463E-1,1.779554882E2,1.891923087E-1,-7.790409659E-2,1.779553564E2
9.484202217E1,1.784813132E-2,7.043548976E-4,1.633427339E-3,9.998391271E-1,1.779546462E2,1.885879645E-1,-7.735940536E-2,1.779545157E2
9.484702217E1,1.784817341E-2,7.034834125E-4,1.633343054E-3,9.998391271E-1,1.779546414E2,1.885765282E-1,-7.725972100E-2,1.779545110E2
9.485202217E1,1.785437962E-2,6.991082919E-4,1.640350092E-3,9.998390079E-1,1.779539301E2,1.893708758E-1,-7.674294202E-2,1.779538000E2
9.485702217E1,1.785785558E-2,6.974072312E-4,1.639566966E-3,9.998389482E-1,1.779535317E2,1.892779354E-1,-7.654899045E-2,1.779534020E2
9.486202217E1,1.785796449E-2,6.970886607E-4,1.638515852E-3,9.998389482E-1,1.779535192E2,1.891568619E-1,-7.651462131E-2,1.779533897E2
9.486702217E1,1.785753910E-2,6.983929197E-4,1.642591669E-3,9.998389482E-1,1.779535680E2,1.896264795E-1,-7.665579388E-2,1.779534379E2
9.487202217E1,1.785430020E-2,6.989556714E-4,1.641279319E-3,9.998390079E-1,1.779539392E2,1.894770222E-1,-7.672356957E-2,1.779538091E2
9.487702217E1,1.785489418E-2,7.005295483E-4,1.634131186E-3,9.998390079E-1,1.779538711E2,1.886613017E-1,-7.691840723E-2,1.779537412E2
9.488202217E1,1.784833630E-2,7.052615983E-4,1.630794257E-3,9.998391271E-1,1.779546227E2,1.882881536E-1,-7.746863599E-2,1.779544922E2
9.488702217E1,1.785184038E-2,7.016541786E-4,1.630539424E-3,9.998390675E-1,1.779542211E2,1.882518470E-1,-7.705518394E-2,1.779540913E2
9.489202217E1,1.785525044E-2,7.000951446E-4,1.630420564E-3,9.998390079E-1,1.779538303E2,1.882353011E-1,-7.687616165E-2,1.779537008E2
9.489702217E1,1.784530275E-2,7.055430324E-4,1.627323334E-3,9.998391867E-1,1.779549704E2,1.878908183E-1,-7.750855028E-2,1.779548401E2
9.490202217E1,1.784872268E-2,7.031726418E-4,1.627464080E-3,9.998391271E-1,1.779545784E2,1.879023601E-1,-7.723603654E-2,1.779544486E2
9.490702217E1,1.785786476E-2,6.982134655E-4,1.639123773E-3,9.998389482E-1,1.779535307E2,1.892288081E-1,-7.664226850E-2,1.779534008E2
9.491202217E1,1.784891854E-2,7.038242766E-4,1.625032513E-3,9.998391271E-1,1.779545560E2,1.876251151E-1,-7.731563329E-2,1.779544262E2
9.491702217E1,1.783979182E-2,7.117192145E-4,1.611739979E-3,9.998393059E-1,1.779556020E2,1.861175791E-1,-7.824906976E-2,1.779554717E2
9.492202217E1,1.785516045E-2,6.987098604E-4,1.631999505E-3,9.998390079E-1,1.779538406E2,1.884133641E-1,-7.671423141E-2,1.779537112E2
9.492702217E1,1.784463515E-2,7.073599263E-4,1.633842243E-3,9.998391867E-1,1.779550469E2,1.886413770E-1,-7.770351202E-2,1.779549157E2
9.493202217E1,1.782911339E-2,7.189114112E-4,1.615776448E-3,9.998394847E-1,1.779568258E2,1.865939130E-1,-7.906684331E-2,1.779566939E2
9.493702217E1,1.784613885E-2,7.053413428E-4,1.618216280E-3,9.998391867E-1,1.779548746E2,1.868470432E-1,-7.750391023E-2,1.779547450E2
9.494202217E1,1.784195120E-2,7.082641823E-4,1.626269193E-3,9.998392463E-1,1.779553545E2,1.877753464E-1,-7.782310629E-2,1.779552238E2
9.494702217E1,1.782487839E-2,7.219276158E-4,1.624251367E-3,9.998395443E-1,1.779573112E2,1.875707419E-1,-7.939589808E-2,1.779571780E2
9.495202217E1,1.783923802E-2,7.122087991E-4,1.617642585E-3,9.998393059E-1,1.779556655E2,1.867948193E-1,-7.829319907E-2,1.779555346E2
9.495702217E1,1.783296773E-2,7.165466668E-4,1.611168729E-3,9.998394251E-1,1.779563841E2,1.860614617E-1,-7.880460417E-2,1.779562530E2
9.496202217E1,1.781901602E-2,7.245520246E-4,1.613993081E-3,9.998396635E-1,1.779579831E2,1.864003076E-1,-7.971863275E-2,1.779578502E2
9.496702217E1,1.783924909E-2,7.111877785E-4,1.617969712E-3,9.998393059E-1,1.779556642E2,1.868302127E-1,-7.817554665E-2,1.779555335E2
9.497202217E1,1.783569706E-2,7.145380951E-4,1.618819777E-3,9.998393655E-1,1.779560713E2,1.869341787E-1,-7.855832937E-2,1.779559399E2
9.497702217E1,1.782199225E-2,7.233310025E-4,1.618596842E-3,9.998396039E-1,1.779576420E2,1.869255201E-1,-7.956877879E-2,1.779575090E2
9.498202217E1,1.783643399E-2,7.123836549E-4,1.611633925E-3,9.998393655E-1,1.779559868E2,1.861065236E-1,-7.832603865E-2,1.779558564E2
9.498702217E1,1.782891227E-2,7.176826475E-4,1.618539565E-3,9.998394847E-1,1.779568489E2,1.869079664E-1,-7.892045189E-2,1.779567170E2
9.499202217E1,1.781508219E-2,7.284478634E-4,1.618734444E-3,9.998397231E-1,1.779584340E2,1.869511838E-1,-8.015604508E-2,1.779583000E2
9.499702217E1,1.782627882E-2,7.205816219E-4,1.609412022E-3,9.998395443E-1,1.779571507E2,1.858679062E-1,-7.927173545E-2,1.779570190E2
9.500202217E1,1.783314485E-2,7.157922955E-4,1.609542756E-3,9.998394251E-1,1.779563638E2,1.858736403E-1,-7.872146341E-2,1.779562329E2
9.500702217E1,1.780872411E-2,7.320419536E-4,1.613434404E-3,9.998398423E-1,1.779591627E2,1.863507653E-1,-8.057983722E-2,1.779590284E2
9.501202217E1,1.781915170E-2,7.248062757E-4,1.612380147E-3,9.998396635E-1,1.779579676E2,1.862160380E-1,-7.975103154E-2,1.779578348E2
9.501702217E1,1.783666923E-2,7.124675903E-4,1.608991181E-3,9.998393655E-1,1.779559599E2,1.858039250E-1,-7.834101356E-2,1.779558297E2
9.502202217E1,1.783338928E-2,7.159143570E-4,1.606777892E-3,9.998394251E-1,1.779563358E2,1.855571287E-1,-7.874105347E-2,1.779562051E2
9.502702217E1,1.782987957E-2,7.177064545E-4,1.607838203E-3,9.998394847E-1,1.779567380E2,1.856819981E-1,-7.894486467E-2,1.779566069E2
9.503202217E1,1.784358575E-2,7.079192437E-4,1.608387451E-3,9.998392463E-1,1.779551672E2,1.857259936E-1,-7.781984422E-2,1.779550379E2
9.503702217E1,1.783726327E-2,7.131035090E-4,1.602109289E-3,9.998393655E-1,1.779558918E2,1.850167888E-1,-7.842782991E-2,1.779557620E2
9.504202217E1,1.783109282E-2,7.167342119E-4,1.594764064E-3,9.998394847E-1,1.779565990E2,1.841821562E-1,-7.885996244E-2,1.779564691E2
9.504702217E1,1.783036834E-2,7.180140237E-4,1.602270990E-3,9.998394847E-1,1.779566820E2,1.850448098E-1,-7.899138883E-2,1.779565513E2
9.505202217E1,1.780635786E-2,7.343307370E-4,1.601530006E-3,9.998399019E-1,1.779594338E2,1.849913157E-1,-8.086680369E-2,1.779593001E2
9.505702217E1,1.781716191E-2,7.274689851E-4,1.596126938E-3,9.998397231E-1,1.779581956E2,1.843591282E-1,-8.008966370E-2,1.779580636E2
9.506202217E1,1.782407778E-2,7.222101558E-4,1.595974667E-3,9.998396039E-1,1.779574030E2,1.843314927E-1,-7.948617846E-2,1.779572720E2
9.506702217E1,1.781732377E-2,7.273834199E-4,1.594358124E-3,9.998397231E-1,1.779581770E2,1.841563070E-1,-8.008344202E-2,1.779580452E2
9.507202217E1,1.782152220E-2,7.249386981E-4,1.585904043E-3,9.998396635E-1,1.779576959E2,1.831830354E-1,-7.981983507E-2,1.779575652E2
9.507702217E1,1.783230174E-2,7.171157631E-4,1.581015880E-3,9.998394847E-1,1.779564604E2,1.826078530E-1,-7.893155058E-2,1.779563316E2
9.508202217E1,1.782429836E-2,7.226913003E-4,1.593291061E-3,9.998396039E-1,1.779573777E2,1.840250229E-1,-7.954674574E-2,1.779572468E2
9.508702217E1,1.781077206E-2,7.309305365E-4,1.591178705E-3,9.998398423E-1,1.779589279E2,1.837987457E-1,-8.049754297E-2,1.779587957E2
9.509202217E1,1.783164389E-2,7.158403168E-4,1.588993473E-3,9.998394847E-1,1.779565358E2,1.835192156E-1,-7.876923664E-2,1.779564066E2
9.509702217E1,1.782749375E-2,7.202053093E-4,1.596067799E-3,9.998395443E-1,1.779570115E2,1.843383384E-1,-7.925565670E-2,1.779568808E2
9.510202217E1,1.782012031E-2,7.260427228E-4,1.601079362E-3,9.998396635E-1,1.779578565E2,1.849238692E-1,-7.991559302E-2,1.779577244E2
9.510702217E1,1.782433311E-2,7.211116608E-4,1.593618072E-3,9.998396039E-1,1.779573737E2,1.840592653E-1,-7.936508698E-2,1.779572431E2
9.511202217E1,1.782458665E-2,7.226142916E-4,1.590097672E-3,9.998396039E-1,1.779573447E2,1.836590105E-1,-7.954439262E-2,1.779572140E2
9.511702217E1,1.781401011E-2,7.292348309E-4,1.593160676E-3,9.998397827E-1,1.779585568E2,1.840226257E-1,-8.029861908E-2,1.779584247E2
9.512202217E1,1.781753392E-2,7.263249136E-4,1.592491171E-3,9.998397231E-1,1.779581530E2,1.839402588E-1,-7.996593889E-2,1.779580215E2
9.512702217E1,1.782481577E-2,7.216303493E-4,1.587974722E-3,9.998396039E-1,1.779573184E2,1.834137846E-1,-7.943595365E-2,1.779571881E2
9.513202217E1,1.781810985E-2,7.268020418E-4,1.585815568E-3,9.998397231E-1,1.779580870E2,1.831764313E-1,-8.003413024E-2,1.779579559E2
9.513702217E1,1.781418744E-2,7.300610305E-4,1.590797794E-3,9.998397827E-1,1.779585365E2,1.837536030E-1,-8.039807062E-2,1.779584045E2
9.514202217E1,1.781415454E-2,7.289747009E-4,1.591664157E-3,9.998397827E-1,1.779585403E2,1.838506447E-1,-8.027184368E-2,1.779584084E2
9.514702217E1,1.781112555E-2,7.305338513E-4,1.587399631E-3,9.998398423E-1,1.779588874E2,1.833649822E-1,-8.045974209E-2,1.779587556E2
9.515202217E1,1.781783003E-2,7.260682760E-4,1.589291962E-3,9.998397231E-1,1.779581190E2,1.835732134E-1,-7.994301311E-2,1.779579878E2
9.515702217E1,1.782444029E-2,7.223265711E-4,1.591868117E-3,9.998396039E-1,1.779573614E2,1.838612572E-1,-7.950783801E-2,1.779572307E2
9.516202217E1,1.781777698E-2,7.273152005E-4,1.589316525E-3,9.998397231E-1,1.779581251E2,1.835785699E-1,-8.008583688E-2,1.779579937E2
9.516702217E1,1.782141840E-2,7.233956130E-4,1.587773906E-3,9.998396635E-1,1.779577078E2,1.833941121E-1,-7.963923898E-2,1.779575772E2
9.517202217E1,1.782801955E-2,7.189295720E-4,1.590761007E-3,9.998395443E-1,1.779569512E2,1.837277551E-1,-7.912023660E-2,1.779568212E2
9.517702217E1,1.782176973E-2,7.242212305E-4,1.583448262E-3,9.998396635E-1,1.779576675E2,1.829002220E-1,-7.974260272E-2,1.779575371E2
9.518202217E1,1.781531027E-2,7.279145066E-4,1.579164760E-3,9.998397827E-1,1.779584078E2,1.824164718E-1,-8.017568026E-2,1.779582771E2
9.518702217E1,1.782838489E-2,7.203215500E-4,1.586029772E-3,9.998395443E-1,1.779569093E2,1.831885539E-1,-7.928931933E-2,1.779567795E2
9.519202217E1,1.782160554E-2,7.239072002E-4,1.585438615E-3,9.998396635E-1,1.779576863E2,1.831276093E-1,-7.970258830E-2,1.779575558E2
9.519702217E1,1.781188966E-2,7.317312411E-4,1.578247990E-3,9.998398423E-1,1.779587999E2,1.823189516E-1,-8.061547138E-2,1.779586685E2
9.520202217E1,1.781523679E-2,7.277281838E-4,1.580079319E-3,9.998397827E-1,1.779584162E2,1.825208697E-1,-8.015247889E-2,1.779582855E2
9.520702217E1,1.781831413E-2,7.262798608E-4,1.583758160E-3,9.998397231E-1,1.779580635E2,1.829396566E-1,-7.997846600E-2,1.779579328E2
9.521202217E1,1.780826128E-2,7.332873647E-4,1.580708777E-3,9.998399019E-1,1.779592157E2,1.826037765E-1,-8.078940117E-2,1.779590839E2
9.521702217E1,1.781524835E-2,7.282692241E-4,1.579699572E-3,9.998397827E-1,1.779584149E2,1.824784665E-1,-8.021524081E-2,1.779582841E2
9.522202217E1,1.782205673E-2,7.247999893E-4,1.579949399E-3,9.998396635E-1,1.779576346E2,1.825005498E-1,-7.981600652E-2,1.779575044E2
9.522702217E1,1.781126290E-2,7.316820556E-4,1.585328253E-3,9.998398423E-1,1.779588717E2,1.831300120E-1,-8.059549841E-2,1.779587398E2
9.523202217E1,1.780137805E-2,7.384424098E-4,1.580437412E-3,9.998400211E-1,1.779600046E2,1.825826469E-1,-8.138184228E-2,1.779598718E2
9.523702217E1,1.780491790E-2,7.350519882E-4,1.579850446E-3,9.998399615E-1,1.779595989E2,1.825087654E-1,-8.099394182E-2,1.779594668E2
9.524202217E1,1.780432806E-2,7.357049035E-4,1.586181228E-3,9.998399615E-1,1.779596665E2,1.832353905E-1,-8.105593906E-2,1.779595338E2
9.524702217E1,1.780073083E-2,7.386380457E-4,1.587619539E-3,9.998400211E-1,1.779600788E2,1.834058757E-1,-8.138972394E-2,1.779599454E2
9.525202217E1,1.780812267E-2,7.332643727E-4,1.582280267E-3,9.998399019E-1,1.779592316E2,1.827837697E-1,-8.078358512E-2,1.779590996E2
9.525702217E1,1.781192848E-2,7.303652819E-4,1.578442520E-3,9.998398423E-1,1.779587954E2,1.823384541E-1,-8.045856482E-2,1.779586643E2
9.526202217E1,1.781516475E-2,7.298293058E-4,1.579922391E-3,9.998397827E-1,1.779584245E2,1.825071744E-1,-8.039354480E-2,1.779582934E2
9.526702217E1,1.781172764E-2,7.307250635E-4,1.580541022E-3,9.998398423E-1,1.779588184E2,1.825796055E-1,-8.049553932E-2,1.779586871E2
9.527202217E1,1.781545007E-2,7.285049069E-4,1.577314222E-3,9.998397827E-1,1.779583918E2,1.822056657E-1,-8.024707695E-2,1.779582611E2
9.527702217E1,1.781171985E-2,7.318583084E-4,1.580104465E-3,9.998398423E-1,1.779588193E2,1.825319003E-1,-8.062627141E-2,1.779586878E2
9.528202217E1,1.780850019E-2,7.329438231E-4,1.578174531E-3,9.998399019E-1,1.779591883E2,1.823127369E-1,-8.075516884E-2,1.779590567E2
9.528702217E1,1.781477170E-2,7.300935686E-4,1.584226382E-3,9.998397827E-1,1.779584695E2,1.830008061E-1,-8.041510715E-2,1.779583380E2
9.529202217E1,1.780130279E-2,7.382521871E-4,1.581373625E-3,9.998400211E-1,1.779600132E2,1.826895178E-1,-8.135815170E-2,1.779598804E2
9.529702217E1,1.780148056E-2,7.375939749E-4,1.579678734E-3,9.998400211E-1,1.779599928E2,1.824939996E-1,-8.128616332E-2,1.779598603E2
9.530202217E1,1.781481387E-2,7.283202722E-4,1.584568410E-3,9.998397827E-1,1.779584647E2,1.830363761E-1,-8.021122882E-2,1.779583335E2
9.530702217E1,1.781714044E-2,7.262564031E-4,1.596918679E-3,9.998397231E-1,1.779581981E2,1.844473628E-1,-7.994912161E-2,1.779580662E2
9.531202217E1,1.780740559E-2,7.333554677E-4,1.590288128E-3,9.998399019E-1,1.779593138E2,1.837013872E-1,-8.077781151E-2,1.779591811E2
9.531702217E1,1.781183421E-2,7.307068445E-4,1.579347998E-3,9.998398423E-1,1.779588062E2,1.824428878E-1,-8.049586767E-2,1.779586750E2
9.532202217E1,1.781502141E-2,7.282077568E-4,1.582285156E-3,9.998397827E-1,1.779584409E2,1.827745624E-1,-8.020296103E-2,1.779583099E2
9.532702217E1,1.780411435E-2,7.357306895E-4,1.588566229E-3,9.998399615E-1,1.779596910E2,1.835086840E-1,-8.105406640E-2,1.779595580E2
9.533202217E1,1.780108074E-2,7.399806054E-4,1.583064441E-3,9.998400211E-1,1.779600387E2,1.828867491E-1,-8.155277358E-2,1.779599054E2
9.533702217E1,1.781169858E-2,7.321945741E-4,1.580188400E-3,9.998398423E-1,1.779588218E2,1.825422019E-1,-8.066463102E-2,1.779586902E2
9.534202217E1,1.780477666E-2,7.355341222E-4,1.581217162E-3,9.998399615E-1,1.779596151E2,1.826663274E-1,-8.104641861E-2,1.779594828E2
9.534702217E1,1.780078715E-2,7.379979361E-4,1.587285660E-3,9.998400211E-1,1.779600723E2,1.833663205E-1,-8.131705525E-2,1.779599391E2
9.535202217E1,1.781456404E-2,7.290481008E-4,1.587040490E-3,9.998397827E-1,1.779584933E2,1.833210772E-1,-8.028961741E-2,1.779583618E2
9.535702217E1,1.781812356E-2,7.255130331E-4,1.586251776E-3,9.998397231E-1,1.779580854E2,1.832237779E-1,-7.988555112E-2,1.779579545E2
9.536202217E1,1.781123032E-2,7.325724582E-4,1.585283084E-3,9.998398423E-1,1.779588754E2,1.831266518E-1,-8.069761290E-2,1.779587433E2
9.536702217E1,1.780456780E-2,7.356047863E-4,1.583534409E-3,9.998399615E-1,1.779596390E2,1.829319500E-1,-8.104982491E-2,1.779595065E2
9.537202217E1,1.781835827E-2,7.267810870E-4,1.583031495E-3,9.998397231E-1,1.779580585E2,1.828574272E-1,-8.003736886E-2,1.779579277E2
9.537702217E1,1.781822753E-2,7.269611815E-4,1.584419748E-3,9.998397231E-1,1.779580735E2,1.830168416E-1,-8.005519203E-2,1.779579425E2
9.538202217E1,1.780841283E-2,7.330734516E-4,1.579099800E-3,9.998399019E-1,1.779591983E2,1.824190059E-1,-8.076814840E-2,1.779590667E2
9.538702217E1,1.780188956E-2,7.377594011E-4,1.574985450E-3,9.998400211E-1,1.779599460E2,1.819566438E-1,-8.131461677E-2,1.779598138E2
9.539202217E1,1.780491395E-2,7.374305278E-4,1.578786061E-3,9.998399615E-1,1.779595993E2,1.823916684E-1,-8.126863141E-2,1.779594669E2
9.539702217E1,1.780777898E-2,7.340342854E-4,1.585787395E-3,9.998399019E-1,1.779592710E2,1.831871376E-1,-8.086470217E-2,1.779591386E2
9.540202217E1,1.780775512E-2,7.352147950E-4,1.585508464E-3,9.998399019E-1,1.779592737E2,1.831575870E-1,-8.100053061E-2,1.779591411E2
9.540702217E1,1.781134939E-2,7.325774059E-4,1.583942445E-3,9.998398423E-1,1.779588618E2,1.829730697E-1,-8.070089443E-2,1.779587298E2
9.541202217E1,1.782084064E-2,7.241528947E-4,1.593901659E-3,9.998396635E-1,1.779577740E2,1.840976915E-1,-7.971359475E-2,1.779576428E2
9.541702217E1,1.781671845E-2,7.282770821E-4,1.600702060E-3,9.998397231E-1,1.779582464E2,1.848849311E-1,-8.017299036E-2,1.779581139E2
9.542202217E1,1.780727158E-2,7.346661296E-4,1.591183478E-3,9.998399019E-1,1.779593291E2,1.838066349E-1,-8.092617580E-2,1.779591962E2
9.542702217E1,1.781449472E-2,7.298652781E-4,1.587443054E-3,9.998397827E-1,1.779585013E2,1.833688633E-1,-8.038243495E-2,1.779583695E2
9.543202217E1,1.781753185E-2,7.267154870E-4,1.592336106E-3,9.998397231E-1,1.779581532E2,1.839232898E-1,-8.001100516E-2,1.779580217E2
9.543702217E1,1.780705571E-2,7.353844703E-4,1.593266148E-3,9.998399019E-1,1.779593539E2,1.840467026E-1,-8.100426808E-2,1.779592206E2
9.544202217E1,1.781086968E-2,7.328611682E-4,1.589196734E-3,9.998398423E-1,1.779589168E2,1.835756131E-1,-8.072276921E-2,1.779587843E2
9.544702217E1,1.781755023E-2,7.276184042E-4,1.591717941E-3,9.998397231E-1,1.779581511E2,1.838543097E-1,-8.011571415E-2,1.779580194E2
9.545202217E1,1.781653878E-2,7.286933833E-4,1.602511387E-3,9.998397231E-1,1.779582670E2,1.850930678E-1,-8.021702635E-2,1.779581343E2
9.545702217E1,1.780605453E-2,7.352649700E-4,1.604471239E-3,9.998399019E-1,1.779594686E2,1.853301855E-1,-8.096789617E-2,1.779593345E2
9.546202217E1,1.781038847E-2,7.330580847E-4,1.594490139E-3,9.998398423E-1,1.779589719E2,1.841824607E-1,-8.073461479E-2,1.779588390E2
9.546702217E1,1.781075295E-2,7.307908963E-4,1.591456705E-3,9.998398423E-1,1.779589301E2,1.838303105E-1,-8.048098002E-2,1.779587979E2
9.547202217E1,1.781419684E-2,7.283391897E-4,1.591481618E-3,9.998397827E-1,1.779585354E2,1.838284363E-1,-8.019939597E-2,1.779584036E2
9.547702217E1,1.780781580E-2,7.331238594E-4,1.585795078E-3,9.998399019E-1,1.779592668E2,1.831861627E-1,-8.076036926E-2,1.779591345E2
9.548202217E1,1.781139560E-2,7.317269919E-4,1.583815902E-3,9.998398423E-1,1.779588565E2,1.829568388E-1,-8.060370957E-2,1.779587247E2
9.548702217E1,1.780784519E-2,7.345813210E-4,1.584790298E-3,9.998399019E-1,1.779592634E2,1.830740185E-1,-8.092940054E-2,1.779591310E2
9.549202217E1,1.780464086E-2,7.355803973E-4,1.582724042E-3,9.998399615E-1,1.779596306E2,1.828390595E-1,-8.104867068E-2,1.779594982E2
9.549702217E1,1.780458515E-2,7.367098588E-4,1.582825440E-3,9.998399615E-1,1.779596370E2,1.828529773E-1,-8.117788007E-2,1.779595044E2
9.550202217E1,1.780747029E-2,7.350500091E-4,1.588780549E-3,9.998399019E-1,1.779593064E2,1.835321223E-1,-8.097502531E-2,1.779591735E2
9.550702217E1,1.781040356E-2,7.328580832E-4,1.594413538E-3,9.998398423E-1,1.779589702E2,1.841732772E-1,-8.071185353E-2,1.779588373E2
9.551202217E1,1.780405114E-2,7.377155125E-4,1.588354120E-3,9.998399615E-1,1.779596982E2,1.834884270E-1,-8.128191844E-2,1.779595649E2
9.551702217E1,1.780465053E-2,7.359669544E-4,1.582435565E-3,9.998399615E-1,1.779596295E2,1.828067972E-1,-8.109354663E-2,1.779594971E2
9.552202217E1,1.781143257E-2,7.325245533E-4,1.583031262E-3,9.998398423E-1,1.779588522E2,1.828685710E-1,-8.069668360E-2,1.779587204E2
9.552702217E1,1.780803919E-2,7.346130442E-4,1.582594123E-3,9.998399019E-1,1.779592412E2,1.828224752E-1,-8.093748157E-2,1.779591089E2
9.553202217E1,1.780835966E-2,7.328921347E-4,1.579783391E-3,9.998399019E-1,1.779592044E2,1.824969530E-1,-8.074598895E-2,1.779590727E2
9.553702217E1,1.781499622E-2,7.298050914E-4,1.581832767E-3,9.998397827E-1,1.779584438E2,1.827259900E-1,-8.038690105E-2,1.779583125E2
9.554202217E1,1.782123102E-2,7.235676167E-4,1.589797437E-3,9.998396635E-1,1.779577292E2,1.836262917E-1,-7.965484771E-2,1.779575985E2
9.554702217E1,1.782101763E-2,7.253125077E-4,1.591393608E-3,9.998396635E-1,1.779577537E2,1.838127177E-1,-7.985154490E-2,1.779576225E2
9.555202217E1,1.781442296E-2,7.289951318E-4,1.588647719E-3,9.998397827E-1,1.779585095E2,1.835051038E-1,-8.028029327E-2,1.779583778E2
9.555702217E1,1.781758814E-2,7.279323181E-4,1.591149950E-3,9.998397231E-1,1.779581467E2,1.837898771E-1,-8.015283308E-2,1.779580151E2
9.556202217E1,1.782109418E-2,7.255604723E-4,1.590423053E-3,9.998396635E-1,1.779577449E2,1.837020304E-1,-7.988192309E-2,1.779576137E2
9.556702217E1,1.781402723E-2,7.290475187E-4,1.593054971E-3,9.998397827E-1,1.779585549E2,1.840101337E-1,-8.027737075E-2,1.779584228E2
9.557202217E1,1.780722824E-2,7.337422576E-4,1.592094544E-3,9.998399019E-1,1.779593341E2,1.839091300E-1,-8.081847353E-2,1.779592013E2
9.557702217E1,1.781808463E-2,7.272879011E-4,1.585876220E-3,9.998397231E-1,1.779580898E2,1.831843707E-1,-8.008967749E-2,1.779579587E2
9.558202217E1,1.782138873E-2,7.254293305E-4,1.587179024E-3,9.998396635E-1,1.779577112E2,1.833301060E-1,-7.987346895E-2,1.779575803E2
9.558702217E1,1.780708986E-2,7.346195052E-4,1.593237394E-3,9.998399019E-1,1.779593500E2,1.840418496E-1,-8.091667593E-2,1.779592169E2
9.559202217E1,1.779984731E-2,7.390030660E-4,1.597325900E-3,9.998400211E-1,1.779601800E2,1.845186414E-1,-8.141190807E-2,1.779600458E2
9.559702217E1,1.781029257E-2,7.331332890E-4,1.595526468E-3,9.998398423E-1,1.779589829E2,1.843013425E-1,-8.074113366E-2,1.779588499E2
9.560202217E1,1.781297120E-2,7.304812898E-4,1.604167977E-3,9.998397827E-1,1.779586759E2,1.852862333E-1,-8.041915137E-2,1.779585427E2
9.560702217E1,1.779881334E-2,7.406739169E-4,1.608037855E-3,9.998400211E-1,1.779602985E2,1.857492735E-1,-8.158168424E-2,1.779601631E2
9.561202217E1,1.780587488E-2,7.350156084E-4,1.606577775E-3,9.998399019E-1,1.779594892E2,1.855710154E-1,-8.093506082E-2,1.779593550E2
9.561702217E1,1.781266082E-2,7.309432840E-4,1.607400714E-3,9.998397827E-1,1.779587115E2,1.856575379E-1,-8.046554202E-2,1.779585779E2
9.562202217E1,1.780572008E-2,7.358064177E-4,1.607930870E-3,9.998399019E-1,1.779595069E2,1.857276458E-1,-8.102293413E-2,1.779593724E2
9.562702217E1,1.779239380E-2,7.452202262E-4,1.602850272E-3,9.998401403E-1,1.779610343E2,1.851636605E-1,-8.211433995E-2,1.779608984E2
9.563202217E1,1.780294563E-2,7.366208010E-4,1.601201715E-3,9.998399615E-1,1.779598249E2,1.849580990E-1,-8.113048493E-2,1.779596908E2
9.563702217E1,1.780661395E-2,7.351755630E-4,1.598291914E-3,9.998399019E-1,1.779594045E2,1.846220606E-1,-8.097015851E-2,1.779592709E2
9.564202217E1,1.780020217E-2,7.400378236E-4,1.592886285E-3,9.998400211E-1,1.779601394E2,1.840121186E-1,-8.153945448E-2,1.779600053E2
9.564702217E1,1.780733324E-2,7.351332461E-4,1.590277418E-3,9.998399019E-1,1.779593221E2,1.837037827E-1,-8.098153253E-2,1.779591891E2
9.565202217E1,1.781371482E-2,7.296628319E-4,1.596263493E-3,9.998397827E-1,1.779585907E2,1.843789769E-1,-8.034137669E-2,1.779584583E2
9.565702217E1,1.780700441E-2,7.338191499E-4,1.594560686E-3,9.998399019E-1,1.779593597E2,1.841918237E-1,-8.082229193E-2,1.779592267E2
9.566202217E1,1.780698534E-2,7.347625797E-4,1.594339148E-3,9.998399019E-1,1.779593619E2,1.841683651E-1,-8.093083936E-2,1.779592287E2
9.566702217E1,1.781423228E-2,7.304829196E-4,1.590101747E-3,9.998397827E-1,1.779585314E2,1.836747194E-1,-8.044782056E-2,1.779583993E2
9.567202217E1,1.780752179E-2,7.346192724E-4,1.588402549E-3,9.998399019E-1,1.779593005E2,1.834879384E-1,-8.092643635E-2,1.779591677E2
9.567702217E1,1.780070584E-2,7.385773351E-4,1.587927924E-3,9.998400211E-1,1.779600816E2,1.834410825E-1,-8.138214363E-2,1.779599482E2
9.568202217E1,1.780782871E-2,7.350316155E-4,1.584766665E-3,9.998399019E-1,1.779592653E2,1.830722286E-1,-8.098104349E-2,1.779591328E2
9.568702217E1,1.781134867E-2,7.316976553E-4,1.584357116E-3,9.998398423E-1,1.779588619E2,1.830187841E-1,-8.059925225E-2,1.779587300E2
9.569202217E1,1.780473049E-2,7.369956002E-4,1.581056509E-3,9.998399615E-1,1.779596204E2,1.826508994E-1,-8.121420116E-2,1.779594878E2
9.569702217E1,1.780498585E-2,7.359702140E-4,1.578656607E-3,9.998399615E-1,1.779595911E2,1.823738622E-1,-8.110156951E-2,1.779594589E2
9.570202217E1,1.779464357E-2,7.439027540E-4,1.578299212E-3,9.998401403E-1,1.779607764E2,1.823482538E-1,-8.201304203E-2,1.779606428E2
9.570702217E1,1.779094307E-2,7.470974233E-4,1.580746495E-3,9.998401999E-1,1.779612005E2,1.826348586E-1,-8.237475113E-2,1.779610661E2
9.571202217E1,1.779788509E-2,7.407076191E-4,1.581008662E-3,9.998400807E-1,1.779604049E2,1.826524335E-1,-8.164084748E-2,1.779602717E2
9.571702217E1,1.780086093E-2,7.401998155E-4,1.585431863E-3,9.998400211E-1,1.779600639E2,1.831584226E-1,-8.157309994E-2,1.779599303E2
9.572202217E1,1.779053473E-2,7.468101103E-4,1.585470862E-3,9.998401999E-1,1.779612473E2,1.831755270E-1,-8.233227536E-2,1.779611126E2
9.572702217E1,1.779091116E-2,7.450187113E-4,1.582086086E-3,9.998401999E-1,1.779612042E2,1.827840991E-1,-8.213386087E-2,1.779610701E2
9.573202217E1,1.779796813E-2,7.410213002E-4,1.579926466E-3,9.998400807E-1,1.779603954E2,1.825290889E-1,-8.167897906E-2,1.779602622E2
9.573702217E1,1.779470204E-2,7.429683465E-4,1.578080119E-3,9.998401403E-1,1.779607697E2,1.823212505E-1,-8.190642000E-2,1.779606363E2
9.574202217E1,1.779163254E-2,7.467377582E-4,1.573138055E-3,9.998401999E-1,1.779611215E2,1.817624553E-1,-8.234893007E-2,1.779609878E2
9.574702217E1,1.780523151E-2,7.353512920E-4,1.576172421E-3,9.998399615E-1,1.779595629E2,1.820879968E-1,-8.103568167E-2,1.779594311E2
9.575202217E1,1.780428150E-2,7.359561860E-4,1.586587168E-3,9.998399615E-1,1.779596718E2,1.832824096E-1,-8.108390958E-2,1.779595390E2
9.575702217E1,1.779015942E-2,7.453814615E-4,1.590347034E-3,9.998401999E-1,1.779612903E2,1.837312640E-1,-8.215871786E-2,1.779611555E2
9.576202217E1,1.780376259E-2,7.366669015E-4,1.592070912E-3,9.998399615E-1,1.779597313E2,1.839121101E-1,-8.115424524E-2,1.779595979E2
9.576702217E1,1.781045561E-2,7.329493528E-4,1.593790017E-3,9.998398423E-1,1.779589642E2,1.841020287E-1,-8.072357365E-2,1.779588314E2
9.577202217E1,1.779340960E-2,7.450407720E-4,1.591618173E-3,9.998401403E-1,1.779609178E2,1.838764753E-1,-8.211649469E-2,1.779607829E2
9.577702217E1,1.779073189E-2,7.468740223E-4,1.583226840E-3,9.998401999E-1,1.779612247E2,1.829185678E-1,-8.234413697E-2,1.779610902E2
9.578202217E1,1.780431301E-2,7.375347195E-4,1.585500198E-3,9.998399615E-1,1.779596682E2,1.831610952E-1,-8.126697937E-2,1.779595352E2
9.578702217E1,1.779719642E-2,7.422270719E-4,1.588032814E-3,9.998400807E-1,1.779604838E2,1.834602592E-1,-8.180073591E-2,1.779603497E2
9.579202217E1,1.779722397E-2,7.421140326E-4,1.587776933E-3,9.998400807E-1,1.779604807E2,1.834307137E-1,-8.178830146E-2,1.779603466E2
9.579702217E1,1.780805569E-2,7.334749098E-4,1.582936384E-3,9.998399019E-1,1.779592393E2,1.828593676E-1,-8.080638029E-2,1.779591072E2
9.580202217E1,1.779752705E-2,7.412240375E-4,1.584792626E-3,9.998400807E-1,1.779604459E2,1.830870002E-1,-8.169236293E-2,1.779603123E2
9.580702217E1,1.779684296E-2,7.422773633E-4,1.591965673E-3,9.998400807E-1,1.779605243E2,1.839109349E-1,-8.179854173E-2,1.779603899E2
9.581202217E1,1.779669577E-2,7.407005178E-4,1.594343805E-3,9.998400807E-1,1.779605412E2,1.841801777E-1,-8.161305426E-2,1.779604069E2
9.581702217E1,1.779362080E-2,7.430196856E-4,1.590201282E-3,9.998401403E-1,1.779608936E2,1.837100325E-1,-8.188778256E-2,1.779607592E2
9.582202217E1,1.779331563E-2,7.450997364E-4,1.592640765E-3,9.998401403E-1,1.779609286E2,1.839937499E-1,-8.212118255E-2,1.779607936E2
9.582702217E1,1.779310576E-2,7.436533342E-4,1.595658716E-3,9.998401403E-1,1.779609527E2,1.843365606E-1,-8.194934827E-2,1.779608177E2
9.583202217E1,1.779355784E-2,7.449720288E-4,1.589992316E-3,9.998401403E-1,1.779609009E2,1.836900670E-1,-8.211190662E-2,1.779607661E2
9.583702217E1,1.779420805E-2,7.443418726E-4,1.582995406E-3,9.998401403E-1,1.779608263E2,1.828871737E-1,-8.205385623E-2,1.779606923E2
9.584202217E1,1.780408769E-2,7.362528704E-4,1.588623156E-3,9.998399615E-1,1.779596940E2,1.835162697E-1,-8.111378312E-2,1.779595610E2
9.584702217E1,1.780343620E-2,7.376660942E-4,1.595254987E-3,9.998399615E-1,1.779597687E2,1.842789336E-1,-8.126228971E-2,1.779596349E2
9.585202217E1,1.779988600E-2,7.403698401E-4,1.596261514E-3,9.998400211E-1,1.779601756E2,1.843994824E-1,-8.157066791E-2,1.779600412E2
9.585702217E1,1.780705741E-2,7.351884851E-4,1.593337627E-3,9.998399019E-1,1.779593537E2,1.840544923E-1,-8.098166724E-2,1.779592205E2
9.586202217E1,1.781057842E-2,7.312162197E-4,1.593213645E-3,9.998398423E-1,1.779589501E2,1.840324637E-1,-8.052615675E-2,1.779588177E2
9.586702217E1,1.780338077E-2,7.367714425E-4,1.596286660E-3,9.998399615E-1,1.779597751E2,1.843953060E-1,-8.115769188E-2,1.779596413E2
9.587202217E1,1.781045462E-2,7.322348538E-4,1.594129484E-3,9.998398423E-1,1.779589643E2,1.841394641E-1,-8.064101847E-2,1.779588316E2
9.587702217E1,1.781353070E-2,7.294177776E-4,1.598428702E-3,9.998397827E-1,1.779586118E2,1.846265375E-1,-8.030891389E-2,1.779584792E2
9.588202217E1,1.780622889E-2,7.346999482E-4,1.602794160E-3,9.998399019E-1,1.779594486E2,1.851368974E-1,-8.090654968E-2,1.779593147E2
9.588702217E1,1.780602896E-2,7.341051823E-4,1.605285797E-3,9.998399019E-1,1.779594715E2,1.854211433E-1,-8.083335810E-2,1.779593376E2
9.589202217E1,1.781363429E-2,7.295949035E-4,1.597192953E-3,9.998397827E-1,1.779585999E2,1.844853233E-1,-8.033171134E-2,1.779584674E2
9.589702217E1,1.781019157E-2,7.317176205E-4,1.597302733E-3,9.998398423E-1,1.779589945E2,1.845019576E-1,-8.057532911E-2,1.779588616E2
9.590202217E1,1.781700580E-2,7.266353350E-4,1.598247909E-3,9.998397231E-1,1.779582135E2,1.846004206E-1,-7.998984786E-2,1.779580815E2
9.590702217E1,1.781723199E-2,7.264652522E-4,1.595801790E-3,9.998397231E-1,1.779581876E2,1.843198307E-1,-7.997531374E-2,1.779580558E2
9.591202217E1,1.781699577E-2,7.272746298E-4,1.598068862E-3,9.998397231E-1,1.779582146E2,1.845812112E-1,-8.006346136E-2,1.779580825E2
9.591702217E1,1.782005877E-2,7.254939992E-4,1.602012780E-3,9.998396635E-1,1.779578636E2,1.850296886E-1,-7.985082917E-2,1.779577315E2
9.592202217E1,1.782337862E-2,7.221329142E-4,1.603798592E-3,9.998396039E-1,1.779574831E2,1.852276944E-1,-7.946147684E-2,1.779573515E2
9.592702217E1,1.782026950E-2,7.248975453E-4,1.599937328E-3,9.998396635E-1,1.779578394E2,1.847906951E-1,-7.978669098E-2,1.779577076E2
9.593202217E1,1.782762104E-2,7.192089106E-4,1.595095033E-3,9.998395443E-1,1.779569969E2,1.842248592E-1,-7.914346001E-2,1.779568665E2
9.593702217E1,1.783795402E-2,7.126154378E-4,1.594618312E-3,9.998393655E-1,1.779558126E2,1.841575774E-1,-7.838709535E-2,1.779556835E2
9.594202217E1,1.782794336E-2,7.195732906E-4,1.591323758E-3,9.998395443E-1,1.779569599E2,1.837935409E-1,-7.919285377E-2,1.779568298E2
9.594702217E1,1.783156198E-2,7.178176311E-4,1.589020714E-3,9.998394847E-1,1.779565452E2,1.835263714E-1,-7.899574325E-2,1.779564156E2
9.595202217E1,1.784831212E-2,7.050473941E-4,1.594197238E-3,9.998391867E-1,1.779546255E2,1.840946639E-1,-7.751895396E-2,1.779544978E2
9.595702217E1,1.783803885E-2,7.132597966E-4,1.593380817E-3,9.998393655E-1,1.779558029E2,1.840171172E-1,-7.846343569E-2,1.779556738E2
9.596202217E1,1.782481711E-2,7.208971656E-4,1.588292653E-3,9.998396039E-1,1.779573182E2,1.834487133E-1,-7.935130074E-2,1.779571881E2
9.596702217E1,1.783164535E-2,7.180283428E-4,1.587989624E-3,9.998394847E-1,1.779565357E2,1.834086729E-1,-7.902197689E-2,1.779564061E2
9.597202217E1,1.782771661E-2,7.198389503E-4,1.593742054E-3,9.998395443E-1,1.779569859E2,1.840711385E-1,-7.921839227E-2,1.779568556E2
9.597702217E1,1.782101949E-2,7.249380578E-4,1.591543318E-3,9.998396635E-1,1.779577535E2,1.838291059E-1,-7.980833688E-2,1.779576223E2
9.598202217E1,1.782116370E-2,7.240439882E-4,1.590335160E-3,9.998396635E-1,1.779577370E2,1.836888682E-1,-7.970834132E-2,1.779576061E2
9.598702217E1,1.781776581E-2,7.270528004E-4,1.589561813E-3,9.998397231E-1,1.779581264E2,1.836061366E-1,-8.005527404E-2,1.779579950E2
9.599202217E1,1.781805784E-2,7.270512288E-4,1.586285653E-3,9.998397231E-1,1.779580929E2,1.832307954E-1,-8.006173005E-2,1.779579618E2
9.599702217E1,1.781820265E-2,7.278042031E-4,1.584312529E-3,9.998397231E-1,1.779580763E2,1.830062769E-1,-8.015200324E-2,1.779579452E2
9.600202217E1,1.781463850E-2,7.300631260E-4,1.585737569E-3,9.998397827E-1,1.779584848E2,1.831738754E-1,-8.040855847E-2,1.779583532E2
9.600702217E1,1.781088927E-2,7.328683278E-4,1.588973915E-3,9.998398423E-1,1.779589145E2,1.835501001E-1,-8.072404070E-2,1.779587821E2
9.601202217E1,1.781730536E-2,7.282660808E-4,1.594160916E-3,9.998397231E-1,1.779581792E2,1.841355132E-1,-8.018497741E-2,1.779580472E2
9.601702217E1,1.780705537E-2,7.352557150E-4,1.593329362E-3,9.998399019E-1,1.779593539E2,1.840536824E-1,-8.098938723E-2,1.779592207E2
9.602202217E1,1.779699172E-2,7.411793340E-4,1.590813859E-3,9.998400807E-1,1.779605073E2,1.837767398E-1,-8.167505869E-2,1.779603732E2
9.602702217E1,1.780085285E-2,7.383904303E-4,1.586366096E-3,9.998400211E-1,1.779600648E2,1.832617688E-1,-8.136388843E-2,1.779599315E2
9.603202217E1,1.780448234E-2,7.369244704E-4,1.583881676E-3,9.998399615E-1,1.779596488E2,1.829744237E-1,-8.120033251E-2,1.779595160E2
9.603702217E1,1.779796909E-2,7.417566958E-4,1.579570468E-3,9.998400807E-1,1.779603953E2,1.824898012E-1,-8.176396168E-2,1.779602620E2
9.604202217E1,1.780549350E-2,7.347306237E-4,1.573499991E-3,9.998399615E-1,1.779595329E2,1.817805615E-1,-8.096997504E-2,1.779594014E2
9.604702217E1,1.781884157E-2,7.255051169E-4,1.578169293E-3,9.998397231E-1,1.779580031E2,1.822977800E-1,-7.990101716E-2,1.779578729E2
9.605202217E1,1.780512672E-2,7.353989640E-4,1.577333547E-3,9.998399615E-1,1.779595750E2,1.822211201E-1,-8.103879348E-2,1.779594430E2
9.605702217E1,1.780869647E-2,7.332946989E-4,1.575794769E-3,9.998399019E-1,1.779591658E2,1.820408110E-1,-8.080019079E-2,1.779590344E2
9.606202217E1,1.781893740E-2,7.263647276E-4,1.576691167E-3,9.998397231E-1,1.779579921E2,1.821301891E-1,-8.000250646E-2,1.779578619E2
9.606702217E1,1.781153236E-2,7.318659336E-4,1.582212979E-3,9.998398423E-1,1.779588408E2,1.827734809E-1,-8.062287541E-2,1.779587091E2
9.607202217E1,1.780134935E-2,7.384762866E-4,1.580744749E-3,9.998400211E-1,1.779600079E2,1.826179263E-1,-8.138510193E-2,1.779598751E2
9.607702217E1,1.780852675E-2,7.338660653E-4,1.577446004E-3,9.998399019E-1,1.779591853E2,1.822311515E-1,-8.086231510E-2,1.779590536E2
9.608202217E1,1.781531008E-2,7.298812270E-4,1.578258816E-3,9.998397827E-1,1.779584078E2,1.823166903E-1,-8.040286344E-2,1.779582768E2
9.608702217E1,1.780511397E-2,7.363189361E-4,1.577048213E-3,9.998399615E-1,1.779595764E2,1.821903047E-1,-8.114478222E-2,1.779594443E2
9.609202217E1,1.780852584E-2,7.333125686E-4,1.577713643E-3,9.998399019E-1,1.779591854E2,1.822606860E-1,-8.079835314E-2,1.779590538E2
9.609702217E1,1.780158619E-2,7.397777517E-4,1.577465679E-3,9.998400211E-1,1.779599807E2,1.822449060E-1,-8.154086125E-2,1.779598480E2
9.610202217E1,1.779809255E-2,7.408304373E-4,1.578613766E-3,9.998400807E-1,1.779603811E2,1.823783090E-1,-8.165976600E-2,1.779602481E2
9.610702217E1,1.780142434E-2,7.377678412E-4,1.580231008E-3,9.998400211E-1,1.779599993E2,1.825576258E-1,-8.130496736E-2,1.779598666E2
9.611202217E1,1.780160067E-2,7.374848938E-4,1.578375581E-3,9.998400211E-1,1.779599791E2,1.823444798E-1,-8.127630211E-2,1.779598466E2
9.611702217E1,1.779832871E-2,7.416570443E-4,1.575560076E-3,9.998400807E-1,1.779603541E2,1.820301422E-1,-8.176065854E-2,1.779602211E2
9.612202217E1,1.780840896E-2,7.340995362E-4,1.578666735E-3,9.998399019E-1,1.779591988E2,1.823714821E-1,-8.088659479E-2,1.779590670E2
9.612702217E1,1.780470006E-2,7.353281253E-4,1.582175260E-3,9.998399615E-1,1.779596239E2,1.827756736E-1,-8.102087596E-2,1.779594915E2
9.613202217E1,1.780839050E-2,7.349216612E-4,1.578492462E-3,9.998399019E-1,1.779592009E2,1.823531914E-1,-8.098114737E-2,1.779590689E2
9.613702217E1,1.781563692E-2,7.295199321E-4,1.574732480E-3,9.998397827E-1,1.779583704E2,1.819119538E-1,-8.036860867E-2,1.779582397E2
9.614202217E1,1.781915484E-2,7.271674112E-4,1.573861227E-3,9.998397231E-1,1.779579672E2,1.818076095E-1,-8.010021182E-2,1.779578370E2
9.614702217E1,1.780205567E-2,7.392951520E-4,1.572385663E-3,9.998400211E-1,1.779599269E2,1.816619238E-1,-8.149584639E-2,1.779597946E2
9.615202217E1,1.780916223E-2,7.337259012E-4,1.570320805E-3,9.998399019E-1,1.779591124E2,1.814145569E-1,-8.086068214E-2,1.779589814E2
9.615702217E1,1.782265399E-2,7.245176821E-4,1.573327696E-3,9.998396635E-1,1.779575662E2,1.817413486E-1,-7.979707722E-2,1.779574365E2
9.616202217E1,1.781912976E-2,7.254998200E-4,1.574914437E-3,9.998397231E-1,1.779579701E2,1.819248717E-1,-7.990700433E-2,1.779578401E2
9.616702217E1,1.780584918E-2,7.349004154E-4,1.569390530E-3,9.998399615E-1,1.779594921E2,1.813101010E-1,-8.099774946E-2,1.779593609E2
9.617202217E1,1.781315495E-2,7.294211537E-4,1.564981183E-3,9.998398423E-1,1.779586548E2,1.807943115E-1,-8.037764888E-2,1.779585250E2
9.617702217E1,1.781974613E-2,7.255153032E-4,1.567917876E-3,9.998397231E-1,1.779578994E2,1.811233315E-1,-7.992295399E-2,1.779577700E2
9.618202217E1,1.779928471E-2,7.400938193E-4,1.565463026E-3,9.998400807E-1,1.779602445E2,1.808701756E-1,-8.160197646E-2,1.779601126E2
9.618702217E1,1.780322587E-2,7.388251834E-4,1.559303026E-3,9.998400211E-1,1.779597928E2,1.801621350E-1,-8.146847957E-2,1.779596617E2
9.619202217E1,1.781050354E-2,7.326513878E-4,1.555540366E-3,9.998399019E-1,1.779589587E2,1.797190238E-1,-8.076749612E-2,1.779588290E2
9.619702217E1,1.779997424E-2,7.393173873E-4,1.557971933E-3,9.998400807E-1,1.779601655E2,1.800103661E-1,-8.152817415E-2,1.779600344E2
9.620202217E1,1.779611670E-2,7.424986688E-4,1.562269405E-3,9.998401403E-1,1.779606076E2,1.805089173E-1,-8.188459422E-2,1.779604755E2
9.620702217E1,1.779636266E-2,7.422826020E-4,1.559567871E-3,9.998401403E-1,1.779605794E2,1.801989722E-1,-8.186530396E-2,1.779604476E2
9.621202217E1,1.779325507E-2,7.441802882E-4,1.555904513E-3,9.998401999E-1,1.779609356E2,1.797828636E-1,-8.209075812E-2,1.779608037E2
9.621702217E1,1.779327086E-2,7.447540993E-4,1.555449329E-3,9.998401999E-1,1.779609337E2,1.797318830E-1,-8.215742688E-2,1.779608019E2
9.622202217E1,1.780025229E-2,7.391797844E-4,1.554857357E-3,9.998400807E-1,1.779601336E2,1.796532598E-1,-8.151871188E-2,1.779600028E2
9.622702217E1,1.780069428E-2,7.397344452E-4,1.549524372E-3,9.998400807E-1,1.779600830E2,1.790434080E-1,-8.159306076E-2,1.779599525E2
9.623202217E1,1.779391221E-2,7.450056146E-4,1.547974185E-3,9.998401999E-1,1.779608602E2,1.788759942E-1,-8.220137159E-2,1.779607289E2
9.623702217E1,1.779706914E-2,7.431572885E-4,1.551066292E-3,9.998401403E-1,1.779604984E2,1.792267575E-1,-8.198273156E-2,1.779603672E2
9.624202217E1,1.778652220E-2,7.488253759E-4,1.554051880E-3,9.998403192E-1,1.779617072E2,1.795795172E-1,-8.262794813E-2,1.779615747E2
9.624702217E1,1.777950450E-2,7.558551733E-4,1.554255723E-3,9.998404384E-1,1.779625115E2,1.796166175E-1,-8.343422053E-2,1.779623777E2
9.625202217E1,1.779684825E-2,7.421975606E-4,1.554057468E-3,9.998401403E-1,1.779605237E2,1.795674916E-1,-8.186671145E-2,1.779603924E2
9.625702217E1,1.779621332E-2,7.429351099E-4,1.560960663E-3,9.998401403E-1,1.779605965E2,1.803598682E-1,-8.193725035E-2,1.779604645E2
9.626202217E1,1.777193607E-2,7.596787764E-4,1.562243327E-3,9.998405576E-1,1.779633789E2,1.805389436E-1,-8.385739519E-2,1.779632437E2
9.626702217E1,1.777223819E-2,7.592850015E-4,1.558994409E-3,9.998405576E-1,1.779633443E2,1.801659262E-1,-8.381884156E-2,1.779632094E2
9.627202217E1,1.777897018E-2,7.547624991E-4,1.560884761E-3,9.998404384E-1,1.779625727E2,1.803738595E-1,-8.329561882E-2,1.779624386E2
9.627702217E1,1.776835146E-2,7.633125642E-4,1.563098747E-3,9.998406172E-1,1.779637898E2,1.806440518E-1,-8.427263586E-2,1.779636538E2
9.628202217E1,1.775835176E-2,7.703304873E-4,1.558909891E-3,9.998407960E-1,1.779649358E2,1.801775602E-1,-8.508703437E-2,1.779647989E2
9.628702217E1,1.777556466E-2,7.584796986E-4,1.559688244E-3,9.998404980E-1,1.779629630E2,1.802440597E-1,-8.372456251E-2,1.779628283E2
9.629202217E1,1.776838925E-2,7.636285736E-4,1.562514692E-3,9.998406172E-1,1.779637854E2,1.805777811E-1,-8.431002457E-2,1.779636495E2
9.629702217E1,1.775123735E-2,7.756414125E-4,1.560845529E-3,9.998409152E-1,1.779657512E2,1.804095333E-1,-8.569286949E-2,1.779656132E2
9.630202217E1,1.776180976E-2,7.681687712E-4,1.558809658E-3,9.998407364E-1,1.779645395E2,1.801619696E-1,-8.483894015E-2,1.779644030E2
9.630702217E1,1.776522269E-2,7.648562896E-4,1.559777185E-3,9.998406768E-1,1.779641483E2,1.802663677E-1,-8.445683326E-2,1.779640124E2
9.631202217E1,1.774782284E-2,7.760766894E-4,1.561276731E-3,9.998409748E-1,1.779661425E2,1.804595306E-1,-8.574247973E-2,1.779660044E2
9.631702217E1,1.775112075E-2,7.758858847E-4,1.562049612E-3,9.998409152E-1,1.779657646E2,1.805479771E-1,-8.571845111E-2,1.779656264E2
9.632202217E1,1.776161392E-2,7.663858123E-4,1.561915618E-3,9.998407364E-1,1.779645619E2,1.805141848E-1,-8.462837375E-2,1.779644255E2
9.632702217E1,1.774762656E-2,7.768530631E-4,1.563120750E-3,9.998409748E-1,1.779661650E2,1.806723691E-1,-8.582771645E-2,1.779660266E2
9.633202217E1,1.774373604E-2,7.792598335E-4,1.567957457E-3,9.998410344E-1,1.779666109E2,1.812310895E-1,-8.609433626E-2,1.779664716E2
9.633702217E1,1.774698799E-2,7.788268267E-4,1.569376211E-3,9.998409748E-1,1.779662382E2,1.813930407E-1,-8.604125029E-2,1.779660989E2
9.634202217E1,1.773719838E-2,7.844956126E-4,1.563292928E-3,9.998411536E-1,1.779673602E2,1.807067380E-1,-8.670488384E-2,1.779672204E2
9.634702217E1,1.773336505E-2,7.872467977E-4,1.567271654E-3,9.998412132E-1,1.779677995E2,1.811678551E-1,-8.701270364E-2,1.779676588E2
9.635202217E1,1.774359022E-2,7.794863195E-4,1.569494256E-3,9.998410344E-1,1.779666276E2,1.814076143E-1,-8.611718702E-2,1.779664882E2
9.635702217E1,1.773688878E-2,7.850083639E-4,1.566544874E-3,9.998411536E-1,1.779673957E2,1.810803412E-1,-8.675707743E-2,1.779672555E2
9.636202217E1,1.773039966E-2,7.901265053E-4,1.561336569E-3,9.998412728E-1,1.779681394E2,1.804934438E-1,-8.735523843E-2,1.779679987E2
9.636702217E1,1.774370080E-2,7.804237539E-4,1.567777363E-3,9.998410344E-1,1.779666150E2,1.812128194E-1,-8.622806317E-2,1.779664755E2
9.637202217E1,1.773648427E-2,7.845160435E-4,1.571364002E-3,9.998411536E-1,1.779674420E2,1.816314510E-1,-8.669094852E-2,1.779673015E2
9.637702217E1,1.771933211E-2,7.975933258E-4,1.568657695E-3,9.998414516E-1,1.779694078E2,1.813464507E-1,-8.819786927E-2,1.779692651E2
9.638202217E1,1.773008506E-2,7.907980471E-4,1.564565697E-3,9.998412728E-1,1.779681754E2,1.808647545E-1,-8.742567493E-2,1.779680343E2
9.638702217E1,1.773994220E-2,7.823110791E-4,1.571354456E-3,9.998410940E-1,1.779670457E2,1.816261738E-1,-8.643770947E-2,1.779669056E2
9.639202217E1,1.773301294E-2,7.880640333E-4,1.570840948E-3,9.998412132E-1,1.779678399E2,1.815784329E-1,-8.709914741E-2,1.779676987E2
9.639702217E1,1.773657751E-2,7.849058020E-4,1.570116379E-3,9.998411536E-1,1.779674314E2,1.814893065E-1,-8.673812347E-2,1.779672908E2
9.640202217E1,1.775345708E-2,7.739448920E-4,1.574562513E-3,9.998408556E-1,1.779654968E2,1.819778776E-1,-8.547018515E-2,1.779653579E2
9.640702217E1,1.774267424E-2,7.814532728E-4,1.578843454E-3,9.998410344E-1,1.779667326E2,1.824827082E-1,-8.632370398E-2,1.779665920E2
9.641202217E1,1.773617951E-2,7.853400311E-4,1.574389404E-3,9.998411536E-1,1.779674770E2,1.819797312E-1,-8.677926166E-2,1.779673360E2
9.641702217E1,1.775382234E-2,7.735392428E-4,1.570638618E-3,9.998408556E-1,1.779654549E2,1.815275081E-1,-8.543162555E-2,1.779653165E2
9.642202217E1,1.776039580E-2,7.674885564E-4,1.575169503E-3,9.998407364E-1,1.779647015E2,1.820348732E-1,-8.472796273E-2,1.779645638E2
9.642702217E1,1.774981267E-2,7.765199407E-4,1.576531911E-3,9.998409152E-1,1.779659145E2,1.822084460E-1,-8.576187452E-2,1.779657750E2
9.643202217E1,1.775350113E-2,7.728114142E-4,1.574622584E-3,9.998408556E-1,1.779654917E2,1.819824574E-1,-8.534018854E-2,1.779653531E2
9.643702217E1,1.776748180E-2,7.631049957E-4,1.573053887E-3,9.998406172E-1,1.779638894E2,1.817841530E-1,-8.422874108E-2,1.779637527E2
9.644202217E1,1.776034239E-2,7.672368665E-4,1.575894188E-3,9.998407364E-1,1.779647077E2,1.821173862E-1,-8.469766052E-2,1.779645699E2
9.644702217E1,1.776038324E-2,7.683835574E-4,1.574874856E-3,9.998407364E-1,1.779647030E2,1.820029352E-1,-8.483110800E-2,1.779645651E2
9.645202217E1,1.777448992E-2,7.584247505E-4,1.571915345E-3,9.998404980E-1,1.779630862E2,1.816447618E-1,-8.369355475E-2,1.779629505E2
9.645702217E1,1.777398775E-2,7.577588549E-4,1.577903284E-3,9.998404980E-1,1.779631438E2,1.823294234E-1,-8.360515533E-2,1.779630076E2
9.646202217E1,1.775709944E-2,7.696843240E-4,1.573426882E-3,9.998407960E-1,1.779650793E2,1.818394042E-1,-8.498368554E-2,1.779649414E2
9.646702217E1,1.776822839E-2,7.630786276E-4,1.564611215E-3,9.998406172E-1,1.779638039E2,1.808168540E-1,-8.424277547E-2,1.779636678E2
9.647202217E1,1.777530841E-2,7.587672444E-4,1.562466379E-3,9.998404980E-1,1.779629924E2,1.805629252E-1,-8.375189463E-2,1.779628574E2
9.647702217E1,1.776450317E-2,7.658489048E-4,1.567465952E-3,9.998406768E-1,1.779642308E2,1.811492584E-1,-8.455503745E-2,1.779640940E2
9.648202217E1,1.776823610E-2,7.637923700E-4,1.564175356E-3,9.998406172E-1,1.779638030E2,1.807683703E-1,-8.432543744E-2,1.779636669E2
9.648702217E1,1.777881620E-2,7.557229837E-4,1.562173362E-3,9.998404384E-1,1.779625904E2,1.805234437E-1,-8.340306707E-2,1.779624559E2
9.649202217E1,1.776483062E-2,7.639786927E-4,1.564664999E-3,9.998406768E-1,1.779641933E2,1.808245626E-1,-8.434640392E-2,1.779640571E2
9.649702217E1,1.777145223E-2,7.604347193E-4,1.567371190E-3,9.998405576E-1,1.779634344E2,1.811279609E-1,-8.393365007E-2,1.779632986E2
9.650202217E1,1.778468198E-2,7.504367968E-4,1.574204653E-3,9.998403192E-1,1.779619181E2,1.818916268E-1,-8.277183090E-2,1.779617836E2
9.650702217E1,1.777458495E-2,7.582568214E-4,1.570921508E-3,9.998404980E-1,1.779630753E2,1.815305600E-1,-8.367632169E-2,1.779629397E2
9.651202217E1,1.776768338E-2,7.621608675E-4,1.571233734E-3,9.998406172E-1,1.779638663E2,1.815737056E-1,-8.412423863E-2,1.779637299E2
9.651702217E1,1.777790879E-2,7.557886420E-4,1.572434674E-3,9.998404384E-1,1.779626944E2,1.816991780E-1,-8.338984784E-2,1.779625591E2
9.652202217E1,1.777406539E-2,7.586773718E-4,1.576586859E-3,9.998404980E-1,1.779631349E2,1.821804735E-1,-8.371306014E-2,1.779629987E2
9.652702217E1,1.776378069E-2,7.649140316E-4,1.576086623E-3,9.998406768E-1,1.779643136E2,1.821349962E-1,-8.443050751E-2,1.779641763E2
9.653202217E1,1.777725185E-2,7.568116998E-4,1.579354634E-3,9.998404384E-1,1.779627697E2,1.824940530E-1,-8.349308461E-2,1.779626336E2
9.653702217E1,1.778002468E-2,7.530084113E-4,1.587670995E-3,9.998403788E-1,1.779624519E2,1.834393701E-1,-8.303987784E-2,1.779623158E2
9.654202217E1,1.776991190E-2,7.604704006E-4,1.584721846E-3,9.998405576E-1,1.779636109E2,1.831158330E-1,-8.390268399E-2,1.779634737E2
9.654702217E1,1.776693085E-2,7.621734985E-4,1.579714241E-3,9.998406172E-1,1.779639526E2,1.825453111E-1,-8.410855548E-2,1.779638154E2
9.655202217E1,1.778401194E-2,7.515274337E-4,1.581238350E-3,9.998403192E-1,1.779619949E2,1.826996708E-1,-8.288257576E-2,1.779618596E2
9.655702217E1,1.777339222E-2,7.580946549E-4,1.584436628E-3,9.998404980E-1,1.779632120E2,1.830786070E-1,-8.363043041E-2,1.779630753E2
9.656202217E1,1.776732297E-2,7.641561097E-4,1.574337133E-3,9.998406172E-1,1.779639076E2,1.819333064E-1,-8.434658676E-2,1.779637706E2
9.656702217E1,1.777803284E-2,7.560517988E-4,1.570904860E-3,9.998404384E-1,1.779626802E2,1.815244482E-1,-8.342309282E-2,1.779625449E2
9.657202217E1,1.777088021E-2,7.595138741E-4,1.574288006E-3,9.998405576E-1,1.779634999E2,1.819185225E-1,-8.381416306E-2,1.779633638E2
9.657702217E1,1.776070988E-2,7.687705220E-4,1.570997527E-3,9.998407364E-1,1.779646656E2,1.815595107E-1,-8.488327616E-2,1.779645279E2
9.658202217E1,1.777107341E-2,7.592914044E-4,1.572213136E-3,9.998405576E-1,1.779634778E2,1.816803600E-1,-8.379286440E-2,1.779633418E2
9.658702217E1,1.778438977E-2,7.506005350E-4,1.577424468E-3,9.998403192E-1,1.779619516E2,1.822608423E-1,-8.278408184E-2,1.779618168E2
9.659202217E1,1.777734873E-2,7.556595374E-4,1.578815747E-3,9.998404384E-1,1.779627586E2,1.824299713E-1,-8.336215769E-2,1.779626227E2
9.659702217E1,1.777391777E-2,7.584242267E-4,1.578371855E-3,9.998404980E-1,1.779631518E2,1.823844590E-1,-8.368044753E-2,1.779630155E2
9.660202127E1,1.779136006E-2,7.470806595E-4,1.576054259E-3,9.998401999E-1,1.779611527E2,1.820972522E-1,-8.238232117E-2,1.779610187E2
9.660702127E1,1.778777985E-2,7.487103576E-4,1.577878254E-3,9.998402596E-1,1.779615631E2,1.823092615E-1,-8.256597496E-2,1.779614286E2
9.661202127E1,1.778105198E-2,7.544186083E-4,1.575449598E-3,9.998403788E-1,1.779623341E2,1.820420790E-1,-8.322616382E-2,1.779621988E2
9.661702127E1,1.778475963E-2,7.498321356E-4,1.573615358E-3,9.998403192E-1,1.779619092E2,1.818228831E-1,-8.270373979E-2,1.779617749E2
9.662202127E1,1.778817671E-2,7.486508694E-4,1.573426300E-3,9.998402596E-1,1.779615176E2,1.817990962E-1,-8.256816220E-2,1.779613835E2
9.662702127E1,1.778154740E-2,7.529426366E-4,1.570556546E-3,9.998403788E-1,1.779622774E2,1.814784972E-1,-8.306693748E-2,1.779621427E2
9.663202127E1,1.777834565E-2,7.549783913E-4,1.567878062E-3,9.998404384E-1,1.779626443E2,1.811754957E-1,-8.330621892E-2,1.779625095E2
9.663702127E1,1.778886609E-2,7.480296772E-4,1.565909944E-3,9.998402596E-1,1.779614386E2,1.809367104E-1,-8.251218758E-2,1.779613052E2
9.664202127E1,1.778615031E-2,7.502487279E-4,1.557617681E-3,9.998403192E-1,1.779617498E2,1.799909349E-1,-8.278382498E-2,1.779616168E2
9.664702127E1,1.778995586E-2,7.476652390E-4,1.553655718E-3,9.998402596E-1,1.779613137E2,1.795320458E-1,-8.249521836E-2,1.779611814E2
9.665202127E1,1.778978034E-2,7.469195407E-4,1.556022326E-3,9.998402596E-1,1.779613338E2,1.798016617E-1,-8.240498796E-2,1.779612015E2
9.665702127E1,1.778999464E-2,7.468604017E-4,1.553598791E-3,9.998402596E-1,1.779613092E2,1.795238856E-1,-8.240311458E-2,1.779611771E2
9.666202127E1,1.779029022E-2,7.481424836E-4,1.549592125E-3,9.998402596E-1,1.779612754E2,1.790674658E-1,-8.255812247E-2,1.779611433E2
9.666702127E1,1.779698701E-2,7.434141589E-4,1.551885391E-3,9.998401403E-1,1.779605078E2,1.793211218E-1,-8.201050620E-2,1.779603765E2
9.667202127E1,1.778658577E-2,7.487458060E-4,1.553362468E-3,9.998403192E-1,1.779616999E2,1.795003718E-1,-8.262022538E-2,1.779615675E2
9.667702127E1,1.778721201E-2,7.500750944E-4,1.545530627E-3,9.998403192E-1,1.779616281E2,1.786058109E-1,-8.278837834E-2,1.779614961E2
9.668202127E1,1.780141175E-2,7.398280432E-4,1.541215112E-3,9.998400807E-1,1.779600007E2,1.780916355E-1,-8.162060720E-2,1.779598709E2
9.668702127E1,1.780431251E-2,7.377247093E-4,1.547371387E-3,9.998400211E-1,1.779596683E2,1.787929269E-1,-8.136654366E-2,1.779595383E2
9.669202127E1,1.779420402E-2,7.443248760E-4,1.544944360E-3,9.998401999E-1,1.779608268E2,1.785274917E-1,-8.212950334E-2,1.779606958E2
9.669702127E1,1.780139117E-2,7.397175650E-4,1.541505801E-3,9.998400807E-1,1.779600031E2,1.781247137E-1,-8.160736000E-2,1.779598732E2
9.670202127E1,1.781490960E-2,7.296401891E-4,1.544775558E-3,9.998398423E-1,1.779584537E2,1.784798686E-1,-8.044367841E-2,1.779583255E2
9.670702127E1,1.780121293E-2,7.401165203E-4,1.543371473E-3,9.998400807E-1,1.779600235E2,1.783392699E-1,-8.164929541E-2,1.779598934E2
9.671202127E1,1.780127925E-2,7.398636662E-4,1.542727579E-3,9.998400807E-1,1.779600159E2,1.782649863E-1,-8.162162680E-2,1.779598859E2
9.671702127E1,1.782189655E-2,7.248253096E-4,1.543606981E-3,9.998397231E-1,1.779576530E2,1.783367078E-1,-7.989316148E-2,1.779575257E2
9.672202127E1,1.781142509E-2,7.322137826E-4,1.545160078E-3,9.998399019E-1,1.779588531E2,1.785288979E-1,-8.073838057E-2,1.779587243E2
9.672702127E1,1.779794158E-2,7.409304380E-4,1.542094979E-3,9.998401403E-1,1.779603984E2,1.781944105E-1,-8.174573571E-2,1.779602683E2
9.673202127E1,1.780462965E-2,7.365560741E-4,1.544275903E-3,9.998400211E-1,1.779596319E2,1.784359072E-1,-8.123890858E-2,1.779595024E2
9.673702127E1,1.781426435E-2,7.291528163E-4,1.552427886E-3,9.998398423E-1,1.779585277E2,1.793555764E-1,-8.037233151E-2,1.779583989E2
9.674202127E1,1.780086234E-2,7.391428808E-4,1.547875116E-3,9.998400807E-1,1.779600637E2,1.788532535E-1,-8.152861760E-2,1.779599334E2
9.674702127E1,1.780415192E-2,7.378968294E-4,1.549136126E-3,9.998400211E-1,1.779596867E2,1.789954577E-1,-8.138269207E-2,1.779595565E2
9.675202127E1,1.782100757E-2,7.257455145E-4,1.553407055E-3,9.998397231E-1,1.779577549E2,1.794613459E-1,-7.997873653E-2,1.779576266E2
9.675702127E1,1.781706680E-2,7.277359837E-4,1.559304888E-3,9.998397827E-1,1.779582065E2,1.801408312E-1,-8.019545609E-2,1.779580774E2
9.676202127E1,1.781013067E-2,7.319361321E-4,1.560139586E-3,9.998399019E-1,1.779590014E2,1.802444829E-1,-8.067622684E-2,1.779588715E2
9.676702127E1,1.782070890E-2,7.264763699E-4,1.556488802E-3,9.998397231E-1,1.779577891E2,1.798159015E-1,-8.005623297E-2,1.779576604E2
9.677202127E1,1.781713420E-2,7.267944166E-4,1.558973920E-3,9.998397827E-1,1.779581988E2,1.801009936E-1,-8.008824132E-2,1.779580699E2
9.677702127E1,1.781013716E-2,7.318429416E-4,1.560109202E-3,9.998399019E-1,1.779590007E2,1.802408120E-1,-8.066561055E-2,1.779588708E2
9.678202127E1,1.781725575E-2,7.280668360E-4,1.556989737E-3,9.998397827E-1,1.779581848E2,1.798762668E-1,-8.023805604E-2,1.779580559E2
9.678702127E1,1.781396122E-2,7.296468830E-4,1.555670751E-3,9.998398423E-1,1.779585624E2,1.797281075E-1,-8.042237253E-2,1.779584333E2
9.679202127E1,1.780701796E-2,7.345492486E-4,1.556238742E-3,9.998399615E-1,1.779593582E2,1.798026311E-1,-8.098414162E-2,1.779592281E2
9.679702127E1,1.781763505E-2,7.273529191E-4,1.552977716E-3,9.998397827E-1,1.779581414E2,1.794151677E-1,-8.016438409E-2,1.779580129E2
9.680202127E1,1.781813501E-2,7.279550773E-4,1.546947635E-3,9.998397827E-1,1.779580841E2,1.787255495E-1,-8.024559866E-2,1.779579559E2
9.680702127E1,1.780404063E-2,7.367912913E-4,1.550940331E-3,9.998400211E-1,1.779596994E2,1.791999069E-1,-8.125236570E-2,1.779595694E2
9.681202127E1,1.781389414E-2,7.310247747E-4,1.555792056E-3,9.998398423E-1,1.779585701E2,1.797448137E-1,-8.058000650E-2,1.779584407E2
9.681702127E1,1.781716406E-2,7.284213207E-4,1.557872863E-3,9.998397827E-1,1.779581954E2,1.799781663E-1,-8.027688380E-2,1.779580663E2
9.682202127E1,1.780673472E-2,7.352423854E-4,1.559149590E-3,9.998399615E-1,1.779593907E2,1.801375292E-1,-8.105766753E-2,1.779592602E2
9.682702127E1,1.780998856E-2,7.334572729E-4,1.561047160E-3,9.998399019E-1,1.779590177E2,1.803515605E-1,-8.084868217E-2,1.779588875E2
9.683202127E1,1.782038290E-2,7.247845642E-4,1.561003388E-3,9.998397231E-1,1.779578264E2,1.803296723E-1,-7.985323626E-2,1.779576978E2
9.683702127E1,1.781678945E-2,7.287742337E-4,1.561986748E-3,9.998397827E-1,1.779582383E2,1.804501994E-1,-8.030898596E-2,1.779581088E2
9.684202127E1,1.779949715E-2,7.403774653E-4,1.562911435E-3,9.998400807E-1,1.779602202E2,1.805784265E-1,-8.163964103E-2,1.779600885E2
9.684702127E1,1.780610429E-2,7.350035594E-4,1.566444989E-3,9.998399615E-1,1.779594629E2,1.809728509E-1,-8.101553131E-2,1.779593319E2
9.685202127E1,1.781231332E-2,7.309534703E-4,1.573820715E-3,9.998398423E-1,1.779587513E2,1.818101491E-1,-8.053531968E-2,1.779586204E2
9.685702127E1,1.779503149E-2,7.429667749E-4,1.574361464E-3,9.998401403E-1,1.779607320E2,1.818952144E-1,-8.191376330E-2,1.779605988E2
9.686202127E1,1.779172484E-2,7.453442668E-4,1.572755049E-3,9.998401999E-1,1.779611109E2,1.817157388E-1,-8.219003730E-2,1.779609775E2
9.686702127E1,1.780851528E-2,7.344385376E-4,1.577309100E-3,9.998399019E-1,1.779591866E2,1.822166334E-1,-8.092818661E-2,1.779590548E2
9.687202127E1,1.780846772E-2,7.330832304E-4,1.578476047E-3,9.998399019E-1,1.779591920E2,1.823475646E-1,-8.077053177E-2,1.779590604E2
9.687702127E1,1.780212885E-2,7.391504478E-4,1.571624889E-3,9.998400211E-1,1.779599185E2,1.815744699E-1,-8.148080592E-2,1.779597863E2
9.688202127E1,1.781924092E-2,7.269492489E-4,1.572987181E-3,9.998397231E-1,1.779579573E2,1.817070282E-1,-8.007698546E-2,1.779578273E2
9.688702127E1,1.782249402E-2,7.238588878E-4,1.575441682E-3,9.998396635E-1,1.779575845E2,1.819821970E-1,-7.971730841E-2,1.779574548E2
9.689202127E1,1.781240548E-2,7.321051671E-4,1.572241541E-3,9.998398423E-1,1.779587407E2,1.816315761E-1,-8.067048012E-2,1.779586098E2
9.689702127E1,1.781305851E-2,7.308880449E-4,1.565394457E-3,9.998398423E-1,1.779586659E2,1.808446489E-1,-8.054488919E-2,1.779585357E2
9.690202127E1,1.782658008E-2,7.210715557E-4,1.568301581E-3,9.998396039E-1,1.779571162E2,1.811587610E-1,-7.941179764E-2,1.779569876E2
9.690702127E1,1.781990797E-2,7.268962217E-4,1.565436949E-3,9.998397231E-1,1.779578809E2,1.808419162E-1,-8.008620740E-2,1.779577514E2
9.691202127E1,1.781694403E-2,7.289621863E-4,1.560134697E-3,9.998397827E-1,1.779582206E2,1.802383995E-1,-8.033427392E-2,1.779580912E2
9.691702127E1,1.782717535E-2,7.204335416E-4,1.561814919E-3,9.998396039E-1,1.779570480E2,1.804143046E-1,-7.935184252E-2,1.779569200E2
9.692202127E1,1.782349196E-2,7.238074904E-4,1.564134960E-3,9.998396635E-1,1.779574701E2,1.806867200E-1,-7.973433260E-2,1.779573414E2
9.692702127E1,1.781650211E-2,7.289074711E-4,1.565198763E-3,9.998397827E-1,1.779582712E2,1.808184606E-1,-8.031774511E-2,1.779581414E2
9.693202127E1,1.782296410E-2,7.227287861E-4,1.570635242E-3,9.998396635E-1,1.779575306E2,1.814292350E-1,-7.959756056E-2,1.779574015E2
9.693702127E1,1.782289384E-2,7.245207089E-4,1.570606837E-3,9.998396635E-1,1.779575387E2,1.814296354E-1,-7.980293772E-2,1.779574093E2
9.694202127E1,1.782333361E-2,7.238432299E-4,1.565921819E-3,9.998396635E-1,1.779574883E2,1.808915072E-1,-7.973480629E-2,1.779573594E2
9.694702127E1,1.782713571E-2,7.202527486E-4,1.562350662E-3,9.998396039E-1,1.779570525E2,1.804753141E-1,-7.933004113E-2,1.779569245E2
9.695202127E1,1.783071947E-2,7.177013322E-4,1.560772071E-3,9.998395443E-1,1.779566418E2,1.802895194E-1,-7.904029591E-2,1.779565144E2
9.695702127E1,1.782354532E-2,7.223614375E-4,1.564195380E-3,9.998396635E-1,1.779574640E2,1.806906927E-1,-7.956852058E-2,1.779573355E2
9.696202127E1,1.783030390E-2,7.181173423E-4,1.565321581E-3,9.998395443E-1,1.779566894E2,1.808115904E-1,-7.907873831E-2,1.779565616E2
9.696702127E1,1.782375598E-2,7.230987540E-4,1.561451936E-3,9.998396635E-1,1.779574399E2,1.803778896E-1,-7.965856296E-2,1.779573114E2
9.697202127E1,1.781001508E-2,7.323278114E-4,1.561274868E-3,9.998399019E-1,1.779590147E2,1.803753465E-1,-8.071880654E-2,1.779588846E2
9.697702127E1,1.780990516E-2,7.334951079E-4,1.561980578E-3,9.998399019E-1,1.779590273E2,1.804585761E-1,-8.085112698E-2,1.779588969E2
9.698202127E1,1.781999811E-2,7.250833442E-4,1.565251499E-3,9.998397231E-1,1.779578705E2,1.808169731E-1,-7.987886255E-2,1.779577415E2
9.698702127E1,1.780973683E-2,7.331336965E-4,1.564068254E-3,9.998399019E-1,1.779590466E2,1.806970173E-1,-8.080548838E-2,1.779589161E2
9.699202127E1,1.780665009E-2,7.345982012E-4,1.560419216E-3,9.998399615E-1,1.779594004E2,1.802816732E-1,-8.098128565E-2,1.779592699E2
9.699702127E1,1.781696541E-2,7.285632892E-4,1.560076838E-3,9.998397827E-1,1.779582181E2,1.802309576E-1,-8.028868526E-2,1.779580888E2
9.700202127E1,1.781644914E-2,7.292845985E-4,1.565626008E-3,9.998397827E-1,1.779582773E2,1.808681773E-1,-8.036009108E-2,1.779581474E2
9.700702127E1,1.779927330E-2,7.416117005E-4,1.564874314E-3,9.998400807E-1,1.779602458E2,1.808058203E-1,-8.177708801E-2,1.779601137E2
9.701202127E1,1.779269762E-2,7.441523485E-4,1.562279765E-3,9.998401999E-1,1.779609994E2,1.805131967E-1,-8.207465790E-2,1.779608671E2
9.701702127E1,1.780609379E-2,7.362212054E-4,1.565992483E-3,9.998399615E-1,1.779594641E2,1.809234898E-1,-8.115596627E-2,1.779593329E2
9.702202127E1,1.779925811E-2,7.394991117E-4,1.566046500E-3,9.998400807E-1,1.779602476E2,1.809358109E-1,-8.153265351E-2,1.779601158E2
9.702702127E1,1.779254244E-2,7.449905970E-4,1.563646947E-3,9.998401999E-1,1.779610172E2,1.806715364E-1,-8.216793912E-2,1.779608846E2
9.703202127E1,1.780275959E-2,7.372829132E-4,1.565344981E-3,9.998400211E-1,1.779598462E2,1.808511988E-1,-8.127953396E-2,1.779597149E2
9.703702127E1,1.780279398E-2,7.381438045E-4,1.564547885E-3,9.998400211E-1,1.779598423E2,1.807616321E-1,-8.137978910E-2,1.779597109E2
9.704202127E1,1.779271330E-2,7.461531786E-4,1.561146346E-3,9.998401999E-1,1.779609976E2,1.803874183E-1,-8.230620786E-2,1.779608650E2
9.704702127E1,1.779995826E-2,7.406260702E-4,1.557532931E-3,9.998400807E-1,1.779601673E2,1.799627366E-1,-8.167901263E-2,1.779600360E2
9.705202127E1,1.781020089E-2,7.317333366E-4,1.559432829E-3,9.998399019E-1,1.779589934E2,1.801630989E-1,-8.065442176E-2,1.779588636E2
9.705702127E1,1.780677852E-2,7.348397630E-4,1.558839111E-3,9.998399615E-1,1.779593856E2,1.801011383E-1,-8.101216345E-2,1.779592553E2
9.706202127E1,1.780674932E-2,7.343520992E-4,1.559402328E-3,9.998399615E-1,1.779593890E2,1.801646705E-1,-8.095514615E-2,1.779592587E2
9.706702127E1,1.781011046E-2,7.316810661E-4,1.560489880E-3,9.998399019E-1,1.779590038E2,1.802840950E-1,-8.064629179E-2,1.779588739E2
9.707202127E1,1.781335182E-2,7.295341929E-4,1.562685939E-3,9.998398423E-1,1.779586323E2,1.805315837E-1,-8.039525006E-2,1.779585026E2
9.707702127E1,1.780998596E-2,7.321187295E-4,1.561705023E-3,9.998399019E-1,1.779590180E2,1.804242017E-1,-8.069397865E-2,1.779588879E2
9.708202127E1,1.781356213E-2,7.300260477E-4,1.560056699E-3,9.998398423E-1,1.779586082E2,1.802313633E-1,-8.045693286E-2,1.779584786E2
9.708702127E1,1.781718106E-2,7.277423283E-4,1.557995798E-3,9.998397827E-1,1.779581934E2,1.799908662E-1,-8.019883537E-2,1.779580644E2
9.709202127E1,1.781412729E-2,7.293139352E-4,1.553924289E-3,9.998398423E-1,1.779585434E2,1.795273426E-1,-8.038776113E-2,1.779584144E2
9.709702127E1,1.782707665E-2,7.211471093E-4,1.562612015E-3,9.998396039E-1,1.779570593E2,1.805070809E-1,-7.943198765E-2,1.779569311E2
9.710202127E1,1.782729685E-2,7.203964051E-4,1.560444594E-3,9.998396039E-1,1.779570340E2,1.802572354E-1,-7.935036531E-2,1.779569062E2
9.710702127E1,1.782076236E-2,7.264188025E-4,1.555903465E-3,9.998397231E-1,1.779577830E2,1.797487241E-1,-8.005082307E-2,1.779576544E2
9.711202127E1,1.782369009E-2,7.223681314E-4,1.562541816E-3,9.998396635E-1,1.779574474E2,1.805012633E-1,-7.957263889E-2,1.779573190E2
9.711702127E1,1.783362655E-2,7.161699468E-4,1.566434279E-3,9.998394847E-1,1.779563086E2,1.809353585E-1,-7.885274404E-2,1.779561811E2
9.712202127E1,1.783035918E-2,7.193321944E-4,1.564133679E-3,9.998395443E-1,1.779566831E2,1.806779753E-1,-7.922034512E-2,1.779565551E2
9.712702127E1,1.783084301E-2,7.172572659E-4,1.559564378E-3,9.998395443E-1,1.779566276E2,1.801502520E-1,-7.899186333E-2,1.779565004E2
9.713202127E1,1.784407290E-2,7.093429449E-4,1.564709819E-3,9.998393059E-1,1.779551113E2,1.807246425E-1,-7.807218857E-2,1.779549852E2
9.713702127E1,1.784009577E-2,7.114098407E-4,1.571022207E-3,9.998393655E-1,1.779555672E2,1.814517908E-1,-7.829681294E-2,1.779554401E2
9.714202127E1,1.784060345E-2,7.104388787E-4,1.565687358E-3,9.998393655E-1,1.779555090E2,1.808386127E-1,-7.819638174E-2,1.779553825E2
9.714702127E1,1.785064678E-2,7.036520983E-4,1.568465959E-3,9.998391867E-1,1.779543579E2,1.811438671E-1,-7.741129814E-2,1.779542325E2
9.715202127E1,1.785056672E-2,7.048582775E-4,1.568835462E-3,9.998391867E-1,1.779543671E2,1.811886638E-1,-7.754875255E-2,1.779542414E2
9.715702127E1,1.783367542E-2,7.156650536E-4,1.566108549E-3,9.998394847E-1,1.779563030E2,1.808970103E-1,-7.879555365E-2,1.779561756E2
9.716202127E1,1.784084565E-2,7.102884701E-4,1.562993508E-3,9.998393655E-1,1.779554812E2,1.805296801E-1,-7.818461283E-2,1.779553550E2
9.716702127E1,1.784722980E-2,7.053621812E-4,1.568586915E-3,9.998392463E-1,1.779547495E2,1.811609588E-1,-7.760759946E-2,1.779546238E2
9.717202127E1,1.783313963E-2,7.168622105E-4,1.571652363E-3,9.998394847E-1,1.779563644E2,1.815345894E-1,-7.892148305E-2,1.779562363E2
9.717702127E1,1.783030705E-2,7.183169946E-4,1.565194107E-3,9.998395443E-1,1.779566890E2,1.807973934E-1,-7.910187302E-2,1.779565612E2
9.718202127E1,1.784017958E-2,7.116096676E-4,1.569979708E-3,9.998393655E-1,1.779555576E2,1.813327631E-1,-7.832182389E-2,1.779554306E2
9.718702127E1,1.783313613E-2,7.154450868E-4,1.572337700E-3,9.998394847E-1,1.779563648E2,1.816102142E-1,-7.875771868E-2,1.779562369E2
9.719202127E1,1.781954692E-2,7.257215329E-4,1.570084947E-3,9.998397231E-1,1.779579223E2,1.813720259E-1,-7.994219311E-2,1.779577927E2
9.719702127E1,1.783011902E-2,7.188984891E-4,1.567068044E-3,9.998395443E-1,1.779567106E2,1.810132705E-1,-7.916470168E-2,1.779565825E2
9.720202127E1,1.783710410E-2,7.135588676E-4,1.566075603E-3,9.998394251E-1,1.779559100E2,1.808892000E-1,-7.855368817E-2,1.779557830E2
9.720702127E1,1.783009980E-2,7.193150232E-4,1.567095518E-3,9.998395443E-1,1.779567128E2,1.810172680E-1,-7.921237267E-2,1.779565846E2
9.721202127E1,1.782684354E-2,7.209341857E-4,1.565367216E-3,9.998396039E-1,1.779570860E2,1.808223006E-1,-7.940200569E-2,1.779569577E2
9.721702127E1,1.783395026E-2,7.151821628E-4,1.563196769E-3,9.998394847E-1,1.779562715E2,1.805624319E-1,-7.874612853E-2,1.779561444E2
9.722202127E1,1.782729007E-2,7.204930880E-4,1.560477423E-3,9.998396039E-1,1.779570348E2,1.802611938E-1,-7.936137674E-2,1.779569070E2
9.722702127E1,1.782394099E-2,7.240226842E-4,1.558909775E-3,9.998396635E-1,1.779574187E2,1.800885273E-1,-7.976957988E-2,1.779572903E2
9.723202127E1,1.782777568E-2,7.202779525E-4,1.555019408E-3,9.998396039E-1,1.779569792E2,1.796354484E-1,-7.934779138E-2,1.779568518E2
9.723702127E1,1.782837811E-2,7.197791710E-4,1.548329135E-3,9.998396039E-1,1.779569101E2,1.788679487E-1,-7.930420512E-2,1.779567833E2
9.724202127E1,1.782496567E-2,7.222823915E-4,1.547962544E-3,9.998396635E-1,1.779573012E2,1.788307903E-1,-7.959236650E-2,1.779571740E2
9.724702127E1,1.782820217E-2,7.196372608E-4,1.550419605E-3,9.998396039E-1,1.779569303E2,1.791071573E-1,-7.928370645E-2,1.779568034E2
9.725202127E1,1.782164565E-2,7.240374107E-4,1.546870102E-3,9.998397231E-1,1.779576817E2,1.787089458E-1,-7.979626970E-2,1.779575543E2
9.725702127E1,1.781501419E-2,7.303495076E-4,1.543233520E-3,9.998398423E-1,1.779584418E2,1.783046486E-1,-8.052807687E-2,1.779583135E2
9.726202127E1,1.782186249E-2,7.257230463E-4,1.543578459E-3,9.998397231E-1,1.779576569E2,1.783352709E-1,-7.999608242E-2,1.779575294E2
9.726702127E1,1.782192086E-2,7.235633675E-4,1.543918392E-3,9.998397231E-1,1.779576502E2,1.783698115E-1,-7.974793633E-2,1.779575231E2
9.727202127E1,1.781534254E-2,7.291875663E-4,1.539989025E-3,9.998398423E-1,1.779584041E2,1.779305691E-1,-8.040151494E-2,1.779582763E2
9.727702127E1,1.782634369E-2,7.212798228E-4,1.532483962E-3,9.998396635E-1,1.779571433E2,1.770554153E-1,-7.950887334E-2,1.779570175E2
9.728202127E1,1.784340717E-2,7.102731615E-4,1.533481176E-3,9.998393655E-1,1.779551876E2,1.771485170E-1,-7.824274412E-2,1.779550638E2
9.728702127E1,1.784379171E-2,7.100203657E-4,1.529117464E-3,9.998393655E-1,1.779551436E2,1.766480643E-1,-7.822263560E-2,1.779550201E2
9.729202127E1,1.784410871E-2,7.102835225E-4,1.525291358E-3,9.998393655E-1,1.779551072E2,1.762102568E-1,-7.826055436E-2,1.779549840E2
9.729702127E1,1.785105816E-2,7.050888962E-4,1.524527557E-3,9.998392463E-1,1.779543108E2,1.761126615E-1,-7.766572722E-2,1.779541885E2
9.730202127E1,1.784032652E-2,7.119755028E-4,1.529667410E-3,9.998394251E-1,1.779555407E2,1.767148001E-1,-7.844612980E-2,1.779554168E2
9.730702127E1,1.783692411E-2,7.154259365E-4,1.528775902E-3,9.998394847E-1,1.779559307E2,1.766194437E-1,-7.884388075E-2,1.779558062E2
9.731202127E1,1.783373550E-2,7.159310044E-4,1.526755514E-3,9.998395443E-1,1.779562961E2,1.763887416E-1,-7.890644038E-2,1.779561717E2
9.731702127E1,1.784027048E-2,7.114151376E-4,1.530581387E-3,9.998394251E-1,1.779555471E2,1.768183675E-1,-7.838006827E-2,1.779554233E2
9.732202127E1,1.784718816E-2,7.072178414E-4,1.529751578E-3,9.998393059E-1,1.779547543E2,1.767152501E-1,-7.789964444E-2,1.779546313E2
9.732702127E1,1.784417689E-2,7.085012621E-4,1.525322557E-3,9.998393655E-1,1.779550994E2,1.762101918E-1,-7.805627927E-2,1.779549765E2
9.733202127E1,1.786449208E-2,6.958239246E-4,1.527784159E-3,9.998390079E-1,1.779527711E2,1.764678554E-1,-7.659517684E-2,1.779526503E2
9.733702127E1,1.787092689E-2,6.908298819E-4,1.532800961E-3,9.998388886E-1,1.779520336E2,1.770329118E-1,-7.601158364E-2,1.779519133E2
9.734202127E1,1.786463647E-2,6.939639570E-4,1.526941545E-3,9.998390079E-1,1.779527546E2,1.763675169E-1,-7.638377405E-2,1.779526341E2
9.734702127E1,1.786183729E-2,6.976427394E-4,1.518962090E-3,9.998390675E-1,1.779530754E2,1.754606002E-1,-7.682209100E-2,1.779529549E2
9.735202127E1,1.787562252E-2,6.872434169E-4,1.518472563E-3,9.998388290E-1,1.779514954E2,1.753842669E-1,-7.562919166E-2,1.779513768E2
9.735702127E1,1.788234360E-2,6.832891377E-4,1.519613899E-3,9.998387098E-1,1.779507251E2,1.755074377E-1,-7.517261966E-2,1.779506072E2
9.736202127E1,1.787215374E-2,6.902001915E-4,1.518715639E-3,9.998388886E-1,1.779518930E2,1.754179110E-1,-7.596806923E-2,1.779517739E2
9.736702127E1,1.787545471E-2,6.877320120E-4,1.520225778E-3,9.998388290E-1,1.779515147E2,1.755861271E-1,-7.568160951E-2,1.779513959E2
9.737202127E1,1.787547292E-2,6.878946442E-4,1.519938116E-3,9.998388290E-1,1.779515126E2,1.755535032E-1,-7.570082887E-2,1.779513938E2
9.737702127E1,1.786545643E-2,6.937221624E-4,1.517428318E-3,9.998390079E-1,1.779526606E2,1.752771209E-1,-7.637540317E-2,1.779525409E2
9.738202127E1,1.786206498E-2,6.971351104E-4,1.516515622E-3,9.998390675E-1,1.779530493E2,1.751792781E-1,-7.676889822E-2,1.779529291E2
9.738702127E1,1.786137163E-2,6.964447675E-4,1.524975640E-3,9.998390675E-1,1.779531287E2,1.761471054E-1,-7.667260824E-2,1.779530080E2
9.739202127E1,1.785754429E-2,6.995138829E-4,1.529308502E-3,9.998391271E-1,1.779535674E2,1.766495245E-1,-7.701605383E-2,1.779534458E2
9.739702127E1,1.785800465E-2,7.000716869E-4,1.523667248E-3,9.998391271E-1,1.779535146E2,1.760043635E-1,-7.709142670E-2,1.779533933E2
9.740202127E1,1.786186194E-2,6.974989083E-4,1.518738223E-3,9.998390675E-1,1.779530725E2,1.754346584E-1,-7.680606573E-2,1.779529521E2
9.740702127E1,1.785805353E-2,7.001863560E-4,1.523041516E-3,9.998391271E-1,1.779535090E2,1.759329096E-1,-7.710583666E-2,1.779533878E2
9.741202127E1,1.785190366E-2,7.045675884E-4,1.514837379E-3,9.998392463E-1,1.779542139E2,1.750014228E-1,-7.762567459E-2,1.779540925E2
9.741702127E1,1.785185803E-2,7.041734643E-4,1.515558222E-3,9.998392463E-1,1.779542191E2,1.750832024E-1,-7.757905182E-2,1.779540977E2
9.742202127E1,1.785518327E-2,7.008060347E-4,1.517268480E-3,9.998391867E-1,1.779538380E2,1.752725195E-1,-7.718915293E-2,1.779537171E2
9.742702127E1,1.785502160E-2,7.020522025E-4,1.518594334E-3,9.998391867E-1,1.779538565E2,1.754269649E-1,-7.732924578E-2,1.779537353E2
9.743202127E1,1.785858645E-2,6.995010772E-4,1.517096069E-3,9.998391271E-1,1.779534479E2,1.752503575E-1,-7.703939608E-2,1.779533273E2
9.743702127E1,1.785508749E-2,7.021225756E-4,1.517786877E-3,9.998391867E-1,1.779538490E2,1.753346009E-1,-7.733894927E-2,1.779537278E2
9.744202127E1,1.785863106E-2,6.981815095E-4,1.517178840E-3,9.998391271E-1,1.779534428E2,1.752571434E-1,-7.688803181E-2,1.779533224E2
9.744702127E1,1.786202295E-2,6.977710291E-4,1.516718301E-3,9.998390675E-1,1.779530541E2,1.752037983E-1,-7.684134993E-2,1.779529337E2
9.745202127E1,1.786589549E-2,6.939255400E-4,1.512156799E-3,9.998390079E-1,1.779526103E2,1.746735947E-1,-7.640942074E-2,1.779524909E2
9.745702127E1,1.786190040E-2,6.962638581E-4,1.518852660E-3,9.998390675E-1,1.779530681E2,1.754452444E-1,-7.666432114E-2,1.779529479E2
9.746202127E1,1.785866692E-2,6.979091559E-4,1.516881981E-3,9.998391271E-1,1.779534387E2,1.752225765E-1,-7.685742865E-2,1.779533183E2
9.746702127E1,1.786256262E-2,6.961033796E-4,1.511118491E-3,9.998390675E-1,1.779529922E2,1.745588360E-1,-7.666165041E-2,1.779528726E2
9.747202127E1,1.785563353E-2,7.009443361E-4,1.511896378E-3,9.998391867E-1,1.779537864E2,1.746573368E-1,-7.721591218E-2,1.779536658E2
9.747702127E1,1.785219839E-2,7.048047264E-4,1.511249458E-3,9.998392463E-1,1.779541801E2,1.745908503E-1,-7.766013295E-2,1.779540589E2
9.748202127E1,1.785184647E-2,7.050734130E-4,1.515275915E-3,9.998392463E-1,1.779542204E2,1.750526980E-1,-7.768274137E-2,1.779540989E2
9.748702127E1,1.785877743E-2,6.982454215E-4,1.515425509E-3,9.998391271E-1,1.779534261E2,1.750564002E-1,-7.689891710E-2,1.779533057E2
9.749202127E1,1.786553803E-2,6.952584372E-4,1.515763579E-3,9.998390079E-1,1.779526512E2,1.750895379E-1,-7.655481305E-2,1.779525314E2
9.749702127E1,1.785913991E-2,6.982834893E-4,1.511130133E-3,9.998391271E-1,1.779533845E2,1.745643698E-1,-7.691200623E-2,1.779532645E2
9.750202127E1,1.785600580E-2,7.002534694E-4,1.507814392E-3,9.998391867E-1,1.779537437E2,1.741882642E-1,-7.714504520E-2,1.779536236E2
9.750702127E1,1.785876658E-2,6.991856499E-4,1.515119802E-3,9.998391271E-1,1.779534273E2,1.750232980E-1,-7.700726960E-2,1.779533068E2
9.751202127E1,1.785566547E-2,7.010886329E-4,1.511452137E-3,9.998391867E-1,1.779537827E2,1.746067364E-1,-7.723334816E-2,1.779536622E2
9.751702127E1,1.784910909E-2,7.059655036E-4,1.507759793E-3,9.998393059E-1,1.779545341E2,1.741931617E-1,-7.780080440E-2,1.779544130E2
9.752202127E1,1.785282058E-2,7.022946374E-4,1.505055348E-3,9.998392463E-1,1.779541088E2,1.738760817E-1,-7.738510799E-2,1.779539885E2
9.752702127E1,1.784889086E-2,7.064283127E-4,1.510124537E-3,9.998393059E-1,1.779545592E2,1.744650286E-1,-7.784903095E-2,1.779544378E2
9.753202127E1,1.783854427E-2,7.125492557E-4,1.511113369E-3,9.998394847E-1,1.779557450E2,1.745900312E-1,-7.855011103E-2,1.779556224E2
9.753702127E1,1.783854376E-2,7.132619503E-4,1.510783099E-3,9.998394847E-1,1.779557450E2,1.745536481E-1,-7.863244199E-2,1.779556224E2
9.754202127E1,1.784864376E-2,7.064287202E-4,1.513042138E-3,9.998393059E-1,1.779545875E2,1.747992899E-1,-7.784315301E-2,1.779544659E2
9.754702127E1,1.783501312E-2,7.158434018E-4,1.511799172E-3,9.998395443E-1,1.779561497E2,1.746750623E-1,-7.892674688E-2,1.779560265E2
9.755202127E1,1.782811284E-2,7.218953106E-4,1.511469716E-3,9.998396635E-1,1.779569405E2,1.746491367E-1,-7.962201225E-2,1.779568163E2
9.755702127E1,1.783524650E-2,7.156899082E-4,1.509116148E-3,9.998395443E-1,1.779561229E2,1.743673634E-1,-7.891460367E-2,1.779560000E2
9.756202127E1,1.784210452E-2,7.108110585E-4,1.509336173E-3,9.998394251E-1,1.779553369E2,1.743831368E-1,-7.835397232E-2,1.779552149E2
9.756702127E1,1.783481856E-2,7.154083578E-4,1.514298259E-3,9.998395443E-1,1.779561720E2,1.749604870E-1,-7.887182872E-2,1.779560487E2
9.757202127E1,1.783119863E-2,7.193365018E-4,1.515711658E-3,9.998396039E-1,1.779565869E2,1.751301673E-1,-7.931963413E-2,1.779564628E2
9.757702127E1,1.783788574E-2,7.129147416E-4,1.518695615E-3,9.998394847E-1,1.779558204E2,1.754594515E-1,-7.857660131E-2,1.779556973E2
9.758202127E1,1.784123699E-2,7.122652023E-4,1.518875477E-3,9.998394251E-1,1.779554364E2,1.754789941E-1,-7.850122567E-2,1.779553133E2
9.758702127E1,1.783129520E-2,7.194114150E-4,1.514539472E-3,9.998396039E-1,1.779565758E2,1.749960266E-1,-7.933059556E-2,1.779564518E2
9.759202127E1,1.783809717E-2,7.139299414E-4,1.515732496E-3,9.998394847E-1,1.779557962E2,1.751220486E-1,-7.869893619E-2,1.779556731E2
9.759702127E1,1.784826916E-2,7.058798219E-4,1.517710043E-3,9.998393059E-1,1.779546304E2,1.753329562E-1,-7.777078181E-2,1.779545085E2
9.760202127E1,1.783774454E-2,7.137728971E-4,1.519950572E-3,9.998394847E-1,1.779558366E2,1.756049797E-1,-7.867238237E-2,1.779557132E2
9.760702127E1,1.783087811E-2,7.195367361E-4,1.519382815E-3,9.998396039E-1,1.779566236E2,1.755511686E-1,-7.933513014E-2,1.779564992E2
9.761202127E1,1.784092080E-2,7.115112385E-4,1.522937440E-3,9.998394251E-1,1.779554726E2,1.759428210E-1,-7.840659224E-2,1.779553493E2
9.761702127E1,1.784472676E-2,7.077959017E-4,1.519204932E-3,9.998393655E-1,1.779550364E2,1.755078742E-1,-7.798787738E-2,1.779549141E2
9.762202127E1,1.783843523E-2,7.136308705E-4,1.511889859E-3,9.998394847E-1,1.779557575E2,1.746811993E-1,-7.867246680E-2,1.779556347E2
9.762702127E1,1.783477074E-2,7.151618483E-4,1.514977776E-3,9.998395443E-1,1.779561775E2,1.750378339E-1,-7.884220488E-2,1.779560542E2
9.763202127E1,1.784466915E-2,7.094877656E-4,1.519092475E-3,9.998393655E-1,1.779550430E2,1.754984453E-1,-7.818195973E-2,1.779549204E2
9.763702127E1,1.784439275E-2,7.099622744E-4,1.522114617E-3,9.998393655E-1,1.779550747E2,1.758456516E-1,-7.823019413E-2,1.779549517E2
9.764202127E1,1.783445694E-2,7.162617985E-4,1.518148929E-3,9.998395443E-1,1.779562134E2,1.754033878E-1,-7.896180344E-2,1.779560897E2
9.764702127E1,1.784443959E-2,7.100554067E-4,1.521521946E-3,9.998393655E-1,1.779550693E2,1.757779414E-1,-7.824206834E-2,1.779549464E2
9.765202127E1,1.784794541E-2,7.059384370E-4,1.521485276E-3,9.998393059E-1,1.779546675E2,1.757655926E-1,-7.776983264E-2,1.779545453E2
9.765702127E1,1.783768483E-2,7.133437321E-4,1.520852442E-3,9.998394847E-1,1.779558435E2,1.757074280E-1,-7.862137846E-2,1.779557200E2
9.766202127E1,1.783760298E-2,7.131890743E-4,1.521884697E-3,9.998394847E-1,1.779558529E2,1.758253745E-1,-7.860156311E-2,1.779557294E2
9.766702127E1,1.785149018E-2,7.050968125E-4,1.519456855E-3,9.998392463E-1,1.779542612E2,1.755317431E-1,-7.767693153E-2,1.779541394E2
9.767202127E1,1.785152993E-2,7.050730637E-4,1.519000740E-3,9.998392463E-1,1.779542567E2,1.754794389E-1,-7.767513669E-2,1.779541349E2
9.767702127E1,1.784084612E-2,7.109855069E-4,1.524057472E-3,9.998394251E-1,1.779554812E2,1.760700662E-1,-7.834408068E-2,1.779553579E2
9.768202127E1,1.784414536E-2,7.086656988E-4,1.525614993E-3,9.998393655E-1,1.779551030E2,1.762440309E-1,-7.807452685E-2,1.779549801E2
9.768702127E1,1.785476172E-2,7.027538377E-4,1.521322876E-3,9.998391867E-1,1.779538863E2,1.757409992E-1,-7.740409699E-2,1.779537647E2
9.769202127E1,1.785116890E-2,7.046845858E-4,1.523417421E-3,9.998392463E-1,1.779542981E2,1.759846506E-1,-7.762165561E-2,1.779541760E2
9.769702127E1,1.784739347E-2,7.079567877E-4,1.527011977E-3,9.998393059E-1,1.779547308E2,1.764028918E-1,-7.798987486E-2,1.779546078E2
9.770202127E1,1.785089374E-2,7.054213202E-4,1.526298001E-3,9.998392463E-1,1.779543296E2,1.763161748E-1,-7.770022128E-2,1.779542072E2
9.770702127E1,1.785818985E-2,6.994751166E-4,1.521769445E-3,9.998391271E-1,1.779534934E2,1.757857189E-1,-7.702692704E-2,1.779533724E2
9.771202127E1,1.785146520E-2,7.041522767E-4,1.520188176E-3,9.998392463E-1,1.779542641E2,1.756135987E-1,-7.756722135E-2,1.779541424E2
9.771702127E1,1.784423786E-2,7.083849632E-4,1.524663181E-3,9.998393655E-1,1.779550924E2,1.761344116E-1,-7.804429216E-2,1.779549696E2
9.772202127E1,1.785129447E-2,7.040814962E-4,1.522224396E-3,9.998392463E-1,1.779542837E2,1.758467375E-1,-7.755497623E-2,1.779541618E2
9.772702127E1,1.785156879E-2,7.034700830E-4,1.519287238E-3,9.998392463E-1,1.779542522E2,1.755089873E-1,-7.749088515E-2,1.779541307E2
9.773202127E1,1.784783204E-2,7.060041535E-4,1.522784121E-3,9.998393059E-1,1.779546805E2,1.759145315E-1,-7.777472533E-2,1.779545582E2
9.773702127E1,1.784764241E-2,7.064958336E-4,1.524777384E-3,9.998393059E-1,1.779547022E2,1.761438977E-1,-7.782701521E-2,1.779545797E2
9.774202127E1,1.785169483E-2,7.031193818E-4,1.517968019E-3,9.998392463E-1,1.779542378E2,1.753571320E-1,-7.745338090E-2,1.779541164E2
9.774702127E1,1.784841636E-2,7.063233643E-4,1.515771379E-3,9.998393059E-1,1.779546135E2,1.751117554E-1,-7.782553941E-2,1.779544917E2
9.775202127E1,1.784782766E-2,7.071643486E-4,1.522297040E-3,9.998393059E-1,1.779546810E2,1.758610978E-1,-7.790864961E-2,1.779545586E2
9.775702127E1,1.785070437E-2,7.050801069E-4,1.528668567E-3,9.998392463E-1,1.779543513E2,1.765870660E-1,-7.765631140E-2,1.779542287E2
9.776202127E1,1.785061453E-2,7.052222500E-4,1.529651810E-3,9.998392463E-1,1.779543616E2,1.767000035E-1,-7.767060168E-2,1.779542389E2
9.776702127E1,1.784659304E-2,7.084750105E-4,1.536099589E-3,9.998393059E-1,1.779548225E2,1.774450892E-1,-7.803080458E-2,1.779546987E2
9.777202127E1,1.784962909E-2,7.042402867E-4,1.541557373E-3,9.998392463E-1,1.779544745E2,1.780619802E-1,-7.753391584E-2,1.779543511E2
9.777702127E1,1.784965993E-2,7.062021759E-4,1.540302299E-3,9.998392463E-1,1.779544710E2,1.779221980E-1,-7.776125755E-2,1.779543473E2
9.778202127E1,1.784261708E-2,7.093398017E-4,1.543076360E-3,9.998393655E-1,1.779552782E2,1.782459006E-1,-7.811632642E-2,1.779551537E2
9.778702127E1,1.784225082E-2,7.102368400E-4,1.546894084E-3,9.998393655E-1,1.779553202E2,1.786851165E-1,-7.821136217E-2,1.779551952E2
9.779202127E1,1.784524119E-2,7.090186118E-4,1.551477239E-3,9.998393059E-1,1.779549774E2,1.792079670E-1,-7.806187871E-2,1.779548524E2
9.779702127E1,1.783889179E-2,7.119547809E-4,1.546318759E-3,9.998394251E-1,1.779557051E2,1.786224492E-1,-7.840996861E-2,1.779555800E2
9.780202127E1,1.783529451E-2,7.155825151E-4,1.547599095E-3,9.998394847E-1,1.779561174E2,1.787762753E-1,-7.882363557E-2,1.779559915E2
9.780702127E1,1.784200513E-2,7.114771870E-4,1.549156266E-3,9.998393655E-1,1.779553483E2,1.789468199E-1,-7.834889119E-2,1.779552230E2
9.781202127E1,1.783883956E-2,7.126710843E-4,1.546591404E-3,9.998394251E-1,1.779557111E2,1.786551475E-1,-7.849148976E-2,1.779555858E2
9.781702127E1,1.782874925E-2,7.196507067E-4,1.544109546E-3,9.998396039E-1,1.779568676E2,1.783842622E-1,-7.929804142E-2,1.779567412E2
9.782202127E1,1.782471543E-2,7.226047455E-4,1.550691202E-3,9.998396635E-1,1.779573299E2,1.791440611E-1,-7.962377060E-2,1.779572024E2
9.782702127E1,1.782138009E-2,7.239897968E-4,1.549948822E-3,9.998397231E-1,1.779577122E2,1.790615673E-1,-7.978457419E-2,1.779575845E2
9.783202127E1,1.781887411E-2,7.271028589E-4,1.538813696E-3,9.998397827E-1,1.779579994E2,1.777919338E-1,-8.016443481E-2,1.779578720E2
9.783702127E1,1.782262547E-2,7.240854902E-4,1.535517047E-3,9.998397231E-1,1.779575694E2,1.774083622E-1,-7.982479127E-2,1.779574429E2
9.784202127E1,1.783986774E-2,7.122975076E-4,1.534859301E-3,9.998394251E-1,1.779555933E2,1.773102758E-1,-7.847248957E-2,1.779554689E2
9.784702127E1,1.783982156E-2,7.109906292E-4,1.536001568E-3,9.998394251E-1,1.779555986E2,1.774384736E-1,-7.832042924E-2,1.779554744E2
9.785202127E1,1.784025435E-2,7.114823675E-4,1.530738198E-3,9.998394251E-1,1.779555490E2,1.768364701E-1,-7.838745326E-2,1.779554251E2
9.785702127E1,1.783972663E-2,7.109892904E-4,1.537104370E-3,9.998394251E-1,1.779556095E2,1.775648154E-1,-7.831803812E-2,1.779554852E2
9.786202127E1,1.783930517E-2,7.115459302E-4,1.541731181E-3,9.998394251E-1,1.779556578E2,1.780960306E-1,-7.837243011E-2,1.779555330E2
9.786702127E1,1.782918531E-2,7.188510499E-4,1.539440011E-3,9.998396039E-1,1.779568176E2,1.778476574E-1,-7.921588516E-2,1.779566917E2
9.787202127E1,1.782957959E-2,7.187741576E-4,1.534902840E-3,9.998396039E-1,1.779567724E2,1.773276918E-1,-7.921627580E-2,1.779566469E2
9.787702127E1,1.784300344E-2,7.107877173E-4,1.537933946E-3,9.998393655E-1,1.779552339E2,1.776597073E-1,-7.829266499E-2,1.779551096E2
9.788202127E1,1.784275025E-2,7.103485987E-4,1.541071106E-3,9.998393655E-1,1.779552629E2,1.780182249E-1,-7.823598403E-2,1.779551384E2
9.788702127E1,1.784326308E-2,7.106086123E-4,1.535001560E-3,9.998393655E-1,1.779552042E2,1.773233875E-1,-7.827809441E-2,1.779550801E2
9.789202127E1,1.784981827E-2,7.046203245E-4,1.539191348E-3,9.998392463E-1,1.779544529E2,1.777916885E-1,-7.758226415E-2,1.779543296E2
9.789702127E1,1.786661138E-2,6.937392172E-4,1.542882528E-3,9.998389482E-1,1.779525282E2,1.781936214E-1,-7.632503759E-2,1.779524066E2
9.790202127E1,1.785629832E-2,6.999113830E-4,1.543608378E-3,9.998391271E-1,1.779537102E2,1.782886289E-1,-7.703255489E-2,1.779535874E2
9.790702127E1,1.783936034E-2,7.116004708E-4,1.541067497E-3,9.998394251E-1,1.779556514E2,1.780201058E-1,-7.838002598E-2,1.779555267E2
9.791202127E1,1.784265320E-2,7.090630243E-4,1.542785903E-3,9.998393655E-1,1.779552740E2,1.782120588E-1,-7.808520262E-2,1.779551497E2
9.791702127E1,1.784941244E-2,7.062884979E-4,1.543128048E-3,9.998392463E-1,1.779544994E2,1.782461114E-1,-7.776541165E-2,1.779543755E2
9.792202127E1,1.783905728E-2,7.131404127E-4,1.543861348E-3,9.998394251E-1,1.779556862E2,1.783433320E-1,-7.855080446E-2,1.779555610E2
9.792702127E1,1.784234125E-2,7.099093054E-4,1.546001062E-3,9.998393655E-1,1.779553098E2,1.785821371E-1,-7.817564530E-2,1.779551850E2
9.793202127E1,1.784895375E-2,7.054508897E-4,1.548806438E-3,9.998392463E-1,1.779545519E2,1.788949553E-1,-7.765791103E-2,1.779544277E2
9.793702127E1,1.785222288E-2,7.025763625E-4,1.550911693E-3,9.998391867E-1,1.779541773E2,1.791305341E-1,-7.732367537E-2,1.779540534E2
9.794202127E1,1.785231112E-2,7.038455224E-4,1.549319713E-3,9.998391867E-1,1.779541672E2,1.789507391E-1,-7.747232819E-2,1.779540432E2
9.794702127E1,1.785586932E-2,7.005656371E-4,1.548267086E-3,9.998391271E-1,1.779537594E2,1.788236993E-1,-7.709805844E-2,1.779536361E2
9.795202127E1,1.785587912E-2,6.999847246E-4,1.548416796E-3,9.998391271E-1,1.779537582E2,1.788396640E-1,-7.703119336E-2,1.779536351E2
9.795702127E1,1.785239291E-2,7.032128633E-4,1.548664412E-3,9.998391867E-1,1.779541578E2,1.788743707E-1,-7.740116845E-2,1.779540340E2
9.796202127E1,1.785268401E-2,7.025699597E-4,1.545597450E-3,9.998391867E-1,1.779541244E2,1.785216852E-1,-7.733373154E-2,1.779540010E2
9.796702127E1,1.785933531E-2,6.973897107E-4,1.548215863E-3,9.998390675E-1,1.779533621E2,1.788115970E-1,-7.673366743E-2,1.779532394E2
9.797202127E1,1.786287311E-2,6.963412743E-4,1.546365325E-3,9.998390079E-1,1.779529566E2,1.785976994E-1,-7.661670023E-2,1.779528343E2
9.797702127E1,1.785244431E-2,7.029537810E-4,1.548189437E-3,9.998391867E-1,1.779541519E2,1.788194251E-1,-7.737244711E-2,1.779540282E2
9.798202127E1,1.784905444E-2,7.056089817E-4,1.547573484E-3,9.998392463E-1,1.779545404E2,1.787540226E-1,-7.767852810E-2,1.779544163E2
9.798702127E1,1.785239637E-2,7.035777089E-4,1.548458706E-3,9.998391867E-1,1.779541574E2,1.788515490E-1,-7.744339020E-2,1.779540336E2
9.799202127E1,1.785890956E-2,6.992812851E-4,1.552268513E-3,9.998390675E-1,1.779534109E2,1.792797624E-1,-7.694217306E-2,1.779532876E2
9.799702127E1,1.785193043E-2,7.034994778E-4,1.553856768E-3,9.998391867E-1,1.779542108E2,1.794698278E-1,-7.742346697E-2,1.779540866E2
9.800202127E1,1.786186613E-2,6.959905731E-4,1.558110467E-3,9.998390079E-1,1.779530721E2,1.799425862E-1,-7.655265751E-2,1.779529489E2
9.800702127E1,1.786213542E-2,6.960344617E-4,1.555000548E-3,9.998390079E-1,1.779530412E2,1.795863824E-1,-7.656400342E-2,1.779529182E2
9.801202127E1,1.786905991E-2,6.920159794E-4,1.553886919E-3,9.998388886E-1,1.779522476E2,1.794510904E-1,-7.610462999E-2,1.779521254E2
9.801702127E1,1.786546045E-2,6.934289122E-4,1.556291129E-3,9.998389482E-1,1.779526601E2,1.797291682E-1,-7.626223790E-2,1.779525375E2
9.802202127E1,1.786916996E-2,6.908148061E-4,1.553155715E-3,9.998388886E-1,1.779522350E2,1.793648621E-1,-7.596848538E-2,1.779521131E2
9.802702127E1,1.786559496E-2,6.926853093E-4,1.555077615E-3,9.998389482E-1,1.779526447E2,1.795886194E-1,-7.617950131E-2,1.779525223E2
9.803202127E1,1.786201224E-2,6.970368559E-4,1.555966213E-3,9.998390079E-1,1.779530553E2,1.796990647E-1,-7.667689633E-2,1.779529321E2
9.803702127E1,1.786145075E-2,6.960357423E-4,1.562844845E-3,9.998390079E-1,1.779531197E2,1.804850811E-1,-7.654821665E-2,1.779529961E2
9.804202127E1,1.787213586E-2,6.897631101E-4,1.557860523E-3,9.998388290E-1,1.779518950E2,1.799019795E-1,-7.583782119E-2,1.779517730E2
9.804702127E1,1.786886632E-2,6.903752801E-4,1.556840143E-3,9.998388886E-1,1.779522698E2,1.797860767E-1,-7.591063720E-2,1.779521477E2
9.805202127E1,1.786873828E-2,6.921236054E-4,1.557533280E-3,9.998388886E-1,1.779522844E2,1.798690626E-1,-7.610955199E-2,1.779521620E2
9.805702127E1,1.786198425E-2,6.957031437E-4,1.556884148E-3,9.998390079E-1,1.779530585E2,1.798015032E-1,-7.652221477E-2,1.779529355E2
9.806202127E1,1.786899396E-2,6.914106780E-4,1.554914401E-3,9.998388886E-1,1.779522551E2,1.795675679E-1,-7.603318649E-2,1.779521330E2
9.806702127E1,1.786890751E-2,6.899575819E-4,1.556552481E-3,9.998388886E-1,1.779522650E2,1.797522659E-1,-7.586336186E-2,1.779521431E2
9.807202127E1,1.787215240E-2,6.886869669E-4,1.558146905E-3,9.998388290E-1,1.779518932E2,1.799325882E-1,-7.571393457E-2,1.779517713E2
9.807702127E1,1.786879173E-2,6.917077699E-4,1.557104755E-3,9.998388886E-1,1.779522783E2,1.798191175E-1,-7.606277630E-2,1.779521560E2
9.808202127E1,1.786939732E-2,6.896287086E-4,1.551065594E-3,9.998388886E-1,1.779522089E2,1.791229778E-1,-7.583682984E-2,1.779520874E2
9.808702127E1,1.786964676E-2,6.897880812E-4,1.548118191E-3,9.998388886E-1,1.779521803E2,1.787856290E-1,-7.586108077E-2,1.779520590E2
9.809202127E1,1.787639874E-2,6.857765839E-4,1.548938802E-3,9.998387694E-1,1.779514065E2,1.788719426E-1,-7.539858250E-2,1.779512858E2
9.809702127E1,1.787320485E-2,6.879653665E-4,1.546348911E-3,9.998388290E-1,1.779517725E2,1.785794526E-1,-7.565523430E-2,1.779516517E2
9.810202127E1,1.787371164E-2,6.873865495E-4,1.540738391E-3,9.998388290E-1,1.779517144E2,1.779354885E-1,-7.560031894E-2,1.779515941E2
9.810702127E1,1.787676128E-2,6.865947507E-4,1.544385566E-3,9.998387694E-1,1.779513649E2,1.783519663E-1,-7.550158556E-2,1.779512445E2
9.811202127E1,1.787655862E-2,6.853408995E-4,1.547285588E-3,9.998387694E-1,1.779513882E2,1.786816476E-1,-7.535202299E-2,1.779512677E2
9.811702127E1,1.787352047E-2,6.877949345E-4,1.542772516E-3,9.998388290E-1,1.779517364E2,1.781693673E-1,-7.564297645E-2,1.779516158E2
9.812202127E1,1.787045016E-2,6.900804583E-4,1.538685407E-3,9.998388886E-1,1.779520882E2,1.777055419E-1,-7.591375332E-2,1.779519676E2
9.812702127E1,1.787716229E-2,6.862463197E-4,1.539892051E-3,9.998387694E-1,1.779513190E2,1.778364451E-1,-7.547079904E-2,1.779511989E2
9.813202127E1,1.787050228E-2,6.909793592E-4,1.537676319E-3,9.998388886E-1,1.779520823E2,1.775917723E-1,-7.601880050E-2,1.779519615E2
9.813702127E1,1.787059901E-2,6.911202217E-4,1.536488417E-3,9.998388886E-1,1.779520712E2,1.774559661E-1,-7.603735514E-2,1.779519505E2
9.814202127E1,1.787032184E-2,6.901291199E-4,1.540153171E-3,9.998388886E-1,1.779521030E2,1.778737987E-1,-7.591634558E-2,1.779519822E2
9.814702127E1,1.786373464E-2,6.942284526E-4,1.537336735E-3,9.998390079E-1,1.779528579E2,1.775590026E-1,-7.639295664E-2,1.779527366E2
9.815202127E1,1.786077522E-2,6.966539659E-4,1.531849965E-3,9.998390675E-1,1.779531971E2,1.769351032E-1,-7.668261134E-2,1.779530758E2
9.815702127E1,1.786767009E-2,6.919879233E-4,1.531365677E-3,9.998389482E-1,1.779524069E2,1.768705902E-1,-7.614777964E-2,1.779522864E2
9.816202127E1,1.787452591E-2,6.873689708E-4,1.531270798E-3,9.998388290E-1,1.779516211E2,1.768507792E-1,-7.561755333E-2,1.779515015E2
9.816702127E1,1.787125517E-2,6.895021652E-4,1.529567991E-3,9.998388886E-1,1.779519960E2,1.766598047E-1,-7.586602601E-2,1.779518761E2
9.817202127E1,1.786793898E-2,6.912344834E-4,1.528566005E-3,9.998389482E-1,1.779523760E2,1.765482995E-1,-7.606714080E-2,1.779522560E2
9.817702127E1,1.788499629E-2,6.811388885E-4,1.528551802E-3,9.998386502E-1,1.779504211E2,1.765272758E-1,-7.490747422E-2,1.779503028E2
9.818202127E1,1.789191970E-2,6.743131089E-4,1.528530149E-3,9.998385310E-1,1.779496276E2,1.765113165E-1,-7.412424553E-2,1.779495106E2
9.818702127E1,1.788213355E-2,6.817012909E-4,1.522795530E-3,9.998387098E-1,1.779507492E2,1.758686980E-1,-7.498421197E-2,1.779506313E2
9.819202127E1,1.789314480E-2,6.735869101E-4,1.514444826E-3,9.998385310E-1,1.779494872E2,1.748961146E-1,-7.406970868E-2,1.779493713E2
9.819702127E1,1.790661407E-2,6.642515655E-4,1.516771503E-3,9.998382926E-1,1.779479435E2,1.751445287E-1,-7.299299897E-2,1.779478291E2
9.820202127E1,1.790984873E-2,6.631303695E-4,1.518360921E-3,9.998382330E-1,1.779475728E2,1.753245685E-1,-7.286071131E-2,1.779474585E2
9.820702127E1,1.790642592E-2,6.658229977E-4,1.518302946E-3,9.998382926E-1,1.779479651E2,1.753232027E-1,-7.316993316E-2,1.779478503E2
9.821202127E1,1.790987393E-2,6.620057975E-4,1.518554403E-3,9.998382330E-1,1.779475699E2,1.753444299E-1,-7.273146412E-2,1.779474558E2
9.821702127E1,1.792348553E-2,6.535146385E-4,1.518613892E-3,9.998379946E-1,1.779460099E2,1.753347931E-1,-7.175609696E-2,1.779458973E2
9.822202127E1,1.791660466E-2,6.588782999E-4,1.519006328E-3,9.998381138E-1,1.779467985E2,1.753902759E-1,-7.237102890E-2,1.779466849E2
9.822702127E1,1.791358454E-2,6.598526379E-4,1.514964271E-3,9.998381734E-1,1.779471446E2,1.749289456E-1,-7.249148935E-2,1.779470312E2
9.823202127E1,1.792384539E-2,6.531623076E-4,1.514512696E-3,9.998379946E-1,1.779459686E2,1.748642074E-1,-7.172409023E-2,1.779458564E2
9.823702127E1,1.792057957E-2,6.549260579E-4,1.513047609E-3,9.998380542E-1,1.779463429E2,1.746997358E-1,-7.192974844E-2,1.779462305E2
9.824202127E1,1.791034288E-2,6.629152922E-4,1.512615127E-3,9.998382330E-1,1.779475161E2,1.746658479E-1,-7.284777578E-2,1.779474023E2
9.824702127E1,1.791742898E-2,6.576111191E-4,1.509804511E-3,9.998381138E-1,1.779467040E2,1.743334503E-1,-7.224459364E-2,1.779465913E2
9.825202127E1,1.793028924E-2,6.488828221E-4,1.518769888E-3,9.998378754E-1,1.779452301E2,1.753436360E-1,-7.122390211E-2,1.779451183E2
9.825702127E1,1.792003181E-2,6.558750756E-4,1.519111916E-3,9.998380542E-1,1.779464057E2,1.753964535E-1,-7.202612233E-2,1.779462926E2
9.826202127E1,1.790998018E-2,6.632086588E-4,1.516775344E-3,9.998382330E-1,1.779475577E2,1.751430739E-1,-7.287291242E-2,1.779474435E2
9.826702127E1,1.791006006E-2,6.619632477E-4,1.516376156E-3,9.998382330E-1,1.779475486E2,1.750947869E-1,-7.273102718E-2,1.779474346E2
9.827202127E1,1.791295658E-2,6.597100873E-4,1.522433013E-3,9.998381734E-1,1.779472166E2,1.757843263E-1,-7.245993500E-2,1.779471026E2
9.827702127E1,1.790601879E-2,6.650045398E-4,1.523454441E-3,9.998382926E-1,1.779480117E2,1.759117174E-1,-7.306566046E-2,1.779478967E2
9.828202127E1,1.789923012E-2,6.696865312E-4,1.522942679E-3,9.998384118E-1,1.779487898E2,1.758621919E-1,-7.360433479E-2,1.779486740E2
9.828702127E1,1.790598132E-2,6.643541274E-4,1.524178428E-3,9.998382926E-1,1.779480160E2,1.759933295E-1,-7.298966169E-2,1.779479011E2
9.829202127E1,1.790586603E-2,6.651998265E-4,1.525163651E-3,9.998382926E-1,1.779480292E2,1.761079370E-1,-7.308455467E-2,1.779479141E2
9.829702127E1,1.790607827E-2,6.653926685E-4,1.522585633E-3,9.998382926E-1,1.779480049E2,1.758129760E-1,-7.311190189E-2,1.779478899E2
9.830202127E1,1.790921807E-2,6.634030724E-4,1.525663072E-3,9.998382330E-1,1.779476451E2,1.761617144E-1,-7.287707964E-2,1.779475302E2
9.830702127E1,1.790914167E-2,6.626793765E-4,1.526873908E-3,9.998382330E-1,1.779476538E2,1.762989529E-1,-7.279169199E-2,1.779475390E2
9.831202127E1,1.790925514E-2,6.637049955E-4,1.525096479E-3,9.998382330E-1,1.779476408E2,1.760974203E-1,-7.291282823E-2,1.779475259E2
9.831702127E1,1.789904047E-2,6.709495210E-4,1.524614752E-3,9.998384118E-1,1.779488115E2,1.760563440E-1,-7.374564304E-2,1.779486954E2
9.832202127E1,1.789569348E-2,6.724104751E-4,1.524172607E-3,9.998384714E-1,1.779491951E2,1.760084355E-1,-7.391452518E-2,1.779490787E2
9.832702127E1,1.790223332E-2,6.675842451E-4,1.527689979E-3,9.998383522E-1,1.779484456E2,1.764020138E-1,-7.335320178E-2,1.779483298E2
9.833202127E1,1.790218774E-2,6.667488487E-4,1.528588706E-3,9.998383522E-1,1.779484508E2,1.765032665E-1,-7.325565210E-2,1.779483351E2
9.833702127E1,1.789599763E-2,6.727735163E-4,1.520436723E-3,9.998384714E-1,1.779491603E2,1.755811696E-1,-7.396372812E-2,1.779490441E2
9.834202127E1,1.789629647E-2,6.727850996E-4,1.516910037E-3,9.998384714E-1,1.779491260E2,1.751771510E-1,-7.397223560E-2,1.779490101E2
9.834702127E1,1.790248493E-2,6.678663194E-4,1.524615102E-3,9.998383522E-1,1.779484167E2,1.760503118E-1,-7.339178391E-2,1.779483011E2
9.835202127E1,1.790267621E-2,6.665384280E-4,1.522949198E-3,9.998383522E-1,1.779483948E2,1.758567331E-1,-7.324302742E-2,1.779482796E2
9.835702127E1,1.790313406E-2,6.671491428E-4,1.517289085E-3,9.998383522E-1,1.779483423E2,1.752095214E-1,-7.332453102E-2,1.779482274E2
9.836202127E1,1.791666089E-2,6.583807408E-4,1.518558711E-3,9.998381138E-1,1.779467920E2,1.753379733E-1,-7.231493122E-2,1.779466786E2
9.836702127E1,1.790940166E-2,6.616165629E-4,1.524283085E-3,9.998382330E-1,1.779476240E2,1.759999510E-1,-7.267519369E-2,1.779475096E2
9.837202127E1,1.790286280E-2,6.682973471E-4,1.519982121E-3,9.998383522E-1,1.779483734E2,1.755204077E-1,-7.345060673E-2,1.779482581E2
9.837702127E1,1.790320892E-2,6.672800519E-4,1.516347867E-3,9.998383522E-1,1.779483338E2,1.751019570E-1,-7.334144763E-2,1.779482189E2
9.838202127E1,1.790300998E-2,6.666516420E-4,1.518970821E-3,9.998383522E-1,1.779483566E2,1.754011736E-1,-7.326410222E-2,1.779482416E2
9.838702127E1,1.790642677E-2,6.645974936E-4,1.518829726E-3,9.998382926E-1,1.779479650E2,1.753810426E-1,-7.302844226E-2,1.779478504E2
9.839202127E1,1.789277814E-2,6.739237579E-4,1.518621226E-3,9.998385310E-1,1.779495292E2,1.753752826E-1,-7.409980288E-2,1.779494130E2
9.839702127E1,1.790293585E-2,6.670086877E-4,1.519687707E-3,9.998383522E-1,1.779483651E2,1.754840368E-1,-7.330355227E-2,1.779482500E2
9.840202127E1,1.790641098E-2,6.655400502E-4,1.518603181E-3,9.998382926E-1,1.779479668E2,1.753570199E-1,-7.313690152E-2,1.779478520E2
9.840702127E1,1.790271240E-2,6.667573471E-4,1.522427890E-3,9.998383522E-1,1.779483907E2,1.757974569E-1,-7.326917280E-2,1.779482754E2
9.841202127E1,1.789923301E-2,6.702534156E-4,1.522659324E-3,9.998384118E-1,1.779487894E2,1.758308901E-1,-7.366986521E-2,1.779486736E2
9.841702127E1,1.790255166E-2,6.665125838E-4,1.524423948E-3,9.998383522E-1,1.779484091E2,1.760256380E-1,-7.323706268E-2,1.779482938E2
9.842202127E1,1.790586292E-2,6.645148969E-4,1.525498694E-3,9.998382926E-1,1.779480296E2,1.761449182E-1,-7.300539324E-2,1.779479145E2
9.842702127E1,1.790956784E-2,6.617788458E-4,1.522258739E-3,9.998382330E-1,1.779476050E2,1.757683600E-1,-7.269791246E-2,1.779474906E2
9.843202127E1,1.790663549E-2,6.657002959E-4,1.515883137E-3,9.998382926E-1,1.779479410E2,1.750457205E-1,-7.316080370E-2,1.779478265E2
9.843702127E1,1.790659074E-2,6.655859761E-4,1.516461838E-3,9.998382926E-1,1.779479462E2,1.751117863E-1,-7.314652603E-2,1.779478316E2
9.844202127E1,1.790648819E-2,6.653984892E-4,1.517754514E-3,9.998382926E-1,1.779479579E2,1.752595003E-1,-7.312241041E-2,1.779478433E2
9.844702127E1,1.789987854E-2,6.699253572E-4,1.515196869E-3,9.998384118E-1,1.779487155E2,1.749752658E-1,-7.364747271E-2,1.779486002E2
9.845202127E1,1.790379288E-2,6.670255680E-4,1.509549795E-3,9.998383522E-1,1.779482668E2,1.743225994E-1,-7.332613624E-2,1.779481525E2
9.845702127E1,1.790733368E-2,6.642970257E-4,1.508231857E-3,9.998382926E-1,1.779478610E2,1.741662585E-1,-7.301560603E-2,1.779477473E2
9.846202127E1,1.790740151E-2,6.645099493E-4,1.507332432E-3,9.998382926E-1,1.779478533E2,1.740636503E-1,-7.304183528E-2,1.779477395E2
9.846702127E1,1.790045132E-2,6.688918802E-4,1.508873538E-3,9.998384118E-1,1.779486498E2,1.742487022E-1,-7.354193523E-2,1.779485352E2
9.847202127E1,1.790048821E-2,6.684308755E-4,1.508640242E-3,9.998384118E-1,1.779486456E2,1.742210295E-1,-7.348958865E-2,1.779485311E2
9.847702127E1,1.791063582E-2,6.625516107E-4,1.509302179E-3,9.998382330E-1,1.779474826E2,1.742855472E-1,-7.281285641E-2,1.779473690E2
9.848202127E1,1.791397059E-2,6.595512968E-4,1.510524075E-3,9.998381734E-1,1.779471004E2,1.744196266E-1,-7.246601155E-2,1.779469873E2
9.848702127E1,1.790687955E-2,6.653853343E-4,1.513135969E-3,9.998382926E-1,1.779479131E2,1.747303395E-1,-7.313031230E-2,1.779477988E2
9.849202127E1,1.790714991E-2,6.638017949E-4,1.510629896E-3,9.998382926E-1,1.779478821E2,1.744399801E-1,-7.295397685E-2,1.779477682E2
9.849702127E1,1.791715657E-2,6.577808526E-4,1.512960065E-3,9.998381138E-1,1.779467352E2,1.746953216E-1,-7.225760882E-2,1.779466223E2
9.850202127E1,1.792038218E-2,6.558570312E-4,1.514980919E-3,9.998380542E-1,1.779463655E2,1.749231394E-1,-7.203247705E-2,1.779462528E2
9.850702127E1,1.791009784E-2,6.613776204E-4,1.516185468E-3,9.998382330E-1,1.779475442E2,1.750717398E-1,-7.266431483E-2,1.779474304E2
9.851202127E1,1.792053192E-2,6.551128463E-4,1.513530966E-3,9.998380542E-1,1.779463484E2,1.747554958E-1,-7.195016503E-2,1.779462359E2
9.851702127E1,1.792064109E-2,6.560969050E-4,1.511811162E-3,9.998380542E-1,1.779463359E2,1.745604811E-1,-7.206642445E-2,1.779462233E2
9.852202127E1,1.791397409E-2,6.594929728E-4,1.510508009E-3,9.998381734E-1,1.779471000E2,1.744176665E-1,-7.245936155E-2,1.779469869E2
9.852702127E1,1.791404637E-2,6.600987981E-4,1.509385766E-3,9.998381734E-1,1.779470917E2,1.742903363E-1,-7.253106407E-2,1.779469786E2
9.853202127E1,1.792119775E-2,6.539652240E-4,1.506125438E-3,9.998380542E-1,1.779462721E2,1.739047104E-1,-7.183377106E-2,1.779461603E2
9.853702127E1,1.791735635E-2,6.568761310E-4,1.510985894E-3,9.998381138E-1,1.779467123E2,1.744672907E-1,-7.215797074E-2,1.779465997E2
9.854202127E1,1.790752737E-2,6.634199526E-4,1.506316941E-3,9.998382926E-1,1.779478388E2,1.739450741E-1,-7.291901306E-2,1.779477254E2
9.854702127E1,1.791060392E-2,6.614677841E-4,1.510155853E-3,9.998382330E-1,1.779474862E2,1.743811283E-1,-7.268693245E-2,1.779473728E2
9.855202127E1,1.791360767E-2,6.606718525E-4,1.514333533E-3,9.998381734E-1,1.779471420E2,1.748583634E-1,-7.258664005E-2,1.779470284E2
9.855702127E1,1.790368950E-2,6.659457576E-4,1.511251670E-3,9.998383522E-1,1.779482787E2,1.745153657E-1,-7.319894528E-2,1.779481644E2
9.856202127E1,1.789686373E-2,6.722646067E-4,1.510434435E-3,9.998384714E-1,1.779490610E2,1.744341936E-1,-7.392578286E-2,1.779489457E2
9.856702127E1,1.790316452E-2,6.681345985E-4,1.516495831E-3,9.998383522E-1,1.779483389E2,1.751206599E-1,-7.343905987E-2,1.779482238E2
9.857202127E1,1.790634810E-2,6.639737985E-4,1.520029502E-3,9.998382926E-1,1.779479740E2,1.755172193E-1,-7.295453542E-2,1.779478594E2
9.857702127E1,1.791009422E-2,6.634711754E-4,1.515313284E-3,9.998382330E-1,1.779475446E2,1.749761079E-1,-7.290597059E-2,1.779474305E2
9.858202127E1,1.790671977E-2,6.651266594E-4,1.515139244E-3,9.998382926E-1,1.779479314E2,1.749593189E-1,-7.309659218E-2,1.779478170E2
9.858702127E1,1.790689088E-2,6.645194953E-4,1.513382304E-3,9.998382926E-1,1.779479118E2,1.747567868E-1,-7.303060299E-2,1.779477976E2
9.859202127E1,1.791401068E-2,6.599944318E-4,1.509854919E-3,9.998381734E-1,1.779470958E2,1.743438720E-1,-7.251814959E-2,1.779469827E2
9.859702127E1,1.791752752E-2,6.581875496E-4,1.508383197E-3,9.998381138E-1,1.779466927E2,1.741717964E-1,-7.231353826E-2,1.779465800E2
9.860202127E1,1.791704777E-2,6.574859144E-4,1.514376025E-3,9.998381138E-1,1.779467477E2,1.748569393E-1,-7.222092853E-2,1.779466347E2
9.860702127E1,1.792042435E-2,6.558717578E-4,1.514475676E-3,9.998380542E-1,1.779463607E2,1.748652854E-1,-7.203519453E-2,1.779462480E2
9.861202127E1,1.791672794E-2,6.587117678E-4,1.517623779E-3,9.998381138E-1,1.779467844E2,1.752315396E-1,-7.235476586E-2,1.779466709E2
9.861702127E1,1.790989762E-2,6.624605157E-4,1.518076635E-3,9.998382330E-1,1.779475672E2,1.752906254E-1,-7.278453902E-2,1.779474530E2
9.862202127E1,1.790956512E-2,6.625112728E-4,1.521972124E-3,9.998382330E-1,1.779476053E2,1.757370248E-1,-7.278241759E-2,1.779474908E2
9.862702127E1,1.791629667E-2,6.578422035E-4,1.523082610E-3,9.998381138E-1,1.779468338E2,1.758551595E-1,-7.224400489E-2,1.779467201E2
9.863202127E1,1.791620901E-2,6.580988993E-4,1.524002524E-3,9.998381138E-1,1.779468438E2,1.759610778E-1,-7.227154199E-2,1.779467300E2
9.863702127E1,1.791275623E-2,6.602597423E-4,1.524550607E-3,9.998381734E-1,1.779472395E2,1.760280602E-1,-7.251859895E-2,1.779471253E2
9.864202127E1,1.792264580E-2,6.542595220E-4,1.528173801E-3,9.998379946E-1,1.779461061E2,1.764315738E-1,-7.182195268E-2,1.779459927E2
9.864702127E1,1.792630851E-2,6.512058317E-4,1.525512198E-3,9.998379350E-1,1.779456863E2,1.761206141E-1,-7.147690360E-2,1.779455736E2
9.865202127E1,1.792322205E-2,6.533096894E-4,1.521808445E-3,9.998379946E-1,1.779460401E2,1.757003638E-1,-7.172610002E-2,1.779459273E2
9.865702127E1,1.792324537E-2,6.524011842E-4,1.521923579E-3,9.998379946E-1,1.779460374E2,1.757116906E-1,-7.162176924E-2,1.779459248E2
9.866202127E1,1.793348889E-2,6.452053203E-4,1.521794824E-3,9.998378158E-1,1.779448634E2,1.756828823E-1,-7.079578184E-2,1.779447520E2
9.866702127E1,1.793336437E-2,6.464585895E-4,1.522730105E-3,9.998378158E-1,1.779448777E2,1.757926076E-1,-7.093747243E-2,1.779447660E2
9.867202127E1,1.791978260E-2,6.554326974E-4,1.522239414E-3,9.998380542E-1,1.779464343E2,1.757538549E-1,-7.196905889E-2,1.779463211E2
9.867702127E1,1.791553700E-2,6.592698046E-4,1.531378715E-3,9.998381138E-1,1.779469208E2,1.768085486E-1,-7.239067050E-2,1.779468063E2
9.868202127E1,1.791858786E-2,6.556014996E-4,1.536166994E-3,9.998380542E-1,1.779465712E2,1.773498452E-1,-7.196000970E-2,1.779464570E2
9.868702127E1,1.791161615E-2,6.620370550E-4,1.537122997E-3,9.998381734E-1,1.779473702E2,1.774720872E-1,-7.269662526E-2,1.779472548E2
9.869202127E1,1.790458148E-2,6.662817323E-4,1.539702527E-3,9.998382926E-1,1.779481765E2,1.777758316E-1,-7.317890686E-2,1.779480600E2
9.869702127E1,1.790812921E-2,6.631358410E-4,1.538506476E-3,9.998382330E-1,1.779477699E2,1.776325988E-1,-7.282029624E-2,1.779476541E2
9.870202127E1,1.791469482E-2,6.577802124E-4,1.541835954E-3,9.998381138E-1,1.779470174E2,1.780035503E-1,-7.219868369E-2,1.779469023E2
9.870702127E1,1.790774852E-2,6.626960239E-4,1.543120248E-3,9.998382330E-1,1.779478135E2,1.781602839E-1,-7.276050432E-2,1.779476975E2
9.871202127E1,1.791461940E-2,6.597877364E-4,1.541854464E-3,9.998381138E-1,1.779470260E2,1.780097875E-1,-7.242866726E-2,1.779469106E2
9.871702127E1,1.791789687E-2,6.565931253E-4,1.543784514E-3,9.998380542E-1,1.779466504E2,1.782245968E-1,-7.205810435E-2,1.779465354E2
9.872202127E1,1.790781628E-2,6.630541757E-4,1.542179845E-3,9.998382330E-1,1.779478057E2,1.780532788E-1,-7.280345669E-2,1.779476897E2
9.872702127E1,1.790398299E-2,6.661243387E-4,1.546714222E-3,9.998382926E-1,1.779482451E2,1.785788185E-1,-7.314659387E-2,1.779481281E2
9.873202127E1,1.790410429E-2,6.661909865E-4,1.545280684E-3,9.998382926E-1,1.779482311E2,1.784147188E-1,-7.315714954E-2,1.779481143E2
9.873702127E1,1.791092899E-2,6.601490313E-4,1.545917010E-3,9.998381734E-1,1.779474490E2,1.784757213E-1,-7.246238035E-2,1.779473332E2
9.874202127E1,1.791042504E-2,6.624226808E-4,1.550775371E-3,9.998381734E-1,1.779475067E2,1.790369908E-1,-7.271299747E-2,1.779473902E2
9.874702127E1,1.790667402E-2,6.637080805E-4,1.555107883E-3,9.998382330E-1,1.779479366E2,1.795357467E-1,-7.285205071E-2,1.779478196E2
9.875202127E1,1.790992587E-2,6.611960707E-4,1.557051204E-3,9.998381734E-1,1.779475639E2,1.797534802E-1,-7.255966959E-2,1.779474472E2
9.875702127E1,1.790964255E-2,6.607961841E-4,1.560476026E-3,9.998381734E-1,1.779475964E2,1.801450323E-1,-7.250687514E-2,1.779474795E2
9.876202127E1,1.790613070E-2,6.645307294E-4,1.561001409E-3,9.998382330E-1,1.779479989E2,1.802126366E-1,-7.293430809E-2,1.779478812E2
9.876702127E1,1.790592190E-2,6.652441225E-4,1.563091297E-3,9.998382330E-1,1.779480228E2,1.804535310E-1,-7.301179293E-2,1.779479049E2
9.877202127E1,1.790977451E-2,6.616102182E-4,1.558615477E-3,9.998381734E-1,1.779475813E2,1.799335433E-1,-7.260393639E-2,1.779474643E2
9.877702127E1,1.791669015E-2,6.568772369E-4,1.557606971E-3,9.998380542E-1,1.779467887E2,1.798087786E-1,-7.206249044E-2,1.779466727E2
9.878202127E1,1.790975577E-2,6.609151023E-4,1.559125609E-3,9.998381734E-1,1.779475834E2,1.799905627E-1,-7.252325120E-2,1.779474666E2
9.878702127E1,1.790318798E-2,6.673409953E-4,1.555367955E-3,9.998382926E-1,1.779483362E2,1.795727444E-1,-7.326837729E-2,1.779482184E2
9.879202127E1,1.790332793E-2,6.662004744E-4,1.554245595E-3,9.998382926E-1,1.779483201E2,1.794418218E-1,-7.313998191E-2,1.779482027E2
9.879702127E1,1.791354702E-2,6.593676517E-4,1.554442220E-3,9.998381138E-1,1.779471489E2,1.794510690E-1,-7.235488690E-2,1.779470327E2
9.880202127E1,1.790358344E-2,6.658480852E-4,1.551450812E-3,9.998382926E-1,1.779482908E2,1.791209097E-1,-7.310529586E-2,1.779481736E2
9.880702127E1,1.790370127E-2,6.660422659E-4,1.550007029E-3,9.998382926E-1,1.779482773E2,1.789558976E-1,-7.313048489E-2,1.779481602E2
9.881202127E1,1.790354504E-2,6.658999482E-4,1.551871654E-3,9.998382926E-1,1.779482952E2,1.791692305E-1,-7.311038139E-2,1.779481780E2
9.881702127E1,1.790347814E-2,6.664343528E-4,1.552413916E-3,9.998382926E-1,1.779483029E2,1.792324511E-1,-7.317050919E-2,1.779481855E2
9.882202127E1,1.790327198E-2,6.667844718E-4,1.554639544E-3,9.998382926E-1,1.779483265E2,1.794881522E-1,-7.320609408E-2,1.779482089E2
9.882702127E1,1.789998612E-2,6.680137012E-4,1.553614391E-3,9.998383522E-1,1.779487031E2,1.793729781E-1,-7.334962344E-2,1.779485854E2
9.883202127E1,1.790673993E-2,6.644179812E-4,1.554045361E-3,9.998382330E-1,1.779479291E2,1.794154716E-1,-7.293555475E-2,1.779478120E2
9.883702127E1,1.790626449E-2,6.651665899E-4,1.559194876E-3,9.998382330E-1,1.779479836E2,1.800069707E-1,-7.301084351E-2,1.779478659E2
9.884202127E1,1.790692229E-2,6.647742121E-4,1.551790163E-3,9.998382330E-1,1.779479082E2,1.791578304E-1,-7.298096438E-2,1.779477912E2
9.884702127E1,1.790711620E-2,6.627622060E-4,1.550412504E-3,9.998382330E-1,1.779478860E2,1.789958722E-1,-7.275323507E-2,1.779477694E2
9.885202127E1,1.791699110E-2,6.571467384E-4,1.554027433E-3,9.998380542E-1,1.779467542E2,1.793992340E-1,-7.210066363E-2,1.779466384E2
9.885702127E1,1.791338926E-2,6.589511759E-4,1.556435600E-3,9.998381138E-1,1.779471670E2,1.796785907E-1,-7.230310622E-2,1.779470507E2
9.886202127E1,1.790698629E-2,6.629102863E-4,1.551848953E-3,9.998382330E-1,1.779479008E2,1.791607454E-1,-7.276727659E-2,1.779477842E2
9.886702127E1,1.791100894E-2,6.610714481E-4,1.544595929E-3,9.998381734E-1,1.779474398E2,1.783262600E-1,-7.257076180E-2,1.779473240E2
9.887202127E1,1.790717935E-2,6.628006813E-4,1.549666515E-3,9.998382330E-1,1.779478787E2,1.789104852E-1,-7.275916286E-2,1.779477622E2
9.887702127E1,1.790016536E-2,6.687328569E-4,1.551238121E-3,9.998383522E-1,1.779486826E2,1.791022093E-1,-7.343686167E-2,1.779485649E2
9.888202127E1,1.788997366E-2,6.751029287E-4,1.550797140E-3,9.998385310E-1,1.779498507E2,1.790639972E-1,-7.416943027E-2,1.779497318E2
9.888702127E1,1.788990978E-2,6.765699945E-4,1.550894696E-3,9.998385310E-1,1.779498580E2,1.790781778E-1,-7.433732799E-2,1.779497389E2
9.889202127E1,1.788603200E-2,6.799742696E-4,1.555698342E-3,9.998385906E-1,1.779503024E2,1.796352383E-1,-7.471821481E-2,1.779501823E2
9.889702127E1,1.787921610E-2,6.831199280E-4,1.556053292E-3,9.998387098E-1,1.779510836E2,1.796818428E-1,-7.507912002E-2,1.779509629E2
9.890202127E1,1.788264649E-2,6.811510539E-4,1.555795898E-3,9.998386502E-1,1.779506904E2,1.796485745E-1,-7.485345098E-2,1.779505701E2
9.890702127E1,1.788209554E-2,6.824713782E-4,1.561539248E-3,9.998386502E-1,1.779507536E2,1.803092746E-1,-7.499305403E-2,1.779506326E2
9.891202127E1,1.787850111E-2,6.844050367E-4,1.563685015E-3,9.998387098E-1,1.779511655E2,1.805588152E-1,-7.521085118E-2,1.779510440E2
9.891702127E1,1.787234455E-2,6.881442969E-4,1.556181465E-3,9.998388290E-1,1.779518711E2,1.797063038E-1,-7.565575009E-2,1.779517495E2
9.892202127E1,1.787255922E-2,6.876642001E-4,1.553926500E-3,9.998388290E-1,1.779518465E2,1.794469775E-1,-7.560532385E-2,1.779517252E2
9.892702127E1,1.788232377E-2,6.826290628E-4,1.558854477E-3,9.998386502E-1,1.779507274E2,1.800020116E-1,-7.501658115E-2,1.779506066E2
9.893202127E1,1.786537238E-2,6.926856586E-4,1.557632466E-3,9.998389482E-1,1.779526702E2,1.798813213E-1,-7.617435064E-2,1.779525477E2
9.893702127E1,1.786930942E-2,6.913160905E-4,1.551327063E-3,9.998388886E-1,1.779522190E2,1.791563844E-1,-7.602963880E-2,1.779520972E2
9.894202127E1,1.786943904E-2,6.918203435E-4,1.549608307E-3,9.998388886E-1,1.779522041E2,1.789605031E-1,-7.609090911E-2,1.779520823E2
9.894702127E1,1.786933335E-2,6.914498517E-4,1.550991787E-3,9.998388886E-1,1.779522162E2,1.791182464E-1,-7.604564653E-2,1.779520944E2
9.895202127E1,1.786285364E-2,6.945147761E-4,1.547411317E-3,9.998390079E-1,1.779529589E2,1.787138015E-1,-7.640529484E-2,1.779528368E2
9.895702127E1,1.785958614E-2,6.974274293E-4,1.545302686E-3,9.998390675E-1,1.779533334E2,1.784779206E-1,-7.674390646E-2,1.779532109E2
9.896202127E1,1.785589938E-2,7.007610402E-4,1.547831926E-3,9.998391271E-1,1.779537559E2,1.787742436E-1,-7.712133147E-2,1.779536326E2
9.896702127E1,1.785234742E-2,7.020462654E-4,1.549717737E-3,9.998391867E-1,1.779541630E2,1.789926634E-1,-7.726536080E-2,1.779540393E2
9.897202127E1,1.784925383E-2,7.058279007E-4,1.545172068E-3,9.998392463E-1,1.779545176E2,1.784793473E-1,-7.770848679E-2,1.779543936E2
9.897702127E1,1.784984598E-2,7.051663124E-4,1.538619865E-3,9.998392463E-1,1.779544497E2,1.777273309E-1,-7.764598379E-2,1.779543263E2
9.898202127E1,1.785678516E-2,7.011105772E-4,1.537419972E-3,9.998391271E-1,1.779536544E2,1.775820934E-1,-7.718252728E-2,1.779535319E2
9.898702127E1,1.785305252E-2,7.037151954E-4,1.540812431E-3,9.998391867E-1,1.779540822E2,1.779758206E-1,-7.747466888E-2,1.779539589E2
9.899202127E1,1.784337938E-2,7.099712384E-4,1.533944276E-3,9.998393655E-1,1.779551908E2,1.772009564E-1,-7.820720978E-2,1.779550670E2
9.899702127E1,1.785015517E-2,7.041915087E-4,1.535476069E-3,9.998392463E-1,1.779544142E2,1.773651649E-1,-7.754067343E-2,1.779542913E2
9.900202127E1,1.785669949E-2,6.994992145E-4,1.539148041E-3,9.998391271E-1,1.779536642E2,1.777767799E-1,-7.699438733E-2,1.779535418E2
9.900702127E1,1.784968485E-2,7.041133940E-4,1.540969592E-3,9.998392463E-1,1.779544682E2,1.779943808E-1,-7.752056974E-2,1.779543448E2
9.901202127E1,1.785015651E-2,7.046897081E-4,1.535231946E-3,9.998392463E-1,1.779544141E2,1.773382142E-1,-7.759825286E-2,1.779542911E2
9.901702127E1,1.786393423E-2,6.944197230E-4,1.534929266E-3,9.998390079E-1,1.779528350E2,1.772835774E-1,-7.641976417E-2,1.779527139E2
9.902202127E1,1.786362967E-2,6.949114613E-4,1.538247569E-3,9.998390079E-1,1.779528699E2,1.776647504E-1,-7.646936513E-2,1.779527485E2
9.902702127E1,1.785292754E-2,7.024579681E-4,1.542832935E-3,9.998391867E-1,1.779540965E2,1.782047347E-1,-7.732651281E-2,1.779539733E2
9.903202127E1,1.785936037E-2,6.987956585E-4,1.547292573E-3,9.998390675E-1,1.779533592E2,1.787086922E-1,-7.689663651E-2,1.779532364E2
9.903702127E1,1.786281507E-2,6.963393535E-4,1.547036460E-3,9.998390079E-1,1.779529633E2,1.786745853E-1,-7.661511667E-2,1.779528409E2
9.904202127E1,1.785225525E-2,7.029996486E-4,1.550347195E-3,9.998391867E-1,1.779541736E2,1.790667262E-1,-7.737332168E-2,1.779540497E2
9.904702127E1,1.784598245E-2,7.065725513E-4,1.544049126E-3,9.998393059E-1,1.779548925E2,1.783519567E-1,-7.779668432E-2,1.779547685E2
9.905202127E1,1.786339489E-2,6.947019720E-4,1.541066100E-3,9.998390079E-1,1.779528968E2,1.779872325E-1,-7.643963512E-2,1.779527752E2
9.905702127E1,1.786667958E-2,6.933766417E-4,1.542255632E-3,9.998389482E-1,1.779525204E2,1.781210584E-1,-7.628476758E-2,1.779523989E2
9.906202127E1,1.786340497E-2,6.957508158E-4,1.540475991E-3,9.998390079E-1,1.779528957E2,1.779217697E-1,-7.656101071E-2,1.779527739E2
9.906702127E1,1.786358544E-2,6.949128001E-4,1.538760494E-3,9.998390079E-1,1.779528750E2,1.777235174E-1,-7.646847635E-2,1.779527535E2
9.907202127E1,1.787101073E-2,6.892251549E-4,1.532545895E-3,9.998388886E-1,1.779520240E2,1.770004075E-1,-7.582823255E-2,1.779519040E2
9.907702127E1,1.787408115E-2,6.885282346E-4,1.535934513E-3,9.998388290E-1,1.779516721E2,1.773874583E-1,-7.574089960E-2,1.779515519E2
9.908202127E1,1.786418656E-2,6.954488927E-4,1.531522721E-3,9.998390079E-1,1.779528061E2,1.768954041E-1,-7.654460855E-2,1.779526851E2
9.908702127E1,1.786815293E-2,6.917993887E-4,1.525807078E-3,9.998389482E-1,1.779523515E2,1.762333729E-1,-7.613747536E-2,1.779522316E2
9.909202127E1,1.787488183E-2,6.869746139E-4,1.527287881E-3,9.998388290E-1,1.779515803E2,1.763936616E-1,-7.558046640E-2,1.779514611E2
9.909702127E1,1.787798358E-2,6.842091097E-4,1.531239366E-3,9.998387694E-1,1.779512248E2,1.768409648E-1,-7.525497096E-2,1.779511058E2
9.910202127E1,1.787787949E-2,6.851327489E-4,1.532041468E-3,9.998387694E-1,1.779512368E2,1.769347491E-1,-7.535917028E-2,1.779511175E2
9.910702127E1,1.787835804E-2,6.842892617E-4,1.526825130E-3,9.998387694E-1,1.779511819E2,1.763354030E-1,-7.527313202E-2,1.779510632E2
9.911202127E1,1.788545391E-2,6.797016831E-4,1.523829764E-3,9.998386502E-1,1.779503687E2,1.759833438E-1,-7.475240683E-2,1.779502510E2
9.911702127E1,1.788523209E-2,6.788495812E-4,1.526810229E-3,9.998386502E-1,1.779503941E2,1.763230627E-1,-7.464870908E-2,1.779502764E2
9.912202127E1,1.788901565E-2,6.784261204E-4,1.521696453E-3,9.998385906E-1,1.779499605E2,1.757365741E-1,-7.461000813E-2,1.779498432E2
9.912702127E1,1.789237240E-2,6.756680668E-4,1.522621373E-3,9.998385310E-1,1.779495757E2,1.758371400E-1,-7.429152290E-2,1.779494589E2
9.913202127E1,1.789242644E-2,6.753985072E-4,1.522105769E-3,9.998385310E-1,1.779495695E2,1.757775168E-1,-7.426168632E-2,1.779494528E2
9.913702127E1,1.788865100E-2,6.768000894E-4,1.526699052E-3,9.998385906E-1,1.779500022E2,1.763063781E-1,-7.441351743E-2,1.779498849E2
9.914202127E1,1.788916961E-2,6.778367679E-4,1.520148362E-3,9.998385906E-1,1.779499428E2,1.755580072E-1,-7.454563081E-2,1.779498258E2
9.914702127E1,1.789642627E-2,6.716905045E-4,1.515863347E-3,9.998384714E-1,1.779491111E2,1.750549926E-1,-7.384894837E-2,1.779489955E2
9.915202127E1,1.788900677E-2,6.767328596E-4,1.522554667E-3,9.998385906E-1,1.779499615E2,1.758314303E-1,-7.441424816E-2,1.779498444E2
9.915702127E1,1.788535927E-2,6.802328862E-4,1.524703228E-3,9.998386502E-1,1.779503795E2,1.760845014E-1,-7.481149480E-2,1.779502617E2
9.916202127E1,1.788947204E-2,6.773333298E-4,1.516810036E-3,9.998385906E-1,1.779499081E2,1.751745141E-1,-7.449474115E-2,1.779497914E2
9.916702127E1,1.788689063E-2,6.780608092E-4,1.507610781E-3,9.998386502E-1,1.779502040E2,1.741218229E-1,-7.459739968E-2,1.779500879E2
9.917202127E1,1.787916970E-2,6.845696480E-4,1.517164521E-3,9.998387694E-1,1.779510889E2,1.752291893E-1,-7.532490745E-2,1.779509709E2
9.917702127E1,1.786882011E-2,6.906600320E-4,1.518492470E-3,9.998389482E-1,1.779522751E2,1.753930303E-1,-7.602179647E-2,1.779521559E2
9.918202127E1,1.787631403E-2,6.873906241E-4,1.510242932E-3,9.998388290E-1,1.779514162E2,1.744417235E-1,-7.566279554E-2,1.779512982E2
9.918702127E1,1.787587966E-2,6.868332275E-4,1.515628421E-3,9.998388290E-1,1.779514660E2,1.750575828E-1,-7.558797623E-2,1.779513477E2
9.919202127E1,1.787544053E-2,6.862162263E-4,1.521077240E-3,9.998388290E-1,1.779515163E2,1.756805755E-1,-7.550619946E-2,1.779513977E2
9.919702127E1,1.787564503E-2,6.862718146E-4,1.518646954E-3,9.998388290E-1,1.779514929E2,1.754022586E-1,-7.551751095E-2,1.779513744E2
9.920202127E1,1.786878277E-2,6.907875068E-4,1.518873847E-3,9.998389482E-1,1.779522793E2,1.754369842E-1,-7.603562725E-2,1.779521601E2
9.920702127E1,1.786821716E-2,6.911971141E-4,1.525327796E-3,9.998389482E-1,1.779523442E2,1.761772314E-1,-7.606944094E-2,1.779522243E2
9.921202127E1,1.787149126E-2,6.896106643E-4,1.526758075E-3,9.998388886E-1,1.779519689E2,1.763381030E-1,-7.588417021E-2,1.779518493E2
9.921702127E1,1.787180586E-2,6.894842954E-4,1.523128245E-3,9.998388886E-1,1.779519329E2,1.759219858E-1,-7.587707044E-2,1.779518135E2
9.922202127E1,1.787201941E-2,6.885140319E-4,1.521060010E-3,9.998388886E-1,1.779519084E2,1.756830498E-1,-7.577010268E-2,1.779517894E2
9.922702127E1,1.787840452E-2,6.858779816E-4,1.525567495E-3,9.998387694E-1,1.779511766E2,1.761945703E-1,-7.545772511E-2,1.779510577E2
9.923202127E1,1.787164955E-2,6.891753874E-4,1.525100786E-3,9.998388886E-1,1.779519508E2,1.761473421E-1,-7.583766548E-2,1.779518313E2
9.923702127E1,1.787208984E-2,6.890114164E-4,1.520006801E-3,9.998388886E-1,1.779519003E2,1.755634041E-1,-7.582923430E-2,1.779517813E2
9.924202127E1,1.787913365E-2,6.855277461E-4,1.517156721E-3,9.998387694E-1,1.779510930E2,1.752302563E-1,-7.543470204E-2,1.779509748E2
9.924702127E1,1.788211988E-2,6.811732310E-4,1.523192273E-3,9.998387098E-1,1.779507508E2,1.759130710E-1,-7.492289987E-2,1.779506329E2
9.925202127E1,1.787149919E-2,6.905680639E-4,1.526232343E-3,9.998388886E-1,1.779519680E2,1.762798297E-1,-7.599493782E-2,1.779518482E2
9.925702127E1,1.786812757E-2,6.930598756E-4,1.525531989E-3,9.998389482E-1,1.779523544E2,1.762044343E-1,-7.628246107E-2,1.779522343E2
9.926202127E1,1.787476619E-2,6.863563904E-4,1.528918394E-3,9.998388290E-1,1.779515936E2,1.765791999E-1,-7.550631502E-2,1.779514744E2
9.926702127E1,1.788470122E-2,6.806761376E-4,1.532206079E-3,9.998386502E-1,1.779504549E2,1.769449882E-1,-7.484701786E-2,1.779503365E2
9.927202127E1,1.787450356E-2,6.875518011E-4,1.531449612E-3,9.998388290E-1,1.779516237E2,1.768716394E-1,-7.563813844E-2,1.779515041E2
9.927702127E1,1.787490778E-2,6.864276365E-4,1.527230139E-3,9.998388290E-1,1.779515774E2,1.763859273E-1,-7.551791119E-2,1.779514582E2
9.928202127E1,1.787460928E-2,6.876048283E-4,1.530191395E-3,9.998388290E-1,1.779516116E2,1.767275978E-1,-7.564677256E-2,1.779514920E2
9.928702127E1,1.787122623E-2,6.903292378E-4,1.529533067E-3,9.998388886E-1,1.779519993E2,1.766574951E-1,-7.596086296E-2,1.779518793E2
9.929202127E1,1.786822915E-2,6.928924704E-4,1.524417894E-3,9.998389482E-1,1.779523428E2,1.760764536E-1,-7.626554432E-2,1.779522227E2
9.929702127E1,1.788180167E-2,6.827523466E-4,1.526217908E-3,9.998387098E-1,1.779507872E2,1.762629408E-1,-7.509767986E-2,1.779506689E2
9.930202127E1,1.788823594E-2,6.784620928E-4,1.530819107E-3,9.998385906E-1,1.779500498E2,1.767818034E-1,-7.459556555E-2,1.779499319E2
9.930702127E1,1.787788276E-2,6.853239611E-4,1.531917718E-3,9.998387694E-1,1.779512364E2,1.769209627E-1,-7.538133101E-2,1.779511171E2
9.931202127E1,1.787481283E-2,6.875473773E-4,1.527837594E-3,9.998388290E-1,1.779515882E2,1.764578123E-1,-7.564497583E-2,1.779514689E2
9.931702127E1,1.787474017E-2,6.864403840E-4,1.529184869E-3,9.998388290E-1,1.779515966E2,1.766099009E-1,-7.551539718E-2,1.779514773E2
9.932202127E1,1.787091677E-2,6.895899423E-4,1.533477218E-3,9.998388886E-1,1.779520348E2,1.771078524E-1,-7.586813669E-2,1.779519146E2
9.932702127E1,1.786421370E-2,6.955799181E-4,1.531146700E-3,9.998390079E-1,1.779528030E2,1.768525924E-1,-7.656038554E-2,1.779526820E2
9.933202127E1,1.786816068E-2,6.919328007E-4,1.525655854E-3,9.998389482E-1,1.779523506E2,1.762163205E-1,-7.615306907E-2,1.779522307E2
9.933702127E1,1.788457022E-2,6.807713071E-4,1.533692121E-3,9.998386502E-1,1.779504699E2,1.771154343E-1,-7.485489921E-2,1.779503514E2
9.934202127E1,1.787382757E-2,6.881284644E-4,1.539061428E-3,9.998388290E-1,1.779517012E2,1.777448817E-1,-7.568873676E-2,1.779515808E2
9.934702127E1,1.786380133E-2,6.939754821E-4,1.536675845E-3,9.998390079E-1,1.779528503E2,1.774827693E-1,-7.636531412E-2,1.779527291E2
9.935202127E1,1.787422128E-2,6.882323069E-4,1.534435665E-3,9.998388290E-1,1.779516560E2,1.772151346E-1,-7.571003955E-2,1.779515361E2
9.935702127E1,1.787789677E-2,6.844330928E-4,1.532152528E-3,9.998387694E-1,1.779512348E2,1.769460413E-1,-7.527877789E-2,1.779511157E2
9.936202127E1,1.786746510E-2,6.918123108E-4,1.533834846E-3,9.998389482E-1,1.779524304E2,1.771531162E-1,-7.612263959E-2,1.779523098E2
9.936702127E1,1.786763812E-2,6.919812295E-4,1.531741698E-3,9.998389482E-1,1.779524105E2,1.769136561E-1,-7.614624841E-2,1.779522901E2
9.937202127E1,1.787470760E-2,6.870692596E-4,1.529283123E-3,9.998388290E-1,1.779516003E2,1.766224441E-1,-7.558725391E-2,1.779514809E2
9.937702127E1,1.787108885E-2,6.906323251E-4,1.531000715E-3,9.998388886E-1,1.779520150E2,1.768262590E-1,-7.599260716E-2,1.779518949E2
9.938202127E1,1.786421835E-2,6.955607678E-4,1.531101065E-3,9.998390079E-1,1.779528025E2,1.768473250E-1,-7.655828403E-2,1.779526814E2
9.938702127E1,1.787462602E-2,6.880303845E-4,1.529804431E-3,9.998388290E-1,1.779516096E2,1.766841350E-1,-7.569631957E-2,1.779514901E2
9.939202127E1,1.787060582E-2,6.892817328E-4,1.537234872E-3,9.998388886E-1,1.779520704E2,1.775377250E-1,-7.582518377E-2,1.779519500E2
9.939702127E1,1.786312012E-2,6.950245588E-4,1.544102677E-3,9.998390079E-1,1.779529283E2,1.783357831E-1,-7.647042769E-2,1.779528064E2
9.940202127E1,1.785301255E-2,7.024370134E-4,1.541858423E-3,9.998391867E-1,1.779540868E2,1.780930451E-1,-7.732609059E-2,1.779539637E2
9.940702127E1,1.786033846E-2,6.964015192E-4,1.537048258E-3,9.998390675E-1,1.779532471E2,1.775301396E-1,-7.664312532E-2,1.779531255E2
9.941202127E1,1.786334878E-2,6.953458069E-4,1.541310223E-3,9.998390079E-1,1.779529021E2,1.780165171E-1,-7.651290979E-2,1.779527803E2
9.941702127E1,1.785967180E-2,6.975060096E-4,1.544276834E-3,9.998390675E-1,1.779533236E2,1.783605526E-1,-7.675499397E-2,1.779532011E2
9.942202127E1,1.785674237E-2,7.000878686E-4,1.538382727E-3,9.998391271E-1,1.779536593E2,1.776903032E-1,-7.706338978E-2,1.779535369E2
9.942702127E1,1.785968990E-2,6.978793535E-4,1.543898834E-3,9.998390675E-1,1.779533215E2,1.783180093E-1,-7.679853959E-2,1.779531990E2
9.943202127E1,1.785544069E-2,7.006558008E-4,1.553161768E-3,9.998391271E-1,1.779538085E2,1.793846516E-1,-7.709844989E-2,1.779536848E2
9.943702127E1,1.785550685E-2,7.003530627E-4,1.552537666E-3,9.998391271E-1,1.779538009E2,1.793125316E-1,-7.706502941E-2,1.779536773E2
9.944202127E1,1.785580204E-2,7.006686064E-4,1.548996312E-3,9.998391271E-1,1.779537671E2,1.789074548E-1,-7.710837582E-2,1.779536437E2
9.944702127E1,1.785609939E-2,7.007238455E-4,1.545539708E-3,9.998391271E-1,1.779537330E2,1.785115555E-1,-7.712172472E-2,1.779536099E2
9.945202127E1,1.784870479E-2,7.044514059E-4,1.552126836E-3,9.998392463E-1,1.779545805E2,1.792733210E-1,-7.753664986E-2,1.779544562E2
9.945702127E1,1.784526372E-2,7.089346764E-4,1.551256399E-3,9.998393059E-1,1.779549749E2,1.791824947E-1,-7.805270955E-2,1.779548498E2
9.946202127E1,1.784237397E-2,7.090224535E-4,1.546030398E-3,9.998393655E-1,1.779553061E2,1.785836873E-1,-7.807397000E-2,1.779551814E2
9.946702127E1,1.784190197E-2,7.101698429E-4,1.550943241E-3,9.998393655E-1,1.779553601E2,1.791488785E-1,-7.819546930E-2,1.779552349E2
9.947202127E1,1.783827954E-2,7.131902967E-4,1.552798902E-3,9.998394251E-1,1.779557753E2,1.793673800E-1,-7.853838801E-2,1.779556494E2
9.947702127E1,1.783884602E-2,7.117965142E-4,1.546919579E-3,9.998394251E-1,1.779557104E2,1.786909600E-1,-7.839061541E-2,1.779555852E2
9.948202127E1,1.784612381E-2,7.086517289E-4,1.541460282E-3,9.998393059E-1,1.779548763E2,1.780596075E-1,-7.804017168E-2,1.779547521E2
9.948702127E1,1.784587799E-2,7.067917031E-4,1.545155770E-3,9.998393059E-1,1.779549045E2,1.784791889E-1,-7.781954866E-2,1.779547803E2
9.949202127E1,1.784221801E-2,7.090584841E-4,1.547812833E-3,9.998393655E-1,1.779553239E2,1.787879686E-1,-7.807448146E-2,1.779551991E2
9.949702127E1,1.784200587E-2,7.104827673E-4,1.549604000E-3,9.998393655E-1,1.779553482E2,1.789960849E-1,-7.823404174E-2,1.779552231E2
9.950202127E1,1.784534881E-2,7.071368746E-4,1.551098074E-3,9.998393059E-1,1.779549651E2,1.791606844E-1,-7.784703819E-2,1.779548404E2
9.950702127E1,1.784495261E-2,7.084364188E-4,1.555058290E-3,9.998393059E-1,1.779550105E2,1.796170474E-1,-7.798790344E-2,1.779548853E2
9.951202127E1,1.783823660E-2,7.118626963E-4,1.553901006E-3,9.998394251E-1,1.779557802E2,1.794909344E-1,-7.838403532E-2,1.779556545E2
9.951702127E1,1.783852735E-2,7.117916248E-4,1.550592249E-3,9.998394251E-1,1.779557469E2,1.791117159E-1,-7.838260423E-2,1.779556214E2
9.952202127E1,1.784221743E-2,7.094420725E-4,1.547643682E-3,9.998393655E-1,1.779553240E2,1.787693727E-1,-7.811877639E-2,1.779551992E2
9.952702127E1,1.783802036E-2,7.138676592E-4,1.555462717E-3,9.998394251E-1,1.779558050E2,1.796739473E-1,-7.861059669E-2,1.779556788E2
9.953202127E1,1.783503659E-2,7.145340787E-4,1.551052090E-3,9.998394847E-1,1.779561470E2,1.791697337E-1,-7.869650147E-2,1.779560210E2
9.953702127E1,1.783864346E-2,7.136476925E-4,1.548401779E-3,9.998394251E-1,1.779557336E2,1.788645498E-1,-7.859971700E-2,1.779556079E2
9.954202127E1,1.783480242E-2,7.155208150E-4,1.553288195E-3,9.998394847E-1,1.779561738E2,1.794279308E-1,-7.880502672E-2,1.779560474E2
9.954702127E1,1.783038432E-2,7.183743292E-4,1.564287348E-3,9.998395443E-1,1.779566802E2,1.806936261E-1,-7.911028087E-2,1.779565524E2
9.955202127E1,1.782363868E-2,7.223873399E-4,1.563119236E-3,9.998396635E-1,1.779574533E2,1.805674555E-1,-7.957366953E-2,1.779573249E2
9.955702127E1,1.783041199E-2,7.182483096E-4,1.564029721E-3,9.998395443E-1,1.779566770E2,1.806638535E-1,-7.909636382E-2,1.779565493E2
9.956202127E1,1.782987247E-2,7.183941198E-4,1.570101595E-3,9.998395443E-1,1.779567388E2,1.813597850E-1,-7.910076069E-2,1.779566106E2
9.956702127E1,1.782631674E-2,7.223066059E-4,1.570724649E-3,9.998396039E-1,1.779571464E2,1.814388830E-1,-7.954839900E-2,1.779570174E2
9.957202127E1,1.782298280E-2,7.224262226E-4,1.570562134E-3,9.998396635E-1,1.779575285E2,1.814202421E-1,-7.956304082E-2,1.779573995E2
9.957702127E1,1.783304023E-2,7.168526063E-4,1.572784153E-3,9.998394847E-1,1.779563758E2,1.816642352E-1,-7.891808773E-2,1.779562476E2
9.958202127E1,1.783280396E-2,7.157681976E-4,1.575953793E-3,9.998394847E-1,1.779564029E2,1.820251570E-1,-7.878740893E-2,1.779562747E2
9.958702127E1,1.783300270E-2,7.168839802E-4,1.573195332E-3,9.998394847E-1,1.779563801E2,1.817114065E-1,-7.892084886E-2,1.779562519E2
9.959202127E1,1.783299867E-2,7.164939307E-4,1.573418733E-3,9.998394847E-1,1.779563806E2,1.817362049E-1,-7.887570381E-2,1.779562524E2
9.959702127E1,1.783946784E-2,7.120044902E-4,1.577868359E-3,9.998393655E-1,1.779556391E2,1.822373454E-1,-7.835106163E-2,1.779555115E2
9.960202127E1,1.784270125E-2,7.083119126E-4,1.580736600E-3,9.998393059E-1,1.779552685E2,1.825586719E-1,-7.792153704E-2,1.779551413E2
9.960702127E1,1.783612257E-2,7.133961190E-4,1.577288611E-3,9.998394251E-1,1.779560225E2,1.821735043E-1,-7.851229974E-2,1.779558946E2
9.961202127E1,1.783284015E-2,7.162325783E-4,1.575333183E-3,9.998394847E-1,1.779563987E2,1.819550035E-1,-7.884187622E-2,1.779562705E2
9.961702127E1,1.784645817E-2,7.068107370E-4,1.576693263E-3,9.998392463E-1,1.779548380E2,1.820926348E-1,-7.775712597E-2,1.779547113E2
9.962202127E1,1.784299406E-2,7.093108725E-4,1.576979063E-3,9.998393059E-1,1.779552350E2,1.821302233E-1,-7.804362096E-2,1.779551079E2
9.962702127E1,1.782954769E-2,7.184655988E-4,1.573752728E-3,9.998395443E-1,1.779567761E2,1.817782288E-1,-7.910154901E-2,1.779566475E2
9.963202127E1,1.783292462E-2,7.153754705E-4,1.574766356E-3,9.998394847E-1,1.779563890E2,1.818883151E-1,-7.874481764E-2,1.779562610E2
9.963702127E1,1.783625514E-2,7.148172590E-4,1.575144590E-3,9.998394251E-1,1.779560073E2,1.819307718E-1,-7.867948257E-2,1.779558794E2
9.964202127E1,1.782915610E-2,7.190071628E-4,1.577936229E-3,9.998395443E-1,1.779568209E2,1.822586231E-1,-7.915512120E-2,1.779566920E2
9.964702127E1,1.782271530E-2,7.224887377E-4,1.573566115E-3,9.998396635E-1,1.779575591E2,1.817645254E-1,-7.956411638E-2,1.779574299E2
9.965202127E1,1.783645282E-2,7.147366996E-4,1.572941197E-3,9.998394251E-1,1.779559847E2,1.816781721E-1,-7.867472047E-2,1.779558569E2
9.965702127E1,1.782947865E-2,7.176445215E-4,1.574909198E-3,9.998395443E-1,1.779567840E2,1.819090463E-1,-7.900512515E-2,1.779566555E2
9.966202127E1,1.782979460E-2,7.192511694E-4,1.570593449E-3,9.998395443E-1,1.779567478E2,1.814178838E-1,-7.919796475E-2,1.779566193E2
9.966702127E1,1.782712836E-2,7.198685198E-4,1.562611549E-3,9.998396039E-1,1.779570533E2,1.805044192E-1,-7.928548714E-2,1.779569254E2
9.967202127E1,1.783741324E-2,7.142575341E-4,1.562231337E-3,9.998394251E-1,1.779558746E2,1.804502014E-1,-7.864153896E-2,1.779557477E2
9.967702127E1,1.783751602E-2,7.140007219E-4,1.561174868E-3,9.998394251E-1,1.779558628E2,1.803286410E-1,-7.861425620E-2,1.779557361E2
9.968202127E1,1.782776624E-2,7.192446501E-4,1.555605792E-3,9.998396039E-1,1.779569802E2,1.797005204E-1,-7.922820628E-2,1.779568530E2
9.968702127E1,1.783810153E-2,7.128247526E-4,1.555010094E-3,9.998394251E-1,1.779557957E2,1.796199629E-1,-7.849201820E-2,1.779556697E2
9.969202127E1,1.785170151E-2,7.040053606E-4,1.556255738E-3,9.998391867E-1,1.779542370E2,1.797457036E-1,-7.747656089E-2,1.779541125E2
9.969702127E1,1.784479811E-2,7.080787327E-4,1.556992880E-3,9.998393059E-1,1.779550282E2,1.798379566E-1,-7.794299374E-2,1.779549029E2
9.970202127E1,1.784494062E-2,7.080257637E-4,1.555382856E-3,9.998393059E-1,1.779550119E2,1.796533933E-1,-7.794019179E-2,1.779548867E2
9.970702127E1,1.785169545E-2,7.035166491E-4,1.556546194E-3,9.998391867E-1,1.779542377E2,1.797779818E-1,-7.741997453E-2,1.779541133E2
9.971202127E1,1.785487060E-2,7.017871831E-4,1.559193013E-3,9.998391271E-1,1.779538738E2,1.800779438E-1,-7.721583744E-2,1.779537495E2
9.971702127E1,1.784477170E-2,7.091337466E-4,1.556815463E-3,9.998393059E-1,1.779550312E2,1.798197850E-1,-7.806423761E-2,1.779549058E2
9.972202127E1,1.784476023E-2,7.078657509E-4,1.557523850E-3,9.998393059E-1,1.779550326E2,1.798983532E-1,-7.791751272E-2,1.779549072E2
9.972702127E1,1.785500671E-2,6.998694735E-4,1.558496268E-3,9.998391271E-1,1.779538582E2,1.799942013E-1,-7.699752051E-2,1.779537343E2
9.973202127E1,1.784806825E-2,7.057999028E-4,1.558819553E-3,9.998392463E-1,1.779546534E2,1.800428383E-1,-7.767757653E-2,1.779545284E2
9.973702127E1,1.783762339E-2,7.131200400E-4,1.560350414E-3,9.998394251E-1,1.779558505E2,1.802323884E-1,-7.851501961E-2,1.779557240E2
9.974202127E1,1.784150413E-2,7.114608889E-4,1.554923016E-3,9.998393655E-1,1.779554057E2,1.796074642E-1,-7.833532274E-2,1.779552800E2
9.974702127E1,1.784519944E-2,7.086822297E-4,1.552111004E-3,9.998393059E-1,1.779549822E2,1.792798884E-1,-7.802204976E-2,1.779548572E2
9.975202127E1,1.783845563E-2,7.130170125E-4,1.550854300E-3,9.998394251E-1,1.779557551E2,1.791442397E-1,-7.852247797E-2,1.779556294E2
9.975702127E1,1.783865246E-2,7.122694515E-4,1.548932632E-3,9.998394251E-1,1.779557326E2,1.789225545E-1,-7.844072068E-2,1.779556071E2
9.976202127E1,1.784572006E-2,7.067557308E-4,1.546995132E-3,9.998393059E-1,1.779549226E2,1.786898453E-1,-7.781169372E-2,1.779547983E2
9.976702127E1,1.784905301E-2,7.052847650E-4,1.547737746E-3,9.998392463E-1,1.779545406E2,1.787721793E-1,-7.764104582E-2,1.779544165E2
9.977202127E1,1.784862299E-2,7.057121838E-4,1.552494708E-3,9.998392463E-1,1.779545899E2,1.793180422E-1,-7.768036342E-2,1.779544653E2
9.977702127E1,1.784164211E-2,7.101650699E-4,1.553931856E-3,9.998393655E-1,1.779553899E2,1.794912645E-1,-7.818885839E-2,1.779552645E2
9.978202127E1,1.785234672E-2,7.017873577E-4,1.549843000E-3,9.998391867E-1,1.779541631E2,1.790064854E-1,-7.723544078E-2,1.779540395E2
9.978702127E1,1.785224017E-2,7.029435365E-4,1.550546265E-3,9.998391867E-1,1.779541753E2,1.790894184E-1,-7.736648817E-2,1.779540514E2
9.979202127E1,1.784878432E-2,7.057735929E-4,1.550610876E-3,9.998392463E-1,1.779545714E2,1.791023430E-1,-7.769122360E-2,1.779544470E2
9.979702127E1,1.785921397E-2,6.980736507E-4,1.549306908E-3,9.998390675E-1,1.779533760E2,1.789379924E-1,-7.680981733E-2,1.779532531E2
9.980202127E1,1.786636644E-2,6.937329890E-4,1.545719104E-3,9.998389482E-1,1.779525563E2,1.785185863E-1,-7.631855988E-2,1.779524344E2
9.980702127E1,1.786234585E-2,6.953738048E-4,1.552877482E-3,9.998390079E-1,1.779530171E2,1.793417989E-1,-7.649261799E-2,1.779528944E2
9.981202127E1,1.785179874E-2,7.022234495E-4,1.555945491E-3,9.998391867E-1,1.779542259E2,1.797065192E-1,-7.727301889E-2,1.779541017E2
9.981702127E1,1.785248676E-2,7.020031917E-4,1.548131229E-3,9.998391867E-1,1.779541470E2,1.788108143E-1,-7.726364656E-2,1.779540235E2
9.982202127E1,1.785275976E-2,7.021394558E-4,1.544917934E-3,9.998391867E-1,1.779541157E2,1.784429556E-1,-7.728578404E-2,1.779539924E2
9.982702127E1,1.785521806E-2,7.018131437E-4,1.555197290E-3,9.998391271E-1,1.779538340E2,1.796202198E-1,-7.722692523E-2,1.779537100E2
9.983202127E1,1.785547171E-2,7.011020789E-4,1.552603673E-3,9.998391271E-1,1.779538049E2,1.793216244E-1,-7.715071781E-2,1.779536812E2
9.983702127E1,1.785663323E-2,7.011027774E-4,1.539187157E-3,9.998391271E-1,1.779536718E2,1.777845382E-1,-7.717804435E-2,1.779535491E2
9.984202127E1,1.785332391E-2,7.029402768E-4,1.538019045E-3,9.998391867E-1,1.779540511E2,1.776542080E-1,-7.739155086E-2,1.779539282E2
9.984702127E1,1.785942563E-2,6.985713844E-4,1.546640415E-3,9.998390675E-1,1.779533518E2,1.786335180E-1,-7.687226380E-2,1.779532290E2
9.985202127E1,1.785664292E-2,6.993754068E-4,1.539860386E-3,9.998391271E-1,1.779536707E2,1.778581380E-1,-7.697875464E-2,1.779535483E2
9.985702127E1,1.786075387E-2,6.975290016E-4,1.531700720E-3,9.998390675E-1,1.779531995E2,1.769197934E-1,-7.678317621E-2,1.779530781E2
9.986202127E1,1.786369364E-2,6.951559917E-4,1.537394011E-3,9.998390079E-1,1.779528626E2,1.775674609E-1,-7.649911775E-2,1.779527412E2
9.986702127E1,1.785648369E-2,7.006622036E-4,1.541121397E-3,9.998391271E-1,1.779536889E2,1.780052377E-1,-7.712363491E-2,1.779535662E2
9.987202127E1,1.785705479E-2,6.993020070E-4,1.535110176E-3,9.998391271E-1,1.779536235E2,1.773137712E-1,-7.697999252E-2,1.779535015E2
9.987702127E1,1.786427240E-2,6.959827733E-4,1.530278474E-3,9.998390079E-1,1.779527963E2,1.767539461E-1,-7.660830900E-2,1.779526752E2
9.988202127E1,1.786030150E-2,6.986063090E-4,1.536477124E-3,9.998390675E-1,1.779532514E2,1.774692132E-1,-7.689691060E-2,1.779531294E2
9.988702127E1,1.785709504E-2,6.990179536E-4,1.534771291E-3,9.998391271E-1,1.779536189E2,1.772743657E-1,-7.694813398E-2,1.779534969E2
9.989202127E1,1.786135065E-2,6.970445393E-4,1.524947351E-3,9.998390675E-1,1.779531311E2,1.761450904E-1,-7.674138759E-2,1.779530103E2
9.989702127E1,1.787145325E-2,6.905026967E-4,1.526799751E-3,9.998388886E-1,1.779519733E2,1.763447022E-1,-7.598629452E-2,1.779518535E2
9.990202127E1,1.787095259E-2,6.900863373E-4,1.532836352E-3,9.998388886E-1,1.779520307E2,1.770354456E-1,-7.592631636E-2,1.779519105E2
9.990702127E1,1.787479800E-2,6.876545376E-4,1.527962857E-3,9.998388290E-1,1.779515899E2,1.764723825E-1,-7.565699954E-2,1.779514706E2
9.991202127E1,1.787880417E-2,6.839521229E-4,1.521743718E-3,9.998387694E-1,1.779511308E2,1.757525508E-1,-7.524483750E-2,1.779510125E2
9.991702127E1,1.788534785E-2,6.792424829E-4,1.525278669E-3,9.998386502E-1,1.779503808E2,1.761484006E-1,-7.469684377E-2,1.779502631E2
9.992202127E1,1.788160542E-2,6.831425708E-4,1.528341207E-3,9.998387098E-1,1.779508097E2,1.765069995E-1,-7.513807259E-2,1.779506911E2
9.992702127E1,1.787518097E-2,6.879252032E-4,1.523353858E-3,9.998388290E-1,1.779515460E2,1.759448971E-1,-7.569738434E-2,1.779514270E2
9.993202127E1,1.788894942E-2,6.778149982E-4,1.522747101E-3,9.998385906E-1,1.779499680E2,1.758556926E-1,-7.453784773E-2,1.779498508E2
9.993702127E1,1.789544001E-2,6.715363124E-4,1.527530374E-3,9.998384714E-1,1.779492242E2,1.763913346E-1,-7.380752822E-2,1.779491077E2
9.994202127E1,1.789192744E-2,6.744529819E-4,1.528377878E-3,9.998385310E-1,1.779496267E2,1.764941577E-1,-7.414058206E-2,1.779495097E2
9.994702127E1,1.789566278E-2,6.730586174E-4,1.524246996E-3,9.998384714E-1,1.779491986E2,1.760182856E-1,-7.398863769E-2,1.779490821E2
9.995202127E1,1.789868897E-2,6.698293146E-4,1.529226894E-3,9.998384118E-1,1.779488518E2,1.765824489E-1,-7.360789919E-2,1.779487355E2
9.995702127E1,1.790172940E-2,6.671173032E-4,1.533786883E-3,9.998383522E-1,1.779485033E2,1.770995617E-1,-7.328728389E-2,1.779483872E2
9.996202127E1,1.789855359E-2,6.696971250E-4,1.530868467E-3,9.998384118E-1,1.779488673E2,1.767702483E-1,-7.358941063E-2,1.779487509E2
9.996702127E1,1.789200187E-2,6.745555438E-4,1.527460990E-3,9.998385310E-1,1.779496182E2,1.763893226E-1,-7.415419973E-2,1.779495012E2
9.997202127E1,1.789525447E-2,6.720543606E-4,1.529474976E-3,9.998384714E-1,1.779492454E2,1.766151831E-1,-7.386292742E-2,1.779491287E2
9.997702127E1,1.789444074E-2,6.733860937E-4,1.538383891E-3,9.998384714E-1,1.779493387E2,1.776385791E-1,-7.399738267E-2,1.779492211E2
9.998202127E1,1.789150061E-2,6.749196327E-4,1.533160917E-3,9.998385310E-1,1.779496757E2,1.770430922E-1,-7.418431620E-2,1.779495582E2
9.998702127E1,1.788824957E-2,6.772435736E-4,1.531199436E-3,9.998385906E-1,1.779500483E2,1.768228818E-1,-7.445517396E-2,1.779499305E2
9.999202127E1,1.789832580E-2,6.711042952E-4,1.532914117E-3,9.998384118E-1,1.779488934E2,1.770074952E-1,-7.374647887E-2,1.779487766E2
9.999702127E1,1.789500420E-2,6.724645500E-4,1.532220398E-3,9.998384714E-1,1.779492741E2,1.769305583E-1,-7.390433815E-2,1.779491571E2
1.000020213E2,1.789143708E-2,6.756915827E-4,1.533562317E-3,9.998385310E-1,1.779496829E2,1.770906602E-1,-7.427194915E-2,1.779495653E2
1.000070213E2,1.789157619E-2,6.762407720E-4,1.531696180E-3,9.998385310E-1,1.779496670E2,1.768779869E-1,-7.433867306E-2,1.779495494E2
1.000120213E2,1.789568463E-2,6.713917246E-4,1.524725580E-3,9.998384714E-1,1.779491961E2,1.760697013E-1,-7.379667130E-2,1.779490799E2
1.000170213E2,1.789197073E-2,6.753061898E-4,1.527494052E-3,9.998385310E-1,1.779496218E2,1.763946476E-1,-7.424014128E-2,1.779495046E2
1.000220213E2,1.788486084E-2,6.795633817E-4,1.530836220E-3,9.998386502E-1,1.779504366E2,1.767857697E-1,-7.472230534E-2,1.779503185E2
1.000270213E2,1.789175516E-2,6.753620110E-4,1.529992325E-3,9.998385310E-1,1.779496465E2,1.766809817E-1,-7.424145254E-2,1.779495291E2
1.000320213E2,1.789526787E-2,6.718679215E-4,1.529400120E-3,9.998384714E-1,1.779492439E2,1.766062253E-1,-7.384171765E-2,1.779491272E2
1.000370213E2,1.789527869E-2,6.736777141E-4,1.528477063E-3,9.998384714E-1,1.779492426E2,1.765041802E-1,-7.405096225E-2,1.779491257E2
1.000420213E2,1.789869017E-2,6.709812442E-4,1.528707799E-3,9.998384118E-1,1.779488517E2,1.765253374E-1,-7.374094386E-2,1.779487352E2
1.000470213E2,1.789547455E-2,6.735428469E-4,1.526241773E-3,9.998384714E-1,1.779492202E2,1.762478132E-1,-7.404005964E-2,1.779491035E2
1.000520213E2,1.788890489E-2,6.778109237E-4,1.523271902E-3,9.998385906E-1,1.779499731E2,1.759158091E-1,-7.453631287E-2,1.779498559E2
1.000570213E2,1.788590122E-2,6.788441096E-4,1.518954057E-3,9.998386502E-1,1.779503174E2,1.754229929E-1,-7.466406694E-2,1.779502003E2
1.000620213E2,1.788905955E-2,6.782175042E-4,1.521273283E-3,9.998385906E-1,1.779499554E2,1.756876657E-1,-7.458696613E-2,1.779498382E2
1.000670213E2,1.788616793E-2,6.783521385E-4,1.516030403E-3,9.998386502E-1,1.779502868E2,1.750870311E-1,-7.461364616E-2,1.779501700E2
1.000720213E2,1.787258629E-2,6.901873858E-4,1.513622585E-3,9.998388886E-1,1.779518434E2,1.748343889E-1,-7.597695759E-2,1.779517247E2
1.000770213E2,1.787207580E-2,6.890182849E-4,1.520168851E-3,9.998388886E-1,1.779519019E2,1.755819838E-1,-7.582969182E-2,1.779517829E2
1.000820213E2,1.787804038E-2,6.855513202E-4,1.529975329E-3,9.998387694E-1,1.779512183E2,1.766988942E-1,-7.541133192E-2,1.779510992E2
1.000870213E2,1.788143369E-2,6.836636458E-4,1.530116424E-3,9.998387098E-1,1.779508294E2,1.767114472E-1,-7.519416635E-2,1.779507106E2
1.000920213E2,1.787212176E-2,6.896683481E-4,1.519333455E-3,9.998388886E-1,1.779518967E2,1.754876045E-1,-7.590587451E-2,1.779517776E2
1.000970213E2,1.787176587E-2,6.899890723E-4,1.523368875E-3,9.998388886E-1,1.779519375E2,1.759505866E-1,-7.593441851E-2,1.779518180E2
1.001020213E2,1.787825887E-2,6.856804248E-4,1.527362154E-3,9.998387694E-1,1.779511933E2,1.763997747E-1,-7.543143915E-2,1.779510743E2
1.001070213E2,1.787825660E-2,6.851514336E-4,1.527626067E-3,9.998387694E-1,1.779511935E2,1.764289281E-1,-7.537029066E-2,1.779510746E2
1.001120213E2,1.787524337E-2,6.862233276E-4,1.523389248E-3,9.998388290E-1,1.779515389E2,1.759454700E-1,-7.550231164E-2,1.779514201E2
1.001170213E2,1.787860183E-2,6.853730301E-4,1.523480634E-3,9.998387694E-1,1.779511540E2,1.759544516E-1,-7.540411216E-2,1.779510353E2
1.001220213E2,1.788182930E-2,6.831682404E-4,1.525708009E-3,9.998387098E-1,1.779507841E2,1.762053744E-1,-7.514637013E-2,1.779506657E2
1.001270213E2,1.787515598E-2,6.866119220E-4,1.524239313E-3,9.998388290E-1,1.779515489E2,1.760436543E-1,-7.554510817E-2,1.779514300E2
1.001320213E2,1.786805202E-2,6.926804199E-4,1.526588807E-3,9.998389482E-1,1.779523631E2,1.763247348E-1,-7.623683495E-2,1.779522429E2
1.001370213E2,1.786425678E-2,6.941803149E-4,1.531279180E-3,9.998390079E-1,1.779527981E2,1.768649088E-1,-7.639974975E-2,1.779526773E2
1.001420213E2,1.786755795E-2,6.930882810E-4,1.532176277E-3,9.998389482E-1,1.779524197E2,1.769657082E-1,-7.627221114E-2,1.779522990E2
1.001470213E2,1.786440505E-2,6.951970281E-4,1.529086614E-3,9.998390079E-1,1.779527811E2,1.766157919E-1,-7.652070026E-2,1.779526602E2
1.001520213E2,1.786087776E-2,6.963894120E-4,1.530774287E-3,9.998390675E-1,1.779531853E2,1.768113254E-1,-7.665448415E-2,1.779530642E2
1.001570213E2,1.786425612E-2,6.948349182E-4,1.530990005E-3,9.998390079E-1,1.779527981E2,1.768331172E-1,-7.647534184E-2,1.779526772E2
1.001620213E2,1.786404367E-2,6.938855513E-4,1.533896779E-3,9.998390079E-1,1.779528225E2,1.771641964E-1,-7.636065672E-2,1.779527015E2
1.001670213E2,1.786766221E-2,6.925769267E-4,1.531191403E-3,9.998389482E-1,1.779524078E2,1.768518286E-1,-7.621562184E-2,1.779522873E2
1.001720213E2,1.786453295E-2,6.936182035E-4,1.528309193E-3,9.998390079E-1,1.779527664E2,1.765234972E-1,-7.634137832E-2,1.779526459E2
1.001770213E2,1.786753427E-2,6.936220452E-4,1.532210852E-3,9.998389482E-1,1.779524224E2,1.769707609E-1,-7.633329958E-2,1.779523017E2
1.001820213E2,1.787406391E-2,6.886367337E-4,1.536086434E-3,9.998388290E-1,1.779516741E2,1.774050855E-1,-7.575302255E-2,1.779515539E2
1.001870213E2,1.786756981E-2,6.913352991E-4,1.532829832E-3,9.998389482E-1,1.779524184E2,1.770369994E-1,-7.607002616E-2,1.779522979E2
1.001920213E2,1.786416947E-2,6.937886938E-4,1.532474766E-3,9.998390079E-1,1.779528081E2,1.770010827E-1,-7.635244831E-2,1.779526872E2
1.001970213E2,1.786385690E-2,6.946694339E-4,1.535716001E-3,9.998390079E-1,1.779528439E2,1.773742217E-1,-7.644677746E-2,1.779527227E2
1.002020213E2,1.786391775E-2,6.953548873E-4,1.534697600E-3,9.998390079E-1,1.779528369E2,1.772589480E-1,-7.652738607E-2,1.779527156E2
1.002070213E2,1.786425315E-2,6.951395189E-4,1.530886395E-3,9.998390079E-1,1.779527985E2,1.768218697E-1,-7.651045354E-2,1.779526775E2
1.002120213E2,1.787108124E-2,6.910348893E-4,1.530907815E-3,9.998388886E-1,1.779520159E2,1.768164391E-1,-7.603892181E-2,1.779518957E2
1.002170213E2,1.787437659E-2,6.880781730E-4,1.532694674E-3,9.998388290E-1,1.779516382E2,1.770153592E-1,-7.569591862E-2,1.779515184E2
1.002220213E2,1.787459591E-2,6.884765462E-4,1.529955538E-3,9.998388290E-1,1.779516131E2,1.767023596E-1,-7.574713351E-2,1.779514934E2
1.002270213E2,1.786766438E-2,6.929101073E-4,1.531015267E-3,9.998389482E-1,1.779524075E2,1.768323305E-1,-7.625415567E-2,1.779522870E2
1.002320213E2,1.787071490E-2,6.906468770E-4,1.535352902E-3,9.998388886E-1,1.779520579E2,1.773249055E-1,-7.598542746E-2,1.779519374E2
1.002370213E2,1.787719401E-2,6.853741943E-4,1.539912191E-3,9.998387694E-1,1.779513153E2,1.778369681E-1,-7.537083000E-2,1.779511955E2
1.002420213E2,1.787043917E-2,6.905514747E-4,1.538601704E-3,9.998388886E-1,1.779520895E2,1.776969157E-1,-7.596789251E-2,1.779519688E2
1.002470213E2,1.786722158E-2,6.928163348E-4,1.536216587E-3,9.998389482E-1,1.779524583E2,1.774280380E-1,-7.623284018E-2,1.779523373E2
1.002520213E2,1.787721694E-2,6.852953229E-4,1.539681107E-3,9.998387694E-1,1.779513127E2,1.778103321E-1,-7.536226280E-2,1.779511929E2
1.002570213E2,1.788017501E-2,6.826579338E-4,1.545199892E-3,9.998387098E-1,1.779509737E2,1.784374565E-1,-7.504825463E-2,1.779508539E2
1.002620213E2,1.787686993E-2,6.862108130E-4,1.543298131E-3,9.998387694E-1,1.779513525E2,1.782265966E-1,-7.545980502E-2,1.779512322E2
1.002670213E2,1.788379193E-2,6.816007080E-4,1.542374725E-3,9.998386502E-1,1.779505591E2,1.781118719E-1,-7.493226953E-2,1.779504398E2
1.002720213E2,1.789032573E-2,6.767227896E-4,1.546022249E-3,9.998385310E-1,1.779498103E2,1.785202691E-1,-7.436474920E-2,1.779496915E2
1.002770213E2,1.787644258E-2,6.855576066E-4,1.548529719E-3,9.998387694E-1,1.779514015E2,1.788246272E-1,-7.537432380E-2,1.779512809E2
1.002820213E2,1.787671113E-2,6.865403266E-4,1.544990111E-3,9.998387694E-1,1.779513707E2,1.784211158E-1,-7.549412046E-2,1.779512502E2
1.002870213E2,1.787692250E-2,6.851677317E-4,1.543152612E-3,9.998387694E-1,1.779513465E2,1.782077908E-1,-7.534058468E-2,1.779512264E2
1.002920213E2,1.788351108E-2,6.818757392E-4,1.545506413E-3,9.998386502E-1,1.779505913E2,1.784712229E-1,-7.495741260E-2,1.779504717E2
1.002970213E2,1.787713216E-2,6.851231446E-4,1.540741650E-3,9.998387694E-1,1.779513224E2,1.779314830E-1,-7.534037815E-2,1.779512025E2
1.003020213E2,1.788113732E-2,6.825107848E-4,1.534089330E-3,9.998387098E-1,1.779508634E2,1.771642518E-1,-7.505399077E-2,1.779507445E2
1.003070213E2,1.789144838E-2,6.762727280E-4,1.533174189E-3,9.998385310E-1,1.779496816E2,1.770473834E-1,-7.433932656E-2,1.779495639E2
1.003120213E2,1.789128465E-2,6.752775516E-4,1.535521704E-3,9.998385310E-1,1.779497004E2,1.773142934E-1,-7.422052198E-2,1.779495827E2
1.003170213E2,1.789166206E-2,6.744111306E-4,1.531499787E-3,9.998385310E-1,1.779496572E2,1.768517401E-1,-7.412943285E-2,1.779495399E2
1.003220213E2,1.789191016E-2,6.763141137E-4,1.527757617E-3,9.998385310E-1,1.779496287E2,1.764269075E-1,-7.435509252E-2,1.779495114E2
1.003270213E2,1.789835925E-2,6.710119196E-4,1.532563940E-3,9.998384118E-1,1.779488896E2,1.769671872E-1,-7.373660745E-2,1.779487728E2
1.003320213E2,1.788806216E-2,6.777253584E-4,1.533174305E-3,9.998385906E-1,1.779500697E2,1.770501232E-1,-7.450635832E-2,1.779499517E2
1.003370213E2,1.788477568E-2,6.797471433E-4,1.531749265E-3,9.998386502E-1,1.779504464E2,1.768907508E-1,-7.474150318E-2,1.779503281E2
1.003420213E2,1.788837786E-2,6.771683693E-4,1.529733185E-3,9.998385906E-1,1.779500336E2,1.766547438E-1,-7.444954066E-2,1.779499159E2
1.003470213E2,1.788773293E-2,6.771953776E-4,1.537244301E-3,9.998385906E-1,1.779501075E2,1.775153255E-1,-7.443735197E-2,1.779499893E2
1.003520213E2,1.788094904E-2,6.833531661E-4,1.535907853E-3,9.998387098E-1,1.779508850E2,1.773743185E-1,-7.514681200E-2,1.779507658E2
1.003570213E2,1.787748821E-2,6.843450246E-4,1.536951517E-3,9.998387694E-1,1.779512816E2,1.774956668E-1,-7.525892811E-2,1.779511621E2
1.003620213E2,1.787370281E-2,6.876646075E-4,1.540716738E-3,9.998388290E-1,1.779517155E2,1.779335765E-1,-7.563222284E-2,1.779515951E2
1.003670213E2,1.788027539E-2,6.833634689E-4,1.543725841E-3,9.998387098E-1,1.779509622E2,1.782700228E-1,-7.513209247E-2,1.779508424E2
1.003720213E2,1.787699295E-2,6.848456105E-4,1.542479382E-3,9.998387694E-1,1.779513384E2,1.781300018E-1,-7.530504492E-2,1.779512184E2
1.003770213E2,1.788072114E-2,6.818780676E-4,1.539213001E-3,9.998387098E-1,1.779509111E2,1.777499606E-1,-7.497107320E-2,1.779507919E2
1.003820213E2,1.788390574E-2,6.804177538E-4,1.541577163E-3,9.998386502E-1,1.779505461E2,1.780180764E-1,-7.479834908E-2,1.779504270E2
1.003870213E2,1.788070284E-2,6.833402440E-4,1.538777142E-3,9.998387098E-1,1.779509132E2,1.777030178E-1,-7.513949569E-2,1.779507938E2
1.003920213E2,1.787433918E-2,6.864651805E-4,1.533853705E-3,9.998388290E-1,1.779516425E2,1.771448461E-1,-7.550874551E-2,1.779515229E2
1.003970213E2,1.787466705E-2,6.871739170E-4,1.529710018E-3,9.998388290E-1,1.779516049E2,1.766715663E-1,-7.559837754E-2,1.779514855E2
1.004020213E2,1.787419592E-2,6.865183823E-4,1.535498537E-3,9.998388290E-1,1.779516589E2,1.773333984E-1,-7.551149719E-2,1.779515392E2
1.004070213E2,1.787067646E-2,6.902020541E-4,1.536000287E-3,9.998388886E-1,1.779520623E2,1.773981647E-1,-7.593314370E-2,1.779519419E2
1.004120213E2,1.786724289E-2,6.937343860E-4,1.535554184E-3,9.998389482E-1,1.779524558E2,1.773540258E-1,-7.633937673E-2,1.779523348E2
1.004170213E2,1.787399942E-2,6.888548378E-4,1.536738942E-3,9.998388290E-1,1.779516815E2,1.774802875E-1,-7.577668631E-2,1.779515612E2
1.004220213E2,1.787351528E-2,6.882641464E-4,1.542623388E-3,9.998388290E-1,1.779517370E2,1.781532420E-1,-7.569704192E-2,1.779516163E2
1.004270213E2,1.786314307E-2,6.957080332E-4,1.543529215E-3,9.998390079E-1,1.779529257E2,1.782714807E-1,-7.654990534E-2,1.779528037E2
1.004320213E2,1.787375506E-2,6.887370255E-4,1.539631165E-3,9.998388290E-1,1.779517095E2,1.778113995E-1,-7.575730741E-2,1.779515890E2
1.004370213E2,1.787396873E-2,6.870556972E-4,1.537900884E-3,9.998388290E-1,1.779516850E2,1.776097271E-1,-7.556817854E-2,1.779515649E2
1.004420213E2,1.786654343E-2,6.933538825E-4,1.543842256E-3,9.998389482E-1,1.779525360E2,1.783027865E-1,-7.627893566E-2,1.779524144E2
1.004470213E2,1.786648687E-2,6.930428790E-4,1.544636209E-3,9.998389482E-1,1.779525425E2,1.783931113E-1,-7.624168749E-2,1.779524209E2
1.004520213E2,1.786308650E-2,6.961135077E-4,1.544001047E-3,9.998390079E-1,1.779529322E2,1.783263658E-1,-7.659540605E-2,1.779528101E2
1.004570213E2,1.786292265E-2,6.953764241E-4,1.546227257E-3,9.998390079E-1,1.779529510E2,1.785799089E-1,-7.650642808E-2,1.779528288E2
1.004620213E2,1.786933170E-2,6.912365207E-4,1.551105874E-3,9.998388886E-1,1.779522164E2,1.791308807E-1,-7.602097119E-2,1.779520946E2
1.004670213E2,1.787346986E-2,6.887165364E-4,1.542947721E-3,9.998388290E-1,1.779517422E2,1.781913253E-1,-7.574821742E-2,1.779516214E2
1.004720213E2,1.787019893E-2,6.914371625E-4,1.540992409E-3,9.998388886E-1,1.779521170E2,1.779726228E-1,-7.606451532E-2,1.779519960E2
1.004770213E2,1.786993731E-2,6.893422687E-4,1.544959727E-3,9.998388886E-1,1.779521470E2,1.784228617E-1,-7.581641879E-2,1.779520260E2
1.004820213E2,1.787666153E-2,6.863350281E-4,1.545655075E-3,9.998387694E-1,1.779513764E2,1.784968787E-1,-7.546924536E-2,1.779512559E2
1.004870213E2,1.787409747E-2,6.874248502E-4,1.536238822E-3,9.998388290E-1,1.779516702E2,1.774200650E-1,-7.561385516E-2,1.779515503E2
1.004920213E2,1.787120296E-2,6.892055972E-4,1.530311420E-3,9.998388886E-1,1.779520020E2,1.767443704E-1,-7.583053395E-2,1.779518821E2
1.004970213E2,1.787098575E-2,6.903687026E-4,1.532322494E-3,9.998388886E-1,1.779520269E2,1.769771521E-1,-7.595971435E-2,1.779519067E2
1.005020213E2,1.787078417E-2,6.908643991E-4,1.534448587E-3,9.998388886E-1,1.779520500E2,1.772217459E-1,-7.601218937E-2,1.779519295E2
1.005070213E2,1.786465851E-2,6.953528500E-4,1.526051550E-3,9.998390079E-1,1.779527520E2,1.762683925E-1,-7.654472207E-2,1.779526314E2
1.005120213E2,1.786868855E-2,6.924159243E-4,1.519240672E-3,9.998389482E-1,1.779522901E2,1.754823404E-1,-7.622146555E-2,1.779521706E2
1.005170213E2,1.787159048E-2,6.889626384E-4,1.525888918E-3,9.998388886E-1,1.779519576E2,1.762372008E-1,-7.581168643E-2,1.779518381E2
1.005220213E2,1.786137622E-2,6.963182823E-4,1.524979598E-3,9.998390675E-1,1.779531282E2,1.761473003E-1,-7.665810752E-2,1.779530075E2
1.005270213E2,1.785832624E-2,6.985115469E-4,1.520610997E-3,9.998391271E-1,1.779534778E2,1.756510296E-1,-7.691887464E-2,1.779533570E2
1.005320213E2,1.787492171E-2,6.875512772E-4,1.526561449E-3,9.998388290E-1,1.779515758E2,1.763116162E-1,-7.564801754E-2,1.779514565E2
1.005370213E2,1.787860477E-2,6.837519468E-4,1.524174470E-3,9.998387694E-1,1.779511536E2,1.760306252E-1,-7.521695748E-2,1.779510352E2
1.005420213E2,1.786515678E-2,6.937710568E-4,1.520929858E-3,9.998390079E-1,1.779526949E2,1.756783818E-1,-7.637388893E-2,1.779525750E2
1.005470213E2,1.786480142E-2,6.956072757E-4,1.524261548E-3,9.998390079E-1,1.779527356E2,1.760638376E-1,-7.657751186E-2,1.779526151E2
1.005520213E2,1.787478137E-2,6.862881710E-4,1.528771478E-3,9.998388290E-1,1.779515918E2,1.765622286E-1,-7.549879717E-2,1.779514726E2
1.005570213E2,1.786846660E-2,6.917698192E-4,1.522142789E-3,9.998389482E-1,1.779523156E2,1.758135059E-1,-7.614153556E-2,1.779521959E2
1.005620213E2,1.785864135E-2,6.982291234E-4,1.517035766E-3,9.998391271E-1,1.779534417E2,1.752408491E-1,-7.689377809E-2,1.779533212E2
1.005670213E2,1.786881984E-2,6.910968223E-4,1.518296893E-3,9.998389482E-1,1.779522751E2,1.753715168E-1,-7.607224145E-2,1.779521558E2
1.005720213E2,1.787557630E-2,6.870412617E-4,1.519107958E-3,9.998388290E-1,1.779515007E2,1.754566487E-1,-7.560473660E-2,1.779513821E2
1.005770213E2,1.786837120E-2,6.927350187E-4,1.522823586E-3,9.998389482E-1,1.779523265E2,1.758934766E-1,-7.625074421E-2,1.779522066E2
1.005820213E2,1.786525984E-2,6.941541797E-4,1.519543817E-3,9.998390079E-1,1.779526831E2,1.755203706E-1,-7.642060409E-2,1.779525632E2
1.005870213E2,1.787512563E-2,6.876806146E-4,1.524113468E-3,9.998388290E-1,1.779515524E2,1.760314230E-1,-7.566781477E-2,1.779514333E2
1.005920213E2,1.787831974E-2,6.839673733E-4,1.527417684E-3,9.998387694E-1,1.779511863E2,1.764026315E-1,-7.523504497E-2,1.779510676E2
1.005970213E2,1.787852214E-2,6.849147030E-4,1.524621504E-3,9.998387694E-1,1.779511631E2,1.760842199E-1,-7.534927674E-2,1.779510445E2
1.006020213E2,1.787545155E-2,6.864412571E-4,1.520846155E-3,9.998388290E-1,1.779515150E2,1.756545612E-1,-7.553245339E-2,1.779513964E2
1.006070213E2,1.787867947E-2,6.839227281E-4,1.523221261E-3,9.998387694E-1,1.779511451E2,1.759217684E-1,-7.523846427E-2,1.779510267E2
1.006120213E2,1.788912432E-2,6.781572592E-4,1.520538353E-3,9.998385906E-1,1.779499480E2,1.756033435E-1,-7.458155895E-2,1.779498309E2
1.006170213E2,1.787212173E-2,6.884403410E-4,1.519890619E-3,9.998388886E-1,1.779518967E2,1.755489253E-1,-7.576403676E-2,1.779517777E2
1.006220213E2,1.787171963E-2,6.892360980E-4,1.524251886E-3,9.998388886E-1,1.779519428E2,1.760502103E-1,-7.584634755E-2,1.779518234E2
1.006270213E2,1.787895444E-2,6.839096895E-4,1.519996207E-3,9.998387694E-1,1.779511136E2,1.755522568E-1,-7.524352983E-2,1.779509955E2
1.006320213E2,1.787254041E-2,6.901101442E-4,1.514199423E-3,9.998388886E-1,1.779518487E2,1.749003175E-1,-7.596693434E-2,1.779517299E2
1.006370213E2,1.786231007E-2,6.959891180E-4,1.514153439E-3,9.998390675E-1,1.779530212E2,1.749063072E-1,-7.664239067E-2,1.779529014E2
1.006420213E2,1.787264235E-2,6.881505833E-4,1.513888012E-3,9.998388886E-1,1.779518370E2,1.748606318E-1,-7.574304129E-2,1.779517186E2
1.006470213E2,1.787563590E-2,6.863184390E-4,1.518733334E-3,9.998388290E-1,1.779514939E2,1.754122503E-1,-7.552267749E-2,1.779513755E2
1.006520213E2,1.786867152E-2,6.927003851E-4,1.519311336E-3,9.998389482E-1,1.779522921E2,1.754910178E-1,-7.625391541E-2,1.779521725E2
1.006570213E2,1.786519044E-2,6.945806672E-4,1.520164777E-3,9.998390079E-1,1.779526911E2,1.755923840E-1,-7.646820899E-2,1.779525710E2
1.006620213E2,1.786849434E-2,6.910631782E-4,1.522138133E-3,9.998389482E-1,1.779523124E2,1.758115274E-1,-7.606057813E-2,1.779521928E2
1.006670213E2,1.787196414E-2,6.890840596E-4,1.521451166E-3,9.998388886E-1,1.779519147E2,1.757290293E-1,-7.583462113E-2,1.779517956E2
1.006720213E2,1.786558283E-2,6.946819485E-4,1.515499782E-3,9.998390079E-1,1.779526461E2,1.750581367E-1,-7.648929516E-2,1.779525264E2
1.006770213E2,1.787552000E-2,6.879628636E-4,1.519353362E-3,9.998388290E-1,1.779515072E2,1.754866493E-1,-7.570983458E-2,1.779513884E2
1.006820213E2,1.787916977E-2,6.852478837E-4,1.516857534E-3,9.998387694E-1,1.779510889E2,1.751954066E-1,-7.540324401E-2,1.779509708E2
1.006870213E2,1.787583195E-2,6.875350955E-4,1.515872893E-3,9.998388290E-1,1.779514714E2,1.750870271E-1,-7.566789898E-2,1.779513530E2
1.006920213E2,1.786890256E-2,6.922860630E-4,1.516780816E-3,9.998389482E-1,1.779522656E2,1.752002565E-1,-7.621158654E-2,1.779521462E2
1.006970213E2,1.786574853E-2,6.944728666E-4,1.513641095E-3,9.998390079E-1,1.779526271E2,1.748447651E-1,-7.646911643E-2,1.779525076E2
1.007020213E2,1.786910420E-2,6.924124900E-4,1.514345640E-3,9.998389482E-1,1.779522425E2,1.749215243E-1,-7.623102303E-2,1.779521233E2
1.007070213E2,1.786855666E-2,6.923775072E-4,1.520808670E-3,9.998389482E-1,1.779523053E2,1.756619026E-1,-7.621387633E-2,1.779521856E2
1.007120213E2,1.786882299E-2,6.929126685E-4,1.517431927E-3,9.998389482E-1,1.779522747E2,1.752761337E-1,-7.628205934E-2,1.779521552E2
1.007170213E2,1.786927952E-2,6.924918853E-4,1.512239105E-3,9.998389482E-1,1.779522224E2,1.746803472E-1,-7.624440266E-2,1.779521034E2
1.007220213E2,1.786602209E-2,6.940760650E-4,1.510591130E-3,9.998390079E-1,1.779525957E2,1.744945284E-1,-7.642985032E-2,1.779524765E2
1.007270213E2,1.786233814E-2,6.974806311E-4,1.513135619E-3,9.998390675E-1,1.779530180E2,1.747927478E-1,-7.681535661E-2,1.779528979E2
1.007320213E2,1.785544397E-2,7.009732071E-4,1.514120027E-3,9.998391867E-1,1.779538081E2,1.749121525E-1,-7.721470309E-2,1.779536874E2
1.007370213E2,1.784913347E-2,7.049607229E-4,1.507941284E-3,9.998393059E-1,1.779545313E2,1.742119022E-1,-7.768530798E-2,1.779544104E2
1.007420213E2,1.784889157E-2,7.058691117E-4,1.510377624E-3,9.998393059E-1,1.779545591E2,1.744928817E-1,-7.778444371E-2,1.779544378E2
1.007470213E2,1.784567682E-2,7.083577220E-4,1.507740002E-3,9.998393655E-1,1.779549275E2,1.741955200E-1,-7.807552696E-2,1.779548060E2
1.007520213E2,1.784565504E-2,7.075965987E-4,1.508355141E-3,9.998393655E-1,1.779549300E2,1.742644402E-1,-7.798706841E-2,1.779548086E2
1.007570213E2,1.784570624E-2,7.075797184E-4,1.507757115E-3,9.998393655E-1,1.779549241E2,1.741958917E-1,-7.798634848E-2,1.779548028E2
1.007620213E2,1.784560707E-2,7.078655763E-4,1.508796355E-3,9.998393655E-1,1.779549355E2,1.743155380E-1,-7.801699207E-2,1.779548140E2
1.007670213E2,1.784209827E-2,7.106980775E-4,1.509463298E-3,9.998394251E-1,1.779553377E2,1.743974705E-1,-7.834076887E-2,1.779552156E2
1.007720213E2,1.784241524E-2,7.108381251E-4,1.505645807E-3,9.998394251E-1,1.779553013E2,1.739603983E-1,-7.836456497E-2,1.779551795E2
1.007770213E2,1.784948740E-2,7.050740533E-4,1.503692823E-3,9.998393059E-1,1.779544908E2,1.737254005E-1,-7.770692126E-2,1.779543702E2
1.007820213E2,1.785977091E-2,6.995022413E-4,1.503087464E-3,9.998391271E-1,1.779533122E2,1.736454364E-1,-7.706799329E-2,1.779531926E2
1.007870213E2,1.785970089E-2,6.996967131E-4,1.503828797E-3,9.998391271E-1,1.779533202E2,1.737307661E-1,-7.708876942E-2,1.779532005E2
1.007920213E2,1.786288317E-2,6.956449943E-4,1.507536159E-3,9.998390675E-1,1.779529555E2,1.741474819E-1,-7.661640903E-2,1.779528362E2
1.007970213E2,1.787311757E-2,6.887482014E-4,1.507994370E-3,9.998388886E-1,1.779517825E2,1.741866370E-1,-7.582350069E-2,1.779516645E2
1.008020213E2,1.787631854E-2,6.863726303E-4,1.510652481E-3,9.998388290E-1,1.779514157E2,1.744865616E-1,-7.554532101E-2,1.779512978E2
1.008070213E2,1.786294740E-2,6.952136173E-4,1.506973989E-3,9.998390675E-1,1.779529481E2,1.740821939E-1,-7.656812442E-2,1.779528290E2
1.008120213E2,1.787657339E-2,6.875388208E-4,1.507102163E-3,9.998388290E-1,1.779513865E2,1.740821980E-1,-7.568616390E-2,1.779512687E2
1.008170213E2,1.787971766E-2,6.832423387E-4,1.511293929E-3,9.998387694E-1,1.779510261E2,1.745538967E-1,-7.518476619E-2,1.779509088E2
1.008220213E2,1.787639675E-2,6.859153509E-4,1.509934547E-3,9.998388290E-1,1.779514067E2,1.744033745E-1,-7.549438619E-2,1.779512890E2
1.008270213E2,1.787968317E-2,6.840060814E-4,1.511356444E-3,9.998387694E-1,1.779510301E2,1.745626218E-1,-7.527214851E-2,1.779509126E2
1.008320213E2,1.788989590E-2,6.765978178E-4,1.512132003E-3,9.998385906E-1,1.779498596E2,1.746370593E-1,-7.441998767E-2,1.779497433E2
1.008370213E2,1.788293625E-2,6.807115860E-4,1.513785217E-3,9.998387098E-1,1.779506572E2,1.748343872E-1,-7.488914252E-2,1.779505401E2
1.008420213E2,1.788335934E-2,6.819495466E-4,1.508219633E-3,9.998387098E-1,1.779506087E2,1.741992882E-1,-7.504231166E-2,1.779504918E2
1.008470213E2,1.789021068E-2,6.764458376E-4,1.508471440E-3,9.998385906E-1,1.779498235E2,1.742173678E-1,-7.441002468E-2,1.779497076E2
1.008520213E2,1.789711830E-2,6.723547122E-4,1.507374807E-3,9.998384714E-1,1.779490318E2,1.740838453E-1,-7.394233733E-2,1.779489167E2
1.008570213E2,1.790023861E-2,6.705223350E-4,1.510672271E-3,9.998384118E-1,1.779486742E2,1.744581185E-1,-7.372508874E-2,1.779485591E2
1.008620213E2,1.790107820E-2,6.697308272E-4,1.501044026E-3,9.998384118E-1,1.779485780E2,1.733534157E-1,-7.365400843E-2,1.779484638E2
1.008670213E2,1.790423186E-2,6.677124766E-4,1.504029497E-3,9.998383522E-1,1.779482165E2,1.736915618E-1,-7.341608743E-2,1.779481025E2
1.008720213E2,1.790444669E-2,6.664643297E-4,1.502024359E-3,9.998383522E-1,1.779481919E2,1.734592810E-1,-7.327716025E-2,1.779480782E2
1.008770213E2,1.789746948E-2,6.708808360E-4,1.503857784E-3,9.998384714E-1,1.779489916E2,1.736778907E-1,-7.378062311E-2,1.779488770E2
1.008820213E2,1.790138292E-2,6.690079463E-4,1.497728634E-3,9.998384118E-1,1.779485430E2,1.729720993E-1,-7.357793430E-2,1.779484292E2
1.008870213E2,1.790829675E-2,6.645239773E-4,1.496652490E-3,9.998382926E-1,1.779477507E2,1.728401075E-1,-7.306520463E-2,1.779476377E2
1.008920213E2,1.791862960E-2,6.572828861E-4,1.495632227E-3,9.998381138E-1,1.779465664E2,1.727090967E-1,-7.223587956E-2,1.779464548E2
1.008970213E2,1.790509230E-2,6.654197350E-4,1.494774129E-3,9.998383522E-1,1.779481179E2,1.726265013E-1,-7.317224248E-2,1.779480049E2
1.009020213E2,1.790839029E-2,6.647019181E-4,1.495453762E-3,9.998382926E-1,1.779477399E2,1.727031371E-1,-7.308803580E-2,1.779476270E2
1.009070213E2,1.791865171E-2,6.578104221E-4,1.495135366E-3,9.998381138E-1,1.779465639E2,1.726532547E-1,-7.229733742E-2,1.779464522E2
1.009120213E2,1.791501684E-2,6.581520429E-4,1.498679630E-3,9.998381734E-1,1.779469805E2,1.730597716E-1,-7.232982917E-2,1.779468685E2
1.009170213E2,1.790811145E-2,6.642257795E-4,1.499000238E-3,9.998382926E-1,1.779477719E2,1.731084713E-1,-7.302625310E-2,1.779476588E2
1.009220213E2,1.791167148E-2,6.614066078E-4,1.497467631E-3,9.998382330E-1,1.779473639E2,1.729273479E-1,-7.270578149E-2,1.779472514E2
1.009270213E2,1.790814761E-2,6.629822310E-4,1.499118749E-3,9.998382926E-1,1.779477677E2,1.731194998E-1,-7.288352646E-2,1.779476549E2
1.009320213E2,1.790747476E-2,6.643171073E-4,1.506546978E-3,9.998382926E-1,1.779478449E2,1.739732677E-1,-7.302133991E-2,1.779477312E2
1.009370213E2,1.790756327E-2,6.654432509E-4,1.504997141E-3,9.998382926E-1,1.779478347E2,1.737980154E-1,-7.315353077E-2,1.779477210E2
1.009420213E2,1.790761106E-2,6.638345076E-4,1.505138935E-3,9.998382926E-1,1.779478292E2,1.738109629E-1,-7.296891282E-2,1.779477158E2
1.009470213E2,1.791098340E-2,6.628955016E-4,1.505020424E-3,9.998382330E-1,1.779474427E2,1.737957032E-1,-7.286098503E-2,1.779473295E2
1.009520213E2,1.790407249E-2,6.679377984E-4,1.505825552E-3,9.998383522E-1,1.779482348E2,1.738977927E-1,-7.343824584E-2,1.779481206E2
1.009570213E2,1.791063036E-2,6.621433422E-4,1.509546186E-3,9.998382330E-1,1.779474832E2,1.743126653E-1,-7.276557996E-2,1.779473697E2
1.009620213E2,1.791811208E-2,6.566061056E-4,1.502115629E-3,9.998381138E-1,1.779466257E2,1.734504947E-1,-7.214511527E-2,1.779465138E2
1.009670213E2,1.791796907E-2,6.567995297E-4,1.503736014E-3,9.998381138E-1,1.779466421E2,1.736365345E-1,-7.216397402E-2,1.779465300E2
1.009720213E2,1.791122186E-2,6.611879217E-4,1.502932282E-3,9.998382330E-1,1.779474154E2,1.735529698E-1,-7.266958702E-2,1.779473026E2
1.009770213E2,1.791507242E-2,6.580176414E-4,1.498074154E-3,9.998381734E-1,1.779469741E2,1.729901283E-1,-7.231566382E-2,1.779468622E2
1.009820213E2,1.791541280E-2,6.594834849E-4,1.493351650E-3,9.998381734E-1,1.779469351E2,1.724520895E-1,-7.249324673E-2,1.779468232E2
1.009870213E2,1.790833579E-2,6.636423059E-4,1.496576588E-3,9.998382926E-1,1.779477462E2,1.728296043E-1,-7.296433785E-2,1.779476334E2
1.009920213E2,1.790818680E-2,6.642583176E-4,1.498085330E-3,9.998382926E-1,1.779477633E2,1.730037195E-1,-7.303184565E-2,1.779476502E2
1.009970213E2,1.791196777E-2,6.624353118E-4,1.493463526E-3,9.998382330E-1,1.779473299E2,1.724707174E-1,-7.283181114E-2,1.779472176E2
1.010020213E2,1.790886262E-2,6.635305472E-4,1.490308787E-3,9.998382926E-1,1.779476858E2,1.721112902E-1,-7.296430578E-2,1.779475735E2
1.010070213E2,1.791189227E-2,6.621642387E-4,1.494488912E-3,9.998382330E-1,1.779473386E2,1.725876374E-1,-7.279866171E-2,1.779472262E2
1.010120213E2,1.790840716E-2,6.644910900E-4,1.495345379E-3,9.998382926E-1,1.779477380E2,1.726902879E-1,-7.306410009E-2,1.779476251E2
1.010170213E2,1.790532462E-2,6.669026334E-4,1.491326373E-3,9.998383522E-1,1.779480913E2,1.722345403E-1,-7.334917710E-2,1.779479783E2
1.010220213E2,1.791209246E-2,6.613594014E-4,1.492444542E-3,9.998382330E-1,1.779473156E2,1.723517694E-1,-7.271061093E-2,1.779472035E2
1.010270213E2,1.790500669E-2,6.665241090E-4,1.495307428E-3,9.998383522E-1,1.779481277E2,1.726898631E-1,-7.329769452E-2,1.779480145E2
1.010320213E2,1.790833564E-2,6.647510454E-4,1.496086246E-3,9.998382926E-1,1.779477462E2,1.727756998E-1,-7.309237588E-2,1.779476332E2
1.010370213E2,1.791890204E-2,6.564005744E-4,1.492752926E-3,9.998381138E-1,1.779465352E2,1.723774134E-1,-7.214065591E-2,1.779464239E2
1.010420213E2,1.791505790E-2,6.586653180E-4,1.497963211E-3,9.998381734E-1,1.779469758E2,1.729787458E-1,-7.239010040E-2,1.779468637E2
1.010470213E2,1.790090229E-2,6.699492806E-4,1.503042993E-3,9.998384118E-1,1.779485981E2,1.735828794E-1,-7.367496710E-2,1.779484837E2
1.010520213E2,1.789813411E-2,6.713842740E-4,1.495701028E-3,9.998384714E-1,1.779489154E2,1.727444251E-1,-7.385491837E-2,1.779488013E2
1.010570213E2,1.789885153E-2,6.699281512E-4,1.487747766E-3,9.998384714E-1,1.779488332E2,1.718302588E-1,-7.370427544E-2,1.779487199E2
1.010620213E2,1.789837588E-2,6.705109263E-4,1.493197633E-3,9.998384714E-1,1.779488877E2,1.724558290E-1,-7.375994921E-2,1.779487739E2
1.010670213E2,1.789783423E-2,6.717520882E-4,1.499120495E-3,9.998384714E-1,1.779489498E2,1.731369375E-1,-7.389009827E-2,1.779488354E2
1.010720213E2,1.789811336E-2,6.721973186E-4,1.495584147E-3,9.998384714E-1,1.779489178E2,1.727327000E-1,-7.394831472E-2,1.779488035E2
1.010770213E2,1.790154314E-2,6.687035784E-4,1.495948527E-3,9.998384118E-1,1.779485247E2,1.727675337E-1,-7.354668608E-2,1.779484110E2
1.010820213E2,1.790092791E-2,6.702584797E-4,1.502600033E-3,9.998384118E-1,1.779485952E2,1.735327642E-1,-7.371129724E-2,1.779484808E2
1.010870213E2,1.788761230E-2,6.783315330E-4,1.498901518E-3,9.998386502E-1,1.779501213E2,1.731245817E-1,-7.464614469E-2,1.779500057E2
1.010920213E2,1.788471426E-2,6.809138577E-4,1.492539886E-3,9.998387098E-1,1.779504534E2,1.724007846E-1,-7.495555001E-2,1.779503379E2
1.010970213E2,1.788123223E-2,6.835927488E-4,1.493106713E-3,9.998387694E-1,1.779508525E2,1.724709568E-1,-7.526191783E-2,1.779507365E2
1.011020213E2,1.788061477E-2,6.847180193E-4,1.499969861E-3,9.998387694E-1,1.779509233E2,1.732595510E-1,-7.537688692E-2,1.779508065E2
1.011070213E2,1.787717518E-2,6.873020902E-4,1.500055427E-3,9.998388290E-1,1.779513175E2,1.732743897E-1,-7.567337277E-2,1.779512003E2
1.011120213E2,1.788432007E-2,6.805664161E-4,1.497413730E-3,9.998387098E-1,1.779504986E2,1.729584559E-1,-7.490582152E-2,1.779503828E2
1.011170213E2,1.788421532E-2,6.803378928E-4,1.498768106E-3,9.998387098E-1,1.779505106E2,1.731131551E-1,-7.487688123E-2,1.779503947E2
1.011220213E2,1.787696485E-2,6.854373496E-4,1.503411564E-3,9.998388290E-1,1.779513416E2,1.736550774E-1,-7.545288442E-2,1.779512245E2
1.011270213E2,1.788055848E-2,6.835441454E-4,1.501175808E-3,9.998387694E-1,1.779509297E2,1.733953105E-1,-7.523993119E-2,1.779508131E2
1.011320213E2,1.788383565E-2,6.818064139E-4,1.502626226E-3,9.998387098E-1,1.779505541E2,1.735581747E-1,-7.503729296E-2,1.779504377E2
1.011370213E2,1.788384932E-2,6.820845301E-4,1.502337283E-3,9.998387098E-1,1.779505526E2,1.735256406E-1,-7.506974741E-2,1.779504361E2
1.011420213E2,1.787348311E-2,6.884746836E-4,1.503780833E-3,9.998388886E-1,1.779517406E2,1.737033451E-1,-7.580072967E-2,1.779516229E2
1.011470213E2,1.787312263E-2,6.889739889E-4,1.507831272E-3,9.998388886E-1,1.779517820E2,1.741684133E-1,-7.584970305E-2,1.779516639E2
1.011520213E2,1.787986055E-2,6.833038642E-4,1.509574591E-3,9.998387694E-1,1.779510097E2,1.743570431E-1,-7.519531334E-2,1.779508925E2
1.011570213E2,1.787627251E-2,6.853958475E-4,1.511640381E-3,9.998388290E-1,1.779514209E2,1.745977440E-1,-7.543139217E-2,1.779513032E2
1.011620213E2,1.787261135E-2,6.898927386E-4,1.513461000E-3,9.998388886E-1,1.779518406E2,1.748152739E-1,-7.594352551E-2,1.779517219E2
1.011670213E2,1.787628132E-2,6.860065623E-4,1.511259121E-3,9.998388290E-1,1.779514199E2,1.745553137E-1,-7.550214319E-2,1.779513021E2
1.011720213E2,1.787986009E-2,6.836741231E-4,1.509412425E-3,9.998387694E-1,1.779510098E2,1.743392218E-1,-7.523806742E-2,1.779508925E2
1.011770213E2,1.786919228E-2,6.907953648E-4,1.514044823E-3,9.998389482E-1,1.779522324E2,1.748837534E-1,-7.604634449E-2,1.779521135E2
1.011820213E2,1.786954658E-2,6.908904179E-4,1.509813941E-3,9.998389482E-1,1.779521918E2,1.743992282E-1,-7.606583715E-2,1.779520732E2
1.011870213E2,1.787991831E-2,6.835331442E-4,1.508786459E-3,9.998387694E-1,1.779510031E2,1.742672183E-1,-7.522318748E-2,1.779508859E2
1.011920213E2,1.787646914E-2,6.864100578E-4,1.508852234E-3,9.998388290E-1,1.779513984E2,1.742803892E-1,-7.555327092E-2,1.779512807E2
1.011970213E2,1.786622281E-2,6.947761285E-4,1.507892972E-3,9.998390079E-1,1.779525727E2,1.741868399E-1,-7.651554810E-2,1.779524536E2
1.012020213E2,1.787683892E-2,6.861315924E-4,1.504591783E-3,9.998388290E-1,1.779513560E2,1.737917120E-1,-7.553003000E-2,1.779512387E2
1.012070213E2,1.788356872E-2,6.818363909E-4,1.505786204E-3,9.998387098E-1,1.779505847E2,1.739202656E-1,-7.503429771E-2,1.779504680E2
1.012120213E2,1.788043512E-2,6.843301235E-4,1.502286643E-3,9.998387694E-1,1.779509439E2,1.735241841E-1,-7.532772837E-2,1.779508270E2
1.012170213E2,1.787039016E-2,6.911788369E-4,1.499663340E-3,9.998389482E-1,1.779520951E2,1.732368936E-1,-7.611952266E-2,1.779519773E2
1.012220213E2,1.788438240E-2,6.820096751E-4,1.496011973E-3,9.998387098E-1,1.779504915E2,1.728008147E-1,-7.507404235E-2,1.779503755E2
1.012270213E2,1.789116178E-2,6.760549732E-4,1.497325255E-3,9.998385906E-1,1.779497145E2,1.729395807E-1,-7.438792936E-2,1.779495995E2
1.012320213E2,1.788398873E-2,6.805800367E-4,1.501359744E-3,9.998387098E-1,1.779505366E2,1.734105673E-1,-7.489935214E-2,1.779504205E2
1.012370213E2,1.788692049E-2,6.795510999E-4,1.506585162E-3,9.998386502E-1,1.779502006E2,1.740073716E-1,-7.477024406E-2,1.779500842E2
1.012420213E2,1.789038886E-2,6.767602754E-4,1.506215427E-3,9.998385906E-1,1.779498031E2,1.739595468E-1,-7.445064504E-2,1.779496873E2
1.012470213E2,1.789376204E-2,6.746407016E-4,1.506662928E-3,9.998385310E-1,1.779494165E2,1.740067227E-1,-7.420629437E-2,1.779493010E2
1.012520213E2,1.788658367E-2,6.804193836E-4,1.510187751E-3,9.998386502E-1,1.779502392E2,1.744218873E-1,-7.486240016E-2,1.779501224E2
1.012570213E2,1.788336019E-2,6.805905723E-4,1.508823363E-3,9.998387098E-1,1.779506086E2,1.742656743E-1,-7.488537230E-2,1.779504919E2
1.012620213E2,1.789047976E-2,6.765715661E-4,1.505220192E-3,9.998385906E-1,1.779497927E2,1.738451392E-1,-7.443104866E-2,1.779496769E2
1.012670213E2,1.789716026E-2,6.722502294E-4,1.506923232E-3,9.998384714E-1,1.779490270E2,1.740318956E-1,-7.393128528E-2,1.779489119E2
1.012720213E2,1.787977889E-2,6.831123028E-4,1.510628150E-3,9.998387694E-1,1.779510191E2,1.744773543E-1,-7.517122106E-2,1.779509018E2
1.012770213E2,1.788314416E-2,6.828229525E-4,1.510374364E-3,9.998387098E-1,1.779506334E2,1.744479372E-1,-7.513800214E-2,1.779505162E2
1.012820213E2,1.789364451E-2,6.754154456E-4,1.507711248E-3,9.998385310E-1,1.779494299E2,1.741284125E-1,-7.429292998E-2,1.779493143E2
1.012870213E2,1.788623381E-2,6.793959183E-4,1.514785225E-3,9.998386502E-1,1.779502793E2,1.749465114E-1,-7.473577600E-2,1.779501624E2
1.012920213E2,1.788259238E-2,6.810434861E-4,1.517693163E-3,9.998387098E-1,1.779506966E2,1.752827885E-1,-7.491922087E-2,1.779505792E2
1.012970213E2,1.789341169E-2,6.753148045E-4,1.510516857E-3,9.998385310E-1,1.779494566E2,1.744496370E-1,-7.427568672E-2,1.779493407E2
1.013020213E2,1.789029847E-2,6.764738937E-4,1.507417299E-3,9.998385906E-1,1.779498134E2,1.740966554E-1,-7.441538505E-2,1.779496976E2
1.013070213E2,1.788655613E-2,6.781825214E-4,1.511519542E-3,9.998386502E-1,1.779502423E2,1.745698876E-1,-7.460339083E-2,1.779501259E2
1.013120213E2,1.788663242E-2,6.786531885E-4,1.510405098E-3,9.998386502E-1,1.779502336E2,1.744431725E-1,-7.465958768E-2,1.779501171E2
1.013170213E2,1.789357681E-2,6.745193386E-4,1.508915448E-3,9.998385310E-1,1.779494377E2,1.742645390E-1,-7.418780272E-2,1.779493221E2
1.013220213E2,1.789608332E-2,6.734373746E-4,1.519133686E-3,9.998384714E-1,1.779491504E2,1.754332442E-1,-7.404244573E-2,1.779490342E2
1.013270213E2,1.789591546E-2,6.734194467E-4,1.521117752E-3,9.998384714E-1,1.779491697E2,1.756605162E-1,-7.403635211E-2,1.779490533E2
1.013320213E2,1.790304117E-2,6.674341275E-4,1.518259407E-3,9.998383522E-1,1.779483530E2,1.753212724E-1,-7.335520811E-2,1.779482379E2
1.013370213E2,1.791012346E-2,6.621743087E-4,1.515534939E-3,9.998382330E-1,1.779475413E2,1.749988437E-1,-7.275692455E-2,1.779474274E2
1.013420213E2,1.791307422E-2,6.590507110E-4,1.521334052E-3,9.998381734E-1,1.779472031E2,1.756570695E-1,-7.238662350E-2,1.779470893E2
1.013470213E2,1.791283231E-2,6.612855359E-4,1.523211482E-3,9.998381734E-1,1.779472308E2,1.758767436E-1,-7.263886279E-2,1.779471165E2
1.013520213E2,1.790962121E-2,6.638422492E-4,1.520731719E-3,9.998382330E-1,1.779475989E2,1.755976435E-1,-7.293744760E-2,1.779474843E2
1.013570213E2,1.790972914E-2,6.621002685E-4,1.520219957E-3,9.998382330E-1,1.779475865E2,1.755354414E-1,-7.273889493E-2,1.779474722E2
1.013620213E2,1.790649543E-2,6.645552348E-4,1.518038567E-3,9.998382926E-1,1.779479571E2,1.752903151E-1,-7.302521200E-2,1.779478426E2
1.013670213E2,1.790603827E-2,6.643977831E-4,1.523490180E-3,9.998382926E-1,1.779480095E2,1.759145684E-1,-7.299606572E-2,1.779478946E2
1.013720213E2,1.791299798E-2,6.590596167E-4,1.522227656E-3,9.998381734E-1,1.779472118E2,1.757594655E-1,-7.238582287E-2,1.779470980E2
1.013770213E2,1.792678012E-2,6.497885333E-4,1.520566526E-3,9.998379350E-1,1.779456323E2,1.755510937E-1,-7.132459662E-2,1.779455202E2
1.013820213E2,1.793320688E-2,6.463271566E-4,1.524639432E-3,9.998378158E-1,1.779448957E2,1.760110843E-1,-7.091851758E-2,1.779447840E2
1.013870213E2,1.792994516E-2,6.473489339E-4,1.523479237E-3,9.998378754E-1,1.779452695E2,1.758800253E-1,-7.103854377E-2,1.779451577E2
1.013920213E2,1.793638842E-2,6.432337104E-4,1.527607208E-3,9.998377562E-1,1.779445311E2,1.763449788E-1,-7.055743189E-2,1.779444197E2
1.013970213E2,1.793959836E-2,6.412388757E-4,1.529763569E-3,9.998376966E-1,1.779441632E2,1.765881652E-1,-7.032387841E-2,1.779440520E2
1.014020213E2,1.793959060E-2,6.406175089E-4,1.530114794E-3,9.998376966E-1,1.779441641E2,1.766271281E-1,-7.025196586E-2,1.779440530E2
1.014070213E2,1.792965635E-2,6.478497526E-4,1.526662032E-3,9.998378754E-1,1.779453026E2,1.762456973E-1,-7.108943519E-2,1.779451905E2
1.014120213E2,1.793659300E-2,6.430987851E-4,1.525260159E-3,9.998377562E-1,1.779445076E2,1.760758066E-1,-7.054676135E-2,1.779443964E2
1.014170213E2,1.793613158E-2,6.431158399E-4,1.530669513E-3,9.998377562E-1,1.779445605E2,1.766955768E-1,-7.053767802E-2,1.779444489E2
1.014220213E2,1.792897183E-2,6.479164003E-4,1.534651965E-3,9.998378754E-1,1.779453811E2,1.771612189E-1,-7.108077558E-2,1.779452683E2
1.014270213E2,1.792926244E-2,6.488590152E-4,1.530853799E-3,9.998378754E-1,1.779453478E2,1.767280079E-1,-7.119652625E-2,1.779452351E2
1.014320213E2,1.793947676E-2,6.417710683E-4,1.530965907E-3,9.998376966E-1,1.779441771E2,1.767270067E-1,-7.038240299E-2,1.779440657E2
1.014370213E2,1.793547654E-2,6.430830690E-4,1.538339537E-3,9.998377562E-1,1.779446356E2,1.775742433E-1,-7.051827439E-2,1.779445234E2
1.014420213E2,1.792561405E-2,6.499836454E-4,1.534169307E-3,9.998379350E-1,1.779457659E2,1.771099275E-1,-7.131921257E-2,1.779456528E2
1.014470213E2,1.792951181E-2,6.482459721E-4,1.528190682E-3,9.998378754E-1,1.779453192E2,1.764216437E-1,-7.113171585E-2,1.779452069E2
1.014520213E2,1.793634626E-2,6.425628089E-4,1.528384397E-3,9.998377562E-1,1.779445359E2,1.764326417E-1,-7.047897464E-2,1.779444246E2
1.014570213E2,1.793940772E-2,6.405659369E-4,1.532278955E-3,9.998376966E-1,1.779441850E2,1.768749643E-1,-7.024164028E-2,1.779440738E2
1.014620213E2,1.793977109E-2,6.404438172E-4,1.528070075E-3,9.998376966E-1,1.779441434E2,1.763925135E-1,-7.023623726E-2,1.779440324E2
1.014670213E2,1.794683937E-2,6.360808038E-4,1.524890424E-3,9.998375773E-1,1.779433333E2,1.760197326E-1,-6.974164628E-2,1.779432233E2
1.014720213E2,1.795031761E-2,6.338381791E-4,1.523965155E-3,9.998375177E-1,1.779429346E2,1.759093504E-1,-6.948599309E-2,1.779428252E2
1.014770213E2,1.794007146E-2,6.412578514E-4,1.524197287E-3,9.998376966E-1,1.779441090E2,1.759504901E-1,-7.033741264E-2,1.779439981E2
1.014820213E2,1.793679398E-2,6.423871964E-4,1.523195184E-3,9.998377562E-1,1.779444846E2,1.758377669E-1,-7.046944170E-2,1.779443736E2
1.014870213E2,1.794720753E-2,6.367657916E-4,1.520264428E-3,9.998375773E-1,1.779432911E2,1.754911517E-1,-6.982957689E-2,1.779431814E2
1.014920213E2,1.794057211E-2,6.400939310E-4,1.518784091E-3,9.998376966E-1,1.779440516E2,1.753279243E-1,-7.021509995E-2,1.779439413E2
1.014970213E2,1.793697002E-2,6.431925576E-4,1.520780381E-3,9.998377562E-1,1.779444644E2,1.755627629E-1,-7.056664712E-2,1.779443535E2
1.015020213E2,1.794403036E-2,6.393143558E-4,1.517496188E-3,9.998376369E-1,1.779436552E2,1.751790047E-1,-7.012782364E-2,1.779435452E2
1.015070213E2,1.794712885E-2,6.360074040E-4,1.521510305E-3,9.998375773E-1,1.779433001E2,1.756323304E-1,-6.974013757E-2,1.779431904E2
1.015120213E2,1.794048990E-2,6.418038975E-4,1.519033569E-3,9.998376966E-1,1.779440610E2,1.753600180E-1,-7.041051744E-2,1.779439504E2
1.015170213E2,1.793729560E-2,6.421696744E-4,1.517368713E-3,9.998377562E-1,1.779444271E2,1.751697970E-1,-7.045640809E-2,1.779443166E2
1.015220213E2,1.794413878E-2,6.374767981E-4,1.516987104E-3,9.998376369E-1,1.779436428E2,1.751169057E-1,-6.991831703E-2,1.779435332E2
1.015270213E2,1.794099720E-2,6.397428806E-4,1.513902796E-3,9.998376966E-1,1.779440029E2,1.747679663E-1,-7.018484046E-2,1.779438930E2
1.015320213E2,1.794382109E-2,6.388282054E-4,1.520173042E-3,9.998376369E-1,1.779436792E2,1.754846862E-1,-7.006665612E-2,1.779435691E2
1.015370213E2,1.794421777E-2,6.376029341E-4,1.515999320E-3,9.998376369E-1,1.779436337E2,1.750039970E-1,-6.993478622E-2,1.779435242E2
1.015420213E2,1.794775582E-2,6.359338295E-4,1.514127478E-3,9.998375773E-1,1.779432282E2,1.747863480E-1,-6.974678259E-2,1.779431191E2
1.015470213E2,1.795444057E-2,6.303631235E-4,1.515921787E-3,9.998374581E-1,1.779424621E2,1.749809311E-1,-6.910366980E-2,1.779423538E2
1.015520213E2,1.795416776E-2,6.308090524E-4,1.518964418E-3,9.998374581E-1,1.779424934E2,1.753304341E-1,-6.914854871E-2,1.779423848E2
1.015570213E2,1.795098897E-2,6.341255503E-4,1.515916432E-3,9.998375177E-1,1.779428577E2,1.749878197E-1,-6.953535732E-2,1.779427487E2
1.015620213E2,1.796158817E-2,6.262218230E-4,1.511584967E-3,9.998373389E-1,1.779416429E2,1.744760163E-1,-6.863686459E-2,1.779415357E2
1.015670213E2,1.796485111E-2,6.235796027E-4,1.513325959E-3,9.998372793E-1,1.779412690E2,1.746702712E-1,-6.832998399E-2,1.779411620E2
1.015720213E2,1.795812940E-2,6.274728221E-4,1.512735616E-3,9.998373985E-1,1.779420393E2,1.746101873E-1,-6.877843084E-2,1.779419318E2
1.015770213E2,1.796506670E-2,6.240642397E-4,1.510564354E-3,9.998372793E-1,1.779412442E2,1.743548778E-1,-6.839115808E-2,1.779411374E2
1.015820213E2,1.796535534E-2,6.224720273E-4,1.507785986E-3,9.998372793E-1,1.779412112E2,1.740332925E-1,-6.821440335E-2,1.779411048E2
1.015870213E2,1.796512665E-2,6.230266299E-4,1.510279719E-3,9.998372793E-1,1.779412374E2,1.743201339E-1,-6.827285161E-2,1.779411308E2
1.015920213E2,1.795872003E-2,6.269546575E-4,1.505923457E-3,9.998373985E-1,1.779419716E2,1.738286701E-1,-6.873297966E-2,1.779418646E2
1.015970213E2,1.796231843E-2,6.258753710E-4,1.503026695E-3,9.998373389E-1,1.779415592E2,1.734948041E-1,-6.861465982E-2,1.779414526E2
1.016020213E2,1.796230706E-2,6.251685554E-4,1.503456617E-3,9.998373389E-1,1.779415605E2,1.735426058E-1,-6.853279487E-2,1.779414540E2
1.016070213E2,1.794844209E-2,6.355082733E-4,1.506150234E-3,9.998375773E-1,1.779431496E2,1.738715415E-1,-6.971431338E-2,1.779430411E2
1.016120213E2,1.794530296E-2,6.382569554E-4,1.502821571E-3,9.998376369E-1,1.779435094E2,1.734955999E-1,-7.003662939E-2,1.779434006E2
1.016170213E2,1.794880108E-2,6.360125262E-4,1.501652645E-3,9.998375773E-1,1.779431084E2,1.733573002E-1,-6.978127578E-2,1.779430001E2
1.016220213E2,1.794192995E-2,6.397597026E-4,1.502800849E-3,9.998376966E-1,1.779438960E2,1.734960796E-1,-7.020943154E-2,1.779437869E2
1.016270213E2,1.794151765E-2,6.395293749E-4,1.507812878E-3,9.998376966E-1,1.779439432E2,1.740698217E-1,-7.017280872E-2,1.779438339E2
1.016320213E2,1.794508042E-2,6.378029357E-4,1.505668974E-3,9.998376369E-1,1.779435349E2,1.738208868E-1,-6.997879401E-2,1.779434260E2
1.016370213E2,1.794538272E-2,6.363990251E-4,1.502657076E-3,9.998376369E-1,1.779435002E2,1.734729375E-1,-6.982408519E-2,1.779433918E2
1.016420213E2,1.794829554E-2,6.342019769E-4,1.508445595E-3,9.998375773E-1,1.779431664E2,1.741318312E-1,-6.955995142E-2,1.779430579E2
1.016470213E2,1.794779626E-2,6.362914573E-4,1.513497788E-3,9.998375773E-1,1.779432236E2,1.747149408E-1,-6.978904515E-2,1.779431144E2
1.016520213E2,1.794485022E-2,6.387216272E-4,1.508021262E-3,9.998376369E-1,1.779435613E2,1.740922695E-1,-7.007925393E-2,1.779434520E2
1.016570213E2,1.794807373E-2,6.361210835E-4,1.510275528E-3,9.998375773E-1,1.779431918E2,1.743454248E-1,-6.977610400E-2,1.779430829E2
1.016620213E2,1.795810892E-2,6.290263264E-4,1.512333518E-3,9.998373985E-1,1.779420417E2,1.745673135E-1,-6.895725151E-2,1.779419339E2
1.016670213E2,1.795130878E-2,6.329189637E-4,1.512630028E-3,9.998375177E-1,1.779428210E2,1.746088253E-1,-6.940381986E-2,1.779427125E2
1.016720213E2,1.794453614E-2,6.375197554E-4,1.512261340E-3,9.998376369E-1,1.779435973E2,1.745755755E-1,-6.993288725E-2,1.779434879E2
1.016770213E2,1.794773174E-2,6.348653114E-4,1.514861127E-3,9.998375773E-1,1.779432310E2,1.748682051E-1,-6.962285455E-2,1.779431220E2
1.016820213E2,1.795113962E-2,6.343940040E-4,1.514018979E-3,9.998375177E-1,1.779428404E2,1.747709850E-1,-6.956999187E-2,1.779427316E2
1.016870213E2,1.794124685E-2,6.403009756E-4,1.510704868E-3,9.998376966E-1,1.779439742E2,1.744027341E-1,-7.025531447E-2,1.779438645E2
1.016920213E2,1.794133168E-2,6.400036509E-4,1.509823138E-3,9.998376966E-1,1.779439645E2,1.743011060E-1,-7.022304716E-2,1.779438549E2
1.016970213E2,1.795140686E-2,6.338792737E-4,1.511063077E-3,9.998375177E-1,1.779428098E2,1.744312772E-1,-6.951705182E-2,1.779427012E2
1.017020213E2,1.795109812E-2,6.342817796E-4,1.514557982E-3,9.998375177E-1,1.779428452E2,1.748325066E-1,-6.955603243E-2,1.779427363E2
1.017070213E2,1.794812682E-2,6.363805151E-4,1.509535126E-3,9.998375773E-1,1.779431857E2,1.742611319E-1,-6.980734146E-2,1.779430768E2
1.017120213E2,1.794505195E-2,6.368951872E-4,1.506392378E-3,9.998376369E-1,1.779435381E2,1.739019007E-1,-6.987330785E-2,1.779434293E2
1.017170213E2,1.794492024E-2,6.388564943E-4,1.507130684E-3,9.998376369E-1,1.779435532E2,1.739905154E-1,-7.009652530E-2,1.779434440E2
1.017220213E2,1.792784440E-2,6.494768895E-4,1.508100890E-3,9.998379350E-1,1.779455103E2,1.741222997E-1,-7.131431435E-2,1.779453992E2
1.017270213E2,1.792814087E-2,6.504005287E-4,1.504173269E-3,9.998379350E-1,1.779454763E2,1.736742182E-1,-7.142815626E-2,1.779453653E2
1.017320213E2,1.793813419E-2,6.431354559E-4,1.507010893E-3,9.998377562E-1,1.779443310E2,1.739851118E-1,-7.058820594E-2,1.779442210E2
1.017370213E2,1.793822324E-2,6.433420349E-4,1.505862223E-3,9.998377562E-1,1.779443208E2,1.738539359E-1,-7.061422012E-2,1.779442109E2
1.017420213E2,1.793157744E-2,6.478424766E-4,1.503932755E-3,9.998378754E-1,1.779450825E2,1.736416500E-1,-7.113496980E-2,1.779449719E2
1.017470213E2,1.793563274E-2,6.457042764E-4,1.496100682E-3,9.998378158E-1,1.779446177E2,1.727401966E-1,-7.090538340E-2,1.779445081E2
1.017520213E2,1.794585640E-2,6.375485100E-4,1.496500219E-3,9.998376369E-1,1.779434459E2,1.727699234E-1,-6.996836484E-2,1.779433377E2
1.017570213E2,1.794227895E-2,6.399325212E-4,1.498554484E-3,9.998376966E-1,1.779438560E2,1.730099393E-1,-7.023790246E-2,1.779437472E2
1.017620213E2,1.792855289E-2,6.499618758E-4,1.499444596E-3,9.998379350E-1,1.779454291E2,1.731315663E-1,-7.138754231E-2,1.779453185E2
1.017670213E2,1.793563334E-2,6.444130559E-4,1.496650162E-3,9.998378158E-1,1.779446176E2,1.728004982E-1,-7.075631488E-2,1.779445082E2
1.017720213E2,1.794255664E-2,6.398332771E-4,1.495268429E-3,9.998376966E-1,1.779438241E2,1.726332606E-1,-7.023324043E-2,1.779437156E2
1.017770213E2,1.793482719E-2,6.450953078E-4,1.505987719E-3,9.998378158E-1,1.779447100E2,1.738716784E-1,-7.081543046E-2,1.779445998E2
1.017820213E2,1.793510816E-2,6.449214416E-4,1.502712490E-3,9.998378158E-1,1.779446778E2,1.734960871E-1,-7.080219288E-2,1.779445679E2
1.017870213E2,1.794204441E-2,6.396530662E-4,1.501479070E-3,9.998376966E-1,1.779438828E2,1.733444277E-1,-7.019991176E-2,1.779437739E2
1.017920213E2,1.793831092E-2,6.426181644E-4,1.505126711E-3,9.998377562E-1,1.779443107E2,1.737681838E-1,-7.053278084E-2,1.779442010E2
1.017970213E2,1.792810024E-2,6.494853878E-4,1.505052787E-3,9.998379350E-1,1.779454810E2,1.737731042E-1,-7.132150587E-2,1.779453701E2
1.018020213E2,1.793167513E-2,6.468773354E-4,1.503183274E-3,9.998378754E-1,1.779450713E2,1.735538029E-1,-7.102591383E-2,1.779449609E2
1.018070213E2,1.793150759E-2,6.479783333E-4,1.504706917E-3,9.998378754E-1,1.779450905E2,1.737306226E-1,-7.114895661E-2,1.779449798E2
1.018120213E2,1.792489247E-2,6.518387236E-4,1.502644154E-3,9.998379946E-1,1.779458486E2,1.735017449E-1,-7.159663991E-2,1.779457375E2
1.018170213E2,1.791506876E-2,6.596602616E-4,1.497395337E-3,9.998381734E-1,1.779469745E2,1.729157263E-1,-7.250525810E-2,1.779468624E2
1.018220213E2,1.792902674E-2,6.494249101E-4,1.494001597E-3,9.998379350E-1,1.779453748E2,1.725068743E-1,-7.133712181E-2,1.779452647E2
1.018270213E2,1.793578505E-2,6.434151437E-4,1.495260745E-3,9.998378158E-1,1.779446002E2,1.726392675E-1,-7.064481067E-2,1.779444911E2
1.018320213E2,1.792549893E-2,6.517426809E-4,1.495433971E-3,9.998379946E-1,1.779457791E2,1.726754962E-1,-7.160034211E-2,1.779456685E2
1.018370213E2,1.792229494E-2,6.552304258E-4,1.492457814E-3,9.998380542E-1,1.779461463E2,1.723414425E-1,-7.200660958E-2,1.779460353E2
1.018420213E2,1.792544250E-2,6.512646214E-4,1.496318378E-3,9.998379946E-1,1.779457856E2,1.727758395E-1,-7.154376236E-2,1.779456750E2
1.018470213E2,1.792836614E-2,6.507546641E-4,1.501332503E-3,9.998379350E-1,1.779454505E2,1.733494858E-1,-7.147452800E-2,1.779453396E2
1.018520213E2,1.791455410E-2,6.601232453E-4,1.503336942E-3,9.998381734E-1,1.779470335E2,1.735973893E-1,-7.254619463E-2,1.779469208E2
1.018570213E2,1.791423067E-2,6.600522320E-4,1.507217297E-3,9.998381734E-1,1.779470706E2,1.740418054E-1,-7.253014845E-2,1.779469576E2
1.018620213E2,1.791787002E-2,6.563021452E-4,1.505132765E-3,9.998381138E-1,1.779466535E2,1.737955364E-1,-7.210413635E-2,1.779465413E2
1.018670213E2,1.792112343E-2,6.542162737E-4,1.506900531E-3,9.998380542E-1,1.779462806E2,1.739940257E-1,-7.186095568E-2,1.779461687E2
1.018720213E2,1.791792576E-2,6.568130921E-4,1.504246029E-3,9.998381138E-1,1.779466471E2,1.736949934E-1,-7.216448818E-2,1.779465349E2
1.018770213E2,1.792179351E-2,6.537484587E-4,1.499114325E-3,9.998380542E-1,1.779462038E2,1.731010213E-1,-7.182323140E-2,1.779460925E2
1.018820213E2,1.792162874E-2,6.548305391E-4,1.500611077E-3,9.998380542E-1,1.779462227E2,1.732747199E-1,-7.194416317E-2,1.779461111E2
1.018870213E2,1.791816781E-2,6.576566375E-4,1.500990824E-3,9.998381138E-1,1.779466193E2,1.733237834E-1,-7.226777790E-2,1.779465073E2
1.018920213E2,1.791458443E-2,6.604482187E-4,1.502832747E-3,9.998381734E-1,1.779470300E2,1.735402914E-1,-7.258445765E-2,1.779469173E2
1.018970213E2,1.791463575E-2,6.586420932E-4,1.503013540E-3,9.998381734E-1,1.779470241E2,1.735573008E-1,-7.237714426E-2,1.779469118E2
1.019020213E2,1.791465043E-2,6.603779038E-4,1.502076630E-3,9.998381734E-1,1.779470225E2,1.734535209E-1,-7.257794230E-2,1.779469098E2
1.019070213E2,1.791134489E-2,6.626815302E-4,1.500806655E-3,9.998382330E-1,1.779474013E2,1.733125046E-1,-7.284505604E-2,1.779472884E2
1.019120213E2,1.791104153E-2,6.620769273E-4,1.504688873E-3,9.998382330E-1,1.779474361E2,1.737560402E-1,-7.276786889E-2,1.779473230E2
1.019170213E2,1.791148244E-2,6.610094570E-4,1.499902224E-3,9.998382330E-1,1.779473855E2,1.732054584E-1,-7.265531410E-2,1.779472730E2
1.019220213E2,1.791165828E-2,6.608266849E-4,1.497881487E-3,9.998382330E-1,1.779473654E2,1.729735734E-1,-7.263849072E-2,1.779472530E2
1.019270213E2,1.791138005E-2,6.613661535E-4,1.500967308E-3,9.998382330E-1,1.779473973E2,1.733282135E-1,-7.269401345E-2,1.779472846E2
1.019320213E2,1.790479531E-2,6.657915073E-4,1.498162164E-3,9.998383522E-1,1.779481520E2,1.730154211E-1,-7.320793711E-2,1.779480387E2
1.019370213E2,1.790872704E-2,6.643438828E-4,1.491575153E-3,9.998382926E-1,1.779477013E2,1.722580415E-1,-7.305491651E-2,1.779475888E2
1.019420213E2,1.790838929E-2,6.645427784E-4,1.495536417E-3,9.998382926E-1,1.779477400E2,1.727122805E-1,-7.306963321E-2,1.779476272E2
1.019470213E2,1.789828812E-2,6.715800264E-4,1.493768999E-3,9.998384714E-1,1.779488977E2,1.725234790E-1,-7.388128252E-2,1.779487838E2
1.019520213E2,1.789527012E-2,6.727502914E-4,1.489499118E-3,9.998385310E-1,1.779492436E2,1.720364413E-1,-7.402464068E-2,1.779491298E2
1.019570213E2,1.789565223E-2,6.743813283E-4,1.484161126E-3,9.998385310E-1,1.779491998E2,1.714282230E-1,-7.422239508E-2,1.779490861E2
1.019620213E2,1.790257860E-2,6.690354203E-4,1.483355765E-3,9.998384118E-1,1.779484060E2,1.713254954E-1,-7.361036261E-2,1.779482932E2
1.019670213E2,1.789550676E-2,6.738749216E-4,1.486143912E-3,9.998385310E-1,1.779492165E2,1.716543481E-1,-7.416033316E-2,1.779491027E2
1.019720213E2,1.789546220E-2,6.729151355E-4,1.487115049E-3,9.998385310E-1,1.779492216E2,1.717636427E-1,-7.404838355E-2,1.779491079E2
1.019770213E2,1.789869341E-2,6.718838704E-4,1.488767797E-3,9.998384714E-1,1.779488513E2,1.719511275E-1,-7.392628317E-2,1.779487376E2
1.019820213E2,1.789864338E-2,6.708953297E-4,1.489814720E-3,9.998384714E-1,1.779488570E2,1.720690454E-1,-7.381088422E-2,1.779487435E2
1.019870213E2,1.789162443E-2,6.760755205E-4,1.491777599E-3,9.998385906E-1,1.779496615E2,1.723040433E-1,-7.440157812E-2,1.779495468E2
1.019920213E2,1.789512580E-2,6.723909755E-4,1.491394010E-3,9.998385310E-1,1.779492602E2,1.722527980E-1,-7.397961163E-2,1.779491462E2
1.019970213E2,1.790176230E-2,6.697571953E-4,1.492851297E-3,9.998384118E-1,1.779484996E2,1.724148515E-1,-7.367371833E-2,1.779483860E2
1.020020213E2,1.789798850E-2,6.715930649E-4,1.497348887E-3,9.998384714E-1,1.779489321E2,1.729336435E-1,-7.387548546E-2,1.779488178E2
1.020070213E2,1.789118593E-2,6.752748741E-4,1.497388701E-3,9.998385906E-1,1.779497117E2,1.729452521E-1,-7.429841673E-2,1.779495968E2
1.020120213E2,1.789511667E-2,6.741762045E-4,1.490697498E-3,9.998385310E-1,1.779492612E2,1.721766569E-1,-7.418558080E-2,1.779491470E2
1.020170213E2,1.789461274E-2,6.748989690E-4,1.496408833E-3,9.998385310E-1,1.779493190E2,1.728324690E-1,-7.425676477E-2,1.779492042E2
1.020220213E2,1.788422269E-2,6.804934819E-4,1.498609548E-3,9.998387098E-1,1.779505098E2,1.730953081E-1,-7.489503124E-2,1.779503939E2
1.020270213E2,1.788085234E-2,6.831047940E-4,1.497871941E-3,9.998387694E-1,1.779508961E2,1.730158968E-1,-7.519631236E-2,1.779507797E2
1.020320213E2,1.788729877E-2,6.793583161E-4,1.502174418E-3,9.998386502E-1,1.779501572E2,1.735016507E-1,-7.475713176E-2,1.779500413E2
1.020370213E2,1.788646411E-2,6.800439442E-4,1.511772163E-3,9.998386502E-1,1.779502529E2,1.746026403E-1,-7.481615810E-2,1.779501361E2
1.020420213E2,1.788276858E-2,6.830386119E-4,1.514717471E-3,9.998387098E-1,1.779506764E2,1.749459556E-1,-7.515387596E-2,1.779505589E2
1.020470213E2,1.788363290E-2,6.818071706E-4,1.505036955E-3,9.998387098E-1,1.779505774E2,1.738343665E-1,-7.503247423E-2,1.779504608E2
1.020520213E2,1.788704510E-2,6.798333488E-4,1.504977467E-3,9.998386502E-1,1.779501863E2,1.738237604E-1,-7.480585600E-2,1.779500700E2
1.020570213E2,1.788674769E-2,6.799343973E-4,1.508462592E-3,9.998386502E-1,1.779502204E2,1.742232480E-1,-7.481034138E-2,1.779501038E2
1.020620213E2,1.788315280E-2,6.806242745E-4,1.511264243E-3,9.998387098E-1,1.779506324E2,1.745453878E-1,-7.488426753E-2,1.779505155E2
1.020670213E2,1.789349960E-2,6.736368523E-4,1.510224654E-3,9.998385310E-1,1.779494466E2,1.744127238E-1,-7.408402237E-2,1.779493310E2
1.020720213E2,1.789683845E-2,6.717919023E-4,1.510944217E-3,9.998384714E-1,1.779490639E2,1.744916297E-1,-7.387058252E-2,1.779489486E2
1.020770213E2,1.788314257E-2,6.819292321E-4,1.510796952E-3,9.998387098E-1,1.779506336E2,1.744945226E-1,-7.503474003E-2,1.779505165E2
1.020820213E2,1.788005527E-2,6.839506095E-4,1.506973174E-3,9.998387694E-1,1.779509874E2,1.740603298E-1,-7.527470938E-2,1.779508703E2
1.020870213E2,1.788705081E-2,6.787301973E-4,1.505407505E-3,9.998386502E-1,1.779501856E2,1.738707702E-1,-7.467858200E-2,1.779500695E2
1.020920213E2,1.789367791E-2,6.736411015E-4,1.508108689E-3,9.998385310E-1,1.779494261E2,1.741703124E-1,-7.408881707E-2,1.779493107E2
1.020970213E2,1.788648407E-2,6.802087883E-4,1.511461800E-3,9.998386502E-1,1.779502506E2,1.745674204E-1,-7.483567748E-2,1.779501338E2
1.021020213E2,1.788350867E-2,6.806547754E-4,1.507033478E-3,9.998387098E-1,1.779505916E2,1.740607437E-1,-7.489637059E-2,1.779504750E2
1.021070213E2,1.789015919E-2,6.762569537E-4,1.509166555E-3,9.998385906E-1,1.779498294E2,1.742966185E-1,-7.438696753E-2,1.779497134E2
1.021120213E2,1.788327405E-2,6.810493069E-4,1.509637106E-3,9.998387098E-1,1.779506185E2,1.743598414E-1,-7.493627829E-2,1.779505017E2
1.021170213E2,1.787313326E-2,6.886973861E-4,1.507831621E-3,9.998388886E-1,1.779517807E2,1.741678875E-1,-7.581800923E-2,1.779516627E2
1.021220213E2,1.787325238E-2,6.890515797E-4,1.506256987E-3,9.998388886E-1,1.779517671E2,1.739882108E-1,-7.586179479E-2,1.779516491E2
1.021270213E2,1.788003910E-2,6.834563101E-4,1.507389243E-3,9.998387694E-1,1.779509893E2,1.741069860E-1,-7.521722623E-2,1.779508722E2
1.021320213E2,1.787617191E-2,6.876344560E-4,1.511813374E-3,9.998388290E-1,1.779514325E2,1.746221434E-1,-7.568753974E-2,1.779513143E2
1.021370213E2,1.786620951E-2,6.932229153E-4,1.508765155E-3,9.998390079E-1,1.779525743E2,1.742835875E-1,-7.633580813E-2,1.779524553E2
1.021420213E2,1.787333623E-2,6.884814939E-4,1.505522523E-3,9.998388886E-1,1.779517575E2,1.739028993E-1,-7.579796804E-2,1.779516396E2
1.021470213E2,1.788025472E-2,6.840845454E-4,1.504543936E-3,9.998387694E-1,1.779509645E2,1.737822931E-1,-7.529499773E-2,1.779508476E2
1.021520213E2,1.787677997E-2,6.861155853E-4,1.505299355E-3,9.998388290E-1,1.779513628E2,1.738727437E-1,-7.552675670E-2,1.779512454E2
1.021570213E2,1.788763009E-2,6.782222190E-4,1.498738653E-3,9.998386502E-1,1.779501193E2,1.731056989E-1,-7.463395102E-2,1.779500037E2
1.021620213E2,1.789763861E-2,6.726859719E-4,1.501035993E-3,9.998384714E-1,1.779489722E2,1.733583037E-1,-7.399320133E-2,1.779488575E2
1.021670213E2,1.789052643E-2,6.774346111E-4,1.504277112E-3,9.998385906E-1,1.779497873E2,1.737388603E-1,-7.453185582E-2,1.779496715E2
1.021720213E2,1.788006148E-2,6.832013605E-4,1.507239300E-3,9.998387694E-1,1.779509867E2,1.740892858E-1,-7.518831920E-2,1.779508697E2
1.021770213E2,1.788681824E-2,6.787824095E-4,1.508144778E-3,9.998386502E-1,1.779502123E2,1.741844787E-1,-7.467899371E-2,1.779500960E2
1.021820213E2,1.789701464E-2,6.726392894E-4,1.508478192E-3,9.998384714E-1,1.779490437E2,1.742108399E-1,-7.397269727E-2,1.779489284E2
1.021870213E2,1.788641906E-2,6.782827550E-4,1.513095805E-3,9.998386502E-1,1.779502581E2,1.747506808E-1,-7.461166789E-2,1.779501415E2
1.021920213E2,1.788622074E-2,6.792871282E-4,1.514988369E-3,9.998386502E-1,1.779502808E2,1.749695624E-1,-7.472289747E-2,1.779501639E2
1.021970213E2,1.789344260E-2,6.741900579E-4,1.510653063E-3,9.998385310E-1,1.779494531E2,1.744629383E-1,-7.414653632E-2,1.779493374E2
1.022020213E2,1.790390447E-2,6.664054818E-4,1.508499845E-3,9.998383522E-1,1.779482540E2,1.742010388E-1,-7.325722583E-2,1.779481399E2
1.022070213E2,1.790028461E-2,6.705124397E-4,1.510131522E-3,9.998384118E-1,1.779486689E2,1.743961461E-1,-7.372505624E-2,1.779485539E2
1.022120213E2,1.789716829E-2,6.729362067E-4,1.506521599E-3,9.998384714E-1,1.779490261E2,1.739872868E-1,-7.401070217E-2,1.779489109E2
1.022170213E2,1.790455798E-2,6.675713230E-4,1.500205137E-3,9.998383522E-1,1.779481792E2,1.732531263E-1,-7.340770531E-2,1.779480654E2
1.022220213E2,1.790813717E-2,6.644481909E-4,1.498594298E-3,9.998382926E-1,1.779477689E2,1.730624197E-1,-7.305256409E-2,1.779476559E2
1.022270213E2,1.790063847E-2,6.693494506E-4,1.506448491E-3,9.998384118E-1,1.779486284E2,1.739718088E-1,-7.359930257E-2,1.779485138E2
1.022320213E2,1.789707554E-2,6.717415527E-4,1.508155721E-3,9.998384714E-1,1.779490367E2,1.741720564E-1,-7.387049156E-2,1.779489216E2
1.022370213E2,1.790376944E-2,6.678701029E-4,1.509454451E-3,9.998383522E-1,1.779482695E2,1.743134067E-1,-7.342309692E-2,1.779481550E2
1.022420213E2,1.789655103E-2,6.718919030E-4,1.514300355E-3,9.998384714E-1,1.779490968E2,1.748763376E-1,-7.387520694E-2,1.779489813E2
1.022470213E2,1.789623280E-2,6.728717126E-4,1.517622615E-3,9.998384714E-1,1.779491333E2,1.752589665E-1,-7.398070887E-2,1.779490173E2
1.022520213E2,1.789607605E-2,6.722333492E-4,1.519752434E-3,9.998384714E-1,1.779491513E2,1.755016661E-1,-7.390322912E-2,1.779490352E2
1.022570213E2,1.789999547E-2,6.701373495E-4,1.513721072E-3,9.998384118E-1,1.779487021E2,1.748066222E-1,-7.367476817E-2,1.779485869E2
1.022620213E2,1.790288945E-2,6.685186527E-4,1.519570826E-3,9.998383522E-1,1.779483704E2,1.754737402E-1,-7.347680154E-2,1.779482550E2
1.022670213E2,1.789266048E-2,6.749702734E-4,1.519542420E-3,9.998385310E-1,1.779495427E2,1.754829643E-1,-7.421783717E-2,1.779494262E2
1.022720213E2,1.789259210E-2,6.742762052E-4,1.520655351E-3,9.998385310E-1,1.779495506E2,1.756090482E-1,-7.413604561E-2,1.779494341E2
1.022770213E2,1.790223656E-2,6.672759773E-4,1.527786721E-3,9.998383522E-1,1.779484452E2,1.764124655E-1,-7.331768355E-2,1.779483295E2
1.022820213E2,1.790609611E-2,6.649930147E-4,1.522550359E-3,9.998382926E-1,1.779480029E2,1.758081157E-1,-7.306618157E-2,1.779478879E2
1.022870213E2,1.789991643E-2,6.694124895E-4,1.514975913E-3,9.998384118E-1,1.779487111E2,1.749489007E-1,-7.358915849E-2,1.779485960E2
1.022920213E2,1.790268890E-2,6.676687044E-4,1.522304839E-3,9.998383522E-1,1.779483934E2,1.757852268E-1,-7.337384640E-2,1.779482780E2
1.022970213E2,1.790926332E-2,6.626675022E-4,1.525451546E-3,9.998382330E-1,1.779476399E2,1.761359726E-1,-7.279322927E-2,1.779475251E2
1.023020213E2,1.789936167E-2,6.691693561E-4,1.521623228E-3,9.998384118E-1,1.779487747E2,1.757099666E-1,-7.354776381E-2,1.779486591E2
1.023070213E2,1.789974272E-2,6.699992809E-4,1.516767894E-3,9.998384118E-1,1.779487310E2,1.751554051E-1,-7.365274354E-2,1.779486156E2
1.023120213E2,1.789959230E-2,6.692320458E-4,1.518880250E-3,9.998384118E-1,1.779487483E2,1.753958398E-1,-7.356053239E-2,1.779486328E2
1.023170213E2,1.789260873E-2,6.758045056E-4,1.519780955E-3,9.998385310E-1,1.779495487E2,1.755120010E-1,-7.431293771E-2,1.779494320E2
1.023220213E2,1.789276577E-2,6.749655586E-4,1.518304227E-3,9.998385310E-1,1.779495307E2,1.753410984E-1,-7.421981739E-2,1.779494143E2
1.023270213E2,1.789634706E-2,6.719877128E-4,1.516666613E-3,9.998384714E-1,1.779491202E2,1.751476293E-1,-7.388136691E-2,1.779490045E2
1.023320213E2,1.789288139E-2,6.739057135E-4,1.517412253E-3,9.998385310E-1,1.779495174E2,1.752367370E-1,-7.410019636E-2,1.779494013E2
1.023370213E2,1.789343638E-2,6.745673600E-4,1.510558301E-3,9.998385310E-1,1.779494538E2,1.744528544E-1,-7.418996038E-2,1.779493380E2
1.023420213E2,1.789700045E-2,6.715757772E-4,1.509120339E-3,9.998384714E-1,1.779490453E2,1.742822303E-1,-7.384953285E-2,1.779489302E2
1.023470213E2,1.789624291E-2,6.733375485E-4,1.517296769E-3,9.998384714E-1,1.779491321E2,1.752225894E-1,-7.403474763E-2,1.779490161E2
1.023520213E2,1.789557651E-2,6.734042545E-4,1.525106956E-3,9.998384714E-1,1.779492085E2,1.761175167E-1,-7.402648998E-2,1.779490919E2
1.023570213E2,1.789556319E-2,6.726267166E-4,1.525606262E-3,9.998384714E-1,1.779492100E2,1.761731281E-1,-7.393638343E-2,1.779490935E2
1.023620213E2,1.789248610E-2,6.751542678E-4,1.521512750E-3,9.998385310E-1,1.779495627E2,1.757090760E-1,-7.423490853E-2,1.779494460E2
1.023670213E2,1.789886209E-2,6.714133197E-4,1.526503591E-3,9.998384118E-1,1.779488320E2,1.762736929E-1,-7.379493895E-2,1.779487156E2
1.023720213E2,1.790928691E-2,6.635154714E-4,1.524805790E-3,9.998382330E-1,1.779476372E2,1.760637284E-1,-7.289170487E-2,1.779475223E2
1.023770213E2,1.790318864E-2,6.661778316E-4,1.517071854E-3,9.998383522E-1,1.779483361E2,1.751826435E-1,-7.321368103E-2,1.779482213E2
1.023820213E2,1.790357362E-2,6.669285358E-4,1.512190909E-3,9.998383522E-1,1.779482920E2,1.746249856E-1,-7.330963838E-2,1.779481775E2
1.023870213E2,1.791357961E-2,6.594573497E-4,1.515194657E-3,9.998381734E-1,1.779471452E2,1.749545298E-1,-7.244572788E-2,1.779470318E2
1.023920213E2,1.791028919E-2,6.633316516E-4,1.513068215E-3,9.998382330E-1,1.779475223E2,1.747186105E-1,-7.289455878E-2,1.779474084E2
1.023970213E2,1.789732241E-2,6.711417809E-4,1.505490742E-3,9.998384714E-1,1.779490084E2,1.738655086E-1,-7.380719673E-2,1.779488936E2
1.024020213E2,1.790378697E-2,6.674762699E-4,1.509420690E-3,9.998383522E-1,1.779482675E2,1.743087318E-1,-7.337804046E-2,1.779481531E2
1.024070213E2,1.791392023E-2,6.594837760E-4,1.511150738E-3,9.998381734E-1,1.779471061E2,1.744912833E-1,-7.245699778E-2,1.779469930E2
1.024120213E2,1.791388394E-2,6.588453543E-4,1.511859242E-3,9.998381734E-1,1.779471103E2,1.745711456E-1,-7.238240371E-2,1.779469972E2
1.024170213E2,1.791723954E-2,6.580114714E-4,1.511876821E-3,9.998381138E-1,1.779467257E2,1.745716902E-1,-7.228624122E-2,1.779466128E2
1.024220213E2,1.792752760E-2,6.493771798E-4,1.511904993E-3,9.998379350E-1,1.779455466E2,1.745579211E-1,-7.129513011E-2,1.779454352E2
1.024270213E2,1.792393508E-2,6.519173039E-4,1.513987547E-3,9.998379946E-1,1.779459583E2,1.748014882E-1,-7.158250938E-2,1.779458464E2
1.024320213E2,1.791363362E-2,6.593990256E-4,1.514581381E-3,9.998381734E-1,1.779471390E2,1.748841489E-1,-7.244029504E-2,1.779470256E2
1.024370213E2,1.791385229E-2,6.589380791E-4,1.512193820E-3,9.998381734E-1,1.779471139E2,1.746096674E-1,-7.239234615E-2,1.779470008E2
1.024420213E2,1.791711992E-2,6.584083312E-4,1.513121068E-3,9.998381138E-1,1.779467394E2,1.747150540E-1,-7.232917678E-2,1.779466264E2
1.024470213E2,1.791697905E-2,6.566498196E-4,1.515551354E-3,9.998381138E-1,1.779467556E2,1.749898789E-1,-7.212273336E-2,1.779466426E2
1.024520213E2,1.791351793E-2,6.588578690E-4,1.516184304E-3,9.998381734E-1,1.779471523E2,1.750666817E-1,-7.237502274E-2,1.779470389E2
1.024570213E2,1.791689717E-2,6.564816576E-4,1.516591874E-3,9.998381138E-1,1.779467650E2,1.751087435E-1,-7.210134443E-2,1.779466520E2
1.024620213E2,1.792660951E-2,6.505899364E-4,1.522234408E-3,9.998379350E-1,1.779456518E2,1.757438229E-1,-7.141301933E-2,1.779455395E2
1.024670213E2,1.792693101E-2,6.502713659E-4,1.518579898E-3,9.998379350E-1,1.779456150E2,1.753244820E-1,-7.138397102E-2,1.779455030E2
1.024720213E2,1.792724668E-2,6.502097822E-4,1.514875214E-3,9.998379350E-1,1.779455788E2,1.748999199E-1,-7.138447083E-2,1.779454671E2
1.024770213E2,1.793081825E-2,6.466945633E-4,1.513448427E-3,9.998378754E-1,1.779451695E2,1.747294792E-1,-7.098402863E-2,1.779450584E2
1.024820213E2,1.793743132E-2,6.432887167E-4,1.515288837E-3,9.998377562E-1,1.779444115E2,1.749338088E-1,-7.058887172E-2,1.779443010E2
1.024870213E2,1.793377374E-2,6.454024115E-4,1.518350560E-3,9.998378158E-1,1.779448307E2,1.752886868E-1,-7.082539167E-2,1.779447196E2
1.024920213E2,1.793045271E-2,6.475256523E-4,1.517418656E-3,9.998378754E-1,1.779452114E2,1.751860435E-1,-7.107115490E-2,1.779450999E2
1.024970213E2,1.794053874E-2,6.413437659E-4,1.518651028E-3,9.998376966E-1,1.779440554E2,1.753152464E-1,-7.035857671E-2,1.779439450E2
1.025020213E2,1.794054408E-2,6.416803226E-4,1.518445788E-3,9.998376966E-1,1.779440548E2,1.752924237E-1,-7.039755805E-2,1.779439443E2
1.025070213E2,1.792702425E-2,6.514065899E-4,1.516991877E-3,9.998379350E-1,1.779456043E2,1.751448762E-1,-7.151728316E-2,1.779454922E2
1.025120213E2,1.793388333E-2,6.463711034E-4,1.516643097E-3,9.998378158E-1,1.779448182E2,1.750950559E-1,-7.093986757E-2,1.779447070E2
1.025170213E2,1.793757434E-2,6.433756207E-4,1.513557974E-3,9.998377562E-1,1.779443951E2,1.747356869E-1,-7.060236153E-2,1.779442847E2
1.025220213E2,1.792774546E-2,6.495518610E-4,1.509244321E-3,9.998379350E-1,1.779455216E2,1.742534535E-1,-7.132057213E-2,1.779454104E2
1.025270213E2,1.792386728E-2,6.516457070E-4,1.514906879E-3,9.998379946E-1,1.779459661E2,1.749062563E-1,-7.154951521E-2,1.779458541E2
1.025320213E2,1.793380118E-2,6.465301267E-4,1.517546480E-3,9.998378158E-1,1.779448276E2,1.751988805E-1,-7.095624512E-2,1.779447163E2
1.025370213E2,1.792371412E-2,6.529096281E-4,1.516174292E-3,9.998379946E-1,1.779459837E2,1.750540536E-1,-7.169174999E-2,1.779458713E2
1.025420213E2,1.792426135E-2,6.524297060E-4,1.509898575E-3,9.998379946E-1,1.779459209E2,1.743340770E-1,-7.164955889E-2,1.779458092E2
1.025470213E2,1.792453117E-2,6.526401849E-4,1.506600878E-3,9.998379946E-1,1.779458900E2,1.739567006E-1,-7.168040089E-2,1.779457784E2
1.025520213E2,1.791469908E-2,6.583440118E-4,1.502389205E-3,9.998381734E-1,1.779470169E2,1.734851612E-1,-7.234426292E-2,1.779469046E2
1.025570213E2,1.791838890E-2,6.576519227E-4,1.498351223E-3,9.998381138E-1,1.779465940E2,1.730213617E-1,-7.227261956E-2,1.779464821E2
1.025620213E2,1.792451604E-2,6.528793019E-4,1.506677363E-3,9.998379946E-1,1.779458918E2,1.739659538E-1,-7.170764279E-2,1.779457801E2
1.025670213E2,1.791785323E-2,6.560473703E-4,1.505443710E-3,9.998381138E-1,1.779466554E2,1.738306380E-1,-7.207431045E-2,1.779465433E2
1.025720213E2,1.791156845E-2,6.604731898E-4,1.499111066E-3,9.998382330E-1,1.779473757E2,1.731137181E-1,-7.259548138E-2,1.779472633E2
1.025770213E2,1.792141975E-2,6.553920684E-4,1.502860105E-3,9.998380542E-1,1.779462466E2,1.735335368E-1,-7.200391655E-2,1.779461348E2
1.025820213E2,1.791092036E-2,6.619004416E-4,1.506208093E-3,9.998382330E-1,1.779474500E2,1.739297313E-1,-7.274455116E-2,1.779473368E2
1.025870213E2,1.790449174E-2,6.670880248E-4,1.501210267E-3,9.998383522E-1,1.779481867E2,1.733672908E-1,-7.335028147E-2,1.779480730E2
1.025920213E2,1.791137574E-2,6.622360088E-4,1.500635175E-3,9.998382330E-1,1.779473978E2,1.732919452E-1,-7.279435792E-2,1.779472849E2
1.025970213E2,1.791100776E-2,6.629407289E-4,1.504710526E-3,9.998382330E-1,1.779474399E2,1.737602918E-1,-7.286679872E-2,1.779473267E2
1.026020213E2,1.790734999E-2,6.643779343E-4,1.508002519E-3,9.998382926E-1,1.779478592E2,1.741401496E-1,-7.302534377E-2,1.779477454E2
1.026070213E2,1.791818756E-2,6.569384714E-4,1.501069521E-3,9.998381138E-1,1.779466171E2,1.733313265E-1,-7.218533040E-2,1.779465051E2
1.026120213E2,1.792845455E-2,6.497772993E-4,1.500699902E-3,9.998379350E-1,1.779454404E2,1.732750047E-1,-7.136383274E-2,1.779453297E2
1.026170213E2,1.792763015E-2,6.511676474E-4,1.509917551E-3,9.998379350E-1,1.779455349E2,1.743338994E-1,-7.150433465E-2,1.779454233E2
1.026220213E2,1.792804934E-2,6.490805536E-4,1.505833468E-3,9.998379350E-1,1.779454868E2,1.738617140E-1,-7.127352771E-2,1.779453759E2
1.026270213E2,1.793532499E-2,6.450719084E-4,1.500057639E-3,9.998378158E-1,1.779446529E2,1.731922366E-1,-7.082485134E-2,1.779445432E2
1.026320213E2,1.793161282E-2,6.469837972E-4,1.503880601E-3,9.998378754E-1,1.779450784E2,1.736339124E-1,-7.103668934E-2,1.779449680E2
1.026370213E2,1.793119808E-2,6.471520755E-4,1.508745481E-3,9.998378754E-1,1.779451259E2,1.741916142E-1,-7.104604479E-2,1.779450152E2
1.026420213E2,1.793167727E-2,6.464854232E-4,1.503326348E-3,9.998378754E-1,1.779450710E2,1.735693901E-1,-7.098071688E-2,1.779449607E2
1.026470213E2,1.793206704E-2,6.468175561E-4,1.498526544E-3,9.998378754E-1,1.779450263E2,1.730201709E-1,-7.102856617E-2,1.779449164E2
1.026520213E2,1.793484520E-2,6.440367433E-4,1.506226254E-3,9.998378158E-1,1.779447079E2,1.738968335E-1,-7.069365415E-2,1.779445979E2
1.026570213E2,1.793143750E-2,6.474041147E-4,1.505788881E-3,9.998378754E-1,1.779450985E2,1.738534017E-1,-7.108095550E-2,1.779449879E2
1.026620213E2,1.792515315E-2,6.514810957E-4,1.499686739E-3,9.998379946E-1,1.779458187E2,1.731621879E-1,-7.156169524E-2,1.779457079E2
1.026670213E2,1.792521704E-2,6.521301693E-4,1.498640515E-3,9.998379946E-1,1.779458114E2,1.730436565E-1,-7.163819965E-2,1.779457005E2
1.026720213E2,1.792464619E-2,6.513613043E-4,1.505785738E-3,9.998379946E-1,1.779458768E2,1.738606882E-1,-7.153553006E-2,1.779457655E2
1.026770213E2,1.791805585E-2,6.579079200E-4,1.502216677E-3,9.998381138E-1,1.779466322E2,1.734647415E-1,-7.229407037E-2,1.779465200E2
1.026820213E2,1.791531521E-2,6.590472767E-4,1.494714292E-3,9.998381734E-1,1.779469463E2,1.726073092E-1,-7.244048827E-2,1.779468344E2
1.026870213E2,1.792135741E-2,6.550713442E-4,1.503743115E-3,9.998380542E-1,1.779462538E2,1.736340430E-1,-7.196536754E-2,1.779461420E2
1.026920213E2,1.792444207E-2,6.514611887E-4,1.508170390E-3,9.998379946E-1,1.779459002E2,1.741340963E-1,-7.154211129E-2,1.779457887E2
1.026970213E2,1.791447552E-2,6.585629890E-4,1.504956745E-3,9.998381734E-1,1.779470425E2,1.737797663E-1,-7.236411953E-2,1.779469300E2
1.027020213E2,1.792178109E-2,6.544342614E-4,1.498963567E-3,9.998380542E-1,1.779462052E2,1.730851562E-1,-7.190211767E-2,1.779460939E2
1.027070213E2,1.793158558E-2,6.484607002E-4,1.503569307E-3,9.998378754E-1,1.779450815E2,1.736012796E-1,-7.120654699E-2,1.779449709E2
1.027120213E2,1.792815702E-2,6.507739308E-4,1.503819251E-3,9.998379350E-1,1.779454745E2,1.736344254E-1,-7.147166261E-2,1.779453634E2
1.027170213E2,1.792818239E-2,6.499856245E-4,1.503857784E-3,9.998379350E-1,1.779454716E2,1.736372224E-1,-7.138126039E-2,1.779453606E2
1.027220213E2,1.793163812E-2,6.466755876E-4,1.503711450E-3,9.998378754E-1,1.779450755E2,1.736139005E-1,-7.100172004E-2,1.779449652E2
1.027270213E2,1.793097373E-2,6.464833859E-4,1.511695562E-3,9.998378754E-1,1.779451516E2,1.745282247E-1,-7.096340811E-2,1.779450408E2
1.027320213E2,1.793084378E-2,6.480106385E-4,1.512582763E-3,9.998378754E-1,1.779451665E2,1.746330036E-1,-7.113658968E-2,1.779450553E2
1.027370213E2,1.792752744E-2,6.492621615E-4,1.511956216E-3,9.998379350E-1,1.779455466E2,1.745635535E-1,-7.128184690E-2,1.779454353E2
1.027420213E2,1.793082248E-2,6.471505621E-4,1.513203373E-3,9.998378754E-1,1.779451690E2,1.747023400E-1,-7.103677660E-2,1.779450579E2
1.027470213E2,1.792401478E-2,6.524400087E-4,1.512818388E-3,9.998379946E-1,1.779459492E2,1.746686132E-1,-7.164478484E-2,1.779458372E2
1.027520213E2,1.792391178E-2,6.523487391E-4,1.514077536E-3,9.998379946E-1,1.779459610E2,1.748126831E-1,-7.163175945E-2,1.779458489E2
1.027570213E2,1.793076708E-2,6.476140697E-4,1.513661467E-3,9.998378754E-1,1.779451753E2,1.747557739E-1,-7.108895044E-2,1.779450641E2
1.027620213E2,1.793369281E-2,6.446225452E-4,1.519637182E-3,9.998378158E-1,1.779448400E2,1.754344908E-1,-7.073341002E-2,1.779447289E2
1.027670213E2,1.793326103E-2,6.457979325E-4,1.524226740E-3,9.998378158E-1,1.779448895E2,1.759627169E-1,-7.085872138E-2,1.779447779E2
1.027720213E2,1.793007372E-2,6.478197174E-4,1.521765138E-3,9.998378754E-1,1.779452548E2,1.756846118E-1,-7.109598229E-2,1.779451430E2
1.027770213E2,1.793018965E-2,6.490882952E-4,1.519857440E-3,9.998378754E-1,1.779452415E2,1.754686556E-1,-7.124522658E-2,1.779451296E2
1.027820213E2,1.793721517E-2,6.442396552E-4,1.517442055E-3,9.998377562E-1,1.779444363E2,1.751824498E-1,-7.069343535E-2,1.779443254E2
1.027870213E2,1.793398709E-2,6.455404218E-4,1.515769749E-3,9.998378158E-1,1.779448063E2,1.749932935E-1,-7.084647061E-2,1.779446953E2
1.027920213E2,1.792410426E-2,6.520156749E-4,1.511940849E-3,9.998379946E-1,1.779459390E2,1.745672053E-1,-7.159795451E-2,1.779458271E2
1.027970213E2,1.793417009E-2,6.453545066E-4,1.513682189E-3,9.998378158E-1,1.779447853E2,1.747537457E-1,-7.082942810E-2,1.779446745E2
1.028020213E2,1.793730983E-2,6.425699103E-4,1.517030993E-3,9.998377562E-1,1.779444255E2,1.751319270E-1,-7.050295603E-2,1.779443149E2
1.028070213E2,1.792680898E-2,6.502597826E-4,1.520024729E-3,9.998379350E-1,1.779456290E2,1.754899885E-1,-7.137969706E-2,1.779455168E2
1.028120213E2,1.793706964E-2,6.430305657E-4,1.519673504E-3,9.998377562E-1,1.779444530E2,1.754356184E-1,-7.055034497E-2,1.779443422E2
1.028170213E2,1.794430594E-2,6.375176599E-4,1.514991280E-3,9.998376369E-1,1.779436236E2,1.748883333E-1,-6.992707358E-2,1.779435141E2
1.028220213E2,1.793730998E-2,6.421456928E-4,1.517208875E-3,9.998377562E-1,1.779444254E2,1.751514355E-1,-7.045398649E-2,1.779443150E2
1.028270213E2,1.793020630E-2,6.491486565E-4,1.519635203E-3,9.998378754E-1,1.779452396E2,1.754433184E-1,-7.125259608E-2,1.779451277E2
1.028320213E2,1.793713985E-2,6.428500055E-4,1.518920995E-3,9.998377562E-1,1.779444449E2,1.753490347E-1,-7.053119215E-2,1.779443342E2
1.028370213E2,1.794413265E-2,6.380493287E-4,1.516818884E-3,9.998376369E-1,1.779436435E2,1.750988092E-1,-6.998426056E-2,1.779435338E2
1.028420213E2,1.793351078E-2,6.452306407E-4,1.521526137E-3,9.998378158E-1,1.779448609E2,1.756521516E-1,-7.079923121E-2,1.779447495E2
1.028470213E2,1.793314719E-2,6.468560314E-4,1.525117084E-3,9.998378158E-1,1.779449025E2,1.760668933E-1,-7.097814124E-2,1.779447907E2
1.028520213E2,1.793699555E-2,6.429051864E-4,1.520600752E-3,9.998377562E-1,1.779444615E2,1.755415933E-1,-7.053408689E-2,1.779443506E2
1.028570213E2,1.793725879E-2,6.434190436E-4,1.517274533E-3,9.998377562E-1,1.779444313E2,1.751615724E-1,-7.059975212E-2,1.779443206E2
1.028620213E2,1.792964711E-2,6.471981760E-4,1.527046901E-3,9.998378754E-1,1.779453037E2,1.762884535E-1,-7.101399293E-2,1.779451916E2
1.028670213E2,1.792928115E-2,6.481348537E-4,1.530941459E-3,9.998378754E-1,1.779453456E2,1.767365648E-1,-7.111337346E-2,1.779452331E2
1.028720213E2,1.793000532E-2,6.479677395E-4,1.522507868E-3,9.998378754E-1,1.779452626E2,1.757700081E-1,-7.111142753E-2,1.779451507E2
1.028770213E2,1.793663094E-2,6.429916830E-4,1.524859108E-3,9.998377562E-1,1.779445033E2,1.760296394E-1,-7.053530802E-2,1.779443921E2
1.028820213E2,1.792926278E-2,6.482806639E-4,1.531094895E-3,9.998378754E-1,1.779453477E2,1.767544427E-1,-7.112976737E-2,1.779452352E2
1.028870213E2,1.792907338E-2,6.497685681E-4,1.532681170E-3,9.998378754E-1,1.779453694E2,1.769392315E-1,-7.129701531E-2,1.779452565E2
1.028920213E2,1.792355029E-2,6.523895427E-4,1.518333331E-3,9.998379946E-1,1.779460024E2,1.753003417E-1,-7.162775623E-2,1.779458901E2
1.028970213E2,1.792991614E-2,6.473341491E-4,1.523827086E-3,9.998378754E-1,1.779452729E2,1.759198470E-1,-7.103614021E-2,1.779451610E2
1.029020213E2,1.792901124E-2,6.477378774E-4,1.534266863E-3,9.998378754E-1,1.779453766E2,1.771167324E-1,-7.106110593E-2,1.779452639E2
1.029070213E2,1.792192851E-2,6.528993254E-4,1.537141623E-3,9.998379946E-1,1.779461883E2,1.774562018E-1,-7.164781913E-2,1.779460745E2
1.029120213E2,1.793307916E-2,6.469599321E-4,1.525872853E-3,9.998378158E-1,1.779449103E2,1.761536929E-1,-7.098850426E-2,1.779447984E2
1.029170213E2,1.793944647E-2,6.412873045E-4,1.531523420E-3,9.998376966E-1,1.779441806E2,1.767898860E-1,-7.032583592E-2,1.779440693E2
1.029220213E2,1.792844397E-2,6.479019648E-4,1.540812431E-3,9.998378754E-1,1.779454416E2,1.778669769E-1,-7.106655812E-2,1.779453284E2
1.029270213E2,1.792522959E-2,6.522838376E-4,1.537681092E-3,9.998379350E-1,1.779458100E2,1.775169826E-1,-7.157560676E-2,1.779456962E2
1.029320213E2,1.792938453E-2,6.478170399E-4,1.529864850E-3,9.998378754E-1,1.779453338E2,1.766125684E-1,-7.107915437E-2,1.779452214E2
1.029370213E2,1.793633411E-2,6.426204345E-4,1.528502791E-3,9.998377562E-1,1.779445373E2,1.764463242E-1,-7.048533576E-2,1.779444259E2
1.029420213E2,1.793211167E-2,6.465272745E-4,1.537383068E-3,9.998378158E-1,1.779450212E2,1.774714988E-1,-7.091545053E-2,1.779449085E2
1.029470213E2,1.793290570E-2,6.451696390E-4,1.528666937E-3,9.998378158E-1,1.779449302E2,1.764701285E-1,-7.077767350E-2,1.779448184E2
1.029520213E2,1.793681328E-2,6.439633435E-4,1.522302045E-3,9.998377562E-1,1.779444824E2,1.757386786E-1,-7.065185808E-2,1.779443712E2
1.029570213E2,1.792947087E-2,6.480499287E-4,1.528754015E-3,9.998378754E-1,1.779453239E2,1.764857810E-1,-7.110810431E-2,1.779452115E2
1.029620213E2,1.792923248E-2,6.481296732E-4,1.531513524E-3,9.998378754E-1,1.779453512E2,1.768020940E-1,-7.111161312E-2,1.779452386E2
1.029670213E2,1.793966398E-2,6.419217098E-4,1.528707216E-3,9.998376966E-1,1.779441557E2,1.764685440E-1,-7.040427286E-2,1.779440444E2
1.029720213E2,1.794002989E-2,6.409051712E-4,1.524834777E-3,9.998376966E-1,1.779441137E2,1.760228014E-1,-7.029570172E-2,1.779440029E2
1.029770213E2,1.793636044E-2,6.437533302E-4,1.527716871E-3,9.998377562E-1,1.779445343E2,1.763586094E-1,-7.061674582E-2,1.779444228E2
1.029820213E2,1.792954678E-2,6.477324641E-4,1.527998014E-3,9.998378754E-1,1.779453152E2,1.763985165E-1,-7.107327139E-2,1.779452029E2
1.029870213E2,1.793672151E-2,6.431884249E-4,1.523710322E-3,9.998377562E-1,1.779444929E2,1.758984300E-1,-7.056019473E-2,1.779443818E2
1.029920213E2,1.793309438E-2,6.462089950E-4,1.526012085E-3,9.998378158E-1,1.779449086E2,1.761681029E-1,-7.090217832E-2,1.779447968E2
1.029970213E2,1.791884742E-2,6.567712990E-4,1.532635535E-3,9.998380542E-1,1.779465414E2,1.769476552E-1,-7.210124286E-2,1.779464272E2
1.030020213E2,1.792217998E-2,6.538055604E-4,1.533820760E-3,9.998379946E-1,1.779461595E2,1.770775988E-1,-7.175842514E-2,1.779460458E2
1.030070213E2,1.792910624E-2,6.486806087E-4,1.532757655E-3,9.998378754E-1,1.779453657E2,1.769457613E-1,-7.117220155E-2,1.779452529E2
1.030120213E2,1.792523742E-2,6.510326057E-4,1.538119977E-3,9.998379350E-1,1.779458091E2,1.775646972E-1,-7.143134638E-2,1.779456955E2
1.030170213E2,1.792834761E-2,6.494316040E-4,1.541289617E-3,9.998378754E-1,1.779454526E2,1.779247859E-1,-7.124085023E-2,1.779453391E2
1.030220213E2,1.793218018E-2,6.466145278E-4,1.536547090E-3,9.998378158E-1,1.779450134E2,1.773759021E-1,-7.092715317E-2,1.779449007E2
1.030270213E2,1.793552249E-2,6.445772597E-4,1.537178061E-3,9.998377562E-1,1.779446303E2,1.774442439E-1,-7.069184741E-2,1.779445180E2
1.030320213E2,1.792553914E-2,6.507220096E-4,1.534731477E-3,9.998379350E-1,1.779457745E2,1.771758488E-1,-7.140266763E-2,1.779456612E2
1.030370213E2,1.792239595E-2,6.541804760E-4,1.531135058E-3,9.998379946E-1,1.779461347E2,1.767706746E-1,-7.180685819E-2,1.779460211E2
1.030420213E2,1.793297115E-2,6.447785418E-4,1.528064022E-3,9.998378158E-1,1.779449227E2,1.764002514E-1,-7.073409180E-2,1.779448110E2
1.030470213E2,1.793951623E-2,6.423480227E-4,1.530261245E-3,9.998376966E-1,1.779441726E2,1.766474602E-1,-7.044994807E-2,1.779440612E2
1.030520213E2,1.792609969E-2,6.497001159E-4,1.528604887E-3,9.998379350E-1,1.779457103E2,1.764718455E-1,-7.129807267E-2,1.779455976E2
1.030570213E2,1.792656463E-2,6.502473261E-4,1.522909151E-3,9.998379350E-1,1.779456570E2,1.758204234E-1,-7.137238717E-2,1.779455446E2
1.030620213E2,1.793313815E-2,6.467794301E-4,1.525255968E-3,9.998378158E-1,1.779449036E2,1.760826476E-1,-7.096908097E-2,1.779447917E2
1.030670213E2,1.792288480E-2,6.521442556E-4,1.526273787E-3,9.998379946E-1,1.779460787E2,1.762095549E-1,-7.158346051E-2,1.779459658E2
1.030720213E2,1.791604139E-2,6.576797459E-4,1.526152482E-3,9.998381138E-1,1.779468630E2,1.762065330E-1,-7.221913364E-2,1.779467492E2
1.030770213E2,1.792275478E-2,6.525652716E-4,1.527620014E-3,9.998379946E-1,1.779460936E2,1.763646521E-1,-7.162895547E-2,1.779459805E2
1.030820213E2,1.792639530E-2,6.496235728E-4,1.525166910E-3,9.998379350E-1,1.779456764E2,1.760778087E-1,-7.129631346E-2,1.779455640E2
1.030870213E2,1.791668038E-2,6.568547105E-4,1.518989564E-3,9.998381138E-1,1.779467898E2,1.753842053E-1,-7.213920123E-2,1.779466766E2
1.030920213E2,1.792367306E-2,6.532050320E-4,1.516532386E-3,9.998379946E-1,1.779459884E2,1.750956854E-1,-7.172486697E-2,1.779458760E2
1.030970213E2,1.793061136E-2,6.467607454E-4,1.515869400E-3,9.998378754E-1,1.779451932E2,1.750069795E-1,-7.098667283E-2,1.779450820E2
1.031020213E2,1.791992438E-2,6.563868374E-4,1.520157792E-3,9.998380542E-1,1.779464180E2,1.755173263E-1,-7.208262748E-2,1.779463048E2
1.031070213E2,1.792014505E-2,6.560098263E-4,1.517717261E-3,9.998380542E-1,1.779463927E2,1.752369480E-1,-7.204440535E-2,1.779462797E2
1.031120213E2,1.792066505E-2,6.548208767E-4,1.512080315E-3,9.998380542E-1,1.779463331E2,1.745886997E-1,-7.191966907E-2,1.779462208E2
1.031170213E2,1.792734161E-2,6.493905094E-4,1.514103031E-3,9.998379350E-1,1.779455679E2,1.748097717E-1,-7.129217406E-2,1.779454564E2
1.031220213E2,1.792006176E-2,6.543353666E-4,1.519422629E-3,9.998380542E-1,1.779464023E2,1.754288927E-1,-7.184906985E-2,1.779462895E2
1.031270213E2,1.791700165E-2,6.584611838E-4,1.514497912E-3,9.998381138E-1,1.779467530E2,1.748729037E-1,-7.233242591E-2,1.779466398E2
1.031320213E2,1.792468452E-2,6.522969343E-4,1.504924148E-3,9.998379946E-1,1.779458724E2,1.737638978E-1,-7.164449118E-2,1.779457610E2
1.031370213E2,1.792066652E-2,6.542965421E-4,1.512289862E-3,9.998380542E-1,1.779463330E2,1.746116314E-1,-7.185916386E-2,1.779462207E2
1.031420213E2,1.790996776E-2,6.615798338E-4,1.517633093E-3,9.998382330E-1,1.779475591E2,1.752380046E-1,-7.268453464E-2,1.779474452E2
1.031470213E2,1.791096607E-2,6.625573151E-4,1.505375491E-3,9.998382330E-1,1.779474447E2,1.738356889E-1,-7.282151218E-2,1.779473315E2
1.031520213E2,1.791497936E-2,6.586955278E-4,1.498888945E-3,9.998381734E-1,1.779469848E2,1.730848667E-1,-7.239167466E-2,1.779468727E2
1.031570213E2,1.791077814E-2,6.629626732E-4,1.507431618E-3,9.998382330E-1,1.779474663E2,1.740720848E-1,-7.286376770E-2,1.779473528E2
1.031620213E2,1.790365416E-2,6.665975670E-4,1.511382987E-3,9.998383522E-1,1.779482827E2,1.745317460E-1,-7.327336183E-2,1.779481683E2
1.031670213E2,1.791145737E-2,6.615406019E-4,1.499967417E-3,9.998382330E-1,1.779473884E2,1.732140163E-1,-7.271603952E-2,1.779472757E2
1.031720213E2,1.791845208E-2,6.566786906E-4,1.498022466E-3,9.998381138E-1,1.779465867E2,1.729817009E-1,-7.216177754E-2,1.779464751E2
1.031770213E2,1.792081191E-2,6.539863534E-4,1.510700327E-3,9.998380542E-1,1.779463163E2,1.744288864E-1,-7.182686363E-2,1.779462042E2
1.031820213E2,1.793146704E-2,6.466981722E-4,1.505740453E-3,9.998378754E-1,1.779450951E2,1.738464044E-1,-7.100016791E-2,1.779449846E2
1.031870213E2,1.793945401E-2,6.418245612E-4,1.491782255E-3,9.998377562E-1,1.779441797E2,1.722377144E-1,-7.046909049E-2,1.779440711E2
1.031920213E2,1.794609490E-2,6.366804009E-4,1.494007651E-3,9.998376369E-1,1.779434186E2,1.724825728E-1,-6.987398795E-2,1.779433107E2
1.031970213E2,1.794153113E-2,6.399036502E-4,1.507493667E-3,9.998376966E-1,1.779439417E2,1.740340192E-1,-7.021634453E-2,1.779438323E2
1.032020213E2,1.793912429E-2,6.412014482E-4,1.496009179E-3,9.998377562E-1,1.779442175E2,1.727207027E-1,-7.038906572E-2,1.779441087E2
1.032070213E2,1.794363464E-2,6.391450879E-4,1.482572872E-3,9.998376966E-1,1.779437006E2,1.711773492E-1,-7.018031228E-2,1.779435931E2
1.032120213E2,1.794977454E-2,6.344469148E-4,1.490638824E-3,9.998375773E-1,1.779429969E2,1.720922577E-1,-6.962438569E-2,1.779428896E2
1.032170213E2,1.794564885E-2,6.366643938E-4,1.499362756E-3,9.998376369E-1,1.779434697E2,1.730960607E-1,-6.986121798E-2,1.779433615E2
1.032220213E2,1.793613658E-2,6.435859832E-4,1.490964438E-3,9.998378158E-1,1.779445599E2,1.721474013E-1,-7.067315437E-2,1.779444510E2
1.032270213E2,1.794367468E-2,6.382897845E-4,1.482456806E-3,9.998376966E-1,1.779436960E2,1.711622950E-1,-7.008254942E-2,1.779435886E2
1.032320213E2,1.794608187E-2,6.372727803E-4,1.493911608E-3,9.998376369E-1,1.779434201E2,1.724727864E-1,-6.994205839E-2,1.779433121E2
1.032370213E2,1.793888412E-2,6.413926021E-4,1.498804544E-3,9.998377562E-1,1.779442450E2,1.730413530E-1,-7.040526170E-2,1.779441360E2
1.032420213E2,1.792934712E-2,6.502140313E-4,1.489807619E-3,9.998379350E-1,1.779453381E2,1.720280007E-1,-7.143609577E-2,1.779452281E2
1.032470213E2,1.793281779E-2,6.472683162E-4,1.489319606E-3,9.998378754E-1,1.779449403E2,1.719662811E-1,-7.109900204E-2,1.779448309E2
1.032520213E2,1.793187854E-2,6.460298318E-4,1.501119812E-3,9.998378754E-1,1.779450479E2,1.733156579E-1,-7.093301780E-2,1.779449379E2
1.032570213E2,1.792190466E-2,6.537435693E-4,1.497787074E-3,9.998380542E-1,1.779461910E2,1.729489516E-1,-7.182537788E-2,1.779460799E2
1.032620213E2,1.792992054E-2,6.486214115E-4,1.483587897E-3,9.998379350E-1,1.779452723E2,1.713121547E-1,-7.126630568E-2,1.779451631E2
1.032670213E2,1.793317403E-2,6.460803561E-4,1.485541114E-3,9.998378754E-1,1.779448995E2,1.715309504E-1,-7.097059777E-2,1.779447905E2
1.032720213E2,1.793196059E-2,6.465921178E-4,1.499897102E-3,9.998378754E-1,1.779450385E2,1.731767293E-1,-7.099993901E-2,1.779449285E2
1.032770213E2,1.791852218E-2,6.578440662E-4,1.496672048E-3,9.998381138E-1,1.779465787E2,1.728293773E-1,-7.229805903E-2,1.779464669E2
1.032820213E2,1.792595042E-2,6.521723699E-4,1.489824150E-3,9.998379946E-1,1.779457274E2,1.720336754E-1,-7.166101902E-2,1.779456171E2
1.032870213E2,1.793240106E-2,6.478670985E-4,1.494069467E-3,9.998378754E-1,1.779449881E2,1.725116895E-1,-7.115791697E-2,1.779448782E2
1.032920213E2,1.793530455E-2,6.450650399E-4,1.500304905E-3,9.998378158E-1,1.779446553E2,1.732205511E-1,-7.082355971E-2,1.779445455E2
1.032970213E2,1.793264155E-2,6.458351272E-4,1.492061419E-3,9.998378754E-1,1.779449605E2,1.722774617E-1,-7.092919301E-2,1.779448511E2
1.033020213E2,1.794352045E-2,6.397236721E-4,1.483705011E-3,9.998376966E-1,1.779437137E2,1.713082440E-1,-7.024429395E-2,1.779436060E2
1.033070213E2,1.794009024E-2,6.411264185E-4,1.484413049E-3,9.998377562E-1,1.779441068E2,1.713920094E-1,-7.040414289E-2,1.779439988E2
1.033120213E2,1.793278116E-2,6.468397332E-4,1.489946735E-3,9.998378754E-1,1.779449445E2,1.720372499E-1,-7.104861550E-2,1.779448351E2
1.033170213E2,1.793683294E-2,6.442533340E-4,1.482273568E-3,9.998378158E-1,1.779444801E2,1.711530807E-1,-7.076735914E-2,1.779443717E2
1.033220213E2,1.794716894E-2,6.360510015E-4,1.481320010E-3,9.998376369E-1,1.779432955E2,1.710276885E-1,-6.982778521E-2,1.779431886E2
1.033270213E2,1.795334330E-2,6.321253022E-4,1.488625188E-3,9.998375177E-1,1.779425879E2,1.718570203E-1,-6.936192024E-2,1.779424812E2
1.033320213E2,1.795010760E-2,6.345165893E-4,1.486593043E-3,9.998375773E-1,1.779429587E2,1.716288857E-1,-6.964063352E-2,1.779428517E2
1.033370213E2,1.795368549E-2,6.330767064E-4,1.484086970E-3,9.998375177E-1,1.779425486E2,1.713390431E-1,-6.948020380E-2,1.779424421E2
1.033420213E2,1.795674001E-2,6.288369768E-4,1.489081886E-3,9.998374581E-1,1.779421986E2,1.719028138E-1,-6.898364340E-2,1.779420924E2
1.033470213E2,1.794634001E-2,6.373857032E-4,1.490759081E-3,9.998376369E-1,1.779433905E2,1.721118413E-1,-6.996143529E-2,1.779432827E2
1.033520213E2,1.793649990E-2,6.433781818E-4,1.486677211E-3,9.998378158E-1,1.779445183E2,1.716557980E-1,-7.065809571E-2,1.779444097E2
1.033570213E2,1.794355058E-2,6.401597057E-4,1.483152504E-3,9.998376966E-1,1.779437102E2,1.712458402E-1,-7.029538258E-2,1.779436025E2
1.033620213E2,1.795697874E-2,6.293227780E-4,1.485994668E-3,9.998374581E-1,1.779421712E2,1.715501175E-1,-6.904561499E-2,1.779420652E2
1.033670213E2,1.794633563E-2,6.365805166E-4,1.491155825E-3,9.998376369E-1,1.779433910E2,1.721556411E-1,-6.986836747E-2,1.779432833E2
1.033720213E2,1.794340102E-2,6.380708073E-4,1.485859510E-3,9.998376966E-1,1.779437274E2,1.715516845E-1,-7.005051050E-2,1.779436198E2
1.033770213E2,1.795448368E-2,6.310701719E-4,1.475258963E-3,9.998375177E-1,1.779424572E2,1.703235160E-1,-6.926833637E-2,1.779423516E2
1.033820213E2,1.795746534E-2,6.283860421E-4,1.480500679E-3,9.998374581E-1,1.779421154E2,1.709187590E-1,-6.894951287E-2,1.779420099E2
1.033870213E2,1.795704445E-2,6.302471738E-4,1.484808396E-3,9.998374581E-1,1.779421637E2,1.714161094E-1,-6.915395565E-2,1.779420576E2
1.033920213E2,1.795413859E-2,6.309248856E-4,1.479514875E-3,9.998375177E-1,1.779424967E2,1.708108069E-1,-6.924299273E-2,1.779423908E2
1.033970213E2,1.796114437E-2,6.262381212E-4,1.477031270E-3,9.998373985E-1,1.779416938E2,1.705170896E-1,-6.870993139E-2,1.779415889E2
1.034020213E2,1.796754873E-2,6.228932180E-4,1.481242478E-3,9.998372793E-1,1.779409598E2,1.709931335E-1,-6.831693270E-2,1.779408552E2
1.034070213E2,1.796070473E-2,6.265090196E-4,1.482253312E-3,9.998373985E-1,1.779417442E2,1.711159234E-1,-6.873029572E-2,1.779416389E2
1.034120213E2,1.796774952E-2,6.218507187E-4,1.479243510E-3,9.998372793E-1,1.779409368E2,1.707619723E-1,-6.820157214E-2,1.779408325E2
1.034170213E2,1.797420956E-2,6.173641304E-4,1.483210828E-3,9.998371601E-1,1.779401964E2,1.712077189E-1,-6.767825536E-2,1.779400926E2
1.034220213E2,1.796683051E-2,6.228119018E-4,1.489962800E-3,9.998372793E-1,1.779410421E2,1.719920327E-1,-6.828978415E-2,1.779409369E2
1.034270213E2,1.796661892E-2,6.232730811E-4,1.492319512E-3,9.998372793E-1,1.779410663E2,1.722629840E-1,-6.833780692E-2,1.779409609E2
1.034320213E2,1.797066903E-2,6.191973225E-4,1.485167188E-3,9.998372197E-1,1.779406022E2,1.714354014E-1,-6.788486692E-2,1.779404979E2
1.034370213E2,1.796694778E-2,6.229976425E-4,1.488470356E-3,9.998372793E-1,1.779410287E2,1.718214290E-1,-6.831411773E-2,1.779409235E2
1.034420213E2,1.794991850E-2,6.339865504E-4,1.489100279E-3,9.998375773E-1,1.779429804E2,1.719150445E-1,-6.957478040E-2,1.779428733E2
1.034470213E2,1.795363324E-2,6.310699391E-4,1.485573011E-3,9.998375177E-1,1.779425546E2,1.715051709E-1,-6.924723400E-2,1.779424483E2
1.034520213E2,1.795747023E-2,6.285906420E-4,1.480354462E-3,9.998374581E-1,1.779421149E2,1.709024278E-1,-6.897325456E-2,1.779420093E2
1.034570213E2,1.795032090E-2,6.348369061E-4,1.483878237E-3,9.998375773E-1,1.779429343E2,1.713185154E-1,-6.968288108E-2,1.779428274E2
1.034620213E2,1.794987127E-2,6.354364450E-4,1.489051618E-3,9.998375773E-1,1.779429858E2,1.719124486E-1,-6.974100737E-2,1.779428785E2
1.034670213E2,1.795356540E-2,6.320136599E-4,1.485991641E-3,9.998375177E-1,1.779425624E2,1.715550718E-1,-6.935450923E-2,1.779424559E2
1.034720213E2,1.795033916E-2,6.351773627E-4,1.483511645E-3,9.998375773E-1,1.779429322E2,1.712772154E-1,-6.972263919E-2,1.779428253E2
1.034770213E2,1.794657051E-2,6.376082310E-4,1.487886300E-3,9.998376369E-1,1.779433641E2,1.717831712E-1,-6.999279956E-2,1.779432565E2
1.034820213E2,1.794337655E-2,6.391403731E-4,1.485695364E-3,9.998376966E-1,1.779437302E2,1.715350756E-1,-7.017339559E-2,1.779436224E2
1.034870213E2,1.794688258E-2,6.375328521E-4,1.484149718E-3,9.998376369E-1,1.779433283E2,1.713549254E-1,-6.999179448E-2,1.779432210E2
1.034920213E2,1.794692505E-2,6.371358759E-4,1.483806642E-3,9.998376369E-1,1.779433235E2,1.713148045E-1,-6.994701004E-2,1.779432162E2
1.034970213E2,1.795338158E-2,6.326322327E-4,1.487948000E-3,9.998375177E-1,1.779425835E2,1.717804784E-1,-6.942138746E-2,1.779424767E2
1.035020213E2,1.794963381E-2,6.346103619E-4,1.492262934E-3,9.998375773E-1,1.779430130E2,1.722786637E-1,-6.963979576E-2,1.779429056E2
1.035070213E2,1.794607447E-2,6.371473428E-4,1.494053984E-3,9.998376369E-1,1.779434209E2,1.724888403E-1,-6.992739511E-2,1.779433130E2
1.035120213E2,1.794926272E-2,6.345290458E-4,1.496754354E-3,9.998375773E-1,1.779430555E2,1.727930673E-1,-6.962130447E-2,1.779429478E2
1.035170213E2,1.795608072E-2,6.291136960E-4,1.496894751E-3,9.998374581E-1,1.779422741E2,1.727984833E-1,-6.899938457E-2,1.779421674E2
1.035220213E2,1.795310531E-2,6.311279722E-4,1.491914853E-3,9.998375177E-1,1.779426151E2,1.722318593E-1,-6.924092597E-2,1.779425084E2
1.035270213E2,1.795998827E-2,6.281356327E-4,1.490224735E-3,9.998373985E-1,1.779418263E2,1.720325343E-1,-6.890037767E-2,1.779417202E2
1.035320213E2,1.796262938E-2,6.244898541E-4,1.499883598E-3,9.998373389E-1,1.779415236E2,1.731318582E-1,-6.846233308E-2,1.779414174E2
1.035370213E2,1.796931561E-2,6.201381912E-4,1.501065446E-3,9.998372197E-1,1.779407573E2,1.732587622E-1,-6.796015875E-2,1.779406518E2
1.035420213E2,1.796628624E-2,6.236934569E-4,1.496144221E-3,9.998372793E-1,1.779411045E2,1.727020362E-1,-6.837815325E-2,1.779409987E2
1.035470213E2,1.796647536E-2,6.221259828E-4,1.494525000E-3,9.998372793E-1,1.779410828E2,1.725133021E-1,-6.820186429E-2,1.779409774E2
1.035520213E2,1.796995867E-2,6.197078619E-4,1.493526041E-3,9.998372197E-1,1.779406836E2,1.723941055E-1,-6.792626923E-2,1.779405787E2
1.035570213E2,1.796012327E-2,6.264242111E-4,1.489317743E-3,9.998373985E-1,1.779418108E2,1.719251038E-1,-6.870613855E-2,1.779417050E2
1.035620213E2,1.796040769E-2,6.269740989E-4,1.485651941E-3,9.998373985E-1,1.779417782E2,1.715062523E-1,-6.877663694E-2,1.779416726E2
1.035670213E2,1.796032212E-2,6.269094883E-4,1.486713300E-3,9.998373985E-1,1.779417880E2,1.716277168E-1,-6.876706450E-2,1.779416823E2
1.035720213E2,1.795939370E-2,6.285191630E-4,1.497212215E-3,9.998373985E-1,1.779418944E2,1.728338612E-1,-6.893004121E-2,1.779417878E2
1.035770213E2,1.794597951E-2,6.361972191E-4,1.495598699E-3,9.998376369E-1,1.779434318E2,1.726638626E-1,-6.981537617E-2,1.779433239E2
1.035820213E2,1.794639482E-2,6.370610790E-4,1.490237890E-3,9.998376369E-1,1.779433842E2,1.720514628E-1,-6.992530459E-2,1.779432765E2
1.035870213E2,1.795270401E-2,6.333523197E-4,1.495796256E-3,9.998375177E-1,1.779426611E2,1.726811133E-1,-6.948785987E-2,1.779425537E2
1.035920213E2,1.794528980E-2,6.368874456E-4,1.503559528E-3,9.998376369E-1,1.779435109E2,1.735773324E-1,-6.987820523E-2,1.779434023E2
1.035970213E2,1.794198246E-2,6.410942296E-4,1.501604682E-3,9.998376966E-1,1.779438899E2,1.733617786E-1,-7.036478265E-2,1.779437807E2
1.036020213E2,1.794200558E-2,6.397481193E-4,1.501902472E-3,9.998376966E-1,1.779438873E2,1.733931310E-1,-7.020993845E-2,1.779437783E2
1.036070213E2,1.793810154E-2,6.427585031E-4,1.507560140E-3,9.998377562E-1,1.779443347E2,1.740472637E-1,-7.054389393E-2,1.779442248E2
1.036120213E2,1.793779194E-2,6.439404679E-4,1.510736300E-3,9.998377562E-1,1.779443702E2,1.744135749E-1,-7.067284007E-2,1.779442599E2
1.036170213E2,1.794126104E-2,6.412479561E-4,1.510134549E-3,9.998376966E-1,1.779439726E2,1.743393390E-1,-7.036498298E-2,1.779438628E2
1.036220213E2,1.794787637E-2,6.357570528E-4,1.512772171E-3,9.998375773E-1,1.779432144E2,1.746307108E-1,-6.972929527E-2,1.779431054E2
1.036270213E2,1.794768252E-2,6.349001196E-4,1.515429583E-3,9.998375773E-1,1.779432366E2,1.749334031E-1,-6.962568206E-2,1.779431276E2
1.036320213E2,1.794033998E-2,6.410009810E-4,1.521141734E-3,9.998376966E-1,1.779440782E2,1.755998960E-1,-7.031421696E-2,1.779439676E2
1.036370213E2,1.794397686E-2,6.387503236E-4,1.518366043E-3,9.998376369E-1,1.779436614E2,1.752775031E-1,-7.006142143E-2,1.779435514E2
1.036420213E2,1.795400408E-2,6.309058517E-4,1.520857681E-3,9.998374581E-1,1.779425121E2,1.755475392E-1,-6.915577264E-2,1.779424034E2
1.036470213E2,1.795713987E-2,6.284506526E-4,1.524034189E-3,9.998373985E-1,1.779421527E2,1.759066461E-1,-6.886738585E-2,1.779420442E2
1.036520213E2,1.795024966E-2,6.332711200E-4,1.525000902E-3,9.998375177E-1,1.779429424E2,1.760268480E-1,-6.941890481E-2,1.779428330E2
1.036570213E2,1.795701187E-2,6.284592673E-4,1.525538042E-3,9.998373985E-1,1.779421674E2,1.760789564E-1,-6.886530071E-2,1.779420588E2
1.036620213E2,1.796364087E-2,6.241421797E-4,1.527395099E-3,9.998372793E-1,1.779414077E2,1.762832941E-1,-6.836568891E-2,1.779412997E2
1.036670213E2,1.795654047E-2,6.296567735E-4,1.530584646E-3,9.998373985E-1,1.779422214E2,1.766595944E-1,-6.899220076E-2,1.779421123E2
1.036720213E2,1.795043423E-2,6.326027797E-4,1.523104613E-3,9.998375177E-1,1.779429213E2,1.758082218E-1,-6.934619939E-2,1.779428121E2
1.036770213E2,1.796085425E-2,6.257306086E-4,1.520482940E-3,9.998373389E-1,1.779417270E2,1.754944246E-1,-6.856239832E-2,1.779416193E2
1.036820213E2,1.795712605E-2,6.284127594E-4,1.524212654E-3,9.998373985E-1,1.779421543E2,1.759270145E-1,-6.886267950E-2,1.779420458E2
1.036870213E2,1.794999799E-2,6.327768788E-4,1.528165070E-3,9.998375177E-1,1.779429713E2,1.763883430E-1,-6.935581363E-2,1.779428617E2
1.036920213E2,1.795006230E-2,6.325843278E-4,1.527489279E-3,9.998375177E-1,1.779429639E2,1.763105237E-1,-6.933513128E-2,1.779428544E2
1.036970213E2,1.796004883E-2,6.261703093E-4,1.529787318E-3,9.998373389E-1,1.779418193E2,1.765613074E-1,-6.859376740E-2,1.779417108E2
1.037020213E2,1.795644240E-2,6.282418035E-4,1.532315626E-3,9.998373985E-1,1.779422327E2,1.768549996E-1,-6.882653883E-2,1.779421236E2
1.037070213E2,1.795299600E-2,6.312757032E-4,1.532559399E-3,9.998374581E-1,1.779426277E2,1.768889349E-1,-6.917424981E-2,1.779425181E2
1.037120213E2,1.795665004E-2,6.287704455E-4,1.529663219E-3,9.998373985E-1,1.779422089E2,1.765522069E-1,-6.889252828E-2,1.779420999E2
1.037170213E2,1.795291883E-2,6.320603425E-4,1.533139846E-3,9.998374581E-1,1.779426365E2,1.769570477E-1,-6.926296772E-2,1.779425267E2
1.037220213E2,1.794258053E-2,6.382045685E-4,1.535005518E-3,9.998376369E-1,1.779438214E2,1.771827227E-1,-6.996492365E-2,1.779437104E2
1.037270213E2,1.793917802E-2,6.403779262E-4,1.535044285E-3,9.998376966E-1,1.779442113E2,1.771913946E-1,-7.021445502E-2,1.779440999E2
1.037320213E2,1.794252440E-2,6.390018971E-4,1.535329851E-3,9.998376369E-1,1.779438278E2,1.772215183E-1,-7.005561903E-2,1.779437166E2
1.037370213E2,1.794577112E-2,6.368546747E-4,1.537090749E-3,9.998375773E-1,1.779434557E2,1.774190814E-1,-6.980540849E-2,1.779433448E2
1.037420213E2,1.793569526E-2,6.447889609E-4,1.535071875E-3,9.998377562E-1,1.779446105E2,1.772033785E-1,-7.072040104E-2,1.779444983E2
1.037470213E2,1.793578391E-2,6.437712000E-4,1.534463139E-3,9.998377562E-1,1.779446003E2,1.771315478E-1,-7.060502859E-2,1.779444884E2
1.037520213E2,1.794301640E-2,6.375644589E-4,1.530168927E-3,9.998376369E-1,1.779437714E2,1.766272926E-1,-6.990145228E-2,1.779436609E2
1.037570213E2,1.794959698E-2,6.339431857E-4,1.532386057E-3,9.998375177E-1,1.779430172E2,1.768743268E-1,-6.948082912E-2,1.779429072E2
1.037620213E2,1.793937891E-2,6.413377705E-4,1.532293507E-3,9.998376966E-1,1.779441883E2,1.768782165E-1,-7.033004676E-2,1.779440769E2
1.037670213E2,1.794343275E-2,6.382752326E-4,1.524981577E-3,9.998376369E-1,1.779437237E2,1.760344515E-1,-6.999348085E-2,1.779436134E2
1.037720213E2,1.794651856E-2,6.360906991E-4,1.528657274E-3,9.998375773E-1,1.779433700E2,1.764513111E-1,-6.973508947E-2,1.779432599E2
1.037770213E2,1.794976479E-2,6.343512796E-4,1.530250069E-3,9.998375177E-1,1.779429980E2,1.766304508E-1,-6.953194971E-2,1.779428880E2
1.037820213E2,1.794281686E-2,6.384514854E-4,1.532137627E-3,9.998376369E-1,1.779437943E2,1.768546632E-1,-6.999906876E-2,1.779436834E2
1.037870213E2,1.794702397E-2,6.368806353E-4,1.522381906E-3,9.998375773E-1,1.779433121E2,1.757339815E-1,-6.983841210E-2,1.779432022E2
1.037920213E2,1.794366088E-2,6.394145312E-4,1.521816710E-3,9.998376369E-1,1.779436976E2,1.756742012E-1,-7.013048146E-2,1.779435873E2
1.037970213E2,1.793300268E-2,6.456414121E-4,1.527329441E-3,9.998378158E-1,1.779449191E2,1.763178637E-1,-7.083445752E-2,1.779448073E2
1.038020213E2,1.792590621E-2,6.498824223E-4,1.530794776E-3,9.998379350E-1,1.779457324E2,1.767231091E-1,-7.131449559E-2,1.779456196E2
1.038070213E2,1.792954493E-2,6.478331634E-4,1.527977060E-3,9.998378754E-1,1.779453154E2,1.763963224E-1,-7.108485219E-2,1.779452031E2
1.038120213E2,1.792905416E-2,6.483513280E-4,1.533505972E-3,9.998378754E-1,1.779453716E2,1.770308183E-1,-7.113294656E-2,1.779452589E2
1.038170213E2,1.792501004E-2,6.507092039E-4,1.540904166E-3,9.998379350E-1,1.779458351E2,1.778830104E-1,-7.138861444E-2,1.779457214E2
1.038220213E2,1.792177692E-2,6.528678350E-4,1.538921380E-3,9.998379946E-1,1.779462057E2,1.776600390E-1,-7.164058282E-2,1.779460917E2
1.038270213E2,1.792185210E-2,6.541365292E-4,1.537506352E-3,9.998379946E-1,1.779461971E2,1.775005258E-1,-7.178883380E-2,1.779460830E2
1.038320213E2,1.792480470E-2,6.525295903E-4,1.542522223E-3,9.998379350E-1,1.779458587E2,1.780721216E-1,-7.159389443E-2,1.779457445E2
1.038370213E2,1.792058331E-2,6.553758285E-4,1.551702153E-3,9.998379946E-1,1.779463425E2,1.791294407E-1,-7.190189591E-2,1.779462272E2
1.038420213E2,1.791059482E-2,6.618218031E-4,1.549070119E-3,9.998381734E-1,1.779474873E2,1.788403933E-1,-7.264762274E-2,1.779473710E2
1.038470213E2,1.791446513E-2,6.580069312E-4,1.544405823E-3,9.998381138E-1,1.779470437E2,1.782984377E-1,-7.221942460E-2,1.779469284E2
1.038520213E2,1.792111480E-2,6.543337367E-4,1.545993146E-3,9.998379946E-1,1.779462816E2,1.784732383E-1,-7.179412981E-2,1.779461669E2
1.038570213E2,1.792128345E-2,6.529679522E-4,1.544615021E-3,9.998379946E-1,1.779462622E2,1.783125488E-1,-7.164044795E-2,1.779461479E2
1.038620213E2,1.792500769E-2,6.503265467E-4,1.541093108E-3,9.998379350E-1,1.779458354E2,1.779038718E-1,-7.134438455E-2,1.779457218E2
1.038670213E2,1.793476160E-2,6.439356948E-4,1.546297572E-3,9.998377562E-1,1.779447175E2,1.784877240E-1,-7.059973321E-2,1.779446047E2
1.038720213E2,1.793750786E-2,6.416623946E-4,1.553909271E-3,9.998376966E-1,1.779444028E2,1.793553421E-1,-7.032313751E-2,1.779442898E2
1.038770213E2,1.793754457E-2,6.418374251E-4,1.553413225E-3,9.998376966E-1,1.779443986E2,1.792988709E-1,-7.034420436E-2,1.779442856E2
1.038820213E2,1.794158437E-2,6.399590056E-4,1.545880223E-3,9.998376369E-1,1.779439356E2,1.784322115E-1,-7.014375215E-2,1.779438235E2
1.038870213E2,1.795449126E-2,6.298527587E-4,1.554358983E-3,9.998373985E-1,1.779424563E2,1.793837602E-1,-6.896610065E-2,1.779423454E2
1.038920213E2,1.795740925E-2,6.285336567E-4,1.559516299E-3,9.998373389E-1,1.779421219E2,1.799721371E-1,-6.880383056E-2,1.779420109E2
1.038970213E2,1.795424585E-2,6.300840760E-4,1.557097537E-3,9.998373985E-1,1.779424844E2,1.796979844E-1,-6.898701275E-2,1.779423733E2
1.039020213E2,1.795451325E-2,6.301949616E-4,1.553966198E-3,9.998373985E-1,1.779424538E2,1.793394631E-1,-6.900611207E-2,1.779423429E2
1.039070213E2,1.795769424E-2,6.270543672E-4,1.556827803E-3,9.998373389E-1,1.779420892E2,1.796610824E-1,-6.863982538E-2,1.779419787E2
1.039120213E2,1.795089401E-2,6.332732155E-4,1.556175412E-3,9.998374581E-1,1.779428686E2,1.795986633E-1,-6.935490130E-2,1.779427570E2
1.039170213E2,1.794780630E-2,6.356554222E-4,1.552518574E-3,9.998375177E-1,1.779432225E2,1.791843733E-1,-6.963591377E-2,1.779431107E2
1.039220213E2,1.795444863E-2,6.292160833E-4,1.555109047E-3,9.998373985E-1,1.779424612E2,1.794683844E-1,-6.889161922E-2,1.779423504E2
1.039270213E2,1.796090203E-2,6.252134335E-4,1.558842137E-3,9.998372793E-1,1.779417216E2,1.798883019E-1,-6.842418171E-2,1.779416112E2
1.039320213E2,1.795749713E-2,6.290674210E-4,1.558288699E-3,9.998373389E-1,1.779421118E2,1.798325916E-1,-6.886749596E-2,1.779420008E2
1.039370213E2,1.795758353E-2,6.290289457E-4,1.557308249E-3,9.998373389E-1,1.779421019E2,1.797201850E-1,-6.886508986E-2,1.779419910E2
1.039420213E2,1.796089559E-2,6.262466195E-4,1.558501623E-3,9.998372793E-1,1.779417223E2,1.798514144E-1,-6.854325891E-2,1.779416118E2
1.039470213E2,1.795755124E-2,6.288936711E-4,1.557735144E-3,9.998373389E-1,1.779421056E2,1.797688151E-1,-6.884871835E-2,1.779419947E2
1.039520213E2,1.794375020E-2,6.379383849E-4,1.560062869E-3,9.998375773E-1,1.779436873E2,1.800531606E-1,-6.988269306E-2,1.779435746E2
1.039570213E2,1.794387476E-2,6.369567127E-4,1.559030963E-3,9.998375773E-1,1.779436731E2,1.799329217E-1,-6.977231946E-2,1.779435606E2
1.039620213E2,1.795412398E-2,6.306738942E-4,1.558263553E-3,9.998373985E-1,1.779424984E2,1.798327839E-1,-6.905221280E-2,1.779423871E2
1.039670213E2,1.795083222E-2,6.330225733E-4,1.556989970E-3,9.998374581E-1,1.779428757E2,1.796914699E-1,-6.932451993E-2,1.779427640E2
1.039720213E2,1.794426547E-2,6.365468726E-4,1.554695424E-3,9.998375773E-1,1.779436283E2,1.794353690E-1,-6.973420804E-2,1.779435162E2
1.039770213E2,1.794379877E-2,6.364874425E-4,1.560096862E-3,9.998375773E-1,1.779436818E2,1.800540748E-1,-6.971637562E-2,1.779435693E2
1.039820213E2,1.794059836E-2,6.408257177E-4,1.556925126E-3,9.998376369E-1,1.779440486E2,1.796993757E-1,-7.022052207E-2,1.779439355E2
1.039870213E2,1.793424916E-2,6.436216063E-4,1.552359900E-3,9.998377562E-1,1.779447762E2,1.791816233E-1,-7.055137915E-2,1.779446630E2
1.039920213E2,1.793752714E-2,6.414919626E-4,1.553757116E-3,9.998376966E-1,1.779444006E2,1.793375602E-1,-7.030391991E-2,1.779442876E2
1.039970213E2,1.794070544E-2,6.394293159E-4,1.556265168E-3,9.998376369E-1,1.779440363E2,1.796208983E-1,-7.006186975E-2,1.779439236E2
1.040020213E2,1.794051226E-2,6.408178015E-4,1.557920245E-3,9.998376369E-1,1.779440584E2,1.798133673E-1,-7.021758465E-2,1.779439453E2
1.040070213E2,1.794038520E-2,6.409112248E-4,1.559344353E-3,9.998376369E-1,1.779440730E2,1.799767154E-1,-7.022538342E-2,1.779439598E2
1.040120213E2,1.794063424E-2,6.398749538E-4,1.556902775E-3,9.998376369E-1,1.779440445E2,1.796948623E-1,-7.011162971E-2,1.779439316E2
1.040170213E2,1.795056672E-2,6.321165129E-4,1.560415258E-3,9.998374581E-1,1.779429061E2,1.800820340E-1,-6.921371145E-2,1.779427944E2
1.040220213E2,1.795417825E-2,6.292572943E-4,1.558210934E-3,9.998373985E-1,1.779424922E2,1.798238439E-1,-6.889000726E-2,1.779423812E2
1.040270213E2,1.795099263E-2,6.327731535E-4,1.555240946E-3,9.998374581E-1,1.779428573E2,1.794905765E-1,-6.929951232E-2,1.779427458E2
1.040320213E2,1.795702525E-2,6.287896540E-4,1.563828788E-3,9.998373389E-1,1.779421659E2,1.804667336E-1,-6.882435565E-2,1.779420546E2
1.040370213E2,1.796037354E-2,6.264185067E-4,1.564437523E-3,9.998372793E-1,1.779417821E2,1.805318280E-1,-6.855082905E-2,1.779416712E2
1.040420213E2,1.795374488E-2,6.314232014E-4,1.562322723E-3,9.998373985E-1,1.779425418E2,1.802993719E-1,-6.912977974E-2,1.779424302E2
1.040470213E2,1.794981352E-2,6.329520838E-4,1.568718930E-3,9.998374581E-1,1.779429924E2,1.810350799E-1,-6.929250021E-2,1.779428800E2
1.040520213E2,1.795651861E-2,6.292169564E-4,1.569464221E-3,9.998373389E-1,1.779422239E2,1.811132481E-1,-6.886180792E-2,1.779421122E2
1.040570213E2,1.795706897E-2,6.288473960E-4,1.563303405E-3,9.998373389E-1,1.779421609E2,1.804066606E-1,-6.883204458E-2,1.779420496E2
1.040620213E2,1.796090323E-2,6.264011608E-4,1.558351447E-3,9.998372793E-1,1.779417214E2,1.798345269E-1,-6.856127289E-2,1.779416109E2
1.040670213E2,1.796372072E-2,6.230500294E-4,1.565445215E-3,9.998372197E-1,1.779413985E2,1.806405769E-1,-6.816221388E-2,1.779412881E2
1.040720213E2,1.796397798E-2,6.221649819E-4,1.562842983E-3,9.998372197E-1,1.779413690E2,1.803406261E-1,-6.806612194E-2,1.779412590E2
1.040770213E2,1.795776002E-2,6.266031996E-4,1.556250616E-3,9.998373389E-1,1.779420817E2,1.795940281E-1,-6.858930977E-2,1.779419713E2
1.040820213E2,1.795075278E-2,6.315468345E-4,1.558504417E-3,9.998374581E-1,1.779428848E2,1.798619435E-1,-6.915233902E-2,1.779427733E2
1.040870213E2,1.794705723E-2,6.344839931E-4,1.561630401E-3,9.998375177E-1,1.779433083E2,1.802258837E-1,-6.948309362E-2,1.779431961E2
1.040920213E2,1.794768220E-2,6.338327075E-4,1.554696937E-3,9.998375177E-1,1.779432367E2,1.794301976E-1,-6.942262177E-2,1.779431251E2
1.040970213E2,1.795777910E-2,6.278403453E-4,1.555531751E-3,9.998373389E-1,1.779420795E2,1.795142130E-1,-6.873252914E-2,1.779419689E2
1.041020213E2,1.795712219E-2,6.291910540E-4,1.562553574E-3,9.998373389E-1,1.779421548E2,1.803214610E-1,-6.887295193E-2,1.779420435E2
1.041070213E2,1.794640813E-2,6.352669443E-4,1.568755601E-3,9.998375177E-1,1.779433827E2,1.810438067E-1,-6.955826184E-2,1.779432699E2
1.041120213E2,1.794698081E-2,6.361802225E-4,1.561818644E-3,9.998375177E-1,1.779433171E2,1.802509351E-1,-6.967706230E-2,1.779432045E2
1.041170213E2,1.794745837E-2,6.341859698E-4,1.557134907E-3,9.998375177E-1,1.779432623E2,1.797102350E-1,-6.945812198E-2,1.779431505E2
1.041220213E2,1.794007633E-2,6.409466150E-4,1.562879304E-3,9.998376369E-1,1.779441084E2,1.803817775E-1,-7.022222628E-2,1.779439949E2
1.041270213E2,1.793625770E-2,6.420136197E-4,1.568129868E-3,9.998376966E-1,1.779445460E2,1.809852773E-1,-7.033437280E-2,1.779444320E2
1.041320213E2,1.794356203E-2,6.386696477E-4,1.561926911E-3,9.998375773E-1,1.779437089E2,1.802682208E-1,-6.996267689E-2,1.779435959E2
1.041370213E2,1.793995742E-2,6.404897431E-4,1.564430771E-3,9.998376369E-1,1.779441220E2,1.805585865E-1,-7.016671292E-2,1.779440085E2
1.041420213E2,1.793283943E-2,6.449634675E-4,1.568009960E-3,9.998377562E-1,1.779449378E2,1.809773614E-1,-7.067321091E-2,1.779448232E2
1.041470213E2,1.793997745E-2,6.397442776E-4,1.564506092E-3,9.998376369E-1,1.779441197E2,1.805656849E-1,-7.008114423E-2,1.779440064E2
1.041520213E2,1.794006828E-2,6.402655854E-4,1.563250786E-3,9.998376369E-1,1.779441093E2,1.804229385E-1,-7.014343641E-2,1.779439959E2
1.041570213E2,1.793277366E-2,6.457780255E-4,1.568426844E-3,9.998377562E-1,1.779449454E2,1.810267947E-1,-7.076569246E-2,1.779448306E2
1.041620213E2,1.792937354E-2,6.475280970E-4,1.568580512E-3,9.998378158E-1,1.779453350E2,1.810477565E-1,-7.096650330E-2,1.779452200E2
1.041670213E2,1.793658614E-2,6.431168877E-4,1.563915401E-3,9.998376966E-1,1.779445084E2,1.805047029E-1,-7.046938090E-2,1.779443945E2
1.041720213E2,1.793325925E-2,6.440902944E-4,1.563561149E-3,9.998377562E-1,1.779448897E2,1.804658813E-1,-7.058223568E-2,1.779447756E2
1.041770213E2,1.792286540E-2,6.514932611E-4,1.565326005E-3,9.998379350E-1,1.779460809E2,1.806825599E-1,-7.142866714E-2,1.779459654E2
1.041820213E2,1.792639307E-2,6.507608341E-4,1.563305850E-3,9.998378754E-1,1.779456766E2,1.804498511E-1,-7.134826335E-2,1.779455613E2
1.041870213E2,1.792996750E-2,6.473212270E-4,1.561862300E-3,9.998378158E-1,1.779452670E2,1.802776456E-1,-7.095649821E-2,1.779451524E2
1.041920213E2,1.792250845E-2,6.519668968E-4,1.569211017E-3,9.998379350E-1,1.779461218E2,1.811286262E-1,-7.147501815E-2,1.779460059E2
1.041970213E2,1.791547709E-2,6.586728850E-4,1.570746303E-3,9.998380542E-1,1.779469277E2,1.813177958E-1,-7.224146534E-2,1.779468104E2
1.042020213E2,1.791986013E-2,6.554240827E-4,1.560011413E-3,9.998379946E-1,1.779464254E2,1.800815076E-1,-7.189049034E-2,1.779463095E2
1.042070213E2,1.792680131E-2,6.508501247E-4,1.558580203E-3,9.998378754E-1,1.779456298E2,1.799086305E-1,-7.136812822E-2,1.779455149E2
1.042120213E2,1.791632582E-2,6.582927308E-4,1.561196055E-3,9.998380542E-1,1.779468304E2,1.802228725E-1,-7.221736437E-2,1.779467139E2
1.042170213E2,1.790666375E-2,6.639726344E-4,1.555113122E-3,9.998382330E-1,1.779479378E2,1.795368891E-1,-7.288235254E-2,1.779478207E2
1.042220213E2,1.791784627E-2,6.562969647E-4,1.544497558E-3,9.998380542E-1,1.779466562E2,1.783056807E-1,-7.202271723E-2,1.779465412E2
1.042270213E2,1.792101946E-2,6.529940292E-4,1.547663938E-3,9.998379946E-1,1.779462925E2,1.786619081E-1,-7.163722114E-2,1.779461779E2
1.042320213E2,1.790666752E-2,6.634078454E-4,1.555310795E-3,9.998382330E-1,1.779479374E2,1.795583784E-1,-7.281723663E-2,1.779478203E2
1.042370213E2,1.791055471E-2,6.607568939E-4,1.549988287E-3,9.998381734E-1,1.779474919E2,1.789434019E-1,-7.252373547E-2,1.779473757E2
1.042420213E2,1.791447614E-2,6.596367457E-4,1.543582650E-3,9.998381138E-1,1.779470424E2,1.782074711E-1,-7.240784540E-2,1.779469269E2
1.042470213E2,1.790727973E-2,6.649977877E-4,1.547563821E-3,9.998382330E-1,1.779478672E2,1.786740891E-1,-7.301518914E-2,1.779477505E2
1.042520213E2,1.789706119E-2,6.701329839E-4,1.548029599E-3,9.998384118E-1,1.779490384E2,1.787372419E-1,-7.360441519E-2,1.779489206E2
1.042570213E2,1.791425468E-2,6.586496020E-4,1.546571497E-3,9.998381138E-1,1.779470678E2,1.785478706E-1,-7.228864888E-2,1.779469523E2
1.042620213E2,1.792056924E-2,6.543559139E-4,1.552294940E-3,9.998379946E-1,1.779463441E2,1.791952624E-1,-7.178382633E-2,1.779462289E2
1.042670213E2,1.791008753E-2,6.620351924E-4,1.554833492E-3,9.998381734E-1,1.779475454E2,1.795011236E-1,-7.266033303E-2,1.779474287E2
1.042720213E2,1.790689280E-2,6.652030279E-4,1.551946625E-3,9.998382330E-1,1.779479116E2,1.791766347E-1,-7.302977934E-2,1.779477944E2
1.042770213E2,1.791055211E-2,6.607688265E-4,1.550013199E-3,9.998381734E-1,1.779474922E2,1.789462806E-1,-7.252505195E-2,1.779473760E2
1.042820213E2,1.791724917E-2,6.574427243E-4,1.550923800E-3,9.998380542E-1,1.779467246E2,1.790442668E-1,-7.214090197E-2,1.779466090E2
1.042870213E2,1.790702093E-2,6.635214086E-4,1.551187946E-3,9.998382330E-1,1.779478969E2,1.790862684E-1,-7.283864499E-2,1.779477801E2
1.042920213E2,1.790709178E-2,6.630572607E-4,1.550568384E-3,9.998382330E-1,1.779478888E2,1.790143357E-1,-7.278672487E-2,1.779477721E2
1.042970213E2,1.791772035E-2,6.567712408E-4,1.545756240E-3,9.998380542E-1,1.779466706E2,1.784508571E-1,-7.207449443E-2,1.779465555E2
1.043020213E2,1.791713903E-2,6.564739742E-4,1.552605652E-3,9.998380542E-1,1.779467372E2,1.792349650E-1,-7.202647575E-2,1.779466217E2
1.043070213E2,1.790983638E-2,6.609833217E-4,1.558170421E-3,9.998381734E-1,1.779475742E2,1.798812695E-1,-7.253301325E-2,1.779474574E2
1.043120213E2,1.791008842E-2,6.617443287E-4,1.554947114E-3,9.998381734E-1,1.779475453E2,1.795135446E-1,-7.262677452E-2,1.779474286E2
1.043170213E2,1.791363556E-2,6.596150342E-4,1.553316601E-3,9.998381138E-1,1.779471388E2,1.793226172E-1,-7.238552514E-2,1.779470226E2
1.043220213E2,1.790620920E-2,6.639388157E-4,1.560352743E-3,9.998382330E-1,1.779479899E2,1.801371077E-1,-7.286780765E-2,1.779478724E2
1.043270213E2,1.790271460E-2,6.669084541E-4,1.560992096E-3,9.998382926E-1,1.779483904E2,1.802161991E-1,-7.320736614E-2,1.779482723E2
1.043320213E2,1.790969995E-2,6.618396728E-4,1.559374621E-3,9.998381734E-1,1.779475898E2,1.800209866E-1,-7.262868103E-2,1.779474728E2
1.043370213E2,1.790963388E-2,6.624685484E-4,1.559866359E-3,9.998381734E-1,1.779475974E2,1.800786128E-1,-7.269973588E-2,1.779474802E2
1.043420213E2,1.789926237E-2,6.692462484E-4,1.561403042E-3,9.998383522E-1,1.779487861E2,1.802678258E-1,-7.347499374E-2,1.779486675E2
1.043470213E2,1.790933682E-2,6.632040022E-4,1.562961377E-3,9.998381734E-1,1.779476314E2,1.804347075E-1,-7.277770042E-2,1.779475139E2
1.043520213E2,1.791260590E-2,6.595300511E-4,1.565181534E-3,9.998381138E-1,1.779472568E2,1.806817737E-1,-7.235161725E-2,1.779471397E2
1.043570213E2,1.791227950E-2,6.606592215E-4,1.568437321E-3,9.998381138E-1,1.779472942E2,1.810570948E-1,-7.247436552E-2,1.779471767E2
1.043620213E2,1.791265373E-2,6.605865783E-4,1.564188278E-3,9.998381138E-1,1.779472513E2,1.805701456E-1,-7.247469707E-2,1.779471341E2
1.043670213E2,1.791614451E-2,6.580726476E-4,1.563368016E-3,9.998380542E-1,1.779468512E2,1.804712563E-1,-7.218772208E-2,1.779467346E2
1.043720213E2,1.791289826E-2,6.604908267E-4,1.561425976E-3,9.998381138E-1,1.779472233E2,1.802534804E-1,-7.246935277E-2,1.779471063E2
1.043770213E2,1.790268206E-2,6.665606052E-4,1.561513753E-3,9.998382926E-1,1.779483941E2,1.802752511E-1,-7.316644764E-2,1.779482761E2
1.043820213E2,1.790967995E-2,6.611463032E-4,1.559898374E-3,9.998381734E-1,1.779475921E2,1.800795700E-1,-7.254816820E-2,1.779474752E2
1.043870213E2,1.791320819E-2,6.596128223E-4,1.558238291E-3,9.998381138E-1,1.779471878E2,1.798864765E-1,-7.237524501E-2,1.779470712E2
1.043920213E2,1.792026571E-2,6.553789717E-4,1.555364463E-3,9.998379946E-1,1.779463789E2,1.795490274E-1,-7.189479191E-2,1.779462633E2
1.043970213E2,1.792011590E-2,6.550874677E-4,1.557212207E-3,9.998379946E-1,1.779463961E2,1.797601202E-1,-7.185762577E-2,1.779462804E2
1.044020213E2,1.792014381E-2,6.539875176E-4,1.557353302E-3,9.998379946E-1,1.779463929E2,1.797740288E-1,-7.173130637E-2,1.779462774E2
1.044070213E2,1.793051473E-2,6.480941665E-4,1.555245486E-3,9.998378158E-1,1.779452042E2,1.795211623E-1,-7.105855380E-2,1.779450900E2
1.044120213E2,1.792681219E-2,6.505291094E-4,1.558589051E-3,9.998378754E-1,1.779456286E2,1.799089854E-1,-7.133132840E-2,1.779455137E2
1.044170213E2,1.792314394E-2,6.515707355E-4,1.562101184E-3,9.998379350E-1,1.779460490E2,1.803132604E-1,-7.144411694E-2,1.779459337E2
1.044220213E2,1.791949682E-2,6.551502738E-4,1.564293751E-3,9.998379946E-1,1.779464670E2,1.805715610E-1,-7.185039071E-2,1.779463508E2
1.044270213E2,1.791653909E-2,6.574170548E-4,1.559116179E-3,9.998380542E-1,1.779468060E2,1.799827913E-1,-7.212126747E-2,1.779466898E2
1.044320213E2,1.791635500E-2,6.570836413E-4,1.561370562E-3,9.998380542E-1,1.779468271E2,1.802403856E-1,-7.207847175E-2,1.779467108E2
1.044370213E2,1.791958209E-2,6.553361309E-4,1.563238795E-3,9.998379946E-1,1.779464572E2,1.804510790E-1,-7.187383592E-2,1.779463411E2
1.044420213E2,1.790949106E-2,6.610210985E-4,1.562118530E-3,9.998381734E-1,1.779476138E2,1.803336702E-1,-7.252930049E-2,1.779474967E2
1.044470213E2,1.791279498E-2,6.597539177E-4,1.562921680E-3,9.998381138E-1,1.779472351E2,1.804233279E-1,-7.238187114E-2,1.779471182E2
1.044520213E2,1.791578794E-2,6.585880183E-4,1.567232423E-3,9.998380542E-1,1.779468921E2,1.809150469E-1,-7.223889994E-2,1.779467751E2
1.044570213E2,1.790918116E-2,6.615374587E-4,1.565449289E-3,9.998381734E-1,1.779476493E2,1.807163239E-1,-7.258168143E-2,1.779475319E2
1.044620213E2,1.790608383E-2,6.648697890E-4,1.561394660E-3,9.998382330E-1,1.779480043E2,1.802583852E-1,-7.297235668E-2,1.779478865E2
1.044670213E2,1.790934038E-2,6.629659329E-4,1.563021680E-3,9.998381734E-1,1.779476310E2,1.804411282E-1,-7.275029968E-2,1.779475135E2
1.044720213E2,1.789513140E-2,6.724601262E-4,1.569185406E-3,9.998384118E-1,1.779492595E2,1.811657659E-1,-7.382800273E-2,1.779491398E2
1.044770213E2,1.789195407E-2,6.744149141E-4,1.566597377E-3,9.998384714E-1,1.779496237E2,1.808730205E-1,-7.405785100E-2,1.779495038E2
1.044820213E2,1.789172464E-2,6.756732473E-4,1.568673993E-3,9.998384714E-1,1.779496500E2,1.811135089E-1,-7.419780581E-2,1.779495297E2
1.044870213E2,1.789514569E-2,6.722718826E-4,1.569103100E-3,9.998384118E-1,1.779492579E2,1.811559508E-1,-7.380660128E-2,1.779491382E2
1.044920213E2,1.789154237E-2,6.746865110E-4,1.571175642E-3,9.998384714E-1,1.779496709E2,1.813980944E-1,-7.407965617E-2,1.779495506E2
1.044970213E2,1.788488536E-2,6.784336292E-4,1.569492510E-3,9.998385906E-1,1.779504338E2,1.812124398E-1,-7.451363261E-2,1.779503130E2
1.045020213E2,1.788478668E-2,6.794382352E-4,1.570182270E-3,9.998385906E-1,1.779504451E2,1.812935200E-1,-7.462733762E-2,1.779503241E2
1.045070213E2,1.788851686E-2,6.780218682E-4,1.566251623E-3,9.998385310E-1,1.779500176E2,1.808405468E-1,-7.447244151E-2,1.779498971E2
1.045120213E2,1.788497700E-2,6.793115172E-4,1.568067819E-3,9.998385906E-1,1.779504233E2,1.810510144E-1,-7.461711839E-2,1.779503024E2
1.045170213E2,1.788505243E-2,6.786717568E-4,1.567484345E-3,9.998385906E-1,1.779504147E2,1.809828581E-1,-7.454500128E-2,1.779502940E2
1.045220213E2,1.788898411E-2,6.777036469E-4,1.561044017E-3,9.998385310E-1,1.779499641E2,1.802432758E-1,-7.444657325E-2,1.779498440E2
1.045270213E2,1.789278861E-2,6.749611348E-4,1.556800096E-3,9.998384714E-1,1.779495280E2,1.797516944E-1,-7.414037140E-2,1.779494088E2
1.045320213E2,1.788575667E-2,6.782000419E-4,1.559633296E-3,9.998385906E-1,1.779503340E2,1.800824219E-1,-7.450692010E-2,1.779502139E2
1.045370213E2,1.788269970E-2,6.805036683E-4,1.555467490E-3,9.998386502E-1,1.779506843E2,1.796096248E-1,-7.477994145E-2,1.779505642E2
1.045420213E2,1.788972462E-2,6.770282635E-4,1.552829286E-3,9.998385310E-1,1.779498792E2,1.793007563E-1,-7.438590028E-2,1.779497599E2
1.045470213E2,1.789231933E-2,6.736398791E-4,1.562754507E-3,9.998384714E-1,1.779495818E2,1.804311674E-1,-7.397686631E-2,1.779494624E2
1.045520213E2,1.789247226E-2,6.741613615E-4,1.560777426E-3,9.998384714E-1,1.779495643E2,1.802057271E-1,-7.404064047E-2,1.779494449E2
1.045570213E2,1.789614231E-2,6.717063370E-4,1.557939104E-3,9.998384118E-1,1.779491437E2,1.798757672E-1,-7.376452029E-2,1.779490249E2
1.045620213E2,1.790254179E-2,6.660579820E-4,1.563335420E-3,9.998382926E-1,1.779484102E2,1.804829241E-1,-7.310514852E-2,1.779482921E2
1.045670213E2,1.789179594E-2,6.740679964E-4,1.568551408E-3,9.998384714E-1,1.779496418E2,1.810961774E-1,-7.401412569E-2,1.779495218E2
1.045720213E2,1.788526675E-2,6.792706554E-4,1.564777223E-3,9.998385906E-1,1.779503901E2,1.806739375E-1,-7.461912874E-2,1.779502695E2
1.045770213E2,1.788891584E-2,6.759889657E-4,1.562569058E-3,9.998385310E-1,1.779499719E2,1.804144843E-1,-7.424700281E-2,1.779498520E2
1.045820213E2,1.789596775E-2,6.718863733E-4,1.559865428E-3,9.998384118E-1,1.779491637E2,1.800968291E-1,-7.378122841E-2,1.779490448E2
1.045870213E2,1.788557552E-2,6.791338092E-4,1.561303507E-3,9.998385906E-1,1.779503547E2,1.802756843E-1,-7.461051399E-2,1.779502344E2
1.045920213E2,1.788900916E-2,6.773098139E-4,1.560927834E-3,9.998385310E-1,1.779499612E2,1.802291588E-1,-7.440168424E-2,1.779498412E2
1.045970213E2,1.789599608E-2,6.716230419E-4,1.559653785E-3,9.998384118E-1,1.779491604E2,1.800720424E-1,-7.375148666E-2,1.779490416E2
1.046020213E2,1.789550800E-2,6.713745533E-4,1.565350685E-3,9.998384118E-1,1.779492164E2,1.807242101E-1,-7.371142129E-2,1.779490971E2
1.046070213E2,1.788189082E-2,6.807642640E-4,1.564625767E-3,9.998386502E-1,1.779507770E2,1.806593938E-1,-7.479117654E-2,1.779506561E2
1.046120213E2,1.788553489E-2,6.784445723E-4,1.562068472E-3,9.998385906E-1,1.779503594E2,1.803619131E-1,-7.452998538E-2,1.779502391E2
1.046170213E2,1.788250509E-2,6.808569888E-4,1.557548880E-3,9.998386502E-1,1.779507066E2,1.798488064E-1,-7.481619204E-2,1.779505862E2
1.046220213E2,1.788235380E-2,6.816009991E-4,1.558959833E-3,9.998386502E-1,1.779507240E2,1.800119777E-1,-7.489857138E-2,1.779506033E2
1.046270213E2,1.788234669E-2,6.822749274E-4,1.558746560E-3,9.998386502E-1,1.779507248E2,1.799889230E-1,-7.497622378E-2,1.779506041E2
1.046320213E2,1.789277609E-2,6.739265518E-4,1.557392068E-3,9.998384714E-1,1.779495295E2,1.798173961E-1,-7.402062445E-2,1.779494104E2
1.046370213E2,1.789291807E-2,6.734210765E-4,1.555978903E-3,9.998384714E-1,1.779495132E2,1.796544588E-1,-7.396558274E-2,1.779493943E2
1.046420213E2,1.788973882E-2,6.760104443E-4,1.553109149E-3,9.998385310E-1,1.779498776E2,1.793307352E-1,-7.426870928E-2,1.779497584E2
1.046470213E2,1.789334791E-2,6.740099634E-4,1.550772227E-3,9.998384714E-1,1.779494639E2,1.790591517E-1,-7.404365264E-2,1.779493453E2
1.046520213E2,1.789380578E-2,6.725682761E-4,1.546107931E-3,9.998384714E-1,1.779494115E2,1.785218246E-1,-7.388795667E-2,1.779492934E2
1.046570213E2,1.789423977E-2,6.734314375E-4,1.540699974E-3,9.998384714E-1,1.779493617E2,1.779040187E-1,-7.399786408E-2,1.779492439E2
1.046620213E2,1.788384741E-2,6.796428352E-4,1.542595332E-3,9.998386502E-1,1.779505528E2,1.781331387E-1,-7.470748793E-2,1.779504337E2
1.046670213E2,1.788378235E-2,6.805114099E-4,1.542966696E-3,9.998386502E-1,1.779505602E2,1.781774627E-1,-7.480625374E-2,1.779504410E2
1.046720213E2,1.789421341E-2,6.724737468E-4,1.541424193E-3,9.998384714E-1,1.779493647E2,1.779850290E-1,-7.388665807E-2,1.779492471E2
1.046770213E2,1.789763021E-2,6.705682608E-4,1.541247591E-3,9.998384118E-1,1.779489731E2,1.779611389E-1,-7.366809464E-2,1.779488558E2
1.046820213E2,1.788728907E-2,6.787695456E-4,1.541708363E-3,9.998385906E-1,1.779501583E2,1.780299825E-1,-7.460863742E-2,1.779500395E2
1.046870213E2,1.789074397E-2,6.767444429E-4,1.541165286E-3,9.998385310E-1,1.779497624E2,1.779638657E-1,-7.437711339E-2,1.779496440E2
1.046920213E2,1.790113972E-2,6.684405962E-4,1.540080295E-3,9.998383522E-1,1.779485709E2,1.778232911E-1,-7.342609154E-2,1.779484541E2
1.046970213E2,1.789736898E-2,6.705152919E-4,1.544301165E-3,9.998384118E-1,1.779490031E2,1.783108694E-1,-7.365580942E-2,1.779488856E2
1.047020213E2,1.789042559E-2,6.749277818E-4,1.545651234E-3,9.998385310E-1,1.779497989E2,1.784740874E-1,-7.415983242E-2,1.779496804E2
1.047070213E2,1.789426303E-2,6.743801059E-4,1.540014753E-3,9.998384714E-1,1.779493591E2,1.778274580E-1,-7.410795697E-2,1.779492412E2
1.047120213E2,1.789430763E-2,6.741003599E-4,1.539618941E-3,9.998384714E-1,1.779493539E2,1.777815380E-1,-7.407670935E-2,1.779492361E2
1.047170213E2,1.789397783E-2,6.722962717E-4,1.544233877E-3,9.998384714E-1,1.779493917E2,1.783065627E-1,-7.386060454E-2,1.779492739E2
1.047220213E2,1.789405135E-2,6.729226443E-4,1.543108723E-3,9.998384714E-1,1.779493833E2,1.781789400E-1,-7.393466415E-2,1.779492654E2
1.047270213E2,1.789096957E-2,6.751262117E-4,1.539254910E-3,9.998385310E-1,1.779497365E2,1.777416860E-1,-7.419558427E-2,1.779496185E2
1.047320213E2,1.789793193E-2,6.700520171E-4,1.537964912E-3,9.998384118E-1,1.779489386E2,1.775839944E-1,-7.361562631E-2,1.779488216E2
1.047370213E2,1.789749916E-2,6.719345110E-4,1.542174141E-3,9.998384118E-1,1.779489882E2,1.780700897E-1,-7.382275310E-2,1.779488705E2
1.047420213E2,1.789066461E-2,6.750389002E-4,1.542833634E-3,9.998385310E-1,1.779497715E2,1.781515109E-1,-7.417829769E-2,1.779496532E2
1.047470213E2,1.788081114E-2,6.817770773E-4,1.538211945E-3,9.998387098E-1,1.779509008E2,1.776350660E-1,-7.496153770E-2,1.779507817E2
1.047520213E2,1.788736199E-2,6.791956257E-4,1.540674362E-3,9.998385906E-1,1.779501500E2,1.779123924E-1,-7.465956131E-2,1.779500312E2
1.047570213E2,1.788385368E-2,6.807832979E-4,1.542019658E-3,9.998386502E-1,1.779505521E2,1.780695198E-1,-7.483933300E-2,1.779504329E2
1.047620213E2,1.787759213E-2,6.844760501E-4,1.535683870E-3,9.998387694E-1,1.779512697E2,1.773507045E-1,-7.527651874E-2,1.779511503E2
1.047670213E2,1.788146579E-2,6.814004155E-4,1.530750655E-3,9.998387098E-1,1.779508257E2,1.767794773E-1,-7.493355566E-2,1.779507073E2
1.047720213E2,1.788773254E-2,6.779278629E-4,1.536926022E-3,9.998385906E-1,1.779501075E2,1.774803608E-1,-7.452192759E-2,1.779499892E2
1.047770213E2,1.788079726E-2,6.818454713E-4,1.538343029E-3,9.998387098E-1,1.779509024E2,1.776502238E-1,-7.496910768E-2,1.779507832E2
1.047820213E2,1.788079215E-2,6.826134631E-4,1.538061770E-3,9.998387098E-1,1.779509030E2,1.776195724E-1,-7.505767615E-2,1.779507837E2
1.047870213E2,1.788389613E-2,6.811964558E-4,1.541344798E-3,9.998386502E-1,1.779505472E2,1.779930489E-1,-7.488804534E-2,1.779504280E2
1.047920213E2,1.787712898E-2,6.857664557E-4,1.540492405E-3,9.998387694E-1,1.779513228E2,1.779042440E-1,-7.541459551E-2,1.779512028E2
1.047970213E2,1.787082696E-2,6.910518860E-4,1.533865696E-3,9.998388886E-1,1.779520451E2,1.771553492E-1,-7.603485649E-2,1.779519246E2
1.048020213E2,1.787082472E-2,6.893228856E-4,1.534669544E-3,9.998388886E-1,1.779520453E2,1.772439074E-1,-7.583511362E-2,1.779519251E2
1.048070213E2,1.788057123E-2,6.829032791E-4,1.540499507E-3,9.998387098E-1,1.779509283E2,1.778994497E-1,-7.508592538E-2,1.779508088E2
1.048120213E2,1.787692830E-2,6.857471890E-4,1.542828046E-3,9.998387694E-1,1.779513458E2,1.781717918E-1,-7.540763881E-2,1.779512256E2
1.048170213E2,1.787002609E-2,6.909901276E-4,1.543195685E-3,9.998388886E-1,1.779521368E2,1.782241311E-1,-7.600881586E-2,1.779520157E2
1.048220213E2,1.788351367E-2,6.819539121E-4,1.545441919E-3,9.998386502E-1,1.779505910E2,1.784639940E-1,-7.496650082E-2,1.779504714E2
1.048270213E2,1.788653235E-2,6.784728612E-4,1.550592831E-3,9.998385906E-1,1.779502451E2,1.790472419E-1,-7.455656901E-2,1.779501256E2
1.048320213E2,1.788671195E-2,6.796756061E-4,1.547992229E-3,9.998385906E-1,1.779502245E2,1.787517610E-1,-7.469966975E-2,1.779501050E2
1.048370213E2,1.788336507E-2,6.817369722E-4,1.547256135E-3,9.998386502E-1,1.779506081E2,1.786713992E-1,-7.493795379E-2,1.779504883E2
1.048420213E2,1.789300327E-2,6.741530378E-4,1.554681570E-3,9.998384714E-1,1.779495034E2,1.795073264E-1,-7.405209070E-2,1.779493845E2
1.048470213E2,1.789255083E-2,6.750771427E-4,1.559480326E-3,9.998384714E-1,1.779495553E2,1.800589978E-1,-7.414820983E-2,1.779494358E2
1.048520213E2,1.788246713E-2,6.801965646E-4,1.558273099E-3,9.998386502E-1,1.779507110E2,1.799304263E-1,-7.473904787E-2,1.779505907E2
1.048570213E2,1.789228252E-2,6.751599722E-4,1.562519930E-3,9.998384714E-1,1.779495860E2,1.804074056E-1,-7.415151570E-2,1.779494663E2
1.048620213E2,1.789868113E-2,6.706492859E-4,1.567452215E-3,9.998383522E-1,1.779488527E2,1.809637356E-1,-7.362344103E-2,1.779487334E2
1.048670213E2,1.789208630E-2,6.748606102E-4,1.564894337E-3,9.998384714E-1,1.779496085E2,1.806788211E-1,-7.411238378E-2,1.779494887E2
1.048720213E2,1.789224033E-2,6.734917406E-4,1.563722501E-3,9.998384714E-1,1.779495909E2,1.805417641E-1,-7.395792308E-2,1.779494714E2
1.048770213E2,1.789848894E-2,6.703431136E-4,1.569776097E-3,9.998383522E-1,1.779488747E2,1.812293485E-1,-7.358363011E-2,1.779487554E2
1.048820213E2,1.789478997E-2,6.714042975E-4,1.573525136E-3,9.998384118E-1,1.779492987E2,1.816607930E-1,-7.369819548E-2,1.779491788E2
1.048870213E2,1.789193834E-2,6.741094985E-4,1.566908439E-3,9.998384714E-1,1.779496255E2,1.809080324E-1,-7.402222364E-2,1.779495056E2
1.048920213E2,1.789209693E-2,6.736639189E-4,1.565288287E-3,9.998384714E-1,1.779496073E2,1.807215041E-1,-7.397446548E-2,1.779494877E2
1.048970213E2,1.789528958E-2,6.709157024E-4,1.568042208E-3,9.998384118E-1,1.779492414E2,1.810316298E-1,-7.365336910E-2,1.779491221E2
1.049020213E2,1.789885749E-2,6.697378121E-4,1.565827290E-3,9.998383522E-1,1.779488325E2,1.807757056E-1,-7.352231177E-2,1.779487135E2
1.049070213E2,1.789642665E-2,6.721370155E-4,1.554483315E-3,9.998384118E-1,1.779491111E2,1.794807300E-1,-7.382090078E-2,1.779489925E2
1.049120213E2,1.789618251E-2,6.721426034E-4,1.557289041E-3,9.998384118E-1,1.779491391E2,1.798021850E-1,-7.381583065E-2,1.779490203E2
1.049170213E2,1.789560784E-2,6.714695483E-4,1.564168138E-3,9.998384118E-1,1.779492049E2,1.805889239E-1,-7.372471227E-2,1.779490858E2
1.049220213E2,1.789267087E-2,6.750189932E-4,1.558127580E-3,9.998384714E-1,1.779495415E2,1.799038987E-1,-7.414429962E-2,1.779494222E2
1.049270213E2,1.788945156E-2,6.765917642E-4,1.556161791E-3,9.998385310E-1,1.779499105E2,1.796816575E-1,-7.432910619E-2,1.779497910E2
1.049320213E2,1.788211407E-2,6.807356840E-4,1.562084653E-3,9.998386502E-1,1.779507514E2,1.803682077E-1,-7.479306911E-2,1.779506307E2
1.049370213E2,1.789233628E-2,6.736424402E-4,1.562559279E-3,9.998384714E-1,1.779495799E2,1.804088059E-1,-7.397755699E-2,1.779494604E2
1.049420213E2,1.788902301E-2,6.774199428E-4,1.560721314E-3,9.998385310E-1,1.779499596E2,1.802057238E-1,-7.441472293E-2,1.779498396E2
1.049470213E2,1.787899994E-2,6.837289548E-4,1.558267861E-3,9.998387098E-1,1.779511084E2,1.799368053E-1,-7.514439952E-2,1.779509874E2
1.049520213E2,1.788270566E-2,6.803999422E-4,1.555444440E-3,9.998386502E-1,1.779506836E2,1.796067717E-1,-7.476810340E-2,1.779505635E2
1.049570213E2,1.788598000E-2,6.799767725E-4,1.556294970E-3,9.998385906E-1,1.779503084E2,1.797035973E-1,-7.471728801E-2,1.779501882E2
1.049620213E2,1.788282582E-2,6.821562420E-4,1.553292153E-3,9.998386502E-1,1.779506699E2,1.793637855E-1,-7.497371733E-2,1.779505496E2
1.049670213E2,1.788271573E-2,6.804237491E-4,1.555318246E-3,9.998386502E-1,1.779506825E2,1.795923628E-1,-7.477108784E-2,1.779505624E2
1.049720213E2,1.788285751E-2,6.801869604E-4,1.553790877E-3,9.998386502E-1,1.779506662E2,1.794168921E-1,-7.474706286E-2,1.779505463E2
1.049770213E2,1.788283626E-2,6.816065870E-4,1.553413225E-3,9.998386502E-1,1.779506687E2,1.793765314E-1,-7.491049166E-2,1.779505485E2
1.049820213E2,1.787908066E-2,6.827194593E-4,1.557784271E-3,9.998387098E-1,1.779510991E2,1.798793363E-1,-7.502971478E-2,1.779509784E2
1.049870213E2,1.787874608E-2,6.846214528E-4,1.560786739E-3,9.998387098E-1,1.779511375E2,1.802272116E-1,-7.524154062E-2,1.779510161E2
1.049920213E2,1.787879398E-2,6.833822117E-4,1.560781035E-3,9.998387098E-1,1.779511320E2,1.802240223E-1,-7.509955995E-2,1.779510109E2
1.049970213E2,1.788207891E-2,6.804075674E-4,1.562629943E-3,9.998386502E-1,1.779507555E2,1.804300083E-1,-7.475436468E-2,1.779506348E2
1.050020213E2,1.788508898E-2,6.790463231E-4,1.566905063E-3,9.998385906E-1,1.779504105E2,1.809172582E-1,-7.458909719E-2,1.779502897E2
1.050070213E2,1.788168839E-2,6.806502352E-4,1.566987135E-3,9.998386502E-1,1.779508002E2,1.809296950E-1,-7.477330953E-2,1.779506792E2
1.050120213E2,1.788491996E-2,6.797946990E-4,1.568508917E-3,9.998385906E-1,1.779504299E2,1.811025387E-1,-7.467158429E-2,1.779503089E2
1.050170213E2,1.789152356E-2,6.758655072E-4,1.570883091E-3,9.998384714E-1,1.779496730E2,1.813669920E-1,-7.421534065E-2,1.779495526E2
1.050220213E2,1.788791325E-2,6.768878666E-4,1.573618618E-3,9.998385310E-1,1.779500868E2,1.816822388E-1,-7.432752279E-2,1.779499659E2
1.050270213E2,1.788141308E-2,6.825635210E-4,1.569294836E-3,9.998386502E-1,1.779508318E2,1.811979968E-1,-7.498784156E-2,1.779507102E2
1.050320213E2,1.788831692E-2,6.776350783E-4,1.568700653E-3,9.998385310E-1,1.779500405E2,1.811203326E-1,-7.442314151E-2,1.779499199E2
1.050370213E2,1.788123561E-2,6.821586867E-4,1.571491593E-3,9.998386502E-1,1.779508521E2,1.814488439E-1,-7.493698909E-2,1.779507305E2
1.050420213E2,1.787825074E-2,6.853103405E-4,1.566149178E-3,9.998387098E-1,1.779511942E2,1.808429791E-1,-7.530957124E-2,1.779510724E2
1.050470213E2,1.787536888E-2,6.858045235E-4,1.560766599E-3,9.998387694E-1,1.779515245E2,1.802270738E-1,-7.537773875E-2,1.779514030E2
1.050520213E2,1.787841447E-2,6.849595811E-4,1.564432634E-3,9.998387098E-1,1.779511755E2,1.806456023E-1,-7.527287095E-2,1.779510538E2
1.050570213E2,1.787475607E-2,6.855616812E-4,1.567875501E-3,9.998387694E-1,1.779515947E2,1.810410216E-1,-7.533546398E-2,1.779514727E2
1.050620213E2,1.788191802E-2,6.824276643E-4,1.563589904E-3,9.998386502E-1,1.779507739E2,1.805441224E-1,-7.498387531E-2,1.779506528E2
1.050670213E2,1.788235731E-2,6.815490196E-4,1.558942255E-3,9.998386502E-1,1.779507236E2,1.800098574E-1,-7.489265132E-2,1.779506030E2
1.050720213E2,1.788199705E-2,6.815494853E-4,1.563069061E-3,9.998386502E-1,1.779507649E2,1.804826539E-1,-7.488431268E-2,1.779506439E2
1.050770213E2,1.787577033E-2,6.852641236E-4,1.556400093E-3,9.998387694E-1,1.779514785E2,1.797257112E-1,-7.532469602E-2,1.779513574E2
1.050820213E2,1.788283711E-2,6.813805085E-4,1.553502632E-3,9.998386502E-1,1.779506686E2,1.793863117E-1,-7.488440575E-2,1.779505484E2
1.050870213E2,1.789280751E-2,6.732087932E-4,1.557341544E-3,9.998384714E-1,1.779495259E2,1.798101378E-1,-7.393848657E-2,1.779494069E2
1.050920213E2,1.789252326E-2,6.741899997E-4,1.560180215E-3,9.998384714E-1,1.779495584E2,1.801373652E-1,-7.404513699E-2,1.779494391E2
1.050970213E2,1.789216303E-2,6.742465193E-4,1.564281643E-3,9.998384714E-1,1.779495997E2,1.806073691E-1,-7.404326790E-2,1.779494801E2
1.051020213E2,1.789898554E-2,6.695833290E-4,1.564429025E-3,9.998383522E-1,1.779488178E2,1.806151942E-1,-7.350745713E-2,1.779486990E2
1.051070213E2,1.789838595E-2,6.709456211E-4,1.570692752E-3,9.998383522E-1,1.779488865E2,1.813356011E-1,-7.365079975E-2,1.779487670E2
1.051120213E2,1.789178405E-2,6.733803311E-4,1.568982378E-3,9.998384714E-1,1.779496432E2,1.811441440E-1,-7.393445625E-2,1.779495233E2
1.051170213E2,1.789162052E-2,6.751691690E-4,1.570077962E-3,9.998384714E-1,1.779496619E2,1.812733250E-1,-7.413719223E-2,1.779495416E2
1.051220213E2,1.789509242E-2,6.713182083E-4,1.570118591E-3,9.998384118E-1,1.779492640E2,1.812703392E-1,-7.369526300E-2,1.779491444E2
1.051270213E2,1.789476312E-2,6.734962808E-4,1.572936424E-3,9.998384118E-1,1.779493017E2,1.815976308E-1,-7.393909263E-2,1.779491816E2
1.051320213E2,1.788488569E-2,6.788964383E-4,1.569288550E-3,9.998385906E-1,1.779504338E2,1.811900202E-1,-7.456707606E-2,1.779503129E2
1.051370213E2,1.788499629E-2,6.792561617E-4,1.567871775E-3,9.998385906E-1,1.779504211E2,1.810284411E-1,-7.461117445E-2,1.779503003E2
1.051420213E2,1.788844257E-2,6.757404772E-4,1.568084932E-3,9.998385310E-1,1.779500261E2,1.810459123E-1,-7.420731064E-2,1.779499059E2
1.051470213E2,1.788844306E-2,6.778066163E-4,1.567187370E-3,9.998385310E-1,1.779500261E2,1.809473117E-1,-7.444587451E-2,1.779499055E2
1.051520213E2,1.788860804E-2,6.759540411E-4,1.566104009E-3,9.998385310E-1,1.779500072E2,1.808194013E-1,-7.423581026E-2,1.779498870E2
1.051570213E2,1.788526895E-2,6.796909729E-4,1.564569538E-3,9.998385906E-1,1.779503899E2,1.806510040E-1,-7.466771110E-2,1.779502692E2
1.051620213E2,1.789185307E-2,6.742876139E-4,1.567805186E-3,9.998384714E-1,1.779496353E2,1.810111347E-1,-7.404080763E-2,1.779495153E2
1.051670213E2,1.789169305E-2,6.757683004E-4,1.568993321E-3,9.998384714E-1,1.779496536E2,1.811502879E-1,-7.420804733E-2,1.779495333E2
1.051720213E2,1.788531182E-2,6.787510938E-4,1.564487466E-3,9.998385906E-1,1.779503850E2,1.806396773E-1,-7.456018671E-2,1.779502644E2
1.051770213E2,1.789180591E-2,6.755751674E-4,1.567789121E-3,9.998384714E-1,1.779496407E2,1.810119309E-1,-7.418836809E-2,1.779495205E2
1.051820213E2,1.789511889E-2,6.719501689E-4,1.569546410E-3,9.998384118E-1,1.779492610E2,1.812060805E-1,-7.376883728E-2,1.779491413E2
1.051870213E2,1.788145598E-2,6.826408789E-4,1.568772248E-3,9.998386502E-1,1.779508269E2,1.811382838E-1,-7.499776781E-2,1.779507053E2
1.051920213E2,1.788173368E-2,6.806947640E-4,1.566450810E-3,9.998386502E-1,1.779507950E2,1.808683410E-1,-7.477950219E-2,1.779506740E2
1.051970213E2,1.789816460E-2,6.710978923E-4,1.573148067E-3,9.998383522E-1,1.779489119E2,1.816172111E-1,-7.366324997E-2,1.779487921E2
1.052020213E2,1.790134700E-2,6.671133451E-4,1.576511539E-3,9.998382926E-1,1.779485472E2,1.819946348E-1,-7.319925004E-2,1.779484279E2
1.052070213E2,1.789114320E-2,6.739422097E-4,1.576033072E-3,9.998384714E-1,1.779497166E2,1.819530710E-1,-7.398449250E-2,1.779495961E2
1.052120213E2,1.790122629E-2,6.673827884E-4,1.577767660E-3,9.998382926E-1,1.779485610E2,1.821390969E-1,-7.322756608E-2,1.779484416E2
1.052170213E2,1.791156882E-2,6.600887864E-4,1.576771494E-3,9.998381138E-1,1.779473756E2,1.820107466E-1,-7.239203071E-2,1.779472577E2
1.052220213E2,1.790826395E-2,6.631730939E-4,1.575219678E-3,9.998381734E-1,1.779477544E2,1.818390410E-1,-7.274919560E-2,1.779476360E2
1.052270213E2,1.790842477E-2,6.631909637E-4,1.573382760E-3,9.998381734E-1,1.779477360E2,1.816286275E-1,-7.275498360E-2,1.779476177E2
1.052320213E2,1.791158984E-2,6.601525820E-4,1.576506067E-3,9.998381138E-1,1.779473732E2,1.819804683E-1,-7.239988097E-2,1.779472553E2
1.052370213E2,1.791834735E-2,6.559006870E-4,1.577094081E-3,9.998379946E-1,1.779465988E2,1.820395964E-1,-7.191029108E-2,1.779464815E2
1.052420213E2,1.791821224E-2,6.558832829E-4,1.578635653E-3,9.998379946E-1,1.779466142E2,1.822161740E-1,-7.190515618E-2,1.779464969E2
1.052470213E2,1.792177677E-2,6.533573032E-4,1.576970099E-3,9.998379350E-1,1.779462057E2,1.820204138E-1,-7.161851815E-2,1.779460890E2
1.052520213E2,1.792186801E-2,6.528147496E-4,1.576157752E-3,9.998379350E-1,1.779461952E2,1.819262327E-1,-7.155800794E-2,1.779460787E2
1.052570213E2,1.791791042E-2,6.559402100E-4,1.582034049E-3,9.998379946E-1,1.779466488E2,1.826056349E-1,-7.190475536E-2,1.779465312E2
1.052620213E2,1.791798362E-2,6.547656958E-4,1.581691555E-3,9.998379946E-1,1.779466404E2,1.825639875E-1,-7.177087761E-2,1.779465231E2
1.052670213E2,1.792530346E-2,6.516771973E-4,1.575371716E-3,9.998378754E-1,1.779458015E2,1.818340827E-1,-7.142866471E-2,1.779456852E2
1.052720213E2,1.792841460E-2,6.476139533E-4,1.579468022E-3,9.998378158E-1,1.779454449E2,1.822952833E-1,-7.095414468E-2,1.779453291E2
1.052770213E2,1.792857588E-2,6.484108744E-4,1.577308867E-3,9.998378158E-1,1.779454265E2,1.820495507E-1,-7.104985708E-2,1.779453106E2
1.052820213E2,1.793246902E-2,6.461826270E-4,1.571739791E-3,9.998377562E-1,1.779449803E2,1.814071801E-1,-7.080529582E-2,1.779448652E2
1.052870213E2,1.792257519E-2,6.533114356E-4,1.567889005E-3,9.998379350E-1,1.779461142E2,1.809799254E-1,-7.163176922E-2,1.779459981E2
1.052920213E2,1.792603889E-2,6.500668824E-4,1.567649771E-3,9.998378754E-1,1.779457172E2,1.809460977E-1,-7.125989544E-2,1.779456017E2
1.052970213E2,1.792941469E-2,6.488470826E-4,1.567564788E-3,9.998378158E-1,1.779453303E2,1.809340950E-1,-7.111970299E-2,1.779452151E2
1.053020213E2,1.792928761E-2,6.468762876E-4,1.569831162E-3,9.998378158E-1,1.779453449E2,1.811897021E-1,-7.088926943E-2,1.779452298E2
1.053070213E2,1.793592413E-2,6.421487196E-4,1.571885427E-3,9.998376966E-1,1.779445843E2,1.814158184E-1,-7.034219273E-2,1.779444700E2
1.053120213E2,1.794249878E-2,6.379014230E-4,1.574405353E-3,9.998375773E-1,1.779438308E2,1.816962631E-1,-6.984919293E-2,1.779437170E2
1.053170213E2,1.794266343E-2,6.393904332E-4,1.571922912E-3,9.998375773E-1,1.779438119E2,1.814149152E-1,-7.002486773E-2,1.779436981E2
1.053220213E2,1.793949198E-2,6.406305474E-4,1.569701592E-3,9.998376369E-1,1.779441754E2,1.811627387E-1,-7.017209343E-2,1.779440615E2
1.053270213E2,1.793974748E-2,6.394913653E-4,1.567244064E-3,9.998376369E-1,1.779441461E2,1.808788473E-1,-7.004657996E-2,1.779440326E2
1.053320213E2,1.794315040E-2,6.382092834E-4,1.566836145E-3,9.998375773E-1,1.779437561E2,1.808297125E-1,-6.989991117E-2,1.779436428E2
1.053370213E2,1.794646878E-2,6.362751010E-4,1.567652798E-3,9.998375177E-1,1.779433758E2,1.809195329E-1,-6.967602643E-2,1.779432628E2
1.053420213E2,1.795002388E-2,6.329534226E-4,1.566309482E-3,9.998374581E-1,1.779429683E2,1.807590389E-1,-6.929757183E-2,1.779428561E2
1.053470213E2,1.795681707E-2,6.286764401E-4,1.566262799E-3,9.998373389E-1,1.779421897E2,1.807453589E-1,-6.880641323E-2,1.779420783E2
1.053520213E2,1.796350045E-2,6.227047998E-4,1.568107982E-3,9.998372197E-1,1.779414238E2,1.809449331E-1,-6.811721818E-2,1.779413133E2
1.053570213E2,1.795728399E-2,6.278782384E-4,1.561221667E-3,9.998373389E-1,1.779421362E2,1.801661692E-1,-6.872525048E-2,1.779420253E2
1.053620213E2,1.795771796E-2,6.267529097E-4,1.556675648E-3,9.998373389E-1,1.779420865E2,1.796430307E-1,-6.860559537E-2,1.779419760E2
1.053670213E2,1.796430360E-2,6.228442653E-4,1.558824442E-3,9.998372197E-1,1.779413317E2,1.798816295E-1,-6.815216356E-2,1.779412218E2
1.053720213E2,1.796740661E-2,6.217203336E-4,1.561738085E-3,9.998371601E-1,1.779409761E2,1.802133521E-1,-6.801683387E-2,1.779408662E2
1.053770213E2,1.795387165E-2,6.314360653E-4,1.560859964E-3,9.998373985E-1,1.779425273E2,1.801318141E-1,-6.913424033E-2,1.779424157E2
1.053820213E2,1.794708505E-2,6.344976136E-4,1.561305136E-3,9.998375177E-1,1.779433051E2,1.801886471E-1,-6.948531813E-2,1.779431929E2
1.053870213E2,1.795018531E-2,6.341811968E-4,1.563961036E-3,9.998374581E-1,1.779429498E2,1.804925067E-1,-6.944304326E-2,1.779428375E2
1.053920213E2,1.795003518E-2,6.341013941E-4,1.565715531E-3,9.998374581E-1,1.779429670E2,1.806933504E-1,-6.943031807E-2,1.779428546E2
1.053970213E2,1.795036276E-2,6.328777527E-4,1.562451711E-3,9.998374581E-1,1.779429295E2,1.803169091E-1,-6.929677655E-2,1.779428175E2
1.054020213E2,1.795012506E-2,6.338040694E-4,1.564805279E-3,9.998374581E-1,1.779429567E2,1.805884545E-1,-6.939810888E-2,1.779428444E2
1.054070213E2,1.795623654E-2,6.275287597E-4,1.573362504E-3,9.998373389E-1,1.779422563E2,1.815563936E-1,-6.866041563E-2,1.779421445E2
1.054120213E2,1.795634490E-2,6.295880303E-4,1.571301837E-3,9.998373389E-1,1.779422439E2,1.813245415E-1,-6.890057304E-2,1.779421319E2
1.054170213E2,1.794962153E-2,6.337179220E-4,1.570605440E-3,9.998374581E-1,1.779430144E2,1.812527858E-1,-6.937639879E-2,1.779429017E2
1.054220213E2,1.794923845E-2,6.323474227E-4,1.575528062E-3,9.998374581E-1,1.779430583E2,1.818139409E-1,-6.920932048E-2,1.779429455E2
1.054270213E2,1.795580362E-2,6.283880793E-4,1.577953575E-3,9.998373389E-1,1.779423059E2,1.820841464E-1,-6.874950200E-2,1.779421937E2
1.054320213E2,1.794902679E-2,6.340997061E-4,1.577234128E-3,9.998374581E-1,1.779430826E2,1.820130007E-1,-6.940661404E-2,1.779429694E2
1.054370213E2,1.794644721E-2,6.360029220E-4,1.568010077E-3,9.998375177E-1,1.779433782E2,1.809599061E-1,-6.964411118E-2,1.779432653E2
1.054420213E2,1.794993016E-2,6.342304987E-4,1.566866878E-3,9.998374581E-1,1.779429790E2,1.808255224E-1,-6.944276059E-2,1.779428665E2
1.054470213E2,1.795013837E-2,6.329921889E-4,1.564981183E-3,9.998374581E-1,1.779429552E2,1.806069390E-1,-6.930472508E-2,1.779428430E2
1.054520213E2,1.794360872E-2,6.373154465E-4,1.561943674E-3,9.998375773E-1,1.779437035E2,1.802673598E-1,-6.980747912E-2,1.779435908E2
1.054570213E2,1.794071369E-2,6.392789655E-4,1.556231873E-3,9.998376369E-1,1.779440353E2,1.796167750E-1,-7.004471063E-2,1.779439226E2
1.054620213E2,1.795049641E-2,6.331052282E-4,1.560823177E-3,9.998374581E-1,1.779429141E2,1.801307999E-1,-6.932616504E-2,1.779428023E2
1.054670213E2,1.795061477E-2,6.328939344E-4,1.559547149E-3,9.998374581E-1,1.779429006E2,1.799841746E-1,-6.930456008E-2,1.779427888E2
1.054720213E2,1.794470759E-2,6.361480919E-4,1.549747773E-3,9.998375773E-1,1.779435776E2,1.788677109E-1,-6.969861368E-2,1.779434659E2
1.054770213E2,1.795141752E-2,6.312951446E-4,1.550931367E-3,9.998374581E-1,1.779428086E2,1.789938024E-1,-6.913896182E-2,1.779426977E2
1.054820213E2,1.795804514E-2,6.267291610E-4,1.552906237E-3,9.998373389E-1,1.779420490E2,1.792111304E-1,-6.861057290E-2,1.779419388E2
1.054870213E2,1.795447651E-2,6.300688838E-4,1.554441755E-3,9.998373985E-1,1.779424580E2,1.793936872E-1,-6.899069508E-2,1.779423471E2
1.054920213E2,1.795431195E-2,6.305658026E-4,1.556140021E-3,9.998373985E-1,1.779424768E2,1.795892744E-1,-6.904416383E-2,1.779423657E2
1.054970213E2,1.796072565E-2,6.255363114E-4,1.560743665E-3,9.998372793E-1,1.779417418E2,1.801068188E-1,-6.845729267E-2,1.779416313E2
1.055020213E2,1.795727484E-2,6.278541987E-4,1.561336569E-3,9.998373389E-1,1.779421373E2,1.801792838E-1,-6.872226137E-2,1.779420263E2
1.055070213E2,1.796092944E-2,6.262984825E-4,1.558090560E-3,9.998372793E-1,1.779417184E2,1.798044267E-1,-6.855004100E-2,1.779416080E2
1.055120213E2,1.796416762E-2,6.234564935E-4,1.560146222E-3,9.998372197E-1,1.779413473E2,1.800343213E-1,-6.821961172E-2,1.779412372E2
1.055170213E2,1.797405470E-2,6.154133589E-4,1.564054401E-3,9.998370409E-1,1.779402141E2,1.804661998E-1,-6.728825597E-2,1.779401053E2
1.055220213E2,1.797433789E-2,6.154374569E-4,1.560786972E-3,9.998370409E-1,1.779401817E2,1.800919085E-1,-6.729769614E-2,1.779400730E2
1.055270213E2,1.796748436E-2,6.201057113E-4,1.561485464E-3,9.998371601E-1,1.779409672E2,1.801810888E-1,-6.783234800E-2,1.779408576E2
1.055320213E2,1.797409053E-2,6.161485217E-4,1.563352998E-3,9.998370409E-1,1.779402100E2,1.803873547E-1,-6.737392399E-2,1.779401011E2
1.055370213E2,1.798065244E-2,6.119842292E-4,1.565769664E-3,9.998369217E-1,1.779394580E2,1.806561004E-1,-6.689064538E-2,1.779393496E2
1.055420213E2,1.798105972E-2,6.108625093E-4,1.561524929E-3,9.998369217E-1,1.779394113E2,1.801674830E-1,-6.677079974E-2,1.779393034E2
1.055470213E2,1.798445879E-2,6.084613851E-4,1.561482670E-3,9.998368621E-1,1.779390217E2,1.801579191E-1,-6.649517057E-2,1.779389143E2
1.055520213E2,1.799138996E-2,6.030619843E-4,1.560062403E-3,9.998367429E-1,1.779382273E2,1.799845221E-1,-6.587822499E-2,1.779381210E2
1.055570213E2,1.799818389E-2,5.992945516E-4,1.559549128E-3,9.998366237E-1,1.779374487E2,1.799183908E-1,-6.544641507E-2,1.779373430E2
1.055620213E2,1.798453509E-2,6.087061483E-4,1.560508274E-3,9.998368621E-1,1.779390130E2,1.800467890E-1,-6.652520827E-2,1.779389056E2
1.055670213E2,1.798142155E-2,6.101379986E-4,1.557636773E-3,9.998369217E-1,1.779393698E2,1.797205356E-1,-6.669573728E-2,1.779392623E2
1.055720213E2,1.798806170E-2,6.064866902E-4,1.558913616E-3,9.998368025E-1,1.779386088E2,1.798597430E-1,-6.627357069E-2,1.779385019E2
1.055770213E2,1.798801965E-2,6.051274249E-4,1.559926663E-3,9.998368025E-1,1.779386136E2,1.799730059E-1,-6.611575501E-2,1.779385069E2
1.055820213E2,1.798451551E-2,6.078104489E-4,1.561082900E-3,9.998368621E-1,1.779390152E2,1.801107782E-1,-6.642140461E-2,1.779389079E2
1.055870213E2,1.799123424E-2,6.029097713E-4,1.561915968E-3,9.998367429E-1,1.779382452E2,1.801965668E-1,-6.585699195E-2,1.779381387E2
1.055920213E2,1.799437606E-2,6.006347830E-4,1.564752078E-3,9.998366833E-1,1.779378851E2,1.805170242E-1,-6.558992538E-2,1.779377789E2
1.055970213E2,1.799076282E-2,6.038470892E-4,1.566975727E-3,9.998367429E-1,1.779382992E2,1.807781812E-1,-6.595403643E-2,1.779381923E2
1.056020213E2,1.798439833E-2,6.091931718E-4,1.561893732E-3,9.998368621E-1,1.779390286E2,1.802065202E-1,-6.657817720E-2,1.779389211E2
1.056070213E2,1.799431864E-2,6.024469621E-4,1.564715756E-3,9.998366833E-1,1.779378917E2,1.805165962E-1,-6.579763722E-2,1.779377851E2
1.056120213E2,1.799404900E-2,6.020060391E-4,1.567982836E-3,9.998366833E-1,1.779379226E2,1.808899889E-1,-6.574043112E-2,1.779378159E2
1.056170213E2,1.798727905E-2,6.068668445E-4,1.567771193E-3,9.998368025E-1,1.779386985E2,1.808753158E-1,-6.629900872E-2,1.779385909E2
1.056220213E2,1.798736600E-2,6.058590952E-4,1.567163155E-3,9.998368025E-1,1.779386885E2,1.808035793E-1,-6.618478560E-2,1.779385812E2
1.056270213E2,1.798762350E-2,6.053498364E-4,1.564402017E-3,9.998368025E-1,1.779386590E2,1.804861939E-1,-6.613208342E-2,1.779385519E2
1.056320213E2,1.799096781E-2,6.050798111E-4,1.564144157E-3,9.998367429E-1,1.779382757E2,1.804563145E-1,-6.610107378E-2,1.779381687E2
1.056370213E2,1.798760556E-2,6.073965342E-4,1.563814934E-3,9.998368025E-1,1.779386611E2,1.804231482E-1,-6.636779292E-2,1.779385537E2
1.056420213E2,1.798469800E-2,6.087475340E-4,1.558613381E-3,9.998368621E-1,1.779389943E2,1.798297812E-1,-6.653382599E-2,1.779388870E2
1.056470213E2,1.798807120E-2,6.070747040E-4,1.558575081E-3,9.998368025E-1,1.779386077E2,1.798221687E-1,-6.634163727E-2,1.779385007E2
1.056520213E2,1.798772549E-2,6.052053068E-4,1.563284895E-3,9.998368025E-1,1.779386473E2,1.803579105E-1,-6.611780862E-2,1.779385404E2
1.056570213E2,1.798730162E-2,6.057080464E-4,1.567960368E-3,9.998368025E-1,1.779386959E2,1.808946028E-1,-6.616584784E-2,1.779385885E2
1.056620213E2,1.799093599E-2,6.040328881E-4,1.564914593E-3,9.998367429E-1,1.779382794E2,1.805424251E-1,-6.597954211E-2,1.779381725E2
1.056670213E2,1.799109731E-2,6.031771190E-4,1.563389320E-3,9.998367429E-1,1.779382609E2,1.803659157E-1,-6.588460977E-2,1.779381543E2
1.056720213E2,1.799763801E-2,5.988102057E-4,1.566021470E-3,9.998366237E-1,1.779375112E2,1.806589130E-1,-6.537767128E-2,1.779374053E2
1.056770213E2,1.800141151E-2,5.976064713E-4,1.561156823E-3,9.998365641E-1,1.779370788E2,1.800993182E-1,-6.524910952E-2,1.779369733E2
1.056820213E2,1.800518119E-2,5.947340396E-4,1.556949690E-3,9.998365045E-1,1.779366467E2,1.796116121E-1,-6.492800858E-2,1.779365421E2
1.056870213E2,1.800810503E-2,5.919756950E-4,1.562452642E-3,9.998364449E-1,1.779363116E2,1.802365998E-1,-6.460009558E-2,1.779362071E2
1.056920213E2,1.801129905E-2,5.885344581E-4,1.565076294E-3,9.998363853E-1,1.779359456E2,1.805303027E-1,-6.419983216E-2,1.779358415E2
1.056970213E2,1.801179889E-2,5.880558747E-4,1.559493830E-3,9.998363853E-1,1.779358883E2,1.798897463E-1,-6.415643205E-2,1.779357847E2
1.057020213E2,1.801858378E-2,5.833778996E-4,1.559300581E-3,9.998362660E-1,1.779351106E2,1.798583800E-1,-6.361964152E-2,1.779350079E2
1.057070213E2,1.802166107E-2,5.815301556E-4,1.562643331E-3,9.998362064E-1,1.779347580E2,1.802377488E-1,-6.340048315E-2,1.779346554E2
1.057120213E2,1.801475768E-2,5.880422541E-4,1.563531812E-3,9.998363256E-1,1.779355492E2,1.803525523E-1,-6.414600297E-2,1.779354453E2
1.057170213E2,1.800151147E-2,5.958214751E-4,1.560686505E-3,9.998365641E-1,1.779370673E2,1.800417562E-1,-6.504554963E-2,1.779369622E2
1.057220213E2,1.801418049E-2,5.873924820E-4,1.570411143E-3,9.998363256E-1,1.779356153E2,1.811393604E-1,-6.405745929E-2,1.779355111E2
1.057270213E2,1.801390755E-2,5.870324094E-4,1.573673217E-3,9.998363256E-1,1.779356466E2,1.815123456E-1,-6.400952015E-2,1.779355423E2
1.057320213E2,1.800707883E-2,5.917812814E-4,1.574308495E-3,9.998364449E-1,1.779364292E2,1.815944949E-1,-6.455354070E-2,1.779363240E2
1.057370213E2,1.800428874E-2,5.942395655E-4,1.567423576E-3,9.998365045E-1,1.779367490E2,1.808105603E-1,-6.484990538E-2,1.779366438E2
1.057420213E2,1.801093342E-2,5.906105507E-4,1.568498206E-3,9.998363853E-1,1.779359875E2,1.809266240E-1,-6.443069916E-2,1.779358828E2
1.057470213E2,1.800351302E-2,5.951785133E-4,1.575954258E-3,9.998365045E-1,1.779368379E2,1.817898348E-1,-6.494002343E-2,1.779367320E2
1.057520213E2,1.800084691E-2,5.965334130E-4,1.568062231E-3,9.998365641E-1,1.779371435E2,1.808882421E-1,-6.511202302E-2,1.779370378E2
1.057570213E2,1.800449814E-2,5.943063297E-4,1.564991078E-3,9.998365045E-1,1.779367250E2,1.805320126E-1,-6.486253578E-2,1.779366199E2
1.057620213E2,1.801056057E-2,5.894559436E-4,1.573206857E-3,9.998363853E-1,1.779360302E2,1.814637016E-1,-6.428876151E-2,1.779359255E2
1.057670213E2,1.800374823E-2,5.939718685E-4,1.573720947E-3,9.998365045E-1,1.779368110E2,1.815314827E-1,-6.480633966E-2,1.779367054E2
1.057720213E2,1.799398650E-2,6.023111637E-4,1.568582840E-3,9.998366833E-1,1.779379297E2,1.809593585E-1,-6.577416418E-2,1.779378230E2
1.057770213E2,1.799373917E-2,6.021281588E-4,1.571487635E-3,9.998366833E-1,1.779379581E2,1.812917765E-1,-6.574725174E-2,1.779378512E2
1.057820213E2,1.799360433E-2,6.009893259E-4,1.573466230E-3,9.998366833E-1,1.779379735E2,1.815161131E-1,-6.561271691E-2,1.779378667E2
1.057870213E2,1.798404796E-2,6.077972939E-4,1.566465129E-3,9.998368621E-1,1.779390688E2,1.807273794E-1,-6.640888924E-2,1.779389612E2
1.057920213E2,1.798817755E-2,6.061551394E-4,1.557705225E-3,9.998368025E-1,1.779385955E2,1.797206179E-1,-6.623805409E-2,1.779384887E2
1.057970213E2,1.799480875E-2,6.003825692E-4,1.559865312E-3,9.998366833E-1,1.779378355E2,1.799566400E-1,-6.557102770E-2,1.779377297E2
1.058020213E2,1.799446443E-2,6.008286146E-4,1.563661033E-3,9.998366833E-1,1.779378750E2,1.803924253E-1,-6.561436713E-2,1.779377688E2
1.058070213E2,1.798786202E-2,6.073777331E-4,1.560869510E-3,9.998368025E-1,1.779386317E2,1.800856597E-1,-6.637166415E-2,1.779385245E2
1.058120213E2,1.798789688E-2,6.069617812E-4,1.560629578E-3,9.998368025E-1,1.779386277E2,1.800573148E-1,-6.632449564E-2,1.779385206E2
1.058170213E2,1.799456273E-2,6.010200013E-4,1.562455785E-3,9.998366833E-1,1.779378637E2,1.802547373E-1,-6.563876251E-2,1.779377576E2
1.058220213E2,1.798460898E-2,6.078102160E-4,1.560005825E-3,9.998368621E-1,1.779390045E2,1.799873800E-1,-6.642358094E-2,1.779388973E2
1.058270213E2,1.798137350E-2,6.114537828E-4,1.557675540E-3,9.998369217E-1,1.779393753E2,1.797276855E-1,-6.684641926E-2,1.779392676E2
1.058320213E2,1.798172815E-2,6.101978943E-4,1.554069808E-3,9.998369217E-1,1.779393347E2,1.793120007E-1,-6.670989491E-2,1.779392274E2
1.058370213E2,1.798138485E-2,6.107367808E-4,1.557825715E-3,9.998369217E-1,1.779393740E2,1.797434148E-1,-6.676395876E-2,1.779392664E2
1.058420213E2,1.797102941E-2,6.193477893E-4,1.559154363E-3,9.998371005E-1,1.779405609E2,1.799126865E-1,-6.774967257E-2,1.779404516E2
1.058470213E2,1.796834625E-2,6.205526297E-4,1.551357331E-3,9.998371601E-1,1.779408684E2,1.790216545E-1,-6.790425260E-2,1.779407594E2
1.058520213E2,1.797871880E-2,6.134215510E-4,1.549263136E-3,9.998369813E-1,1.779396796E2,1.787677264E-1,-6.708968163E-2,1.779395721E2
1.058570213E2,1.797530320E-2,6.146859378E-4,1.549928449E-3,9.998370409E-1,1.779400710E2,1.788463291E-1,-6.723378632E-2,1.779399632E2
1.058620213E2,1.796520693E-2,6.220601499E-4,1.548694097E-3,9.998372197E-1,1.779412282E2,1.787194099E-1,-6.808301872E-2,1.779411191E2
1.058670213E2,1.797520251E-2,6.150304107E-4,1.550959190E-3,9.998370409E-1,1.779400826E2,1.789651274E-1,-6.727114836E-2,1.779399747E2
1.058720213E2,1.797494202E-2,6.163695944E-4,1.553444541E-3,9.998370409E-1,1.779401124E2,1.792526234E-1,-6.741950963E-2,1.779400041E2
1.058770213E2,1.796812805E-2,6.212245789E-4,1.553614042E-3,9.998371601E-1,1.779408934E2,1.792815821E-1,-6.797663206E-2,1.779407842E2
1.058820213E2,1.796851663E-2,6.198434276E-4,1.549666515E-3,9.998371601E-1,1.779408488E2,1.788264832E-1,-6.782644837E-2,1.779407401E2
1.058870213E2,1.797599196E-2,6.147109671E-4,1.541909645E-3,9.998370409E-1,1.779399921E2,1.779276867E-1,-6.725304959E-2,1.779398848E2
1.058920213E2,1.797254092E-2,6.167087704E-4,1.542690909E-3,9.998371005E-1,1.779403876E2,1.780210816E-1,-6.748094880E-2,1.779402799E2
1.058970213E2,1.797259114E-2,6.165481173E-4,1.542169950E-3,9.998371005E-1,1.779403819E2,1.779610661E-1,-6.746360634E-2,1.779402743E2
1.059020213E2,1.797260474E-2,6.182240904E-4,1.541340258E-3,9.998371005E-1,1.779403803E2,1.778694588E-1,-6.765733392E-2,1.779402725E2
1.059070213E2,1.797631943E-2,6.151529378E-4,1.537910430E-3,9.998370409E-1,1.779399546E2,1.774704162E-1,-6.731186776E-2,1.779398475E2
1.059120213E2,1.797650898E-2,6.149868132E-4,1.535759773E-3,9.998370409E-1,1.779399328E2,1.772236791E-1,-6.729723122E-2,1.779398259E2
1.059170213E2,1.797296057E-2,6.182565703E-4,1.537172473E-3,9.998371005E-1,1.779403395E2,1.773920331E-1,-6.766957615E-2,1.779402319E2
1.059220213E2,1.797248226E-2,6.164907827E-4,1.543461229E-3,9.998371005E-1,1.779403943E2,1.781088867E-1,-6.745439721E-2,1.779402867E2
1.059270213E2,1.798299090E-2,6.100840401E-4,1.539434073E-3,9.998369217E-1,1.779391900E2,1.776349871E-1,-6.672678529E-2,1.779390837E2
1.059320213E2,1.798282993E-2,6.097381120E-4,1.541450270E-3,9.998369217E-1,1.779392084E2,1.778652655E-1,-6.668302494E-2,1.779391021E2
1.059370213E2,1.797259460E-2,6.168439286E-4,1.542011392E-3,9.998371005E-1,1.779403815E2,1.779435092E-1,-6.749782426E-2,1.779402738E2
1.059420213E2,1.796925239E-2,6.189732812E-4,1.541461213E-3,9.998371601E-1,1.779407645E2,1.778846331E-1,-6.774351821E-2,1.779406565E2
1.059470213E2,1.796915923E-2,6.190321292E-4,1.542523270E-3,9.998371601E-1,1.779407752E2,1.780064313E-1,-6.774809015E-2,1.779406671E2
1.059520213E2,1.796215992E-2,6.258475478E-4,1.544023398E-3,9.998372793E-1,1.779415774E2,1.781918620E-1,-6.852711099E-2,1.779414680E2
1.059570213E2,1.795213452E-2,6.318008527E-4,1.542402897E-3,9.998374581E-1,1.779427264E2,1.780177576E-1,-6.921431937E-2,1.779426160E2
1.059620213E2,1.795260855E-2,6.323273410E-4,1.536659081E-3,9.998374581E-1,1.779426721E2,1.773607859E-1,-6.928637322E-2,1.779425620E2
1.059670213E2,1.795583521E-2,6.299483939E-4,1.538716839E-3,9.998373985E-1,1.779423023E2,1.775918778E-1,-6.900900358E-2,1.779421925E2
1.059720213E2,1.795902161E-2,6.262139650E-4,1.541781938E-3,9.998373389E-1,1.779419371E2,1.779355897E-1,-6.857426488E-2,1.779418277E2
1.059770213E2,1.795293228E-2,6.322202971E-4,1.532916445E-3,9.998374581E-1,1.779426350E2,1.769317819E-1,-6.928175144E-2,1.779425252E2
1.059820213E2,1.795686173E-2,6.278069341E-4,1.527572516E-3,9.998373985E-1,1.779421846E2,1.763106999E-1,-6.878640082E-2,1.779420760E2
1.059870213E2,1.795734152E-2,6.287974538E-4,1.521513099E-3,9.998373985E-1,1.779421296E2,1.756185242E-1,-6.891227250E-2,1.779420212E2
1.059920213E2,1.795380632E-2,6.312892656E-4,1.523031620E-3,9.998374581E-1,1.779425348E2,1.757973899E-1,-6.919526342E-2,1.779424258E2
1.059970213E2,1.795698269E-2,6.299819797E-4,1.525253407E-3,9.998373985E-1,1.779421708E2,1.760494766E-1,-6.904035325E-2,1.779420619E2
1.060020213E2,1.795638419E-2,6.299533416E-4,1.532295137E-3,9.998373985E-1,1.779422394E2,1.768561704E-1,-6.902268727E-2,1.779421300E2
1.060070213E2,1.794938778E-2,6.332867779E-4,1.535105519E-3,9.998375177E-1,1.779430412E2,1.771845397E-1,-6.940006571E-2,1.779429311E2
1.060120213E2,1.795653327E-2,6.295517087E-4,1.530712354E-3,9.998373985E-1,1.779422223E2,1.766740096E-1,-6.897990165E-2,1.779421131E2
1.060170213E2,1.795274348E-2,6.313216290E-4,1.535495743E-3,9.998374581E-1,1.779426566E2,1.772254384E-1,-6.917351527E-2,1.779425468E2
1.060220213E2,1.795801966E-2,6.278542569E-4,1.552746398E-3,9.998373389E-1,1.779420519E2,1.791951311E-1,-6.873981196E-2,1.779419415E2
1.060270213E2,1.796559975E-2,6.232489250E-4,1.543651102E-3,9.998372197E-1,1.779411832E2,1.781440920E-1,-6.822953257E-2,1.779410742E2
1.060320213E2,1.796636450E-2,6.224878598E-4,1.535033458E-3,9.998372197E-1,1.779410955E2,1.771552255E-1,-6.815994175E-2,1.779409873E2
1.060370213E2,1.796191757E-2,6.253081374E-4,1.547058346E-3,9.998372793E-1,1.779416052E2,1.785384588E-1,-6.845910522E-2,1.779414956E2
1.060420213E2,1.797533540E-2,6.153777358E-4,1.549280249E-3,9.998370409E-1,1.779400673E2,1.787734901E-1,-6.731437713E-2,1.779399595E2
1.060470213E2,1.796993588E-2,6.190028507E-4,1.533460803E-3,9.998371601E-1,1.779406862E2,1.769681073E-1,-6.776325982E-2,1.779405787E2
1.060520213E2,1.796329896E-2,6.245097611E-4,1.531261019E-3,9.998372793E-1,1.779414468E2,1.767269585E-1,-6.839990587E-2,1.779413385E2
1.060570213E2,1.796884379E-2,6.202799268E-4,1.545693376E-3,9.998371601E-1,1.779408114E2,1.783721890E-1,-6.788458230E-2,1.779407028E2
1.060620213E2,1.797604534E-2,6.153866998E-4,1.541017555E-3,9.998370409E-1,1.779399860E2,1.778268728E-1,-6.733229848E-2,1.779398787E2
1.060670213E2,1.796999761E-2,6.200497155E-4,1.532314112E-3,9.998371601E-1,1.779406791E2,1.768388874E-1,-6.788555267E-2,1.779405715E2
1.060720213E2,1.796288315E-2,6.235491601E-4,1.536521362E-3,9.998372793E-1,1.779414945E2,1.773276471E-1,-6.827909203E-2,1.779413860E2
1.060770213E2,1.796875213E-2,6.192158326E-4,1.547184773E-3,9.998371601E-1,1.779408219E2,1.785408655E-1,-6.775961120E-2,1.779407134E2
1.060820213E2,1.796947889E-2,6.202353397E-4,1.538310316E-3,9.998371601E-1,1.779407386E2,1.775262391E-1,-6.789456418E-2,1.779406305E2
1.060870213E2,1.796280570E-2,6.239025970E-4,1.537283068E-3,9.998372793E-1,1.779415034E2,1.774156405E-1,-6.831803211E-2,1.779413948E2
1.060920213E2,1.796196625E-2,6.250534789E-4,1.546595944E-3,9.998372793E-1,1.779415996E2,1.784849591E-1,-6.843087135E-2,1.779414901E2
1.060970213E2,1.796821229E-2,6.207963452E-4,1.552810776E-3,9.998371601E-1,1.779408837E2,1.791886732E-1,-6.792920697E-2,1.779407746E2
1.061020213E2,1.796219124E-2,6.241607480E-4,1.544341794E-3,9.998372793E-1,1.779415738E2,1.782248713E-1,-6.833318838E-2,1.779414647E2
1.061070213E2,1.795883004E-2,6.276478525E-4,1.543429447E-3,9.998373389E-1,1.779419590E2,1.781272884E-1,-6.873519306E-2,1.779418493E2
1.061120213E2,1.795794361E-2,6.284978590E-4,1.553365495E-3,9.998373389E-1,1.779420606E2,1.792673825E-1,-6.881229093E-2,1.779419501E2
1.061170213E2,1.797107956E-2,6.193844019E-4,1.558561693E-3,9.998371005E-1,1.779405551E2,1.798448612E-1,-6.775507893E-2,1.779404459E2
1.061220213E2,1.796521804E-2,6.237103371E-4,1.547901309E-3,9.998372197E-1,1.779412269E2,1.786319760E-1,-6.827371571E-2,1.779411176E2
1.061270213E2,1.795799519E-2,6.283745752E-4,1.552818925E-3,9.998373389E-1,1.779420547E2,1.792045100E-1,-6.879928150E-2,1.779419442E2
1.061320213E2,1.795697625E-2,6.280903472E-4,1.564672217E-3,9.998373389E-1,1.779421715E2,1.805619254E-1,-6.874250721E-2,1.779420603E2
1.061370213E2,1.796084966E-2,6.262496463E-4,1.559029566E-3,9.998372793E-1,1.779417276E2,1.799119057E-1,-6.854252730E-2,1.779416170E2
1.061420213E2,1.794738280E-2,6.361184642E-4,1.557217678E-3,9.998375177E-1,1.779432710E2,1.797236882E-1,-6.967937696E-2,1.779431588E2
1.061470213E2,1.794347611E-2,6.371650961E-4,1.563527621E-3,9.998375773E-1,1.779437187E2,1.804485194E-1,-6.978701989E-2,1.779436059E2
1.061520213E2,1.794677836E-2,6.344559952E-4,1.564843464E-3,9.998375177E-1,1.779433403E2,1.805939380E-1,-6.947332790E-2,1.779432279E2
1.061570213E2,1.795323134E-2,6.305268034E-4,1.568573527E-3,9.998373985E-1,1.779426007E2,1.810136672E-1,-6.901430895E-2,1.779424887E2
1.061620213E2,1.794521780E-2,6.370819756E-4,1.581583871E-3,9.998375177E-1,1.779435191E2,1.825172343E-1,-6.974004975E-2,1.779434051E2
1.061670213E2,1.793430378E-2,6.450371002E-4,1.589096617E-3,9.998376966E-1,1.779447700E2,1.833935849E-1,-7.063804407E-2,1.779446539E2
1.061720213E2,1.794902579E-2,6.342249690E-4,1.577195129E-3,9.998374581E-1,1.779430827E2,1.820087900E-1,-6.942104618E-2,1.779429695E2
1.061770213E2,1.793030404E-2,6.466795458E-4,1.558260527E-3,9.998378158E-1,1.779452284E2,1.798636836E-1,-7.089031902E-2,1.779451142E2
1.061820213E2,1.793192521E-2,6.447017076E-4,1.578537631E-3,9.998377562E-1,1.779450426E2,1.821829492E-1,-7.062175178E-2,1.779449273E2
1.061870213E2,1.793155802E-2,6.465053884E-4,1.581967343E-3,9.998377562E-1,1.779450847E2,1.825795836E-1,-7.082142402E-2,1.779449688E2
1.061920213E2,1.795043683E-2,6.331822369E-4,1.561477082E-3,9.998374581E-1,1.779429210E2,1.802058742E-1,-6.933365376E-2,1.779428090E2
1.061970213E2,1.794907278E-2,6.330988253E-4,1.577112824E-3,9.998374581E-1,1.779430773E2,1.819970466E-1,-6.929218130E-2,1.779429643E2
1.062020213E2,1.793466079E-2,6.429860950E-4,1.585895428E-3,9.998376966E-1,1.779447291E2,1.830226234E-1,-7.040956812E-2,1.779446136E2
1.062070213E2,1.794559190E-2,6.358778919E-4,1.577819232E-3,9.998375177E-1,1.779434763E2,1.820834567E-1,-6.960976810E-2,1.779433627E2
1.062120213E2,1.793989000E-2,6.400515558E-4,1.565382932E-3,9.998376369E-1,1.779441297E2,1.806667731E-1,-7.011456314E-2,1.779440163E2
1.062170213E2,1.794353969E-2,6.365434965E-4,1.600724412E-3,9.998375177E-1,1.779437115E2,1.847090051E-1,-6.963930231E-2,1.779435962E2
1.062220213E2,1.794126787E-2,6.388808833E-4,1.587977167E-3,9.998375773E-1,1.779439718E2,1.832531590E-1,-6.993373219E-2,1.779438570E2
1.062270213E2,1.793214951E-2,6.445285981E-4,1.576058334E-3,9.998377562E-1,1.779450169E2,1.818985479E-1,-7.060697216E-2,1.779449018E2
1.062320213E2,1.794078939E-2,6.403590669E-4,1.592780347E-3,9.998375773E-1,1.779440267E2,1.838064812E-1,-7.009330454E-2,1.779439112E2
1.062370213E2,1.791941096E-2,6.531996187E-4,1.603693934E-3,9.998379350E-1,1.779464769E2,1.850817604E-1,-7.154600414E-2,1.779463582E2
1.062420213E2,1.792784008E-2,6.482889294E-4,1.585700084E-3,9.998378158E-1,1.779455108E2,1.830106576E-1,-7.101877971E-2,1.779453944E2
1.062470213E2,1.792504503E-2,6.503667682E-4,1.578849857E-3,9.998378754E-1,1.779458311E2,1.822298743E-1,-7.127142717E-2,1.779457148E2
1.062520213E2,1.793383467E-2,6.444618339E-4,1.594614703E-3,9.998376966E-1,1.779448238E2,1.840245949E-1,-7.056087944E-2,1.779447074E2
1.062570213E2,1.792717030E-2,6.499878364E-4,1.592562068E-3,9.998378158E-1,1.779455876E2,1.838003013E-1,-7.119945378E-2,1.779454703E2
1.062620213E2,1.792884263E-2,6.483975449E-4,1.574279391E-3,9.998378158E-1,1.779453959E2,1.817024451E-1,-7.105450571E-2,1.779452802E2
1.062670213E2,1.793808399E-2,6.407822948E-4,1.585649326E-3,9.998376369E-1,1.779443367E2,1.829901369E-1,-7.015695141E-2,1.779442217E2
1.062720213E2,1.792403514E-2,6.514317938E-4,1.589837717E-3,9.998378754E-1,1.779459469E2,1.834909063E-1,-7.137106468E-2,1.779458296E2
1.062770213E2,1.791442367E-2,6.584812072E-4,1.582795056E-3,9.998380542E-1,1.779470484E2,1.826977925E-1,-7.219495963E-2,1.779469303E2
1.062820213E2,1.792555307E-2,6.498716539E-4,1.573275891E-3,9.998378754E-1,1.779457729E2,1.815902654E-1,-7.122605807E-2,1.779456571E2
1.062870213E2,1.792462560E-2,6.519377348E-4,1.582958503E-3,9.998378754E-1,1.779458792E2,1.827038131E-1,-7.144305431E-2,1.779457623E2
1.062920213E2,1.792038851E-2,6.526419311E-4,1.592961838E-3,9.998379350E-1,1.779463648E2,1.838510726E-1,-7.150396716E-2,1.779462471E2
1.062970213E2,1.793155785E-2,6.456903648E-4,1.582302153E-3,9.998377562E-1,1.779450847E2,1.826162690E-1,-7.072735633E-2,1.779449690E2
1.063020213E2,1.794210922E-2,6.378235994E-4,1.578870113E-3,9.998375773E-1,1.779438754E2,1.822076183E-1,-6.983116711E-2,1.779437614E2
1.063070213E2,1.794126666E-2,6.389985792E-4,1.587943407E-3,9.998375773E-1,1.779439720E2,1.832495329E-1,-6.994728659E-2,1.779438571E2
1.063120213E2,1.793426745E-2,6.437021075E-4,1.590047730E-3,9.998376966E-1,1.779447741E2,1.834998105E-1,-7.048314186E-2,1.779446583E2
1.063170213E2,1.793856606E-2,6.416129181E-4,1.579849166E-3,9.998376369E-1,1.779442815E2,1.823273348E-1,-7.026395372E-2,1.779441667E2
1.063220213E2,1.793504746E-2,6.439444842E-4,1.581126591E-3,9.998376966E-1,1.779446848E2,1.824782390E-1,-7.052910436E-2,1.779445694E2
1.063270213E2,1.794764867E-2,6.354276557E-4,1.592310145E-3,9.998374581E-1,1.779432405E2,1.837429457E-1,-6.952800421E-2,1.779431260E2
1.063320213E2,1.794105374E-2,6.402418367E-4,1.589847147E-3,9.998375773E-1,1.779439964E2,1.834701922E-1,-7.008585522E-2,1.779438811E2
1.063370213E2,1.792802967E-2,6.475067930E-4,1.583875041E-3,9.998378158E-1,1.779454891E2,1.827999627E-1,-7.093288287E-2,1.779453729E2
1.063420213E2,1.793763139E-2,6.416572141E-4,1.590408501E-3,9.998376369E-1,1.779443886E2,1.835371784E-1,-7.024749332E-2,1.779442731E2
1.063470213E2,1.793827035E-2,6.399738486E-4,1.583866542E-3,9.998376369E-1,1.779443154E2,1.827842284E-1,-7.006795606E-2,1.779442006E2
1.063520213E2,1.793147796E-2,6.463672034E-4,1.582931029E-3,9.998377562E-1,1.779450939E2,1.826897067E-1,-7.080362608E-2,1.779449780E2
1.063570213E2,1.793911648E-2,6.413029041E-4,1.573713263E-3,9.998376369E-1,1.779442184E2,1.816237254E-1,-7.024094824E-2,1.779441041E2
1.063620213E2,1.794197351E-2,6.390745984E-4,1.579906093E-3,9.998375773E-1,1.779438910E2,1.823288769E-1,-6.997239244E-2,1.779437766E2
1.063670213E2,1.793496072E-2,6.425008760E-4,1.582696917E-3,9.998376966E-1,1.779446947E2,1.826551831E-1,-7.036049415E-2,1.779445795E2
1.063720213E2,1.791865447E-2,6.545399083E-4,1.574167283E-3,9.998379946E-1,1.779465636E2,1.817014908E-1,-7.176033664E-2,1.779464468E2
1.063770213E2,1.793502067E-2,6.437613047E-4,1.581504941E-3,9.998376966E-1,1.779446878E2,1.825212094E-1,-7.050734419E-2,1.779445725E2
1.063820213E2,1.793586900E-2,6.434034440E-4,1.572001376E-3,9.998376966E-1,1.779445906E2,1.814316785E-1,-7.048572194E-2,1.779444760E2
1.063870213E2,1.792216752E-2,6.526162033E-4,1.572830835E-3,9.998379350E-1,1.779461609E2,1.815446702E-1,-7.154203837E-2,1.779460446E2
1.063920213E2,1.792935166E-2,6.480664015E-4,1.568608335E-3,9.998378158E-1,1.779453375E2,1.810520489E-1,-7.102812526E-2,1.779452224E2
1.063970213E2,1.792952155E-2,6.470479420E-4,1.567086205E-3,9.998378158E-1,1.779453181E2,1.808755726E-1,-7.091453403E-2,1.779452032E2
1.064020213E2,1.792920953E-2,6.472026580E-4,1.570588211E-3,9.998378158E-1,1.779453538E2,1.812771049E-1,-7.092512134E-2,1.779452387E2
1.064070213E2,1.791922132E-2,6.541475886E-4,1.567865256E-3,9.998379946E-1,1.779464986E2,1.809786814E-1,-7.172822566E-2,1.779463823E2
1.064120213E2,1.791915061E-2,6.561527844E-4,1.567835454E-3,9.998379946E-1,1.779465067E2,1.809793799E-1,-7.195804101E-2,1.779463901E2
1.064170213E2,1.792309003E-2,6.527607911E-4,1.562222838E-3,9.998379350E-1,1.779460552E2,1.803296394E-1,-7.158022506E-2,1.779459396E2
1.064220213E2,1.792302192E-2,6.514577544E-4,1.563547645E-3,9.998379350E-1,1.779460630E2,1.804787454E-1,-7.142822341E-2,1.779459476E2
1.064270213E2,1.791957758E-2,6.537809968E-4,1.563941478E-3,9.998379946E-1,1.779464578E2,1.805283935E-1,-7.169421731E-2,1.779463419E2
1.064320213E2,1.791947003E-2,6.540741888E-4,1.565050799E-3,9.998379946E-1,1.779464701E2,1.806560867E-1,-7.172555059E-2,1.779463540E2
1.064370213E2,1.792992984E-2,6.483098841E-4,1.561884535E-3,9.998378158E-1,1.779452713E2,1.802822221E-1,-7.106973274E-2,1.779451565E2
1.064420213E2,1.792291865E-2,6.519650924E-4,1.564519713E-3,9.998379350E-1,1.779460748E2,1.805911532E-1,-7.148437273E-2,1.779459592E2
1.064470213E2,1.792567513E-2,6.511005922E-4,1.571375993E-3,9.998378754E-1,1.779457589E2,1.813751213E-1,-7.137074195E-2,1.779456430E2
1.064520213E2,1.792985177E-2,6.481644232E-4,1.562840887E-3,9.998378158E-1,1.779452802E2,1.803914901E-1,-7.105111587E-2,1.779451654E2
1.064570213E2,1.792669625E-2,6.495054695E-4,1.560348435E-3,9.998378754E-1,1.779456419E2,1.801084526E-1,-7.121045333E-2,1.779455270E2
1.064620213E2,1.791865776E-2,6.545686629E-4,1.574117923E-3,9.998379946E-1,1.779465632E2,1.816958948E-1,-7.176373190E-2,1.779464464E2
1.064670213E2,1.791486674E-2,6.576727610E-4,1.578109455E-3,9.998380542E-1,1.779469977E2,1.821593195E-1,-7.211187213E-2,1.779468800E2
1.064720213E2,1.792632683E-2,6.510103703E-4,1.563961385E-3,9.998378754E-1,1.779456842E2,1.805254659E-1,-7.137551874E-2,1.779455688E2
1.064770213E2,1.792265407E-2,6.521252217E-4,1.567481086E-3,9.998379350E-1,1.779461052E2,1.809307577E-1,-7.149668464E-2,1.779459893E2
1.064820213E2,1.791811372E-2,6.556410808E-4,1.579854055E-3,9.998379946E-1,1.779466255E2,1.823552661E-1,-7.187492246E-2,1.779465081E2
1.064870213E2,1.791892550E-2,6.545900833E-4,1.571058296E-3,9.998379946E-1,1.779465325E2,1.813454062E-1,-7.177242032E-2,1.779464159E2
1.064920213E2,1.792335719E-2,6.518483278E-4,1.559536438E-3,9.998379350E-1,1.779460246E2,1.800199943E-1,-7.148115102E-2,1.779459093E2
1.064970213E2,1.791556626E-2,6.587115349E-4,1.569712651E-3,9.998380542E-1,1.779469175E2,1.811994526E-1,-7.224799959E-2,1.779468003E2
1.065020213E2,1.790809524E-2,6.629281561E-4,1.577239484E-3,9.998381734E-1,1.779477737E2,1.820699420E-1,-7.271701788E-2,1.779476552E2
1.065070213E2,1.791927573E-2,6.546353688E-4,1.567039639E-3,9.998379946E-1,1.779464924E2,1.808850933E-1,-7.178579769E-2,1.779463761E2
1.065120213E2,1.792322123E-2,6.516918656E-4,1.561163575E-3,9.998379350E-1,1.779460402E2,1.802060897E-1,-7.145990706E-2,1.779459248E2
1.065170213E2,1.792895922E-2,6.485591875E-4,1.572884386E-3,9.998378158E-1,1.779453825E2,1.815429551E-1,-7.107587062E-2,1.779452669E2
1.065220213E2,1.792937917E-2,6.480190787E-4,1.568313455E-3,9.998378158E-1,1.779453344E2,1.810181682E-1,-7.102330424E-2,1.779452192E2
1.065270213E2,1.792750922E-2,6.483265315E-4,1.551473164E-3,9.998378754E-1,1.779455487E2,1.790892186E-1,-7.109346627E-2,1.779454347E2
1.065320213E2,1.793081659E-2,6.473201211E-4,1.552084461E-3,9.998378158E-1,1.779451697E2,1.791574239E-1,-7.097631027E-2,1.779450558E2
1.065370213E2,1.792330054E-2,6.527882069E-4,1.559794415E-3,9.998379350E-1,1.779460311E2,1.800514782E-1,-7.158831614E-2,1.779459156E2
1.065420213E2,1.792678035E-2,6.491444656E-4,1.559532247E-3,9.998378754E-1,1.779456322E2,1.800142035E-1,-7.117075362E-2,1.779455175E2
1.065470213E2,1.793759840E-2,6.431614747E-4,1.552243484E-3,9.998376966E-1,1.779443924E2,1.791675756E-1,-7.049829958E-2,1.779442793E2
1.065520213E2,1.793711611E-2,6.435945979E-4,1.557627926E-3,9.998376966E-1,1.779444477E2,1.797853454E-1,-7.053694220E-2,1.779443341E2
1.065570213E2,1.793302574E-2,6.453028764E-4,1.565737883E-3,9.998377562E-1,1.779449165E2,1.807177527E-1,-7.071673361E-2,1.779448020E2
1.065620213E2,1.793026167E-2,6.472287932E-4,1.558520016E-3,9.998378158E-1,1.779452333E2,1.798945399E-1,-7.095272239E-2,1.779451189E2
1.065670213E2,1.794100016E-2,6.402062718E-4,1.552543719E-3,9.998376369E-1,1.779440025E2,1.791961378E-1,-7.015848627E-2,1.779438899E2
1.065720213E2,1.794335796E-2,6.372304633E-4,1.564856386E-3,9.998375773E-1,1.779437323E2,1.806008865E-1,-6.979179823E-2,1.779436194E2
1.065770213E2,1.793242930E-2,6.446202169E-4,1.572834095E-3,9.998377562E-1,1.779449848E2,1.815293442E-1,-7.062404419E-2,1.779448700E2
1.065820213E2,1.792340007E-2,6.529898383E-4,1.558565767E-3,9.998379350E-1,1.779460197E2,1.799111292E-1,-7.161392335E-2,1.779459043E2
1.065870213E2,1.793031212E-2,6.474030670E-4,1.557867043E-3,9.998378158E-1,1.779452275E2,1.798200882E-1,-7.097402210E-2,1.779451132E2
1.065920213E2,1.793306247E-2,6.462690653E-4,1.564918435E-3,9.998377562E-1,1.779449123E2,1.806258543E-1,-7.082911019E-2,1.779447977E2
1.065970213E2,1.791570398E-2,6.576023297E-4,1.568605541E-3,9.998380542E-1,1.779469017E2,1.810703397E-1,-7.212316264E-2,1.779467848E2
1.066020213E2,1.791974933E-2,6.540844915E-4,1.561845304E-3,9.998379946E-1,1.779464381E2,1.802888634E-1,-7.173326326E-2,1.779463223E2
1.066070213E2,1.792264211E-2,6.520998431E-4,1.567628351E-3,9.998379350E-1,1.779461065E2,1.809475774E-1,-7.149347664E-2,1.779459907E2
1.066120213E2,1.791543798E-2,6.569874822E-4,1.571897767E-3,9.998380542E-1,1.779469322E2,1.814462594E-1,-7.204600666E-2,1.779468151E2
1.066170213E2,1.791559828E-2,6.575361476E-4,1.569840009E-3,9.998380542E-1,1.779469138E2,1.812116334E-1,-7.211306461E-2,1.779467968E2
1.066220213E2,1.792273009E-2,6.528471713E-4,1.566310879E-3,9.998379350E-1,1.779460964E2,1.807981716E-1,-7.158179034E-2,1.779459805E2
1.066270213E2,1.791257942E-2,6.605606177E-4,1.565049984E-3,9.998381138E-1,1.779472598E2,1.806688155E-1,-7.246996723E-2,1.779471426E2
1.066320213E2,1.789899067E-2,6.696308265E-4,1.564349979E-3,9.998383522E-1,1.779488172E2,1.806062354E-1,-7.351306027E-2,1.779486984E2
1.066370213E2,1.790280214E-2,6.662650267E-4,1.560262754E-3,9.998382926E-1,1.779483804E2,1.801313221E-1,-7.313512724E-2,1.779482625E2
1.066420213E2,1.790931863E-2,6.619316991E-4,1.563708996E-3,9.998381734E-1,1.779476335E2,1.805177519E-1,-7.263039766E-2,1.779475162E2
1.066470213E2,1.790564614E-2,6.636145408E-4,1.566938241E-3,9.998382330E-1,1.779480544E2,1.808909241E-1,-7.281724277E-2,1.779479365E2
1.066520213E2,1.790890700E-2,6.630340358E-4,1.567950589E-3,9.998381734E-1,1.779476807E2,1.810059582E-1,-7.274806491E-2,1.779475628E2
1.066570213E2,1.791269087E-2,6.602067733E-4,1.563923317E-3,9.998381138E-1,1.779472470E2,1.805390110E-1,-7.243171885E-2,1.779471300E2
1.066620213E2,1.791280734E-2,6.589968689E-4,1.563099329E-3,9.998381138E-1,1.779472337E2,1.804421285E-1,-7.229476684E-2,1.779471169E2
1.066670213E2,1.791258899E-2,6.588116521E-4,1.565677579E-3,9.998381138E-1,1.779472587E2,1.807371313E-1,-7.226829289E-2,1.779471418E2
1.066720213E2,1.791319700E-2,6.585559458E-4,1.558813849E-3,9.998381138E-1,1.779471890E2,1.799502494E-1,-7.225297594E-2,1.779470726E2
1.066770213E2,1.792000069E-2,6.556045264E-4,1.558320015E-3,9.998379946E-1,1.779464093E2,1.798880991E-1,-7.191461247E-2,1.779462934E2
1.066820213E2,1.793362852E-2,6.455060793E-4,1.558734453E-3,9.998377562E-1,1.779448474E2,1.799158067E-1,-7.075429940E-2,1.779447334E2
1.066870213E2,1.792349159E-2,6.514205597E-4,1.558169955E-3,9.998379350E-1,1.779460092E2,1.798625626E-1,-7.143492289E-2,1.779458941E2
1.066920213E2,1.792747624E-2,6.505644415E-4,1.550917397E-3,9.998378754E-1,1.779455525E2,1.790301384E-1,-7.135101808E-2,1.779454381E2
1.066970213E2,1.793813330E-2,6.417198456E-4,1.546648797E-3,9.998376966E-1,1.779443311E2,1.785236476E-1,-7.034453281E-2,1.779442186E2
1.067020213E2,1.794169046E-2,6.396279205E-4,1.544785569E-3,9.998376369E-1,1.779439234E2,1.783061201E-1,-7.010805050E-2,1.779438114E2
1.067070213E2,1.793139555E-2,6.470596418E-4,1.545490348E-3,9.998378158E-1,1.779451033E2,1.784014201E-1,-7.095991289E-2,1.779449899E2
1.067120213E2,1.793514911E-2,6.439700956E-4,1.541782054E-3,9.998377562E-1,1.779446731E2,1.779704642E-1,-7.061288632E-2,1.779445606E2
1.067170213E2,1.794220486E-2,6.395784440E-4,1.538820099E-3,9.998376369E-1,1.779438644E2,1.776225707E-1,-7.011455593E-2,1.779437529E2
1.067220213E2,1.793509012E-2,6.436951226E-4,1.542582875E-3,9.998377562E-1,1.779446799E2,1.780616476E-1,-7.057974639E-2,1.779445673E2
1.067270213E2,1.792502938E-2,6.517355214E-4,1.540245372E-3,9.998379350E-1,1.779458329E2,1.778096399E-1,-7.150755258E-2,1.779457191E2
1.067320213E2,1.793577252E-2,6.443170714E-4,1.534367213E-3,9.998377562E-1,1.779446017E2,1.771216785E-1,-7.066776991E-2,1.779444896E2
1.067370213E2,1.793575093E-2,6.445441395E-4,1.534524257E-3,9.998377562E-1,1.779446041E2,1.771401368E-1,-7.069346682E-2,1.779444920E2
1.067420213E2,1.792192316E-2,6.525471690E-4,1.537353499E-3,9.998379946E-1,1.779461889E2,1.774797534E-1,-7.160703730E-2,1.779460752E2
1.067470213E2,1.793232408E-2,6.462938036E-4,1.535001793E-3,9.998378158E-1,1.779449969E2,1.771982034E-1,-7.089355690E-2,1.779448844E2
1.067520213E2,1.792878707E-2,6.482869503E-4,1.536652679E-3,9.998378754E-1,1.779454023E2,1.773911956E-1,-7.111915268E-2,1.779452893E2
1.067570213E2,1.792543010E-2,6.517795846E-4,1.535556046E-3,9.998379350E-1,1.779457870E2,1.772724874E-1,-7.152216268E-2,1.779456735E2
1.067620213E2,1.791841581E-2,6.570419064E-4,1.537557808E-3,9.998380542E-1,1.779465909E2,1.775121411E-1,-7.212221609E-2,1.779464763E2
1.067670213E2,1.792521160E-2,6.519026356E-4,1.538052456E-3,9.998379350E-1,1.779458120E2,1.775587466E-1,-7.153117163E-2,1.779456983E2
1.067720213E2,1.792580227E-2,6.498307921E-4,1.532033319E-3,9.998379350E-1,1.779457443E2,1.768648996E-1,-7.130605424E-2,1.779456314E2
1.067770213E2,1.792921468E-2,6.481886376E-4,1.531696995E-3,9.998378754E-1,1.779453532E2,1.768232348E-1,-7.111799503E-2,1.779452407E2
1.067820213E2,1.792921104E-2,6.483540637E-4,1.531669521E-3,9.998378754E-1,1.779453537E2,1.768204266E-1,-7.113700550E-2,1.779452411E2
1.067870213E2,1.792571905E-2,6.515886635E-4,1.532260445E-3,9.998379350E-1,1.779457539E2,1.768945278E-1,-7.150700703E-2,1.779456406E2
1.067920213E2,1.792259485E-2,6.533186533E-4,1.529173576E-3,9.998379946E-1,1.779461119E2,1.765441850E-1,-7.171211007E-2,1.779459986E2
1.067970213E2,1.792268758E-2,6.535344291E-4,1.527994056E-3,9.998379946E-1,1.779461013E2,1.764094933E-1,-7.173923840E-2,1.779459880E2
1.068020213E2,1.792248752E-2,6.542946794E-4,1.530013978E-3,9.998379946E-1,1.779461242E2,1.766424699E-1,-7.182222920E-2,1.779460107E2
1.068070213E2,1.791608650E-2,6.568509270E-4,1.525979955E-3,9.998381138E-1,1.779468579E2,1.761850673E-1,-7.212451961E-2,1.779467441E2
1.068120213E2,1.792289361E-2,6.537024747E-4,1.525503467E-3,9.998379946E-1,1.779460777E2,1.761244981E-1,-7.176357103E-2,1.779459646E2
1.068170213E2,1.792550900E-2,6.513381959E-4,1.534822048E-3,9.998379350E-1,1.779457780E2,1.771874896E-1,-7.147308525E-2,1.779456646E2
1.068220213E2,1.791874115E-2,6.557652378E-4,1.534307958E-3,9.998380542E-1,1.779465536E2,1.771371964E-1,-7.198255993E-2,1.779464395E2
1.068270213E2,1.792917641E-2,6.493032561E-4,1.531672897E-3,9.998378754E-1,1.779453576E2,1.768227615E-1,-7.124575652E-2,1.779452449E2
1.068320213E2,1.792932257E-2,6.478426512E-4,1.530579990E-3,9.998378754E-1,1.779453409E2,1.766945525E-1,-7.108063032E-2,1.779452284E2
1.068370213E2,1.791861638E-2,6.554350257E-4,1.535905292E-3,9.998380542E-1,1.779465679E2,1.773195213E-1,-7.194146861E-2,1.779464537E2
1.068420213E2,1.790868915E-2,6.629611016E-4,1.532050548E-3,9.998382330E-1,1.779477057E2,1.768926034E-1,-7.281342585E-2,1.779475904E2
1.068470213E2,1.791243834E-2,6.598723121E-4,1.528448425E-3,9.998381734E-1,1.779472760E2,1.764738279E-1,-7.246626468E-2,1.779471615E2
1.068520213E2,1.791509964E-2,6.574580329E-4,1.537262811E-3,9.998381138E-1,1.779469710E2,1.774789576E-1,-7.217108737E-2,1.779468563E2
1.068570213E2,1.791511111E-2,6.578002358E-4,1.536982716E-3,9.998381138E-1,1.779469697E2,1.774475696E-1,-7.221086760E-2,1.779468550E2
1.068620213E2,1.791562294E-2,6.576862070E-4,1.531054149E-3,9.998381138E-1,1.779469110E2,1.767681165E-1,-7.220988406E-2,1.779467968E2
1.068670213E2,1.791900707E-2,6.562785129E-4,1.530979178E-3,9.998380542E-1,1.779465231E2,1.767568802E-1,-7.204815591E-2,1.779464092E2
1.068720213E2,1.790528488E-2,6.659359206E-4,1.531651360E-3,9.998382926E-1,1.779480958E2,1.768527239E-1,-7.315568138E-2,1.779479801E2
1.068770213E2,1.790228703E-2,6.675344193E-4,1.527082175E-3,9.998383522E-1,1.779484394E2,1.763322773E-1,-7.334873057E-2,1.779483237E2
1.068820213E2,1.790274542E-2,6.676470512E-4,1.521649421E-3,9.998383522E-1,1.779483869E2,1.757100930E-1,-7.337270026E-2,1.779482715E2
1.068870213E2,1.790615910E-2,6.644862588E-4,1.522030681E-3,9.998382926E-1,1.779479956E2,1.757475391E-1,-7.300917630E-2,1.779478808E2
1.068920213E2,1.790604618E-2,6.654792815E-4,1.522925100E-3,9.998382926E-1,1.779480086E2,1.758520453E-1,-7.312113446E-2,1.779478935E2
1.068970213E2,1.789931988E-2,6.699353107E-4,1.521777827E-3,9.998384118E-1,1.779487795E2,1.757292478E-1,-7.363521182E-2,1.779486637E2
1.069020213E2,1.790618059E-2,6.650456344E-4,1.521533472E-3,9.998382926E-1,1.779479932E2,1.756917216E-1,-7.307428219E-2,1.779478783E2
1.069070213E2,1.790918496E-2,6.626031245E-4,1.526399166E-3,9.998382330E-1,1.779476489E2,1.762444068E-1,-7.278392226E-2,1.779475341E2
1.069120213E2,1.790572764E-2,6.662672968E-4,1.526321983E-3,9.998382926E-1,1.779480451E2,1.762428316E-1,-7.320450554E-2,1.779479297E2
1.069170213E2,1.789932886E-2,6.695520715E-4,1.521840808E-3,9.998384118E-1,1.779487785E2,1.757356782E-1,-7.359117215E-2,1.779486628E2
1.069220213E2,1.790625689E-2,6.660866784E-4,1.520179561E-3,9.998382926E-1,1.779479844E2,1.755387416E-1,-7.319632264E-2,1.779478695E2
1.069270213E2,1.790648909E-2,6.641034852E-4,1.518310979E-3,9.998382926E-1,1.779479578E2,1.753205987E-1,-7.297289576E-2,1.779478434E2
1.069320213E2,1.790640278E-2,6.656961632E-4,1.518631354E-3,9.998382926E-1,1.779479677E2,1.753605675E-1,-7.315473149E-2,1.779478529E2
1.069370213E2,1.790312234E-2,6.676473422E-4,1.517208177E-3,9.998383522E-1,1.779483437E2,1.752012728E-1,-7.338177931E-2,1.779482287E2
1.069420213E2,1.791294075E-2,6.593976286E-4,1.522754668E-3,9.998381734E-1,1.779472184E2,1.758205369E-1,-7.242347815E-2,1.779471045E2
1.069470213E2,1.791285654E-2,6.608215044E-4,1.523128012E-3,9.998381734E-1,1.779472281E2,1.758662293E-1,-7.258586437E-2,1.779471138E2
1.069520213E2,1.790290874E-2,6.686380948E-4,1.519290963E-3,9.998383522E-1,1.779483682E2,1.754419219E-1,-7.349105718E-2,1.779482528E2
1.069570213E2,1.790595965E-2,6.653819000E-4,1.523984596E-3,9.998382926E-1,1.779480185E2,1.759732292E-1,-7.310781832E-2,1.779479034E2
1.069620213E2,1.790575957E-2,6.658836501E-4,1.526114880E-3,9.998382926E-1,1.779480414E2,1.762183181E-1,-7.316096930E-2,1.779479261E2
1.069670213E2,1.789898042E-2,6.690207520E-4,1.526166569E-3,9.998384118E-1,1.779488184E2,1.762301797E-1,-7.352148552E-2,1.779487025E2
1.069720213E2,1.789593922E-2,6.721729878E-4,1.521389582E-3,9.998384714E-1,1.779491669E2,1.756891059E-1,-7.389297982E-2,1.779490508E2
1.069770213E2,1.789922292E-2,6.694613257E-4,1.523126266E-3,9.998384118E-1,1.779487906E2,1.758827635E-1,-7.357815700E-2,1.779486748E2
1.069820213E2,1.789552360E-2,6.715489435E-4,1.526545268E-3,9.998384714E-1,1.779492146E2,1.762784997E-1,-7.381098090E-2,1.779490982E2
1.069870213E2,1.788833180E-2,6.765833241E-4,1.530530513E-3,9.998385906E-1,1.779500388E2,1.767448935E-1,-7.438088385E-2,1.779499212E2
1.069920213E2,1.789161781E-2,6.763908314E-4,1.531143556E-3,9.998385310E-1,1.779496622E2,1.768149817E-1,-7.435699153E-2,1.779495446E2
1.069970213E2,1.790153152E-2,6.679786602E-4,1.535720308E-3,9.998383522E-1,1.779485260E2,1.773228336E-1,-7.338204087E-2,1.779484096E2
1.070020213E2,1.789821647E-2,6.709868321E-4,1.534241484E-3,9.998384118E-1,1.779489060E2,1.771593272E-1,-7.373031755E-2,1.779487891E2
1.070070213E2,1.789103212E-2,6.756487419E-4,1.538298326E-3,9.998385310E-1,1.779497293E2,1.776331629E-1,-7.425740232E-2,1.779496113E2
1.070120213E2,1.790155876E-2,6.678937934E-4,1.535439747E-3,9.998383522E-1,1.779485229E2,1.772905167E-1,-7.337288816E-2,1.779484065E2
1.070170213E2,1.790816878E-2,6.634796155E-4,1.537897624E-3,9.998382330E-1,1.779477653E2,1.775635490E-1,-7.286092602E-2,1.779476495E2
1.070220213E2,1.791104894E-2,6.617881008E-4,1.543825027E-3,9.998381734E-1,1.779474352E2,1.782394091E-1,-7.265444609E-2,1.779473193E2
1.070270213E2,1.790449249E-2,6.661842344E-4,1.540779136E-3,9.998382926E-1,1.779481867E2,1.778989758E-1,-7.316554304E-2,1.779480702E2
1.070320213E2,1.791174552E-2,6.612713332E-4,1.535944641E-3,9.998381734E-1,1.779473554E2,1.773355164E-1,-7.261128997E-2,1.779472401E2
1.070370213E2,1.791455959E-2,6.580943009E-4,1.543272403E-3,9.998381138E-1,1.779470329E2,1.781687642E-1,-7.223174485E-2,1.779469177E2
1.070420213E2,1.791099486E-2,6.615979364E-4,1.544533763E-3,9.998381734E-1,1.779474414E2,1.783202172E-1,-7.263121328E-2,1.779473255E2
1.070470213E2,1.791442872E-2,6.581313210E-4,1.544775092E-3,9.998381138E-1,1.779470479E2,1.783409989E-1,-7.223292471E-2,1.779469326E2
1.070520213E2,1.792467341E-2,6.513363915E-4,1.544550876E-3,9.998379350E-1,1.779458737E2,1.783020906E-1,-7.145304228E-2,1.779457597E2
1.070570213E2,1.792461772E-2,6.519496674E-4,1.544938306E-3,9.998379350E-1,1.779458801E2,1.783477357E-1,-7.152252126E-2,1.779457659E2
1.070620213E2,1.791786145E-2,6.565370713E-4,1.544219325E-3,9.998380542E-1,1.779466544E2,1.782742969E-1,-7.205079557E-2,1.779465395E2
1.070670213E2,1.792124749E-2,6.550935213E-4,1.544132130E-3,9.998379946E-1,1.779462664E2,1.782615856E-1,-7.188497900E-2,1.779461517E2
1.070720213E2,1.792463297E-2,6.512873806E-4,1.545040752E-3,9.998379350E-1,1.779458784E2,1.783581137E-1,-7.144642791E-2,1.779457643E2
1.070770213E2,1.792805918E-2,6.496845745E-4,1.544534578E-3,9.998378754E-1,1.779454857E2,1.782970711E-1,-7.126321832E-2,1.779453719E2
1.070820213E2,1.792078729E-2,6.542899646E-4,1.549803419E-3,9.998379946E-1,1.779463191E2,1.789096807E-1,-7.178134805E-2,1.779462041E2
1.070870213E2,1.791711693E-2,6.563137867E-4,1.552928356E-3,9.998380542E-1,1.779467398E2,1.792716076E-1,-7.200746395E-2,1.779466242E2
1.070920213E2,1.791687195E-2,6.557144807E-4,1.556004863E-3,9.998380542E-1,1.779467678E2,1.796228452E-1,-7.193252674E-2,1.779466522E2
1.070970213E2,1.791029374E-2,6.606442621E-4,1.553048845E-3,9.998381734E-1,1.779475218E2,1.792938104E-1,-7.250459584E-2,1.779474054E2
1.071020213E2,1.790666626E-2,6.646832917E-4,1.554780640E-3,9.998382330E-1,1.779479375E2,1.795002542E-1,-7.296445656E-2,1.779478203E2
1.071070213E2,1.789981529E-2,6.691078306E-4,1.555111143E-3,9.998383522E-1,1.779487227E2,1.795466981E-1,-7.347194159E-2,1.779486047E2
1.071120213E2,1.789974429E-2,6.679446669E-4,1.556427800E-3,9.998383522E-1,1.779487308E2,1.796951606E-1,-7.333598626E-2,1.779486129E2
1.071170213E2,1.789269450E-2,6.734228809E-4,1.558546908E-3,9.998384714E-1,1.779495388E2,1.799486712E-1,-7.396056403E-2,1.779494197E2
1.071220213E2,1.789631086E-2,6.703390391E-4,1.556591247E-3,9.998384118E-1,1.779491244E2,1.797185466E-1,-7.361059872E-2,1.779490060E2
1.071270213E2,1.790375860E-2,6.666196277E-4,1.549096312E-3,9.998382926E-1,1.779482708E2,1.788527426E-1,-7.319849329E-2,1.779481536E2
1.071320213E2,1.790678359E-2,6.648881244E-4,1.553341048E-3,9.998382330E-1,1.779479241E2,1.793357442E-1,-7.299085798E-2,1.779478069E2
1.071370213E2,1.790636569E-2,6.653206074E-4,1.557966461E-3,9.998382330E-1,1.779479720E2,1.798665506E-1,-7.303099230E-2,1.779478544E2
1.071420213E2,1.790264702E-2,6.667280104E-4,1.561844023E-3,9.998382926E-1,1.779483982E2,1.803134322E-1,-7.318495651E-2,1.779482800E2
1.071470213E2,1.790655914E-2,6.642288645E-4,1.556207892E-3,9.998382330E-1,1.779479498E2,1.796628388E-1,-7.290948186E-2,1.779478325E2
1.071520213E2,1.790883051E-2,6.621307693E-4,1.569205546E-3,9.998381734E-1,1.779476895E2,1.811478833E-1,-7.264201318E-2,1.779475717E2
1.071570213E2,1.790856763E-2,6.625748938E-4,1.572015695E-3,9.998381734E-1,1.779477196E2,1.814707441E-1,-7.268717826E-2,1.779476015E2
1.071620213E2,1.790217213E-2,6.676180637E-4,1.566899009E-3,9.998382926E-1,1.779484526E2,1.808943906E-1,-7.327664769E-2,1.779483339E2
1.071670213E2,1.791223235E-2,6.593774888E-4,1.569514861E-3,9.998381138E-1,1.779472996E2,1.811779175E-1,-7.232531016E-2,1.779471823E2
1.071720213E2,1.791191399E-2,6.595810992E-4,1.573058544E-3,9.998381138E-1,1.779473361E2,1.815843241E-1,-7.234142208E-2,1.779472185E2
1.071770213E2,1.790551786E-2,6.644986570E-4,1.568029053E-3,9.998382330E-1,1.779480691E2,1.810177071E-1,-7.291632359E-2,1.779479510E2
1.071820213E2,1.790912778E-2,6.630292628E-4,1.565428916E-3,9.998381734E-1,1.779476554E2,1.807170479E-1,-7.275265345E-2,1.779475377E2
1.071870213E2,1.790227445E-2,6.679989165E-4,1.565567101E-3,9.998382926E-1,1.779484409E2,1.807425783E-1,-7.332299715E-2,1.779483222E2
1.071920213E2,1.789518781E-2,6.725921412E-4,1.568485401E-3,9.998384118E-1,1.779492531E2,1.810858388E-1,-7.384455341E-2,1.779491334E2
1.071970213E2,1.789932247E-2,6.694153417E-4,1.560641336E-3,9.998383522E-1,1.779487792E2,1.801809059E-1,-7.349591887E-2,1.779486607E2
1.072020213E2,1.790601689E-2,6.652740412E-4,1.561990008E-3,9.998382330E-1,1.779480119E2,1.803274209E-1,-7.301746351E-2,1.779478941E2
1.072070213E2,1.791251912E-2,6.588228862E-4,1.566471998E-3,9.998381138E-1,1.779472667E2,1.808281684E-1,-7.226796190E-2,1.779471497E2
1.072120213E2,1.790902333E-2,6.618440384E-4,1.567124506E-3,9.998381734E-1,1.779476674E2,1.809088770E-1,-7.261339762E-2,1.779475498E2
1.072170213E2,1.790600310E-2,6.648934796E-4,1.562310150E-3,9.998382330E-1,1.779480135E2,1.803633187E-1,-7.297320695E-2,1.779478957E2
1.072220213E2,1.791313380E-2,6.590409321E-4,1.559335040E-3,9.998381138E-1,1.779471963E2,1.800109552E-1,-7.230748376E-2,1.779470797E2
1.072270213E2,1.790931779E-2,6.628267001E-4,1.563339494E-3,9.998381734E-1,1.779476336E2,1.804772538E-1,-7.273369917E-2,1.779475161E2
1.072320213E2,1.790613370E-2,6.652642624E-4,1.560654608E-3,9.998382330E-1,1.779479986E2,1.801744081E-1,-7.301906231E-2,1.779478808E2
1.072370213E2,1.789974434E-2,6.699307705E-4,1.555573428E-3,9.998383522E-1,1.779487308E2,1.796013468E-1,-7.356529282E-2,1.779486126E2
1.072420213E2,1.790317428E-2,6.667606649E-4,1.555774477E-3,9.998382926E-1,1.779483377E2,1.796181293E-1,-7.320105547E-2,1.779482201E2
1.072470213E2,1.790285886E-2,6.663350505E-4,1.559581840E-3,9.998382926E-1,1.779483739E2,1.800534554E-1,-7.314453685E-2,1.779482560E2
1.072520213E2,1.790006020E-2,6.686589913E-4,1.552482951E-3,9.998383522E-1,1.779486946E2,1.792446744E-1,-7.342586397E-2,1.779485769E2
1.072570213E2,1.790718468E-2,6.647217670E-4,1.548781758E-3,9.998382330E-1,1.779478781E2,1.788130588E-1,-7.298108221E-2,1.779477613E2
1.072620213E2,1.791034471E-2,6.619627238E-4,1.551899128E-3,9.998381734E-1,1.779475159E2,1.791647935E-1,-7.265800668E-2,1.779473994E2
1.072670213E2,1.790696773E-2,6.645738031E-4,1.551351510E-3,9.998382330E-1,1.779479030E2,1.791071645E-1,-7.295889493E-2,1.779477860E2
1.072720213E2,1.790353239E-2,6.661090883E-4,1.551927766E-3,9.998382926E-1,1.779482967E2,1.791760877E-1,-7.313423036E-2,1.779481794E2
1.072770213E2,1.790410369E-2,6.659600185E-4,1.545387204E-3,9.998382926E-1,1.779482312E2,1.784264492E-1,-7.313046838E-2,1.779481144E2
1.072820213E2,1.790382953E-2,6.659012870E-4,1.548585482E-3,9.998382926E-1,1.779482626E2,1.787927462E-1,-7.311722620E-2,1.779481456E2
1.072870213E2,1.789653624E-2,6.722482503E-4,1.553172944E-3,9.998384118E-1,1.779490985E2,1.793308326E-1,-7.383631308E-2,1.779489800E2
1.072920213E2,1.789314780E-2,6.749472232E-4,1.552672242E-3,9.998384714E-1,1.779494869E2,1.792787501E-1,-7.414717720E-2,1.779493679E2
1.072970213E2,1.789990106E-2,6.683805259E-4,1.554436516E-3,9.998383522E-1,1.779487129E2,1.794679181E-1,-7.338998051E-2,1.779485950E2
1.073020213E2,1.790280129E-2,6.665274268E-4,1.560160425E-3,9.998382926E-1,1.779483805E2,1.801201363E-1,-7.316540133E-2,1.779482625E2
1.073070213E2,1.789584945E-2,6.719691446E-4,1.561186509E-3,9.998384118E-1,1.779491772E2,1.802483509E-1,-7.378802376E-2,1.779490582E2
1.073120213E2,1.790314113E-2,6.670746952E-4,1.556021278E-3,9.998382926E-1,1.779483415E2,1.796470480E-1,-7.323653449E-2,1.779482238E2
1.073170213E2,1.791335748E-2,6.583413342E-4,1.557059353E-3,9.998381138E-1,1.779471706E2,1.797488019E-1,-7.223196004E-2,1.779470544E2
1.073220213E2,1.790649473E-2,6.634269957E-4,1.557290670E-3,9.998382330E-1,1.779479572E2,1.797852461E-1,-7.281539896E-2,1.779478400E2
1.073270213E2,1.790642683E-2,6.649407442E-4,1.557425829E-3,9.998382330E-1,1.779479650E2,1.798038334E-1,-7.298856861E-2,1.779478475E2
1.073320213E2,1.791330180E-2,6.601056666E-4,1.556952950E-3,9.998381138E-1,1.779471770E2,1.797402292E-1,-7.243433343E-2,1.779470605E2
1.073370213E2,1.790623726E-2,6.637405022E-4,1.560115023E-3,9.998382330E-1,1.779479867E2,1.801094664E-1,-7.284556901E-2,1.779478692E2
1.073420213E2,1.789916608E-2,6.703675026E-4,1.562025747E-3,9.998383522E-1,1.779487971E2,1.803414644E-1,-7.360219934E-2,1.779486783E2
1.073470213E2,1.789955452E-2,6.683592219E-4,1.558430959E-3,9.998383522E-1,1.779487526E2,1.799255058E-1,-7.337940821E-2,1.779486344E2
1.073520213E2,1.791359685E-2,6.587197422E-4,1.554142684E-3,9.998381138E-1,1.779471432E2,1.794154234E-1,-7.228125990E-2,1.779470271E2
1.073570213E2,1.790985071E-2,6.607827381E-4,1.558090793E-3,9.998381734E-1,1.779475726E2,1.798717355E-1,-7.251019263E-2,1.779474558E2
1.073620213E2,1.790607395E-2,6.652452284E-4,1.561348094E-3,9.998382330E-1,1.779480054E2,1.802538197E-1,-7.301546926E-2,1.779478876E2
1.073670213E2,1.790254935E-2,6.658157799E-4,1.563351951E-3,9.998382926E-1,1.779484094E2,1.804843217E-1,-7.307736341E-2,1.779482913E2
1.073720213E2,1.790914246E-2,6.615555030E-4,1.565884450E-3,9.998381734E-1,1.779476537E2,1.807662159E-1,-7.258286272E-2,1.779475363E2
1.073770213E2,1.790189403E-2,6.672129384E-4,1.570245251E-3,9.998382926E-1,1.779484845E2,1.812769293E-1,-7.322341664E-2,1.779483656E2
1.073820213E2,1.790157660E-2,6.681387895E-4,1.573467162E-3,9.998382926E-1,1.779485208E2,1.816479509E-1,-7.332294207E-2,1.779484016E2
1.073870213E2,1.791163756E-2,6.593427970E-4,1.576302690E-3,9.998381138E-1,1.779473678E2,1.819555077E-1,-7.230751021E-2,1.779472499E2
1.073920213E2,1.792164399E-2,6.531880936E-4,1.578548457E-3,9.998379350E-1,1.779462209E2,1.822008946E-1,-7.159591384E-2,1.779461041E2
1.073970213E2,1.791112099E-2,6.603901857E-4,1.581724733E-3,9.998381138E-1,1.779474270E2,1.825788423E-1,-7.241647753E-2,1.779473086E2
1.074020213E2,1.791455392E-2,6.591394194E-4,1.581045915E-3,9.998380542E-1,1.779470335E2,1.824987484E-1,-7.227394015E-2,1.779469154E2
1.074070213E2,1.791818231E-2,6.563767674E-4,1.578770229E-3,9.998379946E-1,1.779466177E2,1.822326041E-1,-7.196142532E-2,1.779465002E2
1.074120213E2,1.792155523E-2,6.532468833E-4,1.579531585E-3,9.998379350E-1,1.779462311E2,1.823136492E-1,-7.160064661E-2,1.779461142E2
1.074170213E2,1.793157613E-2,6.455879775E-4,1.582136727E-3,9.998377562E-1,1.779450826E2,1.825971064E-1,-7.071596212E-2,1.779449669E2
1.074220213E2,1.792854230E-2,6.473003305E-4,1.578146475E-3,9.998378158E-1,1.779454303E2,1.821432339E-1,-7.092090390E-2,1.779453146E2
1.074270213E2,1.792877994E-2,6.469764630E-4,1.575577538E-3,9.998378158E-1,1.779454031E2,1.818482536E-1,-7.088903229E-2,1.779452876E2
1.074320213E2,1.792818502E-2,6.478466676E-4,1.581976539E-3,9.998378158E-1,1.779454713E2,1.825831545E-1,-7.097569546E-2,1.779453552E2
1.074370213E2,1.792775475E-2,6.493360270E-4,1.586236292E-3,9.998378158E-1,1.779455206E2,1.830742383E-1,-7.113766282E-2,1.779454039E2
1.074420213E2,1.792821234E-2,6.493215333E-4,1.581061981E-3,9.998378158E-1,1.779454681E2,1.824814028E-1,-7.114654928E-2,1.779453518E2
1.074470213E2,1.792873473E-2,6.475962582E-4,1.575837261E-3,9.998378158E-1,1.779454083E2,1.818792812E-1,-7.095951869E-2,1.779452926E2
1.074520213E2,1.792823399E-2,6.471948000E-4,1.581688295E-3,9.998378158E-1,1.779454656E2,1.825487934E-1,-7.090159229E-2,1.779453497E2
1.074570213E2,1.792432041E-2,6.498957518E-4,1.587248058E-3,9.998378754E-1,1.779459142E2,1.831910652E-1,-7.120034276E-2,1.779457973E2
1.074620213E2,1.793155401E-2,6.465011393E-4,1.582014607E-3,9.998377562E-1,1.779450851E2,1.825849899E-1,-7.082084079E-2,1.779449693E2
1.074670213E2,1.793179464E-2,6.455819239E-4,1.579660689E-3,9.998377562E-1,1.779450576E2,1.823134216E-1,-7.072031677E-2,1.779449421E2
1.074720213E2,1.792460766E-2,6.501507596E-4,1.583896228E-3,9.998378754E-1,1.779458813E2,1.828075791E-1,-7.123639223E-2,1.779457646E2
1.074770213E2,1.792490539E-2,6.499859155E-4,1.580591081E-3,9.998378754E-1,1.779458471E2,1.824285798E-1,-7.122424042E-2,1.779457307E2
1.074820213E2,1.793179783E-2,6.456226693E-4,1.579607837E-3,9.998377562E-1,1.779450572E2,1.823074500E-1,-7.072509311E-2,1.779449417E2
1.074870213E2,1.793832143E-2,6.418356206E-4,1.582534169E-3,9.998376369E-1,1.779443095E2,1.826354052E-1,-7.028399447E-2,1.779441945E2
1.074920213E2,1.793794625E-2,6.416524411E-4,1.586855156E-3,9.998376369E-1,1.779443525E2,1.831300721E-1,-7.025419311E-2,1.779442372E2
1.074970213E2,1.793447180E-2,6.441522273E-4,1.587558538E-3,9.998376966E-1,1.779447507E2,1.832155550E-1,-7.053979187E-2,1.779446349E2
1.075020213E2,1.793154960E-2,6.460737786E-4,1.582239172E-3,9.998377562E-1,1.779450856E2,1.826098405E-1,-7.077141614E-2,1.779449699E2
1.075070213E2,1.792772996E-2,6.481087185E-4,1.587018138E-3,9.998378158E-1,1.779455234E2,1.831612934E-1,-7.099544463E-2,1.779454069E2
1.075120213E2,1.792731764E-2,6.492062239E-4,1.591221779E-3,9.998378158E-1,1.779455707E2,1.836451444E-1,-7.111262855E-2,1.779454537E2
1.075170213E2,1.792053694E-2,6.531978725E-4,1.591062988E-3,9.998379350E-1,1.779463478E2,1.836346673E-1,-7.157153535E-2,1.779462301E2
1.075220213E2,1.793759021E-2,6.425843458E-4,1.590498607E-3,9.998376369E-1,1.779443933E2,1.835494052E-1,-7.035353990E-2,1.779442776E2
1.075270213E2,1.794412280E-2,6.376304082E-4,1.593739958E-3,9.998375177E-1,1.779436446E2,1.839110491E-1,-6.977808787E-2,1.779435296E2
1.075320213E2,1.793762320E-2,6.413848605E-4,1.590610715E-3,9.998376369E-1,1.779443895E2,1.835597861E-1,-7.021587478E-2,1.779442740E2
1.075370213E2,1.794119373E-2,6.397870020E-4,1.588449930E-3,9.998375773E-1,1.779439803E2,1.833091830E-1,-7.003659048E-2,1.779438653E2
1.075420213E2,1.794776397E-2,6.343856803E-4,1.591425738E-3,9.998374581E-1,1.779432273E2,1.836394809E-1,-6.941041984E-2,1.779431131E2
1.075470213E2,1.794047808E-2,6.403294392E-4,1.596294926E-3,9.998375773E-1,1.779440623E2,1.842090754E-1,-7.008274145E-2,1.779439466E2
1.075520213E2,1.793048572E-2,6.463424070E-4,1.594141242E-3,9.998377562E-1,1.779452076E2,1.839739771E-1,-7.077793161E-2,1.779450909E2
1.075570213E2,1.794115917E-2,6.400581333E-4,1.588730956E-3,9.998375773E-1,1.779439843E2,1.833419362E-1,-7.006708334E-2,1.779438692E2
1.075620213E2,1.794151390E-2,6.377034588E-4,1.585669001E-3,9.998375773E-1,1.779439436E2,1.829863008E-1,-6.980353178E-2,1.779438292E2
1.075670213E2,1.793839181E-2,6.404606975E-4,1.582293422E-3,9.998376369E-1,1.779443015E2,1.826050002E-1,-7.012694746E-2,1.779441867E2
1.075720213E2,1.793562101E-2,6.425273023E-4,1.575185917E-3,9.998376966E-1,1.779446190E2,1.817947235E-1,-7.037883929E-2,1.779445044E2
1.075770213E2,1.794533995E-2,6.367653841E-4,1.580324839E-3,9.998375177E-1,1.779435051E2,1.823723402E-1,-6.970634382E-2,1.779433912E2
1.075820213E2,1.794504614E-2,6.355550722E-4,1.584143844E-3,9.998375177E-1,1.779435388E2,1.828073865E-1,-6.955987472E-2,1.779434248E2
1.075870213E2,1.793483763E-2,6.433996023E-4,1.583726378E-3,9.998376966E-1,1.779447088E2,1.827749705E-1,-7.046137056E-2,1.779445934E2
1.075920213E2,1.793166764E-2,6.448730710E-4,1.581390970E-3,9.998377562E-1,1.779450721E2,1.825101998E-1,-7.063556890E-2,1.779449566E2
1.075970213E2,1.794497701E-2,6.354377838E-4,1.584973768E-3,9.998375177E-1,1.779435467E2,1.829022277E-1,-6.954474256E-2,1.779434327E2
1.076020213E2,1.794183670E-2,6.375602097E-4,1.582070021E-3,9.998375773E-1,1.779439066E2,1.825736817E-1,-6.979446010E-2,1.779437924E2
1.076070213E2,1.793827827E-2,6.421208382E-4,1.582907629E-3,9.998376369E-1,1.779443145E2,1.826787771E-1,-7.031591286E-2,1.779441994E2
1.076120213E2,1.794165913E-2,6.397753605E-4,1.583189238E-3,9.998375773E-1,1.779439270E2,1.827064567E-1,-7.004598776E-2,1.779438123E2
1.076170213E2,1.794169746E-2,6.381229614E-4,1.583421719E-3,9.998375773E-1,1.779439226E2,1.827296977E-1,-6.985618246E-2,1.779438082E2
1.076220213E2,1.793529185E-2,6.425614702E-4,1.578915515E-3,9.998376966E-1,1.779446567E2,1.822220830E-1,-7.037514823E-2,1.779445418E2
1.076270213E2,1.792877123E-2,6.473867688E-4,1.575508039E-3,9.998378158E-1,1.779454041E2,1.818411332E-1,-7.093618664E-2,1.779452885E2
1.076320213E2,1.794204235E-2,6.396708777E-4,1.578882686E-3,9.998375773E-1,1.779438831E2,1.822128528E-1,-7.004280163E-2,1.779437687E2
1.076370213E2,1.794186085E-2,6.391189527E-4,1.581166987E-3,9.998375773E-1,1.779439039E2,1.824734251E-1,-6.997490225E-2,1.779437895E2
1.076420213E2,1.792855725E-2,6.479218719E-4,1.577721559E-3,9.998378158E-1,1.779454286E2,1.820958281E-1,-7.099298607E-2,1.779453128E2
1.076470213E2,1.792503882E-2,6.497225841E-4,1.579185599E-3,9.998378754E-1,1.779458318E2,1.822670175E-1,-7.119693250E-2,1.779457156E2
1.076520213E2,1.794166713E-2,6.393212825E-4,1.583282021E-3,9.998375773E-1,1.779439261E2,1.827161540E-1,-6.999377046E-2,1.779438115E2
1.076570213E2,1.794523144E-2,6.366565940E-4,1.581600402E-3,9.998375177E-1,1.779435176E2,1.825182543E-1,-6.969127603E-2,1.779434036E2
1.076620213E2,1.793826149E-2,6.409736816E-4,1.583562582E-3,9.998376369E-1,1.779443164E2,1.827514576E-1,-7.018313638E-2,1.779442015E2
1.076670213E2,1.794174508E-2,6.380231353E-4,1.582922298E-3,9.998375773E-1,1.779439171E2,1.826722754E-1,-6.984576323E-2,1.779438028E2
1.076720213E2,1.795179478E-2,6.320326356E-4,1.584329992E-3,9.998373985E-1,1.779427653E2,1.828219363E-1,-6.915468186E-2,1.779426520E2
1.076770213E2,1.794833943E-2,6.332587800E-4,1.585373073E-3,9.998374581E-1,1.779431614E2,1.829437289E-1,-6.929365123E-2,1.779430477E2
1.076820213E2,1.794407569E-2,6.356554804E-4,1.595058828E-3,9.998375177E-1,1.779436500E2,1.840580914E-1,-6.954911112E-2,1.779435353E2
1.076870213E2,1.795392315E-2,6.288631703E-4,1.599020674E-3,9.998373389E-1,1.779425214E2,1.844987216E-1,-6.876093182E-2,1.779424077E2
1.076920213E2,1.795783653E-2,6.259067450E-4,1.593496301E-3,9.998372793E-1,1.779420729E2,1.838599604E-1,-6.843285211E-2,1.779419601E2
1.076970213E2,1.795478918E-2,6.292142207E-4,1.589127933E-3,9.998373389E-1,1.779424222E2,1.833660596E-1,-6.882134803E-2,1.779423090E2
1.077020213E2,1.795442293E-2,6.284831907E-4,1.593549037E-3,9.998373389E-1,1.779424641E2,1.838710706E-1,-6.872856232E-2,1.779423508E2
1.077070213E2,1.796440020E-2,6.231227890E-4,1.595401438E-3,9.998371601E-1,1.779413206E2,1.840729555E-1,-6.810875703E-2,1.779412082E2
1.077120213E2,1.796488163E-2,6.226526457E-4,1.590155298E-3,9.998371601E-1,1.779412655E2,1.834709528E-1,-6.806560313E-2,1.779411535E2
1.077170213E2,1.795449664E-2,6.299494999E-4,1.592139015E-3,9.998373389E-1,1.779424557E2,1.837125421E-1,-6.889944934E-2,1.779423422E2
1.077220213E2,1.796084553E-2,6.257423665E-4,1.597043127E-3,9.998372197E-1,1.779417280E2,1.842661994E-1,-6.840616511E-2,1.779416150E2
1.077270213E2,1.796375929E-2,6.227777340E-4,1.602735836E-3,9.998371601E-1,1.779413941E2,1.849125274E-1,-6.805424238E-2,1.779412812E2
1.077320213E2,1.796045775E-2,6.255767657E-4,1.601462951E-3,9.998372197E-1,1.779417725E2,1.847722257E-1,-6.837816618E-2,1.779416592E2
1.077370213E2,1.796093269E-2,6.242635427E-4,1.596641610E-3,9.998372197E-1,1.779417180E2,1.842171581E-1,-6.823754229E-2,1.779416053E2
1.077420213E2,1.796406805E-2,6.227323902E-4,1.599289128E-3,9.998371601E-1,1.779413587E2,1.845175544E-1,-6.805608567E-2,1.779412461E2
1.077470213E2,1.796416070E-2,6.235003821E-4,1.597948605E-3,9.998371601E-1,1.779413481E2,1.843655538E-1,-6.814681933E-2,1.779412354E2
1.077520213E2,1.796689485E-2,6.207632250E-4,1.605551224E-3,9.998371005E-1,1.779410347E2,1.852311608E-1,-6.781705750E-2,1.779409220E2
1.077570213E2,1.796686132E-2,6.204670644E-4,1.606040751E-3,9.998371005E-1,1.779410386E2,1.852866353E-1,-6.778212380E-2,1.779409259E2
1.077620213E2,1.796713235E-2,6.204108358E-4,1.603027689E-3,9.998371005E-1,1.779410075E2,1.849413216E-1,-6.778183519E-2,1.779408951E2
1.077670213E2,1.797417803E-2,6.157935713E-4,1.600173186E-3,9.998369813E-1,1.779402000E2,1.846052378E-1,-6.725739821E-2,1.779400886E2
1.077720213E2,1.797443840E-2,6.146837841E-4,1.597673283E-3,9.998369813E-1,1.779401702E2,1.843165471E-1,-6.713534796E-2,1.779400592E2
1.077770213E2,1.796830049E-2,6.207144470E-4,1.589761931E-3,9.998371005E-1,1.779408736E2,1.834221248E-1,-6.784372066E-2,1.779407620E2
1.077820213E2,1.796870336E-2,6.198714837E-4,1.585531747E-3,9.998371005E-1,1.779408274E2,1.829357502E-1,-6.775577667E-2,1.779407163E2
1.077870213E2,1.797211188E-2,6.177861360E-4,1.585300197E-3,9.998370409E-1,1.779404368E2,1.829051563E-1,-6.751670555E-2,1.779403260E2
1.077920213E2,1.796187949E-2,6.244790275E-4,1.585869933E-3,9.998372197E-1,1.779416095E2,1.829835200E-1,-6.828422893E-2,1.779414975E2
1.077970213E2,1.795512212E-2,6.291525206E-4,1.585386228E-3,9.998373389E-1,1.779423840E2,1.829372561E-1,-6.882191682E-2,1.779422711E2
1.078020213E2,1.795125066E-2,6.327379378E-4,1.590202795E-3,9.998373985E-1,1.779428277E2,1.834962163E-1,-6.922350852E-2,1.779427138E2
1.078070213E2,1.795115990E-2,6.321903784E-4,1.591444714E-3,9.998373985E-1,1.779428381E2,1.836373742E-1,-6.915823483E-2,1.779427243E2
1.078120213E2,1.794391754E-2,6.365254521E-4,1.596490387E-3,9.998375177E-1,1.779436682E2,1.842238880E-1,-6.964587171E-2,1.779435531E2
1.078170213E2,1.794723152E-2,6.356021622E-4,1.596935675E-3,9.998374581E-1,1.779432883E2,1.842732379E-1,-6.953856119E-2,1.779431735E2
1.078220213E2,1.794017721E-2,6.396699464E-4,1.599936513E-3,9.998375773E-1,1.779440968E2,1.846249272E-1,-6.999975004E-2,1.779439810E2
1.078270213E2,1.793656318E-2,6.416738033E-4,1.602404169E-3,9.998376369E-1,1.779445110E2,1.849115210E-1,-7.022493301E-2,1.779443947E2
1.078320213E2,1.793333296E-2,6.452678354E-4,1.599922311E-3,9.998376966E-1,1.779448813E2,1.846343264E-1,-7.064240998E-2,1.779447644E2
1.078370213E2,1.793012730E-2,6.465831539E-4,1.598070143E-3,9.998377562E-1,1.779452487E2,1.844245938E-1,-7.079750771E-2,1.779451317E2
1.078420213E2,1.793373584E-2,6.441990263E-4,1.595831942E-3,9.998376966E-1,1.779448351E2,1.841635108E-1,-7.052828534E-2,1.779447187E2
1.078470213E2,1.793359129E-2,6.441318546E-4,1.597482595E-3,9.998376966E-1,1.779448516E2,1.843524834E-1,-7.051722356E-2,1.779447351E2
1.078520213E2,1.793009243E-2,6.477756542E-4,1.597978524E-3,9.998377562E-1,1.779452526E2,1.844165448E-1,-7.093433075E-2,1.779451354E2
1.078570213E2,1.793375006E-2,6.452858797E-4,1.595232869E-3,9.998376966E-1,1.779448334E2,1.840971079E-1,-7.065403798E-2,1.779447169E2
1.078620213E2,1.793350901E-2,6.445780746E-4,1.598226139E-3,9.998376966E-1,1.779448611E2,1.844385851E-1,-7.056683539E-2,1.779447444E2
1.078670213E2,1.793040014E-2,6.469722721E-4,1.594848232E-3,9.998377562E-1,1.779452174E2,1.840562677E-1,-7.084866018E-2,1.779451005E2
1.078720213E2,1.792734750E-2,6.489471416E-4,1.590991043E-3,9.998378158E-1,1.779455672E2,1.836181780E-1,-7.108341326E-2,1.779454503E2
1.078770213E2,1.793718561E-2,6.407003384E-4,1.595812733E-3,9.998376369E-1,1.779444397E2,1.841543608E-1,-7.012683426E-2,1.779443240E2
1.078820213E2,1.794345581E-2,6.374429795E-4,1.601306605E-3,9.998375177E-1,1.779437211E2,1.847775529E-1,-6.974117710E-2,1.779436056E2
1.078870213E2,1.794060346E-2,6.399333943E-4,1.595044043E-3,9.998375773E-1,1.779440480E2,1.840649521E-1,-7.003991407E-2,1.779439324E2
1.078920213E2,1.794398966E-2,6.359091494E-4,1.595925307E-3,9.998375177E-1,1.779436599E2,1.841578825E-1,-6.957640878E-2,1.779435450E2
1.078970213E2,1.794694989E-2,6.353681092E-4,1.600190531E-3,9.998374581E-1,1.779433206E2,1.846456565E-1,-6.950510273E-2,1.779432056E2
1.079020213E2,1.794378519E-2,6.359041436E-4,1.598224626E-3,9.998375177E-1,1.779436833E2,1.844212986E-1,-6.957114476E-2,1.779435683E2
1.079070213E2,1.794052241E-2,6.400949787E-4,1.595890615E-3,9.998375773E-1,1.779440573E2,1.841622733E-1,-7.005670169E-2,1.779439416E2
1.079120213E2,1.794388104E-2,6.373602664E-4,1.596567570E-3,9.998375177E-1,1.779436723E2,1.842344455E-1,-6.974136688E-2,1.779435572E2
1.079170213E2,1.795069602E-2,6.312331534E-4,1.597047201E-3,9.998373985E-1,1.779428913E2,1.842772682E-1,-6.903712296E-2,1.779427772E2
1.079220213E2,1.795072834E-2,6.313948543E-4,1.596619957E-3,9.998373985E-1,1.779428876E2,1.842286523E-1,-6.905652245E-2,1.779427735E2
1.079270213E2,1.795091012E-2,6.328069721E-4,1.594015048E-3,9.998373985E-1,1.779428667E2,1.839331171E-1,-6.922363814E-2,1.779427526E2
1.079320213E2,1.795472010E-2,6.289370358E-4,1.590017928E-3,9.998373389E-1,1.779424301E2,1.834674541E-1,-6.878777158E-2,1.779423169E2
1.079370213E2,1.795468758E-2,6.284143892E-4,1.590591623E-3,9.998373389E-1,1.779424338E2,1.835321065E-1,-6.872671596E-2,1.779423207E2
1.079420213E2,1.795473967E-2,6.293929764E-4,1.589616411E-3,9.998373389E-1,1.779424278E2,1.834223906E-1,-6.884083260E-2,1.779423146E2
1.079470213E2,1.795820128E-2,6.257306086E-4,1.589449705E-3,9.998372793E-1,1.779420311E2,1.833959910E-1,-6.842093236E-2,1.779419186E2
1.079520213E2,1.796154729E-2,6.256361376E-4,1.589172985E-3,9.998372197E-1,1.779416476E2,1.833643208E-1,-6.841006438E-2,1.779415351E2
1.079570213E2,1.796165019E-2,6.252491148E-4,1.588161918E-3,9.998372197E-1,1.779416358E2,1.832476899E-1,-6.836778432E-2,1.779415235E2
1.079620213E2,1.795482443E-2,6.290540332E-4,1.588793006E-3,9.998373389E-1,1.779424181E2,1.833273587E-1,-6.880367756E-2,1.779423050E2
1.079670213E2,1.796159315E-2,6.242599920E-4,1.589195803E-3,9.998372197E-1,1.779416424E2,1.833641053E-1,-6.825233996E-2,1.779415301E2
1.079720213E2,1.796136155E-2,6.238188944E-4,1.591984183E-3,9.998372197E-1,1.779416689E2,1.836826553E-1,-6.819610516E-2,1.779415566E2
1.079770213E2,1.795454002E-2,6.288507138E-4,1.592084183E-3,9.998373389E-1,1.779424507E2,1.837040018E-1,-6.877366303E-2,1.779423374E2
1.079820213E2,1.795090346E-2,6.314150523E-4,1.594641828E-3,9.998373985E-1,1.779428675E2,1.840020652E-1,-6.906287362E-2,1.779427536E2
1.079870213E2,1.795794246E-2,6.279787631E-4,1.591486041E-3,9.998372793E-1,1.779420608E2,1.836339101E-1,-6.867436686E-2,1.779419477E2
1.079920213E2,1.795785400E-2,6.274176994E-4,1.592705026E-3,9.998372793E-1,1.779420709E2,1.837724124E-1,-6.860759180E-2,1.779419579E2
1.079970213E2,1.794825386E-2,6.346157170E-4,1.585799153E-3,9.998374581E-1,1.779431712E2,1.829953316E-1,-6.944825881E-2,1.779430573E2
1.080020213E2,1.795186633E-2,6.313511985E-4,1.583790872E-3,9.998373985E-1,1.779427571E2,1.827587705E-1,-6.907770362E-2,1.779426440E2
1.080070213E2,1.795813059E-2,6.280873786E-4,1.589318854E-3,9.998372793E-1,1.779420392E2,1.833858448E-1,-6.869123670E-2,1.779419263E2
1.080120213E2,1.795820880E-2,6.278719520E-4,1.588520012E-3,9.998372793E-1,1.779420302E2,1.832938808E-1,-6.866818430E-2,1.779419174E2
1.080170213E2,1.795094335E-2,6.312899059E-4,1.594242291E-3,9.998373985E-1,1.779428629E2,1.839560342E-1,-6.904934978E-2,1.779427491E2
1.080220213E2,1.794780329E-2,6.339126267E-4,1.591170789E-3,9.998374581E-1,1.779432228E2,1.836093001E-1,-6.935673783E-2,1.779431087E2
1.080270213E2,1.795150382E-2,6.328450399E-4,1.587299746E-3,9.998373985E-1,1.779427987E2,1.831638423E-1,-6.924170524E-2,1.779426850E2
1.080320213E2,1.794780747E-2,6.344940048E-4,1.590891974E-3,9.998374581E-1,1.779432223E2,1.835785516E-1,-6.942392075E-2,1.779431081E2
1.080370213E2,1.794428568E-2,6.364546716E-4,1.592375454E-3,9.998375177E-1,1.779436260E2,1.837523067E-1,-6.964615621E-2,1.779435113E2
1.080420213E2,1.793803904E-2,6.417907425E-4,1.585750026E-3,9.998376369E-1,1.779443419E2,1.830037445E-1,-7.027229351E-2,1.779442267E2
1.080470213E2,1.793767363E-2,6.413308438E-4,1.590063679E-3,9.998376369E-1,1.779443838E2,1.834970029E-1,-7.021080116E-2,1.779442683E2
1.080520213E2,1.794025238E-2,6.390049239E-4,1.599359326E-3,9.998375773E-1,1.779440882E2,1.845574348E-1,-6.992472920E-2,1.779439725E2
1.080570213E2,1.793673884E-2,6.420747377E-4,1.600275864E-3,9.998376369E-1,1.779444909E2,1.846685106E-1,-7.027521155E-2,1.779443746E2
1.080620213E2,1.794054228E-2,6.395921228E-4,1.595868845E-3,9.998375773E-1,1.779440550E2,1.841587465E-1,-6.999912908E-2,1.779439395E2
1.080670213E2,1.795062628E-2,6.331546465E-4,1.597070484E-3,9.998373985E-1,1.779428993E2,1.842838842E-1,-6.925723908E-2,1.779427848E2
1.080720213E2,1.795021157E-2,6.319259410E-4,1.602209988E-3,9.998373985E-1,1.779429468E2,1.848701775E-1,-6.910596681E-2,1.779428323E2
1.080770213E2,1.794683071E-2,6.357035018E-4,1.601393567E-3,9.998374581E-1,1.779433343E2,1.847841739E-1,-6.954107741E-2,1.779432191E2
1.080820213E2,1.795048304E-2,6.327465526E-4,1.598841161E-3,9.998373985E-1,1.779429157E2,1.844859070E-1,-6.920686651E-2,1.779428012E2
1.080870213E2,1.795059212E-2,6.318358937E-4,1.597976428E-3,9.998373985E-1,1.779429032E2,1.843849657E-1,-6.910428834E-2,1.779427889E2
1.080920213E2,1.795391587E-2,6.301520043E-4,1.598594943E-3,9.998373389E-1,1.779425222E2,1.844525957E-1,-6.890947462E-2,1.779424083E2
1.080970213E2,1.795082142E-2,6.310992176E-4,1.595690032E-3,9.998373985E-1,1.779428769E2,1.841215059E-1,-6.902454630E-2,1.779427630E2
1.081020213E2,1.796109977E-2,6.244738470E-4,1.594678615E-3,9.998372197E-1,1.779416989E2,1.839926956E-1,-6.826564713E-2,1.779415863E2
1.081070213E2,1.796048269E-2,6.248339196E-4,1.601473195E-3,9.998372197E-1,1.779417696E2,1.847718721E-1,-6.829303041E-2,1.779416565E2
1.081120213E2,1.795729980E-2,6.274643238E-4,1.598923001E-3,9.998372793E-1,1.779421344E2,1.844848842E-1,-6.860023975E-2,1.779420209E2
1.081170213E2,1.795743481E-2,6.264566327E-4,1.597801456E-3,9.998372793E-1,1.779421189E2,1.843543204E-1,-6.848706872E-2,1.779420057E2
1.081220213E2,1.795736748E-2,6.265440607E-4,1.598523697E-3,9.998372793E-1,1.779421267E2,1.844372452E-1,-6.849561173E-2,1.779420134E2
1.081270213E2,1.795996322E-2,6.246565026E-4,1.607357408E-3,9.998372197E-1,1.779418292E2,1.854456449E-1,-6.826068848E-2,1.779417156E2
1.081320213E2,1.795691718E-2,6.277939538E-4,1.603085315E-3,9.998372793E-1,1.779421783E2,1.849624262E-1,-6.862951171E-2,1.779420644E2
1.081370213E2,1.794707550E-2,6.336670485E-4,1.599456067E-3,9.998374581E-1,1.779433062E2,1.845580163E-1,-6.931169453E-2,1.779431915E2
1.081420213E2,1.794999695E-2,6.322665140E-4,1.604478457E-3,9.998373985E-1,1.779429714E2,1.851307693E-1,-6.914036064E-2,1.779428566E2
1.081470213E2,1.794602882E-2,6.360768457E-4,1.610207604E-3,9.998374581E-1,1.779434262E2,1.857947394E-1,-6.956587394E-2,1.779433103E2
1.081520213E2,1.793996450E-2,6.396761746E-4,1.602317439E-3,9.998375773E-1,1.779441212E2,1.848977157E-1,-6.999560799E-2,1.779440052E2
1.081570213E2,1.794361083E-2,6.367453025E-4,1.599846408E-3,9.998375177E-1,1.779437033E2,1.846088292E-1,-6.966421613E-2,1.779435880E2
1.081620213E2,1.795011099E-2,6.327418378E-4,1.603014651E-3,9.998373985E-1,1.779429583E2,1.849640420E-1,-6.919780989E-2,1.779428436E2
1.081670213E2,1.793616590E-2,6.432324299E-4,1.606221544E-3,9.998376369E-1,1.779445566E2,1.853520665E-1,-7.039573656E-2,1.779444396E2
1.081720213E2,1.792974192E-2,6.475407863E-4,1.602001488E-3,9.998377562E-1,1.779452928E2,1.848769618E-1,-7.089921982E-2,1.779451754E2
1.081770213E2,1.793950970E-2,6.407762994E-4,1.606963109E-3,9.998375773E-1,1.779441733E2,1.854322156E-1,-7.011218594E-2,1.779440568E2
1.081820213E2,1.793920276E-2,6.391495117E-4,1.611032290E-3,9.998375773E-1,1.779442085E2,1.858950690E-1,-6.991749152E-2,1.779440920E2
1.081870213E2,1.792541164E-2,6.494064583E-4,1.612470718E-3,9.998378158E-1,1.779457891E2,1.860799825E-1,-7.109227005E-2,1.779456706E2
1.081920213E2,1.792876045E-2,6.484568003E-4,1.612580381E-3,9.998377562E-1,1.779454053E2,1.860908337E-1,-7.098261632E-2,1.779452869E2
1.081970213E2,1.793826067E-2,6.412810762E-4,1.620646683E-3,9.998375773E-1,1.779443165E2,1.870009384E-1,-7.014212215E-2,1.779441989E2
1.082020213E2,1.793126674E-2,6.457418203E-4,1.622727257E-3,9.998376966E-1,1.779451181E2,1.872479936E-1,-7.065023570E-2,1.779449995E2
1.082070213E2,1.791732110E-2,6.563140778E-4,1.625622855E-3,9.998379350E-1,1.779467164E2,1.876004771E-1,-7.185819744E-2,1.779465956E2
1.082120213E2,1.792079164E-2,6.533599808E-4,1.625217148E-3,9.998378754E-1,1.779463186E2,1.875481757E-1,-7.151991964E-2,1.779461984E2
1.082170213E2,1.792771947E-2,6.479631411E-4,1.624309574E-3,9.998377562E-1,1.779455246E2,1.874335985E-1,-7.090215258E-2,1.779454055E2
1.082220213E2,1.791750424E-2,6.542399060E-4,1.624439959E-3,9.998379350E-1,1.779466954E2,1.874607024E-1,-7.162294780E-2,1.779465751E2
1.082270213E2,1.791788204E-2,6.559758331E-4,1.619565417E-3,9.998379350E-1,1.779466521E2,1.869058016E-1,-7.183177658E-2,1.779465318E2
1.082320213E2,1.793155690E-2,6.460582954E-4,1.619391493E-3,9.998376966E-1,1.779450848E2,1.868664748E-1,-7.069329561E-2,1.779449664E2
1.082370213E2,1.792773983E-2,6.478265277E-4,1.624139259E-3,9.998377562E-1,1.779455223E2,1.874138056E-1,-7.088684646E-2,1.779454032E2
1.082420213E2,1.791046570E-2,6.592384307E-4,1.626664191E-3,9.998380542E-1,1.779475021E2,1.877252966E-1,-7.219239837E-2,1.779473806E2
1.082470213E2,1.791404588E-2,6.571563426E-4,1.624718076E-3,9.998379946E-1,1.779470917E2,1.874983073E-1,-7.195717025E-2,1.779469709E2
1.082520213E2,1.792100986E-2,6.534831482E-4,1.622759504E-3,9.998378754E-1,1.779462936E2,1.872668638E-1,-7.153903768E-2,1.779461735E2
1.082570213E2,1.791090294E-2,6.595504819E-4,1.621715841E-3,9.998380542E-1,1.779474520E2,1.871590196E-1,-7.223822574E-2,1.779473308E2
1.082620213E2,1.790746240E-2,6.627957919E-4,1.621639705E-3,9.998381138E-1,1.779478463E2,1.871567086E-1,-7.261085107E-2,1.779477245E2
1.082670213E2,1.791093930E-2,6.593476865E-4,1.621396746E-3,9.998380542E-1,1.779474478E2,1.871220462E-1,-7.221563900E-2,1.779473267E2
1.082720213E2,1.791784725E-2,6.557495799E-4,1.620041905E-3,9.998379350E-1,1.779466561E2,1.869599273E-1,-7.180488217E-2,1.779465358E2
1.082770213E2,1.791451208E-2,6.580582703E-4,1.619203365E-3,9.998379946E-1,1.779470383E2,1.868683537E-1,-7.207174099E-2,1.779469176E2
1.082820213E2,1.791142948E-2,6.592517020E-4,1.616011839E-3,9.998380542E-1,1.779473916E2,1.865049175E-1,-7.221560322E-2,1.779472709E2
1.082870213E2,1.791205123E-2,6.583136274E-4,1.609489671E-3,9.998380542E-1,1.779473203E2,1.857557696E-1,-7.212139718E-2,1.779472003E2
1.082920213E2,1.791220358E-2,6.588904653E-4,1.607557060E-3,9.998380542E-1,1.779473029E2,1.855355391E-1,-7.219142604E-2,1.779471829E2
1.082970213E2,1.791194923E-2,6.586997188E-4,1.610466628E-3,9.998380542E-1,1.779473320E2,1.858684882E-1,-7.216364642E-2,1.779472119E2
1.083020213E2,1.791551755E-2,6.570997648E-4,1.608432154E-3,9.998379946E-1,1.779469231E2,1.856323639E-1,-7.198384845E-2,1.779468034E2
1.083070213E2,1.791550480E-2,6.563314237E-4,1.608887804E-3,9.998379946E-1,1.779469245E2,1.856829907E-1,-7.189488415E-2,1.779468049E2
1.083120213E2,1.791897260E-2,6.549176178E-4,1.607885933E-3,9.998379350E-1,1.779465271E2,1.855655488E-1,-7.173431344E-2,1.779464078E2
1.083170213E2,1.791911568E-2,6.545375218E-4,1.606445527E-3,9.998379350E-1,1.779465107E2,1.853997462E-1,-7.169369601E-2,1.779463916E2
1.083220213E2,1.792244776E-2,6.525535136E-4,1.607178710E-3,9.998378754E-1,1.779461288E2,1.854799131E-1,-7.146425847E-2,1.779460100E2
1.083270213E2,1.792603491E-2,6.485164631E-4,1.605886617E-3,9.998378158E-1,1.779457177E2,1.853238357E-1,-7.100371031E-2,1.779455998E2
1.083320213E2,1.792235297E-2,6.511450629E-4,1.608806197E-3,9.998378754E-1,1.779461397E2,1.856634797E-1,-7.129956294E-2,1.779460211E2
1.083370213E2,1.792254238E-2,6.520554889E-4,1.606325503E-3,9.998378754E-1,1.779461180E2,1.853811419E-1,-7.140893311E-2,1.779459994E2
1.083420213E2,1.791574405E-2,6.559606991E-4,1.606372884E-3,9.998379946E-1,1.779468971E2,1.853941037E-1,-7.185752810E-2,1.779467778E2
1.083470213E2,1.791898971E-2,6.551173865E-4,1.607613871E-3,9.998379350E-1,1.779465251E2,1.855347892E-1,-7.175775705E-2,1.779464059E2
1.083520213E2,1.791182916E-2,6.584701478E-4,1.611895277E-3,9.998380542E-1,1.779473458E2,1.860316934E-1,-7.213443355E-2,1.779472256E2
1.083570213E2,1.790464840E-2,6.645084359E-4,1.615248388E-3,9.998381734E-1,1.779481688E2,1.864277437E-1,-7.282071467E-2,1.779480472E2
1.083620213E2,1.790162660E-2,6.665921537E-4,1.610982115E-3,9.998382330E-1,1.779485151E2,1.859429975E-1,-7.306876831E-2,1.779483934E2
1.083670213E2,1.791161811E-2,6.607511314E-4,1.613306464E-3,9.998380542E-1,1.779473700E2,1.861980452E-1,-7.239291538E-2,1.779472492E2
1.083720213E2,1.791176174E-2,6.602758658E-4,1.611905871E-3,9.998380542E-1,1.779473535E2,1.860366092E-1,-7.234131096E-2,1.779472330E2
1.083770213E2,1.791248992E-2,6.600070046E-4,1.603904297E-3,9.998380542E-1,1.779472701E2,1.851193425E-1,-7.232679640E-2,1.779471501E2
1.083820213E2,1.791605922E-2,6.571819540E-4,1.602353645E-3,9.998379946E-1,1.779468610E2,1.849361363E-1,-7.200564465E-2,1.779467417E2
1.083870213E2,1.792283720E-2,6.518264418E-4,1.603125711E-3,9.998378754E-1,1.779460842E2,1.850140816E-1,-7.138920796E-2,1.779459658E2
1.083920213E2,1.791590590E-2,6.564892828E-4,1.604350633E-3,9.998379946E-1,1.779468786E2,1.851635047E-1,-7.192221149E-2,1.779467593E2
1.083970213E2,1.791909303E-2,6.548363017E-4,1.606576378E-3,9.998379350E-1,1.779465133E2,1.854153502E-1,-7.172766363E-2,1.779463941E2
1.084020213E2,1.792610563E-2,6.502196193E-4,1.604407793E-3,9.998378158E-1,1.779457096E2,1.851579061E-1,-7.120187088E-2,1.779455914E2
1.084070213E2,1.792596150E-2,6.503990735E-4,1.605944708E-3,9.998378158E-1,1.779457261E2,1.853343541E-1,-7.121930092E-2,1.779456078E2
1.084120213E2,1.792260938E-2,6.514005363E-4,1.605843543E-3,9.998378754E-1,1.779461103E2,1.853245816E-1,-7.133487069E-2,1.779459918E2
1.084170213E2,1.792621997E-2,6.504836492E-4,1.603022683E-3,9.998378158E-1,1.779456965E2,1.849997601E-1,-7.123494587E-2,1.779455784E2
1.084220213E2,1.792593901E-2,6.488073268E-4,1.606839360E-3,9.998378158E-1,1.779457287E2,1.854335855E-1,-7.103509601E-2,1.779456106E2
1.084270213E2,1.792581416E-2,6.498130388E-4,1.607825514E-3,9.998378158E-1,1.779457430E2,1.855486298E-1,-7.114832079E-2,1.779456247E2
1.084320213E2,1.791907110E-2,6.555547006E-4,1.606527949E-3,9.998379350E-1,1.779465158E2,1.854112754E-1,-7.181007629E-2,1.779463965E2
1.084370213E2,1.792623996E-2,6.503853365E-4,1.602838980E-3,9.998378158E-1,1.779456942E2,1.849785120E-1,-7.122405557E-2,1.779455761E2
1.084420213E2,1.792961913E-2,6.471016095E-4,1.603552490E-3,9.998377562E-1,1.779453069E2,1.850537540E-1,-7.084573787E-2,1.779451894E2
1.084470213E2,1.793601333E-2,6.426566397E-4,1.608154620E-3,9.998376369E-1,1.779445741E2,1.855723512E-1,-7.032582152E-2,1.779444571E2
1.084520213E2,1.792624596E-2,6.485353224E-4,1.603521407E-3,9.998378158E-1,1.779456935E2,1.850528994E-1,-7.101069085E-2,1.779455757E2
1.084570213E2,1.792239167E-2,6.520404131E-4,1.608012244E-3,9.998378754E-1,1.779461352E2,1.855743558E-1,-7.140376942E-2,1.779460165E2
1.084620213E2,1.792872198E-2,6.479874719E-4,1.613196684E-3,9.998377562E-1,1.779454097E2,1.861604785E-1,-7.092758486E-2,1.779452914E2
1.084670213E2,1.792541898E-2,6.499637384E-4,1.612164546E-3,9.998378158E-1,1.779457883E2,1.860460488E-1,-7.115674690E-2,1.779456696E2
1.084720213E2,1.791476597E-2,6.573931314E-4,1.616662485E-3,9.998379946E-1,1.779470092E2,1.865758890E-1,-7.200070299E-2,1.779468889E2
1.084770213E2,1.792167073E-2,6.535503780E-4,1.615417423E-3,9.998378754E-1,1.779462179E2,1.864258421E-1,-7.156169576E-2,1.779460983E2
1.084820213E2,1.792147803E-2,6.528622471E-4,1.617831644E-3,9.998378754E-1,1.779462399E2,1.867010203E-1,-7.147793218E-2,1.779461204E2
1.084870213E2,1.791429856E-2,6.585305091E-4,1.621372183E-3,9.998379946E-1,1.779470628E2,1.871177966E-1,-7.212143425E-2,1.779469419E2
1.084920213E2,1.791104300E-2,6.609752309E-4,1.619587536E-3,9.998380542E-1,1.779474359E2,1.869181073E-1,-7.240580586E-2,1.779473147E2
1.084970213E2,1.792070499E-2,6.537743611E-4,1.626005862E-3,9.998378754E-1,1.779463285E2,1.876393862E-1,-7.156579293E-2,1.779462082E2
1.085020213E2,1.791710088E-2,6.558774621E-4,1.628224156E-3,9.998379350E-1,1.779467416E2,1.878976044E-1,-7.180287320E-2,1.779466207E2
1.085070213E2,1.790697980E-2,6.623746012E-4,1.627131714E-3,9.998381138E-1,1.779479016E2,1.877850473E-1,-7.255141408E-2,1.779477795E2
1.085120213E2,1.791755762E-2,6.549062091E-4,1.623582444E-3,9.998379350E-1,1.779466893E2,1.873638261E-1,-7.170103891E-2,1.779465689E2
1.085170213E2,1.792402788E-2,6.504227640E-4,1.627374557E-3,9.998378158E-1,1.779459477E2,1.877895549E-1,-7.117835535E-2,1.779458279E2
1.085220213E2,1.791393112E-2,6.569912075E-4,1.626049750E-3,9.998379946E-1,1.779471049E2,1.876505345E-1,-7.193553793E-2,1.779469839E2
1.085270213E2,1.791407434E-2,6.587125827E-4,1.623773831E-3,9.998379946E-1,1.779470885E2,1.873933192E-1,-7.213740652E-2,1.779469674E2
1.085320213E2,1.792745549E-2,6.485935883E-4,1.626969315E-3,9.998377562E-1,1.779455549E2,1.877396106E-1,-7.096896997E-2,1.779454354E2
1.085370213E2,1.792057517E-2,6.534131244E-4,1.627581078E-3,9.998378754E-1,1.779463434E2,1.878191128E-1,-7.152119434E-2,1.779462230E2
1.085420213E2,1.791712700E-2,6.565798540E-4,1.627653604E-3,9.998379350E-1,1.779467386E2,1.878336787E-1,-7.188451495E-2,1.779466176E2
1.085470213E2,1.791724620E-2,6.546900258E-4,1.627102611E-3,9.998379350E-1,1.779467250E2,1.877666772E-1,-7.166910058E-2,1.779466044E2
1.085520213E2,1.792386410E-2,6.506512291E-4,1.629086211E-3,9.998378158E-1,1.779459665E2,1.879861226E-1,-7.120104623E-2,1.779458465E2
1.085570213E2,1.792422347E-2,6.505361525E-4,1.625173492E-3,9.998378158E-1,1.779459253E2,1.875376184E-1,-7.119583106E-2,1.779458056E2
1.085620213E2,1.792090119E-2,6.525427452E-4,1.624337281E-3,9.998378754E-1,1.779463061E2,1.874456957E-1,-7.142807293E-2,1.779461861E2
1.085670213E2,1.792456964E-2,6.503296318E-4,1.621433883E-3,9.998378158E-1,1.779458856E2,1.871087591E-1,-7.117978606E-2,1.779457663E2
1.085720213E2,1.792824981E-2,6.467416533E-4,1.618933980E-3,9.998377562E-1,1.779454638E2,1.868152264E-1,-7.077314805E-2,1.779453453E2
1.085770213E2,1.792136868E-2,6.536676665E-4,1.618717564E-3,9.998378754E-1,1.779462525E2,1.868041698E-1,-7.156841247E-2,1.779461327E2
1.085820213E2,1.792127671E-2,6.531803519E-4,1.619932009E-3,9.998378754E-1,1.779462630E2,1.869423053E-1,-7.151010239E-2,1.779461432E2
1.085870213E2,1.792462235E-2,6.511331885E-4,1.620528405E-3,9.998378158E-1,1.779458796E2,1.870066700E-1,-7.127370208E-2,1.779457601E2
1.085920213E2,1.792849995E-2,6.480013253E-4,1.615656773E-3,9.998377562E-1,1.779454352E2,1.864423518E-1,-7.092415899E-2,1.779453167E2
1.085970213E2,1.792201153E-2,6.513939588E-4,1.612504828E-3,9.998378754E-1,1.779461788E2,1.860877313E-1,-7.132054674E-2,1.779460599E2
1.086020213E2,1.792149293E-2,6.522591575E-4,1.617909875E-3,9.998378754E-1,1.779462382E2,1.867087459E-1,-7.140867094E-2,1.779461188E2
1.086070213E2,1.791150477E-2,6.588543765E-4,1.615339308E-3,9.998380542E-1,1.779473830E2,1.864270530E-1,-7.217144684E-2,1.779472624E2
1.086120213E2,1.791516216E-2,6.581233465E-4,1.611968270E-3,9.998379946E-1,1.779469638E2,1.860395847E-1,-7.209392948E-2,1.779468436E2
1.086170213E2,1.790449087E-2,6.643591914E-4,1.617055037E-3,9.998381734E-1,1.779481868E2,1.866344199E-1,-7.279993772E-2,1.779480651E2
1.086220213E2,1.790450246E-2,6.638758932E-4,1.617125119E-3,9.998381734E-1,1.779481855E2,1.866414585E-1,-7.274441881E-2,1.779480639E2
1.086270213E2,1.790777039E-2,6.634095334E-4,1.617983566E-3,9.998381138E-1,1.779478110E2,1.867390943E-1,-7.268861481E-2,1.779476894E2
1.086320213E2,1.790359043E-2,6.654505269E-4,1.626548008E-3,9.998381734E-1,1.779482900E2,1.877242358E-1,-7.290566647E-2,1.779481674E2
1.086370213E2,1.789319926E-2,6.726395222E-4,1.628017053E-3,9.998383522E-1,1.779494810E2,1.879065346E-1,-7.372827045E-2,1.779493569E2
1.086420213E2,1.789318596E-2,6.730156019E-4,1.628007856E-3,9.998383522E-1,1.779494825E2,1.879062512E-1,-7.377138042E-2,1.779493583E2
1.086470213E2,1.789636159E-2,6.708455039E-4,1.630601590E-3,9.998382926E-1,1.779491185E2,1.881992073E-1,-7.351682932E-2,1.779489946E2
1.086520213E2,1.788224921E-2,6.794276414E-4,1.635675551E-3,9.998385310E-1,1.779507360E2,1.887971003E-1,-7.449236979E-2,1.779506100E2
1.086570213E2,1.787924172E-2,6.823153817E-4,1.630909042E-3,9.998385906E-1,1.779510806E2,1.882566783E-1,-7.483356135E-2,1.779509545E2
1.086620213E2,1.788305503E-2,6.785836304E-4,1.627193997E-3,9.998385310E-1,1.779506436E2,1.878236694E-1,-7.441289856E-2,1.779505184E2
1.086670213E2,1.787917960E-2,6.817322574E-4,1.631833613E-3,9.998385906E-1,1.779510878E2,1.883614099E-1,-7.476486830E-2,1.779509617E2
1.086720213E2,1.787930537E-2,6.820027484E-4,1.630341983E-3,9.998385906E-1,1.779510734E2,1.881910725E-1,-7.479889187E-2,1.779509473E2
1.086770213E2,1.788239160E-2,6.801234558E-4,1.633828622E-3,9.998385310E-1,1.779507196E2,1.885869279E-1,-7.457584943E-2,1.779505937E2
1.086820213E2,1.788927617E-2,6.756545044E-4,1.633267384E-3,9.998384118E-1,1.779499306E2,1.885139756E-1,-7.406367992E-2,1.779498056E2
1.086870213E2,1.788232638E-2,6.795383524E-4,1.634785673E-3,9.998385310E-1,1.779507271E2,1.886953764E-1,-7.450686334E-2,1.779506012E2
1.086920213E2,1.787886123E-2,6.818869733E-4,1.635253662E-3,9.998385906E-1,1.779511243E2,1.887535501E-1,-7.477564724E-2,1.779509979E2
1.086970213E2,1.787894324E-2,6.832245272E-4,1.633798005E-3,9.998385906E-1,1.779511149E2,1.885895174E-1,-7.493186196E-2,1.779509883E2
1.087020213E2,1.787866255E-2,6.817908725E-4,1.637464389E-3,9.998385906E-1,1.779511470E2,1.890066289E-1,-7.476014467E-2,1.779510205E2
1.087070213E2,1.788519072E-2,6.786648883E-4,1.640259172E-3,9.998384714E-1,1.779503988E2,1.893209171E-1,-7.439502868E-2,1.779502727E2
1.087120213E2,1.787521983E-2,6.853244849E-4,1.637180336E-3,9.998386502E-1,1.779515416E2,1.889810659E-1,-7.516623434E-2,1.779514144E2
1.087170213E2,1.787859020E-2,6.834602100E-4,1.637558453E-3,9.998385906E-1,1.779511553E2,1.890208214E-1,-7.495122681E-2,1.779510285E2
1.087220213E2,1.788911287E-2,6.761400728E-4,1.634854241E-3,9.998384118E-1,1.779499493E2,1.886967707E-1,-7.411609060E-2,1.779498241E2
1.087270213E2,1.788884261E-2,6.751619512E-4,1.638212358E-3,9.998384118E-1,1.779499803E2,1.890794962E-1,-7.399719093E-2,1.779498550E2
1.087320213E2,1.788908145E-2,6.754275528E-4,1.635492546E-3,9.998384118E-1,1.779499529E2,1.887684404E-1,-7.403315235E-2,1.779498277E2
1.087370213E2,1.788986743E-2,6.754338974E-4,1.626869896E-3,9.998384118E-1,1.779498628E2,1.877805849E-1,-7.405140866E-2,1.779497383E2
1.087420213E2,1.788999700E-2,6.738518132E-4,1.626100973E-3,9.998384118E-1,1.779498480E2,1.876892524E-1,-7.387169648E-2,1.779497238E2
1.087470213E2,1.789367543E-2,6.718741497E-4,1.623092103E-3,9.998383522E-1,1.779494264E2,1.873407317E-1,-7.365058893E-2,1.779493028E2
1.087520213E2,1.789412349E-2,6.725489511E-4,1.617864589E-3,9.998383522E-1,1.779493750E2,1.867432144E-1,-7.373853881E-2,1.779492517E2
1.087570213E2,1.790076023E-2,6.678965874E-4,1.620043418E-3,9.998382330E-1,1.779486144E2,1.869837948E-1,-7.319979402E-2,1.779484918E2
1.087620213E2,1.791054743E-2,6.604116643E-4,1.625287812E-3,9.998380542E-1,1.779474927E2,1.875700146E-1,-7.232962902E-2,1.779473711E2
1.087670213E2,1.790094679E-2,6.671682931E-4,1.618281123E-3,9.998382330E-1,1.779485930E2,1.867804021E-1,-7.311993144E-2,1.779484707E2
1.087720213E2,1.790418680E-2,6.646717666E-4,1.620289986E-3,9.998381734E-1,1.779482217E2,1.870056783E-1,-7.282916972E-2,1.779480997E2
1.087770213E2,1.791118835E-2,6.592551363E-4,1.618680893E-3,9.998380542E-1,1.779474192E2,1.868107097E-1,-7.221056318E-2,1.779472984E2
1.087820213E2,1.791178022E-2,6.603144575E-4,1.611684682E-3,9.998380542E-1,1.779473514E2,1.860113474E-1,-7.234618311E-2,1.779472309E2
1.087870213E2,1.789799316E-2,6.687551504E-4,1.613462344E-3,9.998382926E-1,1.779489315E2,1.862313372E-1,-7.331217804E-2,1.779488093E2
1.087920213E2,1.790138768E-2,6.671121810E-4,1.613419852E-3,9.998382330E-1,1.779485425E2,1.862233468E-1,-7.312339290E-2,1.779484205E2
1.087970213E2,1.791178554E-2,6.583915092E-4,1.612412045E-3,9.998380542E-1,1.779473508E2,1.860907366E-1,-7.212437106E-2,1.779472306E2
1.088020213E2,1.791190942E-2,6.604720256E-4,1.610183506E-3,9.998380542E-1,1.779473366E2,1.858396855E-1,-7.236729357E-2,1.779472161E2
1.088070213E2,1.790155708E-2,6.660991348E-4,1.611958258E-3,9.998382330E-1,1.779485231E2,1.860538208E-1,-7.301029200E-2,1.779484014E2
1.088120213E2,1.790478408E-2,6.635604077E-4,1.614133827E-3,9.998381734E-1,1.779481532E2,1.862981091E-1,-7.271435781E-2,1.779480319E2
1.088170213E2,1.791156513E-2,6.597071188E-4,1.614321605E-3,9.998380542E-1,1.779473761E2,1.863122063E-1,-7.227122583E-2,1.779472554E2
1.088220213E2,1.790834580E-2,6.625627284E-4,1.611950574E-3,9.998381138E-1,1.779477450E2,1.860461777E-1,-7.260386763E-2,1.779476240E2
1.088270213E2,1.790489809E-2,6.653863820E-4,1.612116233E-3,9.998381734E-1,1.779481402E2,1.860707019E-1,-7.292768388E-2,1.779480186E2
1.088320213E2,1.790880433E-2,6.612827419E-4,1.607375452E-3,9.998381138E-1,1.779476925E2,1.855193965E-1,-7.246651997E-2,1.779475721E2
1.088370213E2,1.790544834E-2,6.648682174E-4,1.606207690E-3,9.998381734E-1,1.779480771E2,1.853927168E-1,-7.288033774E-2,1.779479561E2
1.088420213E2,1.789874546E-2,6.686528795E-4,1.605137833E-3,9.998382926E-1,1.779488453E2,1.852774149E-1,-7.331739542E-2,1.779487237E2
1.088470213E2,1.789839428E-2,6.695248303E-4,1.608686405E-3,9.998382926E-1,1.779488856E2,1.856857499E-1,-7.341008399E-2,1.779487635E2
1.088520213E2,1.790886379E-2,6.616627215E-4,1.606556354E-3,9.998381138E-1,1.779476857E2,1.854263339E-1,-7.251172542E-2,1.779475652E2
1.088570213E2,1.790880232E-2,6.606286624E-4,1.607666840E-3,9.998381138E-1,1.779476927E2,1.855514391E-1,-7.239098245E-2,1.779475724E2
1.088620213E2,1.790177396E-2,6.658131024E-4,1.609666157E-3,9.998382330E-1,1.779484982E2,1.857906359E-1,-7.298218231E-2,1.779483768E2
1.088670213E2,1.789918760E-2,6.682218518E-4,1.600379939E-3,9.998382926E-1,1.779487946E2,1.847314349E-1,-7.327768880E-2,1.779486734E2
1.088720213E2,1.790651726E-2,6.626466638E-4,1.595171518E-3,9.998381734E-1,1.779479546E2,1.841237836E-1,-7.264825623E-2,1.779478348E2
1.088770213E2,1.790279558E-2,6.652222364E-4,1.598509611E-3,9.998382330E-1,1.779483811E2,1.845112546E-1,-7.293718429E-2,1.779482606E2
1.088820213E2,1.789918146E-2,6.677199854E-4,1.600658055E-3,9.998382926E-1,1.779487954E2,1.847622696E-1,-7.321961908E-2,1.779486742E2
1.088870213E2,1.790602454E-2,6.630892749E-4,1.600509626E-3,9.998381734E-1,1.779480111E2,1.847362614E-1,-7.268810446E-2,1.779478908E2
1.088920213E2,1.790953668E-2,6.606528768E-4,1.599455252E-3,9.998381138E-1,1.779476085E2,1.846107125E-1,-7.241047398E-2,1.779474888E2
1.088970213E2,1.790589333E-2,6.630804273E-4,1.601980533E-3,9.998381734E-1,1.779480261E2,1.849047605E-1,-7.268409673E-2,1.779479057E2
1.089020213E2,1.790916704E-2,6.615134189E-4,1.603233977E-3,9.998381138E-1,1.779476509E2,1.850453934E-1,-7.250138185E-2,1.779475307E2
1.089070213E2,1.790589221E-2,6.637538900E-4,1.601714175E-3,9.998381734E-1,1.779480262E2,1.848756250E-1,-7.276180417E-2,1.779479058E2
1.089120213E2,1.791222751E-2,6.603266811E-4,1.606700826E-3,9.998380542E-1,1.779473001E2,1.854403876E-1,-7.235773082E-2,1.779471800E2
1.089170213E2,1.790528845E-2,6.634385209E-4,1.608579536E-3,9.998381734E-1,1.779480954E2,1.856615216E-1,-7.271169584E-2,1.779479745E2
1.089220213E2,1.791233811E-2,6.604340160E-4,1.605423167E-3,9.998380542E-1,1.779472875E2,1.852942303E-1,-7.237263068E-2,1.779471674E2
1.089270213E2,1.791309894E-2,6.581055932E-4,1.597872586E-3,9.998380542E-1,1.779472003E2,1.844244093E-1,-7.212121512E-2,1.779470811E2
1.089320213E2,1.791609855E-2,6.576060550E-4,1.601739787E-3,9.998379946E-1,1.779468565E2,1.848666782E-1,-7.205548826E-2,1.779467372E2
1.089370213E2,1.791280128E-2,6.586106610E-4,1.600998337E-3,9.998380542E-1,1.779472344E2,1.847835527E-1,-7.217272072E-2,1.779471149E2
1.089420213E2,1.791322884E-2,6.585753872E-4,1.596221817E-3,9.998380542E-1,1.779471854E2,1.842362490E-1,-7.217840563E-2,1.779470663E2
1.089470213E2,1.791344241E-2,6.584487855E-4,1.593875582E-3,9.998380542E-1,1.779471609E2,1.839671885E-1,-7.216867761E-2,1.779470420E2
1.089520213E2,1.791629211E-2,6.575227599E-4,1.599607524E-3,9.998379946E-1,1.779468343E2,1.846222205E-1,-7.205028701E-2,1.779467151E2
1.089570213E2,1.791592699E-2,6.557872402E-4,1.604402205E-3,9.998379946E-1,1.779468761E2,1.851679734E-1,-7.184166655E-2,1.779467570E2
1.089620213E2,1.791261018E-2,6.601898349E-4,1.602485310E-3,9.998380542E-1,1.779472563E2,1.849571484E-1,-7.235063439E-2,1.779471364E2
1.089670213E2,1.791579727E-2,6.577919703E-4,1.605029916E-3,9.998379946E-1,1.779468910E2,1.852439995E-1,-7.207008981E-2,1.779467714E2
1.089720213E2,1.791564025E-2,6.571967388E-4,1.607025275E-3,9.998379946E-1,1.779469090E2,1.854713810E-1,-7.199782474E-2,1.779467894E2
1.089770213E2,1.790547510E-2,6.638068589E-4,1.606348436E-3,9.998381734E-1,1.779480740E2,1.854066664E-1,-7.275844089E-2,1.779479532E2
1.089820213E2,1.790569027E-2,6.645914400E-4,1.603623270E-3,9.998381734E-1,1.779480494E2,1.850960606E-1,-7.285388478E-2,1.779479286E2
1.089870213E2,1.790875315E-2,6.605764502E-4,1.608235878E-3,9.998381138E-1,1.779476983E2,1.856165250E-1,-7.238384161E-2,1.779475780E2
1.089920213E2,1.790562016E-2,6.644878886E-4,1.604448771E-3,9.998381734E-1,1.779480574E2,1.851904235E-1,-7.284033966E-2,1.779479366E2
1.089970213E2,1.790227949E-2,6.669955328E-4,1.603542711E-3,9.998382330E-1,1.779484403E2,1.850915149E-1,-7.313012576E-2,1.779483191E2
1.090020213E2,1.790259564E-2,6.670509465E-4,1.599986106E-3,9.998382330E-1,1.779484041E2,1.846841594E-1,-7.314371291E-2,1.779482831E2
1.090070213E2,1.790547343E-2,6.636367762E-4,1.606437261E-3,9.998381734E-1,1.779480742E2,1.854164942E-1,-7.273877203E-2,1.779479534E2
1.090120213E2,1.789889883E-2,6.688450812E-4,1.603346551E-3,9.998382926E-1,1.779488277E2,1.850725871E-1,-7.334306239E-2,1.779487062E2
1.090170213E2,1.789916786E-2,6.684127729E-4,1.600521035E-3,9.998382926E-1,1.779487969E2,1.847479909E-1,-7.329927746E-2,1.779486757E2
1.090220213E2,1.790562298E-2,6.635731552E-4,1.604795805E-3,9.998381734E-1,1.779480571E2,1.852283073E-1,-7.273482324E-2,1.779479364E2
1.090270213E2,1.790544624E-2,6.645931862E-4,1.606344944E-3,9.998381734E-1,1.779480773E2,1.854078778E-1,-7.284854533E-2,1.779479564E2
1.090320213E2,1.789857721E-2,6.689748261E-4,1.606878941E-3,9.998382926E-1,1.779488646E2,1.854775477E-1,-7.335074173E-2,1.779487428E2
1.090370213E2,1.790182293E-2,6.668939604E-4,1.608673832E-3,9.998382330E-1,1.779484926E2,1.856791632E-1,-7.310804621E-2,1.779483710E2
1.090420213E2,1.790891163E-2,6.623179070E-4,1.605752972E-3,9.998381138E-1,1.779476802E2,1.853356359E-1,-7.258843195E-2,1.779475597E2
1.090470213E2,1.791552965E-2,6.577032036E-4,1.608050661E-3,9.998379946E-1,1.779469217E2,1.855898949E-1,-7.205376726E-2,1.779468019E2
1.090520213E2,1.791283574E-2,6.589886034E-4,1.600457123E-3,9.998380542E-1,1.779472304E2,1.847223223E-1,-7.221712735E-2,1.779471109E2
1.090570213E2,1.791631678E-2,6.573172286E-4,1.599415671E-3,9.998379946E-1,1.779468315E2,1.845998191E-1,-7.202712802E-2,1.779467124E2
1.090620213E2,1.791661144E-2,6.560006877E-4,1.596653019E-3,9.998379946E-1,1.779467977E2,1.842806105E-1,-7.188190585E-2,1.779466790E2
1.090670213E2,1.790614195E-2,6.629079580E-4,1.599270734E-3,9.998381734E-1,1.779479976E2,1.845939537E-1,-7.266985096E-2,1.779478775E2
1.090720213E2,1.790311836E-2,6.671316805E-4,1.594092697E-3,9.998382330E-1,1.779483441E2,1.840091353E-1,-7.316495764E-2,1.779482236E2
1.090770213E2,1.791356650E-2,6.596213207E-4,1.591995009E-3,9.998380542E-1,1.779471467E2,1.837541411E-1,-7.230685626E-2,1.779470277E2
1.090820213E2,1.790974512E-2,6.617045728E-4,1.596684102E-3,9.998381138E-1,1.779475847E2,1.842953863E-1,-7.253661910E-2,1.779474649E2
1.090870213E2,1.789272350E-2,6.729028537E-4,1.596220769E-3,9.998384118E-1,1.779495355E2,1.842640302E-1,-7.382372824E-2,1.779494137E2
1.090920213E2,1.789989393E-2,6.692865863E-4,1.592013170E-3,9.998382926E-1,1.779487137E2,1.837750617E-1,-7.341671097E-2,1.779485929E2
1.090970213E2,1.791039188E-2,6.608827971E-4,1.589754713E-3,9.998381138E-1,1.779475105E2,1.834998227E-1,-7.245656912E-2,1.779473915E2
1.091020213E2,1.790330688E-2,6.660761428E-4,1.592415967E-3,9.998382330E-1,1.779483225E2,1.838148746E-1,-7.304742688E-2,1.779482023E2
1.091070213E2,1.789280499E-2,6.742535625E-4,1.594736590E-3,9.998384118E-1,1.779495262E2,1.840967587E-1,-7.398151138E-2,1.779494042E2
1.091120213E2,1.790387062E-2,6.656235200E-4,1.586255152E-3,9.998382330E-1,1.779482579E2,1.831081214E-1,-7.300810535E-2,1.779481382E2
1.091170213E2,1.790763881E-2,6.630896241E-4,1.582345576E-3,9.998381734E-1,1.779478261E2,1.826552626E-1,-7.272512223E-2,1.779477071E2
1.091220213E2,1.790028748E-2,6.679969374E-4,1.588125131E-3,9.998382926E-1,1.779486686E2,1.833269789E-1,-7.327685530E-2,1.779485483E2
1.091270213E2,1.789700482E-2,6.707909633E-4,1.586417784E-3,9.998383522E-1,1.779490448E2,1.831368529E-1,-7.360107907E-2,1.779489241E2
1.091320213E2,1.790759105E-2,6.623965455E-4,1.583176199E-3,9.998381734E-1,1.779478315E2,1.827490039E-1,-7.264401823E-2,1.779477127E2
1.091370213E2,1.790745019E-2,6.619825144E-4,1.584941638E-3,9.998381734E-1,1.779478477E2,1.829504162E-1,-7.259298420E-2,1.779477287E2
1.091420213E2,1.790382256E-2,6.664170069E-4,1.586464467E-3,9.998382330E-1,1.779482634E2,1.831337280E-1,-7.309859691E-2,1.779481436E2
1.091470213E2,1.789722397E-2,6.692080642E-4,1.584612881E-3,9.998383522E-1,1.779490197E2,1.829268282E-1,-7.342338315E-2,1.779488995E2
1.091520213E2,1.790748591E-2,6.625248934E-4,1.584311365E-3,9.998381734E-1,1.779478436E2,1.828793195E-1,-7.265641311E-2,1.779477246E2
1.091570213E2,1.790676336E-2,6.639190833E-4,1.591876498E-3,9.998381734E-1,1.779479264E2,1.837488913E-1,-7.280075756E-2,1.779478066E2
1.091620213E2,1.789282191E-2,6.728942972E-4,1.595120877E-3,9.998384118E-1,1.779495242E2,1.841380015E-1,-7.382498507E-2,1.779494025E2
1.091670213E2,1.790318291E-2,6.659921492E-4,1.593844267E-3,9.998382330E-1,1.779483367E2,1.839783383E-1,-7.303489586E-2,1.779482164E2
1.091720213E2,1.791004303E-2,6.620446220E-4,1.593197696E-3,9.998381138E-1,1.779475505E2,1.838966565E-1,-7.258268037E-2,1.779474310E2
1.091770213E2,1.790990352E-2,6.617145264E-4,1.594902249E-3,9.998381138E-1,1.779475665E2,1.840912652E-1,-7.254138747E-2,1.779474469E2
1.091820213E2,1.791010735E-2,6.619294290E-4,1.592522371E-3,9.998381138E-1,1.779475431E2,1.838190504E-1,-7.257085662E-2,1.779474237E2
1.091870213E2,1.791340303E-2,6.576848100E-4,1.594633446E-3,9.998380542E-1,1.779471654E2,1.840524481E-1,-7.207959808E-2,1.779470466E2
1.091920213E2,1.792004000E-2,6.545687211E-4,1.596088754E-3,9.998379350E-1,1.779464048E2,1.842132662E-1,-7.171836796E-2,1.779462864E2
1.091970213E2,1.791657753E-2,6.574370200E-4,1.596442773E-3,9.998379946E-1,1.779468016E2,1.842594689E-1,-7.204690873E-2,1.779466827E2
1.092020213E2,1.791331078E-2,6.593848811E-4,1.594967674E-3,9.998380542E-1,1.779471760E2,1.840942255E-1,-7.227371127E-2,1.779470568E2
1.092070213E2,1.791029892E-2,6.614092854E-4,1.590582775E-3,9.998381138E-1,1.779475212E2,1.835957706E-1,-7.251520796E-2,1.779474020E2
1.092120213E2,1.791389200E-2,6.589618861E-4,1.588601852E-3,9.998380542E-1,1.779471094E2,1.833640453E-1,-7.223820883E-2,1.779469908E2
1.092170213E2,1.790652404E-2,6.629474810E-4,1.594970468E-3,9.998381734E-1,1.779479538E2,1.841013666E-1,-7.268313309E-2,1.779478340E2
1.092220213E2,1.790327882E-2,6.661134539E-4,1.592715853E-3,9.998382330E-1,1.779483258E2,1.838493080E-1,-7.305109162E-2,1.779482055E2
1.092270213E2,1.790349166E-2,6.657523336E-4,1.590472762E-3,9.998382330E-1,1.779483014E2,1.835915841E-1,-7.301428000E-2,1.779481813E2
1.092320213E2,1.789646387E-2,6.709137233E-4,1.592456945E-3,9.998383522E-1,1.779491068E2,1.838289922E-1,-7.360285738E-2,1.779489857E2
1.092370213E2,1.788938409E-2,6.757070078E-4,1.595130074E-3,9.998384714E-1,1.779499182E2,1.841445684E-1,-7.414786030E-2,1.779497960E2
1.092420213E2,1.788625052E-2,6.779165124E-4,1.591968816E-3,9.998385310E-1,1.779502774E2,1.837866692E-1,-7.440806697E-2,1.779501550E2
1.092470213E2,1.788312334E-2,6.791998749E-4,1.589116175E-3,9.998385906E-1,1.779506358E2,1.834622300E-1,-7.456152677E-2,1.779505133E2
1.092520213E2,1.788247517E-2,6.811991916E-4,1.595541486E-3,9.998385906E-1,1.779507101E2,1.842024494E-1,-7.477754621E-2,1.779505868E2
1.092570213E2,1.787540425E-2,6.851029466E-4,1.598399132E-3,9.998387098E-1,1.779515205E2,1.845373288E-1,-7.522026040E-2,1.779513962E2
1.092620213E2,1.788245230E-2,6.806014571E-4,1.596052782E-3,9.998385906E-1,1.779507127E2,1.842598035E-1,-7.470801832E-2,1.779505895E2
1.092670213E2,1.788247757E-2,6.801653071E-4,1.595955575E-3,9.998385906E-1,1.779507098E2,1.842477742E-1,-7.465824181E-2,1.779505867E2
1.092720213E2,1.788223126E-2,6.808487815E-4,1.598422066E-3,9.998385906E-1,1.779507380E2,1.845317510E-1,-7.473154045E-2,1.779506146E2
1.092770213E2,1.788901262E-2,6.768095191E-4,1.598824398E-3,9.998384714E-1,1.779499608E2,1.845700727E-1,-7.426667328E-2,1.779498381E2
1.092820213E2,1.788568341E-2,6.780152908E-4,1.598285744E-3,9.998385310E-1,1.779503424E2,1.845105817E-1,-7.440654092E-2,1.779502195E2
1.092870213E2,1.788905796E-2,6.770130130E-4,1.598230912E-3,9.998384714E-1,1.779499556E2,1.845024956E-1,-7.429119653E-2,1.779498329E2
1.092920213E2,1.789637575E-2,6.713514449E-4,1.593262539E-3,9.998383522E-1,1.779491169E2,1.839221832E-1,-7.365137250E-2,1.779489956E2
1.092970213E2,1.789011221E-2,6.749237655E-4,1.587276347E-3,9.998384714E-1,1.779498348E2,1.832431880E-1,-7.407408927E-2,1.779497133E2
1.093020213E2,1.790014215E-2,6.689950242E-4,1.589342603E-3,9.998382926E-1,1.779486852E2,1.834685058E-1,-7.338873838E-2,1.779485647E2
1.093070213E2,1.789970173E-2,6.687876885E-4,1.594382105E-3,9.998382926E-1,1.779487357E2,1.840454411E-1,-7.335472669E-2,1.779486148E2
1.093120213E2,1.789297198E-2,6.726175779E-4,1.593553461E-3,9.998384118E-1,1.779495070E2,1.839578609E-1,-7.379646686E-2,1.779493855E2
1.093170213E2,1.789664930E-2,6.709996960E-4,1.590335392E-3,9.998383522E-1,1.779490856E2,1.835861086E-1,-7.361702460E-2,1.779489646E2
1.093220213E2,1.790311736E-2,6.659249193E-4,1.594608417E-3,9.998382330E-1,1.779483443E2,1.840657468E-1,-7.302563740E-2,1.779482239E2
1.093270213E2,1.790310236E-2,6.662343512E-4,1.594647649E-3,9.998382330E-1,1.779483460E2,1.840708756E-1,-7.306101224E-2,1.779482256E2
1.093320213E2,1.789614874E-2,6.721409154E-4,1.595478039E-3,9.998383522E-1,1.779491429E2,1.841776232E-1,-7.373732262E-2,1.779490213E2
1.093370213E2,1.789282661E-2,6.737601943E-4,1.594702597E-3,9.998384118E-1,1.779495237E2,1.840918538E-1,-7.392505040E-2,1.779494018E2
1.093420213E2,1.789574986E-2,6.716946955E-4,1.600133255E-3,9.998383522E-1,1.779491886E2,1.847100426E-1,-7.367672426E-2,1.779490668E2
1.093470213E2,1.789230518E-2,6.738881930E-4,1.600488438E-3,9.998384118E-1,1.779495834E2,1.847549814E-1,-7.392794813E-2,1.779494612E2
1.093520213E2,1.787902747E-2,6.838591653E-4,1.595689915E-3,9.998386502E-1,1.779511052E2,1.842246483E-1,-7.508263873E-2,1.779509814E2
1.093570213E2,1.787909508E-2,6.835709792E-4,1.595055801E-3,9.998386502E-1,1.779510975E2,1.841514102E-1,-7.505090714E-2,1.779509738E2
1.093620213E2,1.788918022E-2,6.767057348E-4,1.596992020E-3,9.998384714E-1,1.779499416E2,1.843599306E-1,-7.425850797E-2,1.779498190E2
1.093670213E2,1.787910003E-2,6.824649172E-4,1.595473848E-3,9.998386502E-1,1.779510969E2,1.841970412E-1,-7.492332472E-2,1.779509734E2
1.093720213E2,1.786891667E-2,6.908909418E-4,1.593872556E-3,9.998388290E-1,1.779522640E2,1.840300689E-1,-7.589387587E-2,1.779521390E2
1.093770213E2,1.787207936E-2,6.872347440E-4,1.597379334E-3,9.998387694E-1,1.779519015E2,1.844246036E-1,-7.546720943E-2,1.779517770E2
1.093820213E2,1.787210127E-2,6.881457521E-4,1.596741844E-3,9.998387694E-1,1.779518990E2,1.843534318E-1,-7.557288809E-2,1.779517743E2
1.093870213E2,1.785909039E-2,6.970639806E-4,1.589139691E-3,9.998390079E-1,1.779533902E2,1.834996975E-1,-7.661263545E-2,1.779532644E2
1.093920213E2,1.785957055E-2,6.978444871E-4,1.583390520E-3,9.998390079E-1,1.779533352E2,1.828426294E-1,-7.671373917E-2,1.779532097E2
1.093970213E2,1.785938220E-2,6.963908090E-4,1.586152590E-3,9.998390079E-1,1.779533567E2,1.831560994E-1,-7.654156809E-2,1.779532313E2
1.094020213E2,1.785609389E-2,6.998386234E-4,1.584083191E-3,9.998390675E-1,1.779537336E2,1.829258055E-1,-7.694143205E-2,1.779536077E2
1.094070213E2,1.785295859E-2,7.012499264E-4,1.581173739E-3,9.998391271E-1,1.779540930E2,1.825951058E-1,-7.710965565E-2,1.779539670E2
1.094120213E2,1.785628322E-2,6.987786619E-4,1.582416007E-3,9.998390675E-1,1.779537119E2,1.827326357E-1,-7.682336584E-2,1.779535863E2
1.094170213E2,1.785902985E-2,6.964348140E-4,1.590095577E-3,9.998390079E-1,1.779533971E2,1.836079243E-1,-7.653860462E-2,1.779532714E2
1.094220213E2,1.784892603E-2,7.056368631E-4,1.587047125E-3,9.998391867E-1,1.779545551E2,1.832767038E-1,-7.760100357E-2,1.779544279E2
1.094270213E2,1.784556112E-2,7.076574257E-4,1.586436760E-3,9.998392463E-1,1.779549408E2,1.832106436E-1,-7.783437092E-2,1.779548132E2
1.094320213E2,1.785232384E-2,7.026670501E-4,1.587698003E-3,9.998391271E-1,1.779541657E2,1.833454643E-1,-7.725878823E-2,1.779540390E2
1.094370213E2,1.785228268E-2,7.014326402E-4,1.588706276E-3,9.998391271E-1,1.779541704E2,1.834584568E-1,-7.711530275E-2,1.779540439E2
1.094420213E2,1.784209290E-2,7.097254274E-4,1.586957136E-3,9.998393059E-1,1.779553383E2,1.832742239E-1,-7.807087999E-2,1.779552103E2
1.094470213E2,1.784885840E-2,7.059168420E-4,1.587683102E-3,9.998391867E-1,1.779545629E2,1.833501374E-1,-7.763179317E-2,1.779544356E2
1.094520213E2,1.785225838E-2,7.025063387E-4,1.588504994E-3,9.998391271E-1,1.779541732E2,1.834375902E-1,-7.723873604E-2,1.779540465E2
1.094570213E2,1.785574040E-2,6.995380973E-4,1.588195097E-3,9.998390675E-1,1.779537741E2,1.833962787E-1,-7.689865052E-2,1.779536480E2
1.094620213E2,1.784917760E-2,7.035812014E-4,1.585129299E-3,9.998391867E-1,1.779545263E2,1.830527859E-1,-7.736935666E-2,1.779543996E2
1.094670213E2,1.785595276E-2,7.000416517E-4,1.585583552E-3,9.998390675E-1,1.779537498E2,1.830981117E-1,-7.696164932E-2,1.779536237E2
1.094720213E2,1.785598259E-2,6.986087537E-4,1.585879596E-3,9.998390675E-1,1.779537464E2,1.831291003E-1,-7.679686641E-2,1.779536206E2
1.094770213E2,1.785602960E-2,7.003357750E-4,1.584588084E-3,9.998390675E-1,1.779537410E2,1.829846653E-1,-7.699737089E-2,1.779536150E2
1.094820213E2,1.784892940E-2,7.047073450E-4,1.587422215E-3,9.998391867E-1,1.779545547E2,1.833177779E-1,-7.749373787E-2,1.779544277E2
1.094870213E2,1.784862089E-2,7.056918694E-4,1.590450760E-3,9.998391867E-1,1.779545901E2,1.836667591E-1,-7.760039985E-2,1.779544626E2
1.094920213E2,1.785172064E-2,7.020097109E-4,1.594755449E-3,9.998391271E-1,1.779542348E2,1.841526692E-1,-7.716914739E-2,1.779541077E2
1.094970213E2,1.784832986E-2,7.058553747E-4,1.593641005E-3,9.998391867E-1,1.779546234E2,1.840325886E-1,-7.761266131E-2,1.779544957E2
1.095020213E2,1.784829869E-2,7.051050779E-4,1.594322152E-3,9.998391867E-1,1.779546270E2,1.841090927E-1,-7.752530995E-2,1.779544994E2
1.095070213E2,1.785829489E-2,6.986916414E-4,1.597343478E-3,9.998390079E-1,1.779534814E2,1.844429048E-1,-7.678247832E-2,1.779533547E2
1.095120213E2,1.785532481E-2,6.992062554E-4,1.593006309E-3,9.998390675E-1,1.779538218E2,1.839468051E-1,-7.685086188E-2,1.779536953E2
1.095170213E2,1.785173409E-2,7.028158871E-4,1.594249741E-3,9.998391271E-1,1.779542333E2,1.840963790E-1,-7.726254563E-2,1.779541061E2
1.095220213E2,1.785535359E-2,7.009428227E-4,1.591920154E-3,9.998390675E-1,1.779538185E2,1.838259165E-1,-7.705204309E-2,1.779536918E2
1.095270213E2,1.785898838E-2,6.983645726E-4,1.589714899E-3,9.998390079E-1,1.779534019E2,1.835682555E-1,-7.676048987E-2,1.779532758E2
1.095320213E2,1.785863144E-2,6.977607845E-4,1.593984198E-3,9.998390079E-1,1.779534428E2,1.840561408E-1,-7.668264005E-2,1.779533165E2
1.095370213E2,1.786197756E-2,6.964448839E-4,1.594454399E-3,9.998389482E-1,1.779530593E2,1.841075761E-1,-7.653029472E-2,1.779529332E2
1.095420213E2,1.785853177E-2,6.987060769E-4,1.594686648E-3,9.998390079E-1,1.779534542E2,1.841385501E-1,-7.678952592E-2,1.779533277E2
1.095470213E2,1.785534897E-2,6.995773292E-4,1.592572546E-3,9.998390675E-1,1.779538190E2,1.838978686E-1,-7.689426010E-2,1.779536925E2
1.095520213E2,1.785893200E-2,6.984526408E-4,1.590309548E-3,9.998390079E-1,1.779534083E2,1.836365625E-1,-7.676937346E-2,1.779532822E2
1.095570213E2,1.785551439E-2,6.997392047E-4,1.590645639E-3,9.998390675E-1,1.779538000E2,1.836774401E-1,-7.691671914E-2,1.779536737E2
1.095620213E2,1.785580837E-2,7.000520127E-4,1.587204169E-3,9.998390675E-1,1.779537663E2,1.832838016E-1,-7.695954666E-2,1.779536402E2
1.095670213E2,1.786579737E-2,6.915113190E-4,1.591178589E-3,9.998388886E-1,1.779526215E2,1.837224452E-1,-7.597104420E-2,1.779524966E2
1.095720213E2,1.786230262E-2,6.942325854E-4,1.591775450E-3,9.998389482E-1,1.779530220E2,1.837961353E-1,-7.628224865E-2,1.779528966E2
1.095770213E2,1.786219491E-2,6.959447637E-4,1.592236338E-3,9.998389482E-1,1.779530344E2,1.838524379E-1,-7.647749468E-2,1.779529086E2
1.095820213E2,1.786575907E-2,6.933471304E-4,1.590809668E-3,9.998388886E-1,1.779526259E2,1.836839329E-1,-7.618214124E-2,1.779525007E2
1.095870213E2,1.786209369E-2,6.944889901E-4,1.594006550E-3,9.998389482E-1,1.779530460E2,1.840522691E-1,-7.630709715E-2,1.779529203E2
1.095920213E2,1.786214706E-2,6.960834144E-4,1.592712477E-3,9.998389482E-1,1.779530399E2,1.839072709E-1,-7.649241448E-2,1.779529140E2
1.095970213E2,1.786312265E-2,6.939877640E-4,1.582653727E-3,9.998389482E-1,1.779529280E2,1.827505890E-1,-7.627272094E-2,1.779528034E2
1.096020213E2,1.786712148E-2,6.913635880E-4,1.576305600E-3,9.998388886E-1,1.779524697E2,1.820181932E-1,-7.598432805E-2,1.779523460E2
1.096070213E2,1.787384753E-2,6.869388162E-4,1.577600255E-3,9.998387694E-1,1.779516989E2,1.821579730E-1,-7.547349178E-2,1.779515759E2
1.096120213E2,1.787368778E-2,6.881966256E-4,1.578861498E-3,9.998387694E-1,1.779517172E2,1.823050427E-1,-7.561504863E-2,1.779515938E2
1.096170213E2,1.786719562E-2,6.915310514E-4,1.575391507E-3,9.998388886E-1,1.779524612E2,1.819138109E-1,-7.600537302E-2,1.779523376E2
1.096220213E2,1.787735302E-2,6.842631847E-4,1.576818293E-3,9.998387098E-1,1.779512971E2,1.820631633E-1,-7.516789968E-2,1.779511747E2
1.096270213E2,1.787061378E-2,6.897838321E-4,1.575215603E-3,9.998388290E-1,1.779520695E2,1.818903383E-1,-7.580492695E-2,1.779519461E2
1.096320213E2,1.786082371E-2,6.956404541E-4,1.570169814E-3,9.998390079E-1,1.779531915E2,1.813234712E-1,-7.648804748E-2,1.779530675E2
1.096370213E2,1.786787780E-2,6.907654461E-4,1.567972824E-3,9.998388886E-1,1.779523831E2,1.810623106E-1,-7.593272184E-2,1.779522601E2
1.096420213E2,1.787445082E-2,6.868657074E-4,1.570782042E-3,9.998387694E-1,1.779516297E2,1.813766825E-1,-7.547897190E-2,1.779515072E2
1.096470213E2,1.787737869E-2,6.856998079E-4,1.575902919E-3,9.998387098E-1,1.779512942E2,1.819612313E-1,-7.533436877E-2,1.779511715E2
1.096520213E2,1.787369237E-2,6.869334029E-4,1.579359523E-3,9.998387694E-1,1.779517167E2,1.823595157E-1,-7.546929631E-2,1.779515935E2
1.096570213E2,1.788408870E-2,6.803940050E-4,1.577700372E-3,9.998385906E-1,1.779505251E2,1.821568017E-1,-7.472156142E-2,1.779504033E2
1.096620213E2,1.788734164E-2,6.766620209E-4,1.580199576E-3,9.998385310E-1,1.779501523E2,1.824357363E-1,-7.428826076E-2,1.779500310E2
1.096670213E2,1.788739911E-2,6.775048096E-4,1.579187578E-3,9.998385310E-1,1.779501457E2,1.823215202E-1,-7.438688565E-2,1.779500243E2
1.096720213E2,1.788433016E-2,6.787779857E-4,1.575658098E-3,9.998385906E-1,1.779504975E2,1.819195170E-1,-7.454055076E-2,1.779503761E2
1.096770213E2,1.789462883E-2,6.734153721E-4,1.574498019E-3,9.998384118E-1,1.779493171E2,1.817763722E-1,-7.392664471E-2,1.779491969E2
1.096820213E2,1.789779207E-2,6.698792567E-4,1.577898627E-3,9.998383522E-1,1.779489546E2,1.821589717E-1,-7.351395113E-2,1.779488347E2
1.096870213E2,1.789420679E-2,6.730867317E-4,1.579427393E-3,9.998384118E-1,1.779493655E2,1.823404422E-1,-7.387895967E-2,1.779492449E2
1.096920213E2,1.789100378E-2,6.747239968E-4,1.577280695E-3,9.998384714E-1,1.779497326E2,1.820976082E-1,-7.407153166E-2,1.779496119E2
1.096970213E2,1.789736549E-2,6.692174356E-4,1.583009725E-3,9.998383522E-1,1.779490035E2,1.827431788E-1,-7.342771906E-2,1.779488834E2
1.097020213E2,1.789039686E-2,6.745571154E-4,1.584221027E-3,9.998384714E-1,1.779498022E2,1.828923987E-1,-7.403829293E-2,1.779496809E2
1.097070213E2,1.788353197E-2,6.802895805E-4,1.584043377E-3,9.998385906E-1,1.779505889E2,1.828832861E-1,-7.469669908E-2,1.779504667E2
1.097120213E2,1.789400146E-2,6.730007008E-4,1.581788529E-3,9.998384118E-1,1.779493890E2,1.826107740E-1,-7.386429848E-2,1.779492683E2
1.097170213E2,1.789723206E-2,6.699456717E-4,1.584209735E-3,9.998383522E-1,1.779490188E2,1.828821519E-1,-7.350871848E-2,1.779488984E2
1.097220213E2,1.789390157E-2,6.720366073E-4,1.583327656E-3,9.998384118E-1,1.779494005E2,1.827851325E-1,-7.375070141E-2,1.779492798E2
1.097270213E2,1.789400224E-2,6.731707836E-4,1.581707387E-3,9.998384118E-1,1.779493889E2,1.826018262E-1,-7.388395164E-2,1.779492682E2
1.097320213E2,1.790078927E-2,6.672324962E-4,1.582781551E-3,9.998382926E-1,1.779486111E2,1.827132152E-1,-7.320014075E-2,1.779484913E2
1.097370213E2,1.789425207E-2,6.730495952E-4,1.578930067E-3,9.998384118E-1,1.779493603E2,1.822833890E-1,-7.387571641E-2,1.779492398E2
1.097420213E2,1.788061073E-2,6.821790594E-4,1.578576746E-3,9.998386502E-1,1.779509237E2,1.822606092E-1,-7.492491852E-2,1.779508015E2
1.097470213E2,1.789044802E-2,6.759705720E-4,1.583040343E-3,9.998384714E-1,1.779497963E2,1.827600257E-1,-7.420264833E-2,1.779496749E2
1.097520213E2,1.789059932E-2,6.756866933E-4,1.581450808E-3,9.998384714E-1,1.779497790E2,1.825773364E-1,-7.417335473E-2,1.779496577E2
1.097570213E2,1.789062346E-2,6.761491532E-4,1.580980024E-3,9.998384714E-1,1.779497762E2,1.825243472E-1,-7.422730100E-2,1.779496549E2
1.097620213E2,1.788396179E-2,6.789952167E-4,1.579740318E-3,9.998385906E-1,1.779505397E2,1.823876487E-1,-7.455714020E-2,1.779504180E2
1.097670213E2,1.789095836E-2,6.743664853E-4,1.577948686E-3,9.998384714E-1,1.779497378E2,1.821734058E-1,-7.402920918E-2,1.779496171E2
1.097720213E2,1.789092095E-2,6.748885498E-4,1.578149619E-3,9.998384714E-1,1.779497421E2,1.821974951E-1,-7.408861857E-2,1.779496213E2
1.097770213E2,1.788735094E-2,6.779821706E-4,1.579528325E-3,9.998385310E-1,1.779501512E2,1.823615359E-1,-7.444088868E-2,1.779500298E2
1.097820213E2,1.788426081E-2,6.791359046E-4,1.576290815E-3,9.998385906E-1,1.779505054E2,1.819927380E-1,-7.458027449E-2,1.779503839E2
1.097870213E2,1.788070968E-2,6.831485662E-4,1.577035990E-3,9.998386502E-1,1.779509124E2,1.820860737E-1,-7.503913707E-2,1.779507901E2
1.097920213E2,1.788098825E-2,6.820653216E-4,1.574344002E-3,9.998386502E-1,1.779508805E2,1.817754443E-1,-7.492049188E-2,1.779507586E2
1.097970213E2,1.787734498E-2,6.837227847E-4,1.577143790E-3,9.998387098E-1,1.779512980E2,1.820993488E-1,-7.510531899E-2,1.779511757E2
1.098020213E2,1.787749195E-2,6.850533537E-4,1.574898837E-3,9.998387098E-1,1.779512812E2,1.818448741E-1,-7.526233897E-2,1.779511587E2
1.098070213E2,1.787802843E-2,6.846192409E-4,1.568986569E-3,9.998387098E-1,1.779512197E2,1.811666359E-1,-7.522461678E-2,1.779510978E2
1.098120213E2,1.788151605E-2,6.826904719E-4,1.568065840E-3,9.998386502E-1,1.779508200E2,1.810574544E-1,-7.500488651E-2,1.779506985E2
1.098170213E2,1.787791075E-2,6.835872773E-4,1.570776454E-3,9.998387098E-1,1.779512332E2,1.813695859E-1,-7.510273572E-2,1.779511113E2
1.098220213E2,1.788120680E-2,6.812206702E-4,1.572226058E-3,9.998386502E-1,1.779508554E2,1.815310695E-1,-7.482801781E-2,1.779507339E2
1.098270213E2,1.789136719E-2,6.749999011E-4,1.573034795E-3,9.998384714E-1,1.779496909E2,1.816117336E-1,-7.411178215E-2,1.779495705E2
1.098320213E2,1.789102680E-2,6.755432696E-4,1.576668816E-3,9.998384714E-1,1.779497300E2,1.820291848E-1,-7.416664862E-2,1.779496091E2
1.098370213E2,1.789076093E-2,6.755361683E-4,1.579685835E-3,9.998384714E-1,1.779497604E2,1.823748208E-1,-7.415969774E-2,1.779496394E2
1.098420213E2,1.789081340E-2,6.749155000E-4,1.579356845E-3,9.998384714E-1,1.779497544E2,1.823358585E-1,-7.408925080E-2,1.779496335E2
1.098470213E2,1.789765431E-2,6.710089510E-4,1.578980824E-3,9.998383522E-1,1.779489704E2,1.822852699E-1,-7.364118915E-2,1.779488502E2
1.098520213E2,1.789390613E-2,6.720740930E-4,1.583260251E-3,9.998384118E-1,1.779494000E2,1.827774869E-1,-7.375513365E-2,1.779492793E2
1.098570213E2,1.788993198E-2,6.744394195E-4,1.589511987E-3,9.998384714E-1,1.779498554E2,1.834983264E-1,-7.401404587E-2,1.779497339E2
1.098620213E2,1.788640866E-2,6.772255292E-4,1.590485452E-3,9.998385310E-1,1.779502592E2,1.836153104E-1,-7.433191036E-2,1.779501371E2
1.098670213E2,1.789668780E-2,6.718568038E-4,1.589540043E-3,9.998383522E-1,1.779490812E2,1.834967436E-1,-7.371685022E-2,1.779489601E2
1.098720213E2,1.789323162E-2,6.735081552E-4,1.590258558E-3,9.998384118E-1,1.779494773E2,1.835821981E-1,-7.390521159E-2,1.779493558E2
1.098770213E2,1.788988522E-2,6.751556648E-4,1.589734224E-3,9.998384714E-1,1.779498608E2,1.835252540E-1,-7.409566127E-2,1.779497391E2
1.098820213E2,1.789707239E-2,6.705029518E-4,1.585777034E-3,9.998383522E-1,1.779490371E2,1.830628541E-1,-7.356938249E-2,1.779489165E2
1.098870213E2,1.789357423E-2,6.719776429E-4,1.587047707E-3,9.998384118E-1,1.779494380E2,1.832112065E-1,-7.373637727E-2,1.779493171E2
1.098920213E2,1.788991289E-2,6.749345921E-4,1.589516643E-3,9.998384714E-1,1.779498576E2,1.834998738E-1,-7.407077328E-2,1.779497360E2
1.098970213E2,1.788309776E-2,6.793935318E-4,1.589321299E-3,9.998385906E-1,1.779506387E2,1.834861267E-1,-7.458329896E-2,1.779505162E2
1.099020213E2,1.787974681E-2,6.819365080E-4,1.588436193E-3,9.998386502E-1,1.779510228E2,1.833896783E-1,-7.487708420E-2,1.779508999E2
1.099070213E2,1.788604219E-2,6.770992186E-4,1.594654983E-3,9.998385310E-1,1.779503012E2,1.840927417E-1,-7.430895951E-2,1.779501788E2
1.099120213E2,1.788238494E-2,6.796290982E-4,1.597221475E-3,9.998385906E-1,1.779507204E2,1.843917069E-1,-7.459422955E-2,1.779505973E2
1.099170213E2,1.788281788E-2,6.815188099E-4,1.591558917E-3,9.998385906E-1,1.779506708E2,1.837468335E-1,-7.482226438E-2,1.779505477E2
1.099220213E2,1.789299594E-2,6.729196757E-4,1.593156834E-3,9.998384118E-1,1.779495043E2,1.839130393E-1,-7.383188801E-2,1.779493827E2
1.099270213E2,1.788891339E-2,6.758881500E-4,1.600323711E-3,9.998384714E-1,1.779499722E2,1.847399577E-1,-7.415805384E-2,1.779498495E2
1.099320213E2,1.787947439E-2,6.836598041E-4,1.590760192E-3,9.998386502E-1,1.779510540E2,1.836594579E-1,-7.506981577E-2,1.779509306E2
1.099370213E2,1.787647422E-2,6.855604006E-4,1.586190192E-3,9.998387098E-1,1.779513978E2,1.831395260E-1,-7.529748633E-2,1.779512744E2
1.099420213E2,1.787544255E-2,6.857244880E-4,1.597704133E-3,9.998387098E-1,1.779515161E2,1.844589766E-1,-7.529288898E-2,1.779513918E2
1.099470213E2,1.787202928E-2,6.891262601E-4,1.597124734E-3,9.998387694E-1,1.779519073E2,1.843993038E-1,-7.568445704E-2,1.779517824E2
1.099520213E2,1.786613085E-2,6.917174323E-4,1.587340026E-3,9.998388886E-1,1.779525833E2,1.832830952E-1,-7.600245718E-2,1.779524586E2
1.099570213E2,1.786910449E-2,6.892355741E-4,1.592482906E-3,9.998388290E-1,1.779522425E2,1.838674759E-1,-7.570702633E-2,1.779521179E2
1.099620213E2,1.787537558E-2,6.867555785E-4,1.598010538E-3,9.998387098E-1,1.779515237E2,1.844961899E-1,-7.541040893E-2,1.779513992E2
1.099670213E2,1.786573946E-2,6.932882825E-4,1.591055538E-3,9.998388886E-1,1.779526281E2,1.837119810E-1,-7.617489906E-2,1.779525029E2
1.099720213E2,1.786959892E-2,6.896583945E-4,1.586741535E-3,9.998388290E-1,1.779521858E2,1.832105705E-1,-7.576713663E-2,1.779520616E2
1.099770213E2,1.787597165E-2,6.854030071E-4,1.591911889E-3,9.998387098E-1,1.779514554E2,1.837947203E-1,-7.526782407E-2,1.779513316E2
1.099820213E2,1.788258095E-2,6.814206718E-4,1.594260801E-3,9.998385906E-1,1.779506979E2,1.840561787E-1,-7.480552692E-2,1.779505747E2
1.099870213E2,1.787282536E-2,6.870668149E-4,1.589083346E-3,9.998387694E-1,1.779518160E2,1.834738156E-1,-7.546482353E-2,1.779516921E2
1.099920213E2,1.787630462E-2,6.861294387E-4,1.587854698E-3,9.998387098E-1,1.779514173E2,1.833313873E-1,-7.535930396E-2,1.779512936E2
1.099970213E2,1.787951820E-2,6.830421626E-4,1.590533066E-3,9.998386502E-1,1.779510490E2,1.836321729E-1,-7.499950799E-2,1.779509257E2
1.100020213E2,1.786273727E-2,6.938173319E-4,1.587071922E-3,9.998389482E-1,1.779529722E2,1.832564186E-1,-7.624422020E-2,1.779528472E2
1.100070213E2,1.786614231E-2,6.924305344E-4,1.586899976E-3,9.998388886E-1,1.779525820E2,1.832341382E-1,-7.608505840E-2,1.779524572E2
1.100120213E2,1.787247356E-2,6.886890042E-4,1.592334476E-3,9.998387694E-1,1.779518563E2,1.838496053E-1,-7.564408854E-2,1.779517319E2
1.100170213E2,1.786212989E-2,6.945311325E-4,1.593582449E-3,9.998389482E-1,1.779530418E2,1.840037674E-1,-7.631278700E-2,1.779529162E2
1.100220213E2,1.785872389E-2,6.972139818E-4,1.593187451E-3,9.998390079E-1,1.779534322E2,1.839637426E-1,-7.662160472E-2,1.779533061E2
1.100270213E2,1.784829608E-2,7.045435486E-4,1.594599569E-3,9.998391867E-1,1.779546273E2,1.841397285E-1,-7.746040680E-2,1.779544997E2
1.100320213E2,1.785844668E-2,6.981440820E-4,1.595885260E-3,9.998390079E-1,1.779534640E2,1.842747225E-1,-7.672269903E-2,1.779533375E2
1.100370213E2,1.785830291E-2,6.970291724E-4,1.597980037E-3,9.998390079E-1,1.779534804E2,1.845124355E-1,-7.659069977E-2,1.779533540E2
1.100420213E2,1.785832286E-2,6.988663808E-4,1.596954302E-3,9.998390079E-1,1.779534782E2,1.843986753E-1,-7.680329007E-2,1.779533515E2
1.100470213E2,1.785495796E-2,6.993988645E-4,1.597028458E-3,9.998390675E-1,1.779538638E2,1.844080029E-1,-7.686476726E-2,1.779537370E2
1.100520213E2,1.786204956E-2,6.942055188E-4,1.594624366E-3,9.998389482E-1,1.779530510E2,1.841224708E-1,-7.627336242E-2,1.779529254E2
1.100570213E2,1.786157522E-2,6.966833607E-4,1.598851406E-3,9.998389482E-1,1.779531054E2,1.846118140E-1,-7.654869154E-2,1.779529790E2
1.100620213E2,1.785813265E-2,6.975486758E-4,1.599655137E-3,9.998390079E-1,1.779535000E2,1.847054078E-1,-7.664682421E-2,1.779533733E2
1.100670213E2,1.785869741E-2,6.965818466E-4,1.593760680E-3,9.998390079E-1,1.779534352E2,1.840281236E-1,-7.654801071E-2,1.779533092E2
1.100720213E2,1.787915916E-2,6.835037493E-4,1.594366156E-3,9.998386502E-1,1.779510901E2,1.840722623E-1,-7.504460564E-2,1.779509665E2
1.100770213E2,1.787894969E-2,6.837734254E-4,1.596597955E-3,9.998386502E-1,1.779511141E2,1.843285040E-1,-7.507096909E-2,1.779509903E2
1.100820213E2,1.786166945E-2,6.951016258E-4,1.598487026E-3,9.998389482E-1,1.779530946E2,1.845668348E-1,-7.636819564E-2,1.779529685E2
1.100870213E2,1.786849449E-2,6.907850038E-4,1.598644303E-3,9.998388290E-1,1.779523124E2,1.845765356E-1,-7.587204479E-2,1.779521871E2
1.100920213E2,1.787513102E-2,6.859446294E-4,1.601091470E-3,9.998387098E-1,1.779515518E2,1.848475031E-1,-7.531122989E-2,1.779514272E2
1.100970213E2,1.787194652E-2,6.890126388E-4,1.598099479E-3,9.998387694E-1,1.779519167E2,1.845107448E-1,-7.566945797E-2,1.779517918E2
1.101020213E2,1.787541401E-2,6.857038825E-4,1.598032308E-3,9.998387098E-1,1.779515193E2,1.844965324E-1,-7.528986114E-2,1.779513950E2
1.101070213E2,1.788509025E-2,6.798128597E-4,1.604149118E-3,9.998385310E-1,1.779504103E2,1.851860093E-1,-7.460058582E-2,1.779502867E2
1.101120213E2,1.788231105E-2,6.818983820E-4,1.597081427E-3,9.998385906E-1,1.779507289E2,1.843803066E-1,-7.485452907E-2,1.779506053E2
1.101170213E2,1.786448290E-2,6.928096409E-4,1.605309430E-3,9.998388886E-1,1.779527722E2,1.853440235E-1,-7.609110922E-2,1.779526459E2
1.101220213E2,1.786741722E-2,6.912040408E-4,1.610460109E-3,9.998388290E-1,1.779524358E2,1.859310901E-1,-7.589606019E-2,1.779523096E2
1.101270213E2,1.787468106E-2,6.867446355E-4,1.605765196E-3,9.998387098E-1,1.779516033E2,1.853845931E-1,-7.539339855E-2,1.779514782E2
1.101320213E2,1.787071183E-2,6.880640867E-4,1.612252905E-3,9.998387694E-1,1.779520583E2,1.861303158E-1,-7.553202158E-2,1.779519324E2
1.101370213E2,1.787336413E-2,6.869027275E-4,1.620290801E-3,9.998387098E-1,1.779517543E2,1.870490667E-1,-7.538200352E-2,1.779516281E2
1.101420213E2,1.786699929E-2,6.918752915E-4,1.614802750E-3,9.998388290E-1,1.779524837E2,1.864299844E-1,-7.596415349E-2,1.779523570E2
1.101470213E2,1.786755871E-2,6.916350103E-4,1.608704333E-3,9.998388290E-1,1.779524196E2,1.857308180E-1,-7.594900653E-2,1.779522934E2
1.101520213E2,1.786986772E-2,6.900490844E-4,1.620738418E-3,9.998387694E-1,1.779521550E2,1.871065323E-1,-7.574222892E-2,1.779520281E2
1.101570213E2,1.787012528E-2,6.899178261E-4,1.617952017E-3,9.998387694E-1,1.779521255E2,1.867870353E-1,-7.573284831E-2,1.779519989E2
1.101620213E2,1.786373637E-2,6.926436909E-4,1.613666769E-3,9.998388886E-1,1.779528577E2,1.863011565E-1,-7.605512536E-2,1.779527309E2
1.101670213E2,1.787010915E-2,6.887509371E-4,1.618627226E-3,9.998387694E-1,1.779521273E2,1.868620052E-1,-7.559777445E-2,1.779520009E2
1.101720213E2,1.786971998E-2,6.894735270E-4,1.622611191E-3,9.998387694E-1,1.779521719E2,1.873199124E-1,-7.567247801E-2,1.779520450E2
1.101770213E2,1.786331259E-2,6.932821707E-4,1.618077862E-3,9.998388886E-1,1.779529063E2,1.868078258E-1,-7.611932695E-2,1.779527790E2
1.101820213E2,1.787745859E-2,6.845791941E-4,1.612866647E-3,9.998386502E-1,1.779512850E2,1.861940035E-1,-7.513023320E-2,1.779511598E2
1.101870213E2,1.787727286E-2,6.835457752E-4,1.615361660E-3,9.998386502E-1,1.779513063E2,1.864777344E-1,-7.500675421E-2,1.779511811E2
1.101920213E2,1.786664501E-2,6.920144660E-4,1.618658425E-3,9.998388290E-1,1.779525244E2,1.868720007E-1,-7.597227073E-2,1.779523973E2
1.101970213E2,1.787733325E-2,6.851548096E-4,1.614011126E-3,9.998386502E-1,1.779512994E2,1.863263004E-1,-7.519386189E-2,1.779511740E2
1.102020213E2,1.788420830E-2,6.801306154E-4,1.613818109E-3,9.998385310E-1,1.779505114E2,1.862944045E-1,-7.461733876E-2,1.779503870E2
1.102070213E2,1.787713371E-2,6.850953796E-4,1.616244903E-3,9.998386502E-1,1.779513222E2,1.865820952E-1,-7.518251366E-2,1.779511967E2
1.102120213E2,1.787727997E-2,6.837220863E-4,1.615208341E-3,9.998386502E-1,1.779513055E2,1.864605299E-1,-7.502726749E-2,1.779511802E2
1.102170213E2,1.788801556E-2,6.769676693E-4,1.609874889E-3,9.998384714E-1,1.779500751E2,1.858364157E-1,-7.426232423E-2,1.779499515E2
1.102220213E2,1.788465197E-2,6.788207102E-4,1.609446947E-3,9.998385310E-1,1.779504606E2,1.857909334E-1,-7.447613514E-2,1.779503367E2
1.102270213E2,1.787711415E-2,6.846250617E-4,1.616660506E-3,9.998386502E-1,1.779513245E2,1.866287471E-1,-7.512778008E-2,1.779511990E2
1.102320213E2,1.788081502E-2,6.805066951E-4,1.614332083E-3,9.998385906E-1,1.779509003E2,1.863538097E-1,-7.466000644E-2,1.779507758E2
1.102370213E2,1.788756567E-2,6.766712177E-4,1.614990295E-3,9.998384714E-1,1.779501266E2,1.864218642E-1,-7.421795645E-2,1.779500028E2
1.102420213E2,1.790418806E-2,6.655289326E-4,1.619924209E-3,9.998381734E-1,1.779482215E2,1.869655290E-1,-7.292812811E-2,1.779480994E2
1.102470213E2,1.790383648E-2,6.656819023E-4,1.623742632E-3,9.998381734E-1,1.779482618E2,1.874033070E-1,-7.293788560E-2,1.779481394E2
1.102520213E2,1.789440290E-2,6.726977881E-4,1.614709152E-3,9.998383522E-1,1.779493430E2,1.863820110E-1,-7.376201011E-2,1.779492199E2
1.102570213E2,1.789755096E-2,6.701895036E-4,1.617766684E-3,9.998382926E-1,1.779489822E2,1.867274100E-1,-7.346777031E-2,1.779488594E2
1.102620213E2,1.789385393E-2,6.713137846E-4,1.621355186E-3,9.998383522E-1,1.779494059E2,1.871405911E-1,-7.358991447E-2,1.779492826E2
1.102670213E2,1.788031122E-2,6.826708559E-4,1.618991722E-3,9.998385906E-1,1.779509581E2,1.868920782E-1,-7.489850708E-2,1.779508328E2
1.102720213E2,1.787369384E-2,6.855419488E-4,1.617227215E-3,9.998387098E-1,1.779517165E2,1.866952983E-1,-7.523230833E-2,1.779515908E2
1.102770213E2,1.789058355E-2,6.756702205E-4,1.618877170E-3,9.998384118E-1,1.779497808E2,1.868653683E-1,-7.409473742E-2,1.779496568E2
1.102820213E2,1.788689750E-2,6.759407697E-4,1.622678363E-3,9.998384714E-1,1.779502032E2,1.873011656E-1,-7.411863224E-2,1.779500789E2
1.102870213E2,1.787307295E-2,6.876448169E-4,1.623185468E-3,9.998387098E-1,1.779517876E2,1.873822170E-1,-7.546115255E-2,1.779516611E2
1.102920213E2,1.787655291E-2,6.854636595E-4,1.622500713E-3,9.998386502E-1,1.779513888E2,1.872995560E-1,-7.521200117E-2,1.779512627E2
1.102970213E2,1.787972096E-2,6.809812621E-4,1.626205980E-3,9.998385906E-1,1.779510257E2,1.877151340E-1,-7.469025344E-2,1.779509002E2
1.103020213E2,1.787586007E-2,6.844957825E-4,1.630523009E-3,9.998386502E-1,1.779514682E2,1.882166632E-1,-7.508480419E-2,1.779513417E2
1.103070213E2,1.787274918E-2,6.872961530E-4,1.626893878E-3,9.998387098E-1,1.779518248E2,1.878063638E-1,-7.541367017E-2,1.779516980E2
1.103120213E2,1.787624567E-2,6.839675480E-4,1.626512269E-3,9.998386502E-1,1.779514240E2,1.877560854E-1,-7.503242651E-2,1.779512979E2
1.103170213E2,1.788296768E-2,6.790915504E-4,1.627941849E-3,9.998385310E-1,1.779506536E2,1.879103879E-1,-7.446957632E-2,1.779505283E2
1.103220213E2,1.787964060E-2,6.827514153E-4,1.626347308E-3,9.998385906E-1,1.779510349E2,1.877349479E-1,-7.489279090E-2,1.779509090E2
1.103270213E2,1.787630060E-2,6.856152322E-4,1.625214354E-3,9.998386502E-1,1.779514177E2,1.876107588E-1,-7.522385543E-2,1.779512914E2
1.103320213E2,1.787918876E-2,6.819921546E-4,1.631624647E-3,9.998385906E-1,1.779510867E2,1.883380013E-1,-7.479507196E-2,1.779509606E2
1.103370213E2,1.787547202E-2,6.847312325E-4,1.634673099E-3,9.998386502E-1,1.779515127E2,1.886926066E-1,-7.510335198E-2,1.779513858E2
1.103420213E2,1.786522917E-2,6.921860622E-4,1.634138287E-3,9.998388290E-1,1.779526866E2,1.886458264E-1,-7.596050320E-2,1.779525583E2
1.103470213E2,1.787251515E-2,6.860818830E-4,1.629974460E-3,9.998387098E-1,1.779518516E2,1.881568118E-1,-7.526828187E-2,1.779517248E2
1.103520213E2,1.788253688E-2,6.810118794E-4,1.631867257E-3,9.998385310E-1,1.779507030E2,1.883640392E-1,-7.468163092E-2,1.779505770E2
1.103570213E2,1.787553209E-2,6.849744241E-4,1.633914188E-3,9.998386502E-1,1.779515058E2,1.886061583E-1,-7.513275851E-2,1.779513789E2
1.103620213E2,1.786829051E-2,6.903345929E-4,1.637914917E-3,9.998387694E-1,1.779523358E2,1.890749689E-1,-7.574006361E-2,1.779522076E2
1.103670213E2,1.787099462E-2,6.870207726E-4,1.646170276E-3,9.998387098E-1,1.779520258E2,1.900142315E-1,-7.534297056E-2,1.779518977E2
1.103720213E2,1.787090938E-2,6.877729320E-4,1.646781457E-3,9.998387098E-1,1.779520356E2,1.900857908E-1,-7.542791232E-2,1.779519072E2
1.103770213E2,1.787029126E-2,6.880396977E-4,1.653364627E-3,9.998387098E-1,1.779521065E2,1.908405473E-1,-7.544511223E-2,1.779519775E2
1.103820213E2,1.787337999E-2,6.871060468E-4,1.656407607E-3,9.998386502E-1,1.779517525E2,1.911875126E-1,-7.533131855E-2,1.779516235E2
1.103870213E2,1.785999592E-2,6.951336400E-4,1.653507701E-3,9.998388886E-1,1.779532864E2,1.908706842E-1,-7.625955973E-2,1.779531561E2
1.103920213E2,1.785987456E-2,6.949068047E-4,1.654913300E-3,9.998388886E-1,1.779533003E2,1.910312550E-1,-7.623071680E-2,1.779531699E2
1.103970213E2,1.786970269E-2,6.890248042E-4,1.659305184E-3,9.998387098E-1,1.779521739E2,1.915231509E-1,-7.554592593E-2,1.779520443E2
1.104020213E2,1.786969497E-2,6.894656690E-4,1.659205183E-3,9.998387098E-1,1.779521748E2,1.915125958E-1,-7.559664345E-2,1.779520451E2
1.104070213E2,1.786660052E-2,6.919637672E-4,1.655567903E-3,9.998387694E-1,1.779525295E2,1.911007414E-1,-7.589089841E-2,1.779523996E2
1.104120213E2,1.787309741E-2,6.861912552E-4,1.659832429E-3,9.998386502E-1,1.779517848E2,1.915780112E-1,-7.521954721E-2,1.779516558E2
1.104170213E2,1.785863568E-2,6.956758443E-4,1.667908742E-3,9.998388886E-1,1.779534423E2,1.925216682E-1,-7.629246854E-2,1.779533108E2
1.104220213E2,1.785545740E-2,6.992921117E-4,1.664690441E-3,9.998389482E-1,1.779538066E2,1.921600941E-1,-7.671399301E-2,1.779536746E2
1.104270213E2,1.786572137E-2,6.906350609E-4,1.665579854E-3,9.998387694E-1,1.779526302E2,1.922450581E-1,-7.571833399E-2,1.779524999E2
1.104320213E2,1.786104418E-2,6.948646624E-4,1.678155735E-3,9.998388290E-1,1.779531663E2,1.936942253E-1,-7.617809095E-2,1.779530341E2
1.104370213E2,1.785133565E-2,7.026717067E-4,1.671658014E-3,9.998390079E-1,1.779542790E2,1.929649920E-1,-7.708774215E-2,1.779541458E2
1.104420213E2,1.785876301E-2,6.973440759E-4,1.665847492E-3,9.998388886E-1,1.779534277E2,1.922889279E-1,-7.648779710E-2,1.779532960E2
1.104470213E2,1.786545848E-2,6.908113137E-4,1.668324345E-3,9.998387694E-1,1.779526603E2,1.925598451E-1,-7.573295940E-2,1.779525297E2
1.104520213E2,1.786852790E-2,6.893573445E-4,1.671771519E-3,9.998387098E-1,1.779523086E2,1.929520547E-1,-7.555872364E-2,1.779521780E2
1.104570213E2,1.786816504E-2,6.903140456E-4,1.675251522E-3,9.998387098E-1,1.779523501E2,1.933527027E-1,-7.566127998E-2,1.779522191E2
1.104620213E2,1.786915905E-2,6.889189244E-4,1.665193238E-3,9.998387098E-1,1.779522362E2,1.921975079E-1,-7.552184160E-2,1.779521062E2
1.104670213E2,1.787549237E-2,6.839742418E-4,1.670824597E-3,9.998385906E-1,1.779515104E2,1.928330601E-1,-7.494256060E-2,1.779513809E2
1.104720213E2,1.787496039E-2,6.850381033E-4,1.676071901E-3,9.998385906E-1,1.779515713E2,1.934364017E-1,-7.505380425E-2,1.779514413E2
1.104770213E2,1.787192880E-2,6.876891712E-4,1.671752892E-3,9.998386502E-1,1.779519188E2,1.929467606E-1,-7.536697766E-2,1.779517885E2
1.104820213E2,1.787578868E-2,6.843488663E-4,1.667497796E-3,9.998385906E-1,1.779514764E2,1.924526867E-1,-7.499224045E-2,1.779513471E2
1.104870213E2,1.788553556E-2,6.776875816E-4,1.672910759E-3,9.998384118E-1,1.779503593E2,1.930599446E-1,-7.421606563E-2,1.779502309E2
1.104920213E2,1.788487591E-2,6.781272823E-4,1.679770881E-3,9.998384118E-1,1.779504349E2,1.938467849E-1,-7.425251044E-2,1.779503059E2
1.104970213E2,1.787849457E-2,6.829072372E-4,1.674802275E-3,9.998385310E-1,1.779511663E2,1.932868352E-1,-7.481158185E-2,1.779510367E2
1.105020213E2,1.787902986E-2,6.807750324E-4,1.669949037E-3,9.998385310E-1,1.779511049E2,1.927264536E-1,-7.457712895E-2,1.779509762E2
1.105070213E2,1.788910654E-2,6.739351666E-4,1.671867794E-3,9.998383522E-1,1.779499500E2,1.929330199E-1,-7.378758851E-2,1.779498225E2
1.105120213E2,1.788574499E-2,6.778733223E-4,1.670594793E-3,9.998384118E-1,1.779503353E2,1.927949926E-1,-7.424205307E-2,1.779502071E2
1.105170213E2,1.787579990E-2,6.835430395E-4,1.667708042E-3,9.998385906E-1,1.779514751E2,1.924751252E-1,-7.489948150E-2,1.779513460E2
1.105220213E2,1.788959093E-2,6.752423942E-4,1.666147495E-3,9.998383522E-1,1.779498945E2,1.922803415E-1,-7.394899548E-2,1.779497671E2
1.105270213E2,1.788244909E-2,6.792055210E-4,1.669663936E-3,9.998384714E-1,1.779507130E2,1.926908268E-1,-7.439723035E-2,1.779505846E2
1.105320213E2,1.787226795E-2,6.875070976E-4,1.668198267E-3,9.998386502E-1,1.779518799E2,1.925391473E-1,-7.535333186E-2,1.779517500E2
1.105370213E2,1.787273087E-2,6.872720551E-4,1.663328381E-3,9.998386502E-1,1.779518269E2,1.919807410E-1,-7.533628764E-2,1.779516973E2
1.105420213E2,1.786936690E-2,6.892939564E-4,1.662805909E-3,9.998387098E-1,1.779522124E2,1.919247671E-1,-7.556965903E-2,1.779520825E2
1.105470213E2,1.786574919E-2,6.923456676E-4,1.664570882E-3,9.998387694E-1,1.779526270E2,1.921329616E-1,-7.591638398E-2,1.779524964E2
1.105520213E2,1.786593981E-2,6.909167278E-4,1.663118019E-3,9.998387694E-1,1.779526052E2,1.919635904E-1,-7.575560386E-2,1.779524749E2
1.105570213E2,1.787657658E-2,6.842348957E-4,1.659076661E-3,9.998385906E-1,1.779513861E2,1.914876735E-1,-7.499628267E-2,1.779512575E2
1.105620213E2,1.787609959E-2,6.840517744E-4,1.664283569E-3,9.998385906E-1,1.779514408E2,1.920838361E-1,-7.496472647E-2,1.779513118E2
1.105670213E2,1.787290024E-2,6.874630344E-4,1.661428483E-3,9.998386502E-1,1.779518074E2,1.917634670E-1,-7.536202762E-2,1.779516780E2
1.105720213E2,1.787332763E-2,6.852897932E-4,1.657724497E-3,9.998386502E-1,1.779517585E2,1.913346687E-1,-7.512053738E-2,1.779516297E2
1.105770213E2,1.788699220E-2,6.759390817E-4,1.657977584E-3,9.998384118E-1,1.779501924E2,1.913455227E-1,-7.404606380E-2,1.779500654E2
1.105820213E2,1.789058984E-2,6.728772423E-4,1.656349748E-3,9.998383522E-1,1.779497800E2,1.911530041E-1,-7.369790838E-2,1.779496538E2
1.105870213E2,1.788732516E-2,6.764489808E-4,1.654173131E-3,9.998384118E-1,1.779501542E2,1.909107034E-1,-7.411221941E-2,1.779500275E2
1.105920213E2,1.789116527E-2,6.736344076E-4,1.649813727E-3,9.998383522E-1,1.779497141E2,1.904057446E-1,-7.379794997E-2,1.779495882E2
1.105970213E2,1.789129483E-2,6.731483154E-4,1.648606616E-3,9.998383522E-1,1.779496992E2,1.902664546E-1,-7.374470718E-2,1.779495735E2
1.106020213E2,1.788446708E-2,6.780136609E-4,1.648398582E-3,9.998384714E-1,1.779504818E2,1.902520887E-1,-7.430387054E-2,1.779503551E2
1.106070213E2,1.788097752E-2,6.803288125E-4,1.649147947E-3,9.998385310E-1,1.779508817E2,1.903424314E-1,-7.456825307E-2,1.779507546E2
1.106120213E2,1.788438385E-2,6.784982397E-4,1.649102080E-3,9.998384714E-1,1.779504913E2,1.903336780E-1,-7.435796423E-2,1.779503645E2
1.106170213E2,1.788121831E-2,6.795228692E-4,1.646867837E-3,9.998385310E-1,1.779508541E2,1.900795575E-1,-7.448054014E-2,1.779507273E2
1.106220213E2,1.788441005E-2,6.774609210E-4,1.649244339E-3,9.998384714E-1,1.779504883E2,1.903478528E-1,-7.423881886E-2,1.779503617E2
1.106270213E2,1.788442218E-2,6.789044128E-4,1.648519072E-3,9.998384714E-1,1.779504869E2,1.902677162E-1,-7.440568833E-2,1.779503601E2
1.106320213E2,1.788775608E-2,6.750581670E-4,1.650076360E-3,9.998384118E-1,1.779501048E2,1.904385027E-1,-7.396118533E-2,1.779499786E2
1.106370213E2,1.788117274E-2,6.805812591E-4,1.646925579E-3,9.998385310E-1,1.779508593E2,1.900883389E-1,-7.460169349E-2,1.779507323E2
1.106420213E2,1.787143994E-2,6.873774691E-4,1.641179319E-3,9.998387098E-1,1.779519748E2,1.894431643E-1,-7.539397548E-2,1.779518469E2
1.106470213E2,1.787827690E-2,6.818828406E-4,1.641631476E-3,9.998385906E-1,1.779511912E2,1.894842261E-1,-7.476221700E-2,1.779510644E2
1.106520213E2,1.788816663E-2,6.755274953E-4,1.645427081E-3,9.998384118E-1,1.779500578E2,1.899068114E-1,-7.402441038E-2,1.779499318E2
1.106570213E2,1.787764939E-2,6.841896684E-4,1.647495083E-3,9.998385906E-1,1.779512631E2,1.901607197E-1,-7.501462324E-2,1.779511354E2
1.106620213E2,1.786396227E-2,6.920964806E-4,1.647967612E-3,9.998388290E-1,1.779528318E2,1.902300209E-1,-7.592216731E-2,1.779527025E2
1.106670213E2,1.786789428E-2,6.908489158E-4,1.642015413E-3,9.998387694E-1,1.779523812E2,1.895458004E-1,-7.579066978E-2,1.779522526E2
1.106720213E2,1.787467774E-2,6.857244298E-4,1.642921357E-3,9.998386502E-1,1.779516037E2,1.896396134E-1,-7.520039971E-2,1.779514760E2
1.106770213E2,1.787146454E-2,6.882211310E-4,1.640557777E-3,9.998387098E-1,1.779519720E2,1.893736821E-1,-7.549190474E-2,1.779518440E2
1.106820213E2,1.786810321E-2,6.890736986E-4,1.640487113E-3,9.998387694E-1,1.779523572E2,1.893670780E-1,-7.559036742E-2,1.779522291E2
1.106870213E2,1.787484008E-2,6.864331081E-4,1.640857896E-3,9.998386502E-1,1.779515851E2,1.894046595E-1,-7.528579127E-2,1.779514574E2
1.106920213E2,1.787769870E-2,6.843610900E-4,1.646888675E-3,9.998385906E-1,1.779512575E2,1.900915964E-1,-7.503549655E-2,1.779511298E2
1.106970213E2,1.788075726E-2,6.818835391E-4,1.650893013E-3,9.998385310E-1,1.779509069E2,1.905455394E-1,-7.474284901E-2,1.779507794E2
1.107020213E2,1.788094375E-2,6.809840561E-4,1.649243641E-3,9.998385310E-1,1.779508856E2,1.903547357E-1,-7.464313671E-2,1.779507583E2
1.107070213E2,1.787413405E-2,6.849098718E-4,1.649164478E-3,9.998386502E-1,1.779516660E2,1.903531998E-1,-7.509438825E-2,1.779515380E2
1.107120213E2,1.788108560E-2,6.815324887E-4,1.647478202E-3,9.998385310E-1,1.779508693E2,1.901535978E-1,-7.470956297E-2,1.779507421E2
1.107170213E2,1.787423126E-2,6.859983550E-4,1.647657831E-3,9.998386502E-1,1.779516549E2,1.901828152E-1,-7.522216683E-2,1.779515268E2
1.107220213E2,1.786403591E-2,6.928035873E-4,1.646871911E-3,9.998388290E-1,1.779528234E2,1.901059360E-1,-7.600541185E-2,1.779526940E2
1.107270213E2,1.787128770E-2,6.878995919E-4,1.642617746E-3,9.998387098E-1,1.779519923E2,1.896090279E-1,-7.545087961E-2,1.779518642E2
1.107320213E2,1.787487677E-2,6.849929923E-4,1.641060109E-3,9.998386502E-1,1.779515809E2,1.894248802E-1,-7.512037155E-2,1.779514535E2
1.107370213E2,1.787142498E-2,6.866119802E-4,1.641662675E-3,9.998387098E-1,1.779519765E2,1.894969750E-1,-7.530528392E-2,1.779518487E2
1.107420213E2,1.787833508E-2,6.825715536E-4,1.640711445E-3,9.998385906E-1,1.779511846E2,1.893802306E-1,-7.484299896E-2,1.779510576E2
1.107470213E2,1.787816864E-2,6.826615427E-4,1.642486663E-3,9.998385906E-1,1.779512036E2,1.895837954E-1,-7.484970371E-2,1.779510766E2
1.107520213E2,1.787101734E-2,6.878547138E-4,1.645575278E-3,9.998387098E-1,1.779520232E2,1.899477703E-1,-7.543973204E-2,1.779518949E2
1.107570213E2,1.786747640E-2,6.906308117E-4,1.646647812E-3,9.998387694E-1,1.779524291E2,1.900760721E-1,-7.575627486E-2,1.779523001E2
1.107620213E2,1.786051881E-2,6.948714727E-4,1.647960627E-3,9.998388886E-1,1.779532265E2,1.902346397E-1,-7.624077632E-2,1.779530966E2
1.107670213E2,1.787076198E-2,6.890738150E-4,1.647836878E-3,9.998387098E-1,1.779520525E2,1.902093675E-1,-7.557482510E-2,1.779519238E2
1.107720213E2,1.787744154E-2,6.839595735E-4,1.649844344E-3,9.998385906E-1,1.779512870E2,1.904293956E-1,-7.498348707E-2,1.779511591E2
1.107770213E2,1.787408594E-2,6.868323544E-4,1.648886362E-3,9.998386502E-1,1.779516715E2,1.903252699E-1,-7.531523191E-2,1.779515432E2
1.107820213E2,1.786721862E-2,6.912037497E-4,1.649202546E-3,9.998387694E-1,1.779524586E2,1.903699307E-1,-7.581673618E-2,1.779523294E2
1.107870213E2,1.787067533E-2,6.892200327E-4,1.648715232E-3,9.998387098E-1,1.779520624E2,1.903102964E-1,-7.558979536E-2,1.779519336E2
1.107920213E2,1.786401981E-2,6.925228518E-4,1.647164579E-3,9.998388290E-1,1.779528252E2,1.901388920E-1,-7.597265101E-2,1.779526959E2
1.107970213E2,1.785394531E-2,6.992292474E-4,1.645019162E-3,9.998390079E-1,1.779539799E2,1.899060417E-1,-7.674732941E-2,1.779538494E2
1.108020213E2,1.786453355E-2,6.923961337E-4,1.641636831E-3,9.998388290E-1,1.779527663E2,1.895053380E-1,-7.596935155E-2,1.779526375E2
1.108070213E2,1.787096469E-2,6.884022150E-4,1.645918121E-3,9.998387098E-1,1.779520293E2,1.899881685E-1,-7.550176883E-2,1.779519008E2
1.108120213E2,1.785800812E-2,6.966715446E-4,1.638217713E-3,9.998389482E-1,1.779535142E2,1.891218526E-1,-7.646743289E-2,1.779533848E2
1.108170213E2,1.785142376E-2,7.009522524E-4,1.635395456E-3,9.998390675E-1,1.779542689E2,1.888067515E-1,-7.696490622E-2,1.779541388E2
1.108220213E2,1.786840832E-2,6.892632809E-4,1.637080684E-3,9.998387694E-1,1.779523223E2,1.889772029E-1,-7.561900602E-2,1.779521943E2
1.108270213E2,1.786831462E-2,6.910154480E-4,1.637364738E-3,9.998387694E-1,1.779523330E2,1.890133291E-1,-7.581919334E-2,1.779522047E2
1.108320213E2,1.785804145E-2,6.980590406E-4,1.637263573E-3,9.998389482E-1,1.779535104E2,1.890153759E-1,-7.662834904E-2,1.779533808E2
1.108370213E2,1.787155897E-2,6.888448843E-4,1.639266848E-3,9.998387098E-1,1.779519612E2,1.892270605E-1,-7.556599612E-2,1.779518331E2
1.108420213E2,1.787449740E-2,6.850539357E-4,1.645161654E-3,9.998386502E-1,1.779516244E2,1.898949047E-1,-7.511902431E-2,1.779514967E2
1.108470213E2,1.786788137E-2,6.904266193E-4,1.642333460E-3,9.998387694E-1,1.779523827E2,1.895813743E-1,-7.574163714E-2,1.779522541E2
1.108520213E2,1.787133693E-2,6.880947039E-4,1.642000279E-3,9.998387098E-1,1.779519866E2,1.895386860E-1,-7.547448947E-2,1.779518585E2
1.108570213E2,1.787151736E-2,6.877962151E-4,1.640160568E-3,9.998387098E-1,1.779519659E2,1.893273061E-1,-7.544402430E-2,1.779518380E2
1.108620213E2,1.786805037E-2,6.894310936E-4,1.640912495E-3,9.998387694E-1,1.779523633E2,1.894165434E-1,-7.563045426E-2,1.779522350E2
1.108670213E2,1.786141561E-2,6.946284557E-4,1.638315152E-3,9.998388886E-1,1.779531237E2,1.891290947E-1,-7.623250580E-2,1.779529946E2
1.108720213E2,1.786190561E-2,6.957279984E-4,1.632496016E-3,9.998388886E-1,1.779530675E2,1.884646642E-1,-7.637030269E-2,1.779529387E2
1.108770213E2,1.786189902E-2,6.949093658E-4,1.632916741E-3,9.998388886E-1,1.779530683E2,1.885111917E-1,-7.627564942E-2,1.779529396E2
1.108820213E2,1.786200158E-2,6.942760083E-4,1.632064115E-3,9.998388886E-1,1.779530565E2,1.884122146E-1,-7.620480961E-2,1.779529280E2
1.108870213E2,1.785469548E-2,6.994927535E-4,1.636744244E-3,9.998390079E-1,1.779538939E2,1.889585520E-1,-7.679430921E-2,1.779537640E2
1.108920213E2,1.785469752E-2,7.006996893E-4,1.636205707E-3,9.998390079E-1,1.779538937E2,1.888993199E-1,-7.693369319E-2,1.779537636E2
1.108970213E2,1.786173608E-2,6.955558783E-4,1.634423155E-3,9.998388886E-1,1.779530870E2,1.886850980E-1,-7.634666957E-2,1.779529580E2
1.109020213E2,1.786223908E-2,6.953132688E-4,1.629020320E-3,9.998388886E-1,1.779530293E2,1.880656180E-1,-7.632983768E-2,1.779529008E2
1.109070213E2,1.785906934E-2,6.970388349E-4,1.626450685E-3,9.998389482E-1,1.779533926E2,1.877744959E-1,-7.653339654E-2,1.779532640E2
1.109120213E2,1.786253432E-2,6.933113909E-4,1.626634505E-3,9.998388886E-1,1.779529955E2,1.877881909E-1,-7.610530454E-2,1.779528676E2
1.109170213E2,1.786945599E-2,6.895936094E-4,1.625464880E-3,9.998387694E-1,1.779522022E2,1.876470955E-1,-7.568044184E-2,1.779520751E2
1.109220213E2,1.786295165E-2,6.950471434E-4,1.621302101E-3,9.998388886E-1,1.779529476E2,1.871808241E-1,-7.631501260E-2,1.779528198E2
1.109270213E2,1.785936736E-2,6.968944799E-4,1.623236923E-3,9.998389482E-1,1.779533584E2,1.874060113E-1,-7.652337885E-2,1.779532301E2
1.109320213E2,1.786932226E-2,6.886621704E-4,1.627328922E-3,9.998387694E-1,1.779522175E2,1.878587475E-1,-7.556993187E-2,1.779520904E2
1.109370213E2,1.786926663E-2,6.895978004E-4,1.627543475E-3,9.998387694E-1,1.779522239E2,1.878852417E-1,-7.567670101E-2,1.779520966E2
1.109420213E2,1.785904790E-2,6.957519217E-4,1.627236954E-3,9.998389482E-1,1.779533951E2,1.878619457E-1,-7.638434567E-2,1.779532666E2
1.109470213E2,1.786256647E-2,6.934978301E-4,1.626201905E-3,9.998388886E-1,1.779529918E2,1.877390106E-1,-7.612754496E-2,1.779528639E2
1.109520213E2,1.786904925E-2,6.906717317E-4,1.629473642E-3,9.998387694E-1,1.779522488E2,1.881085705E-1,-7.579583299E-2,1.779521212E2
1.109570213E2,1.786159657E-2,6.950168754E-4,1.636176137E-3,9.998388886E-1,1.779531030E2,1.888848292E-1,-7.628135243E-2,1.779529740E2
1.109620213E2,1.785188493E-2,7.023990038E-4,1.629730803E-3,9.998390675E-1,1.779542160E2,1.881607279E-1,-7.714216682E-2,1.779540861E2
1.109670213E2,1.785250522E-2,7.007672102E-4,1.623627148E-3,9.998390675E-1,1.779541449E2,1.874581196E-1,-7.696757767E-2,1.779540158E2
1.109720213E2,1.785191045E-2,7.009112742E-4,1.630091807E-3,9.998390675E-1,1.779542131E2,1.881990473E-1,-7.697096958E-2,1.779540834E2
1.109770213E2,1.784472488E-2,7.078584749E-4,1.632645843E-3,9.998391867E-1,1.779550366E2,1.885053278E-1,-7.776306201E-2,1.779549055E2
1.109820213E2,1.783847816E-2,7.104846300E-4,1.626754645E-3,9.998393059E-1,1.779557526E2,1.878352358E-1,-7.807716993E-2,1.779556213E2
1.109870213E2,1.784173828E-2,7.080247160E-4,1.628707512E-3,9.998392463E-1,1.779553789E2,1.880542070E-1,-7.779072436E-2,1.779552480E2
1.109920213E2,1.784054964E-2,7.104873075E-4,1.640612260E-3,9.998392463E-1,1.779555151E2,1.894231191E-1,-7.804875549E-2,1.779553829E2
1.109970213E2,1.783733805E-2,7.115225308E-4,1.638758346E-3,9.998393059E-1,1.779558832E2,1.892125753E-1,-7.817176244E-2,1.779557509E2
1.110020213E2,1.783811983E-2,7.116310298E-4,1.630179235E-3,9.998393059E-1,1.779557936E2,1.882299190E-1,-7.820158328E-2,1.779556619E2
1.110070213E2,1.784163121E-2,7.091021398E-4,1.629411592E-3,9.998392463E-1,1.779553912E2,1.881370708E-1,-7.791274879E-2,1.779552600E2
1.110120213E2,1.784842719E-2,7.035682211E-4,1.630530925E-3,9.998391271E-1,1.779546123E2,1.882545258E-1,-7.727514189E-2,1.779544821E2
1.110170213E2,1.784848269E-2,7.054112502E-4,1.629126491E-3,9.998391271E-1,1.779546059E2,1.880973893E-1,-7.748916579E-2,1.779544755E2
1.110220213E2,1.784899871E-2,7.038258482E-4,1.624151017E-3,9.998391271E-1,1.779545468E2,1.875241283E-1,-7.731760139E-2,1.779544171E2
1.110270213E2,1.784873953E-2,7.048133411E-4,1.626569312E-3,9.998391271E-1,1.779545765E2,1.878032010E-1,-7.742584371E-2,1.779544464E2
1.110320213E2,1.784810544E-2,7.042050711E-4,1.633774722E-3,9.998391271E-1,1.779546492E2,1.886274569E-1,-7.734153361E-2,1.779545186E2
1.110370213E2,1.784500184E-2,7.064697566E-4,1.630218467E-3,9.998391867E-1,1.779550049E2,1.882243960E-1,-7.760886395E-2,1.779548742E2
1.110420213E2,1.784887399E-2,7.051273715E-4,1.624956960E-3,9.998391271E-1,1.779545611E2,1.876191210E-1,-7.746509591E-2,1.779544310E2
1.110470213E2,1.785235056E-2,7.011461421E-4,1.625163364E-3,9.998390675E-1,1.779541626E2,1.876348927E-1,-7.700787921E-2,1.779540333E2
1.110520213E2,1.784890854E-2,7.030112320E-4,1.625494217E-3,9.998391271E-1,1.779545571E2,1.876763500E-1,-7.722153767E-2,1.779544274E2
1.110570213E2,1.785239072E-2,7.025956875E-4,1.624095836E-3,9.998390675E-1,1.779541580E2,1.875155513E-1,-7.717613469E-2,1.779540285E2
1.110620213E2,1.785923624E-2,6.963396445E-4,1.624916797E-3,9.998389482E-1,1.779533735E2,1.875973345E-1,-7.645639607E-2,1.779532451E2
1.110670213E2,1.785177819E-2,7.013119757E-4,1.631367370E-3,9.998390675E-1,1.779542282E2,1.883460027E-1,-7.701429458E-2,1.779540984E2
1.110720213E2,1.785155087E-2,7.011425332E-4,1.633925713E-3,9.998390675E-1,1.779542543E2,1.886387569E-1,-7.698969006E-2,1.779541243E2
1.110770213E2,1.785207386E-2,7.020719349E-4,1.627801103E-3,9.998390675E-1,1.779541943E2,1.879389807E-1,-7.710860579E-2,1.779540647E2
1.110820213E2,1.784509961E-2,7.065676036E-4,1.629105420E-3,9.998391867E-1,1.779549937E2,1.880970780E-1,-7.762233241E-2,1.779548630E2
1.110870213E2,1.785225108E-2,7.014552830E-4,1.626122510E-3,9.998390675E-1,1.779541740E2,1.877454103E-1,-7.704135486E-2,1.779540446E2
1.110920213E2,1.785591472E-2,6.986749358E-4,1.623741235E-3,9.998390079E-1,1.779537541E2,1.874671715E-1,-7.672698650E-2,1.779536254E2
1.110970213E2,1.785585231E-2,7.000020705E-4,1.623855904E-3,9.998390079E-1,1.779537613E2,1.874830207E-1,-7.687881757E-2,1.779536323E2
1.111020213E2,1.785599051E-2,6.982524646E-4,1.623089309E-3,9.998390079E-1,1.779537455E2,1.873916193E-1,-7.667990245E-2,1.779536169E2
1.111070213E2,1.786259515E-2,6.947893999E-4,1.625335310E-3,9.998388886E-1,1.779529885E2,1.876423681E-1,-7.627729274E-2,1.779528604E2
1.111120213E2,1.785624406E-2,6.986918743E-4,1.620108145E-3,9.998390079E-1,1.779537164E2,1.870509756E-1,-7.673629985E-2,1.779535880E2
1.111170213E2,1.786313449E-2,6.943035987E-4,1.619605348E-3,9.998388886E-1,1.779529267E2,1.869849128E-1,-7.623326154E-2,1.779527991E2
1.111220213E2,1.786309046E-2,6.940055173E-4,1.620218623E-3,9.998388886E-1,1.779529317E2,1.870545643E-1,-7.619786221E-2,1.779528042E2
1.111270213E2,1.786290368E-2,6.952757249E-4,1.621732605E-3,9.998388886E-1,1.779529531E2,1.872306128E-1,-7.634032961E-2,1.779528252E2
1.111320213E2,1.785652147E-2,6.993070128E-4,1.616781810E-3,9.998390079E-1,1.779536846E2,1.866711460E-1,-7.681353313E-2,1.779535563E2
1.111370213E2,1.785640376E-2,6.987011875E-4,1.618342940E-3,9.998390079E-1,1.779536981E2,1.868487611E-1,-7.674094921E-2,1.779535698E2
1.111420213E2,1.785919495E-2,6.968059461E-4,1.625170698E-3,9.998389482E-1,1.779533782E2,1.876273763E-1,-7.650930981E-2,1.779532497E2
1.111470213E2,1.784573612E-2,7.062433288E-4,1.622259268E-3,9.998391867E-1,1.779549207E2,1.873120762E-1,-7.759906056E-2,1.779547907E2
1.111520213E2,1.783879111E-2,7.111650193E-4,1.623021322E-3,9.998393059E-1,1.779557167E2,1.874089113E-1,-7.816269758E-2,1.779555856E2
1.111570213E2,1.784572244E-2,7.061011274E-4,1.622471609E-3,9.998391867E-1,1.779549223E2,1.873361131E-1,-7.758233641E-2,1.779547922E2
1.111620213E2,1.784556314E-2,7.061921642E-4,1.624183264E-3,9.998391867E-1,1.779549405E2,1.875323972E-1,-7.758929615E-2,1.779548104E2
1.111670213E2,1.784221861E-2,7.090017316E-4,1.623010729E-3,9.998392463E-1,1.779553239E2,1.874035416E-1,-7.791422203E-2,1.779551932E2
1.111720213E2,1.784587938E-2,7.070620777E-4,1.620325493E-3,9.998391867E-1,1.779549043E2,1.870922026E-1,-7.769679520E-2,1.779547742E2
1.111770213E2,1.785212438E-2,7.023682701E-4,1.627119025E-3,9.998390675E-1,1.779541886E2,1.878614429E-1,-7.714394377E-2,1.779540589E2
1.111820213E2,1.784841143E-2,7.054228918E-4,1.629901933E-3,9.998391271E-1,1.779546141E2,1.881862528E-1,-7.748892690E-2,1.779544836E2
1.111870213E2,1.784525925E-2,7.071776199E-4,1.627090736E-3,9.998391867E-1,1.779549754E2,1.878675086E-1,-7.769631401E-2,1.779548448E2
1.111920213E2,1.784544546E-2,7.072031149E-4,1.625036122E-3,9.998391867E-1,1.779549540E2,1.876321708E-1,-7.770340190E-2,1.779548236E2
1.111970213E2,1.785219369E-2,7.013832801E-4,1.626783516E-3,9.998390675E-1,1.779541806E2,1.878209924E-1,-7.703176372E-2,1.779540511E2
1.112020213E2,1.785175309E-2,7.025418454E-4,1.631112886E-3,9.998390675E-1,1.779542311E2,1.883193601E-1,-7.715572999E-2,1.779541011E2
1.112070213E2,1.785497564E-2,6.999709294E-4,1.633480424E-3,9.998390079E-1,1.779538618E2,1.885856048E-1,-7.685572069E-2,1.779537321E2
1.112120213E2,1.785480423E-2,7.000522455E-4,1.635318156E-3,9.998390079E-1,1.779538814E2,1.887963135E-1,-7.686130940E-2,1.779537516E2
1.112170213E2,1.786520810E-2,6.920157466E-4,1.634440734E-3,9.998388290E-1,1.779526890E2,1.886801284E-1,-7.594037437E-2,1.779525608E2
1.112220213E2,1.786196686E-2,6.936065038E-4,1.632728614E-3,9.998388886E-1,1.779530605E2,1.884869753E-1,-7.612674872E-2,1.779529321E2
1.112270213E2,1.786556992E-2,6.924363552E-4,1.630302519E-3,9.998388290E-1,1.779526476E2,1.882068874E-1,-7.599696901E-2,1.779525195E2
1.112320213E2,1.787239824E-2,6.880731671E-4,1.630416955E-3,9.998387098E-1,1.779518650E2,1.882115801E-1,-7.549554520E-2,1.779517378E2
1.112370213E2,1.786514039E-2,6.920410669E-4,1.635169960E-3,9.998388290E-1,1.779526968E2,1.887637251E-1,-7.594179521E-2,1.779525685E2
1.112420213E2,1.786490765E-2,6.932325778E-4,1.637206762E-3,9.998388290E-1,1.779527235E2,1.889995107E-1,-7.607418434E-2,1.779525948E2
1.112470213E2,1.785836852E-2,6.962846383E-4,1.634449232E-3,9.998389482E-1,1.779534729E2,1.886893202E-1,-7.643074804E-2,1.779533438E2
1.112520213E2,1.786185150E-2,6.946879439E-4,1.633530715E-3,9.998388886E-1,1.779530737E2,1.885810800E-1,-7.624903260E-2,1.779529450E2
1.112570213E2,1.785866068E-2,6.965577486E-4,1.631137216E-3,9.998389482E-1,1.779534394E2,1.883104323E-1,-7.646876233E-2,1.779533106E2
1.112620213E2,1.785858551E-2,6.969667156E-4,1.631785417E-3,9.998389482E-1,1.779534481E2,1.883855302E-1,-7.651430654E-2,1.779533190E2
1.112670213E2,1.785856650E-2,6.968311500E-4,1.632051310E-3,9.998389482E-1,1.779534502E2,1.884157155E-1,-7.649823377E-2,1.779533212E2
1.112720213E2,1.785508562E-2,7.002758794E-4,1.632147003E-3,9.998390079E-1,1.779538492E2,1.884334625E-1,-7.689336744E-2,1.779537195E2
1.112770213E2,1.785163110E-2,7.031208370E-4,1.632198109E-3,9.998390675E-1,1.779542451E2,1.884448732E-1,-7.721986974E-2,1.779541149E2
1.112820213E2,1.785530650E-2,7.001729682E-4,1.629773062E-3,9.998390079E-1,1.779538239E2,1.881612781E-1,-7.688639252E-2,1.779536944E2
1.112870213E2,1.785523346E-2,7.001160993E-4,1.630597515E-3,9.998390079E-1,1.779538322E2,1.882556166E-1,-7.687820362E-2,1.779537027E2
1.112920213E2,1.785168802E-2,7.029268309E-4,1.631658990E-3,9.998390675E-1,1.779542386E2,1.883827118E-1,-7.719873403E-2,1.779541084E2
1.112970213E2,1.784857925E-2,7.043071673E-4,1.628546161E-3,9.998391271E-1,1.779545949E2,1.880286477E-1,-7.736383637E-2,1.779544647E2
1.113020213E2,1.784896012E-2,7.032872527E-4,1.624808297E-3,9.998391271E-1,1.779545512E2,1.875983305E-1,-7.725455559E-2,1.779544215E2
1.113070213E2,1.785237410E-2,7.025338709E-4,1.624305267E-3,9.998390675E-1,1.779541599E2,1.875394188E-1,-7.716862683E-2,1.779540304E2
1.113120213E2,1.785573191E-2,6.987285451E-4,1.625727164E-3,9.998390079E-1,1.779537751E2,1.876948020E-1,-7.672909925E-2,1.779536462E2
1.113170213E2,1.785559564E-2,7.001853664E-4,1.626596902E-3,9.998390079E-1,1.779537907E2,1.877974220E-1,-7.689425777E-2,1.779536615E2
1.113220213E2,1.785236550E-2,7.014138973E-4,1.624883735E-3,9.998390675E-1,1.779541609E2,1.876034036E-1,-7.703912606E-2,1.779540316E2
1.113270213E2,1.785580604E-2,6.999264588E-4,1.624397235E-3,9.998390079E-1,1.779537666E2,1.875448847E-1,-7.686905547E-2,1.779536376E2
1.113320213E2,1.785187330E-2,7.022673963E-4,1.629914972E-3,9.998390675E-1,1.779542173E2,1.881815586E-1,-7.712671354E-2,1.779540875E2
1.113370213E2,1.784825784E-2,7.043359219E-4,1.632052474E-3,9.998391271E-1,1.779546317E2,1.884304123E-1,-7.736001953E-2,1.779545013E2
1.113420213E2,1.784881802E-2,7.042067009E-4,1.625970704E-3,9.998391271E-1,1.779545675E2,1.877333815E-1,-7.735754869E-2,1.779544376E2
1.113470213E2,1.785199919E-2,7.017087773E-4,1.628776314E-3,9.998390675E-1,1.779542029E2,1.880499652E-1,-7.706501660E-2,1.779540732E2
1.113520213E2,1.784830511E-2,7.041637436E-4,1.631609746E-3,9.998391271E-1,1.779546263E2,1.883793389E-1,-7.734118916E-2,1.779544959E2
1.113570213E2,1.784487348E-2,7.069992716E-4,1.631393563E-3,9.998391867E-1,1.779550196E2,1.883601040E-1,-7.766715327E-2,1.779548887E2
1.113620213E2,1.785176004E-2,7.007629029E-4,1.631801832E-3,9.998390675E-1,1.779542303E2,1.883946557E-1,-7.695050016E-2,1.779541006E2
1.113670213E2,1.785817495E-2,6.965083885E-4,1.636467641E-3,9.998389482E-1,1.779534951E2,1.889210196E-1,-7.645228961E-2,1.779533658E2
1.113720213E2,1.785828851E-2,6.971937255E-4,1.634935848E-3,9.998389482E-1,1.779534821E2,1.887469281E-1,-7.653392425E-2,1.779533528E2
1.113770213E2,1.785172926E-2,7.025439991E-4,1.631372725E-3,9.998390675E-1,1.779542338E2,1.883491333E-1,-7.715544966E-2,1.779541038E2
1.113820213E2,1.786172731E-2,6.952040712E-4,1.634668675E-3,9.998388886E-1,1.779530880E2,1.887125072E-1,-7.630586102E-2,1.779529591E2
1.113870213E2,1.786452147E-2,6.938354927E-4,1.641160459E-3,9.998388290E-1,1.779527677E2,1.894537047E-1,-7.613524097E-2,1.779526386E2
1.113920213E2,1.785093800E-2,7.018051110E-4,1.640324597E-3,9.998390675E-1,1.779543245E2,1.893732081E-1,-7.705262912E-2,1.779541939E2
1.113970213E2,1.785448366E-2,7.009850233E-4,1.638415619E-3,9.998390079E-1,1.779539182E2,1.891530848E-1,-7.696190349E-2,1.779537879E2
1.114020213E2,1.785762212E-2,6.968630478E-4,1.642338815E-3,9.998389482E-1,1.779535585E2,1.895943842E-1,-7.648101334E-2,1.779534287E2
1.114070213E2,1.785408328E-2,7.004642393E-4,1.642995048E-3,9.998390079E-1,1.779539641E2,1.896766697E-1,-7.689294159E-2,1.779538335E2
1.114120213E2,1.784737604E-2,7.047834806E-4,1.641475246E-3,9.998391271E-1,1.779547328E2,1.895108600E-1,-7.739219160E-2,1.779546015E2
1.114170213E2,1.784765397E-2,7.036348688E-4,1.638944261E-3,9.998391271E-1,1.779547009E2,1.892185479E-1,-7.726571552E-2,1.779545701E2
1.114220213E2,1.785020493E-2,7.027582615E-4,1.647876576E-3,9.998390675E-1,1.779544085E2,1.902403585E-1,-7.714652497E-2,1.779542772E2
1.114270213E2,1.785027685E-2,7.036008174E-4,1.646737568E-3,9.998390675E-1,1.779544003E2,1.901115877E-1,-7.724537557E-2,1.779542689E2
1.114320213E2,1.784715030E-2,7.057422772E-4,1.643516473E-3,9.998391271E-1,1.779547586E2,1.897466742E-1,-7.749791190E-2,1.779546270E2
1.114370213E2,1.785101020E-2,7.025249652E-4,1.639230293E-3,9.998390675E-1,1.779543163E2,1.892493082E-1,-7.713733004E-2,1.779541856E2
1.114420213E2,1.785413292E-2,6.992747076E-4,1.642962336E-3,9.998390079E-1,1.779539584E2,1.896704913E-1,-7.675671069E-2,1.779538281E2
1.114470213E2,1.785758037E-2,6.973434938E-4,1.642588875E-3,9.998389482E-1,1.779535632E2,1.896240146E-1,-7.653555573E-2,1.779534333E2
1.114520213E2,1.785515085E-2,7.001283811E-4,1.631496591E-3,9.998390079E-1,1.779538417E2,1.883586457E-1,-7.687778667E-2,1.779537121E2
1.114570213E2,1.785475491E-2,7.000229089E-4,1.635869034E-3,9.998390079E-1,1.779538871E2,1.888593656E-1,-7.685683035E-2,1.779537572E2
1.114620213E2,1.785793794E-2,6.980061880E-4,1.638414687E-3,9.998389482E-1,1.779535223E2,1.891471470E-1,-7.661995737E-2,1.779533926E2
1.114670213E2,1.784761144E-2,7.043275400E-4,1.639109803E-3,9.998391271E-1,1.779547058E2,1.892389284E-1,-7.734474651E-2,1.779545748E2
1.114720213E2,1.785499377E-2,6.991344271E-4,1.633640495E-3,9.998390079E-1,1.779538597E2,1.886022342E-1,-7.675954903E-2,1.779537301E2
1.114770213E2,1.786152796E-2,6.959143793E-4,1.636543544E-3,9.998388886E-1,1.779531108E2,1.889287564E-1,-7.638344318E-2,1.779529816E2
1.114820213E2,1.786154305E-2,6.955594872E-4,1.636529807E-3,9.998388886E-1,1.779531091E2,1.889264571E-1,-7.634280735E-2,1.779529800E2
1.114870213E2,1.784813061E-2,7.041181671E-4,1.633537235E-3,9.998391271E-1,1.779546463E2,1.886000713E-1,-7.733205774E-2,1.779545158E2
1.114920213E2,1.785496943E-2,6.985187647E-4,1.634169719E-3,9.998390079E-1,1.779538625E2,1.886616075E-1,-7.668793236E-2,1.779537330E2
1.114970213E2,1.786510046E-2,6.920318701E-4,1.635610126E-3,9.998388290E-1,1.779527014E2,1.888141346E-1,-7.593984788E-2,1.779525730E2
1.115020213E2,1.786155233E-2,6.957565201E-4,1.636344707E-3,9.998388886E-1,1.779531080E2,1.889056536E-1,-7.636575916E-2,1.779529789E2
1.115070213E2,1.786203313E-2,6.938174483E-4,1.631913823E-3,9.998388886E-1,1.779530529E2,1.883940587E-1,-7.615257266E-2,1.779529245E2
1.115120213E2,1.786883663E-2,6.904015318E-4,1.631917898E-3,9.998387694E-1,1.779522732E2,1.883880480E-1,-7.575991012E-2,1.779521454E2
1.115170213E2,1.787229238E-2,6.875704275E-4,1.631788909E-3,9.998387098E-1,1.779518771E2,1.883677320E-1,-7.543515473E-2,1.779517499E2
1.115220213E2,1.786220030E-2,6.935341517E-4,1.630203566E-3,9.998388886E-1,1.779530338E2,1.881975413E-1,-7.612358384E-2,1.779529055E2
1.115270213E2,1.786226974E-2,6.933609839E-4,1.629516250E-3,9.998388886E-1,1.779530258E2,1.881184439E-1,-7.610513733E-2,1.779528977E2
1.115320213E2,1.787188677E-2,6.886708434E-4,1.635762397E-3,9.998387098E-1,1.779519236E2,1.888252117E-1,-7.555317113E-2,1.779517959E2
1.115370213E2,1.787179863E-2,6.883388851E-4,1.636864734E-3,9.998387098E-1,1.779519337E2,1.889508236E-1,-7.551289659E-2,1.779518060E2
1.115420213E2,1.787180182E-2,6.887054187E-4,1.636675792E-3,9.998387098E-1,1.779519333E2,1.889299269E-1,-7.555527787E-2,1.779518055E2
1.115470213E2,1.786843700E-2,6.891978555E-4,1.636795118E-3,9.998387694E-1,1.779523190E2,1.889443527E-1,-7.561208936E-2,1.779521911E2
1.115520213E2,1.787884222E-2,6.817715475E-4,1.635509543E-3,9.998385906E-1,1.779511264E2,1.887826293E-1,-7.476190186E-2,1.779510000E2
1.115570213E2,1.787559555E-2,6.839776179E-4,1.633637468E-3,9.998386502E-1,1.779514985E2,1.885724161E-1,-7.501910621E-2,1.779513719E2
1.115620213E2,1.787245543E-2,6.870786310E-4,1.630209503E-3,9.998387098E-1,1.779518584E2,1.881857787E-1,-7.538201223E-2,1.779517314E2
1.115670213E2,1.787595734E-2,6.841723225E-4,1.629592152E-3,9.998386502E-1,1.779514571E2,1.881093563E-1,-7.504963298E-2,1.779513307E2
1.115720213E2,1.787940226E-2,6.816445966E-4,1.629428938E-3,9.998385906E-1,1.779510622E2,1.880857350E-1,-7.475970986E-2,1.779509363E2
1.115770213E2,1.787265782E-2,6.871722871E-4,1.627949532E-3,9.998387098E-1,1.779518352E2,1.879270531E-1,-7.539733345E-2,1.779517084E2
1.115820213E2,1.786575896E-2,6.920783198E-4,1.628381782E-3,9.998388290E-1,1.779526259E2,1.879861031E-1,-7.595984470E-2,1.779524981E2
1.115870213E2,1.786857896E-2,6.899513537E-4,1.634926884E-3,9.998387694E-1,1.779523027E2,1.887318566E-1,-7.570221880E-2,1.779521748E2
1.115920213E2,1.787153720E-2,6.883311435E-4,1.639719936E-3,9.998387098E-1,1.779519637E2,1.892779185E-1,-7.550621140E-2,1.779518357E2
1.115970213E2,1.786461382E-2,6.921293098E-4,1.640875707E-3,9.998388290E-1,1.779527571E2,1.894175932E-1,-7.594032370E-2,1.779526284E2
1.116020213E2,1.786507976E-2,6.916556158E-4,1.635995228E-3,9.998388290E-1,1.779527037E2,1.888574851E-1,-7.589595473E-2,1.779525754E2
1.116070213E2,1.787199350E-2,6.885792827E-4,1.634634449E-3,9.998387098E-1,1.779519114E2,1.886957993E-1,-7.554497075E-2,1.779517837E2
1.116120213E2,1.787208488E-2,6.878183340E-4,1.633955631E-3,9.998387098E-1,1.779519009E2,1.886164730E-1,-7.545915953E-2,1.779517735E2
1.116170213E2,1.786906808E-2,6.893146201E-4,1.629841747E-3,9.998387694E-1,1.779522466E2,1.881479676E-1,-7.563958713E-2,1.779521192E2
1.116220213E2,1.787273623E-2,6.866615149E-4,1.627304126E-3,9.998387098E-1,1.779518262E2,1.878520663E-1,-7.534011986E-2,1.779516995E2
1.116270213E2,1.787603544E-2,6.846961332E-4,1.628515078E-3,9.998386502E-1,1.779514481E2,1.879870312E-1,-7.511183938E-2,1.779513217E2
1.116320213E2,1.787961769E-2,6.824331358E-4,1.626732759E-3,9.998385906E-1,1.779510376E2,1.877784565E-1,-7.485553914E-2,1.779509117E2
1.116370213E2,1.787645943E-2,6.844006712E-4,1.623978722E-3,9.998386502E-1,1.779513995E2,1.874667116E-1,-7.508720092E-2,1.779512735E2
1.116420213E2,1.787299353E-2,6.870945799E-4,1.624292578E-3,9.998387098E-1,1.779517967E2,1.875079293E-1,-7.539585745E-2,1.779516702E2
1.116470213E2,1.787284721E-2,6.859818823E-4,1.626371522E-3,9.998387098E-1,1.779518135E2,1.877438309E-1,-7.526414154E-2,1.779516870E2
1.116520213E2,1.787280844E-2,6.866061012E-4,1.626534155E-3,9.998387098E-1,1.779518180E2,1.877637400E-1,-7.533533443E-2,1.779516913E2
1.116570213E2,1.787661199E-2,6.848887424E-4,1.622092561E-3,9.998386502E-1,1.779513820E2,1.872516191E-1,-7.514695622E-2,1.779512561E2
1.116620213E2,1.787346317E-2,6.864260649E-4,1.619400107E-3,9.998387098E-1,1.779517429E2,1.869460479E-1,-7.532919667E-2,1.779516169E2
1.116670213E2,1.787684666E-2,6.834822707E-4,1.620098366E-3,9.998386502E-1,1.779513551E2,1.870202732E-1,-7.498985386E-2,1.779512296E2
1.116720213E2,1.787642922E-2,6.846120232E-4,1.624222263E-3,9.998386502E-1,1.779514030E2,1.874950457E-1,-7.511092292E-2,1.779512769E2
1.116770213E2,1.786950270E-2,6.899627624E-4,1.624794677E-3,9.998387694E-1,1.779521968E2,1.875710676E-1,-7.572410055E-2,1.779520697E2
1.116820213E2,1.787650329E-2,6.844182499E-4,1.623488497E-3,9.998386502E-1,1.779513945E2,1.874105842E-1,-7.509021103E-2,1.779512685E2
1.116870213E2,1.787569102E-2,6.851059152E-4,1.632119296E-3,9.998386502E-1,1.779514876E2,1.884007927E-1,-7.515147077E-2,1.779513608E2
1.116920213E2,1.786595024E-2,6.917973515E-4,1.626401325E-3,9.998388290E-1,1.779526040E2,1.877586344E-1,-7.593167213E-2,1.779524764E2
1.116970213E2,1.786945288E-2,6.889915676E-4,1.625754405E-3,9.998387694E-1,1.779522025E2,1.876790341E-1,-7.561087172E-2,1.779520755E2
1.117020213E2,1.787276721E-2,6.861906149E-4,1.627162448E-3,9.998387098E-1,1.779518227E2,1.878348715E-1,-7.528645175E-2,1.779516961E2
1.117070213E2,1.787573789E-2,6.859473651E-4,1.631252351E-3,9.998386502E-1,1.779514822E2,1.883031913E-1,-7.524964545E-2,1.779513554E2
1.117120213E2,1.787250423E-2,6.866207113E-4,1.629867358E-3,9.998387098E-1,1.779518528E2,1.881456437E-1,-7.533023853E-2,1.779517259E2
1.117170213E2,1.787279737E-2,6.881296868E-4,1.626011916E-3,9.998387098E-1,1.779518192E2,1.877070254E-1,-7.551096811E-2,1.779516923E2
1.117220213E2,1.787935638E-2,6.830118364E-4,1.629359787E-3,9.998385906E-1,1.779510675E2,1.880806105E-1,-7.491650909E-2,1.779509413E2
1.117270213E2,1.787920218E-2,6.817051326E-4,1.631597523E-3,9.998385906E-1,1.779510852E2,1.883343064E-1,-7.476224001E-2,1.779509591E2
1.117320213E2,1.787609257E-2,6.858002162E-4,1.627422986E-3,9.998386502E-1,1.779514416E2,1.878641728E-1,-7.524056409E-2,1.779513150E2
1.117370213E2,1.787645817E-2,6.855707616E-4,1.623498974E-3,9.998386502E-1,1.779513997E2,1.874141426E-1,-7.522224488E-2,1.779512735E2
1.117420213E2,1.787933827E-2,6.829412887E-4,1.629588078E-3,9.998385906E-1,1.779510696E2,1.881066206E-1,-7.490796187E-2,1.779509434E2
1.117470213E2,1.787262861E-2,6.860850262E-4,1.628728583E-3,9.998387098E-1,1.779518386E2,1.880140824E-1,-7.527117243E-2,1.779517119E2
1.117520213E2,1.786290448E-2,6.938343286E-4,1.622340991E-3,9.998388886E-1,1.779529531E2,1.872973668E-1,-7.617393874E-2,1.779528254E2
1.117570213E2,1.786968338E-2,6.891266676E-4,1.623161486E-3,9.998387694E-1,1.779521761E2,1.873822485E-1,-7.563161717E-2,1.779520493E2
1.117620213E2,1.786966126E-2,6.897132844E-4,1.623155898E-3,9.998387694E-1,1.779521787E2,1.873828080E-1,-7.569884328E-2,1.779520517E2
1.117670213E2,1.785643570E-2,6.978669553E-4,1.618350507E-3,9.998390079E-1,1.779536944E2,1.868479232E-1,-7.664534714E-2,1.779535663E2
1.117720213E2,1.786333757E-2,6.949718227E-4,1.617076923E-3,9.998388886E-1,1.779529034E2,1.866966060E-1,-7.631496006E-2,1.779527759E2
1.117770213E2,1.788022463E-2,6.830587517E-4,1.619784278E-3,9.998385906E-1,1.779509680E2,1.869836724E-1,-7.494134171E-2,1.779508425E2
1.117820213E2,1.787017166E-2,6.897447165E-4,1.617513481E-3,9.998387694E-1,1.779521202E2,1.867364396E-1,-7.571390402E-2,1.779519936E2
1.117870213E2,1.785701609E-2,6.977907615E-4,1.611966873E-3,9.998390079E-1,1.779536279E2,1.861164164E-1,-7.664957234E-2,1.779535003E2
1.117920213E2,1.786398420E-2,6.926929927E-4,1.610899693E-3,9.998388886E-1,1.779528293E2,1.859842427E-1,-7.606639259E-2,1.779527027E2
1.117970213E2,1.786716600E-2,6.903471658E-4,1.613611705E-3,9.998388290E-1,1.779524646E2,1.862904056E-1,-7.579147898E-2,1.779523383E2
1.118020213E2,1.786372728E-2,6.941290339E-4,1.613129047E-3,9.998388886E-1,1.779528588E2,1.862425882E-1,-7.622640828E-2,1.779527317E2
1.118070213E2,1.785721015E-2,6.986448425E-4,1.609445084E-3,9.998390079E-1,1.779536057E2,1.858292491E-1,-7.675255160E-2,1.779534781E2
1.118120213E2,1.785688222E-2,6.989512476E-4,1.612946740E-3,9.998390079E-1,1.779536433E2,1.862310481E-1,-7.678055264E-2,1.779535153E2
1.118170213E2,1.785347928E-2,7.004935760E-4,1.612999942E-3,9.998390675E-1,1.779540333E2,1.862400383E-1,-7.695778707E-2,1.779539050E2
1.118220213E2,1.784694099E-2,7.048393600E-4,1.609565457E-3,9.998391867E-1,1.779547826E2,1.858549232E-1,-7.746393958E-2,1.779546538E2
1.118270213E2,1.784701041E-2,7.066263352E-4,1.608011429E-3,9.998391867E-1,1.779547747E2,1.856805334E-1,-7.767184448E-2,1.779546457E2
1.118320213E2,1.785024012E-2,7.022861973E-4,1.611122047E-3,9.998391271E-1,1.779544045E2,1.860282993E-1,-7.716761819E-2,1.779542761E2
1.118370213E2,1.785348239E-2,7.022238569E-4,1.612212975E-3,9.998390675E-1,1.779540329E2,1.861534135E-1,-7.715764038E-2,1.779539044E2
1.118420213E2,1.784032251E-2,7.097355556E-4,1.606732723E-3,9.998393059E-1,1.779555412E2,1.855398655E-1,-7.803193409E-2,1.779554117E2
1.118470213E2,1.784061215E-2,7.096757763E-4,1.603539917E-3,9.998393059E-1,1.779555080E2,1.851739547E-1,-7.803155898E-2,1.779553787E2
1.118520213E2,1.785098860E-2,7.031963905E-4,1.602408593E-3,9.998391271E-1,1.779543187E2,1.850318882E-1,-7.728958780E-2,1.779541908E2
1.118570213E2,1.783715823E-2,7.118770154E-4,1.603823388E-3,9.998393655E-1,1.779559038E2,1.852106636E-1,-7.828382222E-2,1.779557742E2
1.118620213E2,1.783376814E-2,7.149910089E-4,1.602979610E-3,9.998394251E-1,1.779562924E2,1.851200885E-1,-7.864295488E-2,1.779561622E2
1.118670213E2,1.784073546E-2,7.101154188E-4,1.601972617E-3,9.998393059E-1,1.779554938E2,1.849952922E-1,-7.808511178E-2,1.779553646E2
1.118720213E2,1.784070031E-2,7.106404519E-4,1.602131291E-3,9.998393059E-1,1.779554979E2,1.850145429E-1,-7.814494859E-2,1.779553686E2
1.118770213E2,1.783765413E-2,7.121454692E-4,1.598178875E-3,9.998393655E-1,1.779558470E2,1.845645393E-1,-7.832602635E-2,1.779557177E2
1.118820213E2,1.784145591E-2,7.088437560E-4,1.594494795E-3,9.998393059E-1,1.779554113E2,1.841359876E-1,-7.795456926E-2,1.779552829E2
1.118870213E2,1.784468651E-2,7.065683603E-4,1.596726826E-3,9.998392463E-1,1.779550410E2,1.843873174E-1,-7.768871050E-2,1.779549129E2
1.118920213E2,1.784149776E-2,7.106136181E-4,1.593238208E-3,9.998393059E-1,1.779554065E2,1.839956384E-1,-7.815990955E-2,1.779552779E2
1.118970213E2,1.784162572E-2,7.088668062E-4,1.592583256E-3,9.998393059E-1,1.779553918E2,1.839170361E-1,-7.796108732E-2,1.779552636E2
1.119020213E2,1.784160139E-2,7.101006340E-4,1.592306187E-3,9.998393059E-1,1.779553946E2,1.838878125E-1,-7.810302188E-2,1.779552662E2
1.119070213E2,1.784508264E-2,7.067338447E-4,1.592220156E-3,9.998392463E-1,1.779549956E2,1.838713416E-1,-7.771681378E-2,1.779548678E2
1.119120213E2,1.784860395E-2,7.048675907E-4,1.591006294E-3,9.998391867E-1,1.779545920E2,1.837287210E-1,-7.750482642E-2,1.779544647E2
1.119170213E2,1.785192355E-2,7.030737470E-4,1.592012937E-3,9.998391271E-1,1.779542116E2,1.838406427E-1,-7.729663066E-2,1.779540845E2
1.119220213E2,1.785549026E-2,6.992936833E-4,1.591112348E-3,9.998390675E-1,1.779538028E2,1.837299990E-1,-7.686472378E-2,1.779536765E2
1.119270213E2,1.785555729E-2,6.996347802E-4,1.590209897E-3,9.998390675E-1,1.779537951E2,1.836273052E-1,-7.690563864E-2,1.779536688E2
1.119320213E2,1.785598979E-2,7.008857210E-4,1.584793441E-3,9.998390675E-1,1.779537455E2,1.830093162E-1,-7.705996701E-2,1.779536194E2
1.119370213E2,1.785275840E-2,7.020964404E-4,1.583057339E-3,9.998391271E-1,1.779541159E2,1.828126332E-1,-7.720282634E-2,1.779539897E2
1.119420213E2,1.785989884E-2,6.973975687E-4,1.579880598E-3,9.998390079E-1,1.779532975E2,1.824395957E-1,-7.666965811E-2,1.779531724E2
1.119470213E2,1.785319661E-2,7.007130771E-4,1.578722382E-3,9.998391271E-1,1.779540657E2,1.823131651E-1,-7.705311902E-2,1.779539400E2
1.119520213E2,1.785263667E-2,7.019126788E-4,1.584510901E-3,9.998391271E-1,1.779541298E2,1.829787874E-1,-7.717882062E-2,1.779540035E2
1.119570213E2,1.785266678E-2,7.032005233E-4,1.583600417E-3,9.998391271E-1,1.779541264E2,1.828771075E-1,-7.732823029E-2,1.779539999E2
1.119620213E2,1.784883758E-2,7.055673632E-4,1.588072395E-3,9.998391867E-1,1.779545653E2,1.833940235E-1,-7.759095981E-2,1.779544380E2
1.119670213E2,1.785193478E-2,7.028274704E-4,1.591995824E-3,9.998391271E-1,1.779542103E2,1.838381790E-1,-7.726844691E-2,1.779540832E2
1.119720213E2,1.785189687E-2,7.030646666E-4,1.592316083E-3,9.998391271E-1,1.779542146E2,1.838753545E-1,-7.729497501E-2,1.779540875E2
1.119770213E2,1.784543172E-2,7.061297074E-4,1.588571584E-3,9.998392463E-1,1.779549556E2,1.834521032E-1,-7.765499322E-2,1.779548282E2
1.119820213E2,1.785237820E-2,7.030884153E-4,1.586899976E-3,9.998391271E-1,1.779541595E2,1.832548979E-1,-7.730868807E-2,1.779540328E2
1.119870213E2,1.784508548E-2,7.075244212E-4,1.591837150E-3,9.998392463E-1,1.779549953E2,1.838290763E-1,-7.780817538E-2,1.779548674E2
1.119920213E2,1.784137830E-2,7.110114675E-4,1.594398054E-3,9.998393059E-1,1.779554202E2,1.841293302E-1,-7.820314298E-2,1.779552914E2
1.119970213E2,1.783841242E-2,7.114839973E-4,1.589988940E-3,9.998393655E-1,1.779557601E2,1.836248965E-1,-7.826684181E-2,1.779556316E2
1.120020213E2,1.784158865E-2,7.106143166E-4,1.592219807E-3,9.998393059E-1,1.779553961E2,1.838789651E-1,-7.816205510E-2,1.779552675E2
1.120070213E2,1.784127907E-2,7.106731064E-4,1.595658716E-3,9.998393059E-1,1.779554315E2,1.842730690E-1,-7.816181660E-2,1.779553027E2
1.120120213E2,1.783104397E-2,7.162959082E-4,1.595507027E-3,9.998394847E-1,1.779566046E2,1.842663805E-1,-7.880823539E-2,1.779564747E2
1.120170213E2,1.783804653E-2,7.114412729E-4,1.594107598E-3,9.998393655E-1,1.779558020E2,1.840966698E-1,-7.825359448E-2,1.779556732E2
1.120220213E2,1.785141163E-2,7.028276450E-4,1.597851166E-3,9.998391271E-1,1.779542702E2,1.845090060E-1,-7.725658453E-2,1.779541427E2
1.120270213E2,1.784444651E-2,7.069987478E-4,1.599216601E-3,9.998392463E-1,1.779550685E2,1.846734413E-1,-7.773297414E-2,1.779549401E2
1.120320213E2,1.784483298E-2,7.084253011E-4,1.594265224E-3,9.998392463E-1,1.779550242E2,1.841090923E-1,-7.790647308E-2,1.779548959E2
1.120370213E2,1.785207298E-2,7.020678022E-4,1.590780797E-3,9.998391271E-1,1.779541945E2,1.836974254E-1,-7.718386964E-2,1.779540676E2
1.120420213E2,1.785524501E-2,6.993184797E-4,1.593851252E-3,9.998390675E-1,1.779538309E2,1.840438367E-1,-7.686200554E-2,1.779537044E2
1.120470213E2,1.785509412E-2,7.001106278E-4,1.595193287E-3,9.998390675E-1,1.779538482E2,1.841992079E-1,-7.695004619E-2,1.779537214E2
1.120520213E2,1.784849132E-2,7.049460546E-4,1.592234592E-3,9.998391867E-1,1.779546049E2,1.838696032E-1,-7.751132460E-2,1.779544775E2
1.120570213E2,1.784865800E-2,7.051266730E-4,1.590284985E-3,9.998391867E-1,1.779545858E2,1.836466122E-1,-7.753597577E-2,1.779544585E2
1.120620213E2,1.785549766E-2,7.000165060E-4,1.590711414E-3,9.998390675E-1,1.779538019E2,1.836855424E-1,-7.694835891E-2,1.779536755E2
1.120670213E2,1.784838634E-2,7.057868643E-4,1.593038673E-3,9.998391867E-1,1.779546170E2,1.839634415E-1,-7.760603347E-2,1.779544893E2
1.120720213E2,1.784558894E-2,7.062919904E-4,1.586732222E-3,9.998392463E-1,1.779549376E2,1.832417051E-1,-7.767731930E-2,1.779548103E2
1.120770213E2,1.785882277E-2,6.981217884E-4,1.591680804E-3,9.998390079E-1,1.779534209E2,1.837929865E-1,-7.672868031E-2,1.779532947E2
1.120820213E2,1.786220437E-2,6.942980108E-4,1.592849032E-3,9.998389482E-1,1.779530333E2,1.839192658E-1,-7.628756510E-2,1.779529078E2
1.120870213E2,1.785200120E-2,7.019993500E-4,1.591616310E-3,9.998391271E-1,1.779542027E2,1.837930074E-1,-7.717433073E-2,1.779540758E2
1.120920213E2,1.785586848E-2,7.001438062E-4,1.586487284E-3,9.998390675E-1,1.779537594E2,1.832018580E-1,-7.697151964E-2,1.779536333E2
1.120970213E2,1.787298851E-2,6.887447671E-4,1.586519880E-3,9.998387694E-1,1.779517973E2,1.831835601E-1,-7.566229237E-2,1.779516733E2
1.121020213E2,1.786573653E-2,6.936955615E-4,1.590910950E-3,9.998388886E-1,1.779526285E2,1.836962488E-1,-7.622185887E-2,1.779525032E2
1.121070213E2,1.785230221E-2,7.020275807E-4,1.588223968E-3,9.998391271E-1,1.779541682E2,1.834044158E-1,-7.718445012E-2,1.779540416E2
1.121120213E2,1.785935663E-2,6.968353991E-4,1.586245140E-3,9.998390079E-1,1.779533597E2,1.831676113E-1,-7.659232145E-2,1.779532342E2
1.121170213E2,1.786580248E-2,6.931960233E-4,1.590387896E-3,9.998388886E-1,1.779526209E2,1.836353029E-1,-7.616568399E-2,1.779524958E2
1.121220213E2,1.786250206E-2,6.961407489E-4,1.588701038E-3,9.998389482E-1,1.779529992E2,1.834478109E-1,-7.650712968E-2,1.779528736E2
1.121270213E2,1.786626163E-2,6.927549839E-4,1.585414400E-3,9.998388886E-1,1.779525683E2,1.830646040E-1,-7.612525137E-2,1.779524436E2
1.121320213E2,1.787659887E-2,6.861392176E-4,1.584534300E-3,9.998387098E-1,1.779513835E2,1.829510001E-1,-7.536717269E-2,1.779512602E2
1.121370213E2,1.786950326E-2,6.888899370E-4,1.588152023E-3,9.998388290E-1,1.779521968E2,1.833705939E-1,-7.567622114E-2,1.779520726E2
1.121420213E2,1.786640853E-2,6.924970075E-4,1.583870850E-3,9.998388886E-1,1.779525515E2,1.828872370E-1,-7.609882768E-2,1.779524269E2
1.121470213E2,1.787697740E-2,6.850665668E-4,1.580723212E-3,9.998387098E-1,1.779513402E2,1.825121812E-1,-7.525201416E-2,1.779512173E2
1.121520213E2,1.788039622E-2,6.814215449E-4,1.581331366E-3,9.998386502E-1,1.779509483E2,1.825746470E-1,-7.483252243E-2,1.779508261E2
1.121570213E2,1.788023490E-2,6.825408200E-4,1.582672121E-3,9.998386502E-1,1.779509668E2,1.827305436E-1,-7.495804344E-2,1.779508442E2
1.121620213E2,1.788370536E-2,6.802639691E-4,1.582095632E-3,9.998385906E-1,1.779505691E2,1.826600867E-1,-7.469772479E-2,1.779504470E2
1.121670213E2,1.787728749E-2,6.841325085E-4,1.577617717E-3,9.998387098E-1,1.779513046E2,1.821544834E-1,-7.515130185E-2,1.779511821E2
1.121720213E2,1.788385909E-2,6.793184439E-4,1.580763608E-3,9.998385906E-1,1.779505514E2,1.825055455E-1,-7.459209487E-2,1.779504296E2
1.121770213E2,1.788419492E-2,6.808217731E-4,1.576311188E-3,9.998385906E-1,1.779505130E2,1.819985229E-1,-7.477339992E-2,1.779503912E2
1.121820213E2,1.788747633E-2,6.786034210E-4,1.577840652E-3,9.998385310E-1,1.779501369E2,1.821694564E-1,-7.451550392E-2,1.779500154E2
1.121870213E2,1.789022525E-2,6.745249266E-4,1.586171449E-3,9.998384714E-1,1.779498218E2,1.831157866E-1,-7.403063760E-2,1.779497005E2
1.121920213E2,1.788950478E-2,6.765921135E-4,1.593400491E-3,9.998384714E-1,1.779499044E2,1.839482279E-1,-7.425279321E-2,1.779497821E2
1.121970213E2,1.787927979E-2,6.819881964E-4,1.593662193E-3,9.998386502E-1,1.779510763E2,1.839885102E-1,-7.487238420E-2,1.779509530E2
1.122020213E2,1.789309239E-2,6.741124671E-4,1.591568463E-3,9.998384118E-1,1.779494932E2,1.837335075E-1,-7.397178905E-2,1.779493716E2
1.122070213E2,1.789930911E-2,6.696637138E-4,1.598417060E-3,9.998382926E-1,1.779487807E2,1.845095080E-1,-7.344689123E-2,1.779486594E2
1.122120213E2,1.788879131E-2,6.749777822E-4,1.602071687E-3,9.998384714E-1,1.779499862E2,1.849383538E-1,-7.405018933E-2,1.779498636E2
1.122170213E2,1.788202897E-2,6.805158919E-4,1.600825111E-3,9.998385906E-1,1.779507612E2,1.848063788E-1,-7.468851313E-2,1.779506376E2
1.122220213E2,1.787879402E-2,6.828291225E-4,1.598743838E-3,9.998386502E-1,1.779511320E2,1.845724186E-1,-7.495840940E-2,1.779510081E2
1.122270213E2,1.788226346E-2,6.811461644E-4,1.597935101E-3,9.998385906E-1,1.779507343E2,1.844765697E-1,-7.476660453E-2,1.779506109E2
1.122320213E2,1.787158530E-2,6.880998262E-4,1.602526288E-3,9.998387694E-1,1.779519581E2,1.850160427E-1,-7.555587447E-2,1.779518330E2
1.122370213E2,1.787177295E-2,6.878724671E-4,1.600529882E-3,9.998387694E-1,1.779519366E2,1.847868559E-1,-7.553387930E-2,1.779518117E2
1.122420213E2,1.788239028E-2,6.805728190E-4,1.596759772E-3,9.998385906E-1,1.779507198E2,1.843407425E-1,-7.470329975E-2,1.779505965E2
1.122470213E2,1.787907800E-2,6.826996687E-4,1.595620299E-3,9.998386502E-1,1.779510994E2,1.842142999E-1,-7.494992492E-2,1.779509758E2
1.122520213E2,1.787230802E-2,6.876760744E-4,1.594628673E-3,9.998387694E-1,1.779518753E2,1.841103720E-1,-7.552336561E-2,1.779517509E2
1.122570213E2,1.787278868E-2,6.870056386E-4,1.589522231E-3,9.998387694E-1,1.779518202E2,1.835239722E-1,-7.545692218E-2,1.779516963E2
1.122620213E2,1.786921350E-2,6.892209058E-4,1.591265667E-3,9.998388290E-1,1.779522300E2,1.837279909E-1,-7.570781833E-2,1.779521055E2
1.122670213E2,1.786862550E-2,6.904430338E-4,1.597327180E-3,9.998388290E-1,1.779522974E2,1.844249379E-1,-7.583553713E-2,1.779521722E2
1.122720213E2,1.786509290E-2,6.932679680E-4,1.598307863E-3,9.998388886E-1,1.779527022E2,1.845428144E-1,-7.615784256E-2,1.779525765E2
1.122770213E2,1.785856276E-2,6.983370986E-4,1.594501198E-3,9.998390079E-1,1.779534507E2,1.841165497E-1,-7.674762474E-2,1.779533242E2
1.122820213E2,1.785447063E-2,7.008214598E-4,1.601845957E-3,9.998390675E-1,1.779539197E2,1.849628343E-1,-7.701799128E-2,1.779537922E2
1.122870213E2,1.785717356E-2,6.994779105E-4,1.609489322E-3,9.998390079E-1,1.779536099E2,1.858360198E-1,-7.684791511E-2,1.779534821E2
1.122920213E2,1.786053882E-2,6.965831853E-4,1.610430889E-3,9.998389482E-1,1.779532242E2,1.859382315E-1,-7.651370464E-2,1.779530969E2
1.122970213E2,1.785774920E-2,6.982180639E-4,1.603638870E-3,9.998390079E-1,1.779535439E2,1.851631787E-1,-7.671543634E-2,1.779534168E2
1.123020213E2,1.786439048E-2,6.937459111E-4,1.605933416E-3,9.998388886E-1,1.779527827E2,1.854174257E-1,-7.619712033E-2,1.779526563E2
1.123070213E2,1.786401674E-2,6.935945712E-4,1.610150677E-3,9.998388886E-1,1.779528256E2,1.859002737E-1,-7.617121659E-2,1.779526989E2
1.123120213E2,1.785704082E-2,6.984208012E-4,1.611419953E-3,9.998390079E-1,1.779536251E2,1.860550453E-1,-7.672287259E-2,1.779534974E2
1.123170213E2,1.786016881E-2,6.967236986E-4,1.614468638E-3,9.998389482E-1,1.779532666E2,1.864011098E-1,-7.652160822E-2,1.779531389E2
1.123220213E2,1.786010032E-2,6.964902859E-4,1.615326735E-3,9.998389482E-1,1.779532744E2,1.864989420E-1,-7.649312185E-2,1.779531468E2
1.123270213E2,1.786307269E-2,6.948403898E-4,1.620056690E-3,9.998388886E-1,1.779529338E2,1.870377189E-1,-7.629385099E-2,1.779528061E2
1.123320213E2,1.785642222E-2,6.980446051E-4,1.618422684E-3,9.998390079E-1,1.779536960E2,1.868565554E-1,-7.666555585E-2,1.779535678E2
1.123370213E2,1.786324144E-2,6.945112837E-4,1.618336188E-3,9.998388886E-1,1.779529144E2,1.868399341E-1,-7.625963476E-2,1.779527869E2
1.123420213E2,1.786639387E-2,6.911092787E-4,1.621814095E-3,9.998388290E-1,1.779525531E2,1.872316842E-1,-7.586214638E-2,1.779524260E2
1.123470213E2,1.786256869E-2,6.954119890E-4,1.625359873E-3,9.998388886E-1,1.779529915E2,1.876464550E-1,-7.634857942E-2,1.779528633E2
1.123520213E2,1.785618943E-2,6.994477590E-4,1.620384050E-3,9.998390079E-1,1.779537227E2,1.870841297E-1,-7.682234959E-2,1.779535941E2
1.123570213E2,1.785262982E-2,7.011914859E-4,1.622073236E-3,9.998390675E-1,1.779541306E2,1.872809601E-1,-7.701934405E-2,1.779540016E2
1.123620213E2,1.785904800E-2,6.973597337E-4,1.626547426E-3,9.998389482E-1,1.779533950E2,1.877862351E-1,-7.656996894E-2,1.779532664E2
1.123670213E2,1.785222479E-2,7.009838009E-4,1.626614365E-3,9.998390675E-1,1.779541771E2,1.878007971E-1,-7.698633435E-2,1.779540477E2
1.123720213E2,1.784590846E-2,7.067071856E-4,1.620160067E-3,9.998391867E-1,1.779549010E2,1.870725255E-1,-7.765646696E-2,1.779547710E2
1.123770213E2,1.785572375E-2,6.998055032E-4,1.625353587E-3,9.998390079E-1,1.779537760E2,1.876542034E-1,-7.685325571E-2,1.779536470E2
1.123820213E2,1.785855621E-2,6.970149698E-4,1.632085419E-3,9.998389482E-1,1.779534514E2,1.884199991E-1,-7.651922671E-2,1.779533224E2
1.123870213E2,1.784503393E-2,7.064764504E-4,1.629864215E-3,9.998391867E-1,1.779550012E2,1.881838243E-1,-7.761034931E-2,1.779548705E2
1.123920213E2,1.784857665E-2,7.041398785E-4,1.628646976E-3,9.998391271E-1,1.779545952E2,1.880398561E-1,-7.734446384E-2,1.779544650E2
1.123970213E2,1.785856943E-2,6.976398290E-4,1.631673775E-3,9.998389482E-1,1.779534499E2,1.883741155E-1,-7.659165877E-2,1.779533208E2
1.124020213E2,1.785181848E-2,7.028577384E-4,1.630260842E-3,9.998390675E-1,1.779542236E2,1.882223898E-1,-7.719365364E-2,1.779540936E2
1.124070213E2,1.785196285E-2,7.019618060E-4,1.629065489E-3,9.998390675E-1,1.779542071E2,1.880836120E-1,-7.709342214E-2,1.779540773E2
1.124120213E2,1.785526006E-2,6.994106225E-4,1.630608924E-3,9.998390079E-1,1.779538292E2,1.882554821E-1,-7.679734656E-2,1.779536998E2
1.124170213E2,1.785864216E-2,6.970326649E-4,1.631137100E-3,9.998389482E-1,1.779534416E2,1.883113896E-1,-7.652317871E-2,1.779533126E2
1.124220213E2,1.784517387E-2,7.074192399E-4,1.627921942E-3,9.998391867E-1,1.779549852E2,1.879632303E-1,-7.772231338E-2,1.779548544E2
1.124270213E2,1.784150416E-2,7.083477103E-4,1.631129999E-3,9.998392463E-1,1.779554057E2,1.883324021E-1,-7.782282182E-2,1.779552746E2
1.124320213E2,1.784842485E-2,7.045892416E-4,1.630115556E-3,9.998391271E-1,1.779546126E2,1.882090239E-1,-7.739297349E-2,1.779544822E2
1.124370213E2,1.785545392E-2,7.000534679E-4,1.628208556E-3,9.998390079E-1,1.779538070E2,1.879817940E-1,-7.687587456E-2,1.779536776E2
1.124420213E2,1.784553145E-2,7.064954843E-4,1.624399447E-3,9.998391867E-1,1.779549442E2,1.875577840E-1,-7.762361233E-2,1.779548139E2
1.124470213E2,1.784849341E-2,7.043199148E-4,1.629481209E-3,9.998391271E-1,1.779546047E2,1.881357988E-1,-7.736340047E-2,1.779544745E2
1.124520213E2,1.785162328E-2,7.012974820E-4,1.633067848E-3,9.998390675E-1,1.779542460E2,1.885407910E-1,-7.700918437E-2,1.779541161E2
1.124570213E2,1.784493906E-2,7.059561322E-4,1.631127903E-3,9.998391867E-1,1.779550121E2,1.883275380E-1,-7.754816838E-2,1.779548814E2
1.124620213E2,1.784486679E-2,7.058408228E-4,1.631968189E-3,9.998391867E-1,1.779550203E2,1.884235711E-1,-7.753325224E-2,1.779548896E2
1.124670213E2,1.785172868E-2,7.017594180E-4,1.631716732E-3,9.998390675E-1,1.779542339E2,1.883869421E-1,-7.706485406E-2,1.779541040E2
1.124720213E2,1.786527815E-2,6.914724945E-4,1.633904874E-3,9.998388290E-1,1.779526810E2,1.886176261E-1,-7.587921614E-2,1.779525529E2
1.124770213E2,1.785802192E-2,6.965915672E-4,1.638101297E-3,9.998389482E-1,1.779535126E2,1.891083519E-1,-7.645850528E-2,1.779533832E2
1.124820213E2,1.786116274E-2,6.946615176E-4,1.641055685E-3,9.998388886E-1,1.779531527E2,1.894431356E-1,-7.623073212E-2,1.779530234E2
1.124870213E2,1.786823240E-2,6.891035591E-4,1.639066846E-3,9.998387694E-1,1.779523424E2,1.892044240E-1,-7.559667242E-2,1.779522144E2
1.124920213E2,1.786495014E-2,6.934307748E-4,1.636659144E-3,9.998388290E-1,1.779527186E2,1.889371772E-1,-7.609800551E-2,1.779525899E2
1.124970213E2,1.786179744E-2,6.948985974E-4,1.634032116E-3,9.998388886E-1,1.779530799E2,1.886389544E-1,-7.627215169E-2,1.779529511E2
1.125020213E2,1.787182744E-2,6.886853371E-4,1.636404428E-3,9.998387098E-1,1.779519304E2,1.888987966E-1,-7.555352799E-2,1.779518026E2
1.125070213E2,1.787580716E-2,6.851055659E-4,1.630846993E-3,9.998386502E-1,1.779514743E2,1.882550285E-1,-7.515401524E-2,1.779513476E2
1.125120213E2,1.787267480E-2,6.864594761E-4,1.628063852E-3,9.998387098E-1,1.779518333E2,1.879386923E-1,-7.531542713E-2,1.779517066E2
1.125170213E2,1.786943408E-2,6.900098524E-4,1.625529141E-3,9.998387694E-1,1.779522047E2,1.876553089E-1,-7.572800462E-2,1.779520775E2
1.125220213E2,1.786970681E-2,6.894491380E-4,1.622766606E-3,9.998387694E-1,1.779521734E2,1.873376679E-1,-7.566936788E-2,1.779520465E2
1.125270213E2,1.787983815E-2,6.823498406E-4,1.624342753E-3,9.998385906E-1,1.779510123E2,1.875044710E-1,-7.485085149E-2,1.779508866E2
1.125320213E2,1.786925364E-2,6.887193886E-4,1.628058031E-3,9.998387694E-1,1.779522254E2,1.879423961E-1,-7.557500736E-2,1.779520982E2
1.125370213E2,1.786597773E-2,6.915332633E-4,1.626211684E-3,9.998388290E-1,1.779526008E2,1.877363679E-1,-7.590179784E-2,1.779524733E2
1.125420213E2,1.787257950E-2,6.873901002E-4,1.628717291E-3,9.998387098E-1,1.779518442E2,1.880154582E-1,-7.542073119E-2,1.779517173E2
1.125470213E2,1.787629677E-2,6.850226200E-4,1.625506324E-3,9.998386502E-1,1.779514182E2,1.876429963E-1,-7.515536059E-2,1.779512919E2
1.125520213E2,1.787645606E-2,6.836202811E-4,1.624344499E-3,9.998386502E-1,1.779513999E2,1.875070208E-1,-7.499704049E-2,1.779512740E2
1.125570213E2,1.788328838E-2,6.807443569E-4,1.623723190E-3,9.998385310E-1,1.779506169E2,1.874304532E-1,-7.466752895E-2,1.779504916E2
1.125620213E2,1.788301496E-2,6.799924304E-4,1.627046266E-3,9.998385310E-1,1.779506482E2,1.878096278E-1,-7.457461943E-2,1.779505228E2
1.125670213E2,1.787571353E-2,6.857635453E-4,1.631596475E-3,9.998386502E-1,1.779514850E2,1.883422403E-1,-7.522788428E-2,1.779513582E2
1.125720213E2,1.787229470E-2,6.882332382E-4,1.631484018E-3,9.998387098E-1,1.779518768E2,1.883341573E-1,-7.551171904E-2,1.779517495E2
1.125770213E2,1.787249180E-2,6.882618763E-4,1.629311359E-3,9.998387098E-1,1.779518543E2,1.880853017E-1,-7.551941304E-2,1.779517271E2
1.125820213E2,1.786609848E-2,6.912010722E-4,1.625025878E-3,9.998388290E-1,1.779525870E2,1.875998349E-1,-7.586614285E-2,1.779524596E2
1.125870213E2,1.786238851E-2,6.940870080E-4,1.627904363E-3,9.998388886E-1,1.779530122E2,1.879352598E-1,-7.619159740E-2,1.779528840E2
1.125920213E2,1.786196316E-2,6.946319481E-4,1.632333035E-3,9.998388886E-1,1.779530609E2,1.884437514E-1,-7.624504753E-2,1.779529323E2
1.125970213E2,1.785562815E-2,6.980952458E-4,1.627138234E-3,9.998390079E-1,1.779537870E2,1.878551693E-1,-7.665367224E-2,1.779536581E2
1.126020213E2,1.785870321E-2,6.973183481E-4,1.630346407E-3,9.998389482E-1,1.779534346E2,1.882213866E-1,-7.655751706E-2,1.779533056E2
1.126070213E2,1.785851497E-2,6.981465849E-4,1.632053056E-3,9.998389482E-1,1.779534561E2,1.884186041E-1,-7.664895343E-2,1.779533269E2
1.126120213E2,1.785195035E-2,7.013443392E-4,1.629468403E-3,9.998390675E-1,1.779542085E2,1.881285109E-1,-7.702185507E-2,1.779540788E2
1.126170213E2,1.784881088E-2,7.035582094E-4,1.626329729E-3,9.998391271E-1,1.779545683E2,1.877731891E-1,-7.728251593E-2,1.779544385E2
1.126220213E2,1.784799210E-2,7.037662435E-4,1.635201392E-3,9.998391271E-1,1.779546622E2,1.887900091E-1,-7.728835907E-2,1.779545316E2
1.126270213E2,1.784744959E-2,7.045427337E-4,1.640778850E-3,9.998391271E-1,1.779547243E2,1.894305846E-1,-7.736601887E-2,1.779545932E2
1.126320213E2,1.784437587E-2,7.078091148E-4,1.636477420E-3,9.998391867E-1,1.779550766E2,1.889441971E-1,-7.774963709E-2,1.779549452E2
1.126370213E2,1.784419750E-2,7.066465914E-4,1.638922957E-3,9.998391867E-1,1.779550971E2,1.892219995E-1,-7.761147585E-2,1.779549656E2
1.126420213E2,1.785449017E-2,6.995479926E-4,1.638958813E-3,9.998390079E-1,1.779539174E2,1.892123802E-1,-7.679614568E-2,1.779537874E2
1.126470213E2,1.785776855E-2,6.964749191E-4,1.640910632E-3,9.998389482E-1,1.779535417E2,1.894299691E-1,-7.643943920E-2,1.779534121E2
1.126520213E2,1.785413376E-2,7.003762294E-4,1.642483869E-3,9.998390079E-1,1.779539583E2,1.896179258E-1,-7.688389433E-2,1.779538278E2
1.126570213E2,1.785439639E-2,6.993446732E-4,1.640066854E-3,9.998390079E-1,1.779539282E2,1.893389091E-1,-7.677060133E-2,1.779537981E2
1.126620213E2,1.786398423E-2,6.935741985E-4,1.647108118E-3,9.998388290E-1,1.779528293E2,1.901345729E-1,-7.609322946E-2,1.779526998E2
1.126670213E2,1.786083476E-2,6.955630379E-4,1.644240459E-3,9.998388886E-1,1.779531903E2,1.898098468E-1,-7.632756557E-2,1.779530606E2
1.126720213E2,1.785435861E-2,6.989312242E-4,1.640654285E-3,9.998390079E-1,1.779539325E2,1.894053643E-1,-7.672203638E-2,1.779538024E2
1.126770213E2,1.787158389E-2,6.868658238E-4,1.639825525E-3,9.998387098E-1,1.779519583E2,1.892870183E-1,-7.533810006E-2,1.779518306E2
1.126820213E2,1.787813149E-2,6.826143945E-4,1.642910531E-3,9.998385906E-1,1.779512079E2,1.896322600E-1,-7.484344041E-2,1.779510808E2
1.126870213E2,1.787137287E-2,6.876291591E-4,1.641804120E-3,9.998387098E-1,1.779519825E2,1.895152604E-1,-7.542154547E-2,1.779518545E2
1.126920213E2,1.786851013E-2,6.896090345E-4,1.635823399E-3,9.998387694E-1,1.779523106E2,1.888338671E-1,-7.566117540E-2,1.779521827E2
1.126970213E2,1.787844768E-2,6.819055416E-4,1.639761147E-3,9.998385906E-1,1.779511717E2,1.892699954E-1,-7.476861758E-2,1.779510449E2
1.127020213E2,1.788218605E-2,6.795178051E-4,1.636328408E-3,9.998385310E-1,1.779507432E2,1.888720804E-1,-7.450137417E-2,1.779506172E2
1.127070213E2,1.787229702E-2,6.878555869E-4,1.631617895E-3,9.998387098E-1,1.779518766E2,1.883487227E-1,-7.546817571E-2,1.779517493E2
1.127120213E2,1.786891843E-2,6.895046681E-4,1.631401363E-3,9.998387694E-1,1.779522638E2,1.883270362E-1,-7.565819597E-2,1.779521362E2
1.127170213E2,1.788249447E-2,6.807411555E-4,1.632444793E-3,9.998385310E-1,1.779507078E2,1.884296515E-1,-7.464943769E-2,1.779505819E2
1.127220213E2,1.786270760E-2,6.935996935E-4,1.624607481E-3,9.998388886E-1,1.779529756E2,1.875565511E-1,-7.614245313E-2,1.779528478E2
1.127270213E2,1.785212516E-2,7.024770603E-4,1.627063495E-3,9.998390675E-1,1.779541885E2,1.878553033E-1,-7.715652166E-2,1.779540588E2
1.127320213E2,1.786864690E-2,6.907666102E-4,1.633839798E-3,9.998387694E-1,1.779522949E2,1.886089801E-1,-7.579783852E-2,1.779521669E2
1.127370213E2,1.786857678E-2,6.893244572E-4,1.635215129E-3,9.998387694E-1,1.779523030E2,1.887635977E-1,-7.562980347E-2,1.779521751E2
1.127420213E2,1.785140821E-2,7.026164094E-4,1.634850982E-3,9.998390675E-1,1.779542706E2,1.887477728E-1,-7.715669076E-2,1.779541403E2
1.127470213E2,1.785795346E-2,6.964755594E-4,1.638896763E-3,9.998389482E-1,1.779535205E2,1.891992485E-1,-7.644359891E-2,1.779533910E2
1.127520213E2,1.786796982E-2,6.892233505E-4,1.641876530E-3,9.998387694E-1,1.779523725E2,1.895265647E-1,-7.560469373E-2,1.779522442E2
1.127570213E2,1.785769880E-2,6.985498476E-4,1.640787697E-3,9.998389482E-1,1.779535497E2,1.894201255E-1,-7.667743509E-2,1.779534197E2
1.127620213E2,1.785780268E-2,6.983450148E-4,1.639744034E-3,9.998389482E-1,1.779535378E2,1.893001381E-1,-7.665608292E-2,1.779534079E2
1.127670213E2,1.786795849E-2,6.897736457E-4,1.641768729E-3,9.998387694E-1,1.779523738E2,1.895153397E-1,-7.566796566E-2,1.779522454E2
1.127720213E2,1.786760316E-2,6.899476284E-4,1.645558397E-3,9.998387694E-1,1.779524145E2,1.899498646E-1,-7.568020700E-2,1.779522858E2
1.127770213E2,1.785379737E-2,7.013659342E-4,1.645714976E-3,9.998390079E-1,1.779539968E2,1.899901245E-1,-7.699074080E-2,1.779538659E2
1.127820213E2,1.784690803E-2,7.040529745E-4,1.646868419E-3,9.998391271E-1,1.779547864E2,1.901272444E-1,-7.729755358E-2,1.779546549E2
1.127870213E2,1.785718270E-2,6.976511795E-4,1.646776102E-3,9.998389482E-1,1.779536088E2,1.901043592E-1,-7.656231487E-2,1.779534785E2
1.127920213E2,1.785044855E-2,7.021724596E-4,1.645485638E-3,9.998390675E-1,1.779543806E2,1.899652406E-1,-7.708425245E-2,1.779542496E2
1.127970213E2,1.783396069E-2,7.147914730E-4,1.637727488E-3,9.998393655E-1,1.779562703E2,1.891008840E-1,-7.854904158E-2,1.779561374E2
1.128020213E2,1.784083962E-2,7.102634409E-4,1.637552981E-3,9.998392463E-1,1.779554819E2,1.890721716E-1,-7.802930627E-2,1.779553499E2
1.128070213E2,1.784405476E-2,7.076037000E-4,1.640063711E-3,9.998391867E-1,1.779551134E2,1.893546461E-1,-7.771882909E-2,1.779549817E2
1.128120213E2,1.783729646E-2,7.113155443E-4,1.639300841E-3,9.998393059E-1,1.779558880E2,1.892743045E-1,-7.814694628E-2,1.779557556E2
1.128170213E2,1.783446796E-2,7.133667241E-4,1.632817322E-3,9.998393655E-1,1.779562122E2,1.885354364E-1,-7.839574306E-2,1.779560799E2
1.128220213E2,1.784108715E-2,7.096743793E-4,1.635109656E-3,9.998392463E-1,1.779554535E2,1.887910460E-1,-7.796676436E-2,1.779553218E2
1.128270213E2,1.784462411E-2,7.073858869E-4,1.633951557E-3,9.998391867E-1,1.779550482E2,1.886539537E-1,-7.770626495E-2,1.779549170E2
1.128320213E2,1.783718227E-2,7.121874951E-4,1.640164526E-3,9.998393059E-1,1.779559011E2,1.893750337E-1,-7.824510459E-2,1.779557685E2
1.128370213E2,1.783710290E-2,7.112160092E-4,1.641448704E-3,9.998393059E-1,1.779559102E2,1.895201742E-1,-7.813118838E-2,1.779557777E2
1.128420213E2,1.783726983E-2,7.120204973E-4,1.639284543E-3,9.998393059E-1,1.779558910E2,1.892738763E-1,-7.822775335E-2,1.779557586E2
1.128470213E2,1.783016705E-2,7.178473170E-4,1.641304349E-3,9.998394251E-1,1.779567051E2,1.895166446E-1,-7.889256824E-2,1.779565713E2
1.128520213E2,1.782305932E-2,7.212701021E-4,1.644380507E-3,9.998395443E-1,1.779575197E2,1.898755222E-1,-7.927979192E-2,1.779573850E2
1.128570213E2,1.782637680E-2,7.191621116E-4,1.645584241E-3,9.998394847E-1,1.779571395E2,1.900093945E-1,-7.903518357E-2,1.779570051E2
1.128620213E2,1.782346330E-2,7.220424013E-4,1.639656140E-3,9.998395443E-1,1.779574734E2,1.893358443E-1,-7.937784980E-2,1.779573390E2
1.128670213E2,1.781975290E-2,7.249899791E-4,1.642335905E-3,9.998396039E-1,1.779578986E2,1.896486001E-1,-7.971079349E-2,1.779577634E2
1.128720213E2,1.782668985E-2,7.194432546E-4,1.642066403E-3,9.998394847E-1,1.779571036E2,1.896069423E-1,-7.907452222E-2,1.779569695E2
1.128770213E2,1.783040988E-2,7.172726328E-4,1.638915855E-3,9.998394251E-1,1.779566773E2,1.892418311E-1,-7.883155932E-2,1.779565438E2
1.128820213E2,1.783055648E-2,7.179639651E-4,1.637017122E-3,9.998394251E-1,1.779566605E2,1.890257107E-1,-7.891461956E-2,1.779565270E2
1.128870213E2,1.782687385E-2,7.190390024E-4,1.640244853E-3,9.998394847E-1,1.779570825E2,1.893974293E-1,-7.903189218E-2,1.779569486E2
1.128920213E2,1.783055529E-2,7.165661082E-4,1.637642505E-3,9.998394251E-1,1.779566606E2,1.890945063E-1,-7.875318494E-2,1.779565274E2
1.128970213E2,1.782772898E-2,7.186299190E-4,1.631104504E-3,9.998394847E-1,1.779569845E2,1.883494185E-1,-7.900353432E-2,1.779568514E2
1.129020213E2,1.782776399E-2,7.190685137E-4,1.630528481E-3,9.998394847E-1,1.779569805E2,1.882843205E-1,-7.905495578E-2,1.779568474E2
1.129070213E2,1.784120378E-2,7.100403309E-4,1.633677632E-3,9.998392463E-1,1.779554402E2,1.886277312E-1,-7.801159847E-2,1.779553085E2
1.129120213E2,1.783106307E-2,7.160858368E-4,1.632315107E-3,9.998394251E-1,1.779566024E2,1.884831858E-1,-7.870894881E-2,1.779564697E2
1.129170213E2,1.782458224E-2,7.218159153E-4,1.627547550E-3,9.998395443E-1,1.779573452E2,1.879481458E-1,-7.937642270E-2,1.779572117E2
1.129220213E2,1.783512130E-2,7.127181743E-4,1.625949866E-3,9.998393655E-1,1.779561373E2,1.877473330E-1,-7.833534977E-2,1.779560057E2
1.129270213E2,1.784169846E-2,7.083268720E-4,1.629012404E-3,9.998392463E-1,1.779553835E2,1.880897543E-1,-7.782472743E-2,1.779552525E2
1.129320213E2,1.782796934E-2,7.185272989E-4,1.628520549E-3,9.998394847E-1,1.779569570E2,1.880531749E-1,-7.899701073E-2,1.779568241E2
1.129370213E2,1.783453032E-2,7.144071278E-4,1.631680876E-3,9.998393655E-1,1.779562050E2,1.884073612E-1,-7.851725638E-2,1.779560727E2
1.129420213E2,1.784451592E-2,7.073718589E-4,1.635138760E-3,9.998391867E-1,1.779550606E2,1.887899387E-1,-7.770225033E-2,1.779549293E2
1.129470213E2,1.784487082E-2,7.057324983E-4,1.631970983E-3,9.998391867E-1,1.779550199E2,1.884236699E-1,-7.752083469E-2,1.779548892E2
1.129520213E2,1.783866953E-2,7.108066347E-4,1.624513883E-3,9.998393059E-1,1.779557306E2,1.875791770E-1,-7.811860787E-2,1.779555995E2
1.129570213E2,1.785175733E-2,7.025209488E-4,1.631075400E-3,9.998390675E-1,1.779542306E2,1.883150228E-1,-7.715341169E-2,1.779541006E2
1.129620213E2,1.785455317E-2,7.009704714E-4,1.637664274E-3,9.998390079E-1,1.779539102E2,1.890669762E-1,-7.696176042E-2,1.779537800E2
1.129670213E2,1.784096837E-2,7.102502277E-4,1.636155415E-3,9.998392463E-1,1.779554671E2,1.889120306E-1,-7.803062546E-2,1.779553353E2
1.129720213E2,1.784123737E-2,7.099996437E-4,1.633328386E-3,9.998392463E-1,1.779554363E2,1.885876363E-1,-7.800764454E-2,1.779553047E2
1.129770213E2,1.784781891E-2,7.038646727E-4,1.637048321E-3,9.998391271E-1,1.779546820E2,1.890018062E-1,-7.729589151E-2,1.779545513E2
1.129820213E2,1.783037212E-2,7.162460824E-4,1.639775350E-3,9.998394251E-1,1.779566816E2,1.893382056E-1,-7.871219506E-2,1.779565483E2
1.129870213E2,1.783101684E-2,7.165066781E-4,1.632635365E-3,9.998394251E-1,1.779566077E2,1.885207354E-1,-7.875652025E-2,1.779564749E2
1.129920213E2,1.783778762E-2,7.112868479E-4,1.633960172E-3,9.998393059E-1,1.779558317E2,1.886623848E-1,-7.815448283E-2,1.779556998E2
1.129970213E2,1.784754836E-2,7.050657878E-4,1.639479189E-3,9.998391271E-1,1.779547130E2,1.892827555E-1,-7.742858633E-2,1.779545819E2
1.130020213E2,1.783757732E-2,7.115936605E-4,1.636120956E-3,9.998393059E-1,1.779558558E2,1.889105644E-1,-7.818525800E-2,1.779557236E2
1.130070213E2,1.783766016E-2,7.114894688E-4,1.635262859E-3,9.998393059E-1,1.779558463E2,1.888120426E-1,-7.817505887E-2,1.779557142E2
1.130120213E2,1.784130759E-2,7.086095284E-4,1.633165055E-3,9.998392463E-1,1.779554283E2,1.885660858E-1,-7.784869530E-2,1.779552969E2
1.130170213E2,1.784152210E-2,7.087053382E-4,1.630778308E-3,9.998392463E-1,1.779554037E2,1.882928404E-1,-7.786451207E-2,1.779552725E2
1.130220213E2,1.784883468E-2,7.052463479E-4,1.625337056E-3,9.998391271E-1,1.779545656E2,1.876629103E-1,-7.747795733E-2,1.779544355E2
1.130270213E2,1.784871264E-2,7.040246855E-4,1.627205755E-3,9.998391271E-1,1.779545796E2,1.878745051E-1,-7.733418818E-2,1.779544496E2
1.130320213E2,1.785205546E-2,7.020529010E-4,1.628011116E-3,9.998390675E-1,1.779541965E2,1.879630023E-1,-7.710599882E-2,1.779540668E2
1.130370213E2,1.785560535E-2,6.986096851E-4,1.627167687E-3,9.998390079E-1,1.779537896E2,1.878595949E-1,-7.671255720E-2,1.779536606E2
1.130420213E2,1.785551531E-2,6.989394897E-4,1.628013910E-3,9.998390079E-1,1.779537999E2,1.879572177E-1,-7.674862931E-2,1.779536708E2
1.130470213E2,1.785910121E-2,6.979466416E-4,1.625711331E-3,9.998389482E-1,1.779533889E2,1.876916461E-1,-7.663891401E-2,1.779532602E2
1.130520213E2,1.786202713E-2,6.955755525E-4,1.631230931E-3,9.998388886E-1,1.779530536E2,1.883194161E-1,-7.635540317E-2,1.779529249E2
1.130570213E2,1.786580839E-2,6.925882190E-4,1.627622521E-3,9.998388290E-1,1.779526202E2,1.879001598E-1,-7.601981066E-2,1.779524924E2
1.130620213E2,1.785883201E-2,6.979107275E-4,1.628681202E-3,9.998389482E-1,1.779534198E2,1.880318206E-1,-7.662877160E-2,1.779532908E2
1.130670213E2,1.785928124E-2,6.972262054E-4,1.624041819E-3,9.998389482E-1,1.779533683E2,1.874989034E-1,-7.655975448E-2,1.779532398E2
1.130720213E2,1.786267292E-2,6.953518023E-4,1.624239725E-3,9.998388886E-1,1.779529796E2,1.875180005E-1,-7.634395706E-2,1.779528515E2
1.130770213E2,1.786259456E-2,6.938868901E-4,1.625727280E-3,9.998388886E-1,1.779529886E2,1.876854298E-1,-7.617308709E-2,1.779528606E2
1.130820213E2,1.785558575E-2,6.989668473E-4,1.627229387E-3,9.998390079E-1,1.779537919E2,1.878673935E-1,-7.675335583E-2,1.779536628E2
1.130870213E2,1.785589128E-2,6.987546221E-4,1.623964636E-3,9.998390079E-1,1.779537568E2,1.874929286E-1,-7.673566367E-2,1.779536281E2
1.130920213E2,1.786284514E-2,6.938677980E-4,1.622979878E-3,9.998388886E-1,1.779529599E2,1.873706304E-1,-7.617647671E-2,1.779528321E2
1.130970213E2,1.785610391E-2,6.979999016E-4,1.621950069E-3,9.998390079E-1,1.779537325E2,1.872605843E-1,-7.665327547E-2,1.779536040E2
1.131020213E2,1.785604981E-2,6.979298778E-4,1.622575684E-3,9.998390079E-1,1.779537387E2,1.873321159E-1,-7.664398256E-2,1.779536102E2
1.131070213E2,1.785933099E-2,6.961807376E-4,1.623943215E-3,9.998389482E-1,1.779533626E2,1.874854699E-1,-7.644016442E-2,1.779532344E2
1.131120213E2,1.785594630E-2,7.000706973E-4,1.622792450E-3,9.998390079E-1,1.779537505E2,1.873613248E-1,-7.688883885E-2,1.779536216E2
1.131170213E2,1.784876900E-2,7.038086769E-4,1.626680954E-3,9.998391271E-1,1.779545731E2,1.878139393E-1,-7.731050225E-2,1.779544432E2
1.131220213E2,1.785195888E-2,7.020944031E-4,1.629051869E-3,9.998390675E-1,1.779542075E2,1.880823225E-1,-7.710864281E-2,1.779540777E2
1.131270213E2,1.785544555E-2,6.985446671E-4,1.628948143E-3,9.998390079E-1,1.779538079E2,1.880634427E-1,-7.670149471E-2,1.779536788E2
1.131320213E2,1.785223245E-2,7.017652388E-4,1.626193291E-3,9.998390675E-1,1.779541762E2,1.877541527E-1,-7.707672617E-2,1.779540467E2
1.131370213E2,1.784157720E-2,7.082566735E-4,1.630370389E-3,9.998392463E-1,1.779553974E2,1.882451904E-1,-7.781393080E-2,1.779552663E2
1.131420213E2,1.785208691E-2,7.009080146E-4,1.628159545E-3,9.998390675E-1,1.779541929E2,1.879776682E-1,-7.697451598E-2,1.779540634E2
1.131470213E2,1.784867204E-2,7.043501246E-4,1.627510297E-3,9.998391271E-1,1.779545842E2,1.879100602E-1,-7.737085946E-2,1.779544541E2
1.131520213E2,1.783819600E-2,7.109496510E-4,1.629642909E-3,9.998393059E-1,1.779557849E2,1.881670832E-1,-7.812459757E-2,1.779556534E2
1.131570213E2,1.784177635E-2,7.079528878E-4,1.628321712E-3,9.998392463E-1,1.779553745E2,1.880098606E-1,-7.778327643E-2,1.779552437E2
1.131620213E2,1.784156392E-2,7.103660027E-4,1.629597857E-3,9.998392463E-1,1.779553989E2,1.881609910E-1,-7.805718541E-2,1.779552675E2
1.131670213E2,1.783797407E-2,7.120339433E-4,1.631597639E-3,9.998393059E-1,1.779558103E2,1.883932430E-1,-7.824487428E-2,1.779556784E2
1.131720213E2,1.784502803E-2,7.075896719E-4,1.629445818E-3,9.998391867E-1,1.779550019E2,1.881381635E-1,-7.773875137E-2,1.779548710E2
1.131770213E2,1.784827391E-2,7.055195165E-4,1.631365390E-3,9.998391271E-1,1.779546299E2,1.883541132E-1,-7.749703004E-2,1.779544992E2
1.131820213E2,1.784138519E-2,7.081580115E-4,1.632513013E-3,9.998392463E-1,1.779554194E2,1.884904618E-1,-7.779828211E-2,1.779552882E2
1.131870213E2,1.784837722E-2,7.046763785E-4,1.630599378E-3,9.998391271E-1,1.779546180E2,1.882646317E-1,-7.740197640E-2,1.779544876E2
1.131920213E2,1.784477884E-2,7.074780879E-4,1.632220927E-3,9.998391867E-1,1.779550304E2,1.884558699E-1,-7.772033864E-2,1.779548994E2
1.131970213E2,1.784112044E-2,7.085755933E-4,1.635223045E-3,9.998392463E-1,1.779554497E2,1.888017931E-1,-7.784063483E-2,1.779553182E2
1.132020213E2,1.785152839E-2,7.025935338E-4,1.633547945E-3,9.998390675E-1,1.779542569E2,1.885984418E-1,-7.715671285E-2,1.779541266E2
1.132070213E2,1.785855820E-2,6.960267783E-4,1.632485306E-3,9.998389482E-1,1.779534512E2,1.884637930E-1,-7.640518773E-2,1.779533223E2
1.132120213E2,1.785518982E-2,6.985811051E-4,1.631733263E-3,9.998390079E-1,1.779538372E2,1.883825986E-1,-7.670001875E-2,1.779537079E2
1.132170213E2,1.785532238E-2,7.001975318E-4,1.629588543E-3,9.998390079E-1,1.779538220E2,1.881401887E-1,-7.688958142E-2,1.779536926E2
1.132220213E2,1.786187321E-2,6.939575542E-4,1.633603708E-3,9.998388886E-1,1.779530712E2,1.885879494E-1,-7.616519604E-2,1.779529427E2
1.132270213E2,1.784835215E-2,7.033668808E-4,1.631438965E-3,9.998391271E-1,1.779546209E2,1.883581454E-1,-7.725023051E-2,1.779544907E2
1.132320213E2,1.784505001E-2,7.073136512E-4,1.629324979E-3,9.998391867E-1,1.779549994E2,1.881237557E-1,-7.770736979E-2,1.779548686E2
1.132370213E2,1.784820829E-2,7.038068725E-4,1.632822445E-3,9.998391271E-1,1.779546374E2,1.885175445E-1,-7.729783911E-2,1.779545070E2
1.132420213E2,1.784847769E-2,7.037878386E-4,1.629883191E-3,9.998391271E-1,1.779546065E2,1.881807657E-1,-7.730161954E-2,1.779544763E2
1.132470213E2,1.784183123E-2,7.088698330E-4,1.627321122E-3,9.998392463E-1,1.779553683E2,1.878970988E-1,-7.789036932E-2,1.779552373E2
1.132520213E2,1.784148928E-2,7.101971423E-4,1.630488434E-3,9.998392463E-1,1.779554074E2,1.882626765E-1,-7.803603169E-2,1.779552760E2
1.132570213E2,1.784116415E-2,7.106385892E-4,1.633850276E-3,9.998392463E-1,1.779554447E2,1.886487319E-1,-7.807979733E-2,1.779553129E2
1.132620213E2,1.784150237E-2,7.103007520E-4,1.630300074E-3,9.998392463E-1,1.779554059E2,1.882413083E-1,-7.804828524E-2,1.779552745E2
1.132670213E2,1.784142918E-2,7.100591320E-4,1.631206018E-3,9.998392463E-1,1.779554143E2,1.883446057E-1,-7.801876354E-2,1.779552829E2
1.132720213E2,1.784497921E-2,7.060666103E-4,1.630640705E-3,9.998391867E-1,1.779550075E2,1.882719470E-1,-7.756181498E-2,1.779548768E2
1.132770213E2,1.784138531E-2,7.098054630E-4,1.631796127E-3,9.998392463E-1,1.779554194E2,1.884116945E-1,-7.798850160E-2,1.779552879E2
1.132820213E2,1.784467881E-2,7.078675553E-4,1.633145381E-3,9.998391867E-1,1.779550419E2,1.885625767E-1,-7.776308952E-2,1.779549107E2
1.132870213E2,1.784056479E-2,7.098173955E-4,1.640737406E-3,9.998392463E-1,1.779555134E2,1.894360890E-1,-7.797174281E-2,1.779553812E2
1.132920213E2,1.783775393E-2,7.122686948E-4,1.633900218E-3,9.998393059E-1,1.779558356E2,1.886575203E-1,-7.826710507E-2,1.779557035E2
1.132970213E2,1.784812112E-2,7.049781270E-4,1.633269945E-3,9.998391271E-1,1.779546474E2,1.885712054E-1,-7.743113458E-2,1.779545167E2
1.133020213E2,1.785527548E-2,6.993002607E-4,1.630487386E-3,9.998390079E-1,1.779538274E2,1.882413324E-1,-7.678494785E-2,1.779536981E2
1.133070213E2,1.784842808E-2,7.040892961E-4,1.630296232E-3,9.998391271E-1,1.779546122E2,1.882287022E-1,-7.733532298E-2,1.779544819E2
1.133120213E2,1.785174081E-2,7.014806615E-4,1.631703810E-3,9.998390675E-1,1.779542325E2,1.883848921E-1,-7.703294020E-2,1.779541027E2
1.133170213E2,1.785525028E-2,7.001504418E-4,1.630398561E-3,9.998390079E-1,1.779538303E2,1.882328934E-1,-7.688254229E-2,1.779537008E2
1.133220213E2,1.784889332E-2,7.049829001E-4,1.624807250E-3,9.998391271E-1,1.779545589E2,1.876016741E-1,-7.744884596E-2,1.779544289E2
1.133270213E2,1.784207618E-2,7.088574348E-4,1.624638680E-3,9.998392463E-1,1.779553402E2,1.875897556E-1,-7.789438753E-2,1.779552095E2
1.133320213E2,1.784934170E-2,7.031660061E-4,1.620663679E-3,9.998391271E-1,1.779545075E2,1.871232484E-1,-7.724907027E-2,1.779543781E2
1.133370213E2,1.784975543E-2,7.034476148E-4,1.615977963E-3,9.998391271E-1,1.779544601E2,1.865869974E-1,-7.729084257E-2,1.779543310E2
1.133420213E2,1.784627977E-2,7.053157315E-4,1.616672613E-3,9.998391867E-1,1.779548584E2,1.866701383E-1,-7.750410658E-2,1.779547290E2
1.133470213E2,1.784956240E-2,7.041245117E-4,1.617814298E-3,9.998391271E-1,1.779544822E2,1.867987627E-1,-7.736467652E-2,1.779543529E2
1.133520213E2,1.785311622E-2,7.022023201E-4,1.616272144E-3,9.998390675E-1,1.779540749E2,1.866184145E-1,-7.714693616E-2,1.779539461E2
1.133570213E2,1.784612421E-2,7.068883860E-4,1.617702655E-3,9.998391867E-1,1.779548762E2,1.867913586E-1,-7.768221307E-2,1.779547464E2
1.133620213E2,1.784282409E-2,7.094126195E-4,1.616160385E-3,9.998392463E-1,1.779552545E2,1.866195610E-1,-7.797519265E-2,1.779551243E2
1.133670213E2,1.783910862E-2,7.111168234E-4,1.619548886E-3,9.998393059E-1,1.779556803E2,1.870109882E-1,-7.816421496E-2,1.779555495E2
1.133720213E2,1.785255650E-2,7.026304957E-4,1.622257521E-3,9.998390675E-1,1.779541390E2,1.873050131E-1,-7.718385267E-2,1.779540097E2
1.133770213E2,1.784997528E-2,7.040068740E-4,1.613303786E-3,9.998391271E-1,1.779544349E2,1.862817687E-1,-7.736034791E-2,1.779543059E2
1.133820213E2,1.783964892E-2,7.111341693E-4,1.613578876E-3,9.998393059E-1,1.779556184E2,1.863270606E-1,-7.817830641E-2,1.779554881E2
1.133870213E2,1.785011186E-2,7.042628713E-4,1.611680142E-3,9.998391271E-1,1.779544192E2,1.860962763E-1,-7.739297422E-2,1.779542904E2
1.133920213E2,1.784956521E-2,7.030999404E-4,1.618228853E-3,9.998391271E-1,1.779544819E2,1.868441638E-1,-7.724643963E-2,1.779543527E2
1.133970213E2,1.784591544E-2,7.056617760E-4,1.620538766E-3,9.998391867E-1,1.779549002E2,1.871137767E-1,-7.753591526E-2,1.779547704E2
1.134020213E2,1.785287112E-2,7.021117490E-4,1.619016519E-3,9.998390675E-1,1.779541030E2,1.869326429E-1,-7.713099011E-2,1.779539740E2
1.134070213E2,1.785327802E-2,7.010512054E-4,1.614984125E-3,9.998390675E-1,1.779540563E2,1.864684986E-1,-7.701765435E-2,1.779539278E2
1.134120213E2,1.785707157E-2,6.996480515E-4,1.610546489E-3,9.998390079E-1,1.779536216E2,1.859574836E-1,-7.686526427E-2,1.779534937E2
1.134170213E2,1.784634292E-2,7.051223074E-4,1.616059802E-3,9.998391867E-1,1.779548512E2,1.865995357E-1,-7.748318688E-2,1.779547218E2
1.134220213E2,1.785316302E-2,7.018935867E-4,1.615889254E-3,9.998390675E-1,1.779540695E2,1.865739173E-1,-7.711233823E-2,1.779539408E2
1.134270213E2,1.785709011E-2,6.976414006E-4,1.611211337E-3,9.998390079E-1,1.779536194E2,1.860295520E-1,-7.663399195E-2,1.779534919E2
1.134320213E2,1.785316720E-2,7.010803092E-4,1.616196125E-3,9.998390675E-1,1.779540690E2,1.866074127E-1,-7.701852984E-2,1.779539404E2
1.134370213E2,1.785252865E-2,7.021664642E-4,1.622764743E-3,9.998390675E-1,1.779541422E2,1.873621757E-1,-7.712965461E-2,1.779540129E2
1.134420213E2,1.784983890E-2,7.033192669E-4,1.615111600E-3,9.998391271E-1,1.779544505E2,1.864874790E-1,-7.727789398E-2,1.779543216E2
1.134470213E2,1.785379602E-2,7.002433413E-4,1.609599101E-3,9.998390675E-1,1.779539970E2,1.858499043E-1,-7.693601609E-2,1.779538690E2
1.134520213E2,1.785334492E-2,7.018190809E-4,1.613910659E-3,9.998390675E-1,1.779540487E2,1.863470843E-1,-7.710781608E-2,1.779539201E2
1.134570213E2,1.784596558E-2,7.052824367E-4,1.620151685E-3,9.998391867E-1,1.779548944E2,1.870686554E-1,-7.749323540E-2,1.779547647E2
1.134620213E2,1.785692987E-2,6.997548626E-4,1.612070482E-3,9.998390079E-1,1.779536378E2,1.861323005E-1,-7.687440963E-2,1.779535098E2
1.134670213E2,1.786410231E-2,6.942938198E-4,1.608899445E-3,9.998388886E-1,1.779528158E2,1.857583539E-1,-7.625387732E-2,1.779526890E2
1.134720213E2,1.785979186E-2,6.966973306E-4,1.618644572E-3,9.998389482E-1,1.779533098E2,1.868794784E-1,-7.651011049E-2,1.779531818E2
1.134770213E2,1.784982480E-2,7.028423133E-4,1.615475048E-3,9.998391271E-1,1.779544521E2,1.865281437E-1,-7.722250706E-2,1.779543232E2
1.134820213E2,1.785456569E-2,7.004776271E-4,1.600936521E-3,9.998390675E-1,1.779539088E2,1.848579407E-1,-7.698044051E-2,1.779537815E2
1.134870213E2,1.786016370E-2,6.959450548E-4,1.614860957E-3,9.998389482E-1,1.779532672E2,1.864444650E-1,-7.643159451E-2,1.779531397E2
1.134920213E2,1.785154742E-2,7.017282769E-4,1.633711974E-3,9.998390675E-1,1.779542547E2,1.886154663E-1,-7.705723847E-2,1.779541246E2
1.134970213E2,1.785045190E-2,7.043601945E-4,1.607866958E-3,9.998391271E-1,1.779543802E2,1.856596119E-1,-7.741186197E-2,1.779542517E2
1.135020213E2,1.785523260E-2,7.012619171E-4,1.593136229E-3,9.998390675E-1,1.779538323E2,1.839658901E-1,-7.708613667E-2,1.779537055E2
1.135070213E2,1.785889021E-2,6.958497106E-4,1.628924860E-3,9.998389482E-1,1.779534131E2,1.880555231E-1,-7.639212479E-2,1.779532846E2
1.135120213E2,1.784813646E-2,7.054800517E-4,1.632885542E-3,9.998391271E-1,1.779546456E2,1.885281909E-1,-7.748942504E-2,1.779545149E2
1.135170213E2,1.785159472E-2,7.029778790E-4,1.595738227E-3,9.998391271E-1,1.779542493E2,1.842672407E-1,-7.727808612E-2,1.779541219E2
1.135220213E2,1.786387425E-2,6.938595325E-4,1.611616695E-3,9.998388886E-1,1.779528419E2,1.860687722E-1,-7.619859933E-2,1.779527150E2
1.135270213E2,1.785661259E-2,6.985776126E-4,1.652555191E-3,9.998389482E-1,1.779536742E2,1.907683422E-1,-7.665674158E-2,1.779535433E2
1.135320213E2,1.783506499E-2,7.131908787E-4,1.626360230E-3,9.998393655E-1,1.779561437E2,1.877953117E-1,-7.838868086E-2,1.779560120E2
1.135370213E2,1.784825253E-2,7.046608371E-4,1.595035079E-3,9.998391867E-1,1.779546323E2,1.841898629E-1,-7.747296214E-2,1.779545047E2
1.135420213E2,1.785966742E-2,6.972410483E-4,1.619783114E-3,9.998389482E-1,1.779533241E2,1.870110286E-1,-7.657009895E-2,1.779531959E2
1.135470213E2,1.783125561E-2,7.168281591E-4,1.629884238E-3,9.998394251E-1,1.779565803E2,1.882062048E-1,-7.879893011E-2,1.779564477E2
1.135520213E2,1.783872490E-2,7.106168196E-4,1.623988850E-3,9.998393059E-1,1.779557243E2,1.875186384E-1,-7.809792308E-2,1.779555933E2
1.135570213E2,1.786950379E-2,6.900510052E-4,1.624745200E-3,9.998387694E-1,1.779521967E2,1.875655797E-1,-7.573431192E-2,1.779520696E2
1.135620213E2,1.784602015E-2,7.060635253E-4,1.619210117E-3,9.998391867E-1,1.779548882E2,1.869623786E-1,-7.758464262E-2,1.779547584E2
1.135670213E2,1.783643041E-2,7.135017659E-4,1.611178857E-3,9.998393655E-1,1.779559872E2,1.860566704E-1,-7.845507505E-2,1.779558567E2
1.135720213E2,1.786044512E-2,6.972930278E-4,1.611162676E-3,9.998389482E-1,1.779532349E2,1.860235207E-1,-7.659355314E-2,1.779531074E2
1.135770213E2,1.786966573E-2,6.895954721E-4,1.623156713E-3,9.998387694E-1,1.779521781E2,1.873826605E-1,-7.568534265E-2,1.779520512E2
1.135820213E2,1.784933346E-2,7.042051293E-4,1.620303257E-3,9.998391271E-1,1.779545084E2,1.870840788E-1,-7.736886470E-2,1.779543789E2
1.135870213E2,1.786561210E-2,6.919457228E-4,1.630048500E-3,9.998388290E-1,1.779526427E2,1.881767822E-1,-7.594126785E-2,1.779525148E2
1.135920213E2,1.787571322E-2,6.852385122E-4,1.631820458E-3,9.998386502E-1,1.779514850E2,1.883668271E-1,-7.516727082E-2,1.779513583E2
1.135970213E2,1.784574191E-2,7.055770257E-4,1.622485463E-3,9.998391867E-1,1.779549201E2,1.873366298E-1,-7.752225642E-2,1.779547901E2
1.136020213E2,1.785603632E-2,6.998408353E-4,1.621900825E-3,9.998390079E-1,1.779537402E2,1.872587047E-1,-7.686431048E-2,1.779536114E2
1.136070213E2,1.785530639E-2,6.993431598E-4,1.630130457E-3,9.998390079E-1,1.779538239E2,1.882005279E-1,-7.679058746E-2,1.779536945E2
1.136120213E2,1.783852928E-2,7.114635664E-4,1.625765930E-3,9.998393059E-1,1.779557467E2,1.877239606E-1,-7.819134141E-2,1.779556154E2
1.136170213E2,1.785590780E-2,6.983057247E-4,1.623976044E-3,9.998390079E-1,1.779537549E2,1.874933183E-1,-7.668420562E-2,1.779536263E2
1.136220213E2,1.786965147E-2,6.904571201E-4,1.622947399E-3,9.998387694E-1,1.779521798E2,1.873604422E-1,-7.578449568E-2,1.779520527E2
1.136270213E2,1.784231321E-2,7.085441612E-4,1.622170326E-3,9.998392463E-1,1.779553130E2,1.873063254E-1,-7.786349738E-2,1.779551825E2
1.136320213E2,1.784532147E-2,7.059855852E-4,1.626926009E-3,9.998391867E-1,1.779549682E2,1.878462019E-1,-7.756006400E-2,1.779548379E2
1.136370213E2,1.786944158E-2,6.902628811E-4,1.625339268E-3,9.998387694E-1,1.779522038E2,1.876340733E-1,-7.575738233E-2,1.779520766E2
1.136420213E2,1.784679713E-2,7.063513622E-4,1.610497478E-3,9.998391867E-1,1.779547991E2,1.859647898E-1,-7.763529503E-2,1.779546700E2
1.136470213E2,1.783626313E-2,7.125934353E-4,1.613431145E-3,9.998393655E-1,1.779560064E2,1.863128529E-1,-7.834643212E-2,1.779558759E2
1.136520213E2,1.786595311E-2,6.930424715E-4,1.625839621E-3,9.998388290E-1,1.779526037E2,1.876968278E-1,-7.607547895E-2,1.779524758E2
1.136570213E2,1.786027176E-2,6.969494279E-4,1.613231841E-3,9.998389482E-1,1.779532548E2,1.862598757E-1,-7.654998298E-2,1.779531272E2
1.136620213E2,1.784358595E-2,7.093050517E-4,1.607774524E-3,9.998392463E-1,1.779551671E2,1.856586026E-1,-7.797987396E-2,1.779550376E2
1.136670213E2,1.786318385E-2,6.942573236E-4,1.619080664E-3,9.998388886E-1,1.779529210E2,1.869247070E-1,-7.622902450E-2,1.779527935E2
1.136720213E2,1.787381541E-2,6.868885830E-4,1.615311019E-3,9.998387098E-1,1.779517026E2,1.864785209E-1,-7.539049870E-2,1.779515767E2
1.136770213E2,1.785381067E-2,7.017282187E-4,1.608789782E-3,9.998390675E-1,1.779539953E2,1.857602174E-1,-7.710779636E-2,1.779538671E2
1.136820213E2,1.786031970E-2,6.960817846E-4,1.613075612E-3,9.998389482E-1,1.779532493E2,1.862402035E-1,-7.645088518E-2,1.779531219E2
1.136870213E2,1.786001471E-2,6.958596641E-4,1.616544672E-3,9.998389482E-1,1.779532843E2,1.866371879E-1,-7.641839269E-2,1.779531566E2
1.136920213E2,1.785695807E-2,6.983238854E-4,1.612378634E-3,9.998390079E-1,1.779536346E2,1.861646800E-1,-7.670982221E-2,1.779535068E2
1.136970213E2,1.787425552E-2,6.868563942E-4,1.610447420E-3,9.998387098E-1,1.779516521E2,1.859212487E-1,-7.539669108E-2,1.779515266E2
1.137020213E2,1.787432863E-2,6.867463235E-4,1.609682688E-3,9.998387098E-1,1.779516437E2,1.858334107E-1,-7.538563280E-2,1.779515183E2
1.137070213E2,1.787103419E-2,6.885684561E-4,1.608459977E-3,9.998387694E-1,1.779520213E2,1.856968043E-1,-7.559751666E-2,1.779518957E2
1.137120213E2,1.788185199E-2,6.801855052E-4,1.602941076E-3,9.998385906E-1,1.779507815E2,1.850481219E-1,-7.464635630E-2,1.779506578E2
1.137170213E2,1.788595529E-2,6.787785096E-4,1.594915753E-3,9.998385310E-1,1.779503112E2,1.841260551E-1,-7.450084258E-2,1.779501884E2
1.137220213E2,1.787578118E-2,6.864272873E-4,1.593608409E-3,9.998387098E-1,1.779514773E2,1.839911807E-1,-7.538173868E-2,1.779513531E2
1.137270213E2,1.788279021E-2,6.804646691E-4,1.592320739E-3,9.998385906E-1,1.779506740E2,1.838319555E-1,-7.469993206E-2,1.779505510E2
1.137320213E2,1.788635339E-2,6.782387500E-4,1.590675209E-3,9.998385310E-1,1.779502656E2,1.836391244E-1,-7.444761939E-2,1.779501432E2
1.137370213E2,1.787239690E-2,6.890512304E-4,1.593038091E-3,9.998387694E-1,1.779518651E2,1.839309570E-1,-7.568416293E-2,1.779517406E2
1.137420213E2,1.787612187E-2,6.850143545E-4,1.590391505E-3,9.998387098E-1,1.779514382E2,1.836197396E-1,-7.522638195E-2,1.779513146E2
1.137470213E2,1.789031676E-2,6.757851224E-4,1.584602171E-3,9.998384714E-1,1.779498113E2,1.829385797E-1,-7.417822272E-2,1.779496899E2
1.137520213E2,1.788019573E-2,6.816618261E-4,1.583493198E-3,9.998386502E-1,1.779509713E2,1.828228131E-1,-7.485565911E-2,1.779508488E2
1.137570213E2,1.788691454E-2,6.788430037E-4,1.584093901E-3,9.998385310E-1,1.779502013E2,1.828863619E-1,-7.453023801E-2,1.779500793E2
1.137620213E2,1.789392026E-2,6.720730453E-4,1.583100995E-3,9.998384118E-1,1.779493983E2,1.827592393E-1,-7.375533760E-2,1.779492777E2
1.137670213E2,1.788746653E-2,6.773079513E-4,1.578508178E-3,9.998385310E-1,1.779501380E2,1.822432805E-1,-7.436571138E-2,1.779500167E2
1.137720213E2,1.789090923E-2,6.747069419E-4,1.578360097E-3,9.998384714E-1,1.779497434E2,1.822212371E-1,-7.406738179E-2,1.779496226E2
1.137770213E2,1.790454094E-2,6.649455172E-4,1.578956726E-3,9.998382330E-1,1.779481811E2,1.822705736E-1,-7.294527687E-2,1.779480621E2
1.137820213E2,1.789401611E-2,6.733858609E-4,1.581458841E-3,9.998384118E-1,1.779493874E2,1.825737915E-1,-7.390910086E-2,1.779492666E2
1.137870213E2,1.788697522E-2,6.786198355E-4,1.583504258E-3,9.998385310E-1,1.779501943E2,1.828183515E-1,-7.450586651E-2,1.779500724E2
1.137920213E2,1.789053269E-2,6.739961100E-4,1.582925324E-3,9.998384714E-1,1.779497866E2,1.827428054E-1,-7.397664844E-2,1.779496656E2
1.137970213E2,1.788000516E-2,6.824752199E-4,1.585293678E-3,9.998386502E-1,1.779509931E2,1.830307528E-1,-7.494519780E-2,1.779508704E2
1.138020213E2,1.787662132E-2,6.850109785E-4,1.584769110E-3,9.998387098E-1,1.779513810E2,1.829755931E-1,-7.523742166E-2,1.779512578E2
1.138070213E2,1.788326225E-2,6.804217119E-4,1.587028848E-3,9.998385906E-1,1.779506199E2,1.832255924E-1,-7.470576870E-2,1.779504973E2
1.138120213E2,1.788042736E-2,6.833304069E-4,1.580155105E-3,9.998386502E-1,1.779509448E2,1.824437930E-1,-7.505363125E-2,1.779508222E2
1.138170213E2,1.787030210E-2,6.890854565E-4,1.579052536E-3,9.998388290E-1,1.779521052E2,1.823284949E-1,-7.571711088E-2,1.779519817E2
1.138220213E2,1.788034922E-2,6.835917593E-4,1.580926008E-3,9.998386502E-1,1.779509537E2,1.825326477E-1,-7.508200984E-2,1.779508311E2
1.138270213E2,1.787985162E-2,6.819289993E-4,1.587259234E-3,9.998386502E-1,1.779510107E2,1.832548225E-1,-7.487861627E-2,1.779508879E2
1.138320213E2,1.785893315E-2,6.969872047E-4,1.590939355E-3,9.998390079E-1,1.779534082E2,1.837057222E-1,-7.660018464E-2,1.779532823E2
1.138370213E2,1.785920850E-2,6.964092026E-4,1.588099054E-3,9.998390079E-1,1.779533766E2,1.833791370E-1,-7.653972361E-2,1.779532511E2
1.138420213E2,1.787260361E-2,6.883376045E-4,1.591026201E-3,9.998387694E-1,1.779518414E2,1.836990017E-1,-7.560648325E-2,1.779517172E2
1.138470213E2,1.786212045E-2,6.940836320E-4,1.593883149E-3,9.998389482E-1,1.779530429E2,1.840373029E-1,-7.626090166E-2,1.779529173E2
1.138520213E2,1.785897909E-2,6.968456437E-4,1.590485685E-3,9.998390079E-1,1.779534029E2,1.836534574E-1,-7.658488559E-2,1.779532771E2
1.138570213E2,1.786936132E-2,6.912441459E-4,1.588726067E-3,9.998388290E-1,1.779522130E2,1.834411749E-1,-7.594480074E-2,1.779520884E2
1.138620213E2,1.786580940E-2,6.923729670E-4,1.590668689E-3,9.998388886E-1,1.779526201E2,1.836657896E-1,-7.607080767E-2,1.779524951E2
1.138670213E2,1.786271306E-2,6.942768814E-4,1.587143517E-3,9.998389482E-1,1.779529750E2,1.832655606E-1,-7.629673011E-2,1.779528499E2
1.138720213E2,1.786263182E-2,6.942355540E-4,1.588075655E-3,9.998389482E-1,1.779529843E2,1.833722680E-1,-7.629010187E-2,1.779528591E2
1.138770213E2,1.786594761E-2,6.933517870E-4,1.588688814E-3,9.998388886E-1,1.779526043E2,1.834409632E-1,-7.618698240E-2,1.779524792E2
1.138820213E2,1.786268277E-2,6.943523185E-4,1.587451319E-3,9.998389482E-1,1.779529785E2,1.833009786E-1,-7.630474864E-2,1.779528533E2
1.138870213E2,1.786283980E-2,6.939326995E-4,1.585867023E-3,9.998389482E-1,1.779529605E2,1.831186132E-1,-7.625988593E-2,1.779528355E2
1.138920213E2,1.786250660E-2,6.947097718E-4,1.589276246E-3,9.998389482E-1,1.779529987E2,1.835107852E-1,-7.634199982E-2,1.779528733E2
1.138970213E2,1.786224732E-2,6.962550106E-4,1.591512584E-3,9.998389482E-1,1.779530284E2,1.837701540E-1,-7.651451252E-2,1.779529026E2
1.139020213E2,1.785867699E-2,6.973882555E-4,1.593636815E-3,9.998390079E-1,1.779534376E2,1.840155808E-1,-7.664066079E-2,1.779533114E2
1.139070213E2,1.785244542E-2,7.011648850E-4,1.586994855E-3,9.998391271E-1,1.779541518E2,1.832618379E-1,-7.708809666E-2,1.779540254E2
1.139120213E2,1.785610072E-2,6.999468897E-4,1.583958277E-3,9.998390675E-1,1.779537328E2,1.829117158E-1,-7.695409081E-2,1.779536069E2
1.139170213E2,1.786265628E-2,6.941402098E-4,1.587842125E-3,9.998389482E-1,1.779529815E2,1.833453184E-1,-7.627965154E-2,1.779528564E2
1.139220213E2,1.786883655E-2,6.915944396E-4,1.594465575E-3,9.998388290E-1,1.779522732E2,1.840994479E-1,-7.597327821E-2,1.779521480E2
1.139270213E2,1.785517609E-2,7.001908962E-4,1.594240312E-3,9.998390675E-1,1.779538388E2,1.840901927E-1,-7.696117765E-2,1.779537121E2
1.139320213E2,1.786511286E-2,6.933608092E-4,1.598044415E-3,9.998388886E-1,1.779527000E2,1.845128219E-1,-7.616901535E-2,1.779525742E2
1.139370213E2,1.787834500E-2,6.831064820E-4,1.603639219E-3,9.998386502E-1,1.779511834E2,1.851338340E-1,-7.498024041E-2,1.779510592E2
1.139420213E2,1.787143953E-2,6.891984376E-4,1.603679382E-3,9.998387694E-1,1.779519749E2,1.851503959E-1,-7.567941120E-2,1.779518495E2
1.139470213E2,1.787154983E-2,6.883148453E-4,1.602829434E-3,9.998387694E-1,1.779519622E2,1.850512128E-1,-7.557989558E-2,1.779518370E2
1.139520213E2,1.788519066E-2,6.783805438E-4,1.603635843E-3,9.998385310E-1,1.779503988E2,1.851242731E-1,-7.443751437E-2,1.779502755E2
1.139570213E2,1.787472506E-2,6.864294992E-4,1.605410129E-3,9.998387098E-1,1.779515983E2,1.853432696E-1,-7.535801157E-2,1.779514733E2
1.139620213E2,1.786070206E-2,6.961735198E-4,1.608796767E-3,9.998389482E-1,1.779532055E2,1.857501783E-1,-7.647008236E-2,1.779530784E2
1.139670213E2,1.787419224E-2,6.870986545E-4,1.611046260E-3,9.998387098E-1,1.779516594E2,1.859903514E-1,-7.542323272E-2,1.779515338E2
1.139720213E2,1.787773026E-2,6.834227825E-4,1.610343810E-3,9.998386502E-1,1.779512539E2,1.859026043E-1,-7.500285763E-2,1.779511291E2
1.139770213E2,1.786046484E-2,6.962537882E-4,1.611393527E-3,9.998389482E-1,1.779532327E2,1.860478443E-1,-7.647400801E-2,1.779531053E2
1.139820213E2,1.785361244E-2,7.008594694E-4,1.611366286E-3,9.998390675E-1,1.779540180E2,1.860536235E-1,-7.700302629E-2,1.779538898E2
1.139870213E2,1.786410492E-2,6.925968919E-4,1.609601779E-3,9.998388886E-1,1.779528155E2,1.858353486E-1,-7.605801665E-2,1.779526890E2
1.139920213E2,1.786069608E-2,6.967769004E-4,1.608601888E-3,9.998389482E-1,1.779532062E2,1.857290850E-1,-7.653961357E-2,1.779530790E2
1.139970213E2,1.785386887E-2,7.013587165E-4,1.608304912E-3,9.998390675E-1,1.779539886E2,1.857039125E-1,-7.706644257E-2,1.779538606E2
1.140020213E2,1.786349793E-2,6.946877111E-4,1.615426736E-3,9.998388886E-1,1.779528850E2,1.865069688E-1,-7.628575672E-2,1.779527577E2
1.140070213E2,1.786705859E-2,6.923904875E-4,1.613925560E-3,9.998388290E-1,1.779524770E2,1.863305413E-1,-7.602496614E-2,1.779523502E2
1.140120213E2,1.786027767E-2,6.968215457E-4,1.613221597E-3,9.998389482E-1,1.779532541E2,1.862584406E-1,-7.653535098E-2,1.779531265E2
1.140170213E2,1.786322866E-2,6.949209492E-4,1.618301379E-3,9.998388886E-1,1.779529159E2,1.868367838E-1,-7.630664507E-2,1.779527883E2
1.140220213E2,1.787031116E-2,6.889606011E-4,1.616306021E-3,9.998387694E-1,1.779521042E2,1.865965013E-1,-7.562651218E-2,1.779519779E2
1.140270213E2,1.786756924E-2,6.912699901E-4,1.608744264E-3,9.998388290E-1,1.779524184E2,1.857346463E-1,-7.590710130E-2,1.779522923E2
1.140320213E2,1.786373916E-2,6.940758904E-4,1.613020315E-3,9.998388886E-1,1.779528574E2,1.862300225E-1,-7.622053983E-2,1.779527304E2
1.140370213E2,1.786731292E-2,6.915084086E-4,1.611486310E-3,9.998388290E-1,1.779524478E2,1.860492809E-1,-7.592885074E-2,1.779523214E2
1.140420213E2,1.786691647E-2,6.916619022E-4,1.615810208E-3,9.998388290E-1,1.779524932E2,1.865449692E-1,-7.593765745E-2,1.779523665E2
1.140470213E2,1.787712075E-2,6.847581244E-4,1.616531168E-3,9.998386502E-1,1.779513237E2,1.866142016E-1,-7.514328923E-2,1.779511982E2
1.140520213E2,1.788392091E-2,6.804450531E-4,1.616867492E-3,9.998385310E-1,1.779505444E2,1.866444059E-1,-7.464716879E-2,1.779504196E2
1.140570213E2,1.787708538E-2,6.850298378E-4,1.616807189E-3,9.998386502E-1,1.779513278E2,1.866463803E-1,-7.517386140E-2,1.779512022E2
1.140620213E2,1.787400777E-2,6.853375235E-4,1.613840694E-3,9.998387098E-1,1.779516805E2,1.863068976E-1,-7.521576481E-2,1.779515551E2
1.140670213E2,1.787453956E-2,6.855961983E-4,1.607829705E-3,9.998387098E-1,1.779516196E2,1.856187677E-1,-7.525761581E-2,1.779514945E2
1.140720213E2,1.786809728E-2,6.916180719E-4,1.565093175E-3,9.998388886E-1,1.779523579E2,1.807341419E-1,-7.603626665E-2,1.779522350E2
1.140770213E2,1.786895596E-2,6.901465240E-4,1.555912429E-3,9.998388886E-1,1.779522595E2,1.796793236E-1,-7.588631151E-2,1.779521375E2
1.140820213E2,1.785552410E-2,7.011187845E-4,1.513107331E-3,9.998391867E-1,1.779537989E2,1.747964284E-1,-7.723344053E-2,1.779536783E2
1.140870213E2,1.787277761E-2,6.878863205E-4,1.551314257E-3,9.998388290E-1,1.779518215E2,1.791481553E-1,-7.563608408E-2,1.779517003E2
1.140920213E2,1.786828385E-2,6.904465845E-4,1.563479658E-3,9.998388886E-1,1.779523365E2,1.805468908E-1,-7.590531590E-2,1.779522139E2
1.140970213E2,1.787074841E-2,6.909696967E-4,1.534817507E-3,9.998388886E-1,1.779520541E2,1.772642273E-1,-7.602350445E-2,1.779519336E2
1.141020213E2,1.786857416E-2,6.929388037E-4,1.520347316E-3,9.998389482E-1,1.779523033E2,1.756101945E-1,-7.627912748E-2,1.779521835E2
1.141070213E2,1.787580734E-2,6.872125086E-4,1.516309218E-3,9.998388290E-1,1.779514743E2,1.751363556E-1,-7.563004968E-2,1.779513558E2
1.141120213E2,1.786064301E-2,6.981999613E-4,1.493298565E-3,9.998391271E-1,1.779532122E2,1.725212896E-1,-7.693867141E-2,1.779530936E2
1.141170213E2,1.785703165E-2,6.996242446E-4,1.495910692E-3,9.998391867E-1,1.779536261E2,1.728232071E-1,-7.709713378E-2,1.779535071E2
1.141220213E2,1.786862530E-2,6.921613240E-4,1.520100399E-3,9.998389482E-1,1.779522974E2,1.755803160E-1,-7.619054581E-2,1.779521778E2
1.141270213E2,1.785966660E-2,6.991240080E-4,1.504502259E-3,9.998391271E-1,1.779533241E2,1.738067522E-1,-7.702178036E-2,1.779532045E2
1.141320213E2,1.784995442E-2,7.059040945E-4,1.497747842E-3,9.998393059E-1,1.779544373E2,1.730459976E-1,-7.781410151E-2,1.779543169E2
1.141370213E2,1.786249503E-2,6.966402289E-4,1.511669951E-3,9.998390675E-1,1.779530000E2,1.746231125E-1,-7.672204188E-2,1.779528802E2
1.141420213E2,1.786995544E-2,6.903037429E-4,1.505236258E-3,9.998389482E-1,1.779521449E2,1.738735767E-1,-7.600792311E-2,1.779520268E2
1.141470213E2,1.785543191E-2,7.019005716E-4,1.513832598E-3,9.998391867E-1,1.779538095E2,1.748811176E-1,-7.732154443E-2,1.779536886E2
1.141520213E2,1.787229428E-2,6.904348265E-4,1.516954042E-3,9.998388886E-1,1.779518769E2,1.752165701E-1,-7.599853544E-2,1.779517578E2
1.141570213E2,1.787267480E-2,6.889147917E-4,1.513157156E-3,9.998388886E-1,1.779518333E2,1.747784630E-1,-7.583209029E-2,1.779517148E2
1.141620213E2,1.786183768E-2,6.959721213E-4,1.519723679E-3,9.998390675E-1,1.779530753E2,1.755444381E-1,-7.662912401E-2,1.779529551E2
1.141670213E2,1.787179109E-2,6.897736457E-4,1.523170504E-3,9.998388886E-1,1.779519346E2,1.759274191E-1,-7.591013826E-2,1.779518152E2
1.141720213E2,1.787268231E-2,6.887608906E-4,1.513138530E-3,9.998388886E-1,1.779518324E2,1.747760143E-1,-7.581449420E-2,1.779517140E2
1.141770213E2,1.786539670E-2,6.948700757E-4,1.517606317E-3,9.998390079E-1,1.779526674E2,1.752998608E-1,-7.650656927E-2,1.779525475E2
1.141820213E2,1.787463938E-2,6.884371396E-4,1.529465313E-3,9.998388290E-1,1.779516081E2,1.766461154E-1,-7.574361507E-2,1.779514885E2
1.141870213E2,1.786876224E-2,6.907102652E-4,1.519150450E-3,9.998389482E-1,1.779522817E2,1.754685158E-1,-7.602621463E-2,1.779521624E2
1.141920213E2,1.785887124E-2,6.978309248E-4,1.514510601E-3,9.998391271E-1,1.779534153E2,1.749507348E-1,-7.685328292E-2,1.779532951E2
1.141970213E2,1.787554209E-2,6.880655419E-4,1.519046957E-3,9.998388290E-1,1.779515047E2,1.754517554E-1,-7.572222256E-2,1.779513859E2
1.142020213E2,1.787245679E-2,6.892564707E-4,1.515574637E-3,9.998388886E-1,1.779518583E2,1.750561255E-1,-7.586632426E-2,1.779517395E2
1.142070213E2,1.786241624E-2,6.976214354E-4,1.512148418E-3,9.998390675E-1,1.779530090E2,1.746799349E-1,-7.683349616E-2,1.779528890E2
1.142120213E2,1.787236648E-2,6.891872035E-4,1.516670804E-3,9.998388886E-1,1.779518686E2,1.751815684E-1,-7.585615881E-2,1.779517498E2
1.142170213E2,1.788930110E-2,6.781746633E-4,1.518449397E-3,9.998385906E-1,1.779499277E2,1.753640535E-1,-7.458780448E-2,1.779498108E2
1.142220213E2,1.786889769E-2,6.923152250E-4,1.516824821E-3,9.998389482E-1,1.779522662E2,1.752053577E-1,-7.621483846E-2,1.779521468E2
1.142270213E2,1.786874598E-2,6.916662678E-4,1.518906676E-3,9.998389482E-1,1.779522836E2,1.754425424E-1,-7.613624890E-2,1.779521641E2
1.142320213E2,1.788921422E-2,6.778224488E-4,1.519629732E-3,9.998385906E-1,1.779499377E2,1.754985599E-1,-7.454504563E-2,1.779498207E2
1.142370213E2,1.787848740E-2,6.846705801E-4,1.525138505E-3,9.998387694E-1,1.779511671E2,1.761429516E-1,-7.532025368E-2,1.779510485E2
1.142420213E2,1.786843237E-2,6.912773242E-4,1.522768172E-3,9.998389482E-1,1.779523195E2,1.758841470E-1,-7.608383428E-2,1.779521999E2
1.142470213E2,1.787928379E-2,6.834112573E-4,1.516342047E-3,9.998387694E-1,1.779510758E2,1.751325905E-1,-7.519385221E-2,1.779509581E2
1.142520213E2,1.788198345E-2,6.831354112E-4,1.523914980E-3,9.998387098E-1,1.779507664E2,1.759998852E-1,-7.514625599E-2,1.779506481E2
1.142570213E2,1.787467153E-2,6.882933085E-4,1.529154251E-3,9.998388290E-1,1.779516044E2,1.766101838E-1,-7.572776739E-2,1.779514848E2
1.142620213E2,1.787797138E-2,6.852457300E-4,1.530918176E-3,9.998387694E-1,1.779512262E2,1.768062881E-1,-7.537439999E-2,1.779511071E2
1.142670213E2,1.788881571E-2,6.772979978E-4,1.524546882E-3,9.998385906E-1,1.779499834E2,1.760608297E-1,-7.447494730E-2,1.779498661E2
1.142720213E2,1.787836194E-2,6.843971205E-4,1.526731066E-3,9.998387694E-1,1.779511815E2,1.763248471E-1,-7.528568177E-2,1.779510628E2
1.142770213E2,1.787103246E-2,6.911025266E-4,1.531446702E-3,9.998388886E-1,1.779520215E2,1.768783161E-1,-7.604557622E-2,1.779519012E2
1.142820213E2,1.786378219E-2,6.954575656E-4,1.536228228E-3,9.998390079E-1,1.779528525E2,1.774345173E-1,-7.653604084E-2,1.779527310E2
1.142870213E2,1.787070292E-2,6.897762651E-4,1.535883639E-3,9.998388886E-1,1.779520593E2,1.773839298E-1,-7.588459391E-2,1.779519389E2
1.142920213E2,1.787731581E-2,6.844420568E-4,1.538912416E-3,9.998387694E-1,1.779513014E2,1.777205197E-1,-7.526605868E-2,1.779511817E2
1.142970213E2,1.786995090E-2,6.897256244E-4,1.544631436E-3,9.998388886E-1,1.779521455E2,1.783860345E-1,-7.586101093E-2,1.779520244E2
1.143020213E2,1.786935147E-2,6.910050870E-4,1.550981193E-3,9.998388886E-1,1.779522142E2,1.791161231E-1,-7.599470688E-2,1.779520924E2
1.143070213E2,1.787980919E-2,6.844021846E-4,1.548657427E-3,9.998387098E-1,1.779510156E2,1.788371451E-1,-7.524107969E-2,1.779508952E2
1.143120213E2,1.787986944E-2,6.841170834E-4,1.548087690E-3,9.998387098E-1,1.779510087E2,1.787712887E-1,-7.520957138E-2,1.779508884E2
1.143170213E2,1.787278219E-2,6.886170595E-4,1.550937188E-3,9.998388290E-1,1.779518210E2,1.791064503E-1,-7.572057862E-2,1.779516997E2
1.143220213E2,1.787650426E-2,6.858860725E-4,1.547671971E-3,9.998387694E-1,1.779513944E2,1.787270296E-1,-7.541370333E-2,1.779512738E2
1.143270213E2,1.787984739E-2,6.822851137E-4,1.549150562E-3,9.998387098E-1,1.779510112E2,1.788893098E-1,-7.499750301E-2,1.779508912E2
1.143320213E2,1.787285511E-2,6.878767163E-4,1.550425310E-3,9.998388290E-1,1.779518126E2,1.790462917E-1,-7.563679054E-2,1.779516915E2
1.143370213E2,1.786936488E-2,6.914627156E-4,1.550622750E-3,9.998388886E-1,1.779522126E2,1.790759933E-1,-7.604787045E-2,1.779520908E2
1.143420213E2,1.787985727E-2,6.829773192E-4,1.548731467E-3,9.998387098E-1,1.779510101E2,1.788427119E-1,-7.507766811E-2,1.779508900E2
1.143470213E2,1.787951357E-2,6.829866325E-4,1.552690170E-3,9.998387098E-1,1.779510495E2,1.792962674E-1,-7.507068539E-2,1.779509291E2
1.143520213E2,1.786580815E-2,6.927396171E-4,1.552602276E-3,9.998389482E-1,1.779526203E2,1.793051386E-1,-7.619075323E-2,1.779524981E2
1.143570213E2,1.786577065E-2,6.922254688E-4,1.553262933E-3,9.998389482E-1,1.779526246E2,1.793797768E-1,-7.613049974E-2,1.779525024E2
1.143620213E2,1.787600783E-2,6.868714117E-4,1.552960020E-3,9.998387694E-1,1.779514513E2,1.793348811E-1,-7.551585257E-2,1.779513301E2
1.143670213E2,1.786930234E-2,6.914139958E-4,1.551365014E-3,9.998388886E-1,1.779522198E2,1.791609326E-1,-7.604077967E-2,1.779520980E2
1.143720213E2,1.786580661E-2,6.942488835E-4,1.551945694E-3,9.998389482E-1,1.779526204E2,1.792330020E-1,-7.636501920E-2,1.779524980E2
1.143770213E2,1.786879950E-2,6.915987469E-4,1.557064010E-3,9.998388886E-1,1.779522774E2,1.798142264E-1,-7.605036723E-2,1.779521551E2
1.143820213E2,1.786884680E-2,6.903841859E-4,1.557060168E-3,9.998388886E-1,1.779522720E2,1.798113025E-1,-7.591121052E-2,1.779521499E2
1.143870213E2,1.786900829E-2,6.908560172E-4,1.554996241E-3,9.998388886E-1,1.779522535E2,1.795758097E-1,-7.596946710E-2,1.779521315E2
1.143920213E2,1.786881476E-2,6.921602180E-4,1.556639327E-3,9.998388886E-1,1.779522757E2,1.797667201E-1,-7.611556364E-2,1.779521533E2
1.143970213E2,1.786229908E-2,6.964764325E-4,1.552921371E-3,9.998390079E-1,1.779530224E2,1.793490811E-1,-7.661886808E-2,1.779528996E2
1.144020213E2,1.786584293E-2,6.936599966E-4,1.551790861E-3,9.998389482E-1,1.779526163E2,1.792140593E-1,-7.629785906E-2,1.779524940E2
1.144070213E2,1.786906579E-2,6.903471076E-4,1.554561546E-3,9.998388886E-1,1.779522469E2,1.795249674E-1,-7.591203956E-2,1.779521250E2
1.144120213E2,1.786877341E-2,6.907378556E-4,1.557745389E-3,9.998388886E-1,1.779522804E2,1.798905293E-1,-7.595034162E-2,1.779521582E2
1.144170213E2,1.786194971E-2,6.959118764E-4,1.557187177E-3,9.998390079E-1,1.779530625E2,1.798366470E-1,-7.654551586E-2,1.779529394E2
1.144220213E2,1.786492739E-2,6.938788574E-4,1.562198508E-3,9.998389482E-1,1.779527212E2,1.804068778E-1,-7.630179121E-2,1.779525981E2
1.144270213E2,1.786857223E-2,6.923922920E-4,1.559317810E-3,9.998388886E-1,1.779523035E2,1.800740601E-1,-7.613671192E-2,1.779521808E2
1.144320213E2,1.785855527E-2,6.978822639E-4,1.556967036E-3,9.998390675E-1,1.779534515E2,1.798151977E-1,-7.677233047E-2,1.779533281E2
1.144370213E2,1.785530777E-2,6.998408935E-4,1.555056078E-3,9.998391271E-1,1.779538237E2,1.796000115E-1,-7.700123110E-2,1.779537001E2
1.144420213E2,1.786516769E-2,6.929179654E-4,1.559875207E-3,9.998389482E-1,1.779526937E2,1.801387400E-1,-7.619641197E-2,1.779525709E2
1.144470213E2,1.784804980E-2,7.061682409E-4,1.558864024E-3,9.998392463E-1,1.779546555E2,1.800486855E-1,-7.771969056E-2,1.779545304E2
1.144520213E2,1.784485437E-2,7.089560968E-4,1.555948518E-3,9.998393059E-1,1.779550218E2,1.797200992E-1,-7.804564174E-2,1.779548964E2
1.144570213E2,1.785499342E-2,7.004694198E-4,1.558378921E-3,9.998391271E-1,1.779538597E2,1.799819832E-1,-7.706650076E-2,1.779537357E2
1.144620213E2,1.785862046E-2,6.990020047E-4,1.555716502E-3,9.998390675E-1,1.779534440E2,1.796742167E-1,-7.690317030E-2,1.779533205E2
1.144670213E2,1.784523099E-2,7.088388084E-4,1.551676658E-3,9.998393059E-1,1.779549786E2,1.792304466E-1,-7.804087206E-2,1.779548536E2
1.144720213E2,1.784163744E-2,7.098349743E-4,1.554136281E-3,9.998393655E-1,1.779553905E2,1.795140109E-1,-7.815062114E-2,1.779552651E2
1.144770213E2,1.785200694E-2,7.024558727E-4,1.553449780E-3,9.998391867E-1,1.779542020E2,1.794210684E-1,-7.730471670E-2,1.779540780E2
1.144820213E2,1.785553273E-2,6.998401368E-4,1.552471309E-3,9.998391271E-1,1.779537979E2,1.793038812E-1,-7.700639301E-2,1.779536745E2
1.144870213E2,1.785606672E-2,7.009013207E-4,1.545836683E-3,9.998391271E-1,1.779537367E2,1.785459417E-1,-7.714145675E-2,1.779536136E2
1.144920213E2,1.786244669E-2,6.949949893E-4,1.551886904E-3,9.998390079E-1,1.779530055E2,1.792275371E-1,-7.645122554E-2,1.779528830E2
1.144970213E2,1.785800443E-2,6.993870484E-4,1.562599791E-3,9.998390675E-1,1.779535146E2,1.804635998E-1,-7.693331000E-2,1.779533905E2
1.145020213E2,1.785197798E-2,7.022912614E-4,1.553857001E-3,9.998391867E-1,1.779542053E2,1.794673861E-1,-7.728502876E-2,1.779540813E2
1.145070213E2,1.784899537E-2,7.062822115E-4,1.547947642E-3,9.998392463E-1,1.779545472E2,1.787982639E-1,-7.775490741E-2,1.779544229E2
1.145120213E2,1.785900719E-2,6.984149222E-4,1.551535097E-3,9.998390675E-1,1.779533997E2,1.791939665E-1,-7.684439464E-2,1.779532766E2
1.145170213E2,1.786547053E-2,6.934277480E-4,1.556175877E-3,9.998389482E-1,1.779526590E2,1.797159619E-1,-7.626233867E-2,1.779525364E2
1.145220213E2,1.785524218E-2,7.015962619E-4,1.555018243E-3,9.998391271E-1,1.779538312E2,1.795992638E-1,-7.720243843E-2,1.779537073E2
1.145270213E2,1.785170443E-2,7.024995866E-4,1.556902542E-3,9.998391867E-1,1.779542367E2,1.798167295E-1,-7.730271583E-2,1.779541124E2
1.145320213E2,1.786209923E-2,6.958023296E-4,1.555520110E-3,9.998390079E-1,1.779530453E2,1.796454324E-1,-7.653635028E-2,1.779529224E2
1.145370213E2,1.786134350E-2,6.962951738E-4,1.563954633E-3,9.998390079E-1,1.779531320E2,1.806127562E-1,-7.657568829E-2,1.779530083E2
1.145420213E2,1.785465913E-2,7.004720974E-4,1.562203164E-3,9.998391271E-1,1.779538981E2,1.804201199E-1,-7.705904285E-2,1.779537737E2
1.145470213E2,1.786883720E-2,6.906211493E-4,1.557065290E-3,9.998388886E-1,1.779522731E2,1.798123739E-1,-7.593835139E-2,1.779521510E2
1.145520213E2,1.787244660E-2,6.893016398E-4,1.554496237E-3,9.998388290E-1,1.779518594E2,1.795155998E-1,-7.579178376E-2,1.779517377E2
1.145570213E2,1.785804956E-2,6.984633510E-4,1.562497113E-3,9.998390675E-1,1.779535095E2,1.804499485E-1,-7.682768106E-2,1.779533855E2
1.145620213E2,1.785475379E-2,7.002818747E-4,1.561206183E-3,9.998391271E-1,1.779538872E2,1.803055103E-1,-7.703927132E-2,1.779537630E2
1.145670213E2,1.786174908E-2,6.955514546E-4,1.559647615E-3,9.998390079E-1,1.779530855E2,1.801177947E-1,-7.649922093E-2,1.779529622E2
1.145720213E2,1.786870939E-2,6.920220912E-4,1.557909767E-3,9.998388886E-1,1.779522878E2,1.799119879E-1,-7.609715545E-2,1.779521653E2
1.145770213E2,1.785472484E-2,7.011150592E-4,1.561163343E-3,9.998391271E-1,1.779538905E2,1.803023047E-1,-7.713482478E-2,1.779537662E2
1.145820213E2,1.785433439E-2,7.010778645E-4,1.565639046E-3,9.998391271E-1,1.779539353E2,1.808149955E-1,-7.712147601E-2,1.779538106E2
1.145870213E2,1.786157738E-2,6.963538472E-4,1.561255078E-3,9.998390079E-1,1.779531052E2,1.803035968E-1,-7.658789418E-2,1.779529817E2
1.145920213E2,1.785470444E-2,7.017026655E-4,1.561132609E-3,9.998391271E-1,1.779538929E2,1.802999843E-1,-7.720221527E-2,1.779537684E2
1.145970213E2,1.785463897E-2,7.022888167E-4,1.561617828E-3,9.998391271E-1,1.779539004E2,1.803567720E-1,-7.726839145E-2,1.779537757E2
1.146020213E2,1.785825687E-2,6.994651048E-4,1.559677068E-3,9.998390675E-1,1.779534857E2,1.801289124E-1,-7.694818906E-2,1.779533618E2
1.146070213E2,1.786183614E-2,6.956239231E-4,1.558617922E-3,9.998390079E-1,1.779530755E2,1.799999741E-1,-7.650961592E-2,1.779529523E2
1.146120213E2,1.785819964E-2,6.975134020E-4,1.561205718E-3,9.998390675E-1,1.779534923E2,1.803000561E-1,-7.672145818E-2,1.779533686E2
1.146170213E2,1.786138526E-2,6.973997806E-4,1.562985242E-3,9.998390079E-1,1.779531272E2,1.805039543E-1,-7.670422327E-2,1.779530033E2
1.146220213E2,1.786830858E-2,6.907894858E-4,1.563045429E-3,9.998388886E-1,1.779523337E2,1.804978438E-1,-7.594548788E-2,1.779522111E2
1.146270213E2,1.787486787E-2,6.875731051E-4,1.565718674E-3,9.998387694E-1,1.779515819E2,1.807980356E-1,-7.557031699E-2,1.779514597E2
1.146320213E2,1.785738314E-2,6.983814528E-4,1.570131630E-3,9.998390675E-1,1.779535859E2,1.813244430E-1,-7.680279447E-2,1.779534613E2
1.146370213E2,1.785985649E-2,6.966617657E-4,1.580683747E-3,9.998390079E-1,1.779533024E2,1.825301059E-1,-7.658371874E-2,1.779531773E2
1.146420213E2,1.786042964E-2,6.974467542E-4,1.573846792E-3,9.998390079E-1,1.779532367E2,1.817484228E-1,-7.668754648E-2,1.779531120E2
1.146470213E2,1.787127767E-2,6.893396494E-4,1.567861065E-3,9.998388290E-1,1.779519934E2,1.810468438E-1,-7.576897704E-2,1.779518707E2
1.146520213E2,1.786423212E-2,6.948512746E-4,1.569699030E-3,9.998389482E-1,1.779528009E2,1.812681768E-1,-7.639797437E-2,1.779526770E2
1.146570213E2,1.785720469E-2,7.001581253E-4,1.571369357E-3,9.998390675E-1,1.779536063E2,1.814698764E-1,-7.700385292E-2,1.779534813E2
1.146620213E2,1.785759613E-2,6.987075903E-4,1.567561994E-3,9.998390675E-1,1.779535614E2,1.810307148E-1,-7.684538110E-2,1.779534370E2
1.146670213E2,1.785775027E-2,6.978689344E-4,1.566178980E-3,9.998390675E-1,1.779535438E2,1.808705534E-1,-7.675209603E-2,1.779534196E2
1.146720213E2,1.785732539E-2,6.978521706E-4,1.571023487E-3,9.998390675E-1,1.779535925E2,1.814255386E-1,-7.674033828E-2,1.779534680E2
1.146770213E2,1.786447953E-2,6.939088926E-4,1.567298430E-3,9.998389482E-1,1.779527725E2,1.809912210E-1,-7.629487246E-2,1.779526490E2
1.146820213E2,1.786499473E-2,6.936850841E-4,1.561514335E-3,9.998389482E-1,1.779527135E2,1.803280981E-1,-7.628097855E-2,1.779525905E2
1.146870213E2,1.786134870E-2,6.956554716E-4,1.564179896E-3,9.998390079E-1,1.779531314E2,1.806372563E-1,-7.650193356E-2,1.779530078E2
1.146920213E2,1.785456285E-2,7.019687910E-4,1.562631689E-3,9.998391271E-1,1.779539091E2,1.804722728E-1,-7.722966435E-2,1.779537845E2
1.146970213E2,1.785825276E-2,6.994812866E-4,1.559716882E-3,9.998390675E-1,1.779534862E2,1.801335069E-1,-7.694996231E-2,1.779533622E2
1.147020213E2,1.785502791E-2,7.019462064E-4,1.557318959E-3,9.998391271E-1,1.779538558E2,1.798635645E-1,-7.723786353E-2,1.779537316E2
1.147070213E2,1.784382862E-2,7.081351941E-4,1.568039181E-3,9.998393059E-1,1.779551393E2,1.811036102E-1,-7.792704872E-2,1.779550131E2
1.147120213E2,1.785040964E-2,7.046480314E-4,1.570716151E-3,9.998391867E-1,1.779543851E2,1.814036987E-1,-7.752084525E-2,1.779542593E2
1.147170213E2,1.785113316E-2,7.030281704E-4,1.563201426E-3,9.998391867E-1,1.779543022E2,1.805394521E-1,-7.735049436E-2,1.779541773E2
1.147220213E2,1.785803047E-2,6.985468208E-4,1.562678022E-3,9.998390675E-1,1.779535117E2,1.804708453E-1,-7.683687767E-2,1.779533877E2
1.147270213E2,1.785381719E-2,7.019579061E-4,1.571133151E-3,9.998391271E-1,1.779539945E2,1.814462353E-1,-7.721115763E-2,1.779538693E2
1.147320213E2,1.784700169E-2,7.059076452E-4,1.570935128E-3,9.998392463E-1,1.779547757E2,1.814311000E-1,-7.766533366E-2,1.779546497E2
1.147370213E2,1.785130142E-2,7.032941794E-4,1.561158919E-3,9.998391867E-1,1.779542829E2,1.803059922E-1,-7.738511991E-2,1.779541581E2
1.147420213E2,1.785424899E-2,7.007197128E-4,1.566772931E-3,9.998391271E-1,1.779539451E2,1.809441692E-1,-7.707813686E-2,1.779538203E2
1.147470213E2,1.785727896E-2,6.985599757E-4,1.571236644E-3,9.998390675E-1,1.779535978E2,1.814514057E-1,-7.682100598E-2,1.779534731E2
1.147520213E2,1.784763259E-2,7.053512963E-4,1.564002130E-3,9.998392463E-1,1.779547034E2,1.806356729E-1,-7.761565670E-2,1.779545780E2
1.147570213E2,1.785083401E-2,7.037423202E-4,1.566293184E-3,9.998391867E-1,1.779543364E2,1.808951236E-1,-7.742604603E-2,1.779542112E2
1.147620213E2,1.784702402E-2,7.061742363E-4,1.570561551E-3,9.998392463E-1,1.779547731E2,1.813888450E-1,-7.769663786E-2,1.779546471E2
1.147670213E2,1.785383647E-2,7.015594747E-4,1.571091940E-3,9.998391271E-1,1.779539923E2,1.814406998E-1,-7.716558890E-2,1.779538671E2
1.147720213E2,1.785367373E-2,7.025183877E-4,1.572512207E-3,9.998391271E-1,1.779540110E2,1.816053744E-1,-7.727257826E-2,1.779538855E2
1.147770213E2,1.785351057E-2,7.022901555E-4,1.574465423E-3,9.998391271E-1,1.779540297E2,1.818286816E-1,-7.724246234E-2,1.779539041E2
1.147820213E2,1.784312247E-2,7.099246723E-4,1.575249014E-3,9.998393059E-1,1.779552203E2,1.819332709E-1,-7.811746017E-2,1.779550932E2
1.147870213E2,1.783985681E-2,7.118913927E-4,1.573515707E-3,9.998393655E-1,1.779555945E2,1.817384458E-1,-7.834693148E-2,1.779554672E2
1.147920213E2,1.784361092E-2,7.080899668E-4,1.570534892E-3,9.998393059E-1,1.779551643E2,1.813894432E-1,-7.791680293E-2,1.779550379E2
1.147970213E2,1.784362432E-2,7.081622025E-4,1.570350141E-3,9.998393059E-1,1.779551627E2,1.813684244E-1,-7.792545457E-2,1.779550364E2
1.148020213E2,1.783295354E-2,7.152257604E-4,1.574506867E-3,9.998394847E-1,1.779563857E2,1.818582807E-1,-7.872818991E-2,1.779562577E2
1.148070213E2,1.782581988E-2,7.206182927E-4,1.577125862E-3,9.998396039E-1,1.779572033E2,1.821688040E-1,-7.934197714E-2,1.779570741E2
1.148120213E2,1.783256268E-2,7.158786757E-4,1.578631578E-3,9.998394847E-1,1.779564305E2,1.823321672E-1,-7.879463839E-2,1.779563021E2
1.148170213E2,1.783167949E-2,7.160471287E-4,1.588500803E-3,9.998394847E-1,1.779565317E2,1.834631942E-1,-7.879393196E-2,1.779564025E2
1.148220213E2,1.782426510E-2,7.227076567E-4,1.593655674E-3,9.998396039E-1,1.779573815E2,1.840668286E-1,-7.954788109E-2,1.779572506E2
1.148270213E2,1.782735395E-2,7.207752205E-4,1.597371534E-3,9.998395443E-1,1.779570275E2,1.844888653E-1,-7.931831551E-2,1.779568967E2
1.148320213E2,1.782740596E-2,7.209400064E-4,1.596716582E-3,9.998395443E-1,1.779570215E2,1.844141659E-1,-7.933852404E-2,1.779568907E2
1.148370213E2,1.782749742E-2,7.189970929E-4,1.596571412E-3,9.998395443E-1,1.779570110E2,1.843935706E-1,-7.911619789E-2,1.779568806E2
1.148420213E2,1.782402253E-2,7.233683718E-4,1.596067101E-3,9.998396039E-1,1.779574093E2,1.843444449E-1,-7.961870039E-2,1.779572781E2
1.148470213E2,1.782736881E-2,7.209334290E-4,1.597134280E-3,9.998395443E-1,1.779570258E2,1.844620067E-1,-7.933692393E-2,1.779568949E2
1.148520213E2,1.783083129E-2,7.172282785E-4,1.597463852E-3,9.998394847E-1,1.779566290E2,1.844924696E-1,-7.891110069E-2,1.779564988E2
1.148570213E2,1.782356984E-2,7.219144027E-4,1.601770637E-3,9.998396039E-1,1.779574612E2,1.849949132E-1,-7.944054807E-2,1.779573298E2
1.148620213E2,1.782338390E-2,7.230694173E-4,1.603317913E-3,9.998396039E-1,1.779574825E2,1.851745348E-1,-7.956975585E-2,1.779573508E2
1.148670213E2,1.783711613E-2,7.139657973E-4,1.603362965E-3,9.998393655E-1,1.779559087E2,1.851621783E-1,-7.852408961E-2,1.779557786E2
1.148720213E2,1.784488472E-2,7.082420634E-4,1.593767432E-3,9.998392463E-1,1.779550183E2,1.840516878E-1,-7.788648741E-2,1.779548901E2
1.148770213E2,1.783066182E-2,7.167673321E-4,1.599560957E-3,9.998394847E-1,1.779566484E2,1.847317871E-1,-7.885403466E-2,1.779565181E2
1.148820213E2,1.782688462E-2,7.205363363E-4,1.602708246E-3,9.998395443E-1,1.779570813E2,1.850997861E-1,-7.928012977E-2,1.779569501E2
1.148870213E2,1.783041092E-2,7.175645442E-4,1.601998461E-3,9.998394847E-1,1.779566771E2,1.850126700E-1,-7.894043950E-2,1.779565465E2
1.148920213E2,1.783424737E-2,7.148558507E-4,1.597699476E-3,9.998394251E-1,1.779562374E2,1.845148862E-1,-7.863817211E-2,1.779561077E2
1.148970213E2,1.782366232E-2,7.216339582E-4,1.600867603E-3,9.998396039E-1,1.779574506E2,1.848908838E-1,-7.941024404E-2,1.779573193E2
1.149020213E2,1.783079814E-2,7.180198445E-4,1.597478287E-3,9.998394847E-1,1.779566328E2,1.844957386E-1,-7.900176957E-2,1.779565024E2
1.149070213E2,1.783455268E-2,7.140795351E-4,1.594635658E-3,9.998394251E-1,1.779562024E2,1.841622908E-1,-7.855543270E-2,1.779560731E2
1.149120213E2,1.783071215E-2,7.165321731E-4,1.599105191E-3,9.998394847E-1,1.779566426E2,1.846790918E-1,-7.882801375E-2,1.779565124E2
1.149170213E2,1.783042727E-2,7.180489483E-4,1.601599390E-3,9.998394847E-1,1.779566753E2,1.849679382E-1,-7.899675166E-2,1.779565446E2
1.149220213E2,1.783358959E-2,7.143428084E-4,1.605253434E-3,9.998394251E-1,1.779563128E2,1.853792697E-1,-7.856407448E-2,1.779561826E2
1.149270213E2,1.783362062E-2,7.145291311E-4,1.604825724E-3,9.998394251E-1,1.779563093E2,1.853306487E-1,-7.858629044E-2,1.779561790E2
1.149320213E2,1.782991062E-2,7.175066276E-4,1.607583021E-3,9.998394847E-1,1.779567345E2,1.856523551E-1,-7.892248551E-2,1.779566034E2
1.149370213E2,1.783677786E-2,7.136929780E-4,1.607242972E-3,9.998393655E-1,1.779559474E2,1.856061401E-1,-7.848496344E-2,1.779558171E2
1.149420213E2,1.784073869E-2,7.113434258E-4,1.601391705E-3,9.998393059E-1,1.779554935E2,1.849312463E-1,-7.822699556E-2,1.779553641E2
1.149470213E2,1.783427791E-2,7.144460687E-4,1.597541850E-3,9.998394251E-1,1.779562339E2,1.844959912E-1,-7.859153860E-2,1.779561043E2
1.149520213E2,1.782697028E-2,7.212829660E-4,1.601419062E-3,9.998395443E-1,1.779570715E2,1.849536121E-1,-7.936829142E-2,1.779569402E2
1.149570213E2,1.783048695E-2,7.183208945E-4,1.600812888E-3,9.998394847E-1,1.779566684E2,1.848783863E-1,-7.902950548E-2,1.779565378E2
1.149620213E2,1.782682798E-2,7.212726050E-4,1.603006967E-3,9.998395443E-1,1.779570878E2,1.851355116E-1,-7.936388666E-2,1.779569564E2
1.149670213E2,1.782286697E-2,7.222806453E-4,1.609408297E-3,9.998396039E-1,1.779575417E2,1.858706796E-1,-7.946703991E-2,1.779574097E2
1.149720213E2,1.782568483E-2,7.203162531E-4,1.616096008E-3,9.998395443E-1,1.779572188E2,1.866331251E-1,-7.922778762E-2,1.779570866E2
1.149770213E2,1.782563062E-2,7.200462860E-4,1.616814057E-3,9.998395443E-1,1.779572250E2,1.867148388E-1,-7.919539990E-2,1.779570928E2
1.149820213E2,1.781872534E-2,7.249242626E-4,1.617032220E-3,9.998396635E-1,1.779580164E2,1.867492497E-1,-7.975512950E-2,1.779578832E2
1.149870213E2,1.781131614E-2,7.314716349E-4,1.621994888E-3,9.998397827E-1,1.779588656E2,1.873306155E-1,-8.049653750E-2,1.779587308E2
1.149920213E2,1.781153137E-2,7.309556822E-4,1.619862625E-3,9.998397827E-1,1.779588409E2,1.870852785E-1,-8.044173515E-2,1.779587064E2
1.149970213E2,1.780863545E-2,7.336126873E-4,1.613699598E-3,9.998398423E-1,1.779591728E2,1.863843484E-1,-8.075927660E-2,1.779590383E2
1.150020213E2,1.780853282E-2,7.320881705E-4,1.615523477E-3,9.998398423E-1,1.779591846E2,1.865901968E-1,-8.058090462E-2,1.779590502E2
1.150070213E2,1.781514246E-2,7.291815709E-4,1.617740490E-3,9.998397231E-1,1.779584270E2,1.868388059E-1,-8.024212632E-2,1.779582930E2
1.150120213E2,1.781894809E-2,7.252628566E-4,1.614423702E-3,9.998396635E-1,1.779579909E2,1.864510916E-1,-7.979920839E-2,1.779578578E2
1.150170213E2,1.781905174E-2,7.267449982E-4,1.612612163E-3,9.998396635E-1,1.779579790E2,1.862465724E-1,-7.997270208E-2,1.779578458E2
1.150220213E2,1.782179086E-2,7.238313556E-4,1.620589406E-3,9.998396039E-1,1.779576651E2,1.871548214E-1,-7.962207397E-2,1.779575318E2
1.150270213E2,1.781765556E-2,7.253069198E-4,1.628607162E-3,9.998396635E-1,1.779581390E2,1.880761286E-1,-7.977553683E-2,1.779580048E2
1.150320213E2,1.782478990E-2,7.217943785E-4,1.625281293E-3,9.998395443E-1,1.779573214E2,1.876884651E-1,-7.937854542E-2,1.779571881E2
1.150370213E2,1.782135044E-2,7.248524926E-4,1.624970348E-3,9.998396039E-1,1.779577156E2,1.876588123E-1,-7.973020412E-2,1.779575818E2
1.150420213E2,1.781738874E-2,7.253675722E-4,1.631496707E-3,9.998396635E-1,1.779581696E2,1.884072967E-1,-7.977663611E-2,1.779580352E2
1.150470213E2,1.782466638E-2,7.215294754E-4,1.626752899E-3,9.998395443E-1,1.779573355E2,1.878565212E-1,-7.934521177E-2,1.779572022E2
1.150520213E2,1.781840664E-2,7.262647268E-4,1.619939925E-3,9.998396635E-1,1.779580529E2,1.870851081E-1,-7.990283289E-2,1.779579193E2
1.150570213E2,1.782156355E-2,7.244096487E-4,1.622829237E-3,9.998396039E-1,1.779576911E2,1.874126100E-1,-7.968379894E-2,1.779575576E2
1.150620213E2,1.782082270E-2,7.236247766E-4,1.631292980E-3,9.998396039E-1,1.779577760E2,1.883806693E-1,-7.957672737E-2,1.779576420E2
1.150670213E2,1.781060732E-2,7.324756589E-4,1.629308797E-3,9.998397827E-1,1.779589468E2,1.881705890E-1,-8.059677629E-2,1.779588112E2
1.150720213E2,1.781075149E-2,7.316695992E-4,1.628094469E-3,9.998397827E-1,1.779589303E2,1.880298252E-1,-8.050687484E-2,1.779587949E2
1.150770213E2,1.781720647E-2,7.257270045E-4,1.633326407E-3,9.998396635E-1,1.779581905E2,1.886176515E-1,-7.981411583E-2,1.779580559E2
1.150820213E2,1.781726705E-2,7.264707820E-4,1.632334548E-3,9.998396635E-1,1.779581836E2,1.885055344E-1,-7.990134662E-2,1.779580489E2
1.150870213E2,1.781059670E-2,7.323192549E-4,1.629495178E-3,9.998397827E-1,1.779589480E2,1.881916232E-1,-8.057847816E-2,1.779588124E2
1.150920213E2,1.780384562E-2,7.353785331E-4,1.628747908E-3,9.998399019E-1,1.779597218E2,1.881117044E-1,-8.093178501E-2,1.779595857E2
1.150970213E2,1.779983483E-2,7.379796589E-4,1.634807675E-3,9.998399615E-1,1.779601815E2,1.888109759E-1,-8.121819808E-2,1.779600443E2
1.151020213E2,1.779961266E-2,7.400908507E-4,1.636271598E-3,9.998399615E-1,1.779602069E2,1.889829918E-1,-8.145714005E-2,1.779600693E2
1.151070213E2,1.779344288E-2,7.443040377E-4,1.628604252E-3,9.998400807E-1,1.779609140E2,1.881126057E-1,-8.195665952E-2,1.779607762E2
1.151120213E2,1.780315413E-2,7.355919806E-4,1.636193134E-3,9.998399019E-1,1.779598010E2,1.889651105E-1,-8.094118051E-2,1.779596643E2
1.151170213E2,1.780603673E-2,7.340702577E-4,1.641921815E-3,9.998398423E-1,1.779594707E2,1.896185941E-1,-8.075459723E-2,1.779593337E2
1.151220213E2,1.779981030E-2,7.378267474E-4,1.635143766E-3,9.998399615E-1,1.779601843E2,1.888491691E-1,-8.119999756E-2,1.779600472E2
1.151270213E2,1.780046688E-2,7.382959593E-4,1.627767808E-3,9.998399615E-1,1.779601090E2,1.880050893E-1,-8.126867909E-2,1.779599724E2
1.151320213E2,1.780316510E-2,7.353195688E-4,1.636196161E-3,9.998399019E-1,1.779597998E2,1.889649023E-1,-8.090996114E-2,1.779596631E2
1.151370213E2,1.779905756E-2,7.398902671E-4,1.642389223E-3,9.998399615E-1,1.779602705E2,1.896834560E-1,-8.142178494E-2,1.779601324E2
1.151420213E2,1.778600637E-2,7.476150640E-4,1.635120250E-3,9.998401999E-1,1.779617663E2,1.888653076E-1,-8.232413251E-2,1.779616273E2
1.151470213E2,1.778970371E-2,7.469697157E-4,1.631636522E-3,9.998401403E-1,1.779613426E2,1.884651527E-1,-8.225659667E-2,1.779612040E2
1.151520213E2,1.779250716E-2,7.436258602E-4,1.639103168E-3,9.998400807E-1,1.779610213E2,1.893140452E-1,-8.185772712E-2,1.779608827E2
1.151570213E2,1.779187244E-2,7.451111451E-4,1.645306707E-3,9.998400807E-1,1.779610940E2,1.900277842E-1,-8.201537263E-2,1.779609547E2
1.151620213E2,1.778972074E-2,7.452307036E-4,1.632245840E-3,9.998401403E-1,1.779613406E2,1.885314200E-1,-8.205610690E-2,1.779612023E2
1.151670213E2,1.779337798E-2,7.425369695E-4,1.630119164E-3,9.998400807E-1,1.779609215E2,1.882825657E-1,-8.175112384E-2,1.779607839E2
1.151720213E2,1.779581018E-2,7.405606448E-4,1.640990493E-3,9.998400211E-1,1.779606427E2,1.895243013E-1,-8.150206094E-2,1.779605046E2
1.151770213E2,1.779623308E-2,7.413088460E-4,1.636059023E-3,9.998400211E-1,1.779605942E2,1.889608454E-1,-8.159776208E-2,1.779604564E2
1.151820213E2,1.780382310E-2,7.365281344E-4,1.628474682E-3,9.998399019E-1,1.779597244E2,1.880827438E-1,-8.106406029E-2,1.779595880E2
1.151870213E2,1.780321999E-2,7.364253397E-4,1.635101275E-3,9.998399019E-1,1.779597935E2,1.888417180E-1,-8.103887639E-2,1.779596567E2
1.151920213E2,1.779181532E-2,7.434283616E-4,1.646685065E-3,9.998400807E-1,1.779611006E2,1.901822715E-1,-8.181977107E-2,1.779609614E2
1.151970213E2,1.779283479E-2,7.440437912E-4,1.635352732E-3,9.998400807E-1,1.779609837E2,1.888852231E-1,-8.191319615E-2,1.779608454E2
1.152020213E2,1.780399441E-2,7.353222463E-4,1.627146150E-3,9.998399019E-1,1.779597047E2,1.879280823E-1,-8.092857617E-2,1.779595687E2
1.152070213E2,1.781035460E-2,7.302953163E-4,1.633045729E-3,9.998397827E-1,1.779589758E2,1.885942717E-1,-8.033938763E-2,1.779588403E2
1.152120213E2,1.780969751E-2,7.329683285E-4,1.639003633E-3,9.998397827E-1,1.779590511E2,1.892822937E-1,-8.063360731E-2,1.779589146E2
1.152170213E2,1.780400239E-2,7.356115966E-4,1.626927988E-3,9.998399019E-1,1.779597038E2,1.879036778E-1,-8.096217159E-2,1.779595678E2
1.152220213E2,1.781794125E-2,7.260120474E-4,1.625163713E-3,9.998396635E-1,1.779581063E2,1.876830631E-1,-7.986330309E-2,1.779579722E2
1.152270213E2,1.781732405E-2,7.269137423E-4,1.631514984E-3,9.998396635E-1,1.779581770E2,1.884125431E-1,-7.995376069E-2,1.779580423E2
1.152320213E2,1.781008199E-2,7.313325186E-4,1.635552850E-3,9.998397827E-1,1.779590070E2,1.888836168E-1,-8.045315760E-2,1.779588711E2
1.152370213E2,1.780764033E-2,7.326671621E-4,1.625070814E-3,9.998398423E-1,1.779592869E2,1.876851796E-1,-8.062792446E-2,1.779591516E2
1.152420213E2,1.781457188E-2,7.290262147E-4,1.624081400E-3,9.998397231E-1,1.779584924E2,1.875649438E-1,-8.021148808E-2,1.779583579E2
1.152470213E2,1.780346880E-2,7.365373895E-4,1.632339321E-3,9.998399019E-1,1.779597650E2,1.885255198E-1,-8.105730242E-2,1.779596283E2
1.152520213E2,1.779977372E-2,7.378330338E-4,1.635539113E-3,9.998399615E-1,1.779601885E2,1.888944753E-1,-8.119991828E-2,1.779600513E2
1.152570213E2,1.780435066E-2,7.348094950E-4,1.623475575E-3,9.998399019E-1,1.779596639E2,1.875065137E-1,-8.087725094E-2,1.779595283E2
1.152620213E2,1.780805715E-2,7.333697868E-4,1.620178926E-3,9.998398423E-1,1.779592391E2,1.871261660E-1,-8.071833154E-2,1.779591041E2
1.152670213E2,1.780032406E-2,7.394693675E-4,1.628796686E-3,9.998399615E-1,1.779601254E2,1.881253540E-1,-8.140104835E-2,1.779599885E2
1.152720213E2,1.779696907E-2,7.404316566E-4,1.628432656E-3,9.998400211E-1,1.779605099E2,1.880853354E-1,-8.151267467E-2,1.779603728E2
1.152770213E2,1.780457758E-2,7.350554806E-4,1.620873576E-3,9.998399019E-1,1.779596379E2,1.872089136E-1,-8.091070085E-2,1.779595025E2
1.152820213E2,1.780435702E-2,7.356320275E-4,1.623033313E-3,9.998399019E-1,1.779596632E2,1.874575212E-1,-8.097239235E-2,1.779595275E2
1.152870213E2,1.780025059E-2,7.388061495E-4,1.629900187E-3,9.998399615E-1,1.779601338E2,1.882504271E-1,-8.132282407E-2,1.779599969E2
1.152920213E2,1.780834003E-2,7.326924824E-4,1.617373666E-3,9.998398423E-1,1.779592067E2,1.868033976E-1,-8.064640267E-2,1.779590720E2
1.152970213E2,1.781912554E-2,7.262107101E-4,1.612037304E-3,9.998396635E-1,1.779579705E2,1.861796235E-1,-7.991264711E-2,1.779578375E2
1.153020213E2,1.781868083E-2,7.252502837E-4,1.617376460E-3,9.998396635E-1,1.779580215E2,1.867893528E-1,-7.979178817E-2,1.779578882E2
1.153070213E2,1.780787728E-2,7.339438307E-4,1.621895120E-3,9.998398423E-1,1.779592597E2,1.873239537E-1,-8.078063293E-2,1.779591244E2
1.153120213E2,1.780181714E-2,7.375173154E-4,1.613290049E-3,9.998399615E-1,1.779599543E2,1.863448409E-1,-8.120874916E-2,1.779598190E2
1.153170213E2,1.780895969E-2,7.330240333E-4,1.610385370E-3,9.998398423E-1,1.779591357E2,1.860034500E-1,-8.069853613E-2,1.779590015E2
1.153220213E2,1.781140670E-2,7.315579569E-4,1.620961120E-3,9.998397827E-1,1.779588552E2,1.872123565E-1,-8.050852082E-2,1.779587204E2
1.153270213E2,1.780065488E-2,7.377740112E-4,1.625947538E-3,9.998399615E-1,1.779600875E2,1.877954848E-1,-8.121255568E-2,1.779599511E2
1.153320213E2,1.779448512E-2,7.439011824E-4,1.617362024E-3,9.998400807E-1,1.779607946E2,1.868238064E-1,-8.193323256E-2,1.779606578E2
1.153370213E2,1.780139257E-2,7.379725575E-4,1.617760514E-3,9.998399615E-1,1.779600029E2,1.868579327E-1,-8.125186699E-2,1.779598672E2
1.153420213E2,1.781491312E-2,7.292212103E-4,1.620246214E-3,9.998397231E-1,1.779584533E2,1.871259581E-1,-8.024159517E-2,1.779583191E2
1.153470213E2,1.780484013E-2,7.350263186E-4,1.618000213E-3,9.998399019E-1,1.779596078E2,1.868796637E-1,-8.091317338E-2,1.779594726E2
1.153520213E2,1.780109168E-2,7.387333317E-4,1.620721538E-3,9.998399615E-1,1.779600374E2,1.871987157E-1,-8.133304714E-2,1.779599013E2
1.153570213E2,1.780439806E-2,7.354115369E-4,1.622682903E-3,9.998399019E-1,1.779596585E2,1.874169268E-1,-8.094783729E-2,1.779595228E2
1.153620213E2,1.780058684E-2,7.384975906E-4,1.626363955E-3,9.998399615E-1,1.779600953E2,1.878446660E-1,-8.129462186E-2,1.779599587E2
1.153670213E2,1.779671696E-2,7.400900358E-4,1.631340594E-3,9.998400211E-1,1.779605388E2,1.884177912E-1,-8.146765076E-2,1.779604016E2
1.153720213E2,1.781097398E-2,7.301139995E-4,1.626357902E-3,9.998397827E-1,1.779589048E2,1.878277027E-1,-8.033214743E-2,1.779587699E2
1.153770213E2,1.781514326E-2,7.271326031E-4,1.618653652E-3,9.998397231E-1,1.779584270E2,1.869392464E-1,-8.000550497E-2,1.779582932E2
1.153820213E2,1.781778865E-2,7.271862705E-4,1.626311452E-3,9.998396635E-1,1.779581238E2,1.878169494E-1,-7.999552271E-2,1.779579894E2
1.153870213E2,1.781401353E-2,7.281678263E-4,1.630577957E-3,9.998397231E-1,1.779585564E2,1.883074803E-1,-8.009998193E-2,1.779584216E2
1.153920213E2,1.782545085E-2,7.206901792E-4,1.618508250E-3,9.998395443E-1,1.779572456E2,1.869102497E-1,-7.926574552E-2,1.779571131E2
1.153970213E2,1.782918373E-2,7.172856713E-4,1.615722897E-3,9.998394847E-1,1.779568178E2,1.865844608E-1,-7.888067334E-2,1.779566862E2
1.154020213E2,1.782466499E-2,7.218365790E-4,1.626631944E-3,9.998395443E-1,1.779573357E2,1.878432902E-1,-7.938064495E-2,1.779572023E2
1.154070213E2,1.782501650E-2,7.221587002E-4,1.622632146E-3,9.998395443E-1,1.779572954E2,1.873857051E-1,-7.942565590E-2,1.779571623E2
1.154120213E2,1.782620838E-2,7.203229470E-4,1.610307721E-3,9.998395443E-1,1.779571588E2,1.859699956E-1,-7.924028154E-2,1.779570270E2
1.154170213E2,1.782554887E-2,7.218201063E-4,1.616924419E-3,9.998395443E-1,1.779572344E2,1.867311009E-1,-7.939842203E-2,1.779571018E2
1.154220213E2,1.780778521E-2,7.327523199E-4,1.623444026E-3,9.998398423E-1,1.779592703E2,1.874989781E-1,-8.064097396E-2,1.779591351E2
1.154270213E2,1.781482480E-2,7.290650392E-4,1.621287316E-3,9.998397231E-1,1.779584635E2,1.872449150E-1,-8.022159319E-2,1.779583291E2
1.154320213E2,1.782563180E-2,7.208217867E-4,1.616455498E-3,9.998395443E-1,1.779572249E2,1.866753419E-1,-7.928498376E-2,1.779570925E2
1.154370213E2,1.782222972E-2,7.239967235E-4,1.615681802E-3,9.998396039E-1,1.779576148E2,1.865929123E-1,-7.965096192E-2,1.779574819E2
1.154420213E2,1.780793984E-2,7.337836432E-4,1.621280564E-3,9.998398423E-1,1.779592525E2,1.872532199E-1,-8.076352218E-2,1.779591173E2
1.154470213E2,1.781864503E-2,7.252689102E-4,1.617762493E-3,9.998396635E-1,1.779580256E2,1.868336172E-1,-7.979314067E-2,1.779578923E2
1.154520213E2,1.782286155E-2,7.220324478E-4,1.609579660E-3,9.998396039E-1,1.779575424E2,1.858898059E-1,-7.943825413E-2,1.779574103E2
1.154570213E2,1.780487238E-2,7.353902911E-4,1.617479837E-3,9.998399019E-1,1.779596041E2,1.868207876E-1,-8.095593066E-2,1.779594689E2
1.154620213E2,1.780074906E-2,7.380953757E-4,1.624770230E-3,9.998399615E-1,1.779600767E2,1.876612596E-1,-8.125175943E-2,1.779599404E2
1.154670213E2,1.781200593E-2,7.315758266E-4,1.614355016E-3,9.998397827E-1,1.779587865E2,1.864555560E-1,-8.052394068E-2,1.779586523E2
1.154720213E2,1.780871221E-2,7.334269467E-4,1.612936729E-3,9.998398423E-1,1.779591640E2,1.862965708E-1,-8.073953830E-2,1.779590296E2
1.154770213E2,1.780115807E-2,7.371819811E-4,1.620698720E-3,9.998399615E-1,1.779600298E2,1.871929416E-1,-8.115533794E-2,1.779598940E2
1.154820213E2,1.781156831E-2,7.317425334E-4,1.619100920E-3,9.998397827E-1,1.779588367E2,1.869996164E-1,-8.053343512E-2,1.779587020E2
1.154870213E2,1.781536444E-2,7.277742261E-4,1.615928719E-3,9.998397231E-1,1.779584016E2,1.866283688E-1,-8.008453975E-2,1.779582680E2
1.154920213E2,1.781172865E-2,7.306164480E-4,1.617845148E-3,9.998397827E-1,1.779588183E2,1.868534521E-1,-8.040694916E-2,1.779586840E2
1.154970213E2,1.780483895E-2,7.351318491E-4,1.617965172E-3,9.998399019E-1,1.779596079E2,1.868758642E-1,-8.092533607E-2,1.779594727E2
1.155020213E2,1.780850832E-2,7.329978980E-4,1.615381101E-3,9.998398423E-1,1.779591874E2,1.865757392E-1,-8.068543020E-2,1.779590528E2
1.155070213E2,1.781207161E-2,7.316317060E-4,1.613604836E-3,9.998397827E-1,1.779587790E2,1.863697245E-1,-8.053186201E-2,1.779586448E2
1.155120213E2,1.780131978E-2,7.372534019E-4,1.618889044E-3,9.998399615E-1,1.779600113E2,1.869857593E-1,-8.116718236E-2,1.779598756E2
1.155170213E2,1.779786038E-2,7.412068662E-4,1.618307200E-3,9.998400211E-1,1.779604077E2,1.869268791E-1,-8.162197743E-2,1.779602714E2
1.155220213E2,1.780846121E-2,7.338030264E-4,1.615534886E-3,9.998398423E-1,1.779591928E2,1.865949984E-1,-8.077737132E-2,1.779590580E2
1.155270213E2,1.781155636E-2,7.314006798E-4,1.619386836E-3,9.998397827E-1,1.779588381E2,1.870316760E-1,-8.049368646E-2,1.779587034E2
1.155320213E2,1.780777584E-2,7.339926669E-4,1.622986398E-3,9.998398423E-1,1.779592713E2,1.874490768E-1,-8.078402023E-2,1.779591360E2
1.155370213E2,1.780493106E-2,7.359269075E-4,1.616589609E-3,9.998399019E-1,1.779595974E2,1.867198908E-1,-8.101921804E-2,1.779594621E2
1.155420213E2,1.780514836E-2,7.360183517E-4,1.614152803E-3,9.998399019E-1,1.779595725E2,1.864409014E-1,-8.103462673E-2,1.779594374E2
1.155470213E2,1.779790281E-2,7.415237487E-4,1.617695321E-3,9.998400211E-1,1.779604029E2,1.868574238E-1,-8.165952378E-2,1.779602665E2
1.155520213E2,1.779069535E-2,7.445053780E-4,1.621921780E-3,9.998401403E-1,1.779612289E2,1.873471557E-1,-8.199386892E-2,1.779610916E2
1.155570213E2,1.779116261E-2,7.451501442E-4,1.616491121E-3,9.998401403E-1,1.779611754E2,1.867262984E-1,-8.207872670E-2,1.779610384E2
1.155620213E2,1.778805033E-2,7.481104694E-4,1.612502849E-3,9.998401999E-1,1.779615321E2,1.862751273E-1,-8.242661226E-2,1.779613949E2
1.155670213E2,1.778034785E-2,7.522701635E-4,1.621576026E-3,9.998403192E-1,1.779624148E2,1.873225167E-1,-8.288614954E-2,1.779622761E2
1.155720213E2,1.778709846E-2,7.485805545E-4,1.622752170E-3,9.998401999E-1,1.779616412E2,1.874503095E-1,-8.245975666E-2,1.779615030E2
1.155770213E2,1.778077643E-2,7.531348965E-4,1.616467140E-3,9.998403192E-1,1.779623657E2,1.867389705E-1,-8.299555479E-2,1.779622272E2
1.155820213E2,1.777724799E-2,7.549275178E-4,1.617571223E-3,9.998403788E-1,1.779627701E2,1.868688290E-1,-8.319935106E-2,1.779626312E2
1.155870213E2,1.779322995E-2,7.430129335E-4,1.631517545E-3,9.998400807E-1,1.779609384E2,1.884437419E-1,-8.180283305E-2,1.779608006E2
1.155920213E2,1.778060815E-2,7.520302897E-4,1.618830720E-3,9.998403192E-1,1.779623850E2,1.870075096E-1,-8.286421161E-2,1.779622465E2
1.155970213E2,1.777072933E-2,7.597209769E-4,1.613264089E-3,9.998404980E-1,1.779635172E2,1.863845656E-1,-8.375854355E-2,1.779633778E2
1.156020213E2,1.778656404E-2,7.480782806E-4,1.628830214E-3,9.998401999E-1,1.779617024E2,1.881456253E-1,-8.238992061E-2,1.779615639E2
1.156070213E2,1.778664509E-2,7.484341622E-4,1.627781312E-3,9.998401999E-1,1.779616931E2,1.880261809E-1,-8.243281791E-2,1.779615546E2
1.156120213E2,1.778422320E-2,7.498741616E-4,1.616933150E-3,9.998402596E-1,1.779619707E2,1.867860027E-1,-8.262036808E-2,1.779618328E2
1.156170213E2,1.779725989E-2,7.419740432E-4,1.624547527E-3,9.998400211E-1,1.779604766E2,1.876433720E-1,-8.169726019E-2,1.779603395E2
1.156220213E2,1.779283863E-2,7.428053068E-4,1.635873923E-3,9.998400807E-1,1.779609833E2,1.889424126E-1,-8.177023546E-2,1.779608452E2
1.156270213E2,1.777699370E-2,7.555250195E-4,1.620084979E-3,9.998403788E-1,1.779627993E2,1.871580356E-1,-8.326273522E-2,1.779626600E2
1.156320213E2,1.778080052E-2,7.526445552E-4,1.616430585E-3,9.998403192E-1,1.779623630E2,1.867337851E-1,-8.293944474E-2,1.779622246E2
1.156370213E2,1.779602605E-2,7.415993605E-4,1.638178015E-3,9.998400211E-1,1.779606180E2,1.892042017E-1,-8.162676490E-2,1.779604799E2
1.156420213E2,1.779623867E-2,7.423365023E-4,1.635532244E-3,9.998400211E-1,1.779605936E2,1.889025870E-1,-8.171657731E-2,1.779604556E2
1.156470213E2,1.780440742E-2,7.351476816E-4,1.622699783E-3,9.998399019E-1,1.779596574E2,1.874183231E-1,-8.091757033E-2,1.779595218E2
1.156520213E2,1.781776264E-2,7.264856831E-4,1.626909361E-3,9.998396635E-1,1.779581268E2,1.878840212E-1,-7.991403816E-2,1.779579925E2
1.156570213E2,1.780971216E-2,7.320960285E-4,1.639234251E-3,9.998397827E-1,1.779590494E2,1.893069371E-1,-8.053319160E-2,1.779589131E2
1.156620213E2,1.781037017E-2,7.317507989E-4,1.632224186E-3,9.998397827E-1,1.779589740E2,1.885031169E-1,-8.050782088E-2,1.779588383E2
1.156670213E2,1.781447513E-2,7.282987353E-4,1.625468489E-3,9.998397231E-1,1.779585035E2,1.877223744E-1,-8.012532478E-2,1.779583690E2
1.156720213E2,1.780721622E-2,7.336509880E-4,1.629268983E-3,9.998398423E-1,1.779593355E2,1.881681528E-1,-8.073215703E-2,1.779591996E2
1.156770213E2,1.780353608E-2,7.360804011E-4,1.631811610E-3,9.998399019E-1,1.779597573E2,1.884641310E-1,-8.100600776E-2,1.779596208E2
1.156820213E2,1.781791522E-2,7.261112914E-4,1.625404810E-3,9.998396635E-1,1.779581093E2,1.877108869E-1,-7.987418640E-2,1.779579752E2
1.156870213E2,1.781430161E-2,7.289908244E-4,1.627059188E-3,9.998397231E-1,1.779585234E2,1.879060257E-1,-8.020140483E-2,1.779583887E2
1.156920213E2,1.781126098E-2,7.300165598E-4,1.623255666E-3,9.998397827E-1,1.779588719E2,1.874720925E-1,-8.032726170E-2,1.779587373E2
1.156970213E2,1.782830747E-2,7.176338113E-4,1.625209581E-3,9.998394847E-1,1.779569182E2,1.876720265E-1,-7.890134206E-2,1.779567858E2
1.157020213E2,1.781150723E-2,7.302238955E-4,1.620457973E-3,9.998397827E-1,1.779588437E2,1.871519938E-1,-8.035668126E-2,1.779587092E2
1.157070213E2,1.780421184E-2,7.368999650E-4,1.624050317E-3,9.998399019E-1,1.779596798E2,1.875766186E-1,-8.111561626E-2,1.779595438E2
1.157120213E2,1.782181102E-2,7.222996210E-4,1.621050993E-3,9.998396039E-1,1.779576628E2,1.872045799E-1,-7.944563169E-2,1.779575298E2
1.157170213E2,1.782209417E-2,7.243033615E-4,1.617039088E-3,9.998396039E-1,1.779576303E2,1.867490370E-1,-7.968334760E-2,1.779574972E2
1.157220213E2,1.780854556E-2,7.342044264E-4,1.614422305E-3,9.998398423E-1,1.779591831E2,1.864683521E-1,-8.082561590E-2,1.779590484E2
1.157270213E2,1.780811894E-2,7.336882991E-4,1.619355404E-3,9.998398423E-1,1.779592320E2,1.870324672E-1,-8.075649361E-2,1.779590970E2
1.157320213E2,1.782187385E-2,7.234312361E-4,1.619855291E-3,9.998396039E-1,1.779576556E2,1.870699005E-1,-7.957771479E-2,1.779575224E2
1.157370213E2,1.780818433E-2,7.336712442E-4,1.618643873E-3,9.998398423E-1,1.779592245E2,1.869509150E-1,-8.075597945E-2,1.779590895E2
1.157420213E2,1.780166849E-2,7.384450291E-4,1.614505542E-3,9.998399615E-1,1.779599713E2,1.864859851E-1,-8.131258838E-2,1.779598358E2
1.157470213E2,1.781216763E-2,7.310142973E-4,1.612824621E-3,9.998397827E-1,1.779587680E2,1.862790797E-1,-8.046269822E-2,1.779586340E2
1.157520213E2,1.780537785E-2,7.350886008E-4,1.612043590E-3,9.998399019E-1,1.779595462E2,1.861973624E-1,-8.093236314E-2,1.779594115E2
1.157570213E2,1.779148813E-2,7.459726767E-4,1.612524269E-3,9.998401403E-1,1.779611381E2,1.862735056E-1,-8.218099415E-2,1.779610013E2
1.157620213E2,1.780221833E-2,7.386328070E-4,1.608345192E-3,9.998399615E-1,1.779599083E2,1.857805993E-1,-8.134656802E-2,1.779597732E2
1.157670213E2,1.780512461E-2,7.343357429E-4,1.615180750E-3,9.998399019E-1,1.779595752E2,1.865552414E-1,-8.083975168E-2,1.779594404E2
1.157720213E2,1.780167738E-2,7.385869976E-4,1.614342560E-3,9.998399615E-1,1.779599703E2,1.864676021E-1,-8.132918501E-2,1.779598347E2
1.157770213E2,1.780168705E-2,7.384766359E-4,1.614286448E-3,9.998399615E-1,1.779599692E2,1.864609487E-1,-8.131665317E-2,1.779598336E2
1.157820213E2,1.781588272E-2,7.289708010E-4,1.609663130E-3,9.998397231E-1,1.779583422E2,1.859129826E-1,-8.023433084E-2,1.779582088E2
1.157870213E2,1.781939809E-2,7.251659408E-4,1.609492814E-3,9.998396635E-1,1.779579393E2,1.858859801E-1,-7.979808983E-2,1.779578067E2
1.157920213E2,1.781917884E-2,7.257520920E-4,1.611654530E-3,9.998396635E-1,1.779579644E2,1.861348353E-1,-7.986087347E-2,1.779578315E2
1.157970213E2,1.781946675E-2,7.254242082E-4,1.608616090E-3,9.998396635E-1,1.779579314E2,1.857860637E-1,-7.982945796E-2,1.779577988E2
1.158020213E2,1.781579305E-2,7.281146827E-4,1.611042535E-3,9.998397231E-1,1.779583525E2,1.860692706E-1,-8.013344296E-2,1.779582192E2
1.158070213E2,1.781547175E-2,7.278982666E-4,1.614689245E-3,9.998397231E-1,1.779583893E2,1.864866197E-1,-8.010126200E-2,1.779582557E2
1.158120213E2,1.782577859E-2,7.217467646E-4,1.614422770E-3,9.998395443E-1,1.779572080E2,1.864443464E-1,-7.939508655E-2,1.779570757E2
1.158170213E2,1.781562724E-2,7.287029293E-4,1.612609369E-3,9.998397231E-1,1.779583715E2,1.862499763E-1,-8.019767221E-2,1.779582379E2
1.158220213E2,1.781918935E-2,7.263236330E-4,1.611280837E-3,9.998396635E-1,1.779579632E2,1.860931881E-1,-7.992711792E-2,1.779578302E2
1.158270213E2,1.782219556E-2,7.223755238E-4,1.616783906E-3,9.998396039E-1,1.779576187E2,1.867158700E-1,-7.946297125E-2,1.779574860E2
1.158320213E2,1.781819218E-2,7.256292738E-4,1.622581505E-3,9.998396635E-1,1.779580775E2,1.873864485E-1,-7.982467313E-2,1.779579438E2
1.158370213E2,1.781134184E-2,7.300173747E-4,1.622367767E-3,9.998397827E-1,1.779588626E2,1.873703708E-1,-8.032915226E-2,1.779587281E2
1.158420213E2,1.781795055E-2,7.272576913E-4,1.624504686E-3,9.998396635E-1,1.779581052E2,1.876101006E-1,-8.000736449E-2,1.779579710E2
1.158470213E2,1.781442533E-2,7.285608444E-4,1.625896781E-3,9.998397231E-1,1.779585092E2,1.877719765E-1,-8.015449045E-2,1.779583747E2
1.158520213E2,1.780759419E-2,7.341014571E-4,1.624929137E-3,9.998398423E-1,1.779592922E2,1.876718708E-1,-8.079255410E-2,1.779591566E2
1.158570213E2,1.781139380E-2,7.319665165E-4,1.620918512E-3,9.998397827E-1,1.779588567E2,1.872083077E-1,-8.055542020E-2,1.779587219E2
1.158620213E2,1.781121011E-2,7.318588323E-4,1.622984186E-3,9.998397827E-1,1.779588777E2,1.874447448E-1,-8.053890052E-2,1.779587428E2
1.158670213E2,1.780752226E-2,7.339317235E-4,1.625793870E-3,9.998398423E-1,1.779593004E2,1.877705941E-1,-8.077135599E-2,1.779591648E2
1.158720213E2,1.780082847E-2,7.377055008E-4,1.624077093E-3,9.998399615E-1,1.779600676E2,1.875810554E-1,-8.120848926E-2,1.779599314E2
1.158770213E2,1.780427602E-2,7.371017709E-4,1.623254968E-3,9.998399019E-1,1.779596724E2,1.874859096E-1,-8.114034859E-2,1.779595365E2
1.158820213E2,1.780076984E-2,7.372082327E-4,1.624945318E-3,9.998399615E-1,1.779600743E2,1.876795119E-1,-8.114975549E-2,1.779599381E2
1.158870213E2,1.779688835E-2,7.414927823E-4,1.628831960E-3,9.998400211E-1,1.779605191E2,1.881332431E-1,-8.163345211E-2,1.779603819E2
1.158920213E2,1.779688709E-2,7.414585561E-4,1.628861297E-3,9.998400211E-1,1.779605193E2,1.881365344E-1,-8.162947112E-2,1.779603820E2
1.158970213E2,1.780044376E-2,7.393037667E-4,1.627563266E-3,9.998399615E-1,1.779601117E2,1.879837085E-1,-8.138456848E-2,1.779599749E2
1.159020213E2,1.779306727E-2,7.434205036E-4,1.633105217E-3,9.998400807E-1,1.779609571E2,1.886264651E-1,-8.184632297E-2,1.779608191E2
1.159070213E2,1.778983507E-2,7.453053258E-4,1.630965271E-3,9.998401403E-1,1.779613275E2,1.883848621E-1,-8.206724576E-2,1.779611893E2
1.159120213E2,1.779294070E-2,7.428994286E-4,1.634720596E-3,9.998400807E-1,1.779609716E2,1.888104720E-1,-8.178335172E-2,1.779608335E2
1.159170213E2,1.778963273E-2,7.469647098E-4,1.632412430E-3,9.998401403E-1,1.779613507E2,1.885540352E-1,-8.225445468E-2,1.779612121E2
1.159220213E2,1.778969145E-2,7.459157496E-4,1.632252242E-3,9.998401403E-1,1.779613440E2,1.885335480E-1,-8.213458735E-2,1.779612056E2
1.159270213E2,1.779336659E-2,7.428161334E-4,1.630116371E-3,9.998400807E-1,1.779609228E2,1.882828140E-1,-8.178311642E-2,1.779607851E2
1.159320213E2,1.779049635E-2,7.450425182E-4,1.623856719E-3,9.998401403E-1,1.779612517E2,1.875699277E-1,-8.205150322E-2,1.779611142E2
1.159370213E2,1.778667134E-2,7.483790978E-4,1.627519727E-3,9.998401999E-1,1.779616901E2,1.879961001E-1,-8.242703726E-2,1.779615516E2
1.159420213E2,1.778629388E-2,7.474995218E-4,1.632042811E-3,9.998401999E-1,1.779617334E2,1.885125023E-1,-8.231711290E-2,1.779615947E2
1.159470213E2,1.778375614E-2,7.514217868E-4,1.621345640E-3,9.998402596E-1,1.779620242E2,1.872946738E-1,-8.278877919E-2,1.779618857E2
1.159520213E2,1.778044880E-2,7.530227886E-4,1.620119088E-3,9.998403192E-1,1.779624033E2,1.871571321E-1,-8.297533007E-2,1.779622645E2
1.159570213E2,1.778668863E-2,7.484327652E-4,1.627306105E-3,9.998401999E-1,1.779616881E2,1.879717354E-1,-8.243361830E-2,1.779615496E2
1.159620213E2,1.779332542E-2,7.433884894E-4,1.630304847E-3,9.998400807E-1,1.779609275E2,1.883055723E-1,-8.184831655E-2,1.779607897E2
1.159670213E2,1.778379770E-2,7.516337791E-4,1.620791503E-3,9.998402596E-1,1.779620195E2,1.872316198E-1,-8.281418941E-2,1.779618809E2
1.159720213E2,1.778010679E-2,7.519409992E-4,1.624369412E-3,9.998403192E-1,1.779624425E2,1.876418744E-1,-8.284278947E-2,1.779623036E2
1.159770213E2,1.779666319E-2,7.404412027E-4,1.631767722E-3,9.998400211E-1,1.779605450E2,1.884674407E-1,-8.150702410E-2,1.779604076E2
1.159820213E2,1.778659628E-2,7.495417958E-4,1.627804944E-3,9.998401999E-1,1.779616987E2,1.880311426E-1,-8.255968415E-2,1.779615600E2
1.159870213E2,1.777682485E-2,7.548975409E-4,1.622228883E-3,9.998403788E-1,1.779628186E2,1.874023781E-1,-8.318650693E-2,1.779626793E2
1.159920213E2,1.779084000E-2,7.456257590E-4,1.619819086E-3,9.998401403E-1,1.779612123E2,1.871085388E-1,-8.212649458E-2,1.779610750E2
1.159970213E2,1.780388076E-2,7.354407571E-4,1.628335682E-3,9.998399019E-1,1.779597177E2,1.880646039E-1,-8.093974868E-2,1.779595817E2
1.160020213E2,1.779024077E-2,7.451514830E-4,1.626604469E-3,9.998401403E-1,1.779612810E2,1.878849488E-1,-8.205843364E-2,1.779611432E2
1.160070213E2,1.779730953E-2,7.415721193E-4,1.624187222E-3,9.998400211E-1,1.779604709E2,1.876012747E-1,-8.165193600E-2,1.779603339E2
1.160120213E2,1.780383509E-2,7.368766819E-4,1.628185855E-3,9.998399019E-1,1.779597230E2,1.880503642E-1,-8.110458155E-2,1.779595866E2
1.160170213E2,1.780017416E-2,7.387140649E-4,1.630776329E-3,9.998399615E-1,1.779601426E2,1.883506158E-1,-8.131050081E-2,1.779600056E2
1.160220213E2,1.779062318E-2,7.446025847E-4,1.622668584E-3,9.998401403E-1,1.779612372E2,1.874329121E-1,-8.200349716E-2,1.779610998E2
1.160270213E2,1.779721705E-2,7.420915645E-4,1.624963130E-3,9.998400211E-1,1.779604815E2,1.876912254E-1,-8.170988538E-2,1.779603444E2
1.160320213E2,1.779682490E-2,7.411551778E-4,1.629678649E-3,9.998400211E-1,1.779605264E2,1.882295575E-1,-8.159305678E-2,1.779603891E2
1.160370213E2,1.779031913E-2,7.456888561E-4,1.625500852E-3,9.998401403E-1,1.779612720E2,1.877596054E-1,-8.212223753E-2,1.779611342E2
1.160420213E2,1.778295866E-2,7.514766185E-4,1.630043960E-3,9.998402596E-1,1.779621156E2,1.882913180E-1,-8.277748435E-2,1.779619763E2
1.160470213E2,1.778940472E-2,7.473364240E-4,1.634725486E-3,9.998401403E-1,1.779613768E2,1.888197897E-1,-8.229237066E-2,1.779612380E2
1.160520213E2,1.778973046E-2,7.456336170E-4,1.631955965E-3,9.998401403E-1,1.779613395E2,1.884990304E-1,-8.210285915E-2,1.779612012E2
1.160570213E2,1.778349673E-2,7.506739348E-4,1.624534256E-3,9.998402596E-1,1.779620540E2,1.876584594E-1,-8.269664557E-2,1.779619153E2
1.160620213E2,1.777977976E-2,7.523575914E-4,1.627752557E-3,9.998403192E-1,1.779624800E2,1.880303157E-1,-8.288368785E-2,1.779623407E2
1.160670213E2,1.779654883E-2,7.404800854E-4,1.632996951E-3,9.998400211E-1,1.779605581E2,1.886083480E-1,-8.150899360E-2,1.779604206E2
1.160720213E2,1.779706201E-2,7.405205979E-4,1.627376070E-3,9.998400211E-1,1.779604992E2,1.879644676E-1,-8.152500242E-2,1.779603623E2
1.160770213E2,1.779004951E-2,7.467048126E-4,1.627983409E-3,9.998401403E-1,1.779613029E2,1.880460905E-1,-8.223362838E-2,1.779611647E2
1.160820213E2,1.779314998E-2,7.441831403E-4,1.631856314E-3,9.998400807E-1,1.779609476E2,1.884849357E-1,-8.193623179E-2,1.779608095E2
1.160870213E2,1.780032745E-2,7.388942176E-4,1.629020553E-3,9.998399615E-1,1.779601250E2,1.881498301E-1,-8.133469424E-2,1.779599882E2
1.160920213E2,1.779375263E-2,7.429888938E-4,1.625818084E-3,9.998400807E-1,1.779608785E2,1.877907275E-1,-8.181160231E-2,1.779607412E2
1.160970213E2,1.779052017E-2,7.449889090E-4,1.623620396E-3,9.998401403E-1,1.779612490E2,1.875427439E-1,-8.204583838E-2,1.779611115E2
1.161020213E2,1.779724346E-2,7.403665804E-4,1.625460689E-3,9.998400211E-1,1.779604784E2,1.877447160E-1,-8.151122855E-2,1.779603416E2
1.161070213E2,1.779774641E-2,7.402698975E-4,1.619988587E-3,9.998400211E-1,1.779604208E2,1.871176011E-1,-8.151121779E-2,1.779602845E2
1.161120213E2,1.779067770E-2,7.462795475E-4,1.621299889E-3,9.998401403E-1,1.779612309E2,1.872795196E-1,-8.219841258E-2,1.779610934E2
1.161170213E2,1.779754264E-2,7.415009313E-4,1.621663454E-3,9.998400211E-1,1.779604442E2,1.873119913E-1,-8.164888347E-2,1.779603075E2
1.161220213E2,1.780819522E-2,7.343519828E-4,1.618215232E-3,9.998398423E-1,1.779592233E2,1.869031944E-1,-8.083484662E-2,1.779590882E2
1.161270213E2,1.779801768E-2,7.395867142E-4,1.617318136E-3,9.998400211E-1,1.779603897E2,1.868102663E-1,-8.143833923E-2,1.779602537E2
1.161320213E2,1.779502544E-2,7.428711979E-4,1.611881424E-3,9.998400807E-1,1.779607327E2,1.861938176E-1,-8.182629947E-2,1.779605965E2
1.161370213E2,1.780187315E-2,7.384262863E-4,1.612255932E-3,9.998399615E-1,1.779599478E2,1.862282175E-1,-8.131499217E-2,1.779598125E2
1.161420213E2,1.780185417E-2,7.372227847E-4,1.613016007E-3,9.998399615E-1,1.779599500E2,1.863128451E-1,-8.117555597E-2,1.779598148E2
1.161470213E2,1.779860579E-2,7.391794934E-4,1.611020067E-3,9.998400211E-1,1.779603223E2,1.860878908E-1,-8.140441895E-2,1.779601869E2
1.161520213E2,1.779847937E-2,7.413943531E-4,1.611398882E-3,9.998400211E-1,1.779603368E2,1.861358010E-1,-8.165743356E-2,1.779602010E2
1.161570213E2,1.779851111E-2,7.406811346E-4,1.611376298E-3,9.998400211E-1,1.779603332E2,1.861317610E-1,-8.157575793E-2,1.779601975E2
1.161620213E2,1.780232415E-2,7.387369405E-4,1.607125625E-3,9.998399615E-1,1.779598962E2,1.856410902E-1,-8.136096736E-2,1.779597612E2
1.161670213E2,1.779807585E-2,7.415981963E-4,1.615756191E-3,9.998400211E-1,1.779603830E2,1.866354166E-1,-8.167197629E-2,1.779602468E2
1.161720213E2,1.780146855E-2,7.387399091E-4,1.616573776E-3,9.998399615E-1,1.779599942E2,1.867235356E-1,-8.134219176E-2,1.779598584E2
1.161770213E2,1.780523266E-2,7.350472151E-4,1.613665372E-3,9.998399019E-1,1.779595628E2,1.863830797E-1,-8.092433930E-2,1.779594280E2
1.161820213E2,1.780491654E-2,7.354061818E-4,1.616986468E-3,9.998399019E-1,1.779595990E2,1.867642967E-1,-8.095874974E-2,1.779594639E2
1.161870213E2,1.780847151E-2,7.323548780E-4,1.616078429E-3,9.998398423E-1,1.779591916E2,1.866543191E-1,-8.061034104E-2,1.779590571E2
1.161920213E2,1.780885117E-2,7.329753134E-4,1.611607149E-3,9.998398423E-1,1.779591481E2,1.861433254E-1,-8.069048082E-2,1.779590138E2
1.161970213E2,1.780963588E-2,7.317834534E-4,1.603456680E-3,9.998398423E-1,1.779590582E2,1.852071271E-1,-8.057041431E-2,1.779589248E2
1.162020213E2,1.781277642E-2,7.308994536E-4,1.606139122E-3,9.998397827E-1,1.779586982E2,1.855129125E-1,-8.046307410E-2,1.779585648E2
1.162070213E2,1.781239263E-2,7.298411801E-4,1.610869775E-3,9.998397827E-1,1.779587422E2,1.860527291E-1,-8.033223885E-2,1.779586086E2
1.162120213E2,1.780577323E-2,7.348936633E-4,1.607759739E-3,9.998399019E-1,1.779595009E2,1.857061803E-1,-8.091869621E-2,1.779593665E2
1.162170213E2,1.780238051E-2,7.384238997E-4,1.606645063E-3,9.998399615E-1,1.779598897E2,1.855853963E-1,-8.132607120E-2,1.779597548E2
1.162220213E2,1.780589521E-2,7.359203300E-4,1.605938189E-3,9.998399019E-1,1.779594869E2,1.854995837E-1,-8.104001907E-2,1.779593525E2
1.162270213E2,1.780571302E-2,7.362461183E-4,1.607807819E-3,9.998399019E-1,1.779595078E2,1.857144441E-1,-8.107356448E-2,1.779593732E2
1.162320213E2,1.780254781E-2,7.372098626E-4,1.605348312E-3,9.998399615E-1,1.779598705E2,1.854343593E-1,-8.118958951E-2,1.779597360E2
1.162370213E2,1.780559673E-2,7.344853948E-4,1.609899569E-3,9.998399019E-1,1.779595211E2,1.859505009E-1,-8.086758600E-2,1.779593867E2
1.162420213E2,1.780467531E-2,7.353122346E-4,1.619683113E-3,9.998399019E-1,1.779596267E2,1.870730498E-1,-8.094252872E-2,1.779594913E2
1.162470213E2,1.779812760E-2,7.401486509E-4,1.615850837E-3,9.998400211E-1,1.779603771E2,1.866433078E-1,-8.150569441E-2,1.779602411E2
1.162520213E2,1.779824631E-2,7.401728653E-4,1.614531619E-3,9.998400211E-1,1.779603635E2,1.864922192E-1,-8.151113734E-2,1.779602276E2
1.162570213E2,1.781186298E-2,7.302800077E-4,1.616517548E-3,9.998397827E-1,1.779588029E2,1.867006681E-1,-8.037108693E-2,1.779586688E2
1.162620213E2,1.780486901E-2,7.364217890E-4,1.617047586E-3,9.998399019E-1,1.779596045E2,1.867733679E-1,-8.107499535E-2,1.779594691E2
1.162670213E2,1.779480625E-2,7.428545505E-4,1.614307053E-3,9.998400807E-1,1.779607578E2,1.864716789E-1,-8.181948642E-2,1.779606214E2
1.162720213E2,1.780200397E-2,7.378264563E-4,1.611085609E-3,9.998399615E-1,1.779599328E2,1.860929161E-1,-8.124863089E-2,1.779597977E2
1.162770213E2,1.781189439E-2,7.317261188E-4,1.615517191E-3,9.998397827E-1,1.779587993E2,1.865890084E-1,-8.053880868E-2,1.779586650E2
1.162820213E2,1.780579182E-2,7.358320872E-4,1.607124461E-3,9.998399019E-1,1.779594987E2,1.856353108E-1,-8.102750736E-2,1.779593643E2
1.162870213E2,1.779908445E-2,7.394088316E-4,1.605617348E-3,9.998400211E-1,1.779602675E2,1.854693885E-1,-8.144162616E-2,1.779601325E2
1.162920213E2,1.780594556E-2,7.344872574E-4,1.606035978E-3,9.998399019E-1,1.779594811E2,1.855078672E-1,-8.087561838E-2,1.779593470E2
1.162970213E2,1.781246324E-2,7.309426437E-4,1.609589090E-3,9.998397827E-1,1.779587341E2,1.859082507E-1,-8.046103823E-2,1.779586004E2
1.163020213E2,1.780257638E-2,7.367356448E-4,1.605249243E-3,9.998399615E-1,1.779598672E2,1.854220433E-1,-8.113545364E-2,1.779597328E2
1.163070213E2,1.780255726E-2,7.371981046E-4,1.605248894E-3,9.998399615E-1,1.779598694E2,1.854229453E-1,-8.118844344E-2,1.779597349E2
1.163120213E2,1.780896450E-2,7.332757814E-4,1.610217616E-3,9.998398423E-1,1.779591351E2,1.859847440E-1,-8.072772121E-2,1.779590009E2
1.163170213E2,1.781233307E-2,7.313236711E-4,1.610856038E-3,9.998397827E-1,1.779587490E2,1.860541770E-1,-8.050213178E-2,1.779586151E2
1.163220213E2,1.780928695E-2,7.321948651E-4,1.607140177E-3,9.998398423E-1,1.779590981E2,1.856299704E-1,-8.061009797E-2,1.779589644E2
1.163270213E2,1.781246508E-2,7.292766823E-4,1.610324252E-3,9.998397827E-1,1.779587339E2,1.859890800E-1,-8.026866259E-2,1.779586004E2
1.163320213E2,1.782262146E-2,7.233377546E-4,1.611650689E-3,9.998396039E-1,1.779575699E2,1.861297383E-1,-7.958362199E-2,1.779574374E2
1.163370213E2,1.781561738E-2,7.283707382E-4,1.612868393E-3,9.998397231E-1,1.779583726E2,1.862789745E-1,-8.015908499E-2,1.779582391E2
1.163420213E2,1.781209947E-2,7.315321709E-4,1.613342436E-3,9.998397827E-1,1.779587758E2,1.863394594E-1,-8.052098839E-2,1.779586417E2
1.163470213E2,1.781938348E-2,7.243009168E-4,1.610044041E-3,9.998396635E-1,1.779579410E2,1.859473683E-1,-7.969785829E-2,1.779578085E2
1.163520213E2,1.782291211E-2,7.228620816E-4,1.608647173E-3,9.998396039E-1,1.779575366E2,1.857846663E-1,-7.953520315E-2,1.779574044E2
1.163570213E2,1.781921094E-2,7.251849165E-4,1.611554995E-3,9.998396635E-1,1.779579608E2,1.861222754E-1,-7.979608762E-2,1.779578280E2
1.163620213E2,1.782561565E-2,7.199809188E-4,1.617008238E-3,9.998395443E-1,1.779572267E2,1.867369521E-1,-7.918751669E-2,1.779570945E2
1.163670213E2,1.782621164E-2,7.210176555E-4,1.609960687E-3,9.998395443E-1,1.779571584E2,1.859316543E-1,-7.932058486E-2,1.779570265E2
1.163720213E2,1.781583101E-2,7.277023979E-4,1.610809006E-3,9.998397231E-1,1.779583481E2,1.860416756E-1,-8.008667588E-2,1.779582149E2
1.163770213E2,1.780930648E-2,7.329967339E-4,1.606558100E-3,9.998398423E-1,1.779590959E2,1.855649181E-1,-8.070315504E-2,1.779589620E2
1.163820213E2,1.782664886E-2,7.200698019E-4,1.605537720E-3,9.998395443E-1,1.779571083E2,1.854229972E-1,-7.922094068E-2,1.779569770E2
1.163870213E2,1.783045700E-2,7.177396910E-4,1.601407072E-3,9.998394847E-1,1.779566719E2,1.849452740E-1,-7.896170654E-2,1.779565413E2
1.163920213E2,1.781713340E-2,7.261746214E-4,1.597034396E-3,9.998397231E-1,1.779581989E2,1.844604534E-1,-7.993951663E-2,1.779580670E2
1.163970213E2,1.781660491E-2,7.284815074E-4,1.601872384E-3,9.998397231E-1,1.779582594E2,1.850194275E-1,-8.019404350E-2,1.779581268E2
1.164020213E2,1.781600904E-2,7.271165377E-4,1.609103638E-3,9.998397231E-1,1.779583277E2,1.858451033E-1,-8.002300071E-2,1.779581948E2
1.164070213E2,1.781249496E-2,7.296646363E-4,1.609817846E-3,9.998397827E-1,1.779587305E2,1.859318536E-1,-8.031413991E-2,1.779585970E2
1.164120213E2,1.780229748E-2,7.365890779E-4,1.608406426E-3,9.998399615E-1,1.779598992E2,1.857834516E-1,-8.111227165E-2,1.779597645E2
1.164170213E2,1.780498815E-2,7.364843041E-4,1.615706715E-3,9.998399019E-1,1.779595908E2,1.866198766E-1,-8.108487162E-2,1.779594556E2
1.164220213E2,1.780875384E-2,7.324609905E-4,1.612916007E-3,9.998398423E-1,1.779591592E2,1.862922283E-1,-8.062890009E-2,1.779590250E2
1.164270213E2,1.780530991E-2,7.345574559E-4,1.613035914E-3,9.998399019E-1,1.779595540E2,1.863099672E-1,-8.086949598E-2,1.779594193E2
1.164320213E2,1.779786864E-2,7.397640147E-4,1.618876471E-3,9.998400211E-1,1.779604068E2,1.869891600E-1,-8.145550256E-2,1.779602706E2
1.164370213E2,1.780117337E-2,7.393236156E-4,1.619554707E-3,9.998399615E-1,1.779600280E2,1.870662386E-1,-8.140304294E-2,1.779598919E2
1.164420213E2,1.780851451E-2,7.335033151E-4,1.615083427E-3,9.998398423E-1,1.779591867E2,1.865426657E-1,-8.074394384E-2,1.779590520E2
1.164470213E2,1.780841725E-2,7.330781082E-4,1.616348396E-3,9.998398423E-1,1.779591978E2,1.866867220E-1,-8.069266305E-2,1.779590631E2
1.164520213E2,1.780465179E-2,7.364028716E-4,1.619446091E-3,9.998399019E-1,1.779596294E2,1.870481171E-1,-8.106797458E-2,1.779594938E2
1.164570213E2,1.780511124E-2,7.348242216E-4,1.615106012E-3,9.998399019E-1,1.779595767E2,1.865476741E-1,-8.089587328E-2,1.779594418E2
1.164620213E2,1.780891492E-2,7.322349120E-4,1.611239277E-3,9.998398423E-1,1.779591408E2,1.860996708E-1,-8.060638954E-2,1.779590067E2
1.164670213E2,1.780513964E-2,7.344702026E-4,1.614953973E-3,9.998399019E-1,1.779595735E2,1.865295343E-1,-8.085561709E-2,1.779594386E2
1.164720213E2,1.780867529E-2,7.330319495E-4,1.613523811E-3,9.998398423E-1,1.779591682E2,1.863630257E-1,-8.069309091E-2,1.779590338E2
1.164770213E2,1.781256978E-2,7.302305312E-4,1.608732971E-3,9.998397827E-1,1.779587219E2,1.858087169E-1,-8.038117697E-2,1.779585884E2
1.164820213E2,1.781627249E-2,7.287060726E-4,1.605463447E-3,9.998397231E-1,1.779582975E2,1.854313005E-1,-8.021250219E-2,1.779581646E2
1.164870213E2,1.781626889E-2,7.278376725E-4,1.605897327E-3,9.998397231E-1,1.779582979E2,1.854792381E-1,-8.011212157E-2,1.779581651E2
1.164920213E2,1.781305182E-2,7.290043286E-4,1.603944576E-3,9.998397827E-1,1.779586667E2,1.852576285E-1,-8.025037222E-2,1.779585337E2
1.164970213E2,1.781692718E-2,7.281979197E-4,1.598413102E-3,9.998397231E-1,1.779582225E2,1.846225320E-1,-8.016855547E-2,1.779580902E2
1.165020213E2,1.781691766E-2,7.262839354E-4,1.599389827E-3,9.998397231E-1,1.779582236E2,1.847305296E-1,-7.994727156E-2,1.779580916E2
1.165070213E2,1.782022975E-2,7.239858969E-4,1.600792632E-3,9.998396635E-1,1.779578440E2,1.848868252E-1,-7.968050113E-2,1.779577123E2
1.165120213E2,1.781717595E-2,7.261421997E-4,1.596574322E-3,9.998397231E-1,1.779581940E2,1.844076783E-1,-7.993673352E-2,1.779580622E2
1.165170213E2,1.782051103E-2,7.247061585E-4,1.597331720E-3,9.998396635E-1,1.779578118E2,1.844917897E-1,-7.977003975E-2,1.779576802E2
1.165220213E2,1.781661834E-2,7.272367948E-4,1.602288568E-3,9.998397231E-1,1.779582579E2,1.850645707E-1,-8.005058050E-2,1.779581255E2
1.165270213E2,1.781663132E-2,7.274422678E-4,1.602050848E-3,9.998397231E-1,1.779582564E2,1.850377548E-1,-8.007460518E-2,1.779581239E2
1.165320213E2,1.781699746E-2,7.283096202E-4,1.597578637E-3,9.998397231E-1,1.779582144E2,1.845271580E-1,-8.018304421E-2,1.779580822E2
1.165370213E2,1.782013298E-2,7.246918976E-4,1.601550262E-3,9.998396635E-1,1.779578551E2,1.849750639E-1,-7.975986060E-2,1.779577232E2
1.165420213E2,1.782338755E-2,7.237739046E-4,1.602959353E-3,9.998396039E-1,1.779574821E2,1.851348929E-1,-7.965120293E-2,1.779573502E2
1.165470213E2,1.780988673E-2,7.319580182E-4,1.600588206E-3,9.998398423E-1,1.779590294E2,1.848788523E-1,-8.059622285E-2,1.779588962E2
1.165520213E2,1.781707791E-2,7.283916930E-4,1.596643706E-3,9.998397231E-1,1.779582052E2,1.844202136E-1,-8.019434167E-2,1.779580730E2
1.165570213E2,1.782343606E-2,7.226204616E-4,1.602940378E-3,9.998396039E-1,1.779574765E2,1.851303663E-1,-7.951907902E-2,1.779573449E2
1.165620213E2,1.782319316E-2,7.227904862E-4,1.605562400E-3,9.998396039E-1,1.779575044E2,1.854311088E-1,-7.953324872E-2,1.779573725E2
1.165670213E2,1.781640258E-2,7.268668269E-4,1.604853431E-3,9.998397231E-1,1.779582826E2,1.853576634E-1,-8.000299522E-2,1.779581500E2
1.165720213E2,1.782372478E-2,7.215777878E-4,1.600197400E-3,9.998396039E-1,1.779574434E2,1.848139865E-1,-7.940516581E-2,1.779573122E2
1.165770213E2,1.782367064E-2,7.214875659E-4,1.600840944E-3,9.998396039E-1,1.779574496E2,1.848875310E-1,-7.939352432E-2,1.779573184E2
1.165820213E2,1.781378940E-2,7.293076487E-4,1.595593407E-3,9.998397827E-1,1.779585821E2,1.843014834E-1,-8.030203639E-2,1.779584498E2
1.165870213E2,1.781080310E-2,7.315490511E-4,1.590546919E-3,9.998398423E-1,1.779589244E2,1.837276248E-1,-8.056969203E-2,1.779587921E2
1.165920213E2,1.782076574E-2,7.241850835E-4,1.594724250E-3,9.998396635E-1,1.779577826E2,1.841919985E-1,-7.971561659E-2,1.779576513E2
1.165970213E2,1.782740786E-2,7.195176440E-4,1.597336726E-3,9.998395443E-1,1.779570213E2,1.844823120E-1,-7.917429208E-2,1.779568907E2
1.166020213E2,1.782751849E-2,7.192216581E-4,1.596234972E-3,9.998395443E-1,1.779570086E2,1.843554840E-1,-7.914261051E-2,1.779568782E2
1.166070213E2,1.783137457E-2,7.176151266E-4,1.591213746E-3,9.998394847E-1,1.779565667E2,1.837772062E-1,-7.896809470E-2,1.779564369E2
1.166120213E2,1.784134249E-2,7.108938880E-4,1.594851143E-3,9.998393059E-1,1.779554243E2,1.841809989E-1,-7.818875173E-2,1.779552955E2
1.166170213E2,1.783433884E-2,7.141215610E-4,1.597006689E-3,9.998394251E-1,1.779562270E2,1.844340174E-1,-7.855544123E-2,1.779560974E2
1.166220213E2,1.783464385E-2,7.155403728E-4,1.592960325E-3,9.998394251E-1,1.779561920E2,1.839733352E-1,-7.872621286E-2,1.779560625E2
1.166270213E2,1.783799978E-2,7.116592024E-4,1.594533445E-3,9.998393655E-1,1.779558074E2,1.841459025E-1,-7.827770145E-2,1.779556785E2
1.166320213E2,1.784110441E-2,7.112445310E-4,1.597356168E-3,9.998393059E-1,1.779554516E2,1.844687069E-1,-7.822384817E-2,1.779553225E2
1.166370213E2,1.783096612E-2,7.172077894E-4,1.595967333E-3,9.998394847E-1,1.779566135E2,1.843209769E-1,-7.891178631E-2,1.779564834E2
1.166420213E2,1.783473865E-2,7.146683638E-4,1.592290238E-3,9.998394251E-1,1.779561811E2,1.838947860E-1,-7.862765611E-2,1.779560518E2
1.166470213E2,1.784169768E-2,7.102570380E-4,1.591157052E-3,9.998393059E-1,1.779553836E2,1.837564793E-1,-7.812327345E-2,1.779552552E2
1.166520213E2,1.784525654E-2,7.079534698E-4,1.589727355E-3,9.998392463E-1,1.779549757E2,1.835882405E-1,-7.786161603E-2,1.779548478E2
1.166570213E2,1.783490878E-2,7.150244783E-4,1.590223401E-3,9.998394251E-1,1.779561616E2,1.836587224E-1,-7.867265032E-2,1.779560324E2
1.166620213E2,1.784560632E-2,7.083140081E-4,1.585635007E-3,9.998392463E-1,1.779549356E2,1.831201305E-1,-7.791122902E-2,1.779548080E2
1.166670213E2,1.784926527E-2,7.046386600E-4,1.583671663E-3,9.998391867E-1,1.779545162E2,1.828879494E-1,-7.749347860E-2,1.779543895E2
1.166720213E2,1.784888453E-2,7.038711337E-4,1.588297426E-3,9.998391867E-1,1.779545599E2,1.834163397E-1,-7.739614851E-2,1.779544329E2
1.166770213E2,1.785254475E-2,7.028182736E-4,1.585145015E-3,9.998391271E-1,1.779541404E2,1.830532860E-1,-7.728129698E-2,1.779540139E2
1.166820213E2,1.785630922E-2,7.004666841E-4,1.581375953E-3,9.998390675E-1,1.779537089E2,1.826169296E-1,-7.701889140E-2,1.779535831E2
1.166870213E2,1.785626971E-2,7.000652258E-4,1.581999706E-3,9.998390675E-1,1.779537135E2,1.826875706E-1,-7.697162589E-2,1.779535877E2
1.166920213E2,1.784923731E-2,7.047816180E-4,1.583923120E-3,9.998391867E-1,1.779545194E2,1.829170500E-1,-7.750934852E-2,1.779543926E2
1.166970213E2,1.785258308E-2,7.031833520E-4,1.584551297E-3,9.998391271E-1,1.779541360E2,1.829860116E-1,-7.732433284E-2,1.779540094E2
1.167020213E2,1.785601345E-2,6.986844237E-4,1.585498685E-3,9.998390675E-1,1.779537428E2,1.830856153E-1,-7.680630996E-2,1.779536170E2
1.167070213E2,1.785221385E-2,7.025749073E-4,1.588974963E-3,9.998391271E-1,1.779541783E2,1.834915731E-1,-7.724563885E-2,1.779540515E2
1.167120213E2,1.784497926E-2,7.077724440E-4,1.592917251E-3,9.998392463E-1,1.779550075E2,1.839533264E-1,-7.783440285E-2,1.779548794E2
1.167170213E2,1.784508983E-2,7.085654070E-4,1.591325272E-3,9.998392463E-1,1.779549948E2,1.837725581E-1,-7.792849044E-2,1.779548667E2
1.167220213E2,1.785199157E-2,7.019200129E-4,1.591759268E-3,9.998391271E-1,1.779542038E2,1.838092236E-1,-7.716495014E-2,1.779540769E2
1.167270213E2,1.786549444E-2,6.925819907E-4,1.594111440E-3,9.998388886E-1,1.779526562E2,1.840606415E-1,-7.608776547E-2,1.779525309E2
1.167320213E2,1.786177943E-2,6.964548375E-4,1.596668037E-3,9.998389482E-1,1.779530820E2,1.843612055E-1,-7.652694042E-2,1.779529558E2
1.167370213E2,1.785830875E-2,6.987681845E-4,1.597155002E-3,9.998390079E-1,1.779534798E2,1.844214681E-1,-7.679163127E-2,1.779533531E2
1.167420213E2,1.786536087E-2,6.939158193E-4,1.595028094E-3,9.998388886E-1,1.779526715E2,1.841683868E-1,-7.623873428E-2,1.779525459E2
1.167470213E2,1.787192466E-2,6.889405777E-4,1.598375035E-3,9.998387694E-1,1.779519193E2,1.845421669E-1,-7.566064138E-2,1.779517943E2
1.167520213E2,1.786852477E-2,6.896188133E-4,1.598809380E-3,9.998388290E-1,1.779523089E2,1.845930631E-1,-7.573808707E-2,1.779521838E2
1.167570213E2,1.787912005E-2,6.833471125E-4,1.594871748E-3,9.998386502E-1,1.779510946E2,1.841298658E-1,-7.502563055E-2,1.779509710E2
1.167620213E2,1.787883896E-2,6.822870928E-4,1.598472707E-3,9.998386502E-1,1.779511268E2,1.845402469E-1,-7.489685459E-2,1.779510031E2
1.167670213E2,1.787525619E-2,6.866576732E-4,1.599387499E-3,9.998387098E-1,1.779515374E2,1.846537434E-1,-7.539639297E-2,1.779514128E2
1.167720213E2,1.787576841E-2,6.852903753E-4,1.594240894E-3,9.998387098E-1,1.779514787E2,1.840613164E-1,-7.525018580E-2,1.779513548E2
1.167770213E2,1.787931040E-2,6.821139832E-4,1.593264984E-3,9.998386502E-1,1.779510728E2,1.839432606E-1,-7.488760420E-2,1.779509495E2
1.167820213E2,1.787880102E-2,6.839684211E-4,1.598178409E-3,9.998386502E-1,1.779511312E2,1.845099705E-1,-7.509009959E-2,1.779510072E2
1.167870213E2,1.787174179E-2,6.881020381E-4,1.600779127E-3,9.998387694E-1,1.779519402E2,1.848158807E-1,-7.555967726E-2,1.779518152E2
1.167920213E2,1.787575109E-2,6.847975892E-4,1.594646717E-3,9.998387098E-1,1.779514807E2,1.841068021E-1,-7.519289760E-2,1.779513568E2
1.167970213E2,1.788632764E-2,6.776307710E-4,1.591223874E-3,9.998385310E-1,1.779502685E2,1.837007387E-1,-7.437684146E-2,1.779501462E2
1.168020213E2,1.788932991E-2,6.753261550E-4,1.595898881E-3,9.998384714E-1,1.779499244E2,1.842318683E-1,-7.410265868E-2,1.779498022E2
1.168070213E2,1.788567987E-2,6.780995172E-4,1.598289702E-3,9.998385310E-1,1.779503428E2,1.845112076E-1,-7.441618355E-2,1.779502199E2
1.168120213E2,1.787895031E-2,6.826100289E-4,1.597088762E-3,9.998386502E-1,1.779511140E2,1.843823535E-1,-7.493666940E-2,1.779509904E2
1.168170213E2,1.787858742E-2,6.832114304E-4,1.600889489E-3,9.998386502E-1,1.779511556E2,1.848190212E-1,-7.499785360E-2,1.779510316E2
1.168220213E2,1.788468217E-2,6.797841634E-4,1.608704566E-3,9.998385310E-1,1.779504571E2,1.857078534E-1,-7.458803690E-2,1.779503331E2
1.168270213E2,1.788802392E-2,6.775669171E-4,1.609529951E-3,9.998384714E-1,1.779500741E2,1.857981241E-1,-7.433168747E-2,1.779499505E2
1.168320213E2,1.788856308E-2,6.750489702E-4,1.604588120E-3,9.998384714E-1,1.779500123E2,1.852267993E-1,-7.405322908E-2,1.779498895E2
1.168370213E2,1.788506104E-2,6.781316479E-4,1.605186029E-3,9.998385310E-1,1.779504137E2,1.853013634E-1,-7.440584432E-2,1.779502903E2
1.168420213E2,1.788850356E-2,6.766730803E-4,1.604567631E-3,9.998384714E-1,1.779500191E2,1.852277772E-1,-7.423936143E-2,1.779498960E2
1.168470213E2,1.788224894E-2,6.798260729E-4,1.598659554E-3,9.998385906E-1,1.779507360E2,1.845568660E-1,-7.461387561E-2,1.779506127E2
1.168520213E2,1.788528740E-2,6.777977687E-4,1.602803124E-3,9.998385310E-1,1.779503877E2,1.850276782E-1,-7.437243287E-2,1.779502646E2
1.168570213E2,1.789206447E-2,6.732950569E-4,1.603426295E-3,9.998384118E-1,1.779496110E2,1.850903477E-1,-7.385401138E-2,1.779494886E2
1.168620213E2,1.788845059E-2,6.771908375E-4,1.604939695E-3,9.998384714E-1,1.779500252E2,1.852714633E-1,-7.429792955E-2,1.779499020E2
1.168670213E2,1.787831188E-2,6.842472940E-4,1.603522105E-3,9.998386502E-1,1.779511872E2,1.851227510E-1,-7.511119286E-2,1.779510628E2
1.168720213E2,1.788893407E-2,6.763786660E-4,1.599885290E-3,9.998384714E-1,1.779499698E2,1.846907336E-1,-7.421514873E-2,1.779498471E2
1.168770213E2,1.789864373E-2,6.683091633E-4,1.606414909E-3,9.998382926E-1,1.779488570E2,1.854230213E-1,-7.327541416E-2,1.779487353E2
1.168820213E2,1.788858389E-2,6.765634753E-4,1.603718032E-3,9.998384714E-1,1.779500099E2,1.851302169E-1,-7.422853044E-2,1.779498869E2
1.168870213E2,1.788568758E-2,6.789943436E-4,1.597823459E-3,9.998385310E-1,1.779503419E2,1.844596234E-1,-7.451966080E-2,1.779502188E2
1.168920213E2,1.789540897E-2,6.717431243E-4,1.603920944E-3,9.998383522E-1,1.779492277E2,1.851440853E-1,-7.367456813E-2,1.779491056E2
1.168970213E2,1.789513413E-2,6.715048803E-4,1.607083948E-3,9.998383522E-1,1.779492592E2,1.855059726E-1,-7.364083612E-2,1.779491369E2
1.169020213E2,1.788480114E-2,6.788614555E-4,1.607771264E-3,9.998385310E-1,1.779504435E2,1.855990393E-1,-7.448421018E-2,1.779503197E2
1.169070213E2,1.788153945E-2,6.808391190E-4,1.606146921E-3,9.998385906E-1,1.779508173E2,1.854167429E-1,-7.471473130E-2,1.779506933E2
1.169120213E2,1.788787825E-2,6.776924711E-4,1.611095271E-3,9.998384714E-1,1.779500908E2,1.859777148E-1,-7.434289085E-2,1.779499670E2
1.169170213E2,1.788430292E-2,6.787392776E-4,1.613355242E-3,9.998385310E-1,1.779505006E2,1.862385273E-1,-7.445885991E-2,1.779503764E2
1.169220213E2,1.788470519E-2,6.799569237E-4,1.608375576E-3,9.998385310E-1,1.779504545E2,1.856705158E-1,-7.460850060E-2,1.779503305E2
1.169270213E2,1.788095379E-2,6.810440682E-4,1.612567459E-3,9.998385906E-1,1.779508844E2,1.861527423E-1,-7.472516503E-2,1.779507599E2
1.169320213E2,1.787374894E-2,6.866912590E-4,1.616130234E-3,9.998387098E-1,1.779517102E2,1.865719719E-1,-7.536622507E-2,1.779515843E2
1.169370213E2,1.786360639E-2,6.934436387E-4,1.614761772E-3,9.998388886E-1,1.779528726E2,1.864282427E-1,-7.614456049E-2,1.779527456E2
1.169420213E2,1.787093505E-2,6.886338233E-4,1.609533094E-3,9.998387694E-1,1.779520327E2,1.858198814E-1,-7.560282666E-2,1.779519069E2
1.169470213E2,1.788095888E-2,6.821068237E-4,1.612061751E-3,9.998385906E-1,1.779508838E2,1.860969800E-1,-7.484796354E-2,1.779507591E2
1.169520213E2,1.787731627E-2,6.840088172E-4,1.614685054E-3,9.998386502E-1,1.779513013E2,1.864011653E-1,-7.506118444E-2,1.779511761E2
1.169570213E2,1.787012530E-2,6.899392465E-4,1.617942704E-3,9.998387694E-1,1.779521255E2,1.867860121E-1,-7.573532158E-2,1.779519989E2
1.169620213E2,1.786700855E-2,6.910774391E-4,1.615041867E-3,9.998388290E-1,1.779524827E2,1.864557478E-1,-7.587224971E-2,1.779523561E2
1.169670213E2,1.787728113E-2,6.847549812E-4,1.614757930E-3,9.998386502E-1,1.779513053E2,1.864110412E-1,-7.514653203E-2,1.779511800E2
1.169720213E2,1.787389353E-2,6.865835749E-4,1.614576089E-3,9.998387098E-1,1.779516936E2,1.863936985E-1,-7.535704377E-2,1.779515679E2
1.169770213E2,1.786369002E-2,6.946485955E-4,1.613317989E-3,9.998388886E-1,1.779528630E2,1.862652968E-1,-7.628555623E-2,1.779527359E2
1.169820213E2,1.786014718E-2,6.965910434E-4,1.614765148E-3,9.998389482E-1,1.779532691E2,1.864348088E-1,-7.650580664E-2,1.779531414E2
1.169870213E2,1.786711880E-2,6.920826854E-4,1.613390865E-3,9.998388290E-1,1.779524701E2,1.862686536E-1,-7.599078388E-2,1.779523434E2
1.169920213E2,1.786351591E-2,6.950448151E-4,1.615074230E-3,9.998388886E-1,1.779528830E2,1.864673135E-1,-7.632738952E-2,1.779527556E2
1.169970213E2,1.786051700E-2,6.969027454E-4,1.610534615E-3,9.998389482E-1,1.779532267E2,1.859507682E-1,-7.655010940E-2,1.779530993E2
1.170020213E2,1.786462999E-2,6.922438624E-4,1.603916055E-3,9.998388886E-1,1.779527553E2,1.851832324E-1,-7.602911155E-2,1.779526293E2
1.170070213E2,1.787166305E-2,6.879061693E-4,1.601742115E-3,9.998387694E-1,1.779519492E2,1.849258064E-1,-7.553527825E-2,1.779518242E2
1.170120213E2,1.785740815E-2,6.981900078E-4,1.607444370E-3,9.998390079E-1,1.779535830E2,1.855991046E-1,-7.670449730E-2,1.779534556E2
1.170170213E2,1.785746862E-2,6.987617817E-4,1.606523874E-3,9.998390079E-1,1.779535761E2,1.854948151E-1,-7.677187975E-2,1.779534486E2
1.170220213E2,1.786099585E-2,6.954437122E-4,1.605848083E-3,9.998389482E-1,1.779531718E2,1.854108657E-1,-7.639244693E-2,1.779530451E2
1.170270213E2,1.785714136E-2,6.987295346E-4,1.610171399E-3,9.998390079E-1,1.779536136E2,1.859126337E-1,-7.676078150E-2,1.779534859E2
1.170320213E2,1.785348101E-2,7.021405618E-4,1.612264547E-3,9.998390675E-1,1.779540331E2,1.861591517E-1,-7.714799173E-2,1.779539046E2
1.170370213E2,1.785786710E-2,6.972991396E-4,1.602725592E-3,9.998390079E-1,1.779535304E2,1.850566694E-1,-7.661199945E-2,1.779534035E2
1.170420213E2,1.785439753E-2,7.017414318E-4,1.602257835E-3,9.998390675E-1,1.779539280E2,1.850119015E-1,-7.712256618E-2,1.779538004E2
1.170470213E2,1.784402983E-2,7.069067797E-4,1.603899756E-3,9.998392463E-1,1.779551163E2,1.852097865E-1,-7.771293741E-2,1.779549875E2
1.170520213E2,1.784778425E-2,7.056700415E-4,1.599821728E-3,9.998391867E-1,1.779546860E2,1.847403143E-1,-7.757888586E-2,1.779545578E2
1.170570213E2,1.785436052E-2,7.015898591E-4,1.602736651E-3,9.998390675E-1,1.779539323E2,1.850664481E-1,-7.710422716E-2,1.779538046E2
1.170620213E2,1.785455185E-2,6.994342548E-4,1.601546886E-3,9.998390675E-1,1.779539103E2,1.849257362E-1,-7.685965173E-2,1.779537832E2
1.170670213E2,1.785750318E-2,6.980433827E-4,1.606452046E-3,9.998390079E-1,1.779535721E2,1.854851177E-1,-7.668971110E-2,1.779534448E2
1.170720213E2,1.785380211E-2,7.007723907E-4,1.609301311E-3,9.998390675E-1,1.779539963E2,1.858168685E-1,-7.699723911E-2,1.779538683E2
1.170770213E2,1.785371739E-2,7.005838561E-4,1.610322972E-3,9.998390675E-1,1.779540060E2,1.859335314E-1,-7.697356351E-2,1.779538779E2
1.170820213E2,1.785368723E-2,7.016754826E-4,1.610182109E-3,9.998390675E-1,1.779540094E2,1.859196238E-1,-7.709892843E-2,1.779538812E2
1.170870213E2,1.785694302E-2,6.997085875E-4,1.611944987E-3,9.998390079E-1,1.779536363E2,1.861178283E-1,-7.686936211E-2,1.779535083E2
1.170920213E2,1.785336540E-2,7.004041690E-4,1.614298788E-3,9.998390675E-1,1.779540463E2,1.863886599E-1,-7.694490723E-2,1.779539180E2
1.170970213E2,1.786014145E-2,6.959559396E-4,1.615102286E-3,9.998389482E-1,1.779532697E2,1.864721355E-1,-7.643235183E-2,1.779531422E2
1.171020213E2,1.786676566E-2,6.917949067E-4,1.617419999E-3,9.998388290E-1,1.779525105E2,1.867296695E-1,-7.594962827E-2,1.779523836E2
1.171070213E2,1.786331777E-2,6.932522519E-4,1.618033508E-3,9.998388886E-1,1.779529057E2,1.868026831E-1,-7.611598889E-2,1.779527784E2
1.171120213E2,1.786374408E-2,6.946938811E-4,1.612699823E-3,9.998388886E-1,1.779528568E2,1.861945683E-1,-7.629200016E-2,1.779527297E2
1.171170213E2,1.785668394E-2,6.989615504E-4,1.615135930E-3,9.998390079E-1,1.779536660E2,1.864818772E-1,-7.677729013E-2,1.779535379E2
1.171220213E2,1.785275710E-2,7.006826345E-4,1.620891853E-3,9.998390675E-1,1.779541160E2,1.871445736E-1,-7.696343650E-2,1.779539872E2
1.171270213E2,1.785666967E-2,6.992595736E-4,1.615164685E-3,9.998390079E-1,1.779536676E2,1.864857805E-1,-7.681137941E-2,1.779535395E2
1.171320213E2,1.785008048E-2,7.023652433E-4,1.612855354E-3,9.998391271E-1,1.779544228E2,1.862270399E-1,-7.717315879E-2,1.779542942E2
1.171370213E2,1.786015514E-2,6.960126339E-4,1.614926499E-3,9.998389482E-1,1.779532682E2,1.864521120E-1,-7.643920471E-2,1.779531406E2
1.171420213E2,1.785644905E-2,6.989274407E-4,1.617745496E-3,9.998390079E-1,1.779536929E2,1.867807765E-1,-7.676808585E-2,1.779535646E2
1.171470213E2,1.784982984E-2,7.027987158E-4,1.615438377E-3,9.998391271E-1,1.779544515E2,1.865238534E-1,-7.721758603E-2,1.779543227E2
1.171520213E2,1.785671303E-2,6.994905998E-4,1.614585170E-3,9.998390079E-1,1.779536627E2,1.864198596E-1,-7.683902662E-2,1.779535345E2
1.171570213E2,1.785299565E-2,7.006501546E-4,1.618276350E-3,9.998390675E-1,1.779540887E2,1.868448581E-1,-7.696502168E-2,1.779539600E2
1.171620213E2,1.784278316E-2,7.080924697E-4,1.617190894E-3,9.998392463E-1,1.779552592E2,1.867349270E-1,-7.782183938E-2,1.779551292E2
1.171670213E2,1.784314648E-2,7.080188952E-4,1.613209606E-3,9.998392463E-1,1.779552175E2,1.862786546E-1,-7.782148283E-2,1.779550878E2
1.171720213E2,1.784666129E-2,7.058616611E-4,1.612216583E-3,9.998391867E-1,1.779548147E2,1.861607415E-1,-7.757569776E-2,1.779546855E2
1.171770213E2,1.784271966E-2,7.097648340E-4,1.617158414E-3,9.998392463E-1,1.779552664E2,1.867346208E-1,-7.801352576E-2,1.779551361E2
1.171820213E2,1.783949740E-2,7.121494273E-4,1.614805777E-3,9.998393059E-1,1.779556357E2,1.864696950E-1,-7.829214773E-2,1.779555051E2
1.171870213E2,1.784370622E-2,7.081518415E-4,1.606947859E-3,9.998392463E-1,1.779551534E2,1.855615395E-1,-7.784941509E-2,1.779550241E2
1.171920213E2,1.784391622E-2,7.087276899E-4,1.604360063E-3,9.998392463E-1,1.779551293E2,1.852662406E-1,-7.792064467E-2,1.779550002E2
1.171970213E2,1.784046893E-2,7.107274141E-4,1.604667283E-3,9.998393059E-1,1.779555244E2,1.853052602E-1,-7.814977011E-2,1.779553949E2
1.172020213E2,1.783724881E-2,7.126481505E-4,1.602472854E-3,9.998393655E-1,1.779558934E2,1.850575117E-1,-7.837491753E-2,1.779557637E2
1.172070213E2,1.783406058E-2,7.156028296E-4,1.599449199E-3,9.998394251E-1,1.779562588E2,1.847168703E-1,-7.872021433E-2,1.779561288E2
1.172120213E2,1.783730436E-2,7.126800483E-4,1.601840253E-3,9.998393655E-1,1.779558871E2,1.849851020E-1,-7.837985500E-2,1.779557574E2
1.172170213E2,1.783731664E-2,7.126921555E-4,1.601698110E-3,9.998393655E-1,1.779558857E2,1.849688418E-1,-7.838153045E-2,1.779557560E2
1.172220213E2,1.782761769E-2,7.196093793E-4,1.594951842E-3,9.998395443E-1,1.779569973E2,1.842092713E-1,-7.918963616E-2,1.779568668E2
1.172270213E2,1.783111049E-2,7.184423739E-4,1.593797584E-3,9.998394847E-1,1.779565970E2,1.840749155E-1,-7.905764373E-2,1.779564668E2
1.172320213E2,1.783411435E-2,7.141616079E-4,1.599493786E-3,9.998394251E-1,1.779562527E2,1.847190371E-1,-7.855498788E-2,1.779561229E2
1.172370213E2,1.783074268E-2,7.175590727E-4,1.598304138E-3,9.998394847E-1,1.779566391E2,1.845894132E-1,-7.894730016E-2,1.779565088E2
1.172420213E2,1.782758733E-2,7.190542528E-4,1.595541369E-3,9.998395443E-1,1.779570007E2,1.842756789E-1,-7.912483471E-2,1.779568704E2
1.172470213E2,1.783810581E-2,7.121215458E-4,1.593140303E-3,9.998393655E-1,1.779557952E2,1.839872388E-1,-7.833350199E-2,1.779556663E2
1.172520213E2,1.783808885E-2,7.121184026E-4,1.593331574E-3,9.998393655E-1,1.779557972E2,1.840091456E-1,-7.833275398E-2,1.779556683E2
1.172570213E2,1.782809478E-2,7.197781815E-4,1.589533640E-3,9.998395443E-1,1.779569426E2,1.835888713E-1,-7.921995831E-2,1.779568126E2
1.172620213E2,1.783516935E-2,7.151203463E-4,1.587255159E-3,9.998394251E-1,1.779561318E2,1.833188569E-1,-7.868965313E-2,1.779560028E2
1.172670213E2,1.783801828E-2,7.135621272E-4,1.593475696E-3,9.998393655E-1,1.779558053E2,1.840286043E-1,-7.849788450E-2,1.779556761E2
1.172720213E2,1.782435528E-2,7.222654531E-4,1.592847402E-3,9.998396039E-1,1.779573712E2,1.839733258E-1,-7.949885081E-2,1.779572404E2
1.172770213E2,1.782122400E-2,7.245693123E-4,1.589419902E-3,9.998396635E-1,1.779577300E2,1.835850817E-1,-7.977038755E-2,1.779575991E2
1.172820213E2,1.782473391E-2,7.211785996E-4,1.589098363E-3,9.998396039E-1,1.779573278E2,1.835415947E-1,-7.938191499E-2,1.779571975E2
1.172870213E2,1.781388408E-2,7.286306936E-4,1.594845438E-3,9.998397827E-1,1.779585713E2,1.842144115E-1,-8.022598494E-2,1.779584392E2
1.172920213E2,1.781369239E-2,7.298839628E-4,1.596412738E-3,9.998397827E-1,1.779585932E2,1.843965260E-1,-8.036641184E-2,1.779584608E2
1.172970213E2,1.781754998E-2,7.274702657E-4,1.591788488E-3,9.998397231E-1,1.779581511E2,1.838620901E-1,-8.009859744E-2,1.779580195E2
1.173020213E2,1.781718896E-2,7.273330120E-4,1.595887006E-3,9.998397231E-1,1.779581925E2,1.843313628E-1,-8.007456973E-2,1.779580606E2
1.173070213E2,1.781352550E-2,7.288391353E-4,1.598750590E-3,9.998397827E-1,1.779586124E2,1.846622356E-1,-8.024196080E-2,1.779584799E2
1.173120213E2,1.780997658E-2,7.315257681E-4,1.599785872E-3,9.998398423E-1,1.779590191E2,1.847860509E-1,-8.054831951E-2,1.779588861E2
1.173170213E2,1.781346712E-2,7.290098001E-4,1.599323121E-3,9.998397827E-1,1.779586191E2,1.847281762E-1,-8.026035644E-2,1.779584865E2
1.173220213E2,1.782007400E-2,7.256926037E-4,1.601753407E-3,9.998396635E-1,1.779578618E2,1.850003781E-1,-7.987411080E-2,1.779577297E2
1.173270213E2,1.782044355E-2,7.246843888E-4,1.598094241E-3,9.998396635E-1,1.779578195E2,1.845791045E-1,-7.976600075E-2,1.779576879E2
1.173320213E2,1.782374666E-2,7.221610285E-4,1.599690528E-3,9.998396039E-1,1.779574409E2,1.847571055E-1,-7.947302088E-2,1.779573096E2
1.173370213E2,1.782776968E-2,7.206064183E-4,1.592801302E-3,9.998395443E-1,1.779569798E2,1.839649255E-1,-7.930823578E-2,1.779568494E2
1.173420213E2,1.782757579E-2,7.193951169E-4,1.595516689E-3,9.998395443E-1,1.779570021E2,1.842735468E-1,-7.916394115E-2,1.779568716E2
1.173470213E2,1.782009490E-2,7.239815313E-4,1.602295088E-3,9.998396635E-1,1.779578595E2,1.850589473E-1,-7.967695762E-2,1.779577276E2
1.173520213E2,1.782025388E-2,7.255125674E-4,1.599832554E-3,9.998396635E-1,1.779578412E2,1.847799457E-1,-7.985737291E-2,1.779577093E2
1.173570213E2,1.781692744E-2,7.270726492E-4,1.598922419E-3,9.998397231E-1,1.779582225E2,1.846785884E-1,-8.003858961E-2,1.779580903E2
1.173620213E2,1.780672537E-2,7.337945281E-4,1.597685041E-3,9.998399019E-1,1.779593917E2,1.845497194E-1,-8.081314666E-2,1.779592584E2
1.173670213E2,1.780312910E-2,7.368130027E-4,1.599071897E-3,9.998399615E-1,1.779598039E2,1.847144850E-1,-8.115681748E-2,1.779596699E2
1.173720213E2,1.781035268E-2,7.316471310E-4,1.595537644E-3,9.998398423E-1,1.779589760E2,1.842995941E-1,-8.057082581E-2,1.779588433E2
1.173770213E2,1.781728993E-2,7.275626413E-4,1.594654517E-3,9.998397231E-1,1.779581809E2,1.841906291E-1,-8.010337704E-2,1.779580490E2
1.173820213E2,1.780670793E-2,7.353731198E-4,1.597153489E-3,9.998399019E-1,1.779593937E2,1.844920379E-1,-8.099509899E-2,1.779592602E2
1.173870213E2,1.780354483E-2,7.363949553E-4,1.594629721E-3,9.998399615E-1,1.779597562E2,1.842047095E-1,-8.111790686E-2,1.779596227E2
1.173920213E2,1.779713244E-2,7.418593741E-4,1.588921412E-3,9.998400807E-1,1.779604912E2,1.835613139E-1,-8.175680697E-2,1.779603571E2
1.173970213E2,1.780012605E-2,7.403419586E-4,1.593595371E-3,9.998400211E-1,1.779601481E2,1.840939754E-1,-8.157286778E-2,1.779600139E2
1.174020213E2,1.779630420E-2,7.420222973E-4,1.598095521E-3,9.998400807E-1,1.779605861E2,1.846126896E-1,-8.175691560E-2,1.779604512E2
1.174070213E2,1.779253591E-2,7.452899008E-4,1.601239666E-3,9.998401403E-1,1.779610180E2,1.849792812E-1,-8.212558053E-2,1.779608822E2
1.174120213E2,1.779255120E-2,7.441026974E-4,1.601621858E-3,9.998401403E-1,1.779610162E2,1.850206505E-1,-8.198877659E-2,1.779608807E2
1.174170213E2,1.779169035E-2,7.447198732E-4,1.610871288E-3,9.998401403E-1,1.779611149E2,1.860815795E-1,-8.204078895E-2,1.779609785E2
1.174220213E2,1.778790856E-2,7.465438684E-4,1.614791225E-3,9.998401999E-1,1.779615483E2,1.865341093E-1,-8.224248321E-2,1.779614112E2
1.174270213E2,1.778818430E-2,7.484659436E-4,1.610859181E-3,9.998401999E-1,1.779615167E2,1.860875420E-1,-8.247066580E-2,1.779613796E2
1.174320213E2,1.778159963E-2,7.513505407E-4,1.608221326E-3,9.998403192E-1,1.779622714E2,1.857906491E-1,-8.280776448E-2,1.779621339E2
1.174370213E2,1.777065527E-2,7.593038026E-4,1.614275970E-3,9.998404980E-1,1.779635257E2,1.864996447E-1,-8.370869959E-2,1.779633862E2
1.174420213E2,1.777698407E-2,7.561745006E-4,1.619887655E-3,9.998403788E-1,1.779628004E2,1.871367500E-1,-8.333755223E-2,1.779626610E2
1.174470213E2,1.778470254E-2,7.492156583E-4,1.611958607E-3,9.998402596E-1,1.779619158E2,1.862147484E-1,-8.255497034E-2,1.779617784E2
1.174520213E2,1.778489076E-2,7.497649640E-4,1.609624829E-3,9.998402596E-1,1.779618942E2,1.859484941E-1,-8.262262762E-2,1.779617569E2
1.174570213E2,1.779177412E-2,7.447382668E-4,1.609937288E-3,9.998401403E-1,1.779611053E2,1.859746120E-1,-8.204478513E-2,1.779609689E2
1.174620213E2,1.778840843E-2,7.474492886E-4,1.608854975E-3,9.998401999E-1,1.779614910E2,1.858558585E-1,-8.235822822E-2,1.779613542E2
1.174670213E2,1.778845953E-2,7.485979586E-4,1.607755548E-3,9.998401999E-1,1.779614852E2,1.857322394E-1,-8.249206687E-2,1.779613483E2
1.174720213E2,1.778805690E-2,7.474656450E-4,1.612729393E-3,9.998401999E-1,1.779615313E2,1.862997692E-1,-8.235226956E-2,1.779613942E2
1.174770213E2,1.779126613E-2,7.450994453E-4,1.615374815E-3,9.998401403E-1,1.779611635E2,1.865983042E-1,-8.207517463E-2,1.779610266E2
1.174820213E2,1.778111897E-2,7.517572376E-4,1.613337547E-3,9.998403192E-1,1.779623265E2,1.863776223E-1,-8.284402506E-2,1.779621885E2
1.174870213E2,1.777795562E-2,7.550673909E-4,1.609709812E-3,9.998403788E-1,1.779626890E2,1.859684622E-1,-8.323126093E-2,1.779625507E2
1.174920213E2,1.778446832E-2,7.494986057E-4,1.614409266E-3,9.998402596E-1,1.779619426E2,1.864960868E-1,-8.258243752E-2,1.779618050E2
1.174970213E2,1.777755168E-2,7.556297351E-4,1.613901579E-3,9.998403788E-1,1.779627353E2,1.864498405E-1,-8.328722583E-2,1.779625966E2
1.175020213E2,1.776388076E-2,7.640519179E-4,1.612762338E-3,9.998406172E-1,1.779643021E2,1.863353223E-1,-8.425705207E-2,1.779641619E2
1.175070213E2,1.775983322E-2,7.675957168E-4,1.618693233E-3,9.998406768E-1,1.779647660E2,1.870217196E-1,-8.465176035E-2,1.779646246E2
1.175120213E2,1.775947767E-2,7.674577064E-4,1.622654847E-3,9.998406768E-1,1.779648068E2,1.874753053E-1,-8.462795174E-2,1.779646650E2
1.175170213E2,1.775276559E-2,7.735349936E-4,1.619760529E-3,9.998407960E-1,1.779655760E2,1.871554901E-1,-8.533139397E-2,1.779654334E2
1.175220213E2,1.775291717E-2,7.737286505E-4,1.618005685E-3,9.998407960E-1,1.779655587E2,1.869548380E-1,-8.535712372E-2,1.779654161E2
1.175270213E2,1.775974390E-2,7.687901380E-4,1.619106391E-3,9.998406768E-1,1.779647763E2,1.870714803E-1,-8.478778502E-2,1.779646346E2
1.175320213E2,1.775636898E-2,7.696096436E-4,1.618925133E-3,9.998407364E-1,1.779651631E2,1.870520945E-1,-8.488267883E-2,1.779650212E2
1.175370213E2,1.775629539E-2,7.700340939E-4,1.619530260E-3,9.998407364E-1,1.779651715E2,1.871222837E-1,-8.493009194E-2,1.779650295E2
1.175420213E2,1.776042372E-2,7.668609614E-4,1.612550928E-3,9.998406768E-1,1.779646983E2,1.863165271E-1,-8.457996818E-2,1.779645576E2
1.175470213E2,1.775990402E-2,7.677156827E-4,1.617859351E-3,9.998406768E-1,1.779647579E2,1.869264287E-1,-8.466718919E-2,1.779646165E2
1.175520213E2,1.776009413E-2,7.665498997E-4,1.616324531E-3,9.998406768E-1,1.779647361E2,1.867482217E-1,-8.453670980E-2,1.779645951E2
1.175570213E2,1.775647650E-2,7.700804854E-4,1.617521280E-3,9.998407364E-1,1.779651507E2,1.868922172E-1,-8.493946132E-2,1.779650089E2
1.175620213E2,1.775671681E-2,7.688518381E-4,1.615466434E-3,9.998407364E-1,1.779651232E2,1.866543056E-1,-8.480282758E-2,1.779649818E2
1.175670213E2,1.776683689E-2,7.633980131E-4,1.617454225E-3,9.998405576E-1,1.779639633E2,1.868718067E-1,-8.417202806E-2,1.779638228E2
1.175720213E2,1.776363670E-2,7.659656694E-4,1.614541747E-3,9.998406172E-1,1.779643301E2,1.865430715E-1,-8.447274012E-2,1.779641893E2
1.175770213E2,1.775004862E-2,7.750236546E-4,1.612013788E-3,9.998408556E-1,1.779658874E2,1.862707136E-1,-8.551822151E-2,1.779657452E2
1.175820213E2,1.776048878E-2,7.684432203E-4,1.611080486E-3,9.998406768E-1,1.779646909E2,1.861512795E-1,-8.476423363E-2,1.779645500E2
1.175870213E2,1.776737089E-2,7.634328795E-4,1.611561165E-3,9.998405576E-1,1.779639021E2,1.861967329E-1,-8.418792207E-2,1.779637621E2
1.175920213E2,1.775383064E-2,7.716691471E-4,1.608940889E-3,9.998407960E-1,1.779654540E2,1.859121377E-1,-8.513943175E-2,1.779653126E2
1.175970213E2,1.775415278E-2,7.711788057E-4,1.605617930E-3,9.998407960E-1,1.779654171E2,1.855304435E-1,-8.508995275E-2,1.779652761E2
1.176020213E2,1.776073953E-2,7.667479222E-4,1.609122730E-3,9.998406768E-1,1.779646622E2,1.859235422E-1,-8.457393571E-2,1.779645217E2
1.176070213E2,1.776098790E-2,7.666221354E-4,1.606439007E-3,9.998406768E-1,1.779646337E2,1.856158231E-1,-8.456494017E-2,1.779644935E2
1.176120213E2,1.776411863E-2,7.645872538E-4,1.609886065E-3,9.998406172E-1,1.779642749E2,1.860068870E-1,-8.432419837E-2,1.779641348E2
1.176170213E2,1.777109697E-2,7.603440899E-4,1.608914929E-3,9.998404980E-1,1.779634751E2,1.858875662E-1,-8.383872448E-2,1.779633359E2
1.176220213E2,1.777078474E-2,7.604281418E-4,1.612320310E-3,9.998404980E-1,1.779635109E2,1.862778783E-1,-8.384147749E-2,1.779633713E2
1.176270213E2,1.776707398E-2,7.620857214E-4,1.615467481E-3,9.998405576E-1,1.779639362E2,1.866415258E-1,-8.402567531E-2,1.779637961E2
1.176320213E2,1.776711975E-2,7.625521393E-4,1.614743844E-3,9.998405576E-1,1.779639309E2,1.865595696E-1,-8.408057923E-2,1.779637908E2
1.176370213E2,1.776731552E-2,7.634118083E-4,1.612181542E-3,9.998405576E-1,1.779639085E2,1.862677643E-1,-8.418425502E-2,1.779637684E2
1.176420213E2,1.776387517E-2,7.639750256E-4,1.612860360E-3,9.998406172E-1,1.779643028E2,1.863463960E-1,-8.424804376E-2,1.779641625E2
1.176470213E2,1.776751861E-2,7.622546400E-4,1.610490028E-3,9.998405576E-1,1.779638852E2,1.860716218E-1,-8.405508073E-2,1.779637455E2
1.176520213E2,1.777148686E-2,7.594671333E-4,1.605017926E-3,9.998404980E-1,1.779634304E2,1.854393186E-1,-8.374611280E-2,1.779632917E2
1.176570213E2,1.777477220E-2,7.573661278E-4,1.606760081E-3,9.998404384E-1,1.779630539E2,1.856349187E-1,-8.350123553E-2,1.779629154E2
1.176620213E2,1.777113196E-2,7.586317952E-4,1.609336701E-3,9.998404980E-1,1.779634711E2,1.859324055E-1,-8.364167568E-2,1.779633321E2
1.176670213E2,1.776762225E-2,7.613477064E-4,1.609775471E-3,9.998405576E-1,1.779638733E2,1.859879141E-1,-8.395260598E-2,1.779637338E2
1.176720213E2,1.776724721E-2,7.622904377E-4,1.613464439E-3,9.998405576E-1,1.779639163E2,1.864124612E-1,-8.405317644E-2,1.779637763E2
1.176770213E2,1.777399191E-2,7.581902319E-4,1.614982146E-3,9.998404384E-1,1.779631433E2,1.865785647E-1,-8.357905330E-2,1.779630040E2
1.176820213E2,1.777397647E-2,7.584195118E-4,1.615044428E-3,9.998404384E-1,1.779631451E2,1.865861664E-1,-8.360519869E-2,1.779630057E2
1.176870213E2,1.777075429E-2,7.610621396E-4,1.612356748E-3,9.998404980E-1,1.779635144E2,1.862833419E-1,-8.391404820E-2,1.779633747E2
1.176920213E2,1.777414274E-2,7.573578623E-4,1.613712171E-3,9.998404384E-1,1.779631260E2,1.864313759E-1,-8.348624462E-2,1.779629870E2
1.176970213E2,1.777791541E-2,7.541864761E-4,1.610566629E-3,9.998403788E-1,1.779626936E2,1.860648325E-1,-8.312859345E-2,1.779625554E2
1.177020213E2,1.777059853E-2,7.601948455E-4,1.614481211E-3,9.998404980E-1,1.779635322E2,1.865249700E-1,-8.381038196E-2,1.779633926E2
1.177070213E2,1.776009423E-2,7.674170192E-4,1.615911839E-3,9.998406768E-1,1.779647361E2,1.867027031E-1,-8.463689853E-2,1.779645950E2
1.177120213E2,1.776737615E-2,7.626283332E-4,1.611884101E-3,9.998405576E-1,1.779639015E2,1.862320950E-1,-8.409508399E-2,1.779637616E2
1.177170213E2,1.776754686E-2,7.611524197E-4,1.610699575E-3,9.998405576E-1,1.779638820E2,1.860933882E-1,-8.392836373E-2,1.779637424E2
1.177220213E2,1.777061426E-2,7.593960036E-4,1.614684006E-3,9.998404980E-1,1.779635304E2,1.865465793E-1,-8.371844004E-2,1.779633909E2
1.177270213E2,1.777766998E-2,7.558127982E-4,1.612512162E-3,9.998403788E-1,1.779627218E2,1.862910327E-1,-8.331100859E-2,1.779625831E2
1.177320213E2,1.778102055E-2,7.538220962E-4,1.613458735E-3,9.998403192E-1,1.779623378E2,1.863957073E-1,-8.308037415E-2,1.779621994E2
1.177370213E2,1.777654697E-2,7.550877053E-4,1.625182689E-3,9.998403788E-1,1.779628505E2,1.877411709E-1,-8.320232933E-2,1.779627109E2
1.177420213E2,1.777630537E-2,7.550166338E-4,1.627856167E-3,9.998403788E-1,1.779628782E2,1.880473162E-1,-8.318878550E-2,1.779627384E2
1.177470213E2,1.777681951E-2,7.552390452E-4,1.622128417E-3,9.998403788E-1,1.779628192E2,1.873915627E-1,-8.322583989E-2,1.779626799E2
1.177520213E2,1.778362129E-2,7.510225987E-4,1.623008866E-3,9.998402596E-1,1.779620397E2,1.874844109E-1,-8.273967850E-2,1.779619011E2
1.177570213E2,1.778311432E-2,7.506405236E-4,1.628730446E-3,9.998402596E-1,1.779620978E2,1.881391326E-1,-8.268433774E-2,1.779619588E2
1.177620213E2,1.778981178E-2,7.471397985E-4,1.630379818E-3,9.998401403E-1,1.779613302E2,1.883215232E-1,-8.227862529E-2,1.779611917E2
1.177670213E2,1.778688657E-2,7.487777621E-4,1.624982222E-3,9.998401999E-1,1.779616654E2,1.877061993E-1,-8.247784544E-2,1.779615271E2
1.177720213E2,1.779377999E-2,7.423662464E-4,1.625803066E-3,9.998400807E-1,1.779608754E2,1.877877393E-1,-8.174028904E-2,1.779607382E2
1.177770213E2,1.779348561E-2,7.433587452E-4,1.628569094E-3,9.998400807E-1,1.779609091E2,1.881066532E-1,-8.184841791E-2,1.779607715E2
1.177820213E2,1.779718526E-2,7.408694946E-4,1.625868725E-3,9.998400211E-1,1.779604851E2,1.877924873E-1,-8.156802780E-2,1.779603482E2
1.177870213E2,1.780112089E-2,7.392219850E-4,1.620177762E-3,9.998399615E-1,1.779600341E2,1.871374126E-1,-8.139013758E-2,1.779598979E2
1.177920213E2,1.781147031E-2,7.306610350E-4,1.620666706E-3,9.998397827E-1,1.779588479E2,1.871767985E-1,-8.040634661E-2,1.779587133E2
1.177970213E2,1.781514740E-2,7.293283124E-4,1.617619884E-3,9.998397231E-1,1.779584265E2,1.868252876E-1,-8.025918428E-2,1.779582924E2
1.178020213E2,1.781520794E-2,7.280292921E-4,1.617538393E-3,9.998397231E-1,1.779584195E2,1.868133033E-1,-8.011050637E-2,1.779582857E2
1.178070213E2,1.782187266E-2,7.240801351E-4,1.619578339E-3,9.998396039E-1,1.779576557E2,1.870394945E-1,-7.965262711E-2,1.779575225E2
1.178120213E2,1.782503525E-2,7.204336580E-4,1.623192918E-3,9.998395443E-1,1.779572932E2,1.874464320E-1,-7.922686322E-2,1.779571604E2
1.178170213E2,1.781434322E-2,7.280395366E-4,1.627029502E-3,9.998397231E-1,1.779585186E2,1.879006855E-1,-8.009246548E-2,1.779583841E2
1.178220213E2,1.780773088E-2,7.330178050E-4,1.623920049E-3,9.998398423E-1,1.779592765E2,1.875540552E-1,-8.067043020E-2,1.779591412E2
1.178270213E2,1.781488213E-2,7.293616072E-4,1.620523748E-3,9.998397231E-1,1.779584569E2,1.871580404E-1,-8.025712009E-2,1.779583226E2
1.178320213E2,1.781798237E-2,7.263718289E-4,1.624552067E-3,9.998396635E-1,1.779581016E2,1.876137226E-1,-7.990576565E-2,1.779579675E2
1.178370213E2,1.780776248E-2,7.341939490E-4,1.623041928E-3,9.998398423E-1,1.779592729E2,1.874558488E-1,-8.080697095E-2,1.779591374E2
1.178420213E2,1.780776713E-2,7.337529096E-4,1.623190357E-3,9.998398423E-1,1.779592723E2,1.874719551E-1,-8.075613585E-2,1.779591370E2
1.178470213E2,1.781758496E-2,7.275026292E-4,1.628400176E-3,9.998396635E-1,1.779581471E2,1.880568918E-1,-8.002754228E-2,1.779580125E2
1.178520213E2,1.780737283E-2,7.342367317E-4,1.627292135E-3,9.998398423E-1,1.779593175E2,1.879428663E-1,-8.080327230E-2,1.779591817E2
1.178570213E2,1.779400288E-2,7.436684682E-4,1.622765674E-3,9.998400807E-1,1.779608499E2,1.874424082E-1,-8.189564081E-2,1.779607126E2
1.178620213E2,1.780104647E-2,7.388111553E-4,1.621182542E-3,9.998399615E-1,1.779600426E2,1.872516897E-1,-8.134103167E-2,1.779599064E2
1.178670213E2,1.780727041E-2,7.331457455E-4,1.628904021E-3,9.998398423E-1,1.779593293E2,1.881253110E-1,-8.067500433E-2,1.779591936E2
1.178720213E2,1.779995522E-2,7.397051668E-4,1.632715692E-3,9.998399615E-1,1.779601677E2,1.885748198E-1,-8.142013979E-2,1.779600304E2
1.178770213E2,1.779662149E-2,7.411194965E-4,1.631914638E-3,9.998400211E-1,1.779605497E2,1.884856535E-1,-8.158444669E-2,1.779604123E2
1.178820213E2,1.780684572E-2,7.344546611E-4,1.632952015E-3,9.998398423E-1,1.779593779E2,1.885917414E-1,-8.081679042E-2,1.779592417E2
1.178870213E2,1.780344440E-2,7.351581589E-4,1.633226988E-3,9.998399019E-1,1.779597678E2,1.886244067E-1,-8.089747300E-2,1.779596313E2
1.178920213E2,1.780347500E-2,7.370456588E-4,1.632042229E-3,9.998399019E-1,1.779597643E2,1.884925185E-1,-8.111614147E-2,1.779596276E2
1.178970213E2,1.780683418E-2,7.343717152E-4,1.633115229E-3,9.998398423E-1,1.779593793E2,1.886102713E-1,-8.080695615E-2,1.779592430E2
1.179020213E2,1.780376358E-2,7.363584591E-4,1.629201928E-3,9.998399019E-1,1.779597312E2,1.881657161E-1,-8.104314743E-2,1.779595948E2
1.179070213E2,1.779373149E-2,7.427555975E-4,1.626156038E-3,9.998400807E-1,1.779608810E2,1.878289706E-1,-8.178418762E-2,1.779607436E2
1.179120213E2,1.778740573E-2,7.472872967E-4,1.619977877E-3,9.998401999E-1,1.779616059E2,1.871298373E-1,-8.231718144E-2,1.779614683E2
1.179170213E2,1.780107967E-2,7.388052181E-4,1.620820607E-3,9.998399615E-1,1.779600388E2,1.872102121E-1,-8.134108355E-2,1.779599027E2
1.179220213E2,1.780385903E-2,7.361886674E-4,1.628235332E-3,9.998399019E-1,1.779597202E2,1.880546309E-1,-8.102564803E-2,1.779595840E2
1.179270213E2,1.779752277E-2,7.415548316E-4,1.621856820E-3,9.998400211E-1,1.779604464E2,1.873342542E-1,-8.165466834E-2,1.779603097E2
1.179320213E2,1.779091148E-2,7.457080646E-4,1.618995913E-3,9.998401403E-1,1.779612042E2,1.870143986E-1,-8.213758954E-2,1.779610669E2
1.179370213E2,1.778768279E-2,7.466889801E-4,1.617209287E-3,9.998401999E-1,1.779615742E2,1.868114329E-1,-8.225422214E-2,1.779614369E2
1.179420213E2,1.779103526E-2,7.462624926E-4,1.617379370E-3,9.998401403E-1,1.779611900E2,1.868303261E-1,-8.220438490E-2,1.779610527E2
1.179470213E2,1.778410501E-2,7.504697423E-4,1.617956441E-3,9.998402596E-1,1.779619842E2,1.869044491E-1,-8.268654231E-2,1.779618461E2
1.179520213E2,1.778394755E-2,7.509961142E-4,1.619442250E-3,9.998402596E-1,1.779620023E2,1.870757436E-1,-8.274385179E-2,1.779618640E2
1.179570213E2,1.779440486E-2,7.437343593E-4,1.618321519E-3,9.998400807E-1,1.779608038E2,1.869333924E-1,-8.191217745E-2,1.779606669E2
1.179620213E2,1.779814273E-2,7.399207680E-4,1.615788555E-3,9.998400211E-1,1.779603754E2,1.866357082E-1,-8.147970932E-2,1.779602395E2
1.179670213E2,1.779452689E-2,7.436042069E-4,1.617039088E-3,9.998400807E-1,1.779607898E2,1.867862042E-1,-8.189985785E-2,1.779606531E2
1.179720213E2,1.779133054E-2,7.450620760E-4,1.614682493E-3,9.998401403E-1,1.779611561E2,1.865189114E-1,-8.207229264E-2,1.779610193E2
1.179770213E2,1.780193169E-2,7.388125523E-4,1.611432410E-3,9.998399615E-1,1.779599411E2,1.861346565E-1,-8.136091709E-2,1.779598058E2
1.179820213E2,1.780589661E-2,7.361544995E-4,1.605815254E-3,9.998399019E-1,1.779594867E2,1.854859767E-1,-8.106709922E-2,1.779593523E2
1.179870213E2,1.780193469E-2,7.382899639E-4,1.611638698E-3,9.998399615E-1,1.779599408E2,1.861572256E-1,-8.130062102E-2,1.779598055E2
1.179920213E2,1.781246080E-2,7.297653356E-4,1.610150211E-3,9.998397827E-1,1.779587344E2,1.859701368E-1,-8.032500525E-2,1.779586008E2
1.179970213E2,1.781263480E-2,7.295192336E-4,1.608335762E-3,9.998397827E-1,1.779587145E2,1.857617603E-1,-8.030048004E-2,1.779585811E2
1.180020213E2,1.779824955E-2,7.399257738E-4,1.614609151E-3,9.998400211E-1,1.779603631E2,1.865005986E-1,-8.148266851E-2,1.779602273E2
1.180070213E2,1.780168686E-2,7.367213257E-4,1.615090296E-3,9.998399615E-1,1.779599692E2,1.865494671E-1,-8.111390167E-2,1.779598339E2
1.180120213E2,1.781243330E-2,7.304495666E-4,1.610144158E-3,9.998397827E-1,1.779587375E2,1.859708379E-1,-8.040341730E-2,1.779586039E2
1.180170213E2,1.780901525E-2,7.338867872E-4,1.609377679E-3,9.998398423E-1,1.779591293E2,1.858897607E-1,-8.079943092E-2,1.779589950E2
1.180220213E2,1.781249173E-2,7.315024850E-4,1.609019353E-3,9.998397827E-1,1.779587308E2,1.858441192E-1,-8.052633877E-2,1.779585971E2
1.180270213E2,1.780916705E-2,7.337869611E-4,1.607742626E-3,9.998398423E-1,1.779591119E2,1.857022353E-1,-8.079130230E-2,1.779589778E2
1.180320213E2,1.781240121E-2,7.296614931E-4,1.610856270E-3,9.998397827E-1,1.779587412E2,1.860508157E-1,-8.031167749E-2,1.779586076E2
1.180370213E2,1.781559188E-2,7.268433110E-4,1.613838831E-3,9.998397231E-1,1.779583755E2,1.863870402E-1,-7.998210615E-2,1.779582422E2
1.180420213E2,1.782253764E-2,7.239235565E-4,1.612314489E-3,9.998396039E-1,1.779575795E2,1.862069822E-1,-7.964939904E-2,1.779574469E2
1.180470213E2,1.782297007E-2,7.220380940E-4,1.608374994E-3,9.998396039E-1,1.779575299E2,1.857518031E-1,-7.944134137E-2,1.779573980E2
1.180520213E2,1.782286202E-2,7.221202832E-4,1.609535073E-3,9.998396039E-1,1.779575423E2,1.858848768E-1,-7.944840869E-2,1.779574103E2
1.180570213E2,1.782903822E-2,7.184355054E-4,1.616817317E-3,9.998394847E-1,1.779568345E2,1.867121906E-1,-7.901020458E-2,1.779567025E2
1.180620213E2,1.783215667E-2,7.172289770E-4,1.619818737E-3,9.998394251E-1,1.779564771E2,1.870538545E-1,-7.886525285E-2,1.779563451E2
1.180670213E2,1.782214945E-2,7.223220891E-4,1.617316040E-3,9.998396039E-1,1.779576240E2,1.867767258E-1,-7.945577085E-2,1.779574913E2
1.180720213E2,1.782554767E-2,7.209241739E-4,1.617337344E-3,9.998395443E-1,1.779572345E2,1.867765807E-1,-7.929492888E-2,1.779571021E2
1.180770213E2,1.782555436E-2,7.205557195E-4,1.617427799E-3,9.998395443E-1,1.779572337E2,1.867861922E-1,-7.925252783E-2,1.779571014E2
1.180820213E2,1.782215116E-2,7.238721009E-4,1.616604044E-3,9.998396039E-1,1.779576238E2,1.866983161E-1,-7.963481458E-2,1.779574908E2
1.180870213E2,1.781917396E-2,7.250971394E-4,1.612003311E-3,9.998396635E-1,1.779579650E2,1.861734583E-1,-7.978512211E-2,1.779578322E2
1.180920213E2,1.782587631E-2,7.211900665E-4,1.613592263E-3,9.998395443E-1,1.779571968E2,1.863480627E-1,-7.933298222E-2,1.779570646E2
1.180970213E2,1.782577012E-2,7.198015228E-4,1.615384477E-3,9.998395443E-1,1.779572090E2,1.865505577E-1,-7.917025091E-2,1.779570769E2
1.181020213E2,1.781951442E-2,7.246728055E-4,1.608426683E-3,9.998396635E-1,1.779579260E2,1.857628317E-1,-7.974374525E-2,1.779577935E2
1.181070213E2,1.782268111E-2,7.223821594E-4,1.611419721E-3,9.998396039E-1,1.779575630E2,1.861013282E-1,-7.947459701E-2,1.779574308E2
1.181120213E2,1.783243214E-2,7.158874650E-4,1.617377740E-3,9.998394251E-1,1.779564455E2,1.867714608E-1,-7.871648836E-2,1.779563140E2
1.181170213E2,1.782557850E-2,7.213868084E-4,1.616791124E-3,9.998395443E-1,1.779572310E2,1.867149458E-1,-7.934904446E-2,1.779570985E2
1.181220213E2,1.782233909E-2,7.240752457E-4,1.614439767E-3,9.998396039E-1,1.779576022E2,1.864507770E-1,-7.966247481E-2,1.779574694E2
1.181270213E2,1.782881519E-2,7.190767210E-4,1.618990209E-3,9.998394847E-1,1.779568600E2,1.869624393E-1,-7.907927278E-2,1.779567278E2
1.181320213E2,1.781488115E-2,7.282847073E-4,1.621018746E-3,9.998397231E-1,1.779584570E2,1.872125552E-1,-8.013272578E-2,1.779583229E2
1.181370213E2,1.780138371E-2,7.386542857E-4,1.617546892E-3,9.998399615E-1,1.779600039E2,1.868348474E-1,-8.133041227E-2,1.779598681E2
1.181420213E2,1.781223455E-2,7.314016693E-4,1.611909596E-3,9.998397827E-1,1.779587603E2,1.861750383E-1,-8.050893603E-2,1.779586263E2
1.181470213E2,1.781933042E-2,7.256916142E-4,1.610005042E-3,9.998396635E-1,1.779579471E2,1.859457361E-1,-7.985728451E-2,1.779578143E2
1.181520213E2,1.780922593E-2,7.323794416E-4,1.607732149E-3,9.998398423E-1,1.779591051E2,1.856981666E-1,-8.063004866E-2,1.779589713E2
1.181570213E2,1.780564541E-2,7.359566516E-4,1.608688850E-3,9.998399019E-1,1.779595155E2,1.858147908E-1,-8.103861413E-2,1.779593809E2
1.181620213E2,1.781580738E-2,7.286891341E-4,1.610624255E-3,9.998397231E-1,1.779583508E2,1.860225209E-1,-8.020011105E-2,1.779582175E2
1.181670213E2,1.780577256E-2,7.342474419E-4,1.608062419E-3,9.998399019E-1,1.779595009E2,1.857395405E-1,-8.084403901E-2,1.779593667E2
1.181720213E2,1.780241701E-2,7.377361762E-4,1.606556587E-3,9.998399615E-1,1.779598855E2,1.855738590E-1,-8.124745019E-2,1.779597507E2
1.181770213E2,1.781268651E-2,7.298707496E-4,1.607603393E-3,9.998397827E-1,1.779587085E2,1.856785720E-1,-8.034223977E-2,1.779585752E2
1.181820213E2,1.782634126E-2,7.211338961E-4,1.608472783E-3,9.998395443E-1,1.779571436E2,1.857614276E-1,-7.933691844E-2,1.779570118E2
1.181870213E2,1.781937598E-2,7.257147809E-4,1.609490253E-3,9.998396635E-1,1.779579418E2,1.858868058E-1,-7.986098155E-2,1.779578091E2
1.181920213E2,1.781927790E-2,7.265936001E-4,1.610179432E-3,9.998396635E-1,1.779579531E2,1.859675545E-1,-7.996028160E-2,1.779578201E2
1.181970213E2,1.782272648E-2,7.226372836E-4,1.610803301E-3,9.998396039E-1,1.779575578E2,1.860312276E-1,-7.950507798E-2,1.779574256E2
1.182020213E2,1.782599412E-2,7.200927939E-4,1.612780616E-3,9.998395443E-1,1.779571833E2,1.862528368E-1,-7.920890027E-2,1.779570514E2
1.182070213E2,1.781581345E-2,7.272670045E-4,1.611199812E-3,9.998397231E-1,1.779583501E2,1.860855612E-1,-8.003599682E-2,1.779582170E2
1.182120213E2,1.781588105E-2,7.288967026E-4,1.609715167E-3,9.998397231E-1,1.779583424E2,1.859187933E-1,-8.022573521E-2,1.779582090E2
1.182170213E2,1.782025737E-2,7.248671609E-4,1.600086223E-3,9.998396635E-1,1.779578408E2,1.848076916E-1,-7.978290791E-2,1.779577090E2
1.182220213E2,1.782671108E-2,7.191228797E-4,1.605271245E-3,9.998395443E-1,1.779571012E2,1.853905364E-1,-7.911298160E-2,1.779569700E2
1.182270213E2,1.782317229E-2,7.234089426E-4,1.605515601E-3,9.998396039E-1,1.779575068E2,1.854270086E-1,-7.960420673E-2,1.779573748E2
1.182320213E2,1.782354648E-2,7.228614995E-4,1.601603348E-3,9.998396039E-1,1.779574639E2,1.849776792E-1,-7.954940604E-2,1.779573323E2
1.182370213E2,1.782794540E-2,7.205032744E-4,1.590879983E-3,9.998395443E-1,1.779569597E2,1.837445964E-1,-7.930031129E-2,1.779568294E2
1.182420213E2,1.783113269E-2,7.177528460E-4,1.593859866E-3,9.998394847E-1,1.779565944E2,1.840806440E-1,-7.897851094E-2,1.779564644E2
1.182470213E2,1.782397020E-2,7.218682440E-4,1.597330207E-3,9.998396039E-1,1.779574153E2,1.844860948E-1,-7.944425552E-2,1.779572843E2
1.182520213E2,1.782750399E-2,7.190640899E-4,1.596467919E-3,9.998395443E-1,1.779570103E2,1.843818505E-1,-7.912408418E-2,1.779568799E2
1.182570213E2,1.783489026E-2,7.139669615E-4,1.590906177E-3,9.998394251E-1,1.779561638E2,1.837347873E-1,-7.855009514E-2,1.779560347E2
1.182620213E2,1.782751333E-2,7.196416263E-4,1.596103306E-3,9.998395443E-1,1.779570092E2,1.843412563E-1,-7.919099757E-2,1.779568787E2
1.182670213E2,1.782062986E-2,7.246280438E-4,1.596040907E-3,9.998396635E-1,1.779577981E2,1.843437465E-1,-7.976370410E-2,1.779576667E2
1.182720213E2,1.783421008E-2,7.160679088E-4,1.597572933E-3,9.998394251E-1,1.779562417E2,1.845028623E-1,-7.877730700E-2,1.779561117E2
1.182770213E2,1.784150274E-2,7.110655424E-4,1.592980814E-3,9.998393059E-1,1.779554059E2,1.839670723E-1,-7.821221331E-2,1.779552772E2
1.182820213E2,1.782765380E-2,7.202441338E-4,1.594261499E-3,9.998395443E-1,1.779569931E2,1.841314761E-1,-7.926376577E-2,1.779568626E2
1.182870213E2,1.782438714E-2,7.232603966E-4,1.592039131E-3,9.998396039E-1,1.779573675E2,1.838827544E-1,-7.961448987E-2,1.779572366E2
1.182920213E2,1.783122254E-2,7.177332882E-4,1.592863235E-3,9.998394847E-1,1.779565841E2,1.839664235E-1,-7.897829016E-2,1.779564542E2
1.182970213E2,1.782407390E-2,7.213639328E-4,1.596400631E-3,9.998396039E-1,1.779574034E2,1.843785679E-1,-7.938835460E-2,1.779572725E2
1.183020213E2,1.781708935E-2,7.265975000E-4,1.597333467E-3,9.998397231E-1,1.779582039E2,1.844955790E-1,-7.998736469E-2,1.779580720E2
1.183070213E2,1.782771390E-2,7.202845300E-4,1.593571040E-3,9.998395443E-1,1.779569862E2,1.840524550E-1,-7.926979365E-2,1.779568558E2
1.183120213E2,1.783143504E-2,7.176222280E-4,1.590532716E-3,9.998394847E-1,1.779565598E2,1.836991975E-1,-7.897028887E-2,1.779564301E2
1.183170213E2,1.782440598E-2,7.229506737E-4,1.591968932E-3,9.998396039E-1,1.779573654E2,1.838740803E-1,-7.957914383E-2,1.779572345E2
1.183220213E2,1.782121792E-2,7.239226252E-4,1.589782652E-3,9.998396635E-1,1.779577307E2,1.836253219E-1,-7.969555479E-2,1.779575999E2
1.183270213E2,1.782838827E-2,7.185906288E-4,1.586776809E-3,9.998395443E-1,1.779569089E2,1.832706079E-1,-7.908947520E-2,1.779567794E2
1.183320213E2,1.782857773E-2,7.187970914E-4,1.584553043E-3,9.998395443E-1,1.779568872E2,1.830162600E-1,-7.911763902E-2,1.779567578E2
1.183370213E2,1.782107719E-2,7.236094098E-4,1.591501874E-3,9.998396635E-1,1.779577469E2,1.838216483E-1,-7.965618340E-2,1.779576160E2
1.183420213E2,1.781756091E-2,7.268711925E-4,1.591939828E-3,9.998397231E-1,1.779581499E2,1.838782072E-1,-8.002964865E-2,1.779580183E2
1.183470213E2,1.781784557E-2,7.279526908E-4,1.588255400E-3,9.998397231E-1,1.779581172E2,1.834583003E-1,-8.016103034E-2,1.779579858E2
1.183520213E2,1.781425664E-2,7.284051389E-4,1.590781845E-3,9.998397827E-1,1.779585286E2,1.837484003E-1,-8.020836958E-2,1.779583968E2
1.183570213E2,1.782417499E-2,7.212313358E-4,1.595331472E-3,9.998396039E-1,1.779573918E2,1.842558077E-1,-7.937532778E-2,1.779572611E2
1.183620213E2,1.783154260E-2,7.159968955E-4,1.590059255E-3,9.998394847E-1,1.779565474E2,1.836416381E-1,-7.878501704E-2,1.779564181E2
1.183670213E2,1.782496060E-2,7.214161451E-4,1.586445607E-3,9.998396039E-1,1.779573018E2,1.832381623E-1,-7.941450857E-2,1.779571717E2
1.183720213E2,1.783154899E-2,7.170793251E-4,1.589499763E-3,9.998394847E-1,1.779565467E2,1.835797478E-1,-7.891017662E-2,1.779564172E2
1.183770213E2,1.783810293E-2,7.112663588E-4,1.593554509E-3,9.998393655E-1,1.779557956E2,1.840329472E-1,-7.823467428E-2,1.779556668E2
1.183820213E2,1.783853574E-2,7.116329507E-4,1.588538056E-3,9.998393655E-1,1.779557460E2,1.834589778E-1,-7.828685124E-2,1.779556175E2
1.183870213E2,1.783532814E-2,7.149950252E-4,1.585526392E-3,9.998394251E-1,1.779561136E2,1.831205421E-1,-7.867879902E-2,1.779559847E2
1.183920213E2,1.784555682E-2,7.080823998E-4,1.586295431E-3,9.998392463E-1,1.779549413E2,1.831953200E-1,-7.788335137E-2,1.779548137E2
1.183970213E2,1.784850943E-2,7.046211394E-4,1.592175337E-3,9.998391867E-1,1.779546029E2,1.838621509E-1,-7.747421591E-2,1.779544755E2
1.184020213E2,1.784560052E-2,7.066287217E-4,1.586452010E-3,9.998392463E-1,1.779549363E2,1.832102899E-1,-7.771647061E-2,1.779548089E2
1.184070213E2,1.784888704E-2,7.057316252E-4,1.587443403E-3,9.998391867E-1,1.779545596E2,1.833222975E-1,-7.761105734E-2,1.779544323E2
1.184120213E2,1.786234416E-2,6.959332968E-4,1.590566128E-3,9.998389482E-1,1.779530173E2,1.836610639E-1,-7.647957237E-2,1.779528916E2
1.184170213E2,1.785252770E-2,7.016680320E-4,1.585846534E-3,9.998391271E-1,1.779541423E2,1.831313066E-1,-7.714807806E-2,1.779540160E2
1.184220213E2,1.784594400E-2,7.060263306E-4,1.582852448E-3,9.998392463E-1,1.779548969E2,1.827966700E-1,-7.765475136E-2,1.779547699E2
1.184270213E2,1.785929538E-2,6.971151452E-4,1.586811733E-3,9.998390079E-1,1.779533667E2,1.832330958E-1,-7.662322443E-2,1.779532411E2
1.184320213E2,1.785918703E-2,6.975921569E-4,1.587821287E-3,9.998390079E-1,1.779533791E2,1.833497320E-1,-7.667583084E-2,1.779532533E2
1.184370213E2,1.785291601E-2,7.021647179E-4,1.581248594E-3,9.998391271E-1,1.779540978E2,1.826055508E-1,-7.721432085E-2,1.779539717E2
1.184420213E2,1.786011534E-2,6.962094340E-4,1.577956020E-3,9.998390079E-1,1.779532727E2,1.822166745E-1,-7.653742938E-2,1.779531480E2
1.184470213E2,1.786628867E-2,6.933480036E-4,1.584850252E-3,9.998388886E-1,1.779525652E2,1.830011839E-1,-7.619434562E-2,1.779524404E2
1.184520213E2,1.785246419E-2,7.018040051E-4,1.586501137E-3,9.998391271E-1,1.779541496E2,1.832065801E-1,-7.716232932E-2,1.779540232E2
1.184570213E2,1.784919992E-2,7.038449403E-4,1.584760845E-3,9.998391867E-1,1.779545237E2,1.830111120E-1,-7.740032365E-2,1.779543970E2
1.184620213E2,1.786281418E-2,6.958820159E-4,1.585301361E-3,9.998389482E-1,1.779529634E2,1.830577922E-1,-7.648438788E-2,1.779528382E2
1.184670213E2,1.785907497E-2,6.969831302E-4,1.589348423E-3,9.998390079E-1,1.779533920E2,1.835234461E-1,-7.660294780E-2,1.779532662E2
1.184720213E2,1.784826831E-2,7.059410564E-4,1.594292233E-3,9.998391867E-1,1.779546305E2,1.841073725E-1,-7.762115744E-2,1.779545027E2
1.184770213E2,1.784812492E-2,7.053354639E-4,1.596164424E-3,9.998391867E-1,1.779546469E2,1.843206261E-1,-7.754796985E-2,1.779545191E2
1.184820213E2,1.784758978E-2,7.063263911E-4,1.601700438E-3,9.998391867E-1,1.779547083E2,1.849568923E-1,-7.765027930E-2,1.779545798E2
1.184870213E2,1.784016955E-2,7.099722861E-4,1.608325751E-3,9.998393059E-1,1.779555587E2,1.857228564E-1,-7.805582856E-2,1.779554290E2
1.184920213E2,1.783374675E-2,7.143777329E-4,1.603490906E-3,9.998394251E-1,1.779562948E2,1.851774143E-1,-7.857164890E-2,1.779561647E2
1.184970213E2,1.784731847E-2,7.066226681E-4,1.604590332E-3,9.998391867E-1,1.779547394E2,1.852885826E-1,-7.767836423E-2,1.779546106E2
1.185020213E2,1.784350138E-2,7.081707590E-4,1.609212486E-3,9.998392463E-1,1.779551768E2,1.858210286E-1,-7.784698973E-2,1.779550474E2
1.185070213E2,1.783707311E-2,7.130045560E-4,1.604269026E-3,9.998393655E-1,1.779559136E2,1.852640204E-1,-7.841211299E-2,1.779557837E2
1.185120213E2,1.783386474E-2,7.155230851E-4,1.601666911E-3,9.998394251E-1,1.779562813E2,1.849707830E-1,-7.870658149E-2,1.779561511E2
1.185170213E2,1.783726164E-2,7.123143878E-4,1.602478442E-3,9.998393655E-1,1.779558920E2,1.850574706E-1,-7.833666346E-2,1.779557623E2
1.185220213E2,1.783375086E-2,7.151501486E-4,1.603100798E-3,9.998394251E-1,1.779562943E2,1.851342974E-1,-7.866094355E-2,1.779561641E2
1.185270213E2,1.783355814E-2,7.163868868E-4,1.604691730E-3,9.998394251E-1,1.779563164E2,1.853190888E-1,-7.879942489E-2,1.779561858E2
1.185320213E2,1.783703306E-2,7.126105484E-4,1.604889287E-3,9.998393655E-1,1.779559182E2,1.853342772E-1,-7.836570981E-2,1.779557883E2
1.185370213E2,1.784055031E-2,7.102196687E-4,1.603987068E-3,9.998393059E-1,1.779555151E2,1.852262937E-1,-7.809297172E-2,1.779553857E2
1.185420213E2,1.783022468E-2,7.179988897E-4,1.603875658E-3,9.998394847E-1,1.779566985E2,1.852286201E-1,-7.898640261E-2,1.779565676E2
1.185470213E2,1.782343097E-2,7.223458379E-4,1.603120822E-3,9.998396039E-1,1.779574771E2,1.851504790E-1,-7.948724687E-2,1.779573455E2
1.185520213E2,1.782042088E-2,7.246673340E-4,1.598354778E-3,9.998396635E-1,1.779578221E2,1.846089186E-1,-7.976351884E-2,1.779576904E2
1.185570213E2,1.781715253E-2,7.264436572E-4,1.596698537E-3,9.998397231E-1,1.779581967E2,1.844225238E-1,-7.997102317E-2,1.779580648E2
1.185620213E2,1.781348042E-2,7.300984580E-4,1.598678296E-3,9.998397827E-1,1.779586175E2,1.846565201E-1,-8.038640141E-2,1.779584848E2
1.185670213E2,1.780293618E-2,7.363643963E-4,1.601424650E-3,9.998399615E-1,1.779598260E2,1.849831175E-1,-8.110065471E-2,1.779596919E2
1.185720213E2,1.780634836E-2,7.345104241E-4,1.601553289E-3,9.998399019E-1,1.779594349E2,1.849943492E-1,-8.088734527E-2,1.779593012E2
1.185770213E2,1.780609437E-2,7.337824209E-4,1.604707795E-3,9.998399019E-1,1.779594640E2,1.853542661E-1,-8.079754558E-2,1.779593302E2
1.185820213E2,1.780600755E-2,7.348335348E-4,1.605190104E-3,9.998399019E-1,1.779594740E2,1.854116641E-1,-8.091700706E-2,1.779593399E2
1.185870213E2,1.780631907E-2,7.342454046E-4,1.602000324E-3,9.998399019E-1,1.779594383E2,1.850450244E-1,-8.085607432E-2,1.779593046E2
1.185920213E2,1.781341013E-2,7.299944409E-4,1.599508803E-3,9.998397827E-1,1.779586256E2,1.847514563E-1,-8.037280142E-2,1.779584929E2
1.185970213E2,1.781072793E-2,7.315313560E-4,1.591396518E-3,9.998398423E-1,1.779589330E2,1.838249242E-1,-8.056594435E-2,1.779588006E2
1.186020213E2,1.780778064E-2,7.331597735E-4,1.586173312E-3,9.998399019E-1,1.779592708E2,1.832295688E-1,-8.076371862E-2,1.779591385E2
1.186070213E2,1.780770401E-2,7.338734576E-4,1.586703467E-3,9.998399019E-1,1.779592796E2,1.832917610E-1,-8.084441987E-2,1.779591471E2
1.186120213E2,1.781787966E-2,7.276412798E-4,1.588015584E-3,9.998397231E-1,1.779581133E2,1.834301906E-1,-8.012583440E-2,1.779579820E2
1.186170213E2,1.781046100E-2,7.321997546E-4,1.594074303E-3,9.998398423E-1,1.779589636E2,1.841330707E-1,-8.063710849E-2,1.779588309E2
1.186220213E2,1.780670440E-2,7.347300416E-4,1.597488765E-3,9.998399019E-1,1.779593941E2,1.845291390E-1,-8.092073590E-2,1.779592607E2
1.186270213E2,1.781073296E-2,7.312932285E-4,1.591449720E-3,9.998398423E-1,1.779589324E2,1.838305341E-1,-8.053855178E-2,1.779588001E2
1.186320213E2,1.781430407E-2,7.295090472E-4,1.589744585E-3,9.998397827E-1,1.779585231E2,1.836318154E-1,-8.033695680E-2,1.779583913E2
1.186370213E2,1.780681712E-2,7.340639131E-4,1.596538350E-3,9.998399019E-1,1.779593812E2,1.844188961E-1,-8.084633404E-2,1.779592480E2
1.186420213E2,1.780686970E-2,7.355877897E-4,1.595249982E-3,9.998399019E-1,1.779593752E2,1.842743975E-1,-8.102354897E-2,1.779592417E2
1.186470213E2,1.781092764E-2,7.329758373E-4,1.588494168E-3,9.998398423E-1,1.779589101E2,1.834953563E-1,-8.073733060E-2,1.779587777E2
1.186520213E2,1.780744737E-2,7.351215463E-4,1.589004300E-3,9.998399019E-1,1.779593090E2,1.835579023E-1,-8.098276916E-2,1.779591761E2
1.186570213E2,1.780698380E-2,7.336927229E-4,1.594848931E-3,9.998399019E-1,1.779593621E2,1.842245892E-1,-8.080722236E-2,1.779592291E2
1.186620213E2,1.781434218E-2,7.295701653E-4,1.589289401E-3,9.998397827E-1,1.779585188E2,1.835797912E-1,-8.034488155E-2,1.779583869E2
1.186670213E2,1.781797335E-2,7.268853369E-4,1.587310457E-3,9.998397231E-1,1.779581026E2,1.833478653E-1,-8.004064620E-2,1.779579714E2
1.186720213E2,1.781724473E-2,7.269546622E-4,1.595436595E-3,9.998397231E-1,1.779581861E2,1.842789895E-1,-8.003213036E-2,1.779580543E2
1.186770213E2,1.782080953E-2,7.246704190E-4,1.594014349E-3,9.998396635E-1,1.779577775E2,1.841116574E-1,-7.977266477E-2,1.779576462E2
1.186820213E2,1.782486181E-2,7.207590388E-4,1.587853651E-3,9.998396039E-1,1.779573131E2,1.833981366E-1,-7.933636366E-2,1.779571830E2
1.186870213E2,1.782488862E-2,7.220886764E-4,1.586948289E-3,9.998396039E-1,1.779573100E2,1.832971245E-1,-7.949054901E-2,1.779571798E2
1.186920213E2,1.782107327E-2,7.233356591E-4,1.591670210E-3,9.998396635E-1,1.779577473E2,1.838403757E-1,-7.962447583E-2,1.779576165E2
1.186970213E2,1.782458253E-2,7.212312194E-4,1.590771601E-3,9.998396039E-1,1.779573451E2,1.837333990E-1,-7.938455370E-2,1.779572147E2
1.187020213E2,1.782485727E-2,7.229576586E-4,1.586904749E-3,9.998396039E-1,1.779573136E2,1.832939089E-1,-7.959020579E-2,1.779571832E2
1.187070213E2,1.782813936E-2,7.193748606E-4,1.589216175E-3,9.998395443E-1,1.779569375E2,1.835516776E-1,-7.917438896E-2,1.779568075E2
1.187120213E2,1.783471076E-2,7.138670189E-4,1.592961955E-3,9.998394251E-1,1.779561843E2,1.839701067E-1,-7.853447570E-2,1.779560551E2
1.187170213E2,1.782770385E-2,7.205417496E-4,1.593567198E-3,9.998395443E-1,1.779569874E2,1.840525397E-1,-7.929927384E-2,1.779568569E2
1.187220213E2,1.782120012E-2,7.251070929E-4,1.589442370E-3,9.998396635E-1,1.779577328E2,1.835887525E-1,-7.983196131E-2,1.779576018E2
1.187270213E2,1.783477485E-2,7.156536449E-4,1.591442036E-3,9.998394251E-1,1.779561770E2,1.837996213E-1,-7.874226986E-2,1.779560476E2
1.187320213E2,1.783741064E-2,7.134480402E-4,1.600314165E-3,9.998393655E-1,1.779558749E2,1.848118310E-1,-7.847094618E-2,1.779557452E2
1.187370213E2,1.782377588E-2,7.225383888E-4,1.599194482E-3,9.998396039E-1,1.779574376E2,1.847010450E-1,-7.951726408E-2,1.779573063E2
1.187420213E2,1.783126888E-2,7.162824622E-4,1.592997578E-3,9.998394847E-1,1.779565788E2,1.839788543E-1,-7.881178132E-2,1.779564492E2
1.187470213E2,1.784127644E-2,7.091867737E-4,1.596349292E-3,9.998393059E-1,1.779554318E2,1.843491512E-1,-7.799011126E-2,1.779553033E2
1.187520213E2,1.783116114E-2,7.173866034E-4,1.593706547E-3,9.998394847E-1,1.779565912E2,1.840623314E-1,-7.893685741E-2,1.779564612E2
1.187570213E2,1.783543077E-2,7.138809306E-4,1.584873768E-3,9.998394251E-1,1.779561018E2,1.830434993E-1,-7.855246874E-2,1.779559732E2
1.187620213E2,1.785243441E-2,7.027005777E-4,1.586439437E-3,9.998391271E-1,1.779541530E2,1.832013431E-1,-7.726518418E-2,1.779540264E2
1.187670213E2,1.784865740E-2,7.049023407E-4,1.590391155E-3,9.998391867E-1,1.779545859E2,1.836583176E-1,-7.751005624E-2,1.779544586E2
1.187720213E2,1.784193463E-2,7.099434151E-4,1.588638057E-3,9.998393059E-1,1.779553564E2,1.834672464E-1,-7.809244763E-2,1.779552283E2
1.187770213E2,1.785267215E-2,7.017413154E-4,1.584187034E-3,9.998391271E-1,1.779541258E2,1.829413329E-1,-7.715984308E-2,1.779539995E2
1.187820213E2,1.785544355E-2,6.997120799E-4,1.591452514E-3,9.998390675E-1,1.779538081E2,1.837698256E-1,-7.691197335E-2,1.779536817E2
1.187870213E2,1.785524205E-2,6.990854745E-4,1.593986643E-3,9.998390675E-1,1.779538312E2,1.840588718E-1,-7.683503290E-2,1.779537047E2
1.187920213E2,1.785175774E-2,7.014367147E-4,1.594592235E-3,9.998391271E-1,1.779542306E2,1.841327997E-1,-7.710382446E-2,1.779541036E2
1.187970213E2,1.786161441E-2,6.955357385E-4,1.598913223E-3,9.998389482E-1,1.779531009E2,1.846165501E-1,-7.641707107E-2,1.779529747E2
1.188020213E2,1.786165454E-2,6.954666460E-4,1.598494942E-3,9.998389482E-1,1.779530963E2,1.845684879E-1,-7.641000371E-2,1.779529701E2
1.188070213E2,1.785142333E-2,7.021658821E-4,1.598011469E-3,9.998391271E-1,1.779542689E2,1.845260195E-1,-7.718043416E-2,1.779541415E2
1.188120213E2,1.785816696E-2,6.977017620E-4,1.599205309E-3,9.998390079E-1,1.779534960E2,1.846541853E-1,-7.666527802E-2,1.779533694E2
1.188170213E2,1.786481129E-2,6.943527842E-4,1.600982388E-3,9.998388886E-1,1.779527345E2,1.848514439E-1,-7.627670982E-2,1.779526084E2
1.188220213E2,1.787149556E-2,6.871945807E-4,1.603914890E-3,9.998387694E-1,1.779519684E2,1.851732786E-1,-7.544933033E-2,1.779518434E2
1.188270213E2,1.787517944E-2,6.846273318E-4,1.601114753E-3,9.998387098E-1,1.779515462E2,1.848474756E-1,-7.516024635E-2,1.779514219E2
1.188320213E2,1.787187850E-2,6.874576793E-4,1.599529176E-3,9.998387694E-1,1.779519245E2,1.846713599E-1,-7.548838580E-2,1.779517998E2
1.188370213E2,1.787853647E-2,6.824003649E-4,1.601804164E-3,9.998386502E-1,1.779511615E2,1.849221529E-1,-7.490306268E-2,1.779510375E2
1.188420213E2,1.787846922E-2,6.837019464E-4,1.601999742E-3,9.998386502E-1,1.779511692E2,1.849472229E-1,-7.505180065E-2,1.779510449E2
1.188470213E2,1.786462327E-2,6.936165737E-4,1.603397774E-3,9.998388886E-1,1.779527561E2,1.851266612E-1,-7.618744970E-2,1.779526299E2
1.188520213E2,1.786819708E-2,6.904375041E-4,1.602114877E-3,9.998388290E-1,1.779523465E2,1.849734371E-1,-7.582517896E-2,1.779522210E2
1.188570213E2,1.787831109E-2,6.837002584E-4,1.603764249E-3,9.998386502E-1,1.779511873E2,1.851493733E-1,-7.504802133E-2,1.779510629E2
1.188620213E2,1.786766184E-2,6.907423376E-4,1.607942278E-3,9.998388290E-1,1.779524078E2,1.856416865E-1,-7.584827146E-2,1.779522818E2
1.188670213E2,1.785778327E-2,6.980606122E-4,1.603328041E-3,9.998390079E-1,1.779535400E2,1.851272463E-1,-7.669802639E-2,1.779534130E2
1.188720213E2,1.787505460E-2,6.852847873E-4,1.602226868E-3,9.998387098E-1,1.779515605E2,1.849762320E-1,-7.523331804E-2,1.779514360E2
1.188770213E2,1.787121954E-2,6.873909151E-4,1.606903505E-3,9.998387694E-1,1.779520001E2,1.855160759E-1,-7.546575536E-2,1.779518748E2
1.188820213E2,1.786086771E-2,6.963636260E-4,1.606874284E-3,9.998389482E-1,1.779531865E2,1.855303145E-1,-7.649576766E-2,1.779530595E2
1.188870213E2,1.786445096E-2,6.942599430E-4,1.605038298E-3,9.998388886E-1,1.779527758E2,1.853159261E-1,-7.625783589E-2,1.779526494E2
1.188920213E2,1.786113613E-2,6.951926625E-4,1.604395802E-3,9.998389482E-1,1.779531557E2,1.852439696E-1,-7.636662999E-2,1.779530291E2
1.188970213E2,1.785408506E-2,7.012162823E-4,1.605965430E-3,9.998390675E-1,1.779539638E2,1.854355950E-1,-7.705487000E-2,1.779538360E2
1.189020213E2,1.785379659E-2,7.019363693E-4,1.608855207E-3,9.998390675E-1,1.779539969E2,1.857681382E-1,-7.713151359E-2,1.779538687E2
1.189070213E2,1.785756375E-2,6.989901303E-4,1.605366706E-3,9.998390079E-1,1.779535652E2,1.853627089E-1,-7.680039283E-2,1.779534378E2
1.189120213E2,1.785131042E-2,7.030183333E-4,1.598897739E-3,9.998391271E-1,1.779542818E2,1.846292979E-1,-7.727630995E-2,1.779541542E2
1.189170213E2,1.785464454E-2,6.997391465E-4,1.600379939E-3,9.998390675E-1,1.779538997E2,1.847926660E-1,-7.689695471E-2,1.779537726E2
1.189220213E2,1.786122539E-2,6.963497144E-4,1.602899632E-3,9.998389482E-1,1.779531455E2,1.850749236E-1,-7.650224301E-2,1.779530188E2
1.189270213E2,1.785808013E-2,6.981150946E-4,1.599994372E-3,9.998390079E-1,1.779535060E2,1.847454304E-1,-7.671103605E-2,1.779533792E2
1.189320213E2,1.786814357E-2,6.901320885E-4,1.602843055E-3,9.998388290E-1,1.779523526E2,1.850562375E-1,-7.578870537E-2,1.779522271E2
1.189370213E2,1.786754446E-2,6.907793577E-4,1.609230181E-3,9.998388290E-1,1.779524213E2,1.857893129E-1,-7.584989765E-2,1.779522951E2
1.189420213E2,1.787119038E-2,6.875341642E-4,1.607166487E-3,9.998387694E-1,1.779520034E2,1.855464979E-1,-7.548163467E-2,1.779518781E2
1.189470213E2,1.787824450E-2,6.831829087E-4,1.604726654E-3,9.998386502E-1,1.779511949E2,1.852585743E-1,-7.498678749E-2,1.779510706E2
1.189520213E2,1.788520652E-2,6.790480111E-4,1.603176468E-3,9.998385310E-1,1.779503970E2,1.850730103E-1,-7.451492677E-2,1.779502736E2
1.189570213E2,1.787766114E-2,6.843234296E-4,1.610728563E-3,9.998386502E-1,1.779512618E2,1.859485269E-1,-7.510527216E-2,1.779511368E2
1.189620213E2,1.787077769E-2,6.881959271E-4,1.611466403E-3,9.998387694E-1,1.779520507E2,1.860404785E-1,-7.554872541E-2,1.779519249E2
1.189670213E2,1.787102162E-2,6.886136252E-4,1.608580234E-3,9.998387694E-1,1.779520227E2,1.857106741E-1,-7.560244787E-2,1.779518971E2
1.189720213E2,1.786773304E-2,6.902216701E-4,1.607374521E-3,9.998388290E-1,1.779523997E2,1.855755757E-1,-7.578976628E-2,1.779522738E2
1.189770213E2,1.786432277E-2,6.930797244E-4,1.606973936E-3,9.998388886E-1,1.779527905E2,1.855352726E-1,-7.611867560E-2,1.779526641E2
1.189820213E2,1.786793826E-2,6.897242274E-4,1.605305471E-3,9.998388290E-1,1.779523761E2,1.853375143E-1,-7.573697130E-2,1.779522505E2
1.189870213E2,1.786781543E-2,6.917961291E-4,1.605781028E-3,9.998388290E-1,1.779523902E2,1.853962342E-1,-7.597340458E-2,1.779522642E2
1.189920213E2,1.787097006E-2,6.896835985E-4,1.608694671E-3,9.998387694E-1,1.779520287E2,1.857259731E-1,-7.572481327E-2,1.779519028E2
1.189970213E2,1.787428383E-2,6.872803788E-4,1.609952305E-3,9.998387098E-1,1.779516489E2,1.858653924E-1,-7.544627723E-2,1.779515234E2
1.190020213E2,1.786717486E-2,6.906057824E-4,1.613402972E-3,9.998388290E-1,1.779524636E2,1.862670206E-1,-7.582153524E-2,1.779523372E2
1.190070213E2,1.786381690E-2,6.942770560E-4,1.612072578E-3,9.998388886E-1,1.779528485E2,1.861218547E-1,-7.624551372E-2,1.779527215E2
1.190120213E2,1.786684980E-2,6.915525883E-4,1.616594032E-3,9.998388290E-1,1.779525009E2,1.866345458E-1,-7.592354055E-2,1.779523741E2
1.190170213E2,1.786011048E-2,6.966104265E-4,1.615162590E-3,9.998389482E-1,1.779532733E2,1.864803820E-1,-7.650722081E-2,1.779531456E2
1.190220213E2,1.786357813E-2,6.948363152E-4,1.614475623E-3,9.998388886E-1,1.779528758E2,1.863983068E-1,-7.630471487E-2,1.779527486E2
1.190270213E2,1.786990971E-2,6.896482664E-4,1.620445983E-3,9.998387694E-1,1.779521502E2,1.870722092E-1,-7.569689697E-2,1.779520234E2
1.190320213E2,1.785940316E-2,6.959204329E-4,1.623261021E-3,9.998389482E-1,1.779533543E2,1.874067812E-1,-7.641172319E-2,1.779532262E2
1.190370213E2,1.785950518E-2,6.971370894E-4,1.621615607E-3,9.998389482E-1,1.779533426E2,1.872207586E-1,-7.655446787E-2,1.779532144E2
1.190420213E2,1.786618222E-2,6.910527009E-4,1.624168013E-3,9.998388290E-1,1.779525774E2,1.875012489E-1,-7.585088420E-2,1.779524501E2
1.190470213E2,1.785866794E-2,6.962723564E-4,1.631179592E-3,9.998389482E-1,1.779534386E2,1.883147038E-1,-7.643597596E-2,1.779533098E2
1.190520213E2,1.784884490E-2,7.030495326E-4,1.626176294E-3,9.998391271E-1,1.779545644E2,1.877545715E-1,-7.722454268E-2,1.779544347E2
1.190570213E2,1.784890089E-2,7.034526789E-4,1.625387231E-3,9.998391271E-1,1.779545580E2,1.876649948E-1,-7.727233591E-2,1.779544282E2
1.190620213E2,1.785869446E-2,6.969237584E-4,1.630611019E-3,9.998389482E-1,1.779534356E2,1.882508958E-1,-7.651176777E-2,1.779533067E2
1.190670213E2,1.785882928E-2,6.968005328E-4,1.629186445E-3,9.998389482E-1,1.779534201E2,1.880874354E-1,-7.650053958E-2,1.779532913E2
1.190720213E2,1.785241804E-2,7.016717573E-4,1.624195022E-3,9.998390675E-1,1.779541549E2,1.875250270E-1,-7.707006904E-2,1.779540256E2
1.190770213E2,1.785224043E-2,7.014888106E-4,1.626224956E-3,9.998390675E-1,1.779541753E2,1.877572157E-1,-7.704498864E-2,1.779540458E2
1.190820213E2,1.785501279E-2,7.004279178E-4,1.632878324E-3,9.998390079E-1,1.779538575E2,1.885175581E-1,-7.690930428E-2,1.779537278E2
1.190870213E2,1.784817688E-2,7.046234678E-4,1.632813597E-3,9.998391271E-1,1.779546410E2,1.885181989E-1,-7.739142303E-2,1.779545104E2
1.190920213E2,1.784196719E-2,7.078436320E-4,1.626276877E-3,9.998392463E-1,1.779553527E2,1.877753680E-1,-7.777490378E-2,1.779552220E2
1.190970213E2,1.784903983E-2,7.038932526E-4,1.623669872E-3,9.998391271E-1,1.779545421E2,1.874691429E-1,-7.732630060E-2,1.779544124E2
1.191020213E2,1.785534935E-2,6.983091589E-4,1.630103216E-3,9.998390079E-1,1.779538189E2,1.881952941E-1,-7.667216637E-2,1.779536898E2
1.191070213E2,1.785927640E-2,6.973533891E-4,1.624040422E-3,9.998389482E-1,1.779533689E2,1.874990033E-1,-7.657433009E-2,1.779532404E2
1.191120213E2,1.785276223E-2,7.010318805E-4,1.620684285E-3,9.998390675E-1,1.779541155E2,1.871215067E-1,-7.700387442E-2,1.779539865E2
1.191170213E2,1.785917080E-2,6.967488443E-4,1.625460573E-3,9.998389482E-1,1.779533810E2,1.876604694E-1,-7.650217875E-2,1.779532525E2
1.191220213E2,1.785594002E-2,6.992398412E-4,1.623219694E-3,9.998390079E-1,1.779537512E2,1.874085748E-1,-7.679277196E-2,1.779536225E2
1.191270213E2,1.784955059E-2,7.034670562E-4,1.618230599E-3,9.998391271E-1,1.779544835E2,1.868451138E-1,-7.728850040E-2,1.779543543E2
1.191320213E2,1.784638762E-2,7.051132852E-4,1.615570043E-3,9.998391867E-1,1.779548460E2,1.865434073E-1,-7.748314649E-2,1.779547167E2
1.191370213E2,1.785280036E-2,7.017806638E-4,1.619940042E-3,9.998390675E-1,1.779541111E2,1.870377713E-1,-7.709118042E-2,1.779539821E2
1.191420213E2,1.785600058E-2,6.993382121E-4,1.622510958E-3,9.998390079E-1,1.779537443E2,1.873275783E-1,-7.680548155E-2,1.779536156E2
1.191470213E2,1.784979603E-2,7.046468090E-4,1.615006826E-3,9.998391271E-1,1.779544554E2,1.864781873E-1,-7.743021701E-2,1.779543262E2
1.191520213E2,1.784621965E-2,7.060004282E-4,1.617037342E-3,9.998391867E-1,1.779548653E2,1.867133225E-1,-7.758181975E-2,1.779547357E2
1.191570213E2,1.785648115E-2,6.990182446E-4,1.617351896E-3,9.998390079E-1,1.779536892E2,1.867358686E-1,-7.677928899E-2,1.779535609E2
1.191620213E2,1.785001810E-2,7.025136729E-4,1.613480970E-3,9.998391271E-1,1.779544300E2,1.862990178E-1,-7.718889670E-2,1.779543013E2
1.191670213E2,1.784700601E-2,7.062441437E-4,1.608228195E-3,9.998391867E-1,1.779547752E2,1.857045868E-1,-7.762761306E-2,1.779546462E2
1.191720213E2,1.785065541E-2,7.037855685E-4,1.605857979E-3,9.998391271E-1,1.779543569E2,1.854282761E-1,-7.735009716E-2,1.779542286E2
1.191770213E2,1.785039706E-2,7.040947094E-4,1.608591876E-3,9.998391271E-1,1.779543865E2,1.857421209E-1,-7.737997176E-2,1.779542579E2
1.191820213E2,1.782613424E-2,7.204277790E-4,1.611081418E-3,9.998395443E-1,1.779571673E2,1.860588491E-1,-7.925072572E-2,1.779570354E2
1.191870213E2,1.783645786E-2,7.135929191E-4,1.610834617E-3,9.998393655E-1,1.779559841E2,1.860174181E-1,-7.846621729E-2,1.779558535E2
1.191920213E2,1.784322276E-2,7.071830332E-4,1.612732420E-3,9.998392463E-1,1.779552088E2,1.862222782E-1,-7.772667700E-2,1.779550793E2
1.191970213E2,1.783636278E-2,7.135938504E-4,1.611886662E-3,9.998393655E-1,1.779559950E2,1.861379491E-1,-7.846419128E-2,1.779558644E2
1.192020213E2,1.782225636E-2,7.238786202E-4,1.615440939E-3,9.998396039E-1,1.779576117E2,1.865650766E-1,-7.963791741E-2,1.779574789E2
1.192070213E2,1.782601470E-2,7.201351691E-4,1.612534281E-3,9.998395443E-1,1.779571810E2,1.862247015E-1,-7.921425473E-2,1.779570491E2
1.192120213E2,1.782591408E-2,7.202331326E-4,1.613602508E-3,9.998395443E-1,1.779571925E2,1.863472843E-1,-7.922331525E-2,1.779570605E2
1.192170213E2,1.782570061E-2,7.216473459E-4,1.615327899E-3,9.998395443E-1,1.779572170E2,1.865478410E-1,-7.938186137E-2,1.779570846E2
1.192220213E2,1.782862514E-2,7.192267803E-4,1.621015137E-3,9.998394847E-1,1.779568818E2,1.871947342E-1,-7.909236388E-2,1.779567494E2
1.192270213E2,1.782537091E-2,7.208440802E-4,1.619320014E-3,9.998395443E-1,1.779572548E2,1.870035645E-1,-7.928173516E-2,1.779571222E2
1.192320213E2,1.782513747E-2,7.209428004E-4,1.621843781E-3,9.998395443E-1,1.779572815E2,1.872929048E-1,-7.928793409E-2,1.779571487E2
1.192370213E2,1.782157987E-2,7.233166834E-4,1.623137505E-3,9.998396039E-1,1.779576893E2,1.874456982E-1,-7.955794173E-2,1.779575559E2
1.192420213E2,1.782477898E-2,7.217078819E-4,1.625439501E-3,9.998395443E-1,1.779573226E2,1.877064140E-1,-7.936831410E-2,1.779571894E2
1.192470213E2,1.782447921E-2,7.218185929E-4,1.628674334E-3,9.998395443E-1,1.779573570E2,1.880772427E-1,-7.937444719E-2,1.779572234E2
1.192520213E2,1.782105566E-2,7.229531184E-4,1.629044302E-3,9.998396039E-1,1.779577493E2,1.881216768E-1,-7.950432186E-2,1.779576156E2
1.192570213E2,1.782434889E-2,7.211781922E-4,1.630383427E-3,9.998395443E-1,1.779573719E2,1.882717410E-1,-7.929760784E-2,1.779572384E2
1.192620213E2,1.783033268E-2,7.171084289E-4,1.639827387E-3,9.998394251E-1,1.779566861E2,1.893459269E-1,-7.881089801E-2,1.779565526E2
1.192670213E2,1.783386730E-2,7.146846619E-4,1.638790709E-3,9.998393655E-1,1.779562810E2,1.892224754E-1,-7.853464860E-2,1.779561481E2
1.192720213E2,1.783043872E-2,7.164600538E-4,1.638957532E-3,9.998394251E-1,1.779566739E2,1.892449478E-1,-7.873836893E-2,1.779565406E2
1.192770213E2,1.783389641E-2,7.140225498E-4,1.638762536E-3,9.998393655E-1,1.779562777E2,1.892178965E-1,-7.845884036E-2,1.779561448E2
1.192820213E2,1.783783925E-2,7.123273099E-4,1.632942935E-3,9.998393059E-1,1.779558258E2,1.885479675E-1,-7.827576157E-2,1.779556937E2
1.192870213E2,1.783069286E-2,7.174184429E-4,1.635770313E-3,9.998394251E-1,1.779566448E2,1.888817554E-1,-7.885463925E-2,1.779565116E2
1.192920213E2,1.782380320E-2,7.218209794E-4,1.636054832E-3,9.998395443E-1,1.779574344E2,1.889228041E-1,-7.935977242E-2,1.779573003E2
1.192970213E2,1.782040718E-2,7.231836207E-4,1.636020956E-3,9.998396039E-1,1.779578237E2,1.889214363E-1,-7.951660551E-2,1.779576893E2
1.193020213E2,1.782075338E-2,7.230573101E-4,1.632301603E-3,9.998396039E-1,1.779577840E2,1.884950662E-1,-7.950966411E-2,1.779576499E2
1.193070213E2,1.783115926E-2,7.176940562E-4,1.630557119E-3,9.998394251E-1,1.779565914E2,1.882850611E-1,-7.889678188E-2,1.779564585E2
1.193120213E2,1.784106810E-2,7.083146484E-4,1.635906985E-3,9.998392463E-1,1.779554557E2,1.888796169E-1,-7.780934906E-2,1.779553242E2
1.193170213E2,1.783445993E-2,7.132956525E-4,1.632936066E-3,9.998393655E-1,1.779562131E2,1.885488954E-1,-7.838735899E-2,1.779560809E2
1.193220213E2,1.784159329E-2,7.087867707E-4,1.629963866E-3,9.998392463E-1,1.779553955E2,1.881996990E-1,-7.787549388E-2,1.779552644E2
1.193270213E2,1.785167539E-2,7.015989977E-4,1.632368541E-3,9.998390675E-1,1.779542400E2,1.884612898E-1,-7.704515078E-2,1.779541101E2
1.193320213E2,1.785174631E-2,7.013847353E-4,1.631684951E-3,9.998390675E-1,1.779542319E2,1.883825355E-1,-7.702198717E-2,1.779541020E2
1.193370213E2,1.784887084E-2,7.050240529E-4,1.625036355E-3,9.998391271E-1,1.779545614E2,1.876280060E-1,-7.745309656E-2,1.779544314E2
1.193420213E2,1.785248627E-2,7.013168652E-4,1.623598160E-3,9.998390675E-1,1.779541471E2,1.874559216E-1,-7.703061624E-2,1.779540179E2
1.193470213E2,1.784536877E-2,7.076644688E-4,1.625677338E-3,9.998391867E-1,1.779549628E2,1.877065748E-1,-7.775496375E-2,1.779548322E2
1.193520213E2,1.783902514E-2,7.122959942E-4,1.619950170E-3,9.998393059E-1,1.779556899E2,1.870593691E-1,-7.829851158E-2,1.779555588E2
1.193570213E2,1.783940358E-2,7.107370184E-4,1.616463647E-3,9.998393059E-1,1.779556465E2,1.866567479E-1,-7.812695172E-2,1.779555160E2
1.193620213E2,1.784592185E-2,7.055946044E-4,1.620497438E-3,9.998391867E-1,1.779548994E2,1.871089047E-1,-7.752830251E-2,1.779547696E2
1.193670213E2,1.784197480E-2,7.099845097E-4,1.625259756E-3,9.998392463E-1,1.779553518E2,1.876632114E-1,-7.802226922E-2,1.779552208E2
1.193720213E2,1.783233588E-2,7.150869351E-4,1.618792652E-3,9.998394251E-1,1.779564565E2,1.869319285E-1,-7.862189559E-2,1.779563251E2
1.193770213E2,1.783612954E-2,7.128023426E-4,1.614815090E-3,9.998393655E-1,1.779560217E2,1.864718331E-1,-7.836756340E-2,1.779558910E2
1.193820213E2,1.783911960E-2,7.122486131E-4,1.618930488E-3,9.998393059E-1,1.779556790E2,1.869424510E-1,-7.829514990E-2,1.779555481E2
1.193870213E2,1.782867997E-2,7.185551804E-4,1.620709896E-3,9.998394847E-1,1.779568755E2,1.871583936E-1,-7.901602989E-2,1.779567433E2
1.193920213E2,1.782937514E-2,7.182908594E-4,1.613162109E-3,9.998394847E-1,1.779567958E2,1.862931314E-1,-7.900103754E-2,1.779566642E2
1.193970213E2,1.783637025E-2,7.144329720E-4,1.611432177E-3,9.998393655E-1,1.779559941E2,1.860875930E-1,-7.856125972E-2,1.779558634E2
1.194020213E2,1.783634019E-2,7.134102052E-4,1.612217864E-3,9.998393655E-1,1.779559976E2,1.861755188E-1,-7.844247768E-2,1.779558670E2
1.194070213E2,1.783613181E-2,7.137612556E-4,1.614366425E-3,9.998393655E-1,1.779560215E2,1.864223884E-1,-7.847834578E-2,1.779558906E2
1.194120213E2,1.782977350E-2,7.189330063E-4,1.608466264E-3,9.998394847E-1,1.779567502E2,1.857564554E-1,-7.908413105E-2,1.779566188E2
1.194170213E2,1.783322614E-2,7.145048585E-4,1.609214116E-3,9.998394251E-1,1.779563545E2,1.858333618E-1,-7.857461414E-2,1.779562239E2
1.194220213E2,1.783953444E-2,7.107180427E-4,1.615027199E-3,9.998393059E-1,1.779556315E2,1.864921403E-1,-7.812768985E-2,1.779555012E2
1.194270213E2,1.783269792E-2,7.162723341E-4,1.614273991E-3,9.998394251E-1,1.779564150E2,1.864166607E-1,-7.876687725E-2,1.779562837E2
1.194320213E2,1.782962626E-2,7.174447528E-4,1.610761276E-3,9.998394847E-1,1.779567671E2,1.860163502E-1,-7.890895512E-2,1.779566358E2
1.194370213E2,1.784316112E-2,7.090917788E-4,1.612576307E-3,9.998392463E-1,1.779552158E2,1.862082905E-1,-7.794569877E-2,1.779550860E2
1.194420213E2,1.783972380E-2,7.100580260E-4,1.613224857E-3,9.998393059E-1,1.779556098E2,1.862843049E-1,-7.805571905E-2,1.779554797E2
1.194470213E2,1.783291366E-2,7.146181888E-4,1.612622989E-3,9.998394251E-1,1.779563903E2,1.862241356E-1,-7.858069034E-2,1.779562594E2
1.194520213E2,1.783975169E-2,7.099770010E-4,1.612952095E-3,9.998393059E-1,1.779556066E2,1.862528902E-1,-7.804698819E-2,1.779554766E2
1.194570213E2,1.784953029E-2,7.042444777E-4,1.618116396E-3,9.998391271E-1,1.779544859E2,1.868336180E-1,-7.737780945E-2,1.779543565E2
1.194620213E2,1.783580197E-2,7.132707979E-4,1.618222683E-3,9.998393655E-1,1.779560593E2,1.868631851E-1,-7.841433191E-2,1.779559282E2
1.194670213E2,1.782919892E-2,7.180399843E-4,1.615220099E-3,9.998394847E-1,1.779568160E2,1.865283961E-1,-7.896812190E-2,1.779566843E2
1.194720213E2,1.783553200E-2,7.137811626E-4,1.620970899E-3,9.998393655E-1,1.779560902E2,1.871790801E-1,-7.846723931E-2,1.779559588E2
1.194770213E2,1.783193897E-2,7.167508593E-4,1.622424927E-3,9.998394251E-1,1.779565020E2,1.873514607E-1,-7.880518829E-2,1.779563699E2
1.194820213E2,1.782861617E-2,7.177311345E-4,1.621776493E-3,9.998394847E-1,1.779568828E2,1.872789085E-1,-7.891944904E-2,1.779567506E2
1.194870213E2,1.783911840E-2,7.113608299E-4,1.619333983E-3,9.998393059E-1,1.779556792E2,1.869868657E-1,-7.819260907E-2,1.779555484E2
1.194920213E2,1.784306994E-2,7.084282115E-4,1.613876317E-3,9.998392463E-1,1.779552263E2,1.863558731E-1,-7.786703047E-2,1.779550965E2
1.194970213E2,1.784001586E-2,7.095413166E-4,1.610219595E-3,9.998393059E-1,1.779555763E2,1.859389477E-1,-7.800260769E-2,1.779554466E2
1.195020213E2,1.784330222E-2,7.093529566E-4,1.610899228E-3,9.998392463E-1,1.779551997E2,1.860166868E-1,-7.797902579E-2,1.779550699E2
1.195070213E2,1.784622939E-2,7.063331432E-4,1.616784604E-3,9.998391867E-1,1.779548642E2,1.866850467E-1,-7.762045504E-2,1.779547345E2
1.195120213E2,1.784265093E-2,7.087838021E-4,1.618346549E-3,9.998392463E-1,1.779552743E2,1.868687380E-1,-7.789870921E-2,1.779551441E2
1.195170213E2,1.783595404E-2,7.131017628E-4,1.616620342E-3,9.998393655E-1,1.779560418E2,1.866792656E-1,-7.839821176E-2,1.779559109E2
1.195220213E2,1.783943269E-2,7.114039036E-4,1.615848974E-3,9.998393059E-1,1.779556432E2,1.865876885E-1,-7.820461007E-2,1.779555126E2
1.195270213E2,1.783951146E-2,7.107671117E-4,1.615259447E-3,9.998393059E-1,1.779556341E2,1.865188484E-1,-7.813284133E-2,1.779555038E2
1.195320213E2,1.784693420E-2,7.056622417E-4,1.609280240E-3,9.998391867E-1,1.779547834E2,1.858239275E-1,-7.755880435E-2,1.779546545E2
1.195370213E2,1.784718751E-2,7.045743987E-4,1.606945880E-3,9.998391867E-1,1.779547544E2,1.855542661E-1,-7.743889404E-2,1.779546258E2
1.195420213E2,1.784708354E-2,7.059494383E-4,1.607497106E-3,9.998391867E-1,1.779547663E2,1.856202267E-1,-7.759532859E-2,1.779546374E2
1.195470213E2,1.784354920E-2,7.077088812E-4,1.608885359E-3,9.998392463E-1,1.779551714E2,1.857826077E-1,-7.779473095E-2,1.779550421E2
1.195520213E2,1.785019832E-2,7.044728263E-4,1.610630425E-3,9.998391271E-1,1.779544093E2,1.859764428E-1,-7.741916066E-2,1.779542805E2
1.195570213E2,1.785363735E-2,7.020802586E-4,1.610558713E-3,9.998390675E-1,1.779540152E2,1.859635970E-1,-7.714454365E-2,1.779538868E2
1.195620213E2,1.784404205E-2,7.075649337E-4,1.603473560E-3,9.998392463E-1,1.779551149E2,1.851623026E-1,-7.778921348E-2,1.779549860E2
1.195670213E2,1.784773309E-2,7.059455966E-4,1.600270858E-3,9.998391867E-1,1.779546918E2,1.847923325E-1,-7.760954792E-2,1.779545636E2
1.195720213E2,1.784773414E-2,7.062373916E-4,1.600130345E-3,9.998391867E-1,1.779546917E2,1.847768303E-1,-7.764326700E-2,1.779545634E2
1.195770213E2,1.784109538E-2,7.099917275E-4,1.598014263E-3,9.998393059E-1,1.779554526E2,1.845415448E-1,-7.807896662E-2,1.779553237E2
1.195820213E2,1.784122815E-2,7.110779989E-4,1.596047659E-3,9.998393059E-1,1.779554374E2,1.843184556E-1,-7.820742058E-2,1.779553085E2
1.195870213E2,1.784107512E-2,7.102746749E-4,1.598114613E-3,9.998393059E-1,1.779554549E2,1.845536193E-1,-7.811118337E-2,1.779553260E2
1.195920213E2,1.784047982E-2,7.098292699E-4,1.604943653E-3,9.998393059E-1,1.779555231E2,1.853350892E-1,-7.804629980E-2,1.779553938E2
1.195970213E2,1.783350032E-2,7.160098176E-4,1.605502446E-3,9.998394251E-1,1.779563231E2,1.854112002E-1,-7.875457672E-2,1.779561925E2
1.196020213E2,1.784399264E-2,7.071280270E-4,1.604215940E-3,9.998392463E-1,1.779551205E2,1.852464624E-1,-7.773764674E-2,1.779549917E2
1.196070213E2,1.784375054E-2,7.070056745E-4,1.606960432E-3,9.998392463E-1,1.779551483E2,1.855606394E-1,-7.771806114E-2,1.779550193E2
1.196120213E2,1.783990482E-2,7.102806703E-4,1.611123676E-3,9.998393059E-1,1.779555890E2,1.860440346E-1,-7.808549012E-2,1.779554591E2
1.196170213E2,1.784019070E-2,7.094591856E-4,1.608317601E-3,9.998393059E-1,1.779555563E2,1.857208752E-1,-7.799705373E-2,1.779554267E2
1.196220213E2,1.784389964E-2,7.080677315E-4,1.604835736E-3,9.998392463E-1,1.779551312E2,1.853193891E-1,-7.784406150E-2,1.779550022E2
1.196270213E2,1.784040555E-2,7.110156585E-4,1.605244121E-3,9.998393059E-1,1.779555317E2,1.853719350E-1,-7.818162759E-2,1.779554020E2
1.196320213E2,1.783709461E-2,7.137049688E-4,1.603718498E-3,9.998393655E-1,1.779559111E2,1.852023780E-1,-7.849348288E-2,1.779557811E2
1.196370213E2,1.783048333E-2,7.164897397E-4,1.601673546E-3,9.998394847E-1,1.779566688E2,1.849732526E-1,-7.881794622E-2,1.779565385E2
1.196420213E2,1.783037070E-2,7.176020299E-4,1.602429315E-3,9.998394847E-1,1.779566817E2,1.850621078E-1,-7.894386143E-2,1.779565511E2
1.196470213E2,1.783353785E-2,7.146138232E-4,1.605707454E-3,9.998394251E-1,1.779563188E2,1.854318382E-1,-7.859420723E-2,1.779561884E2
1.196520213E2,1.783394661E-2,7.141934475E-4,1.601348747E-3,9.998394251E-1,1.779562719E2,1.849316186E-1,-7.855487575E-2,1.779561420E2
1.196570213E2,1.784080086E-2,7.107357378E-4,1.600968884E-3,9.998393059E-1,1.779554863E2,1.848815645E-1,-7.815822378E-2,1.779553571E2
1.196620213E2,1.783746643E-2,7.122692186E-4,1.600217423E-3,9.998393655E-1,1.779558685E2,1.847983414E-1,-7.833607226E-2,1.779557390E2
1.196670213E2,1.784062487E-2,7.100573275E-4,1.603229553E-3,9.998393059E-1,1.779555065E2,1.851391765E-1,-7.807590671E-2,1.779553772E2
1.196720213E2,1.784416890E-2,7.078643539E-4,1.601928961E-3,9.998392463E-1,1.779551003E2,1.849859548E-1,-7.782665410E-2,1.779549716E2
1.196770213E2,1.784437162E-2,7.086006226E-4,1.599343261E-3,9.998392463E-1,1.779550771E2,1.846912235E-1,-7.791626087E-2,1.779549484E2
1.196820213E2,1.785070846E-2,7.025387022E-4,1.605814206E-3,9.998391271E-1,1.779543508E2,1.854207141E-1,-7.720731943E-2,1.779542228E2
1.196870213E2,1.784689685E-2,7.048972184E-4,1.610029489E-3,9.998391867E-1,1.779547877E2,1.859082039E-1,-7.746962775E-2,1.779546588E2
1.196920213E2,1.783377804E-2,7.141932147E-4,1.603225013E-3,9.998394251E-1,1.779562912E2,1.851465753E-1,-7.855104566E-2,1.779561612E2
1.196970213E2,1.783702022E-2,7.129329024E-4,1.604888821E-3,9.998393655E-1,1.779559196E2,1.853348819E-1,-7.840264628E-2,1.779557897E2
1.197020213E2,1.783966162E-2,7.107429556E-4,1.613610773E-3,9.998393059E-1,1.779556169E2,1.863299163E-1,-7.813341623E-2,1.779554867E2
1.197070213E2,1.782958739E-2,7.171274046E-4,1.611332758E-3,9.998394847E-1,1.779567715E2,1.860811754E-1,-7.887143507E-2,1.779566403E2
1.197120213E2,1.781615275E-2,7.266256725E-4,1.607733546E-3,9.998397231E-1,1.779583113E2,1.856871361E-1,-7.996953132E-2,1.779581785E2
1.197170213E2,1.782949719E-2,7.187844021E-4,1.611592597E-3,9.998394847E-1,1.779567819E2,1.861143251E-1,-7.906076847E-2,1.779566503E2
1.197220213E2,1.783265506E-2,7.163010887E-4,1.614734647E-3,9.998394251E-1,1.779564199E2,1.864694951E-1,-7.876923835E-2,1.779562886E2
1.197270213E2,1.782631167E-2,7.198769017E-4,1.609363477E-3,9.998395443E-1,1.779571469E2,1.858609070E-1,-7.919108646E-2,1.779570153E2
1.197320213E2,1.782293046E-2,7.231859490E-4,1.608298277E-3,9.998396039E-1,1.779575345E2,1.857453550E-1,-7.957301889E-2,1.779574023E2
1.197370213E2,1.782606015E-2,7.202968700E-4,1.611959538E-3,9.998395443E-1,1.779571758E2,1.861591852E-1,-7.923394697E-2,1.779570439E2
1.197420213E2,1.781921307E-2,7.255789824E-4,1.611354062E-3,9.998396635E-1,1.779579605E2,1.861000588E-1,-7.984164695E-2,1.779578277E2
1.197470213E2,1.780962541E-2,7.332663517E-4,1.602895441E-3,9.998398423E-1,1.779590594E2,1.851458501E-1,-8.074146222E-2,1.779589257E2
1.197520213E2,1.780934845E-2,7.335615228E-4,1.605834928E-3,9.998398423E-1,1.779590911E2,1.854832179E-1,-8.076933291E-2,1.779589572E2
1.197570213E2,1.780873918E-2,7.323878235E-4,1.613111119E-3,9.998398423E-1,1.779591609E2,1.863144325E-1,-8.062012164E-2,1.779590266E2
1.197620213E2,1.780182597E-2,7.372066611E-4,1.613334636E-3,9.998399615E-1,1.779599532E2,1.863493163E-1,-8.117306387E-2,1.779598180E2
1.197670213E2,1.779242103E-2,7.440753398E-4,1.603079960E-3,9.998401403E-1,1.779610311E2,1.851876441E-1,-8.198269316E-2,1.779608955E2
1.197720213E2,1.779547816E-2,7.427597302E-4,1.606927137E-3,9.998400807E-1,1.779606808E2,1.856259965E-1,-8.182354748E-2,1.779605450E2
1.197770213E2,1.779488482E-2,7.416123408E-4,1.614012057E-3,9.998400807E-1,1.779607488E2,1.864353530E-1,-8.167774930E-2,1.779606127E2
1.197820213E2,1.778825623E-2,7.477866602E-4,1.610380248E-3,9.998401999E-1,1.779615085E2,1.860312900E-1,-8.239380098E-2,1.779613715E2
1.197870213E2,1.779149370E-2,7.441900671E-4,1.613286207E-3,9.998401403E-1,1.779611374E2,1.863571691E-1,-8.197520014E-2,1.779610009E2
1.197920213E2,1.780114571E-2,7.377057336E-4,1.620596158E-3,9.998399615E-1,1.779600312E2,1.871822583E-1,-8.121555752E-2,1.779598953E2
1.197970213E2,1.779791167E-2,7.413126295E-4,1.617694506E-3,9.998400211E-1,1.779604019E2,1.868569005E-1,-8.163533516E-2,1.779602655E2
1.198020213E2,1.779858333E-2,7.396681467E-4,1.611043932E-3,9.998400211E-1,1.779603249E2,1.860916201E-1,-8.146036107E-2,1.779601894E2
1.198070213E2,1.779844695E-2,7.413375424E-4,1.611783053E-3,9.998400211E-1,1.779603405E2,1.861796983E-1,-8.165014702E-2,1.779602046E2
1.198120213E2,1.779100956E-2,7.463017246E-4,1.617643982E-3,9.998401403E-1,1.779611929E2,1.868607215E-1,-8.220834514E-2,1.779610556E2
1.198170213E2,1.778479995E-2,7.506978582E-4,1.610193285E-3,9.998402596E-1,1.779619046E2,1.860155183E-1,-8.272837070E-2,1.779617671E2
1.198220213E2,1.778517711E-2,7.490802673E-4,1.606777194E-3,9.998402596E-1,1.779618614E2,1.856208580E-1,-8.254993037E-2,1.779617244E2
1.198270213E2,1.779135296E-2,7.460779161E-4,1.613966306E-3,9.998401403E-1,1.779611536E2,1.864389285E-1,-8.219013683E-2,1.779610166E2
1.198320213E2,1.778823298E-2,7.484353264E-4,1.610335778E-3,9.998401999E-1,1.779615111E2,1.860275154E-1,-8.246821579E-2,1.779613740E2
1.198370213E2,1.778840452E-2,7.468742551E-4,1.609165221E-3,9.998401999E-1,1.779614915E2,1.858902319E-1,-8.229171301E-2,1.779613548E2
1.198420213E2,1.779191242E-2,7.444408257E-4,1.608545892E-3,9.998401403E-1,1.779610894E2,1.858145995E-1,-8.201351757E-2,1.779609532E2
1.198470213E2,1.778494553E-2,7.493980229E-4,1.609190484E-3,9.998402596E-1,1.779618879E2,1.858979861E-1,-8.258146104E-2,1.779617507E2
1.198520213E2,1.779207399E-2,7.444946677E-4,1.606732840E-3,9.998401403E-1,1.779610709E2,1.856069946E-1,-8.202335315E-2,1.779609349E2
1.198570213E2,1.780193438E-2,7.383733755E-4,1.611603890E-3,9.998399615E-1,1.779599408E2,1.861534077E-1,-8.131024883E-2,1.779598055E2
1.198620213E2,1.780165509E-2,7.388000959E-4,1.614490873E-3,9.998399615E-1,1.779599728E2,1.864850278E-1,-8.135330196E-2,1.779598372E2
1.198670213E2,1.779860804E-2,7.391218678E-4,1.611021580E-3,9.998400211E-1,1.779603221E2,1.860879468E-1,-8.139781310E-2,1.779601867E2
1.198720213E2,1.780886383E-2,7.327535423E-4,1.611568150E-3,9.998398423E-1,1.779591466E2,1.861384055E-1,-8.066514901E-2,1.779590124E2
1.198770213E2,1.779778455E-2,7.403354975E-4,1.619539573E-3,9.998400211E-1,1.779604164E2,1.870662929E-1,-8.151964248E-2,1.779602801E2
1.198820213E2,1.779810314E-2,7.416241569E-4,1.615443616E-3,9.998400211E-1,1.779603799E2,1.865996589E-1,-8.167558313E-2,1.779602437E2
1.198870213E2,1.781229434E-2,7.296121912E-4,1.612059888E-3,9.998397827E-1,1.779587535E2,1.861886093E-1,-8.030359179E-2,1.779586198E2
1.198920213E2,1.781500952E-2,7.290489739E-4,1.619263552E-3,9.998397231E-1,1.779584423E2,1.870130271E-1,-8.022384963E-2,1.779583081E2
1.198970213E2,1.780394638E-2,7.351230015E-4,1.627761638E-3,9.998399019E-1,1.779597102E2,1.879981905E-1,-8.090450127E-2,1.779595742E2
1.199020213E2,1.781111036E-2,7.306996849E-4,1.624600380E-3,9.998397827E-1,1.779588892E2,1.876275436E-1,-8.040281306E-2,1.779587543E2
1.199070213E2,1.782170287E-2,7.231655181E-4,1.621853793E-3,9.998396039E-1,1.779576752E2,1.872983197E-1,-7.954322097E-2,1.779575419E2
1.199120213E2,1.780711278E-2,7.349613588E-4,1.629808801E-3,9.998398423E-1,1.779593473E2,1.882326678E-1,-8.088120836E-2,1.779592112E2
1.199170213E2,1.780014415E-2,7.389589446E-4,1.630992978E-3,9.998399615E-1,1.779601460E2,1.883759352E-1,-8.133812118E-2,1.779600090E2
1.199220213E2,1.781123705E-2,7.300190628E-4,1.623517019E-3,9.998397827E-1,1.779588746E2,1.875020398E-1,-8.032701949E-2,1.779587400E2
1.199270213E2,1.780764229E-2,7.325922488E-4,1.625083154E-3,9.998398423E-1,1.779592866E2,1.876864407E-1,-8.061931586E-2,1.779591514E2
1.199320213E2,1.779698806E-2,7.398570888E-4,1.628486207E-3,9.998400211E-1,1.779605077E2,1.880903005E-1,-8.144673176E-2,1.779603708E2
1.199370213E2,1.780755740E-2,7.326433551E-4,1.625990029E-3,9.998398423E-1,1.779592964E2,1.877904422E-1,-8.062333652E-2,1.779591610E2
1.199420213E2,1.781471072E-2,7.290192880E-4,1.622560900E-3,9.998397231E-1,1.779584765E2,1.873907315E-1,-8.021377260E-2,1.779583421E2
1.199470213E2,1.780733842E-2,7.331579109E-4,1.628154889E-3,9.998398423E-1,1.779593215E2,1.880395105E-1,-8.067791412E-2,1.779591858E2
1.199520213E2,1.780375439E-2,7.357170689E-4,1.629592036E-3,9.998399019E-1,1.779597322E2,1.882091026E-1,-8.096886705E-2,1.779595960E2
1.199570213E2,1.781117821E-2,7.314081304E-4,1.623537391E-3,9.998397827E-1,1.779588814E2,1.875072049E-1,-8.048613894E-2,1.779587465E2
1.199620213E2,1.781506776E-2,7.275210810E-4,1.619310002E-3,9.998397231E-1,1.779584356E2,1.870152339E-1,-8.004868826E-2,1.779583018E2
1.199670213E2,1.781088630E-2,7.317583659E-4,1.626579091E-3,9.998397827E-1,1.779589148E2,1.878563949E-1,-8.052011284E-2,1.779587796E2
1.199720213E2,1.781114737E-2,7.321136654E-4,1.623557764E-3,9.998397827E-1,1.779588849E2,1.875109769E-1,-8.056693858E-2,1.779587499E2
1.199770213E2,1.780153676E-2,7.375738933E-4,1.616355148E-3,9.998399615E-1,1.779599864E2,1.866961131E-1,-8.120903078E-2,1.779598509E2
1.199820213E2,1.780474237E-2,7.362580509E-4,1.618515817E-3,9.998399019E-1,1.779596190E2,1.869412439E-1,-8.105326320E-2,1.779594835E2
1.199870213E2,1.781075658E-2,7.321260637E-4,1.627833582E-3,9.998397827E-1,1.779589297E2,1.880008667E-1,-8.055970500E-2,1.779587943E2
1.199920213E2,1.779719904E-2,7.402349729E-4,1.626006910E-3,9.998400211E-1,1.779604835E2,1.878070264E-1,-8.149504414E-2,1.779603467E2
1.199970213E2,1.780504743E-2,7.358608418E-4,1.615337445E-3,9.998399019E-1,1.779595840E2,1.865763005E-1,-8.101418192E-2,1.779594489E2
1.200020213E2,1.781829818E-2,7.260203129E-4,1.621242031E-3,9.998396635E-1,1.779580654E2,1.872337871E-1,-7.987219103E-2,1.779579316E2
1.200070213E2,1.781068931E-2,7.320700679E-4,1.628594589E-3,9.998397827E-1,1.779589374E2,1.880879383E-1,-8.055174875E-2,1.779588020E2
1.200120213E2,1.780121694E-2,7.384872297E-4,1.619457384E-3,9.998399615E-1,1.779600230E2,1.870533850E-1,-8.130740586E-2,1.779598871E2
1.200170213E2,1.781848692E-2,7.269445341E-4,1.618751558E-3,9.998396635E-1,1.779580437E2,1.869503473E-1,-7.998313222E-2,1.779579100E2
1.200220213E2,1.782427409E-2,7.223548600E-4,1.630680286E-3,9.998395443E-1,1.779573805E2,1.883081512E-1,-7.943183018E-2,1.779572467E2
1.200270213E2,1.780703406E-2,7.335141418E-4,1.631320221E-3,9.998398423E-1,1.779593564E2,1.884028766E-1,-8.071232648E-2,1.779592204E2
1.200320213E2,1.781467414E-2,7.284544408E-4,1.623216085E-3,9.998397231E-1,1.779584807E2,1.874646422E-1,-8.014772549E-2,1.779583464E2
1.200370213E2,1.782809441E-2,7.190390024E-4,1.626924728E-3,9.998394847E-1,1.779569426E2,1.878713915E-1,-7.905887513E-2,1.779568098E2
1.200420213E2,1.781048289E-2,7.307241904E-4,1.631453983E-3,9.998397827E-1,1.779589611E2,1.884127853E-1,-8.039174979E-2,1.779588256E2
1.200470213E2,1.779720441E-2,7.399492315E-4,1.626078156E-3,9.998400211E-1,1.779604829E2,1.878146069E-1,-8.146215949E-2,1.779603462E2
1.200520213E2,1.781821389E-2,7.250083145E-4,1.622620621E-3,9.998396635E-1,1.779580750E2,1.873896637E-1,-7.975344387E-2,1.779579414E2
1.200570213E2,1.782124900E-2,7.231792551E-4,1.626827288E-3,9.998396039E-1,1.779577272E2,1.878681429E-1,-7.953472251E-2,1.779575935E2
1.200620213E2,1.780367044E-2,7.364939083E-4,1.630158280E-3,9.998399019E-1,1.779597419E2,1.882755576E-1,-8.105673258E-2,1.779596054E2
1.200670213E2,1.780451383E-2,7.349340012E-4,1.621628646E-3,9.998399019E-1,1.779596452E2,1.872951716E-1,-8.089525387E-2,1.779595097E2
1.200720213E2,1.780805751E-2,7.325385232E-4,1.620550989E-3,9.998398423E-1,1.779592391E2,1.871670980E-1,-8.062233159E-2,1.779591041E2
1.200770213E2,1.780376494E-2,7.366384380E-4,1.629060484E-3,9.998399019E-1,1.779597310E2,1.881500817E-1,-8.107551385E-2,1.779595946E2
1.200820213E2,1.781391127E-2,7.290508947E-4,1.631300431E-3,9.998397231E-1,1.779585682E2,1.883920515E-1,-8.019970230E-2,1.779584330E2
1.200870213E2,1.781777964E-2,7.259123959E-4,1.626979094E-3,9.998396635E-1,1.779581248E2,1.878908414E-1,-7.984820920E-2,1.779579906E2
1.200920213E2,1.781457803E-2,7.278523990E-4,1.624540426E-3,9.998397231E-1,1.779584917E2,1.876151398E-1,-8.007606193E-2,1.779583574E2
1.200970213E2,1.781123524E-2,7.309276843E-4,1.623128075E-3,9.998397827E-1,1.779588749E2,1.874593319E-1,-8.043191746E-2,1.779587400E2
1.201020213E2,1.781460734E-2,7.274606032E-4,1.624394441E-3,9.998397231E-1,1.779584884E2,1.875976161E-1,-8.003146516E-2,1.779583541E2
1.201070213E2,1.780781496E-2,7.322210004E-4,1.623357413E-3,9.998398423E-1,1.779592669E2,1.874879725E-1,-8.058027013E-2,1.779591318E2
1.201120213E2,1.781797744E-2,7.272948860E-4,1.624193043E-3,9.998396635E-1,1.779581021E2,1.875744725E-1,-8.001225732E-2,1.779579679E2
1.201170213E2,1.782114426E-2,7.248078473E-4,1.627249876E-3,9.998396039E-1,1.779577392E2,1.879198784E-1,-7.972047221E-2,1.779576052E2
1.201220213E2,1.781386170E-2,7.295313990E-4,1.631626859E-3,9.998397231E-1,1.779585738E2,1.884304287E-1,-8.025409818E-2,1.779584386E2
1.201270213E2,1.781009964E-2,7.326454506E-4,1.634772867E-3,9.998397827E-1,1.779590050E2,1.887969329E-1,-8.060517312E-2,1.779588689E2
1.201320213E2,1.781688632E-2,7.257304969E-4,1.636813395E-3,9.998396635E-1,1.779582272E2,1.890171498E-1,-7.980745662E-2,1.779580923E2
1.201370213E2,1.781684117E-2,7.267880719E-4,1.636835630E-3,9.998396635E-1,1.779582324E2,1.890218534E-1,-7.992858955E-2,1.779580972E2
1.201420213E2,1.781302295E-2,7.299961871E-4,1.640551724E-3,9.998397231E-1,1.779586700E2,1.894538642E-1,-8.028928967E-2,1.779585339E2
1.201470213E2,1.781606807E-2,7.271499489E-4,1.645069220E-3,9.998396635E-1,1.779583210E2,1.899658827E-1,-7.995338653E-2,1.779581851E2
1.201520213E2,1.781270294E-2,7.288779016E-4,1.644518692E-3,9.998397231E-1,1.779587066E2,1.899060654E-1,-8.015312683E-2,1.779585705E2
1.201570213E2,1.779526147E-2,7.418653113E-4,1.646342920E-3,9.998400211E-1,1.779607056E2,1.901401647E-1,-8.164072951E-2,1.779605668E2
1.201620213E2,1.780940307E-2,7.324927719E-4,1.642412040E-3,9.998397827E-1,1.779590848E2,1.896718129E-1,-8.057222061E-2,1.779589482E2
1.201670213E2,1.781278354E-2,7.297872216E-4,1.643241965E-3,9.998397231E-1,1.779586974E2,1.897616491E-1,-8.025990150E-2,1.779585612E2
1.201720213E2,1.780235755E-2,7.360452437E-4,1.644634758E-3,9.998399019E-1,1.779598923E2,1.899331585E-1,-8.097604079E-2,1.779597548E2
1.201770213E2,1.779838701E-2,7.403596537E-4,1.649429440E-3,9.998399615E-1,1.779603474E2,1.904909822E-1,-8.146133148E-2,1.779602086E2
1.201820213E2,1.780893844E-2,7.328709471E-4,1.647274243E-3,9.998397827E-1,1.779591381E2,1.902296275E-1,-8.060571427E-2,1.779590010E2
1.201870213E2,1.780225015E-2,7.379036397E-4,1.644964446E-3,9.998399019E-1,1.779599046E2,1.899747152E-1,-8.118831108E-2,1.779597667E2
1.201920213E2,1.779560179E-2,7.420156617E-4,1.642592368E-3,9.998400211E-1,1.779606666E2,1.897107847E-1,-8.166553969E-2,1.779605281E2
1.201970213E2,1.780568341E-2,7.349140942E-4,1.645372366E-3,9.998398423E-1,1.779595111E2,1.900156297E-1,-8.084430441E-2,1.779593738E2
1.202020213E2,1.780559578E-2,7.351124659E-4,1.646231744E-3,9.998398423E-1,1.779595212E2,1.901144895E-1,-8.086529559E-2,1.779593837E2
1.202070213E2,1.779807761E-2,7.405837532E-4,1.652664272E-3,9.998399615E-1,1.779603828E2,1.908620407E-1,-8.148046831E-2,1.779602438E2
1.202120213E2,1.779754207E-2,7.390961982E-4,1.659085043E-3,9.998399615E-1,1.779604442E2,1.915946138E-1,-8.129704075E-2,1.779603049E2
1.202170213E2,1.781160286E-2,7.311694790E-4,1.655380824E-3,9.998397231E-1,1.779588327E2,1.911551691E-1,-8.039371746E-2,1.779586953E2
1.202220213E2,1.780557178E-2,7.347138599E-4,1.646669232E-3,9.998398423E-1,1.779595239E2,1.901637988E-1,-8.081873786E-2,1.779593865E2
1.202270213E2,1.781293215E-2,7.284078165E-4,1.642242773E-3,9.998397231E-1,1.779586804E2,1.896443637E-1,-8.010387008E-2,1.779585445E2
1.202320213E2,1.781223646E-2,7.302876911E-4,1.648940030E-3,9.998397231E-1,1.779587601E2,1.904154748E-1,-8.030571444E-2,1.779586233E2
1.202370213E2,1.780174338E-2,7.377558504E-4,1.650505816E-3,9.998399019E-1,1.779599627E2,1.906092674E-1,-8.116016989E-2,1.779598244E2
1.202420213E2,1.781251126E-2,7.298708661E-4,1.646153745E-3,9.998397231E-1,1.779587286E2,1.900954112E-1,-8.026359276E-2,1.779585922E2
1.202470213E2,1.780881681E-2,7.318532444E-4,1.649040729E-3,9.998397827E-1,1.779591520E2,1.904299331E-1,-8.048553071E-2,1.779590150E2
1.202520213E2,1.779825621E-2,7.397531299E-4,1.651112107E-3,9.998399615E-1,1.779603624E2,1.906825236E-1,-8.138843289E-2,1.779602236E2
1.202570213E2,1.779560357E-2,7.410034304E-4,1.643029973E-3,9.998400211E-1,1.779606664E2,1.897588583E-1,-8.154867226E-2,1.779605280E2
1.202620213E2,1.779584261E-2,7.419089670E-4,1.640029484E-3,9.998400211E-1,1.779606390E2,1.894169478E-1,-8.165849637E-2,1.779605007E2
1.202670213E2,1.778848366E-2,7.461289642E-4,1.645265962E-3,9.998401403E-1,1.779614824E2,1.900249131E-1,-8.213271465E-2,1.779613429E2
1.202720213E2,1.779177224E-2,7.455753512E-4,1.646179706E-3,9.998400807E-1,1.779611055E2,1.901287453E-1,-8.206679731E-2,1.779609660E2
1.202770213E2,1.780613223E-2,7.352972752E-4,1.640336355E-3,9.998398423E-1,1.779594597E2,1.894394540E-1,-8.089839776E-2,1.779593227E2
1.202820213E2,1.780262850E-2,7.359505980E-4,1.641741605E-3,9.998399019E-1,1.779598613E2,1.896015082E-1,-8.097104799E-2,1.779597240E2
1.202870213E2,1.779880963E-2,7.398413145E-4,1.645095996E-3,9.998399615E-1,1.779602990E2,1.899934608E-1,-8.141070222E-2,1.779601607E2
1.202920213E2,1.779911505E-2,7.401336334E-4,1.641656389E-3,9.998399615E-1,1.779602639E2,1.895999937E-1,-8.145115212E-2,1.779601259E2
1.202970213E2,1.779631405E-2,7.417506422E-4,1.634977758E-3,9.998400211E-1,1.779605850E2,1.888378686E-1,-8.165057000E-2,1.779604471E2
1.203020213E2,1.779590880E-2,7.414837601E-4,1.639503520E-3,9.998400211E-1,1.779606314E2,1.893558243E-1,-8.161083913E-2,1.779604933E2
1.203070213E2,1.779224116E-2,7.445728406E-4,1.641558832E-3,9.998400807E-1,1.779610518E2,1.895973090E-1,-8.196126909E-2,1.779609128E2
1.203120213E2,1.778915175E-2,7.473804872E-4,1.637455891E-3,9.998401403E-1,1.779614058E2,1.891326912E-1,-8.229190062E-2,1.779612667E2
1.203170213E2,1.778910974E-2,7.466514362E-4,1.638244721E-3,9.998401403E-1,1.779614107E2,1.892215805E-1,-8.220677067E-2,1.779612716E2
1.203220213E2,1.779904071E-2,7.403484778E-4,1.642365358E-3,9.998399615E-1,1.779602725E2,1.896816551E-1,-8.147433552E-2,1.779601343E2
1.203270213E2,1.779201055E-2,7.437739405E-4,1.644417993E-3,9.998400807E-1,1.779610782E2,1.899232454E-1,-8.186395050E-2,1.779609392E2
1.203320213E2,1.778245442E-2,7.501536165E-4,1.636142842E-3,9.998402596E-1,1.779621734E2,1.889873512E-1,-8.261356992E-2,1.779620339E2
1.203370213E2,1.779267121E-2,7.435245207E-4,1.637367415E-3,9.998400807E-1,1.779610025E2,1.891149804E-1,-8.184962451E-2,1.779608641E2
1.203420213E2,1.779579164E-2,7.421711343E-4,1.640463946E-3,9.998400211E-1,1.779606448E2,1.894672563E-1,-8.168765736E-2,1.779605065E2
1.203470213E2,1.778255649E-2,7.505167741E-4,1.634866465E-3,9.998402596E-1,1.779621617E2,1.888418605E-1,-8.265775989E-2,1.779620222E2
1.203520213E2,1.778227085E-2,7.516039186E-4,1.637471840E-3,9.998402596E-1,1.779621945E2,1.891425600E-1,-8.277706224E-2,1.779620545E2
1.203570213E2,1.778579081E-2,7.477414329E-4,1.637405599E-3,9.998401999E-1,1.779617910E2,1.891273883E-1,-8.233399363E-2,1.779616518E2
1.203620213E2,1.777474842E-2,7.566235727E-4,1.644031028E-3,9.998403788E-1,1.779630566E2,1.899036741E-1,-8.334024279E-2,1.779629151E2
1.203670213E2,1.777869027E-2,7.536791381E-4,1.639002352E-3,9.998403192E-1,1.779626048E2,1.893218487E-1,-8.301238605E-2,1.779624644E2
1.203720213E2,1.778918968E-2,7.454840234E-4,1.637908281E-3,9.998401403E-1,1.779614015E2,1.891806596E-1,-8.207368708E-2,1.779612627E2
1.203770213E2,1.778542487E-2,7.484484231E-4,1.641053474E-3,9.998401999E-1,1.779618330E2,1.895467497E-1,-8.240762995E-2,1.779616933E2
1.203820213E2,1.777872936E-2,7.533801836E-4,1.638715737E-3,9.998403192E-1,1.779626003E2,1.892884043E-1,-8.297871040E-2,1.779624600E2
1.203870213E2,1.778618109E-2,7.475187886E-4,1.633262727E-3,9.998401999E-1,1.779617463E2,1.886523025E-1,-8.231685508E-2,1.779616075E2
1.203920213E2,1.779324124E-2,7.428227691E-4,1.631480991E-3,9.998400807E-1,1.779609371E2,1.884391668E-1,-8.178111770E-2,1.779607994E2
1.203970213E2,1.778619417E-2,7.485282258E-4,1.632657833E-3,9.998401999E-1,1.779617448E2,1.885850565E-1,-8.243374012E-2,1.779616059E2
1.204020213E2,1.778963886E-2,7.455407758E-4,1.632996486E-3,9.998401403E-1,1.779613500E2,1.886180498E-1,-8.209011801E-2,1.779612116E2
1.204070213E2,1.779345098E-2,7.425906369E-4,1.629297738E-3,9.998400807E-1,1.779609131E2,1.881885673E-1,-8.175893394E-2,1.779607756E2
1.204120213E2,1.778951397E-2,7.458846085E-4,1.634199638E-3,9.998401403E-1,1.779613643E2,1.887565902E-1,-8.212708278E-2,1.779612258E2
1.204170213E2,1.779619148E-2,7.423944771E-4,1.636019326E-3,9.998400211E-1,1.779605990E2,1.889585081E-1,-8.172223522E-2,1.779604610E2
1.204220213E2,1.779678221E-2,7.405941724E-4,1.630399725E-3,9.998400211E-1,1.779605313E2,1.883110261E-1,-8.152731794E-2,1.779603941E2
1.204270213E2,1.779733320E-2,7.416192093E-4,1.623906312E-3,9.998400211E-1,1.779604682E2,1.875691878E-1,-8.165789975E-2,1.779603313E2
1.204320213E2,1.779692128E-2,7.419631584E-4,1.628257800E-3,9.998400211E-1,1.779605154E2,1.880684216E-1,-8.168850946E-2,1.779603780E2
1.204370213E2,1.779355375E-2,7.430369733E-4,1.627971302E-3,9.998400807E-1,1.779609013E2,1.880375113E-1,-8.181275760E-2,1.779607638E2
1.204420213E2,1.779056826E-2,7.467598189E-4,1.622279291E-3,9.998401403E-1,1.779612435E2,1.873927036E-1,-8.225146256E-2,1.779611057E2
1.204470213E2,1.779765075E-2,7.403155323E-4,1.621018397E-3,9.998400211E-1,1.779604318E2,1.872356755E-1,-8.151436382E-2,1.779602953E2
1.204520213E2,1.780448102E-2,7.350299275E-4,1.621945412E-3,9.998399019E-1,1.779596490E2,1.873316577E-1,-8.090560427E-2,1.779595135E2
1.204570213E2,1.779750691E-2,7.406244404E-4,1.622455893E-3,9.998400211E-1,1.779604483E2,1.874009931E-1,-8.154685147E-2,1.779603117E2
1.204620213E2,1.780507540E-2,7.353104884E-4,1.615279820E-3,9.998399019E-1,1.779595808E2,1.865685773E-1,-8.095123849E-2,1.779594458E2
1.204670213E2,1.781231884E-2,7.304999162E-4,1.611387008E-3,9.998397827E-1,1.779587507E2,1.861133293E-1,-8.040667030E-2,1.779586169E2
1.204720213E2,1.781201922E-2,7.315154071E-4,1.614235807E-3,9.998397827E-1,1.779587850E2,1.864417755E-1,-8.051725907E-2,1.779586508E2
1.204770213E2,1.780145397E-2,7.378198789E-4,1.617154456E-3,9.998399615E-1,1.779599959E2,1.867881879E-1,-8.123559900E-2,1.779598602E2
1.204820213E2,1.780862310E-2,7.329446962E-4,1.614139415E-3,9.998398423E-1,1.779591742E2,1.864333754E-1,-8.068184738E-2,1.779590398E2
1.204870213E2,1.781519507E-2,7.277166005E-4,1.617820817E-3,9.998397231E-1,1.779584210E2,1.868450221E-1,-8.007410609E-2,1.779582872E2
1.204920213E2,1.781452317E-2,7.296749391E-4,1.624324359E-3,9.998397231E-1,1.779584980E2,1.875941011E-1,-8.028532766E-2,1.779583634E2
1.204970213E2,1.781102293E-2,7.316602278E-4,1.625126577E-3,9.998397827E-1,1.779588992E2,1.876897858E-1,-8.051180794E-2,1.779587641E2
1.205020213E2,1.780775262E-2,7.326540654E-4,1.623845776E-3,9.998398423E-1,1.779592740E2,1.875448048E-1,-8.062890286E-2,1.779591388E2
1.205070213E2,1.780800410E-2,7.342145545E-4,1.620379393E-3,9.998398423E-1,1.779592452E2,1.871508541E-1,-8.081472016E-2,1.779591100E2
1.205120213E2,1.780411612E-2,7.356224814E-4,1.625678036E-3,9.998399019E-1,1.779596908E2,1.877604977E-1,-8.096594766E-2,1.779595549E2
1.205170213E2,1.781073982E-2,7.321138401E-4,1.628022408E-3,9.998397827E-1,1.779589316E2,1.880224748E-1,-8.055792224E-2,1.779587962E2
1.205220213E2,1.781799072E-2,7.272766670E-4,1.624055556E-3,9.998396635E-1,1.779581006E2,1.875586840E-1,-8.001044815E-2,1.779579664E2
1.205270213E2,1.781803170E-2,7.252486539E-4,1.624512835E-3,9.998396635E-1,1.779580959E2,1.876069379E-1,-7.977715071E-2,1.779579621E2
1.205320213E2,1.781062823E-2,7.305174368E-4,1.629959210E-3,9.998397827E-1,1.779589444E2,1.882411134E-1,-8.037108493E-2,1.779588091E2
1.205370213E2,1.780454909E-2,7.347145583E-4,1.621340984E-3,9.998399019E-1,1.779596412E2,1.872617681E-1,-8.087069192E-2,1.779595058E2
1.205420213E2,1.781521491E-2,7.275339449E-4,1.617684495E-3,9.998397231E-1,1.779584187E2,1.868290318E-1,-8.005345325E-2,1.779582850E2
1.205470213E2,1.782169168E-2,7.244577864E-4,1.621400006E-3,9.998396039E-1,1.779576764E2,1.872489664E-1,-7.969220921E-2,1.779575430E2
1.205520213E2,1.781811645E-2,7.249396876E-4,1.623720978E-3,9.998396635E-1,1.779580862E2,1.875155877E-1,-7.974335247E-2,1.779579525E2
1.205570213E2,1.782137203E-2,7.248762995E-4,1.624722965E-3,9.998396039E-1,1.779577131E2,1.876305191E-1,-7.973343294E-2,1.779575793E2
1.205620213E2,1.782458593E-2,7.224414148E-4,1.627229620E-3,9.998395443E-1,1.779573447E2,1.879129975E-1,-7.944873693E-2,1.779572112E2
1.205670213E2,1.781822454E-2,7.261104765E-4,1.622010721E-3,9.998396635E-1,1.779580738E2,1.873220370E-1,-7.988096553E-2,1.779579400E2
1.205720213E2,1.781486509E-2,7.293291856E-4,1.620725612E-3,9.998397231E-1,1.779584588E2,1.871811012E-1,-8.025299651E-2,1.779583245E2
1.205770213E2,1.781146324E-2,7.304410683E-4,1.620843541E-3,9.998397827E-1,1.779588487E2,1.871966095E-1,-8.038078468E-2,1.779587142E2
1.205820213E2,1.781848936E-2,7.250469644E-4,1.619575545E-3,9.998396635E-1,1.779580435E2,1.870408794E-1,-7.976403848E-2,1.779579101E2
1.205870213E2,1.782128823E-2,7.241118583E-4,1.625982462E-3,9.998396039E-1,1.779577227E2,1.877732562E-1,-7.964329189E-2,1.779575889E2
1.205920213E2,1.781844388E-2,7.256650133E-4,1.619799063E-3,9.998396635E-1,1.779580487E2,1.870677472E-1,-7.983440244E-2,1.779579151E2
1.205970213E2,1.781152743E-2,7.306801272E-4,1.620030263E-3,9.998397827E-1,1.779588414E2,1.871039225E-1,-8.040982246E-2,1.779587069E2
1.206020213E2,1.782111455E-2,7.238913095E-4,1.627983060E-3,9.998396039E-1,1.779577426E2,1.880020075E-1,-7.961396972E-2,1.779576087E2
1.206070213E2,1.781749847E-2,7.266317261E-4,1.629734877E-3,9.998396635E-1,1.779581570E2,1.882080279E-1,-7.992505108E-2,1.779580225E2
1.206120213E2,1.781397082E-2,7.285204483E-4,1.630887040E-3,9.998397231E-1,1.779585613E2,1.883436096E-1,-8.013976004E-2,1.779584264E2
1.206170213E2,1.781721091E-2,7.264826563E-4,1.632942003E-3,9.998396635E-1,1.779581900E2,1.885751525E-1,-7.990147736E-2,1.779580552E2
1.206220213E2,1.781714635E-2,7.259771228E-4,1.633870997E-3,9.998396635E-1,1.779581974E2,1.886805532E-1,-7.984167207E-2,1.779580627E2
1.206270213E2,1.781006960E-2,7.312345551E-4,1.635731547E-3,9.998397827E-1,1.779590084E2,1.889038899E-1,-8.044157122E-2,1.779588726E2
1.206320213E2,1.781031860E-2,7.313427632E-4,1.632969594E-3,9.998397827E-1,1.779589799E2,1.885876838E-1,-8.045955921E-2,1.779588442E2
1.206370213E2,1.781752161E-2,7.264080923E-4,1.629581559E-3,9.998396635E-1,1.779581544E2,1.881900068E-1,-7.989973733E-2,1.779580199E2
1.206420213E2,1.782048715E-2,7.247864269E-4,1.634439803E-3,9.998396039E-1,1.779578145E2,1.887435580E-1,-7.970345813E-2,1.779576800E2
1.206470213E2,1.782101191E-2,7.227737806E-4,1.629602397E-3,9.998396039E-1,1.779577544E2,1.881852500E-1,-7.948264300E-2,1.779576206E2
1.206520213E2,1.782464810E-2,7.210755139E-4,1.627154415E-3,9.998395443E-1,1.779573376E2,1.879015956E-1,-7.929238319E-2,1.779572044E2
1.206570213E2,1.783512914E-2,7.127742283E-4,1.625839272E-3,9.998393655E-1,1.779561364E2,1.877347769E-1,-7.834199662E-2,1.779560048E2
1.206620213E2,1.783486406E-2,7.151160389E-4,1.627717749E-3,9.998393655E-1,1.779561668E2,1.879547670E-1,-7.860651579E-2,1.779560346E2
1.206670213E2,1.782834261E-2,7.179919630E-4,1.624665805E-3,9.998394847E-1,1.779569142E2,1.876104587E-1,-7.894348106E-2,1.779567817E2
1.206720213E2,1.783472878E-2,7.141584647E-4,1.629619277E-3,9.998393655E-1,1.779561823E2,1.881706638E-1,-7.849294245E-2,1.779560501E2
1.206770213E2,1.783066289E-2,7.177119260E-4,1.635968336E-3,9.998394251E-1,1.779566483E2,1.889050409E-1,-7.888786557E-2,1.779565149E2
1.206820213E2,1.782030669E-2,7.237799000E-4,1.636851695E-3,9.998396039E-1,1.779578352E2,1.890178271E-1,-7.958324561E-2,1.779577006E2
1.206870213E2,1.782431861E-2,7.212602650E-4,1.630678074E-3,9.998395443E-1,1.779573754E2,1.883056651E-1,-7.930641503E-2,1.779572418E2
1.206920213E2,1.784481730E-2,7.076930488E-4,1.631707186E-3,9.998391867E-1,1.779550260E2,1.883974514E-1,-7.774601074E-2,1.779548950E2
1.206970213E2,1.783788766E-2,7.125645061E-4,1.632310566E-3,9.998393059E-1,1.779558202E2,1.884760036E-1,-7.830422146E-2,1.779556882E2
1.207020213E2,1.783467054E-2,7.141645183E-4,1.630253857E-3,9.998393655E-1,1.779561889E2,1.882433777E-1,-7.849235001E-2,1.779560568E2
1.207070213E2,1.784818686E-2,7.036778261E-4,1.633112319E-3,9.998391271E-1,1.779546398E2,1.885504908E-1,-7.728246499E-2,1.779545094E2
1.207120213E2,1.784794869E-2,7.044082740E-4,1.635398716E-3,9.998391271E-1,1.779546671E2,1.888139272E-1,-7.736152314E-2,1.779545364E2
1.207170213E2,1.785105549E-2,7.014239673E-4,1.639208640E-3,9.998390675E-1,1.779543111E2,1.892445782E-1,-7.701122095E-2,1.779541806E2
1.207220213E2,1.785460568E-2,7.000474143E-4,1.637486508E-3,9.998390079E-1,1.779539042E2,1.890447240E-1,-7.685635666E-2,1.779537741E2
1.207270213E2,1.786155211E-2,6.949405069E-4,1.636693836E-3,9.998388886E-1,1.779531080E2,1.889439840E-1,-7.627155137E-2,1.779529791E2
1.207320213E2,1.785468611E-2,6.991793634E-4,1.636980334E-3,9.998390079E-1,1.779538950E2,1.889849597E-1,-7.675792182E-2,1.779537651E2
1.207370213E2,1.786175078E-2,6.946971989E-4,1.634627697E-3,9.998388886E-1,1.779530853E2,1.887067763E-1,-7.624786652E-2,1.779529565E2
1.207420213E2,1.786158941E-2,6.952158874E-4,1.636169734E-3,9.998388886E-1,1.779531038E2,1.888845025E-1,-7.630416831E-2,1.779529748E2
1.207470213E2,1.786199989E-2,6.951561081E-4,1.631707884E-3,9.998388886E-1,1.779530567E2,1.883732016E-1,-7.630637493E-2,1.779529281E2
1.207520213E2,1.786215785E-2,6.938086008E-4,1.630551880E-3,9.998388886E-1,1.779530386E2,1.882380076E-1,-7.615432334E-2,1.779529103E2
1.207570213E2,1.786214186E-2,6.934871199E-4,1.630863757E-3,9.998388886E-1,1.779530405E2,1.882730810E-1,-7.611685486E-2,1.779529122E2
1.207620213E2,1.785914936E-2,6.970228860E-4,1.625578618E-3,9.998389482E-1,1.779533834E2,1.876745536E-1,-7.653333900E-2,1.779532549E2
1.207670213E2,1.786957100E-2,6.882058224E-4,1.624788623E-3,9.998387694E-1,1.779521890E2,1.875667808E-1,-7.552280201E-2,1.779520622E2
1.207720213E2,1.787287947E-2,6.867163465E-4,1.625706907E-3,9.998387098E-1,1.779518098E2,1.876691906E-1,-7.534964662E-2,1.779516832E2
1.207770213E2,1.786281129E-2,6.941114552E-4,1.623248216E-3,9.998388886E-1,1.779529637E2,1.874018710E-1,-7.620385033E-2,1.779528359E2
1.207820213E2,1.786978861E-2,6.894593243E-4,1.621861244E-3,9.998387694E-1,1.779521641E2,1.872339644E-1,-7.567237369E-2,1.779520372E2
1.207870213E2,1.787663669E-2,6.841992144E-4,1.622111304E-3,9.998386502E-1,1.779513792E2,1.872523556E-1,-7.506791183E-2,1.779512534E2
1.207920213E2,1.787319715E-2,6.873534876E-4,1.621940755E-3,9.998387098E-1,1.779517734E2,1.872390185E-1,-7.543030024E-2,1.779516470E2
1.207970213E2,1.787655888E-2,6.852271617E-4,1.622534823E-3,9.998386502E-1,1.779513881E2,1.873029799E-1,-7.518483389E-2,1.779512621E2
1.208020213E2,1.788690555E-2,6.764632999E-4,1.622371841E-3,9.998384714E-1,1.779502023E2,1.872671181E-1,-7.417912694E-2,1.779500779E2
1.208070213E2,1.788020702E-2,6.821862771E-4,1.620346215E-3,9.998385906E-1,1.779509700E2,1.870462662E-1,-7.484023144E-2,1.779508447E2
1.208120213E2,1.787314803E-2,6.878947024E-4,1.622252516E-3,9.998387098E-1,1.779517790E2,1.872758430E-1,-7.549167955E-2,1.779516525E2
1.208170213E2,1.787717094E-2,6.852112710E-4,1.615783898E-3,9.998386502E-1,1.779513180E2,1.865295166E-1,-7.519672922E-2,1.779511924E2
1.208220213E2,1.787762735E-2,6.833421648E-4,1.611520071E-3,9.998386502E-1,1.779512657E2,1.860371996E-1,-7.499123029E-2,1.779511408E2
1.208270213E2,1.787024756E-2,6.880381261E-4,1.617401838E-3,9.998387694E-1,1.779521115E2,1.867201587E-1,-7.551858907E-2,1.779519852E2
1.208320213E2,1.786953690E-2,6.903828471E-4,1.624239958E-3,9.998387694E-1,1.779521929E2,1.875083744E-1,-7.577336052E-2,1.779520657E2
1.208370213E2,1.787279611E-2,6.876151310E-4,1.626243466E-3,9.998387098E-1,1.779518194E2,1.877325007E-1,-7.545153983E-2,1.779516926E2
1.208420213E2,1.787251416E-2,6.873867824E-4,1.629435457E-3,9.998387098E-1,1.779518517E2,1.880977293E-1,-7.541889241E-2,1.779517247E2
1.208470213E2,1.787184762E-2,6.867403863E-4,1.637001289E-3,9.998387098E-1,1.779519281E2,1.889631987E-1,-7.532946266E-2,1.779518006E2
1.208520213E2,1.786500050E-2,6.931219250E-4,1.636240166E-3,9.998388290E-1,1.779527128E2,1.888885448E-1,-7.606346788E-2,1.779525842E2
1.208570213E2,1.785867816E-2,6.978400634E-4,1.630397630E-3,9.998389482E-1,1.779534374E2,1.882283213E-1,-7.661719151E-2,1.779533084E2
1.208620213E2,1.786157554E-2,6.958458107E-4,1.636053319E-3,9.998388886E-1,1.779531054E2,1.888724529E-1,-7.637658152E-2,1.779529762E2
1.208670213E2,1.785752656E-2,6.978624733E-4,1.642953372E-3,9.998389482E-1,1.779535694E2,1.896668344E-1,-7.659428113E-2,1.779534394E2
1.208720213E2,1.784727846E-2,7.058805204E-4,1.642064773E-3,9.998391271E-1,1.779547439E2,1.895806407E-1,-7.751669568E-2,1.779546124E2
1.208770213E2,1.784441922E-2,7.066075923E-4,1.636523986E-3,9.998391867E-1,1.779550716E2,1.889470784E-1,-7.761187142E-2,1.779549404E2
1.208820213E2,1.784399477E-2,7.076637703E-4,1.640690374E-3,9.998391867E-1,1.779551203E2,1.894265633E-1,-7.772444143E-2,1.779549885E2
1.208870213E2,1.784371417E-2,7.071728469E-4,1.643950585E-3,9.998391867E-1,1.779551525E2,1.897990714E-1,-7.766158121E-2,1.779550205E2
1.208920213E2,1.784435200E-2,7.081027143E-4,1.636610716E-3,9.998391867E-1,1.779550794E2,1.889600679E-1,-7.778300764E-2,1.779549478E2
1.208970213E2,1.784437814E-2,7.059272029E-4,1.637265319E-3,9.998391867E-1,1.779550764E2,1.890306208E-1,-7.753240882E-2,1.779549452E2
1.209020213E2,1.785087190E-2,7.019161712E-4,1.640996197E-3,9.998390675E-1,1.779543321E2,1.894503778E-1,-7.706399227E-2,1.779542014E2
1.209070213E2,1.784356634E-2,7.078646449E-4,1.645256882E-3,9.998391867E-1,1.779551694E2,1.899501418E-1,-7.773819959E-2,1.779550373E2
1.209120213E2,1.784689999E-2,7.058017654E-4,1.646206831E-3,9.998391271E-1,1.779547873E2,1.900550204E-1,-7.749927274E-2,1.779546555E2
1.209170213E2,1.785023832E-2,7.024009246E-4,1.647667261E-3,9.998390675E-1,1.779544047E2,1.902156481E-1,-7.710600559E-2,1.779542734E2
1.209220213E2,1.785008550E-2,7.039842312E-4,1.648646779E-3,9.998390675E-1,1.779544222E2,1.903311024E-1,-7.728543540E-2,1.779542906E2
1.209270213E2,1.783320665E-2,7.148930454E-4,1.645873766E-3,9.998393655E-1,1.779563567E2,1.900343806E-1,-7.854417334E-2,1.779562232E2
1.209320213E2,1.782981300E-2,7.170489407E-4,1.645494136E-3,9.998394251E-1,1.779567457E2,1.899950240E-1,-7.879260189E-2,1.779566117E2
1.209370213E2,1.784354960E-2,7.073554443E-4,1.645657350E-3,9.998391867E-1,1.779551713E2,1.899949822E-1,-7.767904313E-2,1.779550392E2
1.209420213E2,1.784004123E-2,7.107540150E-4,1.646016375E-3,9.998392463E-1,1.779555734E2,1.900427935E-1,-7.806836088E-2,1.779554406E2
1.209470213E2,1.782643567E-2,7.206732989E-4,1.644284930E-3,9.998394847E-1,1.779571327E2,1.898636200E-1,-7.921096833E-2,1.779569982E2
1.209520213E2,1.783347218E-2,7.141612004E-4,1.643312396E-3,9.998393655E-1,1.779563263E2,1.897394403E-1,-7.846550774E-2,1.779561931E2
1.209570213E2,1.784041048E-2,7.108454010E-4,1.641969779E-3,9.998392463E-1,1.779555311E2,1.895793763E-1,-7.808703433E-2,1.779553986E2
1.209620213E2,1.782650737E-2,7.198131643E-4,1.643884345E-3,9.998394847E-1,1.779571245E2,1.898159718E-1,-7.911322468E-2,1.779569902E2
1.209670213E2,1.782321495E-2,7.217471721E-4,1.642483287E-3,9.998395443E-1,1.779575019E2,1.896591377E-1,-7.933829693E-2,1.779573673E2
1.209720213E2,1.783704928E-2,7.132134633E-4,1.641164650E-3,9.998393059E-1,1.779559163E2,1.894917085E-1,-7.836063387E-2,1.779557835E2
1.209770213E2,1.783668576E-2,7.124445983E-4,1.645443961E-3,9.998393059E-1,1.779559580E2,1.899804041E-1,-7.826386424E-2,1.779558249E2
1.209820213E2,1.782990320E-2,7.171549369E-4,1.644470263E-3,9.998394251E-1,1.779567353E2,1.898779390E-1,-7.880682115E-2,1.779566015E2
1.209870213E2,1.783699739E-2,7.132014725E-4,1.641733805E-3,9.998393059E-1,1.779559223E2,1.895568900E-1,-7.835810648E-2,1.779557894E2
1.209920213E2,1.784061839E-2,7.100243820E-4,1.640064991E-3,9.998392463E-1,1.779555073E2,1.893594754E-1,-7.799682252E-2,1.779553751E2
1.209970213E2,1.782735759E-2,7.191016921E-4,1.634951332E-3,9.998394847E-1,1.779570271E2,1.887910980E-1,-7.904979777E-2,1.779568936E2
1.210020213E2,1.782702295E-2,7.204170688E-4,1.638018177E-3,9.998394847E-1,1.779570654E2,1.891451386E-1,-7.919430245E-2,1.779569314E2
1.210070213E2,1.782705956E-2,7.190203178E-4,1.638233429E-3,9.998394847E-1,1.779570612E2,1.891669498E-1,-7.903382551E-2,1.779569275E2
1.210120213E2,1.782691493E-2,7.204189315E-4,1.639192575E-3,9.998394847E-1,1.779570778E2,1.892796888E-1,-7.919213705E-2,1.779569437E2
1.210170213E2,1.782337850E-2,7.227059104E-4,1.640285482E-3,9.998395443E-1,1.779574831E2,1.894092988E-1,-7.945260077E-2,1.779573485E2
1.210220213E2,1.782655215E-2,7.201313274E-4,1.643259195E-3,9.998394847E-1,1.779571194E2,1.897449997E-1,-7.915094627E-2,1.779569850E2
1.210270213E2,1.783391173E-2,7.145394920E-4,1.638370450E-3,9.998393655E-1,1.779562759E2,1.891740315E-1,-7.851886652E-2,1.779561430E2
1.210320213E2,1.783372854E-2,7.142063114E-4,1.640508301E-3,9.998393655E-1,1.779562969E2,1.894182773E-1,-7.847635841E-2,1.779561639E2
1.210370213E2,1.783369893E-2,7.154391496E-4,1.640293049E-3,9.998393655E-1,1.779563003E2,1.893961327E-1,-7.861805416E-2,1.779561671E2
1.210420213E2,1.782396492E-2,7.206668961E-4,1.634801272E-3,9.998395443E-1,1.779574159E2,1.887768344E-1,-7.923007536E-2,1.779572821E2
1.210470213E2,1.782782625E-2,7.194878417E-4,1.629662584E-3,9.998394847E-1,1.779569734E2,1.881859733E-1,-7.910475689E-2,1.779568402E2
1.210520213E2,1.782790719E-2,7.196970982E-4,1.628684462E-3,9.998394847E-1,1.779569641E2,1.880743404E-1,-7.913071521E-2,1.779568310E2
1.210570213E2,1.783089332E-2,7.169461460E-4,1.633791137E-3,9.998394251E-1,1.779566218E2,1.886540446E-1,-7.880453307E-2,1.779564889E2
1.210620213E2,1.782084243E-2,7.230751798E-4,1.631321153E-3,9.998396039E-1,1.779577738E2,1.883827762E-1,-7.951369704E-2,1.779576398E2
1.210670213E2,1.782810067E-2,7.188536692E-4,1.626938116E-3,9.998394847E-1,1.779569419E2,1.878725471E-1,-7.903761238E-2,1.779568091E2
1.210720213E2,1.782817451E-2,7.194575737E-4,1.625861623E-3,9.998394847E-1,1.779569334E2,1.877504494E-1,-7.910898916E-2,1.779568006E2
1.210770213E2,1.782431729E-2,7.220066036E-4,1.630362240E-3,9.998395443E-1,1.779573755E2,1.882710034E-1,-7.939257084E-2,1.779572418E2
1.210820213E2,1.782485648E-2,7.217959501E-4,1.624550205E-3,9.998395443E-1,1.779573137E2,1.876047102E-1,-7.938020639E-2,1.779571805E2
1.210870213E2,1.782812321E-2,7.199228858E-4,1.626218087E-3,9.998394847E-1,1.779569393E2,1.877922374E-1,-7.916158280E-2,1.779568064E2
1.210920213E2,1.781053051E-2,7.304482278E-4,1.631057705E-3,9.998397827E-1,1.779589556E2,1.883668228E-1,-8.036093173E-2,1.779588203E2
1.210970213E2,1.781058745E-2,7.314528339E-4,1.629985287E-3,9.998397827E-1,1.779589491E2,1.882460073E-1,-8.047821087E-2,1.779588136E2
1.211020213E2,1.781413856E-2,7.296234835E-4,1.628560014E-3,9.998397231E-1,1.779585421E2,1.880792594E-1,-8.027085735E-2,1.779584071E2
1.211070213E2,1.781406936E-2,7.295344840E-4,1.629356644E-3,9.998397231E-1,1.779585500E2,1.881703449E-1,-8.025904710E-2,1.779584150E2
1.211120213E2,1.780368963E-2,7.356366259E-4,1.630335697E-3,9.998399019E-1,1.779597397E2,1.882941371E-1,-8.095814534E-2,1.779596034E2
1.211170213E2,1.780736762E-2,7.326938212E-4,1.628044411E-3,9.998398423E-1,1.779593181E2,1.880259078E-1,-8.062496182E-2,1.779591826E2
1.211220213E2,1.780398572E-2,7.354114205E-4,1.627200982E-3,9.998399019E-1,1.779597057E2,1.879345458E-1,-8.093868290E-2,1.779595697E2
1.211270213E2,1.780066648E-2,7.375852438E-4,1.625906210E-3,9.998399615E-1,1.779600861E2,1.877903656E-1,-8.119101011E-2,1.779599498E2
1.211320213E2,1.780422795E-2,7.351339445E-4,1.624673954E-3,9.998399019E-1,1.779596780E2,1.876444685E-1,-8.091200207E-2,1.779595422E2
1.211370213E2,1.780412839E-2,7.363522891E-4,1.625213190E-3,9.998399019E-1,1.779596894E2,1.877087288E-1,-8.105051025E-2,1.779595534E2
1.211420213E2,1.779404538E-2,7.442117203E-4,1.622050419E-3,9.998400807E-1,1.779608450E2,1.873615701E-1,-8.195933356E-2,1.779607077E2
1.211470213E2,1.779739027E-2,7.419147296E-4,1.623145770E-3,9.998400211E-1,1.779604616E2,1.874826573E-1,-8.169329895E-2,1.779603247E2
1.211520213E2,1.780103663E-2,7.373330882E-4,1.621963340E-3,9.998399615E-1,1.779600437E2,1.873381321E-1,-8.117009370E-2,1.779599078E2
1.211570213E2,1.780145376E-2,7.372759283E-4,1.617404865E-3,9.998399615E-1,1.779599959E2,1.868157683E-1,-8.117276600E-2,1.779598604E2
1.211620213E2,1.781510176E-2,7.293694653E-4,1.618103939E-3,9.998397231E-1,1.779584317E2,1.868808279E-1,-8.026291958E-2,1.779582976E2
1.211670213E2,1.782505342E-2,7.206926821E-4,1.622878364E-3,9.998395443E-1,1.779572912E2,1.874109231E-1,-7.925717959E-2,1.779571583E2
1.211720213E2,1.781145047E-2,7.300166762E-4,1.621175092E-3,9.998397827E-1,1.779588502E2,1.872337290E-1,-8.033148633E-2,1.779587157E2
1.211770213E2,1.781499333E-2,7.277522818E-4,1.620024792E-3,9.998397231E-1,1.779584441E2,1.870975961E-1,-8.007373231E-2,1.779583102E2
1.211820213E2,1.783507780E-2,7.139713853E-4,1.625877223E-3,9.998393655E-1,1.779561423E2,1.877415683E-1,-7.847909080E-2,1.779560105E2
1.211870213E2,1.782437244E-2,7.216823869E-4,1.629902748E-3,9.998395443E-1,1.779573692E2,1.882176998E-1,-7.935635249E-2,1.779572356E2
1.211920213E2,1.781489235E-2,7.275341195E-4,1.621232717E-3,9.998397231E-1,1.779584557E2,1.872355390E-1,-8.004628957E-2,1.779583217E2
1.211970213E2,1.781849037E-2,7.262147847E-4,1.619041082E-3,9.998396635E-1,1.779580433E2,1.869820291E-1,-7.989893061E-2,1.779579098E2
1.212020213E2,1.782453367E-2,7.208932075E-4,1.628488186E-3,9.998395443E-1,1.779573507E2,1.880540289E-1,-7.926879280E-2,1.779572174E2
1.212070213E2,1.781440735E-2,7.286395412E-4,1.626058482E-3,9.998397231E-1,1.779585113E2,1.877906624E-1,-8.016318026E-2,1.779583767E2
1.212120213E2,1.781849042E-2,7.267566980E-4,1.618797425E-3,9.998396635E-1,1.779580433E2,1.869552192E-1,-7.996151691E-2,1.779579097E2
1.212170213E2,1.782869337E-2,7.192070480E-4,1.620273339E-3,9.998394847E-1,1.779568740E2,1.871097087E-1,-7.909160591E-2,1.779567416E2
1.212220213E2,1.781801970E-2,7.258715923E-4,1.624366152E-3,9.998396635E-1,1.779580973E2,1.875914030E-1,-7.984882454E-2,1.779579633E2
1.212270213E2,1.781496884E-2,7.282249862E-4,1.620081603E-3,9.998397231E-1,1.779584469E2,1.871050684E-1,-8.012778018E-2,1.779583129E2
1.212320213E2,1.781852884E-2,7.264135056E-4,1.618528506E-3,9.998396635E-1,1.779580389E2,1.869237103E-1,-7.992273819E-2,1.779579054E2
1.212370213E2,1.782533403E-2,7.219641120E-4,1.619226998E-3,9.998395443E-1,1.779572590E2,1.869951927E-1,-7.941025772E-2,1.779571262E2
1.212420213E2,1.782215002E-2,7.221368141E-4,1.617392409E-3,9.998396039E-1,1.779576239E2,1.867850972E-1,-7.943438722E-2,1.779574912E2
1.212470213E2,1.782567197E-2,7.215726655E-4,1.615677262E-3,9.998395443E-1,1.779572203E2,1.865877138E-1,-7.937259665E-2,1.779570878E2
1.212520213E2,1.783286724E-2,7.164536510E-4,1.612321939E-3,9.998394251E-1,1.779563956E2,1.861933911E-1,-7.879160901E-2,1.779562644E2
1.212570213E2,1.783595379E-2,7.131642196E-4,1.616595546E-3,9.998393655E-1,1.779560419E2,1.866765522E-1,-7.840541837E-2,1.779559109E2
1.212620213E2,1.783554336E-2,7.125920383E-4,1.621369040E-3,9.998393655E-1,1.779560889E2,1.872222666E-1,-7.833018163E-2,1.779559577E2
1.212670213E2,1.784238412E-2,7.087775739E-4,1.621288247E-3,9.998392463E-1,1.779553049E2,1.872057453E-1,-7.789203054E-2,1.779551744E2
1.212720213E2,1.784240538E-2,7.076139445E-4,1.621562522E-3,9.998392463E-1,1.779553025E2,1.872347920E-1,-7.775814502E-2,1.779551722E2
1.212770213E2,1.784882101E-2,7.052061264E-4,1.625504578E-3,9.998391271E-1,1.779545672E2,1.876820205E-1,-7.747300893E-2,1.779544371E2
1.212820213E2,1.785174441E-2,7.023384096E-4,1.631295425E-3,9.998390675E-1,1.779542321E2,1.883398573E-1,-7.713204991E-2,1.779541021E2
1.212870213E2,1.784864323E-2,7.049893611E-4,1.627549413E-3,9.998391271E-1,1.779545875E2,1.879158472E-1,-7.744402423E-2,1.779544573E2
1.212920213E2,1.784848440E-2,7.036682800E-4,1.629861305E-3,9.998391271E-1,1.779546057E2,1.881780141E-1,-7.728796484E-2,1.779544756E2
1.212970213E2,1.785508366E-2,7.007315871E-4,1.631972846E-3,9.998390079E-1,1.779538494E2,1.884144411E-1,-7.694593604E-2,1.779537197E2
1.213020213E2,1.784817902E-2,7.056587492E-4,1.632343046E-3,9.998391271E-1,1.779546407E2,1.884664042E-1,-7.751100057E-2,1.779545100E2
1.213070213E2,1.785205746E-2,7.028644904E-4,1.627638936E-3,9.998390675E-1,1.779541962E2,1.879220210E-1,-7.719974623E-2,1.779540664E2
1.213120213E2,1.786567466E-2,6.919832667E-4,1.629346749E-3,9.998388290E-1,1.779526356E2,1.880964617E-1,-7.594699436E-2,1.779525077E2
1.213170213E2,1.786196668E-2,6.943357876E-4,1.632420579E-3,9.998388886E-1,1.779530605E2,1.884531756E-1,-7.621093562E-2,1.779529320E2
1.213220213E2,1.785907903E-2,6.977365119E-4,1.626045094E-3,9.998389482E-1,1.779533915E2,1.877294547E-1,-7.661415987E-2,1.779532628E2
1.213270213E2,1.786257982E-2,6.934510311E-4,1.626075245E-3,9.998388886E-1,1.779529903E2,1.877244039E-1,-7.612243983E-2,1.779528624E2
1.213320213E2,1.786914364E-2,6.889726501E-4,1.629157807E-3,9.998387694E-1,1.779522380E2,1.880689116E-1,-7.560179290E-2,1.779521107E2
1.213370213E2,1.786839991E-2,6.902123569E-4,1.636772533E-3,9.998387694E-1,1.779523232E2,1.889438400E-1,-7.572837721E-2,1.779521951E2
1.213420213E2,1.785820143E-2,6.965561188E-4,1.636158326E-3,9.998389482E-1,1.779534921E2,1.888856799E-1,-7.645838623E-2,1.779533628E2
1.213470213E2,1.785847503E-2,6.965824869E-4,1.633158070E-3,9.998389482E-1,1.779534607E2,1.885420050E-1,-7.646749583E-2,1.779533317E2
1.213520213E2,1.786543871E-2,6.919804728E-4,1.631933032E-3,9.998388290E-1,1.779526626E2,1.883927575E-1,-7.594142358E-2,1.779525345E2
1.213570213E2,1.785208565E-2,7.023363141E-4,1.627557678E-3,9.998390675E-1,1.779541930E2,1.879116325E-1,-7.713939234E-2,1.779540633E2
1.213620213E2,1.785237456E-2,7.020264165E-4,1.624519587E-3,9.998390675E-1,1.779541599E2,1.875629360E-1,-7.711004762E-2,1.779540305E2
1.213670213E2,1.785942157E-2,6.976954755E-4,1.622296171E-3,9.998389482E-1,1.779533522E2,1.872998697E-1,-7.661706669E-2,1.779532238E2
1.213720213E2,1.785934431E-2,6.977774319E-4,1.623111311E-3,9.998389482E-1,1.779533611E2,1.873934250E-1,-7.662480285E-2,1.779532326E2
1.213770213E2,1.784902943E-2,7.047224790E-4,1.623424469E-3,9.998391271E-1,1.779545433E2,1.874427218E-1,-7.742181161E-2,1.779544134E2
1.213820213E2,1.784577476E-2,7.052284200E-4,1.622275682E-3,9.998391867E-1,1.779549163E2,1.873118841E-1,-7.748273843E-2,1.779547864E2
1.213870213E2,1.784912612E-2,7.028019172E-4,1.623193966E-3,9.998391271E-1,1.779545322E2,1.874123908E-1,-7.720222012E-2,1.779544027E2
1.213920213E2,1.783865358E-2,7.105982513E-4,1.624780125E-3,9.998393059E-1,1.779557324E2,1.876092540E-1,-7.809419143E-2,1.779556014E2
1.213970213E2,1.784228450E-2,7.086098194E-4,1.622457406E-3,9.998392463E-1,1.779553163E2,1.873393492E-1,-7.787043843E-2,1.779551858E2
1.214020213E2,1.784561958E-2,7.059275522E-4,1.623678021E-3,9.998391867E-1,1.779549341E2,1.874739729E-1,-7.756000139E-2,1.779548040E2
1.214070213E2,1.783813052E-2,7.111020968E-4,1.630293089E-3,9.998393059E-1,1.779557924E2,1.882418831E-1,-7.814074698E-2,1.779556608E2
1.214120213E2,1.784545778E-2,7.072424632E-4,1.624883735E-3,9.998391867E-1,1.779549526E2,1.876147927E-1,-7.770821950E-2,1.779548222E2
1.214170213E2,1.784938691E-2,7.049809210E-4,1.619376824E-3,9.998391271E-1,1.779545023E2,1.869795253E-1,-7.745963466E-2,1.779543727E2
1.214220213E2,1.784950846E-2,7.045846432E-4,1.618209062E-3,9.998391271E-1,1.779544884E2,1.868449294E-1,-7.741659782E-2,1.779543590E2
1.214270213E2,1.783923536E-2,7.099854411E-4,1.618648996E-3,9.998393059E-1,1.779556658E2,1.869055812E-1,-7.803640487E-2,1.779555353E2
1.214320213E2,1.783596491E-2,7.133380859E-4,1.616396126E-3,9.998393655E-1,1.779560406E2,1.866540603E-1,-7.842574432E-2,1.779559097E2
1.214370213E2,1.783286780E-2,7.145697018E-4,1.613151515E-3,9.998394251E-1,1.779563956E2,1.862845880E-1,-7.857406346E-2,1.779562646E2
1.214420213E2,1.783653883E-2,7.141752867E-4,1.609679544E-3,9.998393655E-1,1.779559748E2,1.858862741E-1,-7.853528698E-2,1.779558442E2
1.214470213E2,1.784665461E-2,7.059425116E-4,1.612255117E-3,9.998391867E-1,1.779548154E2,1.861653213E-1,-7.758488348E-2,1.779546862E2
1.214520213E2,1.783634053E-2,7.136606146E-4,1.612103311E-3,9.998393655E-1,1.779559975E2,1.861629060E-1,-7.847140197E-2,1.779558669E2
1.214570213E2,1.782633346E-2,7.207100280E-4,1.608749153E-3,9.998395443E-1,1.779571445E2,1.857922257E-1,-7.928779136E-2,1.779570127E2
1.214620213E2,1.783300958E-2,7.158513181E-4,1.611014595E-3,9.998394251E-1,1.779563793E2,1.860423841E-1,-7.872524305E-2,1.779562483E2
1.214670213E2,1.783304251E-2,7.151582977E-4,1.610957901E-3,9.998394251E-1,1.779563755E2,1.860344746E-1,-7.864595121E-2,1.779562447E2
1.214720213E2,1.782330686E-2,7.224378060E-4,1.604458666E-3,9.998396039E-1,1.779574913E2,1.853039387E-1,-7.949507434E-2,1.779573596E2
1.214770213E2,1.782699845E-2,7.207100280E-4,1.601363416E-3,9.998395443E-1,1.779570682E2,1.849460681E-1,-7.930275654E-2,1.779569371E2
1.214820213E2,1.784040210E-2,7.095737965E-4,1.605920261E-3,9.998393059E-1,1.779555320E2,1.854464543E-1,-7.801504714E-2,1.779554026E2
1.214870213E2,1.784698381E-2,7.056320901E-4,1.608743099E-3,9.998391867E-1,1.779547777E2,1.857623276E-1,-7.755643915E-2,1.779546488E2
1.214920213E2,1.783716808E-2,7.131806342E-4,1.603134442E-3,9.998393655E-1,1.779559027E2,1.851343945E-1,-7.843458846E-2,1.779557728E2
1.214970213E2,1.784058046E-2,7.112601306E-4,1.603190554E-3,9.998393059E-1,1.779555116E2,1.851371642E-1,-7.821380366E-2,1.779553821E2
1.215020213E2,1.784308783E-2,7.083130185E-4,1.613729051E-3,9.998392463E-1,1.779552242E2,1.863387662E-1,-7.785413024E-2,1.779550945E2
1.215070213E2,1.783935002E-2,7.111545419E-4,1.616871101E-3,9.998393059E-1,1.779556526E2,1.867042808E-1,-7.817396574E-2,1.779555221E2
1.215120213E2,1.783641295E-2,7.143191178E-4,1.611009939E-3,9.998393655E-1,1.779559892E2,1.860389863E-1,-7.854907020E-2,1.779558585E2
1.215170213E2,1.784644166E-2,7.066556136E-4,1.614298671E-3,9.998391867E-1,1.779548399E2,1.864009007E-1,-7.766244606E-2,1.779547103E2
1.215220213E2,1.783921965E-2,7.106639096E-4,1.618524315E-3,9.998393059E-1,1.779556676E2,1.868926821E-1,-7.811439700E-2,1.779555370E2
1.215270213E2,1.783240415E-2,7.170961471E-4,1.617150963E-3,9.998394251E-1,1.779564487E2,1.867479462E-1,-7.885543961E-2,1.779563170E2
1.215320213E2,1.782923598E-2,7.194126374E-4,1.614199951E-3,9.998394847E-1,1.779568118E2,1.864143221E-1,-7.912746865E-2,1.779566799E2
1.215370213E2,1.782891983E-2,7.176870131E-4,1.618454349E-3,9.998394847E-1,1.779568480E2,1.868982124E-1,-7.892112477E-2,1.779567161E2
1.215420213E2,1.782844798E-2,7.191216573E-4,1.623008982E-3,9.998394847E-1,1.779569021E2,1.874229473E-1,-7.907627909E-2,1.779567696E2
1.215470213E2,1.782846096E-2,7.187930169E-4,1.623012009E-3,9.998394847E-1,1.779569006E2,1.874226236E-1,-7.903861708E-2,1.779567681E2
1.215520213E2,1.783889714E-2,7.113596657E-4,1.621770090E-3,9.998393059E-1,1.779557045E2,1.872659594E-1,-7.818753689E-2,1.779555735E2
1.215570213E2,1.784553441E-2,7.071802393E-4,1.624068944E-3,9.998391867E-1,1.779549438E2,1.875213179E-1,-7.770274223E-2,1.779548135E2
1.215620213E2,1.784572529E-2,7.052266737E-4,1.622820506E-3,9.998391867E-1,1.779549220E2,1.873742990E-1,-7.748143340E-2,1.779547921E2
1.215670213E2,1.784919775E-2,7.036242168E-4,1.622049604E-3,9.998391271E-1,1.779545240E2,1.872829649E-1,-7.729876096E-2,1.779543944E2
1.215720213E2,1.786303795E-2,6.934079574E-4,1.621053205E-3,9.998388886E-1,1.779529378E2,1.871489579E-1,-7.612769927E-2,1.779528102E2
1.215770213E2,1.785949979E-2,6.954575656E-4,1.622395939E-3,9.998389482E-1,1.779533433E2,1.873067256E-1,-7.636044345E-2,1.779532153E2
1.215820213E2,1.786601775E-2,6.929290830E-4,1.625177450E-3,9.998388290E-1,1.779525962E2,1.876207334E-1,-7.606383128E-2,1.779524685E2
1.215870213E2,1.786288105E-2,6.930783857E-4,1.622922020E-3,9.998388886E-1,1.779529557E2,1.873623879E-1,-7.608614297E-2,1.779528281E2
1.215920213E2,1.787328499E-2,6.876394036E-4,1.620851224E-3,9.998387098E-1,1.779517633E2,1.871147795E-1,-7.546527372E-2,1.779516369E2
1.215970213E2,1.786988450E-2,6.886486663E-4,1.621148898E-3,9.998387694E-1,1.779521531E2,1.871506955E-1,-7.558093489E-2,1.779520265E2
1.216020213E2,1.787359228E-2,6.855597603E-4,1.618341659E-3,9.998387098E-1,1.779517281E2,1.868230129E-1,-7.523208531E-2,1.779516023E2
1.216070213E2,1.786996360E-2,6.882243906E-4,1.620457042E-3,9.998387694E-1,1.779521440E2,1.870705641E-1,-7.553372633E-2,1.779520175E2
1.216120213E2,1.787342182E-2,6.864158204E-4,1.619860763E-3,9.998387098E-1,1.779517477E2,1.869988027E-1,-7.532708710E-2,1.779516216E2
1.216170213E2,1.787667336E-2,6.844826858E-4,1.621587551E-3,9.998386502E-1,1.779513750E2,1.871929310E-1,-7.510145614E-2,1.779512491E2
1.216220213E2,1.787368446E-2,6.876895204E-4,1.616418827E-3,9.998387098E-1,1.779517176E2,1.866070772E-1,-7.548001989E-2,1.779515915E2
1.216270213E2,1.787732319E-2,6.840544520E-4,1.614589128E-3,9.998386502E-1,1.779513005E2,1.863902687E-1,-7.506660820E-2,1.779511753E2
1.216320213E2,1.788090093E-2,6.823061267E-4,1.612620079E-3,9.998385906E-1,1.779508905E2,1.861613536E-1,-7.486966501E-2,1.779507657E2
1.216370213E2,1.788078272E-2,6.827654433E-4,1.613735920E-3,9.998385906E-1,1.779509040E2,1.862901318E-1,-7.492002587E-2,1.779507791E2
1.216420213E2,1.787395365E-2,6.860293797E-4,1.614146051E-3,9.998387098E-1,1.779516867E2,1.863432967E-1,-7.529441755E-2,1.779515611E2
1.216470213E2,1.788092820E-2,6.808037870E-4,1.612952561E-3,9.998385906E-1,1.779508874E2,1.861963705E-1,-7.469685090E-2,1.779507628E2
1.216520213E2,1.788399487E-2,6.782559212E-4,1.616969239E-3,9.998385310E-1,1.779505359E2,1.866515818E-1,-7.439613082E-2,1.779504116E2
1.216570213E2,1.788370205E-2,6.791558117E-4,1.619827584E-3,9.998385310E-1,1.779505694E2,1.869808950E-1,-7.449343069E-2,1.779504447E2
1.216620213E2,1.789059980E-2,6.753227790E-4,1.618842594E-3,9.998384118E-1,1.779497789E2,1.868606956E-1,-7.405499782E-2,1.779496550E2
1.216670213E2,1.789068320E-2,6.746254512E-4,1.618211507E-3,9.998384118E-1,1.779497693E2,1.867869661E-1,-7.397638112E-2,1.779496456E2
1.216720213E2,1.788366899E-2,6.784677389E-4,1.620480791E-3,9.998385310E-1,1.779505732E2,1.870543223E-1,-7.441326353E-2,1.779504486E2
1.216770213E2,1.788304232E-2,6.804226432E-4,1.626565587E-3,9.998385310E-1,1.779506451E2,1.877554386E-1,-7.462489020E-2,1.779505196E2
1.216820213E2,1.788996293E-2,6.751688779E-4,1.625929493E-3,9.998384118E-1,1.779498519E2,1.876723033E-1,-7.402295461E-2,1.779497275E2
1.216870213E2,1.788959647E-2,6.742789992E-4,1.630324870E-3,9.998384118E-1,1.779498939E2,1.881740451E-1,-7.391205617E-2,1.779497693E2
1.216920213E2,1.788585707E-2,6.771941553E-4,1.633587526E-3,9.998384714E-1,1.779503225E2,1.885535583E-1,-7.424007093E-2,1.779501971E2
1.216970213E2,1.789653068E-2,6.706080167E-4,1.628842438E-3,9.998382926E-1,1.779490992E2,1.879971805E-1,-7.349319572E-2,1.779489754E2
1.217020213E2,1.789325962E-2,6.712999893E-4,1.627906575E-3,9.998383522E-1,1.779494741E2,1.878911341E-1,-7.357501124E-2,1.779493502E2
1.217070213E2,1.788935069E-2,6.752062473E-4,1.632636413E-3,9.998384118E-1,1.779499221E2,1.884407695E-1,-7.401360121E-2,1.779497971E2
1.217120213E2,1.788926289E-2,6.762526464E-4,1.633165288E-3,9.998384118E-1,1.779499321E2,1.885035035E-1,-7.413242269E-2,1.779498070E2
1.217170213E2,1.789313602E-2,6.720336969E-4,1.628961996E-3,9.998383522E-1,1.779494882E2,1.880135530E-1,-7.365693343E-2,1.779493642E2
1.217220213E2,1.789278192E-2,6.735427887E-4,1.632225001E-3,9.998383522E-1,1.779495288E2,1.883904753E-1,-7.382321055E-2,1.779494042E2
1.217270213E2,1.788553500E-2,6.785272271E-4,1.636557863E-3,9.998384714E-1,1.779503594E2,1.888965888E-1,-7.438677765E-2,1.779502335E2
1.217320213E2,1.789263828E-2,6.724601844E-4,1.634244807E-3,9.998383522E-1,1.779495453E2,1.886196607E-1,-7.369505875E-2,1.779494208E2
1.217370213E2,1.789326538E-2,6.715579657E-4,1.627736841E-3,9.998383522E-1,1.779494734E2,1.878722167E-1,-7.360491535E-2,1.779493495E2
1.217420213E2,1.788627841E-2,6.765061407E-4,1.629253617E-3,9.998384714E-1,1.779502742E2,1.880556282E-1,-7.417004693E-2,1.779501493E2
1.217470213E2,1.788885932E-2,6.763109122E-4,1.637555775E-3,9.998384118E-1,1.779499784E2,1.890066263E-1,-7.413017380E-2,1.779498529E2
1.217520213E2,1.788536752E-2,6.784174475E-4,1.638432732E-3,9.998384714E-1,1.779503786E2,1.891111615E-1,-7.437038870E-2,1.779502526E2
1.217570213E2,1.787548223E-2,6.849063211E-4,1.634488115E-3,9.998386502E-1,1.779515115E2,1.886717719E-1,-7.512378945E-2,1.779513846E2
1.217620213E2,1.787905206E-2,6.832731306E-4,1.632586354E-3,9.998385906E-1,1.779511024E2,1.884508021E-1,-7.493989265E-2,1.779509759E2
1.217670213E2,1.788523929E-2,6.776995724E-4,1.640128670E-3,9.998384714E-1,1.779503933E2,1.893039899E-1,-7.428468774E-2,1.779502673E2
1.217720213E2,1.787790977E-2,6.833624211E-4,1.645011012E-3,9.998385906E-1,1.779512333E2,1.898744356E-1,-7.492488276E-2,1.779511059E2
1.217770213E2,1.786494698E-2,6.913802936E-4,1.637560898E-3,9.998388290E-1,1.779527190E2,1.890362955E-1,-7.586122988E-2,1.779525906E2
1.217820213E2,1.787830708E-2,6.835444365E-4,1.640611445E-3,9.998385906E-1,1.779511878E2,1.893707646E-1,-7.495467535E-2,1.779510607E2
1.217870213E2,1.787808383E-2,6.819864502E-4,1.643689815E-3,9.998385906E-1,1.779512134E2,1.897202550E-1,-7.476990732E-2,1.779510863E2
1.217920213E2,1.787121040E-2,6.868251367E-4,1.643907861E-3,9.998387098E-1,1.779520011E2,1.897546343E-1,-7.532514840E-2,1.779518731E2
1.217970213E2,1.787834949E-2,6.826322642E-4,1.640529139E-3,9.998385906E-1,1.779511829E2,1.893594686E-1,-7.485032554E-2,1.779510560E2
1.218020213E2,1.788436223E-2,6.772406050E-4,1.649853308E-3,9.998384714E-1,1.779504938E2,1.904171693E-1,-7.421233758E-2,1.779503672E2
1.218070213E2,1.787052850E-2,6.878980785E-4,1.650857506E-3,9.998387098E-1,1.779520793E2,1.905530256E-1,-7.543397563E-2,1.779519506E2
1.218120213E2,1.786406858E-2,6.937271100E-4,1.646128600E-3,9.998388290E-1,1.779528196E2,1.900226655E-1,-7.611273825E-2,1.779526902E2
1.218170213E2,1.787442247E-2,6.855124957E-4,1.645784592E-3,9.998386502E-1,1.779516330E2,1.899672108E-1,-7.517030116E-2,1.779515051E2
1.218220213E2,1.787354466E-2,6.862494629E-4,1.654985244E-3,9.998386502E-1,1.779517336E2,1.910228052E-1,-7.523605898E-2,1.779516049E2
1.218270213E2,1.786003396E-2,6.962833577E-4,1.652612817E-3,9.998388886E-1,1.779532820E2,1.907705105E-1,-7.639311084E-2,1.779531516E2
1.218320213E2,1.786041746E-2,6.965499488E-4,1.648350386E-3,9.998388886E-1,1.779532381E2,1.902827239E-1,-7.643230613E-2,1.779531079E2
1.218370213E2,1.786395028E-2,6.919956650E-4,1.648139907E-3,9.998388290E-1,1.779528332E2,1.902495540E-1,-7.591026611E-2,1.779527039E2
1.218420213E2,1.785668049E-2,6.989983376E-4,1.651643426E-3,9.998389482E-1,1.779536664E2,1.906647443E-1,-7.670679821E-2,1.779535355E2
1.218470213E2,1.785312005E-2,7.015215233E-4,1.652980573E-3,9.998390079E-1,1.779540744E2,1.908228357E-1,-7.699383079E-2,1.779539429E2
1.218520213E2,1.785297009E-2,6.995967124E-4,1.655414118E-3,9.998390079E-1,1.779540916E2,1.910977056E-1,-7.676834886E-2,1.779539603E2
1.218570213E2,1.785258002E-2,7.001150516E-4,1.659396919E-3,9.998390079E-1,1.779541363E2,1.915550598E-1,-7.681966281E-2,1.779540046E2
1.218620213E2,1.784898936E-2,7.037078612E-4,1.660589245E-3,9.998390675E-1,1.779545479E2,1.916987428E-1,-7.722955142E-2,1.779544153E2
1.218670213E2,1.784230757E-2,7.082710508E-4,1.658678637E-3,9.998391867E-1,1.779553137E2,1.914886532E-1,-7.775755830E-2,1.779551804E2
1.218720213E2,1.784172161E-2,7.095232722E-4,1.664436539E-3,9.998391867E-1,1.779553808E2,1.921508715E-1,-7.788936863E-2,1.779552469E2
1.218770213E2,1.784505086E-2,7.059063064E-4,1.666087774E-3,9.998391271E-1,1.779549993E2,1.923329210E-1,-7.747094473E-2,1.779548659E2
1.218820213E2,1.784509404E-2,7.060501957E-4,1.665564254E-3,9.998391271E-1,1.779549943E2,1.922732371E-1,-7.748849290E-2,1.779548609E2
1.218870213E2,1.784887995E-2,7.045849343E-4,1.661393093E-3,9.998390675E-1,1.779545604E2,1.917926283E-1,-7.732841719E-2,1.779544276E2
1.218920213E2,1.785526096E-2,6.994638243E-4,1.666724100E-3,9.998389482E-1,1.779538291E2,1.923934339E-1,-7.672954315E-2,1.779536969E2
1.218970213E2,1.785460842E-2,6.992974668E-4,1.673769322E-3,9.998389482E-1,1.779539039E2,1.932002394E-1,-7.669619322E-2,1.779537712E2
1.219020213E2,1.785129861E-2,7.021470228E-4,1.672273967E-3,9.998390079E-1,1.779542832E2,1.930344876E-1,-7.702637453E-2,1.779541501E2
1.219070213E2,1.784774057E-2,7.037775358E-4,1.673928346E-3,9.998390675E-1,1.779546910E2,1.932270969E-1,-7.721049073E-2,1.779545574E2
1.219120213E2,1.784435079E-2,7.070770371E-4,1.673074788E-3,9.998391271E-1,1.779550795E2,1.931357882E-1,-7.759092564E-2,1.779549453E2
1.219170213E2,1.784104394E-2,7.082235534E-4,1.672235900E-3,9.998391867E-1,1.779554585E2,1.930417616E-1,-7.772463960E-2,1.779553242E2
1.219220213E2,1.784835383E-2,7.040765486E-4,1.667250530E-3,9.998390675E-1,1.779546207E2,1.924626549E-1,-7.725828991E-2,1.779544876E2
1.219270213E2,1.785188606E-2,7.010155823E-4,1.666467520E-3,9.998390079E-1,1.779542159E2,1.923669527E-1,-7.690850730E-2,1.779540834E2
1.219320213E2,1.784500343E-2,7.069106214E-4,1.666169963E-3,9.998391271E-1,1.779550047E2,1.923443881E-1,-7.758585333E-2,1.779548711E2
1.219370213E2,1.784862577E-2,7.041681674E-4,1.664298004E-3,9.998390675E-1,1.779545895E2,1.921245821E-1,-7.727477383E-2,1.779544566E2
1.219420213E2,1.784555467E-2,7.055256283E-4,1.660844544E-3,9.998391271E-1,1.779549415E2,1.917314460E-1,-7.743795518E-2,1.779548086E2
1.219470213E2,1.784219897E-2,7.084165118E-4,1.659784350E-3,9.998391867E-1,1.779553261E2,1.916156276E-1,-7.777198416E-2,1.779551927E2
1.219520213E2,1.785245760E-2,7.021165802E-4,1.659868285E-3,9.998390079E-1,1.779541504E2,1.916131518E-1,-7.704804336E-2,1.779540182E2
1.219570213E2,1.785232018E-2,7.013555733E-4,1.661667018E-3,9.998390079E-1,1.779541661E2,1.918176713E-1,-7.695719877E-2,1.779540340E2
1.219620213E2,1.784941509E-2,7.037787582E-4,1.655976754E-3,9.998390675E-1,1.779544991E2,1.911704513E-1,-7.724702766E-2,1.779543669E2
1.219670213E2,1.784986320E-2,7.031795103E-4,1.651394763E-3,9.998390675E-1,1.779544477E2,1.906442851E-1,-7.718765708E-2,1.779543160E2
1.219720213E2,1.784607206E-2,7.063602679E-4,1.654919819E-3,9.998391271E-1,1.779548822E2,1.910543765E-1,-7.754560020E-2,1.779547496E2
1.219770213E2,1.783937032E-2,7.109368453E-4,1.653193147E-3,9.998392463E-1,1.779556503E2,1.908653832E-1,-7.807476381E-2,1.779555169E2
1.219820213E2,1.784351179E-2,7.087658742E-4,1.645460492E-3,9.998391867E-1,1.779551756E2,1.899753090E-1,-7.784105029E-2,1.779550433E2
1.219870213E2,1.785022201E-2,7.024353254E-4,1.647829311E-3,9.998390675E-1,1.779544066E2,1.902342838E-1,-7.710961860E-2,1.779542753E2
1.219920213E2,1.784995888E-2,7.039939519E-4,1.650013030E-3,9.998390675E-1,1.779544367E2,1.904876486E-1,-7.728377845E-2,1.779543050E2
1.219970213E2,1.784313279E-2,7.086970727E-4,1.649594749E-3,9.998391867E-1,1.779552191E2,1.904488153E-1,-7.782478574E-2,1.779550864E2
1.220020213E2,1.785013882E-2,7.036448224E-4,1.648214413E-3,9.998390675E-1,1.779544161E2,1.902808744E-1,-7.724742256E-2,1.779542846E2
1.220070213E2,1.785320698E-2,7.002178463E-4,1.652594307E-3,9.998390079E-1,1.779540645E2,1.907759189E-1,-7.684523809E-2,1.779539333E2
1.220120213E2,1.785649384E-2,6.977055455E-4,1.654205960E-3,9.998389482E-1,1.779536878E2,1.909556827E-1,-7.655347072E-2,1.779535569E2
1.220170213E2,1.785710813E-2,6.969883107E-4,1.647865050E-3,9.998389482E-1,1.779536174E2,1.902277615E-1,-7.648415364E-2,1.779534871E2
1.220220213E2,1.786394738E-2,6.931570242E-4,1.647683326E-3,9.998388290E-1,1.779528335E2,1.901996195E-1,-7.604426194E-2,1.779527040E2
1.220270213E2,1.785978113E-2,6.956364377E-4,1.655614935E-3,9.998388886E-1,1.779533110E2,1.911131302E-1,-7.631289495E-2,1.779531804E2
1.220320213E2,1.785666028E-2,6.987474626E-4,1.651967992E-3,9.998389482E-1,1.779536687E2,1.907014160E-1,-7.667739435E-2,1.779535378E2
1.220370213E2,1.785727450E-2,6.981835468E-4,1.645554556E-3,9.998389482E-1,1.779535983E2,1.899654990E-1,-7.662579221E-2,1.779534680E2
1.220420213E2,1.785728537E-2,6.972873234E-4,1.645816606E-3,9.998389482E-1,1.779535971E2,1.899936896E-1,-7.652257074E-2,1.779534669E2
1.220470213E2,1.786335777E-2,6.941180909E-4,1.653660205E-3,9.998388290E-1,1.779529011E2,1.908863343E-1,-7.614225112E-2,1.779527710E2
1.220520213E2,1.785992073E-2,6.964752683E-4,1.653755317E-3,9.998388886E-1,1.779532950E2,1.909017949E-1,-7.641278187E-2,1.779531644E2
1.220570213E2,1.785369984E-2,7.004609797E-4,1.647157827E-3,9.998390079E-1,1.779540080E2,1.901535778E-1,-7.688412374E-2,1.779538771E2
1.220620213E2,1.786036877E-2,6.948322989E-4,1.649602433E-3,9.998388886E-1,1.779532437E2,1.904226555E-1,-7.623295619E-2,1.779531137E2
1.220670213E2,1.786339977E-2,6.939254235E-4,1.653287327E-3,9.998388290E-1,1.779528963E2,1.908432211E-1,-7.612093192E-2,1.779527662E2
1.220720213E2,1.785704984E-2,6.971443654E-4,1.648430596E-3,9.998389482E-1,1.779536241E2,1.902928730E-1,-7.650088708E-2,1.779534937E2
1.220770213E2,1.785797174E-2,6.967444206E-4,1.638583257E-3,9.998389482E-1,1.779535184E2,1.891638807E-1,-7.647504132E-2,1.779533889E2
1.220820213E2,1.787493245E-2,6.857965491E-4,1.640117727E-3,9.998386502E-1,1.779515745E2,1.893185586E-1,-7.521435742E-2,1.779514470E2
1.220870213E2,1.787485866E-2,6.841681898E-4,1.641601324E-3,9.998386502E-1,1.779515830E2,1.894851979E-1,-7.502476614E-2,1.779514557E2
1.220920213E2,1.787510733E-2,6.863430026E-4,1.637981739E-3,9.998386502E-1,1.779515545E2,1.890749637E-1,-7.528130869E-2,1.779514270E2
1.220970213E2,1.787923872E-2,6.817966350E-4,1.631158870E-3,9.998385906E-1,1.779510810E2,1.882842386E-1,-7.477361562E-2,1.779509549E2
1.221020213E2,1.787276758E-2,6.865039468E-4,1.627026242E-3,9.998387098E-1,1.779518226E2,1.878199078E-1,-7.532263006E-2,1.779516960E2
1.221070213E2,1.786212665E-2,6.949667586E-4,1.630400424E-3,9.998388886E-1,1.779530422E2,1.882230233E-1,-7.628733302E-2,1.779529137E2
1.221120213E2,1.786269130E-2,6.944323541E-4,1.624430995E-3,9.998388886E-1,1.779529775E2,1.875380340E-1,-7.623821801E-2,1.779528495E2
1.221170213E2,1.787656107E-2,6.836458342E-4,1.623177668E-3,9.998386502E-1,1.779513879E2,1.873733932E-1,-7.500233891E-2,1.779512621E2
1.221220213E2,1.787987892E-2,6.824043812E-4,1.623871038E-3,9.998385906E-1,1.779510076E2,1.874505398E-1,-7.485805928E-2,1.779508820E2
1.221270213E2,1.786963977E-2,6.893813843E-4,1.623533433E-3,9.998387694E-1,1.779521811E2,1.874253821E-1,-7.566004735E-2,1.779520542E2
1.221320213E2,1.786980977E-2,6.899393629E-4,1.621423871E-3,9.998387694E-1,1.779521616E2,1.871848379E-1,-7.572826493E-2,1.779520348E2
1.221370213E2,1.787995575E-2,6.830182392E-4,1.622766606E-3,9.998385906E-1,1.779509988E2,1.873252649E-1,-7.493063950E-2,1.779508731E2
1.221420213E2,1.788310930E-2,6.807763129E-4,1.625680947E-3,9.998385310E-1,1.779506374E2,1.876548122E-1,-7.466721162E-2,1.779505119E2
1.221470213E2,1.787232500E-2,6.864246679E-4,1.631913939E-3,9.998387098E-1,1.779518734E2,1.883797126E-1,-7.530361925E-2,1.779517464E2
1.221520213E2,1.787273319E-2,6.861466100E-4,1.627554651E-3,9.998387098E-1,1.779518266E2,1.878797149E-1,-7.528061304E-2,1.779517000E2
1.221570213E2,1.787953337E-2,6.832997897E-4,1.627295627E-3,9.998385906E-1,1.779510472E2,1.878447159E-1,-7.495369691E-2,1.779509212E2
1.221620213E2,1.787593458E-2,6.847860641E-4,1.629584003E-3,9.998386502E-1,1.779514597E2,1.881096784E-1,-7.511997224E-2,1.779513332E2
1.221670213E2,1.786568016E-2,6.922319299E-4,1.629180857E-3,9.998388290E-1,1.779526349E2,1.880779645E-1,-7.597582308E-2,1.779525070E2
1.221720213E2,1.787591189E-2,6.851627841E-4,1.629674574E-3,9.998386502E-1,1.779514623E2,1.881208255E-1,-7.516295295E-2,1.779513357E2
1.221770213E2,1.787554216E-2,6.854950334E-4,1.633585664E-3,9.998386502E-1,1.779515047E2,1.885695855E-1,-7.519307742E-2,1.779513777E2
1.221820213E2,1.786153369E-2,6.939012092E-4,1.637335634E-3,9.998388886E-1,1.779531102E2,1.890153880E-1,-7.615116553E-2,1.779529813E2
1.221870213E2,1.786481287E-2,6.933721597E-4,1.638181624E-3,9.998388290E-1,1.779527343E2,1.891114826E-1,-7.608819878E-2,1.779526055E2
1.221920213E2,1.787146109E-2,6.871595397E-4,1.641040319E-3,9.998387098E-1,1.779519724E2,1.894267938E-1,-7.536928729E-2,1.779518446E2
1.221970213E2,1.787387205E-2,6.851424696E-4,1.651905244E-3,9.998386502E-1,1.779516961E2,1.906676757E-1,-7.511547361E-2,1.779515678E2
1.222020213E2,1.786381570E-2,6.919918233E-4,1.649599639E-3,9.998388290E-1,1.779528486E2,1.904167825E-1,-7.590686323E-2,1.779527192E2
1.222070213E2,1.785392053E-2,7.003191276E-4,1.644824399E-3,9.998390079E-1,1.779539827E2,1.898859553E-1,-7.687260363E-2,1.779538520E2
1.222120213E2,1.786068303E-2,6.964319618E-4,1.645520329E-3,9.998388886E-1,1.779532077E2,1.899582532E-1,-7.642453007E-2,1.779530777E2
1.222170213E2,1.786070516E-2,6.958267186E-4,1.645536162E-3,9.998388886E-1,1.779532051E2,1.899588299E-1,-7.635514883E-2,1.779530753E2
1.222220213E2,1.785750915E-2,6.981478073E-4,1.643021358E-3,9.998389482E-1,1.779535714E2,1.896752065E-1,-7.662683691E-2,1.779534413E2
1.222270213E2,1.785769982E-2,6.971935509E-4,1.641353359E-3,9.998389482E-1,1.779535496E2,1.894821595E-1,-7.652088210E-2,1.779534198E2
1.222320213E2,1.786467740E-2,6.925345515E-4,1.640012255E-3,9.998388290E-1,1.779527499E2,1.893194990E-1,-7.598850919E-2,1.779526211E2
1.222370213E2,1.786764284E-2,6.909465301E-4,1.644708216E-3,9.998387694E-1,1.779524100E2,1.898545050E-1,-7.579638760E-2,1.779522812E2
1.222420213E2,1.785708345E-2,6.983295316E-4,1.647564583E-3,9.998389482E-1,1.779536202E2,1.901960790E-1,-7.663844112E-2,1.779534897E2
1.222470213E2,1.785723770E-2,6.974310381E-4,1.646272838E-3,9.998389482E-1,1.779536025E2,1.900462522E-1,-7.653811201E-2,1.779534723E2
1.222520213E2,1.786716392E-2,6.915695267E-4,1.649641781E-3,9.998387694E-1,1.779524649E2,1.904210003E-1,-7.585775544E-2,1.779523355E2
1.222570213E2,1.785331236E-2,6.998355966E-4,1.651617582E-3,9.998390079E-1,1.779540524E2,1.906632381E-1,-7.680342078E-2,1.779539213E2
1.222620213E2,1.785324319E-2,6.995963631E-4,1.652466366E-3,9.998390079E-1,1.779540603E2,1.907599914E-1,-7.677428765E-2,1.779539292E2
1.222670213E2,1.787049704E-2,6.882604212E-4,1.651047030E-3,9.998387098E-1,1.779520829E2,1.905754798E-1,-7.547510823E-2,1.779519541E2
1.222720213E2,1.785937601E-2,6.967993686E-4,1.659491449E-3,9.998388886E-1,1.779533575E2,1.915596255E-1,-7.643827910E-2,1.779532264E2
1.222770213E2,1.785576221E-2,6.984402426E-4,1.661776099E-3,9.998389482E-1,1.779537716E2,1.918244678E-1,-7.662229659E-2,1.779536400E2
1.222820213E2,1.786649347E-2,6.912703975E-4,1.657012152E-3,9.998387694E-1,1.779525417E2,1.912647860E-1,-7.580852026E-2,1.779524119E2
1.222870213E2,1.786596202E-2,6.909864605E-4,1.662850496E-3,9.998387694E-1,1.779526026E2,1.919330839E-1,-7.576413683E-2,1.779524724E2
1.222920213E2,1.786193420E-2,6.934431149E-4,1.669247169E-3,9.998388290E-1,1.779530643E2,1.926706972E-1,-7.603328287E-2,1.779529331E2
1.222970213E2,1.786270181E-2,6.925776834E-4,1.661373884E-3,9.998388290E-1,1.779529763E2,1.917669140E-1,-7.595009675E-2,1.779528459E2
1.223020213E2,1.786286151E-2,6.942471373E-4,1.658958266E-3,9.998388290E-1,1.779529580E2,1.914935782E-1,-7.614628563E-2,1.779528274E2
1.223070213E2,1.786284311E-2,6.932126125E-4,1.659588888E-3,9.998388290E-1,1.779529601E2,1.915637113E-1,-7.602646948E-2,1.779528297E2
1.223120213E2,1.786274623E-2,6.944367196E-4,1.660119742E-3,9.998388290E-1,1.779529712E2,1.916270319E-1,-7.616565114E-2,1.779528405E2
1.223170213E2,1.785271836E-2,7.008786197E-4,1.657585264E-3,9.998390079E-1,1.779541205E2,1.913490651E-1,-7.691082719E-2,1.779539887E2
1.223220213E2,1.784576595E-2,7.049469859E-4,1.658818801E-3,9.998391271E-1,1.779549173E2,1.914981823E-1,-7.737576064E-2,1.779547847E2
1.223270213E2,1.786279708E-2,6.939800223E-4,1.659763511E-3,9.998388290E-1,1.779529654E2,1.915852861E-1,-7.611404538E-2,1.779528348E2
1.223320213E2,1.785959602E-2,6.960293977E-4,1.657445566E-3,9.998388886E-1,1.779533322E2,1.913236623E-1,-7.635420625E-2,1.779532014E2
1.223370213E2,1.784282064E-2,7.083025994E-4,1.653136802E-3,9.998391867E-1,1.779552549E2,1.908538099E-1,-7.777240645E-2,1.779551220E2
1.223420213E2,1.785320608E-2,6.998312310E-4,1.652767882E-3,9.998390079E-1,1.779540646E2,1.907950149E-1,-7.680058740E-2,1.779539334E2
1.223470213E2,1.785335958E-2,7.008039975E-4,1.650696271E-3,9.998390079E-1,1.779540470E2,1.905596655E-1,-7.691624950E-2,1.779539158E2
1.223520213E2,1.783220171E-2,7.157993386E-4,1.656334964E-3,9.998393655E-1,1.779564719E2,1.912347307E-1,-7.862682322E-2,1.779563374E2
1.223570213E2,1.784279095E-2,7.084608078E-4,1.653389423E-3,9.998391867E-1,1.779552583E2,1.908830748E-1,-7.779002200E-2,1.779551254E2
1.223620213E2,1.784655090E-2,7.053991430E-4,1.650159247E-3,9.998391271E-1,1.779548273E2,1.905070121E-1,-7.744512589E-2,1.779546953E2
1.223670213E2,1.783299589E-2,7.140879752E-4,1.648504753E-3,9.998393655E-1,1.779563809E2,1.903341600E-1,-7.844659713E-2,1.779562473E2
1.223720213E2,1.782624250E-2,7.202057750E-4,1.646582386E-3,9.998394847E-1,1.779571549E2,1.901258773E-1,-7.915274587E-2,1.779570202E2
1.223770213E2,1.784007003E-2,7.089851424E-4,1.646467019E-3,9.998392463E-1,1.779555701E2,1.900908108E-1,-7.786476871E-2,1.779554377E2
1.223820213E2,1.783654846E-2,7.135312189E-4,1.646461082E-3,9.998393059E-1,1.779559737E2,1.900991499E-1,-7.838630887E-2,1.779558404E2
1.223870213E2,1.782662750E-2,7.207312738E-4,1.642178395E-3,9.998394847E-1,1.779571108E2,1.896224003E-1,-7.922187774E-2,1.779569764E2
1.223920213E2,1.783343666E-2,7.146967109E-4,1.643465017E-3,9.998393655E-1,1.779563304E2,1.897580183E-1,-7.852655772E-2,1.779561970E2
1.223970213E2,1.783658568E-2,7.129920996E-4,1.646291465E-3,9.998393059E-1,1.779559694E2,1.900786170E-1,-7.832487988E-2,1.779558362E2
1.224020213E2,1.782911595E-2,7.180621033E-4,1.652589766E-3,9.998394251E-1,1.779568256E2,1.908100112E-1,-7.889431782E-2,1.779566909E2
1.224070213E2,1.783969570E-2,7.102419040E-4,1.649977523E-3,9.998392463E-1,1.779556130E2,1.904955622E-1,-7.800165413E-2,1.779554800E2
1.224120213E2,1.783283473E-2,7.147712167E-4,1.649951329E-3,9.998393655E-1,1.779563993E2,1.905012833E-1,-7.852195271E-2,1.779562655E2
1.224170213E2,1.783284731E-2,7.162519032E-4,1.649173093E-3,9.998393655E-1,1.779563979E2,1.904151453E-1,-7.869318773E-2,1.779562638E2
1.224220213E2,1.783973616E-2,7.113080355E-4,1.649080543E-3,9.998392463E-1,1.779556084E2,1.903949751E-1,-7.812563031E-2,1.779554753E2
1.224270213E2,1.783261231E-2,7.154645864E-4,1.652053441E-3,9.998393655E-1,1.779564248E2,1.907435294E-1,-7.859714078E-2,1.779562907E2
1.224320213E2,1.782239025E-2,7.215259830E-4,1.651504659E-3,9.998395443E-1,1.779575964E2,1.906922315E-1,-7.929468547E-2,1.779574611E2
1.224370213E2,1.782887142E-2,7.182222907E-4,1.655156258E-3,9.998394251E-1,1.779568536E2,1.911043715E-1,-7.890747388E-2,1.779567187E2
1.224420213E2,1.783893757E-2,7.117586792E-4,1.657503541E-3,9.998392463E-1,1.779556999E2,1.913608869E-1,-7.816019470E-2,1.779555660E2
1.224470213E2,1.782135969E-2,7.236757083E-4,1.661653863E-3,9.998395443E-1,1.779577145E2,1.918593716E-1,-7.952045509E-2,1.779575780E2
1.224520213E2,1.782538263E-2,7.208069437E-4,1.655603526E-3,9.998394847E-1,1.779572534E2,1.911606217E-1,-7.920335904E-2,1.779571180E2
1.224570213E2,1.783925117E-2,7.109642029E-4,1.654466614E-3,9.998392463E-1,1.779556640E2,1.910113355E-1,-7.807531758E-2,1.779555305E2
1.224620213E2,1.782165949E-2,7.234113291E-4,1.658550696E-3,9.998395443E-1,1.779576801E2,1.915033145E-1,-7.949644454E-2,1.779575439E2
1.224670213E2,1.781836543E-2,7.259545964E-4,1.656899112E-3,9.998396039E-1,1.779580577E2,1.913190186E-1,-7.979183831E-2,1.779579211E2
1.224720213E2,1.782941280E-2,7.167328731E-4,1.649962156E-3,9.998394251E-1,1.779567915E2,1.905062637E-1,-7.874733584E-2,1.779566573E2
1.224770213E2,1.782570329E-2,7.207712042E-4,1.652162988E-3,9.998394847E-1,1.779572167E2,1.907663793E-1,-7.920623132E-2,1.779570815E2
1.224820213E2,1.782254507E-2,7.224328583E-4,1.649436075E-3,9.998395443E-1,1.779575786E2,1.904570912E-1,-7.940278455E-2,1.779574434E2
1.224870213E2,1.782620383E-2,7.187622832E-4,1.647631405E-3,9.998394847E-1,1.779571593E2,1.902431148E-1,-7.898522472E-2,1.779570249E2
1.224920213E2,1.782600907E-2,7.199367974E-4,1.649225014E-3,9.998394847E-1,1.779571816E2,1.904280846E-1,-7.911657414E-2,1.779570468E2
1.224970213E2,1.781890015E-2,7.239980623E-4,1.651997445E-3,9.998396039E-1,1.779579964E2,1.907534638E-1,-7.957757894E-2,1.779578606E2
1.225020213E2,1.782946065E-2,7.180845714E-4,1.648856909E-3,9.998394251E-1,1.779567860E2,1.903823975E-1,-7.890445342E-2,1.779566516E2
1.225070213E2,1.782935253E-2,7.176348590E-4,1.650221297E-3,9.998394251E-1,1.779567984E2,1.905377928E-1,-7.885016126E-2,1.779566640E2
1.225120213E2,1.781901215E-2,7.240607520E-4,1.650761464E-3,9.998396039E-1,1.779579835E2,1.906119899E-1,-7.958726406E-2,1.779578478E2
1.225170213E2,1.782954888E-2,7.166844443E-4,1.648511970E-3,9.998394251E-1,1.779567759E2,1.903400224E-1,-7.874472436E-2,1.779566418E2
1.225220213E2,1.782919993E-2,7.178927772E-4,1.651757164E-3,9.998394251E-1,1.779568159E2,1.907142776E-1,-7.887660274E-2,1.779566813E2
1.225270213E2,1.782242653E-2,7.221816923E-4,1.650826307E-3,9.998395443E-1,1.779575922E2,1.906158526E-1,-7.937119076E-2,1.779574569E2
1.225320213E2,1.783249005E-2,7.147748256E-4,1.653670915E-3,9.998393655E-1,1.779564388E2,1.909274299E-1,-7.851483055E-2,1.779563047E2
1.225370213E2,1.783577019E-2,7.137687644E-4,1.654768246E-3,9.998393059E-1,1.779560629E2,1.910513559E-1,-7.839669363E-2,1.779559289E2
1.225420213E2,1.783263898E-2,7.158342050E-4,1.651605358E-3,9.998393655E-1,1.779564218E2,1.906929485E-1,-7.864039979E-2,1.779562876E2
1.225470213E2,1.783616411E-2,7.123466348E-4,1.651131199E-3,9.998393059E-1,1.779560178E2,1.906317701E-1,-7.824111460E-2,1.779558843E2
1.225520213E2,1.784336921E-2,7.086074329E-4,1.647074125E-3,9.998391867E-1,1.779551920E2,1.901598535E-1,-7.781962466E-2,1.779550596E2
1.225570213E2,1.782630475E-2,7.192830089E-4,1.646311837E-3,9.998394847E-1,1.779571477E2,1.900929990E-1,-7.904756246E-2,1.779570133E2
1.225620213E2,1.782990303E-2,7.162927068E-4,1.644847798E-3,9.998394251E-1,1.779567353E2,1.899194325E-1,-7.870726130E-2,1.779566016E2
1.225670213E2,1.784359199E-2,7.078685449E-4,1.644977019E-3,9.998391867E-1,1.779551665E2,1.899180869E-1,-7.773921382E-2,1.779550343E2
1.225720213E2,1.784024410E-2,7.109385333E-4,1.643736265E-3,9.998392463E-1,1.779555502E2,1.897819463E-1,-7.809412480E-2,1.779554175E2
1.225770213E2,1.783327840E-2,7.151346654E-4,1.644991105E-3,9.998393655E-1,1.779563485E2,1.899337504E-1,-7.857364676E-2,1.779562150E2
1.225820213E2,1.784397795E-2,7.074972382E-4,1.640945091E-3,9.998391867E-1,1.779551222E2,1.894554052E-1,-7.770484363E-2,1.779549905E2
1.225870213E2,1.784013713E-2,7.088872371E-4,1.645781915E-3,9.998392463E-1,1.779555624E2,1.900121210E-1,-7.785493930E-2,1.779554300E2
1.225920213E2,1.783312163E-2,7.144295960E-4,1.646995777E-3,9.998393655E-1,1.779563665E2,1.901619794E-1,-7.848879761E-2,1.779562329E2
1.225970213E2,1.783702757E-2,7.114298642E-4,1.642174437E-3,9.998393059E-1,1.779559188E2,1.896037553E-1,-7.815422123E-2,1.779557862E2
1.226020213E2,1.783386572E-2,7.144098054E-4,1.638927730E-3,9.998393655E-1,1.779562812E2,1.892376124E-1,-7.850287767E-2,1.779561483E2
1.226070213E2,1.782369726E-2,7.218876854E-4,1.637179172E-3,9.998395443E-1,1.779574466E2,1.890517516E-1,-7.936513860E-2,1.779573124E2
1.226120213E2,1.782018604E-2,7.236214005E-4,1.638234709E-3,9.998396039E-1,1.779578490E2,1.891759506E-1,-7.956228426E-2,1.779577144E2
1.226170213E2,1.782038613E-2,7.249275222E-4,1.635478344E-3,9.998396039E-1,1.779578261E2,1.888628276E-1,-7.971752204E-2,1.779576914E2
1.226220213E2,1.782367902E-2,7.228428731E-4,1.636956236E-3,9.998395443E-1,1.779574487E2,1.890281589E-1,-7.947503635E-2,1.779573143E2
1.226270213E2,1.783035350E-2,7.174480706E-4,1.639452414E-3,9.998394251E-1,1.779566837E2,1.893036606E-1,-7.885057411E-2,1.779565502E2
1.226320213E2,1.783375005E-2,7.153599872E-4,1.639771624E-3,9.998393655E-1,1.779562944E2,1.893362335E-1,-7.861004024E-2,1.779561613E2
1.226370213E2,1.782715568E-2,7.204217836E-4,1.636570902E-3,9.998394847E-1,1.779570502E2,1.889793392E-1,-7.919777428E-2,1.779569163E2
1.226420213E2,1.783406067E-2,7.139494410E-4,1.637005829E-3,9.998393655E-1,1.779562588E2,1.890164877E-1,-7.845402327E-2,1.779561262E2
1.226470213E2,1.784044435E-2,7.101852098E-4,1.641887473E-3,9.998392463E-1,1.779555272E2,1.895685989E-1,-7.801155596E-2,1.779553949E2
1.226520213E2,1.784026887E-2,7.108730497E-4,1.643495751E-3,9.998392463E-1,1.779555473E2,1.897542578E-1,-7.808710916E-2,1.779554147E2
1.226570213E2,1.783749659E-2,7.111779996E-4,1.637181500E-3,9.998393059E-1,1.779558650E2,1.890312185E-1,-7.813548173E-2,1.779557329E2
1.226620213E2,1.784125886E-2,7.102955715E-4,1.632964937E-3,9.998392463E-1,1.779554339E2,1.885466015E-1,-7.804228898E-2,1.779553022E2
1.226670213E2,1.783458378E-2,7.134383777E-4,1.631520456E-3,9.998393655E-1,1.779561989E2,1.883870053E-1,-7.840658138E-2,1.779560667E2
1.226720213E2,1.783474391E-2,7.136579370E-4,1.629672945E-3,9.998393655E-1,1.779561805E2,1.881757907E-1,-7.843548285E-2,1.779560485E2
1.226770213E2,1.784856754E-2,7.048926782E-4,1.628421131E-3,9.998391271E-1,1.779545962E2,1.880155194E-1,-7.743117815E-2,1.779544659E2
1.226820213E2,1.784505952E-2,7.056021714E-4,1.629962702E-3,9.998391867E-1,1.779549983E2,1.881933222E-1,-7.750997415E-2,1.779548677E2
1.226870213E2,1.783746144E-2,7.128524594E-4,1.636836212E-3,9.998393059E-1,1.779558691E2,1.889950782E-1,-7.832804240E-2,1.779557366E2
1.226920213E2,1.784799557E-2,7.038495387E-4,1.635127584E-3,9.998391271E-1,1.779546618E2,1.887817234E-1,-7.729805277E-2,1.779545312E2
1.226970213E2,1.785173218E-2,7.020827034E-4,1.631539315E-3,9.998390675E-1,1.779542335E2,1.883672765E-1,-7.710225619E-2,1.779541035E2
1.227020213E2,1.784520267E-2,7.069591084E-4,1.627806108E-3,9.998391867E-1,1.779549819E2,1.879490200E-1,-7.766982612E-2,1.779548512E2
1.227070213E2,1.785205305E-2,7.007072563E-4,1.628617174E-3,9.998390675E-1,1.779541967E2,1.880296870E-1,-7.695058461E-2,1.779540673E2
1.227120213E2,1.785593227E-2,6.991402479E-4,1.623347867E-3,9.998390079E-1,1.779537521E2,1.874230556E-1,-7.678110042E-2,1.779536234E2
1.227170213E2,1.785273410E-2,7.025258383E-4,1.620347262E-3,9.998390675E-1,1.779541187E2,1.870859476E-1,-7.717573668E-2,1.779539895E2
1.227220213E2,1.784898602E-2,7.050337153E-4,1.623766613E-3,9.998391271E-1,1.779545482E2,1.874825558E-1,-7.745677923E-2,1.779544183E2
1.227270213E2,1.785850128E-2,6.978213787E-4,1.632341882E-3,9.998389482E-1,1.779534577E2,1.884510293E-1,-7.661110501E-2,1.779533285E2
1.227320213E2,1.785562299E-2,6.989527610E-4,1.626826706E-3,9.998390079E-1,1.779537876E2,1.878212310E-1,-7.675255890E-2,1.779536586E2
1.227370213E2,1.785233978E-2,7.027777610E-4,1.624576980E-3,9.998390675E-1,1.779541639E2,1.875710463E-1,-7.719602064E-2,1.779540343E2
1.227420213E2,1.784871165E-2,7.032232825E-4,1.627563150E-3,9.998391271E-1,1.779545797E2,1.879138136E-1,-7.724163804E-2,1.779544498E2
1.227470213E2,1.784848423E-2,7.040950004E-4,1.629678882E-3,9.998391271E-1,1.779546058E2,1.881579862E-1,-7.733722871E-2,1.779544755E2
1.227520213E2,1.785221733E-2,7.011598791E-4,1.626620302E-3,9.998390675E-1,1.779541779E2,1.878018371E-1,-7.700649743E-2,1.779540485E2
1.227570213E2,1.785913149E-2,6.961505860E-4,1.626148704E-3,9.998389482E-1,1.779533855E2,1.877380834E-1,-7.643223344E-2,1.779532571E2
1.227620213E2,1.786213697E-2,6.946988287E-4,1.630401588E-3,9.998388886E-1,1.779530410E2,1.882226090E-1,-7.625663113E-2,1.779529125E2
1.227670213E2,1.785874149E-2,6.981896004E-4,1.629554085E-3,9.998389482E-1,1.779534302E2,1.881323936E-1,-7.665895354E-2,1.779533011E2
1.227720213E2,1.786609967E-2,6.925085327E-4,1.624456025E-3,9.998388290E-1,1.779525869E2,1.875372222E-1,-7.601710921E-2,1.779524593E2
1.227770213E2,1.786965243E-2,6.900290027E-4,1.623118878E-3,9.998387694E-1,1.779521797E2,1.873792125E-1,-7.573509359E-2,1.779520526E2
1.227820213E2,1.786945303E-2,6.894961116E-4,1.625538804E-3,9.998387694E-1,1.779522025E2,1.876553653E-1,-7.566912038E-2,1.779520754E2
1.227870213E2,1.787653581E-2,6.848349585E-4,1.622954616E-3,9.998386502E-1,1.779513908E2,1.873502718E-1,-7.513904227E-2,1.779512647E2
1.227920213E2,1.787659187E-2,6.843361189E-4,1.622547512E-3,9.998386502E-1,1.779513843E2,1.873026106E-1,-7.508271216E-2,1.779512584E2
1.227970213E2,1.786909368E-2,6.885239272E-4,1.629895298E-3,9.998387694E-1,1.779522437E2,1.881524857E-1,-7.554888049E-2,1.779521165E2
1.228020213E2,1.786561868E-2,6.910033408E-4,1.630376210E-3,9.998388290E-1,1.779526420E2,1.882123998E-1,-7.583262400E-2,1.779525142E2
1.228070213E2,1.786599950E-2,6.911354722E-4,1.626141602E-3,9.998388290E-1,1.779525983E2,1.877275255E-1,-7.585636106E-2,1.779524709E2
1.228120213E2,1.786527074E-2,6.912986282E-4,1.634059474E-3,9.998388290E-1,1.779526819E2,1.886349825E-1,-7.585898061E-2,1.779525538E2
1.228170213E2,1.786449146E-2,6.933120312E-4,1.641708310E-3,9.998388290E-1,1.779527712E2,1.895153997E-1,-7.607415044E-2,1.779526421E2
1.228220213E2,1.786095931E-2,6.963847554E-4,1.642538817E-3,9.998388886E-1,1.779531760E2,1.896165753E-1,-7.642517170E-2,1.779530463E2
1.228270213E2,1.785793533E-2,6.962660118E-4,1.639183378E-3,9.998389482E-1,1.779535226E2,1.892316567E-1,-7.641900726E-2,1.779533931E2
1.228320213E2,1.786104809E-2,6.956457510E-4,1.641886425E-3,9.998388886E-1,1.779531658E2,1.895403224E-1,-7.634182015E-2,1.779530363E2
1.228370213E2,1.785028257E-2,7.034485461E-4,1.646740711E-3,9.998390675E-1,1.779543996E2,1.901116367E-1,-7.722792185E-2,1.779542682E2
1.228420213E2,1.784717589E-2,7.055523456E-4,1.643320080E-3,9.998391271E-1,1.779547557E2,1.897237863E-1,-7.747654766E-2,1.779546242E2
1.228470213E2,1.785089637E-2,7.027002866E-4,1.640394330E-3,9.998390675E-1,1.779543293E2,1.893830259E-1,-7.715505746E-2,1.779541985E2
1.228520213E2,1.784731732E-2,7.048677653E-4,1.642077463E-3,9.998391271E-1,1.779547395E2,1.895800259E-1,-7.740062779E-2,1.779546082E2
1.228570213E2,1.784063033E-2,7.095204783E-4,1.640153117E-3,9.998392463E-1,1.779555059E2,1.893685429E-1,-7.793890622E-2,1.779553738E2
1.228620213E2,1.784108762E-2,7.091457956E-4,1.635333872E-3,9.998392463E-1,1.779554535E2,1.888156544E-1,-7.790574432E-2,1.779553219E2
1.228670213E2,1.784784463E-2,7.047940744E-4,1.636367873E-3,9.998391271E-1,1.779546791E2,1.889257481E-1,-7.740376290E-2,1.779545482E2
1.228720213E2,1.784400711E-2,7.065808168E-4,1.641022856E-3,9.998391867E-1,1.779551189E2,1.894624431E-1,-7.759968177E-2,1.779549873E2
1.228770213E2,1.785090509E-2,7.023020880E-4,1.640470000E-3,9.998390675E-1,1.779543283E2,1.893908817E-1,-7.710927813E-2,1.779541976E2
1.228820213E2,1.785813334E-2,6.966934307E-4,1.636842848E-3,9.998389482E-1,1.779534999E2,1.889643839E-1,-7.647273046E-2,1.779533705E2
1.228870213E2,1.785758039E-2,6.976864533E-4,1.642443007E-3,9.998389482E-1,1.779535632E2,1.896080039E-1,-7.657514820E-2,1.779534333E2
1.228920213E2,1.785689478E-2,6.986916414E-4,1.649454935E-3,9.998389482E-1,1.779536418E2,1.904133899E-1,-7.667609669E-2,1.779535111E2
1.228970213E2,1.785712223E-2,6.966872024E-4,1.647839556E-3,9.998389482E-1,1.779536158E2,1.902242253E-1,-7.644970421E-2,1.779534856E2
1.229020213E2,1.786079938E-2,6.943399785E-4,1.645141398E-3,9.998388886E-1,1.779531943E2,1.899105640E-1,-7.618559847E-2,1.779530648E2
1.229070213E2,1.786433631E-2,6.923907786E-4,1.643784111E-3,9.998388290E-1,1.779527890E2,1.897513335E-1,-7.596437939E-2,1.779526599E2
1.229120213E2,1.786367838E-2,6.924783229E-4,1.650881954E-3,9.998388290E-1,1.779528644E2,1.905646874E-1,-7.596000407E-2,1.779527348E2
1.229170213E2,1.785686693E-2,6.986729568E-4,1.649764250E-3,9.998389482E-1,1.779536450E2,1.904487889E-1,-7.667332826E-2,1.779535143E2
1.229220213E2,1.786365885E-2,6.936017307E-4,1.650621649E-3,9.998388290E-1,1.779528666E2,1.905371620E-1,-7.608925304E-2,1.779527368E2
1.229270213E2,1.786327816E-2,6.921805325E-4,1.655331464E-3,9.998388290E-1,1.779529102E2,1.910738433E-1,-7.591685292E-2,1.779527803E2
1.229320213E2,1.785995151E-2,6.946218200E-4,1.654202351E-3,9.998388886E-1,1.779532915E2,1.909492216E-1,-7.619950563E-2,1.779531612E2
1.229370213E2,1.786014321E-2,6.953050615E-4,1.651843893E-3,9.998388886E-1,1.779532695E2,1.906804180E-1,-7.628257733E-2,1.779531393E2
1.229420213E2,1.785680266E-2,6.976142759E-4,1.650907565E-3,9.998389482E-1,1.779536524E2,1.905776108E-1,-7.654970444E-2,1.779535218E2
1.229470213E2,1.785657131E-2,6.984188803E-4,1.653068350E-3,9.998389482E-1,1.779536789E2,1.908268085E-1,-7.663751290E-2,1.779535480E2
1.229520213E2,1.786376811E-2,6.941692554E-4,1.649200101E-3,9.998388290E-1,1.779528541E2,1.903754606E-1,-7.615716545E-2,1.779527243E2
1.229570213E2,1.786766466E-2,6.915667327E-4,1.644210424E-3,9.998387694E-1,1.779524075E2,1.897987430E-1,-7.586846129E-2,1.779522786E2
1.229620213E2,1.786435525E-2,6.938923034E-4,1.642944873E-3,9.998388290E-1,1.779527868E2,1.896582549E-1,-7.613812832E-2,1.779526575E2
1.229670213E2,1.786763742E-2,6.901285960E-4,1.645110431E-3,9.998387694E-1,1.779524106E2,1.898989128E-1,-7.570185178E-2,1.779522819E2
1.229720213E2,1.785740602E-2,6.969830720E-4,1.644636039E-3,9.998389482E-1,1.779535832E2,1.898578143E-1,-7.649010474E-2,1.779534532E2
1.229770213E2,1.786146316E-2,6.938441074E-4,1.638129121E-3,9.998388886E-1,1.779531182E2,1.891061783E-1,-7.614301235E-2,1.779529893E2
1.229820213E2,1.786119784E-2,6.940709427E-4,1.640923554E-3,9.998388886E-1,1.779531487E2,1.894267905E-1,-7.616333190E-2,1.779530195E2
1.229870213E2,1.786108780E-2,6.963214255E-4,1.641167793E-3,9.998388886E-1,1.779531613E2,1.894593725E-1,-7.642069771E-2,1.779530317E2
1.229920213E2,1.785859513E-2,6.965108332E-4,1.631874824E-3,9.998389482E-1,1.779534469E2,1.883948415E-1,-7.646188986E-2,1.779533180E2
1.229970213E2,1.786552037E-2,6.927520153E-4,1.630711369E-3,9.998388290E-1,1.779526532E2,1.882543734E-1,-7.603230744E-2,1.779525251E2
1.230020213E2,1.787526561E-2,6.858456181E-4,1.636462053E-3,9.998386502E-1,1.779515363E2,1.888998409E-1,-7.522740493E-2,1.779514091E2
1.230070213E2,1.786824850E-2,6.903834874E-4,1.638352522E-3,9.998387694E-1,1.779523406E2,1.891252038E-1,-7.574477747E-2,1.779522123E2
1.230120213E2,1.786129896E-2,6.960001774E-4,1.639004564E-3,9.998388886E-1,1.779531371E2,1.892108822E-1,-7.638827918E-2,1.779530077E2
1.230170213E2,1.787168644E-2,6.865740288E-4,1.638829708E-3,9.998387098E-1,1.779519466E2,1.891723341E-1,-7.530668829E-2,1.779518190E2
1.230220213E2,1.787463588E-2,6.860506837E-4,1.643240568E-3,9.998386502E-1,1.779516085E2,1.896768517E-1,-7.523713371E-2,1.779514807E2
1.230270213E2,1.786469411E-2,6.925684866E-4,1.639815862E-3,9.998388290E-1,1.779527479E2,1.892970684E-1,-7.599279615E-2,1.779526192E2
1.230320213E2,1.786550302E-2,6.926054484E-4,1.630963641E-3,9.998388290E-1,1.779526552E2,1.882829756E-1,-7.601500158E-2,1.779525271E2
1.230370213E2,1.786529872E-2,6.919273292E-4,1.633487409E-3,9.998388290E-1,1.779526787E2,1.885707285E-1,-7.593217879E-2,1.779525505E2
1.230420213E2,1.786186919E-2,6.955621648E-4,1.632965170E-3,9.998388886E-1,1.779530717E2,1.885180745E-1,-7.635034914E-2,1.779529429E2
1.230470213E2,1.785504258E-2,7.005330990E-4,1.632507425E-3,9.998390079E-1,1.779538541E2,1.884752804E-1,-7.692210853E-2,1.779537244E2
1.230520213E2,1.785843369E-2,6.972098490E-4,1.633342355E-3,9.998389482E-1,1.779534655E2,1.885644002E-1,-7.653900534E-2,1.779533363E2
1.230570213E2,1.785466016E-2,6.992518320E-4,1.637232490E-3,9.998390079E-1,1.779538979E2,1.890139964E-1,-7.676571373E-2,1.779537681E2
1.230620213E2,1.784456565E-2,7.070737774E-4,1.634725020E-3,9.998391867E-1,1.779550549E2,1.887419293E-1,-7.766893489E-2,1.779549237E2
1.230670213E2,1.785500822E-2,7.006728556E-4,1.632823260E-3,9.998390079E-1,1.779538580E2,1.885117501E-1,-7.693748112E-2,1.779537282E2
1.230720213E2,1.785210330E-2,7.016882300E-4,1.627643709E-3,9.998390675E-1,1.779541910E2,1.879201647E-1,-7.706495997E-2,1.779540614E2
1.230770213E2,1.784836985E-2,7.047094987E-4,1.630665734E-3,9.998391271E-1,1.779546189E2,1.882723016E-1,-7.740563674E-2,1.779544885E2
1.230820213E2,1.784449337E-2,7.069050916E-4,1.635586726E-3,9.998391867E-1,1.779550631E2,1.888403074E-1,-7.764785951E-2,1.779549319E2
1.230870213E2,1.784460963E-2,7.059525815E-4,1.634729444E-3,9.998391867E-1,1.779550498E2,1.887401464E-1,-7.754045856E-2,1.779549189E2
1.230920213E2,1.786481097E-2,6.936765276E-4,1.638073474E-3,9.998388290E-1,1.779527346E2,1.890997145E-1,-7.612329293E-2,1.779526057E2
1.230970213E2,1.786137524E-2,6.957533769E-4,1.638277899E-3,9.998388886E-1,1.779531283E2,1.891271263E-1,-7.636147545E-2,1.779529990E2
1.231020213E2,1.785787009E-2,6.969808601E-4,1.639590249E-3,9.998389482E-1,1.779535300E2,1.892797315E-1,-7.650008937E-2,1.779534004E2
1.231070213E2,1.786113625E-2,6.943708868E-4,1.641466981E-3,9.998388886E-1,1.779531557E2,1.894896622E-1,-7.619659678E-2,1.779530265E2
1.231120213E2,1.785744759E-2,6.981489714E-4,1.643689815E-3,9.998389482E-1,1.779535785E2,1.897517916E-1,-7.662561401E-2,1.779534483E2
1.231170213E2,1.786065879E-2,6.958770682E-4,1.646018121E-3,9.998388886E-1,1.779532104E2,1.900141492E-1,-7.635993988E-2,1.779530805E2
1.231220213E2,1.786109664E-2,6.950317766E-4,1.641618204E-3,9.998388886E-1,1.779531602E2,1.895083383E-1,-7.627201498E-2,1.779530309E2
1.231270213E2,1.786475049E-2,6.931280950E-4,1.638964983E-3,9.998388290E-1,1.779527415E2,1.892007303E-1,-7.605864356E-2,1.779526127E2
1.231320213E2,1.786803123E-2,6.900207372E-4,1.640873030E-3,9.998387694E-1,1.779523655E2,1.894132279E-1,-7.569809601E-2,1.779522371E2
1.231370213E2,1.786748801E-2,6.897578132E-4,1.646887744E-3,9.998387694E-1,1.779524277E2,1.901017751E-1,-7.565575920E-2,1.779522990E2
1.231420213E2,1.787403790E-2,6.855898537E-4,1.649923855E-3,9.998386502E-1,1.779516771E2,1.904415901E-1,-7.517075873E-2,1.779515489E2
1.231470213E2,1.787766092E-2,6.825281889E-4,1.648058998E-3,9.998385906E-1,1.779512618E2,1.902219260E-1,-7.482310485E-2,1.779511344E2
1.231520213E2,1.788110255E-2,6.804795703E-4,1.647729427E-3,9.998385310E-1,1.779508674E2,1.901802249E-1,-7.458840883E-2,1.779507403E2
1.231570213E2,1.787786255E-2,6.837681285E-4,1.645355602E-3,9.998385906E-1,1.779512387E2,1.899147442E-1,-7.497066890E-2,1.779511112E2
1.231620213E2,1.787150872E-2,6.881757290E-4,1.640095492E-3,9.998387098E-1,1.779519669E2,1.893206268E-1,-7.548764131E-2,1.779518390E2
1.231670213E2,1.787845782E-2,6.837573601E-4,1.638879185E-3,9.998385906E-1,1.779511705E2,1.891727412E-1,-7.498259127E-2,1.779510435E2
1.231720213E2,1.788183645E-2,6.808065227E-4,1.639609924E-3,9.998385310E-1,1.779507833E2,1.892506701E-1,-7.464236798E-2,1.779506568E2
1.231770213E2,1.787478419E-2,6.851851358E-4,1.641987939E-3,9.998386502E-1,1.779515915E2,1.895315716E-1,-7.514050297E-2,1.779514640E2
1.231820213E2,1.787467712E-2,6.850992213E-4,1.643188996E-3,9.998386502E-1,1.779516038E2,1.896689968E-1,-7.512821951E-2,1.779514762E2
1.231870213E2,1.787820528E-2,6.833387888E-4,1.641806099E-3,9.998385906E-1,1.779511994E2,1.895072113E-1,-7.492868531E-2,1.779510723E2
1.231920213E2,1.787805378E-2,6.829407066E-4,1.643620431E-3,9.998385906E-1,1.779512168E2,1.897142586E-1,-7.487938730E-2,1.779510896E2
1.231970213E2,1.787826537E-2,6.833054940E-4,1.641165465E-3,9.998385906E-1,1.779511925E2,1.894337479E-1,-7.492617178E-2,1.779510654E2
1.232020213E2,1.788553824E-2,6.772408378E-4,1.637055306E-3,9.998384714E-1,1.779503590E2,1.889509458E-1,-7.423837185E-2,1.779502334E2
1.232070213E2,1.788863455E-2,6.756681832E-4,1.640274306E-3,9.998384118E-1,1.779500041E2,1.893167633E-1,-7.405100382E-2,1.779498786E2
1.232120213E2,1.788491341E-2,6.781581906E-4,1.643489231E-3,9.998384714E-1,1.779504306E2,1.896899369E-1,-7.433040697E-2,1.779503043E2
1.232170213E2,1.788183906E-2,6.793728098E-4,1.640176051E-3,9.998385310E-1,1.779507830E2,1.893125952E-1,-7.447694242E-2,1.779506567E2
1.232220213E2,1.788561314E-2,6.781487609E-4,1.635860652E-3,9.998384714E-1,1.779503504E2,1.888159369E-1,-7.434482990E-2,1.779502247E2
1.232270213E2,1.788184326E-2,6.811360945E-4,1.639398746E-3,9.998385310E-1,1.779507825E2,1.892271508E-1,-7.468055950E-2,1.779506559E2
1.232320213E2,1.787509855E-2,6.842798321E-4,1.638940535E-3,9.998386502E-1,1.779515555E2,1.891805888E-1,-7.504296242E-2,1.779514284E2
1.232370213E2,1.787866332E-2,6.820262643E-4,1.637357986E-3,9.998385906E-1,1.779511469E2,1.889949203E-1,-7.478733210E-2,1.779510204E2
1.232420213E2,1.788213108E-2,6.797080277E-4,1.636850066E-3,9.998385310E-1,1.779507495E2,1.889322343E-1,-7.452210993E-2,1.779506234E2
1.232470213E2,1.788177134E-2,6.794128567E-4,1.640897593E-3,9.998385310E-1,1.779507907E2,1.893953418E-1,-7.448006493E-2,1.779506644E2
1.232520213E2,1.787841284E-2,6.821177085E-4,1.640052651E-3,9.998385906E-1,1.779511756E2,1.893038261E-1,-7.479233555E-2,1.779510489E2
1.232570213E2,1.787562879E-2,6.846527685E-4,1.632990781E-3,9.998386502E-1,1.779514947E2,1.884997087E-1,-7.509777881E-2,1.779513680E2
1.232620213E2,1.787554558E-2,6.853672094E-4,1.633601845E-3,9.998386502E-1,1.779515043E2,1.885711779E-1,-7.517839843E-2,1.779513773E2
1.232670213E2,1.787488531E-2,6.860855501E-4,1.640510513E-3,9.998386502E-1,1.779515799E2,1.893641499E-1,-7.524667350E-2,1.779514523E2
1.232720213E2,1.786492780E-2,6.920775049E-4,1.637475565E-3,9.998388290E-1,1.779527212E2,1.890279448E-1,-7.594128989E-2,1.779525927E2
1.232770213E2,1.786532812E-2,6.919763982E-4,1.633145032E-3,9.998388290E-1,1.779526753E2,1.885316038E-1,-7.593849620E-2,1.779525471E2
1.232820213E2,1.787873752E-2,6.833016523E-4,1.636015484E-3,9.998385906E-1,1.779511384E2,1.888437243E-1,-7.493619388E-2,1.779510117E2
1.232870213E2,1.787839706E-2,6.832237123E-4,1.639764290E-3,9.998385906E-1,1.779511775E2,1.892730528E-1,-7.491964763E-2,1.779510505E2
1.232920213E2,1.787162582E-2,6.872470258E-4,1.639208640E-3,9.998387098E-1,1.779519535E2,1.892171236E-1,-7.538303104E-2,1.779518258E2
1.232970213E2,1.787475709E-2,6.859393325E-4,1.641968149E-3,9.998386502E-1,1.779515946E2,1.895308472E-1,-7.522695931E-2,1.779514670E2
1.233020213E2,1.786776451E-2,6.907780771E-4,1.643456751E-3,9.998387694E-1,1.779523960E2,1.897107846E-1,-7.577962684E-2,1.779522673E2
1.233070213E2,1.786807501E-2,6.896607229E-4,1.640547649E-3,9.998387694E-1,1.779523605E2,1.893752139E-1,-7.565750601E-2,1.779522322E2
1.233120213E2,1.786475598E-2,6.921392633E-4,1.639322960E-3,9.998388290E-1,1.779527409E2,1.892397207E-1,-7.594461608E-2,1.779526122E2
1.233170213E2,1.787490431E-2,6.849674974E-4,1.640770701E-3,9.998386502E-1,1.779515778E2,1.893916715E-1,-7.511803813E-2,1.779514504E2
1.233220213E2,1.787177832E-2,6.875315448E-4,1.637425739E-3,9.998387098E-1,1.779519360E2,1.890134448E-1,-7.541925195E-2,1.779518084E2
1.233270213E2,1.786140589E-2,6.937924190E-4,1.638775342E-3,9.998388886E-1,1.779531248E2,1.891801080E-1,-7.613577833E-2,1.779529959E2
1.233320213E2,1.786834790E-2,6.899405271E-4,1.637454843E-3,9.998387694E-1,1.779523292E2,1.890214540E-1,-7.569584549E-2,1.779522011E2
1.233370213E2,1.787546273E-2,6.860136054E-4,1.634237007E-3,9.998386502E-1,1.779515138E2,1.886452687E-1,-7.525117254E-2,1.779513867E2
1.233420213E2,1.787153797E-2,6.880111177E-4,1.639845781E-3,9.998387098E-1,1.779519636E2,1.892916815E-1,-7.546928717E-2,1.779518357E2
1.233470213E2,1.785427955E-2,6.988495588E-4,1.641549170E-3,9.998390079E-1,1.779539416E2,1.895077212E-1,-7.671086369E-2,1.779538114E2
1.233520213E2,1.786140178E-2,6.960479077E-4,1.637863461E-3,9.998388886E-1,1.779531253E2,1.890802476E-1,-7.639606406E-2,1.779529960E2
1.233570213E2,1.786797819E-2,6.890402292E-4,1.641862327E-3,9.998387694E-1,1.779523716E2,1.895245631E-1,-7.558374045E-2,1.779522433E2
1.233620213E2,1.786076299E-2,6.944620982E-4,1.645484939E-3,9.998388886E-1,1.779531985E2,1.899501720E-1,-7.619889384E-2,1.779530689E2
1.233670213E2,1.786098804E-2,6.959454040E-4,1.642412506E-3,9.998388886E-1,1.779531727E2,1.896012062E-1,-7.637508691E-2,1.779530431E2
1.233720213E2,1.786451248E-2,6.920159212E-4,1.642026356E-3,9.998388290E-1,1.779527688E2,1.895491873E-1,-7.592499595E-2,1.779526399E2
1.233770213E2,1.786797603E-2,6.900481530E-4,1.641462441E-3,9.998387694E-1,1.779523718E2,1.894808107E-1,-7.570004068E-2,1.779522434E2
1.233820213E2,1.786118137E-2,6.949695526E-4,1.640722505E-3,9.998388886E-1,1.779531505E2,1.894055939E-1,-7.626670310E-2,1.779530212E2
1.233870213E2,1.786467455E-2,6.935495767E-4,1.639614347E-3,9.998388290E-1,1.779527502E2,1.892759875E-1,-7.610561898E-2,1.779526212E2
1.233920213E2,1.786470825E-2,6.926974165E-4,1.639607362E-3,9.998388290E-1,1.779527463E2,1.892734449E-1,-7.600799224E-2,1.779526175E2
1.233970213E2,1.786413433E-2,6.923896144E-4,1.645978191E-3,9.998388290E-1,1.779528121E2,1.900026992E-1,-7.595979260E-2,1.779526829E2
1.234020213E2,1.786391107E-2,6.939743762E-4,1.647732919E-3,9.998388290E-1,1.779528377E2,1.902069723E-1,-7.613781390E-2,1.779527080E2
1.234070213E2,1.785693240E-2,6.986095686E-4,1.649082405E-3,9.998389482E-1,1.779536375E2,1.903705428E-1,-7.666744853E-2,1.779535069E2
1.234120213E2,1.785355774E-2,7.012260612E-4,1.648372156E-3,9.998390079E-1,1.779540243E2,1.902942623E-1,-7.696932405E-2,1.779538932E2
1.234170213E2,1.785692479E-2,6.988085806E-4,1.649080426E-3,9.998389482E-1,1.779536384E2,1.903707228E-1,-7.669025546E-2,1.779535077E2
1.234220213E2,1.785351388E-2,7.009677356E-4,1.648956910E-3,9.998390079E-1,1.779540293E2,1.903607276E-1,-7.693853882E-2,1.779538982E2
1.234270213E2,1.785373952E-2,6.998269237E-4,1.646997291E-3,9.998390079E-1,1.779540034E2,1.901338901E-1,-7.681179885E-2,1.779538727E2
1.234320213E2,1.785722318E-2,6.969046663E-4,1.646653283E-3,9.998389482E-1,1.779536042E2,1.900887627E-1,-7.647702813E-2,1.779534741E2
1.234370213E2,1.785702691E-2,6.990159163E-4,1.647886354E-3,9.998389482E-1,1.779536267E2,1.902343460E-1,-7.671643467E-2,1.779534960E2
1.234420213E2,1.784700241E-2,7.050361019E-4,1.645424403E-3,9.998391271E-1,1.779547756E2,1.899638167E-1,-7.741312903E-2,1.779546440E2
1.234470213E2,1.785072000E-2,7.032534340E-4,1.642075717E-3,9.998390675E-1,1.779543495E2,1.895767864E-1,-7.721502714E-2,1.779542185E2
1.234520213E2,1.785083051E-2,7.018189644E-4,1.641487936E-3,9.998390675E-1,1.779543368E2,1.895065160E-1,-7.705185688E-2,1.779542062E2
1.234570213E2,1.784744507E-2,7.048414554E-4,1.640699687E-3,9.998391271E-1,1.779547249E2,1.894221254E-1,-7.740040713E-2,1.779545936E2
1.234620213E2,1.784090365E-2,7.097341586E-4,1.637084759E-3,9.998392463E-1,1.779554746E2,1.890174484E-1,-7.796960991E-2,1.779553427E2
1.234670213E2,1.784407429E-2,7.081417716E-4,1.639618888E-3,9.998391867E-1,1.779551112E2,1.893047831E-1,-7.778138359E-2,1.779549794E2
1.234720213E2,1.784378438E-2,7.083187811E-4,1.642694697E-3,9.998391867E-1,1.779551444E2,1.896575289E-1,-7.779542936E-2,1.779550124E2
1.234770213E2,1.784008323E-2,7.109424914E-4,1.645479701E-3,9.998392463E-1,1.779555686E2,1.899816934E-1,-7.809104445E-2,1.779554358E2
1.234820213E2,1.783364968E-2,7.142039831E-4,1.641366398E-3,9.998393655E-1,1.779563059E2,1.895165816E-1,-7.847435288E-2,1.779561729E2
1.234870213E2,1.784351716E-2,7.075226749E-4,1.645937213E-3,9.998391867E-1,1.779551750E2,1.900273865E-1,-7.769763716E-2,1.779550429E2
1.234920213E2,1.784008357E-2,7.093727472E-4,1.646153280E-3,9.998392463E-1,1.779555686E2,1.900556581E-1,-7.790981668E-2,1.779554361E2
1.234970213E2,1.784365695E-2,7.085976540E-4,1.643958152E-3,9.998391867E-1,1.779551590E2,1.898028479E-1,-7.782482128E-2,1.779550268E2
1.235020213E2,1.783725256E-2,7.113149040E-4,1.639778726E-3,9.998393059E-1,1.779558930E2,1.893290528E-1,-7.814590437E-2,1.779557606E2
1.235070213E2,1.784096177E-2,7.101204246E-4,1.636283705E-3,9.998392463E-1,1.779554679E2,1.889264632E-1,-7.801549246E-2,1.779553360E2
1.235120213E2,1.783755998E-2,7.110821316E-4,1.636532368E-3,9.998393059E-1,1.779558578E2,1.889566541E-1,-7.812581278E-2,1.779557257E2
1.235170213E2,1.784102007E-2,7.105638506E-4,1.635455294E-3,9.998392463E-1,1.779554612E2,1.888324605E-1,-7.806797991E-2,1.779553293E2
1.235220213E2,1.784518843E-2,7.072903682E-4,1.627818332E-3,9.998391867E-1,1.779549835E2,1.879510969E-1,-7.770775728E-2,1.779548528E2
1.235270213E2,1.785514514E-2,7.006090018E-4,1.631352701E-3,9.998390079E-1,1.779538424E2,1.883431429E-1,-7.693314840E-2,1.779537127E2
1.235320213E2,1.785154299E-2,7.017300231E-4,1.633759588E-3,9.998390675E-1,1.779542552E2,1.886209249E-1,-7.705734197E-2,1.779541251E2
1.235370213E2,1.784478798E-2,7.060473436E-4,1.632740488E-3,9.998391867E-1,1.779550294E2,1.885124724E-1,-7.755534949E-2,1.779548986E2
1.235420213E2,1.785169550E-2,7.028321270E-4,1.631618012E-3,9.998390675E-1,1.779542377E2,1.883778236E-1,-7.718796594E-2,1.779541076E2
1.235470213E2,1.785841181E-2,6.961667095E-4,1.634026412E-3,9.998389482E-1,1.779534680E2,1.886406381E-1,-7.641809373E-2,1.779533389E2
1.235520213E2,1.785168831E-2,7.008188404E-4,1.632562373E-3,9.998390675E-1,1.779542385E2,1.884819026E-1,-7.695536672E-2,1.779541087E2
1.235570213E2,1.784889599E-2,7.042150246E-4,1.625110977E-3,9.998391271E-1,1.779545586E2,1.876349026E-1,-7.736024627E-2,1.779544287E2
1.235620213E2,1.785904502E-2,6.974998978E-4,1.626520068E-3,9.998389482E-1,1.779533954E2,1.877833873E-1,-7.658608453E-2,1.779532667E2
1.235670213E2,1.785581662E-2,6.994461291E-4,1.624487806E-3,9.998390079E-1,1.779537654E2,1.875542795E-1,-7.681383527E-2,1.779536365E2
1.235720213E2,1.784950707E-2,7.031304995E-4,1.618856797E-3,9.998391271E-1,1.779544885E2,1.869161677E-1,-7.724866725E-2,1.779543593E2
1.235770213E2,1.784934099E-2,7.029413828E-4,1.620768919E-3,9.998391271E-1,1.779545076E2,1.871348465E-1,-7.722311933E-2,1.779543783E2
1.235820213E2,1.784942641E-2,7.041151985E-4,1.619318034E-3,9.998391271E-1,1.779544978E2,1.869710215E-1,-7.736055895E-2,1.779543684E2
1.235870213E2,1.784615332E-2,7.055235910E-4,1.617977279E-3,9.998391867E-1,1.779548729E2,1.868200339E-1,-7.752527708E-2,1.779547433E2
1.235920213E2,1.784582151E-2,7.073390298E-4,1.620841911E-3,9.998391867E-1,1.779549109E2,1.871519324E-1,-7.772748117E-2,1.779547808E2
1.235970213E2,1.784215998E-2,7.083586534E-4,1.623935765E-3,9.998392463E-1,1.779553306E2,1.875082066E-1,-7.783866208E-2,1.779552000E2
1.236020213E2,1.784217425E-2,7.091825246E-4,1.623419346E-3,9.998392463E-1,1.779553289E2,1.874507246E-1,-7.793410887E-2,1.779551982E2
1.236070213E2,1.783545386E-2,7.145629497E-4,1.621486153E-3,9.998393655E-1,1.779560992E2,1.872397066E-1,-7.855577265E-2,1.779559676E2
1.236120213E2,1.783160360E-2,7.161298417E-4,1.626380254E-3,9.998394251E-1,1.779565404E2,1.878033410E-1,-7.872601650E-2,1.779564082E2
1.236170213E2,1.784189546E-2,7.101764786E-4,1.626046724E-3,9.998392463E-1,1.779553609E2,1.877537634E-1,-7.804266951E-2,1.779552298E2
1.236220213E2,1.784522663E-2,7.076519541E-4,1.627242309E-3,9.998391867E-1,1.779549791E2,1.878858425E-1,-7.775035615E-2,1.779548484E2
1.236270213E2,1.783116877E-2,7.173005724E-4,1.630626270E-3,9.998394251E-1,1.779565903E2,1.882921806E-1,-7.885155608E-2,1.779564575E2
1.236320213E2,1.783114126E-2,7.155403146E-4,1.631700085E-3,9.998394251E-1,1.779565934E2,1.884116118E-1,-7.864768860E-2,1.779564609E2
1.236370213E2,1.784479455E-2,7.059673662E-4,1.632703235E-3,9.998391867E-1,1.779550286E2,1.885080411E-1,-7.754626118E-2,1.779548978E2
1.236420213E2,1.784793171E-2,7.051782450E-4,1.635252149E-3,9.998391271E-1,1.779546691E2,1.887987082E-1,-7.745004414E-2,1.779545382E2
1.236470213E2,1.784476810E-2,7.068704581E-4,1.632601605E-3,9.998391867E-1,1.779550317E2,1.884982419E-1,-7.764994410E-2,1.779549007E2
1.236520213E2,1.785166449E-2,7.010221016E-4,1.632735599E-3,9.998390675E-1,1.779542413E2,1.885021637E-1,-7.697830510E-2,1.779541114E2
1.236570213E2,1.786214956E-2,6.952313124E-4,1.630036626E-3,9.998388886E-1,1.779530396E2,1.881818851E-1,-7.631838416E-2,1.779529110E2
1.236620213E2,1.786213851E-2,6.946706562E-4,1.630396699E-3,9.998388886E-1,1.779530408E2,1.882219912E-1,-7.625341304E-2,1.779529124E2
1.236670213E2,1.786155641E-2,6.958962767E-4,1.636240748E-3,9.998388886E-1,1.779531076E2,1.888940291E-1,-7.638198354E-2,1.779529784E2
1.236720213E2,1.786134739E-2,6.943033659E-4,1.639196416E-3,9.998388886E-1,1.779531315E2,1.892293935E-1,-7.619346829E-2,1.779530024E2
1.236770213E2,1.787154391E-2,6.878498825E-4,1.639848691E-3,9.998387098E-1,1.779519629E2,1.892916852E-1,-7.545080686E-2,1.779518350E2
1.236820213E2,1.786083173E-2,6.955232238E-4,1.644290169E-3,9.998388886E-1,1.779531906E2,1.898154604E-1,-7.632290278E-2,1.779530609E2
1.236870213E2,1.785708871E-2,6.970711402E-4,1.648040488E-3,9.998389482E-1,1.779536196E2,1.902480301E-1,-7.649328836E-2,1.779534893E2
1.236920213E2,1.786776984E-2,6.915012491E-4,1.643094583E-3,9.998387694E-1,1.779523954E2,1.896707711E-1,-7.586322349E-2,1.779522666E2
1.236970213E2,1.786804372E-2,6.912252866E-4,1.640229952E-3,9.998387694E-1,1.779523640E2,1.893420159E-1,-7.583741944E-2,1.779522355E2
1.237020213E2,1.785775717E-2,6.965575158E-4,1.640999457E-3,9.998389482E-1,1.779535430E2,1.894403142E-1,-7.644872294E-2,1.779534134E2
1.237070213E2,1.785817124E-2,6.965443026E-4,1.636492787E-3,9.998389482E-1,1.779534955E2,1.889239738E-1,-7.645635364E-2,1.779533662E2
1.237120213E2,1.786239874E-2,6.937124999E-4,1.627951744E-3,9.998388886E-1,1.779530110E2,1.879399225E-1,-7.614858992E-2,1.779528829E2
1.237170213E2,1.786215462E-2,6.951762480E-4,1.630004612E-3,9.998388886E-1,1.779530390E2,1.881781047E-1,-7.631213983E-2,1.779529105E2
1.237220213E2,1.785528775E-2,6.982844789E-4,1.630788436E-3,9.998390079E-1,1.779538260E2,1.882737470E-1,-7.666794820E-2,1.779536968E2
1.237270213E2,1.786193668E-2,6.955603603E-4,1.632227446E-3,9.998388886E-1,1.779530640E2,1.884335524E-1,-7.635163976E-2,1.779529352E2
1.237320213E2,1.786185308E-2,6.937290309E-4,1.633920823E-3,9.998388886E-1,1.779530736E2,1.886238131E-1,-7.613836809E-2,1.779529450E2
1.237370213E2,1.786880776E-2,6.896985578E-4,1.632531174E-3,9.998387694E-1,1.779522765E2,1.884568712E-1,-7.567811780E-2,1.779521488E2
1.237420213E2,1.787259372E-2,6.868536584E-4,1.628787490E-3,9.998387098E-1,1.779518426E2,1.880224033E-1,-7.535912292E-2,1.779517157E2
1.237470213E2,1.787284392E-2,6.878410932E-4,1.625622273E-3,9.998387098E-1,1.779518139E2,1.876617951E-1,-7.547869237E-2,1.779516871E2
1.237520213E2,1.786955611E-2,6.891053054E-4,1.624571043E-3,9.998387694E-1,1.779521907E2,1.875436930E-1,-7.562630695E-2,1.779520637E2
1.237570213E2,1.786253277E-2,6.939398008E-4,1.626383513E-3,9.998388886E-1,1.779529957E2,1.877607203E-1,-7.617781751E-2,1.779528676E2
1.237620213E2,1.786283288E-2,6.946998765E-4,1.622758922E-3,9.998388886E-1,1.779529613E2,1.873470172E-1,-7.627226517E-2,1.779528334E2
1.237670213E2,1.785937350E-2,6.964325439E-4,1.623367658E-3,9.998389482E-1,1.779533577E2,1.874200449E-1,-7.647018467E-2,1.779532295E2
1.237720213E2,1.786234934E-2,6.950566894E-4,1.627920428E-3,9.998388886E-1,1.779530167E2,1.879390826E-1,-7.630267132E-2,1.779528883E2
1.237770213E2,1.786219776E-2,6.936950958E-4,1.630162937E-3,9.998388886E-1,1.779530341E2,1.881932156E-1,-7.614210737E-2,1.779529058E2
1.237820213E2,1.785888461E-2,6.979829050E-4,1.628073398E-3,9.998389482E-1,1.779534138E2,1.879623341E-1,-7.663827525E-2,1.779532849E2
1.237870213E2,1.786605833E-2,6.927560316E-4,1.624805154E-3,9.998388290E-1,1.779525916E2,1.875777268E-1,-7.604475888E-2,1.779524639E2
1.237920213E2,1.787248589E-2,6.870343932E-4,1.629894134E-3,9.998387098E-1,1.779518549E2,1.881495575E-1,-7.537758396E-2,1.779517280E2
1.237970213E2,1.787223198E-2,6.870878860E-4,1.632653410E-3,9.998387098E-1,1.779518840E2,1.884657878E-1,-7.537810921E-2,1.779517568E2
1.238020213E2,1.787591417E-2,6.837977562E-4,1.630222774E-3,9.998386502E-1,1.779514620E2,1.881808382E-1,-7.500543401E-2,1.779513356E2
1.238070213E2,1.787904835E-2,6.825484452E-4,1.632930129E-3,9.998385906E-1,1.779511028E2,1.884887043E-1,-7.485615953E-2,1.779509765E2
1.238120213E2,1.787235151E-2,6.869722856E-4,1.631393097E-3,9.998387098E-1,1.779518703E2,1.883211616E-1,-7.536742328E-2,1.779517433E2
1.238170213E2,1.785542384E-2,6.982759223E-4,1.629301347E-3,9.998390079E-1,1.779538104E2,1.881033589E-1,-7.666998513E-2,1.779536813E2
1.238220213E2,1.785925965E-2,6.955610006E-4,1.624993049E-3,9.998389482E-1,1.779533708E2,1.876044790E-1,-7.636702394E-2,1.779532426E2
1.238270213E2,1.786588381E-2,6.911927485E-4,1.627387828E-3,9.998388290E-1,1.779526116E2,1.878704185E-1,-7.586039357E-2,1.779524840E2
1.238320213E2,1.785543029E-2,6.983072381E-4,1.629217179E-3,9.998390079E-1,1.779538097E2,1.880937800E-1,-7.667374408E-2,1.779536806E2
1.238370213E2,1.785242660E-2,7.005183725E-4,1.624598750E-3,9.998390675E-1,1.779541539E2,1.875689243E-1,-7.693709452E-2,1.779540248E2
1.238420213E2,1.786268313E-2,6.945197238E-4,1.624483499E-3,9.998388886E-1,1.779529784E2,1.875442277E-1,-7.624812228E-2,1.779528504E2
1.238470213E2,1.785899778E-2,6.974381977E-4,1.627065125E-3,9.998389482E-1,1.779534008E2,1.878457064E-1,-7.657790870E-2,1.779532721E2
1.238520213E2,1.785256274E-2,7.019164623E-4,1.622497919E-3,9.998390675E-1,1.779541383E2,1.873310958E-1,-7.710155061E-2,1.779540091E2
1.238570213E2,1.785641359E-2,6.986553781E-4,1.618254348E-3,9.998390079E-1,1.779536970E2,1.868385178E-1,-7.673588013E-2,1.779535687E2
1.238620213E2,1.786655396E-2,6.904646289E-4,1.620324329E-3,9.998388290E-1,1.779525348E2,1.870596885E-1,-7.579130712E-2,1.779524079E2
1.238670213E2,1.786260988E-2,6.953716511E-4,1.624924364E-3,9.998388886E-1,1.779529868E2,1.875964777E-1,-7.634484155E-2,1.779528586E2
1.238720213E2,1.785604470E-2,7.000135374E-4,1.621734002E-3,9.998390079E-1,1.779537393E2,1.872399452E-1,-7.688443731E-2,1.779536104E2
1.238770213E2,1.785341729E-2,7.011570851E-4,1.613397733E-3,9.998390675E-1,1.779540404E2,1.862869675E-1,-7.703300508E-2,1.779539120E2
1.238820213E2,1.785307600E-2,7.002094644E-4,1.617580419E-3,9.998390675E-1,1.779540795E2,1.867642273E-1,-7.691593922E-2,1.779539510E2
1.238870213E2,1.786295712E-2,6.951582618E-4,1.621194184E-3,9.998388886E-1,1.779529470E2,1.871686876E-1,-7.632796368E-2,1.779528192E2
1.238920213E2,1.785245052E-2,7.013441063E-4,1.623979537E-3,9.998390675E-1,1.779541512E2,1.874996702E-1,-7.703296380E-2,1.779540219E2
1.238970213E2,1.784928580E-2,7.027129177E-4,1.621475676E-3,9.998391271E-1,1.779545139E2,1.872153505E-1,-7.719550801E-2,1.779543846E2
1.239020213E2,1.785590932E-2,6.988513051E-4,1.623724704E-3,9.998390079E-1,1.779537548E2,1.874656380E-1,-7.674722852E-2,1.779536260E2
1.239070213E2,1.785602359E-2,6.985285436E-4,1.622606535E-3,9.998390079E-1,1.779537417E2,1.873368737E-1,-7.671251538E-2,1.779536131E2
1.239120213E2,1.783885785E-2,7.110664737E-4,1.622330747E-3,9.998393059E-1,1.779557090E2,1.873295933E-1,-7.815280614E-2,1.779555781E2
1.239170213E2,1.784196264E-2,7.099590148E-4,1.625404460E-3,9.998392463E-1,1.779553532E2,1.876797376E-1,-7.801905459E-2,1.779552222E2
1.239220213E2,1.784537550E-2,7.072930457E-4,1.625765115E-3,9.998391867E-1,1.779549620E2,1.877158726E-1,-7.771222785E-2,1.779548315E2
1.239270213E2,1.783523316E-2,7.137793000E-4,1.624256489E-3,9.998393655E-1,1.779561245E2,1.875554946E-1,-7.846036642E-2,1.779559928E2
1.239320213E2,1.783201610E-2,7.164223352E-4,1.621722127E-3,9.998394251E-1,1.779564932E2,1.872702731E-1,-7.876896998E-2,1.779563612E2
1.239370213E2,1.784202213E-2,7.091926527E-4,1.625085948E-3,9.998392463E-1,1.779553464E2,1.876416820E-1,-7.793189014E-2,1.779552155E2
1.239420213E2,1.785201758E-2,7.007078384E-4,1.629005652E-3,9.998390675E-1,1.779542008E2,1.880741947E-1,-7.694986322E-2,1.779540713E2
1.239470213E2,1.783169527E-2,7.154589402E-4,1.625670353E-3,9.998394251E-1,1.779565299E2,1.877206412E-1,-7.865058262E-2,1.779563979E2
1.239520213E2,1.783485276E-2,7.138730725E-4,1.628387021E-3,9.998393655E-1,1.779561681E2,1.880289062E-1,-7.846273938E-2,1.779560361E2
1.239570213E2,1.785161105E-2,7.026224630E-4,1.632631989E-3,9.998390675E-1,1.779542474E2,1.884935631E-1,-7.716188561E-2,1.779541172E2
1.239620213E2,1.784144651E-2,7.095985929E-4,1.631216845E-3,9.998392463E-1,1.779554123E2,1.883449058E-1,-7.796597272E-2,1.779552810E2
1.239670213E2,1.782521779E-2,7.213050267E-4,1.620799536E-3,9.998395443E-1,1.779572723E2,1.871740083E-1,-7.933155361E-2,1.779571395E2
1.239720213E2,1.784255810E-2,7.096130284E-4,1.619006507E-3,9.998392463E-1,1.779552849E2,1.869460403E-1,-7.799238422E-2,1.779551545E2
1.239770213E2,1.784941426E-2,7.028413238E-4,1.620005234E-3,9.998391271E-1,1.779544992E2,1.870471494E-1,-7.721320368E-2,1.779543699E2
1.239820213E2,1.783195647E-2,7.158298395E-4,1.622639131E-3,9.998394251E-1,1.779565000E2,1.873741218E-1,-7.869922308E-2,1.779563681E2
1.239870213E2,1.783931383E-2,7.115384797E-4,1.617101487E-3,9.998393059E-1,1.779556568E2,1.867314591E-1,-7.821749047E-2,1.779555261E2
1.239920213E2,1.784933846E-2,7.041541394E-4,1.620270312E-3,9.998391271E-1,1.779545079E2,1.870802001E-1,-7.736308908E-2,1.779543784E2
1.239970213E2,1.783855236E-2,7.103838725E-4,1.625984791E-3,9.998393059E-1,1.779557440E2,1.877468306E-1,-7.806718568E-2,1.779556129E2
1.240020213E2,1.783856429E-2,7.120231749E-4,1.625136589E-3,9.998393059E-1,1.779557427E2,1.876530017E-1,-7.825673751E-2,1.779556113E2
1.240070213E2,1.785295282E-2,7.019286859E-4,1.618194743E-3,9.998390675E-1,1.779540936E2,1.868381209E-1,-7.711168202E-2,1.779539647E2
1.240120213E2,1.784639162E-2,7.072302978E-4,1.614600187E-3,9.998391867E-1,1.779548456E2,1.864366180E-1,-7.772768213E-2,1.779547160E2
1.240170213E2,1.783991890E-2,7.108252030E-4,1.610727515E-3,9.998393059E-1,1.779555874E2,1.859997595E-1,-7.814868627E-2,1.779554574E2
1.240220213E2,1.785370828E-2,7.000211044E-4,1.610668725E-3,9.998390675E-1,1.779540070E2,1.859719934E-1,-7.690838155E-2,1.779538791E2
1.240270213E2,1.785054839E-2,7.026537787E-4,1.607542275E-3,9.998391271E-1,1.779543692E2,1.856189282E-1,-7.721699877E-2,1.779542410E2
1.240320213E2,1.784666866E-2,7.063169614E-4,1.611935557E-3,9.998391867E-1,1.779548138E2,1.861294752E-1,-7.762843635E-2,1.779546846E2
1.240370213E2,1.785707521E-2,6.991887931E-4,1.610705629E-3,9.998390079E-1,1.779536211E2,1.859747771E-1,-7.681231924E-2,1.779534933E2
1.240420213E2,1.785400149E-2,7.002234343E-4,1.607327140E-3,9.998390675E-1,1.779539734E2,1.855895728E-1,-7.693834563E-2,1.779538457E2
1.240470213E2,1.784053263E-2,7.103688549E-4,1.604117686E-3,9.998393059E-1,1.779555171E2,1.852415628E-1,-7.810980069E-2,1.779553877E2
1.240520213E2,1.785776296E-2,6.978967576E-4,1.603625482E-3,9.998390079E-1,1.779535423E2,1.851609882E-1,-7.667864811E-2,1.779534153E2
1.240570213E2,1.785407646E-2,7.002305356E-4,1.606491045E-3,9.998390675E-1,1.779539648E2,1.854937988E-1,-7.694085603E-2,1.779538371E2
1.240620213E2,1.783012811E-2,7.179450477E-4,1.604972873E-3,9.998394847E-1,1.779567095E2,1.853542142E-1,-7.897800968E-2,1.779565786E2
1.240670213E2,1.783741266E-2,7.124208496E-4,1.600749209E-3,9.998393655E-1,1.779558747E2,1.848595757E-1,-7.835236800E-2,1.779557451E2
1.240720213E2,1.785103834E-2,7.024153019E-4,1.602197066E-3,9.998391271E-1,1.779543130E2,1.850060586E-1,-7.720051952E-2,1.779541853E2
1.240770213E2,1.782732584E-2,7.195480866E-4,1.598238247E-3,9.998395443E-1,1.779570307E2,1.845856581E-1,-7.917595332E-2,1.779569000E2
1.240820213E2,1.782439159E-2,7.220548578E-4,1.592536457E-3,9.998396039E-1,1.779573670E2,1.839372724E-1,-7.947535070E-2,1.779572363E2
1.240870213E2,1.785148270E-2,7.039194461E-4,1.596576069E-3,9.998391271E-1,1.779542621E2,1.843651529E-1,-7.738427107E-2,1.779541345E2
1.240920213E2,1.784108247E-2,7.099332870E-4,1.598184346E-3,9.998393059E-1,1.779554541E2,1.845609113E-1,-7.807192554E-2,1.779553252E2
1.240970213E2,1.782410126E-2,7.226178423E-4,1.595527865E-3,9.998396039E-1,1.779574003E2,1.842811358E-1,-7.953379674E-2,1.779572692E2
1.241020213E2,1.784851774E-2,7.056448958E-4,1.591628767E-3,9.998391867E-1,1.779546019E2,1.838016233E-1,-7.759262736E-2,1.779544744E2
1.241070213E2,1.786211228E-2,6.953073316E-4,1.593441353E-3,9.998389482E-1,1.779530438E2,1.839891894E-1,-7.640201064E-2,1.779529181E2
1.241120213E2,1.783800563E-2,7.125268457E-4,1.594080473E-3,9.998393655E-1,1.779558067E2,1.840957782E-1,-7.837803502E-2,1.779556777E2
1.241170213E2,1.784169775E-2,7.103423704E-4,1.591118169E-3,9.998393059E-1,1.779553836E2,1.837521989E-1,-7.813312974E-2,1.779552552E2
1.241220213E2,1.784893994E-2,7.050089771E-4,1.587169711E-3,9.998391867E-1,1.779545535E2,1.832894654E-1,-7.752881138E-2,1.779544264E2
1.241270213E2,1.783119065E-2,7.174482453E-4,1.593348570E-3,9.998394847E-1,1.779565878E2,1.840214450E-1,-7.894464599E-2,1.779564579E2
1.241320213E2,1.783480062E-2,7.152647013E-4,1.591328066E-3,9.998394251E-1,1.779561740E2,1.837857703E-1,-7.869793554E-2,1.779560447E2
1.241370213E2,1.784487990E-2,7.078932831E-4,1.593976398E-3,9.998392463E-1,1.779550188E2,1.840749160E-1,-7.784610010E-2,1.779548907E2
1.241420213E2,1.783833913E-2,7.113919710E-4,1.590852160E-3,9.998393655E-1,1.779557685E2,1.837236048E-1,-7.825454688E-2,1.779556399E2
1.241470213E2,1.783139511E-2,7.168789743E-4,1.591315377E-3,9.998394847E-1,1.779565643E2,1.837873475E-1,-7.888353991E-2,1.779564347E2
1.241520213E2,1.784155948E-2,7.096101763E-4,1.592994318E-3,9.998393059E-1,1.779553994E2,1.839656479E-1,-7.804542931E-2,1.779552710E2
1.241570213E2,1.783451441E-2,7.152751205E-4,1.594527857E-3,9.998394251E-1,1.779562068E2,1.841523806E-1,-7.869264212E-2,1.779560773E2
1.241620213E2,1.783828452E-2,7.126114215E-4,1.590918633E-3,9.998393655E-1,1.779557747E2,1.837337097E-1,-7.839413737E-2,1.779556459E2
1.241670213E2,1.784176110E-2,7.093893946E-4,1.590832951E-3,9.998393059E-1,1.779553763E2,1.837175767E-1,-7.802451579E-2,1.779552481E2
1.241720213E2,1.782095220E-2,7.240448613E-4,1.592703047E-3,9.998396635E-1,1.779577612E2,1.839601505E-1,-7.970364436E-2,1.779576301E2
1.241770213E2,1.782819624E-2,7.188137388E-4,1.588832005E-3,9.998395443E-1,1.779569310E2,1.835065198E-1,-7.911087387E-2,1.779568012E2
1.241820213E2,1.783888933E-2,7.110390579E-4,1.584828948E-3,9.998393655E-1,1.779557054E2,1.830328255E-1,-7.822632476E-2,1.779555774E2
1.241870213E2,1.782848916E-2,7.192704361E-4,1.585334539E-3,9.998395443E-1,1.779568974E2,1.831067591E-1,-7.917029116E-2,1.779567678E2
1.241920213E2,1.782151286E-2,7.242080756E-4,1.586342696E-3,9.998396635E-1,1.779576969E2,1.832318003E-1,-7.973523112E-2,1.779575663E2
1.241970213E2,1.783215539E-2,7.158650551E-4,1.583231846E-3,9.998394847E-1,1.779564772E2,1.828591763E-1,-7.878375125E-2,1.779563484E2
1.242020213E2,1.783578131E-2,7.141210372E-4,1.580815646E-3,9.998394251E-1,1.779560616E2,1.825790643E-1,-7.858820900E-2,1.779559333E2
1.242070213E2,1.782515357E-2,7.215915248E-4,1.584196114E-3,9.998396039E-1,1.779572797E2,1.829808034E-1,-7.943916217E-2,1.779571497E2
1.242120213E2,1.783561928E-2,7.137826760E-4,1.582795288E-3,9.998394251E-1,1.779560802E2,1.828051746E-1,-7.854542519E-2,1.779559518E2
1.242170213E2,1.784282864E-2,7.100086077E-4,1.578536001E-3,9.998393059E-1,1.779552539E2,1.823100212E-1,-7.812040927E-2,1.779551266E2
1.242220213E2,1.783238923E-2,7.156572537E-4,1.580689917E-3,9.998394847E-1,1.779564504E2,1.825675323E-1,-7.876509463E-2,1.779563218E2
1.242270213E2,1.783582780E-2,7.137748762E-4,1.580447308E-3,9.998394251E-1,1.779560563E2,1.825361585E-1,-7.854929261E-2,1.779559281E2
1.242320213E2,1.783234134E-2,7.167742588E-4,1.580724027E-3,9.998394847E-1,1.779564559E2,1.825737195E-1,-7.889301252E-2,1.779563271E2
1.242370213E2,1.782964215E-2,7.186446455E-4,1.572600449E-3,9.998395443E-1,1.779567652E2,1.816465814E-1,-7.912440020E-2,1.779566368E2
1.242420213E2,1.784008840E-2,7.125045522E-4,1.570609747E-3,9.998393655E-1,1.779555680E2,1.814067716E-1,-7.842308213E-2,1.779554408E2
1.242470213E2,1.782948358E-2,7.176523213E-4,1.574849826E-3,9.998395443E-1,1.779567834E2,1.819022602E-1,-7.900613922E-2,1.779566549E2
1.242520213E2,1.782620924E-2,7.209309842E-4,1.572575537E-3,9.998396039E-1,1.779571587E2,1.816481267E-1,-7.938702798E-2,1.779570298E2
1.242570213E2,1.784363834E-2,7.086176192E-4,1.569985296E-3,9.998393059E-1,1.779551611E2,1.813275552E-1,-7.797837663E-2,1.779550347E2
1.242620213E2,1.783997586E-2,7.107732818E-4,1.572671114E-3,9.998393655E-1,1.779555809E2,1.816394009E-1,-7.822053101E-2,1.779554539E2
1.242670213E2,1.783691377E-2,7.133577601E-4,1.568333362E-3,9.998394251E-1,1.779559318E2,1.811474534E-1,-7.852606602E-2,1.779558047E2
1.242720213E2,1.785107593E-2,7.038478507E-4,1.563486061E-3,9.998391867E-1,1.779543087E2,1.805737364E-1,-7.744383579E-2,1.779541837E2
1.242770213E2,1.784709904E-2,7.064971142E-4,1.569563639E-3,9.998392463E-1,1.779547645E2,1.812751770E-1,-7.773565839E-2,1.779546385E2
1.242820213E2,1.783658240E-2,7.142794784E-4,1.571679022E-3,9.998394251E-1,1.779559698E2,1.815326357E-1,-7.862489158E-2,1.779558422E2
1.242870213E2,1.784076315E-2,7.101184456E-4,1.564012142E-3,9.998393655E-1,1.779554907E2,1.806460345E-1,-7.816306484E-2,1.779553644E2
1.242920213E2,1.784762060E-2,7.055213791E-4,1.564062200E-3,9.998392463E-1,1.779547047E2,1.806429024E-1,-7.763502293E-2,1.779545793E2
1.242970213E2,1.785039688E-2,7.034208393E-4,1.571411034E-3,9.998391867E-1,1.779543865E2,1.814808022E-1,-7.737882279E-2,1.779542610E2
1.243020213E2,1.785413284E-2,7.021694328E-4,1.567447325E-3,9.998391271E-1,1.779539584E2,1.810243945E-1,-7.724287705E-2,1.779538333E2
1.243070213E2,1.785418793E-2,7.017608732E-4,1.567002735E-3,9.998391271E-1,1.779539521E2,1.809726245E-1,-7.719696677E-2,1.779538271E2
1.243120213E2,1.784698545E-2,7.064765086E-4,1.570863882E-3,9.998392463E-1,1.779547775E2,1.814240994E-1,-7.773065883E-2,1.779546514E2
1.243170213E2,1.785354887E-2,7.025412633E-4,1.573918969E-3,9.998391271E-1,1.779540253E2,1.817665893E-1,-7.727234364E-2,1.779538997E2
1.243220213E2,1.784986427E-2,7.040440687E-4,1.577171497E-3,9.998391867E-1,1.779544476E2,1.821420325E-1,-7.743854139E-2,1.779543215E2
1.243270213E2,1.784306879E-2,7.089698338E-4,1.576286741E-3,9.998393059E-1,1.779552264E2,1.820502099E-1,-7.800594911E-2,1.779550994E2
1.243320213E2,1.785339375E-2,7.009361289E-4,1.576392213E-3,9.998391271E-1,1.779540431E2,1.820466610E-1,-7.708340629E-2,1.779539176E2
1.243370213E2,1.784612661E-2,7.068131818E-4,1.580440556E-3,9.998392463E-1,1.779548760E2,1.825219545E-1,-7.774980269E-2,1.779547491E2
1.243420213E2,1.783237826E-2,7.170349709E-4,1.580189215E-3,9.998394847E-1,1.779564517E2,1.825129800E-1,-7.892396933E-2,1.779563229E2
1.243470213E2,1.784273340E-2,7.098719361E-4,1.579673612E-3,9.998393059E-1,1.779552649E2,1.824400744E-1,-7.810244160E-2,1.779551374E2
1.243520213E2,1.785299547E-2,7.014107541E-4,1.580685959E-3,9.998391271E-1,1.779540887E2,1.825395511E-1,-7.712907342E-2,1.779539628E2
1.243570213E2,1.783886170E-2,7.123371470E-4,1.584557001E-3,9.998393655E-1,1.779557086E2,1.830043195E-1,-7.837561198E-2,1.779555803E2
1.243620213E2,1.783538910E-2,7.147129509E-4,1.584967715E-3,9.998394251E-1,1.779561066E2,1.830559607E-1,-7.864761159E-2,1.779559779E2
1.243670213E2,1.784578400E-2,7.064457168E-4,1.584468409E-3,9.998392463E-1,1.779549152E2,1.829826617E-1,-7.769952622E-2,1.779547881E2
1.243720213E2,1.783871569E-2,7.124251570E-4,1.586160390E-3,9.998393655E-1,1.779557253E2,1.831881939E-1,-7.838244449E-2,1.779555969E2
1.243770213E2,1.783224088E-2,7.169942837E-4,1.581757213E-3,9.998394847E-1,1.779564674E2,1.826925371E-1,-7.891612846E-2,1.779563385E2
1.243820213E2,1.784659367E-2,7.067628321E-4,1.575180213E-3,9.998392463E-1,1.779548224E2,1.819191919E-1,-7.775470716E-2,1.779546959E2
1.243870213E2,1.784995672E-2,7.039763150E-4,1.576155075E-3,9.998391867E-1,1.779544370E2,1.820254460E-1,-7.743284097E-2,1.779543109E2
1.243920213E2,1.783989027E-2,7.114505279E-4,1.573335729E-3,9.998393655E-1,1.779555907E2,1.817169263E-1,-7.829678205E-2,1.779554635E2
1.243970213E2,1.784344859E-2,7.087714621E-4,1.572071109E-3,9.998393059E-1,1.779551829E2,1.815668341E-1,-7.799177216E-2,1.779550563E2
1.244020213E2,1.784730749E-2,7.072713342E-4,1.566842315E-3,9.998392463E-1,1.779547406E2,1.809649851E-1,-7.782989132E-2,1.779546147E2
1.244070213E2,1.785334220E-2,7.025983650E-4,1.576236100E-3,9.998391271E-1,1.779540490E2,1.820321719E-1,-7.727418275E-2,1.779539232E2
1.244120213E2,1.784616361E-2,7.063560770E-4,1.580227050E-3,9.998392463E-1,1.779548717E2,1.824965604E-1,-7.769786064E-2,1.779547449E2
1.244170213E2,1.784677446E-2,7.058301126E-4,1.573549351E-3,9.998392463E-1,1.779548017E2,1.817304444E-1,-7.765114508E-2,1.779546755E2
1.244220213E2,1.785018268E-2,7.038220065E-4,1.573662972E-3,9.998391867E-1,1.779544111E2,1.817396188E-1,-7.742021808E-2,1.779542853E2
1.244270213E2,1.786042595E-2,6.965280045E-4,1.574295457E-3,9.998390079E-1,1.779532371E2,1.817979469E-1,-7.658136478E-2,1.779531126E2
1.244320213E2,1.786045817E-2,6.964233471E-4,1.573976246E-3,9.998390079E-1,1.779532334E2,1.817611620E-1,-7.657002135E-2,1.779531089E2
1.244370213E2,1.786417662E-2,6.950317184E-4,1.570250723E-3,9.998389482E-1,1.779528073E2,1.813317513E-1,-7.641752901E-2,1.779526833E2
1.244420213E2,1.785767692E-2,6.981890183E-4,1.566872583E-3,9.998390675E-1,1.779535522E2,1.809506713E-1,-7.678736289E-2,1.779534279E2
1.244470213E2,1.786417529E-2,6.937067374E-4,1.570851658E-3,9.998389482E-1,1.779528074E2,1.813978897E-1,-7.626449176E-2,1.779526837E2
1.244520213E2,1.786408301E-2,6.947802613E-4,1.571426517E-3,9.998389482E-1,1.779528180E2,1.814659442E-1,-7.638632867E-2,1.779526940E2
1.244570213E2,1.786075895E-2,6.966481451E-4,1.570459688E-3,9.998390079E-1,1.779531990E2,1.813587409E-1,-7.660292024E-2,1.779530747E2
1.244620213E2,1.786766616E-2,6.920551532E-4,1.569814747E-3,9.998388886E-1,1.779524073E2,1.812759712E-1,-7.607675443E-2,1.779522840E2
1.244670213E2,1.786684364E-2,6.926950300E-4,1.578868134E-3,9.998388886E-1,1.779525016E2,1.823144970E-1,-7.613167930E-2,1.779523774E2
1.244720213E2,1.785639424E-2,6.984187639E-4,1.581321703E-3,9.998390675E-1,1.779536992E2,1.826065294E-1,-7.678435019E-2,1.779535738E2
1.244770213E2,1.786410544E-2,6.931380485E-4,1.571896719E-3,9.998389482E-1,1.779528154E2,1.815164562E-1,-7.619720851E-2,1.779526917E2
1.244820213E2,1.787056439E-2,6.899778382E-4,1.575690927E-3,9.998388290E-1,1.779520752E2,1.819451914E-1,-7.582619039E-2,1.779519517E2
1.244870213E2,1.786358643E-2,6.948740920E-4,1.577020157E-3,9.998389482E-1,1.779528749E2,1.821069812E-1,-7.638571830E-2,1.779527505E2
1.244920213E2,1.786733268E-2,6.912839599E-4,1.573944814E-3,9.998388886E-1,1.779524455E2,1.817475627E-1,-7.598000024E-2,1.779523220E2
1.244970213E2,1.787108713E-2,6.902504247E-4,1.569631160E-3,9.998388290E-1,1.779520152E2,1.812515008E-1,-7.586973677E-2,1.779518922E2
1.245020213E2,1.786728374E-2,6.921300665E-4,1.574128517E-3,9.998388886E-1,1.779524511E2,1.817703392E-1,-7.607657408E-2,1.779523274E2
1.245070213E2,1.786083219E-2,6.963370834E-4,1.569764572E-3,9.998390079E-1,1.779531906E2,1.812784679E-1,-7.656869041E-2,1.779530664E2
1.245120213E2,1.785778857E-2,6.995677832E-4,1.564983977E-3,9.998390675E-1,1.779535394E2,1.807371177E-1,-7.694917713E-2,1.779534150E2
1.245170213E2,1.786776525E-2,6.925690104E-4,1.568459673E-3,9.998388886E-1,1.779523960E2,1.811217755E-1,-7.613838538E-2,1.779522726E2
1.245220213E2,1.787395621E-2,6.877251435E-4,1.576025505E-3,9.998387694E-1,1.779516864E2,1.819791675E-1,-7.556678956E-2,1.779515634E2
1.245270213E2,1.787094597E-2,6.902646855E-4,1.571231289E-3,9.998388290E-1,1.779520314E2,1.814348516E-1,-7.586811923E-2,1.779519083E2
1.245320213E2,1.785739763E-2,6.996748853E-4,1.569390763E-3,9.998390675E-1,1.779535842E2,1.812422076E-1,-7.695250063E-2,1.779534595E2
1.245370213E2,1.786409981E-2,6.942503969E-4,1.571469707E-3,9.998389482E-1,1.779528161E2,1.814698091E-1,-7.632552898E-2,1.779526922E2
1.245420213E2,1.787088648E-2,6.891394150E-4,1.572401379E-3,9.998388290E-1,1.779520382E2,1.815666036E-1,-7.573680793E-2,1.779519152E2
1.245470213E2,1.786431351E-2,6.933127879E-4,1.569453045E-3,9.998389482E-1,1.779527916E2,1.812368496E-1,-7.622219394E-2,1.779526680E2
1.245520213E2,1.786451849E-2,6.949302042E-4,1.566401566E-3,9.998389482E-1,1.779527681E2,1.808905583E-1,-7.641371640E-2,1.779526444E2
1.245570213E2,1.786812859E-2,6.925252965E-4,1.564334380E-3,9.998388886E-1,1.779523543E2,1.806490644E-1,-7.614175832E-2,1.779522313E2
1.245620213E2,1.786116247E-2,6.963160704E-4,1.566011459E-3,9.998390079E-1,1.779531527E2,1.808484429E-1,-7.657390513E-2,1.779530289E2
1.245670213E2,1.786181266E-2,6.955353310E-4,1.558926422E-3,9.998390079E-1,1.779530782E2,1.800351370E-1,-7.649883839E-2,1.779529550E2
1.245720213E2,1.786218189E-2,6.948395167E-4,1.555001247E-3,9.998390079E-1,1.779530359E2,1.795840197E-1,-7.642708502E-2,1.779529131E2
1.245770213E2,1.785463695E-2,7.014106959E-4,1.562035526E-3,9.998391271E-1,1.779539006E2,1.804028320E-1,-7.716692808E-2,1.779537761E2
1.245820213E2,1.784780515E-2,7.064650417E-4,1.561528305E-3,9.998392463E-1,1.779546836E2,1.803545297E-1,-7.774829069E-2,1.779545582E2
1.245870213E2,1.784430059E-2,7.095268811E-4,1.562027610E-3,9.998393059E-1,1.779550852E2,1.804177263E-1,-7.809870652E-2,1.779549593E2
1.245920213E2,1.784458337E-2,7.077300688E-4,1.559610362E-3,9.998393059E-1,1.779550528E2,1.801371209E-1,-7.789773216E-2,1.779549274E2
1.245970213E2,1.784423062E-2,7.079727948E-4,1.563531347E-3,9.998393059E-1,1.779550933E2,1.805868309E-1,-7.791758748E-2,1.779549675E2
1.246020213E2,1.784417666E-2,7.087077247E-4,1.563814119E-3,9.998393059E-1,1.779550994E2,1.806207280E-1,-7.800122224E-2,1.779549735E2
1.246070213E2,1.784155282E-2,7.102716481E-4,1.554907998E-3,9.998393655E-1,1.779554002E2,1.796033155E-1,-7.819908959E-2,1.779552746E2
1.246120213E2,1.784493110E-2,7.076903712E-4,1.555644674E-3,9.998393059E-1,1.779550130E2,1.796827040E-1,-7.790123109E-2,1.779548878E2
1.246170213E2,1.784440165E-2,7.095508045E-4,1.560861710E-3,9.998393059E-1,1.779550737E2,1.802842019E-1,-7.810381346E-2,1.779549478E2
1.246220213E2,1.784139697E-2,7.111181039E-4,1.556308824E-3,9.998393655E-1,1.779554180E2,1.797655318E-1,-7.829323460E-2,1.779552922E2
1.246270213E2,1.783484017E-2,7.152415928E-4,1.552983304E-3,9.998394847E-1,1.779561695E2,1.793924305E-1,-7.877365172E-2,1.779560432E2
1.246320213E2,1.783796891E-2,7.127735298E-4,1.556554111E-3,9.998394251E-1,1.779558109E2,1.797967512E-1,-7.848301698E-2,1.779556848E2
1.246370213E2,1.783083371E-2,7.179887034E-4,1.559334109E-3,9.998395443E-1,1.779566287E2,1.801253633E-1,-7.907613868E-2,1.779565014E2
1.246420213E2,1.783083065E-2,7.176871877E-4,1.559507917E-3,9.998395443E-1,1.779566290E2,1.801446607E-1,-7.904123845E-2,1.779565018E2
1.246470213E2,1.783765641E-2,7.134677726E-4,1.559813856E-3,9.998394251E-1,1.779558467E2,1.801716266E-1,-7.855595131E-2,1.779557202E2
1.246520213E2,1.783390584E-2,7.157378132E-4,1.563449274E-3,9.998394847E-1,1.779562766E2,1.805924946E-1,-7.880928315E-2,1.779561494E2
1.246570213E2,1.783061273E-2,7.190233446E-4,1.561382902E-3,9.998395443E-1,1.779566540E2,1.803621978E-1,-7.919053423E-2,1.779565263E2
1.246620213E2,1.782726408E-2,7.213217905E-4,1.560391509E-3,9.998396039E-1,1.779570378E2,1.802530414E-1,-7.945650407E-2,1.779569098E2
1.246670213E2,1.783075961E-2,7.185112336E-4,1.559940632E-3,9.998395443E-1,1.779566372E2,1.801959169E-1,-7.913478064E-2,1.779565097E2
1.246720213E2,1.783370835E-2,7.165959687E-4,1.565307728E-3,9.998394847E-1,1.779562992E2,1.808071628E-1,-7.890384229E-2,1.779561717E2
1.246770213E2,1.783057037E-2,7.182760164E-4,1.562210382E-3,9.998395443E-1,1.779566589E2,1.804554745E-1,-7.910322723E-2,1.779565313E2
1.246820213E2,1.783463594E-2,7.144613774E-4,1.555685536E-3,9.998394847E-1,1.779561929E2,1.797004240E-1,-7.867877367E-2,1.779560665E2
1.246870213E2,1.783388865E-2,7.151522441E-4,1.563913189E-3,9.998394847E-1,1.779562786E2,1.806444487E-1,-7.874124760E-2,1.779561514E2
1.246920213E2,1.782312281E-2,7.227597525E-4,1.568818931E-3,9.998396635E-1,1.779575124E2,1.812212096E-1,-7.960478953E-2,1.779573835E2
1.246970213E2,1.783043684E-2,7.192688063E-4,1.563277328E-3,9.998395443E-1,1.779566742E2,1.805797367E-1,-7.921481832E-2,1.779565463E2
1.247020213E2,1.783818459E-2,7.137494977E-4,1.553632552E-3,9.998394251E-1,1.779557862E2,1.794640301E-1,-7.860077032E-2,1.779556601E2
1.247070213E2,1.783769775E-2,7.127509452E-4,1.559668803E-3,9.998394251E-1,1.779558420E2,1.801535450E-1,-7.847411117E-2,1.779557156E2
1.247120213E2,1.784411719E-2,7.090615691E-4,1.564332284E-3,9.998393059E-1,1.779551063E2,1.806808150E-1,-7.804071447E-2,1.779549802E2
1.247170213E2,1.784424303E-2,7.091340958E-4,1.562863239E-3,9.998393059E-1,1.779550918E2,1.805126595E-1,-7.805200544E-2,1.779549659E2
1.247220213E2,1.784800865E-2,7.050415152E-4,1.559844823E-3,9.998392463E-1,1.779546603E2,1.801587510E-1,-7.758859933E-2,1.779545353E2
1.247270213E2,1.784749486E-2,7.051726570E-4,1.565653482E-3,9.998392463E-1,1.779547191E2,1.808244980E-1,-7.759183680E-2,1.779545937E2
1.247320213E2,1.784395670E-2,7.091137231E-4,1.566138235E-3,9.998393059E-1,1.779551247E2,1.808878233E-1,-7.804302594E-2,1.779549984E2
1.247370213E2,1.784096604E-2,7.100502262E-4,1.561727026E-3,9.998393655E-1,1.779554674E2,1.803840970E-1,-7.815988411E-2,1.779553414E2
1.247420213E2,1.784103450E-2,7.118082722E-4,1.560143894E-3,9.998393655E-1,1.779554596E2,1.802063122E-1,-7.836453352E-2,1.779553333E2
1.247470213E2,1.784426214E-2,7.085429388E-4,1.562913181E-3,9.998393059E-1,1.779550896E2,1.805171740E-1,-7.798416911E-2,1.779549638E2
1.247520213E2,1.783713026E-2,7.124740514E-4,1.566271530E-3,9.998394251E-1,1.779559070E2,1.809094324E-1,-7.842899207E-2,1.779557802E2
1.247570213E2,1.784070999E-2,7.108975551E-4,1.564264530E-3,9.998393655E-1,1.779554968E2,1.806765405E-1,-7.825182350E-2,1.779553704E2
1.247620213E2,1.785089924E-2,7.035903982E-4,1.565617858E-3,9.998391867E-1,1.779543290E2,1.808174435E-1,-7.741000955E-2,1.779542038E2
1.247670213E2,1.785026177E-2,7.042452344E-4,1.572576119E-3,9.998391867E-1,1.779544020E2,1.816159662E-1,-7.747091756E-2,1.779542762E2
1.247720213E2,1.783716696E-2,7.123601972E-4,1.565905288E-3,9.998394251E-1,1.779559028E2,1.808672408E-1,-7.841668944E-2,1.779557760E2
1.247770213E2,1.784080662E-2,7.119948277E-4,1.562662655E-3,9.998393655E-1,1.779554857E2,1.804952592E-1,-7.838079916E-2,1.779553592E2
1.247820213E2,1.785085301E-2,7.043731166E-4,1.565792947E-3,9.998391867E-1,1.779543343E2,1.808391018E-1,-7.749933827E-2,1.779542090E2
1.247870213E2,1.785032960E-2,7.039930788E-4,1.571918954E-3,9.998391867E-1,1.779543943E2,1.815401619E-1,-7.744335928E-2,1.779542685E2
1.247920213E2,1.785054586E-2,7.048357511E-4,1.569082960E-3,9.998391867E-1,1.779543695E2,1.812169729E-1,-7.754566912E-2,1.779542438E2
1.247970213E2,1.785464709E-2,7.014956791E-4,1.561881392E-3,9.998391271E-1,1.779538994E2,1.803853470E-1,-7.717697841E-2,1.779537749E2
1.248020213E2,1.785093681E-2,7.043930236E-4,1.564828330E-3,9.998391867E-1,1.779543247E2,1.807286294E-1,-7.750357724E-2,1.779541994E2
1.248070213E2,1.784701411E-2,7.072374574E-4,1.570195775E-3,9.998392463E-1,1.779547742E2,1.813491107E-1,-7.781920439E-2,1.779546481E2
1.248120213E2,1.784724009E-2,7.065915852E-4,1.567916363E-3,9.998392463E-1,1.779547483E2,1.810866469E-1,-7.774982579E-2,1.779546225E2
1.248170213E2,1.784368856E-2,7.091696025E-4,1.569165033E-3,9.998393059E-1,1.779551554E2,1.812347077E-1,-7.804328734E-2,1.779550289E2
1.248220213E2,1.784299086E-2,7.099814829E-4,1.576713519E-3,9.998393059E-1,1.779552354E2,1.821011702E-1,-7.812099850E-2,1.779551081E2
1.248270213E2,1.784272685E-2,7.102887030E-4,1.579560223E-3,9.998393059E-1,1.779552656E2,1.824279348E-1,-7.815042495E-2,1.779551381E2
1.248320213E2,1.785018125E-2,7.046159008E-4,1.573323854E-3,9.998391867E-1,1.779544113E2,1.817023890E-1,-7.751187104E-2,1.779542853E2
1.248370213E2,1.785686322E-2,6.980919861E-4,1.576161827E-3,9.998390675E-1,1.779536454E2,1.820147115E-1,-7.675738361E-2,1.779535205E2
1.248420213E2,1.785992570E-2,6.978972815E-4,1.579356147E-3,9.998390079E-1,1.779532945E2,1.823805325E-1,-7.672798029E-2,1.779531693E2
1.248470213E2,1.785618248E-2,7.007054519E-4,1.582700759E-3,9.998390675E-1,1.779537235E2,1.827691962E-1,-7.704355999E-2,1.779535975E2
1.248520213E2,1.786365086E-2,6.946389331E-4,1.576393843E-3,9.998389482E-1,1.779528675E2,1.820347457E-1,-7.636004582E-2,1.779527432E2
1.248570213E2,1.786718559E-2,6.919460720E-4,1.575322938E-3,9.998388886E-1,1.779524624E2,1.819068039E-1,-7.605306546E-2,1.779523386E2
1.248620213E2,1.786330223E-2,6.942999316E-4,1.580488402E-3,9.998389482E-1,1.779529075E2,1.825031530E-1,-7.631288681E-2,1.779527829E2
1.248670213E2,1.785659311E-2,6.992970593E-4,1.578685711E-3,9.998390675E-1,1.779536764E2,1.823063273E-1,-7.689033710E-2,1.779535510E2
1.248720213E2,1.786680267E-2,6.925574271E-4,1.579392119E-3,9.998388886E-1,1.779525063E2,1.823742469E-1,-7.611484830E-2,1.779523821E2
1.248770213E2,1.786670228E-2,6.933668628E-4,1.580172451E-3,9.998388886E-1,1.779525178E2,1.824653022E-1,-7.620600848E-2,1.779523934E2
1.248820213E2,1.786948042E-2,6.910618977E-4,1.587465173E-3,9.998388290E-1,1.779521994E2,1.832963457E-1,-7.592648022E-2,1.779520749E2
1.248870213E2,1.786608331E-2,6.923541659E-4,1.587597420E-3,9.998388886E-1,1.779525887E2,1.833138859E-1,-7.607489147E-2,1.779524640E2
1.248920213E2,1.786584876E-2,6.920988089E-4,1.590345870E-3,9.998388886E-1,1.779526156E2,1.836282446E-1,-7.604005023E-2,1.779524907E2
1.248970213E2,1.786585799E-2,6.923826877E-4,1.590118627E-3,9.998388886E-1,1.779526146E2,1.836027906E-1,-7.607303868E-2,1.779524896E2
1.249020213E2,1.786534154E-2,6.938972510E-4,1.595252659E-3,9.998388886E-1,1.779526737E2,1.841940765E-1,-7.623615066E-2,1.779525481E2
1.249070213E2,1.786179733E-2,6.965126377E-4,1.596442657E-3,9.998389482E-1,1.779530799E2,1.843355026E-1,-7.653402082E-2,1.779529537E2
1.249120213E2,1.785476823E-2,7.004875806E-4,1.598671661E-3,9.998390675E-1,1.779538855E2,1.845984837E-1,-7.698617768E-2,1.779537584E2
1.249170213E2,1.785439277E-2,7.004003855E-4,1.602897537E-3,9.998390675E-1,1.779539286E2,1.850824498E-1,-7.696761025E-2,1.779538011E2
1.249220213E2,1.785431543E-2,7.011555717E-4,1.603428740E-3,9.998390675E-1,1.779539374E2,1.851448510E-1,-7.705306175E-2,1.779538098E2
1.249270213E2,1.785439251E-2,7.008850807E-4,1.602688571E-3,9.998390675E-1,1.779539286E2,1.850594997E-1,-7.702357092E-2,1.779538011E2
1.249320213E2,1.786113322E-2,6.953220582E-4,1.604372170E-3,9.998389482E-1,1.779531561E2,1.852415266E-1,-7.638150417E-2,1.779530295E2
1.249370213E2,1.785735828E-2,6.986808148E-4,1.607785118E-3,9.998390079E-1,1.779535887E2,1.856391460E-1,-7.676004255E-2,1.779534612E2
1.249420213E2,1.785039298E-2,7.033715374E-4,1.608953462E-3,9.998391271E-1,1.779543870E2,1.857820692E-1,-7.729637674E-2,1.779542585E2
1.249470213E2,1.785327449E-2,7.015864830E-4,1.614790643E-3,9.998390675E-1,1.779540567E2,1.864474257E-1,-7.707937932E-2,1.779539282E2
1.249520213E2,1.786673499E-2,6.909690564E-4,1.618111739E-3,9.998388290E-1,1.779525140E2,1.868072310E-1,-7.585359740E-2,1.779523872E2
1.249570213E2,1.785952034E-2,6.968849339E-4,1.621557050E-3,9.998389482E-1,1.779533409E2,1.872135345E-1,-7.652569462E-2,1.779532127E2
1.249620213E2,1.785645034E-2,6.996130105E-4,1.617434900E-3,9.998390079E-1,1.779536928E2,1.867465935E-1,-7.684726909E-2,1.779535643E2
1.249670213E2,1.787088964E-2,6.891779485E-4,1.609804342E-3,9.998387694E-1,1.779520379E2,1.858520702E-1,-7.566462172E-2,1.779519120E2
1.249720213E2,1.787416136E-2,6.866182084E-4,1.611593645E-3,9.998387098E-1,1.779516629E2,1.860520806E-1,-7.536707102E-2,1.779515374E2
1.249770213E2,1.786023970E-2,6.958069862E-4,1.614079694E-3,9.998389482E-1,1.779532585E2,1.863546761E-1,-7.641736045E-2,1.779531310E2
1.249820213E2,1.786059756E-2,6.968149683E-4,1.609678962E-3,9.998389482E-1,1.779532174E2,1.858525596E-1,-7.654178886E-2,1.779530902E2
1.249870213E2,1.786416758E-2,6.934783887E-4,1.608526451E-3,9.998388886E-1,1.779528083E2,1.857139540E-1,-7.616120229E-2,1.779526817E2
1.249920213E2,1.786366958E-2,6.948895170E-4,1.613440574E-3,9.998388886E-1,1.779528654E2,1.862798336E-1,-7.631291222E-2,1.779527382E2
1.249970213E2,1.786363875E-2,6.930865347E-4,1.614556997E-3,9.998388886E-1,1.779528689E2,1.864040523E-1,-7.610405913E-2,1.779527419E2
1.250020213E2,1.786371568E-2,6.944196066E-4,1.613132423E-3,9.998388886E-1,1.779528601E2,1.862435690E-1,-7.625969535E-2,1.779527330E2
1.250070213E2,1.786066661E-2,6.948097725E-4,1.609779545E-3,9.998389482E-1,1.779532095E2,1.858599842E-1,-7.631182856E-2,1.779530826E2
1.250120213E2,1.785672187E-2,6.976802833E-4,1.615270507E-3,9.998390079E-1,1.779536616E2,1.864946767E-1,-7.663020885E-2,1.779535338E2
1.250170213E2,1.786701741E-2,6.902138703E-4,1.615313115E-3,9.998388290E-1,1.779524817E2,1.864850579E-1,-7.577275087E-2,1.779523552E2
1.250220213E2,1.786732521E-2,6.909949007E-4,1.611570246E-3,9.998388290E-1,1.779524464E2,1.860578470E-1,-7.586984237E-2,1.779523201E2
1.250270213E2,1.786725668E-2,6.903232425E-4,1.612617518E-3,9.998388290E-1,1.779524542E2,1.861764560E-1,-7.579075678E-2,1.779523280E2
1.250320213E2,1.786021776E-2,6.959426682E-4,1.614263980E-3,9.998389482E-1,1.779532610E2,1.863760664E-1,-7.643253287E-2,1.779531335E2
1.250370213E2,1.785375606E-2,7.007582462E-4,1.609818311E-3,9.998390675E-1,1.779540016E2,1.858760705E-1,-7.699456930E-2,1.779538735E2
1.250420213E2,1.786407413E-2,6.933741970E-4,1.609608764E-3,9.998388886E-1,1.779528190E2,1.858377380E-1,-7.614706636E-2,1.779526924E2
1.250470213E2,1.786715050E-2,6.907109055E-4,1.613627654E-3,9.998388290E-1,1.779524664E2,1.862929766E-1,-7.583312401E-2,1.779523400E2
1.250520213E2,1.786382889E-2,6.932727993E-4,1.612371881E-3,9.998388886E-1,1.779528471E2,1.861540918E-1,-7.612983790E-2,1.779527203E2
1.250570213E2,1.786399663E-2,6.924999179E-4,1.610844862E-3,9.998388886E-1,1.779528279E2,1.859775661E-1,-7.604438134E-2,1.779527013E2
1.250620213E2,1.786378850E-2,6.939776358E-4,1.612516120E-3,9.998388886E-1,1.779528517E2,1.861720577E-1,-7.621030548E-2,1.779527248E2
1.250670213E2,1.786002814E-2,6.953826523E-4,1.616601483E-3,9.998389482E-1,1.779532827E2,1.866427215E-1,-7.636362117E-2,1.779531552E2
1.250720213E2,1.786380233E-2,6.937964354E-4,1.612440916E-3,9.998388886E-1,1.779528502E2,1.861630714E-1,-7.618969616E-2,1.779527232E2
1.250770213E2,1.786343896E-2,6.944225170E-4,1.616192632E-3,9.998388886E-1,1.779528918E2,1.865941728E-1,-7.625381570E-2,1.779527645E2
1.250820213E2,1.786326079E-2,6.936972495E-4,1.618471812E-3,9.998388886E-1,1.779529122E2,1.868538078E-1,-7.616608705E-2,1.779527848E2
1.250870213E2,1.785973452E-2,6.955277640E-4,1.619779854E-3,9.998389482E-1,1.779533164E2,1.870071532E-1,-7.637379669E-2,1.779531885E2
1.250920213E2,1.786356452E-2,6.932599354E-4,1.615303685E-3,9.998388886E-1,1.779528774E2,1.864899523E-1,-7.612241145E-2,1.779527504E2
1.250970213E2,1.786675580E-2,6.921062013E-4,1.617395785E-3,9.998388290E-1,1.779525117E2,1.867275319E-1,-7.598534569E-2,1.779523847E2
1.251020213E2,1.786583621E-2,6.921897293E-4,1.627486665E-3,9.998388290E-1,1.779526170E2,1.878837804E-1,-7.597442738E-2,1.779524893E2
1.251070213E2,1.785915591E-2,6.978280144E-4,1.625161152E-3,9.998389482E-1,1.779533827E2,1.876283716E-1,-7.662643826E-2,1.779532540E2
1.251120213E2,1.785231939E-2,7.024344523E-4,1.624949509E-3,9.998390675E-1,1.779541662E2,1.876130243E-1,-7.715592835E-2,1.779540367E2
1.251170213E2,1.785183974E-2,7.024431834E-4,1.630206709E-3,9.998390675E-1,1.779542212E2,1.882153410E-1,-7.714626351E-2,1.779540912E2
1.251220213E2,1.785482743E-2,7.004718063E-4,1.634885091E-3,9.998390079E-1,1.779538788E2,1.887475560E-1,-7.691026154E-2,1.779537488E2
1.251270213E2,1.785150694E-2,7.023811922E-4,1.633873675E-3,9.998390675E-1,1.779542593E2,1.886353257E-1,-7.713172188E-2,1.779541291E2
1.251320213E2,1.784520795E-2,7.061847718E-4,1.628084341E-3,9.998391867E-1,1.779549813E2,1.879793148E-1,-7.758053793E-2,1.779548508E2
1.251370213E2,1.784871635E-2,7.041238714E-4,1.627122168E-3,9.998391271E-1,1.779545792E2,1.878651315E-1,-7.734572249E-2,1.779544491E2
1.251420213E2,1.785166495E-2,7.012303686E-4,1.632641070E-3,9.998390675E-1,1.779542412E2,1.884917593E-1,-7.700236021E-2,1.779541113E2
1.251470213E2,1.785207186E-2,7.012219867E-4,1.628189348E-3,9.998390675E-1,1.779541946E2,1.879817241E-1,-7.701043062E-2,1.779540650E2
1.251520213E2,1.785624818E-2,6.992436247E-4,1.619824674E-3,9.998390079E-1,1.779537159E2,1.870196268E-1,-7.680009494E-2,1.779535874E2
1.251570213E2,1.785596063E-2,6.991897244E-4,1.623014570E-3,9.998390079E-1,1.779537489E2,1.873849720E-1,-7.678744580E-2,1.779536201E2
1.251620213E2,1.784544582E-2,7.054735324E-4,1.625783741E-3,9.998391867E-1,1.779549540E2,1.877142907E-1,-7.750370914E-2,1.779548238E2
1.251670213E2,1.784175571E-2,7.080793148E-4,1.628492842E-3,9.998392463E-1,1.779553769E2,1.880297245E-1,-7.779741556E-2,1.779552460E2
1.251720213E2,1.784501253E-2,7.064671372E-4,1.630102517E-3,9.998391867E-1,1.779550036E2,1.882111067E-1,-7.760879895E-2,1.779548730E2
1.251770213E2,1.784142759E-2,7.089170394E-4,1.631720108E-3,9.998392463E-1,1.779554145E2,1.884011713E-1,-7.788685955E-2,1.779552832E2
1.251820213E2,1.783794773E-2,7.109612343E-4,1.632353175E-3,9.998393059E-1,1.779558133E2,1.884776122E-1,-7.812043107E-2,1.779556816E2
1.251870213E2,1.784798748E-2,7.048326079E-4,1.634792425E-3,9.998391271E-1,1.779546627E2,1.887453333E-1,-7.741137317E-2,1.779545319E2
1.251920213E2,1.785859599E-2,6.960339379E-4,1.632068888E-3,9.998389482E-1,1.779534468E2,1.884161001E-1,-7.640685313E-2,1.779533180E2
1.251970213E2,1.786168893E-2,6.955188583E-4,1.634954126E-3,9.998388886E-1,1.779530924E2,1.887458537E-1,-7.634135011E-2,1.779529634E2
1.252020213E2,1.785482342E-2,6.998197059E-4,1.635208144E-3,9.998390079E-1,1.779538792E2,1.887832345E-1,-7.683488809E-2,1.779537494E2
1.252070213E2,1.785537751E-2,7.004484651E-4,1.628876431E-3,9.998390079E-1,1.779538157E2,1.880591172E-1,-7.691977839E-2,1.779536863E2
1.252120213E2,1.785555350E-2,7.003302453E-4,1.626997022E-3,9.998390079E-1,1.779537955E2,1.878435583E-1,-7.691004618E-2,1.779536663E2
1.252170213E2,1.784851884E-2,7.043789956E-4,1.629177015E-3,9.998391271E-1,1.779546018E2,1.881010692E-1,-7.737078695E-2,1.779544716E2
1.252220213E2,1.785186941E-2,7.022724603E-4,1.629955368E-3,9.998390675E-1,1.779542178E2,1.881861970E-1,-7.712721184E-2,1.779540879E2
1.252270213E2,1.785873634E-2,6.968544330E-4,1.630181912E-3,9.998389482E-1,1.779534308E2,1.882015928E-1,-7.650469527E-2,1.779533019E2
1.252320213E2,1.786555977E-2,6.932068500E-4,1.630086219E-3,9.998388290E-1,1.779526487E2,1.881836821E-1,-7.608569177E-2,1.779525206E2
1.252370213E2,1.786518993E-2,6.924502668E-4,1.634455286E-3,9.998388290E-1,1.779526911E2,1.886826840E-1,-7.599013234E-2,1.779525628E2
1.252420213E2,1.786223106E-2,6.942711771E-4,1.629552688E-3,9.998388886E-1,1.779530302E2,1.881244791E-1,-7.620935371E-2,1.779529019E2
1.252470213E2,1.786287415E-2,6.941980682E-4,1.622519339E-3,9.998388886E-1,1.779529565E2,1.873185432E-1,-7.621525413E-2,1.779528288E2
1.252520213E2,1.786277624E-2,6.936108111E-4,1.623847871E-3,9.998388886E-1,1.779529678E2,1.874695479E-1,-7.614526901E-2,1.779528400E2
1.252570213E2,1.785926259E-2,6.967597292E-4,1.624447061E-3,9.998389482E-1,1.779533704E2,1.875443771E-1,-7.650548294E-2,1.779532420E2
1.252620213E2,1.786321568E-2,6.948842783E-4,1.618460403E-3,9.998388886E-1,1.779529174E2,1.868549275E-1,-7.630212046E-2,1.779527898E2
1.252670213E2,1.786361690E-2,6.927992799E-4,1.614922076E-3,9.998388886E-1,1.779528714E2,1.864452908E-1,-7.607040415E-2,1.779527445E2
1.252720213E2,1.787067699E-2,6.878732238E-4,1.612720429E-3,9.998387694E-1,1.779520622E2,1.861834881E-1,-7.550920283E-2,1.779519364E2
1.252770213E2,1.786035416E-2,6.952712429E-4,1.613043714E-3,9.998389482E-1,1.779532453E2,1.862348923E-1,-7.635807773E-2,1.779531181E2
1.252820213E2,1.785387407E-2,6.999667385E-4,1.608853578E-3,9.998390675E-1,1.779539880E2,1.857639270E-1,-7.690583569E-2,1.779538602E2
1.252870213E2,1.785734323E-2,6.994480500E-4,1.607618644E-3,9.998390079E-1,1.779535904E2,1.856216416E-1,-7.684829057E-2,1.779534628E2
1.252920213E2,1.785382261E-2,7.005888037E-4,1.609153813E-3,9.998390675E-1,1.779539939E2,1.857995950E-1,-7.697650295E-2,1.779538660E2
1.252970213E2,1.785377897E-2,7.001701742E-4,1.609820058E-3,9.998390675E-1,1.779539989E2,1.858750690E-1,-7.692718420E-2,1.779538710E2
1.253020213E2,1.785762222E-2,6.986188237E-4,1.604877878E-3,9.998390079E-1,1.779535585E2,1.853059467E-1,-7.675884058E-2,1.779534312E2
1.253070213E2,1.785381687E-2,7.008581306E-4,1.609100262E-3,9.998390675E-1,1.779539946E2,1.857940101E-1,-7.700747121E-2,1.779538666E2
1.253120213E2,1.785345579E-2,7.020657067E-4,1.612576423E-3,9.998390675E-1,1.779540360E2,1.861947294E-1,-7.713878195E-2,1.779539075E2
1.253170213E2,1.784667494E-2,7.050386630E-4,1.612425665E-3,9.998391867E-1,1.779548131E2,1.861830144E-1,-7.748097409E-2,1.779546841E2
1.253220213E2,1.785011832E-2,7.030566921E-4,1.612135093E-3,9.998391271E-1,1.779544185E2,1.861459345E-1,-7.725384660E-2,1.779542898E2
1.253270213E2,1.785332974E-2,7.019595942E-4,1.614017528E-3,9.998390675E-1,1.779540504E2,1.863596150E-1,-7.712369931E-2,1.779539218E2
1.253320213E2,1.784976572E-2,7.047930849E-4,1.615277957E-3,9.998391271E-1,1.779544589E2,1.865095487E-1,-7.744642733E-2,1.779543297E2
1.253370213E2,1.784633250E-2,7.056634058E-4,1.615938614E-3,9.998391867E-1,1.779548524E2,1.865867567E-1,-7.754543204E-2,1.779547229E2
1.253420213E2,1.784955887E-2,7.039397024E-4,1.617933740E-3,9.998391271E-1,1.779544826E2,1.868120692E-1,-7.734325867E-2,1.779543533E2
1.253470213E2,1.784274994E-2,7.086363039E-4,1.617319183E-3,9.998392463E-1,1.779552630E2,1.867507352E-1,-7.788389208E-2,1.779551328E2
1.253520213E2,1.784315427E-2,7.084623794E-4,1.612928696E-3,9.998392463E-1,1.779552166E2,1.862473773E-1,-7.787286718E-2,1.779550869E2
1.253570213E2,1.783939633E-2,7.098999340E-4,1.616911497E-3,9.998393059E-1,1.779556473E2,1.867063476E-1,-7.803013007E-2,1.779555170E2
1.253620213E2,1.784582644E-2,7.073203451E-4,1.620795811E-3,9.998391867E-1,1.779549104E2,1.871466127E-1,-7.772543377E-2,1.779547802E2
1.253670213E2,1.784575688E-2,7.067153347E-4,1.621825271E-3,9.998391867E-1,1.779549183E2,1.872633188E-1,-7.765402346E-2,1.779547882E2
1.253720213E2,1.783562349E-2,7.135049091E-4,1.620085561E-3,9.998393655E-1,1.779560797E2,1.870770862E-1,-7.843738051E-2,1.779559485E2
1.253770213E2,1.783178561E-2,7.169160526E-4,1.624036697E-3,9.998394251E-1,1.779565196E2,1.875364524E-1,-7.882085009E-2,1.779563874E2
1.253820213E2,1.783866330E-2,7.123385440E-4,1.623911201E-3,9.998393059E-1,1.779557313E2,1.875132572E-1,-7.829535683E-2,1.779556000E2
1.253870213E2,1.783483749E-2,7.147595170E-4,1.628165366E-3,9.998393655E-1,1.779561698E2,1.880053212E-1,-7.856475806E-2,1.779560377E2
1.253920213E2,1.782147774E-2,7.225269801E-4,1.624609809E-3,9.998396039E-1,1.779577010E2,1.876127642E-1,-7.946447509E-2,1.779575676E2
1.253970213E2,1.782512617E-2,7.215103833E-4,1.621715492E-3,9.998395443E-1,1.779572828E2,1.872793649E-1,-7.935322807E-2,1.779571499E2
1.254020213E2,1.782174907E-2,7.231040508E-4,1.621373463E-3,9.998396039E-1,1.779576699E2,1.872431647E-1,-7.953715082E-2,1.779575367E2
1.254070213E2,1.781774866E-2,7.267152541E-4,1.626960002E-3,9.998396635E-1,1.779581284E2,1.878902910E-1,-7.994024008E-2,1.779579940E2
1.254120213E2,1.781075811E-2,7.314437535E-4,1.628123573E-3,9.998397827E-1,1.779589295E2,1.880326992E-1,-8.048093832E-2,1.779587942E2
1.254170213E2,1.781452820E-2,7.283611922E-4,1.624858705E-3,9.998397231E-1,1.779584974E2,1.876526411E-1,-8.013371559E-2,1.779583630E2
1.254220213E2,1.781420853E-2,7.276595570E-4,1.628673403E-3,9.998397231E-1,1.779585341E2,1.880882465E-1,-8.004559928E-2,1.779583995E2
1.254270213E2,1.780734451E-2,7.325540064E-4,1.628360129E-3,9.998398423E-1,1.779593208E2,1.880617935E-1,-8.060830284E-2,1.779591852E2
1.254320213E2,1.781120102E-2,7.304199971E-4,1.623732038E-3,9.998397827E-1,1.779588788E2,1.875274909E-1,-8.037252372E-2,1.779587440E2
1.254370213E2,1.781789173E-2,7.250033086E-4,1.626156736E-3,9.998396635E-1,1.779581120E2,1.877947733E-1,-7.974571026E-2,1.779579780E2
1.254420213E2,1.782419577E-2,7.219188847E-4,1.631729072E-3,9.998395443E-1,1.779573895E2,1.884274174E-1,-7.937975153E-2,1.779572557E2
1.254470213E2,1.781049378E-2,7.304048631E-4,1.631478081E-3,9.998397827E-1,1.779589598E2,1.884148953E-1,-8.035511220E-2,1.779588244E2
1.254520213E2,1.781072600E-2,7.308990462E-4,1.628719387E-3,9.998397827E-1,1.779589332E2,1.880998492E-1,-8.041731936E-2,1.779587980E2
1.254570213E2,1.782136619E-2,7.226795424E-4,1.625765231E-3,9.998396039E-1,1.779577137E2,1.877454478E-1,-7.947961584E-2,1.779575803E2
1.254620213E2,1.782086014E-2,7.244025473E-4,1.630538609E-3,9.998396039E-1,1.779577717E2,1.882958299E-1,-7.966737264E-2,1.779576376E2
1.254670213E2,1.781492606E-2,7.276404649E-4,1.620814553E-3,9.998397231E-1,1.779584519E2,1.871878483E-1,-8.005932131E-2,1.779583178E2
1.254720213E2,1.782512245E-2,7.222765125E-4,1.621415373E-3,9.998395443E-1,1.779572832E2,1.872465441E-1,-7.944161973E-2,1.779571502E2
1.254770213E2,1.782161174E-2,7.234443910E-4,1.622730517E-3,9.998396039E-1,1.779576856E2,1.873993315E-1,-7.957339884E-2,1.779575523E2
1.254820213E2,1.782517243E-2,7.220776170E-4,1.620954368E-3,9.998395443E-1,1.779572775E2,1.871933228E-1,-7.941976398E-2,1.779571446E2
1.254870213E2,1.782910759E-2,7.179000531E-4,1.616290072E-3,9.998394847E-1,1.779568265E2,1.866506936E-1,-7.894992040E-2,1.779566947E2
1.254920213E2,1.783266915E-2,7.155600470E-4,1.614907640E-3,9.998394251E-1,1.779564183E2,1.864878020E-1,-7.868397867E-2,1.779562871E2
1.254970213E2,1.783242251E-2,7.167669828E-4,1.617094385E-3,9.998394251E-1,1.779564466E2,1.867407926E-1,-7.881783839E-2,1.779563149E2
1.255020213E2,1.782944468E-2,7.189667667E-4,1.612092019E-3,9.998394847E-1,1.779567879E2,1.861719141E-1,-7.908065191E-2,1.779566562E2
1.255070213E2,1.782591651E-2,7.201959961E-4,1.613592147E-3,9.998395443E-1,1.779571922E2,1.863460215E-1,-7.921908111E-2,1.779570602E2
1.255120213E2,1.782531062E-2,7.211526972E-4,1.619846094E-3,9.998395443E-1,1.779572617E2,1.870644652E-1,-7.931603102E-2,1.779571290E2
1.255170213E2,1.782142399E-2,7.228756440E-4,1.625044271E-3,9.998396039E-1,1.779577071E2,1.876632500E-1,-7.950354541E-2,1.779575737E2
1.255220213E2,1.781123705E-2,7.303627208E-4,1.623362536E-3,9.998397827E-1,1.779588746E2,1.874850417E-1,-8.036670884E-2,1.779587399E2
1.255270213E2,1.781066647E-2,7.322989404E-4,1.628741506E-3,9.998397827E-1,1.779589400E2,1.881052364E-1,-8.057767584E-2,1.779588045E2
1.255320213E2,1.782398872E-2,7.226308808E-4,1.633674488E-3,9.998395443E-1,1.779574132E2,1.886517488E-1,-7.945739251E-2,1.779572791E2
1.255370213E2,1.782085030E-2,7.242005086E-4,1.630735816E-3,9.998396039E-1,1.779577729E2,1.883180112E-1,-7.964382351E-2,1.779576387E2
1.255420213E2,1.781805472E-2,7.252543001E-4,1.624257769E-3,9.998396635E-1,1.779580933E2,1.875777274E-1,-7.977831411E-2,1.779579595E2
1.255470213E2,1.782147302E-2,7.228825125E-4,1.624503522E-3,9.998396039E-1,1.779577015E2,1.876013123E-1,-7.950542754E-2,1.779575681E2
1.255520213E2,1.783110952E-2,7.171441684E-4,1.631342806E-3,9.998394251E-1,1.779565971E2,1.883739524E-1,-7.883218334E-2,1.779564642E2
1.255570213E2,1.782106571E-2,7.229821640E-4,1.628921484E-3,9.998396039E-1,1.779577482E2,1.881076652E-1,-7.950789865E-2,1.779576144E2
1.255620213E2,1.782486604E-2,7.214994985E-4,1.624577097E-3,9.998395443E-1,1.779573126E2,1.876071864E-1,-7.934618424E-2,1.779571795E2
1.255670213E2,1.782802138E-2,7.198430831E-4,1.627369435E-3,9.998394847E-1,1.779569510E2,1.879239803E-1,-7.915010638E-2,1.779568180E2
1.255720213E2,1.782452380E-2,7.214671350E-4,1.628342085E-3,9.998395443E-1,1.779573519E2,1.880384613E-1,-7.933484982E-2,1.779572184E2
1.255770213E2,1.782144773E-2,7.248232141E-4,1.623916090E-3,9.998396039E-1,1.779577044E2,1.875379702E-1,-7.972898447E-2,1.779575707E2
1.255820213E2,1.781471796E-2,7.281774888E-4,1.622859389E-3,9.998397231E-1,1.779584757E2,1.874232122E-1,-8.011671420E-2,1.779583414E2
1.255870213E2,1.781826842E-2,7.254290394E-4,1.621833653E-3,9.998396635E-1,1.779580688E2,1.873003616E-1,-7.980324443E-2,1.779579351E2
1.255920213E2,1.782507973E-2,7.218906539E-4,1.622056705E-3,9.998395443E-1,1.779572881E2,1.873192322E-1,-7.939610859E-2,1.779571551E2
1.255970213E2,1.782528471E-2,7.215579972E-4,1.619950752E-3,9.998395443E-1,1.779572646E2,1.870772822E-1,-7.936225860E-2,1.779571319E2
1.256020213E2,1.781471827E-2,7.275741664E-4,1.623126562E-3,9.998397231E-1,1.779584757E2,1.874525914E-1,-8.004704408E-2,1.779583415E2
1.256070213E2,1.782120078E-2,7.242657593E-4,1.626872225E-3,9.998396039E-1,1.779577327E2,1.878755068E-1,-7.965912409E-2,1.779575989E2
1.256120213E2,1.782089005E-2,7.249061018E-4,1.629987848E-3,9.998396039E-1,1.779577683E2,1.882337581E-1,-7.972618567E-2,1.779576341E2
1.256170213E2,1.781377150E-2,7.289393106E-4,1.632875763E-3,9.998397231E-1,1.779585842E2,1.885723040E-1,-8.018372813E-2,1.779584490E2
1.256220213E2,1.782379742E-2,7.228113827E-4,1.635680441E-3,9.998395443E-1,1.779574351E2,1.888819315E-1,-7.947401194E-2,1.779573008E2
1.256270213E2,1.783058040E-2,7.180364919E-4,1.636724803E-3,9.998394251E-1,1.779566577E2,1.889923688E-1,-7.892352198E-2,1.779565243E2
1.256320213E2,1.781704142E-2,7.267241599E-4,1.634682878E-3,9.998396635E-1,1.779582094E2,1.887750904E-1,-7.992562462E-2,1.779580745E2
1.256370213E2,1.781384167E-2,7.293088711E-4,1.631945022E-3,9.998397231E-1,1.779585761E2,1.884664259E-1,-8.022795670E-2,1.779584409E2
1.256420213E2,1.782075051E-2,7.241333951E-4,1.631855848E-3,9.998396039E-1,1.779577843E2,1.884461922E-1,-7.963386553E-2,1.779576501E2
1.256470213E2,1.782403543E-2,7.226965972E-4,1.633135602E-3,9.998395443E-1,1.779574078E2,1.885901446E-1,-7.946601378E-2,1.779572738E2
1.256520213E2,1.781726654E-2,7.263073931E-4,1.632412896E-3,9.998396635E-1,1.779581836E2,1.885141772E-1,-7.988246674E-2,1.779580489E2
1.256570213E2,1.782120815E-2,7.241557469E-4,1.626840443E-3,9.998396039E-1,1.779577319E2,1.878716414E-1,-7.964658313E-2,1.779575980E2
1.256620213E2,1.782125509E-2,7.230250631E-4,1.626829151E-3,9.998396039E-1,1.779577265E2,1.878680418E-1,-7.951705128E-2,1.779575929E2
1.256670213E2,1.781787779E-2,7.272388902E-4,1.625310979E-3,9.998396635E-1,1.779581136E2,1.877024362E-1,-8.000357766E-2,1.779579793E2
1.256720213E2,1.780407987E-2,7.351504755E-4,1.626288402E-3,9.998399019E-1,1.779596949E2,1.878294634E-1,-8.091062985E-2,1.779595591E2
1.256770213E2,1.780753679E-2,7.324708859E-4,1.626293408E-3,9.998398423E-1,1.779592987E2,1.878248476E-1,-8.060296090E-2,1.779591634E2
1.256820213E2,1.781455429E-2,7.284484454E-4,1.624533557E-3,9.998397231E-1,1.779584945E2,1.876155679E-1,-8.014437139E-2,1.779583600E2
1.256870213E2,1.781122986E-2,7.305162144E-4,1.623372314E-3,9.998397827E-1,1.779588755E2,1.874864748E-1,-8.038427648E-2,1.779587407E2
1.256920213E2,1.780096123E-2,7.392857224E-4,1.621901989E-3,9.998399615E-1,1.779600524E2,1.873350807E-1,-8.139395268E-2,1.779599161E2
1.256970213E2,1.780423208E-2,7.367607323E-4,1.623891643E-3,9.998399019E-1,1.779596775E2,1.875581563E-1,-8.109998387E-2,1.779595415E2
1.257020213E2,1.781112906E-2,7.319796132E-4,1.623819000E-3,9.998397827E-1,1.779588870E2,1.875406325E-1,-8.055105000E-2,1.779587520E2
1.257070213E2,1.780771389E-2,7.330037770E-4,1.624112716E-3,9.998398423E-1,1.779592784E2,1.875760998E-1,-8.066843296E-2,1.779591431E2
1.257120213E2,1.780777371E-2,7.332790992E-4,1.623332268E-3,9.998398423E-1,1.779592716E2,1.874872478E-1,-8.070155901E-2,1.779591363E2
1.257170213E2,1.781452902E-2,7.286057808E-4,1.624740078E-3,9.998397231E-1,1.779584974E2,1.876395490E-1,-8.016198092E-2,1.779583629E2
1.257220213E2,1.781799664E-2,7.251091301E-4,1.624959521E-3,9.998396635E-1,1.779580999E2,1.876578285E-1,-7.976025949E-2,1.779579661E2
1.257270213E2,1.781141206E-2,7.305387408E-4,1.621361822E-3,9.998397827E-1,1.779588546E2,1.872561861E-1,-8.039092701E-2,1.779587200E2
1.257320213E2,1.781095249E-2,7.315686089E-4,1.625939622E-3,9.998397827E-1,1.779589073E2,1.877827465E-1,-8.049966457E-2,1.779587721E2
1.257370213E2,1.781400257E-2,7.294650422E-4,1.630117767E-3,9.998397231E-1,1.779585577E2,1.882574024E-1,-8.024954970E-2,1.779584226E2
1.257420213E2,1.781046435E-2,7.311560330E-4,1.631462947E-3,9.998397827E-1,1.779589632E2,1.884146924E-1,-8.044121261E-2,1.779588277E2
1.257470213E2,1.779667740E-2,7.422555937E-4,1.630788203E-3,9.998400211E-1,1.779605433E2,1.883589157E-1,-8.171689987E-2,1.779604057E2
1.257520213E2,1.780070114E-2,7.384033524E-4,1.625155215E-3,9.998399615E-1,1.779600822E2,1.877059932E-1,-8.128626898E-2,1.779599458E2
1.257570213E2,1.780049498E-2,7.380259340E-4,1.627582940E-3,9.998399615E-1,1.779601058E2,1.879833598E-1,-8.123811323E-2,1.779599693E2
1.257620213E2,1.780019204E-2,7.392478874E-4,1.630339189E-3,9.998399615E-1,1.779601405E2,1.883016216E-1,-8.137255094E-2,1.779600035E2
1.257670213E2,1.780077627E-2,7.390793762E-4,1.624024590E-3,9.998399615E-1,1.779600736E2,1.875778387E-1,-8.136601556E-2,1.779599371E2
1.257720213E2,1.780758174E-2,7.326024352E-4,1.625741948E-3,9.998398423E-1,1.779592936E2,1.877619371E-1,-8.061914988E-2,1.779591582E2
1.257770213E2,1.781090412E-2,7.316448609E-4,1.626435085E-3,9.998397827E-1,1.779589128E2,1.878396654E-1,-8.050739880E-2,1.779587776E2
1.257820213E2,1.781041953E-2,7.325601764E-4,1.631322317E-3,9.998397827E-1,1.779589683E2,1.884014426E-1,-8.060238536E-2,1.779588326E2
1.257870213E2,1.780407962E-2,7.353178808E-4,1.626215526E-3,9.998399019E-1,1.779596950E2,1.878214553E-1,-8.092995876E-2,1.779595591E2
1.257920213E2,1.780779589E-2,7.332199020E-4,1.623115735E-3,9.998398423E-1,1.779592690E2,1.874623198E-1,-8.069521433E-2,1.779591338E2
1.257970213E2,1.780422806E-2,7.356633432E-4,1.624433091E-3,9.998399019E-1,1.779596779E2,1.876179522E-1,-8.097314843E-2,1.779595421E2
1.258020213E2,1.779705626E-2,7.399512688E-4,1.627697959E-3,9.998400211E-1,1.779604999E2,1.880001857E-1,-8.145911710E-2,1.779603630E2
1.258070213E2,1.779687981E-2,7.402277552E-4,1.629500533E-3,9.998400211E-1,1.779605201E2,1.882072629E-1,-8.148715185E-2,1.779603830E2
1.258120213E2,1.779674105E-2,7.400116883E-4,1.631113351E-3,9.998400211E-1,1.779605360E2,1.883915973E-1,-8.145913315E-2,1.779603988E2
1.258170213E2,1.780016008E-2,7.394063286E-4,1.630616258E-3,9.998399615E-1,1.779601442E2,1.883336870E-1,-8.139014491E-2,1.779600071E2
1.258220213E2,1.779703844E-2,7.413895219E-4,1.627238235E-3,9.998400211E-1,1.779605019E2,1.879504458E-1,-8.162484344E-2,1.779603648E2
1.258270213E2,1.780063899E-2,7.392225671E-4,1.625463483E-3,9.998399615E-1,1.779600893E2,1.877429789E-1,-8.137951190E-2,1.779599527E2
1.258320213E2,1.779710652E-2,7.403501077E-4,1.626966870E-3,9.998400211E-1,1.779604941E2,1.879172399E-1,-8.150629501E-2,1.779603572E2
1.258370213E2,1.778699737E-2,7.484068628E-4,1.623939956E-3,9.998401999E-1,1.779616528E2,1.875860360E-1,-8.243745403E-2,1.779615145E2
1.258420213E2,1.779108140E-2,7.461000932E-4,1.616946771E-3,9.998401403E-1,1.779611847E2,1.867804342E-1,-8.218665165E-2,1.779610475E2
1.258470213E2,1.779790458E-2,7.410628605E-4,1.617886941E-3,9.998400211E-1,1.779604027E2,1.868784383E-1,-8.160632713E-2,1.779602664E2
1.258520213E2,1.779700996E-2,7.420688053E-4,1.627240097E-3,9.998400211E-1,1.779605052E2,1.879520424E-1,-8.170267272E-2,1.779603679E2
1.258570213E2,1.779679742E-2,7.420613547E-4,1.629566308E-3,9.998400211E-1,1.779605296E2,1.882185324E-1,-8.169711472E-2,1.779603921E2
1.258620213E2,1.779042866E-2,7.451237179E-4,1.624560915E-3,9.998401403E-1,1.779612595E2,1.876507700E-1,-8.205938354E-2,1.779611219E2
1.258670213E2,1.779385595E-2,7.431779522E-4,1.624600496E-3,9.998400807E-1,1.779608667E2,1.876516180E-1,-8.183572682E-2,1.779607294E2
1.258720213E2,1.779009603E-2,7.463411894E-4,1.627641730E-3,9.998401403E-1,1.779612976E2,1.880062054E-1,-8.219265471E-2,1.779611595E2
1.258770213E2,1.778316866E-2,7.500861539E-4,1.628392492E-3,9.998402596E-1,1.779620916E2,1.880992866E-1,-8.262150027E-2,1.779619527E2
1.258820213E2,1.778034615E-2,7.518139901E-4,1.621806179E-3,9.998403192E-1,1.779624150E2,1.873479564E-1,-8.283341559E-2,1.779622764E2
1.258870213E2,1.778039100E-2,7.523634122E-4,1.621059491E-3,9.998403192E-1,1.779624099E2,1.872635290E-1,-8.289787776E-2,1.779622712E2
1.258920213E2,1.778035937E-2,7.518408820E-4,1.621648786E-3,9.998403192E-1,1.779624135E2,1.873299791E-1,-8.283681492E-2,1.779622749E2
1.258970213E2,1.777365030E-2,7.571343449E-4,1.619231538E-3,9.998404384E-1,1.779631825E2,1.870632537E-1,-8.344948517E-2,1.779630430E2
1.259020213E2,1.777785306E-2,7.544151740E-4,1.611147658E-3,9.998403788E-1,1.779627008E2,1.861318639E-1,-8.315362398E-2,1.779625625E2
1.259070213E2,1.778804460E-2,7.486877148E-4,1.612298074E-3,9.998401999E-1,1.779615327E2,1.862528419E-1,-8.249316767E-2,1.779613954E2
1.259120213E2,1.777796502E-2,7.548793219E-4,1.609694213E-3,9.998403788E-1,1.779626879E2,1.859662924E-1,-8.320974328E-2,1.779625497E2
1.259170213E2,1.777074419E-2,7.588450098E-4,1.613512635E-3,9.998404980E-1,1.779635155E2,1.864112596E-1,-8.365767213E-2,1.779633762E2
1.259220213E2,1.777030876E-2,7.602916448E-4,1.617622096E-3,9.998404980E-1,1.779635654E2,1.868850057E-1,-8.381513032E-2,1.779634255E2
1.259270213E2,1.777340441E-2,7.570734597E-4,1.621956704E-3,9.998404384E-1,1.779632106E2,1.873753415E-1,-8.343700467E-2,1.779630709E2
1.259320213E2,1.777035534E-2,7.593967603E-4,1.617530710E-3,9.998404980E-1,1.779635601E2,1.868727165E-1,-8.371277781E-2,1.779634203E2
1.259370213E2,1.775999353E-2,7.672732463E-4,1.617086469E-3,9.998406768E-1,1.779647477E2,1.868369837E-1,-8.461805407E-2,1.779646064E2
1.259420213E2,1.776360655E-2,7.645105943E-4,1.615562825E-3,9.998406172E-1,1.779643336E2,1.866570953E-1,-8.430395430E-2,1.779641930E2
1.259470213E2,1.777364004E-2,7.582712569E-4,1.618812094E-3,9.998404384E-1,1.779631836E2,1.870175116E-1,-8.358060123E-2,1.779630440E2
1.259520213E2,1.776688311E-2,7.615060895E-4,1.617838279E-3,9.998405576E-1,1.779639580E2,1.869119605E-1,-8.395447344E-2,1.779638178E2
1.259570213E2,1.777382274E-2,7.581919781E-4,1.616842113E-3,9.998404384E-1,1.779631627E2,1.867916575E-1,-8.357549642E-2,1.779630232E2
1.259620213E2,1.778063208E-2,7.539042272E-4,1.617695903E-3,9.998403192E-1,1.779623823E2,1.868813104E-1,-8.308122272E-2,1.779622435E2
1.259670213E2,1.777681528E-2,7.566378335E-4,1.621522824E-3,9.998403788E-1,1.779628197E2,1.873250274E-1,-8.338733823E-2,1.779626801E2
1.259720213E2,1.777038221E-2,7.604849525E-4,1.616724068E-3,9.998404980E-1,1.779635570E2,1.867825152E-1,-8.383909331E-2,1.779634171E2
1.259770213E2,1.776703829E-2,7.615180220E-4,1.616127556E-3,9.998405576E-1,1.779639403E2,1.867159939E-1,-8.395929478E-2,1.779638002E2
1.259820213E2,1.778040849E-2,7.535918267E-4,1.620296855E-3,9.998403192E-1,1.779624079E2,1.871786557E-1,-8.304017198E-2,1.779622690E2
1.259870213E2,1.776981649E-2,7.597029326E-4,1.623296412E-3,9.998404980E-1,1.779636218E2,1.875338928E-1,-8.373621634E-2,1.779634815E2
1.259920213E2,1.776676632E-2,7.635162910E-4,1.618173323E-3,9.998405576E-1,1.779639714E2,1.869544313E-1,-8.418412862E-2,1.779638308E2
1.259970213E2,1.777371803E-2,7.575676427E-4,1.618285198E-3,9.998404384E-1,1.779631747E2,1.869557164E-1,-8.350104444E-2,1.779630352E2
1.260020213E2,1.776969335E-2,7.596369251E-4,1.624674769E-3,9.998404980E-1,1.779636360E2,1.876916716E-1,-8.372586986E-2,1.779634955E2
1.260070213E2,1.776568799E-2,7.633075584E-4,1.630067360E-3,9.998405576E-1,1.779640950E2,1.883166595E-1,-8.413619948E-2,1.779639534E2
1.260120213E2,1.776585420E-2,7.640765398E-4,1.627894118E-3,9.998405576E-1,1.779640760E2,1.880692430E-1,-8.422869758E-2,1.779639344E2
1.260170213E2,1.776592370E-2,7.631202461E-4,1.627584221E-3,9.998405576E-1,1.779640680E2,1.880317955E-1,-8.411974969E-2,1.779639267E2
1.260220213E2,1.777264145E-2,7.583977422E-4,1.629680046E-3,9.998404384E-1,1.779632981E2,1.882628673E-1,-8.357314468E-2,1.779631575E2
1.260270213E2,1.776887093E-2,7.602212718E-4,1.633372973E-3,9.998404980E-1,1.779637302E2,1.886893782E-1,-8.377526258E-2,1.779635890E2
1.260320213E2,1.777197407E-2,7.587346481E-4,1.636785804E-3,9.998404384E-1,1.779633746E2,1.890776308E-1,-8.359739875E-2,1.779632333E2
1.260370213E2,1.777890313E-2,7.543352549E-4,1.636389527E-3,9.998403192E-1,1.779625804E2,1.890238423E-1,-8.309284274E-2,1.779624401E2
1.260420213E2,1.777541779E-2,7.555675111E-4,1.637265552E-3,9.998403788E-1,1.779629799E2,1.891264327E-1,-8.323290083E-2,1.779628392E2
1.260470213E2,1.777169274E-2,7.596439682E-4,1.639416441E-3,9.998404384E-1,1.779634068E2,1.893808613E-1,-8.369627814E-2,1.779632652E2
1.260520213E2,1.777505091E-2,7.572267787E-4,1.640478964E-3,9.998403788E-1,1.779630219E2,1.894979550E-1,-8.341653226E-2,1.779628807E2
1.260570213E2,1.778189732E-2,7.512627053E-4,1.641679322E-3,9.998402596E-1,1.779622373E2,1.896239005E-1,-8.272946496E-2,1.779620970E2
1.260620213E2,1.778868911E-2,7.473683218E-4,1.642479794E-3,9.998401403E-1,1.779614589E2,1.897082354E-1,-8.228035269E-2,1.779613193E2
1.260670213E2,1.778598248E-2,7.487452240E-4,1.634862972E-3,9.998401999E-1,1.779617691E2,1.888381323E-1,-8.245414758E-2,1.779616299E2
1.260720213E2,1.779297141E-2,7.441827329E-4,1.633802312E-3,9.998400807E-1,1.779609681E2,1.887078804E-1,-8.193225075E-2,1.779608299E2
1.260770213E2,1.778585327E-2,7.482023211E-4,1.636516419E-3,9.998401999E-1,1.779617839E2,1.890264563E-1,-8.238859967E-2,1.779616447E2
1.260820213E2,1.777936756E-2,7.526635891E-4,1.632107655E-3,9.998403192E-1,1.779625272E2,1.885298846E-1,-8.290995099E-2,1.779623875E2
1.260870213E2,1.778986843E-2,7.467608666E-4,1.629935228E-3,9.998401403E-1,1.779613237E2,1.882698169E-1,-8.223610554E-2,1.779611853E2
1.260920213E2,1.779325032E-2,7.426773082E-4,1.631448162E-3,9.998400807E-1,1.779609361E2,1.884351095E-1,-8.176451699E-2,1.779607984E2
1.260970213E2,1.778936656E-2,7.459141198E-4,1.635789988E-3,9.998401403E-1,1.779613812E2,1.889388504E-1,-8.212724964E-2,1.779612425E2
1.261020213E2,1.778934999E-2,7.462918875E-4,1.635797904E-3,9.998401403E-1,1.779613831E2,1.889405263E-1,-8.217051872E-2,1.779612443E2
1.261070213E2,1.779693680E-2,7.400045288E-4,1.628979342E-3,9.998400211E-1,1.779605136E2,1.881470974E-1,-8.146262833E-2,1.779603766E2
1.261120213E2,1.780335158E-2,7.373191766E-4,1.633264590E-3,9.998399019E-1,1.779597784E2,1.886331170E-1,-8.114500864E-2,1.779596415E2
1.261170213E2,1.780700277E-2,7.329243817E-4,1.631926745E-3,9.998398423E-1,1.779593599E2,1.884711620E-1,-8.064352394E-2,1.779592240E2
1.261220213E2,1.780682469E-2,7.349308580E-4,1.632967149E-3,9.998398423E-1,1.779593803E2,1.885944456E-1,-8.087132293E-2,1.779592440E2
1.261270213E2,1.780003419E-2,7.379142917E-4,1.632665168E-3,9.998399615E-1,1.779601586E2,1.885653838E-1,-8.121504154E-2,1.779600217E2
1.261320213E2,1.780670742E-2,7.329137297E-4,1.635150984E-3,9.998398423E-1,1.779593938E2,1.888405292E-1,-8.063577967E-2,1.779592576E2
1.261370213E2,1.780978813E-2,7.315218099E-4,1.638665097E-3,9.998397827E-1,1.779590407E2,1.892405610E-1,-8.046854877E-2,1.779589045E2
1.261420213E2,1.779956889E-2,7.400119794E-4,1.636783360E-3,9.998399615E-1,1.779602119E2,1.890414618E-1,-8.144706787E-2,1.779600743E2
1.261470213E2,1.779332378E-2,7.434615982E-4,1.630289364E-3,9.998400807E-1,1.779609277E2,1.883039473E-1,-8.185672474E-2,1.779607899E2
1.261520213E2,1.780775418E-2,7.333041867E-4,1.623535180E-3,9.998398423E-1,1.779592738E2,1.875105458E-1,-8.070402294E-2,1.779591385E2
1.261570213E2,1.779699964E-2,7.410917897E-4,1.627798076E-3,9.998400211E-1,1.779605064E2,1.880139783E-1,-8.158959677E-2,1.779603693E2
1.261620213E2,1.778984702E-2,7.465000963E-4,1.630288316E-3,9.998401403E-1,1.779613262E2,1.883097380E-1,-8.220551241E-2,1.779611878E2
1.261670213E2,1.780052522E-2,7.375538698E-4,1.627466176E-3,9.998399615E-1,1.779601023E2,1.879690210E-1,-8.118425981E-2,1.779599659E2
1.261720213E2,1.780332399E-2,7.365653873E-4,1.633905340E-3,9.998399019E-1,1.779597816E2,1.887049897E-1,-8.105734246E-2,1.779596448E2
1.261770213E2,1.779292764E-2,7.444936782E-4,1.634137356E-3,9.998400807E-1,1.779609731E2,1.887468981E-1,-8.196720187E-2,1.779608348E2
1.261820213E2,1.779333222E-2,7.435327279E-4,1.630164799E-3,9.998400807E-1,1.779609267E2,1.882898212E-1,-8.186512673E-2,1.779607889E2
1.261870213E2,1.780007546E-2,7.379249437E-4,1.632210333E-3,9.998399615E-1,1.779601539E2,1.885132969E-1,-8.121718200E-2,1.779600170E2
1.261920213E2,1.778933412E-2,7.474536542E-4,1.635440043E-3,9.998401403E-1,1.779613849E2,1.889018923E-1,-8.230435871E-2,1.779612460E2
1.261970213E2,1.778603074E-2,7.488075644E-4,1.634309301E-3,9.998401999E-1,1.779617635E2,1.887748272E-1,-8.246240955E-2,1.779616244E2
1.262020213E2,1.779339500E-2,7.446624804E-4,1.628963393E-3,9.998400807E-1,1.779609195E2,1.881544809E-1,-8.199700416E-2,1.779607816E2
1.262070213E2,1.779322194E-2,7.433535648E-4,1.631449675E-3,9.998400807E-1,1.779609394E2,1.884366597E-1,-8.184200020E-2,1.779608015E2
1.262120213E2,1.779650266E-2,7.414927240E-4,1.633040607E-3,9.998400211E-1,1.779605634E2,1.886154115E-1,-8.162493461E-2,1.779604257E2
1.262170213E2,1.780040143E-2,7.389727398E-4,1.628176426E-3,9.998399615E-1,1.779601165E2,1.880532816E-1,-8.134539880E-2,1.779599798E2
1.262220213E2,1.780016490E-2,7.376705180E-4,1.631349674E-3,9.998399615E-1,1.779601436E2,1.884141763E-1,-8.118977040E-2,1.779600069E2
1.262270213E2,1.780342755E-2,7.367151557E-4,1.632708940E-3,9.998399019E-1,1.779597697E2,1.885682277E-1,-8.107692333E-2,1.779596330E2
1.262320213E2,1.781025734E-2,7.320158184E-4,1.633336185E-3,9.998397827E-1,1.779589869E2,1.886310545E-1,-8.053593666E-2,1.779588511E2
1.262370213E2,1.780701278E-2,7.336660055E-4,1.631484134E-3,9.998398423E-1,1.779593588E2,1.884219649E-1,-8.072939553E-2,1.779592228E2
1.262420213E2,1.781016911E-2,7.321630255E-4,1.634232001E-3,9.998397827E-1,1.779589970E2,1.887339848E-1,-8.055099092E-2,1.779588611E2
1.262470213E2,1.781324652E-2,7.304532919E-4,1.637918642E-3,9.998397231E-1,1.779586443E2,1.891531338E-1,-8.034699442E-2,1.779585084E2
1.262520213E2,1.780267501E-2,7.361092721E-4,1.641166047E-3,9.998399019E-1,1.779598559E2,1.895358920E-1,-8.099039321E-2,1.779597187E2
1.262570213E2,1.780254322E-2,7.376591675E-4,1.641899580E-3,9.998399019E-1,1.779598710E2,1.896230873E-1,-8.116649825E-2,1.779597334E2
1.262620213E2,1.780942550E-2,7.315438124E-4,1.642591786E-3,9.998397827E-1,1.779590823E2,1.896904717E-1,-8.046312413E-2,1.779589458E2
1.262670213E2,1.781286855E-2,7.305174368E-4,1.641995506E-3,9.998397231E-1,1.779586877E2,1.896203355E-1,-8.034609293E-2,1.779585514E2
1.262720213E2,1.780267644E-2,7.373179542E-4,1.640607836E-3,9.998399019E-1,1.779598558E2,1.894744020E-1,-8.113001444E-2,1.779597183E2
1.262770213E2,1.780636977E-2,7.342991885E-4,1.638203510E-3,9.998398423E-1,1.779594325E2,1.891930685E-1,-8.078835099E-2,1.779592958E2
1.262820213E2,1.781310855E-2,7.293260423E-4,1.639920170E-3,9.998397231E-1,1.779586602E2,1.893801436E-1,-8.021378202E-2,1.779585243E2
1.262870213E2,1.780652466E-2,7.346893544E-4,1.636344008E-3,9.998398423E-1,1.779594147E2,1.889808274E-1,-8.083681879E-2,1.779592781E2
1.262920213E2,1.779992649E-2,7.392938132E-4,1.633215114E-3,9.998399615E-1,1.779601709E2,1.886311988E-1,-8.137199634E-2,1.779600337E2
1.262970213E2,1.780699132E-2,7.335927803E-4,1.631751307E-3,9.998398423E-1,1.779593612E2,1.884524247E-1,-8.072046471E-2,1.779592252E2
1.263020213E2,1.781329628E-2,7.300560828E-4,1.637554495E-3,9.998397231E-1,1.779586386E2,1.891106051E-1,-8.030221884E-2,1.779585028E2
1.263070213E2,1.780960613E-2,7.324681501E-4,1.640219707E-3,9.998397827E-1,1.779590616E2,1.894205954E-1,-8.057383557E-2,1.779589251E2
1.263120213E2,1.781027140E-2,7.321326993E-4,1.633130480E-3,9.998397827E-1,1.779589853E2,1.886077258E-1,-8.054974529E-2,1.779588495E2
1.263170213E2,1.781394942E-2,7.286967011E-4,1.631041989E-3,9.998397231E-1,1.779585638E2,1.883617208E-1,-8.015964160E-2,1.779584288E2
1.263220213E2,1.781028120E-2,7.322129677E-4,1.632987638E-3,9.998397827E-1,1.779589842E2,1.885915246E-1,-8.055923160E-2,1.779588483E2
1.263270213E2,1.780394640E-2,7.351679960E-4,1.627741032E-3,9.998399019E-1,1.779597102E2,1.879959215E-1,-8.090969848E-2,1.779595742E2
1.263320213E2,1.781085014E-2,7.318611024E-4,1.626928803E-3,9.998397827E-1,1.779589190E2,1.878966694E-1,-8.053117669E-2,1.779587837E2
1.263370213E2,1.781446419E-2,7.289873320E-4,1.625279663E-3,9.998397231E-1,1.779585048E2,1.877021450E-1,-8.020460708E-2,1.779583702E2
1.263420213E2,1.781767277E-2,7.265624008E-4,1.627859077E-3,9.998396635E-1,1.779581371E2,1.879929831E-1,-7.992090562E-2,1.779580027E2
1.263470213E2,1.782121712E-2,7.243543514E-4,1.626653713E-3,9.998396039E-1,1.779577308E2,1.878506534E-1,-7.966971757E-2,1.779575970E2
1.263520213E2,1.782467117E-2,7.222036947E-4,1.626401208E-3,9.998395443E-1,1.779573350E2,1.878176046E-1,-7.942317674E-2,1.779572016E2
1.263570213E2,1.783487748E-2,7.142769755E-4,1.627939055E-3,9.998393655E-1,1.779561652E2,1.879784086E-1,-7.850992676E-2,1.779560332E2
1.263620213E2,1.783437401E-2,7.131209713E-4,1.633950393E-3,9.998393655E-1,1.779562229E2,1.886647466E-1,-7.836528833E-2,1.779560907E2
1.263670213E2,1.783434063E-2,7.147608558E-4,1.633598236E-3,9.998393655E-1,1.779562268E2,1.886277482E-1,-7.855390117E-2,1.779560942E2
1.263720213E2,1.784201849E-2,7.097459747E-4,1.624884317E-3,9.998392463E-1,1.779553468E2,1.876197116E-1,-7.799569896E-2,1.779552159E2
1.263770213E2,1.784190709E-2,7.092400338E-4,1.626327750E-3,9.998392463E-1,1.779553596E2,1.877840476E-1,-7.793480125E-2,1.779552286E2
1.263820213E2,1.783780952E-2,7.118603098E-4,1.633471344E-3,9.998393059E-1,1.779558292E2,1.886075521E-1,-7.822118132E-2,1.779556972E2
1.263870213E2,1.783137220E-2,7.161601679E-4,1.628902042E-3,9.998394251E-1,1.779565670E2,1.880923150E-1,-7.872438136E-2,1.779564345E2
1.263920213E2,1.783143500E-2,7.169992314E-4,1.627845108E-3,9.998394251E-1,1.779565598E2,1.879729380E-1,-7.882266355E-2,1.779564272E2
1.263970213E2,1.783470615E-2,7.130306913E-4,1.630360610E-3,9.998393655E-1,1.779561849E2,1.882532939E-1,-7.836221893E-2,1.779560529E2
1.264020213E2,1.783133873E-2,7.166908472E-4,1.629034989E-3,9.998394251E-1,1.779565708E2,1.881086291E-1,-7.878491761E-2,1.779564382E2
1.264070213E2,1.782868841E-2,7.188741583E-4,1.620475552E-3,9.998394847E-1,1.779568746E2,1.871321964E-1,-7.905305345E-2,1.779567422E2
1.264120213E2,1.782569900E-2,7.205528673E-4,1.615834190E-3,9.998395443E-1,1.779572172E2,1.866036123E-1,-7.925542947E-2,1.779570849E2
1.264170213E2,1.782201860E-2,7.225485169E-4,1.618656213E-3,9.998396039E-1,1.779576390E2,1.869307263E-1,-7.947900071E-2,1.779575061E2
1.264220213E2,1.781532002E-2,7.283503655E-4,1.616158755E-3,9.998397231E-1,1.779584067E2,1.866558978E-1,-8.015008855E-2,1.779582729E2
1.264270213E2,1.781228191E-2,7.294095121E-4,1.612288994E-3,9.998397827E-1,1.779587549E2,1.862144440E-1,-8.027990483E-2,1.779586212E2
1.264320213E2,1.782239916E-2,7.230971823E-4,1.614214969E-3,9.998396039E-1,1.779575954E2,1.864230280E-1,-7.955086287E-2,1.779574627E2
1.264370213E2,1.781142421E-2,7.312497473E-4,1.620907802E-3,9.998397827E-1,1.779588532E2,1.872056198E-1,-8.047331380E-2,1.779587185E2
1.264420213E2,1.780161545E-2,7.372726104E-4,1.615625806E-3,9.998399615E-1,1.779599774E2,1.866119415E-1,-8.117598503E-2,1.779598420E2
1.264470213E2,1.780968609E-2,7.317091804E-4,1.602932811E-3,9.998398423E-1,1.779590524E2,1.851469580E-1,-8.056296452E-2,1.779589191E2
1.264520213E2,1.781297628E-2,7.296320400E-4,1.604498015E-3,9.998397827E-1,1.779586753E2,1.853223135E-1,-8.032117540E-2,1.779585422E2
1.264570213E2,1.781966105E-2,7.251097704E-4,1.606604201E-3,9.998396635E-1,1.779579092E2,1.855549276E-1,-7.979750421E-2,1.779577768E2
1.264620213E2,1.781318099E-2,7.298645214E-4,1.602117787E-3,9.998397827E-1,1.779586519E2,1.850500933E-1,-8.035263254E-2,1.779585189E2
1.264670213E2,1.781301386E-2,7.298935670E-4,1.603961806E-3,9.998397827E-1,1.779586710E2,1.852614150E-1,-8.035222703E-2,1.779585379E2
1.264720213E2,1.782322202E-2,7.237455575E-4,1.604811638E-3,9.998396039E-1,1.779575011E2,1.853470446E-1,-7.964420242E-2,1.779573691E2
1.264770213E2,1.781309753E-2,7.291269139E-4,1.603381126E-3,9.998397827E-1,1.779586614E2,1.851933260E-1,-8.026555896E-2,1.779585285E2
1.264820213E2,1.780972937E-2,7.330750814E-4,1.601827447E-3,9.998398423E-1,1.779590474E2,1.850231041E-1,-8.072170826E-2,1.779589139E2
1.264870213E2,1.781639806E-2,7.283993182E-4,1.604208723E-3,9.998397231E-1,1.779582831E2,1.852869259E-1,-8.017989488E-2,1.779581503E2
1.264920213E2,1.781920815E-2,7.256381796E-4,1.611381769E-3,9.998396635E-1,1.779579611E2,1.861033538E-1,-7.984837370E-2,1.779578282E2
1.264970213E2,1.781937293E-2,7.253281656E-4,1.609698287E-3,9.998396635E-1,1.779579422E2,1.859098512E-1,-7.981626153E-2,1.779578095E2
1.265020213E2,1.782323462E-2,7.229298935E-4,1.605039346E-3,9.998396039E-1,1.779574996E2,1.853714687E-1,-7.955028174E-2,1.779573678E2
1.265070213E2,1.782642576E-2,7.211278426E-4,1.607538667E-3,9.998395443E-1,1.779571339E2,1.856543969E-1,-7.933811746E-2,1.779570022E2
1.265120213E2,1.782632172E-2,7.200559485E-4,1.609172090E-3,9.998395443E-1,1.779571458E2,1.858393457E-1,-7.921198953E-2,1.779570142E2
1.265170213E2,1.781969915E-2,7.263413281E-4,1.605625032E-3,9.998396635E-1,1.779579048E2,1.854452590E-1,-7.994060028E-2,1.779577723E2
1.265220213E2,1.782000246E-2,7.242030697E-4,1.603222801E-3,9.998396635E-1,1.779578700E2,1.851656839E-1,-7.970046256E-2,1.779577381E2
1.265270213E2,1.781997711E-2,7.261374267E-4,1.602629549E-3,9.998396635E-1,1.779578730E2,1.851016616E-1,-7.992330431E-2,1.779577407E2
1.265320213E2,1.782004922E-2,7.241367712E-4,1.602732926E-3,9.998396635E-1,1.779578647E2,1.851094254E-1,-7.969385827E-2,1.779577328E2
1.265370213E2,1.781346356E-2,7.289580535E-4,1.599386451E-3,9.998397827E-1,1.779586195E2,1.847353262E-1,-8.025429904E-2,1.779584869E2
1.265420213E2,1.781674001E-2,7.275717217E-4,1.600782853E-3,9.998397231E-1,1.779582440E2,1.848927491E-1,-8.009200598E-2,1.779581116E2
1.265470213E2,1.781993614E-2,7.252799696E-4,1.603473094E-3,9.998396635E-1,1.779578776E2,1.851965550E-1,-7.982334762E-2,1.779577455E2
1.265520213E2,1.781673919E-2,7.274071104E-4,1.600866788E-3,9.998397231E-1,1.779582440E2,1.849020296E-1,-8.007297471E-2,1.779581117E2
1.265570213E2,1.781701855E-2,7.273522788E-4,1.597779570E-3,9.998397231E-1,1.779582120E2,1.845482264E-1,-8.007294434E-2,1.779580799E2
1.265620213E2,1.782087239E-2,7.237625541E-4,1.593724010E-3,9.998396635E-1,1.779577703E2,1.840765428E-1,-7.966922913E-2,1.779576392E2
1.265670213E2,1.782738040E-2,7.204752765E-4,1.597211580E-3,9.998395443E-1,1.779570245E2,1.844699280E-1,-7.928427186E-2,1.779568937E2
1.265720213E2,1.782754966E-2,7.204593276E-4,1.595328446E-3,9.998395443E-1,1.779570051E2,1.842541514E-1,-7.928626060E-2,1.779568744E2
1.265770213E2,1.782786103E-2,7.196897641E-4,1.592193148E-3,9.998395443E-1,1.779569694E2,1.838933814E-1,-7.920443743E-2,1.779568392E2
1.265820213E2,1.783848044E-2,7.115175249E-4,1.589210588E-3,9.998393655E-1,1.779557523E2,1.835357917E-1,-7.827226185E-2,1.779556238E2
1.265870213E2,1.783152965E-2,7.179235690E-4,1.589335618E-3,9.998394847E-1,1.779565489E2,1.835626650E-1,-7.900724334E-2,1.779564192E2
1.265920213E2,1.782080661E-2,7.248602342E-4,1.593960682E-3,9.998396635E-1,1.779577779E2,1.841058960E-1,-7.979452265E-2,1.779576466E2
1.265970213E2,1.782453242E-2,7.220384432E-4,1.590966946E-3,9.998396039E-1,1.779573509E2,1.837574255E-1,-7.947665013E-2,1.779572203E2
1.266020213E2,1.782802645E-2,7.206977461E-4,1.589883352E-3,9.998395443E-1,1.779569504E2,1.836308125E-1,-7.932461385E-2,1.779568202E2
1.266070213E2,1.781409710E-2,7.285939646E-4,1.592481160E-3,9.998397827E-1,1.779585469E2,1.839434696E-1,-8.022656415E-2,1.779584149E2
1.266120213E2,1.781404476E-2,7.302899612E-4,1.592289773E-3,9.998397827E-1,1.779585529E2,1.839250003E-1,-8.042128034E-2,1.779584206E2
1.266170213E2,1.782089619E-2,7.247537724E-4,1.593007240E-3,9.998396635E-1,1.779577676E2,1.839964465E-1,-7.978425566E-2,1.779576364E2
1.266220213E2,1.781375986E-2,7.284768508E-4,1.596302609E-3,9.998397827E-1,1.779585855E2,1.843810407E-1,-8.020540682E-2,1.779584533E2
1.266270213E2,1.781708504E-2,7.282985607E-4,1.596606686E-3,9.998397231E-1,1.779582044E2,1.844157825E-1,-8.018374548E-2,1.779580722E2
1.266320213E2,1.782082113E-2,7.237576065E-4,1.594299334E-3,9.998396635E-1,1.779577762E2,1.841424456E-1,-7.966749674E-2,1.779576451E2
1.266370213E2,1.781699828E-2,7.284419844E-4,1.597509137E-3,9.998397231E-1,1.779582144E2,1.845194656E-1,-8.019835136E-2,1.779580821E2
1.266420213E2,1.781656424E-2,7.274440140E-4,1.602795906E-3,9.998397231E-1,1.779582641E2,1.851231170E-1,-8.007329643E-2,1.779581316E2
1.266470213E2,1.781636373E-2,7.273880183E-4,1.605048659E-3,9.998397231E-1,1.779582871E2,1.853810926E-1,-8.006231840E-2,1.779581544E2
1.266520213E2,1.781646234E-2,7.269434864E-4,1.604155172E-3,9.998397231E-1,1.779582758E2,1.852778227E-1,-8.001319294E-2,1.779581432E2
1.266570213E2,1.782371827E-2,7.214490906E-4,1.600327902E-3,9.998396039E-1,1.779574442E2,1.848286751E-1,-7.939015521E-2,1.779573130E2
1.266620213E2,1.781676081E-2,7.284607273E-4,1.600146876E-3,9.998397231E-1,1.779582416E2,1.848217000E-1,-8.019515692E-2,1.779581091E2
1.266670213E2,1.780986407E-2,7.316980627E-4,1.600959222E-3,9.998398423E-1,1.779590320E2,1.849208284E-1,-8.056568587E-2,1.779588988E2
1.266720213E2,1.781691215E-2,7.271817885E-4,1.599043142E-3,9.998397231E-1,1.779582242E2,1.846926417E-1,-8.005085039E-2,1.779580921E2
1.266770213E2,1.783035027E-2,7.187825395E-4,1.602127450E-3,9.998394847E-1,1.779566841E2,1.850299330E-1,-7.907973680E-2,1.779565532E2
1.266820213E2,1.782629182E-2,7.216614322E-4,1.608784078E-3,9.998395443E-1,1.779571492E2,1.857981676E-1,-7.939673320E-2,1.779570173E2
1.266870213E2,1.781954098E-2,7.248723996E-4,1.608042396E-3,9.998396635E-1,1.779579229E2,1.857192124E-1,-7.976739321E-2,1.779577905E2
1.266920213E2,1.782340185E-2,7.223255816E-4,1.603453653E-3,9.998396039E-1,1.779574804E2,1.851885690E-1,-7.948425161E-2,1.779573488E2
1.266970213E2,1.782318096E-2,7.225964218E-4,1.605785219E-3,9.998396039E-1,1.779575058E2,1.854562406E-1,-7.951056129E-2,1.779573739E2
1.267020213E2,1.781612528E-2,7.273659576E-4,1.607703278E-3,9.998397231E-1,1.779583144E2,1.856851777E-1,-8.005441508E-2,1.779581815E2
1.267070213E2,1.782636770E-2,7.210823242E-4,1.608202816E-3,9.998395443E-1,1.779571405E2,1.857303932E-1,-7.933155627E-2,1.779570088E2
1.267120213E2,1.782290372E-2,7.220087573E-4,1.609123196E-3,9.998396039E-1,1.779575375E2,1.858374620E-1,-7.943646431E-2,1.779574055E2
1.267170213E2,1.781906063E-2,7.265100721E-4,1.612619730E-3,9.998396635E-1,1.779579780E2,1.862469603E-1,-7.994576873E-2,1.779578449E2
1.267220213E2,1.781209832E-2,7.299875724E-4,1.614054665E-3,9.998397827E-1,1.779587759E2,1.864179087E-1,-8.034256509E-2,1.779586420E2
1.267270213E2,1.781943622E-2,7.244025473E-4,1.609414467E-3,9.998396635E-1,1.779579349E2,1.858754475E-1,-7.971077828E-2,1.779578025E2
1.267320213E2,1.781594638E-2,7.272725343E-4,1.609726693E-3,9.998397231E-1,1.779583349E2,1.859168025E-1,-8.003961330E-2,1.779582019E2
1.267370213E2,1.780881071E-2,7.325054030E-4,1.612267806E-3,9.998398423E-1,1.779591527E2,1.862180569E-1,-8.063530087E-2,1.779590185E2
1.267420213E2,1.781227071E-2,7.314191316E-4,1.611502026E-3,9.998397827E-1,1.779587562E2,1.861283801E-1,-8.051176197E-2,1.779586222E2
1.267470213E2,1.781941319E-2,7.257232210E-4,1.609074418E-3,9.998396635E-1,1.779579376E2,1.858391823E-1,-7.986279082E-2,1.779578049E2
1.267520213E2,1.781606268E-2,7.278446574E-4,1.608180231E-3,9.998397231E-1,1.779583216E2,1.857407964E-1,-8.010829909E-2,1.779581886E2
1.267570213E2,1.781879611E-2,7.259266567E-4,1.615802175E-3,9.998396635E-1,1.779580083E2,1.866103719E-1,-7.987247560E-2,1.779578750E2
1.267620213E2,1.782217659E-2,7.242392167E-4,1.616159105E-3,9.998396039E-1,1.779576209E2,1.866480897E-1,-7.967778021E-2,1.779574879E2
1.267670213E2,1.781865923E-2,7.257276447E-4,1.617400325E-3,9.998396635E-1,1.779580240E2,1.867930603E-1,-7.984643627E-2,1.779578906E2
1.267720213E2,1.781523125E-2,7.290531066E-4,1.616820344E-3,9.998397231E-1,1.779584169E2,1.867331261E-1,-8.022926974E-2,1.779582829E2
1.267770213E2,1.781504593E-2,7.290004869E-4,1.618884737E-3,9.998397231E-1,1.779584381E2,1.869695288E-1,-8.021906090E-2,1.779583040E2
1.267820213E2,1.780467449E-2,7.354161353E-4,1.619644929E-3,9.998399019E-1,1.779596268E2,1.870688868E-1,-8.095451103E-2,1.779594914E2
1.267870213E2,1.780818775E-2,7.334869006E-4,1.618689741E-3,9.998398423E-1,1.779592241E2,1.869557942E-1,-8.073476435E-2,1.779590892E2
1.267920213E2,1.781540669E-2,7.285011234E-4,1.615135116E-3,9.998397231E-1,1.779583968E2,1.865389305E-1,-8.016943508E-2,1.779582631E2
1.267970213E2,1.782223343E-2,7.241928834E-4,1.615553047E-3,9.998396039E-1,1.779576144E2,1.865785614E-1,-7.967369886E-2,1.779574814E2
1.268020213E2,1.782220365E-2,7.231558557E-4,1.616345835E-3,9.998396039E-1,1.779576178E2,1.866672733E-1,-7.955326961E-2,1.779574850E2
1.268070213E2,1.781896227E-2,7.246976602E-4,1.614521025E-3,9.998396635E-1,1.779579893E2,1.864610891E-1,-7.973425063E-2,1.779578563E2
1.268120213E2,1.781884603E-2,7.268391782E-4,1.614841167E-3,9.998396635E-1,1.779580026E2,1.865021333E-1,-7.997897923E-2,1.779578692E2
1.268170213E2,1.781974498E-2,7.240355480E-4,1.606157632E-3,9.998396635E-1,1.779578996E2,1.855015753E-1,-7.967532345E-2,1.779577674E2
1.268220213E2,1.782369926E-2,7.236496313E-4,1.599545940E-3,9.998396039E-1,1.779574464E2,1.847435768E-1,-7.964387899E-2,1.779573148E2
1.268270213E2,1.782982999E-2,7.168254233E-4,1.608780702E-3,9.998394847E-1,1.779567437E2,1.857881792E-1,-7.884200552E-2,1.779566127E2
1.268320213E2,1.783620406E-2,7.122269017E-4,1.614245819E-3,9.998393655E-1,1.779560132E2,1.864054392E-1,-7.830278299E-2,1.779558826E2
1.268370213E2,1.783311924E-2,7.153557963E-4,1.610020525E-3,9.998394251E-1,1.779563667E2,1.859274858E-1,-7.867048066E-2,1.779562359E2
1.268420213E2,1.783652483E-2,7.130387821E-4,1.610338339E-3,9.998393655E-1,1.779559764E2,1.859594301E-1,-7.840373001E-2,1.779558460E2
1.268470213E2,1.784291349E-2,7.076943875E-4,1.615926623E-3,9.998392463E-1,1.779552442E2,1.865892712E-1,-7.777879065E-2,1.779551144E2
1.268520213E2,1.784625404E-2,7.059089839E-4,1.616697758E-3,9.998391867E-1,1.779548614E2,1.866742308E-1,-7.757203078E-2,1.779547318E2
1.268570213E2,1.784390501E-2,7.072668523E-4,1.605129219E-3,9.998392463E-1,1.779551306E2,1.853513770E-1,-7.775170108E-2,1.779550017E2
1.268620213E2,1.785071461E-2,7.038735785E-4,1.605161116E-3,9.998391271E-1,1.779543501E2,1.853486188E-1,-7.736159531E-2,1.779542219E2
1.268670213E2,1.784727252E-2,7.048823172E-4,1.605866360E-3,9.998391867E-1,1.779547446E2,1.854312182E-1,-7.747636539E-2,1.779546161E2
1.268720213E2,1.784410296E-2,7.080474752E-4,1.602582401E-3,9.998392463E-1,1.779551079E2,1.850611910E-1,-7.784631087E-2,1.779549790E2
1.268770213E2,1.784446190E-2,7.085051038E-4,1.598377945E-3,9.998392463E-1,1.779550668E2,1.845804355E-1,-7.790727433E-2,1.779549381E2
1.268820213E2,1.785083810E-2,7.031318964E-4,1.604112564E-3,9.998391271E-1,1.779543360E2,1.852269746E-1,-7.727874057E-2,1.779542079E2
1.268870213E2,1.784702322E-2,7.053634035E-4,1.608423772E-3,9.998391867E-1,1.779547732E2,1.857251947E-1,-7.752630066E-2,1.779546444E2
1.268920213E2,1.785080754E-2,7.042595535E-4,1.603957964E-3,9.998391271E-1,1.779543395E2,1.852115663E-1,-7.740826173E-2,1.779542112E2
1.268970213E2,1.784359772E-2,7.073495653E-4,1.608505263E-3,9.998392463E-1,1.779551658E2,1.857383277E-1,-7.775433121E-2,1.779550366E2
1.269020213E2,1.784999595E-2,7.024220540E-4,1.613765839E-3,9.998391271E-1,1.779544325E2,1.863314670E-1,-7.717782104E-2,1.779543038E2
1.269070213E2,1.786019952E-2,6.954700802E-4,1.614669338E-3,9.998389482E-1,1.779532631E2,1.864215409E-1,-7.637756070E-2,1.779531357E2
1.269120213E2,1.784626929E-2,7.065759855E-4,1.616237918E-3,9.998391867E-1,1.779548596E2,1.866229107E-1,-7.764938887E-2,1.779547300E2
1.269170213E2,1.784981287E-2,7.028330583E-4,1.615610905E-3,9.998391271E-1,1.779544535E2,1.865436895E-1,-7.722117101E-2,1.779543246E2
1.269220213E2,1.786313490E-2,6.934138364E-4,1.619981951E-3,9.998388886E-1,1.779529266E2,1.870262400E-1,-7.613054765E-2,1.779527992E2
1.269270213E2,1.785297644E-2,7.010580739E-4,1.618311508E-3,9.998390675E-1,1.779540909E2,1.868497194E-1,-7.701168994E-2,1.779539621E2
1.269320213E2,1.784580992E-2,7.052396541E-4,1.621883945E-3,9.998391867E-1,1.779549123E2,1.872670270E-1,-7.748482011E-2,1.779547824E2
1.269370213E2,1.785585353E-2,6.985868677E-4,1.624451834E-3,9.998390079E-1,1.779537612E2,1.875484024E-1,-7.671545365E-2,1.779536324E2
1.269420213E2,1.785889652E-2,6.968943635E-4,1.628409023E-3,9.998389482E-1,1.779534124E2,1.879985607E-1,-7.651286849E-2,1.779532837E2
1.269470213E2,1.785256796E-2,7.009385154E-4,1.622863230E-3,9.998390675E-1,1.779541377E2,1.873709502E-1,-7.698875577E-2,1.779540086E2
1.269520213E2,1.784586044E-2,7.071586442E-4,1.620491967E-3,9.998391867E-1,1.779549065E2,1.871114721E-1,-7.770752221E-2,1.779547764E2
1.269570213E2,1.785230733E-2,7.020367193E-4,1.625253819E-3,9.998390675E-1,1.779541676E2,1.876470753E-1,-7.710973851E-2,1.779540381E2
1.269620213E2,1.785269776E-2,7.013807772E-4,1.621243428E-3,9.998390675E-1,1.779541228E2,1.871862786E-1,-7.704271674E-2,1.779539938E2
1.269670213E2,1.784627243E-2,7.052647416E-4,1.616775873E-3,9.998391867E-1,1.779548592E2,1.866818644E-1,-7.749805469E-2,1.779547298E2
1.269720213E2,1.785270365E-2,7.005245425E-4,1.621548668E-3,9.998390675E-1,1.779541222E2,1.872194996E-1,-7.694398962E-2,1.779539933E2
1.269770213E2,1.786967187E-2,6.897776038E-4,1.623011776E-3,9.998387694E-1,1.779521774E2,1.873664280E-1,-7.570650572E-2,1.779520505E2
1.269820213E2,1.786947472E-2,6.889337674E-4,1.625538804E-3,9.998387694E-1,1.779522000E2,1.876542152E-1,-7.560468678E-2,1.779520730E2
1.269870213E2,1.786960231E-2,6.898703869E-4,1.623737975E-3,9.998387694E-1,1.779521854E2,1.874498159E-1,-7.571566206E-2,1.779520584E2
1.269920213E2,1.788296577E-2,6.807423779E-4,1.627273276E-3,9.998385310E-1,1.779506538E2,1.878371706E-1,-7.466008725E-2,1.779505283E2
1.269970213E2,1.787639093E-2,6.834938540E-4,1.625114353E-3,9.998386502E-1,1.779514074E2,1.875949618E-1,-7.498099043E-2,1.779512814E2
1.270020213E2,1.786964910E-2,6.881943555E-4,1.623934251E-3,9.998387694E-1,1.779521801E2,1.874688748E-1,-7.552322318E-2,1.779520533E2
1.270070213E2,1.786980786E-2,6.888011703E-4,1.621928765E-3,9.998387694E-1,1.779521619E2,1.872403540E-1,-7.559682505E-2,1.779520352E2
1.270120213E2,1.786943310E-2,6.891145022E-4,1.625919715E-3,9.998387694E-1,1.779522048E2,1.876982245E-1,-7.562462190E-2,1.779520777E2
1.270170213E2,1.787588954E-2,6.854429957E-4,1.629801816E-3,9.998386502E-1,1.779514648E2,1.881359765E-1,-7.519480122E-2,1.779513382E2
1.270220213E2,1.786545138E-2,6.924982299E-4,1.631574705E-3,9.998388290E-1,1.779526612E2,1.883527639E-1,-7.600147588E-2,1.779525330E2
1.270270213E2,1.787199412E-2,6.869784556E-4,1.635301160E-3,9.998387098E-1,1.779519113E2,1.887689076E-1,-7.536019338E-2,1.779517839E2
1.270320213E2,1.787906824E-2,6.832499639E-4,1.632418949E-3,9.998385906E-1,1.779511005E2,1.884315756E-1,-7.493757833E-2,1.779509741E2
1.270370213E2,1.787561013E-2,6.859781570E-4,1.632638858E-3,9.998386502E-1,1.779514969E2,1.884621016E-1,-7.525035713E-2,1.779513699E2
1.270420213E2,1.786934893E-2,6.888509379E-4,1.626956044E-3,9.998387694E-1,1.779522145E2,1.878164142E-1,-7.559231812E-2,1.779520874E2
1.270470213E2,1.786617574E-2,6.917037535E-4,1.623962191E-3,9.998388290E-1,1.779525781E2,1.874789998E-1,-7.592589997E-2,1.779524507E2
1.270520213E2,1.787270877E-2,6.872917875E-4,1.627339632E-3,9.998387098E-1,1.779518294E2,1.878574234E-1,-7.541226459E-2,1.779517026E2
1.270570213E2,1.786187531E-2,6.950761308E-4,1.633105101E-3,9.998388886E-1,1.779530710E2,1.885331124E-1,-7.629437511E-2,1.779529423E2
1.270620213E2,1.785896439E-2,6.957467995E-4,1.628155354E-3,9.998389482E-1,1.779534046E2,1.879671532E-1,-7.638189487E-2,1.779532761E2
1.270670213E2,1.787614780E-2,6.841857685E-4,1.627495862E-3,9.998386502E-1,1.779514352E2,1.878692188E-1,-7.505543212E-2,1.779513090E2
1.270720213E2,1.786932102E-2,6.901257439E-4,1.626722398E-3,9.998387694E-1,1.779522177E2,1.877922533E-1,-7.573886033E-2,1.779520903E2
1.270770213E2,1.786565473E-2,6.929754745E-4,1.629143604E-3,9.998388290E-1,1.779526378E2,1.880752168E-1,-7.606109438E-2,1.779525098E2
1.270820213E2,1.787281440E-2,6.877609994E-4,1.625980716E-3,9.998387098E-1,1.779518173E2,1.877026968E-1,-7.546878716E-2,1.779516905E2
1.270870213E2,1.786604702E-2,6.908252835E-4,1.625751262E-3,9.998388290E-1,1.779525929E2,1.876821713E-1,-7.582161205E-2,1.779524655E2
1.270920213E2,1.786852211E-2,6.899609580E-4,1.635544118E-3,9.998387694E-1,1.779523092E2,1.888025906E-1,-7.570206600E-2,1.779521813E2
1.270970213E2,1.786856569E-2,6.908187643E-4,1.634705695E-3,9.998387694E-1,1.779523042E2,1.887082896E-1,-7.580205618E-2,1.779521762E2
1.271020213E2,1.786520180E-2,6.931100506E-4,1.634045853E-3,9.998388290E-1,1.779526898E2,1.886371258E-1,-7.606656185E-2,1.779525613E2
1.271070213E2,1.785828626E-2,6.982267951E-4,1.634519431E-3,9.998389482E-1,1.779534823E2,1.887013320E-1,-7.665313892E-2,1.779533529E2
1.271120213E2,1.785802670E-2,6.972959382E-4,1.637749490E-3,9.998389482E-1,1.779535121E2,1.890694861E-1,-7.653992634E-2,1.779533826E2
1.271170213E2,1.785504508E-2,6.990340189E-4,1.633122563E-3,9.998390079E-1,1.779538538E2,1.885426914E-1,-7.674909504E-2,1.779537243E2
1.271220213E2,1.785170958E-2,7.024086080E-4,1.631646301E-3,9.998390675E-1,1.779542361E2,1.883801993E-1,-7.713938151E-2,1.779541061E2
1.271270213E2,1.786202554E-2,6.955801509E-4,1.631246298E-3,9.998388886E-1,1.779530538E2,1.883211861E-1,-7.635589887E-2,1.779529251E2
1.271320213E2,1.785851866E-2,6.959720049E-4,1.632941188E-3,9.998389482E-1,1.779534557E2,1.885159099E-1,-7.639798663E-2,1.779533268E2
1.271370213E2,1.784863968E-2,7.037072792E-4,1.628143131E-3,9.998391271E-1,1.779545879E2,1.879812486E-1,-7.729591829E-2,1.779544579E2
1.271420213E2,1.784866666E-2,7.043991354E-4,1.627548016E-3,9.998391271E-1,1.779545848E2,1.879144816E-1,-7.737639865E-2,1.779544547E2
1.271470213E2,1.785560052E-2,6.994906580E-4,1.626842190E-3,9.998390079E-1,1.779537902E2,1.878241041E-1,-7.681416000E-2,1.779536610E2
1.271520213E2,1.785592947E-2,6.991430419E-4,1.623377437E-3,9.998390079E-1,1.779537525E2,1.874264490E-1,-7.678136055E-2,1.779536237E2
1.271570213E2,1.784899340E-2,7.049593260E-4,1.623717719E-3,9.998391271E-1,1.779545474E2,1.874768022E-1,-7.744835483E-2,1.779544175E2
1.271620213E2,1.784900634E-2,7.036196184E-4,1.624156605E-3,9.998391271E-1,1.779545459E2,1.875243472E-1,-7.729396014E-2,1.779544162E2
1.271670213E2,1.785500425E-2,6.991687114E-4,1.633511274E-3,9.998390079E-1,1.779538585E2,1.885874999E-1,-7.676373953E-2,1.779537289E2
1.271720213E2,1.784809846E-2,7.042041398E-4,1.633851323E-3,9.998391271E-1,1.779546500E2,1.886362309E-1,-7.734127154E-2,1.779545194E2
1.271770213E2,1.785515748E-2,6.987635279E-4,1.632009051E-3,9.998390079E-1,1.779538409E2,1.884145675E-1,-7.672036129E-2,1.779537116E2
1.271820213E2,1.786840730E-2,6.895371480E-4,1.636976493E-3,9.998387694E-1,1.779523224E2,1.889658261E-1,-7.565059737E-2,1.779521944E2
1.271870213E2,1.785803690E-2,6.979769678E-4,1.637348090E-3,9.998389482E-1,1.779535109E2,1.890248910E-1,-7.661877359E-2,1.779533813E2
1.271920213E2,1.785466273E-2,7.005452644E-4,1.636651345E-3,9.998390079E-1,1.779538976E2,1.889500596E-1,-7.691509498E-2,1.779537676E2
1.271970213E2,1.786480560E-2,6.922993925E-4,1.638714573E-3,9.998388290E-1,1.779527352E2,1.891703474E-1,-7.596419875E-2,1.779526065E2
1.272020213E2,1.786439561E-2,6.922954926E-4,1.643179683E-3,9.998388290E-1,1.779527822E2,1.896818915E-1,-7.595468834E-2,1.779526532E2
1.272070213E2,1.785398120E-2,7.002136554E-4,1.644210657E-3,9.998390079E-1,1.779539757E2,1.898154256E-1,-7.686176356E-2,1.779538452E2
1.272120213E2,1.785368298E-2,7.006764063E-4,1.647248981E-3,9.998390079E-1,1.779540099E2,1.901644610E-1,-7.690862255E-2,1.779538790E2
1.272170213E2,1.785723370E-2,6.988873938E-4,1.645698561E-3,9.998389482E-1,1.779536030E2,1.899834356E-1,-7.670614724E-2,1.779534725E2
1.272220213E2,1.785416842E-2,7.011881098E-4,1.641760580E-3,9.998390079E-1,1.779539543E2,1.895367201E-1,-7.697838737E-2,1.779538237E2
1.272270213E2,1.785377275E-2,7.013986469E-4,1.645968179E-3,9.998390079E-1,1.779539996E2,1.900191999E-1,-7.699397542E-2,1.779538687E2
1.272320213E2,1.785366220E-2,6.994918804E-4,1.647977508E-3,9.998390079E-1,1.779540123E2,1.902455055E-1,-7.677142105E-2,1.779538816E2
1.272370213E2,1.785358490E-2,7.010405534E-4,1.648156787E-3,9.998390079E-1,1.779540212E2,1.902692092E-1,-7.694850531E-2,1.779538901E2
1.272420213E2,1.785059865E-2,7.020853809E-4,1.643893658E-3,9.998390675E-1,1.779543634E2,1.897826753E-1,-7.707750371E-2,1.779542325E2
1.272470213E2,1.785395800E-2,7.008492248E-4,1.644191798E-3,9.998390079E-1,1.779539784E2,1.898145636E-1,-7.693462575E-2,1.779538477E2
1.272520213E2,1.785400364E-2,6.994654541E-4,1.644285512E-3,9.998390079E-1,1.779539732E2,1.898224727E-1,-7.677588236E-2,1.779538427E2
1.272570213E2,1.785153193E-2,7.008982939E-4,1.634237356E-3,9.998390675E-1,1.779542565E2,1.886739619E-1,-7.696107280E-2,1.779541265E2
1.272620213E2,1.786085475E-2,6.944335182E-4,1.644500648E-3,9.998388886E-1,1.779531880E2,1.898373468E-1,-7.619761660E-2,1.779530585E2
1.272670213E2,1.786806409E-2,6.908904761E-4,1.640149043E-3,9.998387694E-1,1.779523617E2,1.893320618E-1,-7.579922097E-2,1.779522332E2
1.272720213E2,1.786530912E-2,6.920535234E-4,1.633320237E-3,9.998388290E-1,1.779526775E2,1.885518342E-1,-7.594697755E-2,1.779525493E2
1.272770213E2,1.786521521E-2,6.922179600E-4,1.634277403E-3,9.998388290E-1,1.779526882E2,1.886618297E-1,-7.596387564E-2,1.779525599E2
1.272820213E2,1.787149096E-2,6.882544258E-4,1.640256029E-3,9.998387098E-1,1.779519690E2,1.893391799E-1,-7.549633242E-2,1.779518410E2
1.272870213E2,1.786579098E-2,6.927766954E-4,1.627733349E-3,9.998388290E-1,1.779526222E2,1.879132423E-1,-7.604118136E-2,1.779524943E2
1.272920213E2,1.786281238E-2,6.948010414E-4,1.622941229E-3,9.998388886E-1,1.779529636E2,1.873681102E-1,-7.628348660E-2,1.779528357E2
1.272970213E2,1.787591355E-2,6.847375771E-4,1.629834995E-3,9.998386502E-1,1.779514621E2,1.881383344E-1,-7.511390672E-2,1.779513356E2
1.273020213E2,1.787206664E-2,6.871192600E-4,1.634449232E-3,9.998387098E-1,1.779519030E2,1.886715932E-1,-7.537805692E-2,1.779517757E2
1.273070213E2,1.785498697E-2,6.991132977E-4,1.633723848E-3,9.998390079E-1,1.779538605E2,1.886117406E-1,-7.675695890E-2,1.779537309E2
1.273120213E2,1.786878819E-2,6.902486202E-4,1.632512896E-3,9.998387694E-1,1.779522787E2,1.884559022E-1,-7.574118129E-2,1.779521509E2
1.273170213E2,1.787561715E-2,6.852098159E-4,1.632884610E-3,9.998386502E-1,1.779514961E2,1.884886847E-1,-7.516182114E-2,1.779513692E2
1.273220213E2,1.785859042E-2,6.967820227E-4,1.631810563E-3,9.998389482E-1,1.779534475E2,1.883880336E-1,-7.649309330E-2,1.779533185E2
1.273270213E2,1.786244338E-2,6.944885827E-4,1.627130900E-3,9.998388886E-1,1.779530059E2,1.878474677E-1,-7.623918005E-2,1.779528777E2
1.273320213E2,1.787591869E-2,6.859351415E-4,1.629275037E-3,9.998386502E-1,1.779514615E2,1.880766321E-1,-7.525226154E-2,1.779513348E2
1.273370213E2,1.786528636E-2,6.915138219E-4,1.633797656E-3,9.998388290E-1,1.779526801E2,1.886054269E-1,-7.588416912E-2,1.779525519E2
1.273420213E2,1.785140476E-2,7.016230375E-4,1.635315130E-3,9.998390675E-1,1.779542710E2,1.887989192E-1,-7.704192811E-2,1.779541409E2
1.273470213E2,1.786568003E-2,6.912765675E-4,1.629587845E-3,9.998388290E-1,1.779526349E2,1.881226382E-1,-7.586553099E-2,1.779525072E2
1.273520213E2,1.786534046E-2,6.919386215E-4,1.633026055E-3,9.998388290E-1,1.779526739E2,1.885178959E-1,-7.593440926E-2,1.779525457E2
1.273570213E2,1.785105856E-2,7.029662374E-4,1.638514339E-3,9.998390675E-1,1.779543107E2,1.891681854E-1,-7.718934349E-2,1.779541800E2
1.273620213E2,1.785122129E-2,7.020085468E-4,1.637151465E-3,9.998390675E-1,1.779542921E2,1.890100892E-1,-7.708237513E-2,1.779541617E2
1.273670213E2,1.785776503E-2,6.974932039E-4,1.640516450E-3,9.998389482E-1,1.779535421E2,1.893868901E-1,-7.655691465E-2,1.779534123E2
1.273720213E2,1.785068923E-2,7.020648918E-4,1.642918563E-3,9.998390675E-1,1.779543530E2,1.896709203E-1,-7.707713374E-2,1.779542222E2
1.273770213E2,1.784385302E-2,7.084819954E-4,1.641878509E-3,9.998391867E-1,1.779551365E2,1.895643545E-1,-7.781578533E-2,1.779550045E2
1.273820213E2,1.785130275E-2,7.021405036E-4,1.636206405E-3,9.998390675E-1,1.779542827E2,1.889020867E-1,-7.709941178E-2,1.779541524E2
1.273870213E2,1.785436512E-2,7.006617961E-4,1.639845083E-3,9.998390079E-1,1.779539317E2,1.893161929E-1,-7.692196795E-2,1.779538014E2
1.273920213E2,1.784396636E-2,7.062109071E-4,1.641625073E-3,9.998391867E-1,1.779551235E2,1.895306815E-1,-7.755607629E-2,1.779549920E2
1.273970213E2,1.785063470E-2,7.023792132E-4,1.643376658E-3,9.998390675E-1,1.779543593E2,1.897240447E-1,-7.711221977E-2,1.779542284E2
1.274020213E2,1.785446090E-2,7.005024236E-4,1.638869988E-3,9.998390079E-1,1.779539208E2,1.892041541E-1,-7.690568514E-2,1.779537905E2
1.274070213E2,1.785407808E-2,6.999815232E-4,1.643257216E-3,9.998390079E-1,1.779539646E2,1.897057189E-1,-7.683709985E-2,1.779538342E2
1.274120213E2,1.785086122E-2,7.012784481E-4,1.641385024E-3,9.998390675E-1,1.779543333E2,1.894936216E-1,-7.699013292E-2,1.779542028E2
1.274170213E2,1.786164001E-2,6.956661819E-4,1.635425841E-3,9.998388886E-1,1.779530980E2,1.888001976E-1,-7.635727310E-2,1.779529689E2
1.274220213E2,1.786866844E-2,6.908677751E-4,1.633561449E-3,9.998387694E-1,1.779522924E2,1.885772975E-1,-7.580999522E-2,1.779521645E2
1.274270213E2,1.786506235E-2,6.927839131E-4,1.635707915E-3,9.998388290E-1,1.779527057E2,1.888268756E-1,-7.602581880E-2,1.779525772E2
1.274320213E2,1.787203837E-2,6.881341105E-4,1.634331304E-3,9.998387098E-1,1.779519062E2,1.886601584E-1,-7.549457839E-2,1.779517787E2
1.274370213E2,1.787267749E-2,6.882052985E-4,1.627297141E-3,9.998387098E-1,1.779518330E2,1.878544239E-1,-7.551702131E-2,1.779517060E2
1.274420213E2,1.786921219E-2,6.892938982E-4,1.628269791E-3,9.998387694E-1,1.779522301E2,1.879678316E-1,-7.564040487E-2,1.779521029E2
1.274470213E2,1.786914932E-2,6.898840074E-4,1.628709841E-3,9.998387694E-1,1.779522373E2,1.880194535E-1,-7.570712623E-2,1.779521099E2
1.274520213E2,1.786246708E-2,6.933026598E-4,1.627376419E-3,9.998388886E-1,1.779530032E2,1.878731717E-1,-7.610279810E-2,1.779528752E2
1.274570213E2,1.786966432E-2,6.883039605E-4,1.623720280E-3,9.998387694E-1,1.779521783E2,1.874445850E-1,-7.553621630E-2,1.779520516E2
1.274620213E2,1.787276974E-2,6.864269380E-4,1.627034973E-3,9.998387098E-1,1.779518224E2,1.878207506E-1,-7.531378864E-2,1.779516958E2
1.274670213E2,1.787289101E-2,6.866260082E-4,1.625618199E-3,9.998387098E-1,1.779518085E2,1.876588427E-1,-7.533947581E-2,1.779516819E2
1.274720213E2,1.786965668E-2,6.881657755E-4,1.623863005E-3,9.998387694E-1,1.779521792E2,1.874606539E-1,-7.552009317E-2,1.779520525E2
1.274770213E2,1.786969741E-2,6.889345241E-4,1.623088610E-3,9.998387694E-1,1.779521745E2,1.873735064E-1,-7.560974930E-2,1.779520477E2
1.274820213E2,1.787633382E-2,6.842334406E-4,1.625431236E-3,9.998386502E-1,1.779514139E2,1.876327791E-1,-7.506508871E-2,1.779512878E2
1.274870213E2,1.787325778E-2,6.875360268E-4,1.621195115E-3,9.998387098E-1,1.779517665E2,1.871539665E-1,-7.545273024E-2,1.779516401E2
1.274920213E2,1.786963974E-2,6.898920983E-4,1.623316784E-3,9.998387694E-1,1.779521811E2,1.874016059E-1,-7.571900512E-2,1.779520541E2
1.274970213E2,1.787635177E-2,6.842865841E-4,1.625211444E-3,9.998386502E-1,1.779514119E2,1.876077070E-1,-7.507162444E-2,1.779512858E2
1.275020213E2,1.787974397E-2,6.825632299E-4,1.625289558E-3,9.998385906E-1,1.779510231E2,1.876133800E-1,-7.487337783E-2,1.779508973E2
1.275070213E2,1.787700899E-2,6.845626631E-4,1.617849339E-3,9.998386502E-1,1.779513365E2,1.867648201E-1,-7.511821496E-2,1.779512109E2
1.275120213E2,1.788093823E-2,6.814452936E-4,1.612570486E-3,9.998385906E-1,1.779508862E2,1.861539102E-1,-7.477113137E-2,1.779507616E2
1.275170213E2,1.788791134E-2,6.773928762E-4,1.610853826E-3,9.998384714E-1,1.779500870E2,1.859494399E-1,-7.430905413E-2,1.779499633E2
1.275220213E2,1.788119215E-2,6.821957068E-4,1.609434490E-3,9.998385906E-1,1.779508571E2,1.857961652E-1,-7.486348742E-2,1.779507326E2
1.275270213E2,1.787425517E-2,6.853401428E-4,1.611097134E-3,9.998387098E-1,1.779516522E2,1.859925824E-1,-7.522163864E-2,1.779515269E2
1.275320213E2,1.788430723E-2,6.783085410E-4,1.613488654E-3,9.998385310E-1,1.779505001E2,1.862529302E-1,-7.440923484E-2,1.779503760E2
1.275370213E2,1.788036766E-2,6.829358754E-4,1.618256443E-3,9.998385906E-1,1.779509516E2,1.868083820E-1,-7.493036727E-2,1.779508263E2
1.275420213E2,1.788054119E-2,6.812490174E-4,1.617049682E-3,9.998385906E-1,1.779509317E2,1.866666753E-1,-7.473953905E-2,1.779508068E2
1.275470213E2,1.788467582E-2,6.778439856E-4,1.609593630E-3,9.998385310E-1,1.779504578E2,1.858057391E-1,-7.436392372E-2,1.779503341E2
1.275520213E2,1.788854733E-2,6.752602640E-4,1.604674850E-3,9.998384714E-1,1.779500141E2,1.852371682E-1,-7.407726278E-2,1.779498913E2
1.275570213E2,1.788164217E-2,6.800074480E-4,1.605355530E-3,9.998385906E-1,1.779508055E2,1.853243736E-1,-7.462104684E-2,1.779506817E2
1.275620213E2,1.788792237E-2,6.756621879E-4,1.611458021E-3,9.998384714E-1,1.779500858E2,1.860151172E-1,-7.410952320E-2,1.779499623E2
1.275670213E2,1.789475729E-2,6.712335744E-4,1.611387706E-3,9.998383522E-1,1.779493024E2,1.859984847E-1,-7.360099591E-2,1.779491798E2
1.275720213E2,1.788460645E-2,6.784129655E-4,1.610124600E-3,9.998385310E-1,1.779504658E2,1.858677353E-1,-7.442803814E-2,1.779503419E2
1.275770213E2,1.789493930E-2,6.709589506E-4,1.609479659E-3,9.998383522E-1,1.779492815E2,1.857793234E-1,-7.357341046E-2,1.779491591E2
1.275820213E2,1.790877210E-2,6.626496324E-4,1.607171609E-3,9.998381138E-1,1.779476962E2,1.854988447E-1,-7.262355312E-2,1.779475755E2
1.275870213E2,1.788828226E-2,6.764145219E-4,1.607141690E-3,9.998384714E-1,1.779500445E2,1.855221495E-1,-7.420450184E-2,1.779499213E2
1.275920213E2,1.788122841E-2,6.823340082E-4,1.608972903E-3,9.998385906E-1,1.779508530E2,1.857435658E-1,-7.488027217E-2,1.779507284E2
1.275970213E2,1.790135778E-2,6.669894792E-4,1.613802277E-3,9.998382330E-1,1.779485459E2,1.862669085E-1,-7.310855562E-2,1.779484240E2
1.276020213E2,1.789473230E-2,6.724740961E-4,1.611148007E-3,9.998383522E-1,1.779493053E2,1.859735640E-1,-7.374362250E-2,1.779491825E2
1.276070213E2,1.788508277E-2,6.787596503E-4,1.604678459E-3,9.998385310E-1,1.779504112E2,1.852444982E-1,-7.447883280E-2,1.779502877E2
1.276120213E2,1.789536075E-2,6.713836920E-4,1.604609191E-3,9.998383522E-1,1.779492332E2,1.852221994E-1,-7.363198434E-2,1.779491111E2
1.276170213E2,1.789803508E-2,6.687500863E-4,1.612999360E-3,9.998382926E-1,1.779489267E2,1.861782842E-1,-7.331253965E-2,1.779488045E2
1.276220213E2,1.787454122E-2,6.854200037E-4,1.607886399E-3,9.998387098E-1,1.779516194E2,1.856249025E-1,-7.523731221E-2,1.779514944E2
1.276270213E2,1.789136599E-2,6.751997862E-4,1.610404113E-3,9.998384118E-1,1.779496911E2,1.858936744E-1,-7.405806460E-2,1.779495678E2
1.276320213E2,1.791160390E-2,6.592728896E-4,1.614068868E-3,9.998380542E-1,1.779473716E2,1.862823607E-1,-7.222198643E-2,1.779472511E2
1.276370213E2,1.789735328E-2,6.701814709E-4,1.619955408E-3,9.998382926E-1,1.779490049E2,1.869781486E-1,-7.346239780E-2,1.779488819E2
1.276420213E2,1.788378810E-2,6.785371224E-4,1.619136776E-3,9.998385310E-1,1.779505596E2,1.869004850E-1,-7.442394524E-2,1.779504350E2
1.276470213E2,1.790110187E-2,6.661229418E-4,1.616995782E-3,9.998382330E-1,1.779485753E2,1.866310027E-1,-7.300277016E-2,1.779484532E2
1.276520213E2,1.790395693E-2,6.645844551E-4,1.622863812E-3,9.998381734E-1,1.779482480E2,1.873003745E-1,-7.281392828E-2,1.779481259E2
1.276570213E2,1.789360180E-2,6.711074384E-4,1.624220633E-3,9.998383522E-1,1.779494348E2,1.874684534E-1,-7.356044411E-2,1.779493113E2
1.276620213E2,1.790409847E-2,6.642492954E-4,1.621438889E-3,9.998381734E-1,1.779482318E2,1.871364387E-1,-7.277842512E-2,1.779481098E2
1.276670213E2,1.791390974E-2,6.583436043E-4,1.625738223E-3,9.998379946E-1,1.779471073E2,1.876176169E-1,-7.209112969E-2,1.779469862E2
1.276720213E2,1.789989258E-2,6.682861131E-4,1.629442442E-3,9.998382330E-1,1.779487139E2,1.880614087E-1,-7.322530519E-2,1.779485905E2
1.276770213E2,1.790360454E-2,6.661717198E-4,1.626097481E-3,9.998381734E-1,1.779482884E2,1.876740982E-1,-7.298921745E-2,1.779481657E2
1.276820213E2,1.791680645E-2,6.566562224E-4,1.631147577E-3,9.998379350E-1,1.779467754E2,1.882341288E-1,-7.188615098E-2,1.779466541E2
1.276870213E2,1.790333595E-2,6.662658998E-4,1.629013452E-3,9.998381734E-1,1.779483192E2,1.880083646E-1,-7.299407567E-2,1.779481963E2
1.276920213E2,1.789720944E-2,6.688113790E-4,1.622109441E-3,9.998382926E-1,1.779490214E2,1.872221226E-1,-7.330103115E-2,1.779488984E2
1.276970213E2,1.790741130E-2,6.633386947E-4,1.621981966E-3,9.998381138E-1,1.779478521E2,1.871970331E-1,-7.267236030E-2,1.779477303E2
1.277020213E2,1.790378798E-2,6.643119268E-4,1.624838100E-3,9.998381734E-1,1.779482674E2,1.875260038E-1,-7.277868479E-2,1.779481451E2
1.277070213E2,1.789706553E-2,6.702177343E-4,1.623116434E-3,9.998382926E-1,1.779490379E2,1.873403714E-1,-7.346012322E-2,1.779489146E2
1.277120213E2,1.791386568E-2,6.584576331E-4,1.626177458E-3,9.998379946E-1,1.779471124E2,1.876681725E-1,-7.210330088E-2,1.779469912E2
1.277170213E2,1.792022940E-2,6.540932227E-4,1.631111139E-3,9.998378754E-1,1.779463831E2,1.882249360E-1,-7.159193076E-2,1.779462623E2
1.277220213E2,1.790687888E-2,6.638519699E-4,1.627640217E-3,9.998381138E-1,1.779479132E2,1.878463328E-1,-7.271965617E-2,1.779477908E2
1.277270213E2,1.792121282E-2,6.533119013E-4,1.620585681E-3,9.998378754E-1,1.779462703E2,1.870174643E-1,-7.152384386E-2,1.779461505E2
1.277320213E2,1.792437603E-2,6.513974513E-4,1.623144606E-3,9.998378158E-1,1.779459078E2,1.873069423E-1,-7.129865159E-2,1.779457881E2
1.277370213E2,1.790139004E-2,6.674011238E-4,1.613274217E-3,9.998382330E-1,1.779485422E2,1.862072538E-1,-7.315679630E-2,1.779484202E2
1.277420213E2,1.790500281E-2,6.639100029E-4,1.611561747E-3,9.998381734E-1,1.779481282E2,1.860041505E-1,-7.275964887E-2,1.779480069E2
1.277470213E2,1.791817041E-2,6.552325794E-4,1.616673311E-3,9.998379350E-1,1.779466190E2,1.865729376E-1,-7.175250449E-2,1.779464991E2
1.277520213E2,1.790749670E-2,6.634402089E-4,1.620997326E-3,9.998381138E-1,1.779478423E2,1.870844340E-1,-7.268599575E-2,1.779477205E2
1.277570213E2,1.789398791E-2,6.712313043E-4,1.619910006E-3,9.998383522E-1,1.779493906E2,1.869748526E-1,-7.358340290E-2,1.779492674E2
1.277620213E2,1.791794562E-2,6.547766970E-4,1.619347255E-3,9.998379350E-1,1.779466448E2,1.868783480E-1,-7.169482402E-2,1.779465247E2
1.277670213E2,1.791725585E-2,6.560881739E-4,1.626432990E-3,9.998379350E-1,1.779467238E2,1.876928283E-1,-7.183066374E-2,1.779466030E2
1.277720213E2,1.788946332E-2,6.748479791E-4,1.631550025E-3,9.998384118E-1,1.779499091E2,1.883155721E-1,-7.397475931E-2,1.779497844E2
1.277770213E2,1.790687135E-2,6.622614455E-4,1.628370839E-3,9.998381138E-1,1.779479140E2,1.879267779E-1,-7.253592705E-2,1.779477919E2
1.277820213E2,1.791379302E-2,6.576357991E-4,1.627310063E-3,9.998379946E-1,1.779471207E2,1.877962462E-1,-7.200682939E-2,1.779469996E2
1.277870213E2,1.789659456E-2,6.700400263E-4,1.628374332E-3,9.998382926E-1,1.779490918E2,1.879423876E-1,-7.342906736E-2,1.779489682E2
1.277920213E2,1.791037952E-2,6.614027661E-4,1.626734505E-3,9.998380542E-1,1.779475119E2,1.877377894E-1,-7.244024473E-2,1.779473901E2
1.277970213E2,1.791357703E-2,6.590609555E-4,1.629110193E-3,9.998379946E-1,1.779471455E2,1.880054037E-1,-7.216645901E-2,1.779470239E2
1.278020213E2,1.789302449E-2,6.716710050E-4,1.630336163E-3,9.998383522E-1,1.779495010E2,1.881702439E-1,-7.361258192E-2,1.779493769E2
1.278070213E2,1.789996863E-2,6.687995046E-4,1.628395985E-3,9.998382330E-1,1.779487051E2,1.879425713E-1,-7.328625834E-2,1.779485818E2
1.278120213E2,1.792037265E-2,6.542756455E-4,1.629463281E-3,9.998378754E-1,1.779463666E2,1.880365201E-1,-7.161618865E-2,1.779462459E2
1.278170213E2,1.790367218E-2,6.659655483E-4,1.625437057E-3,9.998381734E-1,1.779482807E2,1.875980131E-1,-7.296693807E-2,1.779481581E2
1.278220213E2,1.790019164E-2,6.679027574E-4,1.626311336E-3,9.998382330E-1,1.779486796E2,1.877019025E-1,-7.318774967E-2,1.779485565E2
1.278270213E2,1.791712044E-2,6.548973615E-4,1.628403435E-3,9.998379350E-1,1.779467394E2,1.879161339E-1,-7.169020832E-2,1.779466186E2
1.278320213E2,1.789662502E-2,6.693784962E-4,1.628311584E-3,9.998382926E-1,1.779490883E2,1.879338437E-1,-7.335339680E-2,1.779489649E2
1.278370213E2,1.789952168E-2,6.690501468E-4,1.633198932E-3,9.998382330E-1,1.779487564E2,1.884933428E-1,-7.330520711E-2,1.779486326E2
1.278420213E2,1.793685595E-2,6.418392877E-4,1.635901514E-3,9.998375773E-1,1.779444775E2,1.887497843E-1,-7.017498401E-2,1.779443587E2
1.278470213E2,1.791294167E-2,6.571572158E-4,1.636847039E-3,9.998379946E-1,1.779472183E2,1.888878861E-1,-7.193257907E-2,1.779470965E2
1.278520213E2,1.788926554E-2,6.760242395E-4,1.633230830E-3,9.998384118E-1,1.779499318E2,1.885105447E-1,-7.410611855E-2,1.779498067E2
1.278570213E2,1.790925432E-2,6.620184286E-4,1.638827147E-3,9.998380542E-1,1.779476409E2,1.891244667E-1,-7.248617569E-2,1.779475181E2
1.278620213E2,1.790197708E-2,6.659541395E-4,1.644005766E-3,9.998381734E-1,1.779484749E2,1.897253464E-1,-7.292785450E-2,1.779483510E2
1.278670213E2,1.787793344E-2,6.838803529E-4,1.644538483E-3,9.998385906E-1,1.779512306E2,1.898213593E-1,-7.498518743E-2,1.779511031E2
1.278720213E2,1.790257299E-2,6.652354496E-4,1.637795940E-3,9.998381734E-1,1.779484067E2,1.890124343E-1,-7.285813906E-2,1.779482833E2
1.278770213E2,1.791246773E-2,6.577503518E-4,1.641787938E-3,9.998379946E-1,1.779472726E2,1.894551652E-1,-7.199048361E-2,1.779471504E2
1.278820213E2,1.788173752E-2,6.806454621E-4,1.640755334E-3,9.998385310E-1,1.779507946E2,1.893815663E-1,-7.462158629E-2,1.779506680E2
1.278870213E2,1.789292369E-2,6.729653687E-4,1.630908577E-3,9.998383522E-1,1.779495126E2,1.882384744E-1,-7.375972639E-2,1.779493882E2
1.278920213E2,1.791673100E-2,6.566589582E-4,1.631975058E-3,9.998379350E-1,1.779467840E2,1.883289361E-1,-7.188477962E-2,1.779466627E2
1.278970213E2,1.789191640E-2,6.736179930E-4,1.641654526E-3,9.998383522E-1,1.779496280E2,1.894709387E-1,-7.381265581E-2,1.779495027E2
1.279020213E2,1.788220697E-2,6.798312534E-4,1.635969616E-3,9.998385310E-1,1.779507408E2,1.888316164E-1,-7.453801822E-2,1.779506148E2
1.279070213E2,1.790948967E-2,6.610143464E-4,1.636659144E-3,9.998380542E-1,1.779476139E2,1.888740273E-1,-7.237554004E-2,1.779474914E2
1.279120213E2,1.789260457E-2,6.733035552E-4,1.634266577E-3,9.998383522E-1,1.779495491E2,1.886238819E-1,-7.379164806E-2,1.779494245E2
1.279170213E2,1.788910365E-2,6.743773702E-4,1.635683002E-3,9.998384118E-1,1.779499504E2,1.887881099E-1,-7.391243505E-2,1.779498254E2
1.279220213E2,1.790653818E-2,6.631675060E-4,1.631662482E-3,9.998381138E-1,1.779479522E2,1.883057480E-1,-7.263304512E-2,1.779478297E2
1.279270213E2,1.788559394E-2,6.782622659E-4,1.636023517E-3,9.998384714E-1,1.779503526E2,1.888348281E-1,-7.435750432E-2,1.779502269E2
1.279320213E2,1.787160034E-2,6.872826489E-4,1.639471506E-3,9.998387098E-1,1.779519564E2,1.892473121E-1,-7.538657895E-2,1.779518287E2
1.279370213E2,1.789170194E-2,6.733384798E-4,1.644104719E-3,9.998383522E-1,1.779496526E2,1.897510768E-1,-7.377564797E-2,1.779495272E2
1.279420213E2,1.788531887E-2,6.777612725E-4,1.639235066E-3,9.998384714E-1,1.779503841E2,1.892017390E-1,-7.429357341E-2,1.779502583E2
1.279470213E2,1.787481327E-2,6.862055161E-4,1.641245093E-3,9.998386502E-1,1.779515882E2,1.894485537E-1,-7.525892728E-2,1.779514605E2
1.279520213E2,1.789148137E-2,6.722739781E-4,1.646938152E-3,9.998383522E-1,1.779496779E2,1.900735137E-1,-7.364791709E-2,1.779495525E2
1.279570213E2,1.788421832E-2,6.784246070E-4,1.650926541E-3,9.998384714E-1,1.779505103E2,1.905425495E-1,-7.434582016E-2,1.779503834E2
1.279620213E2,1.787488686E-2,6.843404262E-4,1.641222392E-3,9.998386502E-1,1.779515798E2,1.894421373E-1,-7.504527068E-2,1.779514525E2
1.279670213E2,1.789897170E-2,6.676665507E-4,1.639779424E-3,9.998382330E-1,1.779488194E2,1.892444137E-1,-7.313329005E-2,1.779486954E2
1.279720213E2,1.790136577E-2,6.673180615E-4,1.650098013E-3,9.998381734E-1,1.779485450E2,1.904261098E-1,-7.307174113E-2,1.779484203E2
1.279770213E2,1.788479973E-2,6.782144192E-4,1.644702745E-3,9.998384714E-1,1.779504436E2,1.898290801E-1,-7.433438363E-2,1.779503173E2
1.279820213E2,1.789936256E-2,6.679234793E-4,1.635402557E-3,9.998382330E-1,1.779487746E2,1.887434967E-1,-7.317163119E-2,1.779486509E2
1.279870213E2,1.791336337E-2,6.589725963E-4,1.631493564E-3,9.998379946E-1,1.779471700E2,1.882782777E-1,-7.215148291E-2,1.779470482E2
1.279920213E2,1.790202462E-2,6.651244476E-4,1.643823925E-3,9.998381734E-1,1.779484695E2,1.897028134E-1,-7.283315819E-2,1.779483457E2
1.279970213E2,1.790309759E-2,6.641897489E-4,1.632477273E-3,9.998381734E-1,1.779483465E2,1.884009490E-1,-7.274914292E-2,1.779482237E2
1.280020213E2,1.790325957E-2,6.660933141E-4,1.629923237E-3,9.998381734E-1,1.779483280E2,1.881122422E-1,-7.297244976E-2,1.779482050E2
1.280070213E2,1.789930717E-2,6.691892049E-4,1.635491382E-3,9.998382330E-1,1.779487809E2,1.887562663E-1,-7.331647750E-2,1.779486570E2
1.280120213E2,1.790633379E-2,6.624134840E-4,1.634209882E-3,9.998381138E-1,1.779479756E2,1.885960500E-1,-7.254146564E-2,1.779478530E2
1.280170213E2,1.790984895E-2,6.596370367E-4,1.633279724E-3,9.998380542E-1,1.779475728E2,1.884840345E-1,-7.222460568E-2,1.779474508E2
1.280220213E2,1.789590662E-2,6.695781485E-4,1.636106521E-3,9.998382926E-1,1.779491707E2,1.888272932E-1,-7.336042038E-2,1.779490466E2
1.280270213E2,1.790573276E-2,6.643259549E-4,1.640008762E-3,9.998381138E-1,1.779480445E2,1.892643286E-1,-7.274879750E-2,1.779479211E2
1.280320213E2,1.791249735E-2,6.595794694E-4,1.640730537E-3,9.998379946E-1,1.779472692E2,1.893377726E-1,-7.220221612E-2,1.779471467E2
1.280370213E2,1.788534289E-2,6.781641860E-4,1.638806309E-3,9.998384714E-1,1.779503814E2,1.891534425E-1,-7.434061070E-2,1.779502555E2
1.280420213E2,1.789547219E-2,6.704699481E-4,1.640487229E-3,9.998382926E-1,1.779492205E2,1.893310033E-1,-7.345369470E-2,1.779490959E2
1.280470213E2,1.790598356E-2,6.629616837E-4,1.637821086E-3,9.998381138E-1,1.779480158E2,1.890108975E-1,-7.259693043E-2,1.779478928E2
1.280520213E2,1.789227870E-2,6.737648509E-4,1.637640758E-3,9.998383522E-1,1.779495865E2,1.890113955E-1,-7.383764308E-2,1.779494615E2
1.280570213E2,1.788873544E-2,6.764531718E-4,1.638849848E-3,9.998384118E-1,1.779499926E2,1.891551751E-1,-7.414384345E-2,1.779498670E2
1.280620213E2,1.790924295E-2,6.617569597E-4,1.639057067E-3,9.998380542E-1,1.779476422E2,1.891502719E-1,-7.245574869E-2,1.779475194E2
1.280670213E2,1.790608597E-2,6.633542362E-4,1.636542031E-3,9.998381138E-1,1.779480040E2,1.888651648E-1,-7.264451164E-2,1.779478811E2
1.280720213E2,1.788921127E-2,6.762255216E-4,1.633741893E-3,9.998384118E-1,1.779499380E2,1.885695076E-1,-7.412814257E-2,1.779498128E2
1.280770213E2,1.789596920E-2,6.709474255E-4,1.634860644E-3,9.998382926E-1,1.779491635E2,1.886873619E-1,-7.351984595E-2,1.779490392E2
1.280820213E2,1.790604691E-2,6.634042948E-4,1.636949019E-3,9.998381138E-1,1.779480085E2,1.889118947E-1,-7.264941924E-2,1.779478855E2
1.280870213E2,1.789258262E-2,6.734731141E-4,1.634437009E-3,9.998383522E-1,1.779495516E2,1.886437550E-1,-7.381072963E-2,1.779494269E2
1.280920213E2,1.788886492E-2,6.745317951E-4,1.638228307E-3,9.998384118E-1,1.779499777E2,1.890800332E-1,-7.392495509E-2,1.779498525E2
1.280970213E2,1.790564907E-2,6.643119268E-4,1.640927861E-3,9.998381138E-1,1.779480541E2,1.893695981E-1,-7.274532015E-2,1.779479307E2
1.281020213E2,1.790559725E-2,6.626236136E-4,1.642175484E-3,9.998381138E-1,1.779480600E2,1.895090740E-1,-7.254933470E-2,1.779479368E2
1.281070213E2,1.789883765E-2,6.675526965E-4,1.641288400E-3,9.998382330E-1,1.779488348E2,1.894170588E-1,-7.311717562E-2,1.779487107E2
1.281120213E2,1.790578137E-2,6.624874077E-4,1.640221686E-3,9.998381138E-1,1.779480389E2,1.892849545E-1,-7.253770342E-2,1.779479159E2
1.281170213E2,1.791257102E-2,6.584417424E-4,1.640383271E-3,9.998379946E-1,1.779472608E2,1.892956546E-1,-7.207256219E-2,1.779471385E2
1.281220213E2,1.790254396E-2,6.657566992E-4,1.637901412E-3,9.998381734E-1,1.779484100E2,1.890255860E-1,-7.291764932E-2,1.779482865E2
1.281270213E2,1.789537407E-2,6.717467331E-4,1.641035196E-3,9.998382926E-1,1.779492317E2,1.893963972E-1,-7.359887470E-2,1.779491068E2
1.281320213E2,1.790193124E-2,6.665142719E-4,1.644277945E-3,9.998381734E-1,1.779484802E2,1.897576768E-1,-7.299148089E-2,1.779483561E2
1.281370213E2,1.789172883E-2,6.721943500E-4,1.644280273E-3,9.998383522E-1,1.779496495E2,1.897688464E-1,-7.364419645E-2,1.779495243E2
1.281420213E2,1.789878890E-2,6.687461282E-4,1.641334151E-3,9.998382330E-1,1.779488403E2,1.894247453E-1,-7.325382613E-2,1.779487160E2
1.281470213E2,1.789525049E-2,6.716589560E-4,1.642418210E-3,9.998382926E-1,1.779492459E2,1.895546648E-1,-7.358600497E-2,1.779491209E2
1.281520213E2,1.789179642E-2,6.732236943E-4,1.643123222E-3,9.998383522E-1,1.779496418E2,1.896383948E-1,-7.376449115E-2,1.779495164E2
1.281570213E2,1.789214798E-2,6.725929561E-4,1.639549504E-3,9.998383522E-1,1.779496015E2,1.892276742E-1,-7.369948647E-2,1.779494765E2
1.281620213E2,1.788154637E-2,6.801869022E-4,1.643027179E-3,9.998385310E-1,1.779508165E2,1.896409054E-1,-7.456442838E-2,1.779506899E2
1.281670213E2,1.787791604E-2,6.823863951E-4,1.645348035E-3,9.998385906E-1,1.779512326E2,1.899110500E-1,-7.481236474E-2,1.779511053E2
1.281720213E2,1.788866105E-2,6.745264982E-4,1.640455099E-3,9.998384118E-1,1.779500011E2,1.893351385E-1,-7.391982179E-2,1.779498757E2
1.281770213E2,1.789211136E-2,6.736824871E-4,1.639501774E-3,9.998383522E-1,1.779496057E2,1.892244371E-1,-7.382442218E-2,1.779494805E2
1.281820213E2,1.788865257E-2,6.766120787E-4,1.639688504E-3,9.998384118E-1,1.779500021E2,1.892515825E-1,-7.416034632E-2,1.779498764E2
1.281870213E2,1.789541561E-2,6.697890349E-4,1.641382347E-3,9.998382926E-1,1.779492270E2,1.894321592E-1,-7.337385540E-2,1.779491024E2
1.281920213E2,1.790878621E-2,6.610396085E-4,1.644328586E-3,9.998380542E-1,1.779476946E2,1.897527422E-1,-7.236282713E-2,1.779475715E2
1.281970213E2,1.789804630E-2,6.680035731E-4,1.649713027E-3,9.998382330E-1,1.779489255E2,1.903831643E-1,-7.315170415E-2,1.779488007E2
1.282020213E2,1.789816701E-2,6.683575339E-4,1.648259466E-3,9.998382330E-1,1.779489116E2,1.902173597E-1,-7.319521695E-2,1.779487869E2
1.282070213E2,1.790536966E-2,6.641846267E-4,1.644025324E-3,9.998381138E-1,1.779480861E2,1.897242033E-1,-7.272443212E-2,1.779479625E2
1.282120213E2,1.789853114E-2,6.687120185E-4,1.644156524E-3,9.998382330E-1,1.779488699E2,1.897480254E-1,-7.324417781E-2,1.779487454E2
1.282170213E2,1.790805337E-2,6.610079436E-4,1.652303268E-3,9.998380542E-1,1.779477785E2,1.906663107E-1,-7.234297231E-2,1.779476549E2
1.282220213E2,1.791202955E-2,6.578863249E-4,1.646507299E-3,9.998379946E-1,1.779473228E2,1.899961260E-1,-7.199645809E-2,1.779472002E2
1.282270213E2,1.789899001E-2,6.675419281E-4,1.639630296E-3,9.998382330E-1,1.779488173E2,1.892270733E-1,-7.311931408E-2,1.779486933E2
1.282320213E2,1.790895182E-2,6.600104971E-4,1.642937656E-3,9.998380542E-1,1.779476756E2,1.895912783E-1,-7.224774193E-2,1.779475528E2
1.282370213E2,1.792206034E-2,6.516713765E-4,1.648408594E-3,9.998378158E-1,1.779461732E2,1.902019201E-1,-7.127858164E-2,1.779460517E2
1.282420213E2,1.791544309E-2,6.572872517E-4,1.645802404E-3,9.998379350E-1,1.779469316E2,1.899143795E-1,-7.192861900E-2,1.779468092E2
1.282470213E2,1.791530044E-2,6.565802032E-4,1.647636411E-3,9.998379350E-1,1.779469480E2,1.901230459E-1,-7.184387207E-2,1.779468255E2
1.282520213E2,1.792548894E-2,6.479563890E-4,1.648745500E-3,9.998377562E-1,1.779457803E2,1.902331326E-1,-7.085160003E-2,1.779456594E2
1.282570213E2,1.792172721E-2,6.512803375E-4,1.652180683E-3,9.998378158E-1,1.779462114E2,1.906332741E-1,-7.122609536E-2,1.779460897E2
1.282620213E2,1.791172961E-2,6.598944310E-4,1.648964826E-3,9.998379946E-1,1.779473572E2,1.902817941E-1,-7.222154543E-2,1.779472340E2
1.282670213E2,1.791949448E-2,6.530975224E-4,1.639562310E-3,9.998378754E-1,1.779464673E2,1.891911175E-1,-7.146063386E-2,1.779463461E2
1.282720213E2,1.792584391E-2,6.491685635E-4,1.644403674E-3,9.998377562E-1,1.779457396E2,1.897381906E-1,-7.099933428E-2,1.779456188E2
1.282770213E2,1.791913506E-2,6.548727397E-4,1.642779214E-3,9.998378754E-1,1.779465085E2,1.895633093E-1,-7.165748793E-2,1.779463867E2
1.282820213E2,1.792299625E-2,6.518376758E-4,1.638134941E-3,9.998378158E-1,1.779460659E2,1.890252414E-1,-7.131855856E-2,1.779459451E2
1.282870213E2,1.792293012E-2,6.517476286E-4,1.638894202E-3,9.998378158E-1,1.779460735E2,1.891120428E-1,-7.130669460E-2,1.779459526E2
1.282920213E2,1.791263059E-2,6.575793377E-4,1.640078612E-3,9.998379946E-1,1.779472539E2,1.892589826E-1,-7.197436798E-2,1.779471319E2
1.282970213E2,1.790976362E-2,6.601194618E-4,1.634020358E-3,9.998380542E-1,1.779475825E2,1.885698755E-1,-7.227837457E-2,1.779474604E2
1.283020213E2,1.791305213E-2,6.586259697E-4,1.635046909E-3,9.998379946E-1,1.779472056E2,1.886846624E-1,-7.210453312E-2,1.779470837E2
1.283070213E2,1.791685273E-2,6.562069175E-4,1.630819985E-3,9.998379350E-1,1.779467700E2,1.881956760E-1,-7.183533666E-2,1.779466489E2
1.283120213E2,1.791010710E-2,6.599198678E-4,1.630332088E-3,9.998380542E-1,1.779475432E2,1.881469130E-1,-7.226301177E-2,1.779474213E2
1.283170213E2,1.790694687E-2,6.628019619E-4,1.627320074E-3,9.998381138E-1,1.779479054E2,1.878075030E-1,-7.259999775E-2,1.779477832E2
1.283220213E2,1.790338071E-2,6.645206595E-4,1.629234408E-3,9.998381734E-1,1.779483141E2,1.880301025E-1,-7.279365640E-2,1.779481915E2
1.283270213E2,1.790658197E-2,6.618303014E-4,1.631724881E-3,9.998381138E-1,1.779479472E2,1.883101561E-1,-7.247970122E-2,1.779478249E2
1.283320213E2,1.790338443E-2,6.646527909E-4,1.629139646E-3,9.998381734E-1,1.779483137E2,1.880195167E-1,-7.280898882E-2,1.779481910E2
1.283370213E2,1.788981346E-2,6.744448328E-4,1.627873397E-3,9.998384118E-1,1.779498690E2,1.878935274E-1,-7.393604129E-2,1.779497446E2
1.283420213E2,1.790659797E-2,6.638109335E-4,1.630744431E-3,9.998381138E-1,1.779479453E2,1.882018886E-1,-7.270863721E-2,1.779478228E2
1.283470213E2,1.790581495E-2,6.629051641E-4,1.639686292E-3,9.998381138E-1,1.779480351E2,1.892244723E-1,-7.258665931E-2,1.779479120E2
1.283520213E2,1.788535135E-2,6.780115073E-4,1.638777205E-3,9.998384714E-1,1.779503804E2,1.891497956E-1,-7.432317588E-2,1.779502545E2
1.283570213E2,1.789298917E-2,6.714723422E-4,1.630805549E-3,9.998383522E-1,1.779495051E2,1.882236131E-1,-7.358886468E-2,1.779493810E2
1.283620213E2,1.791994207E-2,6.544946227E-4,1.634104061E-3,9.998378754E-1,1.779464160E2,1.885686489E-1,-7.163182821E-2,1.779462949E2
1.283670213E2,1.790238531E-2,6.648786948E-4,1.639990835E-3,9.998381734E-1,1.779484282E2,1.892631651E-1,-7.281279704E-2,1.779483047E2
1.283720213E2,1.789620775E-2,6.699900841E-4,1.632640371E-3,9.998382926E-1,1.779491362E2,1.884310316E-1,-7.341466890E-2,1.779490123E2
1.283770213E2,1.791703948E-2,6.551322294E-4,1.629199600E-3,9.998379350E-1,1.779467486E2,1.880078296E-1,-7.171549833E-2,1.779466278E2
1.283820213E2,1.791348969E-2,6.583062350E-4,1.630375162E-3,9.998379946E-1,1.779471555E2,1.881487796E-1,-7.207740801E-2,1.779470340E2
1.283870213E2,1.790314063E-2,6.663240492E-4,1.631134888E-3,9.998381734E-1,1.779483416E2,1.882515299E-1,-7.299642226E-2,1.779482185E2
1.283920213E2,1.791721031E-2,6.558449822E-4,1.627032645E-3,9.998379350E-1,1.779467291E2,1.877610302E-1,-7.180157783E-2,1.779466083E2
1.283970213E2,1.790714730E-2,6.615357706E-4,1.625628909E-3,9.998381138E-1,1.779478824E2,1.876111563E-1,-7.245835920E-2,1.779477606E2
1.284020213E2,1.789317042E-2,6.723179249E-4,1.628466765E-3,9.998383522E-1,1.779494843E2,1.879573981E-1,-7.369050732E-2,1.779493602E2
1.284070213E2,1.790016918E-2,6.684394320E-4,1.626337995E-3,9.998382330E-1,1.779486822E2,1.877060564E-1,-7.324918765E-2,1.779485590E2
1.284120213E2,1.789344652E-2,6.714626797E-4,1.625783741E-3,9.998383522E-1,1.779494526E2,1.876482612E-1,-7.359796906E-2,1.779493289E2
1.284170213E2,1.789332419E-2,6.719132070E-4,1.626943587E-3,9.998383522E-1,1.779494667E2,1.877820637E-1,-7.364723200E-2,1.779493428E2
1.284220213E2,1.790312978E-2,6.663128152E-4,1.631258638E-3,9.998381734E-1,1.779483428E2,1.882656845E-1,-7.299488329E-2,1.779482197E2
1.284270213E2,1.788975898E-2,6.743177073E-4,1.628524624E-3,9.998384118E-1,1.779498753E2,1.879678760E-1,-7.392015125E-2,1.779497508E2
1.284320213E2,1.789011826E-2,6.753892521E-4,1.624127850E-3,9.998384118E-1,1.779498341E2,1.874663462E-1,-7.405186810E-2,1.779497098E2
1.284370213E2,1.790390812E-2,6.639693747E-4,1.623653923E-3,9.998381734E-1,1.779482536E2,1.873896345E-1,-7.274184466E-2,1.779481315E2
1.284420213E2,1.789643563E-2,6.709636655E-4,1.629740116E-3,9.998382926E-1,1.779491101E2,1.881007531E-1,-7.353212032E-2,1.779489862E2
1.284470213E2,1.787954529E-2,6.811447092E-4,1.628067927E-3,9.998385906E-1,1.779510459E2,1.879287855E-1,-7.470519798E-2,1.779509201E2
1.284520213E2,1.790385587E-2,6.648140843E-4,1.623884425E-3,9.998381734E-1,1.779482596E2,1.874177734E-1,-7.283816248E-2,1.779481373E2
1.284570213E2,1.791011971E-2,6.598584587E-4,1.630218350E-3,9.998380542E-1,1.779475417E2,1.881337566E-1,-7.225620701E-2,1.779474199E2
1.284620213E2,1.789219186E-2,6.733643240E-4,1.638753805E-3,9.998383522E-1,1.779495964E2,1.891380933E-1,-7.378948768E-2,1.779494714E2
1.284670213E2,1.789591042E-2,6.696513738E-4,1.636035042E-3,9.998382926E-1,1.779491702E2,1.888192541E-1,-7.336895590E-2,1.779490461E2
1.284720213E2,1.791289059E-2,6.583018694E-4,1.636946108E-3,9.998379946E-1,1.779472242E2,1.889015831E-1,-7.206353179E-2,1.779471022E2
1.284770213E2,1.789889192E-2,6.683410611E-4,1.640375471E-3,9.998382330E-1,1.779488285E2,1.893140826E-1,-7.320936327E-2,1.779487044E2
1.284820213E2,1.789857823E-2,6.677343627E-4,1.644041156E-3,9.998382330E-1,1.779488645E2,1.897328052E-1,-7.313239248E-2,1.779487402E2
1.284870213E2,1.790559516E-2,6.628777483E-4,1.642095740E-3,9.998381138E-1,1.779480603E2,1.895004588E-1,-7.257861571E-2,1.779479370E2
1.284920213E2,1.789538200E-2,6.707796128E-4,1.641344279E-3,9.998382926E-1,1.779492308E2,1.894298269E-1,-7.348743339E-2,1.779491061E2
1.284970213E2,1.789176600E-2,6.731849280E-4,1.643470372E-3,9.998383522E-1,1.779496452E2,1.896780873E-1,-7.375934356E-2,1.779495199E2
1.285020213E2,1.790603942E-2,6.627711700E-4,1.637287322E-3,9.998381138E-1,1.779480094E2,1.889493554E-1,-7.257618742E-2,1.779478865E2
1.285070213E2,1.789299742E-2,6.728019798E-4,1.630166895E-3,9.998383522E-1,1.779495041E2,1.881531677E-1,-7.374251337E-2,1.779493798E2
1.285120213E2,1.788633213E-2,6.764435093E-4,1.628689701E-3,9.998384714E-1,1.779502680E2,1.879908940E-1,-7.416401683E-2,1.779501432E2
1.285170213E2,1.790301474E-2,6.657419144E-4,1.632753527E-3,9.998381734E-1,1.779483560E2,1.884357792E-1,-7.292642810E-2,1.779482329E2
1.285220213E2,1.788915943E-2,6.759111420E-4,1.634439453E-3,9.998384118E-1,1.779499440E2,1.886487811E-1,-7.409070286E-2,1.779498188E2
1.285270213E2,1.788653503E-2,6.769833853E-4,1.626235317E-3,9.998384714E-1,1.779502448E2,1.877108085E-1,-7.423086489E-2,1.779501200E2
1.285320213E2,1.789336398E-2,6.713357870E-4,1.626744284E-3,9.998383522E-1,1.779494621E2,1.877580476E-1,-7.358147642E-2,1.779493384E2
1.285370213E2,1.789936858E-2,6.682752282E-4,1.635192893E-3,9.998382330E-1,1.779487739E2,1.887201969E-1,-7.321236107E-2,1.779486501E2
1.285420213E2,1.790014822E-2,6.684508990E-4,1.626563957E-3,9.998382330E-1,1.779486846E2,1.877319676E-1,-7.325004186E-2,1.779485614E2
1.285470213E2,1.790427269E-2,6.636155304E-4,1.619773800E-3,9.998381734E-1,1.779482118E2,1.869443760E-1,-7.270919656E-2,1.779480901E2
1.285520213E2,1.789991343E-2,6.669528084E-4,1.629759674E-3,9.998382330E-1,1.779487115E2,1.880950212E-1,-7.307188973E-2,1.779485883E2
1.285570213E2,1.789564538E-2,6.704292609E-4,1.638613525E-3,9.998382926E-1,1.779492006E2,1.891162558E-1,-7.345284288E-2,1.779490762E2
1.285620213E2,1.790662416E-2,6.633030716E-4,1.630663523E-3,9.998381138E-1,1.779479423E2,1.881915783E-1,-7.265061103E-2,1.779478199E2
1.285670213E2,1.790672394E-2,6.623515510E-4,1.629954437E-3,9.998381138E-1,1.779479309E2,1.881083903E-1,-7.254302874E-2,1.779478087E2
1.285720213E2,1.790282950E-2,6.646696129E-4,1.635219669E-3,9.998381734E-1,1.779483773E2,1.887161198E-1,-7.279854651E-2,1.779482542E2
1.285770213E2,1.789934555E-2,6.684115506E-4,1.635389286E-3,9.998382330E-1,1.779487765E2,1.887429762E-1,-7.322758144E-2,1.779486527E2
1.285820213E2,1.789635982E-2,6.696532364E-4,1.631111023E-3,9.998382926E-1,1.779491187E2,1.882551292E-1,-7.337918310E-2,1.779489950E2
1.285870213E2,1.789916058E-2,6.679306971E-4,1.637608744E-3,9.998382330E-1,1.779487977E2,1.889962671E-1,-7.316797090E-2,1.779486739E2
1.285920213E2,1.789850517E-2,6.683602696E-4,1.644582138E-3,9.998382330E-1,1.779488729E2,1.897960660E-1,-7.320300879E-2,1.779487484E2
1.285970213E2,1.789552810E-2,6.699740188E-4,1.640079892E-3,9.998382926E-1,1.779492141E2,1.892833202E-1,-7.339769934E-2,1.779490896E2
1.286020213E2,1.789899376E-2,6.692034658E-4,1.638911897E-3,9.998382330E-1,1.779488169E2,1.891481727E-1,-7.331115442E-2,1.779486926E2
1.286070213E2,1.790228387E-2,6.664206740E-4,1.640472212E-3,9.998381734E-1,1.779484398E2,1.893214747E-1,-7.298849792E-2,1.779483160E2
1.286120213E2,1.789903428E-2,6.680553197E-4,1.638937858E-3,9.998382330E-1,1.779488122E2,1.891487947E-1,-7.317954688E-2,1.779486882E2
1.286170213E2,1.789253370E-2,6.735149655E-4,1.634955290E-3,9.998383522E-1,1.779495573E2,1.887032185E-1,-7.381447118E-2,1.779494325E2
1.286220213E2,1.789930890E-2,6.690581213E-4,1.635526074E-3,9.998382330E-1,1.779487807E2,1.887599722E-1,-7.330138736E-2,1.779486568E2
1.286270213E2,1.790591263E-2,6.642965018E-4,1.638055663E-3,9.998381138E-1,1.779480239E2,1.890405080E-1,-7.274939667E-2,1.779479007E2
1.286320213E2,1.789907646E-2,6.682805251E-4,1.638385234E-3,9.998382330E-1,1.779488074E2,1.890859438E-1,-7.320647493E-2,1.779486834E2
1.286370213E2,1.789925735E-2,6.692098686E-4,1.636028057E-3,9.998382330E-1,1.779487867E2,1.888177937E-1,-7.331775357E-2,1.779486626E2
1.286420213E2,1.791607602E-2,6.563936477E-4,1.639256137E-3,9.998379350E-1,1.779468591E2,1.891625622E-1,-7.183955637E-2,1.779467373E2
1.286470213E2,1.790857662E-2,6.613611476E-4,1.646480523E-3,9.998380542E-1,1.779477186E2,1.899999418E-1,-7.239529020E-2,1.779475953E2
1.286520213E2,1.789545746E-2,6.710501038E-4,1.640410745E-3,9.998382926E-1,1.779492222E2,1.893234290E-1,-7.352032457E-2,1.779490975E2
1.286570213E2,1.789933214E-2,6.680630031E-4,1.635678462E-3,9.998382330E-1,1.779487781E2,1.887753920E-1,-7.318705665E-2,1.779486543E2
1.286620213E2,1.791318166E-2,6.589386612E-4,1.633501146E-3,9.998379946E-1,1.779471908E2,1.885082105E-1,-7.214350787E-2,1.779470689E2
1.286670213E2,1.790230122E-2,6.664969260E-4,1.640251838E-3,9.998381734E-1,1.779484378E2,1.892963834E-1,-7.299768318E-2,1.779483140E2
1.286720213E2,1.789546215E-2,6.697776844E-4,1.640879549E-3,9.998382926E-1,1.779492216E2,1.893745321E-1,-7.337357725E-2,1.779490971E2
1.286770213E2,1.790629304E-2,6.638432969E-4,1.634076121E-3,9.998381138E-1,1.779479803E2,1.885836559E-1,-7.270556584E-2,1.779478575E2
1.286820213E2,1.790261136E-2,6.654523895E-4,1.637288253E-3,9.998381734E-1,1.779484023E2,1.889547147E-1,-7.288402886E-2,1.779482789E2
1.286870213E2,1.789881093E-2,6.674358738E-4,1.641627168E-3,9.998382330E-1,1.779488378E2,1.894556311E-1,-7.310310106E-2,1.779487137E2
1.286920213E2,1.790609394E-2,6.633473095E-4,1.636457630E-3,9.998381138E-1,1.779480031E2,1.888554811E-1,-7.264388971E-2,1.779478802E2
1.286970213E2,1.790334145E-2,6.651903386E-4,1.629392500E-3,9.998381734E-1,1.779483186E2,1.880495869E-1,-7.287006661E-2,1.779481958E2
1.287020213E2,1.789960649E-2,6.690205773E-4,1.632281346E-3,9.998382330E-1,1.779487466E2,1.883881575E-1,-7.330368547E-2,1.779486229E2
1.287070213E2,1.790326271E-2,6.658547209E-4,1.629986218E-3,9.998381734E-1,1.779483276E2,1.881189687E-1,-7.294498360E-2,1.779482047E2
1.287120213E2,1.790712416E-2,6.631427677E-4,1.625229022E-3,9.998381138E-1,1.779478850E2,1.875686364E-1,-7.264330272E-2,1.779477630E2
1.287170213E2,1.789988680E-2,6.670882576E-4,1.629996696E-3,9.998382330E-1,1.779487145E2,1.881224535E-1,-7.308692737E-2,1.779485913E2
1.287220213E2,1.790277120E-2,6.649581483E-4,1.635740628E-3,9.998381734E-1,1.779483839E2,1.887763955E-1,-7.283054708E-2,1.779482608E2
1.287270213E2,1.790263735E-2,6.659165374E-4,1.636815257E-3,9.998381734E-1,1.779483993E2,1.889014763E-1,-7.293817320E-2,1.779482758E2
1.287320213E2,1.790255000E-2,6.652806769E-4,1.638028771E-3,9.998381734E-1,1.779484093E2,1.890392016E-1,-7.286284757E-2,1.779482859E2
1.287370213E2,1.790618796E-2,6.629734416E-4,1.635580091E-3,9.998381138E-1,1.779479923E2,1.887541780E-1,-7.260283751E-2,1.779478696E2
1.287420213E2,1.790571242E-2,6.631039432E-4,1.640725182E-3,9.998381138E-1,1.779480468E2,1.893439020E-1,-7.260732168E-2,1.779479237E2
1.287470213E2,1.789882961E-2,6.693580071E-4,1.640640665E-3,9.998382330E-1,1.779488357E2,1.893465485E-1,-7.332534573E-2,1.779487113E2
1.287520213E2,1.789623216E-2,6.705125561E-4,1.632158295E-3,9.998382926E-1,1.779491334E2,1.883768719E-1,-7.347551420E-2,1.779490094E2
1.287570213E2,1.789608688E-2,6.692401948E-4,1.634272048E-3,9.998382926E-1,1.779491500E2,1.886164314E-1,-7.332542821E-2,1.779490261E2
1.287620213E2,1.789831920E-2,6.676358753E-4,1.646898687E-3,9.998382330E-1,1.779488942E2,1.900599813E-1,-7.311529648E-2,1.779487697E2
1.287670213E2,1.790246858E-2,6.650445284E-4,1.639014226E-3,9.998381734E-1,1.779484186E2,1.891516181E-1,-7.283378495E-2,1.779482952E2
1.287720213E2,1.790303411E-2,6.643817760E-4,1.633095206E-3,9.998381734E-1,1.779483538E2,1.884721370E-1,-7.276988822E-2,1.779482309E2
1.287770213E2,1.791555332E-2,6.562004564E-4,1.645036042E-3,9.998379350E-1,1.779469190E2,1.898243512E-1,-7.180565406E-2,1.779467968E2
1.287820213E2,1.791178128E-2,6.594010629E-4,1.648600912E-3,9.998379946E-1,1.779473513E2,1.902390901E-1,-7.216575591E-2,1.779472282E2
1.287870213E2,1.789979264E-2,6.672035088E-4,1.630983199E-3,9.998382330E-1,1.779487253E2,1.882357102E-1,-7.309812616E-2,1.779486020E2
1.287920213E2,1.790630661E-2,6.621074281E-4,1.634631655E-3,9.998381138E-1,1.779479787E2,1.886437439E-1,-7.250553952E-2,1.779478562E2
1.287970213E2,1.791574443E-2,6.572076818E-4,1.642550691E-3,9.998379350E-1,1.779468971E2,1.895416781E-1,-7.192612135E-2,1.779467749E2
1.288020213E2,1.790264435E-2,6.647443515E-4,1.637215144E-3,9.998381734E-1,1.779483985E2,1.889448880E-1,-7.280305054E-2,1.779482752E2
1.288070213E2,1.791276079E-2,6.582125206E-4,1.638401765E-3,9.998379946E-1,1.779472390E2,1.890681699E-1,-7.205033122E-2,1.779471169E2
1.288120213E2,1.791888928E-2,6.547191879E-4,1.645519049E-3,9.998378754E-1,1.779465366E2,1.898768884E-1,-7.163431545E-2,1.779464147E2
1.288170213E2,1.790455725E-2,6.630008575E-4,1.653324813E-3,9.998381138E-1,1.779481792E2,1.907871892E-1,-7.256987719E-2,1.779480552E2
1.288220213E2,1.790815739E-2,6.621917710E-4,1.650701161E-3,9.998380542E-1,1.779477666E2,1.904851891E-1,-7.248187511E-2,1.779476429E2
1.288270213E2,1.791506058E-2,6.567891105E-4,1.650159247E-3,9.998379350E-1,1.779469754E2,1.904125075E-1,-7.186267334E-2,1.779468528E2
1.288320213E2,1.790749679E-2,6.615814636E-4,1.658095862E-3,9.998380542E-1,1.779478423E2,1.913311247E-1,-7.239690097E-2,1.779477182E2
1.288370213E2,1.791116269E-2,6.603455404E-4,1.654931461E-3,9.998379946E-1,1.779474222E2,1.909662968E-1,-7.226109121E-2,1.779472985E2
1.288420213E2,1.792535986E-2,6.490829401E-4,1.649705577E-3,9.998377562E-1,1.779457950E2,1.903454372E-1,-7.097872473E-2,1.779456739E2
1.288470213E2,1.791172992E-2,6.588551332E-4,1.649376936E-3,9.998379946E-1,1.779473572E2,1.903268774E-1,-7.210162395E-2,1.779472342E2
1.288520213E2,1.790817215E-2,6.614040467E-4,1.650856808E-3,9.998380542E-1,1.779477649E2,1.905014064E-1,-7.239130090E-2,1.779476413E2
1.288570213E2,1.791867601E-2,6.539056776E-4,1.648162841E-3,9.998378754E-1,1.779465611E2,1.901781106E-1,-7.153572071E-2,1.779464391E2
1.288620213E2,1.790557038E-2,6.633874145E-4,1.642160118E-3,9.998381138E-1,1.779480631E2,1.895088789E-1,-7.263688233E-2,1.779479398E2
1.288670213E2,1.789560838E-2,6.695174379E-4,1.639390248E-3,9.998382926E-1,1.779492049E2,1.892033747E-1,-7.334678660E-2,1.779490805E2
1.288720213E2,1.791224730E-2,6.595816812E-4,1.643457334E-3,9.998379946E-1,1.779472979E2,1.896501773E-1,-7.219691955E-2,1.779471752E2
1.288770213E2,1.790223426E-2,6.654054741E-4,1.641425421E-3,9.998381734E-1,1.779484455E2,1.894286004E-1,-7.287023719E-2,1.779483218E2
1.288820213E2,1.788560114E-2,6.771248882E-4,1.636415836E-3,9.998384714E-1,1.779503518E2,1.888774466E-1,-7.422638595E-2,1.779502262E2
1.288870213E2,1.789939163E-2,6.679641083E-4,1.635067747E-3,9.998382330E-1,1.779487713E2,1.887052218E-1,-7.317696746E-2,1.779486476E2
1.288920213E2,1.790601480E-2,6.634106394E-4,1.637297682E-3,9.998381138E-1,1.779480122E2,1.889518530E-1,-7.264943677E-2,1.779478892E2
1.288970213E2,1.788231443E-2,6.793459179E-4,1.634996268E-3,9.998385310E-1,1.779507285E2,1.887191098E-1,-7.448438621E-2,1.779506026E2
1.289020213E2,1.788566815E-2,6.786947488E-4,1.635032590E-3,9.998384714E-1,1.779503441E2,1.887221863E-1,-7.440907229E-2,1.779502184E2
1.289070213E2,1.789884803E-2,6.673288299E-4,1.641266164E-3,9.998382330E-1,1.779488336E2,1.894140527E-1,-7.309157017E-2,1.779487095E2
1.289120213E2,1.789254537E-2,6.725755520E-4,1.635214197E-3,9.998383522E-1,1.779495559E2,1.887309568E-1,-7.370630660E-2,1.779494313E2
1.289170213E2,1.788973667E-2,6.744564162E-4,1.628712285E-3,9.998384118E-1,1.779498778E2,1.879896598E-1,-7.393566302E-2,1.779497533E2
1.289220213E2,1.790324172E-2,6.653696182E-4,1.630414859E-3,9.998381734E-1,1.779483300E2,1.881670827E-1,-7.288852842E-2,1.779482071E2
1.289270213E2,1.790614619E-2,6.632895092E-4,1.635909197E-3,9.998381138E-1,1.779479971E2,1.887925305E-1,-7.263838289E-2,1.779478743E2
1.289320213E2,1.789254410E-2,6.739094388E-4,1.634678803E-3,9.998383522E-1,1.779495561E2,1.886723502E-1,-7.386023216E-2,1.779494312E2
1.289370213E2,1.788925574E-2,6.751222536E-4,1.633711159E-3,9.998384118E-1,1.779499329E2,1.885637276E-1,-7.400179237E-2,1.779498080E2
1.289420213E2,1.788909356E-2,6.753387279E-4,1.635396737E-3,9.998384118E-1,1.779499515E2,1.887572819E-1,-7.402316954E-2,1.779498264E2
1.289470213E2,1.788217318E-2,6.790850894E-4,1.636648667E-3,9.998385310E-1,1.779507447E2,1.889078858E-1,-7.445114271E-2,1.779506187E2
1.289520213E2,1.787604283E-2,6.840984570E-4,1.628685044E-3,9.998386502E-1,1.779514473E2,1.880052808E-1,-7.504301217E-2,1.779513210E2
1.289570213E2,1.788690223E-2,6.766817532E-4,1.622317359E-3,9.998384714E-1,1.779502027E2,1.872613235E-1,-7.420426812E-2,1.779500782E2
1.289620213E2,1.789333243E-2,6.729615852E-4,1.626419486E-3,9.998383522E-1,1.779494657E2,1.877241662E-1,-7.376842106E-2,1.779493417E2
1.289670213E2,1.788240193E-2,6.812585634E-4,1.633242471E-3,9.998385310E-1,1.779507185E2,1.885220978E-1,-7.470710148E-2,1.779505923E2
1.289720213E2,1.788220171E-2,6.810214836E-4,1.635532011E-3,9.998385310E-1,1.779507414E2,1.887839175E-1,-7.467528436E-2,1.779506152E2
1.289770213E2,1.788893985E-2,6.765066064E-4,1.636595000E-3,9.998384118E-1,1.779499691E2,1.888969541E-1,-7.415454950E-2,1.779498437E2
1.289820213E2,1.788172847E-2,6.801911513E-4,1.641042414E-3,9.998385310E-1,1.779507956E2,1.894135263E-1,-7.456894791E-2,1.779506691E2
1.289870213E2,1.787151991E-2,6.866402691E-4,1.640617033E-3,9.998387098E-1,1.779519656E2,1.893772372E-1,-7.531064862E-2,1.779518379E2
1.289920213E2,1.787818703E-2,6.840340793E-4,1.641715295E-3,9.998385906E-1,1.779512015E2,1.894982309E-1,-7.500853641E-2,1.779510742E2
1.289970213E2,1.788181649E-2,6.808795151E-4,1.639797352E-3,9.998385310E-1,1.779507856E2,1.892722926E-1,-7.465035064E-2,1.779506590E2
1.290020213E2,1.787164443E-2,6.877052947E-4,1.638813526E-3,9.998387098E-1,1.779519514E2,1.891727941E-1,-7.543634204E-2,1.779518236E2
1.290070213E2,1.787168817E-2,6.872725789E-4,1.638518064E-3,9.998387098E-1,1.779519464E2,1.891380590E-1,-7.538736130E-2,1.779518187E2
1.290120213E2,1.787216187E-2,6.865741452E-4,1.633636770E-3,9.998387098E-1,1.779518921E2,1.885773971E-1,-7.531724748E-2,1.779517649E2
1.290170213E2,1.787590117E-2,6.838722038E-4,1.630334067E-3,9.998386502E-1,1.779514635E2,1.881937409E-1,-7.501373816E-2,1.779513371E2
1.290220213E2,1.787564877E-2,6.852816441E-4,1.632508240E-3,9.998386502E-1,1.779514924E2,1.884457121E-1,-7.517081578E-2,1.779513656E2
1.290270213E2,1.788624812E-2,6.768508465E-4,1.629442908E-3,9.998384714E-1,1.779502776E2,1.880780203E-1,-7.420915863E-2,1.779501527E2
1.290320213E2,1.787249717E-2,6.873877719E-4,1.629621373E-3,9.998387098E-1,1.779518536E2,1.881190310E-1,-7.541862820E-2,1.779517266E2
1.290370213E2,1.786911104E-2,6.890683435E-4,1.629474922E-3,9.998387694E-1,1.779522417E2,1.881054381E-1,-7.561211354E-2,1.779521144E2
1.290420213E2,1.786882077E-2,6.888470962E-4,1.632748288E-3,9.998387694E-1,1.779522750E2,1.884800040E-1,-7.558011613E-2,1.779521475E2
1.290470213E2,1.786569077E-2,6.921190070E-4,1.629112521E-3,9.998388290E-1,1.779526337E2,1.880699046E-1,-7.596302307E-2,1.779525058E2
1.290520213E2,1.785583832E-2,6.997160963E-4,1.624132972E-3,9.998390079E-1,1.779537629E2,1.875141791E-1,-7.684548827E-2,1.779536340E2
1.290570213E2,1.786295601E-2,6.931091193E-4,1.622083597E-3,9.998388886E-1,1.779529471E2,1.872663954E-1,-7.609136649E-2,1.779528196E2
1.290620213E2,1.786966336E-2,6.904397742E-4,1.622823882E-3,9.998387694E-1,1.779521784E2,1.873462558E-1,-7.578275902E-2,1.779520513E2
1.290670213E2,1.785272814E-2,7.007251843E-4,1.621192321E-3,9.998390675E-1,1.779541194E2,1.871790841E-1,-7.696770226E-2,1.779539904E2
1.290720213E2,1.786378810E-2,6.930322270E-4,1.612927066E-3,9.998388886E-1,1.779528518E2,1.862172056E-1,-7.610114582E-2,1.779527250E2
1.290770213E2,1.787708086E-2,6.848322228E-4,1.616940834E-3,9.998386502E-1,1.779513283E2,1.866612872E-1,-7.515094708E-2,1.779512027E2
1.290820213E2,1.786327727E-2,6.948551745E-4,1.617792994E-3,9.998388886E-1,1.779529103E2,1.867784053E-1,-7.630014070E-2,1.779527828E2
1.290870213E2,1.786053770E-2,6.965705543E-4,1.610448817E-3,9.998389482E-1,1.779532243E2,1.859402596E-1,-7.651222098E-2,1.779530970E2
1.290920213E2,1.787106291E-2,6.883241003E-4,1.608245424E-3,9.998387694E-1,1.779520180E2,1.856717238E-1,-7.556995412E-2,1.779518924E2
1.290970213E2,1.786285689E-2,6.943852641E-4,1.622629235E-3,9.998388886E-1,1.779529585E2,1.873315163E-1,-7.623648002E-2,1.779528307E2
1.291020213E2,1.785624568E-2,6.998288445E-4,1.619599410E-3,9.998390079E-1,1.779537162E2,1.869950151E-1,-7.686760685E-2,1.779535876E2
1.291070213E2,1.787448796E-2,6.866084295E-4,1.607971382E-3,9.998387098E-1,1.779516255E2,1.856370700E-1,-7.537330967E-2,1.779515002E2
1.291120213E2,1.786733375E-2,6.919675507E-4,1.611058135E-3,9.998388290E-1,1.779524454E2,1.860011652E-1,-7.598232893E-2,1.779523189E2
1.291170213E2,1.784996103E-2,7.040235796E-4,1.613454195E-3,9.998391271E-1,1.779544365E2,1.862990346E-1,-7.736195691E-2,1.779543076E2
1.291220213E2,1.785288060E-2,7.015382289E-4,1.619160525E-3,9.998390675E-1,1.779541019E2,1.869479694E-1,-7.706498370E-2,1.779539730E2
1.291270213E2,1.786407542E-2,6.934862467E-4,1.609546249E-3,9.998388886E-1,1.779528189E2,1.858308050E-1,-7.616003200E-2,1.779526922E2
1.291320213E2,1.784055899E-2,7.094033645E-4,1.604251796E-3,9.998393059E-1,1.779555141E2,1.852549561E-1,-7.799890229E-2,1.779553848E2
1.291370213E2,1.784338653E-2,7.081126678E-4,1.610510983E-3,9.998392463E-1,1.779551900E2,1.859696742E-1,-7.783770016E-2,1.779550605E2
1.291420213E2,1.785081863E-2,7.025927189E-4,1.604565419E-3,9.998391271E-1,1.779543382E2,1.852777552E-1,-7.721604249E-2,1.779542102E2
1.291470213E2,1.785085268E-2,7.029987755E-4,1.604008605E-3,9.998391271E-1,1.779543343E2,1.852147924E-1,-7.726369845E-2,1.779542063E2
1.291520213E2,1.784965911E-2,7.028385880E-4,1.617306378E-3,9.998391271E-1,1.779544711E2,1.867379452E-1,-7.721836508E-2,1.779543421E2
1.291570213E2,1.784976080E-2,7.032911526E-4,1.615986810E-3,9.998391271E-1,1.779544594E2,1.865876914E-1,-7.727289710E-2,1.779543304E2
1.291620213E2,1.785032389E-2,7.025475497E-4,1.610079664E-3,9.998391271E-1,1.779543949E2,1.859094110E-1,-7.719967891E-2,1.779542665E2
1.291670213E2,1.785397783E-2,7.015020819E-4,1.607032376E-3,9.998390675E-1,1.779539761E2,1.855584154E-1,-7.708545183E-2,1.779538482E2
1.291720213E2,1.786370221E-2,6.938856095E-4,1.613511355E-3,9.998388886E-1,1.779528616E2,1.862858902E-1,-7.619774040E-2,1.779527346E2
1.291770213E2,1.785007834E-2,7.023825892E-4,1.612871420E-3,9.998391271E-1,1.779544231E2,1.862289159E-1,-7.717511370E-2,1.779542945E2
1.291820213E2,1.784434347E-2,7.078971830E-4,1.599968760E-3,9.998392463E-1,1.779550803E2,1.847614483E-1,-7.783439164E-2,1.779549517E2
1.291870213E2,1.786452409E-2,6.932777469E-4,1.604648773E-3,9.998388886E-1,1.779527674E2,1.852692913E-1,-7.614608650E-2,1.779526412E2
1.291920213E2,1.786028765E-2,6.963037304E-4,1.613334753E-3,9.998389482E-1,1.779532530E2,1.862703460E-1,-7.647578978E-2,1.779531255E2
1.291970213E2,1.785059736E-2,7.029391709E-4,1.606873586E-3,9.998391271E-1,1.779543636E2,1.855429017E-1,-7.725105588E-2,1.779542353E2
1.292020213E2,1.786421406E-2,6.935812999E-4,1.607965678E-3,9.998388886E-1,1.779528030E2,1.856499186E-1,-7.617413253E-2,1.779526764E2
1.292070213E2,1.786368935E-2,6.948605296E-4,1.613234170E-3,9.998388886E-1,1.779528631E2,1.862561273E-1,-7.631000990E-2,1.779527359E2
1.292120213E2,1.784968094E-2,7.025267696E-4,1.617200905E-3,9.998391271E-1,1.779544686E2,1.867252246E-1,-7.718285072E-2,1.779543397E2
1.292170213E2,1.785773469E-2,6.990911788E-4,1.603420009E-3,9.998390079E-1,1.779535456E2,1.851398889E-1,-7.681592245E-2,1.779534183E2
1.292220213E2,1.786807112E-2,6.907796487E-4,1.603371697E-3,9.998388290E-1,1.779523609E2,1.851181265E-1,-7.586182931E-2,1.779522352E2
1.292270213E2,1.785653313E-2,6.990169641E-4,1.616778434E-3,9.998390079E-1,1.779536833E2,1.866701664E-1,-7.678030606E-2,1.779535550E2
1.292320213E2,1.784944056E-2,7.036841125E-4,1.619349467E-3,9.998391271E-1,1.779544962E2,1.869737420E-1,-7.731110112E-2,1.779543668E2
1.292370213E2,1.785407786E-2,7.014463772E-4,1.605944941E-3,9.998390675E-1,1.779539647E2,1.854337178E-1,-7.708127596E-2,1.779538368E2
1.292420213E2,1.785447385E-2,7.008300745E-4,1.601806260E-3,9.998390675E-1,1.779539193E2,1.849583039E-1,-7.701905893E-2,1.779537918E2
1.292470213E2,1.784307556E-2,7.076976472E-4,1.614134642E-3,9.998392463E-1,1.779552256E2,1.863839768E-1,-7.778279811E-2,1.779550960E2
1.292520213E2,1.784307845E-2,7.096147747E-4,1.613260829E-3,9.998392463E-1,1.779552253E2,1.862877818E-1,-7.800423575E-2,1.779550953E2
1.292570213E2,1.785109293E-2,7.034455193E-4,1.601136522E-3,9.998391271E-1,1.779543068E2,1.848866604E-1,-7.732071426E-2,1.779541789E2
1.292620213E2,1.785731708E-2,6.994539872E-4,1.607906539E-3,9.998390079E-1,1.779535934E2,1.856546369E-1,-7.684838651E-2,1.779534658E2
1.292670213E2,1.784929925E-2,7.045499515E-4,1.620530151E-3,9.998391271E-1,1.779545123E2,1.871107775E-1,-7.740791436E-2,1.779543828E2
1.292720213E2,1.784712521E-2,7.054078160E-4,1.607272192E-3,9.998391867E-1,1.779547615E2,1.855933528E-1,-7.753372548E-2,1.779546328E2
1.292770213E2,1.785831703E-2,6.980292383E-4,1.597385621E-3,9.998390079E-1,1.779534788E2,1.844463791E-1,-7.670649437E-2,1.779533522E2
1.292820213E2,1.786669130E-2,6.915171398E-4,1.618359936E-3,9.998388290E-1,1.779525190E2,1.868367869E-1,-7.591589300E-2,1.779523921E2
1.292870213E2,1.785594520E-2,6.979304017E-4,1.623726217E-3,9.998390079E-1,1.779537507E2,1.874639295E-1,-7.664170788E-2,1.779536221E2
1.292920213E2,1.786079334E-2,6.962594343E-4,1.607745886E-3,9.998389482E-1,1.779531950E2,1.856299580E-1,-7.648205987E-2,1.779530680E2
1.292970213E2,1.788178532E-2,6.814802182E-4,1.603134908E-3,9.998385906E-1,1.779507891E2,1.850729784E-1,-7.479431073E-2,1.779506652E2
1.293020213E2,1.786724200E-2,6.906006602E-4,1.612661406E-3,9.998388290E-1,1.779524559E2,1.861820515E-1,-7.582245426E-2,1.779523296E2
1.293070213E2,1.785654861E-2,6.991819828E-4,1.616536058E-3,9.998390079E-1,1.779536815E2,1.866427354E-1,-7.679970587E-2,1.779535532E2
1.293120213E2,1.787157133E-2,6.886313204E-4,1.602453762E-3,9.998387694E-1,1.779519597E2,1.850088206E-1,-7.561692054E-2,1.779518345E2
1.293170213E2,1.787826198E-2,6.836746470E-4,1.604322460E-3,9.998386502E-1,1.779511929E2,1.852132733E-1,-7.504395237E-2,1.779510685E2
1.293220213E2,1.786002806E-2,6.973647396E-4,1.615748391E-3,9.998389482E-1,1.779532827E2,1.865490371E-1,-7.659246122E-2,1.779531549E2
1.293270213E2,1.785675026E-2,6.985418731E-4,1.614584122E-3,9.998390079E-1,1.779536584E2,1.864178007E-1,-7.673032321E-2,1.779535304E2
1.293320213E2,1.787869405E-2,6.839555572E-4,1.599380164E-3,9.998386502E-1,1.779511434E2,1.846476254E-1,-7.508618323E-2,1.779510193E2
1.293370213E2,1.786804125E-2,6.901915767E-4,1.603957731E-3,9.998388290E-1,1.779523643E2,1.851840639E-1,-7.579325759E-2,1.779522387E2
1.293420213E2,1.785695457E-2,6.980785402E-4,1.612523571E-3,9.998390079E-1,1.779536350E2,1.861807835E-1,-7.668141628E-2,1.779535072E2
1.293470213E2,1.787457990E-2,6.869707722E-4,1.606794191E-3,9.998387098E-1,1.779516149E2,1.855029443E-1,-7.541721870E-2,1.779514897E2
1.293520213E2,1.788545122E-2,6.790687912E-4,1.600435353E-3,9.998385310E-1,1.779503690E2,1.847590121E-1,-7.452288064E-2,1.779502457E2
1.293570213E2,1.787111546E-2,6.892938982E-4,1.607245766E-3,9.998387694E-1,1.779520120E2,1.855591798E-1,-7.568310444E-2,1.779518863E2
1.293620213E2,1.787050336E-2,6.881672307E-4,1.614517998E-3,9.998387694E-1,1.779520821E2,1.863900309E-1,-7.553923914E-2,1.779519561E2
1.293670213E2,1.787805807E-2,6.835336098E-4,1.606653212E-3,9.998386502E-1,1.779512163E2,1.854800113E-1,-7.502305582E-2,1.779510917E2
1.293720213E2,1.787219121E-2,6.885166513E-4,1.595574897E-3,9.998387694E-1,1.779518887E2,1.842204972E-1,-7.561775665E-2,1.779517640E2
1.293770213E2,1.786718288E-2,6.914918777E-4,1.612934517E-3,9.998388290E-1,1.779524627E2,1.862151633E-1,-7.592401564E-2,1.779523362E2
1.293820213E2,1.786677681E-2,6.906809867E-4,1.617772854E-3,9.998388290E-1,1.779525092E2,1.867678171E-1,-7.582127841E-2,1.779523825E2
1.293870213E2,1.787645393E-2,6.862388691E-4,1.586125465E-3,9.998387098E-1,1.779514002E2,1.831334986E-1,-7.537535691E-2,1.779512766E2
1.293920213E2,1.786533998E-2,6.925575435E-4,1.595852198E-3,9.998388886E-1,1.779526739E2,1.842600245E-1,-7.608142898E-2,1.779525485E2
1.293970213E2,1.785924946E-2,6.961820181E-4,1.624839031E-3,9.998389482E-1,1.779533720E2,1.875881030E-1,-7.643849300E-2,1.779532436E2
1.294020213E2,1.785447134E-2,7.001889171E-4,1.602114644E-3,9.998390675E-1,1.779539196E2,1.849923243E-1,-7.694496898E-2,1.779537922E2
1.294070213E2,1.785903033E-2,6.963752676E-4,1.590116299E-3,9.998390079E-1,1.779533971E2,1.836101767E-1,-7.653173970E-2,1.779532714E2
1.294120213E2,1.786392154E-2,6.940115127E-4,1.611027052E-3,9.998388886E-1,1.779528365E2,1.860015294E-1,-7.621721049E-2,1.779527096E2
1.294170213E2,1.785054970E-2,7.040057098E-4,1.606936101E-3,9.998391271E-1,1.779543690E2,1.855522426E-1,-7.737313359E-2,1.779542406E2
1.294220213E2,1.785752617E-2,6.987929228E-4,1.605870551E-3,9.998390079E-1,1.779535695E2,1.854200297E-1,-7.677677400E-2,1.779534421E2
1.294270213E2,1.786712942E-2,6.918899016E-4,1.613355940E-3,9.998388290E-1,1.779524688E2,1.862642582E-1,-7.596876557E-2,1.779523422E2
1.294320213E2,1.786443048E-2,6.929931114E-4,1.605813508E-3,9.998388886E-1,1.779527782E2,1.854021491E-1,-7.611110777E-2,1.779526519E2
1.294370213E2,1.786097868E-2,6.949358503E-4,1.606258797E-3,9.998389482E-1,1.779531738E2,1.854568816E-1,-7.633342212E-2,1.779530471E2
1.294420213E2,1.787599200E-2,6.836092216E-4,1.629448263E-3,9.998386502E-1,1.779514531E2,1.880917193E-1,-7.498540500E-2,1.779513268E2
1.294470213E2,1.787122170E-2,6.890361547E-4,1.606174628E-3,9.998387694E-1,1.779519998E2,1.854359360E-1,-7.565574796E-2,1.779518743E2
1.294520213E2,1.785732411E-2,6.979294121E-4,1.608490827E-3,9.998390079E-1,1.779535926E2,1.857184611E-1,-7.667251413E-2,1.779534652E2
1.294570213E2,1.787189789E-2,6.878029671E-4,1.636006054E-3,9.998387098E-1,1.779519223E2,1.888513515E-1,-7.545323471E-2,1.779517947E2
1.294620213E2,1.785226619E-2,7.006867090E-4,1.626287936E-3,9.998390675E-1,1.779541723E2,1.877627924E-1,-7.695295563E-2,1.779540430E2
1.294670213E2,1.785697595E-2,6.988323876E-4,1.611960237E-3,9.998390079E-1,1.779536325E2,1.861177849E-1,-7.676893578E-2,1.779535047E2
1.294720213E2,1.787630558E-2,6.839846028E-4,1.625846489E-3,9.998386502E-1,1.779514172E2,1.876798442E-1,-7.503573321E-2,1.779512911E2
1.294770213E2,1.785873328E-2,6.958407466E-4,1.630648389E-3,9.998389482E-1,1.779534311E2,1.882529635E-1,-7.638759991E-2,1.779533024E2
1.294820213E2,1.784244497E-2,7.090395084E-4,1.620503841E-3,9.998392463E-1,1.779552979E2,1.871164135E-1,-7.792363371E-2,1.779551675E2
1.294870213E2,1.787298289E-2,6.871304358E-4,1.624394441E-3,9.998387098E-1,1.779517980E2,1.875196728E-1,-7.539975893E-2,1.779516714E2
1.294920213E2,1.787266693E-2,6.876129773E-4,1.627663383E-3,9.998387098E-1,1.779518342E2,1.878951715E-1,-7.544840908E-2,1.779517073E2
1.294970213E2,1.783119007E-2,7.157034124E-4,1.631095074E-3,9.998394251E-1,1.779565878E2,1.883426307E-1,-7.866760235E-2,1.779564553E2
1.295020213E2,1.785205359E-2,7.009960245E-4,1.628486905E-3,9.998390675E-1,1.779541967E2,1.880153525E-1,-7.698393611E-2,1.779540671E2
1.295070213E2,1.786911673E-2,6.890042569E-4,1.629439532E-3,9.998387694E-1,1.779522411E2,1.881012525E-1,-7.560484233E-2,1.779521138E2
1.295120213E2,1.783429540E-2,7.131531020E-4,1.634794171E-3,9.998393655E-1,1.779562319E2,1.887614808E-1,-7.836725996E-2,1.779560996E2
1.295170213E2,1.783352890E-2,7.156178472E-4,1.642062678E-3,9.998393655E-1,1.779563198E2,1.895992374E-1,-7.863494371E-2,1.779561864E2
1.295220213E2,1.786239713E-2,6.950519164E-4,1.627398073E-3,9.998388886E-1,1.779530112E2,1.878792284E-1,-7.630318475E-2,1.779528829E2
1.295270213E2,1.784118681E-2,7.086623227E-4,1.634461107E-3,9.998392463E-1,1.779554421E2,1.887146776E-1,-7.785211701E-2,1.779553107E2
1.295320213E2,1.783009725E-2,7.174579077E-4,1.642232644E-3,9.998394251E-1,1.779567131E2,1.896222014E-1,-7.884606880E-2,1.779565793E2
1.295370213E2,1.785459422E-2,6.996301818E-4,1.637789770E-3,9.998390079E-1,1.779539055E2,1.890786151E-1,-7.680793467E-2,1.779537755E2
1.295420213E2,1.785591528E-2,6.982644554E-4,1.623911550E-3,9.998390079E-1,1.779537541E2,1.874858451E-1,-7.667960784E-2,1.779536254E2
1.295470213E2,1.783760330E-2,7.108399295E-4,1.636165427E-3,9.998393059E-1,1.779558528E2,1.889141206E-1,-7.809880482E-2,1.779557208E2
1.295520213E2,1.784743423E-2,7.050930872E-4,1.640709466E-3,9.998391271E-1,1.779547261E2,1.894237597E-1,-7.742921943E-2,1.779545948E2
1.295570213E2,1.785550740E-2,6.985269720E-4,1.628277707E-3,9.998390079E-1,1.779538008E2,1.879865970E-1,-7.670082755E-2,1.779536718E2
1.295620213E2,1.785550170E-2,7.002166822E-4,1.627614256E-3,9.998390079E-1,1.779538015E2,1.879140406E-1,-7.689578162E-2,1.779536722E2
1.295670213E2,1.784745687E-2,7.047612453E-4,1.640605740E-3,9.998391271E-1,1.779547235E2,1.894111984E-1,-7.739140711E-2,1.779545923E2
1.295720213E2,1.784708415E-2,7.053796435E-4,1.644390286E-3,9.998391271E-1,1.779547662E2,1.898460432E-1,-7.745458919E-2,1.779546346E2
1.295770213E2,1.785464660E-2,6.995551521E-4,1.637250767E-3,9.998390079E-1,1.779538995E2,1.890167101E-1,-7.680043124E-2,1.779537696E2
1.295820213E2,1.785159089E-2,7.019617478E-4,1.633136533E-3,9.998390675E-1,1.779542497E2,1.885500171E-1,-7.708515700E-2,1.779541196E2
1.295870213E2,1.784416567E-2,7.066224352E-4,1.639279886E-3,9.998391867E-1,1.779551007E2,1.892628423E-1,-7.760798433E-2,1.779549693E2
1.295920213E2,1.785110156E-2,7.014924195E-4,1.638677553E-3,9.998390675E-1,1.779543058E2,1.891838733E-1,-7.702014147E-2,1.779541754E2
1.295970213E2,1.785890106E-2,6.969558308E-4,1.628333004E-3,9.998389482E-1,1.779534119E2,1.879899770E-1,-7.652006572E-2,1.779532831E2
1.296020213E2,1.784477217E-2,7.074016612E-4,1.632326981E-3,9.998391867E-1,1.779550312E2,1.884678641E-1,-7.771136657E-2,1.779549001E2
1.296070213E2,1.784774011E-2,7.055799360E-4,1.637169044E-3,9.998391271E-1,1.779546910E2,1.890191405E-1,-7.749218265E-2,1.779545600E2
1.296120213E2,1.785517809E-2,6.998829776E-4,1.631303690E-3,9.998390079E-1,1.779538386E2,1.883360443E-1,-7.685005960E-2,1.779537090E2
1.296170213E2,1.784501623E-2,7.073789020E-4,1.629666542E-3,9.998391867E-1,1.779550032E2,1.881630206E-1,-7.771415363E-2,1.779548724E2
1.296220213E2,1.784401472E-2,7.071812288E-4,1.640681410E-3,9.998391867E-1,1.779551180E2,1.894245510E-1,-7.766916966E-2,1.779549864E2
1.296270213E2,1.786098535E-2,6.957189180E-4,1.642537769E-3,9.998388886E-1,1.779531730E2,1.896150942E-1,-7.634888181E-2,1.779530434E2
1.296320213E2,1.784088801E-2,7.096940535E-4,1.637272537E-3,9.998392463E-1,1.779554764E2,1.890388796E-1,-7.796463398E-2,1.779553445E2
1.296370213E2,1.784085530E-2,7.105605910E-4,1.637253212E-3,9.998392463E-1,1.779554801E2,1.890384348E-1,-7.806396163E-2,1.779553481E2
1.296420213E2,1.785774519E-2,6.986566586E-4,1.640237286E-3,9.998389482E-1,1.779535444E2,1.893572851E-1,-7.669079039E-2,1.779534144E2
1.296470213E2,1.784094714E-2,7.096814224E-4,1.636633649E-3,9.998392463E-1,1.779554696E2,1.889656588E-1,-7.796448186E-2,1.779553378E2
1.296520213E2,1.783428370E-2,7.155493950E-4,1.633874490E-3,9.998393655E-1,1.779562333E2,1.886610069E-1,-7.864369276E-2,1.779561005E2
1.296570213E2,1.785507329E-2,7.000447949E-4,1.632380998E-3,9.998390079E-1,1.779538506E2,1.884597983E-1,-7.686641490E-2,1.779537209E2
1.296620213E2,1.785508662E-2,6.992632407E-4,1.632570173E-3,9.998390079E-1,1.779538491E2,1.884798744E-1,-7.677648016E-2,1.779537195E2
1.296670213E2,1.783472554E-2,7.140834932E-4,1.629687613E-3,9.998393655E-1,1.779561826E2,1.881783398E-1,-7.848421367E-2,1.779560505E2
1.296720213E2,1.784920336E-2,7.040320197E-4,1.621810952E-3,9.998391271E-1,1.779545233E2,1.872564565E-1,-7.734597134E-2,1.779543937E2
1.296770213E2,1.786637931E-2,6.908695213E-4,1.622076612E-3,9.998388290E-1,1.779525548E2,1.872612696E-1,-7.583414186E-2,1.779524277E2
1.296820213E2,1.784849919E-2,7.047632826E-4,1.629226143E-3,9.998391271E-1,1.779546040E2,1.881074825E-1,-7.741471914E-2,1.779544737E2
1.296870213E2,1.784188063E-2,7.097601774E-4,1.626391197E-3,9.998392463E-1,1.779553626E2,1.877923785E-1,-7.799427101E-2,1.779552316E2
1.296920213E2,1.786640806E-2,6.905713817E-4,1.621886855E-3,9.998388290E-1,1.779525515E2,1.872389201E-1,-7.580036620E-2,1.779524245E2
1.296970213E2,1.785927018E-2,6.961203180E-4,1.624637749E-3,9.998389482E-1,1.779533696E2,1.875649167E-1,-7.643183189E-2,1.779532413E2
1.297020213E2,1.783911744E-2,7.112756139E-4,1.619381947E-3,9.998393059E-1,1.779556793E2,1.869921867E-1,-7.818274773E-2,1.779555485E2
1.297070213E2,1.786374433E-2,6.942638429E-4,1.612882246E-3,9.998388886E-1,1.779528568E2,1.862145887E-1,-7.624235583E-2,1.779527297E2
1.297120213E2,1.786691868E-2,6.922252360E-4,1.615544432E-3,9.998388290E-1,1.779524930E2,1.865156720E-1,-7.600274414E-2,1.779523661E2
1.297170213E2,1.783930520E-2,7.110240986E-4,1.617422909E-3,9.998393059E-1,1.779556578E2,1.867672333E-1,-7.815790069E-2,1.779555272E2
1.297220213E2,1.784631922E-2,7.068681298E-4,1.615558751E-3,9.998391867E-1,1.779548539E2,1.865456976E-1,-7.768424046E-2,1.779547242E2
1.297270213E2,1.787027539E-2,6.892376114E-4,1.616583439E-3,9.998387694E-1,1.779521083E2,1.866288507E-1,-7.565768867E-2,1.779519819E2
1.297320213E2,1.784931248E-2,7.031774148E-4,1.620980562E-3,9.998391271E-1,1.779545108E2,1.871595758E-1,-7.724973469E-2,1.779543815E2
1.297370213E2,1.783960923E-2,7.097526686E-4,1.614625566E-3,9.998393059E-1,1.779556229E2,1.864441558E-1,-7.801789101E-2,1.779554928E2
1.297420213E2,1.787038972E-2,6.885954062E-4,1.615592977E-3,9.998387694E-1,1.779520952E2,1.865140633E-1,-7.558611627E-2,1.779519690E2
1.297470213E2,1.785965338E-2,6.970028626E-4,1.620040392E-3,9.998389482E-1,1.779533257E2,1.870400172E-1,-7.654228532E-2,1.779531975E2
1.297520213E2,1.784885856E-2,7.038449985E-4,1.625682227E-3,9.998391271E-1,1.779545629E2,1.876995929E-1,-7.731668976E-2,1.779544330E2
1.297570213E2,1.786955734E-2,6.896095583E-4,1.624343568E-3,9.998387694E-1,1.779521906E2,1.875186631E-1,-7.568454640E-2,1.779520635E2
1.297620213E2,1.786203773E-2,6.945996429E-4,1.631530700E-3,9.998388886E-1,1.779530524E2,1.883517647E-1,-7.624297452E-2,1.779529239E2
1.297670213E2,1.784137912E-2,7.092886954E-4,1.632088446E-3,9.998392463E-1,1.779554201E2,1.884441293E-1,-7.792869738E-2,1.779552887E2
1.297720213E2,1.787248240E-2,6.862547016E-4,1.630260842E-3,9.998387098E-1,1.779518553E2,1.881899751E-1,-7.528750183E-2,1.779517285E2
1.297770213E2,1.787899902E-2,6.828828482E-4,1.633330365E-3,9.998385906E-1,1.779511085E2,1.885352422E-1,-7.489366237E-2,1.779509820E2
1.297820213E2,1.784820855E-2,7.041029749E-4,1.632691943E-3,9.998391271E-1,1.779546374E2,1.885031982E-1,-7.733203137E-2,1.779545069E2
1.297870213E2,1.786899409E-2,6.891808007E-4,1.630709390E-3,9.998387694E-1,1.779522551E2,1.882470969E-1,-7.562249221E-2,1.779521277E2
1.297920213E2,1.788941168E-2,6.746766740E-4,1.632186933E-3,9.998384118E-1,1.779499151E2,1.883881898E-1,-7.395383635E-2,1.779497903E2
1.297970213E2,1.785506505E-2,6.988290697E-4,1.632991945E-3,9.998390079E-1,1.779538515E2,1.885273082E-1,-7.672587687E-2,1.779537221E2
1.298020213E2,1.785883085E-2,6.974527496E-4,1.628890168E-3,9.998389482E-1,1.779534199E2,1.880548250E-1,-7.657587218E-2,1.779532911E2
1.298070213E2,1.788254354E-2,6.795938243E-4,1.632385305E-3,9.998385310E-1,1.779507022E2,1.884204879E-1,-7.451809706E-2,1.779505765E2
1.298120213E2,1.785427020E-2,6.990157417E-4,1.641580136E-3,9.998390079E-1,1.779539426E2,1.895116085E-1,-7.672984220E-2,1.779538125E2
1.298170213E2,1.784112756E-2,7.101653027E-4,1.634455519E-3,9.998392463E-1,1.779554489E2,1.887171061E-1,-7.802434083E-2,1.779553172E2
1.298220213E2,1.788297849E-2,6.803100696E-4,1.627314254E-3,9.998385310E-1,1.779506524E2,1.878409805E-1,-7.461046998E-2,1.779505269E2
1.298270213E2,1.787855625E-2,6.823764415E-4,1.638380927E-3,9.998385906E-1,1.779511592E2,1.891128318E-1,-7.482537738E-2,1.779510325E2
1.298320213E2,1.785502600E-2,7.004508516E-4,1.632724074E-3,9.998390079E-1,1.779538560E2,1.884999330E-1,-7.691224501E-2,1.779537263E2
1.298370213E2,1.787366152E-2,6.868674536E-4,1.617021975E-3,9.998387098E-1,1.779517202E2,1.866744962E-1,-7.538460199E-2,1.779515942E2
1.298420213E2,1.787897219E-2,6.833327352E-4,1.633435953E-3,9.998385906E-1,1.779511115E2,1.885482598E-1,-7.494499604E-2,1.779509850E2
1.298470213E2,1.784744772E-2,7.054510643E-4,1.640408766E-3,9.998391271E-1,1.779547245E2,1.893900406E-1,-7.747084647E-2,1.779545932E2
1.298520213E2,1.785523196E-2,6.993015995E-4,1.630963408E-3,9.998390079E-1,1.779538324E2,1.882958714E-1,-7.678413541E-2,1.779537030E2
1.298570213E2,1.787295349E-2,6.859953282E-4,1.625197474E-3,9.998387098E-1,1.779518013E2,1.876093516E-1,-7.526806684E-2,1.779516749E2
1.298620213E2,1.785849103E-2,6.961761392E-4,1.633156324E-3,9.998389482E-1,1.779534589E2,1.885409744E-1,-7.642093985E-2,1.779533299E2
1.298670213E2,1.785518138E-2,6.993000861E-4,1.631517662E-3,9.998390079E-1,1.779538382E2,1.883593672E-1,-7.678283743E-2,1.779537088E2
1.298720213E2,1.786892051E-2,6.893142709E-4,1.631458988E-3,9.998387694E-1,1.779522636E2,1.883332488E-1,-7.563626316E-2,1.779521360E2
1.298770213E2,1.786493805E-2,6.920128362E-4,1.637391048E-3,9.998388290E-1,1.779527200E2,1.890181297E-1,-7.593405169E-2,1.779525915E2
1.298820213E2,1.786163839E-2,6.945180357E-4,1.635931432E-3,9.998388886E-1,1.779530982E2,1.888557745E-1,-7.622469179E-2,1.779529693E2
1.298870213E2,1.787876266E-2,6.817637477E-4,1.636382309E-3,9.998385906E-1,1.779511355E2,1.888826031E-1,-7.475923504E-2,1.779510091E2
1.298920213E2,1.787538110E-2,6.844514282E-4,1.635784167E-3,9.998386502E-1,1.779515231E2,1.888193255E-1,-7.506903508E-2,1.779513962E2
1.298970213E2,1.786201873E-2,6.954991259E-4,1.631355495E-3,9.998388886E-1,1.779530546E2,1.883335308E-1,-7.634639333E-2,1.779529259E2
1.299020213E2,1.787522936E-2,6.849192432E-4,1.637245878E-3,9.998386502E-1,1.779515405E2,1.889877458E-1,-7.511966847E-2,1.779514134E2
1.299070213E2,1.786849956E-2,6.904902984E-4,1.635567052E-3,9.998387694E-1,1.779523118E2,1.888063006E-1,-7.576267149E-2,1.779521837E2
1.299120213E2,1.785894237E-2,6.967480294E-4,1.627968741E-3,9.998389482E-1,1.779534072E2,1.879478199E-1,-7.649699500E-2,1.779532785E2
1.299170213E2,1.786194198E-2,6.956618163E-4,1.632126281E-3,9.998388886E-1,1.779530634E2,1.884221697E-1,-7.636346997E-2,1.779529346E2
1.299220213E2,1.785487172E-2,7.004265208E-4,1.634420711E-3,9.998390079E-1,1.779538737E2,1.886942610E-1,-7.690601487E-2,1.779537438E2
1.299270213E2,1.784523491E-2,7.060646894E-4,1.627840917E-3,9.998391867E-1,1.779549782E2,1.879511813E-1,-7.756727245E-2,1.779548477E2
1.299320213E2,1.785894825E-2,6.971963448E-4,1.627712278E-3,9.998389482E-1,1.779534065E2,1.879193541E-1,-7.654888369E-2,1.779532777E2
1.299370213E2,1.786232530E-2,6.950328825E-4,1.628194354E-3,9.998388886E-1,1.779530194E2,1.879704166E-1,-7.629938748E-2,1.779528911E2
1.299420213E2,1.784893744E-2,7.038019248E-4,1.624834607E-3,9.998391271E-1,1.779545538E2,1.876023960E-1,-7.731347365E-2,1.779544240E2
1.299470213E2,1.785335721E-2,7.012700080E-4,1.614013338E-3,9.998390675E-1,1.779540473E2,1.863577259E-1,-7.704469469E-2,1.779539188E2
1.299520213E2,1.786041563E-2,6.949657691E-4,1.612494583E-3,9.998389482E-1,1.779532383E2,1.861713558E-1,-7.632419114E-2,1.779531111E2
1.299570213E2,1.786018293E-2,6.961378385E-4,1.614565146E-3,9.998389482E-1,1.779532650E2,1.864109689E-1,-7.645428422E-2,1.779531374E2
1.299620213E2,1.787094794E-2,6.886484334E-4,1.609383733E-3,9.998387694E-1,1.779520312E2,1.858027995E-1,-7.560480409E-2,1.779519055E2
1.299670213E2,1.786764575E-2,6.911602104E-4,1.607941464E-3,9.998388290E-1,1.779524097E2,1.856424477E-1,-7.589615311E-2,1.779522836E2
1.299720213E2,1.785714501E-2,6.974631688E-4,1.610679901E-3,9.998390079E-1,1.779536131E2,1.859683030E-1,-7.661464868E-2,1.779534857E2
1.299770213E2,1.787116717E-2,6.880894070E-4,1.607186976E-3,9.998387694E-1,1.779520061E2,1.855499809E-1,-7.554521293E-2,1.779518806E2
1.299820213E2,1.786472931E-2,6.931042299E-4,1.602437464E-3,9.998388886E-1,1.779527439E2,1.850155942E-1,-7.613069524E-2,1.779526179E2
1.299870213E2,1.784793696E-2,7.054849411E-4,1.598198898E-3,9.998391867E-1,1.779546685E2,1.845540142E-1,-7.756096937E-2,1.779545404E2
1.299920213E2,1.786835294E-2,6.913376856E-4,1.599986921E-3,9.998388290E-1,1.779523286E2,1.847314852E-1,-7.593264414E-2,1.779522031E2
1.299970213E2,1.787178672E-2,6.871111109E-4,1.600703225E-3,9.998387694E-1,1.779519351E2,1.848051579E-1,-7.544629078E-2,1.779518103E2
1.300020213E2,1.785455124E-2,7.011426496E-4,1.600806485E-3,9.998390675E-1,1.779539104E2,1.848444018E-1,-7.705690299E-2,1.779537830E2
1.300070213E2,1.786828725E-2,6.902334280E-4,1.601196826E-3,9.998388290E-1,1.779523361E2,1.848678417E-1,-7.580366052E-2,1.779522107E2
1.300120213E2,1.788514794E-2,6.791418418E-4,1.603790093E-3,9.998385310E-1,1.779504037E2,1.851435034E-1,-7.452443039E-2,1.779502802E2
1.300170213E2,1.785763625E-2,6.984331412E-4,1.604802557E-3,9.998390079E-1,1.779535568E2,1.852969380E-1,-7.673771789E-2,1.779534296E2
1.300220213E2,1.785149473E-2,7.018271717E-4,1.597362454E-3,9.998391271E-1,1.779542607E2,1.844509720E-1,-7.714294159E-2,1.779541334E2
1.300270213E2,1.787527723E-2,6.860562717E-4,1.599410432E-3,9.998387098E-1,1.779515350E2,1.846551405E-1,-7.532743765E-2,1.779514105E2
1.300320213E2,1.786453634E-2,6.925400812E-4,1.604830963E-3,9.998388886E-1,1.779527660E2,1.852886560E-1,-7.606119456E-2,1.779526399E2
1.300370213E2,1.786485928E-2,6.925392081E-4,1.601232332E-3,9.998388886E-1,1.779527290E2,1.848763711E-1,-7.606840212E-2,1.779526032E2
1.300420213E2,1.787192315E-2,6.882275338E-4,1.598699018E-3,9.998387694E-1,1.779519194E2,1.845778261E-1,-7.557828244E-2,1.779517946E2
1.300470213E2,1.786089213E-2,6.963773048E-4,1.606596867E-3,9.998389482E-1,1.779531837E2,1.854985597E-1,-7.649789818E-2,1.779530567E2
1.300520213E2,1.785723839E-2,6.988868117E-4,1.609026687E-3,9.998390079E-1,1.779536024E2,1.857818093E-1,-7.678112575E-2,1.779534748E2
1.300570213E2,1.786085143E-2,6.956444122E-4,1.607366721E-3,9.998389482E-1,1.779531884E2,1.855852612E-1,-7.641236015E-2,1.779530615E2
1.300620213E2,1.785800223E-2,6.985564833E-4,1.600671094E-3,9.998390079E-1,1.779535149E2,1.848238623E-1,-7.676023682E-2,1.779533880E2
1.300670213E2,1.785449871E-2,7.003509090E-4,1.601738739E-3,9.998390675E-1,1.779539164E2,1.849495891E-1,-7.696429298E-2,1.779537891E2
1.300720213E2,1.785810658E-2,6.971366820E-4,1.600125805E-3,9.998390079E-1,1.779535029E2,1.847584886E-1,-7.659866236E-2,1.779533763E2
1.300770213E2,1.784143982E-2,7.087872364E-4,1.594699919E-3,9.998393059E-1,1.779554131E2,1.841593725E-1,-7.794767719E-2,1.779552847E2
1.300820213E2,1.784123918E-2,7.089950377E-4,1.596850809E-3,9.998393059E-1,1.779554361E2,1.844062168E-1,-7.796712493E-2,1.779553075E2
1.300870213E2,1.786493587E-2,6.936126156E-4,1.599912765E-3,9.998388886E-1,1.779527202E2,1.847273873E-1,-7.619407318E-2,1.779525943E2
1.300920213E2,1.784385899E-2,7.078089402E-4,1.605401863E-3,9.998392463E-1,1.779551359E2,1.853837200E-1,-7.781326083E-2,1.779550068E2
1.300970213E2,1.782705448E-2,7.200130494E-4,1.601053169E-3,9.998395443E-1,1.779570618E2,1.849091023E-1,-7.922352492E-2,1.779569308E2
1.301020213E2,1.784428264E-2,7.077504997E-4,1.600711839E-3,9.998392463E-1,1.779550873E2,1.848462808E-1,-7.781607736E-2,1.779549586E2
1.301070213E2,1.784398046E-2,7.075062022E-4,1.604184625E-3,9.998392463E-1,1.779551219E2,1.852436469E-1,-7.778104177E-2,1.779549931E2
1.301120213E2,1.782726320E-2,7.196043152E-4,1.598911476E-3,9.998395443E-1,1.779570379E2,1.846629023E-1,-7.918103178E-2,1.779569072E2
1.301170213E2,1.783776386E-2,7.121398812E-4,1.596956165E-3,9.998393655E-1,1.779558344E2,1.844244463E-1,-7.832786532E-2,1.779557052E2
1.301220213E2,1.785444691E-2,7.012092392E-4,1.601940603E-3,9.998390675E-1,1.779539224E2,1.849744699E-1,-7.706223114E-2,1.779537949E2
1.301270213E2,1.783714586E-2,7.127278950E-4,1.603582990E-3,9.998393655E-1,1.779559052E2,1.851848590E-1,-7.838180391E-2,1.779557754E2
1.301320213E2,1.784087156E-2,7.112116436E-4,1.599969342E-3,9.998393059E-1,1.779554782E2,1.847680221E-1,-7.821478037E-2,1.779553490E2
1.301370213E2,1.785805265E-2,6.989320391E-4,1.599944429E-3,9.998390079E-1,1.779535091E2,1.847413783E-1,-7.680474325E-2,1.779533822E2
1.301420213E2,1.783361664E-2,7.151512546E-4,1.604592777E-3,9.998394251E-1,1.779563097E2,1.853052304E-1,-7.865804593E-2,1.779561794E2
1.301470213E2,1.783738596E-2,7.134830812E-4,1.600573654E-3,9.998393655E-1,1.779558777E2,1.848416314E-1,-7.847443507E-2,1.779557480E2
1.301520213E2,1.785422120E-2,7.012537681E-4,1.604434801E-3,9.998390675E-1,1.779539482E2,1.852603127E-1,-7.706227139E-2,1.779538205E2
1.301570213E2,1.784029453E-2,7.103010430E-4,1.606793609E-3,9.998393059E-1,1.779555444E2,1.855479954E-1,-7.809660450E-2,1.779554148E2
1.301620213E2,1.784397785E-2,7.071023574E-4,1.604391728E-3,9.998392463E-1,1.779551222E2,1.852665493E-1,-7.773434897E-2,1.779549934E2
1.301670213E2,1.785752715E-2,6.978517049E-4,1.606268925E-3,9.998390079E-1,1.779535693E2,1.854637464E-1,-7.666812027E-2,1.779534421E2
1.301720213E2,1.784352551E-2,7.084954414E-4,1.608802006E-3,9.998392463E-1,1.779551741E2,1.857746643E-1,-7.788502450E-2,1.779550446E2
1.301770213E2,1.784712181E-2,7.063943776E-4,1.606876613E-3,9.998391867E-1,1.779547619E2,1.855500476E-1,-7.764756867E-2,1.779546330E2
1.301820213E2,1.787457512E-2,6.855981774E-4,1.607433544E-3,9.998387098E-1,1.779516155E2,1.855733848E-1,-7.525864746E-2,1.779514905E2
1.301870213E2,1.785740234E-2,6.978111342E-4,1.607673476E-3,9.998390079E-1,1.779535837E2,1.856245781E-1,-7.666062077E-2,1.779534563E2
1.301920213E2,1.785104909E-2,7.024437073E-4,1.602064818E-3,9.998391271E-1,1.779543118E2,1.849909654E-1,-7.720404256E-2,1.779541840E2
1.301970213E2,1.788538893E-2,6.786373560E-4,1.601314289E-3,9.998385310E-1,1.779503761E2,1.848588258E-1,-7.447165978E-2,1.779502529E2
1.302020213E2,1.787135107E-2,6.883369642E-4,1.605034573E-3,9.998387694E-1,1.779519850E2,1.853038936E-1,-7.557795040E-2,1.779518597E2
1.302070213E2,1.784736505E-2,7.052978617E-4,1.604655059E-3,9.998391867E-1,1.779547340E2,1.852932923E-1,-7.752643594E-2,1.779546055E2
1.302120213E2,1.787490539E-2,6.862162845E-4,1.603492303E-3,9.998387098E-1,1.779515776E2,1.851231144E-1,-7.533747802E-2,1.779514528E2
1.302170213E2,1.787482599E-2,6.849580095E-4,1.604914782E-3,9.998387098E-1,1.779515867E2,1.852835089E-1,-7.519041438E-2,1.779514620E2
1.302220213E2,1.785057268E-2,7.020483026E-4,1.607537153E-3,9.998391271E-1,1.779543664E2,1.856171044E-1,-7.714763343E-2,1.779542383E2
1.302270213E2,1.786466766E-2,6.928365328E-4,1.603240380E-3,9.998388886E-1,1.779527510E2,1.851070344E-1,-7.609839197E-2,1.779526249E2
1.302320213E2,1.787472117E-2,6.852850784E-4,1.605942263E-3,9.998387098E-1,1.779515987E2,1.854018932E-1,-7.522580239E-2,1.779514739E2
1.302370213E2,1.785700017E-2,6.980736507E-4,1.612020656E-3,9.998390079E-1,1.779536297E2,1.861231564E-1,-7.668187675E-2,1.779535020E2
1.302420213E2,1.787026799E-2,6.897058920E-4,1.616465510E-3,9.998387694E-1,1.779521091E2,1.866162977E-1,-7.571158393E-2,1.779519827E2
1.302470213E2,1.787392331E-2,6.868207129E-4,1.614145585E-3,9.998387098E-1,1.779516902E2,1.863448622E-1,-7.538508967E-2,1.779515644E2
1.302520213E2,1.786381245E-2,6.947844522E-4,1.611903310E-3,9.998388886E-1,1.779528490E2,1.861034996E-1,-7.630399504E-2,1.779527219E2
1.302570213E2,1.787384411E-2,6.871860242E-4,1.614866895E-3,9.998387098E-1,1.779516993E2,1.864282475E-1,-7.542548181E-2,1.779515734E2
1.302620213E2,1.787722185E-2,6.846048054E-4,1.615477726E-3,9.998386502E-1,1.779513121E2,1.864931985E-1,-7.512786232E-2,1.779511867E2
1.302670213E2,1.784989581E-2,7.025903324E-4,1.614799956E-3,9.998391271E-1,1.779544440E2,1.864502860E-1,-7.719500452E-2,1.779543152E2
1.302720213E2,1.787055279E-2,6.885773619E-4,1.613795874E-3,9.998387694E-1,1.779520765E2,1.863081383E-1,-7.558769881E-2,1.779519504E2
1.302770213E2,1.789393006E-2,6.714341580E-4,1.620464842E-3,9.998383522E-1,1.779493972E2,1.870388337E-1,-7.360551753E-2,1.779492739E2
1.302820213E2,1.786673755E-2,6.912071258E-4,1.617981703E-3,9.998388290E-1,1.779525137E2,1.867928201E-1,-7.588113952E-2,1.779523869E2
1.302870213E2,1.787066143E-2,6.895141560E-4,1.612192020E-3,9.998387694E-1,1.779520640E2,1.861263062E-1,-7.569829462E-2,1.779519379E2
1.302920213E2,1.789428896E-2,6.714095362E-4,1.616507070E-3,9.998383522E-1,1.779493561E2,1.865853542E-1,-7.361074544E-2,1.779492331E2
1.302970213E2,1.788721163E-2,6.771514891E-4,1.618706039E-3,9.998384714E-1,1.779501672E2,1.868485481E-1,-7.426543192E-2,1.779500430E2
1.303020213E2,1.788454315E-2,6.796359085E-4,1.610311912E-3,9.998385310E-1,1.779504730E2,1.858916984E-1,-7.456778237E-2,1.779503490E2
1.303070213E2,1.788805611E-2,6.763716228E-4,1.609674888E-3,9.998384714E-1,1.779500704E2,1.858122819E-1,-7.419443580E-2,1.779499470E2
1.303120213E2,1.788083559E-2,6.807448226E-4,1.614003791E-3,9.998385906E-1,1.779508980E2,1.863166858E-1,-7.468795832E-2,1.779507734E2
1.303170213E2,1.787054800E-2,6.879840512E-4,1.614101930E-3,9.998387694E-1,1.779520770E2,1.863419886E-1,-7.551909546E-2,1.779519511E2
1.303220213E2,1.787790070E-2,6.826565368E-4,1.608775812E-3,9.998386502E-1,1.779512343E2,1.857213960E-1,-7.491824728E-2,1.779511098E2
1.303270213E2,1.787141676E-2,6.883719470E-4,1.604288002E-3,9.998387694E-1,1.779519775E2,1.852184329E-1,-7.558347533E-2,1.779518522E2
1.303320213E2,1.787136701E-2,6.881170557E-4,1.604951452E-3,9.998387694E-1,1.779519832E2,1.852939209E-1,-7.555292207E-2,1.779518579E2
1.303370213E2,1.787472622E-2,6.855807733E-4,1.605759840E-3,9.998387098E-1,1.779515982E2,1.853815986E-1,-7.526005382E-2,1.779514733E2
1.303420213E2,1.786481346E-2,6.935898564E-4,1.601288794E-3,9.998388886E-1,1.779527343E2,1.848849878E-1,-7.618867108E-2,1.779526082E2
1.303470213E2,1.787496457E-2,6.866741460E-4,1.602636301E-3,9.998387098E-1,1.779515708E2,1.850259818E-1,-7.539167916E-2,1.779514460E2
1.303520213E2,1.787827046E-2,6.827033940E-4,1.604641555E-3,9.998386502E-1,1.779511920E2,1.852478436E-1,-7.493201754E-2,1.779510677E2
1.303570213E2,1.786043371E-2,6.955369026E-4,1.612048014E-3,9.998389482E-1,1.779532362E2,1.861213613E-1,-7.639053838E-2,1.779531090E2
1.303620213E2,1.786112528E-2,6.949361414E-4,1.604627701E-3,9.998389482E-1,1.779531570E2,1.852700131E-1,-7.633676690E-2,1.779530304E2
1.303670213E2,1.788148694E-2,6.816487876E-4,1.606388134E-3,9.998385906E-1,1.779508233E2,1.854460349E-1,-7.480701299E-2,1.779506991E2
1.303720213E2,1.786768675E-2,6.911013625E-4,1.607511076E-3,9.998388290E-1,1.779524050E2,1.855930193E-1,-7.589028437E-2,1.779522789E2
1.303770213E2,1.786412074E-2,6.941903848E-4,1.608739491E-3,9.998388886E-1,1.779528137E2,1.857398170E-1,-7.624235049E-2,1.779526869E2
1.303820213E2,1.788117617E-2,6.810834748E-4,1.610082923E-3,9.998385906E-1,1.779508589E2,1.858681779E-1,-7.473472977E-2,1.779507346E2
1.303870213E2,1.786036772E-2,6.957073347E-4,1.612705411E-3,9.998389482E-1,1.779532438E2,1.861970255E-1,-7.640873205E-2,1.779531165E2
1.303920213E2,1.785337290E-2,7.022329955E-4,1.613421016E-3,9.998390675E-1,1.779540455E2,1.862918333E-1,-7.715623617E-2,1.779539169E2
1.303970213E2,1.787109262E-2,6.877058768E-4,1.608179766E-3,9.998387694E-1,1.779520146E2,1.856629371E-1,-7.549925127E-2,1.779518892E2
1.304020213E2,1.786394056E-2,6.939445739E-4,1.610844978E-3,9.998388886E-1,1.779528343E2,1.859805330E-1,-7.620991030E-2,1.779527075E2
1.304070213E2,1.784676204E-2,7.059970521E-4,1.611041604E-3,9.998391867E-1,1.779548031E2,1.860264047E-1,-7.759359427E-2,1.779546740E2
1.304120213E2,1.786378091E-2,6.937793805E-4,1.612685504E-3,9.998388886E-1,1.779528526E2,1.861910582E-1,-7.618724541E-2,1.779527257E2
1.304170213E2,1.785364492E-2,7.011953858E-4,1.610860229E-3,9.998390675E-1,1.779540143E2,1.859963326E-1,-7.704254265E-2,1.779538861E2
1.304220213E2,1.785000823E-2,7.028795080E-4,1.613430795E-3,9.998391271E-1,1.779544311E2,1.862940167E-1,-7.723091607E-2,1.779543024E2
1.304270213E2,1.785961254E-2,6.960456376E-4,1.620901981E-3,9.998389482E-1,1.779533303E2,1.871367700E-1,-7.643085726E-2,1.779532023E2
1.304320213E2,1.784898697E-2,7.051044959E-4,1.623725402E-3,9.998391271E-1,1.779545481E2,1.874779790E-1,-7.746497290E-2,1.779544182E2
1.304370213E2,1.783554577E-2,7.148036966E-4,1.620368683E-3,9.998393655E-1,1.779560886E2,1.871121734E-1,-7.858562261E-2,1.779559571E2
1.304420213E2,1.785261982E-2,7.014907897E-4,1.622053911E-3,9.998390675E-1,1.779541318E2,1.872793577E-1,-7.705367765E-2,1.779540027E2
1.304470213E2,1.783866796E-2,7.102128002E-4,1.624790835E-3,9.998393059E-1,1.779557308E2,1.876096942E-1,-7.805000447E-2,1.779555998E2
1.304520213E2,1.782149789E-2,7.243501022E-4,1.623576623E-3,9.998396039E-1,1.779576987E2,1.874981139E-1,-7.967546241E-2,1.779575651E2
1.304570213E2,1.783910594E-2,7.111214218E-4,1.619576360E-3,9.998393059E-1,1.779556806E2,1.870141452E-1,-7.816468615E-2,1.779555498E2
1.304620213E2,1.783876571E-2,7.116521010E-4,1.623086981E-3,9.998393059E-1,1.779557196E2,1.874174278E-1,-7.821837462E-2,1.779555885E2
1.304670213E2,1.781476790E-2,7.280449499E-4,1.622370561E-3,9.998397231E-1,1.779584700E2,1.873669388E-1,-8.010251740E-2,1.779583358E2
1.304720213E2,1.782580050E-2,7.197321975E-4,1.615080051E-3,9.998395443E-1,1.779572055E2,1.865155393E-1,-7.916292431E-2,1.779570735E2
1.304770213E2,1.783950280E-2,7.104771794E-4,1.615482615E-3,9.998393059E-1,1.779556351E2,1.865438241E-1,-7.809916822E-2,1.779555048E2
1.304820213E2,1.782926237E-2,7.194055361E-4,1.613911591E-3,9.998394847E-1,1.779568088E2,1.863812711E-1,-7.912723929E-2,1.779566769E2
1.304870213E2,1.783284919E-2,7.148675504E-4,1.613225322E-3,9.998394251E-1,1.779563977E2,1.862936517E-1,-7.860804157E-2,1.779562667E2
1.304920213E2,1.784683858E-2,7.060994976E-4,1.610148582E-3,9.998391867E-1,1.779547944E2,1.859243035E-1,-7.760714397E-2,1.779546653E2
1.304970213E2,1.784362304E-2,7.085099933E-4,1.607713406E-3,9.998392463E-1,1.779551629E2,1.856499770E-1,-7.788889967E-2,1.779550336E2
1.305020213E2,1.784342117E-2,7.077882765E-4,1.610269770E-3,9.998392463E-1,1.779551860E2,1.859413769E-1,-7.780102041E-2,1.779550566E2
1.305070213E2,1.784689182E-2,7.056054892E-4,1.609775005E-3,9.998391867E-1,1.779547883E2,1.858804951E-1,-7.755129801E-2,1.779546593E2
1.305120213E2,1.783653249E-2,7.122208481E-4,1.610615407E-3,9.998393655E-1,1.779559755E2,1.859895033E-1,-7.830944892E-2,1.779558453E2
1.305170213E2,1.784677572E-2,7.067201077E-4,1.610573032E-3,9.998391867E-1,1.779548016E2,1.859741988E-1,-7.767739283E-2,1.779546723E2
1.305220213E2,1.784662733E-2,7.057758048E-4,1.612630091E-3,9.998391867E-1,1.779548186E2,1.862079403E-1,-7.756502154E-2,1.779546894E2
1.305270213E2,1.782955627E-2,7.181860856E-4,1.611205633E-3,9.998394847E-1,1.779567751E2,1.860687712E-1,-7.899299709E-2,1.779566436E2
1.305320213E2,1.783349497E-2,7.155457279E-4,1.605768688E-3,9.998394251E-1,1.779563237E2,1.854407554E-1,-7.870086135E-2,1.779561932E2
1.305370213E2,1.784043640E-2,7.093810709E-4,1.605624333E-3,9.998393059E-1,1.779555281E2,1.854121574E-1,-7.799356461E-2,1.779553988E2
1.305420213E2,1.782979164E-2,7.191007026E-4,1.608190243E-3,9.998394847E-1,1.779567481E2,1.857251749E-1,-7.910390517E-2,1.779566167E2
1.305470213E2,1.782953546E-2,7.178772939E-4,1.611573505E-3,9.998394847E-1,1.779567775E2,1.861102870E-1,-7.895687006E-2,1.779566461E2
1.305520213E2,1.784341108E-2,7.093794993E-4,1.609681291E-3,9.998392463E-1,1.779551872E2,1.858772062E-1,-7.798453710E-2,1.779550575E2
1.305570213E2,1.783275716E-2,7.155022467E-4,1.613961067E-3,9.998394251E-1,1.779564082E2,1.863792386E-1,-7.867927433E-2,1.779562771E2
1.305620213E2,1.783296169E-2,7.149899029E-4,1.611926942E-3,9.998394251E-1,1.779563848E2,1.861451505E-1,-7.862469235E-2,1.779562539E2
1.305670213E2,1.783938135E-2,7.119305083E-4,1.616183785E-3,9.998393059E-1,1.779556490E2,1.866271216E-1,-7.826426996E-2,1.779555184E2
1.305720213E2,1.782565167E-2,7.200157852E-4,1.616595546E-3,9.998395443E-1,1.779572226E2,1.866897425E-1,-7.919234777E-2,1.779570904E2
1.305770213E2,1.782195596E-2,7.235493977E-4,1.618898823E-3,9.998396039E-1,1.779576462E2,1.869605624E-1,-7.959319105E-2,1.779575131E2
1.305820213E2,1.782207230E-2,7.236152305E-4,1.617588103E-3,9.998396039E-1,1.779576328E2,1.868105323E-1,-7.960338899E-2,1.779574998E2
1.305870213E2,1.782178562E-2,7.227016031E-4,1.621151110E-3,9.998396039E-1,1.779576657E2,1.872168698E-1,-7.949148836E-2,1.779575326E2
1.305920213E2,1.782152618E-2,7.240272244E-4,1.623410149E-3,9.998396039E-1,1.779576954E2,1.874783831E-1,-7.963880394E-2,1.779575619E2
1.305970213E2,1.781786707E-2,7.255731616E-4,1.626172685E-3,9.998396635E-1,1.779581148E2,1.877977624E-1,-7.981097222E-2,1.779579807E2
1.306020213E2,1.781439941E-2,7.295953692E-4,1.625716803E-3,9.998397231E-1,1.779585122E2,1.877534660E-1,-8.027339161E-2,1.779583774E2
1.306070213E2,1.781780635E-2,7.255555247E-4,1.626845798E-3,9.998396635E-1,1.779581217E2,1.878748425E-1,-7.980758847E-2,1.779579877E2
1.306120213E2,1.782470516E-2,7.211475167E-4,1.626497367E-3,9.998395443E-1,1.779573311E2,1.878264668E-1,-7.930196422E-2,1.779571979E2
1.306170213E2,1.781103761E-2,7.302158629E-4,1.625615172E-3,9.998397827E-1,1.779588975E2,1.877428185E-1,-8.034532231E-2,1.779587626E2
1.306220213E2,1.781151167E-2,7.317646523E-4,1.619713963E-3,9.998397827E-1,1.779588432E2,1.870698956E-1,-8.053472861E-2,1.779587085E2
1.306270213E2,1.782516404E-2,7.220998523E-4,1.621036790E-3,9.998395443E-1,1.779572785E2,1.872028110E-1,-7.942214476E-2,1.779571455E2
1.306320213E2,1.781143639E-2,7.302918821E-4,1.621205825E-3,9.998397827E-1,1.779588518E2,1.872378110E-1,-8.036295746E-2,1.779587173E2
1.306370213E2,1.781161734E-2,7.306800690E-4,1.619041432E-3,9.998397827E-1,1.779588311E2,1.869906356E-1,-8.041181737E-2,1.779586966E2
1.306420213E2,1.781864578E-2,7.260310231E-4,1.617412316E-3,9.998396635E-1,1.779580255E2,1.867950526E-1,-7.988117333E-2,1.779578921E2
1.306470213E2,1.781819787E-2,7.259015110E-4,1.622397220E-3,9.998396635E-1,1.779580769E2,1.873658907E-1,-7.985623946E-2,1.779579431E2
1.306520213E2,1.781751758E-2,7.261693245E-4,1.629732084E-3,9.998396635E-1,1.779581548E2,1.882067650E-1,-7.987207433E-2,1.779580204E2
1.306570213E2,1.782796870E-2,7.199461688E-4,1.627900871E-3,9.998394847E-1,1.779569570E2,1.879850753E-1,-7.916084139E-2,1.779568239E2
1.306620213E2,1.781078073E-2,7.304606261E-4,1.628317521E-3,9.998397827E-1,1.779589269E2,1.880529154E-1,-8.036789809E-2,1.779587918E2
1.306670213E2,1.781041595E-2,7.324169273E-4,1.631425694E-3,9.998397827E-1,1.779589688E2,1.884129942E-1,-8.058576253E-2,1.779588330E2
1.306720213E2,1.782078763E-2,7.248277543E-4,1.631141989E-3,9.998396039E-1,1.779577801E2,1.883658241E-1,-7.971487138E-2,1.779576458E2
1.306770213E2,1.781407844E-2,7.286301116E-4,1.629662002E-3,9.998397231E-1,1.779585490E2,1.882034851E-1,-8.015480513E-2,1.779584141E2
1.306820213E2,1.781468799E-2,7.286305190E-4,1.622985001E-3,9.998397231E-1,1.779584791E2,1.874385267E-1,-8.016836851E-2,1.779583448E2
1.306870213E2,1.783160455E-2,7.172347978E-4,1.625882927E-3,9.998394251E-1,1.779565403E2,1.877486188E-1,-7.885363096E-2,1.779564079E2
1.306920213E2,1.781779013E-2,7.251774077E-4,1.627192018E-3,9.998396635E-1,1.779581236E2,1.879137366E-1,-7.976356249E-2,1.779579896E2
1.306970213E2,1.780795579E-2,7.326084306E-4,1.621636795E-3,9.998398423E-1,1.779592507E2,1.872916372E-1,-8.062814426E-2,1.779591157E2
1.307020213E2,1.782526308E-2,7.221061387E-4,1.619944582E-3,9.998395443E-1,1.779572671E2,1.870776934E-1,-7.942507759E-2,1.779571342E2
1.307070213E2,1.783135710E-2,7.174712373E-4,1.628490281E-3,9.998394251E-1,1.779565687E2,1.880478164E-1,-7.887543904E-2,1.779564360E2
1.307120213E2,1.781426523E-2,7.293222588E-4,1.627308899E-3,9.998397231E-1,1.779585276E2,1.879353097E-1,-8.023887540E-2,1.779583927E2
1.307170213E2,1.781470681E-2,7.280719001E-4,1.623029122E-3,9.998397231E-1,1.779584770E2,1.874424427E-1,-8.010427213E-2,1.779583427E2
1.307220213E2,1.782135556E-2,7.230445044E-4,1.625719480E-3,9.998396039E-1,1.779577150E2,1.877409506E-1,-7.952152615E-2,1.779575814E2
1.307270213E2,1.782078234E-2,7.241435233E-4,1.631503692E-3,9.998396039E-1,1.779577807E2,1.884058677E-1,-7.963573913E-2,1.779576465E2
1.307320213E2,1.782073957E-2,7.243836881E-4,1.631864230E-3,9.998396039E-1,1.779577856E2,1.884476629E-1,-7.966252734E-2,1.779576513E2
1.307370213E2,1.782439310E-2,7.226022426E-4,1.629269216E-3,9.998395443E-1,1.779573668E2,1.881469946E-1,-7.946303352E-2,1.779572331E2
1.307420213E2,1.781755468E-2,7.272109506E-4,1.628861763E-3,9.998396635E-1,1.779581506E2,1.881091793E-1,-7.999318691E-2,1.779580160E2
1.307470213E2,1.782453623E-2,7.225355366E-4,1.627732185E-3,9.998395443E-1,1.779573504E2,1.879707665E-1,-7.945850353E-2,1.779572169E2
1.307520213E2,1.783153775E-2,7.175420178E-4,1.626479789E-3,9.998394251E-1,1.779565480E2,1.878176260E-1,-7.888762301E-2,1.779564155E2
1.307570213E2,1.782794607E-2,7.193764905E-4,1.628400409E-3,9.998394847E-1,1.779569596E2,1.880411433E-1,-7.909455517E-2,1.779568266E2
1.307620213E2,1.782796325E-2,7.179084350E-4,1.628860133E-3,9.998394847E-1,1.779569577E2,1.880908172E-1,-7.892541286E-2,1.779568249E2
1.307670213E2,1.782745086E-2,7.197493687E-4,1.633648761E-3,9.998394847E-1,1.779570164E2,1.886431885E-1,-7.912664772E-2,1.779568829E2
1.307720213E2,1.782436978E-2,7.219177205E-4,1.629827661E-3,9.998395443E-1,1.779573695E2,1.882095773E-1,-7.938346930E-2,1.779572359E2
1.307770213E2,1.782465518E-2,7.222619606E-4,1.626550569E-3,9.998395443E-1,1.779573368E2,1.878348351E-1,-7.942955036E-2,1.779572034E2
1.307820213E2,1.783442842E-2,7.144146366E-4,1.632791013E-3,9.998393655E-1,1.779562167E2,1.885345609E-1,-7.851586698E-2,1.779560843E2
1.307870213E2,1.783091419E-2,7.171876496E-4,1.633457257E-3,9.998394251E-1,1.779566195E2,1.886162861E-1,-7.883288122E-2,1.779564864E2
1.307920213E2,1.782094521E-2,7.231013151E-4,1.630186336E-3,9.998396039E-1,1.779577620E2,1.882528177E-1,-7.951898968E-2,1.779576281E2
1.307970213E2,1.782787089E-2,7.188052405E-4,1.629475388E-3,9.998394847E-1,1.779569682E2,1.881631343E-1,-7.902692312E-2,1.779568352E2
1.308020213E2,1.783435456E-2,7.154140621E-4,1.633160166E-3,9.998393655E-1,1.779562252E2,1.885788931E-1,-7.862963382E-2,1.779560925E2
1.308070213E2,1.782711647E-2,7.198976236E-4,1.637228532E-3,9.998394847E-1,1.779570547E2,1.890536122E-1,-7.913638348E-2,1.779569209E2
1.308120213E2,1.782731080E-2,7.201048429E-4,1.635019900E-3,9.998394847E-1,1.779570324E2,1.888010001E-1,-7.916460074E-2,1.779568987E2
1.308170213E2,1.783125940E-2,7.167788572E-4,1.629864448E-3,9.998394251E-1,1.779565799E2,1.882038368E-1,-7.879332116E-2,1.779564472E2
1.308220213E2,1.782415337E-2,7.213929202E-4,1.632424654E-3,9.998395443E-1,1.779573943E2,1.885060348E-1,-7.931807727E-2,1.779572606E2
1.308270213E2,1.781687333E-2,7.274931413E-4,1.636172179E-3,9.998396635E-1,1.779582287E2,1.889472819E-1,-8.001072019E-2,1.779580935E2
1.308320213E2,1.782022469E-2,7.245658198E-4,1.637396635E-3,9.998396039E-1,1.779578446E2,1.890818615E-1,-7.967219361E-2,1.779577098E2
1.308370213E2,1.782037676E-2,7.232161588E-4,1.636337955E-3,9.998396039E-1,1.779578271E2,1.889578201E-1,-7.951969187E-2,1.779576928E2
1.308420213E2,1.781333011E-2,7.298956043E-4,1.637257985E-3,9.998397231E-1,1.779586348E2,1.890763080E-1,-8.028443119E-2,1.779584990E2
1.308470213E2,1.781643439E-2,7.272830117E-4,1.641038107E-3,9.998396635E-1,1.779582790E2,1.895043245E-1,-7.997679289E-2,1.779581434E2
1.308520213E2,1.783036059E-2,7.176679210E-4,1.639279071E-3,9.998394251E-1,1.779566829E2,1.892842499E-1,-7.887611592E-2,1.779565493E2
1.308570213E2,1.782442943E-2,7.216013037E-4,1.629315317E-3,9.998395443E-1,1.779573627E2,1.881502346E-1,-7.934825172E-2,1.779572291E2
1.308620213E2,1.781009641E-2,7.308737841E-4,1.635600813E-3,9.998397827E-1,1.779590054E2,1.888881769E-1,-8.040049827E-2,1.779588696E2
1.308670213E2,1.781792459E-2,7.258058176E-4,1.625438454E-3,9.998396635E-1,1.779581082E2,1.877141186E-1,-7.983911681E-2,1.779579742E2
1.308720213E2,1.783447576E-2,7.144215051E-4,1.632270869E-3,9.998393655E-1,1.779562113E2,1.884749839E-1,-7.851770808E-2,1.779560789E2
1.308770213E2,1.781070386E-2,7.296137046E-4,1.665707910E-3,9.998397231E-1,1.779589358E2,1.923351326E-1,-8.019456063E-2,1.779587978E2
1.308820213E2,1.779517813E-2,7.430122932E-4,1.646726392E-3,9.998400211E-1,1.779607152E2,1.901864331E-1,-8.177137682E-2,1.779605761E2
1.308870213E2,1.780025626E-2,7.392556872E-4,1.592644956E-3,9.998400211E-1,1.779601332E2,1.839828774E-1,-8.145032488E-2,1.779599992E2
1.308920213E2,1.781241388E-2,7.289095083E-4,1.647632685E-3,9.998397231E-1,1.779587398E2,1.902628882E-1,-8.015044645E-2,1.779586034E2
1.308970213E2,1.781087134E-2,7.309809444E-4,1.698767184E-3,9.998396635E-1,1.779589166E2,1.961256580E-1,-8.028369961E-2,1.779587757E2
1.309020213E2,1.781756911E-2,7.263665902E-4,1.629080623E-3,9.998396635E-1,1.779581489E2,1.881325319E-1,-7.989599621E-2,1.779580145E2
1.309070213E2,1.785008211E-2,7.035989547E-4,1.612299471E-3,9.998391271E-1,1.779544226E2,1.861658745E-1,-7.731564583E-2,1.779542939E2
1.309120213E2,1.784094571E-2,7.090417203E-4,1.672937069E-3,9.998391867E-1,1.779554697E2,1.931237624E-1,-7.781696496E-2,1.779553352E2
1.309170213E2,1.780674258E-2,7.326960913E-4,1.670920639E-3,9.998397827E-1,1.779593898E2,1.929383471E-1,-8.053784438E-2,1.779592508E2
1.309220213E2,1.781293845E-2,7.309797220E-4,1.604304533E-3,9.998397827E-1,1.779586796E2,1.853028939E-1,-8.047598568E-2,1.779585463E2
1.309270213E2,1.782598918E-2,7.209346513E-4,1.612459077E-3,9.998395443E-1,1.779571839E2,1.862177165E-1,-7.930601236E-2,1.779570518E2
1.309320213E2,1.780054900E-2,7.372185355E-4,1.663575764E-3,9.998399019E-1,1.779600996E2,1.921055458E-1,-8.107217382E-2,1.779599603E2
1.309370213E2,1.778677449E-2,7.489034324E-4,1.662394730E-3,9.998401403E-1,1.779616783E2,1.919929347E-1,-8.241600488E-2,1.779615368E2
1.309420213E2,1.781826288E-2,7.250466151E-4,1.622065436E-3,9.998396635E-1,1.779580694E2,1.873261364E-1,-7.975895658E-2,1.779579358E2
1.309470213E2,1.782471832E-2,7.205577567E-4,1.626614481E-3,9.998395443E-1,1.779573296E2,1.878386812E-1,-7.923415181E-2,1.779571964E2
1.309520213E2,1.779275569E-2,7.434356958E-4,1.672509592E-3,9.998400211E-1,1.779609928E2,1.931411740E-1,-8.176777518E-2,1.779608516E2
1.309570213E2,1.779120390E-2,7.439487963E-4,1.653043786E-3,9.998400807E-1,1.779611706E2,1.909118247E-1,-8.186655071E-2,1.779610309E2
1.309620213E2,1.780937094E-2,7.335807313E-4,1.605576719E-3,9.998398423E-1,1.779590885E2,1.854536750E-1,-8.077205651E-2,1.779589546E2
1.309670213E2,1.779304247E-2,7.436935557E-4,1.633251086E-3,9.998400807E-1,1.779609599E2,1.886437326E-1,-8.187731469E-2,1.779608218E2
1.309720213E2,1.779328589E-2,7.436486776E-4,1.666764496E-3,9.998400211E-1,1.779609320E2,1.924834150E-1,-8.180378964E-2,1.779607912E2
1.309770213E2,1.780714376E-2,7.326625637E-4,1.630505198E-3,9.998398423E-1,1.779593438E2,1.883077672E-1,-8.061640095E-2,1.779592080E2
1.309820213E2,1.781941126E-2,7.261863211E-4,1.608886872E-3,9.998396635E-1,1.779579378E2,1.858186402E-1,-7.991623305E-2,1.779578050E2
1.309870213E2,1.781227232E-2,7.300272700E-4,1.648667967E-3,9.998397231E-1,1.779587560E2,1.903837748E-1,-8.027642568E-2,1.779586193E2
1.309920213E2,1.780948155E-2,7.326185587E-4,1.641504699E-3,9.998397827E-1,1.779590758E2,1.895681186E-1,-8.058846936E-2,1.779589392E2
1.309970213E2,1.780935496E-2,7.330122171E-4,1.606013509E-3,9.998398423E-1,1.779590904E2,1.855025579E-1,-8.070603148E-2,1.779589565E2
1.310020213E2,1.781573602E-2,7.272789371E-4,1.612050342E-3,9.998397231E-1,1.779583590E2,1.861830277E-1,-8.003564188E-2,1.779582258E2
1.310070213E2,1.780300599E-2,7.367811049E-4,1.637269626E-3,9.998399019E-1,1.779598180E2,1.890908626E-1,-8.107525409E-2,1.779596809E2
1.310120213E2,1.779077295E-2,7.458199398E-4,1.620466006E-3,9.998401403E-1,1.779612200E2,1.871830492E-1,-8.214743611E-2,1.779610826E2
1.310170213E2,1.781024844E-2,7.324737380E-4,1.596321817E-3,9.998398423E-1,1.779589880E2,1.843911186E-1,-8.066395155E-2,1.779588550E2
1.310220213E2,1.782262509E-2,7.241357816E-4,1.611252199E-3,9.998396039E-1,1.779575695E2,1.860857124E-1,-7.967586775E-2,1.779574369E2
1.310270213E2,1.780008947E-2,7.398065063E-4,1.631205436E-3,9.998399615E-1,1.779601523E2,1.884020020E-1,-8.143480602E-2,1.779600151E2
1.310320213E2,1.780172712E-2,7.368452498E-4,1.614589943E-3,9.998399615E-1,1.779599646E2,1.864923959E-1,-8.112911330E-2,1.779598293E2
1.310370213E2,1.782697633E-2,7.191830082E-4,1.602295903E-3,9.998395443E-1,1.779570708E2,1.850497846E-1,-7.912590003E-2,1.779569398E2
1.310420213E2,1.781164512E-2,7.297475240E-4,1.619156334E-3,9.998397827E-1,1.779588279E2,1.870018988E-1,-8.030473293E-2,1.779586936E2
1.310470213E2,1.781076787E-2,7.315447438E-4,1.627971418E-3,9.998397827E-1,1.779589284E2,1.880154732E-1,-8.049281783E-2,1.779587931E2
1.310520213E2,1.782955993E-2,7.177654188E-4,1.611352549E-3,9.998394847E-1,1.779567747E2,1.860847445E-1,-7.894449908E-2,1.779566433E2
1.310570213E2,1.782297042E-2,7.220464176E-4,1.608367427E-3,9.998396039E-1,1.779575299E2,1.857509532E-1,-7.944231044E-2,1.779573979E2
1.310620213E2,1.781760283E-2,7.270560600E-4,1.628404134E-3,9.998396635E-1,1.779581451E2,1.880564347E-1,-7.997636596E-2,1.779580106E2
1.310670213E2,1.783467039E-2,7.145737181E-4,1.630076207E-3,9.998393655E-1,1.779561890E2,1.882238601E-1,-7.853959646E-2,1.779560567E2
1.310720213E2,1.784220285E-2,7.100504590E-4,1.622725511E-3,9.998392463E-1,1.779553257E2,1.873730066E-1,-7.803496421E-2,1.779551949E2
1.310770213E2,1.781904605E-2,7.255593664E-4,1.613208791E-3,9.998396635E-1,1.779579797E2,1.863125084E-1,-7.983564312E-2,1.779578467E2
1.310820213E2,1.782210206E-2,7.224894944E-4,1.617763424E-3,9.998396039E-1,1.779576294E2,1.868283223E-1,-7.947404613E-2,1.779574966E2
1.310870213E2,1.783140238E-2,7.156860083E-4,1.628780039E-3,9.998394251E-1,1.779565635E2,1.880773700E-1,-7.867029900E-2,1.779564311E2
1.310920213E2,1.782473668E-2,7.222020067E-4,1.625683857E-3,9.998395443E-1,1.779573275E2,1.877354168E-1,-7.942443637E-2,1.779571941E2
1.310970213E2,1.783192254E-2,7.154321647E-4,1.623187331E-3,9.998394251E-1,1.779565039E2,1.874361156E-1,-7.865254631E-2,1.779563720E2
1.311020213E2,1.783836480E-2,7.106823032E-4,1.627910882E-3,9.998393059E-1,1.779557655E2,1.879681053E-1,-7.809747562E-2,1.779556342E2
1.311070213E2,1.783086315E-2,7.160991663E-4,1.634491724E-3,9.998394251E-1,1.779566253E2,1.887325801E-1,-7.870606600E-2,1.779564924E2
1.311120213E2,1.783158300E-2,7.152615581E-4,1.626988174E-3,9.998394251E-1,1.779565428E2,1.878712164E-1,-7.862529605E-2,1.779564107E2
1.311170213E2,1.785284717E-2,7.023795624E-4,1.619164366E-3,9.998390675E-1,1.779541057E2,1.869501285E-1,-7.716137634E-2,1.779539766E2
1.311220213E2,1.784224551E-2,7.077238406E-4,1.623272663E-3,9.998392463E-1,1.779553208E2,1.874309412E-1,-7.776726936E-2,1.779551904E2
1.311270213E2,1.783493877E-2,7.131754537E-4,1.627750462E-3,9.998393655E-1,1.779561582E2,1.879545541E-1,-7.838409582E-2,1.779560264E2
1.311320213E2,1.784530472E-2,7.061867509E-4,1.627022400E-3,9.998391867E-1,1.779549702E2,1.878576560E-1,-7.758291821E-2,1.779548398E2
1.311370213E2,1.783815788E-2,7.114558248E-4,1.629839302E-3,9.998393059E-1,1.779557893E2,1.881906165E-1,-7.818219722E-2,1.779556576E2
1.311420213E2,1.783114413E-2,7.168538868E-4,1.631092047E-3,9.998394251E-1,1.779565931E2,1.883446315E-1,-7.879943073E-2,1.779564603E2
1.311470213E2,1.783501715E-2,7.134064217E-4,1.626790268E-3,9.998393655E-1,1.779561492E2,1.878450195E-1,-7.841250635E-2,1.779560175E2
1.311520213E2,1.784163974E-2,7.089604624E-4,1.629379811E-3,9.998392463E-1,1.779553902E2,1.881331405E-1,-7.789657973E-2,1.779552591E2
1.311570213E2,1.784512767E-2,7.066527614E-4,1.628761063E-3,9.998391867E-1,1.779549905E2,1.880578002E-1,-7.763278816E-2,1.779548598E2
1.311620213E2,1.783836616E-2,7.113249740E-4,1.627615304E-3,9.998393059E-1,1.779557654E2,1.879355539E-1,-7.817171245E-2,1.779556340E2
1.311670213E2,1.784118194E-2,7.085007965E-4,1.634584274E-3,9.998392463E-1,1.779554427E2,1.887284587E-1,-7.783335952E-2,1.779553112E2
1.311720213E2,1.785235520E-2,7.011482376E-4,1.625111559E-3,9.998390675E-1,1.779541621E2,1.876289619E-1,-7.700822441E-2,1.779540328E2
1.311770213E2,1.785260448E-2,7.021122728E-4,1.621953794E-3,9.998390675E-1,1.779541335E2,1.872691574E-1,-7.712509064E-2,1.779540043E2
1.311820213E2,1.784238814E-2,7.080691867E-4,1.621553442E-3,9.998392463E-1,1.779553044E2,1.872346812E-1,-7.781032535E-2,1.779551741E2
1.311870213E2,1.784210236E-2,7.078362978E-4,1.624796423E-3,9.998392463E-1,1.779553372E2,1.876057427E-1,-7.777706517E-2,1.779552066E2
1.311920213E2,1.785577221E-2,6.993361749E-4,1.625023200E-3,9.998390079E-1,1.779537705E2,1.876153931E-1,-7.680015024E-2,1.779536415E2
1.311970213E2,1.784560289E-2,7.057837793E-4,1.623924007E-3,9.998391867E-1,1.779549360E2,1.875018610E-1,-7.754302894E-2,1.779548059E2
1.312020213E2,1.783877879E-2,7.113046013E-4,1.623095479E-3,9.998393059E-1,1.779557181E2,1.874176921E-1,-7.817854064E-2,1.779555870E2
1.312070213E2,1.785202833E-2,7.029353874E-4,1.627927762E-3,9.998390675E-1,1.779541996E2,1.879552557E-1,-7.720728370E-2,1.779540697E2
1.312120213E2,1.785612403E-2,6.992488634E-4,1.621190342E-3,9.998390079E-1,1.779537302E2,1.871760974E-1,-7.679792382E-2,1.779536015E2
1.312170213E2,1.785354233E-2,7.021141937E-4,1.611596905E-3,9.998390675E-1,1.779540260E2,1.860826084E-1,-7.714632523E-2,1.779538976E2
1.312220213E2,1.785340909E-2,7.017781609E-4,1.613218454E-3,9.998390675E-1,1.779540413E2,1.862676971E-1,-7.710453202E-2,1.779539128E2
1.312270213E2,1.785628043E-2,6.996744778E-4,1.619282993E-3,9.998390079E-1,1.779537122E2,1.869584488E-1,-7.685056155E-2,1.779535837E2
1.312320213E2,1.784915477E-2,7.030440029E-4,1.622774056E-3,9.998391271E-1,1.779545289E2,1.873647777E-1,-7.723081019E-2,1.779543994E2
1.312370213E2,1.784625927E-2,7.057727198E-4,1.616699505E-3,9.998391867E-1,1.779548608E2,1.866741526E-1,-7.755641402E-2,1.779547312E2
1.312420213E2,1.785655011E-2,6.993763964E-4,1.616435358E-3,9.998390079E-1,1.779536813E2,1.866315959E-1,-7.682218623E-2,1.779535530E2
1.312470213E2,1.784906715E-2,7.043365622E-4,1.623177202E-3,9.998391271E-1,1.779545389E2,1.874136051E-1,-7.737809460E-2,1.779544092E2
1.312520213E2,1.784535000E-2,7.073861780E-4,1.626004465E-3,9.998391867E-1,1.779549650E2,1.877434843E-1,-7.772241361E-2,1.779548344E2
1.312570213E2,1.784897299E-2,7.048663683E-4,1.623982447E-3,9.998391271E-1,1.779545497E2,1.875069413E-1,-7.743716671E-2,1.779544198E2
1.312620213E2,1.784176152E-2,7.089891005E-4,1.628033351E-3,9.998392463E-1,1.779553762E2,1.879789398E-1,-7.790259102E-2,1.779552452E2
1.312670213E2,1.784094773E-2,7.105036639E-4,1.636270434E-3,9.998392463E-1,1.779554695E2,1.889257252E-1,-7.805943119E-2,1.779553376E2
1.312720213E2,1.784096643E-2,7.097682101E-4,1.636385685E-3,9.998392463E-1,1.779554674E2,1.889374276E-1,-7.797492873E-2,1.779553356E2
1.312770213E2,1.783823703E-2,7.111238083E-4,1.629117760E-3,9.998393059E-1,1.779557802E2,1.881072742E-1,-7.814561714E-2,1.779556487E2
1.312820213E2,1.783459823E-2,7.147035212E-4,1.630808576E-3,9.998393655E-1,1.779561972E2,1.883080299E-1,-7.855298516E-2,1.779560649E2
1.312870213E2,1.783364383E-2,7.141144015E-4,1.641468960E-3,9.998393655E-1,1.779563066E2,1.895281490E-1,-7.846388073E-2,1.779561736E2
1.312920213E2,1.783998103E-2,7.095118053E-4,1.647204277E-3,9.998392463E-1,1.779555803E2,1.901763510E-1,-7.792361979E-2,1.779554477E2
1.312970213E2,1.782751761E-2,7.180685643E-4,1.633660053E-3,9.998394847E-1,1.779570087E2,1.886410532E-1,-7.893403689E-2,1.779568755E2
1.313020213E2,1.784072113E-2,7.104628603E-4,1.638756949E-3,9.998392463E-1,1.779554955E2,1.892105129E-1,-7.804971525E-2,1.779553633E2
1.313070213E2,1.784659793E-2,7.053554291E-4,1.649669139E-3,9.998391271E-1,1.779548219E2,1.904507729E-1,-7.744111085E-2,1.779546899E2
1.313120213E2,1.783251871E-2,7.156466017E-4,1.652984647E-3,9.998393655E-1,1.779564356E2,1.908505857E-1,-7.861610972E-2,1.779563013E2
1.313170213E2,1.782960951E-2,7.172742626E-4,1.647599507E-3,9.998394251E-1,1.779567690E2,1.902366883E-1,-7.881415459E-2,1.779566348E2
1.313220213E2,1.784628693E-2,7.061231299E-4,1.652702456E-3,9.998391271E-1,1.779548576E2,1.907998570E-1,-7.752292437E-2,1.779547252E2
1.313270213E2,1.783888815E-2,7.098324131E-4,1.658860943E-3,9.998392463E-1,1.779557056E2,1.915124671E-1,-7.793673074E-2,1.779555720E2
1.313320213E2,1.783204380E-2,7.161332178E-4,1.657889923E-3,9.998393655E-1,1.779564900E2,1.914135579E-1,-7.866192940E-2,1.779563553E2
1.313370213E2,1.783686867E-2,7.113488973E-4,1.643934520E-3,9.998393059E-1,1.779559370E2,1.898052364E-1,-7.814137696E-2,1.779558043E2
1.313420213E2,1.783409791E-2,7.134402404E-4,1.636822126E-3,9.998393655E-1,1.779562546E2,1.889944023E-1,-7.839605093E-2,1.779561220E2
1.313470213E2,1.782205181E-2,7.223397843E-4,1.654797816E-3,9.998395443E-1,1.779576352E2,1.910711758E-1,-7.938126392E-2,1.779574995E2
1.313520213E2,1.783490722E-2,7.135044434E-4,1.664156793E-3,9.998393059E-1,1.779561618E2,1.921264272E-1,-7.834738548E-2,1.779560271E2
1.313570213E2,1.783938810E-2,7.105714176E-4,1.653158339E-3,9.998392463E-1,1.779556483E2,1.908606493E-1,-7.803296336E-2,1.779555150E2
1.313620213E2,1.783262015E-2,7.152113249E-4,1.652078470E-3,9.998393655E-1,1.779564239E2,1.907458801E-1,-7.856807115E-2,1.779562898E2
1.313670213E2,1.782502434E-2,7.206776063E-4,1.659512753E-3,9.998394847E-1,1.779572945E2,1.916082232E-1,-7.918062342E-2,1.779571587E2
1.313720213E2,1.782264982E-2,7.232289063E-4,1.647954690E-3,9.998395443E-1,1.779575666E2,1.902889981E-1,-7.949699605E-2,1.779574313E2
1.313770213E2,1.783338297E-2,7.153542829E-4,1.643761527E-3,9.998393655E-1,1.779563365E2,1.897933303E-1,-7.860130206E-2,1.779562030E2
1.313820213E2,1.782187459E-2,7.238700637E-4,1.656037290E-3,9.998395443E-1,1.779576555E2,1.912162986E-1,-7.955409536E-2,1.779575194E2
1.313870213E2,1.782542245E-2,7.204410504E-4,1.655334025E-3,9.998394847E-1,1.779572489E2,1.911289996E-1,-7.916198038E-2,1.779571135E2
1.313920213E2,1.783292198E-2,7.151337340E-4,1.648850855E-3,9.998393655E-1,1.779563893E2,1.903759459E-1,-7.856571983E-2,1.779562555E2
1.313970213E2,1.783016570E-2,7.176986546E-4,1.641383977E-3,9.998394251E-1,1.779567052E2,1.895254639E-1,-7.887537306E-2,1.779565715E2
1.314020213E2,1.782266372E-2,7.224934525E-4,1.648126985E-3,9.998395443E-1,1.779575650E2,1.903072373E-1,-7.941237819E-2,1.779574298E2
1.314070213E2,1.780883953E-2,7.321036537E-4,1.648684149E-3,9.998397827E-1,1.779591494E2,1.903895914E-1,-8.051494434E-2,1.779590123E2
1.314120213E2,1.780980117E-2,7.305587642E-4,1.638952992E-3,9.998397827E-1,1.779590392E2,1.892715814E-1,-8.035761943E-2,1.779589032E2
1.314170213E2,1.781610761E-2,7.268064655E-4,1.644792734E-3,9.998396635E-1,1.779583164E2,1.899335064E-1,-7.991458952E-2,1.779581807E2
1.314220213E2,1.781445763E-2,7.274321979E-4,1.662294497E-3,9.998396635E-1,1.779585055E2,1.919398924E-1,-7.995086483E-2,1.779583683E2
1.314270213E2,1.781826009E-2,7.249385235E-4,1.658476074E-3,9.998396039E-1,1.779580697E2,1.914976133E-1,-7.967222361E-2,1.779579333E2
1.314320213E2,1.783038302E-2,7.164105773E-4,1.639585011E-3,9.998394251E-1,1.779566803E2,1.893167348E-1,-7.873142863E-2,1.779565470E2
1.314370213E2,1.782614671E-2,7.192699704E-4,1.648027799E-3,9.998394847E-1,1.779571659E2,1.902895638E-1,-7.904259317E-2,1.779570313E2
1.314420213E2,1.782189515E-2,7.224871661E-4,1.656419947E-3,9.998395443E-1,1.779576531E2,1.912573178E-1,-7.939486686E-2,1.779575173E2
1.314470213E2,1.781984660E-2,7.242311258E-4,1.641653944E-3,9.998396039E-1,1.779578879E2,1.895689229E-1,-7.962522411E-2,1.779577529E2
1.314520213E2,1.781669206E-2,7.265016320E-4,1.638584887E-3,9.998396635E-1,1.779582494E2,1.892216752E-1,-7.989222779E-2,1.779581142E2
1.314570213E2,1.781839995E-2,7.245898596E-4,1.657125191E-3,9.998396039E-1,1.779580537E2,1.913421368E-1,-7.963500775E-2,1.779579174E2
1.314620213E2,1.783533076E-2,7.139977533E-4,1.659399248E-3,9.998393059E-1,1.779561133E2,1.915823799E-1,-7.841354821E-2,1.779559788E2
1.314670213E2,1.783323851E-2,7.144483970E-4,1.645721612E-3,9.998393655E-1,1.779563531E2,1.900160413E-1,-7.849353346E-2,1.779562196E2
1.314720213E2,1.783324294E-2,7.150113233E-4,1.645429060E-3,9.998393655E-1,1.779563526E2,1.899836736E-1,-7.855862677E-2,1.779562190E2
1.314770213E2,1.783876185E-2,7.102831150E-4,1.660025795E-3,9.998392463E-1,1.779557200E2,1.916468399E-1,-7.798601197E-2,1.779555863E2
1.314820213E2,1.782909706E-2,7.177588996E-4,1.652925275E-3,9.998394251E-1,1.779568277E2,1.908478306E-1,-7.885889689E-2,1.779566931E2
1.314870213E2,1.783388483E-2,7.153495098E-4,1.638309797E-3,9.998393655E-1,1.779562790E2,1.891687359E-1,-7.861180190E-2,1.779561460E2
1.314920213E2,1.784697280E-2,7.055643364E-4,1.645519165E-3,9.998391271E-1,1.779547790E2,1.899757521E-1,-7.747346234E-2,1.779546473E2
1.314970213E2,1.784252811E-2,7.092183805E-4,1.655899221E-3,9.998391867E-1,1.779552884E2,1.911721601E-1,-7.787173781E-2,1.779551552E2
1.315020213E2,1.783327371E-2,7.142561954E-4,1.645423588E-3,9.998393655E-1,1.779563490E2,1.899815056E-1,-7.847211467E-2,1.779562156E2
1.315070213E2,1.783751149E-2,7.119437214E-4,1.636686269E-3,9.998393059E-1,1.779558633E2,1.889760448E-1,-7.822422244E-2,1.779557311E2
1.315120213E2,1.785000091E-2,7.034024457E-4,1.649810583E-3,9.998390675E-1,1.779544319E2,1.904632468E-1,-7.721641382E-2,1.779543003E2
1.315170213E2,1.783946723E-2,7.105724071E-4,1.652303850E-3,9.998392463E-1,1.779556392E2,1.907627558E-1,-7.803480854E-2,1.779555060E2
1.315220213E2,1.783357827E-2,7.139919908E-4,1.642234274E-3,9.998393655E-1,1.779563141E2,1.896155784E-1,-7.844830409E-2,1.779561810E2
1.315270213E2,1.785970502E-2,6.954728160E-4,1.620128634E-3,9.998389482E-1,1.779533197E2,1.870469995E-1,-7.636679279E-2,1.779531919E2
1.315320213E2,1.792642133E-2,6.495773559E-4,1.524880528E-3,9.998379350E-1,1.779456734E2,1.760449039E-1,-7.129160199E-2,1.779455610E2
1.315370213E2,1.790962474E-2,6.643650122E-4,1.480747829E-3,9.998382926E-1,1.779475984E2,1.710176275E-1,-7.307940478E-2,1.779474867E2
1.315420213E2,1.788241236E-2,6.818498950E-4,1.519451151E-3,9.998387098E-1,1.779507173E2,1.754858465E-1,-7.500804258E-2,1.779505995E2
1.315470213E2,1.796140946E-2,6.269844016E-4,1.473486773E-3,9.998373985E-1,1.779416634E2,1.701125395E-1,-6.880268550E-2,1.779415586E2
1.315520213E2,1.796315678E-2,6.255930639E-4,1.411008299E-3,9.998374581E-1,1.779414631E2,1.629514337E-1,-6.877159240E-2,1.779413629E2
1.315570213E2,1.795404972E-2,6.325962604E-4,1.439045998E-3,9.998375773E-1,1.779425069E2,1.661775884E-1,-6.951776660E-2,1.779424035E2
1.315620213E2,1.798392097E-2,6.104282802E-4,1.448311377E-3,9.998370409E-1,1.779390834E2,1.671955387E-1,-6.695385645E-2,1.779389831E2
1.315670213E2,1.799688537E-2,6.025483017E-4,1.413599704E-3,9.998368621E-1,1.779375975E2,1.632031272E-1,-6.612044562E-2,1.779375009E2
1.315720213E2,1.800511544E-2,5.961421411E-4,1.395716215E-3,9.998367429E-1,1.779366543E2,1.611414846E-1,-6.542202951E-2,1.779365599E2
1.315770213E2,1.801152133E-2,5.928896717E-4,1.399839995E-3,9.998366237E-1,1.779359201E2,1.616076642E-1,-6.503984057E-2,1.779358260E2
1.315820213E2,1.801934041E-2,5.879888777E-4,1.386358752E-3,9.998365045E-1,1.779350239E2,1.600534639E-1,-6.450491701E-2,1.779349315E2
1.315870213E2,1.802104301E-2,5.863437545E-4,1.364756492E-3,9.998365045E-1,1.779348288E2,1.575751379E-1,-6.436076998E-2,1.779347380E2
1.315920213E2,1.802807945E-2,5.817775382E-4,1.361108501E-3,9.998363853E-1,1.779340223E2,1.571481948E-1,-6.384403324E-2,1.779339325E2
1.315970213E2,1.802190121E-2,5.863050465E-4,1.353393309E-3,9.998365045E-1,1.779347304E2,1.562731979E-1,-6.437966765E-2,1.779346404E2
1.316020213E2,1.803188822E-2,5.784325185E-4,1.311164815E-3,9.998363853E-1,1.779335858E2,1.514193232E-1,-6.356338945E-2,1.779334997E2
1.316070213E2,1.813296457E-2,5.089744227E-4,1.215146971E-3,9.998347163E-1,1.779220014E2,1.402803676E-1,-5.578960611E-2,1.779219313E2
1.316120213E2,1.812344853E-2,5.145972245E-4,1.255971729E-3,9.998348355E-1,1.779230921E2,1.449689247E-1,-5.635037298E-2,1.779230189E2
1.316170213E2,1.811505282E-2,6.346691516E-4,1.449581701E-3,9.998346567E-1,1.779240543E2,1.674001906E-1,-6.970663141E-2,1.779239499E2
1.316220213E2,1.807224387E-2,6.904623588E-4,1.619560760E-3,9.998351336E-1,1.779289607E2,1.869877875E-1,-7.575414433E-2,1.779288338E2
1.316270213E2,1.808915497E-2,6.377202808E-4,1.561751589E-3,9.998349547E-1,1.779270225E2,1.802563513E-1,-6.982801803E-2,1.779269097E2
1.316320213E2,1.809384709E-2,6.561744958E-4,1.498471014E-3,9.998349547E-1,1.779264847E2,1.730447030E-1,-7.207273437E-2,1.779263731E2
1.316370213E2,1.809014354E-2,6.940435269E-4,1.602083794E-3,9.998348355E-1,1.779269092E2,1.849941797E-1,-7.619733240E-2,1.779267830E2
1.316420213E2,1.808089562E-2,6.955975550E-4,1.667282195E-3,9.998348951E-1,1.779279691E2,1.924666752E-1,-7.624199832E-2,1.779278376E2
1.316470213E2,1.808322761E-2,6.796254893E-4,1.611915417E-3,9.998349547E-1,1.779277018E2,1.860902093E-1,-7.452632443E-2,1.779275776E2
1.316520213E2,1.808860165E-2,6.845532334E-4,1.586300670E-3,9.998348951E-1,1.779270859E2,1.831660668E-1,-7.514300659E-2,1.779269627E2
1.316570213E2,1.808702523E-2,6.949121598E-4,1.636544359E-3,9.998348355E-1,1.779272666E2,1.889439943E-1,-7.622600279E-2,1.779271376E2
1.316620213E2,1.808962781E-2,6.922876346E-4,1.645282726E-3,9.998347759E-1,1.779269683E2,1.899399325E-1,-7.590669702E-2,1.779268392E2
1.316670213E2,1.808306244E-2,6.880878354E-4,1.610177220E-3,9.998349547E-1,1.779277207E2,1.859085850E-1,-7.549951100E-2,1.779275951E2
1.316720213E2,1.808937628E-2,6.883714814E-4,1.613156055E-3,9.998348355E-1,1.779269971E2,1.862509441E-1,-7.552465990E-2,1.779268712E2
1.316770213E2,1.809026743E-2,6.970034447E-4,1.636234112E-3,9.998347759E-1,1.779268950E2,1.889130316E-1,-7.646563736E-2,1.779267656E2
1.316820213E2,1.808425589E-2,6.917805295E-4,1.632054220E-3,9.998348951E-1,1.779275840E2,1.884228434E-1,-7.587703234E-2,1.779274559E2
1.316870213E2,1.808197171E-2,6.894254475E-4,1.621812116E-3,9.998349547E-1,1.779278457E2,1.872443203E-1,-7.562885813E-2,1.779277189E2
1.316920213E2,1.807708183E-2,7.031897549E-4,1.633624779E-3,9.998350143E-1,1.779284062E2,1.886258811E-1,-7.718231649E-2,1.779282758E2
1.316970213E2,1.808010550E-2,7.000360638E-4,1.637991867E-3,9.998349547E-1,1.779280596E2,1.891199300E-1,-7.681137074E-2,1.779279296E2
1.317020213E2,1.808405804E-2,6.914883852E-4,1.634368673E-3,9.998348951E-1,1.779276066E2,1.886873968E-1,-7.583880138E-2,1.779274785E2
1.317070213E2,1.808351360E-2,6.992488634E-4,1.637088717E-3,9.998348951E-1,1.779276690E2,1.890150836E-1,-7.672240607E-2,1.779275392E2
1.317120213E2,1.807284803E-2,7.064457168E-4,1.642559655E-3,9.998350739E-1,1.779288914E2,1.896559948E-1,-7.753765431E-2,1.779287598E2
1.317170213E2,1.807983386E-2,6.930477684E-4,1.643951051E-3,9.998349547E-1,1.779280908E2,1.897881900E-1,-7.599840729E-2,1.779279616E2
1.317220213E2,1.808362572E-2,6.959856255E-4,1.637240755E-3,9.998348951E-1,1.779276562E2,1.890257483E-1,-7.634819187E-2,1.779275270E2
1.317270213E2,1.808313126E-2,7.060691714E-4,1.638384187E-3,9.998348951E-1,1.779277128E2,1.891776157E-1,-7.750121476E-2,1.779275816E2
1.317320213E2,1.808280477E-2,6.999617326E-4,1.644596457E-3,9.998348951E-1,1.779277503E2,1.898766914E-1,-7.678865735E-2,1.779276197E2
1.317370213E2,1.808332664E-2,6.982509512E-4,1.639577909E-3,9.998348951E-1,1.779276905E2,1.892981954E-1,-7.660294951E-2,1.779275606E2
1.317420213E2,1.807339520E-2,7.099017967E-4,1.635031775E-3,9.998350739E-1,1.779288287E2,1.888007040E-1,-7.794911464E-2,1.779286970E2
1.317470213E2,1.806686372E-2,7.106469711E-4,1.633995213E-3,9.998351932E-1,1.779295773E2,1.886829757E-1,-7.803787080E-2,1.779294455E2
1.317520213E2,1.807685901E-2,7.020988851E-4,1.636556932E-3,9.998350143E-1,1.779284317E2,1.889595495E-1,-7.705130041E-2,1.779283014E2
1.317570213E2,1.807378973E-2,7.089767605E-4,1.631067251E-3,9.998350739E-1,1.779287835E2,1.883445909E-1,-7.785126772E-2,1.779286522E2
1.317620213E2,1.807059772E-2,7.129359292E-4,1.628168975E-3,9.998351336E-1,1.779291493E2,1.880204779E-1,-7.831148368E-2,1.779290176E2
1.317670213E2,1.806394319E-2,7.104080869E-4,1.629911480E-3,9.998352528E-1,1.779299120E2,1.882143673E-1,-7.801950610E-2,1.779297806E2
1.317720213E2,1.806703915E-2,7.057022303E-4,1.634198590E-3,9.998351932E-1,1.779295572E2,1.886960518E-1,-7.747088420E-2,1.779294263E2
1.317770213E2,1.807706520E-2,7.017559838E-4,1.634425134E-3,9.998350143E-1,1.779284081E2,1.887146084E-1,-7.701639057E-2,1.779282780E2
1.317820213E2,1.806314864E-2,7.097538328E-4,1.638976973E-3,9.998352528E-1,1.779300031E2,1.892516125E-1,-7.792593025E-2,1.779298711E2
1.317870213E2,1.806031840E-2,7.109112339E-4,1.633294043E-3,9.998353124E-1,1.779303274E2,1.886026767E-1,-7.807083451E-2,1.779301957E2
1.317920213E2,1.807101075E-2,6.957745645E-4,1.631006482E-3,9.998351336E-1,1.779291020E2,1.883100680E-1,-7.633930564E-2,1.779289733E2
1.317970213E2,1.806678799E-2,7.019184995E-4,1.638598973E-3,9.998351932E-1,1.779295860E2,1.891923628E-1,-7.702830856E-2,1.779294555E2
1.318020213E2,1.805341057E-2,7.100660587E-4,1.637051813E-3,9.998354316E-1,1.779311191E2,1.890309279E-1,-7.796752904E-2,1.779309872E2
1.318070213E2,1.806060992E-2,7.017128519E-4,1.634048182E-3,9.998353124E-1,1.779302940E2,1.886700629E-1,-7.701533487E-2,1.779301639E2
1.318120213E2,1.807413400E-2,6.910703960E-4,1.634932822E-3,9.998350739E-1,1.779287440E2,1.887504144E-1,-7.579161556E-2,1.779286159E2
1.318170213E2,1.806050806E-2,7.051532739E-4,1.633692882E-3,9.998353124E-1,1.779303057E2,1.886364689E-1,-7.741026802E-2,1.779301750E2
1.318220213E2,1.805389625E-2,7.054621237E-4,1.633682637E-3,9.998354316E-1,1.779310635E2,1.886354223E-1,-7.744692242E-2,1.779309327E2
1.318270213E2,1.807373970E-2,6.885089679E-4,1.640363480E-3,9.998350739E-1,1.779287892E2,1.893672858E-1,-7.548697211E-2,1.779286612E2
1.318320213E2,1.806683009E-2,7.010576664E-4,1.638503280E-3,9.998351932E-1,1.779295811E2,1.891796197E-1,-7.692987073E-2,1.779294508E2
1.318370213E2,1.805671205E-2,7.106421981E-4,1.636793488E-3,9.998353720E-1,1.779307408E2,1.890027806E-1,-7.803344928E-2,1.779306088E2
1.318420213E2,1.806671932E-2,6.957807345E-4,1.641970361E-3,9.998351932E-1,1.779295938E2,1.895659185E-1,-7.631812091E-2,1.779294643E2
1.318470213E2,1.807636327E-2,6.959335878E-4,1.644646050E-3,9.998350143E-1,1.779284885E2,1.898735333E-1,-7.632826249E-2,1.779283588E2
1.318520213E2,1.805921107E-2,7.139579393E-4,1.644172939E-3,9.998353124E-1,1.779304543E2,1.898553252E-1,-7.839759814E-2,1.779303211E2
1.318570213E2,1.804980079E-2,7.119330112E-4,1.639639842E-3,9.998354912E-1,1.779315329E2,1.893310273E-1,-7.817676009E-2,1.779314004E2
1.318620213E2,1.806254502E-2,7.052342989E-4,1.647557830E-3,9.998352528E-1,1.779300722E2,1.902253444E-1,-7.739046723E-2,1.779299404E2
1.318670213E2,1.805613791E-2,7.161790272E-4,1.640709233E-3,9.998353720E-1,1.779308066E2,1.894628333E-1,-7.865982499E-2,1.779306732E2
1.318720213E2,1.805331612E-2,7.141936803E-4,1.636297675E-3,9.998354316E-1,1.779311300E2,1.889530573E-1,-7.844202009E-2,1.779309973E2
1.318770213E2,1.806683574E-2,7.000017213E-4,1.638892340E-3,9.998351932E-1,1.779295805E2,1.892220094E-1,-7.680808163E-2,1.779294504E2
1.318820213E2,1.806997465E-2,7.029228145E-4,1.639399212E-3,9.998351336E-1,1.779292207E2,1.892863742E-1,-7.714111553E-2,1.779290900E2
1.318870213E2,1.806055726E-2,7.087078993E-4,1.631609513E-3,9.998353124E-1,1.779303001E2,1.884051327E-1,-7.782183389E-2,1.779301688E2
1.318920213E2,1.806095724E-2,7.005228545E-4,1.630716491E-3,9.998353124E-1,1.779302542E2,1.882859043E-1,-7.688582390E-2,1.779301246E2
1.318970213E2,1.806739654E-2,7.004101644E-4,1.632523257E-3,9.998351932E-1,1.779295162E2,1.884931729E-1,-7.686795915E-2,1.779293865E2
1.319020213E2,1.806355577E-2,7.043160731E-4,1.636834233E-3,9.998352528E-1,1.779299564E2,1.889948859E-1,-7.730726984E-2,1.779298256E2
1.319070213E2,1.806023845E-2,7.033810252E-4,1.637433190E-3,9.998353124E-1,1.779303366E2,1.890613182E-1,-7.719952626E-2,1.779302059E2
1.319120213E2,1.806484191E-2,7.035642047E-4,1.622904441E-3,9.998352528E-1,1.779298090E2,1.873974493E-1,-7.724972074E-2,1.779296794E2
1.319170213E2,1.806333801E-2,7.084055687E-4,1.600664342E-3,9.998353124E-1,1.779299814E2,1.848592393E-1,-7.785072877E-2,1.779298526E2
1.319220213E2,1.808753139E-2,7.021647179E-4,1.699474640E-3,9.998347163E-1,1.779272085E2,1.961691820E-1,-7.692640934E-2,1.779270734E2
1.319270213E2,1.810078756E-2,7.038207259E-4,1.662448863E-3,9.998345375E-1,1.779256893E2,1.919314823E-1,-7.719034552E-2,1.779255566E2
1.319320213E2,1.802795125E-2,7.387182559E-4,1.498648664E-3,9.998360872E-1,1.779340370E2,1.732308589E-1,-8.154104389E-2,1.779339109E2
1.319370213E2,1.807287053E-2,6.828408805E-4,1.615794841E-3,9.998351336E-1,1.779288888E2,1.865405751E-1,-7.488861340E-2,1.779287637E2
1.319420213E2,1.806890918E-2,7.147666765E-4,1.751260250E-3,9.998349547E-1,1.779293428E2,2.021270851E-1,-7.826667168E-2,1.779292011E2
1.319470213E2,1.808157293E-2,7.073151646E-4,1.618551323E-3,9.998349547E-1,1.779278914E2,1.869077654E-1,-7.768536266E-2,1.779277615E2
1.319520213E2,1.806576101E-2,6.582125789E-4,1.556917094E-3,9.998353720E-1,1.779297037E2,1.797432443E-1,-7.219010309E-2,1.779295875E2
1.319570213E2,1.812468666E-2,6.538195885E-4,1.673376886E-3,9.998341203E-1,1.779229502E2,1.930815150E-1,-7.143429953E-2,1.779228265E2
1.319620213E2,1.806438851E-2,7.469715783E-4,1.645121723E-3,9.998351932E-1,1.779298610E2,1.900327890E-1,-8.217711350E-2,1.779297213E2
1.319670213E2,1.805071590E-2,6.852865336E-4,1.604189631E-3,9.998355508E-1,1.779314280E2,1.852143303E-1,-7.519695841E-2,1.779313033E2
1.319720213E2,1.811700282E-2,6.313021295E-4,1.621988020E-3,9.998343587E-1,1.779238308E2,1.871464355E-1,-6.896259177E-2,1.779237150E2
1.319770213E2,1.803747399E-2,7.562365499E-4,1.609799801E-3,9.998357296E-1,1.779329456E2,1.860027867E-1,-8.331675597E-2,1.779328071E2
1.319820213E2,1.803322254E-2,7.188880700E-4,1.637288136E-3,9.998357892E-1,1.779334329E2,1.890746637E-1,-7.898161988E-2,1.779332993E2
1.319870213E2,1.810304883E-2,6.313355407E-4,1.630784711E-3,9.998345971E-1,1.779254301E2,1.881534055E-1,-6.895078224E-2,1.779253137E2
1.319920213E2,1.808217932E-2,7.129718433E-4,1.571800094E-3,9.998350143E-1,1.779278219E2,1.815631049E-1,-7.843022799E-2,1.779276946E2
1.319970213E2,1.804470026E-2,7.298726123E-4,1.615015557E-3,9.998356104E-1,1.779321174E2,1.865464491E-1,-8.028403645E-2,1.779319835E2
1.320020213E2,1.809315517E-2,6.451750523E-4,1.661784132E-3,9.998347163E-1,1.779265640E2,1.917331191E-1,-7.047399815E-2,1.779264428E2
1.320070213E2,1.810501187E-2,6.859979476E-4,1.586307772E-3,9.998345971E-1,1.779252051E2,1.831711116E-1,-7.530551029E-2,1.779250816E2
1.320120213E2,1.803817273E-2,7.308591739E-4,1.576323877E-3,9.998357892E-1,1.779328656E2,1.821149372E-1,-8.047826927E-2,1.779327345E2
1.320170213E2,1.806696645E-2,6.650438881E-4,1.651957748E-3,9.998351932E-1,1.779295655E2,1.906465762E-1,-7.277579164E-2,1.779294411E2
1.320220213E2,1.809446906E-2,6.794556393E-4,1.633576001E-3,9.998347163E-1,1.779264134E2,1.885724135E-1,-7.445985657E-2,1.779262876E2
1.320270213E2,1.805839935E-2,7.115247427E-4,1.580414828E-3,9.998354316E-1,1.779305474E2,1.825452611E-1,-7.825092000E-2,1.779304196E2
1.320320213E2,1.806957355E-2,6.645157118E-4,1.623408403E-3,9.998351932E-1,1.779292667E2,1.873746861E-1,-7.277389840E-2,1.779291445E2
1.320370213E2,1.809275292E-2,6.746766740E-4,1.654431690E-3,9.998347163E-1,1.779266101E2,1.909518751E-1,-7.386939914E-2,1.779264837E2
1.320420213E2,1.806113821E-2,7.162000402E-4,1.621878240E-3,9.998353124E-1,1.779302335E2,1.873057449E-1,-7.870026117E-2,1.779301016E2
1.320470213E2,1.804987010E-2,6.839875132E-4,1.614229521E-3,9.998355508E-1,1.779315249E2,1.863618808E-1,-7.502751532E-2,1.779313997E2
1.320520213E2,1.808109982E-2,6.729451707E-4,1.638370217E-3,9.998349547E-1,1.779279457E2,1.891072140E-1,-7.370652219E-2,1.779278208E2
1.320570213E2,1.806630971E-2,7.127553690E-4,1.639194204E-3,9.998351932E-1,1.779296408E2,1.892829628E-1,-7.826877634E-2,1.779295082E2
1.320620213E2,1.804557169E-2,7.032362628E-4,1.617095433E-3,9.998356104E-1,1.779320176E2,1.867297260E-1,-7.722777233E-2,1.779318885E2
1.320670213E2,1.806617480E-2,6.810969790E-4,1.617643284E-3,9.998352528E-1,1.779296562E2,1.867482444E-1,-7.468623214E-2,1.779295313E2
1.320720213E2,1.806018031E-2,7.137067150E-4,1.633601845E-3,9.998353124E-1,1.779303433E2,1.886437182E-1,-7.839050943E-2,1.779302109E2
1.320770213E2,1.804721629E-2,7.141731912E-4,1.630744315E-3,9.998355508E-1,1.779318291E2,1.883162705E-1,-7.845231079E-2,1.779316969E2
1.320820213E2,1.804509744E-2,6.967571680E-4,1.625172095E-3,9.998356104E-1,1.779320719E2,1.876416577E-1,-7.646883096E-2,1.779319435E2
1.320870213E2,1.805331807E-2,7.118688663E-4,1.637288951E-3,9.998354316E-1,1.779311297E2,1.890618206E-1,-7.817360855E-2,1.779309975E2
1.320920213E2,1.805507615E-2,7.159077795E-4,1.652469859E-3,9.998353720E-1,1.779309283E2,1.908096399E-1,-7.860461472E-2,1.779307940E2
1.320970213E2,1.805504248E-2,7.026185631E-4,1.622200361E-3,9.998354316E-1,1.779309321E2,1.873140667E-1,-7.714466946E-2,1.779308028E2
1.321020213E2,1.804567001E-2,7.128387806E-4,1.611785148E-3,9.998356104E-1,1.779320063E2,1.861411782E-1,-7.833892277E-2,1.779318758E2
1.321070213E2,1.804280167E-2,7.127583376E-4,1.643617987E-3,9.998356104E-1,1.779323350E2,1.897879752E-1,-7.826441983E-2,1.779322021E2
1.321120213E2,1.806010275E-2,6.862432929E-4,1.646178542E-3,9.998353124E-1,1.779303522E2,1.900278160E-1,-7.521793510E-2,1.779302241E2
1.321170213E2,1.805225667E-2,7.003156934E-4,1.617455739E-3,9.998354912E-1,1.779312514E2,1.867654809E-1,-7.689116077E-2,1.779311229E2
1.321220213E2,1.804538600E-2,7.080216892E-4,1.617079484E-3,9.998356104E-1,1.779320388E2,1.867377817E-1,-7.777611955E-2,1.779319089E2
1.321270213E2,1.806383859E-2,6.866376498E-4,1.641218667E-3,9.998352528E-1,1.779299240E2,1.894606454E-1,-7.527267502E-2,1.779297963E2
1.321320213E2,1.807134796E-2,6.941150641E-4,1.627974561E-3,9.998351336E-1,1.779290633E2,1.879592801E-1,-7.615538764E-2,1.779289352E2
1.321370213E2,1.804524031E-2,7.180006942E-4,1.614302862E-3,9.998356104E-1,1.779320555E2,1.864402829E-1,-7.892521096E-2,1.779319239E2
1.321420213E2,1.803771839E-2,7.086395053E-4,1.628607512E-3,9.998357296E-1,1.779329176E2,1.880592648E-1,-7.782450689E-2,1.779327866E2
1.321470213E2,1.805669924E-2,6.991387345E-4,1.641880954E-3,9.998353720E-1,1.779307422E2,1.895618595E-1,-7.670494095E-2,1.779306120E2
1.321520213E2,1.805489331E-2,7.022687350E-4,1.624011085E-3,9.998354316E-1,1.779309492E2,1.875207916E-1,-7.710087013E-2,1.779308198E2
1.321570213E2,1.804602563E-2,6.957368460E-4,1.615272718E-3,9.998356104E-1,1.779319655E2,1.865054158E-1,-7.637222808E-2,1.779318380E2
1.321620213E2,1.805121339E-2,6.944788620E-4,1.631554565E-3,9.998354912E-1,1.779313710E2,1.883686713E-1,-7.619344828E-2,1.779312425E2
1.321670213E2,1.805158561E-2,7.036434254E-4,1.623489778E-3,9.998354912E-1,1.779313283E2,1.874636528E-1,-7.726007098E-2,1.779311987E2
1.321720213E2,1.804675713E-2,6.973505951E-4,1.606379752E-3,9.998356104E-1,1.779318817E2,1.854899147E-1,-7.657537521E-2,1.779317546E2
1.321770213E2,1.805313927E-2,6.875753170E-4,1.613065018E-3,9.998354912E-1,1.779311502E2,1.862361290E-1,-7.544037973E-2,1.779310244E2
1.321820213E2,1.805478554E-2,6.972108968E-4,1.627384918E-3,9.998354316E-1,1.779309616E2,1.878968675E-1,-7.651441926E-2,1.779308329E2
1.321870213E2,1.804207212E-2,7.039866177E-4,1.618963666E-3,9.998356700E-1,1.779324186E2,1.869450566E-1,-7.731053339E-2,1.779322893E2
1.321920213E2,1.805223071E-2,6.887521595E-4,1.622702344E-3,9.998354912E-1,1.779312544E2,1.873426737E-1,-7.555544570E-2,1.779311276E2
1.321970213E2,1.805157426E-2,6.967216614E-4,1.626598183E-3,9.998354912E-1,1.779313296E2,1.878054709E-1,-7.646059721E-2,1.779312011E2
1.322020213E2,1.805129681E-2,7.002123166E-4,1.628177590E-3,9.998354912E-1,1.779313614E2,1.879936291E-1,-7.685731605E-2,1.779312321E2
1.322070213E2,1.804822556E-2,7.022279897E-4,1.624751138E-3,9.998355508E-1,1.779317134E2,1.876049832E-1,-7.709592171E-2,1.779315839E2
1.322120213E2,1.805897312E-2,6.960285828E-4,1.618020236E-3,9.998353720E-1,1.779304816E2,1.868218003E-1,-7.639755190E-2,1.779303539E2
1.322170213E2,1.805169133E-2,7.049760316E-4,1.621735166E-3,9.998354912E-1,1.779313162E2,1.872653868E-1,-7.741636129E-2,1.779311864E2
1.322220213E2,1.805008287E-2,7.056485629E-4,1.639251248E-3,9.998354912E-1,1.779315005E2,1.892735257E-1,-7.745748393E-2,1.779313693E2
1.322270213E2,1.805070527E-2,7.017247844E-4,1.634073909E-3,9.998354912E-1,1.779314292E2,1.886722724E-1,-7.701851781E-2,1.779312991E2
1.322320213E2,1.805546571E-2,6.975131109E-4,1.619691029E-3,9.998354316E-1,1.779308836E2,1.870160322E-1,-7.656483664E-2,1.779307554E2
1.322370213E2,1.805394215E-2,7.016980671E-4,1.634796150E-3,9.998354316E-1,1.779310582E2,1.887552158E-1,-7.701335164E-2,1.779309281E2
1.322420213E2,1.803963915E-2,7.068004925E-4,1.644645701E-3,9.998356700E-1,1.779326975E2,1.898931578E-1,-7.758028866E-2,1.779325656E2
1.322470213E2,1.805539212E-2,6.897171843E-4,1.623844611E-3,9.998354316E-1,1.779308920E2,1.874757827E-1,-7.566305539E-2,1.779307650E2
1.322520213E2,1.804905960E-2,6.964756758E-4,1.617947943E-3,9.998355508E-1,1.779316178E2,1.868136847E-1,-7.645077847E-2,1.779314900E2
1.322570213E2,1.804041591E-2,7.082752418E-4,1.635465305E-3,9.998356700E-1,1.779326085E2,1.888444406E-1,-7.776808693E-2,1.779324770E2
1.322620213E2,1.804720750E-2,7.007846725E-4,1.636639470E-3,9.998355508E-1,1.779318301E2,1.889640027E-1,-7.690616056E-2,1.779317000E2
1.322670213E2,1.804903260E-2,6.971451803E-4,1.617960748E-3,9.998355508E-1,1.779316209E2,1.868165348E-1,-7.652746401E-2,1.779314929E2
1.322720213E2,1.803878211E-2,7.053064764E-4,1.618239796E-3,9.998357296E-1,1.779327957E2,1.868645949E-1,-7.746386483E-2,1.779326662E2
1.322770213E2,1.803660679E-2,7.026328240E-4,1.643453608E-3,9.998357296E-1,1.779330450E2,1.897477251E-1,-7.710582722E-2,1.779329140E2
1.322820213E2,1.804025268E-2,7.003058563E-4,1.640689443E-3,9.998356700E-1,1.779326272E2,1.894264958E-1,-7.684424279E-2,1.779324969E2
1.322870213E2,1.802439754E-2,7.176181534E-4,1.625784673E-3,9.998359680E-1,1.779344443E2,1.877533548E-1,-7.886155215E-2,1.779343119E2
1.322920213E2,1.802070881E-2,7.214646903E-4,1.628315425E-3,9.998360276E-1,1.779348671E2,1.880509649E-1,-7.929772700E-2,1.779347337E2
1.322970213E2,1.802948252E-2,7.118610665E-4,1.645129640E-3,9.998358488E-1,1.779338615E2,1.899582733E-1,-7.816102187E-2,1.779337287E2
1.323020213E2,1.803315928E-2,7.119824295E-4,1.640998176E-3,9.998357892E-1,1.779334401E2,1.894854568E-1,-7.818276623E-2,1.779333076E2
1.323070213E2,1.801750500E-2,7.193417405E-4,1.628109254E-3,9.998360872E-1,1.779352343E2,1.880227051E-1,-7.905552292E-2,1.779351013E2
1.323120213E2,1.802343339E-2,7.121427334E-4,1.638828777E-3,9.998359680E-1,1.779345548E2,1.892364724E-1,-7.820745674E-2,1.779344224E2
1.323170213E2,1.803532417E-2,7.123592659E-4,1.653312938E-3,9.998357296E-1,1.779331920E2,1.908973462E-1,-7.820007860E-2,1.779330584E2
1.323220213E2,1.803275063E-2,7.153681363E-4,1.644013566E-3,9.998357892E-1,1.779334870E2,1.898379051E-1,-7.856452214E-2,1.779333535E2
1.323270213E2,1.802994594E-2,7.128100260E-4,1.639630762E-3,9.998358488E-1,1.779338084E2,1.893302468E-1,-7.828102063E-2,1.779336758E2
1.323320213E2,1.804249475E-2,7.050409913E-4,1.650302089E-3,9.998356104E-1,1.779323702E2,1.905378109E-1,-7.736645994E-2,1.779322382E2
1.323370213E2,1.803894203E-2,7.134097978E-4,1.649431419E-3,9.998356700E-1,1.779327774E2,1.904550832E-1,-7.832777426E-2,1.779326439E2
1.323420213E2,1.802998899E-2,7.143602124E-4,1.638482325E-3,9.998358488E-1,1.779338035E2,1.892018735E-1,-7.846099460E-2,1.779336706E2
1.323470213E2,1.804340132E-2,7.028519758E-4,1.641299692E-3,9.998356104E-1,1.779322663E2,1.895019214E-1,-7.713410037E-2,1.779321355E2
1.323520213E2,1.804268364E-2,7.051281282E-4,1.648198464E-3,9.998356104E-1,1.779323486E2,1.902969869E-1,-7.738075707E-2,1.779322167E2
1.323570213E2,1.803312710E-2,7.101827068E-4,1.642131247E-3,9.998357892E-1,1.779334438E2,1.896115540E-1,-7.797423150E-2,1.779333115E2
1.323620213E2,1.803343157E-2,7.016253076E-4,1.642466174E-3,9.998357892E-1,1.779334089E2,1.896322643E-1,-7.699303649E-2,1.779332782E2
1.323670213E2,1.803941546E-2,7.016145391E-4,1.649313141E-3,9.998356700E-1,1.779327231E2,1.904171814E-1,-7.697651307E-2,1.779325919E2
1.323720213E2,1.802902539E-2,7.140582893E-4,1.649182290E-3,9.998358488E-1,1.779339139E2,1.904271029E-1,-7.840447746E-2,1.779337803E2
1.323770213E2,1.802938668E-2,7.112213643E-4,1.646456192E-3,9.998358488E-1,1.779338725E2,1.901089313E-1,-7.808500675E-2,1.779337397E2
1.323820213E2,1.802960727E-2,7.090487634E-4,1.644977019E-3,9.998358488E-1,1.779338472E2,1.899349854E-1,-7.783910007E-2,1.779337149E2
1.323870213E2,1.802534120E-2,7.192161866E-4,1.651075669E-3,9.998359084E-1,1.779343362E2,1.906544003E-1,-7.899222276E-2,1.779342014E2
1.323920213E2,1.801892758E-2,7.206589216E-4,1.648262143E-3,9.998360276E-1,1.779350712E2,1.903345186E-1,-7.916455377E-2,1.779349364E2
1.323970213E2,1.802618290E-2,7.088081329E-4,1.646380639E-3,9.998359084E-1,1.779342397E2,1.900950388E-1,-7.780928130E-2,1.779341073E2
1.324020213E2,1.802558441E-2,7.183752023E-4,1.648784964E-3,9.998359084E-1,1.779343083E2,1.903902288E-1,-7.890055441E-2,1.779341739E2
1.324070213E2,1.801553169E-2,7.297124830E-4,1.645240583E-3,9.998360872E-1,1.779354604E2,1.900067541E-1,-8.020873056E-2,1.779353241E2
1.324120213E2,1.816786857E-2,7.133808685E-4,1.643483876E-3,9.998333454E-1,1.779180011E2,1.897836945E-1,-7.831228329E-2,1.779178680E2
1.324170213E2,1.816783704E-2,7.149761659E-4,1.643139170E-3,9.998333454E-1,1.779180047E2,1.897475199E-1,-7.849578418E-2,1.779178714E2
1.324220213E2,1.818312454E-2,7.319952128E-4,1.647880999E-3,9.998330474E-1,1.779162526E2,1.903274733E-1,-8.043291644E-2,1.779161156E2
1.324270213E2,1.818998558E-2,7.163637201E-4,1.651354949E-3,9.998329282E-1,1.779154662E2,1.906934565E-1,-7.863343009E-2,1.779153320E2
1.324320213E2,1.827549277E-2,7.029536064E-4,1.651322818E-3,9.998313785E-1,1.779056662E2,1.906684104E-1,-7.708076137E-2,1.779055346E2
1.324370213E2,1.825856744E-2,7.197109517E-4,1.650888240E-3,9.998316765E-1,1.779076060E2,1.906523824E-1,-7.900482626E-2,1.779074712E2
1.324420213E2,1.838517821E-2,7.267696201E-4,1.650485792E-3,9.998293519E-1,1.778930951E2,1.906311499E-1,-7.979025700E-2,1.778929589E2
1.324470213E2,1.840546762E-2,7.027511601E-4,1.651396742E-3,9.998289943E-1,1.778907697E2,1.906864715E-1,-7.703262386E-2,1.778906381E2
1.324520213E2,1.850226317E-2,7.091267034E-4,1.649627113E-3,9.998272061E-1,1.778796758E2,1.905046980E-1,-7.774837248E-2,1.778795432E2
1.324570213E2,1.848218724E-2,7.263274165E-4,1.650437480E-3,9.998275638E-1,1.778819768E2,1.906324187E-1,-7.972119879E-2,1.778818407E2
1.324620213E2,1.861778924E-2,7.166450960E-4,1.647120109E-3,9.998250604E-1,1.778664352E2,1.902424909E-1,-7.859310277E-2,1.778663013E2
1.324670213E2,1.863431701E-2,7.059866912E-4,1.645726385E-3,9.998247623E-1,1.778645410E2,1.900613450E-1,-7.737178449E-2,1.778644092E2
1.324720213E2,1.870720925E-2,7.225474110E-4,1.644439646E-3,9.998233914E-1,1.778561867E2,1.899550690E-1,-7.925807078E-2,1.778560518E2
1.324770213E2,1.870376894E-2,7.183958660E-4,1.649145503E-3,9.998234510E-1,1.778565810E2,1.904850548E-1,-7.877298949E-2,1.778564466E2
1.324820213E2,1.869787368E-2,7.086913101E-4,1.647921745E-3,9.998235703E-1,1.778572566E2,1.903235852E-1,-7.766487040E-2,1.778571242E2
1.324870213E2,1.869143566E-2,7.203182322E-4,1.643583761E-3,9.998236895E-1,1.778579945E2,1.898509827E-1,-7.900750074E-2,1.778578602E2
1.324920213E2,1.887513633E-2,7.250444032E-4,1.645126147E-3,9.998202324E-1,1.778369402E2,1.900524334E-1,-7.951076341E-2,1.778368049E2
1.324970213E2,1.888506442E-2,7.126057753E-4,1.645296114E-3,9.998200536E-1,1.778358024E2,1.900457732E-1,-7.808340249E-2,1.778356694E2
1.325020213E2,1.904231300E-2,7.177104708E-4,1.641662209E-3,9.998170733E-1,1.778177798E2,1.896528523E-1,-7.864628998E-2,1.778176461E2
1.325070213E2,1.902680520E-2,7.293414674E-4,1.634825603E-3,9.998173714E-1,1.778195572E2,1.888937192E-1,-7.999670967E-2,1.778194218E2
1.325120213E2,1.904262205E-2,7.194243371E-4,1.637321431E-3,9.998170733E-1,1.778177443E2,1.891592898E-1,-7.885206284E-2,1.778176107E2
1.325170213E2,1.904880512E-2,7.163343253E-4,1.639546012E-3,9.998169541E-1,1.778170357E2,1.894079036E-1,-7.849201224E-2,1.778169025E2
1.325220213E2,1.915183275E-2,7.206868031E-4,1.636862173E-3,9.998149872E-1,1.778052274E2,1.891180553E-1,-7.897704960E-2,1.778050936E2
1.325270213E2,1.915568090E-2,7.113847532E-4,1.632302999E-3,9.998149276E-1,1.778047864E2,1.885755889E-1,-7.792059051E-2,1.778046547E2
1.325320213E2,1.923327451E-2,7.081155782E-4,1.634011860E-3,9.998134375E-1,1.777958932E2,1.887702143E-1,-7.752763868E-2,1.777957620E2
1.325370213E2,1.922363508E-2,7.200997788E-4,1.632795203E-3,9.998136163E-1,1.777969980E2,1.886564780E-1,-7.890517181E-2,1.777968646E2
1.325420213E2,1.926127957E-2,7.195289363E-4,1.627372461E-3,9.998129010E-1,1.777926834E2,1.880369022E-1,-7.884463675E-2,1.777925506E2
1.325470213E2,1.927459124E-2,7.094725734E-4,1.620642724E-3,9.998126626E-1,1.777911578E2,1.872447071E-1,-7.770483920E-2,1.777910273E2
1.325520213E2,1.937600144E-2,7.159857778E-4,1.621974166E-3,9.998106956E-1,1.777795348E2,1.874195953E-1,-7.842910760E-2,1.777794031E2
1.325570213E2,1.937309526E-2,7.170613972E-4,1.619470189E-3,9.998107553E-1,1.777798679E2,1.871348742E-1,-7.855844515E-2,1.777797361E2
1.325620213E2,1.940751330E-2,7.014745497E-4,1.618979732E-3,9.998100996E-1,1.777759232E2,1.870467164E-1,-7.676731120E-2,1.777757944E2
1.325670213E2,1.940424361E-2,7.024773513E-4,1.620926661E-3,9.998101592E-1,1.777762979E2,1.872717556E-1,-7.687848435E-2,1.777761688E2
1.325720213E2,1.952975406E-2,7.102384698E-4,1.617548289E-3,9.998077154E-1,1.777619127E2,1.869117171E-1,-7.775172382E-2,1.777617824E2
1.325770213E2,1.955470311E-2,6.925480557E-4,1.618532930E-3,9.998072386E-1,1.777590533E2,1.869868198E-1,-7.571807093E-2,1.777589262E2
1.325820213E2,1.966444954E-2,6.903053145E-4,1.615329995E-3,9.998050928E-1,1.777464748E2,1.866231164E-1,-7.544781403E-2,1.777463485E2
1.325870213E2,1.964277014E-2,7.049037958E-4,1.614551758E-3,9.998055100E-1,1.777489596E2,1.865651834E-1,-7.712615056E-2,1.777488305E2
1.325920213E2,1.970965585E-2,7.029860280E-4,1.612282591E-3,9.998041987E-1,1.777412936E2,1.863060330E-1,-7.689907772E-2,1.777411650E2
1.325970213E2,1.973077399E-2,6.880015135E-4,1.619163668E-3,9.998037815E-1,1.777388731E2,1.870621332E-1,-7.516282098E-2,1.777387469E2
1.326020213E2,1.981812072E-2,6.934416015E-4,1.617435482E-3,9.998020530E-1,1.777288620E2,1.868830585E-1,-7.577366816E-2,1.777287349E2
1.326070213E2,1.980607234E-2,7.027180982E-4,1.613632659E-3,9.998022914E-1,1.777302429E2,1.864675161E-1,-7.684735013E-2,1.777301143E2
1.326120213E2,1.991158950E-2,6.905941991E-4,1.612855820E-3,9.998002052E-1,1.777181491E2,1.863589559E-1,-7.544042346E-2,1.777180229E2
1.326170213E2,1.991120959E-2,6.899042055E-4,1.617833623E-3,9.998002052E-1,1.777181927E2,1.869276548E-1,-7.535008431E-2,1.777180662E2
1.326220213E2,2.004491936E-2,6.997944438E-4,1.620017109E-3,9.997975230E-1,1.777028676E2,1.872106108E-1,-7.645317770E-2,1.777027391E2
1.326270213E2,2.005109991E-2,6.955669960E-4,1.618922106E-3,9.997974038E-1,1.777021592E2,1.870759154E-1,-7.597020463E-2,1.777020316E2
1.326320213E2,2.008387754E-2,6.931804237E-4,1.618557959E-3,9.997967482E-1,1.776984024E2,1.870311926E-1,-7.569148400E-2,1.776982753E2
1.326370213E2,2.006824121E-2,7.042131620E-4,1.623643795E-3,9.997970462E-1,1.777001946E2,1.876380622E-1,-7.694671535E-2,1.777000650E2
1.326420213E2,2.012476348E-2,7.037696778E-4,1.621591626E-3,9.997959137E-1,1.776937163E2,1.874062749E-1,-7.689003101E-2,1.776935869E2
1.326470213E2,2.013079559E-2,6.985943182E-4,1.622455195E-3,9.997957945E-1,1.776930249E2,1.874937361E-1,-7.629397646E-2,1.776928965E2
1.326520213E2,2.018686008E-2,6.986277876E-4,1.623711199E-3,9.997946620E-1,1.776865991E2,1.876419899E-1,-7.628439138E-2,1.776864706E2
1.326570213E2,2.018683542E-2,6.981252227E-4,1.624233904E-3,9.997946620E-1,1.776866019E2,1.877007108E-1,-7.622560889E-2,1.776864734E2
1.326620213E2,2.030173990E-2,6.958142621E-4,1.623958349E-3,9.997923374E-1,1.776734321E2,1.876725230E-1,-7.593991573E-2,1.776733041E2
1.326670213E2,2.029599811E-2,7.001232007E-4,1.620481489E-3,9.997924566E-1,1.776740902E2,1.872837725E-1,-7.644274599E-2,1.776739617E2
1.326720213E2,2.041336594E-2,6.953323027E-4,1.619275194E-3,9.997900724E-1,1.776606381E2,1.871433335E-1,-7.587470032E-2,1.776605105E2
1.326770213E2,2.042495619E-2,6.854393287E-4,1.624537748E-3,9.997898340E-1,1.776593097E2,1.877239743E-1,-7.472679948E-2,1.776591836E2
1.326820213E2,2.041007196E-2,6.941025495E-4,1.624514698E-3,9.997901320E-1,1.776610156E2,1.877404860E-1,-7.572217211E-2,1.776608879E2
1.326870213E2,2.041054488E-2,6.941380561E-4,1.618546899E-3,9.997901320E-1,1.776609614E2,1.870568867E-1,-7.574010994E-2,1.776608342E2
1.326920213E2,2.044569420E-2,6.837343681E-4,1.621163334E-3,9.997894168E-1,1.776569328E2,1.873349297E-1,-7.453547897E-2,1.776568073E2
1.326970213E2,2.044250774E-2,6.873426028E-4,1.623061253E-3,9.997894764E-1,1.776572980E2,1.875605864E-1,-7.494501618E-2,1.776571717E2
1.327020213E2,2.042806532E-2,6.937716971E-4,1.618578914E-3,9.997897744E-1,1.776589533E2,1.870610240E-1,-7.569478414E-2,1.776588261E2
1.327070213E2,2.045212292E-2,6.770133041E-4,1.616404741E-3,9.997892976E-1,1.776561959E2,1.867744732E-1,-7.377541223E-2,1.776560721E2
1.327120213E2,2.050131002E-2,6.739291130E-4,1.621320378E-3,9.997882843E-1,1.776505583E2,1.873340289E-1,-7.340132692E-2,1.776504347E2
1.327170213E2,2.048014819E-2,6.897354615E-4,1.624832163E-3,9.997887015E-1,1.776529838E2,1.877719136E-1,-7.520794208E-2,1.776528569E2
1.327220213E2,2.053593687E-2,6.849307101E-4,1.619551680E-3,9.997875690E-1,1.776465895E2,1.871598290E-1,-7.465942397E-2,1.776464640E2
1.327270213E2,2.055094536E-2,6.747412262E-4,1.617426868E-3,9.997872710E-1,1.776448693E2,1.868935155E-1,-7.349423763E-2,1.776447458E2
1.327320213E2,2.053264772E-2,6.850130740E-4,1.624417375E-3,9.997876287E-1,1.776469665E2,1.877172283E-1,-7.465802693E-2,1.776468406E2
1.327370213E2,2.052970616E-2,6.856802502E-4,1.624629367E-3,9.997876883E-1,1.776473037E2,1.877428659E-1,-7.473451704E-2,1.776471776E2
1.327420213E2,2.056475316E-2,6.769868196E-4,1.625188161E-3,9.997869730E-1,1.776432867E2,1.877890155E-1,-7.373063697E-2,1.776431623E2
1.327470213E2,2.056516874E-2,6.782460259E-4,1.619394170E-3,9.997869730E-1,1.776432391E2,1.871282107E-1,-7.388847747E-2,1.776431148E2
1.327520213E2,2.063697333E-2,6.781572592E-4,1.625930541E-3,9.997854829E-1,1.776350092E2,1.878821618E-1,-7.384940983E-2,1.776348844E2
1.327570213E2,2.064852878E-2,6.699215155E-4,1.629237435E-3,9.997852445E-1,1.776336847E2,1.882423874E-1,-7.289586890E-2,1.776335613E2
1.327620213E2,2.068964882E-2,6.696195924E-4,1.619741553E-3,9.997844100E-1,1.776289717E2,1.871567524E-1,-7.287605086E-2,1.776288490E2
1.327670213E2,2.069536750E-2,6.662725355E-4,1.621645293E-3,9.997842908E-1,1.776283163E2,1.873673366E-1,-7.248700348E-2,1.776281941E2
1.327720213E2,2.084760129E-2,6.640530773E-4,1.620235154E-3,9.997811317E-1,1.776108678E2,1.872115136E-1,-7.220756620E-2,1.776107462E2
1.327770213E2,2.083370375E-2,6.736100186E-4,1.611126820E-3,9.997814298E-1,1.776124607E2,1.861898155E-1,-7.332682043E-2,1.776123379E2
1.327820213E2,2.091640441E-2,6.796314847E-4,1.609698753E-3,9.997797012E-1,1.776029818E2,1.860467062E-1,-7.400469928E-2,1.776028580E2
1.327870213E2,2.092777729E-2,6.721792743E-4,1.613086322E-3,9.997794628E-1,1.776016783E2,1.864177763E-1,-7.314068621E-2,1.776015556E2
1.327920213E2,2.096183767E-2,6.761875120E-4,1.612470835E-3,9.997787476E-1,1.775977744E2,1.863593831E-1,-7.359502258E-2,1.775976510E2
1.327970213E2,2.095051316E-2,6.849682541E-4,1.608109218E-3,9.997789860E-1,1.775990724E2,1.858799374E-1,-7.461358210E-2,1.775989477E2
1.328020213E2,2.097649281E-2,6.787839811E-4,1.605567290E-3,9.997784495E-1,1.775960947E2,1.855757886E-1,-7.390635362E-2,1.775959713E2
1.328070213E2,2.097621928E-2,6.784595898E-4,1.609273721E-3,9.997784495E-1,1.775961260E2,1.859996216E-1,-7.386033049E-2,1.775960025E2
1.328120213E2,2.090738576E-2,6.868057535E-4,1.612752909E-3,9.997798800E-1,1.776040155E2,1.864131341E-1,-7.482098996E-2,1.776038901E2
1.328170213E2,2.090757316E-2,6.870354991E-4,1.610223670E-3,9.997798800E-1,1.776039940E2,1.861239320E-1,-7.485333610E-2,1.776038688E2
1.328220213E2,2.094962966E-2,6.849181373E-4,1.619599527E-3,9.997789860E-1,1.775991736E2,1.871961571E-1,-7.458041897E-2,1.775990481E2
1.328270213E2,2.094343903E-2,6.898692809E-4,1.623968710E-3,9.997791052E-1,1.775998832E2,1.877081423E-1,-7.513832589E-2,1.775997564E2
1.328320213E2,2.097211861E-2,6.973287091E-4,1.617601723E-3,9.997785091E-1,1.775965960E2,1.869987833E-1,-7.600284195E-2,1.775964683E2
1.328370213E2,2.098990807E-2,6.858209381E-4,1.612813678E-3,9.997781515E-1,1.775945571E2,1.864239022E-1,-7.469263038E-2,1.775944318E2
1.328420213E2,2.104941630E-2,6.865665200E-4,1.612853725E-3,9.997768998E-1,1.775877364E2,1.864347343E-1,-7.476685581E-2,1.775876111E2
1.328470213E2,2.103727583E-2,6.939698360E-4,1.620277064E-3,9.997771382E-1,1.775891279E2,1.873021418E-1,-7.559939213E-2,1.775890006E2
1.328520213E2,2.105415202E-2,6.925310590E-4,1.622358104E-3,9.997767806E-1,1.775871936E2,1.875383633E-1,-7.542637446E-2,1.775870664E2
1.328570213E2,2.106329847E-2,6.873726961E-4,1.616009511E-3,9.997766018E-1,1.775861453E2,1.867992656E-1,-7.484901003E-2,1.775860195E2
1.328620213E2,2.110274648E-2,6.841096911E-4,1.618997194E-3,9.997757673E-1,1.775816239E2,1.871366146E-1,-7.446058515E-2,1.775814985E2
1.328670213E2,2.109705948E-2,6.872373051E-4,1.618174254E-3,9.997758865E-1,1.775822757E2,1.870494722E-1,-7.482195721E-2,1.775821498E2
1.328720213E2,2.111411267E-2,6.831203355E-4,1.618452952E-3,9.997755289E-1,1.775803211E2,1.870727153E-1,-7.434642811E-2,1.775801960E2
1.328770213E2,2.111155500E-2,6.853811210E-4,1.614036155E-3,9.997755885E-1,1.775806143E2,1.865719794E-1,-7.461660129E-2,1.775804890E2
1.328820213E2,2.115413273E-2,6.830785424E-4,1.611342304E-3,9.997746944E-1,1.775757341E2,1.862609503E-1,-7.435138938E-2,1.775756096E2
1.328870213E2,2.115398748E-2,6.816153764E-4,1.613866771E-3,9.997746944E-1,1.775757508E2,1.865466105E-1,-7.417766788E-2,1.775756263E2
1.328920213E2,2.114014716E-2,6.840213318E-4,1.609575236E-3,9.997749925E-1,1.775773371E2,1.860597483E-1,-7.446628729E-2,1.775772125E2
1.328970213E2,2.114278753E-2,6.817796384E-4,1.612865250E-3,9.997749329E-1,1.775770345E2,1.864314372E-1,-7.420100307E-2,1.775769100E2
1.329020213E2,2.115348656E-2,6.809630431E-4,1.620693598E-3,9.997746944E-1,1.775758082E2,1.873271151E-1,-7.408647710E-2,1.775756833E2
1.329070213E2,2.114833823E-2,6.845703465E-4,1.612805179E-3,9.997748137E-1,1.775763983E2,1.864317312E-1,-7.451983329E-2,1.775762733E2
1.329120213E2,2.125542514E-2,6.796951056E-4,1.611158485E-3,9.997725487E-1,1.775641243E2,1.862391805E-1,-7.394534045E-2,1.775640003E2
1.329170213E2,2.126390714E-2,6.748950691E-4,1.612213091E-3,9.997723699E-1,1.775631521E2,1.863489319E-1,-7.339127189E-2,1.775630290E2
1.329220213E2,2.131126950E-2,6.794616347E-4,1.613282715E-3,9.997713566E-1,1.775577235E2,1.864861044E-1,-7.390300205E-2,1.775575995E2
1.329270213E2,2.130586781E-2,6.820683484E-4,1.609649742E-3,9.997714758E-1,1.775583426E2,1.860758560E-1,-7.421151911E-2,1.775582184E2
1.329320213E2,2.138416264E-2,6.808394683E-4,1.608519000E-3,9.997698069E-1,1.775493687E2,1.859491112E-1,-7.405893083E-2,1.775492448E2
1.329370213E2,2.139208308E-2,6.763497950E-4,1.616219408E-3,9.997696280E-1,1.775484608E2,1.868208920E-1,-7.352421996E-2,1.775483372E2
1.329420213E2,2.146112878E-2,6.802731659E-4,1.620973810E-3,9.997681379E-1,1.775405470E2,1.873803092E-1,-7.394910583E-2,1.775404223E2
1.329470213E2,2.146164573E-2,6.790787447E-4,1.614617882E-3,9.997681379E-1,1.775404877E2,1.866492402E-1,-7.382780214E-2,1.775403637E2
1.329520213E2,2.145360124E-2,6.780119147E-4,1.611249521E-3,9.997683167E-1,1.775414098E2,1.862601255E-1,-7.371536376E-2,1.775412862E2
1.329570213E2,2.145072913E-2,6.800781121E-4,1.611633692E-3,9.997683764E-1,1.775417390E2,1.863090060E-1,-7.395166849E-2,1.775416150E2
1.329620213E2,2.143408768E-2,6.820599665E-4,1.610353705E-3,9.997687340E-1,1.775436464E2,1.861660013E-1,-7.418496502E-2,1.775435221E2
1.329670213E2,2.142850240E-2,6.855090032E-4,1.609210507E-3,9.997688532E-1,1.775442865E2,1.860430863E-1,-7.458395164E-2,1.775441617E2
1.329720213E2,2.145944185E-2,6.871959777E-4,1.603531069E-3,9.997681975E-1,1.775407403E2,1.853988763E-1,-7.478542937E-2,1.775406156E2
1.329770213E2,2.145065971E-2,6.935234414E-4,1.606820733E-3,9.997683764E-1,1.775417469E2,1.857906568E-1,-7.550387759E-2,1.775416207E2
1.329820213E2,2.154487105E-2,6.931648240E-4,1.607444137E-3,9.997663498E-1,1.775309486E2,1.858683058E-1,-7.544374550E-2,1.775308224E2
1.329870213E2,2.155095413E-2,6.884000613E-4,1.602082048E-3,9.997662306E-1,1.775302514E2,1.852426875E-1,-7.490998311E-2,1.775301265E2
1.329920213E2,2.160593884E-2,6.858655834E-4,1.606489299E-3,9.997650385E-1,1.775239491E2,1.857454480E-1,-7.459852117E-2,1.775238244E2
1.329970213E2,2.159751519E-2,6.908783689E-4,1.606329111E-3,9.997652173E-1,1.775249146E2,1.857388755E-1,-7.517477092E-2,1.775247890E2
1.330020213E2,2.167176873E-2,6.898664287E-4,1.608317601E-3,9.997636080E-1,1.775164038E2,1.859697559E-1,-7.504010480E-2,1.775162782E2
1.330070213E2,2.166616993E-2,6.940436433E-4,1.607850427E-3,9.997637272E-1,1.775170455E2,1.859261865E-1,-7.552086681E-2,1.775169192E2
1.330120213E2,2.167931894E-2,7.034334703E-4,1.611836255E-3,9.997634292E-1,1.775155384E2,1.864071459E-1,-7.658425990E-2,1.775154100E2
1.330170213E2,2.167648644E-2,7.060058997E-4,1.611835789E-3,9.997634888E-1,1.775158631E2,1.864132663E-1,-7.687949827E-2,1.775157341E2
1.330220213E2,2.166007476E-2,7.094306638E-4,1.609132160E-3,9.997638464E-1,1.775177441E2,1.861107651E-1,-7.728162581E-2,1.775176148E2
1.330270213E2,2.167138874E-2,7.008092362E-4,1.608706778E-3,9.997636080E-1,1.775164474E2,1.860414924E-1,-7.629286640E-2,1.775163197E2
1.330320213E2,2.171770481E-2,6.989479880E-4,1.614623354E-3,9.997625947E-1,1.775111387E2,1.867182250E-1,-7.605628964E-2,1.775110109E2
1.330370213E2,2.170657237E-2,7.072466542E-4,1.613081899E-3,9.997628331E-1,1.775124147E2,1.865614268E-1,-7.701293511E-2,1.775122854E2
1.330420213E2,2.172564562E-2,7.114678156E-4,1.613046159E-3,9.997624159E-1,1.775102285E2,1.865693120E-1,-7.749305964E-2,1.775100985E2
1.330470213E2,2.173682329E-2,7.034277660E-4,1.613755943E-3,9.997621775E-1,1.775089473E2,1.866314649E-1,-7.656810259E-2,1.775088188E2
1.330520213E2,2.174227985E-2,7.050400018E-4,1.613397966E-3,9.997620583E-1,1.775083219E2,1.865948887E-1,-7.675268065E-2,1.775081931E2
1.330570213E2,2.172302504E-2,7.195079233E-4,1.607822254E-3,9.997624755E-1,1.775105289E2,1.859906508E-1,-7.842766314E-2,1.775103977E2
1.330620213E2,2.168180752E-2,7.107068086E-4,1.612142660E-3,9.997633696E-1,1.775152532E2,1.864605136E-1,-7.741630087E-2,1.775151233E2
1.330670213E2,2.169489166E-2,7.015123265E-4,1.624914468E-3,9.997630715E-1,1.775137535E2,1.879018651E-1,-7.632874670E-2,1.775136244E2
1.330720213E2,2.178247582E-2,7.136252243E-4,1.621439704E-3,9.997611642E-1,1.775037147E2,1.875407057E-1,-7.770866397E-2,1.775035836E2
1.330770213E2,2.179387613E-2,7.054804009E-4,1.618815819E-3,9.997609258E-1,1.775024080E2,1.872206435E-1,-7.677997342E-2,1.775022787E2
1.330820213E2,2.178839392E-2,6.992009585E-4,1.621712232E-3,9.997610450E-1,1.775030364E2,1.875363681E-1,-7.605436855E-2,1.775029080E2
1.330870213E2,2.178501673E-2,7.022498758E-4,1.629003556E-3,9.997611046E-1,1.775034235E2,1.883790512E-1,-7.638609603E-2,1.775032940E2
1.330920213E2,2.185336524E-2,6.983511848E-4,1.629727893E-3,9.997596145E-1,1.774955894E2,1.884574914E-1,-7.592475352E-2,1.774954606E2
1.330970213E2,2.186249751E-2,6.926893257E-4,1.619322575E-3,9.997594357E-1,1.774945427E2,1.872519194E-1,-7.530045600E-2,1.774944158E2
1.331020213E2,2.187246658E-2,7.033294532E-4,1.627291436E-3,9.997591972E-1,1.774934001E2,1.881922903E-1,-7.649759031E-2,1.774932705E2
1.331070213E2,2.186623906E-2,7.068737759E-4,1.636184985E-3,9.997593164E-1,1.774941139E2,1.892195801E-1,-7.688252879E-2,1.774939829E2
1.331120213E2,2.188875279E-2,7.056978648E-4,1.626996906E-3,9.997588396E-1,1.774915334E2,1.881657353E-1,-7.676659805E-2,1.774914034E2
1.331170213E2,2.188357982E-2,7.093247841E-4,1.621745527E-3,9.997589588E-1,1.774921263E2,1.875728138E-1,-7.719625543E-2,1.774919960E2
1.331220213E2,2.186329972E-2,7.129058940E-4,1.636426779E-3,9.997593760E-1,1.774944508E2,1.892621701E-1,-7.757354307E-2,1.774943186E2
1.331270213E2,2.186345483E-2,7.117669447E-4,1.634849468E-3,9.997593760E-1,1.774944330E2,1.890786245E-1,-7.744698304E-2,1.774943012E2
1.331320213E2,2.187267535E-2,7.106584962E-4,1.621289994E-3,9.997591972E-1,1.774933761E2,1.875231274E-1,-7.735223853E-2,1.774932456E2
1.331370213E2,2.186987152E-2,7.136539207E-4,1.621043193E-3,9.997592568E-1,1.774936975E2,1.875021439E-1,-7.769655084E-2,1.774935664E2
1.331420213E2,2.189381877E-2,7.130035083E-4,1.628899598E-3,9.997587204E-1,1.774909527E2,1.884024365E-1,-7.759783419E-2,1.774908212E2
1.331470213E2,2.189417342E-2,7.131452439E-4,1.624063589E-3,9.997587204E-1,1.774909120E2,1.878487856E-1,-7.762613881E-2,1.774907809E2
1.331520213E2,2.191080199E-2,7.166901487E-4,1.618388924E-3,9.997583628E-1,1.774890061E2,1.872088647E-1,-7.804338124E-2,1.774888747E2
1.331570213E2,2.192156058E-2,7.097279304E-4,1.623040764E-3,9.997581244E-1,1.774877730E2,1.877251471E-1,-7.723206167E-2,1.774876425E2
1.331620213E2,2.194833369E-2,7.082597003E-4,1.628991682E-3,9.997575283E-1,1.774847042E2,1.884052840E-1,-7.704386049E-2,1.774845736E2
1.331670213E2,2.194041163E-2,7.125592092E-4,1.624085242E-3,9.997577071E-1,1.774856123E2,1.878533826E-1,-7.755025802E-2,1.774854812E2
1.331720213E2,2.197370784E-2,7.038335316E-4,1.618024311E-3,9.997569919E-1,1.774817959E2,1.871396254E-1,-7.655961749E-2,1.774816669E2
1.331770213E2,2.198129818E-2,6.994039286E-4,1.627306337E-3,9.997568130E-1,1.774809259E2,1.881924343E-1,-7.602734336E-2,1.774807971E2
1.331820213E2,2.203223963E-2,7.055524620E-4,1.631501946E-3,9.997556806E-1,1.774750870E2,1.886924991E-1,-7.671155907E-2,1.774749567E2
1.331870213E2,2.202165215E-2,7.120840601E-4,1.625496312E-3,9.997559190E-1,1.774763005E2,1.880201423E-1,-7.747699694E-2,1.774761694E2
1.331920213E2,2.206500533E-2,7.091157604E-4,1.625435892E-3,9.997549653E-1,1.774713314E2,1.880090735E-1,-7.712893751E-2,1.774712009E2
1.331970213E2,2.207008125E-2,7.059439085E-4,1.631215564E-3,9.997548461E-1,1.774707496E2,1.886635837E-1,-7.674998664E-2,1.774706193E2
1.332020213E2,2.210798509E-2,7.053533918E-4,1.629631734E-3,9.997540116E-1,1.774664051E2,1.884835475E-1,-7.667919483E-2,1.774662750E2
1.332070213E2,2.210315429E-2,7.098370697E-4,1.620052266E-3,9.997541308E-1,1.774669588E2,1.873970751E-1,-7.721803559E-2,1.774668286E2
1.332120213E2,2.210283298E-2,7.082683151E-4,1.625114819E-3,9.997541308E-1,1.774669956E2,1.879730616E-1,-7.702555080E-2,1.774668653E2
1.332170213E2,2.211038462E-2,7.042032084E-4,1.634135027E-3,9.997539520E-1,1.774661301E2,1.889967313E-1,-7.653556308E-2,1.774659998E2
1.332220213E2,2.214554000E-2,7.054748130E-4,1.631597406E-3,9.997531772E-1,1.774621006E2,1.887119306E-1,-7.668103644E-2,1.774619703E2
1.332270213E2,2.213767262E-2,7.104394026E-4,1.626632642E-3,9.997533560E-1,1.774630023E2,1.881551415E-1,-7.726387668E-2,1.774628715E2
1.332320213E2,2.214027678E-2,7.116059423E-4,1.627313090E-3,9.997532964E-1,1.774627038E2,1.882362574E-1,-7.739530281E-2,1.774625727E2
1.332370213E2,2.214834377E-2,7.062732475E-4,1.629715553E-3,9.997531176E-1,1.774617792E2,1.884985804E-1,-7.677675493E-2,1.774616489E2
1.332420213E2,2.219668936E-2,7.103860844E-4,1.628341386E-3,9.997520447E-1,1.774562378E2,1.883553263E-1,-7.724231469E-2,1.774561069E2
1.332470213E2,2.218301527E-2,7.195699145E-4,1.627672114E-3,9.997523427E-1,1.774578052E2,1.883009444E-1,-7.829872149E-2,1.774576725E2
1.332520213E2,2.223169985E-2,7.118118228E-4,1.625836478E-3,9.997512698E-1,1.774522250E2,1.880746929E-1,-7.740543738E-2,1.774520939E2
1.332570213E2,2.224002249E-2,7.055576425E-4,1.624692464E-3,9.997510910E-1,1.774512710E2,1.879283338E-1,-7.669028924E-2,1.774511412E2
1.332620213E2,2.226960124E-2,7.103499374E-4,1.620887546E-3,9.997504354E-1,1.774478807E2,1.875069298E-1,-7.724345917E-2,1.774477503E2
1.332670213E2,2.225881099E-2,7.160605164E-4,1.619532355E-3,9.997506738E-1,1.774491175E2,1.873654089E-1,-7.790316101E-2,1.774489861E2
1.332720213E2,2.226981426E-2,7.106785197E-4,1.617813832E-3,9.997504354E-1,1.774478563E2,1.871556499E-1,-7.728890691E-2,1.774477261E2
1.332770213E2,2.228053578E-2,7.029820699E-4,1.620886382E-3,9.997501969E-1,1.774466274E2,1.874888270E-1,-7.639732648E-2,1.774464984E2
1.332820213E2,2.232863006E-2,7.065755199E-4,1.619256451E-3,9.997491241E-1,1.774411148E2,1.873149677E-1,-7.680415357E-2,1.774409853E2
1.332870213E2,2.233398744E-2,7.032829453E-4,1.620406751E-3,9.997490048E-1,1.774405007E2,1.874387334E-1,-7.642299901E-2,1.774403717E2
1.332920213E2,2.237654436E-2,6.986563094E-4,1.623678138E-3,9.997480512E-1,1.774356229E2,1.878049013E-1,-7.587659127E-2,1.774354945E2
1.332970213E2,2.236571886E-2,7.052031578E-4,1.623200485E-3,9.997482896E-1,1.774368637E2,1.877661400E-1,-7.662987413E-2,1.774367341E2
1.333020213E2,2.239522676E-2,7.069657440E-4,1.619401504E-3,9.997476339E-1,1.774334815E2,1.873377028E-1,-7.683600858E-2,1.774333519E2
1.333070213E2,2.240096991E-2,7.030448178E-4,1.615263638E-3,9.997475147E-1,1.774328232E2,1.868540313E-1,-7.639636291E-2,1.774326946E2
1.333120213E2,2.235552363E-2,7.009975961E-4,1.618616749E-3,9.997485280E-1,1.774380323E2,1.872294559E-1,-7.616173108E-2,1.774379038E2
1.333170213E2,2.235001631E-2,7.037924952E-4,1.619828050E-3,9.997486472E-1,1.774386635E2,1.873749661E-1,-7.647985148E-2,1.774385345E2
1.333220213E2,2.235283463E-2,7.032571593E-4,1.617958187E-3,9.997485876E-1,1.774383405E2,1.871595928E-1,-7.642278349E-2,1.774382117E2
1.333270213E2,2.235274390E-2,7.035566960E-4,1.619081013E-3,9.997485876E-1,1.774383509E2,1.872889877E-1,-7.645424003E-2,1.774382219E2
1.333320213E2,2.242954713E-2,7.076269249E-4,1.622483251E-3,9.997468591E-1,1.774295477E2,1.876950940E-1,-7.689740279E-2,1.774294177E2
1.333370213E2,2.243519767E-2,7.031192654E-4,1.619771356E-3,9.997467399E-1,1.774289000E2,1.873732555E-1,-7.638690516E-2,1.774287711E2
1.333420213E2,2.246981358E-2,7.026439998E-4,1.618402661E-3,9.997459650E-1,1.774249323E2,1.872178748E-1,-7.632949414E-2,1.774248036E2
1.333470213E2,2.247773748E-2,6.977097946E-4,1.620960888E-3,9.997457862E-1,1.774240241E2,1.874988462E-1,-7.575614581E-2,1.774238961E2
1.333520213E2,2.248358938E-2,6.928476505E-4,1.615402056E-3,9.997456670E-1,1.774233533E2,1.868499254E-1,-7.521235179E-2,1.774232267E2
1.333570213E2,2.248105039E-2,6.939632585E-4,1.613369910E-3,9.997457266E-1,1.774236443E2,1.866198005E-1,-7.534586848E-2,1.774235177E2
1.333620213E2,2.251518461E-2,6.922922912E-4,1.618237817E-3,9.997449517E-1,1.774197319E2,1.871757417E-1,-7.513550664E-2,1.774196051E2
1.333670213E2,2.251789658E-2,6.903962349E-4,1.618136535E-3,9.997448921E-1,1.774194210E2,1.871594493E-1,-7.491804354E-2,1.774192947E2
1.333720213E2,2.254728455E-2,6.873815437E-4,1.615274698E-3,9.997442365E-1,1.774160525E2,1.868260014E-1,-7.457456653E-2,1.774159270E2
1.333770213E2,2.253141111E-2,6.973698619E-4,1.611136948E-3,9.997445941E-1,1.774178720E2,1.863765783E-1,-7.573250173E-2,1.774177448E2
1.333820213E2,2.255567323E-2,6.917293067E-4,1.606953214E-3,9.997440577E-1,1.774150910E2,1.858845354E-1,-7.509259805E-2,1.774149653E2
1.333870213E2,2.255292800E-2,6.929876981E-4,1.607859042E-3,9.997441173E-1,1.774154057E2,1.859913558E-1,-7.523493155E-2,1.774152796E2
1.333920213E2,2.256299765E-2,6.967178779E-4,1.613208093E-3,9.997438788E-1,1.774142515E2,1.866145607E-1,-7.564656517E-2,1.774141243E2
1.333970213E2,2.256056632E-2,6.986192311E-4,1.609446714E-3,9.997439384E-1,1.774145302E2,1.861883796E-1,-7.587456694E-2,1.774144029E2
1.334020213E2,2.261368154E-2,6.940943422E-4,1.606472651E-3,9.997427464E-1,1.774084421E2,1.858399672E-1,-7.535400117E-2,1.774083159E2
1.334070213E2,2.260800393E-2,6.979985046E-4,1.610500971E-3,9.997428656E-1,1.774090928E2,1.863111495E-1,-7.579188913E-2,1.774089656E2
1.334120213E2,2.261575997E-2,7.043931982E-4,1.609821105E-3,9.997426867E-1,1.774082038E2,1.862504252E-1,-7.652479538E-2,1.774080755E2
1.334170213E2,2.260760171E-2,7.091333973E-4,1.611282700E-3,9.997428656E-1,1.774091389E2,1.864295266E-1,-7.706557593E-2,1.774090095E2
1.334220213E2,2.265481989E-2,7.088217535E-4,1.613901695E-3,9.997417927E-1,1.774037268E2,1.867323954E-1,-7.701426879E-2,1.774035972E2
1.334270213E2,2.265205204E-2,7.100487710E-4,1.615290064E-3,9.997418523E-1,1.774040440E2,1.868944225E-1,-7.715175135E-2,1.774039141E2
1.334320213E2,2.269690883E-2,7.121435483E-4,1.611833577E-3,9.997408390E-1,1.773989025E2,1.865073501E-1,-7.739233767E-2,1.773987725E2
1.334370213E2,2.270001543E-2,7.090551080E-4,1.606407575E-3,9.997407794E-1,1.773985464E2,1.858779406E-1,-7.705205554E-2,1.773984174E2
1.334420213E2,2.270271199E-2,7.068524719E-4,1.606365782E-3,9.997407198E-1,1.773982373E2,1.858676295E-1,-7.679932474E-2,1.773981087E2
1.334470213E2,2.270252893E-2,7.081680815E-4,1.608372317E-3,9.997407198E-1,1.773982583E2,1.861009116E-1,-7.694485720E-2,1.773981293E2
1.334520213E2,2.266015287E-2,7.131467573E-4,1.610969193E-3,9.997416735E-1,1.774031155E2,1.864080841E-1,-7.751636890E-2,1.774029854E2
1.334570213E2,2.266568317E-2,7.103902753E-4,1.608364866E-3,9.997415543E-1,1.774024816E2,1.861029946E-1,-7.720631424E-2,1.774023522E2
1.334620213E2,2.268955591E-2,7.026567473E-4,1.608607359E-3,9.997410178E-1,1.773997453E2,1.861125084E-1,-7.631527189E-2,1.773996173E2
1.334670213E2,2.268397439E-2,7.078737253E-4,1.610948471E-3,9.997411370E-1,1.774003850E2,1.863938484E-1,-7.690789230E-2,1.774002559E2
1.334720213E2,2.273645916E-2,7.127383724E-4,1.608704566E-3,9.997399449E-1,1.773943692E2,1.861534953E-1,-7.746125617E-2,1.773942393E2
1.334770213E2,2.274454624E-2,7.082492230E-4,1.607493614E-3,9.997397661E-1,1.773934422E2,1.860036907E-1,-7.694862167E-2,1.773933133E2
1.334820213E2,2.281485713E-2,7.098364295E-4,1.611295622E-3,9.997381568E-1,1.773853831E2,1.864488176E-1,-7.710743249E-2,1.773852536E2
1.334870213E2,2.279862335E-2,7.199765532E-4,1.614678185E-3,9.997385144E-1,1.773872438E2,1.868615741E-1,-7.826329176E-2,1.773871121E2
1.334920213E2,2.277255515E-2,7.178938249E-4,1.614421722E-3,9.997391105E-1,1.773902318E2,1.868247166E-1,-7.803023251E-2,1.773901005E2
1.334970213E2,2.277552819E-2,7.160122623E-4,1.610222738E-3,9.997390509E-1,1.773898910E2,1.863389930E-1,-7.782508133E-2,1.773897604E2
1.335020213E2,2.275183841E-2,7.221583510E-4,1.609319006E-3,9.997395873E-1,1.773926064E2,1.862496416E-1,-7.853595986E-2,1.773924747E2
1.335070213E2,2.274927928E-2,7.246739115E-4,1.607337268E-3,9.997396469E-1,1.773928997E2,1.860289672E-1,-7.882979011E-2,1.773927677E2
1.335120213E2,2.274727616E-2,7.241499261E-4,1.598827308E-3,9.997397065E-1,1.773931293E2,1.850525240E-1,-7.879231775E-2,1.773929981E2
1.335170213E2,2.274718143E-2,7.235855446E-4,1.600429881E-3,9.997397065E-1,1.773931402E2,1.852346394E-1,-7.872350120E-2,1.773930089E2
1.335220213E2,2.275460234E-2,7.281627622E-4,1.604556339E-3,9.997395277E-1,1.773922896E2,1.857198963E-1,-7.923574010E-2,1.773921571E2
1.335270213E2,2.275746304E-2,7.260031416E-4,1.602099626E-3,9.997394681E-1,1.773919617E2,1.854330441E-1,-7.899420573E-2,1.773918298E2
1.335320213E2,2.275497360E-2,7.274622330E-4,1.599601354E-3,9.997395277E-1,1.773922470E2,1.851504452E-1,-7.916833821E-2,1.773921151E2
1.335370213E2,2.275497668E-2,7.262732252E-4,1.600097865E-3,9.997395277E-1,1.773922467E2,1.852042260E-1,-7.903082807E-2,1.773921149E2
1.335420213E2,2.276012481E-2,7.237925893E-4,1.602482051E-3,9.997394085E-1,1.773916566E2,1.854712995E-1,-7.873946983E-2,1.773915251E2
1.335470213E2,2.275434790E-2,7.276205579E-4,1.608405844E-3,9.997395277E-1,1.773923187E2,1.861594696E-1,-7.916363354E-2,1.773921861E2
1.335520213E2,2.275450364E-2,7.278681733E-4,1.606088947E-3,9.997395277E-1,1.773923009E2,1.858946990E-1,-7.919801336E-2,1.773921684E2
1.335570213E2,2.276249329E-2,7.211476914E-4,1.607211656E-3,9.997393489E-1,1.773913851E2,1.860064196E-1,-7.842368903E-2,1.773912538E2
1.335620213E2,2.275703995E-2,7.255532546E-4,1.608301303E-3,9.997394681E-1,1.773920102E2,1.861423145E-1,-7.892657100E-2,1.773918779E2
1.335670213E2,2.275477129E-2,7.267391775E-4,1.602804754E-3,9.997395277E-1,1.773922702E2,1.855155318E-1,-7.907718784E-2,1.773921382E2
1.335720213E2,2.276547555E-2,7.196445949E-4,1.602715463E-3,9.997392893E-1,1.773910433E2,1.854876386E-1,-7.826266680E-2,1.773909126E2
1.335770213E2,2.276510905E-2,7.198600215E-4,1.607816550E-3,9.997392893E-1,1.773910853E2,1.860725630E-1,-7.827410660E-2,1.773909541E2
1.335820213E2,2.275445496E-2,7.262417348E-4,1.607514219E-3,9.997395277E-1,1.773923065E2,1.860537359E-1,-7.900797821E-2,1.773921741E2
1.335870213E2,2.275499580E-2,7.267328328E-4,1.599617186E-3,9.997395277E-1,1.773922445E2,1.851503585E-1,-7.908473144E-2,1.773921127E2
1.335920213E2,2.276303661E-2,7.206250448E-4,1.599733718E-3,9.997393489E-1,1.773913228E2,1.851484104E-1,-7.838321949E-2,1.773911922E2
1.335970213E2,2.275730801E-2,7.245207089E-4,1.604970312E-3,9.997394681E-1,1.773919794E2,1.857580372E-1,-7.881691785E-2,1.773918476E2
1.336020213E2,2.275175512E-2,7.286522305E-4,1.607568469E-3,9.997395873E-1,1.773926159E2,1.860660230E-1,-7.928448985E-2,1.773924831E2
1.336070213E2,2.275163592E-2,7.294290699E-4,1.608902588E-3,9.997395873E-1,1.773926296E2,1.862208787E-1,-7.937002971E-2,1.773924965E2
1.336120213E2,2.275416527E-2,7.278588600E-4,1.610879786E-3,9.997395277E-1,1.773923397E2,1.864434967E-1,-7.918451688E-2,1.773922068E2
1.336170213E2,2.275161674E-2,7.280445425E-4,1.609800616E-3,9.997395873E-1,1.773926318E2,1.863201470E-1,-7.920907796E-2,1.773924989E2
1.336220213E2,2.274915091E-2,7.302285521E-4,1.606640057E-3,9.997396469E-1,1.773929144E2,1.859635654E-1,-7.946798111E-2,1.773927814E2
1.336270213E2,2.275716471E-2,7.254895754E-4,1.606563688E-3,9.997394681E-1,1.773919959E2,1.859430934E-1,-7.892378413E-2,1.773918638E2
1.336320213E2,2.275727626E-2,7.249281043E-4,1.605236554E-3,9.997394681E-1,1.773919831E2,1.857895985E-1,-7.886290134E-2,1.773918512E2
1.336370213E2,2.275198571E-2,7.281812141E-4,1.604515361E-3,9.997395873E-1,1.773925895E2,1.857150425E-1,-7.923844690E-2,1.773924570E2
1.336420213E2,2.275223612E-2,7.282888400E-4,1.600911724E-3,9.997395873E-1,1.773925608E2,1.853025027E-1,-7.926012615E-2,1.773924286E2
1.336470213E2,2.275486766E-2,7.266751491E-4,1.601465163E-3,9.997395277E-1,1.773922592E2,1.853619061E-1,-7.907332794E-2,1.773921272E2
1.336520213E2,2.274388673E-2,7.347666542E-4,1.604920835E-3,9.997397661E-1,1.773935178E2,1.857780186E-1,-7.999333436E-2,1.773933841E2
1.336570213E2,2.273577479E-2,7.395863067E-4,1.606256003E-3,9.997399449E-1,1.773944476E2,1.859428879E-1,-8.054351115E-2,1.773943128E2
1.336620213E2,2.274419243E-2,7.337345742E-4,1.601056079E-3,9.997397661E-1,1.773934828E2,1.853325980E-1,-7.988511383E-2,1.773933495E2
1.336670213E2,2.274662087E-2,7.333018584E-4,1.603970770E-3,9.997397065E-1,1.773932044E2,1.856655771E-1,-7.982749322E-2,1.773930710E2
1.336720213E2,2.273568551E-2,7.391900872E-4,1.607701532E-3,9.997399449E-1,1.773944578E2,1.861074512E-1,-8.049436986E-2,1.773943230E2
1.336770213E2,2.273849158E-2,7.375298883E-4,1.605842495E-3,9.997398853E-1,1.773941362E2,1.858903753E-1,-8.030849635E-2,1.773940019E2
1.336820213E2,2.274358718E-2,7.351168897E-4,1.609000261E-3,9.997397661E-1,1.773935521E2,1.862462553E-1,-8.002288117E-2,1.773934180E2
1.336870213E2,2.274342234E-2,7.350880769E-4,1.611341722E-3,9.997397661E-1,1.773935710E2,1.865144098E-1,-8.001350839E-2,1.773934367E2
1.336920213E2,2.274594321E-2,7.326258929E-4,1.613859204E-3,9.997397065E-1,1.773932821E2,1.867966010E-1,-7.972440375E-2,1.773931480E2
1.336970213E2,2.275141489E-2,7.296114345E-4,1.611942658E-3,9.997395873E-1,1.773926549E2,1.865696135E-1,-7.938303665E-2,1.773925216E2
1.337020213E2,2.274317062E-2,7.342803292E-4,1.615258167E-3,9.997397661E-1,1.773935999E2,1.869609605E-1,-7.991081084E-2,1.773934654E2
1.337070213E2,2.274305123E-2,7.345160120E-4,1.616831287E-3,9.997397661E-1,1.773936136E2,1.871417853E-1,-7.993373339E-2,1.773934789E2
1.337120213E2,2.273754376E-2,7.387990481E-4,1.618628972E-3,9.997398853E-1,1.773942449E2,1.873584530E-1,-8.042075250E-2,1.773941092E2
1.337170213E2,2.273509142E-2,7.392315310E-4,1.616062014E-3,9.997399449E-1,1.773945259E2,1.870653064E-1,-8.047744603E-2,1.773943905E2
1.337220213E2,2.274338489E-2,7.338908035E-4,1.612415770E-3,9.997397661E-1,1.773935753E2,1.866343312E-1,-7.987355426E-2,1.773934412E2
1.337270213E2,2.274598078E-2,7.332467358E-4,1.613047556E-3,9.997397065E-1,1.773932778E2,1.867052384E-1,-7.979763727E-2,1.773931437E2
1.337320213E2,2.272723980E-2,7.447130047E-4,1.613363042E-3,9.997401237E-1,1.773954259E2,1.867697520E-1,-8.111391227E-2,1.773952896E2
1.337370213E2,2.274058396E-2,7.366118371E-4,1.613723114E-3,9.997398257E-1,1.773938964E2,1.867909714E-1,-8.018239667E-2,1.773937616E2
1.337420213E2,2.274337457E-2,7.351994864E-4,1.611965126E-3,9.997397661E-1,1.773935765E2,1.865861149E-1,-8.002465577E-2,1.773934421E2
1.337470213E2,2.274017896E-2,7.364321500E-4,1.619502087E-3,9.997398257E-1,1.773939428E2,1.874525222E-1,-8.014682723E-2,1.773938076E2
1.337520213E2,2.274022385E-2,7.357007125E-4,1.619204064E-3,9.997398257E-1,1.773939377E2,1.874164773E-1,-8.006380067E-2,1.773938026E2
1.337570213E2,2.274331223E-2,7.353900000E-4,1.612757565E-3,9.997397661E-1,1.773935837E2,1.866773900E-1,-8.004442763E-2,1.773934492E2
1.337620213E2,2.274346109E-2,7.342308527E-4,1.611185609E-3,9.997397661E-1,1.773935666E2,1.864942938E-1,-7.991570290E-2,1.773934325E2
1.337670213E2,2.274077914E-2,7.363875047E-4,1.611072919E-3,9.997398257E-1,1.773938740E2,1.864867903E-1,-8.016356681E-2,1.773937395E2
1.337720213E2,2.274341729E-2,7.343280595E-4,1.611759537E-3,9.997397661E-1,1.773935716E2,1.865602941E-1,-7.992535141E-2,1.773934374E2
1.337770213E2,2.274623708E-2,7.330249064E-4,1.609530416E-3,9.997397065E-1,1.773932484E2,1.863017495E-1,-7.978134424E-2,1.773931146E2
1.337820213E2,2.274624903E-2,7.332977257E-4,1.609237166E-3,9.997397065E-1,1.773932470E2,1.862688663E-1,-7.981336108E-2,1.773931132E2
1.337870213E2,2.274340963E-2,7.351012900E-4,1.611515065E-3,9.997397661E-1,1.773935725E2,1.865343017E-1,-8.001457269E-2,1.773934382E2
1.337920213E2,2.274339351E-2,7.336434792E-4,1.612406690E-3,9.997397661E-1,1.773935743E2,1.866326470E-1,-7.984524240E-2,1.773934402E2
1.337970213E2,2.274322723E-2,7.349679363E-4,1.614148030E-3,9.997397661E-1,1.773935934E2,1.868355777E-1,-7.999246713E-2,1.773934589E2
1.338020213E2,2.274581958E-2,7.321582525E-4,1.615812769E-3,9.997397065E-1,1.773932963E2,1.870191767E-1,-7.966576094E-2,1.773931621E2
1.338070213E2,2.274584523E-2,7.332648966E-4,1.614949550E-3,9.997397065E-1,1.773932933E2,1.869231713E-1,-7.979478534E-2,1.773931591E2
1.338120213E2,2.273803366E-2,7.373876870E-4,1.612378634E-3,9.997398853E-1,1.773941887E2,1.866387621E-1,-8.027525928E-2,1.773940539E2
1.338170213E2,2.274285188E-2,7.339674048E-4,1.619881717E-3,9.997397661E-1,1.773936364E2,1.874898033E-1,-7.986297102E-2,1.773935016E2
1.338220213E2,2.273986224E-2,7.367241196E-4,1.623810618E-3,9.997398257E-1,1.773939791E2,1.879468524E-1,-8.016910743E-2,1.773938435E2
1.338270213E2,2.273736896E-2,7.392062107E-4,1.620896976E-3,9.997398853E-1,1.773942649E2,1.876193273E-1,-8.046152091E-2,1.773941290E2
1.338320213E2,2.274052911E-2,7.367650396E-4,1.614426030E-3,9.997398257E-1,1.773939027E2,1.868718938E-1,-8.019812627E-2,1.773937678E2
1.338370213E2,2.273782554E-2,7.383032935E-4,1.614892506E-3,9.997398853E-1,1.773942126E2,1.869291261E-1,-8.037364126E-2,1.773940773E2
1.338420213E2,2.274245303E-2,7.352082175E-4,1.624910976E-3,9.997397661E-1,1.773936821E2,1.880691683E-1,-7.999208813E-2,1.773935467E2
1.338470213E2,2.273721735E-2,7.387052174E-4,1.623250311E-3,9.997398853E-1,1.773942823E2,1.878876128E-1,-8.039802273E-2,1.773941463E2
1.338520213E2,2.274258631E-2,7.349034422E-4,1.623182441E-3,9.997397661E-1,1.773936669E2,1.878703599E-1,-7.996165244E-2,1.773935316E2
1.338570213E2,2.274479152E-2,7.340453449E-4,1.629371312E-3,9.997397065E-1,1.773934141E2,1.885773098E-1,-7.984680158E-2,1.773932785E2
1.338620213E2,2.274465601E-2,7.339669392E-4,1.631297171E-3,9.997397065E-1,1.773934296E2,1.887977251E-1,-7.983282512E-2,1.773932939E2
1.338670213E2,2.274189811E-2,7.348455838E-4,1.632822328E-3,9.997397661E-1,1.773937458E2,1.889745203E-1,-7.993003022E-2,1.773936098E2
1.338720213E2,2.275276911E-2,7.281193975E-4,1.630364801E-3,9.997395277E-1,1.773924997E2,1.886763101E-1,-7.916381940E-2,1.773923652E2
1.338770213E2,2.274458019E-2,7.325484767E-4,1.632990898E-3,9.997397065E-1,1.773934383E2,1.889880584E-1,-7.966592319E-2,1.773933028E2
1.338820213E2,2.273923883E-2,7.367737126E-4,1.632495085E-3,9.997398257E-1,1.773940506E2,1.889418429E-1,-8.015227553E-2,1.773939142E2
1.338870213E2,2.274754949E-2,7.311940426E-4,1.628723578E-3,9.997396469E-1,1.773930980E2,1.884958906E-1,-7.952131963E-2,1.773929630E2
1.338920213E2,2.275015185E-2,7.289678906E-4,1.629959443E-3,9.997395873E-1,1.773927997E2,1.886318765E-1,-7.926257503E-2,1.773926651E2
1.338970213E2,2.274200124E-2,7.347635692E-4,1.631422201E-3,9.997397661E-1,1.773937339E2,1.888139132E-1,-7.992426397E-2,1.773935981E2
1.339020213E2,2.273684075E-2,7.394936983E-4,1.628158963E-3,9.997398853E-1,1.773943254E2,1.884519831E-1,-8.047563338E-2,1.773941889E2
1.339070213E2,2.274791302E-2,7.318506250E-4,1.623342512E-3,9.997396469E-1,1.773930563E2,1.878811649E-1,-7.961049801E-2,1.773929217E2
1.339120213E2,2.274578961E-2,7.329891087E-4,1.615857938E-3,9.997397065E-1,1.773932997E2,1.870265149E-1,-7.976083317E-2,1.773931654E2
1.339170213E2,2.273231896E-2,7.415064028E-4,1.617147587E-3,9.997400045E-1,1.773948437E2,1.871953756E-1,-8.073575025E-2,1.773947077E2
1.339220213E2,2.273553740E-2,7.392022526E-4,1.609789091E-3,9.997399449E-1,1.773944748E2,1.863466263E-1,-8.049035212E-2,1.773943398E2
1.339270213E2,2.274637741E-2,7.331717643E-4,1.607478946E-3,9.997397065E-1,1.773932323E2,1.860671226E-1,-7.980348992E-2,1.773930987E2
1.339320213E2,2.274380539E-2,7.344211335E-4,1.606231090E-3,9.997397661E-1,1.773935271E2,1.859272170E-1,-7.995035098E-2,1.773933933E2
1.339370213E2,2.274882427E-2,7.312485250E-4,1.610795734E-3,9.997396469E-1,1.773929519E2,1.864422821E-1,-7.957405808E-2,1.773928183E2
1.339420213E2,2.275388522E-2,7.271728828E-4,1.615139772E-3,9.997395277E-1,1.773923718E2,1.869297186E-1,-7.909487426E-2,1.773922387E2
1.339470213E2,2.275917456E-2,7.242659340E-4,1.615709742E-3,9.997394085E-1,1.773917655E2,1.869878514E-1,-7.875937357E-2,1.773916329E2
1.339520213E2,2.275871553E-2,7.232237258E-4,1.622627722E-3,9.997394085E-1,1.773918181E2,1.877776353E-1,-7.862201950E-2,1.773916852E2
1.339570213E2,2.275605691E-2,7.262722938E-4,1.621829346E-3,9.997394681E-1,1.773921229E2,1.876939133E-1,-7.897385015E-2,1.773919894E2
1.339620213E2,2.275394282E-2,7.272646180E-4,1.614286797E-3,9.997395277E-1,1.773923652E2,1.868322437E-1,-7.910759701E-2,1.773922321E2
1.339670213E2,2.275666911E-2,7.254148368E-4,1.613602159E-3,9.997394681E-1,1.773920527E2,1.867492014E-1,-7.889695878E-2,1.773919200E2
1.339720213E2,2.275348635E-2,7.273319643E-4,1.620677882E-3,9.997395277E-1,1.773924175E2,1.875645595E-1,-7.909873290E-2,1.773922839E2
1.339770213E2,2.273994996E-2,7.362010074E-4,1.622819225E-3,9.997398257E-1,1.773939691E2,1.878319200E-1,-8.011174577E-2,1.773938336E2
1.339820213E2,2.274284921E-2,7.344926707E-4,1.619681134E-3,9.997397661E-1,1.773936367E2,1.874681929E-1,-7.992366970E-2,1.773935019E2
1.339870213E2,2.274253362E-2,7.348307990E-4,1.623953460E-3,9.997397661E-1,1.773936729E2,1.879584959E-1,-7.995133075E-2,1.773935376E2
1.339920213E2,2.274222661E-2,7.340994198E-4,1.628577127E-3,9.997397661E-1,1.773937081E2,1.884862623E-1,-7.985555012E-2,1.773935726E2
1.339970213E2,2.274758649E-2,7.319291472E-4,1.627876423E-3,9.997396469E-1,1.773930937E2,1.884007582E-1,-7.960773592E-2,1.773929587E2
1.340020213E2,2.274521449E-2,7.328721695E-4,1.623986172E-3,9.997397065E-1,1.773933656E2,1.879573521E-1,-7.972635736E-2,1.773932307E2
1.340070213E2,2.275073324E-2,7.286910550E-4,1.621948672E-3,9.997395873E-1,1.773927331E2,1.877134698E-1,-7.925163607E-2,1.773925991E2
1.340120213E2,2.275621447E-2,7.261482533E-4,1.619672636E-3,9.997394681E-1,1.773921048E2,1.874465250E-1,-7.896523456E-2,1.773919715E2
1.340170213E2,2.275338450E-2,7.276499528E-4,1.621964504E-3,9.997395277E-1,1.773924292E2,1.877127788E-1,-7.913182648E-2,1.773922954E2
1.340220213E2,2.275816200E-2,7.248442271E-4,1.629653154E-3,9.997394085E-1,1.773918816E2,1.885866668E-1,-7.878944838E-2,1.773917477E2
1.340270213E2,2.275563561E-2,7.264303276E-4,1.627659309E-3,9.997394681E-1,1.773921711E2,1.883621851E-1,-7.897683084E-2,1.773920372E2
1.340320213E2,2.275823007E-2,7.243937580E-4,1.628902624E-3,9.997394085E-1,1.773918738E2,1.884995149E-1,-7.873978643E-2,1.773917401E2
1.340370213E2,2.275287991E-2,7.273460506E-4,1.629163278E-3,9.997395277E-1,1.773924870E2,1.885366532E-1,-7.907833538E-2,1.773923527E2
1.340420213E2,2.275787156E-2,7.246250170E-4,1.633801265E-3,9.997394085E-1,1.773919149E2,1.890612884E-1,-7.875357182E-2,1.773917808E2
1.340470213E2,2.275995261E-2,7.217120728E-4,1.642550807E-3,9.997393489E-1,1.773916763E2,1.900562200E-1,-7.839664544E-2,1.773915421E2
1.340520213E2,2.275729065E-2,7.249167538E-4,1.641744166E-3,9.997394085E-1,1.773919814E2,1.899719591E-1,-7.876638901E-2,1.773918467E2
1.340570213E2,2.275240194E-2,7.271063514E-4,1.635931549E-3,9.997395277E-1,1.773925418E2,1.893113778E-1,-7.903331777E-2,1.773924070E2
1.340620213E2,2.277120518E-2,7.151311729E-4,1.634563901E-3,9.997391105E-1,1.773903865E2,1.891249311E-1,-7.766142915E-2,1.773902542E2
1.340670213E2,2.276318168E-2,7.203615387E-4,1.634656335E-3,9.997392893E-1,1.773913062E2,1.891485425E-1,-7.826190562E-2,1.773911729E2
1.340720213E2,2.274997856E-2,7.290486246E-4,1.632340252E-3,9.997395873E-1,1.773928196E2,1.889048239E-1,-7.926564976E-2,1.773926847E2
1.340770213E2,2.276341683E-2,7.194413920E-4,1.631784486E-3,9.997392893E-1,1.773912792E2,1.888171553E-1,-7.816393913E-2,1.773911463E2
1.340820213E2,2.276054277E-2,7.218042156E-4,1.634311979E-3,9.997393489E-1,1.773916087E2,1.891126491E-1,-7.842857865E-2,1.773914751E2
1.340870213E2,2.274977101E-2,7.302207523E-4,1.634707325E-3,9.997395873E-1,1.773928433E2,1.891790405E-1,-7.939379887E-2,1.773927081E2
1.340920213E2,2.274713245E-2,7.319637225E-4,1.634193235E-3,9.997396469E-1,1.773931458E2,1.891244797E-1,-7.959531603E-2,1.773930102E2
1.340970213E2,2.275252933E-2,7.276081597E-4,1.633935492E-3,9.997395277E-1,1.773925272E2,1.890840239E-1,-7.909598617E-2,1.773923925E2
1.341020213E2,2.274144725E-2,7.347433711E-4,1.639135648E-3,9.997397661E-1,1.773937974E2,1.896974853E-1,-7.990195252E-2,1.773936610E2
1.341070213E2,2.273652287E-2,7.391379331E-4,1.632753178E-3,9.997398853E-1,1.773943619E2,1.889773536E-1,-8.042296572E-2,1.773942251E2
1.341120213E2,2.274235491E-2,7.350561791E-4,1.626352314E-3,9.997397661E-1,1.773936934E2,1.882338869E-1,-7.997093234E-2,1.773935579E2
1.341170213E2,2.274221920E-2,7.344998885E-4,1.628500060E-3,9.997397661E-1,1.773937089E2,1.884784766E-1,-7.990163078E-2,1.773935734E2
1.341220213E2,2.274258777E-2,7.356165443E-4,1.622839016E-3,9.997397661E-1,1.773936667E2,1.878328752E-1,-8.004424146E-2,1.773935314E2
1.341270213E2,2.274251616E-2,7.353949477E-4,1.623942517E-3,9.997397661E-1,1.773936749E2,1.879587113E-1,-8.001599243E-2,1.773935395E2
1.341320213E2,2.274267785E-2,7.351850509E-4,1.621771720E-3,9.997397661E-1,1.773936564E2,1.877094860E-1,-7.999757353E-2,1.773935212E2
1.341370213E2,2.274013733E-2,7.359692245E-4,1.620296855E-3,9.997398257E-1,1.773939476E2,1.875423627E-1,-8.009173032E-2,1.773938124E2
1.341420213E2,2.274538049E-2,7.329109358E-4,1.621642034E-3,9.997397065E-1,1.773933466E2,1.876889168E-1,-7.973687745E-2,1.773932119E2
1.341470213E2,2.273744279E-2,7.378002629E-4,1.620501745E-3,9.997398853E-1,1.773942564E2,1.875703911E-1,-8.030146897E-2,1.773941209E2
1.341520213E2,2.274546213E-2,7.335870760E-4,1.620190567E-3,9.997397065E-1,1.773933372E2,1.875244029E-1,-7.981810530E-2,1.773932025E2
1.341570213E2,2.275615948E-2,7.261702558E-4,1.620435156E-3,9.997394681E-1,1.773921111E2,1.875339340E-1,-7.896577701E-2,1.773919778E2
1.341620213E2,2.274527666E-2,7.330114022E-4,1.623052289E-3,9.997397065E-1,1.773933585E2,1.878507323E-1,-7.974473064E-2,1.773932236E2
1.341670213E2,2.274545975E-2,7.337839925E-4,1.620134688E-3,9.997397065E-1,1.773933375E2,1.875185143E-1,-7.984081051E-2,1.773932027E2
1.341720213E2,2.275634343E-2,7.263635634E-4,1.617763075E-3,9.997394681E-1,1.773920900E2,1.872283334E-1,-7.899485648E-2,1.773919568E2
1.341770213E2,2.274525583E-2,7.332689129E-4,1.623227843E-3,9.997397065E-1,1.773933609E2,1.878715138E-1,-7.977377785E-2,1.773932260E2
1.341820213E2,2.273477308E-2,7.406028453E-4,1.619908027E-3,9.997399449E-1,1.773945624E2,1.875094615E-1,-8.062458562E-2,1.773944264E2
1.341870213E2,2.274319973E-2,7.339219446E-4,1.615011250E-3,9.997397661E-1,1.773935966E2,1.869317413E-1,-7.987039177E-2,1.773934622E2
1.341920213E2,2.275107252E-2,7.299028803E-4,1.616636058E-3,9.997395873E-1,1.773926942E2,1.871080322E-1,-7.940425236E-2,1.773925604E2
1.341970213E2,2.274320336E-2,7.343615289E-4,1.614760258E-3,9.997397661E-1,1.773935961E2,1.869041333E-1,-7.992140481E-2,1.773934617E2
1.342020213E2,2.273832789E-2,7.380493917E-4,1.607920276E-3,9.997398853E-1,1.773941550E2,1.861297511E-1,-8.036262784E-2,1.773940204E2
1.342070213E2,2.274120483E-2,7.356634596E-4,1.605384867E-3,9.997398257E-1,1.773938252E2,1.858333018E-1,-8.009536306E-2,1.773936913E2
1.342120213E2,2.273811747E-2,7.381133619E-4,1.610863954E-3,9.997398853E-1,1.773941791E2,1.864671350E-1,-8.036232511E-2,1.773940442E2
1.342170213E2,2.273560779E-2,7.404444041E-4,1.608223305E-3,9.997399449E-1,1.773944668E2,1.861704888E-1,-8.063672169E-2,1.773943317E2
1.342220213E2,2.273879407E-2,7.373764529E-4,1.601624186E-3,9.997398853E-1,1.773941015E2,1.854067412E-1,-8.030185439E-2,1.773939676E2
1.342270213E2,2.273636391E-2,7.394218701E-4,1.597971539E-3,9.997399449E-1,1.773943801E2,1.849934207E-1,-8.054614887E-2,1.773942460E2
1.342320213E2,2.273860190E-2,7.382212207E-4,1.603961689E-3,9.997398853E-1,1.773941236E2,1.856767167E-1,-8.039257711E-2,1.773939892E2
1.342370213E2,2.274398632E-2,7.342420868E-4,1.603749115E-3,9.997397661E-1,1.773935064E2,1.856424244E-1,-7.993627445E-2,1.773933728E2
1.342420213E2,2.274412316E-2,7.340329466E-4,1.601903234E-3,9.997397661E-1,1.773934907E2,1.854304220E-1,-7.991710072E-2,1.773933573E2
1.342470213E2,2.275197421E-2,7.286358159E-4,1.604472054E-3,9.997395873E-1,1.773925908E2,1.857112657E-1,-7.929064194E-2,1.773924583E2
1.342520213E2,2.275702276E-2,7.260788116E-4,1.608307357E-3,9.997394681E-1,1.773920121E2,1.861443774E-1,-7.898676714E-2,1.773918798E2
1.342570213E2,2.274367371E-2,7.346780621E-4,1.607977203E-3,9.997397661E-1,1.773935422E2,1.861279146E-1,-7.997525865E-2,1.773934083E2
1.342620213E2,2.274624638E-2,7.334961556E-4,1.609184197E-3,9.997397065E-1,1.773932473E2,1.862633151E-1,-7.983623213E-2,1.773931135E2
1.342670213E2,2.276213476E-2,7.220229600E-4,1.611889689E-3,9.997393489E-1,1.773914262E2,1.865446001E-1,-7.851182546E-2,1.773912943E2
1.342720213E2,2.276459457E-2,7.195088547E-4,1.615240937E-3,9.997392893E-1,1.773911443E2,1.869221599E-1,-7.821460359E-2,1.773910126E2
1.342770213E2,2.274863763E-2,7.301771548E-4,1.613914617E-3,9.997396469E-1,1.773929733E2,1.867967798E-1,-7.944322407E-2,1.773928397E2
1.342820213E2,2.274870917E-2,7.305269828E-4,1.612747437E-3,9.997396469E-1,1.773929651E2,1.866639829E-1,-7.948633040E-2,1.773928315E2
1.342870213E2,2.276188657E-2,7.217704551E-4,1.615503454E-3,9.997393489E-1,1.773914546E2,1.869579223E-1,-7.847351803E-2,1.773913225E2
1.342920213E2,2.275898504E-2,7.231067284E-4,1.618895447E-3,9.997394085E-1,1.773917872E2,1.873497740E-1,-7.861829969E-2,1.773916546E2
1.342970213E2,2.275647875E-2,7.259128033E-4,1.616060967E-3,9.997394681E-1,1.773920745E2,1.870321713E-1,-7.894763009E-2,1.773919416E2
1.343020213E2,2.275641470E-2,7.247877656E-4,1.617467264E-3,9.997394681E-1,1.773920818E2,1.871903405E-1,-7.881508840E-2,1.773919490E2
1.343070213E2,2.275629316E-2,7.261636783E-4,1.618559705E-3,9.997394681E-1,1.773920958E2,1.873190717E-1,-7.896988924E-2,1.773919626E2
1.343120213E2,2.275352167E-2,7.279325509E-4,1.619912102E-3,9.997395277E-1,1.773924134E2,1.874783991E-1,-7.916952731E-2,1.773922798E2
1.343170213E2,2.275376740E-2,7.281581638E-4,1.616355265E-3,9.997395277E-1,1.773923853E2,1.870715281E-1,-7.920460239E-2,1.773922519E2
1.343220213E2,2.275363397E-2,7.271741633E-4,1.618674840E-3,9.997395277E-1,1.773924006E2,1.873346869E-1,-7.908585021E-2,1.773922672E2
1.343270213E2,2.273757641E-2,7.375273854E-4,1.618750277E-3,9.997398853E-1,1.773942411E2,1.873690387E-1,-8.027474632E-2,1.773941057E2
1.343320213E2,2.274333092E-2,7.353429100E-4,1.612515422E-3,9.997397661E-1,1.773935815E2,1.866495283E-1,-8.003966053E-2,1.773934471E2
1.343370213E2,2.275442460E-2,7.267115870E-4,1.607731567E-3,9.997395277E-1,1.773923099E2,1.860798586E-1,-7.906124420E-2,1.773921775E2
1.343420213E2,2.275129375E-2,7.289925124E-4,1.613931148E-3,9.997395873E-1,1.773926688E2,1.867957957E-1,-7.930696997E-2,1.773925354E2
1.343470213E2,2.274604942E-2,7.323835744E-4,1.612471649E-3,9.997397065E-1,1.773932699E2,1.866370166E-1,-7.970024033E-2,1.773931360E2
1.343520213E2,2.274366426E-2,7.345859776E-4,1.608152990E-3,9.997397661E-1,1.773935433E2,1.861478124E-1,-7.996425288E-2,1.773934093E2
1.343570213E2,2.275739308E-2,7.255611126E-4,1.603293116E-3,9.997394681E-1,1.773919697E2,1.855686144E-1,-7.894046654E-2,1.773918378E2
1.343620213E2,2.275178237E-2,7.290705689E-4,1.606993028E-3,9.997395873E-1,1.773926128E2,1.860011922E-1,-7.933391072E-2,1.773924800E2
1.343670213E2,2.274394082E-2,7.347594365E-4,1.604157384E-3,9.997397661E-1,1.773935116E2,1.856905414E-1,-7.999448729E-2,1.773933779E2
1.343720213E2,2.273874418E-2,7.377204602E-4,1.602174016E-3,9.997398853E-1,1.773941073E2,1.854706233E-1,-8.033984099E-2,1.773939732E2
1.343770213E2,2.274419266E-2,7.333619869E-4,1.601223601E-3,9.997397661E-1,1.773934827E2,1.853508184E-1,-7.984199290E-2,1.773933496E2
1.343820213E2,2.275711664E-2,7.255424862E-4,1.607220620E-3,9.997394681E-1,1.773920014E2,1.860184871E-1,-7.892814140E-2,1.773918692E2
1.343870213E2,2.275709308E-2,7.248889888E-4,1.607848913E-3,9.997394681E-1,1.773920041E2,1.860887594E-1,-7.885164144E-2,1.773918720E2
1.343920213E2,2.274669080E-2,7.324359030E-4,1.603374607E-3,9.997397065E-1,1.773931964E2,1.855950275E-1,-7.972982887E-2,1.773930632E2
1.343970213E2,2.274985182E-2,7.297220873E-4,1.596916118E-3,9.997396469E-1,1.773928341E2,1.848483055E-1,-7.943518028E-2,1.773927019E2
1.344020213E2,2.275226093E-2,7.292255177E-4,1.600132557E-3,9.997395873E-1,1.773925580E2,1.852156841E-1,-7.936946057E-2,1.773924256E2
1.344070213E2,2.274907342E-2,7.299938006E-4,1.607843442E-3,9.997396469E-1,1.773929233E2,1.861008096E-1,-7.943796476E-2,1.773927902E2
1.344120213E2,2.274918448E-2,7.306560292E-4,1.605970203E-3,9.997396469E-1,1.773929106E2,1.858879428E-1,-7.951869370E-2,1.773927775E2
1.344170213E2,2.274928863E-2,7.313180249E-4,1.604192541E-3,9.997396469E-1,1.773928986E2,1.856860243E-1,-7.959914813E-2,1.773927656E2
1.344220213E2,2.274119914E-2,7.360773743E-4,1.605275669E-3,9.997398257E-1,1.773938259E2,1.858218702E-1,-8.014306751E-2,1.773936918E2
1.344270213E2,2.273299465E-2,7.419351023E-4,1.607423415E-3,9.997400045E-1,1.773947663E2,1.860825248E-1,-8.081006923E-2,1.773946310E2
1.344320213E2,2.275143059E-2,7.288298802E-4,1.612074557E-3,9.997395873E-1,1.773926531E2,1.865826874E-1,-7.929315359E-2,1.773925199E2
1.344370213E2,2.275138928E-2,7.284283638E-4,1.612838940E-3,9.997395873E-1,1.773926579E2,1.866692066E-1,-7.924516992E-2,1.773925247E2
1.344420213E2,2.272145808E-2,7.493234589E-4,1.618785784E-3,9.997402430E-1,1.773960886E2,1.874025303E-1,-8.162905465E-2,1.773959510E2
1.344470213E2,2.272161450E-2,7.492979057E-4,1.616600552E-3,9.997402430E-1,1.773960707E2,1.871521315E-1,-8.163178792E-2,1.773959332E2
1.344520213E2,2.274320746E-2,7.341529708E-4,1.614797278E-3,9.997397661E-1,1.773935957E2,1.869078311E-1,-7.989741477E-2,1.773934613E2
1.344570213E2,2.275073244E-2,7.295873947E-4,1.621556934E-3,9.997395873E-1,1.773927331E2,1.876709286E-1,-7.935534382E-2,1.773925991E2
1.344620213E2,2.273217217E-2,7.419772446E-4,1.618993934E-3,9.997400045E-1,1.773948605E2,1.874081120E-1,-8.078490838E-2,1.773947243E2
1.344670213E2,2.273479438E-2,7.405614597E-4,1.619628049E-3,9.997399449E-1,1.773945600E2,1.874772804E-1,-8.062056986E-2,1.773944240E2
1.344720213E2,2.274271173E-2,7.345388294E-4,1.621589530E-3,9.997397661E-1,1.773936525E2,1.876869322E-1,-7.992400972E-2,1.773935175E2
1.344770213E2,2.273709624E-2,7.386017242E-4,1.624992932E-3,9.997398853E-1,1.773942961E2,1.880869718E-1,-8.038164852E-2,1.773941601E2
1.344820213E2,2.273719230E-2,7.388925296E-4,1.623515971E-3,9.997398853E-1,1.773942851E2,1.879185335E-1,-8.041879406E-2,1.773941491E2
1.344870213E2,2.273723409E-2,7.385318168E-4,1.623094780E-3,9.997398853E-1,1.773942803E2,1.878693444E-1,-8.037855976E-2,1.773941444E2
1.344920213E2,2.272641986E-2,7.459897897E-4,1.624286408E-3,9.997401237E-1,1.773955199E2,1.880244159E-1,-8.123188751E-2,1.773953824E2
1.344970213E2,2.272343649E-2,7.478308980E-4,1.628487487E-3,9.997401834E-1,1.773958618E2,1.885102533E-1,-8.143242950E-2,1.773957237E2
1.345020213E2,2.273965816E-2,7.369768573E-4,1.626551617E-3,9.997398257E-1,1.773940025E2,1.882615094E-1,-8.019095707E-2,1.773938666E2
1.345070213E2,2.273983701E-2,7.370511885E-4,1.624015626E-3,9.997398257E-1,1.773939820E2,1.879711888E-1,-8.020604753E-2,1.773938463E2
1.345120213E2,2.273195397E-2,7.425889489E-4,1.621774863E-3,9.997400045E-1,1.773948856E2,1.877282773E-1,-8.084778284E-2,1.773947490E2
1.345170213E2,2.272869268E-2,7.451128331E-4,1.629564678E-3,9.997400641E-1,1.773952594E2,1.886270064E-1,-8.111724621E-2,1.773951217E2
1.345220213E2,2.273158654E-2,7.424088544E-4,1.626999001E-3,9.997400045E-1,1.773949277E2,1.883262670E-1,-8.081361106E-2,1.773947907E2
1.345270213E2,2.273176777E-2,7.425628719E-4,1.624394557E-3,9.997400045E-1,1.773949069E2,1.880283122E-1,-8.083800604E-2,1.773947701E2
1.345320213E2,2.273399554E-2,7.400300237E-4,1.631043851E-3,9.997399449E-1,1.773946516E2,1.887836505E-1,-8.053009621E-2,1.773945147E2
1.345370213E2,2.272822191E-2,7.443623035E-4,1.636459143E-3,9.997400641E-1,1.773953133E2,1.894148581E-1,-8.101339564E-2,1.773951752E2
1.345420213E2,2.272310150E-2,7.475485909E-4,1.633284381E-3,9.997401834E-1,1.773959002E2,1.890590334E-1,-8.138765985E-2,1.773957618E2
1.345470213E2,2.273950260E-2,7.375038113E-4,1.628486440E-3,9.997398257E-1,1.773940203E2,1.884845277E-1,-8.024631321E-2,1.773938842E2
1.345520213E2,2.274192020E-2,7.347418577E-4,1.632561325E-3,9.997397661E-1,1.773937432E2,1.889443506E-1,-7.991882322E-2,1.773936073E2
1.345570213E2,2.273648320E-2,7.394325803E-4,1.633172040E-3,9.997398853E-1,1.773943664E2,1.890261039E-1,-8.045563716E-2,1.773942295E2
1.345620213E2,2.273917811E-2,7.364725461E-4,1.633476466E-3,9.997398257E-1,1.773940575E2,1.890534823E-1,-8.011522750E-2,1.773939212E2
1.345670213E2,2.274732592E-2,7.308666827E-4,1.631989726E-3,9.997396469E-1,1.773931236E2,1.888691963E-1,-7.947534469E-2,1.773929884E2
1.345720213E2,2.274999064E-2,7.290221401E-4,1.632183790E-3,9.997395873E-1,1.773928182E2,1.888868312E-1,-7.926302128E-2,1.773926834E2
1.345770213E2,2.273661083E-2,7.382203476E-4,1.631943276E-3,9.997398853E-1,1.773943518E2,1.888821855E-1,-8.031993909E-2,1.773942152E2
1.345820213E2,2.275307678E-2,7.281871513E-4,1.626035082E-3,9.997395277E-1,1.773924644E2,1.881804894E-1,-7.918281284E-2,1.773923303E2
1.345870213E2,2.275017223E-2,7.288201596E-4,1.629741048E-3,9.997395873E-1,1.773927974E2,1.886064731E-1,-7.924621623E-2,1.773926628E2
1.345920213E2,2.274744680E-2,7.310710498E-4,1.630212297E-3,9.997396469E-1,1.773931098E2,1.886661126E-1,-7.950336792E-2,1.773929747E2
1.345970213E2,2.275560155E-2,7.259420818E-4,1.628353144E-3,9.997394681E-1,1.773921750E2,1.884403963E-1,-7.891909362E-2,1.773920411E2
1.346020213E2,2.275544665E-2,7.253526128E-4,1.630778657E-3,9.997394681E-1,1.773921928E2,1.887167187E-1,-7.884526715E-2,1.773920588E2
1.346070213E2,2.275495520E-2,7.258943515E-4,1.637381734E-3,9.997394681E-1,1.773922491E2,1.894745552E-1,-7.889020385E-2,1.773921145E2
1.346120213E2,2.274709088E-2,7.312635425E-4,1.635085093E-3,9.997396469E-1,1.773931505E2,1.892248241E-1,-7.951278517E-2,1.773930151E2
1.346170213E2,2.275271968E-2,7.285668398E-4,1.630854676E-3,9.997395277E-1,1.773925054E2,1.887335942E-1,-7.921381120E-2,1.773923707E2
1.346220213E2,2.275551488E-2,7.250923081E-4,1.629942097E-3,9.997394681E-1,1.773921850E2,1.886202070E-1,-7.881761484E-2,1.773920511E2
1.346270213E2,2.275304939E-2,7.267286419E-4,1.627070480E-3,9.997395277E-1,1.773924676E2,1.882953012E-1,-7.901302886E-2,1.773923336E2
1.346320213E2,2.275301822E-2,7.271203212E-4,1.627331367E-3,9.997395277E-1,1.773924711E2,1.883262079E-1,-7.905722596E-2,1.773923371E2
1.346370213E2,2.275288301E-2,7.283638697E-4,1.628665254E-3,9.997395277E-1,1.773924866E2,1.884822529E-1,-7.919623652E-2,1.773923522E2
1.346420213E2,2.276040705E-2,7.228596951E-4,1.635735040E-3,9.997393489E-1,1.773916242E2,1.892784206E-1,-7.854581014E-2,1.773914903E2
1.346470213E2,2.276620600E-2,7.181208930E-4,1.629971550E-3,9.997392297E-1,1.773909596E2,1.886062342E-1,-7.801686357E-2,1.773908270E2
1.346520213E2,2.276879695E-2,7.165023126E-4,1.631051418E-3,9.997391701E-1,1.773906626E2,1.887259247E-1,-7.782812978E-2,1.773905303E2
1.346570213E2,2.276591465E-2,7.185015711E-4,1.633868436E-3,9.997392297E-1,1.773909929E2,1.890536402E-1,-7.805036301E-2,1.773908600E2
1.346620213E2,2.276588455E-2,7.185556460E-4,1.634264016E-3,9.997392297E-1,1.773909964E2,1.890990973E-1,-7.805553159E-2,1.773908634E2
1.346670213E2,2.277432828E-2,7.119763177E-4,1.628875849E-3,9.997390509E-1,1.773900286E2,1.884653040E-1,-7.731425790E-2,1.773898973E2
1.346720213E2,2.277709824E-2,7.110077422E-4,1.627149992E-3,9.997389913E-1,1.773897111E2,1.882652721E-1,-7.720727890E-2,1.773895801E2
1.346770213E2,2.277937126E-2,7.092949236E-4,1.632690197E-3,9.997389317E-1,1.773894505E2,1.888956732E-1,-7.699616499E-2,1.773893195E2
1.346820213E2,2.279240205E-2,7.007007953E-4,1.637024572E-3,9.997386336E-1,1.773879569E2,1.893707819E-1,-7.599782415E-2,1.773878272E2
1.346870213E2,2.279549186E-2,6.988163223E-4,1.631198102E-3,9.997385740E-1,1.773876028E2,1.886986013E-1,-7.579657107E-2,1.773874738E2
1.346920213E2,2.278729162E-2,7.032315480E-4,1.634280314E-3,9.997387528E-1,1.773885427E2,1.890626150E-1,-7.629588568E-2,1.773884127E2
1.346970213E2,2.279203770E-2,7.003265782E-4,1.642249175E-3,9.997386336E-1,1.773879987E2,1.899683178E-1,-7.594137606E-2,1.773878686E2
1.347020213E2,2.279811703E-2,6.972940173E-4,1.631692168E-3,9.997385144E-1,1.773873019E2,1.887514241E-1,-7.562038702E-2,1.773871732E2
1.347070213E2,2.278794961E-2,7.026753156E-4,1.625320292E-3,9.997387528E-1,1.773884673E2,1.880347342E-1,-7.625543689E-2,1.773883380E2
1.347120213E2,2.279027986E-2,7.018425968E-4,1.629664097E-3,9.997386932E-1,1.773882002E2,1.885303720E-1,-7.614825622E-2,1.773880708E2
1.347170213E2,2.279771054E-2,6.967423251E-4,1.637596637E-3,9.997385144E-1,1.773873485E2,1.894263796E-1,-7.554183523E-2,1.773872194E2
1.347220213E2,2.279809033E-2,6.969815586E-4,1.632198691E-3,9.997385144E-1,1.773873049E2,1.888086339E-1,-7.558327293E-2,1.773871763E2
1.347270213E2,2.279040919E-2,7.011195412E-4,1.628166065E-3,9.997386932E-1,1.773881853E2,1.883568756E-1,-7.606930983E-2,1.773880562E2
1.347320213E2,2.280046409E-2,6.942650070E-4,1.636700938E-3,9.997384548E-1,1.773870328E2,1.893175010E-1,-7.525984825E-2,1.773869044E2
1.347370213E2,2.280527630E-2,6.920130108E-4,1.643412164E-3,9.997383356E-1,1.773864813E2,1.900808287E-1,-7.498340536E-2,1.773863527E2
1.347420213E2,2.278475766E-2,7.047652034E-4,1.632486586E-3,9.997388124E-1,1.773888331E2,1.888609334E-1,-7.647674657E-2,1.773887030E2
1.347470213E2,2.277674268E-2,7.117736968E-4,1.631785650E-3,9.997389913E-1,1.773897518E2,1.887983146E-1,-7.728299512E-2,1.773896204E2
1.347520213E2,2.278952692E-2,7.029140252E-4,1.639700844E-3,9.997386932E-1,1.773882865E2,1.896829432E-1,-7.624493064E-2,1.773881561E2
1.347570213E2,2.278706019E-2,7.046945975E-4,1.636874862E-3,9.997387528E-1,1.773885692E2,1.893636549E-1,-7.645676359E-2,1.773884387E2
1.347620213E2,2.277660083E-2,7.103803218E-4,1.634370768E-3,9.997389913E-1,1.773897681E2,1.890908229E-1,-7.711664698E-2,1.773896367E2
1.347670213E2,2.278186337E-2,7.072995068E-4,1.635279390E-3,9.997388721E-1,1.773891649E2,1.891872784E-1,-7.676033609E-2,1.773890340E2
1.347720213E2,2.278717757E-2,7.032843423E-4,1.635847031E-3,9.997387528E-1,1.773885558E2,1.892422305E-1,-7.629786420E-2,1.773884256E2
1.347770213E2,2.278145625E-2,7.084321696E-4,1.640452654E-3,9.997388721E-1,1.773892115E2,1.897828642E-1,-7.687666707E-2,1.773890801E2
1.347820213E2,2.278980539E-2,7.014761795E-4,1.636442961E-3,9.997386932E-1,1.773882546E2,1.893059792E-1,-7.608866428E-2,1.773881247E2
1.347870213E2,2.280842632E-2,6.892062956E-4,1.637123874E-3,9.997382760E-1,1.773861202E2,1.893533292E-1,-7.467770088E-2,1.773859927E2
1.347920213E2,2.279245022E-2,6.996518932E-4,1.636802568E-3,9.997386336E-1,1.773879514E2,1.893426124E-1,-7.587823094E-2,1.773878219E2
1.347970213E2,2.278172858E-2,7.069704006E-4,1.637298265E-3,9.997388721E-1,1.773891803E2,1.894176951E-1,-7.671738791E-2,1.773890494E2
1.348020213E2,2.280275043E-2,6.937127328E-4,1.641484094E-3,9.997383952E-1,1.773867708E2,1.898641977E-1,-7.518364682E-2,1.773866421E2
1.348070213E2,2.280065067E-2,6.940821186E-4,1.634177403E-3,9.997384548E-1,1.773870115E2,1.890279359E-1,-7.524545465E-2,1.773868832E2
1.348120213E2,2.278161655E-2,7.077667979E-4,1.638512476E-3,9.997388721E-1,1.773891932E2,1.895588685E-1,-7.680547578E-2,1.773890620E2
1.348170213E2,2.279165231E-2,6.999383331E-4,1.647754107E-3,9.997386336E-1,1.773880429E2,1.905979304E-1,-7.588259315E-2,1.773879125E2
1.348220213E2,2.278998053E-2,7.019864279E-4,1.633782987E-3,9.997386932E-1,1.773882345E2,1.890025933E-1,-7.615403300E-2,1.773881047E2
1.348270213E2,2.277944583E-2,7.096698973E-4,1.631486462E-3,9.997389317E-1,1.773894420E2,1.887587556E-1,-7.704225083E-2,1.773893109E2
1.348320213E2,2.278604788E-2,7.035688614E-4,1.651386963E-3,9.997387528E-1,1.773886852E2,1.910231735E-1,-7.629009478E-2,1.773885539E2
1.348370213E2,2.279497601E-2,6.980833132E-4,1.638703397E-3,9.997385740E-1,1.773876619E2,1.895564690E-1,-7.569308803E-2,1.773875325E2
1.348420213E2,2.278015816E-2,7.088981220E-4,1.621847507E-3,9.997389317E-1,1.773893603E2,1.876525370E-1,-7.697886341E-2,1.773892302E2
1.348470213E2,2.278365402E-2,7.053208537E-4,1.647579949E-3,9.997388124E-1,1.773889596E2,1.905914264E-1,-7.650120328E-2,1.773888282E2
1.348520213E2,2.280380954E-2,6.924927584E-4,1.663441304E-3,9.997383356E-1,1.773866494E2,1.923765506E-1,-7.498630359E-2,1.773865193E2
1.348570213E2,2.277927232E-2,7.101541851E-4,1.633696840E-3,9.997389317E-1,1.773894619E2,1.890132320E-1,-7.709199434E-2,1.773893306E2
1.348620213E2,2.278749723E-2,7.033838774E-4,1.631345134E-3,9.997387528E-1,1.773885191E2,1.887267684E-1,-7.632096280E-2,1.773883893E2
1.348670213E2,2.280162073E-2,6.929186056E-4,1.657434972E-3,9.997383952E-1,1.773869003E2,1.916894019E-1,-7.505120512E-2,1.773867705E2
1.348720213E2,2.277493350E-2,7.125409320E-4,1.656515291E-3,9.997389913E-1,1.773899592E2,1.916332562E-1,-7.730668937E-2,1.773898257E2
1.348770213E2,2.276529486E-2,7.196399965E-4,1.641983166E-3,9.997392297E-1,1.773910640E2,1.899862025E-1,-7.815973010E-2,1.773909302E2
1.348820213E2,2.278994015E-2,7.022155914E-4,1.634247601E-3,9.997386932E-1,1.773882391E2,1.890564159E-1,-7.617908058E-2,1.773881093E2
1.348870213E2,2.279189259E-2,7.007723907E-4,1.644071890E-3,9.997386336E-1,1.773880153E2,1.901782852E-1,-7.598771591E-2,1.773878850E2
1.348920213E2,2.277283615E-2,7.131708553E-4,1.649089507E-3,9.997390509E-1,1.773901996E2,1.907840249E-1,-7.739863564E-2,1.773900665E2
1.348970213E2,2.277622083E-2,7.121812087E-4,1.638876391E-3,9.997389913E-1,1.773898116E2,1.896116679E-1,-7.731127138E-2,1.773896795E2
1.349020213E2,2.276843983E-2,7.172551122E-4,1.635699067E-3,9.997391701E-1,1.773907035E2,1.892603056E-1,-7.790231253E-2,1.773905707E2
1.349070213E2,2.276247748E-2,7.201842964E-4,1.644510892E-3,9.997392893E-1,1.773913869E2,1.902769838E-1,-7.821602780E-2,1.773912528E2
1.349120213E2,2.277795467E-2,7.103744429E-4,1.651871833E-3,9.997389317E-1,1.773896129E2,1.910958700E-1,-7.707003442E-2,1.773894802E2
1.349170213E2,2.277304557E-2,7.130328449E-4,1.646254794E-3,9.997390509E-1,1.773901756E2,1.904589303E-1,-7.739018283E-2,1.773900428E2
1.349220213E2,2.276795264E-2,7.170180324E-4,1.642570132E-3,9.997391701E-1,1.773907593E2,1.900468125E-1,-7.785731684E-2,1.773906260E2
1.349270213E2,2.277821844E-2,7.094418979E-4,1.648632227E-3,9.997389317E-1,1.773895827E2,1.907223199E-1,-7.697160652E-2,1.773894504E2
1.349320213E2,2.277294280E-2,7.128563593E-4,1.647752244E-3,9.997390509E-1,1.773901874E2,1.906300127E-1,-7.736607598E-2,1.773900545E2
1.349370213E2,2.277032248E-2,7.154590567E-4,1.646672259E-3,9.997391105E-1,1.773904877E2,1.905128768E-1,-7.766756322E-2,1.773903544E2
1.349420213E2,2.278322462E-2,7.062283694E-4,1.653119805E-3,9.997388124E-1,1.773890089E2,1.912284204E-1,-7.659078764E-2,1.773888768E2
1.349470213E2,2.278340900E-2,7.059826748E-4,1.650681836E-3,9.997388124E-1,1.773889877E2,1.909484942E-1,-7.656897055E-2,1.773888559E2
1.349520213E2,2.276783000E-2,7.175724604E-4,1.644027303E-3,9.997391701E-1,1.773907734E2,1.902151862E-1,-7.791705441E-2,1.773906399E2
1.349570213E2,2.277607030E-2,7.106701960E-4,1.641622046E-3,9.997389913E-1,1.773898289E2,1.899222600E-1,-7.713102938E-2,1.773896969E2
1.349620213E2,2.278613561E-2,7.044382510E-4,1.649805112E-3,9.997387528E-1,1.773886752E2,1.908442305E-1,-7.639380733E-2,1.773885438E2
1.349670213E2,2.277264634E-2,7.142720860E-4,1.651232713E-3,9.997390509E-1,1.773902214E2,1.910324145E-1,-7.751923763E-2,1.773900879E2
1.349720213E2,2.276778434E-2,7.173834019E-4,1.644741977E-3,9.997391701E-1,1.773907786E2,1.902965638E-1,-7.789353956E-2,1.773906451E2
1.349770213E2,2.277063140E-2,7.158777444E-4,1.642212388E-3,9.997391105E-1,1.773904523E2,1.900030614E-1,-7.772710778E-2,1.773903192E2
1.349820213E2,2.275993648E-2,7.217586390E-4,1.642753836E-3,9.997393489E-1,1.773916782E2,1.900795996E-1,-7.840145366E-2,1.773915439E2
1.349870213E2,2.276266336E-2,7.211436168E-4,1.641514827E-3,9.997392893E-1,1.773913656E2,1.899362655E-1,-7.833370921E-2,1.773912316E2
1.349920213E2,2.278388853E-2,7.067935076E-4,1.643701456E-3,9.997388124E-1,1.773889328E2,1.901509617E-1,-7.667999492E-2,1.773888013E2
1.349970213E2,2.278615827E-2,7.040663622E-4,1.649650862E-3,9.997387528E-1,1.773886726E2,1.908255898E-1,-7.635160159E-2,1.773885412E2
1.350020213E2,2.277529779E-2,7.121812669E-4,1.651654253E-3,9.997389913E-1,1.773899174E2,1.910754550E-1,-7.727810298E-2,1.773897844E2
1.350070213E2,2.278386973E-2,7.063737721E-4,1.644142321E-3,9.997388124E-1,1.773889349E2,1.902003706E-1,-7.663076181E-2,1.773888035E2
1.350120213E2,2.279215187E-2,7.002749480E-4,1.640685950E-3,9.997386336E-1,1.773879856E2,1.897891054E-1,-7.593952254E-2,1.773878557E2
1.350170213E2,2.280003081E-2,6.955140270E-4,1.642197254E-3,9.997384548E-1,1.773870825E2,1.899504012E-1,-7.538865916E-2,1.773869534E2
1.350220213E2,2.280466563E-2,6.909045624E-4,1.652328414E-3,9.997383356E-1,1.773865513E2,1.910993491E-1,-7.483323449E-2,1.773864223E2
1.350270213E2,2.278901863E-2,7.032023277E-4,1.646626974E-3,9.997386932E-1,1.773883447E2,1.904771288E-1,-7.625996747E-2,1.773882138E2
1.350320213E2,2.277347630E-2,7.124865660E-4,1.640522853E-3,9.997390509E-1,1.773901262E2,1.898008748E-1,-7.734247727E-2,1.773899939E2
1.350370213E2,2.278970341E-2,7.029128610E-4,1.637246576E-3,9.997386932E-1,1.773882662E2,1.894017877E-1,-7.625117346E-2,1.773881361E2
1.350420213E2,2.279785513E-2,6.965927896E-4,1.635646215E-3,9.997385144E-1,1.773873319E2,1.892025555E-1,-7.552977243E-2,1.773872030E2
1.350470213E2,2.278732789E-2,7.043370861E-4,1.633298118E-3,9.997387528E-1,1.773885385E2,1.889529826E-1,-7.642509598E-2,1.773884084E2
1.350520213E2,2.277882696E-2,7.092880551E-4,1.640269649E-3,9.997389317E-1,1.773895129E2,1.897639310E-1,-7.697569559E-2,1.773893813E2
1.350570213E2,2.277336280E-2,7.139793597E-4,1.641449169E-3,9.997390509E-1,1.773901392E2,1.899108830E-1,-7.751109832E-2,1.773900066E2
1.350620213E2,2.277120570E-2,7.143398398E-4,1.634902670E-3,9.997391105E-1,1.773903865E2,1.891616760E-1,-7.756988855E-2,1.773902543E2
1.350670213E2,2.277105865E-2,7.142219692E-4,1.637000940E-3,9.997391105E-1,1.773904033E2,1.894017391E-1,-7.755093747E-2,1.773902710E2
1.350720213E2,2.279456843E-2,6.984520005E-4,1.644206583E-3,9.997385740E-1,1.773877086E2,1.901878573E-1,-7.572102732E-2,1.773875788E2
1.350770213E2,2.278891967E-2,7.021143683E-4,1.648459816E-3,9.997386932E-1,1.773883561E2,1.906842539E-1,-7.613056132E-2,1.773882252E2
1.350820213E2,2.276994654E-2,7.149832672E-4,1.652068575E-3,9.997391105E-1,1.773905308E2,1.911298191E-1,-7.759904657E-2,1.773903971E2
1.350870213E2,2.277804481E-2,7.095428882E-4,1.650986029E-3,9.997389317E-1,1.773896026E2,1.909922265E-1,-7.697706511E-2,1.773894701E2
1.350920213E2,2.279982890E-2,6.951781106E-4,1.645140117E-3,9.997384548E-1,1.773871056E2,1.902866484E-1,-7.534252528E-2,1.773869764E2
1.350970213E2,2.279201299E-2,7.006440428E-4,1.642456744E-3,9.997386336E-1,1.773880015E2,1.899929246E-1,-7.597720787E-2,1.773878714E2
1.351020213E2,2.277252306E-2,7.137273788E-4,1.653167303E-3,9.997390509E-1,1.773902355E2,1.912526139E-1,-7.745180994E-2,1.773901020E2
1.351070213E2,2.277601466E-2,7.121655508E-4,1.641745912E-3,9.997389913E-1,1.773898353E2,1.899403494E-1,-7.730202703E-2,1.773897030E2
1.351120213E2,2.277647210E-2,7.110530860E-4,1.635871478E-3,9.997389913E-1,1.773897828E2,1.892644936E-1,-7.718982729E-2,1.773896512E2
1.351170213E2,2.277867699E-2,7.089127321E-4,1.642512972E-3,9.997389317E-1,1.773895301E2,1.900199393E-1,-7.692687049E-2,1.773893984E2
1.351220213E2,2.277861343E-2,7.091603475E-4,1.643287367E-3,9.997389317E-1,1.773895374E2,1.901092971E-1,-7.695322835E-2,1.773894055E2
1.351270213E2,2.277857140E-2,7.089960272E-4,1.643940690E-3,9.997389317E-1,1.773895422E2,1.901837109E-1,-7.693270612E-2,1.773894103E2
1.351320213E2,2.277783986E-2,7.102224627E-4,1.653519575E-3,9.997389317E-1,1.773896261E2,1.912842331E-1,-7.704834418E-2,1.773894932E2
1.351370213E2,2.277225274E-2,7.139001973E-4,1.656812266E-3,9.997390509E-1,1.773902665E2,1.916706186E-1,-7.746214797E-2,1.773901327E2
1.351420213E2,2.278352478E-2,7.063266821E-4,1.648935722E-3,9.997388124E-1,1.773889744E2,1.907493630E-1,-7.661291747E-2,1.773888427E2
1.351470213E2,2.279177578E-2,7.001203485E-4,1.645967946E-3,9.997386336E-1,1.773880287E2,1.903937891E-1,-7.590808682E-2,1.773878984E2
1.351520213E2,2.277777075E-2,7.099514478E-4,1.654587570E-3,9.997389317E-1,1.773896340E2,1.914058719E-1,-7.701452172E-2,1.773895011E2
1.351570213E2,2.276203354E-2,7.216451922E-4,1.650005928E-3,9.997392893E-1,1.773914378E2,1.909102830E-1,-7.836914139E-2,1.773913030E2
1.351620213E2,2.277842657E-2,7.102571544E-4,1.645402517E-3,9.997389317E-1,1.773895588E2,1.903544620E-1,-7.707339465E-2,1.773894266E2
1.351670213E2,2.279195894E-2,6.999772741E-4,1.643490745E-3,9.997386336E-1,1.773880077E2,1.901096361E-1,-7.589813130E-2,1.773878776E2
1.351720213E2,2.278624223E-2,7.039468037E-4,1.648541773E-3,9.997387528E-1,1.773886630E2,1.906982245E-1,-7.634078484E-2,1.773885317E2
1.351770213E2,2.278098011E-2,7.077027694E-4,1.647365047E-3,9.997388721E-1,1.773892661E2,1.905728210E-1,-7.677515034E-2,1.773891342E2
1.351820213E2,2.277332810E-2,7.137308712E-4,1.642038580E-3,9.997390509E-1,1.773901432E2,1.899777558E-1,-7.748109942E-2,1.773900106E2
1.351870213E2,2.277319769E-2,7.130325539E-4,1.644149190E-3,9.997390509E-1,1.773901582E2,1.902177189E-1,-7.739561561E-2,1.773900255E2
1.351920213E2,2.278603949E-2,7.040689816E-4,1.651289640E-3,9.997387528E-1,1.773886862E2,1.910133294E-1,-7.634764512E-2,1.773885547E2
1.351970213E2,2.278859798E-2,7.031318382E-4,1.652468462E-3,9.997386932E-1,1.773883930E2,1.911461254E-1,-7.623671708E-2,1.773882616E2
1.352020213E2,2.278113871E-2,7.071847213E-4,1.645393088E-3,9.997388721E-1,1.773892479E2,1.903455689E-1,-7.672091976E-2,1.773891163E2
1.352070213E2,2.277559014E-2,7.123960531E-4,1.647525118E-3,9.997389913E-1,1.773898839E2,1.906029960E-1,-7.731343054E-2,1.773897511E2
1.352120213E2,2.277860613E-2,7.087987615E-4,1.643544529E-3,9.997389317E-1,1.773895382E2,1.901378135E-1,-7.691113455E-2,1.773894064E2
1.352170213E2,2.277871811E-2,7.099370705E-4,1.641500043E-3,9.997389317E-1,1.773895254E2,1.899065734E-1,-7.704685675E-2,1.773893935E2
1.352220213E2,2.277594581E-2,7.110736915E-4,1.643173746E-3,9.997389913E-1,1.773898432E2,1.901010695E-1,-7.717322811E-2,1.773897109E2
1.352270213E2,2.276754141E-2,7.164142444E-4,1.648522797E-3,9.997391701E-1,1.773908065E2,1.907271547E-1,-7.777269288E-2,1.773906728E2
1.352320213E2,2.275720641E-2,7.250864874E-4,1.642836607E-3,9.997394085E-1,1.773919911E2,1.900975476E-1,-7.878300098E-2,1.773918562E2
1.352370213E2,2.276046460E-2,7.224571891E-4,1.635111868E-3,9.997393489E-1,1.773916176E2,1.892059833E-1,-7.850131287E-2,1.773914839E2
1.352420213E2,2.277896679E-2,7.095822948E-4,1.638199203E-3,9.997389317E-1,1.773894969E2,1.895275153E-1,-7.701478236E-2,1.773893654E2
1.352470213E2,2.277852967E-2,7.099010982E-4,1.644128351E-3,9.997389317E-1,1.773895470E2,1.902075694E-1,-7.703591065E-2,1.773894149E2
1.352520213E2,2.276023170E-2,7.219149265E-4,1.638589660E-3,9.997393489E-1,1.773916443E2,1.896029736E-1,-7.843016339E-2,1.773915104E2
1.352570213E2,2.276056111E-2,7.214333164E-4,1.634220360E-3,9.997393489E-1,1.773916066E2,1.891011870E-1,-7.838632329E-2,1.773914731E2
1.352620213E2,2.278141726E-2,7.078642375E-4,1.641239040E-3,9.997388721E-1,1.773892160E2,1.898714683E-1,-7.680955819E-2,1.773890846E2
1.352670213E2,2.278116245E-2,7.083542878E-4,1.644561184E-3,9.997388721E-1,1.773892452E2,1.902533198E-1,-7.685707457E-2,1.773891134E2
1.352720213E2,2.277630842E-2,7.113157189E-4,1.638034824E-3,9.997389913E-1,1.773898016E2,1.895130039E-1,-7.721429938E-2,1.773896697E2
1.352770213E2,2.277097430E-2,7.157087675E-4,1.637524809E-3,9.997391105E-1,1.773904130E2,1.894656282E-1,-7.771991657E-2,1.773902803E2
1.352820213E2,2.277336129E-2,7.136961212E-4,1.641593291E-3,9.997390509E-1,1.773901394E2,1.899266545E-1,-7.747827420E-2,1.773900068E2
1.352870213E2,2.277317587E-2,7.130091544E-4,1.644461532E-3,9.997390509E-1,1.773901607E2,1.902534388E-1,-7.739212395E-2,1.773900280E2
1.352920213E2,2.277315751E-2,7.139929803E-4,1.644289005E-3,9.997390509E-1,1.773901628E2,1.902362400E-1,-7.750528646E-2,1.773900299E2
1.352970213E2,2.277299638E-2,7.131667808E-4,1.646877150E-3,9.997390509E-1,1.773901812E2,1.905305745E-1,-7.740391194E-2,1.773900483E2
1.353020213E2,2.277033975E-2,7.159779780E-4,1.646207762E-3,9.997391105E-1,1.773904857E2,1.904610186E-1,-7.772822051E-2,1.773903523E2
1.353070213E2,2.276303941E-2,7.199661923E-4,1.636810252E-3,9.997392893E-1,1.773913225E2,1.893942572E-1,-7.821102228E-2,1.773911891E2
1.353120213E2,2.277690108E-2,7.102850359E-4,1.630222541E-3,9.997389913E-1,1.773897337E2,1.886153679E-1,-7.711650167E-2,1.773896026E2
1.353170213E2,2.279232641E-2,7.006806554E-4,1.638086047E-3,9.997386336E-1,1.773879656E2,1.894923283E-1,-7.599275872E-2,1.773878358E2
1.353220213E2,2.279443237E-2,6.984117208E-4,1.646108809E-3,9.997385740E-1,1.773877242E2,1.904056646E-1,-7.571146973E-2,1.773875942E2
1.353270213E2,2.277594803E-2,7.114374894E-4,1.642985502E-3,9.997389913E-1,1.773898429E2,1.900804538E-1,-7.721539632E-2,1.773897106E2
1.353320213E2,2.278106351E-2,7.069704589E-4,1.646525925E-3,9.997388721E-1,1.773892566E2,1.904747839E-1,-7.669343037E-2,1.773891249E2
1.353370213E2,2.279705158E-2,6.975558354E-4,1.646400196E-3,9.997385144E-1,1.773874240E2,1.904370087E-1,-7.561215801E-2,1.773872942E2
1.353420213E2,2.279190360E-2,7.005125517E-4,1.644030097E-3,9.997386336E-1,1.773880141E2,1.901728194E-1,-7.595805539E-2,1.773878838E2
1.353470213E2,2.277917599E-2,7.095655310E-4,1.635294990E-3,9.997389317E-1,1.773894729E2,1.891947751E-1,-7.702040348E-2,1.773893416E2
1.353520213E2,2.277879796E-2,7.103286334E-4,1.640222035E-3,9.997389317E-1,1.773895162E2,1.897611906E-1,-7.709503579E-2,1.773893844E2
1.353570213E2,2.277365077E-2,7.132241153E-4,1.637778128E-3,9.997390509E-1,1.773901062E2,1.894883720E-1,-7.743410224E-2,1.773899740E2
1.353620213E2,2.278515045E-2,7.058874471E-4,1.626508427E-3,9.997388124E-1,1.773887881E2,1.881790239E-1,-7.662084818E-2,1.773886582E2
1.353670213E2,2.279017236E-2,7.023425424E-4,1.630951534E-3,9.997386932E-1,1.773882125E2,1.886791611E-1,-7.620218869E-2,1.773880829E2
1.353720213E2,2.277897015E-2,7.102430100E-4,1.637866138E-3,9.997389317E-1,1.773894965E2,1.894910840E-1,-7.709134381E-2,1.773893649E2
1.353770213E2,2.277242884E-2,7.142337854E-4,1.617823145E-3,9.997391105E-1,1.773902463E2,1.872048284E-1,-7.760207916E-2,1.773901154E2
1.353820213E2,2.278053704E-2,7.091860753E-4,1.616390655E-3,9.997389317E-1,1.773893169E2,1.870281699E-1,-7.702602632E-2,1.773891871E2
1.353870213E2,2.278749152E-2,7.036292227E-4,1.631319174E-3,9.997387528E-1,1.773885198E2,1.887244346E-1,-7.634913884E-2,1.773883899E2
1.353920213E2,2.278492142E-2,7.062802906E-4,1.629543491E-3,9.997388124E-1,1.773888144E2,1.885277353E-1,-7.665797126E-2,1.773886841E2
1.353970213E2,2.278567969E-2,7.054796442E-4,1.619255170E-3,9.997388124E-1,1.773887275E2,1.873470517E-1,-7.659296954E-2,1.773885982E2
1.354020213E2,2.277473184E-2,7.126742275E-4,1.622917247E-3,9.997390509E-1,1.773899823E2,1.877845272E-1,-7.740968708E-2,1.773898514E2
1.354070213E2,2.277430163E-2,7.125221309E-4,1.629009726E-3,9.997390509E-1,1.773900316E2,1.884820639E-1,-7.737644281E-2,1.773899002E2
1.354120213E2,2.279365100E-2,7.003699429E-4,1.619684626E-3,9.997386336E-1,1.773878138E2,1.873835135E-1,-7.600497814E-2,1.773876854E2
1.354170213E2,2.279661917E-2,6.978439633E-4,1.615787274E-3,9.997385740E-1,1.773874736E2,1.869306511E-1,-7.572522299E-2,1.773873460E2
1.354220213E2,2.277206313E-2,7.136625936E-4,1.623213990E-3,9.997391105E-1,1.773902882E2,1.878208955E-1,-7.752264287E-2,1.773901570E2
1.354270213E2,2.277466416E-2,7.133977488E-4,1.623548917E-3,9.997390509E-1,1.773899901E2,1.878587758E-1,-7.749093901E-2,1.773898589E2
1.354320213E2,2.279074060E-2,7.015108713E-4,1.623351360E-3,9.997386932E-1,1.773881474E2,1.878063407E-1,-7.612665366E-2,1.773880185E2
1.354370213E2,2.279600870E-2,6.983890780E-4,1.624142984E-3,9.997385740E-1,1.773875435E2,1.878892759E-1,-7.576595824E-2,1.773874152E2
1.354420213E2,2.279572848E-2,6.985064247E-4,1.628021011E-3,9.997385740E-1,1.773875756E2,1.883338358E-1,-7.576932364E-2,1.773874470E2
1.354470213E2,2.279558329E-2,6.987797096E-4,1.629935461E-3,9.997385740E-1,1.773875923E2,1.885538620E-1,-7.579565782E-2,1.773874635E2
1.354520213E2,2.278523649E-2,7.047981489E-4,1.625775360E-3,9.997388124E-1,1.773887783E2,1.880922043E-1,-7.649795429E-2,1.773886486E2
1.354570213E2,2.278297555E-2,7.075552712E-4,1.619598828E-3,9.997388721E-1,1.773890374E2,1.873916344E-1,-7.683036635E-2,1.773889077E2
1.354620213E2,2.279371822E-2,6.994506693E-4,1.619135845E-3,9.997386336E-1,1.773878061E2,1.873182476E-1,-7.590108551E-2,1.773876779E2
1.354670213E2,2.279340106E-2,6.995747099E-4,1.623541117E-3,9.997386336E-1,1.773878424E2,1.878232244E-1,-7.590384837E-2,1.773877139E2
1.354720213E2,2.278271461E-2,7.066671969E-4,1.623652061E-3,9.997388721E-1,1.773890673E2,1.878536421E-1,-7.671809364E-2,1.773889375E2
1.354770213E2,2.278281093E-2,7.073185407E-4,1.622016076E-3,9.997388721E-1,1.773890563E2,1.876679285E-1,-7.679696588E-2,1.773889264E2
1.354820213E2,2.279063484E-2,7.011541165E-4,1.624989440E-3,9.997386932E-1,1.773881595E2,1.879930626E-1,-7.608152486E-2,1.773880306E2
1.354870213E2,2.279856903E-2,6.963891210E-4,1.625752426E-3,9.997385144E-1,1.773872501E2,1.880686251E-1,-7.553215378E-2,1.773871220E2
1.354920213E2,2.280427795E-2,6.920543383E-4,1.620833995E-3,9.997383952E-1,1.773865957E2,1.874942620E-1,-7.504733346E-2,1.773864688E2
1.354970213E2,2.279896746E-2,6.959596067E-4,1.620339928E-3,9.997385144E-1,1.773872044E2,1.874474664E-1,-7.549701420E-2,1.773870768E2
1.355020213E2,2.279075841E-2,7.019217592E-4,1.622923650E-3,9.997386932E-1,1.773881453E2,1.877584160E-1,-7.617483939E-2,1.773880164E2
1.355070213E2,2.279820765E-2,6.971326657E-4,1.630494604E-3,9.997385144E-1,1.773872915E2,1.886138140E-1,-7.560501398E-2,1.773871629E2
1.355120213E2,2.280590716E-2,6.910055527E-4,1.635060529E-3,9.997383356E-1,1.773864090E2,1.891214629E-1,-7.488969635E-2,1.773862812E2
1.355170213E2,2.279559197E-2,6.990072434E-4,1.629716600E-3,9.997385740E-1,1.773875913E2,1.885293840E-1,-7.582229456E-2,1.773874624E2
1.355220213E2,2.279039762E-2,7.026040694E-4,1.627687947E-3,9.997386932E-1,1.773881867E2,1.883059782E-1,-7.624063073E-2,1.773880573E2
1.355270213E2,2.280079242E-2,6.951291580E-4,1.631752821E-3,9.997384548E-1,1.773869952E2,1.887529178E-1,-7.537171361E-2,1.773868669E2
1.355320213E2,2.280357870E-2,6.920160959E-4,1.630658517E-3,9.997383952E-1,1.773866758E2,1.886196263E-1,-7.501740977E-2,1.773865483E2
1.355370213E2,2.280641747E-2,6.900511798E-4,1.628331724E-3,9.997383356E-1,1.773863505E2,1.883481414E-1,-7.479785142E-2,1.773862234E2
1.355420213E2,2.280602254E-2,6.903655594E-4,1.633720938E-3,9.997383356E-1,1.773863957E2,1.889663326E-1,-7.481985690E-2,1.773862682E2
1.355470213E2,2.279781982E-2,6.959038437E-4,1.636431436E-3,9.997385144E-1,1.773873359E2,1.892907093E-1,-7.544880090E-2,1.773872072E2
1.355520213E2,2.280101135E-2,6.952483673E-4,1.628639875E-3,9.997384548E-1,1.773869701E2,1.883966205E-1,-7.539346301E-2,1.773868421E2
1.355570213E2,2.279827439E-2,6.969935494E-4,1.629620558E-3,9.997385144E-1,1.773872838E2,1.885133230E-1,-7.559134754E-2,1.773871554E2
1.355620213E2,2.280066532E-2,6.938698352E-4,1.634063083E-3,9.997384548E-1,1.773870098E2,1.890142856E-1,-7.522143106E-2,1.773868816E2
1.355670213E2,2.279564719E-2,6.984132924E-4,1.629198669E-3,9.997385740E-1,1.773875850E2,1.884685011E-1,-7.575559315E-2,1.773874563E2
1.355720213E2,2.278008181E-2,7.093728636E-4,1.622712007E-3,9.997389317E-1,1.773893691E2,1.877528095E-1,-7.703100814E-2,1.773892388E2
1.355770213E2,2.278015520E-2,7.095073233E-4,1.621622592E-3,9.997389317E-1,1.773893607E2,1.876283607E-1,-7.704924225E-2,1.773892304E2
1.355820213E2,2.279096578E-2,7.013729191E-4,1.620246563E-3,9.997386932E-1,1.773881216E2,1.874503058E-1,-7.611891640E-2,1.773879930E2
1.355870213E2,2.279131981E-2,7.020612829E-4,1.614959911E-3,9.997386932E-1,1.773880810E2,1.868464812E-1,-7.621151793E-2,1.773879527E2
1.355920213E2,2.278075245E-2,7.092709420E-4,1.613314613E-3,9.997389317E-1,1.773892922E2,1.866760104E-1,-7.704373887E-2,1.773891627E2
1.355970213E2,2.277744752E-2,7.107113488E-4,1.622383250E-3,9.997389913E-1,1.773896710E2,1.877184376E-1,-7.718570013E-2,1.773895405E2
1.356020213E2,2.278791727E-2,7.041762001E-4,1.625124132E-3,9.997387528E-1,1.773884710E2,1.880161791E-1,-7.642789907E-2,1.773883415E2
1.356070213E2,2.278021572E-2,7.088673883E-4,1.621052274E-3,9.997389317E-1,1.773893537E2,1.875613577E-1,-7.697740771E-2,1.773892237E2
1.356120213E2,2.277237093E-2,7.142541581E-4,1.618629089E-3,9.997391105E-1,1.773902529E2,1.872972076E-1,-7.760232070E-2,1.773901220E2
1.356170213E2,2.276931132E-2,7.157283835E-4,1.624196302E-3,9.997391701E-1,1.773906036E2,1.879386087E-1,-7.775725714E-2,1.773904720E2
1.356220213E2,2.277743053E-2,7.109920261E-4,1.622498734E-3,9.997389913E-1,1.773896730E2,1.877323991E-1,-7.721755675E-2,1.773895424E2
1.356270213E2,2.276678192E-2,7.178298547E-4,1.622036332E-3,9.997392297E-1,1.773908935E2,1.876964447E-1,-7.800411619E-2,1.773907617E2
1.356320213E2,2.276902200E-2,7.174263592E-4,1.627499703E-3,9.997391701E-1,1.773906368E2,1.883214616E-1,-7.794321506E-2,1.773905046E2
1.356370213E2,2.276895650E-2,7.164974813E-4,1.628824743E-3,9.997391701E-1,1.773906443E2,1.884708319E-1,-7.783335617E-2,1.773905121E2
1.356420213E2,2.276356567E-2,7.207117160E-4,1.629145467E-3,9.997392893E-1,1.773912622E2,1.885181495E-1,-7.831632581E-2,1.773911292E2
1.356470213E2,2.276641058E-2,7.188914460E-4,1.626771293E-3,9.997392297E-1,1.773909361E2,1.882416326E-1,-7.811345025E-2,1.773908037E2
1.356520213E2,2.277144721E-2,7.150906022E-4,1.631206367E-3,9.997391105E-1,1.773903588E2,1.887401979E-1,-7.766549717E-2,1.773902267E2
1.356570213E2,2.276367032E-2,7.206405862E-4,1.627714140E-3,9.997392893E-1,1.773912502E2,1.883539964E-1,-7.831189117E-2,1.773911173E2
1.356620213E2,2.275897660E-2,7.235441590E-4,1.618818729E-3,9.997394085E-1,1.773917882E2,1.873421253E-1,-7.866861417E-2,1.773916555E2
1.356670213E2,2.277253451E-2,7.146596909E-4,1.616146881E-3,9.997391105E-1,1.773902342E2,1.870139119E-1,-7.765522634E-2,1.773901034E2
1.356720213E2,2.278002237E-2,7.089464925E-4,1.623732504E-3,9.997389317E-1,1.773893759E2,1.878686020E-1,-7.697950947E-2,1.773892456E2
1.356770213E2,2.277983751E-2,7.093554595E-4,1.626145560E-3,9.997389317E-1,1.773893971E2,1.881461002E-1,-7.702009685E-2,1.773892665E2
1.356820213E2,2.277228180E-2,7.152504986E-4,1.619442948E-3,9.997391105E-1,1.773902631E2,1.873930384E-1,-7.771435599E-2,1.773901320E2
1.356870213E2,2.276713570E-2,7.184396964E-4,1.616792171E-3,9.997392297E-1,1.773908530E2,1.870972815E-1,-7.808759660E-2,1.773907214E2
1.356920213E2,2.277504977E-2,7.131238235E-4,1.618251437E-3,9.997390509E-1,1.773899459E2,1.872512006E-1,-7.747331143E-2,1.773898152E2
1.356970213E2,2.278019547E-2,7.085772813E-4,1.621463569E-3,9.997389317E-1,1.773893561E2,1.876077176E-1,-7.694310265E-2,1.773892260E2
1.357020213E2,2.277760965E-2,7.111661835E-4,1.619905699E-3,9.997389913E-1,1.773896524E2,1.874358041E-1,-7.724424336E-2,1.773895220E2
1.357070213E2,2.276405857E-2,7.193161873E-4,1.622862881E-3,9.997392893E-1,1.773912057E2,1.877948011E-1,-7.817274810E-2,1.773910735E2
1.357120213E2,2.276940638E-2,7.171381731E-4,1.622240641E-3,9.997391701E-1,1.773905927E2,1.877182505E-1,-7.792385012E-2,1.773904610E2
1.357170213E2,2.278255144E-2,7.064397796E-4,1.626038924E-3,9.997388721E-1,1.773890860E2,1.881264797E-1,-7.668583931E-2,1.773889560E2
1.357220213E2,2.277964927E-2,7.083505043E-4,1.629217644E-3,9.997389317E-1,1.773894187E2,1.884954062E-1,-7.689698325E-2,1.773892881E2
1.357270213E2,2.276898588E-2,7.164246053E-4,1.628446043E-3,9.997391701E-1,1.773906409E2,1.884272594E-1,-7.782598996E-2,1.773905088E2
1.357320213E2,2.276669086E-2,7.180460379E-4,1.623218297E-3,9.997392297E-1,1.773909040E2,1.878324100E-1,-7.802581586E-2,1.773907720E2
1.357370213E2,2.276907283E-2,7.169905002E-4,1.626980607E-3,9.997391701E-1,1.773906310E2,1.882608595E-1,-7.789462720E-2,1.773904989E2
1.357420213E2,2.276671337E-2,7.176177460E-4,1.623091986E-3,9.997392297E-1,1.773909014E2,1.878168238E-1,-7.797707531E-2,1.773907695E2
1.357470213E2,2.277730260E-2,7.108154823E-4,1.624370925E-3,9.997389913E-1,1.773896876E2,1.879464104E-1,-7.719246878E-2,1.773895569E2
1.357520213E2,2.277211693E-2,7.141265669E-4,1.622254844E-3,9.997391105E-1,1.773902820E2,1.877122289E-1,-7.757828935E-2,1.773901509E2
1.357570213E2,2.276159281E-2,7.214046782E-4,1.619799994E-3,9.997393489E-1,1.773914883E2,1.874491657E-1,-7.842046173E-2,1.773913559E2
1.357620213E2,2.276187886E-2,7.215239457E-4,1.615722198E-3,9.997393489E-1,1.773914555E2,1.869823385E-1,-7.844470833E-2,1.773913234E2
1.357670213E2,2.277787232E-2,7.100859075E-4,1.616682974E-3,9.997389913E-1,1.773896223E2,1.870638023E-1,-7.712884810E-2,1.773894924E2
1.357720213E2,2.277777295E-2,7.108329446E-4,1.617754344E-3,9.997389913E-1,1.773896337E2,1.871884832E-1,-7.721165196E-2,1.773895035E2
1.357770213E2,2.276457909E-2,7.190845790E-4,1.615648041E-3,9.997392893E-1,1.773911460E2,1.869676904E-1,-7.816493870E-2,1.773910144E2
1.357820213E2,2.276461610E-2,7.192149060E-4,1.615068526E-3,9.997392893E-1,1.773911418E2,1.869016429E-1,-7.818137408E-2,1.773910102E2
1.357870213E2,2.276691020E-2,7.179625100E-4,1.620176015E-3,9.997392297E-1,1.773908788E2,1.874836790E-1,-7.802414295E-2,1.773907471E2
1.357920213E2,2.276409260E-2,7.206035079E-4,1.621814095E-3,9.997392893E-1,1.773912018E2,1.876780113E-1,-7.832295536E-2,1.773910694E2
1.357970213E2,2.276432342E-2,7.205334841E-4,1.618602197E-3,9.997392893E-1,1.773911753E2,1.873098848E-1,-7.832326898E-2,1.773910432E2
1.358020213E2,2.276705738E-2,7.181087858E-4,1.618041657E-3,9.997392297E-1,1.773908620E2,1.872395556E-1,-7.804644160E-2,1.773907303E2
1.358070213E2,2.276163358E-2,7.218652754E-4,1.619021758E-3,9.997393489E-1,1.773914836E2,1.873612141E-1,-7.847525087E-2,1.773913512E2
1.358120213E2,2.275648823E-2,7.249122136E-4,1.616376685E-3,9.997394681E-1,1.773920734E2,1.870657318E-1,-7.883217566E-2,1.773919406E2
1.358170213E2,2.275121842E-2,7.294317475E-4,1.614794484E-3,9.997395873E-1,1.773926774E2,1.868958407E-1,-7.935505267E-2,1.773925439E2
1.358220213E2,2.274833102E-2,7.314844988E-4,1.617640024E-3,9.997396469E-1,1.773930084E2,1.872269545E-1,-7.958334124E-2,1.773928743E2
1.358270213E2,2.274303040E-2,7.341342862E-4,1.617297647E-3,9.997397661E-1,1.773936160E2,1.871942158E-1,-7.988879062E-2,1.773934814E2
1.358320213E2,2.274068175E-2,7.363898912E-4,1.612445922E-3,9.997398257E-1,1.773938852E2,1.866440829E-1,-8.016028029E-2,1.773937505E2
1.358370213E2,2.274118037E-2,7.353442488E-4,1.605877536E-3,9.997398257E-1,1.773938280E2,1.858889092E-1,-8.005751431E-2,1.773936941E2
1.358420213E2,2.276011718E-2,7.232294302E-4,1.602844684E-3,9.997394085E-1,1.773916575E2,1.855113740E-1,-7.867400891E-2,1.773915261E2
1.358470213E2,2.276235110E-2,7.219998515E-4,1.608842053E-3,9.997393489E-1,1.773914014E2,1.861954132E-1,-7.851708753E-2,1.773912698E2
1.358520213E2,2.275433506E-2,7.262215950E-4,1.609219587E-3,9.997395277E-1,1.773923202E2,1.862490445E-1,-7.900124636E-2,1.773921877E2
1.358570213E2,2.275975812E-2,7.229446783E-4,1.608063234E-3,9.997394085E-1,1.773916986E2,1.861084510E-1,-7.862784278E-2,1.773915669E2
1.358620213E2,2.275970884E-2,7.241591811E-4,1.608214225E-3,9.997394085E-1,1.773917043E2,1.861289129E-1,-7.876659371E-2,1.773915723E2
1.358670213E2,2.275954919E-2,7.243188447E-4,1.610400272E-3,9.997394085E-1,1.773917226E2,1.863797549E-1,-7.877921315E-2,1.773915904E2
1.358720213E2,2.276238744E-2,7.214860525E-4,1.608558465E-3,9.997393489E-1,1.773913972E2,1.861615872E-1,-7.845895880E-2,1.773912657E2
1.358770213E2,2.276509347E-2,7.189260796E-4,1.608454855E-3,9.997392893E-1,1.773910871E2,1.861432507E-1,-7.816545028E-2,1.773909560E2
1.358820213E2,2.276744898E-2,7.179215318E-4,1.612605411E-3,9.997392297E-1,1.773908171E2,1.866163099E-1,-7.803909979E-2,1.773906859E2
1.358870213E2,2.276223577E-2,7.217855891E-4,1.610568957E-3,9.997393489E-1,1.773914146E2,1.863926830E-1,-7.848805811E-2,1.773912829E2
1.358920213E2,2.277041848E-2,7.152106846E-4,1.608830295E-3,9.997391701E-1,1.773904767E2,1.861769821E-1,-7.773783709E-2,1.773903464E2
1.358970213E2,2.278091899E-2,7.080209325E-4,1.611510990E-3,9.997389317E-1,1.773892731E2,1.864661329E-1,-7.690521317E-2,1.773891439E2
1.359020213E2,2.277476574E-2,7.120006485E-4,1.622737153E-3,9.997390509E-1,1.773899784E2,1.877621397E-1,-7.733298438E-2,1.773898476E2
1.359070213E2,2.276431110E-2,7.192623452E-4,1.619340735E-3,9.997392893E-1,1.773911767E2,1.873911760E-1,-7.817572076E-2,1.773910448E2
1.359120213E2,2.276461464E-2,7.205098518E-4,1.614511828E-3,9.997392893E-1,1.773911420E2,1.868412448E-1,-7.833117788E-2,1.773910102E2
1.359170213E2,2.277743377E-2,7.108288701E-4,1.622524695E-3,9.997389913E-1,1.773896726E2,1.877349475E-1,-7.719879694E-2,1.773895420E2
1.359220213E2,2.277444519E-2,7.126379060E-4,1.626950689E-3,9.997390509E-1,1.773900152E2,1.882464896E-1,-7.739505300E-2,1.773898839E2
1.359270213E2,2.276666527E-2,7.177533698E-4,1.623706659E-3,9.997392297E-1,1.773909069E2,1.878875921E-1,-7.799101796E-2,1.773907749E2
1.359320213E2,2.277488229E-2,7.133242907E-4,1.620518509E-3,9.997390509E-1,1.773899651E2,1.875114313E-1,-7.749039173E-2,1.773898342E2
1.359370213E2,2.277716063E-2,7.117551868E-4,1.625949400E-3,9.997389913E-1,1.773897039E2,1.881296859E-1,-7.729602946E-2,1.773895729E2
1.359420213E2,2.277691163E-2,7.102588424E-4,1.630086568E-3,9.997389913E-1,1.773897325E2,1.885997230E-1,-7.711385383E-2,1.773896014E2
1.359470213E2,2.277172107E-2,7.141011301E-4,1.627813326E-3,9.997391105E-1,1.773903274E2,1.883489230E-1,-7.756094428E-2,1.773901958E2
1.359520213E2,2.277751887E-2,7.110626320E-4,1.621227129E-3,9.997389913E-1,1.773896629E2,1.875869126E-1,-7.722894809E-2,1.773895323E2
1.359570213E2,2.278279034E-2,7.077891496E-4,1.622100011E-3,9.997388721E-1,1.773890586E2,1.876787715E-1,-7.685066436E-2,1.773889287E2
1.359620213E2,2.278040427E-2,7.081116783E-4,1.618731185E-3,9.997389317E-1,1.773893321E2,1.872934905E-1,-7.689685629E-2,1.773892024E2
1.359670213E2,2.277208498E-2,7.143110270E-4,1.622622018E-3,9.997391105E-1,1.773902857E2,1.877547720E-1,-7.759846922E-2,1.773901544E2
1.359720213E2,2.277238749E-2,7.149805315E-4,1.618075301E-3,9.997391105E-1,1.773902510E2,1.872356616E-1,-7.768697737E-2,1.773901200E2
1.359770213E2,2.276722749E-2,7.177783991E-4,1.615793095E-3,9.997392297E-1,1.773908425E2,1.869811069E-1,-7.801442673E-2,1.773907111E2
1.359820213E2,2.276156545E-2,7.225289010E-4,1.619683462E-3,9.997393489E-1,1.773914915E2,1.874387462E-1,-7.854956373E-2,1.773913589E2
1.359870213E2,2.276356243E-2,7.202450070E-4,1.629397157E-3,9.997392893E-1,1.773912626E2,1.885457658E-1,-7.826220286E-2,1.773911296E2
1.359920213E2,2.277436328E-2,7.129090372E-4,1.627978170E-3,9.997390509E-1,1.773900246E2,1.883649014E-1,-7.742344808E-2,1.773898932E2
1.359970213E2,2.277174378E-2,7.141415263E-4,1.627477817E-3,9.997391105E-1,1.773903248E2,1.883105936E-1,-7.756644339E-2,1.773901932E2
1.360020213E2,2.277445920E-2,7.120676455E-4,1.627004356E-3,9.997390509E-1,1.773900136E2,1.882511505E-1,-7.732958029E-2,1.773898824E2
1.360070213E2,2.278197938E-2,7.075560279E-4,1.633551205E-3,9.997388721E-1,1.773891516E2,1.889899726E-1,-7.679421350E-2,1.773890208E2
1.360120213E2,2.278686497E-2,7.038488984E-4,1.639953582E-3,9.997387528E-1,1.773885916E2,1.897141358E-1,-7.635187636E-2,1.773884610E2
1.360170213E2,2.278155047E-2,7.077489281E-4,1.639438793E-3,9.997388721E-1,1.773892007E2,1.896649375E-1,-7.680102278E-2,1.773890695E2
1.360220213E2,2.278467977E-2,7.051959983E-4,1.633387408E-3,9.997388124E-1,1.773888421E2,1.889652524E-1,-7.652376176E-2,1.773887117E2
1.360270213E2,2.278999884E-2,7.012757123E-4,1.633832697E-3,9.997386932E-1,1.773882324E2,1.890064332E-1,-7.607247896E-2,1.773881028E2
1.360320213E2,2.279251613E-2,7.010750705E-4,1.635275083E-3,9.997386336E-1,1.773879438E2,1.891713432E-1,-7.604524974E-2,1.773878142E2
1.360370213E2,2.277671299E-2,7.117878413E-4,1.632193802E-3,9.997389913E-1,1.773897552E2,1.888451080E-1,-7.728355580E-2,1.773896237E2
1.360420213E2,2.277717908E-2,7.106009871E-4,1.626195735E-3,9.997389913E-1,1.773897018E2,1.881548949E-1,-7.716315593E-2,1.773895710E2
1.360470213E2,2.279045757E-2,7.025487721E-4,1.626872225E-3,9.997386932E-1,1.773881798E2,1.882123875E-1,-7.623641493E-2,1.773880505E2
1.360520213E2,2.278469649E-2,7.062414079E-4,1.632702304E-3,9.997388124E-1,1.773888401E2,1.888894966E-1,-7.664531133E-2,1.773887097E2
1.360570213E2,2.277125996E-2,7.145437994E-4,1.634057495E-3,9.997391105E-1,1.773903803E2,1.890653874E-1,-7.759544975E-2,1.773902481E2
1.360620213E2,2.277719631E-2,7.100626244E-4,1.626189565E-3,9.997389913E-1,1.773896998E2,1.881527840E-1,-7.710149305E-2,1.773895691E2
1.360670213E2,2.278231327E-2,7.071270375E-4,1.629074337E-3,9.997388721E-1,1.773891133E2,1.884759990E-1,-7.675669270E-2,1.773889829E2
1.360720213E2,2.277902007E-2,7.101338124E-4,1.637218986E-3,9.997389317E-1,1.773894908E2,1.894166636E-1,-7.708051383E-2,1.773893592E2
1.360770213E2,2.277357750E-2,7.140181260E-4,1.638450893E-3,9.997390509E-1,1.773901146E2,1.895675120E-1,-7.752332356E-2,1.773899822E2
1.360820213E2,2.277948452E-2,7.092297310E-4,1.631137566E-3,9.997389317E-1,1.773894375E2,1.887176391E-1,-7.699272811E-2,1.773893066E2
1.360870213E2,2.277937821E-2,7.100251387E-4,1.632275758E-3,9.997389317E-1,1.773894497E2,1.888501012E-1,-7.708090022E-2,1.773893186E2
1.360920213E2,2.277346960E-2,7.130751619E-4,1.640360104E-3,9.997390509E-1,1.773901270E2,1.897837657E-1,-7.741033382E-2,1.773899946E2
1.360970213E2,2.277842982E-2,7.101218216E-4,1.645415905E-3,9.997389317E-1,1.773895584E2,1.903556427E-1,-7.705785513E-2,1.773894262E2
1.361020213E2,2.277319348E-2,7.140120724E-4,1.643782482E-3,9.997390509E-1,1.773901586E2,1.901782643E-1,-7.750878874E-2,1.773900258E2
1.361070213E2,2.276804478E-2,7.164021954E-4,1.641561277E-3,9.997391701E-1,1.773907488E2,1.899296362E-1,-7.778938024E-2,1.773906157E2
1.361120213E2,2.276796103E-2,7.171406760E-4,1.642400282E-3,9.997391701E-1,1.773907584E2,1.900276749E-1,-7.787180866E-2,1.773906251E2
1.361170213E2,2.277341083E-2,7.132277824E-4,1.641109469E-3,9.997390509E-1,1.773901337E2,1.898700083E-1,-7.742587376E-2,1.773900013E2
1.361220213E2,2.277382426E-2,7.129147998E-4,1.635498716E-3,9.997390509E-1,1.773900863E2,1.892264440E-1,-7.740458250E-2,1.773899544E2
1.361270213E2,2.277345311E-2,7.140873931E-4,1.640148694E-3,9.997390509E-1,1.773901289E2,1.897621868E-1,-7.752685162E-2,1.773899963E2
1.361320213E2,2.277080779E-2,7.149772136E-4,1.640157658E-3,9.997391105E-1,1.773904321E2,1.897653308E-1,-7.762926970E-2,1.773902994E2
1.361370213E2,2.277075587E-2,7.158860681E-4,1.640481991E-3,9.997391105E-1,1.773904380E2,1.898048549E-1,-7.773255313E-2,1.773903051E2
1.361420213E2,2.276802378E-2,7.161777467E-4,1.641950454E-3,9.997391701E-1,1.773907512E2,1.899736337E-1,-7.776265557E-2,1.773906181E2
1.361470213E2,2.277077571E-2,7.156491629E-4,1.640309929E-3,9.997391105E-1,1.773904358E2,1.897845264E-1,-7.770585809E-2,1.773903029E2
1.361520213E2,2.276894800E-2,7.165820571E-4,1.628906350E-3,9.997391701E-1,1.773906453E2,1.884804010E-1,-7.784283398E-2,1.773905131E2
1.361570213E2,2.277193657E-2,7.141449605E-4,1.624776516E-3,9.997391105E-1,1.773903027E2,1.880011509E-1,-7.757384984E-2,1.773901713E2
1.361620213E2,2.277426738E-2,7.123458781E-4,1.629565610E-3,9.997390509E-1,1.773900355E2,1.885452844E-1,-7.735480666E-2,1.773899041E2
1.361670213E2,2.276872450E-2,7.163633709E-4,1.632123487E-3,9.997391701E-1,1.773906709E2,1.888483749E-1,-7.780942877E-2,1.773905385E2
1.361720213E2,2.276111658E-2,7.214396610E-4,1.626462792E-3,9.997393489E-1,1.773915429E2,1.882125238E-1,-7.840717968E-2,1.773914100E2
1.361770213E2,2.276966184E-2,7.169145974E-4,1.618750161E-3,9.997391701E-1,1.773905634E2,1.873178102E-1,-7.790729682E-2,1.773904320E2
1.361820213E2,2.276651735E-2,7.178732776E-4,1.625726349E-3,9.997392297E-1,1.773909239E2,1.881192733E-1,-7.799951326E-2,1.773907917E2
1.361870213E2,2.275800591E-2,7.244595909E-4,1.632002299E-3,9.997394085E-1,1.773918995E2,1.888547742E-1,-7.873928663E-2,1.773917655E2
1.361920213E2,2.275053170E-2,7.285549655E-4,1.624834258E-3,9.997395873E-1,1.773927562E2,1.880436779E-1,-7.922856008E-2,1.773926220E2
1.361970213E2,2.276152671E-2,7.227006136E-4,1.620151219E-3,9.997393489E-1,1.773914959E2,1.874927783E-1,-7.856802259E-2,1.773913632E2
1.362020213E2,2.275573507E-2,7.261906867E-4,1.626375131E-3,9.997394681E-1,1.773921597E2,1.882144499E-1,-7.895270723E-2,1.773920259E2
1.362070213E2,2.275291995E-2,7.281684666E-4,1.628236496E-3,9.997395277E-1,1.773924824E2,1.884326269E-1,-7.917496178E-2,1.773923481E2
1.362120213E2,2.275582963E-2,7.251086063E-4,1.625534729E-3,9.997394681E-1,1.773921489E2,1.881153570E-1,-7.883091597E-2,1.773920154E2
1.362170213E2,2.276161276E-2,7.227120223E-4,1.618936774E-3,9.997393489E-1,1.773914860E2,1.873536855E-1,-7.857248124E-2,1.773913535E2
1.362220213E2,2.275358571E-2,7.275079261E-4,1.619203249E-3,9.997395277E-1,1.773924061E2,1.873960891E-1,-7.912271787E-2,1.773922726E2
1.362270213E2,2.275604735E-2,7.249755436E-4,1.622543437E-3,9.997394681E-1,1.773921239E2,1.877723384E-1,-7.882343176E-2,1.773919907E2
1.362320213E2,2.275877640E-2,7.245480083E-4,1.621182542E-3,9.997394085E-1,1.773918111E2,1.876155314E-1,-7.877748935E-2,1.773916780E2
1.362370213E2,2.275372264E-2,7.264529122E-4,1.617752016E-3,9.997395277E-1,1.773923904E2,1.872270923E-1,-7.900561208E-2,1.773922572E2
1.362420213E2,2.275068883E-2,7.295720279E-4,1.622175565E-3,9.997395873E-1,1.773927381E2,1.877417567E-1,-7.935197868E-2,1.773926040E2
1.362470213E2,2.275615916E-2,7.260081475E-4,1.620512339E-3,9.997394681E-1,1.773921111E2,1.875423534E-1,-7.894700438E-2,1.773919778E2
1.362520213E2,2.276446517E-2,7.204810390E-4,1.616630820E-3,9.997392893E-1,1.773911591E2,1.870839140E-1,-7.832237705E-2,1.773910271E2
1.362570213E2,2.276701310E-2,7.174189668E-4,1.618970418E-3,9.997392297E-1,1.773908670E2,1.873441531E-1,-7.796499987E-2,1.773907355E2
1.362620213E2,2.276695784E-2,7.190215401E-4,1.619036542E-3,9.997392297E-1,1.773908734E2,1.873559056E-1,-7.814843126E-2,1.773907415E2
1.362670213E2,2.276403094E-2,7.205519360E-4,1.622702228E-3,9.997392893E-1,1.773912089E2,1.877796182E-1,-7.831474189E-2,1.773910764E2
1.362720213E2,2.276658880E-2,7.184080896E-4,1.624489087E-3,9.997392297E-1,1.773909157E2,1.879789310E-1,-7.806399681E-2,1.773907835E2
1.362770213E2,2.276936844E-2,7.163286791E-4,1.623130520E-3,9.997391701E-1,1.773905971E2,1.878180814E-1,-7.782879825E-2,1.773904654E2
1.362820213E2,2.275584903E-2,7.252392243E-4,1.625204808E-3,9.997394681E-1,1.773921467E2,1.880779027E-1,-7.884673650E-2,1.773920131E2
1.362870213E2,2.275607903E-2,7.252115174E-4,1.621993608E-3,9.997394681E-1,1.773921203E2,1.877099667E-1,-7.885189323E-2,1.773919870E2
1.362920213E2,2.275879670E-2,7.237108075E-4,1.621271600E-3,9.997394085E-1,1.773918088E2,1.876235519E-1,-7.868134209E-2,1.773916759E2
1.362970213E2,2.276167697E-2,7.217465900E-4,1.618464594E-3,9.997393489E-1,1.773914787E2,1.872970780E-1,-7.846309926E-2,1.773913463E2
1.363020213E2,2.275389465E-2,7.271593786E-4,1.615012996E-3,9.997395277E-1,1.773923707E2,1.869151604E-1,-7.909365600E-2,1.773922376E2
1.363070213E2,2.276212654E-2,7.210500771E-4,1.612441149E-3,9.997393489E-1,1.773914271E2,1.866052378E-1,-7.839893337E-2,1.773912954E2
1.363120213E2,2.276458643E-2,7.193294005E-4,1.615435584E-3,9.997392893E-1,1.773911452E2,1.869439901E-1,-7.819353874E-2,1.773910135E2
1.363170213E2,2.275093827E-2,7.290395442E-4,1.618913375E-3,9.997395873E-1,1.773927096E2,1.873666646E-1,-7.929943476E-2,1.773925758E2
1.363220213E2,2.275106288E-2,7.285962347E-4,1.617360977E-3,9.997395873E-1,1.773926953E2,1.871876725E-1,-7.925267252E-2,1.773925617E2
1.363270213E2,2.275917862E-2,7.228034665E-4,1.616307418E-3,9.997394085E-1,1.773917650E2,1.870525081E-1,-7.859027116E-2,1.773916327E2
1.363320213E2,2.276214588E-2,7.209813339E-4,1.612198888E-3,9.997393489E-1,1.773914249E2,1.865773061E-1,-7.839168634E-2,1.773912932E2
1.363370213E2,2.275153730E-2,7.281485014E-4,1.610875945E-3,9.997395873E-1,1.773926409E2,1.864436036E-1,-7.921819881E-2,1.773925079E2
1.363420213E2,2.274916916E-2,7.307810592E-4,1.606130274E-3,9.997396469E-1,1.773929123E2,1.859066056E-1,-7.953260291E-2,1.773927792E2
1.363470213E2,2.275985492E-2,7.224557339E-4,1.606912469E-3,9.997394085E-1,1.773916875E2,1.859753491E-1,-7.857481190E-2,1.773915559E2
1.363520213E2,2.275933660E-2,7.242063875E-4,1.613452332E-3,9.997394085E-1,1.773917469E2,1.867290953E-1,-7.875840921E-2,1.773916145E2
1.363570213E2,2.274855241E-2,7.305872277E-4,1.614929875E-3,9.997396469E-1,1.773929830E2,1.869141523E-1,-7.948757198E-2,1.773928493E2
1.363620213E2,2.274563570E-2,7.325160550E-4,1.618237235E-3,9.997397065E-1,1.773933173E2,1.872978467E-1,-7.970046623E-2,1.773931830E2
1.363670213E2,2.275382376E-2,7.270603674E-4,1.616055961E-3,9.997395277E-1,1.773923788E2,1.870343808E-1,-7.907960679E-2,1.773922457E2
1.363720213E2,2.275069624E-2,7.292145165E-4,1.622232492E-3,9.997395873E-1,1.773927373E2,1.877473468E-1,-7.931087173E-2,1.773926032E2
1.363770213E2,2.275041236E-2,7.289741770E-4,1.626316574E-3,9.997395873E-1,1.773927698E2,1.882145788E-1,-7.927274354E-2,1.773926355E2
1.363820213E2,2.275018909E-2,7.293084636E-4,1.629287261E-3,9.997395873E-1,1.773927954E2,1.885557608E-1,-7.930333711E-2,1.773926608E2
1.363870213E2,2.275347382E-2,7.282693405E-4,1.620432828E-3,9.997395277E-1,1.773924189E2,1.875389290E-1,-7.920676170E-2,1.773922852E2
1.363920213E2,2.276444878E-2,7.207512390E-4,1.616741065E-3,9.997392893E-1,1.773911610E2,1.870972476E-1,-7.835304709E-2,1.773910289E2
1.363970213E2,2.276402399E-2,7.196357474E-4,1.623206306E-3,9.997392893E-1,1.773912097E2,1.878349756E-1,-7.820846806E-2,1.773910773E2
1.364020213E2,2.275618438E-2,7.259895792E-4,1.620166469E-3,9.997394681E-1,1.773921082E2,1.875026834E-1,-7.894577439E-2,1.773919750E2
1.364070213E2,2.275953072E-2,7.240074920E-4,1.610801206E-3,9.997394085E-1,1.773917247E2,1.864248732E-1,-7.874250177E-2,1.773915925E2
1.364120213E2,2.275384323E-2,7.266915636E-4,1.615947695E-3,9.997395277E-1,1.773923766E2,1.870210174E-1,-7.903763465E-2,1.773922435E2
1.364170213E2,2.275360636E-2,7.264943561E-4,1.619368093E-3,9.997395277E-1,1.773924037E2,1.874123325E-1,-7.900616780E-2,1.773922704E2
1.364220213E2,2.276716103E-2,7.182827685E-4,1.616505207E-3,9.997392297E-1,1.773908501E2,1.870639989E-1,-7.807036264E-2,1.773907186E2
1.364270213E2,2.276758273E-2,7.171610487E-4,1.611054642E-3,9.997392297E-1,1.773908017E2,1.864366767E-1,-7.795599869E-2,1.773906709E2
1.364320213E2,2.275908450E-2,7.227828028E-4,1.617641421E-3,9.997394085E-1,1.773917758E2,1.872052730E-1,-7.858444224E-2,1.773916433E2
1.364370213E2,2.276665230E-2,7.188116433E-4,1.623420278E-3,9.997392297E-1,1.773909084E2,1.878575439E-1,-7.811300521E-2,1.773907762E2
1.364420213E2,2.276996410E-2,7.158531225E-4,1.614963752E-3,9.997391701E-1,1.773905288E2,1.868812849E-1,-7.779551598E-2,1.773903978E2
1.364470213E2,2.276489014E-2,7.189290482E-4,1.611328800E-3,9.997392893E-1,1.773911104E2,1.864724877E-1,-7.815833068E-2,1.773909791E2
1.364520213E2,2.276124725E-2,7.228185423E-4,1.624020049E-3,9.997393489E-1,1.773915279E2,1.879362853E-1,-7.857149372E-2,1.773913949E2
1.364570213E2,2.276105724E-2,7.220796542E-4,1.627009129E-3,9.997393489E-1,1.773915497E2,1.882767782E-1,-7.847908454E-2,1.773914166E2
1.364620213E2,2.276231955E-2,7.211338379E-4,1.609676634E-3,9.997393489E-1,1.773914050E2,1.862887628E-1,-7.841570438E-2,1.773912735E2
1.364670213E2,2.276777102E-2,7.173956255E-4,1.608286984E-3,9.997392297E-1,1.773907802E2,1.861202348E-1,-7.799005828E-2,1.773906494E2
1.364720213E2,2.275865721E-2,7.240532432E-4,1.623075688E-3,9.997394085E-1,1.773918248E2,1.878311143E-1,-7.871589308E-2,1.773916917E2
1.364770213E2,2.276207759E-2,7.216440863E-4,1.612866297E-3,9.997393489E-1,1.773914328E2,1.866554895E-1,-7.846588424E-2,1.773913009E2
1.364820213E2,2.276595974E-2,7.185182185E-4,1.596330549E-3,9.997392893E-1,1.773909878E2,1.847532684E-1,-7.815019507E-2,1.773908578E2
1.364870213E2,2.275979609E-2,7.236566744E-4,1.607205253E-3,9.997394085E-1,1.773916943E2,1.860120191E-1,-7.871164103E-2,1.773915624E2
1.364920213E2,2.275675996E-2,7.245261222E-4,1.612719963E-3,9.997394681E-1,1.773920423E2,1.866458245E-1,-7.879742976E-2,1.773919098E2
1.364970213E2,2.276338677E-2,7.212908822E-4,1.594442409E-3,9.997393489E-1,1.773912827E2,1.845439916E-1,-7.847323719E-2,1.773911523E2
1.365020213E2,2.276317429E-2,7.206596201E-4,1.597757917E-3,9.997393489E-1,1.773913070E2,1.849221596E-1,-7.839230909E-2,1.773911765E2
1.365070213E2,2.275925336E-2,7.229812327E-4,1.615175162E-3,9.997394085E-1,1.773917565E2,1.869232641E-1,-7.861357548E-2,1.773916242E2
1.365120213E2,2.276491743E-2,7.205129950E-4,1.610235311E-3,9.997392893E-1,1.773911072E2,1.863513500E-1,-7.834263798E-2,1.773909758E2
1.365170213E2,2.275992732E-2,7.229245966E-4,1.605675672E-3,9.997394085E-1,1.773916792E2,1.858348878E-1,-7.863173801E-2,1.773915477E2
1.365220213E2,2.275686521E-2,7.248288020E-4,1.611098065E-3,9.997394681E-1,1.773920302E2,1.864608142E-1,-7.883631536E-2,1.773918979E2
1.365270213E2,2.274596373E-2,7.328540669E-4,1.613466302E-3,9.997397065E-1,1.773932797E2,1.867521858E-1,-7.975156409E-2,1.773931457E2
1.365320213E2,2.275722790E-2,7.259324193E-4,1.605468220E-3,9.997394681E-1,1.773919886E2,1.858187543E-1,-7.897736224E-2,1.773918565E2
1.365370213E2,2.275445928E-2,7.277389523E-4,1.606775797E-3,9.997395277E-1,1.773923060E2,1.859730455E-1,-7.918142679E-2,1.773921734E2
1.365420213E2,2.274572090E-2,7.336186827E-4,1.616539317E-3,9.997397065E-1,1.773933076E2,1.871062109E-1,-7.983119506E-2,1.773931731E2
1.365470213E2,2.273521974E-2,7.405965007E-4,1.613630098E-3,9.997399449E-1,1.773945112E2,1.867902678E-1,-8.064013154E-2,1.773943757E2
1.365520213E2,2.274602949E-2,7.325548213E-4,1.612675027E-3,9.997397065E-1,1.773932722E2,1.866607608E-1,-7.971933227E-2,1.773931383E2
1.365570213E2,2.275437992E-2,7.273402880E-4,1.608079649E-3,9.997395277E-1,1.773923151E2,1.861213716E-1,-7.913236995E-2,1.773921825E2
1.365620213E2,2.274349409E-2,7.347571081E-4,1.610479783E-3,9.997397661E-1,1.773935628E2,1.864148073E-1,-7.997782514E-2,1.773934286E2
1.365670213E2,2.273819660E-2,7.374364068E-4,1.610056730E-3,9.997398853E-1,1.773941700E2,1.863728999E-1,-8.028686058E-2,1.773940354E2
1.365720213E2,2.274630168E-2,7.323881146E-4,1.608907245E-3,9.997397065E-1,1.773932410E2,1.862287027E-1,-7.971000460E-2,1.773931074E2
1.365770213E2,2.274597256E-2,7.328971988E-4,1.613322296E-3,9.997397065E-1,1.773932787E2,1.867358013E-1,-7.975687908E-2,1.773931447E2
1.365820213E2,2.274050125E-2,7.365001366E-4,1.614939189E-3,9.997398257E-1,1.773939059E2,1.869299897E-1,-8.016644642E-2,1.773937710E2
1.365870213E2,2.274084359E-2,7.354923291E-4,1.610571984E-3,9.997398257E-1,1.773938666E2,1.864270742E-1,-8.006230732E-2,1.773937323E2
1.365920213E2,2.274602143E-2,7.326529012E-4,1.612744178E-3,9.997397065E-1,1.773932731E2,1.866689379E-1,-7.973038973E-2,1.773931392E2
1.365970213E2,2.274306634E-2,7.345193299E-4,1.616617199E-3,9.997397661E-1,1.773936118E2,1.871172688E-1,-7.993466864E-2,1.773934772E2
1.366020213E2,2.274303741E-2,7.351707900E-4,1.616728143E-3,9.997397661E-1,1.773936152E2,1.871316745E-1,-8.000901734E-2,1.773934804E2
1.366070213E2,2.275114505E-2,7.298617857E-4,1.615633606E-3,9.997395873E-1,1.773926859E2,1.869930877E-1,-7.940214454E-2,1.773925522E2
1.366120213E2,2.274808848E-2,7.310690125E-4,1.621234580E-3,9.997396469E-1,1.773930362E2,1.876376519E-1,-7.952641725E-2,1.773929019E2
1.366170213E2,2.274327138E-2,7.351766108E-4,1.613430795E-3,9.997397661E-1,1.773935883E2,1.867539572E-1,-8.001823434E-2,1.773934538E2
1.366220213E2,2.274106940E-2,7.370216190E-4,1.606679754E-3,9.997398257E-1,1.773938407E2,1.859851759E-1,-8.024760684E-2,1.773937064E2
1.366270213E2,2.274394483E-2,7.336064591E-4,1.604628167E-3,9.997397661E-1,1.773935112E2,1.857414703E-1,-7.986117235E-2,1.773933776E2
1.366320213E2,2.274934822E-2,7.310486399E-4,1.603470184E-3,9.997396469E-1,1.773928918E2,1.856025719E-1,-7.957015903E-2,1.773927589E2
1.366370213E2,2.274406787E-2,7.340338198E-4,1.602687640E-3,9.997397661E-1,1.773934971E2,1.855202832E-1,-7.991516651E-2,1.773933636E2
1.366420213E2,2.274438307E-2,7.334780530E-4,1.598463394E-3,9.997397661E-1,1.773934609E2,1.850349209E-1,-7.986244868E-2,1.773933279E2
1.366470213E2,2.275252041E-2,7.284443127E-4,1.596795279E-3,9.997395873E-1,1.773925282E2,1.848313419E-1,-7.928861783E-2,1.773923963E2
1.366520213E2,2.274999609E-2,7.298672572E-4,1.594793051E-3,9.997396469E-1,1.773928176E2,1.846054725E-1,-7.945731956E-2,1.773926855E2
1.366570213E2,2.274197270E-2,7.354043191E-4,1.594589674E-3,9.997398257E-1,1.773937372E2,1.845959674E-1,-8.009366689E-2,1.773936042E2
1.366620213E2,2.274738149E-2,7.327817148E-4,1.593386638E-3,9.997397065E-1,1.773931172E2,1.844517411E-1,-7.979535403E-2,1.773929848E2
1.366670213E2,2.275777536E-2,7.250233903E-4,1.598101808E-3,9.997394681E-1,1.773919259E2,1.849725148E-1,-7.889233202E-2,1.773917945E2
1.366720213E2,2.275206750E-2,7.285677711E-4,1.603179611E-3,9.997395873E-1,1.773925801E2,1.855630306E-1,-7.928619911E-2,1.773924477E2
1.366770213E2,2.274989348E-2,7.312504458E-4,1.595622860E-3,9.997396469E-1,1.773928293E2,1.847041354E-1,-7.961363567E-2,1.773926970E2
1.366820213E2,2.274486400E-2,7.337792777E-4,1.591466600E-3,9.997397661E-1,1.773934058E2,1.842341769E-1,-7.991510569E-2,1.773932733E2
1.366870213E2,2.275244514E-2,7.278606063E-4,1.598133356E-3,9.997395873E-1,1.773925368E2,1.849831069E-1,-7.921827244E-2,1.773924049E2
1.366920213E2,2.274688395E-2,7.315009716E-4,1.601059572E-3,9.997397065E-1,1.773931743E2,1.853273902E-1,-7.962872029E-2,1.773930414E2
1.366970213E2,2.274377898E-2,7.346879574E-4,1.606483129E-3,9.997397661E-1,1.773935302E2,1.859567845E-1,-7.998026681E-2,1.773933963E2
1.367020213E2,2.275157476E-2,7.296300610E-4,1.609676052E-3,9.997395873E-1,1.773926366E2,1.863100076E-1,-7.939105036E-2,1.773925034E2
1.367070213E2,2.275163778E-2,7.292888477E-4,1.608939841E-3,9.997395873E-1,1.773926294E2,1.862247810E-1,-7.935386812E-2,1.773924963E2
1.367120213E2,2.274643184E-2,7.332179230E-4,1.606687554E-3,9.997397065E-1,1.773932261E2,1.859765838E-1,-7.981083072E-2,1.773930925E2
1.367170213E2,2.274655857E-2,7.318458520E-4,1.605518511E-3,9.997397065E-1,1.773932116E2,1.858390890E-1,-7.965666760E-2,1.773930783E2
1.367220213E2,2.276010545E-2,7.234876975E-4,1.602894743E-3,9.997394085E-1,1.773916588E2,1.855177816E-1,-7.870346808E-2,1.773915274E2
1.367270213E2,2.275487078E-2,7.265121676E-4,1.601494732E-3,9.997395277E-1,1.773922588E2,1.853648688E-1,-7.905457881E-2,1.773921269E2
1.367320213E2,2.274638737E-2,7.333484245E-4,1.607257407E-3,9.997397065E-1,1.773932312E2,1.860422041E-1,-7.982430406E-2,1.773930975E2
1.367370213E2,2.274369623E-2,7.344415644E-4,1.607766724E-3,9.997397661E-1,1.773935396E2,1.861031871E-1,-7.994870944E-2,1.773934057E2
1.367420213E2,2.275149975E-2,7.287075277E-4,1.611153479E-3,9.997395873E-1,1.773926452E2,1.864768532E-1,-7.928152526E-2,1.773925121E2
1.367470213E2,2.274625751E-2,7.328998181E-4,1.609298517E-3,9.997397065E-1,1.773932461E2,1.862748581E-1,-7.976761458E-2,1.773931123E2
1.367520213E2,2.274066586E-2,7.362799952E-4,1.612720196E-3,9.997398257E-1,1.773938870E2,1.866752166E-1,-8.014697860E-2,1.773937523E2
1.367570213E2,2.273793307E-2,7.383761113E-4,1.613344532E-3,9.997398853E-1,1.773942002E2,1.867519852E-1,-8.038599687E-2,1.773940651E2
1.367620213E2,2.274580981E-2,7.331873639E-4,1.615483547E-3,9.997397065E-1,1.773932974E2,1.869841422E-1,-7.978451777E-2,1.773931631E2
1.367670213E2,2.274826271E-2,7.314034156E-4,1.618637005E-3,9.997396469E-1,1.773930162E2,1.873409539E-1,-7.957146596E-2,1.773928820E2
1.367720213E2,2.274010242E-2,7.372778491E-4,1.620191848E-3,9.997398257E-1,1.773939516E2,1.875337406E-1,-8.024192890E-2,1.773938161E2
1.367770213E2,2.274836451E-2,7.318145363E-4,1.617019647E-3,9.997396469E-1,1.773930046E2,1.871567458E-1,-7.962276191E-2,1.773928704E2
1.367820213E2,2.275115018E-2,7.298999117E-4,1.615544083E-3,9.997395873E-1,1.773926853E2,1.869829316E-1,-7.940674477E-2,1.773925516E2
1.367870213E2,2.274323777E-2,7.354560657E-4,1.613777131E-3,9.997397661E-1,1.773935922E2,1.867943599E-1,-8.004935282E-2,1.773934576E2
1.367920213E2,2.272983797E-2,7.434948930E-4,1.614257228E-3,9.997400641E-1,1.773951281E2,1.868692295E-1,-8.097154862E-2,1.773949919E2
1.367970213E2,2.273773962E-2,7.388281520E-4,1.615861896E-3,9.997398853E-1,1.773942224E2,1.870415424E-1,-8.043126013E-2,1.773940870E2
1.368020213E2,2.273751735E-2,7.379287272E-4,1.619396731E-3,9.997398853E-1,1.773942479E2,1.874441390E-1,-8.031905139E-2,1.773941124E2
1.368070213E2,2.273212920E-2,7.415306754E-4,1.619801740E-3,9.997400045E-1,1.773948655E2,1.874994891E-1,-8.073165229E-2,1.773947292E2
1.368120213E2,2.273505505E-2,7.395677385E-4,1.616419875E-3,9.997399449E-1,1.773945301E2,1.871071768E-1,-8.051503701E-2,1.773943945E2
1.368170213E2,2.274030555E-2,7.365777274E-4,1.617657254E-3,9.997398257E-1,1.773939283E2,1.872415637E-1,-8.016828871E-2,1.773937932E2
1.368220213E2,2.274262217E-2,7.355066482E-4,1.622406649E-3,9.997397661E-1,1.773936628E2,1.877830586E-1,-8.003277196E-2,1.773935275E2
1.368270213E2,2.274020150E-2,7.367304643E-4,1.619049814E-3,9.997398257E-1,1.773939402E2,1.874014881E-1,-8.018217704E-2,1.773938050E2
1.368320213E2,2.274563694E-2,7.336285780E-4,1.617715694E-3,9.997397065E-1,1.773933172E2,1.872409982E-1,-7.982927806E-2,1.773931826E2
1.368370213E2,2.275074285E-2,7.300263387E-4,1.621213276E-3,9.997395873E-1,1.773927320E2,1.876327037E-1,-7.940652404E-2,1.773925978E2
1.368420213E2,2.275085370E-2,7.293953095E-4,1.619941322E-3,9.997395873E-1,1.773927193E2,1.874853494E-1,-7.933752765E-2,1.773925853E2
1.368470213E2,2.274273537E-2,7.353154942E-4,1.620905707E-3,9.997397661E-1,1.773936498E2,1.876106182E-1,-8.001476362E-2,1.773935147E2
1.368520213E2,2.273757612E-2,7.376290159E-4,1.618708018E-3,9.997398853E-1,1.773942411E2,1.873644623E-1,-8.028649947E-2,1.773941057E2
1.368570213E2,2.274265944E-2,7.346689235E-4,1.622263808E-3,9.997397661E-1,1.773936585E2,1.877645138E-1,-7.993716601E-2,1.773935234E2
1.368620213E2,2.274005522E-2,7.364896592E-4,1.621212461E-3,9.997398257E-1,1.773939570E2,1.876486063E-1,-8.014898162E-2,1.773938216E2
1.368670213E2,2.273219440E-2,7.412303239E-4,1.619023969E-3,9.997400045E-1,1.773948580E2,1.874096087E-1,-8.069925738E-2,1.773947219E2
1.368720213E2,2.273464692E-2,7.405015640E-4,1.621723990E-3,9.997399449E-1,1.773945769E2,1.877172280E-1,-8.060827512E-2,1.773944407E2
1.368770213E2,2.272928105E-2,7.435564767E-4,1.622051699E-3,9.997400641E-1,1.773951919E2,1.877622965E-1,-8.095840541E-2,1.773950551E2
1.368820213E2,2.272678866E-2,7.452085847E-4,1.619477756E-3,9.997401237E-1,1.773954776E2,1.874715214E-1,-8.115484571E-2,1.773953407E2
1.368870213E2,2.272977441E-2,7.442707429E-4,1.614794601E-3,9.997400641E-1,1.773951354E2,1.869328081E-1,-8.105904355E-2,1.773949990E2
1.368920213E2,2.272648471E-2,7.463466027E-4,1.623214805E-3,9.997401237E-1,1.773955125E2,1.879025853E-1,-8.127554334E-2,1.773953750E2
1.368970213E2,2.272112451E-2,7.502324297E-4,1.623041113E-3,9.997402430E-1,1.773961268E2,1.878923700E-1,-8.172217057E-2,1.773959887E2
1.369020213E2,2.271346294E-2,7.546768757E-4,1.618066453E-3,9.997404218E-1,1.773970050E2,1.873334053E-1,-8.224572312E-2,1.773968664E2
1.369070213E2,2.271090785E-2,7.560084341E-4,1.616481575E-3,9.997404814E-1,1.773972979E2,1.871550938E-1,-8.240287256E-2,1.773971592E2
1.369120213E2,2.271869032E-2,7.511271397E-4,1.619984629E-3,9.997403026E-1,1.773964059E2,1.875443430E-1,-8.183308528E-2,1.773962678E2
1.369170213E2,2.271828146E-2,7.513220771E-4,1.625618199E-3,9.997403026E-1,1.773964527E2,1.881902114E-1,-8.184082756E-2,1.773963141E2
1.369220213E2,2.271062360E-2,7.568842848E-4,1.620061346E-3,9.997404814E-1,1.773973305E2,1.875674567E-1,-8.249394820E-2,1.773971913E2
1.369270213E2,2.271325796E-2,7.551876479E-4,1.620703493E-3,9.997404218E-1,1.773970285E2,1.876368232E-1,-8.229741262E-2,1.773968896E2
1.369320213E2,2.272339273E-2,7.486862014E-4,1.628705068E-3,9.997401834E-1,1.773958669E2,1.885374036E-1,-8.152985629E-2,1.773957285E2
1.369370213E2,2.270432349E-2,7.607175503E-4,1.632955507E-3,9.997406006E-1,1.773980526E2,1.890540958E-1,-8.290072743E-2,1.773979116E2
1.369420213E2,2.269623327E-2,7.664604927E-4,1.633260166E-3,9.997407794E-1,1.773989799E2,1.891032660E-1,-8.355938736E-2,1.773988378E2
1.369470213E2,2.270449265E-2,7.610984030E-4,1.630424056E-3,9.997406006E-1,1.773980332E2,1.887650921E-1,-8.295091320E-2,1.773978924E2
1.369520213E2,2.270963586E-2,7.573820185E-4,1.633618143E-3,9.997404814E-1,1.773974437E2,1.891217678E-1,-8.251587357E-2,1.773973033E2
1.369570213E2,2.270411524E-2,7.617060910E-4,1.635388355E-3,9.997406006E-1,1.773980765E2,1.893353633E-1,-8.300768600E-2,1.773979351E2
1.369620213E2,2.270679444E-2,7.599881501E-4,1.635427354E-3,9.997405410E-1,1.773977694E2,1.893355827E-1,-8.281026658E-2,1.773976283E2
1.369670213E2,2.271233091E-2,7.559261285E-4,1.633301959E-3,9.997404218E-1,1.773971348E2,1.890819777E-1,-8.234939723E-2,1.773969947E2
1.369720213E2,2.271175677E-2,7.556300843E-4,1.641402720E-3,9.997404218E-1,1.773972006E2,1.900092010E-1,-8.229450643E-2,1.773970599E2
1.369770213E2,2.271177900E-2,7.563547697E-4,1.640761155E-3,9.997404218E-1,1.773971980E2,1.899375901E-1,-8.237919333E-2,1.773970572E2
1.369820213E2,2.271484291E-2,7.542911335E-4,1.635606866E-3,9.997403622E-1,1.773968468E2,1.893419834E-1,-8.215561423E-2,1.773967069E2
1.369870213E2,2.272022675E-2,7.503101951E-4,1.635524677E-3,9.997402430E-1,1.773962297E2,1.893226439E-1,-8.169874493E-2,1.773960906E2
1.369920213E2,2.271450385E-2,7.542160456E-4,1.640343340E-3,9.997403622E-1,1.773968857E2,1.898843811E-1,-8.213474703E-2,1.773967454E2
1.369970213E2,2.270167383E-2,7.619872922E-4,1.632710104E-3,9.997406602E-1,1.773983563E2,1.890290657E-1,-8.304733096E-2,1.773982151E2
1.370020213E2,2.270447264E-2,7.603725535E-4,1.631041290E-3,9.997406006E-1,1.773980355E2,1.888339133E-1,-8.286615631E-2,1.773978947E2
1.370070213E2,2.270456516E-2,7.613280322E-4,1.629306818E-3,9.997406006E-1,1.773980249E2,1.886377023E-1,-8.298011320E-2,1.773978841E2
1.370120213E2,2.269632796E-2,7.661470445E-4,1.632090891E-3,9.997407794E-1,1.773989691E2,1.889685037E-1,-8.352650145E-2,1.773988271E2
1.370170213E2,2.269933724E-2,7.640187396E-4,1.627743128E-3,9.997407198E-1,1.773986241E2,1.884651285E-1,-8.329341981E-2,1.773984829E2
1.370220213E2,2.270480171E-2,7.606283762E-4,1.626334502E-3,9.997406006E-1,1.773979978E2,1.882953861E-1,-8.290764838E-2,1.773978574E2
1.370270213E2,2.271236055E-2,7.558408543E-4,1.632929314E-3,9.997404218E-1,1.773971314E2,1.890390671E-1,-8.234059237E-2,1.773969913E2
1.370320213E2,2.270968269E-2,7.567776483E-4,1.633247244E-3,9.997404814E-1,1.773974383E2,1.890777076E-1,-8.244759220E-2,1.773972981E2
1.370370213E2,2.271006461E-2,7.562650717E-4,1.628166297E-3,9.997404814E-1,1.773973945E2,1.884943203E-1,-8.240202152E-2,1.773972548E2
1.370420213E2,2.270486002E-2,7.606957806E-4,1.625488629E-3,9.997406006E-1,1.773979911E2,1.881986611E-1,-8.291756029E-2,1.773978507E2
1.370470213E2,2.271004823E-2,7.564335247E-4,1.628316473E-3,9.997404814E-1,1.773973964E2,1.885119618E-1,-8.242093206E-2,1.773972566E2
1.370520213E2,2.271554906E-2,7.534169708E-4,1.626175712E-3,9.997403622E-1,1.773967659E2,1.882593116E-1,-8.207988554E-2,1.773966269E2
1.370570213E2,2.271052544E-2,7.564369589E-4,1.621645526E-3,9.997404814E-1,1.773973417E2,1.877477715E-1,-8.243859717E-2,1.773972025E2
1.370620213E2,2.271278960E-2,7.549621514E-4,1.627358608E-3,9.997404218E-1,1.773970822E2,1.883986225E-1,-8.225434505E-2,1.773969428E2
1.370670213E2,2.270756690E-2,7.596788928E-4,1.624811324E-3,9.997405410E-1,1.773976808E2,1.881186456E-1,-8.280231665E-2,1.773975407E2
1.370720213E2,2.269968806E-2,7.635388174E-4,1.623069285E-3,9.997407198E-1,1.773985839E2,1.879284632E-1,-8.325053112E-2,1.773984432E2
1.370770213E2,2.270492737E-2,7.603104459E-4,1.624728087E-3,9.997406006E-1,1.773979834E2,1.881105346E-1,-8.287538182E-2,1.773978431E2
1.370820213E2,2.270497462E-2,7.607501466E-4,1.623861725E-3,9.997406006E-1,1.773979780E2,1.880124303E-1,-8.292800009E-2,1.773978377E2
1.370870213E2,2.269990793E-2,7.647835300E-4,1.619404065E-3,9.997407198E-1,1.773985587E2,1.875118239E-1,-8.340262100E-2,1.773984181E2
1.370920213E2,2.270811135E-2,7.588444278E-4,1.617576112E-3,9.997405410E-1,1.773976184E2,1.872876368E-1,-8.272544453E-2,1.773974791E2
1.370970213E2,2.271358230E-2,7.540659280E-4,1.616675174E-3,9.997404218E-1,1.773969913E2,1.871724366E-1,-8.217933085E-2,1.773968530E2
1.371020213E2,2.271077499E-2,7.574703195E-4,1.617663424E-3,9.997404814E-1,1.773973131E2,1.872942832E-1,-8.256729788E-2,1.773971740E2
1.371070213E2,2.270527844E-2,7.603632985E-4,1.619789749E-3,9.997406006E-1,1.773979431E2,1.875449542E-1,-8.289422010E-2,1.773978033E2
1.371120213E2,2.271075786E-2,7.560542435E-4,1.618566108E-3,9.997404814E-1,1.773973151E2,1.873940094E-1,-8.240272344E-2,1.773971762E2
1.371170213E2,2.271603326E-2,7.528734859E-4,1.619650517E-3,9.997403622E-1,1.773967104E2,1.875103955E-1,-8.203451816E-2,1.773965720E2
1.371220213E2,2.271600116E-2,7.531473530E-4,1.619973453E-3,9.997403622E-1,1.773967141E2,1.875481021E-1,-8.206505823E-2,1.773965756E2
1.371270213E2,2.271363863E-2,7.545392145E-4,1.615662710E-3,9.997404218E-1,1.773969849E2,1.870576832E-1,-8.223617627E-2,1.773968465E2
1.371320213E2,2.271881107E-2,7.505750400E-4,1.618546434E-3,9.997403026E-1,1.773963920E2,1.873781525E-1,-8.177355744E-2,1.773962542E2
1.371370213E2,2.272385873E-2,7.479894557E-4,1.622511772E-3,9.997401834E-1,1.773958134E2,1.878261095E-1,-8.146607593E-2,1.773956758E2
1.371420213E2,2.271844420E-2,7.517608465E-4,1.623139135E-3,9.997403026E-1,1.773964341E2,1.879073601E-1,-8.189751737E-2,1.773962956E2
1.371470213E2,2.271847970E-2,7.518318598E-4,1.622609212E-3,9.997403026E-1,1.773964300E2,1.878468388E-1,-8.190702576E-2,1.773962916E2
1.371520213E2,2.271559019E-2,7.527904818E-4,1.625891193E-3,9.997403622E-1,1.773967612E2,1.882250888E-1,-8.200884669E-2,1.773966223E2
1.371570213E2,2.271824406E-2,7.506511174E-4,1.626450568E-3,9.997403026E-1,1.773964570E2,1.882838195E-1,-8.176180118E-2,1.773963185E2
1.371620213E2,2.271287891E-2,7.554442855E-4,1.625887700E-3,9.997404218E-1,1.773970720E2,1.882313744E-1,-8.231339094E-2,1.773969326E2
1.371670213E2,2.271825928E-2,7.518850034E-4,1.625667908E-3,9.997403026E-1,1.773964553E2,1.881973701E-1,-8.190519220E-2,1.773963166E2
1.371720213E2,2.272373643E-2,7.482439978E-4,1.624106546E-3,9.997401834E-1,1.773958275E2,1.880094632E-1,-8.149110678E-2,1.773956896E2
1.371770213E2,2.272090263E-2,7.492469740E-4,1.626598532E-3,9.997402430E-1,1.773961523E2,1.882973315E-1,-8.160005396E-2,1.773960140E2
1.371820213E2,2.271819471E-2,7.520662621E-4,1.626486192E-3,9.997403026E-1,1.773964627E2,1.882915811E-1,-8.192383932E-2,1.773963239E2
1.371870213E2,2.272107256E-2,7.503632805E-4,1.623707707E-3,9.997402430E-1,1.773961328E2,1.879690730E-1,-8.173543518E-2,1.773959946E2
1.371920213E2,2.273413570E-2,7.400438772E-4,1.629082719E-3,9.997399449E-1,1.773946355E2,1.885590263E-1,-8.053676612E-2,1.773944988E2
1.371970213E2,2.273674079E-2,7.390468381E-4,1.629756996E-3,9.997398853E-1,1.773943369E2,1.886338847E-1,-8.042029531E-2,1.773942003E2
1.372020213E2,2.273129387E-2,7.431300473E-4,1.630754443E-3,9.997400045E-1,1.773949612E2,1.887583539E-1,-8.088650460E-2,1.773948238E2
1.372070213E2,2.273966583E-2,7.368307561E-4,1.626510522E-3,9.997398257E-1,1.773940016E2,1.882564214E-1,-8.017432509E-2,1.773938657E2
1.372120213E2,2.274735355E-2,7.316247793E-4,1.631264808E-3,9.997396469E-1,1.773931204E2,1.887881267E-1,-7.956407808E-2,1.773929852E2
1.372170213E2,2.274496663E-2,7.324064500E-4,1.627663500E-3,9.997397065E-1,1.773933940E2,1.883774008E-1,-7.966346528E-2,1.773932589E2
1.372220213E2,2.274221886E-2,7.344965707E-4,1.628506230E-3,9.997397661E-1,1.773937090E2,1.884791747E-1,-7.990123467E-2,1.773935734E2
1.372270213E2,2.275007250E-2,7.303946768E-4,1.630428247E-3,9.997395873E-1,1.773928088E2,1.886892976E-1,-7.942482292E-2,1.773926738E2
1.372320213E2,2.275807221E-2,7.240846171E-4,1.631243853E-3,9.997394085E-1,1.773918919E2,1.887669122E-1,-7.869829450E-2,1.773917581E2
1.372370213E2,2.275537467E-2,7.253114018E-4,1.631801133E-3,9.997394681E-1,1.773922011E2,1.888337425E-1,-7.883789321E-2,1.773920670E2
1.372420213E2,2.275237510E-2,7.271033246E-4,1.636306057E-3,9.997395277E-1,1.773925449E2,1.893542723E-1,-7.903199961E-2,1.773924101E2
1.372470213E2,2.276038233E-2,7.228951436E-4,1.636063331E-3,9.997393489E-1,1.773916271E2,1.893161208E-1,-7.854901958E-2,1.773914931E2
1.372520213E2,2.275484050E-2,7.267782930E-4,1.638583140E-3,9.997394681E-1,1.773922623E2,1.896144870E-1,-7.898835863E-2,1.773921274E2
1.372570213E2,2.274389096E-2,7.327561034E-4,1.642469899E-3,9.997397065E-1,1.773935173E2,1.900744795E-1,-7.966513352E-2,1.773933810E2
1.372620213E2,2.275167901E-2,7.280016434E-4,1.645559329E-3,9.997395277E-1,1.773926247E2,1.904166342E-1,-7.911091848E-2,1.773924890E2
1.372670213E2,2.276007766E-2,7.217638777E-4,1.640794333E-3,9.997393489E-1,1.773916620E2,1.898551395E-1,-7.840713784E-2,1.773915279E2
1.372720213E2,2.275151426E-2,7.289877394E-4,1.647399506E-3,9.997395277E-1,1.773926435E2,1.906300070E-1,-7.921912091E-2,1.773925075E2
1.372770213E2,2.274867200E-2,7.306566113E-4,1.649737707E-3,9.997395873E-1,1.773929693E2,1.909020023E-1,-7.940475621E-2,1.773928328E2
1.372820213E2,2.275685188E-2,7.240885170E-4,1.648179139E-3,9.997394085E-1,1.773920317E2,1.907069685E-1,-7.865480648E-2,1.773918966E2
1.372870213E2,2.275645901E-2,7.249682094E-4,1.653209096E-3,9.997394085E-1,1.773920768E2,1.912854745E-1,-7.874254320E-2,1.773919411E2
1.372920213E2,2.275897899E-2,7.234949153E-4,1.655208296E-3,9.997393489E-1,1.773917879E2,1.915108626E-1,-7.856806374E-2,1.773916524E2
1.372970213E2,2.275649649E-2,7.252940559E-4,1.652550185E-3,9.997394085E-1,1.773920725E2,1.912108410E-1,-7.878158391E-2,1.773919368E2
1.373020213E2,2.275927111E-2,7.236035308E-4,1.651139231E-3,9.997393489E-1,1.773917544E2,1.910450082E-1,-7.859106373E-2,1.773916192E2
1.373070213E2,2.276124733E-2,7.220148109E-4,1.660655602E-3,9.997392893E-1,1.773915279E2,1.921312346E-1,-7.838385721E-2,1.773913922E2
1.373120213E2,2.275572817E-2,7.250352064E-4,1.663209405E-3,9.997394085E-1,1.773921605E2,1.924312482E-1,-7.872427998E-2,1.773920240E2
1.373170213E2,2.275882170E-2,7.219701656E-4,1.658034394E-3,9.997393489E-1,1.773918059E2,1.918306369E-1,-7.838604512E-2,1.773916705E2
1.373220213E2,2.276984428E-2,7.154534105E-4,1.653274056E-3,9.997391105E-1,1.773905425E2,1.912691405E-1,-7.764978099E-2,1.773904087E2
1.373270213E2,2.276419102E-2,7.189299795E-4,1.657524495E-3,9.997392297E-1,1.773911905E2,1.917647110E-1,-7.803805608E-2,1.773910557E2
1.373320213E2,2.276681031E-2,7.175928331E-4,1.658079564E-3,9.997391701E-1,1.773908903E2,1.918250162E-1,-7.788291969E-2,1.773907556E2
1.373370213E2,2.277538047E-2,7.107755519E-4,1.651119557E-3,9.997389913E-1,1.773899080E2,1.910105362E-1,-7.711844164E-2,1.773897752E2
1.373420213E2,2.278295363E-2,7.068463601E-4,1.656586886E-3,9.997388124E-1,1.773890399E2,1.916272092E-1,-7.665258543E-2,1.773889075E2
1.373470213E2,2.277206487E-2,7.144032861E-4,1.659175963E-3,9.997390509E-1,1.773902880E2,1.919427070E-1,-7.751365034E-2,1.773901539E2
1.373520213E2,2.276964476E-2,7.148422883E-4,1.656283508E-3,9.997391105E-1,1.773905654E2,1.916122993E-1,-7.757195525E-2,1.773904314E2
1.373570213E2,2.277245533E-2,7.128033321E-4,1.654498396E-3,9.997390509E-1,1.773902432E2,1.914026897E-1,-7.734248883E-2,1.773901098E2
1.373620213E2,2.276952317E-2,7.147849537E-4,1.657978864E-3,9.997391105E-1,1.773905793E2,1.918063638E-1,-7.756098646E-2,1.773904453E2
1.373670213E2,2.277170649E-2,7.142928662E-4,1.664134790E-3,9.997390509E-1,1.773903291E2,1.925104846E-1,-7.748812878E-2,1.773901946E2
1.373720213E2,2.277715849E-2,7.100988878E-4,1.662931871E-3,9.997389317E-1,1.773897042E2,1.923621500E-1,-7.700974957E-2,1.773895706E2
1.373770213E2,2.277464912E-2,7.112756721E-4,1.660962938E-3,9.997389913E-1,1.773899918E2,1.921394633E-1,-7.715018556E-2,1.773898582E2
1.373820213E2,2.277968261E-2,7.074803580E-4,1.665305230E-3,9.997388721E-1,1.773894148E2,1.926274050E-1,-7.670308507E-2,1.773892816E2
1.373870213E2,2.277471766E-2,7.123388932E-4,1.659566886E-3,9.997389913E-1,1.773899839E2,1.919823092E-1,-7.727562040E-2,1.773898502E2
1.373920213E2,2.277800610E-2,7.089355495E-4,1.651780913E-3,9.997389317E-1,1.773896070E2,1.910817016E-1,-7.690541987E-2,1.773894746E2
1.373970213E2,2.278827815E-2,7.019474870E-4,1.657375251E-3,9.997386932E-1,1.773884296E2,1.917051395E-1,-7.608828300E-2,1.773882981E2
1.374020213E2,2.279332056E-2,6.984426291E-4,1.661419985E-3,9.997385740E-1,1.773878516E2,1.921597404E-1,-7.567522873E-2,1.773877205E2
1.374070213E2,2.278268276E-2,7.060742937E-4,1.660636393E-3,9.997388124E-1,1.773890710E2,1.920890923E-1,-7.655361552E-2,1.773889384E2
1.374120213E2,2.279067672E-2,7.016386953E-4,1.660475857E-3,9.997386336E-1,1.773881547E2,1.920597272E-1,-7.604434936E-2,1.773880230E2
1.374170213E2,2.279097472E-2,7.015620358E-4,1.656413078E-3,9.997386336E-1,1.773881205E2,1.915941095E-1,-7.604612099E-2,1.773879892E2
1.374220213E2,2.278556031E-2,7.053577574E-4,1.657340559E-3,9.997387528E-1,1.773887411E2,1.917098640E-1,-7.647958101E-2,1.773886089E2
1.374270213E2,2.277538994E-2,7.112133317E-4,1.650800463E-3,9.997389913E-1,1.773899069E2,1.909751236E-1,-7.716942547E-2,1.773897740E2
1.374320213E2,2.278081790E-2,7.086180849E-4,1.649213722E-3,9.997388721E-1,1.773892847E2,1.907869864E-1,-7.687521514E-2,1.773891525E2
1.374370213E2,2.278028508E-2,7.082855445E-4,1.656699460E-3,9.997388721E-1,1.773893458E2,1.916436587E-1,-7.681767844E-2,1.773892131E2
1.374420213E2,2.276930499E-2,7.155958447E-4,1.660623355E-3,9.997391105E-1,1.773906043E2,1.921114213E-1,-7.764702508E-2,1.773904699E2
1.374470213E2,2.276664025E-2,7.179669337E-4,1.660251175E-3,9.997391701E-1,1.773909098E2,1.920747635E-1,-7.792014419E-2,1.773907749E2
1.374520213E2,2.276915295E-2,7.163538830E-4,1.662380178E-3,9.997391105E-1,1.773906218E2,1.923146530E-1,-7.772931240E-2,1.773904870E2
1.374570213E2,2.276058989E-2,7.208781899E-4,1.670133206E-3,9.997392893E-1,1.773916033E2,1.932139925E-1,-7.822904974E-2,1.773914671E2
1.374620213E2,2.276060993E-2,7.208648603E-4,1.669865800E-3,9.997392893E-1,1.773916010E2,1.931833247E-1,-7.822821629E-2,1.773914648E2
1.374670213E2,2.276646326E-2,7.173909689E-4,1.662925002E-3,9.997391701E-1,1.773909301E2,1.923795661E-1,-7.784721870E-2,1.773907951E2
1.374720213E2,2.277202053E-2,7.139090449E-4,1.659997040E-3,9.997390509E-1,1.773902931E2,1.920354780E-1,-7.745489504E-2,1.773901590E2
1.374770213E2,2.277206774E-2,7.138115470E-4,1.659391215E-3,9.997390509E-1,1.773902877E2,1.919658226E-1,-7.744529743E-2,1.773901537E2
1.374820213E2,2.277197835E-2,7.139265654E-4,1.660567941E-3,9.997390509E-1,1.773902979E2,1.921009240E-1,-7.745542049E-2,1.773901638E2
1.374870213E2,2.276148005E-2,7.210084586E-4,1.657900866E-3,9.997392893E-1,1.773915012E2,1.918130393E-1,-7.827570852E-2,1.773913660E2
1.374920213E2,2.276148959E-2,7.201913977E-4,1.658124966E-3,9.997392893E-1,1.773915002E2,1.918365819E-1,-7.818151823E-2,1.773913650E2
1.374970213E2,2.276956112E-2,7.157719810E-4,1.657031593E-3,9.997391105E-1,1.773905750E2,1.917004211E-1,-7.767652646E-2,1.773904408E2
1.375020213E2,2.275911467E-2,7.221391425E-4,1.653934363E-3,9.997393489E-1,1.773917724E2,1.913613924E-1,-7.841604065E-2,1.773916372E2
1.375070213E2,2.275648244E-2,7.252580253E-4,1.652759383E-3,9.997394085E-1,1.773920741E2,1.912347122E-1,-7.877691332E-2,1.773919384E2
1.375120213E2,2.276674440E-2,7.171352045E-4,1.659182133E-3,9.997391701E-1,1.773908978E2,1.919501297E-1,-7.782762899E-2,1.773907632E2
1.375170213E2,2.276659593E-2,7.166306605E-4,1.661435817E-3,9.997391701E-1,1.773909149E2,1.922069884E-1,-7.776397621E-2,1.773907801E2
1.375220213E2,2.276136265E-2,7.212486234E-4,1.659407513E-3,9.997392893E-1,1.773915147E2,1.919862613E-1,-7.829931480E-2,1.773913792E2
1.375270213E2,2.276443145E-2,7.190683973E-4,1.654159045E-3,9.997392297E-1,1.773911630E2,1.913795378E-1,-7.806264697E-2,1.773910283E2
1.375320213E2,2.278005729E-2,7.082493976E-4,1.659844071E-3,9.997388721E-1,1.773893719E2,1.920037999E-1,-7.680537192E-2,1.773892390E2
1.375370213E2,2.277485409E-2,7.110568695E-4,1.658243826E-3,9.997389913E-1,1.773899683E2,1.918274009E-1,-7.713217650E-2,1.773898349E2
1.375420213E2,2.277789778E-2,7.097511552E-4,1.652923995E-3,9.997389317E-1,1.773896194E2,1.912147763E-1,-7.699589397E-2,1.773894867E2
1.375470213E2,2.279107722E-2,7.004236104E-4,1.655484317E-3,9.997386336E-1,1.773881088E2,1.914847429E-1,-7.591810719E-2,1.773879777E2
1.375520213E2,2.278786613E-2,7.029565168E-4,1.662604394E-3,9.997386932E-1,1.773884768E2,1.923068047E-1,-7.619030258E-2,1.773883447E2
1.375570213E2,2.277707214E-2,7.103097741E-4,1.664024196E-3,9.997389317E-1,1.773897141E2,1.924878328E-1,-7.703107449E-2,1.773895804E2
1.375620213E2,2.276950798E-2,7.162338006E-4,1.657562214E-3,9.997391105E-1,1.773905811E2,1.917624112E-1,-7.772805893E-2,1.773904467E2
1.375670213E2,2.278018035E-2,7.090612780E-4,1.657807268E-3,9.997388721E-1,1.773893578E2,1.917725887E-1,-7.690367585E-2,1.773892248E2
1.375720213E2,2.276599174E-2,7.170114550E-4,1.669530873E-3,9.997391701E-1,1.773909841E2,1.931353216E-1,-7.778659741E-2,1.773908487E2
1.375770213E2,2.276049887E-2,7.218262763E-4,1.670963946E-3,9.997392893E-1,1.773916137E2,1.933116298E-1,-7.833551493E-2,1.773914772E2
1.375820213E2,2.277495788E-2,7.112704916E-4,1.656726119E-3,9.997389913E-1,1.773899564E2,1.916540949E-1,-7.716059064E-2,1.773898231E2
1.375870213E2,2.278092838E-2,7.086317637E-4,1.647681114E-3,9.997388721E-1,1.773892721E2,1.906114519E-1,-7.688076221E-2,1.773891400E2
1.375920213E2,2.275569296E-2,7.256272947E-4,1.663432806E-3,9.997394085E-1,1.773921646E2,1.924583829E-1,-7.879153485E-2,1.773920279E2
1.375970213E2,2.275827316E-2,7.238984108E-4,1.664709649E-3,9.997393489E-1,1.773918688E2,1.926003547E-1,-7.858964413E-2,1.773917324E2
1.376020213E2,2.277801883E-2,7.101849187E-4,1.651068451E-3,9.997389317E-1,1.773896055E2,1.910033430E-1,-7.705040703E-2,1.773894729E2
1.376070213E2,2.277783546E-2,7.091944572E-4,1.654021326E-3,9.997389317E-1,1.773896266E2,1.913390306E-1,-7.692926527E-2,1.773894939E2
1.376120213E2,2.276081688E-2,7.214231300E-4,1.666801167E-3,9.997392893E-1,1.773915773E2,1.928337063E-1,-7.830012624E-2,1.773914412E2
1.376170213E2,2.276417987E-2,7.188032032E-4,1.657732646E-3,9.997392297E-1,1.773911918E2,1.917882255E-1,-7.802299150E-2,1.773910569E2
1.376220213E2,2.278064300E-2,7.077339105E-4,1.652006875E-3,9.997388721E-1,1.773893048E2,1.911046538E-1,-7.676666420E-2,1.773891725E2
1.376270213E2,2.276391704E-2,7.198864478E-4,1.660868758E-3,9.997392297E-1,1.773912219E2,1.921503108E-1,-7.813895913E-2,1.773910866E2
1.376320213E2,2.276097920E-2,7.217568345E-4,1.664438401E-3,9.997392893E-1,1.773915587E2,1.925639061E-1,-7.834448763E-2,1.773914227E2
1.376370213E2,2.277809426E-2,7.101603551E-4,1.650038059E-3,9.997389317E-1,1.773895969E2,1.908852409E-1,-7.705026821E-2,1.773894643E2
1.376420213E2,2.278603453E-2,7.047784165E-4,1.651055296E-3,9.997387528E-1,1.773886868E2,1.909883348E-1,-7.642953205E-2,1.773885552E2
1.376470213E2,2.277448310E-2,7.122331299E-4,1.662827912E-3,9.997389913E-1,1.773900108E2,1.923556049E-1,-7.725503806E-2,1.773898769E2
1.376520213E2,2.277451154E-2,7.112116436E-4,1.662875642E-3,9.997389913E-1,1.773900076E2,1.923584089E-1,-7.713788482E-2,1.773898738E2
1.376570213E2,2.278578418E-2,7.039267221E-4,1.654869295E-3,9.997387528E-1,1.773887155E2,1.914230309E-1,-7.632204924E-2,1.773885838E2
1.376620213E2,2.278543344E-2,7.045570528E-4,1.659424161E-3,9.997387528E-1,1.773887557E2,1.919464649E-1,-7.638243468E-2,1.773886235E2
1.376670213E2,2.277693160E-2,7.110409788E-4,1.665634802E-3,9.997389317E-1,1.773897302E2,1.926742451E-1,-7.711066561E-2,1.773895962E2
1.376720213E2,2.277989661E-2,7.082077791E-4,1.662065508E-3,9.997388721E-1,1.773893903E2,1.922581713E-1,-7.679483578E-2,1.773892572E2
1.376770213E2,2.277728645E-2,7.100772928E-4,1.661187503E-3,9.997389317E-1,1.773896895E2,1.921622652E-1,-7.701180417E-2,1.773895561E2
1.376820213E2,2.276883875E-2,7.151463069E-4,1.667196630E-3,9.997391105E-1,1.773906578E2,1.928632601E-1,-7.757846350E-2,1.773905229E2
1.376870213E2,2.276857331E-2,7.151743048E-4,1.670805854E-3,9.997391105E-1,1.773906882E2,1.932767928E-1,-7.757230491E-2,1.773905531E2
1.376920213E2,2.278752741E-2,7.030118140E-4,1.667217235E-3,9.997386932E-1,1.773885157E2,1.928353798E-1,-7.618465674E-2,1.773883832E2
1.376970213E2,2.278202822E-2,7.059240597E-4,1.669655438E-3,9.997388124E-1,1.773891460E2,1.931218901E-1,-7.651298362E-2,1.773890127E2
1.377020213E2,2.277594115E-2,7.111493032E-4,1.679077977E-3,9.997389317E-1,1.773898437E2,1.942145295E-1,-7.708817871E-2,1.773897087E2
1.377070213E2,2.277914364E-2,7.085840916E-4,1.672194223E-3,9.997388721E-1,1.773894766E2,1.934194624E-1,-7.681165123E-2,1.773893427E2
1.377120213E2,2.278224233E-2,7.066038088E-4,1.666443306E-3,9.997388124E-1,1.773891214E2,1.927556930E-1,-7.659920165E-2,1.773889883E2
1.377170213E2,2.278223911E-2,7.062316872E-4,1.666645054E-3,9.997388124E-1,1.773891218E2,1.927778337E-1,-7.655604468E-2,1.773889887E2
1.377220213E2,2.278186505E-2,7.070283755E-4,1.671413658E-3,9.997388124E-1,1.773891647E2,1.933261864E-1,-7.663493713E-2,1.773890311E2
1.377270213E2,2.278504447E-2,7.041520439E-4,1.664927811E-3,9.997387528E-1,1.773888003E2,1.925758870E-1,-7.632174023E-2,1.773886677E2
1.377320213E2,2.279314768E-2,6.983742351E-4,1.663818723E-3,9.997385740E-1,1.773878715E2,1.924343529E-1,-7.566116103E-2,1.773877401E2
1.377370213E2,2.279816720E-2,6.961894687E-4,1.667587785E-3,9.997384548E-1,1.773872961E2,1.928608156E-1,-7.540005735E-2,1.773871649E2
1.377420213E2,2.278991741E-2,7.009488763E-4,1.671154518E-3,9.997386336E-1,1.773882417E2,1.932812367E-1,-7.593757931E-2,1.773881093E2
1.377470213E2,2.278482340E-2,7.040768396E-4,1.667982084E-3,9.997387528E-1,1.773888256E2,1.929255775E-1,-7.630519232E-2,1.773886929E2
1.377520213E2,2.278802497E-2,7.024306105E-4,1.660648501E-3,9.997386932E-1,1.773884586E2,1.920813721E-1,-7.613513106E-2,1.773883268E2
1.377570213E2,2.279297575E-2,6.993166753E-4,1.665777061E-3,9.997385740E-1,1.773878912E2,1.926611530E-1,-7.576404642E-2,1.773877595E2
1.377620213E2,2.278498606E-2,7.047369145E-4,1.665479504E-3,9.997387528E-1,1.773888070E2,1.926406129E-1,-7.638731470E-2,1.773886743E2
1.377670213E2,2.278842630E-2,7.026905660E-4,1.655021682E-3,9.997386932E-1,1.773884126E2,1.914374619E-1,-7.617952929E-2,1.773882811E2
1.377720213E2,2.278603816E-2,7.047594991E-4,1.651013270E-3,9.997387528E-1,1.773886864E2,1.909834711E-1,-7.642747387E-2,1.773885548E2
1.377770213E2,2.278043516E-2,7.074773312E-4,1.654980239E-3,9.997388721E-1,1.773893286E2,1.914446026E-1,-7.672954755E-2,1.773891962E2
1.377820213E2,2.277535478E-2,7.110454608E-4,1.651357743E-3,9.997389913E-1,1.773899109E2,1.910385258E-1,-7.714874611E-2,1.773897781E2
1.377870213E2,2.278367124E-2,7.064612582E-4,1.646853052E-3,9.997388124E-1,1.773889577E2,1.905111307E-1,-7.663374454E-2,1.773888261E2
1.377920213E2,2.278093285E-2,7.071589935E-4,1.648251899E-3,9.997388721E-1,1.773892715E2,1.906729972E-1,-7.671054821E-2,1.773891397E2
1.377970213E2,2.278030272E-2,7.083909004E-4,1.656411798E-3,9.997388721E-1,1.773893438E2,1.916109800E-1,-7.683049576E-2,1.773892111E2
1.378020213E2,2.278637951E-2,7.039031480E-4,1.646661898E-3,9.997387528E-1,1.773886472E2,1.904827587E-1,-7.634066623E-2,1.773885161E2
1.378070213E2,2.278692260E-2,7.044498925E-4,1.638894435E-3,9.997387528E-1,1.773885850E2,1.895943717E-1,-7.642348208E-2,1.773884544E2
1.378120213E2,2.277566667E-2,7.123341202E-4,1.646493562E-3,9.997389913E-1,1.773898752E2,1.904846630E-1,-7.730901320E-2,1.773897424E2
1.378170213E2,2.277263376E-2,7.129342994E-4,1.651984057E-3,9.997390509E-1,1.773902228E2,1.911149975E-1,-7.736402014E-2,1.773900895E2
1.378220213E2,2.277583058E-2,7.119911024E-4,1.644373289E-3,9.997389913E-1,1.773898564E2,1.902408776E-1,-7.727521930E-2,1.773897239E2
1.378270213E2,2.277338217E-2,7.140953676E-4,1.641129958E-3,9.997390509E-1,1.773901370E2,1.898746178E-1,-7.752521777E-2,1.773900044E2
1.378320213E2,2.277010230E-2,7.154313498E-4,1.649726066E-3,9.997391105E-1,1.773905130E2,1.908626379E-1,-7.765646243E-2,1.773903794E2
1.378370213E2,2.276205297E-2,7.202798733E-4,1.650334452E-3,9.997392893E-1,1.773914356E2,1.909443592E-1,-7.821186743E-2,1.773913010E2
1.378420213E2,2.276546410E-2,7.194242789E-4,1.639729715E-3,9.997392297E-1,1.773910446E2,1.897274928E-1,-7.814086392E-2,1.773909110E2
1.378470213E2,2.276521031E-2,7.194080390E-4,1.643256634E-3,9.997392297E-1,1.773910737E2,1.901314817E-1,-7.812985045E-2,1.773909398E2
1.378520213E2,2.277014836E-2,7.157477667E-4,1.648952952E-3,9.997391105E-1,1.773905077E2,1.907748976E-1,-7.769472026E-2,1.773903741E2
1.378570213E2,2.276503995E-2,7.187299198E-4,1.645911252E-3,9.997392297E-1,1.773910932E2,1.904338178E-1,-7.804527091E-2,1.773909593E2
1.378620213E2,2.275521799E-2,7.255016244E-4,1.633900101E-3,9.997394681E-1,1.773922190E2,1.890746885E-1,-7.885424158E-2,1.773920847E2
1.378670213E2,2.276054175E-2,7.215230726E-4,1.634450397E-3,9.997393489E-1,1.773916088E2,1.891277731E-1,-7.839600958E-2,1.773914752E2
1.378720213E2,2.275962085E-2,7.233086508E-4,1.646440942E-3,9.997393489E-1,1.773917143E2,1.905060206E-1,-7.856946901E-2,1.773915795E2
1.378770213E2,2.275990012E-2,7.227424067E-4,1.642825082E-3,9.997393489E-1,1.773916823E2,1.900903250E-1,-7.851397688E-2,1.773915479E2
1.378820213E2,2.277082002E-2,7.155727944E-4,1.639728085E-3,9.997391105E-1,1.773904307E2,1.897176733E-1,-7.769861909E-2,1.773902979E2
1.378870213E2,2.276223320E-2,7.209099131E-4,1.647571218E-3,9.997392893E-1,1.773914149E2,1.906294550E-1,-7.829121934E-2,1.773912805E2
1.378920213E2,2.274325173E-2,7.336826529E-4,1.650886144E-3,9.997397065E-1,1.773935906E2,1.910410269E-1,-7.974946674E-2,1.773934534E2
1.378970213E2,2.275228930E-2,7.279195706E-4,1.637135982E-3,9.997395277E-1,1.773925547E2,1.894514719E-1,-7.912336253E-2,1.773924197E2
1.379020213E2,2.276041764E-2,7.219723193E-4,1.635979512E-3,9.997393489E-1,1.773916230E2,1.893041139E-1,-7.844351116E-2,1.773914893E2
1.379070213E2,2.275748982E-2,7.248915499E-4,1.638992224E-3,9.997394085E-1,1.773919586E2,1.896566408E-1,-7.877064070E-2,1.773918241E2
1.379120213E2,2.274952774E-2,7.296638214E-4,1.638337388E-3,9.997395873E-1,1.773928712E2,1.895934368E-1,-7.932057818E-2,1.773927358E2
1.379170213E2,2.274982835E-2,7.291624788E-4,1.634381711E-3,9.997395873E-1,1.773928368E2,1.891389828E-1,-7.927339924E-2,1.773927018E2
1.379220213E2,2.274976150E-2,7.299979916E-4,1.634939108E-3,9.997395873E-1,1.773928444E2,1.892050125E-1,-7.936767653E-2,1.773927092E2
1.379270213E2,2.274736979E-2,7.312702946E-4,1.631197287E-3,9.997396469E-1,1.773931186E2,1.887794685E-1,-7.952364063E-2,1.773929834E2
1.379320213E2,2.275019148E-2,7.293843664E-4,1.629219856E-3,9.997395873E-1,1.773927952E2,1.885482369E-1,-7.931220794E-2,1.773926605E2
1.379370213E2,2.275298958E-2,7.266708417E-4,1.627932419E-3,9.997395277E-1,1.773924744E2,1.883938913E-1,-7.900417097E-2,1.773923404E2
1.379420213E2,2.275275792E-2,7.282459410E-4,1.630464452E-3,9.997395277E-1,1.773925010E2,1.886880555E-1,-7.917805872E-2,1.773923665E2
1.379470213E2,2.275007494E-2,7.290391950E-4,1.631000661E-3,9.997395873E-1,1.773928085E2,1.887513405E-1,-7.926804373E-2,1.773926738E2
1.379520213E2,2.274709512E-2,7.315385737E-4,1.634903019E-3,9.997396469E-1,1.773931501E2,1.892046827E-1,-7.954476705E-2,1.773930145E2
1.379570213E2,2.275501741E-2,7.266174071E-4,1.636196044E-3,9.997394681E-1,1.773922420E2,1.893406106E-1,-7.897611846E-2,1.773921073E2
1.379620213E2,2.274679073E-2,7.311420632E-4,1.639309572E-3,9.997396469E-1,1.773931850E2,1.897084489E-1,-7.948791301E-2,1.773930492E2
1.379670213E2,2.274181245E-2,7.349298685E-4,1.633977052E-3,9.997397661E-1,1.773937556E2,1.891070207E-1,-7.993669282E-2,1.773936195E2
1.379720213E2,2.275533980E-2,7.264354499E-4,1.631787280E-3,9.997394681E-1,1.773922050E2,1.888350842E-1,-7.896670885E-2,1.773920708E2
1.379770213E2,2.276025297E-2,7.215352380E-4,1.638461486E-3,9.997393489E-1,1.773916419E2,1.895873010E-1,-7.838699589E-2,1.773915080E2
1.379820213E2,2.275251471E-2,7.277174154E-4,1.634090324E-3,9.997395277E-1,1.773925289E2,1.891020456E-1,-7.910810177E-2,1.773923941E2
1.379870213E2,2.275517713E-2,7.258504629E-4,1.634314074E-3,9.997394681E-1,1.773922237E2,1.891230206E-1,-7.889313334E-2,1.773920893E2
1.379920213E2,2.277639355E-2,7.119203801E-4,1.636587782E-3,9.997389913E-1,1.773897918E2,1.893488127E-1,-7.728733121E-2,1.773896600E2
1.379970213E2,2.277632444E-2,7.119906368E-4,1.637518755E-3,9.997389913E-1,1.773897998E2,1.894556449E-1,-7.729296307E-2,1.773896678E2
1.380020213E2,2.276298949E-2,7.206159062E-4,1.637218520E-3,9.997392893E-1,1.773913282E2,1.894427204E-1,-7.828439908E-2,1.773911946E2
1.380070213E2,2.276872411E-2,7.171764737E-4,1.631771796E-3,9.997391701E-1,1.773906709E2,1.888102062E-1,-7.790349694E-2,1.773905384E2
1.380120213E2,2.277392410E-2,7.121966919E-4,1.634421060E-3,9.997390509E-1,1.773900749E2,1.891011188E-1,-7.732510845E-2,1.773899431E2
1.380170213E2,2.277358372E-2,7.133347099E-4,1.638662070E-3,9.997390509E-1,1.773901139E2,1.895899217E-1,-7.744447794E-2,1.773899816E2
1.380220213E2,2.276567304E-2,7.180927787E-4,1.637410955E-3,9.997392297E-1,1.773910206E2,1.894583930E-1,-7.799433470E-2,1.773908875E2
1.380270213E2,2.276318684E-2,7.209617179E-4,1.634319895E-3,9.997392893E-1,1.773913056E2,1.891115654E-1,-7.833153985E-2,1.773911722E2
1.380320213E2,2.276274751E-2,7.206676528E-4,1.640556729E-3,9.997392893E-1,1.773913560E2,1.898252687E-1,-7.828166521E-2,1.773912221E2
1.380370213E2,2.276776732E-2,7.174902712E-4,1.644930919E-3,9.997391701E-1,1.773907806E2,1.903184870E-1,-7.790529295E-2,1.773906470E2
1.380420213E2,2.277082193E-2,7.156283245E-4,1.639677328E-3,9.997391105E-1,1.773904305E2,1.897120035E-1,-7.770511280E-2,1.773902976E2
1.380470213E2,2.276040150E-2,7.224178407E-4,1.636007335E-3,9.997393489E-1,1.773916249E2,1.893084623E-1,-7.849448136E-2,1.773914910E2
1.380520213E2,2.275507997E-2,7.254350348E-4,1.635850640E-3,9.997394681E-1,1.773922348E2,1.892979618E-1,-7.884155268E-2,1.773921004E2
1.380570213E2,2.276803289E-2,7.174781640E-4,1.641256269E-3,9.997391701E-1,1.773907501E2,1.898975005E-1,-7.791344313E-2,1.773906168E2
1.380620213E2,2.276566183E-2,7.184112910E-4,1.637427020E-3,9.997392297E-1,1.773910219E2,1.894610636E-1,-7.803078423E-2,1.773908887E2
1.380670213E2,2.275556395E-2,7.265813765E-4,1.628593425E-3,9.997394681E-1,1.773921794E2,1.884695877E-1,-7.899171284E-2,1.773920453E2
1.380720213E2,2.275808982E-2,7.236427045E-4,1.631194376E-3,9.997394085E-1,1.773918898E2,1.887600928E-1,-7.864779394E-2,1.773917561E2
1.380770213E2,2.276816551E-2,7.175334613E-4,1.639391296E-3,9.997391701E-1,1.773907349E2,1.896839999E-1,-7.792461893E-2,1.773906018E2
1.380820213E2,2.276296780E-2,7.198461681E-4,1.637858571E-3,9.997392893E-1,1.773913307E2,1.895140362E-1,-7.819455104E-2,1.773911972E2
1.380870213E2,2.276069708E-2,7.213468198E-4,1.632363768E-3,9.997393489E-1,1.773915910E2,1.888882769E-1,-7.838123096E-2,1.773914576E2
1.380920213E2,2.276275922E-2,7.201051922E-4,1.640641247E-3,9.997392893E-1,1.773913546E2,1.898334848E-1,-7.821700606E-2,1.773912209E2
1.380970213E2,2.275157838E-2,7.284544408E-4,1.646749792E-3,9.997395277E-1,1.773926362E2,1.905541889E-1,-7.915970705E-2,1.773925003E2
1.381020213E2,2.274108292E-2,7.352524553E-4,1.643955009E-3,9.997397661E-1,1.773938392E2,1.902508995E-1,-7.994778363E-2,1.773937022E2
1.381070213E2,2.275715529E-2,7.242819993E-4,1.643899246E-3,9.997394085E-1,1.773919970E2,1.902171835E-1,-7.868807587E-2,1.773918621E2
1.381120213E2,2.275669868E-2,7.252173382E-4,1.649797196E-3,9.997394085E-1,1.773920493E2,1.908952686E-1,-7.877993575E-2,1.773919138E2
1.381170213E2,2.275120215E-2,7.290086360E-4,1.651695115E-3,9.997395277E-1,1.773926793E2,1.911221509E-1,-7.921037470E-2,1.773925429E2
1.381220213E2,2.275439442E-2,7.266426692E-4,1.644826028E-3,9.997394681E-1,1.773923134E2,1.903292966E-1,-7.895662697E-2,1.773921780E2
1.381270213E2,2.275967858E-2,7.222421700E-4,1.646111021E-3,9.997393489E-1,1.773917077E2,1.904654468E-1,-7.844814062E-2,1.773915731E2
1.381320213E2,2.275111790E-2,7.274912787E-4,1.653523534E-3,9.997395277E-1,1.773926890E2,1.913276553E-1,-7.903179258E-2,1.773925528E2
1.381370213E2,2.274335381E-2,7.331559900E-4,1.649713493E-3,9.997397065E-1,1.773935789E2,1.909053207E-1,-7.969216812E-2,1.773934419E2
1.381420213E2,2.275921484E-2,7.231036434E-4,1.652133535E-3,9.997393489E-1,1.773917609E2,1.911576094E-1,-7.853121322E-2,1.773916256E2
1.381470213E2,2.276446991E-2,7.195755607E-4,1.653408981E-3,9.997392297E-1,1.773911585E2,1.912949351E-1,-7.812269784E-2,1.773910239E2
1.381520213E2,2.276442659E-2,7.190501783E-4,1.654233783E-3,9.997392297E-1,1.773911635E2,1.913880521E-1,-7.806036572E-2,1.773910289E2
1.381570213E2,2.276996387E-2,7.161981193E-4,1.651303261E-3,9.997391105E-1,1.773905288E2,1.910453148E-1,-7.774021578E-2,1.773903950E2
1.381620213E2,2.277015757E-2,7.160822861E-4,1.648680540E-3,9.997391105E-1,1.773905066E2,1.907445632E-1,-7.773375246E-2,1.773903730E2
1.381670213E2,2.277261898E-2,7.135922788E-4,1.651903731E-3,9.997390509E-1,1.773902245E2,1.911075113E-1,-7.743961183E-2,1.773900911E2
1.381720213E2,2.277537119E-2,7.114948821E-4,1.650937833E-3,9.997389913E-1,1.773899090E2,1.909915945E-1,-7.720132541E-2,1.773897761E2
1.381770213E2,2.277280972E-2,7.137527573E-4,1.649202779E-3,9.997390509E-1,1.773902026E2,1.907985183E-1,-7.746500876E-2,1.773900694E2
1.381820213E2,2.277264483E-2,7.131560124E-4,1.651735860E-3,9.997390509E-1,1.773902215E2,1.910871430E-1,-7.739006556E-2,1.773900882E2
1.381870213E2,2.276963314E-2,7.161909016E-4,1.655860571E-3,9.997391105E-1,1.773905667E2,1.915673653E-1,-7.772756051E-2,1.773904325E2
1.381920213E2,2.277216067E-2,7.139078807E-4,1.658073976E-3,9.997390509E-1,1.773902770E2,1.918151755E-1,-7.745975325E-2,1.773901431E2
1.381970213E2,2.277500222E-2,7.114200853E-4,1.656052191E-3,9.997389913E-1,1.773899513E2,1.915772821E-1,-7.717947877E-2,1.773898180E2
1.382020213E2,2.276989957E-2,7.149367593E-4,1.652735984E-3,9.997391105E-1,1.773905362E2,1.912061539E-1,-7.759198600E-2,1.773904025E2
1.382070213E2,2.276689147E-2,7.179261884E-4,1.656820299E-3,9.997391701E-1,1.773908810E2,1.916816284E-1,-7.792437933E-2,1.773907464E2
1.382120213E2,2.276943808E-2,7.161149988E-4,1.658573397E-3,9.997391105E-1,1.773905891E2,1.918779390E-1,-7.771182369E-2,1.773904547E2
1.382170213E2,2.276950472E-2,7.155091735E-4,1.657919958E-3,9.997391105E-1,1.773905814E2,1.918015039E-1,-7.764411155E-2,1.773904472E2
1.382220213E2,2.276126444E-2,7.217486855E-4,1.660536742E-3,9.997392893E-1,1.773915260E2,1.921169249E-1,-7.835367617E-2,1.773913903E2
1.382270213E2,2.276670675E-2,7.182163536E-4,1.659231144E-3,9.997391701E-1,1.773909022E2,1.919585626E-1,-7.795136665E-2,1.773907673E2
1.382320213E2,2.276697105E-2,7.169718738E-4,1.656139852E-3,9.997391701E-1,1.773908719E2,1.916011910E-1,-7.781681147E-2,1.773907375E2
1.382370213E2,2.276675094E-2,7.168896846E-4,1.659198548E-3,9.997391701E-1,1.773908971E2,1.919513701E-1,-7.779945773E-2,1.773907625E2
1.382420213E2,2.276112505E-2,7.217394304E-4,1.662450377E-3,9.997392893E-1,1.773915419E2,1.923361199E-1,-7.834765121E-2,1.773914061E2
1.382470213E2,2.276144596E-2,7.217265666E-4,1.658056397E-3,9.997392893E-1,1.773915052E2,1.918327279E-1,-7.835757706E-2,1.773913697E2
1.382520213E2,2.275359805E-2,7.259097765E-4,1.656127512E-3,9.997394681E-1,1.773924047E2,1.916220444E-1,-7.884334838E-2,1.773922686E2
1.382570213E2,2.275086184E-2,7.286855252E-4,1.656518201E-3,9.997395277E-1,1.773927183E2,1.916738246E-1,-7.916084889E-2,1.773925816E2
1.382620213E2,2.275320955E-2,7.260138518E-4,1.661411137E-3,9.997394681E-1,1.773924492E2,1.922275886E-1,-7.884156902E-2,1.773923127E2
1.382670213E2,2.275067524E-2,7.293015951E-4,1.658808207E-3,9.997395277E-1,1.773927397E2,1.919377641E-1,-7.922549227E-2,1.773926027E2
1.382720213E2,2.274285600E-2,7.340594893E-4,1.656161970E-3,9.997397065E-1,1.773936360E2,1.916463876E-1,-7.977896313E-2,1.773934983E2
1.382770213E2,2.275864487E-2,7.234809455E-4,1.659802161E-3,9.997393489E-1,1.773918262E2,1.920370828E-1,-7.855454613E-2,1.773916903E2
1.382820213E2,2.277154455E-2,7.130286540E-4,1.666890574E-3,9.997390509E-1,1.773903476E2,1.928228810E-1,-7.733613826E-2,1.773902132E2
1.382870213E2,2.276085882E-2,7.204256835E-4,1.666659839E-3,9.997392893E-1,1.773915725E2,1.928149168E-1,-7.818621759E-2,1.773914366E2
1.382920213E2,2.275620327E-2,7.244983572E-4,1.656931126E-3,9.997394085E-1,1.773921061E2,1.917106326E-1,-7.867905870E-2,1.773919702E2
1.382970213E2,2.276662251E-2,7.174888742E-4,1.660701004E-3,9.997391701E-1,1.773909118E2,1.921250480E-1,-7.786420667E-2,1.773907770E2
1.383020213E2,2.276644148E-2,7.167920121E-4,1.663481467E-3,9.997391701E-1,1.773909326E2,1.924417514E-1,-7.777715357E-2,1.773907977E2
1.383070213E2,2.275606521E-2,7.246770547E-4,1.658748137E-3,9.997394085E-1,1.773921219E2,1.919192484E-1,-7.869481868E-2,1.773919858E2
1.383120213E2,2.275903187E-2,7.224651636E-4,1.654930995E-3,9.997393489E-1,1.773917819E2,1.914764126E-1,-7.845080670E-2,1.773916465E2
1.383170213E2,2.276425361E-2,7.196818478E-4,1.656338223E-3,9.997392297E-1,1.773911833E2,1.916307757E-1,-7.812727407E-2,1.773910484E2
1.383220213E2,2.275883941E-2,7.219957770E-4,1.657780143E-3,9.997393489E-1,1.773918039E2,1.918015776E-1,-7.838963892E-2,1.773916684E2
1.383270213E2,2.276473069E-2,7.197686937E-4,1.649730373E-3,9.997392297E-1,1.773911287E2,1.908740304E-1,-7.815437029E-2,1.773909942E2
1.383320213E2,2.276697020E-2,7.165020797E-4,1.656354871E-3,9.997391701E-1,1.773908720E2,1.916245982E-1,-7.776243023E-2,1.773907377E2
1.383370213E2,2.276921888E-2,7.162023685E-4,1.661542221E-3,9.997391105E-1,1.773906142E2,1.922182646E-1,-7.771412843E-2,1.773904796E2
1.383420213E2,2.276706181E-2,7.179608219E-4,1.654462889E-3,9.997391701E-1,1.773908615E2,1.914116622E-1,-7.793446496E-2,1.773907270E2
1.383470213E2,2.277017755E-2,7.149592857E-4,1.648891950E-3,9.997391105E-1,1.773905043E2,1.907658537E-1,-7.760454414E-2,1.773903709E2
1.383520213E2,2.277276228E-2,7.136689965E-4,1.649893937E-3,9.997390509E-1,1.773902081E2,1.908774764E-1,-7.745361832E-2,1.773900748E2
1.383570213E2,2.276728220E-2,7.167040603E-4,1.651973114E-3,9.997391701E-1,1.773908362E2,1.911231663E-1,-7.779694200E-2,1.773907022E2
1.383620213E2,2.276754756E-2,7.163007394E-4,1.648487290E-3,9.997391701E-1,1.773908058E2,1.907227913E-1,-7.775978103E-2,1.773906721E2
1.383670213E2,2.277262725E-2,7.127287099E-4,1.652162522E-3,9.997390509E-1,1.773902235E2,1.911349057E-1,-7.734000297E-2,1.773900903E2
1.383720213E2,2.277256627E-2,7.133734180E-4,1.652724692E-3,9.997390509E-1,1.773902305E2,1.912009870E-1,-7.741240640E-2,1.773900971E2
1.383770213E2,2.277522717E-2,7.115605404E-4,1.652895124E-3,9.997389913E-1,1.773899255E2,1.912159860E-1,-7.720376634E-2,1.773897925E2
1.383820213E2,2.277028687E-2,7.155287894E-4,1.647134311E-3,9.997391105E-1,1.773904918E2,1.905659897E-1,-7.767435302E-2,1.773903584E2
1.383870213E2,2.276519071E-2,7.189345779E-4,1.643735217E-3,9.997392297E-1,1.773910759E2,1.901850724E-1,-7.807436510E-2,1.773909421E2
1.383920213E2,2.277337734E-2,7.127277204E-4,1.641791430E-3,9.997390509E-1,1.773901376E2,1.899468274E-1,-7.736681241E-2,1.773900051E2
1.383970213E2,2.278409488E-2,7.063832018E-4,1.641015289E-3,9.997388124E-1,1.773889091E2,1.898421733E-1,-7.663996394E-2,1.773887780E2
1.384020213E2,2.278152640E-2,7.080802461E-4,1.639630063E-3,9.997388721E-1,1.773892035E2,1.896877130E-1,-7.683848434E-2,1.773890721E2
1.384070213E2,2.277632247E-2,7.106087287E-4,1.638146350E-3,9.997389913E-1,1.773898000E2,1.895239361E-1,-7.713301162E-2,1.773896683E2
1.384120213E2,2.279448356E-2,6.984685315E-4,1.645375742E-3,9.997385740E-1,1.773877183E2,1.903218353E-1,-7.571988322E-2,1.773875884E2
1.384170213E2,2.279400579E-2,6.994964788E-4,1.651546336E-3,9.997385740E-1,1.773877731E2,1.910314002E-1,-7.582161908E-2,1.773876425E2
1.384220213E2,2.278333186E-2,7.055264432E-4,1.651941217E-3,9.997388124E-1,1.773889966E2,1.910915742E-1,-7.651343049E-2,1.773888648E2
1.384270213E2,2.278882461E-2,7.026434178E-4,1.649548183E-3,9.997386932E-1,1.773883670E2,1.908103140E-1,-7.618834592E-2,1.773882359E2
1.384320213E2,2.278867935E-2,7.018184988E-4,1.651904546E-3,9.997386932E-1,1.773883836E2,1.910780981E-1,-7.608771586E-2,1.773882525E2
1.384370213E2,2.278337475E-2,7.066991529E-4,1.650848077E-3,9.997388124E-1,1.773889916E2,1.909694073E-1,-7.665062398E-2,1.773888597E2
1.384420213E2,2.278597784E-2,7.034453447E-4,1.652405714E-3,9.997387528E-1,1.773886933E2,1.911395557E-1,-7.627329771E-2,1.773885618E2
1.384470213E2,2.279142699E-2,6.997530581E-4,1.650946331E-3,9.997386336E-1,1.773880687E2,1.909631371E-1,-7.585307312E-2,1.773879381E2
1.384520213E2,2.278078639E-2,7.079761126E-4,1.649924554E-3,9.997388721E-1,1.773892883E2,1.908667422E-1,-7.679982002E-2,1.773891562E2
1.384570213E2,2.277322585E-2,7.131093880E-4,1.643725787E-3,9.997390509E-1,1.773901549E2,1.901694158E-1,-7.740551748E-2,1.773900223E2
1.384620213E2,2.278945850E-2,7.027443498E-4,1.640724135E-3,9.997386932E-1,1.773882943E2,1.897997250E-1,-7.622283289E-2,1.773881639E2
1.384670213E2,2.280270320E-2,6.929369410E-4,1.642467687E-3,9.997383952E-1,1.773867762E2,1.899748491E-1,-7.509220958E-2,1.773866475E2
1.384720213E2,2.278439508E-2,7.062827353E-4,1.636885339E-3,9.997388124E-1,1.773888747E2,1.893687985E-1,-7.663918077E-2,1.773887439E2
1.384770213E2,2.277677235E-2,7.114331820E-4,1.631519990E-3,9.997389913E-1,1.773897484E2,1.887669935E-1,-7.724467298E-2,1.773896170E2
1.384820213E2,2.279278469E-2,7.003470091E-4,1.631840249E-3,9.997386336E-1,1.773879131E2,1.887759603E-1,-7.597076277E-2,1.773877838E2
1.384870213E2,2.279231135E-2,7.003669743E-4,1.638429705E-3,9.997386336E-1,1.773879673E2,1.895308779E-1,-7.595592813E-2,1.773878375E2
1.384920213E2,2.278711176E-2,7.031148416E-4,1.636836329E-3,9.997387528E-1,1.773885633E2,1.893551187E-1,-7.627587498E-2,1.773884331E2
1.384970213E2,2.278990975E-2,7.024192018E-4,1.634584041E-3,9.997386932E-1,1.773882426E2,1.890954886E-1,-7.620153360E-2,1.773881127E2
1.385020213E2,2.278996413E-2,7.019718178E-4,1.634017914E-3,9.997386932E-1,1.773882364E2,1.890294675E-1,-7.615174879E-2,1.773881066E2
1.385070213E2,2.278982512E-2,7.025130908E-4,1.635723282E-3,9.997386932E-1,1.773882523E2,1.892262411E-1,-7.620933038E-2,1.773881223E2
1.385120213E2,2.279508388E-2,6.986772059E-4,1.636948786E-3,9.997385740E-1,1.773876495E2,1.893570169E-1,-7.576568841E-2,1.773875202E2
1.385170213E2,2.279217788E-2,6.998130702E-4,1.640521688E-3,9.997386336E-1,1.773879826E2,1.897690827E-1,-7.588703316E-2,1.773878528E2
1.385220213E2,2.278170531E-2,7.078825729E-4,1.637227833E-3,9.997388721E-1,1.773891830E2,1.894120063E-1,-7.682207618E-2,1.773890519E2
1.385270213E2,2.278181248E-2,7.078460185E-4,1.635751803E-3,9.997388721E-1,1.773891707E2,1.892428220E-1,-7.682172167E-2,1.773890397E2
1.385320213E2,2.278980951E-2,7.025856175E-4,1.635909546E-3,9.997386932E-1,1.773882541E2,1.892477682E-1,-7.621715566E-2,1.773881241E2
1.385370213E2,2.278747464E-2,7.038946496E-4,1.631440362E-3,9.997387528E-1,1.773885217E2,1.887390101E-1,-7.637923331E-2,1.773883918E2
1.385420213E2,2.278746492E-2,7.035240997E-4,1.631736057E-3,9.997387528E-1,1.773885228E2,1.887719170E-1,-7.633601215E-2,1.773883930E2
1.385470213E2,2.278745631E-2,7.044411614E-4,1.631460502E-3,9.997387528E-1,1.773885238E2,1.887427432E-1,-7.644179347E-2,1.773883938E2
1.385520213E2,2.277700613E-2,7.103530224E-4,1.628724509E-3,9.997389913E-1,1.773897216E2,1.884439358E-1,-7.712818065E-2,1.773895907E2
1.385570213E2,2.278521234E-2,7.062372169E-4,1.625489327E-3,9.997388124E-1,1.773887810E2,1.880631919E-1,-7.666356774E-2,1.773886511E2
1.385620213E2,2.279821432E-2,6.964512868E-4,1.630692510E-3,9.997385144E-1,1.773872907E2,1.886347066E-1,-7.552643578E-2,1.773871623E2
1.385670213E2,2.279525551E-2,6.983343628E-4,1.634703600E-3,9.997385740E-1,1.773876299E2,1.890989212E-1,-7.573224428E-2,1.773875008E2
1.385720213E2,2.277944435E-2,7.084764657E-4,1.632025698E-3,9.997389317E-1,1.773894422E2,1.888174157E-1,-7.690412191E-2,1.773893113E2
1.385770213E2,2.279570602E-2,6.979379104E-4,1.628579223E-3,9.997385740E-1,1.773875782E2,1.883962986E-1,-7.570273971E-2,1.773874497E2
1.385820213E2,2.280874784E-2,6.894826074E-4,1.632521627E-3,9.997382760E-1,1.773860833E2,1.888268331E-1,-7.472132415E-2,1.773859561E2
1.385870213E2,2.280043047E-2,6.955350982E-4,1.636630041E-3,9.997384548E-1,1.773870367E2,1.893126953E-1,-7.540554358E-2,1.773869080E2
1.385920213E2,2.279556642E-2,6.978693418E-4,1.630561310E-3,9.997385740E-1,1.773875942E2,1.886231808E-1,-7.568973285E-2,1.773874655E2
1.385970213E2,2.280340780E-2,6.926281494E-4,1.632787054E-3,9.997383952E-1,1.773866954E2,1.888650625E-1,-7.508199754E-2,1.773865676E2
1.386020213E2,2.279801635E-2,6.965450593E-4,1.633417909E-3,9.997385144E-1,1.773873134E2,1.889471639E-1,-7.553009552E-2,1.773871847E2
1.386070213E2,2.279805355E-2,6.963985506E-4,1.632961095E-3,9.997385144E-1,1.773873091E2,1.888944504E-1,-7.551449768E-2,1.773871805E2
1.386120213E2,2.280911487E-2,6.892447127E-4,1.627486316E-3,9.997382760E-1,1.773860413E2,1.882493834E-1,-7.470716285E-2,1.773859145E2
1.386170213E2,2.280377003E-2,6.931285025E-4,1.627507387E-3,9.997383952E-1,1.773866539E2,1.882615482E-1,-7.515304747E-2,1.773865264E2
1.386220213E2,2.279024606E-2,7.024893421E-4,1.629858045E-3,9.997386932E-1,1.773882040E2,1.885542778E-1,-7.622184827E-2,1.773880745E2
1.386270213E2,2.280092895E-2,6.938213482E-4,1.630401122E-3,9.997384548E-1,1.773869796E2,1.885946573E-1,-7.522539490E-2,1.773868517E2
1.386320213E2,2.281151666E-2,6.871609366E-4,1.631314401E-3,9.997382164E-1,1.773857660E2,1.886826680E-1,-7.445798272E-2,1.773856393E2
1.386370213E2,2.280342157E-2,6.934522535E-4,1.632244908E-3,9.997383952E-1,1.773866939E2,1.888051080E-1,-7.517782238E-2,1.773865659E2
1.386420213E2,2.279875759E-2,6.960621686E-4,1.623246237E-3,9.997385144E-1,1.773872284E2,1.877806710E-1,-7.550120997E-2,1.773871006E2
1.386470213E2,2.280945157E-2,6.889944198E-4,1.622866839E-3,9.997382760E-1,1.773860027E2,1.877195379E-1,-7.469050034E-2,1.773858763E2
1.386520213E2,2.281127109E-2,6.876245025E-4,1.634549699E-3,9.997382164E-1,1.773857941E2,1.890545037E-1,-7.450267849E-2,1.773856671E2
1.386570213E2,2.281682766E-2,6.842727307E-4,1.631309744E-3,9.997380972E-1,1.773851572E2,1.886749774E-1,-7.412611508E-2,1.773850311E2
1.386620213E2,2.281137292E-2,6.879269495E-4,1.633000677E-3,9.997382164E-1,1.773857825E2,1.888778430E-1,-7.454135738E-2,1.773856555E2
1.386670213E2,2.279824244E-2,6.969427341E-4,1.630089246E-3,9.997385144E-1,1.773872875E2,1.885668817E-1,-7.558430758E-2,1.773871590E2
1.386720213E2,2.280384766E-2,6.925783237E-4,1.626653597E-3,9.997383952E-1,1.773866450E2,1.881623043E-1,-7.509223465E-2,1.773865176E2
1.386770213E2,2.281143405E-2,6.872216472E-4,1.632443513E-3,9.997382164E-1,1.773857755E2,1.888121739E-1,-7.446200177E-2,1.773856487E2
1.386820213E2,2.278743830E-2,7.040273049E-4,1.631890773E-3,9.997387528E-1,1.773885259E2,1.887909537E-1,-7.639326118E-2,1.773883959E2
1.386870213E2,2.278510742E-2,7.059362251E-4,1.627090038E-3,9.997388124E-1,1.773887930E2,1.882457786E-1,-7.662492572E-2,1.773886631E2
1.386920213E2,2.280662870E-2,6.899323198E-4,1.625420991E-3,9.997383356E-1,1.773863262E2,1.880143872E-1,-7.479180225E-2,1.773861995E2
1.386970213E2,2.280078471E-2,6.937351427E-4,1.632453641E-3,9.997384548E-1,1.773869961E2,1.888295618E-1,-7.521018322E-2,1.773868680E2
1.387020213E2,2.279300142E-2,6.998797762E-4,1.629011007E-3,9.997386336E-1,1.773878882E2,1.884506326E-1,-7.592458490E-2,1.773877593E2
1.387070213E2,2.280102242E-2,6.945292116E-4,1.628791681E-3,9.997384548E-1,1.773869688E2,1.884121332E-1,-7.531067662E-2,1.773868409E2
1.387120213E2,2.280341294E-2,6.930803647E-4,1.632523374E-3,9.997383952E-1,1.773866948E2,1.888360370E-1,-7.513449215E-2,1.773865669E2
1.387170213E2,2.278486490E-2,7.052544970E-4,1.630777493E-3,9.997388124E-1,1.773888208E2,1.886664221E-1,-7.653724320E-2,1.773886907E2
1.387220213E2,2.279282988E-2,7.009328110E-4,1.630957238E-3,9.997386336E-1,1.773879079E2,1.886763345E-1,-7.604017109E-2,1.773877786E2
1.387270213E2,2.280340272E-2,6.919175503E-4,1.633159234E-3,9.997383952E-1,1.773866960E2,1.889058427E-1,-7.499961853E-2,1.773865683E2
1.387320213E2,2.279579940E-2,6.978110177E-4,1.627326012E-3,9.997385740E-1,1.773875675E2,1.882524038E-1,-7.569145889E-2,1.773874391E2
1.387370213E2,2.278818847E-2,7.032128051E-4,1.621734817E-3,9.997387528E-1,1.773884399E2,1.876253969E-1,-7.632633102E-2,1.773883108E2
1.387420213E2,2.280164171E-2,6.947584334E-4,1.620000810E-3,9.997384548E-1,1.773868979E2,1.874056793E-1,-7.535979053E-2,1.773867706E2
1.387470213E2,2.280151547E-2,6.936690188E-4,1.622242969E-3,9.997384548E-1,1.773869123E2,1.876596891E-1,-7.522915034E-2,1.773867851E2
1.387520213E2,2.279082496E-2,7.009519031E-4,1.622408163E-3,9.997386932E-1,1.773881377E2,1.876968326E-1,-7.606506491E-2,1.773880090E2
1.387570213E2,2.278850526E-2,7.030954002E-4,1.617328380E-3,9.997387528E-1,1.773884036E2,1.871203042E-1,-7.632432889E-2,1.773882749E2
1.387620213E2,2.278026443E-2,7.093904424E-4,1.620138646E-3,9.997389317E-1,1.773893482E2,1.874580600E-1,-7.703970560E-2,1.773892180E2
1.387670213E2,2.278279787E-2,7.075471804E-4,1.622099779E-3,9.997388721E-1,1.773890578E2,1.876781136E-1,-7.682294315E-2,1.773889279E2
1.387720213E2,2.278796375E-2,7.029239787E-4,1.625014469E-3,9.997387528E-1,1.773884656E2,1.880003490E-1,-7.628472013E-2,1.773883364E2
1.387770213E2,2.278807237E-2,7.032731082E-4,1.623339369E-3,9.997387528E-1,1.773884532E2,1.878093663E-1,-7.632907102E-2,1.773883240E2
1.387820213E2,2.277991963E-2,7.082384545E-4,1.625481877E-3,9.997389317E-1,1.773893877E2,1.880671573E-1,-7.689384797E-2,1.773892574E2
1.387870213E2,2.278744769E-2,7.037260220E-4,1.631889609E-3,9.997387528E-1,1.773885248E2,1.887900343E-1,-7.635874698E-2,1.773883949E2
1.387920213E2,2.278741182E-2,7.037818432E-4,1.632366329E-3,9.997387528E-1,1.773885289E2,1.888447914E-1,-7.636390382E-2,1.773883989E2
1.387970213E2,2.278226625E-2,7.066025282E-4,1.629959210E-3,9.997388721E-1,1.773891187E2,1.885759987E-1,-7.669430269E-2,1.773889884E2
1.388020213E2,2.278774717E-2,7.044234080E-4,1.627400634E-3,9.997387528E-1,1.773884905E2,1.882776124E-1,-7.645030672E-2,1.773883608E2
1.388070213E2,2.277961557E-2,7.093644817E-4,1.629247679E-3,9.997389317E-1,1.773894225E2,1.885014918E-1,-7.701307417E-2,1.773892917E2
1.388120213E2,2.277706737E-2,7.110165316E-4,1.627578284E-3,9.997389913E-1,1.773897146E2,1.883143587E-1,-7.720717371E-2,1.773895836E2
1.388170213E2,2.277971763E-2,7.097314810E-4,1.627660124E-3,9.997389317E-1,1.773894108E2,1.883205841E-1,-7.705924330E-2,1.773892801E2
1.388220213E2,2.278242019E-2,7.070455467E-4,1.627613790E-3,9.997388721E-1,1.773891011E2,1.883084713E-1,-7.675115004E-2,1.773889708E2
1.388270213E2,2.278267546E-2,7.063658559E-4,1.624332508E-3,9.997388721E-1,1.773890718E2,1.879308057E-1,-7.668180232E-2,1.773889419E2
1.388320213E2,2.278315404E-2,7.078878698E-4,1.616940484E-3,9.997388721E-1,1.773890169E2,1.870879713E-1,-7.687537659E-2,1.773888874E2
1.388370213E2,2.279112222E-2,7.008003886E-4,1.618292532E-3,9.997386932E-1,1.773881036E2,1.872249644E-1,-7.605840056E-2,1.773879753E2
1.388420213E2,2.279089490E-2,7.022290956E-4,1.620872645E-3,9.997386932E-1,1.773881297E2,1.875242619E-1,-7.621537950E-2,1.773880009E2
1.388470213E2,2.278305080E-2,7.075656322E-4,1.618535374E-3,9.997388721E-1,1.773890288E2,1.872698358E-1,-7.683431577E-2,1.773888991E2
1.388520213E2,2.278596078E-2,7.054385496E-4,1.615312882E-3,9.997388124E-1,1.773886952E2,1.868953294E-1,-7.659850315E-2,1.773885662E2
1.388570213E2,2.278849587E-2,7.038339390E-4,1.617139322E-3,9.997387528E-1,1.773884047E2,1.871005734E-1,-7.640943261E-2,1.773882758E2
1.388620213E2,2.278303991E-2,7.077662740E-4,1.618600916E-3,9.997388721E-1,1.773890300E2,1.872778675E-1,-7.685713255E-2,1.773889003E2
1.388670213E2,2.278331486E-2,7.065999671E-4,1.615236863E-3,9.997388721E-1,1.773889985E2,1.868894504E-1,-7.673225020E-2,1.773888693E2
1.388720213E2,2.278899411E-2,7.039156626E-4,1.610067091E-3,9.997387528E-1,1.773883475E2,1.862906159E-1,-7.643717130E-2,1.773882193E2
1.388770213E2,2.279158145E-2,7.021037745E-4,1.611244748E-3,9.997386932E-1,1.773880510E2,1.864209957E-1,-7.622604040E-2,1.773879229E2
1.388820213E2,2.278604762E-2,7.048833650E-4,1.614329987E-3,9.997388124E-1,1.773886853E2,1.867812838E-1,-7.653745058E-2,1.773885565E2
1.388870213E2,2.277797325E-2,7.111831219E-4,1.614777604E-3,9.997389913E-1,1.773896108E2,1.868483914E-1,-7.725950154E-2,1.773894807E2
1.388920213E2,2.277793054E-2,7.112823660E-4,1.615336281E-3,9.997389913E-1,1.773896157E2,1.869126503E-1,-7.726942078E-2,1.773894856E2
1.388970213E2,2.278356571E-2,7.064946694E-4,1.611740910E-3,9.997388721E-1,1.773889698E2,1.864886913E-1,-7.672926794E-2,1.773888408E2
1.389020213E2,2.278105474E-2,7.086184924E-4,1.609327970E-3,9.997389317E-1,1.773892576E2,1.862176123E-1,-7.697934441E-2,1.773891284E2
1.389070213E2,2.276536539E-2,7.193325437E-4,1.604419434E-3,9.997392893E-1,1.773910559E2,1.856820262E-1,-7.822249270E-2,1.773909251E2
1.389120213E2,2.276522389E-2,7.197760278E-4,1.606227248E-3,9.997392893E-1,1.773910721E2,1.858902791E-1,-7.826860900E-2,1.773909411E2
1.389170213E2,2.277023212E-2,7.165805437E-4,1.610857085E-3,9.997391701E-1,1.773904981E2,1.864127358E-1,-7.788951647E-2,1.773903673E2
1.389220213E2,2.275942150E-2,7.242721622E-4,1.612224733E-3,9.997394085E-1,1.773917372E2,1.865886372E-1,-7.876913041E-2,1.773916049E2
1.389270213E2,2.275448524E-2,7.268761983E-4,1.606798731E-3,9.997395277E-1,1.773923030E2,1.859734250E-1,-7.908252355E-2,1.773921706E2
1.389320213E2,2.275950755E-2,7.226707530E-4,1.611728570E-3,9.997394085E-1,1.773917273E2,1.865276254E-1,-7.858694820E-2,1.773915953E2
1.389370213E2,2.275915836E-2,7.243966102E-4,1.615879475E-3,9.997394085E-1,1.773917674E2,1.870076361E-1,-7.877390441E-2,1.773916347E2
1.389420213E2,2.275679465E-2,7.256913232E-4,1.611706335E-3,9.997394681E-1,1.773920383E2,1.865327429E-1,-7.893355416E-2,1.773919057E2
1.389470213E2,2.275721718E-2,7.249482442E-4,1.606064732E-3,9.997394681E-1,1.773919899E2,1.858845242E-1,-7.886305975E-2,1.773918579E2
1.389520213E2,2.275190139E-2,7.292034570E-4,1.605246565E-3,9.997395873E-1,1.773925992E2,1.858014697E-1,-7.935366604E-2,1.773924664E2
1.389570213E2,2.274116207E-2,7.359043229E-4,1.605880097E-3,9.997398257E-1,1.773938301E2,1.858906609E-1,-8.012167413E-2,1.773936961E2
1.389620213E2,2.274641964E-2,7.332025561E-4,1.606867299E-3,9.997397065E-1,1.773932275E2,1.859971348E-1,-7.980860400E-2,1.773930939E2
1.389670213E2,2.275159582E-2,7.282235310E-4,1.610015403E-3,9.997395873E-1,1.773926342E2,1.863452184E-1,-7.922902710E-2,1.773925013E2
1.389720213E2,2.274611922E-2,7.318814751E-4,1.611714833E-3,9.997397065E-1,1.773932619E2,1.865490107E-1,-7.964467866E-2,1.773931282E2
1.389770213E2,2.274871031E-2,7.301949663E-4,1.612881781E-3,9.997396469E-1,1.773929649E2,1.866785080E-1,-7.944794357E-2,1.773928314E2
1.389820213E2,2.274333834E-2,7.340010488E-4,1.613022061E-3,9.997397661E-1,1.773935807E2,1.867040729E-1,-7.988461266E-2,1.773934464E2
1.389870213E2,2.274035526E-2,7.367150392E-4,1.616895781E-3,9.997398257E-1,1.773939226E2,1.871546896E-1,-8.018599449E-2,1.773937875E2
1.389920213E2,2.275667999E-2,7.255636738E-4,1.613381901E-3,9.997394681E-1,1.773920514E2,1.867243572E-1,-7.891458218E-2,1.773919188E2
1.389970213E2,2.276989001E-2,7.158531807E-4,1.616007998E-3,9.997391701E-1,1.773905373E2,1.870009102E-1,-7.779281167E-2,1.773904063E2
1.390020213E2,2.275108098E-2,7.297368720E-4,1.616591937E-3,9.997395873E-1,1.773926932E2,1.871025454E-1,-7.938534761E-2,1.773925595E2
1.390070213E2,2.274858559E-2,7.306057378E-4,1.614454086E-3,9.997396469E-1,1.773929792E2,1.868596957E-1,-7.949092667E-2,1.773928455E2
1.390120213E2,2.275927809E-2,7.230346673E-4,1.614802633E-3,9.997394085E-1,1.773917536E2,1.868807277E-1,-7.862066403E-2,1.773916213E2
1.390170213E2,2.275402981E-2,7.276412798E-4,1.612890279E-3,9.997395277E-1,1.773923552E2,1.866732448E-1,-7.915437329E-2,1.773922222E2
1.390220213E2,2.274343857E-2,7.338564610E-4,1.611673972E-3,9.997397661E-1,1.773935692E2,1.865492640E-1,-7.987154328E-2,1.773934351E2
1.390270213E2,2.276166669E-2,7.225323934E-4,1.618258539E-3,9.997393489E-1,1.773914799E2,1.872755210E-1,-7.855366167E-2,1.773913474E2
1.390320213E2,2.275872930E-2,7.242719294E-4,1.621966949E-3,9.997394085E-1,1.773918165E2,1.877046708E-1,-7.874382430E-2,1.773916834E2
1.390370213E2,2.274001905E-2,7.366623613E-4,1.621641219E-3,9.997398257E-1,1.773939611E2,1.876981729E-1,-8.016765616E-2,1.773938257E2
1.390420213E2,2.275661642E-2,7.247962640E-4,1.614622888E-3,9.997394681E-1,1.773920587E2,1.868645208E-1,-7.882344192E-2,1.773919261E2
1.390470213E2,2.275901600E-2,7.230372867E-4,1.618491253E-3,9.997394085E-1,1.773917837E2,1.873032900E-1,-7.861139271E-2,1.773916511E2
1.390520213E2,2.275348394E-2,7.282574079E-4,1.620296040E-3,9.997395277E-1,1.773924178E2,1.875232279E-1,-7.920574946E-2,1.773922840E2
1.390570213E2,2.274599750E-2,7.324507460E-4,1.613173401E-3,9.997397065E-1,1.773932759E2,1.867175817E-1,-7.970611611E-2,1.773931419E2
1.390620213E2,2.276254452E-2,7.220476400E-4,1.606081729E-3,9.997393489E-1,1.773913792E2,1.858793245E-1,-7.852972663E-2,1.773912478E2
1.390670213E2,2.276251321E-2,7.212460041E-4,1.606885460E-3,9.997393489E-1,1.773913828E2,1.859693079E-1,-7.843579909E-2,1.773912515E2
1.390720213E2,2.274925055E-2,7.299726130E-4,1.605344936E-3,9.997396469E-1,1.773929030E2,1.858145343E-1,-7.944201813E-2,1.773927701E2
1.390770213E2,2.274634211E-2,7.323040045E-4,1.608373830E-3,9.997397065E-1,1.773932364E2,1.861673775E-1,-7.970175171E-2,1.773931028E2
1.390820213E2,2.275475769E-2,7.268886548E-4,1.602930133E-3,9.997395277E-1,1.773922718E2,1.855302843E-1,-7.909398780E-2,1.773921397E2
1.390870213E2,2.276545374E-2,7.189782918E-4,1.603324199E-3,9.997392893E-1,1.773910458E2,1.855556364E-1,-7.818474991E-2,1.773909151E2
1.390920213E2,2.276564802E-2,7.203200366E-4,1.599959913E-3,9.997392893E-1,1.773910235E2,1.851737327E-1,-7.834720349E-2,1.773908929E2
1.390970213E2,2.276273247E-2,7.209159667E-4,1.603924902E-3,9.997393489E-1,1.773913577E2,1.856292964E-1,-7.840567142E-2,1.773912266E2
1.391020213E2,2.276542533E-2,7.195447688E-4,1.603473560E-3,9.997392893E-1,1.773910490E2,1.855742233E-1,-7.824926210E-2,1.773909183E2
1.391070213E2,2.277060574E-2,7.157802465E-4,1.605923986E-3,9.997391701E-1,1.773904552E2,1.858455303E-1,-7.781063609E-2,1.773903250E2
1.391120213E2,2.277313694E-2,7.140671369E-4,1.607898972E-3,9.997391105E-1,1.773901651E2,1.860675146E-1,-7.760875458E-2,1.773900351E2
1.391170213E2,2.277617674E-2,7.114366163E-4,1.603061566E-3,9.997390509E-1,1.773898167E2,1.855067008E-1,-7.731945797E-2,1.773896875E2
1.391220213E2,2.277325116E-2,7.147020078E-4,1.605998026E-3,9.997391105E-1,1.773901520E2,1.858514042E-1,-7.768642622E-2,1.773900220E2
1.391270213E2,2.276763907E-2,7.177129737E-4,1.610012376E-3,9.997392297E-1,1.773907953E2,1.863187171E-1,-7.802193706E-2,1.773906644E2
1.391320213E2,2.277335586E-2,7.133989129E-4,1.605092431E-3,9.997391105E-1,1.773901400E2,1.857442644E-1,-7.753948537E-2,1.773900103E2
1.391370213E2,2.278425511E-2,7.069933927E-4,1.601745724E-3,9.997388721E-1,1.773888907E2,1.853449776E-1,-7.681237151E-2,1.773887625E2
1.391420213E2,2.278434179E-2,7.070723223E-4,1.600477379E-3,9.997388721E-1,1.773888808E2,1.851998862E-1,-7.682470943E-2,1.773887526E2
1.391470213E2,2.278685311E-2,7.047456456E-4,1.602980657E-3,9.997388124E-1,1.773885930E2,1.854807836E-1,-7.655115939E-2,1.773884650E2
1.391520213E2,2.278697857E-2,7.045819657E-4,1.601268188E-3,9.997388124E-1,1.773885786E2,1.852841818E-1,-7.653685649E-2,1.773884508E2
1.391570213E2,2.279833756E-2,6.971645053E-4,1.591655309E-3,9.997385740E-1,1.773872766E2,1.841643999E-1,-7.571010969E-2,1.773871510E2
1.391620213E2,2.280337782E-2,6.944026100E-4,1.595531823E-3,9.997384548E-1,1.773866989E2,1.846016646E-1,-7.538264386E-2,1.773865735E2
1.391670213E2,2.279276772E-2,7.000371115E-4,1.595284208E-3,9.997386932E-1,1.773879150E2,1.845872159E-1,-7.603074763E-2,1.773877886E2
1.391720213E2,2.279033892E-2,7.019125624E-4,1.591802924E-3,9.997387528E-1,1.773881934E2,1.841931069E-1,-7.625514295E-2,1.773880669E2
1.391770213E2,2.278749193E-2,7.051337161E-4,1.593701891E-3,9.997388124E-1,1.773885197E2,1.844188517E-1,-7.661972931E-2,1.773883925E2
1.391820213E2,2.278414297E-2,7.070681313E-4,1.603307086E-3,9.997388721E-1,1.773889036E2,1.855240370E-1,-7.681687776E-2,1.773887752E2
1.391870213E2,2.278410978E-2,7.066060207E-4,1.603982295E-3,9.997388721E-1,1.773889074E2,1.856001810E-1,-7.676218078E-2,1.773887791E2
1.391920213E2,2.279196818E-2,7.005147054E-4,1.606458798E-3,9.997386932E-1,1.773880067E2,1.858685862E-1,-7.605642231E-2,1.773878793E2
1.391970213E2,2.278661016E-2,7.041629287E-4,1.606686041E-3,9.997388124E-1,1.773886208E2,1.859037394E-1,-7.647477163E-2,1.773884927E2
1.392020213E2,2.278131168E-2,7.089814753E-4,1.605526428E-3,9.997389317E-1,1.773892281E2,1.857830673E-1,-7.703080510E-2,1.773890992E2
1.392070213E2,2.278718078E-2,7.038480835E-4,1.598711242E-3,9.997388124E-1,1.773885554E2,1.849893517E-1,-7.645942132E-2,1.773884280E2
1.392120213E2,2.280355983E-2,6.934662233E-4,1.593336230E-3,9.997384548E-1,1.773866780E2,1.843476996E-1,-7.528107385E-2,1.773865530E2
1.392170213E2,2.280313544E-2,6.936792633E-4,1.599306124E-3,9.997384548E-1,1.773867266E2,1.850321473E-1,-7.528995793E-2,1.773866011E2
1.392220213E2,2.279245638E-2,7.004230283E-4,1.599557349E-3,9.997386932E-1,1.773879507E2,1.850777399E-1,-7.606385513E-2,1.773878239E2
1.392270213E2,2.280105693E-2,6.947621587E-4,1.591190463E-3,9.997385144E-1,1.773869649E2,1.841050743E-1,-7.543560660E-2,1.773868398E2
1.392320213E2,2.280088000E-2,6.948980736E-4,1.593664405E-3,9.997385144E-1,1.773869852E2,1.843888358E-1,-7.544474561E-2,1.773868598E2
1.392370213E2,2.280293875E-2,6.945942296E-4,1.601711498E-3,9.997384548E-1,1.773867492E2,1.853100880E-1,-7.538852875E-2,1.773866233E2
1.392420213E2,2.280567242E-2,6.920035230E-4,1.601115684E-3,9.997383952E-1,1.773864359E2,1.852352652E-1,-7.509278363E-2,1.773863105E2
1.392470213E2,2.280305360E-2,6.936128484E-4,1.600501244E-3,9.997384548E-1,1.773867360E2,1.851688829E-1,-7.527924143E-2,1.773866104E2
1.392520213E2,2.279746362E-2,6.971601397E-4,1.604126068E-3,9.997385740E-1,1.773873768E2,1.855929973E-1,-7.567719036E-2,1.773872502E2
1.392570213E2,2.279413820E-2,6.990341935E-4,1.613393077E-3,9.997386336E-1,1.773877579E2,1.866592884E-1,-7.586829562E-2,1.773876303E2
1.392620213E2,2.279979899E-2,6.951030227E-4,1.608967432E-3,9.997385144E-1,1.773871091E2,1.861424350E-1,-7.542844064E-2,1.773869825E2
1.392670213E2,2.280549691E-2,6.924690679E-4,1.603412558E-3,9.997383952E-1,1.773864560E2,1.854996033E-1,-7.514014696E-2,1.773863304E2
1.392720213E2,2.280781566E-2,6.904363981E-4,1.608463586E-3,9.997383356E-1,1.773861902E2,1.860731199E-1,-7.489364885E-2,1.773860646E2
1.392770213E2,2.281036227E-2,6.882430753E-4,1.610337058E-3,9.997382760E-1,1.773858983E2,1.862822054E-1,-7.463700701E-2,1.773857730E2
1.392820213E2,2.280776508E-2,6.898576394E-4,1.609428902E-3,9.997383356E-1,1.773861960E2,1.861821918E-1,-7.482483167E-2,1.773860704E2
1.392870213E2,2.280770262E-2,6.900755106E-4,1.610220410E-3,9.997383356E-1,1.773862032E2,1.862734333E-1,-7.484773423E-2,1.773860775E2
1.392920213E2,2.282087160E-2,6.804804434E-4,1.612751978E-3,9.997380376E-1,1.773846937E2,1.865393451E-1,-7.373943389E-2,1.773845697E2
1.392970213E2,2.282084728E-2,6.806550082E-4,1.613022527E-3,9.997380376E-1,1.773846965E2,1.865707945E-1,-7.375872930E-2,1.773845724E2
1.393020213E2,2.280987896E-2,6.895512342E-4,1.616611262E-3,9.997382760E-1,1.773859537E2,1.870043742E-1,-7.477056142E-2,1.773858276E2
1.393070213E2,2.280453993E-2,6.921328604E-4,1.617110218E-3,9.997383952E-1,1.773865657E2,1.870678836E-1,-7.506601144E-2,1.773864391E2
1.393120213E2,2.281482916E-2,6.846506149E-4,1.622550772E-3,9.997381568E-1,1.773853863E2,1.876723723E-1,-7.419268373E-2,1.773852607E2
1.393170213E2,2.282002722E-2,6.813980290E-4,1.624271390E-3,9.997380376E-1,1.773847905E2,1.878613688E-1,-7.381458695E-2,1.773846654E2
1.393220213E2,2.281519870E-2,6.846304168E-4,1.617354807E-3,9.997381568E-1,1.773853439E2,1.870770871E-1,-7.420388560E-2,1.773852188E2
1.393270213E2,2.281476807E-2,6.853119703E-4,1.623130520E-3,9.997381568E-1,1.773853933E2,1.877405142E-1,-7.426694538E-2,1.773852676E2
1.393320213E2,2.281167043E-2,6.874764804E-4,1.629029517E-3,9.997382164E-1,1.773857484E2,1.884217436E-1,-7.450007594E-2,1.773856218E2
1.393370213E2,2.281422880E-2,6.860383437E-4,1.630387269E-3,9.997381568E-1,1.773854551E2,1.885737207E-1,-7.433128875E-2,1.773853287E2
1.393420213E2,2.282231157E-2,6.796843372E-4,1.629572012E-3,9.997379780E-1,1.773845287E2,1.884643046E-1,-7.360397137E-2,1.773844035E2
1.393470213E2,2.281978775E-2,6.817679969E-4,1.627477352E-3,9.997380376E-1,1.773848179E2,1.882295999E-1,-7.384863220E-2,1.773846926E2
1.393520213E2,2.279573866E-2,6.987100351E-4,1.627791091E-3,9.997385740E-1,1.773875745E2,1.883080284E-1,-7.579324829E-2,1.773874458E2
1.393570213E2,2.279371296E-2,6.996563170E-4,1.619120943E-3,9.997386336E-1,1.773878067E2,1.873170773E-1,-7.592468475E-2,1.773876785E2
1.393620213E2,2.281215263E-2,6.870888756E-4,1.622427255E-3,9.997382164E-1,1.773856931E2,1.876643981E-1,-7.447284013E-2,1.773855671E2
1.393670213E2,2.280683586E-2,6.907568313E-4,1.622160897E-3,9.997383356E-1,1.773863025E2,1.876430750E-1,-7.489474126E-2,1.773861758E2
1.393720213E2,2.279603371E-2,6.988993846E-4,1.623572316E-3,9.997385740E-1,1.773875407E2,1.878252341E-1,-7.582590589E-2,1.773874123E2
1.393770213E2,2.279620441E-2,6.976877339E-4,1.621695701E-3,9.997385740E-1,1.773875211E2,1.876070927E-1,-7.569196757E-2,1.773873931E2
1.393820213E2,2.281211127E-2,6.872811937E-4,1.622927259E-3,9.997382164E-1,1.773856978E2,1.877221793E-1,-7.449357305E-2,1.773855717E2
1.393870213E2,2.280686328E-2,6.900272565E-4,1.622085809E-3,9.997383356E-1,1.773862994E2,1.876325678E-1,-7.481135109E-2,1.773861728E2
1.393920213E2,2.279908796E-2,6.951703108E-4,1.618982758E-3,9.997385144E-1,1.773871906E2,1.872899330E-1,-7.541011448E-2,1.773870633E2
1.393970213E2,2.279877468E-2,6.953115808E-4,1.623327960E-3,9.997385144E-1,1.773872265E2,1.877880735E-1,-7.541500467E-2,1.773870988E2
1.394020213E2,2.278747770E-2,7.030153065E-4,1.631776802E-3,9.997387528E-1,1.773885214E2,1.887752571E-1,-7.627761514E-2,1.773883916E2
1.394070213E2,2.279516934E-2,6.992149865E-4,1.635528519E-3,9.997385740E-1,1.773876397E2,1.891957197E-1,-7.583099137E-2,1.773875104E2
1.394120213E2,2.280365963E-2,6.932035903E-4,1.629021484E-3,9.997383952E-1,1.773866666E2,1.884351942E-1,-7.515771375E-2,1.773865389E2
1.394170213E2,2.279891661E-2,6.955856225E-4,1.621215721E-3,9.997385144E-1,1.773872102E2,1.875468178E-1,-7.545189131E-2,1.773870827E2
1.394220213E2,2.279009247E-2,7.027643733E-4,1.631885883E-3,9.997386932E-1,1.773882217E2,1.887872977E-1,-7.624808919E-2,1.773880919E2
1.394270213E2,2.278739308E-2,7.040058263E-4,1.632531290E-3,9.997387528E-1,1.773885311E2,1.888642731E-1,-7.638913646E-2,1.773884010E2
1.394320213E2,2.280114017E-2,6.944813067E-4,1.627163030E-3,9.997384548E-1,1.773869554E2,1.882254355E-1,-7.530942195E-2,1.773868276E2
1.394370213E2,2.280409049E-2,6.917252904E-4,1.623609453E-3,9.997383952E-1,1.773866172E2,1.878113499E-1,-7.500241929E-2,1.773864902E2
1.394420213E2,2.280382434E-2,6.924374611E-4,1.627040445E-3,9.997383952E-1,1.773866477E2,1.882062525E-1,-7.507509066E-2,1.773865203E2
1.394470213E2,2.280128522E-2,6.937526050E-4,1.625440316E-3,9.997384548E-1,1.773869387E2,1.880261846E-1,-7.523041477E-2,1.773868112E2
1.394520213E2,2.279341223E-2,6.991406553E-4,1.623571268E-3,9.997386336E-1,1.773878411E2,1.878255456E-1,-7.585404151E-2,1.773877127E2
1.394570213E2,2.281162168E-2,6.876157131E-4,1.629653387E-3,9.997382164E-1,1.773857539E2,1.884935758E-1,-7.451440496E-2,1.773856273E2
1.394620213E2,2.281129768E-2,6.864364841E-4,1.634677988E-3,9.997382164E-1,1.773857911E2,1.890660969E-1,-7.436623681E-2,1.773856643E2
1.394670213E2,2.279286014E-2,6.996119628E-4,1.631101477E-3,9.997386336E-1,1.773879044E2,1.886894107E-1,-7.588847007E-2,1.773877753E2
1.394720213E2,2.278778225E-2,7.040944183E-4,1.627051621E-3,9.997387528E-1,1.773884865E2,1.882367722E-1,-7.641352192E-2,1.773883568E2
1.394770213E2,2.280102643E-2,6.943742628E-4,1.628801692E-3,9.997384548E-1,1.773869684E2,1.884128756E-1,-7.529289852E-2,1.773868405E2
1.394820213E2,2.280073531E-2,6.951733376E-4,1.632531756E-3,9.997384548E-1,1.773870018E2,1.888422652E-1,-7.537475040E-2,1.773868734E2
1.394870213E2,2.279838774E-2,6.970023387E-4,1.628030324E-3,9.997385144E-1,1.773872708E2,1.883311743E-1,-7.559648779E-2,1.773871425E2
1.394920213E2,2.278558111E-2,7.052090950E-4,1.620759605E-3,9.997388124E-1,1.773887388E2,1.875186888E-1,-7.655806511E-2,1.773886094E2
1.394970213E2,2.278553543E-2,7.050929707E-4,1.621452160E-3,9.997388124E-1,1.773887440E2,1.875977225E-1,-7.654296191E-2,1.773886146E2
1.395020213E2,2.279091222E-2,7.014544099E-4,1.620964496E-3,9.997386932E-1,1.773881277E2,1.875327624E-1,-7.612638707E-2,1.773879990E2
1.395070213E2,2.278854815E-2,7.026906242E-4,1.616899855E-3,9.997387528E-1,1.773883987E2,1.870701576E-1,-7.627906814E-2,1.773882701E2
1.395120213E2,2.278349929E-2,7.065121317E-4,1.612671767E-3,9.997388721E-1,1.773889774E2,1.865953727E-1,-7.672885044E-2,1.773888484E2
1.395170213E2,2.277195726E-2,7.146815187E-4,1.624250552E-3,9.997391105E-1,1.773903003E2,1.879422973E-1,-7.763668754E-2,1.773901689E2
1.395220213E2,2.277182718E-2,7.144985721E-4,1.626153593E-3,9.997391105E-1,1.773903152E2,1.881598261E-1,-7.761078715E-2,1.773901837E2
1.395270213E2,2.278559007E-2,7.059866912E-4,1.620294992E-3,9.997388124E-1,1.773887377E2,1.874674931E-1,-7.664835933E-2,1.773886083E2
1.395320213E2,2.279338995E-2,6.989532849E-4,1.623964636E-3,9.997386336E-1,1.773878437E2,1.878701194E-1,-7.583155273E-2,1.773877153E2
1.395370213E2,2.278215450E-2,7.074963651E-4,1.631133026E-3,9.997388721E-1,1.773891315E2,1.887127987E-1,-7.679365865E-2,1.773890009E2
1.395420213E2,2.276163159E-2,7.210291224E-4,1.619422226E-3,9.997393489E-1,1.773914839E2,1.874049112E-1,-7.837841551E-2,1.773913516E2
1.395470213E2,2.277501425E-2,7.131222519E-4,1.618751907E-3,9.997390509E-1,1.773899499E2,1.873085285E-1,-7.747183183E-2,1.773898192E2
1.395520213E2,2.278246601E-2,7.077183109E-4,1.626679790E-3,9.997388721E-1,1.773890958E2,1.882032304E-1,-7.683065290E-2,1.773889655E2
1.395570213E2,2.278515493E-2,7.050819113E-4,1.626795041E-3,9.997388124E-1,1.773887876E2,1.882097559E-1,-7.652781542E-2,1.773886578E2
1.395620213E2,2.276917561E-2,7.155631902E-4,1.626170473E-3,9.997391701E-1,1.773906192E2,1.881643322E-1,-7.773320663E-2,1.773904874E2
1.395670213E2,2.276631501E-2,7.191961631E-4,1.627973747E-3,9.997392297E-1,1.773909471E2,1.883801758E-1,-7.814524000E-2,1.773908145E2
1.395720213E2,2.277441892E-2,7.136542117E-4,1.626873040E-3,9.997390509E-1,1.773900182E2,1.882402446E-1,-7.751169032E-2,1.773898867E2
1.395770213E2,2.277694423E-2,7.114628097E-4,1.629105769E-3,9.997389913E-1,1.773897287E2,1.884905060E-1,-7.725433628E-2,1.773895975E2
1.395820213E2,2.278013792E-2,7.084909594E-4,1.622309675E-3,9.997389317E-1,1.773893627E2,1.877044195E-1,-7.693101546E-2,1.773892325E2
1.395870213E2,2.277494431E-2,7.128855796E-4,1.619839808E-3,9.997390509E-1,1.773899580E2,1.874325376E-1,-7.744189198E-2,1.773898272E2
1.395920213E2,2.276634655E-2,7.192452904E-4,1.627510879E-3,9.997392297E-1,1.773909434E2,1.883272794E-1,-7.815206977E-2,1.773908109E2
1.395970213E2,2.277468199E-2,7.122383104E-4,1.623807941E-3,9.997390509E-1,1.773899880E2,1.878854252E-1,-7.735743239E-2,1.773898571E2
1.396020213E2,2.278552529E-2,7.051976863E-4,1.621549018E-3,9.997388124E-1,1.773887451E2,1.876090914E-1,-7.655470729E-2,1.773886157E2
1.396070213E2,2.279065313E-2,7.018047618E-4,1.624451950E-3,9.997386932E-1,1.773881574E2,1.879331876E-1,-7.615746421E-2,1.773880284E2
1.396120213E2,2.278467641E-2,7.063766825E-4,1.632923959E-3,9.997388124E-1,1.773888424E2,1.889152416E-1,-7.666023365E-2,1.773887119E2
1.396170213E2,2.277419253E-2,7.122851093E-4,1.630637795E-3,9.997390509E-1,1.773900441E2,1.886679517E-1,-7.734506074E-2,1.773899126E2
1.396220213E2,2.278236468E-2,7.069595740E-4,1.628427883E-3,9.997388721E-1,1.773891074E2,1.884015066E-1,-7.673918588E-2,1.773889771E2
1.396270213E2,2.279320680E-2,6.999216275E-4,1.626116806E-3,9.997386336E-1,1.773878647E2,1.881191920E-1,-7.593690052E-2,1.773877359E2
1.396320213E2,2.279015944E-2,7.010415429E-4,1.631691703E-3,9.997386932E-1,1.773882140E2,1.887605571E-1,-7.605121339E-2,1.773880846E2
1.396370213E2,2.277688909E-2,7.115883054E-4,1.629821723E-3,9.997389913E-1,1.773897350E2,1.885728505E-1,-7.726685491E-2,1.773896038E2
1.396420213E2,2.277716245E-2,7.101019146E-4,1.626646612E-3,9.997389913E-1,1.773897037E2,1.882052442E-1,-7.710480759E-2,1.773895730E2
1.396470213E2,2.279034547E-2,7.024405058E-4,1.628488535E-3,9.997386932E-1,1.773881927E2,1.883972640E-1,-7.621981153E-2,1.773880632E2
1.396520213E2,2.279039521E-2,7.016691961E-4,1.628124854E-3,9.997386932E-1,1.773881870E2,1.883535891E-1,-7.613238947E-2,1.773880577E2
1.396570213E2,2.279059689E-2,7.019499317E-4,1.625178033E-3,9.997386932E-1,1.773881638E2,1.880167439E-1,-7.617220935E-2,1.773880348E2
1.396620213E2,2.279317554E-2,7.007275708E-4,1.626207842E-3,9.997386336E-1,1.773878683E2,1.881317243E-1,-7.602899881E-2,1.773877393E2
1.396670213E2,2.279019872E-2,7.018636679E-4,1.630789367E-3,9.997386932E-1,1.773882095E2,1.886593341E-1,-7.614774660E-2,1.773880800E2
1.396720213E2,2.278980981E-2,7.012634305E-4,1.636472647E-3,9.997386932E-1,1.773882541E2,1.893088248E-1,-7.606421304E-2,1.773881243E2
1.396770213E2,2.280318478E-2,6.922172033E-4,1.636072760E-3,9.997383952E-1,1.773867210E2,1.892403888E-1,-7.502637487E-2,1.773865930E2
1.396820213E2,2.280652207E-2,6.904082256E-4,1.626714598E-3,9.997383356E-1,1.773863385E2,1.881638214E-1,-7.484296192E-2,1.773862115E2
1.396870213E2,2.279278131E-2,6.997093442E-4,1.632160973E-3,9.997386336E-1,1.773879135E2,1.888110371E-1,-7.589687373E-2,1.773877843E2
1.396920213E2,2.278778558E-2,7.040451746E-4,1.627026359E-3,9.997387528E-1,1.773884861E2,1.882337498E-1,-7.640794583E-2,1.773883565E2
1.396970213E2,2.279300712E-2,6.995888543E-4,1.629056176E-3,9.997386336E-1,1.773878876E2,1.884550477E-1,-7.589113735E-2,1.773877587E2
1.397020213E2,2.279755614E-2,6.967608351E-4,1.639736816E-3,9.997385144E-1,1.773873662E2,1.896715995E-1,-7.553839372E-2,1.773872370E2
1.397070213E2,2.280530881E-2,6.907916395E-4,1.643474912E-3,9.997383356E-1,1.773864775E2,1.900848274E-1,-7.484331292E-2,1.773863492E2
1.397120213E2,2.279543469E-2,6.976888981E-4,1.632479019E-3,9.997385740E-1,1.773876093E2,1.888423961E-1,-7.566407615E-2,1.773874805E2
1.397170213E2,2.278994104E-2,7.017204771E-4,1.634447835E-3,9.997386932E-1,1.773882390E2,1.890780620E-1,-7.612183634E-2,1.773881093E2
1.397220213E2,2.279476306E-2,6.988588721E-4,1.641332987E-3,9.997385740E-1,1.773876863E2,1.898597301E-1,-7.577510864E-2,1.773875566E2
1.397270213E2,2.279399683E-2,6.985819782E-4,1.652056933E-3,9.997385740E-1,1.773877741E2,1.910875055E-1,-7.571552036E-2,1.773876437E2
1.397320213E2,2.278920655E-2,7.014878211E-4,1.644756412E-3,9.997386932E-1,1.773883232E2,1.902583698E-1,-7.606840007E-2,1.773881927E2
1.397370213E2,2.279556757E-2,6.983783096E-4,1.630327431E-3,9.997385740E-1,1.773875941E2,1.885977170E-1,-7.574865179E-2,1.773874653E2
1.397420213E2,2.278766870E-2,7.033793372E-4,1.628950238E-3,9.997387528E-1,1.773884995E2,1.884524055E-1,-7.632666435E-2,1.773883698E2
1.397470213E2,2.277509116E-2,7.116295747E-4,1.654738444E-3,9.997389913E-1,1.773899411E2,1.914273303E-1,-7.720689003E-2,1.773898079E2
1.397520213E2,2.278863887E-2,7.020212943E-4,1.652376726E-3,9.997386932E-1,1.773883883E2,1.911327186E-1,-7.610972307E-2,1.773882571E2
1.397570213E2,2.279923962E-2,6.956483121E-4,1.616639900E-3,9.997385144E-1,1.773871732E2,1.870227909E-1,-7.547096794E-2,1.773870460E2
1.397620213E2,2.278800721E-2,7.026380044E-4,1.624528668E-3,9.997387528E-1,1.773884607E2,1.879439511E-1,-7.625321892E-2,1.773883315E2
1.397670213E2,2.276480473E-2,7.193182828E-4,1.648904989E-3,9.997392297E-1,1.773911202E2,1.907783033E-1,-7.810490957E-2,1.773909859E2
1.397720213E2,2.277692328E-2,7.116061752E-4,1.629336039E-3,9.997389913E-1,1.773897311E2,1.885172588E-1,-7.727016337E-2,1.773895999E2
1.397770213E2,2.278616146E-2,7.052519359E-4,1.612561173E-3,9.997388124E-1,1.773886722E2,1.865796160E-1,-7.658427220E-2,1.773885435E2
1.397820213E2,2.278706202E-2,7.035390590E-4,1.637346460E-3,9.997387528E-1,1.773885690E2,1.894146645E-1,-7.632315133E-2,1.773884387E2
1.397870213E2,2.278407321E-2,7.062201039E-4,1.641386305E-3,9.997388124E-1,1.773889116E2,1.898842501E-1,-7.662031457E-2,1.773887805E2
1.397920213E2,2.278209252E-2,7.078277995E-4,1.631854801E-3,9.997388721E-1,1.773891386E2,1.887963474E-1,-7.682975565E-2,1.773890079E2
1.397970213E2,2.279781305E-2,6.966403453E-4,1.636212342E-3,9.997385144E-1,1.773873367E2,1.892675333E-1,-7.553374940E-2,1.773872078E2
1.398020213E2,2.280051590E-2,6.954881246E-4,1.635459485E-3,9.997384548E-1,1.773870269E2,1.891784777E-1,-7.540320455E-2,1.773868983E2
1.398070213E2,2.279810532E-2,6.959420280E-4,1.632432919E-3,9.997385144E-1,1.773873032E2,1.888327525E-1,-7.546356783E-2,1.773871747E2
1.398120213E2,2.280064601E-2,6.944410852E-4,1.634089858E-3,9.997384548E-1,1.773870120E2,1.890188444E-1,-7.528680808E-2,1.773868837E2
1.398170213E2,2.279301923E-2,7.002151688E-4,1.628617640E-3,9.997386336E-1,1.773878862E2,1.884064451E-1,-7.596403216E-2,1.773877572E2
1.398220213E2,2.278767581E-2,7.042556535E-4,1.628472004E-3,9.997387528E-1,1.773884987E2,1.883999072E-1,-7.642830414E-2,1.773883689E2
1.398270213E2,2.280309711E-2,6.925215712E-4,1.637165551E-3,9.997383952E-1,1.773867310E2,1.893663699E-1,-7.505840469E-2,1.773866029E2
1.398320213E2,2.282429632E-2,6.776337395E-4,1.639167313E-3,9.997379184E-1,1.773843012E2,1.895583428E-1,-7.334358005E-2,1.773841757E2
1.398370213E2,2.280855593E-2,6.886881310E-4,1.635535387E-3,9.997382760E-1,1.773861053E2,1.891700042E-1,-7.462246654E-2,1.773859780E2
1.398420213E2,2.279006037E-2,7.011489943E-4,1.633028616E-3,9.997386932E-1,1.773882253E2,1.889139898E-1,-7.606005030E-2,1.773880958E2
1.398470213E2,2.279256451E-2,6.992755807E-4,1.635371242E-3,9.997386336E-1,1.773879383E2,1.891776624E-1,-7.583883689E-2,1.773878090E2
1.398520213E2,2.280610208E-2,6.915841950E-4,1.632094383E-3,9.997383356E-1,1.773863866E2,1.887831824E-1,-7.496370176E-2,1.773862590E2
1.398570213E2,2.280330280E-2,6.922599277E-4,1.634408836E-3,9.997383952E-1,1.773867075E2,1.890498869E-1,-7.503559527E-2,1.773865796E2
1.398620213E2,2.279573599E-2,6.987224333E-4,1.627823105E-3,9.997385740E-1,1.773875748E2,1.883117282E-1,-7.579458552E-2,1.773874461E2
1.398670213E2,2.278800916E-2,7.033167058E-4,1.624207594E-3,9.997387528E-1,1.773884604E2,1.879089410E-1,-7.633181018E-2,1.773883312E2
1.398720213E2,2.279288497E-2,6.991549744E-4,1.630950486E-3,9.997386336E-1,1.773879016E2,1.886709210E-1,-7.583650643E-2,1.773877726E2
1.398770213E2,2.280881294E-2,6.896976847E-4,1.631520921E-3,9.997382760E-1,1.773860759E2,1.887127573E-1,-7.474856713E-2,1.773859487E2
1.398820213E2,2.280633268E-2,6.904770271E-4,1.629338483E-3,9.997383356E-1,1.773863602E2,1.884645845E-1,-7.484402193E-2,1.773862330E2
1.398870213E2,2.279565765E-2,6.978214951E-4,1.629306003E-3,9.997385740E-1,1.773875838E2,1.884792523E-1,-7.568751351E-2,1.773874552E2
1.398920213E2,2.279002251E-2,7.018774049E-4,1.633244101E-3,9.997386932E-1,1.773882297E2,1.889405758E-1,-7.614294261E-2,1.773881000E2
1.398970213E2,2.278197880E-2,7.069272688E-4,1.633831533E-3,9.997388721E-1,1.773891517E2,1.890204458E-1,-7.672145004E-2,1.773890210E2
1.399020213E2,2.279010516E-2,7.027042448E-4,1.631734543E-3,9.997386932E-1,1.773882202E2,1.887698038E-1,-7.624159363E-2,1.773880905E2
1.399070213E2,2.279274299E-2,6.996849552E-4,1.632706379E-3,9.997386336E-1,1.773879178E2,1.888734533E-1,-7.589266233E-2,1.773877886E2
1.399120213E2,2.277883321E-2,7.092828746E-4,1.640185015E-3,9.997389317E-1,1.773895122E2,1.897542221E-1,-7.697532184E-2,1.773893806E2
1.399170213E2,2.275477175E-2,7.252519135E-4,1.640213421E-3,9.997394681E-1,1.773922702E2,1.897972693E-1,-7.880925577E-2,1.773921354E2
1.399220213E2,2.276241826E-2,7.203790592E-4,1.645245124E-3,9.997392893E-1,1.773913937E2,1.903616023E-1,-7.823643618E-2,1.773912595E2
1.399270213E2,2.278387251E-2,7.066888502E-4,1.643968397E-3,9.997388124E-1,1.773889346E2,1.901812684E-1,-7.666731127E-2,1.773888032E2
1.399320213E2,2.277571770E-2,7.114223554E-4,1.646181918E-3,9.997389913E-1,1.773898693E2,1.904465844E-1,-7.720536356E-2,1.773897368E2
1.399370213E2,2.276255229E-2,7.197652594E-4,1.643658616E-3,9.997392893E-1,1.773913783E2,1.901782579E-1,-7.817023115E-2,1.773912444E2
1.399420213E2,2.276243928E-2,7.211603806E-4,1.644611824E-3,9.997392893E-1,1.773913913E2,1.902910902E-1,-7.832759369E-2,1.773912570E2
1.399470213E2,2.276537889E-2,7.196284714E-4,1.640822738E-3,9.997392297E-1,1.773910544E2,1.898532379E-1,-7.816142119E-2,1.773909207E2
1.399520213E2,2.276245266E-2,7.214554935E-4,1.644297270E-3,9.997392893E-1,1.773913898E2,1.902558251E-1,-7.836222030E-2,1.773912555E2
1.399570213E2,2.275993498E-2,7.229141775E-4,1.642266405E-3,9.997393489E-1,1.773916783E2,1.900267725E-1,-7.853510577E-2,1.773915439E2
1.399620213E2,2.277349498E-2,7.139988011E-4,1.639605849E-3,9.997390509E-1,1.773901241E2,1.896997694E-1,-7.751811112E-2,1.773899916E2
1.399670213E2,2.277048623E-2,7.144699339E-4,1.644836389E-3,9.997391105E-1,1.773904689E2,1.902999872E-1,-7.755900702E-2,1.773903359E2
1.399720213E2,2.276246794E-2,7.203659043E-4,1.644563396E-3,9.997392893E-1,1.773913880E2,1.902834717E-1,-7.823669797E-2,1.773912539E2
1.399770213E2,2.276829449E-2,7.167457370E-4,1.637944020E-3,9.997391701E-1,1.773907202E2,1.895161516E-1,-7.783812763E-2,1.773905873E2
1.399820213E2,2.277633300E-2,7.113672909E-4,1.637670561E-3,9.997389913E-1,1.773897988E2,1.894714096E-1,-7.722115367E-2,1.773896669E2
1.399870213E2,2.276815042E-2,7.168357843E-4,1.639905968E-3,9.997391701E-1,1.773907367E2,1.897411401E-1,-7.784335185E-2,1.773906036E2
1.399920213E2,2.276035988E-2,7.224217989E-4,1.636584639E-3,9.997393489E-1,1.773916296E2,1.893746064E-1,-7.849343692E-2,1.773914957E2
1.399970213E2,2.276342218E-2,7.207302842E-4,1.631141058E-3,9.997392893E-1,1.773912786E2,1.887468059E-1,-7.831327431E-2,1.773911455E2
1.400020213E2,2.276077158E-2,7.225990412E-4,1.630770392E-3,9.997393489E-1,1.773915825E2,1.887090088E-1,-7.852882960E-2,1.773914490E2
1.400070213E2,2.275813527E-2,7.240473642E-4,1.630380517E-3,9.997394085E-1,1.773918846E2,1.886679144E-1,-7.869626644E-2,1.773917509E2
1.400120213E2,2.275850417E-2,7.239223924E-4,1.625278499E-3,9.997394085E-1,1.773918423E2,1.880831196E-1,-7.869518625E-2,1.773917090E2
1.400170213E2,2.276369623E-2,7.209549076E-4,1.627212507E-3,9.997392893E-1,1.773912472E2,1.882973503E-1,-7.834920409E-2,1.773911143E2
1.400220213E2,2.275316806E-2,7.271761424E-4,1.625210047E-3,9.997395277E-1,1.773924540E2,1.880833424E-1,-7.906912395E-2,1.773923201E2
1.400270213E2,2.275597267E-2,7.261906867E-4,1.623047283E-3,9.997394681E-1,1.773921325E2,1.878332233E-1,-7.896134080E-2,1.773919990E2
1.400320213E2,2.276134960E-2,7.227451424E-4,1.622617594E-3,9.997393489E-1,1.773915162E2,1.877754336E-1,-7.856672382E-2,1.773913833E2
1.400370213E2,2.276125856E-2,7.216589293E-4,1.624377212E-3,9.997393489E-1,1.773915266E2,1.879741784E-1,-7.843771270E-2,1.773913938E2
1.400420213E2,2.275587272E-2,7.253644289E-4,1.624817261E-3,9.997394681E-1,1.773921440E2,1.880338330E-1,-7.886208635E-2,1.773920104E2
1.400470213E2,2.274768849E-2,7.317084819E-4,1.626549754E-3,9.997396469E-1,1.773930821E2,1.882482050E-1,-7.958589530E-2,1.773929472E2
1.400520213E2,2.275077919E-2,7.283170708E-4,1.621472067E-3,9.997395873E-1,1.773927278E2,1.876578975E-1,-7.921002575E-2,1.773925940E2
1.400570213E2,2.276380887E-2,7.201468688E-4,1.625994104E-3,9.997392893E-1,1.773912343E2,1.881556682E-1,-7.825979097E-2,1.773911017E2
1.400620213E2,2.276868848E-2,7.167464355E-4,1.632457715E-3,9.997391701E-1,1.773906750E2,1.888876616E-1,-7.785244803E-2,1.773905425E2
1.400670213E2,2.277118845E-2,7.152017206E-4,1.634766115E-3,9.997391105E-1,1.773903885E2,1.891482799E-1,-7.766898670E-2,1.773902561E2
1.400720213E2,2.276636248E-2,7.177040097E-4,1.627968391E-3,9.997392297E-1,1.773909416E2,1.883756726E-1,-7.797430136E-2,1.773908093E2
1.400770213E2,2.277959038E-2,7.099325303E-4,1.629352453E-3,9.997389317E-1,1.773894254E2,1.885149759E-1,-7.707788201E-2,1.773892945E2
1.400820213E2,2.279294138E-2,7.002496277E-4,1.629692037E-3,9.997386336E-1,1.773878951E2,1.885296143E-1,-7.596518816E-2,1.773877660E2
1.400870213E2,2.279053302E-2,7.018828765E-4,1.626102487E-3,9.997386932E-1,1.773881712E2,1.881224712E-1,-7.616212497E-2,1.773880420E2
1.400920213E2,2.279328091E-2,7.002680795E-4,1.624928438E-3,9.997386336E-1,1.773878562E2,1.879839609E-1,-7.597968077E-2,1.773877275E2
1.400970213E2,2.278516734E-2,7.061242359E-4,1.626169076E-3,9.997388124E-1,1.773887862E2,1.881407669E-1,-7.664885800E-2,1.773886562E2
1.401020213E2,2.278534527E-2,7.047107792E-4,1.624288037E-3,9.997388124E-1,1.773887658E2,1.879215938E-1,-7.649180822E-2,1.773886362E2
1.401070213E2,2.280701938E-2,6.906210911E-4,1.619636430E-3,9.997383356E-1,1.773862815E2,1.873535261E-1,-7.488575419E-2,1.773861550E2
1.401120213E2,2.281803173E-2,6.837871624E-4,1.614586101E-3,9.997380972E-1,1.773850192E2,1.867579038E-1,-7.411399074E-2,1.773848944E2
1.401170213E2,2.279945819E-2,6.951299729E-4,1.613777946E-3,9.997385144E-1,1.773871481E2,1.866935818E-1,-7.541902285E-2,1.773870212E2
1.401220213E2,2.278369143E-2,7.068575360E-4,1.609803410E-3,9.997388721E-1,1.773889553E2,1.862676845E-1,-7.677587381E-2,1.773888265E2
1.401270213E2,2.279464779E-2,7.000905462E-4,1.605717232E-3,9.997386336E-1,1.773876995E2,1.857827267E-1,-7.600926886E-2,1.773875723E2
1.401320213E2,2.281040939E-2,6.891752710E-4,1.609270577E-3,9.997382760E-1,1.773858929E2,1.861624678E-1,-7.474657986E-2,1.773857675E2
1.401370213E2,2.280462667E-2,6.918992149E-4,1.615986577E-3,9.997383952E-1,1.773865557E2,1.869385530E-1,-7.504216486E-2,1.773864293E2
1.401420213E2,2.279189134E-2,7.003720966E-4,1.607610728E-3,9.997386932E-1,1.773880155E2,1.860001752E-1,-7.603709038E-2,1.773878880E2
1.401470213E2,2.278138456E-2,7.083537639E-4,1.604769146E-3,9.997389317E-1,1.773892198E2,1.856946783E-1,-7.696085691E-2,1.773890910E2
1.401520213E2,2.279408285E-2,6.995492731E-4,1.613951754E-3,9.997386336E-1,1.773877643E2,1.867246330E-1,-7.592585498E-2,1.773876365E2
1.401570213E2,2.280454335E-2,6.915772101E-4,1.617299742E-3,9.997383952E-1,1.773865653E2,1.870881439E-1,-7.500185931E-2,1.773864388E2
1.401620213E2,2.280174116E-2,6.949254312E-4,1.618528739E-3,9.997384548E-1,1.773868865E2,1.872374798E-1,-7.538274998E-2,1.773867592E2
1.401670213E2,2.277830119E-2,7.097476046E-4,1.610778272E-3,9.997389913E-1,1.773895732E2,1.863864975E-1,-7.710542454E-2,1.773894437E2
1.401720213E2,2.277265531E-2,7.136522327E-4,1.614889363E-3,9.997391105E-1,1.773902203E2,1.868672279E-1,-7.754306934E-2,1.773900898E2
1.401770213E2,2.278014295E-2,7.087675622E-4,1.622118172E-3,9.997389317E-1,1.773893621E2,1.876832030E-1,-7.696320253E-2,1.773892319E2
1.401820213E2,2.279111062E-2,7.010261761E-4,1.618358190E-3,9.997386932E-1,1.773881050E2,1.872330753E-1,-7.608409784E-2,1.773879766E2
1.401870213E2,2.279392177E-2,7.004938670E-4,1.615815912E-3,9.997386336E-1,1.773877827E2,1.869406502E-1,-7.602922990E-2,1.773876546E2
1.401920213E2,2.277771268E-2,7.114728796E-4,1.618321636E-3,9.997389913E-1,1.773896406E2,1.872551392E-1,-7.728349450E-2,1.773895103E2
1.401970213E2,2.277528829E-2,7.117682253E-4,1.615488902E-3,9.997390509E-1,1.773899185E2,1.869311989E-1,-7.732517731E-2,1.773897883E2
1.402020213E2,2.278909544E-2,7.022581995E-4,1.609356608E-3,9.997387528E-1,1.773883359E2,1.862049003E-1,-7.624912615E-2,1.773882080E2
1.402070213E2,2.281014411E-2,6.893026875E-4,1.612972002E-3,9.997382760E-1,1.773859233E2,1.865868236E-1,-7.475155086E-2,1.773857976E2
1.402120213E2,2.279653111E-2,6.977893645E-4,1.617052825E-3,9.997385740E-1,1.773874836E2,1.870754858E-1,-7.571567837E-2,1.773873560E2
1.402170213E2,2.278364366E-2,7.077342016E-4,1.610094216E-3,9.997388721E-1,1.773889608E2,1.863032852E-1,-7.687555572E-2,1.773888318E2
1.402220213E2,2.279165399E-2,7.008549292E-4,1.610762207E-3,9.997386932E-1,1.773880427E2,1.863624581E-1,-7.608421741E-2,1.773879149E2
1.402270213E2,2.280151726E-2,6.949263625E-4,1.621679636E-3,9.997384548E-1,1.773869121E2,1.875984383E-1,-7.537466534E-2,1.773867847E2
1.402320213E2,2.280384204E-2,6.934762932E-4,1.626349753E-3,9.997383952E-1,1.773866457E2,1.881298417E-1,-7.519590258E-2,1.773865181E2
1.402370213E2,2.279377237E-2,7.002328057E-4,1.618035021E-3,9.997386336E-1,1.773877999E2,1.871941824E-1,-7.599355366E-2,1.773876717E2
1.402420213E2,2.278315599E-2,7.064703968E-4,1.617532806E-3,9.997388721E-1,1.773890167E2,1.871521278E-1,-7.671144166E-2,1.773888874E2
1.402470213E2,2.278750560E-2,7.030486595E-4,1.631372725E-3,9.997387528E-1,1.773885182E2,1.887290544E-1,-7.628248605E-2,1.773883884E2
1.402520213E2,2.280060146E-2,6.951269461E-4,1.634419896E-3,9.997384548E-1,1.773870171E2,1.890584430E-1,-7.536452749E-2,1.773868886E2
1.402570213E2,2.280611878E-2,6.913407706E-4,1.631964114E-3,9.997383356E-1,1.773863847E2,1.887676236E-1,-7.493615197E-2,1.773862571E2
1.402620213E2,2.280327200E-2,6.930950331E-4,1.634484623E-3,9.997383952E-1,1.773867110E2,1.890607493E-1,-7.513107407E-2,1.773865829E2
1.402670213E2,2.279495636E-2,6.983731291E-4,1.638853224E-3,9.997385740E-1,1.773876641E2,1.895743891E-1,-7.572590217E-2,1.773875347E2
1.402720213E2,2.278474562E-2,7.049522828E-4,1.632573782E-3,9.997388124E-1,1.773888345E2,1.888714103E-1,-7.649795330E-2,1.773887043E2
1.402770213E2,2.280061727E-2,6.950938841E-4,1.634213375E-3,9.997384548E-1,1.773870153E2,1.890346984E-1,-7.536127649E-2,1.773868868E2
1.402820213E2,2.281312314E-2,6.863257731E-4,1.645666081E-3,9.997381568E-1,1.773855818E2,1.903247607E-1,-7.432448194E-2,1.773854542E2
1.402870213E2,2.279174451E-2,7.012534188E-4,1.645918586E-3,9.997386336E-1,1.773880323E2,1.903910917E-1,-7.603802811E-2,1.773879018E2
1.402920213E2,2.277923239E-2,7.084487588E-4,1.634993474E-3,9.997389317E-1,1.773894664E2,1.891573216E-1,-7.689324059E-2,1.773893354E2
1.402970213E2,2.280303922E-2,6.933310069E-4,1.637629117E-3,9.997383952E-1,1.773867377E2,1.894215880E-1,-7.514993455E-2,1.773866093E2
1.403020213E2,2.281058923E-2,6.880059373E-4,1.643878291E-3,9.997382164E-1,1.773858723E2,1.901241520E-1,-7.452211997E-2,1.773857445E2
1.403070213E2,2.279407696E-2,6.989706308E-4,1.650786493E-3,9.997385740E-1,1.773877649E2,1.909429827E-1,-7.576334829E-2,1.773876345E2
1.403120213E2,2.279936826E-2,6.949501694E-4,1.651607687E-3,9.997384548E-1,1.773871584E2,1.910269558E-1,-7.529960150E-2,1.773870287E2
1.403170213E2,2.280481313E-2,6.917745341E-4,1.649926999E-3,9.997383356E-1,1.773865344E2,1.908265230E-1,-7.493914746E-2,1.773864054E2
1.403220213E2,2.279693071E-2,6.967945956E-4,1.648394973E-3,9.997385144E-1,1.773874378E2,1.906635363E-1,-7.551976086E-2,1.773873080E2
1.403270213E2,2.280195957E-2,6.925362977E-4,1.652927138E-3,9.997383952E-1,1.773868614E2,1.911720018E-1,-7.501912152E-2,1.773867321E2
1.403320213E2,2.280763046E-2,6.888204953E-4,1.648335601E-3,9.997382760E-1,1.773862114E2,1.906366989E-1,-7.460434968E-2,1.773860831E2
1.403370213E2,2.279725178E-2,6.970282411E-4,1.643849537E-3,9.997385144E-1,1.773874010E2,1.901434367E-1,-7.555834143E-2,1.773872715E2
1.403420213E2,2.278934783E-2,7.016660529E-4,1.642721589E-3,9.997386932E-1,1.773883070E2,1.900257326E-1,-7.609410587E-2,1.773881766E2
1.403470213E2,2.279953334E-2,6.945593050E-4,1.649491838E-3,9.997384548E-1,1.773871395E2,1.907835511E-1,-7.526032011E-2,1.773870100E2
1.403520213E2,2.280217028E-2,6.934449775E-4,1.649636077E-3,9.997383952E-1,1.773868373E2,1.907973617E-1,-7.513178083E-2,1.773867080E2
1.403570213E2,2.280200254E-2,6.926611532E-4,1.652281848E-3,9.997383952E-1,1.773868565E2,1.910984056E-1,-7.503510311E-2,1.773867272E2
1.403620213E2,2.279391995E-2,6.981439074E-4,1.653302344E-3,9.997385740E-1,1.773877829E2,1.912290321E-1,-7.566209576E-2,1.773876525E2
1.403670213E2,2.277532807E-2,7.111351006E-4,1.651687431E-3,9.997389913E-1,1.773899140E2,1.910765275E-1,-7.715816001E-2,1.773897811E2
1.403720213E2,2.278583530E-2,7.036241586E-4,1.654293970E-3,9.997387528E-1,1.773887096E2,1.913563343E-1,-7.628887957E-2,1.773885780E2
1.403770213E2,2.280164007E-2,6.937796134E-4,1.656808658E-3,9.997383952E-1,1.773868981E2,1.916199016E-1,-7.515147642E-2,1.773867682E2
1.403820213E2,2.278291167E-2,7.057939074E-4,1.657612389E-3,9.997388124E-1,1.773890447E2,1.917419416E-1,-7.652934528E-2,1.773889124E2
1.403870213E2,2.277484726E-2,7.124563563E-4,1.657736837E-3,9.997389913E-1,1.773899691E2,1.917729716E-1,-7.729382860E-2,1.773898355E2
1.403920213E2,2.279112561E-2,7.003860665E-4,1.654833904E-3,9.997386336E-1,1.773881032E2,1.914101359E-1,-7.591549558E-2,1.773879722E2
1.403970213E2,2.279335273E-2,6.990335532E-4,1.660729875E-3,9.997385740E-1,1.773878480E2,1.920822261E-1,-7.574472240E-2,1.773877167E2
1.404020213E2,2.278246553E-2,7.063081139E-4,1.663514646E-3,9.997388124E-1,1.773890959E2,1.924194247E-1,-7.657292950E-2,1.773889630E2
1.404070213E2,2.278258278E-2,7.064873935E-4,1.661831979E-3,9.997388124E-1,1.773890824E2,1.922271320E-1,-7.659783866E-2,1.773889497E2
1.404120213E2,2.279340950E-2,6.988525856E-4,1.660026726E-3,9.997385740E-1,1.773878414E2,1.920012035E-1,-7.572581621E-2,1.773877103E2
1.404170213E2,2.279055421E-2,7.011897978E-4,1.662345952E-3,9.997386336E-1,1.773881687E2,1.922727873E-1,-7.598806225E-2,1.773880370E2
1.404220213E2,2.278246947E-2,7.058884366E-4,1.663638861E-3,9.997388124E-1,1.773890954E2,1.924325595E-1,-7.652452551E-2,1.773889626E2
1.404270213E2,2.278247624E-2,7.056870963E-4,1.663631527E-3,9.997388124E-1,1.773890946E2,1.924311941E-1,-7.650147747E-2,1.773889619E2
1.404320213E2,2.279034962E-2,7.019023178E-4,1.664848183E-3,9.997386336E-1,1.773881922E2,1.925612935E-1,-7.606319394E-2,1.773880601E2
1.404370213E2,2.279811671E-2,6.964118220E-4,1.668185112E-3,9.997384548E-1,1.773873019E2,1.929298237E-1,-7.542397966E-2,1.773871706E2
1.404420213E2,2.279009232E-2,7.015258889E-4,1.668525045E-3,9.997386336E-1,1.773882217E2,1.929815194E-1,-7.601051637E-2,1.773880894E2
1.404470213E2,2.279812974E-2,6.952836411E-4,1.668477664E-3,9.997384548E-1,1.773873004E2,1.929603922E-1,-7.529396658E-2,1.773871694E2
1.404520213E2,2.281420658E-2,6.849889760E-4,1.667271252E-3,9.997380972E-1,1.773854577E2,1.927964766E-1,-7.411464448E-2,1.773853287E2
1.404570213E2,2.279543248E-2,6.974332500E-4,1.668719109E-3,9.997385144E-1,1.773876096E2,1.929934655E-1,-7.554011918E-2,1.773874781E2
1.404620213E2,2.279244084E-2,7.001136546E-4,1.672746846E-3,9.997385740E-1,1.773879525E2,1.934616670E-1,-7.583724798E-2,1.773878201E2
1.404670213E2,2.280308075E-2,6.918243016E-4,1.673678635E-3,9.997383356E-1,1.773867329E2,1.935475580E-1,-7.488311240E-2,1.773866022E2
1.404720213E2,2.281083731E-2,6.868086639E-4,1.676854794E-3,9.997381568E-1,1.773858438E2,1.938988935E-1,-7.429870860E-2,1.773857138E2
1.404770213E2,2.279983350E-2,6.949977833E-4,1.680983463E-3,9.997383952E-1,1.773871051E2,1.943924630E-1,-7.522821420E-2,1.773869732E2
1.404820213E2,2.279478559E-2,6.971476250E-4,1.677651191E-3,9.997385144E-1,1.773876837E2,1.940159478E-1,-7.548418977E-2,1.773875516E2
1.404870213E2,2.281600347E-2,6.828822661E-4,1.679244102E-3,9.997380376E-1,1.773852517E2,1.941627341E-1,-7.384164507E-2,1.773851223E2
1.404920213E2,2.281787890E-2,6.814501248E-4,1.689795754E-3,9.997379780E-1,1.773850367E2,1.953679453E-1,-7.364962127E-2,1.773849068E2
1.404970213E2,2.280254005E-2,6.917695282E-4,1.681051799E-3,9.997383356E-1,1.773867949E2,1.943920587E-1,-7.485767524E-2,1.773866636E2
1.405020213E2,2.280011793E-2,6.934782141E-4,1.677750028E-3,9.997383952E-1,1.773870725E2,1.940180848E-1,-7.506252302E-2,1.773869411E2
1.405070213E2,2.281730590E-2,6.823758595E-4,1.697143540E-3,9.997379780E-1,1.773851024E2,1.962121006E-1,-7.373657384E-2,1.773849718E2
1.405120213E2,2.281754402E-2,6.807742757E-4,1.729390235E-3,9.997379184E-1,1.773850751E2,1.999021745E-1,-7.346872739E-2,1.773849424E2
1.405170213E2,2.280784760E-2,6.872109952E-4,1.716879779E-3,9.997381568E-1,1.773861865E2,1.984850647E-1,-7.424076597E-2,1.773860535E2
1.405220213E2,2.281548354E-2,6.822849391E-4,1.721504959E-3,9.997379780E-1,1.773853113E2,1.990026206E-1,-7.366282021E-2,1.773851789E2
1.405270213E2,2.282438622E-2,6.759358803E-4,1.709801145E-3,9.997377992E-1,1.773842909E2,1.976458565E-1,-7.296430275E-2,1.773841606E2
1.405320213E2,2.283208395E-2,6.707982393E-4,1.713599078E-3,9.997376204E-1,1.773834085E2,1.980680729E-1,-7.236426762E-2,1.773832790E2
1.405370213E2,2.281883894E-2,6.796939997E-4,1.712648431E-3,9.997379184E-1,1.773849267E2,1.979814707E-1,-7.338848989E-2,1.773847955E2
1.405420213E2,2.282831775E-2,6.735314964E-4,1.693031983E-3,9.997377396E-1,1.773838402E2,1.957187453E-1,-7.273194481E-2,1.773837116E2
1.405470213E2,2.281745454E-2,6.818422698E-4,1.695358544E-3,9.997379780E-1,1.773850854E2,1.960062236E-1,-7.368008324E-2,1.773849550E2
1.405520213E2,2.280865602E-2,6.871485966E-4,1.706131385E-3,9.997381568E-1,1.773860939E2,1.972536043E-1,-7.426155131E-2,1.773859616E2
1.405570213E2,2.282897613E-2,6.737820222E-4,1.684030867E-3,9.997377396E-1,1.773837648E2,1.946882635E-1,-7.278406472E-2,1.773836368E2
1.405620213E2,2.283735337E-2,6.684377440E-4,1.678722561E-3,9.997375607E-1,1.773828045E2,1.940667559E-1,-7.218407705E-2,1.773826780E2
1.405670213E2,2.282230612E-2,6.781184347E-4,1.701833215E-3,9.997378588E-1,1.773845293E2,1.967385919E-1,-7.323558998E-2,1.773843992E2
1.405720213E2,2.280865110E-2,6.879025605E-4,1.705893432E-3,9.997381568E-1,1.773860944E2,1.972283145E-1,-7.434854955E-2,1.773859621E2
1.405770213E2,2.282664300E-2,6.762612029E-4,1.679272274E-3,9.997377992E-1,1.773840322E2,1.941494259E-1,-7.308098574E-2,1.773839041E2
1.405820213E2,2.283722887E-2,6.685288390E-4,1.680379151E-3,9.997375607E-1,1.773828188E2,1.942567675E-1,-7.219020176E-2,1.773826922E2
1.405870213E2,2.281490058E-2,6.842479343E-4,1.693611383E-3,9.997380376E-1,1.773853781E2,1.958121674E-1,-7.396074869E-2,1.773852474E2
1.405920213E2,2.281277197E-2,6.849970086E-4,1.686783740E-3,9.997380972E-1,1.773856221E2,1.950317803E-1,-7.406483017E-2,1.773854917E2
1.405970213E2,2.283494946E-2,6.701048696E-4,1.675258856E-3,9.997376204E-1,1.773830801E2,1.936741367E-1,-7.238459606E-2,1.773829535E2
1.406020213E2,2.283201035E-2,6.717200158E-4,1.679097069E-3,9.997376800E-1,1.773834170E2,1.941178633E-1,-7.256015644E-2,1.773832898E2
1.406070213E2,2.282810036E-2,6.747029838E-4,1.695494982E-3,9.997377396E-1,1.773838651E2,1.960039604E-1,-7.285975147E-2,1.773837362E2
1.406120213E2,2.282632151E-2,6.756054936E-4,1.683899900E-3,9.997377992E-1,1.773840690E2,1.946778367E-1,-7.299382398E-2,1.773839407E2
1.406170213E2,2.283230150E-2,6.717774668E-4,1.675110427E-3,9.997376800E-1,1.773833836E2,1.936613174E-1,-7.257711271E-2,1.773832567E2
1.406220213E2,2.283928151E-2,6.661132211E-4,1.688880962E-3,9.997375011E-1,1.773825835E2,1.952245762E-1,-7.189081410E-2,1.773824567E2
1.406270213E2,2.282521971E-2,6.755895447E-4,1.698775799E-3,9.997377992E-1,1.773841953E2,1.963819263E-1,-7.295330036E-2,1.773840659E2
1.406320213E2,2.283387835E-2,6.712311879E-4,1.689348370E-3,9.997376204E-1,1.773832029E2,1.952911282E-1,-7.247696826E-2,1.773830750E2
1.406370213E2,2.283163397E-2,6.715630298E-4,1.684269868E-3,9.997376800E-1,1.773834601E2,1.947100309E-1,-7.252871061E-2,1.773833326E2
1.406420213E2,2.281529815E-2,6.831684732E-4,1.688684220E-3,9.997380376E-1,1.773853325E2,1.952449089E-1,-7.384988849E-2,1.773852024E2
1.406470213E2,2.281244798E-2,6.843841984E-4,1.691407873E-3,9.997380972E-1,1.773856592E2,1.955599039E-1,-7.398260022E-2,1.773855286E2
1.406520213E2,2.283449539E-2,6.702753017E-4,1.681368682E-3,9.997376204E-1,1.773831321E2,1.943745031E-1,-7.238822096E-2,1.773830051E2
1.406570213E2,2.283705841E-2,6.684779073E-4,1.682714443E-3,9.997375607E-1,1.773828384E2,1.945241573E-1,-7.217828846E-2,1.773827115E2
1.406620213E2,2.281265955E-2,6.852966035E-4,1.688181888E-3,9.997380972E-1,1.773856350E2,1.951927299E-1,-7.409551902E-2,1.773855044E2
1.406670213E2,2.280499057E-2,6.900402950E-4,1.683965675E-3,9.997382760E-1,1.773865140E2,1.947215420E-1,-7.465147990E-2,1.773863828E2
1.406720213E2,2.282905632E-2,6.744901184E-4,1.682659844E-3,9.997377396E-1,1.773837556E2,1.945330549E-1,-7.286875650E-2,1.773836276E2
1.406770213E2,2.283422022E-2,6.699542282E-4,1.685229247E-3,9.997376204E-1,1.773831637E2,1.948159166E-1,-7.234138970E-2,1.773830364E2
1.406820213E2,2.282328291E-2,6.782795535E-4,1.688618213E-3,9.997378588E-1,1.773844173E2,1.952251486E-1,-7.328841947E-2,1.773842881E2
1.406870213E2,2.281023491E-2,6.865262403E-4,1.685144613E-3,9.997381568E-1,1.773859129E2,1.948478084E-1,-7.424480100E-2,1.773857823E2
1.406920213E2,2.282363115E-2,6.781993434E-4,1.683937153E-3,9.997378588E-1,1.773843774E2,1.946886930E-1,-7.329140592E-2,1.773842486E2
1.406970213E2,2.283128739E-2,6.718240911E-4,1.688857563E-3,9.997376800E-1,1.773834998E2,1.952362640E-1,-7.254668244E-2,1.773833719E2
1.407020213E2,2.283392091E-2,6.709288573E-4,1.688893070E-3,9.997376204E-1,1.773831980E2,1.952381801E-1,-7.244351588E-2,1.773830702E2
1.407070213E2,2.283172013E-2,6.721801474E-4,1.682855072E-3,9.997376800E-1,1.773834502E2,1.945495703E-1,-7.260309352E-2,1.773833227E2
1.407120213E2,2.281935617E-2,6.804821896E-4,1.705428818E-3,9.997379184E-1,1.773848674E2,1.971564770E-1,-7.349756332E-2,1.773847365E2
1.407170213E2,2.280578435E-2,6.879004068E-4,1.743800589E-3,9.997381568E-1,1.773864230E2,2.015708152E-1,-7.424979845E-2,1.773862878E2
1.407220213E2,2.280266816E-2,6.930711679E-4,1.678776345E-3,9.997383356E-1,1.773867802E2,1.941347895E-1,-7.501271433E-2,1.773866488E2
1.407270213E2,2.280441845E-2,6.930694217E-4,1.618421637E-3,9.997383952E-1,1.773865796E2,1.872205610E-1,-7.516990099E-2,1.773864527E2
1.407320213E2,2.281276088E-2,6.841219147E-4,1.722243149E-3,9.997380376E-1,1.773856234E2,1.990917913E-1,-7.387187915E-2,1.773854905E2
1.407370213E2,2.281530598E-2,6.823095027E-4,1.758074621E-3,9.997379184E-1,1.773853316E2,2.031921643E-1,-7.357005531E-2,1.773851965E2
1.407420213E2,2.281554018E-2,6.834338419E-4,1.649566460E-3,9.997380972E-1,1.773853048E2,1.907642135E-1,-7.398251963E-2,1.773851775E2
1.407470213E2,2.287075219E-2,6.467008498E-4,1.658383291E-3,9.997368455E-1,1.773789763E2,1.916820878E-1,-6.974069148E-2,1.773788555E2
1.407520213E2,2.286968628E-2,6.442962913E-4,1.743688830E-3,9.997367263E-1,1.773790985E2,2.014484683E-1,-6.924185736E-2,1.773789722E2
1.407570213E2,2.280872372E-2,6.871494697E-4,1.705225790E-3,9.997381568E-1,1.773860861E2,1.971498648E-1,-7.426400504E-2,1.773859539E2
1.407620213E2,2.282985702E-2,6.752468180E-4,1.635416062E-3,9.997377992E-1,1.773836638E2,1.891227549E-1,-7.307889042E-2,1.773835391E2
1.407670213E2,2.285669473E-2,6.559333997E-4,1.668871148E-3,9.997371435E-1,1.773805876E2,1.929068004E-1,-7.077361035E-2,1.773804643E2
1.407720213E2,2.281292970E-2,6.848267512E-4,1.719724969E-3,9.997380376E-1,1.773856040E2,1.988051590E-1,-7.395917602E-2,1.773854712E2
1.407770213E2,2.282022872E-2,6.804274744E-4,1.693735248E-3,9.997379184E-1,1.773847674E2,1.958167599E-1,-7.352170331E-2,1.773846374E2
1.407820213E2,2.287914575E-2,6.394775701E-4,1.653195359E-3,9.997366667E-1,1.773780142E2,1.910693943E-1,-6.892517514E-2,1.773778952E2
1.407870213E2,2.284559831E-2,6.625842652E-4,1.675345120E-3,9.997373819E-1,1.773818595E2,1.936650991E-1,-7.152073551E-2,1.773817344E2
1.407920213E2,2.280734080E-2,6.883654278E-4,1.723138383E-3,9.997381568E-1,1.773862446E2,1.992050428E-1,-7.435676232E-2,1.773861109E2
1.407970213E2,2.286343760E-2,6.507652579E-4,1.685566036E-3,9.997369647E-1,1.773798147E2,1.948063325E-1,-7.013649739E-2,1.773796912E2
1.408020213E2,2.285649469E-2,6.558228051E-4,1.635616878E-3,9.997372031E-1,1.773806105E2,1.890968262E-1,-7.084808157E-2,1.773804896E2
1.408070213E2,2.279907788E-2,6.940792082E-4,1.691578189E-3,9.997383952E-1,1.773871917E2,1.956037590E-1,-7.509544663E-2,1.773870592E2
1.408120213E2,2.282854282E-2,6.737407530E-4,1.724812319E-3,9.997376800E-1,1.773838144E2,1.993601257E-1,-7.267273321E-2,1.773836835E2
1.408170213E2,2.284860578E-2,6.602504873E-4,1.670814934E-3,9.997373223E-1,1.773815148E2,1.931402164E-1,-7.126465360E-2,1.773813904E2
1.408220213E2,2.282491720E-2,6.767138257E-4,1.667018514E-3,9.997378588E-1,1.773842300E2,1.927466693E-1,-7.316522591E-2,1.773841027E2
1.408270213E2,2.283978772E-2,6.657076301E-4,1.717240200E-3,9.997374415E-1,1.773825255E2,1.984724391E-1,-7.177002326E-2,1.773823968E2
1.408320213E2,2.284325248E-2,6.628380506E-4,1.706933952E-3,9.997373819E-1,1.773821284E2,1.972844719E-1,-7.146757154E-2,1.773820009E2
1.408370213E2,2.280894045E-2,6.873994134E-4,1.666849363E-3,9.997382164E-1,1.773860613E2,1.927540549E-1,-7.439290637E-2,1.773859319E2
1.408420213E2,2.281831234E-2,6.815046654E-4,1.683910494E-3,9.997379780E-1,1.773849871E2,1.946938929E-1,-7.367117431E-2,1.773848576E2
1.408470213E2,2.284232167E-2,6.647282280E-4,1.718615298E-3,9.997373819E-1,1.773822351E2,1.986275908E-1,-7.165371888E-2,1.773821064E2
1.408520213E2,2.280281570E-2,6.905891350E-4,1.712943078E-3,9.997382760E-1,1.773867633E2,1.980425232E-1,-7.463905730E-2,1.773866298E2
1.408570213E2,2.281555202E-2,6.825258606E-4,1.685511088E-3,9.997380376E-1,1.773853034E2,1.948797270E-1,-7.378451668E-2,1.773851736E2
1.408620213E2,2.284939049E-2,6.597106694E-4,1.695775194E-3,9.997372627E-1,1.773814248E2,1.959983527E-1,-7.113730180E-2,1.773812988E2
1.408670213E2,2.283545806E-2,6.683784886E-4,1.704333583E-3,9.997375607E-1,1.773830218E2,1.970005115E-1,-7.211063554E-2,1.773828934E2
1.408720213E2,2.282240612E-2,6.781097036E-4,1.700495137E-3,9.997378588E-1,1.773845178E2,1.965852836E-1,-7.323806964E-2,1.773843878E2
1.408770213E2,2.283859795E-2,6.667386624E-4,1.697854139E-3,9.997375011E-1,1.773826619E2,1.962541483E-1,-7.193911412E-2,1.773825343E2
1.408820213E2,2.282825997E-2,6.738096708E-4,1.693700324E-3,9.997377396E-1,1.773838468E2,1.957960353E-1,-7.276207579E-2,1.773837182E2
1.408870213E2,2.280177529E-2,6.930840900E-4,1.690855133E-3,9.997383356E-1,1.773868826E2,1.955185264E-1,-7.498280589E-2,1.773867503E2
1.408920213E2,2.282694248E-2,6.748503656E-4,1.710955170E-3,9.997377396E-1,1.773839979E2,1.977754105E-1,-7.283642032E-2,1.773838677E2
1.408970213E2,2.282510410E-2,6.767174345E-4,1.699879998E-3,9.997377992E-1,1.773842086E2,1.965113676E-1,-7.307964763E-2,1.773840789E2
1.409020213E2,2.281783404E-2,6.809776532E-4,1.690591802E-3,9.997379780E-1,1.773850419E2,1.954579032E-1,-7.359342139E-2,1.773849120E2
1.409070213E2,2.282661755E-2,6.742397090E-4,1.715524821E-3,9.997377396E-1,1.773840351E2,1.982972973E-1,-7.275457322E-2,1.773839048E2
1.409120213E2,2.282142382E-2,6.782273995E-4,1.713581034E-3,9.997378588E-1,1.773846304E2,1.980846653E-1,-7.321752297E-2,1.773844994E2
1.409170213E2,2.282586187E-2,6.756007206E-4,1.690121018E-3,9.997377992E-1,1.773841217E2,1.953904940E-1,-7.297709358E-2,1.773839929E2
1.409220213E2,2.284712554E-2,6.605262170E-4,1.690828009E-3,9.997373223E-1,1.773816844E2,1.954335682E-1,-7.124412900E-2,1.773815586E2
1.409270213E2,2.283667635E-2,6.675540353E-4,1.723191934E-3,9.997375011E-1,1.773828821E2,1.991588902E-1,-7.196659210E-2,1.773827526E2
1.409320213E2,2.281671681E-2,6.824134616E-4,1.705029979E-3,9.997379780E-1,1.773851699E2,1.971156415E-1,-7.372037624E-2,1.773850387E2
1.409370213E2,2.283468806E-2,6.705567357E-4,1.678637695E-3,9.997376204E-1,1.773831100E2,1.940623865E-1,-7.242757145E-2,1.773829831E2
1.409420213E2,2.284408303E-2,6.631273427E-4,1.695669256E-3,9.997373819E-1,1.773820332E2,1.959947838E-1,-7.153003889E-2,1.773819065E2
1.409470213E2,2.280573878E-2,6.893012323E-4,1.709330711E-3,9.997382164E-1,1.773864283E2,1.976255352E-1,-7.450037491E-2,1.773862953E2
1.409520213E2,2.281258776E-2,6.855120300E-4,1.689064316E-3,9.997380972E-1,1.773856432E2,1.952943805E-1,-7.411790574E-2,1.773855126E2
1.409570213E2,2.284193739E-2,6.654835888E-4,1.688493881E-3,9.997374415E-1,1.773822791E2,1.951787742E-1,-7.181917708E-2,1.773821525E2
1.409620213E2,2.281958231E-2,6.797907408E-4,1.702676411E-3,9.997379184E-1,1.773848415E2,1.968393641E-1,-7.342550299E-2,1.773847110E2
1.409670213E2,2.279823372E-2,6.946894573E-4,1.702668727E-3,9.997383952E-1,1.773872885E2,1.968758445E-1,-7.513654754E-2,1.773871550E2
1.409720213E2,2.283129206E-2,6.723860279E-4,1.688570832E-3,9.997376800E-1,1.773834993E2,1.952048863E-1,-7.261180807E-2,1.773833713E2
1.409770213E2,2.283344806E-2,6.704428233E-4,1.695466228E-3,9.997376204E-1,1.773832522E2,1.959899075E-1,-7.237072775E-2,1.773831240E2
1.409820213E2,2.280332404E-2,6.903136382E-4,1.706273993E-3,9.997382760E-1,1.773867050E2,1.972778175E-1,-7.462482293E-2,1.773865721E2
1.409870213E2,2.281208553E-2,6.858442212E-4,1.695699408E-3,9.997380972E-1,1.773857008E2,1.960553409E-1,-7.413871469E-2,1.773855696E2
1.409920213E2,2.282905109E-2,6.734043127E-4,1.683165669E-3,9.997377396E-1,1.773837562E2,1.945881619E-1,-7.274304263E-2,1.773836283E2
1.409970213E2,2.281519937E-2,6.830018829E-4,1.690085628E-3,9.997380376E-1,1.773853439E2,1.954050140E-1,-7.382715886E-2,1.773852136E2
1.410020213E2,2.280380672E-2,6.906729541E-4,1.699664979E-3,9.997382760E-1,1.773866497E2,1.965216507E-1,-7.468316256E-2,1.773865172E2
1.410070213E2,2.281816517E-2,6.817062967E-4,1.685822150E-3,9.997379780E-1,1.773850039E2,1.949134124E-1,-7.368930338E-2,1.773848743E2
1.410120213E2,2.280797068E-2,6.881139125E-4,1.679774257E-3,9.997382164E-1,1.773861724E2,1.942365519E-1,-7.444116525E-2,1.773860419E2
1.410170213E2,2.280181644E-2,6.932832766E-4,1.690218458E-3,9.997383356E-1,1.773868778E2,1.954461112E-1,-7.500728064E-2,1.773867455E2
1.410220213E2,2.280440932E-2,6.908868672E-4,1.691473299E-3,9.997382760E-1,1.773865806E2,1.955837996E-1,-7.472895790E-2,1.773864487E2
1.410270213E2,2.280484090E-2,6.898682332E-4,1.686061732E-3,9.997382760E-1,1.773865312E2,1.949612097E-1,-7.462631958E-2,1.773863999E2
1.410320213E2,2.279937139E-2,6.938572624E-4,1.687708776E-3,9.997383952E-1,1.773871581E2,1.951599134E-1,-7.508007255E-2,1.773870259E2
1.410370213E2,2.280181866E-2,6.920651649E-4,1.690687612E-3,9.997383356E-1,1.773868776E2,1.954966753E-1,-7.486650544E-2,1.773867455E2
1.410420213E2,2.279701048E-2,6.954130949E-4,1.683647977E-3,9.997384548E-1,1.773874287E2,1.946985878E-1,-7.526938090E-2,1.773872965E2
1.410470213E2,2.280018752E-2,6.946953945E-4,1.676300191E-3,9.997383952E-1,1.773870645E2,1.938551745E-1,-7.520573987E-2,1.773869330E2
1.410520213E2,2.280510111E-2,6.897770800E-4,1.682575908E-3,9.997382760E-1,1.773865013E2,1.945616479E-1,-7.462493606E-2,1.773863703E2
1.410570213E2,2.279954736E-2,6.936249556E-4,1.685425639E-3,9.997383952E-1,1.773871379E2,1.948977588E-1,-7.505939008E-2,1.773870059E2
1.410620213E2,2.279743407E-2,6.964688073E-4,1.677464694E-3,9.997384548E-1,1.773873801E2,1.939930086E-1,-7.540639655E-2,1.773872482E2
1.410670213E2,2.280524332E-2,6.907018251E-4,1.680267509E-3,9.997382760E-1,1.773864850E2,1.942996207E-1,-7.473688150E-2,1.773863540E2
1.410720213E2,2.280753112E-2,6.894256221E-4,1.685195952E-3,9.997382164E-1,1.773862228E2,1.948610680E-1,-7.457735160E-2,1.773860917E2
1.410770213E2,2.280198636E-2,6.933891564E-4,1.687881071E-3,9.997383356E-1,1.773868584E2,1.951786249E-1,-7.502548488E-2,1.773867262E2
1.410820213E2,2.279943204E-2,6.951287505E-4,1.686365693E-3,9.997383952E-1,1.773871511E2,1.950093741E-1,-7.522923361E-2,1.773870188E2
1.410870213E2,2.280495019E-2,6.903310423E-4,1.684393268E-3,9.997382760E-1,1.773865186E2,1.947712849E-1,-7.468367877E-2,1.773863874E2
1.410920213E2,2.280432629E-2,6.900692824E-4,1.692925813E-3,9.997382760E-1,1.773865902E2,1.957480594E-1,-7.463151443E-2,1.773864583E2
1.410970213E2,2.279380459E-2,6.980290054E-4,1.690563979E-3,9.997385144E-1,1.773877962E2,1.954974912E-1,-7.555162285E-2,1.773876629E2
1.411020213E2,2.279166367E-2,6.991385017E-4,1.683708047E-3,9.997385740E-1,1.773880416E2,1.947147982E-1,-7.569705402E-2,1.773879086E2
1.411070213E2,2.279911911E-2,6.947872462E-4,1.690731617E-3,9.997383952E-1,1.773871870E2,1.955086272E-1,-7.517876441E-2,1.773870544E2
1.411120213E2,2.279124920E-2,6.990831462E-4,1.689332188E-3,9.997385740E-1,1.773880891E2,1.953589352E-1,-7.567610387E-2,1.773879557E2
1.411170213E2,2.278400405E-2,7.042412180E-4,1.679068082E-3,9.997387528E-1,1.773889195E2,1.941959788E-1,-7.629523645E-2,1.773887859E2
1.411220213E2,2.278970248E-2,7.013948052E-4,1.673896215E-3,9.997386336E-1,1.773882664E2,1.935964795E-1,-7.598154687E-2,1.773881337E2
1.411270213E2,2.279412853E-2,6.980487960E-4,1.686182339E-3,9.997385144E-1,1.773877590E2,1.949955979E-1,-7.556527226E-2,1.773876261E2
1.411320213E2,2.278528907E-2,7.038322510E-4,1.697193598E-3,9.997386932E-1,1.773887722E2,1.962715051E-1,-7.620080663E-2,1.773886373E2
1.411370213E2,2.277680712E-2,7.102760137E-4,1.667662174E-3,9.997389317E-1,1.773897444E2,1.929044986E-1,-7.701776213E-2,1.773896105E2
1.411420213E2,2.279832516E-2,6.959062302E-4,1.665545278E-3,9.997384548E-1,1.773872780E2,1.926260937E-1,-7.537291493E-2,1.773871471E2
1.411470213E2,2.279739118E-2,6.950969691E-4,1.678616158E-3,9.997384548E-1,1.773873851E2,1.941213351E-1,-7.524623663E-2,1.773872533E2
1.411520213E2,2.277774733E-2,7.095499313E-4,1.690702629E-3,9.997388721E-1,1.773896367E2,1.955422377E-1,-7.687425754E-2,1.773895011E2
1.411570213E2,2.277581580E-2,7.114108303E-4,1.680666814E-3,9.997389317E-1,1.773898581E2,1.943972229E-1,-7.711401709E-2,1.773897229E2
1.411620213E2,2.278805568E-2,7.026353851E-4,1.660140348E-3,9.997386932E-1,1.773884551E2,1.920236943E-1,-7.615991149E-2,1.773883232E2
1.411670213E2,2.279799880E-2,6.963820197E-4,1.669808174E-3,9.997384548E-1,1.773873154E2,1.931156783E-1,-7.541634781E-2,1.773871840E2
1.411720213E2,2.277553108E-2,7.110262522E-4,1.684683142E-3,9.997389317E-1,1.773898907E2,1.948563160E-1,-7.705953183E-2,1.773897553E2
1.411770213E2,2.278426756E-2,7.052259170E-4,1.675074338E-3,9.997387528E-1,1.773888893E2,1.937410388E-1,-7.641842178E-2,1.773887558E2
1.411820213E2,2.279661977E-2,6.975998404E-4,1.652349834E-3,9.997385144E-1,1.773874735E2,1.911186935E-1,-7.560173851E-2,1.773873432E2
1.411870213E2,2.278492214E-2,7.045855746E-4,1.666417811E-3,9.997387528E-1,1.773888143E2,1.927477072E-1,-7.636753926E-2,1.773886816E2
1.411920213E2,2.278610275E-2,7.030971465E-4,1.686540782E-3,9.997386932E-1,1.773886790E2,1.950492389E-1,-7.614424908E-2,1.773885450E2
1.411970213E2,2.279098640E-2,7.008915418E-4,1.656536246E-3,9.997386336E-1,1.773881192E2,1.916064693E-1,-7.596898416E-2,1.773879879E2
1.412020213E2,2.279932759E-2,6.952032563E-4,1.652062521E-3,9.997384548E-1,1.773871631E2,1.910797208E-1,-7.532741496E-2,1.773870333E2
1.412070213E2,2.278676411E-2,7.026211242E-4,1.677780994E-3,9.997386932E-1,1.773886032E2,1.940445070E-1,-7.611246066E-2,1.773884699E2
1.412120213E2,2.278736749E-2,7.026759558E-4,1.669542980E-3,9.997386932E-1,1.773885340E2,1.931009325E-1,-7.614013771E-2,1.773884014E2
1.412170213E2,2.279944849E-2,6.946271169E-4,1.650635735E-3,9.997384548E-1,1.773871493E2,1.909147690E-1,-7.526511622E-2,1.773870197E2
1.412220213E2,2.279379600E-2,6.991277914E-4,1.654595020E-3,9.997385740E-1,1.773877971E2,1.913796845E-1,-7.577145824E-2,1.773876664E2
1.412270213E2,2.278220631E-2,7.062791265E-4,1.667073346E-3,9.997388124E-1,1.773891256E2,1.928270211E-1,-7.656036754E-2,1.773889925E2
1.412320213E2,2.279643852E-2,6.967128720E-4,1.655222150E-3,9.997385144E-1,1.773874943E2,1.914454206E-1,-7.549265693E-2,1.773873639E2
1.412370213E2,2.281863384E-2,6.811436033E-4,1.643835916E-3,9.997380376E-1,1.773849502E2,1.901019507E-1,-7.373454106E-2,1.773848237E2
1.412420213E2,2.280995442E-2,6.884014001E-4,1.652498730E-3,9.997382164E-1,1.773859450E2,1.911127129E-1,-7.454501207E-2,1.773858165E2
1.412470213E2,2.279107753E-2,7.010513218E-4,1.655214233E-3,9.997386336E-1,1.773881087E2,1.914554412E-1,-7.599072419E-2,1.773879776E2
1.412520213E2,2.280783824E-2,6.897760322E-4,1.645057695E-3,9.997382760E-1,1.773861876E2,1.902636887E-1,-7.472234544E-2,1.773860594E2
1.412570213E2,2.281635097E-2,6.840317510E-4,1.638064161E-3,9.997380972E-1,1.773852119E2,1.894481111E-1,-7.408093731E-2,1.773850853E2
1.412620213E2,2.280491389E-2,6.918383879E-4,1.648506965E-3,9.997383356E-1,1.773865228E2,1.906640156E-1,-7.495015451E-2,1.773863939E2
1.412670213E2,2.280509267E-2,6.919726147E-4,1.645975397E-3,9.997383356E-1,1.773865023E2,1.903743584E-1,-7.497211367E-2,1.773863736E2
1.412720213E2,2.281383722E-2,6.858464913E-4,1.635937952E-3,9.997381568E-1,1.773855000E2,1.892090870E-1,-7.429487196E-2,1.773853732E2
1.412770213E2,2.280281445E-2,6.925683119E-4,1.641078037E-3,9.997383952E-1,1.773867634E2,1.898146931E-1,-7.505358904E-2,1.773866350E2
1.412820213E2,2.279450861E-2,6.988904788E-4,1.644849428E-3,9.997385740E-1,1.773877155E2,1.902626439E-1,-7.576959227E-2,1.773875855E2
1.412870213E2,2.280296422E-2,6.934264093E-4,1.638632733E-3,9.997383952E-1,1.773867463E2,1.895368080E-1,-7.515825560E-2,1.773866178E2
1.412920213E2,2.280341754E-2,6.930347881E-4,1.632478554E-3,9.997383952E-1,1.773866943E2,1.888307835E-1,-7.512938707E-2,1.773865664E2
1.412970213E2,2.280307809E-2,6.927839713E-4,1.637319452E-3,9.997383952E-1,1.773867332E2,1.893846855E-1,-7.508806710E-2,1.773866050E2
1.413020213E2,2.281105857E-2,6.873317179E-4,1.637635753E-3,9.997382164E-1,1.773858185E2,1.894072668E-1,-7.446110960E-2,1.773856913E2
1.413070213E2,2.281151597E-2,6.876050029E-4,1.631136867E-3,9.997382164E-1,1.773857661E2,1.886634903E-1,-7.450931989E-2,1.773856393E2
1.413120213E2,2.281135160E-2,6.873172242E-4,1.633555046E-3,9.997382164E-1,1.773857849E2,1.889397570E-1,-7.447006111E-2,1.773856580E2
1.413170213E2,2.282437079E-2,6.788328174E-4,1.637633424E-3,9.997379184E-1,1.773842926E2,1.893857597E-1,-7.348494622E-2,1.773841671E2
1.413220213E2,2.282171847E-2,6.798972026E-4,1.637768932E-3,9.997379780E-1,1.773845966E2,1.894038727E-1,-7.360703192E-2,1.773844709E2
1.413270213E2,2.281651379E-2,6.842642324E-4,1.635697437E-3,9.997380972E-1,1.773851932E2,1.891775946E-1,-7.411372819E-2,1.773850667E2
1.413320213E2,2.281637195E-2,6.833992666E-4,1.638035988E-3,9.997380972E-1,1.773852095E2,1.894432312E-1,-7.400854857E-2,1.773850830E2
1.413370213E2,2.282134135E-2,6.810585619E-4,1.642534509E-3,9.997379780E-1,1.773846399E2,1.899528362E-1,-7.372768727E-2,1.773845135E2
1.413420213E2,2.281065342E-2,6.879919092E-4,1.642993186E-3,9.997382164E-1,1.773858649E2,1.900227207E-1,-7.452281439E-2,1.773857372E2
1.413470213E2,2.281108434E-2,6.874338724E-4,1.637234003E-3,9.997382164E-1,1.773858155E2,1.893615106E-1,-7.447385790E-2,1.773856883E2
1.413520213E2,2.281649160E-2,6.839220878E-4,1.636149944E-3,9.997380972E-1,1.773851957E2,1.892285383E-1,-7.407335258E-2,1.773850693E2
1.413570213E2,2.280818151E-2,6.901287124E-4,1.640143106E-3,9.997382760E-1,1.773861483E2,1.897016112E-1,-7.477552926E-2,1.773860203E2
1.413620213E2,2.280032245E-2,6.947083166E-4,1.638485002E-3,9.997384548E-1,1.773870491E2,1.895230348E-1,-7.530599983E-2,1.773869204E2
1.413670213E2,2.280544206E-2,6.906364579E-4,1.641690149E-3,9.997383356E-1,1.773864623E2,1.898799658E-1,-7.483017410E-2,1.773863341E2
1.413720213E2,2.281358667E-2,6.852106308E-4,1.639694092E-3,9.997381568E-1,1.773855287E2,1.896377167E-1,-7.421225423E-2,1.773854018E2
1.413770213E2,2.281089729E-2,6.867545308E-4,1.640122617E-3,9.997382164E-1,1.773858370E2,1.896906459E-1,-7.438851584E-2,1.773857097E2
1.413820213E2,2.280843418E-2,6.897069397E-4,1.636803499E-3,9.997382760E-1,1.773861193E2,1.893179357E-1,-7.473589137E-2,1.773859917E2
1.413870213E2,2.281903151E-2,6.826563622E-4,1.637676498E-3,9.997380376E-1,1.773849046E2,1.894003013E-1,-7.392387637E-2,1.773847783E2
1.413920213E2,2.281608234E-2,6.844416494E-4,1.641630777E-3,9.997380972E-1,1.773852427E2,1.898577616E-1,-7.411862133E-2,1.773851157E2
1.413970213E2,2.280557239E-2,6.909957738E-4,1.639727387E-3,9.997383356E-1,1.773864473E2,1.896560567E-1,-7.487644276E-2,1.773863193E2
1.414020213E2,2.280825459E-2,6.891282392E-4,1.639547409E-3,9.997382760E-1,1.773861399E2,1.896307572E-1,-7.466245658E-2,1.773860122E2
1.414070213E2,2.282152416E-2,6.803614669E-4,1.640281873E-3,9.997379780E-1,1.773846189E2,1.896929601E-1,-7.365368353E-2,1.773844929E2
1.414120213E2,2.282418630E-2,6.778903189E-4,1.640592469E-3,9.997379184E-1,1.773843138E2,1.897222746E-1,-7.336926742E-2,1.773841882E2
1.414170213E2,2.281918533E-2,6.810353952E-4,1.636207453E-3,9.997380376E-1,1.773848870E2,1.892277768E-1,-7.374198827E-2,1.773847611E2
1.414220213E2,2.282154492E-2,6.803354481E-4,1.640003757E-3,9.997379780E-1,1.773846165E2,1.896610320E-1,-7.365142618E-2,1.773844905E2
1.414270213E2,2.282164920E-2,6.800247938E-4,1.638680929E-3,9.997379780E-1,1.773846046E2,1.895086815E-1,-7.361927695E-2,1.773844787E2
1.414320213E2,2.282160895E-2,6.804894074E-4,1.639048685E-3,9.997379780E-1,1.773846092E2,1.895520246E-1,-7.367154965E-2,1.773844832E2
1.414370213E2,2.282170499E-2,6.792285130E-4,1.638234244E-3,9.997379780E-1,1.773845982E2,1.894554297E-1,-7.352921141E-2,1.773844725E2
1.414420213E2,2.282697358E-2,6.759015960E-4,1.638954389E-3,9.997378588E-1,1.773839943E2,1.895296147E-1,-7.314519234E-2,1.773838692E2
1.414470213E2,2.282669789E-2,6.762986304E-4,1.642626245E-3,9.997378588E-1,1.773840259E2,1.899512881E-1,-7.318112437E-2,1.773839005E2
1.414520213E2,2.281069895E-2,6.874228129E-4,1.642599236E-3,9.997382164E-1,1.773858597E2,1.899761047E-1,-7.445863895E-2,1.773857321E2
1.414570213E2,2.281358088E-2,6.850911304E-4,1.639824593E-3,9.997381568E-1,1.773855294E2,1.896523543E-1,-7.419822400E-2,1.773854024E2
1.414620213E2,2.282189047E-2,6.792616914E-4,1.635634573E-3,9.997379780E-1,1.773845769E2,1.891577069E-1,-7.353977621E-2,1.773844514E2
1.414670213E2,2.281383214E-2,6.863308954E-4,1.635805587E-3,9.997381568E-1,1.773855006E2,1.891951893E-1,-7.435071309E-2,1.773853737E2
1.414720213E2,2.279769470E-2,6.968821981E-4,1.637757639E-3,9.997385144E-1,1.773873503E2,1.894451886E-1,-7.555744169E-2,1.773872212E2
1.414770213E2,2.281122537E-2,6.868020282E-4,1.635533292E-3,9.997382164E-1,1.773857994E2,1.891650324E-1,-7.440589195E-2,1.773856724E2
1.414820213E2,2.282707948E-2,6.771432818E-4,1.636965782E-3,9.997378588E-1,1.773839822E2,1.893050523E-1,-7.329262376E-2,1.773838570E2
1.414870213E2,2.282441774E-2,6.788551109E-4,1.636969741E-3,9.997379184E-1,1.773842872E2,1.893097886E-1,-7.348922725E-2,1.773841617E2
1.414920213E2,2.281654444E-2,6.845377502E-4,1.635155408E-3,9.997380972E-1,1.773851897E2,1.891162162E-1,-7.414647428E-2,1.773850632E2
1.414970213E2,2.282456564E-2,6.778138340E-4,1.635338180E-3,9.997379184E-1,1.773842703E2,1.891201608E-1,-7.337417649E-2,1.773841451E2
1.415020213E2,2.283537517E-2,6.713357288E-4,1.632856554E-3,9.997376800E-1,1.773830313E2,1.888197005E-1,-7.263648404E-2,1.773829075E2
1.415070213E2,2.282428963E-2,6.778986426E-4,1.639150898E-3,9.997379184E-1,1.773843019E2,1.895571548E-1,-7.337397196E-2,1.773841764E2
1.415120213E2,2.282986978E-2,6.744229468E-4,1.635577879E-3,9.997377992E-1,1.773836623E2,1.891391383E-1,-7.298408069E-2,1.773835378E2
1.415170213E2,2.284018292E-2,6.680640508E-4,1.639927505E-3,9.997375607E-1,1.773824802E2,1.896215471E-1,-7.224225994E-2,1.773823566E2
1.415220213E2,2.283185969E-2,6.733930786E-4,1.644633128E-3,9.997377396E-1,1.773834342E2,1.901739754E-1,-7.284202816E-2,1.773833092E2
1.415270213E2,2.282390785E-2,6.775680231E-4,1.644594595E-3,9.997379184E-1,1.773843457E2,1.901799023E-1,-7.332192976E-2,1.773842199E2
1.415320213E2,2.282917160E-2,6.751597393E-4,1.644992037E-3,9.997377992E-1,1.773837423E2,1.902195190E-1,-7.304399194E-2,1.773836170E2
1.415370213E2,2.282674450E-2,6.760131218E-4,1.642095973E-3,9.997378588E-1,1.773840205E2,1.898897956E-1,-7.314979433E-2,1.773838952E2
1.415420213E2,2.281055721E-2,6.871546502E-4,1.644678530E-3,9.997382164E-1,1.773858760E2,1.902136011E-1,-7.442250940E-2,1.773857483E2
1.415470213E2,2.279970075E-2,6.941269385E-4,1.647358527E-3,9.997384548E-1,1.773871203E2,1.905380375E-1,-7.521632944E-2,1.773869911E2
1.415520213E2,2.281058328E-2,6.867086049E-4,1.644503209E-3,9.997382164E-1,1.773858730E2,1.901923517E-1,-7.437186307E-2,1.773857454E2
1.415570213E2,2.281032466E-2,6.870853831E-4,1.647929545E-3,9.997382164E-1,1.773859026E2,1.905858453E-1,-7.440612014E-2,1.773857747E2
1.415620213E2,2.279107162E-2,6.999594625E-4,1.655757660E-3,9.997386336E-1,1.773881094E2,1.915148448E-1,-7.586422080E-2,1.773879784E2
1.415670213E2,2.279872456E-2,6.959325401E-4,1.660058158E-3,9.997384548E-1,1.773872322E2,1.919975772E-1,-7.539018815E-2,1.773871017E2
1.415720213E2,2.280693060E-2,6.892593810E-4,1.657808549E-3,9.997382760E-1,1.773862916E2,1.917230335E-1,-7.463000396E-2,1.773861626E2
1.415770213E2,2.280945948E-2,6.881596637E-4,1.659416594E-3,9.997382164E-1,1.773860018E2,1.919045682E-1,-7.449933033E-2,1.773858728E2
1.415820213E2,2.280077509E-2,6.937946309E-4,1.668663812E-3,9.997383952E-1,1.773869972E2,1.929780259E-1,-7.512238619E-2,1.773868664E2
1.415870213E2,2.280646858E-2,6.893582758E-4,1.664111507E-3,9.997382760E-1,1.773863446E2,1.924453369E-1,-7.462494894E-2,1.773862150E2
1.415920213E2,2.281187952E-2,6.856902037E-4,1.663078088E-3,9.997381568E-1,1.773857244E2,1.923177603E-1,-7.420638870E-2,1.773855956E2
1.415970213E2,2.280655903E-2,6.893500686E-4,1.662874827E-3,9.997382760E-1,1.773863342E2,1.923036457E-1,-7.462722344E-2,1.773862048E2
1.416020213E2,2.280615133E-2,6.897893036E-4,1.668275567E-3,9.997382760E-1,1.773863810E2,1.929234827E-1,-7.466350636E-2,1.773862510E2
1.416070213E2,2.281419832E-2,6.837974070E-4,1.667873352E-3,9.997380972E-1,1.773854586E2,1.928623381E-1,-7.397656387E-2,1.773853299E2
1.416120213E2,2.281697239E-2,6.819012924E-4,1.666428754E-3,9.997380376E-1,1.773851406E2,1.926920891E-1,-7.376258412E-2,1.773850124E2
1.416170213E2,2.281384293E-2,6.849293713E-4,1.672264305E-3,9.997380972E-1,1.773854993E2,1.933683078E-1,-7.409483233E-2,1.773853700E2
1.416220213E2,2.281132304E-2,6.861949805E-4,1.670486410E-3,9.997381568E-1,1.773857882E2,1.931677506E-1,-7.424495756E-2,1.773856588E2
1.416270213E2,2.282239528E-2,6.786147715E-4,1.665026997E-3,9.997379184E-1,1.773845191E2,1.925233049E-1,-7.338869604E-2,1.773843915E2
1.416320213E2,2.282768785E-2,6.757500232E-4,1.665216172E-3,9.997377992E-1,1.773839124E2,1.925378708E-1,-7.305899194E-2,1.773837854E2
1.416370213E2,2.282191764E-2,6.789637264E-4,1.671419479E-3,9.997379184E-1,1.773845738E2,1.932565177E-1,-7.341204639E-2,1.773844457E2
1.416420213E2,2.282746328E-2,6.745125866E-4,1.668792451E-3,9.997377992E-1,1.773839382E2,1.929443223E-1,-7.290791710E-2,1.773838112E2
1.416470213E2,2.283257539E-2,6.711847964E-4,1.671611099E-3,9.997376800E-1,1.773833522E2,1.932588967E-1,-7.251831859E-2,1.773832257E2
1.416520213E2,2.282415671E-2,6.778651150E-4,1.676933724E-3,9.997378588E-1,1.773843172E2,1.938855308E-1,-7.327133193E-2,1.773841889E2
1.416570213E2,2.282121864E-2,6.799919065E-4,1.680520829E-3,9.997379184E-1,1.773846539E2,1.943018239E-1,-7.350616912E-2,1.773845250E2
1.416620213E2,2.281877112E-2,6.804531440E-4,1.678108936E-3,9.997379780E-1,1.773849345E2,1.940265390E-1,-7.356579193E-2,1.773848056E2
1.416670213E2,2.281890200E-2,6.804164150E-4,1.676343149E-3,9.997379780E-1,1.773849195E2,1.938241605E-1,-7.356617630E-2,1.773847908E2
1.416720213E2,2.282371977E-2,6.785473088E-4,1.682595233E-3,9.997378588E-1,1.773843672E2,1.945358768E-1,-7.333476196E-2,1.773842384E2
1.416770213E2,2.282368350E-2,6.785001024E-4,1.683106180E-3,9.997378588E-1,1.773843714E2,1.945942857E-1,-7.332802458E-2,1.773842426E2
1.416820213E2,2.282126048E-2,6.797568058E-4,1.680047601E-3,9.997379184E-1,1.773846491E2,1.942469981E-1,-7.348046509E-2,1.773845203E2
1.416870213E2,2.282141091E-2,6.787292077E-4,1.678418950E-3,9.997379184E-1,1.773846319E2,1.940577401E-1,-7.336697199E-2,1.773845034E2
1.416920213E2,2.281591023E-2,6.834678352E-4,1.680272399E-3,9.997380376E-1,1.773852624E2,1.942820621E-1,-7.390605826E-2,1.773851328E2
1.416970213E2,2.281590343E-2,6.839625421E-4,1.680163434E-3,9.997380376E-1,1.773852632E2,1.942708720E-1,-7.396301890E-2,1.773851335E2
1.417020213E2,2.281874190E-2,6.819155533E-4,1.677912544E-3,9.997379780E-1,1.773849378E2,1.940078623E-1,-7.373384707E-2,1.773848087E2
1.417070213E2,2.281075969E-2,6.861633155E-4,1.678174478E-3,9.997381568E-1,1.773858527E2,1.940483862E-1,-7.422134179E-2,1.773857228E2
1.417120213E2,2.281560822E-2,6.840257556E-4,1.684141811E-3,9.997380376E-1,1.773852970E2,1.947267861E-1,-7.395991620E-2,1.773851670E2
1.417170213E2,2.281582008E-2,6.835850072E-4,1.681448426E-3,9.997380376E-1,1.773852727E2,1.944170898E-1,-7.391642431E-2,1.773851430E2
1.417220213E2,2.281047618E-2,6.873491220E-4,1.681539463E-3,9.997381568E-1,1.773858852E2,1.944369645E-1,-7.434844856E-2,1.773857548E2
1.417270213E2,2.280744187E-2,6.892898236E-4,1.686458942E-3,9.997382164E-1,1.773862330E2,1.950053970E-1,-7.455851066E-2,1.773861018E2
1.417320213E2,2.281034444E-2,6.872336962E-4,1.683372655E-3,9.997381568E-1,1.773859003E2,1.946466671E-1,-7.433045884E-2,1.773857698E2
1.417370213E2,2.280211746E-2,6.932733231E-4,1.686156727E-3,9.997383356E-1,1.773868433E2,1.949807878E-1,-7.501669507E-2,1.773867113E2
1.417420213E2,2.280449663E-2,6.911256933E-4,1.690198085E-3,9.997382760E-1,1.773865706E2,1.954383393E-1,-7.475963368E-2,1.773864388E2
1.417470213E2,2.281496968E-2,6.833875086E-4,1.693027792E-3,9.997380376E-1,1.773853702E2,1.957430655E-1,-7.386368925E-2,1.773852397E2
1.417520213E2,2.281539343E-2,6.835098611E-4,1.687258133E-3,9.997380376E-1,1.773853216E2,1.950824332E-1,-7.389270845E-2,1.773851915E2
1.417570213E2,2.280486624E-2,6.898281863E-4,1.685735420E-3,9.997382760E-1,1.773865283E2,1.949237239E-1,-7.462257958E-2,1.773863970E2
1.417620213E2,2.281778582E-2,6.823007134E-4,1.690709149E-3,9.997379780E-1,1.773850474E2,1.954748031E-1,-7.374469583E-2,1.773849173E2
1.417670213E2,2.282283006E-2,6.783736171E-4,1.694690087E-3,9.997378588E-1,1.773844692E2,1.959209671E-1,-7.328340337E-2,1.773843396E2
1.417720213E2,2.282048735E-2,6.804698496E-4,1.690229983E-3,9.997379184E-1,1.773847377E2,1.954153197E-1,-7.353567408E-2,1.773846080E2
1.417770213E2,2.281280442E-2,6.843070150E-4,1.686624950E-3,9.997380972E-1,1.773856184E2,1.950117873E-1,-7.398619220E-2,1.773854881E2
1.417820213E2,2.282051422E-2,6.805421435E-4,1.689838013E-3,9.997379184E-1,1.773847347E2,1.953706059E-1,-7.354497600E-2,1.773846049E2
1.417870213E2,2.282581263E-2,6.761335535E-4,1.690572943E-3,9.997377992E-1,1.773841274E2,1.954436577E-1,-7.303696324E-2,1.773839985E2
1.417920213E2,2.281809110E-2,6.816159002E-4,1.686860924E-3,9.997379780E-1,1.773850124E2,1.950321745E-1,-7.367624557E-2,1.773848827E2
1.417970213E2,2.281798947E-2,6.814889493E-4,1.688286313E-3,9.997379780E-1,1.773850241E2,1.951951304E-1,-7.365799447E-2,1.773848943E2
1.418020213E2,2.282795468E-2,6.746485597E-4,1.697476953E-3,9.997377396E-1,1.773838818E2,1.962308658E-1,-7.284836023E-2,1.773837527E2
1.418070213E2,2.282829815E-2,6.750975153E-4,1.692672609E-3,9.997377396E-1,1.773838425E2,1.956816705E-1,-7.291229434E-2,1.773837136E2
1.418120213E2,2.282605385E-2,6.757325027E-4,1.687473501E-3,9.997377992E-1,1.773840997E2,1.950875481E-1,-7.299907862E-2,1.773839711E2
1.418170213E2,2.282595395E-2,6.750960019E-4,1.689078752E-3,9.997377992E-1,1.773841112E2,1.952697763E-1,-7.292198059E-2,1.773839826E2
1.418220213E2,2.283091625E-2,6.719697849E-4,1.693809638E-3,9.997376800E-1,1.773835424E2,1.958039375E-1,-7.255048940E-2,1.773834141E2
1.418270213E2,2.282846845E-2,6.741080433E-4,1.690769102E-3,9.997377396E-1,1.773838229E2,1.954610247E-1,-7.280388529E-2,1.773836944E2
1.418320213E2,2.283148702E-2,6.715324125E-4,1.686272910E-3,9.997376800E-1,1.773834770E2,1.949394125E-1,-7.251999086E-2,1.773833493E2
1.418370213E2,2.283386006E-2,6.697951467E-4,1.690165256E-3,9.997376204E-1,1.773832049E2,1.953809529E-1,-7.231031920E-2,1.773830773E2
1.418420213E2,2.283417587E-2,6.696076598E-4,1.685967785E-3,9.997376204E-1,1.773831688E2,1.948996148E-1,-7.229976237E-2,1.773830415E2
1.418470213E2,2.282620566E-2,6.758053787E-4,1.685389434E-3,9.997377992E-1,1.773840823E2,1.948489951E-1,-7.301284933E-2,1.773839538E2
1.418520213E2,2.283184123E-2,6.712045870E-4,1.681601047E-3,9.997376800E-1,1.773834364E2,1.944033628E-1,-7.249458938E-2,1.773833091E2
1.418570213E2,2.283693110E-2,6.693598116E-4,1.684091170E-3,9.997375607E-1,1.773828529E2,1.946841768E-1,-7.227574257E-2,1.773827259E2
1.418620213E2,2.283477731E-2,6.705813576E-4,1.677413238E-3,9.997376204E-1,1.773830998E2,1.939221813E-1,-7.243357900E-2,1.773829730E2
1.418670213E2,2.283483531E-2,6.707626162E-4,1.676551066E-3,9.997376204E-1,1.773830932E2,1.938238878E-1,-7.245658916E-2,1.773829663E2
1.418720213E2,2.283719722E-2,6.686945562E-4,1.680743298E-3,9.997375607E-1,1.773828224E2,1.942989163E-1,-7.220823973E-2,1.773826957E2
1.418770213E2,2.283729297E-2,6.677582278E-4,1.679814304E-3,9.997375607E-1,1.773828115E2,1.941900452E-1,-7.210338517E-2,1.773826850E2
1.418820213E2,2.283501566E-2,6.709405570E-4,1.674021478E-3,9.997376204E-1,1.773830725E2,1.935345721E-1,-7.248355887E-2,1.773829458E2
1.418870213E2,2.283239130E-2,6.715994095E-4,1.673957333E-3,9.997376800E-1,1.773833733E2,1.935287574E-1,-7.255971390E-2,1.773832465E2
1.418920213E2,2.284265602E-2,6.655895268E-4,1.678701839E-3,9.997374415E-1,1.773821967E2,1.940573084E-1,-7.185680588E-2,1.773820708E2
1.418970213E2,2.285031073E-2,6.589723635E-4,1.683618873E-3,9.997372627E-1,1.773813194E2,1.946038339E-1,-7.108437229E-2,1.773811944E2
1.419020213E2,2.284267046E-2,6.638347986E-4,1.679200097E-3,9.997374415E-1,1.773821951E2,1.941097969E-1,-7.165447448E-2,1.773820694E2
1.419070213E2,2.283194536E-2,6.721735117E-4,1.679799170E-3,9.997376800E-1,1.773834244E2,1.941994793E-1,-7.261028521E-2,1.773832971E2
1.419120213E2,2.284531609E-2,6.631622673E-4,1.678960980E-3,9.997373819E-1,1.773818918E2,1.940808320E-1,-7.157754061E-2,1.773817663E2
1.419170213E2,2.285321348E-2,6.580536137E-4,1.679968555E-3,9.997372031E-1,1.773809866E2,1.941834466E-1,-7.098811380E-2,1.773808621E2
1.419220213E2,2.283760381E-2,6.680641673E-4,1.675461070E-3,9.997375607E-1,1.773827758E2,1.936921535E-1,-7.214976665E-2,1.773826496E2
1.419270213E2,2.283193233E-2,6.718688528E-4,1.680098125E-3,9.997376800E-1,1.773834259E2,1.942329300E-1,-7.257460334E-2,1.773832986E2
1.419320213E2,2.284243189E-2,6.654838799E-4,1.681790687E-3,9.997374415E-1,1.773822224E2,1.944108799E-1,-7.183666070E-2,1.773820963E2
1.419370213E2,2.283986909E-2,6.661871448E-4,1.680886722E-3,9.997375011E-1,1.773825162E2,1.943089767E-1,-7.192009220E-2,1.773823900E2
1.419420213E2,2.283205083E-2,6.722389953E-4,1.678338856E-3,9.997376800E-1,1.773834123E2,1.940323620E-1,-7.262158753E-2,1.773832851E2
1.419470213E2,2.282677456E-2,6.748322048E-4,1.678058412E-3,9.997377992E-1,1.773840171E2,1.940066346E-1,-7.292042728E-2,1.773838894E2
1.419520213E2,2.282939516E-2,6.731673493E-4,1.678587520E-3,9.997377396E-1,1.773837167E2,1.940630854E-1,-7.272780606E-2,1.773835893E2
1.419570213E2,2.282957601E-2,6.731594331E-4,1.676129177E-3,9.997377396E-1,1.773836960E2,1.937814454E-1,-7.273329560E-2,1.773835687E2
1.419620213E2,2.282722620E-2,6.751588662E-4,1.671771519E-3,9.997377992E-1,1.773839653E2,1.932872836E-1,-7.297420860E-2,1.773838380E2
1.419670213E2,2.283232765E-2,6.712134928E-4,1.674980042E-3,9.997376800E-1,1.773833806E2,1.936449063E-1,-7.251283906E-2,1.773832538E2
1.419720213E2,2.282957093E-2,6.729054730E-4,1.676300308E-3,9.997377396E-1,1.773836966E2,1.938003856E-1,-7.270375481E-2,1.773835693E2
1.419770213E2,2.282667937E-2,6.759757525E-4,1.678892877E-3,9.997377992E-1,1.773840280E2,1.941052173E-1,-7.304926949E-2,1.773839000E2
1.419820213E2,2.282417013E-2,6.769929896E-4,1.677103457E-3,9.997378588E-1,1.773843156E2,1.939026955E-1,-7.317097333E-2,1.773841875E2
1.419870213E2,2.282713774E-2,6.758707459E-4,1.672691433E-3,9.997377992E-1,1.773839755E2,1.933945267E-1,-7.305337332E-2,1.773838479E2
1.419920213E2,2.282501692E-2,6.767876912E-4,1.665622578E-3,9.997378588E-1,1.773842186E2,1.925869487E-1,-7.317732016E-2,1.773840914E2
1.419970213E2,2.282234177E-2,6.783202989E-4,1.665880322E-3,9.997379184E-1,1.773845252E2,1.926202892E-1,-7.335273934E-2,1.773843977E2
1.420020213E2,2.282744504E-2,6.752205081E-4,1.668755664E-3,9.997377992E-1,1.773839402E2,1.929419587E-1,-7.298911745E-2,1.773838131E2
1.420070213E2,2.283231990E-2,6.719327066E-4,1.674797270E-3,9.997376800E-1,1.773833815E2,1.936258491E-1,-7.259571304E-2,1.773832546E2
1.420120213E2,2.283793382E-2,6.685595727E-4,1.670758589E-3,9.997375607E-1,1.773827380E2,1.931547490E-1,-7.221876428E-2,1.773826120E2
1.420170213E2,2.283006164E-2,6.733724149E-4,1.669415622E-3,9.997377396E-1,1.773836403E2,1.930129202E-1,-7.277516542E-2,1.773835135E2
1.420220213E2,2.283256675E-2,6.716143107E-4,1.671556616E-3,9.997376800E-1,1.773833532E2,1.932537784E-1,-7.256766864E-2,1.773832266E2
1.420270213E2,2.283235465E-2,6.710040616E-4,1.674695872E-3,9.997376800E-1,1.773833775E2,1.936118052E-1,-7.248958461E-2,1.773832508E2
1.420320213E2,2.283226844E-2,6.725226995E-4,1.675261999E-3,9.997376800E-1,1.773833874E2,1.936806296E-1,-7.266209752E-2,1.773832603E2
1.420370213E2,2.282712086E-2,6.750524626E-4,1.673252205E-3,9.997377992E-1,1.773839774E2,1.934566278E-1,-7.295816584E-2,1.773838500E2
1.420420213E2,2.283248133E-2,6.711868336E-4,1.672894577E-3,9.997376800E-1,1.773833630E2,1.934059330E-1,-7.251521189E-2,1.773832363E2
1.420470213E2,2.284049181E-2,6.671815063E-4,1.672007260E-3,9.997375011E-1,1.773824448E2,1.932943764E-1,-7.205712834E-2,1.773823190E2
1.420520213E2,2.282974673E-2,6.733993650E-4,1.673705759E-3,9.997377396E-1,1.773836764E2,1.935044542E-1,-7.276708970E-2,1.773835493E2
1.420570213E2,2.283282695E-2,6.724718260E-4,1.667653094E-3,9.997376800E-1,1.773833234E2,1.928088463E-1,-7.267607049E-2,1.773831969E2
1.420620213E2,2.284391103E-2,6.637023762E-4,1.662291004E-3,9.997374415E-1,1.773820529E2,1.921724017E-1,-7.168332854E-2,1.773819285E2
1.420670213E2,2.283841236E-2,6.674296455E-4,1.664657961E-3,9.997375607E-1,1.773826832E2,1.924529264E-1,-7.210519233E-2,1.773825579E2
1.420720213E2,2.282763868E-2,6.761346594E-4,1.665733987E-3,9.997377992E-1,1.773839181E2,1.925981954E-1,-7.310171134E-2,1.773837910E2
1.420770213E2,2.284370866E-2,6.637669285E-4,1.665043994E-3,9.997374415E-1,1.773820761E2,1.924879438E-1,-7.168355580E-2,1.773819515E2
1.420820213E2,2.285382767E-2,6.579595502E-4,1.671629609E-3,9.997372031E-1,1.773809162E2,1.932279188E-1,-7.099905800E-2,1.773807923E2
1.420870213E2,2.283496045E-2,6.691957242E-4,1.675472478E-3,9.997376204E-1,1.773830788E2,1.936962311E-1,-7.227988182E-2,1.773829524E2
1.420920213E2,2.282743005E-2,6.749900058E-4,1.669054036E-3,9.997377992E-1,1.773839420E2,1.929755366E-1,-7.296193311E-2,1.773838149E2
1.420970213E2,2.283851019E-2,6.671773735E-4,1.663416391E-3,9.997375607E-1,1.773826719E2,1.923100366E-1,-7.207952230E-2,1.773825468E2
1.421020213E2,2.284075640E-2,6.661816151E-4,1.668788376E-3,9.997375011E-1,1.773824145E2,1.929230167E-1,-7.195095352E-2,1.773822891E2
1.421070213E2,2.283262035E-2,6.726513966E-4,1.670407015E-3,9.997376800E-1,1.773833470E2,1.931247956E-1,-7.268947643E-2,1.773832203E2
1.421120213E2,2.283037278E-2,6.735411589E-4,1.665086951E-3,9.997377396E-1,1.773836047E2,1.925174836E-1,-7.280576203E-2,1.773834781E2
1.421170213E2,2.283576387E-2,6.690363516E-4,1.664550509E-3,9.997376204E-1,1.773829867E2,1.924446306E-1,-7.229005007E-2,1.773828611E2
1.421220213E2,2.282769546E-2,6.751856417E-4,1.665340737E-3,9.997377992E-1,1.773839115E2,1.925506651E-1,-7.299400820E-2,1.773837847E2
1.421270213E2,2.283782444E-2,6.690120208E-4,1.672072103E-3,9.997375607E-1,1.773827505E2,1.933064040E-1,-7.226718089E-2,1.773826244E2
1.421320213E2,2.284596873E-2,6.635145983E-4,1.669917023E-3,9.997373819E-1,1.773818170E2,1.930457085E-1,-7.164145533E-2,1.773816921E2
1.421370213E2,2.284090678E-2,6.661987863E-4,1.666722004E-3,9.997375011E-1,1.773823972E2,1.926863450E-1,-7.195830040E-2,1.773822720E2
1.421420213E2,2.283780752E-2,6.677703350E-4,1.672799466E-3,9.997375607E-1,1.773827525E2,1.933864808E-1,-7.212303113E-2,1.773826265E2
1.421470213E2,2.283478835E-2,6.706056301E-4,1.677253284E-3,9.997376204E-1,1.773830985E2,1.939039209E-1,-7.243677613E-2,1.773829717E2
1.421520213E2,2.283556993E-2,6.707181456E-4,1.666533179E-3,9.997376204E-1,1.773830090E2,1.926761564E-1,-7.247756786E-2,1.773828829E2
1.421570213E2,2.283304124E-2,6.709751324E-4,1.665320247E-3,9.997376800E-1,1.773832988E2,1.925376899E-1,-7.251066977E-2,1.773831728E2
1.421620213E2,2.282412479E-2,6.773928762E-4,1.677558874E-3,9.997378588E-1,1.773843208E2,1.939559116E-1,-7.321560258E-2,1.773841926E2
1.421670213E2,2.282146106E-2,6.797047099E-4,1.677341992E-3,9.997379184E-1,1.773846261E2,1.939369168E-1,-7.348153386E-2,1.773844975E2
1.421720213E2,2.283301516E-2,6.711696042E-4,1.665599411E-3,9.997376800E-1,1.773833018E2,1.925701784E-1,-7.253222332E-2,1.773831757E2
1.421770213E2,2.283829540E-2,6.671263836E-4,1.666383236E-3,9.997375607E-1,1.773826966E2,1.926497750E-1,-7.206595730E-2,1.773825712E2
1.421820213E2,2.282978550E-2,6.731206086E-4,1.673288993E-3,9.997377396E-1,1.773836720E2,1.934559821E-1,-7.273623778E-2,1.773835449E2
1.421870213E2,2.282503490E-2,6.770216278E-4,1.665281015E-3,9.997378588E-1,1.773842165E2,1.925484319E-1,-7.320501026E-2,1.773840893E2
1.421920213E2,2.283339776E-2,6.706784479E-4,1.660544658E-3,9.997376800E-1,1.773832579E2,1.919898387E-1,-7.248910850E-2,1.773831323E2
1.421970213E2,2.282762998E-2,6.751057808E-4,1.666270429E-3,9.997377992E-1,1.773839191E2,1.926569588E-1,-7.298243976E-2,1.773837921E2
1.422020213E2,2.281636375E-2,6.828807527E-4,1.674342435E-3,9.997380376E-1,1.773852104E2,1.936012122E-1,-7.385421809E-2,1.773850814E2
1.422070213E2,2.282489623E-2,6.772096967E-4,1.667104196E-3,9.997378588E-1,1.773842324E2,1.927577808E-1,-7.322181360E-2,1.773841050E2
1.422120213E2,2.283584559E-2,6.702634273E-4,1.662934897E-3,9.997376204E-1,1.773829774E2,1.922627604E-1,-7.243483795E-2,1.773828516E2
1.422170213E2,2.282971283E-2,6.744074053E-4,1.673762337E-3,9.997377396E-1,1.773836803E2,1.935135709E-1,-7.288243089E-2,1.773835530E2
1.422220213E2,2.283000481E-2,6.739299861E-4,1.669967780E-3,9.997377396E-1,1.773836468E2,1.930776313E-1,-7.283760803E-2,1.773835199E2
1.422270213E2,2.284114493E-2,6.656646729E-4,1.663669012E-3,9.997375011E-1,1.773823699E2,1.923352074E-1,-7.190505695E-2,1.773822451E2
1.422320213E2,2.284659677E-2,6.624935195E-4,1.661709859E-3,9.997373819E-1,1.773817450E2,1.921028519E-1,-7.154584536E-2,1.773816209E2
1.422370213E2,2.284075314E-2,6.659664214E-4,1.668918878E-3,9.997375011E-1,1.773824149E2,1.929374036E-1,-7.192595964E-2,1.773822895E2
1.422420213E2,2.283810716E-2,6.678998470E-4,1.668651821E-3,9.997375607E-1,1.773827181E2,1.929116793E-1,-7.214866541E-2,1.773825925E2
1.422470213E2,2.283867736E-2,6.670231232E-4,1.661181566E-3,9.997375607E-1,1.773826528E2,1.920536191E-1,-7.206766809E-2,1.773825278E2
1.422520213E2,2.284415095E-2,6.644871901E-4,1.658676541E-3,9.997374415E-1,1.773820254E2,1.917603940E-1,-7.178265410E-2,1.773819011E2
1.422570213E2,2.284404980E-2,6.647804403E-4,1.659951522E-3,9.997374415E-1,1.773820370E2,1.919072187E-1,-7.181293096E-2,1.773819125E2
1.422620213E2,2.284163098E-2,6.663688109E-4,1.656699227E-3,9.997375011E-1,1.773823142E2,1.915386140E-1,-7.200387459E-2,1.773821897E2
1.422670213E2,2.284990597E-2,6.608263939E-4,1.652708394E-3,9.997373223E-1,1.773813657E2,1.910674983E-1,-7.137779173E-2,1.773812426E2
1.422720213E2,2.285225764E-2,6.592610152E-4,1.656868495E-3,9.997372627E-1,1.773810962E2,1.915401553E-1,-7.118711569E-2,1.773809730E2
1.422770213E2,2.284142289E-2,6.668730639E-4,1.659363159E-3,9.997375011E-1,1.773823381E2,1.918451041E-1,-7.205470943E-2,1.773822133E2
1.422820213E2,2.283632587E-2,6.693523610E-4,1.656694803E-3,9.997376204E-1,1.773829223E2,1.915455337E-1,-7.234670263E-2,1.773827972E2
1.422870213E2,2.284146150E-2,6.655031466E-4,1.659381669E-3,9.997375011E-1,1.773823337E2,1.918436412E-1,-7.189771377E-2,1.773822091E2
1.422920213E2,2.283840769E-2,6.677093916E-4,1.664609881E-3,9.997375607E-1,1.773826837E2,1.924481502E-1,-7.213736719E-2,1.773825583E2
1.422970213E2,2.282506912E-2,6.767704617E-4,1.664914074E-3,9.997378588E-1,1.773842126E2,1.925057399E-1,-7.317718950E-2,1.773840854E2
1.423020213E2,2.283349450E-2,6.719821831E-4,1.658686320E-3,9.997376800E-1,1.773832469E2,1.917803628E-1,-7.264331047E-2,1.773831211E2
1.423070213E2,2.282563687E-2,6.769786705E-4,1.657027053E-3,9.997378588E-1,1.773841475E2,1.916027737E-1,-7.322156343E-2,1.773840209E2
1.423120213E2,2.281468524E-2,6.851466605E-4,1.660643495E-3,9.997380972E-1,1.773854028E2,1.920376355E-1,-7.414994506E-2,1.773852743E2
1.423170213E2,2.281223825E-2,6.867667544E-4,1.657704590E-3,9.997381568E-1,1.773856833E2,1.917050030E-1,-7.434369858E-2,1.773855547E2
1.423220213E2,2.281780135E-2,6.827406469E-4,1.654693275E-3,9.997380376E-1,1.773850456E2,1.913499059E-1,-7.388926875E-2,1.773849180E2
1.423270213E2,2.281471584E-2,6.839074194E-4,1.660733833E-3,9.997380972E-1,1.773853993E2,1.920447468E-1,-7.400773356E-2,1.773852710E2
1.423320213E2,2.281726037E-2,6.819067057E-4,1.662478782E-3,9.997380376E-1,1.773851076E2,1.922396080E-1,-7.377347715E-2,1.773849796E2
1.423370213E2,2.282571014E-2,6.766075967E-4,1.656169072E-3,9.997378588E-1,1.773841391E2,1.915035164E-1,-7.318128286E-2,1.773840126E2
1.423420213E2,2.282334609E-2,6.781167467E-4,1.652147155E-3,9.997379184E-1,1.773844101E2,1.910465324E-1,-7.336514559E-2,1.773842836E2
1.423470213E2,2.281256197E-2,6.853620871E-4,1.653826563E-3,9.997381568E-1,1.773856462E2,1.912570802E-1,-7.419285375E-2,1.773855181E2
1.423520213E2,2.281283004E-2,6.851358339E-4,1.650218619E-3,9.997381568E-1,1.773856154E2,1.908431754E-1,-7.417631475E-2,1.773854877E2
1.423570213E2,2.282118462E-2,6.802325952E-4,1.645052456E-3,9.997379780E-1,1.773846578E2,1.902391253E-1,-7.362650796E-2,1.773845315E2
1.423620213E2,2.282931884E-2,6.743734120E-4,1.643270254E-3,9.997377992E-1,1.773837255E2,1.900202217E-1,-7.295838553E-2,1.773836004E2
1.423670213E2,2.282643322E-2,6.758565432E-4,1.646481687E-3,9.997378588E-1,1.773840562E2,1.903917991E-1,-7.312044321E-2,1.773839306E2
1.423720213E2,2.282652110E-2,6.759667885E-4,1.645217533E-3,9.997378588E-1,1.773840462E2,1.902472700E-1,-7.313636320E-2,1.773839206E2
1.423770213E2,2.283204313E-2,6.724623381E-4,1.642465941E-3,9.997377396E-1,1.773834132E2,1.899232761E-1,-7.274103662E-2,1.773832885E2
1.423820213E2,2.283441864E-2,6.709429435E-4,1.646339078E-3,9.997376800E-1,1.773831409E2,1.903631867E-1,-7.255638608E-2,1.773830163E2
1.423870213E2,2.283121856E-2,6.726032007E-4,1.653831103E-3,9.997377396E-1,1.773835077E2,1.912255994E-1,-7.272759495E-2,1.773833822E2
1.423920213E2,2.282612038E-2,6.761492114E-4,1.650693244E-3,9.997378588E-1,1.773840921E2,1.908750259E-1,-7.314301467E-2,1.773839661E2
1.423970213E2,2.282875196E-2,6.751460023E-4,1.650811057E-3,9.997377992E-1,1.773837904E2,1.908860905E-1,-7.302727484E-2,1.773836646E2
1.424020213E2,2.283112460E-2,6.737840013E-4,1.654647407E-3,9.997377396E-1,1.773835185E2,1.913221996E-1,-7.286075151E-2,1.773833927E2
1.424070213E2,2.281984672E-2,6.807591999E-4,1.663293107E-3,9.997379780E-1,1.773848112E2,1.923300884E-1,-7.363939021E-2,1.773846834E2
1.424120213E2,2.281497596E-2,6.833942607E-4,1.657368266E-3,9.997380972E-1,1.773853695E2,1.916578583E-1,-7.395769471E-2,1.773852416E2
1.424170213E2,2.281776503E-2,6.823101430E-4,1.655371627E-3,9.997380376E-1,1.773850498E2,1.914264907E-1,-7.383818271E-2,1.773849222E2
1.424220213E2,2.281185301E-2,6.858968991E-4,1.663356437E-3,9.997381568E-1,1.773857274E2,1.923501870E-1,-7.422934550E-2,1.773855986E2
1.424270213E2,2.281446374E-2,6.839064881E-4,1.664193929E-3,9.997380972E-1,1.773854282E2,1.924411211E-1,-7.399862895E-2,1.773852997E2
1.424320213E2,2.281218606E-2,6.860587746E-4,1.658715657E-3,9.997381568E-1,1.773856893E2,1.918189780E-1,-7.425995814E-2,1.773855607E2
1.424370213E2,2.282316340E-2,6.782450946E-4,1.654616324E-3,9.997379184E-1,1.773844310E2,1.913297275E-1,-7.337342620E-2,1.773843043E2
1.424420213E2,2.281734727E-2,6.816880777E-4,1.661375398E-3,9.997380376E-1,1.773850977E2,1.921126368E-1,-7.375129921E-2,1.773849698E2
1.424470213E2,2.281510628E-2,6.837781984E-4,1.655414701E-3,9.997380972E-1,1.773853545E2,1.914350676E-1,-7.400676193E-2,1.773852267E2
1.424520213E2,2.282068421E-2,6.801101263E-4,1.652030158E-3,9.997379780E-1,1.773847152E2,1.910381471E-1,-7.359432494E-2,1.773845883E2
1.424570213E2,2.282556324E-2,6.768825697E-4,1.658080262E-3,9.997378588E-1,1.773841559E2,1.917231746E-1,-7.320781315E-2,1.773840293E2
1.424620213E2,2.282276475E-2,6.784570287E-4,1.660019392E-3,9.997379184E-1,1.773844767E2,1.919492385E-1,-7.338365066E-2,1.773843496E2
1.424670213E2,2.281786781E-2,6.824549637E-4,1.653894549E-3,9.997380376E-1,1.773850380E2,1.912576601E-1,-7.385861627E-2,1.773849105E2
1.424720213E2,2.282601698E-2,6.759019452E-4,1.652223640E-3,9.997378588E-1,1.773841039E2,1.910496966E-1,-7.311070401E-2,1.773839779E2
1.424770213E2,2.282820114E-2,6.748363958E-4,1.658536727E-3,9.997377992E-1,1.773838536E2,1.917703078E-1,-7.297170027E-2,1.773837273E2
1.424820213E2,2.283077135E-2,6.735055358E-4,1.659627538E-3,9.997377396E-1,1.773835590E2,1.918919786E-1,-7.281588794E-2,1.773834329E2
1.424870213E2,2.282866290E-2,6.745195715E-4,1.652298146E-3,9.997377992E-1,1.773838007E2,1.910548088E-1,-7.295163658E-2,1.773836749E2
1.424920213E2,2.282877435E-2,6.746103172E-4,1.650720485E-3,9.997377992E-1,1.773837879E2,1.908743146E-1,-7.296613859E-2,1.773836622E2
1.424970213E2,2.283366663E-2,6.716232165E-4,1.656460692E-3,9.997376800E-1,1.773832271E2,1.915244637E-1,-7.260797742E-2,1.773831016E2
1.425020213E2,2.283358846E-2,6.722343387E-4,1.657290151E-3,9.997376800E-1,1.773832361E2,1.916210817E-1,-7.267583308E-2,1.773831104E2
1.425070213E2,2.282885332E-2,6.752976333E-4,1.649346785E-3,9.997377992E-1,1.773837788E2,1.907187448E-1,-7.304845728E-2,1.773836531E2
1.425120213E2,2.283144702E-2,6.728740409E-4,1.650563907E-3,9.997377396E-1,1.773834815E2,1.908520285E-1,-7.276712749E-2,1.773833562E2
1.425170213E2,2.283314116E-2,6.716364296E-4,1.663682866E-3,9.997376800E-1,1.773832874E2,1.923518461E-1,-7.259069416E-2,1.773831613E2
1.425220213E2,2.282517510E-2,6.765843718E-4,1.663536183E-3,9.997378588E-1,1.773842004E2,1.923474069E-1,-7.315945450E-2,1.773840734E2
1.425270213E2,2.282322330E-2,6.779732648E-4,1.653901418E-3,9.997379184E-1,1.773844242E2,1.912471197E-1,-7.334414331E-2,1.773842976E2
1.425320213E2,2.282832774E-2,6.743511185E-4,1.656990848E-3,9.997377992E-1,1.773838391E2,1.915919486E-1,-7.292012599E-2,1.773837130E2
1.425370213E2,2.282020078E-2,6.798033137E-4,1.658820431E-3,9.997379780E-1,1.773847706E2,1.918152160E-1,-7.354151092E-2,1.773846433E2
1.425420213E2,2.282582216E-2,6.767174928E-4,1.654579537E-3,9.997378588E-1,1.773841263E2,1.913217119E-1,-7.319800914E-2,1.773839999E2
1.425470213E2,2.282853646E-2,6.742543192E-4,1.654152293E-3,9.997377992E-1,1.773838151E2,1.912665203E-1,-7.291642242E-2,1.773836893E2
1.425520213E2,2.282524447E-2,6.764408899E-4,1.662642462E-3,9.997378588E-1,1.773841925E2,1.922446503E-1,-7.314534136E-2,1.773840656E2
1.425570213E2,2.282526213E-2,6.767950254E-4,1.662255847E-3,9.997378588E-1,1.773841905E2,1.922012866E-1,-7.318691954E-2,1.773840635E2
1.425620213E2,2.283107842E-2,6.740324316E-4,1.655183383E-3,9.997377396E-1,1.773835238E2,1.913842488E-1,-7.288781859E-2,1.773833979E2
1.425670213E2,2.282811994E-2,6.745110732E-4,1.659786212E-3,9.997377992E-1,1.773838629E2,1.919125943E-1,-7.293117768E-2,1.773837365E2
1.425720213E2,2.283301280E-2,6.724211271E-4,1.665126998E-3,9.997376800E-1,1.773833021E2,1.925193327E-1,-7.267683629E-2,1.773831757E2
1.425770213E2,2.283361861E-2,6.716168136E-4,1.657125074E-3,9.997376800E-1,1.773832326E2,1.916005563E-1,-7.260551463E-2,1.773831070E2
1.425820213E2,2.283681191E-2,6.695928168E-4,1.649883925E-3,9.997376204E-1,1.773828666E2,1.907659311E-1,-7.239198080E-2,1.773827419E2
1.425870213E2,2.282857514E-2,6.742934347E-4,1.653602463E-3,9.997377992E-1,1.773838107E2,1.912036359E-1,-7.292233456E-2,1.773836849E2
1.425920213E2,2.282828400E-2,6.744995480E-4,1.657532877E-3,9.997377992E-1,1.773838441E2,1.916544297E-1,-7.293572071E-2,1.773837179E2
1.425970213E2,2.283131946E-2,6.727698492E-4,1.652369858E-3,9.997377396E-1,1.773834962E2,1.910586397E-1,-7.275049038E-2,1.773833707E2
1.426020213E2,2.282827495E-2,6.752423942E-4,1.657355111E-3,9.997377992E-1,1.773838451E2,1.916360073E-1,-7.302128910E-2,1.773837188E2
1.426070213E2,2.283312824E-2,6.712631439E-4,1.664010808E-3,9.997376800E-1,1.773832888E2,1.923884380E-1,-7.254707436E-2,1.773831628E2
1.426120213E2,2.285184253E-2,6.589656696E-4,1.662701019E-3,9.997372627E-1,1.773811438E2,1.922075370E-1,-7.113808603E-2,1.773810203E2
1.426170213E2,2.284414622E-2,6.636927719E-4,1.659059664E-3,9.997374415E-1,1.773820259E2,1.918022050E-1,-7.169064230E-2,1.773819018E2
1.426220213E2,2.283634057E-2,6.688842550E-4,1.656681299E-3,9.997376204E-1,1.773829206E2,1.915427626E-1,-7.229310821E-2,1.773827956E2
1.426270213E2,2.284923123E-2,6.613715086E-4,1.661794027E-3,9.997373223E-1,1.773814431E2,1.921097447E-1,-7.141657951E-2,1.773813192E2
1.426320213E2,2.284163599E-2,6.664228276E-4,1.656608423E-3,9.997375011E-1,1.773823137E2,1.915283531E-1,-7.201029955E-2,1.773821891E2
1.426370213E2,2.283169499E-2,6.723088445E-4,1.647360972E-3,9.997377396E-1,1.773834531E2,1.904836332E-1,-7.271071070E-2,1.773833281E2
1.426420213E2,2.284227960E-2,6.660670042E-4,1.647854107E-3,9.997375011E-1,1.773822399E2,1.905245570E-1,-7.199232841E-2,1.773821161E2
1.426470213E2,2.285272033E-2,6.591396523E-4,1.650522929E-3,9.997372627E-1,1.773810432E2,1.908129106E-1,-7.118974164E-2,1.773809205E2
1.426520213E2,2.284783245E-2,6.616700557E-4,1.644963981E-3,9.997373819E-1,1.773816034E2,1.901823450E-1,-7.149511635E-2,1.773814806E2
1.426570213E2,2.284511008E-2,6.641392247E-4,1.645553974E-3,9.997374415E-1,1.773819155E2,1.902562058E-1,-7.177696137E-2,1.773817922E2
1.426620213E2,2.284474881E-2,6.633062148E-4,1.650896738E-3,9.997374415E-1,1.773819569E2,1.908660761E-1,-7.166761220E-2,1.773818333E2
1.426670213E2,2.284703126E-2,6.617652834E-4,1.656016568E-3,9.997373819E-1,1.773816952E2,1.914487421E-1,-7.147724026E-2,1.773815717E2
1.426720213E2,2.284235958E-2,6.661132793E-4,1.646726276E-3,9.997375011E-1,1.773822307E2,1.903954774E-1,-7.200056680E-2,1.773821070E2
1.426770213E2,2.284005001E-2,6.667030975E-4,1.642330666E-3,9.997375607E-1,1.773824954E2,1.898932857E-1,-7.208008221E-2,1.773823719E2
1.426820213E2,2.283949086E-2,6.682689418E-4,1.649454935E-3,9.997375607E-1,1.773825595E2,1.907135137E-1,-7.224092729E-2,1.773824352E2
1.426870213E2,2.284444932E-2,6.642825319E-4,1.654644264E-3,9.997374415E-1,1.773819912E2,1.912979343E-1,-7.176970706E-2,1.773818672E2
1.426920213E2,2.284244792E-2,6.657339982E-4,1.645653858E-3,9.997375011E-1,1.773822206E2,1.902716326E-1,-7.195990620E-2,1.773820970E2
1.426970213E2,2.283493320E-2,6.703073741E-4,1.639446593E-3,9.997376800E-1,1.773830819E2,1.895719445E-1,-7.250151268E-2,1.773829579E2
1.427020213E2,2.283730858E-2,6.700648228E-4,1.642802381E-3,9.997376204E-1,1.773828097E2,1.899559273E-1,-7.246449280E-2,1.773826854E2
1.427070213E2,2.284033281E-2,6.680866354E-4,1.637829351E-3,9.997375607E-1,1.773824630E2,1.893812486E-1,-7.225031061E-2,1.773823395E2
1.427120213E2,2.283831328E-2,6.690257578E-4,1.629202394E-3,9.997376204E-1,1.773826945E2,1.883952402E-1,-7.238085899E-2,1.773825715E2
1.427170213E2,2.283806856E-2,6.688549765E-4,1.632699277E-3,9.997376204E-1,1.773827226E2,1.887953851E-1,-7.235218818E-2,1.773825993E2
1.427220213E2,2.284583841E-2,6.628130213E-4,1.635949127E-3,9.997374415E-1,1.773818320E2,1.891524366E-1,-7.165003703E-2,1.773817096E2
1.427270213E2,2.284571332E-2,6.639162311E-4,1.637248206E-3,9.997374415E-1,1.773818463E2,1.893041410E-1,-7.177304503E-2,1.773817237E2
1.427320213E2,2.284864358E-2,6.619652850E-4,1.633539097E-3,9.997373819E-1,1.773815104E2,1.888743202E-1,-7.155869873E-2,1.773813884E2
1.427370213E2,2.285085820E-2,6.600206252E-4,1.639814582E-3,9.997373223E-1,1.773812566E2,1.895883170E-1,-7.131906396E-2,1.773811345E2
1.427420213E2,2.284824006E-2,6.617779145E-4,1.639249153E-3,9.997373819E-1,1.773815567E2,1.895279552E-1,-7.152235865E-2,1.773814343E2
1.427470213E2,2.285374188E-2,6.573465653E-4,1.637038542E-3,9.997372627E-1,1.773809261E2,1.892634906E-1,-7.101944318E-2,1.773808047E2
1.427520213E2,2.285167311E-2,6.587486714E-4,1.628933940E-3,9.997373223E-1,1.773811632E2,1.883385375E-1,-7.120168600E-2,1.773810421E2
1.427570213E2,2.285439750E-2,6.569504039E-4,1.628019847E-3,9.997372627E-1,1.773808509E2,1.882293012E-1,-7.099755461E-2,1.773807303E2
1.427620213E2,2.285705226E-2,6.553757703E-4,1.627986436E-3,9.997372031E-1,1.773805466E2,1.882215371E-1,-7.081674993E-2,1.773804263E2
1.427670213E2,2.285977703E-2,6.548839738E-4,1.626528334E-3,9.997371435E-1,1.773802343E2,1.880533989E-1,-7.076371573E-2,1.773801142E2
1.427720213E2,2.285441059E-2,6.586535019E-4,1.627147663E-3,9.997372627E-1,1.773808494E2,1.881338440E-1,-7.119494587E-2,1.773807285E2
1.427770213E2,2.285431287E-2,6.570696132E-4,1.629159320E-3,9.997372627E-1,1.773808606E2,1.883601475E-1,-7.100824302E-2,1.773807399E2
1.427820213E2,2.285963162E-2,6.541801267E-4,1.628853614E-3,9.997371435E-1,1.773802510E2,1.883179329E-1,-7.067701792E-2,1.773801308E2
1.427870213E2,2.285459382E-2,6.577544846E-4,1.624936238E-3,9.997372627E-1,1.773808284E2,1.878781573E-1,-7.109771050E-2,1.773807078E2
1.427920213E2,2.284640976E-2,6.630903808E-4,1.627837773E-3,9.997374415E-1,1.773817665E2,1.882239519E-1,-7.170294025E-2,1.773816447E2
1.427970213E2,2.285120240E-2,6.600331399E-4,1.635006047E-3,9.997373223E-1,1.773812171E2,1.890374997E-1,-7.133302440E-2,1.773810954E2
1.428020213E2,2.284921784E-2,6.608323311E-4,1.625947771E-3,9.997373819E-1,1.773814446E2,1.880017180E-1,-7.144867487E-2,1.773813234E2
1.428070213E2,2.284917225E-2,6.622298388E-4,1.626019832E-3,9.997373819E-1,1.773814498E2,1.880136298E-1,-7.160859534E-2,1.773813283E2
1.428120213E2,2.285156925E-2,6.603055517E-4,1.629760372E-3,9.997373223E-1,1.773811751E2,1.884372851E-1,-7.137789991E-2,1.773810537E2
1.428170213E2,2.285430400E-2,6.585693918E-4,1.628678176E-3,9.997372627E-1,1.773808616E2,1.883089544E-1,-7.118132169E-2,1.773807406E2
1.428220213E2,2.284696500E-2,6.626035320E-4,1.620225376E-3,9.997374415E-1,1.773817028E2,1.873506265E-1,-7.166699231E-2,1.773815817E2
1.428270213E2,2.284451365E-2,6.650749710E-4,1.616996247E-3,9.997375011E-1,1.773819838E2,1.869869864E-1,-7.195903709E-2,1.773818624E2
1.428320213E2,2.285497083E-2,6.581912749E-4,1.619447488E-3,9.997372627E-1,1.773807852E2,1.872505270E-1,-7.116205465E-2,1.773806649E2
1.428370213E2,2.285511884E-2,6.578767207E-4,1.617485192E-3,9.997372627E-1,1.773807682E2,1.870249092E-1,-7.113113063E-2,1.773806482E2
1.428420213E2,2.284735211E-2,6.632672157E-4,1.614484936E-3,9.997374415E-1,1.773816585E2,1.866947566E-1,-7.175798222E-2,1.773815376E2
1.428470213E2,2.284191670E-2,6.669003633E-4,1.616079477E-3,9.997375607E-1,1.773822815E2,1.868865511E-1,-7.217104228E-2,1.773821598E2
1.428520213E2,2.284387895E-2,6.641669315E-4,1.626309473E-3,9.997375011E-1,1.773820566E2,1.880515040E-1,-7.183074887E-2,1.773819347E2
1.428570213E2,2.284930297E-2,6.620540516E-4,1.624253578E-3,9.997373819E-1,1.773814349E2,1.878108336E-1,-7.159305719E-2,1.773813135E2
1.428620213E2,2.283914652E-2,6.683810498E-4,1.617746195E-3,9.997376204E-1,1.773825990E2,1.870811693E-1,-7.233682754E-2,1.773824769E2
1.428670213E2,2.284157129E-2,6.666820263E-4,1.621044008E-3,9.997375607E-1,1.773823211E2,1.874547006E-1,-7.213309880E-2,1.773821991E2
1.428720213E2,2.284955436E-2,6.621127832E-4,1.620689291E-3,9.997373819E-1,1.773814060E2,1.874026739E-1,-7.160907139E-2,1.773812849E2
1.428770213E2,2.284984457E-2,6.611674326E-4,1.616979367E-3,9.997373819E-1,1.773813728E2,1.869752034E-1,-7.151043073E-2,1.773812521E2
1.428820213E2,2.283921412E-2,6.679266226E-4,1.616979251E-3,9.997376204E-1,1.773825913E2,1.869921221E-1,-7.228676234E-2,1.773824693E2
1.428870213E2,2.283945860E-2,6.685071858E-4,1.613281900E-3,9.997376204E-1,1.773825632E2,1.865700840E-1,-7.236290403E-2,1.773824414E2
1.428920213E2,2.283950680E-2,6.676288904E-4,1.612963271E-3,9.997376204E-1,1.773825577E2,1.865312858E-1,-7.226311013E-2,1.773824361E2
1.428970213E2,2.284248427E-2,6.661611260E-4,1.608343679E-3,9.997375607E-1,1.773822164E2,1.859984293E-1,-7.210649789E-2,1.773820954E2
1.429020213E2,2.284018592E-2,6.678905920E-4,1.603208948E-3,9.997376204E-1,1.773824799E2,1.854145463E-1,-7.231849550E-2,1.773823589E2
1.429070213E2,2.284536141E-2,6.653384771E-4,1.604865189E-3,9.997375011E-1,1.773818866E2,1.855979806E-1,-7.202082542E-2,1.773817660E2
1.429120213E2,2.284509765E-2,6.643002271E-4,1.609044499E-3,9.997375011E-1,1.773819169E2,1.860740328E-1,-7.189098953E-2,1.773817962E2
1.429170213E2,2.284007101E-2,6.679230137E-4,1.604831661E-3,9.997376204E-1,1.773824930E2,1.856005239E-1,-7.231798379E-2,1.773823720E2
1.429220213E2,2.284022858E-2,6.682905369E-4,1.602434320E-3,9.997376204E-1,1.773824750E2,1.853268535E-1,-7.236633341E-2,1.773823540E2
1.429270213E2,2.284804265E-2,6.623047520E-4,1.605080324E-3,9.997374415E-1,1.773815793E2,1.856148761E-1,-7.167221623E-2,1.773814593E2
1.429320213E2,2.283731531E-2,6.695435732E-4,1.606241683E-3,9.997376800E-1,1.773828089E2,1.857661009E-1,-7.250045902E-2,1.773826874E2
1.429370213E2,2.283511603E-2,6.722586695E-4,1.599261654E-3,9.997377396E-1,1.773830610E2,1.849734016E-1,-7.283017891E-2,1.773829395E2
1.429420213E2,2.283760962E-2,6.707705325E-4,1.601538388E-3,9.997376800E-1,1.773827752E2,1.852305153E-1,-7.265327577E-2,1.773826538E2
1.429470213E2,2.283489547E-2,6.719190278E-4,1.602550270E-3,9.997377396E-1,1.773830863E2,1.853492468E-1,-7.278270415E-2,1.773829646E2
1.429520213E2,2.284031556E-2,6.679802318E-4,1.601323485E-3,9.997376204E-1,1.773824650E2,1.851987882E-1,-7.233367579E-2,1.773823442E2
1.429570213E2,2.284031749E-2,6.674274919E-4,1.601526397E-3,9.997376204E-1,1.773824648E2,1.852205874E-1,-7.226982159E-2,1.773823440E2
1.429620213E2,2.283502929E-2,6.711954484E-4,1.600945834E-3,9.997377396E-1,1.773830709E2,1.851635557E-1,-7.270398349E-2,1.773829495E2
1.429670213E2,2.283226991E-2,6.728892331E-4,1.602369011E-3,9.997377992E-1,1.773833872E2,1.853308291E-1,-7.289481341E-2,1.773832654E2
1.429720213E2,2.283236367E-2,6.737904623E-4,1.600653399E-3,9.997377992E-1,1.773833765E2,1.851366504E-1,-7.300253119E-2,1.773832546E2
1.429770213E2,2.283019275E-2,6.752263871E-4,1.593770925E-3,9.997378588E-1,1.773836253E2,1.843517797E-1,-7.318544142E-2,1.773835036E2
1.429820213E2,2.282475542E-2,6.785874721E-4,1.595443697E-3,9.997379780E-1,1.773842485E2,1.845518098E-1,-7.356711987E-2,1.773841261E2
1.429870213E2,2.283525223E-2,6.721941172E-4,1.597342896E-3,9.997377396E-1,1.773830454E2,1.847534261E-1,-7.282777960E-2,1.773829240E2
1.429920213E2,2.283001857E-2,6.759405951E-4,1.595961745E-3,9.997378588E-1,1.773836453E2,1.846046202E-1,-7.326156259E-2,1.773835233E2
1.429970213E2,2.282768631E-2,6.778250681E-4,1.591178938E-3,9.997379184E-1,1.773839126E2,1.840614519E-1,-7.349039318E-2,1.773837906E2
1.430020213E2,2.283279802E-2,6.727353320E-4,1.594890957E-3,9.997377992E-1,1.773833267E2,1.844737648E-1,-7.289665123E-2,1.773832054E2
1.430070213E2,2.283264953E-2,6.741050747E-4,1.596437651E-3,9.997377992E-1,1.773833437E2,1.846545305E-1,-7.304955147E-2,1.773832221E2
1.430120213E2,2.283548706E-2,6.721120444E-4,1.594016794E-3,9.997377396E-1,1.773830185E2,1.843721839E-1,-7.282703783E-2,1.773828974E2
1.430170213E2,2.284355444E-2,6.658413331E-4,1.593205379E-3,9.997375607E-1,1.773820938E2,1.842633974E-1,-7.210929190E-2,1.773819739E2
1.430220213E2,2.284313175E-2,6.665347610E-4,1.598965609E-3,9.997375607E-1,1.773821422E2,1.849250850E-1,-7.217373110E-2,1.773820218E2
1.430270213E2,2.283779342E-2,6.691636518E-4,1.599588431E-3,9.997376800E-1,1.773827541E2,1.850029321E-1,-7.247425831E-2,1.773826332E2
1.430320213E2,2.284359326E-2,6.664827233E-4,1.592380344E-3,9.997375607E-1,1.773820893E2,1.841705618E-1,-7.218492317E-2,1.773819694E2
1.430370213E2,2.283566477E-2,6.710361922E-4,1.591922832E-3,9.997377396E-1,1.773829981E2,1.841294929E-1,-7.270923345E-2,1.773828774E2
1.430420213E2,2.282749464E-2,6.762559642E-4,1.594592701E-3,9.997379184E-1,1.773839346E2,1.844484200E-1,-7.330173919E-2,1.773838127E2
1.430470213E2,2.283560079E-2,6.717752549E-4,1.592528773E-3,9.997377396E-1,1.773830054E2,1.842008403E-1,-7.279232771E-2,1.773828845E2
1.430520213E2,2.284122330E-2,6.685160915E-4,1.588097541E-3,9.997376204E-1,1.773823610E2,1.836850676E-1,-7.242951593E-2,1.773822410E2
1.430570213E2,2.283580434E-2,6.720125675E-4,1.589507097E-3,9.997377396E-1,1.773829821E2,1.838553073E-1,-7.282738458E-2,1.773828613E2
1.430620213E2,2.282741605E-2,6.772032939E-4,1.595315523E-3,9.997379184E-1,1.773839436E2,1.845337005E-1,-7.340839039E-2,1.773838214E2
1.430670213E2,2.284652657E-2,6.638881750E-4,1.588798827E-3,9.997375011E-1,1.773817531E2,1.837536748E-1,-7.189652434E-2,1.773816339E2
1.430720213E2,2.284929479E-2,6.627394469E-4,1.586974366E-3,9.997374415E-1,1.773814358E2,1.835418521E-1,-7.176919277E-2,1.773813170E2
1.430770213E2,2.283840865E-2,6.696576020E-4,1.590572414E-3,9.997376800E-1,1.773826836E2,1.839713777E-1,-7.255432900E-2,1.773825632E2
1.430820213E2,2.282978518E-2,6.753485650E-4,1.599546988E-3,9.997378588E-1,1.773836720E2,1.850137863E-1,-7.318440198E-2,1.773835499E2
1.430870213E2,2.282703545E-2,6.778342067E-4,1.600485179E-3,9.997379184E-1,1.773839872E2,1.851275688E-1,-7.346721564E-2,1.773838646E2
1.430920213E2,2.282996492E-2,6.756641087E-4,1.559082768E-3,9.997379184E-1,1.773836514E2,1.803789670E-1,-7.332638224E-2,1.773835322E2
1.430970213E2,2.282373742E-2,6.797376554E-4,1.571995672E-3,9.997380376E-1,1.773843652E2,1.818684928E-1,-7.376040370E-2,1.773842443E2
1.431020213E2,2.283503681E-2,6.700971280E-4,1.638088957E-3,9.997376800E-1,1.773830701E2,1.894158684E-1,-7.248095962E-2,1.773829462E2
1.431070213E2,2.283307441E-2,6.733791670E-4,1.590656815E-3,9.997377992E-1,1.773832950E2,1.839903984E-1,-7.298143803E-2,1.773831739E2
1.431120213E2,2.284141288E-2,6.680330262E-4,1.547533786E-3,9.997376800E-1,1.773823392E2,1.790367572E-1,-7.248031826E-2,1.773822223E2
1.431170213E2,2.283130548E-2,6.743512349E-4,1.615442918E-3,9.997377992E-1,1.773834978E2,1.868323559E-1,-7.302827481E-2,1.773833747E2
1.431220213E2,2.282244983E-2,6.805421435E-4,1.627276069E-3,9.997379780E-1,1.773845128E2,1.882035309E-1,-7.370822173E-2,1.773843877E2
1.431270213E2,2.281660541E-2,6.849596975E-4,1.559492433E-3,9.997382164E-1,1.773851827E2,1.804492267E-1,-7.439263904E-2,1.773850618E2
1.431320213E2,2.283449148E-2,6.728064036E-4,1.570428489E-3,9.997377992E-1,1.773831326E2,1.816716076E-1,-7.296849333E-2,1.773830131E2
1.431370213E2,2.283287157E-2,6.723330007E-4,1.630962128E-3,9.997377396E-1,1.773833183E2,1.886050992E-1,-7.275616282E-2,1.773831944E2
1.431420213E2,2.281054438E-2,6.887955824E-4,1.607518760E-3,9.997382760E-1,1.773858774E2,1.859607936E-1,-7.470763629E-2,1.773857522E2
1.431470213E2,2.285029866E-2,6.615104503E-4,1.572971232E-3,9.997374415E-1,1.773813207E2,1.819344808E-1,-7.166488100E-2,1.773812031E2
1.431520213E2,2.286674393E-2,6.493299734E-4,1.603939454E-3,9.997370243E-1,1.773794358E2,1.854515138E-1,-7.018532407E-2,1.773793182E2
1.431570213E2,2.282296768E-2,6.803096039E-4,1.620094641E-3,9.997379780E-1,1.773844535E2,1.873802425E-1,-7.370026679E-2,1.773843289E2
1.431620213E2,2.282693761E-2,6.778839743E-4,1.601858879E-3,9.997379184E-1,1.773839984E2,1.852850656E-1,-7.346934174E-2,1.773838757E2
1.431670213E2,2.286325462E-2,6.520313909E-4,1.578073716E-3,9.997371435E-1,1.773798357E2,1.824951215E-1,-7.056321941E-2,1.773797195E2
1.431720213E2,2.282674709E-2,6.774239009E-4,1.604765886E-3,9.997379184E-1,1.773840202E2,1.856168802E-1,-7.340906595E-2,1.773838974E2
1.431770213E2,2.280146132E-2,6.939584273E-4,1.622880111E-3,9.997384548E-1,1.773869185E2,1.877334335E-1,-7.526065077E-2,1.773867912E2
1.431820213E2,2.284870512E-2,6.618328043E-4,1.595818088E-3,9.997374415E-1,1.773815034E2,1.845525889E-1,-7.164227836E-2,1.773813841E2
1.431870213E2,2.284145785E-2,6.673977477E-4,1.585191814E-3,9.997376204E-1,1.773823341E2,1.833492715E-1,-7.230895958E-2,1.773822145E2
1.431920213E2,2.280229160E-2,6.943384069E-4,1.611008542E-3,9.997384548E-1,1.773868234E2,1.863744585E-1,-7.533504732E-2,1.773866968E2
1.431970213E2,2.282069774E-2,6.805167068E-4,1.615195069E-3,9.997380376E-1,1.773847136E2,1.868193124E-1,-7.373723157E-2,1.773845894E2
1.432020213E2,2.284147849E-2,6.681258674E-4,1.584587619E-3,9.997376204E-1,1.773823317E2,1.832819613E-1,-7.239395181E-2,1.773822121E2
1.432070213E2,2.280138493E-2,6.943535409E-4,1.586662256E-3,9.997385144E-1,1.773869273E2,1.835852709E-1,-7.540056637E-2,1.773868026E2
1.432120213E2,2.280219222E-2,6.931334501E-4,1.612933003E-3,9.997384548E-1,1.773868348E2,1.865917722E-1,-7.519199528E-2,1.773867083E2
1.432170213E2,2.282097741E-2,6.805518642E-4,1.611223910E-3,9.997380376E-1,1.773846816E2,1.863644813E-1,-7.375159246E-2,1.773845576E2
1.432220213E2,2.280908431E-2,6.898380816E-4,1.590631669E-3,9.997383356E-1,1.773860448E2,1.840287915E-1,-7.487147871E-2,1.773859206E2
1.432270213E2,2.280575979E-2,6.925213966E-4,1.599646639E-3,9.997383952E-1,1.773864258E2,1.850683287E-1,-7.515593519E-2,1.773863005E2
1.432320213E2,2.281247822E-2,6.868914934E-4,1.617926639E-3,9.997382164E-1,1.773856558E2,1.871483069E-1,-7.446193232E-2,1.773855301E2
1.432370213E2,2.279494659E-2,6.990196416E-4,1.601937576E-3,9.997386336E-1,1.773876653E2,1.853469467E-1,-7.589640211E-2,1.773875385E2
1.432420213E2,2.280112531E-2,6.956172874E-4,1.589836320E-3,9.997385144E-1,1.773869571E2,1.839521808E-1,-7.553709726E-2,1.773868319E2
1.432470213E2,2.280802670E-2,6.904070033E-4,1.605480909E-3,9.997383356E-1,1.773861660E2,1.857313576E-1,-7.489803798E-2,1.773860406E2
1.432520213E2,2.278575916E-2,7.057402981E-4,1.618022914E-3,9.997388124E-1,1.773887183E2,1.872065687E-1,-7.662603325E-2,1.773885891E2
1.432570213E2,2.278945150E-2,7.035358576E-4,1.603746787E-3,9.997387528E-1,1.773882951E2,1.855655920E-1,-7.641008115E-2,1.773881674E2
1.432620213E2,2.280560595E-2,6.922133034E-4,1.601971569E-3,9.997383952E-1,1.773864435E2,1.853338605E-1,-7.511459190E-2,1.773863180E2
1.432670213E2,2.278874162E-2,7.036942989E-4,1.613733475E-3,9.997387528E-1,1.773883765E2,1.867100468E-1,-7.640228368E-2,1.773882480E2
1.432720213E2,2.277521751E-2,7.128417492E-4,1.616013353E-3,9.997390509E-1,1.773899266E2,1.869940777E-1,-7.744680646E-2,1.773897962E2
1.432770213E2,2.279774406E-2,6.969384849E-4,1.600232092E-3,9.997385740E-1,1.773873446E2,1.851463377E-1,-7.566191841E-2,1.773872184E2
1.432820213E2,2.280868824E-2,6.890317891E-4,1.596649294E-3,9.997383356E-1,1.773860902E2,1.847160450E-1,-7.476345250E-2,1.773859657E2
1.432870213E2,2.279427652E-2,7.001288468E-4,1.610962441E-3,9.997386336E-1,1.773877421E2,1.863837002E-1,-7.600002430E-2,1.773876144E2
1.432920213E2,2.279443566E-2,6.993229617E-4,1.609059516E-3,9.997386336E-1,1.773877238E2,1.861636040E-1,-7.591264189E-2,1.773875965E2
1.432970213E2,2.280331059E-2,6.933194818E-4,1.596963033E-3,9.997384548E-1,1.773867066E2,1.847627911E-1,-7.525483131E-2,1.773865813E2
1.433020213E2,2.279189102E-2,7.020367775E-4,1.606889069E-3,9.997386932E-1,1.773880155E2,1.859218489E-1,-7.622968394E-2,1.773878878E2
1.433070213E2,2.278582747E-2,7.050688728E-4,1.617353410E-3,9.997388124E-1,1.773887105E2,1.871281208E-1,-7.655084905E-2,1.773885814E2
1.433120213E2,2.279946552E-2,6.961904000E-4,1.613217173E-3,9.997385144E-1,1.773871473E2,1.866321100E-1,-7.554197092E-2,1.773870202E2
1.433170213E2,2.280560044E-2,6.921938621E-4,1.602058299E-3,9.997383952E-1,1.773864441E2,1.853437451E-1,-7.511213903E-2,1.773863186E2
1.433220213E2,2.279465564E-2,6.986515364E-4,1.606232370E-3,9.997386336E-1,1.773876986E2,1.858379832E-1,-7.584306641E-2,1.773875716E2
1.433270213E2,2.279716082E-2,6.981356419E-4,1.608000486E-3,9.997385740E-1,1.773874115E2,1.860393842E-1,-7.577887982E-2,1.773872844E2
1.433320213E2,2.279698581E-2,6.982415798E-4,1.610433799E-3,9.997385740E-1,1.773874315E2,1.863184129E-1,-7.578469185E-2,1.773873043E2
1.433370213E2,2.280526831E-2,6.922799512E-4,1.606742269E-3,9.997383952E-1,1.773864822E2,1.858805501E-1,-7.510982193E-2,1.773863563E2
1.433420213E2,2.280778369E-2,6.895808037E-4,1.609283732E-3,9.997383356E-1,1.773861939E2,1.861648386E-1,-7.479349290E-2,1.773860683E2
1.433470213E2,2.279720091E-2,6.968430243E-4,1.607992803E-3,9.997385740E-1,1.773874069E2,1.860351297E-1,-7.563080804E-2,1.773872801E2
1.433520213E2,2.280273299E-2,6.944461493E-4,1.604702324E-3,9.997384548E-1,1.773867728E2,1.856523205E-1,-7.536378715E-2,1.773866467E2
1.433570213E2,2.280281550E-2,6.946030771E-4,1.603461453E-3,9.997384548E-1,1.773867633E2,1.855105802E-1,-7.538499231E-2,1.773866373E2
1.433620213E2,2.279689094E-2,6.980410544E-4,1.611863147E-3,9.997385740E-1,1.773874424E2,1.864816307E-1,-7.575800290E-2,1.773873151E2
1.433670213E2,2.278318432E-2,7.064753445E-4,1.617131638E-3,9.997388721E-1,1.773890135E2,1.871061843E-1,-7.671305057E-2,1.773888841E2
1.433720213E2,2.278928294E-2,7.026409730E-4,1.606531907E-3,9.997387528E-1,1.773883144E2,1.858823109E-1,-7.630031937E-2,1.773881867E2
1.433770213E2,2.280315153E-2,6.934559788E-4,1.599173411E-3,9.997384548E-1,1.773867248E2,1.850163611E-1,-7.526472191E-2,1.773865993E2
1.433820213E2,2.278699503E-2,7.044892409E-4,1.601074706E-3,9.997388124E-1,1.773885767E2,1.852617751E-1,-7.652673597E-2,1.773884490E2
1.433870213E2,2.277638082E-2,7.124488475E-4,1.599708921E-3,9.997390509E-1,1.773897933E2,1.851252730E-1,-7.744413382E-2,1.773896642E2
1.433920213E2,2.278216172E-2,7.086202386E-4,1.593579655E-3,9.997389317E-1,1.773891307E2,1.844135430E-1,-7.702045359E-2,1.773890028E2
1.433970213E2,2.278466873E-2,7.056503091E-4,1.596445567E-3,9.997388721E-1,1.773888433E2,1.847343054E-1,-7.667226796E-2,1.773887157E2
1.434020213E2,2.277380541E-2,7.132778992E-4,1.598755363E-3,9.997391105E-1,1.773900885E2,1.850179959E-1,-7.754207691E-2,1.773899593E2
1.434070213E2,2.277098923E-2,7.163410774E-4,1.600226155E-3,9.997391701E-1,1.773904113E2,1.851942684E-1,-7.788968302E-2,1.773902814E2
1.434120213E2,2.278148586E-2,7.093501044E-4,1.602889854E-3,9.997389317E-1,1.773892082E2,1.854819919E-1,-7.707988681E-2,1.773890794E2
1.434170213E2,2.278432889E-2,7.072411245E-4,1.600586344E-3,9.997388721E-1,1.773888823E2,1.852128092E-1,-7.684376557E-2,1.773887541E2
1.434220213E2,2.277386146E-2,7.130045560E-4,1.598078758E-3,9.997391105E-1,1.773900821E2,1.849397734E-1,-7.751251770E-2,1.773899530E2
1.434270213E2,2.277898383E-2,7.095489418E-4,1.601183787E-3,9.997389913E-1,1.773894949E2,1.852868676E-1,-7.710758369E-2,1.773893663E2
1.434320213E2,2.278704138E-2,7.040440105E-4,1.600610791E-3,9.997388124E-1,1.773885714E2,1.852074689E-1,-7.647693248E-2,1.773884438E2
1.434370213E2,2.278717930E-2,7.050126442E-4,1.598219154E-3,9.997388124E-1,1.773885556E2,1.849360184E-1,-7.659412063E-2,1.773884280E2
1.434420213E2,2.278210778E-2,7.075956091E-4,1.594805624E-3,9.997389317E-1,1.773891369E2,1.845513131E-1,-7.689987954E-2,1.773890090E2
1.434470213E2,2.277938791E-2,7.092718733E-4,1.595547888E-3,9.997389913E-1,1.773894486E2,1.846405154E-1,-7.709047965E-2,1.773893204E2
1.434520213E2,2.278724731E-2,7.046546671E-4,1.597407158E-3,9.997388124E-1,1.773885478E2,1.848420647E-1,-7.655521800E-2,1.773884203E2
1.434570213E2,2.279561511E-2,6.984552019E-4,1.592643792E-3,9.997386336E-1,1.773875886E2,1.842808083E-1,-7.585589332E-2,1.773874627E2
1.434620213E2,2.277965296E-2,7.099061622E-4,1.591476495E-3,9.997389913E-1,1.773894182E2,1.841757647E-1,-7.717372423E-2,1.773892902E2
1.434670213E2,2.277662552E-2,7.128955331E-4,1.596021582E-3,9.997390509E-1,1.773897653E2,1.847040289E-1,-7.750488605E-2,1.773896363E2
1.434720213E2,2.279786479E-2,6.981064798E-4,1.598001458E-3,9.997385740E-1,1.773873308E2,1.848938527E-1,-7.580153117E-2,1.773872045E2
1.434770213E2,2.279527328E-2,6.991610862E-4,1.597220195E-3,9.997386336E-1,1.773876278E2,1.848069083E-1,-7.592486877E-2,1.773875014E2
1.434820213E2,2.277387440E-2,7.131891907E-4,1.597811934E-3,9.997391105E-1,1.773900806E2,1.849096884E-1,-7.753436374E-2,1.773899515E2
1.434870213E2,2.278435280E-2,7.059159107E-4,1.600831049E-3,9.997388721E-1,1.773888795E2,1.852373844E-1,-7.669130349E-2,1.773887516E2
1.434920213E2,2.280309369E-2,6.932004471E-4,1.600108691E-3,9.997384548E-1,1.773867314E2,1.851228365E-1,-7.523301445E-2,1.773866059E2
1.434970213E2,2.278979326E-2,7.026939420E-4,1.599253039E-3,9.997387528E-1,1.773882559E2,1.850486063E-1,-7.632530255E-2,1.773881287E2
1.435020213E2,2.278158361E-2,7.093216409E-4,1.601512544E-3,9.997389317E-1,1.773891969E2,1.853241377E-1,-7.708020360E-2,1.773890683E2
1.435070213E2,2.278949995E-2,7.022491191E-4,1.603622222E-3,9.997387528E-1,1.773882896E2,1.855479646E-1,-7.626298656E-2,1.773881621E2
1.435120213E2,2.279472073E-2,6.985501386E-4,1.605352503E-3,9.997386336E-1,1.773876912E2,1.857369239E-1,-7.583373642E-2,1.773875642E2
1.435170213E2,2.278693030E-2,7.048987318E-4,1.601815573E-3,9.997388124E-1,1.773885841E2,1.853477148E-1,-7.657172529E-2,1.773884563E2
1.435220213E2,2.279231386E-2,7.002939819E-4,1.601643278E-3,9.997386932E-1,1.773879670E2,1.853163603E-1,-7.604364943E-2,1.773878401E2
1.435270213E2,2.279990581E-2,6.958901067E-4,1.607112470E-3,9.997385144E-1,1.773870968E2,1.859319917E-1,-7.552343704E-2,1.773869703E2
1.435320213E2,2.279760643E-2,6.976501318E-4,1.601881930E-3,9.997385740E-1,1.773873604E2,1.853371954E-1,-7.573916106E-2,1.773872339E2
1.435370213E2,2.279528845E-2,6.988362293E-4,1.597145805E-3,9.997386336E-1,1.773876261E2,1.847975386E-1,-7.588784415E-2,1.773874997E2
1.435420213E2,2.280062784E-2,6.947481306E-4,1.597333350E-3,9.997385144E-1,1.773870141E2,1.848087467E-1,-7.541802787E-2,1.773868885E2
1.435470213E2,2.280562421E-2,6.915507838E-4,1.601997647E-3,9.997383952E-1,1.773864414E2,1.853351176E-1,-7.503862105E-2,1.773863160E2
1.435520213E2,2.280838291E-2,6.904875045E-4,1.600377727E-3,9.997383356E-1,1.773861252E2,1.851469641E-1,-7.492053274E-2,1.773860002E2
1.435570213E2,2.280364744E-2,6.930489908E-4,1.592263579E-3,9.997384548E-1,1.773866680E2,1.842237308E-1,-7.523606194E-2,1.773865431E2
1.435620213E2,2.281156981E-2,6.877515116E-4,1.593352295E-3,9.997382760E-1,1.773857599E2,1.843352028E-1,-7.462486826E-2,1.773856359E2
1.435670213E2,2.281881911E-2,6.827566540E-4,1.603858778E-3,9.997380972E-1,1.773849290E2,1.855263243E-1,-7.402383862E-2,1.773848051E2
1.435720213E2,2.281682700E-2,6.836821558E-4,1.594625879E-3,9.997381568E-1,1.773851573E2,1.844708581E-1,-7.415437693E-2,1.773850340E2
1.435770213E2,2.281714007E-2,6.839193520E-4,1.590037951E-3,9.997381568E-1,1.773851214E2,1.839458997E-1,-7.419348916E-2,1.773849984E2
1.435820213E2,2.282185800E-2,6.812887732E-4,1.598388655E-3,9.997380376E-1,1.773845806E2,1.848960421E-1,-7.386941806E-2,1.773844575E2
1.435870213E2,2.281603211E-2,6.840176065E-4,1.605816302E-3,9.997381568E-1,1.773852484E2,1.857536729E-1,-7.416369431E-2,1.773851242E2
1.435920213E2,2.280818158E-2,6.893638056E-4,1.603728044E-3,9.997383356E-1,1.773861483E2,1.855278305E-1,-7.478308035E-2,1.773860232E2
1.435970213E2,2.282152706E-2,6.815946545E-4,1.602976816E-3,9.997380376E-1,1.773846186E2,1.854224462E-1,-7.389252217E-2,1.773844950E2
1.436020213E2,2.282123569E-2,6.810663617E-4,1.607343671E-3,9.997380376E-1,1.773846520E2,1.859213183E-1,-7.382063375E-2,1.773845282E2
1.436070213E2,2.281316823E-2,6.873393431E-4,1.607976737E-3,9.997382164E-1,1.773855767E2,1.860096491E-1,-7.453912182E-2,1.773854517E2
1.436120213E2,2.282108399E-2,6.818724796E-4,1.609154628E-3,9.997380376E-1,1.773846694E2,1.861308822E-1,-7.390827603E-2,1.773845453E2
1.436170213E2,2.282310329E-2,6.791590713E-4,1.618666225E-3,9.997379780E-1,1.773844379E2,1.872136010E-1,-7.357217051E-2,1.773843137E2
1.436220213E2,2.282304058E-2,6.803904544E-4,1.619033283E-3,9.997379780E-1,1.773844451E2,1.872588681E-1,-7.371229142E-2,1.773843206E2
1.436270213E2,2.282354927E-2,6.798863178E-4,1.612059190E-3,9.997379780E-1,1.773843868E2,1.864586214E-1,-7.367268230E-2,1.773842629E2
1.436320213E2,2.282811014E-2,6.763414131E-4,1.622863929E-3,9.997378588E-1,1.773838640E2,1.876874946E-1,-7.323745624E-2,1.773837400E2
1.436370213E2,2.282246181E-2,6.801878335E-4,1.627256279E-3,9.997379780E-1,1.773845114E2,1.882003378E-1,-7.366768092E-2,1.773843864E2
1.436420213E2,2.282271789E-2,6.804264849E-4,1.623560674E-3,9.997379780E-1,1.773844821E2,1.877776053E-1,-7.370463855E-2,1.773843573E2
1.436470213E2,2.281219238E-2,6.862947484E-4,1.622204552E-3,9.997382164E-1,1.773856885E2,1.876368116E-1,-7.438243839E-2,1.773855627E2
1.436520213E2,2.281201417E-2,6.870824727E-4,1.624375582E-3,9.997382164E-1,1.773857090E2,1.878875752E-1,-7.446703930E-2,1.773855828E2
1.436570213E2,2.282310397E-2,6.796716480E-4,1.618441544E-3,9.997379780E-1,1.773844378E2,1.871892018E-1,-7.363147962E-2,1.773843135E2
1.436620213E2,2.282302504E-2,6.788968458E-4,1.619879156E-3,9.997379780E-1,1.773844469E2,1.873518650E-1,-7.353897183E-2,1.773843226E2
1.436670213E2,2.280976226E-2,6.881236332E-4,1.618864597E-3,9.997382760E-1,1.773859671E2,1.872587800E-1,-7.460114489E-2,1.773858411E2
1.436720213E2,2.280996524E-2,6.877886481E-4,1.616144669E-3,9.997382760E-1,1.773859438E2,1.869463192E-1,-7.456984022E-2,1.773858181E2
1.436770213E2,2.281521934E-2,6.841318100E-4,1.617274596E-3,9.997381568E-1,1.773853416E2,1.870665958E-1,-7.414697025E-2,1.773852165E2
1.436820213E2,2.281521728E-2,6.843209849E-4,1.617223606E-3,9.997381568E-1,1.773853418E2,1.870612488E-1,-7.416877613E-2,1.773852167E2
1.436870213E2,2.281557803E-2,6.857070839E-4,1.611537184E-3,9.997381568E-1,1.773853005E2,1.864134523E-1,-7.434237008E-2,1.773851755E2
1.436920213E2,2.282072045E-2,6.815587985E-4,1.614434645E-3,9.997380376E-1,1.773847110E2,1.867349239E-1,-7.385859967E-2,1.773845867E2
1.436970213E2,2.283141581E-2,6.744072307E-4,1.613859436E-3,9.997377992E-1,1.773834851E2,1.866511039E-1,-7.303881220E-2,1.773833621E2
1.437020213E2,2.282640331E-2,6.782670971E-4,1.609293278E-3,9.997379184E-1,1.773840597E2,1.861377276E-1,-7.349388472E-2,1.773839363E2
1.437070213E2,2.281056729E-2,6.884192117E-4,1.607354963E-3,9.997382760E-1,1.773858748E2,1.859410466E-1,-7.466494256E-2,1.773857496E2
1.437120213E2,2.282084422E-2,6.804823061E-4,1.613138593E-3,9.997380376E-1,1.773846968E2,1.865836393E-1,-7.373864131E-2,1.773845728E2
1.437170213E2,2.282370148E-2,6.785775186E-4,1.610454754E-3,9.997379780E-1,1.773843693E2,1.862714018E-1,-7.352691226E-2,1.773842458E2
1.437220213E2,2.281268494E-2,6.868552300E-4,1.615024754E-3,9.997382164E-1,1.773856321E2,1.868157819E-1,-7.446532554E-2,1.773855066E2
1.437270213E2,2.281240347E-2,6.871023215E-4,1.618890790E-3,9.997382164E-1,1.773856643E2,1.872593076E-1,-7.448357860E-2,1.773855386E2
1.437320213E2,2.282607865E-2,6.782866549E-4,1.613883534E-3,9.997379184E-1,1.773840969E2,1.866636234E-1,-7.348417853E-2,1.773839732E2
1.437370213E2,2.282360943E-2,6.795263616E-4,1.611358952E-3,9.997379780E-1,1.773843799E2,1.863774636E-1,-7.363326542E-2,1.773842561E2
1.437420213E2,2.281561375E-2,6.843973533E-4,1.611588290E-3,9.997381568E-1,1.773852964E2,1.864158851E-1,-7.419218497E-2,1.773851717E2
1.437470213E2,2.281033383E-2,6.882162997E-4,1.610751380E-3,9.997382760E-1,1.773859016E2,1.863295989E-1,-7.463286182E-2,1.773857762E2
1.437520213E2,2.282144324E-2,6.816586247E-4,1.604142482E-3,9.997380376E-1,1.773846282E2,1.855561484E-1,-7.389681771E-2,1.773845046E2
1.437570213E2,2.282108886E-2,6.812016363E-4,1.609369763E-3,9.997380376E-1,1.773846688E2,1.861537743E-1,-7.383085963E-2,1.773845449E2
1.437620213E2,2.281825000E-2,6.828197511E-4,1.611908665E-3,9.997380972E-1,1.773849942E2,1.864486578E-1,-7.401012304E-2,1.773848698E2
1.437670213E2,2.282088280E-2,6.816571113E-4,1.612096443E-3,9.997380376E-1,1.773846924E2,1.864673241E-1,-7.387594709E-2,1.773845682E2
1.437720213E2,2.282125565E-2,6.816302775E-4,1.606821083E-3,9.997380376E-1,1.773846497E2,1.858629260E-1,-7.388659983E-2,1.773845259E2
1.437770213E2,2.281580394E-2,6.848896155E-4,1.608683961E-3,9.997381568E-1,1.773852746E2,1.860844607E-1,-7.425613759E-2,1.773851500E2
1.437820213E2,2.281265537E-2,6.874728133E-4,1.615179586E-3,9.997382164E-1,1.773856355E2,1.868351323E-1,-7.453567763E-2,1.773855099E2
1.437870213E2,2.282343197E-2,6.797506940E-4,1.613776200E-3,9.997379780E-1,1.773844002E2,1.866549619E-1,-7.365267605E-2,1.773842763E2
1.437920213E2,2.282364827E-2,6.792441127E-4,1.610927749E-3,9.997379780E-1,1.773843754E2,1.863273288E-1,-7.360205111E-2,1.773842518E2
1.437970213E2,2.281277082E-2,6.875211839E-4,1.613527536E-3,9.997382164E-1,1.773856222E2,1.866460053E-1,-7.454551638E-2,1.773854968E2
1.438020213E2,2.281785477E-2,6.838766276E-4,1.617047237E-3,9.997380972E-1,1.773850395E2,1.870400772E-1,-7.411783754E-2,1.773849145E2
1.438070213E2,2.282329454E-2,6.800067495E-4,1.615610905E-3,9.997379780E-1,1.773844160E2,1.868658090E-1,-7.367723719E-2,1.773842918E2
1.438120213E2,2.281032065E-2,6.883983733E-4,1.610860229E-3,9.997382760E-1,1.773859031E2,1.863425437E-1,-7.465343839E-2,1.773857777E2
1.438170213E2,2.280525634E-2,6.923170877E-4,1.606896170E-3,9.997383952E-1,1.773864835E2,1.858982775E-1,-7.511367636E-2,1.773863577E2
1.438220213E2,2.280513773E-2,6.913560792E-4,1.608991763E-3,9.997383952E-1,1.773864971E2,1.861358320E-1,-7.499812709E-2,1.773863713E2
1.438270213E2,2.281583667E-2,6.847156328E-4,1.608293736E-3,9.997381568E-1,1.773852708E2,1.860393034E-1,-7.423722005E-2,1.773851463E2
1.438320213E2,2.282368776E-2,6.787258317E-4,1.610586769E-3,9.997379780E-1,1.773843709E2,1.862869127E-1,-7.354356051E-2,1.773842474E2
1.438370213E2,2.281819758E-2,6.826306926E-4,1.612730557E-3,9.997380972E-1,1.773850002E2,1.865423171E-1,-7.398632481E-2,1.773848758E2
1.438420213E2,2.281527535E-2,6.843729643E-4,1.616382156E-3,9.997381568E-1,1.773853352E2,1.869649909E-1,-7.417692014E-2,1.773852101E2
1.438470213E2,2.281500087E-2,6.849400816E-4,1.620012219E-3,9.997381568E-1,1.773853666E2,1.873823204E-1,-7.423245040E-2,1.773852412E2
1.438520213E2,2.281768289E-2,6.828643382E-4,1.619897899E-3,9.997380972E-1,1.773850592E2,1.873639946E-1,-7.399444618E-2,1.773849342E2
1.438570213E2,2.282567583E-2,6.784931174E-4,1.619484276E-3,9.997379184E-1,1.773841430E2,1.873057656E-1,-7.349325623E-2,1.773840189E2
1.438620213E2,2.283880504E-2,6.692659808E-4,1.622195123E-3,9.997376204E-1,1.773826381E2,1.875931384E-1,-7.242662650E-2,1.773825156E2
1.438670213E2,2.282793387E-2,6.755927461E-4,1.625652774E-3,9.997378588E-1,1.773838842E2,1.880050185E-1,-7.314442522E-2,1.773837602E2
1.438720213E2,2.281708406E-2,6.837467663E-4,1.627940568E-3,9.997380972E-1,1.773851278E2,1.882876417E-1,-7.407462101E-2,1.773850020E2
1.438770213E2,2.281437176E-2,6.856206455E-4,1.628561527E-3,9.997381568E-1,1.773854387E2,1.883634787E-1,-7.428818295E-2,1.773853125E2
1.438820213E2,2.282779287E-2,6.753553753E-4,1.627730089E-3,9.997378588E-1,1.773839004E2,1.882423683E-1,-7.311182390E-2,1.773837762E2
1.438870213E2,2.283282639E-2,6.721942918E-4,1.631651772E-3,9.997377396E-1,1.773833234E2,1.886837399E-1,-7.273847614E-2,1.773831996E2
1.438920213E2,2.282742962E-2,6.764483405E-4,1.632363885E-3,9.997378588E-1,1.773839420E2,1.887760577E-1,-7.322498228E-2,1.773838173E2
1.438970213E2,2.283306482E-2,6.715595373E-4,1.628573635E-3,9.997377396E-1,1.773832961E2,1.883294589E-1,-7.267376694E-2,1.773831726E2
1.439020213E2,2.284112086E-2,6.661916850E-4,1.627579215E-3,9.997375607E-1,1.773823727E2,1.882020701E-1,-7.205990293E-2,1.773822503E2
1.439070213E2,2.283585427E-2,6.701959064E-4,1.626612619E-3,9.997376800E-1,1.773829764E2,1.881014351E-1,-7.252215365E-2,1.773828533E2
1.439120213E2,2.283113378E-2,6.744926795E-4,1.617808826E-3,9.997377992E-1,1.773835174E2,1.871037565E-1,-7.303832090E-2,1.773833942E2
1.439170213E2,2.283655890E-2,6.708667497E-4,1.616411726E-3,9.997376800E-1,1.773828956E2,1.869346084E-1,-7.262556968E-2,1.773827731E2
1.439220213E2,2.284696971E-2,6.631336873E-4,1.619942021E-3,9.997374415E-1,1.773817023E2,1.873195533E-1,-7.172846871E-2,1.773815810E2
1.439270213E2,2.284422604E-2,6.653387682E-4,1.620946219E-3,9.997375011E-1,1.773820168E2,1.874401725E-1,-7.197897132E-2,1.773818950E2
1.439320213E2,2.284204580E-2,6.671186420E-4,1.614163513E-3,9.997375607E-1,1.773822667E2,1.866676355E-1,-7.220103978E-2,1.773821451E2
1.439370213E2,2.284214631E-2,6.667580456E-4,1.612889697E-3,9.997375607E-1,1.773822552E2,1.865207680E-1,-7.216304493E-2,1.773821337E2
1.439420213E2,2.284434371E-2,6.641455693E-4,1.619776711E-3,9.997375011E-1,1.773820033E2,1.873030760E-1,-7.184531624E-2,1.773818819E2
1.439470213E2,2.284927790E-2,6.619798951E-4,1.624636468E-3,9.997373819E-1,1.773814377E2,1.878545022E-1,-7.158356383E-2,1.773813164E2
1.439520213E2,2.284962420E-2,6.604391383E-4,1.620387426E-3,9.997373819E-1,1.773813980E2,1.873637139E-1,-7.141811346E-2,1.773812773E2
1.439570213E2,2.284506343E-2,6.638594205E-4,1.609712141E-3,9.997375011E-1,1.773819208E2,1.861493625E-1,-7.183874856E-2,1.773818001E2
1.439620213E2,2.284704411E-2,6.625694805E-4,1.619123388E-3,9.997374415E-1,1.773816938E2,1.872242973E-1,-7.166596173E-2,1.773815727E2
1.439670213E2,2.283909693E-2,6.684096879E-4,1.618434209E-3,9.997376204E-1,1.773826047E2,1.871600609E-1,-7.233831691E-2,1.773824825E2
1.439720213E2,2.283373941E-2,6.724746781E-4,1.618708135E-3,9.997377396E-1,1.773832188E2,1.872016924E-1,-7.280429468E-2,1.773830958E2
1.439770213E2,2.283655228E-2,6.703422987E-4,1.616722788E-3,9.997376800E-1,1.773828964E2,1.869688712E-1,-7.256467495E-2,1.773827740E2
1.439820213E2,2.283956819E-2,6.683965330E-4,1.611775602E-3,9.997376204E-1,1.773825507E2,1.863972380E-1,-7.235414953E-2,1.773824290E2
1.439870213E2,2.283099370E-2,6.731757894E-4,1.620332245E-3,9.997377992E-1,1.773835335E2,1.873893881E-1,-7.288087995E-2,1.773834103E2
1.439920213E2,2.283110414E-2,6.731604808E-4,1.618781709E-3,9.997377992E-1,1.773835208E2,1.872117238E-1,-7.288316226E-2,1.773833977E2
1.439970213E2,2.283431839E-2,6.723310798E-4,1.610580017E-3,9.997377396E-1,1.773831524E2,1.862701861E-1,-7.280900465E-2,1.773830301E2
1.440020213E2,2.283087770E-2,6.748893647E-4,1.621253556E-3,9.997377992E-1,1.773835468E2,1.874994105E-1,-7.307480107E-2,1.773834232E2
1.440070213E2,2.282779905E-2,6.768893218E-4,1.627006102E-3,9.997378588E-1,1.773838997E2,1.881634406E-1,-7.328944799E-2,1.773837753E2
1.440120213E2,2.282841373E-2,6.754338974E-4,1.618966693E-3,9.997378588E-1,1.773838292E2,1.872386677E-1,-7.314362829E-2,1.773837057E2
1.440170213E2,2.282843438E-2,6.761898985E-4,1.618359820E-3,9.997378588E-1,1.773838268E2,1.871711226E-1,-7.323182071E-2,1.773837032E2
1.440220213E2,2.282266614E-2,6.794201327E-4,1.624709112E-3,9.997379780E-1,1.773844880E2,1.879065364E-1,-7.358635533E-2,1.773843633E2
1.440270213E2,2.281735849E-2,6.827429752E-4,1.624511788E-3,9.997380972E-1,1.773850964E2,1.878922293E-1,-7.396853901E-2,1.773849710E2
1.440320213E2,2.282020167E-2,6.822420983E-4,1.621463802E-3,9.997380376E-1,1.773847705E2,1.875419465E-1,-7.391859430E-2,1.773846455E2
1.440370213E2,2.281219775E-2,6.871245569E-4,1.621777657E-3,9.997382164E-1,1.773856879E2,1.875900756E-1,-7.447861756E-2,1.773855619E2
1.440420213E2,2.280880665E-2,6.897484418E-4,1.631587395E-3,9.997382760E-1,1.773860766E2,1.887205048E-1,-7.475420939E-2,1.773859494E2
1.440470213E2,2.281113282E-2,6.866414333E-4,1.636891044E-3,9.997382164E-1,1.773858100E2,1.893201524E-1,-7.438396216E-2,1.773856830E2
1.440520213E2,2.281440876E-2,6.848348421E-4,1.628373866E-3,9.997381568E-1,1.773854345E2,1.883399279E-1,-7.419864372E-2,1.773853085E2
1.440570213E2,2.281178115E-2,6.876204279E-4,1.627417514E-3,9.997382164E-1,1.773857357E2,1.882374540E-1,-7.452075998E-2,1.773856092E2
1.440620213E2,2.280629002E-2,6.901035085E-4,1.630093670E-3,9.997383356E-1,1.773863651E2,1.885501206E-1,-7.479926538E-2,1.773862379E2
1.440670213E2,2.281168647E-2,6.862875307E-4,1.629306236E-3,9.997382164E-1,1.773857465E2,1.884503379E-1,-7.436314154E-2,1.773856201E2
1.440720213E2,2.281741228E-2,6.828860496E-4,1.623696066E-3,9.997380972E-1,1.773850902E2,1.877991567E-1,-7.398705270E-2,1.773849649E2
1.440770213E2,2.280873984E-2,6.882232265E-4,1.633164589E-3,9.997382760E-1,1.773860843E2,1.888971993E-1,-7.457536837E-2,1.773859572E2
1.440820213E2,2.281129286E-2,6.871179212E-4,1.634459011E-3,9.997382164E-1,1.773857916E2,1.890427916E-1,-7.444487667E-2,1.773856647E2
1.440870213E2,2.281923715E-2,6.818598486E-4,1.635141089E-3,9.997380376E-1,1.773848810E2,1.891077720E-1,-7.383921770E-2,1.773847551E2
1.440920213E2,2.282202533E-2,6.790715852E-4,1.633830718E-3,9.997379780E-1,1.773845615E2,1.889505664E-1,-7.352268952E-2,1.773844361E2
1.440970213E2,2.281395151E-2,6.857036497E-4,1.634403365E-3,9.997381568E-1,1.773854869E2,1.890329168E-1,-7.428249822E-2,1.773853603E2
1.441020213E2,2.281144871E-2,6.873961538E-4,1.632165164E-3,9.997382164E-1,1.773857738E2,1.887807430E-1,-7.448271839E-2,1.773856470E2
1.441070213E2,2.282221592E-2,6.802318385E-4,1.630682847E-3,9.997379780E-1,1.773845396E2,1.885929891E-1,-7.366380677E-2,1.773844143E2
1.441120213E2,2.282465229E-2,6.789375911E-4,1.633661799E-3,9.997379184E-1,1.773842604E2,1.889310574E-1,-7.350728429E-2,1.773841351E2
1.441170213E2,2.281641939E-2,6.840528222E-4,1.637102105E-3,9.997380972E-1,1.773852040E2,1.893379562E-1,-7.408585378E-2,1.773850775E2
1.441220213E2,2.281649272E-2,6.836195244E-4,1.636260888E-3,9.997380972E-1,1.773851956E2,1.892404571E-1,-7.403840014E-2,1.773850692E2
1.441270213E2,2.281884049E-2,6.813447690E-4,1.640881179E-3,9.997380376E-1,1.773849265E2,1.897639916E-1,-7.376527420E-2,1.773848002E2
1.441320213E2,2.281043862E-2,6.877482519E-4,1.646074583E-3,9.997382164E-1,1.773858895E2,1.903750786E-1,-7.448688663E-2,1.773857616E2
1.441370213E2,2.280255970E-2,6.926300703E-4,1.644587959E-3,9.997383952E-1,1.773867926E2,1.902169390E-1,-7.505154072E-2,1.773866639E2
1.441420213E2,2.281332641E-2,6.864782772E-4,1.642782008E-3,9.997381568E-1,1.773855585E2,1.899947695E-1,-7.434945432E-2,1.773854311E2
1.441470213E2,2.281833750E-2,6.822503638E-4,1.647486468E-3,9.997380376E-1,1.773849842E2,1.905230375E-1,-7.385184375E-2,1.773848572E2
1.441520213E2,2.281292943E-2,6.852186052E-4,1.648809761E-3,9.997381568E-1,1.773856040E2,1.906819976E-1,-7.418946137E-2,1.773854764E2
1.441570213E2,2.281307327E-2,6.865310133E-4,1.646271674E-3,9.997381568E-1,1.773855876E2,1.903946715E-1,-7.434642087E-2,1.773854599E2
1.441620213E2,2.281521754E-2,6.838212721E-4,1.653862884E-3,9.997380972E-1,1.773853418E2,1.912574094E-1,-7.401573254E-2,1.773852141E2
1.441670213E2,2.281205490E-2,6.858442794E-4,1.660607173E-3,9.997381568E-1,1.773857043E2,1.920351033E-1,-7.423046559E-2,1.773855757E2
1.441720213E2,2.280680987E-2,6.897710264E-4,1.659255940E-3,9.997382760E-1,1.773863055E2,1.918901779E-1,-7.468485912E-2,1.773861762E2
1.441770213E2,2.281523964E-2,6.845491589E-4,1.653256710E-3,9.997380972E-1,1.773853392E2,1.911898698E-1,-7.410070106E-2,1.773852114E2
1.441820213E2,2.281252875E-2,6.867385819E-4,1.653713756E-3,9.997381568E-1,1.773856500E2,1.912477532E-1,-7.435084845E-2,1.773855217E2
1.441870213E2,2.280467571E-2,6.918399013E-4,1.651797909E-3,9.997383356E-1,1.773865501E2,1.910410188E-1,-7.494177290E-2,1.773864210E2
1.441920213E2,2.279943695E-2,6.946730427E-4,1.650775783E-3,9.997384548E-1,1.773871506E2,1.909309323E-1,-7.527001386E-2,1.773870210E2
1.441970213E2,2.279990708E-2,6.942480686E-4,1.644449309E-3,9.997384548E-1,1.773870967E2,1.902050837E-1,-7.523776822E-2,1.773869676E2
1.442020213E2,2.281033450E-2,6.879711873E-4,1.647423604E-3,9.997382164E-1,1.773859015E2,1.905302001E-1,-7.450891994E-2,1.773857734E2
1.442070213E2,2.280196103E-2,6.929424126E-4,1.652736799E-3,9.997383952E-1,1.773868613E2,1.911512576E-1,-7.506614378E-2,1.773867318E2
1.442120213E2,2.280195741E-2,6.926981150E-4,1.652889070E-3,9.997383952E-1,1.773868617E2,1.911680634E-1,-7.503775945E-2,1.773867323E2
1.442170213E2,2.280729672E-2,6.899174186E-4,1.652489416E-3,9.997382760E-1,1.773862497E2,1.911154105E-1,-7.471922198E-2,1.773861209E2
1.442220213E2,2.280682675E-2,6.903208559E-4,1.658795285E-3,9.997382760E-1,1.773863035E2,1.918388427E-1,-7.474904922E-2,1.773861742E2
1.442270213E2,2.280163487E-2,6.928034709E-4,1.657288522E-3,9.997383952E-1,1.773868986E2,1.916723244E-1,-7.503839506E-2,1.773867689E2
1.442320213E2,2.280731913E-2,6.888148491E-4,1.652640058E-3,9.997382760E-1,1.773862471E2,1.911297879E-1,-7.459251184E-2,1.773861185E2
1.442370213E2,2.280432725E-2,6.918920553E-4,1.656579901E-3,9.997383356E-1,1.773865900E2,1.915889635E-1,-7.493531748E-2,1.773864605E2
1.442420213E2,2.280442867E-2,6.914614933E-4,1.655363129E-3,9.997383356E-1,1.773865784E2,1.914484499E-1,-7.488915199E-2,1.773864491E2
1.442470213E2,2.280480202E-2,6.915178383E-4,1.650188118E-3,9.997383356E-1,1.773865356E2,1.908557657E-1,-7.490905969E-2,1.773864067E2
1.442520213E2,2.280517610E-2,6.916743005E-4,1.644944539E-3,9.997383356E-1,1.773864927E2,1.902554878E-1,-7.494061648E-2,1.773863642E2
1.442570213E2,2.280494880E-2,6.908777868E-4,1.648426871E-3,9.997383356E-1,1.773865188E2,1.906523318E-1,-7.484030916E-2,1.773863901E2
1.442620213E2,2.280466315E-2,6.920415326E-4,1.651886734E-3,9.997383356E-1,1.773865515E2,1.910517208E-1,-7.496464238E-2,1.773864224E2
1.442670213E2,2.278614104E-2,7.034130394E-4,1.650167396E-3,9.997387528E-1,1.773886746E2,1.908830576E-1,-7.627541034E-2,1.773885433E2
1.442720213E2,2.278894660E-2,7.027937099E-4,1.647797879E-3,9.997386932E-1,1.773883530E2,1.906101974E-1,-7.621011138E-2,1.773882220E2
1.442770213E2,2.279449207E-2,6.990596885E-4,1.645006705E-3,9.997385740E-1,1.773877174E2,1.902811027E-1,-7.578856951E-2,1.773875873E2
1.442820213E2,2.278396824E-2,7.063240628E-4,1.642798074E-3,9.997388124E-1,1.773889236E2,1.900462486E-1,-7.662855810E-2,1.773887924E2
1.442870213E2,2.278410534E-2,7.064350648E-4,1.640847651E-3,9.997388124E-1,1.773889079E2,1.898231046E-1,-7.664634117E-2,1.773887768E2
1.442920213E2,2.279456316E-2,6.994059077E-4,1.643874100E-3,9.997385740E-1,1.773877092E2,1.901522591E-1,-7.583117801E-2,1.773875792E2
1.442970213E2,2.279155229E-2,6.996402517E-4,1.649263431E-3,9.997386336E-1,1.773880543E2,1.907700555E-1,-7.584452138E-2,1.773879239E2
1.443020213E2,2.277795178E-2,7.106984849E-4,1.651772298E-3,9.997389317E-1,1.773896132E2,1.910853127E-1,-7.710741760E-2,1.773894804E2
1.443070213E2,2.278383750E-2,7.053832524E-4,1.645014039E-3,9.997388124E-1,1.773889386E2,1.902976475E-1,-7.651501631E-2,1.773888074E2
1.443120213E2,2.279444125E-2,6.991061382E-4,1.645691111E-3,9.997385740E-1,1.773877232E2,1.903596271E-1,-7.579211275E-2,1.773875931E2
1.443170213E2,2.278375631E-2,7.052344154E-4,1.646201941E-3,9.997388124E-1,1.773889479E2,1.904333411E-1,-7.649487919E-2,1.773888166E2
1.443220213E2,2.278136837E-2,7.075642934E-4,1.642046729E-3,9.997388721E-1,1.773892216E2,1.899632119E-1,-7.677309675E-2,1.773890902E2
1.443270213E2,2.278971971E-2,7.019778714E-4,1.637420733E-3,9.997386932E-1,1.773882644E2,1.894192986E-1,-7.614360156E-2,1.773881344E2
1.443320213E2,2.279746529E-2,6.967518711E-4,1.641003299E-3,9.997385144E-1,1.773873766E2,1.898166600E-1,-7.553407531E-2,1.773872473E2
1.443370213E2,2.279212508E-2,6.998845492E-4,1.641224604E-3,9.997386336E-1,1.773879887E2,1.898497928E-1,-7.589339598E-2,1.773878588E2
1.443420213E2,2.278699202E-2,7.036982570E-4,1.638251939E-3,9.997387528E-1,1.773885770E2,1.895188084E-1,-7.633903807E-2,1.773884466E2
1.443470213E2,2.279268969E-2,7.000933983E-4,1.633275300E-3,9.997386336E-1,1.773879240E2,1.889396930E-1,-7.593797831E-2,1.773877946E2
1.443520213E2,2.279514522E-2,6.977912271E-4,1.636472531E-3,9.997385740E-1,1.773876425E2,1.893001462E-1,-7.566542171E-2,1.773875134E2
1.443570213E2,2.279784368E-2,6.968718953E-4,1.635686960E-3,9.997385144E-1,1.773873332E2,1.892079518E-1,-7.556164296E-2,1.773872043E2
1.443620213E2,2.279028819E-2,7.015645970E-4,1.629667357E-3,9.997386932E-1,1.773881992E2,1.885300200E-1,-7.611639802E-2,1.773880699E2
1.443670213E2,2.279311249E-2,6.994994474E-4,1.627619728E-3,9.997386336E-1,1.773878755E2,1.882902597E-1,-7.588462693E-2,1.773877467E2
1.443720213E2,2.280340925E-2,6.932122051E-4,1.632518950E-3,9.997383952E-1,1.773866953E2,1.888358745E-1,-7.514960825E-2,1.773865673E2
1.443770213E2,2.279780026E-2,6.968676462E-4,1.636293717E-3,9.997385144E-1,1.773873382E2,1.892774487E-1,-7.555957919E-2,1.773872092E2
1.443820213E2,2.279278325E-2,7.001723279E-4,1.631935243E-3,9.997386336E-1,1.773879132E2,1.887863867E-1,-7.595050315E-2,1.773877840E2
1.443870213E2,2.280612321E-2,6.905746995E-4,1.632226631E-3,9.997383356E-1,1.773863842E2,1.887956960E-1,-7.484770270E-2,1.773862568E2
1.443920213E2,2.280823221E-2,6.891386001E-4,1.639854396E-3,9.997382760E-1,1.773861425E2,1.896659517E-1,-7.466284540E-2,1.773860147E2
1.443970213E2,2.278981976E-2,7.019006298E-4,1.636060770E-3,9.997386932E-1,1.773882529E2,1.892633043E-1,-7.613828544E-2,1.773881230E2
1.444020213E2,2.279511875E-2,6.992722629E-4,1.636208966E-3,9.997385740E-1,1.773876455E2,1.892738189E-1,-7.583578511E-2,1.773875161E2
1.444070213E2,2.279512902E-2,6.981735351E-4,1.636535046E-3,9.997385740E-1,1.773876444E2,1.893083056E-1,-7.570905929E-2,1.773875151E2
1.444120213E2,2.278406824E-2,7.065876271E-4,1.641297131E-3,9.997388124E-1,1.773889122E2,1.898749934E-1,-7.666265241E-2,1.773887810E2
1.444170213E2,2.277890810E-2,7.095730980E-4,1.639018999E-3,9.997389317E-1,1.773895036E2,1.896214044E-1,-7.701159989E-2,1.773893720E2
1.444220213E2,2.279216178E-2,7.008033572E-4,1.640322618E-3,9.997386336E-1,1.773879845E2,1.897488624E-1,-7.600100508E-2,1.773878545E2
1.444270213E2,2.279477215E-2,6.978329620E-4,1.641643117E-3,9.997385740E-1,1.773876853E2,1.898925797E-1,-7.565676684E-2,1.773875557E2
1.444320213E2,2.279222327E-2,7.002466591E-4,1.639705850E-3,9.997386336E-1,1.773879774E2,1.896767546E-1,-7.593882812E-2,1.773878476E2
1.444370213E2,2.279731997E-2,6.974705029E-4,1.642715884E-3,9.997385144E-1,1.773873932E2,1.900147239E-1,-7.561195638E-2,1.773872637E2
1.444420213E2,2.280288197E-2,6.922729081E-4,1.640264294E-3,9.997383952E-1,1.773867557E2,1.897207021E-1,-7.502186070E-2,1.773866274E2
1.444470213E2,2.280302775E-2,6.925968919E-4,1.638099435E-3,9.997383952E-1,1.773867390E2,1.894735491E-1,-7.506460629E-2,1.773866107E2
1.444520213E2,2.279226181E-2,6.999404868E-4,1.639300841E-3,9.997386336E-1,1.773879730E2,1.896295591E-1,-7.590480306E-2,1.773878432E2
1.444570213E2,2.278994333E-2,7.021966157E-4,1.634211396E-3,9.997386932E-1,1.773882387E2,1.890522188E-1,-7.617700064E-2,1.773881089E2
1.444620213E2,2.279521152E-2,6.974374992E-4,1.635699533E-3,9.997385740E-1,1.773876349E2,1.892106709E-1,-7.562690477E-2,1.773875059E2
1.444670213E2,2.279526677E-2,6.991844857E-4,1.634183107E-3,9.997385740E-1,1.773876286E2,1.890415143E-1,-7.583099330E-2,1.773874993E2
1.444720213E2,2.279809526E-2,6.971484981E-4,1.632058527E-3,9.997385144E-1,1.773873044E2,1.887930130E-1,-7.560276307E-2,1.773871757E2
1.444770213E2,2.280136907E-2,6.938439910E-4,1.624224707E-3,9.997384548E-1,1.773869291E2,1.878871672E-1,-7.524404469E-2,1.773868017E2
1.444820213E2,2.280938111E-2,6.888895878E-4,1.623901306E-3,9.997382760E-1,1.773860108E2,1.878377691E-1,-7.467579986E-2,1.773858843E2
1.444870213E2,2.279882185E-2,6.967679365E-4,1.622040523E-3,9.997385144E-1,1.773872211E2,1.876443910E-1,-7.558520197E-2,1.773870932E2
1.444920213E2,2.278573347E-2,7.044273079E-4,1.618956565E-3,9.997388124E-1,1.773887213E2,1.873100989E-1,-7.647318177E-2,1.773885922E2
1.444970213E2,2.279925997E-2,6.962719490E-4,1.616084366E-3,9.997385144E-1,1.773871709E2,1.869607789E-1,-7.554386046E-2,1.773870436E2
1.445020213E2,2.279905103E-2,6.957474397E-4,1.619254821E-3,9.997385144E-1,1.773871948E2,1.873226062E-1,-7.547552741E-2,1.773870674E2
1.445070213E2,2.279376036E-2,7.001679041E-4,1.618232345E-3,9.997386336E-1,1.773878012E2,1.872166178E-1,-7.598560525E-2,1.773876730E2
1.445120213E2,2.279656645E-2,6.984701613E-4,1.616260502E-3,9.997385740E-1,1.773874796E2,1.869864971E-1,-7.579573485E-2,1.773873519E2
1.445170213E2,2.279669166E-2,6.973263808E-4,1.614987850E-3,9.997385740E-1,1.773874652E2,1.868377207E-1,-7.566800278E-2,1.773873378E2
1.445220213E2,2.280223004E-2,6.947850343E-4,1.611687243E-3,9.997384548E-1,1.773868304E2,1.864533744E-1,-7.538445166E-2,1.773867037E2
1.445270213E2,2.280220953E-2,6.943580229E-4,1.612161286E-3,9.997384548E-1,1.773868328E2,1.865065643E-1,-7.533429765E-2,1.773867061E2
1.445320213E2,2.279989424E-2,6.949919625E-4,1.607665210E-3,9.997385144E-1,1.773870982E2,1.859929669E-1,-7.541910212E-2,1.773869717E2
1.445370213E2,2.280804593E-2,6.901092711E-4,1.605335739E-3,9.997383356E-1,1.773861638E2,1.857139498E-1,-7.486430517E-2,1.773860385E2
1.445420213E2,2.280533960E-2,6.914387923E-4,1.606092439E-3,9.997383952E-1,1.773864740E2,1.858039111E-1,-7.501514243E-2,1.773863484E2
1.445470213E2,2.280271456E-2,6.939730956E-4,1.605168683E-3,9.997384548E-1,1.773867749E2,1.857045099E-1,-7.530837811E-2,1.773866489E2
1.445520213E2,2.280836673E-2,6.905573537E-4,1.600578194E-3,9.997383356E-1,1.773861270E2,1.851701114E-1,-7.492801379E-2,1.773860020E2
1.445570213E2,2.280544160E-2,6.920496235E-4,1.604380086E-3,9.997383952E-1,1.773864623E2,1.856093447E-1,-7.508957642E-2,1.773863367E2
1.445620213E2,2.280269344E-2,6.937856087E-4,1.605549711E-3,9.997384548E-1,1.773867773E2,1.857476696E-1,-7.528590756E-2,1.773866513E2
1.445670213E2,2.279721453E-2,6.978352903E-4,1.607369282E-3,9.997385740E-1,1.773874053E2,1.859662915E-1,-7.574611008E-2,1.773872784E2
1.445720213E2,2.279449552E-2,6.994633004E-4,1.608150313E-3,9.997386336E-1,1.773877170E2,1.860598150E-1,-7.593108318E-2,1.773875897E2
1.445770213E2,2.279907911E-2,6.956371944E-4,1.618906856E-3,9.997385144E-1,1.773871916E2,1.872824567E-1,-7.546380140E-2,1.773870642E2
1.445820213E2,2.278572079E-2,7.052847650E-4,1.618761686E-3,9.997388124E-1,1.773887227E2,1.872900114E-1,-7.657192472E-2,1.773885935E2
1.445870213E2,2.278047885E-2,7.085771067E-4,1.617477508E-3,9.997389317E-1,1.773893236E2,1.871510877E-1,-7.695343542E-2,1.773891938E2
1.445920213E2,2.279117467E-2,7.007470122E-4,1.617576811E-3,9.997386932E-1,1.773880976E2,1.871428345E-1,-7.605414517E-2,1.773879693E2
1.445970213E2,2.279119382E-2,7.013169234E-4,1.617059927E-3,9.997386932E-1,1.773880954E2,1.870851093E-1,-7.612078156E-2,1.773879671E2
1.446020213E2,2.278829787E-2,7.039919728E-4,1.619858434E-3,9.997387528E-1,1.773884274E2,1.874124781E-1,-7.642047337E-2,1.773882983E2
1.446070213E2,2.278299126E-2,7.063085795E-4,1.619921997E-3,9.997388721E-1,1.773890356E2,1.874254033E-1,-7.668669656E-2,1.773889061E2
1.446120213E2,2.279058313E-2,7.016023737E-4,1.625521109E-3,9.997386932E-1,1.773881654E2,1.880551385E-1,-7.613149909E-2,1.773880364E2
1.446170213E2,2.279565142E-2,6.973640411E-4,1.629589009E-3,9.997385740E-1,1.773875845E2,1.885104784E-1,-7.563436870E-2,1.773874560E2
1.446220213E2,2.279053168E-2,7.015743176E-4,1.626254409E-3,9.997386932E-1,1.773881713E2,1.881390697E-1,-7.612637943E-2,1.773880422E2
1.446270213E2,2.278521148E-2,7.051327266E-4,1.625980833E-3,9.997388124E-1,1.773887811E2,1.881166155E-1,-7.653575226E-2,1.773886514E2
1.446320213E2,2.278730143E-2,7.038857439E-4,1.633861801E-3,9.997387528E-1,1.773885416E2,1.890163785E-1,-7.637192248E-2,1.773884115E2
1.446370213E2,2.278998660E-2,7.019863697E-4,1.633698237E-3,9.997386932E-1,1.773882338E2,1.889928845E-1,-7.615424653E-2,1.773881041E2
1.446420213E2,2.276882662E-2,7.170603494E-4,1.630391926E-3,9.997391701E-1,1.773906592E2,1.886518303E-1,-7.789377462E-2,1.773905268E2
1.446470213E2,2.277129465E-2,7.157352520E-4,1.633052365E-3,9.997391105E-1,1.773903763E2,1.889533498E-1,-7.773456096E-2,1.773902440E2
1.446520213E2,2.277901541E-2,7.088856655E-4,1.637824695E-3,9.997389317E-1,1.773894913E2,1.894827960E-1,-7.693594374E-2,1.773893599E2
1.446570213E2,2.277663696E-2,7.108146674E-4,1.633678330E-3,9.997389913E-1,1.773897639E2,1.890126323E-1,-7.716820688E-2,1.773896325E2
1.446620213E2,2.276617572E-2,7.175202481E-4,1.630658866E-3,9.997392297E-1,1.773909630E2,1.886834050E-1,-7.794626520E-2,1.773908305E2
1.446670213E2,2.277154293E-2,7.150932797E-4,1.629868406E-3,9.997391105E-1,1.773903478E2,1.885869327E-1,-7.766927734E-2,1.773902159E2
1.446720213E2,2.277927541E-2,7.086362457E-4,1.634312677E-3,9.997389317E-1,1.773894615E2,1.890798209E-1,-7.691648845E-2,1.773893305E2
1.446770213E2,2.277093311E-2,7.153922925E-4,1.638235641E-3,9.997391105E-1,1.773904177E2,1.895462335E-1,-7.768181354E-2,1.773902851E2
1.446820213E2,2.277395992E-2,7.128383731E-4,1.633642009E-3,9.997390509E-1,1.773900708E2,1.890135467E-1,-7.740064697E-2,1.773899390E2
1.446870213E2,2.278460425E-2,7.053409354E-4,1.634377986E-3,9.997388124E-1,1.773888507E2,1.890791077E-1,-7.653779382E-2,1.773887203E2
1.446920213E2,2.277925797E-2,7.088404382E-4,1.634467277E-3,9.997389317E-1,1.773894635E2,1.890980639E-1,-7.693948081E-2,1.773893324E2
1.446970213E2,2.278178064E-2,7.066740072E-4,1.636701636E-3,9.997388721E-1,1.773891744E2,1.893485743E-1,-7.668498036E-2,1.773890435E2
1.447020213E2,2.279004293E-2,7.020205376E-4,1.632897649E-3,9.997386932E-1,1.773882273E2,1.889012610E-1,-7.616024109E-2,1.773880977E2
1.447070213E2,2.278781012E-2,7.030959823E-4,1.627093181E-3,9.997387528E-1,1.773884833E2,1.882389280E-1,-7.629902565E-2,1.773883538E2
1.447120213E2,2.277942617E-2,7.099521463E-4,1.631638035E-3,9.997389317E-1,1.773894442E2,1.887768555E-1,-7.707419379E-2,1.773893131E2
1.447170213E2,2.276871262E-2,7.160371169E-4,1.632432337E-3,9.997391701E-1,1.773906722E2,1.888829051E-1,-7.777124894E-2,1.773905399E2
1.447220213E2,2.277180573E-2,7.151622558E-4,1.626162324E-3,9.997391105E-1,1.773903177E2,1.881625568E-1,-7.768680114E-2,1.773901860E2
1.447270213E2,2.277209240E-2,7.145148702E-4,1.622428186E-3,9.997391105E-1,1.773902848E2,1.877330989E-1,-7.762232629E-2,1.773901536E2
1.447320213E2,2.277153503E-2,7.144591655E-4,1.630256884E-3,9.997391105E-1,1.773903487E2,1.886297820E-1,-7.759561986E-2,1.773902169E2
1.447370213E2,2.277414538E-2,7.126360433E-4,1.631142921E-3,9.997390509E-1,1.773900495E2,1.887267323E-1,-7.738395493E-2,1.773899179E2
1.447420213E2,2.277416115E-2,7.137522916E-4,1.630434534E-3,9.997390509E-1,1.773900477E2,1.886484928E-1,-7.751368005E-2,1.773899160E2
1.447470213E2,2.277714673E-2,7.114230539E-4,1.626289450E-3,9.997389913E-1,1.773897055E2,1.881677745E-1,-7.725709477E-2,1.773895745E2
1.447520213E2,2.276905628E-2,7.159194793E-4,1.627683640E-3,9.997391701E-1,1.773906328E2,1.883386042E-1,-7.777009791E-2,1.773905009E2
1.447570213E2,2.277181184E-2,7.155103958E-4,1.625923556E-3,9.997391105E-1,1.773903170E2,1.881361121E-1,-7.772730660E-2,1.773901853E2
1.447620213E2,2.278261019E-2,7.071571890E-4,1.624903525E-3,9.997388721E-1,1.773890793E2,1.879982838E-1,-7.677098022E-2,1.773889492E2
1.447670213E2,2.278508125E-2,7.059220807E-4,1.627462567E-3,9.997388124E-1,1.773887960E2,1.882884173E-1,-7.662233751E-2,1.773886660E2
1.447720213E2,2.277975834E-2,7.089892169E-4,1.627413905E-3,9.997389317E-1,1.773894062E2,1.882904421E-1,-7.697484336E-2,1.773892756E2
1.447770213E2,2.277986208E-2,7.084889221E-4,1.626179088E-3,9.997389317E-1,1.773893943E2,1.881476807E-1,-7.692073270E-2,1.773892639E2
1.447820213E2,2.278779072E-2,7.031039568E-4,1.627361286E-3,9.997387528E-1,1.773884855E2,1.882696619E-1,-7.629924273E-2,1.773883560E2
1.447870213E2,2.277677943E-2,7.109803264E-4,1.631618594E-3,9.997389913E-1,1.773897476E2,1.887771082E-1,-7.719253436E-2,1.773896163E2
1.447920213E2,2.276623123E-2,7.180610555E-4,1.629645471E-3,9.997392297E-1,1.773909567E2,1.885687237E-1,-7.801085445E-2,1.773908241E2
1.447970213E2,2.277453422E-2,7.124696858E-4,1.625777688E-3,9.997390509E-1,1.773900050E2,1.881116760E-1,-7.737882607E-2,1.773898738E2
1.448020213E2,2.278221675E-2,7.081310614E-4,1.629987732E-3,9.997388721E-1,1.773891244E2,1.885832535E-1,-7.686934889E-2,1.773889937E2
1.448070213E2,2.276833708E-2,7.159907836E-4,1.637682086E-3,9.997391701E-1,1.773907153E2,1.894841771E-1,-7.775231425E-2,1.773905825E2
1.448120213E2,2.276046491E-2,7.218300016E-4,1.635384629E-3,9.997393489E-1,1.773916176E2,1.892355954E-1,-7.842874968E-2,1.773914839E2
1.448170213E2,2.277147497E-2,7.142816903E-4,1.631173305E-3,9.997391105E-1,1.773903556E2,1.887343013E-1,-7.757290788E-2,1.773902237E2
1.448220213E2,2.277155122E-2,7.151922910E-4,1.629709150E-3,9.997391105E-1,1.773903469E2,1.885689471E-1,-7.768103426E-2,1.773902149E2
1.448270213E2,2.276603963E-2,7.190633332E-4,1.631878666E-3,9.997392297E-1,1.773909786E2,1.888271634E-1,-7.811988700E-2,1.773908457E2
1.448320213E2,2.276909960E-2,7.165994029E-4,1.626778278E-3,9.997391701E-1,1.773906279E2,1.882366617E-1,-7.785034532E-2,1.773904959E2
1.448370213E2,2.277196315E-2,7.153941551E-4,1.623854274E-3,9.997391105E-1,1.773902997E2,1.878987592E-1,-7.771936141E-2,1.773901681E2
1.448420213E2,2.277965879E-2,7.092964952E-4,1.628672937E-3,9.997389317E-1,1.773894176E2,1.884354739E-1,-7.700677773E-2,1.773892868E2
1.448470213E2,2.277888699E-2,7.103179232E-4,1.638989779E-3,9.997389317E-1,1.773895060E2,1.896199997E-1,-7.709700860E-2,1.773893743E2
1.448520213E2,2.277092466E-2,7.143705734E-4,1.638798858E-3,9.997391105E-1,1.773904187E2,1.896080898E-1,-7.756329555E-2,1.773902862E2
1.448570213E2,2.277393208E-2,7.127162535E-4,1.634083339E-3,9.997390509E-1,1.773900740E2,1.890637855E-1,-7.738551020E-2,1.773899422E2
1.448620213E2,2.277608657E-2,7.104676333E-4,1.641483977E-3,9.997389913E-1,1.773898270E2,1.899059150E-1,-7.710818073E-2,1.773896951E2
1.448670213E2,2.278148709E-2,7.077642949E-4,1.640312606E-3,9.997388721E-1,1.773892080E2,1.897650786E-1,-7.680051398E-2,1.773890767E2
1.448720213E2,2.278700653E-2,7.033754373E-4,1.638188725E-3,9.997387528E-1,1.773885754E2,1.895107246E-1,-7.630221763E-2,1.773884450E2
1.448770213E2,2.279528569E-2,6.986287190E-4,1.634156913E-3,9.997385740E-1,1.773876264E2,1.890370630E-1,-7.576738859E-2,1.773874973E2
1.448820213E2,2.278479812E-2,7.056946051E-4,1.631519990E-3,9.997388124E-1,1.773888285E2,1.887526282E-1,-7.658573660E-2,1.773886982E2
1.448870213E2,2.277982327E-2,7.085841498E-4,1.626681187E-3,9.997389317E-1,1.773893987E2,1.882054479E-1,-7.693033872E-2,1.773892683E2
1.448920213E2,2.278259296E-2,7.070138818E-4,1.625207369E-3,9.997388721E-1,1.773890813E2,1.880327173E-1,-7.675377265E-2,1.773889512E2
1.448970213E2,2.278748854E-2,7.044636295E-4,1.631000661E-3,9.997387528E-1,1.773885201E2,1.886901241E-1,-7.644556220E-2,1.773883901E2
1.449020213E2,2.278209433E-2,7.081400254E-4,1.631694031E-3,9.997388721E-1,1.773891384E2,1.887787447E-1,-7.686594416E-2,1.773890076E2
1.449070213E2,2.278793808E-2,7.044392987E-4,1.624718308E-3,9.997387528E-1,1.773884686E2,1.879703759E-1,-7.645909596E-2,1.773883391E2
1.449120213E2,2.279073263E-2,7.014852599E-4,1.623474294E-3,9.997386932E-1,1.773881483E2,1.878203568E-1,-7.612340000E-2,1.773880194E2
1.449170213E2,2.278015891E-2,7.090084255E-4,1.621788717E-3,9.997389317E-1,1.773893602E2,1.876460900E-1,-7.699165330E-2,1.773892301E2
1.449220213E2,2.278036329E-2,7.089310093E-4,1.618949231E-3,9.997389317E-1,1.773893368E2,1.873206063E-1,-7.699015869E-2,1.773892069E2
1.449270213E2,2.278049811E-2,7.094157045E-4,1.616838505E-3,9.997389317E-1,1.773893214E2,1.870800730E-1,-7.705117116E-2,1.773891915E2
1.449320213E2,2.278542592E-2,7.052728906E-4,1.622912125E-3,9.997388124E-1,1.773887565E2,1.877654405E-1,-7.655978219E-2,1.773886270E2
1.449370213E2,2.278292363E-2,7.067809929E-4,1.620666939E-3,9.997388721E-1,1.773890434E2,1.875119736E-1,-7.673888477E-2,1.773889137E2
1.449420213E2,2.276984336E-2,7.157176733E-4,1.616725232E-3,9.997391701E-1,1.773905426E2,1.870827209E-1,-7.777542490E-2,1.773904116E2
1.449470213E2,2.277776093E-2,7.101297961E-4,1.618232345E-3,9.997389913E-1,1.773896351E2,1.872414075E-1,-7.712985261E-2,1.773895050E2
1.449520213E2,2.279016637E-2,7.022220525E-4,1.631087158E-3,9.997386932E-1,1.773882132E2,1.886943832E-1,-7.618803210E-2,1.773880836E2
1.449570213E2,2.278515852E-2,7.045500679E-4,1.626975136E-3,9.997388124E-1,1.773887872E2,1.882289993E-1,-7.646641562E-2,1.773886575E2
1.449620213E2,2.277971462E-2,7.093580207E-4,1.627865015E-3,9.997389317E-1,1.773894112E2,1.883430816E-1,-7.701592475E-2,1.773892805E2
1.449670213E2,2.278742910E-2,7.035208982E-4,1.632237574E-3,9.997387528E-1,1.773885269E2,1.888293607E-1,-7.633434250E-2,1.773883970E2
1.449720213E2,2.278747080E-2,7.038253243E-4,1.631523948E-3,9.997387528E-1,1.773885222E2,1.887484045E-1,-7.637107373E-2,1.773883922E2
1.449770213E2,2.278245295E-2,7.070158026E-4,1.627168036E-3,9.997388721E-1,1.773890973E2,1.882573296E-1,-7.674890011E-2,1.773889671E2
1.449820213E2,2.278000361E-2,7.082845550E-4,1.624284429E-3,9.997389317E-1,1.773893781E2,1.879301020E-1,-7.690223949E-2,1.773892478E2
1.449870213E2,2.278001281E-2,7.087441045E-4,1.623954973E-3,9.997389317E-1,1.773893770E2,1.878935594E-1,-7.695574458E-2,1.773892467E2
1.449920213E2,2.277196833E-2,7.142532850E-4,1.624283730E-3,9.997391105E-1,1.773902991E2,1.879449815E-1,-7.758753969E-2,1.773901677E2
1.449970213E2,2.277485533E-2,7.127769641E-4,1.621138188E-3,9.997390509E-1,1.773899682E2,1.875809923E-1,-7.742607679E-2,1.773898373E2
1.450020213E2,2.277529728E-2,7.123224786E-4,1.615117886E-3,9.997390509E-1,1.773899175E2,1.868901420E-1,-7.738964018E-2,1.773897872E2
1.450070213E2,2.277502967E-2,7.121925591E-4,1.618944225E-3,9.997390509E-1,1.773899482E2,1.873281354E-1,-7.736481982E-2,1.773898176E2
1.450120213E2,2.278020778E-2,7.089650026E-4,1.621121075E-3,9.997389317E-1,1.773893546E2,1.875694940E-1,-7.698841244E-2,1.773892245E2
1.450170213E2,2.277509369E-2,7.123029209E-4,1.617994742E-3,9.997390509E-1,1.773899408E2,1.872196537E-1,-7.737992917E-2,1.773898103E2
1.450220213E2,2.277539230E-2,7.126124692E-4,1.613649423E-3,9.997390509E-1,1.773899066E2,1.867226762E-1,-7.742667693E-2,1.773897764E2
1.450270213E2,2.278035159E-2,7.083229139E-4,1.619380084E-3,9.997389317E-1,1.773893382E2,1.873683772E-1,-7.691937167E-2,1.773892083E2
1.450320213E2,2.278003942E-2,7.097914349E-4,1.623124001E-3,9.997389317E-1,1.773893739E2,1.878010979E-1,-7.707789281E-2,1.773892435E2
1.450370213E2,2.277519873E-2,7.121642120E-4,1.616576687E-3,9.997390509E-1,1.773899288E2,1.870568444E-1,-7.736771987E-2,1.773897984E2
1.450420213E2,2.277764993E-2,7.110074512E-4,1.619408955E-3,9.997389913E-1,1.773896478E2,1.873784848E-1,-7.722734780E-2,1.773895175E2
1.450470213E2,2.277718840E-2,7.105865516E-4,1.626071520E-3,9.997389913E-1,1.773897007E2,1.881406276E-1,-7.716182464E-2,1.773895699E2
1.450520213E2,2.276711608E-2,7.174235652E-4,1.617519534E-3,9.997392297E-1,1.773908552E2,1.871779568E-1,-7.796929281E-2,1.773907238E2
1.450570213E2,2.277564263E-2,7.130984450E-4,1.609897008E-3,9.997390509E-1,1.773898779E2,1.862940797E-1,-7.749209830E-2,1.773897479E2
1.450620213E2,2.278043657E-2,7.080981741E-4,1.618282520E-3,9.997389317E-1,1.773893284E2,1.872420578E-1,-7.689647445E-2,1.773891987E2
1.450670213E2,2.276672711E-2,7.179303793E-4,1.622761018E-3,9.997392297E-1,1.773908998E2,1.877797241E-1,-7.801375204E-2,1.773907679E2
1.450720213E2,2.276420060E-2,7.200213149E-4,1.620556344E-3,9.997392893E-1,1.773911894E2,1.875324102E-1,-7.825951917E-2,1.773910572E2
1.450770213E2,2.277280288E-2,7.143819821E-4,1.612483873E-3,9.997391105E-1,1.773902034E2,1.865935661E-1,-7.763292072E-2,1.773900729E2
1.450820213E2,2.276692205E-2,7.179247332E-4,1.620026189E-3,9.997392297E-1,1.773908775E2,1.874664169E-1,-7.802020385E-2,1.773907457E2
1.450870213E2,2.276129981E-2,7.217610837E-4,1.623753691E-3,9.997393489E-1,1.773915219E2,1.879030163E-1,-7.845103432E-2,1.773913891E2
1.450920213E2,2.276150045E-2,7.224705769E-4,1.620622585E-3,9.997393489E-1,1.773914989E2,1.875461768E-1,-7.854044459E-2,1.773913663E2
1.450970213E2,2.275620178E-2,7.246385794E-4,1.620526775E-3,9.997394681E-1,1.773921062E2,1.875404386E-1,-7.879005862E-2,1.773919732E2
1.451020213E2,2.275574270E-2,7.252573268E-4,1.626684912E-3,9.997394681E-1,1.773921589E2,1.882475054E-1,-7.884497062E-2,1.773920252E2
1.451070213E2,2.275557549E-2,7.249906776E-4,1.629141043E-3,9.997394681E-1,1.773921780E2,1.885281763E-1,-7.880804936E-2,1.773920442E2
1.451120213E2,2.274531905E-2,7.322850288E-4,1.622786047E-3,9.997397065E-1,1.773933536E2,1.878183409E-1,-7.966220202E-2,1.773932189E2
1.451170213E2,2.274490703E-2,7.333921967E-4,1.628052443E-3,9.997397065E-1,1.773934009E2,1.884245239E-1,-7.977539163E-2,1.773932655E2
1.451220213E2,2.274725420E-2,7.318728021E-4,1.632538391E-3,9.997396469E-1,1.773931318E2,1.889346699E-1,-7.958919082E-2,1.773929964E2
1.451270213E2,2.273689341E-2,7.382925833E-4,1.627968741E-3,9.997398853E-1,1.773943194E2,1.884270650E-1,-8.033851719E-2,1.773941831E2
1.451320213E2,2.273428532E-2,7.395478897E-4,1.627218910E-3,9.997399449E-1,1.773946183E2,1.883442239E-1,-8.048477245E-2,1.773944819E2
1.451370213E2,2.274197716E-2,7.359339506E-4,1.631230349E-3,9.997397661E-1,1.773937367E2,1.887949828E-1,-8.005884951E-2,1.773936006E2
1.451420213E2,2.274724822E-2,7.320477744E-4,1.632543281E-3,9.997396469E-1,1.773931325E2,1.889356857E-1,-7.960922433E-2,1.773929971E2
1.451470213E2,2.274200340E-2,7.354683476E-4,1.631074585E-3,9.997397661E-1,1.773937337E2,1.887759267E-1,-8.000591019E-2,1.773935977E2
1.451520213E2,2.273959720E-2,7.360941963E-4,1.627803082E-3,9.997398257E-1,1.773940095E2,1.884025747E-1,-8.008658813E-2,1.773938737E2
1.451570213E2,2.274998394E-2,7.286655600E-4,1.632436411E-3,9.997395873E-1,1.773928189E2,1.889148417E-1,-7.922151349E-2,1.773926842E2
1.451620213E2,2.274751333E-2,7.318909047E-4,1.628915663E-3,9.997396469E-1,1.773931021E2,1.885197102E-1,-7.960065948E-2,1.773929670E2
1.451670213E2,2.274214048E-2,7.355830749E-4,1.629110309E-3,9.997397661E-1,1.773937180E2,1.885512050E-1,-8.002414696E-2,1.773935821E2
1.451720213E2,2.274480066E-2,7.336217095E-4,1.629434526E-3,9.997397065E-1,1.773934131E2,1.885834481E-1,-7.979810267E-2,1.773932776E2
1.451770213E2,2.275270671E-2,7.275830139E-4,1.631474704E-3,9.997395277E-1,1.773925069E2,1.888020594E-1,-7.909948816E-2,1.773923724E2
1.451820213E2,2.275008309E-2,7.303438033E-4,1.630303217E-3,9.997395873E-1,1.773928076E2,1.886748421E-1,-7.941931873E-2,1.773926727E2
1.451870213E2,2.275262839E-2,7.271488430E-4,1.632760046E-3,9.997395277E-1,1.773925158E2,1.889481725E-1,-7.904641217E-2,1.773923813E2
1.451920213E2,2.275003851E-2,7.286026375E-4,1.631703810E-3,9.997395873E-1,1.773928127E2,1.888307536E-1,-7.921620463E-2,1.773926780E2
1.451970213E2,2.275825215E-2,7.248019101E-4,1.628412516E-3,9.997394085E-1,1.773918712E2,1.884444334E-1,-7.878781911E-2,1.773917375E2
1.452020213E2,2.275031552E-2,7.296972326E-4,1.627346617E-3,9.997395873E-1,1.773927809E2,1.883344603E-1,-7.935291084E-2,1.773926464E2
1.452070213E2,2.275318655E-2,7.273309166E-4,1.624881872E-3,9.997395277E-1,1.773924519E2,1.880461510E-1,-7.908770738E-2,1.773923179E2
1.452120213E2,2.276119910E-2,7.223528810E-4,1.624901895E-3,9.997393489E-1,1.773915334E2,1.880360929E-1,-7.851585562E-2,1.773914005E2
1.452170213E2,2.276352779E-2,7.206699811E-4,1.629693201E-3,9.997392893E-1,1.773912665E2,1.885807873E-1,-7.831012289E-2,1.773911335E2
1.452220213E2,2.275807836E-2,7.239540573E-4,1.631216030E-3,9.997394085E-1,1.773918912E2,1.887633847E-1,-7.868340874E-2,1.773917574E2
1.452270213E2,2.275780090E-2,7.249143673E-4,1.634656917E-3,9.997394085E-1,1.773919230E2,1.891600629E-1,-7.878450212E-2,1.773917887E2
1.452320213E2,2.276287328E-2,7.206876180E-4,1.638802001E-3,9.997392893E-1,1.773913416E2,1.896243053E-1,-7.828850591E-2,1.773912078E2
1.452370213E2,2.275753777E-2,7.238649996E-4,1.638780115E-3,9.997394085E-1,1.773919531E2,1.896296675E-1,-7.865358138E-2,1.773918188E2
1.452420213E2,2.275264618E-2,7.278734702E-4,1.632189145E-3,9.997395277E-1,1.773925138E2,1.888846599E-1,-7.913091194E-2,1.773923792E2
1.452470213E2,2.276074891E-2,7.218092214E-4,1.631436404E-3,9.997393489E-1,1.773915850E2,1.887832464E-1,-7.843661358E-2,1.773914517E2
1.452520213E2,2.276054482E-2,7.219060208E-4,1.634238521E-3,9.997393489E-1,1.773916084E2,1.891044993E-1,-7.844043284E-2,1.773914748E2
1.452570213E2,2.275273008E-2,7.269950584E-4,1.631410909E-3,9.997395277E-1,1.773925042E2,1.887932195E-1,-7.903229286E-2,1.773923698E2
1.452620213E2,2.275040057E-2,7.301386795E-4,1.625958947E-3,9.997395873E-1,1.773927712E2,1.881766436E-1,-7.940708560E-2,1.773926366E2
1.452670213E2,2.275298730E-2,7.267034962E-4,1.627949765E-3,9.997395277E-1,1.773924747E2,1.883959635E-1,-7.900786713E-2,1.773923407E2
1.452720213E2,2.276338193E-2,7.208876777E-4,1.631633029E-3,9.997392893E-1,1.773912832E2,1.888035746E-1,-7.833002981E-2,1.773911500E2
1.452770213E2,2.275258861E-2,7.274172385E-4,1.633194857E-3,9.997395277E-1,1.773925204E2,1.889986821E-1,-7.907603383E-2,1.773923858E2
1.452820213E2,2.275234841E-2,7.283495506E-4,1.636122935E-3,9.997395277E-1,1.773925479E2,1.893365411E-1,-7.917525198E-2,1.773924129E2
1.452870213E2,2.276039679E-2,7.218186511E-4,1.636337372E-3,9.997393489E-1,1.773916254E2,1.893447087E-1,-7.842497721E-2,1.773914917E2
1.452920213E2,2.276272079E-2,7.197550731E-4,1.641327864E-3,9.997392893E-1,1.773913590E2,1.899112287E-1,-7.817511203E-2,1.773912253E2
1.452970213E2,2.274933509E-2,7.295753458E-4,1.641049748E-3,9.997395873E-1,1.773928933E2,1.899039246E-1,-7.930340761E-2,1.773927577E2
1.453020213E2,2.274912913E-2,7.295387331E-4,1.643918571E-3,9.997395873E-1,1.773929169E2,1.902324713E-1,-7.929177331E-2,1.773927811E2
1.453070213E2,2.274881806E-2,7.298509590E-4,1.648079371E-3,9.997395873E-1,1.773929526E2,1.907099308E-1,-7.931675460E-2,1.773928163E2
1.453120213E2,2.274361329E-2,7.334388210E-4,1.646006247E-3,9.997397065E-1,1.773935492E2,1.904813686E-1,-7.973418264E-2,1.773934124E2
1.453170213E2,2.273604381E-2,7.387778605E-4,1.639572904E-3,9.997398853E-1,1.773944168E2,1.897576594E-1,-8.036403691E-2,1.773942795E2
1.453220213E2,2.274431916E-2,7.341117598E-4,1.635921886E-3,9.997397065E-1,1.773934682E2,1.893278930E-1,-7.983742557E-2,1.773933321E2
1.453270213E2,2.274985745E-2,7.290795329E-4,1.634013606E-3,9.997395873E-1,1.773928334E2,1.890965979E-1,-7.926485098E-2,1.773926985E2
1.453320213E2,2.273886305E-2,7.364368648E-4,1.637872425E-3,9.997398257E-1,1.773940936E2,1.895569746E-1,-8.009974428E-2,1.773939569E2
1.453370213E2,2.274419497E-2,7.335500559E-4,1.637899317E-3,9.997397065E-1,1.773934825E2,1.895529576E-1,-7.976794525E-2,1.773933463E2
1.453420213E2,2.275260446E-2,7.283930900E-4,1.632538857E-3,9.997395277E-1,1.773925186E2,1.889260752E-1,-7.918953654E-2,1.773923838E2
1.453470213E2,2.274443607E-2,7.340717129E-4,1.634313725E-3,9.997397065E-1,1.773934548E2,1.891435635E-1,-7.983700720E-2,1.773933189E2
1.453520213E2,2.272853370E-2,7.434896543E-4,1.632520813E-3,9.997400641E-1,1.773952776E2,1.889614265E-1,-8.092362221E-2,1.773951400E2
1.453570213E2,2.273155985E-2,7.414661231E-4,1.627801685E-3,9.997400045E-1,1.773949307E2,1.884157660E-1,-8.070352410E-2,1.773947939E2
1.453620213E2,2.273713868E-2,7.387164515E-4,1.624346827E-3,9.997398853E-1,1.773942913E2,1.880132550E-1,-8.039646741E-2,1.773941552E2
1.453670213E2,2.273450226E-2,7.401374751E-4,1.623916556E-3,9.997399449E-1,1.773945935E2,1.879674528E-1,-8.056087925E-2,1.773944572E2
1.453720213E2,2.272408226E-2,7.480824715E-4,1.619335148E-3,9.997401834E-1,1.773957878E2,1.874624488E-1,-8.148496234E-2,1.773956504E2
1.453770213E2,2.272443335E-2,7.472087746E-4,1.614805427E-3,9.997401834E-1,1.773957476E2,1.869412673E-1,-8.139660034E-2,1.773956107E2
1.453820213E2,2.273781014E-2,7.391137769E-4,1.614738605E-3,9.997398853E-1,1.773942143E2,1.869136057E-1,-8.046689561E-2,1.773940790E2
1.453870213E2,2.273500767E-2,7.395782159E-4,1.617081347E-3,9.997399449E-1,1.773945355E2,1.871829799E-1,-8.051452280E-2,1.773943999E2
1.453920213E2,2.272968723E-2,7.443732466E-4,1.615974004E-3,9.997400641E-1,1.773951454E2,1.870681831E-1,-8.106773078E-2,1.773950089E2
1.453970213E2,2.273295356E-2,7.415360888E-4,1.608188380E-3,9.997400045E-1,1.773947710E2,1.861691180E-1,-8.076237232E-2,1.773946357E2
1.454020213E2,2.273305133E-2,7.423279458E-4,1.606440055E-3,9.997400045E-1,1.773947598E2,1.859708970E-1,-8.085762535E-2,1.773946245E2
1.454070213E2,2.272469655E-2,7.469310076E-4,1.611226005E-3,9.997401834E-1,1.773957174E2,1.865304988E-1,-8.137405115E-2,1.773955808E2
1.454120213E2,2.272499824E-2,7.478459738E-4,1.606539707E-3,9.997401834E-1,1.773956828E2,1.859960337E-1,-8.149101929E-2,1.773955465E2
1.454170213E2,2.273879803E-2,7.377827424E-4,1.601380878E-3,9.997398853E-1,1.773941011E2,1.853799264E-1,-8.034903293E-2,1.773939670E2
1.454220213E2,2.273313591E-2,7.409729296E-4,1.605868689E-3,9.997400045E-1,1.773947501E2,1.859019165E-1,-8.070386501E-2,1.773946151E2
1.454270213E2,2.272503311E-2,7.471354329E-4,1.606377074E-3,9.997401834E-1,1.773956788E2,1.859755544E-1,-8.141003547E-2,1.773955426E2
1.454320213E2,2.273060354E-2,7.427563542E-4,1.603783225E-3,9.997400641E-1,1.773950403E2,1.856674428E-1,-8.091408064E-2,1.773949052E2
1.454370213E2,2.273828379E-2,7.375134737E-4,1.608789666E-3,9.997398853E-1,1.773941600E2,1.862279501E-1,-8.029897491E-2,1.773940254E2
1.454420213E2,2.273501013E-2,7.408442907E-4,1.616467023E-3,9.997399449E-1,1.773945353E2,1.871159008E-1,-8.066116670E-2,1.773943994E2
1.454470213E2,2.272166824E-2,7.497982006E-4,1.615613000E-3,9.997402430E-1,1.773960645E2,1.870403027E-1,-8.169166400E-2,1.773959271E2
1.454520213E2,2.272455928E-2,7.474381127E-4,1.612926018E-3,9.997401834E-1,1.773957331E2,1.867265656E-1,-8.142774452E-2,1.773955963E2
1.454570213E2,2.273522083E-2,7.394900313E-4,1.614122069E-3,9.997399449E-1,1.773945111E2,1.868437461E-1,-8.051209041E-2,1.773943757E2
1.454620213E2,2.272737183E-2,7.455257000E-4,1.611126354E-3,9.997401237E-1,1.773954108E2,1.865156398E-1,-8.121281694E-2,1.773952745E2
1.454670213E2,2.271924593E-2,7.504618261E-4,1.612483524E-3,9.997403026E-1,1.773963422E2,1.866833129E-1,-8.177629119E-2,1.773962048E2
1.454720213E2,2.272734407E-2,7.448819233E-4,1.611815533E-3,9.997401237E-1,1.773954140E2,1.865929144E-1,-8.113727491E-2,1.773952777E2
1.454770213E2,2.272993920E-2,7.433731225E-4,1.612887369E-3,9.997400641E-1,1.773951165E2,1.867119864E-1,-8.096114767E-2,1.773949805E2
1.454820213E2,2.272695676E-2,7.452601567E-4,1.617093221E-3,9.997401237E-1,1.773954583E2,1.871984918E-1,-8.116693279E-2,1.773953216E2
1.454870213E2,2.272975121E-2,7.429901161E-4,1.615710557E-3,9.997400641E-1,1.773951380E2,1.870344040E-1,-8.090995109E-2,1.773950019E2
1.454920213E2,2.273284464E-2,7.411022671E-4,1.609927160E-3,9.997400045E-1,1.773947835E2,1.863671772E-1,-8.070816345E-2,1.773946481E2
1.454970213E2,2.272426856E-2,7.472428842E-4,1.617106958E-3,9.997401834E-1,1.773957665E2,1.872050111E-1,-8.139454529E-2,1.773956294E2
1.455020213E2,2.272126810E-2,7.493047742E-4,1.621458796E-3,9.997402430E-1,1.773961104E2,1.877086923E-1,-8.161998971E-2,1.773959725E2
1.455070213E2,2.272686198E-2,7.462420035E-4,1.617972273E-3,9.997401237E-1,1.773954692E2,1.873017476E-1,-8.127714326E-2,1.773953322E2
1.455120213E2,2.273222795E-2,7.427474484E-4,1.617857255E-3,9.997400045E-1,1.773948542E2,1.872799027E-1,-8.087609499E-2,1.773947178E2
1.455170213E2,2.272692997E-2,7.456038147E-4,1.617311267E-3,9.997401237E-1,1.773954614E2,1.872243646E-1,-8.120574001E-2,1.773953246E2
1.455220213E2,2.272995836E-2,7.443331415E-4,1.612174441E-3,9.997400641E-1,1.773951143E2,1.866328143E-1,-8.107298265E-2,1.773949782E2
1.455270213E2,2.273217398E-2,7.413292769E-4,1.619265415E-3,9.997400045E-1,1.773948603E2,1.874375254E-1,-8.070996847E-2,1.773947242E2
1.455320213E2,2.273461934E-2,7.411786355E-4,1.621801290E-3,9.997399449E-1,1.773945801E2,1.877278456E-1,-8.068564544E-2,1.773944437E2
1.455370213E2,2.273214143E-2,7.425303920E-4,1.619172050E-3,9.997400045E-1,1.773948641E2,1.874299559E-1,-8.084781972E-2,1.773947277E2
1.455420213E2,2.272383543E-2,7.483058143E-4,1.622692216E-3,9.997401834E-1,1.773958161E2,1.878476036E-1,-8.150185304E-2,1.773956784E2
1.455470213E2,2.272894451E-2,7.446989184E-4,1.626237994E-3,9.997400641E-1,1.773952305E2,1.882448363E-1,-8.107844485E-2,1.773950931E2
1.455520213E2,2.273420845E-2,7.411964471E-4,1.627542777E-3,9.997399449E-1,1.773946271E2,1.883856161E-1,-8.067280488E-2,1.773944904E2
1.455570213E2,2.271810218E-2,7.510083960E-4,1.628266415E-3,9.997403026E-1,1.773964733E2,1.884927655E-1,-8.179803094E-2,1.773963345E2
1.455620213E2,2.271524213E-2,7.527924026E-4,1.630745828E-3,9.997403622E-1,1.773968011E2,1.887812231E-1,-8.199649508E-2,1.773966618E2
1.455670213E2,2.272826991E-2,7.444787188E-4,1.635739347E-3,9.997400641E-1,1.773953078E2,1.893327039E-1,-8.102859809E-2,1.773951697E2
1.455720213E2,2.273620007E-2,7.384947967E-4,1.637532259E-3,9.997398853E-1,1.773943989E2,1.895231537E-1,-8.033689588E-2,1.773942618E2
1.455770213E2,2.272509569E-2,7.460633642E-4,1.642675255E-3,9.997401237E-1,1.773956717E2,1.901311668E-1,-8.119267628E-2,1.773955327E2
1.455820213E2,2.271451442E-2,7.544786204E-4,1.640076283E-3,9.997403622E-1,1.773968845E2,1.898544709E-1,-8.216552123E-2,1.773967441E2
1.455870213E2,2.272014998E-2,7.502592634E-4,1.636614208E-3,9.997402430E-1,1.773962385E2,1.894473240E-1,-8.169008784E-2,1.773960993E2
1.455920213E2,2.272008122E-2,7.492093719E-4,1.638049143E-3,9.997402430E-1,1.773962464E2,1.896089739E-1,-8.156608726E-2,1.773961072E2
1.455970213E2,2.271187448E-2,7.564309635E-4,1.639403868E-3,9.997404218E-1,1.773971871E2,1.897823026E-1,-8.239143676E-2,1.773970464E2
1.456020213E2,2.271416425E-2,7.533532334E-4,1.645434531E-3,9.997403622E-1,1.773969246E2,1.904653653E-1,-8.202271381E-2,1.773967840E2
1.456070213E2,2.271976381E-2,7.507099654E-4,1.641760347E-3,9.997402430E-1,1.773962828E2,1.900380192E-1,-8.172839559E-2,1.773961430E2
1.456120213E2,2.271985314E-2,7.494579768E-4,1.641096082E-3,9.997402430E-1,1.773962726E2,1.899586667E-1,-8.158667800E-2,1.773961331E2
1.456170213E2,2.271726721E-2,7.511475706E-4,1.639810856E-3,9.997403026E-1,1.773965690E2,1.898156164E-1,-8.178407823E-2,1.773964293E2
1.456220213E2,2.272484273E-2,7.458198234E-4,1.646281453E-3,9.997401237E-1,1.773957007E2,1.905436459E-1,-8.115543258E-2,1.773955615E2
1.456270213E2,2.272217660E-2,7.479962660E-4,1.645898097E-3,9.997401834E-1,1.773960063E2,1.905051792E-1,-8.140627622E-2,1.773958667E2
1.456320213E2,2.271147609E-2,7.548278081E-4,1.645650016E-3,9.997404218E-1,1.773972328E2,1.904936694E-1,-8.219159513E-2,1.773970919E2
1.456370213E2,2.271381048E-2,7.540161605E-4,1.650008024E-3,9.997403622E-1,1.773969652E2,1.909910115E-1,-8.208682277E-2,1.773968241E2
1.456420213E2,2.271670315E-2,7.525460096E-4,1.646968187E-3,9.997403026E-1,1.773966336E2,1.906391709E-1,-8.192576051E-2,1.773964931E2
1.456470213E2,2.271381892E-2,7.548048161E-4,1.649531187E-3,9.997403622E-1,1.773969642E2,1.909384378E-1,-8.217841219E-2,1.773968230E2
1.456520213E2,2.270842012E-2,7.581925602E-4,1.650059479E-3,9.997404814E-1,1.773975830E2,1.910073334E-1,-8.256617481E-2,1.773974411E2
1.456570213E2,2.271962632E-2,7.496547769E-4,1.644143485E-3,9.997402430E-1,1.773962986E2,1.903082779E-1,-8.160133260E-2,1.773961588E2
1.456620213E2,2.272232267E-2,7.474736776E-4,1.644117991E-3,9.997401834E-1,1.773959895E2,1.902998972E-1,-8.135101497E-2,1.773958502E2
1.456670213E2,2.272531118E-2,7.471279241E-4,1.639206661E-3,9.997401237E-1,1.773956470E2,1.897365872E-1,-8.132362640E-2,1.773955081E2
1.456720213E2,2.271982357E-2,7.494564634E-4,1.641505980E-3,9.997402430E-1,1.773962760E2,1.900056192E-1,-8.158544301E-2,1.773961364E2
1.456770213E2,2.272029107E-2,7.502211374E-4,1.634671818E-3,9.997402430E-1,1.773962224E2,1.892247118E-1,-8.169075072E-2,1.773960833E2
1.456820213E2,2.271766310E-2,7.510795840E-4,1.634348300E-3,9.997403026E-1,1.773965236E2,1.891896692E-1,-8.179043560E-2,1.773963843E2
1.456870213E2,2.272011289E-2,7.495256723E-4,1.637464971E-3,9.997402430E-1,1.773962428E2,1.895428761E-1,-8.160383820E-2,1.773961036E2
1.456920213E2,2.272554485E-2,7.459068438E-4,1.636520959E-3,9.997401237E-1,1.773956202E2,1.894257459E-1,-8.119068722E-2,1.773954818E2
1.456970213E2,2.272320888E-2,7.486382383E-4,1.631290186E-3,9.997401834E-1,1.773958879E2,1.888334206E-1,-8.151766449E-2,1.773957494E2
1.457020213E2,2.272334872E-2,7.487886469E-4,1.629271894E-3,9.997401834E-1,1.773958719E2,1.886026037E-1,-8.154012489E-2,1.773957335E2
1.457070213E2,2.271806973E-2,7.510287687E-4,1.628709724E-3,9.997403026E-1,1.773964770E2,1.885436024E-1,-8.179921686E-2,1.773963382E2
1.457120213E2,2.272066547E-2,7.493201992E-4,1.629874227E-3,9.997402430E-1,1.773961795E2,1.886727736E-1,-8.159995839E-2,1.773960409E2
1.457170213E2,2.272834022E-2,7.452657446E-4,1.634403598E-3,9.997400641E-1,1.773952998E2,1.891817333E-1,-8.112222700E-2,1.773951616E2
1.457220213E2,2.273125822E-2,7.424284122E-4,1.631570747E-3,9.997400045E-1,1.773949653E2,1.888500407E-1,-8.080400431E-2,1.773948280E2
1.457270213E2,2.273123237E-2,7.421472692E-4,1.632058760E-3,9.997400045E-1,1.773949683E2,1.889052140E-1,-8.077052969E-2,1.773948309E2
1.457320213E2,2.272860596E-2,7.442190545E-4,1.631181804E-3,9.997400641E-1,1.773952693E2,1.888099325E-1,-8.101065762E-2,1.773951316E2
1.457370213E2,2.273928964E-2,7.372488617E-4,1.631572493E-3,9.997398257E-1,1.773940447E2,1.888373912E-1,-8.020910402E-2,1.773939084E2
1.457420213E2,2.274163386E-2,7.359741139E-4,1.635991503E-3,9.997397661E-1,1.773937760E2,1.893405080E-1,-8.005110729E-2,1.773936396E2
1.457470213E2,2.273921913E-2,7.375544519E-4,1.632416970E-3,9.997398257E-1,1.773940528E2,1.889349270E-1,-8.024192572E-2,1.773939163E2
1.457520213E2,2.273413494E-2,7.411123370E-4,1.628607628E-3,9.997399449E-1,1.773946356E2,1.885073827E-1,-8.066040870E-2,1.773944987E2
1.457570213E2,2.273927213E-2,7.367929211E-4,1.632022555E-3,9.997398257E-1,1.773940467E2,1.888877616E-1,-8.015570115E-2,1.773939104E2
1.457620213E2,2.272858888E-2,7.435764419E-4,1.631712774E-3,9.997400641E-1,1.773952713E2,1.888690863E-1,-8.093565899E-2,1.773951337E2
1.457670213E2,2.273385230E-2,7.413442363E-4,1.632442931E-3,9.997399449E-1,1.773946680E2,1.889473447E-1,-8.067703688E-2,1.773945308E2
1.457720213E2,2.273954969E-2,7.360174786E-4,1.628501224E-3,9.997398257E-1,1.773940149E2,1.884823517E-1,-8.007598887E-2,1.773938791E2
1.457770213E2,2.274223041E-2,7.344860351E-4,1.628349652E-3,9.997397661E-1,1.773937077E2,1.884612102E-1,-7.990043359E-2,1.773935721E2
1.457820213E2,2.273145854E-2,7.420466864E-4,1.628951402E-3,9.997400045E-1,1.773949423E2,1.885489845E-1,-8.076705859E-2,1.773948053E2
1.457870213E2,2.272617658E-2,7.451209822E-4,1.628084690E-3,9.997401237E-1,1.773955478E2,1.884572728E-1,-8.112250895E-2,1.773954102E2
1.457920213E2,2.272347564E-2,7.469697157E-4,1.628336497E-3,9.997401834E-1,1.773958574E2,1.884907158E-1,-8.133415668E-2,1.773957194E2
1.457970213E2,2.272090324E-2,7.494015153E-4,1.626518788E-3,9.997402430E-1,1.773961522E2,1.882885983E-1,-8.161796602E-2,1.773960139E2
1.458020213E2,2.272337052E-2,7.483043591E-4,1.629190403E-3,9.997401834E-1,1.773958694E2,1.885920085E-1,-8.148485209E-2,1.773957311E2
1.458070213E2,2.272915559E-2,7.445063093E-4,1.623373479E-3,9.997400641E-1,1.773952063E2,1.879161866E-1,-8.106380068E-2,1.773950692E2
1.458120213E2,2.272393522E-2,7.469888078E-4,1.621901407E-3,9.997401834E-1,1.773958047E2,1.877535849E-1,-8.135301496E-2,1.773956672E2
1.458170213E2,2.272143822E-2,7.490083808E-4,1.619210234E-3,9.997402430E-1,1.773960909E2,1.874503341E-1,-8.159185726E-2,1.773959533E2
1.458220213E2,2.272389527E-2,7.474063896E-4,1.622268697E-3,9.997401834E-1,1.773958093E2,1.877967467E-1,-8.139990493E-2,1.773956717E2
1.458270213E2,2.273520300E-2,7.404556382E-4,1.613930566E-3,9.997399449E-1,1.773945132E2,1.868243216E-1,-8.062321436E-2,1.773943776E2
1.458320213E2,2.273246165E-2,7.420141483E-4,1.614907407E-3,9.997400045E-1,1.773948274E2,1.869400701E-1,-8.079972764E-2,1.773946914E2
1.458370213E2,2.272186874E-2,7.489289274E-4,1.613194472E-3,9.997402430E-1,1.773960415E2,1.867609834E-1,-8.159833849E-2,1.773959044E2
1.458420213E2,2.272204696E-2,7.489389973E-4,1.610677689E-3,9.997402430E-1,1.773960211E2,1.864726960E-1,-8.160601227E-2,1.773958842E2
1.458470213E2,2.271934147E-2,7.503729430E-4,1.611178275E-3,9.997403026E-1,1.773963312E2,1.865335571E-1,-8.176948906E-2,1.773961940E2
1.458520213E2,2.272163171E-2,7.501137443E-4,1.615980174E-3,9.997402430E-1,1.773960687E2,1.870831856E-1,-8.172686404E-2,1.773959311E2
1.458570213E2,2.271900419E-2,7.504630485E-4,1.615885412E-3,9.997403026E-1,1.773963699E2,1.870730242E-1,-8.176761938E-2,1.773962323E2
1.458620213E2,2.270832231E-2,7.580512320E-4,1.614984474E-3,9.997405410E-1,1.773975942E2,1.869886860E-1,-8.264127929E-2,1.773974553E2
1.458670213E2,2.271357314E-2,7.542003877E-4,1.616741181E-3,9.997404218E-1,1.773969924E2,1.871803479E-1,-8.219456471E-2,1.773968540E2
1.458720213E2,2.271904222E-2,7.507330156E-4,1.615225105E-3,9.997403026E-1,1.773963655E2,1.869980840E-1,-8.180025935E-2,1.773962279E2
1.458770213E2,2.272139215E-2,7.488760166E-4,1.619917806E-3,9.997402430E-1,1.773960962E2,1.875310467E-1,-8.157485961E-2,1.773959585E2
1.458820213E2,2.272664374E-2,7.458082982E-4,1.621234464E-3,9.997401237E-1,1.773954942E2,1.876743239E-1,-8.121900196E-2,1.773953571E2
1.458870213E2,2.273216312E-2,7.418814930E-4,1.619164948E-3,9.997400045E-1,1.773948616E2,1.874274535E-1,-8.077349510E-2,1.773947253E2
1.458920213E2,2.272901457E-2,7.434103172E-4,1.625848352E-3,9.997400641E-1,1.773952225E2,1.881968470E-1,-8.093182205E-2,1.773950854E2
1.458970213E2,2.272401616E-2,7.477745530E-4,1.620404655E-3,9.997401834E-1,1.773957954E2,1.875841667E-1,-8.144691390E-2,1.773956579E2
1.459020213E2,2.273484373E-2,7.396978326E-4,1.619329909E-3,9.997399449E-1,1.773945543E2,1.874408785E-1,-8.052239869E-2,1.773944185E2
1.459070213E2,2.273740880E-2,7.390434621E-4,1.620412222E-3,9.997398853E-1,1.773942603E2,1.875633720E-1,-8.044413176E-2,1.773941245E2
1.459120213E2,2.272110322E-2,7.489230484E-4,1.623943564E-3,9.997402430E-1,1.773961293E2,1.879923454E-1,-8.156981963E-2,1.773959913E2
1.459170213E2,2.272379195E-2,7.478354382E-4,1.623517834E-3,9.997401834E-1,1.773958211E2,1.879409596E-1,-8.144582407E-2,1.773956834E2
1.459220213E2,2.273471937E-2,7.401256007E-4,1.620879746E-3,9.997399449E-1,1.773945686E2,1.876195358E-1,-8.056739003E-2,1.773944325E2
1.459270213E2,2.273190115E-2,7.417825400E-4,1.622883952E-3,9.997400045E-1,1.773948916E2,1.878532318E-1,-8.075251988E-2,1.773947551E2
1.459320213E2,2.272914342E-2,7.444045041E-4,1.623590593E-3,9.997400641E-1,1.773952077E2,1.879407935E-1,-8.105157446E-2,1.773950706E2
1.459370213E2,2.272384945E-2,7.472055731E-4,1.623002929E-3,9.997401834E-1,1.773958145E2,1.878803352E-1,-8.137499562E-2,1.773956769E2
1.459420213E2,2.273478253E-2,7.407806697E-4,1.619694172E-3,9.997399449E-1,1.773945613E2,1.874854259E-1,-8.064551290E-2,1.773944253E2
1.459470213E2,2.273489131E-2,7.409616373E-4,1.618083683E-3,9.997399449E-1,1.773945489E2,1.873014050E-1,-8.067042040E-2,1.773944129E2
1.459520213E2,2.272969446E-2,7.438033354E-4,1.616134774E-3,9.997400641E-1,1.773951445E2,1.870851171E-1,-8.100202059E-2,1.773950082E2
1.459570213E2,2.272146011E-2,7.489980781E-4,1.618907787E-3,9.997402430E-1,1.773960884E2,1.874156601E-1,-8.159146037E-2,1.773959508E2
1.459620213E2,2.272383923E-2,7.475501043E-4,1.622987329E-3,9.997401834E-1,1.773958157E2,1.878794445E-1,-8.141450829E-2,1.773956780E2
1.459670213E2,2.272377064E-2,7.468914264E-4,1.624250435E-3,9.997401834E-1,1.773958235E2,1.880224277E-1,-8.133577258E-2,1.773956859E2
1.459720213E2,2.272630784E-2,7.458757027E-4,1.625905395E-3,9.997401237E-1,1.773955327E2,1.882095844E-1,-8.121462209E-2,1.773953952E2
1.459770213E2,2.272376396E-2,7.473154692E-4,1.624148921E-3,9.997401834E-1,1.773958243E2,1.880119019E-1,-8.138461731E-2,1.773956866E2
1.459820213E2,2.272108711E-2,7.499253261E-4,1.623706426E-3,9.997402430E-1,1.773961311E2,1.879677870E-1,-8.168526290E-2,1.773959930E2
1.459870213E2,2.271861160E-2,7.512623561E-4,1.621025498E-3,9.997403026E-1,1.773964149E2,1.876639329E-1,-8.184588078E-2,1.773962767E2
1.459920213E2,2.271625278E-2,7.533485768E-4,1.616347465E-3,9.997403622E-1,1.773966852E2,1.871332454E-1,-8.209750290E-2,1.773965470E2
1.459970213E2,2.271381036E-2,7.552395109E-4,1.612918917E-3,9.997404218E-1,1.773969652E2,1.867451853E-1,-8.232351336E-2,1.773968269E2
1.460020213E2,2.271359172E-2,7.544845575E-4,1.616347581E-3,9.997404218E-1,1.773969903E2,1.871359974E-1,-8.222814077E-2,1.773968518E2
1.460070213E2,2.271335907E-2,7.541816449E-4,1.619754592E-3,9.997404218E-1,1.773970169E2,1.875255045E-1,-8.218461396E-2,1.773968783E2
1.460120213E2,2.271076380E-2,7.559684454E-4,1.618522801E-3,9.997404814E-1,1.773973144E2,1.873888253E-1,-8.239300585E-2,1.773971755E2
1.460170213E2,2.271884637E-2,7.510652067E-4,1.617823378E-3,9.997403026E-1,1.773963880E2,1.872965969E-1,-8.183158773E-2,1.773962501E2
1.460220213E2,2.271870598E-2,7.516739424E-4,1.619511284E-3,9.997403026E-1,1.773964041E2,1.874915406E-1,-8.189695744E-2,1.773962659E2
1.460270213E2,2.270553914E-2,7.611422916E-4,1.615764457E-3,9.997406006E-1,1.773979133E2,1.870858563E-1,-8.299388795E-2,1.773977736E2
1.460320213E2,2.270593408E-2,7.609411841E-4,1.610300038E-3,9.997406006E-1,1.773978680E2,1.864593497E-1,-8.298499349E-2,1.773977288E2
1.460370213E2,2.271369568E-2,7.556370692E-4,1.614346984E-3,9.997404218E-1,1.773969783E2,1.869098133E-1,-8.236536263E-2,1.773968399E2
1.460420213E2,2.271056502E-2,7.571344031E-4,1.620765426E-3,9.997404814E-1,1.773973372E2,1.876487639E-1,-8.252078078E-2,1.773971979E2
1.460470213E2,2.271322009E-2,7.554760086E-4,1.621099655E-3,9.997404218E-1,1.773970329E2,1.876829559E-1,-8.232942371E-2,1.773968939E2
1.460520213E2,2.271050840E-2,7.561327075E-4,1.622025971E-3,9.997404814E-1,1.773973437E2,1.877905628E-1,-8.240275462E-2,1.773972045E2
1.460570213E2,2.271313837E-2,7.545248372E-4,1.622686861E-3,9.997404218E-1,1.773970422E2,1.878623070E-1,-8.221633978E-2,1.773969033E2
1.460620213E2,2.271832799E-2,7.522745873E-4,1.624527038E-3,9.997403026E-1,1.773964474E2,1.880676895E-1,-8.195278094E-2,1.773963087E2
1.460670213E2,2.272164154E-2,7.486265386E-4,1.616531517E-3,9.997402430E-1,1.773960676E2,1.871424767E-1,-8.155504956E-2,1.773959303E2
1.460720213E2,2.272969946E-2,7.444283110E-4,1.615776564E-3,9.997400641E-1,1.773951440E2,1.870457083E-1,-8.107455106E-2,1.773950075E2
1.460770213E2,2.272413838E-2,7.472040015E-4,1.618953189E-3,9.997401834E-1,1.773957814E2,1.874164075E-1,-8.138530735E-2,1.773956441E2
1.460820213E2,2.272139179E-2,7.487433613E-4,1.619984163E-3,9.997402430E-1,1.773960962E2,1.875383032E-1,-8.155948967E-2,1.773959586E2
1.460870213E2,2.272440249E-2,7.477744366E-4,1.614977838E-3,9.997401834E-1,1.773957511E2,1.869624898E-1,-8.146096040E-2,1.773956141E2
1.460920213E2,2.272176639E-2,7.495098980E-4,1.614365843E-3,9.997402430E-1,1.773960533E2,1.868966828E-1,-8.166186460E-2,1.773959160E2
1.460970213E2,2.271324866E-2,7.558552315E-4,1.620522584E-3,9.997404218E-1,1.773970296E2,1.876178349E-1,-8.237436488E-2,1.773968906E2
1.461020213E2,2.271867132E-2,7.520341314E-4,1.619830262E-3,9.997403026E-1,1.773964080E2,1.875290185E-1,-8.193739739E-2,1.773962698E2
1.461070213E2,2.272445102E-2,7.470884593E-4,1.614612411E-3,9.997401834E-1,1.773957456E2,1.869188429E-1,-8.138331615E-2,1.773956087E2
1.461120213E2,2.272683402E-2,7.454390288E-4,1.618734910E-3,9.997401237E-1,1.773954724E2,1.873870232E-1,-8.118317201E-2,1.773953355E2
1.461170213E2,2.272945691E-2,7.446397212E-4,1.619087881E-3,9.997400641E-1,1.773951718E2,1.874255911E-1,-8.109019085E-2,1.773950350E2
1.461220213E2,2.272446901E-2,7.473835140E-4,1.614222536E-3,9.997401834E-1,1.773957435E2,1.868749479E-1,-8.141813008E-2,1.773956066E2
1.461270213E2,2.271360728E-2,7.543097599E-4,1.616210444E-3,9.997404218E-1,1.773969885E2,1.871198329E-1,-8.220846967E-2,1.773968501E2
1.461320213E2,2.271867508E-2,7.517375052E-4,1.619915129E-3,9.997403026E-1,1.773964076E2,1.875379690E-1,-8.190319368E-2,1.773962694E2
1.461370213E2,2.271837143E-2,7.514276076E-4,1.624311553E-3,9.997403026E-1,1.773964424E2,1.880408013E-1,-8.185630222E-2,1.773963039E2
1.461420213E2,2.272132997E-2,7.503054803E-4,1.620128402E-3,9.997402430E-1,1.773961033E2,1.875588903E-1,-8.173808493E-2,1.773959654E2
1.461470213E2,2.271586134E-2,7.527893176E-4,1.622099080E-3,9.997403622E-1,1.773967301E2,1.877906751E-1,-8.201853385E-2,1.773965915E2
1.461520213E2,2.272078479E-2,7.495451719E-4,1.628106460E-3,9.997402430E-1,1.773961658E2,1.884708499E-1,-8.163031198E-2,1.773960273E2
1.461570213E2,2.271512046E-2,7.541850791E-4,1.631796826E-3,9.997403622E-1,1.773968150E2,1.889052434E-1,-8.215332981E-2,1.773966754E2
1.461620213E2,2.271244965E-2,7.559309597E-4,1.631647814E-3,9.997404218E-1,1.773971212E2,1.888924975E-1,-8.235423366E-2,1.773969812E2
1.461670213E2,2.272296167E-2,7.474240847E-4,1.635285560E-3,9.997401834E-1,1.773959163E2,1.892879573E-1,-8.136821156E-2,1.773957777E2
1.461720213E2,2.272530785E-2,7.460991619E-4,1.639721333E-3,9.997401237E-1,1.773956473E2,1.897928694E-1,-8.120442980E-2,1.773955086E2
1.461770213E2,2.271722187E-2,7.511560107E-4,1.640434959E-3,9.997403026E-1,1.773965742E2,1.898871333E-1,-8.178342900E-2,1.773964344E2
1.461820213E2,2.271744754E-2,7.509624120E-4,1.637395704E-3,9.997403026E-1,1.773965483E2,1.895384639E-1,-8.176911942E-2,1.773964088E2
1.461870213E2,2.273330310E-2,7.410052931E-4,1.640226459E-3,9.997399449E-1,1.773947309E2,1.898381153E-1,-8.061803319E-2,1.773945931E2
1.461920213E2,2.272777057E-2,7.446212112E-4,1.642598305E-3,9.997400641E-1,1.773953651E2,1.901188118E-1,-8.102715232E-2,1.773952264E2
1.461970213E2,2.272252502E-2,7.476177998E-4,1.641253475E-3,9.997401834E-1,1.773959663E2,1.899721238E-1,-8.137494642E-2,1.773958272E2
1.462020213E2,2.272809765E-2,7.443849463E-4,1.638173824E-3,9.997400641E-1,1.773953276E2,1.896113447E-1,-8.101154714E-2,1.773951893E2
1.462070213E2,2.272769114E-2,7.453103317E-4,1.643384690E-3,9.997400641E-1,1.773953742E2,1.902106905E-1,-8.110406615E-2,1.773952353E2
1.462120213E2,2.272212654E-2,7.482912624E-4,1.646455028E-3,9.997401834E-1,1.773960120E2,1.905697466E-1,-8.143863089E-2,1.773958723E2
1.462170213E2,2.271683769E-2,7.516730693E-4,1.645510551E-3,9.997403026E-1,1.773966182E2,1.904699191E-1,-8.182952387E-2,1.773964779E2
1.462220213E2,2.271951669E-2,7.499949425E-4,1.645502634E-3,9.997402430E-1,1.773963111E2,1.904648619E-1,-8.163678477E-2,1.773961712E2
1.462270213E2,2.271931897E-2,7.496249164E-4,1.648398698E-3,9.997402430E-1,1.773963338E2,1.907956617E-1,-8.158689141E-2,1.773961937E2
1.462320213E2,2.271383839E-2,7.543892134E-4,1.649453305E-3,9.997403622E-1,1.773969620E2,1.909284351E-1,-8.213099898E-2,1.773968209E2
1.462370213E2,2.271643289E-2,7.516574697E-4,1.651096507E-3,9.997403026E-1,1.773966646E2,1.911097850E-1,-8.181327219E-2,1.773965239E2
1.462420213E2,2.272678974E-2,7.449752884E-4,1.655954402E-3,9.997400641E-1,1.773954775E2,1.916497585E-1,-8.103311739E-2,1.773953377E2
1.462470213E2,2.272694065E-2,7.457340253E-4,1.653539948E-3,9.997400641E-1,1.773954602E2,1.913751419E-1,-8.112629909E-2,1.773953204E2
1.462520213E2,2.271852369E-2,7.508444251E-4,1.658771886E-3,9.997402430E-1,1.773964250E2,1.919871476E-1,-8.169974580E-2,1.773962838E2
1.462570213E2,2.272161877E-2,7.490685675E-4,1.653095591E-3,9.997401834E-1,1.773960702E2,1.913324870E-1,-8.151048616E-2,1.773959298E2
1.462620213E2,2.272687641E-2,7.455057348E-4,1.654525637E-3,9.997400641E-1,1.773954676E2,1.914874647E-1,-8.109759084E-2,1.773953277E2
1.462670213E2,2.272426809E-2,7.463798393E-4,1.653941814E-3,9.997401237E-1,1.773957665E2,1.914226456E-1,-8.119974980E-2,1.773956266E2
1.462720213E2,2.271895447E-2,7.511212025E-4,1.652735635E-3,9.997402430E-1,1.773963756E2,1.912963771E-1,-8.174708687E-2,1.773962348E2
1.462770213E2,2.272461782E-2,7.466364768E-4,1.649013604E-3,9.997401237E-1,1.773957264E2,1.908587558E-1,-8.124191772E-2,1.773955869E2
1.462820213E2,2.273263856E-2,7.418188616E-4,1.649045385E-3,9.997399449E-1,1.773948071E2,1.908504968E-1,-8.068838897E-2,1.773946684E2
1.462870213E2,2.271645997E-2,7.516179467E-4,1.650741906E-3,9.997403026E-1,1.773966615E2,1.910690604E-1,-8.180966230E-2,1.773965208E2
1.462920213E2,2.271387480E-2,7.536333287E-4,1.649297425E-3,9.997403622E-1,1.773969578E2,1.909086124E-1,-8.204480222E-2,1.773968168E2
1.462970213E2,2.273012445E-2,7.426828961E-4,1.647175755E-3,9.997400045E-1,1.773950953E2,1.906383559E-1,-8.079272433E-2,1.773949566E2
1.463020213E2,2.272703527E-2,7.453941507E-4,1.652392326E-3,9.997400641E-1,1.773954493E2,1.912427901E-1,-8.109033328E-2,1.773953097E2
1.463070213E2,2.271326736E-2,7.536919438E-4,1.657615067E-3,9.997403622E-1,1.773970274E2,1.918616028E-1,-8.202998333E-2,1.773968858E2
1.463120213E2,2.271641185E-2,7.528890856E-4,1.650824794E-3,9.997403026E-1,1.773966670E2,1.910818617E-1,-8.195507975E-2,1.773965261E2
1.463170213E2,2.271923721E-2,7.497566403E-4,1.649465295E-3,9.997402430E-1,1.773963432E2,1.909181898E-1,-8.159922058E-2,1.773962029E2
1.463220213E2,2.271655980E-2,7.516955957E-4,1.649332116E-3,9.997403026E-1,1.773966501E2,1.909077621E-1,-8.182220890E-2,1.773965095E2
1.463270213E2,2.271661803E-2,7.526068948E-4,1.648114063E-3,9.997403026E-1,1.773966434E2,1.907705966E-1,-8.192976883E-2,1.773965027E2
1.463320213E2,2.272743898E-2,7.445290103E-4,1.647221623E-3,9.997400641E-1,1.773954031E2,1.906482023E-1,-8.100461116E-2,1.773952640E2
1.463370213E2,2.273003672E-2,7.424081559E-4,1.648509759E-3,9.997400045E-1,1.773951053E2,1.907904594E-1,-8.075779150E-2,1.773949666E2
1.463420213E2,2.272710103E-2,7.440544432E-4,1.652091625E-3,9.997400641E-1,1.773954418E2,1.912048569E-1,-8.093762453E-2,1.773953025E2
1.463470213E2,2.273524951E-2,7.397341542E-4,1.650122111E-3,9.997398853E-1,1.773945078E2,1.909686275E-1,-8.044625740E-2,1.773943695E2
1.463520213E2,2.274062249E-2,7.356354035E-4,1.650141086E-3,9.997397661E-1,1.773938920E2,1.909605511E-1,-7.997562140E-2,1.773937544E2
1.463570213E2,2.274814676E-2,7.294029929E-4,1.657516696E-3,9.997395873E-1,1.773930295E2,1.917898698E-1,-7.924096083E-2,1.773928926E2
1.463620213E2,2.274013584E-2,7.363079931E-4,1.656535198E-3,9.997397661E-1,1.773939477E2,1.916947884E-1,-8.003610456E-2,1.773938096E2
1.463670213E2,2.274050131E-2,7.361569442E-4,1.651577884E-3,9.997397661E-1,1.773939059E2,1.911265034E-1,-8.003164887E-2,1.773937681E2
1.463720213E2,2.273273921E-2,7.407793310E-4,1.648124889E-3,9.997399449E-1,1.773947956E2,1.907423425E-1,-8.057167725E-2,1.773946572E2
1.463770213E2,2.273504390E-2,7.401799667E-4,1.652752981E-3,9.997398853E-1,1.773945314E2,1.912711707E-1,-8.049051532E-2,1.773943928E2
1.463820213E2,2.272991282E-2,7.421713672E-4,1.650323626E-3,9.997400045E-1,1.773951195E2,1.909976331E-1,-8.072596344E-2,1.773949807E2
1.463870213E2,2.272484409E-2,7.459705230E-4,1.646194374E-3,9.997401237E-1,1.773957005E2,1.905340626E-1,-8.117292352E-2,1.773955613E2
1.463920213E2,2.273024204E-2,7.419073372E-4,1.645902055E-3,9.997400045E-1,1.773950818E2,1.904904271E-1,-8.070717026E-2,1.773949434E2
1.463970213E2,2.273833626E-2,7.369601517E-4,1.644935342E-3,9.997398257E-1,1.773941540E2,1.903674393E-1,-8.014138856E-2,1.773940166E2
1.464020213E2,2.273843560E-2,7.365172496E-4,1.643760013E-3,9.997398257E-1,1.773941426E2,1.902316448E-1,-8.009369263E-2,1.773940054E2
1.464070213E2,2.274391819E-2,7.340557058E-4,1.641512150E-3,9.997397065E-1,1.773935142E2,1.899681475E-1,-7.981650939E-2,1.773933777E2
1.464120213E2,2.275457064E-2,7.266785833E-4,1.642370480E-3,9.997394681E-1,1.773922932E2,1.900480914E-1,-7.896711095E-2,1.773921580E2
1.464170213E2,2.275156985E-2,7.281893049E-4,1.646984834E-3,9.997395277E-1,1.773926372E2,1.905804238E-1,-7.912872142E-2,1.773925013E2
1.464220213E2,2.274879641E-2,7.306941552E-4,1.648004632E-3,9.997395873E-1,1.773929551E2,1.907035653E-1,-7.941355162E-2,1.773928187E2
1.464270213E2,2.276165774E-2,7.209886098E-4,1.655468135E-3,9.997392893E-1,1.773914809E2,1.915343027E-1,-7.827974613E-2,1.773913458E2
1.464320213E2,2.275870812E-2,7.237728569E-4,1.658807276E-3,9.997393489E-1,1.773918190E2,1.919238730E-1,-7.859057061E-2,1.773916831E2
1.464370213E2,2.275333381E-2,7.273595547E-4,1.659119152E-3,9.997394681E-1,1.773924350E2,1.919685330E-1,-7.900168752E-2,1.773922984E2
1.464420213E2,2.275101044E-2,7.274979143E-4,1.654998516E-3,9.997395277E-1,1.773927013E2,1.914966412E-1,-7.902872775E-2,1.773925650E2
1.464470213E2,2.276434568E-2,7.196943043E-4,1.655066852E-3,9.997392297E-1,1.773911728E2,1.914851644E-1,-7.813200013E-2,1.773910380E2
1.464520213E2,2.276167894E-2,7.204959984E-4,1.655391068E-3,9.997392893E-1,1.773914784E2,1.915241903E-1,-7.822350867E-2,1.773913435E2
1.464570213E2,2.275657225E-2,7.246908499E-4,1.651771367E-3,9.997394085E-1,1.773920638E2,1.911200507E-1,-7.871449613E-2,1.773919283E2
1.464620213E2,2.275939400E-2,7.231737836E-4,1.649632817E-3,9.997393489E-1,1.773917403E2,1.908713189E-1,-7.854573666E-2,1.773916053E2
1.464670213E2,2.276472335E-2,7.184395217E-4,1.650410821E-3,9.997392297E-1,1.773911295E2,1.909485155E-1,-7.800032432E-2,1.773909953E2
1.464720213E2,2.276759458E-2,7.169038872E-4,1.647575409E-3,9.997391701E-1,1.773908004E2,1.906199018E-1,-7.783124891E-2,1.773906667E2
1.464770213E2,2.275977278E-2,7.229846669E-4,1.644481788E-3,9.997393489E-1,1.773916969E2,1.902807427E-1,-7.853743380E-2,1.773915623E2
1.464820213E2,2.276261456E-2,7.206844166E-4,1.642393065E-3,9.997392893E-1,1.773913712E2,1.900356764E-1,-7.827882079E-2,1.773912372E2
1.464870213E2,2.276773490E-2,7.166267605E-4,1.645755838E-3,9.997391701E-1,1.773907843E2,1.904107356E-1,-7.780422154E-2,1.773906508E2
1.464920213E2,2.277047350E-2,7.152879261E-4,1.644657110E-3,9.997391105E-1,1.773904704E2,1.902815823E-1,-7.765318785E-2,1.773903373E2
1.464970213E2,2.276536804E-2,7.184685674E-4,1.641481533E-3,9.997392297E-1,1.773910556E2,1.899256836E-1,-7.802682394E-2,1.773909221E2
1.465020213E2,2.276838065E-2,7.173577906E-4,1.636477653E-3,9.997391701E-1,1.773907103E2,1.893497653E-1,-7.791205525E-2,1.773905774E2
1.465070213E2,2.276844030E-2,7.170115714E-4,1.635799301E-3,9.997391701E-1,1.773907035E2,1.892711531E-1,-7.787415046E-2,1.773905707E2
1.465120213E2,2.275810762E-2,7.247048779E-4,1.630474348E-3,9.997394085E-1,1.773918878E2,1.886803767E-1,-7.877135287E-2,1.773917539E2
1.465170213E2,2.275815756E-2,7.232433418E-4,1.630426152E-3,9.997394085E-1,1.773918821E2,1.886710471E-1,-7.860403300E-2,1.773917485E2
1.465220213E2,2.276900232E-2,7.172402693E-4,1.627856982E-3,9.997391701E-1,1.773906390E2,1.883619051E-1,-7.792096775E-2,1.773905068E2
1.465270213E2,2.276394779E-2,7.199678221E-4,1.624127384E-3,9.997392893E-1,1.773912184E2,1.879413567E-1,-7.824412262E-2,1.773910859E2
1.465320213E2,2.275847230E-2,7.233740762E-4,1.625968842E-3,9.997394085E-1,1.773918460E2,1.881607740E-1,-7.863057573E-2,1.773917128E2
1.465370213E2,2.276385852E-2,7.198333042E-4,1.625437755E-3,9.997392893E-1,1.773912286E2,1.880911176E-1,-7.822531045E-2,1.773910961E2
1.465420213E2,2.276415130E-2,7.192334160E-4,1.621598378E-3,9.997392893E-1,1.773911951E2,1.876497283E-1,-7.816654699E-2,1.773910630E2
1.465470213E2,2.276393619E-2,7.194647915E-4,1.624512835E-3,9.997392893E-1,1.773912197E2,1.879842015E-1,-7.818549122E-2,1.773910873E2
1.465520213E2,2.276123895E-2,7.221443811E-4,1.624436234E-3,9.997393489E-1,1.773915289E2,1.879822050E-1,-7.849317664E-2,1.773913960E2
1.465570213E2,2.277187662E-2,7.153390325E-4,1.625091536E-3,9.997391105E-1,1.773903096E2,1.880403519E-1,-7.770983397E-2,1.773901779E2
1.465620213E2,2.277200760E-2,7.143740659E-4,1.623679884E-3,9.997391105E-1,1.773902946E2,1.878761219E-1,-7.760294498E-2,1.773901632E2
1.465670213E2,2.277167219E-2,7.139171357E-4,1.628577593E-3,9.997391105E-1,1.773903330E2,1.884359950E-1,-7.753788036E-2,1.773902014E2
1.465720213E2,2.276896260E-2,7.165924762E-4,1.628697733E-3,9.997391701E-1,1.773906436E2,1.884565298E-1,-7.784456920E-2,1.773905114E2
1.465770213E2,2.276892495E-2,7.164975978E-4,1.629265607E-3,9.997391701E-1,1.773906479E2,1.885213361E-1,-7.783222512E-2,1.773905157E2
1.465820213E2,2.276844100E-2,7.161614485E-4,1.636162051E-3,9.997391701E-1,1.773907034E2,1.893104922E-1,-7.777581230E-2,1.773905707E2
1.465870213E2,2.276854132E-2,7.173245540E-4,1.634255284E-3,9.997391701E-1,1.773906919E2,1.890950919E-1,-7.791401583E-2,1.773905591E2
1.465920213E2,2.276594493E-2,7.182444679E-4,1.633559586E-3,9.997392297E-1,1.773909895E2,1.890175892E-1,-7.802170886E-2,1.773908566E2
1.465970213E2,2.277414587E-2,7.134120679E-4,1.630796818E-3,9.997390509E-1,1.773900495E2,1.886891076E-1,-7.747376081E-2,1.773899178E2
1.466020213E2,2.277401029E-2,7.123374380E-4,1.633158303E-3,9.997390509E-1,1.773900650E2,1.889568288E-1,-7.734451186E-2,1.773899333E2
1.466070213E2,2.276574606E-2,7.185623399E-4,1.636189176E-3,9.997392297E-1,1.773910123E2,1.893196543E-1,-7.805130210E-2,1.773908792E2
1.466120213E2,2.276850200E-2,7.159530651E-4,1.635404187E-3,9.997391701E-1,1.773906964E2,1.892231307E-1,-7.775390541E-2,1.773905638E2
1.466170213E2,2.277893677E-2,7.090087165E-4,1.638864866E-3,9.997389317E-1,1.773895003E2,1.896022753E-1,-7.694734031E-2,1.773893689E2
1.466220213E2,2.277872827E-2,7.091992884E-4,1.641677925E-3,9.997389317E-1,1.773895242E2,1.899250267E-1,-7.696186891E-2,1.773893925E2
1.466270213E2,2.276821551E-2,7.174782804E-4,1.638720860E-3,9.997391701E-1,1.773907292E2,1.896070533E-1,-7.792003712E-2,1.773905961E2
1.466320213E2,2.277098168E-2,7.152415928E-4,1.637626323E-3,9.997391105E-1,1.773904122E2,1.894760393E-1,-7.766612994E-2,1.773902796E2
1.466370213E2,2.277063900E-2,7.155500934E-4,1.642249874E-3,9.997391105E-1,1.773904514E2,1.900065013E-1,-7.768947227E-2,1.773903184E2
1.466420213E2,2.276527837E-2,7.187985466E-4,1.642580261E-3,9.997392297E-1,1.773910659E2,1.900524101E-1,-7.806177755E-2,1.773909322E2
1.466470213E2,2.277614434E-2,7.119912771E-4,1.640021568E-3,9.997389913E-1,1.773898204E2,1.897423601E-1,-7.728653799E-2,1.773896883E2
1.466520213E2,2.278437776E-2,7.057791809E-4,1.637343434E-3,9.997388124E-1,1.773888767E2,1.894199625E-1,-7.658029991E-2,1.773887459E2
1.466570213E2,2.278404236E-2,7.060111966E-4,1.641904353E-3,9.997388124E-1,1.773889151E2,1.899430509E-1,-7.659503504E-2,1.773887840E2
1.466620213E2,2.278150243E-2,7.076507318E-4,1.640148577E-3,9.997388721E-1,1.773892063E2,1.897459918E-1,-7.678792932E-2,1.773890749E2
1.466670213E2,2.278129183E-2,7.072736043E-4,1.643233467E-3,9.997388721E-1,1.773892304E2,1.900984022E-1,-7.673671128E-2,1.773890989E2
1.466720213E2,2.278397960E-2,7.061201031E-4,1.642728224E-3,9.997388124E-1,1.773889223E2,1.900377148E-1,-7.660537236E-2,1.773887911E2
1.466770213E2,2.278387817E-2,7.062605000E-4,1.644074102E-3,9.997388124E-1,1.773889339E2,1.901922601E-1,-7.661796169E-2,1.773888026E2
1.466820213E2,2.277565957E-2,7.107800920E-4,1.647263183E-3,9.997389913E-1,1.773898760E2,1.905687755E-1,-7.712897372E-2,1.773897435E2
1.466870213E2,2.277579587E-2,7.109515718E-4,1.645303564E-3,9.997389913E-1,1.773898603E2,1.903447356E-1,-7.715370746E-2,1.773897280E2
1.466920213E2,2.277837716E-2,7.099795621E-4,1.646206132E-3,9.997389317E-1,1.773895645E2,1.904457973E-1,-7.703950490E-2,1.773894322E2
1.466970213E2,2.278377692E-2,7.064965903E-4,1.645375276E-3,9.997388124E-1,1.773889455E2,1.903419340E-1,-7.664163053E-2,1.773888141E2
1.467020213E2,2.277325392E-2,7.127076387E-4,1.643511117E-3,9.997390509E-1,1.773901517E2,1.901437764E-1,-7.736004730E-2,1.773900192E2
1.467070213E2,2.277585639E-2,7.123563555E-4,1.643857569E-3,9.997389913E-1,1.773898534E2,1.901827510E-1,-7.731840446E-2,1.773897209E2
1.467120213E2,2.277832619E-2,7.100909716E-4,1.646863180E-3,9.997389317E-1,1.773895703E2,1.905213570E-1,-7.705056275E-2,1.773894380E2
1.467170213E2,2.278335980E-2,7.059528143E-4,1.651373575E-3,9.997388124E-1,1.773889934E2,1.910276596E-1,-7.656375300E-2,1.773888615E2
1.467220213E2,2.278100536E-2,7.070365245E-4,1.647301950E-3,9.997388721E-1,1.773892632E2,1.905638549E-1,-7.669898412E-2,1.773891315E2
1.467270213E2,2.278659903E-2,7.048805128E-4,1.643202384E-3,9.997387528E-1,1.773886221E2,1.900889990E-1,-7.646162673E-2,1.773884911E2
1.467320213E2,2.278896519E-2,7.022842183E-4,1.647758065E-3,9.997386932E-1,1.773883509E2,1.906043069E-1,-7.615184360E-2,1.773882200E2
1.467370213E2,2.278602962E-2,7.038470940E-4,1.651520375E-3,9.997387528E-1,1.773886873E2,1.910391827E-1,-7.632162470E-2,1.773885559E2
1.467420213E2,2.279456758E-2,6.981811021E-4,1.644333359E-3,9.997385740E-1,1.773877087E2,1.902016733E-1,-7.568966175E-2,1.773875789E2
1.467470213E2,2.279701905E-2,6.974179996E-4,1.646908931E-3,9.997385144E-1,1.773874277E2,1.904949278E-1,-7.559504446E-2,1.773872979E2
1.467520213E2,2.279934788E-2,6.953488337E-4,1.651721192E-3,9.997384548E-1,1.773871608E2,1.910409993E-1,-7.534498047E-2,1.773870310E2
1.467570213E2,2.279698488E-2,6.962121697E-4,1.647891826E-3,9.997385144E-1,1.773874316E2,1.906043771E-1,-7.545434133E-2,1.773873019E2
1.467620213E2,2.279721873E-2,6.973214331E-4,1.644183532E-3,9.997385144E-1,1.773874048E2,1.901824634E-1,-7.559106370E-2,1.773872752E2
1.467670213E2,2.279950713E-2,6.943119224E-4,1.649958314E-3,9.997384548E-1,1.773871425E2,1.908363431E-1,-7.523076577E-2,1.773870131E2
1.467720213E2,2.279415669E-2,6.992279086E-4,1.649576123E-3,9.997385740E-1,1.773877558E2,1.908049984E-1,-7.579596891E-2,1.773876254E2
1.467770213E2,2.279430025E-2,6.987466477E-4,1.647795434E-3,9.997385740E-1,1.773877394E2,1.905997528E-1,-7.574545892E-2,1.773876092E2
1.467820213E2,2.279146668E-2,7.000837941E-4,1.650257967E-3,9.997386336E-1,1.773880641E2,1.908851436E-1,-7.589275309E-2,1.773879335E2
1.467870213E2,2.278871338E-2,7.016390446E-4,1.651511178E-3,9.997386932E-1,1.773883797E2,1.910325670E-1,-7.606817807E-2,1.773882487E2
1.467920213E2,2.279167407E-2,7.013243739E-4,1.646863529E-3,9.997386336E-1,1.773880404E2,1.904995263E-1,-7.604370220E-2,1.773879098E2
1.467970213E2,2.279484178E-2,6.988171372E-4,1.640257076E-3,9.997385740E-1,1.773876773E2,1.897363685E-1,-7.577312300E-2,1.773875477E2
1.468020213E2,2.279466598E-2,6.985174841E-4,1.642825780E-3,9.997385740E-1,1.773876974E2,1.900298483E-1,-7.573211762E-2,1.773875677E2
1.468070213E2,2.279722171E-2,6.971049588E-4,1.644234057E-3,9.997385144E-1,1.773874045E2,1.901876862E-1,-7.556613149E-2,1.773872749E2
1.468120213E2,2.279464019E-2,6.994529394E-4,1.642785617E-3,9.997385740E-1,1.773877004E2,1.900276890E-1,-7.583939474E-2,1.773875705E2
1.468170213E2,2.279223868E-2,7.008913672E-4,1.639216091E-3,9.997386336E-1,1.773879757E2,1.896223321E-1,-7.601396323E-2,1.773878457E2
1.468220213E2,2.278968742E-2,7.020076737E-4,1.637857407E-3,9.997386932E-1,1.773882681E2,1.894694003E-1,-7.614588145E-2,1.773881380E2
1.468270213E2,2.278930161E-2,7.025127416E-4,1.643000985E-3,9.997386932E-1,1.773883123E2,1.900599488E-1,-7.619038304E-2,1.773881818E2
1.468320213E2,2.278154469E-2,7.076555630E-4,1.639559399E-3,9.997388721E-1,1.773892014E2,1.896785102E-1,-7.679001294E-2,1.773890701E2
1.468370213E2,2.277355069E-2,7.122645620E-4,1.639586291E-3,9.997390509E-1,1.773901177E2,1.896930067E-1,-7.731947421E-2,1.773899855E2
1.468420213E2,2.277622275E-2,7.120443624E-4,1.638909220E-3,9.997389913E-1,1.773898114E2,1.896150718E-1,-7.729550800E-2,1.773896793E2
1.468470213E2,2.276837923E-2,7.174414350E-4,1.636460773E-3,9.997391701E-1,1.773907105E2,1.893480496E-1,-7.792168201E-2,1.773905775E2
1.468520213E2,2.276043783E-2,7.230634219E-4,1.635216642E-3,9.997393489E-1,1.773916207E2,1.892195657E-1,-7.857049574E-2,1.773914868E2
1.468570213E2,2.276052598E-2,7.219696417E-4,1.634472748E-3,9.997393489E-1,1.773916106E2,1.891314974E-1,-7.844711400E-2,1.773914770E2
1.468620213E2,2.275729828E-2,7.251842180E-4,1.641520299E-3,9.997394085E-1,1.773919806E2,1.899470107E-1,-7.879761255E-2,1.773918457E2
1.468670213E2,2.274912176E-2,7.302106242E-4,1.643722295E-3,9.997395873E-1,1.773929178E2,1.902117367E-1,-7.936925943E-2,1.773927818E2
1.468720213E2,2.274084224E-2,7.352211978E-4,1.647294965E-3,9.997397661E-1,1.773938668E2,1.906334313E-1,-7.993554442E-2,1.773937296E2
1.468770213E2,2.274346612E-2,7.332930109E-4,1.648103469E-3,9.997397065E-1,1.773935660E2,1.907212391E-1,-7.971204031E-2,1.773934291E2
1.468820213E2,2.274054092E-2,7.356905844E-4,1.651240280E-3,9.997397661E-1,1.773939013E2,1.910866144E-1,-7.997909409E-2,1.773937637E2
1.468870213E2,2.273533042E-2,7.393452106E-4,1.649181359E-3,9.997398853E-1,1.773944985E2,1.908598459E-1,-8.040413492E-2,1.773943604E2
1.468920213E2,2.273832970E-2,7.381433388E-4,1.644495409E-3,9.997398257E-1,1.773941548E2,1.903201224E-1,-8.027808421E-2,1.773940172E2
1.468970213E2,2.273844365E-2,7.367216749E-4,1.643556985E-3,9.997398257E-1,1.773941417E2,1.902089188E-1,-8.011763947E-2,1.773940045E2
1.469020213E2,2.273033775E-2,7.431244012E-4,1.644030213E-3,9.997400045E-1,1.773950708E2,1.902791631E-1,-8.085145695E-2,1.773949323E2
1.469070213E2,2.272792350E-2,7.446695236E-4,1.640459057E-3,9.997400641E-1,1.773953475E2,1.898738731E-1,-8.103822981E-2,1.773952090E2
1.469120213E2,2.272555157E-2,7.459524204E-4,1.636406872E-3,9.997401237E-1,1.773956194E2,1.894127951E-1,-8.119620440E-2,1.773954810E2
1.469170213E2,2.272242877E-2,7.477957406E-4,1.642504474E-3,9.997401834E-1,1.773959773E2,1.901158966E-1,-8.139209241E-2,1.773958381E2
1.469220213E2,2.272489850E-2,7.458803593E-4,1.645483891E-3,9.997401237E-1,1.773956943E2,1.904524377E-1,-8.116443409E-2,1.773955551E2
1.469270213E2,2.272248507E-2,7.481353241E-4,1.641570707E-3,9.997401834E-1,1.773959709E2,1.900098111E-1,-8.143341649E-2,1.773958316E2
1.469320213E2,2.272246514E-2,7.481788052E-4,1.641826704E-3,9.997401834E-1,1.773959732E2,1.900392503E-1,-8.143773495E-2,1.773958339E2
1.469370213E2,2.272760311E-2,7.445891388E-4,1.644928241E-3,9.997400641E-1,1.773953843E2,1.903856373E-1,-8.101744149E-2,1.773952454E2
1.469420213E2,2.272519401E-2,7.455410669E-4,1.641551848E-3,9.997401237E-1,1.773956604E2,1.900011144E-1,-8.113574789E-2,1.773955216E2
1.469470213E2,2.271478663E-2,7.536250050E-4,1.636695233E-3,9.997403622E-1,1.773968533E2,1.894649304E-1,-8.207647888E-2,1.773967134E2
1.469520213E2,2.272545638E-2,7.464941009E-4,1.637481502E-3,9.997401237E-1,1.773956303E2,1.895373102E-1,-8.125547970E-2,1.773954917E2
1.469570213E2,2.272502489E-2,7.463542279E-4,1.643522410E-3,9.997401237E-1,1.773956798E2,1.902289705E-1,-8.122380543E-2,1.773955407E2
1.469620213E2,2.272505061E-2,7.471817080E-4,1.642790623E-3,9.997401237E-1,1.773956768E2,1.901472926E-1,-8.132050392E-2,1.773955376E2
1.469670213E2,2.272286133E-2,7.488807314E-4,1.636013156E-3,9.997401834E-1,1.773959278E2,1.893750976E-1,-8.153321203E-2,1.773957888E2
1.469720213E2,2.272836619E-2,7.437661989E-4,1.634725486E-3,9.997400641E-1,1.773952968E2,1.892147055E-1,-8.094959299E-2,1.773951589E2
1.469770213E2,2.273064229E-2,7.430526312E-4,1.639846712E-3,9.997400045E-1,1.773950359E2,1.897997297E-1,-8.085407440E-2,1.773948978E2
1.469820213E2,2.272276449E-2,7.489029085E-4,1.637347508E-3,9.997401834E-1,1.773959389E2,1.895280139E-1,-8.153229639E-2,1.773957998E2
1.469870213E2,2.272836704E-2,7.440226618E-4,1.634596847E-3,9.997400641E-1,1.773952967E2,1.892006365E-1,-8.097930875E-2,1.773951588E2
1.469920213E2,2.273355564E-2,7.402822957E-4,1.637049718E-3,9.997399449E-1,1.773947020E2,1.894723175E-1,-8.054343344E-2,1.773945646E2
1.469970213E2,2.273602094E-2,7.385127828E-4,1.640009345E-3,9.997398853E-1,1.773944194E2,1.898069664E-1,-8.033253633E-2,1.773942821E2
1.470020213E2,2.273623861E-2,7.394955610E-4,1.636545174E-3,9.997398853E-1,1.773943944E2,1.894126819E-1,-8.045410981E-2,1.773942573E2
1.470070213E2,2.273639696E-2,7.395241410E-4,1.634330838E-3,9.997398853E-1,1.773943763E2,1.891590900E-1,-8.046312353E-2,1.773942393E2
1.470120213E2,2.273876727E-2,7.376854774E-4,1.638640068E-3,9.997398257E-1,1.773941046E2,1.896481638E-1,-8.024080540E-2,1.773939676E2
1.470170213E2,2.273616976E-2,7.385492790E-4,1.637928421E-3,9.997398853E-1,1.773944023E2,1.895686783E-1,-8.034211102E-2,1.773942652E2
1.470220213E2,2.273324311E-2,7.399726892E-4,1.641523559E-3,9.997399449E-1,1.773947378E2,1.899840186E-1,-8.049636843E-2,1.773946001E2
1.470270213E2,2.273611207E-2,7.384203491E-4,1.638787100E-3,9.997398853E-1,1.773944090E2,1.896667099E-1,-8.032511422E-2,1.773942718E2
1.470320213E2,2.273090869E-2,7.432790007E-4,1.636047033E-3,9.997400045E-1,1.773950054E2,1.893650414E-1,-8.088985497E-2,1.773948675E2
1.470370213E2,2.272574968E-2,7.455670857E-4,1.633829204E-3,9.997401237E-1,1.773955967E2,1.891165042E-1,-8.115873529E-2,1.773954586E2
1.470420213E2,2.273406330E-2,7.413862622E-4,1.629482722E-3,9.997399449E-1,1.773946438E2,1.886083433E-1,-8.068952372E-2,1.773945068E2
1.470470213E2,2.273676442E-2,7.388897357E-4,1.629498554E-3,9.997398853E-1,1.773943342E2,1.886038695E-1,-8.040296630E-2,1.773941977E2
1.470520213E2,2.273101482E-2,7.433630526E-4,1.634533633E-3,9.997400045E-1,1.773949932E2,1.891918906E-1,-8.090340629E-2,1.773948554E2
1.470570213E2,2.272301305E-2,7.476081955E-4,1.634487184E-3,9.997401834E-1,1.773959104E2,1.891969773E-1,-8.139137288E-2,1.773957718E2
1.470620213E2,2.272312327E-2,7.482742076E-4,1.632649102E-3,9.997401834E-1,1.773958977E2,1.889881460E-1,-8.147243799E-2,1.773957592E2
1.470670213E2,2.272308281E-2,7.483285153E-4,1.633187290E-3,9.997401834E-1,1.773959024E2,1.890499402E-1,-8.147726578E-2,1.773957638E2
1.470720213E2,2.272543199E-2,7.464092341E-4,1.637858571E-3,9.997401237E-1,1.773956331E2,1.895802850E-1,-8.124477984E-2,1.773954945E2
1.470770213E2,2.272288971E-2,7.482071524E-4,1.635927125E-3,9.997401834E-1,1.773959245E2,1.893634899E-1,-8.145626422E-2,1.773957857E2
1.470820213E2,2.272331327E-2,7.476176834E-4,1.630303683E-3,9.997401834E-1,1.773958760E2,1.887177553E-1,-8.140329702E-2,1.773957377E2
1.470870213E2,2.272332254E-2,7.476362516E-4,1.630166080E-3,9.997401834E-1,1.773958749E2,1.887020403E-1,-8.140578081E-2,1.773957367E2
1.470920213E2,2.271278930E-2,7.556976634E-4,1.627021353E-3,9.997404218E-1,1.773970822E2,1.883619004E-1,-8.233948455E-2,1.773969427E2
1.470970213E2,2.271553763E-2,7.529254071E-4,1.626562909E-3,9.997403622E-1,1.773967672E2,1.883023891E-1,-8.202256530E-2,1.773966283E2
1.471020213E2,2.272105271E-2,7.505152607E-4,1.623915276E-3,9.997402430E-1,1.773961351E2,1.879932466E-1,-8.175230958E-2,1.773959968E2
1.471070213E2,2.271775818E-2,7.519225474E-4,1.632638276E-3,9.997403026E-1,1.773965127E2,1.889959676E-1,-8.189144094E-2,1.773963734E2
1.471120213E2,2.271216132E-2,7.563130930E-4,1.635479741E-3,9.997404218E-1,1.773971542E2,1.893324625E-1,-8.238809243E-2,1.773970139E2
1.471170213E2,2.272057255E-2,7.498452323E-4,1.630927669E-3,9.997402430E-1,1.773961901E2,1.887948179E-1,-8.165738181E-2,1.773960514E2
1.471220213E2,2.272860427E-2,7.438451285E-4,1.631375984E-3,9.997400641E-1,1.773952695E2,1.888312041E-1,-8.096731452E-2,1.773951319E2
1.471270213E2,2.272849041E-2,7.436923333E-4,1.633031061E-3,9.997400641E-1,1.773952826E2,1.890204061E-1,-8.094552067E-2,1.773951448E2
1.471320213E2,2.272560025E-2,7.463674410E-4,1.635541441E-3,9.997401237E-1,1.773956138E2,1.893147343E-1,-8.124599455E-2,1.773954754E2
1.471370213E2,2.273386893E-2,7.409937680E-4,1.632370520E-3,9.997399449E-1,1.773946661E2,1.889381374E-1,-8.063707210E-2,1.773945289E2
1.471420213E2,2.273896233E-2,7.373617264E-4,1.636077068E-3,9.997398257E-1,1.773940823E2,1.893537129E-1,-8.021035765E-2,1.773939455E2
1.471470213E2,2.273350636E-2,7.405902725E-4,1.637594658E-3,9.997399449E-1,1.773947076E2,1.895355455E-1,-8.057730547E-2,1.773945701E2
1.471520213E2,2.273117879E-2,7.418207242E-4,1.632953179E-3,9.997400045E-1,1.773949744E2,1.890068255E-1,-8.073080032E-2,1.773948371E2
1.471570213E2,2.273354003E-2,7.406062796E-4,1.637119916E-3,9.997399449E-1,1.773947038E2,1.894812025E-1,-8.058036969E-2,1.773945663E2
1.471620213E2,2.273607769E-2,7.394907298E-4,1.638781512E-3,9.997398853E-1,1.773944129E2,1.896688562E-1,-8.044776004E-2,1.773942755E2
1.471670213E2,2.273330087E-2,7.402884657E-4,1.640581060E-3,9.997399449E-1,1.773947312E2,1.898768713E-1,-8.053498877E-2,1.773945935E2
1.471720213E2,2.273079448E-2,7.425746298E-4,1.637952635E-3,9.997400045E-1,1.773950185E2,1.895815071E-1,-8.080421869E-2,1.773948806E2
1.471770213E2,2.273077315E-2,7.432348211E-4,1.637949143E-3,9.997400045E-1,1.773950209E2,1.895828252E-1,-8.087986455E-2,1.773948829E2
1.471820213E2,2.273844588E-2,7.373805856E-4,1.643230673E-3,9.997398257E-1,1.773941414E2,1.901732531E-1,-8.019397534E-2,1.773940041E2
1.471870213E2,2.272499441E-2,7.469187258E-4,1.643687370E-3,9.997401237E-1,1.773956833E2,1.902493365E-1,-8.128805155E-2,1.773955441E2
1.471920213E2,2.272251941E-2,7.474495796E-4,1.641407725E-3,9.997401834E-1,1.773959670E2,1.899893565E-1,-8.135527422E-2,1.773958278E2
1.471970213E2,2.273065946E-2,7.426762022E-4,1.639779308E-3,9.997400045E-1,1.773950339E2,1.897910285E-1,-8.081112234E-2,1.773948959E2
1.472020213E2,2.272538265E-2,7.470833953E-4,1.638235874E-3,9.997401237E-1,1.773956388E2,1.896252615E-1,-8.132103973E-2,1.773955000E2
1.472070213E2,2.271475329E-2,7.529852446E-4,1.637452166E-3,9.997403622E-1,1.773968571E2,1.895499780E-1,-8.200122271E-2,1.773967173E2
1.472120213E2,2.272321369E-2,7.475905004E-4,1.631703577E-3,9.997401834E-1,1.773958874E2,1.888780514E-1,-8.139655632E-2,1.773957490E2
1.472170213E2,2.272588091E-2,7.454132428E-4,1.632073196E-3,9.997401237E-1,1.773955817E2,1.889149420E-1,-8.114565919E-2,1.773954437E2
1.472220213E2,2.272302360E-2,7.476910832E-4,1.634302665E-3,9.997401834E-1,1.773959092E2,1.891760552E-1,-8.140134714E-2,1.773957706E2
1.472270213E2,2.272841944E-2,7.452074206E-4,1.633328153E-3,9.997400641E-1,1.773952907E2,1.890583825E-1,-8.111833143E-2,1.773951527E2
1.472320213E2,2.272874986E-2,7.436218439E-4,1.629448263E-3,9.997400641E-1,1.773952528E2,1.886097903E-1,-8.094672820E-2,1.773951154E2
1.472370213E2,2.272055650E-2,7.494131569E-4,1.631349907E-3,9.997402430E-1,1.773961920E2,1.888420640E-1,-8.160678609E-2,1.773960533E2
1.472420213E2,2.271813884E-2,7.517413469E-4,1.627416466E-3,9.997403026E-1,1.773964691E2,1.883973049E-1,-8.188420503E-2,1.773963303E2
1.472470213E2,2.272376368E-2,7.482781075E-4,1.623709453E-3,9.997401834E-1,1.773958243E2,1.879640625E-1,-8.149604339E-2,1.773956865E2
1.472520213E2,2.272618413E-2,7.452273276E-4,1.627930556E-3,9.997401237E-1,1.773955469E2,1.884398925E-1,-8.113509207E-2,1.773954093E2
1.472570213E2,2.272100117E-2,7.501662476E-4,1.624797354E-3,9.997402430E-1,1.773961410E2,1.880933865E-1,-8.171003894E-2,1.773960027E2
1.472620213E2,2.272127513E-2,7.494623424E-4,1.621287432E-3,9.997402430E-1,1.773961096E2,1.876894714E-1,-8.163848588E-2,1.773959717E2
1.472670213E2,2.271875816E-2,7.510233554E-4,1.619081013E-3,9.997403026E-1,1.773963981E2,1.874405581E-1,-8.182353541E-2,1.773962601E2
1.472720213E2,2.272152677E-2,7.491221186E-4,1.617914531E-3,9.997402430E-1,1.773960807E2,1.873021990E-1,-8.160824446E-2,1.773959432E2
1.472770213E2,2.272162530E-2,7.496395847E-4,1.616290305E-3,9.997402430E-1,1.773960694E2,1.871174796E-1,-8.167173711E-2,1.773959319E2
1.472820213E2,2.271616456E-2,7.526836707E-4,1.617896371E-3,9.997403622E-1,1.773966954E2,1.873089532E-1,-8.201731438E-2,1.773965572E2
1.472870213E2,2.271861456E-2,7.506969851E-4,1.621245872E-3,9.997403026E-1,1.773964145E2,1.876877076E-1,-8.178053653E-2,1.773962764E2
1.472920213E2,2.272121518E-2,7.487400435E-4,1.622460899E-3,9.997402430E-1,1.773961165E2,1.878220205E-1,-8.155269377E-2,1.773959786E2
1.472970213E2,2.271323944E-2,7.544714026E-4,1.621296396E-3,9.997404218E-1,1.773970306E2,1.877028815E-1,-8.221381844E-2,1.773968918E2
1.473020213E2,2.271338412E-2,7.546484703E-4,1.619185787E-3,9.997404218E-1,1.773970141E2,1.874615582E-1,-8.223957020E-2,1.773968754E2
1.473070213E2,2.272670911E-2,7.460928755E-4,1.620186842E-3,9.997401237E-1,1.773954867E2,1.875550526E-1,-8.125431983E-2,1.773953496E2
1.473120213E2,2.272917097E-2,7.438701577E-4,1.623449847E-3,9.997400641E-1,1.773952046E2,1.879232796E-1,-8.099072019E-2,1.773950676E2
1.473170213E2,2.271829212E-2,7.517705089E-4,1.625261852E-3,9.997403026E-1,1.773964515E2,1.881505560E-1,-8.189312648E-2,1.773963129E2
1.473220213E2,2.271553931E-2,7.524865796E-4,1.626742538E-3,9.997403622E-1,1.773967670E2,1.883218254E-1,-8.197182448E-2,1.773966281E2
1.473270213E2,2.272094013E-2,7.503331872E-4,1.625573728E-3,9.997402430E-1,1.773961480E2,1.881827593E-1,-8.172715383E-2,1.773960096E2
1.473320213E2,2.270988500E-2,7.575608906E-4,1.630067942E-3,9.997404814E-1,1.773974151E2,1.887155348E-1,-8.254555779E-2,1.773972750E2
1.473370213E2,2.270461622E-2,7.610179600E-4,1.628739992E-3,9.997406006E-1,1.773980190E2,1.885719628E-1,-8.294605594E-2,1.773978783E2
1.473420213E2,2.270472453E-2,7.607617299E-4,1.627349295E-3,9.997406006E-1,1.773980066E2,1.884119836E-1,-8.292029978E-2,1.773978661E2
1.473470213E2,2.270676385E-2,7.585433195E-4,1.636522473E-3,9.997405410E-1,1.773977729E2,1.894572794E-1,-8.264190021E-2,1.773976320E2
1.473520213E2,2.270397325E-2,7.614241331E-4,1.637489535E-3,9.997406006E-1,1.773980927E2,1.895753338E-1,-8.296994435E-2,1.773979512E2
1.473570213E2,2.269640464E-2,7.664071745E-4,1.630902058E-3,9.997407794E-1,1.773989603E2,1.888329913E-1,-8.355938006E-2,1.773988183E2
1.473620213E2,2.270718347E-2,7.585274288E-4,1.630697283E-3,9.997405410E-1,1.773977248E2,1.887899259E-1,-8.265515851E-2,1.773975844E2
1.473670213E2,2.271498825E-2,7.543446845E-4,1.633562497E-3,9.997403622E-1,1.773968302E2,1.891079273E-1,-8.216704328E-2,1.773966904E2
1.473720213E2,2.271511270E-2,7.533231983E-4,1.632302883E-3,9.997403622E-1,1.773968159E2,1.889609740E-1,-8.205327529E-2,1.773966764E2
1.473770213E2,2.271257498E-2,7.557641366E-4,1.629979583E-3,9.997404218E-1,1.773971068E2,1.887009572E-1,-8.233944050E-2,1.773969670E2
1.473820213E2,2.271799654E-2,7.518968196E-4,1.629329985E-3,9.997403026E-1,1.773964854E2,1.886169150E-1,-8.189706137E-2,1.773963464E2
1.473870213E2,2.271196367E-2,7.558933576E-4,1.638415852E-3,9.997404218E-1,1.773971769E2,1.896677211E-1,-8.233240224E-2,1.773970364E2
1.473920213E2,2.270663446E-2,7.597912336E-4,1.637738431E-3,9.997405410E-1,1.773977877E2,1.895998192E-1,-8.278172402E-2,1.773976465E2
1.473970213E2,2.270422745E-2,7.601403631E-4,1.634558779E-3,9.997406006E-1,1.773980636E2,1.892362603E-1,-8.283045045E-2,1.773979226E2
1.474020213E2,2.270367152E-2,7.619674434E-4,1.641415642E-3,9.997406006E-1,1.773981273E2,1.900265061E-1,-8.302202930E-2,1.773979854E2
1.474070213E2,2.270623245E-2,7.592022303E-4,1.643574913E-3,9.997405410E-1,1.773978338E2,1.902668937E-1,-8.269913589E-2,1.773976922E2
1.474120213E2,2.270338545E-2,7.611155161E-4,1.645761891E-3,9.997406006E-1,1.773981601E2,1.905221818E-1,-8.291317736E-2,1.773980180E2
1.474170213E2,2.270343578E-2,7.618028903E-4,1.644749311E-3,9.997406006E-1,1.773981543E2,1.904079711E-1,-8.299454916E-2,1.773980122E2
1.474220213E2,2.270859471E-2,7.583436673E-4,1.647585537E-3,9.997404814E-1,1.773975630E2,1.907243207E-1,-8.258989065E-2,1.773974213E2
1.474270213E2,2.271119039E-2,7.562026731E-4,1.648958307E-3,9.997404218E-1,1.773972655E2,1.908762298E-1,-8.234054632E-2,1.773971241E2
1.474320213E2,2.270596494E-2,7.596903597E-4,1.647041296E-3,9.997405410E-1,1.773978645E2,1.906652585E-1,-8.274608810E-2,1.773977225E2
1.474370213E2,2.270846801E-2,7.584227133E-4,1.649294514E-3,9.997404814E-1,1.773975775E2,1.909203002E-1,-8.259452313E-2,1.773974356E2
1.474420213E2,2.270853225E-2,7.576206117E-4,1.648778562E-3,9.997404814E-1,1.773975702E2,1.908591092E-1,-8.250396329E-2,1.773974285E2
1.474470213E2,2.270845887E-2,7.583329570E-4,1.649461570E-3,9.997404814E-1,1.773975786E2,1.909392042E-1,-8.258380750E-2,1.773974367E2
1.474520213E2,2.270623611E-2,7.595646894E-4,1.643356751E-3,9.997405410E-1,1.773978334E2,1.902428441E-1,-8.274122687E-2,1.773976917E2
1.474570213E2,2.270901963E-2,7.583498955E-4,1.641715528E-3,9.997404814E-1,1.773975143E2,1.900518905E-1,-8.260579926E-2,1.773973731E2
1.474620213E2,2.270905280E-2,7.573342882E-4,1.641725423E-3,9.997404814E-1,1.773975105E2,1.900503836E-1,-8.248941733E-2,1.773973695E2
1.474670213E2,2.270904254E-2,7.574744523E-4,1.641802723E-3,9.997404814E-1,1.773975117E2,1.900596032E-1,-8.250527557E-2,1.773973706E2
1.474720213E2,2.270691096E-2,7.582310936E-4,1.634624903E-3,9.997405410E-1,1.773977560E2,1.892390892E-1,-8.261104093E-2,1.773976154E2
1.474770213E2,2.272279584E-2,7.486274699E-4,1.637038309E-3,9.997401834E-1,1.773959353E2,1.894918766E-1,-8.150154084E-2,1.773957963E2
1.474820213E2,2.272004482E-2,7.495499449E-4,1.638398157E-3,9.997402430E-1,1.773962506E2,1.896498415E-1,-8.160420212E-2,1.773961113E2
1.474870213E2,2.271750056E-2,7.517985650E-4,1.636276022E-3,9.997403026E-1,1.773965422E2,1.894123720E-1,-8.186781557E-2,1.773964027E2
1.474920213E2,2.272301012E-2,7.481293287E-4,1.634289511E-3,9.997401834E-1,1.773959107E2,1.891756883E-1,-8.145159015E-2,1.773957720E2
1.474970213E2,2.272525965E-2,7.469641278E-4,1.639995491E-3,9.997401237E-1,1.773956529E2,1.898265265E-1,-8.130281704E-2,1.773955140E2
1.475020213E2,2.272291544E-2,7.486836403E-4,1.635351684E-3,9.997401834E-1,1.773959216E2,1.892988091E-1,-8.151234512E-2,1.773957827E2
1.475070213E2,2.272030802E-2,7.492558798E-4,1.634878921E-3,9.997402430E-1,1.773962204E2,1.892459259E-1,-8.157962658E-2,1.773960815E2
1.475120213E2,2.272045092E-2,7.489394047E-4,1.633036998E-3,9.997402430E-1,1.773962041E2,1.890340986E-1,-8.154813940E-2,1.773960653E2
1.475170213E2,2.272012437E-2,7.499658968E-4,1.637104084E-3,9.997402430E-1,1.773962415E2,1.895026793E-1,-8.165520860E-2,1.773961022E2
1.475220213E2,2.271207307E-2,7.555286284E-4,1.637067064E-3,9.997404218E-1,1.773971643E2,1.895122605E-1,-8.229410799E-2,1.773970240E2
1.475270213E2,2.271029698E-2,7.562642568E-4,1.624922268E-3,9.997404814E-1,1.773973679E2,1.881226940E-1,-8.241032711E-2,1.773972284E2
1.475320213E2,2.271006754E-2,7.570245070E-4,1.627772464E-3,9.997404814E-1,1.773973942E2,1.884511788E-1,-8.249004826E-2,1.773972544E2
1.475370213E2,2.271548155E-2,7.537323399E-4,1.626972342E-3,9.997403622E-1,1.773967736E2,1.883513908E-1,-8.211395377E-2,1.773966345E2
1.475420213E2,2.271569243E-2,7.538145292E-4,1.623987220E-3,9.997403622E-1,1.773967495E2,1.880096399E-1,-8.213110057E-2,1.773966106E2
1.475470213E2,2.270771893E-2,7.581686368E-4,1.623391407E-3,9.997405410E-1,1.773976634E2,1.879520588E-1,-8.263296527E-2,1.773975237E2
1.475520213E2,2.271582084E-2,7.526366389E-4,1.622736920E-3,9.997403622E-1,1.773967348E2,1.878633466E-1,-8.199938989E-2,1.773965962E2
1.475570213E2,2.271309693E-2,7.542396197E-4,1.623399439E-3,9.997404218E-1,1.773970470E2,1.879431957E-1,-8.218181776E-2,1.773969080E2
1.475620213E2,2.271281691E-2,7.544059190E-4,1.627235324E-3,9.997404218E-1,1.773970791E2,1.883830531E-1,-8.219093776E-2,1.773969398E2
1.475670213E2,2.272111176E-2,7.499076310E-4,1.623369637E-3,9.997402430E-1,1.773961283E2,1.879291596E-1,-8.168410801E-2,1.773959902E2
1.475720213E2,2.273420207E-2,7.400846225E-4,1.628137776E-3,9.997399449E-1,1.773946279E2,1.884508830E-1,-8.054388331E-2,1.773944913E2
1.475770213E2,2.272576822E-2,7.458291948E-4,1.633451669E-3,9.997401237E-1,1.773955946E2,1.890739372E-1,-8.118974271E-2,1.773954564E2
1.475820213E2,2.271781574E-2,7.518716156E-4,1.631860621E-3,9.997403026E-1,1.773965061E2,1.889067499E-1,-8.188761978E-2,1.773963669E2
1.475870213E2,2.272354672E-2,7.470792043E-4,1.627293997E-3,9.997401834E-1,1.773958492E2,1.883715757E-1,-8.134940123E-2,1.773957113E2
1.475920213E2,2.272824153E-2,7.445586380E-4,1.636097324E-3,9.997400641E-1,1.773953111E2,1.893739204E-1,-8.103682675E-2,1.773951730E2
1.475970213E2,2.272299904E-2,7.474591257E-4,1.634750166E-3,9.997401834E-1,1.773959120E2,1.892267157E-1,-8.137361301E-2,1.773957734E2
1.476020213E2,2.271533971E-2,7.531315205E-4,1.629229402E-3,9.997403622E-1,1.773967899E2,1.886083888E-1,-8.203927408E-2,1.773966507E2
1.476070213E2,2.272304229E-2,7.482203073E-4,1.633800450E-3,9.997401834E-1,1.773959070E2,1.891199000E-1,-8.146328026E-2,1.773957684E2
1.476120213E2,2.272575393E-2,7.468041731E-4,1.633204985E-3,9.997401237E-1,1.773955962E2,1.890482148E-1,-8.130208316E-2,1.773954579E2
1.476170213E2,2.272330546E-2,7.471931749E-4,1.630607178E-3,9.997401834E-1,1.773958769E2,1.887514181E-1,-8.135387572E-2,1.773957387E2
1.476220213E2,2.272616366E-2,7.460847846E-4,1.627823571E-3,9.997401237E-1,1.773955493E2,1.884298677E-1,-8.123360641E-2,1.773954115E2
1.476270213E2,2.273403798E-2,7.409848040E-4,1.630018465E-3,9.997399449E-1,1.773946467E2,1.886686712E-1,-8.064214096E-2,1.773945097E2
1.476320213E2,2.272612644E-2,7.467209944E-4,1.628051396E-3,9.997401237E-1,1.773955535E2,1.884576218E-1,-8.130590543E-2,1.773954156E2
1.476370213E2,2.272093168E-2,7.503607194E-4,1.625679084E-3,9.997402430E-1,1.773961489E2,1.881949001E-1,-8.173003524E-2,1.773960105E2
1.476420213E2,2.272902209E-2,7.445727242E-4,1.625211211E-3,9.997400641E-1,1.773952216E2,1.881268834E-1,-8.106664766E-2,1.773950844E2
1.476470213E2,2.273390059E-2,7.397783338E-4,1.632480766E-3,9.997399449E-1,1.773946624E2,1.889476031E-1,-8.049753656E-2,1.773945255E2
1.476520213E2,2.273377541E-2,7.405467331E-4,1.633875072E-3,9.997399449E-1,1.773946768E2,1.891093299E-1,-8.058195693E-2,1.773945396E2
1.476570213E2,2.272583884E-2,7.457382744E-4,1.632510335E-3,9.997401237E-1,1.773955865E2,1.889658648E-1,-8.118176490E-2,1.773954484E2
1.476620213E2,2.272586489E-2,7.460169727E-4,1.632020343E-3,9.997401237E-1,1.773955835E2,1.889104582E-1,-8.121496426E-2,1.773954454E2
1.476670213E2,2.272327954E-2,7.486146060E-4,1.630316372E-3,9.997401834E-1,1.773958798E2,1.887218026E-1,-8.151747963E-2,1.773957414E2
1.476720213E2,2.272293561E-2,7.475695456E-4,1.635581139E-3,9.997401834E-1,1.773959193E2,1.893221962E-1,-8.138411108E-2,1.773957806E2
1.476770213E2,2.272297528E-2,7.479615742E-4,1.634850632E-3,9.997401834E-1,1.773959147E2,1.892395320E-1,-8.143091732E-2,1.773957760E2
1.476820213E2,2.273065883E-2,7.420538459E-4,1.640069764E-3,9.997400045E-1,1.773950340E2,1.898226824E-1,-8.073906759E-2,1.773948960E2
1.476870213E2,2.273049704E-2,7.434934378E-4,1.641659299E-3,9.997400045E-1,1.773950526E2,1.900085202E-1,-8.089988004E-2,1.773949142E2
1.476920213E2,2.271978285E-2,7.495837635E-4,1.642011455E-3,9.997402430E-1,1.773962806E2,1.900638557E-1,-8.159871842E-2,1.773961410E2
1.476970213E2,2.272531587E-2,7.469007978E-4,1.639245078E-3,9.997401237E-1,1.773956464E2,1.897403971E-1,-8.129750545E-2,1.773955076E2
1.477020213E2,2.273040918E-2,7.426169468E-4,1.643271768E-3,9.997400045E-1,1.773950626E2,1.901909577E-1,-8.079528410E-2,1.773949243E2
1.477070213E2,2.273295820E-2,7.418657187E-4,1.644611941E-3,9.997399449E-1,1.773947705E2,1.903427396E-1,-8.070524577E-2,1.773946322E2
1.477120213E2,2.272508551E-2,7.463669754E-4,1.642678166E-3,9.997401237E-1,1.773956728E2,1.901322901E-1,-8.122745289E-2,1.773955338E2
1.477170213E2,2.273053598E-2,7.424083888E-4,1.641611103E-3,9.997400045E-1,1.773950481E2,1.900001752E-1,-8.077569300E-2,1.773949099E2
1.477220213E2,2.272735643E-2,7.445342490E-4,1.648357837E-3,9.997400641E-1,1.773954125E2,1.907783764E-1,-8.100226778E-2,1.773952734E2
1.477270213E2,2.272748676E-2,7.439244655E-4,1.646835473E-3,9.997400641E-1,1.773953976E2,1.906023933E-1,-8.093635004E-2,1.773952587E2
1.477320213E2,2.273317192E-2,7.403474301E-4,1.642340329E-3,9.997399449E-1,1.773947460E2,1.900785602E-1,-8.053718513E-2,1.773946081E2
1.477370213E2,2.273564003E-2,7.399320602E-4,1.644643722E-3,9.997398853E-1,1.773944631E2,1.903415584E-1,-8.048312897E-2,1.773943251E2
1.477420213E2,2.273012145E-2,7.428698009E-4,1.647132915E-3,9.997400045E-1,1.773950956E2,1.906339346E-1,-8.081424865E-2,1.773949569E2
1.477470213E2,2.273038648E-2,7.432450657E-4,1.643301686E-3,9.997400045E-1,1.773950652E2,1.901960197E-1,-8.086716892E-2,1.773949268E2
1.477520213E2,2.273583355E-2,7.396115689E-4,1.642110641E-3,9.997398853E-1,1.773944409E2,1.900505436E-1,-8.045297593E-2,1.773943032E2
1.477570213E2,2.273815344E-2,7.372495020E-4,1.647331053E-3,9.997398257E-1,1.773941750E2,1.906426365E-1,-8.016832925E-2,1.773940374E2
1.477620213E2,2.273273711E-2,7.405756041E-4,1.648245379E-3,9.997399449E-1,1.773947958E2,1.907556152E-1,-8.054802445E-2,1.773946575E2
1.477670213E2,2.272988524E-2,7.433576393E-4,1.650169608E-3,9.997400045E-1,1.773951227E2,1.909830766E-1,-8.086227138E-2,1.773949836E2
1.477720213E2,2.273009343E-2,7.425328949E-4,1.647671335E-3,9.997400045E-1,1.773950988E2,1.906947373E-1,-8.077425495E-2,1.773949601E2
1.477770213E2,2.273529261E-2,7.387198275E-4,1.649982645E-3,9.997398853E-1,1.773945029E2,1.909500104E-1,-8.033040943E-2,1.773943648E2
1.477820213E2,2.273238690E-2,7.415321888E-4,1.652639592E-3,9.997399449E-1,1.773948359E2,1.912614898E-1,-8.064623206E-2,1.773946971E2
1.477870213E2,2.273238435E-2,7.405186188E-4,1.653129002E-3,9.997399449E-1,1.773948362E2,1.913149168E-1,-8.052884118E-2,1.773946975E2
1.477920213E2,2.273515246E-2,7.398672169E-4,1.651399187E-3,9.997398853E-1,1.773945189E2,1.911152710E-1,-8.045819255E-2,1.773943805E2
1.477970213E2,2.272972599E-2,7.423775969E-4,1.652802224E-3,9.997400045E-1,1.773951409E2,1.912821090E-1,-8.074316899E-2,1.773950019E2
1.478020213E2,2.273208011E-2,7.408634410E-4,1.657153247E-3,9.997399449E-1,1.773948711E2,1.917768169E-1,-8.055791951E-2,1.773947320E2
1.478070213E2,2.272204804E-2,7.476318278E-4,1.647837344E-3,9.997401834E-1,1.773960210E2,1.907263841E-1,-8.135950041E-2,1.773958813E2
1.478120213E2,2.272509574E-2,7.461449713E-4,1.642637537E-3,9.997401237E-1,1.773956717E2,1.901270582E-1,-8.120212357E-2,1.773955327E2
1.478170213E2,2.274072103E-2,7.353739929E-4,1.648899284E-3,9.997397661E-1,1.773938807E2,1.908176142E-1,-7.994889110E-2,1.773937433E2
1.478220213E2,2.273766418E-2,7.383490447E-4,1.653579879E-3,9.997398257E-1,1.773942310E2,1.913613416E-1,-8.027810566E-2,1.773940927E2
1.478270213E2,2.274064149E-2,7.353676483E-4,1.649998710E-3,9.997397661E-1,1.773938898E2,1.909435439E-1,-7.994531429E-2,1.773937523E2
1.478320213E2,2.274847592E-2,7.305447944E-4,1.652488718E-3,9.997395873E-1,1.773929918E2,1.912168569E-1,-7.938481204E-2,1.773928551E2
1.478370213E2,2.274818509E-2,7.294451934E-4,1.656971988E-3,9.997395873E-1,1.773930251E2,1.917275800E-1,-7.924720804E-2,1.773928883E2
1.478420213E2,2.275089474E-2,7.292570663E-4,1.655814704E-3,9.997395277E-1,1.773927145E2,1.915947232E-1,-7.922815349E-2,1.773925778E2
1.478470213E2,2.275346180E-2,7.259082631E-4,1.657999121E-3,9.997394681E-1,1.773924203E2,1.918364453E-1,-7.883832091E-2,1.773922841E2
1.478520213E2,2.275864692E-2,7.226826274E-4,1.660121838E-3,9.997393489E-1,1.773918260E2,1.920716235E-1,-7.846225528E-2,1.773916902E2
1.478570213E2,2.275347705E-2,7.258866099E-4,1.657799352E-3,9.997394681E-1,1.773924186E2,1.918135041E-1,-7.883635825E-2,1.773922823E2
1.478620213E2,2.274835483E-2,7.300864672E-4,1.654357184E-3,9.997395873E-1,1.773930057E2,1.914297078E-1,-7.932745751E-2,1.773928689E2
1.478670213E2,2.274766828E-2,7.300993893E-4,1.663764939E-3,9.997395873E-1,1.773930844E2,1.925074596E-1,-7.930454491E-2,1.773929468E2
1.478720213E2,2.275275412E-2,7.272289367E-4,1.667106990E-3,9.997394681E-1,1.773925014E2,1.928832502E-1,-7.896600740E-2,1.773923642E2
1.478770213E2,2.273996082E-2,7.353156107E-4,1.659376197E-3,9.997397661E-1,1.773939678E2,1.920176591E-1,-7.991504551E-2,1.773938296E2
1.478820213E2,2.273196880E-2,7.404987700E-4,1.658842317E-3,9.997399449E-1,1.773948839E2,1.919693614E-1,-8.051176341E-2,1.773947447E2
1.478870213E2,2.273759398E-2,7.371145766E-4,1.655095257E-3,9.997398257E-1,1.773942391E2,1.915317240E-1,-8.013274763E-2,1.773941009E2
1.478920213E2,2.274270893E-2,7.334447000E-4,1.658452326E-3,9.997397065E-1,1.773936528E2,1.919071614E-1,-7.970259069E-2,1.773935150E2
1.478970213E2,2.274008479E-2,7.359894225E-4,1.657377346E-3,9.997397661E-1,1.773939536E2,1.917904324E-1,-7.999742373E-2,1.773938154E2
1.479020213E2,2.273703351E-2,7.379491581E-4,1.662406838E-3,9.997398257E-1,1.773943033E2,1.923714845E-1,-8.020941499E-2,1.773941644E2
1.479070213E2,2.274237471E-2,7.336058188E-4,1.662958181E-3,9.997397065E-1,1.773936911E2,1.924237552E-1,-7.970936962E-2,1.773935530E2
1.479120213E2,2.275038211E-2,7.283570012E-4,1.663237694E-3,9.997395277E-1,1.773927733E2,1.924427294E-1,-7.910578590E-2,1.773926362E2
1.479170213E2,2.274487044E-2,7.328076172E-4,1.665008953E-3,9.997396469E-1,1.773934051E2,1.926568143E-1,-7.961210050E-2,1.773932669E2
1.479220213E2,2.273662686E-2,7.376138237E-4,1.668107579E-3,9.997398257E-1,1.773943499E2,1.930236675E-1,-8.015622306E-2,1.773942106E2
1.479270213E2,2.272920776E-2,7.426529191E-4,1.659790520E-3,9.997400045E-1,1.773952003E2,1.920833788E-1,-8.075660701E-2,1.773950607E2
1.479320213E2,2.273247330E-2,7.404224598E-4,1.651948551E-3,9.997399449E-1,1.773948260E2,1.911794383E-1,-8.052088319E-2,1.773946874E2
1.479370213E2,2.272878547E-2,7.437405293E-4,1.665077871E-3,9.997400045E-1,1.773952487E2,1.926919084E-1,-8.086751493E-2,1.773951084E2
1.479420213E2,2.274159060E-2,7.349663065E-4,1.673049992E-3,9.997397065E-1,1.773937810E2,1.935833784E-1,-7.983907979E-2,1.773936418E2
1.479470213E2,2.274508035E-2,7.319063880E-4,1.662535942E-3,9.997396469E-1,1.773933810E2,1.923711683E-1,-7.951525962E-2,1.773932432E2
1.479520213E2,2.274246806E-2,7.339900476E-4,1.661511371E-3,9.997397065E-1,1.773936804E2,1.922590145E-1,-7.975714032E-2,1.773935423E2
1.479570213E2,2.273937340E-2,7.356834249E-4,1.667244360E-3,9.997397661E-1,1.773940351E2,1.929199644E-1,-7.993679228E-2,1.773938962E2
1.479620213E2,2.273711276E-2,7.376572466E-4,1.661452232E-3,9.997398257E-1,1.773942943E2,1.922613685E-1,-8.017844519E-2,1.773941554E2
1.479670213E2,2.272948912E-2,7.424802170E-4,1.656010514E-3,9.997400045E-1,1.773951681E2,1.916499059E-1,-8.074661386E-2,1.773950287E2
1.479720213E2,2.272890914E-2,7.431802806E-4,1.663639327E-3,9.997400045E-1,1.773952346E2,1.925256562E-1,-8.080705494E-2,1.773950945E2
1.479770213E2,2.272312625E-2,7.476281608E-4,1.668997342E-3,9.997401237E-1,1.773958974E2,1.931505985E-1,-8.130377348E-2,1.773957560E2
1.479820213E2,2.272294987E-2,7.466138923E-4,1.671850332E-3,9.997401237E-1,1.773959176E2,1.934747876E-1,-8.118018190E-2,1.773957762E2
1.479870213E2,2.272787153E-2,7.432819693E-4,1.677710097E-3,9.997400045E-1,1.773953535E2,1.941378157E-1,-8.078225614E-2,1.773952122E2
1.479920213E2,2.272251651E-2,7.467584219E-4,1.677665627E-3,9.997401237E-1,1.773959673E2,1.941413418E-1,-8.118168058E-2,1.773958254E2
1.479970213E2,2.271972182E-2,7.485052920E-4,1.679216744E-3,9.997401834E-1,1.773962876E2,1.943233631E-1,-8.137830940E-2,1.773961452E2
1.480020213E2,2.273873054E-2,7.369712112E-4,1.675423351E-3,9.997397661E-1,1.773941088E2,1.938602721E-1,-8.006313453E-2,1.773939690E2
1.480070213E2,2.273641313E-2,7.374339039E-4,1.671097707E-3,9.997398257E-1,1.773943744E2,1.933657370E-1,-8.012786147E-2,1.773942349E2
1.480120213E2,2.272319717E-2,7.474540034E-4,1.668109675E-3,9.997401237E-1,1.773958893E2,1.930484576E-1,-8.128611951E-2,1.773957480E2
1.480170213E2,2.273419003E-2,7.396989968E-4,1.664670883E-3,9.997398853E-1,1.773946293E2,1.926351897E-1,-8.040452832E-2,1.773944898E2
1.480220213E2,2.273985528E-2,7.351388340E-4,1.660900074E-3,9.997397661E-1,1.773939799E2,1.921917685E-1,-7.989084280E-2,1.773938416E2
1.480270213E2,2.273730936E-2,7.382365875E-4,1.658501686E-3,9.997398257E-1,1.773942717E2,1.919248730E-1,-8.025246579E-2,1.773941330E2
1.480320213E2,2.273704857E-2,7.382337935E-4,1.662074472E-3,9.997398257E-1,1.773943016E2,1.923341509E-1,-8.024288646E-2,1.773941626E2
1.480370213E2,2.273991406E-2,7.367425133E-4,1.659384114E-3,9.997397661E-1,1.773939732E2,1.920222811E-1,-8.007850238E-2,1.773938347E2
1.480420213E2,2.274524019E-2,7.329499349E-4,1.659887377E-3,9.997396469E-1,1.773933627E2,1.920704760E-1,-7.964168309E-2,1.773932249E2
1.480470213E2,2.274247213E-2,7.348415675E-4,1.661079237E-3,9.997397065E-1,1.773936800E2,1.922117281E-1,-7.985581741E-2,1.773935417E2
1.480520213E2,2.274496079E-2,7.324718754E-4,1.663922099E-3,9.997396469E-1,1.773933947E2,1.925314340E-1,-7.957645282E-2,1.773932567E2
1.480570213E2,2.274795017E-2,7.294772658E-4,1.660179929E-3,9.997395873E-1,1.773930521E2,1.920951535E-1,-7.924256470E-2,1.773929149E2
1.480620213E2,2.276364572E-2,7.197295781E-4,1.664651209E-3,9.997392297E-1,1.773912530E2,1.925832058E-1,-7.811117289E-2,1.773911174E2
1.480670213E2,2.276078435E-2,7.214625948E-4,1.667228178E-3,9.997392893E-1,1.773915810E2,1.928827260E-1,-7.830353988E-2,1.773914449E2
1.480720213E2,2.275823042E-2,7.229979965E-4,1.665684860E-3,9.997393489E-1,1.773918737E2,1.927097250E-1,-7.848395594E-2,1.773917374E2
1.480770213E2,2.275852252E-2,7.231908967E-4,1.661605202E-3,9.997393489E-1,1.773918402E2,1.922428768E-1,-7.851663867E-2,1.773917042E2
1.480820213E2,2.275559768E-2,7.255439414E-4,1.664772048E-3,9.997394085E-1,1.773921755E2,1.926115844E-1,-7.877851169E-2,1.773920388E2
1.480870213E2,2.274479086E-2,7.330934168E-4,1.665969961E-3,9.997396469E-1,1.773934142E2,1.927676482E-1,-7.964235268E-2,1.773932759E2
1.480920213E2,2.273924137E-2,7.368654478E-4,1.668522600E-3,9.997397661E-1,1.773940503E2,1.930694724E-1,-8.006890149E-2,1.773939110E2
1.480970213E2,2.274445308E-2,7.316585397E-4,1.671203994E-3,9.997396469E-1,1.773934529E2,1.933635030E-1,-7.946439342E-2,1.773933145E2
1.481020213E2,2.274965156E-2,7.282712613E-4,1.673237653E-3,9.997395277E-1,1.773928570E2,1.935880648E-1,-7.907003352E-2,1.773927191E2
1.481070213E2,2.274430974E-2,7.322493475E-4,1.672895160E-3,9.997396469E-1,1.773934693E2,1.935587752E-1,-7.952769719E-2,1.773933306E2
1.481120213E2,2.274409494E-2,7.318314165E-4,1.675995532E-3,9.997396469E-1,1.773934939E2,1.939128541E-1,-7.947177898E-2,1.773933551E2
1.481170213E2,2.274936992E-2,7.295088726E-4,1.676524524E-3,9.997395277E-1,1.773928893E2,1.939678203E-1,-7.920330202E-2,1.773927509E2
1.481220213E2,2.274133215E-2,7.353400579E-4,1.676395419E-3,9.997397065E-1,1.773938106E2,1.939675913E-1,-7.987322891E-2,1.773936711E2
1.481270213E2,2.273877368E-2,7.357803406E-4,1.675361185E-3,9.997397661E-1,1.773941039E2,1.938500502E-1,-7.992685990E-2,1.773939643E2
1.481320213E2,2.274415485E-2,7.317212294E-4,1.675230567E-3,9.997396469E-1,1.773934871E2,1.938249356E-1,-7.946113796E-2,1.773933483E2
1.481370213E2,2.275202999E-2,7.274323143E-4,1.676872489E-3,9.997394681E-1,1.773925844E2,1.940024798E-1,-7.896398449E-2,1.773924464E2
1.481420213E2,2.274669330E-2,7.314456743E-4,1.676455257E-3,9.997395873E-1,1.773931961E2,1.939647220E-1,-7.942588531E-2,1.773930573E2
1.481470213E2,2.274698485E-2,7.306436892E-4,1.672845217E-3,9.997395873E-1,1.773931627E2,1.935490806E-1,-7.934336240E-2,1.773930243E2
1.481520213E2,2.275476959E-2,7.251428906E-4,1.676226384E-3,9.997394085E-1,1.773922704E2,1.939227064E-1,-7.870285731E-2,1.773921329E2
1.481570213E2,2.275207469E-2,7.277384866E-4,1.676133019E-3,9.997394681E-1,1.773925793E2,1.939185664E-1,-7.900097950E-2,1.773924413E2
1.481620213E2,2.274713080E-2,7.314667455E-4,1.670499332E-3,9.997395873E-1,1.773931460E2,1.932824883E-1,-7.944374012E-2,1.773930076E2
1.481670213E2,2.275282763E-2,7.262518629E-4,1.666529570E-3,9.997394681E-1,1.773924930E2,1.928145577E-1,-7.885556351E-2,1.773923560E2
1.481720213E2,2.276372770E-2,7.200657856E-4,1.663384261E-3,9.997392297E-1,1.773912436E2,1.924389451E-1,-7.815297866E-2,1.773911081E2
1.481770213E2,2.273970034E-2,7.350567612E-4,1.663056435E-3,9.997397661E-1,1.773939977E2,1.924385796E-1,-7.987585088E-2,1.773938592E2
1.481820213E2,2.273713807E-2,7.370068925E-4,1.661394490E-3,9.997398257E-1,1.773942914E2,1.922530607E-1,-8.010408503E-2,1.773941527E2
1.481870213E2,2.275083072E-2,7.290666690E-4,1.656777808E-3,9.997395277E-1,1.773927219E2,1.917045570E-1,-7.920384251E-2,1.773925851E2
1.481920213E2,2.275628324E-2,7.254406228E-4,1.655419823E-3,9.997394085E-1,1.773920969E2,1.915399583E-1,-7.879093216E-2,1.773919609E2
1.481970213E2,2.274588989E-2,7.317099953E-4,1.651510363E-3,9.997396469E-1,1.773932882E2,1.911076067E-1,-7.952134435E-2,1.773931513E2
1.482020213E2,2.274867336E-2,7.299757563E-4,1.650020247E-3,9.997395873E-1,1.773929692E2,1.909325957E-1,-7.932601943E-2,1.773928327E2
1.482070213E2,2.275664456E-2,7.241027197E-4,1.651032944E-3,9.997394085E-1,1.773920555E2,1.910339272E-1,-7.864903078E-2,1.773919201E2
1.482120213E2,2.275401734E-2,7.269996568E-4,1.649876940E-3,9.997394681E-1,1.773923566E2,1.909088410E-1,-7.898442534E-2,1.773922208E2
1.482170213E2,2.274602247E-2,7.313009701E-4,1.649864716E-3,9.997396469E-1,1.773932730E2,1.909180221E-1,-7.947874996E-2,1.773931363E2
1.482220213E2,2.275106749E-2,7.274395903E-4,1.654239721E-3,9.997395277E-1,1.773926947E2,1.914095645E-1,-7.902401346E-2,1.773925585E2
1.482270213E2,2.275374356E-2,7.261937717E-4,1.654002583E-3,9.997394681E-1,1.773923880E2,1.913793601E-1,-7.888139629E-2,1.773922520E2
1.482320213E2,2.276183546E-2,7.207585732E-4,1.653123065E-3,9.997392893E-1,1.773914605E2,1.912650603E-1,-7.825947569E-2,1.773913256E2
1.482370213E2,2.274595513E-2,7.317322888E-4,1.650601742E-3,9.997396469E-1,1.773932807E2,1.910035764E-1,-7.952625431E-2,1.773931439E2
1.482420213E2,2.274605708E-2,7.325150655E-4,1.648848644E-3,9.997396469E-1,1.773932690E2,1.908047864E-1,-7.962048082E-2,1.773931322E2
1.482470213E2,2.275173717E-2,7.288298220E-4,1.644388074E-3,9.997395277E-1,1.773926180E2,1.902846169E-1,-7.920883881E-2,1.773924822E2
1.482520213E2,2.274357597E-2,7.330618100E-4,1.646689838E-3,9.997397065E-1,1.773935534E2,1.905586965E-1,-7.968921701E-2,1.773934167E2
1.482570213E2,2.274092445E-2,7.352980319E-4,1.646125223E-3,9.997397661E-1,1.773938574E2,1.904996301E-1,-7.994737941E-2,1.773937202E2
1.482620213E2,2.274340269E-2,7.343682228E-4,1.648499980E-3,9.997397065E-1,1.773935733E2,1.907694618E-1,-7.983419716E-2,1.773934361E2
1.482670213E2,2.274877100E-2,7.305389736E-4,1.648424077E-3,9.997395873E-1,1.773929580E2,1.907512111E-1,-7.939468511E-2,1.773928216E2
1.482720213E2,2.274357102E-2,7.337862044E-4,1.646435470E-3,9.997397065E-1,1.773935540E2,1.905314435E-1,-7.977286883E-2,1.773934171E2
1.482770213E2,2.274113458E-2,7.354231784E-4,1.643163734E-3,9.997397661E-1,1.773938333E2,1.901606984E-1,-7.996939426E-2,1.773936963E2
1.482820213E2,2.274659192E-2,7.314055110E-4,1.641948591E-3,9.997396469E-1,1.773932077E2,1.900114516E-1,-7.951125264E-2,1.773930717E2
1.482870213E2,2.274363935E-2,7.341325399E-4,1.645336859E-3,9.997397065E-1,1.773935462E2,1.904064924E-1,-7.981539602E-2,1.773934093E2
1.482920213E2,2.274650390E-2,7.320619188E-4,1.642875141E-3,9.997396469E-1,1.773932178E2,1.901193033E-1,-7.958405338E-2,1.773930816E2
1.482970213E2,2.274663179E-2,7.317200652E-4,1.641255920E-3,9.997396469E-1,1.773932032E2,1.899329209E-1,-7.954908655E-2,1.773930671E2
1.483020213E2,2.274654237E-2,7.311809459E-4,1.642734744E-3,9.997396469E-1,1.773932134E2,1.901009255E-1,-7.948348621E-2,1.773930773E2
1.483070213E2,2.275439580E-2,7.255558157E-4,1.645286684E-3,9.997394681E-1,1.773923133E2,1.903792360E-1,-7.883091367E-2,1.773921781E2
1.483120213E2,2.275179662E-2,7.276644465E-4,1.644081669E-3,9.997395277E-1,1.773926112E2,1.902464804E-1,-7.907611891E-2,1.773924757E2
1.483170213E2,2.274656588E-2,7.322012098E-4,1.641954645E-3,9.997396469E-1,1.773932107E2,1.900142174E-1,-7.960239847E-2,1.773930745E2
1.483220213E2,2.274932739E-2,7.305131294E-4,1.640739152E-3,9.997395873E-1,1.773928942E2,1.898707866E-1,-7.941165295E-2,1.773927584E2
1.483270213E2,2.275451749E-2,7.267099572E-4,1.643092837E-3,9.997394681E-1,1.773922993E2,1.901309237E-1,-7.896883167E-2,1.773921641E2
1.483320213E2,2.275469552E-2,7.264367887E-4,1.640746486E-3,9.997394681E-1,1.773922789E2,1.898614225E-1,-7.894362158E-2,1.773921439E2
1.483370213E2,2.274956809E-2,7.288784836E-4,1.638126676E-3,9.997395873E-1,1.773928666E2,1.895672528E-1,-7.923115018E-2,1.773927313E2
1.483420213E2,2.275175572E-2,7.275556563E-4,1.644695643E-3,9.997395277E-1,1.773926159E2,1.903165317E-1,-7.906206269E-2,1.773924803E2
1.483470213E2,2.274948414E-2,7.289360510E-4,1.639266498E-3,9.997395873E-1,1.773928762E2,1.896979767E-1,-7.923478956E-2,1.773927409E2
1.483520213E2,2.274440207E-2,7.335382397E-4,1.635026303E-3,9.997397065E-1,1.773934587E2,1.892238047E-1,-7.977404069E-2,1.773933228E2
1.483570213E2,2.275508846E-2,7.253478980E-4,1.635771128E-3,9.997394681E-1,1.773922339E2,1.892886262E-1,-7.883177586E-2,1.773920995E2
1.483620213E2,2.275760091E-2,7.249218179E-4,1.637435518E-3,9.997394085E-1,1.773919459E2,1.894783890E-1,-7.877814701E-2,1.773918114E2
1.483670213E2,2.274377276E-2,7.340451702E-4,1.643530675E-3,9.997397065E-1,1.773935309E2,1.901993550E-1,-7.981006899E-2,1.773933942E2
1.483720213E2,2.273567583E-2,7.382496842E-4,1.644904842E-3,9.997398853E-1,1.773944590E2,1.903670919E-1,-8.028970579E-2,1.773943213E2
1.483770213E2,2.274388922E-2,7.338206633E-4,1.642018673E-3,9.997397065E-1,1.773935175E2,1.900255609E-1,-7.978826780E-2,1.773933810E2
1.483820213E2,2.274106789E-2,7.362389006E-4,1.643721364E-3,9.997397661E-1,1.773938409E2,1.902267024E-1,-8.006140431E-2,1.773937038E2
1.483870213E2,2.274134884E-2,7.350331289E-4,1.640370581E-3,9.997397661E-1,1.773938087E2,1.898397093E-1,-7.993194799E-2,1.773936721E2
1.483920213E2,2.273612144E-2,7.381901960E-4,1.638760790E-3,9.997398853E-1,1.773944079E2,1.896630968E-1,-8.029881424E-2,1.773942708E2
1.483970213E2,2.273836075E-2,7.379257586E-4,1.644163625E-3,9.997398257E-1,1.773941512E2,1.902815481E-1,-8.025401647E-2,1.773940137E2
1.484020213E2,2.273870406E-2,7.370134117E-4,1.639819238E-3,9.997398257E-1,1.773941119E2,1.897814956E-1,-8.016075165E-2,1.773939749E2
1.484070213E2,2.274398232E-2,7.334008114E-4,1.640916336E-3,9.997397065E-1,1.773935069E2,1.898981878E-1,-7.974302427E-2,1.773933705E2
1.484120213E2,2.274355361E-2,7.331634988E-4,1.646953286E-3,9.997397065E-1,1.773935560E2,1.905891410E-1,-7.970018428E-2,1.773934192E2
1.484170213E2,2.274886626E-2,7.305241888E-4,1.647115569E-3,9.997395873E-1,1.773929471E2,1.906012747E-1,-7.939638441E-2,1.773928108E2
1.484220213E2,2.274398914E-2,7.325714105E-4,1.641192241E-3,9.997397065E-1,1.773935061E2,1.899276346E-1,-7.964728620E-2,1.773933699E2
1.484270213E2,2.273854098E-2,7.370788371E-4,1.642049639E-3,9.997398257E-1,1.773941305E2,1.900371726E-1,-8.016246592E-2,1.773939934E2
1.484320213E2,2.274403215E-2,7.340066368E-4,1.639954513E-3,9.997397065E-1,1.773935011E2,1.897895824E-1,-7.981492615E-2,1.773933647E2
1.484370213E2,2.275491958E-2,7.263083826E-4,1.637693145E-3,9.997394681E-1,1.773922532E2,1.895113081E-1,-7.893683067E-2,1.773921185E2
1.484420213E2,2.274414328E-2,7.328253123E-4,1.638941234E-3,9.997397065E-1,1.773934884E2,1.896704285E-1,-7.968221145E-2,1.773933523E2
1.484470213E2,2.274120881E-2,7.361440803E-4,1.641813084E-3,9.997397661E-1,1.773938248E2,1.900078498E-1,-8.005548787E-2,1.773936878E2
1.484520213E2,2.274637305E-2,7.325289771E-4,1.644477830E-3,9.997396469E-1,1.773932328E2,1.903041181E-1,-7.963340758E-2,1.773930964E2
1.484570213E2,2.274673706E-2,7.321914309E-4,1.639585942E-3,9.997396469E-1,1.773931911E2,1.897428419E-1,-7.960742020E-2,1.773930551E2
1.484620213E2,2.273869703E-2,7.363135228E-4,1.640231116E-3,9.997398257E-1,1.773941127E2,1.898268566E-1,-8.007949919E-2,1.773939758E2
1.484670213E2,2.274398968E-2,7.341513992E-4,1.640478615E-3,9.997397065E-1,1.773935060E2,1.898499986E-1,-7.983015243E-2,1.773933695E2
1.484720213E2,2.275178136E-2,7.275394746E-4,1.644348144E-3,9.997395277E-1,1.773926129E2,1.902766812E-1,-7.906111004E-2,1.773924774E2
1.484770213E2,2.274647889E-2,7.322342717E-4,1.643144642E-3,9.997396469E-1,1.773932207E2,1.901506253E-1,-7.960310068E-2,1.773930844E2
1.484820213E2,2.274365929E-2,7.341101882E-4,1.645071199E-3,9.997397065E-1,1.773935439E2,1.903760012E-1,-7.981352398E-2,1.773934071E2
1.484870213E2,2.274351515E-2,7.331770030E-4,1.647478319E-3,9.997397065E-1,1.773935604E2,1.906493220E-1,-7.970037025E-2,1.773934236E2
1.484920213E2,2.274690117E-2,7.306603366E-4,1.637991401E-3,9.997396469E-1,1.773931723E2,1.895561894E-1,-7.943614073E-2,1.773930367E2
1.484970213E2,2.274060594E-2,7.351825479E-4,1.650571008E-3,9.997397661E-1,1.773938939E2,1.910086223E-1,-7.992262423E-2,1.773937564E2
1.485020213E2,2.274086971E-2,7.355412235E-4,1.646772726E-3,9.997397661E-1,1.773938636E2,1.905744387E-1,-7.997356288E-2,1.773937264E2
1.485070213E2,2.273389113E-2,7.406275836E-4,1.632227446E-3,9.997399449E-1,1.773946635E2,1.889207942E-1,-8.059548990E-2,1.773945265E2
1.485120213E2,2.274436050E-2,7.329603541E-4,1.635863446E-3,9.997397065E-1,1.773934635E2,1.893181998E-1,-7.970566297E-2,1.773933276E2
1.485170213E2,2.273050084E-2,7.435482694E-4,1.641581766E-3,9.997400045E-1,1.773950521E2,1.899997811E-1,-8.090636289E-2,1.773949137E2
1.485220213E2,2.274432553E-2,7.338725845E-4,1.635940745E-3,9.997397065E-1,1.773934675E2,1.893294306E-1,-7.980997486E-2,1.773933315E2
1.485270213E2,2.274752776E-2,7.306746556E-4,1.629260136E-3,9.997396469E-1,1.773931005E2,1.885560040E-1,-7.946042313E-2,1.773929656E2
1.485320213E2,2.275230886E-2,7.280764403E-4,1.636794419E-3,9.997395277E-1,1.773925525E2,1.894127524E-1,-7.914222067E-2,1.773924175E2
1.485370213E2,2.274137961E-2,7.354106638E-4,1.639774651E-3,9.997397661E-1,1.773938052E2,1.897724248E-1,-7.997674628E-2,1.773936685E2
1.485420213E2,2.273663357E-2,7.386004436E-4,1.631454332E-3,9.997398853E-1,1.773943492E2,1.888271633E-1,-8.036475325E-2,1.773942126E2
1.485470213E2,2.275556053E-2,7.248997572E-4,1.629390405E-3,9.997394681E-1,1.773921797E2,1.885565054E-1,-7.879698592E-2,1.773920459E2
1.485520213E2,2.273640768E-2,7.379368180E-4,1.634899061E-3,9.997398853E-1,1.773943751E2,1.892200515E-1,-8.027979439E-2,1.773942383E2
1.485570213E2,2.273084145E-2,7.432705024E-4,1.636984758E-3,9.997400045E-1,1.773950131E2,1.894724417E-1,-8.088645144E-2,1.773948751E2
1.485620213E2,2.274459290E-2,7.326675113E-4,1.632760512E-3,9.997397065E-1,1.773934369E2,1.889619762E-1,-7.968015811E-2,1.773933013E2
1.485670213E2,2.274742408E-2,7.314087125E-4,1.630377839E-3,9.997396469E-1,1.773931124E2,1.886859560E-1,-7.954162391E-2,1.773929772E2
1.485720213E2,2.273881001E-2,7.366489735E-4,1.638513291E-3,9.997398257E-1,1.773940997E2,1.896309422E-1,-8.012238391E-2,1.773939629E2
1.485770213E2,2.274969842E-2,7.302223239E-4,1.635716530E-3,9.997395873E-1,1.773928517E2,1.892946554E-1,-7.939136159E-2,1.773927163E2
1.485820213E2,2.274998414E-2,7.299408317E-4,1.631863764E-3,9.997395873E-1,1.773928189E2,1.888525632E-1,-7.936910377E-2,1.773926839E2
1.485870213E2,2.273369932E-2,7.406264194E-4,1.634897431E-3,9.997399449E-1,1.773946855E2,1.892266551E-1,-8.058843685E-2,1.773945482E2
1.485920213E2,2.273107035E-2,7.425063523E-4,1.634150743E-3,9.997400045E-1,1.773949868E2,1.891457985E-1,-8.080624804E-2,1.773948493E2
1.485970213E2,2.273675810E-2,7.379158633E-4,1.630028011E-3,9.997398853E-1,1.773943349E2,1.886619870E-1,-8.029001937E-2,1.773941985E2
1.486020213E2,2.273646210E-2,7.383664488E-4,1.633948064E-3,9.997398853E-1,1.773943688E2,1.891122272E-1,-8.033148124E-2,1.773942321E2
1.486070213E2,2.273353846E-2,7.403534837E-4,1.637256122E-3,9.997399449E-1,1.773947039E2,1.894961477E-1,-8.055105440E-2,1.773945665E2
1.486120213E2,2.273114047E-2,7.418253808E-4,1.633484382E-3,9.997400045E-1,1.773949788E2,1.890676903E-1,-8.072995728E-2,1.773948414E2
1.486170213E2,2.272818921E-2,7.438535686E-4,1.637144480E-3,9.997400641E-1,1.773953171E2,1.894920440E-1,-8.095333520E-2,1.773951790E2
1.486220213E2,2.273300493E-2,7.416146109E-4,1.644079224E-3,9.997399449E-1,1.773947651E2,1.902810600E-1,-8.067785732E-2,1.773946269E2
1.486270213E2,2.273014448E-2,7.421497721E-4,1.647139667E-3,9.997400045E-1,1.773950930E2,1.906328343E-1,-8.073173887E-2,1.773949544E2
1.486320213E2,2.272211948E-2,7.477659383E-4,1.646791119E-3,9.997401834E-1,1.773960128E2,1.906068813E-1,-8.137757499E-2,1.773958732E2
1.486370213E2,2.272516729E-2,7.469823468E-4,1.641266514E-3,9.997401237E-1,1.773956635E2,1.899721776E-1,-8.130161171E-2,1.773955244E2
1.486420213E2,2.273021371E-2,7.431277772E-4,1.645742683E-3,9.997400045E-1,1.773950850E2,1.904753461E-1,-8.084740662E-2,1.773949464E2
1.486470213E2,2.273000384E-2,7.433496066E-4,1.648538862E-3,9.997400045E-1,1.773951091E2,1.907962435E-1,-8.086557627E-2,1.773949702E2
1.486520213E2,2.274125242E-2,7.357093273E-4,1.641403884E-3,9.997397661E-1,1.773938198E2,1.899598414E-1,-8.000673991E-2,1.773936829E2
1.486570213E2,2.274657366E-2,7.321400335E-4,1.641874085E-3,9.997396469E-1,1.773932098E2,1.900048295E-1,-7.959559852E-2,1.773930736E2
1.486620213E2,2.274099797E-2,7.357380819E-4,1.644912525E-3,9.997397661E-1,1.773938489E2,1.903618535E-1,-8.000093868E-2,1.773937118E2
1.486670213E2,2.274096879E-2,7.353327819E-4,1.645497163E-3,9.997397661E-1,1.773938523E2,1.904277722E-1,-7.995298875E-2,1.773937152E2
1.486720213E2,2.274416085E-2,7.325321203E-4,1.638828428E-3,9.997397065E-1,1.773934864E2,1.896567423E-1,-7.964891354E-2,1.773933504E2
1.486770213E2,2.275207557E-2,7.276472170E-4,1.640224480E-3,9.997395277E-1,1.773925792E2,1.898045698E-1,-7.908414897E-2,1.773924440E2
1.486820213E2,2.275692302E-2,7.241420681E-4,1.647172961E-3,9.997394085E-1,1.773920236E2,1.905918440E-1,-7.866355181E-2,1.773918885E2
1.486870213E2,2.275912743E-2,7.228431641E-4,1.653451123E-3,9.997393489E-1,1.773917709E2,1.913078688E-1,-7.849795251E-2,1.773916356E2
1.486920213E2,2.275681047E-2,7.249371847E-4,1.648377744E-3,9.997394085E-1,1.773920365E2,1.907319313E-1,-7.875152129E-2,1.773919012E2
1.486970213E2,2.275693612E-2,7.248607581E-4,1.646675868E-3,9.997394085E-1,1.773920221E2,1.905367714E-1,-7.874718006E-2,1.773918869E2
1.487020213E2,2.275397325E-2,7.262261352E-4,1.650825492E-3,9.997394681E-1,1.773923617E2,1.910154884E-1,-7.889334437E-2,1.773922259E2
1.487070213E2,2.274877814E-2,7.301555597E-4,1.648495439E-3,9.997395873E-1,1.773929572E2,1.907583875E-1,-7.935057314E-2,1.773928208E2
1.487120213E2,2.275188158E-2,7.280027494E-4,1.642755582E-3,9.997395277E-1,1.773926014E2,1.900954499E-1,-7.911831684E-2,1.773924660E2
1.487170213E2,2.274917050E-2,7.298148703E-4,1.643223339E-3,9.997395873E-1,1.773929122E2,1.901535473E-1,-7.932521267E-2,1.773927763E2
1.487220213E2,2.274339295E-2,7.332765963E-4,1.649120124E-3,9.997397065E-1,1.773935744E2,1.908376606E-1,-7.970752404E-2,1.773934374E2
1.487270213E2,2.274099717E-2,7.349803345E-4,1.645262353E-3,9.997397661E-1,1.773938490E2,1.903999556E-1,-7.991321827E-2,1.773937120E2
1.487320213E2,2.274674881E-2,7.319099968E-4,1.639548573E-3,9.997396469E-1,1.773931898E2,1.897378280E-1,-7.957527380E-2,1.773930538E2
1.487370213E2,2.274866909E-2,7.305325707E-4,1.649832702E-3,9.997395873E-1,1.773929697E2,1.909125615E-1,-7.939029882E-2,1.773928331E2
1.487420213E2,2.273484799E-2,7.393808337E-4,1.655802713E-3,9.997398853E-1,1.773945538E2,1.916184567E-1,-8.039105702E-2,1.773944151E2
1.487470213E2,2.274358691E-2,7.329835207E-4,1.646573539E-3,9.997397065E-1,1.773935522E2,1.905451699E-1,-7.968054908E-2,1.773934154E2
1.487520213E2,2.274900497E-2,7.299226127E-4,1.645465614E-3,9.997395873E-1,1.773929312E2,1.904106949E-1,-7.933174174E-2,1.773927951E2
1.487570213E2,2.275087400E-2,7.288548513E-4,1.656276640E-3,9.997395277E-1,1.773927169E2,1.916465932E-1,-7.918087465E-2,1.773925802E2
1.487620213E2,2.275925752E-2,7.232502685E-4,1.651481260E-3,9.997393489E-1,1.773917560E2,1.910832692E-1,-7.854970392E-2,1.773916208E2
1.487670213E2,2.276257843E-2,7.199971005E-4,1.643194933E-3,9.997392893E-1,1.773913753E2,1.901257443E-1,-7.819799583E-2,1.773912414E2
1.487720213E2,2.276709145E-2,7.169303135E-4,1.654502004E-3,9.997391701E-1,1.773908581E2,1.914134568E-1,-7.781630041E-2,1.773907238E2
1.487770213E2,2.276916943E-2,7.164041162E-4,1.662132796E-3,9.997391105E-1,1.773906199E2,1.922864447E-1,-7.773570952E-2,1.773904852E2
1.487820213E2,2.275938923E-2,7.222124841E-4,1.650119782E-3,9.997393489E-1,1.773917409E2,1.909245989E-1,-7.843433933E-2,1.773916060E2
1.487870213E2,2.277063072E-2,7.158103399E-4,1.642251271E-3,9.997391105E-1,1.773904524E2,1.900073399E-1,-7.771928448E-2,1.773903193E2
1.487920213E2,2.277723339E-2,7.096423069E-4,1.662100665E-3,9.997389317E-1,1.773896956E2,1.922657392E-1,-7.695959810E-2,1.773895622E2
1.487970213E2,2.277403297E-2,7.118295762E-4,1.669153804E-3,9.997389913E-1,1.773900624E2,1.930792241E-1,-7.719238324E-2,1.773899281E2
1.488020213E2,2.277760092E-2,7.098329952E-4,1.656974666E-3,9.997389317E-1,1.773896535E2,1.916790203E-1,-7.699475317E-2,1.773895204E2
1.488070213E2,2.277779164E-2,7.099715876E-4,1.654291409E-3,9.997389317E-1,1.773896316E2,1.913719973E-1,-7.701759804E-2,1.773894987E2
1.488120213E2,2.277151734E-2,7.143800613E-4,1.666683704E-3,9.997390509E-1,1.773903508E2,1.928027063E-1,-7.749150287E-2,1.773902161E2
1.488170213E2,2.276355587E-2,7.188919117E-4,1.666241093E-3,9.997392297E-1,1.773912633E2,1.927631538E-1,-7.801107824E-2,1.773911278E2
1.488220213E2,2.276429626E-2,7.185648428E-4,1.656236942E-3,9.997392297E-1,1.773911784E2,1.916162618E-1,-7.799956409E-2,1.773910438E2
1.488270213E2,2.276644379E-2,7.177329389E-4,1.663043979E-3,9.997391701E-1,1.773909323E2,1.923940870E-1,-7.788608871E-2,1.773907972E2
1.488320213E2,2.276046609E-2,7.205887814E-4,1.671944279E-3,9.997392893E-1,1.773916175E2,1.934207082E-1,-7.819119471E-2,1.773914812E2
1.488370213E2,2.276073399E-2,7.220194675E-4,1.667674631E-3,9.997392893E-1,1.773915868E2,1.929353213E-1,-7.836618140E-2,1.773914505E2
1.488420213E2,2.276401680E-2,7.198614185E-4,1.659511821E-3,9.997392297E-1,1.773912105E2,1.919947997E-1,-7.813961241E-2,1.773910753E2
1.488470213E2,2.276594438E-2,7.181705441E-4,1.669678488E-3,9.997391701E-1,1.773909895E2,1.931552532E-1,-7.791900869E-2,1.773908539E2
1.488520213E2,2.276315473E-2,7.188739837E-4,1.671719947E-3,9.997392297E-1,1.773913093E2,1.933907448E-1,-7.799480956E-2,1.773911733E2
1.488570213E2,2.276102107E-2,7.216359954E-4,1.663918141E-3,9.997392893E-1,1.773915539E2,1.925039921E-1,-7.833199306E-2,1.773914180E2
1.488620213E2,2.276113563E-2,7.208871539E-4,1.662675291E-3,9.997392893E-1,1.773915407E2,1.923596641E-1,-7.824942423E-2,1.773914051E2
1.488670213E2,2.276062375E-2,7.207691669E-4,1.669718768E-3,9.997392893E-1,1.773915994E2,1.931662318E-1,-7.821763433E-2,1.773914632E2
1.488720213E2,2.275248678E-2,7.267441251E-4,1.670962549E-3,9.997394681E-1,1.773925321E2,1.933236660E-1,-7.890046518E-2,1.773923946E2
1.488770213E2,2.275311098E-2,7.266502362E-4,1.662482391E-3,9.997394681E-1,1.773924605E2,1.923519655E-1,-7.891170003E-2,1.773923238E2
1.488820213E2,2.275617175E-2,7.248283364E-4,1.657219720E-3,9.997394085E-1,1.773921097E2,1.917445527E-1,-7.871611514E-2,1.773919737E2
1.488870213E2,2.274466063E-2,7.331489469E-4,1.667722594E-3,9.997396469E-1,1.773934291E2,1.929685679E-1,-7.964417120E-2,1.773932907E2
1.488920213E2,2.273595808E-2,7.382861804E-4,1.676902524E-3,9.997398257E-1,1.773944266E2,1.940329339E-1,-8.021046341E-2,1.773942864E2
1.488970213E2,2.274243222E-2,7.337087300E-4,1.662126044E-3,9.997397065E-1,1.773936845E2,1.923286966E-1,-7.972331698E-2,1.773935464E2
1.489020213E2,2.275329053E-2,7.271151408E-4,1.659819623E-3,9.997394681E-1,1.773924399E2,1.920481397E-1,-7.897186887E-2,1.773923033E2
1.489070213E2,2.275005199E-2,7.292162045E-4,1.667371485E-3,9.997395277E-1,1.773928111E2,1.929185195E-1,-7.919350405E-2,1.773926735E2
1.489120213E2,2.275486814E-2,7.247093599E-4,1.675075619E-3,9.997394085E-1,1.773922591E2,1.937897494E-1,-7.865617296E-2,1.773921217E2
1.489170213E2,2.276003433E-2,7.213604986E-4,1.677479828E-3,9.997392893E-1,1.773916670E2,1.940568516E-1,-7.826524941E-2,1.773915301E2
1.489220213E2,2.276049956E-2,7.207738818E-4,1.671408769E-3,9.997392893E-1,1.773916136E2,1.933598444E-1,-7.821379043E-2,1.773914773E2
1.489270213E2,2.276023013E-2,7.223084103E-4,1.674412517E-3,9.997392893E-1,1.773916445E2,1.937079420E-1,-7.838180620E-2,1.773915077E2
1.489320213E2,2.275703155E-2,7.244662847E-4,1.681352966E-3,9.997393489E-1,1.773920111E2,1.945084318E-1,-7.861153576E-2,1.773918733E2
1.489370213E2,2.275994722E-2,7.218805840E-4,1.678437809E-3,9.997392893E-1,1.773916769E2,1.941679498E-1,-7.832234957E-2,1.773915399E2
1.489420213E2,2.276882671E-2,7.164208801E-4,1.666813856E-3,9.997391105E-1,1.773906592E2,1.928227339E-1,-7.772548186E-2,1.773905241E2
1.489470213E2,2.276006669E-2,7.218103856E-4,1.676847111E-3,9.997392893E-1,1.773916632E2,1.939855422E-1,-7.831843325E-2,1.773915263E2
1.489520213E2,2.274931193E-2,7.289918722E-4,1.677536056E-3,9.997395277E-1,1.773928960E2,1.940823510E-1,-7.914144770E-2,1.773927576E2
1.489570213E2,2.275258854E-2,7.267034380E-4,1.669594203E-3,9.997394681E-1,1.773925204E2,1.931668073E-1,-7.889935214E-2,1.773923831E2
1.489620213E2,2.275268885E-2,7.269344642E-4,1.668125973E-3,9.997394681E-1,1.773925089E2,1.929992141E-1,-7.892962779E-2,1.773923716E2
1.489670213E2,2.274151265E-2,7.342247409E-4,1.674434636E-3,9.997397065E-1,1.773937899E2,1.937400671E-1,-7.975053125E-2,1.773936507E2
1.489720213E2,2.274741596E-2,7.303183083E-4,1.667115372E-3,9.997395873E-1,1.773931133E2,1.928918431E-1,-7.932093932E-2,1.773929754E2
1.489770213E2,2.276601134E-2,7.177618681E-4,1.668941113E-3,9.997391701E-1,1.773909819E2,1.930697169E-1,-7.787410089E-2,1.773908463E2
1.489820213E2,2.276003703E-2,7.217318052E-4,1.677283552E-3,9.997392893E-1,1.773916666E2,1.940353345E-1,-7.830829836E-2,1.773915297E2
1.489870213E2,2.275171579E-2,7.277959376E-4,1.680972753E-3,9.997394681E-1,1.773926204E2,1.944731382E-1,-7.899501218E-2,1.773924820E2
1.489920213E2,2.275463875E-2,7.256789249E-4,1.677769818E-3,9.997394085E-1,1.773922854E2,1.941009132E-1,-7.876026701E-2,1.773921476E2
1.489970213E2,2.275990780E-2,7.216706290E-4,1.679062494E-3,9.997392893E-1,1.773916815E2,1.942389643E-1,-7.829667509E-2,1.773915444E2
1.490020213E2,2.275944131E-2,7.227440365E-4,1.684913877E-3,9.997392893E-1,1.773917349E2,1.949120745E-1,-7.840447567E-2,1.773915972E2
1.490070213E2,2.276765383E-2,7.167487056E-4,1.682619215E-3,9.997391105E-1,1.773907936E2,1.946341931E-1,-7.772202624E-2,1.773906572E2
1.490120213E2,2.277875179E-2,7.084977115E-4,1.677560038E-3,9.997388721E-1,1.773895215E2,1.940339256E-1,-7.678782431E-2,1.773893872E2
1.490170213E2,2.277567221E-2,7.099127979E-4,1.683244132E-3,9.997389317E-1,1.773898745E2,1.946885645E-1,-7.693570099E-2,1.773897395E2
1.490220213E2,2.277307121E-2,7.132436731E-4,1.681625610E-3,9.997389913E-1,1.773901727E2,1.945116366E-1,-7.732202214E-2,1.773900370E2
1.490270213E2,2.277873801E-2,7.088767015E-4,1.677587046E-3,9.997388721E-1,1.773895231E2,1.940380081E-1,-7.683117422E-2,1.773893887E2
1.490320213E2,2.277892648E-2,7.078467170E-4,1.675461535E-3,9.997388721E-1,1.773895015E2,1.937918307E-1,-7.671868933E-2,1.773893675E2
1.490370213E2,2.277065949E-2,7.143759867E-4,1.678364817E-3,9.997390509E-1,1.773904491E2,1.941408419E-1,-7.746072007E-2,1.773903135E2
1.490420213E2,2.276517594E-2,7.174563943E-4,1.680428395E-3,9.997391701E-1,1.773910776E2,1.943848619E-1,-7.780929817E-2,1.773909413E2
1.490470213E2,2.276278440E-2,7.189513417E-4,1.676721848E-3,9.997392297E-1,1.773913517E2,1.939639460E-1,-7.799069568E-2,1.773912154E2
1.490520213E2,2.276015751E-2,7.214784273E-4,1.675756997E-3,9.997392893E-1,1.773916528E2,1.938597978E-1,-7.828322922E-2,1.773915161E2
1.490570213E2,2.276260384E-2,7.190202014E-4,1.679141773E-3,9.997392297E-1,1.773913724E2,1.942413433E-1,-7.799230692E-2,1.773912359E2
1.490620213E2,2.276263670E-2,7.190376637E-4,1.678688801E-3,9.997392297E-1,1.773913687E2,1.941894980E-1,-7.799548264E-2,1.773912321E2
1.490670213E2,2.276275315E-2,7.201852859E-4,1.676616492E-3,9.997392297E-1,1.773913553E2,1.939550929E-1,-7.813233935E-2,1.773912187E2
1.490720213E2,2.276030482E-2,7.208406460E-4,1.674029743E-3,9.997392893E-1,1.773916360E2,1.936602677E-1,-7.821464048E-2,1.773914994E2
1.490770213E2,2.276005030E-2,7.215319201E-4,1.677189488E-3,9.997392893E-1,1.773916651E2,1.940240381E-1,-7.828564195E-2,1.773915282E2
1.490820213E2,2.275796251E-2,7.225918234E-4,1.669517253E-3,9.997393489E-1,1.773919044E2,1.931476916E-1,-7.842748077E-2,1.773917679E2
1.490870213E2,2.275499698E-2,7.250626222E-4,1.673171413E-3,9.997394085E-1,1.773922443E2,1.935725310E-1,-7.870158388E-2,1.773921071E2
1.490920213E2,2.275477275E-2,7.256212994E-4,1.675976440E-3,9.997394085E-1,1.773922700E2,1.938953202E-1,-7.875831580E-2,1.773921324E2
1.490970213E2,2.274692134E-2,7.304650499E-4,1.673786668E-3,9.997395873E-1,1.773931700E2,1.936564644E-1,-7.932045534E-2,1.773930316E2
1.491020213E2,2.275266955E-2,7.268206682E-4,1.668438781E-3,9.997394681E-1,1.773925111E2,1.930347518E-1,-7.891577924E-2,1.773923739E2
1.491070213E2,2.274995169E-2,7.288517081E-4,1.668898738E-3,9.997395277E-1,1.773928226E2,1.930925266E-1,-7.914778437E-2,1.773926849E2
1.491120213E2,2.275222820E-2,7.276177639E-4,1.674100407E-3,9.997394681E-1,1.773925617E2,1.936854035E-1,-7.899241927E-2,1.773924238E2
1.491170213E2,2.275768650E-2,7.224584697E-4,1.673332881E-3,9.997393489E-1,1.773919361E2,1.935844486E-1,-7.840230578E-2,1.773917993E2
1.491220213E2,2.276869886E-2,7.154620253E-4,1.668970683E-3,9.997391105E-1,1.773906738E2,1.930673123E-1,-7.761003079E-2,1.773905388E2
1.491270213E2,2.276313278E-2,7.200281252E-4,1.671522157E-3,9.997392297E-1,1.773913118E2,1.933710949E-1,-7.812755020E-2,1.773911756E2
1.491320213E2,2.276317280E-2,7.198715466E-4,1.671044505E-3,9.997392297E-1,1.773913072E2,1.933159687E-1,-7.811085055E-2,1.773911711E2
1.491370213E2,2.276059042E-2,7.222577697E-4,1.669529825E-3,9.997392893E-1,1.773916032E2,1.931484667E-1,-7.838867049E-2,1.773914668E2
1.491420213E2,2.276369113E-2,7.201375556E-4,1.663853531E-3,9.997392297E-1,1.773912478E2,1.924928901E-1,-7.815998363E-2,1.773911122E2
1.491470213E2,2.276335526E-2,7.194208447E-4,1.668751473E-3,9.997392297E-1,1.773912863E2,1.930521125E-1,-7.806516375E-2,1.773911505E2
1.491520213E2,2.276867274E-2,7.166235009E-4,1.668828772E-3,9.997391105E-1,1.773906768E2,1.930540836E-1,-7.774346675E-2,1.773905415E2
1.491570213E2,2.276078257E-2,7.209758041E-4,1.667463104E-3,9.997392893E-1,1.773915812E2,1.929083697E-1,-7.824715988E-2,1.773914452E2
1.491620213E2,2.275542183E-2,7.245381130E-4,1.667611417E-3,9.997394085E-1,1.773921956E2,1.929342316E-1,-7.865591184E-2,1.773920589E2
1.491670213E2,2.276340746E-2,7.198897656E-4,1.667836914E-3,9.997392297E-1,1.773912803E2,1.929485662E-1,-7.812125980E-2,1.773911445E2
1.491720213E2,2.276082015E-2,7.207664312E-4,1.667040517E-3,9.997392893E-1,1.773915769E2,1.928594139E-1,-7.822426875E-2,1.773914409E2
1.491770213E2,2.274753489E-2,7.312750095E-4,1.665071934E-3,9.997395873E-1,1.773930997E2,1.926602460E-1,-7.943584462E-2,1.773929618E2
1.491820213E2,2.274528955E-2,7.313864189E-4,1.659900649E-3,9.997396469E-1,1.773933570E2,1.920679245E-1,-7.946251985E-2,1.773932195E2
1.491870213E2,2.276083924E-2,7.208174793E-4,1.666757860E-3,9.997392893E-1,1.773915747E2,1.928271669E-1,-7.823085049E-2,1.773914388E2
1.491920213E2,2.275542420E-2,7.254392258E-4,1.667187316E-3,9.997394085E-1,1.773921954E2,1.928879960E-1,-7.876025037E-2,1.773920585E2
1.491970213E2,2.275052514E-2,7.285473985E-4,1.661196584E-3,9.997395277E-1,1.773927569E2,1.922094032E-1,-7.913289211E-2,1.773926199E2
1.492020213E2,2.276108731E-2,7.218855317E-4,1.662903582E-3,9.997392893E-1,1.773915463E2,1.923884182E-1,-7.836321395E-2,1.773914104E2
1.492070213E2,2.275574762E-2,7.246521418E-4,1.663110219E-3,9.997394085E-1,1.773921583E2,1.924188878E-1,-7.868065034E-2,1.773920219E2
1.492120213E2,2.274536738E-2,7.322604652E-4,1.658448251E-3,9.997396469E-1,1.773933481E2,1.919038194E-1,-7.956642296E-2,1.773932106E2
1.492170213E2,2.274552080E-2,7.314869436E-4,1.656684442E-3,9.997396469E-1,1.773933305E2,1.916997495E-1,-7.948237502E-2,1.773931933E2
1.492220213E2,2.275295730E-2,7.263903972E-4,1.664697891E-3,9.997394681E-1,1.773924781E2,1.926050881E-1,-7.887618521E-2,1.773923413E2
1.492270213E2,2.275270722E-2,7.264711312E-4,1.668077195E-3,9.997394681E-1,1.773925068E2,1.929924192E-1,-7.887667119E-2,1.773923696E2
1.492320213E2,2.275853589E-2,7.238209364E-4,1.661147689E-3,9.997393489E-1,1.773918387E2,1.921921076E-1,-7.859000777E-2,1.773917026E2
1.492370213E2,2.275567776E-2,7.254087250E-4,1.663736068E-3,9.997394085E-1,1.773921663E2,1.924925540E-1,-7.876570722E-2,1.773920297E2
1.492420213E2,2.275008987E-2,7.284012972E-4,1.667210832E-3,9.997395277E-1,1.773928068E2,1.928979930E-1,-7.910055837E-2,1.773926693E2
1.492470213E2,2.275275412E-2,7.270531496E-4,1.667183707E-3,9.997394681E-1,1.773925014E2,1.928915808E-1,-7.894566888E-2,1.773923642E2
1.492520213E2,2.275017826E-2,7.292344817E-4,1.665639691E-3,9.997395277E-1,1.773927967E2,1.927201791E-1,-7.920008855E-2,1.773926592E2
1.492570213E2,2.274451468E-2,7.331655943E-4,1.669704565E-3,9.997396469E-1,1.773934458E2,1.931956586E-1,-7.964094057E-2,1.773933072E2
1.492620213E2,2.274164896E-2,7.344501209E-4,1.672483282E-3,9.997397065E-1,1.773937743E2,1.935171141E-1,-7.978141028E-2,1.773936352E2
1.492670213E2,2.274199153E-2,7.337086136E-4,1.668144949E-3,9.997397065E-1,1.773937350E2,1.930181999E-1,-7.970770206E-2,1.773935965E2
1.492720213E2,2.273973426E-2,7.367883809E-4,1.661825809E-3,9.997397661E-1,1.773939938E2,1.923021121E-1,-8.007742872E-2,1.773938551E2
1.492770213E2,2.273435490E-2,7.401540643E-4,1.662215102E-3,9.997398853E-1,1.773946104E2,1.923550490E-1,-8.046302797E-2,1.773944710E2
1.492820213E2,2.274246175E-2,7.336169365E-4,1.661762479E-3,9.997397065E-1,1.773936811E2,1.922868089E-1,-7.971374281E-2,1.773935431E2
1.492870213E2,2.273985858E-2,7.358508883E-4,1.660539652E-3,9.997397661E-1,1.773939795E2,1.921523338E-1,-7.997335562E-2,1.773938411E2
1.492920213E2,2.274297599E-2,7.347520441E-4,1.654205960E-3,9.997397065E-1,1.773936222E2,1.914241176E-1,-7.986337837E-2,1.773934845E2
1.492970213E2,2.275662124E-2,7.254313095E-4,1.650771010E-3,9.997394085E-1,1.773920582E2,1.910073828E-1,-7.880192390E-2,1.773919226E2
1.493020213E2,2.275917446E-2,7.224170840E-4,1.652989886E-3,9.997393489E-1,1.773917655E2,1.912539208E-1,-7.845033402E-2,1.773916303E2
1.493070213E2,2.274587375E-2,7.314176764E-4,1.651862171E-3,9.997396469E-1,1.773932901E2,1.911471471E-1,-7.948694184E-2,1.773931532E2
1.493120213E2,2.275140827E-2,7.281093858E-4,1.649250742E-3,9.997395277E-1,1.773926557E2,1.908397899E-1,-7.911368873E-2,1.773925197E2
1.493170213E2,2.276196200E-2,7.209440810E-4,1.651298837E-3,9.997392893E-1,1.773914460E2,1.910565667E-1,-7.828546202E-2,1.773913112E2
1.493220213E2,2.275396964E-2,7.261716528E-4,1.650899183E-3,9.997394681E-1,1.773923621E2,1.910237882E-1,-7.888691131E-2,1.773922264E2
1.493270213E2,2.274622303E-2,7.309379289E-4,1.647258527E-3,9.997396469E-1,1.773932500E2,1.906185209E-1,-7.944391449E-2,1.773931136E2
1.493320213E2,2.275448774E-2,7.260873681E-4,1.643779920E-3,9.997394681E-1,1.773923027E2,1.902080115E-1,-7.889572078E-2,1.773921675E2
1.493370213E2,2.275187150E-2,7.287054323E-4,1.642583753E-3,9.997395277E-1,1.773926026E2,1.900775963E-1,-7.919926736E-2,1.773924670E2
1.493420213E2,2.274644904E-2,7.309306529E-4,1.644137898E-3,9.997396469E-1,1.773932241E2,1.902610139E-1,-7.945117237E-2,1.773930880E2
1.493470213E2,2.275728091E-2,7.248449838E-4,1.641910872E-3,9.997394085E-1,1.773919826E2,1.899908694E-1,-7.875773400E-2,1.773918478E2
1.493520213E2,2.275714706E-2,7.244696608E-4,1.643930445E-3,9.997394085E-1,1.773919979E2,1.902212465E-1,-7.870949490E-2,1.773918630E2
1.493570213E2,2.275433476E-2,7.267085020E-4,1.645622076E-3,9.997394681E-1,1.773923202E2,1.904206605E-1,-7.896210449E-2,1.773921848E2
1.493620213E2,2.274893388E-2,7.304751780E-4,1.646203105E-3,9.997395873E-1,1.773929393E2,1.904966185E-1,-7.939313551E-2,1.773928031E2
1.493670213E2,2.275456488E-2,7.262210711E-4,1.642652671E-3,9.997394681E-1,1.773922939E2,1.900792261E-1,-7.891396279E-2,1.773921588E2
1.493720213E2,2.275708673E-2,7.248318871E-4,1.644605771E-3,9.997394085E-1,1.773920048E2,1.902995532E-1,-7.874924246E-2,1.773918698E2
1.493770213E2,2.275678016E-2,7.240555715E-4,1.649183570E-3,9.997394085E-1,1.773920400E2,1.908219468E-1,-7.864842643E-2,1.773919048E2
1.493820213E2,2.275130397E-2,7.288464694E-4,1.650363556E-3,9.997395277E-1,1.773926676E2,1.909691900E-1,-7.919524886E-2,1.773925314E2
1.493870213E2,2.275403674E-2,7.272457588E-4,1.649500919E-3,9.997394681E-1,1.773923544E2,1.908664065E-1,-7.901359601E-2,1.773922186E2
1.493920213E2,2.275407064E-2,7.267781766E-4,1.649239450E-3,9.997394681E-1,1.773923505E2,1.908352353E-1,-7.896070430E-2,1.773922148E2
1.493970213E2,2.274573691E-2,7.316620322E-4,1.653637271E-3,9.997396469E-1,1.773933057E2,1.913511326E-1,-7.951033483E-2,1.773931687E2
1.494020213E2,2.274885071E-2,7.294746465E-4,1.647795318E-3,9.997395873E-1,1.773929488E2,1.906764105E-1,-7.927437786E-2,1.773928127E2
1.494070213E2,2.275951990E-2,7.231338532E-4,1.647912432E-3,9.997393489E-1,1.773917259E2,1.906741337E-1,-7.854562521E-2,1.773915910E2
1.494120213E2,2.276225347E-2,7.203504210E-4,1.647535944E-3,9.997392893E-1,1.773914126E2,1.906239560E-1,-7.822721111E-2,1.773912782E2
1.494170213E2,2.275126714E-2,7.283618907E-4,1.651085098E-3,9.997395277E-1,1.773926719E2,1.910505849E-1,-7.913786046E-2,1.773925357E2
1.494220213E2,2.274893287E-2,7.303433958E-4,1.646275516E-3,9.997395873E-1,1.773929394E2,1.905045703E-1,-7.937784974E-2,1.773928032E2
1.494270213E2,2.275459318E-2,7.265703171E-4,1.642106101E-3,9.997394681E-1,1.773922906E2,1.900175230E-1,-7.895539289E-2,1.773921555E2
1.494320213E2,2.275452921E-2,7.262736326E-4,1.643123454E-3,9.997394681E-1,1.773922980E2,1.901332944E-1,-7.891876349E-2,1.773921628E2
1.494370213E2,2.275172249E-2,7.288985653E-4,1.644560834E-3,9.997395277E-1,1.773926197E2,1.903045868E-1,-7.921626652E-2,1.773924839E2
1.494420213E2,2.274097554E-2,7.345327176E-4,1.645761076E-3,9.997397661E-1,1.773938515E2,1.904559220E-1,-7.986064289E-2,1.773937145E2
1.494470213E2,2.275173770E-2,7.286344189E-4,1.644467353E-3,9.997395277E-1,1.773926179E2,1.902931898E-1,-7.918624628E-2,1.773924822E2
1.494520213E2,2.275142010E-2,7.287575281E-4,1.648801146E-3,9.997395277E-1,1.773926543E2,1.907899742E-1,-7.918911101E-2,1.773925182E2
1.494570213E2,2.273488238E-2,7.391191320E-4,1.655447413E-3,9.997398853E-1,1.773945499E2,1.915770736E-1,-8.036199511E-2,1.773944113E2
1.494620213E2,2.273526257E-2,7.401038310E-4,1.649776357E-3,9.997398853E-1,1.773945063E2,1.909299815E-1,-8.048950658E-2,1.773943680E2
1.494670213E2,2.274855081E-2,7.305053296E-4,1.651474857E-3,9.997395873E-1,1.773929832E2,1.911006098E-1,-7.938291962E-2,1.773928466E2
1.494720213E2,2.274559196E-2,7.325453334E-4,1.655239146E-3,9.997396469E-1,1.773933224E2,1.915369380E-1,-7.960737970E-2,1.773931850E2
1.494770213E2,2.273251913E-2,7.413412095E-4,1.650905469E-3,9.997399449E-1,1.773948208E2,1.910623380E-1,-8.062884539E-2,1.773946821E2
1.494820213E2,2.274089321E-2,7.347703213E-4,1.646792400E-3,9.997397661E-1,1.773938609E2,1.905746853E-1,-7.988519119E-2,1.773937238E2
1.494870213E2,2.274057854E-2,7.348690997E-4,1.651088009E-3,9.997397661E-1,1.773938970E2,1.910670319E-1,-7.988537296E-2,1.773937595E2
1.494920213E2,2.273768662E-2,7.382929325E-4,1.653296407E-3,9.997398257E-1,1.773942285E2,1.913287221E-1,-8.027241169E-2,1.773940902E2
1.494970213E2,2.273821342E-2,7.375082932E-4,1.646387042E-3,9.997398257E-1,1.773941681E2,1.905351677E-1,-8.020042526E-2,1.773940305E2
1.495020213E2,2.274626722E-2,7.320782170E-4,1.646141522E-3,9.997396469E-1,1.773932450E2,1.904935306E-1,-7.957745115E-2,1.773931084E2
1.495070213E2,2.274065175E-2,7.354092086E-4,1.649838756E-3,9.997397661E-1,1.773938886E2,1.909253283E-1,-7.995049040E-2,1.773937511E2
1.495120213E2,2.273267296E-2,7.412745617E-4,1.648815931E-3,9.997399449E-1,1.773948031E2,1.908227947E-1,-8.062662419E-2,1.773946646E2
1.495170213E2,2.273361257E-2,7.412469131E-4,1.635822118E-3,9.997399449E-1,1.773946954E2,1.893341989E-1,-8.065712913E-2,1.773945580E2
1.495220213E2,2.273591579E-2,7.396584260E-4,1.640950562E-3,9.997398853E-1,1.773944315E2,1.899177712E-1,-8.046135091E-2,1.773942939E2
1.495270213E2,2.273209331E-2,7.414261345E-4,1.656720531E-3,9.997399449E-1,1.773948696E2,1.917287111E-1,-8.062350740E-2,1.773947304E2
1.495320213E2,2.273245044E-2,7.405728102E-4,1.652195700E-3,9.997399449E-1,1.773948287E2,1.912081422E-1,-8.053746813E-2,1.773946900E2
1.495370213E2,2.273269768E-2,7.409177488E-4,1.648635371E-3,9.997399449E-1,1.773948003E2,1.908011817E-1,-8.058621271E-2,1.773946619E2
1.495420213E2,2.273267282E-2,7.410112885E-4,1.648936188E-3,9.997399449E-1,1.773948032E2,1.908358856E-1,-8.059614987E-2,1.773946647E2
1.495470213E2,2.271599177E-2,7.532769232E-4,1.656418899E-3,9.997403026E-1,1.773967152E2,1.917237102E-1,-8.198502883E-2,1.773965737E2
1.495520213E2,2.270856372E-2,7.580394158E-4,1.648152596E-3,9.997404814E-1,1.773975666E2,1.907884899E-1,-8.255356526E-2,1.773974248E2
1.495570213E2,2.271180891E-2,7.556537748E-4,1.640670118E-3,9.997404218E-1,1.773971946E2,1.899253385E-1,-8.229911732E-2,1.773970540E2
1.495620213E2,2.271109748E-2,7.556830533E-4,1.650475548E-3,9.997404218E-1,1.773972762E2,1.910486882E-1,-8.227708661E-2,1.773971347E2
1.495670213E2,2.270277294E-2,7.611056790E-4,1.654194319E-3,9.997406006E-1,1.773982303E2,1.914881434E-1,-8.289022854E-2,1.773980875E2
1.495720213E2,2.270839381E-2,7.584893028E-4,1.650285209E-3,9.997404814E-1,1.773975861E2,1.910339636E-1,-8.259958780E-2,1.773974441E2
1.495770213E2,2.270850380E-2,7.570190355E-4,1.649446553E-3,9.997404814E-1,1.773975734E2,1.909340678E-1,-8.243331268E-2,1.773974318E2
1.495820213E2,2.271039060E-2,7.567483699E-4,1.659688540E-3,9.997404218E-1,1.773973572E2,1.921068639E-1,-8.237528894E-2,1.773972148E2
1.495870213E2,2.270490320E-2,7.596146315E-4,1.661648159E-3,9.997405410E-1,1.773979861E2,1.923383688E-1,-8.269960889E-2,1.773978430E2
1.495920213E2,2.270279438E-2,7.613220951E-4,1.653800486E-3,9.997406006E-1,1.773982279E2,1.914435899E-1,-8.291604211E-2,1.773980850E2
1.495970213E2,2.271085635E-2,7.553283940E-4,1.653952291E-3,9.997404218E-1,1.773973038E2,1.914460487E-1,-8.222745362E-2,1.773971621E2
1.496020213E2,2.271560740E-2,7.518935599E-4,1.662308117E-3,9.997403026E-1,1.773967592E2,1.923947592E-1,-8.181129129E-2,1.773966175E2
1.496070213E2,2.270480737E-2,7.592381444E-4,1.663129078E-3,9.997405410E-1,1.773979971E2,1.925070387E-1,-8.265264301E-2,1.773978539E2
1.496120213E2,2.270251119E-2,7.618620293E-4,1.657435321E-3,9.997406006E-1,1.773982603E2,1.918613863E-1,-8.296849560E-2,1.773981171E2
1.496170213E2,2.271315269E-2,7.548316498E-4,1.658667345E-3,9.997403622E-1,1.773970406E2,1.919851116E-1,-8.215783322E-2,1.773968986E2
1.496220213E2,2.271541570E-2,7.525005494E-4,1.664651441E-3,9.997403026E-1,1.773967812E2,1.926647802E-1,-8.187476602E-2,1.773966392E2
1.496270213E2,2.270759058E-2,7.586299325E-4,1.661236747E-3,9.997404814E-1,1.773976781E2,1.922888962E-1,-8.258735351E-2,1.773975352E2
1.496320213E2,2.271035145E-2,7.558282814E-4,1.660643145E-3,9.997404218E-1,1.773973617E2,1.922138276E-1,-8.226740499E-2,1.773972193E2
1.496370213E2,2.271545882E-2,7.526485715E-4,1.663996023E-3,9.997403026E-1,1.773967763E2,1.925900829E-1,-8.189342154E-2,1.773966343E2
1.496420213E2,2.270981583E-2,7.561529055E-4,1.667804783E-3,9.997404218E-1,1.773974231E2,1.930350818E-1,-8.228605935E-2,1.773972801E2
1.496470213E2,2.271783802E-2,7.506798720E-4,1.668210258E-3,9.997402430E-1,1.773965035E2,1.930679440E-1,-8.165645394E-2,1.773963616E2
1.496520213E2,2.272586415E-2,7.448194083E-4,1.668678480E-3,9.997400641E-1,1.773955836E2,1.931069759E-1,-8.098229913E-2,1.773954428E2
1.496570213E2,2.272286679E-2,7.471197750E-4,1.672753366E-3,9.997401237E-1,1.773959271E2,1.935795518E-1,-8.123580134E-2,1.773957855E2
1.496620213E2,2.272843947E-2,7.437189342E-4,1.669803867E-3,9.997400045E-1,1.773952884E2,1.932332447E-1,-8.085279817E-2,1.773951477E2
1.496670213E2,2.273699613E-2,7.375584682E-4,1.663091360E-3,9.997398257E-1,1.773943076E2,1.924488838E-1,-8.016288046E-2,1.773941687E2
1.496720213E2,2.273686108E-2,7.380546303E-4,1.664716750E-3,9.997398257E-1,1.773943231E2,1.926363742E-1,-8.021551256E-2,1.773941839E2
1.496770213E2,2.272598052E-2,7.444333751E-4,1.667265198E-3,9.997400641E-1,1.773955702E2,1.929440712E-1,-8.094173267E-2,1.773954296E2
1.496820213E2,2.272121447E-2,7.479443448E-4,1.659150585E-3,9.997401834E-1,1.773961165E2,1.920232000E-1,-8.136600449E-2,1.773959759E2
1.496870213E2,2.271895574E-2,7.495703758E-4,1.653422019E-3,9.997402430E-1,1.773963754E2,1.913709729E-1,-8.156763402E-2,1.773962349E2
1.496920213E2,2.272979931E-2,7.433340070E-4,1.651363447E-3,9.997400045E-1,1.773951325E2,1.911197770E-1,-8.085647074E-2,1.773949934E2
1.496970213E2,2.272165484E-2,7.491742726E-4,1.652551815E-3,9.997401834E-1,1.773960661E2,1.912704691E-1,-8.152400494E-2,1.773959257E2
1.497020213E2,2.271636482E-2,7.526651607E-4,1.651573926E-3,9.997403026E-1,1.773966724E2,1.911670972E-1,-8.192748531E-2,1.773965314E2
1.497070213E2,2.271899568E-2,7.499595522E-4,1.652696636E-3,9.997402430E-1,1.773963709E2,1.912888879E-1,-8.161409972E-2,1.773962303E2
1.497120213E2,2.272150819E-2,7.488738629E-4,1.654703054E-3,9.997401834E-1,1.773960829E2,1.915161255E-1,-8.148401603E-2,1.773959424E2
1.497170213E2,2.271868612E-2,7.499144413E-4,1.656966982E-3,9.997402430E-1,1.773964063E2,1.917779656E-1,-8.159787304E-2,1.773962655E2
1.497220213E2,2.271883858E-2,7.502287044E-4,1.654732740E-3,9.997402430E-1,1.773963889E2,1.915228365E-1,-8.163966329E-2,1.773962481E2
1.497270213E2,2.272402466E-2,7.465771632E-4,1.657194225E-3,9.997401237E-1,1.773957944E2,1.917957432E-1,-8.121393252E-2,1.773956542E2
1.497320213E2,2.273197484E-2,7.408512174E-4,1.658602152E-3,9.997399449E-1,1.773948832E2,1.919427663E-1,-8.055276489E-2,1.773947439E2
1.497370213E2,2.273195317E-2,7.412954001E-4,1.658700639E-3,9.997399449E-1,1.773948857E2,1.919552047E-1,-8.060339886E-2,1.773947463E2
1.497420213E2,2.272644650E-2,7.458645268E-4,1.660259208E-3,9.997400641E-1,1.773955168E2,1.921452149E-1,-8.112384452E-2,1.773953765E2
1.497470213E2,2.272598425E-2,7.450925768E-4,1.666919910E-3,9.997400641E-1,1.773955698E2,1.929062315E-1,-8.101815056E-2,1.773954291E2
1.497520213E2,2.272872143E-2,7.425207878E-4,1.666495809E-3,9.997400045E-1,1.773952561E2,1.928511680E-1,-8.072409821E-2,1.773951159E2
1.497570213E2,2.272604302E-2,7.446572999E-4,1.666313037E-3,9.997400641E-1,1.773955631E2,1.928355778E-1,-8.096985362E-2,1.773954225E2
1.497620213E2,2.273141370E-2,7.414167048E-4,1.666023396E-3,9.997399449E-1,1.773949475E2,1.927943883E-1,-8.059832376E-2,1.773948076E2
1.497670213E2,2.273925368E-2,7.361836033E-4,1.668655896E-3,9.997397661E-1,1.773940489E2,1.930829670E-1,-7.999043844E-2,1.773939097E2
1.497720213E2,2.274198667E-2,7.338759024E-4,1.668137615E-3,9.997397065E-1,1.773937356E2,1.930177954E-1,-7.972688701E-2,1.773935970E2
1.497770213E2,2.273694592E-2,7.378445007E-4,1.663650735E-3,9.997398257E-1,1.773943134E2,1.925137084E-1,-8.019420100E-2,1.773941743E2
1.497820213E2,2.273985535E-2,7.352689281E-4,1.660841634E-3,9.997397661E-1,1.773939799E2,1.921854125E-1,-7.990589890E-2,1.773938416E2
1.497870213E2,2.273956019E-2,7.357307477E-4,1.664673910E-3,9.997397661E-1,1.773940137E2,1.926256263E-1,-7.994887597E-2,1.773938750E2
1.497920213E2,2.273984051E-2,7.365318597E-4,1.660485170E-3,9.997397661E-1,1.773939816E2,1.921478655E-1,-8.005151438E-2,1.773938431E2
1.497970213E2,2.274002237E-2,7.366687641E-4,1.657931949E-3,9.997397661E-1,1.773939608E2,1.918557344E-1,-8.007381702E-2,1.773938224E2
1.498020213E2,2.274214881E-2,7.342756144E-4,1.665749587E-3,9.997397065E-1,1.773937170E2,1.927452725E-1,-7.977887111E-2,1.773935785E2
1.498070213E2,2.273894406E-2,7.369139930E-4,1.672548125E-3,9.997397661E-1,1.773940843E2,1.935307480E-1,-8.006403048E-2,1.773939448E2
1.498120213E2,2.273115246E-2,7.423465140E-4,1.669170801E-3,9.997399449E-1,1.773949774E2,1.931573632E-1,-8.069669595E-2,1.773948371E2
1.498170213E2,2.272855339E-2,7.435289444E-4,1.668337150E-3,9.997400045E-1,1.773952753E2,1.930647287E-1,-8.083483085E-2,1.773951348E2
1.498220213E2,2.273073006E-2,7.424277137E-4,1.674877247E-3,9.997399449E-1,1.773950258E2,1.938112836E-1,-8.069121525E-2,1.773948850E2
1.498270213E2,2.273875078E-2,7.363365148E-4,1.675427658E-3,9.997397661E-1,1.773941065E2,1.938591131E-1,-7.999040744E-2,1.773939668E2
1.498320213E2,2.274685732E-2,7.308925851E-4,1.674469910E-3,9.997395873E-1,1.773931773E2,1.937358476E-1,-7.936766590E-2,1.773930388E2
1.498370213E2,2.274693279E-2,7.309277426E-4,1.673428924E-3,9.997395873E-1,1.773931687E2,1.936166876E-1,-7.937439256E-2,1.773930302E2
1.498420213E2,2.274686978E-2,7.298344281E-4,1.674762112E-3,9.997395873E-1,1.773931759E2,1.937665653E-1,-7.924567745E-2,1.773930375E2
1.498470213E2,2.274997988E-2,7.288394845E-4,1.668519690E-3,9.997395277E-1,1.773928194E2,1.930490723E-1,-7.914736678E-2,1.773926817E2
1.498520213E2,2.274460360E-2,7.326400955E-4,1.668723649E-3,9.997396469E-1,1.773934356E2,1.930819200E-1,-7.958327806E-2,1.773932972E2
1.498570213E2,2.275006690E-2,7.285621832E-4,1.667453907E-3,9.997395277E-1,1.773928094E2,1.929262579E-1,-7.911836046E-2,1.773926719E2
1.498620213E2,2.275770216E-2,7.225385052E-4,1.673085382E-3,9.997393489E-1,1.773919343E2,1.935563046E-1,-7.841211723E-2,1.773917975E2
1.498670213E2,2.275516515E-2,7.259858539E-4,1.670481870E-3,9.997394085E-1,1.773922251E2,1.932668322E-1,-7.881433185E-2,1.773920878E2
1.498720213E2,2.274461463E-2,7.332036621E-4,1.668325742E-3,9.997396469E-1,1.773934344E2,1.930378048E-1,-7.964887625E-2,1.773932959E2
1.498770213E2,2.275010887E-2,7.291421643E-4,1.666627591E-3,9.997395277E-1,1.773928046E2,1.928331089E-1,-7.918695032E-2,1.773926671E2
1.498820213E2,2.275291745E-2,7.273199153E-4,1.664836658E-3,9.997394681E-1,1.773924827E2,1.926234064E-1,-7.898231829E-2,1.773923456E2
1.498870213E2,2.274748634E-2,7.312984671E-4,1.665724791E-3,9.997395873E-1,1.773931052E2,1.927350961E-1,-7.943683945E-2,1.773929673E2
1.498920213E2,2.274538556E-2,7.328918437E-4,1.657919842E-3,9.997396469E-1,1.773933460E2,1.918449311E-1,-7.964012864E-2,1.773932084E2
1.498970213E2,2.275344801E-2,7.268757909E-4,1.657764427E-3,9.997394681E-1,1.773924219E2,1.918120803E-1,-7.894977719E-2,1.773922855E2
1.499020213E2,2.275354674E-2,7.263486041E-4,1.656640088E-3,9.997394681E-1,1.773924106E2,1.916819066E-1,-7.889229453E-2,1.773922743E2
1.499070213E2,2.274571398E-2,7.327795029E-4,1.653457875E-3,9.997396469E-1,1.773933084E2,1.913334919E-1,-7.963882626E-2,1.773931711E2
1.499120213E2,2.274885026E-2,7.293178351E-4,1.647870988E-3,9.997395873E-1,1.773929489E2,1.906846706E-1,-7.925621608E-2,1.773928128E2
1.499170213E2,2.275651624E-2,7.254424854E-4,1.652213046E-3,9.997394085E-1,1.773920702E2,1.911726064E-1,-7.879946368E-2,1.773919345E2
1.499220213E2,2.274850385E-2,7.301631849E-4,1.652272884E-3,9.997395873E-1,1.773929886E2,1.911911377E-1,-7.934165151E-2,1.773928520E2
1.499270213E2,2.274617135E-2,7.316598203E-4,1.647651661E-3,9.997396469E-1,1.773932559E2,1.906654371E-1,-7.952560074E-2,1.773931194E2
1.499320213E2,2.274943331E-2,7.293423405E-4,1.639791182E-3,9.997395873E-1,1.773928821E2,1.897591409E-1,-7.927997658E-2,1.773927466E2
1.499370213E2,2.274901589E-2,7.305770414E-4,1.645024167E-3,9.997395873E-1,1.773929299E2,1.903618289E-1,-7.940786301E-2,1.773927938E2
1.499420213E2,2.274912228E-2,7.294900133E-4,1.644034986E-3,9.997395873E-1,1.773929177E2,1.902456805E-1,-7.928588969E-2,1.773927819E2
1.499470213E2,2.275468691E-2,7.257614634E-4,1.641164767E-3,9.997394681E-1,1.773922799E2,1.899075797E-1,-7.886516604E-2,1.773921450E2
1.499520213E2,2.276044195E-2,7.221639971E-4,1.635556691E-3,9.997393489E-1,1.773916202E2,1.892561766E-1,-7.846656835E-2,1.773914865E2
1.499570213E2,2.276055604E-2,7.218259270E-4,1.634117565E-3,9.997393489E-1,1.773916072E2,1.890904343E-1,-7.843157053E-2,1.773914736E2
1.499620213E2,2.275249922E-2,7.281074068E-4,1.634132350E-3,9.997395277E-1,1.773925306E2,1.891078759E-1,-7.915267321E-2,1.773923958E2
1.499670213E2,2.275207042E-2,7.280480932E-4,1.640117960E-3,9.997395277E-1,1.773925798E2,1.897934115E-1,-7.913035276E-2,1.773924445E2
1.499720213E2,2.276579905E-2,7.194634527E-4,1.635055523E-3,9.997392297E-1,1.773910062E2,1.891921360E-1,-7.815748269E-2,1.773908730E2
1.499770213E2,2.276292619E-2,7.198728272E-4,1.638425165E-3,9.997392893E-1,1.773913355E2,1.895790126E-1,-7.819613504E-2,1.773912019E2
1.499820213E2,2.275439459E-2,7.258066908E-4,1.645192737E-3,9.997394681E-1,1.773923134E2,1.903691274E-1,-7.885989956E-2,1.773921782E2
1.499870213E2,2.275449725E-2,7.259295671E-4,1.643717987E-3,9.997394681E-1,1.773923016E2,1.902005055E-1,-7.887780251E-2,1.773921665E2
1.499920213E2,2.276235493E-2,7.203549030E-4,1.646131626E-3,9.997392893E-1,1.773914010E2,1.904630940E-1,-7.823136841E-2,1.773912667E2
1.499970213E2,2.275152149E-2,7.287477492E-4,1.647405908E-3,9.997395277E-1,1.773926427E2,1.906301153E-1,-7.919160914E-2,1.773925067E2
1.500020213E2,2.274068097E-2,7.354143308E-4,1.649433631E-3,9.997397661E-1,1.773938853E2,1.908789320E-1,-7.995212740E-2,1.773937478E2
1.500070213E2,2.274346552E-2,7.337829447E-4,1.647893689E-3,9.997397065E-1,1.773935661E2,1.906984832E-1,-7.976871488E-2,1.773934291E2
1.500120213E2,2.274620369E-2,7.310159854E-4,1.647490892E-3,9.997396469E-1,1.773932522E2,1.906453431E-1,-7.945225477E-2,1.773931158E2
1.500170213E2,2.274628221E-2,7.324967301E-4,1.645748154E-3,9.997396469E-1,1.773932432E2,1.904495578E-1,-7.962641928E-2,1.773931067E2
1.500220213E2,2.274634376E-2,7.313205861E-4,1.645420562E-3,9.997396469E-1,1.773932362E2,1.904089669E-1,-7.949252034E-2,1.773930999E2
1.500270213E2,2.275137275E-2,7.289244677E-4,1.649380662E-3,9.997395277E-1,1.773926598E2,1.908567963E-1,-7.920673399E-2,1.773925236E2
1.500320213E2,2.274839589E-2,7.300860598E-4,1.653792686E-3,9.997395873E-1,1.773930010E2,1.913650399E-1,-7.932887457E-2,1.773928642E2
1.500370213E2,2.273770364E-2,7.370639360E-4,1.653610612E-3,9.997398257E-1,1.773942265E2,1.913615168E-1,-8.013079366E-2,1.773940884E2
1.500420213E2,2.273268923E-2,7.402012125E-4,1.649073674E-3,9.997399449E-1,1.773948013E2,1.908495271E-1,-8.050298479E-2,1.773946630E2
1.500470213E2,2.273505729E-2,7.399884053E-4,1.652654610E-3,9.997398853E-1,1.773945299E2,1.912594031E-1,-8.046882343E-2,1.773943913E2
1.500520213E2,2.273770655E-2,7.373168482E-4,1.653457875E-3,9.997398257E-1,1.773942262E2,1.913446782E-1,-8.016016517E-2,1.773940881E2
1.500570213E2,2.273466513E-2,7.395159337E-4,1.658251393E-3,9.997398853E-1,1.773945748E2,1.918993201E-1,-8.040018972E-2,1.773944359E2
1.500620213E2,2.273226016E-2,7.407161174E-4,1.654747524E-3,9.997399449E-1,1.773948505E2,1.915008427E-1,-8.054727439E-2,1.773947116E2
1.500670213E2,2.273472803E-2,7.396125002E-4,1.657345681E-3,9.997398853E-1,1.773945676E2,1.917958165E-1,-8.041360017E-2,1.773944287E2
1.500720213E2,2.273725317E-2,7.385098725E-4,1.659150352E-3,9.997398257E-1,1.773942782E2,1.919998932E-1,-8.028209440E-2,1.773941393E2
1.500770213E2,2.273736705E-2,7.379046292E-4,1.657858491E-3,9.997398257E-1,1.773942651E2,1.918503268E-1,-8.021610092E-2,1.773941265E2
1.500820213E2,2.274833631E-2,7.308574277E-4,1.654271386E-3,9.997395873E-1,1.773930078E2,1.914218871E-1,-7.941600732E-2,1.773928709E2
1.500870213E2,2.274796491E-2,7.296850090E-4,1.659886562E-3,9.997395873E-1,1.773930504E2,1.920620876E-1,-7.926712606E-2,1.773929132E2
1.500920213E2,2.273734249E-2,7.371607935E-4,1.658526016E-3,9.997398257E-1,1.773942679E2,1.919248596E-1,-8.012915114E-2,1.773941294E2
1.500970213E2,2.273751739E-2,7.382734912E-4,1.655630884E-3,9.997398257E-1,1.773942479E2,1.915961005E-1,-8.026413396E-2,1.773941094E2
1.501020213E2,2.275097826E-2,7.286568871E-4,1.654931111E-3,9.997395277E-1,1.773927050E2,1.914919387E-1,-7.916168361E-2,1.773925684E2
1.501070213E2,2.275101869E-2,7.278845878E-4,1.654715161E-3,9.997395277E-1,1.773927003E2,1.914651884E-1,-7.907376293E-2,1.773925640E2
1.501120213E2,2.274573191E-2,7.327797939E-4,1.653211075E-3,9.997396469E-1,1.773933063E2,1.913052201E-1,-7.963949948E-2,1.773931691E2
1.501170213E2,2.275105396E-2,7.282643928E-4,1.654063002E-3,9.997395277E-1,1.773926963E2,1.913914688E-1,-7.911896763E-2,1.773925599E2
1.501220213E2,2.275363683E-2,7.262422587E-4,1.655448927E-3,9.997394681E-1,1.773924002E2,1.915451744E-1,-7.888320011E-2,1.773922641E2
1.501270213E2,2.274824515E-2,7.293977542E-4,1.656168140E-3,9.997395873E-1,1.773930182E2,1.916353705E-1,-7.924385735E-2,1.773928815E2
1.501320213E2,2.274019756E-2,7.364779594E-4,1.655612141E-3,9.997397661E-1,1.773939407E2,1.915894889E-1,-8.005796984E-2,1.773938025E2
1.501370213E2,2.273775527E-2,7.377458387E-4,1.652596286E-3,9.997398257E-1,1.773942206E2,1.912470944E-1,-8.021154681E-2,1.773940825E2
1.501420213E2,2.274609175E-2,7.326287450E-4,1.648319885E-3,9.997396469E-1,1.773932651E2,1.907445098E-1,-7.963487583E-2,1.773931283E2
1.501470213E2,2.274601772E-2,7.314406103E-4,1.649868325E-3,9.997396469E-1,1.773932736E2,1.909187992E-1,-7.949473889E-2,1.773931369E2
1.501520213E2,2.273516223E-2,7.385003264E-4,1.651876373E-3,9.997398853E-1,1.773945178E2,1.911663776E-1,-8.030035398E-2,1.773943796E2
1.501570213E2,2.274060289E-2,7.356285932E-4,1.650414313E-3,9.997397661E-1,1.773938942E2,1.909918333E-1,-7.997413291E-2,1.773937567E2
1.501620213E2,2.274086079E-2,7.359928568E-4,1.646694145E-3,9.997397661E-1,1.773938646E2,1.905666128E-1,-8.002550928E-2,1.773937273E2
1.501670213E2,2.273828065E-2,7.368004299E-4,1.645775279E-3,9.997398257E-1,1.773941604E2,1.904632435E-1,-8.012091246E-2,1.773940230E2
1.501720213E2,2.273843503E-2,7.364419871E-4,1.643801690E-3,9.997398257E-1,1.773941427E2,1.902362232E-1,-8.008496193E-2,1.773940055E2
1.501770213E2,2.273577059E-2,7.388679078E-4,1.643316704E-3,9.997398853E-1,1.773944481E2,1.901867700E-1,-8.036465039E-2,1.773943105E2
1.501820213E2,2.273563069E-2,7.385606295E-4,1.645389129E-3,9.997398853E-1,1.773944641E2,1.904233796E-1,-8.032407505E-2,1.773943264E2
1.501870213E2,2.273818562E-2,7.364872145E-4,1.647227793E-3,9.997398257E-1,1.773941713E2,1.906288228E-1,-8.008126316E-2,1.773940338E2
1.501920213E2,2.273824136E-2,7.372808177E-4,1.646102988E-3,9.997398257E-1,1.773941649E2,1.905020354E-1,-8.017510011E-2,1.773940274E2
1.501970213E2,2.273829508E-2,7.366144564E-4,1.645659213E-3,9.997398257E-1,1.773941587E2,1.904494633E-1,-8.009990669E-2,1.773940214E2
1.502020213E2,2.274057984E-2,7.351511740E-4,1.650944469E-3,9.997397661E-1,1.773938969E2,1.910513229E-1,-7.991806172E-2,1.773937594E2
1.502070213E2,2.273521727E-2,7.385636563E-4,1.651090337E-3,9.997398853E-1,1.773945115E2,1.910764970E-1,-8.030964659E-2,1.773943733E2
1.502120213E2,2.274361747E-2,7.343451143E-4,1.645544427E-3,9.997397065E-1,1.773935487E2,1.904308243E-1,-7.983921209E-2,1.773934118E2
1.502170213E2,2.274910711E-2,7.295642863E-4,1.644211938E-3,9.997395873E-1,1.773929194E2,1.902661449E-1,-7.929394011E-2,1.773927836E2
1.502220213E2,2.274640679E-2,7.322493475E-4,1.644135686E-3,9.997396469E-1,1.773932290E2,1.902641950E-1,-7.960225816E-2,1.773930926E2
1.502270213E2,2.273845631E-2,7.366938516E-4,1.643394353E-3,9.997398257E-1,1.773941403E2,1.901902158E-1,-8.011487336E-2,1.773940031E2
1.502320213E2,2.274379545E-2,7.327927160E-4,1.643775613E-3,9.997397065E-1,1.773935283E2,1.902241527E-1,-7.966594289E-2,1.773933918E2
1.502370213E2,2.274664484E-2,7.310966612E-4,1.641352894E-3,9.997396469E-1,1.773932017E2,1.899424063E-1,-7.947741301E-2,1.773930657E2
1.502420213E2,2.274117733E-2,7.352231769E-4,1.642661635E-3,9.997397661E-1,1.773938284E2,1.901026590E-1,-7.994778211E-2,1.773936915E2
1.502470213E2,2.273886857E-2,7.375907153E-4,1.637276495E-3,9.997398257E-1,1.773940930E2,1.894917111E-1,-8.023348330E-2,1.773939561E2
1.502520213E2,2.274432939E-2,7.338077412E-4,1.635916065E-3,9.997397065E-1,1.773934671E2,1.893264345E-1,-7.980260989E-2,1.773933310E2
1.502570213E2,2.274155654E-2,7.355753332E-4,1.637245179E-3,9.997397661E-1,1.773937849E2,1.894830863E-1,-8.000216966E-2,1.773936484E2
1.502620213E2,2.273352434E-2,7.407715893E-4,1.637262991E-3,9.997399449E-1,1.773947056E2,1.894980228E-1,-8.059893811E-2,1.773945681E2
1.502670213E2,2.273110983E-2,7.416003500E-4,1.634012908E-3,9.997400045E-1,1.773949823E2,1.891276507E-1,-8.070280636E-2,1.773948449E2
1.502720213E2,2.273895574E-2,7.378309383E-4,1.635957044E-3,9.997398257E-1,1.773940830E2,1.893411849E-1,-8.026442543E-2,1.773939462E2
1.502770213E2,2.273873334E-2,7.364750491E-4,1.639655093E-3,9.997398257E-1,1.773941085E2,1.897612900E-1,-8.009949804E-2,1.773939716E2
1.502820213E2,2.273631120E-2,7.379624876E-4,1.636228757E-3,9.997398853E-1,1.773943861E2,1.893724435E-1,-8.027928885E-2,1.773942493E2
1.502870213E2,2.273898231E-2,7.367079379E-4,1.636093832E-3,9.997398257E-1,1.773940800E2,1.893539311E-1,-8.013541101E-2,1.773939433E2
1.502920213E2,2.274405053E-2,7.338582072E-4,1.639765920E-3,9.997397065E-1,1.773934990E2,1.897675914E-1,-7.979840985E-2,1.773933627E2
1.502970213E2,2.273599364E-2,7.386535290E-4,1.640324364E-3,9.997398853E-1,1.773944225E2,1.898434204E-1,-8.034784486E-2,1.773942852E2
1.503020213E2,2.273582822E-2,7.394930581E-4,1.642237883E-3,9.997398853E-1,1.773944415E2,1.900648115E-1,-8.043906861E-2,1.773943038E2
1.503070213E2,2.273828580E-2,7.378549199E-4,1.645231619E-3,9.997398257E-1,1.773941598E2,1.904037092E-1,-8.024313239E-2,1.773940222E2
1.503120213E2,2.274344369E-2,7.343131583E-4,1.647958765E-3,9.997397065E-1,1.773935686E2,1.907073188E-1,-7.982929165E-2,1.773934315E2
1.503170213E2,2.274367824E-2,7.334507536E-4,1.645103330E-3,9.997397065E-1,1.773935417E2,1.903779647E-1,-7.973789062E-2,1.773934050E2
1.503220213E2,2.274102867E-2,7.352047251E-4,1.644726610E-3,9.997397661E-1,1.773938454E2,1.903391670E-1,-7.994031504E-2,1.773937084E2
1.503270213E2,2.274118970E-2,7.360235904E-4,1.642131829E-3,9.997397661E-1,1.773938269E2,1.900440504E-1,-8.004085729E-2,1.773936900E2
1.503320213E2,2.273866800E-2,7.364085177E-4,1.640590839E-3,9.997398257E-1,1.773941160E2,1.898683126E-1,-8.008945012E-2,1.773939791E2
1.503370213E2,2.274154285E-2,7.349482621E-4,1.637716778E-3,9.997397661E-1,1.773937865E2,1.895354782E-1,-7.992910482E-2,1.773936501E2
1.503420213E2,2.274676559E-2,7.307145861E-4,1.639848924E-3,9.997396469E-1,1.773931878E2,1.897691218E-1,-7.943753931E-2,1.773930521E2
1.503470213E2,2.274641280E-2,7.311427034E-4,1.644545002E-3,9.997396469E-1,1.773932283E2,1.903082026E-1,-7.947441095E-2,1.773930921E2
1.503520213E2,2.274913070E-2,7.292524679E-4,1.644023927E-3,9.997395873E-1,1.773929167E2,1.902437949E-1,-7.925870329E-2,1.773927809E2
1.503570213E2,2.273832391E-2,7.369630621E-4,1.645104727E-3,9.997398257E-1,1.773941554E2,1.903868509E-1,-8.014128295E-2,1.773940180E2
1.503620213E2,2.274122102E-2,7.349704392E-4,1.642169780E-3,9.997397661E-1,1.773938234E2,1.900456558E-1,-7.992010155E-2,1.773936866E2
1.503670213E2,2.275462163E-2,7.267885376E-4,1.641615294E-3,9.997394681E-1,1.773922874E2,1.899618664E-1,-7.898166705E-2,1.773921522E2
1.503720213E2,2.275992255E-2,7.230126648E-4,1.642395393E-3,9.997393489E-1,1.773916798E2,1.900418056E-1,-7.854605459E-2,1.773915453E2
1.503770213E2,2.274932824E-2,7.301731966E-4,1.640878734E-3,9.997395873E-1,1.773928941E2,1.898858911E-1,-7.937234560E-2,1.773927584E2
1.503820213E2,2.276276140E-2,7.213913486E-4,1.640045899E-3,9.997392893E-1,1.773913544E2,1.897686360E-1,-7.836590295E-2,1.773912204E2
1.503870213E2,2.277325831E-2,7.129494916E-4,1.643345458E-3,9.997390509E-1,1.773901512E2,1.901254297E-1,-7.738818587E-2,1.773900186E2
1.503920213E2,2.276723304E-2,7.180623361E-4,1.652060892E-3,9.997391701E-1,1.773908418E2,1.911367626E-1,-7.795232879E-2,1.773907076E2
1.503970213E2,2.275927999E-2,7.219770341E-4,1.651728642E-3,9.997393489E-1,1.773917534E2,1.911082905E-1,-7.840319047E-2,1.773916184E2
1.504020213E2,2.276210814E-2,7.210246986E-4,1.649247948E-3,9.997392893E-1,1.773914293E2,1.908218344E-1,-7.830001949E-2,1.773912946E2
1.504070213E2,2.276185583E-2,7.210099720E-4,1.652732957E-3,9.997392893E-1,1.773914582E2,1.912210261E-1,-7.828929006E-2,1.773913233E2
1.504120213E2,2.275098617E-2,7.279327256E-4,1.655141008E-3,9.997395277E-1,1.773927041E2,1.915140973E-1,-7.907817363E-2,1.773925676E2
1.504170213E2,2.275385037E-2,7.259444683E-4,1.652642037E-3,9.997394681E-1,1.773923758E2,1.912228514E-1,-7.885636288E-2,1.773922399E2
1.504220213E2,2.276464239E-2,7.188448799E-4,1.651350758E-3,9.997392297E-1,1.773911388E2,1.910572479E-1,-7.804432623E-2,1.773910044E2
1.504270213E2,2.276963880E-2,7.151417085E-4,1.656236127E-3,9.997391105E-1,1.773905661E2,1.916076522E-1,-7.760638211E-2,1.773904321E2
1.504320213E2,2.276449334E-2,7.185814902E-4,1.653518761E-3,9.997392297E-1,1.773911559E2,1.913049200E-1,-7.800852455E-2,1.773910214E2
1.504370213E2,2.276438673E-2,7.192484336E-4,1.654696069E-3,9.997392297E-1,1.773911681E2,1.914415266E-1,-7.808187983E-2,1.773910334E2
1.504420213E2,2.276982295E-2,7.149858284E-4,1.653769985E-3,9.997391105E-1,1.773905450E2,1.913247333E-1,-7.759492400E-2,1.773904112E2
1.504470213E2,2.276964851E-2,7.148314617E-4,1.656236593E-3,9.997391105E-1,1.773905650E2,1.916068967E-1,-7.757083663E-2,1.773904310E2
1.504520213E2,2.276432830E-2,7.190679316E-4,1.655578148E-3,9.997392297E-1,1.773911748E2,1.915421040E-1,-7.805891130E-2,1.773910400E2
1.504570213E2,2.276182232E-2,7.215947844E-4,1.652939245E-3,9.997392893E-1,1.773914620E2,1.912461819E-1,-7.835575550E-2,1.773913270E2
1.504620213E2,2.276177196E-2,7.210139884E-4,1.653885818E-3,9.997392893E-1,1.773914678E2,1.913531042E-1,-7.828675904E-2,1.773913328E2
1.504670213E2,2.275104286E-2,7.290416979E-4,1.653873245E-3,9.997395277E-1,1.773926976E2,1.913717558E-1,-7.920851393E-2,1.773925610E2
1.504720213E2,2.275130823E-2,7.276355755E-4,1.650839113E-3,9.997395277E-1,1.773926672E2,1.910205136E-1,-7.905528601E-2,1.773925311E2
1.504770213E2,2.276209316E-2,7.203404675E-4,1.649753656E-3,9.997392893E-1,1.773914310E2,1.908779832E-1,-7.822031653E-2,1.773912964E2
1.504820213E2,2.276706873E-2,7.175866049E-4,1.654530060E-3,9.997391701E-1,1.773908607E2,1.914183816E-1,-7.789141743E-2,1.773907263E2
1.504870213E2,2.275861620E-2,7.238420076E-4,1.660037902E-3,9.997393489E-1,1.773918295E2,1.920650293E-1,-7.859530071E-2,1.773916935E2
1.504920213E2,2.276420495E-2,7.194563514E-4,1.657104818E-3,9.997392297E-1,1.773911889E2,1.917180063E-1,-7.809945030E-2,1.773910540E2
1.504970213E2,2.276439400E-2,7.189009921E-4,1.654747059E-3,9.997392297E-1,1.773911672E2,1.914464622E-1,-7.804194192E-2,1.773910326E2
1.505020213E2,2.276937430E-2,7.162784459E-4,1.659378293E-3,9.997391105E-1,1.773905964E2,1.919705711E-1,-7.772846048E-2,1.773904619E2
1.505070213E2,2.276655071E-2,7.179467357E-4,1.661487273E-3,9.997391701E-1,1.773909200E2,1.922163138E-1,-7.791462249E-2,1.773907851E2
1.505120213E2,2.275850524E-2,7.228793693E-4,1.661977381E-3,9.997393489E-1,1.773918422E2,1.922847006E-1,-7.847998220E-2,1.773917062E2
1.505170213E2,2.276128488E-2,7.212206838E-4,1.660485985E-3,9.997392893E-1,1.773915236E2,1.921097343E-1,-7.829331585E-2,1.773913881E2
1.505220213E2,2.276391591E-2,7.200069958E-4,1.660831971E-3,9.997392297E-1,1.773912220E2,1.921464108E-1,-7.815286551E-2,1.773910867E2
1.505270213E2,2.275084521E-2,7.281563012E-4,1.656979206E-3,9.997395277E-1,1.773927202E2,1.917252570E-1,-7.909902131E-2,1.773925836E2
1.505320213E2,2.274838535E-2,7.296461263E-4,1.654131687E-3,9.997395873E-1,1.773930022E2,1.914027288E-1,-7.927759328E-2,1.773928655E2
1.505370213E2,2.276685913E-2,7.176598301E-4,1.657380024E-3,9.997391701E-1,1.773908847E2,1.917450541E-1,-7.789241073E-2,1.773907501E2
1.505420213E2,2.275880373E-2,7.220639964E-4,1.658240217E-3,9.997393489E-1,1.773918080E2,1.918544597E-1,-7.839626118E-2,1.773916725E2
1.505470213E2,2.275086509E-2,7.287041517E-4,1.656465349E-3,9.997395277E-1,1.773927179E2,1.916678185E-1,-7.916311994E-2,1.773925813E2
1.505520213E2,2.276175530E-2,7.210441399E-4,1.654102001E-3,9.997392893E-1,1.773914697E2,1.913779480E-1,-7.828965255E-2,1.773913347E2
1.505570213E2,2.276449492E-2,7.196203223E-4,1.653045183E-3,9.997392297E-1,1.773911557E2,1.912533764E-1,-7.812877009E-2,1.773910210E2
1.505620213E2,2.275355232E-2,7.263874286E-4,1.656546374E-3,9.997394681E-1,1.773924099E2,1.916712722E-1,-7.889698562E-2,1.773922737E2
1.505670213E2,2.275641632E-2,7.242828142E-4,1.654096995E-3,9.997394085E-1,1.773920817E2,1.913854032E-1,-7.866171580E-2,1.773919460E2
1.505720213E2,2.277281267E-2,7.134262123E-4,1.649303245E-3,9.997390509E-1,1.773902023E2,1.908091759E-1,-7.742733646E-2,1.773900691E2
1.505770213E2,2.276712709E-2,7.169992896E-4,1.653981511E-3,9.997391701E-1,1.773908540E2,1.913540108E-1,-7.782555360E-2,1.773907198E2
1.505820213E2,2.276178549E-2,7.209295291E-4,1.653736457E-3,9.997392893E-1,1.773914662E2,1.913357739E-1,-7.827747025E-2,1.773913313E2
1.505870213E2,2.276709774E-2,7.163845003E-4,1.654651831E-3,9.997391701E-1,1.773908573E2,1.914291975E-1,-7.775337900E-2,1.773907232E2
1.505920213E2,2.277474953E-2,7.127717254E-4,1.658943482E-3,9.997389913E-1,1.773899803E2,1.919120229E-1,-7.732682730E-2,1.773898465E2
1.505970213E2,2.275836981E-2,7.225357695E-4,1.663980074E-3,9.997393489E-1,1.773918577E2,1.925132264E-1,-7.843542172E-2,1.773917217E2
1.506020213E2,2.275826257E-2,7.236347883E-4,1.664969022E-3,9.997393489E-1,1.773918700E2,1.926293806E-1,-7.855876866E-2,1.773917337E2
1.506070213E2,2.276653359E-2,7.175254868E-4,1.661903807E-3,9.997391701E-1,1.773909220E2,1.922629323E-1,-7.786528006E-2,1.773907871E2
1.506120213E2,2.277217617E-2,7.142999675E-4,1.657692133E-3,9.997390509E-1,1.773902752E2,1.917724554E-1,-7.750566488E-2,1.773901413E2
1.506170213E2,2.276356532E-2,7.199211395E-4,1.665667514E-3,9.997392297E-1,1.773912622E2,1.927001294E-1,-7.813048280E-2,1.773911265E2
1.506220213E2,2.276402626E-2,7.191736950E-4,1.659680158E-3,9.997392297E-1,1.773912094E2,1.920122912E-1,-7.806038466E-2,1.773910743E2
1.506270213E2,2.276717642E-2,7.177955704E-4,1.652956824E-3,9.997391701E-1,1.773908483E2,1.912387020E-1,-7.791944093E-2,1.773907140E2
1.506320213E2,2.276202935E-2,7.200535620E-4,1.650758903E-3,9.997392893E-1,1.773914383E2,1.909923929E-1,-7.818483815E-2,1.773913037E2
1.506370213E2,2.276468688E-2,7.190468023E-4,1.650649472E-3,9.997392297E-1,1.773911337E2,1.909774374E-1,-7.806927980E-2,1.773909993E2
1.506420213E2,2.276215585E-2,7.212003693E-4,1.648512552E-3,9.997392893E-1,1.773914238E2,1.907380479E-1,-7.832205380E-2,1.773912892E2
1.506470213E2,2.275948555E-2,7.225770969E-4,1.648630947E-3,9.997393489E-1,1.773917299E2,1.907549933E-1,-7.847997477E-2,1.773915950E2
1.506520213E2,2.276490458E-2,7.187288138E-4,1.647783094E-3,9.997392297E-1,1.773911087E2,1.906482465E-1,-7.804028673E-2,1.773909747E2
1.506570213E2,2.275979113E-2,7.226671441E-4,1.644367352E-3,9.997393489E-1,1.773916948E2,1.902668058E-1,-7.850135282E-2,1.773915603E2
1.506620213E2,2.275203322E-2,7.286719047E-4,1.640357077E-3,9.997395277E-1,1.773925841E2,1.898224290E-1,-7.920120131E-2,1.773924487E2
1.506670213E2,2.275477502E-2,7.257790421E-4,1.639934839E-3,9.997394681E-1,1.773922698E2,1.897667293E-1,-7.887037037E-2,1.773921350E2
1.506720213E2,2.276244357E-2,7.208737661E-4,1.644678065E-3,9.997392893E-1,1.773913908E2,1.902979314E-1,-7.829458503E-2,1.773912566E2
1.506770213E2,2.275436303E-2,7.255481323E-4,1.645743265E-3,9.997394681E-1,1.773923170E2,1.904315203E-1,-7.882884910E-2,1.773921818E2
1.506820213E2,2.274927334E-2,7.299124845E-4,1.641755574E-3,9.997395873E-1,1.773929004E2,1.899856597E-1,-7.934020245E-2,1.773927646E2
1.506870213E2,2.275187328E-2,7.277729455E-4,1.642972464E-3,9.997395277E-1,1.773926024E2,1.901196965E-1,-7.909142621E-2,1.773924670E2
1.506920213E2,2.275446785E-2,7.265867316E-4,1.643834636E-3,9.997394681E-1,1.773923050E2,1.902155805E-1,-7.895278985E-2,1.773921697E2
1.506970213E2,2.274387297E-2,7.335065748E-4,1.642383984E-3,9.997397065E-1,1.773935194E2,1.900665917E-1,-7.975133620E-2,1.773933829E2
1.507020213E2,2.274905588E-2,7.298632408E-4,1.644787961E-3,9.997395873E-1,1.773929253E2,1.903329107E-1,-7.932669694E-2,1.773927893E2
1.507070213E2,2.275939567E-2,7.233328652E-4,1.649540151E-3,9.997393489E-1,1.773917402E2,1.908611179E-1,-7.856420269E-2,1.773916051E2
1.507120213E2,2.275115231E-2,7.289139321E-4,1.652423292E-3,9.997395277E-1,1.773926850E2,1.912053216E-1,-7.919763626E-2,1.773925486E2
1.507170213E2,2.274876277E-2,7.299513090E-4,1.648798003E-3,9.997395873E-1,1.773929589E2,1.907925161E-1,-7.932638798E-2,1.773928226E2
1.507220213E2,2.275709350E-2,7.239631377E-4,1.644894830E-3,9.997394085E-1,1.773920040E2,1.903304031E-1,-7.864896190E-2,1.773918692E2
1.507270213E2,2.275941002E-2,7.224601577E-4,1.649724552E-3,9.997393489E-1,1.773917385E2,1.908799681E-1,-7.846374011E-2,1.773916036E2
1.507320213E2,2.275140738E-2,7.289329660E-4,1.648899168E-3,9.997395277E-1,1.773926558E2,1.908016602E-1,-7.920895635E-2,1.773925197E2
1.507370213E2,2.274336666E-2,7.337069255E-4,1.649291371E-3,9.997397065E-1,1.773935774E2,1.908583986E-1,-7.975638201E-2,1.773934403E2
1.507420213E2,2.275423688E-2,7.255588425E-4,1.647481695E-3,9.997394681E-1,1.773923315E2,1.906306965E-1,-7.882556701E-2,1.773921961E2
1.507470213E2,2.275948442E-2,7.234894438E-4,1.648246427E-3,9.997393489E-1,1.773917300E2,1.907133217E-1,-7.858549793E-2,1.773915950E2
1.507520213E2,2.275404940E-2,7.263004663E-4,1.649742830E-3,9.997394681E-1,1.773923530E2,1.908916561E-1,-7.890466844E-2,1.773922173E2
1.507570213E2,2.274581819E-2,7.323342143E-4,1.652221079E-3,9.997396469E-1,1.773932964E2,1.911906494E-1,-7.959101712E-2,1.773931594E2
1.507620213E2,2.275383450E-2,7.269590278E-4,1.652414561E-3,9.997394681E-1,1.773923776E2,1.911994358E-1,-7.897318879E-2,1.773922416E2
1.507670213E2,2.275375419E-2,7.270643255E-4,1.653473708E-3,9.997394681E-1,1.773923868E2,1.913210422E-1,-7.898250547E-2,1.773922507E2
1.507720213E2,2.275118761E-2,7.287070621E-4,1.652028412E-3,9.997395277E-1,1.773926810E2,1.911595466E-1,-7.917495966E-2,1.773925446E2
1.507770213E2,2.275105622E-2,7.284282474E-4,1.653959742E-3,9.997395277E-1,1.773926960E2,1.913800665E-1,-7.913800788E-2,1.773925596E2
1.507820213E2,2.275075889E-2,7.286070031E-4,1.657965942E-3,9.997395277E-1,1.773927301E2,1.918394680E-1,-7.914809846E-2,1.773925933E2
1.507870213E2,2.275115620E-2,7.277780678E-4,1.652870327E-3,9.997395277E-1,1.773926846E2,1.912535734E-1,-7.906634338E-2,1.773925484E2
1.507920213E2,2.274606116E-2,7.315087132E-4,1.649239101E-3,9.997396469E-1,1.773932686E2,1.908468948E-1,-7.950417276E-2,1.773931319E2
1.507970213E2,2.275372702E-2,7.256523822E-4,1.654467662E-3,9.997394681E-1,1.773923899E2,1.914312275E-1,-7.881816422E-2,1.773922540E2
1.508020213E2,2.275046242E-2,7.290241774E-4,1.661846298E-3,9.997395277E-1,1.773927641E2,1.922850741E-1,-7.918583090E-2,1.773926269E2
1.508070213E2,2.273978183E-2,7.357121212E-4,1.661651768E-3,9.997397661E-1,1.773939883E2,1.922793724E-1,-7.995457488E-2,1.773938499E2
1.508120213E2,2.273740930E-2,7.373241824E-4,1.657537185E-3,9.997398257E-1,1.773942603E2,1.918120080E-1,-8.015043300E-2,1.773941218E2
1.508170213E2,2.274218979E-2,7.348521031E-4,1.664935611E-3,9.997397065E-1,1.773937123E2,1.926535276E-1,-7.984702817E-2,1.773935738E2
1.508220213E2,2.273659578E-2,7.380893803E-4,1.668320852E-3,9.997398257E-1,1.773943535E2,1.930493372E-1,-8.021015398E-2,1.773942140E2
1.508270213E2,2.273899679E-2,7.366652717E-4,1.671940787E-3,9.997397661E-1,1.773940783E2,1.934605260E-1,-8.003710894E-2,1.773939388E2
1.508320213E2,2.273955806E-2,7.351997192E-4,1.664937590E-3,9.997397661E-1,1.773940140E2,1.926544501E-1,-7.988735368E-2,1.773938753E2
1.508370213E2,2.274738861E-2,7.313048118E-4,1.667056116E-3,9.997395873E-1,1.773931164E2,1.928876244E-1,-7.943411464E-2,1.773929784E2
1.508420213E2,2.273637438E-2,7.377951406E-4,1.671465463E-3,9.997398257E-1,1.773943789E2,1.934088061E-1,-8.016829469E-2,1.773942392E2
1.508470213E2,2.273628048E-2,7.377850125E-4,1.672746730E-3,9.997398257E-1,1.773943897E2,1.935555570E-1,-8.016381418E-2,1.773942499E2
1.508520213E2,2.274443051E-2,7.325366023E-4,1.671126578E-3,9.997396469E-1,1.773934555E2,1.933569211E-1,-7.956519197E-2,1.773933169E2
1.508570213E2,2.275259707E-2,7.273623487E-4,1.669190940E-3,9.997394681E-1,1.773925194E2,1.931223276E-1,-7.897588792E-2,1.773923820E2
1.508620213E2,2.274443191E-2,7.328155334E-4,1.670985250E-3,9.997396469E-1,1.773934553E2,1.933414575E-1,-7.959751491E-2,1.773933167E2
1.508670213E2,2.274732441E-2,7.308997447E-4,1.668109442E-3,9.997395873E-1,1.773931238E2,1.930072345E-1,-7.938497602E-2,1.773929857E2
1.508720213E2,2.275485389E-2,7.260363782E-4,1.674694475E-3,9.997394085E-1,1.773922607E2,1.937495444E-1,-7.880919514E-2,1.773921231E2
1.508770213E2,2.275209903E-2,7.273120573E-4,1.675987733E-3,9.997394681E-1,1.773925765E2,1.939008121E-1,-7.895250110E-2,1.773924386E2
1.508820213E2,2.274135682E-2,7.342774770E-4,1.676526619E-3,9.997397065E-1,1.773938078E2,1.939798543E-1,-7.975115105E-2,1.773936684E2
1.508870213E2,2.274111223E-2,7.352459361E-4,1.679417328E-3,9.997397065E-1,1.773938358E2,1.943135248E-1,-7.985461347E-2,1.773936960E2
1.508920213E2,2.274405609E-2,7.322766469E-4,1.676328247E-3,9.997396469E-1,1.773934984E2,1.939521282E-1,-7.952192570E-2,1.773933594E2
1.508970213E2,2.273882767E-2,7.369432715E-4,1.674116822E-3,9.997397661E-1,1.773940977E2,1.937105283E-1,-8.006331946E-2,1.773939580E2
1.509020213E2,2.273692640E-2,7.374796551E-4,1.664079260E-3,9.997398257E-1,1.773943156E2,1.925618488E-1,-8.015129082E-2,1.773941766E2
1.509070213E2,2.273969500E-2,7.361605531E-4,1.662641065E-3,9.997397661E-1,1.773939983E2,1.923938702E-1,-8.000338670E-2,1.773938596E2
1.509120213E2,2.274733317E-2,7.298777928E-4,1.668437384E-3,9.997395873E-1,1.773931228E2,1.930421406E-1,-7.926704284E-2,1.773929849E2
1.509170213E2,2.274443474E-2,7.332715904E-4,1.670746598E-3,9.997396469E-1,1.773934550E2,1.933153061E-1,-7.965038310E-2,1.773933163E2
1.509220213E2,2.274770514E-2,7.309850189E-4,1.662871917E-3,9.997395873E-1,1.773930801E2,1.924074649E-1,-7.940832506E-2,1.773929425E2
1.509270213E2,2.275556143E-2,7.251775241E-4,1.665427117E-3,9.997394085E-1,1.773921796E2,1.926856721E-1,-7.873483303E-2,1.773920429E2
1.509320213E2,2.276049810E-2,7.222461863E-4,1.670792932E-3,9.997392893E-1,1.773916138E2,1.932931333E-1,-7.838406676E-2,1.773914773E2
1.509370213E2,2.275770476E-2,7.227759925E-4,1.672947430E-3,9.997393489E-1,1.773919340E2,1.935411201E-1,-7.843968345E-2,1.773917972E2
1.509420213E2,2.275232937E-2,7.267417386E-4,1.673105638E-3,9.997394681E-1,1.773925501E2,1.935691642E-1,-7.889463440E-2,1.773924125E2
1.509470213E2,2.275513639E-2,7.252432406E-4,1.671195962E-3,9.997394085E-1,1.773922284E2,1.933467011E-1,-7.872740020E-2,1.773920912E2
1.509520213E2,2.276019564E-2,7.222440909E-4,1.674909028E-3,9.997392893E-1,1.773916485E2,1.937646529E-1,-7.837314930E-2,1.773915116E2
1.509570213E2,2.275716233E-2,7.241737912E-4,1.679708017E-3,9.997393489E-1,1.773919961E2,1.943192304E-1,-7.858229165E-2,1.773918585E2
1.509620213E2,2.275761019E-2,7.242420688E-4,1.673599705E-3,9.997393489E-1,1.773919448E2,1.936196626E-1,-7.860595690E-2,1.773918077E2
1.509670213E2,2.276882417E-2,7.165661082E-4,1.666786149E-3,9.997391105E-1,1.773906595E2,1.928199385E-1,-7.774219222E-2,1.773905243E2
1.509720213E2,2.276597329E-2,7.174830534E-4,1.669579884E-3,9.997391701E-1,1.773909862E2,1.931421654E-1,-7.784050024E-2,1.773908507E2
1.509770213E2,2.276031405E-2,7.223358261E-4,1.673259656E-3,9.997392893E-1,1.773916349E2,1.935759459E-1,-7.838793773E-2,1.773914981E2
1.509820213E2,2.276336001E-2,7.192042540E-4,1.668780111E-3,9.997392297E-1,1.773912858E2,1.930548286E-1,-7.804027512E-2,1.773911500E2
1.509870213E2,2.277381829E-2,7.127861027E-4,1.671672799E-3,9.997389913E-1,1.773900870E2,1.933702854E-1,-7.729543186E-2,1.773899523E2
1.509920213E2,2.276328621E-2,7.188062882E-4,1.669957768E-3,9.997392297E-1,1.773912942E2,1.931886995E-1,-7.799162566E-2,1.773911584E2
1.509970213E2,2.277346409E-2,7.118168869E-4,1.676902990E-3,9.997389913E-1,1.773901276E2,1.939669098E-1,-7.717081569E-2,1.773899927E2
1.510020213E2,2.278952493E-2,7.017299067E-4,1.676171436E-3,9.997386336E-1,1.773882867E2,1.938579952E-1,-7.601402901E-2,1.773881538E2
1.510070213E2,2.279465737E-2,6.980485050E-4,1.679018256E-3,9.997385144E-1,1.773876984E2,1.941749054E-1,-7.558384988E-2,1.773875660E2
1.510120213E2,2.279215734E-2,6.995156291E-4,1.676854794E-3,9.997385740E-1,1.773879850E2,1.939306981E-1,-7.575806240E-2,1.773878525E2
1.510170213E2,2.279476281E-2,6.974947755E-4,1.677816384E-3,9.997385144E-1,1.773876863E2,1.940357779E-1,-7.552353280E-2,1.773875541E2
1.510220213E2,2.279222309E-2,7.003208739E-4,1.675624633E-3,9.997385740E-1,1.773879774E2,1.937918769E-1,-7.585351291E-2,1.773878448E2
1.510270213E2,2.278673128E-2,7.040980854E-4,1.677607768E-3,9.997386932E-1,1.773886069E2,1.940285166E-1,-7.628212251E-2,1.773884734E2
1.510320213E2,2.278439851E-2,7.042500656E-4,1.673703198E-3,9.997387528E-1,1.773888743E2,1.935814200E-1,-7.631018133E-2,1.773887411E2
1.510370213E2,2.278460137E-2,7.053092122E-4,1.670492580E-3,9.997387528E-1,1.773888510E2,1.932163862E-1,-7.643986277E-2,1.773887179E2
1.510420213E2,2.277939660E-2,7.087282720E-4,1.668683486E-3,9.997388721E-1,1.773894476E2,1.930176610E-1,-7.683728449E-2,1.773893139E2
1.510470213E2,2.278436037E-2,7.057237090E-4,1.673601684E-3,9.997387528E-1,1.773888787E2,1.935736355E-1,-7.647927681E-2,1.773887452E2
1.510520213E2,2.279278103E-2,6.996046868E-4,1.668318524E-3,9.997385740E-1,1.773879135E2,1.929530457E-1,-7.579044072E-2,1.773877816E2
1.510570213E2,2.278777880E-2,7.030225825E-4,1.663773088E-3,9.997386932E-1,1.773884868E2,1.924408585E-1,-7.619483602E-2,1.773883546E2
1.510620213E2,2.279528027E-2,6.973868585E-4,1.670816448E-3,9.997385144E-1,1.773876270E2,1.932336082E-1,-7.552935503E-2,1.773874954E2
1.510670213E2,2.279008934E-2,7.008805405E-4,1.668836921E-3,9.997386336E-1,1.773882220E2,1.930155628E-1,-7.593577024E-2,1.773880898E2
1.510720213E2,2.278483735E-2,7.040388882E-4,1.667807577E-3,9.997387528E-1,1.773888240E2,1.929054876E-1,-7.630129750E-2,1.773886913E2
1.510770213E2,2.279552180E-2,6.968128146E-4,1.667757868E-3,9.997385144E-1,1.773875993E2,1.928817296E-1,-7.547153489E-2,1.773874680E2
1.510820213E2,2.279803040E-2,6.960276514E-4,1.669524470E-3,9.997384548E-1,1.773873118E2,1.930822530E-1,-7.537648591E-2,1.773871805E2
1.510870213E2,2.279246775E-2,6.989303511E-4,1.672874903E-3,9.997385740E-1,1.773879494E2,1.934732485E-1,-7.570134709E-2,1.773878173E2
1.510920213E2,2.279261732E-2,6.995432195E-4,1.670579310E-3,9.997385740E-1,1.773879322E2,1.932118729E-1,-7.577752540E-2,1.773878002E2
1.510970213E2,2.279278151E-2,7.001401973E-4,1.668087323E-3,9.997385740E-1,1.773879134E2,1.929279578E-1,-7.585239349E-2,1.773877814E2
1.511020213E2,2.279019416E-2,7.016145391E-4,1.667096163E-3,9.997386336E-1,1.773882100E2,1.928180631E-1,-7.602438444E-2,1.773880778E2
1.511070213E2,2.279302954E-2,6.998798926E-4,1.664804178E-3,9.997385740E-1,1.773878850E2,1.925511729E-1,-7.583110035E-2,1.773877533E2
1.511120213E2,2.279564644E-2,6.978112506E-4,1.665635384E-3,9.997385144E-1,1.773875850E2,1.926411915E-1,-7.559143792E-2,1.773874537E2
1.511170213E2,2.279859964E-2,6.949289236E-4,1.662192866E-3,9.997384548E-1,1.773872465E2,1.922395018E-1,-7.526965893E-2,1.773871160E2
1.511220213E2,2.280112767E-2,6.932158722E-4,1.664080424E-3,9.997383952E-1,1.773869568E2,1.924514580E-1,-7.506799076E-2,1.773868265E2
1.511270213E2,2.280358277E-2,6.919713342E-4,1.666763797E-3,9.997383356E-1,1.773866754E2,1.927558023E-1,-7.491792958E-2,1.773865451E2
1.511320213E2,2.280360019E-2,6.917782594E-4,1.666605589E-3,9.997383356E-1,1.773866734E2,1.927371743E-1,-7.489622070E-2,1.773865432E2
1.511370213E2,2.280338921E-2,6.917666178E-4,1.669494668E-3,9.997383356E-1,1.773866976E2,1.930681068E-1,-7.488737793E-2,1.773865671E2
1.511420213E2,2.280886787E-2,6.888869102E-4,1.667228295E-3,9.997382164E-1,1.773860696E2,1.928013491E-1,-7.456233991E-2,1.773859399E2
1.511470213E2,2.280333135E-2,6.916744751E-4,1.670322963E-3,9.997383356E-1,1.773867042E2,1.931627527E-1,-7.487466858E-2,1.773865737E2
1.511520213E2,2.279567379E-2,6.970098475E-4,1.665596617E-3,9.997385144E-1,1.773875819E2,1.926346587E-1,-7.549972388E-2,1.773874507E2
1.511570213E2,2.280613249E-2,6.900714943E-4,1.668416313E-3,9.997382760E-1,1.773863831E2,1.929403431E-1,-7.469547038E-2,1.773862531E2
1.511620213E2,2.281436486E-2,6.844776217E-4,1.665314310E-3,9.997380972E-1,1.773854395E2,1.925709602E-1,-7.406114875E-2,1.773853108E2
1.511670213E2,2.281193051E-2,6.869725185E-4,1.661849092E-3,9.997381568E-1,1.773857185E2,1.921803204E-1,-7.435649575E-2,1.773855896E2
1.511720213E2,2.280655274E-2,6.904315669E-4,1.662512310E-3,9.997382760E-1,1.773863350E2,1.922649413E-1,-7.475207031E-2,1.773862053E2
1.511770213E2,2.281418540E-2,6.850575446E-4,1.667532837E-3,9.997380972E-1,1.773854601E2,1.928266220E-1,-7.412181999E-2,1.773853311E2
1.511820213E2,2.281157962E-2,6.864918396E-4,1.666856697E-3,9.997381568E-1,1.773857588E2,1.927527187E-1,-7.428840524E-2,1.773856296E2
1.511870213E2,2.280883588E-2,6.881446461E-4,1.667972421E-3,9.997382164E-1,1.773860733E2,1.928846550E-1,-7.447536609E-2,1.773859436E2
1.511920213E2,2.282213669E-2,6.787843886E-4,1.668498735E-3,9.997379184E-1,1.773845487E2,1.929214586E-1,-7.339909761E-2,1.773844209E2
1.511970213E2,2.282714198E-2,6.758072996E-4,1.672659302E-3,9.997377992E-1,1.773839750E2,1.933906800E-1,-7.304618804E-2,1.773838475E2
1.512020213E2,2.281700385E-2,6.820285926E-4,1.665945863E-3,9.997380376E-1,1.773851370E2,1.926371034E-1,-7.377842441E-2,1.773850088E2
1.512070213E2,2.282260953E-2,6.783722783E-4,1.662186696E-3,9.997379184E-1,1.773844945E2,1.921972959E-1,-7.336830294E-2,1.773843672E2
1.512120213E2,2.282240887E-2,6.785583100E-4,1.664863783E-3,9.997379184E-1,1.773845175E2,1.925044601E-1,-7.338265198E-2,1.773843900E2
1.512170213E2,2.282233240E-2,6.783601129E-4,1.665992429E-3,9.997379184E-1,1.773845263E2,1.926332360E-1,-7.335700910E-2,1.773843987E2
1.512220213E2,2.281964027E-2,6.809628103E-4,1.666039927E-3,9.997379780E-1,1.773848348E2,1.926452867E-1,-7.365557273E-2,1.773847068E2
1.512270213E2,2.282237905E-2,6.794900983E-4,1.664892538E-3,9.997379184E-1,1.773845209E2,1.925101893E-1,-7.348932964E-2,1.773843932E2
1.512320213E2,2.281939592E-2,6.812531501E-4,1.669264864E-3,9.997379780E-1,1.773848629E2,1.930154831E-1,-7.368044825E-2,1.773847345E2
1.512370213E2,2.280840578E-2,6.882215384E-4,1.673811814E-3,9.997382164E-1,1.773861226E2,1.935537963E-1,-7.446899506E-2,1.773859925E2
1.512420213E2,2.280324744E-2,6.915864069E-4,1.671504462E-3,9.997383356E-1,1.773867138E2,1.932978712E-1,-7.486150807E-2,1.773865833E2
1.512470213E2,2.280874356E-2,6.887982017E-4,1.668964745E-3,9.997382164E-1,1.773860838E2,1.930000392E-1,-7.454766252E-2,1.773859540E2
1.512520213E2,2.281139175E-2,6.858950364E-4,1.669671154E-3,9.997381568E-1,1.773857803E2,1.930735742E-1,-7.421271340E-2,1.773856510E2
1.512570213E2,2.280866713E-2,6.878254353E-4,1.670409809E-3,9.997382164E-1,1.773860926E2,1.931630399E-1,-7.443245847E-2,1.773859629E2
1.512620213E2,2.280586033E-2,6.907758652E-4,1.671841601E-3,9.997382760E-1,1.773864143E2,1.933345716E-1,-7.476726480E-2,1.773862839E2
1.512670213E2,2.281115750E-2,6.863831077E-4,1.672668150E-3,9.997381568E-1,1.773858071E2,1.934181746E-1,-7.426083841E-2,1.773856775E2
1.512720213E2,2.281895631E-2,6.818623515E-4,1.675015781E-3,9.997379780E-1,1.773849132E2,1.936758802E-1,-7.373528559E-2,1.773847843E2
1.512770213E2,2.281648982E-2,6.822301657E-4,1.672888990E-3,9.997380376E-1,1.773851960E2,1.934330107E-1,-7.378346173E-2,1.773850671E2
1.512820213E2,2.282424860E-2,6.765516591E-4,1.676213345E-3,9.997378588E-1,1.773843066E2,1.937995738E-1,-7.312272678E-2,1.773841787E2
1.512870213E2,2.282646938E-2,6.749918684E-4,1.682140632E-3,9.997377992E-1,1.773840521E2,1.944746970E-1,-7.292809933E-2,1.773839240E2
1.512920213E2,2.283145245E-2,6.715090713E-4,1.686750213E-3,9.997376800E-1,1.773834809E2,1.949940296E-1,-7.251607477E-2,1.773833532E2
1.512970213E2,2.282373399E-2,6.782640121E-4,1.682516537E-3,9.997378588E-1,1.773843656E2,1.945261212E-1,-7.330251012E-2,1.773842369E2
1.513020213E2,2.282885333E-2,6.744219572E-4,1.685438794E-3,9.997377396E-1,1.773837788E2,1.948512237E-1,-7.285371727E-2,1.773836506E2
1.513070213E2,2.282862254E-2,6.746247527E-4,1.688480959E-3,9.997377396E-1,1.773838053E2,1.952002537E-1,-7.286903621E-2,1.773836768E2
1.513120213E2,2.282061040E-2,6.805363228E-4,1.688541030E-3,9.997379184E-1,1.773847236E2,1.952220128E-1,-7.354768222E-2,1.773845940E2
1.513170213E2,2.281307037E-2,6.841688300E-4,1.683080103E-3,9.997380972E-1,1.773855879E2,1.946053411E-1,-7.397957699E-2,1.773854579E2
1.513220213E2,2.282693069E-2,6.747817388E-4,1.675953623E-3,9.997377992E-1,1.773839992E2,1.937653853E-1,-7.292012144E-2,1.773838716E2
1.513270213E2,2.282365387E-2,6.780188414E-4,1.683701877E-3,9.997378588E-1,1.773843748E2,1.946612689E-1,-7.327133828E-2,1.773842460E2
1.513320213E2,2.281546894E-2,6.832356448E-4,1.686347881E-3,9.997380376E-1,1.773853130E2,1.949774416E-1,-7.386365900E-2,1.773851830E2
1.513370213E2,2.281856560E-2,6.808716571E-4,1.680731657E-3,9.997379780E-1,1.773849580E2,1.943280824E-1,-7.360691905E-2,1.773848289E2
1.513420213E2,2.282646355E-2,6.761753466E-4,1.681744354E-3,9.997377992E-1,1.773840527E2,1.944323944E-1,-7.306471816E-2,1.773839245E2
1.513470213E2,2.282093552E-2,6.797412643E-4,1.684462302E-3,9.997379184E-1,1.773846864E2,1.947526904E-1,-7.346720236E-2,1.773845572E2
1.513520213E2,2.281267826E-2,6.845105672E-4,1.688247896E-3,9.997380972E-1,1.773856328E2,1.951982381E-1,-7.400529324E-2,1.773855024E2
1.513570213E2,2.282369839E-2,6.784873549E-4,1.682909438E-3,9.997378588E-1,1.773843697E2,1.945717143E-1,-7.332707590E-2,1.773842409E2
1.513620213E2,2.283719865E-2,6.687526475E-4,1.680700807E-3,9.997375607E-1,1.773828223E2,1.942942005E-1,-7.221500567E-2,1.773826956E2
1.513670213E2,2.283455178E-2,6.705948617E-4,1.680475194E-3,9.997376204E-1,1.773831257E2,1.942729838E-1,-7.242715735E-2,1.773829986E2
1.513720213E2,2.282389980E-2,6.767797167E-4,1.680864254E-3,9.997378588E-1,1.773843466E2,1.943329620E-1,-7.313675631E-2,1.773842183E2
1.513770213E2,2.282404246E-2,6.781098200E-4,1.678389148E-3,9.997378588E-1,1.773843303E2,1.940528988E-1,-7.329558111E-2,1.773842018E2
1.513820213E2,2.282382359E-2,6.777865929E-4,1.681493246E-3,9.997378588E-1,1.773843553E2,1.944076487E-1,-7.325047526E-2,1.773842268E2
1.513870213E2,2.281597171E-2,6.822114810E-4,1.679948065E-3,9.997380376E-1,1.773852553E2,1.942416252E-1,-7.376296442E-2,1.773851260E2
1.513920213E2,2.281604432E-2,6.838779664E-4,1.678283559E-3,9.997380376E-1,1.773852470E2,1.940552991E-1,-7.395821762E-2,1.773851175E2
1.513970213E2,2.281883370E-2,6.803966826E-4,1.677280641E-3,9.997379780E-1,1.773849273E2,1.939315049E-1,-7.356147744E-2,1.773847985E2
1.514020213E2,2.282111733E-2,6.788132596E-4,1.682372065E-3,9.997379184E-1,1.773846655E2,1.945108149E-1,-7.336631974E-2,1.773845367E2
1.514070213E2,2.281555808E-2,6.835565437E-4,1.685011317E-3,9.997380376E-1,1.773853027E2,1.948251678E-1,-7.390389889E-2,1.773851728E2
1.514120213E2,2.281041124E-2,6.862010923E-4,1.682888600E-3,9.997381568E-1,1.773858927E2,1.945885183E-1,-7.421341441E-2,1.773857623E2
1.514170213E2,2.281549092E-2,6.836202811E-4,1.685894676E-3,9.997380376E-1,1.773853104E2,1.949265289E-1,-7.390890420E-2,1.773851804E2
1.514220213E2,2.281261097E-2,6.848869962E-4,1.689004363E-3,9.997380972E-1,1.773856406E2,1.952858796E-1,-7.404645307E-2,1.773855100E2
1.514270213E2,2.280749993E-2,6.886401097E-4,1.685939147E-3,9.997382164E-1,1.773862264E2,1.949441543E-1,-7.448542565E-2,1.773860953E2
1.514320213E2,2.281040844E-2,6.877143751E-4,1.682308852E-3,9.997381568E-1,1.773858930E2,1.945260571E-1,-7.438829451E-2,1.773857624E2
1.514370213E2,2.281041466E-2,6.859386922E-4,1.682949252E-3,9.997381568E-1,1.773858923E2,1.945947810E-1,-7.418319422E-2,1.773857620E2
1.514420213E2,2.281270685E-2,6.858412526E-4,1.687321346E-3,9.997380972E-1,1.773856296E2,1.950955720E-1,-7.416015535E-2,1.773854990E2
1.514470213E2,2.281025690E-2,6.872164086E-4,1.684565446E-3,9.997381568E-1,1.773859104E2,1.947832639E-1,-7.432537742E-2,1.773857797E2
1.514520213E2,2.281040651E-2,6.869220524E-4,1.682658680E-3,9.997381568E-1,1.773858932E2,1.945640626E-1,-7.429661068E-2,1.773857628E2
1.514570213E2,2.281285957E-2,6.852974766E-4,1.685476396E-3,9.997380972E-1,1.773856121E2,1.948828005E-1,-7.410265295E-2,1.773854817E2
1.514620213E2,2.280988168E-2,6.866145413E-4,1.689883298E-3,9.997381568E-1,1.773859534E2,1.953908862E-1,-7.424259904E-2,1.773858224E2
1.514670213E2,2.281546921E-2,6.835833774E-4,1.686203410E-3,9.997380376E-1,1.773853129E2,1.949617999E-1,-7.390387348E-2,1.773851829E2
1.514720213E2,2.280491705E-2,6.904651527E-4,1.684786985E-3,9.997382760E-1,1.773865224E2,1.948167379E-1,-7.469802021E-2,1.773863911E2
1.514770213E2,2.279662599E-2,6.968143280E-4,1.688268385E-3,9.997384548E-1,1.773874728E2,1.952315430E-1,-7.541791280E-2,1.773873399E2
1.514820213E2,2.279959159E-2,6.945201894E-4,1.684458344E-3,9.997383952E-1,1.773871329E2,1.947892862E-1,-7.516446822E-2,1.773870007E2
1.514870213E2,2.280753407E-2,6.888437201E-4,1.685394091E-3,9.997382164E-1,1.773862225E2,1.948822463E-1,-7.451016953E-2,1.773860914E2
1.514920213E2,2.280782663E-2,6.878254353E-4,1.681847032E-3,9.997382164E-1,1.773861889E2,1.944732483E-1,-7.440272717E-2,1.773860584E2
1.514970213E2,2.280233130E-2,6.930171512E-4,1.683367882E-3,9.997383356E-1,1.773868188E2,1.946606387E-1,-7.499459340E-2,1.773866871E2
1.515020213E2,2.279996213E-2,6.943059270E-4,1.679523964E-3,9.997383952E-1,1.773870904E2,1.942234617E-1,-7.515274242E-2,1.773869587E2
1.515070213E2,2.279726130E-2,6.960404571E-4,1.679988578E-3,9.997384548E-1,1.773874000E2,1.942810177E-1,-7.535076391E-2,1.773872679E2
1.515120213E2,2.279952533E-2,6.950719981E-4,1.685127383E-3,9.997383952E-1,1.773871404E2,1.948673695E-1,-7.522594918E-2,1.773870082E2
1.515170213E2,2.279654820E-2,6.956682773E-4,1.689790632E-3,9.997384548E-1,1.773874817E2,1.954029345E-1,-7.528265780E-2,1.773873490E2
1.515220213E2,2.278610550E-2,7.040831842E-4,1.686092233E-3,9.997386932E-1,1.773886786E2,1.950004276E-1,-7.625838194E-2,1.773885445E2
1.515270213E2,2.279397860E-2,6.985478103E-4,1.688001445E-3,9.997385144E-1,1.773877762E2,1.952052906E-1,-7.561771765E-2,1.773876430E2
1.515320213E2,2.279069219E-2,6.991901901E-4,1.696786145E-3,9.997385740E-1,1.773881529E2,1.962131131E-1,-7.566900790E-2,1.773880189E2
1.515370213E2,2.278530510E-2,7.041929639E-4,1.696828753E-3,9.997386932E-1,1.773887704E2,1.962306509E-1,-7.624308001E-2,1.773886354E2
1.515420213E2,2.277750923E-2,7.085503894E-4,1.694325591E-3,9.997388721E-1,1.773896640E2,1.959546640E-1,-7.675033806E-2,1.773895283E2
1.515470213E2,2.277782047E-2,7.085856050E-4,1.690121484E-3,9.997388721E-1,1.773896283E2,1.954731487E-1,-7.676528534E-2,1.773894930E2
1.515520213E2,2.278537968E-2,7.033487200E-4,1.696177409E-3,9.997386932E-1,1.773887618E2,1.961538326E-1,-7.614804815E-2,1.773886271E2
1.515570213E2,2.278284181E-2,7.047537365E-4,1.694552251E-3,9.997387528E-1,1.773890527E2,1.959711265E-1,-7.631375018E-2,1.773889178E2
1.515620213E2,2.278054160E-2,7.073865272E-4,1.689205877E-3,9.997388124E-1,1.773893164E2,1.953653332E-1,-7.662977521E-2,1.773891814E2
1.515670213E2,2.277522276E-2,7.107637939E-4,1.688956632E-3,9.997389317E-1,1.773899260E2,1.953451870E-1,-7.701837050E-2,1.773897904E2
1.515720213E2,2.276959690E-2,7.146346616E-4,1.692610211E-3,9.997390509E-1,1.773905709E2,1.957734166E-1,-7.745338951E-2,1.773904342E2
1.515770213E2,2.276949554E-2,7.151159807E-4,1.693770057E-3,9.997390509E-1,1.773905825E2,1.959075392E-1,-7.750552368E-2,1.773904456E2
1.515820213E2,2.276971947E-2,7.141043898E-4,1.691184589E-3,9.997390509E-1,1.773905568E2,1.956087201E-1,-7.739633663E-2,1.773904203E2
1.515870213E2,2.277534574E-2,7.104557008E-4,1.687427284E-3,9.997389317E-1,1.773899119E2,1.951691870E-1,-7.698704240E-2,1.773897764E2
1.515920213E2,2.276956625E-2,7.141508395E-4,1.693226630E-3,9.997390509E-1,1.773905744E2,1.958427699E-1,-7.739635959E-2,1.773904377E2
1.515970213E2,2.275370027E-2,7.248149486E-4,1.690820325E-3,9.997394085E-1,1.773923930E2,1.955936800E-1,-7.862744106E-2,1.773922544E2
1.516020213E2,2.276699220E-2,7.157742511E-4,1.691960497E-3,9.997391105E-1,1.773908694E2,1.957017558E-1,-7.758614804E-2,1.773907325E2
1.516070213E2,2.276668244E-2,7.172204787E-4,1.695512445E-3,9.997391105E-1,1.773909049E2,1.961124240E-1,-7.774262391E-2,1.773907675E2
1.516120213E2,2.275071047E-2,7.273546071E-4,1.694714185E-3,9.997394681E-1,1.773927357E2,1.960461558E-1,-7.890882172E-2,1.773925962E2
1.516170213E2,2.274523300E-2,7.322721649E-4,1.695796149E-3,9.997395873E-1,1.773933635E2,1.961824949E-1,-7.947043974E-2,1.773932230E2
1.516220213E2,2.275856472E-2,7.229302428E-4,1.696633757E-3,9.997392893E-1,1.773918354E2,1.962551457E-1,-7.839541228E-2,1.773916967E2
1.516270213E2,2.275325491E-2,7.261066348E-4,1.696250634E-3,9.997394085E-1,1.773924440E2,1.962191212E-1,-7.876134663E-2,1.773923047E2
1.516320213E2,2.274803072E-2,7.292598020E-4,1.694705919E-3,9.997395277E-1,1.773930428E2,1.960499645E-1,-7.912763124E-2,1.773929030E2
1.516370213E2,2.274508993E-2,7.319741417E-4,1.697842497E-3,9.997395873E-1,1.773933799E2,1.964161407E-1,-7.943099186E-2,1.773932393E2
1.516420213E2,2.274224893E-2,7.327790954E-4,1.700453344E-3,9.997396469E-1,1.773937055E2,1.967171173E-1,-7.951696253E-2,1.773935646E2
1.516470213E2,2.273691168E-2,7.364369812E-4,1.700160094E-3,9.997397661E-1,1.773943173E2,1.966926294E-1,-7.993783076E-2,1.773941756E2
1.516520213E2,2.273982551E-2,7.356448332E-4,1.696578111E-3,9.997397065E-1,1.773939833E2,1.962804381E-1,-7.985584201E-2,1.773938421E2
1.516570213E2,2.274008672E-2,7.351026870E-4,1.693308819E-3,9.997397065E-1,1.773939534E2,1.959045089E-1,-7.980220117E-2,1.773938125E2
1.516620213E2,2.274217621E-2,7.341086166E-4,1.700852416E-3,9.997396469E-1,1.773937139E2,1.967662954E-1,-7.966824908E-2,1.773935726E2
1.516670213E2,2.274469402E-2,7.324210601E-4,1.702945912E-3,9.997395873E-1,1.773934253E2,1.970019325E-1,-7.946896738E-2,1.773932842E2
1.516720213E2,2.274781871E-2,7.295462419E-4,1.697426196E-3,9.997395277E-1,1.773930671E2,1.963623353E-1,-7.915339652E-2,1.773929270E2
1.516770213E2,2.275038375E-2,7.278589765E-4,1.698878594E-3,9.997394681E-1,1.773927731E2,1.965245288E-1,-7.895581001E-2,1.773926333E2
1.516820213E2,2.275284709E-2,7.267845212E-4,1.701422734E-3,9.997394085E-1,1.773924908E2,1.968133836E-1,-7.882560064E-2,1.773923509E2
1.516870213E2,2.274471823E-2,7.307212218E-4,1.703352667E-3,9.997395873E-1,1.773934225E2,1.970441021E-1,-7.927316592E-2,1.773932817E2
1.516920213E2,2.274757393E-2,7.301786100E-4,1.700432040E-3,9.997395277E-1,1.773930952E2,1.967083205E-1,-7.921805408E-2,1.773929547E2
1.516970213E2,2.275849152E-2,7.225128938E-4,1.697793021E-3,9.997392893E-1,1.773918438E2,1.963868591E-1,-7.834459099E-2,1.773917051E2
1.517020213E2,2.275556759E-2,7.243821747E-4,1.701087458E-3,9.997393489E-1,1.773921789E2,1.967689228E-1,-7.855072239E-2,1.773920396E2
1.517070213E2,2.274172914E-2,7.333002868E-4,1.707167015E-3,9.997396469E-1,1.773937651E2,1.974875672E-1,-7.955927654E-2,1.773936235E2
1.517120213E2,2.275830599E-2,7.218652754E-4,1.700553228E-3,9.997392893E-1,1.773918651E2,1.967013706E-1,-7.826323638E-2,1.773917263E2
1.517170213E2,2.276375946E-2,7.188030286E-4,1.698939712E-3,9.997391701E-1,1.773912400E2,1.965089604E-1,-7.791555629E-2,1.773911019E2
1.517220213E2,2.275533080E-2,7.241320563E-4,1.704358263E-3,9.997393489E-1,1.773922061E2,1.971429623E-1,-7.851358568E-2,1.773920665E2
1.517270213E2,2.275005564E-2,7.273516385E-4,1.703483402E-3,9.997394681E-1,1.773928107E2,1.970507167E-1,-7.888574774E-2,1.773926706E2
1.517320213E2,2.275044113E-2,7.285689353E-4,1.697805477E-3,9.997394681E-1,1.773927665E2,1.964034459E-1,-7.903993063E-2,1.773926266E2
1.517370213E2,2.274498949E-2,7.311202353E-4,1.699555083E-3,9.997395873E-1,1.773933914E2,1.966101043E-1,-7.932872267E-2,1.773932508E2
1.517420213E2,2.273368317E-2,7.383059128E-4,1.707457821E-3,9.997398257E-1,1.773946874E2,1.975332844E-1,-8.013356181E-2,1.773945447E2
1.517470213E2,2.273110512E-2,7.403884083E-4,1.705979230E-3,9.997398853E-1,1.773949829E2,1.973691125E-1,-8.037649727E-2,1.773948399E2
1.517520213E2,2.274475678E-2,7.311546942E-4,1.702651847E-3,9.997395873E-1,1.773934181E2,1.969649476E-1,-7.932464439E-2,1.773932773E2
1.517570213E2,2.274443193E-2,7.313466049E-4,1.706903568E-3,9.997395873E-1,1.773934553E2,1.974525084E-1,-7.933561205E-2,1.773933141E2
1.517620213E2,2.273882305E-2,7.346258499E-4,1.710399403E-3,9.997397065E-1,1.773940982E2,1.978610999E-1,-7.970328644E-2,1.773939561E2
1.517670213E2,2.272840546E-2,7.418771274E-4,1.706371899E-3,9.997399449E-1,1.773952923E2,1.974177585E-1,-8.054655783E-2,1.773951490E2
1.517720213E2,2.272855209E-2,7.420284091E-4,1.704351860E-3,9.997399449E-1,1.773952755E2,1.971867443E-1,-8.056912147E-2,1.773951323E2
1.517770213E2,2.272031017E-2,7.480009808E-4,1.706741634E-3,9.997401237E-1,1.773962202E2,1.974754103E-1,-8.124875357E-2,1.773960756E2
1.517820213E2,2.272304676E-2,7.460879860E-4,1.706060837E-3,9.997400641E-1,1.773959065E2,1.973926571E-1,-8.103082966E-2,1.773957624E2
1.517870213E2,2.272872281E-2,7.417400484E-4,1.702199341E-3,9.997399449E-1,1.773952559E2,1.969394095E-1,-8.054165927E-2,1.773951130E2
1.517920213E2,2.272317034E-2,7.458562031E-4,1.704515540E-3,9.997400641E-1,1.773958923E2,1.972150309E-1,-8.100827579E-2,1.773957484E2
1.517970213E2,2.271758082E-2,7.499318453E-4,1.707311487E-3,9.997401834E-1,1.773965330E2,1.975454995E-1,-8.146901253E-2,1.773963881E2
1.518020213E2,2.272568314E-2,7.452521822E-4,1.706238021E-3,9.997400045E-1,1.773956043E2,1.974109925E-1,-8.093409647E-2,1.773954604E2
1.518070213E2,2.271800620E-2,7.502718945E-4,1.701491885E-3,9.997401834E-1,1.773964843E2,1.968797130E-1,-8.152303612E-2,1.773963397E2
1.518120213E2,2.270686378E-2,7.570538437E-4,1.707126852E-3,9.997404218E-1,1.773977614E2,1.975420086E-1,-8.228752004E-2,1.773976150E2
1.518170213E2,2.271445038E-2,7.517373306E-4,1.713255653E-3,9.997402430E-1,1.773968918E2,1.982309217E-1,-8.166099794E-2,1.773967460E2
1.518220213E2,2.272040484E-2,7.484696689E-4,1.705275266E-3,9.997401237E-1,1.773962093E2,1.973086482E-1,-8.130624664E-2,1.773960648E2
1.518270213E2,2.272315447E-2,7.464177907E-4,1.704481314E-3,9.997400641E-1,1.773958942E2,1.972125711E-1,-8.107270453E-2,1.773957501E2
1.518320213E2,2.272588183E-2,7.452212158E-4,1.703603193E-3,9.997400045E-1,1.773955816E2,1.971090762E-1,-8.093737166E-2,1.773954378E2
1.518370213E2,2.272326435E-2,7.460363558E-4,1.703182934E-3,9.997400641E-1,1.773958816E2,1.970628413E-1,-8.103236603E-2,1.773957377E2
1.518420213E2,2.272079022E-2,7.486040704E-4,1.700073713E-3,9.997401237E-1,1.773961652E2,1.967131280E-1,-8.133511145E-2,1.773960210E2
1.518470213E2,2.272121125E-2,7.484580274E-4,1.694501843E-3,9.997401237E-1,1.773961169E2,1.960744561E-1,-8.133280573E-2,1.773959733E2
1.518520213E2,2.273195386E-2,7.408691454E-4,1.694422215E-3,9.997398853E-1,1.773948856E2,1.960464362E-1,-8.046151026E-2,1.773947435E2
1.518570213E2,2.272941653E-2,7.416895824E-4,1.692933147E-3,9.997399449E-1,1.773951764E2,1.958777783E-1,-8.055987722E-2,1.773950342E2
1.518620213E2,2.273456474E-2,7.389002712E-4,1.695420477E-3,9.997398257E-1,1.773945863E2,1.961558793E-1,-8.023283972E-2,1.773944445E2
1.518670213E2,2.273723765E-2,7.368088118E-4,1.695633633E-3,9.997397661E-1,1.773942799E2,1.961750633E-1,-7.999215853E-2,1.773941385E2
1.518720213E2,2.274235809E-2,7.328163483E-4,1.698976732E-3,9.997396469E-1,1.773936930E2,1.965480592E-1,-7.952505719E-2,1.773935522E2
1.518770213E2,2.273960003E-2,7.342828903E-4,1.700186403E-3,9.997397065E-1,1.773940092E2,1.966902445E-1,-7.969045679E-2,1.773938679E2
1.518820213E2,2.273973714E-2,7.351195090E-4,1.697989646E-3,9.997397065E-1,1.773939934E2,1.964407706E-1,-7.979199893E-2,1.773938522E2
1.518870213E2,2.274506518E-2,7.311988738E-4,1.698508044E-3,9.997395873E-1,1.773933827E2,1.964903642E-1,-7.934044590E-2,1.773932422E2
1.518920213E2,2.275066516E-2,7.279174752E-4,1.695080777E-3,9.997394681E-1,1.773927409E2,1.960896175E-1,-7.897235799E-2,1.773926013E2
1.518970213E2,2.275394195E-2,7.247864269E-4,1.687577111E-3,9.997394085E-1,1.773923653E2,1.952220751E-1,-7.863258313E-2,1.773922269E2
1.519020213E2,2.274818421E-2,7.296787226E-4,1.692463760E-3,9.997395277E-1,1.773930252E2,1.957942023E-1,-7.918143849E-2,1.773928855E2
1.519070213E2,2.274784204E-2,7.297191769E-4,1.697039232E-3,9.997395277E-1,1.773930645E2,1.963184565E-1,-7.917421243E-2,1.773929244E2
1.519120213E2,2.275601914E-2,7.247199537E-4,1.694891718E-3,9.997393489E-1,1.773921272E2,1.960600421E-1,-7.860548727E-2,1.773919883E2
1.519170213E2,2.275107435E-2,7.267908659E-4,1.690064673E-3,9.997394681E-1,1.773926940E2,1.955120566E-1,-7.885628950E-2,1.773925550E2
1.519220213E2,2.274588267E-2,7.315173279E-4,1.687387121E-3,9.997395873E-1,1.773932890E2,1.952172224E-1,-7.940575603E-2,1.773931494E2
1.519270213E2,2.274555149E-2,7.306743646E-4,1.692209742E-3,9.997395873E-1,1.773933270E2,1.957674884E-1,-7.929667872E-2,1.773931871E2
1.519320213E2,2.275610091E-2,7.244848530E-4,1.693894155E-3,9.997393489E-1,1.773921178E2,1.959451524E-1,-7.858113913E-2,1.773919790E2
1.519370213E2,2.274550412E-2,7.307247724E-4,1.692824531E-3,9.997395873E-1,1.773933324E2,1.958380477E-1,-7.930086031E-2,1.773931925E2
1.519420213E2,2.274829284E-2,7.293430390E-4,1.691147918E-3,9.997395277E-1,1.773930128E2,1.956425900E-1,-7.914639099E-2,1.773928732E2
1.519470213E2,2.275098669E-2,7.278837729E-4,1.690774225E-3,9.997394681E-1,1.773927040E2,1.955961872E-1,-7.897966204E-2,1.773925648E2
1.519520213E2,2.274825950E-2,7.288313354E-4,1.691816840E-3,9.997395277E-1,1.773930166E2,1.957178865E-1,-7.908603204E-2,1.773928771E2
1.519570213E2,2.275348081E-2,7.259870763E-4,1.693269005E-3,9.997394085E-1,1.773924181E2,1.958772454E-1,-7.875538006E-2,1.773922791E2
1.519620213E2,2.276176647E-2,7.207493181E-4,1.689718338E-3,9.997392297E-1,1.773914684E2,1.954574623E-1,-7.816297179E-2,1.773913307E2
1.519670213E2,2.275900115E-2,7.220574189E-4,1.691142214E-3,9.997392893E-1,1.773917854E2,1.956237804E-1,-7.830965707E-2,1.773916473E2
1.519720213E2,2.274573438E-2,7.302874583E-4,1.689916826E-3,9.997395873E-1,1.773933060E2,1.955038129E-1,-7.925829498E-2,1.773931664E2
1.519770213E2,2.275935336E-2,7.226669113E-4,1.686134492E-3,9.997392893E-1,1.773917450E2,1.950517026E-1,-7.839247365E-2,1.773916072E2
1.519820213E2,2.275946953E-2,7.219316321E-4,1.684880932E-3,9.997392893E-1,1.773917317E2,1.949061833E-1,-7.831148565E-2,1.773915941E2
1.519870213E2,2.274357515E-2,7.320424193E-4,1.682942733E-3,9.997396469E-1,1.773935535E2,1.947092491E-1,-7.947794571E-2,1.773934141E2
1.519920213E2,2.273575215E-2,7.386721554E-4,1.679522451E-3,9.997398257E-1,1.773944502E2,1.943340676E-1,-8.024789522E-2,1.773943097E2
1.519970213E2,2.274074873E-2,7.351030363E-4,1.684394665E-3,9.997397065E-1,1.773938775E2,1.948833378E-1,-7.982534212E-2,1.773937373E2
1.520020213E2,2.274861879E-2,7.294163806E-4,1.686725882E-3,9.997395277E-1,1.773929754E2,1.951362091E-1,-7.916625735E-2,1.773928362E2
1.520070213E2,2.274619130E-2,7.317081909E-4,1.683138660E-3,9.997395873E-1,1.773932537E2,1.947310316E-1,-7.943863568E-2,1.773931143E2
1.520120213E2,2.274097453E-2,7.353475085E-4,1.681236550E-3,9.997397065E-1,1.773938516E2,1.945221926E-1,-7.986153553E-2,1.773937117E2
1.520170213E2,2.274646617E-2,7.303791936E-4,1.679998357E-3,9.997395873E-1,1.773932222E2,1.943678289E-1,-7.929451567E-2,1.773930833E2
1.520220213E2,2.275145211E-2,7.277088007E-4,1.684575458E-3,9.997394681E-1,1.773926507E2,1.948856237E-1,-7.897568770E-2,1.773925120E2
1.520270213E2,2.274889219E-2,7.295937394E-4,1.682957634E-3,9.997395277E-1,1.773929441E2,1.947049946E-1,-7.919634624E-2,1.773928051E2
1.520320213E2,2.274639774E-2,7.312136586E-4,1.680561691E-3,9.997395873E-1,1.773932300E2,1.944345356E-1,-7.938865833E-2,1.773930909E2
1.520370213E2,2.275192105E-2,7.274342352E-4,1.678349101E-3,9.997394681E-1,1.773925969E2,1.941716400E-1,-7.896037569E-2,1.773924588E2
1.520420213E2,2.275448636E-2,7.249970222E-4,1.680129673E-3,9.997394085E-1,1.773923029E2,1.943694728E-1,-7.867602303E-2,1.773921651E2
1.520470213E2,2.275428189E-2,7.262708386E-4,1.682347269E-3,9.997394085E-1,1.773923263E2,1.946268311E-1,-7.881621084E-2,1.773921881E2
1.520520213E2,2.275964628E-2,7.226631278E-4,1.682177652E-3,9.997392893E-1,1.773917114E2,1.945984117E-1,-7.840230331E-2,1.773915739E2
1.520570213E2,2.276249624E-2,7.201245753E-4,1.680126763E-3,9.997392297E-1,1.773913848E2,1.943570585E-1,-7.811627743E-2,1.773912479E2
1.520620213E2,2.274629319E-2,7.302666781E-4,1.682387548E-3,9.997395873E-1,1.773932420E2,1.946412328E-1,-7.927543149E-2,1.773931029E2
1.520670213E2,2.274881555E-2,7.287665503E-4,1.684351475E-3,9.997395277E-1,1.773929529E2,1.948625133E-1,-7.909796324E-2,1.773928140E2
1.520720213E2,2.275974108E-2,7.217424572E-4,1.681290101E-3,9.997392893E-1,1.773917006E2,1.944943380E-1,-7.829912617E-2,1.773915633E2
1.520770213E2,2.276229607E-2,7.190234028E-4,1.683307346E-3,9.997392297E-1,1.773914077E2,1.947185445E-1,-7.798186754E-2,1.773912708E2
1.520820213E2,2.275648287E-2,7.243087166E-4,1.688830438E-3,9.997393489E-1,1.773920740E2,1.953646129E-1,-7.857409116E-2,1.773919357E2
1.520870213E2,2.276959905E-2,7.140506641E-4,1.692827791E-3,9.997390509E-1,1.773905706E2,1.957968192E-1,-7.738591761E-2,1.773904340E2
1.520920213E2,2.276664462E-2,7.157708751E-4,1.696632477E-3,9.997391105E-1,1.773909093E2,1.962369518E-1,-7.757364009E-2,1.773907720E2
1.520970213E2,2.276133276E-2,7.202330162E-4,1.695770072E-3,9.997392297E-1,1.773915181E2,1.961493810E-1,-7.808812281E-2,1.773913800E2
1.521020213E2,2.276129023E-2,7.200210821E-4,1.696430729E-3,9.997392297E-1,1.773915230E2,1.962245111E-1,-7.806212836E-2,1.773913849E2
1.521070213E2,2.276928030E-2,7.141719107E-4,1.697058673E-3,9.997390509E-1,1.773906072E2,1.962818097E-1,-7.738883057E-2,1.773904702E2
1.521120213E2,2.277687071E-2,7.096154150E-4,1.702444279E-3,9.997388721E-1,1.773897371E2,1.968874889E-1,-7.685128312E-2,1.773896007E2
1.521170213E2,2.277127763E-2,7.141092792E-4,1.705378643E-3,9.997389913E-1,1.773903782E2,1.972349540E-1,-7.735955199E-2,1.773902406E2
1.521220213E2,2.277395995E-2,7.120580995E-4,1.705360133E-3,9.997389317E-1,1.773900708E2,1.972276872E-1,-7.712408449E-2,1.773899336E2
1.521270213E2,2.277161015E-2,7.126043784E-4,1.701563830E-3,9.997389913E-1,1.773903401E2,1.967940191E-1,-7.719703744E-2,1.773902031E2
1.521320213E2,2.277681397E-2,7.102491800E-4,1.702939044E-3,9.997388721E-1,1.773897437E2,1.969458202E-1,-7.692260806E-2,1.773896070E2
1.521370213E2,2.277639836E-2,7.089950377E-4,1.709009521E-3,9.997388721E-1,1.773897913E2,1.976379609E-1,-7.676316859E-2,1.773896544E2
1.521420213E2,2.277383059E-2,7.118641515E-4,1.707167597E-3,9.997389317E-1,1.773900856E2,1.974342378E-1,-7.709717384E-2,1.773899483E2
1.521470213E2,2.277124787E-2,7.127207355E-4,1.706356648E-3,9.997389913E-1,1.773903816E2,1.973433702E-1,-7.719793179E-2,1.773902442E2
1.521520213E2,2.278189464E-2,7.067624247E-4,1.706408337E-3,9.997387528E-1,1.773891613E2,1.973345565E-1,-7.651310121E-2,1.773890251E2
1.521570213E2,2.278447679E-2,7.046287647E-4,1.707735355E-3,9.997386932E-1,1.773888653E2,1.974812084E-1,-7.626469099E-2,1.773887294E2
1.521620213E2,2.278172511E-2,7.052111905E-4,1.709311036E-3,9.997387528E-1,1.773891807E2,1.976630325E-1,-7.632784452E-2,1.773890446E2
1.521670213E2,2.278140088E-2,7.053447771E-4,1.713571954E-3,9.997387528E-1,1.773892179E2,1.981514960E-1,-7.633208857E-2,1.773890814E2
1.521720213E2,2.278393688E-2,7.045556558E-4,1.714953571E-3,9.997386932E-1,1.773889272E2,1.983079099E-1,-7.623757550E-2,1.773887908E2
1.521770213E2,2.277625988E-2,7.097043563E-4,1.710559940E-3,9.997388721E-1,1.773898072E2,1.978174211E-1,-7.684040993E-2,1.773896700E2
1.521820213E2,2.277882388E-2,7.075494505E-4,1.712146099E-3,9.997388124E-1,1.773895133E2,1.979937060E-1,-7.658889246E-2,1.773893765E2
1.521870213E2,2.278660430E-2,7.020301418E-4,1.715296065E-3,9.997386336E-1,1.773886215E2,1.983407546E-1,-7.594682498E-2,1.773884855E2
1.521920213E2,2.277853925E-2,7.078761118E-4,1.715793973E-3,9.997388124E-1,1.773895459E2,1.984124450E-1,-7.661684941E-2,1.773894087E2
1.521970213E2,2.276490192E-2,7.173384656E-4,1.719204243E-3,9.997391105E-1,1.773911090E2,1.988267757E-1,-7.769468260E-2,1.773909697E2
1.522020213E2,2.277328948E-2,7.112555322E-4,1.714623417E-3,9.997389317E-1,1.773901476E2,1.982867618E-1,-7.700809828E-2,1.773900099E2
1.522070213E2,2.279420551E-2,6.980169564E-4,1.720152330E-3,9.997384548E-1,1.773877502E2,1.988871914E-1,-7.547287453E-2,1.773876147E2
1.522120213E2,2.279133362E-2,6.992974086E-4,1.723041991E-3,9.997385144E-1,1.773880794E2,1.992213648E-1,-7.561258924E-2,1.773879434E2
1.522170213E2,2.278095721E-2,7.061231881E-4,1.719140681E-3,9.997387528E-1,1.773892687E2,1.987914593E-1,-7.640681459E-2,1.773891317E2
1.522220213E2,2.279159398E-2,6.991149858E-4,1.719668740E-3,9.997385144E-1,1.773880495E2,1.988344615E-1,-7.560044917E-2,1.773879139E2
1.522270213E2,2.280536037E-2,6.895862753E-4,1.714257291E-3,9.997382164E-1,1.773864716E2,1.981906508E-1,-7.452022937E-2,1.773863383E2
1.522320213E2,2.280021204E-2,6.940484745E-4,1.711414778E-3,9.997383356E-1,1.773870617E2,1.978762833E-1,-7.503987381E-2,1.773869277E2
1.522370213E2,2.278992904E-2,6.998617901E-4,1.706730342E-3,9.997385740E-1,1.773882404E2,1.973540369E-1,-7.572012630E-2,1.773881055E2
1.522420213E2,2.279820223E-2,6.956462748E-4,1.702699694E-3,9.997383952E-1,1.773872921E2,1.968818897E-1,-7.524608741E-2,1.773871584E2
1.522470213E2,2.279293960E-2,6.977677112E-4,1.702293521E-3,9.997385144E-1,1.773878953E2,1.968405034E-1,-7.549121995E-2,1.773877612E2
1.522520213E2,2.279307965E-2,6.986781373E-4,1.700043329E-3,9.997385144E-1,1.773878793E2,1.965851058E-1,-7.560136985E-2,1.773877451E2
1.522570213E2,2.278780291E-2,7.026967360E-4,1.699022716E-3,9.997386336E-1,1.773884841E2,1.964782785E-1,-7.606545001E-2,1.773883492E2
1.522620213E2,2.278531821E-2,7.030219422E-4,1.697138301E-3,9.997386932E-1,1.773887689E2,1.962630563E-1,-7.610811497E-2,1.773886341E2
1.522670213E2,2.278804879E-2,7.025380037E-4,1.695787418E-3,9.997386336E-1,1.773884559E2,1.961072403E-1,-7.605566590E-2,1.773883213E2
1.522720213E2,2.277978550E-2,7.077007904E-4,1.699240995E-3,9.997388124E-1,1.773894031E2,1.965157395E-1,-7.663972870E-2,1.773892672E2
1.522770213E2,2.277963171E-2,7.071544533E-4,1.701528672E-3,9.997388124E-1,1.773894207E2,1.967763824E-1,-7.657119767E-2,1.773892848E2
1.522820213E2,2.279849881E-2,6.944427150E-4,1.699216315E-3,9.997383952E-1,1.773872581E2,1.964797043E-1,-7.511724810E-2,1.773871249E2
1.522870213E2,2.278805397E-2,7.016302552E-4,1.696093590E-3,9.997386336E-1,1.773884553E2,1.961399457E-1,-7.595087216E-2,1.773883209E2
1.522920213E2,2.277992425E-2,7.082889788E-4,1.697134576E-3,9.997388124E-1,1.773893871E2,1.962759700E-1,-7.671258414E-2,1.773892513E2
1.522970213E2,2.279860423E-2,6.941630272E-4,1.697915723E-3,9.997383952E-1,1.773872460E2,1.963299830E-1,-7.508858390E-2,1.773871130E2
1.523020213E2,2.280652386E-2,6.895645638E-4,1.698716893E-3,9.997382164E-1,1.773863383E2,1.964103419E-1,-7.455812737E-2,1.773862061E2
1.523070213E2,2.279281863E-2,6.992538110E-4,1.703303074E-3,9.997385144E-1,1.773879092E2,1.969600329E-1,-7.565885684E-2,1.773877747E2
1.523120213E2,2.277960505E-2,7.066871040E-4,1.702079666E-3,9.997388124E-1,1.773894237E2,1.968382832E-1,-7.651622423E-2,1.773892879E2
1.523170213E2,2.279557069E-2,6.967017544E-4,1.702504116E-3,9.997384548E-1,1.773875937E2,1.968620434E-1,-7.536803401E-2,1.773874598E2
1.523220213E2,2.279839997E-2,6.946554640E-4,1.700455090E-3,9.997383952E-1,1.773872694E2,1.966221694E-1,-7.513840392E-2,1.773871361E2
1.523270213E2,2.278249804E-2,7.063361700E-4,1.698510605E-3,9.997387528E-1,1.773890921E2,1.964287093E-1,-7.648476923E-2,1.773889566E2
1.523320213E2,2.279086306E-2,7.002894417E-4,1.694035484E-3,9.997385740E-1,1.773881333E2,1.959008759E-1,-7.580209057E-2,1.773879993E2
1.523370213E2,2.280169033E-2,6.926449714E-4,1.692180173E-3,9.997383356E-1,1.773868923E2,1.956691716E-1,-7.492905402E-2,1.773867600E2
1.523420213E2,2.279068696E-2,7.009292603E-4,1.696138643E-3,9.997385740E-1,1.773881535E2,1.961434760E-1,-7.586993080E-2,1.773880192E2
1.523470213E2,2.278501066E-2,7.030545385E-4,1.701248810E-3,9.997386932E-1,1.773888041E2,1.967340263E-1,-7.610117665E-2,1.773886691E2
1.523520213E2,2.279086375E-2,6.993261050E-4,1.694424078E-3,9.997385740E-1,1.773881332E2,1.959428779E-1,-7.569071406E-2,1.773879994E2
1.523570213E2,2.278806885E-2,7.027857937E-4,1.695415122E-3,9.997386336E-1,1.773884536E2,1.960652380E-1,-7.608502143E-2,1.773883190E2
1.523620213E2,2.277997795E-2,7.076709880E-4,1.696671476E-3,9.997388124E-1,1.773893810E2,1.962213070E-1,-7.664298448E-2,1.773892453E2
1.523670213E2,2.278558471E-2,7.031149580E-4,1.693517901E-3,9.997386932E-1,1.773887383E2,1.958485591E-1,-7.612817220E-2,1.773886038E2
1.523720213E2,2.278835897E-2,7.017414900E-4,1.691944664E-3,9.997386336E-1,1.773884203E2,1.956649500E-1,-7.597439046E-2,1.773882862E2
1.523770213E2,2.278313522E-2,7.056352915E-4,1.690234989E-3,9.997387528E-1,1.773890191E2,1.954788564E-1,-7.642595699E-2,1.773888843E2
1.523820213E2,2.278016984E-2,7.073584129E-4,1.694223727E-3,9.997388124E-1,1.773893590E2,1.959400865E-1,-7.661352767E-2,1.773892236E2
1.523870213E2,2.278284942E-2,7.058556075E-4,1.693991246E-3,9.997387528E-1,1.773890519E2,1.959097343E-1,-7.644144558E-2,1.773889168E2
1.523920213E2,2.278533501E-2,7.039213669E-4,1.696539810E-3,9.997386932E-1,1.773887670E2,1.961968420E-1,-7.621271402E-2,1.773886321E2
1.523970213E2,2.278260934E-2,7.056471659E-4,1.697303727E-3,9.997387528E-1,1.773890794E2,1.962886564E-1,-7.640896487E-2,1.773889441E2
1.524020213E2,2.278542446E-2,7.030742709E-4,1.695689512E-3,9.997386932E-1,1.773887567E2,1.960972249E-1,-7.611787199E-2,1.773886220E2
1.524070213E2,2.278528463E-2,7.037061150E-4,1.697305590E-3,9.997386932E-1,1.773887727E2,1.962840054E-1,-7.618606473E-2,1.773886378E2
1.524120213E2,2.277949794E-2,7.080993964E-4,1.702925889E-3,9.997388124E-1,1.773894360E2,1.969389072E-1,-7.667583086E-2,1.773892998E2
1.524170213E2,2.277955391E-2,7.069334388E-4,1.702661626E-3,9.997388124E-1,1.773894296E2,1.969055929E-1,-7.654293563E-2,1.773892936E2
1.524220213E2,2.278498290E-2,7.046435494E-4,1.700963243E-3,9.997386932E-1,1.773888073E2,1.967054586E-1,-7.628396748E-2,1.773886719E2
1.524270213E2,2.278234353E-2,7.063350058E-4,1.700582332E-3,9.997387528E-1,1.773891098E2,1.966660358E-1,-7.647925735E-2,1.773889742E2
1.524320213E2,2.278780226E-2,7.014461444E-4,1.699548098E-3,9.997386336E-1,1.773884842E2,1.965352012E-1,-7.592080830E-2,1.773883495E2
1.524370213E2,2.279045544E-2,6.997084711E-4,1.699749846E-3,9.997385740E-1,1.773881800E2,1.965539765E-1,-7.572068910E-2,1.773880458E2
1.524420213E2,2.278251709E-2,7.054675370E-4,1.698616077E-3,9.997387528E-1,1.773890900E2,1.964385258E-1,-7.638497808E-2,1.773889546E2
1.524470213E2,2.278287248E-2,7.048145053E-4,1.694114530E-3,9.997387528E-1,1.773890492E2,1.959211413E-1,-7.632184878E-2,1.773889143E2
1.524520213E2,2.278786941E-2,7.020134944E-4,1.698413165E-3,9.997386336E-1,1.773884765E2,1.964066678E-1,-7.598875547E-2,1.773883418E2
1.524570213E2,2.278499431E-2,7.042791112E-4,1.700961380E-3,9.997386932E-1,1.773888060E2,1.967042944E-1,-7.624221946E-2,1.773886707E2
1.524620213E2,2.278000615E-2,7.079371135E-4,1.696181833E-3,9.997388124E-1,1.773893778E2,1.961659095E-1,-7.667474495E-2,1.773892421E2
1.524670213E2,2.278269215E-2,7.051448920E-4,1.696400577E-3,9.997387528E-1,1.773890699E2,1.961838845E-1,-7.635376525E-2,1.773889348E2
1.524720213E2,2.278503790E-2,7.037194446E-4,1.700608991E-3,9.997386932E-1,1.773888010E2,1.966624658E-1,-7.617901467E-2,1.773886659E2
1.524770213E2,2.277972762E-2,7.077959017E-4,1.699977205E-3,9.997388124E-1,1.773894097E2,1.966003251E-1,-7.664871431E-2,1.773892738E2
1.524820213E2,2.277961498E-2,7.074809400E-4,1.701616915E-3,9.997388124E-1,1.773894226E2,1.967873427E-1,-7.660837347E-2,1.773892866E2
1.524870213E2,2.278755117E-2,7.024058723E-4,1.702515758E-3,9.997386336E-1,1.773885129E2,1.968776697E-1,-7.602305593E-2,1.773883779E2
1.524920213E2,2.277144281E-2,7.124089170E-4,1.703883521E-3,9.997389913E-1,1.773903593E2,1.970592448E-1,-7.716862463E-2,1.773902221E2
1.524970213E2,2.277181507E-2,7.123434334E-4,1.698928652E-3,9.997389913E-1,1.773903166E2,1.964914625E-1,-7.717397956E-2,1.773901799E2
1.525020213E2,2.277460240E-2,7.112040184E-4,1.697116881E-3,9.997389317E-1,1.773899971E2,1.962811433E-1,-7.704762700E-2,1.773898608E2
1.525070213E2,2.277731253E-2,7.085831021E-4,1.696954248E-3,9.997388721E-1,1.773896865E2,1.962558788E-1,-7.674726284E-2,1.773895506E2
1.525120213E2,2.277468222E-2,7.118041976E-4,1.695793704E-3,9.997389317E-1,1.773899880E2,1.961311302E-1,-7.711982227E-2,1.773898516E2
1.525170213E2,2.276972874E-2,7.140318048E-4,1.691090409E-3,9.997390509E-1,1.773905558E2,1.955977419E-1,-7.738826511E-2,1.773904193E2
1.525220213E2,2.276947445E-2,7.151341415E-4,1.694045961E-3,9.997390509E-1,1.773905849E2,1.959391931E-1,-7.750688842E-2,1.773904480E2
1.525270213E2,2.277464657E-2,7.117259083E-4,1.696305233E-3,9.997389317E-1,1.773899921E2,1.961895249E-1,-7.710952526E-2,1.773898556E2
1.525320213E2,2.277434969E-2,7.113189204E-4,1.700456720E-3,9.997389317E-1,1.773900261E2,1.966640426E-1,-7.705212337E-2,1.773898894E2
1.525370213E2,2.277447397E-2,7.111971499E-4,1.698842389E-3,9.997389317E-1,1.773900119E2,1.964787932E-1,-7.704236194E-2,1.773898753E2
1.525420213E2,2.278256802E-2,7.053826703E-4,1.697968110E-3,9.997387528E-1,1.773890841E2,1.963640756E-1,-7.637693733E-2,1.773889488E2
1.525470213E2,2.278833293E-2,7.019798504E-4,1.692196471E-3,9.997386336E-1,1.773884233E2,1.956944180E-1,-7.600104492E-2,1.773882892E2
1.525520213E2,2.278550494E-2,7.043526275E-4,1.694076811E-3,9.997386932E-1,1.773887475E2,1.959158150E-1,-7.626851789E-2,1.773886127E2
1.525570213E2,2.278017937E-2,7.064631209E-4,1.694469131E-3,9.997388124E-1,1.773893579E2,1.959658637E-1,-7.651031901E-2,1.773892227E2
1.525620213E2,2.279122703E-2,6.998275057E-4,1.689322991E-3,9.997385740E-1,1.773880916E2,1.953598243E-1,-7.576140728E-2,1.773879581E2
1.525670213E2,2.279111765E-2,6.997417659E-4,1.690833597E-3,9.997385740E-1,1.773881041E2,1.955326500E-1,-7.574766074E-2,1.773879705E2
1.525720213E2,2.278557697E-2,7.042854559E-4,1.693135593E-3,9.997386932E-1,1.773887392E2,1.958078172E-1,-7.626326616E-2,1.773886045E2
1.525770213E2,2.278852510E-2,7.019810728E-4,1.689605997E-3,9.997386336E-1,1.773884013E2,1.953976658E-1,-7.600791239E-2,1.773882673E2
1.525820213E2,2.279932249E-2,6.947628572E-4,1.687996788E-3,9.997383952E-1,1.773871637E2,1.951952713E-1,-7.518307600E-2,1.773870313E2
1.525870213E2,2.278857881E-2,7.021985948E-4,1.688791090E-3,9.997386336E-1,1.773883952E2,1.953048806E-1,-7.603494972E-2,1.773882612E2
1.525920213E2,2.278898172E-2,7.019829354E-4,1.683435286E-3,9.997386336E-1,1.773883490E2,1.946907763E-1,-7.602415173E-2,1.773882155E2
1.525970213E2,2.279171293E-2,6.998729659E-4,1.682735863E-3,9.997385740E-1,1.773880359E2,1.946053451E-1,-7.578372508E-2,1.773879029E2
1.526020213E2,2.278351842E-2,7.052004803E-4,1.685243798E-3,9.997387528E-1,1.773889752E2,1.949059493E-1,-7.638910106E-2,1.773888409E2
1.526070213E2,2.278324251E-2,7.054863381E-4,1.688850462E-3,9.997387528E-1,1.773890068E2,1.953198614E-1,-7.641248654E-2,1.773888722E2
1.526120213E2,2.278878457E-2,7.020269986E-4,1.686083735E-3,9.997386336E-1,1.773883716E2,1.949942880E-1,-7.602232155E-2,1.773882378E2
1.526170213E2,2.278608517E-2,7.029573317E-4,1.686836593E-3,9.997386932E-1,1.773886810E2,1.950827612E-1,-7.612746267E-2,1.773885470E2
1.526220213E2,2.276968982E-2,7.137908833E-4,1.691716141E-3,9.997390509E-1,1.773905602E2,1.956687954E-1,-7.735903959E-2,1.773904237E2
1.526270213E2,2.277217695E-2,7.135231863E-4,1.693574595E-3,9.997389913E-1,1.773902752E2,1.958811976E-1,-7.732303509E-2,1.773901386E2
1.526320213E2,2.278354254E-2,7.048369152E-4,1.685069758E-3,9.997387528E-1,1.773889724E2,1.948850633E-1,-7.634790015E-2,1.773888382E2
1.526370213E2,2.279419492E-2,6.987911183E-4,1.684976975E-3,9.997385144E-1,1.773877514E2,1.948594532E-1,-7.565344957E-2,1.773876184E2
1.526420213E2,2.278853941E-2,7.019396871E-4,1.689430210E-3,9.997386336E-1,1.773883997E2,1.953774203E-1,-7.600362746E-2,1.773882657E2
1.526470213E2,2.278329329E-2,7.044870872E-4,1.688582473E-3,9.997387528E-1,1.773890010E2,1.952865548E-1,-7.629870046E-2,1.773888666E2
1.526520213E2,2.279458829E-2,6.980142789E-4,1.679970068E-3,9.997385144E-1,1.773877063E2,1.942838522E-1,-7.557745597E-2,1.773875739E2
1.526570213E2,2.278384223E-2,7.043727674E-4,1.681207330E-3,9.997387528E-1,1.773889381E2,1.944413866E-1,-7.630475287E-2,1.773888042E2
1.526620213E2,2.278327774E-2,7.048589760E-4,1.688637072E-3,9.997387528E-1,1.773890028E2,1.952937796E-1,-7.634116514E-2,1.773888683E2
1.526670213E2,2.279129017E-2,7.007184904E-4,1.688101445E-3,9.997385740E-1,1.773880844E2,1.952222136E-1,-7.586665808E-2,1.773879508E2
1.526720213E2,2.278869489E-2,7.010895642E-4,1.687685028E-3,9.997386336E-1,1.773883818E2,1.951752802E-1,-7.591076319E-2,1.773882482E2
1.526770213E2,2.277493170E-2,7.112625754E-4,1.692667487E-3,9.997389317E-1,1.773899594E2,1.957715897E-1,-7.706588345E-2,1.773898233E2
1.526820213E2,2.277769331E-2,7.084574900E-4,1.691888086E-3,9.997388721E-1,1.773896429E2,1.956751901E-1,-7.674602181E-2,1.773895074E2
1.526870213E2,2.278070169E-2,7.079103962E-4,1.686825766E-3,9.997388124E-1,1.773892980E2,1.950940428E-1,-7.669597279E-2,1.773891631E2
1.526920213E2,2.277048857E-2,7.139215013E-4,1.680875197E-3,9.997390509E-1,1.773904687E2,1.944272369E-1,-7.740213594E-2,1.773903330E2
1.526970213E2,2.275926312E-2,7.218970568E-4,1.687681652E-3,9.997392893E-1,1.773917554E2,1.952269333E-1,-7.830026015E-2,1.773916176E2
1.527020213E2,2.276158148E-2,7.199009415E-4,1.692569582E-3,9.997392297E-1,1.773914896E2,1.957818792E-1,-7.805837921E-2,1.773913518E2
1.527070213E2,2.275683472E-2,7.237616228E-4,1.684317947E-3,9.997393489E-1,1.773920337E2,1.948462531E-1,-7.852311443E-2,1.773918958E2
1.527120213E2,2.275155185E-2,7.264337619E-4,1.683778479E-3,9.997394681E-1,1.773926392E2,1.947910032E-1,-7.883167553E-2,1.773925008E2
1.527170213E2,2.275634816E-2,7.231957279E-4,1.691121142E-3,9.997393489E-1,1.773920895E2,1.956241274E-1,-7.844063780E-2,1.773919511E2
1.527220213E2,2.274313468E-2,7.321896264E-4,1.688821008E-3,9.997396469E-1,1.773936040E2,1.953830258E-1,-7.947957517E-2,1.773934641E2
1.527270213E2,2.274359486E-2,7.334490074E-4,1.682063797E-3,9.997396469E-1,1.773935513E2,1.946122244E-1,-7.964137393E-2,1.773934116E2
1.527320213E2,2.275128218E-2,7.267197943E-4,1.687295269E-3,9.997394681E-1,1.773926701E2,1.951946188E-1,-7.885532730E-2,1.773925314E2
1.527370213E2,2.274551758E-2,7.312879898E-4,1.692400430E-3,9.997395873E-1,1.773933309E2,1.957909310E-1,-7.936648630E-2,1.773931908E2
1.527420213E2,2.273526139E-2,7.384981145E-4,1.686229021E-3,9.997398257E-1,1.773945065E2,1.951018941E-1,-8.021057879E-2,1.773943655E2
1.527470213E2,2.273799535E-2,7.363381446E-4,1.685648342E-3,9.997397661E-1,1.773941931E2,1.950299606E-1,-7.996410833E-2,1.773940526E2
1.527520213E2,2.274578434E-2,7.309349603E-4,1.688964199E-3,9.997395873E-1,1.773933003E2,1.953963699E-1,-7.933494732E-2,1.773931606E2
1.527570213E2,2.274038350E-2,7.346813218E-4,1.689501805E-3,9.997397065E-1,1.773939194E2,1.954672946E-1,-7.976379174E-2,1.773937789E2
1.527620213E2,2.273008281E-2,7.413986023E-4,1.684091869E-3,9.997399449E-1,1.773951000E2,1.948641978E-1,-8.054944142E-2,1.773949586E2
1.527670213E2,2.273544665E-2,7.389465463E-4,1.683532610E-3,9.997398257E-1,1.773944852E2,1.947941706E-1,-8.026894111E-2,1.773943444E2
1.527720213E2,2.273829718E-2,7.370036328E-4,1.681280322E-3,9.997397661E-1,1.773941585E2,1.945313093E-1,-8.005167098E-2,1.773940182E2
1.527770213E2,2.274110171E-2,7.343131583E-4,1.679967856E-3,9.997397065E-1,1.773938370E2,1.943741625E-1,-7.974632012E-2,1.773936974E2
1.527820213E2,2.273078928E-2,7.412281120E-4,1.674604835E-3,9.997399449E-1,1.773950191E2,1.937769551E-1,-8.055448484E-2,1.773948785E2
1.527870213E2,2.272287669E-2,7.474138401E-4,1.672487473E-3,9.997401237E-1,1.773959260E2,1.935498572E-1,-8.127018045E-2,1.773957844E2
1.527920213E2,2.272528667E-2,7.447332609E-4,1.676562941E-3,9.997400641E-1,1.773956498E2,1.940099660E-1,-8.095200821E-2,1.773955083E2
1.527970213E2,2.272804280E-2,7.439127075E-4,1.675108331E-3,9.997400045E-1,1.773953339E2,1.938414085E-1,-8.086125792E-2,1.773951927E2
1.528020213E2,2.273347742E-2,7.390576648E-4,1.674657571E-3,9.997398853E-1,1.773947109E2,1.937775582E-1,-8.030517607E-2,1.773945708E2
1.528070213E2,2.274666778E-2,7.315272815E-4,1.676765969E-3,9.997395873E-1,1.773931990E2,1.940005287E-1,-7.943442938E-2,1.773930602E2
1.528120213E2,2.275208471E-2,7.278191042E-4,1.675962005E-3,9.997394681E-1,1.773925782E2,1.938991857E-1,-7.901065915E-2,1.773924401E2
1.528170213E2,2.273912507E-2,7.355973939E-4,1.670665690E-3,9.997397661E-1,1.773940636E2,1.933116753E-1,-7.991806885E-2,1.773939244E2
1.528220213E2,2.273635638E-2,7.378687151E-4,1.671677805E-3,9.997398257E-1,1.773943810E2,1.934333227E-1,-8.017617373E-2,1.773942413E2
1.528270213E2,2.274454826E-2,7.328659412E-4,1.669378602E-3,9.997396469E-1,1.773934420E2,1.931575371E-1,-7.960745491E-2,1.773933035E2
1.528320213E2,2.273916227E-2,7.355210255E-4,1.670192927E-3,9.997397661E-1,1.773940593E2,1.932573186E-1,-7.991054470E-2,1.773939202E2
1.528370213E2,2.273125092E-2,7.414862048E-4,1.668212120E-3,9.997399449E-1,1.773949661E2,1.930453013E-1,-8.060061566E-2,1.773948260E2
1.528420213E2,2.273389312E-2,7.396090077E-4,1.668760669E-3,9.997398853E-1,1.773946633E2,1.931034662E-1,-8.038362128E-2,1.773945235E2
1.528470213E2,2.274473202E-2,7.322782767E-4,1.667131321E-3,9.997396469E-1,1.773934209E2,1.928985664E-1,-7.954595305E-2,1.773932827E2
1.528520213E2,2.273413288E-2,7.388847298E-4,1.665812568E-3,9.997398853E-1,1.773946358E2,1.927638574E-1,-8.030828102E-2,1.773944964E2
1.528570213E2,2.273120451E-2,7.411263068E-4,1.669004210E-3,9.997399449E-1,1.773949715E2,1.931351035E-1,-8.055733071E-2,1.773948313E2
1.528620213E2,2.274497054E-2,7.327360800E-4,1.663672389E-3,9.997396469E-1,1.773933936E2,1.925035161E-1,-7.960736957E-2,1.773932555E2
1.528670213E2,2.274304170E-2,7.332623936E-4,1.653963467E-3,9.997397065E-1,1.773936147E2,1.913924594E-1,-7.969334079E-2,1.773934773E2
1.528720213E2,2.272969765E-2,7.438267348E-4,1.652540406E-3,9.997400045E-1,1.773951442E2,1.912558873E-1,-8.090987226E-2,1.773950049E2
1.528770213E2,2.273761672E-2,7.381251198E-4,1.654332271E-3,9.997398257E-1,1.773942365E2,1.914469500E-1,-8.025050101E-2,1.773940981E2
1.528820213E2,2.275109909E-2,7.290913491E-4,1.653077547E-3,9.997395277E-1,1.773926911E2,1.912807328E-1,-7.921626585E-2,1.773925546E2
1.528870213E2,2.273242526E-2,7.408208330E-4,1.652430859E-3,9.997399449E-1,1.773948315E2,1.912357267E-1,-8.056527428E-2,1.773946928E2
1.528920213E2,2.271879573E-2,7.502360386E-4,1.655317610E-3,9.997402430E-1,1.773963938E2,1.915898562E-1,-8.163898899E-2,1.773962530E2
1.528970213E2,2.273215818E-2,7.407648955E-4,1.656125998E-3,9.997399449E-1,1.773948622E2,1.916588826E-1,-8.054929101E-2,1.773947231E2
1.529020213E2,2.274344054E-2,7.333376561E-4,1.648436533E-3,9.997397065E-1,1.773935690E2,1.907595099E-1,-7.971629175E-2,1.773934320E2
1.529070213E2,2.273257617E-2,7.418264286E-4,1.649901737E-3,9.997399449E-1,1.773948142E2,1.909486169E-1,-8.068703689E-2,1.773946755E2
1.529120213E2,2.272693315E-2,7.444472867E-4,1.654222724E-3,9.997400641E-1,1.773954611E2,1.914500100E-1,-8.097711115E-2,1.773953215E2
1.529170213E2,2.273490513E-2,7.385986391E-4,1.655367319E-3,9.997398853E-1,1.773945473E2,1.915665435E-1,-8.030257082E-2,1.773944088E2
1.529220213E2,2.273503942E-2,7.398612797E-4,1.652957289E-3,9.997398853E-1,1.773945319E2,1.912937460E-1,-8.045347452E-2,1.773943933E2
1.529270213E2,2.272711967E-2,7.450341363E-4,1.651393599E-3,9.997400641E-1,1.773954397E2,1.911274429E-1,-8.105167439E-2,1.773953002E2
1.529320213E2,2.273228647E-2,7.405102369E-4,1.654478256E-3,9.997399449E-1,1.773948474E2,1.914694605E-1,-8.052438477E-2,1.773947086E2
1.529370213E2,2.274347845E-2,7.332675159E-4,1.647944679E-3,9.997397065E-1,1.773935646E2,1.907029822E-1,-7.970953108E-2,1.773934277E2
1.529420213E2,2.273281124E-2,7.408317761E-4,1.647107536E-3,9.997399449E-1,1.773947873E2,1.906259347E-1,-8.058032206E-2,1.773946490E2
1.529470213E2,2.271651770E-2,7.520343643E-4,1.649757498E-3,9.997403026E-1,1.773966549E2,1.909573733E-1,-8.185991952E-2,1.773965142E2
1.529520213E2,2.272470476E-2,7.467873511E-4,1.647746656E-3,9.997401237E-1,1.773957165E2,1.907140115E-1,-8.126248494E-2,1.773955770E2
1.529570213E2,2.273574225E-2,7.384886267E-4,1.643879223E-3,9.997398853E-1,1.773944513E2,1.902502228E-1,-8.031973903E-2,1.773943138E2
1.529620213E2,2.272248647E-2,7.475790917E-4,1.641804702E-3,9.997401834E-1,1.773959707E2,1.900351696E-1,-8.136908391E-2,1.773958316E2
1.529670213E2,2.271117846E-2,7.565923734E-4,1.648943871E-3,9.997404218E-1,1.773972669E2,1.908755894E-1,-8.238523096E-2,1.773971254E2
1.529720213E2,2.272224607E-2,7.477711770E-4,1.645041164E-3,9.997401834E-1,1.773959983E2,1.904064266E-1,-8.138270776E-2,1.773958588E2
1.529770213E2,2.272554392E-2,7.458339096E-4,1.636567176E-3,9.997401237E-1,1.773956203E2,1.894308506E-1,-8.118221156E-2,1.773954819E2
1.529820213E2,2.271457174E-2,7.545103435E-4,1.639267663E-3,9.997403622E-1,1.773968779E2,1.897619208E-1,-8.217124949E-2,1.773967376E2
1.529870213E2,2.270893399E-2,7.574842311E-4,1.643299009E-3,9.997404814E-1,1.773975241E2,1.902310376E-1,-8.250252256E-2,1.773973829E2
1.529920213E2,2.272040827E-2,7.491557044E-4,1.633531065E-3,9.997402430E-1,1.773962089E2,1.890912598E-1,-8.157164075E-2,1.773960701E2
1.529970213E2,2.272310537E-2,7.485240349E-4,1.632783678E-3,9.997401834E-1,1.773958998E2,1.890042125E-1,-8.150071161E-2,1.773957612E2
1.530020213E2,2.270949929E-2,7.568482542E-4,1.635762630E-3,9.997404814E-1,1.773974593E2,1.893660445E-1,-8.244916943E-2,1.773973189E2
1.530070213E2,2.270696431E-2,7.590402965E-4,1.633507898E-3,9.997405410E-1,1.773977499E2,1.891132329E-1,-8.270664128E-2,1.773976092E2
1.530120213E2,2.271837570E-2,7.518321509E-4,1.624064520E-3,9.997403026E-1,1.773964419E2,1.880135543E-1,-8.190328978E-2,1.773963034E2
1.530170213E2,2.271260552E-2,7.554796757E-4,1.629685867E-3,9.997404218E-1,1.773971033E2,1.886665705E-1,-8.230761086E-2,1.773969636E2
1.530220213E2,2.270694272E-2,7.587876753E-4,1.633925363E-3,9.997405410E-1,1.773977524E2,1.891603994E-1,-8.267661828E-2,1.773976117E2
1.530270213E2,2.271225828E-2,7.551946328E-4,1.634649816E-3,9.997404218E-1,1.773971431E2,1.892344811E-1,-8.226210129E-2,1.773970030E2
1.530320213E2,2.271531856E-2,7.531163283E-4,1.629531151E-3,9.997403622E-1,1.773967923E2,1.886429165E-1,-8.203675213E-2,1.773966531E2
1.530370213E2,2.270730978E-2,7.589332527E-4,1.628748374E-3,9.997405410E-1,1.773977103E2,1.885677211E-1,-8.270669807E-2,1.773975700E2
1.530420213E2,2.269913377E-2,7.637747913E-4,1.630692394E-3,9.997407198E-1,1.773986474E2,1.888023515E-1,-8.325783914E-2,1.773985061E2
1.530470213E2,2.270729415E-2,7.588980952E-4,1.628982718E-3,9.997405410E-1,1.773977121E2,1.885944753E-1,-8.270206350E-2,1.773975718E2
1.530520213E2,2.271234586E-2,7.551049930E-4,1.633473905E-3,9.997404218E-1,1.773971331E2,1.890995399E-1,-8.225487605E-2,1.773969931E2
1.530570213E2,2.270670083E-2,7.589053712E-4,1.637228881E-3,9.997405410E-1,1.773977801E2,1.895391442E-1,-8.268155129E-2,1.773976391E2
1.530620213E2,2.269617804E-2,7.669611950E-4,1.633792534E-3,9.997407794E-1,1.773989862E2,1.891655530E-1,-8.361537456E-2,1.773988440E2
1.530670213E2,2.270705704E-2,7.583374972E-4,1.632545027E-3,9.997405410E-1,1.773977393E2,1.890011029E-1,-8.262861530E-2,1.773975988E2
1.530720213E2,2.271210114E-2,7.546528941E-4,1.637081499E-3,9.997404218E-1,1.773971611E2,1.895116370E-1,-8.219373935E-2,1.773970210E2
1.530770213E2,2.270654841E-2,7.585482090E-4,1.639506780E-3,9.997405410E-1,1.773977976E2,1.897991633E-1,-8.263473564E-2,1.773976565E2
1.530820213E2,2.271201839E-2,7.562796818E-4,1.637478825E-3,9.997404218E-1,1.773971706E2,1.895613833E-1,-8.237908873E-2,1.773970301E2
1.530870213E2,2.272026205E-2,7.496109465E-4,1.635354944E-3,9.997402430E-1,1.773962257E2,1.893013809E-1,-8.161907296E-2,1.773960867E2
1.530920213E2,2.272540974E-2,7.455014274E-4,1.638580696E-3,9.997401237E-1,1.773956357E2,1.896606469E-1,-8.113890345E-2,1.773954972E2
1.530970213E2,2.272018340E-2,7.497506449E-4,1.636383357E-3,9.997402430E-1,1.773962347E2,1.894195555E-1,-8.163241430E-2,1.773960956E2
1.531020213E2,2.272004720E-2,7.505979738E-4,1.637885231E-3,9.997402430E-1,1.773962503E2,1.895938088E-1,-8.172560129E-2,1.773961109E2
1.531070213E2,2.272535528E-2,7.460056222E-4,1.639106427E-3,9.997401237E-1,1.773956419E2,1.897221847E-1,-8.119530610E-2,1.773955033E2
1.531120213E2,2.273063417E-2,7.424014620E-4,1.640254166E-3,9.997400045E-1,1.773950368E2,1.898447115E-1,-8.077841546E-2,1.773948988E2
1.531170213E2,2.272244021E-2,7.483966183E-4,1.642072457E-3,9.997401834E-1,1.773959760E2,1.900679695E-1,-8.146205283E-2,1.773958367E2
1.531220213E2,2.271706476E-2,7.511295844E-4,1.642621355E-3,9.997403026E-1,1.773965922E2,1.901375300E-1,-8.177473949E-2,1.773964522E2
1.531270213E2,2.273020161E-2,7.419358008E-4,1.646447461E-3,9.997400045E-1,1.773950864E2,1.905529809E-1,-8.070901811E-2,1.773949480E2
1.531320213E2,2.273009489E-2,7.420510519E-4,1.647868310E-3,9.997400045E-1,1.773950986E2,1.907160481E-1,-8.071854078E-2,1.773949601E2
1.531370213E2,2.271178589E-2,7.558386424E-4,1.640903647E-3,9.997404218E-1,1.773971972E2,1.899525714E-1,-8.231969265E-2,1.773970565E2
1.531420213E2,2.271123862E-2,7.559607620E-4,1.648404985E-3,9.997404218E-1,1.773972600E2,1.908122143E-1,-8.231426345E-2,1.773971186E2
1.531470213E2,2.271905175E-2,7.501612999E-4,1.651834114E-3,9.997402430E-1,1.773963644E2,1.911906055E-1,-8.163944721E-2,1.773962239E2
1.531520213E2,2.271641394E-2,7.528886781E-4,1.650796272E-3,9.997403026E-1,1.773966668E2,1.910785933E-1,-8.195510692E-2,1.773965258E2
1.531570213E2,2.271122849E-2,7.550291484E-4,1.648971345E-3,9.997404218E-1,1.773972611E2,1.908746721E-1,-8.220606394E-2,1.773971199E2
1.531620213E2,2.272099557E-2,7.497860934E-4,1.625051140E-3,9.997402430E-1,1.773961416E2,1.881214703E-1,-8.166582803E-2,1.773960034E2
1.531670213E2,2.272651552E-2,7.463127840E-4,1.585653867E-3,9.997401834E-1,1.773955089E2,1.835994363E-1,-8.136948719E-2,1.773953746E2
1.531720213E2,2.272231078E-2,7.512226584E-4,1.529872767E-3,9.997403622E-1,1.773959909E2,1.772214749E-1,-8.207799329E-2,1.773958602E2
1.531770213E2,2.272909118E-2,7.456224994E-4,1.548628323E-3,9.997401834E-1,1.773952137E2,1.793561208E-1,-8.138637428E-2,1.773950825E2
1.531820213E2,2.273891126E-2,7.392967818E-4,1.561363693E-3,9.997399449E-1,1.773940881E2,1.807994263E-1,-8.062674076E-2,1.773939570E2
1.531870213E2,2.272413209E-2,7.475496968E-4,1.581644872E-3,9.997402430E-1,1.773957821E2,1.831431845E-1,-8.152206786E-2,1.773956478E2
1.531920213E2,2.272861228E-2,7.467175601E-4,1.555115799E-3,9.997401834E-1,1.773952686E2,1.801021538E-1,-8.149501481E-2,1.773951366E2
1.531970213E2,2.272840464E-2,7.475069724E-4,1.519034617E-3,9.997402430E-1,1.773952924E2,1.759706543E-1,-8.167946643E-2,1.773951632E2
1.532020213E2,2.272369440E-2,7.488257834E-4,1.549323904E-3,9.997403026E-1,1.773958323E2,1.794437112E-1,-8.175250527E-2,1.773957004E2
1.532070213E2,2.272821349E-2,7.464392111E-4,1.561066485E-3,9.997401834E-1,1.773953143E2,1.807831197E-1,-8.144769933E-2,1.773951819E2
1.532120213E2,2.273251032E-2,7.439278415E-4,1.537697157E-3,9.997401237E-1,1.773948218E2,1.780996859E-1,-8.122009442E-2,1.773946918E2
1.532170213E2,2.273724122E-2,7.402759511E-4,1.546989544E-3,9.997400045E-1,1.773942795E2,1.791551097E-1,-8.077667191E-2,1.773941494E2
1.532220213E2,2.273352493E-2,7.426108932E-4,1.561895711E-3,9.997400641E-1,1.773947055E2,1.808685758E-1,-8.100599948E-2,1.773945737E2
1.532270213E2,2.273977327E-2,7.388934027E-4,1.548951142E-3,9.997399449E-1,1.773939893E2,1.793764360E-1,-8.061271915E-2,1.773938593E2
1.532320213E2,2.274305662E-2,7.355794078E-4,1.540772035E-3,9.997398853E-1,1.773936130E2,1.784310466E-1,-8.025378998E-2,1.773934842E2
1.532370213E2,2.274482380E-2,7.346370257E-4,1.553755836E-3,9.997398257E-1,1.773934104E2,1.799161839E-1,-8.011167135E-2,1.773932808E2
1.532420213E2,2.274438952E-2,7.348051295E-4,1.560020843E-3,9.997398257E-1,1.773934602E2,1.806343198E-1,-8.011467835E-2,1.773933300E2
1.532470213E2,2.273435944E-2,7.413416170E-4,1.550309244E-3,9.997400641E-1,1.773946098E2,1.795379655E-1,-8.089062414E-2,1.773944793E2
1.532520213E2,2.272430798E-2,7.483330555E-4,1.540537691E-3,9.997403026E-1,1.773957620E2,1.784359102E-1,-8.171882794E-2,1.773956309E2
1.532570213E2,2.272653847E-2,7.466796669E-4,1.547103398E-3,9.997402430E-1,1.773955063E2,1.791839679E-1,-8.151191483E-2,1.773953750E2
1.532620213E2,2.273765643E-2,7.393504493E-4,1.541319070E-3,9.997400045E-1,1.773942319E2,1.785031098E-1,-8.068534576E-2,1.773941024E2
1.532670213E2,2.273248745E-2,7.429749821E-4,1.538495766E-3,9.997401237E-1,1.773948244E2,1.781886919E-1,-8.110885674E-2,1.773946945E2
1.532720213E2,2.272389447E-2,7.502908120E-4,1.545676496E-3,9.997403026E-1,1.773958093E2,1.790296879E-1,-8.192980398E-2,1.773956775E2
1.532770213E2,2.272935656E-2,7.451535785E-4,1.544954721E-3,9.997401834E-1,1.773951833E2,1.789340650E-1,-8.134217496E-2,1.773950524E2
1.532820213E2,2.272431344E-2,7.495796308E-4,1.539850957E-3,9.997403026E-1,1.773957613E2,1.783604835E-1,-8.186342529E-2,1.773956301E2
1.532870213E2,2.272153836E-2,7.519698120E-4,1.540937810E-3,9.997403622E-1,1.773960794E2,1.784909929E-1,-8.213491400E-2,1.773959476E2
1.532920213E2,2.271845766E-2,7.524975226E-4,1.547418535E-3,9.997404218E-1,1.773964325E2,1.792345599E-1,-8.217904711E-2,1.773963001E2
1.532970213E2,2.272382532E-2,7.496519829E-4,1.547002466E-3,9.997403026E-1,1.773958173E2,1.791799246E-1,-8.185317797E-2,1.773956854E2
1.533020213E2,2.271881647E-2,7.522554370E-4,1.542259706E-3,9.997404218E-1,1.773963914E2,1.786429523E-1,-8.216468011E-2,1.773962595E2
1.533070213E2,2.272146478E-2,7.509887218E-4,1.542500453E-3,9.997403622E-1,1.773960878E2,1.786674518E-1,-8.201846278E-2,1.773959561E2
1.533120213E2,2.272670442E-2,7.470092387E-4,1.544504310E-3,9.997402430E-1,1.773954873E2,1.788870826E-1,-8.155641056E-2,1.773953561E2
1.533170213E2,2.273474597E-2,7.411765400E-4,1.544709667E-3,9.997400641E-1,1.773945655E2,1.788960670E-1,-8.088623203E-2,1.773944354E2
1.533220213E2,2.273498070E-2,7.424678770E-4,1.540629426E-3,9.997400641E-1,1.773945386E2,1.784320095E-1,-8.104475849E-2,1.773944086E2
1.533270213E2,2.272682235E-2,7.465890376E-4,1.542971353E-3,9.997402430E-1,1.773954738E2,1.787103788E-1,-8.151224293E-2,1.773953428E2
1.533320213E2,2.272652735E-2,7.471173885E-4,1.547055435E-3,9.997402430E-1,1.773955076E2,1.791796123E-1,-8.156218793E-2,1.773953762E2
1.533370213E2,2.273459736E-2,7.418427849E-4,1.546576037E-3,9.997400641E-1,1.773945826E2,1.791116063E-1,-8.095772235E-2,1.773944522E2
1.533420213E2,2.272949053E-2,7.465013186E-4,1.542330836E-3,9.997401834E-1,1.773951679E2,1.786369888E-1,-8.150338512E-2,1.773950370E2
1.533470213E2,2.271316739E-2,7.570116431E-4,1.545858569E-3,9.997405410E-1,1.773970389E2,1.790671628E-1,-8.270120208E-2,1.773969058E2
1.533520213E2,2.271839144E-2,7.525658002E-4,1.548357308E-3,9.997404218E-1,1.773964401E2,1.793422801E-1,-8.218443692E-2,1.773963076E2
1.533570213E2,2.272090193E-2,7.511613076E-4,1.550685614E-3,9.997403622E-1,1.773961524E2,1.796055651E-1,-8.201702292E-2,1.773960199E2
1.533620213E2,2.272321286E-2,7.497136248E-4,1.555942930E-3,9.997403026E-1,1.773958875E2,1.802042741E-1,-8.183706836E-2,1.773957549E2
1.533670213E2,2.273406021E-2,7.426995435E-4,1.554042683E-3,9.997400641E-1,1.773946441E2,1.799691903E-1,-8.103651781E-2,1.773945130E2
1.533720213E2,2.273131186E-2,7.447761018E-4,1.554907183E-3,9.997401237E-1,1.773949592E2,1.800734164E-1,-8.127265490E-2,1.773948276E2
1.533770213E2,2.272553922E-2,7.475785096E-4,1.561282668E-3,9.997402430E-1,1.773956208E2,1.808106356E-1,-8.157814006E-2,1.773954882E2
1.533820213E2,2.272299134E-2,7.489454583E-4,1.559543889E-3,9.997403026E-1,1.773959129E2,1.806147892E-1,-8.173972882E-2,1.773957801E2
1.533870213E2,2.273410947E-2,7.421710761E-4,1.553574577E-3,9.997400641E-1,1.773946385E2,1.799141901E-1,-8.097718630E-2,1.773945075E2
1.533920213E2,2.273376251E-2,7.427202072E-4,1.558381831E-3,9.997400641E-1,1.773946783E2,1.804663222E-1,-8.102763419E-2,1.773945468E2
1.533970213E2,2.272272010E-2,7.506744005E-4,1.562661491E-3,9.997403026E-1,1.773959440E2,1.809764290E-1,-8.192973050E-2,1.773958106E2
1.534020213E2,2.272842126E-2,7.464154041E-4,1.558049931E-3,9.997401834E-1,1.773952905E2,1.804374916E-1,-8.145279138E-2,1.773951583E2
1.534070213E2,2.274015926E-2,7.384049823E-4,1.543507911E-3,9.997399449E-1,1.773939451E2,1.787516060E-1,-8.057088042E-2,1.773938156E2
1.534120213E2,2.273721170E-2,7.401468465E-4,1.547485124E-3,9.997400045E-1,1.773942829E2,1.792115456E-1,-8.076059544E-2,1.773941528E2
1.534170213E2,2.273621579E-2,7.401491166E-4,1.562048099E-3,9.997400045E-1,1.773943971E2,1.808798369E-1,-8.072309002E-2,1.773942658E2
1.534220213E2,2.273939962E-2,7.384840865E-4,1.554621500E-3,9.997399449E-1,1.773940321E2,1.800249475E-1,-8.055111792E-2,1.773939017E2
1.534270213E2,2.273992593E-2,7.391634281E-4,1.546579413E-3,9.997399449E-1,1.773939718E2,1.791054417E-1,-8.064980693E-2,1.773938419E2
1.534320213E2,2.273685364E-2,7.403771160E-4,1.552627306E-3,9.997400045E-1,1.773943240E2,1.798012161E-1,-8.077364133E-2,1.773941934E2
1.534370213E2,2.273089896E-2,7.433651481E-4,1.561604207E-3,9.997401237E-1,1.773950065E2,1.808369327E-1,-8.109364272E-2,1.773948746E2
1.534420213E2,2.273923610E-2,7.387721562E-4,1.556874719E-3,9.997399449E-1,1.773940509E2,1.802838187E-1,-8.057827759E-2,1.773939202E2
1.534470213E2,2.274744069E-2,7.327950443E-4,1.554667135E-3,9.997397661E-1,1.773931105E2,1.800159918E-1,-7.989780415E-2,1.773929811E2
1.534520213E2,2.274465489E-2,7.351218374E-4,1.555997413E-3,9.997398257E-1,1.773934298E2,1.801742340E-1,-8.016140001E-2,1.773932999E2
1.534570213E2,2.273905373E-2,7.387573132E-4,1.559543191E-3,9.997399449E-1,1.773940718E2,1.805894712E-1,-8.056965643E-2,1.773939409E2
1.534620213E2,2.274169536E-2,7.370720850E-4,1.560030971E-3,9.997398853E-1,1.773937690E2,1.806411728E-1,-8.037484525E-2,1.773936384E2
1.534670213E2,2.275259610E-2,7.302817539E-4,1.557065290E-3,9.997396469E-1,1.773925195E2,1.802845878E-1,-7.960269592E-2,1.773923904E2
1.534720213E2,2.275227199E-2,7.289956557E-4,1.562394784E-3,9.997396469E-1,1.773925567E2,1.808917664E-1,-7.944152081E-2,1.773924274E2
1.534770213E2,2.274910056E-2,7.316673291E-4,1.569172251E-3,9.997397065E-1,1.773929202E2,1.816749211E-1,-7.973049753E-2,1.773927899E2
1.534820213E2,2.276003386E-2,7.243491127E-4,1.565919840E-3,9.997394681E-1,1.773916670E2,1.812841005E-1,-7.889860608E-2,1.773915383E2
1.534870213E2,2.275981738E-2,7.242254796E-4,1.569120213E-3,9.997394681E-1,1.773916918E2,1.816504024E-1,-7.887613445E-2,1.773915629E2
1.534920213E2,2.275696270E-2,7.257316611E-4,1.571849803E-3,9.997395277E-1,1.773920190E2,1.819668131E-1,-7.904208547E-2,1.773918896E2
1.534970213E2,2.275450388E-2,7.275319076E-4,1.568700653E-3,9.997395873E-1,1.773923009E2,1.816105401E-1,-7.925698418E-2,1.773921714E2
1.535020213E2,2.276026127E-2,7.248002803E-4,1.562401769E-3,9.997394681E-1,1.773916409E2,1.808822577E-1,-7.895942746E-2,1.773915124E2
1.535070213E2,2.275709664E-2,7.268891204E-4,1.569373766E-3,9.997395277E-1,1.773920037E2,1.816861825E-1,-7.918111894E-2,1.773918742E2
1.535120213E2,2.275959815E-2,7.240308914E-4,1.572386478E-3,9.997394681E-1,1.773917170E2,1.820240677E-1,-7.884536288E-2,1.773915878E2
1.535170213E2,2.277074530E-2,7.161975373E-4,1.566160936E-3,9.997392297E-1,1.773904392E2,1.812912930E-1,-7.796217609E-2,1.773903120E2
1.535220213E2,2.277098696E-2,7.160319947E-4,1.562719350E-3,9.997392297E-1,1.773904116E2,1.808966046E-1,-7.795214822E-2,1.773902846E2
1.535270213E2,2.275985340E-2,7.250460330E-4,1.568218460E-3,9.997394681E-1,1.773916877E2,1.815492389E-1,-7.897248391E-2,1.773915587E2
1.535320213E2,2.274872970E-2,7.313137176E-4,1.574703841E-3,9.997397065E-1,1.773929627E2,1.823076804E-1,-7.967563399E-2,1.773928320E2
1.535370213E2,2.276491314E-2,7.213602657E-4,1.572467270E-3,9.997393489E-1,1.773911077E2,1.820267748E-1,-7.853823288E-2,1.773909791E2
1.535420213E2,2.277328715E-2,7.156053907E-4,1.567520434E-3,9.997391701E-1,1.773901479E2,1.814456926E-1,-7.789032987E-2,1.773900207E2
1.535470213E2,2.275963562E-2,7.245470188E-4,1.571606146E-3,9.997394681E-1,1.773917127E2,1.819360205E-1,-7.890651976E-2,1.773915835E2
1.535520213E2,2.275134046E-2,7.293811650E-4,1.575723174E-3,9.997396469E-1,1.773926635E2,1.824196262E-1,-7.945110361E-2,1.773925330E2
1.535570213E2,2.275142374E-2,7.297177217E-4,1.574364258E-3,9.997396469E-1,1.773926539E2,1.822648301E-1,-7.949318799E-2,1.773925235E2
1.535620213E2,2.275662780E-2,7.269225898E-4,1.576142269E-3,9.997395277E-1,1.773920574E2,1.824616466E-1,-7.916738721E-2,1.773919274E2
1.535670213E2,2.275914801E-2,7.252256619E-4,1.578340074E-3,9.997394681E-1,1.773917685E2,1.827092050E-1,-7.896679202E-2,1.773916387E2
1.535720213E2,2.275669180E-2,7.263724110E-4,1.575471601E-3,9.997395277E-1,1.773920501E2,1.823833835E-1,-7.910609508E-2,1.773919202E2
1.535770213E2,2.275675994E-2,7.259064587E-4,1.574701979E-3,9.997395277E-1,1.773920423E2,1.822940042E-1,-7.905470940E-2,1.773919126E2
1.535820213E2,2.275387336E-2,7.272647927E-4,1.577943098E-3,9.997395873E-1,1.773923731E2,1.826686276E-1,-7.920239755E-2,1.773922429E2
1.535870213E2,2.276159320E-2,7.225500303E-4,1.582056400E-3,9.997394085E-1,1.773914883E2,1.831281685E-1,-7.865012639E-2,1.773913586E2
1.535920213E2,2.276189438E-2,7.221451378E-4,1.577902585E-3,9.997394085E-1,1.773914538E2,1.826512662E-1,-7.861452106E-2,1.773913245E2
1.535970213E2,2.276183599E-2,7.229477633E-4,1.578377327E-3,9.997394085E-1,1.773914604E2,1.827077428E-1,-7.870524356E-2,1.773913310E2
1.536020213E2,2.275892536E-2,7.242609863E-4,1.581989345E-3,9.997394681E-1,1.773917941E2,1.831247394E-1,-7.884680007E-2,1.773916641E2
1.536070213E2,2.275398432E-2,7.279271958E-4,1.576036448E-3,9.997395873E-1,1.773923604E2,1.824519339E-1,-7.928323504E-2,1.773922303E2
1.536120213E2,2.276444117E-2,7.208753377E-4,1.579506556E-3,9.997393489E-1,1.773911618E2,1.828319077E-1,-7.846440091E-2,1.773910327E2
1.536170213E2,2.276953374E-2,7.176531362E-4,1.583018573E-3,9.997392297E-1,1.773905781E2,1.832262428E-1,-7.808516461E-2,1.773904493E2
1.536220213E2,2.276152416E-2,7.230509655E-4,1.582820667E-3,9.997394085E-1,1.773914962E2,1.832170258E-1,-7.870553351E-2,1.773913664E2
1.536270213E2,2.276441095E-2,7.213866920E-4,1.579708653E-3,9.997393489E-1,1.773911653E2,1.828563921E-1,-7.852246085E-2,1.773910361E2
1.536320213E2,2.278047259E-2,7.100670482E-4,1.579628675E-3,9.997389913E-1,1.773893243E2,1.828189375E-1,-7.722293430E-2,1.773891972E2
1.536370213E2,2.278544115E-2,7.058531046E-4,1.585292630E-3,9.997388721E-1,1.773887548E2,1.834571912E-1,-7.672447981E-2,1.773886280E2
1.536420213E2,2.276674547E-2,7.195009384E-4,1.584639191E-3,9.997392893E-1,1.773908977E2,1.834165077E-1,-7.829313484E-2,1.773907684E2
1.536470213E2,2.276716070E-2,7.183790440E-4,1.579173142E-3,9.997392893E-1,1.773908501E2,1.827874110E-1,-7.817879372E-2,1.773907215E2
1.536520213E2,2.277771324E-2,7.111323066E-4,1.581216464E-3,9.997390509E-1,1.773896406E2,1.830034056E-1,-7.734133216E-2,1.773895131E2
1.536570213E2,2.277439707E-2,7.132556057E-4,1.590314903E-3,9.997391105E-1,1.773900207E2,1.840510271E-1,-7.756144207E-2,1.773898921E2
1.536620213E2,2.277408850E-2,7.142644026E-4,1.594276167E-3,9.997391105E-1,1.773900560E2,1.845074468E-1,-7.766673008E-2,1.773899270E2
1.536670213E2,2.276907616E-2,7.177765947E-4,1.589530846E-3,9.997392297E-1,1.773906306E2,1.839725887E-1,-7.808239976E-2,1.773905012E2
1.536720213E2,2.276912445E-2,7.174817729E-4,1.588972053E-3,9.997392297E-1,1.773906250E2,1.839078066E-1,-7.805007363E-2,1.773904958E2
1.536770213E2,2.275584010E-2,7.262449362E-4,1.587784383E-3,9.997395277E-1,1.773921477E2,1.837935620E-1,-7.905953792E-2,1.773920169E2
1.536820213E2,2.276341797E-2,7.215691148E-4,1.593870926E-3,9.997393489E-1,1.773912791E2,1.844792496E-1,-7.850659703E-2,1.773911487E2
1.536870213E2,2.276365807E-2,7.205842994E-4,1.590884523E-3,9.997393489E-1,1.773912516E2,1.841345707E-1,-7.840152106E-2,1.773911216E2
1.536920213E2,2.276119885E-2,7.231645286E-4,1.587440027E-3,9.997394085E-1,1.773915335E2,1.837465000E-1,-7.870655410E-2,1.773914033E2
1.536970213E2,2.275032634E-2,7.305851323E-4,1.589745167E-3,9.997396469E-1,1.773927797E2,1.840290741E-1,-7.955266012E-2,1.773926479E2
1.537020213E2,2.276122805E-2,7.221533451E-4,1.587481704E-3,9.997394085E-1,1.773915301E2,1.837486390E-1,-7.859059708E-2,1.773914001E2
1.537070213E2,2.277184358E-2,7.162432885E-4,1.588066225E-3,9.997391701E-1,1.773903134E2,1.838010131E-1,-7.791005438E-2,1.773901844E2
1.537120213E2,2.277723487E-2,7.119880756E-4,1.587709063E-3,9.997390509E-1,1.773896954E2,1.837494080E-1,-7.742251103E-2,1.773895673E2
1.537170213E2,2.276924413E-2,7.166906726E-4,1.587613602E-3,9.997392297E-1,1.773906113E2,1.837501246E-1,-7.796296640E-2,1.773904823E2
1.537220213E2,2.276926718E-2,7.179080858E-4,1.586732687E-3,9.997392297E-1,1.773906087E2,1.836523839E-1,-7.810472969E-2,1.773904795E2
1.537270213E2,2.278271516E-2,7.088808925E-4,1.585531281E-3,9.997389317E-1,1.773890672E2,1.834922282E-1,-7.707122546E-2,1.773889399E2
1.537320213E2,2.278522894E-2,7.055054884E-4,1.588494284E-3,9.997388721E-1,1.773887791E2,1.838230551E-1,-7.667633534E-2,1.773886522E2
1.537370213E2,2.277480212E-2,7.141988608E-4,1.584078651E-3,9.997391105E-1,1.773899743E2,1.833390827E-1,-7.768570462E-2,1.773898460E2
1.537420213E2,2.276398300E-2,7.214476936E-4,1.585835940E-3,9.997393489E-1,1.773912144E2,1.835584725E-1,-7.851354336E-2,1.773910846E2
1.537470213E2,2.277178537E-2,7.151822792E-4,1.589378575E-3,9.997391701E-1,1.773903200E2,1.839485850E-1,-7.778508935E-2,1.773901912E2
1.537520213E2,2.277140067E-2,7.154393825E-4,1.594765461E-3,9.997391701E-1,1.773903641E2,1.845663589E-1,-7.780055701E-2,1.773902348E2
1.537570213E2,2.277200751E-2,7.144996198E-4,1.586500322E-3,9.997391701E-1,1.773902946E2,1.836170821E-1,-7.771435296E-2,1.773901661E2
1.537620213E2,2.278003219E-2,7.103262469E-4,1.585851074E-3,9.997389913E-1,1.773893748E2,1.835324310E-1,-7.723646532E-2,1.773892471E2
1.537670213E2,2.277993821E-2,7.103905082E-4,1.587171690E-3,9.997389913E-1,1.773893855E2,1.836838839E-1,-7.724039695E-2,1.773892578E2
1.537720213E2,2.277447727E-2,7.144256379E-4,1.588640385E-3,9.997391105E-1,1.773900115E2,1.838622510E-1,-7.769983851E-2,1.773898829E2
1.537770213E2,2.276899300E-2,7.175768842E-4,1.590811647E-3,9.997392297E-1,1.773906401E2,1.841187923E-1,-7.805619394E-2,1.773905107E2
1.537820213E2,2.277435566E-2,7.137605571E-4,1.590681379E-3,9.997391105E-1,1.773900254E2,1.840943260E-1,-7.761834134E-2,1.773898968E2
1.537870213E2,2.276603644E-2,7.189041353E-4,1.595062437E-3,9.997392893E-1,1.773909790E2,1.846090038E-1,-7.819770061E-2,1.773908490E2
1.537920213E2,2.276092943E-2,7.229923503E-4,1.591376611E-3,9.997394085E-1,1.773915644E2,1.841970129E-1,-7.867661061E-2,1.773914339E2
1.537970213E2,2.276910550E-2,7.175803185E-4,1.589199179E-3,9.997392297E-1,1.773906272E2,1.839340823E-1,-7.806077404E-2,1.773904979E2
1.538020213E2,2.277953459E-2,7.104470278E-4,1.592928893E-3,9.997389913E-1,1.773894318E2,1.843435572E-1,-7.723191707E-2,1.773893036E2
1.538070213E2,2.278229059E-2,7.088751299E-4,1.591622713E-3,9.997389317E-1,1.773891159E2,1.841900272E-1,-7.705473977E-2,1.773889881E2
1.538120213E2,2.277441263E-2,7.129320875E-4,1.590237138E-3,9.997391105E-1,1.773900189E2,1.840412749E-1,-7.752457937E-2,1.773898904E2
1.538170213E2,2.278251006E-2,7.073992165E-4,1.589135965E-3,9.997389317E-1,1.773890908E2,1.839013035E-1,-7.689210863E-2,1.773889634E2
1.538220213E2,2.278756950E-2,7.038511103E-4,1.593159745E-3,9.997388124E-1,1.773885108E2,1.843533986E-1,-7.647419330E-2,1.773883838E2
1.538270213E2,2.277706664E-2,7.109415601E-4,1.590588712E-3,9.997390509E-1,1.773897147E2,1.840765616E-1,-7.729513491E-2,1.773895866E2
1.538320213E2,2.277705093E-2,7.123012911E-4,1.590205356E-3,9.997390509E-1,1.773897165E2,1.840361919E-1,-7.745191153E-2,1.773895881E2
1.538370213E2,2.277970202E-2,7.096115150E-4,1.590905711E-3,9.997389913E-1,1.773894126E2,1.841096090E-1,-7.714144994E-2,1.773892847E2
1.538420213E2,2.278254705E-2,7.083934615E-4,1.588162500E-3,9.997389317E-1,1.773890865E2,1.837923803E-1,-7.700854576E-2,1.773889591E2
1.538470213E2,2.277747408E-2,7.115402841E-4,1.584474696E-3,9.997390509E-1,1.773896680E2,1.833777218E-1,-7.737960977E-2,1.773895402E2
1.538520213E2,2.277754604E-2,7.110367878E-4,1.583666075E-3,9.997390509E-1,1.773896597E2,1.832837758E-1,-7.732402588E-2,1.773895321E2
1.538570213E2,2.278024796E-2,7.097703055E-4,1.582997967E-3,9.997389913E-1,1.773893500E2,1.832041384E-1,-7.718018431E-2,1.773892227E2
1.538620213E2,2.277980092E-2,7.092635497E-4,1.589644235E-3,9.997389913E-1,1.773894013E2,1.839641909E-1,-7.710486131E-2,1.773892735E2
1.538670213E2,2.278020015E-2,7.101333467E-4,1.583523001E-3,9.997389913E-1,1.773893555E2,1.832652314E-1,-7.722041306E-2,1.773892281E2
1.538720213E2,2.278002120E-2,7.096597692E-4,1.586307189E-3,9.997389913E-1,1.773893760E2,1.835829436E-1,-7.715892381E-2,1.773892485E2
1.538770213E2,2.278755044E-2,7.053468726E-4,1.592770801E-3,9.997388124E-1,1.773885130E2,1.843127453E-1,-7.664656952E-2,1.773883858E2
1.538820213E2,2.278482723E-2,7.068089326E-4,1.593668363E-3,9.997388721E-1,1.773888252E2,1.844191810E-1,-7.681222402E-2,1.773886976E2
1.538870213E2,2.277719059E-2,7.117540226E-4,1.588448999E-3,9.997390509E-1,1.773897005E2,1.838335621E-1,-7.739377428E-2,1.773895724E2
1.538920213E2,2.278776927E-2,7.049308624E-4,1.589821419E-3,9.997388124E-1,1.773884879E2,1.839737884E-1,-7.660657243E-2,1.773883610E2
1.538970213E2,2.278202404E-2,7.083847886E-4,1.595651265E-3,9.997389317E-1,1.773891465E2,1.846502455E-1,-7.698809696E-2,1.773890184E2
1.539020213E2,2.277445422E-2,7.143164403E-4,1.589019783E-3,9.997391105E-1,1.773900141E2,1.839054288E-1,-7.768634271E-2,1.773898855E2
1.539070213E2,2.276699214E-2,7.191824261E-4,1.581236254E-3,9.997392893E-1,1.773908694E2,1.830258485E-1,-7.826547865E-2,1.773907405E2
1.539120213E2,2.277756917E-2,7.112819003E-4,1.583223231E-3,9.997390509E-1,1.773896571E2,1.832336843E-1,-7.735325808E-2,1.773895295E2
1.539170213E2,2.278207955E-2,7.081419462E-4,1.594966394E-3,9.997389317E-1,1.773891401E2,1.845711555E-1,-7.696205432E-2,1.773890122E2
1.539220213E2,2.277440369E-2,7.139343070E-4,1.589915482E-3,9.997391105E-1,1.773900199E2,1.840070406E-1,-7.764023648E-2,1.773898913E2
1.539270213E2,2.277475316E-2,7.141587557E-4,1.584800542E-3,9.997391105E-1,1.773899799E2,1.834216755E-1,-7.767923501E-2,1.773898516E2
1.539320213E2,2.278244529E-2,7.081581862E-4,1.589726424E-3,9.997389317E-1,1.773890982E2,1.839709244E-1,-7.697752782E-2,1.773889706E2
1.539370213E2,2.277946609E-2,7.092057494E-4,1.594460802E-3,9.997389913E-1,1.773894397E2,1.845158100E-1,-7.708572774E-2,1.773893116E2
1.539420213E2,2.278264365E-2,7.081549847E-4,1.586882630E-3,9.997389317E-1,1.773890754E2,1.836451405E-1,-7.698454922E-2,1.773889481E2
1.539470213E2,2.278822396E-2,7.042522193E-4,1.583592617E-3,9.997388124E-1,1.773884358E2,1.832584667E-1,-7.654500858E-2,1.773883095E2
1.539520213E2,2.279516746E-2,6.999576581E-4,1.598381088E-3,9.997386336E-1,1.773876400E2,1.849419756E-1,-7.601311236E-2,1.773875133E2
1.539570213E2,2.279220383E-2,7.018840988E-4,1.602512901E-3,9.997386932E-1,1.773879796E2,1.854201313E-1,-7.622356487E-2,1.773878523E2
1.539620213E2,2.279761828E-2,6.969096721E-4,1.602035598E-3,9.997385740E-1,1.773873590E2,1.853528662E-1,-7.565392912E-2,1.773872327E2
1.539670213E2,2.280260729E-2,6.936730933E-4,1.606821432E-3,9.997384548E-1,1.773867872E2,1.858930600E-1,-7.526971047E-2,1.773866611E2
1.539720213E2,2.280510985E-2,6.926686037E-4,1.608822495E-3,9.997383952E-1,1.773865003E2,1.861198687E-1,-7.514893959E-2,1.773863743E2
1.539770213E2,2.279740541E-2,6.982344203E-4,1.604486140E-3,9.997385740E-1,1.773873834E2,1.856370504E-1,-7.579933183E-2,1.773872566E2
1.539820213E2,2.279714901E-2,6.983312778E-4,1.608083025E-3,9.997385740E-1,1.773874128E2,1.860493502E-1,-7.580107877E-2,1.773872857E2
1.539870213E2,2.280197133E-2,6.933821132E-4,1.615945948E-3,9.997384548E-1,1.773868601E2,1.869375744E-1,-7.521265080E-2,1.773867333E2
1.539920213E2,2.279921073E-2,6.953619886E-4,1.617170521E-3,9.997385144E-1,1.773871765E2,1.870828296E-1,-7.543678529E-2,1.773870493E2
1.539970213E2,2.279389009E-2,6.989326794E-4,1.616938389E-3,9.997386336E-1,1.773877864E2,1.870651625E-1,-7.584745153E-2,1.773876585E2
1.540020213E2,2.280446675E-2,6.922795437E-4,1.618079143E-3,9.997383952E-1,1.773865741E2,1.871792634E-1,-7.508029730E-2,1.773864474E2
1.540070213E2,2.280934793E-2,6.881738664E-4,1.624670695E-3,9.997382760E-1,1.773860146E2,1.879240384E-1,-7.459180080E-2,1.773858882E2
1.540120213E2,2.281197043E-2,6.870317156E-4,1.625011209E-3,9.997382164E-1,1.773857140E2,1.879602580E-1,-7.445957105E-2,1.773855878E2
1.540170213E2,2.281475060E-2,6.858928245E-4,1.623130636E-3,9.997381568E-1,1.773853953E2,1.877420450E-1,-7.433349195E-2,1.773852695E2
1.540220213E2,2.281745177E-2,6.833233638E-4,1.622956945E-3,9.997380972E-1,1.773850857E2,1.877156281E-1,-7.403907735E-2,1.773849604E2
1.540270213E2,2.282246346E-2,6.804696168E-4,1.627115184E-3,9.997379780E-1,1.773845112E2,1.881849108E-1,-7.370033116E-2,1.773843861E2
1.540320213E2,2.281480763E-2,6.846980541E-4,1.622833544E-3,9.997381568E-1,1.773853888E2,1.877048898E-1,-7.419738318E-2,1.773852632E2
1.540370213E2,2.280682224E-2,6.897387211E-4,1.622785465E-3,9.997383356E-1,1.773863041E2,1.877119646E-1,-7.477647509E-2,1.773861775E2
1.540420213E2,2.280688264E-2,6.904249894E-4,1.621644362E-3,9.997383356E-1,1.773862971E2,1.875830359E-1,-7.485806615E-2,1.773861705E2
1.540470213E2,2.281474196E-2,6.851705839E-4,1.623557182E-3,9.997381568E-1,1.773853963E2,1.877890218E-1,-7.424963732E-2,1.773852706E2
1.540520213E2,2.280410574E-2,6.917687715E-4,1.623376738E-3,9.997383952E-1,1.773866154E2,1.877848045E-1,-7.500800584E-2,1.773864884E2
1.540570213E2,2.281470428E-2,6.856856635E-4,1.623869059E-3,9.997381568E-1,1.773854006E2,1.878260950E-1,-7.430783733E-2,1.773852748E2
1.540620213E2,2.282243805E-2,6.801718264E-4,1.627596095E-3,9.997379780E-1,1.773845142E2,1.882392242E-1,-7.366496284E-2,1.773843891E2
1.540670213E2,2.280663948E-2,6.904391339E-4,1.625054516E-3,9.997383356E-1,1.773863250E2,1.879737286E-1,-7.485081948E-2,1.773861982E2
1.540720213E2,2.280672374E-2,6.901638117E-4,1.623988617E-3,9.997383356E-1,1.773863154E2,1.878509038E-1,-7.482204810E-2,1.773861886E2
1.540770213E2,2.281761558E-2,6.841467693E-4,1.620304771E-3,9.997380972E-1,1.773850669E2,1.874139553E-1,-7.414031224E-2,1.773849416E2
1.540820213E2,2.281529118E-2,6.845385069E-4,1.616088673E-3,9.997381568E-1,1.773853333E2,1.869318029E-1,-7.419664934E-2,1.773852083E2
1.540870213E2,2.281830968E-2,6.828860496E-4,1.611035434E-3,9.997380972E-1,1.773849874E2,1.863487965E-1,-7.401999060E-2,1.773848630E2
1.540920213E2,2.281056948E-2,6.875132094E-4,1.607711543E-3,9.997382760E-1,1.773858745E2,1.859795287E-1,-7.456021696E-2,1.773857495E2
1.540970213E2,2.281013406E-2,6.893824320E-4,1.613080036E-3,9.997382760E-1,1.773859245E2,1.865994079E-1,-7.476040599E-2,1.773857987E2
1.541020213E2,2.280747373E-2,6.903407048E-4,1.613345812E-3,9.997383356E-1,1.773862294E2,1.866321616E-1,-7.486998916E-2,1.773861034E2
1.541070213E2,2.280769384E-2,6.896369159E-4,1.610532636E-3,9.997383356E-1,1.773862042E2,1.863080554E-1,-7.479667368E-2,1.773860785E2
1.541120213E2,2.279709293E-2,6.983645726E-4,1.608863357E-3,9.997385740E-1,1.773874193E2,1.861388293E-1,-7.580286490E-2,1.773872921E2
1.541170213E2,2.279700041E-2,6.985309883E-4,1.610101666E-3,9.997385740E-1,1.773874299E2,1.862811204E-1,-7.581871193E-2,1.773873026E2
1.541220213E2,2.280755388E-2,6.911866949E-4,1.611849759E-3,9.997383356E-1,1.773862202E2,1.864629881E-1,-7.497080240E-2,1.773860942E2
1.541270213E2,2.279455943E-2,6.987430970E-4,1.607557409E-3,9.997386336E-1,1.773877096E2,1.859900142E-1,-7.585011238E-2,1.773875825E2
1.541320213E2,2.279684060E-2,6.977936719E-4,1.612681895E-3,9.997385740E-1,1.773874482E2,1.865747781E-1,-7.572753279E-2,1.773873208E2
1.541370213E2,2.279681401E-2,6.972309784E-4,1.613301109E-3,9.997385740E-1,1.773874512E2,1.866442442E-1,-7.566145699E-2,1.773873239E2
1.541420213E2,2.279153085E-2,7.008670364E-4,1.612498425E-3,9.997386932E-1,1.773880568E2,1.865613850E-1,-7.608109264E-2,1.773879289E2
1.541470213E2,2.278898177E-2,7.027243264E-4,1.610762090E-3,9.997387528E-1,1.773883490E2,1.863671239E-1,-7.629887711E-2,1.773882208E2
1.541520213E2,2.280258016E-2,6.946144858E-4,1.606799779E-3,9.997384548E-1,1.773867903E2,1.858930375E-1,-7.537761955E-2,1.773866640E2
1.541570213E2,2.280536314E-2,6.926979986E-4,1.605215366E-3,9.997383952E-1,1.773864713E2,1.857067248E-1,-7.516168695E-2,1.773863455E2
1.541620213E2,2.278895355E-2,7.031165296E-4,1.610990148E-3,9.997387528E-1,1.773883522E2,1.863942729E-1,-7.634321824E-2,1.773882240E2
1.541670213E2,2.279659321E-2,6.978518795E-4,1.616150141E-3,9.997385740E-1,1.773874765E2,1.869722405E-1,-7.572518678E-2,1.773873489E2
1.541720213E2,2.280277163E-2,6.931910757E-4,1.604695921E-3,9.997384548E-1,1.773867684E2,1.856483099E-1,-7.522001343E-2,1.773866425E2
1.541770213E2,2.279987079E-2,6.964585627E-4,1.607362996E-3,9.997385144E-1,1.773871008E2,1.859621752E-1,-7.558791223E-2,1.773869742E2
1.541820213E2,2.279935921E-2,6.966745714E-4,1.614510082E-3,9.997385144E-1,1.773871595E2,1.867814853E-1,-7.559408018E-2,1.773870322E2
1.541870213E2,2.279983064E-2,6.950205425E-4,1.608554507E-3,9.997385144E-1,1.773871054E2,1.860949164E-1,-7.542006457E-2,1.773869790E2
1.541920213E2,2.279491018E-2,6.990522379E-4,1.602441305E-3,9.997386336E-1,1.773876694E2,1.854047373E-1,-7.589882728E-2,1.773875426E2
1.541970213E2,2.280236973E-2,6.939120940E-4,1.610086183E-3,9.997384548E-1,1.773868144E2,1.862676830E-1,-7.528860386E-2,1.773866880E2
1.542020213E2,2.280497681E-2,6.924664485E-4,1.610794105E-3,9.997383952E-1,1.773865156E2,1.863452019E-1,-7.512065255E-2,1.773863894E2
1.542070213E2,2.280002105E-2,6.953980192E-4,1.605689991E-3,9.997385144E-1,1.773870836E2,1.857677525E-1,-7.547075793E-2,1.773869573E2
1.542120213E2,2.279991118E-2,6.961565814E-4,1.606920850E-3,9.997385144E-1,1.773870962E2,1.859107361E-1,-7.555446448E-2,1.773869696E2
1.542170213E2,2.280223966E-2,6.938359002E-4,1.611960004E-3,9.997384548E-1,1.773868293E2,1.864821428E-1,-7.527500277E-2,1.773867028E2
1.542220213E2,2.279953635E-2,6.957674050E-4,1.612398424E-3,9.997385144E-1,1.773871392E2,1.865372126E-1,-7.549563789E-2,1.773870123E2
1.542270213E2,2.280245221E-2,6.931913667E-4,1.609228319E-3,9.997384548E-1,1.773868050E2,1.861675271E-1,-7.520826248E-2,1.773866788E2
1.542320213E2,2.280234780E-2,6.940698368E-4,1.610328676E-3,9.997384548E-1,1.773868169E2,1.862958741E-1,-7.530604555E-2,1.773866905E2
1.542370213E2,2.278891717E-2,7.030051784E-4,1.611553249E-3,9.997387528E-1,1.773883564E2,1.864584893E-1,-7.632899787E-2,1.773882281E2
1.542420213E2,2.279470249E-2,6.988267996E-4,1.605491154E-3,9.997386336E-1,1.773876932E2,1.857535293E-1,-7.586507237E-2,1.773875663E2
1.542470213E2,2.280035602E-2,6.963502383E-4,1.600512536E-3,9.997385144E-1,1.773870452E2,1.851771265E-1,-7.559331143E-2,1.773869191E2
1.542520213E2,2.278949491E-2,7.027590182E-4,1.603470417E-3,9.997387528E-1,1.773882901E2,1.855319049E-1,-7.632179884E-2,1.773881626E2
1.542570213E2,2.279463832E-2,6.994052674E-4,1.606150181E-3,9.997386336E-1,1.773877006E2,1.858305352E-1,-7.592963300E-2,1.773875735E2
1.542620213E2,2.280327052E-2,6.938001025E-4,1.597326482E-3,9.997384548E-1,1.773867112E2,1.848056815E-1,-7.530894964E-2,1.773865857E2
1.542670213E2,2.281097041E-2,6.885523326E-4,1.601566677E-3,9.997382760E-1,1.773858286E2,1.852783073E-1,-7.469524913E-2,1.773857039E2
1.542720213E2,2.280258479E-2,6.931946264E-4,1.607347163E-3,9.997384548E-1,1.773867898E2,1.859520367E-1,-7.521352690E-2,1.773866637E2
1.542770213E2,2.279950168E-2,6.951033138E-4,1.613174798E-3,9.997385144E-1,1.773871432E2,1.866244176E-1,-7.541753650E-2,1.773870163E2
1.542820213E2,2.279779407E-2,6.978557794E-4,1.599119511E-3,9.997385740E-1,1.773873389E2,1.850212787E-1,-7.576990261E-2,1.773872126E2
1.542870213E2,2.280912700E-2,6.893979153E-4,1.590210362E-3,9.997383356E-1,1.773860399E2,1.839793783E-1,-7.482214592E-2,1.773859158E2
1.542920213E2,2.281374643E-2,6.859807181E-4,1.600335352E-3,9.997382164E-1,1.773855104E2,1.851307279E-1,-7.440334555E-2,1.773853862E2
1.542970213E2,2.280503767E-2,6.929075462E-4,1.609742525E-3,9.997383952E-1,1.773865086E2,1.862258883E-1,-7.517392226E-2,1.773863824E2
1.543020213E2,2.281051160E-2,6.877867854E-4,1.608415623E-3,9.997382760E-1,1.773858812E2,1.860609004E-1,-7.458972856E-2,1.773857561E2
1.543070213E2,2.281354587E-2,6.858300185E-4,1.603256445E-3,9.997382164E-1,1.773855334E2,1.854649651E-1,-7.437848149E-2,1.773854090E2
1.543120213E2,2.279953425E-2,6.960961618E-4,1.612286200E-3,9.997385144E-1,1.773871394E2,1.865252148E-1,-7.553359442E-2,1.773870124E2
1.543170213E2,2.280194815E-2,6.947378861E-4,1.615690766E-3,9.997384548E-1,1.773868627E2,1.869118815E-1,-7.536864149E-2,1.773867358E2
1.543220213E2,2.280779910E-2,6.910999073E-4,1.608413528E-3,9.997383356E-1,1.773861921E2,1.860691183E-1,-7.496979545E-2,1.773860664E2
1.543270213E2,2.279728661E-2,6.979802856E-4,1.606283709E-3,9.997385740E-1,1.773873971E2,1.858423104E-1,-7.576554364E-2,1.773872702E2
1.543320213E2,2.279127024E-2,7.023391081E-4,1.615538495E-3,9.997386932E-1,1.773880867E2,1.869134869E-1,-7.624184415E-2,1.773879582E2
1.543370213E2,2.278645515E-2,7.045387174E-4,1.608718419E-3,9.997388124E-1,1.773886386E2,1.861375423E-1,-7.651254435E-2,1.773885103E2
1.543420213E2,2.278133356E-2,7.087210543E-4,1.605330850E-3,9.997389317E-1,1.773892256E2,1.857599833E-1,-7.700147735E-2,1.773890968E2
1.543470213E2,2.277292486E-2,7.141872193E-4,1.610846608E-3,9.997391105E-1,1.773901894E2,1.864054988E-1,-7.761485839E-2,1.773900591E2
1.543520213E2,2.277257585E-2,7.142039831E-4,1.615765737E-3,9.997391105E-1,1.773902294E2,1.869690611E-1,-7.760400660E-2,1.773900987E2
1.543570213E2,2.277285407E-2,7.135954220E-4,1.612109249E-3,9.997391105E-1,1.773901975E2,1.865485994E-1,-7.754377915E-2,1.773900672E2
1.543620213E2,2.278860716E-2,7.025542436E-4,1.616127207E-3,9.997387528E-1,1.773883919E2,1.869812897E-1,-7.626545089E-2,1.773882634E2
1.543670213E2,2.278811330E-2,7.034714217E-4,1.622678712E-3,9.997387528E-1,1.773884485E2,1.877342012E-1,-7.635350773E-2,1.773883193E2
1.543720213E2,2.277761186E-2,7.105541299E-4,1.620143303E-3,9.997389913E-1,1.773896522E2,1.874614269E-1,-7.717350484E-2,1.773895219E2
1.543770213E2,2.277218281E-2,7.140688249E-4,1.621355303E-3,9.997391105E-1,1.773902745E2,1.876090300E-1,-7.757400943E-2,1.773901434E2
1.543820213E2,2.276891233E-2,7.167378208E-4,1.629336388E-3,9.997391701E-1,1.773906493E2,1.885300707E-1,-7.785956318E-2,1.773905171E2
1.543870213E2,2.276073050E-2,7.214770885E-4,1.631840132E-3,9.997393489E-1,1.773915872E2,1.888286305E-1,-7.839751427E-2,1.773914538E2
1.543920213E2,2.275587047E-2,7.258079131E-4,1.624650671E-3,9.997394681E-1,1.773921442E2,1.880159045E-1,-7.891332752E-2,1.773920106E2
1.543970213E2,2.276372927E-2,7.207065355E-4,1.626860234E-3,9.997392893E-1,1.773912434E2,1.882563478E-1,-7.832166289E-2,1.773911106E2
1.544020213E2,2.275786517E-2,7.237836253E-4,1.634263201E-3,9.997394085E-1,1.773919156E2,1.891120137E-1,-7.865597699E-2,1.773917816E2
1.544070213E2,2.275810261E-2,7.239582483E-4,1.630875864E-3,9.997394085E-1,1.773918884E2,1.887244274E-1,-7.868477145E-2,1.773917546E2
1.544120213E2,2.276090202E-2,7.226646412E-4,1.628919621E-3,9.997393489E-1,1.773915675E2,1.884971619E-1,-7.854114768E-2,1.773914342E2
1.544170213E2,2.275586555E-2,7.257081452E-4,1.624764176E-3,9.997394681E-1,1.773921448E2,1.880286472E-1,-7.890160286E-2,1.773920112E2
1.544220213E2,2.275271775E-2,7.269760245E-4,1.631591353E-3,9.997395277E-1,1.773925056E2,1.888138409E-1,-7.902964414E-2,1.773923712E2
1.544270213E2,2.275521081E-2,7.262613508E-4,1.633662498E-3,9.997394681E-1,1.773922198E2,1.890494489E-1,-7.894189812E-2,1.773920854E2
1.544320213E2,2.275830279E-2,7.231342606E-4,1.628446160E-3,9.997394085E-1,1.773918654E2,1.884439419E-1,-7.859667298E-2,1.773917320E2
1.544370213E2,2.276060292E-2,7.224575966E-4,1.633185195E-3,9.997393489E-1,1.773916018E2,1.889852715E-1,-7.850635874E-2,1.773914681E2
1.544420213E2,2.276026324E-2,7.229024777E-4,1.637715963E-3,9.997393489E-1,1.773916407E2,1.895054596E-1,-7.854557183E-2,1.773915066E2
1.544470213E2,2.275203938E-2,7.279326674E-4,1.640599803E-3,9.997395277E-1,1.773925833E2,1.898483090E-1,-7.911587895E-2,1.773924481E2
1.544520213E2,2.275762701E-2,7.247859612E-4,1.637132955E-3,9.997394085E-1,1.773919429E2,1.894433744E-1,-7.876336716E-2,1.773918085E2
1.544570213E2,2.276279625E-2,7.198486710E-4,1.640239963E-3,9.997392893E-1,1.773913504E2,1.897868465E-1,-7.818865829E-2,1.773912167E2
1.544620213E2,2.275972154E-2,7.220230182E-4,1.645613112E-3,9.997393489E-1,1.773917028E2,1.904078371E-1,-7.842432467E-2,1.773915683E2
1.544670213E2,2.274907104E-2,7.291834918E-4,1.644879812E-3,9.997395873E-1,1.773929236E2,1.903416624E-1,-7.924858134E-2,1.773927877E2
1.544720213E2,2.274120366E-2,7.347187493E-4,1.642522751E-3,9.997397661E-1,1.773938253E2,1.900854356E-1,-7.989035092E-2,1.773936886E2
1.544770213E2,2.274112216E-2,7.353636320E-4,1.643362339E-3,9.997397661E-1,1.773938347E2,1.901832948E-1,-7.996205730E-2,1.773936978E2
1.544820213E2,2.273302300E-2,7.411360275E-4,1.644045115E-3,9.997399449E-1,1.773947630E2,1.902759068E-1,-8.062311536E-2,1.773946249E2
1.544870213E2,2.272807553E-2,7.439566543E-4,1.638675225E-3,9.997400641E-1,1.773953301E2,1.896676688E-1,-8.096117949E-2,1.773951919E2
1.544920213E2,2.272571792E-2,7.453361177E-4,1.634376356E-3,9.997401237E-1,1.773956003E2,1.891785830E-1,-8.113085623E-2,1.773954622E2
1.544970213E2,2.272788178E-2,7.442852948E-4,1.641211216E-3,9.997400641E-1,1.773953523E2,1.899590379E-1,-8.099226074E-2,1.773952138E2
1.545020213E2,2.271995354E-2,7.505959948E-4,1.639184891E-3,9.997402430E-1,1.773962611E2,1.897426880E-1,-8.172200845E-2,1.773961215E2
1.545070213E2,2.272009614E-2,7.491620490E-4,1.637863810E-3,9.997402430E-1,1.773962447E2,1.895876197E-1,-8.156114558E-2,1.773961056E2
1.545120213E2,2.272543456E-2,7.455055020E-4,1.638234593E-3,9.997401237E-1,1.773956328E2,1.896210093E-1,-8.114026687E-2,1.773954943E2
1.545170213E2,2.272267660E-2,7.474545855E-4,1.639227965E-3,9.997401834E-1,1.773959489E2,1.897396642E-1,-8.136149386E-2,1.773958100E2
1.545220213E2,2.272000274E-2,7.508557756E-4,1.638383721E-3,9.997402430E-1,1.773962554E2,1.896515846E-1,-8.175384606E-2,1.773961159E2
1.545270213E2,2.272348970E-2,7.469675038E-4,1.628141268E-3,9.997401834E-1,1.773958557E2,1.884683454E-1,-8.133440902E-2,1.773957178E2
1.545320213E2,2.273121047E-2,7.425018121E-4,1.632202533E-3,9.997400045E-1,1.773949708E2,1.889226068E-1,-8.081077638E-2,1.773948334E2
1.545370213E2,2.273361590E-2,7.407775265E-4,1.635988476E-3,9.997399449E-1,1.773946951E2,1.893520345E-1,-8.060292133E-2,1.773945577E2
1.545420213E2,2.273908912E-2,7.377156871E-4,1.634154120E-3,9.997398257E-1,1.773940677E2,1.891343484E-1,-8.025589493E-2,1.773939311E2
1.545470213E2,2.274761472E-2,7.306251209E-4,1.628067694E-3,9.997396469E-1,1.773930905E2,1.884192731E-1,-7.945784043E-2,1.773929557E2
1.545520213E2,2.274981133E-2,7.291774964E-4,1.634611865E-3,9.997395873E-1,1.773928387E2,1.891653874E-1,-7.927452287E-2,1.773927037E2
1.545570213E2,2.274674732E-2,7.322569145E-4,1.639414229E-3,9.997396469E-1,1.773931899E2,1.897233417E-1,-7.961536778E-2,1.773930539E2
1.545620213E2,2.275778436E-2,7.248783950E-4,1.634903136E-3,9.997394085E-1,1.773919248E2,1.891881751E-1,-7.877974206E-2,1.773917906E2
1.545670213E2,2.276354292E-2,7.195829530E-4,1.629962120E-3,9.997392893E-1,1.773912648E2,1.886087605E-1,-7.818488670E-2,1.773911320E2
1.545720213E2,2.276311431E-2,7.204755093E-4,1.635544002E-3,9.997392893E-1,1.773913139E2,1.892505276E-1,-7.827265947E-2,1.773911805E2
1.545770213E2,2.275502867E-2,7.264891756E-4,1.636096393E-3,9.997394681E-1,1.773922407E2,1.893288608E-1,-7.896168577E-2,1.773921061E2
1.545820213E2,2.276332012E-2,7.208189345E-4,1.632525469E-3,9.997392893E-1,1.773912903E2,1.889056302E-1,-7.831983810E-2,1.773911571E2
1.545870213E2,2.276631434E-2,7.183118141E-4,1.628373400E-3,9.997392297E-1,1.773909471E2,1.884236534E-1,-7.804288490E-2,1.773908147E2
1.545920213E2,2.276586345E-2,7.192596095E-4,1.634248300E-3,9.997392297E-1,1.773909988E2,1.890991319E-1,-7.813622385E-2,1.773908657E2
1.545970213E2,2.276564929E-2,7.183262496E-4,1.637638663E-3,9.997392297E-1,1.773910234E2,1.894850870E-1,-7.802049196E-2,1.773908902E2
1.546020213E2,2.277641922E-2,7.117594359E-4,1.636300469E-3,9.997389913E-1,1.773897889E2,1.893154794E-1,-7.726963823E-2,1.773896571E2
1.546070213E2,2.277078133E-2,7.146454882E-4,1.640669536E-3,9.997391105E-1,1.773904351E2,1.898231048E-1,-7.758993595E-2,1.773903024E2
1.546120213E2,2.277591738E-2,7.115966291E-4,1.643341500E-3,9.997389913E-1,1.773898464E2,1.901216507E-1,-7.723270429E-2,1.773897141E2
1.546170213E2,2.277887926E-2,7.092728047E-4,1.639549737E-3,9.997389317E-1,1.773895069E2,1.896814206E-1,-7.697581781E-2,1.773893753E2
1.546220213E2,2.277331943E-2,7.131346501E-4,1.642417861E-3,9.997390509E-1,1.773901442E2,1.900196502E-1,-7.741180714E-2,1.773900116E2
1.546270213E2,2.277051121E-2,7.152797189E-4,1.644138480E-3,9.997391105E-1,1.773904661E2,1.902221484E-1,-7.765359377E-2,1.773903330E2
1.546320213E2,2.278130904E-2,7.085409015E-4,1.642448711E-3,9.997388721E-1,1.773892284E2,1.900118091E-1,-7.688394045E-2,1.773890968E2
1.546370213E2,2.278403711E-2,7.065540995E-4,1.641743584E-3,9.997388124E-1,1.773889157E2,1.899260500E-1,-7.665765166E-2,1.773887845E2
1.546420213E2,2.278144299E-2,7.072932785E-4,1.641128096E-3,9.997388721E-1,1.773892131E2,1.898572695E-1,-7.674443293E-2,1.773890817E2
1.546470213E2,2.278639660E-2,7.040954661E-4,1.646343037E-3,9.997387528E-1,1.773886453E2,1.904467329E-1,-7.636352789E-2,1.773885142E2
1.546520213E2,2.278660159E-2,7.041093777E-4,1.643497497E-3,9.997387528E-1,1.773886218E2,1.901207940E-1,-7.637251310E-2,1.773884909E2
1.546570213E2,2.278414997E-2,7.050746353E-4,1.640813192E-3,9.997388124E-1,1.773889028E2,1.898156079E-1,-7.649056959E-2,1.773887719E2
1.546620213E2,2.279211946E-2,7.001657505E-4,1.641182695E-3,9.997386336E-1,1.773879893E2,1.898457257E-1,-7.592572139E-2,1.773878594E2
1.546670213E2,2.278318049E-2,7.061064825E-4,1.653779997E-3,9.997388124E-1,1.773890139E2,1.913037316E-1,-7.657510883E-2,1.773888819E2
1.546720213E2,2.277768929E-2,7.100371295E-4,1.655671862E-3,9.997389317E-1,1.773896433E2,1.915303081E-1,-7.702152286E-2,1.773895103E2
1.546770213E2,2.278317311E-2,7.055725437E-4,1.654109452E-3,9.997388124E-1,1.773890148E2,1.913400799E-1,-7.651308114E-2,1.773888828E2
1.546820213E2,2.278302564E-2,7.055293536E-4,1.656157896E-3,9.997388124E-1,1.773890317E2,1.915746298E-1,-7.650281320E-2,1.773888995E2
1.546870213E2,2.277524015E-2,7.117741625E-4,1.652624342E-3,9.997389913E-1,1.773899240E2,1.911855233E-1,-7.722894351E-2,1.773897910E2
1.546920213E2,2.278033654E-2,7.072315202E-4,1.656442066E-3,9.997388721E-1,1.773893399E2,1.916114232E-1,-7.669758972E-2,1.773892074E2
1.546970213E2,2.278822701E-2,7.030226407E-4,1.657622750E-3,9.997386932E-1,1.773884355E2,1.917362976E-1,-7.621081786E-2,1.773883037E2
1.547020213E2,2.277713430E-2,7.093750755E-4,1.663571922E-3,9.997389317E-1,1.773897069E2,1.924335842E-1,-7.692516240E-2,1.773895735E2
1.547070213E2,2.277172469E-2,7.133361651E-4,1.664296025E-3,9.997390509E-1,1.773903270E2,1.925264606E-1,-7.737810321E-2,1.773901927E2
1.547120213E2,2.277729069E-2,7.092421292E-4,1.661486109E-3,9.997389317E-1,1.773896890E2,1.921942941E-1,-7.691534618E-2,1.773895557E2
1.547170213E2,2.277719772E-2,7.098064525E-4,1.662519295E-3,9.997389317E-1,1.773896997E2,1.923141241E-1,-7.697731705E-2,1.773895662E2
1.547220213E2,2.276618340E-2,7.183349808E-4,1.666345401E-3,9.997391701E-1,1.773909621E2,1.927738554E-1,-7.794649652E-2,1.773908267E2
1.547270213E2,2.277126682E-2,7.139783702E-4,1.670274651E-3,9.997390509E-1,1.773903795E2,1.932130249E-1,-7.743616207E-2,1.773902446E2
1.547320213E2,2.277383934E-2,7.121410454E-4,1.671660924E-3,9.997389913E-1,1.773900846E2,1.933672430E-1,-7.722155992E-2,1.773899500E2
1.547370213E2,2.277629367E-2,7.112170570E-4,1.674260595E-3,9.997389317E-1,1.773898033E2,1.936628443E-1,-7.710844611E-2,1.773896687E2
1.547420213E2,2.277633615E-2,7.104211836E-4,1.674020546E-3,9.997389317E-1,1.773897984E2,1.936332696E-1,-7.701788784E-2,1.773896640E2
1.547470213E2,2.277680493E-2,7.105194964E-4,1.667588367E-3,9.997389317E-1,1.773897447E2,1.928966786E-1,-7.704584899E-2,1.773896107E2
1.547520213E2,2.277697507E-2,7.099250215E-4,1.665516407E-3,9.997389317E-1,1.773897252E2,1.926577718E-1,-7.698312032E-2,1.773895915E2
1.547570213E2,2.278495712E-2,7.055378519E-4,1.665536314E-3,9.997387528E-1,1.773888103E2,1.926492106E-1,-7.647892867E-2,1.773886774E2
1.547620213E2,2.277670561E-2,7.104492979E-4,1.668974175E-3,9.997389317E-1,1.773897561E2,1.930552487E-1,-7.703420892E-2,1.773896220E2
1.547670213E2,2.276898669E-2,7.155863568E-4,1.664986019E-3,9.997391105E-1,1.773906408E2,1.926111678E-1,-7.763461592E-2,1.773905060E2
1.547720213E2,2.277151216E-2,7.132843020E-4,1.667223638E-3,9.997390509E-1,1.773903514E2,1.928617022E-1,-7.736456284E-2,1.773902169E2
1.547770213E2,2.277644610E-2,7.104913821E-4,1.672494109E-3,9.997389317E-1,1.773897858E2,1.934585894E-1,-7.702989279E-2,1.773896515E2
1.547820213E2,2.277114488E-2,7.136241766E-4,1.672087470E-3,9.997390509E-1,1.773903934E2,1.934197715E-1,-7.739087803E-2,1.773902585E2
1.547870213E2,2.276845719E-2,7.165476563E-4,1.671799575E-3,9.997391105E-1,1.773907015E2,1.933942103E-1,-7.772706803E-2,1.773905660E2
1.547920213E2,2.278168101E-2,7.072211010E-4,1.673838822E-3,9.997388124E-1,1.773891858E2,1.936045072E-1,-7.665072024E-2,1.773890520E2
1.547970213E2,2.277643529E-2,7.106484845E-4,1.672574552E-3,9.997389317E-1,1.773897871E2,1.934682144E-1,-7.704768284E-2,1.773896527E2
1.548020213E2,2.276592068E-2,7.169934688E-4,1.670507365E-3,9.997391701E-1,1.773909923E2,1.932471380E-1,-7.778200302E-2,1.773908568E2
1.548070213E2,2.278183228E-2,7.070555585E-4,1.671848819E-3,9.997388124E-1,1.773891684E2,1.933761077E-1,-7.663692150E-2,1.773890348E2
1.548120213E2,2.277881813E-2,7.080866490E-4,1.676832559E-3,9.997388721E-1,1.773895139E2,1.939495160E-1,-7.674261843E-2,1.773893797E2
1.548170213E2,2.277064029E-2,7.149570738E-4,1.678377856E-3,9.997390509E-1,1.773904513E2,1.941438506E-1,-7.752726010E-2,1.773903156E2
1.548220213E2,2.276842272E-2,7.158985245E-4,1.672546845E-3,9.997391105E-1,1.773907055E2,1.934781226E-1,-7.765075926E-2,1.773905700E2
1.548270213E2,2.277951791E-2,7.076799520E-4,1.667471952E-3,9.997388721E-1,1.773894337E2,1.928761375E-1,-7.672032645E-2,1.773893003E2
1.548320213E2,2.277671264E-2,7.101047668E-4,1.669024932E-3,9.997389317E-1,1.773897553E2,1.930601647E-1,-7.699460501E-2,1.773896213E2
1.548370213E2,2.276335536E-2,7.189747994E-4,1.668942394E-3,9.997392297E-1,1.773912863E2,1.930728211E-1,-7.801356597E-2,1.773911505E2
1.548420213E2,2.276626385E-2,7.174739148E-4,1.665617106E-3,9.997391701E-1,1.773909529E2,1.926881801E-1,-7.784973591E-2,1.773908177E2
1.548470213E2,2.277175622E-2,7.132141618E-4,1.663916861E-3,9.997390509E-1,1.773903234E2,1.924827067E-1,-7.736510970E-2,1.773901891E2
1.548520213E2,2.276636593E-2,7.182618720E-4,1.663881354E-3,9.997391701E-1,1.773909412E2,1.924913926E-1,-7.794451448E-2,1.773908060E2
1.548570213E2,2.275846072E-2,7.230336778E-4,1.662519760E-3,9.997393489E-1,1.773918473E2,1.923472356E-1,-7.849625405E-2,1.773917113E2
1.548620213E2,2.275844981E-2,7.228692411E-4,1.662740600E-3,9.997393489E-1,1.773918486E2,1.923721058E-1,-7.847684204E-2,1.773917125E2
1.548670213E2,2.276632476E-2,7.182160043E-4,1.664464362E-3,9.997391701E-1,1.773909459E2,1.925580603E-1,-7.793774669E-2,1.773908107E2
1.548720213E2,2.276363410E-2,7.194111240E-4,1.664947718E-3,9.997392297E-1,1.773912543E2,1.926163428E-1,-7.807391899E-2,1.773911188E2
1.548770213E2,2.275819978E-2,7.230977644E-4,1.666060183E-3,9.997393489E-1,1.773918772E2,1.927529806E-1,-7.849441258E-2,1.773917409E2
1.548820213E2,2.275823925E-2,7.237152313E-4,1.665252727E-3,9.997393489E-1,1.773918727E2,1.926620903E-1,-7.856724893E-2,1.773917363E2
1.548870213E2,2.276317013E-2,7.192509365E-4,1.671348116E-3,9.997392297E-1,1.773913075E2,1.933491317E-1,-7.803896090E-2,1.773911715E2
1.548920213E2,2.276054795E-2,7.219676045E-4,1.670234138E-3,9.997392893E-1,1.773916081E2,1.932283940E-1,-7.835359981E-2,1.773914716E2
1.548970213E2,2.275283615E-2,7.259832928E-4,1.666530268E-3,9.997394681E-1,1.773924920E2,1.928139380E-1,-7.882479218E-2,1.773923551E2
1.549020213E2,2.275549199E-2,7.253092481E-4,1.666318276E-3,9.997394085E-1,1.773921876E2,1.927881032E-1,-7.874761304E-2,1.773920508E2
1.549070213E2,2.275566153E-2,7.253944641E-4,1.663964358E-3,9.997394085E-1,1.773921682E2,1.925186690E-1,-7.876348127E-2,1.773920315E2
1.549120213E2,2.275621467E-2,7.245661691E-4,1.656744978E-3,9.997394085E-1,1.773921048E2,1.916894849E-1,-7.868731060E-2,1.773919689E2
1.549170213E2,2.275617458E-2,7.249399205E-4,1.657132059E-3,9.997394085E-1,1.773921094E2,1.917348013E-1,-7.872912647E-2,1.773919734E2
1.549220213E2,2.275665521E-2,7.243994041E-4,1.650755992E-3,9.997394085E-1,1.773920543E2,1.910029736E-1,-7.868373969E-2,1.773919189E2
1.549270213E2,2.275653557E-2,7.247346221E-4,1.652257401E-3,9.997394085E-1,1.773920680E2,1.911758430E-1,-7.871825025E-2,1.773919324E2
1.549320213E2,2.274855640E-2,7.292782539E-4,1.651940169E-3,9.997395873E-1,1.773929826E2,1.911507182E-1,-7.924112956E-2,1.773928461E2
1.549370213E2,2.275919656E-2,7.236380479E-4,1.652151346E-3,9.997393489E-1,1.773917630E2,1.911610424E-1,-7.859239257E-2,1.773916276E2
1.549420213E2,2.276986702E-2,7.153400802E-4,1.653009793E-3,9.997391105E-1,1.773905399E2,1.912385720E-1,-7.763748288E-2,1.773904061E2
1.549470213E2,2.275337285E-2,7.258657715E-4,1.659238013E-3,9.997394681E-1,1.773924305E2,1.919782575E-1,-7.883023968E-2,1.773922942E2
1.549520213E2,2.274544811E-2,7.324272301E-4,1.657266985E-3,9.997396469E-1,1.773933388E2,1.917689322E-1,-7.958859141E-2,1.773932014E2
1.549570213E2,2.276158598E-2,7.208319148E-4,1.656522742E-3,9.997392893E-1,1.773914891E2,1.916547062E-1,-7.825905776E-2,1.773913540E2
1.549620213E2,2.276959015E-2,7.161319954E-4,1.656477107E-3,9.997391105E-1,1.773905717E2,1.916378398E-1,-7.771921160E-2,1.773904374E2
1.549670213E2,2.276400191E-2,7.198269595E-4,1.659730915E-3,9.997392297E-1,1.773912122E2,1.920198085E-1,-7.813509604E-2,1.773910770E2
1.549720213E2,2.275339697E-2,7.265652530E-4,1.658600988E-3,9.997394681E-1,1.773924277E2,1.919071046E-1,-7.891202990E-2,1.773922913E2
1.549770213E2,2.275349939E-2,7.267941837E-4,1.657094923E-3,9.997394681E-1,1.773924160E2,1.917351717E-1,-7.894216401E-2,1.773922796E2
1.549820213E2,2.275857397E-2,7.236486999E-4,1.660701004E-3,9.997393489E-1,1.773918343E2,1.921404881E-1,-7.857143374E-2,1.773916983E2
1.549870213E2,2.275878851E-2,7.229761686E-4,1.658051624E-3,9.997393489E-1,1.773918098E2,1.918352322E-1,-7.850125601E-2,1.773916741E2
1.549920213E2,2.275889979E-2,7.227013120E-4,1.656643348E-3,9.997393489E-1,1.773917970E2,1.916731889E-1,-7.847341956E-2,1.773916615E2
1.549970213E2,2.275633036E-2,7.240097038E-4,1.655398635E-3,9.997394085E-1,1.773920915E2,1.915338027E-1,-7.862704982E-2,1.773919558E2
1.550020213E2,2.275621869E-2,7.238668622E-4,1.656995388E-3,9.997394085E-1,1.773921043E2,1.917163488E-1,-7.860654300E-2,1.773919685E2
1.550070213E2,2.275332509E-2,7.262317231E-4,1.659732661E-3,9.997394681E-1,1.773924360E2,1.920358761E-1,-7.887088311E-2,1.773922995E2
1.550120213E2,2.275303559E-2,7.263877778E-4,1.663628500E-3,9.997394681E-1,1.773924692E2,1.924825758E-1,-7.887865843E-2,1.773923324E2
1.550170213E2,2.275297299E-2,7.263521547E-4,1.664500101E-3,9.997394681E-1,1.773924763E2,1.925823305E-1,-7.887231679E-2,1.773923395E2
1.550220213E2,2.274231273E-2,7.334718248E-4,1.663864590E-3,9.997397065E-1,1.773936982E2,1.925272412E-1,-7.969166866E-2,1.773935600E2
1.550270213E2,2.272922794E-2,7.436563610E-4,1.659064787E-3,9.997400045E-1,1.773951980E2,1.920028528E-1,-8.087344959E-2,1.773950582E2
1.550320213E2,2.274055187E-2,7.352347020E-4,1.651292550E-3,9.997397661E-1,1.773939001E2,1.910914153E-1,-7.992672907E-2,1.773937625E2
1.550370213E2,2.275379215E-2,7.264202577E-4,1.653234474E-3,9.997394681E-1,1.773923824E2,1.912919585E-1,-7.890933649E-2,1.773922465E2
1.550420213E2,2.274549354E-2,7.322087185E-4,1.656739856E-3,9.997396469E-1,1.773933336E2,1.917079772E-1,-7.956492363E-2,1.773931963E2
1.550470213E2,2.274313738E-2,7.342056488E-4,1.652228413E-3,9.997397065E-1,1.773936037E2,1.911961542E-1,-7.980590555E-2,1.773934663E2
1.550520213E2,2.274866667E-2,7.306304760E-4,1.649822807E-3,9.997395873E-1,1.773929699E2,1.909116829E-1,-7.940154128E-2,1.773928334E2
1.550570213E2,2.274593685E-2,7.311320514E-4,1.651119557E-3,9.997396469E-1,1.773932828E2,1.910613322E-1,-7.945614379E-2,1.773931461E2
1.550620213E2,2.274860076E-2,7.304473547E-4,1.650812337E-3,9.997395873E-1,1.773929775E2,1.910245630E-1,-7.937799552E-2,1.773928409E2
1.550670213E2,2.275144387E-2,7.279373240E-4,1.648835489E-3,9.997395277E-1,1.773926516E2,1.907917717E-1,-7.909505291E-2,1.773925157E2
1.550720213E2,2.275415282E-2,7.260445855E-4,1.648428501E-3,9.997394681E-1,1.773923411E2,1.907404247E-1,-7.887876174E-2,1.773922056E2
1.550770213E2,2.275149130E-2,7.287641056E-4,1.647815574E-3,9.997395277E-1,1.773926462E2,1.906770878E-1,-7.919242060E-2,1.773925102E2
1.550820213E2,2.274627535E-2,7.312897942E-4,1.646379707E-3,9.997396469E-1,1.773932440E2,1.905187629E-1,-7.948650562E-2,1.773931076E2
1.550870213E2,2.274621304E-2,7.313173264E-4,1.647228026E-3,9.997396469E-1,1.773932512E2,1.906160149E-1,-7.948746035E-2,1.773931147E2
1.550920213E2,2.275134504E-2,7.278164849E-4,1.650251914E-3,9.997395277E-1,1.773926629E2,1.909537175E-1,-7.907753525E-2,1.773925269E2
1.550970213E2,2.274301631E-2,7.345619961E-4,1.653735992E-3,9.997397065E-1,1.773936176E2,1.913697848E-1,-7.984282329E-2,1.773934800E2
1.551020213E2,2.274078689E-2,7.348323124E-4,1.648232224E-3,9.997397661E-1,1.773938731E2,1.907397878E-1,-7.988856103E-2,1.773937359E2
1.551070213E2,2.275140043E-2,7.287954213E-4,1.649055863E-3,9.997395277E-1,1.773926566E2,1.908192523E-1,-7.919279176E-2,1.773925205E2
1.551120213E2,2.275412343E-2,7.270272472E-4,1.648401027E-3,9.997394681E-1,1.773923445E2,1.907398375E-1,-7.899141443E-2,1.773922088E2
1.551170213E2,2.275122819E-2,7.280887221E-4,1.651742146E-3,9.997395277E-1,1.773926763E2,1.911251424E-1,-7.910486015E-2,1.773925401E2
1.551220213E2,2.274852593E-2,7.301287842E-4,1.651984057E-3,9.997395873E-1,1.773929861E2,1.911579612E-1,-7.933845923E-2,1.773928495E2
1.551270213E2,2.274879066E-2,7.296762196E-4,1.648534904E-3,9.997395873E-1,1.773929557E2,1.907616599E-1,-7.929555382E-2,1.773928195E2
1.551320213E2,2.275375636E-2,7.268785848E-4,1.653525513E-3,9.997394681E-1,1.773923865E2,1.913264928E-1,-7.896109120E-2,1.773922505E2
1.551370213E2,2.275410599E-2,7.257843390E-4,1.649189391E-3,9.997394681E-1,1.773923465E2,1.908269116E-1,-7.884697231E-2,1.773922109E2
1.551420213E2,2.274672038E-2,7.306917105E-4,1.640486065E-3,9.997396469E-1,1.773931930E2,1.898420509E-1,-7.943326637E-2,1.773930572E2
1.551470213E2,2.274932692E-2,7.300581783E-4,1.640948234E-3,9.997395873E-1,1.773928943E2,1.898935532E-1,-7.935898796E-2,1.773927585E2
1.551520213E2,2.275479386E-2,7.262863219E-4,1.639448805E-3,9.997394681E-1,1.773922676E2,1.897123727E-1,-7.892974905E-2,1.773921328E2
1.551570213E2,2.275221866E-2,7.287503686E-4,1.637747977E-3,9.997395277E-1,1.773925628E2,1.895237442E-1,-7.921695791E-2,1.773924276E2
1.551620213E2,2.275496956E-2,7.255935925E-4,1.637315494E-3,9.997394681E-1,1.773922475E2,1.894661834E-1,-7.885591838E-2,1.773921129E2
1.551670213E2,2.275184612E-2,7.271647919E-4,1.643617637E-3,9.997395277E-1,1.773926055E2,1.901920210E-1,-7.902007806E-2,1.773924701E2
1.551720213E2,2.274849289E-2,7.293964154E-4,1.652762410E-3,9.997395873E-1,1.773929898E2,1.912452189E-1,-7.925253498E-2,1.773928533E2
1.551770213E2,2.274334433E-2,7.329048822E-4,1.649955753E-3,9.997397065E-1,1.773935800E2,1.909324193E-1,-7.966277116E-2,1.773934430E2
1.551820213E2,2.275129012E-2,7.286355249E-4,1.650647609E-3,9.997395277E-1,1.773926692E2,1.910011806E-1,-7.917034473E-2,1.773925330E2
1.551870213E2,2.274797250E-2,7.297449047E-4,1.659756294E-3,9.997395873E-1,1.773930495E2,1.920473205E-1,-7.927432595E-2,1.773929124E2
1.551920213E2,2.273959313E-2,7.359274314E-4,1.664136886E-3,9.997397661E-1,1.773940100E2,1.925646189E-1,-7.997280149E-2,1.773938712E2
1.551970213E2,2.273726576E-2,7.385074859E-4,1.658978872E-3,9.997398257E-1,1.773942767E2,1.919802429E-1,-8.028226540E-2,1.773941379E2
1.552020213E2,2.274246603E-2,7.348111831E-4,1.661176095E-3,9.997397065E-1,1.773936807E2,1.922227447E-1,-7.985208526E-2,1.773935424E2
1.552070213E2,2.273164918E-2,7.416896988E-4,1.662685652E-3,9.997399449E-1,1.773949205E2,1.924127393E-1,-8.063824785E-2,1.773947808E2
1.552120213E2,2.272656451E-2,7.452437421E-4,1.658922061E-3,9.997400641E-1,1.773955033E2,1.919904211E-1,-8.105618610E-2,1.773953632E2
1.552170213E2,2.272691073E-2,7.456135936E-4,1.654005493E-3,9.997400641E-1,1.773954636E2,1.914281596E-1,-8.111129546E-2,1.773953238E2
1.552220213E2,2.272971903E-2,7.435978623E-4,1.652349369E-3,9.997400045E-1,1.773951417E2,1.912334071E-1,-8.088414573E-2,1.773950025E2
1.552270213E2,2.272715688E-2,7.455067243E-4,1.650667982E-3,9.997400641E-1,1.773954354E2,1.910455486E-1,-8.110769768E-2,1.773952959E2
1.552320213E2,2.272453491E-2,7.464370574E-4,1.650245860E-3,9.997401237E-1,1.773957359E2,1.909993997E-1,-8.121587866E-2,1.773955963E2
1.552370213E2,2.272200686E-2,7.477346226E-4,1.648358419E-3,9.997401834E-1,1.773960257E2,1.907863439E-1,-8.136992779E-2,1.773958860E2
1.552420213E2,2.272202532E-2,7.492480800E-4,1.647416502E-3,9.997401834E-1,1.773960236E2,1.906823787E-1,-8.154576138E-2,1.773958836E2
1.552470213E2,2.271900993E-2,7.503110101E-4,1.652341103E-3,9.997402430E-1,1.773963692E2,1.912490737E-1,-8.165528630E-2,1.773962287E2
1.552520213E2,2.272689499E-2,7.454712177E-4,1.654285938E-3,9.997400641E-1,1.773954654E2,1.914599158E-1,-8.109425722E-2,1.773953256E2
1.552570213E2,2.271921825E-2,7.505315007E-4,1.649374026E-3,9.997402430E-1,1.773963453E2,1.909097498E-1,-8.168823127E-2,1.773962050E2
1.552620213E2,2.271639702E-2,7.531172014E-4,1.650924794E-3,9.997403026E-1,1.773966687E2,1.910939107E-1,-8.198095563E-2,1.773965277E2
1.552670213E2,2.271376323E-2,7.537024794E-4,1.650801627E-3,9.997403622E-1,1.773969706E2,1.910811080E-1,-8.204883020E-2,1.773968295E2
1.552720213E2,2.271090240E-2,7.560648373E-4,1.652983134E-3,9.997404218E-1,1.773972985E2,1.913369405E-1,-8.231433548E-2,1.773971568E2
1.552770213E2,2.271363667E-2,7.549521397E-4,1.651971601E-3,9.997403622E-1,1.773969851E2,1.912183856E-1,-8.218897242E-2,1.773968437E2
1.552820213E2,2.271398621E-2,7.538583595E-4,1.647659461E-3,9.997403622E-1,1.773969450E2,1.907215586E-1,-8.207482448E-2,1.773968042E2
1.552870213E2,2.270314758E-2,7.622102275E-4,1.648534439E-3,9.997406006E-1,1.773981874E2,1.908426398E-1,-8.303142147E-2,1.773980448E2
1.552920213E2,2.270616908E-2,7.589299348E-4,1.644575736E-3,9.997405410E-1,1.773978411E2,1.903808363E-1,-8.266534905E-2,1.773976994E2
1.552970213E2,2.271149666E-2,7.548213471E-4,1.645368990E-3,9.997404218E-1,1.773972304E2,1.904614593E-1,-8.219158245E-2,1.773970895E2
1.553020213E2,2.271168085E-2,7.548633730E-4,1.642805291E-3,9.997404218E-1,1.773972093E2,1.901678808E-1,-8.220303449E-2,1.773970686E2
1.553070213E2,2.270613196E-2,7.599857054E-4,1.644600765E-3,9.997405410E-1,1.773978453E2,1.903864482E-1,-8.278624206E-2,1.773977035E2
1.553120213E2,2.270894328E-2,7.580448873E-4,1.642912044E-3,9.997404814E-1,1.773975231E2,1.901881660E-1,-8.256775766E-2,1.773973818E2
1.553170213E2,2.271469631E-2,7.544108666E-4,1.637586392E-3,9.997403622E-1,1.773968637E2,1.895690620E-1,-8.216420602E-2,1.773967235E2
1.553220213E2,2.271466230E-2,7.539555663E-4,1.638267655E-3,9.997403622E-1,1.773968676E2,1.896459209E-1,-8.211027906E-2,1.773967274E2
1.553270213E2,2.271483811E-2,7.530636503E-4,1.636239118E-3,9.997403622E-1,1.773968474E2,1.894112196E-1,-8.201334659E-2,1.773967076E2
1.553320213E2,2.271248448E-2,7.553282194E-4,1.631441992E-3,9.997404218E-1,1.773971172E2,1.888673519E-1,-8.228571173E-2,1.773969773E2
1.553370213E2,2.270703041E-2,7.584982086E-4,1.632840722E-3,9.997405410E-1,1.773977423E2,1.890353944E-1,-8.264626227E-2,1.773976018E2
1.553420213E2,2.270686621E-2,7.593965856E-4,1.634705579E-3,9.997405410E-1,1.773977611E2,1.892513610E-1,-8.274436043E-2,1.773976203E2
1.553470213E2,2.270174305E-2,7.625555736E-4,1.631481922E-3,9.997406602E-1,1.773983484E2,1.888898468E-1,-8.311561647E-2,1.773982071E2
1.553520213E2,2.270945449E-2,7.578900550E-4,1.635902328E-3,9.997404814E-1,1.773974645E2,1.893847564E-1,-8.256816500E-2,1.773973238E2
1.553570213E2,2.271748742E-2,7.526552654E-4,1.636064611E-3,9.997403026E-1,1.773965437E2,1.893903818E-1,-8.196651362E-2,1.773964040E2
1.553620213E2,2.269870217E-2,7.638697862E-4,1.636644825E-3,9.997407198E-1,1.773986969E2,1.894844868E-1,-8.325331982E-2,1.773985550E2
1.553670213E2,2.270176853E-2,7.629125030E-4,1.630960382E-3,9.997406602E-1,1.773983454E2,1.888310287E-1,-8.315785899E-2,1.773982042E2
1.553720213E2,2.271004587E-2,7.577743381E-4,1.627725782E-3,9.997404814E-1,1.773973967E2,1.884477806E-1,-8.257607589E-2,1.773972567E2
1.553770213E2,2.269920323E-2,7.638494717E-4,1.629690174E-3,9.997407198E-1,1.773986395E2,1.886877350E-1,-8.326898861E-2,1.773984982E2
1.553820213E2,2.269671498E-2,7.662010612E-4,1.626674552E-3,9.997407794E-1,1.773989247E2,1.883481683E-1,-8.354670444E-2,1.773987832E2
1.553870213E2,2.270195381E-2,7.627578452E-4,1.628451864E-3,9.997406602E-1,1.773983242E2,1.885432603E-1,-8.314663226E-2,1.773981832E2
1.553920213E2,2.269936082E-2,7.652356289E-4,1.626842422E-3,9.997407198E-1,1.773986214E2,1.883651095E-1,-8.343516753E-2,1.773984801E2
1.553970213E2,2.269402076E-2,7.689941558E-4,1.626313664E-3,9.997408390E-1,1.773992335E2,1.883138638E-1,-8.386813284E-2,1.773990915E2
1.554020213E2,2.269407458E-2,7.685509627E-4,1.625772100E-3,9.997408390E-1,1.773992273E2,1.882506728E-1,-8.381875810E-2,1.773990854E2
1.554070213E2,2.269684306E-2,7.659796393E-4,1.624990837E-3,9.997407794E-1,1.773989100E2,1.881547128E-1,-8.352569315E-2,1.773987687E2
1.554120213E2,2.270214935E-2,7.634272915E-4,1.625409350E-3,9.997406602E-1,1.773983018E2,1.881964610E-1,-8.323120388E-2,1.773981609E2
1.554170213E2,2.269401642E-2,7.682192372E-4,1.626740443E-3,9.997408390E-1,1.773992340E2,1.883607407E-1,-8.377824759E-2,1.773990921E2
1.554220213E2,2.269146777E-2,7.700488786E-4,1.624796423E-3,9.997408986E-1,1.773995261E2,1.881425741E-1,-8.399339023E-2,1.773993840E2
1.554270213E2,2.269425855E-2,7.673005457E-4,1.623793505E-3,9.997408390E-1,1.773992063E2,1.880207635E-1,-8.368061905E-2,1.773990648E2
1.554320213E2,2.270466444E-2,7.607506705E-4,1.628192607E-3,9.997406006E-1,1.773980135E2,1.885085616E-1,-8.291684989E-2,1.773978729E2
1.554370213E2,2.269697684E-2,7.663908764E-4,1.622927026E-3,9.997407794E-1,1.773988947E2,1.879193589E-1,-8.357814811E-2,1.773987534E2
1.554420213E2,2.269216523E-2,7.697238470E-4,1.615181216E-3,9.997408986E-1,1.773994462E2,1.870402472E-1,-8.398102685E-2,1.773993049E2
1.554470213E2,2.270615302E-2,7.608160377E-4,1.607269165E-3,9.997406006E-1,1.773978429E2,1.861118185E-1,-8.297850221E-2,1.773977040E2
1.554520213E2,2.271103225E-2,7.564564003E-4,1.614523004E-3,9.997404814E-1,1.773972836E2,1.869318918E-1,-8.245926656E-2,1.773971450E2
1.554570213E2,2.270306891E-2,7.616261137E-4,1.613365836E-3,9.997406602E-1,1.773981964E2,1.868121187E-1,-8.305601834E-2,1.773980569E2
1.554620213E2,2.270317467E-2,7.623662241E-4,1.611527056E-3,9.997406602E-1,1.773981843E2,1.866033985E-1,-8.314557105E-2,1.773980447E2
1.554670213E2,2.270597958E-2,7.594811032E-4,1.610347768E-3,9.997406006E-1,1.773978628E2,1.864610219E-1,-8.281759118E-2,1.773977239E2
1.554720213E2,2.270568021E-2,7.596009527E-4,1.614506938E-3,9.997406006E-1,1.773978971E2,1.869377929E-1,-8.282055495E-2,1.773977578E2
1.554770213E2,2.270029152E-2,7.641289267E-4,1.614328125E-3,9.997407198E-1,1.773985147E2,1.869286415E-1,-8.334076104E-2,1.773983746E2
1.554820213E2,2.270589686E-2,7.611589972E-4,1.610721811E-3,9.997406006E-1,1.773978723E2,1.865082326E-1,-8.300885604E-2,1.773977330E2
1.554870213E2,2.270327532E-2,7.622722187E-4,1.610152889E-3,9.997406602E-1,1.773981727E2,1.864457346E-1,-8.313835806E-2,1.773980333E2
1.554920213E2,2.270031954E-2,7.650158368E-4,1.613513799E-3,9.997407198E-1,1.773985115E2,1.868376604E-1,-8.344448030E-2,1.773983713E2
1.554970213E2,2.270029029E-2,7.650300395E-4,1.613918575E-3,9.997407198E-1,1.773985149E2,1.868840669E-1,-8.344505987E-2,1.773983746E2
1.555020213E2,2.270577696E-2,7.612057962E-4,1.612389111E-3,9.997406006E-1,1.773978860E2,1.866993541E-1,-8.300990141E-2,1.773977466E2
1.555070213E2,2.271101810E-2,7.568033179E-4,1.614559558E-3,9.997404814E-1,1.773972853E2,1.869369813E-1,-8.249891761E-2,1.773971465E2
1.555120213E2,2.270297487E-2,7.631030167E-4,1.613991219E-3,9.997406602E-1,1.773982072E2,1.868875991E-1,-8.322360565E-2,1.773980673E2
1.555170213E2,2.269516601E-2,7.675744710E-4,1.610930078E-3,9.997408390E-1,1.773991022E2,1.865478884E-1,-8.374528524E-2,1.773989618E2
1.555220213E2,2.271408564E-2,7.540821680E-4,1.609580242E-3,9.997404218E-1,1.773969336E2,1.863597091E-1,-8.219956509E-2,1.773967959E2
1.555270213E2,2.272455794E-2,7.477852050E-4,1.612783992E-3,9.997401834E-1,1.773957333E2,1.867111986E-1,-8.146787816E-2,1.773955964E2
1.555320213E2,2.271916755E-2,7.512844750E-4,1.613204717E-3,9.997403026E-1,1.773963512E2,1.867680700E-1,-8.186867233E-2,1.773962136E2
1.555370213E2,2.271663409E-2,7.525924593E-4,1.611332875E-3,9.997403622E-1,1.773966415E2,1.865568256E-1,-8.202386366E-2,1.773965039E2
1.555420213E2,2.272469078E-2,7.480188506E-4,1.610802719E-3,9.997401834E-1,1.773957181E2,1.864848390E-1,-8.149977984E-2,1.773955813E2
1.555470213E2,2.272432618E-2,7.479392807E-4,1.615974936E-3,9.997401834E-1,1.773957599E2,1.870771425E-1,-8.147726292E-2,1.773956227E2
1.555520213E2,2.271909901E-2,7.513120072E-4,1.614156761E-3,9.997403026E-1,1.773963590E2,1.868772044E-1,-8.186936057E-2,1.773962214E2
1.555570213E2,2.272504867E-2,7.470966666E-4,1.606174977E-3,9.997401834E-1,1.773956771E2,1.859523021E-1,-8.140611774E-2,1.773955409E2
1.555620213E2,2.272736898E-2,7.457943284E-4,1.611042186E-3,9.997401237E-1,1.773954111E2,1.865066967E-1,-8.124381125E-2,1.773952748E2
1.555670213E2,2.272164844E-2,7.491988945E-4,1.616169349E-3,9.997402430E-1,1.773960668E2,1.871024769E-1,-8.162156145E-2,1.773959294E2
1.555720213E2,2.271891849E-2,7.507750415E-4,1.616945025E-3,9.997403026E-1,1.773963797E2,1.871952211E-1,-8.180061918E-2,1.773962419E2
1.555770213E2,2.272720966E-2,7.456960157E-4,1.613333588E-3,9.997401237E-1,1.773954294E2,1.867689358E-1,-8.122661015E-2,1.773952929E2
1.555820213E2,2.273507248E-2,7.407843950E-4,1.615617308E-3,9.997399449E-1,1.773945281E2,1.870184045E-1,-8.065650711E-2,1.773943924E2
1.555870213E2,2.272669074E-2,7.457962492E-4,1.620581024E-3,9.997401237E-1,1.773954888E2,1.875994369E-1,-8.121931462E-2,1.773953517E2
1.555920213E2,2.272678215E-2,7.454080624E-4,1.619477291E-3,9.997401237E-1,1.773954784E2,1.874719871E-1,-8.117770067E-2,1.773953414E2
1.555970213E2,2.272731088E-2,7.453042781E-4,1.612088177E-3,9.997401237E-1,1.773954178E2,1.866252466E-1,-8.118495674E-2,1.773952814E2
1.556020213E2,2.272443540E-2,7.473713486E-4,1.614701236E-3,9.997401834E-1,1.773957473E2,1.869297544E-1,-8.141549606E-2,1.773956104E2
1.556070213E2,2.272984346E-2,7.441788330E-4,1.613864675E-3,9.997400641E-1,1.773951275E2,1.868260399E-1,-8.105092353E-2,1.773949912E2
1.556120213E2,2.273240053E-2,7.426014636E-4,1.615497633E-3,9.997400045E-1,1.773948344E2,1.870092128E-1,-8.086548539E-2,1.773946983E2
1.556170213E2,2.273751284E-2,7.386480574E-4,1.619132119E-3,9.997398853E-1,1.773942484E2,1.874156987E-1,-8.040214949E-2,1.773941128E2
1.556220213E2,2.273240504E-2,7.424042560E-4,1.615524758E-3,9.997400045E-1,1.773948339E2,1.870118069E-1,-8.084282142E-2,1.773946978E2
1.556270213E2,2.273543957E-2,7.406269433E-4,1.610515756E-3,9.997399449E-1,1.773944860E2,1.864335790E-1,-8.065169222E-2,1.773943507E2
1.556320213E2,2.274104662E-2,7.364845951E-4,1.607248327E-3,9.997398257E-1,1.773938433E2,1.860489113E-1,-8.018460692E-2,1.773937091E2
1.556370213E2,2.273838453E-2,7.373896078E-4,1.607422018E-3,9.997398853E-1,1.773941485E2,1.860709547E-1,-8.028832961E-2,1.773940140E2
1.556420213E2,2.273795274E-2,7.375521818E-4,1.613444183E-3,9.997398853E-1,1.773941980E2,1.867612559E-1,-8.029134269E-2,1.773940630E2
1.556470213E2,2.273293452E-2,7.420486072E-4,1.608221210E-3,9.997400045E-1,1.773947732E2,1.861742127E-1,-8.082100539E-2,1.773946378E2
1.556520213E2,2.275197099E-2,7.287057233E-4,1.604486024E-3,9.997395873E-1,1.773925912E2,1.857130481E-1,-7.929861483E-2,1.773924586E2
1.556570213E2,2.274888011E-2,7.309532957E-4,1.610141015E-3,9.997396469E-1,1.773929455E2,1.863665107E-1,-7.954193251E-2,1.773928120E2
1.556620213E2,2.273817505E-2,7.381158648E-4,1.610049745E-3,9.997398853E-1,1.773941725E2,1.863738686E-1,-8.036472273E-2,1.773940377E2
1.556670213E2,2.274391933E-2,7.346395287E-4,1.604516990E-3,9.997397661E-1,1.773935141E2,1.857314245E-1,-7.997981716E-2,1.773933804E2
1.556720213E2,2.275206249E-2,7.290269132E-4,1.603042008E-3,9.997395873E-1,1.773925807E2,1.855484634E-1,-7.933915894E-2,1.773924482E2
1.556770213E2,2.275202428E-2,7.289492059E-4,1.603619428E-3,9.997395873E-1,1.773925851E2,1.856144082E-1,-7.932875823E-2,1.773924525E2
1.556820213E2,2.274660279E-2,7.322221063E-4,1.604720252E-3,9.997397065E-1,1.773932065E2,1.857486230E-1,-7.970184457E-2,1.773930732E2
1.556870213E2,2.274669984E-2,7.324295002E-4,1.603249228E-3,9.997397065E-1,1.773931954E2,1.855806478E-1,-7.972942049E-2,1.773930622E2
1.556920213E2,2.274934447E-2,7.298222627E-4,1.604081946E-3,9.997396469E-1,1.773928922E2,1.856694589E-1,-7.942806890E-2,1.773927595E2
1.556970213E2,2.274639880E-2,7.319582510E-4,1.607729355E-3,9.997397065E-1,1.773932299E2,1.860926482E-1,-7.966381096E-2,1.773930964E2
1.557020213E2,2.274389783E-2,7.339961012E-4,1.605116180E-3,9.997397661E-1,1.773935165E2,1.857983900E-1,-7.990454722E-2,1.773933829E2
1.557070213E2,2.274899502E-2,7.298712153E-4,1.609007944E-3,9.997396469E-1,1.773929323E2,1.862338916E-1,-7.942089993E-2,1.773927991E2
1.557120213E2,2.275693217E-2,7.258308469E-4,1.609700383E-3,9.997394681E-1,1.773920225E2,1.863033115E-1,-7.895474389E-2,1.773918901E2
1.557170213E2,2.274894099E-2,7.313106325E-4,1.609118306E-3,9.997396469E-1,1.773929385E2,1.862502835E-1,-7.958552448E-2,1.773928051E2
1.557220213E2,2.274884432E-2,7.313230890E-4,1.610478736E-3,9.997396469E-1,1.773929496E2,1.864061620E-1,-7.958342293E-2,1.773928160E2
1.557270213E2,2.275666691E-2,7.252836367E-4,1.613692148E-3,9.997394681E-1,1.773920529E2,1.867591684E-1,-7.888169400E-2,1.773919203E2
1.557320213E2,2.275097619E-2,7.293607341E-4,1.618235605E-3,9.997395873E-1,1.773927052E2,1.872898584E-1,-7.933799082E-2,1.773925714E2
1.557370213E2,2.274836320E-2,7.318597054E-4,1.617017668E-3,9.997396469E-1,1.773930047E2,1.871566368E-1,-7.962794197E-2,1.773928706E2
1.557420213E2,2.275365857E-2,7.279049023E-4,1.618000562E-3,9.997395277E-1,1.773923978E2,1.872593478E-1,-7.917131853E-2,1.773922643E2
1.557470213E2,2.276195739E-2,7.221574197E-4,1.614332316E-3,9.997393489E-1,1.773914465E2,1.868247693E-1,-7.852089098E-2,1.773913144E2
1.557520213E2,2.275928389E-2,7.232571952E-4,1.614621258E-3,9.997394085E-1,1.773917530E2,1.868605299E-1,-7.864662919E-2,1.773916206E2
1.557570213E2,2.275371762E-2,7.271778886E-4,1.617496950E-3,9.997395277E-1,1.773923910E2,1.871997616E-1,-7.908933268E-2,1.773922577E2
1.557620213E2,2.275605233E-2,7.263983716E-4,1.621837029E-3,9.997394681E-1,1.773921234E2,1.876951220E-1,-7.898827467E-2,1.773919899E2
1.557670213E2,2.274521815E-2,7.325751940E-4,1.624068827E-3,9.997397065E-1,1.773933652E2,1.879660474E-1,-7.969211919E-2,1.773932303E2
1.557720213E2,2.273951469E-2,7.359022275E-4,1.629041974E-3,9.997398257E-1,1.773940189E2,1.885439979E-1,-8.006138295E-2,1.773938830E2
1.557770213E2,2.274483288E-2,7.322778692E-4,1.629589242E-3,9.997397065E-1,1.773934094E2,1.885976722E-1,-7.964374059E-2,1.773932741E2
1.557820213E2,2.274217878E-2,7.345538470E-4,1.629039994E-3,9.997397661E-1,1.773937136E2,1.885404700E-1,-7.990641280E-2,1.773935779E2
1.557870213E2,2.274473828E-2,7.333426620E-4,1.630430575E-3,9.997397065E-1,1.773934202E2,1.886968253E-1,-7.976355006E-2,1.773932847E2
1.557920213E2,2.274721805E-2,7.311361260E-4,1.633371925E-3,9.997396469E-1,1.773931360E2,1.890282379E-1,-7.950262988E-2,1.773930007E2
1.557970213E2,2.274475322E-2,7.338515716E-4,1.629993087E-3,9.997397065E-1,1.773934185E2,1.886480334E-1,-7.982298914E-2,1.773932829E2
1.558020213E2,2.274488688E-2,7.322453312E-4,1.628850005E-3,9.997397065E-1,1.773934032E2,1.885129030E-1,-7.964192961E-2,1.773932680E2
1.558070213E2,2.274434798E-2,7.327077328E-4,1.636150759E-3,9.997397065E-1,1.773934649E2,1.893504555E-1,-7.967597574E-2,1.773933291E2
1.558120213E2,2.274421255E-2,7.338921423E-4,1.637501875E-3,9.997397065E-1,1.773934805E2,1.895083189E-1,-7.980816785E-2,1.773933443E2
1.558170213E2,2.273679660E-2,7.380665047E-4,1.629422652E-3,9.997398853E-1,1.773943305E2,1.885930313E-1,-8.030884718E-2,1.773941942E2
1.558220213E2,2.275020305E-2,7.296401309E-4,1.628943719E-3,9.997395873E-1,1.773927938E2,1.885172699E-1,-7.934222651E-2,1.773926591E2
1.558270213E2,2.275737870E-2,7.249120390E-4,1.640525297E-3,9.997394085E-1,1.773919713E2,1.898323176E-1,-7.876901088E-2,1.773918367E2
1.558320213E2,2.274956910E-2,7.305098698E-4,1.637385809E-3,9.997395873E-1,1.773928665E2,1.894866311E-1,-7.941997595E-2,1.773927310E2
1.558370213E2,2.274969367E-2,7.295452524E-4,1.636084635E-3,9.997395873E-1,1.773928522E2,1.893350606E-1,-7.931283631E-2,1.773927170E2
1.558420213E2,2.274967574E-2,7.295509567E-4,1.636331435E-3,9.997395873E-1,1.773928543E2,1.893633481E-1,-7.931284978E-2,1.773927190E2
1.558470213E2,2.274672599E-2,7.318435819E-4,1.639894675E-3,9.997396469E-1,1.773931924E2,1.897773033E-1,-7.956676732E-2,1.773930564E2
1.558520213E2,2.274938468E-2,7.297105039E-4,1.640302013E-3,9.997395873E-1,1.773928876E2,1.898186188E-1,-7.932083152E-2,1.773927520E2
1.558570213E2,2.275491998E-2,7.259667036E-4,1.637839130E-3,9.997394681E-1,1.773922532E2,1.895271414E-1,-7.889730658E-2,1.773921185E2
1.558620213E2,2.275220376E-2,7.270376082E-4,1.638715970E-3,9.997395277E-1,1.773925645E2,1.896301722E-1,-7.901821999E-2,1.773924296E2
1.558670213E2,2.274949944E-2,7.301248843E-4,1.638524933E-3,9.997395873E-1,1.773928745E2,1.896161222E-1,-7.937291479E-2,1.773927389E2
1.558720213E2,2.274720903E-2,7.319099968E-4,1.633150969E-3,9.997396469E-1,1.773931370E2,1.890049414E-1,-7.959186359E-2,1.773930016E2
1.558770213E2,2.274742639E-2,7.317961426E-4,1.630171784E-3,9.997396469E-1,1.773931121E2,1.886633602E-1,-7.958654531E-2,1.773929769E2
1.558820213E2,2.274438632E-2,7.339911535E-4,1.635042136E-3,9.997397065E-1,1.773934605E2,1.892267978E-1,-7.982588901E-2,1.773933245E2
1.558870213E2,2.274151926E-2,7.351326640E-4,1.637961599E-3,9.997397661E-1,1.773937892E2,1.895640042E-1,-7.994959666E-2,1.773936527E2
1.558920213E2,2.274175777E-2,7.354947738E-4,1.634483924E-3,9.997397661E-1,1.773937618E2,1.891665571E-1,-8.000009875E-2,1.773936256E2
1.558970213E2,2.274711612E-2,7.317389245E-4,1.634521177E-3,9.997396469E-1,1.773931477E2,1.891614620E-1,-7.956871099E-2,1.773930121E2
1.559020213E2,2.274950052E-2,7.289937930E-4,1.639013528E-3,9.997395873E-1,1.773928744E2,1.896691477E-1,-7.924206098E-2,1.773927390E2
1.559070213E2,2.274963894E-2,7.287957123E-4,1.637179288E-3,9.997395873E-1,1.773928585E2,1.894585078E-1,-7.922412422E-2,1.773927233E2
1.559120213E2,2.274749880E-2,7.314512623E-4,1.629315899E-3,9.997396469E-1,1.773931038E2,1.885644147E-1,-7.954925266E-2,1.773929687E2
1.559170213E2,2.274202448E-2,7.343415637E-4,1.631288324E-3,9.997397661E-1,1.773937313E2,1.887974778E-1,-7.987626279E-2,1.773935955E2
1.559220213E2,2.273641535E-2,7.388192462E-4,1.634393819E-3,9.997398853E-1,1.773943742E2,1.891644699E-1,-8.038220193E-2,1.773942373E2
1.559270213E2,2.274486199E-2,7.333814865E-4,1.628686441E-3,9.997397065E-1,1.773934060E2,1.884971246E-1,-7.977252061E-2,1.773932706E2
1.559320213E2,2.274775300E-2,7.314042305E-4,1.625784207E-3,9.997396469E-1,1.773930747E2,1.881597142E-1,-7.955302322E-2,1.773929399E2
1.559370213E2,2.275082456E-2,7.291221991E-4,1.620473340E-3,9.997395873E-1,1.773927226E2,1.875455841E-1,-7.930485803E-2,1.773925887E2
1.559420213E2,2.274284852E-2,7.340856246E-4,1.619875315E-3,9.997397661E-1,1.773936368E2,1.874893777E-1,-7.987653180E-2,1.773935020E2
1.559470213E2,2.274531637E-2,7.336058188E-4,1.622227021E-3,9.997397065E-1,1.773933539E2,1.877577405E-1,-7.981497172E-2,1.773932190E2
1.559520213E2,2.275343145E-2,7.275794051E-4,1.621337375E-3,9.997395277E-1,1.773924238E2,1.876407533E-1,-7.912537083E-2,1.773922901E2
1.559570213E2,2.274788084E-2,7.309131906E-4,1.624215511E-3,9.997396469E-1,1.773930600E2,1.879787309E-1,-7.950083413E-2,1.773929255E2
1.559620213E2,2.274246523E-2,7.346096099E-4,1.625010977E-3,9.997397661E-1,1.773936807E2,1.880790653E-1,-7.992324765E-2,1.773935454E2
1.559670213E2,2.274269622E-2,7.346668281E-4,1.621749019E-3,9.997397661E-1,1.773936543E2,1.877055360E-1,-7.993826071E-2,1.773935192E2
1.559720213E2,2.275053709E-2,7.294057868E-4,1.624376979E-3,9.997395873E-1,1.773927555E2,1.879935099E-1,-7.932722287E-2,1.773926213E2
1.559770213E2,2.274502394E-2,7.332292153E-4,1.626491779E-3,9.997397065E-1,1.773933875E2,1.882453154E-1,-7.976076606E-2,1.773932523E2
1.559820213E2,2.273687471E-2,7.383508491E-4,1.628203434E-3,9.997398853E-1,1.773943215E2,1.884541023E-1,-8.034458424E-2,1.773941852E2
1.559870213E2,2.274012259E-2,7.369198138E-4,1.620071591E-3,9.997398257E-1,1.773939493E2,1.875190322E-1,-8.020122133E-2,1.773938139E2
1.559920213E2,2.274522959E-2,7.331100060E-4,1.623667311E-3,9.997397065E-1,1.773933639E2,1.879214439E-1,-7.975443263E-2,1.773932290E2
1.559970213E2,2.273454189E-2,7.403100026E-4,1.623283024E-3,9.997399449E-1,1.773945889E2,1.878953267E-1,-8.058228742E-2,1.773944527E2
1.560020213E2,2.273985341E-2,7.359459414E-4,1.624287106E-3,9.997398257E-1,1.773939801E2,1.879994111E-1,-8.007871790E-2,1.773938446E2
1.560070213E2,2.274793115E-2,7.311078953E-4,1.623423072E-3,9.997396469E-1,1.773930542E2,1.878884591E-1,-7.952519616E-2,1.773929197E2
1.560120213E2,2.275275244E-2,7.280536811E-4,1.630626735E-3,9.997395277E-1,1.773925016E2,1.887061452E-1,-7.915561099E-2,1.773923671E2
1.560170213E2,2.274724775E-2,7.311723311E-4,1.632942120E-3,9.997396469E-1,1.773931326E2,1.889790952E-1,-7.950789241E-2,1.773929973E2
1.560220213E2,2.273689497E-2,7.384328055E-4,1.627883292E-3,9.997398853E-1,1.773943192E2,1.884176414E-1,-8.035480365E-2,1.773941829E2
1.560270213E2,2.274770819E-2,7.305075997E-4,1.626814017E-3,9.997396469E-1,1.773930798E2,1.882753503E-1,-7.944762750E-2,1.773929451E2
1.560320213E2,2.275315665E-2,7.275686366E-4,1.625194098E-3,9.997395277E-1,1.773924553E2,1.880825378E-1,-7.911413252E-2,1.773923213E2
1.560370213E2,2.275028097E-2,7.298733108E-4,1.627750578E-3,9.997395873E-1,1.773927849E2,1.883811953E-1,-7.937203599E-2,1.773926503E2
1.560420213E2,2.274463800E-2,7.332889363E-4,1.631853054E-3,9.997397065E-1,1.773934317E2,1.888596394E-1,-7.975370641E-2,1.773932961E2
1.560470213E2,2.274453659E-2,7.334180991E-4,1.633207896E-3,9.997397065E-1,1.773934433E2,1.890151816E-1,-7.976499133E-2,1.773933076E2
1.560520213E2,2.274473316E-2,7.331065717E-4,1.630608225E-3,9.997397065E-1,1.773934208E2,1.887165614E-1,-7.973604106E-2,1.773932853E2
1.560570213E2,2.273896250E-2,7.365632919E-4,1.636434346E-3,9.997398257E-1,1.773940822E2,1.893925627E-1,-8.011795652E-2,1.773939456E2
1.560620213E2,2.272826010E-2,7.450183621E-4,1.635630033E-3,9.997400641E-1,1.773953090E2,1.893215855E-1,-8.109070718E-2,1.773951708E2
1.560670213E2,2.272804336E-2,7.453841390E-4,1.638472662E-3,9.997400641E-1,1.773953338E2,1.896481786E-1,-8.112524843E-2,1.773951953E2
1.560720213E2,2.272535287E-2,7.465686649E-4,1.638883376E-3,9.997401237E-1,1.773956422E2,1.896980976E-1,-8.126039065E-2,1.773955034E2
1.560770213E2,2.272018323E-2,7.490568096E-4,1.636703382E-3,9.997402430E-1,1.773962347E2,1.894544116E-1,-8.155209403E-2,1.773960957E2
1.560820213E2,2.272283530E-2,7.480508648E-4,1.636754139E-3,9.997401834E-1,1.773959308E2,1.894578230E-1,-8.143621640E-2,1.773957919E2
1.560870213E2,2.272551617E-2,7.454169681E-4,1.637142384E-3,9.997401237E-1,1.773956235E2,1.894956595E-1,-8.113295323E-2,1.773954851E2
1.560920213E2,2.272259181E-2,7.489799755E-4,1.639706898E-3,9.997401834E-1,1.773959587E2,1.897984973E-1,-8.153501430E-2,1.773958194E2
1.560970213E2,2.271752297E-2,7.516499027E-4,1.636033063E-3,9.997403026E-1,1.773965397E2,1.893841528E-1,-8.185141280E-2,1.773964002E2
1.561020213E2,2.272544181E-2,7.467393298E-4,1.637571957E-3,9.997401237E-1,1.773956320E2,1.895483104E-1,-8.128334076E-2,1.773954933E2
1.561070213E2,2.272499270E-2,7.463042857E-4,1.643990050E-3,9.997401237E-1,1.773956835E2,1.902824117E-1,-8.121687224E-2,1.773955444E2
1.561120213E2,2.271947832E-2,7.500944776E-4,1.645987039E-3,9.997402430E-1,1.773963155E2,1.905206123E-1,-8.164693381E-2,1.773961755E2
1.561170213E2,2.273105797E-2,7.424193900E-4,1.634362387E-3,9.997400045E-1,1.773949883E2,1.891698173E-1,-8.079573651E-2,1.773948507E2
1.561220213E2,2.273906115E-2,7.371396059E-4,1.634803251E-3,9.997398257E-1,1.773940709E2,1.892072108E-1,-8.018821179E-2,1.773939343E2
1.561270213E2,2.273335768E-2,7.401561015E-4,1.639853464E-3,9.997399449E-1,1.773947247E2,1.897931761E-1,-8.052170963E-2,1.773945871E2
1.561320213E2,2.272524280E-2,7.465907838E-4,1.640398987E-3,9.997401237E-1,1.773956548E2,1.898717781E-1,-8.125899847E-2,1.773955159E2
1.561370213E2,2.272528645E-2,7.458577165E-4,1.640127739E-3,9.997401237E-1,1.773956498E2,1.898387976E-1,-8.117571505E-2,1.773955111E2
1.561420213E2,2.272579673E-2,7.456511375E-4,1.633136300E-3,9.997401237E-1,1.773955913E2,1.890373464E-1,-8.117016008E-2,1.773954532E2
1.561470213E2,2.272261968E-2,7.487302064E-4,1.639434835E-3,9.997401834E-1,1.773959555E2,1.897666811E-1,-8.150710345E-2,1.773958163E2
1.561520213E2,2.271980059E-2,7.500778884E-4,1.641540322E-3,9.997402430E-1,1.773962786E2,1.900111698E-1,-8.165654956E-2,1.773961390E2
1.561570213E2,2.272271560E-2,7.479178021E-4,1.638475806E-3,9.997401834E-1,1.773959445E2,1.896547046E-1,-8.141651200E-2,1.773958055E2
1.561620213E2,2.272554133E-2,7.466110401E-4,1.636248780E-3,9.997401237E-1,1.773956206E2,1.893963983E-1,-8.127207074E-2,1.773954820E2
1.561670213E2,2.272244646E-2,7.473687292E-4,1.642454066E-3,9.997401834E-1,1.773959753E2,1.901090112E-1,-8.134330109E-2,1.773958361E2
1.561720213E2,2.271972393E-2,7.496306207E-4,1.642805175E-3,9.997402430E-1,1.773962874E2,1.901549032E-1,-8.160203111E-2,1.773961477E2
1.561770213E2,2.271733336E-2,7.509801653E-4,1.638970920E-3,9.997403026E-1,1.773965614E2,1.897189610E-1,-8.176707407E-2,1.773964218E2
1.561820213E2,2.272542400E-2,7.464467199E-4,1.637952402E-3,9.997401237E-1,1.773956340E2,1.895911315E-1,-8.124883142E-2,1.773954954E2
1.561870213E2,2.272317976E-2,7.477812469E-4,1.632088679E-3,9.997401834E-1,1.773958913E2,1.889226635E-1,-8.141741219E-2,1.773957528E2
1.561920213E2,2.272262027E-2,7.479831111E-4,1.639767550E-3,9.997401834E-1,1.773959554E2,1.898028521E-1,-8.142064835E-2,1.773958163E2
1.561970213E2,2.272513903E-2,7.464597002E-4,1.641895506E-3,9.997401237E-1,1.773956667E2,1.900428727E-1,-8.124010368E-2,1.773955277E2
1.562020213E2,2.272234386E-2,7.474668091E-4,1.643828233E-3,9.997401834E-1,1.773959871E2,1.902666858E-1,-8.135097858E-2,1.773958478E2
1.562070213E2,2.272002881E-2,7.506965194E-4,1.638095127E-3,9.997402430E-1,1.773962524E2,1.896181101E-1,-8.173634783E-2,1.773961130E2
1.562120213E2,2.272911383E-2,7.442964124E-4,1.624054275E-3,9.997400641E-1,1.773952111E2,1.879936300E-1,-8.103798909E-2,1.773950740E2
1.562170213E2,2.272594058E-2,7.462130743E-4,1.630876330E-3,9.997401237E-1,1.773955748E2,1.887799145E-1,-8.124039512E-2,1.773954368E2
1.562220213E2,2.272029342E-2,7.499343483E-4,1.634770771E-3,9.997402430E-1,1.773962221E2,1.892353015E-1,-8.165763753E-2,1.773960830E2
1.562270213E2,2.272344614E-2,7.486584364E-4,1.627972466E-3,9.997401834E-1,1.773958607E2,1.884534072E-1,-8.152857314E-2,1.773957225E2
1.562320213E2,2.272965971E-2,7.440153277E-4,1.616525813E-3,9.997400641E-1,1.773951485E2,1.871304649E-1,-8.102529475E-2,1.773950121E2
1.562370213E2,2.272617473E-2,7.453199360E-4,1.628019381E-3,9.997401237E-1,1.773955480E2,1.884503089E-1,-8.114547189E-2,1.773954104E2
1.562420213E2,2.272069434E-2,7.498223567E-4,1.629240694E-3,9.997402430E-1,1.773961762E2,1.886015048E-1,-8.165913059E-2,1.773960376E2
1.562470213E2,2.272113231E-2,7.504207897E-4,1.622844837E-3,9.997402430E-1,1.773961260E2,1.878703753E-1,-8.174425903E-2,1.773959878E2
1.562520213E2,2.272838158E-2,7.444809307E-4,1.634186017E-3,9.997400641E-1,1.773952950E2,1.891547658E-1,-8.103287618E-2,1.773951571E2
1.562570213E2,2.272270822E-2,7.490129792E-4,1.638077898E-3,9.997401834E-1,1.773959453E2,1.896119710E-1,-8.154301505E-2,1.773958062E2
1.562620213E2,2.271302933E-2,7.546422421E-4,1.624157885E-3,9.997404218E-1,1.773970547E2,1.880311275E-1,-8.222598151E-2,1.773969156E2
1.562670213E2,2.271732331E-2,7.516331971E-4,1.638810849E-3,9.997403026E-1,1.773965625E2,1.897023223E-1,-8.184230523E-2,1.773964228E2
1.562720213E2,2.272528737E-2,7.467445685E-4,1.639711321E-3,9.997401237E-1,1.773956497E2,1.897934018E-1,-8.127839872E-2,1.773955108E2
1.562770213E2,2.272866990E-2,7.437545573E-4,1.630502637E-3,9.997400641E-1,1.773952620E2,1.887309209E-1,-8.095920090E-2,1.773951245E2
1.562820213E2,2.273436548E-2,7.400338072E-4,1.625877572E-3,9.997399449E-1,1.773946091E2,1.881918300E-1,-8.054391954E-2,1.773944727E2
1.562870213E2,2.273386068E-2,7.404201315E-4,1.632745611E-3,9.997399449E-1,1.773946670E2,1.889796133E-1,-8.057037962E-2,1.773945299E2
1.562920213E2,2.273643795E-2,7.394383429E-4,1.633799286E-3,9.997398853E-1,1.773943716E2,1.890979740E-1,-8.045467157E-2,1.773942346E2
1.562970213E2,2.273670625E-2,7.390992832E-4,1.630215091E-3,9.997398853E-1,1.773943408E2,1.886864989E-1,-8.042511643E-2,1.773942042E2
1.563020213E2,2.273995133E-2,7.364904741E-4,1.622668584E-3,9.997398257E-1,1.773939689E2,1.878154167E-1,-8.014529990E-2,1.773938334E2
1.563070213E2,2.274471414E-2,7.340869633E-4,1.630432438E-3,9.997397065E-1,1.773934230E2,1.886989769E-1,-7.984881825E-2,1.773932873E2
1.563120213E2,2.274206838E-2,7.352560642E-4,1.630263985E-3,9.997397661E-1,1.773937262E2,1.886825145E-1,-7.998369093E-2,1.773935904E2
1.563170213E2,2.274301129E-2,7.346043712E-4,1.617352827E-3,9.997397661E-1,1.773936182E2,1.872017613E-1,-7.994250417E-2,1.773934834E2
1.563220213E2,2.272928385E-2,7.443897775E-4,1.621630276E-3,9.997400641E-1,1.773951916E2,1.877161882E-1,-8.105496705E-2,1.773950547E2
1.563270213E2,2.273694603E-2,7.386196521E-4,1.627085148E-3,9.997398853E-1,1.773943134E2,1.883266953E-1,-8.037827915E-2,1.773941771E2
1.563320213E2,2.274265102E-2,7.346650236E-4,1.622383599E-3,9.997397661E-1,1.773936595E2,1.877782266E-1,-7.993640860E-2,1.773935243E2
1.563370213E2,2.273262381E-2,7.417344023E-4,1.612751745E-3,9.997400045E-1,1.773948088E2,1.866923969E-1,-8.077326483E-2,1.773946731E2
1.563420213E2,2.273493000E-2,7.396372384E-4,1.618145965E-3,9.997399449E-1,1.773945444E2,1.873050924E-1,-8.051852535E-2,1.773944087E2
1.563470213E2,2.274311298E-2,7.338754949E-4,1.616253401E-3,9.997397661E-1,1.773936065E2,1.870739169E-1,-7.986184920E-2,1.773934720E2
1.563520213E2,2.274547782E-2,7.329305517E-4,1.620267401E-3,9.997397065E-1,1.773933354E2,1.875314949E-1,-7.974268950E-2,1.773932008E2
1.563570213E2,2.273258342E-2,7.420132752E-4,1.613192726E-3,9.997400045E-1,1.773948134E2,1.867436400E-1,-8.080407176E-2,1.773946776E2
1.563620213E2,2.274342699E-2,7.345479098E-4,1.611522399E-3,9.997397661E-1,1.773935705E2,1.865337009E-1,-7.995115411E-2,1.773934363E2
1.563670213E2,2.275661174E-2,7.248470210E-4,1.614666078E-3,9.997394681E-1,1.773920593E2,1.868696008E-1,-7.882914499E-2,1.773919266E2
1.563720213E2,2.274341969E-2,7.344226469E-4,1.611682586E-3,9.997397661E-1,1.773935713E2,1.865517252E-1,-7.993638763E-2,1.773934371E2
1.563770213E2,2.275117638E-2,7.299708668E-4,1.615143032E-3,9.997395873E-1,1.773926823E2,1.869371734E-1,-7.941591425E-2,1.773925486E2
1.563820213E2,2.275641853E-2,7.256963872E-4,1.617005910E-3,9.997394681E-1,1.773920814E2,1.871398568E-1,-7.892038410E-2,1.773919484E2
1.563870213E2,2.276453230E-2,7.195054786E-4,1.616119873E-3,9.997392893E-1,1.773911514E2,1.870228389E-1,-7.821193554E-2,1.773910197E2
1.563920213E2,2.275927673E-2,7.234466611E-4,1.614637324E-3,9.997394085E-1,1.773917538E2,1.868628640E-1,-7.866829417E-2,1.773916214E2
1.563970213E2,2.275673058E-2,7.259966224E-4,1.612473279E-3,9.997394681E-1,1.773920456E2,1.866213968E-1,-7.896654164E-2,1.773919130E2
1.564020213E2,2.275120844E-2,7.290142239E-4,1.615123474E-3,9.997395873E-1,1.773926786E2,1.869324409E-1,-7.930636454E-2,1.773925451E2
1.564070213E2,2.275333189E-2,7.278845296E-4,1.622597105E-3,9.997395277E-1,1.773924352E2,1.877858585E-1,-7.915706041E-2,1.773923014E2
1.564120213E2,2.275912087E-2,7.237058599E-4,1.616716734E-3,9.997394085E-1,1.773917717E2,1.871017495E-1,-7.869259417E-2,1.773916391E2
1.564170213E2,2.275942986E-2,7.231364725E-4,1.612616470E-3,9.997394085E-1,1.773917362E2,1.866305537E-1,-7.863800054E-2,1.773916041E2
1.564220213E2,2.276182944E-2,7.215525256E-4,1.616405440E-3,9.997393489E-1,1.773914612E2,1.870606827E-1,-7.844620954E-2,1.773913291E2
1.564270213E2,2.275356512E-2,7.265667664E-4,1.619915012E-3,9.997395277E-1,1.773924085E2,1.874751743E-1,-7.901304489E-2,1.773922751E2
1.564320213E2,2.275090416E-2,7.289862260E-4,1.619416638E-3,9.997395873E-1,1.773927135E2,1.874241778E-1,-7.929202082E-2,1.773925797E2
1.564370213E2,2.274089646E-2,7.357933791E-4,1.609687693E-3,9.997398257E-1,1.773938606E2,1.863265568E-1,-8.009909080E-2,1.773937262E2
1.564420213E2,2.274881811E-2,7.300128927E-4,1.611443120E-3,9.997396469E-1,1.773929526E2,1.865132259E-1,-7.943081530E-2,1.773928192E2
1.564470213E2,2.274577725E-2,7.321703015E-4,1.616402995E-3,9.997397065E-1,1.773933011E2,1.870868222E-1,-7.966561072E-2,1.773931669E2
1.564520213E2,2.274003592E-2,7.370183594E-4,1.621242962E-3,9.997398257E-1,1.773939592E2,1.876534769E-1,-8.020947461E-2,1.773938237E2
1.564570213E2,2.274820425E-2,7.310628425E-4,1.619612216E-3,9.997396469E-1,1.773930229E2,1.874517836E-1,-7.952991800E-2,1.773928887E2
1.564620213E2,2.275867272E-2,7.242357242E-4,1.622776850E-3,9.997394085E-1,1.773918230E2,1.877973560E-1,-7.873757490E-2,1.773916899E2
1.564670213E2,2.275642483E-2,7.245659945E-4,1.617424190E-3,9.997394681E-1,1.773920807E2,1.871848282E-1,-7.878979234E-2,1.773919479E2
1.564720213E2,2.275848994E-2,7.243948057E-4,1.625267323E-3,9.997394085E-1,1.773918440E2,1.880830703E-1,-7.874933857E-2,1.773917106E2
1.564770213E2,2.275826912E-2,7.236676756E-4,1.628679689E-3,9.997394085E-1,1.773918693E2,1.884720842E-1,-7.865717923E-2,1.773917358E2
1.564820213E2,2.275550478E-2,7.260168204E-4,1.629671548E-3,9.997394681E-1,1.773921861E2,1.885916227E-1,-7.892423601E-2,1.773920521E2
1.564870213E2,2.275064240E-2,7.287395420E-4,1.623200602E-3,9.997395873E-1,1.773927435E2,1.878570128E-1,-7.925394389E-2,1.773926094E2
1.564920213E2,2.275865497E-2,7.245807792E-4,1.622871729E-3,9.997394085E-1,1.773918251E2,1.878091241E-1,-7.877686089E-2,1.773916918E2
1.564970213E2,2.276082390E-2,7.229645271E-4,1.629877836E-3,9.997393489E-1,1.773915765E2,1.886077131E-1,-7.857301851E-2,1.773914430E2
1.565020213E2,2.274708473E-2,7.308901986E-4,1.635337598E-3,9.997396469E-1,1.773931513E2,1.892527778E-1,-7.946935717E-2,1.773930158E2
1.565070213E2,2.274987246E-2,7.290982758E-4,1.633796259E-3,9.997395873E-1,1.773928317E2,1.890717482E-1,-7.926756200E-2,1.773926968E2
1.565120213E2,2.276064690E-2,7.226711023E-4,1.632477622E-3,9.997393489E-1,1.773915967E2,1.889047709E-1,-7.853265558E-2,1.773914631E2
1.565170213E2,2.275018451E-2,7.291293005E-4,1.629431383E-3,9.997395873E-1,1.773927960E2,1.885718043E-1,-7.928243698E-2,1.773926613E2
1.565220213E2,2.275003563E-2,7.302792510E-4,1.630994258E-3,9.997395873E-1,1.773928130E2,1.887538372E-1,-7.941013085E-2,1.773926781E2
1.565270213E2,2.275283028E-2,7.279787096E-4,1.629573759E-3,9.997395277E-1,1.773924927E2,1.885853246E-1,-7.914975298E-2,1.773923583E2
1.565320213E2,2.275263609E-2,7.283207378E-4,1.632130356E-3,9.997395277E-1,1.773925150E2,1.888790903E-1,-7.918230690E-2,1.773923803E2
1.565370213E2,2.275523060E-2,7.260887069E-4,1.633463544E-3,9.997394681E-1,1.773922176E2,1.890262076E-1,-7.892263480E-2,1.773920832E2
1.565420213E2,2.274398160E-2,7.336410927E-4,1.640818780E-3,9.997397065E-1,1.773935069E2,1.898876379E-1,-7.977080572E-2,1.773933705E2
1.565470213E2,2.274165308E-2,7.349890075E-4,1.636167057E-3,9.997397661E-1,1.773937738E2,1.893580538E-1,-7.993779057E-2,1.773936375E2
1.565520213E2,2.274642216E-2,7.324067410E-4,1.643852913E-3,9.997396469E-1,1.773932272E2,1.902322114E-1,-7.962102362E-2,1.773930908E2
1.565570213E2,2.274067609E-2,7.356544957E-4,1.649393816E-3,9.997397661E-1,1.773938858E2,1.908749963E-1,-7.997974580E-2,1.773937483E2
1.565620213E2,2.273538700E-2,7.395109860E-4,1.648326870E-3,9.997398853E-1,1.773944921E2,1.907623903E-1,-8.042534195E-2,1.773943539E2
1.565670213E2,2.273856476E-2,7.379070157E-4,1.641348237E-3,9.997398257E-1,1.773941278E2,1.899589786E-1,-8.025916673E-2,1.773939906E2
1.565720213E2,2.274584375E-2,7.320562145E-4,1.651992323E-3,9.997396469E-1,1.773932935E2,1.911637199E-1,-7.955976037E-2,1.773931565E2
1.565770213E2,2.274831969E-2,7.302629529E-4,1.654762425E-3,9.997395873E-1,1.773930097E2,1.914765905E-1,-7.934662632E-2,1.773928729E2
1.565820213E2,2.274944095E-2,7.305318140E-4,1.639155555E-3,9.997395873E-1,1.773928812E2,1.896894240E-1,-7.941790042E-2,1.773927455E2
1.565870213E2,2.274888052E-2,7.304822211E-4,1.646937220E-3,9.997395873E-1,1.773929454E2,1.905807344E-1,-7.939203874E-2,1.773928091E2
1.565920213E2,2.275912427E-2,7.228514296E-4,1.653490937E-3,9.997393489E-1,1.773917713E2,1.913124513E-1,-7.849879619E-2,1.773916360E2
1.565970213E2,2.275419068E-2,7.262149011E-4,1.647830708E-3,9.997394681E-1,1.773923368E2,1.906723874E-1,-7.889982496E-2,1.773922012E2
1.566020211E2,2.275514788E-2,7.250981871E-4,1.635055174E-3,9.997394681E-1,1.773922270E2,1.892059584E-1,-7.880502428E-2,1.773920928E2
1.566070211E2,2.276782009E-2,7.164729177E-4,1.644643955E-3,9.997391701E-1,1.773907745E2,1.902829612E-1,-7.778948187E-2,1.773906412E2
1.566120211E2,2.276468577E-2,7.196813822E-4,1.650388120E-3,9.997392297E-1,1.773911338E2,1.909491519E-1,-7.814266040E-2,1.773909994E2
1.566170211E2,2.276491123E-2,7.184131537E-4,1.647828845E-3,9.997392297E-1,1.773911080E2,1.906526648E-1,-7.800400354E-2,1.773909740E2
1.566220211E2,2.277047624E-2,7.159995148E-4,1.644309494E-3,9.997391105E-1,1.773904701E2,1.902436159E-1,-7.773561523E-2,1.773903368E2
1.566270211E2,2.276456384E-2,7.188208983E-4,1.652443781E-3,9.997392297E-1,1.773911478E2,1.911823983E-1,-7.803874243E-2,1.773910133E2
1.566320211E2,2.276749085E-2,7.167922449E-4,1.649056794E-3,9.997391701E-1,1.773908123E2,1.907893129E-1,-7.781461367E-2,1.773906785E2
1.566370211E2,2.277107049E-2,7.152734906E-4,1.636376954E-3,9.997391105E-1,1.773904020E2,1.893329991E-1,-7.767302761E-2,1.773902695E2
1.566420211E2,2.277075195E-2,7.153847837E-4,1.640755101E-3,9.997391105E-1,1.773904385E2,1.898348344E-1,-7.767441321E-2,1.773903056E2
1.566470211E2,2.277010801E-2,7.158377557E-4,1.649471000E-3,9.997391105E-1,1.773905123E2,1.908344780E-1,-7.770368547E-2,1.773903787E2
1.566520211E2,2.275988262E-2,7.222605054E-4,1.643279335E-3,9.997393489E-1,1.773916843E2,1.901411067E-1,-7.845758797E-2,1.773915500E2
1.566570211E2,2.275524418E-2,7.250600029E-4,1.633731299E-3,9.997394681E-1,1.773922160E2,1.890542005E-1,-7.880408387E-2,1.773920818E2
1.566620211E2,2.276268450E-2,7.200869150E-4,1.641685609E-3,9.997392893E-1,1.773913632E2,1.899530755E-1,-7.821220211E-2,1.773912293E2
1.566670211E2,2.276529750E-2,7.182796835E-4,1.642542076E-3,9.997392297E-1,1.773910637E2,1.900466834E-1,-7.800243168E-2,1.773909301E2
1.566720211E2,2.275545221E-2,7.252792129E-4,1.630733721E-3,9.997394681E-1,1.773921922E2,1.887113797E-1,-7.883697447E-2,1.773920582E2
1.566770211E2,2.275801867E-2,7.238847902E-4,1.632079366E-3,9.997394085E-1,1.773918980E2,1.888621049E-1,-7.867323306E-2,1.773917642E2
1.566820211E2,2.276253670E-2,7.212862256E-4,1.643207739E-3,9.997392893E-1,1.773913801E2,1.901305712E-1,-7.834565477E-2,1.773912459E2
1.566870211E2,2.276035976E-2,7.213953068E-4,1.637039008E-3,9.997393489E-1,1.773916297E2,1.894239822E-1,-7.837465510E-2,1.773914959E2
1.566920211E2,2.276347436E-2,7.199867396E-4,1.630741172E-3,9.997392893E-1,1.773912727E2,1.886990583E-1,-7.822912586E-2,1.773911397E2
1.566970211E2,2.276867111E-2,7.171404432E-4,1.632526983E-3,9.997391701E-1,1.773906770E2,1.888966238E-1,-7.789740877E-2,1.773905444E2
1.567020211E2,2.276371423E-2,7.195808575E-4,1.627568854E-3,9.997392893E-1,1.773912452E2,1.883345908E-1,-7.819085755E-2,1.773911125E2
1.567070211E2,2.277464046E-2,7.136167842E-4,1.623785123E-3,9.997390509E-1,1.773899928E2,1.878864061E-1,-7.751542005E-2,1.773898616E2
1.567120211E2,2.276372956E-2,7.204875001E-4,1.626953133E-3,9.997392893E-1,1.773912434E2,1.882664191E-1,-7.829632741E-2,1.773911106E2
1.567170211E2,2.277175678E-2,7.152227918E-4,1.626821002E-3,9.997391105E-1,1.773903233E2,1.882381705E-1,-7.769202658E-2,1.773901916E2
1.567220211E2,2.276945440E-2,7.157524233E-4,1.622178708E-3,9.997391701E-1,1.773905872E2,1.877075428E-1,-7.776524883E-2,1.773904557E2
1.567270211E2,2.276403099E-2,7.202143315E-4,1.622851472E-3,9.997392893E-1,1.773912089E2,1.877958352E-1,-7.827567600E-2,1.773910765E2
1.567320211E2,2.276397827E-2,7.194539066E-4,1.623927848E-3,9.997392893E-1,1.773912149E2,1.879171590E-1,-7.818576237E-2,1.773910826E2
1.567370211E2,2.277228630E-2,7.140137604E-4,1.619925373E-3,9.997391105E-1,1.773902626E2,1.874450786E-1,-7.757141335E-2,1.773901316E2
1.567420211E2,2.278288648E-2,7.076874026E-4,1.620793599E-3,9.997388721E-1,1.773890476E2,1.875288479E-1,-7.684240086E-2,1.773889178E2
1.567470211E2,2.277152017E-2,7.152908947E-4,1.630099723E-3,9.997391105E-1,1.773903504E2,1.886139469E-1,-7.769131711E-2,1.773902184E2
1.567520211E2,2.278224061E-2,7.064836682E-4,1.630369108E-3,9.997388721E-1,1.773891216E2,1.886226452E-1,-7.667962056E-2,1.773889913E2
1.567570211E2,2.279358143E-2,6.990638794E-4,1.621227129E-3,9.997386336E-1,1.773878217E2,1.875568086E-1,-7.585133724E-2,1.773876935E2
1.567620211E2,2.277658290E-2,7.106201956E-4,1.634516404E-3,9.997389913E-1,1.773897701E2,1.891081320E-1,-7.714375059E-2,1.773896387E2
1.567670211E2,2.278401000E-2,7.062572404E-4,1.642247546E-3,9.997388124E-1,1.773889188E2,1.899830077E-1,-7.662233230E-2,1.773887876E2
1.567720211E2,2.278811198E-2,7.030892302E-4,1.622862881E-3,9.997387528E-1,1.773884487E2,1.877543017E-1,-7.630924254E-2,1.773883195E2
1.567770211E2,2.279109584E-2,7.009840338E-4,1.618584618E-3,9.997386932E-1,1.773881066E2,1.872589041E-1,-7.607868132E-2,1.773879783E2
1.567820211E2,2.277956206E-2,7.084241370E-4,1.630404615E-3,9.997389317E-1,1.773894287E2,1.886315735E-1,-7.690233662E-2,1.773892979E2
1.567870211E2,2.277441873E-2,7.125624688E-4,1.627354068E-3,9.997390509E-1,1.773900182E2,1.882925026E-1,-7.738536300E-2,1.773898869E2
1.567920211E2,2.278088743E-2,7.080341456E-4,1.611951389E-3,9.997389317E-1,1.773892767E2,1.865166180E-1,-7.690558305E-2,1.773891475E2
1.567970211E2,2.278549022E-2,7.046742248E-4,1.622269279E-3,9.997388124E-1,1.773887492E2,1.876902364E-1,-7.649286453E-2,1.773886198E2
1.568020211E2,2.278159622E-2,7.071983418E-4,1.639040536E-3,9.997388721E-1,1.773891955E2,1.896178783E-1,-7.673897774E-2,1.773890644E2
1.568070211E2,2.277717812E-2,7.105719997E-4,1.626221929E-3,9.997389913E-1,1.773897019E2,1.881578200E-1,-7.715976689E-2,1.773895711E2
1.568120211E2,2.278544413E-2,7.056904142E-4,1.622474869E-3,9.997388124E-1,1.773887545E2,1.877164393E-1,-7.660875271E-2,1.773886249E2
1.568170211E2,2.278687874E-2,7.038458134E-4,1.639763475E-3,9.997387528E-1,1.773885900E2,1.896923498E-1,-7.635201675E-2,1.773884595E2
1.568220211E2,2.277881414E-2,7.103217649E-4,1.640000264E-3,9.997389317E-1,1.773895144E2,1.897357674E-1,-7.709482477E-2,1.773893826E2
1.568270211E2,2.278279284E-2,7.069710409E-4,1.622421667E-3,9.997388721E-1,1.773890583E2,1.877134851E-1,-7.675610019E-2,1.773889285E2
1.568320211E2,2.279079678E-2,7.012351416E-4,1.622681622E-3,9.997386932E-1,1.773881409E2,1.877288983E-1,-7.609680426E-2,1.773880122E2
1.568370211E2,2.277654646E-2,7.106610574E-4,1.635006280E-3,9.997389913E-1,1.773897743E2,1.891643570E-1,-7.714716003E-2,1.773896428E2
1.568420211E2,2.278514269E-2,7.047320250E-4,1.627118094E-3,9.997388124E-1,1.773887890E2,1.882458508E-1,-7.648689064E-2,1.773886592E2
1.568470211E2,2.279620551E-2,6.973032141E-4,1.621845528E-3,9.997385740E-1,1.773875210E2,1.876232526E-1,-7.564752473E-2,1.773873930E2
1.568520211E2,2.278739326E-2,7.042381330E-4,1.632428612E-3,9.997387528E-1,1.773885310E2,1.888531168E-1,-7.641601801E-2,1.773884010E2
1.568570211E2,2.277328724E-2,7.131222519E-4,1.642869436E-3,9.997390509E-1,1.773901479E2,1.900713488E-1,-7.740921439E-2,1.773900153E2
1.568620211E2,2.277379669E-2,7.122933166E-4,1.636153320E-3,9.997390509E-1,1.773900895E2,1.892998124E-1,-7.733168115E-2,1.773899576E2
1.568670211E2,2.279543592E-2,6.987081724E-4,1.632025931E-3,9.997385740E-1,1.773876092E2,1.887931523E-1,-7.578202926E-2,1.773874802E2
1.568720211E2,2.279122018E-2,7.000593469E-4,1.653669169E-3,9.997386336E-1,1.773880924E2,1.912758552E-1,-7.588109001E-2,1.773879615E2
1.568770211E2,2.278797169E-2,7.034731098E-4,1.660938258E-3,9.997386932E-1,1.773884647E2,1.921172860E-1,-7.625381505E-2,1.773883326E2
1.568820211E2,2.278855437E-2,7.020136691E-4,1.653544954E-3,9.997386932E-1,1.773883980E2,1.912665268E-1,-7.610581483E-2,1.773882667E2
1.568870211E2,2.279342710E-2,6.984227221E-4,1.659966074E-3,9.997385740E-1,1.773878394E2,1.919931335E-1,-7.567672538E-2,1.773877084E2
1.568920211E2,2.279279870E-2,6.992095150E-4,1.668242738E-3,9.997385740E-1,1.773879115E2,1.929433325E-1,-7.574536373E-2,1.773877796E2
1.568970211E2,2.278808982E-2,7.035969757E-4,1.659264206E-3,9.997386932E-1,1.773884512E2,1.919258357E-1,-7.627235435E-2,1.773883192E2
1.569020211E2,2.279638839E-2,6.974762073E-4,1.655591070E-3,9.997385144E-1,1.773875000E2,1.914896754E-1,-7.557915170E-2,1.773873695E2
1.569070211E2,2.279571522E-2,6.970892427E-4,1.664996264E-3,9.997385144E-1,1.773875772E2,1.925660915E-1,-7.551037987E-2,1.773874460E2
1.569120211E2,2.280101471E-2,6.938094739E-4,1.665380201E-3,9.997383952E-1,1.773869697E2,1.926019057E-1,-7.513262024E-2,1.773868392E2
1.569170211E2,2.279361056E-2,6.983605563E-4,1.657471177E-3,9.997385740E-1,1.773878184E2,1.917071645E-1,-7.567608523E-2,1.773876876E2
1.569220211E2,2.278543730E-2,7.043882506E-4,1.659442787E-3,9.997387528E-1,1.773887552E2,1.919481583E-1,-7.636304704E-2,1.773886231E2
1.569270211E2,2.278476421E-2,7.046259707E-4,1.668558689E-3,9.997387528E-1,1.773888324E2,1.929930640E-1,-7.636660755E-2,1.773886995E2
1.569320211E2,2.277434947E-2,7.114379550E-4,1.664997195E-3,9.997389913E-1,1.773900261E2,1.926020366E-1,-7.715830561E-2,1.773898922E2
1.569370211E2,2.276654897E-2,7.171341567E-4,1.661862014E-3,9.997391701E-1,1.773909202E2,1.922571245E-1,-7.782055469E-2,1.773907854E2
1.569420211E2,2.276363822E-2,7.190775941E-4,1.665035379E-3,9.997392297E-1,1.773912539E2,1.926255156E-1,-7.803547976E-2,1.773911184E2
1.569470211E2,2.277087249E-2,7.141391397E-4,1.675573527E-3,9.997390509E-1,1.773904247E2,1.938204643E-1,-7.744082896E-2,1.773902894E2
1.569520211E2,2.276057658E-2,7.207767921E-4,1.670358353E-3,9.997392893E-1,1.773916048E2,1.932395202E-1,-7.821684876E-2,1.773914686E2
1.569570211E2,2.276934121E-2,7.151442114E-4,1.660321257E-3,9.997391105E-1,1.773906002E2,1.920756366E-1,-7.759606651E-2,1.773904659E2
1.569620211E2,2.277157002E-2,7.138653891E-4,1.666184398E-3,9.997390509E-1,1.773903447E2,1.927441658E-1,-7.743383397E-2,1.773902102E2
1.569670211E2,2.276599653E-2,7.176997606E-4,1.669169753E-3,9.997391701E-1,1.773909836E2,1.930957471E-1,-7.786639210E-2,1.773908480E2
1.569720211E2,2.276118401E-2,7.208425668E-4,1.662032213E-3,9.997392893E-1,1.773915352E2,1.922858792E-1,-7.824598435E-2,1.773913996E2
1.569770211E2,2.275596779E-2,7.240773994E-4,1.660345704E-3,9.997394085E-1,1.773921331E2,1.921006975E-1,-7.862197372E-2,1.773919970E2
1.569820211E2,2.275844030E-2,7.224092842E-4,1.663070754E-3,9.997393489E-1,1.773918497E2,1.924087284E-1,-7.842328934E-2,1.773917137E2
1.569870211E2,2.276376849E-2,7.201650296E-4,1.662782975E-3,9.997392297E-1,1.773912389E2,1.923703227E-1,-7.816590893E-2,1.773911034E2
1.569920211E2,2.275616553E-2,7.251923089E-4,1.657145913E-3,9.997394085E-1,1.773921104E2,1.917370459E-1,-7.875800613E-2,1.773919744E2
1.569970211E2,2.275614492E-2,7.255171658E-4,1.657286659E-3,9.997394085E-1,1.773921128E2,1.917540157E-1,-7.879485923E-2,1.773919766E2
1.570020211E2,2.276380702E-2,7.201939006E-4,1.662242925E-3,9.997392297E-1,1.773912345E2,1.923085317E-1,-7.817061785E-2,1.773910991E2
1.570070211E2,2.275898296E-2,7.220924599E-4,1.655766042E-3,9.997393489E-1,1.773917875E2,1.915711013E-1,-7.840594058E-2,1.773916521E2
1.570120211E2,2.275650148E-2,7.242496940E-4,1.652939362E-3,9.997394085E-1,1.773920719E2,1.912527025E-1,-7.866092412E-2,1.773919364E2
1.570170211E2,2.275104575E-2,7.275367389E-4,1.654496067E-3,9.997395277E-1,1.773926972E2,1.914391837E-1,-7.903447878E-2,1.773925609E2
1.570220211E2,2.275912873E-2,7.229357143E-4,1.653392799E-3,9.997393489E-1,1.773917708E2,1.913014286E-1,-7.850870709E-2,1.773916354E2
1.570270211E2,2.275924240E-2,7.236164529E-4,1.651529223E-3,9.997393489E-1,1.773917577E2,1.910897179E-1,-7.859153244E-2,1.773916224E2
1.570320211E2,2.275653599E-2,7.243104046E-4,1.652437611E-3,9.997394085E-1,1.773920679E2,1.911953820E-1,-7.866918112E-2,1.773919324E2
1.570370211E2,2.275938564E-2,7.224447909E-4,1.650067628E-3,9.997393489E-1,1.773917413E2,1.909192296E-1,-7.846108951E-2,1.773916064E2
1.570420211E2,2.276482288E-2,7.183207781E-4,1.649089158E-3,9.997392297E-1,1.773911181E2,1.907968009E-1,-7.799014979E-2,1.773909840E2
1.570470211E2,2.277287255E-2,7.137297071E-4,1.648344914E-3,9.997390509E-1,1.773901954E2,1.907001842E-1,-7.746459488E-2,1.773900623E2
1.570520211E2,2.275954789E-2,7.233372307E-4,1.647436526E-3,9.997393489E-1,1.773917227E2,1.906201456E-1,-7.857016041E-2,1.773915878E2
1.570570211E2,2.275979846E-2,7.226630114E-4,1.644267701E-3,9.997393489E-1,1.773916940E2,1.902553793E-1,-7.850113788E-2,1.773915594E2
1.570620211E2,2.276783076E-2,7.172832265E-4,1.644143020E-3,9.997391701E-1,1.773907733E2,1.902276883E-1,-7.788361722E-2,1.773906398E2
1.570670211E2,2.275732109E-2,7.249870687E-4,1.641291077E-3,9.997394085E-1,1.773919779E2,1.899202381E-1,-7.877562024E-2,1.773918432E2
1.570720211E2,2.275455469E-2,7.252832875E-4,1.643208088E-3,9.997394681E-1,1.773922950E2,1.901404095E-1,-7.880508228E-2,1.773921601E2
1.570770211E2,2.276229328E-2,7.203287096E-4,1.646995312E-3,9.997392893E-1,1.773914080E2,1.905619664E-1,-7.822612646E-2,1.773912737E2
1.570820211E2,2.275449866E-2,7.254361990E-4,1.643916243E-3,9.997394681E-1,1.773923015E2,1.902219315E-1,-7.882076416E-2,1.773921664E2
1.570870211E2,2.275976809E-2,7.231625495E-4,1.644468517E-3,9.997393489E-1,1.773916975E2,1.902796859E-1,-7.855784785E-2,1.773915628E2
1.570920211E2,2.276460114E-2,7.189036114E-4,1.651893836E-3,9.997392297E-1,1.773911435E2,1.911196140E-1,-7.804964574E-2,1.773910091E2
1.570970211E2,2.276471057E-2,7.197967498E-4,1.649995800E-3,9.997392297E-1,1.773911310E2,1.909045099E-1,-7.815689585E-2,1.773909965E2
1.571020211E2,2.276161477E-2,7.202291745E-4,1.656389213E-3,9.997392893E-1,1.773914858E2,1.916378388E-1,-7.819034957E-2,1.773913508E2
1.571070211E2,2.275893402E-2,7.225961308E-4,1.656219014E-3,9.997393489E-1,1.773917931E2,1.916243047E-1,-7.846246996E-2,1.773916576E2
1.571120211E2,2.276714915E-2,7.176270592E-4,1.653405488E-3,9.997391701E-1,1.773908514E2,1.912896601E-1,-7.789897062E-2,1.773907172E2
1.571170211E2,2.276487268E-2,7.193331840E-4,1.647960045E-3,9.997392297E-1,1.773911124E2,1.906700928E-1,-7.810906887E-2,1.773909782E2
1.571220211E2,2.276211634E-2,7.207310991E-4,1.649263082E-3,9.997392893E-1,1.773914283E2,1.908228028E-1,-7.826634319E-2,1.773912938E2
1.571270211E2,2.275431892E-2,7.265076856E-4,1.645929762E-3,9.997394681E-1,1.773923221E2,1.904553847E-1,-7.893829930E-2,1.773921866E2
1.571320211E2,2.276017043E-2,7.230369956E-4,1.638945891E-3,9.997393489E-1,1.773916514E2,1.896467063E-1,-7.855779205E-2,1.773915172E2
1.571370211E2,2.276829453E-2,7.172019687E-4,1.637743670E-3,9.997391701E-1,1.773907202E2,1.894943895E-1,-7.789091706E-2,1.773905872E2
1.571420211E2,2.274969467E-2,7.288011839E-4,1.636402332E-3,9.997395873E-1,1.773928521E2,1.893695168E-1,-7.922676606E-2,1.773927170E2
1.571470211E2,2.274687201E-2,7.311473018E-4,1.638178946E-3,9.997396469E-1,1.773931756E2,1.895789422E-1,-7.949144499E-2,1.773930399E2
1.571520211E2,2.274965938E-2,7.296888507E-4,1.636497327E-3,9.997395873E-1,1.773928561E2,1.893827112E-1,-7.932821776E-2,1.773927209E2
1.571570211E2,2.275267063E-2,7.270748029E-4,1.632204279E-3,9.997395277E-1,1.773925110E2,1.888843129E-1,-7.903937112E-2,1.773923765E2
1.571620211E2,2.275532496E-2,7.259274716E-4,1.632220228E-3,9.997394681E-1,1.773922067E2,1.888833577E-1,-7.890738777E-2,1.773920725E2
1.571670211E2,2.274756003E-2,7.305738982E-4,1.628854661E-3,9.997396469E-1,1.773930968E2,1.885092919E-1,-7.944993109E-2,1.773929619E2
1.571720211E2,2.274983908E-2,7.304141764E-4,1.633673208E-3,9.997395873E-1,1.773928355E2,1.890610795E-1,-7.941864101E-2,1.773927003E2
1.571770211E2,2.274708419E-2,7.316294359E-4,1.635014429E-3,9.997396469E-1,1.773931513E2,1.892176820E-1,-7.955488803E-2,1.773930158E2
1.571820211E2,2.273679473E-2,7.383603952E-4,1.629315550E-3,9.997398853E-1,1.773943307E2,1.885815272E-1,-8.034279522E-2,1.773941943E2
1.571870211E2,2.273671708E-2,7.379940944E-4,1.630564686E-3,9.997398853E-1,1.773943396E2,1.887236702E-1,-8.029759106E-2,1.773942032E2
1.571920211E2,2.274722122E-2,7.322705933E-4,1.632819534E-3,9.997396469E-1,1.773931356E2,1.889679127E-1,-7.963403583E-2,1.773930001E2
1.571970211E2,2.273945517E-2,7.364067715E-4,1.629644656E-3,9.997398257E-1,1.773940258E2,1.886143526E-1,-8.011762512E-2,1.773938897E2
1.572020211E2,2.272910853E-2,7.442840142E-4,1.624134136E-3,9.997400641E-1,1.773952117E2,1.880027463E-1,-8.103636171E-2,1.773950746E2
1.572070211E2,2.273482341E-2,7.399987662E-4,1.619477640E-3,9.997399449E-1,1.773945567E2,1.874585854E-1,-8.055649310E-2,1.773944207E2
1.572120211E2,2.272702722E-2,7.450374542E-4,1.616205322E-3,9.997401237E-1,1.773954503E2,1.870961977E-1,-8.114371889E-2,1.773953137E2
1.572170211E2,2.271620014E-2,7.524585235E-4,1.617501490E-3,9.997403622E-1,1.773966913E2,1.872631315E-1,-8.199254240E-2,1.773965531E2
1.572220211E2,2.271640592E-2,7.522510714E-4,1.614705543E-3,9.997403622E-1,1.773966677E2,1.869422984E-1,-8.197601630E-2,1.773965298E2
1.572270211E2,2.272508681E-2,7.478474872E-4,1.605285681E-3,9.997401834E-1,1.773956727E2,1.858523809E-1,-8.149444198E-2,1.773955364E2
1.572320211E2,2.271449779E-2,7.550048758E-4,1.603319310E-3,9.997404218E-1,1.773968864E2,1.856448787E-1,-8.232149280E-2,1.773967490E2
1.572370211E2,2.270643279E-2,7.610051543E-4,1.603222103E-3,9.997406006E-1,1.773978108E2,1.856486934E-1,-8.301064658E-2,1.773976722E2
1.572420211E2,2.271743567E-2,7.525280816E-4,1.600022311E-3,9.997403622E-1,1.773965497E2,1.852609605E-1,-8.204578441E-2,1.773964129E2
1.572470211E2,2.272025815E-2,7.507036207E-4,1.598044299E-3,9.997403026E-1,1.773962261E2,1.850298358E-1,-8.184139789E-2,1.773960899E2
1.572520211E2,2.272011836E-2,7.510969299E-4,1.599845942E-3,9.997403026E-1,1.773962422E2,1.852372488E-1,-8.188179109E-2,1.773961057E2
1.572570211E2,2.271208993E-2,7.559354999E-4,1.599821611E-3,9.997404814E-1,1.773971624E2,1.852463987E-1,-8.243765761E-2,1.773970251E2
1.572620211E2,2.271791487E-2,7.528036949E-4,1.593073830E-3,9.997403622E-1,1.773964947E2,1.844656840E-1,-8.209536020E-2,1.773963585E2
1.572670211E2,2.272567926E-2,7.477556937E-4,1.596919610E-3,9.997401834E-1,1.773956048E2,1.848937547E-1,-8.150560367E-2,1.773954692E2
1.572720211E2,2.272543303E-2,7.463484653E-4,1.601076568E-3,9.997401834E-1,1.773956330E2,1.853662997E-1,-8.133360864E-2,1.773954974E2
1.572770211E2,2.272788845E-2,7.457918837E-4,1.603698125E-3,9.997401237E-1,1.773953516E2,1.856653809E-1,-8.126256234E-2,1.773952158E2
1.572820211E2,2.272810047E-2,7.449334371E-4,1.601090189E-3,9.997401237E-1,1.773953273E2,1.853643912E-1,-8.117097035E-2,1.773951919E2
1.572870211E2,2.272792922E-2,7.459868793E-4,1.603029552E-3,9.997401237E-1,1.773953469E2,1.855892990E-1,-8.128663517E-2,1.773952112E2
1.572920211E2,2.272509487E-2,7.463670918E-4,1.605860423E-3,9.997401834E-1,1.773956718E2,1.859143696E-1,-8.132334689E-2,1.773955357E2
1.572970211E2,2.273345543E-2,7.422873168E-4,1.600730233E-3,9.997400045E-1,1.773947135E2,1.853166942E-1,-8.086777089E-2,1.773945786E2
1.573020211E2,2.274138200E-2,7.354043773E-4,1.602992066E-3,9.997398257E-1,1.773938049E2,1.855585164E-1,-8.007188509E-2,1.773936712E2
1.573070211E2,2.273037879E-2,7.433200954E-4,1.606704784E-3,9.997400641E-1,1.773950661E2,1.860035934E-1,-8.097109538E-2,1.773949306E2
1.573120211E2,2.272781447E-2,7.459254120E-4,1.604684279E-3,9.997401237E-1,1.773953600E2,1.857786987E-1,-8.127530484E-2,1.773952242E2
1.573170211E2,2.273064605E-2,7.434701547E-4,1.602849807E-3,9.997400641E-1,1.773950355E2,1.855623714E-1,-8.099827848E-2,1.773949002E2
1.573220211E2,2.273317165E-2,7.417106535E-4,1.605021884E-3,9.997400045E-1,1.773947460E2,1.858068296E-1,-8.079057942E-2,1.773946109E2
1.573270211E2,2.273827187E-2,7.377328584E-4,1.608857536E-3,9.997398853E-1,1.773941614E2,1.862362962E-1,-8.032393338E-2,1.773940268E2
1.573320211E2,2.273298263E-2,7.422718336E-4,1.607437967E-3,9.997400045E-1,1.773947677E2,1.860850683E-1,-8.084861011E-2,1.773946323E2
1.573370211E2,2.273279215E-2,7.425913354E-4,1.609982108E-3,9.997400045E-1,1.773947895E2,1.863773476E-1,-8.087862047E-2,1.773946538E2
1.573420211E2,2.273828236E-2,7.385284407E-4,1.608344144E-3,9.997398853E-1,1.773941602E2,1.861795551E-1,-8.041641254E-2,1.773940255E2
1.573470211E2,2.273033648E-2,7.428206736E-4,1.607534126E-3,9.997400641E-1,1.773950710E2,1.860973003E-1,-8.091172828E-2,1.773949355E2
1.573520211E2,2.272991391E-2,7.429913385E-4,1.613419503E-3,9.997400641E-1,1.773951194E2,1.867719522E-1,-8.091602841E-2,1.773949834E2
1.573570211E2,2.273501283E-2,7.398001035E-4,1.616907306E-3,9.997399449E-1,1.773945350E2,1.871636200E-1,-8.054039512E-2,1.773943993E2
1.573620211E2,2.273854089E-2,7.371405954E-4,1.605322934E-3,9.997398853E-1,1.773941306E2,1.858298427E-1,-8.026524296E-2,1.773939963E2
1.573670211E2,2.272482946E-2,7.466829848E-4,1.609465457E-3,9.997401834E-1,1.773957022E2,1.863281713E-1,-8.135019725E-2,1.773955658E2
1.573720211E2,2.272933623E-2,7.437102613E-4,1.621207804E-3,9.997400641E-1,1.773951856E2,1.876660231E-1,-8.097821102E-2,1.773950488E2
1.573770211E2,2.273543346E-2,7.408393431E-4,1.610504347E-3,9.997399449E-1,1.773944867E2,1.864328249E-1,-8.067605599E-2,1.773943514E2
1.573820211E2,2.273050645E-2,7.436242304E-4,1.604756806E-3,9.997400641E-1,1.773950515E2,1.857812315E-1,-8.101098811E-2,1.773949161E2
1.573870211E2,2.272443335E-2,7.472518482E-4,1.614785520E-3,9.997401834E-1,1.773957476E2,1.869390988E-1,-8.140158678E-2,1.773956107E2
1.573920211E2,2.273243406E-2,7.422237541E-4,1.615199377E-3,9.997400045E-1,1.773948305E2,1.869740626E-1,-8.082298501E-2,1.773946945E2
1.573970211E2,2.274050972E-2,7.370309322E-4,1.614577719E-3,9.997398257E-1,1.773939049E2,1.868899631E-1,-8.022819573E-2,1.773937699E2
1.574020211E2,2.273739534E-2,7.391850813E-4,1.620536437E-3,9.997398853E-1,1.773942619E2,1.875779704E-1,-8.046003478E-2,1.773941260E2
1.574070211E2,2.272970861E-2,7.438009488E-4,1.615936751E-3,9.997400641E-1,1.773951429E2,1.870624262E-1,-8.100226034E-2,1.773950066E2
1.574120211E2,2.273815382E-2,7.376946742E-4,1.610542531E-3,9.997398853E-1,1.773941749E2,1.864292239E-1,-8.031519026E-2,1.773940402E2
1.574170211E2,2.274322482E-2,7.341947057E-4,1.614533830E-3,9.997397661E-1,1.773935937E2,1.868777601E-1,-7.990287938E-2,1.773934593E2
1.574220211E2,2.274039301E-2,7.371035172E-4,1.616187626E-3,9.997398257E-1,1.773939183E2,1.870745774E-1,-8.023233760E-2,1.773937832E2
1.574270211E2,2.273296243E-2,7.411678089E-4,1.608232851E-3,9.997400045E-1,1.773947700E2,1.861732538E-1,-8.072006401E-2,1.773946347E2
1.574320211E2,2.275384957E-2,7.269666530E-4,1.615734771E-3,9.997395277E-1,1.773923759E2,1.869973423E-1,-7.906970340E-2,1.773922427E2
1.574370211E2,2.275626310E-2,7.257382385E-4,1.619173097E-3,9.997394681E-1,1.773920992E2,1.873882313E-1,-7.891955613E-2,1.773919661E2
1.574420211E2,2.273560661E-2,7.398181478E-4,1.608528197E-3,9.997399449E-1,1.773944669E2,1.862037859E-1,-8.056418248E-2,1.773943319E2
1.574470211E2,2.274370997E-2,7.342141471E-4,1.607676269E-3,9.997397661E-1,1.773935381E2,1.860922327E-1,-7.992288931E-2,1.773934042E2
1.574520211E2,2.275387440E-2,7.266557077E-4,1.615524990E-3,9.997395277E-1,1.773923730E2,1.869725005E-1,-7.903462332E-2,1.773922400E2
1.574570211E2,2.275075271E-2,7.296835538E-4,1.621229225E-3,9.997395873E-1,1.773927308E2,1.876336378E-1,-7.936721057E-2,1.773925967E2
1.574620211E2,2.274039882E-2,7.370773237E-4,1.616117777E-3,9.997398257E-1,1.773939176E2,1.870665075E-1,-8.022951777E-2,1.773937825E2
1.574670211E2,2.275425516E-2,7.279413403E-4,1.609572326E-3,9.997395277E-1,1.773923294E2,1.862939334E-1,-7.919735851E-2,1.773921965E2
1.574720211E2,2.275158830E-2,7.287718472E-4,1.609873492E-3,9.997395873E-1,1.773926350E2,1.863303900E-1,-7.929221457E-2,1.773925020E2
1.574770211E2,2.274847833E-2,7.317893323E-4,1.615429064E-3,9.997396469E-1,1.773929915E2,1.869744687E-1,-7.962399972E-2,1.773928575E2
1.574820211E2,2.275399944E-2,7.280132850E-4,1.613150816E-3,9.997395277E-1,1.773923587E2,1.867040602E-1,-7.919631716E-2,1.773922256E2
1.574870211E2,2.274921455E-2,7.311751833E-4,1.605307800E-3,9.997396469E-1,1.773929071E2,1.858134124E-1,-7.957989022E-2,1.773927740E2
1.574920211E2,2.274399024E-2,7.340953453E-4,1.603760757E-3,9.997397661E-1,1.773935059E2,1.856433759E-1,-7.991943241E-2,1.773933724E2
1.574970211E2,2.275404384E-2,7.264791639E-4,1.613216242E-3,9.997395277E-1,1.773923536E2,1.867075583E-1,-7.902038666E-2,1.773922208E2
1.575020211E2,2.274140510E-2,7.358512958E-4,1.602459117E-3,9.997398257E-1,1.773938023E2,1.854986272E-1,-8.012446951E-2,1.773936685E2
1.575070211E2,2.273869169E-2,7.379486342E-4,1.602813834E-3,9.997398853E-1,1.773941133E2,1.855445127E-1,-8.036432352E-2,1.773939791E2
1.575120211E2,2.274644325E-2,7.317018462E-4,1.607217011E-3,9.997397065E-1,1.773932248E2,1.860332881E-1,-7.963576402E-2,1.773930914E2
1.575170211E2,2.274378135E-2,7.334710681E-4,1.607005484E-3,9.997397661E-1,1.773935299E2,1.860134549E-1,-7.983949589E-2,1.773933962E2
1.575220211E2,2.274401926E-2,7.348753279E-4,1.602991833E-3,9.997397661E-1,1.773935026E2,1.855573218E-1,-8.001078736E-2,1.773933690E2
1.575270211E2,2.275224123E-2,7.277781260E-4,1.601071330E-3,9.997395873E-1,1.773925602E2,1.853194561E-1,-7.920120075E-2,1.773924281E2
1.575320211E2,2.275732991E-2,7.256141980E-4,1.604165533E-3,9.997394681E-1,1.773919769E2,1.856686937E-1,-7.894428462E-2,1.773918450E2
1.575370211E2,2.274109550E-2,7.364929188E-4,1.606552745E-3,9.997398257E-1,1.773938377E2,1.859692496E-1,-8.018736413E-2,1.773937035E2
1.575420211E2,2.274662608E-2,7.323991740E-4,1.604309189E-3,9.997397065E-1,1.773932038E2,1.857019943E-1,-7.972319695E-2,1.773930706E2
1.575470211E2,2.276005007E-2,7.237052778E-4,1.603582641E-3,9.997394085E-1,1.773916652E2,1.855971518E-1,-7.872661053E-2,1.773915336E2
1.575520211E2,2.274136120E-2,7.352533867E-4,1.603356330E-3,9.997398257E-1,1.773938073E2,1.855998520E-1,-8.005364188E-2,1.773936736E2
1.575570211E2,2.273649037E-2,7.400483009E-4,1.595880953E-3,9.997399449E-1,1.773943656E2,1.847555612E-1,-8.062333764E-2,1.773942316E2
1.575620211E2,2.274993638E-2,7.302862359E-4,1.595452894E-3,9.997396469E-1,1.773928244E2,1.846821530E-1,-7.950360927E-2,1.773926922E2
1.575670211E2,2.274933973E-2,7.313206443E-4,1.603466575E-3,9.997396469E-1,1.773928928E2,1.856028670E-1,-7.960133132E-2,1.773927598E2
1.575720211E2,2.273658927E-2,7.401650073E-4,1.594417030E-3,9.997399449E-1,1.773943543E2,1.845881631E-1,-8.064050379E-2,1.773942203E2
1.575770211E2,2.273727275E-2,7.392916596E-4,1.585048041E-3,9.997399449E-1,1.773942759E2,1.835126108E-1,-8.056473748E-2,1.773941429E2
1.575820211E2,2.273992984E-2,7.371019456E-4,1.585544553E-3,9.997398853E-1,1.773939714E2,1.835639995E-1,-8.031209829E-2,1.773938387E2
1.575870211E2,2.273407879E-2,7.412571576E-4,1.592332497E-3,9.997400045E-1,1.773946420E2,1.843519977E-1,-8.077151682E-2,1.773945080E2
1.575920211E2,2.274184888E-2,7.357290597E-4,1.596205053E-3,9.997398257E-1,1.773937514E2,1.847818652E-1,-8.012668268E-2,1.773936182E2
1.575970211E2,2.274206542E-2,7.361077587E-4,1.592941931E-3,9.997398257E-1,1.773937266E2,1.844090394E-1,-8.017853140E-2,1.773935935E2
1.576020211E2,2.274430546E-2,7.348542567E-4,1.598935574E-3,9.997397661E-1,1.773934698E2,1.850925961E-1,-8.001889269E-2,1.773933365E2
1.576070211E2,2.274169168E-2,7.357540308E-4,1.598431729E-3,9.997398257E-1,1.773937694E2,1.850370104E-1,-8.012376943E-2,1.773936360E2
1.576120211E2,2.274179379E-2,7.357375580E-4,1.596985850E-3,9.997398257E-1,1.773937577E2,1.848713328E-1,-8.012563156E-2,1.773936244E2
1.576170211E2,2.274711807E-2,7.328487118E-4,1.597112161E-3,9.997397065E-1,1.773931474E2,1.848786986E-1,-7.979336637E-2,1.773930147E2
1.576220211E2,2.274137623E-2,7.363685290E-4,1.602631179E-3,9.997398257E-1,1.773938056E2,1.855196848E-1,-8.018328162E-2,1.773936717E2
1.576270211E2,2.273868014E-2,7.386913057E-4,1.602635486E-3,9.997398853E-1,1.773941146E2,1.855260153E-1,-8.044987219E-2,1.773939803E2
1.576320211E2,2.273897478E-2,7.380500319E-4,1.598745817E-3,9.997398853E-1,1.773940808E2,1.850787589E-1,-8.038648786E-2,1.773939470E2
1.576370211E2,2.273848387E-2,7.382002077E-4,1.605643774E-3,9.997398853E-1,1.773941371E2,1.858693557E-1,-8.038580861E-2,1.773940026E2
1.576420211E2,2.273548761E-2,7.406094810E-4,1.609845436E-3,9.997399449E-1,1.773944805E2,1.863567441E-1,-8.065142923E-2,1.773943453E2
1.576470211E2,2.272489059E-2,7.478706539E-4,1.608050312E-3,9.997401834E-1,1.773956952E2,1.861691475E-1,-8.148993276E-2,1.773955587E2
1.576520211E2,2.272283144E-2,7.495055906E-4,1.599306939E-3,9.997402430E-1,1.773959312E2,1.851715774E-1,-8.170038519E-2,1.773957951E2
1.576570211E2,2.272315730E-2,7.496889448E-4,1.594584319E-3,9.997402430E-1,1.773958938E2,1.846310477E-1,-8.173362804E-2,1.773957581E2
1.576620211E2,2.272335593E-2,7.494730526E-4,1.591852866E-3,9.997402430E-1,1.773958711E2,1.843175805E-1,-8.171597117E-2,1.773957356E2
1.576670211E2,2.272286098E-2,7.489449927E-4,1.599149895E-3,9.997402430E-1,1.773959278E2,1.851521285E-1,-8.163656553E-2,1.773957918E2
1.576720211E2,2.272567143E-2,7.468876429E-4,1.597437193E-3,9.997401834E-1,1.773956057E2,1.849507885E-1,-8.140481167E-2,1.773954702E2
1.576770211E2,2.272313169E-2,7.489552954E-4,1.595293870E-3,9.997402430E-1,1.773958968E2,1.847104228E-1,-8.164773686E-2,1.773957611E2
1.576820211E2,2.272288903E-2,7.497453480E-4,1.598376082E-3,9.997402430E-1,1.773959246E2,1.850655654E-1,-8.173026552E-2,1.773957885E2
1.576870211E2,2.271772625E-2,7.532086456E-4,1.595570240E-3,9.997403622E-1,1.773965164E2,1.847527172E-1,-8.213528776E-2,1.773963799E2
1.576920211E2,2.272051258E-2,7.503047236E-4,1.594610512E-3,9.997403026E-1,1.773961970E2,1.846354357E-1,-8.180459302E-2,1.773960611E2
1.576970211E2,2.272865530E-2,7.452271529E-4,1.593057299E-3,9.997401237E-1,1.773952637E2,1.844449359E-1,-8.122543898E-2,1.773951289E2
1.577020211E2,2.272846704E-2,7.450965350E-4,1.595801907E-3,9.997401237E-1,1.773952852E2,1.847590086E-1,-8.120336119E-2,1.773951503E2
1.577070211E2,2.272558712E-2,7.471254212E-4,1.598524977E-3,9.997401834E-1,1.773956153E2,1.850760200E-1,-8.142923466E-2,1.773954798E2
1.577120211E2,2.272847708E-2,7.453144644E-4,1.595557202E-3,9.997401237E-1,1.773952841E2,1.847315431E-1,-8.122896310E-2,1.773951491E2
1.577170211E2,2.272592629E-2,7.477346808E-4,1.593410037E-3,9.997401834E-1,1.773955765E2,1.844916558E-1,-8.151229081E-2,1.773954412E2
1.577220211E2,2.272584583E-2,7.469595294E-4,1.594920410E-3,9.997401834E-1,1.773955857E2,1.846626618E-1,-8.141956938E-2,1.773954504E2
1.577270211E2,2.272564807E-2,7.465334493E-4,1.597934868E-3,9.997401834E-1,1.773956083E2,1.850068789E-1,-8.136294282E-2,1.773954729E2
1.577320211E2,2.273077703E-2,7.426115917E-4,1.601389609E-3,9.997400641E-1,1.773950205E2,1.853928619E-1,-8.090369929E-2,1.773948855E2
1.577370211E2,2.272290231E-2,7.480737404E-4,1.598970499E-3,9.997402430E-1,1.773959231E2,1.851293109E-1,-8.153721275E-2,1.773957873E2
1.577420211E2,2.272564644E-2,7.478050538E-4,1.597363502E-3,9.997401834E-1,1.773956085E2,1.849447338E-1,-8.151010849E-2,1.773954729E2
1.577470211E2,2.273356294E-2,7.408288657E-4,1.599878771E-3,9.997400045E-1,1.773947011E2,1.852153576E-1,-8.070288639E-2,1.773945666E2
1.577520211E2,2.273886225E-2,7.381782052E-4,1.600286341E-3,9.997398853E-1,1.773940937E2,1.852555697E-1,-8.039717812E-2,1.773939597E2
1.577570211E2,2.273037416E-2,7.437354652E-4,1.606578124E-3,9.997400641E-1,1.773950666E2,1.859901647E-1,-8.101901170E-2,1.773949311E2
1.577620211E2,2.273554077E-2,7.396638975E-4,1.609529369E-3,9.997399449E-1,1.773944744E2,1.863180751E-1,-8.054391506E-2,1.773943394E2
1.577670211E2,2.274654327E-2,7.324822946E-4,1.605445053E-3,9.997397065E-1,1.773932133E2,1.858323314E-1,-7.972977392E-2,1.773930800E2
1.577720211E2,2.274894331E-2,7.315760595E-4,1.608964754E-3,9.997396469E-1,1.773929382E2,1.862333845E-1,-7.961633213E-2,1.773928048E2
1.577770211E2,2.274355224E-2,7.339828298E-4,1.610011561E-3,9.997397661E-1,1.773935562E2,1.863591531E-1,-7.989033195E-2,1.773934221E2
1.577820211E2,2.274673522E-2,7.327287458E-4,1.602610457E-3,9.997397065E-1,1.773931913E2,1.855082518E-1,-7.976536113E-2,1.773930581E2
1.577870211E2,2.273847922E-2,7.372921100E-4,1.606126665E-3,9.997398853E-1,1.773941376E2,1.859223098E-1,-8.028051786E-2,1.773940033E2
1.577920211E2,2.274337028E-2,7.348680519E-4,1.612176769E-3,9.997397661E-1,1.773935770E2,1.866094969E-1,-7.998613523E-2,1.773934427E2
1.577970211E2,2.274057768E-2,7.361334283E-4,1.614029985E-3,9.997398257E-1,1.773938971E2,1.868248798E-1,-8.012679077E-2,1.773937624E2
1.578020211E2,2.274064909E-2,7.355522830E-4,1.613288536E-3,9.997398257E-1,1.773938889E2,1.867384289E-1,-8.006213261E-2,1.773937543E2
1.578070211E2,2.274048473E-2,7.369673112E-4,1.614958746E-3,9.997398257E-1,1.773939078E2,1.869334466E-1,-8.021991891E-2,1.773937728E2
1.578120211E2,2.274001197E-2,7.369210362E-4,1.621623058E-3,9.997398257E-1,1.773939619E2,1.876967660E-1,-8.019733907E-2,1.773938264E2
1.578170211E2,2.273750767E-2,7.389489328E-4,1.619067509E-3,9.997398853E-1,1.773942490E2,1.874090804E-1,-8.043678765E-2,1.773941133E2
1.578220211E2,2.273769331E-2,7.391851977E-4,1.616350259E-3,9.997398853E-1,1.773942277E2,1.870984170E-1,-8.047090008E-2,1.773940922E2
1.578270211E2,2.274029370E-2,7.369745290E-4,1.617643167E-3,9.997398257E-1,1.773939297E2,1.872409831E-1,-8.021378595E-2,1.773937945E2
1.578320211E2,2.273753409E-2,7.375433343E-4,1.619337243E-3,9.997398853E-1,1.773942460E2,1.874363210E-1,-8.027505195E-2,1.773941105E2
1.578370211E2,2.273235091E-2,7.425608928E-4,1.616214286E-3,9.997400045E-1,1.773948401E2,1.870912044E-1,-8.085897987E-2,1.773947039E2
1.578420211E2,2.273795925E-2,7.388208178E-4,1.612771768E-3,9.997398853E-1,1.773941972E2,1.866875292E-1,-8.043843082E-2,1.773940621E2
1.578470211E2,2.274043616E-2,7.359493757E-4,1.616106369E-3,9.997398257E-1,1.773939133E2,1.870622638E-1,-8.010032076E-2,1.773937785E2
1.578520211E2,2.273254241E-2,7.418331224E-4,1.613853266E-3,9.997400045E-1,1.773948181E2,1.868188403E-1,-8.078172002E-2,1.773946823E2
1.578570211E2,2.273249469E-2,7.419809699E-4,1.614457462E-3,9.997400045E-1,1.773948236E2,1.868884396E-1,-8.079709263E-2,1.773946877E2
1.578620211E2,2.273995288E-2,7.368769147E-4,1.622471493E-3,9.997398257E-1,1.773939687E2,1.877938448E-1,-8.019008456E-2,1.773938332E2
1.578670211E2,2.274269665E-2,7.352381945E-4,1.621484058E-3,9.997397661E-1,1.773936542E2,1.876766708E-1,-8.000440795E-2,1.773935191E2
1.578720211E2,2.273777981E-2,7.375248242E-4,1.615891815E-3,9.997398853E-1,1.773942178E2,1.870415768E-1,-8.028186307E-2,1.773940826E2
1.578770211E2,2.274307525E-2,7.351781824E-4,1.616192283E-3,9.997397661E-1,1.773936108E2,1.870703076E-1,-8.001125375E-2,1.773934761E2
1.578820211E2,2.275079161E-2,7.298123091E-4,1.620625262E-3,9.997395873E-1,1.773927264E2,1.875647854E-1,-7.938352835E-2,1.773925923E2
1.578870211E2,2.274542640E-2,7.327174535E-4,1.621085336E-3,9.997397065E-1,1.773933413E2,1.876246396E-1,-7.971615423E-2,1.773932067E2
1.578920211E2,2.273790875E-2,7.374571287E-4,1.614107401E-3,9.997398853E-1,1.773942030E2,1.868369844E-1,-8.027873330E-2,1.773940680E2
1.578970211E2,2.274566444E-2,7.328211213E-4,1.617694972E-3,9.997397065E-1,1.773933140E2,1.872365215E-1,-7.973682325E-2,1.773931797E2
1.579020211E2,2.274570300E-2,7.331698434E-4,1.616994734E-3,9.997397065E-1,1.773933096E2,1.871572129E-1,-7.977859150E-2,1.773931752E2
1.579070211E2,2.273215343E-2,7.419292815E-4,1.619279152E-3,9.997400045E-1,1.773948627E2,1.874406606E-1,-8.077867415E-2,1.773947264E2
1.579120211E2,2.272403617E-2,7.480772911E-4,1.619984279E-3,9.997401834E-1,1.773957931E2,1.875367976E-1,-8.148268708E-2,1.773956556E2
1.579170211E2,2.272686813E-2,7.464430528E-4,1.617793110E-3,9.997401237E-1,1.773954685E2,1.872817465E-1,-8.130064130E-2,1.773953315E2
1.579220211E2,2.273237797E-2,7.417640882E-4,1.616199617E-3,9.997400045E-1,1.773948370E2,1.870874502E-1,-8.076772963E-2,1.773947010E2
1.579270211E2,2.273504306E-2,7.393455016E-4,1.616690075E-3,9.997399449E-1,1.773945315E2,1.871375514E-1,-8.048887542E-2,1.773943959E2
1.579320211E2,2.274810483E-2,7.309142384E-4,1.621074975E-3,9.997396469E-1,1.773930343E2,1.876189650E-1,-7.950909905E-2,1.773929000E2
1.579370211E2,2.275107723E-2,7.297214470E-4,1.616651774E-3,9.997395873E-1,1.773926936E2,1.871093599E-1,-7.938342519E-2,1.773925599E2
1.579420211E2,2.274535576E-2,7.336990675E-4,1.621632488E-3,9.997397065E-1,1.773933494E2,1.876898758E-1,-7.982719675E-2,1.773932146E2
1.579470211E2,2.273445527E-2,7.407746743E-4,1.624283846E-3,9.997399449E-1,1.773945989E2,1.880111869E-1,-8.063292988E-2,1.773944624E2
1.579520211E2,2.273974736E-2,7.371958345E-4,1.625204808E-3,9.997398257E-1,1.773939923E2,1.881077939E-1,-8.021953638E-2,1.773938564E2
1.579570211E2,2.274248816E-2,7.341672899E-4,1.624889905E-3,9.997397661E-1,1.773936781E2,1.880640439E-1,-7.987288591E-2,1.773935429E2
1.579620211E2,2.273674132E-2,7.382128970E-4,1.630127546E-3,9.997398853E-1,1.773943368E2,1.886741626E-1,-8.032379191E-2,1.773942004E2
1.579670211E2,2.272844572E-2,7.443654467E-4,1.633346314E-3,9.997400641E-1,1.773952877E2,1.890582719E-1,-8.102182110E-2,1.773951498E2
1.579720211E2,2.273394210E-2,7.401165785E-4,1.631749328E-3,9.997399449E-1,1.773946577E2,1.888646927E-1,-8.053818423E-2,1.773945208E2
1.579770211E2,2.273883342E-2,7.365836645E-4,1.638217713E-3,9.997398257E-1,1.773940970E2,1.895969118E-1,-8.011566778E-2,1.773939603E2
1.579820211E2,2.272472255E-2,7.473247824E-4,1.647257595E-3,9.997401237E-1,1.773957144E2,1.906593848E-1,-8.132532428E-2,1.773955749E2
1.579870211E2,2.273035880E-2,7.427772507E-4,1.643895986E-3,9.997400045E-1,1.773950684E2,1.902628831E-1,-8.081203239E-2,1.773949300E2
1.579920211E2,2.273594028E-2,7.394177956E-4,1.640719594E-3,9.997398853E-1,1.773944286E2,1.898906860E-1,-8.043438098E-2,1.773942911E2
1.579970211E2,2.272981945E-2,7.429985562E-4,1.651237137E-3,9.997400045E-1,1.773951302E2,1.911044343E-1,-8.081836605E-2,1.773949912E2
1.580020211E2,2.272147914E-2,7.482570945E-4,1.655380824E-3,9.997401834E-1,1.773960862E2,1.915921638E-1,-8.141159867E-2,1.773959458E2
1.580070211E2,2.273236948E-2,7.420695620E-4,1.652637962E-3,9.997399449E-1,1.773948379E2,1.912627017E-1,-8.070780208E-2,1.773946989E2
1.580120211E2,2.273248607E-2,7.413402782E-4,1.651361003E-3,9.997399449E-1,1.773948246E2,1.911145198E-1,-8.062755830E-2,1.773946858E2
1.580170211E2,2.272986250E-2,7.432620623E-4,1.650525839E-3,9.997400045E-1,1.773951253E2,1.910236364E-1,-8.085039834E-2,1.773949862E2
1.580220211E2,2.273195143E-2,7.417607121E-4,1.658516470E-3,9.997399449E-1,1.773948859E2,1.919353181E-1,-8.065718595E-2,1.773947465E2
1.580270211E2,2.272996015E-2,7.437550812E-4,1.648958307E-3,9.997400045E-1,1.773951141E2,1.908453487E-1,-8.091094394E-2,1.773949751E2
1.580320211E2,2.273008999E-2,7.435698062E-4,1.647251192E-3,9.997400045E-1,1.773950992E2,1.906493058E-1,-8.089414044E-2,1.773949604E2
1.580370211E2,2.274077405E-2,7.359884912E-4,1.647893456E-3,9.997397661E-1,1.773938746E2,1.907039901E-1,-8.002190023E-2,1.773937372E2
1.580420211E2,2.274129535E-2,7.349633961E-4,1.641143230E-3,9.997397661E-1,1.773938148E2,1.899280396E-1,-7.992195584E-2,1.773936782E2
1.580470211E2,2.273881689E-2,7.366061327E-4,1.638437039E-3,9.997398257E-1,1.773940989E2,1.896220955E-1,-8.011767338E-2,1.773939621E2
1.580520211E2,2.273895179E-2,7.372950786E-4,1.636253553E-3,9.997398257E-1,1.773940835E2,1.893737569E-1,-8.020226447E-2,1.773939467E2
1.580570211E2,2.274150456E-2,7.360486779E-4,1.637754380E-3,9.997397661E-1,1.773937909E2,1.895426510E-1,-8.005507969E-2,1.773936542E2
1.580620211E2,2.274429216E-2,7.339508738E-4,1.636369503E-3,9.997397065E-1,1.773934713E2,1.893787514E-1,-7.981783261E-2,1.773933352E2
1.580670211E2,2.273957083E-2,7.359830779E-4,1.628221595E-3,9.997398257E-1,1.773940125E2,1.884502287E-1,-8.007277256E-2,1.773938767E2
1.580720211E2,2.274188865E-2,7.345945342E-4,1.633067033E-3,9.997397661E-1,1.773937468E2,1.890018991E-1,-7.990063357E-2,1.773936109E2
1.580770211E2,2.272553454E-2,7.462088834E-4,1.636526547E-3,9.997401237E-1,1.773956214E2,1.894271719E-1,-8.122527683E-2,1.773954829E2
1.580820211E2,2.272323851E-2,7.471208810E-4,1.631572959E-3,9.997401834E-1,1.773958845E2,1.888618665E-1,-8.134309130E-2,1.773957463E2
1.580870211E2,2.273891485E-2,7.369994419E-4,1.636900008E-3,9.997398257E-1,1.773940877E2,1.894470427E-1,-8.016671824E-2,1.773939510E2
1.580920211E2,2.273576496E-2,7.381727337E-4,1.643707044E-3,9.997398853E-1,1.773944487E2,1.902296763E-1,-8.028399405E-2,1.773943112E2
1.580970211E2,2.272219950E-2,7.481112261E-4,1.645529643E-3,9.997401834E-1,1.773960036E2,1.904632695E-1,-8.142040132E-2,1.773958640E2
1.581020211E2,2.273121063E-2,7.423685165E-4,1.632260857E-3,9.997400045E-1,1.773949708E2,1.889289413E-1,-8.079535384E-2,1.773948334E2
1.581070211E2,2.274681635E-2,7.307545166E-4,1.639126800E-3,9.997396469E-1,1.773931820E2,1.896865019E-1,-7.944398656E-2,1.773930463E2
1.581120211E2,2.273551428E-2,7.385379286E-4,1.647007070E-3,9.997398853E-1,1.773944775E2,1.906086658E-1,-8.031728111E-2,1.773943396E2
1.581170211E2,2.273053725E-2,7.433312130E-4,1.641175942E-3,9.997400045E-1,1.773950479E2,1.899527265E-1,-8.088254672E-2,1.773949096E2
1.581220211E2,2.273922301E-2,7.371277898E-4,1.632555621E-3,9.997398257E-1,1.773940524E2,1.889496995E-1,-8.019268449E-2,1.773939160E2
1.581270211E2,2.274192623E-2,7.355989655E-4,1.632091240E-3,9.997397661E-1,1.773937425E2,1.888927311E-1,-8.001823901E-2,1.773936064E2
1.581320211E2,2.274168320E-2,7.352427929E-4,1.635634340E-3,9.997397661E-1,1.773937704E2,1.892976886E-1,-7.996824732E-2,1.773936341E2
1.581370211E2,2.275257620E-2,7.274126983E-4,1.633369713E-3,9.997395277E-1,1.773925218E2,1.890187011E-1,-7.907506012E-2,1.773923872E2
1.581420211E2,2.275019735E-2,7.289794739E-4,1.629319042E-3,9.997395873E-1,1.773927945E2,1.885585446E-1,-7.926556305E-2,1.773926599E2
1.581470211E2,2.274718812E-2,7.322938764E-4,1.633270178E-3,9.997396469E-1,1.773931394E2,1.890195974E-1,-7.963553471E-2,1.773930039E2
1.581520211E2,2.273660833E-2,7.378431037E-4,1.632148633E-3,9.997398853E-1,1.773943521E2,1.889047284E-1,-8.027618675E-2,1.773942156E2
1.581570211E2,2.274745265E-2,7.319970755E-4,1.629715087E-3,9.997396469E-1,1.773931091E2,1.886115659E-1,-7.961075009E-2,1.773929739E2
1.581620211E2,2.274534694E-2,7.322236197E-4,1.622422831E-3,9.997397065E-1,1.773933504E2,1.877765723E-1,-7.965610840E-2,1.773932158E2
1.581670211E2,2.274232215E-2,7.346587954E-4,1.626989921E-3,9.997397661E-1,1.773936971E2,1.883058941E-1,-7.992375178E-2,1.773935617E2
1.581720211E2,2.274183963E-2,7.347287028E-4,1.633689157E-3,9.997397661E-1,1.773937525E2,1.890735167E-1,-7.991439208E-2,1.773936164E2
1.581770211E2,2.274256553E-2,7.350712549E-4,1.623397693E-3,9.997397661E-1,1.773936693E2,1.878954553E-1,-7.998032027E-2,1.773935340E2
1.581820211E2,2.275365256E-2,7.270849310E-4,1.618453651E-3,9.997395277E-1,1.773923984E2,1.873091158E-1,-7.907620086E-2,1.773922651E2
1.581870211E2,2.275016004E-2,7.299535209E-4,1.629403909E-3,9.997395873E-1,1.773927988E2,1.885708039E-1,-7.937693737E-2,1.773926640E2
1.581920211E2,2.274263956E-2,7.350708474E-4,1.622360316E-3,9.997397661E-1,1.773936608E2,1.877766161E-1,-7.998296334E-2,1.773935256E2
1.581970211E2,2.274884600E-2,7.310258225E-4,1.610589912E-3,9.997396469E-1,1.773929494E2,1.864181237E-1,-7.954907740E-2,1.773928159E2
1.582020211E2,2.275959011E-2,7.229216862E-4,1.610449748E-3,9.997394085E-1,1.773917179E2,1.863817819E-1,-7.861901556E-2,1.773915859E2
1.582070211E2,2.275947050E-2,7.228395552E-4,1.612176071E-3,9.997394085E-1,1.773917316E2,1.865793294E-1,-7.860512623E-2,1.773915995E2
1.582120211E2,2.275446391E-2,7.274884265E-4,1.606823644E-3,9.997395277E-1,1.773923054E2,1.859778740E-1,-7.915260049E-2,1.773921729E2
1.582170211E2,2.276015873E-2,7.238210528E-4,1.601987402E-3,9.997394085E-1,1.773916527E2,1.854147084E-1,-7.874401454E-2,1.773915213E2
1.582220211E2,2.277082877E-2,7.165427087E-4,1.602417673E-3,9.997391701E-1,1.773904297E2,1.854458470E-1,-7.790709325E-2,1.773902996E2
1.582270211E2,2.277061893E-2,7.162327529E-4,1.605535159E-3,9.997391701E-1,1.773904537E2,1.858021674E-1,-7.786348817E-2,1.773903235E2
1.582320211E2,2.277132736E-2,7.155401399E-4,1.595766749E-3,9.997391701E-1,1.773903725E2,1.846813258E-1,-7.780950059E-2,1.773902431E2
1.582370211E2,2.277702709E-2,7.113713073E-4,1.590962987E-3,9.997390509E-1,1.773897192E2,1.841205581E-1,-7.734339784E-2,1.773895910E2
1.582420211E2,2.277646554E-2,7.128568832E-4,1.598320319E-3,9.997390509E-1,1.773897836E2,1.849672636E-1,-7.749448782E-2,1.773896545E2
1.582470211E2,2.277371055E-2,7.142255781E-4,1.599683310E-3,9.997391105E-1,1.773900994E2,1.851267695E-1,-7.764824042E-2,1.773899699E2
1.582520211E2,2.277668624E-2,7.124015247E-4,1.595375594E-3,9.997390509E-1,1.773897583E2,1.846287383E-1,-7.744996651E-2,1.773896295E2
1.582570211E2,2.277678336E-2,7.122280076E-4,1.594065921E-3,9.997390509E-1,1.773897472E2,1.844782541E-1,-7.743348862E-2,1.773896185E2
1.582620211E2,2.277166048E-2,7.157954387E-4,1.590891159E-3,9.997391701E-1,1.773903344E2,1.841234603E-1,-7.785140973E-2,1.773902053E2
1.582670211E2,2.277181345E-2,7.163051632E-4,1.588470303E-3,9.997391701E-1,1.773903168E2,1.838474642E-1,-7.791609392E-2,1.773901878E2
1.582720211E2,2.277479581E-2,7.134408224E-4,1.584511017E-3,9.997391105E-1,1.773899750E2,1.833866364E-1,-7.759773516E-2,1.773898469E2
1.582770211E2,2.277488478E-2,7.142934483E-4,1.582847093E-3,9.997391105E-1,1.773899648E2,1.831982462E-1,-7.769973986E-2,1.773898366E2
1.582820211E2,2.276975579E-2,7.163791452E-4,1.580399578E-3,9.997392297E-1,1.773905527E2,1.829228980E-1,-7.794600719E-2,1.773904243E2
1.582870211E2,2.276981946E-2,7.173386985E-4,1.579046366E-3,9.997392297E-1,1.773905454E2,1.827703803E-1,-7.805945464E-2,1.773904169E2
1.582920211E2,2.277240213E-2,7.145341951E-4,1.580810174E-3,9.997391701E-1,1.773902493E2,1.829653280E-1,-7.773309083E-2,1.773901213E2
1.582970211E2,2.277280682E-2,7.146645221E-4,1.574910479E-3,9.997391701E-1,1.773902030E2,1.822898183E-1,-7.776334370E-2,1.773900753E2
1.583020211E2,2.277277424E-2,7.159184897E-4,1.574811991E-3,9.997391701E-1,1.773902067E2,1.822818056E-1,-7.790726335E-2,1.773900789E2
1.583070211E2,2.277257807E-2,7.153732004E-4,1.577893505E-3,9.997391701E-1,1.773902292E2,1.826333917E-1,-7.783678807E-2,1.773901012E2
1.583120211E2,2.276992233E-2,7.174290367E-4,1.577521209E-3,9.997392297E-1,1.773905336E2,1.825958989E-1,-7.807376484E-2,1.773904053E2
1.583170211E2,2.276453832E-2,7.204557769E-4,1.578297466E-3,9.997393489E-1,1.773911507E2,1.826923049E-1,-7.841947175E-2,1.773910218E2
1.583220211E2,2.276176984E-2,7.230028859E-4,1.579305739E-3,9.997394085E-1,1.773914680E2,1.828142422E-1,-7.870914889E-2,1.773913385E2
1.583270211E2,2.275917423E-2,7.245201268E-4,1.578285941E-3,9.997394681E-1,1.773917655E2,1.827011652E-1,-7.888610108E-2,1.773916358E2
1.583320211E2,2.276138908E-2,7.221740088E-4,1.585161779E-3,9.997394085E-1,1.773915117E2,1.834829302E-1,-7.859898604E-2,1.773913819E2
1.583370211E2,2.275599690E-2,7.256123354E-4,1.585825114E-3,9.997395277E-1,1.773921297E2,1.835674665E-1,-7.899214657E-2,1.773919992E2
1.583420211E2,2.276698821E-2,7.196292281E-4,1.581089571E-3,9.997392893E-1,1.773908699E2,1.830102097E-1,-7.831704849E-2,1.773907409E2
1.583470211E2,2.276656250E-2,7.196535007E-4,1.587196602E-3,9.997392893E-1,1.773909187E2,1.837098739E-1,-7.830397395E-2,1.773907892E2
1.583520211E2,2.276404469E-2,7.206997834E-4,1.585290302E-3,9.997393489E-1,1.773912073E2,1.834940166E-1,-7.842927355E-2,1.773910777E2
1.583570211E2,2.277482650E-2,7.134223124E-4,1.584078069E-3,9.997391105E-1,1.773899715E2,1.833369909E-1,-7.759673896E-2,1.773898434E2
1.583620211E2,2.276683010E-2,7.185793365E-4,1.583841396E-3,9.997392893E-1,1.773908880E2,1.833227127E-1,-7.818962047E-2,1.773907590E2
1.583670211E2,2.275914107E-2,7.244839217E-4,1.578780706E-3,9.997394681E-1,1.773917693E2,1.827577495E-1,-7.888066900E-2,1.773916396E2
1.583720211E2,2.276974819E-2,7.167809526E-4,1.580326818E-3,9.997392297E-1,1.773905535E2,1.829156104E-1,-7.799223019E-2,1.773904251E2
1.583770211E2,2.276912879E-2,7.173143094E-4,1.588985557E-3,9.997392297E-1,1.773906245E2,1.839089170E-1,-7.803085270E-2,1.773904953E2
1.583820211E2,2.275585239E-2,7.268602494E-4,1.587326522E-3,9.997395277E-1,1.773921463E2,1.837427142E-1,-7.913122102E-2,1.773920154E2
1.583870211E2,2.276681896E-2,7.187026786E-4,1.583945472E-3,9.997392893E-1,1.773908893E2,1.833349567E-1,-7.820348125E-2,1.773907602E2
1.583920211E2,2.277143132E-2,7.159589441E-4,1.594094560E-3,9.997391701E-1,1.773903606E2,1.844908574E-1,-7.786182396E-2,1.773902313E2
1.583970211E2,2.276079979E-2,7.236340316E-4,1.592938323E-3,9.997394085E-1,1.773915792E2,1.843775896E-1,-7.874607316E-2,1.773914485E2
1.584020211E2,2.275624200E-2,7.269066991E-4,1.581709832E-3,9.997395277E-1,1.773921016E2,1.830994063E-1,-7.915111802E-2,1.773919712E2
1.584070211E2,2.276676198E-2,7.189989556E-4,1.584629877E-3,9.997392893E-1,1.773908958E2,1.834141323E-1,-7.823564808E-2,1.773907666E2
1.584120211E2,2.277157540E-2,7.148935110E-4,1.592513756E-3,9.997391701E-1,1.773903441E2,1.843069879E-1,-7.774386475E-2,1.773902151E2
1.584170211E2,2.276411137E-2,7.207717281E-4,1.584299840E-3,9.997393489E-1,1.773911996E2,1.833807402E-1,-7.844008724E-2,1.773910702E2
1.584220211E2,2.276970932E-2,7.175508072E-4,1.580537530E-3,9.997392297E-1,1.773905580E2,1.829417560E-1,-7.807988335E-2,1.773904294E2
1.584270211E2,2.277952209E-2,7.097282796E-4,1.593427965E-3,9.997389913E-1,1.773894332E2,1.843988546E-1,-7.714827554E-2,1.773893051E2
1.584320211E2,2.277479935E-2,7.141242968E-4,1.584152225E-3,9.997391105E-1,1.773899746E2,1.833473167E-1,-7.767697093E-2,1.773898463E2
1.584370211E2,2.278310188E-2,7.083317614E-4,1.580210868E-3,9.997389317E-1,1.773890229E2,1.828813068E-1,-7.702213607E-2,1.773888961E2
1.584420211E2,2.278517741E-2,7.063004305E-4,1.588880084E-3,9.997388721E-1,1.773887850E2,1.838693251E-1,-7.676640734E-2,1.773886579E2
1.584470211E2,2.277385150E-2,7.147625438E-4,1.597435214E-3,9.997391105E-1,1.773900832E2,1.848706354E-1,-7.771559717E-2,1.773899538E2
1.584520211E2,2.276854472E-2,7.182196132E-4,1.596926013E-3,9.997392297E-1,1.773906915E2,1.848209089E-1,-7.811395493E-2,1.773905615E2
1.584570211E2,2.277174575E-2,7.162592374E-4,1.589461230E-3,9.997391701E-1,1.773903246E2,1.839608618E-1,-7.790825912E-2,1.773901955E2
1.584620211E2,2.276898091E-2,7.171062171E-4,1.591196982E-3,9.997392297E-1,1.773906415E2,1.841617079E-1,-7.800127028E-2,1.773905122E2
1.584670211E2,2.276854786E-2,7.181932451E-4,1.596893067E-3,9.997392297E-1,1.773906911E2,1.848170660E-1,-7.811101954E-2,1.773905611E2
1.584720211E2,2.276614662E-2,7.186361472E-4,1.593609923E-3,9.997392893E-1,1.773909664E2,1.844419101E-1,-7.817076861E-2,1.773908365E2
1.584770211E2,2.276686735E-2,7.197716041E-4,1.582764089E-3,9.997392893E-1,1.773908837E2,1.832024080E-1,-7.832901259E-2,1.773907546E2
1.584820211E2,2.275300841E-2,7.283412269E-4,1.589873806E-3,9.997395873E-1,1.773924723E2,1.840381732E-1,-7.929476523E-2,1.773923409E2
1.584870211E2,2.276374284E-2,7.205898874E-4,1.589668682E-3,9.997393489E-1,1.773912419E2,1.839953026E-1,-7.840531733E-2,1.773911120E2
1.584920211E2,2.277283026E-2,7.143349503E-4,1.574721071E-3,9.997391701E-1,1.773902003E2,1.822672610E-1,-7.772607741E-2,1.773900727E2
1.584970211E2,2.277223556E-2,7.158951485E-4,1.582592959E-3,9.997391701E-1,1.773902684E2,1.831731064E-1,-7.788438204E-2,1.773901400E2
1.585020211E2,2.276089038E-2,7.233419456E-4,1.591776265E-3,9.997394085E-1,1.773915688E2,1.842437070E-1,-7.871562561E-2,1.773914383E2
1.585070211E2,2.276794484E-2,7.193497731E-4,1.567381900E-3,9.997392893E-1,1.773907602E2,1.814391762E-1,-7.832062384E-2,1.773906324E2
1.585120211E2,2.277653033E-2,7.129940786E-4,1.559584169E-3,9.997391105E-1,1.773897762E2,1.805299339E-1,-7.761129955E-2,1.773896501E2
1.585170211E2,2.277217523E-2,7.151138270E-4,1.583813922E-3,9.997391701E-1,1.773902754E2,1.833109387E-1,-7.779169730E-2,1.773901470E2
1.585220211E2,2.276665555E-2,7.185923168E-4,1.586342580E-3,9.997392893E-1,1.773909080E2,1.836092736E-1,-7.818461393E-2,1.773907788E2
1.585270211E2,2.276294235E-2,7.218683022E-4,1.562839607E-3,9.997394085E-1,1.773913336E2,1.809249801E-1,-7.862190771E-2,1.773912056E2
1.585320211E2,2.277026294E-2,7.172735641E-4,1.572668087E-3,9.997392297E-1,1.773904945E2,1.820395361E-1,-7.806855521E-2,1.773903666E2
1.585370211E2,2.276847444E-2,7.174102939E-4,1.598291215E-3,9.997392297E-1,1.773906995E2,1.849751920E-1,-7.801768881E-2,1.773905696E2
1.585420211E2,2.276115277E-2,7.231520722E-4,1.588106272E-3,9.997394085E-1,1.773915388E2,1.838227902E-1,-7.870339772E-2,1.773914085E2
1.585470211E2,2.276245292E-2,7.226718590E-4,1.569582266E-3,9.997394085E-1,1.773913897E2,1.816994910E-1,-7.869646481E-2,1.773912611E2
1.585520211E2,2.276116643E-2,7.235592348E-4,1.587725012E-3,9.997394085E-1,1.773915372E2,1.837801755E-1,-7.875103494E-2,1.773914069E2
1.585570211E2,2.275197786E-2,7.287617773E-4,1.604363089E-3,9.997395873E-1,1.773925904E2,1.856991112E-1,-7.930535573E-2,1.773924578E2
1.585620211E2,2.275024041E-2,7.303610328E-4,1.591077307E-3,9.997396469E-1,1.773927895E2,1.841810958E-1,-7.952352965E-2,1.773926577E2
1.585670211E2,2.275609134E-2,7.269004709E-4,1.583878766E-3,9.997395277E-1,1.773921189E2,1.833478558E-1,-7.914477597E-2,1.773919883E2
1.585720211E2,2.275245738E-2,7.281804574E-4,1.597813447E-3,9.997395873E-1,1.773925354E2,1.849472924E-1,-7.925574700E-2,1.773924035E2
1.585770211E2,2.275183568E-2,7.285972242E-4,1.606452744E-3,9.997395873E-1,1.773926067E2,1.859380662E-1,-7.928108228E-2,1.773924740E2
1.585820211E2,2.275339131E-2,7.278445410E-4,1.584612764E-3,9.997395873E-1,1.773924284E2,1.834341924E-1,-7.925151159E-2,1.773922976E2
1.585870211E2,2.275063549E-2,7.307131891E-4,1.585255843E-3,9.997396469E-1,1.773927443E2,1.835151261E-1,-7.957897804E-2,1.773926128E2
1.585920211E2,2.274144435E-2,7.355947746E-4,1.602019765E-3,9.997398257E-1,1.773937978E2,1.854476287E-1,-8.009621970E-2,1.773936641E2
1.585970211E2,2.274470355E-2,7.348724757E-4,1.593254274E-3,9.997397661E-1,1.773934242E2,1.844418135E-1,-8.003571443E-2,1.773932914E2
1.586020211E2,2.273747256E-2,7.392583066E-4,1.582194818E-3,9.997399449E-1,1.773942530E2,1.831856686E-1,-8.056831436E-2,1.773941202E2
1.586070211E2,2.273379843E-2,7.417820161E-4,1.596086426E-3,9.997400045E-1,1.773946741E2,1.847834007E-1,-8.082191738E-2,1.773945398E2
1.586120211E2,2.273627890E-2,7.399830502E-4,1.598921022E-3,9.997399449E-1,1.773943898E2,1.851036511E-1,-8.060798050E-2,1.773942556E2
1.586170211E2,2.274190741E-2,7.364053163E-4,1.595058828E-3,9.997398257E-1,1.773937447E2,1.846523185E-1,-8.020713229E-2,1.773936114E2
1.586220211E2,2.272611451E-2,7.475800812E-4,1.590795931E-3,9.997401834E-1,1.773955549E2,1.841917907E-1,-8.150135294E-2,1.773954199E2
1.586270211E2,2.272538335E-2,7.474074373E-4,1.601287629E-3,9.997401834E-1,1.773956387E2,1.853932334E-1,-8.145438596E-2,1.773955028E2
1.586320211E2,2.273628542E-2,7.396780420E-4,1.598969451E-3,9.997399449E-1,1.773943891E2,1.851084049E-1,-8.057291083E-2,1.773942549E2
1.586370211E2,2.272913428E-2,7.442663191E-4,1.586659811E-3,9.997401237E-1,1.773952088E2,1.837095617E-1,-8.113193930E-2,1.773950747E2
1.586420211E2,2.272373263E-2,7.483287482E-4,1.587006496E-3,9.997402430E-1,1.773958279E2,1.837594203E-1,-8.159742846E-2,1.773956930E2
1.586470211E2,2.272855527E-2,7.446305244E-4,1.594762551E-3,9.997401237E-1,1.773952751E2,1.846387309E-1,-8.115266502E-2,1.773951403E2
1.586520211E2,2.272606570E-2,7.462064968E-4,1.592137618E-3,9.997401834E-1,1.773955605E2,1.843419156E-1,-8.134050736E-2,1.773954256E2
1.586570211E2,2.271831558E-2,7.516085170E-4,1.587915467E-3,9.997403622E-1,1.773964488E2,1.838716515E-1,-8.197179409E-2,1.773963133E2
1.586620211E2,2.272629594E-2,7.474698941E-4,1.588253770E-3,9.997401834E-1,1.773955341E2,1.839002829E-1,-8.149531703E-2,1.773953993E2
1.586670211E2,2.272906969E-2,7.442697533E-4,1.587583218E-3,9.997401237E-1,1.773952162E2,1.838153528E-1,-8.112993941E-2,1.773950820E2
1.586720211E2,2.272942822E-2,7.452607970E-4,1.581975259E-3,9.997401237E-1,1.773951751E2,1.831755036E-1,-8.125801653E-2,1.773950412E2
1.586770211E2,2.272457337E-2,7.488872507E-4,1.574656460E-3,9.997402430E-1,1.773957315E2,1.823460963E-1,-8.169341875E-2,1.773955976E2
1.586820211E2,2.272927216E-2,7.451217971E-4,1.584281330E-3,9.997401237E-1,1.773951930E2,1.834393174E-1,-8.123611437E-2,1.773950589E2
1.586870211E2,2.272613799E-2,7.463161019E-4,1.591054024E-3,9.997401834E-1,1.773955522E2,1.842180681E-1,-8.135587265E-2,1.773954174E2
1.586920211E2,2.272919260E-2,7.441522903E-4,1.585877617E-3,9.997401237E-1,1.773952021E2,1.836196595E-1,-8.112090262E-2,1.773950681E2
1.586970211E2,2.273720924E-2,7.384362980E-4,1.586357248E-3,9.997399449E-1,1.773942832E2,1.836603623E-1,-8.046334606E-2,1.773941502E2
1.587020211E2,2.272882064E-2,7.444304647E-4,1.591069624E-3,9.997401237E-1,1.773952447E2,1.842151616E-1,-8.113931565E-2,1.773951102E2
1.587070211E2,2.272604513E-2,7.475972525E-4,1.591778710E-3,9.997401834E-1,1.773955628E2,1.843044190E-1,-8.150077339E-2,1.773954277E2
1.587120211E2,2.273174354E-2,7.422615308E-4,1.587774721E-3,9.997400641E-1,1.773949097E2,1.838322769E-1,-8.089888329E-2,1.773947759E2
1.587170211E2,2.273404316E-2,7.422778290E-4,1.592365792E-3,9.997400045E-1,1.773946461E2,1.843584685E-1,-8.088836661E-2,1.773945119E2
1.587220211E2,2.272289327E-2,7.482651854E-4,1.599009265E-3,9.997402430E-1,1.773959241E2,1.851342499E-1,-8.155904577E-2,1.773957883E2
1.587270211E2,2.273348912E-2,7.417649613E-4,1.600493793E-3,9.997400045E-1,1.773947096E2,1.852882489E-1,-8.080853862E-2,1.773945749E2
1.587320211E2,2.273645612E-2,7.393813576E-4,1.596677816E-3,9.997399449E-1,1.773943695E2,1.848451108E-1,-8.054486147E-2,1.773942356E2
1.587370211E2,2.272298171E-2,7.487524417E-4,1.597523689E-3,9.997402430E-1,1.773959140E2,1.849653352E-1,-8.161871882E-2,1.773957782E2
1.587420211E2,2.272588391E-2,7.467786199E-4,1.594462432E-3,9.997401834E-1,1.773955813E2,1.846097268E-1,-8.140002976E-2,1.773954461E2
1.587470211E2,2.274182181E-2,7.366752834E-4,1.596154296E-3,9.997398257E-1,1.773937545E2,1.847785144E-1,-8.023522105E-2,1.773936211E2
1.587520211E2,2.272620405E-2,7.468485273E-4,1.589860185E-3,9.997401834E-1,1.773955446E2,1.840826914E-1,-8.141996532E-2,1.773954098E2
1.587570211E2,2.271537743E-2,7.543878746E-4,1.591100940E-3,9.997404218E-1,1.773967856E2,1.842435812E-1,-8.228245067E-2,1.773966492E2
1.587620211E2,2.273429571E-2,7.412824198E-4,1.589220716E-3,9.997400045E-1,1.773946171E2,1.839955886E-1,-8.078247801E-2,1.773944834E2
1.587670211E2,2.273168809E-2,7.430226542E-4,1.588212559E-3,9.997400641E-1,1.773949160E2,1.838844150E-1,-8.098494860E-2,1.773947821E2
1.587720211E2,2.271870699E-2,7.528478163E-4,1.581716235E-3,9.997403622E-1,1.773964039E2,1.831647127E-1,-8.212983831E-2,1.773962687E2
1.587770211E2,2.272658278E-2,7.469304255E-4,1.584398444E-3,9.997401834E-1,1.773955012E2,1.834572265E-1,-8.144350262E-2,1.773953668E2
1.587820211E2,2.273453264E-2,7.413356798E-4,1.585802762E-3,9.997400045E-1,1.773945900E2,1.836041783E-1,-8.079744084E-2,1.773944565E2
1.587870211E2,2.272129473E-2,7.497119368E-4,1.583707519E-3,9.997403026E-1,1.773961073E2,1.833848851E-1,-8.176492712E-2,1.773959725E2
1.587920211E2,2.273227111E-2,7.433070568E-4,1.579712029E-3,9.997400641E-1,1.773948492E2,1.829113640E-1,-8.103956747E-2,1.773947159E2
1.587970211E2,2.274855858E-2,7.316460833E-4,1.577019808E-3,9.997397065E-1,1.773929823E2,1.825738553E-1,-7.970770405E-2,1.773928514E2
1.588020211E2,2.274570308E-2,7.339300355E-4,1.579358941E-3,9.997397661E-1,1.773933096E2,1.828475577E-1,-7.996378199E-2,1.773931781E2
1.588070211E2,2.273536327E-2,7.404415519E-4,1.574270194E-3,9.997400045E-1,1.773944948E2,1.822807197E-1,-8.072490253E-2,1.773943624E2
1.588120211E2,2.274033567E-2,7.381218020E-4,1.579237054E-3,9.997398853E-1,1.773939248E2,1.828440895E-1,-8.044529762E-2,1.773937925E2
1.588170211E2,2.273980972E-2,7.374743000E-4,1.587093459E-3,9.997398853E-1,1.773939851E2,1.837424063E-1,-8.035074160E-2,1.773938523E2
1.588220211E2,2.273492679E-2,7.413380081E-4,1.580140903E-3,9.997400045E-1,1.773945448E2,1.829555814E-1,-8.081238641E-2,1.773944118E2
1.588270211E2,2.273205726E-2,7.434391300E-4,1.582724275E-3,9.997400641E-1,1.773948737E2,1.832567802E-1,-8.104689012E-2,1.773947401E2
1.588320211E2,2.273434528E-2,7.404627395E-4,1.588893705E-3,9.997400045E-1,1.773946115E2,1.839559938E-1,-8.068941678E-2,1.773944779E2
1.588370211E2,2.273708222E-2,7.394863642E-4,1.587688108E-3,9.997399449E-1,1.773942978E2,1.838155546E-1,-8.058019918E-2,1.773941645E2
1.588420211E2,2.272913162E-2,7.449400146E-4,1.586381695E-3,9.997401237E-1,1.773952091E2,1.836794548E-1,-8.120984398E-2,1.773950749E2
1.588470211E2,2.272909327E-2,7.448890829E-4,1.586955041E-3,9.997401237E-1,1.773952135E2,1.837450028E-1,-8.120252281E-2,1.773950792E2
1.588520211E2,2.272360068E-2,7.482953952E-4,1.588910352E-3,9.997402430E-1,1.773958430E2,1.839774326E-1,-8.158867395E-2,1.773957080E2
1.588570211E2,2.272411758E-2,7.476636674E-4,1.581799472E-3,9.997402430E-1,1.773957838E2,1.831611914E-1,-8.153472460E-2,1.773956495E2
1.588620211E2,2.272644924E-2,7.471618010E-4,1.586203813E-3,9.997401834E-1,1.773955165E2,1.836646453E-1,-8.146533202E-2,1.773953819E2
1.588670211E2,2.272380158E-2,7.480240311E-4,1.586162718E-3,9.997402430E-1,1.773958200E2,1.836619672E-1,-8.156470411E-2,1.773956853E2
1.588720211E2,2.272373150E-2,7.485905080E-4,1.586899161E-3,9.997402430E-1,1.773958280E2,1.837478054E-1,-8.162769587E-2,1.773956931E2
1.588770211E2,2.272894771E-2,7.456474705E-4,1.588682644E-3,9.997401237E-1,1.773952301E2,1.839448845E-1,-8.128493197E-2,1.773950956E2
1.588820211E2,2.272904654E-2,7.453747094E-4,1.587396138E-3,9.997401237E-1,1.773952188E2,1.837967971E-1,-8.125701673E-2,1.773950845E2
1.588870211E2,2.272358701E-2,7.495127502E-4,1.588532119E-3,9.997402430E-1,1.773958446E2,1.839372707E-1,-8.172912386E-2,1.773957094E2
1.588920211E2,2.272610784E-2,7.471051649E-4,1.591114327E-3,9.997401834E-1,1.773955557E2,1.842270293E-1,-8.144611767E-2,1.773954207E2
1.588970211E2,2.272584129E-2,7.470904966E-4,1.594923786E-3,9.997401834E-1,1.773955862E2,1.846633893E-1,-8.143456527E-2,1.773954509E2
1.589020211E2,2.273116964E-2,7.435904699E-4,1.595351030E-3,9.997400641E-1,1.773949755E2,1.847036511E-1,-8.103149868E-2,1.773948408E2
1.589070211E2,2.273108981E-2,7.440121262E-4,1.596291666E-3,9.997400641E-1,1.773949846E2,1.848125044E-1,-8.107736886E-2,1.773948498E2
1.589120211E2,2.273409511E-2,7.421641494E-4,1.591676846E-3,9.997400045E-1,1.773946401E2,1.842792494E-1,-8.087712858E-2,1.773945061E2
1.589170211E2,2.273640081E-2,7.403052296E-4,1.597037306E-3,9.997399449E-1,1.773943759E2,1.848886978E-1,-8.064977548E-2,1.773942417E2
1.589220211E2,2.272309261E-2,7.488784031E-4,1.595886424E-3,9.997402430E-1,1.773959013E2,1.847781036E-1,-8.163739213E-2,1.773957656E2
1.589270211E2,2.272589678E-2,7.465726812E-4,1.594375470E-3,9.997401834E-1,1.773955798E2,1.845992288E-1,-8.137666114E-2,1.773954447E2
1.589320211E2,2.273612901E-2,7.403838099E-4,1.600865740E-3,9.997399449E-1,1.773944070E2,1.853274744E-1,-8.064885304E-2,1.773942725E2
1.589370211E2,2.273044480E-2,7.431149716E-4,1.605865662E-3,9.997400641E-1,1.773950585E2,1.859069328E-1,-8.094976954E-2,1.773949231E2
1.589420211E2,2.272544306E-2,7.471559220E-4,1.600557473E-3,9.997401834E-1,1.773956318E2,1.853089348E-1,-8.142746237E-2,1.773954961E2
1.589470211E2,2.274182032E-2,7.352550747E-4,1.596830203E-3,9.997398257E-1,1.773937547E2,1.848522460E-1,-8.007075815E-2,1.773936215E2
1.589520211E2,2.274699307E-2,7.323840982E-4,1.599104260E-3,9.997397065E-1,1.773931618E2,1.851056965E-1,-7.973496963E-2,1.773930289E2
1.589570211E2,2.273879352E-2,7.383565535E-4,1.601180411E-3,9.997398853E-1,1.773941016E2,1.853584555E-1,-8.041529298E-2,1.773939675E2
1.589620211E2,2.274165618E-2,7.357334252E-4,1.598946168E-3,9.997398257E-1,1.773937735E2,1.850958892E-1,-8.012007470E-2,1.773936400E2
1.589670211E2,2.274704535E-2,7.314100512E-4,1.598806470E-3,9.997397065E-1,1.773931558E2,1.850690458E-1,-7.962414766E-2,1.773930231E2
1.589720211E2,2.273890273E-2,7.380439201E-4,1.599773066E-3,9.997398853E-1,1.773940891E2,1.851964211E-1,-8.038312419E-2,1.773939551E2
1.589770211E2,2.274730089E-2,7.326028426E-4,1.594619127E-3,9.997397065E-1,1.773931265E2,1.845924649E-1,-7.977166416E-2,1.773929940E2
1.589820211E2,2.274989921E-2,7.296684780E-4,1.596265240E-3,9.997396469E-1,1.773928287E2,1.847736035E-1,-7.943072684E-2,1.773926966E2
1.589870211E2,2.275555727E-2,7.264974411E-4,1.591717475E-3,9.997395277E-1,1.773921801E2,1.842447815E-1,-7.907826088E-2,1.773920490E2
1.589920211E2,2.275563683E-2,7.261008141E-4,1.590760658E-3,9.997395277E-1,1.773921710E2,1.841341383E-1,-7.903530306E-2,1.773920400E2
1.589970211E2,2.275824508E-2,7.238539984E-4,1.591930981E-3,9.997394681E-1,1.773918720E2,1.842625589E-1,-7.877437127E-2,1.773917414E2
1.590020211E2,2.275847409E-2,7.250061608E-4,1.588128158E-3,9.997394681E-1,1.773918458E2,1.838299227E-1,-7.891624082E-2,1.773917152E2
1.590070211E2,2.275338603E-2,7.283613668E-4,1.584451064E-3,9.997395873E-1,1.773924290E2,1.834170149E-1,-7.931114267E-2,1.773922981E2
1.590120211E2,2.275567768E-2,7.273384836E-4,1.589610474E-3,9.997395277E-1,1.773921663E2,1.840056020E-1,-7.918008451E-2,1.773920352E2
1.590170211E2,2.275263931E-2,7.277991972E-4,1.595394686E-3,9.997395873E-1,1.773925146E2,1.846692143E-1,-7.921834217E-2,1.773923829E2
1.590220211E2,2.275562106E-2,7.260905695E-4,1.590990927E-3,9.997395277E-1,1.773921728E2,1.841604905E-1,-7.903353185E-2,1.773920418E2
1.590270211E2,2.275863957E-2,7.243449800E-4,1.586057013E-3,9.997394681E-1,1.773918268E2,1.835909365E-1,-7.884586607E-2,1.773916965E2
1.590320211E2,2.275819517E-2,7.253909134E-4,1.591944834E-3,9.997394681E-1,1.773918778E2,1.842681507E-1,-7.895041603E-2,1.773917468E2
1.590370211E2,2.274706453E-2,7.317985874E-4,1.598355710E-3,9.997397065E-1,1.773931536E2,1.850184202E-1,-7.966983052E-2,1.773930209E2
1.590420211E2,2.275565201E-2,7.274162490E-4,1.589942374E-3,9.997395277E-1,1.773921693E2,1.840438259E-1,-7.918813267E-2,1.773920381E2
1.590470211E2,2.276121700E-2,7.235007943E-4,1.587026520E-3,9.997394085E-1,1.773915314E2,1.837000063E-1,-7.874615253E-2,1.773914012E2
1.590520211E2,2.274769154E-2,7.317640120E-4,1.589423162E-3,9.997397065E-1,1.773930817E2,1.839950483E-1,-7.968903910E-2,1.773929498E2
1.590570211E2,2.274723045E-2,7.326032501E-4,1.595623442E-3,9.997397065E-1,1.773931346E2,1.847075168E-1,-7.976910582E-2,1.773930020E2
1.590620211E2,2.276127932E-2,7.224551518E-4,1.586609054E-3,9.997394085E-1,1.773915243E2,1.836494578E-1,-7.862743937E-2,1.773913943E2
1.590670211E2,2.276158066E-2,7.223450812E-4,1.582330442E-3,9.997394085E-1,1.773914897E2,1.831590276E-1,-7.862593453E-2,1.773913601E2
1.590720211E2,2.275305422E-2,7.292258088E-4,1.588812331E-3,9.997395873E-1,1.773924670E2,1.839188788E-1,-7.939886379E-2,1.773923356E2
1.590770211E2,2.275839130E-2,7.248169277E-4,1.589400345E-3,9.997394681E-1,1.773918553E2,1.839751670E-1,-7.889125923E-2,1.773917246E2
1.590820211E2,2.276688780E-2,7.183764246E-4,1.583103789E-3,9.997392893E-1,1.773908814E2,1.832376859E-1,-7.816828838E-2,1.773907525E2
1.590870211E2,2.276423188E-2,7.207625313E-4,1.582571422E-3,9.997393489E-1,1.773911858E2,1.831827144E-1,-7.844352050E-2,1.773910565E2
1.590920211E2,2.275619950E-2,7.260818966E-4,1.582699944E-3,9.997395277E-1,1.773921065E2,1.832106812E-1,-7.905405296E-2,1.773919762E2
1.590970211E2,2.276158643E-2,7.230886258E-4,1.581907738E-3,9.997394085E-1,1.773914891E2,1.831125419E-1,-7.871221784E-2,1.773913593E2
1.591020211E2,2.276485152E-2,7.212610217E-4,1.573404646E-3,9.997393489E-1,1.773911148E2,1.821338988E-1,-7.852442910E-2,1.773909861E2
1.591070211E2,2.275708608E-2,7.260136190E-4,1.569932094E-3,9.997395277E-1,1.773920049E2,1.817478614E-1,-7.907936581E-2,1.773918756E2
1.591120211E2,2.275155592E-2,7.290740614E-4,1.572751440E-3,9.997396469E-1,1.773926388E2,1.820783944E-1,-7.942363007E-2,1.773925086E2
1.591170211E2,2.276260794E-2,7.217010716E-4,1.567779691E-3,9.997394085E-1,1.773913720E2,1.814904639E-1,-7.858992362E-2,1.773912436E2
1.591220211E2,2.276839259E-2,7.192741032E-4,1.560899080E-3,9.997392893E-1,1.773907089E2,1.806963285E-1,-7.832878866E-2,1.773905816E2
1.591270211E2,2.276271396E-2,7.222486311E-4,1.565987244E-3,9.997394085E-1,1.773913598E2,1.812865543E-1,-7.865730942E-2,1.773912315E2
1.591320211E2,2.276269794E-2,7.231513737E-4,1.565803424E-3,9.997394085E-1,1.773913616E2,1.812678493E-1,-7.876121160E-2,1.773912332E2
1.591370211E2,2.276824230E-2,7.181797992E-4,1.563592930E-3,9.997392893E-1,1.773907261E2,1.810020743E-1,-7.819642172E-2,1.773905988E2
1.591420211E2,2.276545206E-2,7.206453593E-4,1.564975129E-3,9.997393489E-1,1.773910460E2,1.811666366E-1,-7.847577978E-2,1.773909180E2
1.591470211E2,2.275959457E-2,7.233863580E-4,1.572734909E-3,9.997394681E-1,1.773917174E2,1.820623032E-1,-7.877061588E-2,1.773915883E2
1.591520211E2,2.276736517E-2,7.189075113E-4,1.575981500E-3,9.997392893E-1,1.773908267E2,1.824231647E-1,-7.824762573E-2,1.773906982E2
1.591570211E2,2.277077080E-2,7.172414334E-4,1.565312268E-3,9.997392297E-1,1.773904363E2,1.811967941E-1,-7.808397658E-2,1.773903090E2
1.591620211E2,2.277068782E-2,7.175021456E-4,1.566399587E-3,9.997392297E-1,1.773904458E2,1.813220335E-1,-7.811102194E-2,1.773903184E2
1.591670211E2,2.275999817E-2,7.246165769E-4,1.566314721E-3,9.997394681E-1,1.773916711E2,1.813300337E-1,-7.892822378E-2,1.773915423E2
1.591720211E2,2.275761216E-2,7.256775862E-4,1.562443678E-3,9.997395277E-1,1.773919446E2,1.808891380E-1,-7.906030317E-2,1.773918159E2
1.591770211E2,2.275759291E-2,7.250274066E-4,1.563025871E-3,9.997395277E-1,1.773919468E2,1.809541379E-1,-7.898430260E-2,1.773918182E2
1.591820211E2,2.276549541E-2,7.195431390E-4,1.564851613E-3,9.997393489E-1,1.773910410E2,1.811496139E-1,-7.834982189E-2,1.773909133E2
1.591870211E2,2.276793307E-2,7.180245593E-4,1.568160369E-3,9.997392893E-1,1.773907616E2,1.815249003E-1,-7.816677605E-2,1.773906339E2
1.591920211E2,2.277099097E-2,7.160017849E-4,1.562674763E-3,9.997392297E-1,1.773904111E2,1.808914181E-1,-7.794880296E-2,1.773902842E2
1.591970211E2,2.277347535E-2,7.154066116E-4,1.564874663E-3,9.997391701E-1,1.773901263E2,1.811420835E-1,-7.787442811E-2,1.773899994E2
1.592020211E2,2.276776232E-2,7.183431298E-4,1.570491819E-3,9.997392893E-1,1.773907812E2,1.817928139E-1,-7.819722000E-2,1.773906532E2
1.592070211E2,2.277066006E-2,7.163545233E-4,1.567328000E-3,9.997392297E-1,1.773904490E2,1.814253972E-1,-7.797713074E-2,1.773903217E2
1.592120211E2,2.277851854E-2,7.107385900E-4,1.569751184E-3,9.997390509E-1,1.773895483E2,1.816889542E-1,-7.732600837E-2,1.773894218E2
1.592170211E2,2.277801776E-2,7.111374871E-4,1.576821320E-3,9.997390509E-1,1.773896057E2,1.824999260E-1,-7.735334254E-2,1.773894786E2
1.592220211E2,2.276684766E-2,7.198890089E-4,1.582994009E-3,9.997392893E-1,1.773908860E2,1.832290529E-1,-7.834186643E-2,1.773907568E2
1.592270211E2,2.276678541E-2,7.186047733E-4,1.584472018E-3,9.997392893E-1,1.773908931E2,1.833950209E-1,-7.819089744E-2,1.773907640E2
1.592320211E2,2.278262316E-2,7.085592370E-4,1.586996368E-3,9.997389317E-1,1.773890778E2,1.836592245E-1,-7.703056785E-2,1.773889504E2
1.592370211E2,2.276594248E-2,7.194374921E-4,1.596162678E-3,9.997392893E-1,1.773909898E2,1.847364340E-1,-7.825594980E-2,1.773908596E2
1.592420211E2,2.275824838E-2,7.241097046E-4,1.591767417E-3,9.997394681E-1,1.773918717E2,1.842444879E-1,-7.880409140E-2,1.773917410E2
1.592470211E2,2.277214970E-2,7.152406615E-4,1.584123587E-3,9.997391701E-1,1.773902783E2,1.833467435E-1,-7.780542425E-2,1.773901498E2
1.592520211E2,2.276105497E-2,7.229907205E-4,1.589580788E-3,9.997394085E-1,1.773915500E2,1.839912853E-1,-7.868108491E-2,1.773914197E2
1.592570211E2,2.275291426E-2,7.280900027E-4,1.591335516E-3,9.997395873E-1,1.773924831E2,1.842049673E-1,-7.926219056E-2,1.773923517E2
1.592620211E2,2.275280426E-2,7.281699800E-4,1.592871035E-3,9.997395873E-1,1.773924957E2,1.843810794E-1,-7.926736944E-2,1.773923641E2
1.592670211E2,2.276088126E-2,7.237377577E-4,1.591726672E-3,9.997394085E-1,1.773915699E2,1.842390573E-1,-7.876110157E-2,1.773914393E2
1.592720211E2,2.275556909E-2,7.265143795E-4,1.591540757E-3,9.997395277E-1,1.773921788E2,1.842245814E-1,-7.908066003E-2,1.773920476E2
1.592770211E2,2.275272675E-2,7.287117187E-4,1.593730180E-3,9.997395873E-1,1.773925046E2,1.844809114E-1,-7.932720614E-2,1.773923728E2
1.592820211E2,2.275551175E-2,7.271621143E-4,1.592064626E-3,9.997395277E-1,1.773921853E2,1.842862816E-1,-7.915351013E-2,1.773920540E2
1.592870211E2,2.275783708E-2,7.257958641E-4,1.596871763E-3,9.997394681E-1,1.773919188E2,1.848336181E-1,-7.898402450E-2,1.773917874E2
1.592920211E2,2.276039069E-2,7.222057902E-4,1.599418814E-3,9.997394085E-1,1.773916261E2,1.851162504E-1,-7.856562382E-2,1.773914952E2
1.592970211E2,2.275788134E-2,7.248353795E-4,1.596677233E-3,9.997394681E-1,1.773919137E2,1.848088306E-1,-7.887448885E-2,1.773917825E2
1.593020211E2,2.275256641E-2,7.288586348E-4,1.595950569E-3,9.997395873E-1,1.773925229E2,1.847356543E-1,-7.933827728E-2,1.773923910E2
1.593070211E2,2.276309098E-2,7.205056609E-4,1.599013689E-3,9.997393489E-1,1.773913166E2,1.850656153E-1,-7.837141086E-2,1.773911860E2
1.593120211E2,2.275490965E-2,7.271879003E-4,1.600635587E-3,9.997395277E-1,1.773922544E2,1.852682087E-1,-7.913422509E-2,1.773921224E2
1.593170211E2,2.274941742E-2,7.313655224E-4,1.602343516E-3,9.997396469E-1,1.773928839E2,1.854743302E-1,-7.960938606E-2,1.773927510E2
1.593220211E2,2.275750338E-2,7.258098340E-4,1.601614174E-3,9.997394681E-1,1.773919571E2,1.853769287E-1,-7.897331862E-2,1.773918253E2
1.593270211E2,2.276527095E-2,7.195932558E-4,1.605642028E-3,9.997392893E-1,1.773910667E2,1.858227620E-1,-7.824918831E-2,1.773909358E2
1.593320211E2,2.276515323E-2,7.204551948E-4,1.606924110E-3,9.997392893E-1,1.773910802E2,1.859718796E-1,-7.834461069E-2,1.773909490E2
1.593370211E2,2.276028943E-2,7.231483469E-4,1.600433607E-3,9.997394085E-1,1.773916377E2,1.852349579E-1,-7.867097665E-2,1.773915065E2
1.593420211E2,2.277086646E-2,7.164261770E-4,1.601934200E-3,9.997391701E-1,1.773904254E2,1.853901582E-1,-7.789499780E-2,1.773902953E2
1.593470211E2,2.276810100E-2,7.171960897E-4,1.603698009E-3,9.997392297E-1,1.773907423E2,1.855940173E-1,-7.797911108E-2,1.773906120E2
1.593520211E2,2.275972082E-2,7.241893909E-4,1.608031103E-3,9.997394085E-1,1.773917029E2,1.861080139E-1,-7.877052998E-2,1.773915709E2
1.593570211E2,2.275455488E-2,7.263039588E-4,1.606071019E-3,9.997395277E-1,1.773922950E2,1.858885699E-1,-7.901885142E-2,1.773921628E2
1.593620211E2,2.275407311E-2,7.270090864E-4,1.612564432E-3,9.997395277E-1,1.773923502E2,1.866342699E-1,-7.908278968E-2,1.773922174E2
1.593670211E2,2.274863739E-2,7.314115646E-4,1.613358967E-3,9.997396469E-1,1.773929733E2,1.867363417E-1,-7.958608885E-2,1.773928395E2
1.593720211E2,2.273826642E-2,7.373668486E-4,1.609102357E-3,9.997398853E-1,1.773941620E2,1.862633892E-1,-8.028136571E-2,1.773940274E2
1.593770211E2,2.273833494E-2,7.371820975E-4,1.608218416E-3,9.997398853E-1,1.773941542E2,1.861616470E-1,-8.026249086E-2,1.773940197E2
1.593820211E2,2.275155249E-2,7.296173135E-4,1.609996660E-3,9.997395873E-1,1.773926392E2,1.863467021E-1,-7.938875822E-2,1.773925060E2
1.593870211E2,2.274896551E-2,7.309583598E-4,1.608931692E-3,9.997396469E-1,1.773929357E2,1.862279881E-1,-7.954564941E-2,1.773928023E2
1.593920211E2,2.274358320E-2,7.347858627E-4,1.609207713E-3,9.997397661E-1,1.773935526E2,1.862691583E-1,-7.998441818E-2,1.773934185E2
1.593970211E2,2.275414390E-2,7.272316143E-4,1.611464890E-3,9.997395277E-1,1.773923421E2,1.865088899E-1,-7.911113679E-2,1.773922093E2
1.594020211E2,2.275395759E-2,7.267349283E-4,1.614317182E-3,9.997395277E-1,1.773923635E2,1.868343445E-1,-7.904683284E-2,1.773922305E2
1.594070211E2,2.274377184E-2,7.343458710E-4,1.606740523E-3,9.997397661E-1,1.773935310E2,1.859853799E-1,-7.994040723E-2,1.773933972E2
1.594120211E2,2.274616529E-2,7.333264221E-4,1.610407257E-3,9.997397065E-1,1.773932566E2,1.864029825E-1,-7.981361417E-2,1.773931227E2
1.594170211E2,2.274818290E-2,7.303917664E-4,1.620214665E-3,9.997396469E-1,1.773930254E2,1.875190501E-1,-7.945147181E-2,1.773928912E2
1.594220211E2,2.275085901E-2,7.296003168E-4,1.619774383E-3,9.997395873E-1,1.773927186E2,1.874667594E-1,-7.936144790E-2,1.773925847E2
1.594270211E2,2.274306944E-2,7.346229395E-4,1.616526511E-3,9.997397661E-1,1.773936115E2,1.871071498E-1,-7.994677412E-2,1.773934768E2
1.594320211E2,2.275101033E-2,7.286028704E-4,1.618097071E-3,9.997395873E-1,1.773927013E2,1.872720142E-1,-7.925152340E-2,1.773925677E2
1.594370211E2,2.275619128E-2,7.262545405E-4,1.619950752E-3,9.997394681E-1,1.773921074E2,1.874786619E-1,-7.897669008E-2,1.773919741E2
1.594420211E2,2.275095925E-2,7.290003123E-4,1.618636190E-3,9.997395873E-1,1.773927072E2,1.873348091E-1,-7.929565902E-2,1.773925734E2
1.594470211E2,2.275886247E-2,7.244293811E-4,1.620026887E-3,9.997394085E-1,1.773918013E2,1.874828345E-1,-7.876689714E-2,1.773916683E2
1.594520211E2,2.275873767E-2,7.235694211E-4,1.622163109E-3,9.997394085E-1,1.773918156E2,1.877253116E-1,-7.866283056E-2,1.773916826E2
1.594570211E2,2.275358623E-2,7.272451185E-4,1.619313960E-3,9.997395277E-1,1.773924060E2,1.874080871E-1,-7.909232139E-2,1.773922726E2
1.594620211E2,2.276659021E-2,7.178413216E-4,1.624719938E-3,9.997392297E-1,1.773909155E2,1.880038991E-1,-7.799846434E-2,1.773907834E2
1.594670211E2,2.276113053E-2,7.228467148E-4,1.625642530E-3,9.997393489E-1,1.773915413E2,1.881222244E-1,-7.857051113E-2,1.773914082E2
1.594720211E2,2.276176538E-2,7.222144050E-4,1.617011847E-3,9.997393489E-1,1.773914685E2,1.871318756E-1,-7.852046580E-2,1.773913362E2
1.594770211E2,2.276157565E-2,7.227193564E-4,1.619455055E-3,9.997393489E-1,1.773914903E2,1.874130771E-1,-7.857197651E-2,1.773913577E2
1.594820211E2,2.276688419E-2,7.174621569E-4,1.620763098E-3,9.997392297E-1,1.773908818E2,1.875496288E-1,-7.796529480E-2,1.773907501E2
1.594870211E2,2.276444973E-2,7.193316706E-4,1.617359812E-3,9.997392893E-1,1.773911609E2,1.871644290E-1,-7.818880454E-2,1.773910291E2
1.594920211E2,2.277269742E-2,7.136352942E-4,1.614302862E-3,9.997391105E-1,1.773902155E2,1.867999963E-1,-7.754265156E-2,1.773900850E2
1.594970211E2,2.278055254E-2,7.082480588E-4,1.616583555E-3,9.997389317E-1,1.773893151E2,1.870478211E-1,-7.691805909E-2,1.773891855E2
1.595020211E2,2.276161171E-2,7.218748797E-4,1.619324903E-3,9.997393489E-1,1.773914862E2,1.873959664E-1,-7.847556452E-2,1.773913537E2
1.595070211E2,2.276174132E-2,7.209994947E-4,1.617892412E-3,9.997393489E-1,1.773914713E2,1.872295838E-1,-7.837899116E-2,1.773913391E2
1.595120211E2,2.276659937E-2,7.180536631E-4,1.624497701E-3,9.997392297E-1,1.773909145E2,1.879789940E-1,-7.802336864E-2,1.773907824E2
1.595170211E2,2.275293937E-2,7.272497751E-4,1.628375612E-3,9.997395277E-1,1.773924802E2,1.884461702E-1,-7.906934847E-2,1.773923460E2
1.595220211E2,2.275297951E-2,7.273947122E-4,1.627749996E-3,9.997395277E-1,1.773924756E2,1.883748794E-1,-7.908757641E-2,1.773923414E2
1.595270211E2,2.275313399E-2,7.272234652E-4,1.625665813E-3,9.997395277E-1,1.773924579E2,1.881356766E-1,-7.907336336E-2,1.773923239E2
1.595320211E2,2.276102095E-2,7.226921152E-4,1.627244754E-3,9.997393489E-1,1.773915539E2,1.883053666E-1,-7.854864138E-2,1.773914207E2
1.595370211E2,2.275321212E-2,7.279781275E-4,1.624233788E-3,9.997395277E-1,1.773924489E2,1.879735949E-1,-7.916353805E-2,1.773923149E2
1.595420211E2,2.275882930E-2,7.230126066E-4,1.621125382E-3,9.997394085E-1,1.773918051E2,1.876049823E-1,-7.860173021E-2,1.773916723E2
1.595470211E2,2.277197802E-2,7.144114352E-4,1.624078373E-3,9.997391105E-1,1.773902980E2,1.879218689E-1,-7.760619173E-2,1.773901666E2
1.595520211E2,2.276649572E-2,7.182002882E-4,1.625884906E-3,9.997392297E-1,1.773909263E2,1.881382896E-1,-7.803656656E-2,1.773907941E2
1.595570211E2,2.276188417E-2,7.208922179E-4,1.615929301E-3,9.997393489E-1,1.773914549E2,1.870044170E-1,-7.837179529E-2,1.773913229E2
1.595620211E2,2.276724083E-2,7.178127998E-4,1.615589834E-3,9.997392297E-1,1.773908409E2,1.869579117E-1,-7.801889556E-2,1.773907096E2
1.595670211E2,2.276681736E-2,7.189303869E-4,1.621051226E-3,9.997392297E-1,1.773908895E2,1.875864632E-1,-7.813275857E-2,1.773907575E2
1.595720211E2,2.276950066E-2,7.165007992E-4,1.621198724E-3,9.997391701E-1,1.773905819E2,1.875972304E-1,-7.785353247E-2,1.773904504E2
1.595770211E2,2.276143217E-2,7.222823333E-4,1.621665200E-3,9.997393489E-1,1.773915067E2,1.876651246E-1,-7.851617233E-2,1.773913740E2
1.595820211E2,2.276362109E-2,7.201994886E-4,1.628597500E-3,9.997392893E-1,1.773912558E2,1.884540413E-1,-7.825906316E-2,1.773911230E2
1.595870211E2,2.276896869E-2,7.159690722E-4,1.628886675E-3,9.997391701E-1,1.773906429E2,1.884765491E-1,-7.777265682E-2,1.773905108E2
1.595920211E2,2.276617420E-2,7.185930735E-4,1.630207640E-3,9.997392297E-1,1.773909632E2,1.886345107E-1,-7.807034744E-2,1.773908305E2
1.595970211E2,2.276899653E-2,7.163396222E-4,1.628334518E-3,9.997391701E-1,1.773906397E2,1.884142618E-1,-7.781654314E-2,1.773905076E2
1.596020211E2,2.276918954E-2,7.164179115E-4,1.625598874E-3,9.997391701E-1,1.773906176E2,1.881010801E-1,-7.783261381E-2,1.773904857E2
1.596070211E2,2.277184411E-2,7.143818075E-4,1.625967911E-3,9.997391105E-1,1.773903133E2,1.881382505E-1,-7.759789177E-2,1.773901818E2
1.596120211E2,2.277165115E-2,7.151756436E-4,1.628319616E-3,9.997391105E-1,1.773903354E2,1.884097236E-1,-7.768273435E-2,1.773902036E2
1.596170211E2,2.277407837E-2,7.128543803E-4,1.631982974E-3,9.997390509E-1,1.773900572E2,1.888235352E-1,-7.740678821E-2,1.773899255E2
1.596220211E2,2.278185246E-2,7.076698821E-4,1.635271125E-3,9.997388721E-1,1.773891661E2,1.891872977E-1,-7.680279055E-2,1.773890352E2
1.596270211E2,2.277364333E-2,7.134838961E-4,1.637768466E-3,9.997390509E-1,1.773901071E2,1.894879426E-1,-7.746388979E-2,1.773899748E2
1.596320211E2,2.277081371E-2,7.148400182E-4,1.640135306E-3,9.997391105E-1,1.773904314E2,1.897624125E-1,-7.761360955E-2,1.773902987E2
1.596370211E2,2.277352404E-2,7.137954235E-4,1.639290713E-3,9.997390509E-1,1.773901207E2,1.896631381E-1,-7.749562877E-2,1.773899883E2
1.596420211E2,2.277607945E-2,7.117730565E-4,1.641017152E-3,9.997389913E-1,1.773898278E2,1.898558416E-1,-7.725895203E-2,1.773896957E2
1.596470211E2,2.278910948E-2,7.031434216E-4,1.645394368E-3,9.997386932E-1,1.773883343E2,1.903357721E-1,-7.625642081E-2,1.773882035E2
1.596520211E2,2.278127995E-2,7.085211691E-4,1.642860705E-3,9.997388721E-1,1.773892318E2,1.900589542E-1,-7.688060982E-2,1.773891001E2
1.596570211E2,2.277876105E-2,7.089701830E-4,1.641322044E-3,9.997389317E-1,1.773895205E2,1.898836605E-1,-7.693654498E-2,1.773893888E2
1.596620211E2,2.278953327E-2,7.027679821E-4,1.639675116E-3,9.997386932E-1,1.773882857E2,1.896796148E-1,-7.622826570E-2,1.773881554E2
1.596670211E2,2.278415073E-2,7.066091057E-4,1.640142407E-3,9.997388124E-1,1.773889027E2,1.897427684E-1,-7.666811236E-2,1.773887716E2
1.596720211E2,2.278133055E-2,7.071864675E-4,1.642734162E-3,9.997388721E-1,1.773892260E2,1.900409762E-1,-7.672802490E-2,1.773890945E2
1.596770211E2,2.277069712E-2,7.150355377E-4,1.641668030E-3,9.997391105E-1,1.773904448E2,1.899385058E-1,-7.763203114E-2,1.773903119E2
1.596820211E2,2.277084614E-2,7.147616125E-4,1.639719121E-3,9.997391105E-1,1.773904277E2,1.897145314E-1,-7.760570713E-2,1.773902950E2
1.596870211E2,2.277082068E-2,7.154748309E-4,1.639761729E-3,9.997391105E-1,1.773904306E2,1.897212720E-1,-7.768730831E-2,1.773902978E2
1.596920211E2,2.275773922E-2,7.234057412E-4,1.636183239E-3,9.997394085E-1,1.773919300E2,1.893309818E-1,-7.860770233E-2,1.773917960E2
1.596970211E2,2.277922492E-2,7.100395160E-4,1.634407323E-3,9.997389317E-1,1.773894673E2,1.890943233E-1,-7.707701194E-2,1.773893360E2
1.597020211E2,2.277624737E-2,7.106988924E-4,1.639151131E-3,9.997389913E-1,1.773898086E2,1.896392754E-1,-7.714073258E-2,1.773896768E2
1.597070211E2,2.277053611E-2,7.146081771E-4,1.644085627E-3,9.997391105E-1,1.773904632E2,1.902143429E-1,-7.757679397E-2,1.773903303E2
1.597120211E2,2.277090896E-2,7.153003244E-4,1.638611429E-3,9.997391105E-1,1.773904205E2,1.895890427E-1,-7.767030148E-2,1.773902878E2
1.597170211E2,2.277371309E-2,7.123115356E-4,1.637308626E-3,9.997390509E-1,1.773900991E2,1.894322077E-1,-7.733076905E-2,1.773899671E2
1.597220211E2,2.277059231E-2,7.159722154E-4,1.642713207E-3,9.997391105E-1,1.773904568E2,1.900606797E-1,-7.773663111E-2,1.773903237E2
1.597270211E2,2.276537529E-2,7.183910348E-4,1.641414827E-3,9.997392297E-1,1.773910548E2,1.899178399E-1,-7.801811432E-2,1.773909213E2
1.597320211E2,2.277033242E-2,7.154817577E-4,1.646524877E-3,9.997391105E-1,1.773904866E2,1.904960525E-1,-7.767054657E-2,1.773903532E2
1.597370211E2,2.276490022E-2,7.183471462E-4,1.648009638E-3,9.997392297E-1,1.773911092E2,1.906732038E-1,-7.799597205E-2,1.773909752E2
1.597420211E2,2.276802955E-2,7.165558054E-4,1.641705516E-3,9.997391701E-1,1.773907505E2,1.899465601E-1,-7.780660462E-2,1.773906174E2
1.597470211E2,2.277854960E-2,7.090469589E-4,1.644220785E-3,9.997389317E-1,1.773895447E2,1.902159305E-1,-7.693781394E-2,1.773894128E2
1.597520211E2,2.277584211E-2,7.105706027E-4,1.644828008E-3,9.997389913E-1,1.773898550E2,1.902892640E-1,-7.711129541E-2,1.773897228E2
1.597570211E2,2.277572727E-2,7.109455764E-4,1.646255492E-3,9.997389913E-1,1.773898682E2,1.904537695E-1,-7.715054910E-2,1.773897358E2
1.597620211E2,2.277289264E-2,7.129439036E-4,1.648407429E-3,9.997390509E-1,1.773901931E2,1.907052967E-1,-7.737440492E-2,1.773900601E2
1.597670211E2,2.276511945E-2,7.187337615E-4,1.644809614E-3,9.997392297E-1,1.773910841E2,1.903076281E-1,-7.804856987E-2,1.773909503E2
1.597720211E2,2.276493706E-2,7.190851611E-4,1.647178782E-3,9.997392297E-1,1.773911050E2,1.905799475E-1,-7.808268083E-2,1.773909709E2
1.597770211E2,2.276469563E-2,7.182756090E-4,1.650864491E-3,9.997392297E-1,1.773911327E2,1.910000591E-1,-7.798036796E-2,1.773909985E2
1.597820211E2,2.276181001E-2,7.215913502E-4,1.653110259E-3,9.997392893E-1,1.773914634E2,1.912657637E-1,-7.835491834E-2,1.773913284E2
1.597870211E2,2.276219200E-2,7.214795914E-4,1.647891128E-3,9.997392893E-1,1.773914196E2,1.906675874E-1,-7.835565606E-2,1.773912850E2
1.597920211E2,2.276723492E-2,7.167746662E-4,1.652593957E-3,9.997391701E-1,1.773908416E2,1.911944719E-1,-7.780341995E-2,1.773907076E2
1.597970211E2,2.277246164E-2,7.143734256E-4,1.653734129E-3,9.997390509E-1,1.773902425E2,1.913192320E-1,-7.752435468E-2,1.773901089E2
1.598020211E2,2.276751249E-2,7.179187378E-4,1.648267731E-3,9.997391701E-1,1.773908098E2,1.907018573E-1,-7.794572124E-2,1.773906759E2
1.598070211E2,2.278088247E-2,7.086720434E-4,1.648298348E-3,9.997388721E-1,1.773892773E2,1.906822651E-1,-7.688377410E-2,1.773891452E2
1.598120211E2,2.278052659E-2,7.077457849E-4,1.653606305E-3,9.997388721E-1,1.773893181E2,1.912879098E-1,-7.676387134E-2,1.773891857E2
1.598170211E2,2.278045776E-2,7.086303667E-4,1.654175576E-3,9.997388721E-1,1.773893260E2,1.913554309E-1,-7.686373756E-2,1.773891934E2
1.598220211E2,2.278867006E-2,7.029333501E-4,1.651558559E-3,9.997386932E-1,1.773883847E2,1.910413722E-1,-7.621634040E-2,1.773882534E2
1.598270211E2,2.277266640E-2,7.141262759E-4,1.651019091E-3,9.997390509E-1,1.773902191E2,1.910075625E-1,-7.750308702E-2,1.773900856E2
1.598320211E2,2.277296532E-2,7.134297048E-4,1.647192752E-3,9.997390509E-1,1.773901848E2,1.905674143E-1,-7.743321524E-2,1.773900518E2
1.598370211E2,2.278388330E-2,7.057746407E-4,1.644211588E-3,9.997388124E-1,1.773889334E2,1.902067426E-1,-7.656194087E-2,1.773888021E2
1.598420211E2,2.276774536E-2,7.175970240E-4,1.645188313E-3,9.997391701E-1,1.773907831E2,1.903482514E-1,-7.791685534E-2,1.773906495E2
1.598470211E2,2.276276737E-2,7.208017632E-4,1.640222268E-3,9.997392893E-1,1.773913537E2,1.897873035E-1,-7.829789783E-2,1.773912198E2
1.598520211E2,2.277325666E-2,7.139621302E-4,1.642928575E-3,9.997390509E-1,1.773901514E2,1.900803136E-1,-7.750528375E-2,1.773900186E2
1.598570211E2,2.275710777E-2,7.249165210E-4,1.644277363E-3,9.997394085E-1,1.773920024E2,1.902621525E-1,-7.875979073E-2,1.773918674E2
1.598620211E2,2.275416818E-2,7.268825429E-4,1.647847123E-3,9.997394681E-1,1.773923393E2,1.906760073E-1,-7.897627267E-2,1.773922037E2
1.598670211E2,2.276222649E-2,7.212695782E-4,1.647506608E-3,9.997392893E-1,1.773914157E2,1.906229908E-1,-7.833259302E-2,1.773912812E2
1.598720211E2,2.276540067E-2,7.189389435E-4,1.640822855E-3,9.997392297E-1,1.773910519E2,1.898514539E-1,-7.808242324E-2,1.773909183E2
1.598770211E2,2.276295951E-2,7.209230680E-4,1.637500129E-3,9.997392893E-1,1.773913317E2,1.894757810E-1,-7.831885916E-2,1.773911980E2
1.598820211E2,2.277335494E-2,7.125246339E-4,1.642190153E-3,9.997390509E-1,1.773901401E2,1.899919741E-1,-7.734251015E-2,1.773900077E2
1.598870211E2,2.277603592E-2,7.109282888E-4,1.641987241E-3,9.997389913E-1,1.773898328E2,1.899647685E-1,-7.715965026E-2,1.773897007E2
1.598920211E2,2.277351812E-2,7.140074740E-4,1.639280585E-3,9.997390509E-1,1.773901214E2,1.896625309E-1,-7.751994919E-2,1.773899889E2
1.598970211E2,2.278064483E-2,7.079739007E-4,1.651878818E-3,9.997388721E-1,1.773893046E2,1.910906101E-1,-7.679449183E-2,1.773891723E2
1.599020211E2,2.278078020E-2,7.077971823E-4,1.650086720E-3,9.997388721E-1,1.773892890E2,1.908848527E-1,-7.677889928E-2,1.773891569E2
1.599070211E2,2.277627149E-2,7.108874270E-4,1.638734131E-3,9.997389913E-1,1.773898058E2,1.895919970E-1,-7.716341527E-2,1.773896740E2
1.599120211E2,2.278125607E-2,7.084713434E-4,1.643213327E-3,9.997388721E-1,1.773892345E2,1.900992194E-1,-7.687398566E-2,1.773891028E2
1.599170211E2,2.277765674E-2,7.105864352E-4,1.655883971E-3,9.997389317E-1,1.773896471E2,1.915560392E-1,-7.708390483E-2,1.773895140E2
1.599220211E2,2.276757682E-2,7.167397416E-4,1.647892175E-3,9.997391701E-1,1.773908024E2,1.906557614E-1,-7.781162101E-2,1.773906687E2
1.599270211E2,2.278147337E-2,7.078075432E-4,1.640484435E-3,9.997388721E-1,1.773892096E2,1.897848756E-1,-7.680502259E-2,1.773890782E2
1.599320211E2,2.277825424E-2,7.092500455E-4,1.648220117E-3,9.997389317E-1,1.773895786E2,1.906746096E-1,-7.695069649E-2,1.773894463E2
1.599370211E2,2.276990148E-2,7.159601082E-4,1.652266481E-3,9.997391105E-1,1.773905360E2,1.911550374E-1,-7.771044734E-2,1.773904021E2
1.599420211E2,2.277611826E-2,7.113727042E-4,1.640652074E-3,9.997389913E-1,1.773898234E2,1.898129754E-1,-7.721403251E-2,1.773896913E2
1.599470211E2,2.278425868E-2,7.065601530E-4,1.638663118E-3,9.997388124E-1,1.773888903E2,1.895731784E-1,-7.666634623E-2,1.773887593E2
1.599520211E2,2.277269554E-2,7.132880855E-4,1.650979510E-3,9.997390509E-1,1.773902157E2,1.910008426E-1,-7.740716024E-2,1.773900825E2
1.599570211E2,2.277291333E-2,7.141407114E-4,1.647603349E-3,9.997390509E-1,1.773901907E2,1.906163048E-1,-7.751360773E-2,1.773900576E2
1.599620211E2,2.277937982E-2,7.092248998E-4,1.632601139E-3,9.997389317E-1,1.773894495E2,1.888852884E-1,-7.698837380E-2,1.773893185E2
1.599670211E2,2.276772636E-2,7.163441041E-4,1.645997050E-3,9.997391701E-1,1.773907853E2,1.904376312E-1,-7.777121221E-2,1.773906518E2
1.599720211E2,2.275922941E-2,7.234526565E-4,1.651779981E-3,9.997393489E-1,1.773917592E2,1.911180171E-1,-7.857211611E-2,1.773916239E2
1.599770211E2,2.276595099E-2,7.178336382E-4,1.633655746E-3,9.997392297E-1,1.773909888E2,1.890275339E-1,-7.797439149E-2,1.773908560E2
1.599820211E2,2.276863726E-2,7.161605172E-4,1.633428968E-3,9.997391701E-1,1.773906809E2,1.889973974E-1,-7.778279968E-2,1.773905484E2
1.599870211E2,2.275401778E-2,7.264476735E-4,1.650114078E-3,9.997394681E-1,1.773923566E2,1.909345686E-1,-7.892057073E-2,1.773922208E2
1.599920211E2,2.275673795E-2,7.246542955E-4,1.649503014E-3,9.997394085E-1,1.773920448E2,1.908601011E-1,-7.871619228E-2,1.773919094E2
1.599970211E2,2.276863387E-2,7.160981186E-4,1.633503591E-3,9.997391701E-1,1.773906813E2,1.890057832E-1,-7.777545712E-2,1.773905488E2
1.600020211E2,2.277363310E-2,7.127043791E-4,1.638250076E-3,9.997390509E-1,1.773901082E2,1.895410814E-1,-7.737333203E-2,1.773899761E2
1.600070211E2,2.276993926E-2,7.151640602E-4,1.652090694E-3,9.997391105E-1,1.773905316E2,1.911328244E-1,-7.761970220E-2,1.773903979E2
1.600120211E2,2.277329371E-2,7.131695747E-4,1.642759307E-3,9.997390509E-1,1.773901471E2,1.900588562E-1,-7.741492195E-2,1.773900146E2
1.600170211E2,2.277673364E-2,7.104246761E-4,1.632499509E-3,9.997389913E-1,1.773897529E2,1.888765735E-1,-7.712658744E-2,1.773896216E2
1.600220211E2,2.277587506E-2,7.115319604E-4,1.643955824E-3,9.997389913E-1,1.773898513E2,1.901918568E-1,-7.722370036E-2,1.773897189E2
1.600270211E2,2.276991059E-2,7.162289112E-4,1.652024454E-3,9.997391105E-1,1.773905349E2,1.911280124E-1,-7.774187167E-2,1.773904010E2
1.600320211E2,2.276548606E-2,7.191832410E-4,1.639530645E-3,9.997392297E-1,1.773910421E2,1.897040597E-1,-7.811376538E-2,1.773909086E2
1.600370211E2,2.278198609E-2,7.073258166E-4,1.633557375E-3,9.997388721E-1,1.773891508E2,1.889900789E-1,-7.676782273E-2,1.773890201E2
1.600420211E2,2.278051206E-2,7.085385732E-4,1.653466956E-3,9.997388721E-1,1.773893198E2,1.912740145E-1,-7.685506107E-2,1.773891873E2
1.600470211E2,2.276980013E-2,7.145396667E-4,1.654276974E-3,9.997391105E-1,1.773905476E2,1.913816489E-1,-7.754249240E-2,1.773904138E2
1.600520211E2,2.278171162E-2,7.066981052E-4,1.637651701E-3,9.997388721E-1,1.773891823E2,1.894574733E-1,-7.668527377E-2,1.773890513E2
1.600570211E2,2.279221906E-2,7.011124399E-4,1.639394322E-3,9.997386336E-1,1.773879779E2,1.896433267E-1,-7.603882788E-2,1.773878479E2
1.600620211E2,2.277769754E-2,7.096132031E-4,1.655740081E-3,9.997389317E-1,1.773896424E2,1.915370174E-1,-7.697277749E-2,1.773895095E2
1.600670211E2,2.277298899E-2,7.133712643E-4,1.646890771E-3,9.997390509E-1,1.773901821E2,1.905326680E-1,-7.742730378E-2,1.773900491E2
1.600720211E2,2.278463714E-2,7.055664901E-4,1.633821987E-3,9.997388124E-1,1.773888469E2,1.890160028E-1,-7.656507927E-2,1.773887165E2
1.600770211E2,2.278187502E-2,7.068249979E-4,1.635322231E-3,9.997388721E-1,1.773891635E2,1.891909483E-1,-7.670586151E-2,1.773890328E2
1.600820211E2,2.277577335E-2,7.111001760E-4,1.645551063E-3,9.997389913E-1,1.773898629E2,1.903734757E-1,-7.717009010E-2,1.773897305E2
1.600870211E2,2.278477673E-2,7.064373349E-4,1.631497289E-3,9.997388124E-1,1.773888309E2,1.887519655E-1,-7.667088828E-2,1.773887005E2
1.600920211E2,2.279318340E-2,7.005719235E-4,1.626164769E-3,9.997386336E-1,1.773878674E2,1.881263837E-1,-7.601127863E-2,1.773877385E2
1.600970211E2,2.278461749E-2,7.053490845E-4,1.634189859E-3,9.997388124E-1,1.773888492E2,1.890575778E-1,-7.653921609E-2,1.773887188E2
1.601020211E2,2.278214583E-2,7.074063178E-4,1.631293213E-3,9.997388721E-1,1.773891325E2,1.887309144E-1,-7.678292611E-2,1.773890019E2
1.601070211E2,2.278250295E-2,7.067330880E-4,1.626590732E-3,9.997388721E-1,1.773890916E2,1.881904582E-1,-7.671800967E-2,1.773889615E2
1.601120211E2,2.279047365E-2,7.019810146E-4,1.626892015E-3,9.997386932E-1,1.773881780E2,1.882131730E-1,-7.617131697E-2,1.773880488E2
1.601170211E2,2.278743134E-2,7.031913265E-4,1.632348285E-3,9.997387528E-1,1.773885267E2,1.888411835E-1,-7.629629668E-2,1.773883968E2
1.601220211E2,2.278228027E-2,7.065226091E-4,1.629797975E-3,9.997388721E-1,1.773891171E2,1.885573197E-1,-7.668556533E-2,1.773889868E2
1.601270211E2,2.279076883E-2,7.016782183E-4,1.622882672E-3,9.997386932E-1,1.773881441E2,1.877530861E-1,-7.614704402E-2,1.773880153E2
1.601320211E2,2.279378354E-2,7.005768130E-4,1.617728733E-3,9.997386336E-1,1.773877986E2,1.871599928E-1,-7.603376167E-2,1.773876703E2
1.601370211E2,2.278830342E-2,7.030017441E-4,1.620210474E-3,9.997387528E-1,1.773884267E2,1.874502227E-1,-7.630611074E-2,1.773882978E2
1.601420211E2,2.278782100E-2,7.040172350E-4,1.626542304E-3,9.997387528E-1,1.773884820E2,1.881782252E-1,-7.640600242E-2,1.773883524E2
1.601470211E2,2.279123623E-2,7.022011559E-4,1.616078196E-3,9.997386932E-1,1.773880906E2,1.869749532E-1,-7.622463688E-2,1.773879621E2
1.601520211E2,2.279661646E-2,6.972002448E-4,1.616103458E-3,9.997385740E-1,1.773874739E2,1.869651917E-1,-7.565065203E-2,1.773873464E2
1.601570211E2,2.279328295E-2,6.990448455E-4,1.625426346E-3,9.997386336E-1,1.773878560E2,1.880378069E-1,-7.583824411E-2,1.773877274E2
1.601620211E2,2.279864733E-2,6.957590231E-4,1.624924014E-3,9.997385144E-1,1.773872411E2,1.879720801E-1,-7.546211836E-2,1.773871132E2
1.601670211E2,2.279635056E-2,6.986925146E-4,1.619206741E-3,9.997385740E-1,1.773875043E2,1.873245887E-1,-7.581355163E-2,1.773873763E2
1.601720211E2,2.279828246E-2,6.971855182E-4,1.629425562E-3,9.997385144E-1,1.773872829E2,1.884914861E-1,-7.561384774E-2,1.773871544E2
1.601770211E2,2.279774741E-2,6.969225942E-4,1.637006528E-3,9.997385144E-1,1.773873442E2,1.893592493E-1,-7.556402187E-2,1.773872152E2
1.601820211E2,2.278742190E-2,7.036890602E-4,1.632265630E-3,9.997387528E-1,1.773885278E2,1.888330135E-1,-7.635353551E-2,1.773883978E2
1.601870211E2,2.279550256E-2,6.984583451E-4,1.631201827E-3,9.997385740E-1,1.773876015E2,1.886980937E-1,-7.575554887E-2,1.773874727E2
1.601920211E2,2.279782425E-2,6.968830712E-4,1.635952969E-3,9.997385144E-1,1.773873354E2,1.892384541E-1,-7.556223199E-2,1.773872065E2
1.601970211E2,2.278454204E-2,7.056691684E-4,1.635103370E-3,9.997388124E-1,1.773888579E2,1.891630615E-1,-7.657351449E-2,1.773887273E2
1.602020211E2,2.279025562E-2,7.014707080E-4,1.630163169E-3,9.997386932E-1,1.773882030E2,1.885865736E-1,-7.610435317E-2,1.773880736E2
1.602070211E2,2.279811450E-2,6.963227061E-4,1.632142230E-3,9.997385144E-1,1.773873022E2,1.888004459E-1,-7.550793665E-2,1.773871736E2
1.602120211E2,2.279246893E-2,7.010796689E-4,1.635930850E-3,9.997386336E-1,1.773879493E2,1.892464777E-1,-7.604407263E-2,1.773878195E2
1.602170211E2,2.278459751E-2,7.059929194E-4,1.634190441E-3,9.997388124E-1,1.773888515E2,1.890593242E-1,-7.661297716E-2,1.773887210E2
1.602220211E2,2.279827161E-2,6.957441801E-4,1.630193321E-3,9.997385144E-1,1.773872841E2,1.885756753E-1,-7.544672187E-2,1.773871559E2
1.602270211E2,2.279809048E-2,6.962927291E-4,1.632490545E-3,9.997385144E-1,1.773873049E2,1.888402694E-1,-7.550359698E-2,1.773871764E2
1.602320211E2,2.278477915E-2,7.051816792E-4,1.632006723E-3,9.997388124E-1,1.773888307E2,1.888070484E-1,-7.652570764E-2,1.773887005E2
1.602370211E2,2.279803735E-2,6.962332991E-4,1.633257722E-3,9.997385144E-1,1.773873110E2,1.889279995E-1,-7.549479429E-2,1.773871824E2
1.602420211E2,2.280668815E-2,6.913739489E-4,1.623973716E-3,9.997383356E-1,1.773863194E2,1.878523572E-1,-7.496072902E-2,1.773861925E2
1.602470211E2,2.279590400E-2,6.980530452E-4,1.625756151E-3,9.997385740E-1,1.773875555E2,1.880731977E-1,-7.572326728E-2,1.773874272E2
1.602520211E2,2.279833849E-2,6.960346363E-4,1.629133592E-3,9.997385144E-1,1.773872765E2,1.884550346E-1,-7.548275307E-2,1.773871482E2
1.602570211E2,2.280652055E-2,6.913878024E-4,1.626319834E-3,9.997383356E-1,1.773863386E2,1.881211567E-1,-7.495621584E-2,1.773862115E2
1.602620211E2,2.280178679E-2,6.939253653E-4,1.618315000E-3,9.997384548E-1,1.773868812E2,1.872103834E-1,-7.526873077E-2,1.773867542E2
1.602670211E2,2.279346471E-2,6.999441539E-4,1.622487907E-3,9.997386336E-1,1.773878351E2,1.877035365E-1,-7.594891159E-2,1.773877066E2
1.602720211E2,2.279079030E-2,7.009661058E-4,1.622888842E-3,9.997386932E-1,1.773881417E2,1.877519346E-1,-7.606544308E-2,1.773880130E2
1.602770211E2,2.279136922E-2,7.011531852E-4,1.614657114E-3,9.997386932E-1,1.773880753E2,1.868094240E-1,-7.610826636E-2,1.773879472E2
1.602820211E2,2.279427930E-2,6.992651615E-4,1.611298183E-3,9.997386336E-1,1.773877418E2,1.864199073E-1,-7.590020156E-2,1.773876142E2
1.602870211E2,2.279622520E-2,6.979616010E-4,1.621285453E-3,9.997385740E-1,1.773875187E2,1.875608110E-1,-7.572441005E-2,1.773873907E2
1.602920211E2,2.278762662E-2,7.044614758E-4,1.629071194E-3,9.997387528E-1,1.773885043E2,1.884690853E-1,-7.645032803E-2,1.773883744E2
1.602970211E2,2.279335291E-2,7.007591776E-4,1.623706194E-3,9.997386336E-1,1.773878479E2,1.878452265E-1,-7.603912080E-2,1.773877192E2
1.603020211E2,2.279078957E-2,7.014244911E-4,1.622701064E-3,9.997386932E-1,1.773881417E2,1.877316196E-1,-7.611844703E-2,1.773880130E2
1.603070211E2,2.279290853E-2,7.004711661E-4,1.630056184E-3,9.997386336E-1,1.773878989E2,1.885719080E-1,-7.598962300E-2,1.773877697E2
1.603120211E2,2.280050749E-2,6.947211805E-4,1.635902561E-3,9.997384548E-1,1.773870279E2,1.892272327E-1,-7.531418607E-2,1.773868994E2
1.603170211E2,2.279804235E-2,6.958543672E-4,1.633349457E-3,9.997385144E-1,1.773873104E2,1.889375191E-1,-7.545114262E-2,1.773871819E2
1.603220211E2,2.279530306E-2,6.975270808E-4,1.634385204E-3,9.997385740E-1,1.773876244E2,1.890603397E-1,-7.564058346E-2,1.773874955E2
1.603270211E2,2.279008452E-2,7.013430004E-4,1.632608240E-3,9.997386932E-1,1.773882226E2,1.888663393E-1,-7.608336929E-2,1.773880930E2
1.603320211E2,2.279824316E-2,6.963475025E-4,1.630333601E-3,9.997385144E-1,1.773872874E2,1.885933204E-1,-7.551547834E-2,1.773871590E2
1.603370211E2,2.280055920E-2,6.954462151E-4,1.634873450E-3,9.997384548E-1,1.773870219E2,1.891112342E-1,-7.539992638E-2,1.773868934E2
1.603420211E2,2.278949740E-2,7.023782819E-4,1.640340546E-3,9.997386932E-1,1.773882899E2,1.897548272E-1,-7.618188994E-2,1.773881595E2
1.603470211E2,2.278470679E-2,7.061603246E-4,1.632593572E-3,9.997388124E-1,1.773888390E2,1.888768291E-1,-7.663630425E-2,1.773887085E2
1.603520211E2,2.278521922E-2,7.058863994E-4,1.625545206E-3,9.997388124E-1,1.773887802E2,1.880686780E-1,-7.662323029E-2,1.773886504E2
1.603570211E2,2.278527311E-2,7.057382609E-4,1.624854049E-3,9.997388124E-1,1.773887741E2,1.879891148E-1,-7.660805387E-2,1.773886443E2
1.603620211E2,2.277921640E-2,7.102208328E-4,1.634447370E-3,9.997389317E-1,1.773894683E2,1.890993839E-1,-7.709768098E-2,1.773893369E2
1.603670211E2,2.277651079E-2,7.120105438E-4,1.634916058E-3,9.997389913E-1,1.773897784E2,1.891575409E-1,-7.730200172E-2,1.773896466E2
1.603720211E2,2.277978168E-2,7.085140678E-4,1.627294114E-3,9.997389317E-1,1.773894035E2,1.882754799E-1,-7.692071779E-2,1.773892730E2
1.603770211E2,2.277962519E-2,7.088700077E-4,1.629328355E-3,9.997389317E-1,1.773894214E2,1.885094439E-1,-7.695621397E-2,1.773892907E2
1.603820211E2,2.277897271E-2,7.088605780E-4,1.638429239E-3,9.997389317E-1,1.773894962E2,1.895519851E-1,-7.693149966E-2,1.773893648E2
1.603870211E2,2.278449435E-2,7.051099674E-4,1.636008848E-3,9.997388124E-1,1.773888633E2,1.892653311E-1,-7.650709626E-2,1.773887328E2
1.603920211E2,2.279799367E-2,6.965670618E-4,1.633725013E-3,9.997385144E-1,1.773873160E2,1.889824020E-1,-7.553181811E-2,1.773871873E2
1.603970211E2,2.279781038E-2,6.961414474E-4,1.636461820E-3,9.997385144E-1,1.773873370E2,1.892948103E-1,-7.547594357E-2,1.773872082E2
1.604020211E2,2.278192063E-2,7.069234853E-4,1.634644112E-3,9.997388721E-1,1.773891583E2,1.891135222E-1,-7.671890615E-2,1.773890276E2
1.604070211E2,2.279021876E-2,7.019659388E-4,1.630465267E-3,9.997386932E-1,1.773882072E2,1.886224732E-1,-7.616030559E-2,1.773880777E2
1.604120211E2,2.279816785E-2,6.971900584E-4,1.631026505E-3,9.997385144E-1,1.773872960E2,1.886748966E-1,-7.561020684E-2,1.773871674E2
1.604170211E2,2.278960919E-2,7.013294962E-4,1.639235881E-3,9.997386932E-1,1.773882770E2,1.896255437E-1,-7.606460308E-2,1.773881470E2
1.604220211E2,2.278150770E-2,7.080314099E-4,1.639910974E-3,9.997388721E-1,1.773892056E2,1.897197657E-1,-7.683215975E-2,1.773890743E2
1.604270211E2,2.278970436E-2,7.012217538E-4,1.637958339E-3,9.997386932E-1,1.773882661E2,1.894789118E-1,-7.605557836E-2,1.773881362E2
1.604320211E2,2.280299774E-2,6.930232630E-4,1.638336806E-3,9.997383952E-1,1.773867424E2,1.895018548E-1,-7.511283746E-2,1.773866141E2
1.604370211E2,2.278657883E-2,7.039312623E-4,1.643889351E-3,9.997387528E-1,1.773886244E2,1.901652187E-1,-7.635108898E-2,1.773884935E2
1.604420211E2,2.278700061E-2,7.036468014E-4,1.638154616E-3,9.997387528E-1,1.773885760E2,1.895075251E-1,-7.633339575E-2,1.773884457E2
1.604470211E2,2.279744287E-2,6.958302110E-4,1.641705632E-3,9.997385144E-1,1.773873791E2,1.898947109E-1,-7.542665780E-2,1.773872500E2
1.604520211E2,2.279991673E-2,6.953950506E-4,1.643830677E-3,9.997384548E-1,1.773870956E2,1.901372099E-1,-7.537078287E-2,1.773869664E2
1.604570211E2,2.279158969E-2,7.010910194E-4,1.648130128E-3,9.997386336E-1,1.773880500E2,1.906440144E-1,-7.601367662E-2,1.773879194E2
1.604620211E2,2.279187803E-2,7.010165136E-4,1.644169679E-3,9.997386336E-1,1.773880170E2,1.901901246E-1,-7.601543039E-2,1.773878867E2
1.604670211E2,2.280258989E-2,6.937971339E-4,1.643677126E-3,9.997383952E-1,1.773867892E2,1.901156443E-1,-7.518761579E-2,1.773866603E2
1.604720211E2,2.279173680E-2,7.010837435E-4,1.646097633E-3,9.997386336E-1,1.773880332E2,1.904111598E-1,-7.601812364E-2,1.773879027E2
1.604770211E2,2.278678236E-2,7.042955840E-4,1.640909351E-3,9.997387528E-1,1.773886011E2,1.898247909E-1,-7.640056927E-2,1.773884703E2
1.604820211E2,2.279482417E-2,6.988556124E-4,1.640485367E-3,9.997385740E-1,1.773876793E2,1.897626211E-1,-7.577693778E-2,1.773875497E2
1.604870211E2,2.279472944E-2,6.991395494E-4,1.641680254E-3,9.997385740E-1,1.773876902E2,1.899002444E-1,-7.580636275E-2,1.773875604E2
1.604920211E2,2.280252342E-2,6.934162811E-4,1.644759672E-3,9.997383952E-1,1.773867968E2,1.902386626E-1,-7.514116851E-2,1.773866679E2
1.604970211E2,2.279462682E-2,6.977727753E-4,1.643685391E-3,9.997385740E-1,1.773877019E2,1.901263785E-1,-7.564456452E-2,1.773875722E2
1.605020211E2,2.280270390E-2,6.935965503E-4,1.642179443E-3,9.997383952E-1,1.773867761E2,1.899435511E-1,-7.516852857E-2,1.773866474E2
1.605070211E2,2.279725955E-2,6.962060579E-4,1.644090284E-3,9.997385144E-1,1.773874002E2,1.901688696E-1,-7.546352034E-2,1.773872708E2
1.605120211E2,2.278630948E-2,7.039404591E-4,1.647614641E-3,9.997387528E-1,1.773886553E2,1.905919990E-1,-7.634246614E-2,1.773885241E2
1.605170211E2,2.279453458E-2,6.980609032E-4,1.644841861E-3,9.997385740E-1,1.773877125E2,1.902596118E-1,-7.567456955E-2,1.773875827E2
1.605220211E2,2.279226028E-2,7.004371146E-4,1.639109920E-3,9.997386336E-1,1.773879732E2,1.896089840E-1,-7.596219652E-2,1.773878433E2
1.605270211E2,2.278940335E-2,7.014202420E-4,1.642056275E-3,9.997386932E-1,1.773883006E2,1.899488751E-1,-7.606767234E-2,1.773881704E2
1.605320211E2,2.279190209E-2,7.009474211E-4,1.643865602E-3,9.997386336E-1,1.773880142E2,1.901551103E-1,-7.600830468E-2,1.773878839E2
1.605370211E2,2.279810627E-2,6.961053004E-4,1.632349915E-3,9.997385144E-1,1.773873031E2,1.888236701E-1,-7.548248927E-2,1.773871746E2
1.605420211E2,2.278974181E-2,7.026907988E-4,1.636807225E-3,9.997386932E-1,1.773882618E2,1.893508776E-1,-7.622687380E-2,1.773881317E2
1.605470211E2,2.279211403E-2,6.999067846E-4,1.641368610E-3,9.997386336E-1,1.773879899E2,1.898663477E-1,-7.589556926E-2,1.773878600E2
1.605520211E2,2.280017023E-2,6.955750869E-4,1.640234608E-3,9.997384548E-1,1.773870665E2,1.897257266E-1,-7.540075587E-2,1.773869375E2
1.605570211E2,2.279034421E-2,7.025593077E-4,1.628454891E-3,9.997386932E-1,1.773881928E2,1.883937199E-1,-7.623350978E-2,1.773880634E2
1.605620211E2,2.279764045E-2,6.966056535E-4,1.638630289E-3,9.997385144E-1,1.773873565E2,1.895444344E-1,-7.552349073E-2,1.773872274E2
1.605670211E2,2.279993472E-2,6.953045959E-4,1.643619500E-3,9.997384548E-1,1.773870935E2,1.901127820E-1,-7.536096858E-2,1.773869643E2
1.605720211E2,2.278186441E-2,7.066560211E-4,1.635543071E-3,9.997388721E-1,1.773891648E2,1.892158061E-1,-7.668592869E-2,1.773890340E2
1.605770211E2,2.279794487E-2,6.957035512E-4,1.634773682E-3,9.997385144E-1,1.773873216E2,1.891002798E-1,-7.543016240E-2,1.773871930E2
1.605820211E2,2.281034438E-2,6.868249038E-4,1.647765050E-3,9.997382164E-1,1.773859004E2,1.905663209E-1,-7.437670544E-2,1.773857725E2
1.605870211E2,2.279720482E-2,6.974411663E-4,1.644325559E-3,9.997385144E-1,1.773874064E2,1.901990461E-1,-7.560441213E-2,1.773872768E2
1.605920211E2,2.278962184E-2,7.025944069E-4,1.638518064E-3,9.997386932E-1,1.773882756E2,1.895466139E-1,-7.621138562E-2,1.773881454E2
1.605970211E2,2.280557700E-2,6.909893709E-4,1.639665919E-3,9.997383356E-1,1.773864468E2,1.896489985E-1,-7.487586901E-2,1.773863187E2
1.606020211E2,2.281120499E-2,6.881286390E-4,1.635259949E-3,9.997382164E-1,1.773858017E2,1.891371844E-1,-7.455858901E-2,1.773856745E2
1.606070211E2,2.279255943E-2,7.008260582E-4,1.634778222E-3,9.997386336E-1,1.773879389E2,1.891137747E-1,-7.601801206E-2,1.773878093E2
1.606120211E2,2.280308058E-2,6.934983539E-4,1.636982197E-3,9.997383952E-1,1.773867329E2,1.893479160E-1,-7.517078877E-2,1.773866046E2
1.606170211E2,2.279546420E-2,6.986705703E-4,1.631646999E-3,9.997385740E-1,1.773876059E2,1.887496451E-1,-7.577870604E-2,1.773874770E2
1.606220211E2,2.277972852E-2,7.082477678E-4,1.628153957E-3,9.997389317E-1,1.773894096E2,1.883732860E-1,-7.688797540E-2,1.773892791E2
1.606270211E2,2.279009341E-2,7.016760064E-4,1.632341067E-3,9.997386932E-1,1.773882215E2,1.888366018E-1,-7.612221511E-2,1.773880920E2
1.606320211E2,2.279254190E-2,7.010687259E-4,1.634918619E-3,9.997386336E-1,1.773879409E2,1.891304914E-1,-7.604544908E-2,1.773878113E2
1.606370211E2,2.278995397E-2,7.018251345E-4,1.634222688E-3,9.997386932E-1,1.773882375E2,1.890525430E-1,-7.613441163E-2,1.773881078E2
1.606420211E2,2.278713878E-2,7.036135066E-4,1.636245754E-3,9.997387528E-1,1.773885602E2,1.892887656E-1,-7.633453995E-2,1.773884300E2
1.606470211E2,2.278156256E-2,7.079795469E-4,1.639171154E-3,9.997388721E-1,1.773891994E2,1.896348793E-1,-7.682813928E-2,1.773890681E2
1.606520211E2,2.277614261E-2,7.119701477E-4,1.640054747E-3,9.997389913E-1,1.773898206E2,1.897461058E-1,-7.728403110E-2,1.773896885E2
1.606570211E2,2.278712805E-2,7.035366143E-4,1.636428293E-3,9.997387528E-1,1.773885614E2,1.893094761E-1,-7.632525640E-2,1.773884312E2
1.606620211E2,2.278990258E-2,7.018350298E-4,1.634934917E-3,9.997386932E-1,1.773882434E2,1.891341593E-1,-7.613369486E-2,1.773881136E2
1.606670211E2,2.277122907E-2,7.140653906E-4,1.634696964E-3,9.997391105E-1,1.773903838E2,1.891373954E-1,-7.753897956E-2,1.773902517E2
1.606720211E2,2.278748549E-2,7.037976175E-4,1.631330699E-3,9.997387528E-1,1.773885205E2,1.887261943E-1,-7.636840147E-2,1.773883906E2
1.606770211E2,2.280597555E-2,6.915453705E-4,1.633877866E-3,9.997383356E-1,1.773864011E2,1.889873908E-1,-7.495461671E-2,1.773862734E2
1.606820211E2,2.277953566E-2,7.097913185E-4,1.630178769E-3,9.997389317E-1,1.773894317E2,1.886092675E-1,-7.705955779E-2,1.773893007E2
1.606870211E2,2.277963221E-2,7.099096547E-4,1.628777478E-3,9.997389317E-1,1.773894206E2,1.884490491E-1,-7.707675442E-2,1.773892897E2
1.606920211E2,2.278760860E-2,7.045813836E-4,1.629271428E-3,9.997387528E-1,1.773885064E2,1.884923364E-1,-7.646354537E-2,1.773883765E2
1.606970211E2,2.277945162E-2,7.084879908E-4,1.631919178E-3,9.997389317E-1,1.773894413E2,1.888052432E-1,-7.690571894E-2,1.773893105E2
1.607020211E2,2.277159498E-2,7.144104457E-4,1.629440696E-3,9.997391105E-1,1.773903419E2,1.885361554E-1,-7.759215702E-2,1.773902101E2
1.607070211E2,2.278239854E-2,7.072604494E-4,1.627823454E-3,9.997388721E-1,1.773891035E2,1.883330503E-1,-7.677522634E-2,1.773889732E2
1.607120211E2,2.277720619E-2,7.100444054E-4,1.626059180E-3,9.997389913E-1,1.773896987E2,1.881378000E-1,-7.709974432E-2,1.773895680E2
1.607170211E2,2.276604718E-2,7.187760202E-4,1.631899970E-3,9.997392297E-1,1.773909778E2,1.888288549E-1,-7.808691492E-2,1.773908449E2
1.607220211E2,2.277700835E-2,7.114673499E-4,1.628207043E-3,9.997389913E-1,1.773897214E2,1.883875629E-1,-7.725719016E-2,1.773895902E2
1.607270211E2,2.277694171E-2,7.110058796E-4,1.629340462E-3,9.997389913E-1,1.773897290E2,1.885162000E-1,-7.720137747E-2,1.773895979E2
1.607320211E2,2.276090610E-2,7.213475183E-4,1.629446400E-3,9.997393489E-1,1.773915670E2,1.885540753E-1,-7.838888099E-2,1.773914339E2
1.607370211E2,2.276894919E-2,7.169430610E-4,1.628730912E-3,9.997391701E-1,1.773906451E2,1.884612446E-1,-7.788464875E-2,1.773905129E2
1.607420211E2,2.277455816E-2,7.127684075E-4,1.625311328E-3,9.997390509E-1,1.773900022E2,1.880590305E-1,-7.741426079E-2,1.773898711E2
1.607470211E2,2.277466851E-2,7.124526892E-4,1.623902936E-3,9.997390509E-1,1.773899896E2,1.878968666E-1,-7.738174660E-2,1.773898586E2
1.607520211E2,2.277718419E-2,7.107139681E-4,1.626074896E-3,9.997389913E-1,1.773897012E2,1.881413467E-1,-7.717641368E-2,1.773895704E2
1.607570211E2,2.277994072E-2,7.083752425E-4,1.625126693E-3,9.997389317E-1,1.773893853E2,1.880268255E-1,-7.691044188E-2,1.773892550E2
1.607620211E2,2.278010453E-2,7.083924720E-4,1.622821437E-3,9.997389317E-1,1.773893665E2,1.877627882E-1,-7.691840288E-2,1.773892364E2
1.607670211E2,2.277183418E-2,7.145230193E-4,1.626044861E-3,9.997391105E-1,1.773903144E2,1.881474339E-1,-7.761387029E-2,1.773901829E2
1.607720211E2,2.278516428E-2,7.057762705E-4,1.626362908E-3,9.997388124E-1,1.773887865E2,1.881620637E-1,-7.660848896E-2,1.773886566E2
1.607770211E2,2.277727222E-2,7.113843458E-4,1.624547876E-3,9.997389913E-1,1.773896911E2,1.879681650E-1,-7.725718257E-2,1.773895603E2
1.607820211E2,2.276923690E-2,7.169613964E-4,1.624695724E-3,9.997391701E-1,1.773906121E2,1.879990353E-1,-7.789722406E-2,1.773904802E2
1.607870211E2,2.277715294E-2,7.101246156E-4,1.626769896E-3,9.997389913E-1,1.773897048E2,1.882194264E-1,-7.710708824E-2,1.773895740E2
1.607920211E2,2.278222193E-2,7.074353634E-4,1.630217419E-3,9.997388721E-1,1.773891238E2,1.886077509E-1,-7.678904792E-2,1.773889933E2
1.607970211E2,2.277992341E-2,7.086910773E-4,1.625231700E-3,9.997389317E-1,1.773893872E2,1.880396785E-1,-7.694635358E-2,1.773892569E2
1.608020211E2,2.278291401E-2,7.077834453E-4,1.620364608E-3,9.997388721E-1,1.773890445E2,1.874799548E-1,-7.685451854E-2,1.773889146E2
1.608070211E2,2.279309793E-2,6.991667324E-4,1.627966529E-3,9.997386336E-1,1.773878772E2,1.883291197E-1,-7.584560744E-2,1.773877484E2
1.608120211E2,2.278231080E-2,7.064867532E-4,1.629386563E-3,9.997388721E-1,1.773891136E2,1.885100963E-1,-7.668252597E-2,1.773889833E2
1.608170211E2,2.277427442E-2,7.132425089E-4,1.629074919E-3,9.997390509E-1,1.773900347E2,1.884914107E-1,-7.745880553E-2,1.773899032E2
1.608220211E2,2.278012873E-2,7.089382270E-4,1.622243319E-3,9.997389317E-1,1.773893637E2,1.876979845E-1,-7.698243016E-2,1.773892335E2
1.608270211E2,2.278256091E-2,7.072856533E-4,1.625538454E-3,9.997388721E-1,1.773890849E2,1.880713543E-1,-7.678404888E-2,1.773889548E2
1.608320211E2,2.277181122E-2,7.138471701E-4,1.626663143E-3,9.997391105E-1,1.773903171E2,1.882164998E-1,-7.753483471E-2,1.773901856E2
1.608370211E2,2.277196161E-2,7.145303534E-4,1.624256023E-3,9.997391105E-1,1.773902998E2,1.879425299E-1,-7.761935469E-2,1.773901684E2
1.608420211E2,2.277917259E-2,7.089216379E-4,1.635621535E-3,9.997389317E-1,1.773894733E2,1.892305035E-1,-7.694578621E-2,1.773893421E2
1.608470211E2,2.278132250E-2,7.083663368E-4,1.642337418E-3,9.997388721E-1,1.773892269E2,1.899986044E-1,-7.686423001E-2,1.773890953E2
1.608520211E2,2.278175801E-2,7.071265718E-4,1.636821195E-3,9.997388721E-1,1.773891770E2,1.893634510E-1,-7.673651907E-2,1.773890460E2
1.608570211E2,2.277730205E-2,7.114286418E-4,1.624110155E-3,9.997389913E-1,1.773896877E2,1.879181366E-1,-7.726339414E-2,1.773895569E2
1.608620211E2,2.276344975E-2,7.198447711E-4,1.631147228E-3,9.997392893E-1,1.773912755E2,1.887452047E-1,-7.821180709E-2,1.773911425E2
1.608670211E2,2.278445934E-2,7.054723101E-4,1.636340166E-3,9.997388124E-1,1.773888673E2,1.893042310E-1,-7.654774839E-2,1.773887367E2
1.608720211E2,2.278260576E-2,7.065038080E-4,1.625249744E-3,9.997388721E-1,1.773890798E2,1.880362411E-1,-7.669522470E-2,1.773889498E2
1.608770211E2,2.276960325E-2,7.171358448E-4,1.619476127E-3,9.997391701E-1,1.773905702E2,1.874015512E-1,-7.793075998E-2,1.773904386E2
1.608820211E2,2.278245387E-2,7.081405492E-4,1.626666053E-3,9.997388721E-1,1.773890972E2,1.882027583E-1,-7.687906339E-2,1.773889668E2
1.608870211E2,2.277438716E-2,7.124266122E-4,1.627855352E-3,9.997390509E-1,1.773900218E2,1.883495737E-1,-7.736849668E-2,1.773898905E2
1.608920211E2,2.276186644E-2,7.209960022E-4,1.616132795E-3,9.997393489E-1,1.773914570E2,1.870279991E-1,-7.838315751E-2,1.773913249E2
1.608970211E2,2.278299953E-2,7.079452625E-4,1.619091025E-3,9.997388721E-1,1.773890347E2,1.873344796E-1,-7.687636573E-2,1.773889049E2
1.609020211E2,2.278768727E-2,7.031404530E-4,1.628793543E-3,9.997387528E-1,1.773884973E2,1.884338317E-1,-7.629970307E-2,1.773883678E2
1.609070211E2,2.276956205E-2,7.169507444E-4,1.620137249E-3,9.997391701E-1,1.773905749E2,1.874768045E-1,-7.790783719E-2,1.773904433E2
1.609120211E2,2.277568252E-2,7.131622406E-4,1.609304338E-3,9.997390509E-1,1.773898733E2,1.862263518E-1,-7.750094629E-2,1.773897433E2
1.609170211E2,2.278332118E-2,7.062538061E-4,1.615299145E-3,9.997388721E-1,1.773889978E2,1.868956822E-1,-7.669242963E-2,1.773888686E2
1.609220211E2,2.276149279E-2,7.216908853E-4,1.621077536E-3,9.997393489E-1,1.773914998E2,1.875962624E-1,-7.844993650E-2,1.773913672E2
1.609270211E2,2.276187167E-2,7.225126028E-4,1.615381683E-3,9.997393489E-1,1.773914564E2,1.869459069E-1,-7.855886017E-2,1.773913241E2
1.609320211E2,2.277815305E-2,7.106867852E-4,1.612458145E-3,9.997389913E-1,1.773895902E2,1.865813876E-1,-7.720866128E-2,1.773894604E2
1.609370211E2,2.276427265E-2,7.191697368E-4,1.619922230E-3,9.997392893E-1,1.773911812E2,1.874575486E-1,-7.816360163E-2,1.773910492E2
1.609420211E2,2.275629432E-2,7.248097099E-4,1.619150164E-3,9.997394681E-1,1.773920956E2,1.873831848E-1,-7.881323622E-2,1.773919627E2
1.609470211E2,2.277541658E-2,7.129947189E-4,1.613137661E-3,9.997390509E-1,1.773899038E2,1.866650473E-1,-7.747179927E-2,1.773897736E2
1.609520211E2,2.277521336E-2,7.120312657E-4,1.616429072E-3,9.997390509E-1,1.773899271E2,1.870395875E-1,-7.735287185E-2,1.773897968E2
1.609570211E2,2.277178169E-2,7.145886193E-4,1.626751036E-3,9.997391105E-1,1.773903205E2,1.882285019E-1,-7.761955259E-2,1.773901888E2
1.609620211E2,2.277473987E-2,7.127058343E-4,1.622790587E-3,9.997390509E-1,1.773899814E2,1.877700999E-1,-7.741363707E-2,1.773898504E2
1.609670211E2,2.277517606E-2,7.123016985E-4,1.616835478E-3,9.997390509E-1,1.773899314E2,1.870868492E-1,-7.738279936E-2,1.773898010E2
1.609720211E2,2.276725304E-2,7.176592480E-4,1.615485991E-3,9.997392297E-1,1.773908395E2,1.869456155E-1,-7.800157305E-2,1.773907082E2
1.609770211E2,2.277164262E-2,7.151493919E-4,1.628450467E-3,9.997391105E-1,1.773903364E2,1.884246449E-1,-7.767938706E-2,1.773902045E2
1.609820211E2,2.277150363E-2,7.139858790E-4,1.630902756E-3,9.997391105E-1,1.773903523E2,1.887025369E-1,-7.753971983E-2,1.773902205E2
1.609870211E2,2.277486356E-2,7.131572929E-4,1.620855182E-3,9.997390509E-1,1.773899672E2,1.875495639E-1,-7.747038500E-2,1.773898363E2
1.609920211E2,2.278564023E-2,7.046420360E-4,1.620174968E-3,9.997388124E-1,1.773887320E2,1.874502352E-1,-7.649461738E-2,1.773886028E2
1.609970211E2,2.277945658E-2,7.099072100E-4,1.631233026E-3,9.997389317E-1,1.773894408E2,1.887303418E-1,-7.707009733E-2,1.773893097E2
1.610020211E2,2.277187012E-2,7.152957260E-4,1.625201665E-3,9.997391105E-1,1.773903103E2,1.880528550E-1,-7.770458653E-2,1.773901787E2
1.610070211E2,2.277784284E-2,7.110289880E-4,1.616683905E-3,9.997389913E-1,1.773896257E2,1.870663687E-1,-7.723689209E-2,1.773894956E2
1.610120211E2,2.278000490E-2,7.084143581E-4,1.624209806E-3,9.997389317E-1,1.773893779E2,1.879218921E-1,-7.691730452E-2,1.773892477E2
1.610170211E2,2.277143178E-2,7.139132358E-4,1.631937339E-3,9.997391105E-1,1.773903606E2,1.888208657E-1,-7.752871147E-2,1.773902287E2
1.610220211E2,2.276935860E-2,7.165659335E-4,1.623163931E-3,9.997391701E-1,1.773905982E2,1.878225275E-1,-7.785589320E-2,1.773904665E2
1.610270211E2,2.278008835E-2,7.098451024E-4,1.622413751E-3,9.997389317E-1,1.773893683E2,1.877198741E-1,-7.708588599E-2,1.773892380E2
1.610320211E2,2.277724124E-2,7.101922529E-4,1.625503530E-3,9.997389913E-1,1.773896947E2,1.880745323E-1,-7.711812575E-2,1.773895640E2
1.610370211E2,2.276867048E-2,7.159560919E-4,1.633055508E-3,9.997391701E-1,1.773906771E2,1.889540821E-1,-7.776034853E-2,1.773905447E2
1.610420211E2,2.277213480E-2,7.148121949E-4,1.621701987E-3,9.997391105E-1,1.773902800E2,1.876506833E-1,-7.765827547E-2,1.773901487E2
1.610470211E2,2.277196557E-2,7.137144567E-4,1.624559285E-3,9.997391105E-1,1.773902994E2,1.879751432E-1,-7.752509202E-2,1.773901681E2
1.610520211E2,2.276363558E-2,7.197184023E-4,1.628607744E-3,9.997392893E-1,1.773912542E2,1.884539609E-1,-7.820391962E-2,1.773911214E2
1.610570211E2,2.276103400E-2,7.216716185E-4,1.627515187E-3,9.997393489E-1,1.773915524E2,1.883336869E-1,-7.843102366E-2,1.773914193E2
1.610620211E2,2.277167715E-2,7.150176680E-4,1.628025318E-3,9.997391105E-1,1.773903324E2,1.883755979E-1,-7.766539949E-2,1.773902006E2
1.610670211E2,2.277128233E-2,7.149401354E-4,1.633572392E-3,9.997391105E-1,1.773903777E2,1.890108492E-1,-7.764211634E-2,1.773902455E2
1.610720211E2,2.277361298E-2,7.135007181E-4,1.638183021E-3,9.997390509E-1,1.773901106E2,1.895354764E-1,-7.746474080E-2,1.773899783E2
1.610770211E2,2.277652921E-2,7.109048893E-4,1.635140623E-3,9.997389913E-1,1.773897763E2,1.891803828E-1,-7.717474644E-2,1.773896447E2
1.610820211E2,2.276603357E-2,7.192217163E-4,1.631893450E-3,9.997392297E-1,1.773909793E2,1.888292699E-1,-7.813799421E-2,1.773908464E2
1.610870211E2,2.276622907E-2,7.183199050E-4,1.629561651E-3,9.997392297E-1,1.773909569E2,1.885597964E-1,-7.804072778E-2,1.773908244E2
1.610920211E2,2.277421950E-2,7.132905303E-4,1.629821490E-3,9.997390509E-1,1.773900410E2,1.885770606E-1,-7.746236883E-2,1.773899094E2
1.610970211E2,2.276633473E-2,7.189750322E-4,1.627795631E-3,9.997392297E-1,1.773909448E2,1.883591951E-1,-7.812036785E-2,1.773908123E2
1.611020211E2,2.276207647E-2,7.216526428E-4,1.612878288E-3,9.997393489E-1,1.773914329E2,1.866568854E-1,-7.846683342E-2,1.773913010E2
1.611070211E2,2.277364560E-2,7.123482064E-4,1.638231217E-3,9.997390509E-1,1.773901068E2,1.895379922E-1,-7.733257513E-2,1.773899747E2
1.611120211E2,2.277233356E-2,7.129922160E-4,1.656092238E-3,9.997390509E-1,1.773902572E2,1.915857671E-1,-7.735999162E-2,1.773901236E2
1.611170211E2,2.274966123E-2,7.296115509E-4,1.636506058E-3,9.997395873E-1,1.773928559E2,1.893835101E-1,-7.931933905E-2,1.773927207E2
1.611220211E2,2.276955922E-2,7.165066781E-4,1.620373339E-3,9.997391701E-1,1.773905752E2,1.875026925E-1,-7.785634869E-2,1.773904437E2
1.611270211E2,2.278401618E-2,7.063835510E-4,1.642107498E-3,9.997388124E-1,1.773889181E2,1.899672938E-1,-7.663716714E-2,1.773887869E2
1.611320211E2,2.274584123E-2,7.311910158E-4,1.652410254E-3,9.997396469E-1,1.773932938E2,1.912093433E-1,-7.945955277E-2,1.773931569E2
1.611370211E2,2.275681961E-2,7.247960893E-4,1.648313599E-3,9.997394085E-1,1.773920354E2,1.907242154E-1,-7.873552270E-2,1.773919002E2
1.611420211E2,2.278978333E-2,7.028971449E-4,1.636140398E-3,9.997386932E-1,1.773882571E2,1.892750267E-1,-7.625224681E-2,1.773881270E2
1.611470211E2,2.276523158E-2,7.183299167E-4,1.643433585E-3,9.997392297E-1,1.773910712E2,1.901489424E-1,-7.800587321E-2,1.773909376E2
1.611520211E2,2.274467918E-2,7.317028358E-4,1.668104553E-3,9.997396469E-1,1.773934270E2,1.930085578E-1,-7.947750299E-2,1.773932888E2
1.611570211E2,2.277052698E-2,7.150628953E-4,1.644014264E-3,9.997391105E-1,1.773904643E2,1.902073535E-1,-7.762907523E-2,1.773903312E2
1.611620211E2,2.276920801E-2,7.170895115E-4,1.625044039E-3,9.997391701E-1,1.773906155E2,1.880392711E-1,-7.791099772E-2,1.773904835E2
1.611670211E2,2.275085630E-2,7.287192857E-4,1.656579436E-3,9.997395277E-1,1.773927190E2,1.916809273E-1,-7.916455796E-2,1.773925823E2
1.611720211E2,2.276277798E-2,7.201669505E-4,1.676287153E-3,9.997392297E-1,1.773913525E2,1.939173173E-1,-7.813109309E-2,1.773912159E2
1.611770211E2,2.275927943E-2,7.230555057E-4,1.651264611E-3,9.997393489E-1,1.773917535E2,1.910579431E-1,-7.852795242E-2,1.773916183E2
1.611820211E2,2.275880242E-2,7.231569616E-4,1.657781890E-3,9.997393489E-1,1.773918082E2,1.918048036E-1,-7.852266880E-2,1.773916725E2
1.611870211E2,2.276746023E-2,7.157308282E-4,1.685669296E-3,9.997391105E-1,1.773908158E2,1.949809457E-1,-7.759749619E-2,1.773906794E2
1.611920211E2,2.276869477E-2,7.151750615E-4,1.669149497E-3,9.997391105E-1,1.773906743E2,1.930870485E-1,-7.757668995E-2,1.773905393E2
1.611970211E2,2.276490711E-2,7.185751456E-4,1.647815108E-3,9.997392297E-1,1.773911084E2,1.906515134E-1,-7.802259823E-2,1.773909744E2
1.612020211E2,2.277958145E-2,7.075986941E-4,1.666638185E-3,9.997388721E-1,1.773894264E2,1.927804123E-1,-7.671318169E-2,1.773892931E2
1.612070211E2,2.277370238E-2,7.129466394E-4,1.673182705E-3,9.997389913E-1,1.773901003E2,1.935436735E-1,-7.730990506E-2,1.773899654E2
1.612120211E2,2.275648699E-2,7.248885231E-4,1.652858919E-3,9.997394085E-1,1.773920736E2,1.912451518E-1,-7.873432205E-2,1.773919379E2
1.612170211E2,2.277839559E-2,7.088553393E-4,1.646435587E-3,9.997389317E-1,1.773895624E2,1.904691506E-1,-7.691010958E-2,1.773894303E2
1.612220211E2,2.278772727E-2,7.022979553E-4,1.664784621E-3,9.997386932E-1,1.773884928E2,1.925548453E-1,-7.610918991E-2,1.773883606E2
1.612270211E2,2.276894120E-2,7.153829210E-4,1.665695338E-3,9.997391105E-1,1.773906460E2,1.926918944E-1,-7.760946793E-2,1.773905112E2
1.612320211E2,2.278117513E-2,7.079935749E-4,1.644540811E-3,9.997388721E-1,1.773892438E2,1.902500450E-1,-7.681580147E-2,1.773891121E2
1.612370211E2,2.279189480E-2,7.011711714E-4,1.643871190E-3,9.997386336E-1,1.773880151E2,1.901563344E-1,-7.603392467E-2,1.773878847E2
1.612420211E2,2.277252645E-2,7.141013048E-4,1.652959036E-3,9.997390509E-1,1.773902351E2,1.912297306E-1,-7.749519040E-2,1.773901015E2
1.612470211E2,2.276752200E-2,7.178965607E-4,1.648146077E-3,9.997391701E-1,1.773908087E2,1.906878633E-1,-7.794349619E-2,1.773906748E2
1.612520211E2,2.279026394E-2,7.016235031E-4,1.629980979E-3,9.997386932E-1,1.773882020E2,1.885661012E-1,-7.612233188E-2,1.773880726E2
1.612570211E2,2.278413344E-2,7.054540329E-4,1.640879549E-3,9.997388124E-1,1.773889047E2,1.898241993E-1,-7.653386389E-2,1.773887737E2
1.612620211E2,2.278072742E-2,7.086637197E-4,1.650443417E-3,9.997388721E-1,1.773892951E2,1.909279750E-1,-7.687725015E-2,1.773891628E2
1.612670211E2,2.278417880E-2,7.053016452E-4,1.640315168E-3,9.997388124E-1,1.773888995E2,1.897591482E-1,-7.651787110E-2,1.773887686E2
1.612720211E2,2.278695842E-2,7.040160126E-4,1.638582791E-3,9.997387528E-1,1.773885809E2,1.895575388E-1,-7.637458309E-2,1.773884504E2
1.612770211E2,2.278357698E-2,7.066904218E-4,1.648058416E-3,9.997388124E-1,1.773889685E2,1.906498108E-1,-7.665686873E-2,1.773888367E2
1.612820211E2,2.278617327E-2,7.043401711E-4,1.649326761E-3,9.997387528E-1,1.773886709E2,1.907891764E-1,-7.638381303E-2,1.773885395E2
1.612870211E2,2.278644073E-2,7.033108268E-4,1.646067598E-3,9.997387528E-1,1.773886402E2,1.904131323E-1,-7.627434914E-2,1.773885093E2
1.612920211E2,2.279146037E-2,6.998884492E-4,1.650428050E-3,9.997386336E-1,1.773880649E2,1.909041179E-1,-7.586993103E-2,1.773879343E2
1.612970211E2,2.279146150E-2,7.000497426E-4,1.650343998E-3,9.997386336E-1,1.773880647E2,1.908949102E-1,-7.588862838E-2,1.773879341E2
1.613020211E2,2.278390464E-2,7.052536239E-4,1.644139411E-3,9.997388124E-1,1.773889309E2,1.901971149E-1,-7.650243671E-2,1.773887998E2
1.613070211E2,2.279504016E-2,6.983213243E-4,1.637709327E-3,9.997385740E-1,1.773876545E2,1.894432130E-1,-7.572293958E-2,1.773875252E2
1.613120211E2,2.279195399E-2,7.005744847E-4,1.643304946E-3,9.997386336E-1,1.773880083E2,1.900899102E-1,-7.596703497E-2,1.773878781E2
1.613170211E2,2.278356210E-2,7.053959416E-4,1.648818492E-3,9.997388124E-1,1.773889702E2,1.907335054E-1,-7.650658924E-2,1.773888386E2
1.613220211E2,2.277813306E-2,7.099969662E-4,1.649572747E-3,9.997389317E-1,1.773895925E2,1.908315102E-1,-7.703275731E-2,1.773894600E2
1.613270211E2,2.278909699E-2,7.022810169E-4,1.645935583E-3,9.997386932E-1,1.773883358E2,1.903955214E-1,-7.615621126E-2,1.773882050E2
1.613320211E2,2.279166180E-2,7.006115047E-4,1.647336758E-3,9.997386336E-1,1.773880418E2,1.905518772E-1,-7.596080105E-2,1.773879113E2
1.613370211E2,2.278854927E-2,7.033276488E-4,1.653056708E-3,9.997386932E-1,1.773883985E2,1.912140238E-1,-7.625762257E-2,1.773882671E2
1.613420211E2,2.279442227E-2,6.991403643E-4,1.645939425E-3,9.997385740E-1,1.773877254E2,1.903881624E-1,-7.579538872E-2,1.773875953E2
1.613470211E2,2.279740408E-2,6.973859854E-4,1.641584095E-3,9.997385144E-1,1.773873836E2,1.898848493E-1,-7.560521475E-2,1.773872541E2
1.613520211E2,2.279689852E-2,6.973923882E-4,1.648587291E-3,9.997385144E-1,1.773874415E2,1.906871281E-1,-7.558774868E-2,1.773873116E2
1.613570211E2,2.279432622E-2,6.991219707E-4,1.647276920E-3,9.997385740E-1,1.773877364E2,1.905413333E-1,-7.578980604E-2,1.773876062E2
1.613620211E2,2.279219783E-2,7.002616185E-4,1.640053000E-3,9.997386336E-1,1.773879803E2,1.897165620E-1,-7.593963998E-2,1.773878505E2
1.613670211E2,2.279209742E-2,7.011156995E-4,1.641083276E-3,9.997386336E-1,1.773879918E2,1.898368158E-1,-7.603481298E-2,1.773878617E2
1.613720211E2,2.278114620E-2,7.069089334E-4,1.645407872E-3,9.997388721E-1,1.773892471E2,1.903465432E-1,-7.668928501E-2,1.773891155E2
1.613770211E2,2.278675106E-2,7.043419755E-4,1.641324023E-3,9.997387528E-1,1.773886046E2,1.898724153E-1,-7.640480707E-2,1.773884739E2
1.613820211E2,2.278703039E-2,7.032193244E-4,1.637923880E-3,9.997387528E-1,1.773885726E2,1.894799775E-1,-7.628502015E-2,1.773884423E2
1.613870211E2,2.278705826E-2,7.030307315E-4,1.637617126E-3,9.997387528E-1,1.773885694E2,1.894443447E-1,-7.626421040E-2,1.773884392E2
1.613920211E2,2.278169577E-2,7.082194206E-4,1.637214911E-3,9.997388721E-1,1.773891841E2,1.894114046E-1,-7.686070157E-2,1.773890529E2
1.613970211E2,2.278186591E-2,7.083038217E-4,1.634809189E-3,9.997388721E-1,1.773891646E2,1.891360336E-1,-7.687661920E-2,1.773890336E2
1.614020211E2,2.278685455E-2,7.044545491E-4,1.639838214E-3,9.997387528E-1,1.773885928E2,1.897024999E-1,-7.642156395E-2,1.773884621E2
1.614070211E2,2.277617261E-2,7.108796271E-4,1.640111208E-3,9.997389913E-1,1.773898172E2,1.897497298E-1,-7.715894616E-2,1.773896852E2
1.614120211E2,2.277335097E-2,7.127487916E-4,1.642148010E-3,9.997390509E-1,1.773901406E2,1.899877309E-1,-7.736830077E-2,1.773900081E2
1.614170211E2,2.277348228E-2,7.127806894E-4,1.640312141E-3,9.997390509E-1,1.773901255E2,1.897775033E-1,-7.737672131E-2,1.773899932E2
1.614220211E2,2.277324335E-2,7.134524640E-4,1.643334515E-3,9.997390509E-1,1.773901529E2,1.901254877E-1,-7.744583864E-2,1.773900202E2
1.614270211E2,2.276777130E-2,7.163569680E-4,1.645369688E-3,9.997391701E-1,1.773907801E2,1.903657964E-1,-7.777431423E-2,1.773906467E2
1.614320211E2,2.276812368E-2,7.174482453E-4,1.640009461E-3,9.997391701E-1,1.773907397E2,1.897545926E-1,-7.791325148E-2,1.773906065E2
1.614370211E2,2.276550596E-2,7.190857432E-4,1.639296999E-3,9.997392297E-1,1.773910398E2,1.896770399E-1,-7.810320164E-2,1.773909063E2
1.614420211E2,2.276528095E-2,7.188238087E-4,1.642533462E-3,9.997392297E-1,1.773910656E2,1.900471149E-1,-7.806479323E-2,1.773909319E2
1.614470211E2,2.276762120E-2,7.171357865E-4,1.647106605E-3,9.997391701E-1,1.773907973E2,1.905668017E-1,-7.785903378E-2,1.773906636E2
1.614520211E2,2.276242028E-2,7.199500687E-4,1.645404962E-3,9.997392893E-1,1.773913935E2,1.903787948E-1,-7.818687297E-2,1.773912594E2
1.614570211E2,2.275949374E-2,7.219677209E-4,1.648784848E-3,9.997393489E-1,1.773917289E2,1.907710357E-1,-7.840976063E-2,1.773915942E2
1.614620211E2,2.276460763E-2,7.198017556E-4,1.651413157E-3,9.997392297E-1,1.773911428E2,1.910668902E-1,-7.815379142E-2,1.773910082E2
1.614670211E2,2.275637285E-2,7.241817075E-4,1.654739142E-3,9.997394085E-1,1.773920866E2,1.914587018E-1,-7.864846656E-2,1.773919510E2
1.614720211E2,2.275955472E-2,7.233812939E-4,1.647322904E-3,9.997393489E-1,1.773917219E2,1.906072444E-1,-7.857550341E-2,1.773915870E2
1.614770211E2,2.276796303E-2,7.161109825E-4,1.642821706E-3,9.997391701E-1,1.773907582E2,1.900732673E-1,-7.775274527E-2,1.773906250E2
1.614820211E2,2.276231751E-2,7.207670133E-4,1.646468649E-3,9.997392893E-1,1.773914053E2,1.905027761E-1,-7.827770848E-2,1.773912709E2
1.614870211E2,2.275891333E-2,7.234928198E-4,1.656111795E-3,9.997393489E-1,1.773917954E2,1.916143588E-1,-7.856547982E-2,1.773916598E2
1.614920211E2,2.275918024E-2,7.232696516E-4,1.652537379E-3,9.997393489E-1,1.773917649E2,1.912043050E-1,-7.854918474E-2,1.773916295E2
1.614970211E2,2.276458514E-2,7.186863222E-4,1.652208855E-3,9.997392297E-1,1.773911453E2,1.911551352E-1,-7.802393396E-2,1.773910109E2
1.615020211E2,2.276666814E-2,7.168890443E-4,1.660334528E-3,9.997391701E-1,1.773909066E2,1.920815023E-1,-7.779643649E-2,1.773907719E2
1.615070211E2,2.277194575E-2,7.145535783E-4,1.660745358E-3,9.997390509E-1,1.773903017E2,1.921228832E-1,-7.752679543E-2,1.773901674E2
1.615120211E2,2.278282329E-2,7.065430400E-4,1.658507623E-3,9.997388124E-1,1.773890549E2,1.918464507E-1,-7.661284679E-2,1.773889223E2
1.615170211E2,2.277995392E-2,7.079635980E-4,1.661383896E-3,9.997388721E-1,1.773893837E2,1.921794514E-1,-7.676863033E-2,1.773892507E2
1.615220211E2,2.277771725E-2,7.097984781E-4,1.655389555E-3,9.997389317E-1,1.773896401E2,1.914973455E-1,-7.699491410E-2,1.773895072E2
1.615270211E2,2.278050677E-2,7.079916541E-4,1.653774059E-3,9.997388721E-1,1.773893204E2,1.913077685E-1,-7.679160437E-2,1.773891880E2
1.615320211E2,2.279119786E-2,7.013372378E-4,1.653435291E-3,9.997386336E-1,1.773880950E2,1.912523979E-1,-7.602810243E-2,1.773879638E2
1.615370211E2,2.279127274E-2,6.999645266E-4,1.652984880E-3,9.997386336E-1,1.773880864E2,1.911972180E-1,-7.587200443E-2,1.773879556E2
1.615420211E2,2.279375469E-2,6.980953040E-4,1.655599684E-3,9.997385740E-1,1.773878019E2,1.914920805E-1,-7.565055839E-2,1.773876712E2
1.615470211E2,2.279636753E-2,6.964738714E-4,1.656300155E-3,9.997385144E-1,1.773875024E2,1.915682894E-1,-7.546247403E-2,1.773873720E2
1.615520211E2,2.279442829E-2,6.982401828E-4,1.646238146E-3,9.997385740E-1,1.773877247E2,1.904200333E-1,-7.569148099E-2,1.773875947E2
1.615570211E2,2.278907380E-2,7.014705916E-4,1.646602177E-3,9.997386932E-1,1.773883384E2,1.904697693E-1,-7.606163115E-2,1.773882078E2
1.615620211E2,2.279649678E-2,6.963731139E-4,1.654562657E-3,9.997385144E-1,1.773874876E2,1.913689845E-1,-7.545544540E-2,1.773873574E2
1.615670211E2,2.278326414E-2,7.057171897E-4,1.652793493E-3,9.997388124E-1,1.773890043E2,1.911897057E-1,-7.653307045E-2,1.773888724E2
1.615720211E2,2.277504734E-2,7.126621786E-4,1.654897118E-3,9.997389913E-1,1.773899461E2,1.914482002E-1,-7.732478114E-2,1.773898127E2
1.615770211E2,2.278833986E-2,7.020707126E-4,1.656474313E-3,9.997386932E-1,1.773884225E2,1.916022527E-1,-7.610474089E-2,1.773882911E2
1.615820211E2,2.279350696E-2,6.998868193E-4,1.658251858E-3,9.997385740E-1,1.773878303E2,1.918005802E-1,-7.584891711E-2,1.773876991E2
1.615870211E2,2.278793060E-2,7.022875943E-4,1.662003342E-3,9.997386932E-1,1.773884694E2,1.922362048E-1,-7.611522693E-2,1.773883375E2
1.615920211E2,2.279581032E-2,6.970940158E-4,1.663691830E-3,9.997385144E-1,1.773875663E2,1.924166726E-1,-7.551431598E-2,1.773874352E2
1.615970211E2,2.280359667E-2,6.915439735E-4,1.666750992E-3,9.997383356E-1,1.773866738E2,1.927532194E-1,-7.486900124E-2,1.773865436E2
1.616020211E2,2.278752265E-2,7.023854996E-4,1.667546225E-3,9.997386932E-1,1.773885162E2,1.928714334E-1,-7.611204691E-2,1.773883838E2
1.616070211E2,2.279007277E-2,7.002878701E-4,1.669311896E-3,9.997386336E-1,1.773882239E2,1.930684275E-1,-7.586663566E-2,1.773880918E2
1.616120211E2,2.280037934E-2,6.947839283E-4,1.673652325E-3,9.997383952E-1,1.773870426E2,1.935520754E-1,-7.522276378E-2,1.773869112E2
1.616170211E2,2.280045360E-2,6.945960922E-4,1.672718325E-3,9.997383952E-1,1.773870340E2,1.934445892E-1,-7.520367102E-2,1.773869028E2
1.616220211E2,2.280107060E-2,6.928530056E-4,1.665013144E-3,9.997383952E-1,1.773869633E2,1.925573597E-1,-7.502399402E-2,1.773868330E2
1.616270211E2,2.280876366E-2,6.882125745E-4,1.668931684E-3,9.997382164E-1,1.773860815E2,1.929947222E-1,-7.448065466E-2,1.773859518E2
1.616320211E2,2.280295720E-2,6.924009067E-4,1.675122883E-3,9.997383356E-1,1.773867471E2,1.937145116E-1,-7.494541908E-2,1.773866161E2
1.616370211E2,2.279527825E-2,6.978098536E-4,1.670667436E-3,9.997385144E-1,1.773876273E2,1.932176420E-1,-7.557820369E-2,1.773874955E2
1.616420211E2,2.280584125E-2,6.905694026E-4,1.672187122E-3,9.997382760E-1,1.773864165E2,1.933736140E-1,-7.474271279E-2,1.773862861E2
1.616470211E2,2.280285176E-2,6.914056139E-4,1.676968299E-3,9.997383356E-1,1.773867592E2,1.939233171E-1,-7.482659481E-2,1.773866282E2
1.616520211E2,2.279496409E-2,6.967305089E-4,1.675397623E-3,9.997385144E-1,1.773876633E2,1.937566983E-1,-7.544225650E-2,1.773875314E2
1.616570211E2,2.279236696E-2,6.985565997E-4,1.674403553E-3,9.997385740E-1,1.773879609E2,1.936473897E-1,-7.565455626E-2,1.773878288E2
1.616620211E2,2.278988190E-2,7.009945111E-4,1.671619597E-3,9.997386336E-1,1.773882458E2,1.933346336E-1,-7.594159954E-2,1.773881134E2
1.616670211E2,2.278969527E-2,7.015767042E-4,1.673918101E-3,9.997386336E-1,1.773882672E2,1.935994614E-1,-7.600232975E-2,1.773881345E2
1.616720211E2,2.278784366E-2,7.025205996E-4,1.663096598E-3,9.997386932E-1,1.773884794E2,1.923620524E-1,-7.613908215E-2,1.773883473E2
1.616770211E2,2.278844643E-2,7.031034911E-4,1.654569060E-3,9.997386932E-1,1.773884103E2,1.913866885E-1,-7.622801285E-2,1.773882788E2
1.616820211E2,2.279154291E-2,7.007173845E-4,1.648935722E-3,9.997386336E-1,1.773880554E2,1.907353253E-1,-7.596877721E-2,1.773879248E2
1.616870211E2,2.279957755E-2,6.942430045E-4,1.649013837E-3,9.997384548E-1,1.773871345E2,1.907279671E-1,-7.522532469E-2,1.773870051E2
1.616920211E2,2.280781543E-2,6.895215483E-4,1.645480515E-3,9.997382760E-1,1.773861902E2,1.903114610E-1,-7.469209056E-2,1.773860620E2
1.616970211E2,2.280251332E-2,6.923198234E-4,1.645361423E-3,9.997383952E-1,1.773867980E2,1.903047342E-1,-7.501398602E-2,1.773866692E2
1.617020211E2,2.279472334E-2,6.982327905E-4,1.642150804E-3,9.997385740E-1,1.773876909E2,1.899517823E-1,-7.570125493E-2,1.773875612E2
1.617070211E2,2.279231700E-2,7.010227419E-4,1.638070564E-3,9.997386336E-1,1.773879667E2,1.894914473E-1,-7.603199093E-2,1.773878368E2
1.617120211E2,2.279788251E-2,6.966818473E-4,1.635226654E-3,9.997385144E-1,1.773873287E2,1.891547246E-1,-7.554106598E-2,1.773871999E2
1.617170211E2,2.279286791E-2,7.006964297E-4,1.630527317E-3,9.997386336E-1,1.773879035E2,1.886264672E-1,-7.601420664E-2,1.773877743E2
1.617220211E2,2.279045997E-2,7.014785078E-4,1.627300284E-3,9.997386932E-1,1.773881795E2,1.882586315E-1,-7.611268526E-2,1.773880504E2
1.617270211E2,2.280056148E-2,6.937771686E-4,1.635550754E-3,9.997384548E-1,1.773870217E2,1.891844663E-1,-7.520694754E-2,1.773868934E2
1.617320211E2,2.279048800E-2,7.015917217E-4,1.626858953E-3,9.997386932E-1,1.773881763E2,1.882083697E-1,-7.612680259E-2,1.773880472E2
1.617370211E2,2.279364504E-2,6.996215088E-4,1.620091964E-3,9.997386336E-1,1.773878145E2,1.874282232E-1,-7.591817341E-2,1.773876862E2
1.617420211E2,2.280957008E-2,6.885151379E-4,1.621403964E-3,9.997382760E-1,1.773859891E2,1.875507040E-1,-7.463939461E-2,1.773858629E2
1.617470211E2,2.280149223E-2,6.940955645E-4,1.622387092E-3,9.997384548E-1,1.773869150E2,1.876773129E-1,-7.527764389E-2,1.773867876E2
1.617520211E2,2.278883620E-2,7.023281069E-4,1.612992841E-3,9.997387528E-1,1.773883656E2,1.866216373E-1,-7.624768698E-2,1.773882374E2
1.617570211E2,2.279160021E-2,7.010274567E-4,1.611447893E-3,9.997386932E-1,1.773880488E2,1.864414583E-1,-7.610220156E-2,1.773879210E2
1.617620211E2,2.279051333E-2,7.019588375E-4,1.626345562E-3,9.997386932E-1,1.773881734E2,1.881505153E-1,-7.617019605E-2,1.773880442E2
1.617670211E2,2.278492987E-2,7.054321468E-4,1.629792619E-3,9.997388124E-1,1.773888134E2,1.885540619E-1,-7.656015439E-2,1.773886833E2
1.617720211E2,2.279092858E-2,7.017569151E-4,1.620603492E-3,9.997386932E-1,1.773881258E2,1.874921965E-1,-7.616198236E-2,1.773879971E2
1.617770211E2,2.279602126E-2,6.975706201E-4,1.624318422E-3,9.997385740E-1,1.773875421E2,1.879072370E-1,-7.567173368E-2,1.773874139E2
1.617820211E2,2.278518708E-2,7.045979146E-4,1.626554411E-3,9.997388124E-1,1.773887839E2,1.881809273E-1,-7.647299021E-2,1.773886542E2
1.617870211E2,2.278546041E-2,7.059475174E-4,1.622134354E-3,9.997388124E-1,1.773887526E2,1.876781019E-1,-7.663909297E-2,1.773886230E2
1.617920211E2,2.279679991E-2,6.969912793E-4,1.613603905E-3,9.997385740E-1,1.773874528E2,1.866783058E-1,-7.563320826E-2,1.773873256E2
1.617970211E2,2.278567804E-2,7.054507150E-4,1.619291026E-3,9.997388124E-1,1.773887276E2,1.873510838E-1,-7.658956204E-2,1.773885983E2
1.618020211E2,2.279173701E-2,7.010586560E-4,1.609498402E-3,9.997386932E-1,1.773880332E2,1.862182126E-1,-7.611084211E-2,1.773879054E2
1.618070211E2,2.279779130E-2,6.967732916E-4,1.599631039E-3,9.997385740E-1,1.773873392E2,1.850770519E-1,-7.564455513E-2,1.773872131E2
1.618120211E2,2.279754313E-2,6.971211988E-4,1.603012672E-3,9.997385740E-1,1.773873676E2,1.854653487E-1,-7.567562326E-2,1.773872412E2
1.618170211E2,2.279193739E-2,7.003709325E-4,1.606958220E-3,9.997386932E-1,1.773880102E2,1.859254230E-1,-7.603865273E-2,1.773878828E2
1.618220211E2,2.280538238E-2,6.914804690E-4,1.605466940E-3,9.997383952E-1,1.773864691E2,1.857323648E-1,-7.502154373E-2,1.773863435E2
1.618270211E2,2.280318939E-2,6.937525468E-4,1.598504838E-3,9.997384548E-1,1.773867205E2,1.849405459E-1,-7.530043733E-2,1.773865950E2
1.618320211E2,2.279533545E-2,6.995197036E-4,1.596175483E-3,9.997386336E-1,1.773876207E2,1.846881657E-1,-7.596867016E-2,1.773874943E2
1.618370211E2,2.280549599E-2,6.919119623E-4,1.603666227E-3,9.997383952E-1,1.773864561E2,1.855272079E-1,-7.507566127E-2,1.773863305E2
1.618420211E2,2.280601591E-2,6.918055587E-4,1.596301328E-3,9.997383952E-1,1.773863965E2,1.846832315E-1,-7.508262322E-2,1.773862715E2
1.618470211E2,2.279813300E-2,6.971131079E-4,1.594605041E-3,9.997385740E-1,1.773873000E2,1.845021772E-1,-7.569655273E-2,1.773871742E2
1.618520211E2,2.280581290E-2,6.918786676E-4,1.599167474E-3,9.997383952E-1,1.773864198E2,1.850117586E-1,-7.508354557E-2,1.773862946E2
1.618570211E2,2.280570477E-2,6.926525384E-4,1.600374118E-3,9.997383952E-1,1.773864321E2,1.851520088E-1,-7.516906795E-2,1.773863067E2
1.618620211E2,2.279563826E-2,6.981777842E-4,1.592434128E-3,9.997386336E-1,1.773875860E2,1.842560657E-1,-7.582465533E-2,1.773874601E2
1.618670211E2,2.280116689E-2,6.959941238E-4,1.589074964E-3,9.997385144E-1,1.773869523E2,1.838659462E-1,-7.558225000E-2,1.773868271E2
1.618720211E2,2.280843052E-2,6.893406389E-4,1.600193558E-3,9.997383356E-1,1.773861197E2,1.851228710E-1,-7.478961852E-2,1.773859949E2
1.618770211E2,2.280606821E-2,6.914362893E-4,1.595714013E-3,9.997383952E-1,1.773863905E2,1.846149863E-1,-7.504184441E-2,1.773862656E2
1.618820211E2,2.279874009E-2,6.974764983E-4,1.585741877E-3,9.997385740E-1,1.773872305E2,1.834877910E-1,-7.576122784E-2,1.773871052E2
1.618870211E2,2.280098151E-2,6.945685600E-4,1.592355315E-3,9.997385144E-1,1.773869735E2,1.842380104E-1,-7.541039784E-2,1.773868483E2
1.618920211E2,2.280577237E-2,6.915105041E-4,1.599904499E-3,9.997383952E-1,1.773864244E2,1.850952284E-1,-7.503944947E-2,1.773862992E2
1.618970211E2,2.279815628E-2,6.978557794E-4,1.593947294E-3,9.997385740E-1,1.773872974E2,1.844287667E-1,-7.578334854E-2,1.773871714E2
1.619020211E2,2.279044277E-2,7.024043007E-4,1.590098254E-3,9.997387528E-1,1.773881815E2,1.839991088E-1,-7.631591030E-2,1.773880550E2
1.619070211E2,2.279535956E-2,6.990497932E-4,1.596037066E-3,9.997386336E-1,1.773876179E2,1.846710825E-1,-7.591519358E-2,1.773874916E2
1.619120211E2,2.279485981E-2,6.991456030E-4,1.603116980E-3,9.997386336E-1,1.773876752E2,1.854823840E-1,-7.590776767E-2,1.773875484E2
1.619170211E2,2.278429875E-2,7.057072362E-4,1.601692056E-3,9.997388721E-1,1.773888857E2,1.853354742E-1,-7.666515929E-2,1.773887577E2
1.619220211E2,2.278736207E-2,7.052959991E-4,1.595485955E-3,9.997388124E-1,1.773885346E2,1.846236516E-1,-7.663368582E-2,1.773884072E2
1.619270211E2,2.278458694E-2,7.058635820E-4,1.597518218E-3,9.997388721E-1,1.773888527E2,1.848577411E-1,-7.669391522E-2,1.773887250E2
1.619320211E2,2.278465030E-2,7.065293612E-4,1.596319722E-3,9.997388721E-1,1.773888454E2,1.847221824E-1,-7.677330563E-2,1.773887177E2
1.619370211E2,2.278182211E-2,7.082060329E-4,1.598611008E-3,9.997389317E-1,1.773891696E2,1.849888375E-1,-7.695992859E-2,1.773890414E2
1.619420211E2,2.278149331E-2,7.093299646E-4,1.602792880E-3,9.997389317E-1,1.773892073E2,1.854708304E-1,-7.707783134E-2,1.773890785E2
1.619470211E2,2.278682403E-2,7.044650847E-4,1.603517216E-3,9.997388124E-1,1.773885963E2,1.855415178E-1,-7.651762214E-2,1.773884684E2
1.619520211E2,2.278944030E-2,7.031344576E-4,1.604081946E-3,9.997387528E-1,1.773882964E2,1.856029394E-1,-7.636322287E-2,1.773881687E2
1.619570211E2,2.278438414E-2,7.063752273E-4,1.600182266E-3,9.997388721E-1,1.773888759E2,1.851642604E-1,-7.674561176E-2,1.773887479E2
1.619620211E2,2.278157394E-2,7.078056806E-4,1.602320699E-3,9.997389317E-1,1.773891981E2,1.854127628E-1,-7.690442456E-2,1.773890696E2
1.619670211E2,2.278906816E-2,7.027845713E-4,1.609513070E-3,9.997387528E-1,1.773883391E2,1.862241976E-1,-7.630902466E-2,1.773882110E2
1.619720211E2,2.278922876E-2,7.035154849E-4,1.606917707E-3,9.997387528E-1,1.773883207E2,1.859287889E-1,-7.639950744E-2,1.773881927E2
1.619770211E2,2.278335791E-2,7.077482878E-4,1.614126493E-3,9.997388721E-1,1.773889936E2,1.867652460E-1,-7.686669479E-2,1.773888642E2
1.619820211E2,2.278601119E-2,7.050218992E-4,1.614783541E-3,9.997388124E-1,1.773886895E2,1.868336028E-1,-7.655214377E-2,1.773885606E2
1.619870211E2,2.279157199E-2,7.011276321E-4,1.611803542E-3,9.997386932E-1,1.773880521E2,1.864824617E-1,-7.611275418E-2,1.773879242E2
1.619920211E2,2.278620589E-2,7.046271348E-4,1.612206455E-3,9.997388124E-1,1.773886671E2,1.865373506E-1,-7.651361191E-2,1.773885385E2
1.619970211E2,2.278623105E-2,7.056997856E-4,1.611381420E-3,9.997388124E-1,1.773886643E2,1.864456361E-1,-7.663864625E-2,1.773885355E2
1.620020211E2,2.278889559E-2,7.039799821E-4,1.611432876E-3,9.997387528E-1,1.773883588E2,1.864472434E-1,-7.644099139E-2,1.773882304E2
1.620070211E2,2.279132460E-2,7.021591882E-4,1.614849665E-3,9.997386932E-1,1.773880804E2,1.868341074E-1,-7.622302117E-2,1.773879521E2
1.620120211E2,2.279120589E-2,7.017534226E-4,1.616700436E-3,9.997386932E-1,1.773880940E2,1.870450665E-1,-7.617172430E-2,1.773879656E2
1.620170211E2,2.279686210E-2,6.984769134E-4,1.612082124E-3,9.997385740E-1,1.773874457E2,1.865078538E-1,-7.580736893E-2,1.773873183E2
1.620220211E2,2.280213124E-2,6.947895163E-4,1.613082481E-3,9.997384548E-1,1.773868418E2,1.866132198E-1,-7.538133771E-2,1.773867150E2
1.620270211E2,2.278872005E-2,7.038717158E-4,1.613960718E-3,9.997387528E-1,1.773883790E2,1.867365419E-1,-7.642201944E-2,1.773882504E2
1.620320211E2,2.278075773E-2,7.082554512E-4,1.613686094E-3,9.997389317E-1,1.773892916E2,1.867159172E-1,-7.692643174E-2,1.773891622E2
1.620370211E2,2.278601472E-2,7.043079822E-4,1.615045359E-3,9.997388124E-1,1.773886890E2,1.868617332E-1,-7.646967193E-2,1.773885603E2
1.620420211E2,2.279102995E-2,7.024682709E-4,1.618868788E-3,9.997386932E-1,1.773881142E2,1.872953310E-1,-7.624798814E-2,1.773879855E2
1.620470211E2,2.278003396E-2,7.085273392E-4,1.623752876E-3,9.997389317E-1,1.773893746E2,1.878698425E-1,-7.693143519E-2,1.773892443E2
1.620520211E2,2.278525844E-2,7.053409936E-4,1.625232282E-3,9.997388124E-1,1.773887757E2,1.880314075E-1,-7.656155740E-2,1.773886460E2
1.620570211E2,2.279810535E-2,6.959383027E-4,1.632433967E-3,9.997385144E-1,1.773873032E2,1.888328628E-1,-7.546313831E-2,1.773871747E2
1.620620211E2,2.279576572E-2,6.972263800E-4,1.628048252E-3,9.997385740E-1,1.773875714E2,1.883336152E-1,-7.562260143E-2,1.773874430E2
1.620670211E2,2.279342451E-2,6.992830313E-4,1.623337506E-3,9.997386336E-1,1.773878397E2,1.877991382E-1,-7.587096063E-2,1.773877113E2
1.620720211E2,2.279347623E-2,6.992816925E-4,1.622611773E-3,9.997386336E-1,1.773878338E2,1.877159972E-1,-7.587269321E-2,1.773877054E2
1.620770211E2,2.279612376E-2,6.979767932E-4,1.622704673E-3,9.997385740E-1,1.773875303E2,1.877234316E-1,-7.572246199E-2,1.773874022E2
1.620820211E2,2.279315072E-2,7.002727361E-4,1.626751502E-3,9.997386336E-1,1.773878711E2,1.881928170E-1,-7.597547681E-2,1.773877422E2
1.620870211E2,2.278546803E-2,7.051691646E-4,1.622365904E-3,9.997388124E-1,1.773887517E2,1.877025967E-1,-7.654931752E-2,1.773886222E2
1.620920211E2,2.278822717E-2,7.042199722E-4,1.620753785E-3,9.997387528E-1,1.773884355E2,1.875156413E-1,-7.644426844E-2,1.773883063E2
1.620970211E2,2.279059807E-2,7.020248449E-4,1.625129255E-3,9.997386932E-1,1.773881637E2,1.880113516E-1,-7.618091871E-2,1.773880346E2
1.621020211E2,2.279571646E-2,6.987284287E-4,1.628094004E-3,9.997385740E-1,1.773875770E2,1.883427770E-1,-7.579456837E-2,1.773874483E2
1.621070211E2,2.278508713E-2,7.046133978E-4,1.627947320E-3,9.997388124E-1,1.773887954E2,1.883405346E-1,-7.647114576E-2,1.773886656E2
1.621120211E2,2.278790741E-2,7.043749793E-4,1.625176170E-3,9.997387528E-1,1.773884721E2,1.880226591E-1,-7.645053750E-2,1.773883426E2
1.621170211E2,2.279044099E-2,7.015780429E-4,1.627523219E-3,9.997386932E-1,1.773881817E2,1.882844300E-1,-7.612350949E-2,1.773880525E2
1.621220211E2,2.279029787E-2,7.016986492E-4,1.629474224E-3,9.997386932E-1,1.773881981E2,1.885082451E-1,-7.613225784E-2,1.773880688E2
1.621270211E2,2.279280379E-2,7.008104585E-4,1.631374354E-3,9.997386336E-1,1.773879109E2,1.887237986E-1,-7.602506961E-2,1.773877816E2
1.621320211E2,2.278774334E-2,7.030386478E-4,1.628052909E-3,9.997387528E-1,1.773884909E2,1.883487215E-1,-7.628996363E-2,1.773883614E2
1.621370211E2,2.279554467E-2,6.984325591E-4,1.630624291E-3,9.997385740E-1,1.773875967E2,1.886318658E-1,-7.575409554E-2,1.773874679E2
1.621420211E2,2.279519184E-2,6.985471700E-4,1.635500346E-3,9.997385740E-1,1.773876372E2,1.891907492E-1,-7.575455455E-2,1.773875080E2
1.621470211E2,2.278695518E-2,7.037275354E-4,1.638751710E-3,9.997387528E-1,1.773885813E2,1.895761368E-1,-7.634109418E-2,1.773884508E2
1.621520211E2,2.278683555E-2,7.044599624E-4,1.640099916E-3,9.997387528E-1,1.773885950E2,1.897324937E-1,-7.642150433E-2,1.773884643E2
1.621570211E2,2.278430052E-2,7.051896537E-4,1.638671733E-3,9.997388124E-1,1.773888855E2,1.895705898E-1,-7.650930910E-2,1.773887548E2
1.621620211E2,2.278161907E-2,7.069002022E-4,1.638851594E-3,9.997388721E-1,1.773891929E2,1.895954561E-1,-7.670531131E-2,1.773890618E2
1.621670211E2,2.277921773E-2,7.086503902E-4,1.635110355E-3,9.997389317E-1,1.773894681E2,1.891712370E-1,-7.691603748E-2,1.773893370E2
1.621720211E2,2.279253221E-2,7.008927059E-4,1.635129098E-3,9.997386336E-1,1.773879420E2,1.891541438E-1,-7.602473601E-2,1.773878124E2
1.621770211E2,2.279203538E-2,7.004551589E-4,1.642226591E-3,9.997386336E-1,1.773879990E2,1.899660661E-1,-7.595616591E-2,1.773878689E2
1.621820211E2,2.278130098E-2,7.074745954E-4,1.643020078E-3,9.997388721E-1,1.773892293E2,1.900744814E-1,-7.676029250E-2,1.773890978E2
1.621870211E2,2.278937952E-2,7.022042410E-4,1.642051851E-3,9.997386932E-1,1.773883034E2,1.899504142E-1,-7.615750465E-2,1.773881730E2
1.621920211E2,2.279685295E-2,6.964034401E-4,1.649635262E-3,9.997385144E-1,1.773874468E2,1.908045984E-1,-7.547172407E-2,1.773873169E2
1.621970211E2,2.278849704E-2,7.031203131E-4,1.653864747E-3,9.997386932E-1,1.773884045E2,1.913060488E-1,-7.623176964E-2,1.773882730E2
1.622020211E2,2.278338041E-2,7.059396012E-4,1.651094877E-3,9.997388124E-1,1.773889910E2,1.909956984E-1,-7.656296300E-2,1.773888592E2
1.622070211E2,2.278854358E-2,7.020581397E-4,1.653674757E-3,9.997386932E-1,1.773883992E2,1.912815126E-1,-7.611057255E-2,1.773882679E2
1.622120211E2,2.279365906E-2,6.992903072E-4,1.656411798E-3,9.997385740E-1,1.773878128E2,1.915882324E-1,-7.578535693E-2,1.773876819E2
1.622170211E2,2.278818316E-2,7.023467915E-4,1.658511814E-3,9.997386932E-1,1.773884405E2,1.918363821E-1,-7.613107811E-2,1.773883088E2
1.622220211E2,2.279390489E-2,6.990088732E-4,1.653144602E-3,9.997385740E-1,1.773877847E2,1.912132193E-1,-7.576160260E-2,1.773876540E2
1.622270211E2,2.279639009E-2,6.966299261E-4,1.655923901E-3,9.997385144E-1,1.773874998E2,1.915255943E-1,-7.548133053E-2,1.773873694E2
1.622320211E2,2.278830290E-2,7.033513393E-4,1.656439505E-3,9.997386932E-1,1.773884268E2,1.916016069E-1,-7.625154960E-2,1.773882950E2
1.622370211E2,2.278264247E-2,7.066565449E-4,1.660941401E-3,9.997388124E-1,1.773890756E2,1.921255519E-1,-7.661953061E-2,1.773889429E2
1.622420211E2,2.277453449E-2,7.117493078E-4,1.662331168E-3,9.997389913E-1,1.773900049E2,1.922974379E-1,-7.720089715E-2,1.773898711E2
1.622470211E2,2.277440828E-2,7.111425512E-4,1.664318843E-3,9.997389913E-1,1.773900194E2,1.925235566E-1,-7.712622273E-2,1.773898855E2
1.622520211E2,2.276585970E-2,7.173080812E-4,1.671203179E-3,9.997391701E-1,1.773909992E2,1.933276681E-1,-7.781624203E-2,1.773908636E2
1.622570211E2,2.276047444E-2,7.216808735E-4,1.671359409E-3,9.997392893E-1,1.773916165E2,1.933565536E-1,-7.831783058E-2,1.773914800E2
1.622620211E2,2.275251383E-2,7.260250859E-4,1.670906902E-3,9.997394681E-1,1.773925290E2,1.933154181E-1,-7.881823065E-2,1.773923917E2
1.622670211E2,2.275518430E-2,7.259652484E-4,1.670229831E-3,9.997394085E-1,1.773922229E2,1.932379058E-1,-7.881262478E-2,1.773920856E2
1.622720211E2,2.275242895E-2,7.275374373E-4,1.671404811E-3,9.997394681E-1,1.773925387E2,1.933763965E-1,-7.899020646E-2,1.773924011E2
1.622770211E2,2.274451046E-2,7.322127349E-4,1.670180121E-3,9.997396469E-1,1.773934463E2,1.932476552E-1,-7.953054060E-2,1.773933079E2
1.622820211E2,2.275299263E-2,7.260146085E-4,1.664378797E-3,9.997394681E-1,1.773924741E2,1.925675549E-1,-7.883395942E-2,1.773923373E2
1.622870211E2,2.275016638E-2,7.287551998E-4,1.666011754E-3,9.997395277E-1,1.773927980E2,1.927615529E-1,-7.914421345E-2,1.773926606E2
1.622920211E2,2.275023283E-2,7.291865186E-4,1.664915239E-3,9.997395277E-1,1.773927904E2,1.926370636E-1,-7.919647203E-2,1.773926530E2
1.622970211E2,2.274787203E-2,7.301144069E-4,1.660970272E-3,9.997395873E-1,1.773930610E2,1.921873519E-1,-7.931351141E-2,1.773929237E2
1.623020211E2,2.275557274E-2,7.255754899E-4,1.665099291E-3,9.997394085E-1,1.773921783E2,1.926491545E-1,-7.878127739E-2,1.773920416E2
1.623070211E2,2.275042713E-2,7.285016472E-4,1.662558294E-3,9.997395277E-1,1.773927681E2,1.923652766E-1,-7.912411943E-2,1.773926310E2
1.623120211E2,2.274787922E-2,7.311135414E-4,1.660432317E-3,9.997395873E-1,1.773930602E2,1.921283281E-1,-7.942937501E-2,1.773929227E2
1.623170211E2,2.274265579E-2,7.331394590E-4,1.659315778E-3,9.997397065E-1,1.773936589E2,1.920052805E-1,-7.966538156E-2,1.773935211E2
1.623220211E2,2.275342461E-2,7.270309725E-4,1.658017631E-3,9.997394681E-1,1.773924246E2,1.918414906E-1,-7.896689933E-2,1.773922881E2
1.623270211E2,2.275088492E-2,7.275072276E-4,1.656719134E-3,9.997395277E-1,1.773927157E2,1.916937733E-1,-7.902533274E-2,1.773925792E2
1.623320211E2,2.275089522E-2,7.288550260E-4,1.655985019E-3,9.997395277E-1,1.773927145E2,1.916131867E-1,-7.918165090E-2,1.773925778E2
1.623370211E2,2.275342808E-2,7.262845756E-4,1.658297027E-3,9.997394681E-1,1.773924242E2,1.918715528E-1,-7.888066161E-2,1.773922878E2
1.623420211E2,2.276141695E-2,7.210313343E-4,1.658756984E-3,9.997392893E-1,1.773915085E2,1.919111727E-1,-7.827610819E-2,1.773913731E2
1.623470211E2,2.275318575E-2,7.265185122E-4,1.661516377E-3,9.997394681E-1,1.773924519E2,1.922409592E-1,-7.889911397E-2,1.773923153E2
1.623520211E2,2.274305088E-2,7.332321256E-4,1.653850661E-3,9.997397065E-1,1.773936136E2,1.913794579E-1,-7.969016548E-2,1.773934763E2
1.623570211E2,2.274338894E-2,7.331347442E-4,1.649238518E-3,9.997397065E-1,1.773935749E2,1.908508541E-1,-7.969096540E-2,1.773934379E2
1.623620211E2,2.275394136E-2,7.272296934E-4,1.650823164E-3,9.997394681E-1,1.773923653E2,1.910178363E-1,-7.900832592E-2,1.773922294E2
1.623670211E2,2.274819353E-2,7.310610381E-4,1.656143693E-3,9.997395873E-1,1.773930242E2,1.916369022E-1,-7.943447972E-2,1.773928870E2
1.623720211E2,2.274591108E-2,7.324020262E-4,1.650911639E-3,9.997396469E-1,1.773932858E2,1.910408213E-1,-7.960218124E-2,1.773931488E2
1.623770211E2,2.274574600E-2,7.317249547E-4,1.653484418E-3,9.997396469E-1,1.773933047E2,1.913337862E-1,-7.951794003E-2,1.773931677E2
1.623820211E2,2.274808740E-2,7.296701660E-4,1.658213558E-3,9.997395873E-1,1.773930363E2,1.918703956E-1,-7.926976341E-2,1.773928993E2
1.623870211E2,2.273781527E-2,7.379251765E-4,1.651690458E-3,9.997398257E-1,1.773942137E2,1.911437930E-1,-8.023444091E-2,1.773940756E2
1.623920211E2,2.273517734E-2,7.396432338E-4,1.651156927E-3,9.997398853E-1,1.773945161E2,1.910869355E-1,-8.043315907E-2,1.773943777E2
1.623970211E2,2.275391310E-2,7.263770676E-4,1.651587896E-3,9.997394681E-1,1.773923686E2,1.911032199E-1,-7.890865894E-2,1.773922327E2
1.624020211E2,2.275417370E-2,7.265376626E-4,1.647922909E-3,9.997394681E-1,1.773923387E2,1.906837905E-1,-7.893656390E-2,1.773922031E2
1.624070211E2,2.275951902E-2,7.217912353E-4,1.648513135E-3,9.997393489E-1,1.773917260E2,1.907394493E-1,-7.839024599E-2,1.773915913E2
1.624120211E2,2.275703192E-2,7.245523157E-4,1.645487151E-3,9.997394085E-1,1.773920111E2,1.903997925E-1,-7.871492616E-2,1.773918761E2
1.624170211E2,2.275725075E-2,7.236945094E-4,1.642836141E-3,9.997394085E-1,1.773919860E2,1.900938672E-1,-7.862352634E-2,1.773918514E2
1.624220211E2,2.275239136E-2,7.269236376E-4,1.636159839E-3,9.997395277E-1,1.773925430E2,1.893370540E-1,-7.901179251E-2,1.773924083E2
1.624270211E2,2.275535413E-2,7.249908522E-4,1.632229891E-3,9.997394681E-1,1.773922034E2,1.888820243E-1,-7.880005629E-2,1.773920694E2
1.624320211E2,2.276568838E-2,7.177803782E-4,1.637334586E-3,9.997392297E-1,1.773910189E2,1.894488302E-1,-7.795874189E-2,1.773908858E2
1.624370211E2,2.277396188E-2,7.134131156E-4,1.633363776E-3,9.997390509E-1,1.773900706E2,1.889831721E-1,-7.746721622E-2,1.773899387E2
1.624420211E2,2.277699952E-2,7.110559382E-4,1.628510305E-3,9.997389913E-1,1.773897224E2,1.884212305E-1,-7.720926823E-2,1.773895913E2
1.624470211E2,2.278464445E-2,7.057901239E-4,1.633623382E-3,9.997388124E-1,1.773888461E2,1.889938348E-1,-7.659121632E-2,1.773887157E2
1.624520211E2,2.278169961E-2,7.073149318E-4,1.637552516E-3,9.997388721E-1,1.773891837E2,1.894477200E-1,-7.675619969E-2,1.773890526E2
1.624570211E2,2.278183068E-2,7.071725558E-4,1.635789522E-3,9.997388721E-1,1.773891686E2,1.892453862E-1,-7.674446674E-2,1.773890377E2
1.624620211E2,2.277939983E-2,7.097793277E-4,1.632080995E-3,9.997389317E-1,1.773894473E2,1.888271487E-1,-7.705324404E-2,1.773893162E2
1.624670211E2,2.277151324E-2,7.146030548E-4,1.630498096E-3,9.997391105E-1,1.773903512E2,1.886577897E-1,-7.761147872E-2,1.773902193E2
1.624720211E2,2.278194754E-2,7.071650471E-4,1.634164480E-3,9.997388721E-1,1.773891552E2,1.890592074E-1,-7.674782698E-2,1.773890245E2
1.624770211E2,2.278188582E-2,7.068040431E-4,1.635180786E-3,9.997388721E-1,1.773891623E2,1.891746902E-1,-7.670382812E-2,1.773890315E2
1.624820211E2,2.278205498E-2,7.075166795E-4,1.632513595E-3,9.997388721E-1,1.773891429E2,1.888710050E-1,-7.679240035E-2,1.773890122E2
1.624870211E2,2.278458806E-2,7.058090996E-4,1.634401502E-3,9.997388124E-1,1.773888526E2,1.890830230E-1,-7.659136915E-2,1.773887221E2
1.624920211E2,2.278454156E-2,7.064166130E-4,1.634787302E-3,9.997388124E-1,1.773888579E2,1.891288039E-1,-7.665996835E-2,1.773887272E2
1.624970211E2,2.278466301E-2,7.056985050E-4,1.633404056E-3,9.997388124E-1,1.773888440E2,1.889684705E-1,-7.658128948E-2,1.773887136E2
1.625020211E2,2.278482110E-2,7.047710824E-4,1.631598338E-3,9.997388124E-1,1.773888259E2,1.887591940E-1,-7.647972738E-2,1.773886958E2
1.625070211E2,2.279013465E-2,7.026713574E-4,1.631336752E-3,9.997386932E-1,1.773882168E2,1.887241484E-1,-7.623885934E-2,1.773880871E2
1.625120211E2,2.278717902E-2,7.038789918E-4,1.635571010E-3,9.997387528E-1,1.773885556E2,1.892121621E-1,-7.636670875E-2,1.773884254E2
1.625170211E2,2.278205527E-2,7.067627739E-4,1.632836065E-3,9.997388721E-1,1.773891429E2,1.889059794E-1,-7.670518971E-2,1.773890123E2
1.625220211E2,2.278802160E-2,7.030544220E-4,1.624146593E-3,9.997387528E-1,1.773884590E2,1.879012685E-1,-7.630191948E-2,1.773883298E2
1.625270211E2,2.278778595E-2,7.037351606E-4,1.627155230E-3,9.997387528E-1,1.773884860E2,1.882477040E-1,-7.637209350E-2,1.773883565E2
1.625320211E2,2.278447006E-2,7.061165525E-4,1.635913039E-3,9.997388124E-1,1.773888661E2,1.892569815E-1,-7.662266710E-2,1.773887354E2
1.625370211E2,2.278710312E-2,7.044067024E-4,1.636401052E-3,9.997387528E-1,1.773885643E2,1.893086257E-1,-7.642501100E-2,1.773884339E2
1.625420211E2,2.278206447E-2,7.080775686E-4,1.632138039E-3,9.997388721E-1,1.773891418E2,1.888294458E-1,-7.685763544E-2,1.773890111E2
1.625470211E2,2.278177481E-2,7.081982912E-4,1.636123867E-3,9.997388721E-1,1.773891750E2,1.892863633E-1,-7.686111440E-2,1.773890439E2
1.625520211E2,2.278133543E-2,7.085049874E-4,1.642098185E-3,9.997388721E-1,1.773892254E2,1.899715604E-1,-7.688073617E-2,1.773890938E2
1.625570211E2,2.277361875E-2,7.139869849E-4,1.637890935E-3,9.997390509E-1,1.773901099E2,1.895032840E-1,-7.752120954E-2,1.773899775E2
1.625620211E2,2.277346059E-2,7.132756291E-4,1.640398055E-3,9.997390509E-1,1.773901280E2,1.897886360E-1,-7.743320235E-2,1.773899956E2
1.625670211E2,2.278118047E-2,7.073870511E-4,1.644727774E-3,9.997388721E-1,1.773892432E2,1.902698807E-1,-7.674582796E-2,1.773891115E2
1.625720211E2,2.277562737E-2,7.110473234E-4,1.647593104E-3,9.997389913E-1,1.773898797E2,1.906072670E-1,-7.715873323E-2,1.773897471E2
1.625770211E2,2.276502239E-2,7.181043620E-4,1.646427205E-3,9.997392297E-1,1.773910952E2,1.904912929E-1,-7.797226326E-2,1.773909614E2
1.625820211E2,2.278073098E-2,7.075964240E-4,1.650852151E-3,9.997388721E-1,1.773892947E2,1.909720141E-1,-7.675391123E-2,1.773891626E2
1.625870211E2,2.278840344E-2,7.019769400E-4,1.655639266E-3,9.997386932E-1,1.773884153E2,1.915063480E-1,-7.609616669E-2,1.773882839E2
1.625920211E2,2.277245391E-2,7.134577609E-4,1.654235763E-3,9.997390509E-1,1.773902434E2,1.913743098E-1,-7.741814696E-2,1.773901099E2
1.625970211E2,2.278338329E-2,7.069508429E-4,1.650622347E-3,9.997388124E-1,1.773889907E2,1.909442052E-1,-7.668004573E-2,1.773888587E2
1.626020211E2,2.279431774E-2,6.985126529E-4,1.647652709E-3,9.997385740E-1,1.773877373E2,1.905827919E-1,-7.571902158E-2,1.773876072E2
1.626070211E2,2.279356393E-2,6.992632989E-4,1.657731831E-3,9.997385740E-1,1.773878237E2,1.917393803E-1,-7.577883300E-2,1.773876927E2
1.626120211E2,2.279608466E-2,6.976527511E-4,1.659693778E-3,9.997385144E-1,1.773875348E2,1.919601283E-1,-7.558871722E-2,1.773874040E2
1.626170211E2,2.279960878E-2,6.954786950E-4,1.648061210E-3,9.997384548E-1,1.773871309E2,1.906220636E-1,-7.536937045E-2,1.773870013E2
1.626220211E2,2.279667585E-2,6.971865660E-4,1.651750528E-3,9.997385144E-1,1.773874671E2,1.910489603E-1,-7.555594805E-2,1.773873369E2
1.626270211E2,2.279079329E-2,7.007510285E-4,1.659250353E-3,9.997386336E-1,1.773881413E2,1.919170212E-1,-7.594583512E-2,1.773880099E2
1.626320211E2,2.279336940E-2,6.993818097E-4,1.660354435E-3,9.997385740E-1,1.773878460E2,1.920401260E-1,-7.578559670E-2,1.773877148E2
1.626370211E2,2.279127842E-2,6.998226745E-4,1.652966603E-3,9.997386336E-1,1.773880857E2,1.911947540E-1,-7.585580027E-2,1.773879549E2
1.626420211E2,2.279095667E-2,7.016425370E-4,1.656627283E-3,9.997386336E-1,1.773881226E2,1.916188580E-1,-7.605478735E-2,1.773879912E2
1.626470211E2,2.278815757E-2,7.020356134E-4,1.658995054E-3,9.997386932E-1,1.773884434E2,1.918909284E-1,-7.609417197E-2,1.773883118E2
1.626520211E2,2.279409153E-2,6.988529349E-4,1.650635153E-3,9.997385740E-1,1.773877633E2,1.909253385E-1,-7.575025739E-2,1.773876329E2
1.626570211E2,2.279675355E-2,6.977227749E-4,1.650451100E-3,9.997385144E-1,1.773874581E2,1.909015020E-1,-7.562075687E-2,1.773873280E2
1.626620211E2,2.280420007E-2,6.910620141E-4,1.658675727E-3,9.997383356E-1,1.773866046E2,1.918268865E-1,-7.483477396E-2,1.773864751E2
1.626670211E2,2.280406549E-2,6.924981135E-4,1.659926609E-3,9.997383356E-1,1.773866200E2,1.919739333E-1,-7.499605274E-2,1.773864902E2
1.626720211E2,2.279685741E-2,6.968405796E-4,1.649388927E-3,9.997385144E-1,1.773874462E2,1.907775202E-1,-7.552244618E-2,1.773873163E2
1.626770211E2,2.279672902E-2,6.965882494E-4,1.651269034E-3,9.997385144E-1,1.773874610E2,1.909922402E-1,-7.548865164E-2,1.773873309E2
1.626820211E2,2.279880375E-2,6.958625745E-4,1.658999594E-3,9.997384548E-1,1.773872232E2,1.918761290E-1,-7.538492326E-2,1.773870927E2
1.626870211E2,2.279087885E-2,7.013749564E-4,1.657810877E-3,9.997386336E-1,1.773881315E2,1.917537482E-1,-7.602105650E-2,1.773880001E2
1.626920211E2,2.278889914E-2,7.027235115E-4,1.648484147E-3,9.997386932E-1,1.773883584E2,1.906886307E-1,-7.620028615E-2,1.773882274E2
1.626970211E2,2.279136624E-2,7.011207053E-4,1.651204657E-3,9.997386336E-1,1.773880757E2,1.909962992E-1,-7.600908994E-2,1.773879448E2
1.627020211E2,2.278588407E-2,7.041343488E-4,1.653404906E-3,9.997387528E-1,1.773887040E2,1.912558175E-1,-7.634964000E-2,1.773885724E2
1.627070211E2,2.278619883E-2,7.049502456E-4,1.648712787E-3,9.997387528E-1,1.773886679E2,1.907204334E-1,-7.645530254E-2,1.773885365E2
1.627120211E2,2.278879701E-2,7.023364888E-4,1.650060178E-3,9.997386932E-1,1.773883701E2,1.908681654E-1,-7.615185180E-2,1.773882391E2
1.627170211E2,2.278827078E-2,7.027667016E-4,1.657129382E-3,9.997386932E-1,1.773884305E2,1.916791113E-1,-7.618277708E-2,1.773882988E2
1.627220211E2,2.278531437E-2,7.045580423E-4,1.661057817E-3,9.997387528E-1,1.773887693E2,1.921336134E-1,-7.637830520E-2,1.773886370E2
1.627270211E2,2.278827356E-2,7.018237375E-4,1.657490851E-3,9.997386932E-1,1.773884301E2,1.917180594E-1,-7.607380505E-2,1.773882986E2
1.627320211E2,2.278304680E-2,7.062694058E-4,1.655551256E-3,9.997388124E-1,1.773890292E2,1.915070659E-1,-7.658917463E-2,1.773888970E2
1.627370211E2,2.278319843E-2,7.058097981E-4,1.653659507E-3,9.997388124E-1,1.773890119E2,1.912891547E-1,-7.654143132E-2,1.773888799E2
1.627420211E2,2.277259497E-2,7.134570624E-4,1.652293140E-3,9.997390509E-1,1.773902272E2,1.911517681E-1,-7.742310957E-2,1.773900939E2
1.627470211E2,2.277535634E-2,7.112611784E-4,1.651243307E-3,9.997389913E-1,1.773899107E2,1.910259790E-1,-7.717375746E-2,1.773897779E2
1.627520211E2,2.278351644E-2,7.063447265E-4,1.649043290E-3,9.997388124E-1,1.773889754E2,1.907617327E-1,-7.661470541E-2,1.773888437E2
1.627570211E2,2.278846671E-2,7.033005240E-4,1.654205960E-3,9.997386932E-1,1.773884080E2,1.913456073E-1,-7.625152962E-2,1.773882765E2
1.627620211E2,2.278833376E-2,7.028079708E-4,1.656245673E-3,9.997386932E-1,1.773884232E2,1.915779844E-1,-7.618980067E-2,1.773882916E2
1.627670211E2,2.278866328E-2,7.033527945E-4,1.651473576E-3,9.997386932E-1,1.773883855E2,1.910327313E-1,-7.626461588E-2,1.773882541E2
1.627720211E2,2.279902636E-2,6.952864351E-4,1.656179433E-3,9.997384548E-1,1.773871976E2,1.915515571E-1,-7.532624533E-2,1.773870675E2
1.627770211E2,2.279897555E-2,6.955825957E-4,1.656754408E-3,9.997384548E-1,1.773872035E2,1.916181974E-1,-7.535868146E-2,1.773870732E2
1.627820211E2,2.278869305E-2,7.021313068E-4,1.651582541E-3,9.997386932E-1,1.773883821E2,1.910420266E-1,-7.612438996E-2,1.773882509E2
1.627870211E2,2.279947928E-2,6.945000496E-4,1.650263905E-3,9.997384548E-1,1.773871457E2,1.908718416E-1,-7.525152481E-2,1.773870162E2
1.627920211E2,2.280981504E-2,6.873945240E-4,1.654840074E-3,9.997382164E-1,1.773859610E2,1.913782994E-1,-7.442356922E-2,1.773858325E2
1.627970211E2,2.280159873E-2,6.942363689E-4,1.657186192E-3,9.997383952E-1,1.773869028E2,1.916643432E-1,-7.520282450E-2,1.773867728E2
1.628020211E2,2.279379188E-2,6.996970624E-4,1.654411084E-3,9.997385740E-1,1.773877976E2,1.913600993E-1,-7.583715610E-2,1.773876668E2
1.628070211E2,2.279646010E-2,6.963493070E-4,1.655078027E-3,9.997385144E-1,1.773874918E2,1.914279615E-1,-7.545137870E-2,1.773873615E2
1.628120211E2,2.279619416E-2,6.978357560E-4,1.658112044E-3,9.997385144E-1,1.773875223E2,1.917794079E-1,-7.561379364E-2,1.773873915E2
1.628170211E2,2.279118604E-2,7.010851987E-4,1.653705142E-3,9.997386336E-1,1.773880963E2,1.912826533E-1,-7.599852587E-2,1.773879652E2
1.628220211E2,2.279420821E-2,6.994250580E-4,1.648780541E-3,9.997385740E-1,1.773877499E2,1.907143739E-1,-7.582062302E-2,1.773876195E2
1.628270211E2,2.279115206E-2,7.008810062E-4,1.654259977E-3,9.997386336E-1,1.773881002E2,1.913456804E-1,-7.597369062E-2,1.773879691E2
1.628320211E2,2.279100920E-2,7.008717512E-4,1.656230888E-3,9.997386336E-1,1.773881166E2,1.915714370E-1,-7.596751008E-2,1.773879853E2
1.628370211E2,2.278859318E-2,7.032299181E-4,1.652492909E-3,9.997386932E-1,1.773883935E2,1.911491819E-1,-7.624789035E-2,1.773882621E2
1.628420211E2,2.278846632E-2,7.028548862E-4,1.654400723E-3,9.997386932E-1,1.773884080E2,1.913667558E-1,-7.619996806E-2,1.773882766E2
1.628470211E2,2.279911543E-2,6.958707236E-4,1.654707245E-3,9.997384548E-1,1.773871874E2,1.913844337E-1,-7.539701172E-2,1.773870573E2
1.628520211E2,2.280194245E-2,6.941552274E-4,1.652484178E-3,9.997383952E-1,1.773868634E2,1.911254848E-1,-7.520574948E-2,1.773867338E2
1.628570211E2,2.279668335E-2,6.961069885E-4,1.652102219E-3,9.997385144E-1,1.773874662E2,1.910864306E-1,-7.543134968E-2,1.773873362E2
1.628620211E2,2.279438617E-2,6.980820326E-4,1.646888326E-3,9.997385740E-1,1.773877295E2,1.904941029E-1,-7.567167268E-2,1.773875995E2
1.628670211E2,2.279443747E-2,6.988417590E-4,1.645855722E-3,9.997385740E-1,1.773877236E2,1.903777943E-1,-7.576139576E-2,1.773875936E2
1.628720211E2,2.279691246E-2,6.975434953E-4,1.648330712E-3,9.997385144E-1,1.773874399E2,1.906581297E-1,-7.560572741E-2,1.773873100E2
1.628770211E2,2.278381543E-2,7.060904172E-4,1.645016251E-3,9.997388124E-1,1.773889411E2,1.902997457E-1,-7.659602873E-2,1.773888097E2
1.628820211E2,2.278140841E-2,7.082906668E-4,1.641177922E-3,9.997388721E-1,1.773892170E2,1.898655792E-1,-7.685857189E-2,1.773890855E2
1.628870211E2,2.278124372E-2,7.079197094E-4,1.643622178E-3,9.997388721E-1,1.773892359E2,1.901446169E-1,-7.680972451E-2,1.773891043E2
1.628920211E2,2.277296326E-2,7.133514737E-4,1.647255034E-3,9.997390509E-1,1.773901850E2,1.905743451E-1,-7.742409081E-2,1.773900521E2
1.628970211E2,2.276520983E-2,7.188487216E-4,1.643507974E-3,9.997392297E-1,1.773910737E2,1.901588165E-1,-7.806511846E-2,1.773909400E2
1.629020211E2,2.277035557E-2,7.159108645E-4,1.646018121E-3,9.997391105E-1,1.773904839E2,1.904391191E-1,-7.772102372E-2,1.773903506E2
1.629070211E2,2.277264840E-2,7.132946048E-4,1.651626779E-3,9.997390509E-1,1.773902211E2,1.910750084E-1,-7.740622693E-2,1.773900878E2
1.629120211E2,2.276999390E-2,7.151876343E-4,1.651327126E-3,9.997391105E-1,1.773905254E2,1.910454142E-1,-7.762438488E-2,1.773903917E2
1.629170211E2,2.277538090E-2,7.119817310E-4,1.650593942E-3,9.997389913E-1,1.773899079E2,1.909534692E-1,-7.725799534E-2,1.773897750E2
1.629220211E2,2.277766228E-2,7.094812463E-4,1.656281645E-3,9.997389317E-1,1.773896464E2,1.915987129E-1,-7.695625343E-2,1.773895135E2
1.629270211E2,2.277192152E-2,7.133372710E-4,1.661600196E-3,9.997390509E-1,1.773903044E2,1.922176389E-1,-7.738522706E-2,1.773901704E2
1.629320211E2,2.277753325E-2,7.105796831E-4,1.657584682E-3,9.997389317E-1,1.773896612E2,1.917508490E-1,-7.707871568E-2,1.773895280E2
1.629370211E2,2.278586082E-2,7.041943609E-4,1.653699786E-3,9.997387528E-1,1.773887067E2,1.912897544E-1,-7.635574954E-2,1.773885750E2
1.629420211E2,2.278825396E-2,7.029409171E-4,1.657286892E-3,9.997386932E-1,1.773884324E2,1.916976096E-1,-7.620232740E-2,1.773883007E2
1.629470211E2,2.277773407E-2,7.097030175E-4,1.655198983E-3,9.997389317E-1,1.773896382E2,1.914752653E-1,-7.698447220E-2,1.773895053E2
1.629520211E2,2.278043022E-2,7.082456723E-4,1.654719585E-3,9.997388721E-1,1.773893292E2,1.914167472E-1,-7.681825141E-2,1.773891966E2
1.629570211E2,2.278085442E-2,7.085059769E-4,1.648757374E-3,9.997388721E-1,1.773892805E2,1.907344163E-1,-7.686355625E-2,1.773891484E2
1.629620211E2,2.277015617E-2,7.154451450E-4,1.648976468E-3,9.997391105E-1,1.773905068E2,1.907768025E-1,-7.765998856E-2,1.773903733E2
1.629670211E2,2.277004549E-2,7.150369929E-4,1.650680904E-3,9.997391105E-1,1.773905195E2,1.909709926E-1,-7.760880353E-2,1.773903859E2
1.629720211E2,2.277596537E-2,7.117433706E-4,1.642612624E-3,9.997389913E-1,1.773898409E2,1.900385359E-1,-7.725140854E-2,1.773897086E2
1.629770211E2,2.277074108E-2,7.148782024E-4,1.641126699E-3,9.997391105E-1,1.773904397E2,1.898760826E-1,-7.761541078E-2,1.773903069E2
1.629820211E2,2.277061569E-2,7.154985797E-4,1.642595511E-3,9.997391105E-1,1.773904541E2,1.900459620E-1,-7.768267327E-2,1.773903211E2
1.629870211E2,2.277598316E-2,7.115631015E-4,1.642444055E-3,9.997389913E-1,1.773898389E2,1.900187550E-1,-7.723119320E-2,1.773897066E2
1.629920211E2,2.277872552E-2,7.093632594E-4,1.641645213E-3,9.997389317E-1,1.773895245E2,1.899217069E-1,-7.698073962E-2,1.773893928E2
1.629970211E2,2.277851070E-2,7.096000481E-4,1.644521020E-3,9.997389317E-1,1.773895492E2,1.902517670E-1,-7.700040045E-2,1.773894171E2
1.630020211E2,2.278342000E-2,7.058308111E-4,1.650594990E-3,9.997388124E-1,1.773889865E2,1.909381492E-1,-7.655179742E-2,1.773888547E2
1.630070211E2,2.278633813E-2,7.046192768E-4,1.646928140E-3,9.997387528E-1,1.773886520E2,1.905151270E-1,-7.642201980E-2,1.773885207E2
1.630120211E2,2.278385852E-2,7.054239977E-4,1.644705422E-3,9.997388124E-1,1.773889362E2,1.902623997E-1,-7.652048596E-2,1.773888050E2
1.630170211E2,2.278105971E-2,7.070336724E-4,1.646551420E-3,9.997388721E-1,1.773892570E2,1.904778694E-1,-7.670060638E-2,1.773891253E2
1.630220211E2,2.278627749E-2,7.046345854E-4,1.647760393E-3,9.997387528E-1,1.773886589E2,1.906105069E-1,-7.642161192E-2,1.773885276E2
1.630270211E2,2.278123531E-2,7.070526481E-4,1.644111937E-3,9.997388721E-1,1.773892369E2,1.901984603E-1,-7.670911551E-2,1.773891054E2
1.630320211E2,2.279192479E-2,7.002876373E-4,1.643832074E-3,9.997386336E-1,1.773880116E2,1.901495476E-1,-7.593280201E-2,1.773878815E2
1.630370211E2,2.279713962E-2,6.963071646E-4,1.645709621E-3,9.997385144E-1,1.773874139E2,1.903546392E-1,-7.547089560E-2,1.773872844E2
1.630420211E2,2.278957955E-2,7.016237359E-4,1.639521914E-3,9.997386932E-1,1.773882804E2,1.896590785E-1,-7.609757028E-2,1.773881503E2
1.630470211E2,2.278968269E-2,7.027055253E-4,1.637623878E-3,9.997386932E-1,1.773882686E2,1.894444690E-1,-7.622643929E-2,1.773881385E2
1.630520211E2,2.279744928E-2,6.960190949E-4,1.641536597E-3,9.997385144E-1,1.773873784E2,1.898758400E-1,-7.544873704E-2,1.773872492E2
1.630570211E2,2.279992014E-2,6.954018609E-4,1.643780619E-3,9.997384548E-1,1.773870952E2,1.901314932E-1,-7.537169322E-2,1.773869660E2
1.630620211E2,2.280337231E-2,6.934316480E-4,1.632941654E-3,9.997383952E-1,1.773866995E2,1.888848710E-1,-7.517365035E-2,1.773865715E2
1.630670211E2,2.280327472E-2,6.925000343E-4,1.634698943E-3,9.997383952E-1,1.773867107E2,1.890837475E-1,-7.506234948E-2,1.773865827E2
1.630720211E2,2.280559406E-2,6.902760942E-4,1.639729016E-3,9.997383356E-1,1.773864448E2,1.896543640E-1,-7.479398674E-2,1.773863169E2
1.630770211E2,2.280585147E-2,6.902048481E-4,1.636175090E-3,9.997383356E-1,1.773864153E2,1.892470522E-1,-7.479506398E-2,1.773862877E2
1.630820211E2,2.280080484E-2,6.940377643E-4,1.632043743E-3,9.997384548E-1,1.773869938E2,1.887833953E-1,-7.524591927E-2,1.773868657E2
1.630870211E2,2.279508892E-2,6.980900071E-4,1.637129229E-3,9.997385740E-1,1.773876490E2,1.893761552E-1,-7.569794562E-2,1.773875197E2
1.630920211E2,2.278948293E-2,7.030516281E-4,1.640253118E-3,9.997386932E-1,1.773882915E2,1.897465689E-1,-7.625926068E-2,1.773881611E2
1.630970211E2,2.278724543E-2,7.034721202E-4,1.634820714E-3,9.997387528E-1,1.773885480E2,1.891251490E-1,-7.632204359E-2,1.773884179E2
1.631020211E2,2.278460696E-2,7.063295925E-4,1.633913140E-3,9.997388124E-1,1.773888504E2,1.890284359E-1,-7.665226926E-2,1.773887198E2
1.631070211E2,2.277648321E-2,7.103559910E-4,1.636019675E-3,9.997389913E-1,1.773897816E2,1.892796525E-1,-7.710957799E-2,1.773896500E2
1.631120211E2,2.277940713E-2,7.086188998E-4,1.632483327E-3,9.997389317E-1,1.773894464E2,1.888702116E-1,-7.691925181E-2,1.773893155E2
1.631170211E2,2.278709854E-2,7.045967504E-4,1.636383007E-3,9.997387528E-1,1.773885648E2,1.893070544E-1,-7.644683121E-2,1.773884344E2
1.631220211E2,2.278985090E-2,7.024256629E-4,1.635401626E-3,9.997386932E-1,1.773882493E2,1.891891652E-1,-7.620014967E-2,1.773881194E2
1.631270211E2,2.279267377E-2,6.997906603E-4,1.633627224E-3,9.997386336E-1,1.773879258E2,1.889792180E-1,-7.590237993E-2,1.773877965E2
1.631320211E2,2.280023686E-2,6.947001093E-4,1.639679074E-3,9.997384548E-1,1.773870589E2,1.896598022E-1,-7.530195589E-2,1.773869301E2
1.631370211E2,2.280290124E-2,6.930693053E-4,1.639659982E-3,9.997383952E-1,1.773867535E2,1.896535537E-1,-7.511467277E-2,1.773866250E2
1.631420211E2,2.280030115E-2,6.951164105E-4,1.638608286E-3,9.997384548E-1,1.773870515E2,1.895382232E-1,-7.535243365E-2,1.773869227E2
1.631470211E2,2.280019067E-2,6.945952191E-4,1.640365692E-3,9.997384548E-1,1.773870642E2,1.897381849E-1,-7.528815424E-2,1.773869354E2
1.631520211E2,2.279952987E-2,6.946863723E-4,1.649486367E-3,9.997384548E-1,1.773871399E2,1.907832560E-1,-7.527489211E-2,1.773870104E2
1.631570211E2,2.279705436E-2,6.976831355E-4,1.646307763E-3,9.997385144E-1,1.773874237E2,1.904267521E-1,-7.562698267E-2,1.773872938E2
1.631620211E2,2.279720022E-2,6.960201426E-4,1.644991338E-3,9.997385144E-1,1.773874070E2,1.902716060E-1,-7.543987886E-2,1.773872775E2
1.631670211E2,2.280793291E-2,6.893393002E-4,1.643927768E-3,9.997382760E-1,1.773861768E2,1.901331075E-1,-7.467524801E-2,1.773860487E2
1.631720211E2,2.279190315E-2,7.003413048E-4,1.644109259E-3,9.997386336E-1,1.773880141E2,1.901814410E-1,-7.593823038E-2,1.773878839E2
1.631770211E2,2.279466279E-2,6.985771470E-4,1.642844640E-3,9.997385740E-1,1.773876978E2,1.900321645E-1,-7.573890404E-2,1.773875680E2
1.631820211E2,2.279495847E-2,6.984642241E-4,1.638785005E-3,9.997385740E-1,1.773876639E2,1.895668119E-1,-7.573651596E-2,1.773875345E2
1.631870211E2,2.278390806E-2,7.059810450E-4,1.643779804E-3,9.997388124E-1,1.773889305E2,1.901578173E-1,-7.658670957E-2,1.773887992E2
1.631920211E2,2.277601276E-2,7.117116475E-4,1.641969196E-3,9.997389913E-1,1.773898355E2,1.899647443E-1,-7.724944466E-2,1.773897032E2
1.631970211E2,2.277871463E-2,7.099388749E-4,1.641547540E-3,9.997389317E-1,1.773895258E2,1.899120192E-1,-7.704694014E-2,1.773893939E2
1.632020211E2,2.277605122E-2,7.106273551E-4,1.641905284E-3,9.997389913E-1,1.773898311E2,1.899545950E-1,-7.712538581E-2,1.773896991E2
1.632070211E2,2.277563464E-2,7.118264330E-4,1.647156081E-3,9.997389913E-1,1.773898788E2,1.905592350E-1,-7.724912860E-2,1.773897462E2
1.632120211E2,2.277581218E-2,7.115000626E-4,1.644840580E-3,9.997389913E-1,1.773898585E2,1.902931282E-1,-7.721774880E-2,1.773897261E2
1.632170211E2,2.276262769E-2,7.205181755E-4,1.642283984E-3,9.997392893E-1,1.773913697E2,1.900227472E-1,-7.826005797E-2,1.773912357E2
1.632220211E2,2.275994739E-2,7.219976396E-4,1.642497606E-3,9.997393489E-1,1.773916769E2,1.900508696E-1,-7.842950022E-2,1.773915426E2
1.632270211E2,2.276733775E-2,7.165804855E-4,1.651261002E-3,9.997391701E-1,1.773908298E2,1.910412671E-1,-7.778463240E-2,1.773906959E2
1.632320211E2,2.276221027E-2,7.205431466E-4,1.648048405E-3,9.997392893E-1,1.773914175E2,1.906831639E-1,-7.824796157E-2,1.773912831E2
1.632370211E2,2.275687460E-2,7.243276341E-4,1.647760277E-3,9.997394085E-1,1.773920291E2,1.906596082E-1,-7.868328815E-2,1.773918940E2
1.632420211E2,2.276213589E-2,7.214791840E-4,1.648666104E-3,9.997392893E-1,1.773914261E2,1.907563649E-1,-7.835359856E-2,1.773912914E2
1.632470211E2,2.276755260E-2,7.168304874E-4,1.648187288E-3,9.997391701E-1,1.773908052E2,1.906898051E-1,-7.782125164E-2,1.773906715E2
1.632520211E2,2.276520939E-2,7.179431268E-4,1.643909956E-3,9.997392297E-1,1.773910738E2,1.902025056E-1,-7.796032334E-2,1.773909402E2
1.632570211E2,2.277572890E-2,7.109844591E-4,1.646216144E-3,9.997389913E-1,1.773898680E2,1.904493633E-1,-7.715510596E-2,1.773897356E2
1.632620211E2,2.278072083E-2,7.082755910E-4,1.650701044E-3,9.997388721E-1,1.773892958E2,1.909564754E-1,-7.683211417E-2,1.773891636E2
1.632670211E2,2.278352208E-2,7.064137608E-4,1.648935722E-3,9.997388124E-1,1.773889748E2,1.907495902E-1,-7.662289386E-2,1.773888430E2
1.632720211E2,2.277828167E-2,7.093104068E-4,1.647815108E-3,9.997389317E-1,1.773895754E2,1.906283707E-1,-7.695866357E-2,1.773894432E2
1.632770211E2,2.278063493E-2,7.080601645E-4,1.651978469E-3,9.997388721E-1,1.773893057E2,1.911022508E-1,-7.680411610E-2,1.773891734E2
1.632820211E2,2.278054683E-2,7.082659286E-4,1.653104788E-3,9.997388721E-1,1.773893158E2,1.912318146E-1,-7.682476526E-2,1.773891834E2
1.632870211E2,2.277786901E-2,7.090692525E-4,1.653612941E-3,9.997389317E-1,1.773896227E2,1.912919210E-1,-7.691598119E-2,1.773894901E2
1.632920211E2,2.277841226E-2,7.093910826E-4,1.645974116E-3,9.997389317E-1,1.773895605E2,1.904176835E-1,-7.697268666E-2,1.773894284E2
1.632970211E2,2.278075336E-2,7.086951518E-4,1.650071936E-3,9.997388721E-1,1.773892921E2,1.908855014E-1,-7.688181591E-2,1.773891598E2
1.633020211E2,2.278382979E-2,7.050650311E-4,1.645257231E-3,9.997388124E-1,1.773889395E2,1.903246764E-1,-7.647792685E-2,1.773888083E2
1.633070211E2,2.277583426E-2,7.109549479E-4,1.644770615E-3,9.997389913E-1,1.773898559E2,1.902836916E-1,-7.715547794E-2,1.773897236E2
1.633120211E2,2.278095736E-2,7.081339136E-4,1.647494384E-3,9.997388721E-1,1.773892687E2,1.905887621E-1,-7.682420962E-2,1.773891368E2
1.633170211E2,2.279167880E-2,7.011435810E-4,1.646875055E-3,9.997386336E-1,1.773880398E2,1.905003747E-1,-7.602295925E-2,1.773879093E2
1.633220211E2,2.278920539E-2,7.026934763E-4,1.644257805E-3,9.997386932E-1,1.773883233E2,1.902043973E-1,-7.620782431E-2,1.773881927E2
1.633270211E2,2.277876521E-2,7.101504598E-4,1.640753937E-3,9.997389317E-1,1.773895200E2,1.898216587E-1,-7.707324167E-2,1.773893882E2
1.633320211E2,2.277641211E-2,7.110026781E-4,1.636728412E-3,9.997389913E-1,1.773897897E2,1.893625294E-1,-7.718182714E-2,1.773896580E2
1.633370211E2,2.278159765E-2,7.078322815E-4,1.638747053E-3,9.997388721E-1,1.773891953E2,1.895859116E-1,-7.681236886E-2,1.773890641E2
1.633420211E2,2.277919535E-2,7.087144186E-4,1.635394292E-3,9.997389317E-1,1.773894707E2,1.892039308E-1,-7.692263572E-2,1.773893395E2
1.633470211E2,2.277423902E-2,7.131878519E-4,1.629593666E-3,9.997390509E-1,1.773900388E2,1.885506940E-1,-7.745119674E-2,1.773899072E2
1.633520211E2,2.276867102E-2,7.163474220E-4,1.632876345E-3,9.997391701E-1,1.773906770E2,1.889345781E-1,-7.780564736E-2,1.773905446E2
1.633570211E2,2.277073131E-2,7.149875746E-4,1.641214592E-3,9.997391105E-1,1.773904409E2,1.898864365E-1,-7.762771314E-2,1.773903080E2
1.633620211E2,2.277094971E-2,7.142513059E-4,1.638502814E-3,9.997391105E-1,1.773904158E2,1.895738650E-1,-7.755039984E-2,1.773902834E2
1.633670211E2,2.277700283E-2,7.119068759E-4,1.628092141E-3,9.997389913E-1,1.773897220E2,1.883755464E-1,-7.730784397E-2,1.773895908E2
1.633720211E2,2.278968372E-2,7.012353162E-4,1.638239599E-3,9.997386932E-1,1.773882685E2,1.895111673E-1,-7.605640145E-2,1.773881386E2
1.633770211E2,2.279222791E-2,7.006768137E-4,1.639457652E-3,9.997386336E-1,1.773879769E2,1.896494446E-1,-7.598875474E-2,1.773878470E2
1.633820211E2,2.278218911E-2,7.082194788E-4,1.630335581E-3,9.997388721E-1,1.773891275E2,1.886233325E-1,-7.687857520E-2,1.773889969E2
1.633870211E2,2.279559282E-2,6.979665486E-4,1.630150597E-3,9.997385740E-1,1.773875912E2,1.885763846E-1,-7.570193695E-2,1.773874625E2
1.633920211E2,2.280832251E-2,6.890180521E-4,1.638648682E-3,9.997382760E-1,1.773861321E2,1.895275144E-1,-7.465216955E-2,1.773860045E2
1.633970211E2,2.278928249E-2,7.015966112E-4,1.643657451E-3,9.997386932E-1,1.773883145E2,1.901327606E-1,-7.608371883E-2,1.773881841E2
1.634020211E2,2.278960073E-2,7.016165764E-4,1.639230642E-3,9.997386932E-1,1.773882780E2,1.896256928E-1,-7.609750675E-2,1.773881479E2
1.634070211E2,2.280065182E-2,6.943654153E-4,1.634040964E-3,9.997384548E-1,1.773870113E2,1.890130456E-1,-7.527826586E-2,1.773868830E2
1.634120211E2,2.279767331E-2,6.964636268E-4,1.638233429E-3,9.997385144E-1,1.773873527E2,1.894986008E-1,-7.550825050E-2,1.773872237E2
1.634170211E2,2.279472403E-2,6.978869205E-4,1.642288174E-3,9.997385740E-1,1.773876908E2,1.899666161E-1,-7.566127253E-2,1.773875612E2
1.634220211E2,2.280276356E-2,6.925963098E-4,1.641773153E-3,9.997383952E-1,1.773867693E2,1.898943963E-1,-7.505498975E-2,1.773866407E2
1.634270211E2,2.279532268E-2,6.981127081E-4,1.633861335E-3,9.997385740E-1,1.773876222E2,1.890018557E-1,-7.570903867E-2,1.773874932E2
1.634320211E2,2.280051980E-2,6.941211177E-4,1.635985798E-3,9.997384548E-1,1.773870265E2,1.892352014E-1,-7.524522208E-2,1.773868981E2
1.634370211E2,2.279507825E-2,6.975746946E-4,1.637497335E-3,9.997385740E-1,1.773876502E2,1.894169790E-1,-7.563795102E-2,1.773875210E2
1.634420211E2,2.278771337E-2,7.044807426E-4,1.627848949E-3,9.997387528E-1,1.773884943E2,1.883291195E-1,-7.645571069E-2,1.773883646E2
1.634470211E2,2.279071503E-2,7.011467824E-4,1.623867545E-3,9.997386932E-1,1.773881503E2,1.878645230E-1,-7.608359969E-2,1.773880215E2
1.634520211E2,2.280358590E-2,6.928517250E-4,1.630202867E-3,9.997383952E-1,1.773866750E2,1.885696106E-1,-7.511433016E-2,1.773865473E2
1.634570211E2,2.278247943E-2,7.065151585E-4,1.627014717E-3,9.997388721E-1,1.773890943E2,1.882384599E-1,-7.669194078E-2,1.773889642E2
1.634620211E2,2.277479662E-2,7.118597860E-4,1.622365438E-3,9.997390509E-1,1.773899749E2,1.877191900E-1,-7.731781128E-2,1.773898441E2
1.634670211E2,2.279319527E-2,6.994635914E-4,1.626475481E-3,9.997386336E-1,1.773878660E2,1.881590852E-1,-7.588349244E-2,1.773877373E2
1.634720211E2,2.278513157E-2,7.060639327E-4,1.626696321E-3,9.997388124E-1,1.773887903E2,1.882010089E-1,-7.664057960E-2,1.773886603E2
1.634770211E2,2.278268817E-2,7.080573123E-4,1.623417484E-3,9.997388721E-1,1.773890703E2,1.878303962E-1,-7.687796500E-2,1.773889402E2
1.634820211E2,2.279075681E-2,7.021656493E-4,1.622840646E-3,9.997386932E-1,1.773881455E2,1.877495438E-1,-7.620299693E-2,1.773880166E2
1.634870211E2,2.279303909E-2,7.008557441E-4,1.628064085E-3,9.997386336E-1,1.773878839E2,1.883447036E-1,-7.603885968E-2,1.773877548E2
1.634920211E2,2.278219192E-2,7.075427566E-4,1.630590181E-3,9.997388721E-1,1.773891272E2,1.886507333E-1,-7.680038352E-2,1.773889967E2
1.634970211E2,2.278796707E-2,7.041885983E-4,1.624420285E-3,9.997387528E-1,1.773884653E2,1.879355812E-1,-7.643114812E-2,1.773883358E2
1.635020211E2,2.279604313E-2,6.985737709E-4,1.623580232E-3,9.997385740E-1,1.773875396E2,1.878252911E-1,-7.578858060E-2,1.773874113E2
1.635070211E2,2.278504706E-2,7.047513500E-4,1.628448372E-3,9.997388124E-1,1.773888000E2,1.883982933E-1,-7.648564904E-2,1.773886701E2
1.635120211E2,2.279050241E-2,7.018434699E-4,1.626548474E-3,9.997386932E-1,1.773881747E2,1.881734592E-1,-7.615645145E-2,1.773880455E2
1.635170211E2,2.278807024E-2,7.035859744E-4,1.623233664E-3,9.997387528E-1,1.773884534E2,1.877980735E-1,-7.636518993E-2,1.773883242E2
1.635220211E2,2.278520472E-2,7.050691056E-4,1.626103069E-3,9.997388124E-1,1.773887819E2,1.881304524E-1,-7.652814583E-2,1.773886522E2
1.635270211E2,2.279305561E-2,6.999325706E-4,1.628229860E-3,9.997386336E-1,1.773878820E2,1.883612849E-1,-7.593266327E-2,1.773877531E2
1.635320211E2,2.279590850E-2,6.972939009E-4,1.626018784E-3,9.997385740E-1,1.773875550E2,1.881013024E-1,-7.563561152E-2,1.773874268E2
1.635370211E2,2.279329061E-2,7.005581283E-4,1.624667319E-3,9.997386336E-1,1.773878551E2,1.879548049E-1,-7.601358947E-2,1.773877263E2
1.635420211E2,2.279566932E-2,6.974206190E-4,1.629314385E-3,9.997385740E-1,1.773875824E2,1.884791661E-1,-7.564156438E-2,1.773874539E2
1.635470211E2,2.279810815E-2,6.966736400E-4,1.632081228E-3,9.997385144E-1,1.773873029E2,1.887943739E-1,-7.554830080E-2,1.773871743E2
1.635520211E2,2.279327605E-2,6.993649877E-4,1.625385485E-3,9.997386336E-1,1.773878567E2,1.880339615E-1,-7.587502816E-2,1.773877282E2
1.635570211E2,2.278820360E-2,7.040122873E-4,1.621175325E-3,9.997387528E-1,1.773884382E2,1.875633895E-1,-7.641937929E-2,1.773883090E2
1.635620211E2,2.279070204E-2,7.014435250E-4,1.623921678E-3,9.997386932E-1,1.773881518E2,1.878714987E-1,-7.611745607E-2,1.773880229E2
1.635670211E2,2.278022354E-2,7.086829282E-4,1.621023053E-3,9.997389317E-1,1.773893528E2,1.875575292E-1,-7.695635047E-2,1.773892228E2
1.635720211E2,2.277256959E-2,7.134774351E-4,1.616174937E-3,9.997391105E-1,1.773902301E2,1.870140431E-1,-7.751970531E-2,1.773900996E2
1.635770211E2,2.278017297E-2,7.097463240E-4,1.621268340E-3,9.997389317E-1,1.773893586E2,1.875884022E-1,-7.707754403E-2,1.773892284E2
1.635820211E2,2.278007590E-2,7.084162207E-4,1.623212826E-3,9.997389317E-1,1.773893698E2,1.878076863E-1,-7.692010722E-2,1.773892396E2
1.635870211E2,2.277481126E-2,7.130319136E-4,1.621645060E-3,9.997390509E-1,1.773899732E2,1.876397227E-1,-7.745396961E-2,1.773898423E2
1.635920211E2,2.276986921E-2,7.154838531E-4,1.616464579E-3,9.997391701E-1,1.773905397E2,1.870522517E-1,-7.774931337E-2,1.773904087E2
1.635970211E2,2.277734793E-2,7.106874837E-4,1.623791177E-3,9.997389913E-1,1.773896824E2,1.878796626E-1,-7.717930979E-2,1.773895518E2
1.636020211E2,2.277159901E-2,7.142433315E-4,1.629457576E-3,9.997391105E-1,1.773903414E2,1.885376534E-1,-7.757296732E-2,1.773902096E2
1.636070211E2,2.277203519E-2,7.138972287E-4,1.623502700E-3,9.997391105E-1,1.773902914E2,1.878545809E-1,-7.754877490E-2,1.773901602E2
1.636120211E2,2.277721497E-2,7.116503548E-4,1.625233912E-3,9.997389913E-1,1.773896977E2,1.880474486E-1,-7.728587708E-2,1.773895668E2
1.636170211E2,2.277394274E-2,7.128735888E-4,1.633866108E-3,9.997390509E-1,1.773900728E2,1.890393106E-1,-7.740409972E-2,1.773899409E2
1.636220211E2,2.276893478E-2,7.163810078E-4,1.629179576E-3,9.997391701E-1,1.773906468E2,1.885111767E-1,-7.781909100E-2,1.773905146E2
1.636270211E2,2.277478874E-2,7.120821392E-4,1.622378477E-3,9.997390509E-1,1.773899758E2,1.877212635E-1,-7.734325190E-2,1.773898450E2
1.636320211E2,2.277195549E-2,7.141771493E-4,1.624497236E-3,9.997391105E-1,1.773903005E2,1.879692414E-1,-7.757826271E-2,1.773901692E2
1.636370211E2,2.276612292E-2,7.181614637E-4,1.631113701E-3,9.997392297E-1,1.773909691E2,1.887371807E-1,-7.801854729E-2,1.773908364E2
1.636420211E2,2.276873250E-2,7.172820042E-4,1.631608349E-3,9.997391701E-1,1.773906700E2,1.887917574E-1,-7.791601159E-2,1.773905374E2
1.636470211E2,2.277172639E-2,7.138839574E-4,1.627834165E-3,9.997391105E-1,1.773903268E2,1.883507439E-1,-7.753600922E-2,1.773901952E2
1.636520211E2,2.276896119E-2,7.159157540E-4,1.629014965E-3,9.997391701E-1,1.773906437E2,1.884911065E-1,-7.776621526E-2,1.773905117E2
1.636570211E2,2.276601235E-2,7.188528543E-4,1.632351894E-3,9.997392297E-1,1.773909817E2,1.888808261E-1,-7.809454471E-2,1.773908489E2
1.636620211E2,2.277399400E-2,7.130135200E-4,1.633090433E-3,9.997390509E-1,1.773900669E2,1.889508168E-1,-7.742214518E-2,1.773899351E2
1.636670211E2,2.277135308E-2,7.149104495E-4,1.632598811E-3,9.997391105E-1,1.773903696E2,1.888992417E-1,-7.764124270E-2,1.773902375E2
1.636720211E2,2.276312665E-2,7.197509403E-4,1.635691384E-3,9.997392893E-1,1.773913125E2,1.892655226E-1,-7.818926480E-2,1.773911792E2
1.636770211E2,2.276328437E-2,7.205259171E-4,1.633153181E-3,9.997392893E-1,1.773912944E2,1.889767749E-1,-7.828463882E-2,1.773911612E2
1.636820211E2,2.276902400E-2,7.170810131E-4,1.627623918E-3,9.997391701E-1,1.773906365E2,1.883347910E-1,-7.790332713E-2,1.773905044E2
1.636870211E2,2.276107203E-2,7.218617247E-4,1.626898884E-3,9.997393489E-1,1.773915480E2,1.882635809E-1,-7.845440293E-2,1.773914150E2
1.636920211E2,2.276853299E-2,7.169695455E-4,1.634527114E-3,9.997391701E-1,1.773906928E2,1.891253063E-1,-7.787263776E-2,1.773905601E2
1.636970211E2,2.277647505E-2,7.118998910E-4,1.635462046E-3,9.997389913E-1,1.773897825E2,1.892197988E-1,-7.728790682E-2,1.773896507E2
1.637020211E2,2.277408956E-2,7.128071156E-4,1.631847466E-3,9.997390509E-1,1.773900559E2,1.888078887E-1,-7.740172504E-2,1.773899243E2
1.637070211E2,2.277674113E-2,7.105710683E-4,1.632331288E-3,9.997389913E-1,1.773897520E2,1.888576846E-1,-7.714379605E-2,1.773896207E2
1.637120211E2,2.277621430E-2,7.108214777E-4,1.639557304E-3,9.997389913E-1,1.773898124E2,1.896861249E-1,-7.715372229E-2,1.773896805E2
1.637170211E2,2.277896328E-2,7.089989958E-4,1.638500486E-3,9.997389317E-1,1.773894973E2,1.895605078E-1,-7.694717284E-2,1.773893658E2
1.637220211E2,2.277375858E-2,7.124728290E-4,1.636605593E-3,9.997390509E-1,1.773900939E2,1.893520914E-1,-7.735107327E-2,1.773899619E2
1.637270211E2,2.277896126E-2,7.094596513E-4,1.638329122E-3,9.997389317E-1,1.773894975E2,1.895420786E-1,-7.700039402E-2,1.773893660E2
1.637320211E2,2.277611354E-2,7.120976225E-4,1.640403061E-3,9.997389913E-1,1.773898239E2,1.897863400E-1,-7.729773121E-2,1.773896917E2
1.637370211E2,2.277636475E-2,7.111712475E-4,1.637314097E-3,9.997389913E-1,1.773897951E2,1.894300631E-1,-7.719961899E-2,1.773896634E2
1.637420211E2,2.277906966E-2,7.101024967E-4,1.636542496E-3,9.997389317E-1,1.773894851E2,1.893390856E-1,-7.707868277E-2,1.773893536E2
1.637470211E2,2.277897360E-2,7.098332280E-4,1.637995709E-3,9.997389317E-1,1.773894961E2,1.895048583E-1,-7.704405961E-2,1.773893645E2
1.637520211E2,2.277647795E-2,7.105204277E-4,1.636021538E-3,9.997389913E-1,1.773897822E2,1.892802947E-1,-7.712841227E-2,1.773896506E2
1.637570211E2,2.277671395E-2,7.119521615E-4,1.632108819E-3,9.997389913E-1,1.773897551E2,1.888358012E-1,-7.730260224E-2,1.773896236E2
1.637620211E2,2.277979553E-2,7.083610399E-4,1.627166755E-3,9.997389317E-1,1.773894019E2,1.882604910E-1,-7.690351651E-2,1.773892714E2
1.637670211E2,2.277938176E-2,7.089166902E-4,1.632708008E-3,9.997389317E-1,1.773894493E2,1.888967271E-1,-7.695278545E-2,1.773893183E2
1.637720211E2,2.276607081E-2,7.183529087E-4,1.631756546E-3,9.997392297E-1,1.773909750E2,1.888113219E-1,-7.803881226E-2,1.773908423E2
1.637770211E2,2.276365014E-2,7.198459352E-4,1.628347789E-3,9.997392893E-1,1.773912525E2,1.884245138E-1,-7.821920541E-2,1.773911198E2
1.637820211E2,2.276620939E-2,7.178465021E-4,1.630045124E-3,9.997392297E-1,1.773909592E2,1.886139473E-1,-7.798523628E-2,1.773908267E2
1.637870211E2,2.275796755E-2,7.241601706E-4,1.632669941E-3,9.997394085E-1,1.773919039E2,1.889304767E-1,-7.870325056E-2,1.773917699E2
1.637920211E2,2.275553571E-2,7.255413220E-4,1.629451523E-3,9.997394681E-1,1.773921826E2,1.885651785E-1,-7.887033001E-2,1.773920487E2
1.637970211E2,2.275850304E-2,7.237704704E-4,1.625361969E-3,9.997394085E-1,1.773918425E2,1.880922857E-1,-7.867756432E-2,1.773917092E2
1.638020211E2,2.276352236E-2,7.206168957E-4,1.629792503E-3,9.997392893E-1,1.773912672E2,1.885920246E-1,-7.830378331E-2,1.773911341E2
1.638070211E2,2.275807308E-2,7.233114447E-4,1.631574822E-3,9.997394085E-1,1.773918918E2,1.888028121E-1,-7.860885519E-2,1.773917581E2
1.638120211E2,2.276091218E-2,7.215783116E-4,1.629259204E-3,9.997393489E-1,1.773915663E2,1.885332323E-1,-7.841580821E-2,1.773914332E2
1.638170211E2,2.276656867E-2,7.177461521E-4,1.625063713E-3,9.997392297E-1,1.773909180E2,1.880430326E-1,-7.798666870E-2,1.773907859E2
1.638220211E2,2.276096200E-2,7.214033394E-4,1.628640573E-3,9.997393489E-1,1.773915606E2,1.884619081E-1,-7.839736730E-2,1.773914275E2
1.638270211E2,2.276604707E-2,7.182935951E-4,1.632113941E-3,9.997392297E-1,1.773909778E2,1.888521092E-1,-7.803108925E-2,1.773908450E2
1.638320211E2,2.276612742E-2,7.176533109E-4,1.631274587E-3,9.997392297E-1,1.773909686E2,1.887542866E-1,-7.795991183E-2,1.773908360E2
1.638370211E2,2.276889033E-2,7.171810139E-4,1.629448845E-3,9.997391701E-1,1.773906519E2,1.885441089E-1,-7.791004687E-2,1.773905195E2
1.638420211E2,2.278204514E-2,7.081149961E-4,1.632391475E-3,9.997388721E-1,1.773891440E2,1.888585762E-1,-7.686126519E-2,1.773890132E2
1.638470211E2,2.278232014E-2,7.068879786E-4,1.629082020E-3,9.997388721E-1,1.773891125E2,1.884762556E-1,-7.672928436E-2,1.773889822E2
1.638520211E2,2.277994563E-2,7.088776911E-4,1.624838798E-3,9.997389317E-1,1.773893847E2,1.879951558E-1,-7.696875387E-2,1.773892543E2
1.638570211E2,2.277957224E-2,7.099036593E-4,1.629618579E-3,9.997389317E-1,1.773894275E2,1.885453871E-1,-7.707388321E-2,1.773892966E2
1.638620211E2,2.278246819E-2,7.065277314E-4,1.627166755E-3,9.997388721E-1,1.773890956E2,1.882559097E-1,-7.669298632E-2,1.773889655E2
1.638670211E2,2.277974381E-2,7.089734427E-4,1.627624035E-3,9.997389317E-1,1.773894078E2,1.883144727E-1,-7.697249042E-2,1.773892772E2
1.638720211E2,2.278539326E-2,7.055277238E-4,1.623259857E-3,9.997388124E-1,1.773887603E2,1.878059404E-1,-7.658807446E-2,1.773886307E2
1.638770211E2,2.278265694E-2,7.067492697E-4,1.624425407E-3,9.997388721E-1,1.773890739E2,1.879424482E-1,-7.672548779E-2,1.773889440E2
1.638820211E2,2.277172715E-2,7.143999683E-4,1.627597027E-3,9.997391105E-1,1.773903267E2,1.883249237E-1,-7.759574299E-2,1.773901951E2
1.638870211E2,2.276928763E-2,7.162116235E-4,1.624315395E-3,9.997391701E-1,1.773906063E2,1.879535114E-1,-7.781231164E-2,1.773904746E2
1.638920211E2,2.277508965E-2,7.129242877E-4,1.617777976E-3,9.997390509E-1,1.773899413E2,1.871964422E-1,-7.745168051E-2,1.773898107E2
1.638970211E2,2.276958449E-2,7.156149368E-4,1.620412339E-3,9.997391701E-1,1.773905723E2,1.875048352E-1,-7.775408277E-2,1.773904410E2
1.639020211E2,2.276907798E-2,7.155976491E-4,1.627521706E-3,9.997391701E-1,1.773906304E2,1.883192146E-1,-7.773364693E-2,1.773904985E2
1.639070211E2,2.276393869E-2,7.193044294E-4,1.624548808E-3,9.997392893E-1,1.773912194E2,1.879879043E-1,-7.816702555E-2,1.773910871E2
1.639120211E2,2.277239668E-2,7.150628371E-4,1.617909642E-3,9.997391105E-1,1.773902500E2,1.872168989E-1,-7.769683704E-2,1.773901189E2
1.639170211E2,2.276732565E-2,7.179861423E-4,1.614316949E-3,9.997392297E-1,1.773908312E2,1.868125462E-1,-7.804205916E-2,1.773906999E2
1.639220211E2,2.276195157E-2,7.225141162E-4,1.614254783E-3,9.997393489E-1,1.773914472E2,1.868168171E-1,-7.856195809E-2,1.773913150E2
1.639270211E2,2.276222372E-2,7.217149250E-4,1.610770938E-3,9.997393489E-1,1.773914160E2,1.864156370E-1,-7.847943809E-2,1.773912843E2
1.639320211E2,2.276729314E-2,7.171738544E-4,1.615136396E-3,9.997392297E-1,1.773908349E2,1.869043018E-1,-7.794687013E-2,1.773907037E2
1.639370211E2,2.276475174E-2,7.203982095E-4,1.612627413E-3,9.997392893E-1,1.773911262E2,1.866250818E-1,-7.832327836E-2,1.773909946E2
1.639420211E2,2.275987044E-2,7.231815835E-4,1.606366015E-3,9.997394085E-1,1.773916857E2,1.859146408E-1,-7.865938887E-2,1.773915541E2
1.639470211E2,2.276258552E-2,7.218741230E-4,1.605578465E-3,9.997393489E-1,1.773913745E2,1.858212202E-1,-7.851115337E-2,1.773912432E2
1.639520211E2,2.276514652E-2,7.197922678E-4,1.607316197E-3,9.997392893E-1,1.773910810E2,1.860150677E-1,-7.826764298E-2,1.773909499E2
1.639570211E2,2.276284283E-2,7.210401818E-4,1.602301956E-3,9.997393489E-1,1.773913450E2,1.854437010E-1,-7.842411479E-2,1.773912141E2
1.639620211E2,2.276331609E-2,7.216545055E-4,1.595286652E-3,9.997393489E-1,1.773912908E2,1.846416530E-1,-7.851270524E-2,1.773911603E2
1.639670211E2,2.276869502E-2,7.165841525E-4,1.595517155E-3,9.997392297E-1,1.773906743E2,1.846552512E-1,-7.793024200E-2,1.773905447E2
1.639720211E2,2.277378758E-2,7.142435643E-4,1.598578179E-3,9.997391105E-1,1.773900905E2,1.850002164E-1,-7.765317087E-2,1.773899612E2
1.639770211E2,2.276884997E-2,7.175638457E-4,1.592863351E-3,9.997392297E-1,1.773906565E2,1.843537946E-1,-7.804937315E-2,1.773905269E2
1.639820211E2,2.276607576E-2,7.190822507E-4,1.594420755E-3,9.997392893E-1,1.773909745E2,1.845359592E-1,-7.821977267E-2,1.773908445E2
1.639870211E2,2.277140708E-2,7.159601664E-4,1.594440197E-3,9.997391701E-1,1.773903634E2,1.845304556E-1,-7.786106652E-2,1.773902340E2
1.639920211E2,2.276886828E-2,7.172175683E-4,1.592757646E-3,9.997392297E-1,1.773906544E2,1.843407826E-1,-7.800997545E-2,1.773905249E2
1.639970211E2,2.275834941E-2,7.248609327E-4,1.589979976E-3,9.997394681E-1,1.773918601E2,1.840416823E-1,-7.889479652E-2,1.773917294E2
1.640020211E2,2.276645016E-2,7.193769561E-4,1.588932471E-3,9.997392893E-1,1.773909316E2,1.839080083E-1,-7.826778432E-2,1.773908020E2
1.640070211E2,2.276917523E-2,7.176214131E-4,1.588181243E-3,9.997392297E-1,1.773906192E2,1.838175782E-1,-7.806812516E-2,1.773904900E2
1.640120211E2,2.276917805E-2,7.177317166E-4,1.588090905E-3,9.997392297E-1,1.773906189E2,1.838075169E-1,-7.808099692E-2,1.773904897E2
1.640170211E2,2.276134868E-2,7.231749478E-4,1.585285529E-3,9.997394085E-1,1.773915163E2,1.834997151E-1,-7.871333998E-2,1.773913863E2
1.640220211E2,2.275598283E-2,7.258150727E-4,1.585934195E-3,9.997395277E-1,1.773921313E2,1.835804907E-1,-7.901509064E-2,1.773920008E2
1.640270211E2,2.275590965E-2,7.266681059E-4,1.586593571E-3,9.997395277E-1,1.773921397E2,1.836582492E-1,-7.911110957E-2,1.773920090E2
1.640320211E2,2.275577411E-2,7.266988978E-4,1.588522224E-3,9.997395277E-1,1.773921553E2,1.838792693E-1,-7.910963258E-2,1.773920243E2
1.640370211E2,2.275345649E-2,7.289116620E-4,1.583185629E-3,9.997395873E-1,1.773924209E2,1.832734847E-1,-7.937747214E-2,1.773922900E2
1.640420211E2,2.275648954E-2,7.263810840E-4,1.578386524E-3,9.997395277E-1,1.773920733E2,1.827173299E-1,-7.909952393E-2,1.773919432E2
1.640470211E2,2.275652438E-2,7.270752685E-4,1.577564282E-3,9.997395277E-1,1.773920693E2,1.826249454E-1,-7.918118884E-2,1.773919391E2
1.640520211E2,2.275642002E-2,7.268014597E-4,1.579195028E-3,9.997395277E-1,1.773920812E2,1.828110447E-1,-7.914558718E-2,1.773919510E2
1.640570211E2,2.275104727E-2,7.293255185E-4,1.579976408E-3,9.997396469E-1,1.773926971E2,1.829067173E-1,-7.943369306E-2,1.773925663E2
1.640620211E2,2.275884256E-2,7.238851977E-4,1.583351986E-3,9.997394681E-1,1.773918036E2,1.832798597E-1,-7.880021032E-2,1.773916736E2
1.640670211E2,2.276669894E-2,7.199082756E-4,1.585122664E-3,9.997392893E-1,1.773909030E2,1.834729546E-1,-7.833854725E-2,1.773907737E2
1.640720211E2,2.275863592E-2,7.254480151E-4,1.585605205E-3,9.997394681E-1,1.773918272E2,1.835420532E-1,-7.897341074E-2,1.773916968E2
1.640770211E2,2.275631147E-2,7.265673485E-4,1.580866054E-3,9.997395277E-1,1.773920937E2,1.830018618E-1,-7.911442911E-2,1.773919634E2
1.640820211E2,2.276429413E-2,7.210045005E-4,1.581565477E-3,9.997393489E-1,1.773911787E2,1.830681075E-1,-7.847385375E-2,1.773910494E2
1.640870211E2,2.275858951E-2,7.252381183E-4,1.586367260E-3,9.997394681E-1,1.773918326E2,1.836288047E-1,-7.894738561E-2,1.773917021E2
1.640920211E2,2.275082251E-2,7.293365197E-4,1.583204488E-3,9.997396469E-1,1.773927228E2,1.832765439E-1,-7.942657829E-2,1.773925918E2
1.640970211E2,2.275910149E-2,7.248737966E-4,1.579172327E-3,9.997394681E-1,1.773917739E2,1.828036282E-1,-7.892431959E-2,1.773916440E2
1.641020211E2,2.275646226E-2,7.259246195E-4,1.578989672E-3,9.997395277E-1,1.773920764E2,1.827852351E-1,-7.904566263E-2,1.773919464E2
1.641070211E2,2.275354494E-2,7.273408701E-4,1.582636847E-3,9.997395873E-1,1.773924108E2,1.832065258E-1,-7.919893418E-2,1.773922802E2
1.641120211E2,2.275337373E-2,7.274216623E-4,1.585059217E-3,9.997395873E-1,1.773924304E2,1.834842348E-1,-7.920190497E-2,1.773922996E2
1.641170211E2,2.275324854E-2,7.282272563E-4,1.586485771E-3,9.997395873E-1,1.773924448E2,1.836497546E-1,-7.929049854E-2,1.773923137E2
1.641220211E2,2.275030841E-2,7.304066676E-4,1.590083819E-3,9.997396469E-1,1.773927818E2,1.840674040E-1,-7.953133528E-2,1.773926500E2
1.641270211E2,2.275587451E-2,7.262333529E-4,1.587296487E-3,9.997395277E-1,1.773921438E2,1.837376401E-1,-7.905947691E-2,1.773920130E2
1.641320211E2,2.275583461E-2,7.271633949E-4,1.587442704E-3,9.997395277E-1,1.773921483E2,1.837568135E-1,-7.916565019E-2,1.773920174E2
1.641370211E2,2.275591393E-2,7.262288127E-4,1.586733270E-3,9.997395277E-1,1.773921392E2,1.836731080E-1,-7.906041828E-2,1.773920085E2
1.641420211E2,2.276075378E-2,7.237590617E-4,1.593538909E-3,9.997394085E-1,1.773915845E2,1.844467165E-1,-7.875883878E-2,1.773914537E2
1.641470211E2,2.276083437E-2,7.235123776E-4,1.592499437E-3,9.997394085E-1,1.773915753E2,1.843269953E-1,-7.873327465E-2,1.773914446E2
1.641520211E2,2.275541853E-2,7.268717163E-4,1.593529014E-3,9.997395277E-1,1.773921960E2,1.844532803E-1,-7.911644010E-2,1.773920647E2
1.641570211E2,2.275800818E-2,7.249860791E-4,1.594799920E-3,9.997394681E-1,1.773918992E2,1.845941647E-1,-7.889662587E-2,1.773917681E2
1.641620211E2,2.276827142E-2,7.167916629E-4,1.601457712E-3,9.997392297E-1,1.773907228E2,1.853363223E-1,-7.793859296E-2,1.773905927E2
1.641670211E2,2.275976097E-2,7.242485299E-4,1.607436105E-3,9.997394085E-1,1.773916983E2,1.860400070E-1,-7.877884945E-2,1.773915663E2
1.641720211E2,2.275207978E-2,7.287623012E-4,1.602916862E-3,9.997395873E-1,1.773925787E2,1.855334378E-1,-7.930916761E-2,1.773924463E2
1.641770211E2,2.276017500E-2,7.229290786E-4,1.602158998E-3,9.997394085E-1,1.773916508E2,1.854320414E-1,-7.864137783E-2,1.773915195E2
1.641820211E2,2.276065652E-2,7.227359456E-4,1.595391310E-3,9.997394085E-1,1.773915956E2,1.846562549E-1,-7.863681512E-2,1.773914649E2
1.641870211E2,2.275287267E-2,7.286574692E-4,1.591670443E-3,9.997395873E-1,1.773924878E2,1.842448137E-1,-7.932633489E-2,1.773923563E2
1.641920211E2,2.275540219E-2,7.263728185E-4,1.593989669E-3,9.997395277E-1,1.773921979E2,1.845047516E-1,-7.905808724E-2,1.773920666E2
1.641970211E2,2.276856914E-2,7.169470191E-4,1.597149647E-3,9.997392297E-1,1.773906887E2,1.848432100E-1,-7.796757634E-2,1.773905589E2
1.642020211E2,2.277121175E-2,7.154009072E-4,1.597477938E-3,9.997391701E-1,1.773903858E2,1.848769908E-1,-7.778910582E-2,1.773902563E2
1.642070211E2,2.276324550E-2,7.213877980E-4,1.596414135E-3,9.997393489E-1,1.773912989E2,1.847701184E-1,-7.847922264E-2,1.773911683E2
1.642120211E2,2.276302743E-2,7.212678320E-4,1.599574694E-3,9.997393489E-1,1.773913239E2,1.851318686E-1,-7.845727484E-2,1.773911931E2
1.642170211E2,2.276572677E-2,7.189998287E-4,1.599433133E-3,9.997392893E-1,1.773910145E2,1.851099454E-1,-7.819731791E-2,1.773908841E2
1.642220211E2,2.276063065E-2,7.232379285E-4,1.595532871E-3,9.997394085E-1,1.773915986E2,1.846737799E-1,-7.869395870E-2,1.773914678E2
1.642270211E2,2.275528395E-2,7.264127489E-4,1.595658599E-3,9.997395277E-1,1.773922114E2,1.846960425E-1,-7.905833150E-2,1.773920800E2
1.642320211E2,2.276073632E-2,7.227899041E-4,1.594227972E-3,9.997394085E-1,1.773915865E2,1.845231275E-1,-7.864601632E-2,1.773914559E2
1.642370211E2,2.276368670E-2,7.205320289E-4,1.590498607E-3,9.997393489E-1,1.773912483E2,1.840902251E-1,-7.839653431E-2,1.773911184E2
1.642420211E2,2.276666363E-2,7.194780046E-4,1.585824997E-3,9.997392893E-1,1.773909071E2,1.835522899E-1,-7.828742875E-2,1.773907777E2
1.642470211E2,2.276126060E-2,7.219706313E-4,1.587098115E-3,9.997394085E-1,1.773915264E2,1.837042202E-1,-7.857065963E-2,1.773913965E2
1.642520211E2,2.276655847E-2,7.186589064E-4,1.587704988E-3,9.997392893E-1,1.773909191E2,1.837655202E-1,-7.818870587E-2,1.773907898E2
1.642570211E2,2.277200523E-2,7.161151152E-4,1.585804508E-3,9.997391701E-1,1.773902948E2,1.835415843E-1,-7.790124311E-2,1.773901661E2
1.642620211E2,2.275897955E-2,7.237846730E-4,1.581427641E-3,9.997394681E-1,1.773917879E2,1.830591513E-1,-7.879368785E-2,1.773916580E2
1.642670211E2,2.275898865E-2,7.245391607E-4,1.580951037E-3,9.997394681E-1,1.773917868E2,1.830065192E-1,-7.888136466E-2,1.773916569E2
1.642720211E2,2.276145152E-2,7.231749478E-4,1.583808218E-3,9.997394085E-1,1.773915045E2,1.833304794E-1,-7.871717452E-2,1.773913746E2
1.642770211E2,2.275370388E-2,7.275470416E-4,1.580255106E-3,9.997395873E-1,1.773923926E2,1.829342188E-1,-7.922873486E-2,1.773922621E2
1.642820211E2,2.275130859E-2,7.303502643E-4,1.575734466E-3,9.997396469E-1,1.773926671E2,1.824234443E-1,-7.956210172E-2,1.773925365E2
1.642870211E2,2.274847318E-2,7.317416021E-4,1.578206895E-3,9.997397065E-1,1.773929921E2,1.827100928E-1,-7.971556781E-2,1.773928611E2
1.642920211E2,2.275364600E-2,7.279308629E-4,1.580911689E-3,9.997395873E-1,1.773923992E2,1.830104346E-1,-7.927100465E-2,1.773922686E2
1.642970211E2,2.275660754E-2,7.269600756E-4,1.576417359E-3,9.997395277E-1,1.773920597E2,1.824932576E-1,-7.917096794E-2,1.773919297E2
1.643020211E2,2.275148433E-2,7.301326841E-4,1.573295915E-3,9.997396469E-1,1.773926470E2,1.821435253E-1,-7.954350122E-2,1.773925166E2
1.643070211E2,2.275686691E-2,7.267190958E-4,1.572780078E-3,9.997395277E-1,1.773920300E2,1.820759551E-1,-7.915279912E-2,1.773919003E2
1.643120211E2,2.275644184E-2,7.256987737E-4,1.579387696E-3,9.997395277E-1,1.773920787E2,1.828302429E-1,-7.901875510E-2,1.773919487E2
1.643170211E2,2.275359777E-2,7.278181729E-4,1.581657561E-3,9.997395873E-1,1.773924047E2,1.830955857E-1,-7.925615864E-2,1.773922741E2
1.643220211E2,2.275093597E-2,7.306905463E-4,1.580948127E-3,9.997396469E-1,1.773927098E2,1.830215899E-1,-7.958755997E-2,1.773925788E2
1.643270211E2,2.275608147E-2,7.262423169E-4,1.584322425E-3,9.997395277E-1,1.773921200E2,1.833969650E-1,-7.906822153E-2,1.773919895E2
1.643320211E2,2.275610743E-2,7.257339894E-4,1.584182610E-3,9.997395277E-1,1.773921171E2,1.833796238E-1,-7.901034649E-2,1.773919867E2
1.643370211E2,2.275084261E-2,7.297425182E-4,1.582728466E-3,9.997396469E-1,1.773927205E2,1.832230700E-1,-7.947432759E-2,1.773925895E2
1.643420211E2,2.275078193E-2,7.294386160E-4,1.583740464E-3,9.997396469E-1,1.773927275E2,1.833382094E-1,-7.943688467E-2,1.773925964E2
1.643470211E2,2.276121606E-2,7.231737254E-4,1.587189035E-3,9.997394085E-1,1.773915315E2,1.837177712E-1,-7.870825922E-2,1.773914013E2
1.643520211E2,2.275825205E-2,7.249792689E-4,1.591319102E-3,9.997394681E-1,1.773918712E2,1.841953963E-1,-7.890487875E-2,1.773917404E2
1.643570211E2,2.275324124E-2,7.283680025E-4,1.586525934E-3,9.997395873E-1,1.773924456E2,1.836547222E-1,-7.930651928E-2,1.773923145E2
1.643620211E2,2.275042612E-2,7.292951341E-4,1.588909305E-3,9.997396469E-1,1.773927683E2,1.839299604E-1,-7.940703648E-2,1.773926368E2
1.643670211E2,2.274468528E-2,7.338902215E-4,1.593967783E-3,9.997397661E-1,1.773934263E2,1.845209927E-1,-7.992132925E-2,1.773932936E2
1.643720211E2,2.273927363E-2,7.384383935E-4,1.594309695E-3,9.997398853E-1,1.773940466E2,1.845715834E-1,-8.044248387E-2,1.773939130E2
1.643770211E2,2.274183986E-2,7.357682334E-4,1.596315415E-3,9.997398257E-1,1.773937524E2,1.847946098E-1,-8.013088454E-2,1.773936192E2
1.643820211E2,2.274701995E-2,7.315129042E-4,1.599120675E-3,9.997397065E-1,1.773931587E2,1.851053079E-1,-7.963511632E-2,1.773930260E2
1.643870211E2,2.274968425E-2,7.301090518E-4,1.599124866E-3,9.997396469E-1,1.773928533E2,1.851023400E-1,-7.947378427E-2,1.773927209E2
1.643920211E2,2.275491127E-2,7.270864444E-4,1.600658637E-3,9.997395277E-1,1.773922542E2,1.852705849E-1,-7.912254171E-2,1.773921222E2
1.643970211E2,2.275780160E-2,7.253479562E-4,1.597580849E-3,9.997394681E-1,1.773919229E2,1.849136814E-1,-7.893086866E-2,1.773917915E2
1.644020211E2,2.276323071E-2,7.219911204E-4,1.596352318E-3,9.997393489E-1,1.773913006E2,1.847646094E-1,-7.854850429E-2,1.773911699E2
1.644070211E2,2.276609562E-2,7.185572176E-4,1.594373956E-3,9.997392893E-1,1.773909722E2,1.845292295E-1,-7.815974240E-2,1.773908423E2
1.644120211E2,2.276323242E-2,7.219048566E-4,1.596366870E-3,9.997393489E-1,1.773913004E2,1.847660516E-1,-7.853858349E-2,1.773911697E2
1.644170211E2,2.276073567E-2,7.228155155E-4,1.594225643E-3,9.997394085E-1,1.773915866E2,1.845229275E-1,-7.864895660E-2,1.773914559E2
1.644220211E2,2.276891532E-2,7.181355031E-4,1.591671258E-3,9.997392297E-1,1.773906490E2,1.842187228E-1,-7.811796164E-2,1.773905194E2
1.644270211E2,2.276891658E-2,7.176947547E-4,1.591851935E-3,9.997392297E-1,1.773906489E2,1.842382714E-1,-7.806699708E-2,1.773905194E2
1.644320211E2,2.276363282E-2,7.219442632E-4,1.590629341E-3,9.997393489E-1,1.773912545E2,1.841088825E-1,-7.855799121E-2,1.773911243E2
1.644370211E2,2.276627509E-2,7.198158419E-4,1.591240405E-3,9.997392893E-1,1.773909516E2,1.841735414E-1,-7.831207474E-2,1.773908218E2
1.644420211E2,2.277698620E-2,7.111411542E-4,1.591651002E-3,9.997390509E-1,1.773897239E2,1.841987745E-1,-7.731524279E-2,1.773895957E2
1.644470211E2,2.277441970E-2,7.139527006E-4,1.589677879E-3,9.997391105E-1,1.773900181E2,1.839798695E-1,-7.764296086E-2,1.773898895E2
1.644520211E2,2.277688326E-2,7.125531556E-4,1.592492452E-3,9.997390509E-1,1.773897357E2,1.842988507E-1,-7.747482672E-2,1.773896071E2
1.644570211E2,2.277950314E-2,7.095942274E-4,1.593758469E-3,9.997389913E-1,1.773894354E2,1.844363662E-1,-7.713205902E-2,1.773893073E2
1.644620211E2,2.277915169E-2,7.096378249E-4,1.598754432E-3,9.997389913E-1,1.773894757E2,1.850088007E-1,-7.712407685E-2,1.773893472E2
1.644670211E2,2.278202306E-2,7.091534208E-4,1.595323905E-3,9.997389317E-1,1.773891466E2,1.846147493E-1,-7.707700760E-2,1.773890184E2
1.644720211E2,2.277134785E-2,7.154412451E-4,1.595518668E-3,9.997391701E-1,1.773903702E2,1.846526486E-1,-7.779881462E-2,1.773902408E2
1.644770211E2,2.277413413E-2,7.140265079E-4,1.593730762E-3,9.997391105E-1,1.773900508E2,1.844443466E-1,-7.764089146E-2,1.773899219E2
1.644820211E2,2.277361661E-2,7.142616669E-4,1.601003925E-3,9.997391105E-1,1.773901101E2,1.852781488E-1,-7.764894567E-2,1.773899806E2
1.644870211E2,2.276811006E-2,7.173221093E-4,1.603513025E-3,9.997392297E-1,1.773907413E2,1.855731547E-1,-7.799402907E-2,1.773906110E2
1.644920211E2,2.276847123E-2,7.178715896E-4,1.598129747E-3,9.997392297E-1,1.773906999E2,1.849578973E-1,-7.807095754E-2,1.773905699E2
1.644970211E2,2.277627819E-2,7.123294054E-4,1.601222670E-3,9.997390509E-1,1.773898051E2,1.852983714E-1,-7.742651829E-2,1.773896759E2
1.645020211E2,2.277830472E-2,7.110981969E-4,1.610132516E-3,9.997389913E-1,1.773895728E2,1.863160445E-1,-7.726183567E-2,1.773894431E2
1.645070211E2,2.277581548E-2,7.113949978E-4,1.608204446E-3,9.997390509E-1,1.773898581E2,1.860957431E-1,-7.730133395E-2,1.773897285E2
1.645120211E2,2.278236545E-2,7.089974824E-4,1.590496278E-3,9.997389317E-1,1.773891073E2,1.840613058E-1,-7.707168378E-2,1.773889796E2
1.645170211E2,2.278175519E-2,7.078590570E-4,1.599718002E-3,9.997389317E-1,1.773891773E2,1.851147458E-1,-7.691730078E-2,1.773890490E2
1.645220211E2,2.277967428E-2,7.104344550E-4,1.590935630E-3,9.997389913E-1,1.773894158E2,1.841151829E-1,-7.723565434E-2,1.773892877E2
1.645270211E2,2.277773137E-2,7.107179263E-4,1.581141609E-3,9.997390509E-1,1.773896385E2,1.829937497E-1,-7.729405211E-2,1.773895111E2
1.645320211E2,2.279057900E-2,7.026890526E-4,1.588018495E-3,9.997387528E-1,1.773881659E2,1.837616015E-1,-7.635393867E-2,1.773880395E2
1.645370211E2,2.278458306E-2,7.057087496E-4,1.597641851E-3,9.997388721E-1,1.773888531E2,1.848715002E-1,-7.667585527E-2,1.773887255E2
1.645420211E2,2.278447882E-2,7.062896620E-4,1.598871313E-3,9.997388721E-1,1.773888651E2,1.850138588E-1,-7.673921467E-2,1.773887372E2
1.645470211E2,2.278988768E-2,7.035968010E-4,1.597509719E-3,9.997387528E-1,1.773882451E2,1.848512535E-1,-7.643327107E-2,1.773881178E2
1.645520211E2,2.279519699E-2,6.997958990E-4,1.598030678E-3,9.997386336E-1,1.773876366E2,1.849014116E-1,-7.599549087E-2,1.773875100E2
1.645570211E2,2.279751279E-2,6.977839512E-4,1.603155863E-3,9.997385740E-1,1.773873711E2,1.854834822E-1,-7.575118080E-2,1.773872445E2
1.645620211E2,2.279270119E-2,7.016879390E-4,1.595509588E-3,9.997386932E-1,1.773879226E2,1.846173432E-1,-7.621929276E-2,1.773877959E2
1.645670211E2,2.278767133E-2,7.049021078E-4,1.591237262E-3,9.997388124E-1,1.773884992E2,1.841359077E-1,-7.659959893E-2,1.773883721E2
1.645720211E2,2.278775086E-2,7.036327152E-4,1.590660075E-3,9.997388124E-1,1.773884901E2,1.840664748E-1,-7.645566781E-2,1.773883633E2
1.645770211E2,2.279303224E-2,7.016787422E-4,1.590777305E-3,9.997386932E-1,1.773878847E2,1.840752046E-1,-7.623053884E-2,1.773877583E2
1.645820211E2,2.278523792E-2,7.059035706E-4,1.588188461E-3,9.997388721E-1,1.773887781E2,1.837890596E-1,-7.672273720E-2,1.773886511E2
1.645870211E2,2.278518735E-2,7.070837310E-4,1.588389045E-3,9.997388721E-1,1.773887839E2,1.838151168E-1,-7.685742390E-2,1.773886566E2
1.645920211E2,2.279033292E-2,7.025841041E-4,1.591592561E-3,9.997387528E-1,1.773881941E2,1.841707609E-1,-7.633262641E-2,1.773880675E2
1.645970211E2,2.278784452E-2,7.048526313E-4,1.588777173E-3,9.997388124E-1,1.773884793E2,1.838539590E-1,-7.660032326E-2,1.773883525E2
1.646020211E2,2.278566280E-2,7.055577589E-4,1.582235331E-3,9.997388721E-1,1.773887294E2,1.831061865E-1,-7.669858698E-2,1.773886029E2
1.646070211E2,2.279893307E-2,6.968228845E-4,1.583252684E-3,9.997385740E-1,1.773872083E2,1.832009309E-1,-7.569281685E-2,1.773870834E2
1.646120211E2,2.280151810E-2,6.952315453E-4,1.584362355E-3,9.997385144E-1,1.773869120E2,1.833240942E-1,-7.550713715E-2,1.773867873E2
1.646170211E2,2.278810142E-2,7.035846356E-4,1.585651422E-3,9.997388124E-1,1.773884499E2,1.834925747E-1,-7.646317507E-2,1.773883235E2
1.646220211E2,2.279586757E-2,6.981502520E-4,1.589160296E-3,9.997386336E-1,1.773875597E2,1.838809545E-1,-7.583001130E-2,1.773874341E2
1.646270211E2,2.280623989E-2,6.908150390E-4,1.593527966E-3,9.997383952E-1,1.773863708E2,1.843629375E-1,-7.497635456E-2,1.773862462E2
1.646320211E2,2.279827074E-2,6.973990821E-4,1.592509449E-3,9.997385740E-1,1.773872842E2,1.842628596E-1,-7.573476398E-2,1.773871585E2
1.646370211E2,2.279008249E-2,7.032075664E-4,1.594899804E-3,9.997387528E-1,1.773882228E2,1.845512547E-1,-7.639545995E-2,1.773880958E2
1.646420211E2,2.279554266E-2,6.986625376E-4,1.593589666E-3,9.997386336E-1,1.773875969E2,1.843897057E-1,-7.587718848E-2,1.773874709E2
1.646470211E2,2.279824232E-2,6.968145026E-4,1.593172085E-3,9.997385740E-1,1.773872875E2,1.843372430E-1,-7.566606761E-2,1.773871618E2
1.646520211E2,2.279863502E-2,6.974947173E-4,1.587243751E-3,9.997385740E-1,1.773872425E2,1.836598883E-1,-7.575941044E-2,1.773871171E2
1.646570211E2,2.279030009E-2,7.018888136E-4,1.592369284E-3,9.997387528E-1,1.773881979E2,1.842579253E-1,-7.625095024E-2,1.773880713E2
1.646620211E2,2.279557252E-2,6.992371054E-4,1.592910266E-3,9.997386336E-1,1.773875935E2,1.843133757E-1,-7.594478121E-2,1.773874674E2
1.646670211E2,2.279540540E-2,6.986166118E-4,1.595571986E-3,9.997386336E-1,1.773876127E2,1.846166739E-1,-7.586677406E-2,1.773874865E2
1.646720211E2,2.280096705E-2,6.956779398E-4,1.592078013E-3,9.997385144E-1,1.773869752E2,1.842091402E-1,-7.553821744E-2,1.773868498E2
1.646770211E2,2.279587086E-2,6.983460626E-4,1.589027001E-3,9.997386336E-1,1.773875593E2,1.838661957E-1,-7.585279129E-2,1.773874337E2
1.646820211E2,2.280149769E-2,6.958300946E-4,1.584393322E-3,9.997385144E-1,1.773869144E2,1.833292044E-1,-7.557563078E-2,1.773867895E2
1.646870211E2,2.279611310E-2,6.992670242E-4,1.585142105E-3,9.997386336E-1,1.773875316E2,1.834235588E-1,-7.596840242E-2,1.773874060E2
1.646920211E2,2.278015790E-2,7.090224535E-4,1.584628248E-3,9.997389913E-1,1.773893604E2,1.833889472E-1,-7.709026970E-2,1.773892331E2
1.646970211E2,2.278825117E-2,7.041938952E-4,1.583226956E-3,9.997388124E-1,1.773884327E2,1.832164257E-1,-7.653927680E-2,1.773883064E2
1.647020211E2,2.279057744E-2,7.027356187E-4,1.588020357E-3,9.997387528E-1,1.773881661E2,1.837619364E-1,-7.635926878E-2,1.773880397E2
1.647070211E2,2.278817258E-2,7.042399375E-4,1.584337209E-3,9.997388124E-1,1.773884417E2,1.833437327E-1,-7.654166650E-2,1.773883153E2
1.647120211E2,2.278288169E-2,7.088404964E-4,1.583154663E-3,9.997389317E-1,1.773890482E2,1.832198652E-1,-7.707277206E-2,1.773889210E2
1.647170211E2,2.277736272E-2,7.117398782E-4,1.585985185E-3,9.997390509E-1,1.773896808E2,1.835512789E-1,-7.739855332E-2,1.773895528E2
1.647220211E2,2.277698131E-2,7.120574010E-4,1.591311302E-3,9.997390509E-1,1.773897245E2,1.841622492E-1,-7.742109716E-2,1.773895961E2
1.647270211E2,2.277407330E-2,7.145882701E-4,1.594348112E-3,9.997391105E-1,1.773900578E2,1.845165331E-1,-7.770364792E-2,1.773899287E2
1.647320211E2,2.277439456E-2,7.129712030E-4,1.590478350E-3,9.997391105E-1,1.773900210E2,1.840690094E-1,-7.752843431E-2,1.773898925E2
1.647370211E2,2.277444883E-2,7.145295967E-4,1.589001273E-3,9.997391105E-1,1.773900147E2,1.839038642E-1,-7.771081157E-2,1.773898861E2
1.647420211E2,2.277744317E-2,7.124997792E-4,1.584487851E-3,9.997390509E-1,1.773896715E2,1.833817312E-1,-7.748950250E-2,1.773895436E2
1.647470211E2,2.276668195E-2,7.187043666E-4,1.585912774E-3,9.997392893E-1,1.773909050E2,1.835603287E-1,-7.819856706E-2,1.773907758E2
1.647520211E2,2.276105030E-2,7.232706994E-4,1.589520252E-3,9.997394085E-1,1.773915505E2,1.839850802E-1,-7.871331854E-2,1.773914201E2
1.647570211E2,2.276066132E-2,7.237326936E-4,1.594870933E-3,9.997394085E-1,1.773915951E2,1.845992400E-1,-7.875236073E-2,1.773914642E2
1.647620211E2,2.275524035E-2,7.258834667E-4,1.596521004E-3,9.997395277E-1,1.773922164E2,1.847934576E-1,-7.899545516E-2,1.773920850E2
1.647670211E2,2.275264594E-2,7.291260990E-4,1.594694098E-3,9.997395873E-1,1.773925138E2,1.845924141E-1,-7.937217988E-2,1.773923820E2
1.647720211E2,2.275805650E-2,7.244513836E-4,1.594353234E-3,9.997394681E-1,1.773918937E2,1.845416006E-1,-7.883652625E-2,1.773917627E2
1.647770211E2,2.276328628E-2,7.206172450E-4,1.596180722E-3,9.997393489E-1,1.773912942E2,1.847413711E-1,-7.839154809E-2,1.773911638E2
1.647820211E2,2.276852327E-2,7.175940555E-4,1.597512979E-3,9.997392297E-1,1.773906939E2,1.848865189E-1,-7.804076241E-2,1.773905640E2
1.647870211E2,2.277119466E-2,7.151516038E-4,1.597833121E-3,9.997391701E-1,1.773903877E2,1.849170293E-1,-7.775962150E-2,1.773902583E2
1.647920211E2,2.277411763E-2,7.132295286E-4,1.594323316E-3,9.997391105E-1,1.773900527E2,1.845101493E-1,-7.754804472E-2,1.773899239E2
1.647970211E2,2.278208017E-2,7.089045248E-4,1.594618778E-3,9.997389317E-1,1.773891400E2,1.845333230E-1,-7.705032404E-2,1.773890120E2
1.648020211E2,2.278224925E-2,7.076532929E-4,1.592757762E-3,9.997389317E-1,1.773891207E2,1.843168673E-1,-7.691180830E-2,1.773889930E2
1.648070211E2,2.276902612E-2,7.165489369E-4,1.590800937E-3,9.997392297E-1,1.773906363E2,1.841148855E-1,-7.793845237E-2,1.773905071E2
1.648120211E2,2.277700364E-2,7.121020462E-4,1.590971719E-3,9.997390509E-1,1.773897219E2,1.841234641E-1,-7.742709407E-2,1.773895935E2
1.648170211E2,2.278516718E-2,7.065608515E-4,1.588910935E-3,9.997388721E-1,1.773887862E2,1.838735386E-1,-7.679616294E-2,1.773886590E2
1.648220211E2,2.277698230E-2,7.109809085E-4,1.591778477E-3,9.997390509E-1,1.773897244E2,1.842129597E-1,-7.729655276E-2,1.773895961E2
1.648270211E2,2.278747133E-2,7.050463464E-4,1.594035071E-3,9.997388124E-1,1.773885221E2,1.844567918E-1,-7.660885383E-2,1.773883948E2
1.648320211E2,2.279542603E-2,6.992510753E-4,1.594999107E-3,9.997386336E-1,1.773876103E2,1.845527027E-1,-7.594095196E-2,1.773874840E2
1.648370211E2,2.279242344E-2,7.014779258E-4,1.599564566E-3,9.997386932E-1,1.773879545E2,1.850813199E-1,-7.618469318E-2,1.773878274E2
1.648420211E2,2.278459933E-2,7.069138228E-4,1.596877002E-3,9.997388721E-1,1.773888513E2,1.847870256E-1,-7.681590453E-2,1.773887234E2
1.648470211E2,2.279009998E-2,7.026852109E-4,1.594880014E-3,9.997387528E-1,1.773882208E2,1.845476244E-1,-7.633566649E-2,1.773880939E2
1.648520211E2,2.279518915E-2,6.989276153E-4,1.598522533E-3,9.997386336E-1,1.773876375E2,1.849554905E-1,-7.589473546E-2,1.773875110E2
1.648570211E2,2.278721278E-2,7.038654294E-4,1.598247443E-3,9.997388124E-1,1.773885517E2,1.849362657E-1,-7.646261371E-2,1.773884243E2
1.648620211E2,2.277936691E-2,7.097449270E-4,1.595637412E-3,9.997389913E-1,1.773894510E2,1.846520047E-1,-7.714444366E-2,1.773893227E2
1.648670211E2,2.277659502E-2,7.120835944E-4,1.596819144E-3,9.997390509E-1,1.773897687E2,1.847932773E-1,-7.740979286E-2,1.773896399E2
1.648720211E2,2.277640459E-2,7.121233502E-4,1.599515439E-3,9.997390509E-1,1.773897906E2,1.851022595E-1,-7.740734491E-2,1.773896615E2
1.648770211E2,2.277638770E-2,7.116954075E-4,1.599946292E-3,9.997390509E-1,1.773897925E2,1.851505005E-1,-7.735719762E-2,1.773896635E2
1.648820211E2,2.277115087E-2,7.150837919E-4,1.598487492E-3,9.997391701E-1,1.773903928E2,1.849918150E-1,-7.775015336E-2,1.773902632E2
1.648870211E2,2.277639661E-2,7.119743386E-4,1.599695301E-3,9.997390509E-1,1.773897915E2,1.851224752E-1,-7.738980591E-2,1.773896625E2
1.648920211E2,2.277127018E-2,7.151909522E-4,1.596738934E-3,9.997391701E-1,1.773903791E2,1.847917855E-1,-7.776697066E-2,1.773902497E2
1.648970211E2,2.276827581E-2,7.171762409E-4,1.601223135E-3,9.997392297E-1,1.773907223E2,1.853104525E-1,-7.798326212E-2,1.773905922E2
1.649020211E2,2.276524911E-2,7.196066435E-4,1.605945756E-3,9.997392893E-1,1.773910692E2,1.858575908E-1,-7.824993372E-2,1.773909383E2
1.649070211E2,2.276796279E-2,7.173892809E-4,1.605572645E-3,9.997392297E-1,1.773907582E2,1.858092728E-1,-7.799637785E-2,1.773906277E2
1.649120211E2,2.277079486E-2,7.150975289E-4,1.603544806E-3,9.997391701E-1,1.773904336E2,1.855711996E-1,-7.773859604E-2,1.773903037E2
1.649170211E2,2.276530474E-2,7.196634542E-4,1.605131431E-3,9.997392893E-1,1.773910629E2,1.857644526E-1,-7.825855616E-2,1.773909320E2
1.649220211E2,2.277075172E-2,7.163630216E-4,1.603592536E-3,9.997391701E-1,1.773904385E2,1.855799669E-1,-7.788345652E-2,1.773903084E2
1.649270211E2,2.277618420E-2,7.117910427E-4,1.602798235E-3,9.997390509E-1,1.773898158E2,1.854774588E-1,-7.736074760E-2,1.773896866E2
1.649320211E2,2.277634237E-2,7.123126998E-4,1.600316842E-3,9.997390509E-1,1.773897977E2,1.851945593E-1,-7.742695689E-2,1.773896686E2
1.649370211E2,2.277602551E-2,7.128755096E-4,1.604570192E-3,9.997390509E-1,1.773898340E2,1.856832764E-1,-7.748039048E-2,1.773897045E2
1.649420211E2,2.277073784E-2,7.152148755E-4,1.604301971E-3,9.997391701E-1,1.773904401E2,1.856582438E-1,-7.775007426E-2,1.773903101E2
1.649470211E2,2.277623253E-2,7.119794609E-4,1.602027565E-3,9.997390509E-1,1.773898103E2,1.853896649E-1,-7.738433567E-2,1.773896811E2
1.649520211E2,2.277861560E-2,7.098354399E-4,1.606287085E-3,9.997389913E-1,1.773895371E2,1.858722315E-1,-7.712715215E-2,1.773894080E2
1.649570211E2,2.277334910E-2,7.143386756E-4,1.604770427E-3,9.997391105E-1,1.773901408E2,1.857098272E-1,-7.764798781E-2,1.773900109E2
1.649620211E2,2.277032496E-2,7.152712788E-4,1.610126463E-3,9.997391701E-1,1.773904874E2,1.863256247E-1,-7.774141403E-2,1.773903570E2
1.649670211E2,2.277039634E-2,7.163433474E-4,1.608639606E-3,9.997391701E-1,1.773904792E2,1.861580906E-1,-7.786809860E-2,1.773903487E2
1.649720211E2,2.276766710E-2,7.187632727E-4,1.609147293E-3,9.997392297E-1,1.773907921E2,1.862223542E-1,-7.814451300E-2,1.773906610E2
1.649770211E2,2.276509927E-2,7.198734093E-4,1.607949031E-3,9.997392893E-1,1.773910864E2,1.860877745E-1,-7.827529653E-2,1.773909552E2
1.649820211E2,2.276254438E-2,7.212241180E-4,1.606453676E-3,9.997393489E-1,1.773913793E2,1.859197872E-1,-7.843441231E-2,1.773912479E2
1.649870211E2,2.276510702E-2,7.199854008E-4,1.607789076E-3,9.997392893E-1,1.773910855E2,1.860697425E-1,-7.828854233E-2,1.773909543E2
1.649920211E2,2.275715420E-2,7.258266560E-4,1.606560312E-3,9.997394681E-1,1.773919971E2,1.859435850E-1,-7.896241143E-2,1.773918649E2
1.649970211E2,2.275202940E-2,7.280606660E-4,1.603950514E-3,9.997395873E-1,1.773925845E2,1.856500215E-1,-7.922610133E-2,1.773924521E2
1.650020211E2,2.275745356E-2,7.254731026E-4,1.602474367E-3,9.997394681E-1,1.773919628E2,1.854745920E-1,-7.893250799E-2,1.773918310E2
1.650070211E2,2.276058443E-2,7.234008517E-4,1.596118324E-3,9.997394085E-1,1.773916039E2,1.847412719E-1,-7.871110497E-2,1.773914730E2
1.650120211E2,2.275266642E-2,7.287110202E-4,1.594591537E-3,9.997395873E-1,1.773925115E2,1.845795836E-1,-7.932489135E-2,1.773923797E2
1.650170211E2,2.274734413E-2,7.324994658E-4,1.594049623E-3,9.997397065E-1,1.773931215E2,1.845269553E-1,-7.976129772E-2,1.773929891E2
1.650220211E2,2.275230839E-2,7.288990892E-4,1.599606359E-3,9.997395873E-1,1.773925525E2,1.851545544E-1,-7.933342753E-2,1.773924203E2
1.650270211E2,2.275238629E-2,7.282181759E-4,1.598808216E-3,9.997395873E-1,1.773925436E2,1.850613480E-1,-7.925748753E-2,1.773924116E2
1.650320211E2,2.274684047E-2,7.316708798E-4,1.601599506E-3,9.997397065E-1,1.773931793E2,1.853896857E-1,-7.964678586E-2,1.773930464E2
1.650370211E2,2.274685986E-2,7.326956256E-4,1.600855496E-3,9.997397065E-1,1.773931770E2,1.853071233E-1,-7.976611842E-2,1.773930440E2
1.650420211E2,2.274914160E-2,7.301180158E-4,1.606822014E-3,9.997396469E-1,1.773929155E2,1.859841219E-1,-7.945484524E-2,1.773927825E2
1.650470211E2,2.274897532E-2,7.312310045E-4,1.608669059E-3,9.997396469E-1,1.773929346E2,1.861986120E-1,-7.957756692E-2,1.773928012E2
1.650520211E2,2.274639333E-2,7.322577294E-4,1.607670332E-3,9.997397065E-1,1.773932305E2,1.860866668E-1,-7.969827461E-2,1.773930970E2
1.650570211E2,2.274904423E-2,7.300958969E-4,1.608210034E-3,9.997396469E-1,1.773929267E2,1.861430710E-1,-7.944871082E-2,1.773927935E2
1.650620211E2,2.274336111E-2,7.346611819E-4,1.612400287E-3,9.997397661E-1,1.773935781E2,1.866345636E-1,-7.996185498E-2,1.773934437E2
1.650670211E2,2.273569205E-2,7.403510972E-4,1.607074635E-3,9.997399449E-1,1.773944571E2,1.860386583E-1,-8.062900940E-2,1.773943221E2
1.650720211E2,2.273575550E-2,7.392243133E-4,1.606695703E-3,9.997399449E-1,1.773944498E2,1.859923161E-1,-8.050089849E-2,1.773943151E2
1.650770211E2,2.274919182E-2,7.299756398E-4,1.606175560E-3,9.997396469E-1,1.773929097E2,1.859096955E-1,-7.944021036E-2,1.773927768E2
1.650820211E2,2.274942013E-2,7.297584089E-4,1.603037585E-3,9.997396469E-1,1.773928836E2,1.855496541E-1,-7.942346233E-2,1.773927509E2
1.650870211E2,2.274692744E-2,7.320648292E-4,1.600183663E-3,9.997397065E-1,1.773931693E2,1.852285176E-1,-7.969559203E-2,1.773930364E2
1.650920211E2,2.275234511E-2,7.282164297E-4,1.599394949E-3,9.997395873E-1,1.773925483E2,1.851285576E-1,-7.925576528E-2,1.773924162E2
1.650970211E2,2.276292731E-2,7.220561383E-4,1.600643503E-3,9.997393489E-1,1.773913354E2,1.852563623E-1,-7.854481506E-2,1.773912044E2
1.651020211E2,2.276827988E-2,7.167737349E-4,1.601345488E-3,9.997392297E-1,1.773907218E2,1.853234195E-1,-7.793683035E-2,1.773905918E2
1.651070211E2,2.276340657E-2,7.218774990E-4,1.593894092E-3,9.997393489E-1,1.773912804E2,1.844827073E-1,-7.854186773E-2,1.773911500E2
1.651120211E2,2.275802525E-2,7.246535388E-4,1.594707370E-3,9.997394681E-1,1.773918972E2,1.845826959E-1,-7.885876769E-2,1.773917662E2
1.651170211E2,2.275509070E-2,7.263323641E-4,1.598448609E-3,9.997395277E-1,1.773922336E2,1.850154470E-1,-7.904188274E-2,1.773921020E2
1.651220211E2,2.275533003E-2,7.263846928E-4,1.595014124E-3,9.997395277E-1,1.773922062E2,1.846221405E-1,-7.905678944E-2,1.773920748E2
1.651270211E2,2.275287543E-2,7.276518736E-4,1.592090935E-3,9.997395873E-1,1.773924875E2,1.842903642E-1,-7.921003518E-2,1.773923561E2
1.651320211E2,2.276576230E-2,7.199676475E-4,1.598491799E-3,9.997392893E-1,1.773910104E2,1.850046321E-1,-7.831064217E-2,1.773908800E2
1.651370211E2,2.276833748E-2,7.176468498E-4,1.600135001E-3,9.997392297E-1,1.773907152E2,1.851870265E-1,-7.804000361E-2,1.773905851E2
1.651420211E2,2.276317627E-2,7.207884337E-4,1.597671537E-3,9.997393489E-1,1.773913068E2,1.849125999E-1,-7.840729116E-2,1.773911763E2
1.651470211E2,2.276867400E-2,7.177640218E-4,1.595286652E-3,9.997392297E-1,1.773906767E2,1.846319216E-1,-7.806601517E-2,1.773905469E2
1.651520211E2,2.277637571E-2,7.113555330E-4,1.600268180E-3,9.997390509E-1,1.773897939E2,1.851864886E-1,-7.731742307E-2,1.773896649E2
1.651570211E2,2.277877893E-2,7.103879470E-4,1.603724668E-3,9.997389913E-1,1.773895184E2,1.855801307E-1,-7.719710684E-2,1.773893894E2
1.651620211E2,2.277392854E-2,7.144376868E-4,1.596482005E-3,9.997391105E-1,1.773900744E2,1.847605919E-1,-7.768085447E-2,1.773899451E2
1.651670211E2,2.276883131E-2,7.166177384E-4,1.593555906E-3,9.997392297E-1,1.773906586E2,1.844306647E-1,-7.793918186E-2,1.773905292E2
1.651720211E2,2.276570470E-2,7.200952386E-4,1.599254436E-3,9.997392893E-1,1.773910170E2,1.850923298E-1,-7.832328026E-2,1.773908865E2
1.651770211E2,2.276579387E-2,7.198727108E-4,1.598084811E-3,9.997392893E-1,1.773910068E2,1.849577615E-1,-7.830082201E-2,1.773908764E2
1.651820211E2,2.276862600E-2,7.180001703E-4,1.595865353E-3,9.997392297E-1,1.773906822E2,1.846988312E-1,-7.809156765E-2,1.773905523E2
1.651870211E2,2.277110777E-2,7.154477644E-4,1.598938485E-3,9.997391701E-1,1.773903977E2,1.850444282E-1,-7.779068178E-2,1.773902681E2
1.651920211E2,2.277617612E-2,7.126389537E-4,1.602536184E-3,9.997390509E-1,1.773898168E2,1.854496504E-1,-7.745857121E-2,1.773896874E2
1.651970211E2,2.277355476E-2,7.144309930E-4,1.601808006E-3,9.997391105E-1,1.773901172E2,1.853707031E-1,-7.766625694E-2,1.773899876E2
1.652020211E2,2.276557471E-2,7.186740404E-4,1.601742231E-3,9.997392893E-1,1.773910319E2,1.853736185E-1,-7.815399904E-2,1.773909015E2
1.652070211E2,2.276813463E-2,7.182022091E-4,1.602770062E-3,9.997392297E-1,1.773907385E2,1.854903379E-1,-7.809678878E-2,1.773906080E2
1.652120211E2,2.276798409E-2,7.175602950E-4,1.605194178E-3,9.997392297E-1,1.773907557E2,1.857663629E-1,-7.801695304E-2,1.773906252E2
1.652170211E2,2.276784361E-2,7.176875370E-4,1.607128652E-3,9.997392297E-1,1.773907718E2,1.859883012E-1,-7.802650889E-2,1.773906412E2
1.652220211E2,2.276523397E-2,7.187265437E-4,1.606554375E-3,9.997392893E-1,1.773910710E2,1.859250181E-1,-7.814752299E-2,1.773909401E2
1.652270211E2,2.277011714E-2,7.166960859E-4,1.612430089E-3,9.997391701E-1,1.773905113E2,1.865932350E-1,-7.789867003E-2,1.773903803E2
1.652320211E2,2.276729961E-2,7.182871341E-4,1.614550361E-3,9.997392297E-1,1.773908342E2,1.868400698E-1,-7.807593718E-2,1.773907028E2
1.652370211E2,2.276997065E-2,7.154904306E-4,1.615032088E-3,9.997391701E-1,1.773905280E2,1.868881676E-1,-7.775378583E-2,1.773903972E2
1.652420211E2,2.277773667E-2,7.113163592E-4,1.618052716E-3,9.997389913E-1,1.773896379E2,1.872239245E-1,-7.726626072E-2,1.773895076E2
1.652470211E2,2.277508235E-2,7.127195713E-4,1.617970993E-3,9.997390509E-1,1.773899421E2,1.872180196E-1,-7.742772546E-2,1.773898116E2
1.652520211E2,2.276968735E-2,7.156061474E-4,1.618970186E-3,9.997391701E-1,1.773905605E2,1.873396042E-1,-7.775681963E-2,1.773904293E2
1.652570211E2,2.276700848E-2,7.177878288E-4,1.618871931E-3,9.997392297E-1,1.773908676E2,1.873338323E-1,-7.800751515E-2,1.773907360E2
1.652620211E2,2.277501249E-2,7.124386029E-4,1.619077637E-3,9.997390509E-1,1.773899501E2,1.873440602E-1,-7.739266203E-2,1.773898195E2
1.652670211E2,2.277762907E-2,7.099827635E-4,1.620151801E-3,9.997389913E-1,1.773896502E2,1.874609103E-1,-7.710802273E-2,1.773895200E2
1.652720211E2,2.277275964E-2,7.140026428E-4,1.613262459E-3,9.997391105E-1,1.773902084E2,1.866817691E-1,-7.758743915E-2,1.773900779E2
1.652770211E2,2.277048417E-2,7.151829195E-4,1.607912593E-3,9.997391701E-1,1.773904692E2,1.860717809E-1,-7.773703873E-2,1.773903389E2
1.652820211E2,2.277326968E-2,7.131930906E-4,1.606406178E-3,9.997391105E-1,1.773901499E2,1.858942261E-1,-7.751249347E-2,1.773900201E2
1.652870211E2,2.277354554E-2,7.147263968E-4,1.601807307E-3,9.997391105E-1,1.773901183E2,1.853713934E-1,-7.770010244E-2,1.773899886E2
1.652920211E2,2.276540575E-2,7.197696832E-4,1.603650511E-3,9.997392893E-1,1.773910513E2,1.855950805E-1,-7.827457068E-2,1.773909205E2
1.652970211E2,2.276008311E-2,7.236680249E-4,1.603130484E-3,9.997394085E-1,1.773916614E2,1.855452572E-1,-7.872351597E-2,1.773915299E2
1.653020211E2,2.276302282E-2,7.211969933E-4,1.599672250E-3,9.997393489E-1,1.773913244E2,1.851428597E-1,-7.844890580E-2,1.773911936E2
1.653070211E2,2.276303933E-2,7.208091556E-4,1.599612064E-3,9.997393489E-1,1.773913225E2,1.851349540E-1,-7.840462839E-2,1.773911918E2
1.653120211E2,2.276083003E-2,7.237833925E-4,1.592438319E-3,9.997394085E-1,1.773915758E2,1.843207001E-1,-7.876448280E-2,1.773914451E2
1.653170211E2,2.276635251E-2,7.197373197E-4,1.590167871E-3,9.997392893E-1,1.773909428E2,1.840504708E-1,-7.830586305E-2,1.773908130E2
1.653220211E2,2.277399633E-2,7.133615436E-4,1.595996087E-3,9.997391105E-1,1.773900666E2,1.847021206E-1,-7.755882530E-2,1.773899376E2
1.653270211E2,2.277699529E-2,7.120119990E-4,1.591131557E-3,9.997390509E-1,1.773897229E2,1.841415398E-1,-7.741636243E-2,1.773895945E2
1.653320211E2,2.277751666E-2,7.117138593E-4,1.583784586E-3,9.997390509E-1,1.773896631E2,1.832991178E-1,-7.740128840E-2,1.773895354E2
1.653370211E2,2.278025150E-2,7.094991743E-4,1.583068515E-3,9.997389913E-1,1.773893496E2,1.832115129E-1,-7.714893823E-2,1.773892224E2
1.653420211E2,2.278286132E-2,7.078293711E-4,1.583900070E-3,9.997389317E-1,1.773890505E2,1.833026189E-1,-7.695499342E-2,1.773889235E2
1.653470211E2,2.277497719E-2,7.132358733E-4,1.581994118E-3,9.997391105E-1,1.773899542E2,1.830977743E-1,-7.758079155E-2,1.773898263E2
1.653520211E2,2.276953170E-2,7.178064552E-4,1.582978410E-3,9.997392297E-1,1.773905784E2,1.832220415E-1,-7.810283427E-2,1.773904495E2
1.653570211E2,2.277749874E-2,7.116229390E-4,1.584083075E-3,9.997390509E-1,1.773896652E2,1.833330746E-1,-7.739009656E-2,1.773895374E2
1.653620211E2,2.277690932E-2,7.112605963E-4,1.592697459E-3,9.997390509E-1,1.773897327E2,1.843189647E-1,-7.732620901E-2,1.773896044E2
1.653670211E2,2.276601472E-2,7.192458143E-4,1.595218433E-3,9.997392893E-1,1.773909815E2,1.846277649E-1,-7.823644097E-2,1.773908514E2
1.653720211E2,2.276104620E-2,7.237367681E-4,1.589366817E-3,9.997394085E-1,1.773915510E2,1.839687178E-1,-7.876711316E-2,1.773914205E2
1.653770211E2,2.276348027E-2,7.220090483E-4,1.592781511E-3,9.997393489E-1,1.773912720E2,1.843555966E-1,-7.855982697E-2,1.773911416E2
1.653820211E2,2.275287125E-2,7.289950736E-4,1.591536216E-3,9.997395873E-1,1.773924880E2,1.842303167E-1,-7.936536170E-2,1.773923564E2
1.653870211E2,2.275024025E-2,7.308851345E-4,1.590838889E-3,9.997396469E-1,1.773927896E2,1.841551486E-1,-7.958419329E-2,1.773926577E2
1.653920211E2,2.275309398E-2,7.288980414E-4,1.588393236E-3,9.997395873E-1,1.773924625E2,1.838700148E-1,-7.936239964E-2,1.773923311E2
1.653970211E2,2.274756998E-2,7.326165796E-4,1.590769505E-3,9.997397065E-1,1.773930956E2,1.841515013E-1,-7.978322347E-2,1.773929634E2
1.654020211E2,2.274786060E-2,7.322109886E-4,1.586795552E-3,9.997397065E-1,1.773930623E2,1.836952025E-1,-7.974706420E-2,1.773929305E2
1.654070211E2,2.275374254E-2,7.277773693E-4,1.579592237E-3,9.997395873E-1,1.773923881E2,1.828588828E-1,-7.925684298E-2,1.773922577E2
1.654120211E2,2.276183299E-2,7.230990450E-4,1.578351250E-3,9.997394085E-1,1.773914608E2,1.827051497E-1,-7.872264323E-2,1.773913313E2
1.654170211E2,2.275045485E-2,7.295680698E-4,1.588372630E-3,9.997396469E-1,1.773927650E2,1.838691917E-1,-7.943969838E-2,1.773926335E2
1.654220211E2,2.275296372E-2,7.283315063E-4,1.590517699E-3,9.997395873E-1,1.773924774E2,1.841119101E-1,-7.929198093E-2,1.773923460E2
1.654270211E2,2.275569271E-2,7.256802637E-4,1.590153086E-3,9.997395277E-1,1.773921646E2,1.840634413E-1,-7.898869817E-2,1.773920337E2
1.654320211E2,2.275331870E-2,7.275386597E-4,1.585795311E-3,9.997395873E-1,1.773924367E2,1.835688640E-1,-7.921339916E-2,1.773923058E2
1.654370211E2,2.275032506E-2,7.299409481E-4,1.590059372E-3,9.997396469E-1,1.773927798E2,1.840633903E-1,-7.947804230E-2,1.773926482E2
1.654420211E2,2.273969727E-2,7.370422827E-4,1.588904182E-3,9.997398853E-1,1.773939980E2,1.839487118E-1,-8.029655100E-2,1.773938651E2
1.654470211E2,2.273971718E-2,7.378330920E-4,1.588252140E-3,9.997398853E-1,1.773939957E2,1.838760750E-1,-8.038884304E-2,1.773938627E2
1.654520211E2,2.275035034E-2,7.311219815E-4,1.589154825E-3,9.997396469E-1,1.773927769E2,1.839628449E-1,-7.961569720E-2,1.773926451E2
1.654570211E2,2.274527581E-2,7.334403344E-4,1.585726975E-3,9.997397661E-1,1.773933586E2,1.835757826E-1,-7.989116049E-2,1.773932266E2
1.654620211E2,2.274559957E-2,7.343310281E-4,1.580662793E-3,9.997397661E-1,1.773933215E2,1.829979667E-1,-8.000634074E-2,1.773931898E2
1.654670211E2,2.274544005E-2,7.344784099E-4,1.582888188E-3,9.997397661E-1,1.773933398E2,1.832532842E-1,-8.001745361E-2,1.773932078E2
1.654720211E2,2.274526618E-2,7.329513319E-4,1.586091123E-3,9.997397661E-1,1.773933597E2,1.836162246E-1,-7.983419208E-2,1.773932278E2
1.654770211E2,2.274267946E-2,7.361783646E-4,1.584118232E-3,9.997398257E-1,1.773936562E2,1.833984107E-1,-8.020950369E-2,1.773935238E2
1.654820211E2,2.274275918E-2,7.357283030E-4,1.583182486E-3,9.997398257E-1,1.773936471E2,1.832900429E-1,-8.016036800E-2,1.773935149E2
1.654870211E2,2.275602906E-2,7.270734059E-4,1.584694022E-3,9.997395277E-1,1.773921260E2,1.834416994E-1,-7.916247312E-2,1.773919954E2
1.654920211E2,2.275292632E-2,7.289371570E-4,1.590775209E-3,9.997395873E-1,1.773924817E2,1.841429875E-1,-7.936070080E-2,1.773923502E2
1.654970211E2,2.274469083E-2,7.342192694E-4,1.593737048E-3,9.997397661E-1,1.773934256E2,1.844954174E-1,-7.995962595E-2,1.773932929E2
1.655020211E2,2.274480814E-2,7.332785171E-4,1.592495479E-3,9.997397661E-1,1.773934122E2,1.843507376E-1,-7.985506619E-2,1.773932797E2
1.655070211E2,2.275537387E-2,7.258774713E-4,1.594619593E-3,9.997395277E-1,1.773922011E2,1.845756228E-1,-7.899970197E-2,1.773920699E2
1.655120211E2,2.276567720E-2,7.196897641E-4,1.599828363E-3,9.997392893E-1,1.773910202E2,1.851570200E-1,-7.827533617E-2,1.773908897E2
1.655170211E2,2.275530273E-2,7.258404512E-4,1.595651265E-3,9.997395277E-1,1.773922093E2,1.846937113E-1,-7.899278372E-2,1.773920780E2
1.655220211E2,2.275254961E-2,7.277008262E-4,1.596718212E-3,9.997395873E-1,1.773925249E2,1.848205766E-1,-7.920363825E-2,1.773923931E2
1.655270211E2,2.276302135E-2,7.220342522E-4,1.599315437E-3,9.997393489E-1,1.773913246E2,1.851041666E-1,-7.854575470E-2,1.773911937E2
1.655320211E2,2.276285313E-2,7.215601509E-4,1.601921511E-3,9.997393489E-1,1.773913439E2,1.854014737E-1,-7.848467385E-2,1.773912129E2
1.655370211E2,2.276541083E-2,7.202085690E-4,1.603381359E-3,9.997392893E-1,1.773910507E2,1.855653914E-1,-7.832555143E-2,1.773909198E2
1.655420211E2,2.277363292E-2,7.132819737E-4,1.601208816E-3,9.997391105E-1,1.773901083E2,1.852990657E-1,-7.753617260E-2,1.773899789E2
1.655470211E2,2.277362128E-2,7.143413532E-4,1.600902062E-3,9.997391105E-1,1.773901096E2,1.852666875E-1,-7.765833964E-2,1.773899800E2
1.655520211E2,2.275710039E-2,7.256540703E-4,1.607400365E-3,9.997394681E-1,1.773920032E2,1.860393688E-1,-7.894045893E-2,1.773918710E2
1.655570211E2,2.276236701E-2,7.219184772E-4,1.608653460E-3,9.997393489E-1,1.773913996E2,1.861735965E-1,-7.850825413E-2,1.773912680E2
1.655620211E2,2.277822305E-2,7.103324169E-4,1.611625194E-3,9.997389913E-1,1.773895821E2,1.864850432E-1,-7.717022546E-2,1.773894525E2
1.655670211E2,2.278022082E-2,7.087619742E-4,1.621026662E-3,9.997389317E-1,1.773893532E2,1.875581488E-1,-7.696539720E-2,1.773892231E2
1.655720211E2,2.277476617E-2,7.125695120E-4,1.622481388E-3,9.997390509E-1,1.773899784E2,1.877343236E-1,-7.739882180E-2,1.773898475E2
1.655770211E2,2.277471188E-2,7.134113694E-4,1.622873475E-3,9.997390509E-1,1.773899846E2,1.877814351E-1,-7.749425329E-2,1.773898535E2
1.655820211E2,2.277482754E-2,7.121443050E-4,1.621806412E-3,9.997390509E-1,1.773899713E2,1.876558919E-1,-7.735185948E-2,1.773898406E2
1.655870211E2,2.277482849E-2,7.121454692E-4,1.621792675E-3,9.997390509E-1,1.773899712E2,1.876543212E-1,-7.735202853E-2,1.773898405E2
1.655920211E2,2.277769152E-2,7.104873075E-4,1.619052258E-3,9.997389913E-1,1.773896431E2,1.873362663E-1,-7.716868253E-2,1.773895128E2
1.655970211E2,2.278811780E-2,7.036144962E-4,1.622553449E-3,9.997387528E-1,1.773884480E2,1.877202248E-1,-7.637022485E-2,1.773883188E2
1.656020211E2,2.278031723E-2,7.080585929E-4,1.619978808E-3,9.997389317E-1,1.773893421E2,1.874362755E-1,-7.688753404E-2,1.773892123E2
1.656070211E2,2.277459428E-2,7.118728827E-4,1.625197707E-3,9.997390509E-1,1.773899981E2,1.880436791E-1,-7.731195769E-2,1.773898671E2
1.656120211E2,2.277210266E-2,7.146311691E-4,1.622232958E-3,9.997391105E-1,1.773902837E2,1.877110374E-1,-7.763615724E-2,1.773901524E2
1.656170211E2,2.277776156E-2,7.101374795E-4,1.618220122E-3,9.997389913E-1,1.773896350E2,1.872400272E-1,-7.713076462E-2,1.773895049E2
1.656220211E2,2.278591188E-2,7.059095078E-4,1.615796820E-3,9.997388124E-1,1.773887008E2,1.869519965E-1,-7.665120238E-2,1.773885717E2
1.656270211E2,2.277522127E-2,7.116663619E-4,1.616478432E-3,9.997390509E-1,1.773899262E2,1.870442904E-1,-7.731093754E-2,1.773897959E2
1.656320211E2,2.277016799E-2,7.161558606E-4,1.611951971E-3,9.997391701E-1,1.773905054E2,1.865370550E-1,-7.783801901E-2,1.773903747E2
1.656370211E2,2.277534590E-2,7.119287038E-4,1.614605775E-3,9.997390509E-1,1.773899119E2,1.868304494E-1,-7.734585619E-2,1.773897818E2
1.656420211E2,2.277774793E-2,7.107402780E-4,1.618147362E-3,9.997389913E-1,1.773896366E2,1.872332643E-1,-7.720001472E-2,1.773895064E2
1.656470211E2,2.277506594E-2,7.128689904E-4,1.618136070E-3,9.997390509E-1,1.773899440E2,1.872373199E-1,-7.744441539E-2,1.773898134E2
1.656520211E2,2.277525672E-2,7.130104932E-4,1.615386223E-3,9.997390509E-1,1.773899221E2,1.869226760E-1,-7.746776753E-2,1.773897917E2
1.656570211E2,2.278019442E-2,7.093007443E-4,1.621161937E-3,9.997389317E-1,1.773893562E2,1.875750507E-1,-7.702677142E-2,1.773892260E2
1.656620211E2,2.277482317E-2,7.118372014E-4,1.622002688E-3,9.997390509E-1,1.773899718E2,1.876775757E-1,-7.731616572E-2,1.773898411E2
1.656670211E2,2.277490704E-2,7.130791200E-4,1.620278577E-3,9.997390509E-1,1.773899622E2,1.874833062E-1,-7.746292613E-2,1.773898314E2
1.656720211E2,2.278048581E-2,7.096201880E-4,1.616922091E-3,9.997389317E-1,1.773893228E2,1.870901817E-1,-7.707438123E-2,1.773891929E2
1.656770211E2,2.278005868E-2,7.098549977E-4,1.622825977E-3,9.997389317E-1,1.773893717E2,1.877671232E-1,-7.708594905E-2,1.773892413E2
1.656820211E2,2.276888287E-2,7.163929986E-4,1.629899605E-3,9.997391701E-1,1.773906527E2,1.885936920E-1,-7.781859574E-2,1.773905205E2
1.656870211E2,2.276921652E-2,7.169880555E-4,1.624969533E-3,9.997391701E-1,1.773906145E2,1.880304714E-1,-7.789956756E-2,1.773904825E2
1.656920211E2,2.276663280E-2,7.186169387E-4,1.623780001E-3,9.997392297E-1,1.773909106E2,1.878982450E-1,-7.808976465E-2,1.773907785E2
1.656970211E2,2.276385084E-2,7.197039085E-4,1.625602599E-3,9.997392893E-1,1.773912295E2,1.881096643E-1,-7.821005809E-2,1.773910970E2
1.657020211E2,2.276673513E-2,7.173313643E-4,1.622913405E-3,9.997392297E-1,1.773908989E2,1.877956196E-1,-7.794472876E-2,1.773907671E2
1.657070211E2,2.276701458E-2,7.174354978E-4,1.618942246E-3,9.997392297E-1,1.773908669E2,1.873409688E-1,-7.796696691E-2,1.773907353E2
1.657120211E2,2.277219507E-2,7.147192955E-4,1.620896393E-3,9.997391105E-1,1.773902731E2,1.875581550E-1,-7.764972374E-2,1.773901419E2
1.657170211E2,2.277461429E-2,7.134585758E-4,1.624221681E-3,9.997390509E-1,1.773899958E2,1.879360040E-1,-7.749616097E-2,1.773898646E2
1.657220211E2,2.276944666E-2,7.161058602E-4,1.622131327E-3,9.997391701E-1,1.773905881E2,1.877030365E-1,-7.780586426E-2,1.773904566E2
1.657270211E2,2.276458983E-2,7.190842298E-4,1.615496818E-3,9.997392893E-1,1.773911448E2,1.869503659E-1,-7.816529118E-2,1.773910132E2
1.657320211E2,2.276960245E-2,7.155031199E-4,1.620209427E-3,9.997391701E-1,1.773905702E2,1.874812988E-1,-7.774179893E-2,1.773904390E2
1.657370211E2,2.277214172E-2,7.150986348E-4,1.621478470E-3,9.997391105E-1,1.773902792E2,1.876258248E-1,-7.769167251E-2,1.773901479E2
1.657420211E2,2.275894857E-2,7.238003309E-4,1.619098242E-3,9.997394085E-1,1.773917914E2,1.873748130E-1,-7.869723792E-2,1.773916586E2
1.657470211E2,2.275416721E-2,7.271858631E-4,1.611156389E-3,9.997395277E-1,1.773923395E2,1.864734299E-1,-7.910669554E-2,1.773922066E2
1.657520211E2,2.275644800E-2,7.245731540E-4,1.617094968E-3,9.997394681E-1,1.773920780E2,1.871471323E-1,-7.879146676E-2,1.773919453E2
1.657570211E2,2.275360796E-2,7.276057149E-4,1.618846552E-3,9.997395277E-1,1.773924036E2,1.873554820E-1,-7.913484665E-2,1.773922701E2
1.657620211E2,2.274078195E-2,7.354898844E-4,1.611443236E-3,9.997398257E-1,1.773938737E2,1.865268754E-1,-8.005976822E-2,1.773937393E2
1.657670211E2,2.274333418E-2,7.345649647E-4,1.612824039E-3,9.997397661E-1,1.773935811E2,1.866828566E-1,-7.994973275E-2,1.773934468E2
1.657720211E2,2.274239323E-2,7.349043153E-4,1.625885023E-3,9.997397661E-1,1.773936890E2,1.881799603E-1,-7.995474521E-2,1.773935535E2
1.657770211E2,2.273447394E-2,7.403167547E-4,1.624231343E-3,9.997399449E-1,1.773945967E2,1.880039804E-1,-8.058060305E-2,1.773944604E2
1.657820211E2,2.273516078E-2,7.392090629E-4,1.615096233E-3,9.997399449E-1,1.773945180E2,1.869546114E-1,-8.047737530E-2,1.773943826E2
1.657870211E2,2.273230167E-2,7.417237503E-4,1.617291011E-3,9.997400045E-1,1.773948457E2,1.872123714E-1,-8.076027957E-2,1.773947096E2
1.657920211E2,2.273185445E-2,7.421928458E-4,1.623350428E-3,9.997400045E-1,1.773948970E2,1.879077375E-1,-8.079831886E-2,1.773947603E2
1.657970211E2,2.273501028E-2,7.401081966E-4,1.616802183E-3,9.997399449E-1,1.773945352E2,1.871523794E-1,-8.057596519E-2,1.773943995E2
1.658020211E2,2.273773128E-2,7.384304190E-4,1.616161084E-3,9.997398853E-1,1.773942234E2,1.870747808E-1,-8.038491709E-2,1.773940880E2
1.658070211E2,2.274217211E-2,7.351408713E-4,1.628868398E-3,9.997397661E-1,1.773937143E2,1.885223411E-1,-7.997411183E-2,1.773935786E2
1.658120211E2,2.273635145E-2,7.388759404E-4,1.635256805E-3,9.997398853E-1,1.773943815E2,1.892634781E-1,-8.038646048E-2,1.773942445E2
1.658170211E2,2.273412359E-2,7.398580201E-4,1.629336155E-3,9.997399449E-1,1.773946369E2,1.885875752E-1,-8.051481601E-2,1.773945002E2
1.658220211E2,2.273673492E-2,7.379399030E-4,1.630340354E-3,9.997398853E-1,1.773943376E2,1.886978304E-1,-8.029196395E-2,1.773942012E2
1.658270211E2,2.273679229E-2,7.378233131E-4,1.629592851E-3,9.997398853E-1,1.773943310E2,1.886118956E-1,-8.028054405E-2,1.773941947E2
1.658320211E2,2.273949375E-2,7.374814595E-4,1.628620084E-3,9.997398257E-1,1.773940213E2,1.884997794E-1,-8.024340596E-2,1.773938852E2
1.658370211E2,2.273456385E-2,7.399764727E-4,1.623127493E-3,9.997399449E-1,1.773945864E2,1.878766415E-1,-8.054447871E-2,1.773944502E2
1.658420211E2,2.273698855E-2,7.388513186E-4,1.626385725E-3,9.997398853E-1,1.773943085E2,1.882471750E-1,-8.040663370E-2,1.773941722E2
1.658470211E2,2.273943143E-2,7.376689464E-4,1.629405073E-3,9.997398257E-1,1.773940285E2,1.885901930E-1,-8.026285095E-2,1.773938922E2
1.658520211E2,2.274207833E-2,7.352787652E-4,1.630114974E-3,9.997397661E-1,1.773937251E2,1.886655034E-1,-7.998667807E-2,1.773935892E2
1.658570211E2,2.274503714E-2,7.331623347E-4,1.626337413E-3,9.997397065E-1,1.773933860E2,1.882274575E-1,-7.975350397E-2,1.773932508E2
1.658620211E2,2.275031859E-2,7.289215573E-4,1.627651276E-3,9.997395873E-1,1.773927806E2,1.883673404E-1,-7.926325324E-2,1.773926461E2
1.658670211E2,2.274491974E-2,7.323409081E-4,1.628348138E-3,9.997397065E-1,1.773933994E2,1.884556599E-1,-7.965418101E-2,1.773932643E2
1.658720211E2,2.274513486E-2,7.333348622E-4,1.624892233E-3,9.997397065E-1,1.773933748E2,1.880623522E-1,-7.977701755E-2,1.773932397E2
1.658770211E2,2.274797254E-2,7.313268143E-4,1.622744370E-3,9.997396469E-1,1.773930495E2,1.878112796E-1,-7.955203741E-2,1.773929150E2
1.658820211E2,2.275834105E-2,7.245310699E-4,1.627290156E-3,9.997394085E-1,1.773918610E2,1.883151540E-1,-7.875970159E-2,1.773917275E2
1.658870211E2,2.276343078E-2,7.207875606E-4,1.630995655E-3,9.997392893E-1,1.773912776E2,1.887302983E-1,-7.832021367E-2,1.773911445E2
1.658920211E2,2.275534638E-2,7.262121653E-4,1.631794963E-3,9.997394681E-1,1.773922043E2,1.888353826E-1,-7.894110770E-2,1.773920700E2
1.658970211E2,2.275503485E-2,7.252040668E-4,1.636580564E-3,9.997394681E-1,1.773922400E2,1.893809775E-1,-7.881319773E-2,1.773921056E2
1.659020211E2,2.276281494E-2,7.205692818E-4,1.639664057E-3,9.997392893E-1,1.773913482E2,1.897227509E-1,-7.827271145E-2,1.773912145E2
1.659070211E2,2.275741047E-2,7.243008004E-4,1.640354516E-3,9.997394085E-1,1.773919677E2,1.898111608E-1,-7.869942566E-2,1.773918332E2
1.659120211E2,2.274706320E-2,7.305557956E-4,1.635786379E-3,9.997396469E-1,1.773931537E2,1.893033176E-1,-7.942988158E-2,1.773930183E2
1.659170211E2,2.274983785E-2,7.300899015E-4,1.633835258E-3,9.997395873E-1,1.773928357E2,1.890787987E-1,-7.938106927E-2,1.773927005E2
1.659220211E2,2.274735393E-2,7.307751221E-4,1.631640247E-3,9.997396469E-1,1.773931204E2,1.888289228E-1,-7.946576107E-2,1.773929853E2
1.659270211E2,2.273393584E-2,7.406805526E-4,1.631580526E-3,9.997399449E-1,1.773946584E2,1.888468233E-1,-8.060323507E-2,1.773945214E2
1.659320211E2,2.272878333E-2,7.435619482E-4,1.629008562E-3,9.997400641E-1,1.773952490E2,1.885592639E-1,-8.094100540E-2,1.773951116E2
1.659370211E2,2.273663545E-2,7.394787390E-4,1.631030231E-3,9.997398853E-1,1.773943490E2,1.887808662E-1,-8.046647702E-2,1.773942122E2
1.659420211E2,2.273115100E-2,7.415945292E-4,1.633442705E-3,9.997400045E-1,1.773949776E2,1.890623152E-1,-8.070361708E-2,1.773948403E2
1.659470211E2,2.272009302E-2,7.492690347E-4,1.637858106E-3,9.997402430E-1,1.773962451E2,1.895872446E-1,-8.157341750E-2,1.773961059E2
1.659520211E2,2.271949337E-2,7.492988952E-4,1.646141638E-3,9.997402430E-1,1.773963138E2,1.905362532E-1,-8.155538504E-2,1.773961739E2
1.659570211E2,2.271670001E-2,7.529524155E-4,1.646825811E-3,9.997403026E-1,1.773966340E2,1.906239179E-1,-8.197269037E-2,1.773964934E2
1.659620211E2,2.271394248E-2,7.534544566E-4,1.648446778E-3,9.997403622E-1,1.773969501E2,1.908107003E-1,-8.202651158E-2,1.773968092E2
1.659670211E2,2.271674374E-2,7.526889094E-4,1.646342920E-3,9.997403026E-1,1.773966290E2,1.905679144E-1,-8.194375139E-2,1.773964884E2
1.659720211E2,2.271383835E-2,7.541489904E-4,1.649563666E-3,9.997403622E-1,1.773969620E2,1.909404531E-1,-8.210319133E-2,1.773968209E2
1.659770211E2,2.271618750E-2,7.516685291E-4,1.654464169E-3,9.997403026E-1,1.773966927E2,1.914956006E-1,-8.180581929E-2,1.773965517E2
1.659820211E2,2.271565178E-2,7.519113133E-4,1.661693561E-3,9.997403026E-1,1.773967541E2,1.923244041E-1,-8.181491640E-2,1.773966125E2
1.659870211E2,2.271300849E-2,7.546753623E-4,1.660711830E-3,9.997403622E-1,1.773970571E2,1.922189138E-1,-8.213463480E-2,1.773969150E2
1.659920211E2,2.271575648E-2,7.529993309E-4,1.659768517E-3,9.997403026E-1,1.773967421E2,1.921067080E-1,-8.194455280E-2,1.773966004E2
1.659970211E2,2.271804099E-2,7.513481542E-4,1.665142598E-3,9.997402430E-1,1.773964803E2,1.927182626E-1,-8.174096086E-2,1.773963385E2
1.660020211E2,2.270956888E-2,7.564050611E-4,1.671049977E-3,9.997404218E-1,1.773974514E2,1.934074945E-1,-8.230654892E-2,1.773973081E2
1.660070211E2,2.271227801E-2,7.542881649E-4,1.670847181E-3,9.997403622E-1,1.773971408E2,1.933789744E-1,-8.206403709E-2,1.773969980E2
1.660120211E2,2.272048320E-2,7.488820120E-4,1.668714336E-3,9.997401834E-1,1.773962004E2,1.931212268E-1,-8.144866449E-2,1.773960587E2
1.660170211E2,2.272043151E-2,7.492824807E-4,1.669238205E-3,9.997401834E-1,1.773962063E2,1.931822810E-1,-8.149318890E-2,1.773960645E2
1.660220211E2,2.272069120E-2,7.495585014E-4,1.665575546E-3,9.997401834E-1,1.773961765E2,1.927634186E-1,-8.153429679E-2,1.773960350E2
1.660270211E2,2.272335557E-2,7.467390969E-4,1.666271011E-3,9.997401237E-1,1.773958711E2,1.928359673E-1,-8.120897590E-2,1.773957301E2
1.660320211E2,2.271793754E-2,7.500246284E-4,1.667149365E-3,9.997402430E-1,1.773964921E2,1.929447078E-1,-8.158413077E-2,1.773963504E2
1.660370211E2,2.271817816E-2,7.506756810E-4,1.663573668E-3,9.997402430E-1,1.773964646E2,1.925367829E-1,-8.166797930E-2,1.773963230E2
1.660420211E2,2.272111724E-2,7.483030204E-4,1.660319977E-3,9.997401834E-1,1.773961277E2,1.921580942E-1,-8.140406885E-2,1.773959869E2
1.660470211E2,2.272398367E-2,7.473038859E-4,1.657428686E-3,9.997401237E-1,1.773957991E2,1.918244928E-1,-8.129658449E-2,1.773956587E2
1.660520211E2,2.273174329E-2,7.417573361E-4,1.661368296E-3,9.997399449E-1,1.773949097E2,1.922620039E-1,-8.064941011E-2,1.773947701E2
1.660570211E2,2.273955060E-2,7.359983283E-4,1.664686599E-3,9.997397661E-1,1.773940148E2,1.926277766E-1,-7.997949926E-2,1.773938761E2
1.660620211E2,2.272088510E-2,7.481912035E-4,1.663543982E-3,9.997401834E-1,1.773961543E2,1.925271334E-1,-8.138290895E-2,1.773960132E2
1.660670211E2,2.272115726E-2,7.491333527E-4,1.659397618E-3,9.997401834E-1,1.773961231E2,1.920545923E-1,-8.150158718E-2,1.773959822E2
1.660720211E2,2.272360617E-2,7.461570203E-4,1.663111267E-3,9.997401237E-1,1.773958424E2,1.924724843E-1,-8.115047202E-2,1.773957018E2
1.660770211E2,2.272339828E-2,7.469036500E-4,1.665614662E-3,9.997401237E-1,1.773958662E2,1.927612064E-1,-8.122952833E-2,1.773957252E2
1.660820211E2,2.272365598E-2,7.473938167E-4,1.661874936E-3,9.997401237E-1,1.773958367E2,1.923340727E-1,-8.129537160E-2,1.773956959E2
1.660870211E2,2.273169208E-2,7.411118713E-4,1.662356779E-3,9.997399449E-1,1.773949156E2,1.923735609E-1,-8.057289935E-2,1.773947760E2
1.660920211E2,2.272869160E-2,7.434476865E-4,1.666489406E-3,9.997400045E-1,1.773952595E2,1.928528466E-1,-8.083030785E-2,1.773951191E2
1.660970211E2,2.271766963E-2,7.504635141E-4,1.670599100E-3,9.997402430E-1,1.773965228E2,1.933410381E-1,-8.162548100E-2,1.773963808E2
1.661020211E2,2.271275951E-2,7.545642438E-4,1.664164010E-3,9.997403622E-1,1.773970857E2,1.926140935E-1,-8.211296727E-2,1.773969433E2
1.661070211E2,2.271811730E-2,7.510039723E-4,1.664256444E-3,9.997402430E-1,1.773964715E2,1.926158530E-1,-8.170382309E-2,1.773963299E2
1.661120211E2,2.272046506E-2,7.489419659E-4,1.668934361E-3,9.997401834E-1,1.773962024E2,1.931465880E-1,-8.145496353E-2,1.773960608E2
1.661170211E2,2.271267030E-2,7.538220962E-4,1.665717107E-3,9.997403622E-1,1.773970959E2,1.927900806E-1,-8.202392020E-2,1.773969535E2
1.661220211E2,2.271861280E-2,7.498982595E-4,1.657979214E-3,9.997402430E-1,1.773964147E2,1.918938810E-1,-8.159339795E-2,1.773962738E2
1.661270211E2,2.272372608E-2,7.468510885E-4,1.661160262E-3,9.997401237E-1,1.773958287E2,1.922507903E-1,-8.123504325E-2,1.773956880E2
1.661320211E2,2.271048351E-2,7.567517459E-4,1.658415073E-3,9.997404218E-1,1.773973465E2,1.919609891E-1,-8.237897215E-2,1.773972042E2
1.661370211E2,2.270273503E-2,7.614776259E-4,1.654543448E-3,9.997406006E-1,1.773982347E2,1.915291051E-1,-8.293193842E-2,1.773980917E2
1.661420211E2,2.271344279E-2,7.539804210E-4,1.655078144E-3,9.997403622E-1,1.773970073E2,1.915717326E-1,-8.206960154E-2,1.773968658E2
1.661470211E2,2.271596484E-2,7.531375741E-4,1.656851498E-3,9.997403026E-1,1.773967183E2,1.917729048E-1,-8.196794375E-2,1.773965768E2
1.661520211E2,2.271583967E-2,7.528181304E-4,1.658711815E-3,9.997403026E-1,1.773967326E2,1.919851849E-1,-8.192652895E-2,1.773965910E2
1.661570211E2,2.271358555E-2,7.543327520E-4,1.652957057E-3,9.997403622E-1,1.773969910E2,1.913296650E-1,-8.211545892E-2,1.773968496E2
1.661620211E2,2.271347927E-2,7.545116823E-4,1.654335181E-3,9.997403622E-1,1.773970032E2,1.914880031E-1,-8.213239070E-2,1.773968616E2
1.661670211E2,2.271361087E-2,7.538521895E-4,1.652828418E-3,9.997403622E-1,1.773969881E2,1.913136789E-1,-8.206073478E-2,1.773968468E2
1.661720211E2,2.271106035E-2,7.553862524E-4,1.651122235E-3,9.997404218E-1,1.773972804E2,1.911219985E-1,-8.224140855E-2,1.773971390E2
1.661770211E2,2.270843339E-2,7.584207342E-4,1.649772050E-3,9.997404814E-1,1.773975815E2,1.909749998E-1,-8.259306031E-2,1.773974396E2
1.661820211E2,2.270839505E-2,7.578796940E-4,1.650548191E-3,9.997404814E-1,1.773975859E2,1.910625049E-1,-8.252906527E-2,1.773974440E2
1.661870211E2,2.271896288E-2,7.507699775E-4,1.652779523E-3,9.997402430E-1,1.773963746E2,1.913004913E-1,-8.170673400E-2,1.773962339E2
1.661920211E2,2.272663836E-2,7.443029899E-4,1.658332651E-3,9.997400641E-1,1.773954948E2,1.919204525E-1,-8.094993270E-2,1.773953550E2
1.661970211E2,2.271883573E-2,7.498782943E-4,1.654930762E-3,9.997402430E-1,1.773963892E2,1.915446098E-1,-8.159900465E-2,1.773962485E2
1.662020211E2,2.273499632E-2,7.394418353E-4,1.653737621E-3,9.997398853E-1,1.773945368E2,1.913820462E-1,-8.040339740E-2,1.773943983E2
1.662070211E2,2.273192830E-2,7.413911517E-4,1.658998663E-3,9.997399449E-1,1.773948885E2,1.919895944E-1,-8.061359675E-2,1.773947491E2
1.662120211E2,2.271584039E-2,7.518431521E-4,1.659144065E-3,9.997403026E-1,1.773967325E2,1.920321662E-1,-8.181370826E-2,1.773965911E2
1.662170211E2,2.272389342E-2,7.461670320E-4,1.659177360E-3,9.997401237E-1,1.773958095E2,1.920218567E-1,-8.116180801E-2,1.773956692E2
1.662220211E2,2.274554787E-2,7.313233800E-4,1.656385022E-3,9.997396469E-1,1.773933274E2,1.916650230E-1,-7.946441217E-2,1.773931902E2
1.662270211E2,2.273502885E-2,7.400676841E-4,1.653010258E-3,9.997398853E-1,1.773945331E2,1.913003513E-1,-8.047698460E-2,1.773943945E2
1.662320211E2,2.272727127E-2,7.455269806E-4,1.649083104E-3,9.997400641E-1,1.773954223E2,1.908640435E-1,-8.111412423E-2,1.773952829E2
1.662370211E2,2.273264892E-2,7.403189666E-4,1.649576472E-3,9.997399449E-1,1.773948059E2,1.909074323E-1,-8.051517277E-2,1.773946675E2
1.662420211E2,2.273783060E-2,7.375818677E-4,1.651632832E-3,9.997398257E-1,1.773942120E2,1.911362979E-1,-8.019525806E-2,1.773940739E2
1.662470211E2,2.272735657E-2,7.438861649E-4,1.648648526E-3,9.997400641E-1,1.773954125E2,1.908099902E-1,-8.092726496E-2,1.773952735E2
1.662520211E2,2.274379226E-2,7.342558820E-4,1.643166644E-3,9.997397065E-1,1.773935286E2,1.901582017E-1,-7.983515360E-2,1.773933919E2
1.662570211E2,2.274360676E-2,7.342689787E-4,1.645726385E-3,9.997397065E-1,1.773935499E2,1.904514703E-1,-7.983001765E-2,1.773934130E2
1.662620211E2,2.273280699E-2,7.413945277E-4,1.646912890E-3,9.997399449E-1,1.773947878E2,1.906051015E-1,-8.064529980E-2,1.773946494E2
1.662670211E2,2.272745974E-2,7.449114928E-4,1.646762248E-3,9.997400641E-1,1.773954007E2,1.905965733E-1,-8.104962155E-2,1.773952616E2
1.662720211E2,2.273564526E-2,7.390006795E-4,1.644990174E-3,9.997398853E-1,1.773944625E2,1.903788222E-1,-8.037552465E-2,1.773943247E2
1.662770211E2,2.273816821E-2,7.371676620E-4,1.647163765E-3,9.997398257E-1,1.773941733E2,1.906232594E-1,-8.015938661E-2,1.773940357E2
1.662820211E2,2.273294273E-2,7.410739781E-4,1.645182609E-3,9.997399449E-1,1.773947722E2,1.904060525E-1,-8.061305881E-2,1.773946340E2
1.662870211E2,2.274129343E-2,7.348901127E-4,1.641202718E-3,9.997397661E-1,1.773938151E2,1.899346635E-1,-7.991340569E-2,1.773936784E2
1.662920211E2,2.274388888E-2,7.325950428E-4,1.642570482E-3,9.997397065E-1,1.773935176E2,1.900855825E-1,-7.964642037E-2,1.773933812E2
1.662970211E2,2.275194867E-2,7.284216699E-4,1.641640440E-3,9.997395277E-1,1.773925937E2,1.899687945E-1,-7.916920390E-2,1.773924583E2
1.663020211E2,2.275187352E-2,7.281724829E-4,1.642792020E-3,9.997395277E-1,1.773926024E2,1.901000663E-1,-7.913766834E-2,1.773924669E2
1.663070211E2,2.274133864E-2,7.347784704E-4,1.640626113E-3,9.997397661E-1,1.773938099E2,1.898683190E-1,-7.990210985E-2,1.773936733E2
1.663120211E2,2.274375275E-2,7.333619869E-4,1.644112403E-3,9.997397065E-1,1.773935332E2,1.902642165E-1,-7.973028990E-2,1.773933966E2
1.663170211E2,2.274895577E-2,7.305622566E-4,1.645861892E-3,9.997395873E-1,1.773929368E2,1.904577572E-1,-7.940399676E-2,1.773928006E2
1.663220211E2,2.273828965E-2,7.367036305E-4,1.645694370E-3,9.997398257E-1,1.773941594E2,1.904537229E-1,-8.011003207E-2,1.773940220E2
1.663270211E2,2.273295148E-2,7.401939947E-4,1.645457814E-3,9.997399449E-1,1.773947712E2,1.904352887E-1,-8.051152770E-2,1.773946332E2
1.663320211E2,2.273518906E-2,7.386248908E-4,1.651451341E-3,9.997398853E-1,1.773945147E2,1.911180117E-1,-8.031572655E-2,1.773943765E2
1.663370211E2,2.272392404E-2,7.459860062E-4,1.658839290E-3,9.997401237E-1,1.773958060E2,1.919826577E-1,-8.114194385E-2,1.773956657E2
1.663420211E2,2.271856413E-2,7.508223061E-4,1.658227877E-3,9.997402430E-1,1.773964203E2,1.919247704E-1,-8.169862038E-2,1.773962792E2
1.663470211E2,2.271856541E-2,7.513107266E-4,1.657989225E-3,9.997402430E-1,1.773964202E2,1.918987018E-1,-8.175519582E-2,1.773962789E2
1.663520211E2,2.272925966E-2,7.424193900E-4,1.659184229E-3,9.997400045E-1,1.773951944E2,1.920133166E-1,-8.073142274E-2,1.773950548E2
1.663570211E2,2.273975191E-2,7.361293538E-4,1.661876449E-3,9.997397661E-1,1.773939918E2,1.923061974E-1,-8.000179403E-2,1.773938532E2
1.663620211E2,2.273450395E-2,7.396735018E-4,1.660389476E-3,9.997398853E-1,1.773945933E2,1.921446612E-1,-8.041270154E-2,1.773944541E2
1.663670211E2,2.273434068E-2,7.398771704E-4,1.662532915E-3,9.997398853E-1,1.773946120E2,1.923907358E-1,-8.043048125E-2,1.773944726E2
1.663720211E2,2.273963977E-2,7.365022902E-4,1.663245028E-3,9.997397661E-1,1.773940046E2,1.924639477E-1,-8.004097347E-2,1.773938659E2
1.663770211E2,2.273953014E-2,7.357171271E-4,1.665090327E-3,9.997397661E-1,1.773940172E2,1.926732941E-1,-7.994623622E-2,1.773938784E2
1.663820211E2,2.273747668E-2,7.381865871E-4,1.656228560E-3,9.997398257E-1,1.773942525E2,1.916643419E-1,-8.025262854E-2,1.773941140E2
1.663870211E2,2.274597321E-2,7.318239077E-4,1.650311984E-3,9.997396469E-1,1.773932787E2,1.909706214E-1,-7.953750217E-2,1.773931419E2
1.663920211E2,2.274606871E-2,7.317266427E-4,1.649038284E-3,9.997396469E-1,1.773932677E2,1.908244576E-1,-7.952966116E-2,1.773931310E2
1.663970211E2,2.274060714E-2,7.355597918E-4,1.650386374E-3,9.997397661E-1,1.773938937E2,1.909884535E-1,-7.996632290E-2,1.773937562E2
1.664020211E2,2.274380305E-2,7.332743844E-4,1.643455587E-3,9.997397065E-1,1.773935274E2,1.901887460E-1,-7.972195634E-2,1.773933909E2
1.664070211E2,2.274366482E-2,7.335047121E-4,1.645264798E-3,9.997397065E-1,1.773935432E2,1.903966024E-1,-7.974365391E-2,1.773934065E2
1.664120211E2,2.273540620E-2,7.399538299E-4,1.647863188E-3,9.997398853E-1,1.773944899E2,1.907104253E-1,-8.047727937E-2,1.773943517E2
1.664170211E2,2.273582088E-2,7.383492193E-4,1.642853953E-3,9.997398853E-1,1.773944423E2,1.901324087E-1,-8.030642462E-2,1.773943049E2
1.664220211E2,2.274148841E-2,7.351915119E-4,1.638363465E-3,9.997397661E-1,1.773937927E2,1.896101937E-1,-7.995529693E-2,1.773936562E2
1.664270211E2,2.273885913E-2,7.375266287E-4,1.637436450E-3,9.997398257E-1,1.773940941E2,1.895098681E-1,-8.022572640E-2,1.773939572E2
1.664320211E2,2.273584776E-2,7.385489298E-4,1.642392133E-3,9.997398853E-1,1.773944392E2,1.900800242E-1,-8.033050197E-2,1.773943018E2
1.664370211E2,2.273565546E-2,7.395967841E-4,1.644581207E-3,9.997398853E-1,1.773944613E2,1.903335242E-1,-8.044487907E-2,1.773943234E2
1.664420211E2,2.274152412E-2,7.356394199E-4,1.637666603E-3,9.997397661E-1,1.773937886E2,1.895315299E-1,-8.000841940E-2,1.773936521E2
1.664470211E2,2.274121712E-2,7.361000753E-4,1.641717739E-3,9.997397661E-1,1.773938238E2,1.899968130E-1,-8.005069348E-2,1.773936869E2
1.664520211E2,2.274404507E-2,7.328353822E-4,1.640298986E-3,9.997397065E-1,1.773934997E2,1.898259939E-1,-7.967984484E-2,1.773933635E2
1.664570211E2,2.273898355E-2,7.370599196E-4,1.635918044E-3,9.997398257E-1,1.773940798E2,1.893347100E-1,-8.017619250E-2,1.773939432E2
1.664620211E2,2.274176428E-2,7.354732952E-4,1.634402899E-3,9.997397661E-1,1.773937611E2,1.891572193E-1,-7.999784805E-2,1.773936249E2
1.664670211E2,2.274151312E-2,7.354930276E-4,1.637885114E-3,9.997397661E-1,1.773937899E2,1.895561807E-1,-7.999108106E-2,1.773936534E2
1.664720211E2,2.273612443E-2,7.389749517E-4,1.638365560E-3,9.997398853E-1,1.773944075E2,1.896198636E-1,-8.038974647E-2,1.773942703E2
1.664770211E2,2.273920952E-2,7.360850577E-4,1.633213833E-3,9.997398257E-1,1.773940539E2,1.890223872E-1,-8.007151458E-2,1.773939177E2
1.664820211E2,2.274455558E-2,7.333442918E-4,1.632976579E-3,9.997397065E-1,1.773934411E2,1.889884905E-1,-7.975713517E-2,1.773933054E2
1.664870211E2,2.274164795E-2,7.358391304E-4,1.635856344E-3,9.997397661E-1,1.773937744E2,1.893246733E-1,-8.003599291E-2,1.773936380E2
1.664920211E2,2.273596131E-2,7.385544595E-4,1.640817034E-3,9.997398853E-1,1.773944262E2,1.898996009E-1,-8.033521778E-2,1.773942889E2
1.664970211E2,2.274437365E-2,7.339649601E-4,1.635230030E-3,9.997397065E-1,1.773934620E2,1.892482541E-1,-7.982240090E-2,1.773933260E2
1.665020211E2,2.275489039E-2,7.251913194E-4,1.638593501E-3,9.997394681E-1,1.773922566E2,1.896115393E-1,-7.880651567E-2,1.773921220E2
1.665070211E2,2.275742360E-2,7.251176867E-4,1.639811439E-3,9.997394085E-1,1.773919662E2,1.897510763E-1,-7.879442341E-2,1.773918315E2
1.665120211E2,2.275494203E-2,7.267240435E-4,1.637196750E-3,9.997394681E-1,1.773922506E2,1.894555258E-1,-7.898573969E-2,1.773921159E2
1.665170211E2,2.276041093E-2,7.219578256E-4,1.636079280E-3,9.997393489E-1,1.773916238E2,1.893155052E-1,-7.844159179E-2,1.773914900E2
1.665220211E2,2.276566281E-2,7.188340533E-4,1.637227833E-3,9.997392297E-1,1.773910218E2,1.894393475E-1,-7.807973607E-2,1.773908886E2
1.665270211E2,2.275522464E-2,7.260807324E-4,1.633550157E-3,9.997394681E-1,1.773922182E2,1.890361089E-1,-7.892149650E-2,1.773920839E2
1.665320211E2,2.276111385E-2,7.226673188E-4,1.625955920E-3,9.997393489E-1,1.773915432E2,1.881576577E-1,-7.854914491E-2,1.773914101E2
1.665370211E2,2.276639165E-2,7.187630399E-4,1.627092948E-3,9.997392297E-1,1.773909383E2,1.882781456E-1,-7.809790420E-2,1.773908058E2
1.665420211E2,2.275794876E-2,7.249059854E-4,1.632600790E-3,9.997394085E-1,1.773919060E2,1.889244984E-1,-7.878887629E-2,1.773917719E2
1.665470211E2,2.275555784E-2,7.266589673E-4,1.628644182E-3,9.997394681E-1,1.773921801E2,1.884756044E-1,-7.900047057E-2,1.773920460E2
1.665520211E2,2.276074385E-2,7.220682455E-4,1.631392399E-3,9.997393489E-1,1.773915856E2,1.887788804E-1,-7.846640356E-2,1.773914522E2
1.665570211E2,2.276334510E-2,7.202893030E-4,1.632410916E-3,9.997392893E-1,1.773912875E2,1.888911270E-1,-7.825945670E-2,1.773911543E2
1.665620211E2,2.276317256E-2,7.198802195E-4,1.634995337E-3,9.997392893E-1,1.773913072E2,1.891861229E-1,-7.820588227E-2,1.773911740E2
1.665670211E2,2.277158481E-2,7.153887418E-4,1.629153499E-3,9.997391105E-1,1.773903430E2,1.885058059E-1,-7.770498367E-2,1.773902111E2
1.665720211E2,2.276610871E-2,7.176048821E-4,1.631557010E-3,9.997392297E-1,1.773909707E2,1.887865139E-1,-7.795363045E-2,1.773908381E2
1.665770211E2,2.276583729E-2,7.189180469E-4,1.634762972E-3,9.997392297E-1,1.773910018E2,1.891572006E-1,-7.809575607E-2,1.773908687E2
1.665820211E2,2.276856080E-2,7.169037708E-4,1.634168555E-3,9.997391701E-1,1.773906896E2,1.890840595E-1,-7.786603280E-2,1.773905570E2
1.665870211E2,2.277664263E-2,7.117807982E-4,1.633178443E-3,9.997389913E-1,1.773897633E2,1.889578866E-1,-7.728019216E-2,1.773896317E2
1.665920211E2,2.277387625E-2,7.124884869E-4,1.634960528E-3,9.997390509E-1,1.773900804E2,1.891636794E-1,-7.735713811E-2,1.773899485E2
1.665970211E2,2.277872936E-2,7.100242656E-4,1.641306095E-3,9.997389317E-1,1.773895241E2,1.898845828E-1,-7.705735010E-2,1.773893922E2
1.666020211E2,2.276790822E-2,7.168960874E-4,1.643238938E-3,9.997391701E-1,1.773907644E2,1.901231107E-1,-7.784161004E-2,1.773906311E2
1.666070211E2,2.277088688E-2,7.144545089E-4,1.639287220E-3,9.997391105E-1,1.773904230E2,1.896642537E-1,-7.757164413E-2,1.773902905E2
1.666120211E2,2.277628419E-2,7.108702557E-4,1.638565096E-3,9.997389913E-1,1.773898044E2,1.895725882E-1,-7.716188689E-2,1.773896726E2
1.666170211E2,2.277616489E-2,7.106666453E-4,1.640310744E-3,9.997389913E-1,1.773898180E2,1.897720325E-1,-7.713402726E-2,1.773896861E2
1.666220211E2,2.276803021E-2,7.168960292E-4,1.641547889E-3,9.997391701E-1,1.773907505E2,1.899293899E-1,-7.784599239E-2,1.773906172E2
1.666270211E2,2.276852804E-2,7.170104655E-4,1.634578104E-3,9.997391701E-1,1.773906934E2,1.891312542E-1,-7.787719351E-2,1.773905607E2
1.666320211E2,2.277677605E-2,7.107049460E-4,1.631785766E-3,9.997389913E-1,1.773897480E2,1.887955406E-1,-7.716055060E-2,1.773896167E2
1.666370211E2,2.277132543E-2,7.139752852E-4,1.633393578E-3,9.997391105E-1,1.773903728E2,1.889878492E-1,-7.753203993E-2,1.773902407E2
1.666420211E2,2.276338994E-2,7.197620580E-4,1.632018248E-3,9.997392893E-1,1.773912823E2,1.888447700E-1,-7.820007046E-2,1.773911493E2
1.666470211E2,2.277166491E-2,7.140480448E-4,1.628621947E-3,9.997391105E-1,1.773903338E2,1.884414174E-1,-7.755276315E-2,1.773902022E2
1.666520211E2,2.277418838E-2,7.134745247E-4,1.630175742E-3,9.997390509E-1,1.773900446E2,1.886181222E-1,-7.748252887E-2,1.773899129E2
1.666570211E2,2.277641593E-2,7.108311402E-4,1.636749832E-3,9.997389913E-1,1.773897893E2,1.893645359E-1,-7.716211882E-2,1.773896576E2
1.666620211E2,2.277938334E-2,7.087027188E-4,1.632778789E-3,9.997389317E-1,1.773894491E2,1.889042774E-1,-7.692808746E-2,1.773893182E2
1.666670211E2,2.277911252E-2,7.090329891E-4,1.636409666E-3,9.997389317E-1,1.773894802E2,1.893210795E-1,-7.695649681E-2,1.773893489E2
1.666720211E2,2.277888603E-2,7.091361913E-4,1.639514696E-3,9.997389317E-1,1.773895061E2,1.896770501E-1,-7.696025733E-2,1.773893746E2
1.666770211E2,2.277376882E-2,7.133004256E-4,1.636102446E-3,9.997390509E-1,1.773900927E2,1.892966107E-1,-7.744719532E-2,1.773899606E2
1.666820211E2,2.277658022E-2,7.109033177E-4,1.634430606E-3,9.997389913E-1,1.773897704E2,1.890990416E-1,-7.717640998E-2,1.773896389E2
1.666870211E2,2.278201343E-2,7.077664486E-4,1.632985193E-3,9.997388721E-1,1.773891477E2,1.889256812E-1,-7.681979094E-2,1.773890169E2
1.666920211E2,2.277639597E-2,7.118334179E-4,1.636591973E-3,9.997389913E-1,1.773897916E2,1.893490660E-1,-7.727735727E-2,1.773896597E2
1.666970211E2,2.277168261E-2,7.150238380E-4,1.627946272E-3,9.997391105E-1,1.773903318E2,1.883665588E-1,-7.766631158E-2,1.773902000E2
1.667020211E2,2.276870864E-2,7.170489407E-4,1.632043626E-3,9.997391701E-1,1.773906727E2,1.888410136E-1,-7.788818020E-2,1.773905402E2
1.667070211E2,2.276891784E-2,7.159392117E-4,1.629610430E-3,9.997391701E-1,1.773906487E2,1.885593820E-1,-7.776735706E-2,1.773905166E2
1.667120211E2,2.277684120E-2,7.114722393E-4,1.630541519E-3,9.997389913E-1,1.773897405E2,1.886550051E-1,-7.725168843E-2,1.773896092E2
1.667170211E2,2.277703531E-2,7.108533173E-4,1.628098078E-3,9.997389913E-1,1.773897183E2,1.883734788E-1,-7.718712488E-2,1.773895873E2
1.667220211E2,2.277188705E-2,7.142559625E-4,1.625421690E-3,9.997391105E-1,1.773903084E2,1.880753492E-1,-7.758489209E-2,1.773901769E2
1.667270211E2,2.278247265E-2,7.078765775E-4,1.626517856E-3,9.997388721E-1,1.773890950E2,1.881850927E-1,-7.684920572E-2,1.773889647E2
1.667320211E2,2.277986324E-2,7.083797245E-4,1.626210520E-3,9.997389317E-1,1.773893941E2,1.881509967E-1,-7.690814057E-2,1.773892638E2
1.667370211E2,2.276673858E-2,7.176375948E-4,1.622729586E-3,9.997392297E-1,1.773908985E2,1.877753601E-1,-7.798028999E-2,1.773907666E2
1.667420211E2,2.277206422E-2,7.152185426E-4,1.622513635E-3,9.997391105E-1,1.773902881E2,1.877447224E-1,-7.770272250E-2,1.773901567E2
1.667470211E2,2.278008041E-2,7.094375324E-4,1.622703392E-3,9.997389317E-1,1.773893692E2,1.877519913E-1,-7.703843945E-2,1.773892389E2
1.667520211E2,2.277232888E-2,7.137602661E-4,1.619438408E-3,9.997391105E-1,1.773902577E2,1.873886326E-1,-7.754363542E-2,1.773901268E2
1.667570211E2,2.276988109E-2,7.162652910E-4,1.615951071E-3,9.997391701E-1,1.773905383E2,1.869954633E-1,-7.784017394E-2,1.773904072E2
1.667620211E2,2.278049269E-2,7.095951005E-4,1.616836176E-3,9.997389317E-1,1.773893220E2,1.870802742E-1,-7.707173017E-2,1.773891921E2
1.667670211E2,2.277985872E-2,7.090984145E-4,1.625960576E-3,9.997389317E-1,1.773893947E2,1.881242386E-1,-7.699112825E-2,1.773892642E2
1.667720211E2,2.277738906E-2,7.104036049E-4,1.623338438E-3,9.997389913E-1,1.773896777E2,1.878270580E-1,-7.714796218E-2,1.773895472E2
1.667770211E2,2.277751916E-2,7.101871888E-4,1.621606760E-3,9.997389913E-1,1.773896628E2,1.876281185E-1,-7.712766485E-2,1.773895324E2
1.667820211E2,2.278237557E-2,7.068072446E-4,1.628341735E-3,9.997388721E-1,1.773891062E2,1.883912405E-1,-7.672195762E-2,1.773889759E2
1.667870211E2,2.277682231E-2,7.107868441E-4,1.631104155E-3,9.997389913E-1,1.773897427E2,1.887176712E-1,-7.717170338E-2,1.773896115E2
1.667920211E2,2.276873458E-2,7.171484758E-4,1.631637919E-3,9.997391701E-1,1.773906697E2,1.887947967E-1,-7.790063680E-2,1.773905372E2
1.667970211E2,2.276901772E-2,7.170358440E-4,1.627731719E-3,9.997391701E-1,1.773906373E2,1.883470225E-1,-7.789787238E-2,1.773905051E2
1.668020211E2,2.277146057E-2,7.155257626E-4,1.630829065E-3,9.997391105E-1,1.773903573E2,1.886981102E-1,-7.771633196E-2,1.773902252E2
1.668070211E2,2.276861974E-2,7.171581965E-4,1.633235486E-3,9.997391701E-1,1.773906829E2,1.889778337E-1,-7.789760369E-2,1.773905503E2
1.668120211E2,2.276866788E-2,7.160042878E-4,1.633070642E-3,9.997391701E-1,1.773906774E2,1.889559415E-1,-7.776583094E-2,1.773905450E2
1.668170211E2,2.277701100E-2,7.109836442E-4,1.628381317E-3,9.997389913E-1,1.773897211E2,1.884062655E-1,-7.720132064E-2,1.773895900E2
1.668220211E2,2.278479298E-2,7.059471100E-4,1.631482621E-3,9.997388124E-1,1.773888291E2,1.887490061E-1,-7.661476253E-2,1.773886988E2
1.668270211E2,2.278432092E-2,7.059216150E-4,1.638072892E-3,9.997388124E-1,1.773888832E2,1.895038983E-1,-7.659472354E-2,1.773887524E2
1.668320211E2,2.278179249E-2,7.076695329E-4,1.636106521E-3,9.997388721E-1,1.773891730E2,1.892829969E-1,-7.680058089E-2,1.773890420E2
1.668370211E2,2.278729559E-2,7.031126879E-4,1.634276123E-3,9.997387528E-1,1.773885422E2,1.890618247E-1,-7.628227907E-2,1.773884122E2
1.668420211E2,2.278681760E-2,7.045678794E-4,1.640302944E-3,9.997387528E-1,1.773885970E2,1.897560335E-1,-7.643334072E-2,1.773884663E2
1.668470211E2,2.278690859E-2,7.031438290E-4,1.639649854E-3,9.997387528E-1,1.773885866E2,1.896775021E-1,-7.627188729E-2,1.773884562E2
1.668520211E2,2.279015714E-2,7.024909137E-4,1.631100313E-3,9.997386932E-1,1.773882142E2,1.886965918E-1,-7.621880067E-2,1.773880846E2
1.668570211E2,2.279853534E-2,6.962895277E-4,1.626267447E-3,9.997385144E-1,1.773872539E2,1.881273642E-1,-7.551940498E-2,1.773871258E2
1.668620211E2,2.279852942E-2,6.957178703E-4,1.626595040E-3,9.997385144E-1,1.773872546E2,1.881633997E-1,-7.545306019E-2,1.773871266E2
1.668670211E2,2.278499970E-2,7.047259714E-4,1.629121834E-3,9.997388124E-1,1.773888054E2,1.884753766E-1,-7.648099208E-2,1.773886755E2
1.668720211E2,2.279075951E-2,7.021120982E-4,1.622825861E-3,9.997386932E-1,1.773881452E2,1.877477104E-1,-7.619690014E-2,1.773880163E2
1.668770211E2,2.279368755E-2,6.996071315E-4,1.619499875E-3,9.997386336E-1,1.773878096E2,1.873603581E-1,-7.591806494E-2,1.773876814E2
1.668820211E2,2.278833128E-2,7.030664710E-4,1.619790448E-3,9.997387528E-1,1.773884235E2,1.874022748E-1,-7.631461763E-2,1.773882946E2
1.668870211E2,2.278593517E-2,7.045086822E-4,1.616079826E-3,9.997388124E-1,1.773886982E2,1.869807618E-1,-7.648997812E-2,1.773885693E2
1.668920211E2,2.279422267E-2,6.995556178E-4,1.611973043E-3,9.997386336E-1,1.773877482E2,1.864979751E-1,-7.593172442E-2,1.773876206E2
1.668970211E2,2.279676905E-2,6.977253943E-4,1.613722532E-3,9.997385740E-1,1.773874564E2,1.866938117E-1,-7.571700554E-2,1.773873290E2
1.669020211E2,2.278561714E-2,7.058164338E-4,1.619988470E-3,9.997388124E-1,1.773887346E2,1.874319348E-1,-7.662964966E-2,1.773886052E2
1.669070211E2,2.278031253E-2,7.094134344E-4,1.619452145E-3,9.997389317E-1,1.773893426E2,1.873794768E-1,-7.704412275E-2,1.773892126E2
1.669120211E2,2.278309946E-2,7.069106214E-4,1.618136652E-3,9.997388721E-1,1.773890232E2,1.872224508E-1,-7.676030853E-2,1.773888937E2
1.669170211E2,2.278555753E-2,7.056117174E-4,1.620915835E-3,9.997388124E-1,1.773887415E2,1.875376364E-1,-7.660378669E-2,1.773886120E2
1.669220211E2,2.277766291E-2,7.101123920E-4,1.619619201E-3,9.997389913E-1,1.773896463E2,1.874002355E-1,-7.712425707E-2,1.773895161E2
1.669270211E2,2.278588472E-2,7.056975737E-4,1.616272377E-3,9.997388124E-1,1.773887040E2,1.870059217E-1,-7.662568616E-2,1.773885748E2
1.669320211E2,2.278574396E-2,7.057072362E-4,1.618251321E-3,9.997388124E-1,1.773887201E2,1.872326480E-1,-7.662165205E-2,1.773885908E2
1.669370211E2,2.278806235E-2,7.035091403E-4,1.623377670E-3,9.997387528E-1,1.773884543E2,1.878143698E-1,-7.635601311E-2,1.773883251E2
1.669420211E2,2.279078035E-2,7.013956201E-4,1.622842974E-3,9.997386932E-1,1.773881428E2,1.877478010E-1,-7.611477061E-2,1.773880140E2
1.669470211E2,2.279109292E-2,7.013951545E-4,1.618447597E-3,9.997386932E-1,1.773881070E2,1.872442803E-1,-7.612613841E-2,1.773879785E2
1.669520211E2,2.279636449E-2,6.986494991E-4,1.619029092E-3,9.997385740E-1,1.773875027E2,1.873041255E-1,-7.580908518E-2,1.773873748E2
1.669570211E2,2.279881679E-2,6.964038475E-4,1.622267882E-3,9.997385144E-1,1.773872217E2,1.876694860E-1,-7.554289828E-2,1.773870939E2
1.669620211E2,2.279090708E-2,7.015267038E-4,1.621005591E-3,9.997386932E-1,1.773881283E2,1.875376587E-1,-7.613456281E-2,1.773879996E2
1.669670211E2,2.279104915E-2,7.013689610E-4,1.619075192E-3,9.997386932E-1,1.773881120E2,1.873161071E-1,-7.612150670E-2,1.773879835E2
1.669720211E2,2.279877577E-2,6.967723602E-4,1.622686163E-3,9.997385144E-1,1.773872264E2,1.877183648E-1,-7.558403057E-2,1.773870985E2
1.669770211E2,2.279594325E-2,6.982543855E-4,1.625119243E-3,9.997385740E-1,1.773875510E2,1.880007612E-1,-7.574798961E-2,1.773874227E2
1.669820211E2,2.279622246E-2,6.976157892E-4,1.621472882E-3,9.997385740E-1,1.773875190E2,1.875813795E-1,-7.568430417E-2,1.773873911E2
1.669870211E2,2.280173166E-2,6.949477829E-4,1.618653070E-3,9.997384548E-1,1.773868876E2,1.872517811E-1,-7.538498753E-2,1.773867603E2
1.669920211E2,2.279066189E-2,7.009896217E-4,1.624680939E-3,9.997386932E-1,1.773881564E2,1.879572925E-1,-7.606348070E-2,1.773880275E2
1.669970211E2,2.277465576E-2,7.118498324E-4,1.624346012E-3,9.997390509E-1,1.773899910E2,1.879460518E-1,-7.731152830E-2,1.773898601E2
1.670020211E2,2.277258759E-2,7.137662033E-4,1.615793677E-3,9.997391105E-1,1.773902281E2,1.869711203E-1,-7.755377869E-2,1.773900975E2
1.670070211E2,2.278582059E-2,7.046880201E-4,1.617616392E-3,9.997388124E-1,1.773887113E2,1.871572534E-1,-7.650653251E-2,1.773885823E2
1.670120211E2,2.279113610E-2,7.007140666E-4,1.618134556E-3,9.997386932E-1,1.773881020E2,1.872066420E-1,-7.604892137E-2,1.773879737E2
1.670170211E2,2.278582013E-2,7.044521044E-4,1.617725589E-3,9.997388124E-1,1.773887114E2,1.871691472E-1,-7.647922057E-2,1.773885824E2
1.670220211E2,2.278599222E-2,7.047587424E-4,1.615166082E-3,9.997388124E-1,1.773886916E2,1.868767388E-1,-7.652100074E-2,1.773885628E2
1.670270211E2,2.278842695E-2,7.026023814E-4,1.618645503E-3,9.997387528E-1,1.773884126E2,1.872699028E-1,-7.626442282E-2,1.773882839E2
1.670320211E2,2.278839552E-2,7.034855080E-4,1.618704293E-3,9.997387528E-1,1.773884162E2,1.872789420E-1,-7.636544764E-2,1.773882873E2
1.670370211E2,2.278321447E-2,7.073800080E-4,1.616311143E-3,9.997388721E-1,1.773890100E2,1.870145513E-1,-7.681882692E-2,1.773888806E2
1.670420211E2,2.278621917E-2,7.044653175E-4,1.612089458E-3,9.997388124E-1,1.773886656E2,1.865235256E-1,-7.649537688E-2,1.773885371E2
1.670470211E2,2.278841693E-2,7.034838200E-4,1.618403709E-3,9.997387528E-1,1.773884137E2,1.872445037E-1,-7.636603522E-2,1.773882849E2
1.670520211E2,2.278276386E-2,7.079241332E-4,1.622413052E-3,9.997388721E-1,1.773890617E2,1.877149845E-1,-7.686531597E-2,1.773889317E2
1.670570211E2,2.278023177E-2,7.089705323E-4,1.620781608E-3,9.997389317E-1,1.773893519E2,1.875306202E-1,-7.698992763E-2,1.773892218E2
1.670620211E2,2.278534984E-2,7.057154435E-4,1.623787568E-3,9.997388124E-1,1.773887653E2,1.878668829E-1,-7.660821017E-2,1.773886356E2
1.670670211E2,2.278524324E-2,7.060194621E-4,1.625150791E-3,9.997388124E-1,1.773887775E2,1.880238423E-1,-7.663949953E-2,1.773886476E2
1.670720211E2,2.278280898E-2,7.062580553E-4,1.622505486E-3,9.997388721E-1,1.773890565E2,1.877212271E-1,-7.667419748E-2,1.773889268E2
1.670770211E2,2.278033551E-2,7.093514432E-4,1.619155984E-3,9.997389317E-1,1.773893400E2,1.873453879E-1,-7.703778977E-2,1.773892100E2
1.670820211E2,2.277760800E-2,7.099420181E-4,1.620465773E-3,9.997389913E-1,1.773896526E2,1.874967716E-1,-7.710253927E-2,1.773895224E2
1.670870211E2,2.277729910E-2,7.115870831E-4,1.624082215E-3,9.997389913E-1,1.773896880E2,1.879153492E-1,-7.728161892E-2,1.773895572E2
1.670920211E2,2.277238773E-2,7.136678323E-4,1.618651440E-3,9.997391105E-1,1.773902510E2,1.872982393E-1,-7.753508874E-2,1.773901202E2
1.670970211E2,2.277516561E-2,7.126790006E-4,1.616816386E-3,9.997390509E-1,1.773899326E2,1.870856460E-1,-7.742607551E-2,1.773898021E2
1.671020211E2,2.277773624E-2,7.100281073E-4,1.618624432E-3,9.997389913E-1,1.773896379E2,1.872860584E-1,-7.711718414E-2,1.773895078E2
1.671070211E2,2.278301191E-2,7.070876309E-4,1.619291608E-3,9.997388721E-1,1.773890332E2,1.873552204E-1,-7.677758799E-2,1.773889036E2
1.671120211E2,2.278288011E-2,7.076329202E-4,1.620906871E-3,9.997388721E-1,1.773890483E2,1.875416819E-1,-7.683586473E-2,1.773889185E2
1.671170211E2,2.278545519E-2,7.060797652E-4,1.622150070E-3,9.997388124E-1,1.773887532E2,1.876802473E-1,-7.665420344E-2,1.773886235E2
1.671220211E2,2.278293616E-2,7.067198167E-4,1.620517462E-3,9.997388721E-1,1.773890419E2,1.874946904E-1,-7.673226423E-2,1.773889123E2
1.671270211E2,2.278271928E-2,7.066850667E-4,1.623578835E-3,9.997388721E-1,1.773890668E2,1.878453003E-1,-7.672033113E-2,1.773889369E2
1.671320211E2,2.278815743E-2,7.033399306E-4,1.622115844E-3,9.997387528E-1,1.773884434E2,1.876693778E-1,-7.633990551E-2,1.773883143E2
1.671370211E2,2.279383457E-2,7.002559723E-4,1.617148519E-3,9.997386336E-1,1.773877927E2,1.870926881E-1,-7.599851167E-2,1.773876646E2
1.671420211E2,2.279370971E-2,7.005708176E-4,1.618771348E-3,9.997386336E-1,1.773878070E2,1.872794157E-1,-7.603036524E-2,1.773876787E2
1.671470211E2,2.278588170E-2,7.052863366E-4,1.616494381E-3,9.997388124E-1,1.773887043E2,1.870302808E-1,-7.657799502E-2,1.773885752E2
1.671520211E2,2.278587489E-2,7.047960535E-4,1.616804278E-3,9.997388124E-1,1.773887051E2,1.870645024E-1,-7.652101943E-2,1.773885761E2
1.671570211E2,2.279098782E-2,7.012760034E-4,1.619978459E-3,9.997386932E-1,1.773881190E2,1.874193397E-1,-7.610850966E-2,1.773879905E2
1.671620211E2,2.279368536E-2,7.006108062E-4,1.619096845E-3,9.997386336E-1,1.773878098E2,1.873168079E-1,-7.603410074E-2,1.773876815E2
1.671670211E2,2.279130012E-2,7.016134914E-4,1.615432324E-3,9.997386932E-1,1.773880832E2,1.868994307E-1,-7.615898801E-2,1.773879550E2
1.671720211E2,2.279406439E-2,6.999264006E-4,1.614048961E-3,9.997386336E-1,1.773877664E2,1.867367530E-1,-7.596880885E-2,1.773876385E2
1.671770211E2,2.279895692E-2,6.967989029E-4,1.620127587E-3,9.997385144E-1,1.773872056E2,1.874253323E-1,-7.559372212E-2,1.773870779E2
1.671820211E2,2.279336196E-2,7.006960805E-4,1.623606426E-3,9.997386336E-1,1.773878469E2,1.878336327E-1,-7.603215119E-2,1.773877182E2
1.671870211E2,2.278556901E-2,7.048100233E-4,1.621103263E-3,9.997388124E-1,1.773887401E2,1.875570159E-1,-7.651145171E-2,1.773886108E2
1.671920211E2,2.279335469E-2,7.007675013E-4,1.623677672E-3,9.997386336E-1,1.773878477E2,1.878419808E-1,-7.604014855E-2,1.773877190E2
1.671970211E2,2.279326903E-2,6.996892043E-4,1.625344390E-3,9.997386336E-1,1.773878576E2,1.880301001E-1,-7.591227961E-2,1.773877289E2
1.672020211E2,2.278797716E-2,7.034511073E-4,1.624598284E-3,9.997387528E-1,1.773884641E2,1.879540478E-1,-7.634619318E-2,1.773883348E2
1.672070211E2,2.279338406E-2,7.002015482E-4,1.623509568E-3,9.997386336E-1,1.773878444E2,1.878212463E-1,-7.597574560E-2,1.773877158E2
1.672120211E2,2.279578548E-2,6.973291165E-4,1.627727528E-3,9.997385740E-1,1.773875691E2,1.882971423E-1,-7.563520522E-2,1.773874407E2
1.672170211E2,2.279844608E-2,6.956642028E-4,1.627785619E-3,9.997385144E-1,1.773872641E2,1.882996484E-1,-7.544381709E-2,1.773871361E2
1.672220211E2,2.279571886E-2,6.978354068E-4,1.628443366E-3,9.997385740E-1,1.773875767E2,1.883804678E-1,-7.569134920E-2,1.773874482E2
1.672270211E2,2.279299886E-2,6.994659198E-4,1.629224513E-3,9.997386336E-1,1.773878885E2,1.884740109E-1,-7.587661562E-2,1.773877596E2
1.672320211E2,2.279810093E-2,6.959170569E-4,1.632504864E-3,9.997385144E-1,1.773873037E2,1.888409291E-1,-7.546051997E-2,1.773871752E2
1.672370211E2,2.279554300E-2,6.982031628E-4,1.630745945E-3,9.997385740E-1,1.773875969E2,1.886452033E-1,-7.572749803E-2,1.773874681E2
1.672420211E2,2.279567142E-2,6.978652091E-4,1.629094593E-3,9.997385740E-1,1.773875822E2,1.884551480E-1,-7.569307113E-2,1.773874536E2
1.672470211E2,2.280384342E-2,6.929979427E-4,1.626534271E-3,9.997383952E-1,1.773866455E2,1.881497304E-1,-7.514061951E-2,1.773865180E2
1.672520211E2,2.280877436E-2,6.896994309E-4,1.632059459E-3,9.997382760E-1,1.773860803E2,1.887744549E-1,-7.474736683E-2,1.773859531E2
1.672570211E2,2.280360083E-2,6.923394976E-4,1.630211598E-3,9.997383952E-1,1.773866733E2,1.885692733E-1,-7.505562292E-2,1.773865457E2
1.672620211E2,2.280380086E-2,6.929819356E-4,1.627137768E-3,9.997383952E-1,1.773866504E2,1.882188232E-1,-7.513721663E-2,1.773865229E2
1.672670211E2,2.280966031E-2,6.880268338E-4,1.620341442E-3,9.997382760E-1,1.773859788E2,1.874277096E-1,-7.458621414E-2,1.773858527E2
1.672720211E2,2.280899560E-2,6.894075195E-4,1.629088074E-3,9.997382760E-1,1.773860549E2,1.884333006E-1,-7.472164996E-2,1.773859280E2
1.672770211E2,2.279553577E-2,6.979432073E-4,1.630958170E-3,9.997385740E-1,1.773875977E2,1.886688365E-1,-7.569716407E-2,1.773874690E2
1.672820211E2,2.279012343E-2,7.018284523E-4,1.631856314E-3,9.997386932E-1,1.773882181E2,1.887814680E-1,-7.614093991E-2,1.773880885E2
1.672870211E2,2.279795598E-2,6.967082154E-4,1.634190790E-3,9.997385144E-1,1.773873203E2,1.890361284E-1,-7.554677913E-2,1.773871916E2
1.672920211E2,2.280076622E-2,6.952586118E-4,1.632063650E-3,9.997384548E-1,1.773869982E2,1.887888633E-1,-7.538573683E-2,1.773868699E2
1.672970211E2,2.280075559E-2,6.949172821E-4,1.632357598E-3,9.997384548E-1,1.773869994E2,1.888216458E-1,-7.534586749E-2,1.773868712E2
1.673020211E2,2.279552215E-2,6.982342456E-4,1.631023944E-3,9.997385740E-1,1.773875993E2,1.886771311E-1,-7.573033664E-2,1.773874705E2
1.673070211E2,2.280344270E-2,6.925739581E-4,1.632322557E-3,9.997383952E-1,1.773866914E2,1.888117098E-1,-7.507699653E-2,1.773865636E2
1.673120211E2,2.279773242E-2,6.963408086E-4,1.637462876E-3,9.997385144E-1,1.773873460E2,1.894100082E-1,-7.549618216E-2,1.773872170E2
1.673170211E2,2.279260636E-2,6.998607423E-4,1.634537475E-3,9.997386336E-1,1.773879335E2,1.890836762E-1,-7.590804383E-2,1.773878041E2
1.673220211E2,2.280070910E-2,6.941721658E-4,1.633323729E-3,9.997384548E-1,1.773870048E2,1.889303771E-1,-7.525799013E-2,1.773868766E2
1.673270211E2,2.280831457E-2,6.893902319E-4,1.638602582E-3,9.997382760E-1,1.773861330E2,1.895232053E-1,-7.469492907E-2,1.773860053E2
1.673320211E2,2.280051487E-2,6.938011502E-4,1.636190107E-3,9.997384548E-1,1.773870270E2,1.892577710E-1,-7.520803318E-2,1.773868987E2
1.673370211E2,2.280317330E-2,6.934843841E-4,1.635696040E-3,9.997383952E-1,1.773867223E2,1.892005418E-1,-7.517253177E-2,1.773865941E2
1.673420211E2,2.281097514E-2,6.866465556E-4,1.639084774E-3,9.997382164E-1,1.773858281E2,1.895714721E-1,-7.437884425E-2,1.773857009E2
1.673470211E2,2.281649989E-2,6.836188841E-4,1.636161120E-3,9.997380972E-1,1.773851948E2,1.892290264E-1,-7.403858629E-2,1.773850684E2
1.673520211E2,2.281374410E-2,6.846912438E-4,1.637719455E-3,9.997381568E-1,1.773855107E2,1.894101521E-1,-7.415788505E-2,1.773853840E2
1.673570211E2,2.281662391E-2,6.835676031E-4,1.634452143E-3,9.997380972E-1,1.773851806E2,1.890331177E-1,-7.403715649E-2,1.773850543E2
1.673620211E2,2.282204035E-2,6.796241505E-4,1.633391134E-3,9.997379780E-1,1.773845597E2,1.889016531E-1,-7.358713910E-2,1.773844343E2
1.673670211E2,2.281378858E-2,6.857347907E-4,1.636662986E-3,9.997381568E-1,1.773855056E2,1.892918527E-1,-7.428018905E-2,1.773853788E2
1.673720211E2,2.280602054E-2,6.910142256E-4,1.633474603E-3,9.997383356E-1,1.773863960E2,1.889398073E-1,-7.489481332E-2,1.773862684E2
1.673770211E2,2.280879123E-2,6.889295182E-4,1.632148866E-3,9.997382760E-1,1.773860784E2,1.887826862E-1,-7.465892750E-2,1.773859513E2
1.673820211E2,2.280326374E-2,6.922116154E-4,1.634974265E-3,9.997383952E-1,1.773867119E2,1.891145344E-1,-7.502859034E-2,1.773865840E2
1.673870211E2,2.280309476E-2,6.931707612E-4,1.636923407E-3,9.997383952E-1,1.773867313E2,1.893403259E-1,-7.513341016E-2,1.773866030E2
1.673920211E2,2.280288339E-2,6.921220338E-4,1.640308183E-3,9.997383952E-1,1.773867555E2,1.897253359E-1,-7.500446135E-2,1.773866272E2
1.673970211E2,2.280563239E-2,6.902742898E-4,1.639196649E-3,9.997383356E-1,1.773864404E2,1.895933731E-1,-7.479516407E-2,1.773863126E2
1.674020211E2,2.281869821E-2,6.811675848E-4,1.642932184E-3,9.997380376E-1,1.773849428E2,1.899984848E-1,-7.373963941E-2,1.773848164E2
1.674070211E2,2.281858648E-2,6.817355170E-4,1.644247794E-3,9.997380376E-1,1.773849556E2,1.901506806E-1,-7.380128360E-2,1.773848290E2
1.674120211E2,2.281877409E-2,6.828586920E-4,1.641175244E-3,9.997380376E-1,1.773849341E2,1.898016346E-1,-7.393795525E-2,1.773848075E2
1.674170211E2,2.282445140E-2,6.789495237E-4,1.636461122E-3,9.997379184E-1,1.773842834E2,1.892517697E-1,-7.350136731E-2,1.773841579E2
1.674220211E2,2.282971359E-2,6.751841865E-4,1.637442852E-3,9.997377992E-1,1.773836802E2,1.893547736E-1,-7.306643986E-2,1.773835554E2
1.674270211E2,2.281648091E-2,6.830280763E-4,1.636672416E-3,9.997380972E-1,1.773851970E2,1.892860551E-1,-7.396956912E-2,1.773850707E2
1.674320211E2,2.281143629E-2,6.867562770E-4,1.632608124E-3,9.997382164E-1,1.773857752E2,1.888298156E-1,-7.440825747E-2,1.773856485E2
1.674370211E2,2.281414418E-2,6.851741346E-4,1.631934079E-3,9.997381568E-1,1.773854648E2,1.887486604E-1,-7.422825549E-2,1.773853385E2
1.674420211E2,2.281404293E-2,6.846095202E-4,1.633585664E-3,9.997381568E-1,1.773854764E2,1.889363853E-1,-7.415927355E-2,1.773853500E2
1.674470211E2,2.280291023E-2,6.920914748E-4,1.639947877E-3,9.997383952E-1,1.773867525E2,1.896839807E-1,-7.500189689E-2,1.773866242E2
1.674520211E2,2.280594109E-2,6.905504852E-4,1.634779503E-3,9.997383356E-1,1.773864051E2,1.890880811E-1,-7.483829113E-2,1.773862775E2
1.674570211E2,2.281107576E-2,6.873609382E-4,1.637384063E-3,9.997382164E-1,1.773858165E2,1.893785104E-1,-7.446511180E-2,1.773856893E2
1.674620211E2,2.280326055E-2,6.921811146E-4,1.635031542E-3,9.997383952E-1,1.773867123E2,1.891210161E-1,-7.502494704E-2,1.773865844E2
1.674670211E2,2.280329411E-2,6.925892085E-4,1.634390675E-3,9.997383952E-1,1.773867085E2,1.890486662E-1,-7.507336731E-2,1.773865805E2
1.674720211E2,2.280881723E-2,6.882980233E-4,1.632051892E-3,9.997382760E-1,1.773860754E2,1.887699278E-1,-7.458683099E-2,1.773859484E2
1.674770211E2,2.280304102E-2,6.928383955E-4,1.637812587E-3,9.997383952E-1,1.773867375E2,1.894413195E-1,-7.509302040E-2,1.773866092E2
1.674820211E2,2.280019583E-2,6.949556409E-4,1.640141243E-3,9.997384548E-1,1.773870636E2,1.897134138E-1,-7.533003022E-2,1.773869347E2
1.674870211E2,2.280301649E-2,6.930222735E-4,1.638076268E-3,9.997383952E-1,1.773867403E2,1.894720060E-1,-7.511340137E-2,1.773866120E2
1.674920211E2,2.280056032E-2,6.954073906E-4,1.634874381E-3,9.997384548E-1,1.773870218E2,1.891112395E-1,-7.539547593E-2,1.773868933E2
1.674970211E2,2.279515175E-2,6.980740000E-4,1.636260888E-3,9.997385740E-1,1.773876418E2,1.892766392E-1,-7.569836826E-2,1.773875126E2
1.675020211E2,2.279795747E-2,6.955916760E-4,1.634645509E-3,9.997385144E-1,1.773873202E2,1.890853046E-1,-7.541767828E-2,1.773871916E2
1.675070211E2,2.279567737E-2,6.987812812E-4,1.628618571E-3,9.997385740E-1,1.773875815E2,1.884030076E-1,-7.579926027E-2,1.773874528E2
1.675120211E2,2.280640565E-2,6.909218500E-4,1.628128113E-3,9.997383356E-1,1.773863518E2,1.883270902E-1,-7.489813118E-2,1.773862246E2
1.675170211E2,2.280608512E-2,6.914400728E-4,1.632392406E-3,9.997383356E-1,1.773863886E2,1.888169466E-1,-7.494641520E-2,1.773862610E2
1.675220211E2,2.280044909E-2,6.946550566E-4,1.636744360E-3,9.997384548E-1,1.773870346E2,1.893234937E-1,-7.530442235E-2,1.773869060E2
1.675270211E2,2.278758149E-2,7.039544871E-4,1.629921491E-3,9.997387528E-1,1.773885095E2,1.885651696E-1,-7.639003459E-2,1.773883796E2
1.675320211E2,2.279557633E-2,6.985246437E-4,1.630142215E-3,9.997385740E-1,1.773875931E2,1.885768812E-1,-7.576589825E-2,1.773874643E2
1.675370211E2,2.280596825E-2,6.914017140E-4,1.634040615E-3,9.997383356E-1,1.773864019E2,1.890056596E-1,-7.493773523E-2,1.773862742E2
1.675420211E2,2.280328811E-2,6.925853668E-4,1.634475891E-3,9.997383952E-1,1.773867091E2,1.890584183E-1,-7.507270564E-2,1.773865812E2
1.675470211E2,2.279823051E-2,6.961104227E-4,1.630611718E-3,9.997385144E-1,1.773872889E2,1.886245615E-1,-7.548759386E-2,1.773871605E2
1.675520211E2,2.280647495E-2,6.905504270E-4,1.627314719E-3,9.997383356E-1,1.773863439E2,1.882329406E-1,-7.485769315E-2,1.773862168E2
1.675570211E2,2.280100598E-2,6.944270572E-4,1.629065373E-3,9.997384548E-1,1.773869707E2,1.884432198E-1,-7.529826160E-2,1.773868428E2
1.675620211E2,2.280141555E-2,6.943604094E-4,1.623351243E-3,9.997384548E-1,1.773869238E2,1.877884544E-1,-7.530548003E-2,1.773867963E2
1.675670211E2,2.280936122E-2,6.887425552E-4,1.624242985E-3,9.997382760E-1,1.773860130E2,1.878765267E-1,-7.465806620E-2,1.773858866E2
1.675720211E2,2.280910611E-2,6.880934816E-4,1.628096099E-3,9.997382760E-1,1.773860423E2,1.883162313E-1,-7.457368371E-2,1.773859156E2
1.675770211E2,2.281425107E-2,6.854984094E-4,1.630302751E-3,9.997381568E-1,1.773854526E2,1.885626281E-1,-7.426964979E-2,1.773853263E2
1.675820211E2,2.281994457E-2,6.809597835E-4,1.625615871E-3,9.997380376E-1,1.773848000E2,1.880142428E-1,-7.376088043E-2,1.773846749E2
1.675870211E2,2.283283318E-2,6.723999395E-4,1.631471911E-3,9.997377396E-1,1.773833227E2,1.886636732E-1,-7.276250479E-2,1.773831988E2
1.675920211E2,2.282449040E-2,6.777220988E-4,1.636425965E-3,9.997379184E-1,1.773842789E2,1.892445341E-1,-7.336083615E-2,1.773841537E2
1.675970211E2,2.282177716E-2,6.799156545E-4,1.636943314E-3,9.997379780E-1,1.773845899E2,1.893093409E-1,-7.361129392E-2,1.773844642E2
1.676020211E2,2.282967873E-2,6.749376189E-4,1.638030400E-3,9.997377992E-1,1.773836842E2,1.894214365E-1,-7.303666214E-2,1.773835594E2
1.676070211E2,2.282975382E-2,6.752433255E-4,1.636857516E-3,9.997377992E-1,1.773836756E2,1.892878740E-1,-7.307473867E-2,1.773835508E2
1.676120211E2,2.282162084E-2,6.803324795E-4,1.638948219E-3,9.997379780E-1,1.773846078E2,1.895401054E-1,-7.365383224E-2,1.773844819E2
1.676170211E2,2.282199901E-2,6.807800382E-4,1.633487409E-3,9.997379780E-1,1.773845645E2,1.889157029E-1,-7.371931544E-2,1.773844389E2
1.676220211E2,2.282180243E-2,6.804261939E-4,1.636378700E-3,9.997379780E-1,1.773845870E2,1.892459948E-1,-7.367125398E-2,1.773844612E2
1.676270211E2,2.281659696E-2,6.839326234E-4,1.634675660E-3,9.997380972E-1,1.773851837E2,1.890596769E-1,-7.407839445E-2,1.773850573E2
1.676320211E2,2.281418424E-2,6.844833260E-4,1.631663996E-3,9.997381568E-1,1.773854602E2,1.887159158E-1,-7.414981392E-2,1.773853340E2
1.676370211E2,2.281691442E-2,6.843750598E-4,1.630052808E-3,9.997380972E-1,1.773851473E2,1.885312544E-1,-7.414110827E-2,1.773850212E2
1.676420211E2,2.281163282E-2,6.865477771E-4,1.629947685E-3,9.997382164E-1,1.773857527E2,1.885244999E-1,-7.439128907E-2,1.773856262E2
1.676470211E2,2.281462832E-2,6.846035249E-4,1.625392120E-3,9.997381568E-1,1.773854093E2,1.879977448E-1,-7.417989804E-2,1.773852836E2
1.676520211E2,2.280925959E-2,6.890546647E-4,1.625537290E-3,9.997382760E-1,1.773860247E2,1.880256132E-1,-7.469045790E-2,1.773858981E2
1.676570211E2,2.280398922E-2,6.931864773E-4,1.624408527E-3,9.997383952E-1,1.773866288E2,1.879067047E-1,-7.516774606E-2,1.773865015E2
1.676620211E2,2.279876400E-2,6.960234023E-4,1.623172779E-3,9.997385144E-1,1.773872277E2,1.877721547E-1,-7.549695955E-2,1.773870999E2
1.676670211E2,2.279573745E-2,6.974448916E-4,1.628350466E-3,9.997385740E-1,1.773875746E2,1.883688062E-1,-7.564685032E-2,1.773874462E2
1.676720211E2,2.279001710E-2,7.022127393E-4,1.633175416E-3,9.997386932E-1,1.773882303E2,1.889335826E-1,-7.618153948E-2,1.773881006E2
1.676770211E2,2.278501274E-2,7.060234784E-4,1.628377475E-3,9.997388124E-1,1.773888039E2,1.883934906E-1,-7.663157779E-2,1.773886738E2
1.676820211E2,2.279576528E-2,6.975971046E-4,1.627895515E-3,9.997385740E-1,1.773875714E2,1.883170859E-1,-7.566547134E-2,1.773874430E2
1.676870211E2,2.279538513E-2,6.991489208E-4,1.632546540E-3,9.997385740E-1,1.773876150E2,1.888539420E-1,-7.583117174E-2,1.773874859E2
1.676920211E2,2.278754559E-2,7.032108842E-4,1.630744082E-3,9.997387528E-1,1.773885136E2,1.886574625E-1,-7.630270487E-2,1.773883838E2
1.676970211E2,2.279566244E-2,6.974441931E-4,1.629400533E-3,9.997385740E-1,1.773875832E2,1.884890964E-1,-7.564404132E-2,1.773874547E2
1.677020211E2,2.281130867E-2,6.870059296E-4,1.634285436E-3,9.997382164E-1,1.773857898E2,1.890226149E-1,-7.443249750E-2,1.773856629E2
1.677070211E2,2.280059560E-2,6.949373055E-4,1.634582295E-3,9.997384548E-1,1.773870178E2,1.890765518E-1,-7.534237874E-2,1.773868893E2
1.677120211E2,2.279775742E-2,6.968203234E-4,1.636910718E-3,9.997385144E-1,1.773873431E2,1.893480067E-1,-7.555255397E-2,1.773872141E2
1.677170211E2,2.280580223E-2,6.901984452E-4,1.636863919E-3,9.997383356E-1,1.773864210E2,1.893259454E-1,-7.479253954E-2,1.773862933E2
1.677220211E2,2.280810695E-2,6.897727726E-4,1.641329261E-3,9.997382760E-1,1.773861568E2,1.898365636E-1,-7.473166606E-2,1.773860289E2
1.677270211E2,2.280033377E-2,6.951654213E-4,1.638133544E-3,9.997384548E-1,1.773870478E2,1.894839664E-1,-7.535928266E-2,1.773869190E2
1.677320211E2,2.280327462E-2,6.925087073E-4,1.634696615E-3,9.997383952E-1,1.773867107E2,1.890835034E-1,-7.506334916E-2,1.773865827E2
1.677370211E2,2.281127217E-2,6.868272321E-4,1.634869841E-3,9.997382164E-1,1.773857940E2,1.890890956E-1,-7.441050483E-2,1.773856671E2
1.677420211E2,2.281091950E-2,6.868071505E-4,1.639791648E-3,9.997382164E-1,1.773858344E2,1.896528687E-1,-7.439540500E-2,1.773857072E2
1.677470211E2,2.280266297E-2,6.929574301E-4,1.643017400E-3,9.997383952E-1,1.773867808E2,1.900378759E-1,-7.509312802E-2,1.773866521E2
1.677520211E2,2.279747292E-2,6.971007097E-4,1.640749048E-3,9.997385144E-1,1.773873757E2,1.897884445E-1,-7.557470161E-2,1.773872464E2
1.677570211E2,2.280232444E-2,6.939569721E-4,1.647288329E-3,9.997383952E-1,1.773868196E2,1.905297487E-1,-7.519654121E-2,1.773866904E2
1.677620211E2,2.280209668E-2,6.937818835E-4,1.650511520E-3,9.997383952E-1,1.773868457E2,1.908985292E-1,-7.516810378E-2,1.773867163E2
1.677670211E2,2.279427932E-2,6.993103889E-4,1.647845842E-3,9.997385740E-1,1.773877418E2,1.906069987E-1,-7.580991436E-2,1.773876115E2
1.677720211E2,2.280263976E-2,6.936588907E-4,1.643043477E-3,9.997383952E-1,1.773867835E2,1.900426947E-1,-7.517342474E-2,1.773866546E2
1.677770211E2,2.280819798E-2,6.884169998E-4,1.640633331E-3,9.997382760E-1,1.773861464E2,1.897532992E-1,-7.457814825E-2,1.773860187E2
1.677820211E2,2.280818063E-2,6.897617131E-4,1.640309696E-3,9.997382760E-1,1.773861484E2,1.897197368E-1,-7.473304997E-2,1.773860205E2
1.677870211E2,2.280022669E-2,6.956811412E-4,1.639404567E-3,9.997384548E-1,1.773870601E2,1.896309168E-1,-7.541506368E-2,1.773869311E2
1.677920211E2,2.280332359E-2,6.922830362E-4,1.634108950E-3,9.997383952E-1,1.773867051E2,1.890155933E-1,-7.503902234E-2,1.773865772E2
1.677970211E2,2.280322580E-2,6.921273307E-4,1.635538996E-3,9.997383952E-1,1.773867163E2,1.891790079E-1,-7.501746598E-2,1.773865883E2
1.678020211E2,2.279511219E-2,6.989298854E-4,1.636446686E-3,9.997385740E-1,1.773876463E2,1.893001577E-1,-7.579594204E-2,1.773875169E2
1.678070211E2,2.279560219E-2,6.974179996E-4,1.630254323E-3,9.997385740E-1,1.773875901E2,1.885868353E-1,-7.563882155E-2,1.773874615E2
1.678120211E2,2.280374470E-2,6.926249480E-4,1.628076541E-3,9.997383952E-1,1.773866568E2,1.883254337E-1,-7.509387688E-2,1.773865293E2
1.678170211E2,2.280358704E-2,6.919642328E-4,1.630563871E-3,9.997383952E-1,1.773866749E2,1.886086485E-1,-7.501171401E-2,1.773865473E2
1.678220211E2,2.279790577E-2,6.960308529E-4,1.635179506E-3,9.997385144E-1,1.773873261E2,1.891476240E-1,-7.546660576E-2,1.773871974E2
1.678270211E2,2.280589143E-2,6.911468226E-4,1.635220135E-3,9.997383356E-1,1.773864108E2,1.891401157E-1,-7.490546632E-2,1.773862830E2
1.678320211E2,2.280865750E-2,6.895299884E-4,1.633763313E-3,9.997382760E-1,1.773860937E2,1.889692001E-1,-7.472352373E-2,1.773859664E2
1.678370211E2,2.280349411E-2,6.929758238E-4,1.631433610E-3,9.997383952E-1,1.773866855E2,1.887109243E-1,-7.512534822E-2,1.773865577E2
1.678420211E2,2.280642524E-2,6.914164987E-4,1.627643593E-3,9.997383356E-1,1.773863496E2,1.882728770E-1,-7.495606157E-2,1.773862223E2
1.678470211E2,2.280926641E-2,6.889930810E-4,1.625467790E-3,9.997382760E-1,1.773860239E2,1.880174907E-1,-7.468358316E-2,1.773858973E2
1.678520211E2,2.281155197E-2,6.867744960E-4,1.630983315E-3,9.997382164E-1,1.773857619E2,1.886437305E-1,-7.441457030E-2,1.773856353E2
1.678570211E2,2.280108219E-2,6.948853843E-4,1.627802732E-3,9.997384548E-1,1.773869620E2,1.882997726E-1,-7.535405314E-2,1.773868341E2
1.678620211E2,2.279887234E-2,6.962000625E-4,1.621574513E-3,9.997385144E-1,1.773872153E2,1.875895239E-1,-7.552135347E-2,1.773870876E2
1.678670211E2,2.280679356E-2,6.904998445E-4,1.622864860E-3,9.997383356E-1,1.773863074E2,1.877230476E-1,-7.486346849E-2,1.773861806E2
1.678720211E2,2.280917442E-2,6.880725268E-4,1.627147663E-3,9.997382760E-1,1.773860345E2,1.882075269E-1,-7.457374932E-2,1.773859079E2
1.678770211E2,2.281436934E-2,6.859892164E-4,1.628440223E-3,9.997381568E-1,1.773854390E2,1.883505453E-1,-7.433072463E-2,1.773853127E2
1.678820211E2,2.282233747E-2,6.802984281E-4,1.628953032E-3,9.997379780E-1,1.773845257E2,1.883950012E-1,-7.367593656E-2,1.773844005E2
1.678870211E2,2.282256099E-2,6.789612235E-4,1.626377227E-3,9.997379780E-1,1.773845001E2,1.880964308E-1,-7.352943894E-2,1.773843753E2
1.678920211E2,2.282499828E-2,6.772449124E-4,1.629525097E-3,9.997379184E-1,1.773842207E2,1.884527464E-1,-7.332412326E-2,1.773840960E2
1.678970211E2,2.282784547E-2,6.763823330E-4,1.626565587E-3,9.997378588E-1,1.773838944E2,1.881116513E-1,-7.323251023E-2,1.773837701E2
1.679020211E2,2.282535080E-2,6.778688985E-4,1.624319586E-3,9.997379184E-1,1.773841803E2,1.878580512E-1,-7.340915781E-2,1.773840559E2
1.679070211E2,2.283324729E-2,6.720100646E-4,1.625827164E-3,9.997377396E-1,1.773832752E2,1.880160103E-1,-7.273253215E-2,1.773831518E2
1.679120211E2,2.284114842E-2,6.664435496E-4,1.627089223E-3,9.997375607E-1,1.773823695E2,1.881465970E-1,-7.209003430E-2,1.773822471E2
1.679170211E2,2.283071975E-2,6.742800470E-4,1.623729477E-3,9.997377992E-1,1.773835649E2,1.877814509E-1,-7.299854846E-2,1.773834412E2
1.679220211E2,2.282518206E-2,6.787269376E-4,1.626331126E-3,9.997379184E-1,1.773841996E2,1.880907293E-1,-7.350222623E-2,1.773840749E2
1.679270211E2,2.283336574E-2,6.730591995E-4,1.623728313E-3,9.997377396E-1,1.773832616E2,1.877783159E-1,-7.285819233E-2,1.773831382E2
1.679320211E2,2.283075720E-2,6.750353496E-4,1.622888958E-3,9.997377992E-1,1.773835606E2,1.876871385E-1,-7.308726915E-2,1.773834369E2
1.679370211E2,2.282575657E-2,6.783842691E-4,1.618391601E-3,9.997379184E-1,1.773841338E2,1.871803079E-1,-7.348362945E-2,1.773840097E2
1.679420211E2,2.282857599E-2,6.750386674E-4,1.616842113E-3,9.997378588E-1,1.773838106E2,1.869942496E-1,-7.310387782E-2,1.773836873E2
1.679470211E2,2.283634725E-2,6.696078926E-4,1.619920018E-3,9.997376800E-1,1.773829199E2,1.873332149E-1,-7.247221152E-2,1.773827974E2
1.679520211E2,2.283069916E-2,6.735622301E-4,1.624316908E-3,9.997377992E-1,1.773835673E2,1.878468684E-1,-7.291478119E-2,1.773834437E2
1.679570211E2,2.283356439E-2,6.713687326E-4,1.621633302E-3,9.997377396E-1,1.773832388E2,1.875338982E-1,-7.266997445E-2,1.773831159E2
1.679620211E2,2.283317854E-2,6.726939464E-4,1.626509824E-3,9.997377396E-1,1.773832831E2,1.880960017E-1,-7.280910538E-2,1.773831595E2
1.679670211E2,2.283811379E-2,6.682966487E-4,1.632295200E-3,9.997376204E-1,1.773827174E2,1.887476351E-1,-7.228927428E-2,1.773825942E2
1.679720211E2,2.283018842E-2,6.740356912E-4,1.631284133E-3,9.997377992E-1,1.773836258E2,1.886462485E-1,-7.295088942E-2,1.773835016E2
1.679770211E2,2.283252928E-2,6.734156050E-4,1.635301742E-3,9.997377396E-1,1.773833575E2,1.891050617E-1,-7.286889743E-2,1.773832331E2
1.679820211E2,2.283506360E-2,6.704775733E-4,1.637559733E-3,9.997376800E-1,1.773830670E2,1.893562371E-1,-7.252592383E-2,1.773829431E2
1.679870211E2,2.283490953E-2,6.705407286E-4,1.639680937E-3,9.997376800E-1,1.773830847E2,1.895994003E-1,-7.252763738E-2,1.773829606E2
1.679920211E2,2.282986024E-2,6.743010017E-4,1.635761233E-3,9.997377992E-1,1.773836634E2,1.891598239E-1,-7.296963258E-2,1.773835389E2
1.679970211E2,2.283528616E-2,6.709126756E-4,1.634274726E-3,9.997376800E-1,1.773830415E2,1.889810553E-1,-7.258432406E-2,1.773829177E2
1.680020211E2,2.283786724E-2,6.693655741E-4,1.635304070E-3,9.997376204E-1,1.773827456E2,1.890951169E-1,-7.240390390E-2,1.773826221E2
1.680070211E2,2.283254106E-2,6.734076887E-4,1.635140507E-3,9.997377396E-1,1.773833561E2,1.890865704E-1,-7.286841019E-2,1.773832318E2
1.680120211E2,2.282733817E-2,6.769283791E-4,1.633443404E-3,9.997378588E-1,1.773839525E2,1.889009786E-1,-7.327716955E-2,1.773838276E2
1.680170211E2,2.283000909E-2,6.753256894E-4,1.633259235E-3,9.997377992E-1,1.773836464E2,1.888758822E-1,-7.309354009E-2,1.773835218E2
1.680220211E2,2.282739143E-2,6.765449070E-4,1.632857835E-3,9.997378588E-1,1.773839464E2,1.888328954E-1,-7.323476015E-2,1.773838216E2
1.680270211E2,2.283001538E-2,6.739831879E-4,1.633725828E-3,9.997377992E-1,1.773836456E2,1.889258238E-1,-7.293851912E-2,1.773835213E2
1.680320211E2,2.282749026E-2,6.756265648E-4,1.631856197E-3,9.997378588E-1,1.773839351E2,1.887157505E-1,-7.313215501E-2,1.773838105E2
1.680370211E2,2.282751963E-2,6.764741265E-4,1.631094026E-3,9.997378588E-1,1.773839317E2,1.886306543E-1,-7.323124128E-2,1.773838071E2
1.680420211E2,2.282225860E-2,6.796328234E-4,1.630335231E-3,9.997379780E-1,1.773845347E2,1.885516018E-1,-7.359608375E-2,1.773844095E2
1.680470211E2,2.282250980E-2,6.796641392E-4,1.626801910E-3,9.997379780E-1,1.773845059E2,1.881469181E-1,-7.360886499E-2,1.773843810E2
1.680520211E2,2.282520320E-2,6.784558645E-4,1.626147539E-3,9.997379184E-1,1.773841972E2,1.880689897E-1,-7.347164791E-2,1.773840726E2
1.680570211E2,2.283048519E-2,6.733522168E-4,1.627408434E-3,9.997377992E-1,1.773835918E2,1.882004744E-1,-7.288267357E-2,1.773834680E2
1.680620211E2,2.282489316E-2,6.781203556E-4,1.630633138E-3,9.997379184E-1,1.773842327E2,1.885819681E-1,-7.342153696E-2,1.773841078E2
1.680670211E2,2.281702013E-2,6.833766238E-4,1.628991682E-3,9.997380972E-1,1.773851352E2,1.884070867E-1,-7.402948052E-2,1.773850094E2
1.680720211E2,2.281190292E-2,6.876511034E-4,1.625696896E-3,9.997382164E-1,1.773857217E2,1.880404259E-1,-7.452874929E-2,1.773855953E2
1.680770211E2,2.281981337E-2,6.806830061E-4,1.627572346E-3,9.997380376E-1,1.773848150E2,1.882376470E-1,-7.372408069E-2,1.773846898E2
1.680820211E2,2.281716484E-2,6.832664949E-4,1.627009828E-3,9.997380972E-1,1.773851186E2,1.881797643E-1,-7.402201883E-2,1.773849930E2
1.680870211E2,2.281467612E-2,6.847286131E-4,1.624668366E-3,9.997381568E-1,1.773854038E2,1.879151607E-1,-7.419611162E-2,1.773852781E2
1.680920211E2,2.281727695E-2,6.832752842E-4,1.625433099E-3,9.997380972E-1,1.773851057E2,1.879991624E-1,-7.402712747E-2,1.773849802E2
1.680970211E2,2.281980303E-2,6.822620635E-4,1.627056045E-3,9.997380376E-1,1.773848162E2,1.881826274E-1,-7.390633213E-2,1.773846907E2
1.681020211E2,2.281182222E-2,6.867399788E-4,1.627213671E-3,9.997382164E-1,1.773857310E2,1.882118025E-1,-7.442041947E-2,1.773856046E2
1.681070211E2,2.281200430E-2,6.873173988E-4,1.624414930E-3,9.997382164E-1,1.773857101E2,1.878926965E-1,-7.449385180E-2,1.773855839E2
1.681120211E2,2.281694082E-2,6.826643366E-4,1.630400657E-3,9.997380972E-1,1.773851443E2,1.885666330E-1,-7.394421059E-2,1.773850185E2
1.681170211E2,2.281970213E-2,6.809593760E-4,1.629015780E-3,9.997380376E-1,1.773848278E2,1.884037241E-1,-7.375198833E-2,1.773847024E2
1.681220211E2,2.281749665E-2,6.838188274E-4,1.622117008E-3,9.997380972E-1,1.773850805E2,1.876207023E-1,-7.409802631E-2,1.773849552E2
1.681270211E2,2.282010024E-2,6.809543120E-4,1.623431337E-3,9.997380376E-1,1.773847821E2,1.877639756E-1,-7.376593715E-2,1.773846572E2
1.681320211E2,2.281986342E-2,6.821367424E-4,1.626261394E-3,9.997380376E-1,1.773848093E2,1.880912673E-1,-7.389404187E-2,1.773846839E2
1.681370211E2,2.280915592E-2,6.885127514E-4,1.627220772E-3,9.997382760E-1,1.773860366E2,1.882170518E-1,-7.462399454E-2,1.773859099E2
1.681420211E2,2.280925367E-2,6.894150865E-4,1.625467557E-3,9.997382760E-1,1.773860254E2,1.880185662E-1,-7.473193180E-2,1.773858987E2
1.681470211E2,2.280652683E-2,6.908628857E-4,1.626454759E-3,9.997383356E-1,1.773863379E2,1.881352425E-1,-7.489572672E-2,1.773862109E2
1.681520211E2,2.280878906E-2,6.893346435E-4,1.632008003E-3,9.997382760E-1,1.773860786E2,1.887676075E-1,-7.470570791E-2,1.773859515E2
1.681570211E2,2.280587852E-2,6.909812219E-4,1.635470195E-3,9.997383356E-1,1.773864122E2,1.891683293E-1,-7.488584373E-2,1.773862845E2
1.681620211E2,2.280367630E-2,6.922581815E-4,1.629190170E-3,9.997383952E-1,1.773866647E2,1.884520496E-1,-7.504896222E-2,1.773865371E2
1.681670211E2,2.280653765E-2,6.906205090E-4,1.626405981E-3,9.997383356E-1,1.773863367E2,1.881290216E-1,-7.486808510E-2,1.773862097E2
1.681720211E2,2.281438465E-2,6.852478255E-4,1.628537895E-3,9.997381568E-1,1.773854372E2,1.883597975E-1,-7.424553145E-2,1.773853111E2
1.681770211E2,2.281180668E-2,6.866422482E-4,1.627472695E-3,9.997382164E-1,1.773857327E2,1.882412202E-1,-7.440854908E-2,1.773856064E2
1.681820211E2,2.280915311E-2,6.889929646E-4,1.627056859E-3,9.997382760E-1,1.773860369E2,1.881995288E-1,-7.467943751E-2,1.773859102E2
1.681870211E2,2.281995904E-2,6.809576880E-4,1.625413541E-3,9.997380376E-1,1.773847983E2,1.879910591E-1,-7.376116676E-2,1.773846732E2
1.681920211E2,2.281941073E-2,6.809052429E-4,1.633115229E-3,9.997380376E-1,1.773848612E2,1.888732019E-1,-7.373512144E-2,1.773847355E2
1.681970211E2,2.281666520E-2,6.839056150E-4,1.633734209E-3,9.997380972E-1,1.773851758E2,1.889517569E-1,-7.407774906E-2,1.773850496E2
1.682020211E2,2.281950520E-2,6.818278925E-4,1.631409395E-3,9.997380376E-1,1.773848503E2,1.886801982E-1,-7.384526464E-2,1.773847246E2
1.682070211E2,2.282471118E-2,6.787754246E-4,1.632906264E-3,9.997379184E-1,1.773842536E2,1.888440819E-1,-7.349067132E-2,1.773841284E2
1.682120211E2,2.282493244E-2,6.772545166E-4,1.630443148E-3,9.997379184E-1,1.773842282E2,1.885579404E-1,-7.332283463E-2,1.773841035E2
1.682170211E2,2.281993830E-2,6.812636857E-4,1.625576522E-3,9.997380376E-1,1.773848007E2,1.880105294E-1,-7.379580003E-2,1.773846755E2
1.682220211E2,2.282523981E-2,6.784691359E-4,1.625628094E-3,9.997379184E-1,1.773841930E2,1.880095185E-1,-7.347452012E-2,1.773840684E2
1.682270211E2,2.282494277E-2,6.785540027E-4,1.629758044E-3,9.997379184E-1,1.773842271E2,1.884828536E-1,-7.347349585E-2,1.773841021E2
1.682320211E2,2.281971517E-2,6.810100749E-4,1.628811937E-3,9.997380376E-1,1.773848263E2,1.883805050E-1,-7.375832708E-2,1.773847009E2
1.682370211E2,2.281475126E-2,6.853315863E-4,1.623358461E-3,9.997381568E-1,1.773853952E2,1.877666776E-1,-7.426859982E-2,1.773852695E2
1.682420211E2,2.281729743E-2,6.829475169E-4,1.625283388E-3,9.997380972E-1,1.773851034E2,1.879811557E-1,-7.398996554E-2,1.773849779E2
1.682470211E2,2.281932588E-2,6.824603188E-4,1.633651671E-3,9.997380376E-1,1.773848709E2,1.889387184E-1,-7.391188661E-2,1.773847449E2
1.682520211E2,2.282219693E-2,6.805119338E-4,1.630831743E-3,9.997379780E-1,1.773845418E2,1.886107780E-1,-7.369550909E-2,1.773844164E2
1.682570211E2,2.281446670E-2,6.848728517E-4,1.627545804E-3,9.997381568E-1,1.773854278E2,1.882451672E-1,-7.420515220E-2,1.773853019E2
1.682620211E2,2.282757865E-2,6.764617283E-4,1.630272949E-3,9.997378588E-1,1.773839249E2,1.885365620E-1,-7.323195770E-2,1.773838004E2
1.682670211E2,2.283026346E-2,6.739907549E-4,1.630252227E-3,9.997377992E-1,1.773836172E2,1.885279194E-1,-7.294842705E-2,1.773834931E2
1.682720211E2,2.282471304E-2,6.778761744E-4,1.633253763E-3,9.997379184E-1,1.773842534E2,1.888815400E-1,-7.338674253E-2,1.773841283E2
1.682770211E2,2.281950863E-2,6.814373191E-4,1.631524530E-3,9.997380376E-1,1.773848499E2,1.886923671E-1,-7.380021820E-2,1.773847243E2
1.682820211E2,2.282453555E-2,6.777812378E-4,1.635771594E-3,9.997379184E-1,1.773842737E2,1.891697261E-1,-7.336931425E-2,1.773841485E2
1.682870211E2,2.282193984E-2,6.791544729E-4,1.634990098E-3,9.997379780E-1,1.773845713E2,1.890835977E-1,-7.352916926E-2,1.773844458E2
1.682920211E2,2.281914288E-2,6.816262612E-4,1.636553439E-3,9.997380376E-1,1.773848919E2,1.892689558E-1,-7.380878208E-2,1.773847658E2
1.682970211E2,2.283222574E-2,6.723221741E-4,1.639982918E-3,9.997377396E-1,1.773833923E2,1.896384628E-1,-7.273144137E-2,1.773832678E2
1.683020211E2,2.283734469E-2,6.697849603E-4,1.642414485E-3,9.997376204E-1,1.773828055E2,1.899107594E-1,-7.243343963E-2,1.773826814E2
1.683070211E2,2.283513783E-2,6.712152972E-4,1.636221772E-3,9.997376800E-1,1.773830585E2,1.892048938E-1,-7.261392579E-2,1.773829345E2
1.683120211E2,2.282715226E-2,6.771172048E-4,1.635961351E-3,9.997378588E-1,1.773839738E2,1.891899199E-1,-7.329225008E-2,1.773838487E2
1.683170211E2,2.282988162E-2,6.740114186E-4,1.635582303E-3,9.997377992E-1,1.773836610E2,1.891385692E-1,-7.293692157E-2,1.773835365E2
1.683220211E2,2.282979532E-2,6.751501933E-4,1.636317000E-3,9.997377992E-1,1.773836709E2,1.892257108E-1,-7.306547555E-2,1.773835461E2
1.683270211E2,2.282417757E-2,6.785703590E-4,1.640432863E-3,9.997379184E-1,1.773843148E2,1.897057681E-1,-7.344759300E-2,1.773841891E2
1.683320211E2,2.282415465E-2,6.787818857E-4,1.640664181E-3,9.997379184E-1,1.773843174E2,1.897328199E-1,-7.347122514E-2,1.773841916E2
1.683370211E2,2.282667680E-2,6.760856486E-4,1.643006923E-3,9.997378588E-1,1.773840283E2,1.899943406E-1,-7.315573304E-2,1.773839029E2
1.683420211E2,2.282642694E-2,6.760823308E-4,1.646475983E-3,9.997378588E-1,1.773840569E2,1.903917358E-1,-7.314632590E-2,1.773839313E2
1.683470211E2,2.281824676E-2,6.819356349E-4,1.648872858E-3,9.997380376E-1,1.773849946E2,1.906810353E-1,-7.381217992E-2,1.773848676E2
1.683520211E2,2.281024213E-2,6.883229362E-4,1.648555277E-3,9.997382164E-1,1.773859121E2,1.906607595E-1,-7.454627627E-2,1.773857839E2
1.683570211E2,2.281587702E-2,6.836375687E-4,1.644816250E-3,9.997380972E-1,1.773852662E2,1.902205777E-1,-7.401821470E-2,1.773851392E2
1.683620211E2,2.281333284E-2,6.856068503E-4,1.643056632E-3,9.997381568E-1,1.773855578E2,1.900239530E-1,-7.424890308E-2,1.773854305E2
1.683670211E2,2.280556293E-2,6.905863411E-4,1.640031347E-3,9.997383356E-1,1.773864484E2,1.896898082E-1,-7.482874489E-2,1.773863204E2
1.683720211E2,2.281318460E-2,6.866394542E-4,1.644682954E-3,9.997381568E-1,1.773855748E2,1.902129564E-1,-7.436297626E-2,1.773854472E2
1.683770211E2,2.281624698E-2,6.843668525E-4,1.639372087E-3,9.997380972E-1,1.773852238E2,1.895988182E-1,-7.411592696E-2,1.773850970E2
1.683820211E2,2.281390920E-2,6.858101697E-4,1.634949120E-3,9.997381568E-1,1.773854917E2,1.890957149E-1,-7.429328250E-2,1.773853650E2
1.683870211E2,2.280570677E-2,6.919344887E-4,1.637460897E-3,9.997383356E-1,1.773864319E2,1.893988668E-1,-7.498988138E-2,1.773863038E2
1.683920211E2,2.280298783E-2,6.922202301E-4,1.638814225E-3,9.997383952E-1,1.773867436E2,1.895544495E-1,-7.501959501E-2,1.773866153E2
1.683970211E2,2.281074225E-2,6.873129169E-4,1.642043819E-3,9.997382164E-1,1.773858547E2,1.899121909E-1,-7.444749274E-2,1.773857272E2
1.684020211E2,2.281068446E-2,6.873912062E-4,1.642813673E-3,9.997382164E-1,1.773858614E2,1.900005873E-1,-7.445446023E-2,1.773857338E2
1.684070211E2,2.281605623E-2,6.834119558E-4,1.642422401E-3,9.997380972E-1,1.773852457E2,1.899457571E-1,-7.399859313E-2,1.773851189E2
1.684120211E2,2.282961749E-2,6.750354660E-4,1.638843445E-3,9.997377992E-1,1.773836912E2,1.895148320E-1,-7.304575616E-2,1.773835663E2
1.684170211E2,2.282469165E-2,6.778314128E-4,1.633571228E-3,9.997379184E-1,1.773842558E2,1.889177907E-1,-7.338078822E-2,1.773841308E2
1.684220211E2,2.282239176E-2,6.795636145E-4,1.628499012E-3,9.997379780E-1,1.773845195E2,1.883410698E-1,-7.359293237E-2,1.773843944E2
1.684270211E2,2.282476018E-2,6.776226219E-4,1.632700092E-3,9.997379184E-1,1.773842480E2,1.888174505E-1,-7.335913445E-2,1.773841230E2
1.684320211E2,2.283511777E-2,6.715958589E-4,1.636345638E-3,9.997376800E-1,1.773830608E2,1.892200786E-1,-7.265720318E-2,1.773829367E2
1.684370211E2,2.282982809E-2,6.749748718E-4,1.635932131E-3,9.997377992E-1,1.773836671E2,1.891811631E-1,-7.304639116E-2,1.773835424E2
1.684420211E2,2.282467059E-2,6.780511467E-4,1.633774256E-3,9.997379184E-1,1.773842583E2,1.889416232E-1,-7.340543421E-2,1.773841331E2
1.684470211E2,2.282766258E-2,6.763730198E-4,1.629134174E-3,9.997378588E-1,1.773839153E2,1.884058759E-1,-7.322475831E-2,1.773837909E2
1.684520211E2,2.282209483E-2,6.797999376E-4,1.632556552E-3,9.997379780E-1,1.773845535E2,1.888065057E-1,-7.360944998E-2,1.773844281E2
1.684570211E2,2.281419291E-2,6.849507918E-4,1.631346531E-3,9.997381568E-1,1.773854592E2,1.886807694E-1,-7.420419590E-2,1.773853330E2
1.684620211E2,2.280619910E-2,6.900780136E-4,1.631375984E-3,9.997383356E-1,1.773863755E2,1.886969517E-1,-7.479301041E-2,1.773862482E2
1.684670211E2,2.280606431E-2,6.908964715E-4,1.632913249E-3,9.997383356E-1,1.773863909E2,1.888751929E-1,-7.488278206E-2,1.773862634E2
1.684720211E2,2.280027367E-2,6.954359706E-4,1.638855087E-3,9.997384548E-1,1.773870547E2,1.895673301E-1,-7.538840333E-2,1.773869258E2
1.684770211E2,2.279759499E-2,6.974824937E-4,1.638889662E-3,9.997385144E-1,1.773873617E2,1.895764363E-1,-7.562327397E-2,1.773872324E2
1.684820211E2,2.281108733E-2,6.880406290E-4,1.636937377E-3,9.997382164E-1,1.773858152E2,1.893291150E-1,-7.454414376E-2,1.773856879E2
1.684870211E2,2.281120031E-2,6.879714201E-4,1.635391265E-3,9.997382164E-1,1.773858022E2,1.891518169E-1,-7.454023537E-2,1.773856751E2
1.684920211E2,2.280594178E-2,6.913024699E-4,1.634452026E-3,9.997383356E-1,1.773864050E2,1.890525303E-1,-7.492529545E-2,1.773862773E2
1.684970211E2,2.280347766E-2,6.933299010E-4,1.631513122E-3,9.997383952E-1,1.773866874E2,1.887209575E-1,-7.516570721E-2,1.773865595E2
1.685020211E2,2.279829468E-2,6.958857412E-4,1.629810198E-3,9.997385144E-1,1.773872815E2,1.885321556E-1,-7.546393594E-2,1.773871532E2
1.685070211E2,2.280391220E-2,6.923550391E-4,1.625843695E-3,9.997383952E-1,1.773866376E2,1.880689416E-1,-7.506875914E-2,1.773865103E2
1.685120211E2,2.280634283E-2,6.914322148E-4,1.628791331E-3,9.997383356E-1,1.773863590E2,1.884043991E-1,-7.495487788E-2,1.773862317E2
1.685170211E2,2.279562834E-2,6.983280764E-4,1.629499020E-3,9.997385740E-1,1.773875871E2,1.885026859E-1,-7.574504960E-2,1.773874584E2
1.685220211E2,2.280402721E-2,6.924967165E-4,1.624169410E-3,9.997383952E-1,1.773866244E2,1.878775111E-1,-7.508934368E-2,1.773864972E2
1.685270211E2,2.281205854E-2,6.875225808E-4,1.623566146E-3,9.997382164E-1,1.773857039E2,1.877959986E-1,-7.451956648E-2,1.773855777E2
1.685320211E2,2.280359261E-2,6.919361767E-4,1.630497864E-3,9.997383952E-1,1.773866742E2,1.886010137E-1,-7.500867130E-2,1.773865467E2
1.685370211E2,2.280342005E-2,6.923751789E-4,1.632723259E-3,9.997383952E-1,1.773866940E2,1.888570938E-1,-7.505318123E-2,1.773865662E2
1.685420211E2,2.281148022E-2,6.869604113E-4,1.631908235E-3,9.997382164E-1,1.773857702E2,1.887501719E-1,-7.443346473E-2,1.773856435E2
1.685470211E2,2.280591213E-2,6.901078159E-4,1.635370310E-3,9.997383356E-1,1.773864084E2,1.891546060E-1,-7.478603962E-2,1.773862808E2
1.685520211E2,2.279509399E-2,6.985588698E-4,1.636858564E-3,9.997385740E-1,1.773876484E2,1.893463725E-1,-7.575236539E-2,1.773875191E2
1.685570211E2,2.279807070E-2,6.961434265E-4,1.632830477E-3,9.997385144E-1,1.773873072E2,1.888788212E-1,-7.548560825E-2,1.773871786E2
1.685620211E2,2.280315301E-2,6.936418940E-4,1.635912107E-3,9.997383952E-1,1.773867246E2,1.892257050E-1,-7.519001558E-2,1.773865963E2
1.685670211E2,2.279994772E-2,6.954696728E-4,1.643369324E-3,9.997384548E-1,1.773870920E2,1.900845536E-1,-7.538053126E-2,1.773869628E2
1.685720211E2,2.279483208E-2,6.980326725E-4,1.640725881E-3,9.997385740E-1,1.773876784E2,1.897880256E-1,-7.568203066E-2,1.773875489E2
1.685770211E2,2.279509512E-2,6.974713760E-4,1.637306530E-3,9.997385740E-1,1.773876482E2,1.893948514E-1,-7.562660990E-2,1.773875191E2
1.685820211E2,2.280021977E-2,6.950558163E-4,1.639766037E-3,9.997384548E-1,1.773870608E2,1.896706929E-1,-7.534248229E-2,1.773869320E2
1.685870211E2,2.279431758E-2,6.986462395E-4,1.647598227E-3,9.997385740E-1,1.773877374E2,1.905768993E-1,-7.573446783E-2,1.773876072E2
1.685920211E2,2.278681250E-2,7.033213042E-4,1.640908653E-3,9.997387528E-1,1.773885976E2,1.898221688E-1,-7.628895025E-2,1.773884671E2
1.685970211E2,2.278445358E-2,7.048958214E-4,1.636668807E-3,9.997388124E-1,1.773888680E2,1.893403749E-1,-7.648084788E-2,1.773887375E2
1.686020211E2,2.279218677E-2,7.004808285E-4,1.640113187E-3,9.997386336E-1,1.773879816E2,1.897240289E-1,-7.596459794E-2,1.773878517E2
1.686070211E2,2.279225325E-2,7.009335095E-4,1.638995484E-3,9.997386336E-1,1.773879740E2,1.895971701E-1,-7.601936458E-2,1.773878441E2
1.686120211E2,2.278717166E-2,7.039788179E-4,1.635630615E-3,9.997387528E-1,1.773885564E2,1.892192507E-1,-7.637799074E-2,1.773884262E2
1.686170211E2,2.277920484E-2,7.085248944E-4,1.635344233E-3,9.997389317E-1,1.773894696E2,1.891977020E-1,-7.690105239E-2,1.773893385E2
1.686220211E2,2.277868453E-2,7.086903788E-4,1.642504358E-3,9.997389317E-1,1.773895292E2,1.900183725E-1,-7.690141838E-2,1.773893975E2
1.686270211E2,2.277615465E-2,7.113371394E-4,1.640162198E-3,9.997389913E-1,1.773898192E2,1.897567642E-1,-7.721122985E-2,1.773896872E2
1.686320211E2,2.277121396E-2,7.153975894E-4,1.634325017E-3,9.997391105E-1,1.773903855E2,1.890982600E-1,-7.769257199E-2,1.773902532E2
1.686370211E2,2.277357667E-2,7.138476358E-4,1.638536691E-3,9.997390509E-1,1.773901147E2,1.895768962E-1,-7.750356815E-2,1.773899823E2
1.686420211E2,2.277860586E-2,7.087924751E-4,1.643550931E-3,9.997389317E-1,1.773895383E2,1.901385306E-1,-7.691039770E-2,1.773894065E2
1.686470211E2,2.277865252E-2,7.096768240E-4,1.642522402E-3,9.997389317E-1,1.773895329E2,1.900230125E-1,-7.701438619E-2,1.773894010E2
1.686520211E2,2.277650597E-2,7.108204882E-4,1.635500928E-3,9.997389913E-1,1.773897790E2,1.892214380E-1,-7.716414126E-2,1.773896474E2
1.686570211E2,2.278162466E-2,7.077665650E-4,1.638399903E-3,9.997388721E-1,1.773891922E2,1.895459718E-1,-7.680574147E-2,1.773890610E2
1.686620211E2,2.277893501E-2,7.094913162E-4,1.638680464E-3,9.997389317E-1,1.773895005E2,1.895824096E-1,-7.700310944E-2,1.773893690E2
1.686670211E2,2.277370333E-2,7.128587458E-4,1.637206296E-3,9.997390509E-1,1.773901002E2,1.894219122E-1,-7.739372730E-2,1.773899681E2
1.686720211E2,2.277105782E-2,7.141027600E-4,1.637064386E-3,9.997391105E-1,1.773904034E2,1.894086965E-1,-7.753711524E-2,1.773902711E2
1.686770211E2,2.277661452E-2,7.102731033E-4,1.634226646E-3,9.997389913E-1,1.773897665E2,1.890740331E-1,-7.710473744E-2,1.773896351E2
1.686820211E2,2.277671858E-2,7.117273635E-4,1.632142230E-3,9.997389913E-1,1.773897546E2,1.888390424E-1,-7.727676092E-2,1.773896231E2
1.686870211E2,2.277193036E-2,7.137319772E-4,1.625045086E-3,9.997391105E-1,1.773903034E2,1.880308405E-1,-7.752583807E-2,1.773901721E2
1.686920211E2,2.277456833E-2,7.126114215E-4,1.625237754E-3,9.997390509E-1,1.773900010E2,1.880501926E-1,-7.739646631E-2,1.773898699E2
1.686970211E2,2.277971200E-2,7.094489993E-4,1.627862104E-3,9.997389317E-1,1.773894115E2,1.883429855E-1,-7.702635550E-2,1.773892808E2
1.687020211E2,2.277702031E-2,7.108445279E-4,1.628311817E-3,9.997389913E-1,1.773897200E2,1.883979411E-1,-7.718556289E-2,1.773895890E2
1.687070211E2,2.278522204E-2,7.062439690E-4,1.625350444E-3,9.997388124E-1,1.773887799E2,1.880472995E-1,-7.666470209E-2,1.773886500E2
1.687120211E2,2.278508469E-2,7.053896552E-4,1.627645222E-3,9.997388124E-1,1.773887957E2,1.883079526E-1,-7.656086438E-2,1.773886657E2
1.687170211E2,2.277691367E-2,7.110931911E-4,1.629694365E-3,9.997389913E-1,1.773897322E2,1.885569695E-1,-7.721046156E-2,1.773896010E2
1.687220211E2,2.276631568E-2,7.181731053E-4,1.628415892E-3,9.997392297E-1,1.773909470E2,1.884281596E-1,-7.802688306E-2,1.773908145E2
1.687270211E2,2.276596600E-2,7.189899916E-4,1.632937929E-3,9.997392297E-1,1.773909871E2,1.889483176E-1,-7.810873522E-2,1.773908541E2
1.687320211E2,2.276331664E-2,7.197234663E-4,1.633057254E-3,9.997392893E-1,1.773912907E2,1.889636944E-1,-7.819295280E-2,1.773911576E2
1.687370211E2,2.276032365E-2,7.215928636E-4,1.637453912E-3,9.997393489E-1,1.773916338E2,1.894720270E-1,-7.839621221E-2,1.773915000E2
1.687420211E2,2.276038248E-2,7.227123715E-4,1.636141911E-3,9.997393489E-1,1.773916270E2,1.893246464E-1,-7.852787591E-2,1.773914931E2
1.687470211E2,2.276866968E-2,7.167156436E-4,1.632733503E-3,9.997391701E-1,1.773906772E2,1.889191746E-1,-7.784820442E-2,1.773905447E2
1.687520211E2,2.277383596E-2,7.129058940E-4,1.635339693E-3,9.997390509E-1,1.773900850E2,1.892082036E-1,-7.740397505E-2,1.773899530E2
1.687570211E2,2.276308782E-2,7.197543164E-4,1.636230154E-3,9.997392893E-1,1.773913170E2,1.893272510E-1,-7.818825348E-2,1.773911836E2
1.687620211E2,2.276852157E-2,7.169751916E-4,1.634683693E-3,9.997391701E-1,1.773906941E2,1.891432581E-1,-7.787287820E-2,1.773905614E2
1.687670211E2,2.277650965E-2,7.115763146E-4,1.635120949E-3,9.997389913E-1,1.773897785E2,1.891798801E-1,-7.725172112E-2,1.773896468E2
1.687720211E2,2.277909365E-2,7.092574961E-4,1.636574976E-3,9.997389317E-1,1.773894824E2,1.893406024E-1,-7.698178875E-2,1.773893510E2
1.687770211E2,2.277666802E-2,7.102896343E-4,1.633473556E-3,9.997389913E-1,1.773897604E2,1.889878048E-1,-7.710858681E-2,1.773896291E2
1.687820211E2,2.277684761E-2,7.107466226E-4,1.630768413E-3,9.997389913E-1,1.773897398E2,1.886791049E-1,-7.716796711E-2,1.773896086E2
1.687870211E2,2.277914381E-2,7.086737314E-4,1.636129688E-3,9.997389317E-1,1.773894766E2,1.892880691E-1,-7.691606458E-2,1.773893454E2
1.687920211E2,2.279767955E-2,6.963374326E-4,1.638200250E-3,9.997385144E-1,1.773873520E2,1.894944705E-1,-7.549387898E-2,1.773872230E2
1.687970211E2,2.279793146E-2,6.969401729E-4,1.634433866E-3,9.997385144E-1,1.773873231E2,1.890645798E-1,-7.557272215E-2,1.773871943E2
1.688020211E2,2.279796678E-2,6.970196264E-4,1.633907203E-3,9.997385144E-1,1.773873191E2,1.890044545E-1,-7.558319374E-2,1.773871903E2
1.688070211E2,2.280838175E-2,6.890381337E-4,1.637815381E-3,9.997382760E-1,1.773861253E2,1.894321067E-1,-7.465663697E-2,1.773859978E2
1.688120211E2,2.281873637E-2,6.824611919E-4,1.641864888E-3,9.997380376E-1,1.773849384E2,1.898795992E-1,-7.389062077E-2,1.773848119E2
1.688170211E2,2.281106534E-2,6.877148990E-4,1.637380687E-3,9.997382164E-1,1.773858177E2,1.893790482E-1,-7.450567292E-2,1.773856905E2
1.688220211E2,2.281595718E-2,6.843265146E-4,1.643417287E-3,9.997380972E-1,1.773852570E2,1.900621172E-1,-7.410078398E-2,1.773851300E2
1.688270211E2,2.282656543E-2,6.762738922E-4,1.644476084E-3,9.997378588E-1,1.773840411E2,1.901631348E-1,-7.317347656E-2,1.773839155E2
1.688320211E2,2.281869479E-2,6.814533263E-4,1.642861171E-3,9.997380376E-1,1.773849432E2,1.899910964E-1,-7.377256075E-2,1.773848168E2
1.688370211E2,2.281617148E-2,6.837068358E-4,1.640697825E-3,9.997380972E-1,1.773852324E2,1.897489658E-1,-7.403686236E-2,1.773851057E2
1.688420211E2,2.282674389E-2,6.766117876E-4,1.641857903E-3,9.997378588E-1,1.773840206E2,1.898640881E-1,-7.321900130E-2,1.773838952E2
1.688470211E2,2.282117330E-2,6.797061069E-4,1.645427081E-3,9.997379780E-1,1.773846591E2,1.902806651E-1,-7.356521505E-2,1.773845328E2
1.688520211E2,2.281861022E-2,6.825313903E-4,1.643588068E-3,9.997380376E-1,1.773849529E2,1.900771843E-1,-7.389418075E-2,1.773848262E2
1.688570211E2,2.282428979E-2,6.788740866E-4,1.638744958E-3,9.997379184E-1,1.773843019E2,1.895132011E-1,-7.348678210E-2,1.773841763E2
1.688620211E2,2.282394613E-2,6.780835683E-4,1.643850701E-3,9.997379184E-1,1.773843413E2,1.900960318E-1,-7.338292985E-2,1.773842154E2
1.688670211E2,2.282393903E-2,6.789421313E-4,1.643594820E-3,9.997379184E-1,1.773843421E2,1.900689629E-1,-7.348195880E-2,1.773842161E2
1.688720211E2,2.282141363E-2,6.799999974E-4,1.641968731E-3,9.997379780E-1,1.773846316E2,1.898852562E-1,-7.360788239E-2,1.773845055E2
1.688770211E2,2.282175867E-2,6.800300907E-4,1.637153560E-3,9.997379780E-1,1.773845920E2,1.893337251E-1,-7.362385756E-2,1.773844663E2
1.688820211E2,2.282676328E-2,6.770755281E-4,1.641397015E-3,9.997378588E-1,1.773840184E2,1.898125024E-1,-7.327333007E-2,1.773838929E2
1.688870211E2,2.282141671E-2,6.803532015E-4,1.641779556E-3,9.997379780E-1,1.773846312E2,1.898645080E-1,-7.364884016E-2,1.773845051E2
1.688920211E2,2.282926902E-2,6.745362771E-4,1.643895404E-3,9.997377992E-1,1.773837312E2,1.900922626E-1,-7.297541757E-2,1.773836060E2
1.688970211E2,2.282394999E-2,6.790569751E-4,1.643395284E-3,9.997379184E-1,1.773843409E2,1.900464049E-1,-7.349563529E-2,1.773842148E2
1.689020211E2,2.282677938E-2,6.765694125E-4,1.641381881E-3,9.997378588E-1,1.773840165E2,1.898094458E-1,-7.321538521E-2,1.773838912E2
1.689070211E2,2.282687622E-2,6.755483337E-4,1.640455448E-3,9.997378588E-1,1.773840054E2,1.897006476E-1,-7.310081390E-2,1.773838803E2
1.689120211E2,2.282432518E-2,6.786249578E-4,1.638355199E-3,9.997379184E-1,1.773842979E2,1.894679005E-1,-7.345925426E-2,1.773841723E2
1.689170211E2,2.282175331E-2,6.791389314E-4,1.637598150E-3,9.997379780E-1,1.773845926E2,1.893823269E-1,-7.352060322E-2,1.773844670E2
1.689220211E2,2.282701747E-2,6.764868158E-4,1.638101530E-3,9.997378588E-1,1.773839893E2,1.894334438E-1,-7.321445872E-2,1.773838641E2
1.689270211E2,2.281891115E-2,6.816876703E-4,1.639755792E-3,9.997380376E-1,1.773849184E2,1.896359670E-1,-7.380748697E-2,1.773847921E2
1.689320211E2,2.281131459E-2,6.868062774E-4,1.634286717E-3,9.997382164E-1,1.773857891E2,1.890222401E-1,-7.440962055E-2,1.773856623E2
1.689370211E2,2.282470164E-2,6.780977710E-4,1.633321051E-3,9.997379184E-1,1.773842547E2,1.888898275E-1,-7.341195513E-2,1.773841296E2
1.689420211E2,2.282459353E-2,6.777128438E-4,1.634990796E-3,9.997379184E-1,1.773842671E2,1.890801018E-1,-7.336351024E-2,1.773841419E2
1.689470211E2,2.281136986E-2,6.875217659E-4,1.633213949E-3,9.997382164E-1,1.773857828E2,1.889012164E-1,-7.449438196E-2,1.773856559E2
1.689520211E2,2.281963522E-2,6.813006476E-4,1.629810198E-3,9.997380376E-1,1.773848354E2,1.884956218E-1,-7.378902009E-2,1.773847100E2
1.689570211E2,2.283018140E-2,6.751648034E-4,1.630915445E-3,9.997377992E-1,1.773836266E2,1.886069648E-1,-7.308120819E-2,1.773835022E2
1.689620211E2,2.281154443E-2,6.873089587E-4,1.630863640E-3,9.997382164E-1,1.773857628E2,1.886314171E-1,-7.447611348E-2,1.773856361E2
1.689670211E2,2.280133160E-2,6.939382292E-4,1.624710276E-3,9.997384548E-1,1.773869334E2,1.879430383E-1,-7.525357904E-2,1.773868059E2
1.689720211E2,2.280916808E-2,6.883206661E-4,1.627131598E-3,9.997382760E-1,1.773860352E2,1.882063346E-1,-7.460221974E-2,1.773859086E2
1.689770211E2,2.280894932E-2,6.884406321E-4,1.630144543E-3,9.997382760E-1,1.773860603E2,1.885518008E-1,-7.460812905E-2,1.773859334E2
1.689820211E2,2.280641400E-2,6.914930418E-4,1.627768623E-3,9.997383356E-1,1.773863509E2,1.882873999E-1,-7.496450581E-2,1.773862236E2
1.689870211E2,2.280677927E-2,6.904714974E-4,1.623077784E-3,9.997383356E-1,1.773863090E2,1.877473653E-1,-7.485966719E-2,1.773861823E2
1.689920211E2,2.280948829E-2,6.887823110E-4,1.622440759E-3,9.997382760E-1,1.773859985E2,1.876701736E-1,-7.466730766E-2,1.773858721E2
1.689970211E2,2.280401138E-2,6.926275091E-4,1.624335768E-3,9.997383952E-1,1.773866262E2,1.878969100E-1,-7.510389573E-2,1.773864990E2
1.690020211E2,2.280157628E-2,6.934445701E-4,1.621484058E-3,9.997384548E-1,1.773869054E2,1.875721647E-1,-7.520540875E-2,1.773867782E2
1.690070211E2,2.280683869E-2,6.907057832E-4,1.622142852E-3,9.997383356E-1,1.773863022E2,1.876408746E-1,-7.488893973E-2,1.773861755E2
1.690120211E2,2.281198273E-2,6.871688529E-4,1.624780591E-3,9.997382164E-1,1.773857126E2,1.879341973E-1,-7.447588229E-2,1.773855863E2
1.690170211E2,2.281228480E-2,6.875783438E-4,1.620360184E-3,9.997382164E-1,1.773856779E2,1.874288800E-1,-7.453429337E-2,1.773855520E2
1.690220211E2,2.280723110E-2,6.908724899E-4,1.616544905E-3,9.997383356E-1,1.773862572E2,1.870000279E-1,-7.492259533E-2,1.773861309E2
1.690270211E2,2.280989475E-2,6.878311979E-4,1.617121161E-3,9.997382760E-1,1.773859519E2,1.870582939E-1,-7.457217547E-2,1.773858261E2
1.690320211E2,2.281734221E-2,6.839333801E-4,1.624239725E-3,9.997380972E-1,1.773850982E2,1.878641730E-1,-7.410562814E-2,1.773849727E2
1.690370211E2,2.281730297E-2,6.840205751E-4,1.624754164E-3,9.997380972E-1,1.773851027E2,1.879233333E-1,-7.411427956E-2,1.773849771E2
1.690420211E2,2.281759868E-2,6.831471110E-4,1.620964380E-3,9.997380972E-1,1.773850689E2,1.874869060E-1,-7.402406819E-2,1.773849437E2
1.690470211E2,2.281777409E-2,6.823458825E-4,1.618831302E-3,9.997380972E-1,1.773850487E2,1.872404541E-1,-7.393782298E-2,1.773849239E2
1.690520211E2,2.282306161E-2,6.790184998E-4,1.619312796E-3,9.997379780E-1,1.773844427E2,1.872873026E-1,-7.355438315E-2,1.773843184E2
1.690570211E2,2.281526096E-2,6.854959647E-4,1.616109512E-3,9.997381568E-1,1.773853368E2,1.869366915E-1,-7.430628840E-2,1.773852116E2
1.690620211E2,2.282073324E-2,6.812421489E-4,1.614387496E-3,9.997380376E-1,1.773847096E2,1.867286952E-1,-7.382244469E-2,1.773845853E2
1.690670211E2,2.282850770E-2,6.758868694E-4,1.617451897E-3,9.997378588E-1,1.773838184E2,1.870663218E-1,-7.319946670E-2,1.773836949E2
1.690720211E2,2.282806178E-2,6.754005444E-4,1.623935648E-3,9.997378588E-1,1.773838696E2,1.878078077E-1,-7.312687429E-2,1.773837457E2
1.690770211E2,2.282007771E-2,6.806068704E-4,1.623893739E-3,9.997380376E-1,1.773847847E2,1.878160389E-1,-7.372492869E-2,1.773846598E2
1.690820211E2,2.282539784E-2,6.779360119E-4,1.623630407E-3,9.997379184E-1,1.773841749E2,1.877792766E-1,-7.341864029E-2,1.773840505E2
1.690870211E2,2.283359866E-2,6.727892905E-4,1.620561699E-3,9.997377396E-1,1.773832349E2,1.874148533E-1,-7.283551336E-2,1.773831118E2
1.690920211E2,2.283367461E-2,6.715483032E-4,1.620006282E-3,9.997377396E-1,1.773832262E2,1.873479816E-1,-7.269478304E-2,1.773831033E2
1.690970211E2,2.282872425E-2,6.756138173E-4,1.614506938E-3,9.997378588E-1,1.773837936E2,1.867282432E-1,-7.317584923E-2,1.773836704E2
1.691020211E2,2.282351123E-2,6.785130245E-4,1.613175846E-3,9.997379780E-1,1.773843911E2,1.865829526E-1,-7.351244212E-2,1.773842674E2
1.691070211E2,2.283128923E-2,6.732111215E-4,1.616147929E-3,9.997377992E-1,1.773834996E2,1.869101389E-1,-7.289582009E-2,1.773833767E2
1.691120211E2,2.282574638E-2,6.783461431E-4,1.618551207E-3,9.997379184E-1,1.773841350E2,1.871984921E-1,-7.347884609E-2,1.773840109E2
1.691170211E2,2.281792350E-2,6.834474043E-4,1.616258640E-3,9.997380972E-1,1.773850316E2,1.869486166E-1,-7.407071426E-2,1.773849068E2
1.691220211E2,2.282079962E-2,6.817862741E-4,1.613219036E-3,9.997380376E-1,1.773847020E2,1.865962622E-1,-7.388782390E-2,1.773845776E2
1.691270211E2,2.283125681E-2,6.739247474E-4,1.616308582E-3,9.997377992E-1,1.773835033E2,1.869304086E-1,-7.297715991E-2,1.773833803E2
1.691320211E2,2.282610801E-2,6.779633113E-4,1.613604138E-3,9.997379184E-1,1.773840935E2,1.866307715E-1,-7.344786115E-2,1.773839699E2
1.691370211E2,2.281559319E-2,6.850908394E-4,1.611584681E-3,9.997381568E-1,1.773852987E2,1.864172835E-1,-7.427164511E-2,1.773851739E2
1.691420211E2,2.282069219E-2,6.815270172E-4,1.614847453E-3,9.997380376E-1,1.773847143E2,1.867821308E-1,-7.385388445E-2,1.773845899E2
1.691470211E2,2.282591286E-2,6.773216301E-4,1.616631402E-3,9.997379184E-1,1.773841159E2,1.869758876E-1,-7.336646690E-2,1.773839921E2
1.691520211E2,2.281819704E-2,6.836700486E-4,1.612297841E-3,9.997380972E-1,1.773850003E2,1.864954623E-1,-7.410652669E-2,1.773848757E2
1.691570211E2,2.281799461E-2,6.834394881E-4,1.615257817E-3,9.997380972E-1,1.773850235E2,1.868339450E-1,-7.407241109E-2,1.773848987E2
1.691620211E2,2.282577126E-2,6.777250092E-4,1.618460519E-3,9.997379184E-1,1.773841321E2,1.871864797E-1,-7.340792057E-2,1.773840082E2
1.691670211E2,2.282557108E-2,6.772789056E-4,1.621467760E-3,9.997379184E-1,1.773841550E2,1.875298133E-1,-7.334898556E-2,1.773840310E2
1.691720211E2,2.281791839E-2,6.829787744E-4,1.616528840E-3,9.997380972E-1,1.773850322E2,1.869783453E-1,-7.401632169E-2,1.773849074E2
1.691770211E2,2.282059906E-2,6.804008735E-4,1.616637339E-3,9.997380376E-1,1.773847249E2,1.869842314E-1,-7.372020818E-2,1.773846006E2
1.691820211E2,2.282545280E-2,6.770842010E-4,1.623213058E-3,9.997379184E-1,1.773841686E2,1.877292400E-1,-7.332213685E-2,1.773840444E2
1.691870211E2,2.282259979E-2,6.799042458E-4,1.625438570E-3,9.997379780E-1,1.773844956E2,1.879913659E-1,-7.363992073E-2,1.773843707E2
1.691920211E2,2.282583293E-2,6.783031859E-4,1.617348171E-3,9.997379184E-1,1.773841250E2,1.870605640E-1,-7.347705551E-2,1.773840011E2
1.691970211E2,2.282882358E-2,6.752707413E-4,1.613245462E-3,9.997378588E-1,1.773837822E2,1.865828357E-1,-7.313982753E-2,1.773836591E2
1.692020211E2,2.284202266E-2,6.669627037E-4,1.614555367E-3,9.997375607E-1,1.773822693E2,1.867121171E-1,-7.218215384E-2,1.773821477E2
1.692070211E2,2.283653423E-2,6.699757650E-4,1.617129659E-3,9.997376800E-1,1.773828984E2,1.870145225E-1,-7.252162289E-2,1.773827761E2
1.692120211E2,2.283629874E-2,6.709598820E-4,1.620044466E-3,9.997376800E-1,1.773829254E2,1.873510069E-1,-7.262678092E-2,1.773828027E2
1.692170211E2,2.283363133E-2,6.725759013E-4,1.620189985E-3,9.997377396E-1,1.773832312E2,1.873717130E-1,-7.281203368E-2,1.773831081E2
1.692220211E2,2.284136286E-2,6.660065264E-4,1.624255441E-3,9.997375607E-1,1.773823450E2,1.878208251E-1,-7.204734548E-2,1.773822228E2
1.692270211E2,2.284124249E-2,6.668444257E-4,1.625603763E-3,9.997375607E-1,1.773823588E2,1.879774762E-1,-7.213982983E-2,1.773822364E2
1.692320211E2,2.283898515E-2,6.681259256E-4,1.620127936E-3,9.997376204E-1,1.773826175E2,1.873533465E-1,-7.230139663E-2,1.773824953E2
1.692370211E2,2.284404186E-2,6.649852148E-4,1.623684657E-3,9.997375011E-1,1.773820379E2,1.877529541E-1,-7.193133340E-2,1.773819160E2
1.692420211E2,2.283597405E-2,6.702973042E-4,1.624888391E-3,9.997376800E-1,1.773829626E2,1.879041784E-1,-7.253825959E-2,1.773828397E2
1.692470211E2,2.283359237E-2,6.729943561E-4,1.620565192E-3,9.997377396E-1,1.773832356E2,1.874157896E-1,-7.285899803E-2,1.773831124E2
1.692520211E2,2.282801507E-2,6.760124816E-4,1.624337514E-3,9.997378588E-1,1.773838749E2,1.878554438E-1,-7.319593625E-2,1.773837509E2
1.692570211E2,2.283333162E-2,6.725765998E-4,1.624408062E-3,9.997377396E-1,1.773832655E2,1.878549238E-1,-7.280113271E-2,1.773831421E2
1.692620211E2,2.283118906E-2,6.730963942E-4,1.617610222E-3,9.997377992E-1,1.773835111E2,1.870773544E-1,-7.287886955E-2,1.773833881E2
1.692670211E2,2.282334060E-2,6.795936497E-4,1.615133951E-3,9.997379780E-1,1.773844107E2,1.868100911E-1,-7.363115069E-2,1.773842867E2
1.692720211E2,2.282604862E-2,6.767069572E-4,1.614971086E-3,9.997379184E-1,1.773841003E2,1.867840807E-1,-7.330036667E-2,1.773839768E2
1.692770211E2,2.283649187E-2,6.703896797E-4,1.617556321E-3,9.997376800E-1,1.773829033E2,1.870644820E-1,-7.256793294E-2,1.773827808E2
1.692820211E2,2.282892716E-2,6.758807576E-4,1.611523330E-3,9.997378588E-1,1.773837704E2,1.863871486E-1,-7.321419793E-2,1.773836473E2
1.692870211E2,2.282139912E-2,6.801582640E-4,1.605406520E-3,9.997380376E-1,1.773846332E2,1.856970315E-1,-7.372163641E-2,1.773845098E2
1.692920211E2,2.282660756E-2,6.774526555E-4,1.606737264E-3,9.997379184E-1,1.773840362E2,1.858427900E-1,-7.340722917E-2,1.773839132E2
1.692970211E2,2.282396279E-2,6.793965003E-4,1.606401056E-3,9.997379780E-1,1.773843394E2,1.858091639E-1,-7.363129011E-2,1.773842160E2
1.693020211E2,2.281581871E-2,6.850542850E-4,1.608404331E-3,9.997381568E-1,1.773852729E2,1.860528575E-1,-7.427573077E-2,1.773851483E2
1.693070211E2,2.282155560E-2,6.807695027E-4,1.602921169E-3,9.997380376E-1,1.773846153E2,1.854139152E-1,-7.379813171E-2,1.773844919E2
1.693120211E2,2.283203536E-2,6.741912803E-4,1.605161349E-3,9.997377992E-1,1.773834141E2,1.856541146E-1,-7.303671533E-2,1.773832918E2
1.693170211E2,2.282924991E-2,6.751148612E-4,1.607266604E-3,9.997378588E-1,1.773837334E2,1.858975096E-1,-7.313753178E-2,1.773836107E2
1.693220211E2,2.281839050E-2,6.831373903E-4,1.609783620E-3,9.997380972E-1,1.773849781E2,1.862060496E-1,-7.405204291E-2,1.773848538E2
1.693270211E2,2.281625157E-2,6.839445559E-4,1.602726174E-3,9.997381568E-1,1.773852233E2,1.853994871E-1,-7.416336443E-2,1.773850993E2
1.693320211E2,2.282954154E-2,6.758811069E-4,1.602796023E-3,9.997378588E-1,1.773836999E2,1.853873775E-1,-7.323695578E-2,1.773835775E2
1.693370211E2,2.282111088E-2,6.805950543E-4,1.609314117E-3,9.997380376E-1,1.773846663E2,1.861458145E-1,-7.376151006E-2,1.773845425E2
1.693420211E2,2.281836545E-2,6.837586407E-4,1.609875006E-3,9.997380972E-1,1.773849810E2,1.862181418E-1,-7.412298004E-2,1.773848565E2
1.693470211E2,2.281348263E-2,6.855921820E-4,1.604257617E-3,9.997382164E-1,1.773855406E2,1.855790347E-1,-7.434862886E-2,1.773854163E2
1.693520211E2,2.281905545E-2,6.820168928E-4,1.600808115E-3,9.997380972E-1,1.773849019E2,1.851749172E-1,-7.394702403E-2,1.773847784E2
1.693570211E2,2.281875754E-2,6.836595712E-4,1.604350051E-3,9.997380972E-1,1.773849360E2,1.855849622E-1,-7.412600502E-2,1.773848120E2
1.693620211E2,2.281624182E-2,6.850141799E-4,1.602408127E-3,9.997381568E-1,1.773852244E2,1.853658473E-1,-7.428673566E-2,1.773851002E2
1.693670211E2,2.282442789E-2,6.791043561E-4,1.599903218E-3,9.997379780E-1,1.773842861E2,1.850640292E-1,-7.361473099E-2,1.773841632E2
1.693720211E2,2.283250739E-2,6.730412715E-4,1.598917530E-3,9.997377992E-1,1.773833600E2,1.849358360E-1,-7.292121808E-2,1.773832384E2
1.693770211E2,2.283256670E-2,6.734631606E-4,1.597892609E-3,9.997377992E-1,1.773833532E2,1.848195275E-1,-7.297222113E-2,1.773832316E2
1.693820211E2,2.283002164E-2,6.744702696E-4,1.596539747E-3,9.997378588E-1,1.773836449E2,1.846669903E-1,-7.309160703E-2,1.773835232E2
1.693870211E2,2.283260398E-2,6.737658987E-4,1.597232069E-3,9.997377992E-1,1.773833489E2,1.847446496E-1,-7.300862472E-2,1.773832273E2
1.693920211E2,2.282455807E-2,6.787196035E-4,1.598208328E-3,9.997379780E-1,1.773842712E2,1.848688624E-1,-7.357506223E-2,1.773841485E2
1.693970211E2,2.281402026E-2,6.854122621E-4,1.596671063E-3,9.997382164E-1,1.773854790E2,1.847094739E-1,-7.434775161E-2,1.773853552E2
1.694020211E2,2.281677815E-2,6.848173216E-4,1.594837639E-3,9.997381568E-1,1.773851629E2,1.844980825E-1,-7.428387866E-2,1.773850394E2
1.694070211E2,2.281414344E-2,6.860796129E-4,1.594623085E-3,9.997382164E-1,1.773854649E2,1.844766076E-1,-7.442953594E-2,1.773853411E2
1.694120211E2,2.281399676E-2,6.855498650E-4,1.596947783E-3,9.997382164E-1,1.773854817E2,1.847415334E-1,-7.436279650E-2,1.773853579E2
1.694170211E2,2.281416959E-2,6.869753706E-4,1.593863242E-3,9.997382164E-1,1.773854619E2,1.843919026E-1,-7.453413711E-2,1.773853380E2
1.694220211E2,2.281435762E-2,6.864701863E-4,1.591387554E-3,9.997382164E-1,1.773854403E2,1.841069760E-1,-7.448270030E-2,1.773853168E2
1.694270211E2,2.281953676E-2,6.825376186E-4,1.593709341E-3,9.997380972E-1,1.773848467E2,1.843630655E-1,-7.402515372E-2,1.773847237E2
1.694320211E2,2.281660941E-2,6.846566685E-4,1.597318798E-3,9.997381568E-1,1.773851822E2,1.847818963E-1,-7.425901758E-2,1.773850586E2
1.694370211E2,2.281674428E-2,6.844549789E-4,1.595477690E-3,9.997381568E-1,1.773851668E2,1.845704580E-1,-7.424070079E-2,1.773850433E2
1.694420211E2,2.281927507E-2,6.831377395E-4,1.597195514E-3,9.997380972E-1,1.773848767E2,1.847639983E-1,-7.408483637E-2,1.773847533E2
1.694470211E2,2.282124876E-2,6.805081503E-4,1.607394428E-3,9.997380376E-1,1.773846505E2,1.859256741E-1,-7.375654899E-2,1.773845268E2
1.694520211E2,2.281036246E-2,6.881948793E-4,1.610354986E-3,9.997382760E-1,1.773858983E2,1.862841333E-1,-7.463143871E-2,1.773857729E2
1.694570211E2,2.280520405E-2,6.911830860E-4,1.608125982E-3,9.997383952E-1,1.773864895E2,1.860361993E-1,-7.498055901E-2,1.773863638E2
1.694620211E2,2.281020948E-2,6.887347554E-4,1.612289925E-3,9.997382760E-1,1.773859158E2,1.865072037E-1,-7.468825838E-2,1.773857902E2
1.694670211E2,2.281580838E-2,6.842237781E-4,1.608904218E-3,9.997381568E-1,1.773852741E2,1.861079532E-1,-7.417928147E-2,1.773851496E2
1.694720211E2,2.280506815E-2,6.920494488E-4,1.609679777E-3,9.997383952E-1,1.773865051E2,1.862164593E-1,-7.507577554E-2,1.773863791E2
1.694770211E2,2.280513867E-2,6.929126685E-4,1.608308754E-3,9.997383952E-1,1.773864970E2,1.860616536E-1,-7.517823729E-2,1.773863710E2
1.694820211E2,2.281029706E-2,6.890267832E-4,1.610925538E-3,9.997382760E-1,1.773859058E2,1.863516667E-1,-7.472526372E-2,1.773857802E2
1.694870211E2,2.280196716E-2,6.933493423E-4,1.616018824E-3,9.997384548E-1,1.773868606E2,1.869458372E-1,-7.520870686E-2,1.773867338E2
1.694920211E2,2.279691402E-2,6.982758641E-4,1.611434855E-3,9.997385740E-1,1.773874398E2,1.864331800E-1,-7.578601767E-2,1.773873124E2
1.694970211E2,2.279956853E-2,6.967337104E-4,1.611525775E-3,9.997385144E-1,1.773871355E2,1.864397675E-1,-7.560861344E-2,1.773870085E2
1.695020211E2,2.280766549E-2,6.903894828E-4,1.610611682E-3,9.997383356E-1,1.773862074E2,1.863190761E-1,-7.488268763E-2,1.773860816E2
1.695070211E2,2.279474883E-2,6.987712113E-4,1.604857272E-3,9.997386336E-1,1.773876879E2,1.856807689E-1,-7.586035131E-2,1.773875610E2
1.695120211E2,2.279461459E-2,7.000101614E-4,1.606223406E-3,9.997386336E-1,1.773877033E2,1.858405024E-1,-7.599874379E-2,1.773875761E2
1.695170211E2,2.280020712E-2,6.963269552E-4,1.602642355E-3,9.997385144E-1,1.773870623E2,1.854210506E-1,-7.558510679E-2,1.773869360E2
1.695220211E2,2.279477779E-2,6.990294787E-4,1.604333404E-3,9.997386336E-1,1.773876846E2,1.856214303E-1,-7.589130193E-2,1.773875577E2
1.695270211E2,2.278685043E-2,7.043290534E-4,1.603201730E-3,9.997388124E-1,1.773885933E2,1.855050219E-1,-7.650285710E-2,1.773884654E2
1.695320211E2,2.279238776E-2,7.001924678E-4,1.600635704E-3,9.997386932E-1,1.773879586E2,1.852006709E-1,-7.603463783E-2,1.773878317E2
1.695370211E2,2.280001382E-2,6.958156591E-4,1.605611760E-3,9.997385144E-1,1.773870845E2,1.857598810E-1,-7.551880920E-2,1.773869580E2
1.695420211E2,2.280552697E-2,6.913772668E-4,1.603456214E-3,9.997383952E-1,1.773864525E2,1.855017532E-1,-7.501494879E-2,1.773863271E2
1.695470211E2,2.280302716E-2,6.944079651E-4,1.600533258E-3,9.997384548E-1,1.773867391E2,1.851746265E-1,-7.537025253E-2,1.773866133E2
1.695520211E2,2.280836902E-2,6.905978662E-4,1.600528019E-3,9.997383356E-1,1.773861268E2,1.851644693E-1,-7.493278569E-2,1.773860017E2
1.695570211E2,2.280820638E-2,6.906699855E-4,1.602813019E-3,9.997383356E-1,1.773861454E2,1.854264198E-1,-7.493510549E-2,1.773860202E2
1.695620211E2,2.281089444E-2,6.888506468E-4,1.602520118E-3,9.997382760E-1,1.773858373E2,1.853883096E-1,-7.472694622E-2,1.773857124E2
1.695670211E2,2.280831145E-2,6.900281878E-4,1.601593802E-3,9.997383356E-1,1.773861334E2,1.852850740E-1,-7.486474737E-2,1.773860083E2
1.695720211E2,2.281387775E-2,6.872170488E-4,1.597931143E-3,9.997382164E-1,1.773854954E2,1.848585393E-1,-7.455124284E-2,1.773853711E2
1.695770211E2,2.281654891E-2,6.841434515E-4,1.598402509E-3,9.997381568E-1,1.773851892E2,1.849047018E-1,-7.419740022E-2,1.773850655E2
1.695820211E2,2.280890471E-2,6.907368079E-4,1.592815621E-3,9.997383356E-1,1.773860654E2,1.842813252E-1,-7.496876281E-2,1.773859409E2
1.695870211E2,2.280891653E-2,6.898849388E-4,1.593015506E-3,9.997383356E-1,1.773860640E2,1.843019984E-1,-7.487064666E-2,1.773859397E2
1.695920211E2,2.281401333E-2,6.860980066E-4,1.596475602E-3,9.997382164E-1,1.773854798E2,1.846888739E-1,-7.442682389E-2,1.773853559E2
1.695970211E2,2.281378850E-2,6.862801383E-4,1.599607058E-3,9.997382164E-1,1.773855056E2,1.850480791E-1,-7.443954387E-2,1.773853814E2
1.696020211E2,2.280301731E-2,6.928876392E-4,1.601332217E-3,9.997384548E-1,1.773867402E2,1.852621827E-1,-7.519399553E-2,1.773866146E2
1.696070211E2,2.280317614E-2,6.932766992E-4,1.598900184E-3,9.997384548E-1,1.773867220E2,1.849845930E-1,-7.524489278E-2,1.773865965E2
1.696120211E2,2.280082741E-2,6.950240931E-4,1.594361733E-3,9.997385144E-1,1.773869912E2,1.844690484E-1,-7.545737027E-2,1.773868658E2
1.696170211E2,2.279813387E-2,6.976149743E-4,1.594373141E-3,9.997385740E-1,1.773872999E2,1.844769217E-1,-7.575465308E-2,1.773871740E2
1.696220211E2,2.280099970E-2,6.955219433E-4,1.591678476E-3,9.997385144E-1,1.773869715E2,1.841629632E-1,-7.552138417E-2,1.773868461E2
1.696270211E2,2.280148844E-2,6.946042413E-4,1.585064223E-3,9.997385144E-1,1.773869154E2,1.834028600E-1,-7.543344365E-2,1.773867908E2
1.696320211E2,2.280133932E-2,6.944518536E-4,1.587274484E-3,9.997385144E-1,1.773869325E2,1.836556625E-1,-7.541023788E-2,1.773868077E2
1.696370211E2,2.279583915E-2,6.983951316E-4,1.589460298E-3,9.997386336E-1,1.773875630E2,1.839159610E-1,-7.585728664E-2,1.773874373E2
1.696420211E2,2.279834076E-2,6.965358625E-4,1.591884647E-3,9.997385740E-1,1.773872762E2,1.841890310E-1,-7.563749158E-2,1.773871507E2
1.696470211E2,2.279869095E-2,6.961697363E-4,1.587022096E-3,9.997385740E-1,1.773872361E2,1.836310373E-1,-7.560818727E-2,1.773871110E2
1.696520211E2,2.280415489E-2,6.924480549E-4,1.585241989E-3,9.997384548E-1,1.773866098E2,1.834177912E-1,-7.518547370E-2,1.773864855E2
1.696570211E2,2.276895614E-2,7.182765985E-4,1.591023407E-3,9.997392297E-1,1.773906443E2,1.841448750E-1,-7.813580866E-2,1.773905148E2
1.696620211E2,2.280358386E-2,6.934793782E-4,1.592986519E-3,9.997384548E-1,1.773866753E2,1.843076722E-1,-7.528349034E-2,1.773865502E2
1.696670211E2,2.283301171E-2,6.738564116E-4,1.591354492E-3,9.997377992E-1,1.773833022E2,1.840715699E-1,-7.303429791E-2,1.773831810E2
1.696720211E2,2.279827863E-2,6.980496692E-4,1.592111308E-3,9.997385740E-1,1.773872833E2,1.842189484E-1,-7.581033503E-2,1.773871575E2
1.696770211E2,2.277418007E-2,7.135759224E-4,1.593276043E-3,9.997391105E-1,1.773900456E2,1.843910806E-1,-7.759044989E-2,1.773899167E2
1.696820211E2,2.283640444E-2,6.719134399E-4,1.580904122E-3,9.997377396E-1,1.773829133E2,1.828695184E-1,-7.283843185E-2,1.773827932E2
1.696870211E2,2.279878963E-2,6.972987321E-4,1.585107646E-3,9.997385740E-1,1.773872248E2,1.834146715E-1,-7.574251060E-2,1.773870996E2
1.696920211E2,2.277996131E-2,7.095694891E-4,1.587207313E-3,9.997389913E-1,1.773893829E2,1.836858232E-1,-7.714624238E-2,1.773892553E2
1.696970211E2,2.281259827E-2,6.878564018E-4,1.578513416E-3,9.997382760E-1,1.773856420E2,1.826355829E-1,-7.467548768E-2,1.773855191E2
1.697020211E2,2.279822730E-2,6.974905264E-4,1.593091176E-3,9.997385740E-1,1.773872892E2,1.843297391E-1,-7.574372815E-2,1.773871634E2
1.697070211E2,2.280639973E-2,6.925191265E-4,1.590497908E-3,9.997383952E-1,1.773863525E2,1.840202742E-1,-7.517946732E-2,1.773862278E2
1.697120211E2,2.279658622E-2,6.991984555E-4,1.578353811E-3,9.997386336E-1,1.773874773E2,1.826457351E-1,-7.597819419E-2,1.773873523E2
1.697170211E2,2.278669025E-2,7.048132247E-4,1.605264377E-3,9.997388124E-1,1.773886116E2,1.857425751E-1,-7.655296812E-2,1.773884835E2
1.697220211E2,2.280899871E-2,6.900663138E-4,1.591759734E-3,9.997383356E-1,1.773860546E2,1.841586150E-1,-7.489469253E-2,1.773859303E2
1.697270211E2,2.282056890E-2,6.823757431E-4,1.578931231E-3,9.997380972E-1,1.773847284E2,1.826697097E-1,-7.404506595E-2,1.773846065E2
1.697320211E2,2.279777639E-2,6.973918644E-4,1.599573880E-3,9.997385740E-1,1.773873409E2,1.850721186E-1,-7.571557194E-2,1.773872146E2
1.697370211E2,2.278412685E-2,7.064046804E-4,1.603828510E-3,9.997388721E-1,1.773889054E2,1.855820387E-1,-7.673951326E-2,1.773887771E2
1.697420211E2,2.281976496E-2,6.820072304E-4,1.590666012E-3,9.997380972E-1,1.773848206E2,1.840130455E-1,-7.397230807E-2,1.773846978E2
1.697470211E2,2.281070592E-2,6.887642085E-4,1.605238416E-3,9.997382760E-1,1.773858589E2,1.856994831E-1,-7.470997291E-2,1.773857339E2
1.697520211E2,2.277821044E-2,7.098694914E-4,1.612007385E-3,9.997389913E-1,1.773895836E2,1.865276184E-1,-7.711619664E-2,1.773894540E2
1.697570211E2,2.279238374E-2,7.017154712E-4,1.600025920E-3,9.997386932E-1,1.773879590E2,1.851347910E-1,-7.621070910E-2,1.773878319E2
1.697620211E2,2.280026787E-2,6.964048953E-4,1.601743978E-3,9.997385144E-1,1.773870553E2,1.853183390E-1,-7.559637178E-2,1.773869291E2
1.697670211E2,2.278399229E-2,7.075503236E-4,1.605234458E-3,9.997388721E-1,1.773889209E2,1.857460882E-1,-7.686711414E-2,1.773887922E2
1.697720211E2,2.278190158E-2,7.087204722E-4,1.597249880E-3,9.997389317E-1,1.773891605E2,1.848342532E-1,-7.702240248E-2,1.773890323E2
1.697770211E2,2.278975643E-2,7.023062208E-4,1.599948038E-3,9.997387528E-1,1.773882602E2,1.851272114E-1,-7.627907629E-2,1.773881329E2
1.697820211E2,2.279272580E-2,7.005790831E-4,1.595645212E-3,9.997386932E-1,1.773879198E2,1.846299858E-1,-7.609190159E-2,1.773877932E2
1.697870211E2,2.279277937E-2,7.006541127E-4,1.594846835E-3,9.997386932E-1,1.773879137E2,1.845387223E-1,-7.610257257E-2,1.773877872E2
1.697920211E2,2.278183629E-2,7.077298942E-4,1.598619740E-3,9.997389317E-1,1.773891680E2,1.849885956E-1,-7.690535592E-2,1.773890398E2
1.697970211E2,2.278439048E-2,7.070843712E-4,1.599778654E-3,9.997388721E-1,1.773888752E2,1.851198741E-1,-7.682790515E-2,1.773887471E2
1.698020211E2,2.278204695E-2,7.090092404E-4,1.595046837E-3,9.997389317E-1,1.773891438E2,1.845826332E-1,-7.706120900E-2,1.773890157E2
1.698070211E2,2.277905891E-2,7.100784569E-4,1.599880285E-3,9.997389913E-1,1.773894863E2,1.851389239E-1,-7.717163461E-2,1.773893577E2
1.698120211E2,2.277947913E-2,7.106785197E-4,1.593618537E-3,9.997389913E-1,1.773894382E2,1.844231644E-1,-7.725664710E-2,1.773893099E2
1.698170211E2,2.278003111E-2,7.093182066E-4,1.586317667E-3,9.997389913E-1,1.773893749E2,1.835832529E-1,-7.711976466E-2,1.773892474E2
1.698220211E2,2.277417530E-2,7.134809857E-4,1.593386754E-3,9.997391105E-1,1.773900461E2,1.844035157E-1,-7.757928572E-2,1.773899173E2
1.698270211E2,2.276865858E-2,7.176970830E-4,1.595536945E-3,9.997392297E-1,1.773906784E2,1.846604198E-1,-7.805769632E-2,1.773905487E2
1.698320211E2,2.277492620E-2,7.129121223E-4,1.582873869E-3,9.997391105E-1,1.773899600E2,1.831977114E-1,-7.754141532E-2,1.773898321E2
1.698370211E2,2.278537544E-2,7.067406550E-4,1.585841528E-3,9.997388721E-1,1.773887623E2,1.835223868E-1,-7.682473789E-2,1.773886354E2
1.698420211E2,2.279052549E-2,7.019191398E-4,1.589126652E-3,9.997387528E-1,1.773881720E2,1.838865392E-1,-7.626285181E-2,1.773880457E2
1.698470211E2,2.278041197E-2,7.090342697E-4,1.580966287E-3,9.997389913E-1,1.773893312E2,1.829694760E-1,-7.710113659E-2,1.773892042E2
1.698520211E2,2.278599053E-2,7.059937343E-4,1.577313640E-3,9.997388721E-1,1.773886918E2,1.825435113E-1,-7.676132461E-2,1.773885656E2
1.698570211E2,2.279118727E-2,7.032367284E-4,1.579020871E-3,9.997387528E-1,1.773880962E2,1.827322927E-1,-7.644006959E-2,1.773879704E2
1.698620211E2,2.278870663E-2,7.041335921E-4,1.576684415E-3,9.997388124E-1,1.773883805E2,1.824667764E-1,-7.654937090E-2,1.773882547E2
1.698670211E2,2.277567246E-2,7.126383134E-4,1.572223729E-3,9.997391105E-1,1.773898745E2,1.819769527E-1,-7.753770775E-2,1.773897475E2
1.698720211E2,2.278102716E-2,7.092013257E-4,1.572001376E-3,9.997389913E-1,1.773892607E2,1.819429211E-1,-7.714356641E-2,1.773891344E2
1.698770211E2,2.277274538E-2,7.144812844E-4,1.575881732E-3,9.997391701E-1,1.773902100E2,1.824006040E-1,-7.773982820E-2,1.773900823E2
1.698820211E2,2.276189224E-2,7.225016598E-4,1.577770221E-3,9.997394085E-1,1.773914540E2,1.826370321E-1,-7.865571049E-2,1.773913247E2
1.698870211E2,2.276501111E-2,7.199462270E-4,1.571696834E-3,9.997393489E-1,1.773910965E2,1.819348303E-1,-7.837823023E-2,1.773909682E2
1.698920211E2,2.277034349E-2,7.175555220E-4,1.571372617E-3,9.997392297E-1,1.773904853E2,1.818918665E-1,-7.810422256E-2,1.773903574E2
1.698970211E2,2.275667503E-2,7.264516316E-4,1.575677423E-3,9.997395277E-1,1.773920520E2,1.824071682E-1,-7.911463704E-2,1.773919221E2
1.699020211E2,2.275171271E-2,7.290365174E-4,1.570499153E-3,9.997396469E-1,1.773926208E2,1.818202822E-1,-7.942517278E-2,1.773924909E2
1.699070211E2,2.274656333E-2,7.331188535E-4,1.567300176E-3,9.997397661E-1,1.773932110E2,1.814640340E-1,-7.990212777E-2,1.773930806E2
1.699120211E2,2.275680319E-2,7.253941149E-4,1.574313035E-3,9.997395277E-1,1.773920373E2,1.822481131E-1,-7.899702082E-2,1.773919078E2
1.699170211E2,2.277278630E-2,7.154400228E-4,1.574855065E-3,9.997391701E-1,1.773902053E2,1.822854924E-1,-7.785233474E-2,1.773900776E2
1.699220211E2,2.275428734E-2,7.283993182E-4,1.571436762E-3,9.997395873E-1,1.773923257E2,1.819262395E-1,-7.934926097E-2,1.773921958E2
1.699270211E2,2.275402036E-2,7.273691590E-4,1.575773698E-3,9.997395873E-1,1.773923563E2,1.824203804E-1,-7.921998391E-2,1.773922262E2
1.699320211E2,2.277786992E-2,7.114233449E-4,1.578826807E-3,9.997390509E-1,1.773896226E2,1.827304134E-1,-7.738088300E-2,1.773894953E2
1.699370211E2,2.276712812E-2,7.194622303E-4,1.579149743E-3,9.997392893E-1,1.773908539E2,1.827875541E-1,-7.830295244E-2,1.773907250E2
1.699420211E2,2.276165938E-2,7.225357695E-4,1.581110409E-3,9.997394085E-1,1.773914807E2,1.830197618E-1,-7.865094806E-2,1.773913511E2
1.699470211E2,2.277492494E-2,7.140609086E-4,1.582374098E-3,9.997391105E-1,1.773899602E2,1.831434550E-1,-7.767432686E-2,1.773898321E2
1.699520211E2,2.278034579E-2,7.090650033E-4,1.581905759E-3,9.997389913E-1,1.773893388E2,1.830771789E-1,-7.710221705E-2,1.773892117E2
1.699570211E2,2.276723685E-2,7.190032629E-4,1.577790594E-3,9.997392893E-1,1.773908414E2,1.826306581E-1,-7.825389857E-2,1.773907128E2
1.699620211E2,2.276729176E-2,7.191599580E-4,1.576926559E-3,9.997392893E-1,1.773908351E2,1.825320857E-1,-7.827409412E-2,1.773907065E2
1.699670211E2,2.277801459E-2,7.119991351E-4,1.576478244E-3,9.997390509E-1,1.773896060E2,1.824628716E-1,-7.745295052E-2,1.773894788E2
1.699720211E2,2.277507448E-2,7.135934429E-4,1.580431475E-3,9.997391105E-1,1.773899430E2,1.829196956E-1,-7.762581596E-2,1.773898152E2
1.699770211E2,2.276952367E-2,7.176932413E-4,1.583145233E-3,9.997392297E-1,1.773905793E2,1.832408571E-1,-7.808943047E-2,1.773904505E2
1.699820211E2,2.276695782E-2,7.193795755E-4,1.581640681E-3,9.997392893E-1,1.773908734E2,1.830726922E-1,-7.828701554E-2,1.773907444E2
1.699870211E2,2.275624196E-2,7.262218278E-4,1.582025085E-3,9.997395277E-1,1.773921016E2,1.831337361E-1,-7.907183585E-2,1.773919713E2
1.699920211E2,2.275088913E-2,7.301158621E-4,1.581887365E-3,9.997396469E-1,1.773927152E2,1.831276889E-1,-7.951928292E-2,1.773925842E2
1.699970211E2,2.274859335E-2,7.310674409E-4,1.576786512E-3,9.997397065E-1,1.773929783E2,1.825456225E-1,-7.964201559E-2,1.773928475E2
1.700020211E2,2.274576000E-2,7.333206595E-4,1.578822150E-3,9.997397661E-1,1.773933031E2,1.827844777E-1,-7.989535958E-2,1.773931717E2
1.700070211E2,2.274847396E-2,7.319853175E-4,1.578082680E-3,9.997397065E-1,1.773929920E2,1.826964979E-1,-7.974381197E-2,1.773928609E2
1.700120211E2,2.275132689E-2,7.304099854E-4,1.575442497E-3,9.997396469E-1,1.773926650E2,1.823901528E-1,-7.956970137E-2,1.773925344E2
1.700170211E2,2.274349744E-2,7.353244582E-4,1.572730253E-3,9.997398257E-1,1.773935624E2,1.820916192E-1,-8.014120963E-2,1.773934312E2
1.700220211E2,2.274071002E-2,7.365614874E-4,1.574568218E-3,9.997398853E-1,1.773938819E2,1.823051811E-1,-8.027864383E-2,1.773937503E2
1.700270211E2,2.275184343E-2,7.293185336E-4,1.568473177E-3,9.997396469E-1,1.773926058E2,1.815889279E-1,-7.946273960E-2,1.773924760E2
1.700320211E2,2.275136419E-2,7.307476480E-4,1.574747032E-3,9.997396469E-1,1.773926607E2,1.823113623E-1,-7.961019105E-2,1.773925301E2
1.700370211E2,2.274620411E-2,7.342607132E-4,1.571972040E-3,9.997397661E-1,1.773932522E2,1.820022006E-1,-8.002082851E-2,1.773931212E2
1.700420211E2,2.274632308E-2,7.326641935E-4,1.570995199E-3,9.997397661E-1,1.773932386E2,1.818861391E-1,-7.984045300E-2,1.773931079E2
1.700470211E2,2.275405810E-2,7.285342435E-4,1.574690221E-3,9.997395873E-1,1.773923520E2,1.822992963E-1,-7.935627640E-2,1.773922218E2
1.700520211E2,2.274321103E-2,7.356268470E-4,1.576725510E-3,9.997398257E-1,1.773935953E2,1.825500897E-1,-8.016549110E-2,1.773934636E2
1.700570211E2,2.274862557E-2,7.324584876E-4,1.575675793E-3,9.997397065E-1,1.773929746E2,1.824220056E-1,-7.980426607E-2,1.773928437E2
1.700620211E2,2.276192169E-2,7.223492721E-4,1.577415154E-3,9.997394085E-1,1.773914506E2,1.825959597E-1,-7.863917350E-2,1.773913214E2
1.700670211E2,2.276176361E-2,7.226331509E-4,1.579564763E-3,9.997394085E-1,1.773914687E2,1.828429515E-1,-7.866611689E-2,1.773913393E2
1.700720211E2,2.275103155E-2,7.303242455E-4,1.579741482E-3,9.997396469E-1,1.773926989E2,1.828824066E-1,-7.954872438E-2,1.773925680E2
1.700770211E2,2.275665060E-2,7.262533763E-4,1.576121547E-3,9.997395277E-1,1.773920548E2,1.824575291E-1,-7.909077081E-2,1.773919249E2
1.700820211E2,2.276985118E-2,7.171219913E-4,1.578687457E-3,9.997392297E-1,1.773905417E2,1.827286999E-1,-7.803555902E-2,1.773904134E2
1.700870211E2,2.275381872E-2,7.274665986E-4,1.578637864E-3,9.997395873E-1,1.773923794E2,1.827487435E-1,-7.922371516E-2,1.773922491E2
1.700920211E2,2.275109559E-2,7.302283193E-4,1.578863245E-3,9.997396469E-1,1.773926915E2,1.827815488E-1,-7.954001294E-2,1.773925607E2
1.700970211E2,2.275638124E-2,7.263318403E-4,1.579969772E-3,9.997395277E-1,1.773920857E2,1.828985732E-1,-7.908977345E-2,1.773919555E2
1.701020211E2,2.276129747E-2,7.234921213E-4,1.585875987E-3,9.997394085E-1,1.773915222E2,1.835681826E-1,-7.874814519E-2,1.773913921E2
1.701070211E2,2.275598212E-2,7.270090864E-4,1.585397404E-3,9.997395277E-1,1.773921314E2,1.835221088E-1,-7.915327892E-2,1.773920007E2
1.701120211E2,2.275312183E-2,7.282150909E-4,1.588307670E-3,9.997395873E-1,1.773924593E2,1.838584335E-1,-7.928437761E-2,1.773923281E2
1.701170211E2,2.275032149E-2,7.301577134E-4,1.590010943E-3,9.997396469E-1,1.773927803E2,1.840584071E-1,-7.950300223E-2,1.773926486E2
1.701220211E2,2.274451949E-2,7.333368994E-4,1.596585964E-3,9.997397661E-1,1.773934453E2,1.848194815E-1,-7.985114608E-2,1.773933125E2
1.701270211E2,2.274471192E-2,7.333329413E-4,1.593844150E-3,9.997397661E-1,1.773934232E2,1.845053785E-1,-7.985780357E-2,1.773932906E2
1.701320211E2,2.274237809E-2,7.349356310E-4,1.589014311E-3,9.997398257E-1,1.773936907E2,1.839560527E-1,-8.005442892E-2,1.773935582E2
1.701370211E2,2.274203114E-2,7.358944276E-4,1.593529829E-3,9.997398257E-1,1.773937305E2,1.844758314E-1,-8.015256596E-2,1.773935975E2
1.701420211E2,2.273922288E-2,7.375889691E-4,1.595426351E-3,9.997398853E-1,1.773940524E2,1.846972921E-1,-8.034227180E-2,1.773939189E2
1.701470211E2,2.274742766E-2,7.321094745E-4,1.593036461E-3,9.997397065E-1,1.773931119E2,1.844098751E-1,-7.971924531E-2,1.773929796E2
1.701520211E2,2.274491729E-2,7.336850977E-4,1.590748318E-3,9.997397661E-1,1.773933997E2,1.841516477E-1,-7.990617865E-2,1.773932673E2
1.701570211E2,2.274790014E-2,7.316446863E-4,1.586489845E-3,9.997397065E-1,1.773930578E2,1.836587068E-1,-7.968297727E-2,1.773929261E2
1.701620211E2,2.275617314E-2,7.266605389E-4,1.582813333E-3,9.997395277E-1,1.773921095E2,1.832251783E-1,-7.912005238E-2,1.773919791E2
1.701670211E2,2.274560370E-2,7.343355101E-4,1.580601209E-3,9.997397661E-1,1.773933210E2,1.829909236E-1,-8.000701398E-2,1.773931893E2
1.701720211E2,2.275648664E-2,7.267362089E-4,1.578264870E-3,9.997395277E-1,1.773920736E2,1.827043189E-1,-7.914052545E-2,1.773919435E2
1.701770211E2,2.275885472E-2,7.237026584E-4,1.583260600E-3,9.997394681E-1,1.773918022E2,1.832689152E-1,-7.877953442E-2,1.773916722E2
1.701820211E2,2.275582741E-2,7.260256680E-4,1.588066458E-3,9.997395277E-1,1.773921492E2,1.838253042E-1,-7.903368492E-2,1.773920184E2
1.701870211E2,2.274573647E-2,7.333649555E-4,1.579140546E-3,9.997397661E-1,1.773933058E2,1.828210674E-1,-7.989960858E-2,1.773931744E2
1.701920211E2,2.274583347E-2,7.337110583E-4,1.577581745E-3,9.997397661E-1,1.773932947E2,1.826433979E-1,-7.994330419E-2,1.773931633E2
1.701970211E2,2.275074106E-2,7.308080676E-4,1.583696227E-3,9.997396469E-1,1.773927322E2,1.833367090E-1,-7.959389431E-2,1.773926009E2
1.702020211E2,2.274021729E-2,7.382330950E-4,1.580888871E-3,9.997398853E-1,1.773939384E2,1.830336058E-1,-8.045376461E-2,1.773938059E2
1.702070211E2,2.274349649E-2,7.355506532E-4,1.572638168E-3,9.997398257E-1,1.773935625E2,1.820816594E-1,-8.016736311E-2,1.773934312E2
1.702120211E2,2.275163462E-2,7.300862344E-4,1.571142697E-3,9.997396469E-1,1.773926297E2,1.818967389E-1,-7.954376652E-2,1.773924996E2
1.702170211E2,2.274066945E-2,7.368027582E-4,1.575041213E-3,9.997398853E-1,1.773938866E2,1.823599940E-1,-8.030505901E-2,1.773937548E2
1.702220211E2,2.273544520E-2,7.400265313E-4,1.573281828E-3,9.997400045E-1,1.773944854E2,1.821664156E-1,-8.067991719E-2,1.773943532E2
1.702270211E2,2.273315807E-2,7.419667090E-4,1.567531377E-3,9.997400641E-1,1.773947475E2,1.815125018E-1,-8.091758511E-2,1.773946155E2
1.702320211E2,2.273544162E-2,7.401881739E-4,1.573257498E-3,9.997400045E-1,1.773944858E2,1.821640491E-1,-8.069849931E-2,1.773943536E2
1.702370211E2,2.273547698E-2,7.405395154E-4,1.572581008E-3,9.997400045E-1,1.773944817E2,1.820874673E-1,-8.074050573E-2,1.773943495E2
1.702420211E2,2.273821803E-2,7.382003823E-4,1.571942354E-3,9.997399449E-1,1.773941676E2,1.820084273E-1,-8.047369535E-2,1.773940358E2
1.702470211E2,2.274580207E-2,7.343428442E-4,1.577740535E-3,9.997397661E-1,1.773932983E2,1.826632337E-1,-8.001527455E-2,1.773931668E2
1.702520211E2,2.273231383E-2,7.425312069E-4,1.579462085E-3,9.997400641E-1,1.773948443E2,1.828807120E-1,-8.095132799E-2,1.773947112E2
1.702570211E2,2.272448052E-2,7.490075077E-4,1.575938775E-3,9.997402430E-1,1.773957422E2,1.824933067E-1,-8.170387319E-2,1.773956081E2
1.702620211E2,2.272725720E-2,7.472605794E-4,1.574538066E-3,9.997401834E-1,1.773954239E2,1.823285150E-1,-8.150688314E-2,1.773952903E2
1.702670211E2,2.272730462E-2,7.471240824E-4,1.573918271E-3,9.997401834E-1,1.773954185E2,1.822571582E-1,-8.149285140E-2,1.773952849E2
1.702720211E2,2.272728433E-2,7.459789631E-4,1.574754249E-3,9.997401834E-1,1.773954208E2,1.823499454E-1,-8.135949083E-2,1.773952874E2
1.702770211E2,2.272953830E-2,7.447316311E-4,1.580642420E-3,9.997401237E-1,1.773951624E2,1.830214411E-1,-8.120084586E-2,1.773950288E2
1.702820211E2,2.272715839E-2,7.459134213E-4,1.576601760E-3,9.997401834E-1,1.773954352E2,1.825614193E-1,-8.134719341E-2,1.773953017E2
1.702870211E2,2.272408988E-2,7.492689765E-4,1.581437653E-3,9.997402430E-1,1.773957870E2,1.831239193E-1,-8.171957907E-2,1.773956524E2
1.702920211E2,2.271822633E-2,7.523457753E-4,1.588842832E-3,9.997403622E-1,1.773964590E2,1.839798047E-1,-8.205385783E-2,1.773963233E2
1.702970211E2,2.271838102E-2,7.526045083E-4,1.586506842E-3,9.997403622E-1,1.773964413E2,1.837128749E-1,-8.208955199E-2,1.773963057E2
1.703020211E2,2.271867120E-2,7.516338374E-4,1.582807279E-3,9.997403622E-1,1.773964080E2,1.832865413E-1,-8.198792864E-2,1.773962729E2
1.703070211E2,2.271524743E-2,7.547586574E-4,1.592780231E-3,9.997404218E-1,1.773968005E2,1.844369191E-1,-8.232058081E-2,1.773966639E2
1.703120211E2,2.271509386E-2,7.537997444E-4,1.595422160E-3,9.997404218E-1,1.773968181E2,1.847370753E-1,-8.220387707E-2,1.773966815E2
1.703170211E2,2.271510290E-2,7.545052795E-4,1.594959991E-3,9.997404218E-1,1.773968170E2,1.846859657E-1,-8.228590589E-2,1.773966804E2
1.703220211E2,2.272355172E-2,7.489174604E-4,1.589317457E-3,9.997402430E-1,1.773958486E2,1.840256875E-1,-8.165888778E-2,1.773957135E2
1.703270211E2,2.272073298E-2,7.499370840E-4,1.591640408E-3,9.997403026E-1,1.773961717E2,1.842942348E-1,-8.177016824E-2,1.773960362E2
1.703320211E2,2.272584039E-2,7.471596473E-4,1.594904228E-3,9.997401834E-1,1.773955863E2,1.846613288E-1,-8.144253841E-2,1.773954510E2
1.703370211E2,2.272054577E-2,7.513236487E-4,1.593657653E-3,9.997403026E-1,1.773961932E2,1.845289301E-1,-8.192379782E-2,1.773960572E2
1.703420211E2,2.272310865E-2,7.491983706E-4,1.595507842E-3,9.997402430E-1,1.773958994E2,1.847355669E-1,-8.167503107E-2,1.773957637E2
1.703470211E2,2.273374923E-2,7.413030253E-4,1.597009483E-3,9.997400045E-1,1.773946798E2,1.848878962E-1,-8.076464763E-2,1.773945454E2
1.703520211E2,2.272016595E-2,7.508210256E-4,1.599299489E-3,9.997403026E-1,1.773962367E2,1.851739313E-1,-8.185159696E-2,1.773961004E2
1.703570211E2,2.271495139E-2,7.548538269E-4,1.596951508E-3,9.997404218E-1,1.773968344E2,1.849150133E-1,-8.232068004E-2,1.773966975E2
1.703620211E2,2.272566632E-2,7.470546407E-4,1.597431721E-3,9.997401834E-1,1.773956063E2,1.849505963E-1,-8.142395843E-2,1.773954708E2
1.703670211E2,2.273071850E-2,7.435395382E-4,1.601789729E-3,9.997400641E-1,1.773950272E2,1.854411132E-1,-8.100897512E-2,1.773948920E2
1.703720211E2,2.271462038E-2,7.540897932E-4,1.602012664E-3,9.997404218E-1,1.773968724E2,1.854928143E-1,-8.222003772E-2,1.773967352E2
1.703770211E2,2.272273651E-2,7.495244499E-4,1.600646414E-3,9.997402430E-1,1.773959421E2,1.853250719E-1,-8.169907538E-2,1.773958059E2
1.703820211E2,2.273586332E-2,7.401725161E-4,1.604732242E-3,9.997399449E-1,1.773944375E2,1.857698572E-1,-8.061462201E-2,1.773943027E2
1.703870211E2,2.272506152E-2,7.464561495E-4,1.606290927E-3,9.997401834E-1,1.773956756E2,1.859639183E-1,-8.133243457E-2,1.773955395E2
1.703920211E2,2.271773094E-2,7.522956585E-4,1.595934038E-3,9.997403622E-1,1.773965158E2,1.847920179E-1,-8.202974627E-2,1.773963795E2
1.703970211E2,2.272605885E-2,7.473365404E-4,1.591705251E-3,9.997401834E-1,1.773955613E2,1.842953255E-1,-8.147109452E-2,1.773954262E2
1.704020211E2,2.272603660E-2,7.463501533E-4,1.592485583E-3,9.997401834E-1,1.773955638E2,1.843821511E-1,-8.135606405E-2,1.773954289E2
1.704070211E2,2.272877626E-2,7.455974119E-4,1.591157168E-3,9.997401237E-1,1.773952498E2,1.842282271E-1,-8.127278341E-2,1.773951151E2
1.704120211E2,2.273173386E-2,7.437854656E-4,1.587200095E-3,9.997400641E-1,1.773949108E2,1.837704160E-1,-8.107496672E-2,1.773947768E2
1.704170211E2,2.272886733E-2,7.447321550E-4,1.590261236E-3,9.997401237E-1,1.773952394E2,1.841233406E-1,-8.117597483E-2,1.773951049E2
1.704220211E2,2.273431905E-2,7.405262440E-4,1.589239342E-3,9.997400045E-1,1.773946145E2,1.839957541E-1,-8.069579632E-2,1.773944809E2
1.704270211E2,2.273737820E-2,7.383723278E-4,1.583963516E-3,9.997399449E-1,1.773942638E2,1.833859781E-1,-8.046222370E-2,1.773941311E2
1.704320211E2,2.272649370E-2,7.470616838E-4,1.585613820E-3,9.997401834E-1,1.773955114E2,1.835967973E-1,-8.145539082E-2,1.773953769E2
1.704370211E2,2.271822270E-2,7.515270263E-4,1.589282183E-3,9.997403622E-1,1.773964595E2,1.840280057E-1,-8.195891726E-2,1.773963238E2
1.704420211E2,2.272627535E-2,7.471915451E-4,1.588679384E-3,9.997401834E-1,1.773955365E2,1.839483156E-1,-8.146232418E-2,1.773954017E2
1.704470211E2,2.272359708E-2,7.489662385E-4,1.588645740E-3,9.997402430E-1,1.773958434E2,1.839488649E-1,-8.166621673E-2,1.773957083E2
1.704520211E2,2.272885225E-2,7.446085801E-4,1.590534579E-3,9.997401237E-1,1.773952411E2,1.841543322E-1,-8.116110867E-2,1.773951066E2
1.704570211E2,2.273392970E-2,7.415603613E-4,1.594318659E-3,9.997400045E-1,1.773946591E2,1.845803146E-1,-8.080110542E-2,1.773945249E2
1.704620211E2,2.273115084E-2,7.428823155E-4,1.595948823E-3,9.997400641E-1,1.773949776E2,1.847702891E-1,-8.094881749E-2,1.773948431E2
1.704670211E2,2.272616461E-2,7.460516645E-4,1.590797794E-3,9.997401834E-1,1.773955491E2,1.841880272E-1,-8.132624063E-2,1.773954144E2
1.704720211E2,2.272355388E-2,7.482968504E-4,1.589578926E-3,9.997402430E-1,1.773958484E2,1.840540258E-1,-8.158710827E-2,1.773957133E2
1.704770211E2,2.273400971E-2,7.412213017E-4,1.593335182E-3,9.997400045E-1,1.773946499E2,1.844667685E-1,-8.076480958E-2,1.773945159E2
1.704820211E2,2.273417050E-2,7.407941157E-4,1.591238193E-3,9.997400045E-1,1.773946315E2,1.842254328E-1,-8.072130395E-2,1.773944977E2
1.704870211E2,2.273702213E-2,7.392095868E-4,1.588677289E-3,9.997399449E-1,1.773943046E2,1.839281512E-1,-8.054592468E-2,1.773941714E2
1.704920211E2,2.273972850E-2,7.368408260E-4,1.588550746E-3,9.997398853E-1,1.773939944E2,1.839076987E-1,-8.027438704E-2,1.773938616E2
1.704970211E2,2.274214722E-2,7.366038044E-4,1.591544249E-3,9.997398257E-1,1.773937172E2,1.842502174E-1,-8.023898683E-2,1.773935842E2
1.705020211E2,2.273213538E-2,7.429373800E-4,1.581837656E-3,9.997400641E-1,1.773948648E2,1.831539063E-1,-8.099170409E-2,1.773947313E2
1.705070211E2,2.272963926E-2,7.451137062E-4,1.579009579E-3,9.997401237E-1,1.773951509E2,1.828353828E-1,-8.124885176E-2,1.773950173E2
1.705120211E2,2.273722469E-2,7.390193059E-4,1.585864229E-3,9.997399449E-1,1.773942814E2,1.836054015E-1,-8.053141830E-2,1.773941484E2
1.705170211E2,2.273174147E-2,7.431345875E-4,1.587395906E-3,9.997400641E-1,1.773949099E2,1.837911534E-1,-8.099988945E-2,1.773947760E2
1.705220211E2,2.273184906E-2,7.431225386E-4,1.585860038E-3,9.997400641E-1,1.773948976E2,1.836151784E-1,-8.100249028E-2,1.773947638E2
1.705270211E2,2.274525667E-2,7.333041285E-4,1.586064463E-3,9.997397661E-1,1.773933608E2,1.836140893E-1,-7.987468033E-2,1.773932288E2
1.705320211E2,2.274997834E-2,7.303737220E-4,1.594814355E-3,9.997396469E-1,1.773928196E2,1.846092322E-1,-7.951528881E-2,1.773926875E2
1.705370211E2,2.274999519E-2,7.307463093E-4,1.594403293E-3,9.997396469E-1,1.773928177E2,1.845631128E-1,-7.955904163E-2,1.773926855E2
1.705420211E2,2.275815976E-2,7.255998207E-4,1.592355780E-3,9.997394681E-1,1.773918818E2,1.843157717E-1,-7.897328358E-2,1.773917508E2
1.705470211E2,2.275823853E-2,7.244813605E-4,1.591739128E-3,9.997394681E-1,1.773918728E2,1.842422157E-1,-7.884674455E-2,1.773917420E2
1.705520211E2,2.274985561E-2,7.311246591E-4,1.596220420E-3,9.997396469E-1,1.773928337E2,1.847722621E-1,-7.959767443E-2,1.773927013E2
1.705570211E2,2.276092404E-2,7.222134154E-4,1.591807348E-3,9.997394085E-1,1.773915650E2,1.842443267E-1,-7.858625195E-2,1.773914346E2
1.705620211E2,2.275831812E-2,7.246833411E-4,1.590508735E-3,9.997394681E-1,1.773918637E2,1.841017923E-1,-7.887307805E-2,1.773917330E2
1.705670211E2,2.275573986E-2,7.267225301E-4,1.589001971E-3,9.997395277E-1,1.773921592E2,1.839342891E-1,-7.911109518E-2,1.773920282E2
1.705720211E2,2.276107461E-2,7.220645202E-4,1.589720487E-3,9.997394085E-1,1.773915477E2,1.840048749E-1,-7.857460979E-2,1.773914176E2
1.705770211E2,2.275828368E-2,7.239656406E-4,1.591328182E-3,9.997394681E-1,1.773918676E2,1.841937952E-1,-7.878872622E-2,1.773917370E2
1.705820211E2,2.275295543E-2,7.280861610E-4,1.590748550E-3,9.997395873E-1,1.773924783E2,1.841377165E-1,-7.926327334E-2,1.773923470E2
1.705870211E2,2.275281153E-2,7.293056697E-4,1.592247398E-3,9.997395873E-1,1.773924948E2,1.843125963E-1,-7.939910080E-2,1.773923631E2
1.705920211E2,2.276115813E-2,7.224702858E-4,1.588339801E-3,9.997394085E-1,1.773915381E2,1.838477657E-1,-7.862468098E-2,1.773914080E2
1.705970211E2,2.275325389E-2,7.274762611E-4,1.586753642E-3,9.997395873E-1,1.773924441E2,1.836784846E-1,-7.920376375E-2,1.773923132E2
1.706020211E2,2.275650362E-2,7.262722938E-4,1.578233554E-3,9.997395277E-1,1.773920716E2,1.826995227E-1,-7.908745709E-2,1.773919416E2
1.706070211E2,2.276141128E-2,7.235422963E-4,1.584218699E-3,9.997394085E-1,1.773915091E2,1.833784600E-1,-7.875819530E-2,1.773913791E2
1.706120211E2,2.275872707E-2,7.254584925E-4,1.584291575E-3,9.997394681E-1,1.773918168E2,1.833915955E-1,-7.897802038E-2,1.773916864E2
1.706170211E2,2.274835571E-2,7.312075468E-4,1.580146491E-3,9.997397065E-1,1.773930056E2,1.829308952E-1,-7.964935061E-2,1.773928745E2
1.706220211E2,2.275877345E-2,7.253379445E-4,1.583680394E-3,9.997394681E-1,1.773918115E2,1.833212666E-1,-7.896579569E-2,1.773916812E2
1.706270211E2,2.276101954E-2,7.220734260E-4,1.590504777E-3,9.997394085E-1,1.773915540E2,1.840947437E-1,-7.857359448E-2,1.773914238E2
1.706320211E2,2.274772020E-2,7.311390364E-4,1.589300577E-3,9.997397065E-1,1.773930784E2,1.839793776E-1,-7.961775506E-2,1.773929466E2
1.706370211E2,2.275041957E-2,7.300740108E-4,1.588645391E-3,9.997396469E-1,1.773927690E2,1.839017562E-1,-7.949695524E-2,1.773926374E2
1.706420211E2,2.276094271E-2,7.220358821E-4,1.591620850E-3,9.997394085E-1,1.773915628E2,1.842224995E-1,-7.856639642E-2,1.773914325E2
1.706470211E2,2.276135652E-2,7.221648120E-4,1.585633378E-3,9.997394085E-1,1.773915154E2,1.835369309E-1,-7.859670830E-2,1.773913856E2
1.706520211E2,2.275376457E-2,7.284356398E-4,1.578971394E-3,9.997395873E-1,1.773923856E2,1.827894761E-1,-7.933387044E-2,1.773922551E2
1.706570211E2,2.276722443E-2,7.192439516E-4,1.577860094E-3,9.997392893E-1,1.773908428E2,1.826392472E-1,-7.828129322E-2,1.773907141E2
1.706620211E2,2.277536214E-2,7.134568878E-4,1.576342504E-3,9.997391105E-1,1.773899101E2,1.824509205E-1,-7.762079153E-2,1.773897826E2
1.706670211E2,2.276980630E-2,7.163785049E-4,1.579671982E-3,9.997392297E-1,1.773905469E2,1.828395453E-1,-7.794782316E-2,1.773904186E2
1.706720211E2,2.276717975E-2,7.196113002E-4,1.578337164E-3,9.997392893E-1,1.773908479E2,1.826948564E-1,-7.832214076E-2,1.773907191E2
1.706770211E2,2.276987762E-2,7.179351524E-4,1.577936346E-3,9.997392297E-1,1.773905387E2,1.826447751E-1,-7.813067124E-2,1.773904103E2
1.706820211E2,2.277510319E-2,7.132326718E-4,1.580180600E-3,9.997391105E-1,1.773899397E2,1.828900154E-1,-7.758513493E-2,1.773898120E2
1.706870211E2,2.277785932E-2,7.123570540E-4,1.578558586E-3,9.997390509E-1,1.773896238E2,1.827021222E-1,-7.748855238E-2,1.773894964E2
1.706920211E2,2.276979421E-2,7.165274001E-4,1.579778735E-3,9.997392297E-1,1.773905483E2,1.828521628E-1,-7.796460450E-2,1.773904199E2
1.706970211E2,2.277281899E-2,7.144056726E-4,1.574851922E-3,9.997391701E-1,1.773902016E2,1.822824352E-1,-7.773384006E-2,1.773900740E2
1.707020211E2,2.277777718E-2,7.107885322E-4,1.580449869E-3,9.997390509E-1,1.773896332E2,1.829146904E-1,-7.730393809E-2,1.773895059E2
1.707070211E2,2.277249757E-2,7.150210440E-4,1.579214470E-3,9.997391701E-1,1.773902384E2,1.827837988E-1,-7.779301187E-2,1.773901104E2
1.707120211E2,2.276492234E-2,7.201732951E-4,1.572878100E-3,9.997393489E-1,1.773911067E2,1.820707441E-1,-7.840117801E-2,1.773909782E2
1.707170211E2,2.277048747E-2,7.172548212E-4,1.569422311E-3,9.997392297E-1,1.773904688E2,1.816676619E-1,-7.807483676E-2,1.773903411E2
1.707220211E2,2.276754493E-2,7.191356854E-4,1.573278219E-3,9.997392893E-1,1.773908061E2,1.821140808E-1,-7.828078607E-2,1.773906778E2
1.707270211E2,2.276222337E-2,7.230036426E-4,1.572755282E-3,9.997394085E-1,1.773914160E2,1.820638458E-1,-7.872623946E-2,1.773912871E2
1.707320211E2,2.276235549E-2,7.228819304E-4,1.570897875E-3,9.997394085E-1,1.773914009E2,1.818507503E-1,-7.871711689E-2,1.773912721E2
1.707370211E2,2.276224173E-2,7.230856572E-4,1.572451787E-3,9.997394085E-1,1.773914139E2,1.820292922E-1,-7.873642352E-2,1.773912850E2
1.707420211E2,2.275427884E-2,7.284899475E-4,1.571517787E-3,9.997395873E-1,1.773923267E2,1.819357576E-1,-7.935943389E-2,1.773921967E2
1.707470211E2,2.275456248E-2,7.270445349E-4,1.568076434E-3,9.997395873E-1,1.773922941E2,1.815377619E-1,-7.920276697E-2,1.773921648E2
1.707520211E2,2.275720218E-2,7.253132644E-4,1.568572363E-3,9.997395277E-1,1.773919916E2,1.815902703E-1,-7.900265691E-2,1.773918625E2
1.707570211E2,2.276243965E-2,7.216679514E-4,1.570236520E-3,9.997394085E-1,1.773913913E2,1.817718237E-1,-7.857975119E-2,1.773912627E2
1.707620211E2,2.276771110E-2,7.189018652E-4,1.570978668E-3,9.997392893E-1,1.773907870E2,1.818500423E-1,-7.825996876E-2,1.773906589E2
1.707670211E2,2.276232894E-2,7.223172579E-4,1.571542234E-3,9.997394085E-1,1.773914039E2,1.819230942E-1,-7.865075104E-2,1.773912752E2
1.707720211E2,2.277052292E-2,7.165372954E-4,1.569235814E-3,9.997392297E-1,1.773904647E2,1.816444267E-1,-7.799311598E-2,1.773903372E2
1.707770211E2,2.277016680E-2,7.164952112E-4,1.574413851E-3,9.997392297E-1,1.773905056E2,1.822374957E-1,-7.797484788E-2,1.773903776E2
1.707820211E2,2.277277461E-2,7.142566610E-4,1.575561124E-3,9.997391701E-1,1.773902066E2,1.823632905E-1,-7.771492632E-2,1.773900791E2
1.707870211E2,2.277806314E-2,7.118398207E-4,1.575848553E-3,9.997390509E-1,1.773896005E2,1.823903208E-1,-7.743633401E-2,1.773894733E2
1.707920211E2,2.277788872E-2,7.115481421E-4,1.578499214E-3,9.997390509E-1,1.773896205E2,1.826932110E-1,-7.739603166E-2,1.773894932E2
1.707970211E2,2.277233652E-2,7.160551613E-4,1.581067103E-3,9.997391701E-1,1.773902569E2,1.829987267E-1,-7.790667684E-2,1.773901285E2
1.708020211E2,2.276468245E-2,7.199812680E-4,1.576434006E-3,9.997393489E-1,1.773911342E2,1.824775963E-1,-7.836994619E-2,1.773910055E2
1.708070211E2,2.277548351E-2,7.126797573E-4,1.574939815E-3,9.997391105E-1,1.773898962E2,1.822882066E-1,-7.753540102E-2,1.773897689E2
1.708120211E2,2.277530107E-2,7.139733643E-4,1.576990820E-3,9.997391105E-1,1.773899171E2,1.825265364E-1,-7.767827902E-2,1.773897894E2
1.708170211E2,2.277007539E-2,7.174995844E-4,1.575278351E-3,9.997392297E-1,1.773905160E2,1.823391485E-1,-7.808767145E-2,1.773903879E2
1.708220211E2,2.275939586E-2,7.239233237E-4,1.575361122E-3,9.997394681E-1,1.773917401E2,1.823645526E-1,-7.882531819E-2,1.773916108E2
1.708270211E2,2.275391707E-2,7.286651526E-4,1.576666255E-3,9.997395873E-1,1.773923681E2,1.825260051E-1,-7.936614669E-2,1.773922378E2
1.708320211E2,2.275911099E-2,7.251712959E-4,1.578898751E-3,9.997394681E-1,1.773917728E2,1.827730635E-1,-7.895911342E-2,1.773916429E2
1.708370211E2,2.275341183E-2,7.279581041E-4,1.584265847E-3,9.997395873E-1,1.773924260E2,1.833947465E-1,-7.926542240E-2,1.773922952E2
1.708420211E2,2.275101501E-2,7.295898395E-4,1.580318902E-3,9.997396469E-1,1.773927008E2,1.829466408E-1,-7.946308709E-2,1.773925699E2
1.708470211E2,2.275905082E-2,7.236768724E-4,1.580451033E-3,9.997394681E-1,1.773917797E2,1.829469934E-1,-7.878387210E-2,1.773916500E2
1.708520211E2,2.275384189E-2,7.272433140E-4,1.578406664E-3,9.997395873E-1,1.773923767E2,1.827216762E-1,-7.919873391E-2,1.773922465E2
1.708570211E2,2.274838125E-2,7.322278689E-4,1.579306088E-3,9.997397065E-1,1.773930026E2,1.828372792E-1,-7.976842671E-2,1.773928714E2
1.708620211E2,2.275631396E-2,7.265966269E-4,1.580816810E-3,9.997395277E-1,1.773920934E2,1.829962969E-1,-7.911791126E-2,1.773919631E2
1.708670211E2,2.276201636E-2,7.217117236E-4,1.576340524E-3,9.997394085E-1,1.773914398E2,1.824711921E-1,-7.856892067E-2,1.773913107E2
1.708720211E2,2.275663176E-2,7.265273598E-4,1.576267299E-3,9.997395277E-1,1.773920570E2,1.824749398E-1,-7.912178218E-2,1.773919270E2
1.708770211E2,2.275155043E-2,7.297112606E-4,1.572535373E-3,9.997396469E-1,1.773926394E2,1.820553024E-1,-7.949719310E-2,1.773925092E2
1.708820211E2,2.275412372E-2,7.285040920E-4,1.573755639E-3,9.997395873E-1,1.773923444E2,1.821921551E-1,-7.935524720E-2,1.773922143E2
1.708870211E2,2.276747997E-2,7.187786978E-4,1.574381022E-3,9.997392893E-1,1.773908135E2,1.822394835E-1,-7.823702347E-2,1.773906852E2
1.708920211E2,2.277011353E-2,7.161554531E-4,1.575338654E-3,9.997392297E-1,1.773905117E2,1.823425523E-1,-7.793352114E-2,1.773903837E2
1.708970211E2,2.276233296E-2,7.231607451E-4,1.571096014E-3,9.997394085E-1,1.773914035E2,1.818741751E-1,-7.874854565E-2,1.773912746E2
1.709020211E2,2.276225401E-2,7.220043917E-4,1.572770765E-3,9.997394085E-1,1.773914125E2,1.820630152E-1,-7.861171757E-2,1.773912837E2
1.709070211E2,2.277063212E-2,7.158535882E-4,1.567962696E-3,9.997392297E-1,1.773904522E2,1.814967999E-1,-7.791809160E-2,1.773903249E2
1.709120211E2,2.276767386E-2,7.194780628E-4,1.571254455E-3,9.997392893E-1,1.773907913E2,1.818831377E-1,-7.832526617E-2,1.773906631E2
1.709170211E2,2.276264716E-2,7.218666724E-4,1.567133935E-3,9.997394085E-1,1.773913675E2,1.814169199E-1,-7.861057250E-2,1.773912391E2
1.709220211E2,2.276765801E-2,7.194500067E-4,1.571496949E-3,9.997392893E-1,1.773907931E2,1.819108438E-1,-7.832142221E-2,1.773906649E2
1.709270211E2,2.277300389E-2,7.145328564E-4,1.572118141E-3,9.997391701E-1,1.773901804E2,1.819695940E-1,-7.775551115E-2,1.773900530E2
1.709320211E2,2.276524335E-2,7.205256261E-4,1.568063162E-3,9.997393489E-1,1.773910699E2,1.815200793E-1,-7.845404458E-2,1.773909417E2
1.709370211E2,2.277078846E-2,7.159786182E-4,1.565633458E-3,9.997392297E-1,1.773904343E2,1.812302961E-1,-7.793846496E-2,1.773903072E2
1.709420211E2,2.278098637E-2,7.103804965E-4,1.572060050E-3,9.997389913E-1,1.773892654E2,1.819527184E-1,-7.727850846E-2,1.773891388E2
1.709470211E2,2.278116977E-2,7.098087226E-4,1.569658867E-3,9.997389913E-1,1.773892444E2,1.816761554E-1,-7.721924037E-2,1.773891181E2
1.709520211E2,2.277858386E-2,7.108171121E-4,1.568767591E-3,9.997390509E-1,1.773895408E2,1.815764818E-1,-7.733755967E-2,1.773894144E2
1.709570211E2,2.276809704E-2,7.178141968E-4,1.565874321E-3,9.997392893E-1,1.773907428E2,1.812624698E-1,-7.814861146E-2,1.773906153E2
1.709620211E2,2.277839304E-2,7.121620001E-4,1.570926863E-3,9.997390509E-1,1.773895627E2,1.818273485E-1,-7.748603055E-2,1.773894358E2
1.709670211E2,2.277577379E-2,7.127532153E-4,1.570703113E-3,9.997391105E-1,1.773898629E2,1.818030555E-1,-7.755482155E-2,1.773897360E2
1.709720211E2,2.275966600E-2,7.242620923E-4,1.571297413E-3,9.997394681E-1,1.773917092E2,1.818999105E-1,-7.887467779E-2,1.773915801E2
1.709770211E2,2.276508711E-2,7.206409937E-4,1.570276916E-3,9.997393489E-1,1.773910878E2,1.817739803E-1,-7.846151438E-2,1.773909594E2
1.709820211E2,2.277579348E-2,7.128707948E-4,1.570364111E-3,9.997391105E-1,1.773898606E2,1.817645272E-1,-7.756917288E-2,1.773897337E2
1.709870211E2,2.275963420E-2,7.239051047E-4,1.571922447E-3,9.997394681E-1,1.773917128E2,1.819705820E-1,-7.883215625E-2,1.773915837E2
1.709920211E2,2.276243373E-2,7.229829789E-4,1.569717308E-3,9.997394085E-1,1.773913919E2,1.817157718E-1,-7.873175849E-2,1.773912632E2
1.709970211E2,2.277078066E-2,7.164674462E-4,1.565523329E-3,9.997392297E-1,1.773904352E2,1.812189546E-1,-7.799475472E-2,1.773903080E2
1.710020211E2,2.276550992E-2,7.208164898E-4,1.564054284E-3,9.997393489E-1,1.773910393E2,1.810615937E-1,-7.849777666E-2,1.773909114E2
1.710070211E2,2.275508659E-2,7.274576346E-4,1.560259843E-3,9.997395873E-1,1.773922341E2,1.806433957E-1,-7.927038036E-2,1.773921052E2
1.710120211E2,2.275498314E-2,7.277394761E-4,1.561636571E-3,9.997395873E-1,1.773922459E2,1.808018433E-1,-7.929909727E-2,1.773921169E2
1.710170211E2,2.275471018E-2,7.280824357E-4,1.565449405E-3,9.997395873E-1,1.773922772E2,1.812395225E-1,-7.932849422E-2,1.773921479E2
1.710220211E2,2.274913531E-2,7.320281002E-4,1.568500069E-3,9.997397065E-1,1.773929162E2,1.815988579E-1,-7.977357417E-2,1.773927859E2
1.710270211E2,2.274890901E-2,7.316324627E-4,1.571962959E-3,9.997397065E-1,1.773929422E2,1.819945244E-1,-7.971926270E-2,1.773928116E2
1.710320211E2,2.274371292E-2,7.357617724E-4,1.569406129E-3,9.997398257E-1,1.773935377E2,1.817119578E-1,-8.019993378E-2,1.773934066E2
1.710370211E2,2.274150505E-2,7.360108430E-4,1.563302940E-3,9.997398853E-1,1.773937908E2,1.810132353E-1,-8.024477469E-2,1.773936602E2
1.710420211E2,2.275194127E-2,7.302226732E-4,1.566632185E-3,9.997396469E-1,1.773925946E2,1.813803853E-1,-7.957110171E-2,1.773924647E2
1.710470211E2,2.274109408E-2,7.370376843E-4,1.568787964E-3,9.997398853E-1,1.773938379E2,1.816442548E-1,-8.034819153E-2,1.773937066E2
1.710520211E2,2.273303771E-2,7.427212549E-4,1.568918931E-3,9.997400641E-1,1.773947613E2,1.816734192E-1,-8.100043433E-2,1.773946290E2
1.710570211E2,2.274896530E-2,7.307380438E-4,1.571564353E-3,9.997397065E-1,1.773929357E2,1.819465318E-1,-7.961782538E-2,1.773928054E2
1.710620211E2,2.275405041E-2,7.283115992E-4,1.574904192E-3,9.997395873E-1,1.773923528E2,1.823232281E-1,-7.933021333E-2,1.773922227E2
1.710670211E2,2.274340005E-2,7.348161307E-4,1.574375317E-3,9.997398257E-1,1.773935736E2,1.822787486E-1,-8.007870486E-2,1.773934423E2
1.710720211E2,2.275133956E-2,7.306672051E-4,1.575140283E-3,9.997396469E-1,1.773926636E2,1.823562022E-1,-7.959995455E-2,1.773925330E2
1.710770211E2,2.274326727E-2,7.345415652E-4,1.576420269E-3,9.997398257E-1,1.773935888E2,1.825122963E-1,-8.004194455E-2,1.773934574E2
1.710820211E2,2.273537207E-2,7.408876554E-4,1.573933172E-3,9.997400045E-1,1.773944938E2,1.822432728E-1,-8.077688544E-2,1.773943614E2
1.710870211E2,2.273564084E-2,7.403023192E-4,1.570322085E-3,9.997400045E-1,1.773944630E2,1.818280754E-1,-8.071918776E-2,1.773943310E2
1.710920211E2,2.275109681E-2,7.308081840E-4,1.578577328E-3,9.997396469E-1,1.773926914E2,1.827503058E-1,-7.960718849E-2,1.773925605E2
1.710970211E2,2.275102829E-2,7.300610305E-4,1.579910051E-3,9.997396469E-1,1.773926992E2,1.829010316E-1,-7.951813110E-2,1.773925684E2
1.711020211E2,2.274295029E-2,7.363207405E-4,1.580158831E-3,9.997398257E-1,1.773936251E2,1.829452060E-1,-8.023608418E-2,1.773934931E2
1.711070211E2,2.274047685E-2,7.363766781E-4,1.578018419E-3,9.997398853E-1,1.773939087E2,1.826999431E-1,-8.024852303E-2,1.773937768E2
1.711120211E2,2.275083054E-2,7.298451965E-4,1.582854660E-3,9.997396469E-1,1.773927219E2,1.832377938E-1,-7.948576380E-2,1.773925908E2
1.711170211E2,2.275324080E-2,7.279831916E-4,1.586708822E-3,9.997395873E-1,1.773924456E2,1.836746708E-1,-7.926195788E-2,1.773923146E2
1.711220211E2,2.273698529E-2,7.387128426E-4,1.589435386E-3,9.997399449E-1,1.773943089E2,1.840137030E-1,-8.048704825E-2,1.773941756E2
1.711270211E2,2.273964547E-2,7.373433909E-4,1.589505700E-3,9.997398853E-1,1.773940040E2,1.840184035E-1,-8.032948853E-2,1.773938710E2
1.711320211E2,2.274740295E-2,7.323725731E-4,1.593268476E-3,9.997397065E-1,1.773931148E2,1.844371393E-1,-7.974878610E-2,1.773929824E2
1.711370211E2,2.275018616E-2,7.310663350E-4,1.591528999E-3,9.997396469E-1,1.773927958E2,1.842346772E-1,-7.960316270E-2,1.773926638E2
1.711420211E2,2.274215095E-2,7.350986125E-4,1.592186629E-3,9.997398257E-1,1.773937168E2,1.843198869E-1,-8.006487448E-2,1.773935840E2
1.711470211E2,2.274718309E-2,7.320382865E-4,1.596557559E-3,9.997397065E-1,1.773931400E2,1.848130545E-1,-7.970195631E-2,1.773930074E2
1.711520211E2,2.275246020E-2,7.285851170E-4,1.597588765E-3,9.997395873E-1,1.773925351E2,1.849226079E-1,-7.930269083E-2,1.773924031E2
1.711570211E2,2.274450650E-2,7.335563423E-4,1.596670132E-3,9.997397661E-1,1.773934468E2,1.848296950E-1,-7.987606887E-2,1.773933139E2
1.711620211E2,2.274736076E-2,7.316439878E-4,1.594205154E-3,9.997397065E-1,1.773931196E2,1.845425443E-1,-7.966288413E-2,1.773929873E2
1.711670211E2,2.276327767E-2,7.210425101E-4,1.596111339E-3,9.997393489E-1,1.773912952E2,1.847345311E-1,-7.844044979E-2,1.773911647E2
1.711720211E2,2.276037125E-2,7.230840856E-4,1.599298557E-3,9.997394085E-1,1.773916283E2,1.851047631E-1,-7.866656014E-2,1.773914972E2
1.711770211E2,2.274722105E-2,7.313372917E-4,1.596337999E-3,9.997397065E-1,1.773931356E2,1.847860768E-1,-7.962221441E-2,1.773930032E2
1.711820211E2,2.274703782E-2,7.329705404E-4,1.598198782E-3,9.997397065E-1,1.773931566E2,1.850034954E-1,-7.980450556E-2,1.773930238E2
1.711870211E2,2.275243160E-2,7.294142852E-4,1.597617753E-3,9.997395873E-1,1.773925384E2,1.849280886E-1,-7.939761151E-2,1.773924062E2
1.711920211E2,2.274408777E-2,7.344033802E-4,1.602235832E-3,9.997397661E-1,1.773934948E2,1.854694880E-1,-7.995867792E-2,1.773933613E2
1.711970211E2,2.273641422E-2,7.391654653E-4,1.597374212E-3,9.997399449E-1,1.773943743E2,1.849243256E-1,-8.051832173E-2,1.773942403E2
1.712020211E2,2.274181089E-2,7.368269144E-4,1.596239861E-3,9.997398257E-1,1.773937557E2,1.847887113E-1,-8.025237119E-2,1.773936223E2
1.712070211E2,2.274169371E-2,7.351640379E-4,1.598674222E-3,9.997398257E-1,1.773937692E2,1.850632534E-1,-8.005554644E-2,1.773936359E2
1.712120211E2,2.274723804E-2,7.329729851E-4,1.595345442E-3,9.997397065E-1,1.773931337E2,1.846766331E-1,-7.981218661E-2,1.773930010E2
1.712170211E2,2.275016931E-2,7.307444466E-4,1.591917709E-3,9.997396469E-1,1.773927977E2,1.842783681E-1,-7.956527629E-2,1.773926657E2
1.712220211E2,2.274986414E-2,7.310853689E-4,1.596116810E-3,9.997396469E-1,1.773928327E2,1.847602906E-1,-7.959344182E-2,1.773927003E2
1.712270211E2,2.274988378E-2,7.295713876E-4,1.596529502E-3,9.997396469E-1,1.773928304E2,1.848036236E-1,-7.941891789E-2,1.773926983E2
1.712320211E2,2.274735140E-2,7.326324121E-4,1.593884779E-3,9.997397065E-1,1.773931207E2,1.845084175E-1,-7.977695666E-2,1.773929882E2
1.712370211E2,2.274469083E-2,7.347473875E-4,1.593493624E-3,9.997397661E-1,1.773934256E2,1.844689068E-1,-8.002076258E-2,1.773932928E2
1.712420211E2,2.273593125E-2,7.399297319E-4,1.603881479E-3,9.997399449E-1,1.773944297E2,1.856717648E-1,-8.058901224E-2,1.773942950E2
1.712470211E2,2.276223287E-2,7.213720819E-4,1.610795269E-3,9.997393489E-1,1.773914150E2,1.864175307E-1,-7.844009622E-2,1.773912833E2
1.712520211E2,2.274082621E-2,7.360471645E-4,1.610563952E-3,9.997398257E-1,1.773938686E2,1.864275986E-1,-8.012589443E-2,1.773937342E2
1.712570211E2,2.271161330E-2,7.565366104E-4,1.606290927E-3,9.997404814E-1,1.773972170E2,1.859890634E-1,-8.248977258E-2,1.773970790E2
1.712620211E2,2.275070458E-2,7.301259902E-4,1.584534650E-3,9.997396469E-1,1.773927363E2,1.834309791E-1,-7.951357509E-2,1.773926051E2
1.712670211E2,2.275332131E-2,7.282247534E-4,1.585442922E-3,9.997395873E-1,1.773924364E2,1.835302829E-1,-7.929291763E-2,1.773923054E2
1.712720211E2,2.273527750E-2,7.392150583E-4,1.613449655E-3,9.997399449E-1,1.773945046E2,1.867660008E-1,-8.048233033E-2,1.773943693E2
1.712770211E2,2.273839433E-2,7.373092812E-4,1.607320271E-3,9.997398853E-1,1.773941474E2,1.860590898E-1,-8.027939056E-2,1.773940129E2
1.712820211E2,2.275619961E-2,7.257646066E-4,1.620053314E-3,9.997394681E-1,1.773921065E2,1.874891345E-1,-7.892029337E-2,1.773919733E2
1.712870211E2,2.275102006E-2,7.288675406E-4,1.617841073E-3,9.997395873E-1,1.773927002E2,1.872433775E-1,-7.928251011E-2,1.773925665E2
1.712920211E2,2.274412888E-2,7.346934290E-4,1.601519180E-3,9.997397661E-1,1.773934901E2,1.853881461E-1,-7.999376670E-2,1.773933566E2
1.712970211E2,2.275975818E-2,7.224896108E-4,1.608266844E-3,9.997394085E-1,1.773916986E2,1.861305900E-1,-7.857517839E-2,1.773915669E2
1.713020211E2,2.275062522E-2,7.300979923E-4,1.622830983E-3,9.997395873E-1,1.773927454E2,1.878182092E-1,-7.941053725E-2,1.773926112E2
1.713070211E2,2.275389913E-2,7.269096677E-4,1.615062356E-3,9.997395277E-1,1.773923702E2,1.869201643E-1,-7.906491914E-2,1.773922371E2
1.713120211E2,2.277239060E-2,7.151303580E-4,1.617965405E-3,9.997391105E-1,1.773902507E2,1.872234629E-1,-7.770442796E-2,1.773901196E2
1.713170211E2,2.275873752E-2,7.237085956E-4,1.622103038E-3,9.997394085E-1,1.773918156E2,1.877187928E-1,-7.867893133E-2,1.773916826E2
1.713220211E2,2.275646241E-2,7.247664616E-4,1.616805443E-3,9.997394681E-1,1.773920764E2,1.871144690E-1,-7.881436476E-2,1.773919436E2
1.713270211E2,2.276433391E-2,7.198231178E-4,1.618770766E-3,9.997392893E-1,1.773911741E2,1.873273440E-1,-7.824144647E-2,1.773910421E2
1.713320211E2,2.276393920E-2,7.201398839E-4,1.624171506E-3,9.997392893E-1,1.773912194E2,1.879468595E-1,-7.826372084E-2,1.773910869E2
1.713370211E2,2.275086432E-2,7.299101562E-4,1.619560178E-3,9.997395873E-1,1.773927180E2,1.874430280E-1,-7.939750112E-2,1.773925840E2
1.713420211E2,2.275865898E-2,7.245870074E-4,1.622812706E-3,9.997394085E-1,1.773918246E2,1.878023789E-1,-7.877772759E-2,1.773916914E2
1.713470211E2,2.275622959E-2,7.247352623E-4,1.620093011E-3,9.997394681E-1,1.773921031E2,1.874910001E-1,-7.880226074E-2,1.773919700E2
1.713520211E2,2.274620883E-2,7.333249087E-4,1.609792933E-3,9.997397065E-1,1.773932517E2,1.863326038E-1,-7.981503401E-2,1.773931178E2
1.713570211E2,2.275412378E-2,7.280230056E-4,1.611391664E-3,9.997395277E-1,1.773923444E2,1.865025633E-1,-7.920199467E-2,1.773922114E2
1.713620211E2,2.274891002E-2,7.299889694E-4,1.610155916E-3,9.997396469E-1,1.773929420E2,1.863657060E-1,-7.943141315E-2,1.773928088E2
1.713670211E2,2.273813710E-2,7.387159276E-4,1.610310515E-3,9.997398853E-1,1.773941768E2,1.864053037E-1,-8.043279458E-2,1.773940419E2
1.713720211E2,2.274068612E-2,7.371800020E-4,1.612023218E-3,9.997398257E-1,1.773938847E2,1.865977166E-1,-8.025189757E-2,1.773937499E2
1.713770211E2,2.274578757E-2,7.329696091E-4,1.615895424E-3,9.997397065E-1,1.773932999E2,1.870307584E-1,-7.975850194E-2,1.773931657E2
1.713820211E2,2.274077362E-2,7.362578763E-4,1.611210057E-3,9.997398257E-1,1.773938746E2,1.865021628E-1,-8.014835998E-2,1.773937401E2
1.713870211E2,2.272724732E-2,7.450403646E-4,1.613105997E-3,9.997401237E-1,1.773954250E2,1.867411576E-1,-8.115208329E-2,1.773952887E2
1.713920211E2,2.273987659E-2,7.367794751E-4,1.623584656E-3,9.997398257E-1,1.773939775E2,1.879211111E-1,-8.017603520E-2,1.773938418E2
1.713970211E2,2.274511736E-2,7.330178632E-4,1.625280245E-3,9.997397065E-1,1.773933768E2,1.881059759E-1,-7.973969351E-2,1.773932417E2
1.714020211E2,2.274253921E-2,7.357142167E-4,1.623475109E-3,9.997397661E-1,1.773936723E2,1.879059981E-1,-8.005378230E-2,1.773935369E2
1.714070211E2,2.274755680E-2,7.310819929E-4,1.628671773E-3,9.997396469E-1,1.773930971E2,1.884896642E-1,-7.950861668E-2,1.773929622E2
1.714120211E2,2.274457963E-2,7.327576750E-4,1.632904867E-3,9.997397065E-1,1.773934384E2,1.889787478E-1,-7.969011367E-2,1.773933028E2
1.714170211E2,2.274758807E-2,7.312947419E-4,1.628139406E-3,9.997396469E-1,1.773930936E2,1.884292322E-1,-7.953437148E-2,1.773929586E2
1.714220211E2,2.274793726E-2,7.318541175E-4,1.623001299E-3,9.997396469E-1,1.773930535E2,1.878420858E-1,-7.961178305E-2,1.773929189E2
1.714270211E2,2.275047466E-2,7.294522366E-4,1.625230303E-3,9.997395873E-1,1.773927627E2,1.880913847E-1,-7.933033123E-2,1.773926283E2
1.714320211E2,2.275043631E-2,7.289384375E-4,1.625997480E-3,9.997395873E-1,1.773927671E2,1.881779314E-1,-7.926947658E-2,1.773926328E2
1.714370211E2,2.275589544E-2,7.249721093E-4,1.624674071E-3,9.997394681E-1,1.773921414E2,1.880164073E-1,-7.881751066E-2,1.773920079E2
1.714420211E2,2.275323260E-2,7.275085663E-4,1.624157303E-3,9.997395277E-1,1.773924466E2,1.879636098E-1,-7.910993988E-2,1.773923127E2
1.714470211E2,2.275356754E-2,7.281094440E-4,1.619188231E-3,9.997395277E-1,1.773924082E2,1.873959359E-1,-7.919167139E-2,1.773922746E2
1.714520211E2,2.275621579E-2,7.258839323E-4,1.619772636E-3,9.997394681E-1,1.773921046E2,1.874572920E-1,-7.893469245E-2,1.773919714E2
1.714570211E2,2.276709519E-2,7.181728142E-4,1.617481117E-3,9.997392297E-1,1.773908576E2,1.871755090E-1,-7.805523221E-2,1.773907260E2
1.714620211E2,2.276153871E-2,7.227237220E-4,1.619972289E-3,9.997393489E-1,1.773914945E2,1.874723409E-1,-7.857113440E-2,1.773913619E2
1.714670211E2,2.276698411E-2,7.176939398E-4,1.619256218E-3,9.997392297E-1,1.773908704E2,1.873776101E-1,-7.799576102E-2,1.773907387E2
1.714720211E2,2.276979632E-2,7.159913075E-4,1.617266447E-3,9.997391701E-1,1.773905480E2,1.871454340E-1,-7.780536949E-2,1.773904169E2
1.714770211E2,2.276180067E-2,7.212836063E-4,1.616930589E-3,9.997393489E-1,1.773914645E2,1.871201412E-1,-7.841403723E-2,1.773913324E2
1.714820211E2,2.276438621E-2,7.203313289E-4,1.617808943E-3,9.997392893E-1,1.773911681E2,1.872184855E-1,-7.830216736E-2,1.773910361E2
1.714870211E2,2.277487580E-2,7.133273175E-4,1.620608382E-3,9.997390509E-1,1.773899658E2,1.875217347E-1,-7.749050514E-2,1.773898349E2
1.714920211E2,2.276153551E-2,7.212249329E-4,1.620685100E-3,9.997393489E-1,1.773914949E2,1.875500919E-1,-7.839757182E-2,1.773913625E2
1.714970211E2,2.274292943E-2,7.339194417E-4,1.618814305E-3,9.997397661E-1,1.773936275E2,1.873673995E-1,-7.986024372E-2,1.773934928E2
1.715020211E2,2.275919633E-2,7.229789044E-4,1.615979592E-3,9.997394085E-1,1.773917630E2,1.870154107E-1,-7.861122133E-2,1.773916306E2
1.715070211E2,2.276420565E-2,7.194021600E-4,1.620760304E-3,9.997392893E-1,1.773911888E2,1.875541613E-1,-7.818805469E-2,1.773910568E2
1.715120211E2,2.275055841E-2,7.292156224E-4,1.624163706E-3,9.997395873E-1,1.773927531E2,1.879685827E-1,-7.930598932E-2,1.773926189E2
1.715170211E2,2.274833128E-2,7.308094064E-4,1.617941540E-3,9.997396469E-1,1.773930084E2,1.872597367E-1,-7.950521538E-2,1.773928743E2
1.715220211E2,2.276703913E-2,7.185256109E-4,1.618113369E-3,9.997392297E-1,1.773908641E2,1.872488573E-1,-7.809401012E-2,1.773907324E2
1.715270211E2,2.275891608E-2,7.244278677E-4,1.619274262E-3,9.997394085E-1,1.773917951E2,1.873966125E-1,-7.876867664E-2,1.773916622E2
1.715320211E2,2.275061516E-2,7.297022967E-4,1.623149961E-3,9.997395873E-1,1.773927466E2,1.878537194E-1,-7.936437592E-2,1.773926124E2
1.715370211E2,2.276399021E-2,7.204895373E-4,1.623301301E-3,9.997392893E-1,1.773912135E2,1.878480833E-1,-7.830603825E-2,1.773910810E2
1.715420211E2,2.277434783E-2,7.124959957E-4,1.628375147E-3,9.997390509E-1,1.773900263E2,1.884093005E-1,-7.737509618E-2,1.773898950E2
1.715470211E2,2.276894953E-2,7.167599979E-4,1.628806698E-3,9.997391701E-1,1.773906451E2,1.884694492E-1,-7.786347892E-2,1.773905129E2
1.715520211E2,2.276641705E-2,7.186409202E-4,1.626791432E-3,9.997392297E-1,1.773909354E2,1.882432866E-1,-7.808469582E-2,1.773908030E2
1.715570211E2,2.277186974E-2,7.146893186E-4,1.625473727E-3,9.997391105E-1,1.773903104E2,1.880824404E-1,-7.763440556E-2,1.773901788E2
1.715620211E2,2.277195924E-2,7.151617319E-4,1.624011435E-3,9.997391105E-1,1.773903001E2,1.879161570E-1,-7.769232522E-2,1.773901686E2
1.715670211E2,2.277972093E-2,7.091116277E-4,1.627884107E-3,9.997389317E-1,1.773894105E2,1.883446261E-1,-7.698764652E-2,1.773892798E2
1.715720211E2,2.277443131E-2,7.134876796E-4,1.626772573E-3,9.997390509E-1,1.773900168E2,1.882283013E-1,-7.749287199E-2,1.773898853E2
1.715770211E2,2.277715646E-2,7.110674051E-4,1.626308775E-3,9.997389913E-1,1.773897044E2,1.881690608E-1,-7.721629876E-2,1.773895735E2
1.715820211E2,2.278227737E-2,7.066507242E-4,1.629782957E-3,9.997388721E-1,1.773891174E2,1.885559336E-1,-7.670028216E-2,1.773889871E2
1.715870211E2,2.278234935E-2,7.064298843E-4,1.628872240E-3,9.997388721E-1,1.773891092E2,1.884510289E-1,-7.667734650E-2,1.773889790E2
1.715920211E2,2.277723990E-2,7.102486561E-4,1.625497709E-3,9.997389913E-1,1.773896948E2,1.880740126E-1,-7.712460285E-2,1.773895641E2
1.715970211E2,2.278525021E-2,7.047597319E-4,1.625599689E-3,9.997388124E-1,1.773887767E2,1.880719798E-1,-7.649400929E-2,1.773886470E2
1.716020211E2,2.278249635E-2,7.067602710E-4,1.626671408E-3,9.997388721E-1,1.773890923E2,1.881997710E-1,-7.672091441E-2,1.773889622E2
1.716070211E2,2.277975687E-2,7.091948646E-4,1.627344755E-3,9.997389317E-1,1.773894063E2,1.882830568E-1,-7.699858349E-2,1.773892757E2
1.716120211E2,2.278256973E-2,7.070176653E-4,1.625531353E-3,9.997388721E-1,1.773890839E2,1.880698417E-1,-7.675336460E-2,1.773889538E2
1.716170211E2,2.278802284E-2,7.039791672E-4,1.623728545E-3,9.997387528E-1,1.773884589E2,1.878557914E-1,-7.640895130E-2,1.773883295E2
1.716220211E2,2.278791120E-2,7.040915079E-4,1.625245903E-3,9.997387528E-1,1.773884717E2,1.880299078E-1,-7.641787974E-2,1.773883422E2
1.716270211E2,2.278283054E-2,7.063757512E-4,1.622151583E-3,9.997388721E-1,1.773890540E2,1.876809923E-1,-7.668860086E-2,1.773889243E2
1.716320211E2,2.279031409E-2,7.026433013E-4,1.628840109E-3,9.997386932E-1,1.773881962E2,1.884380683E-1,-7.624213183E-2,1.773880668E2
1.716370211E2,2.278479182E-2,7.048034458E-4,1.631993102E-3,9.997388124E-1,1.773888292E2,1.888045013E-1,-7.648240976E-2,1.773886991E2
1.716420211E2,2.277674749E-2,7.112782332E-4,1.631934545E-3,9.997389913E-1,1.773897513E2,1.888140794E-1,-7.722584442E-2,1.773896199E2
1.716470211E2,2.277985958E-2,7.093985914E-4,1.625817618E-3,9.997389317E-1,1.773893946E2,1.881086448E-1,-7.702589005E-2,1.773892640E2
1.716520211E2,2.277429022E-2,7.125695702E-4,1.629148494E-3,9.997390509E-1,1.773900329E2,1.884980843E-1,-7.738151752E-2,1.773899015E2
1.716570211E2,2.277919250E-2,7.098155329E-4,1.634956454E-3,9.997389317E-1,1.773894710E2,1.891566457E-1,-7.704992472E-2,1.773893397E2
1.716620211E2,2.277643594E-2,7.117036730E-4,1.636092085E-3,9.997389913E-1,1.773897870E2,1.892914623E-1,-7.726379067E-2,1.773896552E2
1.716670211E2,2.277913939E-2,7.095280453E-4,1.635820954E-3,9.997389317E-1,1.773894771E2,1.892549299E-1,-7.701474298E-2,1.773893458E2
1.716720211E2,2.278752205E-2,7.043562946E-4,1.630578772E-3,9.997387528E-1,1.773885163E2,1.886415139E-1,-7.643436112E-2,1.773883863E2
1.716770211E2,2.279023743E-2,7.012442802E-4,1.630514860E-3,9.997386932E-1,1.773882050E2,1.886262712E-1,-7.607749814E-2,1.773880757E2
1.716820211E2,2.278509604E-2,7.062583463E-4,1.627109479E-3,9.997388124E-1,1.773887943E2,1.882488461E-1,-7.666177984E-2,1.773886643E2
1.716870211E2,2.277232980E-2,7.144627743E-4,1.619115705E-3,9.997391105E-1,1.773902576E2,1.873534966E-1,-7.762495794E-2,1.773901266E2
1.716920211E2,2.277492805E-2,7.118805079E-4,1.620510244E-3,9.997390509E-1,1.773899598E2,1.875067194E-1,-7.732500250E-2,1.773898292E2
1.716970211E2,2.277741022E-2,7.109337021E-4,1.622809446E-3,9.997389913E-1,1.773896753E2,1.877678411E-1,-7.721006783E-2,1.773895447E2
1.717020211E2,2.276937354E-2,7.156003267E-4,1.623380231E-3,9.997391701E-1,1.773905965E2,1.878447885E-1,-7.774470441E-2,1.773904649E2
1.717070211E2,2.278028873E-2,7.087764679E-4,1.620065654E-3,9.997389317E-1,1.773893454E2,1.874480968E-1,-7.696955365E-2,1.773892154E2
1.717120211E2,2.278539049E-2,7.058416377E-4,1.623162185E-3,9.997388124E-1,1.773887606E2,1.877955704E-1,-7.662429252E-2,1.773886309E2
1.717170211E2,2.277720870E-2,7.102978416E-4,1.625913312E-3,9.997389913E-1,1.773896984E2,1.881217508E-1,-7.712915868E-2,1.773895677E2
1.717220211E2,2.278037539E-2,7.083737873E-4,1.619022922E-3,9.997389317E-1,1.773893354E2,1.873275946E-1,-7.692612776E-2,1.773892056E2
1.717270211E2,2.278883735E-2,7.023971993E-4,1.612946508E-3,9.997387528E-1,1.773883655E2,1.866165098E-1,-7.625572311E-2,1.773882373E2
1.717320211E2,2.278593859E-2,7.052307483E-4,1.615716610E-3,9.997388124E-1,1.773886978E2,1.869410369E-1,-7.657364701E-2,1.773885688E2
1.717370211E2,2.278060491E-2,7.092270534E-4,1.615415909E-3,9.997389317E-1,1.773893091E2,1.869166133E-1,-7.703325282E-2,1.773891794E2
1.717420211E2,2.278074570E-2,7.092771120E-4,1.613407163E-3,9.997389317E-1,1.773892930E2,1.866866287E-1,-7.704420536E-2,1.773891634E2
1.717470211E2,2.277806768E-2,7.097661728E-4,1.614068868E-3,9.997389913E-1,1.773895999E2,1.867635053E-1,-7.709900582E-2,1.773894702E2
1.717520211E2,2.278584613E-2,7.058177143E-4,1.616763882E-3,9.997388124E-1,1.773887084E2,1.870625403E-1,-7.663817347E-2,1.773885792E2
1.717570211E2,2.278589189E-2,7.048873231E-4,1.616524882E-3,9.997388124E-1,1.773887031E2,1.870327338E-1,-7.653220181E-2,1.773885742E2
1.717620211E2,2.278307045E-2,7.067739498E-4,1.618604758E-3,9.997388721E-1,1.773890265E2,1.872757189E-1,-7.674343447E-2,1.773888970E2
1.717670211E2,2.278840616E-2,7.027808460E-4,1.618860639E-3,9.997387528E-1,1.773884149E2,1.872950137E-1,-7.628431010E-2,1.773882862E2
1.717720211E2,2.278835135E-2,7.031092537E-4,1.619489514E-3,9.997387528E-1,1.773884212E2,1.873679125E-1,-7.632030100E-2,1.773882924E2
1.717770211E2,2.277753248E-2,7.100903895E-4,1.621462055E-3,9.997389913E-1,1.773896613E2,1.876112892E-1,-7.711695057E-2,1.773895309E2
1.717820211E2,2.278025692E-2,7.081713993E-4,1.620777417E-3,9.997389317E-1,1.773893490E2,1.875280556E-1,-7.689838383E-2,1.773892191E2
1.717870211E2,2.279339960E-2,7.000169717E-4,1.623370918E-3,9.997386336E-1,1.773878426E2,1.878048812E-1,-7.595495946E-2,1.773877140E2
1.717920211E2,2.278789506E-2,7.033956354E-4,1.625773497E-3,9.997387528E-1,1.773884735E2,1.880885314E-1,-7.633678468E-2,1.773883441E2
1.717970211E2,2.278295663E-2,7.065006648E-4,1.620325143E-3,9.997388721E-1,1.773890396E2,1.874720874E-1,-7.670765610E-2,1.773889100E2
1.718020211E2,2.279622095E-2,6.987364613E-4,1.621011412E-3,9.997385740E-1,1.773875192E2,1.875314404E-1,-7.581389603E-2,1.773873911E2
1.718070211E2,2.279562658E-2,6.990439142E-4,1.629216596E-3,9.997385740E-1,1.773875873E2,1.884722009E-1,-7.582779527E-2,1.773874585E2
1.718120211E2,2.278769253E-2,7.044407539E-4,1.628158032E-3,9.997387528E-1,1.773884967E2,1.883644226E-1,-7.645032630E-2,1.773883670E2
1.718170211E2,2.279073450E-2,7.021113997E-4,1.623177319E-3,9.997386932E-1,1.773881481E2,1.877879704E-1,-7.619590690E-2,1.773880191E2
1.718220211E2,2.279601611E-2,6.982133491E-4,1.624114579E-3,9.997385740E-1,1.773875427E2,1.878855631E-1,-7.574589925E-2,1.773874144E2
1.718270211E2,2.279061018E-2,7.011983544E-4,1.625316218E-3,9.997386932E-1,1.773881623E2,1.880306126E-1,-7.608574400E-2,1.773880334E2
1.718320211E2,2.279034316E-2,7.024638471E-4,1.628510770E-3,9.997386932E-1,1.773881929E2,1.883998721E-1,-7.622242791E-2,1.773880635E2
1.718370211E2,2.278240881E-2,7.081117947E-4,1.627309481E-3,9.997388721E-1,1.773891024E2,1.882763921E-1,-7.687409783E-2,1.773889719E2
1.718420211E2,2.277726384E-2,7.100985385E-4,1.625227858E-3,9.997389913E-1,1.773896921E2,1.880427079E-1,-7.710810499E-2,1.773895614E2
1.718470211E2,2.278261762E-2,7.072536973E-4,1.624757308E-3,9.997388721E-1,1.773890784E2,1.879817854E-1,-7.678241672E-2,1.773889484E2
1.718520211E2,2.277728558E-2,7.103891112E-4,1.624796074E-3,9.997389913E-1,1.773896896E2,1.879940020E-1,-7.714251645E-2,1.773895589E2
1.718570211E2,2.277474704E-2,7.126692217E-4,1.622706070E-3,9.997390509E-1,1.773899806E2,1.877603224E-1,-7.740966190E-2,1.773898496E2
1.718620211E2,2.279068976E-2,7.011303678E-4,1.624229248E-3,9.997386932E-1,1.773881532E2,1.879059156E-1,-7.608077928E-2,1.773880243E2
1.718670211E2,2.279329614E-2,6.995502044E-4,1.625023899E-3,9.997386336E-1,1.773878544E2,1.879930229E-1,-7.589718760E-2,1.773877258E2
1.718720211E2,2.278518198E-2,7.060202188E-4,1.626009122E-3,9.997388124E-1,1.773887845E2,1.881221716E-1,-7.663735654E-2,1.773886546E2
1.718770211E2,2.278832972E-2,7.028533728E-4,1.619904884E-3,9.997387528E-1,1.773884237E2,1.874148282E-1,-7.628990618E-2,1.773882949E2
1.718820211E2,2.279058464E-2,7.010991103E-4,1.625717035E-3,9.997386932E-1,1.773881652E2,1.880762699E-1,-7.607333240E-2,1.773880363E2
1.718870211E2,2.278494591E-2,7.061844226E-4,1.629242557E-3,9.997388124E-1,1.773888116E2,1.884930113E-1,-7.664776961E-2,1.773886814E2
1.718920211E2,2.278245074E-2,7.071812870E-4,1.627127174E-3,9.997388721E-1,1.773890976E2,1.882530803E-1,-7.676796538E-2,1.773889673E2
1.718970211E2,2.279338626E-2,6.993295974E-4,1.623854390E-3,9.997386336E-1,1.773878441E2,1.878584722E-1,-7.587495237E-2,1.773877156E2
1.719020211E2,2.278810048E-2,7.033320144E-4,1.622919110E-3,9.997387528E-1,1.773884500E2,1.877613765E-1,-7.633691161E-2,1.773883208E2
1.719070211E2,2.277729569E-2,7.103093667E-4,1.624689205E-3,9.997389913E-1,1.773896884E2,1.879815514E-1,-7.713365783E-2,1.773895578E2
1.719120211E2,2.277172616E-2,7.138618967E-4,1.627846970E-3,9.997391105E-1,1.773903268E2,1.883521534E-1,-7.753344853E-2,1.773901953E2
1.719170211E2,2.278237109E-2,7.064377423E-4,1.628564671E-3,9.997388721E-1,1.773891067E2,1.884158153E-1,-7.667904563E-2,1.773889765E2
1.719220211E2,2.279045744E-2,7.021379424E-4,1.627051388E-3,9.997386932E-1,1.773881798E2,1.882318397E-1,-7.618888170E-2,1.773880506E2
1.719270211E2,2.278011260E-2,7.096324116E-4,1.622166252E-3,9.997389317E-1,1.773893656E2,1.876909667E-1,-7.706216133E-2,1.773892352E2
1.719320211E2,2.278029180E-2,7.086138939E-4,1.620093710E-3,9.997389317E-1,1.773893450E2,1.874508867E-1,-7.695085508E-2,1.773892151E2
1.719370211E2,2.278831564E-2,7.041959325E-4,1.619519782E-3,9.997387528E-1,1.773884253E2,1.873742155E-1,-7.644472038E-2,1.773882962E2
1.719420211E2,2.278298120E-2,7.064008387E-4,1.620023162E-3,9.997388721E-1,1.773890368E2,1.874372331E-1,-7.669700368E-2,1.773889072E2
1.719470211E2,2.278850484E-2,7.042405778E-4,1.616835943E-3,9.997387528E-1,1.773884036E2,1.870668805E-1,-7.645680842E-2,1.773882748E2
1.719520211E2,2.279130963E-2,7.007475942E-4,1.615673886E-3,9.997386932E-1,1.773880821E2,1.869248434E-1,-7.605915669E-2,1.773879540E2
1.719570211E2,2.279100081E-2,7.006725646E-4,1.620056806E-3,9.997386932E-1,1.773881175E2,1.874267401E-1,-7.603917165E-2,1.773879891E2
1.719620211E2,2.278322151E-2,7.061618962E-4,1.616744441E-3,9.997388721E-1,1.773890092E2,1.870610106E-1,-7.667814538E-2,1.773888800E2
1.719670211E2,2.279131078E-2,7.011704147E-4,1.615474233E-3,9.997386932E-1,1.773880820E2,1.869030754E-1,-7.610811695E-2,1.773879538E2
1.719720211E2,2.279349826E-2,6.999131292E-4,1.622029929E-3,9.997386336E-1,1.773878313E2,1.876509912E-1,-7.594654732E-2,1.773877028E2
1.719770211E2,2.278801783E-2,7.030194975E-4,1.624214579E-3,9.997387528E-1,1.773884595E2,1.879089657E-1,-7.629774162E-2,1.773883302E2
1.719820211E2,2.278548947E-2,7.049639826E-4,1.622153912E-3,9.997388124E-1,1.773887493E2,1.876777763E-1,-7.652636105E-2,1.773886198E2
1.719870211E2,2.278556782E-2,7.047930849E-4,1.621127361E-3,9.997388124E-1,1.773887403E2,1.875597323E-1,-7.650944851E-2,1.773886110E2
1.719920211E2,2.278515185E-2,7.058554911E-4,1.626502723E-3,9.997388124E-1,1.773887880E2,1.881782871E-1,-7.661720187E-2,1.773886580E2
1.719970211E2,2.278247997E-2,7.080927026E-4,1.626321231E-3,9.997388721E-1,1.773890942E2,1.881631318E-1,-7.687447734E-2,1.773889639E2
1.720020211E2,2.277480060E-2,7.117817295E-4,1.622343902E-3,9.997390509E-1,1.773899744E2,1.877165193E-1,-7.730892446E-2,1.773898437E2
1.720070211E2,2.277484583E-2,7.117975038E-4,1.621701871E-3,9.997390509E-1,1.773899692E2,1.876430116E-1,-7.731239876E-2,1.773898385E2
1.720120211E2,2.278319251E-2,7.073710440E-4,1.616624533E-3,9.997388721E-1,1.773890125E2,1.870504288E-1,-7.681698588E-2,1.773888831E2
1.720170211E2,2.277255116E-2,7.134780753E-4,1.616434194E-3,9.997391105E-1,1.773902323E2,1.870437444E-1,-7.751910553E-2,1.773901017E2
1.720220211E2,2.277506545E-2,7.131721359E-4,1.618009410E-3,9.997390509E-1,1.773899441E2,1.872236007E-1,-7.747947493E-2,1.773898134E2
1.720270211E2,2.277521929E-2,7.132883184E-4,1.615791232E-3,9.997390509E-1,1.773899264E2,1.869697969E-1,-7.749854558E-2,1.773897959E2
1.720320211E2,2.278068061E-2,7.085900288E-4,1.614627778E-3,9.997389317E-1,1.773893005E2,1.868246660E-1,-7.696231756E-2,1.773891709E2
1.720370211E2,2.277502878E-2,7.133281906E-4,1.618456678E-3,9.997390509E-1,1.773899483E2,1.872752451E-1,-7.749619234E-2,1.773898175E2
1.720420211E2,2.277283696E-2,7.137046778E-4,1.612302498E-3,9.997391105E-1,1.773901995E2,1.865710223E-1,-7.755579455E-2,1.773900692E2
1.720470211E2,2.278091277E-2,7.083520759E-4,1.611453481E-3,9.997389317E-1,1.773892738E2,1.864604087E-1,-7.694330081E-2,1.773891446E2
1.720520211E2,2.279129707E-2,7.010994595E-4,1.615698449E-3,9.997386932E-1,1.773880836E2,1.869285756E-1,-7.609940516E-2,1.773879554E2
1.720570211E2,2.278359216E-2,7.065637037E-4,1.611336600E-3,9.997388721E-1,1.773889667E2,1.864425550E-1,-7.673822732E-2,1.773888378E2
1.720620211E2,2.277860519E-2,7.105892291E-4,1.606101403E-3,9.997389913E-1,1.773895383E2,1.858529264E-1,-7.721399416E-2,1.773894091E2
1.720670211E2,2.278676119E-2,7.039503544E-4,1.604635851E-3,9.997388124E-1,1.773886035E2,1.856683219E-1,-7.645574434E-2,1.773884756E2
1.720720211E2,2.278710306E-2,7.039438351E-4,1.599776559E-3,9.997388124E-1,1.773885643E2,1.851116406E-1,-7.646762326E-2,1.773884368E2
1.720770211E2,2.278151513E-2,7.079405477E-4,1.603097073E-3,9.997389317E-1,1.773892048E2,1.855020533E-1,-7.691785919E-2,1.773890763E2
1.720820211E2,2.278695823E-2,7.054709713E-4,1.601166208E-3,9.997388124E-1,1.773885809E2,1.852748189E-1,-7.663897253E-2,1.773884530E2
1.720870211E2,2.278126762E-2,7.093453896E-4,1.605990808E-3,9.997389317E-1,1.773892332E2,1.858372145E-1,-7.707129158E-2,1.773891042E2
1.720920211E2,2.277867144E-2,7.109730504E-4,1.604991616E-3,9.997389913E-1,1.773895307E2,1.857267940E-1,-7.726085002E-2,1.773894015E2
1.720970211E2,2.278692610E-2,7.048552507E-4,1.601894503E-3,9.997388124E-1,1.773885846E2,1.853566433E-1,-7.656653869E-2,1.773884567E2
1.721020211E2,2.278698386E-2,7.047019899E-4,1.601140015E-3,9.997388124E-1,1.773885780E2,1.852698118E-1,-7.655094038E-2,1.773884502E2
1.721070211E2,2.278911076E-2,7.033738657E-4,1.608652179E-3,9.997387528E-1,1.773883342E2,1.861271146E-1,-7.637877555E-2,1.773882061E2
1.721120211E2,2.278863711E-2,7.025456289E-4,1.615708577E-3,9.997387528E-1,1.773883885E2,1.869333105E-1,-7.626555163E-2,1.773882600E2
1.721170211E2,2.278931833E-2,7.026228122E-4,1.606037724E-3,9.997387528E-1,1.773883104E2,1.858256515E-1,-7.629952287E-2,1.773881826E2
1.721220211E2,2.278662453E-2,7.049953565E-4,1.606117003E-3,9.997388124E-1,1.773886192E2,1.858407243E-1,-7.657161920E-2,1.773884910E2
1.721270211E2,2.278350299E-2,7.068903651E-4,1.612453838E-3,9.997388721E-1,1.773889769E2,1.865713941E-1,-7.677274980E-2,1.773888479E2
1.721320211E2,2.278057713E-2,7.094749599E-4,1.615698682E-3,9.997389317E-1,1.773893123E2,1.869496534E-1,-7.706092039E-2,1.773891825E2
1.721370211E2,2.277550669E-2,7.127471617E-4,1.611974440E-3,9.997390509E-1,1.773898935E2,1.865311470E-1,-7.744645790E-2,1.773897634E2
1.721420211E2,2.278091123E-2,7.085271063E-4,1.611398300E-3,9.997389317E-1,1.773892740E2,1.864545439E-1,-7.696349693E-2,1.773891447E2
1.721470211E2,2.277495286E-2,7.134087500E-4,1.619489281E-3,9.997390509E-1,1.773899570E2,1.873937468E-1,-7.750274054E-2,1.773898261E2
1.721520211E2,2.276956363E-2,7.167222793E-4,1.620216062E-3,9.997391701E-1,1.773905747E2,1.874852375E-1,-7.788145790E-2,1.773904432E2
1.721570211E2,2.276983755E-2,7.167384028E-4,1.616354799E-3,9.997391701E-1,1.773905433E2,1.870429465E-1,-7.789332912E-2,1.773904121E2
1.721620211E2,2.277245115E-2,7.146945572E-4,1.617305563E-3,9.997391105E-1,1.773902437E2,1.871467374E-1,-7.765621251E-2,1.773901128E2
1.721670211E2,2.276675762E-2,7.175364299E-4,1.622507116E-3,9.997392297E-1,1.773908963E2,1.877496111E-1,-7.796927722E-2,1.773907645E2
1.721720211E2,2.275870110E-2,7.237817626E-4,1.622581272E-3,9.997394085E-1,1.773918198E2,1.877737683E-1,-7.868607303E-2,1.773916867E2
1.721770211E2,2.276657761E-2,7.183674606E-4,1.624663942E-3,9.997392297E-1,1.773909170E2,1.879988560E-1,-7.805888820E-2,1.773907848E2
1.721820211E2,2.277177664E-2,7.146770367E-4,1.626782818E-3,9.997391105E-1,1.773903210E2,1.882323732E-1,-7.762959986E-2,1.773901894E2
1.721870211E2,2.277124622E-2,7.146662101E-4,1.634195447E-3,9.997391105E-1,1.773903818E2,1.890815099E-1,-7.760911594E-2,1.773902496E2
1.721920211E2,2.277385482E-2,7.132028695E-4,1.634947606E-3,9.997390509E-1,1.773900828E2,1.891640619E-1,-7.743901678E-2,1.773899508E2
1.721970211E2,2.277904403E-2,7.102846284E-4,1.636820147E-3,9.997389317E-1,1.773894880E2,1.893713674E-1,-7.709882816E-2,1.773893565E2
1.722020211E2,2.278450935E-2,7.065684185E-4,1.635170542E-3,9.997388124E-1,1.773888616E2,1.891731026E-1,-7.667636489E-2,1.773887309E2
1.722070211E2,2.277930042E-2,7.090023137E-4,1.633805223E-3,9.997389317E-1,1.773894587E2,1.890226435E-1,-7.695974577E-2,1.773893276E2
1.722120211E2,2.278255824E-2,7.071693544E-4,1.625626464E-3,9.997388721E-1,1.773890852E2,1.880811330E-1,-7.677049621E-2,1.773889551E2
1.722170211E2,2.278794825E-2,7.041604258E-4,1.624696422E-3,9.997387528E-1,1.773884674E2,1.879671410E-1,-7.642720305E-2,1.773883380E2
1.722220211E2,2.279054182E-2,7.013508002E-4,1.626208657E-3,9.997386932E-1,1.773881701E2,1.881332453E-1,-7.610089049E-2,1.773880411E2
1.722270211E2,2.278263439E-2,7.067786064E-4,1.624728902E-3,9.997388721E-1,1.773890765E2,1.879772920E-1,-7.672806051E-2,1.773889465E2
1.722320211E2,2.278013160E-2,7.088601706E-4,1.622237032E-3,9.997389317E-1,1.773893634E2,1.876970608E-1,-7.697350375E-2,1.773892332E2
1.722370211E2,2.278249443E-2,7.067291299E-4,1.626711804E-3,9.997388721E-1,1.773890925E2,1.882043174E-1,-7.671724173E-2,1.773889624E2
1.722420211E2,2.278500624E-2,7.057178882E-4,1.628600876E-3,9.997388124E-1,1.773888046E2,1.884182853E-1,-7.659598677E-2,1.773886746E2
1.722470211E2,2.277735176E-2,7.100300281E-4,1.624025172E-3,9.997389913E-1,1.773896820E2,1.879047535E-1,-7.710337907E-2,1.773895515E2
1.722520211E2,2.278778454E-2,7.038394106E-4,1.627129968E-3,9.997387528E-1,1.773884862E2,1.882450821E-1,-7.638410278E-2,1.773883566E2
1.722570211E2,2.278724191E-2,7.046560640E-4,1.634359825E-3,9.997387528E-1,1.773885484E2,1.890754405E-1,-7.645888238E-2,1.773884181E2
1.722620211E2,2.278454577E-2,7.065337850E-4,1.634677872E-3,9.997388124E-1,1.773888574E2,1.891165737E-1,-7.667367670E-2,1.773887267E2
1.722670211E2,2.277965771E-2,7.082984084E-4,1.629122300E-3,9.997389317E-1,1.773894177E2,1.884843481E-1,-7.689126237E-2,1.773892871E2
1.722720211E2,2.278212289E-2,7.069275598E-4,1.631821040E-3,9.997388721E-1,1.773891351E2,1.887901315E-1,-7.672670508E-2,1.773890046E2
1.722770211E2,2.278449777E-2,7.048470434E-4,1.636074507E-3,9.997388124E-1,1.773888629E2,1.892721667E-1,-7.647680317E-2,1.773887325E2
1.722820211E2,2.277350601E-2,7.128000143E-4,1.639974187E-3,9.997390509E-1,1.773901228E2,1.897388389E-1,-7.737981269E-2,1.773899905E2
1.722870211E2,2.277369423E-2,7.124084514E-4,1.637528767E-3,9.997390509E-1,1.773901012E2,1.894576791E-1,-7.734130093E-2,1.773899692E2
1.722920211E2,2.278224952E-2,7.071570726E-4,1.629952574E-3,9.997388721E-1,1.773891206E2,1.885766852E-1,-7.675785271E-2,1.773889902E2
1.722970211E2,2.277935696E-2,7.093579625E-4,1.632862375E-3,9.997389317E-1,1.773894522E2,1.889155618E-1,-7.700294007E-2,1.773893211E2
1.723020211E2,2.277375279E-2,7.139273803E-4,1.636052155E-3,9.997390509E-1,1.773900945E2,1.892924844E-1,-7.751915460E-2,1.773899623E2
1.723070211E2,2.277347655E-2,7.135606138E-4,1.640052535E-3,9.997390509E-1,1.773901262E2,1.897497975E-1,-7.746674939E-2,1.773899937E2
1.723120211E2,2.278143278E-2,7.075610338E-4,1.641154406E-3,9.997388721E-1,1.773892142E2,1.898609820E-1,-7.677504067E-2,1.773890829E2
1.723170211E2,2.278156906E-2,7.072741282E-4,1.639385242E-3,9.997388721E-1,1.773891986E2,1.896575643E-1,-7.674676518E-2,1.773890674E2
1.723220211E2,2.277100936E-2,7.142319810E-4,1.637682086E-3,9.997391105E-1,1.773904090E2,1.894797949E-1,-7.755031632E-2,1.773902766E2
1.723270211E2,2.277368179E-2,7.122765528E-4,1.637759153E-3,9.997390509E-1,1.773901027E2,1.894837273E-1,-7.732559150E-2,1.773899706E2
1.723320211E2,2.277383614E-2,7.133969921E-4,1.635123044E-3,9.997390509E-1,1.773900850E2,1.891846657E-1,-7.746080146E-2,1.773899529E2
1.723370211E2,2.276861556E-2,7.165385759E-4,1.633565640E-3,9.997391701E-1,1.773906834E2,1.890140396E-1,-7.782575823E-2,1.773905508E2
1.723420211E2,2.276835694E-2,7.169705932E-4,1.636977191E-3,9.997391701E-1,1.773907130E2,1.894059812E-1,-7.786639836E-2,1.773905801E2
1.723470211E2,2.276824560E-2,7.162994007E-4,1.638818532E-3,9.997391701E-1,1.773907258E2,1.896151690E-1,-7.778472208E-2,1.773905929E2
1.723520211E2,2.277359345E-2,7.132224855E-4,1.638575690E-3,9.997390509E-1,1.773901128E2,1.895797336E-1,-7.743184491E-2,1.773899805E2
1.723570211E2,2.277090757E-2,7.147572469E-4,1.638867776E-3,9.997391105E-1,1.773904207E2,1.896169929E-1,-7.760741693E-2,1.773902881E2
1.723620211E2,2.276555090E-2,7.180163520E-4,1.639141585E-3,9.997392297E-1,1.773910346E2,1.896564487E-1,-7.798108727E-2,1.773909014E2
1.723670211E2,2.276815117E-2,7.166276337E-4,1.639986527E-3,9.997391701E-1,1.773907366E2,1.897498261E-1,-7.781929542E-2,1.773906036E2
1.723720211E2,2.277092182E-2,7.144728443E-4,1.638793736E-3,9.997391105E-1,1.773904190E2,1.896077696E-1,-7.757502578E-2,1.773902865E2
1.723770211E2,2.276841286E-2,7.165085990E-4,1.636401517E-3,9.997391701E-1,1.773907066E2,1.893388296E-1,-7.781496296E-2,1.773905739E2
1.723820211E2,2.276837285E-2,7.176389336E-4,1.636462985E-3,9.997391701E-1,1.773907112E2,1.893488179E-1,-7.794430323E-2,1.773905782E2
1.723870211E2,2.277080891E-2,7.147452561E-4,1.640243223E-3,9.997391105E-1,1.773904320E2,1.897745280E-1,-7.760247275E-2,1.773902993E2
1.723920211E2,2.276517829E-2,7.192573976E-4,1.643766067E-3,9.997392297E-1,1.773910773E2,1.901894480E-1,-7.811126977E-2,1.773909435E2
1.723970211E2,2.275434888E-2,7.253503427E-4,1.646026038E-3,9.997394681E-1,1.773923186E2,1.904633984E-1,-7.880545532E-2,1.773921834E2
1.724020211E2,2.276501812E-2,7.180922548E-4,1.646491466E-3,9.997392297E-1,1.773910957E2,1.904986229E-1,-7.797070941E-2,1.773909619E2
1.724070211E2,2.276208281E-2,7.206286537E-4,1.649770536E-3,9.997392893E-1,1.773914322E2,1.908806680E-1,-7.825328957E-2,1.773912976E2
1.724120211E2,2.275938879E-2,7.227841998E-4,1.649875427E-3,9.997393489E-1,1.773917409E2,1.908980962E-1,-7.850047348E-2,1.773916059E2
1.724170211E2,2.275395507E-2,7.267908077E-4,1.650827471E-3,9.997394681E-1,1.773923638E2,1.910171863E-1,-7.895803255E-2,1.773922279E2
1.724220211E2,2.275376512E-2,7.260040147E-4,1.653789193E-3,9.997394681E-1,1.773923855E2,1.913544207E-1,-7.886020969E-2,1.773922496E2
1.724270211E2,2.275611904E-2,7.254264783E-4,1.657681772E-3,9.997394085E-1,1.773921157E2,1.917990422E-1,-7.878344449E-2,1.773919796E2
1.724320211E2,2.275354955E-2,7.268604822E-4,1.656376873E-3,9.997394681E-1,1.773924102E2,1.916530872E-1,-7.895162198E-2,1.773922739E2
1.724370211E2,2.274589461E-2,7.317169220E-4,1.651442260E-3,9.997396469E-1,1.773932877E2,1.910998231E-1,-7.952231450E-2,1.773931508E2
1.724420211E2,2.275701918E-2,7.247323520E-4,1.645584125E-3,9.997394085E-1,1.773920126E2,1.904113706E-1,-7.873530096E-2,1.773918775E2
1.724470211E2,2.275443471E-2,7.259905688E-4,1.644556643E-3,9.997394681E-1,1.773923088E2,1.902967379E-1,-7.888261598E-2,1.773921736E2
1.724520211E2,2.274141285E-2,7.345891790E-4,1.639681985E-3,9.997397661E-1,1.773938014E2,1.897596702E-1,-7.988287071E-2,1.773936649E2
1.724570211E2,2.274989815E-2,7.298212731E-4,1.633115578E-3,9.997395873E-1,1.773928288E2,1.889956551E-1,-7.935215959E-2,1.773926937E2
1.724620211E2,2.276010235E-2,7.222581771E-4,1.640234259E-3,9.997393489E-1,1.773916592E2,1.897922676E-1,-7.846522178E-2,1.773915250E2
1.724670211E2,2.275150572E-2,7.282239385E-4,1.647855272E-3,9.997395277E-1,1.773926445E2,1.906802282E-1,-7.913043186E-2,1.773925086E2
1.724720211E2,2.274630620E-2,7.311053341E-4,1.646035351E-3,9.997396469E-1,1.773932405E2,1.904788343E-1,-7.946626529E-2,1.773931042E2
1.724770211E2,2.275443854E-2,7.262814324E-4,1.644375152E-3,9.997394681E-1,1.773923084E2,1.902767047E-1,-7.891641036E-2,1.773921731E2
1.724820211E2,2.275125716E-2,7.286245818E-4,1.651106752E-3,9.997395277E-1,1.773926730E2,1.910537497E-1,-7.916790027E-2,1.773925368E2
1.724870211E2,2.274560343E-2,7.328913198E-4,1.654928434E-3,9.997396469E-1,1.773933210E2,1.915022449E-1,-7.964782421E-2,1.773931837E2
1.724920211E2,2.273774942E-2,7.380173192E-4,1.652555540E-3,9.997398257E-1,1.773942213E2,1.912431336E-1,-8.024275539E-2,1.773940831E2
1.724970211E2,2.274041452E-2,7.355914568E-4,1.653024228E-3,9.997397661E-1,1.773939158E2,1.912907189E-1,-7.996311303E-2,1.773937781E2
1.725020211E2,2.274282828E-2,7.337332354E-4,1.656687120E-3,9.997397065E-1,1.773936391E2,1.917056972E-1,-7.974022352E-2,1.773935015E2
1.725070211E2,2.273762563E-2,7.376138237E-4,1.654437860E-3,9.997398257E-1,1.773942355E2,1.914577147E-1,-8.019164918E-2,1.773940972E2
1.725120211E2,2.274636653E-2,7.317710551E-4,1.644905424E-3,9.997396469E-1,1.773932336E2,1.903511277E-1,-7.954546534E-2,1.773930972E2
1.725170211E2,2.275154998E-2,7.287558401E-4,1.647008816E-3,9.997395277E-1,1.773926394E2,1.905846469E-1,-7.919356594E-2,1.773925035E2
1.725220211E2,2.275645923E-2,7.255076198E-4,1.652969397E-3,9.997394085E-1,1.773920767E2,1.912594209E-1,-7.880496405E-2,1.773919410E2
1.725270211E2,2.275652314E-2,7.250810741E-4,1.652276609E-3,9.997394085E-1,1.773920694E2,1.911789462E-1,-7.875789268E-2,1.773919338E2
1.725320211E2,2.275970764E-2,7.233579527E-4,1.645219047E-3,9.997393489E-1,1.773917044E2,1.903661731E-1,-7.857828754E-2,1.773915696E2
1.725370211E2,2.276471434E-2,7.197486120E-4,1.649964717E-3,9.997392297E-1,1.773911305E2,1.909008237E-1,-7.815146147E-2,1.773909961E2
1.725420211E2,2.275882757E-2,7.228885079E-4,1.657553599E-3,9.997393489E-1,1.773918053E2,1.917779519E-1,-7.849250485E-2,1.773916696E2
1.725470211E2,2.275989115E-2,7.226545713E-4,1.642987947E-3,9.997393489E-1,1.773916834E2,1.901087533E-1,-7.850349122E-2,1.773915489E2
1.725520211E2,2.276025872E-2,7.228396134E-4,1.637806534E-3,9.997393489E-1,1.773916412E2,1.895156713E-1,-7.853813461E-2,1.773915072E2
1.725570211E2,2.276202235E-2,7.199776010E-4,1.650888589E-3,9.997392893E-1,1.773914391E2,1.910070513E-1,-7.817579898E-2,1.773913045E2
1.725620211E2,2.276742841E-2,7.173886406E-4,1.649659360E-3,9.997391701E-1,1.773908194E2,1.908598955E-1,-7.788137755E-2,1.773906855E2
1.725670211E2,2.277381177E-2,7.124159019E-4,1.635890105E-3,9.997390509E-1,1.773900878E2,1.892699791E-1,-7.734640883E-2,1.773899559E2
1.725720211E2,2.278405076E-2,7.062648074E-4,1.641678740E-3,9.997388124E-1,1.773889142E2,1.899178671E-1,-7.662467659E-2,1.773887830E2
1.725770211E2,2.277798228E-2,7.102767122E-4,1.651533181E-3,9.997389317E-1,1.773896097E2,1.910568203E-1,-7.705971694E-2,1.773894770E2
1.725820211E2,2.277820997E-2,7.100433577E-4,1.648490317E-3,9.997389317E-1,1.773895836E2,1.907076319E-1,-7.704088281E-2,1.773894512E2
1.725870211E2,2.283762138E-2,6.696165656E-4,1.638631336E-3,9.997376204E-1,1.773827738E2,1.894769340E-1,-7.242399649E-2,1.773826500E2
1.725920211E2,2.278008687E-2,7.074716850E-4,1.659769798E-3,9.997388721E-1,1.773893685E2,1.919932629E-1,-7.671646407E-2,1.773892357E2
1.725970211E2,2.271848292E-2,7.500243373E-4,1.659700996E-3,9.997402430E-1,1.773964296E2,1.920914499E-1,-8.160338394E-2,1.773962885E2
1.726020211E2,2.277943268E-2,7.096698973E-4,1.631670049E-3,9.997389317E-1,1.773894435E2,1.887797867E-1,-7.704177407E-2,1.773893124E2
1.726070211E2,2.279750934E-2,6.963665364E-4,1.640554750E-3,9.997385144E-1,1.773873715E2,1.897642699E-1,-7.549109421E-2,1.773872424E2
1.726120211E2,2.274002159E-2,7.355547859E-4,1.658437192E-3,9.997397661E-1,1.773939608E2,1.919107127E-1,-7.994488120E-2,1.773938227E2
1.726170211E2,2.277639553E-2,7.103680400E-4,1.673234976E-3,9.997389317E-1,1.773897916E2,1.935431388E-1,-7.701383855E-2,1.773896572E2
1.726220211E2,2.277834839E-2,7.095481851E-4,1.646790071E-3,9.997389317E-1,1.773895678E2,1.905115662E-1,-7.698856683E-2,1.773894356E2
1.726270211E2,2.276490429E-2,7.195900544E-4,1.647411147E-3,9.997392297E-1,1.773911088E2,1.906078825E-1,-7.813992233E-2,1.773909746E2
1.726320211E2,2.277021203E-2,7.153493934E-4,1.648246427E-3,9.997391105E-1,1.773905004E2,1.906929220E-1,-7.765091341E-2,1.773903669E2
1.726370211E2,2.274826865E-2,7.303119055E-4,1.655442291E-3,9.997395873E-1,1.773930156E2,1.915546009E-1,-7.935047185E-2,1.773928786E2
1.726420211E2,2.275238161E-2,7.263884763E-4,1.672548475E-3,9.997394681E-1,1.773925441E2,1.935044173E-1,-7.885560667E-2,1.773924066E2
1.726470211E2,2.277318039E-2,7.134571206E-4,1.644204720E-3,9.997390509E-1,1.773901601E2,1.902251874E-1,-7.744411307E-2,1.773900274E2
1.726520211E2,2.276832133E-2,7.162251859E-4,1.637798618E-3,9.997391701E-1,1.773907171E2,1.894981377E-1,-7.777886670E-2,1.773905843E2
1.726570211E2,2.274573959E-2,7.319248980E-4,1.653484069E-3,9.997396469E-1,1.773933054E2,1.913342669E-1,-7.954084803E-2,1.773931684E2
1.726620211E2,2.276538960E-2,7.185901632E-4,1.641129260E-3,9.997392297E-1,1.773910531E2,1.898856455E-1,-7.804166910E-2,1.773909196E2
1.726670211E2,2.279518751E-2,6.989513058E-4,1.635388006E-3,9.997385740E-1,1.773876377E2,1.891789347E-1,-7.580114729E-2,1.773875084E2
1.726720211E2,2.275672735E-2,7.251154166E-4,1.649446553E-3,9.997394085E-1,1.773920460E2,1.908548346E-1,-7.876916839E-2,1.773919106E2
1.726770211E2,2.275439552E-2,7.261586725E-4,1.645024517E-3,9.997394681E-1,1.773923133E2,1.903507737E-1,-7.890066167E-2,1.773921780E2
1.726820211E2,2.277380966E-2,7.136467029E-4,1.635382883E-3,9.997390509E-1,1.773900880E2,1.892150831E-1,-7.748873564E-2,1.773899559E2
1.726870211E2,2.276544735E-2,7.180963876E-4,1.640544157E-3,9.997392297E-1,1.773910465E2,1.898173310E-1,-7.798661680E-2,1.773909131E2
1.726920211E2,2.277372247E-2,7.132616593E-4,1.636764500E-3,9.997390509E-1,1.773900980E2,1.893723522E-1,-7.744103512E-2,1.773899659E2
1.726970211E2,2.277655071E-2,7.118470967E-4,1.634431072E-3,9.997389913E-1,1.773897738E2,1.891015564E-1,-7.728453527E-2,1.773896421E2
1.727020211E2,2.277340973E-2,7.133424515E-4,1.641074894E-3,9.997390509E-1,1.773901338E2,1.898663465E-1,-7.743910089E-2,1.773900014E2
1.727070211E2,2.277891788E-2,7.100316579E-4,1.638684422E-3,9.997389317E-1,1.773895025E2,1.895842724E-1,-7.706500482E-2,1.773893708E2
1.727120211E2,2.278172727E-2,7.067440893E-4,1.637414098E-3,9.997388721E-1,1.773891805E2,1.894303742E-1,-7.669115914E-2,1.773890496E2
1.727170211E2,2.277862000E-2,7.092793821E-4,1.643144875E-3,9.997389317E-1,1.773895366E2,1.900932842E-1,-7.696723587E-2,1.773894048E2
1.727220211E2,2.278468662E-2,7.057826733E-4,1.633038395E-3,9.997388124E-1,1.773888413E2,1.889268013E-1,-7.659188224E-2,1.773887109E2
1.727270211E2,2.278761159E-2,7.029331755E-4,1.629941398E-3,9.997387528E-1,1.773885060E2,1.885647852E-1,-7.627297377E-2,1.773883764E2
1.727320211E2,2.277349303E-2,7.123097312E-4,1.640367438E-3,9.997390509E-1,1.773901243E2,1.897826099E-1,-7.732262118E-2,1.773899921E2
1.727370211E2,2.277903843E-2,7.088410784E-4,1.637523761E-3,9.997389317E-1,1.773894887E2,1.894482058E-1,-7.693161697E-2,1.773893573E2
1.727420211E2,2.278987306E-2,7.027218235E-4,1.634965418E-3,9.997386932E-1,1.773882468E2,1.891399675E-1,-7.623521335E-2,1.773881168E2
1.727470211E2,2.278123785E-2,7.073909510E-4,1.643931260E-3,9.997388721E-1,1.773892366E2,1.901786451E-1,-7.674834326E-2,1.773891050E2
1.727520211E2,2.277894656E-2,7.092134329E-4,1.638640184E-3,9.997389317E-1,1.773894992E2,1.895770705E-1,-7.697137761E-2,1.773893677E2
1.727570211E2,2.278749632E-2,7.033654838E-4,1.631365856E-3,9.997387528E-1,1.773885192E2,1.887290942E-1,-7.631880166E-2,1.773883894E2
1.727620211E2,2.278924746E-2,7.017694297E-4,1.644069329E-3,9.997386932E-1,1.773883185E2,1.901803948E-1,-7.610244822E-2,1.773881880E2
1.727670211E2,2.277867397E-2,7.086882833E-4,1.642651740E-3,9.997389317E-1,1.773895305E2,1.900352506E-1,-7.690079560E-2,1.773893987E2
1.727720211E2,2.277360453E-2,7.134298794E-4,1.638331334E-3,9.997390509E-1,1.773901115E2,1.895522819E-1,-7.745623993E-2,1.773899792E2
1.727770211E2,2.278696641E-2,7.039125776E-4,1.638516085E-3,9.997387528E-1,1.773885800E2,1.895496273E-1,-7.636290608E-2,1.773884495E2
1.727820211E2,2.278412870E-2,7.054535090E-4,1.640945673E-3,9.997388124E-1,1.773889052E2,1.898317729E-1,-7.653363212E-2,1.773887743E2
1.727870211E2,2.277100908E-2,7.156911306E-4,1.637048787E-3,9.997391105E-1,1.773904090E2,1.894110508E-1,-7.771913164E-2,1.773902764E2
1.727920211E2,2.277612890E-2,7.122053066E-4,1.640143106E-3,9.997389913E-1,1.773898222E2,1.897568412E-1,-7.731074329E-2,1.773896900E2
1.727970211E2,2.278668843E-2,7.048654952E-4,1.641968614E-3,9.997387528E-1,1.773886118E2,1.899476234E-1,-7.646311103E-2,1.773884809E2
1.728020211E2,2.278147579E-2,7.073736633E-4,1.640637987E-3,9.997388721E-1,1.773892093E2,1.898013341E-1,-7.675491524E-2,1.773890780E2
1.728070211E2,2.278121358E-2,7.080557989E-4,1.643981319E-3,9.997388721E-1,1.773892394E2,1.901861139E-1,-7.682438329E-2,1.773891077E2
1.728120211E2,2.278958912E-2,7.024833467E-4,1.639020746E-3,9.997386932E-1,1.773882793E2,1.896039096E-1,-7.619735576E-2,1.773881491E2
1.728170211E2,2.278429071E-2,7.053591544E-4,1.638735179E-3,9.997388124E-1,1.773888867E2,1.895783002E-1,-7.652856359E-2,1.773887559E2
1.728220211E2,2.277828999E-2,7.103833486E-4,1.647237688E-3,9.997389317E-1,1.773895745E2,1.905650219E-1,-7.708308727E-2,1.773894421E2
1.728270211E2,2.278643101E-2,7.040031487E-4,1.645906246E-3,9.997387528E-1,1.773886413E2,1.903964548E-1,-7.635408588E-2,1.773885103E2
1.728320211E2,2.279761305E-2,6.972886622E-4,1.638720976E-3,9.997385144E-1,1.773873596E2,1.895566063E-1,-7.560150559E-2,1.773872304E2
1.728370211E2,2.279728463E-2,6.959168823E-4,1.643864904E-3,9.997385144E-1,1.773873973E2,1.901422959E-1,-7.543097594E-2,1.773872680E2
1.728420211E2,2.279701409E-2,6.973302225E-4,1.647014753E-3,9.997385144E-1,1.773874283E2,1.905068212E-1,-7.558471305E-2,1.773872984E2
1.728470211E2,2.278960127E-2,7.021384663E-4,1.638999558E-3,9.997386932E-1,1.773882780E2,1.896005824E-1,-7.615789872E-2,1.773881478E2
1.728520211E2,2.279211315E-2,7.006201777E-4,1.641076407E-3,9.997386336E-1,1.773879900E2,1.898347358E-1,-7.597806013E-2,1.773878600E2
1.728570211E2,2.279475885E-2,6.978579331E-4,1.641817158E-3,9.997385740E-1,1.773876868E2,1.899125824E-1,-7.565917547E-2,1.773875572E2
1.728620211E2,2.278952149E-2,7.018577890E-4,1.640228671E-3,9.997386932E-1,1.773882871E2,1.897406529E-1,-7.612254901E-2,1.773881569E2
1.728670211E2,2.279233043E-2,7.001567865E-4,1.638254034E-3,9.997386336E-1,1.773879651E2,1.895102051E-1,-7.593230389E-2,1.773878354E2
1.728720211E2,2.279496116E-2,6.986141670E-4,1.638683723E-3,9.997385740E-1,1.773876636E2,1.895556008E-1,-7.575395773E-2,1.773875341E2
1.728770211E2,2.279188640E-2,7.001099293E-4,1.644439879E-3,9.997386336E-1,1.773880160E2,1.902187118E-1,-7.591086327E-2,1.773878858E2
1.728820211E2,2.279186254E-2,6.998542813E-4,1.644879347E-3,9.997386336E-1,1.773880188E2,1.902683885E-1,-7.588043250E-2,1.773878886E2
1.728870211E2,2.279982026E-2,6.957427831E-4,1.645021141E-3,9.997384548E-1,1.773871066E2,1.902744931E-1,-7.540752759E-2,1.773869773E2
1.728920211E2,2.280222390E-2,6.938482402E-4,1.648725127E-3,9.997383952E-1,1.773868311E2,1.906940594E-1,-7.518034940E-2,1.773867018E2
1.728970211E2,2.279135213E-2,7.005520165E-4,1.651640749E-3,9.997386336E-1,1.773880773E2,1.910447722E-1,-7.594280370E-2,1.773879465E2
1.729020211E2,2.279161256E-2,6.998003228E-4,1.648362377E-3,9.997386336E-1,1.773880474E2,1.906672516E-1,-7.586520131E-2,1.773879170E2
1.729070211E2,2.279475396E-2,6.991221453E-4,1.641347189E-3,9.997385740E-1,1.773876873E2,1.898620442E-1,-7.580523429E-2,1.773875576E2
1.729120211E2,2.280249983E-2,6.933825789E-4,1.645100885E-3,9.997383952E-1,1.773867995E2,1.902776629E-1,-7.513642039E-2,1.773866706E2
1.729170211E2,2.280251793E-2,6.939247251E-4,1.644621370E-3,9.997383952E-1,1.773867974E2,1.902241469E-1,-7.519977911E-2,1.773866684E2
1.729220211E2,2.279497607E-2,6.990984548E-4,1.638269750E-3,9.997385740E-1,1.773876619E2,1.895094416E-1,-7.581051711E-2,1.773875324E2
1.729270211E2,2.279239946E-2,7.006373489E-4,1.637087786E-3,9.997386336E-1,1.773879572E2,1.893778578E-1,-7.599039101E-2,1.773878275E2
1.729320211E2,2.280562494E-2,6.905635819E-4,1.639178372E-3,9.997383356E-1,1.773864413E2,1.895920348E-1,-7.482835502E-2,1.773863134E2
1.729370211E2,2.280328835E-2,6.936627906E-4,1.634015702E-3,9.997383952E-1,1.773867091E2,1.890085138E-1,-7.519733959E-2,1.773865810E2
1.729420211E2,2.279293295E-2,6.994521827E-4,1.630152343E-3,9.997386336E-1,1.773878961E2,1.885802641E-1,-7.587263081E-2,1.773877671E2
1.729470211E2,2.279808194E-2,6.971170078E-4,1.632258063E-3,9.997385144E-1,1.773873059E2,1.888157890E-1,-7.559863669E-2,1.773871772E2
1.729520211E2,2.280056422E-2,6.942135515E-4,1.635327353E-3,9.997384548E-1,1.773870214E2,1.891600135E-1,-7.525752348E-2,1.773868930E2
1.729570211E2,2.279259015E-2,7.000833284E-4,1.634668093E-3,9.997386336E-1,1.773879354E2,1.890992203E-1,-7.593320556E-2,1.773878059E2
1.729620211E2,2.279550141E-2,6.989770918E-4,1.630995655E-3,9.997385740E-1,1.773876017E2,1.886758294E-1,-7.581551614E-2,1.773874727E2
1.729670211E2,2.280357244E-2,6.934997509E-4,1.630115556E-3,9.997383952E-1,1.773866766E2,1.885613006E-1,-7.518879976E-2,1.773865487E2
1.729720211E2,2.279504544E-2,6.982175400E-4,1.637680107E-3,9.997385740E-1,1.773876539E2,1.894395947E-1,-7.571112521E-2,1.773875246E2
1.729770211E2,2.278996551E-2,7.026948151E-4,1.633687876E-3,9.997386932E-1,1.773882362E2,1.889935463E-1,-7.623543826E-2,1.773881063E2
1.729820211E2,2.279533346E-2,6.988041569E-4,1.633415348E-3,9.997385740E-1,1.773876209E2,1.889525697E-1,-7.578941519E-2,1.773874918E2
1.729870211E2,2.280291468E-2,6.931601674E-4,1.639434602E-3,9.997383952E-1,1.773867520E2,1.896279721E-1,-7.512566848E-2,1.773866235E2
1.729920211E2,2.280020834E-2,6.954711862E-4,1.639748807E-3,9.997384548E-1,1.773870622E2,1.896698036E-1,-7.539011493E-2,1.773869332E2
1.729970211E2,2.279534010E-2,6.986972294E-4,1.633368433E-3,9.997385740E-1,1.773876202E2,1.889469162E-1,-7.577728671E-2,1.773874911E2
1.730020211E2,2.279264016E-2,6.992726703E-4,1.634317799E-3,9.997386336E-1,1.773879296E2,1.890569761E-1,-7.584124072E-2,1.773878004E2
1.730070211E2,2.279757018E-2,6.963999476E-4,1.639694907E-3,9.997385144E-1,1.773873645E2,1.896658564E-1,-7.549715668E-2,1.773872354E2
1.730120211E2,2.279788970E-2,6.960423198E-4,1.635398716E-3,9.997385144E-1,1.773873279E2,1.891727659E-1,-7.546734977E-2,1.773871992E2
1.730170211E2,2.279556701E-2,6.986414082E-4,1.630222425E-3,9.997385740E-1,1.773875942E2,1.885863746E-1,-7.577906721E-2,1.773874653E2
1.730220211E2,2.279287419E-2,7.001715712E-4,1.630664920E-3,9.997386336E-1,1.773879028E2,1.886408607E-1,-7.595371738E-2,1.773877737E2
1.730270211E2,2.280633615E-2,6.904689362E-4,1.629293431E-3,9.997383356E-1,1.773863598E2,1.884594023E-1,-7.484321212E-2,1.773862326E2
1.730320211E2,2.280902400E-2,6.894533290E-4,1.628671074E-3,9.997382760E-1,1.773860517E2,1.883856502E-1,-7.472798259E-2,1.773859248E2
1.730370211E2,2.280168260E-2,6.934299017E-4,1.619994524E-3,9.997384548E-1,1.773868932E2,1.874014904E-1,-7.520760054E-2,1.773867661E2
1.730420211E2,2.281228891E-2,6.870900397E-4,1.620509545E-3,9.997382164E-1,1.773856775E2,1.874447147E-1,-7.447796124E-2,1.773855516E2
1.730470211E2,2.281205011E-2,6.878563436E-4,1.623543212E-3,9.997382164E-1,1.773857048E2,1.877942432E-1,-7.455786441E-2,1.773855786E2
1.730520211E2,2.279624476E-2,6.986264489E-4,1.620723982E-3,9.997385740E-1,1.773875165E2,1.874982263E-1,-7.580203923E-2,1.773873884E2
1.730570211E2,2.279903798E-2,6.966533256E-4,1.619048999E-3,9.997385144E-1,1.773871963E2,1.873013929E-1,-7.557984738E-2,1.773870687E2
1.730620211E2,2.281746567E-2,6.831992068E-4,1.622813754E-3,9.997380972E-1,1.773850841E2,1.876989002E-1,-7.402522554E-2,1.773849588E2
1.730670211E2,2.280390251E-2,6.924242480E-4,1.625950099E-3,9.997383952E-1,1.773866387E2,1.880813116E-1,-7.507641159E-2,1.773865114E2
1.730720211E2,2.279072677E-2,7.015844458E-4,1.623513759E-3,9.997386932E-1,1.773881489E2,1.878251366E-1,-7.613466093E-2,1.773880201E2
1.730770211E2,2.280137993E-2,6.938775186E-4,1.624057884E-3,9.997384548E-1,1.773869279E2,1.878681440E-1,-7.524831954E-2,1.773868004E2
1.730820211E2,2.280345147E-2,6.930002128E-4,1.632019179E-3,9.997383952E-1,1.773866904E2,1.887780688E-1,-7.512662010E-2,1.773865626E2
1.730870211E2,2.279034748E-2,7.022710051E-4,1.628533471E-3,9.997386932E-1,1.773881924E2,1.884019694E-1,-7.620027551E-2,1.773880630E2
1.730920211E2,2.279856895E-2,6.969845854E-4,1.625498291E-3,9.997385144E-1,1.773872501E2,1.880410668E-1,-7.560103514E-2,1.773871219E2
1.730970211E2,2.281711611E-2,6.836974062E-4,1.627512043E-3,9.997380972E-1,1.773851242E2,1.882384223E-1,-7.407008070E-2,1.773849984E2
1.731020211E2,2.280636515E-2,6.904057227E-4,1.628914266E-3,9.997383356E-1,1.773863565E2,1.884158013E-1,-7.483695578E-2,1.773862293E2
1.731070211E2,2.281757719E-2,6.837950204E-4,1.620993717E-3,9.997380972E-1,1.773850713E2,1.874919596E-1,-7.409822105E-2,1.773849460E2
1.731120211E2,2.283084632E-2,6.744642160E-4,1.621872303E-3,9.997377992E-1,1.773835504E2,1.875691807E-1,-7.302448239E-2,1.773834268E2
1.731170211E2,2.281469247E-2,6.856068503E-4,1.624068362E-3,9.997381568E-1,1.773854020E2,1.878487206E-1,-7.429828951E-2,1.773852761E2
1.731220211E2,2.280666521E-2,6.910795346E-4,1.624421100E-3,9.997383356E-1,1.773863221E2,1.879028391E-1,-7.492583547E-2,1.773861951E2
1.731270211E2,2.280943620E-2,6.890741643E-4,1.623049029E-3,9.997382760E-1,1.773860044E2,1.877406173E-1,-7.469916266E-2,1.773858780E2
1.731320211E2,2.280644295E-2,6.902978057E-4,1.627870253E-3,9.997383356E-1,1.773863475E2,1.882959209E-1,-7.482730656E-2,1.773862205E2
1.731370211E2,2.280666335E-2,6.902610185E-4,1.624795259E-3,9.997383356E-1,1.773863223E2,1.879435639E-1,-7.483108739E-2,1.773861955E2
1.731420211E2,2.281445796E-2,6.855978863E-4,1.627363148E-3,9.997381568E-1,1.773854288E2,1.882261369E-1,-7.428869252E-2,1.773853027E2
1.731470211E2,2.280880483E-2,6.895705592E-4,1.631687977E-3,9.997382760E-1,1.773860768E2,1.887315626E-1,-7.473356830E-2,1.773859496E2
1.731520211E2,2.279286068E-2,7.002678467E-4,1.630812418E-3,9.997386336E-1,1.773879044E2,1.886580089E-1,-7.596436414E-2,1.773877752E2
1.731570211E2,2.280638186E-2,6.906031631E-4,1.628596568E-3,9.997383356E-1,1.773863545E2,1.883799226E-1,-7.486040204E-2,1.773862274E2
1.731620211E2,2.282255529E-2,6.790980697E-4,1.626400044E-3,9.997379780E-1,1.773845007E2,1.880994023E-1,-7.354505766E-2,1.773843759E2
1.731670211E2,2.281695478E-2,6.839823327E-4,1.629652688E-3,9.997380972E-1,1.773851427E2,1.884843919E-1,-7.409715544E-2,1.773850167E2
1.731720211E2,2.281401629E-2,6.850536447E-4,1.633771579E-3,9.997381568E-1,1.773854795E2,1.889588434E-1,-7.420967213E-2,1.773853530E2
1.731770211E2,2.282711050E-2,6.763982819E-4,1.636841218E-3,9.997378588E-1,1.773839786E2,1.892888352E-1,-7.320759539E-2,1.773838536E2
1.731820211E2,2.282722687E-2,6.769134197E-4,1.635004301E-3,9.997378588E-1,1.773839653E2,1.890797507E-1,-7.327139361E-2,1.773838403E2
1.731870211E2,2.281678590E-2,6.842637085E-4,1.631897525E-3,9.997380972E-1,1.773851620E2,1.887422881E-1,-7.412355247E-2,1.773850358E2
1.731920211E2,2.283257491E-2,6.728239241E-4,1.634908025E-3,9.997377396E-1,1.773833523E2,1.890584118E-1,-7.280213510E-2,1.773832281E2
1.731970211E2,2.283248515E-2,6.735517527E-4,1.635861699E-3,9.997377396E-1,1.773833625E2,1.891695645E-1,-7.288303792E-2,1.773832381E2
1.732020211E2,2.281139202E-2,6.870411453E-4,1.633106731E-3,9.997382164E-1,1.773857803E2,1.888876784E-1,-7.443959738E-2,1.773856535E2
1.732070211E2,2.281710415E-2,6.831120118E-4,1.627925434E-3,9.997380972E-1,1.773851255E2,1.882842495E-1,-7.400193831E-2,1.773849999E2
1.732120211E2,2.284091007E-2,6.662679953E-4,1.630503451E-3,9.997375607E-1,1.773823969E2,1.885372607E-1,-7.206103063E-2,1.773822742E2
1.732170211E2,2.283254743E-2,6.730604218E-4,1.635194523E-3,9.997377396E-1,1.773833554E2,1.890918504E-1,-7.282848421E-2,1.773832311E2
1.732220211E2,2.281945540E-2,6.815298693E-4,1.632230240E-3,9.997380376E-1,1.773848560E2,1.887734527E-1,-7.380898548E-2,1.773847304E2
1.732270211E2,2.282798444E-2,6.758758682E-4,1.624824828E-3,9.997378588E-1,1.773838784E2,1.879109118E-1,-7.317901654E-2,1.773837544E2
1.732320211E2,2.283316815E-2,6.724040140E-4,1.626775484E-3,9.997377396E-1,1.773832843E2,1.881256767E-1,-7.277519711E-2,1.773831607E2
1.732370211E2,2.282247789E-2,6.804470904E-4,1.626922283E-3,9.997379780E-1,1.773845096E2,1.881627539E-1,-7.369825230E-2,1.773843845E2
1.732420211E2,2.282008093E-2,6.820846465E-4,1.623228309E-3,9.997380376E-1,1.773847843E2,1.877436711E-1,-7.389596463E-2,1.773846592E2
1.732470211E2,2.283090676E-2,6.734333001E-4,1.621449832E-3,9.997377992E-1,1.773835435E2,1.875180885E-1,-7.290747306E-2,1.773834201E2
1.732520211E2,2.282283190E-2,6.797922542E-4,1.622223179E-3,9.997379780E-1,1.773844690E2,1.876227287E-1,-7.363545680E-2,1.773843444E2
1.732570211E2,2.281488309E-2,6.855568499E-4,1.621409436E-3,9.997381568E-1,1.773853801E2,1.875439923E-1,-7.429947740E-2,1.773852545E2
1.732620211E2,2.282550545E-2,6.786256563E-4,1.621828414E-3,9.997379184E-1,1.773841626E2,1.875746488E-1,-7.350234036E-2,1.773840382E2
1.732670211E2,2.283099049E-2,6.737661897E-4,1.620132010E-3,9.997377992E-1,1.773835339E2,1.873679935E-1,-7.294904161E-2,1.773834106E2
1.732720211E2,2.282295550E-2,6.793669309E-4,1.620661584E-3,9.997379780E-1,1.773844548E2,1.874427259E-1,-7.359079215E-2,1.773843304E2
1.732770211E2,2.282299830E-2,6.788932951E-4,1.620257273E-3,9.997379780E-1,1.773844499E2,1.873951716E-1,-7.353758113E-2,1.773843256E2
1.732820211E2,2.282315993E-2,6.787433522E-4,1.618041890E-3,9.997379780E-1,1.773844314E2,1.871409927E-1,-7.352616740E-2,1.773843073E2
1.732870211E2,2.281808736E-2,6.831248174E-4,1.614080276E-3,9.997380972E-1,1.773850128E2,1.866982276E-1,-7.403942373E-2,1.773848882E2
1.732920211E2,2.282078968E-2,6.816945970E-4,1.613398315E-3,9.997380376E-1,1.773847031E2,1.866165603E-1,-7.387685423E-2,1.773845788E2
1.732970211E2,2.282320530E-2,6.794430083E-4,1.617108006E-3,9.997379780E-1,1.773844262E2,1.870358386E-1,-7.360875516E-2,1.773843020E2
1.733020211E2,2.281016561E-2,6.892170641E-4,1.612704480E-3,9.997382760E-1,1.773859208E2,1.865559535E-1,-7.474243698E-2,1.773857951E2
1.733070211E2,2.280746989E-2,6.902361638E-4,1.613444765E-3,9.997383356E-1,1.773862298E2,1.866432243E-1,-7.485775486E-2,1.773861039E2
1.733120211E2,2.281288437E-2,6.869530189E-4,1.612163614E-3,9.997382164E-1,1.773856092E2,1.864882747E-1,-7.448397098E-2,1.773854840E2
1.733170211E2,2.281017024E-2,6.885216571E-4,1.612936030E-3,9.997382760E-1,1.773859203E2,1.865806627E-1,-7.466216391E-2,1.773857947E2
1.733220211E2,2.280736644E-2,6.909477524E-4,1.614602166E-3,9.997383356E-1,1.773862417E2,1.867776707E-1,-7.493626987E-2,1.773861155E2
1.733270211E2,2.282058859E-2,6.809555925E-4,1.616551657E-3,9.997380376E-1,1.773847261E2,1.869758656E-1,-7.378398370E-2,1.773846017E2
1.733320211E2,2.281536137E-2,6.846824544E-4,1.615036395E-3,9.997381568E-1,1.773853253E2,1.868116335E-1,-7.421587834E-2,1.773852003E2
1.733370211E2,2.279677850E-2,6.980820908E-4,1.613434753E-3,9.997385740E-1,1.773874553E2,1.866617758E-1,-7.575861932E-2,1.773873278E2
1.733420211E2,2.279687868E-2,6.973070558E-4,1.612354070E-3,9.997385740E-1,1.773874438E2,1.865359532E-1,-7.567263458E-2,1.773873166E2
1.733470211E2,2.280949835E-2,6.882998860E-4,1.622503973E-3,9.997382760E-1,1.773859973E2,1.876761551E-1,-7.461187314E-2,1.773858711E2
1.733520211E2,2.280146209E-2,6.940622698E-4,1.622824930E-3,9.997384548E-1,1.773869185E2,1.877273833E-1,-7.527269118E-2,1.773867911E2
1.733570211E2,2.279649272E-2,6.972748670E-4,1.617815811E-3,9.997385740E-1,1.773874880E2,1.871615479E-1,-7.565475064E-2,1.773873604E2
1.733620211E2,2.280980415E-2,6.885394105E-4,1.618097303E-3,9.997382760E-1,1.773859623E2,1.871719674E-1,-7.465077482E-2,1.773858363E2
1.733670211E2,2.280144817E-2,6.947871880E-4,1.622710377E-3,9.997384548E-1,1.773869200E2,1.877161532E-1,-7.535604093E-2,1.773867925E2
1.733720211E2,2.279611418E-2,6.988119567E-4,1.622479758E-3,9.997385740E-1,1.773875314E2,1.876998462E-1,-7.581872906E-2,1.773874032E2
1.733770211E2,2.279898298E-2,6.953033153E-4,1.620403258E-3,9.997385144E-1,1.773872026E2,1.874530079E-1,-7.542166001E-2,1.773870752E2
1.733820211E2,2.280160787E-2,6.946028443E-4,1.620543771E-3,9.997384548E-1,1.773869017E2,1.874674729E-1,-7.534055358E-2,1.773867744E2
1.733870211E2,2.278019605E-2,7.098258357E-4,1.620909199E-3,9.997389317E-1,1.773893560E2,1.875474676E-1,-7.708758625E-2,1.773892257E2
1.733920211E2,2.278313707E-2,7.062433870E-4,1.617898350E-3,9.997388721E-1,1.773890189E2,1.871934110E-1,-7.668448417E-2,1.773888896E2
1.733970211E2,2.280199580E-2,6.942171603E-4,1.615241985E-3,9.997384548E-1,1.773868573E2,1.868591110E-1,-7.531015007E-2,1.773867304E2
1.734020211E2,2.280164583E-2,6.947733345E-4,1.619936433E-3,9.997384548E-1,1.773868974E2,1.873983433E-1,-7.536166508E-2,1.773867701E2
1.734070211E2,2.278536777E-2,7.053152658E-4,1.623709919E-3,9.997388124E-1,1.773887632E2,1.878569436E-1,-7.656256453E-2,1.773886336E2
1.734120211E2,2.279890939E-2,6.965991342E-4,1.620882074E-3,9.997385144E-1,1.773872110E2,1.875112424E-1,-7.556887395E-2,1.773870833E2
1.734170211E2,2.281237845E-2,6.866158219E-4,1.619449700E-3,9.997382164E-1,1.773856672E2,1.873220637E-1,-7.442638799E-2,1.773855415E2
1.734220211E2,2.280416605E-2,6.924786721E-4,1.622226555E-3,9.997383952E-1,1.773866085E2,1.876548970E-1,-7.509232765E-2,1.773864815E2
1.734270211E2,2.280179127E-2,6.945499917E-4,1.617983915E-3,9.997384548E-1,1.773868807E2,1.871740863E-1,-7.534115328E-2,1.773867536E2
1.734320211E2,2.281281882E-2,6.859645946E-4,1.613511355E-3,9.997382164E-1,1.773856167E2,1.866400853E-1,-7.436722436E-2,1.773854916E2
1.734370211E2,2.280950126E-2,6.894925609E-4,1.621956588E-3,9.997382760E-1,1.773859970E2,1.876165637E-1,-7.474993817E-2,1.773858705E2
1.734420211E2,2.279859843E-2,6.957916776E-4,1.625595964E-3,9.997385144E-1,1.773872467E2,1.880491416E-1,-7.546411294E-2,1.773871188E2
1.734470211E2,2.281231936E-2,6.861191941E-4,1.620492199E-3,9.997382164E-1,1.773856740E2,1.874401916E-1,-7.436677925E-2,1.773855483E2
1.734520211E2,2.280964966E-2,6.889850483E-4,1.620084280E-3,9.997382760E-1,1.773859800E2,1.874007528E-1,-7.469666293E-2,1.773858538E2
1.734570211E2,2.279612525E-2,6.975669530E-4,1.622859971E-3,9.997385740E-1,1.773875302E2,1.877401522E-1,-7.567510405E-2,1.773874021E2
1.734620211E2,2.280165967E-2,6.938285660E-4,1.620146562E-3,9.997384548E-1,1.773868958E2,1.874199483E-1,-7.525287919E-2,1.773867687E2
1.734670211E2,2.280701873E-2,6.908008945E-4,1.619569026E-3,9.997383356E-1,1.773862815E2,1.873462741E-1,-7.490652906E-2,1.773861550E2
1.734720211E2,2.279657022E-2,6.975766737E-4,1.616593217E-3,9.997385740E-1,1.773874792E2,1.870222795E-1,-7.569250554E-2,1.773873516E2
1.734770211E2,2.279908911E-2,6.966881338E-4,1.618313952E-3,9.997385144E-1,1.773871904E2,1.872172793E-1,-7.558574595E-2,1.773870629E2
1.734820211E2,2.280678518E-2,6.904256879E-4,1.623014105E-3,9.997383356E-1,1.773863083E2,1.877399508E-1,-7.485458450E-2,1.773861816E2
1.734870211E2,2.278596447E-2,7.048383122E-4,1.615522779E-3,9.997388124E-1,1.773886948E2,1.869178084E-1,-7.652919017E-2,1.773885659E2
1.734920211E2,2.277790376E-2,7.106871344E-4,1.615975634E-3,9.997389913E-1,1.773896187E2,1.869843400E-1,-7.719956615E-2,1.773894887E2
1.734970211E2,2.279917223E-2,6.961738109E-4,1.617364003E-3,9.997385144E-1,1.773871809E2,1.871071136E-1,-7.552929066E-2,1.773870535E2
1.735020211E2,2.279365903E-2,6.996777374E-4,1.619870774E-3,9.997386336E-1,1.773878128E2,1.874030313E-1,-7.592519019E-2,1.773876846E2
1.735070211E2,2.278605832E-2,7.057418115E-4,1.613803790E-3,9.997388124E-1,1.773886841E2,1.867232442E-1,-7.663716768E-2,1.773885551E2
1.735120211E2,2.281284630E-2,6.869652425E-4,1.612697029E-3,9.997382164E-1,1.773856136E2,1.865494129E-1,-7.448398394E-2,1.773854883E2
1.735170211E2,2.281776539E-2,6.840410642E-4,1.618238399E-3,9.997380972E-1,1.773850497E2,1.871769624E-1,-7.413357767E-2,1.773849246E2
1.735220211E2,2.279093125E-2,7.013931754E-4,1.620723400E-3,9.997386932E-1,1.773881255E2,1.875049835E-1,-7.611999807E-2,1.773879969E2
1.735270211E2,2.280452364E-2,6.928587682E-4,1.617029076E-3,9.997383952E-1,1.773865675E2,1.870604839E-1,-7.514938771E-2,1.773864408E2
1.735320211E2,2.282083719E-2,6.809717161E-4,1.613031607E-3,9.997380376E-1,1.773846977E2,1.865726623E-1,-7.379498999E-2,1.773845735E2
1.735370211E2,2.279664309E-2,6.970866234E-4,1.615776680E-3,9.997385740E-1,1.773874708E2,1.869274606E-1,-7.563848409E-2,1.773873434E2
1.735420211E2,2.278624725E-2,7.045185775E-4,1.611669199E-3,9.997388124E-1,1.773886624E2,1.864755211E-1,-7.650257060E-2,1.773885339E2
1.735470211E2,2.280766598E-2,6.909020594E-4,1.610384905E-3,9.997383356E-1,1.773862074E2,1.862944360E-1,-7.494200188E-2,1.773860815E2
1.735520211E2,2.279937905E-2,6.960590254E-4,1.614495413E-3,9.997385144E-1,1.773871572E2,1.867781979E-1,-7.552359684E-2,1.773870301E2
1.735570211E2,2.278335413E-2,7.060782518E-4,1.614911132E-3,9.997388721E-1,1.773889940E2,1.868507748E-1,-7.667332474E-2,1.773888649E2
1.735620211E2,2.280737042E-2,6.901880261E-4,1.614870853E-3,9.997383356E-1,1.773862412E2,1.868064664E-1,-7.484853139E-2,1.773861152E2
1.735670211E2,2.280982039E-2,6.894450635E-4,1.617482631E-3,9.997382760E-1,1.773859604E2,1.871039180E-1,-7.475613157E-2,1.773858343E2
1.735720211E2,2.279116487E-2,7.016241434E-4,1.617334667E-3,9.997386932E-1,1.773880987E2,1.871173844E-1,-7.615526505E-2,1.773879703E2
1.735770211E2,2.279926480E-2,6.954979617E-4,1.616349560E-3,9.997385144E-1,1.773871703E2,1.869891380E-1,-7.545449742E-2,1.773870431E2
1.735820211E2,2.280996901E-2,6.892248057E-4,1.615479472E-3,9.997382760E-1,1.773859434E2,1.868738676E-1,-7.473610684E-2,1.773858175E2
1.735870211E2,2.279636654E-2,6.987322122E-4,1.618964598E-3,9.997385740E-1,1.773875025E2,1.872969532E-1,-7.581872903E-2,1.773873745E2
1.735920211E2,2.279652014E-2,6.983197527E-4,1.616978552E-3,9.997385740E-1,1.773874849E2,1.870683619E-1,-7.577663661E-2,1.773873571E2
1.735970211E2,2.280984880E-2,6.880852161E-4,1.617661095E-3,9.997382760E-1,1.773859572E2,1.871208105E-1,-7.459987345E-2,1.773858313E2
1.736020211E2,2.279908429E-2,6.961613544E-4,1.618608483E-3,9.997385144E-1,1.773871910E2,1.872496445E-1,-7.552462862E-2,1.773870635E2
1.736070211E2,2.280185568E-2,6.936740829E-4,1.617451897E-3,9.997384548E-1,1.773868733E2,1.871108531E-1,-7.524218585E-2,1.773867464E2
1.736120211E2,2.281232537E-2,6.878006388E-4,1.619694522E-3,9.997382164E-1,1.773856733E2,1.873532046E-1,-7.456149244E-2,1.773855473E2
1.736170211E2,2.279660088E-2,6.981040933E-4,1.615933026E-3,9.997385740E-1,1.773874756E2,1.869480270E-1,-7.575464657E-2,1.773873480E2
1.736220211E2,2.278593019E-2,7.045079255E-4,1.616150374E-3,9.997388124E-1,1.773886987E2,1.869888415E-1,-7.648970815E-2,1.773885699E2
1.736270211E2,2.280187514E-2,6.939810701E-4,1.617045840E-3,9.997384548E-1,1.773868711E2,1.870651382E-1,-7.527841221E-2,1.773867442E2
1.736320211E2,2.280694221E-2,6.898061838E-4,1.621069852E-3,9.997383356E-1,1.773862903E2,1.875156059E-1,-7.478866515E-2,1.773861639E2
1.736370211E2,2.279121822E-2,7.009382825E-4,1.616880298E-3,9.997386932E-1,1.773880926E2,1.870635435E-1,-7.607786843E-2,1.773879644E2
1.736420211E2,2.280966285E-2,6.892395322E-4,1.619790331E-3,9.997382760E-1,1.773859785E2,1.873677437E-1,-7.472658291E-2,1.773858522E2
1.736470211E2,2.281208814E-2,6.860945723E-4,1.623754273E-3,9.997382164E-1,1.773857005E2,1.878138196E-1,-7.435547416E-2,1.773855745E2
1.736520211E2,2.279364893E-2,7.003520732E-4,1.619721530E-3,9.997386336E-1,1.773878140E2,1.873876944E-1,-7.600283494E-2,1.773876857E2
1.736570211E2,2.280482609E-2,6.930321688E-4,1.612683525E-3,9.997383952E-1,1.773865329E2,1.865631249E-1,-7.518055272E-2,1.773864064E2
1.736620211E2,2.282837128E-2,6.763122510E-4,1.619198592E-3,9.997378588E-1,1.773838341E2,1.872675295E-1,-7.324365513E-2,1.773837104E2
1.736670211E2,2.280955593E-2,6.883703754E-4,1.621664385E-3,9.997382760E-1,1.773859907E2,1.875801589E-1,-7.462213233E-2,1.773858645E2
1.736720211E2,2.280189971E-2,6.948656519E-4,1.616319292E-3,9.997384548E-1,1.773868683E2,1.869842169E-1,-7.538164524E-2,1.773867412E2
1.736770211E2,2.281244393E-2,6.872955710E-4,1.618238515E-3,9.997382164E-1,1.773856597E2,1.871850900E-1,-7.450741519E-2,1.773855339E2
1.736820211E2,2.280418443E-2,6.919835578E-4,1.622179407E-3,9.997383952E-1,1.773866064E2,1.876482030E-1,-7.503572631E-2,1.773864795E2
1.736870211E2,2.280393589E-2,6.928902003E-4,1.625283272E-3,9.997383952E-1,1.773866349E2,1.880061389E-1,-7.513152816E-2,1.773865076E2
1.736920211E2,2.281472389E-2,6.852864753E-4,1.623762073E-3,9.997381568E-1,1.773853984E2,1.878127962E-1,-7.426238174E-2,1.773852726E2
1.736970211E2,2.281461633E-2,6.859941641E-4,1.624974073E-3,9.997381568E-1,1.773854107E2,1.879534877E-1,-7.434030713E-2,1.773852847E2
1.737020211E2,2.280389141E-2,6.917911232E-4,1.626375248E-3,9.997383952E-1,1.773866400E2,1.881283620E-1,-7.500277085E-2,1.773865128E2
1.737070211E2,2.281211854E-2,6.870590732E-4,1.622919226E-3,9.997382164E-1,1.773856970E2,1.877206788E-1,-7.446814621E-2,1.773855709E2
1.737120211E2,2.281732369E-2,6.836649845E-4,1.624612836E-3,9.997380972E-1,1.773851004E2,1.879062141E-1,-7.407390819E-2,1.773849748E2
1.737170211E2,2.280668221E-2,6.899142754E-4,1.624677680E-3,9.997383356E-1,1.773863201E2,1.879291888E-1,-7.479166770E-2,1.773861934E2
1.737220211E2,2.281454096E-2,6.860530120E-4,1.626007142E-3,9.997381568E-1,1.773854193E2,1.880719864E-1,-7.434436207E-2,1.773852932E2
1.737270211E2,2.281447546E-2,6.857525441E-4,1.627052552E-3,9.997381568E-1,1.773854268E2,1.881909601E-1,-7.430721911E-2,1.773853007E2
1.737320211E2,2.280136207E-2,6.946875365E-4,1.623962307E-3,9.997384548E-1,1.773869299E2,1.878593099E-1,-7.534136959E-2,1.773868023E2
1.737370211E2,2.280427631E-2,6.922881585E-4,1.620757161E-3,9.997383952E-1,1.773865959E2,1.874860707E-1,-7.507432138E-2,1.773864690E2
1.737420211E2,2.281431783E-2,6.856174441E-4,1.629318227E-3,9.997381568E-1,1.773854449E2,1.884501553E-1,-7.428584800E-2,1.773853187E2
1.737470211E2,2.279293654E-2,6.993988063E-4,1.630124985E-3,9.997386336E-1,1.773878957E2,1.885769908E-1,-7.586658670E-2,1.773877667E2
1.737520211E2,2.278785262E-2,7.040375494E-4,1.626090379E-3,9.997387528E-1,1.773884784E2,1.881265073E-1,-7.640950389E-2,1.773883488E2
1.737570211E2,2.280338348E-2,6.933218101E-4,1.632832340E-3,9.997383952E-1,1.773866982E2,1.888720616E-1,-7.516135069E-2,1.773865702E2
1.737620211E2,2.279249105E-2,7.008250686E-4,1.635731780E-3,9.997386336E-1,1.773879467E2,1.892230084E-1,-7.601542098E-2,1.773878171E2
1.737670211E2,2.278510812E-2,7.056791219E-4,1.627191668E-3,9.997388124E-1,1.773887930E2,1.882567502E-1,-7.659520604E-2,1.773886630E2
1.737720211E2,2.280127499E-2,6.948711234E-4,1.625105971E-3,9.997384548E-1,1.773869399E2,1.879908036E-1,-7.535942962E-2,1.773868122E2
1.737770211E2,2.280095009E-2,6.938838051E-4,1.630078768E-3,9.997384548E-1,1.773869771E2,1.885578926E-1,-7.523338836E-2,1.773868492E2
1.737820211E2,2.279053269E-2,7.016577874E-4,1.626204234E-3,9.997386932E-1,1.773881712E2,1.881335396E-1,-7.613607272E-2,1.773880421E2
1.737870211E2,2.280150938E-2,6.942622131E-4,1.622074749E-3,9.997384548E-1,1.773869130E2,1.876419672E-1,-7.529754835E-2,1.773867857E2
1.737920211E2,2.280368318E-2,6.924169720E-4,1.629026374E-3,9.997383952E-1,1.773866639E2,1.884337003E-1,-7.506758026E-2,1.773865363E2
1.737970211E2,2.280979366E-2,6.874126266E-4,1.655127155E-3,9.997382164E-1,1.773859635E2,1.914112336E-1,-7.442489676E-2,1.773858350E2
1.738020211E2,2.280395661E-2,6.918720901E-4,1.625426346E-3,9.997383952E-1,1.773866325E2,1.880198705E-1,-7.501451402E-2,1.773865054E2
1.738070211E2,2.279980575E-2,6.956410361E-4,1.608639141E-3,9.997385144E-1,1.773871083E2,1.861062317E-1,-7.549093284E-2,1.773869817E2
1.738120211E2,2.280129075E-2,6.952531403E-4,1.624721452E-3,9.997384548E-1,1.773869381E2,1.879477517E-1,-7.540419588E-2,1.773868103E2
1.738170211E2,2.280431432E-2,6.911108503E-4,1.657083863E-3,9.997383356E-1,1.773865915E2,1.916446557E-1,-7.484450684E-2,1.773864621E2
1.738220211E2,2.280905694E-2,6.890647346E-4,1.628374099E-3,9.997382760E-1,1.773860479E2,1.883506147E-1,-7.468423464E-2,1.773859211E2
1.738270211E2,2.281152713E-2,6.878135027E-4,1.593936468E-3,9.997382760E-1,1.773857648E2,1.844022856E-1,-7.463045083E-2,1.773856407E2
1.738320211E2,2.281458519E-2,6.851974176E-4,1.625747303E-3,9.997381568E-1,1.773854143E2,1.880399849E-1,-7.424701483E-2,1.773852884E2
1.738370211E2,2.279969084E-2,6.957413279E-4,1.646814635E-3,9.997384548E-1,1.773871215E2,1.904799459E-1,-7.540269950E-2,1.773869920E2
1.738420211E2,2.279402511E-2,7.002220373E-4,1.614475390E-3,9.997386336E-1,1.773877709E2,1.867863750E-1,-7.600157093E-2,1.773876430E2
1.738470211E2,2.280263591E-2,6.935590645E-4,1.606464502E-3,9.997384548E-1,1.773867839E2,1.858518736E-1,-7.525757452E-2,1.773866578E2
1.738520211E2,2.280011380E-2,6.948906812E-4,1.641308772E-3,9.997384548E-1,1.773870730E2,1.898469923E-1,-7.531955333E-2,1.773869441E2
1.738570211E2,2.277931655E-2,7.095705951E-4,1.633333624E-3,9.997389317E-1,1.773894568E2,1.889701011E-1,-7.702607708E-2,1.773893256E2
1.738620211E2,2.278589824E-2,7.051657885E-4,1.616313821E-3,9.997388124E-1,1.773887024E2,1.870092819E-1,-7.656465321E-2,1.773885734E2
1.738670211E2,2.280164227E-2,6.941101165E-4,1.620270894E-3,9.997384548E-1,1.773868978E2,1.874349264E-1,-7.528481246E-2,1.773867706E2
1.738720211E2,2.278497560E-2,7.058836054E-4,1.628957689E-3,9.997388124E-1,1.773888082E2,1.884595929E-1,-7.661404571E-2,1.773886780E2
1.738770211E2,2.278487215E-2,7.052210858E-4,1.630690764E-3,9.997388124E-1,1.773888200E2,1.886563995E-1,-7.653364064E-2,1.773886899E2
1.738820211E2,2.280149724E-2,6.941328174E-4,1.622300828E-3,9.997384548E-1,1.773869144E2,1.876675281E-1,-7.528213611E-2,1.773867871E2
1.738870211E2,2.278313720E-2,7.069790736E-4,1.617575297E-3,9.997388721E-1,1.773890189E2,1.871583225E-1,-7.676960910E-2,1.773888894E2
1.738920211E2,2.277128245E-2,7.151344907E-4,1.633485663E-3,9.997391105E-1,1.773903777E2,1.890014205E-1,-7.766460833E-2,1.773902454E2
1.738970211E2,2.279557249E-2,6.988504902E-4,1.630056184E-3,9.997385740E-1,1.773875935E2,1.885678763E-1,-7.580345322E-2,1.773874647E2
1.739020211E2,2.279113497E-2,7.007266395E-4,1.618144917E-3,9.997386932E-1,1.773881022E2,1.872078617E-1,-7.605033489E-2,1.773879739E2
1.739070211E2,2.278260379E-2,7.081005024E-4,1.624582335E-3,9.997388721E-1,1.773890800E2,1.879639503E-1,-7.687988755E-2,1.773889498E2
1.739120211E2,2.279795134E-2,6.963583292E-4,1.634404645E-3,9.997385144E-1,1.773873209E2,1.890597135E-1,-7.550613776E-2,1.773871922E2
1.739170211E2,2.279893457E-2,6.966117653E-4,1.620522467E-3,9.997385144E-1,1.773872082E2,1.874700800E-1,-7.557125581E-2,1.773870805E2
1.739220211E2,2.279694708E-2,6.967679365E-4,1.611619839E-3,9.997385740E-1,1.773874360E2,1.864504348E-1,-7.561277757E-2,1.773873089E2
1.739270211E2,2.281466847E-2,6.854127860E-4,1.624487340E-3,9.997381568E-1,1.773854047E2,1.878962104E-1,-7.427496628E-2,1.773852789E2
1.739320211E2,2.280888593E-2,6.882935995E-4,1.631093328E-3,9.997382760E-1,1.773860675E2,1.886601064E-1,-7.458881675E-2,1.773859406E2
1.739370211E2,2.279590017E-2,6.981811603E-4,1.625754870E-3,9.997385740E-1,1.773875560E2,1.880733854E-1,-7.573794842E-2,1.773874276E2
1.739420211E2,2.282268682E-2,6.789831677E-4,1.624601311E-3,9.997379780E-1,1.773844856E2,1.878930451E-1,-7.353657400E-2,1.773843610E2
1.739470211E2,2.282461377E-2,6.782558630E-4,1.634482993E-3,9.997379184E-1,1.773842648E2,1.890233488E-1,-7.342704378E-2,1.773841396E2
1.739520211E2,2.280572934E-2,6.901829038E-4,1.637885696E-3,9.997383356E-1,1.773864293E2,1.894429562E-1,-7.478810250E-2,1.773863016E2
1.739570211E2,2.281940460E-2,6.816660170E-4,1.632883446E-3,9.997380376E-1,1.773848619E2,1.888486376E-1,-7.382288421E-2,1.773847361E2
1.739620211E2,2.284088067E-2,6.674899487E-4,1.630415558E-3,9.997375607E-1,1.773824002E2,1.885303881E-1,-7.220125509E-2,1.773822774E2
1.739670211E2,2.281614843E-2,6.843708106E-4,1.640741481E-3,9.997380972E-1,1.773852351E2,1.897557017E-1,-7.411281859E-2,1.773851082E2
1.739720211E2,2.281645049E-2,6.830819184E-4,1.637074049E-3,9.997380972E-1,1.773852005E2,1.893322055E-1,-7.397469297E-2,1.773850741E2
1.739770211E2,2.283342429E-2,6.731174071E-4,1.622880693E-3,9.997377396E-1,1.773832549E2,1.876813675E-1,-7.286706761E-2,1.773831315E2
1.739820211E2,2.281676533E-2,6.833847146E-4,1.632553292E-3,9.997380972E-1,1.773851644E2,1.888151140E-1,-7.402114276E-2,1.773850383E2
1.739870211E2,2.281668233E-2,6.837571855E-4,1.633557142E-3,9.997380972E-1,1.773851739E2,1.889310848E-1,-7.406120449E-2,1.773850477E2
1.739920211E2,2.282566633E-2,6.772835040E-4,1.620124443E-3,9.997379184E-1,1.773841441E2,1.873759394E-1,-7.335300828E-2,1.773840201E2
1.739970211E2,2.281778887E-2,6.823498989E-4,1.618621289E-3,9.997380972E-1,1.773850471E2,1.872164062E-1,-7.393882948E-2,1.773849222E2
1.740020211E2,2.281766447E-2,6.834222586E-4,1.619921997E-3,9.997380972E-1,1.773850613E2,1.873682130E-1,-7.405830287E-2,1.773849362E2
1.740070211E2,2.283131146E-2,6.744876737E-4,1.615301473E-3,9.997377992E-1,1.773834971E2,1.868165092E-1,-7.304427441E-2,1.773833740E2
1.740120211E2,2.282604335E-2,6.768921157E-4,1.614967943E-3,9.997379184E-1,1.773841009E2,1.867842046E-1,-7.332158793E-2,1.773839774E2
1.740170211E2,2.282629289E-2,6.780023105E-4,1.610970241E-3,9.997379184E-1,1.773840723E2,1.863291428E-1,-7.345918426E-2,1.773839489E2
1.740220211E2,2.283433887E-2,6.711388123E-4,1.610787003E-3,9.997377396E-1,1.773831501E2,1.862907802E-1,-7.267187119E-2,1.773830279E2
1.740270211E2,2.282567267E-2,6.782790297E-4,1.619618502E-3,9.997379184E-1,1.773841434E2,1.873205826E-1,-7.346837949E-2,1.773840193E2
1.740320211E2,2.282269890E-2,6.797747337E-4,1.624100492E-3,9.997379780E-1,1.773844843E2,1.878377417E-1,-7.362856462E-2,1.773843595E2
1.740370211E2,2.283117852E-2,6.744443672E-4,1.617197529E-3,9.997377992E-1,1.773835123E2,1.870336020E-1,-7.303437717E-2,1.773833891E2
1.740420211E2,2.282593017E-2,6.777857197E-4,1.616192400E-3,9.997379184E-1,1.773841139E2,1.869268100E-1,-7.342077884E-2,1.773839901E2
1.740470211E2,2.281567934E-2,6.846425240E-4,1.610555220E-3,9.997381568E-1,1.773852889E2,1.862981806E-1,-7.422296096E-2,1.773851642E2
1.740520211E2,2.281842104E-2,6.821220741E-4,1.609781291E-3,9.997380972E-1,1.773849746E2,1.862031299E-1,-7.393572707E-2,1.773848505E2
1.740570211E2,2.281818558E-2,6.823696895E-4,1.613010769E-3,9.997380972E-1,1.773850016E2,1.865737352E-1,-7.395569338E-2,1.773848772E2
1.740620211E2,2.280989010E-2,6.889995420E-4,1.616689260E-3,9.997382760E-1,1.773859524E2,1.870118685E-1,-7.470715270E-2,1.773858265E2
1.740670211E2,2.281071408E-2,6.874918472E-4,1.605667756E-3,9.997382760E-1,1.773858580E2,1.857453434E-1,-7.456308532E-2,1.773857331E2
1.740720211E2,2.281581591E-2,6.849667989E-4,1.608481281E-3,9.997381568E-1,1.773852732E2,1.860614441E-1,-7.426550754E-2,1.773851486E2
1.740770211E2,2.281562017E-2,6.856985274E-4,1.610944164E-3,9.997381568E-1,1.773852956E2,1.863454956E-1,-7.434293249E-2,1.773851707E2
1.740820211E2,2.281585774E-2,6.845161552E-4,1.608079765E-3,9.997381568E-1,1.773852684E2,1.860142704E-1,-7.421492311E-2,1.773851439E2
1.740870211E2,2.281324276E-2,6.863915478E-4,1.607323997E-3,9.997382164E-1,1.773855681E2,1.859323973E-1,-7.443223348E-2,1.773854434E2
1.740920211E2,2.281808644E-2,6.835777895E-4,1.613901462E-3,9.997380972E-1,1.773850129E2,1.866789268E-1,-7.409178468E-2,1.773848882E2
1.740970211E2,2.281544864E-2,6.841217983E-4,1.614040812E-3,9.997381568E-1,1.773853153E2,1.866961179E-1,-7.415423540E-2,1.773851905E2
1.741020211E2,2.281272197E-2,6.875267718E-4,1.614215667E-3,9.997382164E-1,1.773856278E2,1.867248499E-1,-7.454436670E-2,1.773855023E2
1.741070211E2,2.280997587E-2,6.890071672E-4,1.615475398E-3,9.997382760E-1,1.773859426E2,1.868728323E-1,-7.471118320E-2,1.773858167E2
1.741120211E2,2.281272503E-2,6.862569135E-4,1.614712761E-3,9.997382164E-1,1.773856275E2,1.867784780E-1,-7.439758958E-2,1.773855022E2
1.741170211E2,2.281289985E-2,6.875583204E-4,1.611686428E-3,9.997382164E-1,1.773856074E2,1.864351910E-1,-7.455455991E-2,1.773854821E2
1.741220211E2,2.280787806E-2,6.898975116E-4,1.607809914E-3,9.997383356E-1,1.773861830E2,1.859968300E-1,-7.483361004E-2,1.773860576E2
1.741270211E2,2.282127253E-2,6.806385354E-4,1.607001759E-3,9.997380376E-1,1.773846478E2,1.858810320E-1,-7.377250863E-2,1.773845241E2
1.741320211E2,2.282358345E-2,6.791682099E-4,1.611877931E-3,9.997379780E-1,1.773843829E2,1.864359802E-1,-7.359088244E-2,1.773842591E2
1.741370211E2,2.280748712E-2,6.907610805E-4,1.612976543E-3,9.997383356E-1,1.773862279E2,1.865909572E-1,-7.491911073E-2,1.773861018E2
1.741420211E2,2.281071505E-2,6.888189819E-4,1.605085097E-3,9.997382760E-1,1.773858579E2,1.856820624E-1,-7.471664692E-2,1.773857328E2
1.741470211E2,2.282117122E-2,6.814779481E-4,1.608084305E-3,9.997380376E-1,1.773846594E2,1.860072386E-1,-7.386586079E-2,1.773845355E2
1.741520211E2,2.282334489E-2,6.792536005E-4,1.615216373E-3,9.997379780E-1,1.773844102E2,1.868186443E-1,-7.359197775E-2,1.773842862E2
1.741570211E2,2.281846354E-2,6.832191139E-4,1.608713297E-3,9.997380972E-1,1.773849697E2,1.860836505E-1,-7.406419051E-2,1.773848455E2
1.741620211E2,2.281835845E-2,6.821748684E-4,1.610645908E-3,9.997380972E-1,1.773849818E2,1.863023155E-1,-7.393952603E-2,1.773848576E2
1.741670211E2,2.281512237E-2,6.845434546E-4,1.618467970E-3,9.997381568E-1,1.773853527E2,1.872043802E-1,-7.419102693E-2,1.773852274E2
1.741720211E2,2.281248766E-2,6.867834600E-4,1.617839443E-3,9.997382164E-1,1.773856547E2,1.871380359E-1,-7.444978202E-2,1.773855291E2
1.741770211E2,2.281547058E-2,6.843002629E-4,1.613655011E-3,9.997381568E-1,1.773853128E2,1.866523882E-1,-7.417568521E-2,1.773851879E2
1.741820211E2,2.281800302E-2,6.824669545E-4,1.615550136E-3,9.997380972E-1,1.773850225E2,1.868648909E-1,-7.396023015E-2,1.773848979E2
1.741870211E2,2.281552394E-2,6.845180760E-4,1.612807973E-3,9.997381568E-1,1.773853067E2,1.865559234E-1,-7.420284293E-2,1.773851818E2
1.741920211E2,2.281550291E-2,6.840408314E-4,1.613307861E-3,9.997381568E-1,1.773853091E2,1.866119420E-1,-7.414686594E-2,1.773851843E2
1.741970211E2,2.281822536E-2,6.829280173E-4,1.612211461E-3,9.997380972E-1,1.773849970E2,1.864836280E-1,-7.402173900E-2,1.773848726E2
1.742020211E2,2.282091190E-2,6.807443569E-4,1.612070249E-3,9.997380376E-1,1.773846891E2,1.864619382E-1,-7.377144358E-2,1.773845650E2
1.742070211E2,2.283138066E-2,6.739084492E-4,1.614565030E-3,9.997377992E-1,1.773834891E2,1.867306303E-1,-7.297983147E-2,1.773833662E2
1.742120211E2,2.282854525E-2,6.761262193E-4,1.616821741E-3,9.997378588E-1,1.773838141E2,1.869947588E-1,-7.322852851E-2,1.773836906E2
1.742170211E2,2.282597079E-2,6.774232606E-4,1.615770627E-3,9.997379184E-1,1.773841092E2,1.868775457E-1,-7.338035063E-2,1.773839855E2
1.742220211E2,2.282850106E-2,6.754587521E-4,1.617724425E-3,9.997378588E-1,1.773838192E2,1.870964225E-1,-7.314970919E-2,1.773836958E2
1.742270211E2,2.282549109E-2,6.774055655E-4,1.622540527E-3,9.997379184E-1,1.773841642E2,1.876530370E-1,-7.336070484E-2,1.773840400E2
1.742320211E2,2.281492464E-2,6.843321607E-4,1.621342148E-3,9.997381568E-1,1.773853754E2,1.875330844E-1,-7.415934318E-2,1.773852499E2
1.742370211E2,2.281007229E-2,6.884962786E-4,1.614331501E-3,9.997382760E-1,1.773859315E2,1.867404569E-1,-7.465562707E-2,1.773858059E2
1.742420211E2,2.281535919E-2,6.855303654E-4,1.614707522E-3,9.997381568E-1,1.773853255E2,1.867761741E-1,-7.431387665E-2,1.773852004E2
1.742470211E2,2.281535607E-2,6.841268623E-4,1.615346642E-3,9.997381568E-1,1.773853259E2,1.868457228E-1,-7.415141864E-2,1.773852010E2
1.742520211E2,2.281270620E-2,6.865656469E-4,1.614847570E-3,9.997382164E-1,1.773856296E2,1.867947278E-1,-7.443260967E-2,1.773855043E2
1.742570211E2,2.281265072E-2,6.867923075E-4,1.615534769E-3,9.997382164E-1,1.773856360E2,1.868740432E-1,-7.445679012E-2,1.773855105E2
1.742620211E2,2.281266479E-2,6.863083690E-4,1.615541754E-3,9.997382164E-1,1.773856344E2,1.868735792E-1,-7.440132846E-2,1.773855090E2
1.742670211E2,2.281020044E-2,6.883703754E-4,1.612573396E-3,9.997382760E-1,1.773859168E2,1.865387255E-1,-7.464577512E-2,1.773857913E2
1.742720211E2,2.281004953E-2,6.885890034E-4,1.614613459E-3,9.997382760E-1,1.773859341E2,1.867729992E-1,-7.466551699E-2,1.773858084E2
1.742770211E2,2.281261052E-2,6.868551136E-4,1.616075635E-3,9.997382164E-1,1.773856406E2,1.869361670E-1,-7.446257883E-2,1.773855151E2
1.742820211E2,2.282031409E-2,6.821075222E-4,1.619937480E-3,9.997380376E-1,1.773847576E2,1.873667445E-1,-7.390714751E-2,1.773846327E2
1.742870211E2,2.281193053E-2,6.876331172E-4,1.625316916E-3,9.997382164E-1,1.773857185E2,1.879968497E-1,-7.452767691E-2,1.773855922E2
1.742920211E2,2.280940055E-2,6.892429665E-4,1.623478252E-3,9.997382760E-1,1.773860085E2,1.877902285E-1,-7.471738566E-2,1.773858820E2
1.742970211E2,2.281515861E-2,6.844504387E-4,1.617996371E-3,9.997381568E-1,1.773853485E2,1.871501124E-1,-7.418159712E-2,1.773852233E2
1.743020211E2,2.281749938E-2,6.834585220E-4,1.622230513E-3,9.997380972E-1,1.773850802E2,1.876327636E-1,-7.405645184E-2,1.773849549E2
1.743070211E2,2.281170973E-2,6.877462729E-4,1.628365251E-3,9.997382164E-1,1.773857439E2,1.883463523E-1,-7.453271289E-2,1.773856173E2
1.743120211E2,2.281768917E-2,6.828463520E-4,1.619816991E-3,9.997380972E-1,1.773850585E2,1.873546790E-1,-7.399259604E-2,1.773849335E2
1.743170211E2,2.281766281E-2,6.837493274E-4,1.619807445E-3,9.997380972E-1,1.773850615E2,1.873559448E-1,-7.409607224E-2,1.773849363E2
1.743220211E2,2.281200453E-2,6.874772953E-4,1.624343917E-3,9.997382164E-1,1.773857101E2,1.878849791E-1,-7.451235539E-2,1.773855838E2
1.743270211E2,2.281216472E-2,6.863731542E-4,1.622560201E-3,9.997382164E-1,1.773856917E2,1.876777584E-1,-7.439049612E-2,1.773855658E2
1.743320211E2,2.281996305E-2,6.819589180E-4,1.624937402E-3,9.997380376E-1,1.773847978E2,1.879391306E-1,-7.387711365E-2,1.773846726E2
1.743370211E2,2.281425727E-2,6.861331058E-4,1.629948965E-3,9.997381568E-1,1.773854518E2,1.885237577E-1,-7.434328540E-2,1.773853255E2
1.743420211E2,2.281687086E-2,6.830230122E-4,1.631229301E-3,9.997380972E-1,1.773851523E2,1.886624969E-1,-7.398314753E-2,1.773850264E2
1.743470211E2,2.281701438E-2,6.828758051E-4,1.629282255E-3,9.997380972E-1,1.773851358E2,1.884390652E-1,-7.397134723E-2,1.773850101E2
1.743520211E2,2.281422149E-2,6.853060913E-4,1.630797517E-3,9.997381568E-1,1.773854560E2,1.886188043E-1,-7.424632956E-2,1.773853296E2
1.743570211E2,2.281421458E-2,6.855992833E-4,1.630770974E-3,9.997381568E-1,1.773854567E2,1.886165296E-1,-7.427998880E-2,1.773853304E2
1.743620211E2,2.281728129E-2,6.831984501E-4,1.625404460E-3,9.997380972E-1,1.773851052E2,1.879956810E-1,-7.401839930E-2,1.773849797E2
1.743670211E2,2.280947165E-2,6.884658942E-4,1.622808864E-3,9.997382760E-1,1.773860004E2,1.877115161E-1,-7.463009937E-2,1.773858741E2
1.743720211E2,2.280957936E-2,6.881696172E-4,1.621420030E-3,9.997382760E-1,1.773859880E2,1.875516419E-1,-7.459976747E-2,1.773858619E2
1.743770211E2,2.282008048E-2,6.810434861E-4,1.623671735E-3,9.997380376E-1,1.773847844E2,1.877917478E-1,-7.377552812E-2,1.773846594E2
1.743820211E2,2.280144425E-2,6.938379956E-4,1.623171498E-3,9.997384548E-1,1.773869205E2,1.877664994E-1,-7.524609574E-2,1.773867931E2
1.743870211E2,2.280687900E-2,6.910252268E-4,1.621439937E-3,9.997383356E-1,1.773862976E2,1.875611852E-1,-7.492736529E-2,1.773861709E2
1.743920211E2,2.282028094E-2,6.820223643E-4,1.620440278E-3,9.997380376E-1,1.773847614E2,1.874241208E-1,-7.389608302E-2,1.773846365E2
1.743970211E2,2.281444464E-2,6.851828075E-4,1.627724618E-3,9.997381568E-1,1.773854304E2,1.882664612E-1,-7.424019788E-2,1.773853043E2
1.744020211E2,2.281164444E-2,6.867449265E-4,1.629701932E-3,9.997382164E-1,1.773857513E2,1.884968623E-1,-7.441451505E-2,1.773856248E2
1.744070211E2,2.281692708E-2,6.837163819E-4,1.630152110E-3,9.997380972E-1,1.773851458E2,1.885409091E-1,-7.406538705E-2,1.773850199E2
1.744120211E2,2.281370869E-2,6.847286131E-4,1.638197107E-3,9.997381568E-1,1.773855147E2,1.894649679E-1,-7.416092408E-2,1.773853880E2
1.744170211E2,2.280586659E-2,6.902175373E-4,1.635959023E-3,9.997383356E-1,1.773864136E2,1.892223334E-1,-7.479707951E-2,1.773862860E2
1.744220211E2,2.281985140E-2,6.820982089E-4,1.626446261E-3,9.997380376E-1,1.773848106E2,1.881123445E-1,-7.388914623E-2,1.773846853E2
1.744270211E2,2.282218143E-2,6.804742734E-4,1.631064340E-3,9.997379780E-1,1.773845436E2,1.886373252E-1,-7.369058926E-2,1.773844182E2
1.744320211E2,2.280339848E-2,6.920982851E-4,1.633141888E-3,9.997383952E-1,1.773866965E2,1.889043275E-1,-7.502036993E-2,1.773865687E2
1.744370211E2,2.280374592E-2,6.927938666E-4,1.627987600E-3,9.997383952E-1,1.773866567E2,1.883156860E-1,-7.511346067E-2,1.773865291E2
1.744420211E2,2.281163815E-2,6.880305591E-4,1.629247679E-3,9.997382164E-1,1.773857521E2,1.884481829E-1,-7.456298786E-2,1.773856253E2
1.744470211E2,2.280897574E-2,6.891997182E-4,1.629454084E-3,9.997382760E-1,1.773860572E2,1.884746867E-1,-7.469689095E-2,1.773859303E2
1.744520211E2,2.281988712E-2,6.818569382E-4,1.626046142E-3,9.997380376E-1,1.773848065E2,1.880658776E-1,-7.386254550E-2,1.773846813E2
1.744570211E2,2.281684203E-2,6.837851251E-4,1.631313236E-3,9.997380972E-1,1.773851556E2,1.886741035E-1,-7.407024237E-2,1.773850295E2
1.744620211E2,2.281423764E-2,6.846016622E-4,1.630867482E-3,9.997381568E-1,1.773854541E2,1.886249791E-1,-7.416544307E-2,1.773853279E2
1.744670211E2,2.281978355E-2,6.820340641E-4,1.627424848E-3,9.997380376E-1,1.773848184E2,1.882242805E-1,-7.387925137E-2,1.773846930E2
1.744720211E2,2.282474350E-2,6.780140102E-4,1.632770756E-3,9.997379184E-1,1.773842499E2,1.888265685E-1,-7.340379083E-2,1.773841249E2
1.744770211E2,2.282209354E-2,6.791676278E-4,1.632837811E-3,9.997379780E-1,1.773845536E2,1.888370733E-1,-7.353627622E-2,1.773844284E2
1.744820211E2,2.282776927E-2,6.753852358E-4,1.628048602E-3,9.997378588E-1,1.773839031E2,1.882789341E-1,-7.311441599E-2,1.773837789E2
1.744870211E2,2.282989510E-2,6.745661376E-4,1.635165303E-3,9.997377992E-1,1.773836594E2,1.890922493E-1,-7.300155946E-2,1.773835349E2
1.744920211E2,2.282694986E-2,6.758930977E-4,1.639288268E-3,9.997378588E-1,1.773839970E2,1.895678406E-1,-7.314334986E-2,1.773838719E2
1.744970211E2,2.283501232E-2,6.715246127E-4,1.637845649E-3,9.997376800E-1,1.773830729E2,1.893917287E-1,-7.264513580E-2,1.773829487E2
1.745020211E2,2.284836423E-2,6.619956112E-4,1.637429465E-3,9.997373819E-1,1.773815425E2,1.893200673E-1,-7.155203936E-2,1.773814202E2
1.745070211E2,2.283771076E-2,6.694328040E-4,1.637460431E-3,9.997376204E-1,1.773827636E2,1.893423184E-1,-7.240599196E-2,1.773826398E2
1.745120211E2,2.282757963E-2,6.753982161E-4,1.630700077E-3,9.997378588E-1,1.773839248E2,1.885827123E-1,-7.310900255E-2,1.773838004E2
1.745170211E2,2.283603495E-2,6.699545775E-4,1.624173718E-3,9.997376800E-1,1.773829557E2,1.878214115E-1,-7.250085510E-2,1.773828328E2
1.745220211E2,2.284124511E-2,6.674175384E-4,1.625331701E-3,9.997375607E-1,1.773823585E2,1.879478086E-1,-7.220619813E-2,1.773822360E2
1.745270211E2,2.284085994E-2,6.666292320E-4,1.631057938E-3,9.997375607E-1,1.773824026E2,1.886017257E-1,-7.210097255E-2,1.773822799E2
1.745320211E2,2.283570954E-2,6.714445772E-4,1.628128812E-3,9.997376800E-1,1.773829930E2,1.882783905E-1,-7.266126278E-2,1.773828695E2
1.745370211E2,2.283866818E-2,6.694190670E-4,1.624057651E-3,9.997376204E-1,1.773826538E2,1.878069040E-1,-7.243931527E-2,1.773825311E2
1.745420211E2,2.283559731E-2,6.708099390E-4,1.629963517E-3,9.997376800E-1,1.773830058E2,1.884869088E-1,-7.258377757E-2,1.773828824E2
1.745470211E2,2.283535745E-2,6.714195479E-4,1.633069944E-3,9.997376800E-1,1.773830333E2,1.888443649E-1,-7.264553141E-2,1.773829095E2
1.745520211E2,2.282526985E-2,6.780754193E-4,1.625370467E-3,9.997379184E-1,1.773841896E2,1.879789765E-1,-7.343008356E-2,1.773840651E2
1.745570211E2,2.282553484E-2,6.779621472E-4,1.621692325E-3,9.997379184E-1,1.773841592E2,1.875573246E-1,-7.342667817E-2,1.773840350E2
1.745620211E2,2.283274507E-2,6.732724141E-4,1.632345025E-3,9.997377396E-1,1.773833328E2,1.887659756E-1,-7.286018890E-2,1.773832086E2
1.745670211E2,2.282176848E-2,6.796827074E-4,1.637161011E-3,9.997379780E-1,1.773845909E2,1.893336707E-1,-7.358403944E-2,1.773844652E2
1.745720211E2,2.282209771E-2,6.797639653E-4,1.632531290E-3,9.997379780E-1,1.773845532E2,1.888035177E-1,-7.360539446E-2,1.773844278E2
1.745770211E2,2.282987085E-2,6.751766778E-4,1.635251916E-3,9.997377992E-1,1.773836622E2,1.891037676E-1,-7.307128187E-2,1.773835375E2
1.745820211E2,2.282990542E-2,6.741915131E-4,1.635175780E-3,9.997377992E-1,1.773836582E2,1.890924702E-1,-7.295861253E-2,1.773835338E2
1.745870211E2,2.282480135E-2,6.779307150E-4,1.631996478E-3,9.997379184E-1,1.773842433E2,1.887376521E-1,-7.339626272E-2,1.773841183E2
1.745920211E2,2.283292140E-2,6.727362634E-4,1.630098093E-3,9.997377396E-1,1.773833125E2,1.885071726E-1,-7.280461264E-2,1.773831887E2
1.745970211E2,2.283009778E-2,6.736741052E-4,1.632701489E-3,9.997377992E-1,1.773836362E2,1.888076709E-1,-7.290577450E-2,1.773835120E2
1.746020211E2,2.282202477E-2,6.791578489E-4,1.633802662E-3,9.997379780E-1,1.773845615E2,1.889475778E-1,-7.353264551E-2,1.773844362E2
1.746070211E2,2.281714222E-2,6.840405986E-4,1.627001679E-3,9.997380972E-1,1.773851212E2,1.881808533E-1,-7.411072694E-2,1.773849954E2
1.746120211E2,2.282055657E-2,6.806443562E-4,1.617134665E-3,9.997380376E-1,1.773847298E2,1.870418397E-1,-7.374680930E-2,1.773846054E2
1.746170211E2,2.281743368E-2,6.833231309E-4,1.623211312E-3,9.997380972E-1,1.773850878E2,1.877447670E-1,-7.403838895E-2,1.773849624E2
1.746220211E2,2.282012389E-2,6.822950090E-4,1.622535754E-3,9.997380376E-1,1.773847794E2,1.876648840E-1,-7.392186714E-2,1.773846543E2
1.746270211E2,2.280974591E-2,6.884624017E-4,1.618950861E-3,9.997382760E-1,1.773859689E2,1.872695469E-1,-7.463973234E-2,1.773858429E2
1.746320211E2,2.282019783E-2,6.813156651E-4,1.621907344E-3,9.997380376E-1,1.773847709E2,1.875903363E-1,-7.381130145E-2,1.773846461E2
1.746370211E2,2.283271766E-2,6.728828303E-4,1.632888918E-3,9.997377396E-1,1.773833359E2,1.888272635E-1,-7.281413961E-2,1.773832118E2
1.746420211E2,2.283256042E-2,6.720474921E-4,1.635429682E-3,9.997377396E-1,1.773833539E2,1.891161410E-1,-7.271182365E-2,1.773832298E2
1.746470211E2,2.282470946E-2,6.788552855E-4,1.632897067E-3,9.997379184E-1,1.773842538E2,1.888432371E-1,-7.349984469E-2,1.773841286E2
1.746520211E2,2.283268898E-2,6.717208889E-4,1.633768203E-3,9.997377396E-1,1.773833392E2,1.889249534E-1,-7.267873053E-2,1.773832153E2
1.746570211E2,2.283484221E-2,6.704091793E-4,1.640671864E-3,9.997376800E-1,1.773830924E2,1.897125737E-1,-7.250998659E-2,1.773829682E2
1.746620211E2,2.281642124E-2,6.841633585E-4,1.637030044E-3,9.997380972E-1,1.773852038E2,1.893299900E-1,-7.409870506E-2,1.773850773E2
1.746670211E2,2.281653693E-2,6.838304689E-4,1.635555993E-3,9.997380972E-1,1.773851906E2,1.891602579E-1,-7.406440101E-2,1.773850642E2
1.746720211E2,2.282720557E-2,6.756187649E-4,1.635837019E-3,9.997378588E-1,1.773839677E2,1.891717599E-1,-7.312090163E-2,1.773838429E2
1.746770211E2,2.282409825E-2,6.785513251E-4,1.641543931E-3,9.997379184E-1,1.773843239E2,1.898329985E-1,-7.344252141E-2,1.773841981E2
1.746820211E2,2.281648724E-2,6.843189476E-4,1.636044937E-3,9.997380972E-1,1.773851962E2,1.892175460E-1,-7.411909286E-2,1.773850697E2
1.746870211E2,2.281404432E-2,6.848329213E-4,1.633472624E-3,9.997381568E-1,1.773854763E2,1.889240195E-1,-7.418516199E-2,1.773853498E2
1.746920211E2,2.281621636E-2,6.829801714E-4,1.640376286E-3,9.997380972E-1,1.773852273E2,1.897102328E-1,-7.395444673E-2,1.773851007E2
1.746970211E2,2.281368422E-2,6.846606266E-4,1.638566260E-3,9.997381568E-1,1.773855175E2,1.895070792E-1,-7.415217496E-2,1.773853908E2
1.747020211E2,2.282751673E-2,6.763371057E-4,1.631191466E-3,9.997378588E-1,1.773839320E2,1.886414585E-1,-7.321528961E-2,1.773838074E2
1.747070211E2,2.283274176E-2,6.717751385E-4,1.633008011E-3,9.997377396E-1,1.773833331E2,1.888380102E-1,-7.268692456E-2,1.773832093E2
1.747120211E2,2.283503859E-2,6.710963207E-4,1.637654961E-3,9.997376800E-1,1.773830699E2,1.893687641E-1,-7.259656403E-2,1.773829458E2
1.747170211E2,2.283499815E-2,6.710306625E-4,1.638245652E-3,9.997376800E-1,1.773830745E2,1.894362600E-1,-7.258750405E-2,1.773829504E2
1.747220211E2,2.282709899E-2,6.767562008E-4,1.636853674E-3,9.997378588E-1,1.773839799E2,1.892911978E-1,-7.324856873E-2,1.773838548E2
1.747270211E2,2.282966550E-2,6.743285339E-4,1.638465677E-3,9.997377992E-1,1.773836857E2,1.894697081E-1,-7.296574815E-2,1.773835610E2
1.747320211E2,2.283489804E-2,6.707144785E-4,1.639769762E-3,9.997376800E-1,1.773830860E2,1.896100302E-1,-7.254731217E-2,1.773829618E2
1.747370211E2,2.282693076E-2,6.768271560E-4,1.639168826E-3,9.997378588E-1,1.773839992E2,1.895565993E-1,-7.325067311E-2,1.773838739E2
1.747420211E2,2.282692969E-2,6.757511874E-4,1.639627619E-3,9.997378588E-1,1.773839993E2,1.896063445E-1,-7.312620851E-2,1.773838742E2
1.747470211E2,2.283489078E-2,6.709909067E-4,1.639757887E-3,9.997376800E-1,1.773830868E2,1.896093927E-1,-7.257901266E-2,1.773829626E2
1.747520211E2,2.282947186E-2,6.740394747E-4,1.641280251E-3,9.997377992E-1,1.773837079E2,1.897913805E-1,-7.292530630E-2,1.773835830E2
1.747570211E2,2.282160040E-2,6.798901595E-4,1.639416325E-3,9.997379780E-1,1.773846102E2,1.895925741E-1,-7.360193900E-2,1.773844843E2
1.747620211E2,2.281892651E-2,6.810788182E-4,1.639795024E-3,9.997380376E-1,1.773849167E2,1.896388704E-1,-7.373763040E-2,1.773847905E2
1.747670211E2,2.282404351E-2,6.784123834E-4,1.642362215E-3,9.997379184E-1,1.773843301E2,1.899263752E-1,-7.342447415E-2,1.773842043E2
1.747720211E2,2.281342226E-2,6.853594678E-4,1.641917857E-3,9.997381568E-1,1.773855476E2,1.898928525E-1,-7.422352270E-2,1.773854204E2
1.747770211E2,2.280858907E-2,6.898294087E-4,1.634591958E-3,9.997382760E-1,1.773861015E2,1.890649088E-1,-7.475567281E-2,1.773859741E2
1.747820211E2,2.281648267E-2,6.836791290E-4,1.636376022E-3,9.997380972E-1,1.773851968E2,1.892538023E-1,-7.404492940E-2,1.773850704E2
1.747870211E2,2.282430161E-2,6.783492281E-4,1.638797694E-3,9.997379184E-1,1.773843006E2,1.895178706E-1,-7.342651331E-2,1.773841750E2
1.747920211E2,2.282214057E-2,6.801871350E-4,1.631755731E-3,9.997379780E-1,1.773845483E2,1.887157782E-1,-7.365589371E-2,1.773844229E2
1.747970211E2,2.281686519E-2,6.829116610E-4,1.631355146E-3,9.997380972E-1,1.773851529E2,1.886766223E-1,-7.397006297E-2,1.773850270E2
1.748020211E2,2.281919884E-2,6.821058341E-4,1.635572989E-3,9.997380376E-1,1.773848854E2,1.891578919E-1,-7.386627602E-2,1.773847594E2
1.748070211E2,2.281398115E-2,6.860585418E-4,1.633840497E-3,9.997381568E-1,1.773854835E2,1.889693636E-1,-7.432462120E-2,1.773853568E2
1.748120211E2,2.280323532E-2,6.933222758E-4,1.634899992E-3,9.997383952E-1,1.773867152E2,1.891089260E-1,-7.515602886E-2,1.773865871E2
1.748170211E2,2.280032003E-2,6.945388741E-4,1.638590475E-3,9.997384548E-1,1.773870494E2,1.895346749E-1,-7.528631310E-2,1.773869207E2
1.748220211E2,2.281116318E-2,6.872332306E-4,1.636219444E-3,9.997382164E-1,1.773858065E2,1.892447620E-1,-7.445350928E-2,1.773856794E2
1.748270211E2,2.281670178E-2,6.833502557E-4,1.633455628E-3,9.997380972E-1,1.773851717E2,1.889183924E-1,-7.401484772E-2,1.773850455E2
1.748320211E2,2.281375569E-2,6.852304796E-4,1.637332491E-3,9.997381568E-1,1.773855093E2,1.893672315E-1,-7.422067024E-2,1.773853826E2
1.748370211E2,2.281407964E-2,6.854913663E-4,1.632703003E-3,9.997381568E-1,1.773854722E2,1.888375744E-1,-7.426259996E-2,1.773853457E2
1.748420211E2,2.282449880E-2,6.785675068E-4,1.635958441E-3,9.997379184E-1,1.773842780E2,1.891931857E-1,-7.345890871E-2,1.773841526E2
1.748470211E2,2.281370476E-2,6.863357848E-4,1.637579175E-3,9.997381568E-1,1.773855152E2,1.893983783E-1,-7.434666049E-2,1.773853882E2
1.748520211E2,2.280619036E-2,6.911056116E-4,1.631063176E-3,9.997383356E-1,1.773863765E2,1.886638010E-1,-7.491155289E-2,1.773862491E2
1.748570211E2,2.281438564E-2,6.846129545E-4,1.628790982E-3,9.997381568E-1,1.773854371E2,1.883871317E-1,-7.417213774E-2,1.773853111E2
1.748620211E2,2.281946509E-2,6.818888360E-4,1.631944790E-3,9.997380376E-1,1.773848549E2,1.887416904E-1,-7.385085390E-2,1.773847292E2
1.748670211E2,2.281385414E-2,6.862995215E-4,1.635511988E-3,9.997381568E-1,1.773854981E2,1.891614736E-1,-7.434788227E-2,1.773853712E2
1.748720211E2,2.280847164E-2,6.887519849E-4,1.636683592E-3,9.997382760E-1,1.773861150E2,1.893017054E-1,-7.462679652E-2,1.773859876E2
1.748770211E2,2.281382905E-2,6.847950863E-4,1.636492205E-3,9.997381568E-1,1.773855009E2,1.892698337E-1,-7.417297384E-2,1.773853743E2
1.748820211E2,2.281876673E-2,6.819270784E-4,1.641664887E-3,9.997380376E-1,1.773849350E2,1.898552921E-1,-7.382994912E-2,1.773848085E2
1.748870211E2,2.281098974E-2,6.877208361E-4,1.638430986E-3,9.997382164E-1,1.773858264E2,1.894993825E-1,-7.450362184E-2,1.773856990E2
1.748920211E2,2.280870866E-2,6.882802118E-4,1.633576001E-3,9.997382760E-1,1.773860878E2,1.889444781E-1,-7.458082723E-2,1.773859608E2
1.748970211E2,2.280945976E-2,6.881374866E-4,1.623115269E-3,9.997382760E-1,1.773860017E2,1.877457590E-1,-7.459167778E-2,1.773858755E2
1.749020211E2,2.280672504E-2,6.914968253E-4,1.623403165E-3,9.997383356E-1,1.773863152E2,1.877873176E-1,-7.497629019E-2,1.773861883E2
1.749070211E2,2.280953387E-2,6.887771888E-4,1.621801988E-3,9.997382760E-1,1.773859933E2,1.875969848E-1,-7.466838198E-2,1.773858670E2
1.749120211E2,2.280984297E-2,6.888508215E-4,1.617417438E-3,9.997382760E-1,1.773859578E2,1.870948977E-1,-7.468822043E-2,1.773858318E2
1.749170211E2,2.280421559E-2,6.919040461E-4,1.621775213E-3,9.997383952E-1,1.773866028E2,1.876016923E-1,-7.502766776E-2,1.773864759E2
1.749220211E2,2.280155137E-2,6.950614625E-4,1.621142030E-3,9.997384548E-1,1.773869082E2,1.875372048E-1,-7.539154097E-2,1.773867808E2
1.749270211E2,2.279910735E-2,6.955494173E-4,1.618546783E-3,9.997385144E-1,1.773871884E2,1.872409788E-1,-7.545468099E-2,1.773870610E2
1.749320211E2,2.279898046E-2,6.960370811E-4,1.620123745E-3,9.997385144E-1,1.773872029E2,1.874229034E-1,-7.550645218E-2,1.773870753E2
1.749370211E2,2.280133535E-2,6.947973743E-4,1.624290482E-3,9.997384548E-1,1.773869330E2,1.878971913E-1,-7.535310031E-2,1.773868053E2
1.749420211E2,2.280122105E-2,6.952350959E-4,1.625707024E-3,9.997384548E-1,1.773869461E2,1.880606084E-1,-7.539956653E-2,1.773868183E2
1.749470211E2,2.279326935E-2,6.990154507E-4,1.625629724E-3,9.997386336E-1,1.773878575E2,1.880610285E-1,-7.583434791E-2,1.773877290E2
1.749520211E2,2.279341557E-2,6.993645802E-4,1.623427845E-3,9.997386336E-1,1.773878408E2,1.878096999E-1,-7.588006872E-2,1.773877123E2
1.749570211E2,2.279851047E-2,6.961966283E-4,1.626655809E-3,9.997385144E-1,1.773872568E2,1.881716110E-1,-7.550775229E-2,1.773871287E2
1.749620211E2,2.278791948E-2,7.035579765E-4,1.625360805E-3,9.997387528E-1,1.773884707E2,1.880416784E-1,-7.635645587E-2,1.773883413E2
1.749670211E2,2.279592463E-2,6.983102066E-4,1.625356381E-3,9.997385740E-1,1.773875532E2,1.880280726E-1,-7.575376858E-2,1.773874248E2
1.749720211E2,2.279582517E-2,6.987522938E-4,1.626560930E-3,9.997385740E-1,1.773875646E2,1.881672157E-1,-7.580128683E-2,1.773874360E2
1.749770211E2,2.278227849E-2,7.075059693E-4,1.629396109E-3,9.997388721E-1,1.773891173E2,1.885138486E-1,-7.679927025E-2,1.773889868E2
1.749820211E2,2.276890902E-2,7.174519124E-4,1.629068283E-3,9.997391701E-1,1.773906497E2,1.885012193E-1,-7.794207092E-2,1.773905174E2
1.749870211E2,2.277451927E-2,7.131203311E-4,1.625701902E-3,9.997390509E-1,1.773900067E2,1.881046909E-1,-7.745356571E-2,1.773898754E2
1.749920211E2,2.277719792E-2,7.111008163E-4,1.625713427E-3,9.997389913E-1,1.773896996E2,1.881009469E-1,-7.722167259E-2,1.773895688E2
1.749970211E2,2.276626775E-2,7.182785776E-4,1.629039296E-3,9.997392297E-1,1.773909525E2,1.884998495E-1,-7.803734875E-2,1.773908200E2
1.750020211E2,2.276915927E-2,7.166722207E-4,1.625910751E-3,9.997391701E-1,1.773906210E2,1.881374707E-1,-7.786093984E-2,1.773904891E2
1.750070211E2,2.278257063E-2,7.065727259E-4,1.625712262E-3,9.997388721E-1,1.773890838E2,1.880894053E-1,-7.670191911E-2,1.773889538E2
1.750120211E2,2.277961373E-2,7.082917728E-4,1.629740116E-3,9.997389317E-1,1.773894227E2,1.885551056E-1,-7.688889767E-2,1.773892921E2
1.750170211E2,2.277395767E-2,7.131652092E-4,1.633530715E-3,9.997390509E-1,1.773900710E2,1.890016496E-1,-7.743838074E-2,1.773899392E2
1.750220211E2,2.277753309E-2,7.109947037E-4,1.621057163E-3,9.997389913E-1,1.773896612E2,1.875672647E-1,-7.722160709E-2,1.773895307E2
1.750270211E2,2.278012362E-2,7.084890385E-4,1.622511190E-3,9.997389317E-1,1.773893643E2,1.877274993E-1,-7.693027203E-2,1.773892342E2
1.750320211E2,2.278004121E-2,7.092095329E-4,1.623353222E-3,9.997389317E-1,1.773893737E2,1.878258389E-1,-7.701063041E-2,1.773892434E2
1.750370211E2,2.277751762E-2,7.102743257E-4,1.621590229E-3,9.997389913E-1,1.773896630E2,1.876264520E-1,-7.713769083E-2,1.773895326E2
1.750420211E2,2.278559456E-2,7.058627089E-4,1.620285911E-3,9.997388124E-1,1.773887372E2,1.874661294E-1,-7.663417858E-2,1.773886078E2
1.750470211E2,2.278780939E-2,7.045217208E-4,1.626486541E-3,9.997387528E-1,1.773884833E2,1.881731536E-1,-7.646394496E-2,1.773883537E2
1.750520211E2,2.278750876E-2,7.029330009E-4,1.631378545E-3,9.997387528E-1,1.773885178E2,1.887294194E-1,-7.626922021E-2,1.773883881E2
1.750570211E2,2.279081409E-2,7.024620427E-4,1.621907577E-3,9.997386932E-1,1.773881389E2,1.876434281E-1,-7.623937846E-2,1.773880100E2
1.750620211E2,2.278794168E-2,7.038639742E-4,1.624917029E-3,9.997387528E-1,1.773884682E2,1.879916395E-1,-7.639266620E-2,1.773883388E2
1.750670211E2,2.278992186E-2,7.018155884E-4,1.634674496E-3,9.997386932E-1,1.773882412E2,1.891042757E-1,-7.613214412E-2,1.773881114E2
1.750720211E2,2.279834229E-2,6.954658311E-4,1.629323349E-3,9.997385144E-1,1.773872760E2,1.884752876E-1,-7.541709333E-2,1.773871479E2
1.750770211E2,2.280667277E-2,6.914664409E-4,1.624150318E-3,9.997383356E-1,1.773863212E2,1.878728296E-1,-7.497086637E-2,1.773861942E2
1.750820211E2,2.280672070E-2,6.908128271E-4,1.623755321E-3,9.997383356E-1,1.773863157E2,1.878258731E-1,-7.489701067E-2,1.773861889E2
1.750870211E2,2.280677865E-2,6.912125391E-4,1.622771029E-3,9.997383356E-1,1.773863091E2,1.877141599E-1,-7.494536397E-2,1.773861822E2
1.750920211E2,2.281468941E-2,6.850427017E-4,1.624349388E-3,9.997381568E-1,1.773854023E2,1.878794402E-1,-7.423292558E-2,1.773852765E2
1.750970211E2,2.280703900E-2,6.903791218E-4,1.619463321E-3,9.997383356E-1,1.773862792E2,1.873330633E-1,-7.485848257E-2,1.773861528E2
1.751020211E2,2.280715548E-2,6.910591037E-4,1.617531758E-3,9.997383356E-1,1.773862659E2,1.871135658E-1,-7.494140897E-2,1.773861395E2
1.751070211E2,2.281154730E-2,6.870720536E-4,1.630923245E-3,9.997382164E-1,1.773857625E2,1.886376263E-1,-7.444881688E-2,1.773856358E2
1.751120211E2,2.281425942E-2,6.856273394E-4,1.630131737E-3,9.997381568E-1,1.773854516E2,1.885433741E-1,-7.428486574E-2,1.773853253E2
1.751170211E2,2.280674702E-2,6.909687072E-4,1.623319346E-3,9.997383356E-1,1.773863127E2,1.877763364E-1,-7.491600306E-2,1.773861859E2
1.751220211E2,2.280931423E-2,6.881979061E-4,1.625133562E-3,9.997382760E-1,1.773860184E2,1.879771257E-1,-7.459335129E-2,1.773858920E2
1.751270211E2,2.281425665E-2,6.845197058E-4,1.630635932E-3,9.997381568E-1,1.773854519E2,1.885982393E-1,-7.415665580E-2,1.773853258E2
1.751320211E2,2.280191366E-2,6.939665182E-4,1.616508816E-3,9.997384548E-1,1.773868667E2,1.870035805E-1,-7.527814117E-2,1.773867398E2
1.751370211E2,2.280212698E-2,6.940088933E-4,1.613478758E-3,9.997384548E-1,1.773868422E2,1.866565779E-1,-7.529087357E-2,1.773867156E2
1.751420211E2,2.281468063E-2,6.844729651E-4,1.624712721E-3,9.997381568E-1,1.773854033E2,1.879195739E-1,-7.416670736E-2,1.773852776E2
1.751470211E2,2.280654797E-2,6.914871046E-4,1.625893055E-3,9.997383356E-1,1.773863355E2,1.880725257E-1,-7.496870233E-2,1.773862084E2
1.751520211E2,2.279605912E-2,6.974056596E-4,1.623857883E-3,9.997385740E-1,1.773875377E2,1.878540486E-1,-7.565403152E-2,1.773874096E2
1.751570211E2,2.279822338E-2,6.957394071E-4,1.630869694E-3,9.997385144E-1,1.773872897E2,1.886531458E-1,-7.544441706E-2,1.773871614E2
1.751620211E2,2.279272752E-2,7.000976475E-4,1.632745494E-3,9.997386336E-1,1.773879196E2,1.888790113E-1,-7.593984180E-2,1.773877903E2
1.751670211E2,2.278229250E-2,7.069226704E-4,1.629453502E-3,9.997388721E-1,1.773891157E2,1.885189017E-1,-7.673229406E-2,1.773889853E2
1.751720211E2,2.278759396E-2,7.031053538E-4,1.630113577E-3,9.997387528E-1,1.773885080E2,1.885849586E-1,-7.629225250E-2,1.773883784E2
1.751770211E2,2.278745722E-2,7.032790454E-4,1.631949097E-3,9.997387528E-1,1.773885237E2,1.887956827E-1,-7.630738345E-2,1.773883939E2
1.751820211E2,2.277925944E-2,7.091222215E-4,1.634324552E-3,9.997389317E-1,1.773894633E2,1.890824488E-1,-7.697213467E-2,1.773893322E2
1.751870211E2,2.277940769E-2,7.097260677E-4,1.631994382E-3,9.997389317E-1,1.773894464E2,1.888170877E-1,-7.704736710E-2,1.773893153E2
1.751920211E2,2.278242111E-2,7.076282636E-4,1.627347665E-3,9.997388721E-1,1.773891010E2,1.882795050E-1,-7.681860169E-2,1.773889706E2
1.751970211E2,2.277428350E-2,7.134872722E-4,1.628840691E-3,9.997390509E-1,1.773900337E2,1.884652167E-1,-7.748745561E-2,1.773899021E2
1.752020211E2,2.278531074E-2,7.052644505E-4,1.624532044E-3,9.997388124E-1,1.773887697E2,1.879509909E-1,-7.655460708E-2,1.773886401E2
1.752070211E2,2.278833197E-2,7.039948250E-4,1.619377523E-3,9.997387528E-1,1.773884234E2,1.873573939E-1,-7.642204963E-2,1.773882944E2
1.752120211E2,2.277764914E-2,7.113146130E-4,1.619285205E-3,9.997389913E-1,1.773896479E2,1.873651096E-1,-7.726285994E-2,1.773895175E2
1.752170211E2,2.278270377E-2,7.075006142E-4,1.623441232E-3,9.997388721E-1,1.773890686E2,1.878316645E-1,-7.681412380E-2,1.773889386E2
1.752220211E2,2.279097099E-2,7.023159415E-4,1.619764720E-3,9.997386932E-1,1.773881210E2,1.873975685E-1,-7.622820809E-2,1.773879922E2
1.752270211E2,2.277520779E-2,7.118136855E-4,1.616603462E-3,9.997390509E-1,1.773899278E2,1.870589976E-1,-7.732749138E-2,1.773897975E2
1.752320211E2,2.277797807E-2,7.098827045E-4,1.615281682E-3,9.997389913E-1,1.773896102E2,1.869027452E-1,-7.710920682E-2,1.773894804E2
1.752370211E2,2.279153808E-2,7.021213532E-4,1.611850341E-3,9.997386932E-1,1.773880560E2,1.864904162E-1,-7.622648062E-2,1.773879279E2
1.752420211E2,2.278912920E-2,7.039750926E-4,1.608127961E-3,9.997387528E-1,1.773883321E2,1.860686308E-1,-7.644901871E-2,1.773882039E2
1.752470211E2,2.278384121E-2,7.064367528E-4,1.607867074E-3,9.997388721E-1,1.773889382E2,1.860447666E-1,-7.673269599E-2,1.773888096E2
1.752520211E2,2.278623755E-2,7.051043212E-4,1.611550222E-3,9.997388124E-1,1.773886635E2,1.864634198E-1,-7.656998686E-2,1.773885349E2
1.752570211E2,2.279128208E-2,7.020310732E-4,1.615505433E-3,9.997386932E-1,1.773880853E2,1.869088955E-1,-7.620663929E-2,1.773879569E2
1.752620211E2,2.278870712E-2,7.031712448E-4,1.614448498E-3,9.997387528E-1,1.773883804E2,1.867905925E-1,-7.634050088E-2,1.773882520E2
1.752670211E2,2.279187228E-2,7.012803108E-4,1.607484999E-3,9.997386932E-1,1.773880176E2,1.859881424E-1,-7.614146884E-2,1.773878900E2
1.752720211E2,2.280212929E-2,6.945185014E-4,1.613226719E-3,9.997384548E-1,1.773868420E2,1.866290357E-1,-7.534991326E-2,1.773867152E2
1.752770211E2,2.280751494E-2,6.900153239E-4,1.612902386E-3,9.997383356E-1,1.773862247E2,1.865805144E-1,-7.483386429E-2,1.773860988E2
1.752820211E2,2.279985887E-2,6.948499940E-4,1.608228078E-3,9.997385144E-1,1.773871022E2,1.860570765E-1,-7.540137390E-2,1.773869758E2
1.752870211E2,2.280187536E-2,6.942866021E-4,1.616911497E-3,9.997384548E-1,1.773868711E2,1.870505460E-1,-7.531376545E-2,1.773867441E2
1.752920211E2,2.280971410E-2,6.882090238E-4,1.619506744E-3,9.997382760E-1,1.773859726E2,1.873325652E-1,-7.460925787E-2,1.773858466E2
1.752970211E2,2.279888886E-2,6.966789952E-4,1.621136558E-3,9.997385144E-1,1.773872134E2,1.875406037E-1,-7.557736191E-2,1.773870856E2
1.753020211E2,2.279378758E-2,7.004641811E-4,1.617720583E-3,9.997386336E-1,1.773877981E2,1.871587653E-1,-7.602087891E-2,1.773876699E2
1.753070211E2,2.279866279E-2,6.969129317E-4,1.624212367E-3,9.997385144E-1,1.773872393E2,1.878935687E-1,-7.559616842E-2,1.773871113E2
1.753120211E2,2.280369704E-2,6.926525966E-4,1.628732192E-3,9.997383952E-1,1.773866623E2,1.884006151E-1,-7.509533995E-2,1.773865347E2
1.753170211E2,2.279848431E-2,6.965895300E-4,1.626854180E-3,9.997385144E-1,1.773872598E2,1.881953615E-1,-7.555225040E-2,1.773871316E2
1.753220211E2,2.279304475E-2,7.002215134E-4,1.628257683E-3,9.997386336E-1,1.773878833E2,1.883652263E-1,-7.596569441E-2,1.773877543E2
1.753270211E2,2.279583430E-2,6.988444948E-4,1.626393409E-3,9.997385740E-1,1.773875635E2,1.881482656E-1,-7.581228543E-2,1.773874349E2
1.753320211E2,2.279565465E-2,6.972706760E-4,1.629583654E-3,9.997385740E-1,1.773875841E2,1.885096212E-1,-7.562368602E-2,1.773874556E2
1.753370211E2,2.279050967E-2,7.015278097E-4,1.626582933E-3,9.997386932E-1,1.773881738E2,1.881765829E-1,-7.612019753E-2,1.773880447E2
1.753420211E2,2.279058909E-2,7.024250226E-4,1.625082223E-3,9.997386932E-1,1.773881647E2,1.880070081E-1,-7.622688825E-2,1.773880356E2
1.753470211E2,2.279290218E-2,6.992413546E-4,1.630672836E-3,9.997386336E-1,1.773878996E2,1.886393398E-1,-7.584712427E-2,1.773877706E2
1.753520211E2,2.278977675E-2,7.012129063E-4,1.636954607E-3,9.997386932E-1,1.773882578E2,1.893639045E-1,-7.605717245E-2,1.773881280E2
1.753570211E2,2.277905332E-2,7.099779323E-4,1.636823989E-3,9.997389317E-1,1.773894870E2,1.893710075E-1,-7.706368075E-2,1.773893555E2
1.753620211E2,2.277386537E-2,7.138601504E-4,1.634513726E-3,9.997390509E-1,1.773900816E2,1.891160721E-1,-7.751544636E-2,1.773899495E2
1.753670211E2,2.277663273E-2,7.115816697E-4,1.633403357E-3,9.997389913E-1,1.773897644E2,1.889831327E-1,-7.725679448E-2,1.773896329E2
1.753720211E2,2.277919879E-2,7.087135455E-4,1.635346795E-3,9.997389317E-1,1.773894703E2,1.891984874E-1,-7.692265903E-2,1.773893391E2
1.753770211E2,2.277630760E-2,7.104232209E-4,1.638433547E-3,9.997389913E-1,1.773898017E2,1.895563525E-1,-7.711101274E-2,1.773896700E2
1.753820211E2,2.277319901E-2,7.130251615E-4,1.644134172E-3,9.997390509E-1,1.773901580E2,1.902159793E-1,-7.739480767E-2,1.773900253E2
1.753870211E2,2.277603230E-2,7.111774175E-4,1.641929615E-3,9.997389913E-1,1.773898332E2,1.899588168E-1,-7.718834198E-2,1.773897011E2
1.753920211E2,2.277669083E-2,7.103170501E-4,1.633143518E-3,9.997389913E-1,1.773897578E2,1.889500684E-1,-7.711258475E-2,1.773896265E2
1.753970211E2,2.277668820E-2,7.119790534E-4,1.632456318E-3,9.997389913E-1,1.773897581E2,1.888756797E-1,-7.730478086E-2,1.773896265E2
1.754020211E2,2.276866818E-2,7.162615075E-4,1.632953645E-3,9.997391701E-1,1.773906773E2,1.889432093E-1,-7.779560369E-2,1.773905449E2
1.754070211E2,2.277429893E-2,7.136601489E-4,1.628549187E-3,9.997390509E-1,1.773900319E2,1.884322738E-1,-7.750801855E-2,1.773899003E2
1.754120211E2,2.277410646E-2,7.121252129E-4,1.631909283E-3,9.997390509E-1,1.773900540E2,1.888131920E-1,-7.732344058E-2,1.773899224E2
1.754170211E2,2.276053541E-2,7.222871063E-4,1.634201151E-3,9.997393489E-1,1.773916095E2,1.891012115E-1,-7.848418992E-2,1.773914758E2
1.754220211E2,2.276040525E-2,7.219819818E-4,1.636147615E-3,9.997393489E-1,1.773916244E2,1.893233964E-1,-7.844418200E-2,1.773914907E2
1.754270211E2,2.275738398E-2,7.236768724E-4,1.640997361E-3,9.997394085E-1,1.773919707E2,1.898831771E-1,-7.862627592E-2,1.773918363E2
1.754320211E2,2.274924079E-2,7.296266267E-4,1.642333693E-3,9.997395873E-1,1.773929041E2,1.900511423E-1,-7.930595310E-2,1.773927684E2
1.754370211E2,2.274947972E-2,7.306140033E-4,1.638580812E-3,9.997395873E-1,1.773928767E2,1.896237976E-1,-7.942880719E-2,1.773927411E2
1.754420211E2,2.275477917E-2,7.256764220E-4,1.639922615E-3,9.997394681E-1,1.773922693E2,1.897650617E-1,-7.885864511E-2,1.773921345E2
1.754470211E2,2.275166316E-2,7.271661889E-4,1.646147692E-3,9.997395277E-1,1.773926265E2,1.904818586E-1,-7.901367633E-2,1.773924909E2
1.754520211E2,2.274364966E-2,7.340004668E-4,1.645253273E-3,9.997397065E-1,1.773935450E2,1.903965731E-1,-7.980048138E-2,1.773934082E2
1.754570211E2,2.274639095E-2,7.308409549E-4,1.644981210E-3,9.997396469E-1,1.773932308E2,1.903573872E-1,-7.943870921E-2,1.773930946E2
1.754620211E2,2.275725184E-2,7.238721591E-4,1.642742776E-3,9.997394085E-1,1.773919859E2,1.900836345E-1,-7.864412149E-2,1.773918512E2
1.754670211E2,2.275201365E-2,7.271358045E-4,1.641309820E-3,9.997395277E-1,1.773925863E2,1.899275702E-1,-7.902274258E-2,1.773924511E2
1.754720211E2,2.275734380E-2,7.237427635E-4,1.641525421E-3,9.997394085E-1,1.773919753E2,1.899438415E-1,-7.863245500E-2,1.773918408E2
1.754770211E2,2.277072949E-2,7.142710383E-4,1.641551848E-3,9.997391105E-1,1.773904411E2,1.899232031E-1,-7.754474581E-2,1.773903084E2
1.754820211E2,2.275443675E-2,7.270849892E-4,1.644044882E-3,9.997394681E-1,1.773923086E2,1.902409636E-1,-7.900932879E-2,1.773921732E2
1.754870211E2,2.270604494E-2,7.599919336E-4,1.645798911E-3,9.997405410E-1,1.773978553E2,1.905237195E-1,-8.278385449E-2,1.773977134E2
1.754920211E2,2.272723889E-2,7.447126554E-4,1.649897196E-3,9.997400641E-1,1.773954260E2,1.909551840E-1,-8.101871953E-2,1.773952867E2
1.754970211E2,2.277538931E-2,7.114053005E-4,1.650726423E-3,9.997389913E-1,1.773899069E2,1.909671424E-1,-7.719161111E-2,1.773897741E2
1.755020211E2,2.277777665E-2,7.107261335E-4,1.654173713E-3,9.997389317E-1,1.773896333E2,1.913604825E-1,-7.710435018E-2,1.773895003E2
1.755070211E2,2.274801425E-2,7.303623715E-4,1.658912166E-3,9.997395873E-1,1.773930447E2,1.919522286E-1,-7.934725655E-2,1.773929075E2
1.755120211E2,2.275373129E-2,7.266807370E-4,1.653957414E-3,9.997394681E-1,1.773923894E2,1.913754544E-1,-7.893730401E-2,1.773922533E2
1.755170211E2,2.275931255E-2,7.233432843E-4,1.650681952E-3,9.997393489E-1,1.773917497E2,1.909919458E-1,-7.856243419E-2,1.773916145E2
1.755220211E2,2.275313649E-2,7.267090841E-4,1.662107534E-3,9.997394681E-1,1.773924576E2,1.923091765E-1,-7.891941427E-2,1.773923209E2
1.755270211E2,2.277446486E-2,7.126535638E-4,1.662897645E-3,9.997389913E-1,1.773900129E2,1.923646896E-1,-7.730302520E-2,1.773898789E2
1.755320211E2,2.278842889E-2,7.029950502E-4,1.654856722E-3,9.997386932E-1,1.773884123E2,1.914193592E-1,-7.621484182E-2,1.773882808E2
1.755370211E2,2.275633838E-2,7.255221717E-4,1.654625987E-3,9.997394085E-1,1.773920906E2,1.914492318E-1,-7.880233417E-2,1.773919547E2
1.755420211E2,2.273681772E-2,7.377451402E-4,1.665445976E-3,9.997398257E-1,1.773943281E2,1.927191059E-1,-8.017816511E-2,1.773941889E2
1.755470211E2,2.276635659E-2,7.173645427E-4,1.664396143E-3,9.997391701E-1,1.773909423E2,1.925480257E-1,-7.784037363E-2,1.773908072E2
1.755520211E2,2.279047221E-2,7.015513838E-4,1.663317322E-3,9.997386336E-1,1.773881781E2,1.923850076E-1,-7.602696496E-2,1.773880462E2
1.755570211E2,2.277697298E-2,7.095784531E-4,1.665692660E-3,9.997389317E-1,1.773897254E2,1.926770588E-1,-7.694295721E-2,1.773895918E2
1.755620211E2,2.276108198E-2,7.210658514E-4,1.663332107E-3,9.997392893E-1,1.773915469E2,1.924353722E-1,-7.826819324E-2,1.773914111E2
1.755670211E2,2.276141971E-2,7.216891972E-4,1.658433001E-3,9.997392893E-1,1.773915082E2,1.918757728E-1,-7.835231867E-2,1.773913727E2
1.755720211E2,2.275905731E-2,7.230448537E-4,1.654327847E-3,9.997393489E-1,1.773917789E2,1.914088287E-1,-7.851878522E-2,1.773916435E2
1.755770211E2,2.276946971E-2,7.161541143E-4,1.658122288E-3,9.997391105E-1,1.773905855E2,1.918263636E-1,-7.771747585E-2,1.773904511E2
1.755820211E2,2.277772005E-2,7.096547051E-4,1.655412721E-3,9.997389317E-1,1.773896398E2,1.914996244E-1,-7.697838222E-2,1.773895069E2
1.755870211E2,2.277512804E-2,7.116453489E-4,1.654224005E-3,9.997389913E-1,1.773899369E2,1.913684391E-1,-7.721003277E-2,1.773898037E2
1.755920211E2,2.276141893E-2,7.215377991E-4,1.658509602E-3,9.997392893E-1,1.773915083E2,1.918841534E-1,-7.833477458E-2,1.773913728E2
1.755970211E2,2.276097661E-2,7.210866897E-4,1.664764248E-3,9.997392893E-1,1.773915589E2,1.925994874E-1,-7.826686526E-2,1.773914231E2
1.756020211E2,2.276901868E-2,7.153840852E-4,1.664635376E-3,9.997391105E-1,1.773906372E2,1.925704720E-1,-7.761235209E-2,1.773905024E2
1.756070211E2,2.277790228E-2,7.101136143E-4,1.652706182E-3,9.997389317E-1,1.773896189E2,1.911907697E-1,-7.703798559E-2,1.773894861E2
1.756120211E2,2.276391567E-2,7.186856819E-4,1.661407528E-3,9.997392297E-1,1.773912221E2,1.922089006E-1,-7.799999211E-2,1.773910870E2
1.756170211E2,2.275552956E-2,7.244228036E-4,1.666190918E-3,9.997394085E-1,1.773921833E2,1.927712039E-1,-7.864638529E-2,1.773920467E2
1.756220211E2,2.275356279E-2,7.273235824E-4,1.655991655E-3,9.997394681E-1,1.773924087E2,1.916101645E-1,-7.900567747E-2,1.773922724E2
1.756270211E2,2.276196793E-2,7.214655052E-4,1.650989405E-3,9.997392893E-1,1.773914453E2,1.910224783E-1,-7.834600329E-2,1.773913105E2
1.756320211E2,2.276656647E-2,7.169396849E-4,1.661706250E-3,9.997391701E-1,1.773909182E2,1.922387738E-1,-7.779867869E-2,1.773907834E2
1.756370211E2,2.276420121E-2,7.185277645E-4,1.657558954E-3,9.997392297E-1,1.773911893E2,1.917676101E-1,-7.799188579E-2,1.773910546E2
1.756420211E2,2.275957985E-2,7.220445550E-4,1.647562138E-3,9.997393489E-1,1.773917190E2,1.906311666E-1,-7.842173552E-2,1.773915844E2
1.756470211E2,2.275929175E-2,7.219702238E-4,1.651569619E-3,9.997393489E-1,1.773917521E2,1.910900556E-1,-7.840282278E-2,1.773916171E2
1.756520211E2,2.276644161E-2,7.176451036E-4,1.663111732E-3,9.997391701E-1,1.773909325E2,1.924016197E-1,-7.787584979E-2,1.773907975E2
1.756570211E2,2.276447740E-2,7.185860886E-4,1.653736224E-3,9.997392297E-1,1.773911577E2,1.913298439E-1,-7.800848709E-2,1.773910232E2
1.756620211E2,2.276507876E-2,7.183102425E-4,1.645557699E-3,9.997392297E-1,1.773910888E2,1.903922221E-1,-7.799810693E-2,1.773909550E2
1.756670211E2,2.277006909E-2,7.153758779E-4,1.650208491E-3,9.997391105E-1,1.773905168E2,1.909177581E-1,-7.764885498E-2,1.773903832E2
1.756720211E2,2.276184758E-2,7.202601410E-4,1.653173473E-3,9.997392893E-1,1.773914591E2,1.912695358E-1,-7.820224063E-2,1.773913243E2
1.756770211E2,2.276024612E-2,7.227016613E-4,1.638042391E-3,9.997393489E-1,1.773916427E2,1.895423307E-1,-7.852171778E-2,1.773915086E2
1.756820211E2,2.277101749E-2,7.153034094E-4,1.637101290E-3,9.997391105E-1,1.773904081E2,1.894160545E-1,-7.767457504E-2,1.773902755E2
1.756870211E2,2.277055660E-2,7.152694743E-4,1.643514144E-3,9.997391105E-1,1.773904609E2,1.901506001E-1,-7.765404067E-2,1.773903278E2
1.756920211E2,2.275447787E-2,7.258065743E-4,1.644040574E-3,9.997394681E-1,1.773923038E2,1.902371395E-1,-7.886287475E-2,1.773921687E2
1.756970211E2,2.274483508E-2,7.323420141E-4,1.629529754E-3,9.997397065E-1,1.773934091E2,1.885910244E-1,-7.965124378E-2,1.773932739E2
1.757020211E2,2.275814867E-2,7.232463686E-4,1.630548970E-3,9.997394085E-1,1.773918831E2,1.886851246E-1,-7.860406112E-2,1.773917495E2
1.757070211E2,2.276574177E-2,7.194756181E-4,1.635847497E-3,9.997392297E-1,1.773910128E2,1.892828934E-1,-7.815682104E-2,1.773908795E2
1.757120211E2,2.276065742E-2,7.222243003E-4,1.632528729E-3,9.997393489E-1,1.773915955E2,1.889094610E-1,-7.848133387E-2,1.773914620E2
1.757170211E2,2.276087059E-2,7.215400110E-4,1.629857114E-3,9.997393489E-1,1.773915711E2,1.886016269E-1,-7.840986871E-2,1.773914379E2
1.757220211E2,2.276845923E-2,7.160836831E-4,1.635942259E-3,9.997391701E-1,1.773907013E2,1.892851108E-1,-7.776747338E-2,1.773905687E2
1.757270211E2,2.276545144E-2,7.191151963E-4,1.640041126E-3,9.997392297E-1,1.773910460E2,1.897623612E-1,-7.810464485E-2,1.773909125E2
1.757320211E2,2.276071495E-2,7.214444922E-4,1.632071333E-3,9.997393489E-1,1.773915889E2,1.888550311E-1,-7.839317988E-2,1.773914556E2
1.757370211E2,2.276882084E-2,7.167598815E-4,1.630604733E-3,9.997391701E-1,1.773906598E2,1.886754254E-1,-7.785879832E-2,1.773905275E2
1.757420211E2,2.277648915E-2,7.111215964E-4,1.635604305E-3,9.997389913E-1,1.773897809E2,1.892340658E-1,-7.719837008E-2,1.773896492E2
1.757470211E2,2.276846452E-2,7.169884630E-4,1.635472290E-3,9.997391701E-1,1.773907007E2,1.892336317E-1,-7.787235177E-2,1.773905679E2
1.757520211E2,2.276580620E-2,7.190745091E-4,1.635127002E-3,9.997392297E-1,1.773910054E2,1.891993105E-1,-7.811273681E-2,1.773908722E2
1.757570211E2,2.277056953E-2,7.158551016E-4,1.643080031E-3,9.997391105E-1,1.773904594E2,1.901023965E-1,-7.772226147E-2,1.773903263E2
1.757620211E2,2.276481280E-2,7.187213050E-4,1.649053884E-3,9.997392297E-1,1.773911192E2,1.907938041E-1,-7.803612879E-2,1.773909851E2
1.757670211E2,2.276244041E-2,7.199194515E-4,1.645139768E-3,9.997392893E-1,1.773913912E2,1.903483353E-1,-7.818405333E-2,1.773912571E2
1.757720211E2,2.276544991E-2,7.185642608E-4,1.640303759E-3,9.997392297E-1,1.773910462E2,1.897910115E-1,-7.804084384E-2,1.773909128E2
1.757770211E2,2.276511289E-2,7.195272483E-4,1.644553500E-3,9.997392297E-1,1.773910848E2,1.902803569E-1,-7.814014249E-2,1.773909509E2
1.757820211E2,2.276262771E-2,7.212313358E-4,1.641970593E-3,9.997392893E-1,1.773913697E2,1.899887051E-1,-7.834257633E-2,1.773912356E2
1.757870211E2,2.276550238E-2,7.191376644E-4,1.639324008E-3,9.997392297E-1,1.773910402E2,1.896802693E-1,-7.810908004E-2,1.773909067E2
1.757920211E2,2.276581880E-2,7.191891200E-4,1.634901273E-3,9.997392297E-1,1.773910039E2,1.891737505E-1,-7.812645335E-2,1.773908708E2
1.757970211E2,2.275762381E-2,7.240686100E-4,1.637494774E-3,9.997394085E-1,1.773919433E2,1.894829539E-1,-7.868024315E-2,1.773918090E2
1.758020211E2,2.275446975E-2,7.259612903E-4,1.644084696E-3,9.997394681E-1,1.773923048E2,1.902425970E-1,-7.888048578E-2,1.773921696E2
1.758070211E2,2.275214360E-2,7.286948385E-4,1.638815040E-3,9.997395277E-1,1.773925714E2,1.896458384E-1,-7.920782831E-2,1.773924361E2
1.758120211E2,2.274944603E-2,7.305227336E-4,1.639089081E-3,9.997395873E-1,1.773928806E2,1.896817854E-1,-7.941703249E-2,1.773927449E2
1.758170211E2,2.275739161E-2,7.234908990E-4,1.640973496E-3,9.997394085E-1,1.773919699E2,1.898799586E-1,-7.860503126E-2,1.773918354E2
1.758220211E2,2.276008030E-2,7.219293038E-4,1.640684903E-3,9.997393489E-1,1.773916617E2,1.898430347E-1,-7.842637427E-2,1.773915276E2
1.758270211E2,2.275507125E-2,7.251862553E-4,1.636082190E-3,9.997394681E-1,1.773922358E2,1.893238392E-1,-7.881244991E-2,1.773921014E2
1.758320211E2,2.275515519E-2,7.250102353E-4,1.634992426E-3,9.997394681E-1,1.773922262E2,1.891985411E-1,-7.879511062E-2,1.773920919E2
1.758370211E2,2.276829945E-2,7.164364215E-4,1.638010261E-3,9.997391701E-1,1.773907196E2,1.895229335E-1,-7.780251814E-2,1.773905867E2
1.758420211E2,2.275775804E-2,7.235213998E-4,1.635870314E-3,9.997394085E-1,1.773919279E2,1.892954357E-1,-7.862176492E-2,1.773917938E2
1.758470211E2,2.275002500E-2,7.295624237E-4,1.631463296E-3,9.997395873E-1,1.773928142E2,1.888057012E-1,-7.932678902E-2,1.773926794E2
1.758520211E2,2.276348267E-2,7.207802264E-4,1.630274463E-3,9.997392893E-1,1.773912717E2,1.886476619E-1,-7.832124499E-2,1.773911386E2
1.758570211E2,2.276083420E-2,7.217228995E-4,1.630284241E-3,9.997393489E-1,1.773915753E2,1.886510338E-1,-7.842971350E-2,1.773914420E2
1.758620211E2,2.275034582E-2,7.285912288E-4,1.627418562E-3,9.997395873E-1,1.773927775E2,1.883398210E-1,-7.922601181E-2,1.773926431E2
1.758670211E2,2.275315239E-2,7.272466319E-4,1.625397825E-3,9.997395277E-1,1.773924558E2,1.881050372E-1,-7.907671268E-2,1.773923218E2
1.758720211E2,2.276124792E-2,7.214942016E-4,1.624599448E-3,9.997393489E-1,1.773915279E2,1.879992078E-1,-7.841826353E-2,1.773913951E2
1.758770211E2,2.275052473E-2,7.294502575E-4,1.624530065E-3,9.997395873E-1,1.773927570E2,1.880111627E-1,-7.933192071E-2,1.773926227E2
1.758820211E2,2.274260012E-2,7.339532021E-4,1.623418881E-3,9.997397661E-1,1.773936653E2,1.878949712E-1,-7.985217242E-2,1.773935302E2
1.758870211E2,2.275037192E-2,7.289948408E-4,1.626872807E-3,9.997395873E-1,1.773927745E2,1.882783526E-1,-7.927366825E-2,1.773926401E2
1.758920211E2,2.275322449E-2,7.273324300E-4,1.624349854E-3,9.997395277E-1,1.773924475E2,1.879852089E-1,-7.908926084E-2,1.773923136E2
1.758970211E2,2.273982742E-2,7.371676038E-4,1.624097000E-3,9.997398257E-1,1.773939831E2,1.879808139E-1,-8.021917402E-2,1.773938474E2
1.759020211E2,2.274290680E-2,7.352060056E-4,1.618548413E-3,9.997397661E-1,1.773936301E2,1.873402899E-1,-8.000833201E-2,1.773934952E2
1.759070211E2,2.274535111E-2,7.337640855E-4,1.621668227E-3,9.997397065E-1,1.773933500E2,1.876941393E-1,-7.983455304E-2,1.773932151E2
1.759120211E2,2.274254837E-2,7.356320857E-4,1.623383956E-3,9.997397661E-1,1.773936712E2,1.878953420E-1,-8.004460907E-2,1.773935358E2
1.759170211E2,2.274284243E-2,7.354646223E-4,1.619335264E-3,9.997397661E-1,1.773936375E2,1.874311022E-1,-8.003592091E-2,1.773935025E2
1.759220211E2,2.274506741E-2,7.333428366E-4,1.625832519E-3,9.997397065E-1,1.773933825E2,1.881700888E-1,-7.977549292E-2,1.773932473E2
1.759270211E2,2.273665446E-2,7.379029994E-4,1.631478779E-3,9.997398853E-1,1.773943468E2,1.888281482E-1,-8.028478514E-2,1.773942103E2
1.759320211E2,2.273720583E-2,7.389005623E-4,1.623322838E-3,9.997398853E-1,1.773942836E2,1.878964298E-1,-8.042021499E-2,1.773941476E2
1.759370211E2,2.273725328E-2,7.382658659E-4,1.622946933E-3,9.997398853E-1,1.773942781E2,1.878517152E-1,-8.034847359E-2,1.773941423E2
1.759420211E2,2.274192770E-2,7.353089750E-4,1.632201485E-3,9.997397661E-1,1.773937424E2,1.889046053E-1,-7.998472958E-2,1.773936063E2
1.759470211E2,2.274467830E-2,7.332235109E-4,1.631320687E-3,9.997397065E-1,1.773934271E2,1.887984830E-1,-7.974759115E-2,1.773932915E2
1.759520211E2,2.274483554E-2,7.337512798E-4,1.628889237E-3,9.997397065E-1,1.773934091E2,1.885213191E-1,-7.981436119E-2,1.773932736E2
1.759570211E2,2.273670701E-2,7.395041757E-4,1.630020794E-3,9.997398853E-1,1.773943408E2,1.886652949E-1,-8.047200776E-2,1.773942041E2
1.759620211E2,2.274221990E-2,7.355060661E-4,1.628036029E-3,9.997397661E-1,1.773937089E2,1.884279387E-1,-8.001810952E-2,1.773935731E2
1.759670211E2,2.274511393E-2,7.322845631E-4,1.625658828E-3,9.997397065E-1,1.773933772E2,1.881474353E-1,-7.965469920E-2,1.773932422E2
1.759720211E2,2.274262586E-2,7.345712511E-4,1.622778713E-3,9.997397661E-1,1.773936623E2,1.878232452E-1,-7.992464082E-2,1.773935272E2
1.759770211E2,2.273481032E-2,7.400752511E-4,1.619626535E-3,9.997399449E-1,1.773945582E2,1.874758414E-1,-8.056486988E-2,1.773944222E2
1.759820211E2,2.274570381E-2,7.319489378E-4,1.617536298E-3,9.997397065E-1,1.773933095E2,1.872160730E-1,-7.963731057E-2,1.773931753E2
1.759870211E2,2.275675788E-2,7.256442332E-4,1.612246502E-3,9.997394681E-1,1.773920425E2,1.865944998E-1,-7.892675762E-2,1.773919099E2
1.759920211E2,2.274614218E-2,7.319813594E-4,1.611345448E-3,9.997397065E-1,1.773932593E2,1.865069553E-1,-7.965708017E-2,1.773931256E2
1.759970211E2,2.275395621E-2,7.279177080E-4,1.613803557E-3,9.997395277E-1,1.773923636E2,1.867785869E-1,-7.918367372E-2,1.773922305E2
1.760020211E2,2.276179515E-2,7.214195211E-4,1.616947586E-3,9.997393489E-1,1.773914651E2,1.871224425E-1,-7.842956457E-2,1.773913330E2
1.760070211E2,2.275911116E-2,7.233618526E-4,1.617007307E-3,9.997394085E-1,1.773917728E2,1.871341400E-1,-7.865242806E-2,1.773916402E2
1.760120211E2,2.274830385E-2,7.301553851E-4,1.618622220E-3,9.997396469E-1,1.773930115E2,1.873360096E-1,-7.942852021E-2,1.773928776E2
1.760170211E2,2.276434812E-2,7.202157867E-4,1.618396258E-3,9.997392893E-1,1.773911725E2,1.872854651E-1,-7.828740563E-2,1.773910405E2
1.760220211E2,2.277529814E-2,7.123216055E-4,1.615106128E-3,9.997390509E-1,1.773899174E2,1.868887927E-1,-7.738957069E-2,1.773897871E2
1.760270211E2,2.276993805E-2,7.168216980E-4,1.614901470E-3,9.997391701E-1,1.773905318E2,1.868766754E-1,-7.790664504E-2,1.773904007E2
1.760320211E2,2.276710863E-2,7.181851543E-4,1.617286471E-3,9.997392297E-1,1.773908561E2,1.871532432E-1,-7.805715123E-2,1.773907245E2
1.760370211E2,2.276740058E-2,7.181612309E-4,1.613181899E-3,9.997392297E-1,1.773908226E2,1.866829753E-1,-7.806506506E-2,1.773906914E2
1.760420211E2,2.276231665E-2,7.214193465E-4,1.609589672E-3,9.997393489E-1,1.773914054E2,1.862795449E-1,-7.844864012E-2,1.773912738E2
1.760470211E2,2.276259354E-2,7.216425147E-4,1.605568919E-3,9.997393489E-1,1.773913736E2,1.858195230E-1,-7.848464334E-2,1.773912423E2
1.760520211E2,2.276507634E-2,7.190575707E-4,1.608638559E-3,9.997392893E-1,1.773910890E2,1.861646378E-1,-7.818003807E-2,1.773909580E2
1.760570211E2,2.276776391E-2,7.169450982E-4,1.608588500E-3,9.997392297E-1,1.773907810E2,1.861536009E-1,-7.793765973E-2,1.773906503E2
1.760620211E2,2.276764914E-2,7.187736337E-4,1.609396655E-3,9.997392297E-1,1.773907941E2,1.862509473E-1,-7.814505271E-2,1.773906631E2
1.760670211E2,2.277057072E-2,7.158869412E-4,1.606372884E-3,9.997391701E-1,1.773904593E2,1.858972327E-1,-7.782169435E-2,1.773903290E2
1.760720211E2,2.276326547E-2,7.208930328E-4,1.596352900E-3,9.997393489E-1,1.773912966E2,1.847618140E-1,-7.842269753E-2,1.773911662E2
1.760770211E2,2.276232074E-2,7.218146347E-4,1.609354629E-3,9.997393489E-1,1.773914049E2,1.862536494E-1,-7.849453737E-2,1.773912732E2
1.760820211E2,2.276775416E-2,7.185284048E-4,1.608019928E-3,9.997392297E-1,1.773907821E2,1.860925948E-1,-7.812053136E-2,1.773906512E2
1.760870211E2,2.276300687E-2,7.212648052E-4,1.599868527E-3,9.997393489E-1,1.773913262E2,1.851655211E-1,-7.845616540E-2,1.773911954E2
1.760920211E2,2.276330903E-2,7.204877911E-4,1.595914597E-3,9.997393489E-1,1.773912916E2,1.847105472E-1,-7.837740765E-2,1.773911613E2
1.760970211E2,2.276027272E-2,7.229436887E-4,1.600763644E-3,9.997394085E-1,1.773916396E2,1.852722325E-1,-7.864667293E-2,1.773915084E2
1.761020211E2,2.276288495E-2,7.214380312E-4,1.601524302E-3,9.997393489E-1,1.773913402E2,1.853556526E-1,-7.847171385E-2,1.773912093E2
1.761070211E2,2.276022538E-2,7.239704137E-4,1.600972726E-3,9.997394085E-1,1.773916451E2,1.852988599E-1,-7.876375976E-2,1.773915137E2
1.761120211E2,2.275526271E-2,7.274508243E-4,1.595488517E-3,9.997395277E-1,1.773922139E2,1.846792630E-1,-7.917770270E-2,1.773920823E2
1.761170211E2,2.275501059E-2,7.274452364E-4,1.599082840E-3,9.997395277E-1,1.773922428E2,1.850910018E-1,-7.916773631E-2,1.773921109E2
1.761220211E2,2.275993781E-2,7.239485858E-4,1.605065539E-3,9.997394085E-1,1.773916780E2,1.857676616E-1,-7.875063741E-2,1.773915463E2
1.761270211E2,2.275461248E-2,7.263334119E-4,1.605241443E-3,9.997395277E-1,1.773922884E2,1.857936133E-1,-7.902437812E-2,1.773921562E2
1.761320211E2,2.275460501E-2,7.277089753E-4,1.604724210E-3,9.997395277E-1,1.773922893E2,1.857379447E-1,-7.918331523E-2,1.773921569E2
1.761370211E2,2.275714349E-2,7.245191373E-4,1.607302111E-3,9.997394681E-1,1.773919983E2,1.860251559E-1,-7.881068724E-2,1.773918663E2
1.761420211E2,2.275424244E-2,7.272485527E-4,1.610065228E-3,9.997395277E-1,1.773923308E2,1.863485937E-1,-7.911670863E-2,1.773921981E2
1.761470211E2,2.274694282E-2,7.318195421E-4,1.600077259E-3,9.997397065E-1,1.773931675E2,1.852156895E-1,-7.966776602E-2,1.773930347E2
1.761520211E2,2.276823477E-2,7.170951576E-4,1.601842814E-3,9.997392297E-1,1.773907270E2,1.853812294E-1,-7.797236383E-2,1.773905969E2
1.761570211E2,2.277049936E-2,7.166582509E-4,1.607040293E-3,9.997391701E-1,1.773904674E2,1.859756998E-1,-7.790832861E-2,1.773903370E2
1.761620211E2,2.274376764E-2,7.335457485E-4,1.607165439E-3,9.997397661E-1,1.773935315E2,1.860319732E-1,-7.984763706E-2,1.773933978E2
1.761670211E2,2.274627782E-2,7.333057583E-4,1.608826453E-3,9.997397065E-1,1.773932437E2,1.862218373E-1,-7.981534655E-2,1.773931100E2
1.761720211E2,2.275148764E-2,7.287463523E-4,1.611306914E-3,9.997395873E-1,1.773926466E2,1.864945314E-1,-7.928557527E-2,1.773925135E2
1.761770211E2,2.274373376E-2,7.347175269E-4,1.607109560E-3,9.997397661E-1,1.773935353E2,1.860286232E-1,-7.998203004E-2,1.773934014E2
1.761820211E2,2.275454900E-2,7.266011089E-4,1.606020029E-3,9.997395277E-1,1.773922957E2,1.858835029E-1,-7.905302751E-2,1.773921634E2
1.761870211E2,2.275955120E-2,7.234353106E-4,1.610768959E-3,9.997394085E-1,1.773917223E2,1.864196880E-1,-7.867703196E-2,1.773915903E2
1.761920211E2,2.274342293E-2,7.339860313E-4,1.611835673E-3,9.997397661E-1,1.773935710E2,1.865681253E-1,-7.988596855E-2,1.773934368E2
1.761970211E2,2.274340037E-2,7.340910961E-4,1.612106222E-3,9.997397661E-1,1.773935736E2,1.865993920E-1,-7.989730404E-2,1.773934394E2
1.762020211E2,2.275388292E-2,7.269748603E-4,1.615261310E-3,9.997395277E-1,1.773923720E2,1.869431256E-1,-7.907187197E-2,1.773922389E2
1.762070211E2,2.275082373E-2,7.291454822E-4,1.620474504E-3,9.997395873E-1,1.773927227E2,1.875457781E-1,-7.930752250E-2,1.773925888E2
1.762120211E2,2.275049527E-2,7.294266834E-4,1.624953235E-3,9.997395873E-1,1.773927603E2,1.880595781E-1,-7.932812229E-2,1.773926260E2
1.762170211E2,2.276657830E-2,7.190860342E-4,1.624336350E-3,9.997392297E-1,1.773909169E2,1.879632013E-1,-7.814206378E-2,1.773907846E2
1.762220211E2,2.276135697E-2,7.224439178E-4,1.622648444E-3,9.997393489E-1,1.773915154E2,1.877781827E-1,-7.853213315E-2,1.773913825E2
1.762270211E2,2.275610208E-2,7.259593112E-4,1.621335512E-3,9.997394681E-1,1.773921177E2,1.876365260E-1,-7.893927365E-2,1.773919843E2
1.762320211E2,2.276919998E-2,7.167102885E-4,1.625323785E-3,9.997391701E-1,1.773906164E2,1.880703291E-1,-7.786682486E-2,1.773904845E2
1.762370211E2,2.277433089E-2,7.131044986E-4,1.628345693E-3,9.997390509E-1,1.773900283E2,1.884075133E-1,-7.744488737E-2,1.773898968E2
1.762420211E2,2.275585181E-2,7.258804981E-4,1.624879544E-3,9.997394681E-1,1.773921464E2,1.880423124E-1,-7.892104964E-2,1.773920127E2
1.762470211E2,2.276410260E-2,7.198365056E-4,1.622014330E-3,9.997392893E-1,1.773912006E2,1.876989502E-1,-7.823456202E-2,1.773910684E2
1.762520211E2,2.276645114E-2,7.180448156E-4,1.626577578E-3,9.997392297E-1,1.773909315E2,1.882172343E-1,-7.801695657E-2,1.773907992E2
1.762570211E2,2.275321173E-2,7.266825414E-4,1.624819357E-3,9.997395277E-1,1.773924490E2,1.880373004E-1,-7.901358665E-2,1.773923152E2
1.762620211E2,2.275099822E-2,7.298386772E-4,1.617710339E-3,9.997395873E-1,1.773927027E2,1.872309308E-1,-7.939411018E-2,1.773925689E2
1.762670211E2,2.276433538E-2,7.198067033E-4,1.618757378E-3,9.997392893E-1,1.773911740E2,1.873257675E-1,-7.823960064E-2,1.773910420E2
1.762720211E2,2.275614430E-2,7.259846898E-4,1.620731549E-3,9.997394681E-1,1.773921128E2,1.875674042E-1,-7.894374815E-2,1.773919795E2
1.762770211E2,2.274871401E-2,7.299859426E-4,1.612924156E-3,9.997396469E-1,1.773929645E2,1.866828180E-1,-7.942388628E-2,1.773928310E2
1.762820211E2,2.275945764E-2,7.227323367E-4,1.612405642E-3,9.997394085E-1,1.773917331E2,1.866053488E-1,-7.859224673E-2,1.773916010E2
1.762870211E2,2.276210520E-2,7.220910047E-4,1.612276537E-3,9.997393489E-1,1.773914296E2,1.865890934E-1,-7.851861721E-2,1.773912977E2
1.762920211E2,2.274643075E-2,7.321528974E-4,1.607188606E-3,9.997397065E-1,1.773932262E2,1.860312088E-1,-7.968751361E-2,1.773930928E2
1.762970211E2,2.274703270E-2,7.327881176E-4,1.598355244E-3,9.997397065E-1,1.773931572E2,1.850209440E-1,-7.978319997E-2,1.773930244E2
1.763020211E2,2.275207744E-2,7.290931535E-4,1.602799632E-3,9.997395873E-1,1.773925790E2,1.855208701E-1,-7.934737673E-2,1.773924465E2
1.763070211E2,2.274621431E-2,7.328848005E-4,1.609915867E-3,9.997397065E-1,1.773932510E2,1.863455405E-1,-7.976429297E-2,1.773931172E2
1.763120211E2,2.273843595E-2,7.387376390E-4,1.606075093E-3,9.997398853E-1,1.773941426E2,1.859201652E-1,-8.044626270E-2,1.773940080E2
1.763170211E2,2.274371479E-2,7.342167082E-4,1.607606886E-3,9.997397661E-1,1.773935375E2,1.860842910E-1,-7.992336266E-2,1.773934037E2
1.763220211E2,2.274363306E-2,7.341681048E-4,1.608784893E-3,9.997397661E-1,1.773935469E2,1.862191128E-1,-7.991473946E-2,1.773934129E2
1.763270211E2,2.274080047E-2,7.365200436E-4,1.610711217E-3,9.997398257E-1,1.773938716E2,1.864457001E-1,-8.017968933E-2,1.773937370E2
1.763320211E2,2.274607499E-2,7.331977249E-4,1.611740794E-3,9.997397065E-1,1.773932670E2,1.865554127E-1,-7.979541117E-2,1.773931330E2
1.763370211E2,2.274846764E-2,7.305110921E-4,1.616157941E-3,9.997396469E-1,1.773929927E2,1.870546368E-1,-7.947566412E-2,1.773928589E2
1.763420211E2,2.274563127E-2,7.329559303E-4,1.618100330E-3,9.997397065E-1,1.773933179E2,1.872833090E-1,-7.975121681E-2,1.773931834E2
1.763470211E2,2.274289466E-2,7.350145606E-4,1.618805923E-3,9.997397661E-1,1.773936315E2,1.873692909E-1,-7.998573086E-2,1.773934966E2
1.763520211E2,2.273790448E-2,7.377677830E-4,1.614025561E-3,9.997398853E-1,1.773942035E2,1.868284178E-1,-8.031453646E-2,1.773940685E2
1.763570211E2,2.274021725E-2,7.360544987E-4,1.619135961E-3,9.997398257E-1,1.773939384E2,1.874095968E-1,-8.010450976E-2,1.773938033E2
1.763620211E2,2.274034355E-2,7.359538577E-4,1.617406961E-3,9.997398257E-1,1.773939239E2,1.872112666E-1,-8.009746222E-2,1.773937890E2
1.763670211E2,2.273776049E-2,7.378761657E-4,1.616003341E-3,9.997398853E-1,1.773942200E2,1.870552675E-1,-8.032182640E-2,1.773940848E2
1.763720211E2,2.274038909E-2,7.370387902E-4,1.616272260E-3,9.997398257E-1,1.773939187E2,1.870841042E-1,-8.022470254E-2,1.773937836E2
1.763770211E2,2.274292522E-2,7.355227135E-4,1.618145616E-3,9.997397661E-1,1.773936280E2,1.872949716E-1,-8.004566099E-2,1.773934931E2
1.763820211E2,2.273480083E-2,7.398105809E-4,1.619880553E-3,9.997399449E-1,1.773945592E2,1.875042519E-1,-8.053388875E-2,1.773944233E2
1.763870211E2,2.273738084E-2,7.383542252E-4,1.621118630E-3,9.997398853E-1,1.773942635E2,1.876425013E-1,-8.036333613E-2,1.773941278E2
1.763920211E2,2.273483592E-2,7.411190309E-4,1.618789625E-3,9.997399449E-1,1.773945552E2,1.873826850E-1,-8.068662283E-2,1.773944192E2
1.763970211E2,2.272938579E-2,7.437474560E-4,1.620495692E-3,9.997400641E-1,1.773951799E2,1.875845429E-1,-8.098431767E-2,1.773950432E2
1.764020211E2,2.273484858E-2,7.402159972E-4,1.619025017E-3,9.997399449E-1,1.773945538E2,1.874073000E-1,-8.058255400E-2,1.773944179E2
1.764070211E2,2.273782357E-2,7.389757666E-4,1.614612644E-3,9.997398853E-1,1.773942128E2,1.868988167E-1,-8.045141060E-2,1.773940775E2
1.764120211E2,2.273558323E-2,7.403694908E-4,1.608604915E-3,9.997399449E-1,1.773944696E2,1.862140096E-1,-8.062714980E-2,1.773943345E2
1.764170211E2,2.273008856E-2,7.436421001E-4,1.610656851E-3,9.997400641E-1,1.773950994E2,1.864571662E-1,-8.099774443E-2,1.773949635E2
1.764220211E2,2.273242075E-2,7.412222913E-4,1.615846413E-3,9.997400045E-1,1.773948321E2,1.870455783E-1,-8.070657251E-2,1.773946962E2
1.764270211E2,2.272746010E-2,7.448584074E-4,1.610189443E-3,9.997401237E-1,1.773954007E2,1.864065742E-1,-8.113879441E-2,1.773952646E2
1.764320211E2,2.271716986E-2,7.524813409E-4,1.603813842E-3,9.997403622E-1,1.773965801E2,1.856951831E-1,-8.203060833E-2,1.773964431E2
1.764370211E2,2.272768264E-2,7.456699968E-4,1.606668928E-3,9.997401237E-1,1.773953751E2,1.860053883E-1,-8.124089941E-2,1.773952392E2
1.764420211E2,2.273026196E-2,7.434377330E-4,1.608302468E-3,9.997400641E-1,1.773950795E2,1.861869246E-1,-8.098043220E-2,1.773949438E2
1.764470211E2,2.272248013E-2,7.499123458E-4,1.604100456E-3,9.997402430E-1,1.773959715E2,1.857217638E-1,-8.173456683E-2,1.773958349E2
1.764520211E2,2.272234215E-2,7.490154239E-4,1.606472302E-3,9.997402430E-1,1.773959873E2,1.859911407E-1,-8.162566332E-2,1.773958507E2
1.764570211E2,2.272206194E-2,7.492927834E-4,1.610301784E-3,9.997402430E-1,1.773960194E2,1.864305540E-1,-8.164751869E-2,1.773958825E2
1.764620211E2,2.270586631E-2,7.599542150E-4,1.611721003E-3,9.997406006E-1,1.773978758E2,1.866195646E-1,-8.286823968E-2,1.773977367E2
1.764670211E2,2.270618448E-2,7.598980446E-4,1.607259037E-3,9.997406006E-1,1.773978393E2,1.861082719E-1,-8.287335569E-2,1.773977006E2
1.764720211E2,2.271415276E-2,7.552032475E-4,1.608106890E-3,9.997404218E-1,1.773969260E2,1.861938425E-1,-8.233182067E-2,1.773967881E2
1.764770211E2,2.270595209E-2,7.595936186E-4,1.610682230E-3,9.997406006E-1,1.773978659E2,1.864996291E-1,-8.282961600E-2,1.773977270E2
1.764820211E2,2.269791032E-2,7.658998948E-4,1.610052539E-3,9.997407794E-1,1.773987877E2,1.864432292E-1,-8.355521311E-2,1.773986476E2
1.764870211E2,2.270362639E-2,7.617642405E-4,1.605436322E-3,9.997406602E-1,1.773981325E2,1.859041015E-1,-8.309236914E-2,1.773979936E2
1.764920211E2,2.271112159E-2,7.570489543E-4,1.612987835E-3,9.997404814E-1,1.773972734E2,1.867575691E-1,-8.253112945E-2,1.773971348E2
1.764970211E2,2.270554126E-2,7.605536375E-4,1.616011839E-3,9.997406006E-1,1.773979130E2,1.871126654E-1,-8.292580654E-2,1.773977735E2
1.765020211E2,2.270298144E-2,7.623585989E-4,1.614250592E-3,9.997406602E-1,1.773982064E2,1.869153770E-1,-8.313764769E-2,1.773980667E2
1.765070211E2,2.271355897E-2,7.555338088E-4,1.616317662E-3,9.997404218E-1,1.773969940E2,1.871352986E-1,-8.234842896E-2,1.773968554E2
1.765120211E2,2.271052403E-2,7.561715320E-4,1.621789066E-3,9.997404814E-1,1.773973419E2,1.877635247E-1,-8.240781606E-2,1.773972027E2
1.765170211E2,2.269740878E-2,7.660101983E-4,1.617055386E-3,9.997407794E-1,1.773988452E2,1.872457363E-1,-8.354972829E-2,1.773987045E2
1.765220211E2,2.270004990E-2,7.639306714E-4,1.617815695E-3,9.997407198E-1,1.773985424E2,1.873276495E-1,-8.330902122E-2,1.773984021E2
1.765270211E2,2.270262436E-2,7.628816529E-4,1.619018381E-3,9.997406602E-1,1.773982474E2,1.874629171E-1,-8.318523229E-2,1.773981071E2
1.765320211E2,2.270818990E-2,7.592826732E-4,1.616267255E-3,9.997405410E-1,1.773976094E2,1.871388382E-1,-8.277904209E-2,1.773974701E2
1.765370211E2,2.270551815E-2,7.604613202E-4,1.616379945E-3,9.997406006E-1,1.773979157E2,1.871545942E-1,-8.291427700E-2,1.773977761E2
1.765420211E2,2.270502235E-2,7.612957852E-4,1.622938318E-3,9.997406006E-1,1.773979725E2,1.879080666E-1,-8.299290316E-2,1.773978322E2
1.765470211E2,2.270465859E-2,7.612641784E-4,1.628034166E-3,9.997406006E-1,1.773980142E2,1.884917460E-1,-8.297609168E-2,1.773978735E2
1.765520211E2,2.271266889E-2,7.548827562E-4,1.629079226E-3,9.997404218E-1,1.773970960E2,1.885955238E-1,-8.224079366E-2,1.773969565E2
1.765570211E2,2.271806691E-2,7.519808714E-4,1.628309721E-3,9.997403026E-1,1.773964773E2,1.885002559E-1,-8.190933343E-2,1.773963384E2
1.765620211E2,2.272084650E-2,7.502356311E-4,1.626926824E-3,9.997402430E-1,1.773961587E2,1.883375112E-1,-8.171247212E-2,1.773960202E2
1.765670211E2,2.271828120E-2,7.510841242E-4,1.625731820E-3,9.997403026E-1,1.773964527E2,1.882026085E-1,-8.181327148E-2,1.773963142E2
1.765720211E2,2.272070795E-2,7.489785785E-4,1.629438950E-3,9.997402430E-1,1.773961746E2,1.886220212E-1,-8.156194702E-2,1.773960361E2
1.765770211E2,2.272336474E-2,7.474293816E-4,1.629672595E-3,9.997401834E-1,1.773958701E2,1.886449703E-1,-8.138335849E-2,1.773957319E2
1.765820211E2,2.272611174E-2,7.451371057E-4,1.628982136E-3,9.997401237E-1,1.773955552E2,1.885601229E-1,-8.112203104E-2,1.773954175E2
1.765870211E2,2.273666103E-2,7.394818240E-4,1.630672254E-3,9.997398853E-1,1.773943460E2,1.887398656E-1,-8.046775835E-2,1.773942093E2
1.765920211E2,2.273124572E-2,7.429038524E-4,1.631528488E-3,9.997400045E-1,1.773949667E2,1.888464370E-1,-8.085858404E-2,1.773948293E2
1.765970211E2,2.272623117E-2,7.462280919E-4,1.626815065E-3,9.997401237E-1,1.773955415E2,1.883147097E-1,-8.125263775E-2,1.773954038E2
1.766020211E2,2.272647180E-2,7.466771640E-4,1.623243559E-3,9.997401237E-1,1.773955139E2,1.879067395E-1,-8.131334059E-2,1.773953764E2
1.766070211E2,2.273696922E-2,7.389251259E-4,1.626622397E-3,9.997398853E-1,1.773943107E2,1.882744795E-1,-8.041447616E-2,1.773941744E2
1.766120211E2,2.273414519E-2,7.403399213E-4,1.628815779E-3,9.997399449E-1,1.773946344E2,1.885292171E-1,-8.057137514E-2,1.773944977E2
1.766170211E2,2.273087533E-2,7.422408671E-4,1.636981498E-3,9.997400045E-1,1.773950092E2,1.894693886E-1,-8.076849662E-2,1.773948714E2
1.766220211E2,2.273881943E-2,7.366432692E-4,1.638385118E-3,9.997398257E-1,1.773940986E2,1.896162443E-1,-8.012206262E-2,1.773939618E2
1.766270211E2,2.274663685E-2,7.312510861E-4,1.641394803E-3,9.997396469E-1,1.773932026E2,1.899476095E-1,-7.949499648E-2,1.773930666E2
1.766320211E2,2.274407867E-2,7.337421412E-4,1.639427617E-3,9.997397065E-1,1.773934958E2,1.897285344E-1,-7.978598954E-2,1.773933595E2
1.766370211E2,2.274693515E-2,7.319808938E-4,1.636929577E-3,9.997396469E-1,1.773931684E2,1.894379899E-1,-7.959018757E-2,1.773930326E2
1.766420211E2,2.275517055E-2,7.253572694E-4,1.634624670E-3,9.997394681E-1,1.773922244E2,1.891573164E-1,-7.883582354E-2,1.773920901E2
1.766470211E2,2.274978991E-2,7.293004310E-4,1.634855173E-3,9.997395873E-1,1.773928412E2,1.891935801E-1,-7.928797621E-2,1.773927061E2
1.766520211E2,2.274498053E-2,7.328261854E-4,1.627280377E-3,9.997397065E-1,1.773933924E2,1.883346047E-1,-7.971254692E-2,1.773932573E2
1.766570211E2,2.275864397E-2,7.242390420E-4,1.623178483E-3,9.997394085E-1,1.773918263E2,1.878433742E-1,-7.873691291E-2,1.773916931E2
1.766620211E2,2.276132744E-2,7.211543270E-4,1.623635995E-3,9.997393489E-1,1.773915187E2,1.878879522E-1,-7.838182502E-2,1.773913861E2
1.766670211E2,2.274819325E-2,7.302987506E-4,1.620111289E-3,9.997396469E-1,1.773930242E2,1.875069654E-1,-7.944108330E-2,1.773928901E2
1.766720211E2,2.274865106E-2,7.306905463E-4,1.613492845E-3,9.997396469E-1,1.773929717E2,1.867498002E-1,-7.950313615E-2,1.773928381E2
1.766770211E2,2.275644237E-2,7.250988274E-4,1.616938505E-3,9.997394681E-1,1.773920787E2,1.871305782E-1,-7.885209791E-2,1.773919458E2
1.766820211E2,2.275885266E-2,7.230756455E-4,1.620769384E-3,9.997394085E-1,1.773918024E2,1.875643647E-1,-7.860987616E-2,1.773916696E2
1.766870211E2,2.275633865E-2,7.261483697E-4,1.617926988E-3,9.997394681E-1,1.773920906E2,1.872465500E-1,-7.896977695E-2,1.773919574E2
1.766920211E2,2.275929173E-2,7.229897892E-4,1.614630455E-3,9.997394085E-1,1.773917521E2,1.868608866E-1,-7.861596924E-2,1.773916198E2
1.766970211E2,2.275904783E-2,7.233097567E-4,1.617921749E-3,9.997394085E-1,1.773917800E2,1.872387596E-1,-7.864408673E-2,1.773916474E2
1.767020211E2,2.275397651E-2,7.273872616E-4,1.613756642E-3,9.997395277E-1,1.773923613E2,1.867718305E-1,-7.912302338E-2,1.773922283E2
1.767070211E2,2.275447635E-2,7.277890691E-4,1.606511301E-3,9.997395277E-1,1.773923040E2,1.859428764E-1,-7.918785478E-2,1.773921715E2
1.767120211E2,2.274866069E-2,7.303151069E-4,1.613527071E-3,9.997396469E-1,1.773929706E2,1.867527431E-1,-7.946003412E-2,1.773928370E2
1.767170211E2,2.273755341E-2,7.385670906E-4,1.618599286E-3,9.997398853E-1,1.773942437E2,1.873544484E-1,-8.039425457E-2,1.773941082E2
1.767220211E2,2.273766430E-2,7.391803665E-4,1.616760506E-3,9.997398853E-1,1.773942310E2,1.871454009E-1,-8.046928306E-2,1.773940955E2
1.767270211E2,2.273788392E-2,7.373641711E-4,1.614499604E-3,9.997398853E-1,1.773942059E2,1.868816718E-1,-8.026706658E-2,1.773940709E2
1.767320211E2,2.275378475E-2,7.277297555E-4,1.616303925E-3,9.997395277E-1,1.773923833E2,1.870645307E-1,-7.915565379E-2,1.773922500E2
1.767370211E2,2.275113230E-2,7.283164305E-4,1.616510330E-3,9.997395873E-1,1.773926873E2,1.870894966E-1,-7.922282249E-2,1.773925539E2
1.767420211E2,2.274839114E-2,7.307247724E-4,1.617137808E-3,9.997396469E-1,1.773930015E2,1.871674436E-1,-7.949760361E-2,1.773928676E2
1.767470211E2,2.274590424E-2,7.324739126E-4,1.614477369E-3,9.997397065E-1,1.773932866E2,1.868670200E-1,-7.970538858E-2,1.773931525E2
1.767520211E2,2.274865357E-2,7.308875793E-4,1.613368280E-3,9.997396469E-1,1.773929714E2,1.867360437E-1,-7.952603285E-2,1.773928377E2
1.767570211E2,2.275423130E-2,7.276689284E-4,1.610032748E-3,9.997395277E-1,1.773923321E2,1.863459681E-1,-7.916495438E-2,1.773921993E2
1.767620211E2,2.274898695E-2,7.315788534E-4,1.608346472E-3,9.997396469E-1,1.773929332E2,1.861625636E-1,-7.961825593E-2,1.773927998E2
1.767670211E2,2.274631156E-2,7.334320690E-4,1.608291757E-3,9.997397065E-1,1.773932399E2,1.861609134E-1,-7.983120441E-2,1.773931061E2
1.767720211E2,2.274632764E-2,7.331131492E-4,1.608209801E-3,9.997397065E-1,1.773932380E2,1.861506942E-1,-7.979487903E-2,1.773931043E2
1.767770211E2,2.274890960E-2,7.307795458E-4,1.609803177E-3,9.997396469E-1,1.773929421E2,1.863273567E-1,-7.952290265E-2,1.773928087E2
1.767820211E2,2.275976913E-2,7.232068456E-4,1.607789425E-3,9.997394085E-1,1.773916974E2,1.860777676E-1,-7.865858923E-2,1.773915656E2
1.767870211E2,2.275973928E-2,7.242115098E-4,1.607759739E-3,9.997394085E-1,1.773917008E2,1.860769850E-1,-7.877376830E-2,1.773915688E2
1.767920211E2,2.275938381E-2,7.236061501E-4,1.613055705E-3,9.997394085E-1,1.773917415E2,1.866820949E-1,-7.869067062E-2,1.773916092E2
1.767970211E2,2.276741172E-2,7.178128581E-4,1.613179687E-3,9.997392297E-1,1.773908213E2,1.866818138E-1,-7.802515856E-2,1.773906902E2
1.768020211E2,2.276230597E-2,7.213674253E-4,1.609764062E-3,9.997393489E-1,1.773914066E2,1.862993871E-1,-7.844223902E-2,1.773912750E2
1.768070211E2,2.276484161E-2,7.191311452E-4,1.611924148E-3,9.997392893E-1,1.773911159E2,1.865412155E-1,-7.817993917E-2,1.773909846E2
1.768120211E2,2.276704574E-2,7.182715344E-4,1.618133159E-3,9.997392297E-1,1.773908633E2,1.872504621E-1,-7.806484981E-2,1.773907316E2
1.768170211E2,2.276159318E-2,7.223018911E-4,1.619394985E-3,9.997393489E-1,1.773914883E2,1.874051076E-1,-7.852430436E-2,1.773913558E2
1.768220211E2,2.275111866E-2,7.285893080E-4,1.616579248E-3,9.997395873E-1,1.773926889E2,1.870981024E-1,-7.925390668E-2,1.773925554E2
1.768270211E2,2.275621421E-2,7.257754914E-4,1.619843417E-3,9.997394681E-1,1.773921048E2,1.874651178E-1,-7.892208499E-2,1.773919716E2
1.768320211E2,2.276129181E-2,7.225220324E-4,1.623527380E-3,9.997393489E-1,1.773915228E2,1.878790741E-1,-7.853880174E-2,1.773913899E2
1.768370211E2,2.275080163E-2,7.299817516E-4,1.620408264E-3,9.997395873E-1,1.773927252E2,1.875403682E-1,-7.940350386E-2,1.773925911E2
1.768420211E2,2.275906680E-2,7.243726286E-4,1.617179252E-3,9.997394085E-1,1.773917779E2,1.871564715E-1,-7.876778417E-2,1.773916451E2
1.768470211E2,2.276687214E-2,7.174846251E-4,1.620922354E-3,9.997392297E-1,1.773908832E2,1.875679312E-1,-7.796745555E-2,1.773907515E2
1.768520211E2,2.276169972E-2,7.218221435E-4,1.618110924E-3,9.997393489E-1,1.773914761E2,1.872567598E-1,-7.847267307E-2,1.773913437E2
1.768570211E2,2.275666737E-2,7.251200732E-4,1.613759203E-3,9.997394681E-1,1.773920529E2,1.867664238E-1,-7.886278092E-2,1.773919203E2
1.768620211E2,2.276755807E-2,7.174700149E-4,1.611265587E-3,9.997392297E-1,1.773908046E2,1.864616472E-1,-7.799084862E-2,1.773906736E2
1.768670211E2,2.276730308E-2,7.172966725E-4,1.614941633E-3,9.997392297E-1,1.773908338E2,1.868823106E-1,-7.796144669E-2,1.773907026E2
1.768720211E2,2.276744484E-2,7.173881168E-4,1.612901222E-3,9.997392297E-1,1.773908176E2,1.866488065E-1,-7.797721982E-2,1.773906865E2
1.768770211E2,2.278055799E-2,7.093291497E-4,1.616032561E-3,9.997389317E-1,1.773893145E2,1.869875211E-1,-7.704334809E-2,1.773891847E2
1.768820211E2,2.278579452E-2,7.047255058E-4,1.617967151E-3,9.997388124E-1,1.773887143E2,1.871975330E-1,-7.650991592E-2,1.773885852E2
1.768870211E2,2.278556949E-2,7.048108382E-4,1.621096162E-3,9.997388124E-1,1.773887401E2,1.875562045E-1,-7.651156351E-2,1.773886108E2
1.768920211E2,2.278545632E-2,7.055271417E-4,1.622374752E-3,9.997388124E-1,1.773887531E2,1.877045442E-1,-7.659030708E-2,1.773886235E2
1.768970211E2,2.278568005E-2,7.050624699E-4,1.619431889E-3,9.997388124E-1,1.773887274E2,1.873662076E-1,-7.654471584E-2,1.773885982E2
1.769020211E2,2.278792491E-2,7.035448216E-4,1.625290490E-3,9.997387528E-1,1.773884701E2,1.880335890E-1,-7.635513143E-2,1.773883407E2
1.769070211E2,2.279029537E-2,7.021841011E-4,1.629300066E-3,9.997386932E-1,1.773881984E2,1.884895611E-1,-7.618832734E-2,1.773880690E2
1.769120211E2,2.279038334E-2,7.020847406E-4,1.628111931E-3,9.997386932E-1,1.773881883E2,1.883531932E-1,-7.618003093E-2,1.773880590E2
1.769170211E2,2.278255468E-2,7.073666202E-4,1.625590492E-3,9.997388721E-1,1.773890856E2,1.880775267E-1,-7.679318989E-2,1.773889555E2
1.769220211E2,2.278783691E-2,7.032323629E-4,1.626658952E-3,9.997387528E-1,1.773884802E2,1.881895400E-1,-7.631577855E-2,1.773883508E2
1.769270211E2,2.279278287E-2,6.996277953E-4,1.632174128E-3,9.997386336E-1,1.773879133E2,1.888123312E-1,-7.588749669E-2,1.773877841E2
1.769320211E2,2.278718242E-2,7.034381852E-4,1.635713270E-3,9.997387528E-1,1.773885552E2,1.892273087E-1,-7.631583707E-2,1.773884250E2
1.769370211E2,2.278464453E-2,7.055479218E-4,1.633726875E-3,9.997388124E-1,1.773888461E2,1.890050587E-1,-7.656319900E-2,1.773887157E2
1.769420211E2,2.278731536E-2,7.037905161E-4,1.633708598E-3,9.997387528E-1,1.773885400E2,1.889985797E-1,-7.636141047E-2,1.773884099E2
1.769470211E2,2.278467621E-2,7.048775442E-4,1.633574488E-3,9.997388124E-1,1.773888425E2,1.889858527E-1,-7.648679132E-2,1.773887122E2
1.769520211E2,2.278459358E-2,7.063478697E-4,1.634091721E-3,9.997388124E-1,1.773888519E2,1.890489412E-1,-7.665389937E-2,1.773887213E2
1.769570211E2,2.278707640E-2,7.042079815E-4,1.636858680E-3,9.997387528E-1,1.773885674E2,1.893605315E-1,-7.640105523E-2,1.773884370E2
1.769620211E2,2.278720437E-2,7.031714194E-4,1.635522232E-3,9.997387528E-1,1.773885527E2,1.892047280E-1,-7.628577066E-2,1.773884226E2
1.769670211E2,2.277942426E-2,7.092416636E-4,1.631973661E-3,9.997389317E-1,1.773894445E2,1.888134504E-1,-7.699192391E-2,1.773893135E2
1.769720211E2,2.277952021E-2,7.100749644E-4,1.630271203E-3,9.997389317E-1,1.773894335E2,1.886205962E-1,-7.709181437E-2,1.773893024E2
1.769770211E2,2.278228426E-2,7.076943875E-4,1.629233593E-3,9.997388721E-1,1.773891166E2,1.884957229E-1,-7.682127896E-2,1.773889862E2
1.769820211E2,2.278221430E-2,7.075527683E-4,1.630273066E-3,9.997388721E-1,1.773891247E2,1.886144318E-1,-7.680235418E-2,1.773889941E2
1.769870211E2,2.277395415E-2,7.127777790E-4,1.633748878E-3,9.997390509E-1,1.773900714E2,1.890256313E-1,-7.739342738E-2,1.773899396E2
1.769920211E2,2.277145490E-2,7.151232567E-4,1.631084713E-3,9.997391105E-1,1.773903579E2,1.887263468E-1,-7.766955413E-2,1.773902259E2
1.769970211E2,2.277680518E-2,7.112041931E-4,1.631161547E-3,9.997389913E-1,1.773897447E2,1.887253343E-1,-7.721936901E-2,1.773896134E2
1.770020211E2,2.277692646E-2,7.112798048E-4,1.629434060E-3,9.997389913E-1,1.773897308E2,1.885276366E-1,-7.723251738E-2,1.773895996E2
1.770070211E2,2.276663711E-2,7.182170521E-4,1.623896416E-3,9.997392297E-1,1.773909101E2,1.879105388E-1,-7.804364841E-2,1.773907780E2
1.770120211E2,2.276408586E-2,7.205134607E-4,1.621948788E-3,9.997392893E-1,1.773912026E2,1.876932065E-1,-7.831228929E-2,1.773910702E2
1.770170211E2,2.277224312E-2,7.149550365E-4,1.620117109E-3,9.997391105E-1,1.773902676E2,1.874694976E-1,-7.767875528E-2,1.773901364E2
1.770220211E2,2.277518793E-2,7.124310941E-4,1.616611262E-3,9.997390509E-1,1.773899300E2,1.870615012E-1,-7.739820612E-2,1.773897996E2
1.770270211E2,2.276443191E-2,7.196179940E-4,1.617483329E-3,9.997392893E-1,1.773911629E2,1.871793250E-1,-7.822128737E-2,1.773910310E2
1.770320211E2,2.275931172E-2,7.226810558E-4,1.614486915E-3,9.997394085E-1,1.773917498E2,1.868436386E-1,-7.858097083E-2,1.773916176E2
1.770370211E2,2.277286729E-2,7.150280871E-4,1.611287473E-3,9.997391105E-1,1.773901960E2,1.864581954E-1,-7.771004986E-2,1.773900655E2
1.770420211E2,2.277254465E-2,7.152643520E-4,1.615736401E-3,9.997391105E-1,1.773902330E2,1.869684653E-1,-7.772556668E-2,1.773901021E2
1.770470211E2,2.276719904E-2,7.188192685E-4,1.615731162E-3,9.997392297E-1,1.773908457E2,1.869767255E-1,-7.813383743E-2,1.773907142E2
1.770520211E2,2.277247486E-2,7.150454330E-4,1.616816502E-3,9.997391105E-1,1.773902410E2,1.870916272E-1,-7.769768129E-2,1.773901101E2
1.770570211E2,2.276973774E-2,7.156276261E-4,1.618251903E-3,9.997391701E-1,1.773905547E2,1.872573762E-1,-7.776114508E-2,1.773904236E2
1.770620211E2,2.276727320E-2,7.177999360E-4,1.615139307E-3,9.997392297E-1,1.773908372E2,1.869062673E-1,-7.801859126E-2,1.773907059E2
1.770670211E2,2.277282882E-2,7.143493276E-4,1.612132066E-3,9.997391105E-1,1.773902004E2,1.865531792E-1,-7.763009304E-2,1.773900700E2
1.770720211E2,2.278348091E-2,7.072197623E-4,1.612621360E-3,9.997388721E-1,1.773889795E2,1.865914442E-1,-7.681005283E-2,1.773888504E2
1.770770211E2,2.277775376E-2,7.098479546E-4,1.618456910E-3,9.997389913E-1,1.773896359E2,1.872663978E-1,-7.709697953E-2,1.773895059E2
1.770820211E2,2.276997334E-2,7.152676117E-4,1.615092857E-3,9.997391701E-1,1.773905277E2,1.868945482E-1,-7.772810024E-2,1.773903969E2
1.770870211E2,2.277797133E-2,7.112796302E-4,1.614762121E-3,9.997389913E-1,1.773896110E2,1.868468694E-1,-7.727059847E-2,1.773894809E2
1.770920211E2,2.278062803E-2,7.085234392E-4,1.615398563E-3,9.997389317E-1,1.773893065E2,1.869127909E-1,-7.695268655E-2,1.773891769E2
1.770970211E2,2.276746979E-2,7.178186206E-4,1.612357446E-3,9.997392297E-1,1.773908147E2,1.865876356E-1,-7.802795319E-2,1.773906836E2
1.771020211E2,2.277309929E-2,7.147179567E-4,1.608142979E-3,9.997391105E-1,1.773901694E2,1.860971642E-1,-7.768268382E-2,1.773900392E2
1.771070211E2,2.277831293E-2,7.108183927E-4,1.610139967E-3,9.997389913E-1,1.773895718E2,1.863161682E-1,-7.722975985E-2,1.773894422E2
1.771120211E2,2.277025667E-2,7.167243748E-4,1.610446023E-3,9.997391701E-1,1.773904953E2,1.863660209E-1,-7.790706207E-2,1.773903645E2
1.771170211E2,2.277260453E-2,7.149612065E-4,1.615026500E-3,9.997391105E-1,1.773902261E2,1.868863511E-1,-7.769267923E-2,1.773900954E2
1.771220211E2,2.276734602E-2,7.180835237E-4,1.613986329E-3,9.997392297E-1,1.773908289E2,1.867749255E-1,-7.805407415E-2,1.773906976E2
1.771270211E2,2.276219214E-2,7.211671909E-4,1.611462445E-3,9.997393489E-1,1.773914196E2,1.864934261E-1,-7.841489082E-2,1.773912879E2
1.771320211E2,2.276456469E-2,7.193208439E-4,1.615745714E-3,9.997392893E-1,1.773911477E2,1.869794953E-1,-7.819175350E-2,1.773910160E2
1.771370211E2,2.277506994E-2,7.123821415E-4,1.618294162E-3,9.997390509E-1,1.773899436E2,1.872541608E-1,-7.738822779E-2,1.773898130E2
1.771420211E2,2.277800657E-2,7.113095489E-4,1.614251756E-3,9.997389913E-1,1.773896070E2,1.867884818E-1,-7.727535163E-2,1.773894769E2
1.771470211E2,2.276730215E-2,7.171565085E-4,1.615017070E-3,9.997392297E-1,1.773908339E2,1.868905870E-1,-7.794519261E-2,1.773907027E2
1.771520211E2,2.276968395E-2,7.155986386E-4,1.619021408E-3,9.997391701E-1,1.773905609E2,1.873454525E-1,-7.775582640E-2,1.773904297E2
1.771570211E2,2.276197027E-2,7.219674299E-4,1.614235691E-3,9.997393489E-1,1.773914451E2,1.868132052E-1,-7.849937506E-2,1.773913130E2
1.771620211E2,2.275136671E-2,7.292842492E-4,1.612770488E-3,9.997395873E-1,1.773926604E2,1.866635945E-1,-7.934340436E-2,1.773925271E2
1.771670211E2,2.275142002E-2,7.297786651E-4,1.611794461E-3,9.997395873E-1,1.773926543E2,1.865530723E-1,-7.940258031E-2,1.773925210E2
1.771720211E2,2.275383758E-2,7.272065268E-4,1.615795656E-3,9.997395277E-1,1.773923772E2,1.870049420E-1,-7.909702724E-2,1.773922441E2
1.771770211E2,2.274563492E-2,7.328673382E-4,1.618089038E-3,9.997397065E-1,1.773933174E2,1.872817847E-1,-7.974109630E-2,1.773931830E2
1.771820211E2,2.274002497E-2,7.361403550E-4,1.621795236E-3,9.997398257E-1,1.773939605E2,1.877144575E-1,-8.010745170E-2,1.773938251E2
1.771870211E2,2.275324663E-2,7.281494909E-4,1.623673481E-3,9.997395277E-1,1.773924450E2,1.879098546E-1,-7.918462424E-2,1.773923110E2
1.771920211E2,2.275578551E-2,7.253483636E-4,1.626045327E-3,9.997394681E-1,1.773921540E2,1.881744739E-1,-7.885705978E-2,1.773920203E2
1.771970211E2,2.273987355E-2,7.375339046E-4,1.623284654E-3,9.997398257E-1,1.773939778E2,1.878887081E-1,-8.026324635E-2,1.773938421E2
1.772020211E2,2.274001841E-2,7.371511310E-4,1.621428062E-3,9.997398257E-1,1.773939612E2,1.876750270E-1,-8.022420609E-2,1.773938257E2
1.772070211E2,2.275626344E-2,7.253424847E-4,1.619345625E-3,9.997394681E-1,1.773920992E2,1.874069643E-1,-7.887376789E-2,1.773919661E2
1.772120211E2,2.274812813E-2,7.315581315E-4,1.620457391E-3,9.997396469E-1,1.773930317E2,1.875498939E-1,-7.958447018E-2,1.773928973E2
1.772170211E2,2.274298125E-2,7.352411631E-4,1.617486007E-3,9.997397661E-1,1.773936216E2,1.872186760E-1,-8.001511470E-2,1.773934868E2
1.772220211E2,2.275369956E-2,7.273685187E-4,1.617665286E-3,9.997395277E-1,1.773923931E2,1.872195423E-1,-7.911073604E-2,1.773922597E2
1.772270211E2,2.276667833E-2,7.190879551E-4,1.622932847E-3,9.997392297E-1,1.773909054E2,1.878024258E-1,-7.814592678E-2,1.773907732E2
1.772320211E2,2.276422384E-2,7.200723630E-4,1.620207098E-3,9.997392893E-1,1.773911867E2,1.874925349E-1,-7.826627406E-2,1.773910546E2
1.772370211E2,2.276170347E-2,7.215836085E-4,1.618164475E-3,9.997393489E-1,1.773914756E2,1.872622727E-1,-7.844520569E-2,1.773913433E2
1.772420211E2,2.277479347E-2,7.133664330E-4,1.621747739E-3,9.997390509E-1,1.773899752E2,1.876523575E-1,-7.749202808E-2,1.773898442E2
1.772470211E2,2.276688551E-2,7.173987688E-4,1.620772528E-3,9.997392297E-1,1.773908817E2,1.875505438E-1,-7.795800810E-2,1.773907500E2
1.772520211E2,2.276197105E-2,7.214664947E-4,1.614448614E-3,9.997393489E-1,1.773914450E2,1.868362914E-1,-7.844143151E-2,1.773913130E2
1.772570211E2,2.276711712E-2,7.178324158E-4,1.617323491E-3,9.997392297E-1,1.773908551E2,1.871565645E-1,-7.801664273E-2,1.773907236E2
1.772620211E2,2.276421324E-2,7.204949507E-4,1.620168216E-3,9.997392893E-1,1.773911880E2,1.874891821E-1,-7.831478985E-2,1.773910557E2
1.772670211E2,2.275870393E-2,7.238423568E-4,1.622514566E-3,9.997394085E-1,1.773918194E2,1.877662846E-1,-7.869318825E-2,1.773916864E2
1.772720211E2,2.275311567E-2,7.270197966E-4,1.626013196E-3,9.997395277E-1,1.773924600E2,1.881749410E-1,-7.904912839E-2,1.773923260E2
1.772770211E2,2.275828562E-2,7.236126112E-4,1.628473634E-3,9.997394085E-1,1.773918674E2,1.884483358E-1,-7.865140524E-2,1.773917339E2
1.772820211E2,2.275830202E-2,7.242003339E-4,1.627983176E-3,9.997394085E-1,1.773918655E2,1.883936821E-1,-7.872001183E-2,1.773917320E2
1.772870211E2,2.275576943E-2,7.262814906E-4,1.625853823E-3,9.997394681E-1,1.773921558E2,1.881549673E-1,-7.896446287E-2,1.773920220E2
1.772920211E2,2.275844900E-2,7.241029525E-4,1.625970472E-3,9.997394085E-1,1.773918487E2,1.881628600E-1,-7.871407721E-2,1.773917153E2
1.772970211E2,2.275574148E-2,7.255356177E-4,1.626577810E-3,9.997394681E-1,1.773921590E2,1.882359613E-1,-7.887713163E-2,1.773920253E2
1.773020211E2,2.275013136E-2,7.302377489E-4,1.629677019E-3,9.997395873E-1,1.773928020E2,1.886028308E-1,-7.940879242E-2,1.773926672E2
1.773070211E2,2.275278503E-2,7.275927346E-4,1.630377839E-3,9.997395277E-1,1.773924979E2,1.886764317E-1,-7.910344697E-2,1.773923635E2
1.773120211E2,2.275837018E-2,7.239702973E-4,1.627132413E-3,9.997394085E-1,1.773918577E2,1.882956223E-1,-7.869586442E-2,1.773917243E2
1.773170211E2,2.276072895E-2,7.226989255E-4,1.631320920E-3,9.997393489E-1,1.773915873E2,1.887723356E-1,-7.853884461E-2,1.773914538E2
1.773220211E2,2.275504523E-2,7.254630909E-4,1.636321424E-3,9.997394681E-1,1.773922388E2,1.893519662E-1,-7.884354577E-2,1.773921044E2
1.773270211E2,2.275505300E-2,7.257135003E-4,1.636102330E-3,9.997394681E-1,1.773922379E2,1.893275200E-1,-7.887280296E-2,1.773921034E2
1.773320211E2,2.275797410E-2,7.244125591E-4,1.632466679E-3,9.997394085E-1,1.773919031E2,1.889078495E-1,-7.873269348E-2,1.773917691E2
1.773370211E2,2.276348560E-2,7.204785361E-4,1.630367013E-3,9.997392893E-1,1.773912714E2,1.886574778E-1,-7.828644084E-2,1.773911383E2
1.773420211E2,2.276079332E-2,7.219157997E-4,1.630769460E-3,9.997393489E-1,1.773915800E2,1.887071215E-1,-7.845055459E-2,1.773914466E2
1.773470211E2,2.275340213E-2,7.281723083E-4,1.621482661E-3,9.997395277E-1,1.773924271E2,1.876589414E-1,-7.919292154E-2,1.773922933E2
1.773520211E2,2.274838341E-2,7.308857748E-4,1.617173781E-3,9.997396469E-1,1.773930024E2,1.871719838E-1,-7.951595600E-2,1.773928684E2
1.773570211E2,2.275632301E-2,7.248127949E-4,1.618745504E-3,9.997394681E-1,1.773920924E2,1.873368364E-1,-7.881463955E-2,1.773919594E2
1.773620211E2,2.276107196E-2,7.212139899E-4,1.627187128E-3,9.997393489E-1,1.773915480E2,1.882949131E-1,-7.837944547E-2,1.773914151E2
1.773670211E2,2.275025066E-2,7.294388488E-4,1.628368860E-3,9.997395873E-1,1.773927884E2,1.884508918E-1,-7.932065703E-2,1.773926538E2
1.773720211E2,2.275312464E-2,7.283414016E-4,1.625296078E-3,9.997395277E-1,1.773924590E2,1.880962335E-1,-7.920240194E-2,1.773923248E2
1.773770211E2,2.276881048E-2,7.173365448E-4,1.630495768E-3,9.997391701E-1,1.773906610E2,1.886644462E-1,-7.792514813E-2,1.773905286E2
1.773820211E2,2.276055577E-2,7.216091035E-4,1.634217100E-3,9.997393489E-1,1.773916072E2,1.891012717E-1,-7.840647128E-2,1.773914736E2
1.773870211E2,2.275834481E-2,7.234201767E-4,1.627731835E-3,9.997394085E-1,1.773918606E2,1.883628565E-1,-7.863128309E-2,1.773917272E2
1.773920211E2,2.277167539E-2,7.139870431E-4,1.628502272E-3,9.997391105E-1,1.773903326E2,1.884275488E-1,-7.754608503E-2,1.773902010E2
1.773970211E2,2.276873698E-2,7.161014946E-4,1.632064232E-3,9.997391701E-1,1.773906694E2,1.888409041E-1,-7.777958003E-2,1.773905371E2
1.774020211E2,2.275812435E-2,7.236038218E-4,1.630729763E-3,9.997394085E-1,1.773918859E2,1.887067670E-1,-7.864454467E-2,1.773917522E2
1.774070211E2,2.277165150E-2,7.148767472E-4,1.628445927E-3,9.997391105E-1,1.773903354E2,1.884234139E-1,-7.764816259E-2,1.773902036E2
1.774120211E2,2.277412938E-2,7.130181766E-4,1.631199382E-3,9.997390509E-1,1.773900514E2,1.887341968E-1,-7.742758843E-2,1.773899197E2
1.774170211E2,2.275776703E-2,7.240785053E-4,1.635498716E-3,9.997394085E-1,1.773919268E2,1.892543184E-1,-7.868655532E-2,1.773917927E2
1.774220211E2,2.275810733E-2,7.232110947E-4,1.631141407E-3,9.997394085E-1,1.773918878E2,1.887529002E-1,-7.859848280E-2,1.773917542E2
1.774270211E2,2.277704663E-2,7.103125099E-4,1.628175727E-3,9.997389913E-1,1.773897170E2,1.883809636E-1,-7.712496426E-2,1.773895861E2
1.774320211E2,2.276358374E-2,7.196139777E-4,1.629378181E-3,9.997392893E-1,1.773912601E2,1.885419473E-1,-7.818995653E-2,1.773911273E2
1.774370211E2,2.275551071E-2,7.261589053E-4,1.629525446E-3,9.997394681E-1,1.773921855E2,1.885752560E-1,-7.894089338E-2,1.773920514E2
1.774420211E2,2.276131157E-2,7.211336633E-4,1.623867662E-3,9.997393489E-1,1.773915206E2,1.879144373E-1,-7.837885646E-2,1.773913879E2
1.774470211E2,2.276144492E-2,7.223826251E-4,1.621441566E-3,9.997393489E-1,1.773915053E2,1.876397673E-1,-7.852824287E-2,1.773913726E2
1.774520211E2,2.276438936E-2,7.197395898E-4,1.618027920E-3,9.997392893E-1,1.773911678E2,1.872420284E-1,-7.823380486E-2,1.773910359E2
1.774570211E2,2.276947816E-2,7.154873456E-4,1.621962059E-3,9.997391701E-1,1.773905845E2,1.876820332E-1,-7.773544192E-2,1.773904531E2
1.774620211E2,2.276664816E-2,7.180310786E-4,1.623823773E-3,9.997392297E-1,1.773909089E2,1.879017322E-1,-7.802253042E-2,1.773907768E2
1.774670211E2,2.276390570E-2,7.205995498E-4,1.624437165E-3,9.997392893E-1,1.773912232E2,1.879784907E-1,-7.831569423E-2,1.773910906E2
1.774720211E2,2.277249955E-2,7.144546835E-4,1.616730005E-3,9.997391105E-1,1.773902382E2,1.870801780E-1,-7.763022512E-2,1.773901074E2
1.774770211E2,2.277496239E-2,7.119901129E-4,1.619979390E-3,9.997390509E-1,1.773899559E2,1.874461924E-1,-7.733893810E-2,1.773898253E2
1.774820211E2,2.276937555E-2,7.156280335E-4,1.623339951E-3,9.997391701E-1,1.773905963E2,1.878402465E-1,-7.774798328E-2,1.773904647E2
1.774870211E2,2.277530749E-2,7.119405782E-4,1.615142217E-3,9.997390509E-1,1.773899163E2,1.868919333E-1,-7.734582360E-2,1.773897861E2
1.774920211E2,2.278337726E-2,7.070092252E-4,1.614177250E-3,9.997388721E-1,1.773889914E2,1.867691325E-1,-7.678189039E-2,1.773888622E2
1.774970211E2,2.277221585E-2,7.151911850E-4,1.620396157E-3,9.997391105E-1,1.773902707E2,1.875020801E-1,-7.770508575E-2,1.773901395E2
1.775020211E2,2.277509890E-2,7.124542026E-4,1.617854810E-3,9.997390509E-1,1.773899402E2,1.872040181E-1,-7.739762450E-2,1.773898097E2
1.775070211E2,2.278601758E-2,7.050771965E-4,1.614669221E-3,9.997388124E-1,1.773886887E2,1.868206510E-1,-7.655877604E-2,1.773885599E2
1.775120211E2,2.278033801E-2,7.085422985E-4,1.619475079E-3,9.997389317E-1,1.773893397E2,1.873798317E-1,-7.694425931E-2,1.773892098E2
1.775170211E2,2.276685828E-2,7.181570982E-4,1.620819210E-3,9.997392297E-1,1.773908848E2,1.875578684E-1,-7.804476693E-2,1.773907529E2
1.775220211E2,2.278351239E-2,7.067313418E-4,1.612390741E-3,9.997388721E-1,1.773889759E2,1.865637511E-1,-7.675469481E-2,1.773888469E2
1.775270211E2,2.279159585E-2,7.015669253E-4,1.611274783E-3,9.997386932E-1,1.773880493E2,1.864230353E-1,-7.616445692E-2,1.773879214E2
1.775320211E2,2.277735644E-2,7.111285813E-4,1.623478718E-3,9.997389913E-1,1.773896815E2,1.878450188E-1,-7.723065667E-2,1.773895508E2
1.775370211E2,2.278271779E-2,7.077211631E-4,1.623148331E-3,9.997388721E-1,1.773890669E2,1.877986861E-1,-7.684015233E-2,1.773889369E2
1.775420211E2,2.278887085E-2,7.024873048E-4,1.612433814E-3,9.997387528E-1,1.773883617E2,1.865580125E-1,-7.626737841E-2,1.773882335E2
1.775470211E2,2.278837048E-2,7.036189199E-4,1.618998824E-3,9.997387528E-1,1.773884190E2,1.873130306E-1,-7.637996706E-2,1.773882901E2
1.775520211E2,2.279317676E-2,6.991066039E-4,1.626888290E-3,9.997386336E-1,1.773878681E2,1.882054434E-1,-7.584152057E-2,1.773877395E2
1.775570211E2,2.280986175E-2,6.887381314E-4,1.617200556E-3,9.997382760E-1,1.773859557E2,1.870697581E-1,-7.467587388E-2,1.773858297E2
1.775620211E2,2.281047214E-2,6.881689769E-4,1.608811668E-3,9.997382760E-1,1.773858857E2,1.861072683E-1,-7.463248511E-2,1.773857605E2
1.775670211E2,2.281265072E-2,6.862850278E-4,1.615750254E-3,9.997382164E-1,1.773856360E2,1.868974033E-1,-7.439811200E-2,1.773855106E2
1.775720211E2,2.281504598E-2,6.848250632E-4,1.619425369E-3,9.997381568E-1,1.773853614E2,1.873147924E-1,-7.422079961E-2,1.773852361E2
1.775770211E2,2.281555817E-2,6.856031250E-4,1.611862564E-3,9.997381568E-1,1.773853027E2,1.864504553E-1,-7.432961335E-2,1.773851778E2
1.775820211E2,2.281302380E-2,6.865460891E-4,1.610362902E-3,9.997382164E-1,1.773855932E2,1.862809280E-1,-7.444203407E-2,1.773854682E2
1.775870211E2,2.280718984E-2,6.904549664E-4,1.617305330E-3,9.997383356E-1,1.773862619E2,1.870860492E-1,-7.487278339E-2,1.773861356E2
1.775920211E2,2.280461528E-2,6.921892054E-4,1.616023132E-3,9.997383952E-1,1.773865570E2,1.869434978E-1,-7.507529325E-2,1.773864305E2
1.775970211E2,2.280515011E-2,6.912082899E-4,1.608879771E-3,9.997383952E-1,1.773864957E2,1.861226167E-1,-7.498148649E-2,1.773863699E2
1.776020211E2,2.281293755E-2,6.864911411E-4,1.611607615E-3,9.997382164E-1,1.773856031E2,1.864233747E-1,-7.443250115E-2,1.773854780E2
1.776070211E2,2.281012313E-2,6.885032053E-4,1.613609958E-3,9.997382760E-1,1.773859257E2,1.866578175E-1,-7.465829720E-2,1.773858001E2
1.776120211E2,2.281581602E-2,6.851739599E-4,1.608391409E-3,9.997381568E-1,1.773852732E2,1.860516899E-1,-7.428947521E-2,1.773851486E2
1.776170211E2,2.282127893E-2,6.807845202E-4,1.606849022E-3,9.997380376E-1,1.773846470E2,1.858639165E-1,-7.378963113E-2,1.773845233E2
1.776220211E2,2.282078131E-2,6.821146235E-4,1.613339176E-3,9.997380376E-1,1.773847041E2,1.866108831E-1,-7.392512935E-2,1.773845797E2
1.776270211E2,2.280742262E-2,6.895711995E-4,1.614397042E-3,9.997383356E-1,1.773862352E2,1.867505774E-1,-7.477909536E-2,1.773861094E2
1.776320211E2,2.281298960E-2,6.868450437E-4,1.610719832E-3,9.997382164E-1,1.773855972E2,1.863225976E-1,-7.447535603E-2,1.773854720E2
1.776370211E2,2.281800511E-2,6.832267973E-4,1.615199377E-3,9.997380972E-1,1.773850223E2,1.868266945E-1,-7.404819575E-2,1.773848975E2
1.776420211E2,2.281235951E-2,6.867934135E-4,1.619641087E-3,9.997382164E-1,1.773856694E2,1.873444522E-1,-7.444623638E-2,1.773855436E2
1.776470211E2,2.281556165E-2,6.840416463E-4,1.612476655E-3,9.997381568E-1,1.773853023E2,1.865167239E-1,-7.414912161E-2,1.773851776E2
1.776520211E2,2.282389700E-2,6.790109328E-4,1.607498503E-3,9.997379780E-1,1.773843469E2,1.859338762E-1,-7.358426068E-2,1.773842236E2
1.776570211E2,2.282060156E-2,6.810199120E-4,1.616341411E-3,9.997380376E-1,1.773847247E2,1.869519485E-1,-7.379189965E-2,1.773846002E2
1.776620211E2,2.281212388E-2,6.870892830E-4,1.622831332E-3,9.997382164E-1,1.773856964E2,1.877106890E-1,-7.447183586E-2,1.773855703E2
1.776670211E2,2.280980721E-2,6.895647384E-4,1.617617556E-3,9.997382760E-1,1.773859619E2,1.871196872E-1,-7.476949150E-2,1.773858358E2
1.776720211E2,2.281269712E-2,6.873353268E-4,1.614648383E-3,9.997382164E-1,1.773856307E2,1.867739202E-1,-7.452130786E-2,1.773855052E2
1.776770211E2,2.280700889E-2,6.900546141E-4,1.620025607E-3,9.997383356E-1,1.773862827E2,1.873966294E-1,-7.481984248E-2,1.773861563E2
1.776820211E2,2.280945851E-2,6.884610048E-4,1.622995595E-3,9.997382760E-1,1.773860019E2,1.877328945E-1,-7.462905360E-2,1.773858756E2
1.776870211E2,2.280458212E-2,6.916066632E-4,1.616740366E-3,9.997383952E-1,1.773865608E2,1.870241406E-1,-7.500668809E-2,1.773864344E2
1.776920211E2,2.280722843E-2,6.908459472E-4,1.616594032E-3,9.997383356E-1,1.773862575E2,1.870055864E-1,-7.491942665E-2,1.773861312E2
1.776970211E2,2.280708027E-2,6.910121883E-4,1.618611976E-3,9.997383356E-1,1.773862745E2,1.872371894E-1,-7.493322506E-2,1.773861480E2
1.777020211E2,2.281248681E-2,6.873373059E-4,1.617616159E-3,9.997382164E-1,1.773856548E2,1.871139039E-1,-7.451381537E-2,1.773855291E2
1.777070211E2,2.280995552E-2,6.892844103E-4,1.615644549E-3,9.997382760E-1,1.773859449E2,1.868929339E-1,-7.474250626E-2,1.773858190E2
1.777120211E2,2.281302410E-2,6.870702491E-4,1.610135077E-3,9.997382164E-1,1.773855932E2,1.862561984E-1,-7.450267822E-2,1.773854681E2
1.777170211E2,2.281281153E-2,6.874793908E-4,1.612969674E-3,9.997382164E-1,1.773856176E2,1.865819893E-1,-7.454217931E-2,1.773854922E2
1.777220211E2,2.280728555E-2,6.907000788E-4,1.615850255E-3,9.997383356E-1,1.773862510E2,1.869200008E-1,-7.490464902E-2,1.773861247E2
1.777270211E2,2.280221982E-2,6.946390495E-4,1.611894695E-3,9.997384548E-1,1.773868316E2,1.864767582E-1,-7.536718722E-2,1.773867049E2
1.777320211E2,2.281027603E-2,6.891947705E-4,1.611151383E-3,9.997382760E-1,1.773859082E2,1.863779776E-1,-7.474392218E-2,1.773857826E2
1.777370211E2,2.280479952E-2,6.915851845E-4,1.613680157E-3,9.997383952E-1,1.773865359E2,1.866735171E-1,-7.501218424E-2,1.773864097E2
1.777420211E2,2.280478102E-2,6.928291405E-4,1.613407978E-3,9.997383952E-1,1.773865380E2,1.866455856E-1,-7.515540861E-2,1.773864116E2
1.777470211E2,2.281288882E-2,6.863369490E-4,1.612362918E-3,9.997382164E-1,1.773856087E2,1.865094968E-1,-7.441287116E-2,1.773854836E2
1.777520211E2,2.282069426E-2,6.820017588E-4,1.614617649E-3,9.997380376E-1,1.773847140E2,1.867570459E-1,-7.390887220E-2,1.773845896E2
1.777570211E2,2.281561616E-2,6.839475827E-4,1.611744985E-3,9.997381568E-1,1.773852961E2,1.864326604E-1,-7.414024839E-2,1.773851715E2
1.777620211E2,2.281868539E-2,6.822273135E-4,1.605985104E-3,9.997380972E-1,1.773849443E2,1.857685261E-1,-7.395766110E-2,1.773848204E2
1.777670211E2,2.282085372E-2,6.814900553E-4,1.612578635E-3,9.997380376E-1,1.773846958E2,1.865221259E-1,-7.385555328E-2,1.773845715E2
1.777720211E2,2.282616272E-2,6.783286226E-4,1.612676424E-3,9.997379184E-1,1.773840872E2,1.865254505E-1,-7.349212830E-2,1.773839636E2
1.777770211E2,2.282100571E-2,6.804537843E-4,1.610864419E-3,9.997380376E-1,1.773846783E2,1.863230429E-1,-7.374129114E-2,1.773845544E2
1.777820211E2,2.282419680E-2,6.783396238E-4,1.603520242E-3,9.997379780E-1,1.773843126E2,1.854763850E-1,-7.351770420E-2,1.773841896E2
1.777870211E2,2.282665874E-2,6.769165630E-4,1.606235979E-3,9.997379184E-1,1.773840304E2,1.857839631E-1,-7.334711535E-2,1.773839075E2
1.777920211E2,2.282641528E-2,6.776997470E-4,1.609362545E-3,9.997379184E-1,1.773840583E2,1.861441796E-1,-7.342870478E-2,1.773839350E2
1.777970211E2,2.282374381E-2,6.800321862E-4,1.609240775E-3,9.997379780E-1,1.773843645E2,1.861361342E-1,-7.369672859E-2,1.773842408E2
1.778020211E2,2.281878558E-2,6.828241167E-4,1.604307094E-3,9.997380972E-1,1.773849328E2,1.855778581E-1,-7.403040115E-2,1.773848089E2
1.778070211E2,2.281592617E-2,6.852514343E-4,1.606795122E-3,9.997381568E-1,1.773852606E2,1.858690269E-1,-7.430250402E-2,1.773851360E2
1.778120211E2,2.281342817E-2,6.856720429E-4,1.604997786E-3,9.997382164E-1,1.773855469E2,1.856640346E-1,-7.435585290E-2,1.773854224E2
1.778170211E2,2.281882622E-2,6.830175989E-4,1.603646553E-3,9.997380972E-1,1.773849282E2,1.855026943E-1,-7.405428653E-2,1.773848043E2
1.778220211E2,2.281346431E-2,6.862119189E-4,1.604253193E-3,9.997382164E-1,1.773855427E2,1.855801469E-1,-7.441964189E-2,1.773854182E2
1.778270211E2,2.281070552E-2,6.891886587E-4,1.605061931E-3,9.997382760E-1,1.773858590E2,1.856803741E-1,-7.475906003E-2,1.773857338E2
1.778320211E2,2.281346962E-2,6.860627909E-4,1.604241435E-3,9.997382164E-1,1.773855421E2,1.855784104E-1,-7.440258730E-2,1.773854177E2
1.778370211E2,2.281088630E-2,6.877371925E-4,1.603114069E-3,9.997382760E-1,1.773858382E2,1.854534423E-1,-7.459783598E-2,1.773857135E2
1.778420211E2,2.280254867E-2,6.937557482E-4,1.607617480E-3,9.997384548E-1,1.773867939E2,1.859844684E-1,-7.527711028E-2,1.773866677E2
1.778470211E2,2.280780871E-2,6.908078794E-4,1.608402701E-3,9.997383356E-1,1.773861910E2,1.860671153E-1,-7.493636678E-2,1.773860653E2
1.778520211E2,2.280782389E-2,6.894749240E-4,1.608759398E-3,9.997383356E-1,1.773861893E2,1.861044960E-1,-7.478272612E-2,1.773860638E2
1.778570211E2,2.281317302E-2,6.869182107E-4,1.608088729E-3,9.997382164E-1,1.773855761E2,1.860213783E-1,-7.449058254E-2,1.773854512E2
1.778620211E2,2.281826253E-2,6.828195183E-4,1.611731248E-3,9.997380972E-1,1.773849928E2,1.864283329E-1,-7.401055795E-2,1.773848683E2
1.778670211E2,2.282042582E-2,6.807306199E-4,1.618942362E-3,9.997380376E-1,1.773847448E2,1.872491489E-1,-7.375198886E-2,1.773846203E2
1.778720211E2,2.281296181E-2,6.858186680E-4,1.611550571E-3,9.997382164E-1,1.773856003E2,1.864150832E-1,-7.435560616E-2,1.773854754E2
1.778770211E2,2.281052087E-2,6.883642054E-4,1.608037157E-3,9.997382760E-1,1.773858801E2,1.860190528E-1,-7.465686632E-2,1.773857549E2
1.778820211E2,2.282127176E-2,6.809725892E-4,1.606871141E-3,9.997380376E-1,1.773846478E2,1.858669418E-1,-7.381112010E-2,1.773845241E2
1.778870211E2,2.281582510E-2,6.845907192E-4,1.608510967E-3,9.997381568E-1,1.773852721E2,1.860638623E-1,-7.422234392E-2,1.773851476E2
1.778920211E2,2.281081210E-2,6.876774132E-4,1.604195219E-3,9.997382760E-1,1.773858467E2,1.855771390E-1,-7.458817515E-2,1.773857220E2
1.778970211E2,2.282420130E-2,6.796706584E-4,1.602892415E-3,9.997379780E-1,1.773843121E2,1.854079419E-1,-7.367183092E-2,1.773841889E2
1.779020211E2,2.282659781E-2,6.766846054E-4,1.607199316E-3,9.997379184E-1,1.773840374E2,1.858937135E-1,-7.331803330E-2,1.773839144E2
1.779070211E2,2.281581101E-2,6.839381531E-4,1.608988387E-3,9.997381568E-1,1.773852738E2,1.861168490E-1,-7.414633926E-2,1.773851493E2
1.779120211E2,2.281856027E-2,6.829875638E-4,1.607439015E-3,9.997380972E-1,1.773849586E2,1.859370679E-1,-7.404097794E-2,1.773848345E2
1.779170211E2,2.282639014E-2,6.777463714E-4,1.609699451E-3,9.997379184E-1,1.773840612E2,1.861828963E-1,-7.343316953E-2,1.773839379E2
1.779220211E2,2.282619252E-2,6.774464273E-4,1.612625434E-3,9.997379184E-1,1.773840838E2,1.865173033E-1,-7.339119044E-2,1.773839604E2
1.779270211E2,2.282091665E-2,6.807371392E-4,1.612005988E-3,9.997380376E-1,1.773846885E2,1.864545578E-1,-7.377078388E-2,1.773845645E2
1.779320211E2,2.282329031E-2,6.790792104E-4,1.616060734E-3,9.997379780E-1,1.773844165E2,1.869149157E-1,-7.356980112E-2,1.773842924E2
1.779370211E2,2.282043692E-2,6.806399906E-4,1.618824084E-3,9.997380376E-1,1.773847435E2,1.872353626E-1,-7.374191346E-2,1.773846190E2
1.779420211E2,2.282567491E-2,6.778959651E-4,1.619747374E-3,9.997379184E-1,1.773841431E2,1.873343444E-1,-7.342415749E-2,1.773840191E2
1.779470211E2,2.283378880E-2,6.723844563E-4,1.618048758E-3,9.997377396E-1,1.773832131E2,1.871259204E-1,-7.279567486E-2,1.773830902E2
1.779520211E2,2.283968778E-2,6.677618949E-4,1.610343345E-3,9.997376204E-1,1.773825370E2,1.862315033E-1,-7.228517085E-2,1.773824155E2
1.779570211E2,2.283434716E-2,6.721954560E-4,1.610228675E-3,9.997377396E-1,1.773831491E2,1.862295830E-1,-7.279438138E-2,1.773830268E2
1.779620211E2,2.283710126E-2,6.703828694E-4,1.608932624E-3,9.997376800E-1,1.773828334E2,1.860765613E-1,-7.258960750E-2,1.773827116E2
1.779670211E2,2.283193530E-2,6.737489603E-4,1.606769511E-3,9.997377992E-1,1.773834256E2,1.858371839E-1,-7.298185333E-2,1.773833032E2
1.779720211E2,2.283211557E-2,6.734154304E-4,1.604345860E-3,9.997377992E-1,1.773834049E2,1.855586663E-1,-7.294995159E-2,1.773832828E2
1.779770211E2,2.283754839E-2,6.704166299E-4,1.602559350E-3,9.997376800E-1,1.773827822E2,1.853465479E-1,-7.261007152E-2,1.773826608E2
1.779820211E2,2.283721723E-2,6.703859544E-4,1.607284532E-3,9.997376800E-1,1.773828201E2,1.858877693E-1,-7.259425252E-2,1.773826984E2
1.779870211E2,2.282902657E-2,6.751458859E-4,1.610422740E-3,9.997378588E-1,1.773837590E2,1.862591474E-1,-7.313287065E-2,1.773836361E2
1.779920211E2,2.282913357E-2,6.764539867E-4,1.608355669E-3,9.997378588E-1,1.773837467E2,1.860257702E-1,-7.328811655E-2,1.773836237E2
1.779970211E2,2.283716071E-2,6.698206416E-4,1.608322840E-3,9.997376800E-1,1.773828266E2,1.860052361E-1,-7.252678260E-2,1.773827049E2
1.780020211E2,2.283707083E-2,6.699358346E-4,1.609550673E-3,9.997376800E-1,1.773828369E2,1.861461939E-1,-7.253678269E-2,1.773827151E2
1.780070211E2,2.283436874E-2,6.727474974E-4,1.609692001E-3,9.997377396E-1,1.773831466E2,1.861695468E-1,-7.285902443E-2,1.773830243E2
1.780120211E2,2.283176700E-2,6.732207839E-4,1.609380241E-3,9.997377992E-1,1.773834449E2,1.861348798E-1,-7.291454506E-2,1.773833224E2
1.780170211E2,2.284212301E-2,6.670632865E-4,1.613093424E-3,9.997375607E-1,1.773822578E2,1.865449047E-1,-7.219748486E-2,1.773821363E2
1.780220211E2,2.283679616E-2,6.710408488E-4,1.612983877E-3,9.997376800E-1,1.773828684E2,1.865423804E-1,-7.265444117E-2,1.773827461E2
1.780270211E2,2.283162630E-2,6.747018779E-4,1.610755455E-3,9.997377992E-1,1.773834610E2,1.862962922E-1,-7.308064952E-2,1.773833382E2
1.780320211E2,2.283913736E-2,6.693301257E-4,1.617483096E-3,9.997376204E-1,1.773826001E2,1.870535118E-1,-7.244624545E-2,1.773824778E2
1.780370211E2,2.283071450E-2,6.738225929E-4,1.623993157E-3,9.997377992E-1,1.773835655E2,1.878104613E-1,-7.294545292E-2,1.773834419E2
1.780420211E2,2.283347229E-2,6.730936584E-4,1.622215030E-3,9.997377396E-1,1.773832494E2,1.876050493E-1,-7.286607972E-2,1.773831261E2
1.780470211E2,2.283881820E-2,6.677685888E-4,1.622626907E-3,9.997376204E-1,1.773826366E2,1.876386860E-1,-7.225395040E-2,1.773825143E2
1.780520211E2,2.284414060E-2,6.644419045E-4,1.622517360E-3,9.997375011E-1,1.773820266E2,1.876178111E-1,-7.187212823E-2,1.773819049E2
1.780570211E2,2.284073751E-2,6.678270875E-4,1.632282045E-3,9.997375607E-1,1.773824166E2,1.887450886E-1,-7.223501972E-2,1.773822936E2
1.780620211E2,2.283563718E-2,6.715089548E-4,1.629116945E-3,9.997376800E-1,1.773830013E2,1.883917562E-1,-7.266606577E-2,1.773828777E2
1.780670211E2,2.283328938E-2,6.726708380E-4,1.624962664E-3,9.997377396E-1,1.773832704E2,1.879187037E-1,-7.281048554E-2,1.773831469E2
1.780720211E2,2.283033275E-2,6.748219603E-4,1.628937433E-3,9.997377992E-1,1.773836093E2,1.883794739E-1,-7.304707805E-2,1.773834851E2
1.780770211E2,2.282223231E-2,6.797485403E-4,1.630654908E-3,9.997379780E-1,1.773845377E2,1.885885253E-1,-7.360850934E-2,1.773844125E2
1.780820211E2,2.282537323E-2,6.776600494E-4,1.624091528E-3,9.997379184E-1,1.773841777E2,1.878313798E-1,-7.338582405E-2,1.773840534E2
1.780870211E2,2.282503749E-2,6.786691956E-4,1.628382946E-3,9.997379184E-1,1.773842162E2,1.883256281E-1,-7.349027150E-2,1.773840914E2
1.780920211E2,2.281721958E-2,6.826352910E-4,1.626506913E-3,9.997380972E-1,1.773851123E2,1.881205029E-1,-7.395101182E-2,1.773849868E2
1.780970211E2,2.281189618E-2,6.863486487E-4,1.626341720E-3,9.997382164E-1,1.773857225E2,1.881108925E-1,-7.437785358E-2,1.773855963E2
1.781020211E2,2.281209509E-2,6.861842703E-4,1.623618766E-3,9.997382164E-1,1.773856997E2,1.877985306E-1,-7.436610305E-2,1.773855737E2
1.781070211E2,2.281143812E-2,6.880389410E-4,1.632042346E-3,9.997382164E-1,1.773857750E2,1.887683524E-1,-7.455668019E-2,1.773856481E2
1.781120211E2,2.280073988E-2,6.943860790E-4,1.632803003E-3,9.997384548E-1,1.773870012E2,1.888712830E-1,-7.528385116E-2,1.773868730E2
1.781170211E2,2.279830944E-2,6.964271888E-4,1.629372360E-3,9.997385144E-1,1.773872798E2,1.884834119E-1,-7.552710619E-2,1.773871515E2
1.781220211E2,2.279841627E-2,6.959110615E-4,1.628097612E-3,9.997385144E-1,1.773872676E2,1.883360337E-1,-7.547128811E-2,1.773871394E2
1.781270211E2,2.279815942E-2,6.962268963E-4,1.631555613E-3,9.997385144E-1,1.773872970E2,1.887329950E-1,-7.549848464E-2,1.773871685E2
1.781320211E2,2.280079111E-2,6.939348532E-4,1.632279367E-3,9.997384548E-1,1.773869954E2,1.888101190E-1,-7.523351653E-2,1.773868673E2
1.781370211E2,2.279251418E-2,7.010266418E-4,1.635323046E-3,9.997386336E-1,1.773879441E2,1.891767113E-1,-7.603957675E-2,1.773878144E2
1.781420211E2,2.278439078E-2,7.062691147E-4,1.636950998E-3,9.997388124E-1,1.773888752E2,1.893762846E-1,-7.663744975E-2,1.773887444E2
1.781470211E2,2.279237640E-2,7.007005624E-4,1.637381734E-3,9.997386336E-1,1.773879599E2,1.894116966E-1,-7.599686945E-2,1.773878301E2
1.781520211E2,2.279510103E-2,6.977023440E-4,1.637125737E-3,9.997385740E-1,1.773876476E2,1.893747432E-1,-7.565354113E-2,1.773875184E2
1.781570211E2,2.279791583E-2,6.969417445E-4,1.634651213E-3,9.997385144E-1,1.773873249E2,1.890894825E-1,-7.557233731E-2,1.773871961E2
1.781620211E2,2.280319442E-2,6.922412431E-4,1.635928173E-3,9.997383952E-1,1.773867199E2,1.892238881E-1,-7.502950491E-2,1.773865919E2
1.781670211E2,2.280844244E-2,6.898583961E-4,1.636624453E-3,9.997382760E-1,1.773861184E2,1.892978203E-1,-7.475370888E-2,1.773859907E2
1.781720211E2,2.279516341E-2,6.984277861E-4,1.635947498E-3,9.997385740E-1,1.773876404E2,1.892416617E-1,-7.573971503E-2,1.773875112E2
1.781770211E2,2.278742259E-2,7.029890548E-4,1.632557600E-3,9.997387528E-1,1.773885277E2,1.888646341E-1,-7.627257915E-2,1.773883978E2
1.781820211E2,2.279804930E-2,6.958569284E-4,1.633251319E-3,9.997385144E-1,1.773873096E2,1.889262834E-1,-7.545169111E-2,1.773871811E2
1.781870211E2,2.280573077E-2,6.916231941E-4,1.637258218E-3,9.997383356E-1,1.773864292E2,1.893748356E-1,-7.495474412E-2,1.773863012E2
1.781920211E2,2.280048239E-2,6.951048272E-4,1.636089524E-3,9.997384548E-1,1.773870307E2,1.892496522E-1,-7.535765350E-2,1.773869022E2
1.781970211E2,2.280851545E-2,6.889906945E-4,1.635972410E-3,9.997382760E-1,1.773861100E2,1.892208583E-1,-7.465599407E-2,1.773859826E2
1.782020211E2,2.280302163E-2,6.933370605E-4,1.637871494E-3,9.997383952E-1,1.773867397E2,1.894493697E-1,-7.514999802E-2,1.773866113E2
1.782070211E2,2.279496794E-2,6.975788274E-4,1.639030408E-3,9.997385740E-1,1.773876628E2,1.895926134E-1,-7.563444061E-2,1.773875335E2
1.782120211E2,2.279778785E-2,6.956223515E-4,1.636996400E-3,9.997385144E-1,1.773873396E2,1.893546948E-1,-7.541508273E-2,1.773872108E2
1.782170211E2,2.280864681E-2,6.896791165E-4,1.633849577E-3,9.997382760E-1,1.773860949E2,1.889794717E-1,-7.474038462E-2,1.773859676E2
1.782220211E2,2.279790399E-2,6.964008207E-4,1.635046792E-3,9.997385144E-1,1.773873263E2,1.891333866E-1,-7.550933695E-2,1.773871975E2
1.782270211E2,2.279796445E-2,6.963776541E-4,1.634213491E-3,9.997385144E-1,1.773873194E2,1.890378660E-1,-7.550884858E-2,1.773871907E2
1.782320211E2,2.280835997E-2,6.893609534E-4,1.637982903E-3,9.997382760E-1,1.773861278E2,1.894521406E-1,-7.469318598E-2,1.773860002E2
1.782370211E2,2.281647507E-2,6.842072471E-4,1.636261353E-3,9.997380972E-1,1.773851976E2,1.892420460E-1,-7.410573271E-2,1.773850711E2
1.782420211E2,2.281102320E-2,6.866115145E-4,1.638430404E-3,9.997382164E-1,1.773858225E2,1.894964181E-1,-7.437653136E-2,1.773856954E2
1.782470211E2,2.280842748E-2,6.886654883E-4,1.637335285E-3,9.997382760E-1,1.773861201E2,1.893761352E-1,-7.461519231E-2,1.773859926E2
1.782520211E2,2.281380031E-2,6.846085307E-4,1.636970905E-3,9.997381568E-1,1.773855042E2,1.893241846E-1,-7.415035566E-2,1.773853776E2
1.782570211E2,2.280265616E-2,6.924708723E-4,1.643317053E-3,9.997383952E-1,1.773867816E2,1.900709326E-1,-7.503660542E-2,1.773866530E2
1.782620211E2,2.279991490E-2,6.942113396E-4,1.644356409E-3,9.997384548E-1,1.773870958E2,1.901943455E-1,-7.523380172E-2,1.773869668E2
1.782670211E2,2.280280225E-2,6.924617337E-4,1.641292474E-3,9.997383952E-1,1.773867648E2,1.898389799E-1,-7.504082123E-2,1.773866364E2
1.782720211E2,2.280281642E-2,6.923166220E-4,1.641156850E-3,9.997383952E-1,1.773867632E2,1.898230644E-1,-7.502454871E-2,1.773866348E2
1.782770211E2,2.280561294E-2,6.919945008E-4,1.638741931E-3,9.997383356E-1,1.773864427E2,1.895457744E-1,-7.499342630E-2,1.773863145E2
1.782820211E2,2.281106581E-2,6.873935345E-4,1.637508976E-3,9.997382164E-1,1.773858177E2,1.893929052E-1,-7.446852143E-2,1.773856905E2
1.782870211E2,2.280839870E-2,6.901101442E-4,1.637127949E-3,9.997382760E-1,1.773861234E2,1.893561566E-1,-7.478124181E-2,1.773859957E2
1.782920211E2,2.280318105E-2,6.931032985E-4,1.635749592E-3,9.997383952E-1,1.773867214E2,1.892056814E-1,-7.512873258E-2,1.773865932E2
1.782970211E2,2.281113697E-2,6.871474325E-4,1.636620844E-3,9.997382164E-1,1.773858095E2,1.892905209E-1,-7.444263578E-2,1.773856824E2
1.783020211E2,2.280559076E-2,6.911703385E-4,1.639398281E-3,9.997383356E-1,1.773864452E2,1.896188113E-1,-7.489729780E-2,1.773863171E2
1.783070211E2,2.279765384E-2,6.961791078E-4,1.638625283E-3,9.997385144E-1,1.773873550E2,1.895427475E-1,-7.547463549E-2,1.773872260E2
1.783120211E2,2.280825330E-2,6.886437768E-4,1.639768947E-3,9.997382760E-1,1.773861400E2,1.896548706E-1,-7.460637699E-2,1.773860124E2
1.783170211E2,2.281361815E-2,6.851674407E-4,1.639274182E-3,9.997381568E-1,1.773855251E2,1.895895004E-1,-7.420839814E-2,1.773853982E2
1.783220211E2,2.280817716E-2,6.900572916E-4,1.640233677E-3,9.997382760E-1,1.773861488E2,1.897118002E-1,-7.476711128E-2,1.773860208E2
1.783270211E2,2.279752771E-2,6.963463384E-4,1.640308066E-3,9.997385144E-1,1.773873694E2,1.897359579E-1,-7.548942128E-2,1.773872403E2
1.783320211E2,2.280546449E-2,6.913316320E-4,1.641085837E-3,9.997383356E-1,1.773864597E2,1.898125533E-1,-7.491138945E-2,1.773863315E2
1.783370211E2,2.281063524E-2,6.881105946E-4,1.643195981E-3,9.997382164E-1,1.773858670E2,1.900462622E-1,-7.453588452E-2,1.773857392E2
1.783420211E2,2.280035116E-2,6.947198417E-4,1.638080576E-3,9.997384548E-1,1.773870458E2,1.894767351E-1,-7.530837144E-2,1.773869171E2
1.783470211E2,2.280577245E-2,6.902983296E-4,1.637236681E-3,9.997383356E-1,1.773864244E2,1.893689086E-1,-7.480301388E-2,1.773862966E2
1.783520211E2,2.281628022E-2,6.832054351E-4,1.639393973E-3,9.997380972E-1,1.773852200E2,1.895982910E-1,-7.398280961E-2,1.773850934E2
1.783570211E2,2.281042660E-2,6.883334718E-4,1.645996468E-3,9.997382164E-1,1.773858909E2,1.903676586E-1,-7.455413683E-2,1.773857629E2
1.783620211E2,2.280768833E-2,6.903682952E-4,1.646886580E-3,9.997382760E-1,1.773862048E2,1.904747463E-1,-7.478544440E-2,1.773860763E2
1.783670211E2,2.281312060E-2,6.863452145E-4,1.645693090E-3,9.997381568E-1,1.773855821E2,1.903279055E-1,-7.432663905E-2,1.773854545E2
1.783720211E2,2.281308435E-2,6.862814771E-4,1.646222081E-3,9.997381568E-1,1.773855863E2,1.903883384E-1,-7.431796114E-2,1.773854587E2
1.783770211E2,2.280220669E-2,6.937820581E-4,1.648991019E-3,9.997383952E-1,1.773868331E2,1.907243463E-1,-7.517207596E-2,1.773867038E2
1.783820211E2,2.279944939E-2,6.942900363E-4,1.650765073E-3,9.997384548E-1,1.773871491E2,1.909287054E-1,-7.522616162E-2,1.773870196E2
1.783870211E2,2.280721674E-2,6.904500187E-4,1.653370564E-3,9.997382760E-1,1.773862588E2,1.912177427E-1,-7.477794979E-2,1.773861299E2
1.783920211E2,2.279940091E-2,6.944799097E-4,1.651354716E-3,9.997384548E-1,1.773871547E2,1.909967487E-1,-7.524638250E-2,1.773870251E2
1.783970211E2,2.279948272E-2,6.957435398E-4,1.649692422E-3,9.997384548E-1,1.773871453E2,1.908096209E-1,-7.539547357E-2,1.773870156E2
1.784020211E2,2.280506743E-2,6.921038148E-4,1.646269928E-3,9.997383356E-1,1.773865052E2,1.904084414E-1,-7.498637924E-2,1.773863764E2
1.784070211E2,2.279928484E-2,6.945856148E-4,1.652912004E-3,9.997384548E-1,1.773871680E2,1.911754221E-1,-7.525444563E-2,1.773870383E2
1.784120211E2,2.279635490E-2,6.965972134E-4,1.656422159E-3,9.997385144E-1,1.773875038E2,1.915825876E-1,-7.547628800E-2,1.773873734E2
1.784170211E2,2.280454700E-2,6.923820474E-4,1.653346932E-3,9.997383356E-1,1.773865649E2,1.912198852E-1,-7.499985851E-2,1.773864355E2
1.784220211E2,2.279910167E-2,6.959580933E-4,1.654860098E-3,9.997384548E-1,1.773871890E2,1.914021722E-1,-7.540662421E-2,1.773870588E2
1.784270211E2,2.279892482E-2,6.957469741E-4,1.657383400E-3,9.997384548E-1,1.773872093E2,1.916906817E-1,-7.537587928E-2,1.773870790E2
1.784320211E2,2.280399386E-2,6.920948508E-4,1.661078422E-3,9.997383356E-1,1.773866283E2,1.921048280E-1,-7.494685806E-2,1.773864984E2
1.784370211E2,2.279385478E-2,6.984765059E-4,1.654060208E-3,9.997385740E-1,1.773877904E2,1.913167185E-1,-7.569823164E-2,1.773876598E2
1.784420211E2,2.279424487E-2,6.991836708E-4,1.648375997E-3,9.997385740E-1,1.773877457E2,1.906674008E-1,-7.579401904E-2,1.773876154E2
1.784470211E2,2.280195520E-2,6.929913070E-4,1.652796753E-3,9.997383952E-1,1.773868619E2,1.911582533E-1,-7.507158966E-2,1.773867325E2
1.784520211E2,2.279918552E-2,6.949769449E-4,1.654117019E-3,9.997384548E-1,1.773871794E2,1.913144861E-1,-7.529614766E-2,1.773870495E2
1.784570211E2,2.279398371E-2,6.993435090E-4,1.651915838E-3,9.997385740E-1,1.773877756E2,1.910733298E-1,-7.580313365E-2,1.773876450E2
1.784620211E2,2.279644191E-2,6.978246383E-4,1.654707128E-3,9.997385144E-1,1.773874939E2,1.913893237E-1,-7.562136751E-2,1.773873634E2
1.784670211E2,2.279890564E-2,6.949715898E-4,1.657972462E-3,9.997384548E-1,1.773872115E2,1.917561383E-1,-7.528551463E-2,1.773870813E2
1.784720211E2,2.279062749E-2,7.009634865E-4,1.661436516E-3,9.997386336E-1,1.773881603E2,1.921680148E-1,-7.596449677E-2,1.773880287E2
1.784770211E2,2.278250747E-2,7.060670760E-4,1.663042582E-3,9.997388124E-1,1.773890911E2,1.923647179E-1,-7.654654019E-2,1.773889583E2
1.784820211E2,2.279279457E-2,6.989589892E-4,1.668404206E-3,9.997385740E-1,1.773879119E2,1.929611759E-1,-7.571624213E-2,1.773877802E2
1.784870211E2,2.278741995E-2,7.021132624E-4,1.669063582E-3,9.997386932E-1,1.773885280E2,1.930445461E-1,-7.607691637E-2,1.773883955E2
1.784920211E2,2.278500832E-2,7.039763150E-4,1.665496733E-3,9.997387528E-1,1.773888044E2,1.926406022E-1,-7.630012988E-2,1.773886719E2
1.784970211E2,2.278489895E-2,7.056252216E-4,1.666294993E-3,9.997387528E-1,1.773888169E2,1.927363500E-1,-7.648696811E-2,1.773886840E2
1.785020211E2,2.278785703E-2,7.036495372E-4,1.662435941E-3,9.997386932E-1,1.773884779E2,1.922893157E-1,-7.627013780E-2,1.773883456E2
1.785070211E2,2.278281525E-2,7.059739437E-4,1.658860478E-3,9.997388124E-1,1.773890558E2,1.918853879E-1,-7.654673045E-2,1.773889234E2
1.785120211E2,2.278559744E-2,7.042728830E-4,1.657291432E-3,9.997387528E-1,1.773887369E2,1.917014056E-1,-7.635541715E-2,1.773886049E2
1.785170211E2,2.278263433E-2,7.061258075E-4,1.661278773E-3,9.997388124E-1,1.773890765E2,1.921628154E-1,-7.655784918E-2,1.773889439E2
1.785220211E2,2.277977917E-2,7.085634279E-4,1.663522911E-3,9.997388721E-1,1.773894038E2,1.924260539E-1,-7.683179753E-2,1.773892705E2
1.785270211E2,2.278016354E-2,7.088106358E-4,1.658145455E-3,9.997388721E-1,1.773893597E2,1.918106764E-1,-7.687408223E-2,1.773892268E2
1.785320211E2,2.277490193E-2,7.111618761E-4,1.657541608E-3,9.997389913E-1,1.773899628E2,1.917472312E-1,-7.714602981E-2,1.773898295E2
1.785370211E2,2.277749590E-2,7.105961558E-4,1.658090856E-3,9.997389317E-1,1.773896655E2,1.918088775E-1,-7.707928875E-2,1.773895322E2
1.785420211E2,2.278028180E-2,7.087045815E-4,1.656565350E-3,9.997388721E-1,1.773893462E2,1.916293885E-1,-7.686603475E-2,1.773892134E2
1.785470211E2,2.276926260E-2,7.151503814E-4,1.661396236E-3,9.997391105E-1,1.773906092E2,1.921987985E-1,-7.759398351E-2,1.773904748E2
1.785520211E2,2.277158883E-2,7.141195820E-4,1.665818272E-3,9.997390509E-1,1.773903426E2,1.927028864E-1,-7.746390654E-2,1.773902080E2
1.785570211E2,2.277983257E-2,7.079158677E-4,1.663067378E-3,9.997388721E-1,1.773893977E2,1.923721806E-1,-7.675879084E-2,1.773892645E2
1.785620211E2,2.277416311E-2,7.126507116E-4,1.667026430E-3,9.997389913E-1,1.773900475E2,1.928376611E-1,-7.729198093E-2,1.773899131E2
1.785670211E2,2.277095318E-2,7.148494478E-4,1.674173400E-3,9.997390509E-1,1.773904154E2,1.936619228E-1,-7.752584105E-2,1.773902801E2
1.785720211E2,2.276574159E-2,7.183884154E-4,1.672347658E-3,9.997391701E-1,1.773910128E2,1.934615916E-1,-7.793704397E-2,1.773908769E2
1.785770211E2,2.276875918E-2,7.150683086E-4,1.668316429E-3,9.997391105E-1,1.773906669E2,1.929913369E-1,-7.756662140E-2,1.773905320E2
1.785820211E2,2.276841156E-2,7.167756557E-4,1.672323095E-3,9.997391105E-1,1.773907067E2,1.934547772E-1,-7.775183089E-2,1.773905712E2
1.785870211E2,2.276838171E-2,7.154570194E-4,1.673293882E-3,9.997391105E-1,1.773907102E2,1.935625494E-1,-7.759823845E-2,1.773905748E2
1.785920211E2,2.277182848E-2,7.134221378E-4,1.662838506E-3,9.997390509E-1,1.773903151E2,1.923597165E-1,-7.739173594E-2,1.773901809E2
1.785970211E2,2.276407203E-2,7.199514657E-4,1.658714842E-3,9.997392297E-1,1.773912041E2,1.919037354E-1,-7.815199686E-2,1.773910690E2
1.786020211E2,2.276341703E-2,7.197826053E-4,1.667752629E-3,9.997392297E-1,1.773912792E2,1.929386315E-1,-7.810920136E-2,1.773911434E2
1.786070211E2,2.276648351E-2,7.176614017E-4,1.662531053E-3,9.997391701E-1,1.773909277E2,1.923351416E-1,-7.787922386E-2,1.773907927E2
1.786120211E2,2.276416943E-2,7.194983191E-4,1.657574438E-3,9.997392297E-1,1.773911930E2,1.917719136E-1,-7.810303990E-2,1.773910580E2
1.786170211E2,2.275038972E-2,7.286206237E-4,1.663018134E-3,9.997395277E-1,1.773927724E2,1.924182642E-1,-7.913655791E-2,1.773926353E2
1.786220211E2,2.274749962E-2,7.301506703E-4,1.666046912E-3,9.997395873E-1,1.773931037E2,1.927690076E-1,-7.930450354E-2,1.773929660E2
1.786270211E2,2.275359484E-2,7.258802652E-4,1.656184671E-3,9.997394681E-1,1.773924051E2,1.916285156E-1,-7.883981909E-2,1.773922690E2
1.786320211E2,2.275680246E-2,7.243231521E-4,1.648758189E-3,9.997394085E-1,1.773920374E2,1.907739138E-1,-7.868018601E-2,1.773919022E2
1.786370211E2,2.275649542E-2,7.254437660E-4,1.652499195E-3,9.997394085E-1,1.773920726E2,1.912053899E-1,-7.879886814E-2,1.773919369E2
1.786420211E2,2.275112325E-2,7.284114836E-4,1.653044834E-3,9.997395277E-1,1.773926884E2,1.912752143E-1,-7.913845993E-2,1.773925520E2
1.786470211E2,2.274617557E-2,7.322462043E-4,1.647332800E-3,9.997396469E-1,1.773932555E2,1.906304366E-1,-7.959360828E-2,1.773931188E2
1.786520211E2,2.273820713E-2,7.376741851E-4,1.646399614E-3,9.997398257E-1,1.773941688E2,1.905370399E-1,-8.021939857E-2,1.773940312E2
1.786570211E2,2.274290071E-2,7.342254976E-4,1.655474189E-3,9.997397065E-1,1.773936308E2,1.915680301E-1,-7.979976531E-2,1.773934932E2
1.786620211E2,2.273760101E-2,7.368863444E-4,1.655100379E-3,9.997398257E-1,1.773942383E2,1.915317167E-1,-8.010658624E-2,1.773941001E2
1.786670211E2,2.274063099E-2,7.362168981E-4,1.649764599E-3,9.997397661E-1,1.773938910E2,1.909189362E-1,-8.004321797E-2,1.773937534E2
1.786720211E2,2.273527049E-2,7.396428846E-4,1.649873913E-3,9.997398853E-1,1.773945054E2,1.909399573E-1,-8.043644403E-2,1.773943671E2
1.786770211E2,2.273788477E-2,7.367780781E-4,1.651245751E-3,9.997398257E-1,1.773942058E2,1.910898627E-1,-8.010417275E-2,1.773940679E2
1.786820211E2,2.274090206E-2,7.357441355E-4,1.646235236E-3,9.997397661E-1,1.773938599E2,1.905133942E-1,-7.999820339E-2,1.773937227E2
1.786870211E2,2.273607608E-2,7.384851342E-4,1.639257185E-3,9.997398853E-1,1.773944131E2,1.897207298E-1,-8.033131814E-2,1.773942759E2
1.786920211E2,2.274119784E-2,7.344598998E-4,1.642719144E-3,9.997397661E-1,1.773938260E2,1.901072596E-1,-7.986018596E-2,1.773936893E2
1.786970211E2,2.274901225E-2,7.297242992E-4,1.645452925E-3,9.997395873E-1,1.773929303E2,1.904087247E-1,-7.930905428E-2,1.773927943E2
1.787020211E2,2.274163846E-2,7.349760854E-4,1.636376139E-3,9.997397661E-1,1.773937755E2,1.893819719E-1,-7.993576807E-2,1.773936392E2
1.787070211E2,2.274383179E-2,7.334577385E-4,1.642975956E-3,9.997397065E-1,1.773935241E2,1.901342787E-1,-7.974420636E-2,1.773933876E2
1.787120211E2,2.274582386E-2,7.311319350E-4,1.652675448E-3,9.997396469E-1,1.773932958E2,1.912395691E-1,-7.945209643E-2,1.773931589E2
1.787170211E2,2.275136927E-2,7.277200348E-4,1.649960410E-3,9.997395277E-1,1.773926602E2,1.909200726E-1,-7.906724115E-2,1.773925242E2
1.787220211E2,2.274624496E-2,7.321084267E-4,1.646435703E-3,9.997396469E-1,1.773932475E2,1.905273096E-1,-7.958014945E-2,1.773931110E2
1.787270211E2,2.275377991E-2,7.263062871E-4,1.653452986E-3,9.997394681E-1,1.773923838E2,1.913166935E-1,-7.889571238E-2,1.773922479E2
1.787320211E2,2.275625218E-2,7.252610521E-4,1.655925415E-3,9.997394085E-1,1.773921005E2,1.915974092E-1,-7.876904769E-2,1.773919645E2
1.787370211E2,2.275132379E-2,7.278211997E-4,1.650542836E-3,9.997395277E-1,1.773926654E2,1.909870568E-1,-7.907732094E-2,1.773925293E2
1.787420211E2,2.275175599E-2,7.273490774E-4,1.644783304E-3,9.997395277E-1,1.773926158E2,1.903260356E-1,-7.903816803E-2,1.773924803E2
1.787470211E2,2.276195227E-2,7.209032192E-4,1.651450875E-3,9.997392893E-1,1.773914471E2,1.910738772E-1,-7.828038609E-2,1.773913124E2
1.787520211E2,2.275878099E-2,7.221295964E-4,1.658523688E-3,9.997393489E-1,1.773918106E2,1.918871041E-1,-7.840304147E-2,1.773916751E2
1.787570211E2,2.275119594E-2,7.273940137E-4,1.652492327E-3,9.997395277E-1,1.773926800E2,1.912092706E-1,-7.902332340E-2,1.773925439E2
1.787620211E2,2.275396987E-2,7.263335865E-4,1.650824794E-3,9.997394681E-1,1.773923621E2,1.910156883E-1,-7.890565665E-2,1.773922263E2
1.787670211E2,2.275075781E-2,7.290823269E-4,1.657771878E-3,9.997395277E-1,1.773927302E2,1.918184748E-1,-7.920305856E-2,1.773925934E2
1.787720211E2,2.273749564E-2,7.371596876E-4,1.656425651E-3,9.997398257E-1,1.773942504E2,1.916842466E-1,-8.013446789E-2,1.773941120E2
1.787770211E2,2.273198613E-2,7.412215346E-4,1.658281893E-3,9.997399449E-1,1.773948819E2,1.919070425E-1,-8.059602121E-2,1.773947426E2
1.787820211E2,2.274267253E-2,7.340431330E-4,1.658686670E-3,9.997397065E-1,1.773936570E2,1.919355653E-1,-7.977054446E-2,1.773935191E2
1.787870211E2,2.274010702E-2,7.350192755E-4,1.657502842E-3,9.997397661E-1,1.773939510E2,1.918022828E-1,-7.988595064E-2,1.773938130E2
1.787920211E2,2.272944785E-2,7.423189818E-4,1.656649169E-3,9.997400045E-1,1.773951728E2,1.917226482E-1,-8.072648684E-2,1.773950335E2
1.787970211E2,2.273475705E-2,7.385445642E-4,1.657423796E-3,9.997398853E-1,1.773945643E2,1.918019852E-1,-8.029104642E-2,1.773944256E2
1.788020211E2,2.273721265E-2,7.384917117E-4,1.659713569E-3,9.997398257E-1,1.773942828E2,1.920643660E-1,-8.027855411E-2,1.773941440E2
1.788070211E2,2.273430912E-2,7.395956782E-4,1.663089613E-3,9.997398853E-1,1.773946156E2,1.924537764E-1,-8.039678869E-2,1.773944763E2
1.788120211E2,2.273762919E-2,7.371361135E-4,1.654601889E-3,9.997398257E-1,1.773942351E2,1.914752617E-1,-8.013649374E-2,1.773940969E2
1.788170211E2,2.274345816E-2,7.330762455E-4,1.648309757E-3,9.997397065E-1,1.773935669E2,1.907443062E-1,-7.968667115E-2,1.773934301E2
1.788220211E2,2.274031265E-2,7.355654379E-4,1.654436579E-3,9.997397661E-1,1.773939275E2,1.914524449E-1,-7.995647119E-2,1.773937896E2
1.788270211E2,2.274045434E-2,7.359475130E-4,1.652317820E-3,9.997397661E-1,1.773939112E2,1.912107225E-1,-8.000573676E-2,1.773937735E2
1.788320211E2,2.275177469E-2,7.274693344E-4,1.644471427E-3,9.997395277E-1,1.773926137E2,1.902906215E-1,-7.905275448E-2,1.773924782E2
1.788370211E2,2.274359163E-2,7.329805521E-4,1.646509627E-3,9.997397065E-1,1.773935516E2,1.905378406E-1,-7.968037467E-2,1.773934149E2
1.788420211E2,2.273240004E-2,7.414111169E-4,1.652513165E-3,9.997399449E-1,1.773948344E2,1.912466917E-1,-8.063268868E-2,1.773946956E2
1.788470211E2,2.272999645E-2,7.421010523E-4,1.649203012E-3,9.997400045E-1,1.773951099E2,1.908690767E-1,-8.072081105E-2,1.773949712E2
1.788520211E2,2.274095104E-2,7.351462846E-4,1.645825687E-3,9.997397661E-1,1.773938543E2,1.904649211E-1,-7.993077050E-2,1.773937172E2
1.788570211E2,2.274096959E-2,7.359681767E-4,1.645201934E-3,9.997397661E-1,1.773938522E2,1.903956062E-1,-8.002654995E-2,1.773937150E2
1.788620211E2,2.273565242E-2,7.397845038E-4,1.644538832E-3,9.997398853E-1,1.773944616E2,1.903291585E-1,-8.046649557E-2,1.773943238E2
1.788670211E2,2.273602601E-2,7.398729213E-4,1.639325870E-3,9.997398853E-1,1.773944188E2,1.897322107E-1,-8.049013607E-2,1.773942813E2
1.788720211E2,2.273614376E-2,7.387946243E-4,1.638178714E-3,9.997398853E-1,1.773944053E2,1.895979897E-1,-8.036957101E-2,1.773942681E2
1.788770211E2,2.273647989E-2,7.389699458E-4,1.633427572E-3,9.997398853E-1,1.773943668E2,1.890541724E-1,-8.040197175E-2,1.773942300E2
1.788820211E2,2.273635542E-2,7.382139447E-4,1.635500579E-3,9.997398853E-1,1.773943811E2,1.892896806E-1,-8.030998514E-2,1.773942442E2
1.788870211E2,2.273914235E-2,7.376568974E-4,1.633439912E-3,9.997398257E-1,1.773940616E2,1.890523782E-1,-8.025101093E-2,1.773939250E2
1.788920211E2,2.272614053E-2,7.456276799E-4,1.628355822E-3,9.997401237E-1,1.773955519E2,1.884896510E-1,-8.117985783E-2,1.773954142E2
1.788970211E2,2.273391899E-2,7.413015119E-4,1.631533378E-3,9.997399449E-1,1.773946603E2,1.888430384E-1,-8.067449931E-2,1.773945232E2
1.789020211E2,2.273369756E-2,7.398434682E-4,1.635276363E-3,9.997399449E-1,1.773946857E2,1.892680262E-1,-8.049775367E-2,1.773945486E2
1.789070211E2,2.273167948E-2,7.414567517E-4,1.626134501E-3,9.997400045E-1,1.773949170E2,1.882247550E-1,-8.070677096E-2,1.773947803E2
1.789120211E2,2.273157767E-2,7.430632832E-4,1.626824262E-3,9.997400045E-1,1.773949287E2,1.883079527E-1,-8.088904047E-2,1.773947916E2
1.789170211E2,2.272834075E-2,7.443187060E-4,1.634827699E-3,9.997400641E-1,1.773952997E2,1.892278524E-1,-8.101262780E-2,1.773951617E2
1.789220211E2,2.272039229E-2,7.495316095E-4,1.633581007E-3,9.997402430E-1,1.773962108E2,1.890979588E-1,-8.161457812E-2,1.773960719E2
1.789270211E2,2.271798924E-2,7.516638725E-4,1.629539300E-3,9.997403026E-1,1.773964862E2,1.886402875E-1,-8.186983096E-2,1.773963472E2
1.789320211E2,2.272353210E-2,7.486903341E-4,1.626757556E-3,9.997401834E-1,1.773958509E2,1.883143145E-1,-8.153537491E-2,1.773957127E2
1.789370211E2,2.271526272E-2,7.533388562E-4,1.630206592E-3,9.997403622E-1,1.773967987E2,1.887208713E-1,-8.206049762E-2,1.773966594E2
1.789420211E2,2.270978917E-2,7.566493587E-4,1.631825464E-3,9.997404814E-1,1.773974261E2,1.889145001E-1,-8.243657513E-2,1.773972860E2
1.789470211E2,2.270184698E-2,7.629954489E-4,1.629829290E-3,9.997406602E-1,1.773983365E2,1.887016707E-1,-8.317028924E-2,1.773981953E2
1.789520211E2,2.269652710E-2,7.657452952E-4,1.629508100E-3,9.997407794E-1,1.773989462E2,1.886715849E-1,-8.348715642E-2,1.773988046E2
1.789570211E2,2.270424788E-2,7.600905374E-4,1.634298242E-3,9.997406006E-1,1.773980613E2,1.892062846E-1,-8.282541633E-2,1.773979203E2
1.789620211E2,2.270127301E-2,7.634372450E-4,1.637598500E-3,9.997406602E-1,1.773984022E2,1.895928306E-1,-8.320079883E-2,1.773982603E2
1.789670211E2,2.268817728E-2,7.720438298E-4,1.633104403E-3,9.997409582E-1,1.773999033E2,1.890992663E-1,-8.420095402E-2,1.773997601E2
1.789720211E2,2.269072306E-2,7.695343811E-4,1.635405701E-3,9.997408986E-1,1.773996115E2,1.893565967E-1,-8.390700112E-2,1.773994686E2
1.789770211E2,2.269599921E-2,7.664817385E-4,1.636499539E-3,9.997407794E-1,1.773990067E2,1.894744116E-1,-8.355344025E-2,1.773988643E2
1.789820211E2,2.268815419E-2,7.727731718E-4,1.633080188E-3,9.997409582E-1,1.773999059E2,1.890983868E-1,-8.428457617E-2,1.773997626E2
1.789870211E2,2.268587424E-2,7.737071137E-4,1.627814025E-3,9.997410178E-1,1.774001673E2,1.884973191E-1,-8.440569235E-2,1.774000242E2
1.789920211E2,2.269637877E-2,7.673240034E-4,1.630830928E-3,9.997407794E-1,1.773989632E2,1.888272252E-1,-8.366460361E-2,1.773988211E2
1.789970211E2,2.267990776E-2,7.769229123E-4,1.636187430E-3,9.997411370E-1,1.774008512E2,1.894644511E-1,-8.475346238E-2,1.774007068E2
1.790020211E2,2.266331851E-2,7.888176478E-4,1.641835785E-3,9.997414947E-1,1.774027526E2,1.901410298E-1,-8.610462111E-2,1.774026054E2
1.790070211E2,2.267392465E-2,7.814862183E-4,1.644079573E-3,9.997412562E-1,1.774015369E2,1.903799449E-1,-8.525687070E-2,1.774013910E2
1.790120211E2,2.267118038E-2,7.829550887E-4,1.644980512E-3,9.997413158E-1,1.774018515E2,1.904867411E-1,-8.542332927E-2,1.774017052E2
1.790170211E2,2.266033806E-2,7.916679606E-4,1.645304263E-3,9.997415543E-1,1.774030943E2,1.905455328E-1,-8.642271843E-2,1.774029462E2
1.790220211E2,2.266311779E-2,7.889003609E-4,1.644564327E-3,9.997414947E-1,1.774027756E2,1.904538156E-1,-8.610704862E-2,1.774026282E2
1.790270211E2,2.267629489E-2,7.792866090E-4,1.648671692E-3,9.997411966E-1,1.774012653E2,1.909005142E-1,-8.499249442E-2,1.774011194E2
1.790320211E2,2.267862001E-2,7.778094150E-4,1.653523883E-3,9.997411370E-1,1.774009988E2,1.914527506E-1,-8.481020971E-2,1.774008527E2
1.790370211E2,2.267586872E-2,7.796094287E-4,1.654370804E-3,9.997411966E-1,1.774013141E2,1.915542206E-1,-8.501474886E-2,1.774011677E2
1.790420211E2,2.268980698E-2,7.710332284E-4,1.647366094E-3,9.997408986E-1,1.773997165E2,1.907306278E-1,-8.404778595E-2,1.773995723E2
1.790470211E2,2.269550412E-2,7.667049649E-4,1.643247087E-3,9.997407794E-1,1.773990635E2,1.902479654E-1,-8.356155789E-2,1.773989205E2
1.790520211E2,2.268461253E-2,7.747421041E-4,1.644816250E-3,9.997410178E-1,1.774003119E2,1.904477176E-1,-8.448030155E-2,1.774001672E2
1.790570211E2,2.268738299E-2,7.722154260E-4,1.644021366E-3,9.997409582E-1,1.773999943E2,1.903503181E-1,-8.419237930E-2,1.773998502E2
1.790620211E2,2.269811931E-2,7.645899896E-4,1.644373755E-3,9.997407198E-1,1.773987637E2,1.903717556E-1,-8.331583399E-2,1.773986210E2
1.790670211E2,2.269815317E-2,7.656402886E-4,1.643417403E-3,9.997407198E-1,1.773987598E2,1.902649289E-1,-8.343863942E-2,1.773986170E2
1.790720211E2,2.269513269E-2,7.674158551E-4,1.648038276E-3,9.997407794E-1,1.773991061E2,1.907986731E-1,-8.363060850E-2,1.773989625E2
1.790770211E2,2.269527020E-2,7.665813901E-4,1.646532211E-3,9.997407794E-1,1.773990903E2,1.906239758E-1,-8.353890137E-2,1.773989470E2
1.790820211E2,2.270356688E-2,7.615668001E-4,1.643048134E-3,9.997406006E-1,1.773981393E2,1.902124769E-1,-8.297190334E-2,1.773979973E2
1.790870211E2,2.269004734E-2,7.699871203E-4,1.644542441E-3,9.997408986E-1,1.773996889E2,1.904044433E-1,-8.393523811E-2,1.773995452E2
1.790920211E2,2.268746960E-2,7.722423179E-4,1.642813091E-3,9.997409582E-1,1.773999844E2,1.902119726E-1,-8.419858505E-2,1.773998404E2
1.790970211E2,2.268796825E-2,7.718650741E-4,1.636090106E-3,9.997409582E-1,1.773999273E2,1.894408330E-1,-8.417275213E-2,1.773997838E2
1.791020211E2,2.269305838E-2,7.687571342E-4,1.639798866E-3,9.997408390E-1,1.773993438E2,1.898580622E-1,-8.380609113E-2,1.773992007E2
1.791070211E2,2.269490876E-2,7.673904183E-4,1.651130849E-3,9.997407794E-1,1.773991317E2,1.911528804E-1,-8.361969401E-2,1.773989879E2
1.791120211E2,2.270029554E-2,7.640828844E-4,1.650794176E-3,9.997406602E-1,1.773985143E2,1.911061557E-1,-8.324062252E-2,1.773983712E2
1.791170211E2,2.270091913E-2,7.622410194E-4,1.643052325E-3,9.997406602E-1,1.773984428E2,1.902144915E-1,-8.304963605E-2,1.773983007E2
1.791220211E2,2.269269111E-2,7.693942753E-4,1.644575619E-3,9.997408390E-1,1.773993859E2,1.904069244E-1,-8.386673085E-2,1.773992423E2
1.791270211E2,2.269763328E-2,7.648158935E-4,1.650964376E-3,9.997407198E-1,1.773988194E2,1.911273393E-1,-8.332466363E-2,1.773986762E2
1.791320211E2,2.270110159E-2,7.628617459E-4,1.640240895E-3,9.997406602E-1,1.773984219E2,1.898940378E-1,-8.312802687E-2,1.773982799E2
1.791370211E2,2.269348184E-2,7.687830366E-4,1.633915934E-3,9.997408390E-1,1.773992953E2,1.891842029E-1,-8.382427746E-2,1.773991526E2
1.791420211E2,2.268984819E-2,7.713021478E-4,1.646672492E-3,9.997408986E-1,1.773997118E2,1.906518699E-1,-8.408038953E-2,1.773995676E2
1.791470211E2,2.268145139E-2,7.756244740E-4,1.651751343E-3,9.997410774E-1,1.774006742E2,1.912442447E-1,-8.456396369E-2,1.774005288E2
1.791520211E2,2.267977619E-2,7.768870564E-4,1.638027141E-3,9.997411370E-1,1.774008662E2,1.896751083E-1,-8.474459807E-2,1.774007217E2
1.791570211E2,2.268498220E-2,7.747537456E-4,1.639704453E-3,9.997410178E-1,1.774002695E2,1.898621599E-1,-8.449485372E-2,1.774001252E2
1.791620211E2,2.268955414E-2,7.709792699E-4,1.650870079E-3,9.997408986E-1,1.773997455E2,1.911318908E-1,-8.403254161E-2,1.773996010E2
1.791670211E2,2.268439541E-2,7.745916955E-4,1.647878671E-3,9.997410178E-1,1.774003368E2,1.907981464E-1,-8.445515077E-2,1.774001918E2
1.791720211E2,2.267500881E-2,7.808335358E-4,1.629371662E-3,9.997412562E-1,1.774014127E2,1.886933684E-1,-8.522011037E-2,1.774012681E2
1.791770211E2,2.268258385E-2,7.757532294E-4,1.636065310E-3,9.997410774E-1,1.774005444E2,1.894476468E-1,-8.461927151E-2,1.774004003E2
1.791820211E2,2.269292107E-2,7.682842552E-4,1.641919371E-3,9.997408390E-1,1.773993596E2,1.900997508E-1,-8.374642877E-2,1.773992164E2
1.791870211E2,2.268319049E-2,7.753621321E-4,1.627819263E-3,9.997410774E-1,1.774004749E2,1.885019952E-1,-8.459578687E-2,1.774003315E2
1.791920211E2,2.268379629E-2,7.745722542E-4,1.619733521E-3,9.997410774E-1,1.774004054E2,1.875736716E-1,-8.452620174E-2,1.774002629E2
1.791970211E2,2.268279063E-2,7.754668477E-4,1.633331995E-3,9.997410774E-1,1.774005207E2,1.891337849E-1,-8.459352887E-2,1.774003768E2
1.792020211E2,2.268015090E-2,7.776143029E-4,1.632484491E-3,9.997411370E-1,1.774008233E2,1.890420516E-1,-8.484224767E-2,1.774006791E2
1.792070211E2,2.267545756E-2,7.801855099E-4,1.623426215E-3,9.997412562E-1,1.774013612E2,1.880105982E-1,-8.516123618E-2,1.774012173E2
1.792120211E2,2.267774372E-2,7.790478412E-4,1.628735801E-3,9.997411966E-1,1.774010992E2,1.886161146E-1,-8.501667400E-2,1.774009550E2
1.792170211E2,2.267760619E-2,7.789016236E-4,1.630719402E-3,9.997411966E-1,1.774011150E2,1.888429688E-1,-8.499479396E-2,1.774009706E2
1.792220211E2,2.267805111E-2,7.791784592E-4,1.624387456E-3,9.997411966E-1,1.774010640E2,1.881183237E-1,-8.504288060E-2,1.774009201E2
1.792270211E2,2.267316163E-2,7.834596909E-4,1.617198810E-3,9.997413158E-1,1.774016244E2,1.873054848E-1,-8.555294525E-2,1.774014804E2
1.792320211E2,2.268600742E-2,7.732305094E-4,1.626183628E-3,9.997410178E-1,1.774001520E2,1.883093091E-1,-8.435530519E-2,1.774000092E2
1.792370211E2,2.270143867E-2,7.634524372E-4,1.635293360E-3,9.997406602E-1,1.773983833E2,1.893288019E-1,-8.320850477E-2,1.773982415E2
1.792420211E2,2.269646659E-2,7.672959473E-4,1.629621489E-3,9.997407794E-1,1.773989532E2,1.886886035E-1,-8.366451858E-2,1.773988112E2
1.792470211E2,2.269630455E-2,7.660305710E-4,1.632471103E-3,9.997407794E-1,1.773989717E2,1.890117567E-1,-8.351217353E-2,1.773988298E2
1.792520211E2,2.270377129E-2,7.611259934E-4,1.640425762E-3,9.997406006E-1,1.773981159E2,1.899109221E-1,-8.292818771E-2,1.773979742E2
1.792570211E2,2.271189920E-2,7.557051140E-4,1.639396069E-3,9.997404218E-1,1.773971843E2,1.897795216E-1,-8.230829769E-2,1.773970437E2
1.792620211E2,2.271194622E-2,7.556241471E-4,1.638781861E-3,9.997404218E-1,1.773971789E2,1.897089498E-1,-8.230061167E-2,1.773970384E2
1.792670211E2,2.272495877E-2,7.469921256E-4,1.644146745E-3,9.997401237E-1,1.773956874E2,1.903021517E-1,-8.129527083E-2,1.773955481E2
1.792720211E2,2.272456371E-2,7.458042819E-4,1.650135498E-3,9.997401237E-1,1.773957326E2,1.909851107E-1,-8.114366865E-2,1.773955931E2
1.792770211E2,2.271917122E-2,7.503766683E-4,1.650092076E-3,9.997402430E-1,1.773963507E2,1.909916042E-1,-8.166863287E-2,1.773962103E2
1.792820211E2,2.271961101E-2,7.504758541E-4,1.643980504E-3,9.997402430E-1,1.773963003E2,1.902917432E-1,-8.169582398E-2,1.773961604E2
1.792870211E2,2.273539508E-2,7.398875314E-4,1.648046426E-3,9.997398853E-1,1.773944911E2,1.907312438E-1,-8.046920880E-2,1.773943529E2
1.792920211E2,2.273533377E-2,7.386098732E-4,1.649464713E-3,9.997398853E-1,1.773944982E2,1.908903918E-1,-8.031915444E-2,1.773943601E2
1.792970211E2,2.273050340E-2,7.421565242E-4,1.642176067E-3,9.997400045E-1,1.773950518E2,1.900642399E-1,-8.074537348E-2,1.773949137E2
1.793020211E2,2.273582444E-2,7.392434636E-4,1.642402494E-3,9.997398853E-1,1.773944419E2,1.900830191E-1,-8.041004645E-2,1.773943043E2
1.793070211E2,2.274101601E-2,7.351657259E-4,1.644919044E-3,9.997397661E-1,1.773938469E2,1.903611101E-1,-7.993534814E-2,1.773937098E2
1.793120211E2,2.274613124E-2,7.318347925E-4,1.648127567E-3,9.997396469E-1,1.773932605E2,1.907204108E-1,-7.954441299E-2,1.773931239E2
1.793170211E2,2.273843676E-2,7.364195772E-4,1.643787720E-3,9.997398257E-1,1.773941425E2,1.902345645E-1,-8.008243067E-2,1.773940053E2
1.793220211E2,2.274922317E-2,7.299800636E-4,1.642420655E-3,9.997395873E-1,1.773929061E2,1.900620250E-1,-7.934622010E-2,1.773927703E2
1.793270211E2,2.274370501E-2,7.335050614E-4,1.644708915E-3,9.997397065E-1,1.773935386E2,1.903329234E-1,-7.974513511E-2,1.773934020E2
1.793320211E2,2.274102504E-2,7.345969207E-4,1.645048382E-3,9.997397661E-1,1.773938458E2,1.903744455E-1,-7.986984601E-2,1.773937089E2
1.793370211E2,2.274399182E-2,7.333284011E-4,1.640817034E-3,9.997397065E-1,1.773935058E2,1.898866236E-1,-7.973498583E-2,1.773933694E2
1.793420211E2,2.274078412E-2,7.350929081E-4,1.648154226E-3,9.997397661E-1,1.773938734E2,1.907315311E-1,-7.991861913E-2,1.773937362E2
1.793470211E2,2.273253151E-2,7.415106520E-4,1.650658902E-3,9.997399449E-1,1.773948194E2,1.910345331E-1,-8.064889699E-2,1.773946806E2
1.793520211E2,2.272989628E-2,7.433788851E-4,1.650008024E-3,9.997400045E-1,1.773951214E2,1.909646214E-1,-8.086512412E-2,1.773949824E2
1.793570211E2,2.273280999E-2,7.401125622E-4,1.647448051E-3,9.997399449E-1,1.773947874E2,1.906630709E-1,-8.049704077E-2,1.773946493E2
1.793620211E2,2.274078257E-2,7.356551941E-4,1.647924772E-3,9.997397661E-1,1.773938736E2,1.907067097E-1,-7.998363389E-2,1.773937363E2
1.793670211E2,2.274094478E-2,7.359868032E-4,1.645536511E-3,9.997397661E-1,1.773938550E2,1.904339827E-1,-8.002781662E-2,1.773937178E2
1.793720211E2,2.273794347E-2,7.369947270E-4,1.650340506E-3,9.997398257E-1,1.773941990E2,1.909867251E-1,-8.013134003E-2,1.773940612E2
1.793770211E2,2.273287490E-2,7.411359111E-4,1.646091696E-3,9.997399449E-1,1.773947800E2,1.905103554E-1,-8.061779858E-2,1.773946417E2
1.793820211E2,2.273897800E-2,7.367589278E-4,1.636130852E-3,9.997398257E-1,1.773940805E2,1.893583048E-1,-8.014115685E-2,1.773939438E2
1.793870211E2,2.273901837E-2,7.377702277E-4,1.635113731E-3,9.997398257E-1,1.773940758E2,1.892444200E-1,-8.025965599E-2,1.773939391E2
1.793920211E2,2.273045081E-2,7.423327770E-4,1.642824267E-3,9.997400045E-1,1.773950579E2,1.901389541E-1,-8.076388684E-2,1.773949196E2
1.793970211E2,2.273390276E-2,7.404060452E-4,1.632165979E-3,9.997399449E-1,1.773946622E2,1.889131761E-1,-8.057026801E-2,1.773945252E2
1.794020211E2,2.272613981E-2,7.468616241E-4,1.627800288E-3,9.997401237E-1,1.773955520E2,1.884292217E-1,-8.132266769E-2,1.773954141E2
1.794070211E2,2.272565831E-2,7.462515496E-4,1.634787419E-3,9.997401237E-1,1.773956072E2,1.892280547E-1,-8.123467053E-2,1.773954688E2
1.794120211E2,2.271995517E-2,7.499894709E-4,1.639439841E-3,9.997402430E-1,1.773962609E2,1.897703163E-1,-8.165185985E-2,1.773961214E2
1.794170211E2,2.272602170E-2,7.469261182E-4,1.629418810E-3,9.997401237E-1,1.773955655E2,1.886148016E-1,-8.132586331E-2,1.773954275E2
1.794220211E2,2.272036681E-2,7.493727608E-4,1.634008135E-3,9.997402430E-1,1.773962137E2,1.891464758E-1,-8.159527282E-2,1.773960748E2
1.794270211E2,2.271982755E-2,7.498452906E-4,1.641273382E-3,9.997402430E-1,1.773962755E2,1.899799851E-1,-8.163059262E-2,1.773961359E2
1.794320211E2,2.272300913E-2,7.481707726E-4,1.634284272E-3,9.997401834E-1,1.773959108E2,1.891751960E-1,-8.145635187E-2,1.773957721E2
1.794370211E2,2.272620509E-2,7.465115050E-4,1.627049409E-3,9.997401237E-1,1.773955445E2,1.883422928E-1,-8.128450067E-2,1.773954067E2
1.794420211E2,2.273091749E-2,7.426488446E-4,1.636210945E-3,9.997400045E-1,1.773950044E2,1.893821786E-1,-8.081723450E-2,1.773948666E2
1.794470211E2,2.272777754E-2,7.449632394E-4,1.642346731E-3,9.997400641E-1,1.773953643E2,1.900908825E-1,-8.106698960E-2,1.773952256E2
1.794520211E2,2.271529995E-2,7.526889094E-4,1.629988081E-3,9.997403622E-1,1.773967945E2,1.886941492E-1,-8.198660030E-2,1.773966553E2
1.794570211E2,2.271300804E-2,7.556239143E-4,1.623999211E-3,9.997404218E-1,1.773970572E2,1.880155031E-1,-8.233886072E-2,1.773969179E2
1.794620211E2,2.272015355E-2,7.499757339E-4,1.636694651E-3,9.997402430E-1,1.773962381E2,1.894558018E-1,-8.165739606E-2,1.773960989E2
1.794670211E2,2.271426451E-2,7.538531790E-4,1.643820782E-3,9.997403622E-1,1.773969131E2,1.902818003E-1,-8.208417001E-2,1.773967726E2
1.794720211E2,2.271222049E-2,7.554662880E-4,1.635049353E-3,9.997404218E-1,1.773971474E2,1.892809570E-1,-8.229218986E-2,1.773970073E2
1.794770211E2,2.271225565E-2,7.557719946E-4,1.634419546E-3,9.997404218E-1,1.773971434E2,1.892096035E-1,-8.232884477E-2,1.773970032E2
1.794820211E2,2.271402804E-2,7.537922938E-4,1.647112891E-3,9.997403622E-1,1.773969403E2,1.906587738E-1,-8.206867060E-2,1.773967994E2
1.794870211E2,2.270881625E-2,7.570901653E-4,1.645106589E-3,9.997404814E-1,1.773975376E2,1.904370827E-1,-8.245269602E-2,1.773973963E2
1.794920211E2,2.271211671E-2,7.554722833E-4,1.636487432E-3,9.997404218E-1,1.773971593E2,1.894457135E-1,-8.228915337E-2,1.773970191E2
1.794970211E2,2.271442754E-2,7.546278066E-4,1.641210518E-3,9.997403622E-1,1.773968945E2,1.899847926E-1,-8.217967634E-2,1.773967540E2
1.795020211E2,2.270844785E-2,7.583589759E-4,1.649601385E-3,9.997404814E-1,1.773975799E2,1.909552885E-1,-8.258642652E-2,1.773974379E2
1.795070211E2,2.271440033E-2,7.542407257E-4,1.641764888E-3,9.997403622E-1,1.773968976E2,1.900472925E-1,-8.213389376E-2,1.773967571E2
1.795120211E2,2.272248892E-2,7.473538280E-4,1.641873270E-3,9.997401834E-1,1.773959705E2,1.900424385E-1,-8.134309828E-2,1.773958313E2
1.795170211E2,2.271885240E-2,7.507788250E-4,1.654293505E-3,9.997402430E-1,1.773963873E2,1.914739503E-1,-8.170382704E-2,1.773962465E2
1.795220211E2,2.272174899E-2,7.484866073E-4,1.651568688E-3,9.997401834E-1,1.773960553E2,1.911560567E-1,-8.144776666E-2,1.773959151E2
1.795270211E2,2.272527631E-2,7.456747699E-4,1.640351373E-3,9.997401237E-1,1.773956510E2,1.898639402E-1,-8.115417587E-2,1.773955123E2
1.795320211E2,2.272450592E-2,7.467968389E-4,1.650482300E-3,9.997401237E-1,1.773957393E2,1.910274214E-1,-8.125648571E-2,1.773955995E2
1.795370211E2,2.271857009E-2,7.511432632E-4,1.658000867E-3,9.997402430E-1,1.773964196E2,1.918995998E-1,-8.173597969E-2,1.773962784E2
1.795420211E2,2.272201971E-2,7.487175171E-4,1.647735015E-3,9.997401834E-1,1.773960242E2,1.907174860E-1,-8.148415083E-2,1.773958844E2
1.795470211E2,2.272749749E-2,7.439595065E-4,1.646671561E-3,9.997400641E-1,1.773953964E2,1.905837072E-1,-8.094078927E-2,1.773952575E2
1.795520211E2,2.272979268E-2,7.431557169E-4,1.651534927E-3,9.997400045E-1,1.773951333E2,1.911389571E-1,-8.083560011E-2,1.773949942E2
1.795570211E2,2.272977343E-2,7.421243936E-4,1.652263454E-3,9.997400045E-1,1.773951355E2,1.912197305E-1,-8.071555586E-2,1.773949965E2
1.795620211E2,2.273825800E-2,7.372710970E-4,1.645877492E-3,9.997398257E-1,1.773941630E2,1.904761780E-1,-8.017457091E-2,1.773940255E2
1.795670211E2,2.273571048E-2,7.397157606E-4,1.643766882E-3,9.997398853E-1,1.773944550E2,1.902405478E-1,-8.046062045E-2,1.773943172E2
1.795720211E2,2.274063026E-2,7.349606021E-4,1.650334802E-3,9.997397661E-1,1.773938911E2,1.909809855E-1,-7.989780864E-2,1.773937537E2
1.795770211E2,2.274928941E-2,7.294796524E-4,1.641725306E-3,9.997395873E-1,1.773928986E2,1.899810649E-1,-7.929069229E-2,1.773927629E2
1.795820211E2,2.274974479E-2,7.291851798E-4,1.635534223E-3,9.997395873E-1,1.773928464E2,1.892710695E-1,-7.927301104E-2,1.773927112E2
1.795870211E2,2.274393062E-2,7.328926004E-4,1.641859650E-3,9.997397065E-1,1.773935128E2,1.900049270E-1,-7.968235387E-2,1.773933764E2
1.795920211E2,2.274887580E-2,7.303520688E-4,1.647060039E-3,9.997395873E-1,1.773929460E2,1.905944650E-1,-7.937680897E-2,1.773928097E2
1.795970211E2,2.275227450E-2,7.272342336E-4,1.637646230E-3,9.997395277E-1,1.773925564E2,1.895081388E-1,-7.904352153E-2,1.773924215E2
1.796020211E2,2.275283447E-2,7.284138119E-4,1.629320788E-3,9.997395277E-1,1.773924922E2,1.885574787E-1,-7.920025787E-2,1.773923577E2
1.796070211E2,2.275505614E-2,7.257210673E-4,1.636055298E-3,9.997394681E-1,1.773922376E2,1.893221519E-1,-7.887379189E-2,1.773921031E2
1.796120211E2,2.276324952E-2,7.195256767E-4,1.634079730E-3,9.997392893E-1,1.773912984E2,1.890803101E-1,-7.816763912E-2,1.773911653E2
1.796170211E2,2.276117678E-2,7.215799997E-4,1.625557779E-3,9.997393489E-1,1.773915360E2,1.881092144E-1,-7.842560640E-2,1.773914031E2
1.796220211E2,2.276085253E-2,7.218383835E-4,1.629977254E-3,9.997393489E-1,1.773915732E2,1.886161674E-1,-7.844374082E-2,1.773914399E2
1.796270211E2,2.276807657E-2,7.162797265E-4,1.641173847E-3,9.997391701E-1,1.773907451E2,1.898849343E-1,-7.777635482E-2,1.773906121E2
1.796320211E2,2.277628297E-2,7.114463369E-4,1.638331916E-3,9.997389913E-1,1.773898045E2,1.895473783E-1,-7.722849258E-2,1.773896726E2
1.796370211E2,2.277130161E-2,7.146502030E-4,1.633430482E-3,9.997391105E-1,1.773903755E2,1.889938365E-1,-7.760926787E-2,1.773902433E2
1.796420211E2,2.276566306E-2,7.193503552E-4,1.636997564E-3,9.997392297E-1,1.773910218E2,1.894143145E-1,-7.813948521E-2,1.773908885E2
1.796470211E2,2.276808259E-2,7.177175139E-4,1.640461967E-3,9.997391701E-1,1.773907445E2,1.898071321E-1,-7.794292649E-2,1.773906112E2
1.796520211E2,2.277391957E-2,7.130865124E-4,1.634096145E-3,9.997390509E-1,1.773900754E2,1.890662180E-1,-7.742789663E-2,1.773899435E2
1.796570211E2,2.276850296E-2,7.167205331E-4,1.635054592E-3,9.997391701E-1,1.773906963E2,1.891850831E-1,-7.784273985E-2,1.773905636E2
1.796620211E2,2.276822710E-2,7.177155348E-4,1.638455899E-3,9.997391701E-1,1.773907279E2,1.895773188E-1,-7.794790653E-2,1.773905948E2
1.796670211E2,2.277346015E-2,7.140483358E-4,1.640068018E-3,9.997390509E-1,1.773901281E2,1.897528430E-1,-7.752258635E-2,1.773899955E2
1.796720211E2,2.277905538E-2,7.095230976E-4,1.636992558E-3,9.997389317E-1,1.773894867E2,1.893891319E-1,-7.701113369E-2,1.773893553E2
1.796770211E2,2.277677511E-2,7.113349275E-4,1.631524297E-3,9.997389913E-1,1.773897481E2,1.887672307E-1,-7.723340501E-2,1.773896167E2
1.796820211E2,2.278168010E-2,7.069163257E-4,1.637995942E-3,9.997388721E-1,1.773891859E2,1.894974775E-1,-7.670938074E-2,1.773890549E2
1.796870211E2,2.278959233E-2,7.023103535E-4,1.639050199E-3,9.997386932E-1,1.773882790E2,1.896068322E-1,-7.617745985E-2,1.773881488E2
1.796920211E2,2.278208903E-2,7.072879816E-4,1.632137457E-3,9.997388721E-1,1.773891390E2,1.888273193E-1,-7.676717591E-2,1.773890084E2
1.796970211E2,2.277677881E-2,7.116305060E-4,1.631343737E-3,9.997389913E-1,1.773897477E2,1.887473172E-1,-7.726773757E-2,1.773896163E2
1.797020211E2,2.277916954E-2,7.100146613E-4,1.635189867E-3,9.997389317E-1,1.773894737E2,1.891839040E-1,-7.707213224E-2,1.773893423E2
1.797070211E2,2.277941381E-2,7.083941600E-4,1.632487634E-3,9.997389317E-1,1.773894457E2,1.888701189E-1,-7.689349274E-2,1.773893148E2
1.797120211E2,2.277149676E-2,7.152585895E-4,1.630440820E-3,9.997391105E-1,1.773903531E2,1.886529375E-1,-7.768673047E-2,1.773902211E2
1.797170211E2,2.276872655E-2,7.160559180E-4,1.632229774E-3,9.997391701E-1,1.773906706E2,1.888597492E-1,-7.777392873E-2,1.773905383E2
1.797220211E2,2.277918593E-2,7.091048756E-4,1.635356341E-3,9.997389317E-1,1.773894718E2,1.892006017E-1,-7.696746798E-2,1.773893405E2
1.797270211E2,2.278203137E-2,7.076181355E-4,1.632799045E-3,9.997388721E-1,1.773891456E2,1.889039698E-1,-7.680328253E-2,1.773890149E2
1.797320211E2,2.277921289E-2,7.096604095E-4,1.634739689E-3,9.997389317E-1,1.773894687E2,1.891314092E-1,-7.703271552E-2,1.773893374E2
1.797370211E2,2.277629078E-2,7.115610642E-4,1.638173591E-3,9.997389913E-1,1.773898036E2,1.895295404E-1,-7.724204770E-2,1.773896717E2
1.797420211E2,2.278166235E-2,7.083571982E-4,1.637620386E-3,9.997388721E-1,1.773891879E2,1.894582138E-1,-7.687543335E-2,1.773890567E2
1.797470211E2,2.277648443E-2,7.111599552E-4,1.635653316E-3,9.997389913E-1,1.773897814E2,1.892397804E-1,-7.720263751E-2,1.773896498E2
1.797520211E2,2.277634999E-2,7.117112400E-4,1.637284877E-3,9.997389913E-1,1.773897968E2,1.894281240E-1,-7.726156051E-2,1.773896650E2
1.797570211E2,2.277885749E-2,7.097602938E-4,1.639641239E-3,9.997389317E-1,1.773895094E2,1.896931743E-1,-7.703143066E-2,1.773893777E2
1.797620211E2,2.278101339E-2,7.076830952E-4,1.646913239E-3,9.997388721E-1,1.773892623E2,1.905210122E-1,-7.677406960E-2,1.773891305E2
1.797670211E2,2.277557229E-2,7.109895814E-4,1.648379257E-3,9.997389913E-1,1.773898860E2,1.906971753E-1,-7.715007683E-2,1.773897534E2
1.797720211E2,2.277318860E-2,7.127571735E-4,1.644394593E-3,9.997390509E-1,1.773901592E2,1.902451134E-1,-7.736342885E-2,1.773900266E2
1.797770211E2,2.277330027E-2,7.141255192E-4,1.642253017E-3,9.997390509E-1,1.773901464E2,1.900033501E-1,-7.752575662E-2,1.773900137E2
1.797820211E2,2.278149562E-2,7.068636478E-4,1.640582457E-3,9.997388721E-1,1.773892070E2,1.897936424E-1,-7.669662821E-2,1.773890758E2
1.797870211E2,2.278109737E-2,7.085038233E-4,1.645397977E-3,9.997388721E-1,1.773892527E2,1.903495700E-1,-7.687203341E-2,1.773891208E2
1.797920211E2,2.278140576E-2,7.068850100E-4,1.641820651E-3,9.997388721E-1,1.773892173E2,1.899355412E-1,-7.669586002E-2,1.773890860E2
1.797970211E2,2.278167379E-2,7.080693613E-4,1.637585694E-3,9.997388721E-1,1.773891866E2,1.894534888E-1,-7.684254667E-2,1.773890554E2
1.798020211E2,2.277100639E-2,7.156504435E-4,1.637103967E-3,9.997391105E-1,1.773904093E2,1.894172661E-1,-7.771432697E-2,1.773902767E2
1.798070211E2,2.277588977E-2,7.113772444E-4,1.643819036E-3,9.997389913E-1,1.773898496E2,1.901757834E-1,-7.720633006E-2,1.773897173E2
1.798120211E2,2.278121594E-2,7.077075425E-4,1.644098549E-3,9.997388721E-1,1.773892391E2,1.901986349E-1,-7.678417994E-2,1.773891075E2
1.798170211E2,2.278672103E-2,7.044576341E-4,1.641691313E-3,9.997387528E-1,1.773886081E2,1.899147926E-1,-7.641710371E-2,1.773884773E2
1.798220211E2,2.278382942E-2,7.053863956E-4,1.645124634E-3,9.997388124E-1,1.773889395E2,1.903103250E-1,-7.651508918E-2,1.773888083E2
1.798270211E2,2.277588168E-2,7.114374312E-4,1.643905067E-3,9.997389913E-1,1.773898505E2,1.901857957E-1,-7.721300215E-2,1.773897182E2
1.798320211E2,2.277876262E-2,7.100493531E-4,1.640833565E-3,9.997389317E-1,1.773895203E2,1.898305169E-1,-7.706145134E-2,1.773893885E2
1.798370211E2,2.278410058E-2,7.056092727E-4,1.641269075E-3,9.997388124E-1,1.773889085E2,1.898692270E-1,-7.655063761E-2,1.773887774E2
1.798420211E2,2.278133924E-2,7.081921212E-4,1.642180257E-3,9.997388721E-1,1.773892250E2,1.899801462E-1,-7.684467870E-2,1.773890934E2
1.798470211E2,2.278114664E-2,7.087012636E-4,1.644630684E-3,9.997388721E-1,1.773892470E2,1.902621866E-1,-7.689664628E-2,1.773891152E2
1.798520211E2,2.278661218E-2,7.034852752E-4,1.643617870E-3,9.997387528E-1,1.773886206E2,1.901329552E-1,-7.630069853E-2,1.773884898E2
1.798570211E2,2.279172244E-2,7.005713414E-4,1.646514633E-3,9.997386336E-1,1.773880348E2,1.904575926E-1,-7.595833561E-2,1.773879044E2
1.798620211E2,2.278371553E-2,7.068212144E-4,1.646085759E-3,9.997388124E-1,1.773889526E2,1.904241713E-1,-7.667697666E-2,1.773888210E2
1.798670211E2,2.279199037E-2,7.004844374E-4,1.642838703E-3,9.997386336E-1,1.773880041E2,1.900362640E-1,-7.595792987E-2,1.773878740E2
1.798720211E2,2.280036874E-2,6.942434702E-4,1.638037851E-3,9.997384548E-1,1.773870438E2,1.894705970E-1,-7.525390584E-2,1.773869152E2
1.798770211E2,2.279499464E-2,6.989362300E-4,1.638080576E-3,9.997385740E-1,1.773876598E2,1.894873469E-1,-7.579242302E-2,1.773875303E2
1.798820211E2,2.279209244E-2,7.010037079E-4,1.641200273E-3,9.997386336E-1,1.773879924E2,1.898499264E-1,-7.602167840E-2,1.773878623E2
1.798870211E2,2.280030235E-2,6.952080294E-4,1.638552756E-3,9.997384548E-1,1.773870514E2,1.895321011E-1,-7.536307452E-2,1.773869226E2
1.798920211E2,2.280009189E-2,6.957311416E-4,1.641256968E-3,9.997384548E-1,1.773870755E2,1.898432520E-1,-7.541597737E-2,1.773869464E2
1.798970211E2,2.279451217E-2,6.981047336E-4,1.645133831E-3,9.997385740E-1,1.773877151E2,1.902931732E-1,-7.567883241E-2,1.773875852E2
1.799020211E2,2.279764909E-2,6.968039670E-4,1.638425631E-3,9.997385144E-1,1.773873555E2,1.895215072E-1,-7.554674289E-2,1.773872264E2
1.799070211E2,2.280342261E-2,6.919443840E-4,1.632870175E-3,9.997383952E-1,1.773866937E2,1.888727991E-1,-7.500344426E-2,1.773865660E2
1.799120211E2,2.280021249E-2,6.940322928E-4,1.640300616E-3,9.997384548E-1,1.773870617E2,1.897292603E-1,-7.522383038E-2,1.773869330E2
1.799170211E2,2.280815133E-2,6.892833044E-4,1.640918199E-3,9.997382760E-1,1.773861517E2,1.897881953E-1,-7.467665778E-2,1.773860239E2
1.799220211E2,2.281593728E-2,6.844366435E-4,1.643647673E-3,9.997380972E-1,1.773852593E2,1.900887972E-1,-7.411280193E-2,1.773851322E2
1.799270211E2,2.280539444E-2,6.902894238E-4,1.642497489E-3,9.997383356E-1,1.773864677E2,1.899715457E-1,-7.478831643E-2,1.773863396E2
1.799320211E2,2.280270574E-2,6.924067857E-4,1.642655930E-3,9.997383952E-1,1.773867759E2,1.899950294E-1,-7.503098173E-2,1.773866473E2
1.799370211E2,2.280001563E-2,6.940327003E-4,1.643034513E-3,9.997384548E-1,1.773870842E2,1.900424473E-1,-7.521677123E-2,1.773869553E2
1.799420211E2,2.280010424E-2,6.945246132E-4,1.641596435E-3,9.997384548E-1,1.773870741E2,1.898789902E-1,-7.527686619E-2,1.773869452E2
1.799470211E2,2.280225456E-2,6.924623740E-4,1.648883685E-3,9.997383952E-1,1.773868276E2,1.907086047E-1,-7.502116215E-2,1.773866986E2
1.799520211E2,2.280181320E-2,6.938212900E-4,1.654406777E-3,9.997383952E-1,1.773868782E2,1.913448592E-1,-7.516249397E-2,1.773867485E2
1.799570211E2,2.280208003E-2,6.924126064E-4,1.651316416E-3,9.997383952E-1,1.773868476E2,1.909871600E-1,-7.500913712E-2,1.773867184E2
1.799620211E2,2.280510684E-2,6.916612620E-4,1.645909972E-3,9.997383356E-1,1.773865007E2,1.903660504E-1,-7.493661288E-2,1.773863720E2
1.799670211E2,2.279666503E-2,6.969058886E-4,1.652018283E-3,9.997385144E-1,1.773874683E2,1.910789007E-1,-7.552309577E-2,1.773873382E2
1.799720211E2,2.279906070E-2,6.956956349E-4,1.655534841E-3,9.997384548E-1,1.773871937E2,1.914787832E-1,-7.537480149E-2,1.773870635E2
1.799770211E2,2.279667463E-2,6.965865032E-4,1.652020495E-3,9.997385144E-1,1.773874672E2,1.910783204E-1,-7.548649883E-2,1.773873371E2
1.799820211E2,2.279409899E-2,6.983377971E-4,1.650750171E-3,9.997385740E-1,1.773877624E2,1.909371701E-1,-7.569094049E-2,1.773876321E2
1.799870211E2,2.279353694E-2,6.984663196E-4,1.658438705E-3,9.997385740E-1,1.773878268E2,1.918182772E-1,-7.568568851E-2,1.773876959E2
1.799920211E2,2.279626163E-2,6.978737656E-4,1.657168265E-3,9.997385144E-1,1.773875145E2,1.916713911E-1,-7.562060066E-2,1.773873838E2
1.799970211E2,2.278589355E-2,7.040130440E-4,1.653325977E-3,9.997387528E-1,1.773887029E2,1.912464591E-1,-7.633594741E-2,1.773885713E2
1.800020211E2,2.278861290E-2,7.017314783E-4,1.652857871E-3,9.997386932E-1,1.773883912E2,1.911870806E-1,-7.607526972E-2,1.773882601E2
1.800070211E2,2.278828587E-2,7.023948128E-4,1.657079556E-3,9.997386932E-1,1.773884287E2,1.916724330E-1,-7.614030012E-2,1.773882971E2
1.800120211E2,2.278307692E-2,7.067092811E-4,1.654948923E-3,9.997388124E-1,1.773890258E2,1.914392123E-1,-7.664113433E-2,1.773888935E2
1.800170211E2,2.278320366E-2,7.068987470E-4,1.653122250E-3,9.997388124E-1,1.773890113E2,1.912304493E-1,-7.666758485E-2,1.773888791E2
1.800220211E2,2.278028411E-2,7.077557384E-4,1.656939159E-3,9.997388721E-1,1.773893459E2,1.916697358E-1,-7.675635739E-2,1.773892133E2
1.800270211E2,2.278313449E-2,7.061037468E-4,1.654414809E-3,9.997388124E-1,1.773890192E2,1.913764464E-1,-7.657314679E-2,1.773888871E2
1.800320211E2,2.278909731E-2,7.026409148E-4,1.645777491E-3,9.997386932E-1,1.773883357E2,1.903783501E-1,-7.619785457E-2,1.773882049E2
1.800370211E2,2.278622111E-2,7.038673502E-4,1.648867619E-3,9.997387528E-1,1.773886654E2,1.907353451E-1,-7.633083569E-2,1.773885341E2
1.800420211E2,2.279364715E-2,6.991532864E-4,1.656633569E-3,9.997385740E-1,1.773878142E2,1.916132801E-1,-7.576908260E-2,1.773876833E2
1.800470211E2,2.279391789E-2,6.989743561E-4,1.652979874E-3,9.997385740E-1,1.773877832E2,1.911942585E-1,-7.575807606E-2,1.773876526E2
1.800520211E2,2.279468799E-2,6.979530444E-4,1.642760239E-3,9.997385740E-1,1.773876949E2,1.900208668E-1,-7.566762151E-2,1.773875653E2
1.800570211E2,2.278911815E-2,7.029719418E-4,1.645347569E-3,9.997386932E-1,1.773883333E2,1.903299635E-1,-7.623689638E-2,1.773882025E2
1.800620211E2,2.279953806E-2,6.949522067E-4,1.649261103E-3,9.997384548E-1,1.773871390E2,1.907581446E-1,-7.530593353E-2,1.773870094E2
1.800670211E2,2.280253338E-2,6.933315308E-4,1.644657226E-3,9.997383952E-1,1.773867957E2,1.902267055E-1,-7.513172518E-2,1.773866668E2
1.800720211E2,2.279464142E-2,6.987925735E-4,1.643049531E-3,9.997385740E-1,1.773877002E2,1.900561984E-1,-7.576305250E-2,1.773875704E2
1.800770211E2,2.279164676E-2,7.013145369E-4,1.647245605E-3,9.997386336E-1,1.773880435E2,1.905432698E-1,-7.604158252E-2,1.773879129E2
1.800820211E2,2.278375499E-2,7.058350602E-4,1.645962708E-3,9.997388124E-1,1.773889481E2,1.904075023E-1,-7.656431495E-2,1.773888167E2
1.800870211E2,2.277355067E-2,7.129349397E-4,1.639295253E-3,9.997390509E-1,1.773901177E2,1.896614144E-1,-7.739703337E-2,1.773899854E2
1.800920211E2,2.278125719E-2,7.085610414E-4,1.643159078E-3,9.997388721E-1,1.773892344E2,1.900932387E-1,-7.688440302E-2,1.773891026E2
1.800970211E2,2.278624028E-2,7.038534968E-4,1.648608595E-3,9.997387528E-1,1.773886632E2,1.907056360E-1,-7.632992134E-2,1.773885320E2
1.801020211E2,2.278618868E-2,7.051185239E-4,1.648781123E-3,9.997387528E-1,1.773886691E2,1.907287008E-1,-7.647440428E-2,1.773885376E2
1.801070211E2,2.278385434E-2,7.060312782E-4,1.644502743E-3,9.997388124E-1,1.773889367E2,1.902407658E-1,-7.659058702E-2,1.773888053E2
1.801120211E2,2.277844226E-2,7.088189595E-4,1.645805431E-3,9.997389317E-1,1.773895570E2,1.903968672E-1,-7.690757789E-2,1.773894250E2
1.801170211E2,2.277812998E-2,7.093948079E-4,1.649874263E-3,9.997389317E-1,1.773895928E2,1.908644803E-1,-7.696298658E-2,1.773894604E2
1.801220211E2,2.278329331E-2,7.061141660E-4,1.652221661E-3,9.997388124E-1,1.773890010E2,1.911252342E-1,-7.658003614E-2,1.773888690E2
1.801270211E2,2.278306086E-2,7.059353520E-4,1.655500266E-3,9.997388124E-1,1.773890276E2,1.915003532E-1,-7.655103530E-2,1.773888955E2
1.801320211E2,2.277770649E-2,7.090654690E-4,1.655851607E-3,9.997389317E-1,1.773896413E2,1.915483648E-1,-7.690973532E-2,1.773895086E2
1.801370211E2,2.278043770E-2,7.077861810E-4,1.654813183E-3,9.997388721E-1,1.773893283E2,1.914262709E-1,-7.676536554E-2,1.773891958E2
1.801420211E2,2.277779530E-2,7.096693735E-4,1.654370688E-3,9.997389317E-1,1.773896312E2,1.913802910E-1,-7.698276824E-2,1.773894984E2
1.801470211E2,2.277220310E-2,7.139121299E-4,1.657489222E-3,9.997390509E-1,1.773902722E2,1.917481993E-1,-7.746175790E-2,1.773901383E2
1.801520211E2,2.277183874E-2,7.132916944E-4,1.662753872E-3,9.997390509E-1,1.773903139E2,1.923496810E-1,-7.737701101E-2,1.773901798E2
1.801570211E2,2.277710494E-2,7.106214180E-4,1.663442003E-3,9.997389317E-1,1.773897103E2,1.924219517E-1,-7.706829026E-2,1.773895766E2
1.801620211E2,2.277456692E-2,7.119317888E-4,1.661808696E-3,9.997389913E-1,1.773900012E2,1.922380613E-1,-7.722315985E-2,1.773898674E2
1.801670211E2,2.278528913E-2,7.045174716E-4,1.661421265E-3,9.997387528E-1,1.773887722E2,1.921751429E-1,-7.637271319E-2,1.773886399E2
1.801720211E2,2.278239807E-2,7.063449011E-4,1.664422685E-3,9.997388124E-1,1.773891036E2,1.925235424E-1,-7.657478617E-2,1.773889707E2
1.801770211E2,2.277943566E-2,7.079250063E-4,1.668491168E-3,9.997388721E-1,1.773894431E2,1.929935345E-1,-7.674575551E-2,1.773893096E2
1.801820211E2,2.279351385E-2,6.995403673E-4,1.658303314E-3,9.997385740E-1,1.773878295E2,1.918055705E-1,-7.580909127E-2,1.773876984E2
1.801870211E2,2.278849416E-2,7.027885295E-4,1.654045423E-3,9.997386932E-1,1.773884049E2,1.913258808E-1,-7.619328866E-2,1.773882734E2
1.801920211E2,2.278268324E-2,7.063225494E-4,1.660524169E-3,9.997388124E-1,1.773890709E2,1.920768839E-1,-7.658234901E-2,1.773889383E2
1.801970211E2,2.279031675E-2,7.008641842E-4,1.665735268E-3,9.997386336E-1,1.773881959E2,1.926602056E-1,-7.594195316E-2,1.773880640E2
1.802020211E2,2.278511916E-2,7.040921482E-4,1.663930598E-3,9.997387528E-1,1.773887917E2,1.924614935E-1,-7.631746794E-2,1.773886593E2
1.802070211E2,2.277969665E-2,7.091176230E-4,1.664416515E-3,9.997388721E-1,1.773894132E2,1.925298676E-1,-7.689297019E-2,1.773892798E2
1.802120211E2,2.279030994E-2,7.006060914E-4,1.665937016E-3,9.997386336E-1,1.773881967E2,1.926826436E-1,-7.591186003E-2,1.773880648E2
1.802170211E2,2.279026935E-2,7.016360760E-4,1.666058903E-3,9.997386336E-1,1.773882014E2,1.926992944E-1,-7.602954626E-2,1.773880693E2
1.802220211E2,2.277973285E-2,7.092270534E-4,1.663874369E-3,9.997388721E-1,1.773894091E2,1.924680467E-1,-7.690691502E-2,1.773892756E2
1.802270211E2,2.277990993E-2,7.083825767E-4,1.661808463E-3,9.997388721E-1,1.773893888E2,1.922291811E-1,-7.681552935E-2,1.773892557E2
1.802320211E2,2.279030148E-2,7.014417206E-4,1.665701158E-3,9.997386336E-1,1.773881977E2,1.926578053E-1,-7.600820871E-2,1.773880656E2
1.802370211E2,2.278219793E-2,7.062912337E-4,1.667182660E-3,9.997388124E-1,1.773891265E2,1.928395753E-1,-7.656147078E-2,1.773889934E2
1.802420211E2,2.277419494E-2,7.128915167E-4,1.666488475E-3,9.997389913E-1,1.773900438E2,1.927766628E-1,-7.732096582E-2,1.773899095E2
1.802470211E2,2.277674055E-2,7.110281731E-4,1.668250654E-3,9.997389317E-1,1.773897521E2,1.929738744E-1,-7.710240760E-2,1.773896179E2
1.802520211E2,2.277666588E-2,7.107171114E-4,1.669402351E-3,9.997389317E-1,1.773897606E2,1.931049974E-1,-7.706378015E-2,1.773896265E2
1.802570211E2,2.277164689E-2,7.142792456E-4,1.664955984E-3,9.997390509E-1,1.773903359E2,1.926045221E-1,-7.748443689E-2,1.773902014E2
1.802620211E2,2.277426755E-2,7.115713088E-4,1.666060416E-3,9.997389913E-1,1.773900355E2,1.927241831E-1,-7.717082374E-2,1.773899015E2
1.802670211E2,2.277671570E-2,7.107466226E-4,1.668709912E-3,9.997389317E-1,1.773897549E2,1.930257511E-1,-7.706895876E-2,1.773896208E2
1.802720211E2,2.277153743E-2,7.137974608E-4,1.666658791E-3,9.997390509E-1,1.773903485E2,1.927983333E-1,-7.742482030E-2,1.773902139E2
1.802770211E2,2.276382087E-2,7.186828880E-4,1.662707073E-3,9.997392297E-1,1.773912329E2,1.923577644E-1,-7.799630016E-2,1.773910977E2
1.802820211E2,2.276887201E-2,7.157615037E-4,1.666478231E-3,9.997391105E-1,1.773906540E2,1.927825668E-1,-7.765080957E-2,1.773905190E2
1.802870211E2,2.276892630E-2,7.156010834E-4,1.665805350E-3,9.997391105E-1,1.773906477E2,1.927050658E-1,-7.763417680E-2,1.773905129E2
1.802920211E2,2.276919035E-2,7.151871687E-4,1.662370400E-3,9.997391105E-1,1.773906175E2,1.923104910E-1,-7.759566993E-2,1.773904830E2
1.802970211E2,2.276656612E-2,7.174130878E-4,1.661506714E-3,9.997391701E-1,1.773909183E2,1.922171498E-1,-7.785343320E-2,1.773907834E2
1.803020211E2,2.276147457E-2,7.203447167E-4,1.658264548E-3,9.997392893E-1,1.773915019E2,1.918529715E-1,-7.819872151E-2,1.773913667E2
1.803070211E2,2.276427845E-2,7.194709615E-4,1.656088396E-3,9.997392297E-1,1.773911805E2,1.916016067E-1,-7.810376154E-2,1.773910456E2
1.803120211E2,2.276700934E-2,7.164661656E-4,1.655832399E-3,9.997391701E-1,1.773908675E2,1.915646520E-1,-7.775967149E-2,1.773907332E2
1.803170211E2,2.276145579E-2,7.206160808E-4,1.658404479E-3,9.997392893E-1,1.773915040E2,1.918697087E-1,-7.822944806E-2,1.773913688E2
1.803220211E2,2.276919888E-2,7.156945649E-4,1.662035123E-3,9.997391105E-1,1.773906165E2,1.922734059E-1,-7.765467130E-2,1.773904819E2
1.803270211E2,2.276374003E-2,7.185787545E-4,1.663858420E-3,9.997392297E-1,1.773912422E2,1.924893872E-1,-7.798138251E-2,1.773911069E2
1.803320211E2,2.276090457E-2,7.208893076E-4,1.665834337E-3,9.997392893E-1,1.773915672E2,1.927215586E-1,-7.824147553E-2,1.773914313E2
1.803370211E2,2.276137676E-2,7.205025759E-4,1.659538015E-3,9.997392893E-1,1.773915131E2,1.919992667E-1,-7.821350319E-2,1.773913778E2
1.803420211E2,2.276949555E-2,7.160827518E-4,1.657798188E-3,9.997391105E-1,1.773905825E2,1.917890497E-1,-7.771014116E-2,1.773904482E2
1.803470211E2,2.277200260E-2,7.131777820E-4,1.660557231E-3,9.997390509E-1,1.773902951E2,1.920977447E-1,-7.736966188E-2,1.773901612E2
1.803520211E2,2.277232394E-2,7.129538571E-4,1.656241016E-3,9.997390509E-1,1.773902583E2,1.916027106E-1,-7.735521075E-2,1.773901247E2
1.803570211E2,2.277235980E-2,7.143002003E-4,1.655167551E-3,9.997390509E-1,1.773902542E2,1.914832488E-1,-7.751224463E-2,1.773901204E2
1.803620211E2,2.276673976E-2,7.177146035E-4,1.658995287E-3,9.997391701E-1,1.773908984E2,1.919302356E-1,-7.789449432E-2,1.773907636E2
1.803670211E2,2.275638860E-2,7.238394464E-4,1.654672320E-3,9.997394085E-1,1.773920848E2,1.914501551E-1,-7.860942778E-2,1.773919492E2
1.803720211E2,2.275647309E-2,7.245989400E-4,1.653177198E-3,9.997394085E-1,1.773920751E2,1.912808582E-1,-7.870031954E-2,1.773919395E2
1.803770211E2,2.275611250E-2,7.243228029E-4,1.658254070E-3,9.997394085E-1,1.773921165E2,1.918617269E-1,-7.865551432E-2,1.773919805E2
1.803820211E2,2.275567383E-2,7.251632051E-4,1.663896837E-3,9.997394085E-1,1.773921668E2,1.925103315E-1,-7.873716154E-2,1.773920302E2
1.803870211E2,2.275600002E-2,7.242921274E-4,1.659810194E-3,9.997394085E-1,1.773921294E2,1.920399108E-1,-7.864796364E-2,1.773919933E2
1.803920211E2,2.275113609E-2,7.275716052E-4,1.653237967E-3,9.997395277E-1,1.773926869E2,1.912951511E-1,-7.904173600E-2,1.773925507E2
1.803970211E2,2.275899160E-2,7.220155094E-4,1.655680942E-3,9.997393489E-1,1.773917865E2,1.915611521E-1,-7.839734529E-2,1.773916512E2
1.804020211E2,2.276403136E-2,7.191783516E-4,1.659608213E-3,9.997392297E-1,1.773912088E2,1.920040616E-1,-7.806110483E-2,1.773910737E2
1.804070211E2,2.275347422E-2,7.264244487E-4,1.657602610E-3,9.997394681E-1,1.773924189E2,1.917923672E-1,-7.889848755E-2,1.773922826E2
1.804120211E2,2.274815192E-2,7.295922842E-4,1.657362562E-3,9.997395873E-1,1.773930289E2,1.917727058E-1,-7.926304720E-2,1.773928920E2
1.804170211E2,2.276395505E-2,7.196115912E-4,1.660466893E-3,9.997392297E-1,1.773912176E2,1.921035581E-1,-7.810851213E-2,1.773910823E2
1.804220211E2,2.276101260E-2,7.212638156E-4,1.664195443E-3,9.997392893E-1,1.773915548E2,1.925347888E-1,-7.828863383E-2,1.773914190E2
1.804270211E2,2.275093332E-2,7.283222512E-4,1.655696076E-3,9.997395277E-1,1.773927101E2,1.915786986E-1,-7.912136132E-2,1.773925736E2
1.804320211E2,2.275362121E-2,7.267456385E-4,1.655442640E-3,9.997394681E-1,1.773924020E2,1.915457657E-1,-7.894088757E-2,1.773922658E2
1.804370211E2,2.276378389E-2,7.196842344E-4,1.662780298E-3,9.997392297E-1,1.773912372E2,1.923687628E-1,-7.811083222E-2,1.773911018E2
1.804420211E2,2.275850388E-2,7.222520653E-4,1.662268769E-3,9.997393489E-1,1.773918424E2,1.923164462E-1,-7.840735747E-2,1.773917065E2
1.804470211E2,2.275641731E-2,7.250923663E-4,1.653728541E-3,9.997394085E-1,1.773920815E2,1.913453037E-1,-7.875542019E-2,1.773919458E2
1.804520211E2,2.275336420E-2,7.266218890E-4,1.659025555E-3,9.997394681E-1,1.773924315E2,1.919558890E-1,-7.891741746E-2,1.773922950E2
1.804570211E2,2.274203180E-2,7.346795173E-4,1.667168341E-3,9.997397065E-1,1.773937304E2,1.929088514E-1,-7.982146797E-2,1.773935917E2
1.804620211E2,2.275043071E-2,7.290943759E-4,1.662249560E-3,9.997395277E-1,1.773927677E2,1.923314532E-1,-7.919282769E-2,1.773926305E2
1.804670211E2,2.274556164E-2,7.313137758E-4,1.656200155E-3,9.997396469E-1,1.773933258E2,1.916438203E-1,-7.946379112E-2,1.773931887E2
1.804720211E2,2.273997390E-2,7.353387191E-4,1.659186673E-3,9.997397661E-1,1.773939663E2,1.919960080E-1,-7.991818423E-2,1.773938281E2
1.804770211E2,2.274523627E-2,7.330313674E-4,1.659905072E-3,9.997396469E-1,1.773933631E2,1.920727152E-1,-7.965096677E-2,1.773932253E2
1.804820211E2,2.275117647E-2,7.279109559E-4,1.652532723E-3,9.997395277E-1,1.773926823E2,1.912152449E-1,-7.908244361E-2,1.773925460E2
1.804870211E2,2.274045156E-2,7.359414594E-4,1.652358798E-3,9.997397661E-1,1.773939116E2,1.912154010E-1,-8.000493699E-2,1.773937738E2
1.804920211E2,2.273753938E-2,7.374117267E-4,1.655712840E-3,9.997398257E-1,1.773942454E2,1.916032457E-1,-8.016519092E-2,1.773941070E2
1.804970211E2,2.274582373E-2,7.319307188E-4,1.652323641E-3,9.997396469E-1,1.773932958E2,1.912013476E-1,-7.954452356E-2,1.773931588E2
1.805020211E2,2.274325889E-2,7.345058257E-4,1.650421531E-3,9.997397065E-1,1.773935898E2,1.909899460E-1,-7.984498044E-2,1.773934524E2
1.805070211E2,2.272996221E-2,7.426160737E-4,1.649443177E-3,9.997400045E-1,1.773951139E2,1.908979294E-1,-8.077919379E-2,1.773949750E2
1.805120211E2,2.274022244E-2,7.361503085E-4,1.655416097E-3,9.997397661E-1,1.773939378E2,1.915661778E-1,-8.002093968E-2,1.773937998E2
1.805170211E2,2.274565313E-2,7.314917166E-4,1.654864522E-3,9.997396469E-1,1.773933153E2,1.914912784E-1,-7.948764026E-2,1.773931782E2
1.805220211E2,2.273772570E-2,7.374614943E-4,1.653130050E-3,9.997398257E-1,1.773942240E2,1.913075003E-1,-8.017758663E-2,1.773940859E2
1.805270211E2,2.274824438E-2,7.307006163E-4,1.655604225E-3,9.997395873E-1,1.773930183E2,1.915741639E-1,-7.939458575E-2,1.773928813E2
1.805320211E2,2.275056178E-2,7.287943736E-4,1.660586335E-3,9.997395277E-1,1.773927527E2,1.921401387E-1,-7.916276999E-2,1.773926157E2
1.805370211E2,2.273491459E-2,7.385963108E-4,1.655238331E-3,9.997398853E-1,1.773945462E2,1.915517611E-1,-8.030263833E-2,1.773944077E2
1.805420211E2,2.273544818E-2,7.391132531E-4,1.647661207E-3,9.997398853E-1,1.773944850E2,1.906850991E-1,-8.038149961E-2,1.773943470E2
1.805470211E2,2.274873049E-2,7.304352475E-4,1.649029087E-3,9.997395873E-1,1.773929626E2,1.908202488E-1,-7.938123256E-2,1.773928262E2
1.805520211E2,2.274289521E-2,7.338213036E-4,1.655729022E-3,9.997397065E-1,1.773936315E2,1.915961703E-1,-7.975279701E-2,1.773934938E2
1.805570211E2,2.273512910E-2,7.388638332E-4,1.652169740E-3,9.997398853E-1,1.773945216E2,1.912009308E-1,-8.034123997E-2,1.773943833E2
1.805620211E2,2.274280579E-2,7.338747382E-4,1.656933106E-3,9.997397065E-1,1.773936417E2,1.917342449E-1,-7.975579754E-2,1.773935040E2
1.805670211E2,2.273658810E-2,7.371506654E-4,1.668840530E-3,9.997398257E-1,1.773943544E2,1.931064259E-1,-8.010126054E-2,1.773942151E2
1.805720211E2,2.272870561E-2,7.425314398E-4,1.666706870E-3,9.997400045E-1,1.773952579E2,1.928753741E-1,-8.072477184E-2,1.773951177E2
1.805770211E2,2.273431435E-2,7.400108152E-4,1.662833383E-3,9.997398853E-1,1.773946150E2,1.924255042E-1,-8.044501409E-2,1.773944756E2
1.805820211E2,2.273163520E-2,7.420122274E-4,1.662732917E-3,9.997399449E-1,1.773949221E2,1.924189932E-1,-8.067507688E-2,1.773947823E2
1.805870211E2,2.272328799E-2,7.468992262E-4,1.667120610E-3,9.997401237E-1,1.773958789E2,1.929337107E-1,-8.122512124E-2,1.773957378E2
1.805920211E2,2.273404742E-2,7.391649997E-4,1.666854252E-3,9.997398853E-1,1.773946456E2,1.928839184E-1,-8.033769185E-2,1.773945060E2
1.805970211E2,2.273410173E-2,7.402006886E-4,1.665653428E-3,9.997398853E-1,1.773946394E2,1.927490523E-1,-8.045946024E-2,1.773944997E2
1.806020211E2,2.272843415E-2,7.432063576E-4,1.670104451E-3,9.997400045E-1,1.773952890E2,1.932663447E-1,-8.079329457E-2,1.773951484E2
1.806070211E2,2.273347973E-2,7.405076758E-4,1.673985622E-3,9.997398853E-1,1.773947107E2,1.937043564E-1,-8.047304207E-2,1.773945703E2
1.806120211E2,2.274143120E-2,7.345644990E-4,1.675391453E-3,9.997397065E-1,1.773937993E2,1.938505613E-1,-7.978697674E-2,1.773936599E2
1.806170211E2,2.273841651E-2,7.369813393E-4,1.679675421E-3,9.997397661E-1,1.773941448E2,1.943473997E-1,-8.005327579E-2,1.773940047E2
1.806220211E2,2.274155972E-2,7.345143822E-4,1.673668157E-3,9.997397065E-1,1.773937845E2,1.936530164E-1,-7.978570150E-2,1.773936454E2
1.806270211E2,2.274677726E-2,7.313843817E-4,1.675342442E-3,9.997395873E-1,1.773931865E2,1.938370826E-1,-7.942174804E-2,1.773930478E2
1.806320211E2,2.273623944E-2,7.381481701E-4,1.673144288E-3,9.997398257E-1,1.773943944E2,1.936020451E-1,-8.020439026E-2,1.773942545E2
1.806370211E2,2.272566536E-2,7.450081175E-4,1.671299455E-3,9.997400641E-1,1.773956064E2,1.934077160E-1,-8.099713056E-2,1.773954653E2
1.806420211E2,2.273934116E-2,7.365883212E-4,1.667284523E-3,9.997397661E-1,1.773940388E2,1.929269213E-1,-8.004036038E-2,1.773938997E2
1.806470211E2,2.274721638E-2,7.299531717E-4,1.669995952E-3,9.997395873E-1,1.773931362E2,1.932208808E-1,-7.927163809E-2,1.773929982E2
1.806520211E2,2.274464025E-2,7.321099984E-4,1.668456709E-3,9.997396469E-1,1.773934314E2,1.930499598E-1,-7.952323788E-2,1.773932931E2
1.806570211E2,2.274469474E-2,7.323196041E-4,1.667621662E-3,9.997396469E-1,1.773934252E2,1.929548458E-1,-7.954941671E-2,1.773932869E2
1.806620211E2,2.275541841E-2,7.241849089E-4,1.667811535E-3,9.997394085E-1,1.773921960E2,1.929562361E-1,-7.861492697E-2,1.773920593E2
1.806670211E2,2.275258263E-2,7.266711909E-4,1.669688732E-3,9.997394681E-1,1.773925211E2,1.931775522E-1,-7.889541252E-2,1.773923838E2
1.806720211E2,2.274480277E-2,7.315948023E-4,1.666466007E-3,9.997396469E-1,1.773934128E2,1.928205706E-1,-7.946937351E-2,1.773932748E2
1.806770211E2,2.275584526E-2,7.240062696E-4,1.662055147E-3,9.997394085E-1,1.773921471E2,1.922963397E-1,-7.860939068E-2,1.773920109E2
1.806820211E2,2.276354120E-2,7.189573953E-4,1.666413154E-3,9.997392297E-1,1.773912650E2,1.927830353E-1,-7.801813413E-2,1.773911294E2
1.806870211E2,2.275813238E-2,7.236750680E-4,1.666730037E-3,9.997393489E-1,1.773918850E2,1.928312210E-1,-7.855881548E-2,1.773917485E2
1.806920211E2,2.276097450E-2,7.221073029E-4,1.664350741E-3,9.997392893E-1,1.773915592E2,1.925547774E-1,-7.838486745E-2,1.773914232E2
1.806970211E2,2.276069400E-2,7.222055574E-4,1.668139710E-3,9.997392893E-1,1.773915913E2,1.929890841E-1,-7.838629482E-2,1.773914550E2
1.807020211E2,2.275547243E-2,7.241372950E-4,1.667094999E-3,9.997394085E-1,1.773921898E2,1.928740283E-1,-7.861133035E-2,1.773920532E2
1.807070211E2,2.275549613E-2,7.249951013E-4,1.666398486E-3,9.997394085E-1,1.773921871E2,1.927964733E-1,-7.871141388E-2,1.773920504E2
1.807120211E2,2.276663577E-2,7.182202535E-4,1.660203096E-3,9.997391701E-1,1.773909103E2,1.920699160E-1,-7.794929123E-2,1.773907754E2
1.807170211E2,2.276901742E-2,7.161471876E-4,1.664324431E-3,9.997391105E-1,1.773906373E2,1.925368407E-1,-7.770058600E-2,1.773905025E2
1.807220211E2,2.275837627E-2,7.228660397E-4,1.663748291E-3,9.997393489E-1,1.773918570E2,1.924875349E-1,-7.847386132E-2,1.773917209E2
1.807270211E2,2.276645106E-2,7.183541311E-4,1.662676223E-3,9.997391701E-1,1.773909315E2,1.923535775E-1,-7.795821162E-2,1.773907963E2
1.807320211E2,2.276095174E-2,7.212247583E-4,1.665044460E-3,9.997392893E-1,1.773915618E2,1.926319473E-1,-7.828195654E-2,1.773914259E2
1.807370211E2,2.275597085E-2,7.240697159E-4,1.660307054E-3,9.997394085E-1,1.773921327E2,1.920962499E-1,-7.862119369E-2,1.773919966E2
1.807420211E2,2.275649224E-2,7.243574946E-4,1.653019455E-3,9.997394085E-1,1.773920730E2,1.912621586E-1,-7.867306685E-2,1.773919374E2
1.807470211E2,2.276725035E-2,7.173779304E-4,1.652119565E-3,9.997391701E-1,1.773908398E2,1.911416999E-1,-7.787376571E-2,1.773907057E2
1.807520211E2,2.275927092E-2,7.220083498E-4,1.651839935E-3,9.997393489E-1,1.773917545E2,1.911211214E-1,-7.840648952E-2,1.773916194E2
1.807570211E2,2.275409735E-2,7.256275858E-4,1.649377518E-3,9.997394681E-1,1.773923475E2,1.908480543E-1,-7.882852548E-2,1.773922119E2
1.807620211E2,2.276211219E-2,7.210141630E-4,1.649196609E-3,9.997392893E-1,1.773914288E2,1.908159257E-1,-7.829894566E-2,1.773912942E2
1.807670211E2,2.275677945E-2,7.240278064E-4,1.649205456E-3,9.997394085E-1,1.773920400E2,1.908243816E-1,-7.864518867E-2,1.773919048E2
1.807720211E2,2.276183709E-2,7.213210338E-4,1.652855310E-3,9.997392893E-1,1.773914603E2,1.912358531E-1,-7.832461027E-2,1.773913254E2
1.807770211E2,2.277495286E-2,7.117149653E-4,1.656604116E-3,9.997389913E-1,1.773899570E2,1.916412777E-1,-7.721182969E-2,1.773898236E2
1.807820211E2,2.277488658E-2,7.110881270E-4,1.657784218E-3,9.997389913E-1,1.773899646E2,1.917748313E-1,-7.713695073E-2,1.773898312E2
1.807870211E2,2.276994658E-2,7.147890283E-4,1.652152045E-3,9.997391105E-1,1.773905308E2,1.911388747E-1,-7.757657641E-2,1.773903972E2
1.807920211E2,2.277471442E-2,7.114926702E-4,1.659974339E-3,9.997389913E-1,1.773899843E2,1.920267788E-1,-7.717761286E-2,1.773898507E2
1.807970211E2,2.277747921E-2,7.103187381E-4,1.658438938E-3,9.997389317E-1,1.773896674E2,1.918480289E-1,-7.704660193E-2,1.773895342E2
1.808020211E2,2.276395084E-2,7.194391801E-4,1.660599257E-3,9.997392297E-1,1.773912180E2,1.921182719E-1,-7.808841593E-2,1.773910828E2
1.808070211E2,2.276435159E-2,7.191320765E-4,1.655229949E-3,9.997392297E-1,1.773911721E2,1.915023828E-1,-7.806716374E-2,1.773910374E2
1.808120211E2,2.277802114E-2,7.098934730E-4,1.651161932E-3,9.997389317E-1,1.773896053E2,1.910132918E-1,-7.701677405E-2,1.773894727E2
1.808170211E2,2.277264317E-2,7.126242854E-4,1.651988132E-3,9.997390509E-1,1.773902217E2,1.911146559E-1,-7.732849198E-2,1.773900885E2
1.808220211E2,2.275904794E-2,7.220202824E-4,1.654904103E-3,9.997393489E-1,1.773917800E2,1.914721726E-1,-7.839990740E-2,1.773916448E2
1.808270211E2,2.276996170E-2,7.150916499E-4,1.651812694E-3,9.997391105E-1,1.773905291E2,1.911007889E-1,-7.761212786E-2,1.773903954E2
1.808320211E2,2.277235901E-2,7.134860498E-4,1.655529486E-3,9.997390509E-1,1.773902543E2,1.915225879E-1,-7.741802977E-2,1.773901207E2
1.808370211E2,2.276385733E-2,7.191969198E-4,1.661985531E-3,9.997392297E-1,1.773912288E2,1.922764469E-1,-7.805706379E-2,1.773910935E2
1.808420211E2,2.276449854E-2,7.196702063E-4,1.652973588E-3,9.997392297E-1,1.773911553E2,1.912453047E-1,-7.813467097E-2,1.773910206E2
1.808470211E2,2.277037514E-2,7.159080124E-4,1.645748620E-3,9.997391105E-1,1.773904817E2,1.904082385E-1,-7.772139649E-2,1.773903483E2
1.808520211E2,2.276671743E-2,7.166743744E-4,1.659751171E-3,9.997391701E-1,1.773909009E2,1.920141154E-1,-7.777335606E-2,1.773907663E2
1.808570211E2,2.276615792E-2,7.182009285E-4,1.666751225E-3,9.997391701E-1,1.773909651E2,1.928199957E-1,-7.793008540E-2,1.773908296E2
1.808620211E2,2.277523296E-2,7.123256801E-4,1.652485807E-3,9.997389913E-1,1.773899249E2,1.911710915E-1,-7.729248925E-2,1.773897917E2
1.808670211E2,2.277861004E-2,7.103755488E-4,1.642809366E-3,9.997389317E-1,1.773895378E2,1.900577085E-1,-7.709369227E-2,1.773894057E2
1.808720211E2,2.278056846E-2,7.084162207E-4,1.652742270E-3,9.997388721E-1,1.773893133E2,1.911906779E-1,-7.684292523E-2,1.773891809E2
1.808770211E2,2.278519370E-2,7.038298063E-4,1.663020696E-3,9.997387528E-1,1.773887832E2,1.923565739E-1,-7.628977513E-2,1.773886508E2
1.808820211E2,2.279155909E-2,6.998342578E-4,1.649087179E-3,9.997386336E-1,1.773880535E2,1.907503709E-1,-7.586720609E-2,1.773879231E2
1.808870211E2,2.279201399E-2,7.009274559E-4,1.642321935E-3,9.997386336E-1,1.773880014E2,1.899782211E-1,-7.601002806E-2,1.773878712E2
1.808920211E2,2.279120358E-2,7.013491704E-4,1.653351472E-3,9.997386336E-1,1.773880943E2,1.912428270E-1,-7.602968727E-2,1.773879632E2
1.808970211E2,2.279648025E-2,6.965909852E-4,1.654698630E-3,9.997385144E-1,1.773874895E2,1.913851299E-1,-7.548005304E-2,1.773873592E2
1.809020211E2,2.279472729E-2,6.983624189E-4,1.642040908E-3,9.997385740E-1,1.773876904E2,1.899395313E-1,-7.571639170E-2,1.773875607E2
1.809070211E2,2.279457220E-2,6.993435672E-4,1.643775264E-3,9.997385740E-1,1.773877082E2,1.901407740E-1,-7.582429265E-2,1.773875782E2
1.809120211E2,2.279670584E-2,6.969673559E-4,1.651429106E-3,9.997385144E-1,1.773874636E2,1.910115670E-1,-7.553166895E-2,1.773873335E2
1.809170211E2,2.280772547E-2,6.887196214E-4,1.647062600E-3,9.997382760E-1,1.773862005E2,1.904906047E-1,-7.459610254E-2,1.773860724E2
1.809220211E2,2.281642207E-2,6.832306972E-4,1.637407928E-3,9.997380972E-1,1.773852037E2,1.893708423E-1,-7.399086969E-2,1.773850773E2
1.809270211E2,2.281871043E-2,6.816262030E-4,1.642572228E-3,9.997380376E-1,1.773849414E2,1.899584478E-1,-7.379311839E-2,1.773848150E2
1.809320211E2,2.281799942E-2,6.821327843E-4,1.652210834E-3,9.997380376E-1,1.773850229E2,1.910639377E-1,-7.382608443E-2,1.773848956E2
1.809370211E2,2.282362125E-2,6.780198310E-4,1.648381469E-3,9.997379184E-1,1.773843785E2,1.906148947E-1,-7.336383944E-2,1.773842523E2
1.809420211E2,2.283154628E-2,6.729832385E-4,1.649145735E-3,9.997377396E-1,1.773834702E2,1.906898530E-1,-7.278332894E-2,1.773833449E2
1.809470211E2,2.283101499E-2,6.738593220E-4,1.656128559E-3,9.997377396E-1,1.773835311E2,1.914920723E-1,-7.286552610E-2,1.773834051E2
1.809520211E2,2.282879797E-2,6.742806872E-4,1.650528517E-3,9.997377992E-1,1.773837852E2,1.908514616E-1,-7.292887337E-2,1.773836596E2
1.809570211E2,2.283198885E-2,6.736041396E-4,1.642752555E-3,9.997377396E-1,1.773834194E2,1.899590950E-1,-7.287110355E-2,1.773832945E2
1.809620211E2,2.282677201E-2,6.759178359E-4,1.641752780E-3,9.997378588E-1,1.773840174E2,1.898502316E-1,-7.313977075E-2,1.773838921E2
1.809670211E2,2.282628384E-2,6.762719131E-4,1.648381003E-3,9.997378588E-1,1.773840733E2,1.906104641E-1,-7.316308880E-2,1.773839475E2
1.809720211E2,2.283246887E-2,6.729812594E-4,1.636323635E-3,9.997377396E-1,1.773833644E2,1.892209908E-1,-7.281647574E-2,1.773832401E2
1.809770211E2,2.282477657E-2,6.782451528E-4,1.632212428E-3,9.997379184E-1,1.773842461E2,1.887632125E-1,-7.343172504E-2,1.773841211E2
1.809820211E2,2.282151293E-2,6.809957558E-4,1.640174887E-3,9.997379780E-1,1.773846202E2,1.896823617E-1,-7.372663059E-2,1.773844940E2
1.809870211E2,2.282099075E-2,6.802259595E-4,1.647742465E-3,9.997379780E-1,1.773846800E2,1.905472663E-1,-7.361874968E-2,1.773845535E2
1.809920211E2,2.282426869E-2,6.786379381E-4,1.639136579E-3,9.997379184E-1,1.773843043E2,1.895574467E-1,-7.345870824E-2,1.773841787E2
1.809970211E2,2.281091470E-2,6.867577322E-4,1.639879076E-3,9.997382164E-1,1.773858350E2,1.896627551E-1,-7.438951593E-2,1.773857077E2
1.810020211E2,2.281845139E-2,6.822879659E-4,1.645892626E-3,9.997380376E-1,1.773849711E2,1.903405506E-1,-7.386029759E-2,1.773848443E2
1.810070211E2,2.281569345E-2,6.837859983E-4,1.647299039E-3,9.997380972E-1,1.773852872E2,1.905053855E-1,-7.402876241E-2,1.773851600E2
1.810120211E2,2.280809903E-2,6.898533902E-4,1.641405397E-3,9.997382760E-1,1.773861577E2,1.898454960E-1,-7.474070424E-2,1.773860297E2
1.810170211E2,2.281324464E-2,6.864774623E-4,1.643917523E-3,9.997381568E-1,1.773855679E2,1.901248481E-1,-7.434640788E-2,1.773854404E2
1.810220211E2,2.281628362E-2,6.834401865E-4,1.639248803E-3,9.997380972E-1,1.773852196E2,1.895822741E-1,-7.401008204E-2,1.773850930E2
1.810270211E2,2.280039003E-2,6.947353831E-4,1.637532841E-3,9.997384548E-1,1.773870413E2,1.894140291E-1,-7.531157568E-2,1.773869127E2
1.810320211E2,2.280505694E-2,6.911391974E-4,1.646820456E-3,9.997383356E-1,1.773865064E2,1.904689891E-1,-7.487443437E-2,1.773863778E2
1.810370211E2,2.280418369E-2,6.921950262E-4,1.658428460E-3,9.997383356E-1,1.773866065E2,1.918015192E-1,-7.496522299E-2,1.773864768E2
1.810420211E2,2.279199590E-2,6.997250603E-4,1.643085503E-3,9.997386336E-1,1.773880035E2,1.900625547E-1,-7.587028870E-2,1.773878735E2
1.810470211E2,2.279283585E-2,6.996222655E-4,1.631436520E-3,9.997386336E-1,1.773879072E2,1.887278190E-1,-7.588877983E-2,1.773877781E2
1.810520211E2,2.279215133E-2,7.003977080E-4,1.640641131E-3,9.997386336E-1,1.773879857E2,1.897842914E-1,-7.595370330E-2,1.773878557E2
1.810570211E2,2.278615343E-2,7.037509931E-4,1.649852260E-3,9.997387528E-1,1.773886732E2,1.908478385E-1,-7.631494741E-2,1.773885418E2
1.810620211E2,2.280587390E-2,6.910239463E-4,1.635516528E-3,9.997383356E-1,1.773864128E2,1.891737487E-1,-7.489061809E-2,1.773862850E2
1.810670211E2,2.280168667E-2,6.941152969E-4,1.619643648E-3,9.997384548E-1,1.773868927E2,1.873630848E-1,-7.528703662E-2,1.773867656E2
1.810720211E2,2.279021891E-2,7.024551742E-4,1.630252460E-3,9.997386932E-1,1.773882072E2,1.885993715E-1,-7.621690897E-2,1.773880776E2
1.810770211E2,2.279803615E-2,6.956505822E-4,1.633522799E-3,9.997385144E-1,1.773873111E2,1.889568446E-1,-7.542734497E-2,1.773871826E2
1.810820211E2,2.279903132E-2,6.964056520E-4,1.619249349E-3,9.997385144E-1,1.773871971E2,1.873236978E-1,-7.555095127E-2,1.773870695E2
1.810870211E2,2.279933768E-2,6.965344655E-4,1.614874462E-3,9.997385144E-1,1.773871620E2,1.868228617E-1,-7.557708142E-2,1.773870347E2
1.810920211E2,2.280921795E-2,6.889155484E-4,1.626180485E-3,9.997382760E-1,1.773860295E2,1.880989321E-1,-7.467284712E-2,1.773859028E2
1.810970211E2,2.280581515E-2,6.917747669E-4,1.636018278E-3,9.997383356E-1,1.773864195E2,1.892331882E-1,-7.497533312E-2,1.773862916E2
1.811020211E2,2.280383633E-2,6.925310590E-4,1.626832527E-3,9.997383952E-1,1.773866463E2,1.881826785E-1,-7.508635448E-2,1.773865189E2
1.811070211E2,2.280965024E-2,6.888605421E-4,1.620128984E-3,9.997382760E-1,1.773859799E2,1.874055487E-1,-7.468228234E-2,1.773858537E2
1.811120211E2,2.281418267E-2,6.861303118E-4,1.630994026E-3,9.997381568E-1,1.773854604E2,1.886434690E-1,-7.434024714E-2,1.773853339E2
1.811170211E2,2.281432117E-2,6.847036420E-4,1.629655715E-3,9.997381568E-1,1.773854445E2,1.884864295E-1,-7.418027839E-2,1.773853184E2
1.811220211E2,2.282548950E-2,6.783788558E-4,1.622156124E-3,9.997379184E-1,1.773841644E2,1.876115450E-1,-7.347321230E-2,1.773840401E2
1.811270211E2,2.282853788E-2,6.760192919E-4,1.616970520E-3,9.997378588E-1,1.773838150E2,1.870115229E-1,-7.321589090E-2,1.773836915E2
1.811320211E2,2.281736587E-2,6.838815170E-4,1.623929245E-3,9.997380972E-1,1.773850955E2,1.878284700E-1,-7.410049403E-2,1.773849700E2
1.811370211E2,2.281939185E-2,6.811439525E-4,1.633279491E-3,9.997380376E-1,1.773848633E2,1.888926430E-1,-7.376204241E-2,1.773847376E2
1.811420211E2,2.282720259E-2,6.769312313E-4,1.635335851E-3,9.997378588E-1,1.773839680E2,1.891177786E-1,-7.327257140E-2,1.773838430E2
1.811470211E2,2.282242410E-2,6.798767718E-4,1.627914957E-3,9.997379780E-1,1.773845158E2,1.882749808E-1,-7.363032960E-2,1.773843907E2
1.811520211E2,2.282483908E-2,6.787441089E-4,1.631130581E-3,9.997379184E-1,1.773842389E2,1.886405838E-1,-7.349170417E-2,1.773841139E2
1.811570211E2,2.282778254E-2,6.755907089E-4,1.627777237E-3,9.997378588E-1,1.773839016E2,1.882483846E-1,-7.313866269E-2,1.773837773E2
1.811620211E2,2.281951986E-2,6.821689894E-4,1.631061663E-3,9.997380376E-1,1.773848486E2,1.886412545E-1,-7.388524781E-2,1.773847229E2
1.811670211E2,2.281926030E-2,6.814769004E-4,1.634977642E-3,9.997380376E-1,1.773848784E2,1.890880474E-1,-7.379576959E-2,1.773847525E2
1.811720211E2,2.283850165E-2,6.695579505E-4,1.626340672E-3,9.997376204E-1,1.773826729E2,1.880688026E-1,-7.244928207E-2,1.773825500E2
1.811770211E2,2.283307798E-2,6.726802676E-4,1.627926482E-3,9.997377396E-1,1.773832946E2,1.882582536E-1,-7.280385040E-2,1.773831709E2
1.811820211E2,2.283290596E-2,6.721941754E-4,1.630537910E-3,9.997377396E-1,1.773833143E2,1.885561393E-1,-7.274136230E-2,1.773831905E2
1.811870211E2,2.283588825E-2,6.708233268E-4,1.625876757E-3,9.997376800E-1,1.773829725E2,1.880187780E-1,-7.259595119E-2,1.773828493E2
1.811920211E2,2.283288623E-2,6.726605352E-4,1.630621846E-3,9.997377396E-1,1.773833166E2,1.885669740E-1,-7.279457329E-2,1.773831927E2
1.811970211E2,2.282718204E-2,6.762584671E-4,1.635900931E-3,9.997378588E-1,1.773839704E2,1.891807537E-1,-7.319402417E-2,1.773838455E2
1.812020211E2,2.283262680E-2,6.723685656E-4,1.634370652E-3,9.997377396E-1,1.773833463E2,1.889956615E-1,-7.275136478E-2,1.773832222E2
1.812070211E2,2.283508925E-2,6.706781569E-4,1.637119800E-3,9.997376800E-1,1.773830641E2,1.893063643E-1,-7.255004937E-2,1.773829401E2
1.812120211E2,2.282986964E-2,6.748360465E-4,1.635409426E-3,9.997377992E-1,1.773836623E2,1.891209209E-1,-7.303184678E-2,1.773835377E2
1.812170211E2,2.282222579E-2,6.790795014E-4,1.631024992E-3,9.997379780E-1,1.773845385E2,1.886291725E-1,-7.353089652E-2,1.773844134E2
1.812220211E2,2.282470824E-2,6.784060388E-4,1.633100794E-3,9.997379184E-1,1.773842539E2,1.888654012E-1,-7.344784564E-2,1.773841288E2
1.812270211E2,2.282734617E-2,6.764898426E-4,1.633513253E-3,9.997378588E-1,1.773839516E2,1.889078340E-1,-7.322674589E-2,1.773838268E2
1.812320211E2,2.282219793E-2,6.793646608E-4,1.631296007E-3,9.997379780E-1,1.773845417E2,1.886609643E-1,-7.356286128E-2,1.773844165E2
1.812370211E2,2.283311624E-2,6.726967404E-4,1.627382939E-3,9.997377396E-1,1.773832902E2,1.881960301E-1,-7.280715258E-2,1.773831666E2
1.812420211E2,2.284048363E-2,6.674873875E-4,1.635969384E-3,9.997375607E-1,1.773824457E2,1.891666095E-1,-7.218649967E-2,1.773823225E2
1.812470211E2,2.282997468E-2,6.737162475E-4,1.634404412E-3,9.997377992E-1,1.773836503E2,1.890028623E-1,-7.290617036E-2,1.773835260E2
1.812520211E2,2.282759889E-2,6.768417661E-4,1.629831735E-3,9.997378588E-1,1.773839226E2,1.884870114E-1,-7.327664582E-2,1.773837980E2
1.812570211E2,2.282504610E-2,6.775950897E-4,1.628709491E-3,9.997379184E-1,1.773842152E2,1.883602286E-1,-7.336636448E-2,1.773840906E2
1.812620211E2,2.282478846E-2,6.783687859E-4,1.631994732E-3,9.997379184E-1,1.773842447E2,1.887385970E-1,-7.344645581E-2,1.773841197E2
1.812670211E2,2.283039155E-2,6.749991444E-4,1.628039754E-3,9.997377992E-1,1.773836025E2,1.882771020E-1,-7.306971405E-2,1.773834784E2
1.812720211E2,2.282001626E-2,6.816422683E-4,1.624322962E-3,9.997380376E-1,1.773847917E2,1.878679149E-1,-7.384243459E-2,1.773846666E2
1.812770211E2,2.281732791E-2,6.829493796E-4,1.624854514E-3,9.997380972E-1,1.773850999E2,1.879320302E-1,-7.399129461E-2,1.773849745E2
1.812820211E2,2.282217021E-2,6.793836365E-4,1.631675870E-3,9.997379780E-1,1.773845449E2,1.887045297E-1,-7.356404692E-2,1.773844196E2
1.812870211E2,2.282766861E-2,6.759351236E-4,1.629231381E-3,9.997378588E-1,1.773839146E2,1.884158669E-1,-7.317433681E-2,1.773837902E2
1.812920211E2,2.282245749E-2,6.794602959E-4,1.627620659E-3,9.997379780E-1,1.773845119E2,1.882401785E-1,-7.358338089E-2,1.773843870E2
1.812970211E2,2.281660004E-2,6.830123020E-4,1.635017456E-3,9.997380972E-1,1.773851833E2,1.890964272E-1,-7.397206670E-2,1.773850571E2
1.813020211E2,2.281659702E-2,6.836811081E-4,1.634780085E-3,9.997380972E-1,1.773851837E2,1.890709822E-1,-7.404930741E-2,1.773850574E2
1.813070211E2,2.281171739E-2,6.867526099E-4,1.628677244E-3,9.997382164E-1,1.773857430E2,1.883794976E-1,-7.441806022E-2,1.773856166E2
1.813120211E2,2.281183135E-2,6.879403954E-4,1.626578509E-3,9.997382164E-1,1.773857299E2,1.881421762E-1,-7.455959982E-2,1.773856034E2
1.813170211E2,2.281455063E-2,6.843358278E-4,1.626594923E-3,9.997381568E-1,1.773854182E2,1.881348345E-1,-7.414610014E-2,1.773852924E2
1.813220211E2,2.281438828E-2,6.859872956E-4,1.628175727E-3,9.997381568E-1,1.773854368E2,1.883202405E-1,-7.433119252E-2,1.773853106E2
1.813270211E2,2.280637998E-2,6.916694110E-4,1.628170256E-3,9.997383356E-1,1.773863548E2,1.883338702E-1,-7.498366767E-2,1.773862274E2
1.813320211E2,2.280901169E-2,6.886300980E-4,1.629191567E-3,9.997382760E-1,1.773860531E2,1.884431260E-1,-7.463231375E-2,1.773859263E2
1.813370211E2,2.281978650E-2,6.810183986E-4,1.627808786E-3,9.997380376E-1,1.773848181E2,1.882656091E-1,-7.376189054E-2,1.773846928E2
1.813420211E2,2.281460980E-2,6.850042264E-4,1.625483274E-3,9.997381568E-1,1.773854114E2,1.880092338E-1,-7.422556821E-2,1.773852856E2
1.813470211E2,2.281183555E-2,6.872827653E-4,1.626797603E-3,9.997382164E-1,1.773857294E2,1.881655570E-1,-7.448368712E-2,1.773856030E2
1.813520211E2,2.280652506E-2,6.898522261E-4,1.626908546E-3,9.997383356E-1,1.773863381E2,1.881845874E-1,-7.477875825E-2,1.773862112E2
1.813570211E2,2.281728372E-2,6.826792378E-4,1.625588513E-3,9.997380972E-1,1.773851050E2,1.880154088E-1,-7.395843579E-2,1.773849795E2
1.813620211E2,2.281158145E-2,6.875907420E-4,1.630226965E-3,9.997382164E-1,1.773857586E2,1.885592177E-1,-7.451005240E-2,1.773856319E2
1.813670211E2,2.281423501E-2,6.857365370E-4,1.630427316E-3,9.997381568E-1,1.773854544E2,1.885775199E-1,-7.429660742E-2,1.773853280E2
1.813720211E2,2.281409395E-2,6.856240216E-4,1.632447238E-3,9.997381568E-1,1.773854706E2,1.888086215E-1,-7.427846313E-2,1.773853441E2
1.813770211E2,2.280316056E-2,6.929157535E-4,1.636114670E-3,9.997383952E-1,1.773867238E2,1.892470138E-1,-7.510629697E-2,1.773865956E2
1.813820211E2,2.279232810E-2,7.002647035E-4,1.638240414E-3,9.997386336E-1,1.773879654E2,1.895089264E-1,-7.594470306E-2,1.773878357E2
1.813870211E2,2.278972880E-2,7.011888083E-4,1.637632377E-3,9.997386932E-1,1.773882633E2,1.894414846E-1,-7.605265073E-2,1.773881335E2
1.813920211E2,2.279242994E-2,6.999725592E-4,1.636947854E-3,9.997386336E-1,1.773879537E2,1.893600928E-1,-7.591459133E-2,1.773878241E2
1.813970211E2,2.278716303E-2,7.037778269E-4,1.635837369E-3,9.997387528E-1,1.773885574E2,1.892424112E-1,-7.635442660E-2,1.773884272E2
1.814020211E2,2.278184747E-2,7.071531145E-4,1.635564142E-3,9.997388721E-1,1.773891667E2,1.892195167E-1,-7.674282474E-2,1.773890358E2
1.814070211E2,2.278453859E-2,7.054607850E-4,1.635241322E-3,9.997388124E-1,1.773888582E2,1.891783212E-1,-7.654928219E-2,1.773887277E2
1.814120211E2,2.278992504E-2,7.016788004E-4,1.634688932E-3,9.997386932E-1,1.773882408E2,1.891055724E-1,-7.611643515E-2,1.773881111E2
1.814170211E2,2.279249861E-2,6.996507873E-4,1.636128989E-3,9.997386336E-1,1.773879459E2,1.892654466E-1,-7.587985444E-2,1.773878164E2
1.814220211E2,2.279264984E-2,7.003516657E-4,1.633720589E-3,9.997386336E-1,1.773879285E2,1.889913778E-1,-7.596641029E-2,1.773877991E2
1.814270211E2,2.279522551E-2,6.979748723E-4,1.635275315E-3,9.997385740E-1,1.773876333E2,1.891634766E-1,-7.568957265E-2,1.773875042E2
1.814320211E2,2.279794989E-2,6.969003589E-4,1.634193701E-3,9.997385144E-1,1.773873210E2,1.890369634E-1,-7.556878495E-2,1.773871922E2
1.814370211E2,2.279786057E-2,6.968075177E-4,1.635478926E-3,9.997385144E-1,1.773873313E2,1.891839521E-1,-7.555480805E-2,1.773872024E2
1.814420211E2,2.279539073E-2,6.987331435E-4,1.632646308E-3,9.997385740E-1,1.773876144E2,1.888642858E-1,-7.578327792E-2,1.773874853E2
1.814470211E2,2.279788326E-2,6.962607731E-4,1.635395456E-3,9.997385144E-1,1.773873287E2,1.891729628E-1,-7.549238588E-2,1.773871999E2
1.814520211E2,2.279196858E-2,7.005824591E-4,1.643099124E-3,9.997386336E-1,1.773880066E2,1.900663527E-1,-7.596848334E-2,1.773878764E2
1.814570211E2,2.279433631E-2,6.992014823E-4,1.647103461E-3,9.997385740E-1,1.773877352E2,1.905216699E-1,-7.579936621E-2,1.773876050E2
1.814620211E2,2.279715781E-2,6.969111855E-4,1.645201817E-3,9.997385144E-1,1.773874118E2,1.902980437E-1,-7.554141639E-2,1.773872822E2
1.814670211E2,2.280221236E-2,6.940524909E-4,1.648798818E-3,9.997383952E-1,1.773868325E2,1.907030345E-1,-7.520355833E-2,1.773867031E2
1.814720211E2,2.280994832E-2,6.880118744E-4,1.652745064E-3,9.997382164E-1,1.773859457E2,1.911399147E-1,-7.449974464E-2,1.773858173E2
1.814770211E2,2.280199235E-2,6.939498126E-4,1.651881728E-3,9.997383952E-1,1.773868577E2,1.910559340E-1,-7.518378151E-2,1.773867281E2
1.814820211E2,2.279428007E-2,6.981507177E-4,1.648327103E-3,9.997385740E-1,1.773877417E2,1.906591035E-1,-7.567580324E-2,1.773876116E2
1.814870211E2,2.280246171E-2,6.937280996E-4,1.645483542E-3,9.997383952E-1,1.773868039E2,1.903224009E-1,-7.517501113E-2,1.773866748E2
1.814920211E2,2.280275467E-2,6.928404910E-4,1.641793642E-3,9.997383952E-1,1.773867703E2,1.898973810E-1,-7.508291169E-2,1.773866417E2
1.814970211E2,2.280297392E-2,6.936154678E-4,1.638417714E-3,9.997383952E-1,1.773867452E2,1.895126698E-1,-7.518047448E-2,1.773866167E2
1.815020211E2,2.280305188E-2,6.936049904E-4,1.637336798E-3,9.997383952E-1,1.773867362E2,1.893888164E-1,-7.518208402E-2,1.773866078E2
1.815070211E2,2.280820165E-2,6.891257945E-4,1.640284783E-3,9.997382760E-1,1.773861460E2,1.897152220E-1,-7.466025923E-2,1.773860182E2
1.815120211E2,2.280529004E-2,6.903345347E-4,1.643927419E-3,9.997383356E-1,1.773864797E2,1.901354713E-1,-7.478976724E-2,1.773863514E2
1.815170211E2,2.279521262E-2,6.976072327E-4,1.635611872E-3,9.997385740E-1,1.773876348E2,1.892010718E-1,-7.564657851E-2,1.773875057E2
1.815220211E2,2.280073146E-2,6.954493001E-4,1.632467960E-3,9.997384548E-1,1.773870022E2,1.888356775E-1,-7.540653253E-2,1.773868738E2
1.815270211E2,2.280338119E-2,6.926930510E-4,1.633131178E-3,9.997383952E-1,1.773866985E2,1.889046536E-1,-7.508853853E-2,1.773865706E2
1.815320211E2,2.279797203E-2,6.972918054E-4,1.633717911E-3,9.997385144E-1,1.773873185E2,1.889834805E-1,-7.561486857E-2,1.773871897E2
1.815370211E2,2.279057775E-2,7.025469677E-4,1.625188510E-3,9.997386932E-1,1.773881660E2,1.880195022E-1,-7.624058302E-2,1.773880368E2
1.815420211E2,2.279330706E-2,7.000181358E-4,1.624669298E-3,9.997386336E-1,1.773878532E2,1.879536223E-1,-7.595171877E-2,1.773877245E2
1.815470211E2,2.279579091E-2,6.988517125E-4,1.626998303E-3,9.997385740E-1,1.773875685E2,1.882175791E-1,-7.581154028E-2,1.773874399E2
1.815520211E2,2.279313714E-2,6.998291356E-4,1.627132646E-3,9.997386336E-1,1.773878727E2,1.882353218E-1,-7.592366419E-2,1.773877439E2
1.815570211E2,2.279034422E-2,7.009978290E-4,1.629127539E-3,9.997386932E-1,1.773881928E2,1.884667012E-1,-7.605286742E-2,1.773880636E2
1.815620211E2,2.280346231E-2,6.928627845E-4,1.631926047E-3,9.997383952E-1,1.773866892E2,1.887670411E-1,-7.511111742E-2,1.773865613E2
1.815670211E2,2.280082652E-2,6.938963779E-4,1.631801017E-3,9.997384548E-1,1.773869913E2,1.887552203E-1,-7.523035194E-2,1.773868633E2
1.815720211E2,2.280080381E-2,6.952204276E-4,1.631554798E-3,9.997384548E-1,1.773869939E2,1.887304713E-1,-7.538268487E-2,1.773868656E2
1.815770211E2,2.279568722E-2,6.983057247E-4,1.628684695E-3,9.997385740E-1,1.773875804E2,1.884093413E-1,-7.574460513E-2,1.773874517E2
1.815820211E2,2.280106157E-2,6.944352644E-4,1.628283644E-3,9.997384548E-1,1.773869644E2,1.883536890E-1,-7.530123397E-2,1.773868365E2
1.815870211E2,2.279824101E-2,6.955911522E-4,1.630686456E-3,9.997385144E-1,1.773872877E2,1.886317677E-1,-7.542790813E-2,1.773871594E2
1.815920211E2,2.279559936E-2,6.975440774E-4,1.630240004E-3,9.997385740E-1,1.773875904E2,1.885855240E-1,-7.565330317E-2,1.773874618E2
1.815970211E2,2.279861144E-2,6.954676355E-4,1.625552191E-3,9.997385144E-1,1.773872452E2,1.880432813E-1,-7.542710206E-2,1.773871173E2
1.816020211E2,2.279554059E-2,6.990833790E-4,1.630402403E-3,9.997385740E-1,1.773875972E2,1.886081459E-1,-7.582923494E-2,1.773874683E2
1.816070211E2,2.278750468E-2,7.029564586E-4,1.631425344E-3,9.997387528E-1,1.773885183E2,1.887348417E-1,-7.627178612E-2,1.773883885E2
1.816120211E2,2.278996316E-2,7.014825824E-4,1.634241547E-3,9.997386932E-1,1.773882365E2,1.890538095E-1,-7.609511730E-2,1.773881068E2
1.816170211E2,2.279235589E-2,7.007117383E-4,1.637662412E-3,9.997386336E-1,1.773879622E2,1.894438792E-1,-7.599742055E-2,1.773878324E2
1.816220211E2,2.278933217E-2,7.024756051E-4,1.642592833E-3,9.997386932E-1,1.773883088E2,1.900130954E-1,-7.618718874E-2,1.773881783E2
1.816270211E2,2.278944649E-2,7.014086004E-4,1.641462441E-3,9.997386932E-1,1.773882957E2,1.898808171E-1,-7.606788134E-2,1.773881655E2
1.816320211E2,2.278953593E-2,7.018985343E-4,1.640010625E-3,9.997386932E-1,1.773882854E2,1.897157807E-1,-7.612778358E-2,1.773881553E2
1.816370211E2,2.278160445E-2,7.067550905E-4,1.639117370E-3,9.997388721E-1,1.773891946E2,1.896255239E-1,-7.668799597E-2,1.773890635E2
1.816420211E2,2.278693386E-2,7.033558795E-4,1.639207709E-3,9.997387528E-1,1.773885837E2,1.896274047E-1,-7.629732994E-2,1.773884533E2
1.816470211E2,2.278650259E-2,7.043181686E-4,1.644780161E-3,9.997387528E-1,1.773886331E2,1.902682763E-1,-7.639310197E-2,1.773885021E2
1.816520211E2,2.278409897E-2,7.054798189E-4,1.641347073E-3,9.997388124E-1,1.773889086E2,1.898778245E-1,-7.653560381E-2,1.773887776E2
1.816570211E2,2.279485593E-2,6.977104349E-4,1.640531467E-3,9.997385740E-1,1.773876757E2,1.897649131E-1,-7.564561791E-2,1.773875462E2
1.816620211E2,2.279482648E-2,6.990155089E-4,1.640385133E-3,9.997385740E-1,1.773876790E2,1.897515561E-1,-7.579551718E-2,1.773875494E2
1.816670211E2,2.278948441E-2,7.020864286E-4,1.640645904E-3,9.997386932E-1,1.773882913E2,1.897890463E-1,-7.614765974E-2,1.773881611E2
1.816720211E2,2.278704522E-2,7.030953420E-4,1.637770794E-3,9.997387528E-1,1.773885709E2,1.894621170E-1,-7.627121347E-2,1.773884407E2
1.816770211E2,2.278637454E-2,7.038399926E-4,1.646757592E-3,9.997387528E-1,1.773886478E2,1.904935563E-1,-7.633318212E-2,1.773885167E2
1.816820211E2,2.278874364E-2,7.033220609E-4,1.650377410E-3,9.997386932E-1,1.773883763E2,1.909070781E-1,-7.626394231E-2,1.773882450E2
1.816870211E2,2.278371424E-2,7.059078780E-4,1.646495424E-3,9.997388124E-1,1.773889527E2,1.904687184E-1,-7.657127393E-2,1.773888213E2
1.816920211E2,2.278681269E-2,7.047092658E-4,1.640310395E-3,9.997387528E-1,1.773885976E2,1.897572559E-1,-7.644951966E-2,1.773884668E2
1.816970211E2,2.278895622E-2,7.015504525E-4,1.648194622E-3,9.997386932E-1,1.773883519E2,1.906524027E-1,-7.606664379E-2,1.773882211E2
1.817020211E2,2.278116500E-2,7.072745939E-4,1.644990523E-3,9.997388721E-1,1.773892449E2,1.902996870E-1,-7.673226167E-2,1.773891133E2
1.817070211E2,2.278158481E-2,7.070613792E-4,1.639258233E-3,9.997388721E-1,1.773891968E2,1.896424596E-1,-7.672272090E-2,1.773890657E2
1.817120211E2,2.279466672E-2,6.991598639E-4,1.642542309E-3,9.997385740E-1,1.773876973E2,1.899990515E-1,-7.580645005E-2,1.773875675E2
1.817170211E2,2.279168672E-2,6.999137113E-4,1.647288562E-3,9.997386336E-1,1.773880389E2,1.905445350E-1,-7.588098181E-2,1.773879086E2
1.817220211E2,2.278125504E-2,7.085405523E-4,1.643197727E-3,9.997388721E-1,1.773892346E2,1.900976129E-1,-7.688195527E-2,1.773891029E2
1.817270211E2,2.277868317E-2,7.086547557E-4,1.642538584E-3,9.997389317E-1,1.773895294E2,1.900222004E-1,-7.689724825E-2,1.773893977E2
1.817320211E2,2.278392016E-2,7.060802309E-4,1.643569442E-3,9.997388124E-1,1.773889291E2,1.901339777E-1,-7.659861942E-2,1.773887979E2
1.817370211E2,2.277863409E-2,7.088193670E-4,1.643148134E-3,9.997389317E-1,1.773895350E2,1.900924578E-1,-7.691452457E-2,1.773894033E2
1.817420211E2,2.278386822E-2,7.065439713E-4,1.644090167E-3,9.997388124E-1,1.773889351E2,1.901948400E-1,-7.665039658E-2,1.773888037E2
1.817470211E2,2.278636160E-2,7.040541968E-4,1.646845136E-3,9.997387528E-1,1.773886493E2,1.905041439E-1,-7.635749557E-2,1.773885182E2
1.817520211E2,2.277812293E-2,7.095001638E-4,1.649926300E-3,9.997389317E-1,1.773895936E2,1.908707163E-1,-7.697492183E-2,1.773894612E2
1.817570211E2,2.277290502E-2,7.134974003E-4,1.647996833E-3,9.997390509E-1,1.773901917E2,1.906597035E-1,-7.743888362E-2,1.773900586E2
1.817620211E2,2.278133499E-2,7.069628919E-4,1.642768737E-3,9.997388721E-1,1.773892254E2,1.900443538E-1,-7.670232059E-2,1.773890941E2
1.817670211E2,2.278174036E-2,7.077843184E-4,1.636782545E-3,9.997388721E-1,1.773891790E2,1.893607392E-1,-7.681197587E-2,1.773890479E2
1.817720211E2,2.277087273E-2,7.144217379E-4,1.639498048E-3,9.997391105E-1,1.773904246E2,1.896883200E-1,-7.756734237E-2,1.773902921E2
1.817770211E2,2.277590317E-2,7.120602531E-4,1.643337542E-3,9.997389913E-1,1.773898480E2,1.901224063E-1,-7.728583088E-2,1.773897156E2
1.817820211E2,2.276763260E-2,7.170996978E-4,1.646964694E-3,9.997391701E-1,1.773907960E2,1.905504509E-1,-7.785526748E-2,1.773906624E2
1.817870211E2,2.275962386E-2,7.219226682E-4,1.647007535E-3,9.997393489E-1,1.773917140E2,1.905673157E-1,-7.840921007E-2,1.773915794E2
1.817920211E2,2.276271833E-2,7.212455384E-4,1.640707604E-3,9.997392893E-1,1.773913593E2,1.898440585E-1,-7.834748077E-2,1.773912253E2
1.817970211E2,2.276031989E-2,7.228850736E-4,1.636936096E-3,9.997393489E-1,1.773916342E2,1.894160755E-1,-7.854560136E-2,1.773915002E2
1.818020211E2,2.275490634E-2,7.257603575E-4,1.638120040E-3,9.997394681E-1,1.773922547E2,1.895587838E-1,-7.887293727E-2,1.773921201E2
1.818070211E2,2.276278898E-2,7.212635828E-4,1.639719238E-3,9.997392893E-1,1.773913512E2,1.897308818E-1,-7.835211276E-2,1.773912173E2
1.818120211E2,2.276248038E-2,7.204659050E-4,1.644347329E-3,9.997392893E-1,1.773913866E2,1.902589805E-1,-7.824871548E-2,1.773912525E2
1.818170211E2,2.275714094E-2,7.235145895E-4,1.644435688E-3,9.997394085E-1,1.773919986E2,1.902766367E-1,-7.859876380E-2,1.773918639E2
1.818220211E2,2.274922193E-2,7.289263303E-4,1.642905758E-3,9.997395873E-1,1.773929063E2,1.901148519E-1,-7.922423812E-2,1.773927706E2
1.818270211E2,2.275152953E-2,7.281602011E-4,1.647554687E-3,9.997395277E-1,1.773926418E2,1.906456283E-1,-7.912390915E-2,1.773925059E2
1.818320211E2,2.274632705E-2,7.314094109E-4,1.645612065E-3,9.997396469E-1,1.773932381E2,1.904311361E-1,-7.950220027E-2,1.773931018E2
1.818370211E2,2.273840153E-2,7.374284323E-4,1.643822761E-3,9.997398257E-1,1.773941465E2,1.902412051E-1,-8.019792233E-2,1.773940092E2
1.818420211E2,2.274389059E-2,7.331704837E-4,1.642290037E-3,9.997397065E-1,1.773935174E2,1.900549542E-1,-7.971307453E-2,1.773933809E2
1.818470211E2,2.274618480E-2,7.326442865E-4,1.647028374E-3,9.997396469E-1,1.773932544E2,1.905965994E-1,-7.964000506E-2,1.773931177E2
1.818520211E2,2.274037490E-2,7.353618275E-4,1.653671381E-3,9.997397661E-1,1.773939203E2,1.913642565E-1,-7.993512740E-2,1.773937826E2
1.818570211E2,2.273518339E-2,7.383999764E-4,1.651630038E-3,9.997398853E-1,1.773945154E2,1.911378972E-1,-8.028949546E-2,1.773943772E2
1.818620211E2,2.273781243E-2,7.371440297E-4,1.652078354E-3,9.997398257E-1,1.773942141E2,1.911861953E-1,-8.014394113E-2,1.773940761E2
1.818670211E2,2.273226033E-2,7.404318894E-4,1.654872438E-3,9.997399449E-1,1.773948504E2,1.915144126E-1,-8.051438727E-2,1.773947116E2
1.818720211E2,2.272730537E-2,7.449945551E-4,1.648853766E-3,9.997400641E-1,1.773954184E2,1.908363860E-1,-8.105371939E-2,1.773952791E2
1.818770211E2,2.273295278E-2,7.407123921E-4,1.645206590E-3,9.997399449E-1,1.773947711E2,1.904078586E-1,-8.057157047E-2,1.773946330E2
1.818820211E2,2.273826472E-2,7.366236532E-4,1.646074583E-3,9.997398257E-1,1.773941622E2,1.904970705E-1,-8.009988373E-2,1.773940248E2
1.818870211E2,2.273537622E-2,7.395647699E-4,1.648451434E-3,9.997398853E-1,1.773944933E2,1.907768000E-1,-8.043118104E-2,1.773943551E2
1.818920211E2,2.272257198E-2,7.474281592E-4,1.640689559E-3,9.997401834E-1,1.773959609E2,1.899070303E-1,-8.135468034E-2,1.773958219E2
1.818970211E2,2.272778546E-2,7.441220223E-4,1.642618445E-3,9.997400641E-1,1.773953634E2,1.901198200E-1,-8.096990904E-2,1.773952248E2
1.819020211E2,2.272991076E-2,7.432221319E-4,1.649879152E-3,9.997400045E-1,1.773951198E2,1.909494504E-1,-8.084749911E-2,1.773949808E2
1.819070211E2,2.271918219E-2,7.502810913E-4,1.649984508E-3,9.997402430E-1,1.773963495E2,1.909790330E-1,-8.165796136E-2,1.773962091E2
1.819120211E2,2.272428496E-2,7.473908481E-4,1.653253334E-3,9.997401237E-1,1.773957646E2,1.913464063E-1,-8.131736250E-2,1.773956245E2
1.819170211E2,2.272663620E-2,7.441281923E-4,1.658440684E-3,9.997400641E-1,1.773954951E2,1.919323736E-1,-8.092962662E-2,1.773953552E2
1.819220211E2,2.271861018E-2,7.504864479E-4,1.657748944E-3,9.997402430E-1,1.773964150E2,1.918690321E-1,-8.166138191E-2,1.773962740E2
1.819270211E2,2.271899901E-2,7.499314379E-4,1.652663574E-3,9.997402430E-1,1.773963705E2,1.912850274E-1,-8.161096433E-2,1.773962300E2
1.819320211E2,2.272997485E-2,7.425267249E-4,1.649309183E-3,9.997400045E-1,1.773951124E2,1.908823470E-1,-8.076930445E-2,1.773949736E2
1.819370211E2,2.272722120E-2,7.443468203E-4,1.650305814E-3,9.997400641E-1,1.773954280E2,1.910010418E-1,-8.097574793E-2,1.773952888E2
1.819420211E2,2.272697490E-2,7.448843098E-4,1.653452287E-3,9.997400641E-1,1.773954563E2,1.913628888E-1,-8.102917589E-2,1.773953167E2
1.819470211E2,2.272718549E-2,7.442304632E-4,1.650850056E-3,9.997400641E-1,1.773954321E2,1.910630853E-1,-8.096100720E-2,1.773952929E2
1.819520211E2,2.273257303E-2,7.419289905E-4,1.649898943E-3,9.997399449E-1,1.773948146E2,1.909485638E-1,-8.069879444E-2,1.773946759E2
1.819570211E2,2.273797219E-2,7.382403710E-4,1.649387763E-3,9.997398257E-1,1.773941957E2,1.908808253E-1,-8.027652034E-2,1.773940578E2
1.819620211E2,2.273797800E-2,7.373471744E-4,1.649707207E-3,9.997398257E-1,1.773941951E2,1.909150942E-1,-8.017336064E-2,1.773940573E2
1.819670211E2,2.273300696E-2,7.410635590E-4,1.644299598E-3,9.997399449E-1,1.773947649E2,1.903048709E-1,-8.061415331E-2,1.773946267E2
1.819720211E2,2.272734144E-2,7.444519433E-4,1.648601610E-3,9.997400641E-1,1.773954143E2,1.908060880E-1,-8.099220665E-2,1.773952751E2
1.819770211E2,2.273250050E-2,7.409679238E-4,1.651329570E-3,9.997399449E-1,1.773948229E2,1.911099499E-1,-8.058497983E-2,1.773946843E2
1.819820211E2,2.273529697E-2,7.399354945E-4,1.649377751E-3,9.997398853E-1,1.773945024E2,1.908838805E-1,-8.047125360E-2,1.773943641E2
1.819870211E2,2.272764816E-2,7.452255813E-4,1.644017291E-3,9.997400641E-1,1.773953791E2,1.902829384E-1,-8.109271753E-2,1.773952402E2
1.819920211E2,2.273308048E-2,7.417494198E-4,1.642973395E-3,9.997399449E-1,1.773947564E2,1.901547311E-1,-8.069616776E-2,1.773946183E2
1.819970211E2,2.273822678E-2,7.371082902E-4,1.646381686E-3,9.997398257E-1,1.773941666E2,1.905335129E-1,-8.015461161E-2,1.773940290E2
1.820020211E2,2.273048701E-2,7.423906936E-4,1.642297138E-3,9.997400045E-1,1.773950537E2,1.900787189E-1,-8.077188809E-2,1.773949155E2
1.820070211E2,2.273381831E-2,7.411021506E-4,1.633026171E-3,9.997399449E-1,1.773946719E2,1.890135286E-1,-8.064779005E-2,1.773945347E2
1.820120211E2,2.273636082E-2,7.383893826E-4,1.635346329E-3,9.997398853E-1,1.773943804E2,1.892724670E-1,-8.033048450E-2,1.773942436E2
1.820170211E2,2.273328068E-2,7.414842839E-4,1.640320756E-3,9.997399449E-1,1.773947335E2,1.898501643E-1,-8.067266584E-2,1.773945956E2
1.820220211E2,2.273094807E-2,7.426053635E-4,1.635805704E-3,9.997400045E-1,1.773950009E2,1.893356425E-1,-8.081330305E-2,1.773948631E2
1.820270211E2,2.273098867E-2,7.433532737E-4,1.634901622E-3,9.997400045E-1,1.773949962E2,1.892340207E-1,-8.090133237E-2,1.773948584E2
1.820320211E2,2.273346397E-2,7.401088951E-4,1.638400601E-3,9.997399449E-1,1.773947125E2,1.896266185E-1,-8.052006640E-2,1.773945750E2
1.820370211E2,2.273605772E-2,7.395823486E-4,1.639017137E-3,9.997398853E-1,1.773944152E2,1.896960870E-1,-8.045764593E-2,1.773942778E2
1.820420211E2,2.273393082E-2,7.399689639E-4,1.631973428E-3,9.997399449E-1,1.773946590E2,1.888899805E-1,-8.052069152E-2,1.773945221E2
1.820470211E2,2.272832932E-2,7.448288961E-4,1.634754241E-3,9.997400641E-1,1.773953010E2,1.892207649E-1,-8.107126961E-2,1.773951629E2
1.820520211E2,2.273083102E-2,7.434792351E-4,1.637034933E-3,9.997400045E-1,1.773950143E2,1.894787328E-1,-8.091023551E-2,1.773948763E2
1.820570211E2,2.272840010E-2,7.441397174E-4,1.634083921E-3,9.997400641E-1,1.773952929E2,1.891421821E-1,-8.099404858E-2,1.773951550E2
1.820620211E2,2.272837800E-2,7.443719078E-4,1.634285436E-3,9.997400641E-1,1.773952954E2,1.891658712E-1,-8.102012804E-2,1.773951575E2
1.820670211E2,2.273366441E-2,7.413873100E-4,1.635037945E-3,9.997399449E-1,1.773946895E2,1.892447323E-1,-8.067524639E-2,1.773945521E2
1.820720211E2,2.273882855E-2,7.375104469E-4,1.637868350E-3,9.997398257E-1,1.773940976E2,1.895593029E-1,-8.022275293E-2,1.773939607E2
1.820770211E2,2.273322312E-2,7.400824106E-4,1.641751034E-3,9.997399449E-1,1.773947401E2,1.900103630E-1,-8.050834950E-2,1.773946024E2
1.820820211E2,2.272787543E-2,7.436685264E-4,1.641578740E-3,9.997400641E-1,1.773953530E2,1.899995351E-1,-8.092064659E-2,1.773952146E2
1.820870211E2,2.273318464E-2,7.416235749E-4,1.641588402E-3,9.997399449E-1,1.773947445E2,1.899957438E-1,-8.068533906E-2,1.773946065E2
1.820920211E2,2.273285222E-2,7.402707706E-4,1.646794030E-3,9.997399449E-1,1.773947826E2,1.905885604E-1,-8.051686117E-2,1.773946444E2
1.820970211E2,2.273298997E-2,7.416421431E-4,1.644273638E-3,9.997399449E-1,1.773947668E2,1.903034029E-1,-8.068050783E-2,1.773946286E2
1.821020211E2,2.273078737E-2,7.417112356E-4,1.638442394E-3,9.997400045E-1,1.773950193E2,1.896353652E-1,-8.070403226E-2,1.773948815E2
1.821070211E2,2.273559684E-2,7.392286789E-4,1.645556884E-3,9.997398853E-1,1.773944680E2,1.904443360E-1,-8.040017736E-2,1.773943301E2
1.821120211E2,2.273022829E-2,7.425951189E-4,1.645781798E-3,9.997400045E-1,1.773950834E2,1.904784408E-1,-8.078627965E-2,1.773949448E2
1.821170211E2,2.272802458E-2,7.442039205E-4,1.639269409E-3,9.997400641E-1,1.773953360E2,1.897363798E-1,-8.098796881E-2,1.773951976E2
1.821220211E2,2.274165993E-2,7.360297604E-4,1.635603956E-3,9.997397661E-1,1.773937731E2,1.892962569E-1,-8.005848732E-2,1.773936366E2
1.821270211E2,2.274162318E-2,7.347397623E-4,1.636694535E-3,9.997397661E-1,1.773937773E2,1.894178308E-1,-7.990786758E-2,1.773936410E2
1.821320211E2,2.273601885E-2,7.384534110E-4,1.640064991E-3,9.997398853E-1,1.773944196E2,1.898131866E-1,-8.032559000E-2,1.773942824E2
1.821370211E2,2.273363467E-2,7.398070302E-4,1.636166824E-3,9.997399449E-1,1.773946929E2,1.893699393E-1,-8.049127132E-2,1.773945557E2
1.821420211E2,2.274145280E-2,7.350816159E-4,1.638907008E-3,9.997397661E-1,1.773937968E2,1.896721739E-1,-7.994129725E-2,1.773936603E2
1.821470211E2,2.273582915E-2,7.390532992E-4,1.642422867E-3,9.997398853E-1,1.773944414E2,1.900848579E-1,-8.038820689E-2,1.773943038E2
1.821520211E2,2.273628115E-2,7.396680885E-4,1.635876135E-3,9.997398853E-1,1.773943896E2,1.893364884E-1,-8.047561002E-2,1.773942524E2
1.821570211E2,2.273936331E-2,7.374266279E-4,1.630465151E-3,9.997398257E-1,1.773940363E2,1.887110008E-1,-8.023234092E-2,1.773939000E2
1.821620211E2,2.273911614E-2,7.370344247E-4,1.634085551E-3,9.997398257E-1,1.773940646E2,1.891247198E-1,-8.017802185E-2,1.773939281E2
1.821670211E2,2.273902919E-2,7.369683008E-4,1.635324908E-3,9.997398257E-1,1.773940746E2,1.892665239E-1,-8.016723346E-2,1.773939380E2
1.821720211E2,2.273911739E-2,7.378261653E-4,1.633710810E-3,9.997398257E-1,1.773940645E2,1.890838521E-1,-8.026970136E-2,1.773939278E2
1.821770211E2,2.273923226E-2,7.363696932E-4,1.632768894E-3,9.997398257E-1,1.773940513E2,1.889721576E-1,-8.010527808E-2,1.773939150E2
1.821820211E2,2.274177706E-2,7.352118846E-4,1.634342712E-3,9.997397661E-1,1.773937596E2,1.891496438E-1,-7.996805482E-2,1.773936234E2
1.821870211E2,2.273889649E-2,7.367510698E-4,1.637266832E-3,9.997398257E-1,1.773940898E2,1.894884182E-1,-8.013731189E-2,1.773939531E2
1.821920211E2,2.273643155E-2,7.379704039E-4,1.634551911E-3,9.997398853E-1,1.773943723E2,1.891803706E-1,-8.028454204E-2,1.773942356E2
1.821970211E2,2.274167127E-2,7.345635677E-4,1.636105357E-3,9.997397661E-1,1.773937718E2,1.893498779E-1,-7.988920879E-2,1.773936356E2
1.822020211E2,2.274672139E-2,7.311609224E-4,1.640263014E-3,9.997396469E-1,1.773931929E2,1.898177209E-1,-7.948760137E-2,1.773930570E2
1.822070211E2,2.274926032E-2,7.289492059E-4,1.642363961E-3,9.997395873E-1,1.773929019E2,1.900528452E-1,-7.922826396E-2,1.773927663E2
1.822120211E2,2.274902002E-2,7.293489180E-4,1.645511948E-3,9.997395873E-1,1.773929294E2,1.904145084E-1,-7.926589460E-2,1.773927935E2
1.822170211E2,2.275453848E-2,7.266440662E-4,1.642831368E-3,9.997394681E-1,1.773922969E2,1.901007991E-1,-7.896196090E-2,1.773921617E2
1.822220211E2,2.275416820E-2,7.262868457E-4,1.648109406E-3,9.997394681E-1,1.773923393E2,1.907045016E-1,-7.890734463E-2,1.773922038E2
1.822270211E2,2.274602080E-2,7.322278107E-4,1.649476704E-3,9.997396469E-1,1.773932732E2,1.908759866E-1,-7.958594220E-2,1.773931364E2
1.822320211E2,2.274838924E-2,7.309857174E-4,1.653486630E-3,9.997395873E-1,1.773930017E2,1.913323225E-1,-7.943274006E-2,1.773928648E2
1.822370211E2,2.275647314E-2,7.247262984E-4,1.653120737E-3,9.997394085E-1,1.773920751E2,1.912747220E-1,-7.871505717E-2,1.773919395E2
1.822420211E2,2.275954561E-2,7.226014277E-4,1.647791010E-3,9.997393489E-1,1.773917230E2,1.906588366E-1,-7.848494141E-2,1.773915882E2
1.822470211E2,2.275447127E-2,7.261910941E-4,1.643962110E-3,9.997394681E-1,1.773923046E2,1.902291527E-1,-7.890713187E-2,1.773921694E2
1.822520211E2,2.275719983E-2,7.242859574E-4,1.643280732E-3,9.997394085E-1,1.773919918E2,1.901463389E-1,-7.869013388E-2,1.773918571E2
1.822570211E2,2.275939707E-2,7.229019538E-4,1.649709651E-3,9.997393489E-1,1.773917400E2,1.908794124E-1,-7.851439438E-2,1.773916050E2
1.822620211E2,2.275405855E-2,7.266171742E-4,1.649477170E-3,9.997394681E-1,1.773923519E2,1.908620482E-1,-7.894164202E-2,1.773922162E2
1.822670211E2,2.275138491E-2,7.281862781E-4,1.649538986E-3,9.997395277E-1,1.773926584E2,1.908730104E-1,-7.912175059E-2,1.773925223E2
1.822720211E2,2.275401478E-2,7.259545964E-4,1.650372404E-3,9.997394681E-1,1.773923569E2,1.909628768E-1,-7.886340993E-2,1.773922213E2
1.822770211E2,2.274861796E-2,7.298270357E-4,1.650849706E-3,9.997395873E-1,1.773929755E2,1.910272281E-1,-7.930682997E-2,1.773928391E2
1.822820211E2,2.275161333E-2,7.278032717E-4,1.646554796E-3,9.997395277E-1,1.773926322E2,1.905301546E-1,-7.908560972E-2,1.773924965E2
1.822870211E2,2.274903707E-2,7.293450763E-4,1.645277953E-3,9.997395873E-1,1.773929275E2,1.903876928E-1,-7.926606126E-2,1.773927916E2
1.822920211E2,2.275419984E-2,7.267014007E-4,1.647489727E-3,9.997394681E-1,1.773923357E2,1.906345934E-1,-7.895644660E-2,1.773922001E2
1.822970211E2,2.275683508E-2,7.252867217E-4,1.647884143E-3,9.997394085E-1,1.773920337E2,1.906762969E-1,-7.879284742E-2,1.773918983E2
1.823020211E2,2.275692327E-2,7.249278715E-4,1.646823832E-3,9.997394085E-1,1.773920235E2,1.905538965E-1,-7.875448526E-2,1.773918884E2
1.823070211E2,2.275736479E-2,7.246513269E-4,1.640833449E-3,9.997394085E-1,1.773919729E2,1.898669390E-1,-7.873834224E-2,1.773918383E2
1.823120211E2,2.274940164E-2,7.306245971E-4,1.639659749E-3,9.997395873E-1,1.773928857E2,1.897474244E-1,-7.942722282E-2,1.773927500E2
1.823170211E2,2.274935879E-2,7.304974715E-4,1.640310744E-3,9.997395873E-1,1.773928906E2,1.898216688E-1,-7.941097007E-2,1.773927548E2
1.823220211E2,2.274934328E-2,7.292461814E-4,1.641082461E-3,9.997395873E-1,1.773928924E2,1.899068147E-1,-7.926561113E-2,1.773927568E2
1.823270211E2,2.274618136E-2,7.310006185E-4,1.647806028E-3,9.997396469E-1,1.773932548E2,1.906814040E-1,-7.944967712E-2,1.773931184E2
1.823320211E2,2.274618603E-2,7.317588315E-4,1.647404977E-3,9.997396469E-1,1.773932543E2,1.906374357E-1,-7.953758386E-2,1.773931177E2
1.823370211E2,2.274348352E-2,7.337775896E-4,1.647647587E-3,9.997397065E-1,1.773935640E2,1.906702767E-1,-7.976873939E-2,1.773934271E2
1.823420211E2,2.274108912E-2,7.361332537E-4,1.643474912E-3,9.997397661E-1,1.773938385E2,1.901981947E-1,-8.004993944E-2,1.773937014E2
1.823470211E2,2.275221704E-2,7.280870923E-4,1.638065442E-3,9.997395277E-1,1.773925630E2,1.895583839E-1,-7.914014437E-2,1.773924279E2
1.823520211E2,2.274902282E-2,7.305901963E-4,1.644922420E-3,9.997395873E-1,1.773929291E2,1.903502074E-1,-7.940963400E-2,1.773927930E2
1.823570211E2,2.273874840E-2,7.369764498E-4,1.639220864E-3,9.997398257E-1,1.773941068E2,1.897128517E-1,-8.015806807E-2,1.773939699E2
1.823620211E2,2.274702730E-2,7.311209338E-4,1.636033063E-3,9.997396469E-1,1.773931578E2,1.893330487E-1,-7.949398857E-2,1.773930223E2
1.823670211E2,2.275514096E-2,7.262804429E-4,1.634626649E-3,9.997394681E-1,1.773922278E2,1.891599484E-1,-7.894158435E-2,1.773920934E2
1.823720211E2,2.275225210E-2,7.280976279E-4,1.637573703E-3,9.997395277E-1,1.773925590E2,1.895020796E-1,-7.914262684E-2,1.773924239E2
1.823770211E2,2.274973994E-2,7.299087010E-4,1.635278924E-3,9.997395873E-1,1.773928469E2,1.892437080E-1,-7.935656540E-2,1.773927117E2
1.823820211E2,2.276070456E-2,7.215587539E-4,1.632165746E-3,9.997393489E-1,1.773915901E2,1.888661445E-1,-7.840602559E-2,1.773914568E2
1.823870211E2,2.276062658E-2,7.220800617E-4,1.633022446E-3,9.997393489E-1,1.773915991E2,1.889656437E-1,-7.846352771E-2,1.773914655E2
1.823920211E2,2.275729505E-2,7.245573797E-4,1.641841838E-3,9.997394085E-1,1.773919809E2,1.899822117E-1,-7.872496292E-2,1.773918462E2
1.823970211E2,2.275706883E-2,7.238182588E-4,1.645299839E-3,9.997394085E-1,1.773920069E2,1.903764220E-1,-7.863131279E-2,1.773918720E2
1.824020211E2,2.276543383E-2,7.189674070E-4,1.640350209E-3,9.997392297E-1,1.773910481E2,1.897973834E-1,-7.808691084E-2,1.773909145E2
1.824070211E2,2.276545318E-2,7.195325452E-4,1.639833907E-3,9.997392297E-1,1.773910458E2,1.897397108E-1,-7.815299734E-2,1.773909123E2
1.824120211E2,2.276538677E-2,7.192283520E-4,1.640888862E-3,9.997392297E-1,1.773910535E2,1.898597699E-1,-7.811540881E-2,1.773909198E2
1.824170211E2,2.276349359E-2,7.205165457E-4,1.630238607E-3,9.997392893E-1,1.773912705E2,1.886428671E-1,-7.829112875E-2,1.773911374E2
1.824220211E2,2.276646639E-2,7.182739209E-4,1.626263023E-3,9.997392297E-1,1.773909297E2,1.881817973E-1,-7.804402107E-2,1.773907974E2
1.824270211E2,2.277133235E-2,7.152608596E-4,1.632734551E-3,9.997391105E-1,1.773903720E2,1.889157053E-1,-7.768103598E-2,1.773902398E2
1.824320211E2,2.276896678E-2,7.174297352E-4,1.628270606E-3,9.997391701E-1,1.773906431E2,1.884097823E-1,-7.794160073E-2,1.773905108E2
1.824370211E2,2.277197387E-2,7.147500291E-4,1.623987569E-3,9.997391105E-1,1.773902984E2,1.879123496E-1,-7.764521937E-2,1.773901670E2
1.824420211E2,2.276934318E-2,7.164855488E-4,1.623415737E-3,9.997391701E-1,1.773906000E2,1.878511640E-1,-7.784603003E-2,1.773904682E2
1.824470211E2,2.276904621E-2,7.164407289E-4,1.627595280E-3,9.997391701E-1,1.773906340E2,1.883298410E-1,-7.783004561E-2,1.773905020E2
1.824520211E2,2.277483714E-2,7.118068170E-4,1.621819800E-3,9.997390509E-1,1.773899702E2,1.876565454E-1,-7.731315954E-2,1.773898395E2
1.824570211E2,2.277753124E-2,7.107166457E-4,1.621205010E-3,9.997389913E-1,1.773896614E2,1.875834763E-1,-7.718936672E-2,1.773895310E2
1.824620211E2,2.277454349E-2,7.127740537E-4,1.625514473E-3,9.997390509E-1,1.773900039E2,1.880823167E-1,-7.741438020E-2,1.773898727E2
1.824670211E2,2.277444126E-2,7.131871535E-4,1.626765123E-3,9.997390509E-1,1.773900156E2,1.882266641E-1,-7.745846078E-2,1.773898843E2
1.824720211E2,2.277206923E-2,7.150020101E-4,1.622538781E-3,9.997391105E-1,1.773902875E2,1.877470384E-1,-7.767784961E-2,1.773901561E2
1.824770211E2,2.276939903E-2,7.157021901E-4,1.622977783E-3,9.997391701E-1,1.773905936E2,1.877989511E-1,-7.775741938E-2,1.773904620E2
1.824820211E2,2.277997308E-2,7.089749561E-4,1.624411438E-3,9.997389317E-1,1.773893815E2,1.879464526E-1,-7.698100719E-2,1.773892512E2
1.824870211E2,2.277717409E-2,7.103875978E-4,1.626358950E-3,9.997389913E-1,1.773897024E2,1.881730357E-1,-7.713828461E-2,1.773895716E2
1.824920211E2,2.277162483E-2,7.146036369E-4,1.628938713E-3,9.997391105E-1,1.773903384E2,1.884791537E-1,-7.761559367E-2,1.773902066E2
1.824970211E2,2.277688307E-2,7.101998781E-4,1.630511251E-3,9.997389913E-1,1.773897357E2,1.886482194E-1,-7.710599566E-2,1.773896047E2
1.825020211E2,2.277701987E-2,7.108491263E-4,1.628315891E-3,9.997389913E-1,1.773897201E2,1.883984198E-1,-7.718607914E-2,1.773895890E2
1.825070211E2,2.276849012E-2,7.167705335E-4,1.635211403E-3,9.997391701E-1,1.773906977E2,1.892031772E-1,-7.784806126E-2,1.773905650E2
1.825120211E2,2.276896253E-2,7.172454498E-4,1.628411235E-3,9.997391701E-1,1.773906436E2,1.884254119E-1,-7.792012254E-2,1.773905113E2
1.825170211E2,2.277450956E-2,7.120305672E-4,1.626315527E-3,9.997390509E-1,1.773900078E2,1.881721439E-1,-7.732712083E-2,1.773898767E2
1.825220211E2,2.276896265E-2,7.169742603E-4,1.628528931E-3,9.997391701E-1,1.773906436E2,1.884381877E-1,-7.788874748E-2,1.773905114E2
1.825270211E2,2.276416409E-2,7.194931968E-4,1.621303614E-3,9.997392893E-1,1.773911936E2,1.876166383E-1,-7.819707448E-2,1.773910615E2
1.825320211E2,2.276951002E-2,7.155850180E-4,1.621471602E-3,9.997391701E-1,1.773905808E2,1.876261027E-1,-7.774790523E-2,1.773904494E2
1.825370211E2,2.277715014E-2,7.102519157E-4,1.626753481E-3,9.997389913E-1,1.773897051E2,1.882178780E-1,-7.712171534E-2,1.773895743E2
1.825420211E2,2.278020776E-2,7.092798478E-4,1.620983705E-3,9.997389317E-1,1.773893547E2,1.875545786E-1,-7.702484026E-2,1.773892245E2
1.825470211E2,2.278051816E-2,7.093715249E-4,1.616575406E-3,9.997389317E-1,1.773893191E2,1.870498181E-1,-7.704679296E-2,1.773891892E2
1.825520211E2,2.277530781E-2,7.129409350E-4,1.614696463E-3,9.997390509E-1,1.773899163E2,1.868434780E-1,-7.746158955E-2,1.773897859E2
1.825570211E2,2.277499001E-2,7.129561855E-4,1.619165996E-3,9.997390509E-1,1.773899527E2,1.873555321E-1,-7.745173076E-2,1.773898220E2
1.825620211E2,2.278568454E-2,7.057833718E-4,1.619054587E-3,9.997388124E-1,1.773887269E2,1.873248660E-1,-7.662828793E-2,1.773885976E2
1.825670211E2,2.279124929E-2,7.023667567E-4,1.615822082E-3,9.997386932E-1,1.773880891E2,1.869460459E-1,-7.624427486E-2,1.773879606E2
1.825720211E2,2.279383641E-2,7.004258805E-4,1.617048983E-3,9.997386336E-1,1.773877925E2,1.870817292E-1,-7.601823628E-2,1.773876644E2
1.825770211E2,2.279898857E-2,6.963732885E-4,1.619865070E-3,9.997385144E-1,1.773872020E2,1.873941482E-1,-7.554564298E-2,1.773870744E2
1.825820211E2,2.278548647E-2,7.046600804E-4,1.622328069E-3,9.997388124E-1,1.773887496E2,1.876969342E-1,-7.649109131E-2,1.773886202E2
1.825870211E2,2.279081171E-2,7.023112848E-4,1.622006297E-3,9.997386932E-1,1.773881392E2,1.876543437E-1,-7.622185000E-2,1.773880103E2
1.825920211E2,2.279371691E-2,7.004390354E-4,1.618726877E-3,9.997386336E-1,1.773878062E2,1.872739774E-1,-7.601538287E-2,1.773876779E2
1.825970211E2,2.278792760E-2,7.041235804E-4,1.625002013E-3,9.997387528E-1,1.773884698E2,1.880020522E-1,-7.642218783E-2,1.773883403E2
1.826020211E2,2.278279873E-2,7.062674267E-4,1.622645417E-3,9.997388721E-1,1.773890577E2,1.877372816E-1,-7.667490768E-2,1.773889280E2
1.826070211E2,2.278839855E-2,7.041876670E-4,1.618356328E-3,9.997387528E-1,1.773884158E2,1.872409125E-1,-7.644679629E-2,1.773882868E2
1.826120211E2,2.278266807E-2,7.081003860E-4,1.623680699E-3,9.997388721E-1,1.773890726E2,1.878606616E-1,-7.688221616E-2,1.773889425E2
1.826170211E2,2.277967060E-2,7.091906155E-4,1.628553844E-3,9.997389317E-1,1.773894162E2,1.884215549E-1,-7.699495663E-2,1.773892855E2
1.826220211E2,2.278236059E-2,7.073188899E-4,1.628329046E-3,9.997388721E-1,1.773891079E2,1.883911216E-1,-7.678060853E-2,1.773889775E2
1.826270211E2,2.278256838E-2,7.073910092E-4,1.625387813E-3,9.997388721E-1,1.773890841E2,1.880543722E-1,-7.679651052E-2,1.773889539E2
1.826320211E2,2.277446324E-2,7.132642204E-4,1.626423560E-3,9.997390509E-1,1.773900131E2,1.881877368E-1,-7.746817700E-2,1.773898818E2
1.826370211E2,2.278027638E-2,7.080627838E-4,1.620551338E-3,9.997389317E-1,1.773893468E2,1.875018735E-1,-7.688652720E-2,1.773892169E2
1.826420211E2,2.278848314E-2,7.031647838E-4,1.617609756E-3,9.997387528E-1,1.773884061E2,1.871527187E-1,-7.633154691E-2,1.773882774E2
1.826470211E2,2.279102924E-2,7.011204143E-4,1.619463088E-3,9.997386932E-1,1.773881143E2,1.873598945E-1,-7.609202340E-2,1.773879858E2
1.826520211E2,2.279090588E-2,7.019016193E-4,1.620860072E-3,9.997386932E-1,1.773881284E2,1.875219670E-1,-7.617789405E-2,1.773879997E2
1.826570211E2,2.279929634E-2,6.953833508E-4,1.615953865E-3,9.997385144E-1,1.773871667E2,1.869435092E-1,-7.544239536E-2,1.773870396E2
1.826620211E2,2.279169348E-2,7.006318192E-4,1.610300504E-3,9.997386932E-1,1.773880381E2,1.863089847E-1,-7.605985611E-2,1.773879105E2
1.826670211E2,2.279178670E-2,7.003929350E-4,1.609084429E-3,9.997386932E-1,1.773880275E2,1.861690519E-1,-7.603564800E-2,1.773878999E2
1.826720211E2,2.279673972E-2,6.978216115E-4,1.614095294E-3,9.997385740E-1,1.773874597E2,1.867367652E-1,-7.572706000E-2,1.773873323E2
1.826770211E2,2.278103870E-2,7.077869959E-4,1.609920757E-3,9.997389317E-1,1.773892594E2,1.862833510E-1,-7.688254221E-2,1.773891304E2
1.826820211E2,2.277595664E-2,7.124097901E-4,1.605754253E-3,9.997390509E-1,1.773898419E2,1.858177038E-1,-7.742395918E-2,1.773897123E2
1.826870211E2,2.278903708E-2,7.028681575E-4,1.609916566E-3,9.997387528E-1,1.773883426E2,1.862706388E-1,-7.631755247E-2,1.773882145E2
1.826920211E2,2.279932999E-2,6.956131547E-4,1.615380170E-3,9.997385144E-1,1.773871628E2,1.868783886E-1,-7.547021469E-2,1.773870357E2
1.826970211E2,2.279115182E-2,7.020556950E-4,1.617331407E-3,9.997386932E-1,1.773881002E2,1.871181372E-1,-7.620471527E-2,1.773879717E2
1.827020211E2,2.279671821E-2,6.973312120E-4,1.614610897E-3,9.997385740E-1,1.773874622E2,1.867945508E-1,-7.566953606E-2,1.773873348E2
1.827070211E2,2.280153412E-2,6.945533678E-4,1.621602336E-3,9.997384548E-1,1.773869102E2,1.875886093E-1,-7.533213328E-2,1.773867828E2
1.827120211E2,2.279858671E-2,6.968832458E-4,1.625292702E-3,9.997385144E-1,1.773872480E2,1.880172506E-1,-7.558995931E-2,1.773871199E2
1.827170211E2,2.279349130E-2,7.000247133E-4,1.622079522E-3,9.997386336E-1,1.773878321E2,1.876569636E-1,-7.595920235E-2,1.773877036E2
1.827220211E2,2.279336372E-2,7.006837986E-4,1.623586984E-3,9.997386336E-1,1.773878467E2,1.878313735E-1,-7.603079462E-2,1.773877180E2
1.827270211E2,2.279275608E-2,7.004427607E-4,1.632198691E-3,9.997386336E-1,1.773879163E2,1.888172721E-1,-7.598080138E-2,1.773877870E2
1.827320211E2,2.278510759E-2,7.045586244E-4,1.627684571E-3,9.997388124E-1,1.773887930E2,1.883102921E-1,-7.646555304E-2,1.773886633E2
1.827370211E2,2.279059981E-2,7.017353200E-4,1.625229837E-3,9.997386932E-1,1.773881635E2,1.880221184E-1,-7.614748723E-2,1.773880345E2
1.827420211E2,2.279296915E-2,6.994723808E-4,1.629637321E-3,9.997386336E-1,1.773878919E2,1.885213178E-1,-7.587628315E-2,1.773877630E2
1.827470211E2,2.278993856E-2,7.024675142E-4,1.634161570E-3,9.997386932E-1,1.773882393E2,1.890472179E-1,-7.620816625E-2,1.773881094E2
1.827520211E2,2.278721096E-2,7.044096128E-4,1.634897548E-3,9.997387528E-1,1.773885519E2,1.891363971E-1,-7.642925019E-2,1.773884216E2
1.827570211E2,2.279269765E-2,6.992250565E-4,1.633536187E-3,9.997386336E-1,1.773879230E2,1.889673130E-1,-7.583781669E-2,1.773877939E2
1.827620211E2,2.279540070E-2,6.976998993E-4,1.632948872E-3,9.997385740E-1,1.773876132E2,1.888962495E-1,-7.566411550E-2,1.773874844E2
1.827670211E2,2.279528593E-2,6.981785409E-4,1.634345856E-3,9.997385740E-1,1.773876264E2,1.890575325E-1,-7.571532184E-2,1.773874973E2
1.827720211E2,2.279588729E-2,6.982142222E-4,1.625921344E-3,9.997385740E-1,1.773875574E2,1.880925424E-1,-7.574130359E-2,1.773874290E2
1.827770211E2,2.280112055E-2,6.939121522E-4,1.627680613E-3,9.997384548E-1,1.773869576E2,1.882832420E-1,-7.524286996E-2,1.773868299E2
1.827820211E2,2.280391980E-2,6.928824587E-4,1.625512377E-3,9.997383952E-1,1.773866367E2,1.880323642E-1,-7.513004558E-2,1.773865094E2
1.827870211E2,2.279306012E-2,6.994514843E-4,1.628373517E-3,9.997386336E-1,1.773878815E2,1.883764861E-1,-7.587717314E-2,1.773877527E2
1.827920211E2,2.279326247E-2,6.994574796E-4,1.625536126E-3,9.997386336E-1,1.773878583E2,1.880514599E-1,-7.588523326E-2,1.773877297E2
1.827970211E2,2.279604866E-2,6.977061275E-4,1.623875694E-3,9.997385740E-1,1.773875389E2,1.878568734E-1,-7.568840905E-2,1.773874108E2
1.828020211E2,2.279338760E-2,6.996646407E-4,1.623691292E-3,9.997386336E-1,1.773878440E2,1.878406627E-1,-7.591376126E-2,1.773877154E2
1.828070211E2,2.279304168E-2,7.003300125E-4,1.628253958E-3,9.997386336E-1,1.773878836E2,1.883650828E-1,-7.597813455E-2,1.773877546E2
1.828120211E2,2.279598997E-2,6.988979294E-4,1.624186989E-3,9.997385740E-1,1.773875457E2,1.878956452E-1,-7.582414165E-2,1.773874173E2
1.828170211E2,2.279359582E-2,6.991646369E-4,1.620981377E-3,9.997386336E-1,1.773878201E2,1.875289189E-1,-7.586351941E-2,1.773876919E2
1.828220211E2,2.279072590E-2,7.021080237E-4,1.623299555E-3,9.997386932E-1,1.773881490E2,1.878019645E-1,-7.619520250E-2,1.773880201E2
1.828270211E2,2.279383631E-2,7.005045190E-4,1.617016387E-3,9.997386336E-1,1.773877925E2,1.870782003E-1,-7.602733041E-2,1.773876644E2
1.828320211E2,2.278607229E-2,7.053526933E-4,1.613776665E-3,9.997388124E-1,1.773886825E2,1.867191216E-1,-7.659265787E-2,1.773885536E2
1.828370211E2,2.278085145E-2,7.086135447E-4,1.612205175E-3,9.997389317E-1,1.773892809E2,1.865472022E-1,-7.697130416E-2,1.773891515E2
1.828420211E2,2.278345792E-2,7.065333193E-4,1.613246859E-3,9.997388721E-1,1.773889821E2,1.866613085E-1,-7.672978393E-2,1.773888531E2
1.828470211E2,2.279145718E-2,7.009342662E-4,1.613510191E-3,9.997386932E-1,1.773880652E2,1.866774649E-1,-7.608616578E-2,1.773879372E2
1.828520211E2,2.278895980E-2,7.025318919E-4,1.611156855E-3,9.997387528E-1,1.773883515E2,1.864118447E-1,-7.627580463E-2,1.773882234E2
1.828570211E2,2.279162520E-2,7.007498643E-4,1.611215295E-3,9.997386932E-1,1.773880460E2,1.864140882E-1,-7.607100297E-2,1.773879182E2
1.828620211E2,2.279432021E-2,7.002161001E-4,1.610306208E-3,9.997386336E-1,1.773877371E2,1.863087520E-1,-7.601172623E-2,1.773876095E2
1.828670211E2,2.279203146E-2,7.008899120E-4,1.605396974E-3,9.997386932E-1,1.773879994E2,1.857479264E-1,-7.610216822E-2,1.773878720E2
1.828720211E2,2.279474927E-2,6.986572407E-4,1.604900579E-3,9.997386336E-1,1.773876879E2,1.856854325E-1,-7.584718144E-2,1.773875610E2
1.828770211E2,2.279450471E-2,6.999301841E-4,1.607816899E-3,9.997386336E-1,1.773877159E2,1.860228389E-1,-7.598543938E-2,1.773875885E2
1.828820211E2,2.278897151E-2,7.029700209E-4,1.610800042E-3,9.997387528E-1,1.773883501E2,1.863721127E-1,-7.632692708E-2,1.773882220E2
1.828870211E2,2.278624896E-2,7.051660796E-4,1.611361862E-3,9.997388124E-1,1.773886622E2,1.864420031E-1,-7.657755173E-2,1.773885336E2
1.828920211E2,2.278916951E-2,7.024602965E-4,1.608219114E-3,9.997387528E-1,1.773883274E2,1.860751202E-1,-7.627523558E-2,1.773881996E2
1.828970211E2,2.278632446E-2,7.049172418E-4,1.610402833E-3,9.997388124E-1,1.773886535E2,1.863314907E-1,-7.655153465E-2,1.773885250E2
1.829020211E2,2.278401292E-2,7.064640522E-4,1.605420024E-3,9.997388721E-1,1.773889185E2,1.857645121E-1,-7.674218072E-2,1.773887901E2
1.829070211E2,2.279471154E-2,7.001401391E-4,1.604790334E-3,9.997386336E-1,1.773876922E2,1.856766737E-1,-7.601735972E-2,1.773875650E2
1.829120211E2,2.279451228E-2,6.996377488E-4,1.607836806E-3,9.997386336E-1,1.773877150E2,1.860243561E-1,-7.595188410E-2,1.773875877E2
1.829170211E2,2.279172099E-2,7.006687229E-4,1.609895029E-3,9.997386932E-1,1.773880350E2,1.862626312E-1,-7.606513777E-2,1.773879073E2
1.829220211E2,2.279731475E-2,6.982048508E-4,1.605786616E-3,9.997385740E-1,1.773873938E2,1.857859513E-1,-7.579256362E-2,1.773872669E2
1.829270211E2,2.280018031E-2,6.962985499E-4,1.603036071E-3,9.997385144E-1,1.773870654E2,1.854660793E-1,-7.558082888E-2,1.773869391E2
1.829320211E2,2.280519264E-2,6.915947888E-4,1.608110731E-3,9.997383952E-1,1.773864909E2,1.860355273E-1,-7.502776633E-2,1.773863650E2
1.829370211E2,2.280527358E-2,6.921410095E-4,1.606727252E-3,9.997383952E-1,1.773864816E2,1.858784669E-1,-7.509394281E-2,1.773863558E2
1.829420211E2,2.280315460E-2,6.938016741E-4,1.598979696E-3,9.997384548E-1,1.773867245E2,1.849950724E-1,-7.530483097E-2,1.773865989E2
1.829470211E2,2.280601262E-2,6.912882091E-4,1.596572576E-3,9.997383952E-1,1.773863969E2,1.847129537E-1,-7.502264650E-2,1.773862720E2
1.829520211E2,2.281128328E-2,6.888128119E-4,1.596991904E-3,9.997382760E-1,1.773857927E2,1.847549167E-1,-7.473699103E-2,1.773856683E2
1.829570211E2,2.280077798E-2,6.955682766E-4,1.594831236E-3,9.997385144E-1,1.773869969E2,1.845242539E-1,-7.551849516E-2,1.773868713E2
1.829620211E2,2.279862109E-2,6.970181130E-4,1.587653183E-3,9.997385740E-1,1.773872441E2,1.837055473E-1,-7.570374271E-2,1.773871188E2
1.829670211E2,2.279882517E-2,6.968342932E-4,1.584800659E-3,9.997385740E-1,1.773872207E2,1.833782916E-1,-7.569009925E-2,1.773870957E2
1.829720211E2,2.279603446E-2,6.985381478E-4,1.586593688E-3,9.997386336E-1,1.773875406E2,1.835879448E-1,-7.588112351E-2,1.773874151E2
1.829770211E2,2.279312106E-2,7.016155869E-4,1.589532010E-3,9.997386932E-1,1.773878745E2,1.839323829E-1,-7.622654005E-2,1.773877482E2
1.829820211E2,2.278811035E-2,7.034995942E-4,1.585560734E-3,9.997388124E-1,1.773884488E2,1.834819639E-1,-7.645366777E-2,1.773883225E2
1.829870211E2,2.279611624E-2,6.996548618E-4,1.584925805E-3,9.997386336E-1,1.773875312E2,1.833997926E-1,-7.601339822E-2,1.773874056E2
1.829920211E2,2.278230171E-2,7.085942198E-4,1.591588720E-3,9.997389317E-1,1.773891146E2,1.841854003E-1,-7.702264493E-2,1.773889869E2
1.829970211E2,2.277707212E-2,7.115313201E-4,1.590246568E-3,9.997390509E-1,1.773897141E2,1.840389048E-1,-7.736359088E-2,1.773895859E2
1.830020211E2,2.279067533E-2,7.023237413E-4,1.586797182E-3,9.997387528E-1,1.773881548E2,1.836207386E-1,-7.631526005E-2,1.773880286E2
1.830070211E2,2.279332156E-2,7.013409631E-4,1.586775761E-3,9.997386932E-1,1.773878515E2,1.836159193E-1,-7.620224128E-2,1.773877255E2
1.830120211E2,2.279597778E-2,6.990650436E-4,1.587175881E-3,9.997386336E-1,1.773875471E2,1.836560142E-1,-7.593997507E-2,1.773874214E2
1.830170211E2,2.279870335E-2,6.975663709E-4,1.586230472E-3,9.997385740E-1,1.773872347E2,1.835439974E-1,-7.577025401E-2,1.773871094E2
1.830220211E2,2.279845861E-2,6.976219011E-4,1.589719788E-3,9.997385740E-1,1.773872627E2,1.839438670E-1,-7.576754423E-2,1.773871372E2
1.830270211E2,2.280340829E-2,6.936751306E-4,1.595412730E-3,9.997384548E-1,1.773866954E2,1.845861221E-1,-7.529960823E-2,1.773865701E2
1.830320211E2,2.280343466E-2,6.933837431E-4,1.595162437E-3,9.997384548E-1,1.773866924E2,1.845566885E-1,-7.526687559E-2,1.773865672E2
1.830370211E2,2.281148044E-2,6.872886443E-4,1.594830886E-3,9.997382760E-1,1.773857701E2,1.845033763E-1,-7.456799268E-2,1.773856461E2
1.830420211E2,2.281428526E-2,6.866309559E-4,1.592355198E-3,9.997382164E-1,1.773854486E2,1.842182462E-1,-7.449860178E-2,1.773853249E2
1.830470211E2,2.281151054E-2,6.882769521E-4,1.593973837E-3,9.997382760E-1,1.773857667E2,1.844077771E-1,-7.468344971E-2,1.773856426E2
1.830520211E2,2.281162355E-2,6.876994157E-4,1.592605258E-3,9.997382760E-1,1.773857537E2,1.842494886E-1,-7.462084303E-2,1.773856298E2
1.830570211E2,2.281167840E-2,6.872919039E-4,1.591995358E-3,9.997382760E-1,1.773857474E2,1.841785559E-1,-7.457574208E-2,1.773856236E2
1.830620211E2,2.280899934E-2,6.899882574E-4,1.591784647E-3,9.997383356E-1,1.773860545E2,1.841612651E-1,-7.488568502E-2,1.773859302E2
1.830670211E2,2.280327579E-2,6.935770507E-4,1.597348019E-3,9.997384548E-1,1.773867106E2,1.848075663E-1,-7.528333921E-2,1.773865852E2
1.830720211E2,2.280601951E-2,6.922658067E-4,1.596050453E-3,9.997383952E-1,1.773863961E2,1.846556940E-1,-7.513600498E-2,1.773862710E2
1.830770211E2,2.280077302E-2,6.957944715E-4,1.594803529E-3,9.997385144E-1,1.773869974E2,1.845216705E-1,-7.554448174E-2,1.773868718E2
1.830820211E2,2.280873376E-2,6.905141636E-4,1.595358015E-3,9.997383356E-1,1.773860850E2,1.845719920E-1,-7.493664248E-2,1.773859603E2
1.830870211E2,2.280595039E-2,6.914346595E-4,1.597397728E-3,9.997383952E-1,1.773864040E2,1.848078628E-1,-7.503727907E-2,1.773862790E2
1.830920211E2,2.280100383E-2,6.959644379E-4,1.591425971E-3,9.997385144E-1,1.773869710E2,1.841351924E-1,-7.557273610E-2,1.773868456E2
1.830970211E2,2.280093559E-2,6.958732265E-4,1.592443092E-3,9.997385144E-1,1.773869788E2,1.842514722E-1,-7.555964168E-2,1.773868534E2
1.831020211E2,2.280089027E-2,6.953434204E-4,1.593323308E-3,9.997385144E-1,1.773869840E2,1.843509236E-1,-7.549665464E-2,1.773868586E2
1.831070211E2,2.279811072E-2,6.973652635E-4,1.594813424E-3,9.997385740E-1,1.773873026E2,1.845267072E-1,-7.572489978E-2,1.773871767E2
1.831120211E2,2.280089088E-2,6.962527987E-4,1.592917368E-3,9.997385144E-1,1.773869839E2,1.843067947E-1,-7.560189508E-2,1.773868584E2
1.831170211E2,2.280332470E-2,6.943593035E-4,1.596309594E-3,9.997384548E-1,1.773867050E2,1.846906504E-1,-7.537565993E-2,1.773865795E2
1.831220211E2,2.279291499E-2,7.010246627E-4,1.592744375E-3,9.997386932E-1,1.773878981E2,1.842988384E-1,-7.615049000E-2,1.773877717E2
1.831270211E2,2.277987568E-2,7.099888171E-4,1.588248531E-3,9.997389913E-1,1.773893927E2,1.838061955E-1,-7.719157892E-2,1.773892649E2
1.831320211E2,2.278019721E-2,7.100686780E-4,1.583594363E-3,9.997389913E-1,1.773893559E2,1.832732378E-1,-7.721281875E-2,1.773892284E2
1.831370211E2,2.279086082E-2,7.021747297E-4,1.584196929E-3,9.997387528E-1,1.773881336E2,1.833224734E-1,-7.630494623E-2,1.773880076E2
1.831420211E2,2.279350372E-2,7.012996357E-4,1.584175159E-3,9.997386932E-1,1.773878306E2,1.833178951E-1,-7.620426625E-2,1.773877048E2
1.831470211E2,2.278264613E-2,7.083438104E-4,1.586762723E-3,9.997389317E-1,1.773890752E2,1.836318969E-1,-7.700649401E-2,1.773889478E2
1.831520211E2,2.278518584E-2,7.070561405E-4,1.588423038E-3,9.997388721E-1,1.773887841E2,1.838189390E-1,-7.685417461E-2,1.773886568E2
1.831570211E2,2.278481749E-2,7.062340155E-4,1.594062429E-3,9.997388721E-1,1.773888263E2,1.844628239E-1,-7.674533342E-2,1.773886988E2
1.831620211E2,2.278452313E-2,7.058813935E-4,1.598420087E-3,9.997388721E-1,1.773888600E2,1.849611027E-1,-7.669361271E-2,1.773887322E2
1.831670211E2,2.278447527E-2,7.073734305E-4,1.598442788E-3,9.997388721E-1,1.773888655E2,1.849675959E-1,-7.686449256E-2,1.773887374E2
1.831720211E2,2.278717930E-2,7.040583296E-4,1.598639763E-3,9.997388124E-1,1.773885556E2,1.849817119E-1,-7.648369439E-2,1.773884281E2
1.831770211E2,2.277925090E-2,7.105116965E-4,1.596951741E-3,9.997389913E-1,1.773894643E2,1.848045698E-1,-7.722887652E-2,1.773893358E2
1.831820211E2,2.277409447E-2,7.134683547E-4,1.594547299E-3,9.997391105E-1,1.773900554E2,1.845364308E-1,-7.757482475E-2,1.773899265E2
1.831870211E2,2.277964866E-2,7.098203641E-4,1.591576380E-3,9.997389913E-1,1.773894187E2,1.841869833E-1,-7.716363510E-2,1.773892907E2
1.831920211E2,2.277675782E-2,7.114501786E-4,1.594778034E-3,9.997390509E-1,1.773897501E2,1.845578027E-1,-7.734252520E-2,1.773896215E2
1.831970211E2,2.277097487E-2,7.164287963E-4,1.600391231E-3,9.997391701E-1,1.773904129E2,1.852134078E-1,-7.789930414E-2,1.773902830E2
1.832020211E2,2.277638428E-2,7.124406402E-4,1.599663286E-3,9.997390509E-1,1.773897929E2,1.851200239E-1,-7.744331205E-2,1.773896638E2
1.832070211E2,2.277422898E-2,7.135710912E-4,1.592578948E-3,9.997391105E-1,1.773900399E2,1.843112112E-1,-7.759170672E-2,1.773899112E2
1.832120211E2,2.277149292E-2,7.161503308E-4,1.593128312E-3,9.997391701E-1,1.773903536E2,1.843806664E-1,-7.788625967E-2,1.773902243E2
1.832170211E2,2.277404395E-2,7.131529273E-4,1.595409703E-3,9.997391105E-1,1.773900612E2,1.846344025E-1,-7.753644744E-2,1.773899322E2
1.832220211E2,2.277672904E-2,7.115732878E-4,1.595134148E-3,9.997390509E-1,1.773897534E2,1.845989191E-1,-7.735570460E-2,1.773896248E2
1.832270211E2,2.278234193E-2,7.075130707E-4,1.591493958E-3,9.997389317E-1,1.773891100E2,1.841717243E-1,-7.689902665E-2,1.773889825E2
1.832320211E2,2.277920649E-2,7.093119202E-4,1.598118106E-3,9.997389913E-1,1.773894694E2,1.849350553E-1,-7.708839160E-2,1.773893410E2
1.832370211E2,2.277642633E-2,7.115884218E-4,1.599443844E-3,9.997390509E-1,1.773897881E2,1.850926627E-1,-7.734624545E-2,1.773896591E2
1.832420211E2,2.277132370E-2,7.148061995E-4,1.596147893E-3,9.997391701E-1,1.773903730E2,1.847230747E-1,-7.772442519E-2,1.773902437E2
1.832470211E2,2.276864879E-2,7.169179153E-4,1.596026821E-3,9.997392297E-1,1.773906796E2,1.847145070E-1,-7.796715713E-2,1.773905499E2
1.832520211E2,2.277112795E-2,7.165530697E-4,1.598155941E-3,9.997391701E-1,1.773903954E2,1.849576645E-1,-7.791934577E-2,1.773902656E2
1.832570211E2,2.276313764E-2,7.214524667E-4,1.597922179E-3,9.997393489E-1,1.773913112E2,1.849430433E-1,-7.848271725E-2,1.773911806E2
1.832620211E2,2.276604388E-2,7.193393540E-4,1.594759990E-3,9.997392893E-1,1.773909781E2,1.845754910E-1,-7.824834771E-2,1.773908481E2
1.832670211E2,2.276278134E-2,7.207919261E-4,1.603286946E-3,9.997393489E-1,1.773913521E2,1.855558911E-1,-7.839311619E-2,1.773912211E2
1.832720211E2,2.275996883E-2,7.227569004E-4,1.605162746E-3,9.997394085E-1,1.773916745E2,1.857756918E-1,-7.861385655E-2,1.773915430E2
1.832770211E2,2.275739891E-2,7.243212895E-4,1.603770885E-3,9.997394681E-1,1.773919690E2,1.856201153E-1,-7.879718315E-2,1.773918374E2
1.832820211E2,2.275473783E-2,7.262529689E-4,1.603500103E-3,9.997395277E-1,1.773922740E2,1.855939218E-1,-7.901967992E-2,1.773921420E2
1.832870211E2,2.276013425E-2,7.224496221E-4,1.602953998E-3,9.997394085E-1,1.773916555E2,1.855218644E-1,-7.858438445E-2,1.773915242E2
1.832920211E2,2.276009923E-2,7.234335062E-4,1.603007433E-3,9.997394085E-1,1.773916595E2,1.855305497E-1,-7.869696706E-2,1.773915281E2
1.832970211E2,2.275231772E-2,7.279725978E-4,1.599895535E-3,9.997395873E-1,1.773925514E2,1.851852678E-1,-7.922653133E-2,1.773924194E2
1.833020211E2,2.275293056E-2,7.291571237E-4,1.590613741E-3,9.997395873E-1,1.773924812E2,1.841250633E-1,-7.938632081E-2,1.773923496E2
1.833070211E2,2.276080870E-2,7.223853609E-4,1.593377790E-3,9.997394085E-1,1.773915782E2,1.844246793E-1,-7.860187534E-2,1.773914477E2
1.833120211E2,2.275799463E-2,7.249218761E-4,1.595022390E-3,9.997394681E-1,1.773919007E2,1.846194828E-1,-7.888869296E-2,1.773917696E2
1.833170211E2,2.275276068E-2,7.288993220E-4,1.593159861E-3,9.997395873E-1,1.773925007E2,1.844160664E-1,-7.935017910E-2,1.773923690E2
1.833220211E2,2.276338480E-2,7.204712601E-4,1.594841015E-3,9.997393489E-1,1.773912829E2,1.845875182E-1,-7.837830041E-2,1.773911527E2
1.833270211E2,2.276854717E-2,7.173808408E-4,1.597268041E-3,9.997392297E-1,1.773906912E2,1.848579038E-1,-7.801697084E-2,1.773905613E2
1.833320211E2,2.276313876E-2,7.215598598E-4,1.597857685E-3,9.997393489E-1,1.773913111E2,1.849359350E-1,-7.849518843E-2,1.773911804E2
1.833370211E2,2.275533376E-2,7.265352760E-4,1.594892354E-3,9.997395277E-1,1.773922057E2,1.846085833E-1,-7.907435737E-2,1.773920743E2
1.833420211E2,2.277128970E-2,7.163101691E-4,1.595958602E-3,9.997391701E-1,1.773903768E2,1.847053115E-1,-7.789722276E-2,1.773902473E2
1.833470211E2,2.277346792E-2,7.148193545E-4,1.602869015E-3,9.997391105E-1,1.773901272E2,1.854932614E-1,-7.770799539E-2,1.773899974E2
1.833520211E2,2.276316343E-2,7.204748108E-4,1.597995870E-3,9.997393489E-1,1.773913083E2,1.849489370E-1,-7.837051829E-2,1.773911778E2
1.833570211E2,2.277143111E-2,7.149772136E-4,1.594537986E-3,9.997391701E-1,1.773903606E2,1.845390950E-1,-7.774819814E-2,1.773902314E2
1.833620211E2,2.278154835E-2,7.075631875E-4,1.602791483E-3,9.997389317E-1,1.773892010E2,1.854660616E-1,-7.687541981E-2,1.773890726E2
1.833670211E2,2.277327792E-2,7.140394882E-4,1.605913276E-3,9.997391105E-1,1.773901490E2,1.858399679E-1,-7.761074305E-2,1.773900191E2
1.833720211E2,2.277124400E-2,7.154001505E-4,1.597018563E-3,9.997391701E-1,1.773903821E2,1.848243644E-1,-7.779021192E-2,1.773902526E2
1.833770211E2,2.277953042E-2,7.096512127E-4,1.593343215E-3,9.997389913E-1,1.773894323E2,1.843889448E-1,-7.713966633E-2,1.773893042E2
1.833820211E2,2.277415455E-2,7.130516460E-4,1.593875466E-3,9.997391105E-1,1.773900485E2,1.844583813E-1,-7.752882819E-2,1.773899197E2
1.833870211E2,2.276875288E-2,7.168870070E-4,1.594555099E-3,9.997392297E-1,1.773906676E2,1.845458309E-1,-7.796743707E-2,1.773905381E2
1.833920211E2,2.278257554E-2,7.081622607E-4,1.587856910E-3,9.997389317E-1,1.773890833E2,1.837567698E-1,-7.698285161E-2,1.773889559E2
1.833970211E2,2.278012169E-2,7.096292684E-4,1.584877144E-3,9.997389913E-1,1.773893645E2,1.834190427E-1,-7.715914433E-2,1.773892371E2
1.834020211E2,2.277980047E-2,7.096945774E-4,1.589458319E-3,9.997389913E-1,1.773894013E2,1.839440173E-1,-7.715472599E-2,1.773892735E2
1.834070211E2,2.278523713E-2,7.063812227E-4,1.587987528E-3,9.997388721E-1,1.773887782E2,1.837672876E-1,-7.677798263E-2,1.773886511E2
1.834120211E2,2.278279274E-2,7.083889795E-4,1.584636164E-3,9.997389317E-1,1.773890584E2,1.833884032E-1,-7.701719386E-2,1.773889312E2
1.834170211E2,2.277241121E-2,7.143945550E-4,1.580742537E-3,9.997391701E-1,1.773902483E2,1.829572155E-1,-7.771726826E-2,1.773901203E2
1.834220211E2,2.277230758E-2,7.155264611E-4,1.581723220E-3,9.997391701E-1,1.773902602E2,1.830725107E-1,-7.784440110E-2,1.773901319E2
1.834270211E2,2.278279017E-2,7.076964248E-4,1.584982499E-3,9.997389317E-1,1.773890587E2,1.834262716E-1,-7.693694986E-2,1.773889316E2
1.834320211E2,2.277506895E-2,7.129599107E-4,1.580797136E-3,9.997391105E-1,1.773899437E2,1.829599324E-1,-7.755228408E-2,1.773898159E2
1.834370211E2,2.277744551E-2,7.122608949E-4,1.584561658E-3,9.997390509E-1,1.773896713E2,1.833895633E-1,-7.746194243E-2,1.773895434E2
1.834420211E2,2.279078292E-2,7.031345158E-4,1.584891696E-3,9.997387528E-1,1.773881425E2,1.834045683E-1,-7.641310065E-2,1.773880163E2
1.834470211E2,2.278581603E-2,7.065914688E-4,1.579565112E-3,9.997388721E-1,1.773887118E2,1.828029921E-1,-7.682395491E-2,1.773885854E2
1.834520211E2,2.277531989E-2,7.125342381E-4,1.577369985E-3,9.997391105E-1,1.773899149E2,1.825662193E-1,-7.751241721E-2,1.773897875E2
1.834570211E2,2.278240021E-2,7.085350808E-4,1.590204425E-3,9.997389317E-1,1.773891033E2,1.840266658E-1,-7.701946584E-2,1.773889757E2
1.834620211E2,2.278781057E-2,7.038983167E-4,1.589686843E-3,9.997388124E-1,1.773884832E2,1.839556776E-1,-7.648862610E-2,1.773883565E2
1.834670211E2,2.277465973E-2,7.131158491E-4,1.586611732E-3,9.997391105E-1,1.773899906E2,1.836264397E-1,-7.755504793E-2,1.773898623E2
1.834720211E2,2.277490248E-2,7.132998435E-4,1.583040575E-3,9.997391105E-1,1.773899627E2,1.832178198E-1,-7.758540257E-2,1.773898348E2
1.834770211E2,2.278798134E-2,7.042162470E-4,1.587096020E-3,9.997388124E-1,1.773884636E2,1.836597111E-1,-7.653178308E-2,1.773883370E2
1.834820211E2,2.278542684E-2,7.053994341E-4,1.585700200E-3,9.997388721E-1,1.773887564E2,1.835026974E-1,-7.667144496E-2,1.773886297E2
1.834870211E2,2.278062840E-2,7.089318824E-4,1.577890594E-3,9.997389913E-1,1.773893064E2,1.826168678E-1,-7.709739672E-2,1.773891797E2
1.834920211E2,2.278839527E-2,7.035759627E-4,1.581426477E-3,9.997388124E-1,1.773884162E2,1.830085563E-1,-7.647316094E-2,1.773882901E2
1.834970211E2,2.278803333E-2,7.036520401E-4,1.586599741E-3,9.997388124E-1,1.773884577E2,1.836013869E-1,-7.646843305E-2,1.773883312E2
1.835020211E2,2.277484012E-2,7.127095596E-4,1.584203215E-3,9.997391105E-1,1.773899699E2,1.833494686E-1,-7.751475566E-2,1.773898419E2
1.835070211E2,2.278322243E-2,7.081683725E-4,1.578545198E-3,9.997389317E-1,1.773890091E2,1.826900669E-1,-7.700774480E-2,1.773888824E2
1.835120211E2,2.278271390E-2,7.072867011E-4,1.586261089E-3,9.997389317E-1,1.773890674E2,1.835716737E-1,-7.688668702E-2,1.773889403E2
1.835170211E2,2.277715326E-2,7.126423880E-4,1.588586019E-3,9.997390509E-1,1.773897048E2,1.838515756E-1,-7.749519613E-2,1.773895765E2
1.835220211E2,2.276926116E-2,7.177249645E-4,1.586901955E-3,9.997392297E-1,1.773906094E2,1.836712972E-1,-7.808331044E-2,1.773904803E2
1.835270211E2,2.277756389E-2,7.109939470E-4,1.583428588E-3,9.997390509E-1,1.773896577E2,1.832564583E-1,-7.731973459E-2,1.773895301E2
1.835320211E2,2.277466990E-2,7.127521676E-4,1.586629194E-3,9.997391105E-1,1.773899894E2,1.836274918E-1,-7.751333652E-2,1.773898612E2
1.835370211E2,2.277481579E-2,7.140269736E-4,1.583959674E-3,9.997391105E-1,1.773899727E2,1.833250049E-1,-7.766632094E-2,1.773898445E2
1.835420211E2,2.277224394E-2,7.155878120E-4,1.582611469E-3,9.997391701E-1,1.773902675E2,1.831744255E-1,-7.784912321E-2,1.773901391E2
1.835470211E2,2.276934475E-2,7.164867711E-4,1.586261904E-3,9.997392297E-1,1.773905998E2,1.835947470E-1,-7.794311560E-2,1.773904710E2
1.835520211E2,2.276646518E-2,7.183702546E-4,1.589172636E-3,9.997392893E-1,1.773909298E2,1.839328965E-1,-7.815182551E-2,1.773908004E2
1.835570211E2,2.277220651E-2,7.158191875E-4,1.583045232E-3,9.997391701E-1,1.773902718E2,1.832247193E-1,-7.787450487E-2,1.773901433E2
1.835620211E2,2.278043738E-2,7.106146077E-4,1.579890144E-3,9.997389913E-1,1.773893283E2,1.828503188E-1,-7.728498749E-2,1.773892011E2
1.835670211E2,2.278306968E-2,7.079617353E-4,1.580840792E-3,9.997389317E-1,1.773890266E2,1.829525034E-1,-7.697810649E-2,1.773888998E2
1.835720211E2,2.278573752E-2,7.059575873E-4,1.580980490E-3,9.997388721E-1,1.773887208E2,1.829634793E-1,-7.674765494E-2,1.773885944E2
1.835770211E2,2.277751860E-2,7.111200248E-4,1.584023354E-3,9.997390509E-1,1.773896629E2,1.833249215E-1,-7.733263410E-2,1.773895352E2
1.835820211E2,2.278019673E-2,7.094100001E-4,1.583896345E-3,9.997389913E-1,1.773893559E2,1.833061137E-1,-7.713657124E-2,1.773892286E2
1.835870211E2,2.278284614E-2,7.077592891E-4,1.584149664E-3,9.997389317E-1,1.773890522E2,1.833310288E-1,-7.694631584E-2,1.773889252E2
1.835920211E2,2.278031329E-2,7.098425995E-4,1.582025085E-3,9.997389913E-1,1.773893426E2,1.830928768E-1,-7.719099422E-2,1.773892153E2
1.835970211E2,2.277253557E-2,7.154635387E-4,1.578465919E-3,9.997391701E-1,1.773902340E2,1.826992011E-1,-7.784565133E-2,1.773901060E2
1.836020211E2,2.277532537E-2,7.132798783E-4,1.576953800E-3,9.997391105E-1,1.773899143E2,1.825204871E-1,-7.759892426E-2,1.773897868E2
1.836070211E2,2.278337504E-2,7.069816347E-4,1.576873590E-3,9.997389317E-1,1.773889916E2,1.824954771E-1,-7.687612665E-2,1.773888653E2
1.836120211E2,2.278567245E-2,7.057694020E-4,1.582002034E-3,9.997388721E-1,1.773887283E2,1.830800130E-1,-7.672344058E-2,1.773886018E2
1.836170211E2,2.278333322E-2,7.079421193E-4,1.577046933E-3,9.997389317E-1,1.773889964E2,1.825178403E-1,-7.698571644E-2,1.773888699E2
1.836220211E2,2.278875926E-2,7.038629847E-4,1.576044480E-3,9.997388124E-1,1.773883745E2,1.823927614E-1,-7.652003127E-2,1.773882488E2
1.836270211E2,2.279384969E-2,7.009946858E-4,1.579324831E-3,9.997386932E-1,1.773877910E2,1.827614616E-1,-7.618193684E-2,1.773876656E2
1.836320211E2,2.278022328E-2,7.091082516E-4,1.583649660E-3,9.997389913E-1,1.773893529E2,1.832770673E-1,-7.710264153E-2,1.773892256E2
1.836370211E2,2.278040020E-2,7.090431172E-4,1.581131830E-3,9.997389913E-1,1.773893326E2,1.829884631E-1,-7.710172017E-2,1.773892056E2
1.836420211E2,2.279130151E-2,7.022533100E-4,1.577809104E-3,9.997387528E-1,1.773880831E2,1.825909102E-1,-7.633055157E-2,1.773879575E2
1.836470211E2,2.278587798E-2,7.051347638E-4,1.579322387E-3,9.997388721E-1,1.773887047E2,1.827713856E-1,-7.665769482E-2,1.773885785E2
1.836520211E2,2.277002406E-2,7.170158206E-4,1.576240174E-3,9.997392297E-1,1.773905219E2,1.824480706E-1,-7.802975022E-2,1.773903938E2
1.836570211E2,2.277267957E-2,7.144325064E-4,1.576854498E-3,9.997391701E-1,1.773902175E2,1.825119137E-1,-7.773171349E-2,1.773900898E2
1.836620211E2,2.277254007E-2,7.147002034E-4,1.578746713E-3,9.997391701E-1,1.773902335E2,1.827293775E-1,-7.775746873E-2,1.773901056E2
1.836670211E2,2.276939209E-2,7.181221736E-4,1.584842219E-3,9.997392297E-1,1.773905944E2,1.834363764E-1,-7.813416584E-2,1.773904653E2
1.836720211E2,2.276689525E-2,7.181170513E-4,1.583114383E-3,9.997392893E-1,1.773908805E2,1.832382233E-1,-7.813854512E-2,1.773907517E2
1.836770211E2,2.276420964E-2,7.210237090E-4,1.582772355E-3,9.997393489E-1,1.773911884E2,1.832064134E-1,-7.847292137E-2,1.773910590E2
1.836820211E2,2.276144278E-2,7.235457888E-4,1.583764562E-3,9.997394085E-1,1.773915055E2,1.833264448E-1,-7.875977419E-2,1.773913756E2
1.836870211E2,2.276153505E-2,7.226190064E-4,1.582861296E-3,9.997394085E-1,1.773914949E2,1.832205543E-1,-7.865593956E-2,1.773913652E2
1.836920211E2,2.275628662E-2,7.262297440E-4,1.581378863E-3,9.997395277E-1,1.773920965E2,1.830597278E-1,-7.907441979E-2,1.773919663E2
1.836970211E2,2.275110732E-2,7.294097450E-4,1.579072559E-3,9.997396469E-1,1.773926902E2,1.828033949E-1,-7.944568774E-2,1.773925595E2
1.837020211E2,2.276407141E-2,7.214965881E-4,1.584544079E-3,9.997393489E-1,1.773912042E2,1.834106087E-1,-7.852249865E-2,1.773910746E2
1.837070211E2,2.275598867E-2,7.256923127E-4,1.585906604E-3,9.997395277E-1,1.773921307E2,1.835770102E-1,-7.900109792E-2,1.773920001E2
1.837120211E2,2.276636146E-2,7.187987212E-4,1.590464264E-3,9.997392893E-1,1.773909417E2,1.840819779E-1,-7.819756065E-2,1.773908121E2
1.837170211E2,2.277168908E-2,7.154590567E-4,1.590633066E-3,9.997391701E-1,1.773903311E2,1.840930170E-1,-7.781354147E-2,1.773902021E2
1.837220211E2,2.277121951E-2,7.150107413E-4,1.597542083E-3,9.997391701E-1,1.773903849E2,1.848833217E-1,-7.774423892E-2,1.773902555E2
1.837270211E2,2.276846912E-2,7.175378851E-4,1.598309726E-3,9.997392297E-1,1.773907001E2,1.849776450E-1,-7.803225856E-2,1.773905702E2
1.837320211E2,2.276291941E-2,7.219827967E-4,1.600788906E-3,9.997393489E-1,1.773913363E2,1.852728280E-1,-7.853603508E-2,1.773912053E2
1.837370211E2,2.277339035E-2,7.145501440E-4,1.604090678E-3,9.997391105E-1,1.773901361E2,1.856325089E-1,-7.767398032E-2,1.773900062E2
1.837420211E2,2.277300375E-2,7.135054911E-4,1.610033331E-3,9.997391105E-1,1.773901804E2,1.863105549E-1,-7.753886618E-2,1.773900503E2
1.837470211E2,2.277033096E-2,7.151706959E-4,1.610086299E-3,9.997391701E-1,1.773904867E2,1.863207615E-1,-7.772999477E-2,1.773903563E2
1.837520211E2,2.276799280E-2,7.184148999E-4,1.604688237E-3,9.997392297E-1,1.773907547E2,1.857106319E-1,-7.811617651E-2,1.773906241E2
1.837570211E2,2.276747062E-2,7.181737456E-4,1.612187480E-3,9.997392297E-1,1.773908146E2,1.865690907E-1,-7.806908022E-2,1.773906834E2
1.837620211E2,2.276472109E-2,7.197607774E-4,1.613344532E-3,9.997392893E-1,1.773911298E2,1.867055709E-1,-7.824838795E-2,1.773909982E2
1.837670211E2,2.275447706E-2,7.273559459E-4,1.606697449E-3,9.997395277E-1,1.773923039E2,1.859630725E-1,-7.913774989E-2,1.773921715E2
1.837720211E2,2.275704870E-2,7.254274096E-4,1.608234248E-3,9.997394681E-1,1.773920092E2,1.861343050E-1,-7.891232723E-2,1.773918769E2
1.837770211E2,2.275670476E-2,7.245748420E-4,1.613476779E-3,9.997394681E-1,1.773920486E2,1.867326497E-1,-7.880104782E-2,1.773919161E2
1.837820211E2,2.275129406E-2,7.286905311E-4,1.614063163E-3,9.997395873E-1,1.773926688E2,1.868101323E-1,-7.927203020E-2,1.773925355E2
1.837870211E2,2.275639316E-2,7.252388750E-4,1.617568196E-3,9.997394681E-1,1.773920843E2,1.872030783E-1,-7.886650910E-2,1.773919514E2
1.837920211E2,2.276423075E-2,7.201033877E-4,1.620096271E-3,9.997392893E-1,1.773911860E2,1.874799197E-1,-7.827011612E-2,1.773910538E2
1.837970211E2,2.276431068E-2,7.194635691E-4,1.619257149E-3,9.997392893E-1,1.773911768E2,1.873821252E-1,-7.819899145E-2,1.773910448E2
1.838020211E2,2.275404531E-2,7.274047821E-4,1.612778287E-3,9.997395277E-1,1.773923534E2,1.866597993E-1,-7.912756883E-2,1.773922204E2
1.838070211E2,2.275700279E-2,7.258283440E-4,1.608702820E-3,9.997394681E-1,1.773920144E2,1.861890276E-1,-7.895704553E-2,1.773918821E2
1.838120211E2,2.275954464E-2,7.237722748E-4,1.610710169E-3,9.997394085E-1,1.773917231E2,1.864138314E-1,-7.871578972E-2,1.773915910E2
1.838170211E2,2.275635570E-2,7.260692655E-4,1.617722563E-3,9.997394681E-1,1.773920886E2,1.872229256E-1,-7.896124454E-2,1.773919555E2
1.838220211E2,2.275375973E-2,7.278492558E-4,1.616602298E-3,9.997395277E-1,1.773923862E2,1.870990225E-1,-7.916857063E-2,1.773922528E2
1.838270211E2,2.275133602E-2,7.291371585E-4,1.613269793E-3,9.997395873E-1,1.773926640E2,1.867204100E-1,-7.932525730E-2,1.773925306E2
1.838320211E2,2.275362583E-2,7.270271308E-4,1.618855400E-3,9.997395277E-1,1.773924015E2,1.873549882E-1,-7.906853661E-2,1.773922681E2
1.838370211E2,2.275387010E-2,7.267891197E-4,1.615525456E-3,9.997395277E-1,1.773923735E2,1.869729014E-1,-7.904990682E-2,1.773922404E2
1.838420211E2,2.275953973E-2,7.240491686E-4,1.610655105E-3,9.997394085E-1,1.773917236E2,1.864082450E-1,-7.874765570E-2,1.773915915E2
1.838470211E2,2.276257374E-2,7.219163235E-4,1.605726546E-3,9.997393489E-1,1.773913759E2,1.858382937E-1,-7.851560386E-2,1.773912445E2
1.838520211E2,2.275959014E-2,7.238115068E-4,1.610049512E-3,9.997394085E-1,1.773917179E2,1.863382511E-1,-7.872199884E-2,1.773915858E2
1.838570211E2,2.276497534E-2,7.193888887E-4,1.609919127E-3,9.997392893E-1,1.773911006E2,1.863121990E-1,-7.821467248E-2,1.773909694E2
1.838620211E2,2.276513943E-2,7.202629349E-4,1.607205835E-3,9.997392893E-1,1.773910818E2,1.860036519E-1,-7.832185266E-2,1.773909506E2
1.838670211E2,2.276252609E-2,7.220734842E-4,1.606331207E-3,9.997393489E-1,1.773913813E2,1.859079713E-1,-7.853204004E-2,1.773912499E2
1.838720211E2,2.276237485E-2,7.212151540E-4,1.608858001E-3,9.997393489E-1,1.773913987E2,1.861951951E-1,-7.842714520E-2,1.773912672E2
1.838770211E2,2.276516742E-2,7.198147941E-4,1.607010025E-3,9.997392893E-1,1.773910786E2,1.859800524E-1,-7.827101850E-2,1.773909475E2
1.838820211E2,2.276771852E-2,7.184915594E-4,1.608540886E-3,9.997392297E-1,1.773907862E2,1.861521780E-1,-7.811495767E-2,1.773906552E2
1.838870211E2,2.276753347E-2,7.179863751E-4,1.611383166E-3,9.997392297E-1,1.773908074E2,1.864764628E-1,-7.804970154E-2,1.773906763E2
1.838920211E2,2.277025189E-2,7.167519652E-4,1.610501320E-3,9.997391701E-1,1.773904958E2,1.863724275E-1,-7.791007948E-2,1.773903650E2
1.838970211E2,2.276266322E-2,7.218302926E-4,1.604496269E-3,9.997393489E-1,1.773913656E2,1.856971332E-1,-7.850894061E-2,1.773912344E2
1.839020211E2,2.276273668E-2,7.217003731E-4,1.603512326E-3,9.997393489E-1,1.773913572E2,1.855840776E-1,-7.849660983E-2,1.773912260E2
1.839070211E2,2.276220855E-2,7.215460064E-4,1.611061045E-3,9.997393489E-1,1.773914177E2,1.864484304E-1,-7.845933257E-2,1.773912860E2
1.839120211E2,2.276732316E-2,7.182011032E-4,1.614256413E-3,9.997392297E-1,1.773908315E2,1.868061718E-1,-7.806684386E-2,1.773907002E2
1.839170211E2,2.276509903E-2,7.202706183E-4,1.607774524E-3,9.997392893E-1,1.773910864E2,1.860688190E-1,-7.832125679E-2,1.773909552E2
1.839220211E2,2.275965816E-2,7.228106260E-4,1.609537518E-3,9.997394085E-1,1.773917101E2,1.862769905E-1,-7.860865890E-2,1.773915782E2
1.839270211E2,2.275954374E-2,7.235140074E-4,1.610839041E-3,9.997394085E-1,1.773917232E2,1.864279215E-1,-7.868586621E-2,1.773915911E2
1.839320211E2,2.275454834E-2,7.269931375E-4,1.605851925E-3,9.997395277E-1,1.773922958E2,1.858652669E-1,-7.909837747E-2,1.773921634E2
1.839370211E2,2.275725817E-2,7.249837508E-4,1.605467754E-3,9.997394681E-1,1.773919852E2,1.858162290E-1,-7.886867671E-2,1.773918532E2
1.839420211E2,2.275704331E-2,7.247984177E-4,1.608594088E-3,9.997394681E-1,1.773920098E2,1.861738880E-1,-7.883933138E-2,1.773918776E2
1.839470211E2,2.275416270E-2,7.279787096E-4,1.610861975E-3,9.997395277E-1,1.773923400E2,1.864417685E-1,-7.919829398E-2,1.773922070E2
1.839520211E2,2.275145520E-2,7.297353004E-4,1.611317508E-3,9.997395873E-1,1.773926503E2,1.864983212E-1,-7.939884935E-2,1.773925170E2
1.839570211E2,2.275683751E-2,7.257203106E-4,1.611087937E-3,9.997394681E-1,1.773920334E2,1.864619768E-1,-7.893847972E-2,1.773919009E2
1.839620211E2,2.275660514E-2,7.257114630E-4,1.614370849E-3,9.997394681E-1,1.773920600E2,1.868380328E-1,-7.892894812E-2,1.773919272E2
1.839670211E2,2.275617384E-2,7.263976149E-4,1.620131545E-3,9.997394681E-1,1.773921094E2,1.874997457E-1,-7.899261273E-2,1.773919761E2
1.839720211E2,2.275882866E-2,7.242365391E-4,1.620588009E-3,9.997394085E-1,1.773918052E2,1.875466121E-1,-7.874334770E-2,1.773916722E2
1.839770211E2,2.275869229E-2,7.231906638E-4,1.622968353E-3,9.997394085E-1,1.773918208E2,1.878165706E-1,-7.861734783E-2,1.773916878E2
1.839820211E2,2.275285092E-2,7.268621703E-4,1.629784005E-3,9.997395277E-1,1.773924903E2,1.886065009E-1,-7.902128818E-2,1.773923561E2
1.839870211E2,2.274732604E-2,7.312340895E-4,1.631823485E-3,9.997396469E-1,1.773931236E2,1.888511092E-1,-7.951786880E-2,1.773929884E2
1.839920211E2,2.274217323E-2,7.344495971E-4,1.629164559E-3,9.997397661E-1,1.773937142E2,1.885544682E-1,-7.989414615E-2,1.773935786E2
1.839970211E2,2.274230285E-2,7.352386601E-4,1.626997720E-3,9.997397661E-1,1.773936994E2,1.883082976E-1,-7.999016543E-2,1.773935638E2
1.840020211E2,2.274480606E-2,7.330658264E-4,1.629609382E-3,9.997397065E-1,1.773934124E2,1.886020313E-1,-7.973396292E-2,1.773932770E2
1.840070211E2,2.274202053E-2,7.353773690E-4,1.630876679E-3,9.997397661E-1,1.773937317E2,1.887530184E-1,-7.999600006E-2,1.773935958E2
1.840120211E2,2.273680398E-2,7.377951406E-4,1.629442559E-3,9.997398853E-1,1.773943296E2,1.885946054E-1,-8.027770595E-2,1.773941934E2
1.840170211E2,2.274494926E-2,7.339130971E-4,1.627227524E-3,9.997397065E-1,1.773933960E2,1.883313807E-1,-7.983720911E-2,1.773932607E2
1.840220211E2,2.274786095E-2,7.312897360E-4,1.624324708E-3,9.997396469E-1,1.773930623E2,1.879922210E-1,-7.954369092E-2,1.773929277E2
1.840270211E2,2.274056161E-2,7.356829010E-4,1.614461653E-3,9.997398257E-1,1.773938989E2,1.868731571E-1,-8.007405562E-2,1.773937643E2
1.840320211E2,2.274325609E-2,7.349116495E-4,1.613767003E-3,9.997397661E-1,1.773935901E2,1.867917820E-1,-7.998700650E-2,1.773934556E2
1.840370211E2,2.274843780E-2,7.311525405E-4,1.616287977E-3,9.997396469E-1,1.773929962E2,1.870712040E-1,-7.954881618E-2,1.773928622E2
1.840420211E2,2.274314530E-2,7.338264259E-4,1.615820918E-3,9.997397661E-1,1.773936028E2,1.870242454E-1,-7.985734890E-2,1.773934684E2
1.840470211E2,2.273797624E-2,7.390649407E-4,1.612420310E-3,9.997398853E-1,1.773941953E2,1.866479030E-1,-8.046731061E-2,1.773940601E2
1.840520211E2,2.274062061E-2,7.361634634E-4,1.613411237E-3,9.997398257E-1,1.773938922E2,1.867540765E-1,-8.013183610E-2,1.773937575E2
1.840570211E2,2.274860643E-2,7.308644708E-4,1.614043256E-3,9.997396469E-1,1.773929768E2,1.868133064E-1,-7.952163470E-2,1.773928431E2
1.840620211E2,2.274854480E-2,7.305511390E-4,1.615053392E-3,9.997396469E-1,1.773929839E2,1.869282079E-1,-7.948311701E-2,1.773928501E2
1.840670211E2,2.274626646E-2,7.330826484E-4,1.609088737E-3,9.997397065E-1,1.773932450E2,1.862513026E-1,-7.978910510E-2,1.773931113E2
1.840720211E2,2.275393535E-2,7.280932041E-4,1.614018576E-3,9.997395277E-1,1.773923660E2,1.868036760E-1,-7.920322208E-2,1.773922328E2
1.840770211E2,2.275645544E-2,7.247128524E-4,1.616927562E-3,9.997394681E-1,1.773920772E2,1.871283189E-1,-7.880790603E-2,1.773919444E2
1.840820211E2,2.275917690E-2,7.232979988E-4,1.616110443E-3,9.997394085E-1,1.773917652E2,1.870312321E-1,-7.864743970E-2,1.773916328E2
1.840870211E2,2.276236944E-2,7.217351231E-4,1.608701306E-3,9.997393489E-1,1.773913993E2,1.861785998E-1,-7.848712350E-2,1.773912677E2
1.840920211E2,2.277029553E-2,7.154069026E-4,1.610482344E-3,9.997391701E-1,1.773904908E2,1.863667469E-1,-7.775602817E-2,1.773903603E2
1.840970211E2,2.277054043E-2,7.152631879E-4,1.607079990E-3,9.997391701E-1,1.773904627E2,1.859766101E-1,-7.774839657E-2,1.773903325E2
1.841020211E2,2.277320881E-2,7.140560192E-4,1.606885693E-3,9.997391105E-1,1.773901569E2,1.859514078E-1,-7.761011195E-2,1.773900269E2
1.841070211E2,2.277050523E-2,7.150628371E-4,1.607667771E-3,9.997391701E-1,1.773904668E2,1.860434219E-1,-7.772391681E-2,1.773903365E2
1.841120211E2,2.277042698E-2,7.158933440E-4,1.608406194E-3,9.997391701E-1,1.773904757E2,1.861301784E-1,-7.781714881E-2,1.773903453E2
1.841170211E2,2.276792548E-2,7.178561063E-4,1.605893020E-3,9.997392297E-1,1.773907625E2,1.858471909E-1,-7.804902921E-2,1.773906318E2
1.841220211E2,2.277092415E-2,7.160909590E-4,1.601263881E-3,9.997391701E-1,1.773904188E2,1.853124947E-1,-7.785833315E-2,1.773902888E2
1.841270211E2,2.276854451E-2,7.181157707E-4,1.596975722E-3,9.997392297E-1,1.773906915E2,1.848263327E-1,-7.810192890E-2,1.773905615E2
1.841320211E2,2.277102618E-2,7.151890895E-4,1.600215677E-3,9.997391701E-1,1.773904071E2,1.851900646E-1,-7.775772981E-2,1.773902774E2
1.841370211E2,2.277066143E-2,7.167036529E-4,1.604721998E-3,9.997391701E-1,1.773904489E2,1.857102422E-1,-7.791954929E-2,1.773903186E2
1.841420211E2,2.275975935E-2,7.239579572E-4,1.607589889E-3,9.997394085E-1,1.773916985E2,1.860568668E-1,-7.874516014E-2,1.773915666E2
1.841470211E2,2.275690841E-2,7.256495301E-4,1.610118081E-3,9.997394681E-1,1.773920253E2,1.863506891E-1,-7.893288703E-2,1.773918928E2
1.841520211E2,2.276504412E-2,7.189754979E-4,1.609131112E-3,9.997392893E-1,1.773910927E2,1.862208491E-1,-7.816935668E-2,1.773909616E2
1.841570211E2,2.276763515E-2,7.186022121E-4,1.609671162E-3,9.997392297E-1,1.773907957E2,1.862819470E-1,-7.812470074E-2,1.773906647E2
1.841620211E2,2.276489926E-2,7.204331341E-4,1.610527863E-3,9.997392893E-1,1.773911093E2,1.863846556E-1,-7.833272915E-2,1.773909779E2
1.841670211E2,2.276226164E-2,7.220935659E-4,1.610065228E-3,9.997393489E-1,1.773914117E2,1.863357802E-1,-7.852464962E-2,1.773912799E2
1.841720211E2,2.276736007E-2,7.178388187E-4,1.613896922E-3,9.997392297E-1,1.773908273E2,1.867640454E-1,-7.802627097E-2,1.773906960E2
1.841770211E2,2.276497014E-2,7.189193857E-4,1.610202366E-3,9.997392893E-1,1.773911012E2,1.863434220E-1,-7.816014746E-2,1.773909700E2
1.841820211E2,2.276520994E-2,7.199506508E-4,1.606346690E-3,9.997392893E-1,1.773910737E2,1.859044172E-1,-7.828830510E-2,1.773909427E2
1.841870211E2,2.276499752E-2,7.201487897E-4,1.609265688E-3,9.997392893E-1,1.773910981E2,1.862393240E-1,-7.830342862E-2,1.773909668E2
1.841920211E2,2.275974771E-2,7.237895625E-4,1.607830520E-3,9.997394085E-1,1.773916998E2,1.860839938E-1,-7.872524310E-2,1.773915679E2
1.841970211E2,2.275454120E-2,7.267142646E-4,1.606079284E-3,9.997395277E-1,1.773922966E2,1.858905858E-1,-7.906583776E-2,1.773921643E2
1.842020211E2,2.275476155E-2,7.273343508E-4,1.602673088E-3,9.997395277E-1,1.773922713E2,1.855019993E-1,-7.914571709E-2,1.773921392E2
1.842070211E2,2.276015442E-2,7.233236684E-4,1.602273318E-3,9.997394085E-1,1.773916532E2,1.854461658E-1,-7.868628836E-2,1.773915218E2
1.842120211E2,2.275697496E-2,7.259813137E-4,1.609027502E-3,9.997394681E-1,1.773920176E2,1.862266207E-1,-7.897372846E-2,1.773918852E2
1.842170211E2,2.275730948E-2,7.248321781E-4,1.604808844E-3,9.997394681E-1,1.773919793E2,1.857403515E-1,-7.885302113E-2,1.773918474E2
1.842220211E2,2.276286034E-2,7.215589867E-4,1.601819531E-3,9.997393489E-1,1.773913430E2,1.853897883E-1,-7.848480516E-2,1.773912120E2
1.842270211E2,2.276524475E-2,7.195385988E-4,1.606037957E-3,9.997392893E-1,1.773910697E2,1.858679757E-1,-7.824189867E-2,1.773909388E2
1.842320211E2,2.275429090E-2,7.266086759E-4,1.609669183E-3,9.997395277E-1,1.773923253E2,1.863015571E-1,-7.904442691E-2,1.773921927E2
1.842370211E2,2.275692819E-2,7.251740317E-4,1.610052655E-3,9.997394681E-1,1.773920230E2,1.863419552E-1,-7.887858004E-2,1.773918906E2
1.842420211E2,2.275435967E-2,7.262143772E-4,1.608874882E-3,9.997395277E-1,1.773923174E2,1.862095374E-1,-7.900131376E-2,1.773921850E2
1.842470211E2,2.275137247E-2,7.286721957E-4,1.612965832E-3,9.997395873E-1,1.773926598E2,1.866843781E-1,-7.927277603E-2,1.773925266E2
1.842520211E2,2.275143303E-2,7.291841321E-4,1.611879910E-3,9.997395873E-1,1.773926528E2,1.865613123E-1,-7.933424434E-2,1.773925196E2
1.842570211E2,2.275199872E-2,7.286258042E-4,1.604128978E-3,9.997395873E-1,1.773925880E2,1.856719380E-1,-7.929038494E-2,1.773924555E2
1.842620211E2,2.275752221E-2,7.241268759E-4,1.602108241E-3,9.997394681E-1,1.773919549E2,1.854291420E-1,-7.877922400E-2,1.773918234E2
1.842670211E2,2.276249328E-2,7.217241800E-4,1.606953098E-3,9.997393489E-1,1.773913851E2,1.859783025E-1,-7.849040703E-2,1.773912537E2
1.842720211E2,2.275729441E-2,7.245513261E-4,1.605149359E-3,9.997394681E-1,1.773919810E2,1.857786279E-1,-7.881996099E-2,1.773918492E2
1.842770211E2,2.275994106E-2,7.223966531E-4,1.605718513E-3,9.997394085E-1,1.773916776E2,1.858384197E-1,-7.857114159E-2,1.773915462E2
1.842820211E2,2.276269078E-2,7.216730155E-4,1.604176010E-3,9.997393489E-1,1.773913625E2,1.856600356E-1,-7.849175296E-2,1.773912313E2
1.842870211E2,2.276243610E-2,7.209868636E-4,1.608093618E-3,9.997393489E-1,1.773913917E2,1.861070350E-1,-7.840297435E-2,1.773912603E2
1.842920211E2,2.276521817E-2,7.196672377E-4,1.606357051E-3,9.997392893E-1,1.773910728E2,1.859048654E-1,-7.825580825E-2,1.773909418E2
1.842970211E2,2.277315805E-2,7.149911835E-4,1.607189188E-3,9.997391105E-1,1.773901627E2,1.859886136E-1,-7.771646336E-2,1.773900325E2
1.843020211E2,2.277826120E-2,7.100745570E-4,1.611199579E-3,9.997389913E-1,1.773895778E2,1.864356137E-1,-7.714178847E-2,1.773894482E2
1.843070211E2,2.277541147E-2,7.132843602E-4,1.613081899E-3,9.997390509E-1,1.773899044E2,1.866594146E-1,-7.750512757E-2,1.773897741E2
1.843120211E2,2.277012329E-2,7.154621999E-4,1.612891210E-3,9.997391701E-1,1.773905105E2,1.866428424E-1,-7.775610954E-2,1.773903798E2
1.843170211E2,2.276983627E-2,7.159488741E-4,1.616722671E-3,9.997391701E-1,1.773905434E2,1.870830303E-1,-7.780191968E-2,1.773904123E2
1.843220211E2,2.277234395E-2,7.143407711E-4,1.618970418E-3,9.997391105E-1,1.773902560E2,1.873365350E-1,-7.761135753E-2,1.773901250E2
1.843270211E2,2.277516710E-2,7.124193944E-4,1.616909867E-3,9.997390509E-1,1.773899324E2,1.870956779E-1,-7.739609033E-2,1.773898020E2
1.843320211E2,2.277809626E-2,7.111271261E-4,1.613066182E-3,9.997389913E-1,1.773895967E2,1.866521907E-1,-7.725753092E-2,1.773894668E2
1.843370211E2,2.278849918E-2,7.039198535E-4,1.617055386E-3,9.997387528E-1,1.773884043E2,1.870911822E-1,-7.641949370E-2,1.773882754E2
1.843420211E2,2.278573414E-2,7.050335407E-4,1.618683222E-3,9.997388124E-1,1.773887212E2,1.872803673E-1,-7.654334643E-2,1.773885920E2
1.843470211E2,2.278314710E-2,7.064970559E-4,1.617646427E-3,9.997388721E-1,1.773890177E2,1.871652134E-1,-7.671420078E-2,1.773888884E2
1.843520211E2,2.278546954E-2,7.055278984E-4,1.622188720E-3,9.997388124E-1,1.773887515E2,1.876832351E-1,-7.659087704E-2,1.773886220E2
1.843570211E2,2.278519500E-2,7.051771972E-4,1.626192476E-3,9.997388124E-1,1.773887830E2,1.881409766E-1,-7.654029736E-2,1.773886532E2
1.843620211E2,2.278772697E-2,7.032974972E-4,1.628170139E-3,9.997387528E-1,1.773884928E2,1.883628264E-1,-7.631931481E-2,1.773883632E2
1.843670211E2,2.278254304E-2,7.074135356E-4,1.625733217E-3,9.997388721E-1,1.773890870E2,1.880939992E-1,-7.679819416E-2,1.773889568E2
1.843720211E2,2.277770804E-2,7.106652483E-4,1.618741779E-3,9.997389913E-1,1.773896412E2,1.873011629E-1,-7.718987508E-2,1.773895109E2
1.843770211E2,2.278023937E-2,7.091547595E-4,1.620594063E-3,9.997389317E-1,1.773893510E2,1.875096162E-1,-7.701152119E-2,1.773892209E2
1.843820211E2,2.278007718E-2,7.081624353E-4,1.623305609E-3,9.997389317E-1,1.773893696E2,1.878176532E-1,-7.689079068E-2,1.773892395E2
1.843870211E2,2.278043077E-2,7.084888057E-4,1.618193113E-3,9.997389317E-1,1.773893291E2,1.872328346E-1,-7.694146036E-2,1.773891993E2
1.843920211E2,2.278306878E-2,7.073545130E-4,1.618374605E-3,9.997388721E-1,1.773890267E2,1.872508679E-1,-7.681054598E-2,1.773888971E2
1.843970211E2,2.278539464E-2,7.047815016E-4,1.623564633E-3,9.997388124E-1,1.773887601E2,1.878389075E-1,-7.650178992E-2,1.773886306E2
1.844020211E2,2.278030152E-2,7.086354308E-4,1.619947609E-3,9.997389317E-1,1.773893439E2,1.874342060E-1,-7.695370196E-2,1.773892140E2
1.844070211E2,2.277529820E-2,7.117263740E-4,1.615367597E-3,9.997390509E-1,1.773899174E2,1.869171935E-1,-7.732069750E-2,1.773897872E2
1.844120211E2,2.278329059E-2,7.075318135E-4,1.615171321E-3,9.997388721E-1,1.773890013E2,1.868843731E-1,-7.683917976E-2,1.773888719E2
1.844170211E2,2.278827444E-2,7.041440695E-4,1.620121999E-3,9.997387528E-1,1.773884300E2,1.874430680E-1,-7.643721392E-2,1.773883009E2
1.844220211E2,2.277764450E-2,7.105357363E-4,1.619692426E-3,9.997389913E-1,1.773896485E2,1.874097281E-1,-7.717256842E-2,1.773895182E2
1.844270211E2,2.278907862E-2,7.032373687E-4,1.609167084E-3,9.997387528E-1,1.773883379E2,1.861857442E-1,-7.636179950E-2,1.773882098E2
1.844320211E2,2.279117583E-2,7.010317058E-4,1.617437229E-3,9.997386932E-1,1.773880975E2,1.871275874E-1,-7.608712449E-2,1.773879692E2
1.844370211E2,2.279860939E-2,6.964565255E-4,1.625157427E-3,9.997385144E-1,1.773872454E2,1.880006400E-1,-7.554142268E-2,1.773871174E2
1.844420211E2,2.279070624E-2,7.012423011E-4,1.623949618E-3,9.997386932E-1,1.773881513E2,1.878741743E-1,-7.609432977E-2,1.773880225E2
1.844470211E2,2.279624100E-2,6.978384336E-4,1.621116418E-3,9.997385740E-1,1.773875169E2,1.875411254E-1,-7.571073841E-2,1.773873889E2
1.844520211E2,2.279618121E-2,6.982624764E-4,1.621774398E-3,9.997385740E-1,1.773875238E2,1.876176082E-1,-7.575760977E-2,1.773873956E2
1.844570211E2,2.278827354E-2,7.026675739E-4,1.620775554E-3,9.997387528E-1,1.773884301E2,1.875140844E-1,-7.626635755E-2,1.773883013E2
1.844620211E2,2.279105834E-2,7.009998080E-4,1.619105693E-3,9.997386932E-1,1.773881109E2,1.873186378E-1,-7.607913453E-2,1.773879825E2
1.844670211E2,2.280143404E-2,6.950292154E-4,1.622805255E-3,9.997384548E-1,1.773869217E2,1.877276541E-1,-7.538352273E-2,1.773867941E2
1.844720211E2,2.279859035E-2,6.957664737E-4,1.625720062E-3,9.997385144E-1,1.773872476E2,1.880632921E-1,-7.546090283E-2,1.773871197E2
1.844770211E2,2.279578629E-2,6.979298196E-4,1.627458725E-3,9.997385740E-1,1.773875690E2,1.882679171E-1,-7.570472480E-2,1.773874405E2
1.844820211E2,2.279327726E-2,7.007332169E-4,1.624779077E-3,9.997386336E-1,1.773878566E2,1.879680646E-1,-7.603335850E-2,1.773877278E2
1.844870211E2,2.279860940E-2,6.961032050E-4,1.625308651E-3,9.997385144E-1,1.773872454E2,1.880170413E-1,-7.550055061E-2,1.773871175E2
1.844920211E2,2.279595025E-2,6.982698687E-4,1.625014469E-3,9.997385740E-1,1.773875502E2,1.879887991E-1,-7.575003578E-2,1.773874219E2
1.844970211E2,2.279091596E-2,7.014365401E-4,1.620919676E-3,9.997386932E-1,1.773881273E2,1.875275814E-1,-7.612445624E-2,1.773879986E2
1.845020211E2,2.278807167E-2,7.041993667E-4,1.622947631E-3,9.997387528E-1,1.773884533E2,1.877669071E-1,-7.643620787E-2,1.773883239E2
1.845070211E2,2.278857963E-2,7.039590855E-4,1.615904155E-3,9.997387528E-1,1.773883951E2,1.869594035E-1,-7.642697958E-2,1.773882663E2
1.845120211E2,2.278032631E-2,7.082470111E-4,1.619768795E-3,9.997389317E-1,1.773893411E2,1.874127085E-1,-7.690966610E-2,1.773892112E2
1.845170211E2,2.278033539E-2,7.097788621E-4,1.618970302E-3,9.997389317E-1,1.773893400E2,1.873252317E-1,-7.708724036E-2,1.773892099E2
1.845220211E2,2.277472720E-2,7.121160743E-4,1.623227261E-3,9.997390509E-1,1.773899828E2,1.878185858E-1,-7.734493585E-2,1.773898520E2
1.845270211E2,2.277997981E-2,7.099559298E-4,1.623888500E-3,9.997389317E-1,1.773893808E2,1.878891054E-1,-7.709475307E-2,1.773892503E2
1.845320211E2,2.277183369E-2,7.139198715E-4,1.626316691E-3,9.997391105E-1,1.773903145E2,1.881770011E-1,-7.754406338E-2,1.773901830E2
1.845370211E2,2.276949585E-2,7.156164502E-4,1.621656818E-3,9.997391701E-1,1.773905825E2,1.876474024E-1,-7.775102552E-2,1.773904510E2
1.845420211E2,2.278033441E-2,7.093984168E-4,1.619150862E-3,9.997389317E-1,1.773893401E2,1.873449237E-1,-7.704318472E-2,1.773892101E2
1.845470211E2,2.278032932E-2,7.091373554E-4,1.619336894E-3,9.997389317E-1,1.773893407E2,1.873655539E-1,-7.701279240E-2,1.773892107E2
1.845520211E2,2.277236137E-2,7.140071248E-4,1.618872629E-3,9.997391105E-1,1.773902540E2,1.873244626E-1,-7.757338637E-2,1.773901231E2
1.845570211E2,2.276446117E-2,7.190736942E-4,1.617313479E-3,9.997392893E-1,1.773911595E2,1.871584488E-1,-7.815936905E-2,1.773910278E2
1.845620211E2,2.277540734E-2,7.123835385E-4,1.613538130E-3,9.997390509E-1,1.773899049E2,1.867093298E-1,-7.740073790E-2,1.773897747E2
1.845670211E2,2.277277703E-2,7.135723135E-4,1.613207394E-3,9.997391105E-1,1.773902064E2,1.866743390E-1,-7.753828035E-2,1.773900760E2
1.845720211E2,2.276779566E-2,7.174174534E-4,1.607928425E-3,9.997392297E-1,1.773907773E2,1.860792164E-1,-7.799348986E-2,1.773906466E2
1.845770211E2,2.277318578E-2,7.140922826E-4,1.607195940E-3,9.997391105E-1,1.773901595E2,1.859870432E-1,-7.761346096E-2,1.773900295E2
1.845820211E2,2.278390517E-2,7.066264516E-4,1.606877078E-3,9.997388721E-1,1.773889308E2,1.859318509E-1,-7.675700115E-2,1.773888023E2
1.845870211E2,2.278655710E-2,7.053824374E-4,1.606903505E-3,9.997388124E-1,1.773886269E2,1.859318332E-1,-7.661392260E-2,1.773884985E2
1.845920211E2,2.277906454E-2,7.104171091E-4,1.599649899E-3,9.997389913E-1,1.773894857E2,1.851134150E-1,-7.721103154E-2,1.773893570E2
1.845970211E2,2.278174562E-2,7.082492812E-4,1.599681564E-3,9.997389317E-1,1.773891784E2,1.851115895E-1,-7.696210242E-2,1.773890501E2
1.846020211E2,2.278424077E-2,7.071715081E-4,1.601870987E-3,9.997388721E-1,1.773888924E2,1.853597920E-1,-7.683245231E-2,1.773887641E2
1.846070211E2,2.277839425E-2,7.112353924E-4,1.608804800E-3,9.997389913E-1,1.773895625E2,1.861643036E-1,-7.728100213E-2,1.773894329E2
1.846120211E2,2.277821371E-2,7.099688519E-4,1.611917396E-3,9.997389913E-1,1.773895832E2,1.865175687E-1,-7.712781384E-2,1.773894536E2
1.846170211E2,2.278364590E-2,7.061727229E-4,1.610748121E-3,9.997388721E-1,1.773889606E2,1.863741207E-1,-7.669496237E-2,1.773888318E2
1.846220211E2,2.278117311E-2,7.084445679E-4,1.607728074E-3,9.997389317E-1,1.773892440E2,1.860338800E-1,-7.696357407E-2,1.773891150E2
1.846270211E2,2.277545090E-2,7.124950062E-4,1.612873981E-3,9.997390509E-1,1.773898999E2,1.866335378E-1,-7.741523312E-2,1.773897697E2
1.846320211E2,2.277584277E-2,7.116391789E-4,1.607709914E-3,9.997390509E-1,1.773898550E2,1.860397280E-1,-7.733059343E-2,1.773897254E2
1.846370211E2,2.277334902E-2,7.138177170E-4,1.605003374E-3,9.997391105E-1,1.773901408E2,1.857351543E-1,-7.758769798E-2,1.773900110E2
1.846420211E2,2.277573976E-2,7.128387806E-4,1.608637511E-3,9.997390509E-1,1.773898668E2,1.861491188E-1,-7.746561995E-2,1.773897369E2
1.846470211E2,2.276735628E-2,7.187504089E-4,1.613544766E-3,9.997392297E-1,1.773908277E2,1.867260800E-1,-7.813162383E-2,1.773906963E2
1.846520211E2,2.276736484E-2,7.172315964E-4,1.614099718E-3,9.997392297E-1,1.773908267E2,1.867856940E-1,-7.795617653E-2,1.773906956E2
1.846570211E2,2.277755164E-2,7.113759639E-4,1.620629220E-3,9.997389913E-1,1.773896591E2,1.875192354E-1,-7.726639846E-2,1.773895286E2
1.846620211E2,2.278272507E-2,7.071230793E-4,1.623306773E-3,9.997388721E-1,1.773890661E2,1.878152764E-1,-7.677121982E-2,1.773889362E2
1.846670211E2,2.277987058E-2,7.091431762E-4,1.625774894E-3,9.997389317E-1,1.773893933E2,1.881030842E-1,-7.699673872E-2,1.773892628E2
1.846720211E2,2.277709532E-2,7.110953447E-4,1.627152553E-3,9.997389913E-1,1.773897114E2,1.882657940E-1,-7.721730866E-2,1.773895804E2
1.846770211E2,2.278005486E-2,7.084131939E-4,1.623509452E-3,9.997389317E-1,1.773893722E2,1.878416589E-1,-7.691899006E-2,1.773892420E2
1.846820211E2,2.278259254E-2,7.071450818E-4,1.625156263E-3,9.997388721E-1,1.773890813E2,1.880272050E-1,-7.676893666E-2,1.773889512E2
1.846870211E2,2.278001748E-2,7.087544072E-4,1.623885008E-3,9.997389317E-1,1.773893765E2,1.878855713E-1,-7.695710666E-2,1.773892462E2
1.846920211E2,2.278008774E-2,7.098373608E-4,1.622425625E-3,9.997389317E-1,1.773893684E2,1.877212142E-1,-7.708496821E-2,1.773892380E2
1.846970211E2,2.278263361E-2,7.071004366E-4,1.624599798E-3,9.997388721E-1,1.773890766E2,1.879633418E-1,-7.676526714E-2,1.773889466E2
1.847020211E2,2.277708045E-2,7.100911462E-4,1.627799124E-3,9.997389913E-1,1.773897131E2,1.883372439E-1,-7.710058109E-2,1.773895823E2
1.847070211E2,2.278282470E-2,7.080157520E-4,1.621518517E-3,9.997388721E-1,1.773890547E2,1.876127487E-1,-7.687813606E-2,1.773889247E2
1.847120211E2,2.278813577E-2,7.039197953E-4,1.622168696E-3,9.997387528E-1,1.773884459E2,1.876769455E-1,-7.640620183E-2,1.773883167E2
1.847170211E2,2.278788562E-2,7.030284032E-4,1.626064535E-3,9.997387528E-1,1.773884746E2,1.881209135E-1,-7.629395570E-2,1.773883453E2
1.847220211E2,2.279595628E-2,6.988629466E-4,1.624674769E-3,9.997385740E-1,1.773875495E2,1.879514323E-1,-7.581886604E-2,1.773874211E2
1.847270211E2,2.279591169E-2,6.977765588E-4,1.625767094E-3,9.997385740E-1,1.773875546E2,1.880737296E-1,-7.569156251E-2,1.773874263E2
1.847320211E2,2.280090162E-2,6.952318945E-4,1.630182378E-3,9.997384548E-1,1.773869827E2,1.885732814E-1,-7.538756610E-2,1.773868545E2
1.847370211E2,2.279550692E-2,6.988886162E-4,1.630956540E-3,9.997385740E-1,1.773876010E2,1.886711176E-1,-7.580548136E-2,1.773874721E2
1.847420211E2,2.279026318E-2,7.018430624E-4,1.629897160E-3,9.997386932E-1,1.773882021E2,1.885570722E-1,-7.614770402E-2,1.773880727E2
1.847470211E2,2.279286620E-2,6.994902506E-4,1.631068997E-3,9.997386336E-1,1.773879037E2,1.886853723E-1,-7.587461021E-2,1.773877747E2
1.847520211E2,2.280343291E-2,6.932773977E-4,1.632160740E-3,9.997383952E-1,1.773866926E2,1.887950094E-1,-7.515800843E-2,1.773865646E2
1.847570211E2,2.280852032E-2,6.896213745E-4,1.635638764E-3,9.997382760E-1,1.773861094E2,1.891842841E-1,-7.472911695E-2,1.773859819E2
1.847620211E2,2.280836877E-2,6.901099696E-4,1.637544949E-3,9.997382760E-1,1.773861268E2,1.894039262E-1,-7.478013753E-2,1.773859991E2
1.847670211E2,2.280811686E-2,6.887820782E-4,1.641607611E-3,9.997382760E-1,1.773861557E2,1.898658629E-1,-7.461744110E-2,1.773860279E2
1.847720211E2,2.280541563E-2,6.903586909E-4,1.642174087E-3,9.997383356E-1,1.773864653E2,1.899346787E-1,-7.479709295E-2,1.773863372E2
1.847770211E2,2.280815086E-2,6.889482611E-4,1.641065348E-3,9.997382760E-1,1.773861518E2,1.898041771E-1,-7.463789016E-2,1.773860240E2
1.847820211E2,2.280835722E-2,6.891241646E-4,1.638120855E-3,9.997382760E-1,1.773861281E2,1.894673255E-1,-7.466569902E-2,1.773860005E2
1.847870211E2,2.281107491E-2,6.876786356E-4,1.637262525E-3,9.997382164E-1,1.773858166E2,1.893654173E-1,-7.450182560E-2,1.773856894E2
1.847920211E2,2.281088756E-2,6.870763027E-4,1.640123199E-3,9.997382164E-1,1.773858381E2,1.896915531E-1,-7.442537887E-2,1.773857108E2
1.847970211E2,2.280321288E-2,6.936180871E-4,1.635087421E-3,9.997383952E-1,1.773867178E2,1.891311696E-1,-7.518943194E-2,1.773865896E2
1.848020211E2,2.280895246E-2,6.881799200E-4,1.630210667E-3,9.997382760E-1,1.773860599E2,1.885586948E-1,-7.457808802E-2,1.773859331E2
1.848070211E2,2.281682937E-2,6.829516497E-4,1.631839434E-3,9.997380972E-1,1.773851570E2,1.887322052E-1,-7.397338461E-2,1.773850311E2
1.848120211E2,2.281430345E-2,6.846753531E-4,1.629915554E-3,9.997381568E-1,1.773854466E2,1.885161219E-1,-7.417636157E-2,1.773853204E2
1.848170211E2,2.280902708E-2,6.888519274E-4,1.628882368E-3,9.997382760E-1,1.773860513E2,1.884082845E-1,-7.465853218E-2,1.773859245E2
1.848220211E2,2.280609342E-2,6.906136987E-4,1.632626285E-3,9.997383356E-1,1.773863876E2,1.888415808E-1,-7.485113163E-2,1.773862601E2
1.848270211E2,2.281424267E-2,6.854468957E-4,1.630441984E-3,9.997381568E-1,1.773854535E2,1.885784436E-1,-7.426338585E-2,1.773853272E2
1.848320211E2,2.280902387E-2,6.891826633E-4,1.628787373E-3,9.997382760E-1,1.773860517E2,1.883982661E-1,-7.469667073E-2,1.773859248E2
1.848370211E2,2.280396099E-2,6.924158079E-4,1.625133329E-3,9.997383952E-1,1.773866320E2,1.879877232E-1,-7.507756812E-2,1.773865048E2
1.848420211E2,2.280939522E-2,6.889757933E-4,1.623666496E-3,9.997382760E-1,1.773860091E2,1.878110953E-1,-7.468628682E-2,1.773858827E2
1.848470211E2,2.281728361E-2,6.835217355E-4,1.625235891E-3,9.997380972E-1,1.773851050E2,1.879772149E-1,-7.405587572E-2,1.773849794E2
1.848520211E2,2.281437646E-2,6.860202993E-4,1.628327416E-3,9.997381568E-1,1.773854382E2,1.883377038E-1,-7.433457912E-2,1.773853119E2
1.848570211E2,2.281437431E-2,6.856159889E-4,1.628527767E-3,9.997381568E-1,1.773854384E2,1.883595990E-1,-7.428773727E-2,1.773853122E2
1.848620211E2,2.281430717E-2,6.845397293E-4,1.629920560E-3,9.997381568E-1,1.773854461E2,1.885163410E-1,-7.416081050E-2,1.773853200E2
1.848670211E2,2.281695996E-2,6.830381462E-4,1.629976206E-3,9.997380972E-1,1.773851421E2,1.885189861E-1,-7.398814103E-2,1.773850163E2
1.848720211E2,2.281439476E-2,6.847041659E-4,1.628624857E-3,9.997381568E-1,1.773854361E2,1.883683393E-1,-7.418301968E-2,1.773853101E2
1.848770211E2,2.281976516E-2,6.816750974E-4,1.627833000E-3,9.997380376E-1,1.773848205E2,1.882700991E-1,-7.383706370E-2,1.773846951E2
1.848820211E2,2.282235891E-2,6.795147201E-4,1.628979691E-3,9.997379780E-1,1.773845232E2,1.883960070E-1,-7.358607998E-2,1.773843982E2
1.848870211E2,2.281935351E-2,6.826393656E-4,1.633190783E-3,9.997380376E-1,1.773848677E2,1.888863884E-1,-7.393359851E-2,1.773847417E2
1.848920211E2,2.280893555E-2,6.886434276E-4,1.630251529E-3,9.997382760E-1,1.773860618E2,1.885645864E-1,-7.463108458E-2,1.773859349E2
1.848970211E2,2.280901652E-2,6.884718896E-4,1.629190869E-3,9.997382760E-1,1.773860526E2,1.884426327E-1,-7.461419005E-2,1.773859258E2
1.849020211E2,2.281186380E-2,6.865365431E-4,1.626716577E-3,9.997382164E-1,1.773857262E2,1.881543258E-1,-7.439840520E-2,1.773856000E2
1.849070211E2,2.280896959E-2,6.892301026E-4,1.629527309E-3,9.997382760E-1,1.773860579E2,1.884831545E-1,-7.470018160E-2,1.773859310E2
1.849120211E2,2.280660182E-2,6.902762689E-4,1.625652192E-3,9.997383356E-1,1.773863293E2,1.880417711E-1,-7.483060641E-2,1.773862025E2
1.849170211E2,2.280390867E-2,6.924046902E-4,1.625871984E-3,9.997383952E-1,1.773866380E2,1.880723120E-1,-7.507437399E-2,1.773865107E2
1.849220211E2,2.280914222E-2,6.896829000E-4,1.626917161E-3,9.997382760E-1,1.773860381E2,1.881853274E-1,-7.475884483E-2,1.773859113E2
1.849270211E2,2.280922932E-2,6.896642735E-4,1.625703531E-3,9.997382760E-1,1.773860282E2,1.880462494E-1,-7.475986683E-2,1.773859014E2
1.849320211E2,2.280389454E-2,6.924743648E-4,1.626040554E-3,9.997383952E-1,1.773866396E2,1.880918047E-1,-7.508191817E-2,1.773865123E2
1.849370211E2,2.280128781E-2,6.939017330E-4,1.625340316E-3,9.997384548E-1,1.773869384E2,1.880151182E-1,-7.524775994E-2,1.773868109E2
1.849420211E2,2.279576046E-2,6.985577056E-4,1.627551159E-3,9.997385740E-1,1.773875720E2,1.882801450E-1,-7.577641985E-2,1.773874434E2
1.849470211E2,2.279833907E-2,6.970788818E-4,1.628678991E-3,9.997385144E-1,1.773872764E2,1.884056831E-1,-7.560357114E-2,1.773871480E2
1.849520211E2,2.280128244E-2,6.948885275E-4,1.624994096E-3,9.997384548E-1,1.773869390E2,1.879780330E-1,-7.536171439E-2,1.773868113E2
1.849570211E2,2.279863150E-2,6.958043668E-4,1.625126577E-3,9.997385144E-1,1.773872429E2,1.879954034E-1,-7.546678677E-2,1.773871150E2
1.849620211E2,2.279860473E-2,6.967027439E-4,1.625117264E-3,9.997385144E-1,1.773872460E2,1.879966818E-1,-7.556973568E-2,1.773871179E2
1.849670211E2,2.279367626E-2,6.998465979E-4,1.619555405E-3,9.997386336E-1,1.773878109E2,1.873673444E-1,-7.594535566E-2,1.773876826E2
1.849720211E2,2.279379754E-2,6.990506081E-4,1.618191600E-3,9.997386336E-1,1.773877970E2,1.872090339E-1,-7.585770544E-2,1.773876690E2
1.849770211E2,2.279884717E-2,6.955106510E-4,1.622224110E-3,9.997385144E-1,1.773872182E2,1.876621398E-1,-7.544068088E-2,1.773870906E2
1.849820211E2,2.279071795E-2,7.010942209E-4,1.623849268E-3,9.997386932E-1,1.773881500E2,1.878622921E-1,-7.607762534E-2,1.773880212E2
1.849870211E2,2.279102483E-2,7.013769355E-4,1.619414077E-3,9.997386932E-1,1.773881148E2,1.873549495E-1,-7.612153972E-2,1.773879863E2
1.849920211E2,2.279092825E-2,7.016955642E-4,1.620634692E-3,9.997386932E-1,1.773881259E2,1.874956105E-1,-7.615487248E-2,1.773879972E2
1.849970211E2,2.278784883E-2,7.030849811E-4,1.626555575E-3,9.997387528E-1,1.773884788E2,1.881773130E-1,-7.629916196E-2,1.773883494E2
1.850020211E2,2.278813537E-2,7.033091970E-4,1.622439129E-3,9.997387528E-1,1.773884460E2,1.877063321E-1,-7.633554451E-2,1.773883169E2
1.850070211E2,2.278293541E-2,7.070120191E-4,1.620400464E-3,9.997388721E-1,1.773890420E2,1.874820499E-1,-7.676604504E-2,1.773889123E2
1.850120211E2,2.278268958E-2,7.067467668E-4,1.623968710E-3,9.997388721E-1,1.773890702E2,1.878901240E-1,-7.672638728E-2,1.773889403E2
1.850170211E2,2.278270279E-2,7.067028782E-4,1.623802469E-3,9.997388721E-1,1.773890687E2,1.878709655E-1,-7.672179088E-2,1.773889388E2
1.850220211E2,2.278317388E-2,7.070718566E-4,1.617017901E-3,9.997388721E-1,1.773890147E2,1.870947111E-1,-7.678168691E-2,1.773888852E2
1.850270211E2,2.278601679E-2,7.059899508E-4,1.614281558E-3,9.997388124E-1,1.773886888E2,1.867786231E-1,-7.666435513E-2,1.773885598E2
1.850320211E2,2.279145413E-2,7.009284454E-4,1.613555709E-3,9.997386932E-1,1.773880656E2,1.866826642E-1,-7.608538063E-2,1.773879376E2
1.850370211E2,2.279398735E-2,6.995202857E-4,1.615312416E-3,9.997386336E-1,1.773877752E2,1.868804302E-1,-7.591899774E-2,1.773876474E2
1.850420211E2,2.279142185E-2,7.019423065E-4,1.613570959E-3,9.997386932E-1,1.773880693E2,1.866870571E-1,-7.620149643E-2,1.773879411E2
1.850470211E2,2.278601868E-2,7.043277728E-4,1.614980749E-3,9.997388124E-1,1.773886886E2,1.868543832E-1,-7.647210714E-2,1.773885598E2
1.850520211E2,2.279137373E-2,7.006966625E-4,1.614791574E-3,9.997386932E-1,1.773880748E2,1.868236358E-1,-7.605561434E-2,1.773879467E2
1.850570211E2,2.279611928E-2,6.974515854E-4,1.622993383E-3,9.997385740E-1,1.773875309E2,1.877551343E-1,-7.566153995E-2,1.773874028E2
1.850620211E2,2.279089489E-2,7.013711729E-4,1.621244242E-3,9.997386932E-1,1.773881297E2,1.875645920E-1,-7.611612392E-2,1.773880010E2
1.850670211E2,2.279126047E-2,7.007383974E-4,1.616371213E-3,9.997386932E-1,1.773880878E2,1.870047029E-1,-7.605629099E-2,1.773879596E2
1.850720211E2,2.279378682E-2,7.000985206E-4,1.617889619E-3,9.997386336E-1,1.773877982E2,1.871771750E-1,-7.597854685E-2,1.773876700E2
1.850770211E2,2.278820171E-2,7.043451769E-4,1.621057279E-3,9.997387528E-1,1.773884384E2,1.875507353E-1,-7.645782430E-2,1.773883092E2
1.850820211E2,2.278788641E-2,7.039576885E-4,1.625651377E-3,9.997387528E-1,1.773884745E2,1.880760084E-1,-7.640149496E-2,1.773883450E2
1.850870211E2,2.279585007E-2,6.974616554E-4,1.626765938E-3,9.997385740E-1,1.773875617E2,1.881873317E-1,-7.565288893E-2,1.773874334E2
1.850920211E2,2.279347805E-2,6.993521820E-4,1.622555777E-3,9.997386336E-1,1.773878336E2,1.877097665E-1,-7.588091452E-2,1.773877052E2
1.850970211E2,2.278525885E-2,7.050018176E-4,1.625373610E-3,9.997388124E-1,1.773887757E2,1.880467126E-1,-7.652233172E-2,1.773886460E2
1.851020211E2,2.278505975E-2,7.056513568E-4,1.627880963E-3,9.997388124E-1,1.773887985E2,1.883356411E-1,-7.659023451E-2,1.773886685E2
1.851070211E2,2.278206807E-2,7.073942106E-4,1.632384025E-3,9.997388721E-1,1.773891414E2,1.888558424E-1,-7.677870591E-2,1.773890107E2
1.851120211E2,2.277935858E-2,7.090971339E-4,1.632952946E-3,9.997389317E-1,1.773894520E2,1.889252570E-1,-7.697282237E-2,1.773893209E2
1.851170211E2,2.277406698E-2,7.130825543E-4,1.632042229E-3,9.997390509E-1,1.773900585E2,1.888309183E-1,-7.743277572E-2,1.773899268E2
1.851220211E2,2.277647681E-2,7.107857964E-4,1.635922119E-3,9.997389913E-1,1.773897823E2,1.892695977E-1,-7.715907307E-2,1.773896507E2
1.851270211E2,2.277367557E-2,7.130077574E-4,1.637527486E-3,9.997390509E-1,1.773901034E2,1.894590952E-1,-7.740996534E-2,1.773899712E2
1.851320211E2,2.277368727E-2,7.138705696E-4,1.636988716E-3,9.997390509E-1,1.773901020E2,1.893996254E-1,-7.751021444E-2,1.773899698E2
1.851370211E2,2.277379019E-2,7.139320951E-4,1.635529450E-3,9.997390509E-1,1.773900902E2,1.892326175E-1,-7.752105183E-2,1.773899581E2
1.851420211E2,2.277686467E-2,7.110468578E-4,1.630399143E-3,9.997389913E-1,1.773897378E2,1.886375857E-1,-7.720332319E-2,1.773896066E2
1.851470211E2,2.278224289E-2,7.081688382E-4,1.629606006E-3,9.997388721E-1,1.773891214E2,1.885396229E-1,-7.687466834E-2,1.773889908E2
1.851520211E2,2.277695468E-2,7.102490054E-4,1.629489241E-3,9.997389913E-1,1.773897275E2,1.885312696E-1,-7.711427789E-2,1.773895965E2
1.851570211E2,2.277420731E-2,7.135988562E-4,1.629856764E-3,9.997390509E-1,1.773900424E2,1.885819054E-1,-7.749760142E-2,1.773899108E2
1.851620211E2,2.277685972E-2,7.111721206E-4,1.630413695E-3,9.997389913E-1,1.773897384E2,1.886395794E-1,-7.721763647E-2,1.773896072E2
1.851670211E2,2.277405294E-2,7.129945443E-4,1.632276573E-3,9.997390509E-1,1.773900601E2,1.888575344E-1,-7.742208420E-2,1.773899284E2
1.851720211E2,2.276895680E-2,7.171919569E-4,1.628514961E-3,9.997391701E-1,1.773906443E2,1.884371550E-1,-7.791372474E-2,1.773905120E2
1.851770211E2,2.277445408E-2,7.131589809E-4,1.626597950E-3,9.997390509E-1,1.773900141E2,1.882074399E-1,-7.745566718E-2,1.773898828E2
1.851820211E2,2.277696305E-2,7.108543650E-4,1.629108214E-3,9.997389913E-1,1.773897266E2,1.884891992E-1,-7.718462189E-2,1.773895955E2
1.851870211E2,2.277706831E-2,7.107983693E-4,1.627660356E-3,9.997389913E-1,1.773897145E2,1.883231917E-1,-7.718196627E-2,1.773895835E2
1.851920211E2,2.277440734E-2,7.128582220E-4,1.627383986E-3,9.997390509E-1,1.773900195E2,1.882967012E-1,-7.741916905E-2,1.773898882E2
1.851970211E2,2.277185154E-2,7.145973505E-4,1.625769073E-3,9.997391105E-1,1.773903125E2,1.881160344E-1,-7.762310223E-2,1.773901809E2
1.852020211E2,2.277438346E-2,7.129358128E-4,1.627684222E-3,9.997390509E-1,1.773900222E2,1.883312975E-1,-7.742727890E-2,1.773898909E2
1.852070211E2,2.276892813E-2,7.169193123E-4,1.629035687E-3,9.997391701E-1,1.773906475E2,1.884960967E-1,-7.788113679E-2,1.773905153E2
1.852120211E2,2.276630047E-2,7.192549529E-4,1.628151047E-3,9.997392297E-1,1.773909487E2,1.884006400E-1,-7.815151522E-2,1.773908161E2
1.852170211E2,2.276639377E-2,7.190383621E-4,1.626941725E-3,9.997392297E-1,1.773909380E2,1.882615396E-1,-7.812983973E-2,1.773908055E2
1.852220211E2,2.276885992E-2,7.167351432E-4,1.630069804E-3,9.997391701E-1,1.773906554E2,1.886140814E-1,-7.785735265E-2,1.773905231E2
1.852270211E2,2.275804834E-2,7.243608707E-4,1.631454332E-3,9.997394085E-1,1.773918946E2,1.887917438E-1,-7.872939816E-2,1.773917607E2
1.852320211E2,2.275833384E-2,7.230765186E-4,1.628037891E-3,9.997394085E-1,1.773918619E2,1.883970217E-1,-7.859111689E-2,1.773917285E2
1.852370211E2,2.276387009E-2,7.205110742E-4,1.624975353E-3,9.997392893E-1,1.773912273E2,1.880399130E-1,-7.830416104E-2,1.773910947E2
1.852420211E2,2.276385018E-2,7.209638716E-4,1.625053352E-3,9.997392893E-1,1.773912296E2,1.880500284E-1,-7.835583457E-2,1.773910969E2
1.852470211E2,2.275062060E-2,7.287641638E-4,1.623495133E-3,9.997395873E-1,1.773927460E2,1.878908173E-1,-7.925600082E-2,1.773926119E2
1.852520211E2,2.275355053E-2,7.268612972E-4,1.619987772E-3,9.997395277E-1,1.773924101E2,1.874842767E-1,-7.904659987E-2,1.773922767E2
1.852570211E2,2.276142751E-2,7.211043267E-4,1.622254727E-3,9.997393489E-1,1.773915073E2,1.877295887E-1,-7.837968099E-2,1.773913747E2
1.852620211E2,2.276411185E-2,7.195203216E-4,1.622024807E-3,9.997392893E-1,1.773911996E2,1.876993264E-1,-7.819831036E-2,1.773910674E2
1.852670211E2,2.275630649E-2,7.245655288E-4,1.619088463E-3,9.997394681E-1,1.773920942E2,1.873754804E-1,-7.878542102E-2,1.773919613E2
1.852720211E2,2.275902739E-2,7.232043426E-4,1.618256327E-3,9.997394085E-1,1.773917824E2,1.872768130E-1,-7.863114152E-2,1.773916498E2
1.852770211E2,2.275877097E-2,7.245108136E-4,1.621275442E-3,9.997394085E-1,1.773918118E2,1.876260767E-1,-7.877298699E-2,1.773916787E2
1.852820211E2,2.275578222E-2,7.247788599E-4,1.626345213E-3,9.997394681E-1,1.773921543E2,1.882073440E-1,-7.879103502E-2,1.773920208E2
1.852870211E2,2.276136566E-2,7.226358284E-4,1.622440992E-3,9.997393489E-1,1.773915144E2,1.877549178E-1,-7.855465826E-2,1.773913815E2
1.852920211E2,2.275864974E-2,7.228816976E-4,1.623702585E-3,9.997394085E-1,1.773918257E2,1.878998765E-1,-7.858004517E-2,1.773916927E2
1.852970211E2,2.275827671E-2,7.230165065E-4,1.628862927E-3,9.997394085E-1,1.773918684E2,1.884913784E-1,-7.858210083E-2,1.773917350E2
1.853020211E2,2.276132882E-2,7.224231958E-4,1.623052522E-3,9.997393489E-1,1.773915186E2,1.878244184E-1,-7.852871051E-2,1.773913857E2
1.853070211E2,2.275610808E-2,7.261108840E-4,1.621183474E-3,9.997394681E-1,1.773921170E2,1.876195039E-1,-7.895703345E-2,1.773919836E2
1.853120211E2,2.276177681E-2,7.226464222E-4,1.616657944E-3,9.997393489E-1,1.773914672E2,1.870924597E-1,-7.857087944E-2,1.773913349E2
1.853170211E2,2.276694384E-2,7.172424230E-4,1.620022231E-3,9.997392297E-1,1.773908750E2,1.874641848E-1,-7.794204346E-2,1.773907434E2
1.853220211E2,2.276696892E-2,7.186587318E-4,1.619041781E-3,9.997392297E-1,1.773908721E2,1.873555600E-1,-7.810685157E-2,1.773907403E2
1.853270211E2,2.276198354E-2,7.219077088E-4,1.614075154E-3,9.997393489E-1,1.773914435E2,1.867946590E-1,-7.849294958E-2,1.773913115E2
1.853320211E2,2.276195508E-2,7.215879741E-4,1.614619396E-3,9.997393489E-1,1.773914468E2,1.868561721E-1,-7.845490590E-2,1.773913148E2
1.853370211E2,2.276702527E-2,7.183839916E-4,1.618371229E-3,9.997392297E-1,1.773908656E2,1.872780276E-1,-7.807711580E-2,1.773907340E2
1.853420211E2,2.276454595E-2,7.199068787E-4,1.615748857E-3,9.997392893E-1,1.773911498E2,1.869813829E-1,-7.825888596E-2,1.773910180E2
1.853470211E2,2.276200190E-2,7.223734283E-4,1.613607863E-3,9.997393489E-1,1.773914414E2,1.867423415E-1,-7.854751870E-2,1.773913093E2
1.853520211E2,2.276677523E-2,7.176008658E-4,1.622231561E-3,9.997392297E-1,1.773908943E2,1.877182124E-1,-7.797737472E-2,1.773907625E2
1.853570211E2,2.276385084E-2,7.206081063E-4,1.625201898E-3,9.997392893E-1,1.773912295E2,1.880661180E-1,-7.831468985E-2,1.773910968E2
1.853620211E2,2.276149193E-2,7.223305875E-4,1.620804658E-3,9.997393489E-1,1.773914999E2,1.875666697E-1,-7.852393384E-2,1.773913672E2
1.853670211E2,2.276699064E-2,7.175494684E-4,1.619228395E-3,9.997392297E-1,1.773908696E2,1.873740461E-1,-7.797928149E-2,1.773907380E2
1.853720211E2,2.276665042E-2,7.186636794E-4,1.623512129E-3,9.997392297E-1,1.773909086E2,1.878676804E-1,-7.809581492E-2,1.773907765E2
1.853770211E2,2.276149287E-2,7.220103871E-4,1.620934112E-3,9.997393489E-1,1.773914998E2,1.875806649E-1,-7.848691328E-2,1.773913672E2
1.853820211E2,2.276195244E-2,7.214386715E-4,1.614723355E-3,9.997393489E-1,1.773914471E2,1.868676922E-1,-7.843753085E-2,1.773913151E2
1.853870211E2,2.276738973E-2,7.176693762E-4,1.613553963E-3,9.997392297E-1,1.773908239E2,1.867243154E-1,-7.800774861E-2,1.773906927E2
1.853920211E2,2.277269550E-2,7.134217885E-4,1.614424400E-3,9.997391105E-1,1.773902157E2,1.868133625E-1,-7.751787516E-2,1.773900853E2
1.853970211E2,2.277252634E-2,7.152482867E-4,1.616001595E-3,9.997391105E-1,1.773902351E2,1.869988031E-1,-7.772303756E-2,1.773901042E2
1.854020211E2,2.277053247E-2,7.152165635E-4,1.607213402E-3,9.997391701E-1,1.773904636E2,1.859917718E-1,-7.774270856E-2,1.773903334E2
1.854070211E2,2.277812428E-2,7.098013884E-4,1.613254310E-3,9.997389913E-1,1.773895935E2,1.866702842E-1,-7.710515586E-2,1.773894638E2
1.854120211E2,2.277516089E-2,7.118562935E-4,1.617245260E-3,9.997390509E-1,1.773899331E2,1.871326309E-1,-7.733070632E-2,1.773898028E2
1.854170211E2,2.277510616E-2,7.119383081E-4,1.617979724E-3,9.997390509E-1,1.773899394E2,1.872169825E-1,-7.733819537E-2,1.773898090E2
1.854220211E2,2.277809590E-2,7.101023220E-4,1.613522647E-3,9.997389913E-1,1.773895967E2,1.867018089E-1,-7.713893618E-2,1.773894670E2
1.854270211E2,2.278598949E-2,7.048487314E-4,1.615165384E-3,9.997388124E-1,1.773886919E2,1.868768936E-1,-7.653131237E-2,1.773885631E2
1.854320211E2,2.279393253E-2,7.000805927E-4,1.615843270E-3,9.997386336E-1,1.773877815E2,1.869427055E-1,-7.598181103E-2,1.773876535E2
1.854370211E2,2.278866257E-2,7.040406344E-4,1.614698442E-3,9.997387528E-1,1.773883855E2,1.868214938E-1,-7.643945519E-2,1.773882569E2
1.854420211E2,2.279424051E-2,7.004230283E-4,1.611344051E-3,9.997386336E-1,1.773877462E2,1.864281839E-1,-7.603273611E-2,1.773876185E2
1.854470211E2,2.279895492E-2,6.969272508E-4,1.620100462E-3,9.997385144E-1,1.773872058E2,1.874225601E-1,-7.560849711E-2,1.773870781E2
1.854520211E2,2.278816846E-2,7.031189161E-4,1.622056705E-3,9.997387528E-1,1.773884422E2,1.876620263E-1,-7.631473810E-2,1.773883131E2
1.854570211E2,2.278315513E-2,7.066881517E-4,1.617449801E-3,9.997388721E-1,1.773890168E2,1.871431872E-1,-7.673660490E-2,1.773888874E2
1.854620211E2,2.278811906E-2,7.026735111E-4,1.622943557E-3,9.997387528E-1,1.773884478E2,1.877624588E-1,-7.626140505E-2,1.773883188E2
1.854670211E2,2.278248245E-2,7.070871652E-4,1.626723912E-3,9.997388721E-1,1.773890939E2,1.882066384E-1,-7.675822950E-2,1.773889637E2
1.854720211E2,2.277451320E-2,7.131443126E-4,1.625776407E-3,9.997390509E-1,1.773900074E2,1.881132886E-1,-7.745611976E-2,1.773898761E2
1.854770211E2,2.279013974E-2,7.020297344E-4,1.631541876E-3,9.997386932E-1,1.773882162E2,1.887459723E-1,-7.616481726E-2,1.773880867E2
1.854820211E2,2.279270118E-2,7.009158726E-4,1.632762142E-3,9.997386336E-1,1.773879226E2,1.888830538E-1,-7.603354051E-2,1.773877932E2
1.854870211E2,2.278475391E-2,7.052479777E-4,1.632330357E-3,9.997388124E-1,1.773888336E2,1.888442959E-1,-7.653246264E-2,1.773887033E2
1.854920211E2,2.278233267E-2,7.070371066E-4,1.628842088E-3,9.997388721E-1,1.773891111E2,1.884491588E-1,-7.674699277E-2,1.773889808E2
1.854970211E2,2.277707851E-2,7.104348042E-4,1.627676305E-3,9.997389913E-1,1.773897133E2,1.883240705E-1,-7.714027208E-2,1.773895824E2
1.855020211E2,2.278491080E-2,7.050756831E-4,1.630213461E-3,9.997388124E-1,1.773888156E2,1.886013420E-1,-7.651822205E-2,1.773886855E2
1.855070211E2,2.278773058E-2,7.028548280E-4,1.628310885E-3,9.997387528E-1,1.773884924E2,1.883777948E-1,-7.626823365E-2,1.773883629E2
1.855120211E2,2.278270790E-2,7.063703961E-4,1.623875345E-3,9.997388721E-1,1.773890681E2,1.878784465E-1,-7.668350993E-2,1.773889383E2
1.855170211E2,2.279065989E-2,7.023597718E-4,1.624117140E-3,9.997386932E-1,1.773881566E2,1.878962812E-1,-7.622192025E-2,1.773880275E2
1.855220211E2,2.278773914E-2,7.041044300E-4,1.627651043E-3,9.997387528E-1,1.773884914E2,1.883054661E-1,-7.641311166E-2,1.773883617E2
1.855270211E2,2.277399842E-2,7.125575794E-4,1.633227803E-3,9.997390509E-1,1.773900664E2,1.889653645E-1,-7.736955249E-2,1.773899346E2
1.855320211E2,2.276614624E-2,7.180207758E-4,1.630850136E-3,9.997392297E-1,1.773909664E2,1.887066210E-1,-7.800311306E-2,1.773908338E2
1.855370211E2,2.277178614E-2,7.152200560E-4,1.626411104E-3,9.997391105E-1,1.773903199E2,1.881912068E-1,-7.769277731E-2,1.773901882E2
1.855420211E2,2.276920483E-2,7.161668618E-4,1.625495381E-3,9.997391701E-1,1.773906158E2,1.880885698E-1,-7.780412030E-2,1.773904840E2
1.855470211E2,2.276365086E-2,7.203990244E-4,1.628093072E-3,9.997392893E-1,1.773912524E2,1.883967759E-1,-7.828323260E-2,1.773911196E2
1.855520211E2,2.275823125E-2,7.247278700E-4,1.628737547E-3,9.997394085E-1,1.773918736E2,1.884814749E-1,-7.877849318E-2,1.773917399E2
1.855570211E2,2.275575169E-2,7.250995259E-4,1.626629499E-3,9.997394681E-1,1.773921578E2,1.882407463E-1,-7.882703548E-2,1.773920242E2
1.855620211E2,2.275809388E-2,7.233462529E-4,1.631269231E-3,9.997394085E-1,1.773918894E2,1.887678955E-1,-7.861363593E-2,1.773917557E2
1.855670211E2,2.275283256E-2,7.270810311E-4,1.629942679E-3,9.997395277E-1,1.773924924E2,1.886252482E-1,-7.904595099E-2,1.773923582E2
1.855720211E2,2.276059938E-2,7.229942712E-4,1.632997068E-3,9.997393489E-1,1.773916022E2,1.889651189E-1,-7.856833248E-2,1.773914685E2
1.855770211E2,2.275783449E-2,7.246177411E-4,1.634320826E-3,9.997394085E-1,1.773919191E2,1.891207886E-1,-7.875139027E-2,1.773917850E2
1.855820211E2,2.276063203E-2,7.221818087E-4,1.632901491E-3,9.997393489E-1,1.773915984E2,1.889520526E-1,-7.847549848E-2,1.773914649E2
1.855870211E2,2.276345817E-2,7.203838322E-4,1.630791696E-3,9.997392893E-1,1.773912745E2,1.887058812E-1,-7.827448873E-2,1.773911415E2
1.855920211E2,2.276886264E-2,7.160058594E-4,1.630352228E-3,9.997391701E-1,1.773906550E2,1.886445336E-1,-7.777306722E-2,1.773905229E2
1.855970211E2,2.276876920E-2,7.162389229E-4,1.631554333E-3,9.997391701E-1,1.773906658E2,1.887828501E-1,-7.779664841E-2,1.773905334E2
1.856020211E2,2.276898201E-2,7.165380521E-4,1.628450234E-3,9.997391701E-1,1.773906414E2,1.884280353E-1,-7.783897641E-2,1.773905092E2
1.856070211E2,2.276912920E-2,7.156311185E-4,1.626790152E-3,9.997391701E-1,1.773906245E2,1.882354976E-1,-7.773938043E-2,1.773904927E2
1.856120211E2,2.276650117E-2,7.182385889E-4,1.625791658E-3,9.997392297E-1,1.773909257E2,1.881277071E-1,-7.804119661E-2,1.773907935E2
1.856170211E2,2.276380746E-2,7.200329565E-4,1.626064186E-3,9.997392893E-1,1.773912345E2,1.881633997E-1,-7.824655841E-2,1.773911019E2
1.856220211E2,2.276119256E-2,7.222740678E-4,1.625028555E-3,9.997393489E-1,1.773915342E2,1.880503972E-1,-7.850649750E-2,1.773914012E2
1.856270211E2,2.276129678E-2,7.212610217E-4,1.624018303E-3,9.997393489E-1,1.773915223E2,1.879320261E-1,-7.839305670E-2,1.773913896E2
1.856320211E2,2.276180571E-2,7.217760431E-4,1.616639900E-3,9.997393489E-1,1.773914639E2,1.870881242E-1,-7.847120895E-2,1.773913317E2
1.856370211E2,2.276149145E-2,7.212603814E-4,1.621287898E-3,9.997393489E-1,1.773914999E2,1.876192388E-1,-7.840006877E-2,1.773913675E2
1.856420211E2,2.275604973E-2,7.249712362E-4,1.622512005E-3,9.997394681E-1,1.773921237E2,1.877687264E-1,-7.882301983E-2,1.773919904E2
1.856470211E2,2.275870069E-2,7.246245514E-4,1.622210839E-3,9.997394085E-1,1.773918198E2,1.877335289E-1,-7.878359058E-2,1.773916866E2
1.856520211E2,2.276410664E-2,7.196825463E-4,1.622025971E-3,9.997392893E-1,1.773912002E2,1.876998826E-1,-7.821689305E-2,1.773910680E2
1.856570211E2,2.275855313E-2,7.236019592E-4,1.624735538E-3,9.997394085E-1,1.773918367E2,1.880200849E-1,-7.865988374E-2,1.773917035E2
1.856620211E2,2.276406170E-2,7.203211426E-4,1.622373238E-3,9.997392893E-1,1.773912053E2,1.877413287E-1,-7.828915426E-2,1.773910730E2
1.856670211E2,2.277470998E-2,7.123125833E-4,1.623382675E-3,9.997390509E-1,1.773899848E2,1.878369020E-1,-7.736704588E-2,1.773898539E2
1.856720211E2,2.277938325E-2,7.090025465E-4,1.632649917E-3,9.997389317E-1,1.773894492E2,1.888902963E-1,-7.696277266E-2,1.773893182E2
1.856770211E2,2.277693422E-2,7.114678738E-4,1.629243488E-3,9.997389913E-1,1.773897299E2,1.885062959E-1,-7.725455884E-2,1.773895987E2
1.856820211E2,2.277434422E-2,7.126042037E-4,1.628378290E-3,9.997390509E-1,1.773900267E2,1.884099427E-1,-7.738748516E-2,1.773898954E2
1.856870211E2,2.278004930E-2,7.089213468E-4,1.623365562E-3,9.997389317E-1,1.773893728E2,1.878265009E-1,-7.697758158E-2,1.773892425E2
1.856920211E2,2.278254600E-2,7.075823960E-4,1.625618199E-3,9.997388721E-1,1.773890866E2,1.880812636E-1,-7.681783883E-2,1.773889565E2
1.856970211E2,2.277475886E-2,7.119614165E-4,1.622850890E-3,9.997390509E-1,1.773899792E2,1.877750668E-1,-7.732819435E-2,1.773898484E2
1.857020211E2,2.276937279E-2,7.169054006E-4,1.622814918E-3,9.997391701E-1,1.773905966E2,1.877834308E-1,-7.789569115E-2,1.773904648E2
1.857070211E2,2.277185004E-2,7.149727899E-4,1.625624951E-3,9.997391105E-1,1.773903126E2,1.881005032E-1,-7.766648959E-2,1.773901810E2
1.857120211E2,2.277451344E-2,7.131436723E-4,1.625773381E-3,9.997390509E-1,1.773900073E2,1.881129402E-1,-7.745605427E-2,1.773898761E2
1.857170211E2,2.277179158E-2,7.154102204E-4,1.626251382E-3,9.997391105E-1,1.773903193E2,1.881734055E-1,-7.771497866E-2,1.773901876E2
1.857220211E2,2.276955550E-2,7.158165099E-4,1.620730618E-3,9.997391701E-1,1.773905756E2,1.875418217E-1,-7.777635027E-2,1.773904442E2
1.857270211E2,2.277217512E-2,7.142012473E-4,1.621404896E-3,9.997391105E-1,1.773902754E2,1.876150565E-1,-7.758905200E-2,1.773901442E2
1.857320211E2,2.276925571E-2,7.160372334E-4,1.624839613E-3,9.997391701E-1,1.773906100E2,1.880131094E-1,-7.779097137E-2,1.773904782E2
1.857370211E2,2.276415706E-2,7.192891208E-4,1.621492789E-3,9.997392893E-1,1.773911944E2,1.876377776E-1,-7.817320299E-2,1.773910623E2
1.857420211E2,2.276441232E-2,7.206436712E-4,1.617302303E-3,9.997392893E-1,1.773911651E2,1.871612608E-1,-7.833926664E-2,1.773910331E2
1.857470211E2,2.276988329E-2,7.160059758E-4,1.616035006E-3,9.997391701E-1,1.773905381E2,1.870044026E-1,-7.781024692E-2,1.773904070E2
1.857520211E2,2.276693148E-2,7.187386509E-4,1.619532704E-3,9.997392297E-1,1.773908764E2,1.874120068E-1,-7.811473342E-2,1.773907445E2
1.857570211E2,2.275624730E-2,7.248886395E-4,1.619775663E-3,9.997394681E-1,1.773921010E2,1.874550455E-1,-7.882065616E-2,1.773919680E2
1.857620211E2,2.275900352E-2,7.244978915E-4,1.618013484E-3,9.997394085E-1,1.773917851E2,1.872523646E-1,-7.877997057E-2,1.773916523E2
1.857670211E2,2.275339813E-2,7.279309211E-4,1.621647156E-3,9.997395277E-1,1.773924276E2,1.876771565E-1,-7.916483964E-2,1.773922938E2
1.857720211E2,2.274548494E-2,7.323955651E-4,1.620409312E-3,9.997397065E-1,1.773933346E2,1.875463584E-1,-7.968102925E-2,1.773932001E2
1.857770211E2,2.275340158E-2,7.274877862E-4,1.621797681E-3,9.997395277E-1,1.773924272E2,1.876932457E-1,-7.911368018E-2,1.773922935E2
1.857820211E2,2.276398014E-2,7.208230090E-4,1.623294433E-3,9.997392893E-1,1.773912147E2,1.878481657E-1,-7.834426115E-2,1.773910821E2
1.857870211E2,2.276393190E-2,7.198901149E-4,1.624384546E-3,9.997392893E-1,1.773912202E2,1.879706136E-1,-7.823455248E-2,1.773910878E2
1.857920211E2,2.275580883E-2,7.261449937E-4,1.625363249E-3,9.997394681E-1,1.773921513E2,1.880984132E-1,-7.895009742E-2,1.773920176E2
1.857970211E2,2.275292388E-2,7.281154976E-4,1.628205180E-3,9.997395277E-1,1.773924820E2,1.884289015E-1,-7.916897448E-2,1.773923476E2
1.858020211E2,2.275279343E-2,7.272207295E-4,1.630426501E-3,9.997395277E-1,1.773924969E2,1.886810371E-1,-7.906070094E-2,1.773923626E2
1.858070211E2,2.275224491E-2,7.280837162E-4,1.637679874E-3,9.997395277E-1,1.773925598E2,1.895142059E-1,-7.914075764E-2,1.773924247E2
1.858120211E2,2.274428681E-2,7.326766499E-4,1.637014677E-3,9.997397065E-1,1.773934720E2,1.894493419E-1,-7.967017466E-2,1.773933360E2
1.858170211E2,2.274159209E-2,7.360848249E-4,1.636522124E-3,9.997397661E-1,1.773937808E2,1.894015823E-1,-8.006241558E-2,1.773936443E2
1.858220211E2,2.274426627E-2,7.336803246E-4,1.636850531E-3,9.997397065E-1,1.773934743E2,1.894331517E-1,-7.978558914E-2,1.773933382E2
1.858270211E2,2.273880164E-2,7.375089335E-4,1.638242626E-3,9.997398257E-1,1.773941007E2,1.896021746E-1,-8.022160936E-2,1.773939637E2
1.858320211E2,2.273874823E-2,7.365140482E-4,1.639431110E-3,9.997398257E-1,1.773941068E2,1.897357329E-1,-8.010454668E-2,1.773939700E2
1.858370211E2,2.274153391E-2,7.348857471E-4,1.637869049E-3,9.997397661E-1,1.773937875E2,1.895527590E-1,-7.992154784E-2,1.773936511E2
1.858420211E2,2.274138935E-2,7.361345342E-4,1.639314811E-3,9.997397661E-1,1.773938041E2,1.897216319E-1,-8.006087072E-2,1.773936673E2
1.858470211E2,2.273890315E-2,7.369844825E-4,1.637069276E-3,9.997398257E-1,1.773940890E2,1.894663945E-1,-8.016456561E-2,1.773939523E2
1.858520211E2,2.273633032E-2,7.391109830E-4,1.635444467E-3,9.997398853E-1,1.773943839E2,1.892855878E-1,-8.041290242E-2,1.773942469E2
1.858570211E2,2.273632421E-2,7.393101114E-4,1.635439345E-3,9.997398853E-1,1.773943846E2,1.892855194E-1,-8.043572943E-2,1.773942476E2
1.858620211E2,2.273904426E-2,7.371658576E-4,1.635026303E-3,9.997398257E-1,1.773940729E2,1.892328311E-1,-8.019064118E-2,1.773939362E2
1.858670211E2,2.273360852E-2,7.414926076E-4,1.635767170E-3,9.997399449E-1,1.773946959E2,1.893285438E-1,-8.068542026E-2,1.773945584E2
1.858720211E2,2.273615531E-2,7.382740732E-4,1.638252987E-3,9.997398853E-1,1.773944040E2,1.896051430E-1,-8.030974003E-2,1.773942669E2
1.858770211E2,2.273625070E-2,7.390314131E-4,1.636586851E-3,9.997398853E-1,1.773943931E2,1.894162480E-1,-8.040082531E-2,1.773942560E2
1.858820211E2,2.273124964E-2,7.423934294E-4,1.631706255E-3,9.997400045E-1,1.773949663E2,1.888654729E-1,-8.079964524E-2,1.773948289E2
1.858870211E2,2.273151128E-2,7.426667726E-4,1.627932535E-3,9.997400045E-1,1.773949363E2,1.884338806E-1,-8.084074097E-2,1.773947992E2
1.858920211E2,2.273157740E-2,7.429979742E-4,1.626857789E-3,9.997400045E-1,1.773949287E2,1.883116236E-1,-8.088147127E-2,1.773947916E2
1.858970211E2,2.272901550E-2,7.444252842E-4,1.625370933E-3,9.997400641E-1,1.773952224E2,1.881447969E-1,-8.104934188E-2,1.773950851E2
1.859020211E2,2.272073365E-2,7.493014564E-4,1.628932077E-3,9.997402430E-1,1.773961716E2,1.885647957E-1,-8.160025142E-2,1.773960332E2
1.859070211E2,2.272108040E-2,7.490708958E-4,1.624194672E-3,9.997402430E-1,1.773961319E2,1.880214960E-1,-8.158610777E-2,1.773959939E2
1.859120211E2,2.272142586E-2,7.493048906E-4,1.619246555E-3,9.997402430E-1,1.773960923E2,1.874552663E-1,-8.162573371E-2,1.773959546E2
1.859170211E2,2.272127320E-2,7.501969230E-4,1.620974741E-3,9.997402430E-1,1.773961098E2,1.876555615E-1,-8.172345535E-2,1.773959718E2
1.859220211E2,2.271616803E-2,7.534075994E-4,1.617510570E-3,9.997403622E-1,1.773966950E2,1.872666401E-1,-8.210125267E-2,1.773965566E2
1.859270211E2,2.271909736E-2,7.508755079E-4,1.614383189E-3,9.997403026E-1,1.773963592E2,1.869020078E-1,-8.181876520E-2,1.773962216E2
1.859320211E2,2.272447246E-2,7.474916056E-4,1.614123932E-3,9.997401834E-1,1.773957431E2,1.868639335E-1,-8.143076940E-2,1.773956062E2
1.859370211E2,2.272947147E-2,7.441170746E-4,1.619123737E-3,9.997400641E-1,1.773951701E2,1.874283386E-1,-8.103021938E-2,1.773950334E2
1.859420211E2,2.272669448E-2,7.464171504E-4,1.620242605E-3,9.997401237E-1,1.773954884E2,1.875622844E-1,-8.129132687E-2,1.773953512E2
1.859470211E2,2.272926543E-2,7.433024584E-4,1.622386975E-3,9.997400641E-1,1.773951937E2,1.878000435E-1,-8.092843425E-2,1.773950569E2
1.859520211E2,2.272934340E-2,7.442780770E-4,1.620846684E-3,9.997400641E-1,1.773951848E2,1.876261321E-1,-8.104420030E-2,1.773950479E2
1.859570211E2,2.272636763E-2,7.464027149E-4,1.624827390E-3,9.997401237E-1,1.773955259E2,1.880874632E-1,-8.127779386E-2,1.773953883E2
1.859620211E2,2.272649701E-2,7.455005543E-4,1.623431337E-3,9.997401237E-1,1.773955110E2,1.879251891E-1,-8.117805225E-2,1.773953738E2
1.859670211E2,2.273170744E-2,7.424872019E-4,1.625273144E-3,9.997400045E-1,1.773949138E2,1.881287630E-1,-8.082705978E-2,1.773947770E2
1.859720211E2,2.272611435E-2,7.452395512E-4,1.628898783E-3,9.997401237E-1,1.773955549E2,1.885508408E-1,-8.113398397E-2,1.773954172E2
1.859770211E2,2.272339030E-2,7.472807192E-4,1.629384351E-3,9.997401834E-1,1.773958671E2,1.886115633E-1,-8.136707324E-2,1.773957290E2
1.859820211E2,2.272071177E-2,7.494194433E-4,1.629182952E-3,9.997402430E-1,1.773961742E2,1.885938419E-1,-8.161311914E-2,1.773960356E2
1.859870211E2,2.272084596E-2,7.488111150E-4,1.627590507E-3,9.997402430E-1,1.773961588E2,1.884098347E-1,-8.154754896E-2,1.773960205E2
1.859920211E2,2.272333843E-2,7.473453297E-4,1.630077953E-3,9.997401834E-1,1.773958731E2,1.886911880E-1,-8.137267875E-2,1.773957349E2
1.859970211E2,2.272315318E-2,7.474509184E-4,1.632609987E-3,9.997401834E-1,1.773958943E2,1.889815232E-1,-8.137821668E-2,1.773957559E2
1.860020211E2,2.271504860E-2,7.526714471E-4,1.633495092E-3,9.997403622E-1,1.773968233E2,1.890958542E-1,-8.197551814E-2,1.773966838E2
1.860070211E2,2.272563890E-2,7.468330441E-4,1.634791726E-3,9.997401237E-1,1.773956094E2,1.892300611E-1,-8.130128006E-2,1.773954709E2
1.860120211E2,2.273392949E-2,7.406308432E-4,1.631691586E-3,9.997399449E-1,1.773946591E2,1.888594165E-1,-8.059725213E-2,1.773945221E2
1.860170211E2,2.273692234E-2,7.393503329E-4,1.627084333E-3,9.997398853E-1,1.773943161E2,1.883285041E-1,-8.046199385E-2,1.773941797E2
1.860220211E2,2.272392583E-2,7.470537093E-4,1.622003154E-3,9.997401834E-1,1.773958058E2,1.877654095E-1,-8.136018700E-2,1.773956683E2
1.860270211E2,2.272944826E-2,7.436189335E-4,1.619678340E-3,9.997400641E-1,1.773951728E2,1.874905755E-1,-8.097171117E-2,1.773950361E2
1.860320211E2,2.273990912E-2,7.371617248E-4,1.622955315E-3,9.997398257E-1,1.773939737E2,1.878500112E-1,-8.022146032E-2,1.773938381E2
1.860370211E2,2.273730261E-2,7.378004957E-4,1.622467418E-3,9.997398853E-1,1.773942725E2,1.877955722E-1,-8.029640011E-2,1.773941368E2
1.860420211E2,2.274525699E-2,7.325376500E-4,1.623541699E-3,9.997397065E-1,1.773933608E2,1.879055636E-1,-7.968918478E-2,1.773932259E2
1.860470211E2,2.275081350E-2,7.285100874E-4,1.620903844E-3,9.997395873E-1,1.773927239E2,1.875933066E-1,-7.923361310E-2,1.773925900E2
1.860520211E2,2.274539033E-2,7.334531401E-4,1.621258794E-3,9.997397065E-1,1.773933455E2,1.876464264E-1,-7.979999044E-2,1.773932107E2
1.860570211E2,2.274286489E-2,7.348657819E-4,1.619291608E-3,9.997397661E-1,1.773936349E2,1.874245418E-1,-7.996742625E-2,1.773935000E2
1.860620211E2,2.274828673E-2,7.315239636E-4,1.618244918E-3,9.997396469E-1,1.773930135E2,1.872963518E-1,-7.958629379E-2,1.773928793E2
1.860670211E2,2.275909877E-2,7.232891512E-4,1.617214293E-3,9.997394085E-1,1.773917742E2,1.871576622E-1,-7.864356173E-2,1.773916417E2
1.860720211E2,2.275616009E-2,7.259991253E-4,1.620503259E-3,9.997394681E-1,1.773921110E2,1.875412897E-1,-7.894599428E-2,1.773919777E2
1.860770211E2,2.274829895E-2,7.314798422E-4,1.618093112E-3,9.997396469E-1,1.773930121E2,1.872788465E-1,-7.958163262E-2,1.773928779E2
1.860820211E2,2.275107513E-2,7.293369854E-4,1.616854803E-3,9.997395873E-1,1.773926939E2,1.871316167E-1,-7.933885164E-2,1.773925602E2
1.860870211E2,2.274526392E-2,7.320750155E-4,1.623653341E-3,9.997397065E-1,1.773933600E2,1.879171482E-1,-7.963589224E-2,1.773932252E2
1.860920211E2,2.274790747E-2,7.308086497E-4,1.623889664E-3,9.997396469E-1,1.773930570E2,1.879411308E-1,-7.948970216E-2,1.773929224E2
1.860970211E2,2.275583800E-2,7.265197928E-4,1.624787226E-3,9.997394681E-1,1.773921479E2,1.880334026E-1,-7.899453171E-2,1.773920142E2
1.861020211E2,2.275273872E-2,7.282709121E-4,1.630721265E-3,9.997395277E-1,1.773925032E2,1.887175400E-1,-7.918025347E-2,1.773923686E2
1.861070211E2,2.274734645E-2,7.315936382E-4,1.631377731E-3,9.997396469E-1,1.773931213E2,1.888009816E-1,-7.956021747E-2,1.773929860E2
1.861120211E2,2.274209840E-2,7.358056610E-4,1.629597158E-3,9.997397661E-1,1.773937228E2,1.886075563E-1,-8.004838593E-2,1.773935869E2
1.861170211E2,2.274511282E-2,7.332880632E-4,1.625221921E-3,9.997397065E-1,1.773933773E2,1.880999982E-1,-7.977080098E-2,1.773932422E2
1.861220211E2,2.273707720E-2,7.380205207E-4,1.625523320E-3,9.997398853E-1,1.773942983E2,1.881462182E-1,-8.031368639E-2,1.773941623E2
1.861270211E2,2.273972285E-2,7.374983979E-4,1.625410398E-3,9.997398257E-1,1.773939951E2,1.881321333E-1,-8.025366745E-2,1.773938592E2
1.861320211E2,2.273172645E-2,7.429377874E-4,1.624801313E-3,9.997400045E-1,1.773949116E2,1.880758844E-1,-8.087990522E-2,1.773947747E2
1.861370211E2,2.273481238E-2,7.394822896E-4,1.619868446E-3,9.997399449E-1,1.773945579E2,1.875020104E-1,-8.049630849E-2,1.773944221E2
1.861420211E2,2.273731556E-2,7.381830947E-4,1.622111769E-3,9.997398853E-1,1.773942710E2,1.877558263E-1,-8.034115559E-2,1.773941352E2
1.861470211E2,2.273182085E-2,7.422207273E-4,1.623808057E-3,9.997400045E-1,1.773949008E2,1.879602343E-1,-8.080032719E-2,1.773947641E2
1.861520211E2,2.272623633E-2,7.462548092E-4,1.626730664E-3,9.997401237E-1,1.773955409E2,1.883051106E-1,-8.125591738E-2,1.773954032E2
1.861570211E2,2.273155249E-2,7.422977360E-4,1.627525431E-3,9.997400045E-1,1.773949316E2,1.883862838E-1,-8.079951621E-2,1.773947946E2
1.861620211E2,2.272631342E-2,7.468099939E-4,1.625398407E-3,9.997401237E-1,1.773955321E2,1.881539366E-1,-8.132297554E-2,1.773953944E2
1.861670211E2,2.272115759E-2,7.491254946E-4,1.623089309E-3,9.997402430E-1,1.773961231E2,1.878950116E-1,-8.159522633E-2,1.773959851E2
1.861720211E2,2.271568998E-2,7.538787322E-4,1.623991644E-3,9.997403622E-1,1.773967498E2,1.880103136E-1,-8.213844474E-2,1.773966108E2
1.861770211E2,2.271563351E-2,7.524347166E-4,1.625450561E-3,9.997403622E-1,1.773967562E2,1.881736863E-1,-8.196922844E-2,1.773966174E2
1.861820211E2,2.271815906E-2,7.518058410E-4,1.627104357E-3,9.997403026E-1,1.773964667E2,1.883617185E-1,-8.189240235E-2,1.773963280E2
1.861870211E2,2.271275280E-2,7.547905552E-4,1.627951628E-3,9.997404218E-1,1.773970864E2,1.884661105E-1,-8.223315007E-2,1.773969470E2
1.861920211E2,2.271276534E-2,7.556705386E-4,1.627368387E-3,9.997404218E-1,1.773970850E2,1.884015848E-1,-8.233547833E-2,1.773969454E2
1.861970211E2,2.271209020E-2,7.546958514E-4,1.637213514E-3,9.997404218E-1,1.773971624E2,1.895268719E-1,-8.219831908E-2,1.773970222E2
1.862020211E2,2.270924834E-2,7.571053575E-4,1.639124239E-3,9.997404814E-1,1.773974881E2,1.897518064E-1,-8.246992283E-2,1.773973473E2
1.862070211E2,2.270666893E-2,7.600299432E-4,1.637149602E-3,9.997405410E-1,1.773977838E2,1.895329858E-1,-8.281059672E-2,1.773976426E2
1.862120211E2,2.270938096E-2,7.570657181E-4,1.637304085E-3,9.997404814E-1,1.773974729E2,1.895431933E-1,-8.247009335E-2,1.773973323E2
1.862170211E2,2.271186759E-2,7.553991745E-4,1.639975002E-3,9.997404218E-1,1.773971879E2,1.898450466E-1,-8.227174788E-2,1.773970473E2
1.862220211E2,2.270879369E-2,7.573555340E-4,1.645295881E-3,9.997404814E-1,1.773975402E2,1.904594572E-1,-8.248260885E-2,1.773973989E2
1.862270211E2,2.270086855E-2,7.634848007E-4,1.643173629E-3,9.997406602E-1,1.773984486E2,1.902316202E-1,-8.319182004E-2,1.773983062E2
1.862320211E2,2.271160262E-2,7.549024303E-4,1.643868512E-3,9.997404218E-1,1.773972183E2,1.902897810E-1,-8.220475661E-2,1.773970775E2
1.862370211E2,2.271158037E-2,7.549353177E-4,1.644160831E-3,9.997404218E-1,1.773972208E2,1.903233535E-1,-8.220776766E-2,1.773970800E2
1.862420211E2,2.271134530E-2,7.561692619E-4,1.646838733E-3,9.997404218E-1,1.773972477E2,1.906333325E-1,-8.234220566E-2,1.773971065E2
1.862470211E2,2.270377020E-2,7.607516600E-4,1.640614355E-3,9.997406006E-1,1.773981160E2,1.899315535E-1,-8.288481289E-2,1.773979744E2
1.862520211E2,2.271461324E-2,7.546039997E-4,1.638649381E-3,9.997403622E-1,1.773968732E2,1.896913363E-1,-8.218358045E-2,1.773967329E2
1.862570211E2,2.271100255E-2,7.560111117E-4,1.651631203E-3,9.997404218E-1,1.773972870E2,1.911819287E-1,-8.231167998E-2,1.773971454E2
1.862620211E2,2.270291240E-2,7.619010867E-4,1.651912578E-3,9.997406006E-1,1.773982143E2,1.912288233E-1,-8.298726166E-2,1.773980715E2
1.862670211E2,2.270828302E-2,7.585994317E-4,1.651758444E-3,9.997404814E-1,1.773975988E2,1.912030183E-1,-8.260839171E-2,1.773974566E2
1.862720211E2,2.270558983E-2,7.590255700E-4,1.652509905E-3,9.997405410E-1,1.773979074E2,1.912899937E-1,-8.265577068E-2,1.773977652E2
1.862770211E2,2.270298114E-2,7.620180841E-4,1.650913619E-3,9.997406006E-1,1.773982065E2,1.911146903E-1,-8.300325097E-2,1.773980637E2
1.862820211E2,2.269528624E-2,7.659794646E-4,1.646591234E-3,9.997407794E-1,1.773990885E2,1.906291732E-1,-8.346978708E-2,1.773989453E2
1.862870211E2,2.269514204E-2,7.676325622E-4,1.647808473E-3,9.997407794E-1,1.773991050E2,1.907729107E-1,-8.365603077E-2,1.773989614E2
1.862920211E2,2.270564525E-2,7.601203397E-4,1.651244820E-3,9.997405410E-1,1.773979011E2,1.911479162E-1,-8.278447073E-2,1.773977587E2
1.862970211E2,2.270034679E-2,7.635841030E-4,1.650320133E-3,9.997406602E-1,1.773985084E2,1.910505549E-1,-8.318470456E-2,1.773983654E2
1.863020211E2,2.269270609E-2,7.679689443E-4,1.645035110E-3,9.997408390E-1,1.773993842E2,1.904558590E-1,-8.370224442E-2,1.773992408E2
1.863070211E2,2.268980763E-2,7.702820003E-4,1.647708588E-3,9.997408986E-1,1.773997164E2,1.907679112E-1,-8.396083314E-2,1.773995723E2
1.863120211E2,2.269550985E-2,7.668106118E-4,1.643118681E-3,9.997407794E-1,1.773990628E2,1.902335302E-1,-8.357399388E-2,1.773989198E2
1.863170211E2,2.269566711E-2,7.670790073E-4,1.640819712E-3,9.997407794E-1,1.773990448E2,1.899708663E-1,-8.361069120E-2,1.773989019E2
1.863220211E2,2.269303275E-2,7.677917019E-4,1.640605740E-3,9.997408390E-1,1.773993468E2,1.899479865E-1,-8.369339589E-2,1.773992038E2
1.863270211E2,2.270073631E-2,7.638266543E-4,1.644840813E-3,9.997406602E-1,1.773984638E2,1.904234950E-1,-8.322667149E-2,1.773983212E2
1.863320211E2,2.270353073E-2,7.603956037E-4,1.644089702E-3,9.997406006E-1,1.773981435E2,1.903287508E-1,-8.283502582E-2,1.773980016E2
1.863370211E2,2.269308862E-2,7.690716884E-4,1.639232738E-3,9.997408390E-1,1.773993403E2,1.897940260E-1,-8.384359358E-2,1.773991972E2
1.863420211E2,2.269317998E-2,7.686149329E-4,1.638181973E-3,9.997408390E-1,1.773993299E2,1.896724677E-1,-8.379398207E-2,1.773991869E2
1.863470211E2,2.269862792E-2,7.651470369E-4,1.637077890E-3,9.997407198E-1,1.773987054E2,1.895374163E-1,-8.339853167E-2,1.773985632E2
1.863520211E2,2.269035452E-2,7.697443943E-4,1.640412607E-3,9.997408986E-1,1.773996537E2,1.899307146E-1,-8.391811114E-2,1.773995104E2
1.863570211E2,2.268280357E-2,7.765069022E-4,1.632658066E-3,9.997410774E-1,1.774005192E2,1.890592830E-1,-8.471442890E-2,1.774003752E2
1.863620211E2,2.269086825E-2,7.702898001E-4,1.633033971E-3,9.997408986E-1,1.773995949E2,1.890868627E-1,-8.399968316E-2,1.773994520E2
1.863670211E2,2.269326418E-2,7.688857149E-4,1.636887901E-3,9.997408390E-1,1.773993202E2,1.895249271E-1,-8.382835277E-2,1.773991773E2
1.863720211E2,2.268768356E-2,7.715355023E-4,1.640188275E-3,9.997409582E-1,1.773999599E2,1.899094477E-1,-8.412439461E-2,1.773998162E2
1.863770211E2,2.269040115E-2,7.712470833E-4,1.639061258E-3,9.997408986E-1,1.773996484E2,1.897798127E-1,-8.409376710E-2,1.773995049E2
1.863820211E2,2.269576536E-2,7.669607294E-4,1.639515511E-3,9.997407794E-1,1.773990335E2,1.898211546E-1,-8.360051447E-2,1.773988908E2
1.863870211E2,2.269030104E-2,7.698150584E-4,1.641119015E-3,9.997408986E-1,1.773996599E2,1.900118217E-1,-8.392437987E-2,1.773995164E2
1.863920211E2,2.268743664E-2,7.730175275E-4,1.642903662E-3,9.997409582E-1,1.773999882E2,1.902243616E-1,-8.428716535E-2,1.773998440E2
1.863970211E2,2.269030292E-2,7.703085430E-4,1.640861388E-3,9.997408986E-1,1.773996596E2,1.899835908E-1,-8.398158395E-2,1.773995161E2
1.864020211E2,2.268990675E-2,7.701762370E-4,1.646392513E-3,9.997408986E-1,1.773997051E2,1.906168718E-1,-8.395211986E-2,1.773995611E2
1.864070211E2,2.268436513E-2,7.737074047E-4,1.648710691E-3,9.997410178E-1,1.774003402E2,1.908911629E-1,-8.435168757E-2,1.774001954E2
1.864120211E2,2.268468266E-2,7.737911073E-4,1.644296572E-3,9.997410178E-1,1.774003039E2,1.903857156E-1,-8.437269112E-2,1.774001594E2
1.864170211E2,2.269286950E-2,7.683310541E-4,1.642610063E-3,9.997408390E-1,1.773993655E2,1.901789954E-1,-8.375000377E-2,1.773992222E2
1.864220211E2,2.270578605E-2,7.591696922E-4,1.649745274E-3,9.997405410E-1,1.773978850E2,1.909736626E-1,-8.267943771E-2,1.773977429E2
1.864270211E2,2.271131747E-2,7.552917232E-4,1.647625002E-3,9.997404218E-1,1.773972509E2,1.907211228E-1,-8.223963209E-2,1.773971098E2
1.864320211E2,2.270557164E-2,7.597451913E-4,1.652429113E-3,9.997405410E-1,1.773979095E2,1.912826091E-1,-8.273842555E-2,1.773977671E2
1.864370211E2,2.270531393E-2,7.597221411E-4,1.655977103E-3,9.997405410E-1,1.773979391E2,1.916889936E-1,-8.272660237E-2,1.773977964E2
1.864420211E2,2.270489026E-2,7.602672558E-4,1.661526505E-3,9.997405410E-1,1.773979876E2,1.923261291E-1,-8.277469379E-2,1.773978444E2
1.864470211E2,2.270774234E-2,7.585661951E-4,1.659190166E-3,9.997404814E-1,1.773976607E2,1.920542818E-1,-8.258534818E-2,1.773975180E2
1.864520211E2,2.271613307E-2,7.528894930E-4,1.654656371E-3,9.997403026E-1,1.773966990E2,1.915207940E-1,-8.194520526E-2,1.773965577E2
1.864570211E2,2.271668167E-2,7.529012510E-4,1.647102064E-3,9.997403026E-1,1.773966361E2,1.906554314E-1,-8.196611319E-2,1.773964954E2
1.864620211E2,2.271596441E-2,7.522291271E-4,1.657270011E-3,9.997403026E-1,1.773967183E2,1.918184854E-1,-8.186278099E-2,1.773965770E2
1.864670211E2,2.271578216E-2,7.519861101E-4,1.659876318E-3,9.997403026E-1,1.773967392E2,1.921164221E-1,-8.182819079E-2,1.773965977E2
1.864720211E2,2.271634812E-2,7.520706276E-4,1.652074396E-3,9.997403026E-1,1.773966743E2,1.912228828E-1,-8.185807485E-2,1.773965334E2
1.864770211E2,2.272171228E-2,7.482563378E-4,1.652178005E-3,9.997401834E-1,1.773960595E2,1.912252589E-1,-8.141980700E-2,1.773959193E2
1.864820211E2,2.271886677E-2,7.499934873E-4,1.654452295E-3,9.997402430E-1,1.773963856E2,1.914900980E-1,-8.161344112E-2,1.773962450E2
1.864870211E2,2.271363188E-2,7.533677854E-4,1.652760548E-3,9.997403622E-1,1.773969857E2,1.913046443E-1,-8.200541318E-2,1.773968445E2
1.864920211E2,2.271966021E-2,7.509242278E-4,1.643095515E-3,9.997402430E-1,1.773962947E2,1.901915284E-1,-8.174948530E-2,1.773961548E2
1.864970211E2,2.272494002E-2,7.471482968E-4,1.644334872E-3,9.997401237E-1,1.773956895E2,1.903241092E-1,-8.131267573E-2,1.773955502E2
1.865020211E2,2.273032933E-2,7.435559528E-4,1.643951517E-3,9.997400045E-1,1.773950718E2,1.902712710E-1,-8.090110288E-2,1.773949332E2
1.865070211E2,2.272500490E-2,7.457703468E-4,1.644063741E-3,9.997401237E-1,1.773956821E2,1.902894642E-1,-8.115550900E-2,1.773955431E2
1.865120211E2,2.272223647E-2,7.486381219E-4,1.644779346E-3,9.997401834E-1,1.773959994E2,1.903786890E-1,-8.148271014E-2,1.773958598E2
1.865170211E2,2.271955348E-2,7.493349840E-4,1.645295415E-3,9.997402430E-1,1.773963069E2,1.904394069E-1,-8.156171122E-2,1.773961671E2
1.865220211E2,2.272240159E-2,7.482845103E-4,1.642657793E-3,9.997401834E-1,1.773959805E2,1.901347318E-1,-8.144769270E-2,1.773958411E2
1.865270211E2,2.272787478E-2,7.446793607E-4,1.641129376E-3,9.997400641E-1,1.773953531E2,1.899506881E-1,-8.103762013E-2,1.773952146E2
1.865320211E2,2.272527893E-2,7.456036401E-4,1.640347415E-3,9.997401237E-1,1.773956507E2,1.898633017E-1,-8.114603692E-2,1.773955120E2
1.865370211E2,2.272777096E-2,7.437922759E-4,1.642968506E-3,9.997400641E-1,1.773953650E2,1.901590637E-1,-8.093122370E-2,1.773952265E2
1.865420211E2,2.273070624E-2,7.426157827E-4,1.639157999E-3,9.997400045E-1,1.773950286E2,1.897196964E-1,-8.080581013E-2,1.773948906E2
1.865470211E2,2.273372413E-2,7.411860861E-4,1.634298591E-3,9.997399449E-1,1.773946827E2,1.891595108E-1,-8.065410870E-2,1.773945453E2
1.865520211E2,2.273335984E-2,7.410696708E-4,1.639410853E-3,9.997399449E-1,1.773947244E2,1.897448500E-1,-8.062752245E-2,1.773945867E2
1.865570211E2,2.272561762E-2,7.466870593E-4,1.635154127E-3,9.997401237E-1,1.773956118E2,1.892711966E-1,-8.128361600E-2,1.773954734E2
1.865620211E2,2.272847853E-2,7.436705637E-4,1.633206266E-3,9.997400641E-1,1.773952839E2,1.890404203E-1,-8.094257260E-2,1.773951462E2
1.865670211E2,2.272846998E-2,7.449244149E-4,1.632753760E-3,9.997400641E-1,1.773952849E2,1.889918456E-1,-8.108739631E-2,1.773951470E2
1.865720211E2,2.272837473E-2,7.449213299E-4,1.634080661E-3,9.997400641E-1,1.773952958E2,1.891438427E-1,-8.108360482E-2,1.773951578E2
1.865770211E2,2.272574602E-2,7.452901336E-4,1.634006505E-3,9.997401237E-1,1.773955971E2,1.891360945E-1,-8.112654611E-2,1.773954590E2
1.865820211E2,2.272560667E-2,7.460417110E-4,1.635600813E-3,9.997401237E-1,1.773956131E2,1.893206882E-1,-8.120852248E-2,1.773954747E2
1.865870211E2,2.272838421E-2,7.448992110E-4,1.633958775E-3,9.997400641E-1,1.773952947E2,1.891298222E-1,-8.108138651E-2,1.773951567E2
1.865920211E2,2.272825890E-2,7.446976379E-4,1.635792782E-3,9.997400641E-1,1.773953091E2,1.893393948E-1,-8.105354076E-2,1.773951710E2
1.865970211E2,2.272814650E-2,7.445341907E-4,1.637428068E-3,9.997400641E-1,1.773953220E2,1.895263019E-1,-8.103057799E-2,1.773951837E2
1.866020211E2,2.272836281E-2,7.440245245E-4,1.634654938E-3,9.997400641E-1,1.773952972E2,1.892072960E-1,-8.097937163E-2,1.773951593E2
1.866070211E2,2.273362383E-2,7.412744453E-4,1.635653200E-3,9.997399449E-1,1.773946942E2,1.893149199E-1,-8.066072121E-2,1.773945567E2
1.866120211E2,2.273636638E-2,7.394204149E-4,1.634803135E-3,9.997398853E-1,1.773943798E2,1.892129246E-1,-8.045001568E-2,1.773942428E2
1.866170211E2,2.273625384E-2,7.389480015E-4,1.636580913E-3,9.997398853E-1,1.773943927E2,1.894153507E-1,-8.039128441E-2,1.773942556E2
1.866220211E2,2.273645588E-2,7.384060882E-4,1.634016633E-3,9.997398853E-1,1.773943695E2,1.891201853E-1,-8.033584492E-2,1.773942328E2
1.866270211E2,2.273394785E-2,7.398677990E-4,1.631781925E-3,9.997399449E-1,1.773946570E2,1.888677792E-1,-8.050959758E-2,1.773945201E2
1.866320211E2,2.273361883E-2,7.399197784E-4,1.636335975E-3,9.997399449E-1,1.773946947E2,1.893896102E-1,-8.050375029E-2,1.773945575E2
1.866370211E2,2.273106102E-2,7.425945369E-4,1.634240383E-3,9.997400045E-1,1.773949879E2,1.891562969E-1,-8.081611889E-2,1.773948503E2
1.866420211E2,2.273137379E-2,7.427061792E-4,1.629833248E-3,9.997400045E-1,1.773949521E2,1.886517220E-1,-8.084033009E-2,1.773948148E2
1.866470211E2,2.273654687E-2,7.395501598E-4,1.632232219E-3,9.997398853E-1,1.773943591E2,1.889187475E-1,-8.047154400E-2,1.773942223E2
1.866520211E2,2.273391895E-2,7.402702468E-4,1.632002066E-3,9.997399449E-1,1.773946603E2,1.888940454E-1,-8.055513466E-2,1.773945234E2
1.866570211E2,2.273124843E-2,7.430574624E-4,1.631420804E-3,9.997400045E-1,1.773949664E2,1.888345009E-1,-8.087646188E-2,1.773948290E2
1.866620211E2,2.273150216E-2,7.419670001E-4,1.628378872E-3,9.997400045E-1,1.773949373E2,1.884831901E-1,-8.075941278E-2,1.773948003E2
1.866670211E2,2.273945484E-2,7.376254653E-4,1.629098086E-3,9.997398257E-1,1.773940258E2,1.885549125E-1,-8.025866523E-2,1.773938896E2
1.866720211E2,2.274496623E-2,7.338720607E-4,1.627008780E-3,9.997397065E-1,1.773933941E2,1.883062152E-1,-7.983307487E-2,1.773932587E2
1.866770211E2,2.274271212E-2,7.348352228E-4,1.621449715E-3,9.997397661E-1,1.773936524E2,1.876716873E-1,-7.995832940E-2,1.773935174E2
1.866820211E2,2.274813284E-2,7.302695303E-4,1.620972529E-3,9.997396469E-1,1.773930311E2,1.876055500E-1,-7.943550196E-2,1.773928969E2
1.866870211E2,2.274783522E-2,7.314200629E-4,1.624626224E-3,9.997396469E-1,1.773930652E2,1.880271010E-1,-7.955784023E-2,1.773929306E2
1.866920211E2,2.274725258E-2,7.317257696E-4,1.632626867E-3,9.997396469E-1,1.773931320E2,1.889444224E-1,-7.957211618E-2,1.773929966E2
1.866970211E2,2.275264536E-2,7.273895317E-4,1.632416388E-3,9.997395277E-1,1.773925139E2,1.889094312E-1,-7.907487873E-2,1.773923794E2
1.867020211E2,2.275270772E-2,7.275979151E-4,1.631453983E-3,9.997395277E-1,1.773925067E2,1.887997244E-1,-7.910124910E-2,1.773923723E2
1.867070211E2,2.275806391E-2,7.244015578E-4,1.631219056E-3,9.997394085E-1,1.773918928E2,1.887648975E-1,-7.873467002E-2,1.773917590E2
1.867120211E2,2.275522924E-2,7.260095445E-4,1.633517677E-3,9.997394681E-1,1.773922177E2,1.890322027E-1,-7.891342491E-2,1.773920834E2
1.867170211E2,2.276342523E-2,7.211946649E-4,1.630893094E-3,9.997392893E-1,1.773912783E2,1.887196103E-1,-7.836712084E-2,1.773911451E2
1.867220211E2,2.276069022E-2,7.223587600E-4,1.632011845E-3,9.997393489E-1,1.773915918E2,1.888505990E-1,-7.849807981E-2,1.773914583E2
1.867270211E2,2.275514669E-2,7.253445801E-4,1.634962391E-3,9.997394681E-1,1.773922272E2,1.891959715E-1,-7.883349368E-2,1.773920929E2
1.867320211E2,2.276061552E-2,7.228546892E-4,1.632833853E-3,9.997393489E-1,1.773916003E2,1.889460579E-1,-7.855276439E-2,1.773914667E2
1.867370211E2,2.276363792E-2,7.200365653E-4,1.628434286E-3,9.997392893E-1,1.773912539E2,1.884349194E-1,-7.824082098E-2,1.773911211E2
1.867420211E2,2.276374831E-2,7.202638080E-4,1.626789919E-3,9.997392893E-1,1.773912413E2,1.882471388E-1,-7.827112311E-2,1.773911085E2
1.867470211E2,2.277157928E-2,7.148268051E-4,1.629477483E-3,9.997391105E-1,1.773903437E2,1.885414552E-1,-7.763976282E-2,1.773902118E2
1.867520211E2,2.277421304E-2,7.134117186E-4,1.629858743E-3,9.997390509E-1,1.773900418E2,1.885816441E-1,-7.747615637E-2,1.773899101E2
1.867570211E2,2.276623282E-2,7.176817744E-4,1.629790408E-3,9.997392297E-1,1.773909565E2,1.885843385E-1,-7.796702492E-2,1.773908240E2
1.867620211E2,2.276624332E-2,7.185699069E-4,1.629252336E-3,9.997392297E-1,1.773909553E2,1.885250140E-1,-7.807017273E-2,1.773908227E2
1.867670211E2,2.276869439E-2,7.169556338E-4,1.632283442E-3,9.997391701E-1,1.773906743E2,1.888682428E-1,-7.787686776E-2,1.773905418E2
1.867720211E2,2.277181449E-2,7.142465911E-4,1.626442070E-3,9.997391105E-1,1.773903167E2,1.881922160E-1,-7.758116936E-2,1.773901852E2
1.867770211E2,2.277445617E-2,7.120646187E-4,1.627048012E-3,9.997390509E-1,1.773900139E2,1.882561436E-1,-7.732912017E-2,1.773898827E2
1.867820211E2,2.277687617E-2,7.112071617E-4,1.630168641E-3,9.997389913E-1,1.773897365E2,1.886115982E-1,-7.722228735E-2,1.773896053E2
1.867870211E2,2.277661683E-2,7.103881217E-4,1.634144341E-3,9.997389913E-1,1.773897662E2,1.890649045E-1,-7.711812852E-2,1.773896349E2
1.867920211E2,2.276596276E-2,7.193905767E-4,1.632806612E-3,9.997392297E-1,1.773909874E2,1.889343187E-1,-7.815497015E-2,1.773908544E2
1.867970211E2,2.276289987E-2,7.195998332E-4,1.638910617E-3,9.997392893E-1,1.773913385E2,1.896339127E-1,-7.816359903E-2,1.773912050E2
1.868020211E2,2.276821344E-2,7.164473063E-4,1.639200607E-3,9.997391701E-1,1.773907295E2,1.896593238E-1,-7.780067560E-2,1.773905965E2
1.868070211E2,2.277095405E-2,7.140772068E-4,1.638518297E-3,9.997391105E-1,1.773904153E2,1.895751848E-1,-7.753041352E-2,1.773902829E2
1.868120211E2,2.276582359E-2,7.179726381E-4,1.635369146E-3,9.997392297E-1,1.773910034E2,1.892241774E-1,-7.798586954E-2,1.773908704E2
1.868170211E2,2.276825668E-2,7.168769371E-4,1.638412010E-3,9.997391701E-1,1.773907245E2,1.895701049E-1,-7.785194423E-2,1.773905915E2
1.868220211E2,2.276555842E-2,7.193247438E-4,1.638463465E-3,9.997392297E-1,1.773910338E2,1.895821763E-1,-7.813274660E-2,1.773909003E2
1.868270211E2,2.277132770E-2,7.145822747E-4,1.633096486E-3,9.997391105E-1,1.773903725E2,1.889553980E-1,-7.760235253E-2,1.773902404E2
1.868320211E2,2.277409651E-2,7.124567055E-4,1.631903462E-3,9.997390509E-1,1.773900551E2,1.888133896E-1,-7.736143401E-2,1.773899235E2
1.868370211E2,2.277126041E-2,7.141812821E-4,1.634209766E-3,9.997391105E-1,1.773903802E2,1.890818859E-1,-7.755352171E-2,1.773902481E2
1.868420211E2,2.276841458E-2,7.165368879E-4,1.636365196E-3,9.997391701E-1,1.773907064E2,1.893347425E-1,-7.781829824E-2,1.773905737E2
1.868470211E2,2.276599078E-2,7.177668740E-4,1.633130480E-3,9.997392297E-1,1.773909842E2,1.889671873E-1,-7.796810573E-2,1.773908515E2
1.868520211E2,2.276623991E-2,7.180045941E-4,1.629549079E-3,9.997392297E-1,1.773909557E2,1.885575342E-1,-7.800463598E-2,1.773908232E2
1.868570211E2,2.276897629E-2,7.163630798E-4,1.628607162E-3,9.997391701E-1,1.773906420E2,1.884455562E-1,-7.781852290E-2,1.773905099E2
1.868620211E2,2.276396748E-2,7.203810965E-4,1.623668126E-3,9.997392893E-1,1.773912161E2,1.878898228E-1,-7.829266241E-2,1.773910836E2
1.868670211E2,2.276680180E-2,7.186190342E-4,1.621407806E-3,9.997392297E-1,1.773908913E2,1.876265001E-1,-7.809616206E-2,1.773907593E2
1.868720211E2,2.277471693E-2,7.129996666E-4,1.622983487E-3,9.997390509E-1,1.773899840E2,1.877929641E-1,-7.744679985E-2,1.773898530E2
1.868770211E2,2.277149241E-2,7.156329812E-4,1.630337327E-3,9.997391105E-1,1.773903536E2,1.886420579E-1,-7.772989231E-2,1.773902215E2
1.868820211E2,2.276081591E-2,7.222908316E-4,1.630288083E-3,9.997393489E-1,1.773915774E2,1.886529539E-1,-7.849477023E-2,1.773914440E2
1.868870211E2,2.276858736E-2,7.175036008E-4,1.633535139E-3,9.997391701E-1,1.773906866E2,1.890130614E-1,-7.793639805E-2,1.773905539E2
1.868920211E2,2.276863468E-2,7.162484690E-4,1.633426407E-3,9.997391701E-1,1.773906812E2,1.889973333E-1,-7.779288276E-2,1.773905487E2
1.868970211E2,2.277132356E-2,7.150862948E-4,1.632933505E-3,9.997391105E-1,1.773903730E2,1.889380416E-1,-7.766052002E-2,1.773902408E2
1.869020211E2,2.276626046E-2,7.191204932E-4,1.628769794E-3,9.997392297E-1,1.773909533E2,1.884711710E-1,-7.813450454E-2,1.773908207E2
1.869070211E2,2.276913446E-2,7.173068007E-4,1.625978388E-3,9.997391701E-1,1.773906239E2,1.881468734E-1,-7.793346659E-2,1.773904918E2
1.869120211E2,2.276362797E-2,7.208241732E-4,1.628224971E-3,9.997392893E-1,1.773912550E2,1.884129939E-1,-7.833159861E-2,1.773911221E2
1.869170211E2,2.275808681E-2,7.247209433E-4,1.630757586E-3,9.997394085E-1,1.773918902E2,1.887128653E-1,-7.877245857E-2,1.773917563E2
1.869220211E2,2.275008470E-2,7.292092196E-4,1.630788553E-3,9.997395873E-1,1.773928074E2,1.887274850E-1,-7.928807319E-2,1.773926726E2
1.869270211E2,2.275275456E-2,7.284424501E-4,1.630423591E-3,9.997395277E-1,1.773925014E2,1.886838864E-1,-7.920067833E-2,1.773923668E2
1.869320211E2,2.275538796E-2,7.250397466E-4,1.631736523E-3,9.997394681E-1,1.773921995E2,1.888256332E-1,-7.880693790E-2,1.773920655E2
1.869370211E2,2.275269477E-2,7.271351642E-4,1.631840831E-3,9.997395277E-1,1.773925082E2,1.888428348E-1,-7.904722932E-2,1.773923738E2
1.869420211E2,2.275532717E-2,7.263828302E-4,1.631986932E-3,9.997394681E-1,1.773922065E2,1.888578185E-1,-7.896016239E-2,1.773920722E2
1.869470211E2,2.275528778E-2,7.255856181E-4,1.632890431E-3,9.997394681E-1,1.773922110E2,1.889592431E-1,-7.886648376E-2,1.773920768E2
1.869520211E2,2.275028701E-2,7.291237125E-4,1.628002152E-3,9.997395873E-1,1.773927842E2,1.884080621E-1,-7.928550367E-2,1.773926497E2
1.869570211E2,2.274746083E-2,7.319594151E-4,1.629617764E-3,9.997396469E-1,1.773931081E2,1.886003188E-1,-7.960668782E-2,1.773929730E2
1.869620211E2,2.274231446E-2,7.345362101E-4,1.627152786E-3,9.997397661E-1,1.773936980E2,1.883242322E-1,-7.990928518E-2,1.773935625E2
1.869670211E2,2.274768649E-2,7.313563838E-4,1.626736019E-3,9.997396469E-1,1.773930823E2,1.882686257E-1,-7.954507313E-2,1.773929474E2
1.869720211E2,2.274758531E-2,7.304829778E-4,1.628542319E-3,9.997396469E-1,1.773930939E2,1.884732743E-1,-7.944032455E-2,1.773929591E2
1.869770211E2,2.274508050E-2,7.336732815E-4,1.625500270E-3,9.997397065E-1,1.773933810E2,1.881328881E-1,-7.981421283E-2,1.773932458E2
1.869820211E2,2.274503588E-2,7.332655950E-4,1.626308425E-3,9.997397065E-1,1.773933861E2,1.882244057E-1,-7.976540946E-2,1.773932509E2
1.869870211E2,2.275571599E-2,7.251671632E-4,1.627098653E-3,9.997394681E-1,1.773921619E2,1.882946671E-1,-7.883356741E-2,1.773920283E2
1.869920211E2,2.275327996E-2,7.278787089E-4,1.623327844E-3,9.997395277E-1,1.773924411E2,1.878695542E-1,-7.915449794E-2,1.773923073E2
1.869970211E2,2.275120719E-2,7.286805776E-4,1.615291694E-3,9.997395873E-1,1.773926787E2,1.869508425E-1,-7.926770308E-2,1.773925453E2
1.870020211E2,2.275627857E-2,7.261901046E-4,1.618752955E-3,9.997394681E-1,1.773920974E2,1.873412786E-1,-7.897241545E-2,1.773919642E2
1.870070211E2,2.275373982E-2,7.275447715E-4,1.617019647E-3,9.997395277E-1,1.773923884E2,1.871460393E-1,-7.913260385E-2,1.773922551E2
1.870120211E2,2.274597505E-2,7.321698358E-4,1.613617409E-3,9.997397065E-1,1.773932784E2,1.867677141E-1,-7.967278137E-2,1.773931445E2
1.870170211E2,2.274358180E-2,7.350826054E-4,1.609091996E-3,9.997397661E-1,1.773935528E2,1.862566749E-1,-8.001871541E-2,1.773934186E2
1.870220211E2,2.274328766E-2,7.344333571E-4,1.613539760E-3,9.997397661E-1,1.773935865E2,1.867645044E-1,-7.993279884E-2,1.773934521E2
1.870270211E2,2.274515994E-2,7.334910333E-4,1.624470693E-3,9.997397065E-1,1.773933719E2,1.880144688E-1,-7.979600284E-2,1.773932368E2
1.870320211E2,2.274267522E-2,7.351133390E-4,1.621841220E-3,9.997397661E-1,1.773936567E2,1.877172609E-1,-7.998917745E-2,1.773935215E2
1.870370211E2,2.274810854E-2,7.314454415E-4,1.620783238E-3,9.997396469E-1,1.773930339E2,1.875869282E-1,-7.957071444E-2,1.773928995E2
1.870420211E2,2.275051440E-2,7.297063712E-4,1.624559751E-3,9.997395873E-1,1.773927581E2,1.880152306E-1,-7.936118610E-2,1.773926238E2
1.870470211E2,2.274510270E-2,7.338566356E-4,1.625106903E-3,9.997397065E-1,1.773933784E2,1.880883028E-1,-7.983623936E-2,1.773932433E2
1.870520211E2,2.275053868E-2,7.287403569E-4,1.624653349E-3,9.997395873E-1,1.773927554E2,1.880234365E-1,-7.925026920E-2,1.773926212E2
1.870570211E2,2.276137783E-2,7.225823356E-4,1.622294192E-3,9.997393489E-1,1.773915130E2,1.877379616E-1,-7.854891065E-2,1.773913802E2
1.870620211E2,2.275567697E-2,7.248056936E-4,1.627805294E-3,9.997394681E-1,1.773921664E2,1.883746756E-1,-7.879032144E-2,1.773920327E2
1.870670211E2,2.275549742E-2,7.258406258E-4,1.629852806E-3,9.997394681E-1,1.773921870E2,1.886119279E-1,-7.890357956E-2,1.773920530E2
1.870720211E2,2.275025445E-2,7.301149308E-4,1.628012862E-3,9.997395873E-1,1.773927879E2,1.884118710E-1,-7.939903760E-2,1.773926532E2
1.870770211E2,2.275068417E-2,7.291338407E-4,1.622437965E-3,9.997395873E-1,1.773927387E2,1.877706749E-1,-7.930109592E-2,1.773926046E2
1.870820211E2,2.275015093E-2,7.300191792E-4,1.629501814E-3,9.997395873E-1,1.773927998E2,1.885821906E-1,-7.938420577E-2,1.773926650E2
1.870870211E2,2.274478930E-2,7.330990047E-4,1.629828359E-3,9.997397065E-1,1.773934144E2,1.886272030E-1,-7.973719629E-2,1.773932789E2
1.870920211E2,2.274259567E-2,7.353596739E-4,1.622844720E-3,9.997397661E-1,1.773936658E2,1.878328598E-1,-8.001479758E-2,1.773935305E2
1.870970211E2,2.275073508E-2,7.299186545E-4,1.621370786E-3,9.997395873E-1,1.773927328E2,1.876504670E-1,-7.939377836E-2,1.773925987E2
1.871020211E2,2.275074170E-2,7.300341385E-4,1.621225965E-3,9.997395873E-1,1.773927321E2,1.876341777E-1,-7.940738474E-2,1.773925979E2
1.871070211E2,2.274262907E-2,7.352412213E-4,1.622430165E-3,9.997397661E-1,1.773936620E2,1.877850614E-1,-8.000230159E-2,1.773935267E2
1.871120211E2,2.274534080E-2,7.336060517E-4,1.621884294E-3,9.997397065E-1,1.773933511E2,1.877184796E-1,-7.981588715E-2,1.773932163E2
1.871170211E2,2.274821923E-2,7.303303573E-4,1.619732240E-3,9.997396469E-1,1.773930212E2,1.874636253E-1,-7.944568749E-2,1.773928871E2
1.871220211E2,2.274537234E-2,7.338401047E-4,1.621336094E-3,9.997397065E-1,1.773933475E2,1.876562893E-1,-7.984412367E-2,1.773932126E2
1.871270211E2,2.274281390E-2,7.344724145E-4,1.620186027E-3,9.997397661E-1,1.773936408E2,1.875259790E-1,-7.992003984E-2,1.773935059E2
1.871320211E2,2.274308928E-2,7.342153112E-4,1.616432681E-3,9.997397661E-1,1.773936092E2,1.870953394E-1,-7.990031634E-2,1.773934747E2
1.871370211E2,2.275085724E-2,7.295559626E-4,1.619819202E-3,9.997395873E-1,1.773927188E2,1.874717783E-1,-7.935625008E-2,1.773925849E2
1.871420211E2,2.274545970E-2,7.325740298E-4,1.620682888E-3,9.997397065E-1,1.773933375E2,1.875781631E-1,-7.970076612E-2,1.773932029E2
1.871470211E2,2.274022827E-2,7.361063035E-4,1.618957729E-3,9.997398257E-1,1.773939372E2,1.873893141E-1,-8.011090701E-2,1.773938020E2
1.871520211E2,2.274818765E-2,7.313960814E-4,1.619694871E-3,9.997396469E-1,1.773930248E2,1.874621202E-1,-7.956788207E-2,1.773928906E2
1.871570211E2,2.275317817E-2,7.282738807E-4,1.624576864E-3,9.997395277E-1,1.773924528E2,1.880136670E-1,-7.919653188E-2,1.773923187E2
1.871620211E2,2.275323260E-2,7.269207272E-4,1.624420518E-3,9.997395277E-1,1.773924466E2,1.879922313E-1,-7.904190967E-2,1.773923128E2
1.871670211E2,2.275310451E-2,7.283660234E-4,1.625566860E-3,9.997395277E-1,1.773924613E2,1.881273175E-1,-7.920452040E-2,1.773923271E2
1.871720211E2,2.274745213E-2,7.309751818E-4,1.630180981E-3,9.997396469E-1,1.773931091E2,1.886622755E-1,-7.949246574E-2,1.773929741E2
1.871770211E2,2.274439442E-2,7.326952182E-4,1.635510591E-3,9.997397065E-1,1.773934596E2,1.892770876E-1,-7.967620181E-2,1.773933238E2
1.871820211E2,2.274153029E-2,7.344926125E-4,1.638095593E-3,9.997397661E-1,1.773937879E2,1.895776875E-1,-7.987591993E-2,1.773936516E2
1.871870211E2,2.273898013E-2,7.361032185E-4,1.636396395E-3,9.997398257E-1,1.773940802E2,1.893870173E-1,-8.006534525E-2,1.773939437E2
1.871920211E2,2.274164271E-2,7.353569381E-4,1.636145986E-3,9.997397661E-1,1.773937750E2,1.893565980E-1,-7.997999824E-2,1.773936387E2
1.871970211E2,2.273878890E-2,7.367996732E-4,1.638738555E-3,9.997398257E-1,1.773941021E2,1.896571399E-1,-8.013906534E-2,1.773939653E2
1.872020211E2,2.273071914E-2,7.432391867E-4,1.638696529E-3,9.997400045E-1,1.773950271E2,1.896684544E-1,-8.087842806E-2,1.773948890E2
1.872070211E2,2.272827556E-2,7.451123092E-4,1.635372406E-3,9.997400641E-1,1.773953072E2,1.892923172E-1,-8.110213803E-2,1.773951690E2
1.872120211E2,2.273576521E-2,7.389466045E-4,1.643355703E-3,9.997398853E-1,1.773944487E2,1.901914424E-1,-8.037356545E-2,1.773943111E2
1.872170211E2,2.273583477E-2,7.390401443E-4,1.642351039E-3,9.997398853E-1,1.773944407E2,1.900765952E-1,-8.038688592E-2,1.773943032E2
1.872220211E2,2.274392112E-2,7.343004690E-4,1.641362091E-3,9.997397065E-1,1.773935139E2,1.899515946E-1,-7.984494046E-2,1.773933773E2
1.872270211E2,2.274137996E-2,7.349074585E-4,1.639995375E-3,9.997397661E-1,1.773938051E2,1.897963998E-1,-7.991852289E-2,1.773936686E2
1.872320211E2,2.275216613E-2,7.281239377E-4,1.638756017E-3,9.997395277E-1,1.773925688E2,1.896375898E-1,-7.914257454E-2,1.773924337E2
1.872370211E2,2.274937135E-2,7.292994414E-4,1.640669652E-3,9.997395873E-1,1.773928892E2,1.898596635E-1,-7.927278356E-2,1.773927536E2
1.872420211E2,2.274948657E-2,7.291229558E-4,1.639149734E-3,9.997395873E-1,1.773928760E2,1.896850874E-1,-7.925650566E-2,1.773927406E2
1.872470211E2,2.275454744E-2,7.252568030E-4,1.643320196E-3,9.997394681E-1,1.773922959E2,1.901531832E-1,-7.880175722E-2,1.773921609E2
1.872520211E2,2.274887459E-2,7.300130092E-4,1.647227095E-3,9.997395873E-1,1.773929461E2,1.906127192E-1,-7.933753043E-2,1.773928099E2
1.872570211E2,2.274610964E-2,7.319732686E-4,1.648364123E-3,9.997396469E-1,1.773932630E2,1.907478704E-1,-7.955966455E-2,1.773931263E2
1.872620211E2,2.274326596E-2,7.329453365E-4,1.651017694E-3,9.997397065E-1,1.773935890E2,1.910541767E-1,-7.966465288E-2,1.773934519E2
1.872670211E2,2.274025340E-2,7.354547852E-4,1.655300031E-3,9.997397661E-1,1.773939343E2,1.915510708E-1,-7.994155582E-2,1.773937964E2
1.872720211E2,2.273765453E-2,7.381476462E-4,1.653802465E-3,9.997398257E-1,1.773942322E2,1.913863160E-1,-8.025445494E-2,1.773940938E2
1.872770211E2,2.274075553E-2,7.360241725E-4,1.648133155E-3,9.997397661E-1,1.773938767E2,1.907315421E-1,-8.002536681E-2,1.773937393E2
1.872820211E2,2.273567921E-2,7.383338525E-4,1.644820324E-3,9.997398853E-1,1.773944586E2,1.903576290E-1,-8.029956782E-2,1.773943209E2
1.872870211E2,2.274100881E-2,7.359542651E-4,1.644665957E-3,9.997397661E-1,1.773938477E2,1.903341705E-1,-8.002634553E-2,1.773937105E2
1.872920211E2,2.273036142E-2,7.429256802E-4,1.643792726E-3,9.997400045E-1,1.773950681E2,1.902514403E-1,-8.082930523E-2,1.773949297E2
1.872970211E2,2.272527497E-2,7.466108073E-4,1.639944036E-3,9.997401237E-1,1.773956511E2,1.898197126E-1,-8.126247109E-2,1.773955123E2
1.873020211E2,2.273325587E-2,7.403743220E-4,1.641165814E-3,9.997399449E-1,1.773947363E2,1.899440821E-1,-8.054330978E-2,1.773945986E2
1.873070211E2,2.273308876E-2,7.403454510E-4,1.643491909E-3,9.997399449E-1,1.773947555E2,1.902104759E-1,-8.053397416E-2,1.773946176E2
1.873120211E2,2.272520711E-2,7.462881622E-4,1.641031005E-3,9.997401237E-1,1.773956589E2,1.899433924E-1,-8.122269042E-2,1.773955200E2
1.873170211E2,2.272765662E-2,7.450325065E-4,1.643987838E-3,9.997400641E-1,1.773953781E2,1.902790619E-1,-8.107067363E-2,1.773952393E2
1.873220211E2,2.273293699E-2,7.414694992E-4,1.645083772E-3,9.997399449E-1,1.773947729E2,1.903957596E-1,-8.065862899E-2,1.773946346E2
1.873270211E2,2.272759383E-2,7.442485658E-4,1.645210548E-3,9.997400641E-1,1.773953853E2,1.904170912E-1,-8.097769131E-2,1.773952465E2
1.873320211E2,2.271971220E-2,7.499276544E-4,1.642831718E-3,9.997402430E-1,1.773962887E2,1.901587165E-1,-8.163599296E-2,1.773961490E2
1.873370211E2,2.272777865E-2,7.448818069E-4,1.642368385E-3,9.997400641E-1,1.773953641E2,1.900931511E-1,-8.105760394E-2,1.773952254E2
1.873420211E2,2.272534424E-2,7.458448526E-4,1.639332622E-3,9.997401237E-1,1.773956432E2,1.897476784E-1,-8.117630107E-2,1.773955045E2
1.873470211E2,2.272227630E-2,7.479248452E-4,1.644553617E-3,9.997401834E-1,1.773959948E2,1.903509747E-1,-8.140157605E-2,1.773958554E2
1.873520211E2,2.272509823E-2,7.467603427E-4,1.642323448E-3,9.997401237E-1,1.773956714E2,1.900926785E-1,-8.127343913E-2,1.773955323E2
1.873570211E2,2.272805010E-2,7.451921701E-4,1.638466492E-3,9.997400641E-1,1.773953330E2,1.896469722E-1,-8.110327092E-2,1.773951946E2
1.873620211E2,2.272807728E-2,7.442287169E-4,1.638527378E-3,9.997400641E-1,1.773953299E2,1.896514399E-1,-8.099273222E-2,1.773951916E2
1.873670211E2,2.272797488E-2,7.438841858E-4,1.640103408E-3,9.997400641E-1,1.773953416E2,1.898310877E-1,-8.094917664E-2,1.773952033E2
1.873720211E2,2.273053799E-2,7.425953518E-4,1.641498762E-3,9.997400045E-1,1.773950479E2,1.899877925E-1,-8.079740407E-2,1.773949097E2
1.873770211E2,2.273852455E-2,7.366792997E-4,1.642456395E-3,9.997398257E-1,1.773941324E2,1.900827288E-1,-8.011563740E-2,1.773939953E2
1.873820211E2,2.274386090E-2,7.331718225E-4,1.642700518E-3,9.997397065E-1,1.773935208E2,1.901019809E-1,-7.971216367E-2,1.773933843E2
1.873870211E2,2.274897768E-2,7.301799487E-4,1.645728713E-3,9.997395873E-1,1.773929343E2,1.904415048E-1,-7.936054191E-2,1.773927982E2
1.873920211E2,2.274371274E-2,7.335498231E-4,1.644582138E-3,9.997397065E-1,1.773935378E2,1.903185169E-1,-7.975059205E-2,1.773934011E2
1.873970211E2,2.274615855E-2,7.324495236E-4,1.647477387E-3,9.997396469E-1,1.773932574E2,1.906475296E-1,-7.961652726E-2,1.773931207E2
1.874020211E2,2.274341954E-2,7.339110016E-4,1.648471109E-3,9.997397065E-1,1.773935714E2,1.907649638E-1,-7.978188912E-2,1.773934343E2
1.874070211E2,2.274098087E-2,7.347216015E-4,1.645603101E-3,9.997397661E-1,1.773938509E2,1.904383167E-1,-7.988269244E-2,1.773937139E2
1.874120211E2,2.273544541E-2,7.385007339E-4,1.647974132E-3,9.997398853E-1,1.773944854E2,1.907193521E-1,-8.031051353E-2,1.773943475E2
1.874170211E2,2.273827339E-2,7.366370410E-4,1.645948738E-3,9.997398257E-1,1.773941612E2,1.904826890E-1,-8.010174372E-2,1.773940238E2
1.874220211E2,2.273541732E-2,7.393466076E-4,1.647982397E-3,9.997398853E-1,1.773944886E2,1.907225009E-1,-8.040740218E-2,1.773943505E2
1.874270211E2,2.273574662E-2,7.394413115E-4,1.643390395E-3,9.997398853E-1,1.773944508E2,1.901967044E-1,-8.043015311E-2,1.773943131E2
1.874320211E2,2.274093919E-2,7.363324403E-4,1.645459211E-3,9.997397661E-1,1.773938557E2,1.904260275E-1,-8.006761594E-2,1.773937184E2
1.874370211E2,2.274078126E-2,7.362999604E-4,1.647654921E-3,9.997397661E-1,1.773938738E2,1.906774754E-1,-8.005820296E-2,1.773937363E2
1.874420211E2,2.273302040E-2,7.409578538E-4,1.644161413E-3,9.997399449E-1,1.773947633E2,1.902887659E-1,-8.060240098E-2,1.773946252E2
1.874470211E2,2.273880575E-2,7.375126588E-4,1.638183836E-3,9.997398257E-1,1.773941002E2,1.895954496E-1,-8.022218855E-2,1.773939633E2
1.874520211E2,2.274688522E-2,7.311264635E-4,1.638004789E-3,9.997396469E-1,1.773931741E2,1.895589370E-1,-7.948950919E-2,1.773930384E2
1.874570211E2,2.274649184E-2,7.315190742E-4,1.643283875E-3,9.997396469E-1,1.773932192E2,1.901647127E-1,-7.952080098E-2,1.773930830E2
1.874620211E2,2.274608914E-2,7.323176251E-4,1.648494042E-3,9.997396469E-1,1.773932654E2,1.907636504E-1,-7.959877990E-2,1.773931286E2
1.874670211E2,2.274368571E-2,7.332742680E-4,1.645078650E-3,9.997397065E-1,1.773935409E2,1.903746779E-1,-7.971773502E-2,1.773934042E2
1.874720211E2,2.273586728E-2,7.386188372E-4,1.642090501E-3,9.997398853E-1,1.773944370E2,1.900456523E-1,-8.033929287E-2,1.773942995E2
1.874770211E2,2.273587854E-2,7.383314078E-4,1.642063842E-3,9.997398853E-1,1.773944357E2,1.900418501E-1,-8.030643176E-2,1.773942983E2
1.874820211E2,2.273840554E-2,7.376511930E-4,1.643667347E-3,9.997398257E-1,1.773941461E2,1.902239814E-1,-8.022384641E-2,1.773940087E2
1.874870211E2,2.274155762E-2,7.358035655E-4,1.637127600E-3,9.997397661E-1,1.773937848E2,1.894702111E-1,-8.002862258E-2,1.773936483E2
1.874920211E2,2.274436729E-2,7.324959151E-4,1.635977067E-3,9.997397065E-1,1.773934627E2,1.893300064E-1,-7.965215859E-2,1.773933269E2
1.874970211E2,2.274429482E-2,7.327548810E-4,1.636868459E-3,9.997397065E-1,1.773934710E2,1.894327955E-1,-7.967951654E-2,1.773933351E2
1.875020211E2,2.274670987E-2,7.321466110E-4,1.639983035E-3,9.997396469E-1,1.773931942E2,1.897882147E-1,-7.960125561E-2,1.773930582E2
1.875070211E2,2.275209102E-2,7.275419193E-4,1.640056842E-3,9.997395277E-1,1.773925774E2,1.897850914E-1,-7.907252004E-2,1.773924423E2
1.875120211E2,2.275179096E-2,7.275666576E-4,1.644203323E-3,9.997395277E-1,1.773926118E2,1.902601619E-1,-7.906459993E-2,1.773924763E2
1.875170211E2,2.274922788E-2,7.301995065E-4,1.642257790E-3,9.997395873E-1,1.773929056E2,1.900439394E-1,-7.937178356E-2,1.773927698E2
1.875220211E2,2.273880720E-2,7.369046216E-4,1.638437388E-3,9.997398257E-1,1.773941000E2,1.896229126E-1,-8.015186973E-2,1.773939632E2
1.875270211E2,2.274156078E-2,7.352086832E-4,1.637350884E-3,9.997397661E-1,1.773937844E2,1.894942408E-1,-7.995988929E-2,1.773936480E2
1.875320211E2,2.273310044E-2,7.408630336E-4,1.643097145E-3,9.997399449E-1,1.773947542E2,1.901666003E-1,-8.059429556E-2,1.773946162E2
1.875370211E2,2.272781569E-2,7.452692953E-4,1.641679904E-3,9.997400641E-1,1.773953599E2,1.900152897E-1,-8.110378146E-2,1.773952212E2
1.875420211E2,2.272000651E-2,7.496886537E-4,1.638865797E-3,9.997402430E-1,1.773962550E2,1.897037735E-1,-8.161888255E-2,1.773961156E2
1.875470211E2,2.272251744E-2,7.491066935E-4,1.640679315E-3,9.997401834E-1,1.773959672E2,1.899102235E-1,-8.154701335E-2,1.773958278E2
1.875520211E2,2.272502044E-2,7.470682613E-4,1.643259544E-3,9.997401237E-1,1.773956803E2,1.902007153E-1,-8.130629181E-2,1.773955411E2
1.875570211E2,2.272755685E-2,7.447081734E-4,1.645513461E-3,9.997400641E-1,1.773953896E2,1.904529877E-1,-8.102956290E-2,1.773952506E2
1.875620211E2,2.272996369E-2,7.428513491E-4,1.649316866E-3,9.997400045E-1,1.773951137E2,1.908840720E-1,-8.080647609E-2,1.773949748E2
1.875670211E2,2.273013619E-2,7.433004794E-4,1.646735123E-3,9.997400045E-1,1.773950939E2,1.905894859E-1,-8.086462133E-2,1.773949552E2
1.875720211E2,2.272781515E-2,7.443338982E-4,1.642111689E-3,9.997400641E-1,1.773953600E2,1.900623193E-1,-8.099549616E-2,1.773952214E2
1.875770211E2,2.272274430E-2,7.479419000E-4,1.638066838E-3,9.997401834E-1,1.773959412E2,1.896079176E-1,-8.142033220E-2,1.773958022E2
1.875820211E2,2.272868172E-2,7.438588655E-4,1.630290295E-3,9.997400641E-1,1.773952606E2,1.887068672E-1,-8.097170148E-2,1.773951231E2
1.875870211E2,2.273123076E-2,7.415949367E-4,1.632332220E-3,9.997400045E-1,1.773949685E2,1.889351030E-1,-8.070654143E-2,1.773948312E2
1.875920211E2,2.273880555E-2,7.378481096E-4,1.638035523E-3,9.997398257E-1,1.773941002E2,1.895793327E-1,-8.026100491E-2,1.773939632E2
1.875970211E2,2.273634458E-2,7.395652938E-4,1.635040739E-3,9.997398853E-1,1.773943823E2,1.892405208E-1,-8.046599831E-2,1.773942452E2
1.876020211E2,2.274667232E-2,7.318308926E-4,1.640644623E-3,9.997396469E-1,1.773931985E2,1.898631816E-1,-7.956336891E-2,1.773930625E2
1.876070211E2,2.274887186E-2,7.298297714E-4,1.647346071E-3,9.997395873E-1,1.773929464E2,1.906258714E-1,-7.931622874E-2,1.773928102E2
1.876120211E2,2.274385901E-2,7.336004637E-4,1.642535441E-3,9.997397065E-1,1.773935210E2,1.900841865E-1,-7.976170019E-2,1.773933845E2
1.876170211E2,2.274659464E-2,7.322579622E-4,1.641530893E-3,9.997396469E-1,1.773932074E2,1.899658217E-1,-7.960999926E-2,1.773930712E2
1.876220211E2,2.274646160E-2,7.310900255E-4,1.643893309E-3,9.997396469E-1,1.773932227E2,1.902334098E-1,-7.947006555E-2,1.773930865E2
1.876270211E2,2.274605547E-2,7.326977793E-4,1.648789737E-3,9.997396469E-1,1.773932692E2,1.907985142E-1,-7.964156670E-2,1.773931324E2
1.876320211E2,2.274385980E-2,7.333928370E-4,1.642617164E-3,9.997397065E-1,1.773935209E2,1.900930078E-1,-7.973770095E-2,1.773933844E2
1.876370211E2,2.274131890E-2,7.349704392E-4,1.640813774E-3,9.997397661E-1,1.773938121E2,1.898903167E-1,-7.992361683E-2,1.773936755E2
1.876420211E2,2.274905447E-2,7.295424584E-4,1.644949778E-3,9.997395873E-1,1.773929255E2,1.903506124E-1,-7.928952595E-2,1.773927895E2
1.876470211E2,2.274918974E-2,7.292841910E-4,1.643192605E-3,9.997395873E-1,1.773929100E2,1.901486443E-1,-7.926449358E-2,1.773927742E2
1.876520211E2,2.275243921E-2,7.285433821E-4,1.634773449E-3,9.997395277E-1,1.773925375E2,1.891824537E-1,-7.920095908E-2,1.773924026E2
1.876570211E2,2.275520275E-2,7.260271814E-4,1.633878797E-3,9.997394681E-1,1.773922208E2,1.890736173E-1,-7.891450874E-2,1.773920864E2
1.876620211E2,2.275227606E-2,7.270061178E-4,1.637725742E-3,9.997395277E-1,1.773925562E2,1.895166531E-1,-7.901718057E-2,1.773924213E2
1.876670211E2,2.275230211E-2,7.282340084E-4,1.636818051E-3,9.997395277E-1,1.773925532E2,1.894158701E-1,-7.916021161E-2,1.773924182E2
1.876720211E2,2.275541193E-2,7.252392243E-4,1.631313469E-3,9.997394681E-1,1.773921968E2,1.887776894E-1,-7.883088908E-2,1.773920628E2
1.876770211E2,2.276048346E-2,7.216778467E-4,1.635193592E-3,9.997393489E-1,1.773916155E2,1.892133143E-1,-7.841181333E-2,1.773914818E2
1.876820211E2,2.276596802E-2,7.183502894E-4,1.633191248E-3,9.997392297E-1,1.773909868E2,1.889756695E-1,-7.803478856E-2,1.773908540E2
1.876870211E2,2.276080607E-2,7.226024172E-4,1.630287385E-3,9.997393489E-1,1.773915785E2,1.886536860E-1,-7.853046970E-2,1.773914451E2
1.876920211E2,2.276609689E-2,7.192874909E-4,1.630980871E-3,9.997392297E-1,1.773909721E2,1.887248995E-1,-7.814789837E-2,1.773908392E2
1.876970211E2,2.276070474E-2,7.224773872E-4,1.631756779E-3,9.997393489E-1,1.773915901E2,1.888216887E-1,-7.851233250E-2,1.773914566E2
1.877020211E2,2.275509966E-2,7.256338722E-4,1.635488588E-3,9.997394681E-1,1.773922326E2,1.892570045E-1,-7.886527223E-2,1.773920981E2
1.877070211E2,2.275260386E-2,7.271762006E-4,1.633089734E-3,9.997395277E-1,1.773925186E2,1.889860116E-1,-7.904869131E-2,1.773923841E2
1.877120211E2,2.275268494E-2,7.270764327E-4,1.632004045E-3,9.997395277E-1,1.773925094E2,1.888613790E-1,-7.904007723E-2,1.773923749E2
1.877170211E2,2.275504626E-2,7.257054094E-4,1.636199653E-3,9.997394681E-1,1.773922387E2,1.893386479E-1,-7.887162354E-2,1.773921042E2
1.877220211E2,2.275755849E-2,7.243882283E-4,1.638261019E-3,9.997394085E-1,1.773919507E2,1.895715651E-1,-7.871487322E-2,1.773918163E2
1.877270211E2,2.275256105E-2,7.271988434E-4,1.633675885E-3,9.997395277E-1,1.773925236E2,1.890532180E-1,-7.904976508E-2,1.773923890E2
1.877320211E2,2.275003243E-2,7.302091690E-4,1.631070278E-3,9.997395873E-1,1.773928134E2,1.887623631E-1,-7.940190454E-2,1.773926784E2
1.877370211E2,2.275501539E-2,7.262543077E-4,1.636385336E-3,9.997394681E-1,1.773922422E2,1.893613492E-1,-7.893402793E-2,1.773921076E2
1.877420211E2,2.275510624E-2,7.263403386E-4,1.635083347E-3,9.997394681E-1,1.773922318E2,1.892124221E-1,-7.894726175E-2,1.773920973E2
1.877470211E2,2.274978037E-2,7.302793092E-4,1.634550863E-3,9.997395873E-1,1.773928423E2,1.891612693E-1,-7.940091339E-2,1.773927070E2
1.877520211E2,2.274976918E-2,7.295173709E-4,1.635046792E-3,9.997395873E-1,1.773928436E2,1.892160965E-1,-7.931233359E-2,1.773927084E2
1.877570211E2,2.275763288E-2,7.239579572E-4,1.637417590E-3,9.997394085E-1,1.773919422E2,1.894738237E-1,-7.866776615E-2,1.773918080E2
1.877620211E2,2.275804255E-2,7.231106283E-4,1.632089610E-3,9.997394085E-1,1.773918953E2,1.888612612E-1,-7.858451249E-2,1.773917616E2
1.877670211E2,2.275851935E-2,7.237787941E-4,1.625129953E-3,9.997394085E-1,1.773918406E2,1.880657285E-1,-7.867911994E-2,1.773917073E2
1.877720211E2,2.276627708E-2,7.192894118E-4,1.628462807E-3,9.997392297E-1,1.773909514E2,1.884364440E-1,-7.815465394E-2,1.773908187E2
1.877770211E2,2.276348777E-2,7.199620595E-4,1.630564802E-3,9.997392893E-1,1.773912711E2,1.886787897E-1,-7.822675602E-2,1.773911382E2
1.877820211E2,2.275856631E-2,7.241153507E-4,1.624322147E-3,9.997394085E-1,1.773918352E2,1.879740661E-1,-7.871977445E-2,1.773917020E2
1.877870211E2,2.276140990E-2,7.215159130E-4,1.622318756E-3,9.997393489E-1,1.773915093E2,1.877379962E-1,-7.842666933E-2,1.773913767E2
1.877920211E2,2.276379175E-2,7.196824881E-4,1.626439276E-3,9.997392893E-1,1.773912363E2,1.882054552E-1,-7.820543262E-2,1.773911037E2
1.877970211E2,2.276099186E-2,7.228064351E-4,1.627600868E-3,9.997393489E-1,1.773915572E2,1.883464598E-1,-7.856081467E-2,1.773914239E2
1.878020211E2,2.275571755E-2,7.252506912E-4,1.627039630E-3,9.997394681E-1,1.773921617E2,1.882881233E-1,-7.884329015E-2,1.773920281E2
1.878070211E2,2.275850053E-2,7.240159321E-4,1.625287812E-3,9.997394085E-1,1.773918428E2,1.880844302E-1,-7.870587872E-2,1.773917094E2
1.878120211E2,2.276363528E-2,7.208908792E-4,1.628093189E-3,9.997392893E-1,1.773912542E2,1.883980712E-1,-7.833958296E-2,1.773911213E2
1.878170211E2,2.274772255E-2,7.307192427E-4,1.626518089E-3,9.997396469E-1,1.773930781E2,1.882420011E-1,-7.947264243E-2,1.773929434E2
1.878220211E2,2.274788642E-2,7.313296665E-4,1.623949967E-3,9.997396469E-1,1.773930594E2,1.879493960E-1,-7.954923753E-2,1.773929248E2
1.878270211E2,2.274779814E-2,7.318583084E-4,1.624948112E-3,9.997396469E-1,1.773930695E2,1.880651168E-1,-7.960721428E-2,1.773929347E2
1.878320211E2,2.275281967E-2,7.280031568E-4,1.629711012E-3,9.997395277E-1,1.773924939E2,1.886011116E-1,-7.915219782E-2,1.773923595E2
1.878370211E2,2.274746164E-2,7.320305449E-4,1.629574574E-3,9.997396469E-1,1.773931081E2,1.885955563E-1,-7.961494900E-2,1.773929729E2
1.878420211E2,2.273971186E-2,7.359567098E-4,1.626262791E-3,9.997398257E-1,1.773939963E2,1.882257665E-1,-8.007482969E-2,1.773938607E2
1.878470211E2,2.274759477E-2,7.310385117E-4,1.628160942E-3,9.997396469E-1,1.773930928E2,1.884310320E-1,-7.950495990E-2,1.773929579E2
1.878520211E2,2.274469731E-2,7.327485364E-4,1.631268999E-3,9.997397065E-1,1.773934249E2,1.887913248E-1,-7.969330836E-2,1.773932894E2
1.878570211E2,2.273943420E-2,7.361942553E-4,1.630033250E-3,9.997398257E-1,1.773940282E2,1.886583153E-1,-8.009227021E-2,1.773938921E2
1.878620211E2,2.273419933E-2,7.406968507E-4,1.627897611E-3,9.997399449E-1,1.773946282E2,1.884249642E-1,-8.061464750E-2,1.773944915E2
1.878670211E2,2.274204400E-2,7.355778362E-4,1.630458981E-3,9.997397661E-1,1.773937290E2,1.887056903E-1,-8.002005011E-2,1.773935931E2
1.878720211E2,2.274437835E-2,7.340846350E-4,1.635110937E-3,9.997397065E-1,1.773934615E2,1.892349229E-1,-7.983642060E-2,1.773933254E2
1.878770211E2,2.274477433E-2,7.329627406E-4,1.630098443E-3,9.997397065E-1,1.773934161E2,1.886577879E-1,-7.972088448E-2,1.773932807E2
1.878820211E2,2.275007351E-2,7.291263901E-4,1.630981686E-3,9.997395873E-1,1.773928087E2,1.887493939E-1,-7.927808269E-2,1.773926739E2
1.878870211E2,2.275784494E-2,7.241318817E-4,1.634390559E-3,9.997394085E-1,1.773919179E2,1.891275109E-1,-7.869554553E-2,1.773917839E2
1.878920211E2,2.275239620E-2,7.281841827E-4,1.635531895E-3,9.997395277E-1,1.773925424E2,1.892684028E-1,-7.915783915E-2,1.773924075E2
1.878970211E2,2.273939308E-2,7.363893092E-4,1.630518702E-3,9.997398257E-1,1.773940329E2,1.887144348E-1,-8.011335866E-2,1.773938968E2
1.879020211E2,2.274997005E-2,7.303672028E-4,1.631869352E-3,9.997395873E-1,1.773928205E2,1.888543139E-1,-7.941793769E-2,1.773926855E2
1.879070211E2,2.274971296E-2,7.302924641E-4,1.635483000E-3,9.997395873E-1,1.773928500E2,1.892680859E-1,-7.940000305E-2,1.773927147E2
1.879120211E2,2.274687747E-2,7.306330954E-4,1.638332615E-3,9.997396469E-1,1.773931750E2,1.895952066E-1,-7.943213497E-2,1.773930394E2
1.879170211E2,2.274406122E-2,7.331565139E-4,1.639931579E-3,9.997397065E-1,1.773934978E2,1.897847414E-1,-7.971758881E-2,1.773933616E2
1.879220211E2,2.275207894E-2,7.280713762E-4,1.639989438E-3,9.997395277E-1,1.773925788E2,1.897787491E-1,-7.913335360E-2,1.773924436E2
1.879270211E2,2.275178335E-2,7.285676547E-4,1.643865253E-3,9.997395277E-1,1.773926127E2,1.902240414E-1,-7.918015883E-2,1.773924770E2
1.879320211E2,2.274665008E-2,7.308317581E-4,1.641398179E-3,9.997396469E-1,1.773932011E2,1.899469041E-1,-7.944694620E-2,1.773930652E2
1.879370211E2,2.274671425E-2,7.314947434E-4,1.640213188E-3,9.997396469E-1,1.773931937E2,1.898128824E-1,-7.952597572E-2,1.773930578E2
1.879420211E2,2.274682637E-2,7.317208801E-4,1.638556598E-3,9.997396469E-1,1.773931809E2,1.896236984E-1,-7.955617935E-2,1.773930450E2
1.879470211E2,2.275474196E-2,7.263530279E-4,1.640139497E-3,9.997394681E-1,1.773922736E2,1.897916697E-1,-7.893559978E-2,1.773921386E2
1.879520211E2,2.275230427E-2,7.271363866E-4,1.637276029E-3,9.997395277E-1,1.773925530E2,1.894654750E-1,-7.903327160E-2,1.773924181E2
1.879570211E2,2.276076328E-2,7.217511302E-4,1.631261548E-3,9.997393489E-1,1.773915834E2,1.887630641E-1,-7.843041191E-2,1.773914501E2
1.879620211E2,2.276591231E-2,7.193174679E-4,1.633542008E-3,9.997392297E-1,1.773909932E2,1.890183725E-1,-7.814468562E-2,1.773908602E2
1.879670211E2,2.276330935E-2,7.194497157E-4,1.633279491E-3,9.997392893E-1,1.773912916E2,1.889884396E-1,-7.816101310E-2,1.773911585E2
1.879720211E2,2.275827896E-2,7.245710003E-4,1.628140570E-3,9.997394085E-1,1.773918682E2,1.884126785E-1,-7.876206987E-2,1.773917345E2
1.879770211E2,2.276379529E-2,7.195370854E-4,1.626454061E-3,9.997392893E-1,1.773912359E2,1.882067699E-1,-7.818873580E-2,1.773911033E2
1.879820211E2,2.276630633E-2,7.187170559E-4,1.628306578E-3,9.997392297E-1,1.773909480E2,1.884170549E-1,-7.808948594E-2,1.773908155E2
1.879870211E2,2.276109512E-2,7.218818064E-4,1.626566867E-3,9.997393489E-1,1.773915454E2,1.882255986E-1,-7.845756519E-2,1.773914124E2
1.879920211E2,2.276446362E-2,7.198634557E-4,1.616927679E-3,9.997392893E-1,1.773911593E2,1.871163114E-1,-7.825085150E-2,1.773910274E2
1.879970211E2,2.276397646E-2,7.194483769E-4,1.623955672E-3,9.997392893E-1,1.773912151E2,1.879203319E-1,-7.818505664E-2,1.773910828E2
1.880020211E2,2.275571338E-2,7.261401624E-4,1.626701211E-3,9.997394681E-1,1.773921622E2,1.882516727E-1,-7.894607284E-2,1.773920284E2
1.880070211E2,2.275053209E-2,7.289883215E-4,1.624634373E-3,9.997395873E-1,1.773927561E2,1.880219086E-1,-7.927872718E-2,1.773926219E2
1.880120211E2,2.274541638E-2,7.325181505E-4,1.621315954E-3,9.997397065E-1,1.773933425E2,1.876505394E-1,-7.969272248E-2,1.773932079E2
1.880170211E2,2.274822878E-2,7.318473654E-4,1.618913142E-3,9.997396469E-1,1.773930201E2,1.873737435E-1,-7.962161214E-2,1.773928858E2
1.880220211E2,2.274839255E-2,7.304721512E-4,1.617232221E-3,9.997396469E-1,1.773930014E2,1.871776012E-1,-7.946841648E-2,1.773928674E2
1.880270211E2,2.274046556E-2,7.356931455E-4,1.615809393E-3,9.997398257E-1,1.773939100E2,1.870275762E-1,-8.007173499E-2,1.773937752E2
1.880320211E2,2.274544406E-2,7.325041224E-4,1.620933996E-3,9.997397065E-1,1.773933393E2,1.876067471E-1,-7.969210581E-2,1.773932047E2
1.880370211E2,2.275335880E-2,7.282683509E-4,1.622047508E-3,9.997395277E-1,1.773924321E2,1.877238985E-1,-7.920245966E-2,1.773922982E2
1.880420211E2,2.275032016E-2,7.298230194E-4,1.627225312E-3,9.997395873E-1,1.773927804E2,1.883208917E-1,-7.936763657E-2,1.773926458E2
1.880470211E2,2.275312877E-2,7.269125781E-4,1.625877921E-3,9.997395277E-1,1.773924585E2,1.881591651E-1,-7.903719551E-2,1.773923246E2
1.880520211E2,2.275846394E-2,7.242882857E-4,1.625678735E-3,9.997394085E-1,1.773918470E2,1.881299226E-1,-7.873606736E-2,1.773917136E2
1.880570211E2,2.275809665E-2,7.234872319E-4,1.631167950E-3,9.997394085E-1,1.773918891E2,1.887566604E-1,-7.863005035E-2,1.773917554E2
1.880620211E2,2.275253828E-2,7.277759723E-4,1.633736072E-3,9.997395277E-1,1.773925262E2,1.890616163E-1,-7.911572936E-2,1.773923915E2
1.880670211E2,2.275803504E-2,7.233810611E-4,1.632074360E-3,9.997394085E-1,1.773918961E2,1.888602189E-1,-7.861553494E-2,1.773917624E2
1.880720211E2,2.276102493E-2,7.223752909E-4,1.627329853E-3,9.997393489E-1,1.773915534E2,1.883142897E-1,-7.851212272E-2,1.773914203E2
1.880770211E2,2.275564821E-2,7.259055856E-4,1.627717284E-3,9.997394681E-1,1.773921697E2,1.883674593E-1,-7.891656191E-2,1.773920358E2
1.880820211E2,2.274773529E-2,7.310466026E-4,1.626192825E-3,9.997396469E-1,1.773930767E2,1.882055925E-1,-7.951099088E-2,1.773929420E2
1.880870211E2,2.274775162E-2,7.313542301E-4,1.625826000E-3,9.997396469E-1,1.773930748E2,1.881643716E-1,-7.954718640E-2,1.773929401E2
1.880920211E2,2.275324008E-2,7.283691666E-4,1.623666729E-3,9.997395277E-1,1.773924457E2,1.879096534E-1,-7.920980951E-2,1.773923117E2
1.880970211E2,2.274497105E-2,7.339079166E-4,1.626925310E-3,9.997397065E-1,1.773933935E2,1.882967466E-1,-7.983739924E-2,1.773932582E2
1.881020211E2,2.273993133E-2,7.369664963E-4,1.622732729E-3,9.997398257E-1,1.773939712E2,1.878240043E-1,-8.019967047E-2,1.773938356E2
1.881070211E2,2.274269919E-2,7.352813846E-4,1.621428761E-3,9.997397661E-1,1.773936539E2,1.876704486E-1,-8.000949952E-2,1.773935188E2
1.881120211E2,2.274221208E-2,7.344057085E-4,1.628641970E-3,9.997397661E-1,1.773937098E2,1.884944881E-1,-7.989047285E-2,1.773935742E2
1.881170211E2,2.273369693E-2,7.408066303E-4,1.634849003E-3,9.997399449E-1,1.773946858E2,1.892215763E-1,-8.060920876E-2,1.773945485E2
1.881220211E2,2.273963434E-2,7.361866301E-4,1.627242309E-3,9.997398257E-1,1.773940052E2,1.883385752E-1,-8.009863183E-2,1.773938694E2
1.881270211E2,2.274341787E-2,7.348312647E-4,1.611522050E-3,9.997397661E-1,1.773935716E2,1.865343988E-1,-7.998361836E-2,1.773934373E2
1.881320211E2,2.274622535E-2,7.328746724E-4,1.609764528E-3,9.997397065E-1,1.773932498E2,1.863281772E-1,-7.976352510E-2,1.773931160E2
1.881370211E2,2.274888960E-2,7.310123765E-4,1.609980129E-3,9.997396469E-1,1.773929444E2,1.863482340E-1,-7.954911856E-2,1.773928109E2
1.881420211E2,2.274318624E-2,7.343119360E-4,1.615023823E-3,9.997397661E-1,1.773935981E2,1.869341972E-1,-7.991503962E-2,1.773934636E2
1.881470211E2,2.274039870E-2,7.367601502E-4,1.616264111E-3,9.997398257E-1,1.773939176E2,1.870824452E-1,-8.019280047E-2,1.773937826E2
1.881520211E2,2.274303938E-2,7.354547270E-4,1.616571215E-3,9.997397661E-1,1.773936149E2,1.871144368E-1,-8.004195430E-2,1.773934801E2
1.881570211E2,2.273751570E-2,7.375794230E-4,1.619579038E-3,9.997398853E-1,1.773942481E2,1.874641140E-1,-8.027855975E-2,1.773941126E2
1.881620211E2,2.273478745E-2,7.399632595E-4,1.619998598E-3,9.997399449E-1,1.773945608E2,1.875181721E-1,-8.055107485E-2,1.773944248E2
1.881670211E2,2.273419589E-2,7.404314238E-4,1.628066413E-3,9.997399449E-1,1.773946286E2,1.884436107E-1,-8.058380058E-2,1.773944919E2
1.881720211E2,2.274245006E-2,7.355496055E-4,1.624798053E-3,9.997397661E-1,1.773936825E2,1.880571212E-1,-8.003149300E-2,1.773935470E2
1.881770211E2,2.274297223E-2,7.342871977E-4,1.618045964E-3,9.997397661E-1,1.773936226E2,1.872803386E-1,-7.990436900E-2,1.773934879E2
1.881820211E2,2.275140566E-2,7.287177141E-4,1.612477005E-3,9.997395873E-1,1.773926560E2,1.866284983E-1,-7.927925900E-2,1.773925228E2
1.881870211E2,2.274586191E-2,7.319365977E-4,1.615317189E-3,9.997397065E-1,1.773932914E2,1.869618275E-1,-7.964165165E-2,1.773931574E2
1.881920211E2,2.274319452E-2,7.347686915E-4,1.614699489E-3,9.997397661E-1,1.773935972E2,1.868982321E-1,-7.996821012E-2,1.773934626E2
1.881970211E2,2.274623634E-2,7.320681470E-4,1.609976171E-3,9.997397065E-1,1.773932485E2,1.863503218E-1,-7.967057439E-2,1.773931149E2
1.882020211E2,2.274628251E-2,7.330959197E-4,1.608855906E-3,9.997397065E-1,1.773932432E2,1.862246649E-1,-7.979122941E-2,1.773931095E2
1.882070211E2,2.274047491E-2,7.368771476E-4,1.615138142E-3,9.997398257E-1,1.773939089E2,1.869537628E-1,-8.020912393E-2,1.773937739E2
1.882120211E2,2.273756757E-2,7.375770947E-4,1.618851791E-3,9.997398853E-1,1.773942421E2,1.873807972E-1,-8.028017826E-2,1.773941067E2
1.882170211E2,2.274029270E-2,7.367979269E-4,1.617737580E-3,9.997398257E-1,1.773939298E2,1.872513389E-1,-8.019330825E-2,1.773937946E2
1.882220211E2,2.274054118E-2,7.371951360E-4,1.614059671E-3,9.997398257E-1,1.773939013E2,1.868310449E-1,-8.024835137E-2,1.773937663E2
1.882270211E2,2.274606897E-2,7.323788013E-4,1.612198073E-3,9.997397065E-1,1.773932677E2,1.866056642E-1,-7.970040299E-2,1.773931338E2
1.882320211E2,2.274600523E-2,7.332092500E-4,1.612719730E-3,9.997397065E-1,1.773932750E2,1.866675862E-1,-7.979419279E-2,1.773931409E2
1.882370211E2,2.273830246E-2,7.382952608E-4,1.608167076E-3,9.997398853E-1,1.773941579E2,1.861586638E-1,-8.039015669E-2,1.773940232E2
1.882420211E2,2.273310957E-2,7.414906868E-4,1.606002566E-3,9.997400045E-1,1.773947531E2,1.859186007E-1,-8.076283633E-2,1.773946180E2
1.882470211E2,2.273300792E-2,7.424592623E-4,1.606993610E-3,9.997400045E-1,1.773947648E2,1.860346521E-1,-8.087123519E-2,1.773946294E2
1.882520211E2,2.273019188E-2,7.434237050E-4,1.609299099E-3,9.997400641E-1,1.773950875E2,1.863010586E-1,-8.097624212E-2,1.773949518E2
1.882570211E2,2.273532128E-2,7.404345670E-4,1.612273161E-3,9.997399449E-1,1.773944996E2,1.866344004E-1,-8.062509653E-2,1.773943642E2
1.882620211E2,2.273756360E-2,7.377960719E-4,1.618807786E-3,9.997398853E-1,1.773942426E2,1.873763262E-1,-8.030538009E-2,1.773941071E2
1.882670211E2,2.273219229E-2,7.424226496E-4,1.618507202E-3,9.997400045E-1,1.773948582E2,1.873535129E-1,-8.083719899E-2,1.773947219E2
1.882720211E2,2.273246471E-2,7.427911623E-4,1.614506938E-3,9.997400045E-1,1.773948270E2,1.868962161E-1,-8.088978646E-2,1.773946910E2
1.882770211E2,2.273019863E-2,7.440126501E-4,1.608931459E-3,9.997400641E-1,1.773950868E2,1.862604758E-1,-8.104466913E-2,1.773949509E2
1.882820211E2,2.273544465E-2,7.408839301E-4,1.610325882E-3,9.997399449E-1,1.773944855E2,1.864124967E-1,-8.068162685E-2,1.773943501E2
1.882870211E2,2.272484142E-2,7.464453811E-4,1.609406783E-3,9.997401834E-1,1.773957008E2,1.863208317E-1,-8.132312751E-2,1.773955645E2
1.882920211E2,2.272243425E-2,7.493747398E-4,1.605001395E-3,9.997402430E-1,1.773959767E2,1.858235735E-1,-8.167064023E-2,1.773958402E2
1.882970211E2,2.272510009E-2,7.475647144E-4,1.605229336E-3,9.997401834E-1,1.773956712E2,1.858451905E-1,-8.146219128E-2,1.773955350E2
1.883020211E2,2.272507591E-2,7.465119706E-4,1.606061356E-3,9.997401834E-1,1.773956739E2,1.859377647E-1,-8.133942473E-2,1.773955379E2
1.883070211E2,2.272244885E-2,7.483872469E-4,1.605255413E-3,9.997402430E-1,1.773959750E2,1.858501039E-1,-8.155684706E-2,1.773958387E2
1.883120211E2,2.272510098E-2,7.476895698E-4,1.605158672E-3,9.997401834E-1,1.773956711E2,1.858374203E-1,-8.147667881E-2,1.773955348E2
1.883170211E2,2.273557174E-2,7.407057565E-4,1.608612482E-3,9.997399449E-1,1.773944709E2,1.862157518E-1,-8.066565543E-2,1.773943357E2
1.883220211E2,2.273298096E-2,7.425536169E-4,1.607331331E-3,9.997400045E-1,1.773947678E2,1.860735858E-1,-8.088116983E-2,1.773946324E2
1.883270211E2,2.273080018E-2,7.443057257E-4,1.600274118E-3,9.997400641E-1,1.773950178E2,1.852694841E-1,-8.110068381E-2,1.773948826E2
1.883320211E2,2.273087498E-2,7.425809745E-4,1.600012882E-3,9.997400641E-1,1.773950092E2,1.852350692E-1,-8.090375980E-2,1.773948744E2
1.883370211E2,2.273350366E-2,7.422055351E-4,1.600082964E-3,9.997400045E-1,1.773947079E2,1.852423325E-1,-8.086007915E-2,1.773945732E2
1.883420211E2,2.273077316E-2,7.429852267E-4,1.601271215E-3,9.997400641E-1,1.773950209E2,1.853802715E-1,-8.094681271E-2,1.773948859E2
1.883470211E2,2.273072690E-2,7.428120007E-4,1.602008124E-3,9.997400641E-1,1.773950262E2,1.854642384E-1,-8.092505664E-2,1.773948912E2
1.883520211E2,2.273589392E-2,7.396342698E-4,1.604546793E-3,9.997399449E-1,1.773944340E2,1.857472117E-1,-8.055343705E-2,1.773942993E2
1.883570211E2,2.273848663E-2,7.389009115E-4,1.605282305E-3,9.997398853E-1,1.773941368E2,1.858297712E-1,-8.046702390E-2,1.773940022E2
1.883620211E2,2.272803839E-2,7.454009028E-4,1.601753756E-3,9.997401237E-1,1.773953344E2,1.854416235E-1,-8.122280728E-2,1.773951989E2
1.883670211E2,2.273090229E-2,7.439965848E-4,1.598966890E-3,9.997400641E-1,1.773950061E2,1.851189282E-1,-8.106865435E-2,1.773948711E2
1.883720211E2,2.273649537E-2,7.400676259E-4,1.595800743E-3,9.997399449E-1,1.773943650E2,1.847464229E-1,-8.062575961E-2,1.773942310E2
1.883770211E2,2.272813943E-2,7.452786667E-4,1.600376330E-3,9.997401237E-1,1.773953228E2,1.852835124E-1,-8.121237258E-2,1.773951874E2
1.883820211E2,2.271755891E-2,7.520026411E-4,1.598518924E-3,9.997403622E-1,1.773965355E2,1.850873711E-1,-8.198948001E-2,1.773963990E2
1.883870211E2,2.272010540E-2,7.510999567E-4,1.600028481E-3,9.997403026E-1,1.773962437E2,1.852581677E-1,-8.188166498E-2,1.773961072E2
1.883920211E2,2.270957997E-2,7.579712546E-4,1.597239985E-3,9.997405410E-1,1.773974501E2,1.849557334E-1,-8.267806118E-2,1.773973126E2
1.883970211E2,2.270935733E-2,7.580225938E-4,1.600378077E-3,9.997405410E-1,1.773974756E2,1.853153554E-1,-8.267581718E-2,1.773973378E2
1.884020211E2,2.270921644E-2,7.585306885E-4,1.602135599E-3,9.997405410E-1,1.773974918E2,1.855180118E-1,-8.272947775E-2,1.773973537E2
1.884070211E2,2.271186437E-2,7.556164637E-4,1.603170997E-3,9.997404814E-1,1.773971883E2,1.856292627E-1,-8.239243248E-2,1.773970507E2
1.884120211E2,2.271177223E-2,7.573314942E-4,1.603667042E-3,9.997404814E-1,1.773971988E2,1.856905474E-1,-8.258763563E-2,1.773970609E2
1.884170211E2,2.271435942E-2,7.554710610E-4,1.605059137E-3,9.997404218E-1,1.773969023E2,1.858453994E-1,-8.237039674E-2,1.773967646E2
1.884220211E2,2.271209132E-2,7.572015165E-4,1.599203097E-3,9.997404814E-1,1.773971622E2,1.851788359E-1,-8.258430443E-2,1.773970247E2
1.884270211E2,2.272039145E-2,7.515581674E-4,1.595745794E-3,9.997403026E-1,1.773962109E2,1.847687502E-1,-8.194525629E-2,1.773960747E2
1.884320211E2,2.271766996E-2,7.522541564E-4,1.596821472E-3,9.997403622E-1,1.773965228E2,1.848935713E-1,-8.202269265E-2,1.773963864E2
1.884370211E2,2.271236800E-2,7.565497654E-4,1.595577924E-3,9.997404814E-1,1.773971305E2,1.847618543E-1,-8.251902290E-2,1.773969934E2
1.884420211E2,2.271258387E-2,7.568249130E-4,1.592371496E-3,9.997404814E-1,1.773971058E2,1.843952529E-1,-8.255885016E-2,1.773969689E2
1.884470211E2,2.271512688E-2,7.550424198E-4,1.594364061E-3,9.997404218E-1,1.773968143E2,1.846190950E-1,-8.234898852E-2,1.773966776E2
1.884520211E2,2.270964026E-2,7.581517566E-4,1.596296788E-3,9.997405410E-1,1.773974432E2,1.848481534E-1,-8.270118332E-2,1.773973057E2
1.884570211E2,2.270652687E-2,7.599070668E-4,1.602410339E-3,9.997406006E-1,1.773978000E2,1.855528460E-1,-8.288694244E-2,1.773976617E2
1.884620211E2,2.270959333E-2,7.582906983E-4,1.596898423E-3,9.997405410E-1,1.773974486E2,1.849174358E-1,-8.271554368E-2,1.773973110E2
1.884670211E2,2.271483965E-2,7.549407892E-4,1.598499017E-3,9.997404218E-1,1.773968472E2,1.850925165E-1,-8.232663499E-2,1.773967102E2
1.884720211E2,2.271491936E-2,7.549558068E-4,1.597358845E-3,9.997404218E-1,1.773968381E2,1.849619416E-1,-8.233130863E-2,1.773967011E2
1.884770211E2,2.271514985E-2,7.552462630E-4,1.593940193E-3,9.997404218E-1,1.773968117E2,1.845710683E-1,-8.237344031E-2,1.773966749E2
1.884820211E2,2.271269874E-2,7.553532487E-4,1.591431559E-3,9.997404814E-1,1.773970926E2,1.842837502E-1,-8.239267884E-2,1.773969561E2
1.884870211E2,2.271754211E-2,7.520793588E-4,1.598721603E-3,9.997403622E-1,1.773965375E2,1.851107889E-1,-8.199774440E-2,1.773964009E2
1.884920211E2,2.272279458E-2,7.485044771E-4,1.600299263E-3,9.997402430E-1,1.773959354E2,1.852826500E-1,-8.158311861E-2,1.773957994E2
1.884970211E2,2.272011597E-2,7.510614232E-4,1.599896466E-3,9.997403026E-1,1.773962424E2,1.852429443E-1,-8.187759228E-2,1.773961060E2
1.885020211E2,2.272345106E-2,7.483284571E-4,1.591033186E-3,9.997402430E-1,1.773958602E2,1.842207030E-1,-8.158696115E-2,1.773957250E2
1.885070211E2,2.272052671E-2,7.503230590E-4,1.594400615E-3,9.997403026E-1,1.773961954E2,1.846114384E-1,-8.180723746E-2,1.773960595E2
1.885120211E2,2.272079497E-2,7.505332469E-4,1.590474043E-3,9.997403026E-1,1.773961646E2,1.841621709E-1,-8.184149126E-2,1.773960291E2
1.885170211E2,2.272360567E-2,7.489804411E-4,1.588516287E-3,9.997402430E-1,1.773958425E2,1.839340721E-1,-8.166817934E-2,1.773957073E2
1.885220211E2,2.272624842E-2,7.464876398E-4,1.589395339E-3,9.997401834E-1,1.773955395E2,1.840285012E-1,-8.137982385E-2,1.773954048E2
1.885270211E2,2.272324219E-2,7.483951049E-4,1.593982219E-3,9.997402430E-1,1.773958841E2,1.845587072E-1,-8.158695556E-2,1.773957487E2
1.885320211E2,2.272095968E-2,7.502679946E-4,1.588244573E-3,9.997403026E-1,1.773961457E2,1.839060807E-1,-8.181687814E-2,1.773960104E2
1.885370211E2,2.272645209E-2,7.472644211E-4,1.586114638E-3,9.997401834E-1,1.773955162E2,1.836546969E-1,-8.147732009E-2,1.773953816E2
1.885420211E2,2.273139922E-2,7.435110747E-4,1.592113636E-3,9.997400641E-1,1.773949491E2,1.843325800E-1,-8.103079390E-2,1.773948148E2
1.885470211E2,2.272816919E-2,7.446803502E-4,1.600232208E-3,9.997401237E-1,1.773953194E2,1.852654453E-1,-8.114419820E-2,1.773951841E2
1.885520211E2,2.273370842E-2,7.420250913E-4,1.597255003E-3,9.997400045E-1,1.773946845E2,1.849179015E-1,-8.084673674E-2,1.773945500E2
1.885570211E2,2.274178376E-2,7.361632306E-4,1.596932532E-3,9.997398257E-1,1.773937589E2,1.848663332E-1,-8.017453819E-2,1.773936255E2
1.885620211E2,2.274139820E-2,7.359169540E-4,1.602526871E-3,9.997398257E-1,1.773938031E2,1.855065598E-1,-8.013181614E-2,1.773936693E2
1.885670211E2,2.274409700E-2,7.339705480E-4,1.602303120E-3,9.997397661E-1,1.773934937E2,1.854760692E-1,-7.990891480E-2,1.773933603E2
1.885720211E2,2.274156073E-2,7.361005992E-4,1.600134303E-3,9.997398257E-1,1.773937844E2,1.852329538E-1,-8.015906004E-2,1.773936508E2
1.885770211E2,2.273906966E-2,7.371581742E-4,1.597807510E-3,9.997398853E-1,1.773940700E2,1.849689478E-1,-8.028674254E-2,1.773939363E2
1.885820211E2,2.274459887E-2,7.347579231E-4,1.594800851E-3,9.997397661E-1,1.773934362E2,1.846186857E-1,-8.001857927E-2,1.773933032E2
1.885870211E2,2.273345757E-2,7.410378894E-4,1.601278665E-3,9.997400045E-1,1.773947132E2,1.853762687E-1,-8.072320504E-2,1.773945786E2
1.885920211E2,2.273096773E-2,7.426554221E-4,1.598660136E-3,9.997400641E-1,1.773949986E2,1.850802971E-1,-8.091579526E-2,1.773948639E2
1.885970211E2,2.273383137E-2,7.408313104E-4,1.596058719E-3,9.997400045E-1,1.773946704E2,1.847777522E-1,-8.071306889E-2,1.773945362E2
1.886020211E2,2.273086069E-2,7.428742247E-4,1.600079820E-3,9.997400641E-1,1.773950109E2,1.852435006E-1,-8.093718336E-2,1.773948760E2
1.886070211E2,2.272807074E-2,7.454701117E-4,1.601262484E-3,9.997401237E-1,1.773953307E2,1.853855252E-1,-8.123200954E-2,1.773951952E2
1.886120211E2,2.273080284E-2,7.438656176E-4,1.600440941E-3,9.997400641E-1,1.773950175E2,1.852874494E-1,-8.104982917E-2,1.773948824E2
1.886170211E2,2.273875621E-2,7.382541662E-4,1.601757365E-3,9.997398853E-1,1.773941059E2,1.854242828E-1,-8.040206680E-2,1.773939717E2
1.886220211E2,2.273596658E-2,7.394022541E-4,1.603623852E-3,9.997399449E-1,1.773944256E2,1.856408789E-1,-8.052924811E-2,1.773942911E2
1.886270211E2,2.273890718E-2,7.381267496E-4,1.599671552E-3,9.997398853E-1,1.773940886E2,1.851850076E-1,-8.039287699E-2,1.773939546E2
1.886320211E2,2.274144009E-2,7.367979852E-4,1.601527212E-3,9.997398257E-1,1.773937982E2,1.853943364E-1,-8.023534610E-2,1.773936644E2
1.886370211E2,2.274637152E-2,7.320879376E-4,1.608056133E-3,9.997397065E-1,1.773932330E2,1.861304205E-1,-7.967782136E-2,1.773930995E2
1.886420211E2,2.274636596E-2,7.330405642E-4,1.607700833E-3,9.997397065E-1,1.773932336E2,1.860921996E-1,-7.978788315E-2,1.773931000E2
1.886470211E2,2.275447029E-2,7.274646778E-4,1.606744132E-3,9.997395277E-1,1.773923047E2,1.859687035E-1,-7.915008594E-2,1.773921722E2
1.886520211E2,2.275998818E-2,7.224938017E-4,1.605006750E-3,9.997394085E-1,1.773916722E2,1.857571357E-1,-7.858411879E-2,1.773915408E2
1.886570211E2,2.276517345E-2,7.189930766E-4,1.607292565E-3,9.997392893E-1,1.773910779E2,1.860102773E-1,-7.817614290E-2,1.773909470E2
1.886620211E2,2.275988132E-2,7.237620885E-4,1.605950412E-3,9.997394085E-1,1.773916845E2,1.858685436E-1,-7.872697450E-2,1.773915527E2
1.886670211E2,2.275740162E-2,7.242343854E-4,1.603771700E-3,9.997394681E-1,1.773919687E2,1.856199822E-1,-7.878722464E-2,1.773918371E2
1.886720211E2,2.275971268E-2,7.229393814E-4,1.608708641E-3,9.997394085E-1,1.773917038E2,1.861823727E-1,-7.862556107E-2,1.773915720E2
1.886770211E2,2.275722960E-2,7.248357870E-4,1.605939586E-3,9.997394681E-1,1.773919884E2,1.858698948E-1,-7.885050052E-2,1.773918565E2
1.886820211E2,2.275461137E-2,7.270649076E-4,1.604925958E-3,9.997395277E-1,1.773922885E2,1.857593782E-1,-7.910900243E-2,1.773921563E2
1.886870211E2,2.276541143E-2,7.187775918E-4,1.604014891E-3,9.997392893E-1,1.773910506E2,1.856342366E-1,-7.815996330E-2,1.773909200E2
1.886920211E2,2.277092802E-2,7.163198316E-4,1.601106487E-3,9.997391701E-1,1.773904183E2,1.852950610E-1,-7.788496318E-2,1.773902884E2
1.886970211E2,2.276269693E-2,7.207226008E-4,1.604516059E-3,9.997393489E-1,1.773913618E2,1.856965134E-1,-7.838198363E-2,1.773912307E2
1.887020211E2,2.276298022E-2,7.208518800E-4,1.600433839E-3,9.997393489E-1,1.773913293E2,1.852292052E-1,-7.840739026E-2,1.773911985E2
1.887070211E2,2.276836605E-2,7.183084963E-4,1.599431387E-3,9.997392297E-1,1.773907120E2,1.851081477E-1,-7.811763355E-2,1.773905818E2
1.887120211E2,2.276022309E-2,7.233786164E-4,1.601272728E-3,9.997394085E-1,1.773916453E2,1.853316849E-1,-7.869518037E-2,1.773915140E2
1.887170211E2,2.276294366E-2,7.205689326E-4,1.601081109E-3,9.997393489E-1,1.773913335E2,1.853026167E-1,-7.837329363E-2,1.773912027E2
1.887220211E2,2.276588923E-2,7.187056472E-4,1.597251510E-3,9.997392893E-1,1.773909959E2,1.848592592E-1,-7.816927755E-2,1.773908658E2
1.887270211E2,2.277435108E-2,7.144424599E-4,1.590440748E-3,9.997391105E-1,1.773900260E2,1.840685384E-1,-7.769709015E-2,1.773898972E2
1.887320211E2,2.277720809E-2,7.117362111E-4,1.588206040E-3,9.997390509E-1,1.773896985E2,1.838056831E-1,-7.739236471E-2,1.773895704E2
1.887370211E2,2.277207982E-2,7.152722683E-4,1.585113583E-3,9.997391701E-1,1.773902863E2,1.834602366E-1,-7.780647448E-2,1.773901578E2
1.887420211E2,2.276717716E-2,7.184105925E-4,1.578921336E-3,9.997392893E-1,1.773908482E2,1.827586471E-1,-7.818306195E-2,1.773907196E2
1.887470211E2,2.277241467E-2,7.154411287E-4,1.580219250E-3,9.997391701E-1,1.773902479E2,1.828999985E-1,-7.783853051E-2,1.773901197E2
1.887520211E2,2.277776838E-2,7.110753795E-4,1.580447657E-3,9.997390509E-1,1.773896343E2,1.829151852E-1,-7.733680720E-2,1.773895069E2
1.887570211E2,2.277258087E-2,7.147099241E-4,1.578153693E-3,9.997391701E-1,1.773902289E2,1.826614685E-1,-7.776012248E-2,1.773901010E2
1.887620211E2,2.277246113E-2,7.151124300E-4,1.579698408E-3,9.997391701E-1,1.773902426E2,1.828394754E-1,-7.780222495E-2,1.773901145E2
1.887670211E2,2.277773523E-2,7.124258555E-4,1.580317155E-3,9.997390509E-1,1.773896381E2,1.829037575E-1,-7.749186673E-2,1.773895104E2
1.887720211E2,2.277750974E-2,7.117029163E-4,1.583888894E-3,9.997390509E-1,1.773896639E2,1.833110385E-1,-7.739976374E-2,1.773895361E2
1.887770211E2,2.277462603E-2,7.127630524E-4,1.587253879E-3,9.997391105E-1,1.773899944E2,1.836990819E-1,-7.751296119E-2,1.773898662E2
1.887820211E2,2.278020899E-2,7.092845044E-4,1.583776320E-3,9.997389913E-1,1.773893545E2,1.832920368E-1,-7.712250532E-2,1.773892272E2
1.887870211E2,2.278540606E-2,7.063603844E-4,1.585570979E-3,9.997388721E-1,1.773887588E2,1.834904014E-1,-7.678187426E-2,1.773886319E2
1.887920211E2,2.277479313E-2,7.131667808E-4,1.584672835E-3,9.997391105E-1,1.773899753E2,1.834044590E-1,-7.756591864E-2,1.773898472E2
1.887970211E2,2.277521803E-2,7.139241789E-4,1.578212017E-3,9.997391105E-1,1.773899266E2,1.826663044E-1,-7.766947211E-2,1.773897989E2
1.888020211E2,2.278055626E-2,7.091254811E-4,1.578844851E-3,9.997389913E-1,1.773893147E2,1.827266892E-1,-7.711709772E-2,1.773891878E2
1.888070211E2,2.278590180E-2,7.065022364E-4,1.578367315E-3,9.997388721E-1,1.773887020E2,1.826655436E-1,-7.681684431E-2,1.773885756E2
1.888120211E2,2.276990376E-2,7.162949769E-4,1.578304451E-3,9.997392297E-1,1.773905357E2,1.826826678E-1,-7.794180462E-2,1.773904075E2
1.888170211E2,2.276772737E-2,7.189262542E-4,1.570731634E-3,9.997392893E-1,1.773907852E2,1.818218065E-1,-7.826340439E-2,1.773906571E2
1.888220211E2,2.277065798E-2,7.174310740E-4,1.566865831E-3,9.997392297E-1,1.773904493E2,1.813752595E-1,-7.810166863E-2,1.773903218E2
1.888270211E2,2.277066563E-2,7.171948673E-4,1.566862804E-3,9.997392297E-1,1.773904484E2,1.813742969E-1,-7.807461489E-2,1.773903209E2
1.888320211E2,2.276511706E-2,7.203226560E-4,1.569988788E-3,9.997393489E-1,1.773910844E2,1.817401435E-1,-7.842579129E-2,1.773909561E2
1.888370211E2,2.277037171E-2,7.172576734E-4,1.571099740E-3,9.997392297E-1,1.773904821E2,1.818598300E-1,-7.807080743E-2,1.773903543E2
1.888420211E2,2.277048887E-2,7.166769938E-4,1.569665968E-3,9.997392297E-1,1.773904686E2,1.816940680E-1,-7.800800379E-2,1.773903411E2
1.888470211E2,2.277334605E-2,7.144801784E-4,1.567177940E-3,9.997391701E-1,1.773901411E2,1.814035236E-1,-7.776230675E-2,1.773900142E2
1.888520211E2,2.277055978E-2,7.174353814E-4,1.568290289E-3,9.997392297E-1,1.773904605E2,1.815384519E-1,-7.809846286E-2,1.773903329E2
1.888570211E2,2.277863170E-2,7.106637931E-4,1.568142208E-3,9.997390509E-1,1.773895353E2,1.815044401E-1,-7.732161897E-2,1.773894090E2
1.888620211E2,2.278399001E-2,7.076294278E-4,1.567670726E-3,9.997389317E-1,1.773889211E2,1.814429171E-1,-7.697425518E-2,1.773887954E2
1.888670211E2,2.278106111E-2,7.101448718E-4,1.571083209E-3,9.997389913E-1,1.773892568E2,1.818402001E-1,-7.725405149E-2,1.773891304E2
1.888720211E2,2.277858485E-2,7.118899375E-4,1.568266540E-3,9.997390509E-1,1.773895407E2,1.815218811E-1,-7.746177212E-2,1.773894141E2
1.888770211E2,2.278079315E-2,7.100586081E-4,1.575002796E-3,9.997389913E-1,1.773892876E2,1.822889901E-1,-7.723398517E-2,1.773891608E2
1.888820211E2,2.278605414E-2,7.067933329E-4,1.576035982E-3,9.997388721E-1,1.773886845E2,1.823992333E-1,-7.685625261E-2,1.773885583E2
1.888870211E2,2.278072348E-2,7.091322914E-4,1.576427137E-3,9.997389913E-1,1.773892955E2,1.824497417E-1,-7.712415906E-2,1.773891688E2
1.888920211E2,2.277813342E-2,7.112504682E-4,1.575098722E-3,9.997390509E-1,1.773895924E2,1.823028856E-1,-7.737076125E-2,1.773894654E2
1.888970211E2,2.278363170E-2,7.081307704E-4,1.572643989E-3,9.997389317E-1,1.773889622E2,1.820139457E-1,-7.701876996E-2,1.773888360E2
1.889020211E2,2.278623744E-2,7.067038096E-4,1.573423855E-3,9.997388721E-1,1.773886635E2,1.820997630E-1,-7.685278411E-2,1.773885375E2
1.889070211E2,2.277842799E-2,7.114412147E-4,1.570746535E-3,9.997390509E-1,1.773895586E2,1.818048109E-1,-7.740392050E-2,1.773894320E2
1.889120211E2,2.277831222E-2,7.120821974E-4,1.572134322E-3,9.997390509E-1,1.773895719E2,1.819654630E-1,-7.747375104E-2,1.773894450E2
1.889170211E2,2.278326407E-2,7.077835035E-4,1.578116673E-3,9.997389317E-1,1.773890043E2,1.826399724E-1,-7.696476478E-2,1.773888778E2
1.889220211E2,2.278565892E-2,7.058648625E-4,1.582154189E-3,9.997388721E-1,1.773887298E2,1.830976925E-1,-7.673398188E-2,1.773886033E2
1.889270211E2,2.278332202E-2,7.078295457E-4,1.577259274E-3,9.997389317E-1,1.773889977E2,1.825418718E-1,-7.697226746E-2,1.773888712E2
1.889320211E2,2.278620566E-2,7.054722519E-4,1.574436552E-3,9.997388721E-1,1.773886672E2,1.822125610E-1,-7.670905618E-2,1.773885413E2
1.889370211E2,2.279918340E-2,6.976789446E-4,1.579265925E-3,9.997385740E-1,1.773871796E2,1.827464557E-1,-7.580125892E-2,1.773870549E2
1.889420211E2,2.279132585E-2,7.015519077E-4,1.577769639E-3,9.997387528E-1,1.773880803E2,1.825845588E-1,-7.625029638E-2,1.773879549E2
1.889470211E2,2.278888929E-2,7.041176432E-4,1.574049355E-3,9.997388124E-1,1.773883596E2,1.821648708E-1,-7.655439201E-2,1.773882340E2
1.889520211E2,2.279423768E-2,7.012708811E-4,1.573592075E-3,9.997386932E-1,1.773877465E2,1.821054566E-1,-7.622848216E-2,1.773876215E2
1.889570211E2,2.279164291E-2,7.026740932E-4,1.572681940E-3,9.997387528E-1,1.773880439E2,1.820046572E-1,-7.639208627E-2,1.773879187E2
1.889620211E2,2.278102114E-2,7.091158768E-4,1.572127221E-3,9.997389913E-1,1.773892614E2,1.819571146E-1,-7.713344980E-2,1.773891351E2
1.889670211E2,2.278120937E-2,7.085367688E-4,1.569658751E-3,9.997389913E-1,1.773892398E2,1.816728242E-1,-7.707351629E-2,1.773891138E2
1.889720211E2,2.278666106E-2,7.053847658E-4,1.567871077E-3,9.997388721E-1,1.773886150E2,1.814602134E-1,-7.671609497E-2,1.773884896E2
1.889770211E2,2.278653283E-2,7.051239954E-4,1.569850720E-3,9.997388721E-1,1.773886297E2,1.816863144E-1,-7.668107457E-2,1.773885042E2
1.889820211E2,2.277848711E-2,7.108036079E-4,1.570177847E-3,9.997390509E-1,1.773895519E2,1.817380008E-1,-7.733234891E-2,1.773894253E2
1.889870211E2,2.278614115E-2,7.067748811E-4,1.574785798E-3,9.997388721E-1,1.773886746E2,1.822559681E-1,-7.685738738E-2,1.773885484E2
1.889920211E2,2.278849746E-2,7.046174724E-4,1.579489093E-3,9.997388124E-1,1.773884045E2,1.827893337E-1,-7.659751880E-2,1.773882784E2
1.889970211E2,2.277819473E-2,7.108486025E-4,1.574393362E-3,9.997390509E-1,1.773895854E2,1.822210337E-1,-7.732655287E-2,1.773894585E2
1.890020211E2,2.277793829E-2,7.123114774E-4,1.577439252E-3,9.997390509E-1,1.773896148E2,1.825737762E-1,-7.748623840E-2,1.773894874E2
1.890070211E2,2.277764627E-2,7.122071693E-4,1.581697376E-3,9.997390509E-1,1.773896483E2,1.830613006E-1,-7.746322721E-2,1.773895206E2
1.890120211E2,2.277237701E-2,7.146518910E-4,1.581118908E-3,9.997391701E-1,1.773902522E2,1.830010023E-1,-7.774577318E-2,1.773901241E2
1.890170211E2,2.277270132E-2,7.143769180E-4,1.576565555E-3,9.997391701E-1,1.773902150E2,1.824786684E-1,-7.772609528E-2,1.773900874E2
1.890220211E2,2.277817410E-2,7.116134511E-4,1.574346330E-3,9.997390509E-1,1.773895878E2,1.822176407E-1,-7.741430177E-2,1.773894608E2
1.890270211E2,2.278349408E-2,7.086000987E-4,1.574425260E-3,9.997389317E-1,1.773889780E2,1.822192266E-1,-7.706791130E-2,1.773888515E2
1.890320211E2,2.278339773E-2,7.084365352E-4,1.575892442E-3,9.997389317E-1,1.773889890E2,1.823868755E-1,-7.704536006E-2,1.773888625E2
1.890370211E2,2.278069126E-2,7.089426508E-4,1.576977898E-3,9.997389913E-1,1.773892992E2,1.825123404E-1,-7.710100157E-2,1.773891725E2
1.890420211E2,2.278628317E-2,7.056985050E-4,1.573212794E-3,9.997388721E-1,1.773886583E2,1.820729616E-1,-7.673815753E-2,1.773885325E2
1.890470211E2,2.278881505E-2,7.049551932E-4,1.574749011E-3,9.997388124E-1,1.773883681E2,1.822472066E-1,-7.664852949E-2,1.773882423E2
1.890520211E2,2.278298141E-2,7.076712209E-4,1.582242432E-3,9.997389317E-1,1.773890367E2,1.831123128E-1,-7.694118132E-2,1.773889099E2
1.890570211E2,2.278601425E-2,7.059519994E-4,1.576989540E-3,9.997388721E-1,1.773886891E2,1.825062746E-1,-7.675738536E-2,1.773885630E2
1.890620211E2,2.278643764E-2,7.057761541E-4,1.570939086E-3,9.997388721E-1,1.773886406E2,1.818126957E-1,-7.675296225E-2,1.773885149E2
1.890670211E2,2.278389552E-2,7.079134230E-4,1.568915322E-3,9.997389317E-1,1.773889320E2,1.815862349E-1,-7.700355769E-2,1.773888061E2
1.890720211E2,2.278401442E-2,7.074205205E-4,1.567410189E-3,9.997389317E-1,1.773889183E2,1.814125258E-1,-7.695099823E-2,1.773887926E2
1.890770211E2,2.278943421E-2,7.040853961E-4,1.566154533E-3,9.997388124E-1,1.773882971E2,1.812603817E-1,-7.657121660E-2,1.773881721E2
1.890820211E2,2.278708281E-2,7.048926200E-4,1.561951707E-3,9.997388721E-1,1.773885666E2,1.807808255E-1,-7.667509484E-2,1.773884418E2
1.890870211E2,2.279184980E-2,7.019279874E-4,1.570014632E-3,9.997387528E-1,1.773880202E2,1.816971520E-1,-7.631354017E-2,1.773878954E2
1.890920211E2,2.279145080E-2,7.029991830E-4,1.575318631E-3,9.997387528E-1,1.773880660E2,1.823075563E-1,-7.642247746E-2,1.773879405E2
1.890970211E2,2.278327056E-2,7.087184349E-4,1.577603398E-3,9.997389317E-1,1.773890036E2,1.825836123E-1,-7.707321103E-2,1.773888769E2
1.891020211E2,2.278325187E-2,7.080154610E-4,1.578188851E-3,9.997389317E-1,1.773890057E2,1.826488460E-1,-7.699115200E-2,1.773888791E2
1.891070211E2,2.277222560E-2,7.154140039E-4,1.582953846E-3,9.997391701E-1,1.773902696E2,1.832131939E-1,-7.782832134E-2,1.773901412E2
1.891120211E2,2.277214902E-2,7.156995125E-4,1.583926147E-3,9.997391701E-1,1.773902784E2,1.833253218E-1,-7.785850638E-2,1.773901499E2
1.891170211E2,2.276985428E-2,7.175910869E-4,1.578429481E-3,9.997392297E-1,1.773905414E2,1.827003700E-1,-7.808997200E-2,1.773904130E2
1.891220211E2,2.277247009E-2,7.150053862E-4,1.579617732E-3,9.997391701E-1,1.773902416E2,1.828299544E-1,-7.779017072E-2,1.773901135E2
1.891270211E2,2.277503751E-2,7.137863431E-4,1.580877113E-3,9.997391105E-1,1.773899473E2,1.829712495E-1,-7.764675861E-2,1.773898194E2
1.891320211E2,2.277514886E-2,7.133196341E-4,1.579482923E-3,9.997391105E-1,1.773899345E2,1.828103186E-1,-7.759691004E-2,1.773898068E2
1.891370211E2,2.277544268E-2,7.125820848E-4,1.575574395E-3,9.997391105E-1,1.773899008E2,1.823606473E-1,-7.752256268E-2,1.773897736E2
1.891420211E2,2.277759062E-2,7.123894175E-4,1.582416473E-3,9.997390509E-1,1.773896546E2,1.831441533E-1,-7.748223904E-2,1.773895269E2
1.891470211E2,2.277460033E-2,7.136669592E-4,1.587216510E-3,9.997391105E-1,1.773899974E2,1.836971582E-1,-7.761661654E-2,1.773898690E2
1.891520211E2,2.277729710E-2,7.116193301E-4,1.586981467E-3,9.997390509E-1,1.773896883E2,1.836650953E-1,-7.738215466E-2,1.773895603E2
1.891570211E2,2.277220553E-2,7.145832642E-4,1.583617646E-3,9.997391701E-1,1.773902719E2,1.832870705E-1,-7.773142177E-2,1.773901436E2
1.891620211E2,2.277734216E-2,7.108869031E-4,1.586662838E-3,9.997390509E-1,1.773896831E2,1.836266841E-1,-7.729906999E-2,1.773895553E2
1.891670211E2,2.277981106E-2,7.103964454E-4,1.588992891E-3,9.997389913E-1,1.773894001E2,1.838925301E-1,-7.723634623E-2,1.773892722E2
1.891720211E2,2.278020257E-2,7.094402681E-4,1.583798905E-3,9.997389913E-1,1.773893552E2,1.832950303E-1,-7.714029209E-2,1.773892279E2
1.891770211E2,2.277784675E-2,7.111585583E-4,1.579280244E-3,9.997390509E-1,1.773896253E2,1.827816672E-1,-7.734936923E-2,1.773894980E2
1.891820211E2,2.278022311E-2,7.098470232E-4,1.583321020E-3,9.997389913E-1,1.773893529E2,1.832413464E-1,-7.718813443E-2,1.773892255E2
1.891870211E2,2.278036231E-2,7.093921886E-4,1.581521123E-3,9.997389913E-1,1.773893369E2,1.830339697E-1,-7.714070104E-2,1.773892098E2
1.891920211E2,2.278093942E-2,7.099997019E-4,1.572912210E-3,9.997389913E-1,1.773892708E2,1.820493458E-1,-7.723266786E-2,1.773891442E2
1.891970211E2,2.278347989E-2,7.069598651E-4,1.575367642E-3,9.997389317E-1,1.773889796E2,1.823229038E-1,-7.687754546E-2,1.773888534E2
1.892020211E2,2.277791442E-2,7.109071594E-4,1.578417141E-3,9.997390509E-1,1.773896175E2,1.826821372E-1,-7.732280912E-2,1.773894903E2
1.892070211E2,2.277832082E-2,7.113154861E-4,1.572356792E-3,9.997390509E-1,1.773895709E2,1.819889487E-1,-7.738533300E-2,1.773894441E2
1.892120211E2,2.277875051E-2,7.108169957E-4,1.566345920E-3,9.997390509E-1,1.773895217E2,1.812990628E-1,-7.734383755E-2,1.773893955E2
1.892170211E2,2.278369138E-2,7.080672076E-4,1.571807661E-3,9.997389317E-1,1.773889554E2,1.819179729E-1,-7.701366084E-2,1.773888292E2
1.892220211E2,2.277848076E-2,7.104206015E-4,1.570443274E-3,9.997390509E-1,1.773895526E2,1.817674083E-1,-7.728777934E-2,1.773894261E2
1.892270211E2,2.278140709E-2,7.095111650E-4,1.566345571E-3,9.997389913E-1,1.773892172E2,1.812958188E-1,-7.719375853E-2,1.773890912E2
1.892320211E2,2.278664035E-2,7.054454181E-4,1.568144769E-3,9.997388721E-1,1.773886173E2,1.814917249E-1,-7.672233248E-2,1.773884920E2
1.892370211E2,2.278097117E-2,7.087092963E-4,1.573034329E-3,9.997389913E-1,1.773892671E2,1.820599694E-1,-7.708451221E-2,1.773891408E2
1.892420211E2,2.277563517E-2,7.137664361E-4,1.572252251E-3,9.997391105E-1,1.773898788E2,1.819831620E-1,-7.766687976E-2,1.773897515E2
1.892470211E2,2.278370075E-2,7.084665704E-4,1.571491943E-3,9.997389317E-1,1.773889543E2,1.818828471E-1,-7.706023514E-2,1.773888281E2
1.892520211E2,2.279182594E-2,7.021569763E-4,1.570258522E-3,9.997387528E-1,1.773880230E2,1.817256888E-1,-7.633914085E-2,1.773878980E2
1.892570211E2,2.279422952E-2,7.011307753E-4,1.573772635E-3,9.997386932E-1,1.773877475E2,1.821257753E-1,-7.621196124E-2,1.773876225E2
1.892620211E2,2.278691013E-2,7.047600229E-4,1.564528677E-3,9.997388721E-1,1.773885864E2,1.810756888E-1,-7.665320624E-2,1.773884614E2
1.892670211E2,2.279240138E-2,7.022166974E-4,1.561856945E-3,9.997387528E-1,1.773879570E2,1.807633872E-1,-7.636782246E-2,1.773878327E2
1.892720211E2,2.278984596E-2,7.032802678E-4,1.560514560E-3,9.997388124E-1,1.773882499E2,1.806121836E-1,-7.649363475E-2,1.773881255E2
1.892770211E2,2.278420511E-2,7.078744238E-4,1.564430539E-3,9.997389317E-1,1.773888965E2,1.810723710E-1,-7.701074345E-2,1.773887709E2
1.892820211E2,2.278425126E-2,7.071773289E-4,1.564073609E-3,9.997389317E-1,1.773888912E2,1.810296637E-1,-7.693180666E-2,1.773887658E2
1.892870211E2,2.278149765E-2,7.097802009E-4,1.564905862E-3,9.997389913E-1,1.773892068E2,1.811315924E-1,-7.722832194E-2,1.773890809E2
1.892920211E2,2.277037994E-2,7.165567949E-4,1.571300207E-3,9.997392297E-1,1.773904811E2,1.818809675E-1,-7.798998898E-2,1.773903534E2
1.892970211E2,2.278115599E-2,7.086572004E-4,1.570379012E-3,9.997389913E-1,1.773892460E2,1.817556491E-1,-7.708544249E-2,1.773891198E2
1.893020211E2,2.279424438E-2,7.011196576E-4,1.573562389E-3,9.997386932E-1,1.773877458E2,1.821016612E-1,-7.621123407E-2,1.773876208E2
1.893070211E2,2.276763757E-2,7.192454650E-4,1.571886707E-3,9.997392893E-1,1.773907955E2,1.819549600E-1,-7.829697635E-2,1.773906672E2
1.893120211E2,2.275667218E-2,7.266097819E-4,1.575645641E-3,9.997395277E-1,1.773920523E2,1.824039396E-1,-7.913283841E-2,1.773919224E2
1.893170211E2,2.278915000E-2,7.047193940E-4,1.570000197E-3,9.997388124E-1,1.773883297E2,1.817025828E-1,-7.663385676E-2,1.773882043E2
1.893220211E2,2.277447030E-2,7.141597453E-4,1.550902030E-3,9.997391701E-1,1.773900123E2,1.795381730E-1,-7.776787175E-2,1.773898866E2
1.893270211E2,2.276635773E-2,7.202089182E-4,1.551946858E-3,9.997393489E-1,1.773909422E2,1.796730231E-1,-7.845960650E-2,1.773908153E2
1.893320211E2,2.279484449E-2,7.006336236E-4,1.565062790E-3,9.997386932E-1,1.773876770E2,1.811267062E-1,-7.617764677E-2,1.773875527E2
1.893370211E2,2.278877894E-2,7.048196858E-4,1.575332251E-3,9.997388124E-1,1.773883722E2,1.823136672E-1,-7.663148897E-2,1.773882464E2
1.893420211E2,2.275428716E-2,7.284485037E-4,1.571416506E-3,9.997395873E-1,1.773923257E2,1.819240471E-1,-7.935494860E-2,1.773921958E2
1.893470211E2,2.277334945E-2,7.144322153E-4,1.567150350E-3,9.997391701E-1,1.773901408E2,1.814002378E-1,-7.775688340E-2,1.773900138E2
1.893520211E2,2.280324382E-2,6.947333459E-4,1.559549710E-3,9.997385144E-1,1.773867142E2,1.804803368E-1,-7.551458625E-2,1.773865915E2
1.893570211E2,2.276602273E-2,7.198353414E-4,1.557026058E-3,9.997393489E-1,1.773909806E2,1.802539058E-1,-7.840361785E-2,1.773908534E2
1.893620211E2,2.277077564E-2,7.163609844E-4,1.565644983E-3,9.997392297E-1,1.773904358E2,1.812326133E-1,-7.798224173E-2,1.773903086E2
1.893670211E2,2.279718039E-2,6.986244116E-4,1.570004039E-3,9.997386336E-1,1.773874092E2,1.816877139E-1,-7.593413594E-2,1.773872850E2
1.893720211E2,2.277353717E-2,7.152024191E-4,1.564068138E-3,9.997391701E-1,1.773901192E2,1.810491581E-1,-7.785312912E-2,1.773899924E2
1.893770211E2,2.276030099E-2,7.232581847E-4,1.562537742E-3,9.997394681E-1,1.773916364E2,1.808938156E-1,-7.878240045E-2,1.773915082E2
1.893820211E2,2.279516510E-2,6.992031122E-4,1.561027602E-3,9.997386932E-1,1.773876402E2,1.806607142E-1,-7.602424788E-2,1.773875165E2
1.893870211E2,2.278970447E-2,7.038073963E-4,1.562342281E-3,9.997388124E-1,1.773882661E2,1.808229370E-1,-7.654927570E-2,1.773881415E2
1.893920211E2,2.277890509E-2,7.114470936E-4,1.563809812E-3,9.997390509E-1,1.773895040E2,1.810101780E-1,-7.742261487E-2,1.773893778E2
1.893970211E2,2.278918664E-2,7.033012225E-4,1.570104272E-3,9.997388124E-1,1.773883255E2,1.817108047E-1,-7.647111020E-2,1.773882004E2
1.894020211E2,2.278888693E-2,7.036402822E-4,1.574296854E-3,9.997388124E-1,1.773883598E2,1.821919779E-1,-7.649905881E-2,1.773882343E2
1.894070211E2,2.278128102E-2,7.102519157E-4,1.567842672E-3,9.997389913E-1,1.773892316E2,1.814692541E-1,-7.727473460E-2,1.773891054E2
1.894120211E2,2.279210643E-2,7.016325835E-4,1.566416933E-3,9.997387528E-1,1.773879908E2,1.812842403E-1,-7.628904844E-2,1.773878663E2
1.894170211E2,2.278963132E-2,7.030788693E-4,1.563736703E-3,9.997388124E-1,1.773882745E2,1.809807764E-1,-7.646218594E-2,1.773881499E2
1.894220211E2,2.278425280E-2,7.066011312E-4,1.564311562E-3,9.997389317E-1,1.773888910E2,1.810554196E-1,-7.686517491E-2,1.773887657E2
1.894270211E2,2.278935966E-2,7.044161321E-4,1.567090279E-3,9.997388124E-1,1.773883056E2,1.813684408E-1,-7.660667599E-2,1.773881805E2
1.894320211E2,2.279388563E-2,7.006345550E-4,1.578965923E-3,9.997386932E-1,1.773877869E2,1.827194062E-1,-7.614161060E-2,1.773876616E2
1.894370211E2,2.279374705E-2,7.006397354E-4,1.580962795E-3,9.997386932E-1,1.773878028E2,1.829481749E-1,-7.613701338E-2,1.773876773E2
1.894420211E2,2.279471058E-2,7.009631954E-4,1.566864434E-3,9.997386932E-1,1.773876923E2,1.813339568E-1,-7.621072105E-2,1.773875679E2
1.894470211E2,2.280274814E-2,6.949389353E-4,1.566689345E-3,9.997385144E-1,1.773867710E2,1.812987674E-1,-7.551957160E-2,1.773866477E2
1.894520211E2,2.280243327E-2,6.939268787E-4,1.571712783E-3,9.997385144E-1,1.773868071E2,1.818715937E-1,-7.539055913E-2,1.773866836E2
1.894570211E2,2.279421801E-2,6.999214529E-4,1.574477530E-3,9.997386932E-1,1.773877488E2,1.822033694E-1,-7.607158006E-2,1.773876239E2
1.894620211E2,2.278872670E-2,7.034607697E-4,1.576694660E-3,9.997388124E-1,1.773883782E2,1.824661943E-1,-7.647226083E-2,1.773882525E2
1.894670211E2,2.278879608E-2,7.035461604E-4,1.575653441E-3,9.997388124E-1,1.773883702E2,1.823471385E-1,-7.648474984E-2,1.773882446E2
1.894720211E2,2.279427883E-2,7.001444465E-4,1.573497546E-3,9.997386932E-1,1.773877418E2,1.820916876E-1,-7.609967537E-2,1.773876170E2
1.894770211E2,2.279156967E-2,7.029799162E-4,1.573606511E-3,9.997387528E-1,1.773880523E2,1.821113711E-1,-7.642472036E-2,1.773879270E2
1.894820211E2,2.279139102E-2,7.014960283E-4,1.576852752E-3,9.997387528E-1,1.773880728E2,1.824793774E-1,-7.624627760E-2,1.773879475E2
1.894870211E2,2.279654137E-2,6.980884937E-4,1.579492469E-3,9.997386336E-1,1.773874825E2,1.827732787E-1,-7.584806866E-2,1.773873576E2
1.894920211E2,2.279399404E-2,7.013231516E-4,1.577094081E-3,9.997386932E-1,1.773877744E2,1.825067714E-1,-7.622536705E-2,1.773876492E2
1.894970211E2,2.279385666E-2,7.005650550E-4,1.579414937E-3,9.997386932E-1,1.773877902E2,1.827706624E-1,-7.613248099E-2,1.773876649E2
1.895020211E2,2.279081045E-2,7.017742028E-4,1.585098682E-3,9.997387528E-1,1.773881394E2,1.834247300E-1,-7.625671527E-2,1.773880134E2
1.895070211E2,2.278022617E-2,7.102290401E-4,1.583105768E-3,9.997389913E-1,1.773893525E2,1.832176843E-1,-7.723246030E-2,1.773892251E2
1.895120211E2,2.278075835E-2,7.087867125E-4,1.576078590E-3,9.997389913E-1,1.773892915E2,1.824089118E-1,-7.708547251E-2,1.773891649E2
1.895170211E2,2.278583354E-2,7.062247605E-4,1.579476520E-3,9.997388721E-1,1.773887098E2,1.827918865E-1,-7.678217233E-2,1.773885834E2
1.895220211E2,2.278004837E-2,7.095417241E-4,1.585969818E-3,9.997389913E-1,1.773893729E2,1.835439875E-1,-7.714627609E-2,1.773892454E2
1.895270211E2,2.277183708E-2,7.145691779E-4,1.588913379E-3,9.997391701E-1,1.773903141E2,1.838936952E-1,-7.771605587E-2,1.773901854E2
1.895320211E2,2.277993366E-2,7.100494695E-4,1.587389503E-3,9.997389913E-1,1.773893861E2,1.837079462E-1,-7.720075921E-2,1.773892584E2
1.895370211E2,2.278834102E-2,7.043157239E-4,1.581878867E-3,9.997388124E-1,1.773884224E2,1.830623109E-1,-7.655673774E-2,1.773882962E2
1.895420211E2,2.279067461E-2,7.033436559E-4,1.586355735E-3,9.997387528E-1,1.773881549E2,1.835728295E-1,-7.643325626E-2,1.773880285E2
1.895470211E2,2.279077912E-2,7.026516832E-4,1.585160499E-3,9.997387528E-1,1.773881429E2,1.834341014E-1,-7.635708519E-2,1.773880168E2
1.895520211E2,2.279096700E-2,7.021498750E-4,1.582679688E-3,9.997387528E-1,1.773881214E2,1.831485984E-1,-7.630604207E-2,1.773879955E2
1.895570211E2,2.278851684E-2,7.040214841E-4,1.579475240E-3,9.997388124E-1,1.773884023E2,1.827861915E-1,-7.652927403E-2,1.773882763E2
1.895620211E2,2.278587185E-2,7.052652654E-4,1.579352538E-3,9.997388721E-1,1.773887054E2,1.827751802E-1,-7.667256769E-2,1.773885792E2
1.895670211E2,2.279108530E-2,7.014893345E-4,1.581268385E-3,9.997387528E-1,1.773881079E2,1.829852004E-1,-7.623403381E-2,1.773879822E2
1.895720211E2,2.279080664E-2,7.028823602E-4,1.584662474E-3,9.997387528E-1,1.773881398E2,1.833776513E-1,-7.638480761E-2,1.773880136E2
1.895770211E2,2.279054357E-2,7.017423050E-4,1.588945393E-3,9.997387528E-1,1.773881699E2,1.838653133E-1,-7.624306338E-2,1.773880437E2
1.895820211E2,2.279274831E-2,7.007188397E-4,1.595262322E-3,9.997386932E-1,1.773879172E2,1.845864879E-1,-7.610890828E-2,1.773877907E2
1.895870211E2,2.279287660E-2,7.005862426E-4,1.593486522E-3,9.997386932E-1,1.773879025E2,1.843827122E-1,-7.609833245E-2,1.773877761E2
1.895920211E2,2.279273068E-2,7.005061489E-4,1.595607609E-3,9.997386932E-1,1.773879193E2,1.846254879E-1,-7.608364344E-2,1.773877927E2
1.895970211E2,2.279306882E-2,7.004883373E-4,1.590777771E-3,9.997386932E-1,1.773878805E2,1.840721510E-1,-7.609415613E-2,1.773877543E2
1.896020211E2,2.279839836E-2,6.966397632E-4,1.591014094E-3,9.997385740E-1,1.773872696E2,1.840895745E-1,-7.565165844E-2,1.773871441E2
1.896070211E2,2.280353888E-2,6.941720494E-4,1.593328780E-3,9.997384548E-1,1.773866804E2,1.843486892E-1,-7.536195777E-2,1.773865552E2
1.896120211E2,2.280073399E-2,6.948338705E-4,1.595780021E-3,9.997385144E-1,1.773870019E2,1.846310262E-1,-7.543188944E-2,1.773868764E2
1.896170211E2,2.280857196E-2,6.900003063E-4,1.597891562E-3,9.997383356E-1,1.773861035E2,1.848608847E-1,-7.487118185E-2,1.773859788E2
1.896220211E2,2.280882999E-2,6.894218386E-4,1.594454399E-3,9.997383356E-1,1.773860739E2,1.844656238E-1,-7.481384809E-2,1.773859496E2
1.896270211E2,2.281130584E-2,6.890197401E-4,1.596580260E-3,9.997382760E-1,1.773857901E2,1.847083006E-1,-7.476176898E-2,1.773856657E2
1.896320211E2,2.281104209E-2,6.877861451E-4,1.600874704E-3,9.997382760E-1,1.773858204E2,1.851970358E-1,-7.460926905E-2,1.773856958E2
1.896370211E2,2.280302215E-2,6.933422410E-4,1.601066557E-3,9.997384548E-1,1.773867396E2,1.852329366E-1,-7.524676877E-2,1.773866140E2
1.896420211E2,2.280858182E-2,6.904651527E-4,1.597549999E-3,9.997383356E-1,1.773861024E2,1.848229705E-1,-7.492532636E-2,1.773859776E2
1.896470211E2,2.281096682E-2,6.887145573E-4,1.601548051E-3,9.997382760E-1,1.773858290E2,1.852765972E-1,-7.471388322E-2,1.773857042E2
1.896520211E2,2.280811777E-2,6.899862783E-4,1.604367630E-3,9.997383356E-1,1.773861556E2,1.856027251E-1,-7.485273196E-2,1.773860303E2
1.896570211E2,2.280030263E-2,6.957261940E-4,1.601544092E-3,9.997385144E-1,1.773870513E2,1.852936689E-1,-7.551913447E-2,1.773869253E2
1.896620211E2,2.279758190E-2,6.978506572E-4,1.602143631E-3,9.997385740E-1,1.773873632E2,1.853676985E-1,-7.576145442E-2,1.773872367E2
1.896670211E2,2.279989685E-2,6.956606521E-4,1.607338898E-3,9.997385144E-1,1.773870979E2,1.859573314E-1,-7.549656040E-2,1.773869713E2
1.896720211E2,2.279733910E-2,6.974329008E-4,1.605776371E-3,9.997385740E-1,1.773873910E2,1.857827626E-1,-7.570415000E-2,1.773872643E2
1.896770211E2,2.280004101E-2,6.965550710E-4,1.604904886E-3,9.997385144E-1,1.773870813E2,1.856808343E-1,-7.560535933E-2,1.773869548E2
1.896820211E2,2.279728637E-2,6.978426827E-4,1.606346807E-3,9.997385740E-1,1.773873971E2,1.858491794E-1,-7.574961483E-2,1.773872702E2
1.896870211E2,2.279192171E-2,7.004984654E-4,1.607125043E-3,9.997386932E-1,1.773880120E2,1.859448666E-1,-7.605283031E-2,1.773878846E2
1.896920211E2,2.279478833E-2,7.000269834E-4,1.603748649E-3,9.997386336E-1,1.773876834E2,1.855570465E-1,-7.600710326E-2,1.773875563E2
1.896970211E2,2.279496826E-2,6.994003197E-4,1.601462951E-3,9.997386336E-1,1.773876628E2,1.852935688E-1,-7.594124904E-2,1.773875360E2
1.897020211E2,2.279195747E-2,7.013275754E-4,1.606256003E-3,9.997386932E-1,1.773880079E2,1.858474760E-1,-7.615007771E-2,1.773878804E2
1.897070211E2,2.279421984E-2,6.988465902E-4,1.612320542E-3,9.997386336E-1,1.773877486E2,1.865359329E-1,-7.584958986E-2,1.773876211E2
1.897120211E2,2.279138411E-2,7.008379907E-4,1.614583773E-3,9.997386932E-1,1.773880736E2,1.868001996E-1,-7.607234593E-2,1.773879455E2
1.897170211E2,2.278639622E-2,7.051047869E-4,1.609304920E-3,9.997388124E-1,1.773886453E2,1.862062068E-1,-7.657587369E-2,1.773885169E2
1.897220211E2,2.278878118E-2,7.023972576E-4,1.613739878E-3,9.997387528E-1,1.773883720E2,1.867073958E-1,-7.625366835E-2,1.773882437E2
1.897270211E2,2.279650320E-2,6.972648553E-4,1.617672388E-3,9.997385740E-1,1.773874868E2,1.871450916E-1,-7.565397640E-2,1.773873592E2
1.897320211E2,2.279131613E-2,7.006892702E-4,1.615607529E-3,9.997386932E-1,1.773880814E2,1.869170896E-1,-7.605264709E-2,1.773879533E2
1.897370211E2,2.279400108E-2,7.000221522E-4,1.614901237E-3,9.997386336E-1,1.773877736E2,1.868346369E-1,-7.597756388E-2,1.773876457E2
1.897420211E2,2.280216496E-2,6.938084844E-4,1.613028115E-3,9.997384548E-1,1.773868379E2,1.866044304E-1,-7.526908486E-2,1.773867113E2
1.897470211E2,2.280158890E-2,6.942215841E-4,1.620973926E-3,9.997384548E-1,1.773869039E2,1.875157545E-1,-7.529575535E-2,1.773867766E2
1.897520211E2,2.279610121E-2,6.988914101E-4,1.622627722E-3,9.997385740E-1,1.773875329E2,1.877170039E-1,-7.582744727E-2,1.773874046E2
1.897570211E2,2.279336804E-2,6.994900177E-4,1.624041121E-3,9.997386336E-1,1.773878462E2,1.878802821E-1,-7.589284606E-2,1.773877177E2
1.897620211E2,2.279823713E-2,6.965632201E-4,1.630325802E-3,9.997385144E-1,1.773872881E2,1.885929900E-1,-7.554021282E-2,1.773871597E2
1.897670211E2,2.279879325E-2,6.955757854E-4,1.622953801E-3,9.997385144E-1,1.773872244E2,1.877459008E-1,-7.544624645E-2,1.773870967E2
1.897720211E2,2.279361276E-2,6.998307654E-4,1.620455645E-3,9.997386336E-1,1.773878182E2,1.874704315E-1,-7.594120226E-2,1.773876898E2
1.897770211E2,2.279110317E-2,7.022770587E-4,1.617920701E-3,9.997386932E-1,1.773881058E2,1.871862225E-1,-7.622854506E-2,1.773879772E2
1.897820211E2,2.279130724E-2,7.023346843E-4,1.615018351E-3,9.997386932E-1,1.773880824E2,1.868538894E-1,-7.624268896E-2,1.773879540E2
1.897870211E2,2.278901238E-2,7.030941779E-4,1.610167441E-3,9.997387528E-1,1.773883455E2,1.862999680E-1,-7.634279516E-2,1.773882173E2
1.897920211E2,2.278664114E-2,7.047131076E-4,1.606005244E-3,9.997388124E-1,1.773886172E2,1.858271851E-1,-7.653957303E-2,1.773884891E2
1.897970211E2,2.278647601E-2,7.054984453E-4,1.608002116E-3,9.997388124E-1,1.773886362E2,1.860579891E-1,-7.662435896E-2,1.773885077E2
1.898020211E2,2.278351697E-2,7.067464758E-4,1.612319262E-3,9.997388721E-1,1.773889753E2,1.865556022E-1,-7.675661436E-2,1.773888463E2
1.898070211E2,2.278122123E-2,7.091509178E-4,1.606734470E-3,9.997389317E-1,1.773892385E2,1.859218985E-1,-7.704707973E-2,1.773891095E2
1.898120211E2,2.278102641E-2,7.091512089E-4,1.609494211E-3,9.997389317E-1,1.773892608E2,1.862380459E-1,-7.703994460E-2,1.773891316E2
1.898170211E2,2.278601253E-2,7.058485644E-4,1.614403562E-3,9.997388124E-1,1.773886893E2,1.867922305E-1,-7.664783988E-2,1.773885603E2
1.898220211E2,2.279157603E-2,7.008526591E-4,1.611865941E-3,9.997386932E-1,1.773880516E2,1.864888922E-1,-7.608108908E-2,1.773879238E2
1.898270211E2,2.277602466E-2,7.118567592E-4,1.605034573E-3,9.997390509E-1,1.773898341E2,1.857338175E-1,-7.736246878E-2,1.773897047E2
1.898320211E2,2.278123321E-2,7.083431119E-4,1.606920967E-3,9.997389317E-1,1.773892371E2,1.859411558E-1,-7.695404701E-2,1.773891082E2
1.898370211E2,2.279165389E-2,7.013424765E-4,1.610551379E-3,9.997386932E-1,1.773880427E2,1.863395788E-1,-7.614062232E-2,1.773879148E2
1.898420211E2,2.278091041E-2,7.090571453E-4,1.611176762E-3,9.997389317E-1,1.773892741E2,1.864305478E-1,-7.702479760E-2,1.773891448E2
1.898470211E2,2.277574532E-2,7.130434387E-4,1.608468010E-3,9.997390509E-1,1.773898661E2,1.861302351E-1,-7.748950730E-2,1.773897362E2
1.898520211E2,2.277838037E-2,7.110452862E-4,1.609085361E-3,9.997389913E-1,1.773895641E2,1.861959479E-1,-7.725849346E-2,1.773894345E2
1.898570211E2,2.277839123E-2,7.106448174E-4,1.609108527E-3,9.997389913E-1,1.773895629E2,1.861975573E-1,-7.721255259E-2,1.773894334E2
1.898620211E2,2.277839027E-2,7.096431800E-4,1.609564060E-3,9.997389913E-1,1.773895630E2,1.862471292E-1,-7.709661439E-2,1.773894336E2
1.898670211E2,2.278406657E-2,7.062872755E-4,1.604736317E-3,9.997388721E-1,1.773889123E2,1.856857277E-1,-7.672370407E-2,1.773887840E2
1.898720211E2,2.279197257E-2,7.015895098E-4,1.605927362E-3,9.997386932E-1,1.773880062E2,1.858105117E-1,-7.618094093E-2,1.773878786E2
1.898770211E2,2.279466711E-2,6.990098627E-4,1.605913742E-3,9.997386336E-1,1.773876973E2,1.858024174E-1,-7.588494707E-2,1.773875703E2
1.898820211E2,2.279178353E-2,7.005342050E-4,1.609067898E-3,9.997386932E-1,1.773880278E2,1.861675268E-1,-7.605187589E-2,1.773879002E2
1.898870211E2,2.279976367E-2,6.957697915E-4,1.609179773E-3,9.997385144E-1,1.773871131E2,1.861685009E-1,-7.550427854E-2,1.773869864E2
1.898920211E2,2.279437657E-2,6.991095142E-4,1.609989093E-3,9.997386336E-1,1.773877306E2,1.862695361E-1,-7.588577178E-2,1.773876032E2
1.898970211E2,2.279392900E-2,6.994908326E-4,1.616148395E-3,9.997386336E-1,1.773877819E2,1.869761202E-1,-7.591345078E-2,1.773876540E2
1.899020211E2,2.279400642E-2,6.993711577E-4,1.615107991E-3,9.997386336E-1,1.773877730E2,1.868566227E-1,-7.590244381E-2,1.773876452E2
1.899070211E2,2.279664251E-2,6.986394874E-4,1.615114044E-3,9.997385740E-1,1.773874709E2,1.868556048E-1,-7.581811394E-2,1.773873432E2
1.899120211E2,2.280422795E-2,6.924673798E-4,1.621361007E-3,9.997383952E-1,1.773866014E2,1.875557133E-1,-7.509328431E-2,1.773864745E2
1.899170211E2,2.279885369E-2,6.962988991E-4,1.621794305E-3,9.997385144E-1,1.773872174E2,1.876149606E-1,-7.553210560E-2,1.773870897E2
1.899220211E2,2.280205340E-2,6.942735054E-4,1.614404493E-3,9.997384548E-1,1.773868507E2,1.867633179E-1,-7.531878270E-2,1.773867239E2
1.899270211E2,2.280489589E-2,6.919871084E-4,1.612145104E-3,9.997383952E-1,1.773865249E2,1.864987162E-1,-7.506222298E-2,1.773863987E2
1.899320211E2,2.280460545E-2,6.916382699E-4,1.616397640E-3,9.997383952E-1,1.773865582E2,1.869849615E-1,-7.501120031E-2,1.773864317E2
1.899370211E2,2.280471709E-2,6.914371043E-4,1.614907989E-3,9.997383952E-1,1.773865454E2,1.868137868E-1,-7.499202655E-2,1.773864191E2
1.899420211E2,2.281041478E-2,6.891355151E-4,1.609211206E-3,9.997382760E-1,1.773858923E2,1.861555625E-1,-7.474217956E-2,1.773857669E2
1.899470211E2,2.281567880E-2,6.853407831E-4,1.610265812E-3,9.997381568E-1,1.773852889E2,1.862668512E-1,-7.430371143E-2,1.773851641E2
1.899520211E2,2.281554915E-2,6.853545783E-4,1.612095977E-3,9.997381568E-1,1.773853038E2,1.864765449E-1,-7.430053084E-2,1.773851789E2
1.899570211E2,2.282082277E-2,6.804227014E-4,1.613467233E-3,9.997380376E-1,1.773846993E2,1.866211315E-1,-7.373095745E-2,1.773845752E2
1.899620211E2,2.282629218E-2,6.780413096E-4,1.610963838E-3,9.997379184E-1,1.773840724E2,1.863285113E-1,-7.346366894E-2,1.773839489E2
1.899670211E2,2.282322282E-2,6.789248437E-4,1.617078320E-3,9.997379780E-1,1.773844242E2,1.870310836E-1,-7.354946777E-2,1.773843001E2
1.899720211E2,2.282323038E-2,6.800503470E-4,1.616498688E-3,9.997379780E-1,1.773844233E2,1.869676244E-1,-7.367992181E-2,1.773842991E2
1.899770211E2,2.282356193E-2,6.785601145E-4,1.612438587E-3,9.997379780E-1,1.773843853E2,1.864986178E-1,-7.351975567E-2,1.773842617E2
1.899820211E2,2.282643177E-2,6.776485243E-4,1.609150204E-3,9.997379184E-1,1.773840564E2,1.861197205E-1,-7.342338901E-2,1.773839331E2
1.899870211E2,2.282661547E-2,6.772606866E-4,1.606705831E-3,9.997379184E-1,1.773840353E2,1.858386874E-1,-7.338531767E-2,1.773839123E2
1.899920211E2,2.282093548E-2,6.804633304E-4,1.611854997E-3,9.997380376E-1,1.773846864E2,1.864365452E-1,-7.373980726E-2,1.773845624E2
1.899970211E2,2.282106347E-2,6.804338191E-4,1.610054402E-3,9.997380376E-1,1.773846717E2,1.862301978E-1,-7.374111151E-2,1.773845479E2
1.900020211E2,2.283181668E-2,6.743689883E-4,1.608194318E-3,9.997377992E-1,1.773834392E2,1.860020263E-1,-7.304917880E-2,1.773833166E2
1.900070211E2,2.282345724E-2,6.789175095E-4,1.613769447E-3,9.997379780E-1,1.773843973E2,1.866520109E-1,-7.355723807E-2,1.773842735E2
1.900120211E2,2.282880174E-2,6.754936767E-4,1.613461063E-3,9.997378588E-1,1.773837847E2,1.866081170E-1,-7.316480738E-2,1.773836616E2
1.900170211E2,2.283169931E-2,6.731668836E-4,1.610362786E-3,9.997377992E-1,1.773834526E2,1.862472960E-1,-7.290581199E-2,1.773833301E2
1.900220211E2,2.282886307E-2,6.763294223E-4,1.612242777E-3,9.997378588E-1,1.773837777E2,1.864707389E-1,-7.326372744E-2,1.773836545E2
1.900270211E2,2.283131708E-2,6.730833557E-4,1.615807763E-3,9.997377992E-1,1.773834964E2,1.868708366E-1,-7.288206784E-2,1.773833736E2
1.900320211E2,2.283158469E-2,6.736690993E-4,1.611777232E-3,9.997377992E-1,1.773834658E2,1.864106435E-1,-7.295966715E-2,1.773833431E2
1.900370211E2,2.282087310E-2,6.810064660E-4,1.612508669E-3,9.997380376E-1,1.773846935E2,1.865128471E-1,-7.380033189E-2,1.773845694E2
1.900420211E2,2.282874226E-2,6.749617751E-4,1.614524983E-3,9.997378588E-1,1.773837916E2,1.867286057E-1,-7.310109968E-2,1.773836684E2
1.900470211E2,2.283369667E-2,6.726383581E-4,1.619242947E-3,9.997377396E-1,1.773832237E2,1.872633867E-1,-7.282165468E-2,1.773831007E2
1.900520211E2,2.282581026E-2,6.782884011E-4,1.617674367E-3,9.997379184E-1,1.773841276E2,1.870978933E-1,-7.347451274E-2,1.773840036E2
1.900570211E2,2.282890591E-2,6.755401264E-4,1.611967105E-3,9.997378588E-1,1.773837728E2,1.864370955E-1,-7.317401768E-2,1.773836498E2
1.900620211E2,2.284188638E-2,6.668583956E-4,1.616525231E-3,9.997375607E-1,1.773822850E2,1.869375055E-1,-7.216507325E-2,1.773821632E2
1.900670211E2,2.283650250E-2,6.701432285E-4,1.617508358E-3,9.997376800E-1,1.773829021E2,1.870583430E-1,-7.253982264E-2,1.773827796E2
1.900720211E2,2.283168905E-2,6.745064165E-4,1.609947765E-3,9.997377992E-1,1.773834538E2,1.862032549E-1,-7.306035875E-2,1.773833311E2
1.900770211E2,2.284225293E-2,6.665153196E-4,1.611479442E-3,9.997375607E-1,1.773822429E2,1.863585787E-1,-7.213890954E-2,1.773821216E2
1.900820211E2,2.284207690E-2,6.659452920E-4,1.614207984E-3,9.997375607E-1,1.773822631E2,1.866696607E-1,-7.206649680E-2,1.773821417E2
1.900870211E2,2.283710916E-2,6.696183700E-4,1.609138912E-3,9.997376800E-1,1.773828325E2,1.860981937E-1,-7.250148393E-2,1.773827108E2
1.900920211E2,2.283448246E-2,6.712947506E-4,1.608685125E-3,9.997377396E-1,1.773831336E2,1.860504036E-1,-7.269520909E-2,1.773830116E2
1.900970211E2,2.284469427E-2,6.650472642E-4,1.614453853E-3,9.997375011E-1,1.773819631E2,1.866956654E-1,-7.196248499E-2,1.773818419E2
1.901020211E2,2.284218371E-2,6.668408751E-4,1.612325665E-3,9.997375607E-1,1.773822509E2,1.864563709E-1,-7.217400346E-2,1.773821295E2
1.901070211E2,2.284746988E-2,6.636487087E-4,1.612660591E-3,9.997374415E-1,1.773816450E2,1.864867637E-1,-7.180644124E-2,1.773815241E2
1.901120211E2,2.285288727E-2,6.590278354E-4,1.611696440E-3,9.997373223E-1,1.773810240E2,1.863645953E-1,-7.127858152E-2,1.773809041E2
1.901170211E2,2.284998344E-2,6.608447293E-4,1.615147805E-3,9.997373819E-1,1.773813569E2,1.867645410E-1,-7.147823140E-2,1.773812364E2
1.901220211E2,2.285017777E-2,6.618842599E-4,1.611969783E-3,9.997373819E-1,1.773813346E2,1.864031972E-1,-7.160560713E-2,1.773812141E2
1.901270211E2,2.284486189E-2,6.643610541E-4,1.612363267E-3,9.997375011E-1,1.773819439E2,1.864543794E-1,-7.188931347E-2,1.773818230E2
1.901320211E2,2.285549642E-2,6.570738624E-4,1.612468506E-3,9.997372627E-1,1.773807250E2,1.864481124E-1,-7.105222291E-2,1.773806054E2
1.901370211E2,2.285530411E-2,6.583315553E-4,1.614679932E-3,9.997372627E-1,1.773807470E2,1.867047381E-1,-7.119054990E-2,1.773806270E2
1.901420211E2,2.284995738E-2,6.614242448E-4,1.615279354E-3,9.997373819E-1,1.773813599E2,1.867811273E-1,-7.154428197E-2,1.773812392E2
1.901470211E2,2.284466997E-2,6.644530222E-4,1.615042333E-3,9.997375011E-1,1.773819659E2,1.867615251E-1,-7.189287166E-2,1.773818447E2
1.901520211E2,2.285275443E-2,6.594235892E-4,1.613417175E-3,9.997373223E-1,1.773810392E2,1.865627529E-1,-7.131943808E-2,1.773809192E2
1.901570211E2,2.285002777E-2,6.606979296E-4,1.614580629E-3,9.997373819E-1,1.773813518E2,1.866991831E-1,-7.146289070E-2,1.773812314E2
1.901620211E2,2.285000074E-2,6.609767443E-4,1.614849083E-3,9.997373819E-1,1.773813549E2,1.867306659E-1,-7.149413422E-2,1.773812344E2
1.901670211E2,2.285272011E-2,6.586143281E-4,1.614233595E-3,9.997373223E-1,1.773810432E2,1.866541615E-1,-7.122459624E-2,1.773809232E2
1.901720211E2,2.285002940E-2,6.610100390E-4,1.614429755E-3,9.997373819E-1,1.773813516E2,1.866827161E-1,-7.149904119E-2,1.773812311E2
1.901770211E2,2.285519251E-2,6.575305597E-4,1.616584836E-3,9.997372627E-1,1.773807598E2,1.869208613E-1,-7.109381829E-2,1.773806398E2
1.901820211E2,2.285265898E-2,6.591364508E-4,1.614885870E-3,9.997373223E-1,1.773810502E2,1.867302505E-1,-7.128271461E-2,1.773809300E2
1.901870211E2,2.284484603E-2,6.641261280E-4,1.612684689E-3,9.997375011E-1,1.773819457E2,1.864905859E-1,-7.186156147E-2,1.773818248E2
1.901920211E2,2.284204076E-2,6.660622894E-4,1.614670968E-3,9.997375607E-1,1.773822673E2,1.867230047E-1,-7.207869502E-2,1.773821458E2
1.901970211E2,2.283925311E-2,6.681143423E-4,1.616350841E-3,9.997376204E-1,1.773825868E2,1.869206245E-1,-7.230990525E-2,1.773824648E2
1.902020211E2,2.284484905E-2,6.652901648E-4,1.612161985E-3,9.997375011E-1,1.773819454E2,1.864337518E-1,-7.199628314E-2,1.773818243E2
1.902070211E2,2.283973536E-2,6.688107387E-4,1.609232859E-3,9.997376204E-1,1.773825315E2,1.861070328E-1,-7.240822570E-2,1.773824099E2
1.902120211E2,2.284510570E-2,6.644689129E-4,1.608860563E-3,9.997375011E-1,1.773819160E2,1.860534030E-1,-7.191079448E-2,1.773817952E2
1.902170211E2,2.284758968E-2,6.635880563E-4,1.610987354E-3,9.997374415E-1,1.773816312E2,1.862949243E-1,-7.180385144E-2,1.773815105E2
1.902220211E2,2.283982000E-2,6.676605553E-4,1.608508988E-3,9.997376204E-1,1.773825218E2,1.860211002E-1,-7.227833781E-2,1.773824005E2
1.902270211E2,2.284742597E-2,6.623716326E-4,1.613807282E-3,9.997374415E-1,1.773816500E2,1.866147836E-1,-7.165714334E-2,1.773815293E2
1.902320211E2,2.284717069E-2,6.633673329E-4,1.617009169E-3,9.997374415E-1,1.773816793E2,1.869841866E-1,-7.176287668E-2,1.773815582E2
1.902370211E2,2.284472470E-2,6.644086679E-4,1.614286215E-3,9.997375011E-1,1.773819596E2,1.866747907E-1,-7.188975961E-2,1.773818385E2
1.902420211E2,2.284254115E-2,6.670430303E-4,1.607169863E-3,9.997375607E-1,1.773822099E2,1.858662676E-1,-7.221059228E-2,1.773820888E2
1.902470211E2,2.284252786E-2,6.669568829E-4,1.607394544E-3,9.997375607E-1,1.773822114E2,1.858917811E-1,-7.220013744E-2,1.773820903E2
1.902520211E2,2.283937578E-2,6.685952540E-4,1.614417532E-3,9.997376204E-1,1.773825727E2,1.867004086E-1,-7.237003639E-2,1.773824508E2
1.902570211E2,2.283417388E-2,6.713177427E-4,1.613049651E-3,9.997377396E-1,1.773831690E2,1.865504498E-1,-7.268647973E-2,1.773830467E2
1.902620211E2,2.283450027E-2,6.715282216E-4,1.608334831E-3,9.997377396E-1,1.773831316E2,1.860108855E-1,-7.272286920E-2,1.773830095E2
1.902670211E2,2.284232779E-2,6.663953536E-4,1.610467560E-3,9.997375607E-1,1.773822344E2,1.862423470E-1,-7.212780087E-2,1.773821132E2
1.902720211E2,2.283627406E-2,6.701002712E-4,1.620748080E-3,9.997376800E-1,1.773829283E2,1.874293627E-1,-7.252646588E-2,1.773828056E2
1.902770211E2,2.283388933E-2,6.717627402E-4,1.616887865E-3,9.997377396E-1,1.773832016E2,1.869913066E-1,-7.272746900E-2,1.773830789E2
1.902820211E2,2.283436726E-2,6.723958650E-4,1.609859988E-3,9.997377396E-1,1.773831468E2,1.861878714E-1,-7.281830156E-2,1.773830245E2
1.902870211E2,2.283403715E-2,6.715992931E-4,1.614867011E-3,9.997377396E-1,1.773831847E2,1.867593768E-1,-7.271400459E-2,1.773830621E2
1.902920211E2,2.282872396E-2,6.762971170E-4,1.614224864E-3,9.997378588E-1,1.773837937E2,1.866977159E-1,-7.325486710E-2,1.773836703E2
1.902970211E2,2.282901908E-2,6.758228992E-4,1.610244857E-3,9.997378588E-1,1.773837598E2,1.862405396E-1,-7.321089711E-2,1.773836369E2
1.903020211E2,2.282373454E-2,6.795476074E-4,1.609576982E-3,9.997379780E-1,1.773843656E2,1.861733826E-1,-7.364033685E-2,1.773842419E2
1.903070211E2,2.282617581E-2,6.779739633E-4,1.612640219E-3,9.997379184E-1,1.773840857E2,1.865203759E-1,-7.345159024E-2,1.773839622E2
1.903120211E2,2.283150109E-2,6.744641578E-4,1.612628810E-3,9.997377992E-1,1.773834753E2,1.865102762E-1,-7.304853778E-2,1.773833524E2
1.903170211E2,2.283203575E-2,6.735395291E-4,1.605429337E-3,9.997377992E-1,1.773834141E2,1.856831104E-1,-7.296134844E-2,1.773832919E2
1.903220211E2,2.282909272E-2,6.761755794E-4,1.609052415E-3,9.997378588E-1,1.773837514E2,1.861048593E-1,-7.325440659E-2,1.773836284E2
1.903270211E2,2.283170962E-2,6.745597348E-4,1.609633677E-3,9.997377992E-1,1.773834514E2,1.861674133E-1,-7.306728493E-2,1.773833287E2
1.903320211E2,2.282949623E-2,6.750000757E-4,1.603812445E-3,9.997378588E-1,1.773837051E2,1.855015122E-1,-7.313337272E-2,1.773835828E2
1.903370211E2,2.283226326E-2,6.739348755E-4,1.602024189E-3,9.997377992E-1,1.773833880E2,1.852940613E-1,-7.301550730E-2,1.773832660E2
1.903420211E2,2.283173536E-2,6.742754485E-4,1.609387691E-3,9.997377992E-1,1.773834485E2,1.861384907E-1,-7.303535548E-2,1.773833259E2
1.903470211E2,2.283141175E-2,6.743464037E-4,1.613942324E-3,9.997377992E-1,1.773834856E2,1.866604402E-1,-7.303162765E-2,1.773833626E2
1.903520211E2,2.282908593E-2,6.757262745E-4,1.609337516E-3,9.997378588E-1,1.773837522E2,1.861363450E-1,-7.320218892E-2,1.773836293E2
1.903570211E2,2.283185800E-2,6.738969241E-4,1.607805490E-3,9.997377992E-1,1.773834344E2,1.859562493E-1,-7.299610807E-2,1.773833120E2
1.903620211E2,2.283681838E-2,6.710789166E-4,1.612653374E-3,9.997376800E-1,1.773828659E2,1.865046186E-1,-7.265966307E-2,1.773827436E2
1.903670211E2,2.283673376E-2,6.700805388E-4,1.614266075E-3,9.997376800E-1,1.773828756E2,1.866867536E-1,-7.254108268E-2,1.773827534E2
1.903720211E2,2.283422132E-2,6.720003439E-4,1.612093649E-3,9.997377396E-1,1.773831635E2,1.864427181E-1,-7.276717234E-2,1.773830412E2
1.903770211E2,2.283676177E-2,6.709262962E-4,1.613518340E-3,9.997376800E-1,1.773828724E2,1.866033072E-1,-7.263992555E-2,1.773827501E2
1.903820211E2,2.283424701E-2,6.728288718E-4,1.611383981E-3,9.997377396E-1,1.773831606E2,1.863635873E-1,-7.286394200E-2,1.773830381E2
1.903870211E2,2.282659421E-2,6.778293755E-4,1.606767997E-3,9.997379184E-1,1.773840378E2,1.858472954E-1,-7.345030889E-2,1.773839147E2
1.903920211E2,2.281883818E-2,6.826795288E-4,1.603620243E-3,9.997380972E-1,1.773849268E2,1.854987970E-1,-7.401562327E-2,1.773848030E2
1.903970211E2,2.282113710E-2,6.803539000E-4,1.609044266E-3,9.997380376E-1,1.773846633E2,1.861142711E-1,-7.373458388E-2,1.773845395E2
1.904020211E2,2.282859593E-2,6.764958962E-4,1.615951303E-3,9.997378588E-1,1.773838083E2,1.868960108E-1,-7.327314694E-2,1.773836848E2
1.904070211E2,2.282075374E-2,6.806367310E-4,1.614353037E-3,9.997380376E-1,1.773847072E2,1.867231656E-1,-7.375317335E-2,1.773845830E2
1.904120211E2,2.283115885E-2,6.747866864E-4,1.617332338E-3,9.997377992E-1,1.773835146E2,1.870499403E-1,-7.307324477E-2,1.773833913E2
1.904170211E2,2.284676328E-2,6.639272324E-4,1.622526324E-3,9.997374415E-1,1.773817260E2,1.876176790E-1,-7.181265096E-2,1.773816044E2
1.904220211E2,2.284389801E-2,6.643445231E-4,1.625969075E-3,9.997375011E-1,1.773820544E2,1.880129736E-1,-7.185198155E-2,1.773819325E2
1.904270211E2,2.283341942E-2,6.725252024E-4,1.623194665E-3,9.997377396E-1,1.773832555E2,1.877157867E-1,-7.279840308E-2,1.773831322E2
1.904320211E2,2.283057808E-2,6.741566467E-4,1.625771518E-3,9.997377992E-1,1.773835811E2,1.880150578E-1,-7.297909551E-2,1.773834573E2
1.904370211E2,2.283566620E-2,6.708689616E-4,1.628973754E-3,9.997376800E-1,1.773829979E2,1.883736791E-1,-7.259311641E-2,1.773828745E2
1.904420211E2,2.282535528E-2,6.773060304E-4,1.624491415E-3,9.997379184E-1,1.773841798E2,1.878762641E-1,-7.334422446E-2,1.773840555E2
1.904470211E2,2.283072508E-2,6.738816155E-4,1.623819931E-3,9.997377992E-1,1.773835643E2,1.877907714E-1,-7.295266587E-2,1.773834407E2
1.904520211E2,2.283333086E-2,6.723167025E-4,1.624526223E-3,9.997377396E-1,1.773832656E2,1.878677805E-1,-7.277104944E-2,1.773831423E2
1.904570211E2,2.282786380E-2,6.757588126E-4,1.626567449E-3,9.997378588E-1,1.773838922E2,1.881102347E-1,-7.316107043E-2,1.773837681E2
1.904620211E2,2.282832881E-2,6.757936208E-4,1.620013616E-3,9.997378588E-1,1.773838390E2,1.873595401E-1,-7.318211584E-2,1.773837153E2
1.904670211E2,2.283619038E-2,6.711442256E-4,1.621494885E-3,9.997376800E-1,1.773829378E2,1.875176441E-1,-7.264412423E-2,1.773828149E2
1.904720211E2,2.283338533E-2,6.729834713E-4,1.623484190E-3,9.997377396E-1,1.773832594E2,1.877501520E-1,-7.285015189E-2,1.773831360E2
1.904770211E2,2.283049622E-2,6.747217267E-4,1.626686309E-3,9.997377992E-1,1.773835905E2,1.881213306E-1,-7.304145397E-2,1.773834666E2
1.904820211E2,2.282533126E-2,6.772704073E-4,1.624843688E-3,9.997379184E-1,1.773841825E2,1.879165262E-1,-7.333922649E-2,1.773840582E2
1.904870211E2,2.283066108E-2,6.739241071E-4,1.624701894E-3,9.997377992E-1,1.773835716E2,1.878919172E-1,-7.295523829E-2,1.773834480E2
1.904920211E2,2.283065034E-2,6.744028069E-4,1.624654164E-3,9.997377992E-1,1.773835729E2,1.878877009E-1,-7.301020578E-2,1.773834491E2
1.904970211E2,2.282821942E-2,6.756652729E-4,1.621607807E-3,9.997378588E-1,1.773838515E2,1.875418300E-1,-7.316326213E-2,1.773837277E2
1.905020211E2,2.282040074E-2,6.813817890E-4,1.619021990E-3,9.997380376E-1,1.773847477E2,1.872599725E-1,-7.382638428E-2,1.773846230E2
1.905070211E2,2.281995413E-2,6.819727714E-4,1.625056844E-3,9.997380376E-1,1.773847989E2,1.879528497E-1,-7.387839005E-2,1.773846736E2
1.905120211E2,2.281429274E-2,6.854142994E-4,1.629754901E-3,9.997381568E-1,1.773854478E2,1.884996485E-1,-7.426143847E-2,1.773853215E2
1.905170211E2,2.280397941E-2,6.923685432E-4,1.624894910E-3,9.997383952E-1,1.773866299E2,1.879602873E-1,-7.507277300E-2,1.773865027E2
1.905220211E2,2.280921507E-2,6.887523341E-4,1.626290032E-3,9.997382760E-1,1.773860298E2,1.881110551E-1,-7.465386323E-2,1.773859032E2
1.905270211E2,2.281457007E-2,6.849194760E-4,1.626076526E-3,9.997381568E-1,1.773854160E2,1.880769734E-1,-7.421431550E-2,1.773852901E2
1.905320211E2,2.281203525E-2,6.865306059E-4,1.624312950E-3,9.997382164E-1,1.773857065E2,1.878789588E-1,-7.440397632E-2,1.773855805E2
1.905370211E2,2.280697097E-2,6.903554895E-4,1.620431198E-3,9.997383356E-1,1.773862870E2,1.874438784E-1,-7.485325830E-2,1.773861605E2
1.905420211E2,2.280711517E-2,6.897405838E-4,1.618662500E-3,9.997383356E-1,1.773862705E2,1.872396563E-1,-7.478740939E-2,1.773861442E2
1.905470211E2,2.281464452E-2,6.855177344E-4,1.624779310E-3,9.997381568E-1,1.773854075E2,1.879299316E-1,-7.428623049E-2,1.773852816E2
1.905520211E2,2.281485608E-2,6.848991616E-4,1.622067299E-3,9.997381568E-1,1.773853832E2,1.876176366E-1,-7.422241664E-2,1.773852576E2
1.905570211E2,2.281512238E-2,6.845963653E-4,1.618445502E-3,9.997381568E-1,1.773853527E2,1.872019445E-1,-7.419714721E-2,1.773852274E2
1.905620211E2,2.281789225E-2,6.824359298E-4,1.617126982E-3,9.997380972E-1,1.773850352E2,1.870454481E-1,-7.395257337E-2,1.773849105E2
1.905670211E2,2.282593459E-2,6.779722171E-4,1.616051770E-3,9.997379184E-1,1.773841134E2,1.869111874E-1,-7.344251130E-2,1.773839896E2
1.905720211E2,2.282860180E-2,6.756742951E-4,1.616212074E-3,9.997378588E-1,1.773838077E2,1.869237360E-1,-7.317833973E-2,1.773836843E2
1.905770211E2,2.283697195E-2,6.701333332E-4,1.610870939E-3,9.997376800E-1,1.773828483E2,1.862979558E-1,-7.255597164E-2,1.773827263E2
1.905820211E2,2.283704619E-2,6.695371121E-4,1.610066160E-3,9.997376800E-1,1.773828398E2,1.862042037E-1,-7.248975996E-2,1.773827180E2
1.905870211E2,2.284194619E-2,6.672373274E-4,1.615523477E-3,9.997375607E-1,1.773822781E2,1.868237390E-1,-7.221109529E-2,1.773821564E2
1.905920211E2,2.284193898E-2,6.673493772E-4,1.615579124E-3,9.997375607E-1,1.773822789E2,1.868304068E-1,-7.222378757E-2,1.773821572E2
1.905970211E2,2.284247871E-2,6.668365677E-4,1.608142629E-3,9.997375607E-1,1.773822171E2,1.859771646E-1,-7.218440483E-2,1.773820959E2
1.906020211E2,2.284243710E-2,6.660459330E-4,1.609061146E-3,9.997375607E-1,1.773822218E2,1.860803188E-1,-7.209143188E-2,1.773821008E2
1.906070211E2,2.284172217E-2,6.665021065E-4,1.618990675E-3,9.997375607E-1,1.773823038E2,1.872190068E-1,-7.211783340E-2,1.773821819E2
1.906120211E2,2.283911640E-2,6.679215003E-4,1.618360984E-3,9.997376204E-1,1.773826025E2,1.871503956E-1,-7.228257740E-2,1.773824804E2
1.906170211E2,2.284748020E-2,6.629434647E-4,1.612804364E-3,9.997374415E-1,1.773816438E2,1.865013887E-1,-7.172526906E-2,1.773815231E2
1.906220211E2,2.284717152E-2,6.629909622E-4,1.617151778E-3,9.997374415E-1,1.773816792E2,1.869995387E-1,-7.171938555E-2,1.773815581E2
1.906270211E2,2.284437890E-2,6.641093059E-4,1.619295217E-3,9.997375011E-1,1.773819993E2,1.872478227E-1,-7.184241576E-2,1.773818779E2
1.906320211E2,2.283696445E-2,6.702113315E-4,1.610944746E-3,9.997376800E-1,1.773828491E2,1.863066149E-1,-7.256471548E-2,1.773827272E2
1.906370211E2,2.284263540E-2,6.669258000E-4,1.605878351E-3,9.997375607E-1,1.773821991E2,1.857180095E-1,-7.220052547E-2,1.773820781E2
1.906420211E2,2.284196309E-2,6.664596149E-4,1.615605550E-3,9.997375607E-1,1.773822762E2,1.868311067E-1,-7.212178136E-2,1.773821546E2
1.906470211E2,2.283950460E-2,6.687013083E-4,1.612549997E-3,9.997376204E-1,1.773825580E2,1.864867473E-1,-7.238705006E-2,1.773824362E2
1.906520211E2,2.283703133E-2,6.705510896E-4,1.609854866E-3,9.997376800E-1,1.773828415E2,1.861826503E-1,-7.260647851E-2,1.773827195E2
1.906570211E2,2.284200645E-2,6.673180033E-4,1.614637906E-3,9.997375607E-1,1.773822712E2,1.867225018E-1,-7.222264447E-2,1.773821495E2
1.906620211E2,2.284157334E-2,6.659147912E-4,1.621330390E-3,9.997375607E-1,1.773823208E2,1.874855007E-1,-7.204445315E-2,1.773821989E2
1.906670211E2,2.284431668E-2,6.656760816E-4,1.619529678E-3,9.997375011E-1,1.773820064E2,1.872787805E-1,-7.202130582E-2,1.773818847E2
1.906720211E2,2.284183370E-2,6.663838285E-4,1.617465052E-3,9.997375607E-1,1.773822910E2,1.870439270E-1,-7.210825589E-2,1.773821693E2
1.906770211E2,2.284433028E-2,6.649286370E-4,1.619644812E-3,9.997375011E-1,1.773820048E2,1.872900146E-1,-7.193537347E-2,1.773818833E2
1.906820211E2,2.284412460E-2,6.652044249E-4,1.622430282E-3,9.997375011E-1,1.773820284E2,1.876098305E-1,-7.195971469E-2,1.773819066E2
1.906870211E2,2.283624914E-2,6.700444501E-4,1.621122123E-3,9.997376800E-1,1.773829311E2,1.874720658E-1,-7.251909673E-2,1.773828084E2
1.906920211E2,2.283380229E-2,6.725576241E-4,1.617786358E-3,9.997377396E-1,1.773832116E2,1.870963135E-1,-7.281619732E-2,1.773830887E2
1.906970211E2,2.283119230E-2,6.745525170E-4,1.616957830E-3,9.997377992E-1,1.773835107E2,1.870064256E-1,-7.304739155E-2,1.773833875E2
1.907020211E2,2.284183132E-2,6.662014057E-4,1.617573900E-3,9.997375607E-1,1.773822913E2,1.870559191E-1,-7.208707278E-2,1.773821696E2
1.907070211E2,2.283907217E-2,6.681096856E-4,1.618907438E-3,9.997376204E-1,1.773826075E2,1.872134877E-1,-7.230271425E-2,1.773824854E2
1.907120211E2,2.284093526E-2,6.676564808E-4,1.629582373E-3,9.997375607E-1,1.773823940E2,1.884353768E-1,-7.222250383E-2,1.773822712E2
1.907170211E2,2.284079218E-2,6.676260382E-4,1.631599152E-3,9.997375607E-1,1.773824104E2,1.886663328E-1,-7.221376435E-2,1.773822874E2
1.907220211E2,2.283568141E-2,6.705527776E-4,1.628890750E-3,9.997376800E-1,1.773829962E2,1.883633436E-1,-7.255710823E-2,1.773828729E2
1.907270211E2,2.283308793E-2,6.715966738E-4,1.628234284E-3,9.997377396E-1,1.773832935E2,1.882906811E-1,-7.267890495E-2,1.773831700E2
1.907320211E2,2.284058413E-2,6.680035149E-4,1.634354703E-3,9.997375607E-1,1.773824342E2,1.889829870E-1,-7.224983536E-2,1.773823110E2
1.907370211E2,2.284064556E-2,6.679631188E-4,1.633512555E-3,9.997375607E-1,1.773824272E2,1.888864075E-1,-7.224740021E-2,1.773823040E2
1.907420211E2,2.283032827E-2,6.747648004E-4,1.629023929E-3,9.997377992E-1,1.773836098E2,1.883892332E-1,-7.304030426E-2,1.773834856E2
1.907470211E2,2.282769848E-2,6.763968267E-4,1.628621132E-3,9.997378588E-1,1.773839112E2,1.883471657E-1,-7.322882102E-2,1.773837868E2
1.907520211E2,2.282513034E-2,6.784270518E-4,1.627182006E-3,9.997379184E-1,1.773842056E2,1.881874194E-1,-7.346565493E-2,1.773840808E2
1.907570211E2,2.281444979E-2,6.858359557E-4,1.627377351E-3,9.997381568E-1,1.773854298E2,1.882283859E-1,-7.431593052E-2,1.773853036E2
1.907620211E2,2.281180857E-2,6.879759021E-4,1.626882935E-3,9.997382164E-1,1.773857325E2,1.881771430E-1,-7.456287599E-2,1.773856060E2
1.907670211E2,2.281194902E-2,6.876335246E-4,1.625057193E-3,9.997382164E-1,1.773857164E2,1.879670978E-1,-7.452839907E-2,1.773855901E2
1.907720211E2,2.280389696E-2,6.917791325E-4,1.626302488E-3,9.997383952E-1,1.773866394E2,1.881199956E-1,-7.500158627E-2,1.773865122E2
1.907770211E2,2.280616903E-2,6.909609074E-4,1.631422783E-3,9.997383356E-1,1.773863789E2,1.887046185E-1,-7.489403952E-2,1.773862515E2
1.907820211E2,2.281156597E-2,6.879577413E-4,1.630288665E-3,9.997382164E-1,1.773857603E2,1.885672445E-1,-7.455193806E-2,1.773856336E2
1.907870211E2,2.280666586E-2,6.898096181E-4,1.624951605E-3,9.997383356E-1,1.773863220E2,1.879602954E-1,-7.477896513E-2,1.773861953E2
1.907920211E2,2.280895911E-2,6.896488485E-4,1.629496808E-3,9.997382760E-1,1.773860591E2,1.884807542E-1,-7.474823551E-2,1.773859321E2
1.907970211E2,2.279830741E-2,6.963069318E-4,1.629452221E-3,9.997385144E-1,1.773872800E2,1.884922465E-1,-7.551312109E-2,1.773871517E2
1.908020211E2,2.279583184E-2,6.983172498E-4,1.626654295E-3,9.997385740E-1,1.773875638E2,1.881767757E-1,-7.575120231E-2,1.773874353E2
1.908070211E2,2.280144301E-2,6.950757816E-4,1.622659271E-3,9.997384548E-1,1.773869206E2,1.877110521E-1,-7.538923719E-2,1.773867931E2
1.908120211E2,2.280421874E-2,6.924154586E-4,1.621512696E-3,9.997383952E-1,1.773866025E2,1.875729547E-1,-7.508694145E-2,1.773864755E2
1.908170211E2,2.280392801E-2,6.927740178E-4,1.625443343E-3,9.997383952E-1,1.773866358E2,1.880241727E-1,-7.511780128E-2,1.773865085E2
1.908220211E2,2.280122097E-2,6.945736823E-4,1.625990844E-3,9.997384548E-1,1.773869461E2,1.880913950E-1,-7.532305230E-2,1.773868184E2
1.908270211E2,2.280079605E-2,6.948557566E-4,1.631818479E-3,9.997384548E-1,1.773869948E2,1.887597255E-1,-7.534022005E-2,1.773868666E2
1.908320211E2,2.280584108E-2,6.914873957E-4,1.635778346E-3,9.997383356E-1,1.773864165E2,1.892049519E-1,-7.494303356E-2,1.773862887E2
1.908370211E2,2.280893466E-2,6.898525753E-4,1.629752805E-3,9.997382760E-1,1.773860619E2,1.885106124E-1,-7.477091025E-2,1.773859348E2
1.908420211E2,2.281205477E-2,6.872303202E-4,1.623742864E-3,9.997382164E-1,1.773857043E2,1.878154794E-1,-7.448562336E-2,1.773855782E2
1.908470211E2,2.280953460E-2,6.881264271E-4,1.622067881E-3,9.997382760E-1,1.773859932E2,1.876257448E-1,-7.459313452E-2,1.773858670E2
1.908520211E2,2.280670808E-2,6.899777800E-4,1.624287572E-3,9.997383356E-1,1.773863171E2,1.878846652E-1,-7.479995761E-2,1.773861904E2
1.908570211E2,2.280138796E-2,6.947633810E-4,1.623566262E-3,9.997384548E-1,1.773869269E2,1.878141384E-1,-7.535108846E-2,1.773867994E2
1.908620211E2,2.279611016E-2,6.987071829E-4,1.622581389E-3,9.997385740E-1,1.773875319E2,1.877112152E-1,-7.580646126E-2,1.773874036E2
1.908670211E2,2.279850396E-2,6.962672342E-4,1.626716810E-3,9.997385144E-1,1.773872575E2,1.881787835E-1,-7.551568287E-2,1.773871294E2
1.908720211E2,2.279836932E-2,6.967472145E-4,1.628397382E-3,9.997385144E-1,1.773872729E2,1.883725571E-1,-7.556630483E-2,1.773871446E2
1.908770211E2,2.279858400E-2,6.965220673E-4,1.625485485E-3,9.997385144E-1,1.773872483E2,1.880383924E-1,-7.554807893E-2,1.773871203E2
1.908820211E2,2.280430406E-2,6.929213996E-4,1.620096038E-3,9.997383952E-1,1.773865927E2,1.874119883E-1,-7.514858903E-2,1.773864657E2
1.908870211E2,2.280391575E-2,6.922134198E-4,1.625854173E-3,9.997383952E-1,1.773866372E2,1.880697721E-1,-7.505250696E-2,1.773865100E2
1.908920211E2,2.280423096E-2,6.920475280E-4,1.621497911E-3,9.997383952E-1,1.773866011E2,1.875703003E-1,-7.504482706E-2,1.773864742E2
1.908970211E2,2.279886649E-2,6.952649564E-4,1.622057986E-3,9.997385144E-1,1.773872160E2,1.876424677E-1,-7.541296412E-2,1.773870884E2
1.909020211E2,2.280386299E-2,6.919429288E-4,1.626709127E-3,9.997383952E-1,1.773866433E2,1.881670064E-1,-7.501929478E-2,1.773865160E2
1.909070211E2,2.280115673E-2,6.947871298E-4,1.626800280E-3,9.997384548E-1,1.773869535E2,1.881846785E-1,-7.534540226E-2,1.773868256E2
1.909120211E2,2.279879300E-2,6.964171771E-4,1.622596523E-3,9.997385144E-1,1.773872244E2,1.877071688E-1,-7.554357117E-2,1.773870966E2
1.909170211E2,2.279879614E-2,6.956146681E-4,1.622896525E-3,9.997385144E-1,1.773872240E2,1.877394410E-1,-7.545085002E-2,1.773870963E2
1.909220211E2,2.279798743E-2,6.957771839E-4,1.634148648E-3,9.997385144E-1,1.773873167E2,1.890288703E-1,-7.544022279E-2,1.773871882E2
1.909270211E2,2.279539135E-2,6.986486260E-4,1.632673782E-3,9.997385740E-1,1.773876143E2,1.888672125E-1,-7.577352357E-2,1.773874853E2
1.909320211E2,2.278742513E-2,7.041129866E-4,1.632037689E-3,9.997387528E-1,1.773885274E2,1.888080075E-1,-7.640269585E-2,1.773883974E2
1.909370211E2,2.278786523E-2,7.034407463E-4,1.626171987E-3,9.997387528E-1,1.773884769E2,1.881342987E-1,-7.634091764E-2,1.773883475E2
1.909420211E2,2.279564780E-2,6.976451259E-4,1.629519276E-3,9.997385740E-1,1.773875849E2,1.885032237E-1,-7.566675308E-2,1.773874563E2
1.909470211E2,2.279058958E-2,7.011537673E-4,1.625624252E-3,9.997386932E-1,1.773881647E2,1.880657836E-1,-7.607983540E-2,1.773880357E2
1.909520211E2,2.278819420E-2,7.030940033E-4,1.621705946E-3,9.997387528E-1,1.773884392E2,1.876217795E-1,-7.631279520E-2,1.773883102E2
1.909570211E2,2.279641924E-2,6.977483281E-4,1.618646784E-3,9.997385740E-1,1.773874965E2,1.872579772E-1,-7.570683404E-2,1.773873687E2
1.909620211E2,2.279309702E-2,6.999547477E-4,1.627640566E-3,9.997386336E-1,1.773878773E2,1.882938352E-1,-7.593673537E-2,1.773877484E2
1.909670211E2,2.278239803E-2,7.081622025E-4,1.627438469E-3,9.997388721E-1,1.773891036E2,1.882913000E-1,-7.687953790E-2,1.773889732E2
1.909720211E2,2.278301879E-2,7.073202869E-4,1.619093120E-3,9.997388721E-1,1.773890324E2,1.873330892E-1,-7.680475839E-2,1.773889028E2
1.909770211E2,2.278553193E-2,7.054843009E-4,1.621331088E-3,9.997388124E-1,1.773887444E2,1.875848740E-1,-7.658811014E-2,1.773886149E2
1.909820211E2,2.278543542E-2,7.059489726E-4,1.622484648E-3,9.997388124E-1,1.773887554E2,1.877182341E-1,-7.663834970E-2,1.773886258E2
1.909870211E2,2.278817948E-2,7.034997689E-4,1.621736796E-3,9.997387528E-1,1.773884409E2,1.876263724E-1,-7.635920258E-2,1.773883118E2
1.909920211E2,2.279895941E-2,6.963543128E-4,1.620283583E-3,9.997385144E-1,1.773872053E2,1.874420421E-1,-7.554238111E-2,1.773870777E2
1.909970211E2,2.280394724E-2,6.918578292E-4,1.625563833E-3,9.997383952E-1,1.773866336E2,1.880355832E-1,-7.501252274E-2,1.773865064E2
1.910020211E2,2.280402547E-2,6.933923578E-4,1.623811666E-3,9.997383952E-1,1.773866246E2,1.878388679E-1,-7.519288502E-2,1.773864973E2
1.910070211E2,2.279885871E-2,6.964591448E-4,1.621654956E-3,9.997385144E-1,1.773872169E2,1.875994156E-1,-7.555082674E-2,1.773870891E2
1.910120211E2,2.280152021E-2,6.938998704E-4,1.622077543E-3,9.997384548E-1,1.773869118E2,1.876413412E-1,-7.525602844E-2,1.773867845E2
1.910170211E2,2.279871448E-2,6.957361475E-4,1.623991295E-3,9.997385144E-1,1.773872334E2,1.878651712E-1,-7.546192196E-2,1.773871056E2
1.910220211E2,2.279295736E-2,7.002038765E-4,1.629488193E-3,9.997386336E-1,1.773878933E2,1.885061433E-1,-7.596047625E-2,1.773877642E2
1.910270211E2,2.278790864E-2,7.031096029E-4,1.625706791E-3,9.997387528E-1,1.773884720E2,1.880801434E-1,-7.630418796E-2,1.773883426E2
1.910320211E2,2.279063538E-2,7.014725124E-4,1.624844386E-3,9.997386932E-1,1.773881594E2,1.879772766E-1,-7.611837957E-2,1.773880305E2
1.910370211E2,2.279265338E-2,7.004407817E-4,1.633633045E-3,9.997386336E-1,1.773879281E2,1.889815816E-1,-7.597684756E-2,1.773877987E2
1.910420211E2,2.278726797E-2,7.039572811E-4,1.634297543E-3,9.997387528E-1,1.773885454E2,1.890664824E-1,-7.637898635E-2,1.773884152E2
1.910470211E2,2.278219947E-2,7.069686544E-4,1.630733721E-3,9.997388721E-1,1.773891264E2,1.886656792E-1,-7.673423724E-2,1.773889959E2
1.910520211E2,2.279274396E-2,6.994577125E-4,1.632790198E-3,9.997386336E-1,1.773879177E2,1.888824622E-1,-7.586640991E-2,1.773877886E2
1.910570211E2,2.278972362E-2,7.018269971E-4,1.637430978E-3,9.997386932E-1,1.773882639E2,1.894200785E-1,-7.612628966E-2,1.773881339E2
1.910620211E2,2.278426938E-2,7.062863442E-4,1.638632384E-3,9.997388124E-1,1.773888891E2,1.895689433E-1,-7.663505645E-2,1.773887582E2
1.910670211E2,2.278706441E-2,7.041459903E-4,1.637052279E-3,9.997387528E-1,1.773885687E2,1.893825478E-1,-7.639345014E-2,1.773884383E2
1.910720211E2,2.278944925E-2,7.023938815E-4,1.641002716E-3,9.997386932E-1,1.773882954E2,1.898307238E-1,-7.618195687E-2,1.773881650E2
1.910770211E2,2.278402995E-2,7.058021729E-4,1.642166404E-3,9.997388124E-1,1.773889165E2,1.899725252E-1,-7.657040707E-2,1.773887854E2
1.910820211E2,2.278719986E-2,7.041341742E-4,1.635170891E-3,9.997387528E-1,1.773885532E2,1.891669916E-1,-7.639698378E-2,1.773884230E2
1.910870211E2,2.278956512E-2,7.019393961E-4,1.639587455E-3,9.997386932E-1,1.773882821E2,1.896674104E-1,-7.613356440E-2,1.773881519E2
1.910920211E2,2.278677063E-2,7.043987280E-4,1.641027979E-3,9.997387528E-1,1.773886024E2,1.898386496E-1,-7.641207807E-2,1.773884717E2
1.910970211E2,2.277879209E-2,7.086896803E-4,1.641012379E-3,9.997389317E-1,1.773895169E2,1.898474548E-1,-7.690521257E-2,1.773893853E2
1.911020211E2,2.278136598E-2,7.075553294E-4,1.642083866E-3,9.997388721E-1,1.773892219E2,1.899674428E-1,-7.677197333E-2,1.773890904E2
1.911070211E2,2.278931905E-2,7.028366090E-4,1.642620540E-3,9.997386932E-1,1.773883103E2,1.900172114E-1,-7.622847608E-2,1.773881797E2
1.911120211E2,2.278388395E-2,7.055932074E-4,1.644280506E-3,9.997388124E-1,1.773889333E2,1.902141642E-1,-7.654097551E-2,1.773888020E2
1.911170211E2,2.278658465E-2,7.036436582E-4,1.643931726E-3,9.997387528E-1,1.773886237E2,1.901693227E-1,-7.631802882E-2,1.773884929E2
1.911220211E2,2.278444824E-2,7.050752174E-4,1.636665897E-3,9.997388124E-1,1.773888686E2,1.893405096E-1,-7.650140840E-2,1.773887381E2
1.911270211E2,2.278690895E-2,7.039692136E-4,1.639290596E-3,9.997387528E-1,1.773885866E2,1.896385004E-1,-7.636738279E-2,1.773884560E2
1.911320211E2,2.279251825E-2,7.009847905E-4,1.635284279E-3,9.997386336E-1,1.773879436E2,1.891721612E-1,-7.603488268E-2,1.773878140E2
1.911370211E2,2.278991330E-2,7.021144265E-4,1.634665532E-3,9.997386932E-1,1.773882422E2,1.891040286E-1,-7.616640454E-2,1.773881124E2
1.911420211E2,2.279771419E-2,6.970432005E-4,1.637417823E-3,9.997385144E-1,1.773873480E2,1.894066807E-1,-7.557677048E-2,1.773872190E2
1.911470211E2,2.280054724E-2,6.946962094E-4,1.635359135E-3,9.997384548E-1,1.773870233E2,1.891649144E-1,-7.531273773E-2,1.773868949E2
1.911520211E2,2.279234597E-2,7.007959066E-4,1.637764508E-3,9.997386336E-1,1.773879634E2,1.894557946E-1,-7.600679821E-2,1.773878335E2
1.911570211E2,2.278714152E-2,7.035807357E-4,1.636221656E-3,9.997387528E-1,1.773885599E2,1.892859195E-1,-7.633084807E-2,1.773884297E2
1.911620211E2,2.279796992E-2,6.964154891E-4,1.634121058E-3,9.997385144E-1,1.773873187E2,1.890273759E-1,-7.551342347E-2,1.773871900E2
1.911670211E2,2.280051331E-2,6.946749636E-4,1.635841094E-3,9.997384548E-1,1.773870272E2,1.892200706E-1,-7.530905089E-2,1.773868987E2
1.911720211E2,2.279239447E-2,7.005055086E-4,1.637213631E-3,9.997386336E-1,1.773879578E2,1.893919301E-1,-7.597495941E-2,1.773878281E2
1.911770211E2,2.279502585E-2,6.981755141E-4,1.637970679E-3,9.997385740E-1,1.773876562E2,1.894727720E-1,-7.570555532E-2,1.773875269E2
1.911820211E2,2.280042327E-2,6.940916064E-4,1.637343084E-3,9.997384548E-1,1.773870375E2,1.893906104E-1,-7.523831308E-2,1.773869090E2
1.911870211E2,2.280300486E-2,6.935101119E-4,1.638031681E-3,9.997383952E-1,1.773867416E2,1.894681720E-1,-7.516940765E-2,1.773866132E2
1.911920211E2,2.279246874E-2,7.001232589E-4,1.636343077E-3,9.997386336E-1,1.773879493E2,1.892912049E-1,-7.593342803E-2,1.773878197E2
1.911970211E2,2.279531241E-2,6.977492594E-4,1.634159940E-3,9.997385740E-1,1.773876233E2,1.890351142E-1,-7.566662330E-2,1.773874944E2
1.912020211E2,2.279540230E-2,6.979772588E-4,1.632808126E-3,9.997385740E-1,1.773876130E2,1.888808500E-1,-7.569625763E-2,1.773874841E2
1.912070211E2,2.279289711E-2,6.991609116E-4,1.630778192E-3,9.997386336E-1,1.773879002E2,1.886511990E-1,-7.583763435E-2,1.773877712E2
1.912120211E2,2.278746007E-2,7.038103067E-4,1.631680294E-3,9.997387528E-1,1.773885234E2,1.887662758E-1,-7.636894704E-2,1.773883935E2
1.912170211E2,2.278227045E-2,7.072854787E-4,1.629604260E-3,9.997388721E-1,1.773891182E2,1.885371185E-1,-7.677346855E-2,1.773889878E2
1.912220211E2,2.278753498E-2,7.036147290E-4,1.630718238E-3,9.997387528E-1,1.773885148E2,1.886555556E-1,-7.634903949E-2,1.773883850E2
1.912270211E2,2.278481275E-2,7.050801069E-4,1.631581341E-3,9.997388124E-1,1.773888268E2,1.887580532E-1,-7.651517570E-2,1.773886967E2
1.912320211E2,2.278489445E-2,7.057295297E-4,1.630159095E-3,9.997388124E-1,1.773888175E2,1.885968199E-1,-7.659327286E-2,1.773886873E2
1.912370211E2,2.278191666E-2,7.075321046E-4,1.634436077E-3,9.997388721E-1,1.773891588E2,1.890912782E-1,-7.678917448E-2,1.773890279E2
1.912420211E2,2.278974837E-2,7.019160548E-4,1.637048321E-3,9.997386932E-1,1.773882611E2,1.893764750E-1,-7.613748694E-2,1.773881311E2
1.912470211E2,2.279006413E-2,7.021857309E-4,1.632530591E-3,9.997386932E-1,1.773882249E2,1.888596432E-1,-7.618012054E-2,1.773880952E2
1.912520211E2,2.278460264E-2,7.064249367E-4,1.633932116E-3,9.997388124E-1,1.773888509E2,1.890308584E-1,-7.666314331E-2,1.773887203E2
1.912570211E2,2.278444711E-2,7.063419325E-4,1.636135392E-3,9.997388124E-1,1.773888687E2,1.892830416E-1,-7.664791079E-2,1.773887380E2
1.912620211E2,2.278717395E-2,7.033914444E-4,1.635851455E-3,9.997387528E-1,1.773885562E2,1.892430167E-1,-7.631012313E-2,1.773884260E2
1.912670211E2,2.278733047E-2,7.034692098E-4,1.633636188E-3,9.997387528E-1,1.773885382E2,1.889894462E-1,-7.632478732E-2,1.773884082E2
1.912720211E2,2.278744312E-2,7.034171722E-4,1.632086467E-3,9.997387528E-1,1.773885253E2,1.888117798E-1,-7.632285142E-2,1.773883954E2
1.912770211E2,2.279525511E-2,6.988911773E-4,1.634471235E-3,9.997385740E-1,1.773876299E2,1.890737557E-1,-7.579664094E-2,1.773875007E2
1.912820211E2,2.279478513E-2,6.977781304E-4,1.641486189E-3,9.997385740E-1,1.773876838E2,1.898744595E-1,-7.565089271E-2,1.773875543E2
1.912870211E2,2.279234085E-2,7.006744854E-4,1.637887675E-3,9.997386336E-1,1.773879639E2,1.894695874E-1,-7.599256727E-2,1.773878341E2
1.912920211E2,2.279540270E-2,6.987367524E-4,1.632477622E-3,9.997385740E-1,1.773876130E2,1.888449712E-1,-7.578412975E-2,1.773874840E2
1.912970211E2,2.280053278E-2,6.946402718E-4,1.635584515E-3,9.997384548E-1,1.773870250E2,1.891905872E-1,-7.530574327E-2,1.773868965E2
1.913020211E2,2.279497513E-2,6.979531609E-4,1.638771035E-3,9.997385740E-1,1.773876620E2,1.895638776E-1,-7.567800105E-2,1.773875327E2
1.913070211E2,2.279251669E-2,7.008856628E-4,1.635348424E-3,9.997386336E-1,1.773879438E2,1.891792507E-1,-7.602335921E-2,1.773878141E2
1.913120211E2,2.278977902E-2,7.020467892E-4,1.636565547E-3,9.997386932E-1,1.773882576E2,1.893215112E-1,-7.615371912E-2,1.773881276E2
1.913170211E2,2.280039070E-2,6.951722899E-4,1.637338079E-3,9.997384548E-1,1.773870413E2,1.893928585E-1,-7.536213719E-2,1.773869126E2
1.913220211E2,2.279208995E-2,7.003177889E-4,1.641527633E-3,9.997386336E-1,1.773879927E2,1.898856375E-1,-7.594224381E-2,1.773878627E2
1.913270211E2,2.279230497E-2,7.001433987E-4,1.638613991E-3,9.997386336E-1,1.773879681E2,1.895514055E-1,-7.592983481E-2,1.773878383E2
1.913320211E2,2.280054413E-2,6.952325930E-4,1.635174500E-3,9.997384548E-1,1.773870237E2,1.891451637E-1,-7.537466972E-2,1.773868951E2
1.913370211E2,2.279546082E-2,6.988703972E-4,1.631608582E-3,9.997385740E-1,1.773876063E2,1.887457657E-1,-7.580169954E-2,1.773874774E2
1.913420211E2,2.279016384E-2,7.018432952E-4,1.631285413E-3,9.997386932E-1,1.773882135E2,1.887161063E-1,-7.614412373E-2,1.773880840E2
1.913470211E2,2.278785141E-2,7.041480858E-4,1.626059529E-3,9.997387528E-1,1.773884785E2,1.881232617E-1,-7.642224791E-2,1.773883490E2
1.913520211E2,2.278751923E-2,7.045677048E-4,1.630526851E-3,9.997387528E-1,1.773885166E2,1.886361176E-1,-7.645871675E-2,1.773883866E2
1.913570211E2,2.277680716E-2,7.102851523E-4,1.631534193E-3,9.997389913E-1,1.773897444E2,1.887656264E-1,-7.711310910E-2,1.773896133E2
1.913620211E2,2.277652341E-2,7.112203748E-4,1.635084162E-3,9.997389913E-1,1.773897770E2,1.891747376E-1,-7.721103746E-2,1.773896453E2
1.913670211E2,2.277117373E-2,7.152028265E-4,1.634970540E-3,9.997391105E-1,1.773903901E2,1.891717010E-1,-7.766858273E-2,1.773902578E2
1.913720211E2,2.277092743E-2,7.151555619E-4,1.638417947E-3,9.997391105E-1,1.773904184E2,1.895665006E-1,-7.765421863E-2,1.773902857E2
1.913770211E2,2.275790698E-2,7.235608064E-4,1.633779611E-3,9.997394085E-1,1.773919108E2,1.890560348E-1,-7.863170376E-2,1.773917769E2
1.913820211E2,2.275553450E-2,7.257309044E-4,1.629383885E-3,9.997394681E-1,1.773921827E2,1.885579241E-1,-7.889222551E-2,1.773920488E2
1.913870211E2,2.275302059E-2,7.268998888E-4,1.627396792E-3,9.997395277E-1,1.773924709E2,1.883331285E-1,-7.903180179E-2,1.773923368E2
1.913920211E2,2.275566169E-2,7.264284650E-4,1.627295511E-3,9.997394681E-1,1.773921682E2,1.883205048E-1,-7.897756123E-2,1.773920342E2
1.913970211E2,2.275302378E-2,7.271309150E-4,1.627248945E-3,9.997395277E-1,1.773924705E2,1.883167935E-1,-7.905865346E-2,1.773923364E2
1.914020211E2,2.275315966E-2,7.273008814E-4,1.625271747E-3,9.997395277E-1,1.773924549E2,1.880907355E-1,-7.908325497E-2,1.773923210E2
1.914070211E2,2.274774571E-2,7.303385646E-4,1.626365236E-3,9.997396469E-1,1.773930755E2,1.882234992E-1,-7.942942538E-2,1.773929409E2
1.914120211E2,2.275299250E-2,7.273167721E-4,1.627603197E-3,9.997395277E-1,1.773924741E2,1.883578595E-1,-7.907902778E-2,1.773923400E2
1.914170211E2,2.275027017E-2,7.296832046E-4,1.627986785E-3,9.997395873E-1,1.773927861E2,1.884077591E-1,-7.934964330E-2,1.773926515E2
1.914220211E2,2.274796316E-2,7.309425855E-4,1.623049029E-3,9.997396469E-1,1.773930506E2,1.878451795E-1,-7.950722704E-2,1.773929161E2
1.914270211E2,2.275856342E-2,7.245503366E-4,1.624168595E-3,9.997394085E-1,1.773918356E2,1.879576092E-1,-7.877000820E-2,1.773917022E2
1.914320211E2,2.273954191E-2,7.366875652E-4,1.628306927E-3,9.997398257E-1,1.773940158E2,1.884618383E-1,-8.015326298E-2,1.773938798E2
1.914370211E2,2.274239380E-2,7.355916314E-4,1.625566278E-3,9.997397661E-1,1.773936889E2,1.881452357E-1,-8.003431598E-2,1.773935534E2
1.914420211E2,2.274784080E-2,7.320638979E-4,1.624258119E-3,9.997396469E-1,1.773930646E2,1.879866091E-1,-7.963255765E-2,1.773929298E2
1.914470211E2,2.275032443E-2,7.288432098E-4,1.627604710E-3,9.997395873E-1,1.773927799E2,1.883618019E-1,-7.925439791E-2,1.773926455E2
1.914520211E2,2.274482781E-2,7.338579744E-4,1.628949074E-3,9.997397065E-1,1.773934099E2,1.885284517E-1,-7.982642981E-2,1.773932745E2
1.914570211E2,2.273948881E-2,7.373914705E-4,1.628729748E-3,9.997398257E-1,1.773940219E2,1.885121078E-1,-8.023281181E-2,1.773938858E2
1.914620211E2,2.274268870E-2,7.343605976E-4,1.621993142E-3,9.997397661E-1,1.773936551E2,1.877327045E-1,-7.990254356E-2,1.773935201E2
1.914670211E2,2.274010128E-2,7.360164309E-4,1.620781259E-3,9.997398257E-1,1.773939517E2,1.875979772E-1,-8.009588280E-2,1.773938165E2
1.914720211E2,2.273480118E-2,7.404137286E-4,1.619600109E-3,9.997399449E-1,1.773945592E2,1.874736952E-1,-8.060371704E-2,1.773944232E2
1.914770211E2,2.273484293E-2,7.407775847E-4,1.618847484E-3,9.997399449E-1,1.773945544E2,1.873884242E-1,-8.064735408E-2,1.773944184E2
1.914820211E2,2.273751172E-2,7.384840865E-4,1.619222690E-3,9.997398853E-1,1.773942485E2,1.874256473E-1,-8.038312890E-2,1.773941129E2
1.914870211E2,2.273741929E-2,7.382085896E-4,1.620645635E-3,9.997398853E-1,1.773942591E2,1.875879375E-1,-8.034787710E-2,1.773941235E2
1.914920211E2,2.272946294E-2,7.434818544E-4,1.619535265E-3,9.997400641E-1,1.773951711E2,1.874738287E-1,-8.095637706E-2,1.773950345E2
1.914970211E2,2.272960541E-2,7.439107285E-4,1.617337228E-3,9.997400641E-1,1.773951548E2,1.872231454E-1,-8.101120830E-2,1.773950183E2
1.915020211E2,2.273740891E-2,7.392685511E-4,1.620308030E-3,9.997398853E-1,1.773942603E2,1.875520222E-1,-8.047018983E-2,1.773941245E2
1.915070211E2,2.273453042E-2,7.400774630E-4,1.623549731E-3,9.997399449E-1,1.773945902E2,1.879252745E-1,-8.055495456E-2,1.773944540E2
1.915120211E2,2.272680584E-2,7.459143526E-4,1.618911629E-3,9.997401237E-1,1.773954756E2,1.874085042E-1,-8.123717100E-2,1.773953386E2
1.915170211E2,2.272959321E-2,7.438294124E-4,1.617546077E-3,9.997400641E-1,1.773951562E2,1.872468588E-1,-8.100135087E-2,1.773950197E2
1.915220211E2,2.273203128E-2,7.426865050E-4,1.620646217E-3,9.997400045E-1,1.773948767E2,1.875992375E-1,-8.086188469E-2,1.773947402E2
1.915270211E2,2.273171331E-2,7.420837064E-4,1.625375357E-3,9.997400045E-1,1.773949131E2,1.881394219E-1,-8.078056724E-2,1.773947764E2
1.915320211E2,2.273726852E-2,7.387883379E-4,1.622495591E-3,9.997398853E-1,1.773942764E2,1.878013711E-1,-8.040950209E-2,1.773941405E2
1.915370211E2,2.274009277E-2,7.360928576E-4,1.620865893E-3,9.997398257E-1,1.773939527E2,1.876078715E-1,-8.010441941E-2,1.773938174E2
1.915420211E2,2.273986000E-2,7.367079961E-4,1.623849384E-3,9.997398257E-1,1.773939794E2,1.879512513E-1,-8.016715969E-2,1.773938437E2
1.915470211E2,2.273707762E-2,7.381797186E-4,1.625445206E-3,9.997398853E-1,1.773942983E2,1.881376841E-1,-8.033212786E-2,1.773941622E2
1.915520211E2,2.273708624E-2,7.390354876E-4,1.624935656E-3,9.997398853E-1,1.773942973E2,1.880815397E-1,-8.043149237E-2,1.773941611E2
1.915570211E2,2.273971911E-2,7.365267957E-4,1.625903300E-3,9.997398257E-1,1.773939955E2,1.881860688E-1,-8.014107519E-2,1.773938597E2
1.915620211E2,2.273731490E-2,7.379634189E-4,1.622221083E-3,9.997398853E-1,1.773942711E2,1.877677771E-1,-8.031570444E-2,1.773941353E2
1.915670211E2,2.273210506E-2,7.426763768E-4,1.619615592E-3,9.997400045E-1,1.773948682E2,1.874811465E-1,-8.086339537E-2,1.773947318E2
1.915720211E2,2.272974802E-2,7.432575803E-4,1.615632442E-3,9.997400641E-1,1.773951384E2,1.870261515E-1,-8.094079634E-2,1.773950022E2
1.915770211E2,2.273760338E-2,7.376790163E-4,1.618302311E-3,9.997398853E-1,1.773942380E2,1.873181160E-1,-8.029327964E-2,1.773941026E2
1.915820211E2,2.273216919E-2,7.417537272E-4,1.619138289E-3,9.997400045E-1,1.773948609E2,1.874240670E-1,-8.075892633E-2,1.773947247E2
1.915870211E2,2.273523226E-2,7.405713550E-4,1.613465138E-3,9.997399449E-1,1.773945098E2,1.867713050E-1,-8.063767825E-2,1.773943743E2
1.915920211E2,2.273820857E-2,7.382480544E-4,1.609515632E-3,9.997398853E-1,1.773941686E2,1.863130266E-1,-8.038125212E-2,1.773940339E2
1.915970211E2,2.274839634E-2,7.315627881E-4,1.616685768E-3,9.997396469E-1,1.773930009E2,1.871178421E-1,-7.959478563E-2,1.773928668E2
1.916020211E2,2.274827066E-2,7.317665149E-4,1.618361101E-3,9.997396469E-1,1.773930153E2,1.873102930E-1,-7.961378103E-2,1.773928811E2
1.916070211E2,2.274581827E-2,7.319959695E-4,1.615904621E-3,9.997397065E-1,1.773932964E2,1.870292763E-1,-7.964693034E-2,1.773931623E2
1.916120211E2,2.275402161E-2,7.262817235E-4,1.613618573E-3,9.997395277E-1,1.773923561E2,1.867531336E-1,-7.899672259E-2,1.773922233E2
1.916170211E2,2.276192720E-2,7.217750535E-4,1.614928828E-3,9.997393489E-1,1.773914500E2,1.868921071E-1,-7.847553612E-2,1.773913179E2
1.916220211E2,2.275929111E-2,7.231897325E-4,1.614549779E-3,9.997394085E-1,1.773917521E2,1.868521657E-1,-7.863908562E-2,1.773916198E2
1.916270211E2,2.276193122E-2,7.221638807E-4,1.614698325E-3,9.997393489E-1,1.773914495E2,1.868667150E-1,-7.852068134E-2,1.773913174E2
1.916320211E2,2.276438987E-2,7.196594961E-4,1.618056325E-3,9.997392893E-1,1.773911677E2,1.872450736E-1,-7.822455499E-2,1.773910358E2
1.916370211E2,2.276638418E-2,7.182431291E-4,1.627427060E-3,9.997392297E-1,1.773909391E2,1.883150650E-1,-7.803747203E-2,1.773908068E2
1.916420211E2,2.277178140E-2,7.154370542E-4,1.626382116E-3,9.997391105E-1,1.773903205E2,1.881884519E-1,-7.771771353E-2,1.773901887E2
1.916470211E2,2.277198842E-2,7.136743516E-4,1.624256489E-3,9.997391105E-1,1.773902968E2,1.879403513E-1,-7.752128340E-2,1.773901655E2
1.916520211E2,2.277976883E-2,7.088747807E-4,1.627316815E-3,9.997389317E-1,1.773894050E2,1.882790213E-1,-7.696198482E-2,1.773892744E2
1.916570211E2,2.277695780E-2,7.107070996E-4,1.629245933E-3,9.997389913E-1,1.773897272E2,1.885045918E-1,-7.716739244E-2,1.773895961E2
1.916620211E2,2.278274962E-2,7.066343096E-4,1.623175107E-3,9.997388721E-1,1.773890633E2,1.877989181E-1,-7.671556468E-2,1.773889335E2
1.916670211E2,2.278768252E-2,7.035065792E-4,1.628701924E-3,9.997387528E-1,1.773884979E2,1.884242915E-1,-7.634188725E-2,1.773883682E2
1.916720211E2,2.278742179E-2,7.034551818E-4,1.632367959E-3,9.997387528E-1,1.773885278E2,1.888441257E-1,-7.632647481E-2,1.773883979E2
1.916770211E2,2.278699132E-2,7.046312094E-4,1.637860667E-3,9.997387528E-1,1.773885771E2,1.894764199E-1,-7.644694052E-2,1.773884466E2
1.916820211E2,2.279273207E-2,7.003067294E-4,1.632592292E-3,9.997386336E-1,1.773879191E2,1.888620066E-1,-7.596419387E-2,1.773877898E2
1.916870211E2,2.280603223E-2,6.908361102E-4,1.633386710E-3,9.997383356E-1,1.773863946E2,1.889292734E-1,-7.487463563E-2,1.773862671E2
1.916920211E2,2.280603733E-2,6.910700467E-4,1.633216511E-3,9.997383356E-1,1.773863940E2,1.889103868E-1,-7.490187964E-2,1.773862664E2
1.916970211E2,2.279844612E-2,6.957683363E-4,1.627740567E-3,9.997385144E-1,1.773872641E2,1.882947591E-1,-7.545586449E-2,1.773871361E2
1.917020211E2,2.280425332E-2,6.926455535E-4,1.620927942E-3,9.997383952E-1,1.773865985E2,1.875065681E-1,-7.511482315E-2,1.773864715E2
1.917070211E2,2.280455435E-2,6.928213406E-4,1.616611960E-3,9.997383952E-1,1.773865640E2,1.870126027E-1,-7.514618427E-2,1.773864373E2
1.917120211E2,2.280174129E-2,6.949495291E-4,1.618516631E-3,9.997384548E-1,1.773868864E2,1.872361557E-1,-7.538554230E-2,1.773867592E2
1.917170211E2,2.279932921E-2,6.960987230E-4,1.615181915E-3,9.997385144E-1,1.773871629E2,1.868569449E-1,-7.552636033E-2,1.773870357E2
1.917220211E2,2.278876288E-2,7.034143782E-4,1.613555243E-3,9.997387528E-1,1.773883741E2,1.866888987E-1,-7.637067699E-2,1.773882456E2
1.917270211E2,2.279364058E-2,6.993377465E-4,1.620277180E-3,9.997386336E-1,1.773878150E2,1.874487004E-1,-7.588518215E-2,1.773876868E2
1.917320211E2,2.279620717E-2,6.984604988E-4,1.621324103E-3,9.997385740E-1,1.773875208E2,1.875665409E-1,-7.578146702E-2,1.773873927E2
1.917370211E2,2.279613992E-2,6.982327905E-4,1.622367417E-3,9.997385740E-1,1.773875285E2,1.876854650E-1,-7.575266746E-2,1.773874003E2
1.917420211E2,2.279089470E-2,7.016569143E-4,1.621123287E-3,9.997386932E-1,1.773881297E2,1.875514814E-1,-7.614917488E-2,1.773880010E2
1.917470211E2,2.279318861E-2,6.997684832E-4,1.626437646E-3,9.997386336E-1,1.773878668E2,1.881555467E-1,-7.591852142E-2,1.773877380E2
1.917520211E2,2.278801352E-2,7.035476738E-4,1.624046359E-3,9.997387528E-1,1.773884599E2,1.878910731E-1,-7.635869049E-2,1.773883307E2
1.917570211E2,2.278281000E-2,7.071650471E-4,1.622096053E-3,9.997388721E-1,1.773890564E2,1.876766900E-1,-7.677917276E-2,1.773889265E2
1.917620211E2,2.278510742E-2,7.063455414E-4,1.626912272E-3,9.997388124E-1,1.773887930E2,1.882264822E-1,-7.667228184E-2,1.773886630E2
1.917670211E2,2.278470971E-2,7.059515920E-4,1.632643165E-3,9.997388124E-1,1.773888386E2,1.888819658E-1,-7.661226145E-2,1.773887082E2
1.917720211E2,2.278490760E-2,7.057015901E-4,1.629987382E-3,9.997388124E-1,1.773888159E2,1.885770762E-1,-7.659051792E-2,1.773886858E2
1.917770211E2,2.278258819E-2,7.069114363E-4,1.625318779E-3,9.997388721E-1,1.773890818E2,1.880452128E-1,-7.674174635E-2,1.773889518E2
1.917820211E2,2.279090373E-2,7.017658208E-4,1.620949130E-3,9.997386932E-1,1.773881287E2,1.875318147E-1,-7.616210455E-2,1.773879999E2
1.917870211E2,2.278785206E-2,7.039162447E-4,1.626150799E-3,9.997387528E-1,1.773884785E2,1.881331123E-1,-7.639544934E-2,1.773883489E2
1.917920211E2,2.279360664E-2,6.996341399E-4,1.620626659E-3,9.997386336E-1,1.773878189E2,1.874895091E-1,-7.591823097E-2,1.773876906E2
1.917970211E2,2.278311838E-2,7.062840159E-4,1.618143870E-3,9.997388721E-1,1.773890210E2,1.872216430E-1,-7.668850117E-2,1.773888917E2
1.918020211E2,2.278054696E-2,7.087500999E-4,1.616442110E-3,9.997389317E-1,1.773893158E2,1.870329273E-1,-7.697594406E-2,1.773891861E2
1.918070211E2,2.278019689E-2,7.086475380E-4,1.621412928E-3,9.997389317E-1,1.773893559E2,1.876020996E-1,-7.695128331E-2,1.773892258E2
1.918120211E2,2.278303799E-2,7.074669120E-4,1.618758892E-3,9.997388721E-1,1.773890302E2,1.872951837E-1,-7.682242504E-2,1.773889006E2
1.918170211E2,2.278273753E-2,7.068547420E-4,1.623248798E-3,9.997388721E-1,1.773890647E2,1.878079350E-1,-7.674062767E-2,1.773889348E2
1.918220211E2,2.278524853E-2,7.056748727E-4,1.625226228E-3,9.997388124E-1,1.773887769E2,1.880315851E-1,-7.659982483E-2,1.773886471E2
1.918270211E2,2.278293892E-2,7.066311664E-4,1.620517229E-3,9.997388721E-1,1.773890416E2,1.874944325E-1,-7.672210840E-2,1.773889120E2
1.918320211E2,2.278024694E-2,7.093115710E-4,1.620419091E-3,9.997389317E-1,1.773893502E2,1.874899810E-1,-7.702994113E-2,1.773892200E2
1.918370211E2,2.278569845E-2,7.055731257E-4,1.618950511E-3,9.997388124E-1,1.773887253E2,1.873123949E-1,-7.660447094E-2,1.773885960E2
1.918420211E2,2.278815484E-2,7.040402852E-4,1.621848438E-3,9.997387528E-1,1.773884437E2,1.876405722E-1,-7.642083811E-2,1.773883145E2
1.918470211E2,2.278018509E-2,7.085903198E-4,1.621603733E-3,9.997389317E-1,1.773893572E2,1.876238083E-1,-7.694423241E-2,1.773892272E2
1.918520211E2,2.277504180E-2,7.119294605E-4,1.618889393E-3,9.997390509E-1,1.773899468E2,1.873211680E-1,-7.733481963E-2,1.773898163E2
1.918570211E2,2.278311744E-2,7.062170189E-4,1.618186361E-3,9.997388721E-1,1.773890211E2,1.872263359E-1,-7.668071511E-2,1.773888918E2
1.918620211E2,2.278283331E-2,7.065864047E-4,1.622020849E-3,9.997388721E-1,1.773890537E2,1.876665653E-1,-7.671307449E-2,1.773889240E2
1.918670211E2,2.277737643E-2,7.109920261E-4,1.623258111E-3,9.997389913E-1,1.773896792E2,1.878193907E-1,-7.721558476E-2,1.773895485E2
1.918720211E2,2.278024245E-2,7.091689040E-4,1.620544703E-3,9.997389317E-1,1.773893507E2,1.875039986E-1,-7.701326988E-2,1.773892206E2
1.918770211E2,2.278558542E-2,7.051099674E-4,1.620742027E-3,9.997388124E-1,1.773887383E2,1.875164164E-1,-7.654675397E-2,1.773886089E2
1.918820211E2,2.278563632E-2,7.048833650E-4,1.620124909E-3,9.997388124E-1,1.773887324E2,1.874451303E-1,-7.652239587E-2,1.773886032E2
1.918870211E2,2.278305495E-2,7.079358911E-4,1.618315000E-3,9.997388721E-1,1.773890283E2,1.872455564E-1,-7.687730785E-2,1.773888986E2
1.918920211E2,2.278077193E-2,7.087520789E-4,1.613267581E-3,9.997389317E-1,1.773892900E2,1.866692692E-1,-7.698441618E-2,1.773891605E2
1.918970211E2,2.278302613E-2,7.063291268E-4,1.619422459E-3,9.997388721E-1,1.773890316E2,1.873682315E-1,-7.669034819E-2,1.773889021E2
1.919020211E2,2.278052380E-2,7.082032971E-4,1.617008005E-3,9.997389317E-1,1.773893184E2,1.870963279E-1,-7.691182842E-2,1.773891888E2
1.919070211E2,2.276756181E-2,7.172388141E-4,1.611315645E-3,9.997392297E-1,1.773908041E2,1.864667790E-1,-7.796423055E-2,1.773906732E2
1.919120211E2,2.277008916E-2,7.161209360E-4,1.613080618E-3,9.997391701E-1,1.773905145E2,1.866662578E-1,-7.783108761E-2,1.773903836E2
1.919170211E2,2.277529382E-2,7.131226594E-4,1.614813576E-3,9.997390509E-1,1.773899179E2,1.868573680E-1,-7.748210514E-2,1.773897875E2
1.919220211E2,2.276208184E-2,7.215434453E-4,1.612851396E-3,9.997393489E-1,1.773914323E2,1.866535202E-1,-7.845439270E-2,1.773913004E2
1.919270211E2,2.275943935E-2,7.236751844E-4,1.612240914E-3,9.997394085E-1,1.773917352E2,1.865889352E-1,-7.870069406E-2,1.773916029E2
1.919320211E2,2.276492546E-2,7.188756717E-4,1.610853476E-3,9.997392893E-1,1.773911063E2,1.864178971E-1,-7.815344922E-2,1.773909751E2
1.919370211E2,2.277546509E-2,7.126098499E-4,1.612622757E-3,9.997390509E-1,1.773898983E2,1.866050579E-1,-7.742904286E-2,1.773897681E2
1.919420211E2,2.276745276E-2,7.176953950E-4,1.612652675E-3,9.997392297E-1,1.773908166E2,1.866211349E-1,-7.801306915E-2,1.773906855E2
1.919470211E2,2.277321819E-2,7.134888438E-4,1.607004669E-3,9.997391105E-1,1.773901558E2,1.859635584E-1,-7.754482311E-2,1.773900259E2
1.919520211E2,2.277568169E-2,7.118638023E-4,1.609890838E-3,9.997390509E-1,1.773898734E2,1.862901531E-1,-7.735066435E-2,1.773897436E2
1.919570211E2,2.276989824E-2,7.164429990E-4,1.615630696E-3,9.997391701E-1,1.773905363E2,1.869592256E-1,-7.786136524E-2,1.773904052E2
1.919620211E2,2.277273052E-2,7.146796561E-4,1.613373635E-3,9.997391105E-1,1.773902117E2,1.866962704E-1,-7.766471425E-2,1.773900811E2
1.919670211E2,2.277236708E-2,7.144067204E-4,1.618615934E-3,9.997391105E-1,1.773902534E2,1.872960984E-1,-7.761983355E-2,1.773901224E2
1.919720211E2,2.277475680E-2,7.125932025E-4,1.622602460E-3,9.997390509E-1,1.773899794E2,1.877482550E-1,-7.740122159E-2,1.773898485E2
1.919770211E2,2.276652735E-2,7.189157186E-4,1.625125646E-3,9.997392297E-1,1.773909227E2,1.880531763E-1,-7.812050245E-2,1.773907904E2
1.919820211E2,2.276145819E-2,7.211531629E-4,1.621802454E-3,9.997393489E-1,1.773915037E2,1.876779051E-1,-7.838644970E-2,1.773913713E2
1.919870211E2,2.276180568E-2,7.223060820E-4,1.616403577E-3,9.997393489E-1,1.773914639E2,1.870624333E-1,-7.853254758E-2,1.773913316E2
1.919920211E2,2.276392698E-2,7.208234165E-4,1.624039491E-3,9.997392893E-1,1.773912208E2,1.879335180E-1,-7.834237419E-2,1.773910882E2
1.919970211E2,2.276093596E-2,7.223151624E-4,1.628600410E-3,9.997393489E-1,1.773915636E2,1.884596835E-1,-7.850193699E-2,1.773914304E2
1.920020211E2,2.275852598E-2,7.235821104E-4,1.625124598E-3,9.997394085E-1,1.773918398E2,1.880646025E-1,-7.865660023E-2,1.773917066E2
1.920070211E2,2.276450901E-2,7.190288743E-4,1.616659923E-3,9.997392893E-1,1.773911541E2,1.870834629E-1,-7.815593042E-2,1.773910224E2
1.920120211E2,2.277188845E-2,7.152251783E-4,1.624975819E-3,9.997391105E-1,1.773903082E2,1.880267989E-1,-7.769709039E-2,1.773901766E2
1.920170211E2,2.276060062E-2,7.223266293E-4,1.633275184E-3,9.997393489E-1,1.773916020E2,1.889952390E-1,-7.849112062E-2,1.773914684E2
1.920220211E2,2.276354288E-2,7.205550210E-4,1.629533246E-3,9.997392893E-1,1.773912648E2,1.885621638E-1,-7.829736727E-2,1.773911318E2
1.920270211E2,2.276940665E-2,7.166782743E-4,1.622440061E-3,9.997391701E-1,1.773905927E2,1.877398963E-1,-7.787064293E-2,1.773904610E2
1.920320211E2,2.275595133E-2,7.248633192E-4,1.623939606E-3,9.997394681E-1,1.773921350E2,1.879319862E-1,-7.880695228E-2,1.773920016E2
1.920370211E2,2.275600865E-2,7.251149509E-4,1.623023883E-3,9.997394681E-1,1.773921284E2,1.878277399E-1,-7.883815688E-2,1.773919950E2
1.920420211E2,2.277179506E-2,7.140773232E-4,1.626788406E-3,9.997391105E-1,1.773903189E2,1.882314496E-1,-7.756087760E-2,1.773901874E2
1.920470211E2,2.276899205E-2,7.156544016E-4,1.628698432E-3,9.997391701E-1,1.773906402E2,1.884541642E-1,-7.773709438E-2,1.773905082E2
1.920520211E2,2.276074616E-2,7.227997412E-4,1.631036168E-3,9.997393489E-1,1.773915854E2,1.887399782E-1,-7.855113371E-2,1.773914518E2
1.920570211E2,2.276889801E-2,7.171744946E-4,1.629344304E-3,9.997391701E-1,1.773906510E2,1.885321160E-1,-7.790957133E-2,1.773905187E2
1.920620211E2,2.278178743E-2,7.079780335E-4,1.636043540E-3,9.997388721E-1,1.773891736E2,1.892765868E-1,-7.683608863E-2,1.773890425E2
1.920670211E2,2.277929182E-2,7.087198901E-4,1.634047716E-3,9.997389317E-1,1.773894596E2,1.890496860E-1,-7.692675946E-2,1.773893286E2
1.920720211E2,2.278019312E-2,7.090980071E-4,1.621268922E-3,9.997389317E-1,1.773893563E2,1.875867778E-1,-7.700326645E-2,1.773892262E2
1.920770211E2,2.278527579E-2,7.060021162E-4,1.624701777E-3,9.997388124E-1,1.773887737E2,1.879723596E-1,-7.663867867E-2,1.773886439E2
1.920820211E2,2.278694339E-2,7.047636318E-4,1.638470334E-3,9.997387528E-1,1.773885826E2,1.895466068E-1,-7.646052810E-2,1.773884520E2
1.920870211E2,2.277922230E-2,7.099247887E-4,1.634493703E-3,9.997389317E-1,1.773894676E2,1.891039195E-1,-7.706364359E-2,1.773893363E2
1.920920211E2,2.278236001E-2,7.074152236E-4,1.628295402E-3,9.997388721E-1,1.773891080E2,1.883875187E-1,-7.679173262E-2,1.773889776E2
1.920970211E2,2.279031027E-2,7.019246113E-4,1.629203442E-3,9.997386932E-1,1.773881967E2,1.884778149E-1,-7.615884931E-2,1.773880673E2
1.921020211E2,2.277967285E-2,7.091285661E-4,1.628549420E-3,9.997389317E-1,1.773894160E2,1.884208863E-1,-7.698785928E-2,1.773892853E2
1.921070211E2,2.278482325E-2,7.055933238E-4,1.631212886E-3,9.997388124E-1,1.773888256E2,1.887171833E-1,-7.657493077E-2,1.773886954E2
1.921120211E2,2.279001760E-2,7.017257158E-4,1.633377746E-3,9.997386932E-1,1.773882302E2,1.889554899E-1,-7.612521674E-2,1.773881006E2
1.921170211E2,2.278509898E-2,7.046614774E-4,1.627760590E-3,9.997388124E-1,1.773887940E2,1.883192689E-1,-7.647713918E-2,1.773886642E2
1.921220211E2,2.279818481E-2,6.963931955E-4,1.631129766E-3,9.997385144E-1,1.773872941E2,1.886846455E-1,-7.551864394E-2,1.773871656E2
1.921270211E2,2.279809267E-2,6.956643774E-4,1.632727915E-3,9.997385144E-1,1.773873047E2,1.888658215E-1,-7.543099141E-2,1.773871762E2
1.921320211E2,2.278538698E-2,7.052856381E-4,1.623453107E-3,9.997388124E-1,1.773887610E2,1.878274468E-1,-7.655983730E-2,1.773886314E2
1.921370211E2,2.278569454E-2,7.055039168E-4,1.619035611E-3,9.997388124E-1,1.773887257E2,1.873219631E-1,-7.659632077E-2,1.773885965E2
1.921420211E2,2.278811553E-2,7.034030859E-4,1.622676966E-3,9.997387528E-1,1.773884483E2,1.877338228E-1,-7.634568321E-2,1.773883191E2
1.921470211E2,2.278259992E-2,7.073949673E-4,1.624943921E-3,9.997388721E-1,1.773890805E2,1.880035318E-1,-7.679811696E-2,1.773889504E2
1.921520211E2,2.278865944E-2,7.034315495E-4,1.615008106E-3,9.997387528E-1,1.773883859E2,1.868553786E-1,-7.636886929E-2,1.773882573E2
1.921570211E2,2.279437700E-2,6.986146909E-4,1.610197825E-3,9.997386336E-1,1.773877306E2,1.862921562E-1,-7.582853868E-2,1.773876033E2
1.921620211E2,2.279680637E-2,6.978337769E-4,1.613148372E-3,9.997385740E-1,1.773874521E2,1.866283207E-1,-7.573091503E-2,1.773873247E2
1.921670211E2,2.279147675E-2,7.016056334E-4,1.612941734E-3,9.997386932E-1,1.773880630E2,1.866140966E-1,-7.616455978E-2,1.773879349E2
1.921720211E2,2.279953118E-2,6.963051273E-4,1.612239401E-3,9.997385144E-1,1.773871398E2,1.865203992E-1,-7.555765670E-2,1.773870128E2
1.921770211E2,2.280235377E-2,6.947853253E-4,1.609935542E-3,9.997384548E-1,1.773868162E2,1.862527061E-1,-7.538903927E-2,1.773866897E2
1.921820211E2,2.279421307E-2,6.999285542E-4,1.611946966E-3,9.997386336E-1,1.773877493E2,1.864959612E-1,-7.597451855E-2,1.773876217E2
1.921870211E2,2.280221104E-2,6.948952214E-4,1.611908549E-3,9.997384548E-1,1.773868326E2,1.864790141E-1,-7.539650013E-2,1.773867059E2
1.921920211E2,2.279700397E-2,6.982976338E-4,1.610152423E-3,9.997385740E-1,1.773874294E2,1.862863258E-1,-7.579184519E-2,1.773873022E2
1.921970211E2,2.278895312E-2,7.024073857E-4,1.611305517E-3,9.997387528E-1,1.773883522E2,1.864285500E-1,-7.626115400E-2,1.773882241E2
1.922020211E2,2.278593713E-2,7.052900037E-4,1.615711255E-3,9.997388124E-1,1.773886979E2,1.869405781E-1,-7.658044966E-2,1.773885690E2
1.922070211E2,2.277767429E-2,7.102753734E-4,1.619387651E-3,9.997389913E-1,1.773896450E2,1.873741350E-1,-7.714353077E-2,1.773895148E2
1.922120211E2,2.277265766E-2,7.151376340E-4,1.614198904E-3,9.997391105E-1,1.773902201E2,1.867920045E-1,-7.771504089E-2,1.773900893E2
1.922170211E2,2.277520129E-2,7.128067082E-4,1.616257359E-3,9.997390509E-1,1.773899285E2,1.870219389E-1,-7.744215828E-2,1.773897980E2
1.922220211E2,2.277798722E-2,7.101984229E-4,1.615013927E-3,9.997389913E-1,1.773896092E2,1.868728955E-1,-7.714607327E-2,1.773894793E2
1.922270211E2,2.277812778E-2,7.106700214E-4,1.612822409E-3,9.997389913E-1,1.773895931E2,1.866230726E-1,-7.720579466E-2,1.773894633E2
1.922320211E2,2.277576824E-2,7.116404013E-4,1.608764753E-3,9.997390509E-1,1.773898635E2,1.861605700E-1,-7.732799416E-2,1.773897339E2
1.922370211E2,2.278076192E-2,7.082350203E-4,1.613636035E-3,9.997389317E-1,1.773892911E2,1.867101293E-1,-7.692422104E-2,1.773891617E2
1.922420211E2,2.277548826E-2,7.118917420E-4,1.612612745E-3,9.997390509E-1,1.773898956E2,1.866020383E-1,-7.734679700E-2,1.773897656E2
1.922470211E2,2.277322600E-2,7.137455977E-4,1.606779988E-3,9.997391105E-1,1.773901549E2,1.859384892E-1,-7.757482220E-2,1.773900250E2
1.922520211E2,2.277560434E-2,7.129152655E-4,1.610519830E-3,9.997390509E-1,1.773898823E2,1.863649503E-1,-7.746949450E-2,1.773897523E2
1.922570211E2,2.277557112E-2,7.119680522E-4,1.611408312E-3,9.997390509E-1,1.773898861E2,1.864642616E-1,-7.735866737E-2,1.773897562E2
1.922620211E2,2.277874779E-2,7.107898127E-4,1.603988931E-3,9.997389913E-1,1.773895220E2,1.856114519E-1,-7.724246121E-2,1.773893929E2
1.922670211E2,2.278205231E-2,7.078211056E-4,1.595497830E-3,9.997389317E-1,1.773891432E2,1.846311980E-1,-7.692391585E-2,1.773890153E2
1.922720211E2,2.278953511E-2,7.022169884E-4,1.603136538E-3,9.997387528E-1,1.773882855E2,1.854922423E-1,-7.626056752E-2,1.773881581E2
1.922770211E2,2.278933403E-2,7.027066895E-4,1.605778234E-3,9.997387528E-1,1.773883086E2,1.857961441E-1,-7.630980675E-2,1.773881808E2
1.922820211E2,2.278763947E-2,7.051901193E-4,1.591565902E-3,9.997388124E-1,1.773885028E2,1.841743072E-1,-7.663174167E-2,1.773883757E2
1.922870211E2,2.279309189E-2,7.014482399E-4,1.590024098E-3,9.997386932E-1,1.773878779E2,1.839883180E-1,-7.620608852E-2,1.773877516E2
1.922920211E2,2.279758196E-2,6.977238809E-4,1.602198114E-3,9.997385740E-1,1.773873632E2,1.853736089E-1,-7.574678837E-2,1.773872367E2
1.922970211E2,2.279494300E-2,6.991881528E-4,1.601914992E-3,9.997386336E-1,1.773876657E2,1.853447993E-1,-7.591576669E-2,1.773875389E2
1.923020211E2,2.279260634E-2,7.016603486E-4,1.596876071E-3,9.997386932E-1,1.773879335E2,1.847738109E-1,-7.621258025E-2,1.773878066E2
1.923070211E2,2.279510003E-2,6.988210953E-4,1.599839423E-3,9.997386336E-1,1.773876477E2,1.851060710E-1,-7.587910878E-2,1.773875211E2
1.923120211E2,2.279729400E-2,6.974197458E-4,1.606422244E-3,9.997385740E-1,1.773873962E2,1.858567172E-1,-7.570096399E-2,1.773872694E2
1.923170211E2,2.279222156E-2,7.019686163E-4,1.602223609E-3,9.997386932E-1,1.773879776E2,1.853872115E-1,-7.623399966E-2,1.773878503E2
1.923220211E2,2.279517895E-2,6.990361726E-4,1.598620438E-3,9.997386336E-1,1.773876386E2,1.849669895E-1,-7.590691809E-2,1.773875121E2
1.923270211E2,2.280018073E-2,6.962634507E-4,1.603045384E-3,9.997385144E-1,1.773870653E2,1.854670546E-1,-7.557678344E-2,1.773869390E2
1.923320211E2,2.279533923E-2,6.991385599E-4,1.596288523E-3,9.997386336E-1,1.773876203E2,1.847001203E-1,-7.592470972E-2,1.773874939E2
1.923370211E2,2.279282129E-2,7.002417697E-4,1.594428788E-3,9.997386932E-1,1.773879089E2,1.844897560E-1,-7.605641806E-2,1.773877825E2
1.923420211E2,2.279252238E-2,7.017382304E-4,1.598039758E-3,9.997386932E-1,1.773879431E2,1.849073223E-1,-7.621847854E-2,1.773878162E2
1.923470211E2,2.279484790E-2,6.986758672E-4,1.603491022E-3,9.997386336E-1,1.773876766E2,1.855240070E-1,-7.585297908E-2,1.773875498E2
1.923520211E2,2.279502871E-2,6.999518955E-4,1.600361196E-3,9.997386336E-1,1.773876559E2,1.851687952E-1,-7.600730533E-2,1.773875290E2
1.923570211E2,2.278966754E-2,7.026343956E-4,1.601069700E-3,9.997387528E-1,1.773882704E2,1.852565616E-1,-7.631375963E-2,1.773881430E2
1.923620211E2,2.279744126E-2,6.967372610E-4,1.604627585E-3,9.997385740E-1,1.773873793E2,1.856493455E-1,-7.562743861E-2,1.773872528E2
1.923670211E2,2.279191673E-2,7.017096505E-4,1.606667181E-3,9.997386932E-1,1.773880126E2,1.858955764E-1,-7.619278249E-2,1.773878849E2
1.923720211E2,2.278151530E-2,7.084910176E-4,1.602851436E-3,9.997389317E-1,1.773892048E2,1.854753500E-1,-7.698156320E-2,1.773890762E2
1.923770211E2,2.278391737E-2,7.063751109E-4,1.606814563E-3,9.997388721E-1,1.773889294E2,1.859240337E-1,-7.672836810E-2,1.773888009E2
1.923820211E2,2.278628673E-2,7.049909909E-4,1.610904350E-3,9.997388124E-1,1.773886579E2,1.863891352E-1,-7.655868091E-2,1.773885293E2
1.923870211E2,2.278102920E-2,7.089810097E-4,1.609529834E-3,9.997389317E-1,1.773892605E2,1.862416828E-1,-7.702035277E-2,1.773891313E2
1.923920211E2,2.278395265E-2,7.068294799E-4,1.606114442E-3,9.997388721E-1,1.773889254E2,1.858450155E-1,-7.678224282E-2,1.773887969E2
1.923970211E2,2.278905602E-2,7.024468505E-4,1.609832398E-3,9.997387528E-1,1.773883405E2,1.862598974E-1,-7.626950312E-2,1.773882125E2
1.924020211E2,2.278036946E-2,7.085295510E-4,1.619038172E-3,9.997389317E-1,1.773893361E2,1.873297479E-1,-7.694393361E-2,1.773892063E2
1.924070211E2,2.278060028E-2,7.091285079E-4,1.615524408E-3,9.997389317E-1,1.773893097E2,1.869287855E-1,-7.702168089E-2,1.773891800E2
1.924120211E2,2.277826596E-2,7.105939439E-4,1.610903302E-3,9.997389913E-1,1.773895772E2,1.864030279E-1,-7.720206282E-2,1.773894476E2
1.924170211E2,2.278335221E-2,7.063996163E-4,1.614797628E-3,9.997388721E-1,1.773889942E2,1.868386104E-1,-7.671043750E-2,1.773888651E2
1.924220211E2,2.278623602E-2,7.051050197E-4,1.611571526E-3,9.997388124E-1,1.773886637E2,1.864658622E-1,-7.657001154E-2,1.773885350E2
1.924270211E2,2.278898474E-2,7.039467455E-4,1.610186184E-3,9.997387528E-1,1.773883486E2,1.863043399E-1,-7.644042294E-2,1.773882203E2
1.924320211E2,2.278621154E-2,7.048113621E-4,1.612046035E-3,9.997388124E-1,1.773886665E2,1.865194541E-1,-7.653513514E-2,1.773885379E2
1.924370211E2,2.279136427E-2,7.017618045E-4,1.614462584E-3,9.997386932E-1,1.773880759E2,1.867887276E-1,-7.617849981E-2,1.773879477E2
1.924420211E2,2.279130615E-2,7.006284432E-4,1.615774701E-3,9.997386932E-1,1.773880825E2,1.869360815E-1,-7.604524389E-2,1.773879544E2
1.924470211E2,2.279674605E-2,6.980987964E-4,1.613885979E-3,9.997385740E-1,1.773874590E2,1.867135103E-1,-7.575936040E-2,1.773873315E2
1.924520211E2,2.279964856E-2,6.953100092E-4,1.611008425E-3,9.997385144E-1,1.773871263E2,1.863767848E-1,-7.544684869E-2,1.773869996E2
1.924570211E2,2.280478817E-2,6.921507884E-4,1.613597968E-3,9.997383952E-1,1.773865372E2,1.866655788E-1,-7.507719765E-2,1.773864109E2
1.924620211E2,2.280225230E-2,6.941524916E-4,1.611644868E-3,9.997384548E-1,1.773868279E2,1.864468684E-1,-7.531209312E-2,1.773867013E2
1.924670211E2,2.279716041E-2,6.968127564E-4,1.608580002E-3,9.997385740E-1,1.773874115E2,1.861023183E-1,-7.562581398E-2,1.773872847E2
1.924720211E2,2.280539922E-2,6.913099205E-4,1.605301164E-3,9.997383952E-1,1.773864672E2,1.857129287E-1,-7.500243553E-2,1.773863416E2
1.924770211E2,2.281321035E-2,6.874550018E-4,1.607329585E-3,9.997382164E-1,1.773855718E2,1.859358155E-1,-7.455405589E-2,1.773854469E2
1.924820211E2,2.280228269E-2,6.932595861E-4,1.611599233E-3,9.997384548E-1,1.773868244E2,1.864393093E-1,-7.520991399E-2,1.773866980E2
1.924870211E2,2.279940332E-2,6.967518129E-4,1.613853616E-3,9.997385144E-1,1.773871544E2,1.867064844E-1,-7.560463604E-2,1.773870272E2
1.924920211E2,2.280461858E-2,6.924671470E-4,1.615857473E-3,9.997383952E-1,1.773865566E2,1.869252462E-1,-7.510756700E-2,1.773864301E2
1.924970211E2,2.280704250E-2,6.901645684E-4,1.619505463E-3,9.997383356E-1,1.773862788E2,1.873373307E-1,-7.483379218E-2,1.773861524E2
1.925020211E2,2.279860316E-2,6.964325439E-4,1.625255099E-3,9.997385144E-1,1.773872461E2,1.880117664E-1,-7.553842131E-2,1.773871181E2
1.925070211E2,2.280176558E-2,6.943970802E-4,1.618411508E-3,9.997384548E-1,1.773868837E2,1.872226707E-1,-7.532252299E-2,1.773867565E2
1.925120211E2,2.280476664E-2,6.917490391E-4,1.614074572E-3,9.997383952E-1,1.773865397E2,1.867191279E-1,-7.502993108E-2,1.773864134E2
1.925170211E2,2.280213447E-2,6.947371876E-4,1.613059430E-3,9.997384548E-1,1.773868414E2,1.866104427E-1,-7.537540248E-2,1.773867146E2
1.925220211E2,2.279982616E-2,6.963073974E-4,1.608061488E-3,9.997385144E-1,1.773871060E2,1.860417974E-1,-7.556877777E-2,1.773869793E2
1.925270211E2,2.281010432E-2,6.883972674E-4,1.613921020E-3,9.997382760E-1,1.773859279E2,1.866931750E-1,-7.464535118E-2,1.773858022E2
1.925320211E2,2.281508512E-2,6.847952027E-4,1.618886483E-3,9.997381568E-1,1.773853570E2,1.872529813E-1,-7.421878035E-2,1.773852316E2
1.925370211E2,2.281262045E-2,6.865425385E-4,1.616068184E-3,9.997382164E-1,1.773856395E2,1.869344970E-1,-7.442678734E-2,1.773855140E2
1.925420211E2,2.281781687E-2,6.840713904E-4,1.617499511E-3,9.997380972E-1,1.773850438E2,1.870923971E-1,-7.413897434E-2,1.773849188E2
1.925470211E2,2.281778440E-2,6.836950779E-4,1.618116628E-3,9.997380972E-1,1.773850476E2,1.871621088E-1,-7.409425578E-2,1.773849225E2
1.925520211E2,2.281487956E-2,6.851299549E-4,1.621639472E-3,9.997381568E-1,1.773853805E2,1.875692292E-1,-7.424997085E-2,1.773852549E2
1.925570211E2,2.281760183E-2,6.836602115E-4,1.620703726E-3,9.997380972E-1,1.773850685E2,1.874583870E-1,-7.408353078E-2,1.773849433E2
1.925620211E2,2.281511427E-2,6.841436843E-4,1.618751208E-3,9.997381568E-1,1.773853536E2,1.872357826E-1,-7.414448959E-2,1.773852284E2
1.925670211E2,2.282036932E-2,6.816603709E-4,1.619347604E-3,9.997380376E-1,1.773847513E2,1.872980017E-1,-7.385745342E-2,1.773846265E2
1.925720211E2,2.282858714E-2,6.749725435E-4,1.616712310E-3,9.997378588E-1,1.773838093E2,1.869792069E-1,-7.309664005E-2,1.773836861E2
1.925770211E2,2.281008822E-2,6.884850445E-4,1.614111126E-3,9.997382760E-1,1.773859297E2,1.867151822E-1,-7.465491315E-2,1.773858040E2
1.925820211E2,2.280976686E-2,6.894605467E-4,1.618230832E-3,9.997382760E-1,1.773859665E2,1.871896699E-1,-7.475595962E-2,1.773858404E2
1.925870211E2,2.282055275E-2,6.815274828E-4,1.616816502E-3,9.997380376E-1,1.773847303E2,1.870076998E-1,-7.384881445E-2,1.773846057E2
1.925920211E2,2.282015333E-2,6.822466967E-4,1.622142037E-3,9.997380376E-1,1.773847760E2,1.876196549E-1,-7.391735649E-2,1.773846510E2
1.925970211E2,2.280953102E-2,6.891606608E-4,1.621679170E-3,9.997382760E-1,1.773859936E2,1.875839167E-1,-7.471263473E-2,1.773858672E2
1.926020211E2,2.281489806E-2,6.857170956E-4,1.621130970E-3,9.997381568E-1,1.773853784E2,1.875125108E-1,-7.431856064E-2,1.773852527E2
1.926070211E2,2.281999651E-2,6.821738207E-4,1.624377212E-3,9.997380376E-1,1.773847940E2,1.878755186E-1,-7.390319191E-2,1.773846688E2
1.926120211E2,2.280655517E-2,6.904931506E-4,1.626214362E-3,9.997383356E-1,1.773863347E2,1.881067377E-1,-7.485399224E-2,1.773862077E2
1.926170211E2,2.280173923E-2,6.944725756E-4,1.618750277E-3,9.997384548E-1,1.773868867E2,1.872616761E-1,-7.533029158E-2,1.773867595E2
1.926220211E2,2.280697732E-2,6.900335429E-4,1.620478928E-3,9.997383356E-1,1.773862863E2,1.874485054E-1,-7.481624964E-2,1.773861598E2
1.926270211E2,2.280392143E-2,6.925122580E-4,1.625647186E-3,9.997383952E-1,1.773866366E2,1.880468408E-1,-7.508728219E-2,1.773865093E2
1.926320211E2,2.279095332E-2,7.008363027E-4,1.620654017E-3,9.997386932E-1,1.773881230E2,1.874955819E-1,-7.605637888E-2,1.773879945E2
1.926370211E2,2.279916494E-2,6.954548298E-4,1.617775997E-3,9.997385144E-1,1.773871818E2,1.871524332E-1,-7.544584796E-2,1.773870545E2
1.926420211E2,2.280689089E-2,6.912046811E-4,1.621196163E-3,9.997383356E-1,1.773862962E2,1.875337279E-1,-7.494855875E-2,1.773861695E2
1.926470211E2,2.279339206E-2,6.995992153E-4,1.623656834E-3,9.997386336E-1,1.773878434E2,1.878365445E-1,-7.590635518E-2,1.773877149E2
1.926520211E2,2.278793250E-2,7.029270055E-4,1.625451376E-3,9.997387528E-1,1.773884692E2,1.880504075E-1,-7.628393181E-2,1.773883399E2
1.926570211E2,2.279893881E-2,6.962678162E-4,1.620610594E-3,9.997385144E-1,1.773872077E2,1.874792775E-1,-7.553162140E-2,1.773870800E2
1.926620211E2,2.280426407E-2,6.926014903E-4,1.620795578E-3,9.997383952E-1,1.773865973E2,1.874912898E-1,-7.511011909E-2,1.773864703E2
1.926670211E2,2.279096819E-2,7.021213532E-4,1.619888470E-3,9.997386932E-1,1.773881213E2,1.874112370E-1,-7.620559306E-2,1.773879926E2
1.926720211E2,2.279654263E-2,6.980084581E-4,1.616795780E-3,9.997385740E-1,1.773874823E2,1.870466115E-1,-7.574144746E-2,1.773873546E2
1.926770211E2,2.279926080E-2,6.962729967E-4,1.616072259E-3,9.997385144E-1,1.773871708E2,1.869593947E-1,-7.554401197E-2,1.773870435E2
1.926820211E2,2.278582632E-2,7.056028116E-4,1.617136761E-3,9.997388124E-1,1.773887106E2,1.871046953E-1,-7.661258391E-2,1.773885815E2
1.926870211E2,2.278058795E-2,7.083744858E-4,1.616028952E-3,9.997389317E-1,1.773893111E2,1.869846175E-1,-7.693398400E-2,1.773891815E2
1.926920211E2,2.278066527E-2,7.094435859E-4,1.614469336E-3,9.997389317E-1,1.773893022E2,1.868087419E-1,-7.706051900E-2,1.773891725E2
1.926970211E2,2.278081879E-2,7.092940505E-4,1.612367458E-3,9.997389317E-1,1.773892846E2,1.865675678E-1,-7.704884649E-2,1.773891551E2
1.927020211E2,2.277794399E-2,7.097981288E-4,1.615799381E-3,9.997389913E-1,1.773896141E2,1.869618304E-1,-7.709817271E-2,1.773894843E2
1.927070211E2,2.278603219E-2,7.049277192E-4,1.614528359E-3,9.997388124E-1,1.773886870E2,1.868041243E-1,-7.654201677E-2,1.773885582E2
1.927120211E2,2.278635726E-2,7.058270276E-4,1.609539962E-3,9.997388124E-1,1.773886498E2,1.862350169E-1,-7.665800829E-2,1.773885212E2
1.927170211E2,2.277564342E-2,7.128773723E-4,1.609983738E-3,9.997390509E-1,1.773898778E2,1.863034386E-1,-7.746654532E-2,1.773897478E2
1.927220211E2,2.277037879E-2,7.158051012E-4,1.609127619E-3,9.997391701E-1,1.773904813E2,1.862125924E-1,-7.780516602E-2,1.773903508E2
1.927270211E2,2.277589405E-2,7.121809758E-4,1.606743201E-3,9.997390509E-1,1.773898491E2,1.859303976E-1,-7.739517624E-2,1.773897195E2
1.927320211E2,2.276543265E-2,7.188159507E-4,1.603696495E-3,9.997392893E-1,1.773910482E2,1.855978622E-1,-7.816518447E-2,1.773909176E2
1.927370211E2,2.276845331E-2,7.180781104E-4,1.598292263E-3,9.997392297E-1,1.773907020E2,1.849770530E-1,-7.809419619E-2,1.773905719E2
1.927420211E2,2.277101842E-2,7.148791919E-4,1.600464573E-3,9.997391701E-1,1.773904079E2,1.852177693E-1,-7.772157935E-2,1.773902783E2
1.927470211E2,2.276841124E-2,7.179524982E-4,1.598947914E-3,9.997392297E-1,1.773907068E2,1.850518347E-1,-7.807810291E-2,1.773905767E2
1.927520211E2,2.276355189E-2,7.219648105E-4,1.591777778E-3,9.997393489E-1,1.773912638E2,1.842404971E-1,-7.855736418E-2,1.773911335E2
1.927570211E2,2.277147492E-2,7.154633058E-4,1.593694091E-3,9.997391701E-1,1.773903556E2,1.844436887E-1,-7.780607979E-2,1.773902264E2
1.927620211E2,2.277681718E-2,7.124044932E-4,1.593503752E-3,9.997390509E-1,1.773897433E2,1.844143141E-1,-7.745516823E-2,1.773896147E2
1.927670211E2,2.276645173E-2,7.184123970E-4,1.589346328E-3,9.997392893E-1,1.773909314E2,1.839529039E-1,-7.815620273E-2,1.773908020E2
1.927720211E2,2.276619815E-2,7.183616399E-4,1.592997345E-3,9.997392893E-1,1.773909604E2,1.843710198E-1,-7.814090925E-2,1.773908307E2
1.927770211E2,2.277613864E-2,7.125107222E-4,1.603125827E-3,9.997390509E-1,1.773898211E2,1.855168636E-1,-7.744234872E-2,1.773896917E2
1.927820211E2,2.277624873E-2,7.126120618E-4,1.601515920E-3,9.997390509E-1,1.773898084E2,1.853327023E-1,-7.745813994E-2,1.773896792E2
1.927870211E2,2.277395789E-2,7.135880878E-4,1.596443239E-3,9.997391105E-1,1.773900710E2,1.847539355E-1,-7.758361870E-2,1.773899419E2
1.927920211E2,2.278178046E-2,7.078273920E-4,1.599372015E-3,9.997389317E-1,1.773891744E2,1.850750281E-1,-7.691457178E-2,1.773890462E2
1.927970211E2,2.278433686E-2,7.068045088E-4,1.600665739E-3,9.997388721E-1,1.773888814E2,1.852207654E-1,-7.679353737E-2,1.773887532E2
1.928020211E2,2.277699136E-2,7.116921479E-4,1.591330860E-3,9.997390509E-1,1.773897233E2,1.841635371E-1,-7.737920025E-2,1.773895950E2
1.928070211E2,2.277987227E-2,7.106155972E-4,1.588017098E-3,9.997389913E-1,1.773893931E2,1.837813181E-1,-7.726398870E-2,1.773892652E2
1.928120211E2,2.278481100E-2,7.061460055E-4,1.594194211E-3,9.997388721E-1,1.773888270E2,1.844776909E-1,-7.673490795E-2,1.773886995E2
1.928170211E2,2.277946405E-2,7.094727480E-4,1.594371162E-3,9.997389913E-1,1.773894399E2,1.845062375E-1,-7.711654993E-2,1.773893118E2
1.928220211E2,2.277397728E-2,7.138377405E-4,1.596054994E-3,9.997391105E-1,1.773900688E2,1.847101105E-1,-7.761322901E-2,1.773899397E2
1.928270211E2,2.278739396E-2,7.039679913E-4,1.595616923E-3,9.997388124E-1,1.773885310E2,1.846351897E-1,-7.648119913E-2,1.773884038E2
1.928320211E2,2.278970181E-2,7.035454619E-4,1.600181684E-3,9.997387528E-1,1.773882664E2,1.851572109E-1,-7.642044573E-2,1.773881390E2
1.928370211E2,2.278146625E-2,7.085870602E-4,1.603506040E-3,9.997389317E-1,1.773892104E2,1.855505897E-1,-7.699086614E-2,1.773890817E2
1.928420211E2,2.279467907E-2,6.996672018E-4,1.605457626E-3,9.997386336E-1,1.773876959E2,1.857518821E-1,-7.596144217E-2,1.773875688E2
1.928470211E2,2.280021526E-2,6.953857373E-4,1.602935256E-3,9.997385144E-1,1.773870614E2,1.854521471E-1,-7.547651251E-2,1.773869352E2
1.928520211E2,2.279452438E-2,6.990652764E-4,1.607914222E-3,9.997386336E-1,1.773877137E2,1.860317304E-1,-7.588609624E-2,1.773875864E2
1.928570211E2,2.278699694E-2,7.052954170E-4,1.600692631E-3,9.997388124E-1,1.773885765E2,1.852201094E-1,-7.662009023E-2,1.773884486E2
1.928620211E2,2.279544863E-2,6.982645136E-4,1.595108421E-3,9.997386336E-1,1.773876077E2,1.845626503E-1,-7.582764010E-2,1.773874816E2
1.928670211E2,2.279803861E-2,6.973333657E-4,1.595857786E-3,9.997385740E-1,1.773873109E2,1.846462626E-1,-7.571853033E-2,1.773871849E2
1.928720211E2,2.278983848E-2,7.032733411E-4,1.598353731E-3,9.997387528E-1,1.773882508E2,1.849470966E-1,-7.639401979E-2,1.773881235E2
1.928770211E2,2.278746369E-2,7.041338249E-4,1.594547532E-3,9.997388124E-1,1.773885230E2,1.845131165E-1,-7.650297702E-2,1.773883958E2
1.928820211E2,2.279260436E-2,7.008814719E-4,1.597246388E-3,9.997386932E-1,1.773879337E2,1.848142004E-1,-7.612238395E-2,1.773878070E2
1.928870211E2,2.278437770E-2,7.062102668E-4,1.600346761E-3,9.997388721E-1,1.773888767E2,1.851826740E-1,-7.672628530E-2,1.773887487E2
1.928920211E2,2.278457699E-2,7.069458952E-4,1.597181428E-3,9.997388721E-1,1.773888538E2,1.848219833E-1,-7.681878806E-2,1.773887260E2
1.928970211E2,2.278456628E-2,7.070069551E-4,1.597307273E-3,9.997388721E-1,1.773888551E2,1.848365590E-1,-7.682545657E-2,1.773887272E2
1.929020211E2,2.278461858E-2,7.061511860E-4,1.596939750E-3,9.997388721E-1,1.773888491E2,1.847922241E-1,-7.672836818E-2,1.773887214E2
1.929070211E2,2.279025415E-2,7.033262518E-4,1.592392568E-3,9.997387528E-1,1.773882031E2,1.842643437E-1,-7.641557322E-2,1.773880763E2
1.929120211E2,2.279011625E-2,7.029318367E-4,1.594538800E-3,9.997387528E-1,1.773882189E2,1.845091797E-1,-7.636480849E-2,1.773880920E2
1.929170211E2,2.279321292E-2,7.004797226E-4,1.588715590E-3,9.997386932E-1,1.773878640E2,1.838358919E-1,-7.609852918E-2,1.773877380E2
1.929220211E2,2.279329692E-2,7.002110942E-4,1.587628387E-3,9.997386932E-1,1.773878544E2,1.837106444E-1,-7.607057905E-2,1.773877285E2
1.929270211E2,2.279029364E-2,7.035329472E-4,1.591735869E-3,9.997387528E-1,1.773881986E2,1.841896538E-1,-7.644096041E-2,1.773880718E2
1.929320211E2,2.277961030E-2,7.092013839E-4,1.592401182E-3,9.997389913E-1,1.773894231E2,1.842798554E-1,-7.709057760E-2,1.773892952E2
1.929370211E2,2.277976985E-2,7.100994117E-4,1.589716296E-3,9.997389913E-1,1.773894048E2,1.839746262E-1,-7.720043668E-2,1.773892769E2
1.929420211E2,2.278228479E-2,7.089230348E-4,1.591684530E-3,9.997389317E-1,1.773891166E2,1.841972337E-1,-7.706006751E-2,1.773889887E2
1.929470211E2,2.278248240E-2,7.072168519E-4,1.589613617E-3,9.997389317E-1,1.773890939E2,1.839555460E-1,-7.686997467E-2,1.773889666E2
1.929520211E2,2.278251266E-2,7.073933957E-4,1.589101390E-3,9.997389317E-1,1.773890905E2,1.838973275E-1,-7.689153159E-2,1.773889631E2
1.929570211E2,2.277479360E-2,7.129907608E-4,1.584745361E-3,9.997391105E-1,1.773899752E2,1.834123084E-1,-7.754556412E-2,1.773898472E2
1.929620211E2,2.277745241E-2,7.108296850E-4,1.585105085E-3,9.997390509E-1,1.773896705E2,1.834480838E-1,-7.729656084E-2,1.773895428E2
1.929670211E2,2.277960170E-2,7.107956335E-4,1.591813285E-3,9.997389913E-1,1.773894241E2,1.842166662E-1,-7.727475382E-2,1.773892959E2
1.929720211E2,2.277181615E-2,7.153283805E-4,1.588871703E-3,9.997391701E-1,1.773903165E2,1.838909004E-1,-7.780314402E-2,1.773901877E2
1.929770211E2,2.277744139E-2,7.117288769E-4,1.584859914E-3,9.997390509E-1,1.773896717E2,1.834223430E-1,-7.740021578E-2,1.773895439E2
1.929820211E2,2.278236966E-2,7.090020226E-4,1.590433996E-3,9.997389317E-1,1.773891069E2,1.840541828E-1,-7.707236574E-2,1.773889791E2
1.929870211E2,2.277967117E-2,7.099838112E-4,1.591181266E-3,9.997389913E-1,1.773894162E2,1.841421467E-1,-7.718338717E-2,1.773892882E2
1.929920211E2,2.277744354E-2,7.114291657E-4,1.584963524E-3,9.997390509E-1,1.773896715E2,1.834334305E-1,-7.736560950E-2,1.773895437E2
1.929970211E2,2.278805714E-2,7.043375517E-4,1.585953403E-3,9.997388124E-1,1.773884549E2,1.835291333E-1,-7.654864991E-2,1.773883284E2
1.930020211E2,2.278253047E-2,7.086903206E-4,1.588267856E-3,9.997389317E-1,1.773890884E2,1.838052239E-1,-7.704228242E-2,1.773889609E2
1.930070211E2,2.278252728E-2,7.083356613E-4,1.588471932E-3,9.997389317E-1,1.773890888E2,1.838276770E-1,-7.700111984E-2,1.773889613E2
1.930120211E2,2.278570948E-2,7.059606723E-4,1.581383171E-3,9.997388721E-1,1.773887240E2,1.830096171E-1,-7.674696202E-2,1.773885976E2
1.930170211E2,2.278521405E-2,7.060486823E-4,1.588466461E-3,9.997388721E-1,1.773887808E2,1.838212850E-1,-7.673863993E-2,1.773886538E2
1.930220211E2,2.278484570E-2,7.061730139E-4,1.593686175E-3,9.997388721E-1,1.773888230E2,1.844195624E-1,-7.673932219E-2,1.773886956E2
1.930270211E2,2.277708699E-2,7.114994223E-4,1.590047847E-3,9.997390509E-1,1.773897124E2,1.840160568E-1,-7.736045258E-2,1.773895842E2
1.930320211E2,2.277965964E-2,7.104919059E-4,1.591119450E-3,9.997389913E-1,1.773894175E2,1.841363905E-1,-7.724175885E-2,1.773892894E2
1.930370211E2,2.277924270E-2,7.105178083E-4,1.597065944E-3,9.997389913E-1,1.773894653E2,1.848176685E-1,-7.722928009E-2,1.773893367E2
1.930420211E2,2.278157260E-2,7.077422924E-4,1.602367731E-3,9.997389317E-1,1.773891982E2,1.854179852E-1,-7.689704017E-2,1.773890698E2
1.930470211E2,2.277962199E-2,7.093482418E-4,1.592168468E-3,9.997389913E-1,1.773894218E2,1.842535795E-1,-7.710800724E-2,1.773892938E2
1.930520211E2,2.278202608E-2,7.091227453E-4,1.595294336E-3,9.997389317E-1,1.773891462E2,1.846112819E-1,-7.707357001E-2,1.773890181E2
1.930570211E2,2.277395927E-2,7.141289534E-4,1.596181653E-3,9.997391105E-1,1.773900709E2,1.847253796E-1,-7.764626363E-2,1.773899417E2
1.930620211E2,2.277133459E-2,7.160160458E-4,1.595450100E-3,9.997391701E-1,1.773903717E2,1.846462923E-1,-7.786484616E-2,1.773902422E2
1.930670211E2,2.277715036E-2,7.121005910E-4,1.588870422E-3,9.997390509E-1,1.773897051E2,1.838827428E-1,-7.743238514E-2,1.773895769E2
1.930720211E2,2.277961653E-2,7.102294476E-4,1.591853681E-3,9.997389913E-1,1.773894224E2,1.842198170E-1,-7.720978242E-2,1.773892943E2
1.930770211E2,2.277667762E-2,7.123784744E-4,1.595508889E-3,9.997390509E-1,1.773897593E2,1.846439480E-1,-7.744697951E-2,1.773896305E2
1.930820211E2,2.277137434E-2,7.160659879E-4,1.594860223E-3,9.997391701E-1,1.773903671E2,1.845788483E-1,-7.787209958E-2,1.773902377E2
1.930870211E2,2.277175046E-2,7.158803637E-4,1.589564374E-3,9.997391701E-1,1.773903240E2,1.839716897E-1,-7.786458467E-2,1.773901951E2
1.930920211E2,2.277196189E-2,7.162842667E-4,1.586350263E-3,9.997391701E-1,1.773902998E2,1.836045452E-1,-7.791920514E-2,1.773901710E2
1.930970211E2,2.276680093E-2,7.183589623E-4,1.584360492E-3,9.997392893E-1,1.773908914E2,1.833816041E-1,-7.816302503E-2,1.773907623E2
1.931020211E2,2.276700264E-2,7.182499394E-4,1.581508899E-3,9.997392893E-1,1.773908682E2,1.830546509E-1,-7.815793810E-2,1.773907394E2
1.931070211E2,2.278028093E-2,7.101465599E-4,1.582354540E-3,9.997389913E-1,1.773893463E2,1.831314110E-1,-7.722496231E-2,1.773892189E2
1.931120211E2,2.278488779E-2,7.072550943E-4,1.592604327E-3,9.997388721E-1,1.773888182E2,1.842984526E-1,-7.686610418E-2,1.773886906E2
1.931170211E2,2.277716444E-2,7.120750961E-4,1.588680083E-3,9.997390509E-1,1.773897035E2,1.838608717E-1,-7.742995863E-2,1.773895753E2
1.931220211E2,2.277482524E-2,7.132825558E-4,1.584159210E-3,9.997391105E-1,1.773899716E2,1.833459218E-1,-7.758051666E-2,1.773898435E2
1.931270211E2,2.278008272E-2,7.096991758E-4,1.585405786E-3,9.997389913E-1,1.773893690E2,1.834797845E-1,-7.716578015E-2,1.773892415E2
1.931320211E2,2.278777614E-2,7.037104224E-4,1.590263564E-3,9.997388124E-1,1.773884872E2,1.840212547E-1,-7.646560088E-2,1.773883604E2
1.931370211E2,2.278258237E-2,7.081088843E-4,1.587782637E-3,9.997389317E-1,1.773890825E2,1.837481221E-1,-7.697692937E-2,1.773889551E2
1.931420211E2,2.278598646E-2,7.061658544E-4,1.577295363E-3,9.997388721E-1,1.773886923E2,1.825418666E-1,-7.678109144E-2,1.773885661E2
1.931470211E2,2.278293370E-2,7.075367612E-4,1.582989353E-3,9.997389317E-1,1.773890422E2,1.831975268E-1,-7.692383602E-2,1.773889153E2
1.931520211E2,2.277460801E-2,7.137627108E-4,1.587063307E-3,9.997391105E-1,1.773899965E2,1.836798575E-1,-7.762798445E-2,1.773898681E2
1.931570211E2,2.276702260E-2,7.195762009E-4,1.580618438E-3,9.997392893E-1,1.773908660E2,1.829561001E-1,-7.831219651E-2,1.773907370E2
1.931620211E2,2.277263650E-2,7.154509076E-4,1.577014802E-3,9.997391701E-1,1.773902225E2,1.825329331E-1,-7.784797281E-2,1.773900946E2
1.931670211E2,2.277496019E-2,7.138089859E-4,1.581980498E-3,9.997391105E-1,1.773899561E2,1.830977085E-1,-7.764648697E-2,1.773898281E2
1.931720211E2,2.277240854E-2,7.145741838E-4,1.580699813E-3,9.997391701E-1,1.773902486E2,1.829527896E-1,-7.773795883E-2,1.773901206E2
1.931770211E2,2.277276966E-2,7.142669056E-4,1.575627946E-3,9.997391701E-1,1.773902072E2,1.823709722E-1,-7.771592647E-2,1.773900796E2
1.931820211E2,2.277819934E-2,7.123043761E-4,1.573668444E-3,9.997390509E-1,1.773895849E2,1.821417863E-1,-7.749522020E-2,1.773894578E2
1.931870211E2,2.277779611E-2,7.113085012E-4,1.579942997E-3,9.997390509E-1,1.773896311E2,1.828579809E-1,-7.736482624E-2,1.773895037E2
1.931920211E2,2.277223804E-2,7.150467136E-4,1.582940808E-3,9.997391701E-1,1.773902682E2,1.832107425E-1,-7.778627567E-2,1.773901398E2
1.931970211E2,2.276719746E-2,7.194594364E-4,1.578150899E-3,9.997392893E-1,1.773908459E2,1.826731227E-1,-7.830522572E-2,1.773907172E2
1.932020211E2,2.276984941E-2,7.163283881E-4,1.579073141E-3,9.997392297E-1,1.773905419E2,1.827708135E-1,-7.794363640E-2,1.773904137E2
1.932070211E2,2.276959592E-2,7.165679708E-4,1.582615776E-3,9.997392297E-1,1.773905710E2,1.831772705E-1,-7.796188583E-2,1.773904424E2
1.932120211E2,2.276706355E-2,7.187102456E-4,1.580422511E-3,9.997392893E-1,1.773908613E2,1.829313979E-1,-7.821349485E-2,1.773907325E2
1.932170211E2,2.276727995E-2,7.189165917E-4,1.577208051E-3,9.997392893E-1,1.773908365E2,1.825636981E-1,-7.824548138E-2,1.773907079E2
1.932220211E2,2.277183171E-2,7.159160450E-4,1.588383922E-3,9.997391701E-1,1.773903147E2,1.838365542E-1,-7.787173792E-2,1.773901858E2
1.932270211E2,2.276346900E-2,7.207021117E-4,1.593534369E-3,9.997393489E-1,1.773912733E2,1.844384351E-1,-7.840814018E-2,1.773911431E2
1.932320211E2,2.276894326E-2,7.175159990E-4,1.591550885E-3,9.997392297E-1,1.773906458E2,1.842033181E-1,-7.804729912E-2,1.773905164E2
1.932370211E2,2.277432462E-2,7.138900110E-4,1.591067645E-3,9.997391105E-1,1.773900290E2,1.841389129E-1,-7.763216940E-2,1.773899003E2
1.932420211E2,2.277393014E-2,7.135588094E-4,1.596852206E-3,9.997391105E-1,1.773900742E2,1.848007091E-1,-7.757920230E-2,1.773899451E2
1.932470211E2,2.277368376E-2,7.146450807E-4,1.599877258E-3,9.997391105E-1,1.773901024E2,1.851500814E-1,-7.769579815E-2,1.773899729E2
1.932520211E2,2.277354259E-2,7.145129493E-4,1.601944561E-3,9.997391105E-1,1.773901186E2,1.853865601E-1,-7.767529188E-2,1.773899889E2
1.932570211E2,2.277353613E-2,7.148695877E-4,1.601877273E-3,9.997391105E-1,1.773901194E2,1.853797818E-1,-7.771632578E-2,1.773899896E2
1.932620211E2,2.277314730E-2,7.149972371E-4,1.607338781E-3,9.997391105E-1,1.773901639E2,1.860057664E-1,-7.771676847E-2,1.773900337E2
1.932670211E2,2.276513887E-2,7.200702676E-4,1.607300015E-3,9.997392893E-1,1.773910819E2,1.860139386E-1,-7.829953476E-2,1.773909507E2
1.932720211E2,2.276007822E-2,7.225915906E-4,1.603685436E-3,9.997394085E-1,1.773916619E2,1.856060254E-1,-7.859875124E-2,1.773915306E2
1.932770211E2,2.277075667E-2,7.163075497E-4,1.603547018E-3,9.997391701E-1,1.773904379E2,1.855746078E-1,-7.787721942E-2,1.773903078E2
1.932820211E2,2.276759586E-2,7.177827065E-4,1.610592240E-3,9.997392297E-1,1.773908002E2,1.863853262E-1,-7.802842089E-2,1.773906693E2
1.932870211E2,2.275722678E-2,7.247955655E-4,1.605997677E-3,9.997394681E-1,1.773919888E2,1.858764448E-1,-7.884574170E-2,1.773918568E2
1.932920211E2,2.276517503E-2,7.190300385E-4,1.607253565E-3,9.997392893E-1,1.773910777E2,1.860059060E-1,-7.818047876E-2,1.773909468E2
1.932970211E2,2.276771384E-2,7.184083806E-4,1.608644263E-3,9.997392297E-1,1.773907867E2,1.861638036E-1,-7.810515971E-2,1.773906558E2
1.933020211E2,2.276453438E-2,7.203064160E-4,1.615733723E-3,9.997392893E-1,1.773911512E2,1.869806906E-1,-7.830469930E-2,1.773910193E2
1.933070211E2,2.275701099E-2,7.252126234E-4,1.608864637E-3,9.997394681E-1,1.773920135E2,1.862059605E-1,-7.888608397E-2,1.773918812E2
1.933120211E2,2.276791734E-2,7.168719312E-4,1.606448088E-3,9.997392297E-1,1.773907634E2,1.859082119E-1,-7.793483367E-2,1.773906329E2
1.933170211E2,2.276755245E-2,7.181772380E-4,1.611029962E-3,9.997392297E-1,1.773908052E2,1.864364985E-1,-7.807248513E-2,1.773906741E2
1.933220211E2,2.275448296E-2,7.269558264E-4,1.606794889E-3,9.997395277E-1,1.773923033E2,1.859731923E-1,-7.909165632E-2,1.773921708E2
1.933270211E2,2.275483195E-2,7.267073379E-4,1.601957832E-3,9.997395277E-1,1.773922633E2,1.854184285E-1,-7.907573746E-2,1.773921313E2
1.933320211E2,2.276045998E-2,7.225883310E-4,1.598259551E-3,9.997394085E-1,1.773916182E2,1.849844461E-1,-7.861245923E-2,1.773914872E2
1.933370211E2,2.275506935E-2,7.260388811E-4,1.598885865E-3,9.997395277E-1,1.773922360E2,1.850647729E-1,-7.900712454E-2,1.773921044E2
1.933420211E2,2.276053803E-2,7.231468335E-4,1.596894814E-3,9.997394085E-1,1.773916092E2,1.848295620E-1,-7.867998745E-2,1.773914783E2
1.933470211E2,2.276060326E-2,7.239200640E-4,1.595614362E-3,9.997394085E-1,1.773916017E2,1.846848928E-1,-7.877189785E-2,1.773914708E2
1.933520211E2,2.276330971E-2,7.217015955E-4,1.595356385E-3,9.997393489E-1,1.773912915E2,1.846497641E-1,-7.851791922E-2,1.773911610E2
1.933570211E2,2.275792102E-2,7.253201329E-4,1.595891314E-3,9.997394681E-1,1.773919092E2,1.847200615E-1,-7.893206540E-2,1.773917779E2
1.933620211E2,2.275784987E-2,7.256140234E-4,1.596772228E-3,9.997394681E-1,1.773919173E2,1.848217418E-1,-7.896344973E-2,1.773917860E2
1.933670211E2,2.275509700E-2,7.275284152E-4,1.597814960E-3,9.997395277E-1,1.773922329E2,1.849459746E-1,-7.918055563E-2,1.773921011E2
1.933720211E2,2.275504665E-2,7.269362104E-4,1.598801231E-3,9.997395277E-1,1.773922386E2,1.850574154E-1,-7.911014906E-2,1.773921069E2
1.933770211E2,2.275725512E-2,7.259143167E-4,1.605090452E-3,9.997394681E-1,1.773919855E2,1.857754313E-1,-7.897626851E-2,1.773918534E2
1.933820211E2,2.274968267E-2,7.311669760E-4,1.598663977E-3,9.997396469E-1,1.773928535E2,1.850522978E-1,-7.959618380E-2,1.773927209E2
1.933870211E2,2.275281702E-2,7.290305221E-4,1.592295012E-3,9.997395873E-1,1.773924942E2,1.843173340E-1,-7.936745424E-2,1.773923626E2
1.933920211E2,2.275527884E-2,7.257943507E-4,1.596012851E-3,9.997395277E-1,1.773922120E2,1.847350132E-1,-7.898656388E-2,1.773920807E2
1.933970211E2,2.275537404E-2,7.265351596E-4,1.594317611E-3,9.997395277E-1,1.773922011E2,1.845427425E-1,-7.907583535E-2,1.773920698E2
1.934020211E2,2.275287140E-2,7.282879669E-4,1.591857639E-3,9.997395873E-1,1.773924880E2,1.842652956E-1,-7.928351620E-2,1.773923565E2
1.934070211E2,2.275799340E-2,7.257492980E-4,1.594663598E-3,9.997394681E-1,1.773919009E2,1.845805368E-1,-7.898441982E-2,1.773917697E2
1.934120211E2,2.275772170E-2,7.249732153E-4,1.598888543E-3,9.997394681E-1,1.773919320E2,1.850625097E-1,-7.888454202E-2,1.773918006E2
1.934170211E2,2.275555757E-2,7.262778818E-4,1.591813285E-3,9.997395277E-1,1.773921801E2,1.842551851E-1,-7.905285788E-2,1.773920490E2
1.934220211E2,2.276117804E-2,7.234208169E-4,1.587621635E-3,9.997394085E-1,1.773915359E2,1.837679723E-1,-7.873544506E-2,1.773914056E2
1.934270211E2,2.276344176E-2,7.212565979E-4,1.593672554E-3,9.997393489E-1,1.773912764E2,1.844557103E-1,-7.847130763E-2,1.773911461E2
1.934320211E2,2.276549808E-2,7.202327251E-4,1.602131175E-3,9.997392893E-1,1.773910407E2,1.854222375E-1,-7.833156417E-2,1.773909099E2
1.934370211E2,2.276339469E-2,7.220354164E-4,1.593992230E-3,9.997393489E-1,1.773912818E2,1.844943612E-1,-7.855970520E-2,1.773911513E2
1.934420211E2,2.276899086E-2,7.168896263E-4,1.591152162E-3,9.997392297E-1,1.773906403E2,1.841560088E-1,-7.797657239E-2,1.773905111E2
1.934470211E2,2.277991186E-2,7.093303138E-4,1.588023733E-3,9.997389913E-1,1.773893886E2,1.837787258E-1,-7.711671986E-2,1.773892609E2
1.934520211E2,2.277185780E-2,7.159835077E-4,1.587979496E-3,9.997391701E-1,1.773903117E2,1.837904003E-1,-7.788051716E-2,1.773901829E2
1.934570211E2,2.277254341E-2,7.149268640E-4,1.578595839E-3,9.997391701E-1,1.773902331E2,1.827126849E-1,-7.778382849E-2,1.773901052E2
1.934620211E2,2.277791343E-2,7.120356313E-4,1.577922725E-3,9.997390509E-1,1.773896176E2,1.826284418E-1,-7.745337953E-2,1.773894903E2
1.934670211E2,2.277527262E-2,7.137950743E-4,1.577482442E-3,9.997391105E-1,1.773899203E2,1.825823901E-1,-7.765657587E-2,1.773897927E2
1.934720211E2,2.276993187E-2,7.167664589E-4,1.577684772E-3,9.997392297E-1,1.773905325E2,1.826129087E-1,-7.799743025E-2,1.773904043E2
1.934770211E2,2.277011741E-2,7.174240891E-4,1.574705122E-3,9.997392297E-1,1.773905112E2,1.822732845E-1,-7.808051069E-2,1.773903831E2
1.934820211E2,2.276751372E-2,7.190898177E-4,1.573750749E-3,9.997392893E-1,1.773908097E2,1.821680927E-1,-7.827430420E-2,1.773906813E2
1.934870211E2,2.277269990E-2,7.157259970E-4,1.575974049E-3,9.997391701E-1,1.773902152E2,1.824144252E-1,-7.788219199E-2,1.773900873E2
1.934920211E2,2.276758408E-2,7.186228177E-4,1.572945854E-3,9.997392893E-1,1.773908016E2,1.820746691E-1,-7.822289110E-2,1.773906734E2
1.934970211E2,2.277022456E-2,7.169149467E-4,1.573387184E-3,9.997392297E-1,1.773904989E2,1.821209785E-1,-7.802560196E-2,1.773903710E2
1.935020211E2,2.276987951E-2,7.165959687E-4,1.578517607E-3,9.997392297E-1,1.773905385E2,1.827078710E-1,-7.797573498E-2,1.773904102E2
1.935070211E2,2.277251344E-2,7.151752943E-4,1.578915631E-3,9.997391701E-1,1.773902366E2,1.827499671E-1,-7.781146001E-2,1.773901086E2
1.935120211E2,2.275696588E-2,7.253608783E-4,1.571974833E-3,9.997395277E-1,1.773920187E2,1.819801700E-1,-7.899928129E-2,1.773918893E2
1.935170211E2,2.275718681E-2,7.254555239E-4,1.568729524E-3,9.997395277E-1,1.773919933E2,1.816086448E-1,-7.901854734E-2,1.773918642E2
1.935220211E2,2.275989736E-2,7.236398524E-4,1.568229985E-3,9.997394681E-1,1.773916827E2,1.815468947E-1,-7.881135135E-2,1.773915539E2
1.935270211E2,2.275422020E-2,7.270268979E-4,1.573043643E-3,9.997395873E-1,1.773923334E2,1.821067428E-1,-7.918785624E-2,1.773922036E2
1.935320211E2,2.275465711E-2,7.275198004E-4,1.566482009E-3,9.997395873E-1,1.773922833E2,1.813563483E-1,-7.926135471E-2,1.773921540E2
1.935370211E2,2.276530080E-2,7.205803413E-4,1.567203784E-3,9.997393489E-1,1.773910633E2,1.814217744E-1,-7.846254440E-2,1.773909352E2
1.935420211E2,2.276508597E-2,7.200335385E-4,1.570572029E-3,9.997393489E-1,1.773910879E2,1.818062040E-1,-7.839115357E-2,1.773909597E2
1.935470211E2,2.275427242E-2,7.273224765E-4,1.572151436E-3,9.997395873E-1,1.773923274E2,1.820053046E-1,-7.922403523E-2,1.773921976E2
1.935520211E2,2.275409089E-2,7.275403477E-4,1.574675902E-3,9.997395873E-1,1.773923482E2,1.822950666E-1,-7.924244529E-2,1.773922182E2
1.935570211E2,2.276464573E-2,7.204970461E-4,1.576728537E-3,9.997393489E-1,1.773911384E2,1.825126812E-1,-7.842827297E-2,1.773910096E2
1.935620211E2,2.275381922E-2,7.273067022E-4,1.578704221E-3,9.997395873E-1,1.773923793E2,1.827559285E-1,-7.920522402E-2,1.773922491E2
1.935670211E2,2.274844285E-2,7.321075536E-4,1.578474301E-3,9.997397065E-1,1.773929956E2,1.827416790E-1,-7.975680031E-2,1.773928644E2
1.935720211E2,2.275375378E-2,7.283844170E-4,1.579150441E-3,9.997395873E-1,1.773923868E2,1.828098537E-1,-7.932753737E-2,1.773922563E2
1.935770211E2,2.275882047E-2,7.251920761E-4,1.583071426E-3,9.997394681E-1,1.773918061E2,1.832511251E-1,-7.895066438E-2,1.773916759E2
1.935820211E2,2.274806547E-2,7.317006821E-4,1.584091573E-3,9.997397065E-1,1.773930388E2,1.833841148E-1,-7.969561386E-2,1.773929073E2
1.935870211E2,2.275361182E-2,7.280248101E-4,1.581360237E-3,9.997395873E-1,1.773924031E2,1.830620635E-1,-7.928060407E-2,1.773922725E2
1.935920211E2,2.276416429E-2,7.213596837E-4,1.583271543E-3,9.997393489E-1,1.773911936E2,1.832644745E-1,-7.851011728E-2,1.773910641E2
1.935970211E2,2.276718879E-2,7.182225236E-4,1.578839263E-3,9.997392893E-1,1.773908469E2,1.827487549E-1,-7.816172845E-2,1.773907183E2
1.936020211E2,2.276451699E-2,7.211893681E-4,1.578269992E-3,9.997393489E-1,1.773911531E2,1.826910697E-1,-7.850358879E-2,1.773910241E2
1.936070211E2,2.276717559E-2,7.180264802E-4,1.579118776E-3,9.997392893E-1,1.773908484E2,1.827802639E-1,-7.813854253E-2,1.773907199E2
1.936120211E2,2.276977208E-2,7.169977180E-4,1.579884207E-3,9.997392297E-1,1.773905508E2,1.828654715E-1,-7.801821376E-2,1.773904224E2
1.936170211E2,2.276692743E-2,7.187946467E-4,1.582343830E-3,9.997392893E-1,1.773908769E2,1.831517177E-1,-7.821817612E-2,1.773907479E2
1.936220211E2,2.276404403E-2,7.211443735E-4,1.585097634E-3,9.997393489E-1,1.773912074E2,1.834731041E-1,-7.848070930E-2,1.773910777E2
1.936270211E2,2.276432203E-2,7.205122965E-4,1.581388176E-3,9.997393489E-1,1.773911755E2,1.830465136E-1,-7.841792342E-2,1.773910463E2
1.936320211E2,2.276423896E-2,7.205411675E-4,1.582570374E-3,9.997393489E-1,1.773911850E2,1.831820174E-1,-7.841816212E-2,1.773910557E2
1.936370211E2,2.276385102E-2,7.202505367E-4,1.588272629E-3,9.997393489E-1,1.773912295E2,1.838344910E-1,-7.837006267E-2,1.773910998E2
1.936420211E2,2.276142399E-2,7.220683037E-4,1.584708574E-3,9.997394085E-1,1.773915077E2,1.834307371E-1,-7.858805201E-2,1.773913779E2
1.936470211E2,2.276412231E-2,7.217382081E-4,1.583702513E-3,9.997393489E-1,1.773911984E2,1.833148315E-1,-7.855236512E-2,1.773910688E2
1.936520211E2,2.276666365E-2,7.199234096E-4,1.585622551E-3,9.997392893E-1,1.773909071E2,1.835302594E-1,-7.833898330E-2,1.773907777E2
1.936570211E2,2.276108552E-2,7.234388613E-4,1.588939340E-3,9.997394085E-1,1.773915465E2,1.839189711E-1,-7.873409221E-2,1.773914161E2
1.936620211E2,2.276376995E-2,7.205257425E-4,1.589309424E-3,9.997393489E-1,1.773912388E2,1.839539800E-1,-7.839890098E-2,1.773911089E2
1.936670211E2,2.276088768E-2,7.220445550E-4,1.592403743E-3,9.997394085E-1,1.773915691E2,1.843122077E-1,-7.856535810E-2,1.773914388E2
1.936720211E2,2.276071282E-2,7.234761724E-4,1.594252186E-3,9.997394085E-1,1.773915892E2,1.845276899E-1,-7.872457760E-2,1.773914584E2
1.936770211E2,2.275788088E-2,7.249882328E-4,1.596614369E-3,9.997394681E-1,1.773919138E2,1.848020274E-1,-7.889216403E-2,1.773917825E2
1.936820211E2,2.275795823E-2,7.245025481E-4,1.595732057E-3,9.997394681E-1,1.773919049E2,1.846996872E-1,-7.883880991E-2,1.773917738E2
1.936870211E2,2.276588524E-2,7.189246244E-4,1.597209834E-3,9.997392893E-1,1.773909963E2,1.848550557E-1,-7.819447343E-2,1.773908662E2
1.936920211E2,2.276056660E-2,7.232447388E-4,1.596443239E-3,9.997394085E-1,1.773916059E2,1.847780862E-1,-7.869237621E-2,1.773914750E2
1.936970211E2,2.276381164E-2,7.210188196E-4,1.588488463E-3,9.997393489E-1,1.773912340E2,1.838612187E-1,-7.845752270E-2,1.773911041E2
1.937020211E2,2.276946531E-2,7.163645350E-4,1.584585756E-3,9.997392297E-1,1.773905860E2,1.834024145E-1,-7.793346350E-2,1.773904573E2
1.937070211E2,2.277166967E-2,7.151968894E-4,1.591028878E-3,9.997391701E-1,1.773903333E2,1.841376764E-1,-7.778247781E-2,1.773902043E2
1.937120211E2,2.276892822E-2,7.165687275E-4,1.592192682E-3,9.997392297E-1,1.773906475E2,1.842743707E-1,-7.793710622E-2,1.773905182E2
1.937170211E2,2.276376821E-2,7.204422145E-4,1.589372288E-3,9.997393489E-1,1.773912390E2,1.839609638E-1,-7.838916820E-2,1.773911092E2
1.937220211E2,2.276379887E-2,7.205474540E-4,1.588885323E-3,9.997393489E-1,1.773912355E2,1.839054530E-1,-7.840248931E-2,1.773911057E2
1.937270211E2,2.276634439E-2,7.192679914E-4,1.590496511E-3,9.997392893E-1,1.773909437E2,1.840868953E-1,-7.825124007E-2,1.773908140E2
1.937320211E2,2.276366977E-2,7.207133458E-4,1.590658678E-3,9.997393489E-1,1.773912503E2,1.841090349E-1,-7.841689183E-2,1.773911203E2
1.937370211E2,2.276129152E-2,7.222247659E-4,1.586538856E-3,9.997394085E-1,1.773915229E2,1.836408157E-1,-7.860122682E-2,1.773913929E2
1.937420211E2,2.276676930E-2,7.197712548E-4,1.584174111E-3,9.997392893E-1,1.773908950E2,1.833639345E-1,-7.832531178E-2,1.773907657E2
1.937470211E2,2.276381079E-2,7.210000185E-4,1.588509185E-3,9.997393489E-1,1.773912341E2,1.838635435E-1,-7.845531492E-2,1.773911042E2
1.937520211E2,2.275562638E-2,7.266487810E-4,1.590659958E-3,9.997395277E-1,1.773921722E2,1.841240303E-1,-7.909834363E-2,1.773920411E2
1.937570211E2,2.275059019E-2,7.308296044E-4,1.585852122E-3,9.997396469E-1,1.773927495E2,1.835837370E-1,-7.959076851E-2,1.773926180E2
1.937620211E2,2.275574341E-2,7.262310246E-4,1.589175896E-3,9.997395277E-1,1.773921588E2,1.839529327E-1,-7.905433324E-2,1.773920279E2
1.937670211E2,2.274477317E-2,7.331337547E-4,1.593061490E-3,9.997397661E-1,1.773934162E2,1.844152009E-1,-7.983701309E-2,1.773932837E2
1.937720211E2,2.274774558E-2,7.328747888E-4,1.588137355E-3,9.997397065E-1,1.773930755E2,1.838506437E-1,-7.981963361E-2,1.773929435E2
1.937770211E2,2.275059083E-2,7.294146926E-4,1.586494269E-3,9.997396469E-1,1.773927494E2,1.836536135E-1,-7.942699940E-2,1.773926181E2
1.937820211E2,2.275572112E-2,7.264454616E-4,1.589396968E-3,9.997395277E-1,1.773921613E2,1.839788168E-1,-7.907832712E-2,1.773920304E2
1.937870211E2,2.275290290E-2,7.288575289E-4,1.591146574E-3,9.997395873E-1,1.773924844E2,1.841853223E-1,-7.935061447E-2,1.773923528E2
1.937920211E2,2.275307851E-2,7.285268512E-4,1.588785090E-3,9.997395873E-1,1.773924642E2,1.839139372E-1,-7.931885654E-2,1.773923330E2
1.937970211E2,2.275836435E-2,7.254965021E-4,1.589476247E-3,9.997394681E-1,1.773918584E2,1.839856330E-1,-7.896891947E-2,1.773917276E2
1.938020211E2,2.276345508E-2,7.207493763E-4,1.593711786E-3,9.997393489E-1,1.773912749E2,1.844588825E-1,-7.841309465E-2,1.773911447E2
1.938070211E2,2.276068908E-2,7.224143483E-4,1.595072448E-3,9.997394085E-1,1.773915919E2,1.846188891E-1,-7.860079805E-2,1.773914613E2
1.938120211E2,2.275831698E-2,7.251424831E-4,1.590315835E-3,9.997394681E-1,1.773918638E2,1.840808908E-1,-7.892618147E-2,1.773917330E2
1.938170211E2,2.276089178E-2,7.231218042E-4,1.591856242E-3,9.997394085E-1,1.773915687E2,1.842522952E-1,-7.869019696E-2,1.773914382E2
1.938220211E2,2.276322531E-2,7.209095638E-4,1.596917980E-3,9.997393489E-1,1.773913012E2,1.848265908E-1,-7.842312470E-2,1.773911707E2
1.938270211E2,2.275795272E-2,7.248831098E-4,1.595637877E-3,9.997394681E-1,1.773919056E2,1.846898899E-1,-7.888265437E-2,1.773917744E2
1.938320211E2,2.275571431E-2,7.261151914E-4,1.589645399E-3,9.997395277E-1,1.773921621E2,1.840064156E-1,-7.903984419E-2,1.773920312E2
1.938370211E2,2.276630341E-2,7.192104240E-4,1.591108972E-3,9.997392893E-1,1.773909484E2,1.841569067E-1,-7.824305471E-2,1.773908187E2
1.938420211E2,2.276588040E-2,7.193037891E-4,1.597108087E-3,9.997392893E-1,1.773909969E2,1.848443883E-1,-7.823817754E-2,1.773908667E2
1.938470211E2,2.276360034E-2,7.208618918E-4,1.591584762E-3,9.997393489E-1,1.773912582E2,1.842155111E-1,-7.843150647E-2,1.773911281E2
1.938520211E2,2.276914532E-2,7.170095341E-4,1.588886254E-3,9.997392297E-1,1.773906226E2,1.838967467E-1,-7.799619318E-2,1.773904935E2
1.938570211E2,2.277440604E-2,7.138859946E-4,1.589903608E-3,9.997391105E-1,1.773900197E2,1.840055543E-1,-7.763473230E-2,1.773898910E2
1.938620211E2,2.277436452E-2,7.138198707E-4,1.590527827E-3,9.997391105E-1,1.773900244E2,1.840768903E-1,-7.762553553E-2,1.773898957E2
1.938670211E2,2.277440754E-2,7.143762195E-4,1.589661930E-3,9.997391105E-1,1.773900195E2,1.839791469E-1,-7.769152378E-2,1.773898908E2
1.938720211E2,2.276929272E-2,7.172909100E-4,1.586645260E-3,9.997392297E-1,1.773906057E2,1.836407594E-1,-7.803424840E-2,1.773904767E2
1.938770211E2,2.277426357E-2,7.137866342E-4,1.591987559E-3,9.997391105E-1,1.773900360E2,1.842440256E-1,-7.761793677E-2,1.773899072E2
1.938820211E2,2.276880637E-2,7.167782751E-4,1.593840076E-3,9.997392297E-1,1.773906615E2,1.844636368E-1,-7.795683636E-2,1.773905320E2
1.938870211E2,2.276892530E-2,7.176361978E-4,1.591753680E-3,9.997392297E-1,1.773906479E2,1.842268630E-1,-7.806054347E-2,1.773905184E2
1.938920211E2,2.276874444E-2,7.168521406E-4,1.594691304E-3,9.997392297E-1,1.773906686E2,1.845613433E-1,-7.796308888E-2,1.773905390E2
1.938970211E2,2.276570372E-2,7.191816112E-4,1.599679468E-3,9.997392893E-1,1.773910171E2,1.851386385E-1,-7.821750484E-2,1.773908867E2
1.939020211E2,2.276827806E-2,7.167506265E-4,1.601381693E-3,9.997392297E-1,1.773907220E2,1.853275068E-1,-7.793408888E-2,1.773905920E2
1.939070211E2,2.276600284E-2,7.188805612E-4,1.595552545E-3,9.997392893E-1,1.773909828E2,1.846650875E-1,-7.819372747E-2,1.773908528E2
1.939120211E2,2.276570385E-2,7.194174104E-4,1.599571551E-3,9.997392893E-1,1.773910171E2,1.851268905E-1,-7.824479992E-2,1.773908867E2
1.939170211E2,2.276042327E-2,7.225992740E-4,1.598777249E-3,9.997394085E-1,1.773916224E2,1.850437804E-1,-7.861236936E-2,1.773914914E2
1.939220211E2,2.276334574E-2,7.204216090E-4,1.595420763E-3,9.997393489E-1,1.773912874E2,1.846538028E-1,-7.837110715E-2,1.773911571E2
1.939270211E2,2.276336036E-2,7.210041513E-4,1.594949048E-3,9.997393489E-1,1.773912857E2,1.846012831E-1,-7.843907204E-2,1.773911554E2
1.939320211E2,2.277401474E-2,7.136571221E-4,1.595601207E-3,9.997391105E-1,1.773900645E2,1.846576552E-1,-7.759371445E-2,1.773899355E2
1.939370211E2,2.277663014E-2,7.121695089E-4,1.596279792E-3,9.997390509E-1,1.773897647E2,1.847317150E-1,-7.742103667E-2,1.773896359E2
1.939420211E2,2.277642948E-2,7.115719491E-4,1.599406358E-3,9.997390509E-1,1.773897877E2,1.850883255E-1,-7.734445556E-2,1.773896588E2
1.939470211E2,2.277401566E-2,7.130668382E-4,1.595851965E-3,9.997391105E-1,1.773900644E2,1.846848420E-1,-7.752543591E-2,1.773899355E2
1.939520211E2,2.277911975E-2,7.109687431E-4,1.598618226E-3,9.997389913E-1,1.773894794E2,1.849966689E-1,-7.727691055E-2,1.773893506E2
1.939570211E2,2.277365533E-2,7.132695755E-4,1.600895543E-3,9.997391105E-1,1.773901057E2,1.852631458E-1,-7.753556567E-2,1.773899763E2
1.939620211E2,2.277668789E-2,7.113429019E-4,1.595824375E-3,9.997390509E-1,1.773897581E2,1.846773882E-1,-7.732751720E-2,1.773896295E2
1.939670211E2,2.277935941E-2,7.108348655E-4,1.595259178E-3,9.997389913E-1,1.773894519E2,1.846115185E-1,-7.727029760E-2,1.773893234E2
1.939720211E2,2.277100492E-2,7.158605731E-4,1.600217889E-3,9.997391701E-1,1.773904095E2,1.851920688E-1,-7.783465429E-2,1.773902797E2
1.939770211E2,2.277383715E-2,7.142362301E-4,1.597875147E-3,9.997391105E-1,1.773900849E2,1.849196602E-1,-7.765415628E-2,1.773899555E2
1.939820211E2,2.277143585E-2,7.154393243E-4,1.594263129E-3,9.997391701E-1,1.773903601E2,1.845088133E-1,-7.780185470E-2,1.773902308E2
1.939870211E2,2.277393034E-2,7.146783173E-4,1.596348593E-3,9.997391105E-1,1.773900742E2,1.847459362E-1,-7.770876936E-2,1.773899449E2
1.939920211E2,2.276843895E-2,7.167259464E-4,1.599103562E-3,9.997392297E-1,1.773907036E2,1.850664675E-1,-7.793717577E-2,1.773905737E2
1.939970211E2,2.276036043E-2,7.230683113E-4,1.599459676E-3,9.997394085E-1,1.773916296E2,1.851231792E-1,-7.866433477E-2,1.773914985E2
1.940020211E2,2.276300985E-2,7.216839003E-4,1.599637209E-3,9.997393489E-1,1.773913259E2,1.851401145E-1,-7.850478053E-2,1.773911950E2
1.940070211E2,2.276524931E-2,7.196149672E-4,1.605939120E-3,9.997392893E-1,1.773910692E2,1.858568524E-1,-7.825090457E-2,1.773909383E2
1.940120211E2,2.275677449E-2,7.254537777E-4,1.612097840E-3,9.997394681E-1,1.773920406E2,1.865769733E-1,-7.890532331E-2,1.773919081E2
1.940170211E2,2.275474453E-2,7.274152595E-4,1.602877979E-3,9.997395277E-1,1.773922733E2,1.855256817E-1,-7.915445500E-2,1.773921411E2
1.940220211E2,2.274924118E-2,7.307134802E-4,1.605140627E-3,9.997396469E-1,1.773929041E2,1.857930591E-1,-7.952742755E-2,1.773927711E2
1.940270211E2,2.275670771E-2,7.245778106E-4,1.613433938E-3,9.997394681E-1,1.773920483E2,1.867277497E-1,-7.880149908E-2,1.773919158E2
1.940320211E2,2.275389156E-2,7.280297577E-4,1.614664448E-3,9.997395277E-1,1.773923710E2,1.868774996E-1,-7.919427760E-2,1.773922378E2
1.940370211E2,2.274620999E-2,7.320028380E-4,1.610378153E-3,9.997397065E-1,1.773932515E2,1.863962014E-1,-7.966204956E-2,1.773931179E2
1.940420211E2,2.274596394E-2,7.321773446E-4,1.613770612E-3,9.997397065E-1,1.773932797E2,1.867852840E-1,-7.967324432E-2,1.773931458E2
1.940470211E2,2.274031969E-2,7.365192869E-4,1.617485075E-3,9.997398257E-1,1.773939267E2,1.872216874E-1,-8.016203971E-2,1.773937916E2
1.940520211E2,2.273502125E-2,7.400450995E-4,1.616676804E-3,9.997399449E-1,1.773945340E2,1.871378522E-1,-8.056906128E-2,1.773943983E2
1.940570211E2,2.274079804E-2,7.365681813E-4,1.610723441E-3,9.997398257E-1,1.773938718E2,1.864472257E-1,-8.018517267E-2,1.773937373E2
1.940620211E2,2.274320402E-2,7.340245065E-4,1.614904148E-3,9.997397661E-1,1.773935961E2,1.869197392E-1,-7.988241978E-2,1.773934617E2
1.940670211E2,2.274555053E-2,7.319750730E-4,1.619678456E-3,9.997397065E-1,1.773933271E2,1.874615391E-1,-7.963474965E-2,1.773931927E2
1.940720211E2,2.275342657E-2,7.281439030E-4,1.621152391E-3,9.997395277E-1,1.773924243E2,1.876210328E-1,-7.919052396E-2,1.773922906E2
1.940770211E2,2.275080176E-2,7.298548007E-4,1.620463678E-3,9.997395873E-1,1.773927252E2,1.875463855E-1,-7.938881564E-2,1.773925912E2
1.940820211E2,2.275314868E-2,7.275080425E-4,1.625332865E-3,9.997395277E-1,1.773924562E2,1.880982767E-1,-7.910683042E-2,1.773923222E2
1.940870211E2,2.275549990E-2,7.258576807E-4,1.629810664E-3,9.997394681E-1,1.773921867E2,1.886071447E-1,-7.890564282E-2,1.773920527E2
1.940920211E2,2.275336143E-2,7.275528624E-4,1.622331678E-3,9.997395277E-1,1.773924318E2,1.877545880E-1,-7.911975057E-2,1.773922981E2
1.940970211E2,2.275061045E-2,7.289224886E-4,1.623566262E-3,9.997395873E-1,1.773927471E2,1.878993781E-1,-7.927395525E-2,1.773926130E2
1.941020211E2,2.274260066E-2,7.353649125E-4,1.622772310E-3,9.997397661E-1,1.773936652E2,1.878245783E-1,-8.001558551E-2,1.773935299E2
1.941070211E2,2.273710632E-2,7.381122559E-4,1.625074307E-3,9.997398853E-1,1.773942950E2,1.880950196E-1,-8.032536023E-2,1.773941590E2
1.941120211E2,2.273496535E-2,7.408196107E-4,1.617108006E-3,9.997399449E-1,1.773945404E2,1.871892653E-1,-8.065667769E-2,1.773944045E2
1.941170211E2,2.274586253E-2,7.333962130E-4,1.614646288E-3,9.997397065E-1,1.773932913E2,1.868887727E-1,-7.981061645E-2,1.773931571E2
1.941220211E2,2.274561872E-2,7.330405642E-4,1.618238399E-3,9.997397065E-1,1.773933193E2,1.872993461E-1,-7.976055509E-2,1.773931848E2
1.941270211E2,2.273530989E-2,7.407412049E-4,1.612292835E-3,9.997399449E-1,1.773945009E2,1.866374524E-1,-8.066017640E-2,1.773943654E2
1.941320211E2,2.273538581E-2,7.400522591E-4,1.611538464E-3,9.997399449E-1,1.773944922E2,1.865492409E-1,-8.058320079E-2,1.773943569E2
1.941370211E2,2.274333924E-2,7.342722965E-4,1.612885855E-3,9.997397661E-1,1.773935806E2,1.866891759E-1,-7.991604211E-2,1.773934463E2
1.941420211E2,2.273790210E-2,7.383532356E-4,1.613791334E-3,9.997398853E-1,1.773942038E2,1.868031097E-1,-8.038221775E-2,1.773940686E2
1.941470211E2,2.274090401E-2,7.358720177E-4,1.609545085E-3,9.997398257E-1,1.773938597E2,1.863104248E-1,-8.010847001E-2,1.773937254E2
1.941520211E2,2.274624839E-2,7.328755455E-4,1.609438565E-3,9.997397065E-1,1.773932471E2,1.862908383E-1,-7.976447051E-2,1.773931134E2
1.941570211E2,2.274877746E-2,7.304677856E-4,1.611810760E-3,9.997396469E-1,1.773929572E2,1.865565262E-1,-7.948197779E-2,1.773928238E2
1.941620211E2,2.274644544E-2,7.326700725E-4,1.606744947E-3,9.997397065E-1,1.773932245E2,1.859817317E-1,-7.974791586E-2,1.773930910E2
1.941670211E2,2.274115867E-2,7.355250418E-4,1.606101985E-3,9.997398257E-1,1.773938305E2,1.859150920E-1,-8.007764538E-2,1.773936965E2
1.941720211E2,2.274389768E-2,7.348895888E-4,1.604709309E-3,9.997397661E-1,1.773935166E2,1.857541069E-1,-8.000796725E-2,1.773933828E2
1.941770211E2,2.274120478E-2,7.368620718E-4,1.604835736E-3,9.997398257E-1,1.773938252E2,1.857735162E-1,-8.023410931E-2,1.773936911E2
1.941820211E2,2.273873376E-2,7.379368180E-4,1.602222328E-3,9.997398853E-1,1.773941085E2,1.854767211E-1,-8.036450338E-2,1.773939743E2
1.941870211E2,2.274151454E-2,7.352603716E-4,1.601176686E-3,9.997398257E-1,1.773937897E2,1.853501777E-1,-8.006009404E-2,1.773936562E2
1.941920211E2,2.274397998E-2,7.351894747E-4,1.603404991E-3,9.997397661E-1,1.773935071E2,1.856054698E-1,-8.004570700E-2,1.773933734E2
1.941970211E2,2.274121139E-2,7.353333640E-4,1.605443074E-3,9.997398257E-1,1.773938245E2,1.858391104E-1,-8.005739380E-2,1.773936906E2
1.942020211E2,2.274404864E-2,7.340912125E-4,1.602934208E-3,9.997397661E-1,1.773934993E2,1.855486786E-1,-7.992110244E-2,1.773933658E2
1.942070211E2,2.274420368E-2,7.343671750E-4,1.600606251E-3,9.997397661E-1,1.773934815E2,1.852827145E-1,-7.995875608E-2,1.773933482E2
1.942120211E2,2.273864696E-2,7.375183050E-4,1.603646204E-3,9.997398853E-1,1.773941184E2,1.856387457E-1,-8.031286354E-2,1.773939842E2
1.942170211E2,2.274381461E-2,7.337311981E-4,1.606415957E-3,9.997397661E-1,1.773935261E2,1.859465981E-1,-7.987082720E-2,1.773933924E2
1.942220211E2,2.274687491E-2,7.326945197E-4,1.600642106E-3,9.997397065E-1,1.773931753E2,1.852826753E-1,-7.976654518E-2,1.773930423E2
1.942270211E2,2.274702405E-2,7.328198408E-4,1.598463859E-3,9.997397065E-1,1.773931582E2,1.850334693E-1,-7.978655270E-2,1.773930253E2
1.942320211E2,2.274410858E-2,7.346926723E-4,1.601807773E-3,9.997397661E-1,1.773934924E2,1.854212044E-1,-7.999293158E-2,1.773933589E2
1.942370211E2,2.273348572E-2,7.424054202E-4,1.600245130E-3,9.997400045E-1,1.773947100E2,1.852614300E-1,-8.088255920E-2,1.773945752E2
1.942420211E2,2.273403900E-2,7.422167691E-4,1.592453569E-3,9.997400045E-1,1.773946466E2,1.843683650E-1,-8.088114357E-2,1.773945124E2
1.942470211E2,2.273399255E-2,7.419747417E-4,1.593229361E-3,9.997400045E-1,1.773946519E2,1.844566070E-1,-8.085140389E-2,1.773945177E2
1.942520211E2,2.273136095E-2,7.423846982E-4,1.593185356E-3,9.997400641E-1,1.773949535E2,1.844524209E-1,-8.089896943E-2,1.773948193E2
1.942570211E2,2.272631389E-2,7.460092893E-4,1.588683575E-3,9.997401834E-1,1.773955320E2,1.839457195E-1,-8.132686478E-2,1.773953975E2
1.942620211E2,2.272932238E-2,7.457232568E-4,1.583277481E-3,9.997401237E-1,1.773951872E2,1.833258851E-1,-8.130762424E-2,1.773950531E2
1.942670211E2,2.273205191E-2,7.433441351E-4,1.582845696E-3,9.997400641E-1,1.773948743E2,1.832704426E-1,-8.103569200E-2,1.773947407E2
1.942720211E2,2.272673648E-2,7.461733767E-4,1.582549419E-3,9.997401834E-1,1.773954836E2,1.832434389E-1,-8.136156116E-2,1.773953495E2
1.942770211E2,2.272443660E-2,7.483531954E-4,1.576882671E-3,9.997402430E-1,1.773957472E2,1.825997337E-1,-8.162646392E-2,1.773956132E2
1.942820211E2,2.272729065E-2,7.460297784E-4,1.574638882E-3,9.997401834E-1,1.773954201E2,1.823368615E-1,-8.136561164E-2,1.773952867E2
1.942870211E2,2.273520327E-2,7.416369626E-4,1.576017239E-3,9.997400045E-1,1.773945131E2,1.824839669E-1,-8.085732838E-2,1.773943804E2
1.942920211E2,2.273251261E-2,7.432919228E-4,1.576240058E-3,9.997400641E-1,1.773948215E2,1.825135876E-1,-8.104683431E-2,1.773946885E2
1.942970211E2,2.272741596E-2,7.463717484E-4,1.572666923E-3,9.997401834E-1,1.773954057E2,1.821118505E-1,-8.140990148E-2,1.773952724E2
1.943020211E2,2.272474955E-2,7.476201281E-4,1.572714886E-3,9.997402430E-1,1.773957113E2,1.821203795E-1,-8.155327897E-2,1.773955778E2
1.943070211E2,2.273270698E-2,7.418867317E-4,1.574097318E-3,9.997400641E-1,1.773947992E2,1.822644653E-1,-8.089139964E-2,1.773946666E2
1.943120211E2,2.272739521E-2,7.462768117E-4,1.573011861E-3,9.997401834E-1,1.773954081E2,1.821511184E-1,-8.139813075E-2,1.773952748E2
1.943170211E2,2.273322853E-2,7.425018121E-4,1.566255582E-3,9.997400641E-1,1.773947395E2,1.813677438E-1,-8.098219836E-2,1.773946074E2
1.943220211E2,2.274369015E-2,7.345022750E-4,1.570325810E-3,9.997398257E-1,1.773935403E2,1.818140335E-1,-8.005325061E-2,1.773934094E2
1.943270211E2,2.274075279E-2,7.367383223E-4,1.573867514E-3,9.997398853E-1,1.773938770E2,1.822253712E-1,-8.030072061E-2,1.773937454E2
1.943320211E2,2.274336384E-2,7.351942477E-4,1.574721886E-3,9.997398257E-1,1.773935777E2,1.823194349E-1,-8.012112595E-2,1.773934463E2
1.943370211E2,2.274880468E-2,7.308281492E-4,1.573845861E-3,9.997397065E-1,1.773929541E2,1.822081283E-1,-7.962222947E-2,1.773928236E2
1.943420211E2,2.275109218E-2,7.306087646E-4,1.578736352E-3,9.997396469E-1,1.773926919E2,1.827680035E-1,-7.958392889E-2,1.773925610E2
1.943470211E2,2.274826101E-2,7.320538280E-4,1.581117627E-3,9.997397065E-1,1.773930164E2,1.830443496E-1,-7.974378777E-2,1.773928851E2
1.943520211E2,2.275108825E-2,7.304021856E-4,1.578888623E-3,9.997396469E-1,1.773926924E2,1.827849090E-1,-7.955986655E-2,1.773925615E2
1.943570211E2,2.275098166E-2,7.294963580E-4,1.580842072E-3,9.997396469E-1,1.773927046E2,1.830063299E-1,-7.945101977E-2,1.773925737E2
1.943620211E2,2.275604771E-2,7.269906346E-4,1.584464218E-3,9.997395277E-1,1.773921239E2,1.834151582E-1,-7.915358655E-2,1.773919932E2
1.943670211E2,2.275618442E-2,7.256906829E-4,1.583096106E-3,9.997395277E-1,1.773921082E2,1.832550448E-1,-7.900820448E-2,1.773919779E2
1.943720211E2,2.275100389E-2,7.294163806E-4,1.580559066E-3,9.997396469E-1,1.773927020E2,1.829737014E-1,-7.944259121E-2,1.773925712E2
1.943770211E2,2.275870139E-2,7.247002795E-4,1.585007412E-3,9.997394681E-1,1.773918197E2,1.834716237E-1,-7.888929591E-2,1.773916895E2
1.943820211E2,2.276098518E-2,7.223041030E-4,1.590891741E-3,9.997394085E-1,1.773915580E2,1.841396742E-1,-7.859901823E-2,1.773914277E2
1.943870211E2,2.275590528E-2,7.262861473E-4,1.586831058E-3,9.997395277E-1,1.773921402E2,1.836844597E-1,-7.906673320E-2,1.773920095E2
1.943920211E2,2.275617983E-2,7.264640299E-4,1.582807396E-3,9.997395277E-1,1.773921088E2,1.832239861E-1,-7.909755421E-2,1.773919783E2
1.943970211E2,2.275872638E-2,7.239377592E-4,1.584996935E-3,9.997394681E-1,1.773918169E2,1.834684364E-1,-7.880196298E-2,1.773916867E2
1.944020211E2,2.276119468E-2,7.227751194E-4,1.587677165E-3,9.997394085E-1,1.773915340E2,1.837726508E-1,-7.866132492E-2,1.773914038E2
1.944070211E2,2.275857648E-2,7.243225118E-4,1.586972387E-3,9.997394681E-1,1.773918341E2,1.836957400E-1,-7.884091630E-2,1.773917037E2
1.944120211E2,2.275895163E-2,7.243999280E-4,1.581547782E-3,9.997394681E-1,1.773917911E2,1.830745175E-1,-7.886386431E-2,1.773916611E2
1.944170211E2,2.276132197E-2,7.227956667E-4,1.585841877E-3,9.997394085E-1,1.773915194E2,1.835624601E-1,-7.866844260E-2,1.773913894E2
1.944220211E2,2.275565881E-2,7.265839959E-4,1.590225496E-3,9.997395277E-1,1.773921685E2,1.840740910E-1,-7.909204873E-2,1.773920374E2
1.944270211E2,2.274232456E-2,7.358469884E-4,1.589358668E-3,9.997398257E-1,1.773936969E2,1.839978741E-1,-8.015794804E-2,1.773935642E2
1.944320211E2,2.274465265E-2,7.344057085E-4,1.594195957E-3,9.997397661E-1,1.773934300E2,1.845484740E-1,-7.997979565E-2,1.773932972E2
1.944370211E2,2.274717725E-2,7.321621524E-4,1.596583985E-3,9.997397065E-1,1.773931406E2,1.848164044E-1,-7.971607880E-2,1.773930081E2
1.944420211E2,2.274439406E-2,7.333414978E-4,1.598369679E-3,9.997397661E-1,1.773934597E2,1.850238297E-1,-7.984704690E-2,1.773933267E2
1.944470211E2,2.274198392E-2,7.357406430E-4,1.594274538E-3,9.997398257E-1,1.773937359E2,1.845607422E-1,-8.013301599E-2,1.773936028E2
1.944520211E2,2.274737727E-2,7.314255345E-4,1.594069880E-3,9.997397065E-1,1.773931177E2,1.845264787E-1,-7.963820731E-2,1.773929855E2
1.944570211E2,2.274471987E-2,7.348436629E-4,1.593034598E-3,9.997397661E-1,1.773934223E2,1.844165732E-1,-8.003298316E-2,1.773932895E2
1.944620211E2,2.272875555E-2,7.441712078E-4,1.592120272E-3,9.997401237E-1,1.773952522E2,1.843348455E-1,-8.110689011E-2,1.773951177E2
1.944670211E2,2.273450848E-2,7.410953986E-4,1.586261438E-3,9.997400045E-1,1.773945928E2,1.836560972E-1,-8.076872322E-2,1.773944593E2
1.944720211E2,2.274512889E-2,7.333772373E-4,1.587862149E-3,9.997397661E-1,1.773933754E2,1.838202164E-1,-7.987839355E-2,1.773932433E2
1.944770211E2,2.274232588E-2,7.365252823E-4,1.589025604E-3,9.997398257E-1,1.773936967E2,1.839614856E-1,-8.023652240E-2,1.773935639E2
1.944820211E2,2.273460972E-2,7.404944627E-4,1.585090533E-3,9.997400045E-1,1.773945812E2,1.835203982E-1,-8.070291091E-2,1.773944479E2
1.944870211E2,2.273977464E-2,7.379119634E-4,1.587392646E-3,9.997398853E-1,1.773939891E2,1.837778196E-1,-8.040010790E-2,1.773938562E2
1.944920211E2,2.274209101E-2,7.362705655E-4,1.592501299E-3,9.997398257E-1,1.773937236E2,1.843589860E-1,-8.019832649E-2,1.773935906E2
1.944970211E2,2.273396041E-2,7.411245606E-4,1.594083384E-3,9.997400045E-1,1.773946556E2,1.845522280E-1,-8.075178658E-2,1.773945215E2
1.945020211E2,2.273134531E-2,7.437255699E-4,1.592783025E-3,9.997400641E-1,1.773949553E2,1.844098210E-1,-8.105363308E-2,1.773948209E2
1.945070211E2,2.273414794E-2,7.414119900E-4,1.591272769E-3,9.997400045E-1,1.773946341E2,1.842310019E-1,-8.079200284E-2,1.773945002E2
1.945120211E2,2.273653859E-2,7.393782726E-4,1.595504466E-3,9.997399449E-1,1.773943601E2,1.847106879E-1,-8.054755002E-2,1.773942262E2
1.945170211E2,2.273701032E-2,7.396175642E-4,1.588656451E-3,9.997399449E-1,1.773943060E2,1.839268261E-1,-8.059271979E-2,1.773941726E2
1.945220211E2,2.273971435E-2,7.379074232E-4,1.588258194E-3,9.997398853E-1,1.773939961E2,1.838769620E-1,-8.039734330E-2,1.773938631E2
1.945270211E2,2.273713999E-2,7.389325183E-4,1.587118604E-3,9.997399449E-1,1.773942911E2,1.837488724E-1,-8.051822288E-2,1.773941580E2
1.945320211E2,2.273700166E-2,7.390916580E-4,1.589025138E-3,9.997399449E-1,1.773943070E2,1.839676926E-1,-8.053151197E-2,1.773941737E2
1.945370211E2,2.273135021E-2,7.433380815E-4,1.592893968E-3,9.997400641E-1,1.773949548E2,1.844215219E-1,-8.100895179E-2,1.773948204E2
1.945420211E2,2.274212790E-2,7.362546166E-4,1.591981738E-3,9.997398257E-1,1.773937194E2,1.842994253E-1,-8.019784663E-2,1.773935864E2
1.945470211E2,2.274441559E-2,7.345108315E-4,1.597526134E-3,9.997397661E-1,1.773934572E2,1.849302412E-1,-7.998320254E-2,1.773933241E2
1.945520211E2,2.274688213E-2,7.322913734E-4,1.600724063E-3,9.997397065E-1,1.773931745E2,1.852910140E-1,-7.972014505E-2,1.773930415E2
1.945570211E2,2.274414582E-2,7.334636175E-4,1.601842232E-3,9.997397661E-1,1.773934881E2,1.854219513E-1,-7.985203215E-2,1.773933549E2
1.945620211E2,2.274688691E-2,7.319561555E-4,1.600809395E-3,9.997397065E-1,1.773931739E2,1.852999163E-1,-7.968151856E-2,1.773930410E2
1.945670211E2,2.274927730E-2,7.305876934E-4,1.604685909E-3,9.997396469E-1,1.773928999E2,1.857406405E-1,-7.951419594E-2,1.773927670E2
1.945720211E2,2.274404092E-2,7.336894050E-4,1.603227691E-3,9.997397661E-1,1.773935001E2,1.855812526E-1,-7.987430715E-2,1.773933667E2
1.945770211E2,2.274139037E-2,7.365326164E-4,1.602355158E-3,9.997398257E-1,1.773938039E2,1.854884921E-1,-8.020279649E-2,1.773936701E2
1.945820211E2,2.273866458E-2,7.372651016E-4,1.603512792E-3,9.997398853E-1,1.773941164E2,1.856228033E-1,-8.028420049E-2,1.773939823E2
1.945870211E2,2.274092267E-2,7.361749304E-4,1.609142870E-3,9.997398257E-1,1.773938576E2,1.862651372E-1,-8.014421695E-2,1.773937232E2
1.945920211E2,2.273531837E-2,7.409101818E-4,1.612095628E-3,9.997399449E-1,1.773944999E2,1.866153008E-1,-8.068004691E-2,1.773943644E2
1.945970211E2,2.273304236E-2,7.413480198E-4,1.607019454E-3,9.997400045E-1,1.773947608E2,1.860347204E-1,-8.074385550E-2,1.773946256E2
1.946020211E2,2.273838500E-2,7.374735433E-4,1.607376849E-3,9.997398853E-1,1.773941484E2,1.860659988E-1,-8.029806302E-2,1.773940140E2
1.946070211E2,2.274446234E-2,7.337726420E-4,1.597199822E-3,9.997397661E-1,1.773934518E2,1.848909377E-1,-7.989947610E-2,1.773933189E2
1.946120211E2,2.273900533E-2,7.370063686E-4,1.598792733E-3,9.997398853E-1,1.773940773E2,1.850814162E-1,-8.026679599E-2,1.773939436E2
1.946170211E2,2.274369289E-2,7.346962811E-4,1.607697573E-3,9.997397661E-1,1.773935400E2,1.860959287E-1,-7.997807110E-2,1.773934061E2
1.946220211E2,2.274127269E-2,7.364943158E-4,1.604042016E-3,9.997398257E-1,1.773938174E2,1.856816329E-1,-8.019403442E-2,1.773936834E2
1.946270211E2,2.273847795E-2,7.384195924E-4,1.605626661E-3,9.997398853E-1,1.773941378E2,1.858679664E-1,-8.041098741E-2,1.773940033E2
1.946320211E2,2.273826687E-2,7.388317608E-4,1.608423889E-3,9.997398853E-1,1.773941620E2,1.861894800E-1,-8.045095653E-2,1.773940272E2
1.946370211E2,2.274116376E-2,7.369991508E-4,1.605353900E-3,9.997398257E-1,1.773938299E2,1.858332322E-1,-8.024847058E-2,1.773936957E2
1.946420211E2,2.274692412E-2,7.316751289E-4,1.600409159E-3,9.997397065E-1,1.773931697E2,1.852533348E-1,-7.965036007E-2,1.773930369E2
1.946470211E2,2.274662173E-2,7.317513810E-4,1.604666468E-3,9.997397065E-1,1.773932043E2,1.857412358E-1,-7.964805411E-2,1.773930712E2
1.946520211E2,2.274409232E-2,7.340026204E-4,1.602354925E-3,9.997397661E-1,1.773934942E2,1.854820873E-1,-7.991245492E-2,1.773933608E2
1.946570211E2,2.273920216E-2,7.378538721E-4,1.595599228E-3,9.997398853E-1,1.773940548E2,1.847177859E-1,-8.037217291E-2,1.773939212E2
1.946620211E2,2.273586563E-2,7.391129038E-4,1.605187776E-3,9.997399449E-1,1.773944372E2,1.858192832E-1,-8.049204360E-2,1.773943026E2
1.946670211E2,2.273561390E-2,7.391921827E-4,1.608712832E-3,9.997399449E-1,1.773944661E2,1.862233076E-1,-8.049198836E-2,1.773943312E2
1.946720211E2,2.273893393E-2,7.377908332E-4,1.599446288E-3,9.997398853E-1,1.773940855E2,1.851583276E-1,-8.035497584E-2,1.773939516E2
1.946770211E2,2.273878873E-2,7.378091104E-4,1.601500786E-3,9.997398853E-1,1.773941022E2,1.853937313E-1,-8.035174297E-2,1.773939681E2
1.946820211E2,2.273567667E-2,7.394662825E-4,1.607699553E-3,9.997399449E-1,1.773944589E2,1.861079434E-1,-8.052601811E-2,1.773943240E2
1.946870211E2,2.273350624E-2,7.424072828E-4,1.599952811E-3,9.997400045E-1,1.773947076E2,1.852279478E-1,-8.088353034E-2,1.773945728E2
1.946920211E2,2.273406579E-2,7.407459198E-4,1.592756016E-3,9.997400045E-1,1.773946435E2,1.843991838E-1,-8.071184749E-2,1.773945096E2
1.946970211E2,2.273913877E-2,7.371212705E-4,1.596840681E-3,9.997398853E-1,1.773940620E2,1.848580951E-1,-8.028502142E-2,1.773939285E2
1.947020211E2,2.273891037E-2,7.386626676E-4,1.599378884E-3,9.997398853E-1,1.773940882E2,1.851528758E-1,-8.045503477E-2,1.773939542E2
1.947070211E2,2.273421904E-2,7.404720527E-4,1.590694534E-3,9.997400045E-1,1.773946259E2,1.841623147E-1,-8.068581528E-2,1.773944923E2
1.947120211E2,2.273400294E-2,7.418917376E-4,1.593119698E-3,9.997400045E-1,1.773946507E2,1.844438284E-1,-8.084217857E-2,1.773945166E2
1.947170211E2,2.274686445E-2,7.330455701E-4,1.600630116E-3,9.997397065E-1,1.773931765E2,1.852822160E-1,-7.980679533E-2,1.773930434E2
1.947220211E2,2.273357546E-2,7.418169407E-4,1.599242911E-3,9.997400045E-1,1.773946997E2,1.851450875E-1,-8.081773629E-2,1.773945651E2
1.947270211E2,2.273386318E-2,7.409148966E-4,1.595566748E-3,9.997400045E-1,1.773946667E2,1.847216113E-1,-8.072392051E-2,1.773945326E2
1.947320211E2,2.273907043E-2,7.382441545E-4,1.597295050E-3,9.997398853E-1,1.773940699E2,1.849130695E-1,-8.041248965E-2,1.773939361E2
1.947370211E2,2.273591934E-2,7.391234394E-4,1.604421996E-3,9.997399449E-1,1.773944310E2,1.857315856E-1,-8.049523582E-2,1.773942965E2
1.947420211E2,2.273556517E-2,7.407296216E-4,1.608694438E-3,9.997399449E-1,1.773944716E2,1.862252026E-1,-8.066817715E-2,1.773943365E2
1.947470211E2,2.273862140E-2,7.380106254E-4,1.603782061E-3,9.997398853E-1,1.773941213E2,1.856555907E-1,-8.036891539E-2,1.773939871E2
1.947520211E2,2.274123158E-2,7.357630529E-4,1.604960184E-3,9.997398257E-1,1.773938221E2,1.857849109E-1,-8.010787444E-2,1.773936882E2
1.947570211E2,2.274648223E-2,7.319384604E-4,1.606557518E-3,9.997397065E-1,1.773932203E2,1.859583552E-1,-7.966458280E-2,1.773930870E2
1.947620211E2,2.274694982E-2,7.329288637E-4,1.599469921E-3,9.997397065E-1,1.773931667E2,1.851490041E-1,-7.979643376E-2,1.773930338E2
1.947670211E2,2.274461079E-2,7.344916230E-4,1.594753470E-3,9.997397661E-1,1.773934348E2,1.846125644E-1,-7.998819276E-2,1.773933019E2
1.947720211E2,2.274134721E-2,7.356171263E-4,1.603387878E-3,9.997398257E-1,1.773938089E2,1.856044132E-1,-8.009523293E-2,1.773936751E2
1.947770211E2,2.273598354E-2,7.406498771E-4,1.602807548E-3,9.997399449E-1,1.773944237E2,1.855506136E-1,-8.067430179E-2,1.773942890E2
1.947820211E2,2.273647372E-2,7.402907941E-4,1.596005633E-3,9.997399449E-1,1.773943675E2,1.847704754E-1,-8.065079631E-2,1.773942334E2
1.947870211E2,2.273911716E-2,7.380585303E-4,1.596715418E-3,9.997398853E-1,1.773940645E2,1.848461856E-1,-8.039272600E-2,1.773939308E2
1.947920211E2,2.274169766E-2,7.356803981E-4,1.598380506E-3,9.997398257E-1,1.773937687E2,1.850309508E-1,-8.011546632E-2,1.773936353E2
1.947970211E2,2.274166862E-2,7.357046125E-4,1.598782488E-3,9.997398257E-1,1.773937721E2,1.850770635E-1,-8.011719812E-2,1.773936386E2
1.948020211E2,2.274718620E-2,7.316911360E-4,1.596672460E-3,9.997397065E-1,1.773931396E2,1.848253131E-1,-7.966188603E-2,1.773930071E2
1.948070211E2,2.274441654E-2,7.345487829E-4,1.597495168E-3,9.997397661E-1,1.773934571E2,1.849267926E-1,-7.998763086E-2,1.773933240E2
1.948120211E2,2.273853922E-2,7.372317486E-4,1.605304773E-3,9.997398853E-1,1.773941308E2,1.858279996E-1,-8.027573327E-2,1.773939965E2
1.948170211E2,2.273572512E-2,7.391633699E-4,1.607153565E-3,9.997399449E-1,1.773944533E2,1.860446085E-1,-8.049272941E-2,1.773943185E2
1.948220211E2,2.273833079E-2,7.381254109E-4,1.607844490E-3,9.997398853E-1,1.773941546E2,1.861212672E-1,-8.037153368E-2,1.773940200E2
1.948270211E2,2.273835904E-2,7.383227348E-4,1.607354265E-3,9.997398853E-1,1.773941514E2,1.860656224E-1,-8.039541162E-2,1.773940168E2
1.948320211E2,2.273287701E-2,7.419175818E-4,1.609094325E-3,9.997400045E-1,1.773947798E2,1.862738926E-1,-8.080373100E-2,1.773946443E2
1.948370211E2,2.273854346E-2,7.383406046E-4,1.604735036E-3,9.997398853E-1,1.773941303E2,1.857656194E-1,-8.040424963E-2,1.773939959E2
1.948420211E2,2.274112432E-2,7.358018192E-4,1.606461476E-3,9.997398257E-1,1.773938344E2,1.859569946E-1,-8.010842302E-2,1.773937004E2
1.948470211E2,2.274061190E-2,7.363474579E-4,1.613450004E-3,9.997398257E-1,1.773938932E2,1.867589965E-1,-8.015281543E-2,1.773937584E2
1.948520211E2,2.273802979E-2,7.376850699E-4,1.612297143E-3,9.997398853E-1,1.773941891E2,1.866302010E-1,-8.030954107E-2,1.773940542E2
1.948570211E2,2.273294995E-2,7.412184495E-4,1.608385821E-3,9.997400045E-1,1.773947714E2,1.861909093E-1,-8.072546931E-2,1.773946361E2
1.948620211E2,2.274335567E-2,7.343566394E-4,1.612615772E-3,9.997397661E-1,1.773935787E2,1.866584558E-1,-7.992640544E-2,1.773934444E2
1.948670211E2,2.275363610E-2,7.269062917E-4,1.618765295E-3,9.997395277E-1,1.773924003E2,1.873443512E-1,-7.905492610E-2,1.773922670E2
1.948720211E2,2.274275525E-2,7.347674691E-4,1.620875322E-3,9.997397661E-1,1.773936475E2,1.876057105E-1,-7.995205634E-2,1.773935125E2
1.948770211E2,2.273781225E-2,7.389818784E-4,1.614769222E-3,9.997398853E-1,1.773942141E2,1.869167697E-1,-8.045170490E-2,1.773940787E2
1.948820211E2,2.274583797E-2,7.334809634E-4,1.614953740E-3,9.997397065E-1,1.773932942E2,1.869242141E-1,-7.981952878E-2,1.773931599E2
1.948870211E2,2.274537474E-2,7.331733359E-4,1.621603966E-3,9.997397065E-1,1.773933473E2,1.876852393E-1,-7.976703878E-2,1.773932125E2
1.948920211E2,2.273734154E-2,7.388784434E-4,1.621430973E-3,9.997398853E-1,1.773942680E2,1.876796469E-1,-8.042258503E-2,1.773941322E2
1.948970211E2,2.274505777E-2,7.338472060E-4,1.625739853E-3,9.997397065E-1,1.773933836E2,1.881607867E-1,-7.983351773E-2,1.773932484E2
1.949020211E2,2.275865830E-2,7.231332129E-4,1.623470569E-3,9.997394085E-1,1.773918247E2,1.878739530E-1,-7.860946271E-2,1.773916917E2
1.949070211E2,2.275035075E-2,7.290738286E-4,1.627133461E-3,9.997395873E-1,1.773927769E2,1.883084180E-1,-7.928204166E-2,1.773926425E2
1.949120211E2,2.274540194E-2,7.337389980E-4,1.620966475E-3,9.997397065E-1,1.773933441E2,1.876136838E-1,-7.983349859E-2,1.773932093E2
1.949170211E2,2.275357109E-2,7.279908168E-4,1.619191607E-3,9.997395277E-1,1.773924078E2,1.873960136E-1,-7.917807178E-2,1.773922742E2
1.949220211E2,2.275583122E-2,7.258047699E-4,1.625201781E-3,9.997394681E-1,1.773921487E2,1.880790295E-1,-7.891153765E-2,1.773920151E2
1.949270211E2,2.275020973E-2,7.290850044E-4,1.629099017E-3,9.997395873E-1,1.773927931E2,1.885336143E-1,-7.927822410E-2,1.773926585E2
1.949320211E2,2.275595308E-2,7.263345178E-4,1.623257645E-3,9.997394681E-1,1.773921348E2,1.878576964E-1,-7.897727345E-2,1.773920012E2
1.949370211E2,2.275848180E-2,7.246540627E-4,1.625265693E-3,9.997394085E-1,1.773918449E2,1.880835592E-1,-7.877904528E-2,1.773917115E2
1.949420211E2,2.275318859E-2,7.272996008E-4,1.624867320E-3,9.997395277E-1,1.773924516E2,1.880444024E-1,-7.908415736E-2,1.773923177E2
1.949470211E2,2.274819949E-2,7.306265179E-4,1.619875897E-3,9.997396469E-1,1.773930235E2,1.874808534E-1,-7.947924538E-2,1.773928893E2
1.949520211E2,2.275107246E-2,7.291004877E-4,1.616999041E-3,9.997395873E-1,1.773926942E2,1.871475241E-1,-7.931138248E-2,1.773925605E2
1.949570211E2,2.275645758E-2,7.251336938E-4,1.616708818E-3,9.997394681E-1,1.773920769E2,1.871043569E-1,-7.885668840E-2,1.773919441E2
1.949620211E2,2.276152985E-2,7.225867012E-4,1.620157855E-3,9.997393489E-1,1.773914955E2,1.874932416E-1,-7.855495469E-2,1.773913629E2
1.949670211E2,2.276974265E-2,7.171274628E-4,1.617518719E-3,9.997391701E-1,1.773905542E2,1.871772956E-1,-7.793488117E-2,1.773904228E2
1.949720211E2,2.276976188E-2,7.154907798E-4,1.617972739E-3,9.997391701E-1,1.773905520E2,1.872250394E-1,-7.774619166E-2,1.773904209E2
1.949770211E2,2.277491664E-2,7.118528010E-4,1.620682771E-3,9.997390509E-1,1.773899611E2,1.875264113E-1,-7.732138021E-2,1.773898305E2
1.949820211E2,2.277194047E-2,7.150263991E-4,1.624334138E-3,9.997391105E-1,1.773903023E2,1.879527719E-1,-7.767598266E-2,1.773901707E2
1.949870211E2,2.276158167E-2,7.218544488E-4,1.619756222E-3,9.997393489E-1,1.773914896E2,1.874453235E-1,-7.847210449E-2,1.773913571E2
1.949920211E2,2.275637681E-2,7.246186142E-4,1.618075999E-3,9.997394681E-1,1.773920862E2,1.872596344E-1,-7.879412973E-2,1.773919533E2
1.949970211E2,2.276103223E-2,7.222486311E-4,1.627283986E-3,9.997393489E-1,1.773915526E2,1.883087051E-1,-7.849773061E-2,1.773914194E2
1.950020211E2,2.275851041E-2,7.236361853E-4,1.625318662E-3,9.997394085E-1,1.773918416E2,1.880869747E-1,-7.866229194E-2,1.773917084E2
1.950070211E2,2.275650765E-2,7.245074958E-4,1.616284717E-3,9.997394681E-1,1.773920712E2,1.870541417E-1,-7.878604668E-2,1.773919385E2
1.950120211E2,2.276988512E-2,7.165145362E-4,1.615783782E-3,9.997391701E-1,1.773905378E2,1.869769491E-1,-7.786916366E-2,1.773904067E2
1.950170211E2,2.277224481E-2,7.146024727E-4,1.620249008E-3,9.997391105E-1,1.773902674E2,1.874836882E-1,-7.763802044E-2,1.773901363E2
1.950220211E2,2.275859035E-2,7.229280891E-4,1.624514116E-3,9.997394085E-1,1.773918325E2,1.879929635E-1,-7.858325449E-2,1.773916994E2
1.950270211E2,2.275941305E-2,7.235978846E-4,1.612646738E-3,9.997394085E-1,1.773917382E2,1.866352235E-1,-7.869078491E-2,1.773916059E2
1.950320211E2,2.276468897E-2,7.189860335E-4,1.614143024E-3,9.997392893E-1,1.773911334E2,1.867950240E-1,-7.815755485E-2,1.773910020E2
1.950370211E2,2.276147898E-2,7.222687709E-4,1.621014089E-3,9.997393489E-1,1.773915014E2,1.875905003E-1,-7.851630818E-2,1.773913687E2
1.950420211E2,2.276203060E-2,7.222321583E-4,1.613266184E-3,9.997393489E-1,1.773914381E2,1.867028318E-1,-7.853222047E-2,1.773913061E2
1.950470211E2,2.275939742E-2,7.238059770E-4,1.612773980E-3,9.997394085E-1,1.773917400E2,1.866503422E-1,-7.871429539E-2,1.773916077E2
1.950520211E2,2.276955155E-2,7.158667431E-4,1.620764029E-3,9.997391701E-1,1.773905761E2,1.875457801E-1,-7.778201864E-2,1.773904447E2
1.950570211E2,2.277461004E-2,7.132151513E-4,1.624388155E-3,9.997390509E-1,1.773899963E2,1.879544399E-1,-7.746784017E-2,1.773898651E2
1.950620211E2,2.276693920E-2,7.186777075E-4,1.619451214E-3,9.997392297E-1,1.773908755E2,1.874025126E-1,-7.810796280E-2,1.773907437E2
1.950670211E2,2.276678387E-2,7.178673404E-4,1.621992444E-3,9.997392297E-1,1.773908933E2,1.876915146E-1,-7.800852476E-2,1.773907614E2
1.950720211E2,2.276383162E-2,7.198054227E-4,1.625826699E-3,9.997392893E-1,1.773912317E2,1.881356009E-1,-7.822110674E-2,1.773910992E2
1.950770211E2,2.275852334E-2,7.238527760E-4,1.625041128E-3,9.997394085E-1,1.773918401E2,1.880557458E-1,-7.868782635E-2,1.773917069E2
1.950820211E2,2.276139229E-2,7.210952463E-4,1.622752869E-3,9.997393489E-1,1.773915113E2,1.877866303E-1,-7.837734799E-2,1.773913787E2
1.950870211E2,2.276643306E-2,7.183381822E-4,1.626701094E-3,9.997392297E-1,1.773909335E2,1.882321486E-1,-7.805024630E-2,1.773908012E2
1.950920211E2,2.276126675E-2,7.210776093E-4,1.624520635E-3,9.997393489E-1,1.773915257E2,1.879890935E-1,-7.837074003E-2,1.773913930E2
1.950970211E2,2.275875853E-2,7.241340936E-4,1.621618285E-3,9.997394085E-1,1.773918132E2,1.876643699E-1,-7.872893746E-2,1.773916801E2
1.951020211E2,2.275391671E-2,7.272926159E-4,1.614642097E-3,9.997395277E-1,1.773923682E2,1.868730186E-1,-7.910988292E-2,1.773922351E2
1.951070211E2,2.275393305E-2,7.279914571E-4,1.614096807E-3,9.997395277E-1,1.773923663E2,1.868123728E-1,-7.919136221E-2,1.773922331E2
1.951120211E2,2.275662762E-2,7.259507547E-4,1.613946282E-3,9.997394681E-1,1.773920574E2,1.867900194E-1,-7.895746480E-2,1.773919246E2
1.951170211E2,2.275393932E-2,7.266680477E-4,1.614604727E-3,9.997395277E-1,1.773923656E2,1.868671105E-1,-7.903842450E-2,1.773922326E2
1.951220211E2,2.274581658E-2,7.328369538E-4,1.615547226E-3,9.997397065E-1,1.773932966E2,1.869905245E-1,-7.974420690E-2,1.773931624E2
1.951270211E2,2.275381439E-2,7.271817303E-4,1.616133377E-3,9.997395277E-1,1.773923799E2,1.870435655E-1,-7.909331024E-2,1.773922467E2
1.951320211E2,2.276144127E-2,7.217977545E-4,1.621753210E-3,9.997393489E-1,1.773915057E2,1.876739438E-1,-7.846042687E-2,1.773913731E2
1.951370211E2,2.276144161E-2,7.211439079E-4,1.622039243E-3,9.997393489E-1,1.773915057E2,1.877050066E-1,-7.838477491E-2,1.773913731E2
1.951420211E2,2.276127056E-2,7.219061372E-4,1.624099212E-3,9.997393489E-1,1.773915253E2,1.879429760E-1,-7.846675614E-2,1.773913924E2
1.951470211E2,2.277150318E-2,7.154201157E-4,1.630280283E-3,9.997391105E-1,1.773903524E2,1.886349682E-1,-7.770565291E-2,1.773902203E2
1.951520211E2,2.276089892E-2,7.214431535E-4,1.629504259E-3,9.997393489E-1,1.773915679E2,1.885609526E-1,-7.839968756E-2,1.773914347E2
1.951570211E2,2.275849883E-2,7.239234401E-4,1.625352888E-3,9.997394085E-1,1.773918430E2,1.880916441E-1,-7.869511327E-2,1.773917097E2
1.951620211E2,2.275564338E-2,7.249037153E-4,1.628231141E-3,9.997394681E-1,1.773921703E2,1.884237146E-1,-7.880044680E-2,1.773920365E2
1.951670211E2,2.275530356E-2,7.262617582E-4,1.632369938E-3,9.997394681E-1,1.773922092E2,1.889013789E-1,-7.894529787E-2,1.773920749E2
1.951720211E2,2.274220559E-2,7.348125800E-4,1.628549071E-3,9.997397661E-1,1.773937105E2,1.884849053E-1,-7.993732812E-2,1.773935749E2
1.951770211E2,2.274494301E-2,7.339472068E-4,1.627299585E-3,9.997397065E-1,1.773933967E2,1.883397246E-1,-7.984093012E-2,1.773932614E2
1.951820211E2,2.274731309E-2,7.315956755E-4,1.631841878E-3,9.997396469E-1,1.773931251E2,1.888541581E-1,-7.955924723E-2,1.773929898E2
1.951870211E2,2.275238696E-2,7.275033277E-4,1.635963330E-3,9.997395277E-1,1.773925435E2,1.893160528E-1,-7.907871604E-2,1.773924087E2
1.951920211E2,2.274970235E-2,7.299478166E-4,1.635784400E-3,9.997395873E-1,1.773928512E2,1.893017154E-1,-7.935973586E-2,1.773927159E2
1.951970211E2,2.274203998E-2,7.356306305E-4,1.630491228E-3,9.997397661E-1,1.773937295E2,1.887095219E-1,-8.002601504E-2,1.773935935E2
1.952020211E2,2.274192649E-2,7.345185732E-4,1.632574131E-3,9.997397661E-1,1.773937425E2,1.889452362E-1,-7.989320878E-2,1.773936066E2
1.952070211E2,2.274451894E-2,7.338313153E-4,1.633268083E-3,9.997397065E-1,1.773934453E2,1.890231524E-1,-7.981217657E-2,1.773933095E2
1.952120211E2,2.273704834E-2,7.392205880E-4,1.625381759E-3,9.997398853E-1,1.773943016E2,1.881331256E-1,-8.045154256E-2,1.773941654E2
1.952170211E2,2.273719585E-2,7.380305324E-4,1.623858232E-3,9.997398853E-1,1.773942847E2,1.879554977E-1,-8.031914963E-2,1.773941488E2
1.952220211E2,2.274804860E-2,7.316605770E-4,1.621527248E-3,9.997396469E-1,1.773930408E2,1.876727197E-1,-7.959343246E-2,1.773929063E2
1.952270211E2,2.274009045E-2,7.360767922E-4,1.620905707E-3,9.997398257E-1,1.773939529E2,1.876123907E-1,-8.010247562E-2,1.773938177E2
1.952320211E2,2.273512580E-2,7.394171553E-4,1.615493326E-3,9.997399449E-1,1.773945220E2,1.870006426E-1,-8.050018670E-2,1.773943865E2
1.952370211E2,2.274292077E-2,7.338463329E-4,1.618969021E-3,9.997397661E-1,1.773936285E2,1.873849328E-1,-7.985146663E-2,1.773934938E2
1.952420211E2,2.274269957E-2,7.348842337E-4,1.621603500E-3,9.997397661E-1,1.773936539E2,1.876894320E-1,-7.996354572E-2,1.773935188E2
1.952470211E2,2.273206015E-2,7.424610667E-4,1.620344468E-3,9.997400045E-1,1.773948734E2,1.875640836E-1,-8.083683872E-2,1.773947369E2
1.952520211E2,2.273490837E-2,7.406083168E-4,1.618005685E-3,9.997399449E-1,1.773945469E2,1.872915501E-1,-8.063014338E-2,1.773944110E2
1.952570211E2,2.273750111E-2,7.387836813E-4,1.619234914E-3,9.997398853E-1,1.773942497E2,1.874278275E-1,-8.041742116E-2,1.773941141E2
1.952620211E2,2.273474100E-2,7.396063884E-4,1.620813273E-3,9.997399449E-1,1.773945661E2,1.876105694E-1,-8.050807725E-2,1.773944302E2
1.952670211E2,2.272688899E-2,7.456320454E-4,1.617874019E-3,9.997401237E-1,1.773954661E2,1.872889048E-1,-8.120751619E-2,1.773953293E2
1.952720211E2,2.272697178E-2,7.454495644E-4,1.616794849E-3,9.997401237E-1,1.773954566E2,1.871648041E-1,-8.118940597E-2,1.773953199E2
1.952770211E2,2.272965401E-2,7.432362763E-4,1.616964233E-3,9.997400641E-1,1.773951492E2,1.871786613E-1,-8.093490430E-2,1.773950129E2
1.952820211E2,2.272688519E-2,7.456765743E-4,1.617906848E-3,9.997401237E-1,1.773954665E2,1.872927815E-1,-8.121253270E-2,1.773953297E2
1.952870211E2,2.272718236E-2,7.459095796E-4,1.613619388E-3,9.997401237E-1,1.773954325E2,1.868022317E-1,-8.125033716E-2,1.773952959E2
1.952920211E2,2.273014238E-2,7.428201498E-4,1.610276639E-3,9.997400641E-1,1.773950932E2,1.864114714E-1,-8.090456064E-2,1.773949575E2
1.952970211E2,2.272737163E-2,7.463815273E-4,1.610732870E-3,9.997401237E-1,1.773954108E2,1.864727906E-1,-8.131188694E-2,1.773952744E2
1.953020211E2,2.272186063E-2,7.502058870E-4,1.612715307E-3,9.997402430E-1,1.773960425E2,1.867094139E-1,-8.174587855E-2,1.773959052E2
1.953070211E2,2.272190612E-2,7.498604245E-4,1.612234977E-3,9.997402430E-1,1.773960373E2,1.866534903E-1,-8.170754396E-2,1.773959000E2
1.953120211E2,2.271923989E-2,7.505822578E-4,1.612512628E-3,9.997403026E-1,1.773963429E2,1.866869602E-1,-8.179001341E-2,1.773962055E2
1.953170211E2,2.272679228E-2,7.455804152E-4,1.619255752E-3,9.997401237E-1,1.773954772E2,1.874470569E-1,-8.119802081E-2,1.773953402E2
1.953220211E2,2.272392989E-2,7.485493552E-4,1.621256582E-3,9.997401834E-1,1.773958053E2,1.876837762E-1,-8.153347433E-2,1.773956676E2
1.953270211E2,2.272457506E-2,7.477301988E-4,1.612568274E-3,9.997401834E-1,1.773957313E2,1.866863436E-1,-8.146213512E-2,1.773955945E2
1.953320211E2,2.272968516E-2,7.436174201E-4,1.616351074E-3,9.997400641E-1,1.773951456E2,1.871094118E-1,-8.098016013E-2,1.773950093E2
1.953370211E2,2.272940817E-2,7.444745861E-4,1.619847841E-3,9.997400641E-1,1.773951774E2,1.875122196E-1,-8.106930231E-2,1.773950406E2
1.953420211E2,2.272418047E-2,7.468247786E-4,1.618537353E-3,9.997401834E-1,1.773957766E2,1.873677842E-1,-8.134293788E-2,1.773956394E2
1.953470211E2,2.272990525E-2,7.434807485E-4,1.613316126E-3,9.997400641E-1,1.773951204E2,1.867613834E-1,-8.097236701E-2,1.773949843E2
1.953520211E2,2.274298189E-2,7.338192081E-4,1.618122566E-3,9.997397661E-1,1.773936215E2,1.872878952E-1,-7.985055382E-2,1.773934869E2
1.953570211E2,2.274045186E-2,7.373520639E-4,1.615245943E-3,9.997398257E-1,1.773939115E2,1.869673486E-1,-8.026325457E-2,1.773937765E2
1.953620211E2,2.273777388E-2,7.388162776E-4,1.615385292E-3,9.997398853E-1,1.773942185E2,1.869869134E-1,-8.043113526E-2,1.773940831E2
1.953670211E2,2.273778636E-2,7.385514909E-4,1.615330693E-3,9.997398853E-1,1.773942170E2,1.869799694E-1,-8.040094075E-2,1.773940817E2
1.953720211E2,2.273771679E-2,7.374650449E-4,1.616805675E-3,9.997398853E-1,1.773942250E2,1.871461097E-1,-8.027264521E-2,1.773940898E2
1.953770211E2,2.273525758E-2,7.405325887E-4,1.613126136E-3,9.997399449E-1,1.773945069E2,1.867323693E-1,-8.063411562E-2,1.773943714E2
1.953820211E2,2.274064065E-2,7.369872765E-4,1.612752560E-3,9.997398257E-1,1.773938899E2,1.866807656E-1,-8.022792638E-2,1.773937551E2
1.953870211E2,2.274565892E-2,7.329817745E-4,1.617699862E-3,9.997397065E-1,1.773933147E2,1.872375000E-1,-7.975521625E-2,1.773931803E2
1.953920211E2,2.274812784E-2,7.318537682E-4,1.620328054E-3,9.997396469E-1,1.773930317E2,1.875358474E-1,-7.961867607E-2,1.773928973E2
1.953970211E2,2.274612365E-2,7.331318920E-4,1.611083862E-3,9.997397065E-1,1.773932614E2,1.864799854E-1,-7.978957255E-2,1.773931275E2
1.954020211E2,2.274639752E-2,7.329856162E-4,1.607279293E-3,9.997397065E-1,1.773932300E2,1.860437664E-1,-7.978268115E-2,1.773930964E2
1.954070211E2,2.274878135E-2,7.305019535E-4,1.611740328E-3,9.997396469E-1,1.773929568E2,1.865485469E-1,-7.948607501E-2,1.773928233E2
1.954120211E2,2.274107541E-2,7.358490839E-4,1.607132144E-3,9.997398257E-1,1.773938400E2,1.860339471E-1,-8.011209903E-2,1.773937059E2
1.954170211E2,2.273591086E-2,7.401530747E-4,1.604067511E-3,9.997399449E-1,1.773944320E2,1.856936573E-1,-8.061411788E-2,1.773942973E2
1.954220211E2,2.274117868E-2,7.361110765E-4,1.605550060E-3,9.997398257E-1,1.773938282E2,1.858533913E-1,-8.014621721E-2,1.773936942E2
1.954270211E2,2.274113593E-2,7.359473966E-4,1.606230391E-3,9.997398257E-1,1.773938331E2,1.859309014E-1,-8.012570069E-2,1.773936990E2
1.954320211E2,2.273306647E-2,7.416672306E-4,1.606531092E-3,9.997400045E-1,1.773947580E2,1.859796062E-1,-8.078169264E-2,1.773946229E2
1.954370211E2,2.273295581E-2,7.424840005E-4,1.607719227E-3,9.997400045E-1,1.773947707E2,1.861178406E-1,-8.087218861E-2,1.773946353E2
1.954420211E2,2.273285254E-2,7.422044291E-4,1.609307714E-3,9.997400045E-1,1.773947826E2,1.862990844E-1,-8.083604141E-2,1.773946471E2
1.954470211E2,2.273263846E-2,7.410331164E-4,1.612867578E-3,9.997400045E-1,1.773948071E2,1.867038411E-1,-8.069261975E-2,1.773946715E2
1.954520211E2,2.273268378E-2,7.415978471E-4,1.611968968E-3,9.997400045E-1,1.773948019E2,1.866023694E-1,-8.075964884E-2,1.773946663E2
1.954570211E2,2.273021429E-2,7.436386659E-4,1.608883147E-3,9.997400641E-1,1.773950850E2,1.862539681E-1,-8.100194774E-2,1.773949492E2
1.954620211E2,2.274363367E-2,7.349739317E-4,1.608408289E-3,9.997397661E-1,1.773935468E2,1.861780688E-1,-8.000803788E-2,1.773934128E2
1.954670211E2,2.273563234E-2,7.403118070E-4,1.607937273E-3,9.997399449E-1,1.773944639E2,1.861373768E-1,-8.062227180E-2,1.773943289E2
1.954720211E2,2.273019641E-2,7.442355272E-4,1.608859748E-3,9.997400641E-1,1.773950870E2,1.862528408E-1,-8.107038955E-2,1.773949512E2
1.954770211E2,2.273021038E-2,7.432976854E-4,1.609095954E-3,9.997400641E-1,1.773950854E2,1.862774591E-1,-8.096233080E-2,1.773949497E2
1.954820211E2,2.273508533E-2,7.398345624E-4,1.615871792E-3,9.997399449E-1,1.773945266E2,1.870450849E-1,-8.054702714E-2,1.773943910E2
1.954870211E2,2.272452890E-2,7.467739051E-4,1.613661530E-3,9.997401834E-1,1.773957366E2,1.868090951E-1,-8.134974194E-2,1.773955999E2
1.954920211E2,2.272444480E-2,7.481165812E-4,1.614223816E-3,9.997401834E-1,1.773957463E2,1.868770019E-1,-8.150211281E-2,1.773956092E2
1.954970211E2,2.273227891E-2,7.418456953E-4,1.617554924E-3,9.997400045E-1,1.773948483E2,1.872429218E-1,-8.077356657E-2,1.773947122E2
1.955020211E2,2.273748729E-2,7.383823977E-4,1.619612100E-3,9.997398853E-1,1.773942513E2,1.874699919E-1,-8.037046916E-2,1.773941157E2
1.955070211E2,2.272948927E-2,7.444734802E-4,1.618709881E-3,9.997400641E-1,1.773951681E2,1.873818561E-1,-8.107212449E-2,1.773950314E2
1.955120211E2,2.272717300E-2,7.463210495E-4,1.613560948E-3,9.997401237E-1,1.773954336E2,1.867966077E-1,-8.129762987E-2,1.773952969E2
1.955170211E2,2.273798364E-2,7.382328040E-4,1.612697146E-3,9.997398853E-1,1.773941944E2,1.866774499E-1,-8.037125679E-2,1.773940594E2
1.955220211E2,2.273246872E-2,7.427840028E-4,1.614453853E-3,9.997400045E-1,1.773948266E2,1.868901162E-1,-8.088910379E-2,1.773946905E2
1.955270211E2,2.273246464E-2,7.415231084E-4,1.615090761E-3,9.997400045E-1,1.773948270E2,1.869597964E-1,-8.074299501E-2,1.773946912E2
1.955320211E2,2.273534582E-2,7.394210552E-4,1.612392254E-3,9.997399449E-1,1.773944968E2,1.866454050E-1,-8.050867192E-2,1.773943616E2
1.955370211E2,2.273516394E-2,7.409372483E-4,1.614259672E-3,9.997399449E-1,1.773945176E2,1.868632765E-1,-8.067753834E-2,1.773943820E2
1.955420211E2,2.272969645E-2,7.445930969E-4,1.615743036E-3,9.997400641E-1,1.773951443E2,1.870422964E-1,-8.109351713E-2,1.773950078E2
1.955470211E2,2.272703045E-2,7.464772207E-4,1.615495421E-3,9.997401237E-1,1.773954499E2,1.870186204E-1,-8.131050949E-2,1.773953131E2
1.955520211E2,2.272688567E-2,7.464343216E-4,1.617550733E-3,9.997401237E-1,1.773954665E2,1.872539580E-1,-8.130026902E-2,1.773953295E2
1.955570211E2,2.272666751E-2,7.461816422E-4,1.620729337E-3,9.997401237E-1,1.773954915E2,1.876174299E-1,-8.126308402E-2,1.773953543E2
1.955620211E2,2.271850150E-2,7.518862840E-4,1.622278825E-3,9.997403026E-1,1.773964275E2,1.878091325E-1,-8.191411676E-2,1.773962891E2
1.955670211E2,2.271582366E-2,7.530387375E-4,1.622510841E-3,9.997403622E-1,1.773967344E2,1.878384936E-1,-8.204604304E-2,1.773965958E2
1.955720211E2,2.272123833E-2,7.500323118E-4,1.621539472E-3,9.997402430E-1,1.773961138E2,1.877198268E-1,-8.170313328E-2,1.773959758E2
1.955770211E2,2.272341788E-2,7.472109282E-4,1.629031613E-3,9.997401834E-1,1.773958640E2,1.885709733E-1,-8.135999120E-2,1.773957259E2
1.955820211E2,2.271835594E-2,7.522234228E-4,1.624159864E-3,9.997403026E-1,1.773964442E2,1.880254943E-1,-8.194787011E-2,1.773963055E2
1.955870211E2,2.271875523E-2,7.504331297E-4,1.619395800E-3,9.997403026E-1,1.773963984E2,1.874750837E-1,-8.175509906E-2,1.773962605E2
1.955920211E2,2.272442517E-2,7.480255445E-4,1.614542329E-3,9.997401834E-1,1.773957485E2,1.869132527E-1,-8.149085768E-2,1.773956115E2
1.955970211E2,2.271902320E-2,7.508224226E-4,1.615451067E-3,9.997403026E-1,1.773963677E2,1.870242019E-1,-8.180991723E-2,1.773962300E2
1.956020211E2,2.271619769E-2,7.522426895E-4,1.617636182E-3,9.997403622E-1,1.773966916E2,1.872780001E-1,-8.196746587E-2,1.773965535E2
1.956070211E2,2.272693997E-2,7.464908413E-4,1.616761554E-3,9.997401237E-1,1.773954603E2,1.871636995E-1,-8.130878923E-2,1.773953233E2
1.956120211E2,2.272986512E-2,7.434919826E-4,1.613876200E-3,9.997400641E-1,1.773951250E2,1.868255727E-1,-8.097220263E-2,1.773949889E2
1.956170211E2,2.272159486E-2,7.490338758E-4,1.616998925E-3,9.997402430E-1,1.773960729E2,1.871970808E-1,-8.160050654E-2,1.773959355E2
1.956220211E2,2.272479418E-2,7.480956847E-4,1.609307481E-3,9.997401834E-1,1.773957062E2,1.863137497E-1,-8.151245673E-2,1.773955696E2
1.956270211E2,2.271151069E-2,7.559584337E-4,1.608012943E-3,9.997404814E-1,1.773972288E2,1.861848279E-1,-8.241907279E-2,1.773970908E2
1.956320211E2,2.271101326E-2,7.573775365E-4,1.614358276E-3,9.997404814E-1,1.773972858E2,1.869154163E-1,-8.256522593E-2,1.773971470E2
1.956370211E2,2.270543630E-2,7.600683603E-4,1.617714064E-3,9.997406006E-1,1.773979250E2,1.873064046E-1,-8.286580273E-2,1.773977854E2
1.956420211E2,2.270033000E-2,7.643187419E-4,1.613697037E-3,9.997407198E-1,1.773985103E2,1.868568397E-1,-8.336414115E-2,1.773983703E2
1.956470211E2,2.270064709E-2,7.632974302E-4,1.609714935E-3,9.997407198E-1,1.773984740E2,1.863980103E-1,-8.325743771E-2,1.773983344E2
1.956520211E2,2.270597930E-2,7.609057357E-4,1.609678962E-3,9.997406006E-1,1.773978628E2,1.863881093E-1,-8.298254009E-2,1.773977237E2
1.956570211E2,2.270317312E-2,7.630697801E-4,1.611215877E-3,9.997406602E-1,1.773981845E2,1.865695797E-1,-8.322698165E-2,1.773980448E2
1.956620211E2,2.270037056E-2,7.649352192E-4,1.612834050E-3,9.997407198E-1,1.773985057E2,1.867595813E-1,-8.343700337E-2,1.773983656E2
1.956670211E2,2.270582728E-2,7.612265763E-4,1.611670479E-3,9.997406006E-1,1.773978802E2,1.866170843E-1,-8.301414254E-2,1.773977409E2
1.956720211E2,2.270019786E-2,7.632691413E-4,1.616050955E-3,9.997407198E-1,1.773985255E2,1.871237682E-1,-8.323779814E-2,1.773983854E2
1.956770211E2,2.270310581E-2,7.613794878E-4,1.612963038E-3,9.997406602E-1,1.773981922E2,1.867653347E-1,-8.302880549E-2,1.773980527E2
1.956820211E2,2.270576797E-2,7.610568427E-4,1.612585969E-3,9.997406006E-1,1.773978870E2,1.867215183E-1,-8.299232648E-2,1.773977477E2
1.956870211E2,2.270788537E-2,7.580250967E-4,1.621128758E-3,9.997405410E-1,1.773976443E2,1.876924849E-1,-8.262237779E-2,1.773975048E2
1.956920211E2,2.271007355E-2,7.574597839E-4,1.627486083E-3,9.997404814E-1,1.773973935E2,1.884195037E-1,-8.254065858E-2,1.773972536E2
1.956970211E2,2.271055446E-2,7.576823700E-4,1.620657393E-3,9.997404814E-1,1.773973384E2,1.876378127E-1,-8.258384005E-2,1.773971990E2
1.957020211E2,2.271332036E-2,7.548367139E-4,1.619992196E-3,9.997404218E-1,1.773970214E2,1.875544270E-1,-8.225904869E-2,1.773968826E2
1.957070211E2,2.271852788E-2,7.523025852E-4,1.621716307E-3,9.997403026E-1,1.773964245E2,1.877457752E-1,-8.196326855E-2,1.773962860E2
1.957120211E2,2.271324738E-2,7.558856742E-4,1.620526309E-3,9.997404218E-1,1.773970297E2,1.876183408E-1,-8.237784299E-2,1.773968907E2
1.957170211E2,2.271082346E-2,7.566859131E-4,1.617350033E-3,9.997404814E-1,1.773973076E2,1.872563428E-1,-8.247824136E-2,1.773971686E2
1.957220211E2,2.272178274E-2,7.502326625E-4,1.613799948E-3,9.997402430E-1,1.773960514E2,1.868337361E-1,-8.174613629E-2,1.773959140E2
1.957270211E2,2.272675684E-2,7.460293709E-4,1.619546325E-3,9.997401237E-1,1.773954813E2,1.874815121E-1,-8.124870387E-2,1.773953442E2
1.957320211E2,2.271853466E-2,7.506824331E-4,1.622371958E-3,9.997403026E-1,1.773964237E2,1.878166701E-1,-8.177595268E-2,1.773962855E2
1.957370211E2,2.272429838E-2,7.477948093E-4,1.616432681E-3,9.997401834E-1,1.773957631E2,1.871292043E-1,-8.145952517E-2,1.773956259E2
1.957420211E2,2.273208677E-2,7.423335337E-4,1.620029449E-3,9.997400045E-1,1.773948703E2,1.875276641E-1,-8.082304396E-2,1.773947339E2
1.957470211E2,2.272405900E-2,7.484263042E-4,1.619502786E-3,9.997401834E-1,1.773957905E2,1.874825474E-1,-8.152392026E-2,1.773956530E2
1.957520211E2,2.272696957E-2,7.448521210E-4,1.617101138E-3,9.997401237E-1,1.773954569E2,1.871983369E-1,-8.112016446E-2,1.773953202E2
1.957570211E2,2.273530725E-2,7.403870113E-4,1.612492721E-3,9.997399449E-1,1.773945012E2,1.866594285E-1,-8.061907904E-2,1.773943658E2
1.957620211E2,2.273494788E-2,7.396222791E-4,1.617901493E-3,9.997399449E-1,1.773945424E2,1.872770476E-1,-8.051744516E-2,1.773944067E2
1.957670211E2,2.272703301E-2,7.451627753E-4,1.616066205E-3,9.997401237E-1,1.773954496E2,1.870805871E-1,-8.115843715E-2,1.773953130E2
1.957720211E2,2.272200317E-2,7.501436630E-4,1.610734733E-3,9.997402430E-1,1.773960261E2,1.864823646E-1,-8.174388063E-2,1.773958890E2
1.957770211E2,2.271949014E-2,7.505931426E-4,1.608977793E-3,9.997403026E-1,1.773963142E2,1.862820505E-1,-8.180041698E-2,1.773961771E2
1.957820211E2,2.272473786E-2,7.472680300E-4,1.610486885E-3,9.997401834E-1,1.773957127E2,1.864467046E-1,-8.141457817E-2,1.773955761E2
1.957870211E2,2.272223923E-2,7.498711348E-4,1.607528538E-3,9.997402430E-1,1.773959991E2,1.861143654E-1,-8.172096393E-2,1.773958623E2
1.957920211E2,2.271966272E-2,7.512394222E-4,1.606236910E-3,9.997403026E-1,1.773962944E2,1.859697459E-1,-8.188156004E-2,1.773961574E2
1.957970211E2,2.271940906E-2,7.508334238E-4,1.610010280E-3,9.997403026E-1,1.773963235E2,1.864009536E-1,-8.182527097E-2,1.773961863E2
1.958020211E2,2.271673875E-2,7.520267391E-4,1.610121108E-3,9.997403622E-1,1.773966295E2,1.864165385E-1,-8.196218874E-2,1.773964921E2
1.958070211E2,2.270867257E-2,7.585673593E-4,1.609808765E-3,9.997405410E-1,1.773975541E2,1.863971175E-1,-8.271381138E-2,1.773974154E2
1.958120211E2,2.271158397E-2,7.565700216E-4,1.606689766E-3,9.997404814E-1,1.773972204E2,1.860348398E-1,-8.249256763E-2,1.773970824E2
1.958170211E2,2.271969196E-2,7.509144489E-4,1.605975325E-3,9.997403026E-1,1.773962910E2,1.859389344E-1,-8.184500612E-2,1.773961541E2
1.958220211E2,2.271956886E-2,7.515080506E-4,1.607438433E-3,9.997403026E-1,1.773963052E2,1.861080868E-1,-8.190922376E-2,1.773961680E2
1.958270211E2,2.270930567E-2,7.587087457E-4,1.600785879E-3,9.997405410E-1,1.773974815E2,1.853638558E-1,-8.275337233E-2,1.773973436E2
1.958320211E2,2.270660948E-2,7.599683013E-4,1.601210213E-3,9.997406006E-1,1.773977906E2,1.854155231E-1,-8.289706512E-2,1.773976524E2
1.958370211E2,2.271440540E-2,7.553366595E-4,1.604471589E-3,9.997404218E-1,1.773968970E2,1.857777424E-1,-8.235652031E-2,1.773967594E2
1.958420211E2,2.270580208E-2,7.608680171E-4,1.612194697E-3,9.997406006E-1,1.773978831E2,1.866762047E-1,-8.297170599E-2,1.773977438E2
1.958470211E2,2.269507226E-2,7.669737097E-4,1.612536260E-3,9.997408390E-1,1.773991130E2,1.867303258E-1,-8.367230100E-2,1.773989725E2
1.958520211E2,2.269509451E-2,7.678379188E-4,1.611811575E-3,9.997408390E-1,1.773991104E2,1.866495540E-1,-8.377318707E-2,1.773989698E2
1.958570211E2,2.270017282E-2,7.646338781E-4,1.615757472E-3,9.997407198E-1,1.773985284E2,1.870936946E-1,-8.339491314E-2,1.773983880E2
1.958620211E2,2.270001719E-2,7.649884792E-4,1.617774833E-3,9.997407198E-1,1.773985462E2,1.873257176E-1,-8.343031812E-2,1.773984056E2
1.958670211E2,2.270047303E-2,7.644314901E-4,1.611630199E-3,9.997407198E-1,1.773984939E2,1.866203634E-1,-8.338240779E-2,1.773983540E2
1.958720211E2,2.271440847E-2,7.539607468E-4,1.605075086E-3,9.997404218E-1,1.773968966E2,1.858432988E-1,-8.219732169E-2,1.773967592E2
1.958770211E2,2.271686376E-2,7.523601525E-4,1.608200488E-3,9.997403622E-1,1.773966152E2,1.861973864E-1,-8.200536186E-2,1.773964779E2
1.958820211E2,2.271390647E-2,7.540771621E-4,1.612109016E-3,9.997404218E-1,1.773969542E2,1.866493833E-1,-8.219244270E-2,1.773968162E2
1.958870211E2,2.271430711E-2,7.539935177E-4,1.606493490E-3,9.997404218E-1,1.773969083E2,1.860058713E-1,-8.219740271E-2,1.773967707E2
1.958920211E2,2.271437694E-2,7.549992879E-4,1.605033176E-3,9.997404218E-1,1.773969003E2,1.858411985E-1,-8.231641385E-2,1.773967627E2
1.958970211E2,2.271106673E-2,7.568663568E-4,1.613845699E-3,9.997404814E-1,1.773972797E2,1.868553682E-1,-8.250798828E-2,1.773971410E2
1.959020211E2,2.270841823E-2,7.587421569E-4,1.613310305E-3,9.997405410E-1,1.773975833E2,1.867986956E-1,-8.272477176E-2,1.773974443E2
1.959070211E2,2.270297206E-2,7.630650070E-4,1.614048728E-3,9.997406602E-1,1.773982075E2,1.868940883E-1,-8.321910210E-2,1.773980676E2
1.959120211E2,2.270555523E-2,7.608047454E-4,1.615697402E-3,9.997406006E-1,1.773979114E2,1.870772973E-1,-8.295538949E-2,1.773977718E2
1.959170211E2,2.270567722E-2,7.601188263E-4,1.614305191E-3,9.997406006E-1,1.773978974E2,1.869160276E-1,-8.288040904E-2,1.773977581E2
1.959220211E2,2.270549532E-2,7.611454930E-4,1.616378664E-3,9.997406006E-1,1.773979183E2,1.871562260E-1,-8.299266474E-2,1.773977786E2
1.959270211E2,2.271104436E-2,7.571366150E-4,1.614033827E-3,9.997404814E-1,1.773972822E2,1.868776221E-1,-8.253846412E-2,1.773971435E2
1.959320211E2,2.270588903E-2,7.595688221E-4,1.611582586E-3,9.997406006E-1,1.773978732E2,1.866027061E-1,-8.282444426E-2,1.773977341E2
1.959370211E2,2.271116513E-2,7.569746231E-4,1.612409600E-3,9.997404814E-1,1.773972684E2,1.866911354E-1,-8.252411074E-2,1.773971298E2
1.959420211E2,2.270601917E-2,7.606853032E-4,1.609220752E-3,9.997406006E-1,1.773978582E2,1.863350453E-1,-8.295847180E-2,1.773977192E2
1.959470211E2,2.270325498E-2,7.621719851E-4,1.610487117E-3,9.997406602E-1,1.773981751E2,1.864837621E-1,-8.312600933E-2,1.773980357E2
1.959520211E2,2.270014988E-2,7.634476060E-4,1.616640482E-3,9.997407198E-1,1.773985310E2,1.871917660E-1,-8.325671878E-2,1.773983908E2
1.959570211E2,2.269776129E-2,7.666230085E-4,1.611808431E-3,9.997407794E-1,1.773988048E2,1.866462569E-1,-8.363351492E-2,1.773986644E2
1.959620211E2,2.270075500E-2,7.645864389E-4,1.607579994E-3,9.997407198E-1,1.773984616E2,1.861567893E-1,-8.341064283E-2,1.773983220E2
1.959670211E2,2.270607869E-2,7.601611433E-4,1.608628547E-3,9.997406006E-1,1.773978514E2,1.862658419E-1,-8.289995290E-2,1.773977125E2
1.959720211E2,2.270859141E-2,7.589031593E-4,1.610795036E-3,9.997405410E-1,1.773975634E2,1.865109741E-1,-8.274972976E-2,1.773974246E2
1.959770211E2,2.270320735E-2,7.624928840E-4,1.611006563E-3,9.997406602E-1,1.773981805E2,1.865441019E-1,-8.316142953E-2,1.773980410E2
1.959820211E2,2.270574853E-2,7.610137109E-4,1.612880034E-3,9.997406006E-1,1.773978893E2,1.867550932E-1,-8.298662367E-2,1.773977499E2
1.959870211E2,2.270818581E-2,7.593470509E-4,1.616294496E-3,9.997405410E-1,1.773976099E2,1.871421262E-1,-8.278634719E-2,1.773974705E2
1.959920211E2,2.270587835E-2,7.610651082E-4,1.611027052E-3,9.997406006E-1,1.773978744E2,1.865429558E-1,-8.299730914E-2,1.773977351E2
1.959970211E2,2.270878095E-2,7.592188776E-4,1.607971615E-3,9.997405410E-1,1.773975417E2,1.861883541E-1,-8.279321130E-2,1.773974030E2
1.960020211E2,2.270624700E-2,7.593672490E-4,1.606626436E-3,9.997406006E-1,1.773978321E2,1.860344236E-1,-8.281418118E-2,1.773976936E2
1.960070211E2,2.270857496E-2,7.590299938E-4,1.610967098E-3,9.997405410E-1,1.773975653E2,1.865310146E-1,-8.276381546E-2,1.773974264E2
1.960120211E2,2.270835538E-2,7.588192238E-4,1.614158507E-3,9.997405410E-1,1.773975905E2,1.868960629E-1,-8.273140514E-2,1.773974514E2
1.960170211E2,2.270626608E-2,7.602804690E-4,1.605924801E-3,9.997406006E-1,1.773978299E2,1.859564208E-1,-8.292062356E-2,1.773976913E2
1.960220211E2,2.270642876E-2,7.603929262E-4,1.603569603E-3,9.997406006E-1,1.773978113E2,1.856869101E-1,-8.293960508E-2,1.773976728E2
1.960270211E2,2.271947237E-2,7.518980419E-4,1.608619350E-3,9.997403026E-1,1.773963162E2,1.862443829E-1,-8.195084521E-2,1.773961789E2
1.960320211E2,2.271702112E-2,7.531063748E-4,1.605626196E-3,9.997403622E-1,1.773965972E2,1.859044255E-1,-8.209752286E-2,1.773964599E2
1.960370211E2,2.271690894E-2,7.531263982E-4,1.607203274E-3,9.997403622E-1,1.773966100E2,1.860851420E-1,-8.209573202E-2,1.773964726E2
1.960420211E2,2.271967319E-2,7.505683461E-4,1.606402569E-3,9.997403026E-1,1.773962932E2,1.859869777E-1,-8.180424705E-2,1.773961563E2
1.960470211E2,2.271971667E-2,7.507632836E-4,1.605696278E-3,9.997403026E-1,1.773962882E2,1.859065745E-1,-8.182841028E-2,1.773961514E2
1.960520211E2,2.271434924E-2,7.544709952E-4,1.605673460E-3,9.997404218E-1,1.773969034E2,1.859131734E-1,-8.225423013E-2,1.773967659E2
1.960570211E2,2.270940716E-2,7.573174662E-4,1.600004733E-3,9.997405410E-1,1.773974699E2,1.852707532E-1,-8.259599881E-2,1.773973323E2
1.960620211E2,2.271473678E-2,7.537424681E-4,1.600525109E-3,9.997404218E-1,1.773968590E2,1.853215021E-1,-8.218409810E-2,1.773967220E2
1.960670211E2,2.270634583E-2,7.594781346E-4,1.605176600E-3,9.997406006E-1,1.773978208E2,1.858686238E-1,-8.283063867E-2,1.773976823E2
1.960720211E2,2.269831037E-2,7.664795266E-4,1.604126068E-3,9.997407794E-1,1.773987418E2,1.857658205E-1,-8.363695806E-2,1.773986021E2
1.960770211E2,2.270377833E-2,7.619182579E-4,1.603213022E-3,9.997406602E-1,1.773981151E2,1.856498086E-1,-8.311577001E-2,1.773979763E2
1.960820211E2,2.270631738E-2,7.594808121E-4,1.605577767E-3,9.997406006E-1,1.773978241E2,1.859145870E-1,-8.282990683E-2,1.773976856E2
1.960870211E2,2.270333403E-2,7.618644740E-4,1.609517960E-3,9.997406602E-1,1.773981660E2,1.863719396E-1,-8.309328704E-2,1.773980267E2
1.960920211E2,2.270095718E-2,7.629910833E-4,1.605481608E-3,9.997407198E-1,1.773984384E2,1.859122596E-1,-8.323329713E-2,1.773982993E2
1.960970211E2,2.270342382E-2,7.626501611E-4,1.607878483E-3,9.997406602E-1,1.773981557E2,1.861861693E-1,-8.318754562E-2,1.773980164E2
1.961020211E2,2.269533780E-2,7.672699867E-4,1.608653343E-3,9.997408390E-1,1.773990825E2,1.862862829E-1,-8.371629231E-2,1.773989423E2
1.961070211E2,2.269012439E-2,7.707572076E-4,1.606442733E-3,9.997409582E-1,1.773996801E2,1.860416623E-1,-8.412251463E-2,1.773995394E2
1.961120211E2,2.269846790E-2,7.665446610E-4,1.601864235E-3,9.997407794E-1,1.773987238E2,1.855068824E-1,-8.365027417E-2,1.773985843E2
1.961170211E2,2.268719586E-2,7.732049562E-4,1.609530766E-3,9.997410178E-1,1.774000158E2,1.864015526E-1,-8.439544982E-2,1.773998744E2
1.961220211E2,2.268148509E-2,7.771613891E-4,1.614059671E-3,9.997411370E-1,1.774006704E2,1.869301973E-1,-8.483799949E-2,1.774005278E2
1.961270211E2,2.267657168E-2,7.799346931E-4,1.607910497E-3,9.997412562E-1,1.774012335E2,1.862325244E-1,-8.517261315E-2,1.774010910E2
1.961320211E2,2.267939265E-2,7.784166373E-4,1.605917932E-3,9.997411966E-1,1.774009102E2,1.860005460E-1,-8.500335491E-2,1.774007681E2
1.961370211E2,2.267634259E-2,7.806172362E-4,1.610807609E-3,9.997412562E-1,1.774012598E2,1.865661787E-1,-8.524332068E-2,1.774011168E2
1.961420211E2,2.267064575E-2,7.844815264E-4,1.615125570E-3,9.997413754E-1,1.774019128E2,1.870704092E-1,-8.567586641E-2,1.774017687E2
1.961470211E2,2.267382119E-2,7.823002525E-4,1.608489431E-3,9.997413158E-1,1.774015488E2,1.863047613E-1,-8.544262437E-2,1.774014057E2
1.961520211E2,2.268195225E-2,7.768085343E-4,1.607652055E-3,9.997411370E-1,1.774006168E2,1.861952484E-1,-8.481414376E-2,1.774004749E2
1.961570211E2,2.269481318E-2,7.678021211E-4,1.615784946E-3,9.997408390E-1,1.773991427E2,1.871046358E-1,-8.375880468E-2,1.773990018E2
1.961620211E2,2.270050626E-2,7.646192098E-4,1.611073036E-3,9.997407198E-1,1.773984901E2,1.865570246E-1,-8.340535654E-2,1.773983502E2
1.961670211E2,2.270076437E-2,7.644345751E-4,1.607519924E-3,9.997407198E-1,1.773984605E2,1.861495132E-1,-8.339339955E-2,1.773983210E2
1.961720211E2,2.270635352E-2,7.595330826E-4,1.605041907E-3,9.997406006E-1,1.773978199E2,1.858533368E-1,-8.283728268E-2,1.773976815E2
1.961770211E2,2.271163023E-2,7.567862631E-4,1.605933881E-3,9.997404814E-1,1.773972151E2,1.859488106E-1,-8.251929939E-2,1.773970771E2
1.961820211E2,2.270076114E-2,7.632313645E-4,1.608137041E-3,9.997407198E-1,1.773984609E2,1.862170809E-1,-8.325395265E-2,1.773983215E2
1.961870211E2,2.270363376E-2,7.615759387E-4,1.605421421E-3,9.997406602E-1,1.773981317E2,1.859019050E-1,-8.307083433E-2,1.773979928E2
1.961920211E2,2.271709751E-2,7.531805895E-4,1.604510238E-3,9.997403622E-1,1.773965884E2,1.857767785E-1,-8.210891604E-2,1.773964512E2
1.961970211E2,2.271422226E-2,7.542965468E-4,1.607550657E-3,9.997404218E-1,1.773969180E2,1.861277646E-1,-8.222938227E-2,1.773967803E2
1.962020211E2,2.271467867E-2,7.552062743E-4,1.600659685E-3,9.997404218E-1,1.773968657E2,1.853407254E-1,-8.235145494E-2,1.773967284E2
1.962070211E2,2.272257581E-2,7.486363174E-4,1.603340963E-3,9.997402430E-1,1.773959605E2,1.856314393E-1,-8.159034258E-2,1.773958242E2
1.962120211E2,2.273328788E-2,7.419276517E-4,1.603274373E-3,9.997400045E-1,1.773947327E2,1.856072058E-1,-8.081997011E-2,1.773945977E2
1.962170211E2,2.273076447E-2,7.430374972E-4,1.601370284E-3,9.997400641E-1,1.773950219E2,1.853917566E-1,-8.095254446E-2,1.773948869E2
1.962220211E2,2.273126799E-2,7.429312100E-4,1.594256493E-3,9.997400641E-1,1.773949642E2,1.845765490E-1,-8.095880570E-2,1.773948298E2
1.962270211E2,2.273382283E-2,7.412282866E-4,1.595996087E-3,9.997400045E-1,1.773946713E2,1.847716106E-1,-8.075871196E-2,1.773945371E2
1.962320211E2,2.273082547E-2,7.426257362E-4,1.600695308E-3,9.997400641E-1,1.773950149E2,1.853133621E-1,-8.090711930E-2,1.773948800E2
1.962370211E2,2.273110424E-2,7.427365636E-4,1.596680144E-3,9.997400641E-1,1.773949830E2,1.848536874E-1,-8.093022344E-2,1.773948484E2
1.962420211E2,2.273676355E-2,7.391378749E-4,1.592407003E-3,9.997399449E-1,1.773943343E2,1.843552276E-1,-8.052803875E-2,1.773942007E2
1.962470211E2,2.274191806E-2,7.367124781E-4,1.594765228E-3,9.997398257E-1,1.773937435E2,1.846194845E-1,-8.024308450E-2,1.773936102E2
1.962520211E2,2.273625256E-2,7.393124979E-4,1.599605661E-3,9.997399449E-1,1.773943929E2,1.851803353E-1,-8.052938186E-2,1.773942587E2
1.962570211E2,2.273654768E-2,7.394730928E-4,1.595330890E-3,9.997399449E-1,1.773943590E2,1.846910506E-1,-8.055886339E-2,1.773942252E2
1.962620211E2,2.273923433E-2,7.374304696E-4,1.595336478E-3,9.997398853E-1,1.773940511E2,1.846865839E-1,-8.032434590E-2,1.773939176E2
1.962670211E2,2.274177196E-2,7.360765594E-4,1.597140450E-3,9.997398257E-1,1.773937602E2,1.848899258E-1,-8.016406930E-2,1.773936268E2
1.962720211E2,2.274651909E-2,7.317232667E-4,1.606133534E-3,9.997397065E-1,1.773932161E2,1.859092245E-1,-7.964102816E-2,1.773930828E2
1.962770211E2,2.274935640E-2,7.309229695E-4,1.603411394E-3,9.997396469E-1,1.773928909E2,1.855955098E-1,-7.955591376E-2,1.773927580E2
1.962820211E2,2.274184327E-2,7.366386708E-4,1.595865353E-3,9.997398257E-1,1.773937520E2,1.847453188E-1,-8.023177571E-2,1.773936187E2
1.962870211E2,2.274137898E-2,7.353802212E-4,1.603045966E-3,9.997398257E-1,1.773938053E2,1.855646281E-1,-8.006897781E-2,1.773936715E2
1.962920211E2,2.274370271E-2,7.348729414E-4,1.607477898E-3,9.997397661E-1,1.773935389E2,1.860712235E-1,-7.999888034E-2,1.773934049E2
1.962970211E2,2.274132382E-2,7.355564740E-4,1.603747369E-3,9.997398257E-1,1.773938116E2,1.856454372E-1,-8.008735196E-2,1.773936778E2
1.963020211E2,2.273904900E-2,7.376760477E-4,1.597862574E-3,9.997398853E-1,1.773940723E2,1.849766040E-1,-8.034593140E-2,1.773939386E2
1.963070211E2,2.274428699E-2,7.338611176E-4,1.599654206E-3,9.997397661E-1,1.773934719E2,1.851723338E-1,-7.990324725E-2,1.773933388E2
1.963120211E2,2.273120793E-2,7.424260257E-4,1.595347887E-3,9.997400641E-1,1.773949711E2,1.847002605E-1,-8.089809894E-2,1.773948366E2
1.963170211E2,2.272876271E-2,7.451972342E-4,1.591538079E-3,9.997401237E-1,1.773952513E2,1.842708215E-1,-8.122594868E-2,1.773951167E2
1.963220211E2,2.273344301E-2,7.424281794E-4,1.600841177E-3,9.997400045E-1,1.773947149E2,1.853297702E-1,-8.088362163E-2,1.773945800E2
1.963270211E2,2.273599254E-2,7.396145375E-4,1.603157842E-3,9.997399449E-1,1.773944227E2,1.855880469E-1,-8.055477704E-2,1.773942881E2
1.963320211E2,2.273103173E-2,7.437341847E-4,1.597248018E-3,9.997400641E-1,1.773949913E2,1.849213374E-1,-8.104304688E-2,1.773948564E2
1.963370211E2,2.273115657E-2,7.426718948E-4,1.595965121E-3,9.997400641E-1,1.773949770E2,1.847716085E-1,-8.092466779E-2,1.773948424E2
1.963420211E2,2.273888221E-2,7.369766245E-4,1.600556541E-3,9.997398853E-1,1.773940914E2,1.852833946E-1,-8.025881508E-2,1.773939576E2
1.963470211E2,2.273566081E-2,7.398992893E-4,1.607724582E-3,9.997399449E-1,1.773944607E2,1.861119378E-1,-8.057556189E-2,1.773943257E2
1.963520211E2,2.273851203E-2,7.385245990E-4,1.605095691E-3,9.997398853E-1,1.773941339E2,1.858074137E-1,-8.042439441E-2,1.773939994E2
1.963570211E2,2.274373127E-2,7.344463957E-4,1.607268816E-3,9.997397661E-1,1.773935356E2,1.860461610E-1,-7.995055413E-2,1.773934018E2
1.963620211E2,2.274047341E-2,7.365438505E-4,1.615311252E-3,9.997398257E-1,1.773939091E2,1.869727258E-1,-8.017048997E-2,1.773937741E2
1.963670211E2,2.273533135E-2,7.391577237E-4,1.612716937E-3,9.997399449E-1,1.773944984E2,1.866819140E-1,-8.047766096E-2,1.773943632E2
1.963720211E2,2.273807138E-2,7.375041605E-4,1.611793297E-3,9.997398853E-1,1.773941844E2,1.865720113E-1,-8.029012088E-2,1.773940496E2
1.963770211E2,2.273808384E-2,7.377294241E-4,1.611514366E-3,9.997398853E-1,1.773941829E2,1.865406444E-1,-8.031665199E-2,1.773940481E2
1.963820211E2,2.273255163E-2,7.413169951E-4,1.613960601E-3,9.997400045E-1,1.773948171E2,1.868297929E-1,-8.072231020E-2,1.773946813E2
1.963870211E2,2.272960172E-2,7.432862767E-4,1.617676229E-3,9.997400641E-1,1.773951552E2,1.872603552E-1,-8.093878764E-2,1.773950188E2
1.963920211E2,2.272476944E-2,7.476931205E-4,1.609843923E-3,9.997401834E-1,1.773957091E2,1.863741552E-1,-8.146494584E-2,1.773955725E2
1.963970211E2,2.272990578E-2,7.430437254E-4,1.613509958E-3,9.997400641E-1,1.773951203E2,1.867824507E-1,-8.092179585E-2,1.773949843E2
1.964020211E2,2.272963187E-2,7.435531588E-4,1.617129776E-3,9.997400641E-1,1.773951517E2,1.871984499E-1,-8.097077988E-2,1.773950153E2
1.964070211E2,2.272933601E-2,7.448660908E-4,1.620680210E-3,9.997400641E-1,1.773951856E2,1.876085917E-1,-8.111199924E-2,1.773950487E2
1.964120211E2,2.273714746E-2,7.391244289E-4,1.624038327E-3,9.997398853E-1,1.773942903E2,1.879789764E-1,-8.044400823E-2,1.773941542E2
1.964170211E2,2.274742418E-2,7.319627330E-4,1.630127779E-3,9.997396469E-1,1.773931123E2,1.886587530E-1,-7.960574532E-2,1.773929771E2
1.964220211E2,2.274216435E-2,7.351024542E-4,1.628994010E-3,9.997397661E-1,1.773937152E2,1.885366307E-1,-7.996938479E-2,1.773935795E2
1.964270211E2,2.273939818E-2,7.367004291E-4,1.630307059E-3,9.997398257E-1,1.773940323E2,1.886909997E-1,-8.014955168E-2,1.773938961E2
1.964320211E2,2.274228806E-2,7.350697415E-4,1.627280726E-3,9.997397661E-1,1.773937011E2,1.883402778E-1,-7.997007902E-2,1.773935655E2
1.964370211E2,2.275038772E-2,7.300538127E-4,1.626176876E-3,9.997395873E-1,1.773927727E2,1.882013877E-1,-7.939679736E-2,1.773926381E2
1.964420211E2,2.274783386E-2,7.311791414E-4,1.624753699E-3,9.997396469E-1,1.773930654E2,1.880410765E-1,-7.952990779E-2,1.773929307E2
1.964470211E2,2.275052079E-2,7.298537530E-4,1.624404103E-3,9.997395873E-1,1.773927574E2,1.879977841E-1,-7.937847501E-2,1.773926230E2
1.964520211E2,2.275585339E-2,7.254808443E-4,1.625035889E-3,9.997394681E-1,1.773921462E2,1.880591815E-1,-7.887485659E-2,1.773920126E2
1.964570211E2,2.275020355E-2,7.295947289E-4,1.628957107E-3,9.997395873E-1,1.773927938E2,1.885186853E-1,-7.933699019E-2,1.773926591E2
1.964620211E2,2.274743885E-2,7.318826974E-4,1.629959093E-3,9.997396469E-1,1.773931107E2,1.886392205E-1,-7.959701327E-2,1.773929755E2
1.964670211E2,2.275330046E-2,7.271297509E-4,1.623376156E-3,9.997395277E-1,1.773924388E2,1.878731375E-1,-7.906856618E-2,1.773923050E2
1.964720211E2,2.275326968E-2,7.269605994E-4,1.623883145E-3,9.997395277E-1,1.773924423E2,1.879307756E-1,-7.904787171E-2,1.773923086E2
1.964770211E2,2.275564597E-2,7.261978462E-4,1.627618214E-3,9.997394681E-1,1.773921700E2,1.883568717E-1,-7.895030258E-2,1.773920360E2
1.964820211E2,2.275313517E-2,7.266898174E-4,1.625887933E-3,9.997395277E-1,1.773924577E2,1.881597317E-1,-7.901164834E-2,1.773923239E2
1.964870211E2,2.275914513E-2,7.238760591E-4,1.616299036E-3,9.997394085E-1,1.773917689E2,1.870543430E-1,-7.871317736E-2,1.773916363E2
1.964920211E2,2.276153002E-2,7.222024142E-4,1.620326773E-3,9.997393489E-1,1.773914955E2,1.875115908E-1,-7.851048946E-2,1.773913629E2
1.964970211E2,2.276937097E-2,7.164906710E-4,1.623023534E-3,9.997391701E-1,1.773905968E2,1.878062479E-1,-7.784763501E-2,1.773904651E2
1.965020211E2,2.277242234E-2,7.140860544E-4,1.617979840E-3,9.997391105E-1,1.773902470E2,1.872223936E-1,-7.758474714E-2,1.773901162E2
1.965070211E2,2.277221084E-2,7.143442053E-4,1.620840165E-3,9.997391105E-1,1.773902713E2,1.875507356E-1,-7.760689655E-2,1.773901402E2
1.965120211E2,2.276917255E-2,7.170682657E-4,1.625550096E-3,9.997391701E-1,1.773906195E2,1.880971878E-1,-7.790724998E-2,1.773904875E2
1.965170211E2,2.275831792E-2,7.231987547E-4,1.628206111E-3,9.997394085E-1,1.773918637E2,1.884166109E-1,-7.860468474E-2,1.773917303E2
1.965220211E2,2.275879936E-2,7.233584765E-4,1.621391391E-3,9.997394085E-1,1.773918085E2,1.876363567E-1,-7.864066551E-2,1.773916756E2
1.965270211E2,2.276127699E-2,7.214280777E-4,1.624221448E-3,9.997393489E-1,1.773915245E2,1.879557330E-1,-7.841166876E-2,1.773913918E2
1.965320211E2,2.276103233E-2,7.226153393E-4,1.627119724E-3,9.997393489E-1,1.773915526E2,1.882908435E-1,-7.854016978E-2,1.773914194E2
1.965370211E2,2.275623827E-2,7.261562278E-4,1.619334682E-3,9.997394681E-1,1.773921021E2,1.874078310E-1,-7.896702498E-2,1.773919688E2
1.965420211E2,2.276465886E-2,7.200262626E-4,1.614103909E-3,9.997392893E-1,1.773911369E2,1.867932545E-1,-7.827683297E-2,1.773910052E2
1.965470211E2,2.277227707E-2,7.139540976E-4,1.620081370E-3,9.997391105E-1,1.773902637E2,1.874627935E-1,-7.756417290E-2,1.773901327E2
1.965520211E2,2.276146285E-2,7.211220800E-4,1.621750882E-3,9.997393489E-1,1.773915032E2,1.876719162E-1,-7.838302244E-2,1.773913707E2
1.965570211E2,2.275640918E-2,7.246322930E-4,1.617614646E-3,9.997394681E-1,1.773920825E2,1.872068189E-1,-7.879689387E-2,1.773919496E2
1.965620211E2,2.276719703E-2,7.185608847E-4,1.615874469E-3,9.997392297E-1,1.773908460E2,1.869924687E-1,-7.810386301E-2,1.773907144E2
1.965670211E2,2.276706188E-2,7.175179198E-4,1.618240378E-3,9.997392297E-1,1.773908614E2,1.872607801E-1,-7.797823166E-2,1.773907299E2
1.965720211E2,2.276139866E-2,7.218911778E-4,1.622309559E-3,9.997393489E-1,1.773915106E2,1.877379207E-1,-7.846968642E-2,1.773913779E2
1.965770211E2,2.276176321E-2,7.225733716E-4,1.616882044E-3,9.997393489E-1,1.773914688E2,1.871179414E-1,-7.856192863E-2,1.773913364E2
1.965820211E2,2.276164100E-2,7.218358805E-4,1.618930604E-3,9.997393489E-1,1.773914828E2,1.873506953E-1,-7.847211972E-2,1.773913504E2
1.965870211E2,2.276149845E-2,7.213688223E-4,1.621141448E-3,9.997393489E-1,1.773914991E2,1.876027446E-1,-7.841287264E-2,1.773913667E2
1.965920211E2,2.275594705E-2,7.261342835E-4,1.623431686E-3,9.997394681E-1,1.773921354E2,1.878771122E-1,-7.895388152E-2,1.773920019E2
1.965970211E2,2.275105438E-2,7.285746979E-4,1.617490314E-3,9.997395873E-1,1.773926962E2,1.872024329E-1,-7.924986960E-2,1.773925627E2
1.966020211E2,2.275097391E-2,7.290471112E-4,1.618409064E-3,9.997395873E-1,1.773927055E2,1.873089122E-1,-7.930160981E-2,1.773925717E2
1.966070211E2,2.275044046E-2,7.286066539E-4,1.626088051E-3,9.997395873E-1,1.773927666E2,1.881874426E-1,-7.923122994E-2,1.773926324E2
1.966120211E2,2.274250588E-2,7.348677609E-4,1.624325174E-3,9.997397661E-1,1.773936761E2,1.880011744E-1,-7.995460160E-2,1.773935408E2
1.966170211E2,2.274275930E-2,7.342963945E-4,1.621032017E-3,9.997397661E-1,1.773936470E2,1.876224342E-1,-7.989768004E-2,1.773935121E2
1.966220211E2,2.274563349E-2,7.336914423E-4,1.617735717E-3,9.997397065E-1,1.773933176E2,1.872434557E-1,-7.983642836E-2,1.773931830E2
1.966270211E2,2.275335444E-2,7.280618302E-4,1.622201293E-3,9.997395277E-1,1.773924326E2,1.877409775E-1,-7.917840011E-2,1.773922988E2
1.966320211E2,2.275609575E-2,7.256503450E-4,1.621562755E-3,9.997394681E-1,1.773921184E2,1.876617531E-1,-7.890328652E-2,1.773919851E2
1.966370211E2,2.275629323E-2,7.251079078E-4,1.619032002E-3,9.997394681E-1,1.773920958E2,1.873704256E-1,-7.884770664E-2,1.773919627E2
1.966420211E2,2.276119093E-2,7.224999135E-4,1.624950906E-3,9.997393489E-1,1.773915344E2,1.880420906E-1,-7.853257362E-2,1.773914014E2
1.966470211E2,2.275831600E-2,7.243619184E-4,1.627715770E-3,9.997394085E-1,1.773918639E2,1.883634701E-1,-7.873921800E-2,1.773917303E2
1.966520211E2,2.275344864E-2,7.275437238E-4,1.621112227E-3,9.997395277E-1,1.773924218E2,1.876148682E-1,-7.912186697E-2,1.773922882E2
1.966570211E2,2.275051202E-2,7.288015913E-4,1.624999219E-3,9.997395873E-1,1.773927584E2,1.880632176E-1,-7.925638760E-2,1.773926242E2
1.966620211E2,2.275844267E-2,7.229789044E-4,1.626559184E-3,9.997394085E-1,1.773918494E2,1.882273718E-1,-7.858377008E-2,1.773917162E2
1.966670211E2,2.275816738E-2,7.248254842E-4,1.629586332E-3,9.997394085E-1,1.773918809E2,1.885789630E-1,-7.878747443E-2,1.773917471E2
1.966720211E2,2.275068965E-2,7.284567109E-4,1.622665208E-3,9.997395873E-1,1.773927381E2,1.877949432E-1,-7.922292926E-2,1.773926041E2
1.966770211E2,2.275584647E-2,7.265098975E-4,1.624673023E-3,9.997394681E-1,1.773921470E2,1.880202940E-1,-7.899369431E-2,1.773920132E2
1.966820211E2,2.275317161E-2,7.275554235E-4,1.624990604E-3,9.997395277E-1,1.773924536E2,1.880591919E-1,-7.911314659E-2,1.773923196E2
1.966870211E2,2.275067887E-2,7.288051420E-4,1.622659969E-3,9.997395873E-1,1.773927393E2,1.877952507E-1,-7.926286182E-2,1.773926053E2
1.966920211E2,2.274823596E-2,7.309627254E-4,1.619211980E-3,9.997396469E-1,1.773930193E2,1.874056732E-1,-7.951948582E-2,1.773928851E2
1.966970211E2,2.275077011E-2,7.295545074E-4,1.621043193E-3,9.997395873E-1,1.773927288E2,1.876119906E-1,-7.935290854E-2,1.773925948E2
1.967020211E2,2.274823544E-2,7.309592329E-4,1.619220828E-3,9.997396469E-1,1.773930194E2,1.874066776E-1,-7.951906275E-2,1.773928852E2
1.967070211E2,2.274867220E-2,7.315380499E-4,1.612810651E-3,9.997396469E-1,1.773929693E2,1.866738579E-1,-7.960200215E-2,1.773928355E2
1.967120211E2,2.274589711E-2,7.321867160E-4,1.614708104E-3,9.997397065E-1,1.773932874E2,1.868927043E-1,-7.967188672E-2,1.773931533E2
1.967170211E2,2.274270876E-2,7.351486129E-4,1.621354721E-3,9.997397661E-1,1.773936528E2,1.876616211E-1,-7.999448013E-2,1.773935177E2
1.967220211E2,2.273457928E-2,7.401540061E-4,1.622830518E-3,9.997399449E-1,1.773945846E2,1.878430832E-1,-8.056558808E-2,1.773944484E2
1.967270211E2,2.273491087E-2,7.393634878E-4,1.618539798E-3,9.997399449E-1,1.773945466E2,1.873494960E-1,-8.048614148E-2,1.773944109E2
1.967320211E2,2.273990622E-2,7.363899495E-4,1.623346354E-3,9.997398257E-1,1.773939741E2,1.878927979E-1,-8.013202587E-2,1.773938385E2
1.967370211E2,2.274238160E-2,7.346453494E-4,1.626164769E-3,9.997397661E-1,1.773936903E2,1.882113327E-1,-7.992435072E-2,1.773935549E2
1.967420211E2,2.275323968E-2,7.279903512E-4,1.623842283E-3,9.997395277E-1,1.773924458E2,1.879287774E-1,-7.916595407E-2,1.773923118E2
1.967470211E2,2.275337515E-2,7.279523998E-4,1.621959964E-3,9.997395277E-1,1.773924302E2,1.877130466E-1,-7.916648894E-2,1.773922964E2
1.967520211E2,2.275319262E-2,7.280166610E-4,1.624489785E-3,9.997395277E-1,1.773924512E2,1.880030215E-1,-7.916728868E-2,1.773923171E2
1.967570211E2,2.276096614E-2,7.221282576E-4,1.628261409E-3,9.997393489E-1,1.773915601E2,1.884203616E-1,-7.848140340E-2,1.773914270E2
1.967620211E2,2.276157263E-2,7.224680157E-4,1.619609655E-3,9.997393489E-1,1.773914906E2,1.874301324E-1,-7.854277979E-2,1.773913581E2
1.967670211E2,2.275643337E-2,7.250270573E-4,1.617097296E-3,9.997394681E-1,1.773920797E2,1.871485817E-1,-7.884346339E-2,1.773919468E2
1.967720211E2,2.276417613E-2,7.205902366E-4,1.620647148E-3,9.997392893E-1,1.773911922E2,1.875442953E-1,-7.832446353E-2,1.773910599E2
1.967770211E2,2.276678570E-2,7.190669421E-4,1.621435280E-3,9.997392297E-1,1.773908931E2,1.876308150E-1,-7.814740650E-2,1.773907610E2
1.967820211E2,2.276173214E-2,7.216687663E-4,1.617723145E-3,9.997393489E-1,1.773914723E2,1.872119374E-1,-7.845610733E-2,1.773913401E2
1.967870211E2,2.275918818E-2,7.233824581E-4,1.615913701E-3,9.997394085E-1,1.773917639E2,1.870089141E-1,-7.865762653E-2,1.773916315E2
1.967920211E2,2.275910955E-2,7.239760598E-4,1.616755151E-3,9.997394085E-1,1.773917730E2,1.871068545E-1,-7.872345067E-2,1.773916403E2
1.967970211E2,2.275659350E-2,7.250454510E-4,1.614834066E-3,9.997394681E-1,1.773920613E2,1.868893619E-1,-7.885144279E-2,1.773919287E2
1.968020211E2,2.275928610E-2,7.235380472E-4,1.614464330E-3,9.997394085E-1,1.773917527E2,1.868432847E-1,-7.867921296E-2,1.773916203E2
1.968070211E2,2.276467621E-2,7.191834156E-4,1.614234992E-3,9.997392893E-1,1.773911349E2,1.868060740E-1,-7.817992975E-2,1.773910034E2
1.968120211E2,2.276452123E-2,7.204706199E-4,1.615845831E-3,9.997392893E-1,1.773911527E2,1.869939613E-1,-7.832322077E-2,1.773910208E2
1.968170211E2,2.276188453E-2,7.219319232E-4,1.615460031E-3,9.997393489E-1,1.773914549E2,1.869533688E-1,-7.849212974E-2,1.773913227E2
1.968220211E2,2.276455773E-2,7.197841769E-4,1.615637448E-3,9.997392893E-1,1.773911485E2,1.869683004E-1,-7.824511747E-2,1.773910167E2
1.968270211E2,2.276969670E-2,7.155211642E-4,1.618876238E-3,9.997391701E-1,1.773905594E2,1.873286204E-1,-7.774732720E-2,1.773904283E2
1.968320211E2,2.277492155E-2,7.125484408E-4,1.620308030E-3,9.997390509E-1,1.773899606E2,1.874852963E-1,-7.740205102E-2,1.773898298E2
1.968370211E2,2.277803524E-2,7.112060557E-4,1.613892848E-3,9.997389913E-1,1.773896037E2,1.867470965E-1,-7.726442677E-2,1.773894737E2
1.968420211E2,2.277579719E-2,7.115831249E-4,1.608380233E-3,9.997390509E-1,1.773898602E2,1.861163713E-1,-7.732243071E-2,1.773897306E2
1.968470211E2,2.278097144E-2,7.086402038E-4,1.610497129E-3,9.997389317E-1,1.773892671E2,1.863516038E-1,-7.697879498E-2,1.773891379E2
1.968520211E2,2.277815119E-2,7.098751958E-4,1.612841850E-3,9.997389913E-1,1.773895904E2,1.866232267E-1,-7.711468298E-2,1.773894607E2
1.968570211E2,2.277032536E-2,7.159549277E-4,1.609816914E-3,9.997391701E-1,1.773904874E2,1.862919463E-1,-7.782054170E-2,1.773903568E2
1.968620211E2,2.277056488E-2,7.150938618E-4,1.606808859E-3,9.997391701E-1,1.773904599E2,1.859451088E-1,-7.772970124E-2,1.773903298E2
1.968670211E2,2.276802123E-2,7.175649516E-4,1.604665187E-3,9.997392297E-1,1.773907515E2,1.857057756E-1,-7.801885983E-2,1.773906210E2
1.968720211E2,2.276782286E-2,7.182176923E-4,1.607185812E-3,9.997392297E-1,1.773907742E2,1.859962314E-1,-7.808709913E-2,1.773906434E2
1.968770211E2,2.276499325E-2,7.205874426E-4,1.609129715E-3,9.997392893E-1,1.773910986E2,1.862248908E-1,-7.835403698E-2,1.773909672E2
1.968820211E2,2.276743615E-2,7.187211304E-4,1.612430438E-3,9.997392297E-1,1.773908185E2,1.865983501E-1,-7.813116210E-2,1.773906873E2
1.968870211E2,2.277265840E-2,7.147032884E-4,1.614380861E-3,9.997391105E-1,1.773902200E2,1.868117163E-1,-7.766480653E-2,1.773900893E2
1.968920211E2,2.276479774E-2,7.205001893E-4,1.611932297E-3,9.997392893E-1,1.773911210E2,1.865457175E-1,-7.833676617E-2,1.773909894E2
1.968970211E2,2.277042303E-2,7.164693670E-4,1.608205610E-3,9.997391701E-1,1.773904762E2,1.861087021E-1,-7.788366314E-2,1.773903457E2
1.969020211E2,2.277837224E-2,7.108137943E-4,1.609302708E-3,9.997389913E-1,1.773895650E2,1.862202427E-1,-7.723140753E-2,1.773894355E2
1.969070211E2,2.277283215E-2,7.139145746E-4,1.612277585E-3,9.997391105E-1,1.773902001E2,1.865687157E-1,-7.757990660E-2,1.773900697E2
1.969120211E2,2.276774789E-2,7.169829332E-4,1.608798397E-3,9.997392297E-1,1.773907828E2,1.861777446E-1,-7.794144951E-2,1.773906521E2
1.969170211E2,2.277055878E-2,7.162335678E-4,1.606387552E-3,9.997391701E-1,1.773904606E2,1.858998168E-1,-7.786136843E-2,1.773903303E2
1.969220211E2,2.277041763E-2,7.158595254E-4,1.608553692E-3,9.997391701E-1,1.773904768E2,1.861469871E-1,-7.781289134E-2,1.773903464E2
1.969270211E2,2.276752176E-2,7.176150102E-4,1.611714019E-3,9.997392297E-1,1.773908087E2,1.865133960E-1,-7.800629630E-2,1.773906777E2
1.969320211E2,2.277036340E-2,7.163665141E-4,1.609095489E-3,9.997391701E-1,1.773904830E2,1.862103754E-1,-7.786956916E-2,1.773903524E2
1.969370211E2,2.277596845E-2,7.115457556E-4,1.605969737E-3,9.997390509E-1,1.773898406E2,1.858401357E-1,-7.732440929E-2,1.773897111E2
1.969420211E2,2.278648281E-2,7.046128158E-4,1.608294086E-3,9.997388124E-1,1.773886354E2,1.860891254E-1,-7.652213608E-2,1.773885071E2
1.969470211E2,2.278909762E-2,7.025398663E-4,1.609202707E-3,9.997387528E-1,1.773883357E2,1.861880049E-1,-7.628179590E-2,1.773882077E2
1.969520211E2,2.277888523E-2,7.096426561E-4,1.602544333E-3,9.997389913E-1,1.773895062E2,1.854429716E-1,-7.711478647E-2,1.773893774E2
1.969570211E2,2.278694620E-2,7.045111852E-4,1.601759926E-3,9.997388124E-1,1.773885823E2,1.853403290E-1,-7.652746966E-2,1.773884545E2
1.969620211E2,2.278906843E-2,7.029867847E-4,1.609420869E-3,9.997387528E-1,1.773883390E2,1.862141631E-1,-7.633243130E-2,1.773882110E2
1.969670211E2,2.278651732E-2,7.055682945E-4,1.607386046E-3,9.997388124E-1,1.773886314E2,1.859875965E-1,-7.663396205E-2,1.773885030E2
1.969720211E2,2.277878603E-2,7.101989468E-4,1.603707555E-3,9.997389913E-1,1.773895176E2,1.855776773E-1,-7.717549801E-2,1.773893886E2
1.969770211E2,2.279208889E-2,7.005688967E-4,1.604721532E-3,9.997386932E-1,1.773879928E2,1.856697122E-1,-7.606714570E-2,1.773878656E2
1.969820211E2,2.279176212E-2,7.019116310E-4,1.608770806E-3,9.997386932E-1,1.773880303E2,1.861370878E-1,-7.621045606E-2,1.773879025E2
1.969870211E2,2.277847569E-2,7.107288693E-4,1.607875340E-3,9.997389913E-1,1.773895532E2,1.860565068E-1,-7.722538504E-2,1.773894238E2
1.969920211E2,2.278672813E-2,7.046754472E-4,1.604787074E-3,9.997388124E-1,1.773886073E2,1.856875374E-1,-7.653842344E-2,1.773884792E2
1.969970211E2,2.278921335E-2,7.032698486E-4,1.607243670E-3,9.997387528E-1,1.773883224E2,1.859654891E-1,-7.637051852E-2,1.773881945E2
1.970020211E2,2.278125636E-2,7.078294293E-4,1.606819103E-3,9.997389317E-1,1.773892345E2,1.859281467E-1,-7.689546029E-2,1.773891057E2
1.970070211E2,2.278140222E-2,7.081514341E-4,1.604607678E-3,9.997389317E-1,1.773892177E2,1.856756533E-1,-7.693809592E-2,1.773890891E2
1.970120211E2,2.278980096E-2,7.022710633E-4,1.599329174E-3,9.997387528E-1,1.773882551E2,1.850562247E-1,-7.627665661E-2,1.773881279E2
1.970170211E2,2.279504687E-2,6.989068934E-4,1.600559219E-3,9.997386336E-1,1.773876538E2,1.851887524E-1,-7.588706751E-2,1.773875271E2
1.970220211E2,2.279513801E-2,6.989819231E-4,1.599227893E-3,9.997386336E-1,1.773876433E2,1.850364360E-1,-7.589912392E-2,1.773875168E2
1.970270211E2,2.279557889E-2,6.983465282E-4,1.593209803E-3,9.997386336E-1,1.773875928E2,1.843453650E-1,-7.584197156E-2,1.773874668E2
1.970320211E2,2.280333515E-2,6.927417708E-4,1.596863032E-3,9.997384548E-1,1.773867038E2,1.847498268E-1,-7.518890458E-2,1.773865786E2
1.970370211E2,2.280830399E-2,6.901614834E-4,1.601642580E-3,9.997383356E-1,1.773861342E2,1.852910100E-1,-7.487989181E-2,1.773860092E2
1.970420211E2,2.280309622E-2,6.942303153E-4,1.599626150E-3,9.997384548E-1,1.773867311E2,1.850702473E-1,-7.535225832E-2,1.773866055E2
1.970470211E2,2.280332106E-2,6.939857267E-4,1.596524031E-3,9.997384548E-1,1.773867054E2,1.847142401E-1,-7.533230268E-2,1.773865800E2
1.970520211E2,2.280603999E-2,6.925624912E-4,1.595629030E-3,9.997383952E-1,1.773863937E2,1.846081919E-1,-7.517109124E-2,1.773862687E2
1.970570211E2,2.280591447E-2,6.922376924E-4,1.597562805E-3,9.997383952E-1,1.773864081E2,1.848288706E-1,-7.512885104E-2,1.773862830E2
1.970620211E2,2.279495562E-2,6.997989840E-4,1.601468655E-3,9.997386336E-1,1.773876642E2,1.852952629E-1,-7.598690812E-2,1.773875374E2
1.970670211E2,2.279518225E-2,6.996492739E-4,1.598305185E-3,9.997386336E-1,1.773876383E2,1.849324755E-1,-7.597797890E-2,1.773875117E2
1.970720211E2,2.279535611E-2,6.989497342E-4,1.596130081E-3,9.997386336E-1,1.773876183E2,1.846814769E-1,-7.590348831E-2,1.773874920E2
1.970770211E2,2.279250961E-2,7.010587142E-4,1.598520088E-3,9.997386932E-1,1.773879446E2,1.849605738E-1,-7.613937979E-2,1.773878177E2
1.970820211E2,2.279006568E-2,7.029341650E-4,1.595260459E-3,9.997387528E-1,1.773882247E2,1.845918566E-1,-7.636319982E-2,1.773880977E2
1.970870211E2,2.279579453E-2,6.994850701E-4,1.589620952E-3,9.997386336E-1,1.773875681E2,1.839372099E-1,-7.598174032E-2,1.773874422E2
1.970920211E2,2.279820142E-2,6.966172950E-4,1.593843335E-3,9.997385740E-1,1.773872922E2,1.844136244E-1,-7.564172901E-2,1.773871665E2
1.970970211E2,2.278432892E-2,7.061872166E-4,1.601051190E-3,9.997388721E-1,1.773888823E2,1.852633109E-1,-7.672181438E-2,1.773887542E2
1.971020211E2,2.278986386E-2,7.034863229E-4,1.597898081E-3,9.997387528E-1,1.773882479E2,1.848954546E-1,-7.641960465E-2,1.773881206E2
1.971070211E2,2.279511524E-2,6.999651087E-4,1.599122304E-3,9.997386336E-1,1.773876459E2,1.850269064E-1,-7.601203932E-2,1.773875192E2
1.971120211E2,2.278947332E-2,7.027456886E-4,1.603783108E-3,9.997387528E-1,1.773882926E2,1.855676910E-1,-7.631945917E-2,1.773881650E2
1.971170211E2,2.279217677E-2,7.004391518E-4,1.603529556E-3,9.997386932E-1,1.773879827E2,1.855328248E-1,-7.605537894E-2,1.773878556E2
1.971220211E2,2.279766279E-2,6.965260254E-4,1.601569005E-3,9.997385740E-1,1.773873539E2,1.852984134E-1,-7.561118867E-2,1.773872277E2
1.971270211E2,2.280011630E-2,6.951217074E-4,1.604456571E-3,9.997385144E-1,1.773870727E2,1.856257346E-1,-7.544230822E-2,1.773869465E2
1.971320211E2,2.279446282E-2,6.987566594E-4,1.608920866E-3,9.997386336E-1,1.773877207E2,1.861462426E-1,-7.584812248E-2,1.773875935E2
1.971370211E2,2.279502486E-2,6.985786604E-4,1.601015916E-3,9.997386336E-1,1.773876563E2,1.852402133E-1,-7.584827566E-2,1.773875297E2
1.971420211E2,2.279797084E-2,6.980451290E-4,1.596514601E-3,9.997385740E-1,1.773873186E2,1.847233632E-1,-7.579836764E-2,1.773871925E2
1.971470211E2,2.280011913E-2,6.959803868E-4,1.604044111E-3,9.997385144E-1,1.773870724E2,1.855807264E-1,-7.554175711E-2,1.773869460E2
1.971520211E2,2.280049949E-2,6.951622199E-4,1.598984352E-3,9.997385144E-1,1.773870288E2,1.849989611E-1,-7.546117648E-2,1.773869030E2
1.971570211E2,2.279555691E-2,6.997330929E-4,1.592915854E-3,9.997386336E-1,1.773875953E2,1.843153104E-1,-7.600159064E-2,1.773874691E2
1.971620211E2,2.279593909E-2,6.994992727E-4,1.587540261E-3,9.997386336E-1,1.773875515E2,1.836988898E-1,-7.598877630E-2,1.773874258E2
1.971670211E2,2.280377776E-2,6.929377560E-4,1.590444590E-3,9.997384548E-1,1.773866530E2,1.840150629E-1,-7.522804816E-2,1.773865283E2
1.971720211E2,2.279868378E-2,6.973221316E-4,1.586619066E-3,9.997385740E-1,1.773872369E2,1.835878759E-1,-7.574126187E-2,1.773871116E2
1.971770211E2,2.279359054E-2,7.005159277E-4,1.583272591E-3,9.997386932E-1,1.773878207E2,1.832124544E-1,-7.611682503E-2,1.773876951E2
1.971820211E2,2.279639677E-2,6.996174343E-4,1.580902259E-3,9.997386336E-1,1.773874990E2,1.829387706E-1,-7.601957012E-2,1.773873738E2
1.971870211E2,2.279025786E-2,7.020538906E-4,1.592900837E-3,9.997387528E-1,1.773882027E2,1.843192490E-1,-7.626848126E-2,1.773880761E2
1.971920211E2,2.278516410E-2,7.067304687E-4,1.588879735E-3,9.997388721E-1,1.773887865E2,1.838704071E-1,-7.681567660E-2,1.773886593E2
1.971970211E2,2.278297225E-2,7.077408955E-4,1.582343131E-3,9.997389317E-1,1.773890378E2,1.831240304E-1,-7.694890212E-2,1.773889109E2
1.972020211E2,2.278021440E-2,7.094652392E-4,1.583617530E-3,9.997389913E-1,1.773893539E2,1.832743177E-1,-7.714362414E-2,1.773892266E2
1.972070211E2,2.277991770E-2,7.101795054E-4,1.587560400E-3,9.997389913E-1,1.773893879E2,1.837278629E-1,-7.721521315E-2,1.773892601E2
1.972120211E2,2.277436667E-2,7.132430910E-4,1.590755768E-3,9.997391105E-1,1.773900242E2,1.841014984E-1,-7.755886336E-2,1.773898956E2
1.972170211E2,2.277184489E-2,7.150489255E-4,1.588585554E-3,9.997391701E-1,1.773903132E2,1.838573915E-1,-7.777187062E-2,1.773901845E2
1.972220211E2,2.276900628E-2,7.169705932E-4,1.590895001E-3,9.997392297E-1,1.773906386E2,1.841267604E-1,-7.798651626E-2,1.773905093E2
1.972270211E2,2.276652899E-2,7.197187515E-4,1.587647712E-3,9.997392893E-1,1.773909225E2,1.837617215E-1,-7.831027841E-2,1.773907930E2
1.972320211E2,2.276693778E-2,7.190181641E-4,1.582093420E-3,9.997392893E-1,1.773908757E2,1.831236144E-1,-7.824443409E-2,1.773907467E2
1.972370211E2,2.276988282E-2,7.170185563E-4,1.578277908E-3,9.997392297E-1,1.773905381E2,1.826815137E-1,-7.802477221E-2,1.773904098E2
1.972420211E2,2.277503255E-2,7.141509559E-4,1.580783981E-3,9.997391105E-1,1.773899478E2,1.829615314E-1,-7.768877325E-2,1.773898199E2
1.972470211E2,2.276687935E-2,7.196171791E-4,1.582661760E-3,9.997392893E-1,1.773908824E2,1.831902830E-1,-7.831158618E-2,1.773907532E2
1.972520211E2,2.276436921E-2,7.200998371E-4,1.580896904E-3,9.997393489E-1,1.773911701E2,1.829891600E-1,-7.837194431E-2,1.773910410E2
1.972570211E2,2.276987718E-2,7.177526131E-4,1.578025636E-3,9.997392297E-1,1.773905388E2,1.826545280E-1,-7.810952632E-2,1.773904103E2
1.972620211E2,2.276193569E-2,7.229503826E-4,1.576937619E-3,9.997394085E-1,1.773914490E2,1.825428215E-1,-7.870928084E-2,1.773913197E2
1.972670211E2,2.275676651E-2,7.270440692E-4,1.574082067E-3,9.997395277E-1,1.773920415E2,1.822259533E-1,-7.918665152E-2,1.773919117E2
1.972720211E2,2.275410232E-2,7.273946539E-4,1.574577997E-3,9.997395873E-1,1.773923469E2,1.822834713E-1,-7.922600757E-2,1.773922169E2
1.972770211E2,2.275908984E-2,7.243574364E-4,1.579577103E-3,9.997394681E-1,1.773917752E2,1.828486524E-1,-7.886411089E-2,1.773916454E2
1.972820211E2,2.275330249E-2,7.283238810E-4,1.585667487E-3,9.997395873E-1,1.773924386E2,1.835562666E-1,-7.930369178E-2,1.773923076E2
1.972870211E2,2.274850051E-2,7.308976492E-4,1.578203985E-3,9.997397065E-1,1.773929890E2,1.827075612E-1,-7.961888566E-2,1.773928581E2
1.972920211E2,2.274584081E-2,7.328909123E-4,1.577857183E-3,9.997397661E-1,1.773932938E2,1.826728153E-1,-7.984862750E-2,1.773931626E2
1.972970211E2,2.275293416E-2,7.284441381E-4,1.590888947E-3,9.997395873E-1,1.773924808E2,1.841547325E-1,-7.930392167E-2,1.773923493E2
1.973020211E2,2.275769432E-2,7.243783330E-4,1.599547802E-3,9.997394681E-1,1.773919352E2,1.851364822E-1,-7.881467700E-2,1.773918038E2
1.973070211E2,2.276067398E-2,7.228902541E-4,1.595072332E-3,9.997394085E-1,1.773915936E2,1.846201160E-1,-7.865532174E-2,1.773914629E2
1.973120211E2,2.276597593E-2,7.193554775E-4,1.595722395E-3,9.997392893E-1,1.773909859E2,1.846857829E-1,-7.824769655E-2,1.773908558E2
1.973170211E2,2.276552575E-2,7.187561714E-4,1.602401142E-3,9.997392893E-1,1.773910375E2,1.854493152E-1,-7.816169818E-2,1.773909070E2
1.973220211E2,2.276021052E-2,7.239675033E-4,1.601185184E-3,9.997394085E-1,1.773916468E2,1.853231908E-1,-7.876287495E-2,1.773915154E2
1.973270211E2,2.275514559E-2,7.262032013E-4,1.597725786E-3,9.997395277E-1,1.773922273E2,1.849323064E-1,-7.902896036E-2,1.773920958E2
1.973320211E2,2.276302258E-2,7.206510054E-4,1.599921612E-3,9.997393489E-1,1.773913244E2,1.851700026E-1,-7.838570605E-2,1.773911938E2
1.973370211E2,2.276290792E-2,7.211422198E-4,1.601331052E-3,9.997393489E-1,1.773913376E2,1.853327436E-1,-7.843832504E-2,1.773912067E2
1.973420211E2,2.275502709E-2,7.269170019E-4,1.599088311E-3,9.997395277E-1,1.773922409E2,1.850902523E-1,-7.910720351E-2,1.773921091E2
1.973470211E2,2.275234286E-2,7.284800522E-4,1.599306939E-3,9.997395873E-1,1.773925486E2,1.851191622E-1,-7.928619623E-2,1.773924164E2
1.973520211E2,2.276278057E-2,7.213149220E-4,1.603062614E-3,9.997393489E-1,1.773913522E2,1.855315554E-1,-7.845361683E-2,1.773912211E2
1.973570211E2,2.276002843E-2,7.230790798E-4,1.604172168E-3,9.997394085E-1,1.773916676E2,1.856630542E-1,-7.865333857E-2,1.773915362E2
1.973620211E2,2.275210773E-2,7.290247013E-4,1.602400676E-3,9.997395873E-1,1.773925755E2,1.854749889E-1,-7.934056931E-2,1.773924431E2
1.973670211E2,2.275760484E-2,7.258239784E-4,1.600165386E-3,9.997394681E-1,1.773919454E2,1.852109973E-1,-7.897869861E-2,1.773918137E2
1.973720211E2,2.275738821E-2,7.250787457E-4,1.603580546E-3,9.997394681E-1,1.773919703E2,1.856002844E-1,-7.888445705E-2,1.773918385E2
1.973770211E2,2.275181921E-2,7.280923892E-4,1.606914913E-3,9.997395873E-1,1.773926086E2,1.859896955E-1,-7.922204554E-2,1.773924759E2
1.973820211E2,2.274647157E-2,7.323185564E-4,1.606535167E-3,9.997397065E-1,1.773932215E2,1.859567845E-1,-7.970818752E-2,1.773930881E2
1.973870211E2,2.275956405E-2,7.235906669E-4,1.610517502E-3,9.997394085E-1,1.773917209E2,1.863912868E-1,-7.869548330E-2,1.773915888E2
1.973920211E2,2.275647746E-2,7.252557552E-4,1.616374124E-3,9.997394681E-1,1.773920746E2,1.870663335E-1,-7.887154109E-2,1.773919418E2
1.973970211E2,2.275135021E-2,7.282270235E-4,1.613480854E-3,9.997395873E-1,1.773926623E2,1.867422175E-1,-7.922043769E-2,1.773925292E2
1.974020211E2,2.275675616E-2,7.248373004E-4,1.612633816E-3,9.997394681E-1,1.773920427E2,1.866367666E-1,-7.883330425E-2,1.773919102E2
1.974070211E2,2.275922349E-2,7.237384561E-4,1.615256886E-3,9.997394085E-1,1.773917599E2,1.869345993E-1,-7.870011676E-2,1.773916274E2
1.974120211E2,2.274847236E-2,7.316508563E-4,1.615575864E-3,9.997396469E-1,1.773929922E2,1.869909248E-1,-7.960775408E-2,1.773928582E2
1.974170211E2,2.274580470E-2,7.332738605E-4,1.615516259E-3,9.997397065E-1,1.773932980E2,1.869881150E-1,-7.979434265E-2,1.773931637E2
1.974220211E2,2.275144412E-2,7.293015951E-4,1.611670246E-3,9.997395873E-1,1.773926516E2,1.865375999E-1,-7.934824570E-2,1.773925183E2
1.974270211E2,2.275130156E-2,7.283980376E-4,1.614089473E-3,9.997395873E-1,1.773926679E2,1.868123843E-1,-7.923845163E-2,1.773925346E2
1.974320211E2,2.274865174E-2,7.305284380E-4,1.613556640E-3,9.997396469E-1,1.773929716E2,1.867566862E-1,-7.948439829E-2,1.773928380E2
1.974370211E2,2.274617407E-2,7.322276942E-4,1.610783278E-3,9.997397065E-1,1.773932556E2,1.864431967E-1,-7.968676016E-2,1.773931219E2
1.974420211E2,2.274620747E-2,7.330056396E-4,1.609957544E-3,9.997397065E-1,1.773932518E2,1.863506296E-1,-7.977802915E-2,1.773931180E2
1.974470211E2,2.274363171E-2,7.336267736E-4,1.609050902E-3,9.997397661E-1,1.773935470E2,1.862481762E-1,-7.985203052E-2,1.773934132E2
1.974520211E2,2.274908029E-2,7.311787922E-4,1.607207698E-3,9.997396469E-1,1.773929225E2,1.860310675E-1,-7.957537560E-2,1.773927893E2
1.974570211E2,2.274113232E-2,7.358529838E-4,1.606324804E-3,9.997398257E-1,1.773938335E2,1.859414712E-1,-8.011463921E-2,1.773936995E2
1.974620211E2,2.274372891E-2,7.339323056E-4,1.607536920E-3,9.997397661E-1,1.773935359E2,1.860755354E-1,-7.989096071E-2,1.773934021E2
1.974670211E2,2.274372916E-2,7.338139694E-4,1.607587445E-3,9.997397661E-1,1.773935359E2,1.860810151E-1,-7.987727218E-2,1.773934021E2
1.974720211E2,2.274073253E-2,7.357869763E-4,1.612004940E-3,9.997398257E-1,1.773938794E2,1.865919958E-1,-8.009234900E-2,1.773937448E2
1.974770211E2,2.273849834E-2,7.382732583E-4,1.605405123E-3,9.997398853E-1,1.773941354E2,1.858422068E-1,-8.039479660E-2,1.773940010E2
1.974820211E2,2.274662740E-2,7.321949233E-4,1.604383811E-3,9.997397065E-1,1.773932037E2,1.857100108E-1,-7.969960287E-2,1.773930705E2
1.974870211E2,2.274887417E-2,7.300570142E-4,1.610631472E-3,9.997396469E-1,1.773929461E2,1.864203613E-1,-7.943797540E-2,1.773928128E2
1.974920211E2,2.274353259E-2,7.336409180E-4,1.610444859E-3,9.997397661E-1,1.773935584E2,1.864078998E-1,-7.985003626E-2,1.773934244E2
1.974970211E2,2.274927218E-2,7.312019006E-4,1.604478690E-3,9.997396469E-1,1.773929005E2,1.857185021E-1,-7.958510179E-2,1.773927675E2
1.975020211E2,2.275703657E-2,7.256935933E-4,1.608285820E-3,9.997394681E-1,1.773920106E2,1.861409065E-1,-7.894268945E-2,1.773918783E2
1.975070211E2,2.274324223E-2,7.339935983E-4,1.614380046E-3,9.997397661E-1,1.773935917E2,1.868596194E-1,-7.988023771E-2,1.773934573E2
1.975120211E2,2.274327515E-2,7.346785860E-4,1.613604487E-3,9.997397661E-1,1.773935879E2,1.867725579E-1,-7.996072634E-2,1.773934535E2
1.975170211E2,2.274098215E-2,7.355193957E-4,1.608602004E-3,9.997398257E-1,1.773938507E2,1.862014707E-1,-8.007051617E-2,1.773937166E2
1.975220211E2,2.274342085E-2,7.343806792E-4,1.611685380E-3,9.997397661E-1,1.773935712E2,1.865519360E-1,-7.993157223E-2,1.773934370E2
1.975270211E2,2.274045513E-2,7.357658469E-4,1.615923014E-3,9.997398257E-1,1.773939111E2,1.870407815E-1,-8.007976965E-2,1.773937763E2
1.975320211E2,2.274337209E-2,7.343856851E-4,1.612370950E-3,9.997397661E-1,1.773935768E2,1.866304855E-1,-7.993036798E-2,1.773934425E2
1.975370211E2,2.274308210E-2,7.347947685E-4,1.616270281E-3,9.997397661E-1,1.773936100E2,1.870782444E-1,-7.996712461E-2,1.773934754E2
1.975420211E2,2.274254785E-2,7.342815516E-4,1.624002587E-3,9.997397661E-1,1.773936713E2,1.879626935E-1,-7.988827726E-2,1.773935361E2
1.975470211E2,2.273481450E-2,7.399164606E-4,1.619640389E-3,9.997399449E-1,1.773945577E2,1.874770151E-1,-8.054664167E-2,1.773944218E2
1.975520211E2,2.272970470E-2,7.443756913E-4,1.615727087E-3,9.997400641E-1,1.773951434E2,1.870399035E-1,-8.106865074E-2,1.773950069E2
1.975570211E2,2.272453540E-2,7.479024935E-4,1.613047207E-3,9.997401834E-1,1.773957359E2,1.867416567E-1,-8.148063369E-2,1.773955990E2
1.975620211E2,2.272440295E-2,7.483101217E-4,1.614723238E-3,9.997401834E-1,1.773957511E2,1.869347174E-1,-8.152299241E-2,1.773956140E2
1.975670211E2,2.271388476E-2,7.539542275E-4,1.612472348E-3,9.997404218E-1,1.773969567E2,1.866906856E-1,-8.217741740E-2,1.773968187E2
1.975720211E2,2.271394367E-2,7.552523166E-4,1.611034502E-3,9.997404218E-1,1.773969499E2,1.865293469E-1,-8.232986057E-2,1.773968118E2
1.975770211E2,2.272455896E-2,7.479797350E-4,1.612679334E-3,9.997401834E-1,1.773957332E2,1.866997155E-1,-8.149043623E-2,1.773955963E2
1.975820211E2,2.272698059E-2,7.458820473E-4,1.616471447E-3,9.997401237E-1,1.773954556E2,1.871288817E-1,-8.123979265E-2,1.773953188E2
1.975870211E2,2.272977409E-2,7.439568872E-4,1.614943729E-3,9.997400641E-1,1.773951354E2,1.869490749E-1,-8.102269928E-2,1.773949991E2
1.975920211E2,2.273788909E-2,7.383379852E-4,1.613981673E-3,9.997398853E-1,1.773942053E2,1.868248746E-1,-8.037997710E-2,1.773940701E2
1.975970211E2,2.274301317E-2,7.353969268E-4,1.616966212E-3,9.997397661E-1,1.773936179E2,1.871595358E-1,-8.003430803E-2,1.773934831E2
1.976020211E2,2.273514871E-2,7.396401488E-4,1.615068759E-3,9.997399449E-1,1.773945194E2,1.869525862E-1,-8.052683513E-2,1.773943839E2
1.976070211E2,2.273525944E-2,7.403198979E-4,1.613197499E-3,9.997399449E-1,1.773945067E2,1.867399907E-1,-8.060956310E-2,1.773943712E2
1.976120211E2,2.274331799E-2,7.350241067E-4,1.612843131E-3,9.997397661E-1,1.773935830E2,1.866862393E-1,-8.000228615E-2,1.773934486E2
1.976170211E2,2.275117654E-2,7.298821583E-4,1.615180867E-3,9.997395873E-1,1.773926822E2,1.869412766E-1,-7.940565297E-2,1.773925486E2
1.976220211E2,2.274326039E-2,7.353872061E-4,1.613489701E-3,9.997397661E-1,1.773935896E2,1.867612537E-1,-8.004220904E-2,1.773934551E2
1.976270211E2,2.273826652E-2,7.384822820E-4,1.608589315E-3,9.997398853E-1,1.773941620E2,1.862075208E-1,-8.041048862E-2,1.773940273E2
1.976320211E2,2.273548309E-2,7.395589491E-4,1.610392123E-3,9.997399449E-1,1.773944810E2,1.864166359E-1,-8.052965488E-2,1.773943460E2
1.976370211E2,2.272699645E-2,7.450631238E-4,1.616626163E-3,9.997401237E-1,1.773954538E2,1.871444746E-1,-8.114556934E-2,1.773953171E2
1.976420211E2,2.272447442E-2,7.474011509E-4,1.614138251E-3,9.997401834E-1,1.773957429E2,1.868653385E-1,-8.142036908E-2,1.773956060E2
1.976470211E2,2.273016865E-2,7.430596161E-4,1.609795145E-3,9.997400641E-1,1.773950902E2,1.863569363E-1,-8.093324365E-2,1.773949545E2
1.976520211E2,2.273493193E-2,7.408634410E-4,1.617557835E-3,9.997399449E-1,1.773945442E2,1.872409101E-1,-8.066053327E-2,1.773944083E2
1.976570211E2,2.273224643E-2,7.422989584E-4,1.617803471E-3,9.997400045E-1,1.773948520E2,1.872725741E-1,-8.082485181E-2,1.773947158E2
1.976620211E2,2.273499829E-2,7.407271187E-4,1.616687281E-3,9.997399449E-1,1.773945366E2,1.871408278E-1,-8.064717163E-2,1.773944008E2
1.976670211E2,2.272733800E-2,7.451804704E-4,1.611763029E-3,9.997401237E-1,1.773954146E2,1.865876767E-1,-8.117161489E-2,1.773952784E2
1.976720211E2,2.273244670E-2,7.421653718E-4,1.615048270E-3,9.997400045E-1,1.773948291E2,1.869566004E-1,-8.081668791E-2,1.773946931E2
1.976770211E2,2.272715992E-2,7.449495024E-4,1.614378765E-3,9.997401237E-1,1.773954351E2,1.868867251E-1,-8.113837538E-2,1.773952986E2
1.976820211E2,2.272726314E-2,7.456889725E-4,1.612583292E-3,9.997401237E-1,1.773954232E2,1.866829662E-1,-8.122774743E-2,1.773952868E2
1.976870211E2,2.272495176E-2,7.464320515E-4,1.607854152E-3,9.997401834E-1,1.773956882E2,1.861429331E-1,-8.132562329E-2,1.773955520E2
1.976920211E2,2.272992310E-2,7.436521701E-4,1.612985623E-3,9.997400641E-1,1.773951183E2,1.867239683E-1,-8.099286294E-2,1.773949823E2
1.976970211E2,2.272197193E-2,7.498420891E-4,1.611315762E-3,9.997402430E-1,1.773960297E2,1.865481406E-1,-8.170782467E-2,1.773958926E2
1.977020211E2,2.271924954E-2,7.502922090E-4,1.612511580E-3,9.997403026E-1,1.773963418E2,1.866860857E-1,-8.175678581E-2,1.773962044E2
1.977070211E2,2.272708509E-2,7.461964851E-4,1.614856301E-3,9.997401237E-1,1.773954436E2,1.869446746E-1,-8.128000226E-2,1.773953069E2
1.977120211E2,2.272459294E-2,7.474864833E-4,1.612429274E-3,9.997401834E-1,1.773957293E2,1.866697862E-1,-8.143457327E-2,1.773955925E2
1.977170211E2,2.270867459E-2,7.591828471E-4,1.609490020E-3,9.997405410E-1,1.773975539E2,1.863622034E-1,-8.278515193E-2,1.773974151E2
1.977220211E2,2.270916943E-2,7.586971042E-4,1.602722914E-3,9.997405410E-1,1.773974971E2,1.855857252E-1,-8.274702293E-2,1.773973590E2
1.977270211E2,2.271708655E-2,7.534413016E-4,1.604543068E-3,9.997403622E-1,1.773965897E2,1.857812174E-1,-8.213870028E-2,1.773964524E2
1.977320211E2,2.270918946E-2,7.579087396E-4,1.602812205E-3,9.997405410E-1,1.773974949E2,1.855939043E-1,-8.265647031E-2,1.773973569E2
1.977370211E2,2.271738872E-2,7.527623675E-4,1.600578660E-3,9.997403622E-1,1.773965550E2,1.853253032E-1,-8.207118495E-2,1.773964182E2
1.977420211E2,2.272575950E-2,7.478160551E-4,1.595748938E-3,9.997401834E-1,1.773955956E2,1.847598036E-1,-8.151555274E-2,1.773954601E2
1.977470211E2,2.272324492E-2,7.489915588E-4,1.593663124E-3,9.997402430E-1,1.773958838E2,1.845237046E-1,-8.165611685E-2,1.773957483E2
1.977520211E2,2.271511160E-2,7.550014998E-4,1.594601199E-3,9.997404218E-1,1.773968161E2,1.846461543E-1,-8.234368618E-2,1.773966793E2
1.977570211E2,2.272070878E-2,7.501715445E-4,1.591875334E-3,9.997403026E-1,1.773961745E2,1.843217570E-1,-8.179642124E-2,1.773960389E2
1.977620211E2,2.272848401E-2,7.459069602E-4,1.595181529E-3,9.997401237E-1,1.773952833E2,1.846900493E-1,-8.129781771E-2,1.773951482E2
1.977670211E2,2.272541172E-2,7.477176259E-4,1.600740128E-3,9.997401834E-1,1.773956354E2,1.853313207E-1,-8.149134233E-2,1.773954996E2
1.977720211E2,2.272501005E-2,7.477790932E-4,1.606403734E-3,9.997401834E-1,1.773956815E2,1.859802831E-1,-8.148370924E-2,1.773955451E2
1.977770211E2,2.272734195E-2,7.463218644E-4,1.611179207E-3,9.997401237E-1,1.773954142E2,1.865237661E-1,-8.130389491E-2,1.773952777E2
1.977820211E2,2.272439543E-2,7.472364232E-4,1.615326153E-3,9.997401834E-1,1.773957519E2,1.870009917E-1,-8.139841885E-2,1.773956150E2
1.977870211E2,2.272410883E-2,7.477845647E-4,1.619099872E-3,9.997401834E-1,1.773957848E2,1.874347215E-1,-8.145144130E-2,1.773956474E2
1.977920211E2,2.272151024E-2,7.485494716E-4,1.618411625E-3,9.997402430E-1,1.773960826E2,1.873576545E-1,-8.154134971E-2,1.773959452E2
1.977970211E2,2.272664142E-2,7.461302448E-4,1.621118863E-3,9.997401237E-1,1.773954945E2,1.876619188E-1,-8.125618625E-2,1.773953573E2
1.978020211E2,2.273479495E-2,7.401377661E-4,1.619813615E-3,9.997399449E-1,1.773945599E2,1.874974353E-1,-8.057154718E-2,1.773944240E2
1.978070211E2,2.274024113E-2,7.358481525E-4,1.618894399E-3,9.997398257E-1,1.773939357E2,1.873813871E-1,-8.008149540E-2,1.773938006E2
1.978120211E2,2.274019515E-2,7.367775543E-4,1.619117567E-3,9.997398257E-1,1.773939409E2,1.874093723E-1,-8.018739638E-2,1.773938057E2
1.978170211E2,2.274569579E-2,7.321867743E-4,1.617541420E-3,9.997397065E-1,1.773933105E2,1.872172792E-1,-7.966454569E-2,1.773931762E2
1.978220211E2,2.275347131E-2,7.279872079E-4,1.620594761E-3,9.997395277E-1,1.773924192E2,1.875567445E-1,-7.917401833E-2,1.773922855E2
1.978270211E2,2.275069722E-2,7.288603811E-4,1.622377895E-3,9.997395873E-1,1.773927372E2,1.877630811E-1,-7.926992207E-2,1.773926032E2
1.978320211E2,2.274543985E-2,7.322941092E-4,1.621088013E-3,9.997397065E-1,1.773933398E2,1.876238438E-1,-7.966764565E-2,1.773932052E2
1.978370211E2,2.275345398E-2,7.270934293E-4,1.621239237E-3,9.997395277E-1,1.773924212E2,1.876282448E-1,-7.906994826E-2,1.773922876E2
1.978420211E2,2.275328610E-2,7.272466319E-4,1.623525051E-3,9.997395277E-1,1.773924404E2,1.878904989E-1,-7.908157073E-2,1.773923067E2
1.978470211E2,2.274517708E-2,7.324127946E-4,1.624717144E-3,9.997397065E-1,1.773933699E2,1.880398933E-1,-7.967183228E-2,1.773932350E2
1.978520211E2,2.274787461E-2,7.315370021E-4,1.624022028E-3,9.997396469E-1,1.773930607E2,1.879581911E-1,-7.957280464E-2,1.773929261E2
1.978570211E2,2.275048782E-2,7.284921012E-4,1.625476754E-3,9.997395873E-1,1.773927612E2,1.881171162E-1,-7.921969141E-2,1.773926270E2
1.978620211E2,2.275024709E-2,7.298833807E-4,1.628219499E-3,9.997395873E-1,1.773927888E2,1.884349395E-1,-7.937197347E-2,1.773926541E2
1.978670211E2,2.275022429E-2,7.297251723E-4,1.628609025E-3,9.997395873E-1,1.773927914E2,1.884791500E-1,-7.935283759E-2,1.773926567E2
1.978720211E2,2.275326305E-2,7.277079858E-4,1.623641350E-3,9.997395277E-1,1.773924431E2,1.879050236E-1,-7.913412533E-2,1.773923092E2
1.978770211E2,2.274787285E-2,7.306120242E-4,1.624463010E-3,9.997396469E-1,1.773930609E2,1.880062991E-1,-7.946568828E-2,1.773929264E2
1.978820211E2,2.275085799E-2,7.298889686E-4,1.619658666E-3,9.997395873E-1,1.773927188E2,1.874542552E-1,-7.939481825E-2,1.773925848E2
1.978870211E2,2.274266072E-2,7.342410390E-4,1.622439479E-3,9.997397661E-1,1.773936583E2,1.877835239E-1,-7.988768871E-2,1.773935233E2
1.978920211E2,2.274517961E-2,7.331201341E-4,1.624362660E-3,9.997397065E-1,1.773933696E2,1.880011269E-1,-7.975378986E-2,1.773932346E2
1.978970211E2,2.274756880E-2,7.310557412E-4,1.628515893E-3,9.997396469E-1,1.773930958E2,1.884717387E-1,-7.950601334E-2,1.773929608E2
1.979020211E2,2.274731174E-2,7.304915925E-4,1.632355270E-3,9.997396469E-1,1.773931252E2,1.889100948E-1,-7.943142348E-2,1.773929901E2
1.979070211E2,2.273971022E-2,7.364584017E-4,1.626058482E-3,9.997398257E-1,1.773939965E2,1.882036678E-1,-8.013283713E-2,1.773938608E2
1.979120211E2,2.274798053E-2,7.307964843E-4,1.622871263E-3,9.997396469E-1,1.773930486E2,1.878244347E-1,-7.949094957E-2,1.773929142E2
1.979170211E2,2.274785003E-2,7.314735558E-4,1.624394790E-3,9.997396469E-1,1.773930635E2,1.880007281E-1,-7.956456900E-2,1.773929289E2
1.979220211E2,2.274271918E-2,7.347273058E-4,1.621399540E-3,9.997397661E-1,1.773936516E2,1.876656585E-1,-7.994609568E-2,1.773935166E2
1.979270211E2,2.273473868E-2,7.404165808E-4,1.620475901E-3,9.997399449E-1,1.773945664E2,1.875740302E-1,-8.060177377E-2,1.773944303E2
1.979320211E2,2.273469664E-2,7.393871201E-4,1.621535397E-3,9.997399449E-1,1.773945712E2,1.876927226E-1,-8.048108442E-2,1.773944352E2
1.979370211E2,2.273731865E-2,7.388141821E-4,1.621781150E-3,9.997398853E-1,1.773942707E2,1.877195946E-1,-8.041431501E-2,1.773941348E2
1.979420211E2,2.273241836E-2,7.418480236E-4,1.615592861E-3,9.997400045E-1,1.773948323E2,1.870181608E-1,-8.077891852E-2,1.773946964E2
1.979470211E2,2.273260336E-2,7.412531413E-4,1.613261178E-3,9.997400045E-1,1.773948111E2,1.867495032E-1,-8.071680740E-2,1.773946755E2
1.979520211E2,2.273757010E-2,7.379332674E-4,1.618653885E-3,9.997398853E-1,1.773942418E2,1.873590530E-1,-8.032149724E-2,1.773941064E2
1.979570211E2,2.273170681E-2,7.423668867E-4,1.625336939E-3,9.997400045E-1,1.773949139E2,1.881357580E-1,-8.081311018E-2,1.773947771E2
1.979620211E2,2.272663630E-2,7.453106227E-4,1.621567528E-3,9.997401237E-1,1.773954951E2,1.877111836E-1,-8.116112130E-2,1.773953580E2
1.979670211E2,2.273988555E-2,7.362930337E-4,1.623679767E-3,9.997398257E-1,1.773939764E2,1.879307402E-1,-8.012005805E-2,1.773938409E2
1.979720211E2,2.274513794E-2,7.334981929E-4,1.624775468E-3,9.997397065E-1,1.773933744E2,1.880494014E-1,-7.979603278E-2,1.773932393E2
1.979770211E2,2.273983035E-2,7.358876755E-4,1.624636352E-3,9.997398257E-1,1.773939828E2,1.880392677E-1,-8.007113708E-2,1.773938472E2
1.979820211E2,2.274008086E-2,7.371113170E-4,1.620570198E-3,9.997398257E-1,1.773939540E2,1.875766495E-1,-8.022186876E-2,1.773938186E2
1.979870211E2,2.274288660E-2,7.354426198E-4,1.618724782E-3,9.997397661E-1,1.773936324E2,1.873611103E-1,-8.003498307E-2,1.773934975E2
1.979920211E2,2.274059298E-2,7.365072961E-4,1.613643719E-3,9.997398257E-1,1.773938953E2,1.867816040E-1,-8.017062549E-2,1.773937606E2
1.979970211E2,2.273520202E-2,7.398608141E-4,1.614217064E-3,9.997399449E-1,1.773945133E2,1.868555935E-1,-8.055432397E-2,1.773943778E2
1.980020211E2,2.273537750E-2,7.406741497E-4,1.611370011E-3,9.997399449E-1,1.773944932E2,1.865315624E-1,-8.065488615E-2,1.773943578E2
1.980070211E2,2.274292523E-2,7.354587433E-4,1.618174603E-3,9.997397661E-1,1.773936280E2,1.872981257E-1,-8.003825689E-2,1.773934931E2
1.980120211E2,2.274589574E-2,7.329806685E-4,1.614367124E-3,9.997397065E-1,1.773932875E2,1.868557105E-1,-7.976373240E-2,1.773931534E2
1.980170211E2,2.273799077E-2,7.375953137E-4,1.612888300E-3,9.997398853E-1,1.773941936E2,1.866976882E-1,-8.029772533E-2,1.773940587E2
1.980220211E2,2.274088931E-2,7.367894286E-4,1.609333092E-3,9.997398257E-1,1.773938614E2,1.862885284E-1,-8.021412546E-2,1.773937269E2
1.980270211E2,2.273809225E-2,7.375610876E-4,1.611472690E-3,9.997398853E-1,1.773941820E2,1.865354318E-1,-8.029747408E-2,1.773940472E2
1.980320211E2,2.273528368E-2,7.400347386E-4,1.612986787E-3,9.997399449E-1,1.773945039E2,1.867151101E-1,-8.057743919E-2,1.773943685E2
1.980370211E2,2.273002008E-2,7.433724240E-4,1.611747430E-3,9.997400641E-1,1.773951072E2,1.865813972E-1,-8.096402186E-2,1.773949713E2
1.980420211E2,2.274082099E-2,7.369295345E-4,1.610234031E-3,9.997398257E-1,1.773938692E2,1.863921015E-1,-8.022784108E-2,1.773937346E2
1.980470211E2,2.274035697E-2,7.362180040E-4,1.617098111E-3,9.997398257E-1,1.773939224E2,1.871765736E-1,-8.012852565E-2,1.773937874E2
1.980520211E2,2.272951681E-2,7.447591634E-4,1.618191716E-3,9.997400641E-1,1.773951649E2,1.873232405E-1,-8.110619741E-2,1.773950282E2
1.980570211E2,2.273234118E-2,7.427555975E-4,1.616261667E-3,9.997400045E-1,1.773948412E2,1.870971390E-1,-8.088116398E-2,1.773947050E2
1.980620211E2,2.273775130E-2,7.380536408E-4,1.616051537E-3,9.997398853E-1,1.773942211E2,1.870612506E-1,-8.034203441E-2,1.773940858E2
1.980670211E2,2.273487868E-2,7.406271761E-4,1.618414186E-3,9.997399449E-1,1.773945503E2,1.873383957E-1,-8.063124520E-2,1.773944144E2
1.980720211E2,2.273767425E-2,7.374383858E-4,1.617415925E-3,9.997398853E-1,1.773942299E2,1.872159483E-1,-8.026800894E-2,1.773940946E2
1.980770211E2,2.274328021E-2,7.343429606E-4,1.613685861E-3,9.997397661E-1,1.773935873E2,1.867810058E-1,-7.992206346E-2,1.773934530E2
1.980820211E2,2.274057880E-2,7.368941442E-4,1.613667002E-3,9.997398257E-1,1.773938970E2,1.867852784E-1,-8.021488548E-2,1.773937621E2
1.980870211E2,2.273716084E-2,7.384836208E-4,1.624142518E-3,9.997398853E-1,1.773942887E2,1.879892440E-1,-8.037032210E-2,1.773941527E2
1.980920211E2,2.273997596E-2,7.368760416E-4,1.622148324E-3,9.997398257E-1,1.773939661E2,1.877568214E-1,-8.019082236E-2,1.773938305E2
1.980970211E2,2.273979727E-2,7.367635844E-4,1.624702360E-3,9.997398257E-1,1.773939866E2,1.880491098E-1,-8.017131698E-2,1.773938508E2
1.981020211E2,2.274250413E-2,7.349941297E-4,1.624292461E-3,9.997397661E-1,1.773936763E2,1.879977560E-1,-7.996916423E-2,1.773935409E2
1.981070211E2,2.274539977E-2,7.325609913E-4,1.621529693E-3,9.997397065E-1,1.773933444E2,1.876751361E-1,-7.969707639E-2,1.773932097E2
1.981120211E2,2.274579691E-2,7.324077305E-4,1.616018824E-3,9.997397065E-1,1.773932989E2,1.870434314E-1,-7.969380872E-2,1.773931647E2
1.981170211E2,2.274604131E-2,7.322701276E-4,1.612637541E-3,9.997397065E-1,1.773932709E2,1.866557251E-1,-7.968681276E-2,1.773931370E2
1.981220211E2,2.274849433E-2,7.302095764E-4,1.615918591E-3,9.997396469E-1,1.773929897E2,1.870264324E-1,-7.944174093E-2,1.773928559E2
1.981270211E2,2.274035713E-2,7.364139892E-4,1.617006608E-3,9.997398257E-1,1.773939224E2,1.871666017E-1,-8.015121649E-2,1.773937874E2
1.981320211E2,2.273526095E-2,7.397840964E-4,1.613422064E-3,9.997399449E-1,1.773945065E2,1.867643214E-1,-8.054759534E-2,1.773943711E2
1.981370211E2,2.274016238E-2,7.359313895E-4,1.619962393E-3,9.997398257E-1,1.773939447E2,1.875039495E-1,-8.008826277E-2,1.773938095E2
1.981420211E2,2.273705986E-2,7.378407754E-4,1.625847421E-3,9.997398853E-1,1.773943003E2,1.881828780E-1,-8.029225323E-2,1.773941643E2
1.981470211E2,2.272380340E-2,7.473074365E-4,1.623600605E-3,9.997401834E-1,1.773958198E2,1.879490678E-1,-8.138511753E-2,1.773956821E2
1.981520211E2,2.272929830E-2,7.444689982E-4,1.621391275E-3,9.997400641E-1,1.773951900E2,1.876890154E-1,-8.106466253E-2,1.773950530E2
1.981570211E2,2.273444602E-2,7.401234470E-4,1.624710159E-3,9.997399449E-1,1.773945999E2,1.880583287E-1,-8.055721516E-2,1.773944636E2
1.981620211E2,2.273406675E-2,7.409001701E-4,1.629655715E-3,9.997399449E-1,1.773946434E2,1.886268955E-1,-8.063338478E-2,1.773945065E2
1.981670211E2,2.273178612E-2,7.415495929E-4,1.624600613E-3,9.997400045E-1,1.773949048E2,1.880492799E-1,-8.072138274E-2,1.773947682E2
1.981720211E2,2.273456950E-2,7.400124450E-4,1.623032033E-3,9.997399449E-1,1.773945858E2,1.878657995E-1,-8.054884741E-2,1.773944496E2
1.981770211E2,2.273739923E-2,7.392168627E-4,1.620467403E-3,9.997398853E-1,1.773942614E2,1.875701448E-1,-8.046385486E-2,1.773941256E2
1.981820211E2,2.273187603E-2,7.420505281E-4,1.623113174E-3,9.997400045E-1,1.773948945E2,1.878801881E-1,-8.078262867E-2,1.773947579E2
1.981870211E2,2.273484746E-2,7.407843368E-4,1.618780778E-3,9.997399449E-1,1.773945539E2,1.873808002E-1,-8.064830056E-2,1.773944179E2
1.981920211E2,2.274061336E-2,7.363517652E-4,1.613427536E-3,9.997398257E-1,1.773938930E2,1.867564338E-1,-8.015336717E-2,1.773937583E2
1.981970211E2,2.274565315E-2,7.334972033E-4,1.617547357E-3,9.997397065E-1,1.773933153E2,1.872213720E-1,-7.981466329E-2,1.773931808E2
1.982020211E2,2.274567479E-2,7.329637301E-4,1.617484842E-3,9.997397065E-1,1.773933129E2,1.872128212E-1,-7.975370655E-2,1.773931785E2
1.982070211E2,2.274312767E-2,7.345174672E-4,1.615755027E-3,9.997397661E-1,1.773936048E2,1.870184966E-1,-7.993669086E-2,1.773934703E2
1.982120211E2,2.275380775E-2,7.266043103E-4,1.616486465E-3,9.997395277E-1,1.773923807E2,1.870825097E-1,-7.902624054E-2,1.773922475E2
1.982170211E2,2.275905362E-2,7.244225126E-4,1.617342350E-3,9.997394085E-1,1.773917794E2,1.871752854E-1,-7.877307605E-2,1.773916466E2
1.982220211E2,2.274844305E-2,7.300592260E-4,1.616708236E-3,9.997396469E-1,1.773929956E2,1.871164998E-1,-7.942246757E-2,1.773928618E2
1.982270211E2,2.274329139E-2,7.349664811E-4,1.613244414E-3,9.997397661E-1,1.773935861E2,1.867320589E-1,-7.999464355E-2,1.773934516E2
1.982320211E2,2.275387200E-2,7.268085028E-4,1.615490066E-3,9.997395277E-1,1.773923733E2,1.869688977E-1,-7.905221932E-2,1.773922402E2
1.982370211E2,2.274568234E-2,7.325015613E-4,1.617587986E-3,9.997397065E-1,1.773933120E2,1.872234334E-1,-7.970048940E-2,1.773931777E2
1.982420211E2,2.273273765E-2,7.423073403E-4,1.610882347E-3,9.997400045E-1,1.773947957E2,1.864797366E-1,-8.084375039E-2,1.773946601E2
1.982470211E2,2.273304109E-2,7.416657754E-4,1.606890815E-3,9.997400045E-1,1.773947610E2,1.860208110E-1,-8.078059352E-2,1.773946257E2
1.982520211E2,2.273806174E-2,7.379489834E-4,1.611725660E-3,9.997398853E-1,1.773941855E2,1.865654210E-1,-8.034125865E-2,1.773940506E2
1.982570211E2,2.273289071E-2,7.424863870E-4,1.608638326E-3,9.997400045E-1,1.773947782E2,1.862231355E-1,-8.087007975E-2,1.773946427E2
1.982620211E2,2.272533484E-2,7.476515020E-4,1.601862023E-3,9.997401834E-1,1.773956443E2,1.854596689E-1,-8.148085958E-2,1.773955083E2
1.982670211E2,2.273092014E-2,7.436081069E-4,1.598893898E-3,9.997400641E-1,1.773950041E2,1.851095554E-1,-8.102433645E-2,1.773948691E2
1.982720211E2,2.273595052E-2,7.399049355E-4,1.603619778E-3,9.997399449E-1,1.773944275E2,1.856417206E-1,-8.058684980E-2,1.773942929E2
1.982770211E2,2.272525840E-2,7.471499266E-4,1.603179961E-3,9.997401834E-1,1.773956530E2,1.856093421E-1,-8.141998011E-2,1.773955171E2
1.982820211E2,2.272291418E-2,7.492218283E-4,1.598264091E-3,9.997402430E-1,1.773959217E2,1.850513741E-1,-8.167057710E-2,1.773957858E2
1.982870211E2,2.273111884E-2,7.436806918E-4,1.596032642E-3,9.997400641E-1,1.773949813E2,1.847819689E-1,-8.104006850E-2,1.773948466E2
1.982920211E2,2.273324286E-2,7.410260732E-4,1.604329445E-3,9.997400045E-1,1.773947378E2,1.857257245E-1,-8.071394335E-2,1.773946029E2
1.982970211E2,2.273350485E-2,7.413972053E-4,1.600440824E-3,9.997400045E-1,1.773947078E2,1.852812238E-1,-8.076654290E-2,1.773945732E2
1.983020211E2,2.274172617E-2,7.365387282E-4,1.597579336E-3,9.997398257E-1,1.773937655E2,1.849414065E-1,-8.021588086E-2,1.773936320E2
1.983070211E2,2.274669261E-2,7.325336337E-4,1.603304292E-3,9.997397065E-1,1.773931962E2,1.855872270E-1,-7.974120802E-2,1.773930630E2
1.983120211E2,2.274896117E-2,7.302080630E-4,1.609333674E-3,9.997396469E-1,1.773929362E2,1.862720835E-1,-7.945864694E-2,1.773928029E2
1.983170211E2,2.275477645E-2,7.263528532E-4,1.602906617E-3,9.997395277E-1,1.773922696E2,1.855261944E-1,-7.903266328E-2,1.773921376E2
1.983220211E2,2.275251984E-2,7.276731776E-4,1.597154886E-3,9.997395873E-1,1.773925283E2,1.848705284E-1,-7.919933770E-2,1.773923965E2
1.983270211E2,2.275246620E-2,7.287952467E-4,1.597407390E-3,9.997395873E-1,1.773925344E2,1.849023776E-1,-7.932723546E-2,1.773924024E2
1.983320211E2,2.275504918E-2,7.261865539E-4,1.599105773E-3,9.997395277E-1,1.773922384E2,1.850903496E-1,-7.902347248E-2,1.773921067E2
1.983370211E2,2.275258891E-2,7.285719039E-4,1.595760696E-3,9.997395873E-1,1.773925204E2,1.847131561E-1,-7.930591980E-2,1.773923885E2
1.983420211E2,2.275240320E-2,7.284890162E-4,1.598444185E-3,9.997395873E-1,1.773925416E2,1.850203515E-1,-7.928946150E-2,1.773924096E2
1.983470211E2,2.274955917E-2,7.308744243E-4,1.600553980E-3,9.997396469E-1,1.773928676E2,1.852680480E-1,-7.955776410E-2,1.773927350E2
1.983520211E2,2.274964855E-2,7.313808892E-4,1.599051524E-3,9.997396469E-1,1.773928574E2,1.850972510E-1,-7.961968603E-2,1.773927247E2
1.983570211E2,2.274426438E-2,7.349250372E-4,1.599487267E-3,9.997397661E-1,1.773934745E2,1.851559803E-1,-8.002557109E-2,1.773933412E2
1.983620211E2,2.274158801E-2,7.365167839E-4,1.599554904E-3,9.997398257E-1,1.773937813E2,1.851676635E-1,-8.020824385E-2,1.773936476E2
1.983670211E2,2.274674457E-2,7.323384634E-4,1.602656092E-3,9.997397065E-1,1.773931902E2,1.855124631E-1,-7.972052900E-2,1.773930571E2
1.983720211E2,2.273888243E-2,7.377241272E-4,1.600209041E-3,9.997398853E-1,1.773940914E2,1.852455323E-1,-8.034535582E-2,1.773939575E2
1.983770211E2,2.273911269E-2,7.382894983E-4,1.596672344E-3,9.997398853E-1,1.773940650E2,1.848418525E-1,-8.041929918E-2,1.773939313E2
1.983820211E2,2.274160732E-2,7.363227196E-4,1.599369687E-3,9.997398257E-1,1.773937791E2,1.851459404E-1,-8.018649061E-2,1.773936455E2
1.983870211E2,2.273896038E-2,7.370815729E-4,1.599397277E-3,9.997398853E-1,1.773940825E2,1.851508666E-1,-8.027384451E-2,1.773939487E2
1.983920211E2,2.273390061E-2,7.405288634E-4,1.595212612E-3,9.997400045E-1,1.773946624E2,1.846800379E-1,-8.068061154E-2,1.773945284E2
1.983970211E2,2.274478748E-2,7.339609438E-4,1.592476154E-3,9.997397661E-1,1.773934146E2,1.843503010E-1,-7.993330038E-2,1.773932820E2
1.984020211E2,2.274708316E-2,7.321260637E-4,1.597940456E-3,9.997397065E-1,1.773931514E2,1.849717031E-1,-7.970842581E-2,1.773930187E2
1.984070211E2,2.273360292E-2,7.417729357E-4,1.598872943E-3,9.997400045E-1,1.773946966E2,1.851025907E-1,-8.081365376E-2,1.773945620E2
1.984120211E2,2.273129627E-2,7.435898297E-4,1.593546127E-3,9.997400641E-1,1.773949609E2,1.844968861E-1,-8.103610363E-2,1.773948264E2
1.984170211E2,2.273410016E-2,7.407185622E-4,1.592278015E-3,9.997400045E-1,1.773946396E2,1.843443545E-1,-8.070995234E-2,1.773945057E2
1.984220211E2,2.273419435E-2,7.412825944E-4,1.590669970E-3,9.997400045E-1,1.773946288E2,1.841616106E-1,-8.077874095E-2,1.773944949E2
1.984270211E2,2.273154303E-2,7.424668293E-4,1.590546919E-3,9.997400641E-1,1.773949327E2,1.841503846E-1,-8.091521799E-2,1.773947986E2
1.984320211E2,2.273713604E-2,7.386858342E-4,1.587289968E-3,9.997399449E-1,1.773942916E2,1.837678610E-1,-8.048951652E-2,1.773941585E2
1.984370211E2,2.274221982E-2,7.360031595E-4,1.590784406E-3,9.997398257E-1,1.773937089E2,1.841616084E-1,-8.017214280E-2,1.773935760E2
1.984420211E2,2.274191577E-2,7.359139272E-4,1.595166395E-3,9.997398257E-1,1.773937437E2,1.846633615E-1,-8.015055599E-2,1.773936105E2
1.984470211E2,2.274737400E-2,7.329534856E-4,1.593414578E-3,9.997397065E-1,1.773931181E2,1.844553891E-1,-7.981496095E-2,1.773929856E2
1.984520211E2,2.274470234E-2,7.343172911E-4,1.593527617E-3,9.997397661E-1,1.773934243E2,1.844716809E-1,-7.997139924E-2,1.773932916E2
1.984570211E2,2.274175141E-2,7.365845377E-4,1.597198891E-3,9.997398257E-1,1.773937626E2,1.848979433E-1,-8.022211570E-2,1.773936291E2
1.984620211E2,2.274147075E-2,7.359861629E-4,1.601465163E-3,9.997398257E-1,1.773937947E2,1.853851145E-1,-8.014249831E-2,1.773936610E2
1.984670211E2,2.273345806E-2,7.408310194E-4,1.601367374E-3,9.997400045E-1,1.773947132E2,1.853858923E-1,-8.069927444E-2,1.773945785E2
1.984720211E2,2.273896317E-2,7.385039935E-4,1.598701230E-3,9.997398853E-1,1.773940822E2,1.850748331E-1,-8.043861285E-2,1.773939482E2
1.984770211E2,2.274427721E-2,7.341731107E-4,1.599650132E-3,9.997397661E-1,1.773934731E2,1.851726795E-1,-7.993900216E-2,1.773933398E2
1.984820211E2,2.274155461E-2,7.365925703E-4,1.599994837E-3,9.997398257E-1,1.773937851E2,1.852182581E-1,-8.021578574E-2,1.773936514E2
1.984870211E2,2.273878998E-2,7.374607376E-4,1.601643511E-3,9.997398853E-1,1.773941020E2,1.854091744E-1,-8.031146060E-2,1.773939680E2
1.984920211E2,2.274971422E-2,7.312951493E-4,1.598156290E-3,9.997396469E-1,1.773928499E2,1.849944728E-1,-7.961218529E-2,1.773927173E2
1.984970211E2,2.275243786E-2,7.293384406E-4,1.597563154E-3,9.997395873E-1,1.773925377E2,1.849216364E-1,-7.938906382E-2,1.773924055E2
1.985020211E2,2.274707683E-2,7.328629144E-4,1.597692841E-3,9.997397065E-1,1.773931522E2,1.849452562E-1,-7.979348739E-2,1.773930193E2
1.985070211E2,2.274968535E-2,7.306427578E-4,1.598865492E-3,9.997396469E-1,1.773928532E2,1.850740172E-1,-7.953560258E-2,1.773927207E2
1.985120211E2,2.275737669E-2,7.253633230E-4,1.603615354E-3,9.997394681E-1,1.773919716E2,1.856050134E-1,-7.891697008E-2,1.773918397E2
1.985170211E2,2.275159917E-2,7.286528707E-4,1.609773724E-3,9.997395873E-1,1.773926338E2,1.863186510E-1,-7.927884251E-2,1.773925008E2
1.985220211E2,2.274927202E-2,7.313819951E-4,1.604398945E-3,9.997396469E-1,1.773929005E2,1.857098359E-1,-7.960594166E-2,1.773927675E2
1.985270211E2,2.275189084E-2,7.287476910E-4,1.605603029E-3,9.997395873E-1,1.773926004E2,1.858411177E-1,-7.930052524E-2,1.773924677E2
1.985320211E2,2.275443790E-2,7.267370238E-4,1.607531914E-3,9.997395277E-1,1.773923084E2,1.860570534E-1,-7.906467642E-2,1.773921760E2
1.985370211E2,2.275473392E-2,7.269303314E-4,1.603248529E-3,9.997395277E-1,1.773922745E2,1.855668672E-1,-7.909793651E-2,1.773921424E2
1.985420211E2,2.275219850E-2,7.285673637E-4,1.601319527E-3,9.997395873E-1,1.773925651E2,1.853499448E-1,-7.929097800E-2,1.773924328E2
1.985470211E2,2.274413605E-2,7.337766001E-4,1.601837575E-3,9.997397661E-1,1.773934892E2,1.854222329E-1,-7.988790194E-2,1.773933559E2
1.985520211E2,2.274120639E-2,7.369447849E-4,1.604774850E-3,9.997398257E-1,1.773938250E2,1.857667567E-1,-8.024374345E-2,1.773936909E2
1.985570211E2,2.273069547E-2,7.425897056E-4,1.602557022E-3,9.997400641E-1,1.773950298E2,1.855265397E-1,-8.089816613E-2,1.773948948E2
1.985620211E2,2.272583556E-2,7.462927606E-4,1.595378853E-3,9.997401834E-1,1.773955869E2,1.847134446E-1,-8.134199109E-2,1.773954517E2
1.985670211E2,2.272002727E-2,7.508153212E-4,1.601271098E-3,9.997403026E-1,1.773962526E2,1.853997771E-1,-8.184583573E-2,1.773961161E2
1.985720211E2,2.272770833E-2,7.460741326E-4,1.606117818E-3,9.997401237E-1,1.773953722E2,1.859433067E-1,-8.128862855E-2,1.773952362E2
1.985770211E2,2.271991597E-2,7.508280105E-4,1.602843520E-3,9.997403026E-1,1.773962654E2,1.855799411E-1,-8.184321604E-2,1.773961287E2
1.985820211E2,2.271476921E-2,7.547603454E-4,1.599584823E-3,9.997404218E-1,1.773968553E2,1.852164333E-1,-8.230314964E-2,1.773967182E2
1.985870211E2,2.271699465E-2,7.525224355E-4,1.606274396E-3,9.997403622E-1,1.773966002E2,1.859771623E-1,-8.202894314E-2,1.773964630E2
1.985920211E2,2.271923184E-2,7.515091565E-4,1.612194232E-3,9.997403026E-1,1.773963438E2,1.866528969E-1,-8.189703113E-2,1.773962063E2
1.985970211E2,2.270608255E-2,7.596129435E-4,1.608832972E-3,9.997406006E-1,1.773978510E2,1.862878351E-1,-8.283661746E-2,1.773977122E2
1.986020211E2,2.271673552E-2,7.537850179E-4,1.609344268E-3,9.997403622E-1,1.773966299E2,1.863321196E-1,-8.216564337E-2,1.773964922E2
1.986070211E2,2.272465824E-2,7.473611040E-4,1.611566870E-3,9.997401834E-1,1.773957218E2,1.865706660E-1,-8.142244326E-2,1.773955851E2
1.986120211E2,2.271389575E-2,7.541408995E-4,1.612230320E-3,9.997404218E-1,1.773969554E2,1.866634452E-1,-8.219943083E-2,1.773968174E2
1.986170211E2,2.271141350E-2,7.560771774E-4,1.609329367E-3,9.997404814E-1,1.773972399E2,1.863359415E-1,-8.242926816E-2,1.773971018E2
1.986220211E2,2.273039178E-2,7.443969953E-4,1.606022357E-3,9.997400641E-1,1.773950646E2,1.859282196E-1,-8.109624220E-2,1.773949290E2
1.986270211E2,2.272177110E-2,7.496096659E-4,1.614253270E-3,9.997402430E-1,1.773960527E2,1.868840463E-1,-8.167358644E-2,1.773959154E2
1.986320211E2,2.271365176E-2,7.546812412E-4,1.615411718E-3,9.997404218E-1,1.773969834E2,1.870292998E-1,-8.225309797E-2,1.773968450E2
1.986370211E2,2.272743493E-2,7.463298389E-4,1.609863364E-3,9.997401237E-1,1.773954035E2,1.863730486E-1,-8.130821826E-2,1.773952672E2
1.986420211E2,2.273553427E-2,7.401686744E-4,1.609389205E-3,9.997399449E-1,1.773944752E2,1.863033324E-1,-8.060210961E-2,1.773943400E2
1.986470211E2,2.272467826E-2,7.470137789E-4,1.611445565E-3,9.997401834E-1,1.773957195E2,1.865558661E-1,-8.138296522E-2,1.773955829E2
1.986520211E2,2.273008109E-2,7.437180611E-4,1.610727282E-3,9.997400641E-1,1.773951002E2,1.864654323E-1,-8.100626459E-2,1.773949643E2
1.986570211E2,2.273302199E-2,7.416444132E-4,1.607170794E-3,9.997400045E-1,1.773947631E2,1.860528288E-1,-8.077742039E-2,1.773946279E2
1.986620211E2,2.271433231E-2,7.541247178E-4,1.606075559E-3,9.997404218E-1,1.773969054E2,1.859583358E-1,-8.221351643E-2,1.773967679E2
1.986670211E2,2.272500380E-2,7.471697754E-4,1.606775681E-3,9.997401834E-1,1.773956822E2,1.860213067E-1,-8.141293720E-2,1.773955459E2
1.986720211E2,2.274115593E-2,7.358638104E-4,1.605985570E-3,9.997398257E-1,1.773938308E2,1.859026379E-1,-8.011675921E-2,1.773936968E2
1.986770211E2,2.273046707E-2,7.438386092E-4,1.605215250E-3,9.997400641E-1,1.773950560E2,1.858343071E-1,-8.103436087E-2,1.773949205E2
1.986820211E2,2.274150953E-2,7.364564226E-4,1.600698102E-3,9.997398257E-1,1.773937903E2,1.852984672E-1,-8.019836397E-2,1.773936566E2
1.986870211E2,2.276556564E-2,7.201215485E-4,1.601220923E-3,9.997392893E-1,1.773910329E2,1.853176724E-1,-7.832118979E-2,1.773909023E2
1.986920211E2,2.275746662E-2,7.242605789E-4,1.602837234E-3,9.997394681E-1,1.773919613E2,1.855130013E-1,-7.879265038E-2,1.773918297E2
1.986970211E2,2.274938283E-2,7.296755211E-4,1.603604527E-3,9.997396469E-1,1.773928878E2,1.856143852E-1,-7.941249545E-2,1.773927552E2
1.987020211E2,2.276521266E-2,7.199893007E-4,1.606290811E-3,9.997392893E-1,1.773910734E2,1.858981166E-1,-7.829287817E-2,1.773909424E2
1.987070211E2,2.276491351E-2,7.197252125E-4,1.610642998E-3,9.997392893E-1,1.773911077E2,1.863959997E-1,-7.825132541E-2,1.773909764E2
1.987120211E2,2.275719837E-2,7.243761793E-4,1.606589300E-3,9.997394681E-1,1.773919920E2,1.859431262E-1,-7.879615846E-2,1.773918601E2
1.987170211E2,2.277583974E-2,7.123689866E-4,1.607429585E-3,9.997390509E-1,1.773898553E2,1.860095178E-1,-7.741493368E-2,1.773897256E2
1.987220211E2,2.278074497E-2,7.092888118E-4,1.613412402E-3,9.997389317E-1,1.773892931E2,1.866872594E-1,-7.704553216E-2,1.773891635E2
1.987270211E2,2.276215141E-2,7.217000239E-4,1.611799118E-3,9.997393489E-1,1.773914243E2,1.865333829E-1,-7.847506248E-2,1.773912925E2
1.987320211E2,2.276510350E-2,7.199579268E-4,1.607851242E-3,9.997392893E-1,1.773910859E2,1.860767924E-1,-7.828523333E-2,1.773909547E2
1.987370211E2,2.277273886E-2,7.143021794E-4,1.613423112E-3,9.997391105E-1,1.773902107E2,1.867009540E-1,-7.762133920E-2,1.773900802E2
1.987420211E2,2.276181464E-2,7.219715626E-4,1.616426744E-3,9.997393489E-1,1.773914629E2,1.870642153E-1,-7.849416234E-2,1.773913307E2
1.987470211E2,2.276210390E-2,7.223336142E-4,1.612186199E-3,9.997393489E-1,1.773914297E2,1.865793769E-1,-7.854664687E-2,1.773912978E2
1.987520211E2,2.276484436E-2,7.196647930E-4,1.611647080E-3,9.997392893E-1,1.773911156E2,1.865108664E-1,-7.824179709E-2,1.773909842E2
1.987570211E2,2.276197272E-2,7.213078206E-4,1.614495995E-3,9.997393489E-1,1.773914448E2,1.868413057E-1,-7.842312963E-2,1.773913128E2
1.987620211E2,2.275934575E-2,7.226963644E-4,1.614000299E-3,9.997394085E-1,1.773917459E2,1.867879335E-1,-7.858398743E-2,1.773916137E2
1.987670211E2,2.275969374E-2,7.231857744E-4,1.608865801E-3,9.997394085E-1,1.773917060E2,1.862010186E-1,-7.865338190E-2,1.773915741E2
1.987720211E2,2.275960788E-2,7.228025934E-4,1.610251958E-3,9.997394085E-1,1.773917158E2,1.863588134E-1,-7.860588464E-2,1.773915839E2
1.987770211E2,2.276498667E-2,7.194281789E-4,1.609741361E-3,9.997392893E-1,1.773910993E2,1.862919371E-1,-7.821963527E-2,1.773909681E2
1.987820211E2,2.277000178E-2,7.155658095E-4,1.614559791E-3,9.997391701E-1,1.773905245E2,1.868342595E-1,-7.776364795E-2,1.773903936E2
1.987870211E2,2.276726672E-2,7.188477903E-4,1.614764566E-3,9.997392297E-1,1.773908380E2,1.868660699E-1,-7.813961419E-2,1.773907065E2
1.987920211E2,2.276498630E-2,7.194217178E-4,1.609749510E-3,9.997392893E-1,1.773910994E2,1.862928538E-1,-7.821887389E-2,1.773909681E2
1.987970211E2,2.276246084E-2,7.216109661E-4,1.607463346E-3,9.997393489E-1,1.773913888E2,1.860364597E-1,-7.847611209E-2,1.773912574E2
1.988020211E2,2.276487079E-2,7.201076369E-4,1.611075830E-3,9.997392893E-1,1.773911126E2,1.864465803E-1,-7.829401540E-2,1.773909811E2
1.988070211E2,2.275981842E-2,7.230650517E-4,1.607155427E-3,9.997394085E-1,1.773916917E2,1.860047695E-1,-7.864398951E-2,1.773915600E2
1.988120211E2,2.276515225E-2,7.195602520E-4,1.607338898E-3,9.997392893E-1,1.773910803E2,1.860170635E-1,-7.824100257E-2,1.773909493E2
1.988170211E2,2.277302281E-2,7.142320974E-4,1.609441359E-3,9.997391105E-1,1.773901782E2,1.862446353E-1,-7.762364876E-2,1.773900480E2
1.988220211E2,2.276484122E-2,7.196789957E-4,1.611685031E-3,9.997392893E-1,1.773911160E2,1.865152510E-1,-7.824332575E-2,1.773909846E2
1.988270211E2,2.275959453E-2,7.229628391E-4,1.610368723E-3,9.997394085E-1,1.773917174E2,1.863726071E-1,-7.862394061E-2,1.773915854E2
1.988320211E2,2.276722595E-2,7.185855648E-4,1.615455956E-3,9.997392297E-1,1.773908426E2,1.869445896E-1,-7.810777692E-2,1.773907111E2
1.988370211E2,2.276439392E-2,7.196638617E-4,1.617997536E-3,9.997392893E-1,1.773911673E2,1.872383503E-1,-7.822520772E-2,1.773910353E2
1.988420211E2,2.275920216E-2,7.229673211E-4,1.615902642E-3,9.997394085E-1,1.773917623E2,1.870065654E-1,-7.861009394E-2,1.773916300E2
1.988470211E2,2.276487493E-2,7.194877253E-4,1.611294341E-3,9.997392893E-1,1.773911121E2,1.864699964E-1,-7.822242643E-2,1.773909808E2
1.988520211E2,2.277292755E-2,7.144497358E-4,1.610692241E-3,9.997391105E-1,1.773901891E2,1.863884996E-1,-7.764533509E-2,1.773900588E2
1.988570211E2,2.276747164E-2,7.173636695E-4,1.612533815E-3,9.997392297E-1,1.773908145E2,1.866066539E-1,-7.797537270E-2,1.773906834E2
1.988620211E2,2.276252772E-2,7.216843660E-4,1.606483012E-3,9.997393489E-1,1.773913812E2,1.859243474E-1,-7.848706569E-2,1.773912498E2
1.988670211E2,2.277567198E-2,7.115936605E-4,1.610147650E-3,9.997390509E-1,1.773898745E2,1.863188681E-1,-7.731904798E-2,1.773897448E2
1.988720211E2,2.277822217E-2,7.108944119E-4,1.611389918E-3,9.997389913E-1,1.773895822E2,1.864595567E-1,-7.723522287E-2,1.773894525E2
1.988770211E2,2.276745904E-2,7.178991800E-4,1.612473279E-3,9.997392297E-1,1.773908159E2,1.866011151E-1,-7.803688200E-2,1.773906848E2
1.988820211E2,2.275972805E-2,7.229570183E-4,1.608483144E-3,9.997394085E-1,1.773917021E2,1.861565866E-1,-7.862816686E-2,1.773915703E2
1.988870211E2,2.276726990E-2,7.180025568E-4,1.615095767E-3,9.997392297E-1,1.773908376E2,1.869018078E-1,-7.804191807E-2,1.773907062E2
1.988920211E2,2.278039240E-2,7.092015003E-4,1.618421054E-3,9.997389317E-1,1.773893335E2,1.872608058E-1,-7.702251999E-2,1.773892035E2
1.988970211E2,2.277258285E-2,7.142511895E-4,1.615646179E-3,9.997391105E-1,1.773902286E2,1.869554880E-1,-7.760972535E-2,1.773900979E2
1.989020211E2,2.276748604E-2,7.174316561E-4,1.612300170E-3,9.997392297E-1,1.773908128E2,1.865800655E-1,-7.798376827E-2,1.773906818E2
1.989070211E2,2.276974973E-2,7.164389244E-4,1.617724076E-3,9.997391701E-1,1.773905534E2,1.871990254E-1,-7.785546385E-2,1.773904221E2
1.989120211E2,2.277210472E-2,7.140378002E-4,1.622465323E-3,9.997391105E-1,1.773902834E2,1.877361092E-1,-7.756757311E-2,1.773901523E2
1.989170211E2,2.276436576E-2,7.195542566E-4,1.618442358E-3,9.997392893E-1,1.773911705E2,1.872890219E-1,-7.821149603E-2,1.773910386E2
1.989220211E2,2.276461263E-2,7.190858014E-4,1.615174930E-3,9.997392893E-1,1.773911422E2,1.869134956E-1,-7.816630670E-2,1.773910106E2
1.989270211E2,2.277486814E-2,7.135420456E-4,1.620621537E-3,9.997390509E-1,1.773899667E2,1.875238016E-1,-7.751507186E-2,1.773898357E2
1.989320211E2,2.277247719E-2,7.147920551E-4,1.616895781E-3,9.997391105E-1,1.773902407E2,1.871000484E-1,-7.766844655E-2,1.773901098E2
1.989370211E2,2.276238986E-2,7.207513554E-4,1.608853461E-3,9.997393489E-1,1.773913970E2,1.861934662E-1,-7.837402067E-2,1.773912656E2
1.989420211E2,2.277029358E-2,7.167223375E-4,1.609924948E-3,9.997391701E-1,1.773904910E2,1.863063231E-1,-7.790818150E-2,1.773903603E2
1.989470211E2,2.276489061E-2,7.197008817E-4,1.610977575E-3,9.997392893E-1,1.773911103E2,1.864342644E-1,-7.824766946E-2,1.773909790E2
1.989520211E2,2.275940084E-2,7.227049209E-4,1.613219501E-3,9.997394085E-1,1.773917396E2,1.866985103E-1,-7.858699384E-2,1.773916075E2
1.989570211E2,2.276258749E-2,7.213751669E-4,1.605774858E-3,9.997393489E-1,1.773913743E2,1.858424178E-1,-7.845347944E-2,1.773912430E2
1.989620211E2,2.277065163E-2,7.160474197E-4,1.605154015E-3,9.997391701E-1,1.773904500E2,1.857580217E-1,-7.784324458E-2,1.773903198E2
1.989670211E2,2.277023443E-2,7.155908388E-4,1.611264306E-3,9.997391701E-1,1.773904978E2,1.864568053E-1,-7.777507115E-2,1.773903672E2
1.989720211E2,2.277006809E-2,7.159002125E-4,1.613476081E-3,9.997391701E-1,1.773905169E2,1.867109852E-1,-7.780477317E-2,1.773903860E2
1.989770211E2,2.277561384E-2,7.117027999E-4,1.610921696E-3,9.997390509E-1,1.773898812E2,1.864078247E-1,-7.732954172E-2,1.773897514E2
1.989820211E2,2.277803922E-2,7.100609946E-4,1.614340697E-3,9.997389913E-1,1.773896032E2,1.867954142E-1,-7.713207686E-2,1.773894734E2
1.989870211E2,2.278362981E-2,7.063861704E-4,1.610882115E-3,9.997388721E-1,1.773889624E2,1.863900275E-1,-7.671906842E-2,1.773888336E2
1.989920211E2,2.278631734E-2,7.055843016E-4,1.610211330E-3,9.997388124E-1,1.773886544E2,1.863112932E-1,-7.662845552E-2,1.773885257E2
1.989970211E2,2.278410683E-2,7.057993207E-4,1.604379388E-3,9.997388721E-1,1.773889077E2,1.856435661E-1,-7.666872761E-2,1.773887795E2
1.990020211E2,2.279508016E-2,6.998759927E-4,1.599661307E-3,9.997386336E-1,1.773876500E2,1.850884201E-1,-7.600042854E-2,1.773875232E2
1.990070211E2,2.278690609E-2,7.045955863E-4,1.602293225E-3,9.997388124E-1,1.773885869E2,1.854016421E-1,-7.653575362E-2,1.773884590E2
1.990120211E2,2.277647781E-2,7.121805684E-4,1.598446979E-3,9.997390509E-1,1.773897822E2,1.849800096E-1,-7.741667518E-2,1.773896532E2
1.990170211E2,2.278728118E-2,7.042629295E-4,1.597096794E-3,9.997388124E-1,1.773885439E2,1.848054884E-1,-7.651114410E-2,1.773884165E2
1.990220211E2,2.279254836E-2,7.004166837E-4,1.598249073E-3,9.997386932E-1,1.773879402E2,1.849278517E-1,-7.606652842E-2,1.773878134E2
1.990270211E2,2.277663263E-2,7.115415065E-4,1.596524380E-3,9.997390509E-1,1.773897644E2,1.847580965E-1,-7.734845277E-2,1.773896357E2
1.990320211E2,2.276880563E-2,7.177451625E-4,1.593415393E-3,9.997392297E-1,1.773906616E2,1.844175073E-1,-7.806871289E-2,1.773905320E2
1.990370211E2,2.278225620E-2,7.077203481E-4,1.592628541E-3,9.997389317E-1,1.773891199E2,1.843022391E-1,-7.691982635E-2,1.773889922E2
1.990420211E2,2.277648552E-2,7.116044872E-4,1.598593662E-3,9.997390509E-1,1.773897813E2,1.849953107E-1,-7.735029404E-2,1.773896524E2
1.990470211E2,2.276827802E-2,7.179698441E-4,1.600836054E-3,9.997392297E-1,1.773907221E2,1.852681788E-1,-7.807518823E-2,1.773905918E2
1.990520211E2,2.276821949E-2,7.178026717E-4,1.601743163E-3,9.997392297E-1,1.773907288E2,1.853716582E-1,-7.805368071E-2,1.773905985E2
1.990570211E2,2.277315280E-2,7.142305258E-4,1.607601764E-3,9.997391105E-1,1.773901633E2,1.860338935E-1,-7.762824537E-2,1.773900332E2
1.990620211E2,2.276522286E-2,7.198426174E-4,1.606212114E-3,9.997392893E-1,1.773910722E2,1.858887190E-1,-7.827627729E-2,1.773909412E2
1.990670211E2,2.277600622E-2,7.129206206E-4,1.604823978E-3,9.997390509E-1,1.773898362E2,1.857124669E-1,-7.748489965E-2,1.773897066E2
1.990720211E2,2.277848235E-2,7.107806159E-4,1.607758109E-3,9.997389913E-1,1.773895524E2,1.860432122E-1,-7.723161800E-2,1.773894230E2
1.990770211E2,2.277550520E-2,7.122370298E-4,1.612221007E-3,9.997390509E-1,1.773898937E2,1.865580626E-1,-7.738737305E-2,1.773897636E2
1.990820211E2,2.277320960E-2,7.132223691E-4,1.607244718E-3,9.997391105E-1,1.773901568E2,1.859903627E-1,-7.751367045E-2,1.773900269E2
1.990870211E2,2.277351270E-2,7.135274354E-4,1.602808479E-3,9.997391105E-1,1.773901220E2,1.854829578E-1,-7.756014062E-2,1.773899925E2
1.990920211E2,2.277348858E-2,7.136286586E-4,1.603106037E-3,9.997391105E-1,1.773901248E2,1.855173089E-1,-7.757096483E-2,1.773899952E2
1.990970211E2,2.278406085E-2,7.070919964E-4,1.604463090E-3,9.997388721E-1,1.773889130E2,1.856565272E-1,-7.681660871E-2,1.773887845E2
1.991020211E2,2.278428922E-2,7.072049193E-4,1.601166907E-3,9.997388721E-1,1.773888868E2,1.852792221E-1,-7.683810933E-2,1.773887586E2
1.991070211E2,2.277920799E-2,7.107402780E-4,1.597461989E-3,9.997389913E-1,1.773894692E2,1.848636183E-1,-7.725373916E-2,1.773893406E2
1.991120211E2,2.277645016E-2,7.123286487E-4,1.598774921E-3,9.997390509E-1,1.773897854E2,1.850179637E-1,-7.743278865E-2,1.773896563E2
1.991170211E2,2.279242576E-2,7.019441109E-4,1.599326963E-3,9.997386932E-1,1.773879542E2,1.850553175E-1,-7.623872031E-2,1.773878271E2
1.991220211E2,2.277925246E-2,7.101718220E-4,1.597080729E-3,9.997389913E-1,1.773894641E2,1.848184598E-1,-7.718960291E-2,1.773893357E2
1.991270211E2,2.277172443E-2,7.162427646E-4,1.589774038E-3,9.997391701E-1,1.773903270E2,1.839966530E-1,-7.790555959E-2,1.773901980E2
1.991320211E2,2.277421255E-2,7.130614249E-4,1.593042165E-3,9.997391105E-1,1.773900418E2,1.843629466E-1,-7.753211258E-2,1.773899131E2
1.991370211E2,2.277403710E-2,7.137553766E-4,1.595238107E-3,9.997391105E-1,1.773900619E2,1.846163160E-1,-7.760591416E-2,1.773899329E2
1.991420211E2,2.276342461E-2,7.215671940E-4,1.593776979E-3,9.997393489E-1,1.773912784E2,1.844684823E-1,-7.850662082E-2,1.773911480E2
1.991470211E2,2.275822656E-2,7.249455666E-4,1.591698965E-3,9.997394681E-1,1.773918742E2,1.842388243E-1,-7.890003177E-2,1.773917433E2
1.991520211E2,2.276616220E-2,7.193434285E-4,1.593068126E-3,9.997392893E-1,1.773909646E2,1.843816874E-1,-7.825320662E-2,1.773908347E2
1.991570211E2,2.276323639E-2,7.220580010E-4,1.596241025E-3,9.997393489E-1,1.773912999E2,1.847520343E-1,-7.855645552E-2,1.773911693E2
1.991620211E2,2.276335944E-2,7.217545644E-4,1.594622736E-3,9.997393489E-1,1.773912858E2,1.845658578E-1,-7.852589207E-2,1.773911554E2
1.991670211E2,2.277149348E-2,7.156518404E-4,1.593344263E-3,9.997391701E-1,1.773903535E2,1.844041052E-1,-7.782858812E-2,1.773902243E2
1.991720211E2,2.276593355E-2,7.192101330E-4,1.596392365E-3,9.997392893E-1,1.773909908E2,1.847621535E-1,-7.822930556E-2,1.773908606E2
1.991770211E2,2.276320866E-2,7.218095125E-4,1.596748829E-3,9.997393489E-1,1.773913031E2,1.848095589E-1,-7.852666871E-2,1.773911725E2
1.991820211E2,2.276607453E-2,7.187700248E-4,1.594579080E-3,9.997392893E-1,1.773909746E2,1.845532825E-1,-7.818359070E-2,1.773908447E2
1.991870211E2,2.276845366E-2,7.172937621E-4,1.598639530E-3,9.997392297E-1,1.773907019E2,1.850147899E-1,-7.800343375E-2,1.773905720E2
1.991920211E2,2.276580330E-2,7.193129277E-4,1.598202623E-3,9.997392893E-1,1.773910057E2,1.849697985E-1,-7.823638318E-2,1.773908754E2
1.991970211E2,2.276347872E-2,7.216782542E-4,1.592953573E-3,9.997393489E-1,1.773912722E2,1.843744453E-1,-7.852148205E-2,1.773911418E2
1.992020211E2,2.276621695E-2,7.185639697E-4,1.592637505E-3,9.997392893E-1,1.773909583E2,1.843303252E-1,-7.816502385E-2,1.773908286E2
1.992070211E2,2.276327261E-2,7.216150407E-4,1.595924841E-3,9.997393489E-1,1.773912958E2,1.847146589E-1,-7.850652732E-2,1.773911652E2
1.992120211E2,2.276568040E-2,7.202022825E-4,1.599552110E-3,9.997392893E-1,1.773910198E2,1.851267093E-1,-7.833477129E-2,1.773908892E2
1.992170211E2,2.275787134E-2,7.243335713E-4,1.597047551E-3,9.997394681E-1,1.773919149E2,1.848499453E-1,-7.881603689E-2,1.773917837E2
1.992220211E2,2.276079005E-2,7.227236638E-4,1.593490713E-3,9.997394085E-1,1.773915803E2,1.844384971E-1,-7.864034081E-2,1.773914498E2
1.992270211E2,2.276330371E-2,7.204753347E-4,1.595996204E-3,9.997393489E-1,1.773912922E2,1.847198634E-1,-7.837576872E-2,1.773911619E2
1.992320211E2,2.276059226E-2,7.237967802E-4,1.595827052E-3,9.997394085E-1,1.773916030E2,1.847089367E-1,-7.875722151E-2,1.773914721E2
1.992370211E2,2.276054588E-2,7.230304182E-4,1.596835675E-3,9.997394085E-1,1.773916083E2,1.848224838E-1,-7.866680351E-2,1.773914774E2
1.992420211E2,2.276832116E-2,7.184604765E-4,1.600002171E-3,9.997392297E-1,1.773907171E2,1.851739311E-1,-7.813356369E-2,1.773905868E2
1.992470211E2,2.276822111E-2,7.170299650E-4,1.602066215E-3,9.997392297E-1,1.773907286E2,1.854066515E-1,-7.796431490E-2,1.773905984E2
1.992520211E2,2.276541911E-2,7.189266616E-4,1.603838988E-3,9.997392893E-1,1.773910497E2,1.856144742E-1,-7.817749848E-2,1.773909191E2
1.992570211E2,2.277626096E-2,7.123742835E-4,1.601447701E-3,9.997390509E-1,1.773898070E2,1.853242672E-1,-7.743107545E-2,1.773896778E2
1.992620211E2,2.278155679E-2,7.089158171E-4,1.602073666E-3,9.997389317E-1,1.773892000E2,1.853873593E-1,-7.703225178E-2,1.773890714E2
1.992670211E2,2.277337624E-2,7.134532207E-4,1.604779158E-3,9.997391105E-1,1.773901377E2,1.857085185E-1,-7.754652075E-2,1.773900080E2
1.992720211E2,2.277332701E-2,7.143783732E-4,1.605066122E-3,9.997391105E-1,1.773901433E2,1.857438045E-1,-7.765176804E-2,1.773900134E2
1.992770211E2,2.277642179E-2,7.114706095E-4,1.599560957E-3,9.997390509E-1,1.773897886E2,1.851057716E-1,-7.733244383E-2,1.773896597E2
1.992820211E2,2.277597721E-2,7.115534390E-4,1.605842146E-3,9.997390509E-1,1.773898396E2,1.858255393E-1,-7.732562091E-2,1.773897101E2
1.992870211E2,2.277603267E-2,7.119248621E-4,1.604890684E-3,9.997390509E-1,1.773898332E2,1.857175116E-1,-7.737064485E-2,1.773897038E2
1.992920211E2,2.277613973E-2,7.113346364E-4,1.603632583E-3,9.997390509E-1,1.773898209E2,1.855718487E-1,-7.730629145E-2,1.773896917E2
1.992970211E2,2.276809353E-2,7.168556913E-4,1.603956218E-3,9.997392297E-1,1.773907432E2,1.856227095E-1,-7.793944213E-2,1.773906129E2
1.993020211E2,2.277333476E-2,7.136514760E-4,1.605279627E-3,9.997391105E-1,1.773901424E2,1.857663675E-1,-7.756793481E-2,1.773900127E2
1.993070211E2,2.277043482E-2,7.154255291E-4,1.608503400E-3,9.997391701E-1,1.773904748E2,1.861400944E-1,-7.776330001E-2,1.773903445E2
1.993120211E2,2.276796586E-2,7.169243181E-4,1.605736790E-3,9.997392297E-1,1.773907578E2,1.858268647E-1,-7.794268206E-2,1.773906274E2
1.993170211E2,2.278152957E-2,7.083818782E-4,1.602696837E-3,9.997389317E-1,1.773892031E2,1.854573549E-1,-7.696946098E-2,1.773890746E2
1.993220211E2,2.278151325E-2,7.077273331E-4,1.603217912E-3,9.997389317E-1,1.773892050E2,1.855153401E-1,-7.689311784E-2,1.773890765E2
1.993270211E2,2.277889119E-2,7.107339916E-4,1.601975877E-3,9.997389913E-1,1.773895056E2,1.853806977E-1,-7.724129450E-2,1.773893766E2
1.993320211E2,2.277356472E-2,7.135186461E-4,1.602073084E-3,9.997391105E-1,1.773901161E2,1.853986904E-1,-7.756104327E-2,1.773899866E2
1.993370211E2,2.277875558E-2,7.103331154E-4,1.604080549E-3,9.997389913E-1,1.773895211E2,1.856207563E-1,-7.718990059E-2,1.773893920E2
1.993420211E2,2.278647812E-2,7.051851717E-4,1.608109684E-3,9.997388124E-1,1.773886359E2,1.860694943E-1,-7.658818853E-2,1.773885075E2
1.993470211E2,2.278377562E-2,7.063608500E-4,1.608829596E-3,9.997388721E-1,1.773889457E2,1.861548319E-1,-7.672149954E-2,1.773888170E2
1.993520211E2,2.278663784E-2,7.049574051E-4,1.605944824E-3,9.997388124E-1,1.773886176E2,1.858209011E-1,-7.656771856E-2,1.773884894E2
1.993570211E2,2.279190765E-2,7.018994074E-4,1.606713166E-3,9.997386932E-1,1.773880136E2,1.859013395E-1,-7.621440295E-2,1.773878859E2
1.993620211E2,2.278376730E-2,7.067255210E-4,1.608787221E-3,9.997388721E-1,1.773889467E2,1.861509289E-1,-7.676338905E-2,1.773888179E2
1.993670211E2,2.277873432E-2,7.110194420E-4,1.604078454E-3,9.997389913E-1,1.773895235E2,1.856223063E-1,-7.726853674E-2,1.773893944E2
1.993720211E2,2.278421116E-2,7.064880338E-4,1.602593577E-3,9.997388721E-1,1.773888958E2,1.854407863E-1,-7.675227114E-2,1.773887676E2
1.993770211E2,2.278907879E-2,7.032479043E-4,1.609160099E-3,9.997387528E-1,1.773883378E2,1.861849715E-1,-7.636302469E-2,1.773882097E2
1.993820211E2,2.278085266E-2,7.081328658E-4,1.612399356E-3,9.997389317E-1,1.773892807E2,1.865681930E-1,-7.691572962E-2,1.773891515E2
1.993870211E2,2.278891674E-2,7.032575668E-4,1.611449174E-3,9.997387528E-1,1.773883564E2,1.864472253E-1,-7.635818378E-2,1.773882281E2
1.993920211E2,2.279166281E-2,7.014050498E-4,1.610397943E-3,9.997386932E-1,1.773880417E2,1.863221650E-1,-7.614818990E-2,1.773879138E2
1.993970211E2,2.278609958E-2,7.055094466E-4,1.613322762E-3,9.997388124E-1,1.773886793E2,1.866675330E-1,-7.661179593E-2,1.773885505E2
1.994020211E2,2.278374507E-2,7.070336142E-4,1.608966733E-3,9.997388721E-1,1.773889492E2,1.861722970E-1,-7.679822016E-2,1.773888204E2
1.994070211E2,2.278126094E-2,7.091591251E-4,1.606167760E-3,9.997389317E-1,1.773892339E2,1.858569996E-1,-7.704949208E-2,1.773891049E2
1.994120211E2,2.278407047E-2,7.059957716E-4,1.604809193E-3,9.997388721E-1,1.773889119E2,1.856933156E-1,-7.669011789E-2,1.773887836E2
1.994170211E2,2.278903235E-2,7.024540682E-4,1.610164181E-3,9.997387528E-1,1.773883432E2,1.862979243E-1,-7.626946793E-2,1.773882151E2
1.994220211E2,2.278907326E-2,7.026473759E-4,1.609500730E-3,9.997387528E-1,1.773883385E2,1.862224260E-1,-7.629333860E-2,1.773882105E2
1.994270211E2,2.278638851E-2,7.051446009E-4,1.609396655E-3,9.997388124E-1,1.773886462E2,1.862168196E-1,-7.658019674E-2,1.773885177E2
1.994320211E2,2.279147882E-2,7.012189599E-4,1.613080734E-3,9.997386932E-1,1.773880627E2,1.866290109E-1,-7.611989840E-2,1.773879347E2
1.994370211E2,2.279697707E-2,6.977537414E-4,1.610768959E-3,9.997385740E-1,1.773874325E2,1.863555342E-1,-7.572793031E-2,1.773873054E2
1.994420211E2,2.278615744E-2,7.048703264E-4,1.612784807E-3,9.997388124E-1,1.773886727E2,1.866042391E-1,-7.653997118E-2,1.773885440E2
1.994470211E2,2.278671439E-2,7.048142725E-4,1.604921184E-3,9.997388124E-1,1.773886089E2,1.857032629E-1,-7.655397984E-2,1.773884808E2
1.994520211E2,2.279151685E-2,7.017457974E-4,1.612314023E-3,9.997386932E-1,1.773880584E2,1.865425539E-1,-7.618224921E-2,1.773879303E2
1.994570211E2,2.279439302E-2,6.991509581E-4,1.609738218E-3,9.997386336E-1,1.773877287E2,1.862409048E-1,-7.589117192E-2,1.773876014E2
1.994620211E2,2.278983026E-2,7.028542459E-4,1.598655246E-3,9.997387528E-1,1.773882517E2,1.849805435E-1,-7.634522161E-2,1.773881245E2
1.994670211E2,2.279778681E-2,6.976088625E-4,1.599330804E-3,9.997385740E-1,1.773873397E2,1.850448392E-1,-7.574106473E-2,1.773872134E2
1.994720211E2,2.279222356E-2,7.013369468E-4,1.602471806E-3,9.997386932E-1,1.773879774E2,1.854139956E-1,-7.616098590E-2,1.773878502E2
1.994770211E2,2.278975625E-2,7.033077418E-4,1.599510666E-3,9.997387528E-1,1.773882602E2,1.850797210E-1,-7.639495450E-2,1.773881328E2
1.994820211E2,2.278996700E-2,7.023631479E-4,1.596920891E-3,9.997387528E-1,1.773882360E2,1.847805800E-1,-7.629346487E-2,1.773881090E2
1.994870211E2,2.279242210E-2,7.001871709E-4,1.600148971E-3,9.997386932E-1,1.773879546E2,1.851448987E-1,-7.603529597E-2,1.773878278E2
1.994920211E2,2.279521948E-2,6.987732486E-4,1.598157454E-3,9.997386336E-1,1.773876340E2,1.849132654E-1,-7.587799902E-2,1.773875076E2
1.994970211E2,2.279815678E-2,6.963340566E-4,1.594605506E-3,9.997385740E-1,1.773872973E2,1.845001968E-1,-7.560729772E-2,1.773871716E2
1.995020211E2,2.280041653E-2,6.961209583E-4,1.599750016E-3,9.997385144E-1,1.773870383E2,1.850891761E-1,-7.556902590E-2,1.773869123E2
1.995070211E2,2.279748186E-2,6.974482676E-4,1.603741664E-3,9.997385740E-1,1.773873747E2,1.855497134E-1,-7.571119965E-2,1.773872481E2
1.995120211E2,2.280017654E-2,6.954708369E-4,1.603448996E-3,9.997385144E-1,1.773870658E2,1.855112217E-1,-7.548492652E-2,1.773869396E2
1.995170211E2,2.279752562E-2,6.978836609E-4,1.602929900E-3,9.997385740E-1,1.773873697E2,1.854578570E-1,-7.576319167E-2,1.773872430E2
1.995220211E2,2.280303324E-2,6.931103417E-4,1.601008931E-3,9.997384548E-1,1.773867384E2,1.852257297E-1,-7.522035054E-2,1.773866128E2
1.995270211E2,2.281341043E-2,6.873894599E-4,1.604515361E-3,9.997382164E-1,1.773855489E2,1.856132561E-1,-7.455386748E-2,1.773854242E2
1.995320211E2,2.281348366E-2,6.869256613E-4,1.603672514E-3,9.997382164E-1,1.773855405E2,1.855154907E-1,-7.450292387E-2,1.773854159E2
1.995370211E2,2.280014703E-2,6.963221822E-4,1.603499171E-3,9.997385144E-1,1.773870692E2,1.855191922E-1,-7.558233241E-2,1.773869428E2
1.995420211E2,2.279804583E-2,6.967007066E-4,1.596031012E-3,9.997385740E-1,1.773873100E2,1.846644552E-1,-7.564559797E-2,1.773871842E2
1.995470211E2,2.280025753E-2,6.959010498E-4,1.602110104E-3,9.997385144E-1,1.773870565E2,1.853589658E-1,-7.553769570E-2,1.773869303E2
1.995520211E2,2.278688161E-2,7.039426710E-4,1.602928271E-3,9.997388124E-1,1.773885897E2,1.854726872E-1,-7.645930078E-2,1.773884619E2
1.995570211E2,2.278969171E-2,7.026928361E-4,1.600699965E-3,9.997387528E-1,1.773882676E2,1.852143585E-1,-7.632141580E-2,1.773881402E2
1.995620211E2,2.280302058E-2,6.936881109E-4,1.600939082E-3,9.997384548E-1,1.773867398E2,1.852192367E-1,-7.528672560E-2,1.773866141E2
1.995670211E2,2.279996724E-2,6.949134986E-4,1.606663456E-3,9.997385144E-1,1.773870898E2,1.858780044E-1,-7.541271698E-2,1.773869635E2
1.995720211E2,2.278956583E-2,7.022418431E-4,1.602688921E-3,9.997387528E-1,1.773882820E2,1.854410297E-1,-7.626457822E-2,1.773881546E2
1.995770211E2,2.279209517E-2,7.017432945E-4,1.604119199E-3,9.997386932E-1,1.773879921E2,1.856037760E-1,-7.620325873E-2,1.773878647E2
1.995820211E2,2.279679963E-2,6.978773745E-4,1.613224740E-3,9.997385740E-1,1.773874529E2,1.866371830E-1,-7.573571139E-2,1.773873255E2
1.995870211E2,2.279414038E-2,6.991611444E-4,1.613307279E-3,9.997386336E-1,1.773877577E2,1.866497911E-1,-7.588306304E-2,1.773876300E2
1.995920211E2,2.278936275E-2,7.034926093E-4,1.605026308E-3,9.997387528E-1,1.773883053E2,1.857120568E-1,-7.640180143E-2,1.773881775E2
1.995970211E2,2.279213132E-2,7.017739699E-4,1.603592071E-3,9.997386932E-1,1.773879880E2,1.855434699E-1,-7.620814307E-2,1.773878606E2
1.996020211E2,2.279720993E-2,6.975575816E-4,1.607555081E-3,9.997385740E-1,1.773874058E2,1.859868511E-1,-7.571381077E-2,1.773872789E2
1.996070211E2,2.278691600E-2,7.039411576E-4,1.602440025E-3,9.997388124E-1,1.773885857E2,1.854167514E-1,-7.646039599E-2,1.773884580E2
1.996120211E2,2.277909900E-2,7.102703676E-4,1.599224284E-3,9.997389913E-1,1.773894817E2,1.850642753E-1,-7.719532524E-2,1.773893531E2
1.996170211E2,2.278995407E-2,7.023066864E-4,1.597130205E-3,9.997387528E-1,1.773882375E2,1.848044111E-1,-7.628645228E-2,1.773881105E2
1.996220211E2,2.279246172E-2,7.015272276E-4,1.598997274E-3,9.997386932E-1,1.773879501E2,1.850164615E-1,-7.619181594E-2,1.773878231E2
1.996270211E2,2.278416275E-2,7.070951979E-4,1.603014069E-3,9.997388721E-1,1.773889013E2,1.854905405E-1,-7.682073995E-2,1.773887730E2
1.996320211E2,2.278173359E-2,7.077815826E-4,1.600059797E-3,9.997389317E-1,1.773891798E2,1.851536986E-1,-7.690753684E-2,1.773890515E2
1.996370211E2,2.278419692E-2,7.066844264E-4,1.602709410E-3,9.997388721E-1,1.773888974E2,1.854545682E-1,-7.677447041E-2,1.773887691E2
1.996420211E2,2.277868154E-2,7.104135002E-4,1.605096040E-3,9.997389913E-1,1.773895296E2,1.857372971E-1,-7.719647254E-2,1.773894004E2
1.996470211E2,2.276784186E-2,7.171269972E-4,1.607403625E-3,9.997392297E-1,1.773907720E2,1.860183399E-1,-7.796157537E-2,1.773906414E2
1.996520211E2,2.277616227E-2,7.120255614E-4,1.603005570E-3,9.997390509E-1,1.773898183E2,1.855018221E-1,-7.738707736E-2,1.773896891E2
1.996570211E2,2.277603446E-2,7.114649052E-4,1.605069148E-3,9.997390509E-1,1.773898330E2,1.857367564E-1,-7.731748526E-2,1.773897037E2
1.996620211E2,2.278130050E-2,7.089342689E-4,1.605705824E-3,9.997389317E-1,1.773892294E2,1.858034952E-1,-7.702493079E-2,1.773891005E2
1.996670211E2,2.277873118E-2,7.112587919E-4,1.604016870E-3,9.997389913E-1,1.773895239E2,1.856158758E-1,-7.729611841E-2,1.773893947E2
1.996720211E2,2.277635219E-2,7.112025633E-4,1.600670861E-3,9.997390509E-1,1.773897966E2,1.852322194E-1,-7.729885191E-2,1.773896676E2
1.996770211E2,2.277603478E-2,7.117143832E-4,1.604954014E-3,9.997390509E-1,1.773898330E2,1.857242176E-1,-7.734636634E-2,1.773897036E2
1.996820211E2,2.277621488E-2,7.118897047E-4,1.602318254E-3,9.997390509E-1,1.773898123E2,1.854227312E-1,-7.737329759E-2,1.773896831E2
1.996870211E2,2.277369750E-2,7.141141105E-4,1.599918818E-3,9.997391105E-1,1.773901009E2,1.851534578E-1,-7.763485828E-2,1.773899714E2
1.996920211E2,2.277643310E-2,7.122436655E-4,1.599055831E-3,9.997390509E-1,1.773897873E2,1.850499222E-1,-7.742232278E-2,1.773896583E2
1.996970211E2,2.277093212E-2,7.162847323E-4,1.601063763E-3,9.997391701E-1,1.773904178E2,1.852900751E-1,-7.788105288E-2,1.773902879E2
1.997020211E2,2.276343362E-2,7.210406475E-4,1.593886642E-3,9.997393489E-1,1.773912773E2,1.844796726E-1,-7.844601100E-2,1.773911470E2
1.997070211E2,2.276629982E-2,7.195076905E-4,1.591025968E-3,9.997392893E-1,1.773909488E2,1.841481729E-1,-7.827732729E-2,1.773908190E2
1.997120211E2,2.276640456E-2,7.186328876E-4,1.589922234E-3,9.997392893E-1,1.773909368E2,1.840194526E-1,-7.817996867E-2,1.773908073E2
1.997170211E2,2.277130251E-2,7.164148265E-4,1.595728914E-3,9.997391701E-1,1.773903754E2,1.846792722E-1,-7.790980950E-2,1.773902458E2
1.997220211E2,2.276034534E-2,7.235278608E-4,1.599466661E-3,9.997394085E-1,1.773916313E2,1.851251770E-1,-7.871696614E-2,1.773915001E2
1.997270211E2,2.276324408E-2,7.217921084E-4,1.596251619E-3,9.997393489E-1,1.773912990E2,1.847525549E-1,-7.852596534E-2,1.773911684E2
1.997320211E2,2.276845251E-2,7.169747259E-4,1.598799019E-3,9.997392297E-1,1.773907021E2,1.850322287E-1,-7.796646849E-2,1.773905722E2
1.997370211E2,2.276551527E-2,7.189529133E-4,1.602461678E-3,9.997392893E-1,1.773910387E2,1.854567628E-1,-7.818408128E-2,1.773909082E2
1.997420211E2,2.276339014E-2,7.217635866E-4,1.594180358E-3,9.997393489E-1,1.773912823E2,1.845152039E-1,-7.852807400E-2,1.773911519E2
1.997470211E2,2.276604290E-2,7.189635071E-4,1.594943460E-3,9.997392893E-1,1.773909782E2,1.845955290E-1,-7.820481156E-2,1.773908483E2
1.997520211E2,2.276556050E-2,7.192199701E-4,1.601699158E-3,9.997392893E-1,1.773910335E2,1.853701072E-1,-7.821665670E-2,1.773909030E2
1.997570211E2,2.275485266E-2,7.268800982E-4,1.601585187E-3,9.997395277E-1,1.773922609E2,1.853761896E-1,-7.909649708E-2,1.773921289E2
1.997620211E2,2.275520486E-2,7.272080984E-4,1.596424030E-3,9.997395277E-1,1.773922205E2,1.847857999E-1,-7.914746674E-2,1.773920889E2
1.997670211E2,2.276044002E-2,7.236073143E-4,1.598082716E-3,9.997394085E-1,1.773916205E2,1.849668440E-1,-7.872966066E-2,1.773914894E2
1.997720211E2,2.276551724E-2,7.201410481E-4,1.601900090E-3,9.997392893E-1,1.773910385E2,1.853955263E-1,-7.832166080E-2,1.773909078E2
1.997770211E2,2.275496797E-2,7.268972695E-4,1.599938259E-3,9.997395277E-1,1.773922477E2,1.851875680E-1,-7.910273750E-2,1.773921158E2
1.997820211E2,2.275778287E-2,7.249806076E-4,1.598014263E-3,9.997394681E-1,1.773919250E2,1.849623746E-1,-7.888765769E-2,1.773917937E2
1.997870211E2,2.276265576E-2,7.207838353E-4,1.605072524E-3,9.997393489E-1,1.773913665E2,1.857604197E-1,-7.838755484E-2,1.773912354E2
1.997920211E2,2.277031554E-2,7.158624940E-4,1.609996893E-3,9.997391701E-1,1.773904885E2,1.863123230E-1,-7.780948452E-2,1.773903579E2
1.997970211E2,2.277044687E-2,7.159333909E-4,1.608106773E-3,9.997391701E-1,1.773904735E2,1.860959823E-1,-7.782251426E-2,1.773903430E2
1.998020211E2,2.277848664E-2,7.099383511E-4,1.608069404E-3,9.997389913E-1,1.773895519E2,1.860766763E-1,-7.713431332E-2,1.773894226E2
1.998070211E2,2.277808585E-2,7.114097243E-4,1.613088534E-3,9.997389913E-1,1.773895979E2,1.866554883E-1,-7.728984945E-2,1.773894679E2
1.998120211E2,2.277252798E-2,7.144968840E-4,1.616310794E-3,9.997391105E-1,1.773902349E2,1.870322646E-1,-7.763614837E-2,1.773901041E2
1.998170211E2,2.277283236E-2,7.139954250E-4,1.612238819E-3,9.997391105E-1,1.773902000E2,1.865644856E-1,-7.758927010E-2,1.773900696E2
1.998220211E2,2.277254265E-2,7.134693442E-4,1.616558060E-3,9.997391105E-1,1.773902332E2,1.870579113E-1,-7.751778362E-2,1.773901026E2
1.998270211E2,2.276970466E-2,7.161153480E-4,1.618501614E-3,9.997391701E-1,1.773905585E2,1.872872538E-1,-7.781637396E-2,1.773904273E2
1.998320211E2,2.276973636E-2,7.167563890E-4,1.617771690E-3,9.997391701E-1,1.773905549E2,1.872053075E-1,-7.789171140E-2,1.773904236E2
1.998370211E2,2.276199548E-2,7.208931493E-4,1.614360255E-3,9.997393489E-1,1.773914422E2,1.868246750E-1,-7.837597397E-2,1.773913103E2
1.998420211E2,2.276480078E-2,7.193183992E-4,1.612417051E-3,9.997392893E-1,1.773911206E2,1.865981688E-1,-7.820011306E-2,1.773909892E2
1.998470211E2,2.276461729E-2,7.198830717E-4,1.614753972E-3,9.997392893E-1,1.773911417E2,1.868673502E-1,-7.825874068E-2,1.773910100E2
1.998520211E2,2.276472156E-2,7.203311543E-4,1.613083296E-3,9.997392893E-1,1.773911297E2,1.866771313E-1,-7.831441273E-2,1.773909980E2
1.998570211E2,2.275734456E-2,7.258680998E-4,1.603842829E-3,9.997394681E-1,1.773919753E2,1.856323875E-1,-7.897421092E-2,1.773918433E2
1.998620211E2,2.276272235E-2,7.211685879E-4,1.603954821E-3,9.997393489E-1,1.773913589E2,1.856333822E-1,-7.843453598E-2,1.773912278E2
1.998670211E2,2.276250773E-2,7.221607375E-4,1.606552163E-3,9.997393489E-1,1.773913835E2,1.859335106E-1,-7.854146297E-2,1.773912520E2
1.998720211E2,2.274918528E-2,7.300294819E-4,1.606243779E-3,9.997396469E-1,1.773929105E2,1.859176507E-1,-7.944620197E-2,1.773927775E2
1.998770211E2,2.275477550E-2,7.267275942E-4,1.602750272E-3,9.997395277E-1,1.773922697E2,1.855092603E-1,-7.907600213E-2,1.773921377E2
1.998820211E2,2.276219556E-2,7.217125967E-4,1.611169893E-3,9.997393489E-1,1.773914192E2,1.864613339E-1,-7.847813594E-2,1.773912875E2
1.998870211E2,2.275960415E-2,7.229680195E-4,1.610230422E-3,9.997394085E-1,1.773917163E2,1.863567773E-1,-7.862489301E-2,1.773915843E2
1.998920211E2,2.275720379E-2,7.258483674E-4,1.605847967E-3,9.997394681E-1,1.773919914E2,1.858620377E-1,-7.896674725E-2,1.773918593E2
1.998970211E2,2.275687143E-2,7.259461563E-4,1.610507024E-3,9.997394681E-1,1.773920295E2,1.863960180E-1,-7.896586163E-2,1.773918970E2
1.999020211E2,2.275947221E-2,7.226015441E-4,1.612258609E-3,9.997394085E-1,1.773917314E2,1.865881645E-1,-7.857764367E-2,1.773915994E2
1.999070211E2,2.275440597E-2,7.267624023E-4,1.607972314E-3,9.997395277E-1,1.773923121E2,1.861075701E-1,-7.906644139E-2,1.773921796E2
1.999120211E2,2.274912808E-2,7.310774527E-4,1.606577192E-3,9.997396469E-1,1.773929170E2,1.859585750E-1,-7.956540079E-2,1.773927839E2
1.999170211E2,2.275737689E-2,7.246350870E-4,1.603941666E-3,9.997394681E-1,1.773919716E2,1.856404971E-1,-7.883269104E-2,1.773918398E2
1.999220211E2,2.275729883E-2,7.254316588E-4,1.604688936E-3,9.997394681E-1,1.773919805E2,1.857281774E-1,-7.892201338E-2,1.773918485E2
1.999270211E2,2.275730570E-2,7.246000459E-4,1.604967169E-3,9.997394681E-1,1.773919797E2,1.857578838E-1,-7.882601546E-2,1.773918479E2
1.999320211E2,2.276814492E-2,7.176694926E-4,1.602862380E-3,9.997392297E-1,1.773907373E2,1.854995246E-1,-7.803551708E-2,1.773906070E2
1.999370211E2,2.278143390E-2,7.090523723E-4,1.603759825E-3,9.997389317E-1,1.773892141E2,1.855808763E-1,-7.704351652E-2,1.773890853E2
1.999420211E2,2.278130504E-2,7.092125015E-4,1.605518511E-3,9.997389317E-1,1.773892289E2,1.857827631E-1,-7.705729376E-2,1.773890999E2
1.999470211E2,2.277585537E-2,7.115697372E-4,1.607562066E-3,9.997390509E-1,1.773898535E2,1.860226100E-1,-7.732302161E-2,1.773897240E2
1.999520211E2,2.277307670E-2,7.143932744E-4,1.608607126E-3,9.997391105E-1,1.773901720E2,1.861494888E-1,-7.764428056E-2,1.773900418E2
1.999570211E2,2.276774607E-2,7.177776424E-4,1.608469640E-3,9.997392297E-1,1.773907830E2,1.861421551E-1,-7.803335087E-2,1.773906522E2
1.999620211E2,2.276471733E-2,7.193140918E-4,1.613596804E-3,9.997392893E-1,1.773911302E2,1.867333059E-1,-7.819655746E-2,1.773909987E2
1.999670211E2,2.276266216E-2,7.214054349E-4,1.604702440E-3,9.997393489E-1,1.773913658E2,1.857196442E-1,-7.845973056E-2,1.773912346E2
1.999720211E2,2.275714189E-2,7.249307819E-4,1.607139129E-3,9.997394681E-1,1.773919985E2,1.860075579E-1,-7.885827130E-2,1.773918664E2
1.999770211E2,2.277369728E-2,7.145360578E-4,1.599733601E-3,9.997391105E-1,1.773901009E2,1.851333403E-1,-7.768368071E-2,1.773899714E2
1.999820211E2,2.277642104E-2,7.113398751E-4,1.599629759E-3,9.997390509E-1,1.773897887E2,1.851133123E-1,-7.731728723E-2,1.773896598E2
1.999870211E2,2.275473237E-2,7.263037260E-4,1.603554585E-3,9.997395277E-1,1.773922747E2,1.856002954E-1,-7.902535369E-2,1.773921426E2
1.999920211E2,2.276343787E-2,7.217104430E-4,1.593522727E-3,9.997393489E-1,1.773912768E2,1.844397296E-1,-7.852369248E-2,1.773911465E2
1.999970211E2,2.276852625E-2,7.173979538E-4,1.597558497E-3,9.997392297E-1,1.773906936E2,1.848912221E-1,-7.801817735E-2,1.773905637E2
2.000020211E2,2.276271148E-2,7.206288283E-4,1.604351681E-3,9.997393489E-1,1.773913601E2,1.856774383E-1,-7.837166697E-2,1.773912291E2
2.000070211E2,2.275235550E-2,7.281348808E-4,1.599284238E-3,9.997395873E-1,1.773925471E2,1.851156625E-1,-7.924670963E-2,1.773924151E2
2.000120211E2,2.276892504E-2,7.182139670E-4,1.591496752E-3,9.997392297E-1,1.773906479E2,1.841989364E-1,-7.812740415E-2,1.773905183E2
2.000170211E2,2.276307399E-2,7.214531070E-4,1.598828356E-3,9.997393489E-1,1.773913185E2,1.850468535E-1,-7.848043853E-2,1.773911878E2
2.000220211E2,2.275523362E-2,7.265439490E-4,1.596316462E-3,9.997395277E-1,1.773922172E2,1.847717469E-1,-7.907165581E-2,1.773920857E2
2.000270211E2,2.274825765E-2,7.316117990E-4,1.581370598E-3,9.997397065E-1,1.773930168E2,1.830721777E-1,-7.969248929E-2,1.773928855E2
2.000320211E2,2.276117275E-2,7.235376979E-4,1.587644219E-3,9.997394085E-1,1.773915365E2,1.837708641E-1,-7.874877721E-2,1.773914062E2
2.000370211E2,2.275517384E-2,7.263518055E-4,1.597255818E-3,9.997395277E-1,1.773922241E2,1.848788556E-1,-7.904720502E-2,1.773920925E2
2.000420211E2,2.275039295E-2,7.300276775E-4,1.589047955E-3,9.997396469E-1,1.773927721E2,1.839477519E-1,-7.949060258E-2,1.773926405E2
2.000470211E2,2.275278566E-2,7.287755725E-4,1.592859742E-3,9.997395873E-1,1.773924978E2,1.843813634E-1,-7.933678006E-2,1.773923661E2
2.000520211E2,2.274697447E-2,7.322315359E-4,1.599438721E-3,9.997397065E-1,1.773931639E2,1.851436139E-1,-7.971662341E-2,1.773930311E2
2.000570211E2,2.273930360E-2,7.371082902E-4,1.594497822E-3,9.997398853E-1,1.773940431E2,1.845896716E-1,-8.028960908E-2,1.773939098E2
2.000620211E2,2.274800592E-2,7.325845072E-4,1.584538259E-3,9.997397065E-1,1.773930457E2,1.834375876E-1,-7.979571291E-2,1.773929140E2
2.000670211E2,2.275517168E-2,7.260303246E-4,1.597432652E-3,9.997395277E-1,1.773922243E2,1.848982756E-1,-7.900991487E-2,1.773920928E2
2.000720211E2,2.275457051E-2,7.268016925E-4,1.605624333E-3,9.997395277E-1,1.773922932E2,1.858386959E-1,-7.907703455E-2,1.773921609E2
2.000770211E2,2.274439514E-2,7.342762547E-4,1.597925089E-3,9.997397661E-1,1.773934595E2,1.849753333E-1,-7.995529292E-2,1.773933264E2
2.000820211E2,2.274464839E-2,7.340100710E-4,1.594438916E-3,9.997397661E-1,1.773934305E2,1.845752762E-1,-7.993383824E-2,1.773932977E2
2.000870211E2,2.274984550E-2,7.304627215E-4,1.596667455E-3,9.997396469E-1,1.773928348E2,1.848217487E-1,-7.952067811E-2,1.773927025E2
2.000920211E2,2.274429157E-2,7.334193797E-4,1.599791693E-3,9.997397661E-1,1.773934714E2,1.851869334E-1,-7.985228176E-2,1.773933383E2
2.000970211E2,2.274969427E-2,7.310220972E-4,1.598565024E-3,9.997396469E-1,1.773928521E2,1.850405847E-1,-7.957984205E-2,1.773927196E2
2.001020211E2,2.274960525E-2,7.305287290E-4,1.600056770E-3,9.997396469E-1,1.773928623E2,1.852101889E-1,-7.951944835E-2,1.773927298E2
2.001070211E2,2.275477931E-2,7.275298703E-4,1.602332108E-3,9.997395277E-1,1.773922693E2,1.854634472E-1,-7.916900201E-2,1.773921371E2
2.001120211E2,2.274671254E-2,7.320384611E-4,1.603247598E-3,9.997397065E-1,1.773931939E2,1.855794427E-1,-7.968462425E-2,1.773930608E2
2.001170211E2,2.274175563E-2,7.355973939E-4,1.597593655E-3,9.997398257E-1,1.773937621E2,1.849405958E-1,-8.010799715E-2,1.773936288E2
2.001220211E2,2.274699109E-2,7.316777483E-4,1.599455718E-3,9.997397065E-1,1.773931620E2,1.851441186E-1,-7.965313312E-2,1.773930293E2
2.001270211E2,2.274971095E-2,7.309301873E-4,1.598369679E-3,9.997396469E-1,1.773928502E2,1.850179673E-1,-7.956981888E-2,1.773927177E2
2.001320211E2,2.274214181E-2,7.364622434E-4,1.591686974E-3,9.997398257E-1,1.773937178E2,1.842661989E-1,-8.022239837E-2,1.773935848E2
2.001370211E2,2.274787852E-2,7.322476595E-4,1.586521626E-3,9.997397065E-1,1.773930603E2,1.836639181E-1,-7.975197607E-2,1.773929285E2
2.001420211E2,2.275010408E-2,7.310898509E-4,1.592691056E-3,9.997396469E-1,1.773928052E2,1.843678598E-1,-7.960284224E-2,1.773926731E2
2.001470211E2,2.274441417E-2,7.335613482E-4,1.597982598E-3,9.997397661E-1,1.773934574E2,1.849800596E-1,-7.987323854E-2,1.773933244E2
2.001520211E2,2.274729675E-2,7.320737932E-4,1.594921108E-3,9.997397065E-1,1.773931270E2,1.846256809E-1,-7.971026888E-2,1.773929945E2
2.001570211E2,2.275588525E-2,7.271113573E-4,1.586740371E-3,9.997395277E-1,1.773921425E2,1.836762210E-1,-7.916151088E-2,1.773920117E2
2.001620211E2,2.276103017E-2,7.223300054E-4,1.590236090E-3,9.997394085E-1,1.773915528E2,1.840646326E-1,-7.860368754E-2,1.773914226E2
2.001670211E2,2.275219368E-2,7.295337855E-4,1.600947930E-3,9.997395873E-1,1.773925657E2,1.853098934E-1,-7.940266277E-2,1.773924332E2
2.001720211E2,2.275504148E-2,7.270207279E-4,1.598836388E-3,9.997395277E-1,1.773922392E2,1.850616631E-1,-7.911974082E-2,1.773921074E2
2.001770211E2,2.275521401E-2,7.264612359E-4,1.596633694E-3,9.997395277E-1,1.773922195E2,1.848078723E-1,-7.906135643E-2,1.773920879E2
2.001820211E2,2.275739678E-2,7.250121562E-4,1.603489043E-3,9.997394681E-1,1.773919693E2,1.855896287E-1,-7.887706547E-2,1.773918375E2
2.001870211E2,2.275723098E-2,7.254253142E-4,1.605653786E-3,9.997394681E-1,1.773919883E2,1.858386907E-1,-7.891878287E-2,1.773918562E2
2.001920211E2,2.274663693E-2,7.321572048E-4,1.604265883E-3,9.997397065E-1,1.773932026E2,1.856964031E-1,-7.969558740E-2,1.773930694E2
2.001970211E2,2.274942534E-2,7.310826913E-4,1.602360047E-3,9.997396469E-1,1.773928830E2,1.854754872E-1,-7.957693987E-2,1.773927501E2
2.002020211E2,2.276259202E-2,7.221677224E-4,1.605354366E-3,9.997393489E-1,1.773913738E2,1.857963133E-1,-7.854537200E-2,1.773912424E2
2.002070211E2,2.275447867E-2,7.265493041E-4,1.607039478E-3,9.997395277E-1,1.773923038E2,1.860001524E-1,-7.904444742E-2,1.773921714E2
2.002120211E2,2.274940120E-2,7.302322774E-4,1.603090437E-3,9.997396469E-1,1.773928857E2,1.855569431E-1,-7.947761528E-2,1.773927530E2
2.002170211E2,2.275192716E-2,7.278905250E-4,1.605477184E-3,9.997395873E-1,1.773925962E2,1.858244684E-1,-7.920264815E-2,1.773924637E2
2.002220211E2,2.275170348E-2,7.294056122E-4,1.607957529E-3,9.997395873E-1,1.773926218E2,1.861125549E-1,-7.936979382E-2,1.773924889E2
2.002270211E2,2.274941113E-2,7.297543343E-4,1.603167155E-3,9.997396469E-1,1.773928846E2,1.855644867E-1,-7.942265942E-2,1.773927519E2
2.002320211E2,2.274922273E-2,7.305174950E-4,1.605491270E-3,9.997396469E-1,1.773929062E2,1.858327171E-1,-7.950406444E-2,1.773927732E2
2.002370211E2,2.275664512E-2,7.245970774E-4,1.614307868E-3,9.997394681E-1,1.773920554E2,1.868279143E-1,-7.880143892E-2,1.773919229E2
2.002420211E2,2.274310796E-2,7.338155992E-4,1.616351306E-3,9.997397661E-1,1.773936071E2,1.870849766E-1,-7.985473321E-2,1.773934726E2
2.002470211E2,2.273796080E-2,7.375840796E-4,1.613316010E-3,9.997398853E-1,1.773941971E2,1.867466559E-1,-8.029532944E-2,1.773940621E2
2.002520211E2,2.274056887E-2,7.372902473E-4,1.613625907E-3,9.997398257E-1,1.773938981E2,1.867816021E-1,-8.026037271E-2,1.773937632E2
2.002570211E2,2.273801737E-2,7.374921697E-4,1.612560474E-3,9.997398853E-1,1.773941906E2,1.866598651E-1,-8.028675823E-2,1.773940557E2
2.002620211E2,2.273828618E-2,7.380670286E-4,1.608502003E-3,9.997398853E-1,1.773941598E2,1.861964376E-1,-8.036314028E-2,1.773940251E2
2.002670211E2,2.273320002E-2,7.409821264E-4,1.604956575E-3,9.997400045E-1,1.773947427E2,1.857974519E-1,-8.070728291E-2,1.773946078E2
2.002720211E2,2.272761627E-2,7.453495637E-4,1.607756014E-3,9.997401237E-1,1.773953828E2,1.861290873E-1,-8.120137099E-2,1.773952468E2
2.002770211E2,2.272197091E-2,7.489707205E-4,1.611735439E-3,9.997402430E-1,1.773960298E2,1.865939505E-1,-8.160690646E-2,1.773958928E2
2.002820211E2,2.271962267E-2,7.514046738E-4,1.606725971E-3,9.997403026E-1,1.773962990E2,1.860262008E-1,-8.189922568E-2,1.773961619E2
2.002870211E2,2.271717382E-2,7.526497939E-4,1.603678684E-3,9.997403622E-1,1.773965797E2,1.856801380E-1,-8.205025774E-2,1.773964426E2
2.002920211E2,2.271682639E-2,7.524681860E-4,1.608677674E-3,9.997403622E-1,1.773966195E2,1.862523321E-1,-8.201650307E-2,1.773964821E2
2.002970211E2,2.271947655E-2,7.501718355E-4,1.609366154E-3,9.997403026E-1,1.773963157E2,1.863254439E-1,-8.175114265E-2,1.773961787E2
2.003020211E2,2.271956499E-2,7.514355821E-4,1.607527025E-3,9.997403026E-1,1.773963056E2,1.861180471E-1,-8.190069169E-2,1.773961685E2
2.003070211E2,2.272222887E-2,7.494528545E-4,1.607869868E-3,9.997402430E-1,1.773960003E2,1.861523788E-1,-8.167215810E-2,1.773958635E2
2.003120211E2,2.272756269E-2,7.446842501E-4,1.608821447E-3,9.997401237E-1,1.773953889E2,1.862494083E-1,-8.112238648E-2,1.773952529E2
2.003170211E2,2.273293562E-2,7.423053030E-4,1.608087099E-3,9.997400045E-1,1.773947730E2,1.861595176E-1,-8.085076209E-2,1.773946376E2
2.003220211E2,2.273309934E-2,7.412143168E-4,1.606274978E-3,9.997400045E-1,1.773947543E2,1.859490879E-1,-8.073046712E-2,1.773946192E2
2.003270211E2,2.272820239E-2,7.448580582E-4,1.599677955E-3,9.997401237E-1,1.773953156E2,1.852024144E-1,-8.116599421E-2,1.773951803E2
2.003320211E2,2.273629473E-2,7.405531360E-4,1.598431962E-3,9.997399449E-1,1.773943880E2,1.850491100E-1,-8.067456189E-2,1.773942537E2
2.003370211E2,2.274690397E-2,7.331749657E-4,1.600009040E-3,9.997397065E-1,1.773931720E2,1.852114047E-1,-7.982323079E-2,1.773930389E2
2.003420211E2,2.274170617E-2,7.355579874E-4,1.598315779E-3,9.997398257E-1,1.773937678E2,1.850232172E-1,-8.010160985E-2,1.773936344E2
2.003470211E2,2.274674949E-2,7.329750806E-4,1.602295204E-3,9.997397065E-1,1.773931897E2,1.854727791E-1,-7.979440082E-2,1.773930565E2
2.003520211E2,2.274615839E-2,7.328734500E-4,1.610710984E-3,9.997397065E-1,1.773932574E2,1.864365967E-1,-7.976093046E-2,1.773931236E2
2.003570211E2,2.274609912E-2,7.330900407E-4,1.611449174E-3,9.997397065E-1,1.773932642E2,1.865217252E-1,-7.978383033E-2,1.773931303E2
2.003620211E2,2.274658494E-2,7.330796798E-4,1.604581717E-3,9.997397065E-1,1.773932085E2,1.857349865E-1,-7.980045415E-2,1.773930751E2
2.003670211E2,2.275180386E-2,7.283537416E-4,1.607013750E-3,9.997395873E-1,1.773926103E2,1.860016987E-1,-7.925173169E-2,1.773924776E2
2.003720211E2,2.275707825E-2,7.258754922E-4,1.607613754E-3,9.997394681E-1,1.773920058E2,1.860643909E-1,-7.896527304E-2,1.773918735E2
2.003770211E2,2.275441294E-2,7.269346388E-4,1.607795828E-3,9.997395277E-1,1.773923113E2,1.860878012E-1,-7.908663201E-2,1.773921788E2
2.003820211E2,2.275955335E-2,7.238372928E-4,1.610557898E-3,9.997394085E-1,1.773917221E2,1.863965572E-1,-7.872363382E-2,1.773915900E2
2.003870211E2,2.276469896E-2,7.202161360E-4,1.613453496E-3,9.997392893E-1,1.773911323E2,1.867192404E-1,-7.830027448E-2,1.773910006E2
2.003920211E2,2.276205814E-2,7.216805243E-4,1.613124507E-3,9.997393489E-1,1.773914350E2,1.866851640E-1,-7.846938873E-2,1.773913031E2
2.003970211E2,2.275715349E-2,7.248338661E-4,1.607018523E-3,9.997394681E-1,1.773919972E2,1.859934891E-1,-7.884748084E-2,1.773918651E2
2.004020211E2,2.276010937E-2,7.234446239E-4,1.602858538E-3,9.997394085E-1,1.773916584E2,1.855135218E-1,-7.869862720E-2,1.773915269E2
2.004070211E2,2.276249590E-2,7.210250478E-4,1.607229700E-3,9.997393489E-1,1.773913848E2,1.860081670E-1,-7.840959122E-2,1.773912535E2
2.004120211E2,2.275412422E-2,7.264416781E-4,1.612099004E-3,9.997395277E-1,1.773923444E2,1.865794738E-1,-7.901899049E-2,1.773922116E2
2.004170211E2,2.275130868E-2,7.285757456E-4,1.613908913E-3,9.997395873E-1,1.773926671E2,1.867921629E-1,-7.925927961E-2,1.773925338E2
2.004220211E2,2.275388652E-2,7.280018763E-4,1.614748035E-3,9.997395277E-1,1.773923716E2,1.868870023E-1,-7.919086644E-2,1.773922384E2
2.004270211E2,2.274824564E-2,7.308746572E-4,1.619115705E-3,9.997396469E-1,1.773930182E2,1.873944148E-1,-7.950964574E-2,1.773928841E2
2.004320211E2,2.275098257E-2,7.292182418E-4,1.618210110E-3,9.997395873E-1,1.773927045E2,1.872865666E-1,-7.932173192E-2,1.773925707E2
2.004370211E2,2.275114937E-2,7.293003728E-4,1.615826273E-3,9.997395873E-1,1.773926854E2,1.870136966E-1,-7.933732495E-2,1.773925518E2
2.004420211E2,2.275111850E-2,7.296343683E-4,1.616110094E-3,9.997395873E-1,1.773926889E2,1.870470801E-1,-7.937485386E-2,1.773925552E2
2.004470211E2,2.275314509E-2,7.278065314E-4,1.625249395E-3,9.997395277E-1,1.773924566E2,1.880894923E-1,-7.914124415E-2,1.773923226E2
2.004520211E2,2.275065205E-2,7.287876797E-4,1.623043790E-3,9.997395873E-1,1.773927424E2,1.878391744E-1,-7.925986566E-2,1.773926083E2
2.004570211E2,2.275111846E-2,7.294588140E-4,1.616189955E-3,9.997395873E-1,1.773926889E2,1.870557714E-1,-7.935453384E-2,1.773925553E2
2.004620211E2,2.276166423E-2,7.217510138E-4,1.618641778E-3,9.997393489E-1,1.773914801E2,1.873173872E-1,-7.846314627E-2,1.773913478E2
2.004670211E2,2.275877280E-2,7.232054486E-4,1.621832489E-3,9.997394085E-1,1.773918116E2,1.876864885E-1,-7.862198892E-2,1.773916787E2
2.004720211E2,2.275894742E-2,7.237064419E-4,1.619156334E-3,9.997394085E-1,1.773917915E2,1.873812230E-1,-7.868633055E-2,1.773916588E2
2.004770211E2,2.275910923E-2,7.227192400E-4,1.617321861E-3,9.997394085E-1,1.773917730E2,1.871684997E-1,-7.857798920E-2,1.773916406E2
2.004820211E2,2.276146297E-2,7.214496727E-4,1.621603500E-3,9.997393489E-1,1.773915032E2,1.876558864E-1,-7.842093644E-2,1.773913707E2
2.004870211E2,2.275614137E-2,7.254632073E-4,1.621006057E-3,9.997394681E-1,1.773921132E2,1.875974921E-1,-7.888329090E-2,1.773919799E2
2.004920211E2,2.275686551E-2,7.249868358E-4,1.611022628E-3,9.997394681E-1,1.773920302E2,1.864525841E-1,-7.885461667E-2,1.773918978E2
2.004970211E2,2.275704734E-2,7.260062848E-4,1.607992221E-3,9.997394681E-1,1.773920093E2,1.861080875E-1,-7.897927562E-2,1.773918770E2
2.005020211E2,2.275443871E-2,7.273770170E-4,1.607230864E-3,9.997395277E-1,1.773923083E2,1.860242335E-1,-7.913878004E-2,1.773921758E2
2.005070211E2,2.275197427E-2,7.293431554E-4,1.604149817E-3,9.997395873E-1,1.773925908E2,1.856761939E-1,-7.937251617E-2,1.773924582E2
2.005120211E2,2.274994816E-2,7.300171419E-4,1.595408074E-3,9.997396469E-1,1.773928230E2,1.846763177E-1,-7.947289605E-2,1.773926910E2
2.005170211E2,2.274716036E-2,7.325421320E-4,1.596650342E-3,9.997397065E-1,1.773931426E2,1.848249957E-1,-7.975944009E-2,1.773930099E2
2.005220211E2,2.275250645E-2,7.293408853E-4,1.596584916E-3,9.997395873E-1,1.773925298E2,1.848095792E-1,-7.939188185E-2,1.773923978E2
2.005270211E2,2.275250018E-2,7.285683532E-4,1.597026945E-3,9.997395873E-1,1.773925305E2,1.848582040E-1,-7.930222783E-2,1.773923986E2
2.005320211E2,2.275010115E-2,7.302413578E-4,1.593122142E-3,9.997396469E-1,1.773928055E2,1.844150333E-1,-7.950451403E-2,1.773926736E2
2.005370211E2,2.275531405E-2,7.275312673E-4,1.594719477E-3,9.997395277E-1,1.773922080E2,1.845913741E-1,-7.918891433E-2,1.773920764E2
2.005420211E2,2.275476035E-2,7.264153683E-4,1.603106852E-3,9.997395277E-1,1.773922715E2,1.855492955E-1,-7.903930596E-2,1.773921394E2
2.005470211E2,2.274973363E-2,7.306562038E-4,1.598172239E-3,9.997396469E-1,1.773928476E2,1.849946356E-1,-7.953894139E-2,1.773927152E2
2.005520211E2,2.274704925E-2,7.324317121E-4,1.598283183E-3,9.997397065E-1,1.773931553E2,1.850117607E-1,-7.974255430E-2,1.773930225E2
2.005570211E2,2.275492927E-2,7.260858547E-4,1.600856893E-3,9.997395277E-1,1.773922521E2,1.852906894E-1,-7.900739208E-2,1.773921203E2
2.005620211E2,2.275225136E-2,7.293002564E-4,1.600234536E-3,9.997395873E-1,1.773925590E2,1.852275612E-1,-7.937775863E-2,1.773924267E2
2.005670211E2,2.274708357E-2,7.320866571E-4,1.597952796E-3,9.997397065E-1,1.773931514E2,1.849730141E-1,-7.970387908E-2,1.773930187E2
2.005720211E2,2.275777565E-2,7.255942910E-4,1.597838593E-3,9.997394681E-1,1.773919258E2,1.849438494E-1,-7.895842181E-2,1.773917944E2
2.005770211E2,2.276053170E-2,7.239214610E-4,1.596634043E-3,9.997394085E-1,1.773916099E2,1.848017077E-1,-7.876941147E-2,1.773914789E2
2.005820211E2,2.274744138E-2,7.316736737E-4,1.593040768E-3,9.997397065E-1,1.773931104E2,1.844092335E-1,-7.966930544E-2,1.773929782E2
2.005870211E2,2.275305735E-2,7.276598481E-4,1.589485328E-3,9.997395873E-1,1.773924667E2,1.839918954E-1,-7.921770919E-2,1.773923355E2
2.005920211E2,2.276343474E-2,7.218564278E-4,1.593501307E-3,9.997393489E-1,1.773912772E2,1.844376562E-1,-7.854047321E-2,1.773911468E2
2.005970211E2,2.276593960E-2,7.201374392E-4,1.595888054E-3,9.997392893E-1,1.773909901E2,1.847067986E-1,-7.833685396E-2,1.773908598E2
2.006020211E2,2.276378639E-2,7.215945516E-4,1.588588930E-3,9.997393489E-1,1.773912369E2,1.838742284E-1,-7.852322212E-2,1.773911069E2
2.006070211E2,2.276901339E-2,7.172314799E-4,1.590675674E-3,9.997392297E-1,1.773906378E2,1.841023152E-1,-7.801697487E-2,1.773905084E2
2.006120211E2,2.277152500E-2,7.157637738E-4,1.592843444E-3,9.997391701E-1,1.773903499E2,1.843470250E-1,-7.784271249E-2,1.773902207E2
2.006170211E2,2.277131246E-2,7.150333258E-4,1.596206450E-3,9.997391701E-1,1.773903742E2,1.847303750E-1,-7.775029444E-2,1.773902449E2
2.006220211E2,2.277422933E-2,7.132784231E-4,1.592705026E-3,9.997391105E-1,1.773900399E2,1.843248910E-1,-7.755784905E-2,1.773899112E2
2.006270211E2,2.277146178E-2,7.154483465E-4,1.593888621E-3,9.997391701E-1,1.773903571E2,1.844659344E-1,-7.780386081E-2,1.773902279E2
2.006320211E2,2.277919589E-2,7.108479622E-4,1.597586670E-3,9.997389913E-1,1.773894706E2,1.848781822E-1,-7.726575241E-2,1.773893420E2
2.006370211E2,2.277384250E-2,7.136055501E-4,1.598080737E-3,9.997391105E-1,1.773900842E2,1.849415673E-1,-7.758136696E-2,1.773899550E2
2.006420211E2,2.276353407E-2,7.207114832E-4,1.592600369E-3,9.997393489E-1,1.773912658E2,1.843314636E-1,-7.841163826E-2,1.773911357E2
2.006470211E2,2.277446324E-2,7.145254640E-4,1.588796498E-3,9.997391105E-1,1.773900131E2,1.838803951E-1,-7.771086991E-2,1.773898844E2
2.006520211E2,2.277951563E-2,7.101240917E-4,1.593343914E-3,9.997389913E-1,1.773894340E2,1.843902583E-1,-7.719384105E-2,1.773893058E2
2.006570211E2,2.276604192E-2,7.186102448E-4,1.595116570E-3,9.997392893E-1,1.773909784E2,1.846144390E-1,-7.816388977E-2,1.773908484E2
2.006620211E2,2.275842391E-2,7.252367213E-4,1.588741783E-3,9.997394681E-1,1.773918515E2,1.839008183E-1,-7.894106309E-2,1.773917209E2
2.006670211E2,2.276660038E-2,7.198954700E-4,1.586543396E-3,9.997392893E-1,1.773909143E2,1.836356755E-1,-7.833339161E-2,1.773907849E2
2.006720211E2,2.276629488E-2,7.197408704E-4,1.590991160E-3,9.997392893E-1,1.773909494E2,1.841447933E-1,-7.830413251E-2,1.773908196E2
2.006770211E2,2.275836174E-2,7.251240313E-4,1.589683583E-3,9.997394681E-1,1.773918587E2,1.840084141E-1,-7.892570830E-2,1.773917280E2
2.006820211E2,2.276402770E-2,7.216369850E-4,1.585107995E-3,9.997393489E-1,1.773912092E2,1.834755750E-1,-7.853711969E-2,1.773910795E2
2.006870211E2,2.277447801E-2,7.131832535E-4,1.589187887E-3,9.997391105E-1,1.773900114E2,1.839217311E-1,-7.755607979E-2,1.773898830E2
2.006920211E2,2.276608426E-2,7.187039591E-4,1.594469999E-3,9.997392893E-1,1.773909735E2,1.845406143E-1,-7.817630489E-2,1.773908436E2
2.006970211E2,2.276616033E-2,7.184505812E-4,1.593497698E-3,9.997392893E-1,1.773909648E2,1.844285704E-1,-7.814980010E-2,1.773908350E2
2.007020211E2,2.277715431E-2,7.111162995E-4,1.589254593E-3,9.997390509E-1,1.773897046E2,1.839241851E-1,-7.731861954E-2,1.773895766E2
2.007070211E2,2.277654482E-2,7.123562391E-4,1.597413444E-3,9.997390509E-1,1.773897745E2,1.848620694E-1,-7.743948558E-2,1.773896456E2
2.007120211E2,2.276633186E-2,7.185296272E-4,1.591009437E-3,9.997392893E-1,1.773909451E2,1.841437297E-1,-7.816531589E-2,1.773908155E2
2.007170211E2,2.276920377E-2,7.169602322E-4,1.588070649E-3,9.997392297E-1,1.773906159E2,1.838031851E-1,-7.799266247E-2,1.773904869E2
2.007220211E2,2.277155498E-2,7.154535851E-4,1.592554152E-3,9.997391701E-1,1.773903464E2,1.843130759E-1,-7.780792615E-2,1.773902173E2
2.007270211E2,2.277405090E-2,7.135062478E-4,1.595152542E-3,9.997391105E-1,1.773900604E2,1.846058643E-1,-7.757759431E-2,1.773899314E2
2.007320211E2,2.276836595E-2,7.168244920E-4,1.600098563E-3,9.997392297E-1,1.773907120E2,1.851807084E-1,-7.794588268E-2,1.773905820E2
2.007370211E2,2.277662079E-2,7.121519884E-4,1.596421003E-3,9.997390509E-1,1.773897658E2,1.847478461E-1,-7.741866263E-2,1.773896370E2
2.007420211E2,2.277629083E-2,7.130119484E-4,1.600738964E-3,9.997390509E-1,1.773898036E2,1.852447398E-1,-7.750597177E-2,1.773896743E2
2.007470211E2,2.277087938E-2,7.151408936E-4,1.602324774E-3,9.997391701E-1,1.773904239E2,1.854315499E-1,-7.774673194E-2,1.773902941E2
2.007520211E2,2.276536061E-2,7.200112450E-4,1.604182879E-3,9.997392893E-1,1.773910565E2,1.856566963E-1,-7.830086393E-2,1.773909256E2
2.007570211E2,2.276306165E-2,7.209833711E-4,1.599215902E-3,9.997393489E-1,1.773913200E2,1.850900252E-1,-7.842561611E-2,1.773911893E2
2.007620211E2,2.276816068E-2,7.177991210E-4,1.602580538E-3,9.997392297E-1,1.773907355E2,1.854675758E-1,-7.805109999E-2,1.773906052E2
2.007670211E2,2.276524190E-2,7.200549589E-4,1.605847036E-3,9.997392893E-1,1.773910701E2,1.858474504E-1,-7.830155240E-2,1.773909390E2
2.007720211E2,2.276037778E-2,7.223133580E-4,1.599553972E-3,9.997394085E-1,1.773916276E2,1.851320140E-1,-7.857759683E-2,1.773914966E2
2.007770211E2,2.276599333E-2,7.193326601E-4,1.595484442E-3,9.997392893E-1,1.773909839E2,1.846584643E-1,-7.824570013E-2,1.773908538E2
2.007820211E2,2.276831895E-2,7.167750155E-4,1.600789372E-3,9.997392297E-1,1.773907174E2,1.852597161E-1,-7.793842082E-2,1.773905873E2
2.007870211E2,2.276291530E-2,7.214528159E-4,1.601086231E-3,9.997393489E-1,1.773913367E2,1.853055072E-1,-7.847454473E-2,1.773912058E2
2.007920211E2,2.275807566E-2,7.251517382E-4,1.593761262E-3,9.997394681E-1,1.773918915E2,1.844756113E-1,-7.891830044E-2,1.773917604E2
2.007970211E2,2.276867111E-2,7.180029061E-4,1.595220412E-3,9.997392297E-1,1.773906770E2,1.846249561E-1,-7.809355553E-2,1.773905472E2
2.008020211E2,2.277092996E-2,7.156507927E-4,1.601377968E-3,9.997391701E-1,1.773904181E2,1.853244165E-1,-7.780760816E-2,1.773902882E2
2.008070211E2,2.276805496E-2,7.171547622E-4,1.604369958E-3,9.997392297E-1,1.773907476E2,1.856708858E-1,-7.797263186E-2,1.773906173E2
2.008120211E2,2.276295483E-2,7.208342431E-4,1.600802760E-3,9.997393489E-1,1.773913322E2,1.852714215E-1,-7.840441208E-2,1.773912014E2
2.008170211E2,2.277089831E-2,7.154862978E-4,1.601901487E-3,9.997391701E-1,1.773904217E2,1.853839602E-1,-7.778740309E-2,1.773902919E2
2.008220211E2,2.276516183E-2,7.188929594E-4,1.607501879E-3,9.997392893E-1,1.773910792E2,1.860339947E-1,-7.816412940E-2,1.773909483E2
2.008270211E2,2.276018866E-2,7.224817527E-4,1.602166682E-3,9.997394085E-1,1.773916493E2,1.854317559E-1,-7.859010883E-2,1.773915181E2
2.008320211E2,2.275757279E-2,7.246845635E-4,1.601137337E-3,9.997394681E-1,1.773919491E2,1.853193718E-1,-7.884563636E-2,1.773918176E2
2.008370211E2,2.275705378E-2,7.256348035E-4,1.608068822E-3,9.997394681E-1,1.773920086E2,1.861158947E-1,-7.893651711E-2,1.773918763E2
2.008420211E2,2.275663810E-2,7.256431854E-4,1.613936853E-3,9.997394681E-1,1.773920562E2,1.867881378E-1,-7.892225176E-2,1.773919235E2
2.008470211E2,2.275411124E-2,7.273137453E-4,1.611888874E-3,9.997395277E-1,1.773923459E2,1.865576741E-1,-7.911944639E-2,1.773922130E2
2.008520211E2,2.274827440E-2,7.313295500E-4,1.618506038E-3,9.997396469E-1,1.773930149E2,1.873257583E-1,-7.956334302E-2,1.773928807E2
2.008570211E2,2.275577083E-2,7.263185107E-4,1.625817735E-3,9.997394681E-1,1.773921556E2,1.881509295E-1,-7.896879780E-2,1.773920218E2
2.008620211E2,2.275312917E-2,7.276182878E-4,1.625556499E-3,9.997395277E-1,1.773924584E2,1.881241826E-1,-7.911888087E-2,1.773923244E2
2.008670211E2,2.275046963E-2,7.288038032E-4,1.625591540E-3,9.997395873E-1,1.773927633E2,1.881310776E-1,-7.925510470E-2,1.773926290E2
2.008720211E2,2.275279787E-2,7.280005957E-4,1.630016486E-3,9.997395277E-1,1.773924964E2,1.886360989E-1,-7.915111203E-2,1.773923620E2
2.008770211E2,2.275503654E-2,7.261904539E-4,1.636119559E-3,9.997394681E-1,1.773922398E2,1.893307364E-1,-7.892740178E-2,1.773921052E2
2.008820211E2,2.274695823E-2,7.314067916E-4,1.636865432E-3,9.997396469E-1,1.773931658E2,1.894291465E-1,-7.952458025E-2,1.773930301E2
2.008870211E2,2.273922185E-2,7.373321569E-4,1.632479485E-3,9.997398257E-1,1.773940525E2,1.889415098E-1,-8.021629577E-2,1.773939161E2
2.008920211E2,2.274727092E-2,7.305214531E-4,1.632910687E-3,9.997396469E-1,1.773931299E2,1.889737992E-1,-7.943340422E-2,1.773929947E2
2.008970211E2,2.275234296E-2,7.286499022E-4,1.636064961E-3,9.997395277E-1,1.773925485E2,1.893306821E-1,-7.920981297E-2,1.773924135E2
2.009020211E2,2.274719213E-2,7.321937010E-4,1.633259235E-3,9.997396469E-1,1.773931389E2,1.890180829E-1,-7.962408621E-2,1.773930034E2
2.009070211E2,2.274746163E-2,7.308408385E-4,1.630108571E-3,9.997396469E-1,1.773931081E2,1.886536305E-1,-7.947726210E-2,1.773929730E2
2.009120211E2,2.275492418E-2,7.258552359E-4,1.637830166E-3,9.997394681E-1,1.773922527E2,1.895258241E-1,-7.888455923E-2,1.773921180E2
2.009170211E2,2.274433042E-2,7.325353799E-4,1.636471949E-3,9.997397065E-1,1.773934670E2,1.893868010E-1,-7.965539684E-2,1.773933311E2
2.009220211E2,2.274742395E-2,7.318573771E-4,1.630178303E-3,9.997396469E-1,1.773931124E2,1.886642665E-1,-7.959354390E-2,1.773929772E2
2.009270211E2,2.275027474E-2,7.286660839E-4,1.628378406E-3,9.997395873E-1,1.773927856E2,1.884499724E-1,-7.923209829E-2,1.773926512E2
2.009320211E2,2.275272599E-2,7.272272487E-4,1.631364459E-3,9.997395277E-1,1.773925046E2,1.887885032E-1,-7.905901488E-2,1.773923702E2
2.009370211E2,2.275017919E-2,7.295629475E-4,1.629311475E-3,9.997395873E-1,1.773927966E2,1.885591976E-1,-7.933242997E-2,1.773926619E2
2.009420211E2,2.274209955E-2,7.356345304E-4,1.629658393E-3,9.997397661E-1,1.773937227E2,1.886141255E-1,-8.002862111E-2,1.773935868E2
2.009470211E2,2.273641787E-2,7.380540483E-4,1.634704415E-3,9.997398853E-1,1.773943739E2,1.891980587E-1,-8.029372973E-2,1.773942371E2
2.009520211E2,2.274404695E-2,7.335207774E-4,1.639966620E-3,9.997397065E-1,1.773934994E2,1.897897042E-1,-7.975923087E-2,1.773933631E2
2.009570211E2,2.274418965E-2,7.329292712E-4,1.638251124E-3,9.997397065E-1,1.773934831E2,1.895916427E-1,-7.969591109E-2,1.773933470E2
2.009620211E2,2.274158542E-2,7.344766636E-4,1.637337147E-3,9.997397661E-1,1.773937816E2,1.894907611E-1,-7.987605895E-2,1.773936453E2
2.009670211E2,2.274407985E-2,7.333422545E-4,1.639590133E-3,9.997397065E-1,1.773934957E2,1.897461103E-1,-7.973975400E-2,1.773933594E2
2.009720211E2,2.274386278E-2,7.333385875E-4,1.642600051E-3,9.997397065E-1,1.773935206E2,1.900909061E-1,-7.973153006E-2,1.773933841E2
2.009770211E2,2.273575295E-2,7.389386883E-4,1.643528929E-3,9.997398853E-1,1.773944501E2,1.902112659E-1,-8.037220955E-2,1.773943125E2
2.009820211E2,2.274115385E-2,7.359097945E-4,1.642679214E-3,9.997397661E-1,1.773938311E2,1.901064605E-1,-8.002640090E-2,1.773936941E2
2.009870211E2,2.274106076E-2,7.358080475E-4,1.644012867E-3,9.997397661E-1,1.773938417E2,1.902589742E-1,-8.001128668E-2,1.773937047E2
2.009920211E2,2.273295712E-2,7.412981358E-4,1.644882723E-3,9.997399449E-1,1.773947706E2,1.903722821E-1,-8.063951723E-2,1.773946324E2
2.009970211E2,2.273345472E-2,7.414076827E-4,1.637941692E-3,9.997399449E-1,1.773947135E2,1.895774280E-1,-8.067005516E-2,1.773945759E2
2.010020211E2,2.274135333E-2,7.354628760E-4,1.640115748E-3,9.997397661E-1,1.773938082E2,1.898116355E-1,-7.998184387E-2,1.773936715E2
2.010070211E2,2.274397478E-2,7.333872491E-4,1.641026814E-3,9.997397065E-1,1.773935077E2,1.899108085E-1,-7.974118402E-2,1.773933714E2
2.010120211E2,2.273311054E-2,7.415944128E-4,1.642627292E-3,9.997399449E-1,1.773947530E2,1.901146794E-1,-8.067930581E-2,1.773946149E2
2.010170211E2,2.272512211E-2,7.457218599E-4,1.642464893E-3,9.997401237E-1,1.773956686E2,1.901061799E-1,-8.115409573E-2,1.773955298E2
2.010220211E2,2.273035286E-2,7.429327234E-4,1.643907861E-3,9.997400045E-1,1.773950691E2,1.902646480E-1,-8.082981382E-2,1.773949306E2
2.010270211E2,2.273815589E-2,7.382075419E-4,1.646868070E-3,9.997398257E-1,1.773941747E2,1.905920929E-1,-8.027928997E-2,1.773940369E2
2.010320211E2,2.273313039E-2,7.417907473E-4,1.642263960E-3,9.997399449E-1,1.773947507E2,1.900735684E-1,-8.070274101E-2,1.773946126E2
2.010370211E2,2.273353507E-2,7.402970223E-4,1.637328649E-3,9.997399449E-1,1.773947043E2,1.895043092E-1,-8.054439777E-2,1.773945669E2
2.010420211E2,2.274966934E-2,7.289416390E-4,1.636691857E-3,9.997395873E-1,1.773928550E2,1.894030496E-1,-7.924210683E-2,1.773927198E2
2.010470211E2,2.274697943E-2,7.316797273E-4,1.636448782E-3,9.997396469E-1,1.773931633E2,1.893821274E-1,-7.955693033E-2,1.773930277E2
2.010520211E2,2.273920624E-2,7.362070610E-4,1.633204520E-3,9.997398257E-1,1.773940543E2,1.890216379E-1,-8.008551638E-2,1.773939180E2
2.010570211E2,2.274985053E-2,7.298443816E-4,1.633768436E-3,9.997395873E-1,1.773928342E2,1.890705043E-1,-7.935311388E-2,1.773926991E2
2.010620211E2,2.274968410E-2,7.292173686E-4,1.636363799E-3,9.997395873E-1,1.773928533E2,1.893661866E-1,-7.927454738E-2,1.773927181E2
2.010670211E2,2.274435162E-2,7.340195589E-4,1.635511988E-3,9.997397065E-1,1.773934645E2,1.892806964E-1,-7.982792510E-2,1.773933285E2
2.010720211E2,2.275023038E-2,7.285641041E-4,1.629043720E-3,9.997395873E-1,1.773927907E2,1.885259227E-1,-7.921868911E-2,1.773926562E2
2.010770211E2,2.276061751E-2,7.230432238E-4,1.632722677E-3,9.997393489E-1,1.773916001E2,1.889338132E-1,-7.857465285E-2,1.773914664E2
2.010820211E2,2.275784412E-2,7.248999318E-4,1.634061569E-3,9.997394085E-1,1.773919180E2,1.890918244E-1,-7.878439285E-2,1.773917838E2
2.010870211E2,2.275241194E-2,7.273076917E-4,1.635702909E-3,9.997395277E-1,1.773925406E2,1.892857102E-1,-7.905697792E-2,1.773924059E2
2.010920211E2,2.274978750E-2,7.295245887E-4,1.634788583E-3,9.997395873E-1,1.773928415E2,1.891865357E-1,-7.931383017E-2,1.773927063E2
2.010970211E2,2.275242054E-2,7.272717776E-4,1.635599299E-3,9.997395277E-1,1.773925397E2,1.892737475E-1,-7.905313206E-2,1.773924049E2
2.011020211E2,2.275500767E-2,7.253059885E-4,1.636913279E-3,9.997394681E-1,1.773922431E2,1.894193577E-1,-7.882401158E-2,1.773921086E2
2.011070211E2,2.275247926E-2,7.271625800E-4,1.634830725E-3,9.997395277E-1,1.773925329E2,1.891854179E-1,-7.904261504E-2,1.773923983E2
2.011120211E2,2.275235462E-2,7.274137461E-4,1.636452856E-3,9.997395277E-1,1.773925472E2,1.893718978E-1,-7.906718316E-2,1.773924124E2
2.011170211E2,2.274672999E-2,7.310253568E-4,1.640204224E-3,9.997396469E-1,1.773931919E2,1.898106331E-1,-7.947222234E-2,1.773930561E2
2.011220211E2,2.274658242E-2,7.309066714E-4,1.642302261E-3,9.997396469E-1,1.773932088E2,1.900506675E-1,-7.945318458E-2,1.773930728E2
2.011270211E2,2.273846416E-2,7.363747573E-4,1.643428695E-3,9.997398257E-1,1.773941394E2,1.901933192E-1,-8.007822635E-2,1.773940022E2
2.011320211E2,2.273863961E-2,7.374596316E-4,1.640512142E-3,9.997398257E-1,1.773941192E2,1.898620339E-1,-8.021007808E-2,1.773939821E2
2.011370211E2,2.273595416E-2,7.381811156E-4,1.641084091E-3,9.997398853E-1,1.773944271E2,1.899292221E-1,-8.029175237E-2,1.773942898E2
2.011420211E2,2.273332947E-2,7.401442854E-4,1.640249742E-3,9.997399449E-1,1.773947279E2,1.898385415E-1,-8.051932892E-2,1.773945903E2
2.011470211E2,2.273089879E-2,7.431012928E-4,1.636265311E-3,9.997400045E-1,1.773950065E2,1.893895841E-1,-8.086892970E-2,1.773948686E2
2.011520211E2,2.273389270E-2,7.402818883E-4,1.632362488E-3,9.997399449E-1,1.773946633E2,1.889353643E-1,-8.055553431E-2,1.773945263E2
2.011570211E2,2.273638987E-2,7.386753568E-4,1.634813263E-3,9.997398853E-1,1.773943771E2,1.892121453E-1,-8.036462965E-2,1.773942402E2
2.011620211E2,2.273086542E-2,7.419890026E-4,1.637233305E-3,9.997400045E-1,1.773950103E2,1.894975792E-1,-8.073898850E-2,1.773948726E2
2.011670211E2,2.272547366E-2,7.459188346E-4,1.637503854E-3,9.997401237E-1,1.773956283E2,1.895383739E-1,-8.118951465E-2,1.773954898E2
2.011720211E2,2.273058851E-2,7.427753881E-4,1.640717615E-3,9.997400045E-1,1.773950421E2,1.898987757E-1,-8.082005455E-2,1.773949039E2
2.011770211E2,2.273075737E-2,7.422705530E-4,1.638605259E-3,9.997400045E-1,1.773950227E2,1.896554780E-1,-8.076769012E-2,1.773948848E2
2.011820211E2,2.272831070E-2,7.443416398E-4,1.635234919E-3,9.997400641E-1,1.773953032E2,1.892745618E-1,-8.101420018E-2,1.773951651E2
2.011870211E2,2.272059391E-2,7.489153068E-4,1.631057472E-3,9.997402430E-1,1.773961877E2,1.888072686E-1,-8.155050581E-2,1.773960491E2
2.011920211E2,2.272308075E-2,7.472861907E-4,1.633692998E-3,9.997401834E-1,1.773959026E2,1.891051605E-1,-8.135653868E-2,1.773957642E2
2.011970211E2,2.273128875E-2,7.415517466E-4,1.631544088E-3,9.997400045E-1,1.773949618E2,1.888447051E-1,-8.070363558E-2,1.773948246E2
2.012020211E2,2.272092913E-2,7.505575195E-4,1.625623903E-3,9.997402430E-1,1.773961492E2,1.881890907E-1,-8.175272518E-2,1.773960108E2
2.012070211E2,2.272129113E-2,7.488282281E-4,1.621356118E-3,9.997402430E-1,1.773961077E2,1.876956901E-1,-8.156565873E-2,1.773959700E2
2.012120211E2,2.272925431E-2,7.444091025E-4,1.622035285E-3,9.997400641E-1,1.773951950E2,1.877626349E-1,-8.105613156E-2,1.773950580E2
2.012170211E2,2.272923205E-2,7.447617827E-4,1.622185344E-3,9.997400641E-1,1.773951975E2,1.877807430E-1,-8.109614857E-2,1.773950605E2
2.012220211E2,2.272705867E-2,7.454288425E-4,1.615582500E-3,9.997401237E-1,1.773954467E2,1.870258678E-1,-8.119017329E-2,1.773953100E2
2.012270211E2,2.273762119E-2,7.392524858E-4,1.617333735E-3,9.997398853E-1,1.773942360E2,1.872112557E-1,-8.047605960E-2,1.773941004E2
2.012320211E2,2.273464362E-2,7.394429413E-4,1.622253098E-3,9.997399449E-1,1.773945773E2,1.877750851E-1,-8.048561949E-2,1.773944412E2
2.012370211E2,2.272700514E-2,7.454227307E-4,1.616338152E-3,9.997401237E-1,1.773954528E2,1.871124167E-1,-8.118751506E-2,1.773953161E2
2.012420211E2,2.273044453E-2,7.432641578E-4,1.605800469E-3,9.997400641E-1,1.773950586E2,1.858998528E-1,-8.096703045E-2,1.773949231E2
2.012470211E2,2.273805152E-2,7.388836239E-4,1.611441607E-3,9.997398853E-1,1.773941867E2,1.865353141E-1,-8.044907481E-2,1.773940516E2
2.012520211E2,2.273776211E-2,7.375723217E-4,1.616119174E-3,9.997398853E-1,1.773942198E2,1.870677459E-1,-8.028671535E-2,1.773940846E2
2.012570211E2,2.274287043E-2,7.350237574E-4,1.619142131E-3,9.997397661E-1,1.773936343E2,1.874078296E-1,-7.998591275E-2,1.773934994E2
2.012620211E2,2.274047503E-2,7.356181741E-4,1.615710207E-3,9.997398257E-1,1.773939089E2,1.870160186E-1,-8.006340283E-2,1.773937741E2
2.012670211E2,2.273980881E-2,7.360909949E-4,1.624845667E-3,9.997398257E-1,1.773939852E2,1.880637755E-1,-8.009388830E-2,1.773938496E2
2.012720211E2,2.274240605E-2,7.350813830E-4,1.625625649E-3,9.997397661E-1,1.773936875E2,1.881507085E-1,-7.997570397E-2,1.773935521E2
2.012770211E2,2.273999320E-2,7.357990253E-4,1.622395590E-3,9.997398257E-1,1.773939641E2,1.877823432E-1,-8.006678983E-2,1.773938288E2
2.012820211E2,2.274002290E-2,7.365809288E-4,1.621624338E-3,9.997398257E-1,1.773939607E2,1.876960271E-1,-8.015837037E-2,1.773938253E2
2.012870211E2,2.275330979E-2,7.275160169E-4,1.623072312E-3,9.997395277E-1,1.773924377E2,1.878393365E-1,-7.911360801E-2,1.773923039E2
2.012920211E2,2.275071974E-2,7.292955997E-4,1.621866366E-3,9.997395873E-1,1.773927346E2,1.877056159E-1,-7.932111091E-2,1.773926006E2
2.012970211E2,2.274778586E-2,7.315608673E-4,1.625253819E-3,9.997396469E-1,1.773930709E2,1.880993628E-1,-7.957234427E-2,1.773929361E2
2.013020211E2,2.274778795E-2,7.316686679E-4,1.625176053E-3,9.997396469E-1,1.773930706E2,1.880907350E-1,-7.958489643E-2,1.773929359E2
2.013070211E2,2.275298473E-2,7.277973928E-4,1.627497026E-3,9.997395277E-1,1.773924750E2,1.883469491E-1,-7.913436682E-2,1.773923408E2
2.013120211E2,2.274172816E-2,7.358880830E-4,1.634718734E-3,9.997397661E-1,1.773937652E2,1.891944802E-1,-8.004455060E-2,1.773936289E2
2.013170211E2,2.272852800E-2,7.440453046E-4,1.632347004E-3,9.997400641E-1,1.773952782E2,1.889429616E-1,-8.098773231E-2,1.773951405E2
2.013220211E2,2.272842424E-2,7.441085763E-4,1.633762266E-3,9.997400641E-1,1.773952901E2,1.891052534E-1,-8.099131422E-2,1.773951523E2
2.013270211E2,2.273122722E-2,7.429328980E-4,1.631773077E-3,9.997400045E-1,1.773949689E2,1.888745318E-1,-8.086127791E-2,1.773948314E2
2.013320211E2,2.272089193E-2,7.489707205E-4,1.626875252E-3,9.997402430E-1,1.773961535E2,1.883283128E-1,-8.156768734E-2,1.773960153E2
2.013370211E2,2.272352800E-2,7.481618086E-4,1.627058024E-3,9.997401834E-1,1.773958514E2,1.883473600E-1,-8.147404439E-2,1.773957133E2
2.013420211E2,2.272893951E-2,7.435512380E-4,1.626832876E-3,9.997400641E-1,1.773952311E2,1.883099973E-1,-8.094541594E-2,1.773950939E2
2.013470211E2,2.272897262E-2,7.443901268E-4,1.625986537E-3,9.997400641E-1,1.773952273E2,1.882152268E-1,-8.104371879E-2,1.773950900E2
2.013520211E2,2.272367428E-2,7.471712306E-4,1.625469420E-3,9.997401834E-1,1.773958346E2,1.881627982E-1,-8.136467125E-2,1.773956968E2
2.013570211E2,2.272921909E-2,7.436428568E-4,1.622880111E-3,9.997400641E-1,1.773951990E2,1.878574211E-1,-8.096615514E-2,1.773950622E2
2.013620211E2,2.273415690E-2,7.402918418E-4,1.628674217E-3,9.997399449E-1,1.773946331E2,1.885128753E-1,-8.056623366E-2,1.773944963E2
2.013670211E2,2.273377126E-2,7.409351529E-4,1.633756678E-3,9.997399449E-1,1.773946773E2,1.890967780E-1,-8.062676423E-2,1.773945400E2
2.013720211E2,2.273944072E-2,7.375742425E-4,1.629318343E-3,9.997398257E-1,1.773940274E2,1.885800110E-1,-8.025222576E-2,1.773938912E2
2.013770211E2,2.274504544E-2,7.324262988E-4,1.626552898E-3,9.997397065E-1,1.773933850E2,1.882502259E-1,-7.966861916E-2,1.773932500E2
2.013820211E2,2.275315750E-2,7.283057203E-4,1.624851953E-3,9.997395277E-1,1.773924552E2,1.880452632E-1,-7.919946608E-2,1.773923211E2
2.013870211E2,2.275048299E-2,7.289693458E-4,1.625330304E-3,9.997395873E-1,1.773927617E2,1.881015825E-1,-7.927474812E-2,1.773926275E2
2.013920211E2,2.275318010E-2,7.270260830E-4,1.625108533E-3,9.997395277E-1,1.773924526E2,1.880713223E-1,-7.905219532E-2,1.773923187E2
2.013970211E2,2.275877909E-2,7.241794956E-4,1.621309435E-3,9.997394085E-1,1.773918108E2,1.876291075E-1,-7.873494044E-2,1.773916778E2
2.014020211E2,2.275611673E-2,7.262193831E-4,1.621013391E-3,9.997394681E-1,1.773921160E2,1.876003025E-1,-7.896990521E-2,1.773919826E2
2.014070211E2,2.275404927E-2,7.278873236E-4,1.612504711E-3,9.997395277E-1,1.773923530E2,1.866297165E-1,-7.918356226E-2,1.773922199E2
2.014120211E2,2.276531355E-2,7.197133964E-4,1.604984165E-3,9.997392893E-1,1.773910618E2,1.857477126E-1,-7.826466018E-2,1.773909309E2
2.014170211E2,2.276497236E-2,7.200518739E-4,1.609664876E-3,9.997392893E-1,1.773911010E2,1.862848010E-1,-7.829128906E-2,1.773909696E2
2.014220211E2,2.276484535E-2,7.201188710E-4,1.611430198E-3,9.997392893E-1,1.773911155E2,1.864872048E-1,-7.829438266E-2,1.773909840E2
2.014270211E2,2.276522211E-2,7.199954125E-4,1.606154256E-3,9.997392893E-1,1.773910723E2,1.858824892E-1,-7.829393285E-2,1.773909413E2
2.014320211E2,2.276848505E-2,7.174256025E-4,1.598133123E-3,9.997392297E-1,1.773906983E2,1.849571214E-1,-7.801985312E-2,1.773905684E2
2.014370211E2,2.277057632E-2,7.162180846E-4,1.606145874E-3,9.997391701E-1,1.773904586E2,1.858720906E-1,-7.786022203E-2,1.773903283E2
2.014420211E2,2.278344591E-2,7.077944465E-4,1.612863736E-3,9.997388721E-1,1.773889835E2,1.866207092E-1,-7.687526333E-2,1.773888542E2
2.014470211E2,2.277800805E-2,7.102150703E-4,1.614712761E-3,9.997389913E-1,1.773896068E2,1.868384383E-1,-7.714876266E-2,1.773894769E2
2.014520211E2,2.278083015E-2,7.092867745E-4,1.612210181E-3,9.997389317E-1,1.773892833E2,1.865495317E-1,-7.704842141E-2,1.773891538E2
2.014570211E2,2.279397642E-2,6.999034085E-4,1.615300775E-3,9.997386336E-1,1.773877765E2,1.868800966E-1,-7.596292138E-2,1.773876485E2
2.014620211E2,2.279102071E-2,7.017862517E-4,1.619294635E-3,9.997386932E-1,1.773881153E2,1.873423348E-1,-7.616874440E-2,1.773879867E2
2.014670211E2,2.278847749E-2,7.027828833E-4,1.617855392E-3,9.997387528E-1,1.773884068E2,1.871798614E-1,-7.628715534E-2,1.773882781E2
2.014720211E2,2.279108941E-2,7.018335164E-4,1.618306967E-3,9.997386932E-1,1.773881074E2,1.872293143E-1,-7.617672583E-2,1.773879789E2
2.014770211E2,2.279336896E-2,6.990588154E-4,1.624213764E-3,9.997386336E-1,1.773878461E2,1.878989341E-1,-7.584299568E-2,1.773877176E2
2.014820211E2,2.278574089E-2,7.061078795E-4,1.618119772E-3,9.997388124E-1,1.773887204E2,1.872186234E-1,-7.666789449E-2,1.773885911E2
2.014870211E2,2.278873985E-2,7.033071015E-4,1.613927307E-3,9.997387528E-1,1.773883767E2,1.867312411E-1,-7.635741984E-2,1.773882482E2
2.014920211E2,2.279383892E-2,7.004503277E-4,1.617003116E-3,9.997386336E-1,1.773877922E2,1.870765385E-1,-7.602115634E-2,1.773876641E2
2.014970211E2,2.279640930E-2,6.984445499E-4,1.618486596E-3,9.997385740E-1,1.773874976E2,1.872414441E-1,-7.578701470E-2,1.773873697E2
2.015020211E2,2.278851071E-2,7.041101926E-4,1.616809983E-3,9.997387528E-1,1.773884030E2,1.870635663E-1,-7.644193797E-2,1.773882741E2
2.015070211E2,2.278890914E-2,7.031814894E-4,1.611589920E-3,9.997387528E-1,1.773883573E2,1.864631502E-1,-7.634910208E-2,1.773882290E2
2.015120211E2,2.279392845E-2,7.002981729E-4,1.615806483E-3,9.997386336E-1,1.773877820E2,1.869390592E-1,-7.600683423E-2,1.773876539E2
2.015170211E2,2.279429814E-2,6.991124246E-4,1.611097832E-3,9.997386336E-1,1.773877396E2,1.863965571E-1,-7.588322360E-2,1.773876121E2
2.015220211E2,2.278932170E-2,7.037492469E-4,1.605496625E-3,9.997387528E-1,1.773883100E2,1.857666045E-1,-7.642998161E-2,1.773881821E2
2.015270211E2,2.279710222E-2,6.981088081E-4,1.608842751E-3,9.997385740E-1,1.773874182E2,1.861358012E-1,-7.577361621E-2,1.773872911E2
2.015320211E2,2.279674132E-2,6.973826094E-4,1.614262466E-3,9.997385740E-1,1.773874596E2,1.867547699E-1,-7.567633016E-2,1.773873322E2
2.015370211E2,2.279423053E-2,6.992524723E-4,1.611993415E-3,9.997386336E-1,1.773877473E2,1.864995177E-1,-7.589694089E-2,1.773876198E2
2.015420211E2,2.278919083E-2,7.030937704E-4,1.607640064E-3,9.997387528E-1,1.773883250E2,1.860104392E-1,-7.634931568E-2,1.773881970E2
2.015470211E2,2.279987656E-2,6.963295164E-4,1.607337152E-3,9.997385144E-1,1.773871002E2,1.859588776E-1,-7.557319492E-2,1.773869735E2
2.015520211E2,2.279687897E-2,6.976114819E-4,1.612218330E-3,9.997385740E-1,1.773874438E2,1.865211979E-1,-7.570786469E-2,1.773873165E2
2.015570211E2,2.279429515E-2,6.994624855E-4,1.610988285E-3,9.997386336E-1,1.773877399E2,1.863849215E-1,-7.592361386E-2,1.773876124E2
2.015620211E2,2.279461302E-2,6.990637048E-4,1.606657868E-3,9.997386336E-1,1.773877035E2,1.858878026E-1,-7.588918155E-2,1.773875764E2
2.015670211E2,2.279705020E-2,6.973181153E-4,1.609922387E-3,9.997385740E-1,1.773874241E2,1.862574166E-1,-7.568022229E-2,1.773872971E2
2.015720211E2,2.279408363E-2,7.004325162E-4,1.613557572E-3,9.997386336E-1,1.773877642E2,1.866817821E-1,-7.602807028E-2,1.773876363E2
2.015770211E2,2.278925829E-2,7.023898652E-4,1.606991282E-3,9.997387528E-1,1.773883173E2,1.859342800E-1,-7.627035692E-2,1.773881895E2
2.015820211E2,2.279469793E-2,6.993656862E-4,1.605321188E-3,9.997386336E-1,1.773876938E2,1.857354651E-1,-7.592725294E-2,1.773875667E2
2.015870211E2,2.279977159E-2,6.956594298E-4,1.609115279E-3,9.997385144E-1,1.773871122E2,1.861608246E-1,-7.549180235E-2,1.773869856E2
2.015920211E2,2.279723777E-2,6.975819124E-4,1.607149607E-3,9.997385740E-1,1.773874026E2,1.859404648E-1,-7.571765227E-2,1.773872758E2
2.015970211E2,2.279199867E-2,7.019344484E-4,1.605406054E-3,9.997386932E-1,1.773880032E2,1.857516926E-1,-7.622181442E-2,1.773878756E2
2.016020211E2,2.279710048E-2,6.985050277E-4,1.608695369E-3,9.997385740E-1,1.773874184E2,1.861199519E-1,-7.581939313E-2,1.773872912E2
2.016070211E2,2.279434515E-2,7.002128405E-4,1.609954517E-3,9.997386336E-1,1.773877342E2,1.862684550E-1,-7.601226683E-2,1.773876066E2
2.016120211E2,2.279693585E-2,6.984981592E-4,1.611029729E-3,9.997385740E-1,1.773874373E2,1.863873504E-1,-7.581253847E-2,1.773873099E2
2.016170211E2,2.280271940E-2,6.936950958E-4,1.605220139E-3,9.997384548E-1,1.773867743E2,1.857096786E-1,-7.527639465E-2,1.773866483E2
2.016220211E2,2.280794217E-2,6.894674152E-4,1.607084763E-3,9.997383356E-1,1.773861757E2,1.859126358E-1,-7.478622092E-2,1.773860504E2
2.016270211E2,2.280518595E-2,6.927819923E-4,1.607694547E-3,9.997383952E-1,1.773864916E2,1.859909508E-1,-7.516486319E-2,1.773863656E2
2.016320211E2,2.279983458E-2,6.957006990E-4,1.608204679E-3,9.997385144E-1,1.773871050E2,1.860566169E-1,-7.549889771E-2,1.773869784E2
2.016370211E2,2.280796021E-2,6.900753942E-4,1.606567763E-3,9.997383356E-1,1.773861736E2,1.858549978E-1,-7.485721993E-2,1.773860482E2
2.016420211E2,2.281574092E-2,6.853976520E-4,1.609361148E-3,9.997381568E-1,1.773852818E2,1.861633645E-1,-7.431258020E-2,1.773851571E2
2.016470211E2,2.281306709E-2,6.863870658E-4,1.609817380E-3,9.997382164E-1,1.773855883E2,1.862180194E-1,-7.442523420E-2,1.773854633E2
2.016520211E2,2.280525024E-2,6.913795369E-4,1.607386279E-3,9.997383952E-1,1.773864842E2,1.859519744E-1,-7.500498929E-2,1.773863585E2
2.016570211E2,2.281874036E-2,6.831543869E-4,1.604809542E-3,9.997380972E-1,1.773849380E2,1.856362800E-1,-7.406693194E-2,1.773848140E2
2.016620211E2,2.282133913E-2,6.816612440E-4,1.605621888E-3,9.997380376E-1,1.773846401E2,1.857256311E-1,-7.389326808E-2,1.773845164E2
2.016670211E2,2.281573612E-2,6.846743636E-4,1.609737054E-3,9.997381568E-1,1.773852823E2,1.862045372E-1,-7.422873717E-2,1.773851577E2
2.016720211E2,2.280521335E-2,6.919078878E-4,1.607682323E-3,9.997383952E-1,1.773864885E2,1.859872679E-1,-7.506475121E-2,1.773863626E2
2.016770211E2,2.280518100E-2,6.928824587E-4,1.607721439E-3,9.997383952E-1,1.773864922E2,1.859942938E-1,-7.517630343E-2,1.773863662E2
2.016820211E2,2.281317474E-2,6.862799637E-4,1.608336810E-3,9.997382164E-1,1.773855759E2,1.860481304E-1,-7.441681505E-2,1.773854511E2
2.016870211E2,2.281060120E-2,6.876397529E-4,1.607207349E-3,9.997382760E-1,1.773858709E2,1.859221004E-1,-7.457602606E-2,1.773857459E2
2.016920211E2,2.282155219E-2,6.804512232E-4,1.603104873E-3,9.997380376E-1,1.773846157E2,1.854341279E-1,-7.376118931E-2,1.773844924E2
2.016970211E2,2.282412549E-2,6.782728597E-4,1.604563207E-3,9.997379780E-1,1.773843207E2,1.855956892E-1,-7.350734086E-2,1.773841977E2
2.017020211E2,2.282414697E-2,6.793320063E-4,1.603809418E-3,9.997379780E-1,1.773843183E2,1.855121057E-1,-7.363064597E-2,1.773841951E2
2.017070211E2,2.283217872E-2,6.741206744E-4,1.603150507E-3,9.997377992E-1,1.773833977E2,1.854235745E-1,-7.303386136E-2,1.773832755E2
2.017120211E2,2.284021177E-2,6.684593391E-4,1.602603472E-3,9.997376204E-1,1.773824769E2,1.853466725E-1,-7.238523202E-2,1.773823559E2
2.017170211E2,2.284273376E-2,6.671315059E-4,1.604393241E-3,9.997375607E-1,1.773821878E2,1.855484182E-1,-7.222796077E-2,1.773820669E2
2.017220211E2,2.284294144E-2,6.655607140E-4,1.602087053E-3,9.997375607E-1,1.773821640E2,1.852801197E-1,-7.205400689E-2,1.773820436E2
2.017270211E2,2.283764447E-2,6.693688920E-4,1.601627911E-3,9.997376800E-1,1.773827712E2,1.852371052E-1,-7.249246093E-2,1.773826500E2
2.017320211E2,2.284066638E-2,6.680974620E-4,1.596262679E-3,9.997376204E-1,1.773824248E2,1.846193449E-1,-7.236028740E-2,1.773823043E2
2.017370211E2,2.285108400E-2,6.610885030E-4,1.599401003E-3,9.997373819E-1,1.773812307E2,1.849612754E-1,-7.154718848E-2,1.773811113E2
2.017420211E2,2.285090429E-2,6.610453129E-4,1.601984375E-3,9.997373819E-1,1.773812513E2,1.852571053E-1,-7.153550888E-2,1.773811317E2
2.017470211E2,2.284578279E-2,6.646441761E-4,1.599144307E-3,9.997375011E-1,1.773818383E2,1.849407982E-1,-7.195618462E-2,1.773817183E2
2.017520211E2,2.284887964E-2,6.630925927E-4,1.592793502E-3,9.997374415E-1,1.773814834E2,1.842093981E-1,-7.179448902E-2,1.773813641E2
2.017570211E2,2.284842204E-2,6.627940456E-4,1.599467942E-3,9.997374415E-1,1.773815358E2,1.849732196E-1,-7.174289525E-2,1.773814161E2
2.017620211E2,2.283774453E-2,6.699192454E-4,1.599970157E-3,9.997376800E-1,1.773827597E2,1.850486375E-1,-7.255983030E-2,1.773826386E2
2.017670211E2,2.283277921E-2,6.737574586E-4,1.594728790E-3,9.997377992E-1,1.773833288E2,1.844578600E-1,-7.301417542E-2,1.773832074E2
2.017720211E2,2.284362944E-2,6.664940738E-4,1.591856475E-3,9.997375607E-1,1.773820852E2,1.841105787E-1,-7.218758823E-2,1.773819653E2
2.017770211E2,2.284586660E-2,6.644787500E-4,1.598015311E-3,9.997375011E-1,1.773818287E2,1.848110313E-1,-7.194017343E-2,1.773817088E2
2.017820211E2,2.284320720E-2,6.655590259E-4,1.598293893E-3,9.997375607E-1,1.773821336E2,1.848455829E-1,-7.206369384E-2,1.773820134E2
2.017870211E2,2.284882191E-2,6.625615642E-4,1.593842171E-3,9.997374415E-1,1.773814900E2,1.843281408E-1,-7.173091839E-2,1.773813707E2
2.017920211E2,2.285628271E-2,6.578875473E-4,1.600950374E-3,9.997372627E-1,1.773806348E2,1.851307614E-1,-7.117546221E-2,1.773805159E2
2.017970211E2,2.284800447E-2,6.630318239E-4,1.605323632E-3,9.997374415E-1,1.773815837E2,1.856446511E-1,-7.175488072E-2,1.773814635E2
2.018020211E2,2.283992751E-2,6.676688208E-4,1.606978243E-3,9.997376204E-1,1.773825095E2,1.858457646E-1,-7.228327127E-2,1.773823883E2
2.018070211E2,2.284221493E-2,6.658882485E-4,1.612277119E-3,9.997375607E-1,1.773822473E2,1.864483179E-1,-7.206499036E-2,1.773821261E2
2.018120211E2,2.284451663E-2,6.649028510E-4,1.617025002E-3,9.997375011E-1,1.773819835E2,1.869898301E-1,-7.193924292E-2,1.773818621E2
2.018170211E2,2.284704372E-2,6.639157655E-4,1.618577284E-3,9.997374415E-1,1.773816938E2,1.871652597E-1,-7.182162405E-2,1.773815725E2
2.018220211E2,2.284462224E-2,6.650611758E-4,1.615467016E-3,9.997375011E-1,1.773819714E2,1.868117664E-1,-7.196143979E-2,1.773818501E2
2.018270211E2,2.284160851E-2,6.668522255E-4,1.620449359E-3,9.997375607E-1,1.773823168E2,1.873870247E-1,-7.215414664E-2,1.773821948E2
2.018320211E2,2.283873484E-2,6.679259241E-4,1.623735065E-3,9.997376204E-1,1.773826462E2,1.877660444E-1,-7.226909030E-2,1.773825237E2
2.018370211E2,2.283908321E-2,6.678899517E-4,1.618842361E-3,9.997376204E-1,1.773826063E2,1.872054581E-1,-7.227770945E-2,1.773824842E2
2.018420211E2,2.283719292E-2,6.696739583E-4,1.607926562E-3,9.997376800E-1,1.773828229E2,1.859594562E-1,-7.251100943E-2,1.773827013E2
2.018470211E2,2.283962956E-2,6.687409477E-4,1.610762789E-3,9.997376204E-1,1.773825436E2,1.862821141E-1,-7.239624566E-2,1.773824220E2
2.018520211E2,2.284251780E-2,6.672324962E-4,1.607423066E-3,9.997375607E-1,1.773822126E2,1.858957694E-1,-7.223163933E-2,1.773820914E2
2.018570211E2,2.284025833E-2,6.681932136E-4,1.602050732E-3,9.997376204E-1,1.773824716E2,1.852826563E-1,-7.235618241E-2,1.773823506E2
2.018620211E2,2.284322985E-2,6.660622312E-4,1.597760478E-3,9.997375607E-1,1.773821310E2,1.847857929E-1,-7.212273397E-2,1.773820107E2
2.018670211E2,2.285132395E-2,6.598620676E-4,1.596476533E-3,9.997373819E-1,1.773812032E2,1.846230480E-1,-7.141430009E-2,1.773810842E2
2.018720211E2,2.284843026E-2,6.616336177E-4,1.599831041E-3,9.997374415E-1,1.773815349E2,1.850117789E-1,-7.160900262E-2,1.773814154E2
2.018770211E2,2.284840318E-2,6.626011455E-4,1.599817304E-3,9.997374415E-1,1.773815380E2,1.850127367E-1,-7.171988504E-2,1.773814183E2
2.018820211E2,2.285646791E-2,6.572622224E-4,1.598561415E-3,9.997372627E-1,1.773806136E2,1.848554530E-1,-7.111004712E-2,1.773804950E2
2.018870211E2,2.286414799E-2,6.510653184E-4,1.603091368E-3,9.997370839E-1,1.773797333E2,1.853587206E-1,-7.038683141E-2,1.773796155E2
2.018920211E2,2.286135294E-2,6.534025888E-4,1.604830264E-3,9.997371435E-1,1.773800537E2,1.855638587E-1,-7.065055515E-2,1.773799353E2
2.018970211E2,2.286191756E-2,6.524706841E-4,1.597147668E-3,9.997371435E-1,1.773799890E2,1.846813247E-1,-7.056381765E-2,1.773798713E2
2.019020211E2,2.286442605E-2,6.507963408E-4,1.599230105E-3,9.997370839E-1,1.773797014E2,1.849156820E-1,-7.036608263E-2,1.773795840E2
2.019070211E2,2.286691742E-2,6.491873064E-4,1.601521973E-3,9.997370243E-1,1.773794159E2,1.851742011E-1,-7.017528270E-2,1.773792986E2
2.019120211E2,2.286441617E-2,6.519842427E-4,1.598887495E-3,9.997370839E-1,1.773797026E2,1.848795441E-1,-7.050306996E-2,1.773795849E2
2.019170211E2,2.287017615E-2,6.469702348E-4,1.593072317E-3,9.997369647E-1,1.773790423E2,1.842006109E-1,-6.994283344E-2,1.773789260E2
2.019220211E2,2.287271152E-2,6.457593990E-4,1.594568137E-3,9.997369051E-1,1.773787517E2,1.843689781E-1,-6.979973045E-2,1.773786356E2
2.019270211E2,2.287285669E-2,6.465537590E-4,1.592162182E-3,9.997369051E-1,1.773787351E2,1.840954400E-1,-6.989701309E-2,1.773786189E2
2.019320211E2,2.287030289E-2,6.484586629E-4,1.590645872E-3,9.997369647E-1,1.773790278E2,1.839265432E-1,-7.011968596E-2,1.773789114E2
2.019370211E2,2.287809316E-2,6.415401585E-4,1.593807014E-3,9.997367859E-1,1.773781349E2,1.842710954E-1,-6.931737122E-2,1.773780195E2
2.019420211E2,2.288617968E-2,6.372298812E-4,1.591600594E-3,9.997366071E-1,1.773772080E2,1.840075794E-1,-6.882787600E-2,1.773770936E2
2.019470211E2,2.288066085E-2,6.410559872E-4,1.594529836E-3,9.997367263E-1,1.773778406E2,1.843528117E-1,-6.925953531E-2,1.773777253E2
2.019520211E2,2.287816827E-2,6.423064624E-4,1.592419576E-3,9.997367859E-1,1.773781263E2,1.841141625E-1,-6.940878378E-2,1.773780109E2
2.019570211E2,2.288333031E-2,6.382704014E-4,1.594710513E-3,9.997366667E-1,1.773775346E2,1.843663898E-1,-6.893944860E-2,1.773774198E2
2.019620211E2,2.288570282E-2,6.367915194E-4,1.598617411E-3,9.997366071E-1,1.773772627E2,1.848102556E-1,-6.875934192E-2,1.773771479E2
2.019670211E2,2.288292695E-2,6.396345561E-4,1.599943382E-3,9.997366667E-1,1.773775808E2,1.849694262E-1,-6.908208029E-2,1.773774654E2
2.019720211E2,2.288569851E-2,6.369597395E-4,1.598612173E-3,9.997366071E-1,1.773772631E2,1.848100964E-1,-6.877862799E-2,1.773771483E2
2.019770211E2,2.288541875E-2,6.376703386E-4,1.602329547E-3,9.997366071E-1,1.773772952E2,1.852378098E-1,-6.885033778E-2,1.773771800E2
2.019820211E2,2.287742659E-2,6.422422593E-4,1.603065408E-3,9.997367859E-1,1.773782113E2,1.853335481E-1,-6.937365522E-2,1.773780952E2
2.019870211E2,2.287223154E-2,6.454524701E-4,1.601561904E-3,9.997369051E-1,1.773788068E2,1.851693585E-1,-6.974632548E-2,1.773786901E2
2.019920211E2,2.287018772E-2,6.467896746E-4,1.592979534E-3,9.997369647E-1,1.773790410E2,1.841895091E-1,-6.992238925E-2,1.773789248E2
2.019970211E2,2.287528122E-2,6.432837690E-4,1.596075832E-3,9.997368455E-1,1.773784572E2,1.845353915E-1,-6.951169249E-2,1.773783414E2
2.020020211E2,2.287515636E-2,6.441597361E-4,1.597511466E-3,9.997368455E-1,1.773784715E2,1.847021480E-1,-6.960830419E-2,1.773783554E2
2.020070211E2,2.286749054E-2,6.495439447E-4,1.593172434E-3,9.997370243E-1,1.773793502E2,1.842186377E-1,-7.023791388E-2,1.773792334E2
2.020120211E2,2.285980988E-2,6.542165065E-4,1.589272870E-3,9.997372031E-1,1.773802305E2,1.837835986E-1,-7.078484031E-2,1.773801131E2
2.020170211E2,2.286223897E-2,6.535087596E-4,1.592114684E-3,9.997371435E-1,1.773799521E2,1.841074795E-1,-7.069586785E-2,1.773798347E2
2.020220211E2,2.286222350E-2,6.527457736E-4,1.592649729E-3,9.997371435E-1,1.773799539E2,1.841667750E-1,-7.060706010E-2,1.773798365E2
2.020270211E2,2.285942508E-2,6.548925303E-4,1.594520640E-3,9.997372031E-1,1.773802746E2,1.843865365E-1,-7.084861018E-2,1.773801568E2
2.020320211E2,2.285955616E-2,6.549634272E-4,1.592611196E-3,9.997372031E-1,1.773802596E2,1.841679821E-1,-7.086171010E-2,1.773801419E2
2.020370211E2,2.286457043E-2,6.519611925E-4,1.596689457E-3,9.997370839E-1,1.773796849E2,1.846276834E-1,-7.050616008E-2,1.773795674E2
2.020420211E2,2.285906610E-2,6.559388130E-4,1.599230105E-3,9.997372031E-1,1.773803158E2,1.849287770E-1,-7.095620327E-2,1.773801974E2
2.020470211E2,2.285119296E-2,6.609082920E-4,1.597917988E-3,9.997373819E-1,1.773812182E2,1.847909143E-1,-7.153040663E-2,1.773810990E2
2.020520211E2,2.285407013E-2,6.579677574E-4,1.595273148E-3,9.997373223E-1,1.773808884E2,1.844804205E-1,-7.119992962E-2,1.773807699E2
2.020570211E2,2.285624947E-2,6.566432421E-4,1.601935481E-3,9.997372627E-1,1.773806386E2,1.852403552E-1,-7.103033866E-2,1.773805199E2
2.020620211E2,2.284557941E-2,6.644282839E-4,1.602136763E-3,9.997375011E-1,1.773818617E2,1.852830396E-1,-7.192365495E-2,1.773817414E2
2.020670211E2,2.284021954E-2,6.679032231E-4,1.602724544E-3,9.997376204E-1,1.773824760E2,1.853590875E-1,-7.232120418E-2,1.773823551E2
2.020720211E2,2.284291464E-2,6.661674124E-4,1.602216973E-3,9.997375607E-1,1.773821671E2,1.852965899E-1,-7.212317606E-2,1.773820465E2
2.020770211E2,2.284309224E-2,6.660022191E-4,1.599751646E-3,9.997375607E-1,1.773821467E2,1.850137378E-1,-7.211067195E-2,1.773820264E2
2.020820211E2,2.284038490E-2,6.681820378E-4,1.600249903E-3,9.997376204E-1,1.773824571E2,1.850763299E-1,-7.235959219E-2,1.773823363E2
2.020870211E2,2.284342746E-2,6.668886053E-4,1.594587346E-3,9.997375607E-1,1.773821083E2,1.844244507E-1,-7.222567472E-2,1.773819882E2
2.020920211E2,2.284031016E-2,6.677690544E-4,1.601488679E-3,9.997376204E-1,1.773824656E2,1.852171598E-1,-7.230905161E-2,1.773823448E2
2.020970211E2,2.283745351E-2,6.702711107E-4,1.603971701E-3,9.997376800E-1,1.773827931E2,1.855079617E-1,-7.258972194E-2,1.773826716E2
2.021020211E2,2.284020009E-2,6.685080589E-4,1.602749689E-3,9.997376204E-1,1.773824782E2,1.853635501E-1,-7.239043289E-2,1.773823572E2
2.021070211E2,2.284056966E-2,6.684861146E-4,1.597483526E-3,9.997376204E-1,1.773824359E2,1.847602179E-1,-7.240163438E-2,1.773823152E2
2.021120211E2,2.283241170E-2,6.734238705E-4,1.600122428E-3,9.997377992E-1,1.773833710E2,1.850748657E-1,-7.296191426E-2,1.773832492E2
2.021170211E2,2.282431842E-2,6.794738583E-4,1.601307420E-3,9.997379780E-1,1.773842986E2,1.852258557E-1,-7.365340919E-2,1.773841756E2
2.021220211E2,2.282192653E-2,6.815171801E-4,1.597312512E-3,9.997380376E-1,1.773845728E2,1.847733596E-1,-7.389838650E-2,1.773844497E2
2.021270211E2,2.282453258E-2,6.790718762E-4,1.598422765E-3,9.997379780E-1,1.773842741E2,1.848943483E-1,-7.361486298E-2,1.773841514E2
2.021320211E2,2.283492786E-2,6.724008126E-4,1.601886470E-3,9.997377396E-1,1.773830826E2,1.852744638E-1,-7.283962920E-2,1.773829608E2
2.021370211E2,2.283491794E-2,6.714095362E-4,1.602443634E-3,9.997377396E-1,1.773830837E2,1.853356986E-1,-7.272461088E-2,1.773829621E2
2.021420211E2,2.282728863E-2,6.762930425E-4,1.597523340E-3,9.997379184E-1,1.773839582E2,1.847842415E-1,-7.329835856E-2,1.773838360E2
2.021470211E2,2.282709329E-2,6.766793085E-4,1.600148855E-3,9.997379184E-1,1.773839806E2,1.850860217E-1,-7.333577778E-2,1.773838582E2
2.021520211E2,2.282675742E-2,6.765353610E-4,1.604993711E-3,9.997379184E-1,1.773840191E2,1.856406565E-1,-7.330667554E-2,1.773838963E2
2.021570211E2,2.281890622E-2,6.822493742E-4,1.602835022E-3,9.997380972E-1,1.773849190E2,1.854077206E-1,-7.396838479E-2,1.773847953E2
2.021620211E2,2.281665929E-2,6.838241825E-4,1.596962917E-3,9.997381568E-1,1.773851765E2,1.847389526E-1,-7.416456797E-2,1.773850530E2
2.021670211E2,2.282720050E-2,6.778966053E-4,1.598102855E-3,9.997379184E-1,1.773839683E2,1.848548206E-1,-7.348056555E-2,1.773838458E2
2.021720211E2,2.282716544E-2,6.777708186E-4,1.598656992E-3,9.997379184E-1,1.773839723E2,1.849179720E-1,-7.346471213E-2,1.773838498E2
2.021770211E2,2.282163676E-2,6.817061221E-4,1.601366792E-3,9.997380376E-1,1.773846060E2,1.852382985E-1,-7.390948242E-2,1.773844826E2
2.021820211E2,2.282192426E-2,6.814444787E-4,1.597375958E-3,9.997380376E-1,1.773845730E2,1.847804378E-1,-7.388989220E-2,1.773844500E2
2.021870211E2,2.281628497E-2,6.845073658E-4,1.602010219E-3,9.997381568E-1,1.773852194E2,1.853189401E-1,-7.422970663E-2,1.773850954E2
2.021920211E2,2.280538172E-2,6.916662678E-4,1.605396275E-3,9.997383952E-1,1.773864692E2,1.857247549E-1,-7.504301394E-2,1.773863436E2
2.021970211E2,2.280039908E-2,6.950949901E-4,1.600444783E-3,9.997385144E-1,1.773870403E2,1.851660877E-1,-7.544967720E-2,1.773869144E2
2.022020211E2,2.280044135E-2,6.948835799E-4,1.599934301E-3,9.997385144E-1,1.773870354E2,1.851070567E-1,-7.542678368E-2,1.773869096E2
2.022070211E2,2.280280876E-2,6.940490566E-4,1.603797195E-3,9.997384548E-1,1.773867641E2,1.855475950E-1,-7.532064672E-2,1.773866381E2
2.022120211E2,2.279719212E-2,6.981625338E-4,1.607545069E-3,9.997385740E-1,1.773874079E2,1.859872834E-1,-7.578314456E-2,1.773872809E2
2.022170211E2,2.279772600E-2,6.977301673E-4,1.600144431E-3,9.997385740E-1,1.773873467E2,1.851383622E-1,-7.575284721E-2,1.773872203E2
2.022220211E2,2.280288869E-2,6.942502223E-4,1.602573087E-3,9.997384548E-1,1.773867549E2,1.854078907E-1,-7.534687653E-2,1.773866290E2
2.022270211E2,2.279988481E-2,6.961275358E-4,1.607307582E-3,9.997385144E-1,1.773870992E2,1.859549629E-1,-7.555013142E-2,1.773869726E2
2.022320211E2,2.278653281E-2,7.045665407E-4,1.607605722E-3,9.997388124E-1,1.773886297E2,1.860101480E-1,-7.651862293E-2,1.773885014E2
2.022370211E2,2.278432639E-2,7.067368715E-4,1.600844669E-3,9.997388721E-1,1.773888826E2,1.852410866E-1,-7.678532347E-2,1.773887544E2
2.022420211E2,2.279481784E-2,6.986524095E-4,1.603928511E-3,9.997386336E-1,1.773876800E2,1.855740630E-1,-7.584915449E-2,1.773875532E2
2.022470211E2,2.279185434E-2,7.009544643E-4,1.607881510E-3,9.997386932E-1,1.773880197E2,1.860327149E-1,-7.610310702E-2,1.773878921E2
2.022520211E2,2.278363583E-2,7.061581127E-4,1.610896899E-3,9.997388721E-1,1.773889617E2,1.863911262E-1,-7.669290203E-2,1.773888329E2
2.022570211E2,2.278624966E-2,7.056035683E-4,1.611160464E-3,9.997388124E-1,1.773886621E2,1.864200730E-1,-7.662819694E-2,1.773885334E2
2.022620211E2,2.277796692E-2,7.099006907E-4,1.615431043E-3,9.997389913E-1,1.773896115E2,1.869199024E-1,-7.711087956E-2,1.773894817E2
2.022670211E2,2.277281587E-2,7.138838409E-4,1.612521126E-3,9.997391105E-1,1.773902019E2,1.865965348E-1,-7.757575317E-2,1.773900715E2
2.022720211E2,2.276511090E-2,7.198327803E-4,1.607802464E-3,9.997392893E-1,1.773910851E2,1.860708784E-1,-7.827102221E-2,1.773909539E2
2.022770211E2,2.276797998E-2,7.169779856E-4,1.605512574E-3,9.997392297E-1,1.773907562E2,1.858013192E-1,-7.794941269E-2,1.773906258E2
2.022820211E2,2.278118691E-2,7.084664539E-4,1.607522834E-3,9.997389317E-1,1.773892424E2,1.860104254E-1,-7.696661462E-2,1.773891135E2
2.022870211E2,2.277585092E-2,7.125647389E-4,1.607184415E-3,9.997390509E-1,1.773898540E2,1.859819424E-1,-7.743799723E-2,1.773897243E2
2.022920211E2,2.277351393E-2,7.145180134E-4,1.602349570E-3,9.997391105E-1,1.773901219E2,1.854329697E-1,-7.767482035E-2,1.773899922E2
2.022970211E2,2.278412679E-2,7.066791295E-4,1.603708486E-3,9.997388721E-1,1.773889054E2,1.855690051E-1,-7.677126801E-2,1.773887771E2
2.023020211E2,2.278412090E-2,7.074511377E-4,1.603451790E-3,9.997388721E-1,1.773889061E2,1.855416130E-1,-7.686038189E-2,1.773887777E2
2.023070211E2,2.277367895E-2,7.144607371E-4,1.600028132E-3,9.997391105E-1,1.773901030E2,1.851668843E-1,-7.767428657E-2,1.773899735E2
2.023120211E2,2.277912992E-2,7.104341639E-4,1.598711009E-3,9.997389913E-1,1.773894782E2,1.850059034E-1,-7.721542417E-2,1.773893495E2
2.023170211E2,2.278703797E-2,7.044853410E-4,1.600465155E-3,9.997388124E-1,1.773885718E2,1.851919369E-1,-7.652787297E-2,1.773884441E2
2.023220211E2,2.279180996E-2,7.021014462E-4,1.608010149E-3,9.997386932E-1,1.773880248E2,1.860504448E-1,-7.623417945E-2,1.773878970E2
2.023270211E2,2.278092538E-2,7.090312429E-4,1.610976411E-3,9.997389317E-1,1.773892724E2,1.864075287E-1,-7.702235043E-2,1.773891431E2
2.023320211E2,2.278110408E-2,7.087527774E-4,1.608570223E-3,9.997389317E-1,1.773892519E2,1.861311576E-1,-7.699669737E-2,1.773891228E2
2.023370211E2,2.278376788E-2,7.059165509E-4,1.609134139E-3,9.997388721E-1,1.773889466E2,1.861885601E-1,-7.666980618E-2,1.773888180E2
2.023420211E2,2.278643186E-2,7.057276671E-4,1.608527033E-3,9.997388124E-1,1.773886412E2,1.861187199E-1,-7.664925651E-2,1.773885127E2
2.023470211E2,2.278958935E-2,7.025475497E-4,1.602220465E-3,9.997387528E-1,1.773882793E2,1.853881628E-1,-7.630081955E-2,1.773881519E2
2.023520211E2,2.278715567E-2,7.054879679E-4,1.598346396E-3,9.997388124E-1,1.773885583E2,1.849518350E-1,-7.664824661E-2,1.773884306E2
2.023570211E2,2.278677762E-2,7.050164859E-4,1.603934332E-3,9.997388124E-1,1.773886016E2,1.855907400E-1,-7.657971098E-2,1.773884736E2
2.023620211E2,2.278403289E-2,7.060775533E-4,1.605306636E-3,9.997388721E-1,1.773889162E2,1.857505143E-1,-7.669819510E-2,1.773887879E2
2.023670211E2,2.278156711E-2,7.085533580E-4,1.602087286E-3,9.997389317E-1,1.773891988E2,1.853879742E-1,-7.699069038E-2,1.773890703E2
2.023720211E2,2.277624869E-2,7.122188108E-4,1.601691358E-3,9.997390509E-1,1.773898084E2,1.853517743E-1,-7.741263054E-2,1.773896792E2
2.023770211E2,2.277864044E-2,7.112484309E-4,1.605309546E-3,9.997389913E-1,1.773895343E2,1.857639333E-1,-7.729157392E-2,1.773894050E2
2.023820211E2,2.277091045E-2,7.159012021E-4,1.601543510E-3,9.997391701E-1,1.773904203E2,1.853440333E-1,-7.783586712E-2,1.773902904E2
2.023870211E2,2.277115165E-2,7.153479964E-4,1.598358154E-3,9.997391701E-1,1.773903927E2,1.849776874E-1,-7.778075845E-2,1.773902631E2
2.023920211E2,2.277878480E-2,7.112188614E-4,1.603272976E-3,9.997389913E-1,1.773895178E2,1.855305537E-1,-7.729347580E-2,1.773893886E2
2.023970211E2,2.276785398E-2,7.172980695E-4,1.607155660E-3,9.997392297E-1,1.773907707E2,1.859903799E-1,-7.798181843E-2,1.773906400E2
2.024020211E2,2.276291925E-2,7.212965284E-4,1.601100434E-3,9.997393489E-1,1.773913363E2,1.853067269E-1,-7.845660238E-2,1.773912054E2
2.024070211E2,2.276299416E-2,7.218575920E-4,1.599782030E-3,9.997393489E-1,1.773913277E2,1.851571574E-1,-7.852430408E-2,1.773911968E2
2.024120211E2,2.275988154E-2,7.232984644E-4,1.606156118E-3,9.997394085E-1,1.773916845E2,1.858909003E-1,-7.867332436E-2,1.773915528E2
2.024170211E2,2.275997557E-2,7.229656912E-4,1.604973106E-3,9.997394085E-1,1.773916737E2,1.857545113E-1,-7.863826937E-2,1.773915422E2
2.024220211E2,2.275750784E-2,7.252547657E-4,1.601802185E-3,9.997394681E-1,1.773919565E2,1.853970202E-1,-7.890923788E-2,1.773918248E2
2.024270211E2,2.276280027E-2,7.208536263E-4,1.602990436E-3,9.997393489E-1,1.773913499E2,1.855220847E-1,-7.840095461E-2,1.773912190E2
2.024320211E2,2.276515253E-2,7.203542627E-4,1.606979291E-3,9.997392893E-1,1.773910803E2,1.859779378E-1,-7.833290391E-2,1.773909491E2
2.024370211E2,2.276259656E-2,7.215688238E-4,1.605559257E-3,9.997393489E-1,1.773913733E2,1.858182240E-1,-7.847622582E-2,1.773912420E2
2.024420211E2,2.276020501E-2,7.226813468E-4,1.601844444E-3,9.997394085E-1,1.773916474E2,1.853953616E-1,-7.861381212E-2,1.773915162E2
2.024470211E2,2.276015993E-2,7.226687740E-4,1.602490433E-3,9.997394085E-1,1.773916526E2,1.854693310E-1,-7.861069520E-2,1.773915213E2
2.024520211E2,2.276226254E-2,7.217470556E-4,1.610207837E-3,9.997393489E-1,1.773914116E2,1.863512139E-1,-7.848458064E-2,1.773912799E2
2.024570211E2,2.275690645E-2,7.250094204E-4,1.610434148E-3,9.997394681E-1,1.773920255E2,1.863852288E-1,-7.885873105E-2,1.773918931E2
2.024620211E2,2.275970095E-2,7.240491104E-4,1.608375460E-3,9.997394085E-1,1.773917052E2,1.861470966E-1,-7.875356475E-2,1.773915732E2
2.024670211E2,2.277275647E-2,7.149419398E-4,1.612891094E-3,9.997391105E-1,1.773902087E2,1.866416760E-1,-7.769601637E-2,1.773900781E2
2.024720211E2,2.277266246E-2,7.151364116E-4,1.614131848E-3,9.997391105E-1,1.773902195E2,1.867843197E-1,-7.771507496E-2,1.773900888E2
2.024770211E2,2.275992218E-2,7.229868788E-4,1.605720492E-3,9.997394085E-1,1.773916798E2,1.858401845E-1,-7.863875722E-2,1.773915482E2
2.024820211E2,2.276790180E-2,7.179520908E-4,1.606185804E-3,9.997392297E-1,1.773907652E2,1.858809815E-1,-7.805926583E-2,1.773906345E2
2.024870211E2,2.277022004E-2,7.169192540E-4,1.610877109E-3,9.997391701E-1,1.773904995E2,1.864159127E-1,-7.792826972E-2,1.773903686E2
2.024920211E2,2.276230160E-2,7.213447243E-4,1.609836007E-3,9.997393489E-1,1.773914071E2,1.863075696E-1,-7.843945151E-2,1.773912755E2
2.024970211E2,2.275956680E-2,7.235151716E-4,1.610512612E-3,9.997394085E-1,1.773917205E2,1.863905300E-1,-7.868684666E-2,1.773915885E2
2.025020211E2,2.277285594E-2,7.142343675E-4,1.611799817E-3,9.997391105E-1,1.773901973E2,1.865148181E-1,-7.761778502E-2,1.773900669E2
2.025070211E2,2.277249738E-2,7.136279601E-4,1.617125585E-3,9.997391105E-1,1.773902384E2,1.871233386E-1,-7.753448234E-2,1.773901077E2
2.025120211E2,2.276738261E-2,7.185614086E-4,1.613257336E-3,9.997392297E-1,1.773908247E2,1.866926604E-1,-7.811071664E-2,1.773906934E2
2.025170211E2,2.277014004E-2,7.153286715E-4,1.612713910E-3,9.997391701E-1,1.773905086E2,1.866221834E-1,-7.774127182E-2,1.773903780E2
2.025220211E2,2.278583397E-2,7.047820254E-4,1.617386937E-3,9.997388124E-1,1.773887098E2,1.871312132E-1,-7.651789857E-2,1.773885807E2
2.025270211E2,2.279350772E-2,6.999361212E-4,1.621887088E-3,9.997386336E-1,1.773878302E2,1.876346877E-1,-7.594955267E-2,1.773877018E2
2.025320211E2,2.279104952E-2,7.022268255E-4,1.618698123E-3,9.997386932E-1,1.773881120E2,1.872751501E-1,-7.622076984E-2,1.773879833E2
2.025370211E2,2.278843059E-2,7.027334650E-4,1.618537353E-3,9.997387528E-1,1.773884121E2,1.872578556E-1,-7.627972174E-2,1.773882834E2
2.025420211E2,2.279339671E-2,6.998864119E-4,1.623467775E-3,9.997386336E-1,1.773878429E2,1.878156361E-1,-7.593974986E-2,1.773877144E2
2.025470211E2,2.279089722E-2,7.023533108E-4,1.620786148E-3,9.997386932E-1,1.773881294E2,1.875146773E-1,-7.622983527E-2,1.773880006E2
2.025520211E2,2.278300219E-2,7.069358835E-4,1.619494520E-3,9.997388721E-1,1.773890343E2,1.873780694E-1,-7.675967560E-2,1.773889048E2
2.025570211E2,2.278570648E-2,7.054668386E-4,1.618883689E-3,9.997388124E-1,1.773887244E2,1.873044627E-1,-7.659246748E-2,1.773885951E2
2.025620211E2,2.278835866E-2,7.034891169E-4,1.619221643E-3,9.997387528E-1,1.773884204E2,1.873382172E-1,-7.636451693E-2,1.773882915E2
2.025670211E2,2.278839779E-2,7.031963905E-4,1.618798007E-3,9.997387528E-1,1.773884159E2,1.872889232E-1,-7.633208070E-2,1.773882871E2
2.025720211E2,2.278080081E-2,7.091753068E-4,1.612673746E-3,9.997389317E-1,1.773892867E2,1.866023455E-1,-7.703444677E-2,1.773891572E2
2.025770211E2,2.278580566E-2,7.043702644E-4,1.617965056E-3,9.997388124E-1,1.773887130E2,1.871963661E-1,-7.646922226E-2,1.773885840E2
2.025820211E2,2.278529766E-2,7.045392413E-4,1.625030069E-3,9.997388124E-1,1.773887712E2,1.880061508E-1,-7.647022794E-2,1.773886417E2
2.025870211E2,2.277712359E-2,7.108487189E-4,1.626864541E-3,9.997389913E-1,1.773897082E2,1.882321571E-1,-7.718980123E-2,1.773895773E2
2.025920211E2,2.277734398E-2,7.105221739E-4,1.623919001E-3,9.997389913E-1,1.773896829E2,1.878938745E-1,-7.716003871E-2,1.773895523E2
2.025970211E2,2.279045694E-2,7.017292082E-4,1.627234742E-3,9.997386932E-1,1.773881799E2,1.882517775E-1,-7.614157766E-2,1.773880507E2
2.026020211E2,2.278734223E-2,7.038553013E-4,1.633305801E-3,9.997387528E-1,1.773885369E2,1.889526057E-1,-7.636987914E-2,1.773884068E2
2.026070211E2,2.277945654E-2,7.093966124E-4,1.631455729E-3,9.997389317E-1,1.773894408E2,1.887545221E-1,-7.701102105E-2,1.773893098E2
2.026120211E2,2.278748886E-2,7.034417940E-4,1.631437102E-3,9.997387528E-1,1.773885201E2,1.887374550E-1,-7.632735924E-2,1.773883902E2
2.026170211E2,2.278488620E-2,7.051967550E-4,1.630504965E-3,9.997388124E-1,1.773888184E2,1.886350516E-1,-7.653133575E-2,1.773886883E2
2.026220211E2,2.278219091E-2,7.072140579E-4,1.630746876E-3,9.997388721E-1,1.773891273E2,1.886678263E-1,-7.676231835E-2,1.773889968E2
2.026270211E2,2.278244943E-2,7.076121983E-4,1.626958139E-3,9.997388721E-1,1.773890977E2,1.882348403E-1,-7.681777287E-2,1.773889674E2
2.026320211E2,2.279013929E-2,7.025170489E-4,1.631338382E-3,9.997386932E-1,1.773882163E2,1.887239324E-1,-7.622117637E-2,1.773880866E2
2.026370211E2,2.278466235E-2,7.064879755E-4,1.633072039E-3,9.997388124E-1,1.773888441E2,1.889324955E-1,-7.667259958E-2,1.773887135E2
2.026420211E2,2.277646027E-2,7.119687507E-4,1.635637949E-3,9.997389913E-1,1.773897842E2,1.892401293E-1,-7.729533917E-2,1.773896524E2
2.026470211E2,2.276876100E-2,7.166031864E-4,1.631508931E-3,9.997391701E-1,1.773906667E2,1.887785986E-1,-7.783849909E-2,1.773905343E2
2.026520211E2,2.277371788E-2,7.139832014E-4,1.636513742E-3,9.997390509E-1,1.773900985E2,1.893455077E-1,-7.752435153E-2,1.773899663E2
2.026570211E2,2.277335048E-2,7.131277816E-4,1.641990151E-3,9.997390509E-1,1.773901406E2,1.899706354E-1,-7.741213059E-2,1.773900081E2
2.026620211E2,2.277099592E-2,7.157476502E-4,1.637207111E-3,9.997391105E-1,1.773904105E2,1.894293353E-1,-7.772519597E-2,1.773902779E2
2.026670211E2,2.276591196E-2,7.189043099E-4,1.633728854E-3,9.997392297E-1,1.773909933E2,1.890387000E-1,-7.809686613E-2,1.773908603E2
2.026720211E2,2.277388173E-2,7.127841236E-4,1.634755288E-3,9.997390509E-1,1.773900797E2,1.891409387E-1,-7.739154136E-2,1.773899479E2
2.026770211E2,2.277102476E-2,7.144843694E-4,1.637357753E-3,9.997391105E-1,1.773904072E2,1.894432985E-1,-7.758007379E-2,1.773902748E2
2.026820211E2,2.275784257E-2,7.240264677E-4,1.634470304E-3,9.997394085E-1,1.773919182E2,1.891363715E-1,-7.868326159E-2,1.773917841E2
2.026870211E2,2.276025894E-2,7.222233689E-4,1.638075220E-3,9.997393489E-1,1.773916412E2,1.895448451E-1,-7.846683572E-2,1.773915072E2
2.026920211E2,2.276036566E-2,7.216907106E-4,1.636826666E-3,9.997393489E-1,1.773916290E2,1.894004270E-1,-7.840904981E-2,1.773914952E2
2.026970211E2,2.275503310E-2,7.255503442E-4,1.636451343E-3,9.997394681E-1,1.773922402E2,1.893670766E-1,-7.885320517E-2,1.773921057E2
2.027020211E2,2.275289378E-2,7.279207930E-4,1.628712867E-3,9.997395277E-1,1.773924854E2,1.884865531E-1,-7.914535069E-2,1.773923511E2
2.027070211E2,2.275300028E-2,7.266763132E-4,1.627780497E-3,9.997395277E-1,1.773924732E2,1.883765019E-1,-7.900519191E-2,1.773923392E2
2.027120211E2,2.275007750E-2,7.298496203E-4,1.630602521E-3,9.997395873E-1,1.773928082E2,1.887078420E-1,-7.936192499E-2,1.773926734E2
2.027170211E2,2.274994186E-2,7.292336086E-4,1.632769126E-3,9.997395873E-1,1.773928238E2,1.889544360E-1,-7.928573067E-2,1.773926889E2
2.027220211E2,2.275270694E-2,7.278564153E-4,1.631349558E-3,9.997395277E-1,1.773925068E2,1.887884353E-1,-7.913113577E-2,1.773923723E2
2.027270211E2,2.275266473E-2,7.268540794E-4,1.632384839E-3,9.997395277E-1,1.773925117E2,1.889044222E-1,-7.901361498E-2,1.773923772E2
2.027320211E2,2.276007261E-2,7.217587554E-4,1.640866627E-3,9.997393489E-1,1.773916626E2,1.898634079E-1,-7.840636343E-2,1.773915285E2
2.027370211E2,2.275759553E-2,7.239436381E-4,1.637942973E-3,9.997394085E-1,1.773919465E2,1.895339723E-1,-7.866476263E-2,1.773918122E2
2.027420211E2,2.276379066E-2,7.204778958E-4,1.626102370E-3,9.997392893E-1,1.773912364E2,1.881689336E-1,-7.829743499E-2,1.773911037E2
2.027470211E2,2.276657529E-2,7.178848609E-4,1.624909695E-3,9.997392297E-1,1.773909172E2,1.880257505E-1,-7.800296001E-2,1.773907851E2
2.027520211E2,2.276385427E-2,7.203419227E-4,1.625271863E-3,9.997392893E-1,1.773912291E2,1.880734393E-1,-7.828401223E-2,1.773910965E2
2.027570211E2,2.276637030E-2,7.190500619E-4,1.627264894E-3,9.997392297E-1,1.773909407E2,1.882985912E-1,-7.813034135E-2,1.773908082E2
2.027620211E2,2.276946924E-2,7.162035326E-4,1.621771255E-3,9.997391701E-1,1.773905855E2,1.876620425E-1,-7.781798909E-2,1.773904540E2
2.027670211E2,2.277482263E-2,7.119754446E-4,1.621949486E-3,9.997390509E-1,1.773899719E2,1.876718416E-1,-7.733214205E-2,1.773898412E2
2.027720211E2,2.277187245E-2,7.139751688E-4,1.625749515E-3,9.997391105E-1,1.773903101E2,1.881121716E-1,-7.755187113E-2,1.773901786E2
2.027770211E2,2.276645930E-2,7.190199103E-4,1.626032637E-3,9.997392297E-1,1.773909305E2,1.881573497E-1,-7.813008530E-2,1.773907981E2
2.027820211E2,2.276928653E-2,7.171464968E-4,1.623918302E-3,9.997391701E-1,1.773906065E2,1.879104592E-1,-7.792044867E-2,1.773904746E2
2.027870211E2,2.277426749E-2,7.132962928E-4,1.629148261E-3,9.997390509E-1,1.773900355E2,1.884999527E-1,-7.746477700E-2,1.773899040E2
2.027920211E2,2.276647758E-2,7.175208302E-4,1.626438810E-3,9.997392297E-1,1.773909284E2,1.881999717E-1,-7.795728497E-2,1.773907963E2
2.027970211E2,2.276121562E-2,7.218160317E-4,1.624908997E-3,9.997393489E-1,1.773915316E2,1.880355073E-1,-7.845433161E-2,1.773913987E2
2.028020211E2,2.277459236E-2,7.127255667E-4,1.624850789E-3,9.997390509E-1,1.773899983E2,1.880061610E-1,-7.741054841E-2,1.773898672E2
2.028070211E2,2.278237520E-2,7.069445564E-4,1.628287253E-3,9.997388721E-1,1.773891062E2,1.883853574E-1,-7.673783062E-2,1.773889759E2
2.028120211E2,2.277440112E-2,7.129614241E-4,1.627425896E-3,9.997390509E-1,1.773900202E2,1.883017714E-1,-7.743088386E-2,1.773898889E2
2.028170211E2,2.277748994E-2,7.114678156E-4,1.621455885E-3,9.997389913E-1,1.773896662E2,1.876141748E-1,-7.727477492E-2,1.773895356E2
2.028220211E2,2.278269862E-2,7.070546271E-4,1.623707823E-3,9.997388721E-1,1.773890691E2,1.878610408E-1,-7.676233571E-2,1.773889392E2
2.028270211E2,2.278000319E-2,7.088141283E-4,1.624059281E-3,9.997389317E-1,1.773893781E2,1.879056913E-1,-7.696349614E-2,1.773892478E2
2.028320211E2,2.277733973E-2,7.114745677E-4,1.623561606E-3,9.997389913E-1,1.773896834E2,1.878554165E-1,-7.727008024E-2,1.773895526E2
2.028370211E2,2.278286623E-2,7.072609733E-4,1.621264382E-3,9.997388721E-1,1.773890499E2,1.875816669E-1,-7.679232305E-2,1.773889201E2
2.028420211E2,2.277992746E-2,7.084865356E-4,1.625264063E-3,9.997389317E-1,1.773893868E2,1.880428525E-1,-7.692283569E-2,1.773892564E2
2.028470211E2,2.277972766E-2,7.099651266E-4,1.627417863E-3,9.997389317E-1,1.773894097E2,1.882934411E-1,-7.708664066E-2,1.773892789E2
2.028520211E2,2.278318945E-2,7.070177817E-4,1.616822206E-3,9.997388721E-1,1.773890129E2,1.870721520E-1,-7.677600002E-2,1.773888835E2
2.028570211E2,2.278302903E-2,7.078152848E-4,1.618732698E-3,9.997388721E-1,1.773890313E2,1.872930919E-1,-7.686240529E-2,1.773889016E2
2.028620211E2,2.277235066E-2,7.153362967E-4,1.618436421E-3,9.997391105E-1,1.773902552E2,1.872779579E-1,-7.772679894E-2,1.773901241E2
2.028670211E2,2.277013472E-2,7.166136056E-4,1.612218563E-3,9.997391701E-1,1.773905092E2,1.865687882E-1,-7.788976963E-2,1.773903784E2
2.028720211E2,2.276813778E-2,7.183908019E-4,1.602640725E-3,9.997392297E-1,1.773907381E2,1.854760131E-1,-7.811873118E-2,1.773906077E2
2.028770211E2,2.276814961E-2,7.178605883E-4,1.602710225E-3,9.997392297E-1,1.773907368E2,1.854825925E-1,-7.805780547E-2,1.773906064E2
2.028820211E2,2.277307533E-2,7.136459462E-4,1.608958235E-3,9.997391105E-1,1.773901722E2,1.861877619E-1,-7.755774933E-2,1.773900421E2
2.028870211E2,2.277588168E-2,7.118029171E-4,1.607086044E-3,9.997390509E-1,1.773898505E2,1.859686866E-1,-7.735097265E-2,1.773897209E2
2.028920211E2,2.276815100E-2,7.169424207E-4,1.603101497E-3,9.997392297E-1,1.773907366E2,1.855250216E-1,-7.795159745E-2,1.773906064E2
2.028970211E2,2.277071715E-2,7.157486980E-4,1.604357501E-3,9.997391701E-1,1.773904425E2,1.856659970E-1,-7.781108881E-2,1.773903124E2
2.029020211E2,2.277593885E-2,7.117489004E-4,1.606299542E-3,9.997390509E-1,1.773898440E2,1.858784468E-1,-7.734682659E-2,1.773897145E2
2.029070211E2,2.276792179E-2,7.168927696E-4,1.606375678E-3,9.997392297E-1,1.773907629E2,1.858999712E-1,-7.793740905E-2,1.773906324E2
2.029120211E2,2.277080882E-2,7.165104034E-4,1.602715580E-3,9.997391701E-1,1.773904320E2,1.854798900E-1,-7.790261863E-2,1.773903019E2
2.029170211E2,2.277591263E-2,7.114135660E-4,1.606819802E-3,9.997390509E-1,1.773898470E2,1.859371715E-1,-7.730705708E-2,1.773897175E2
2.029220211E2,2.277021760E-2,7.168796146E-4,1.610929263E-3,9.997391701E-1,1.773904997E2,1.864217840E-1,-7.792359292E-2,1.773903689E2
2.029270211E2,2.275686763E-2,7.245265297E-4,1.611199812E-3,9.997394681E-1,1.773920299E2,1.864716823E-1,-7.880142071E-2,1.773918976E2
2.029320211E2,2.276495512E-2,7.200953551E-4,1.609889325E-3,9.997392893E-1,1.773911029E2,1.863106264E-1,-7.829568801E-2,1.773909716E2
2.029370211E2,2.276762103E-2,7.176467916E-4,1.610297011E-3,9.997392297E-1,1.773907974E2,1.863511514E-1,-7.801361584E-2,1.773906664E2
2.029420211E2,2.275946614E-2,7.234641816E-4,1.611957327E-3,9.997394085E-1,1.773917321E2,1.865558985E-1,-7.867725586E-2,1.773915999E2
2.029470211E2,2.275980676E-2,7.231416530E-4,1.607286045E-3,9.997394085E-1,1.773916930E2,1.860199322E-1,-7.865242657E-2,1.773915613E2
2.029520211E2,2.276534457E-2,7.197293453E-4,1.604536898E-3,9.997392893E-1,1.773910583E2,1.856965167E-1,-7.826764840E-2,1.773909274E2
2.029570211E2,2.276248497E-2,7.216006052E-4,1.607126207E-3,9.997393489E-1,1.773913861E2,1.859978113E-1,-7.847580007E-2,1.773912546E2
2.029620211E2,2.275723482E-2,7.248999318E-4,1.605836558E-3,9.997394681E-1,1.773919878E2,1.858582595E-1,-7.885811678E-2,1.773918559E2
2.029670211E2,2.276286949E-2,7.211484481E-4,1.601874479E-3,9.997393489E-1,1.773913420E2,1.853950129E-1,-7.843762811E-2,1.773912111E2
2.029720211E2,2.275968256E-2,7.232823991E-4,1.608980470E-3,9.997394085E-1,1.773917073E2,1.862144065E-1,-7.866415440E-2,1.773915754E2
2.029770211E2,2.275440744E-2,7.265669992E-4,1.608039835E-3,9.997395277E-1,1.773923119E2,1.861147960E-1,-7.904387932E-2,1.773921795E2
2.029820211E2,2.276233703E-2,7.219582330E-4,1.609059866E-3,9.997393489E-1,1.773914030E2,1.862202566E-1,-7.851175410E-2,1.773912714E2
2.029870211E2,2.276486934E-2,7.190157194E-4,1.611583983E-3,9.997392893E-1,1.773911128E2,1.865019464E-1,-7.816759804E-2,1.773909815E2
2.029920211E2,2.276196429E-2,7.210285403E-4,1.614739536E-3,9.997393489E-1,1.773914457E2,1.868684770E-1,-7.839050109E-2,1.773913138E2
2.029970211E2,2.276424806E-2,7.197402883E-4,1.620014315E-3,9.997392893E-1,1.773911840E2,1.874695847E-1,-7.822872938E-2,1.773910519E2
2.030020211E2,2.276452187E-2,7.193229394E-4,1.616348047E-3,9.997392893E-1,1.773911526E2,1.870485019E-1,-7.819043023E-2,1.773910209E2
2.030070211E2,2.276409140E-2,7.197887171E-4,1.622192794E-3,9.997392893E-1,1.773912019E2,1.877192700E-1,-7.822862383E-2,1.773910697E2
2.030120211E2,2.277193166E-2,7.148674922E-4,1.624527620E-3,9.997391105E-1,1.773903033E2,1.879745222E-1,-7.765727476E-2,1.773901718E2
2.030170211E2,2.277720569E-2,7.111877785E-4,1.625566510E-3,9.997389913E-1,1.773896988E2,1.880843435E-1,-7.723201715E-2,1.773895679E2
2.030220211E2,2.276955882E-2,7.168030716E-4,1.620247960E-3,9.997391701E-1,1.773905752E2,1.874891022E-1,-7.789063126E-2,1.773904437E2
2.030270211E2,2.277198254E-2,7.150428137E-4,1.623737044E-3,9.997391105E-1,1.773902974E2,1.878844136E-1,-7.767941342E-2,1.773901660E2
2.030320211E2,2.277162459E-2,7.145761047E-4,1.628954080E-3,9.997391105E-1,1.773903385E2,1.884808423E-1,-7.761239947E-2,1.773902067E2
2.030370211E2,2.276354221E-2,7.198072271E-4,1.629873062E-3,9.997392893E-1,1.773912649E2,1.885991429E-1,-7.821081239E-2,1.773911320E2
2.030420211E2,2.276628888E-2,7.175842766E-4,1.629050006E-3,9.997392297E-1,1.773909501E2,1.884992665E-1,-7.795777650E-2,1.773908177E2
2.030470211E2,2.277680456E-2,7.119465736E-4,1.630846295E-3,9.997389913E-1,1.773897447E2,1.886911562E-1,-7.730524036E-2,1.773896133E2
2.030520211E2,2.277363016E-2,7.138691726E-4,1.637783716E-3,9.997390509E-1,1.773901086E2,1.894906942E-1,-7.750799042E-2,1.773899762E2
2.030570211E2,2.276851082E-2,7.164699491E-4,1.635054941E-3,9.997391701E-1,1.773906954E2,1.891844699E-1,-7.781403012E-2,1.773905627E2
2.030620211E2,2.277347875E-2,7.126057171E-4,1.640437054E-3,9.997390509E-1,1.773901259E2,1.897913567E-1,-7.735635086E-2,1.773899936E2
2.030670211E2,2.277863552E-2,7.103275857E-4,1.642476884E-3,9.997389317E-1,1.773895349E2,1.900194954E-1,-7.708906060E-2,1.773894029E2
2.030720211E2,2.277317064E-2,7.132036262E-4,1.644449658E-3,9.997390509E-1,1.773901613E2,1.902525856E-1,-7.741443495E-2,1.773900285E2
2.030770211E2,2.276522268E-2,7.188569871E-4,1.643326366E-3,9.997392297E-1,1.773910723E2,1.901380337E-1,-7.806653671E-2,1.773909385E2
2.030820211E2,2.276485105E-2,7.188447053E-4,1.648471924E-3,9.997392297E-1,1.773911149E2,1.907274584E-1,-7.805177665E-2,1.773909807E2
2.030870211E2,2.276434549E-2,7.192488993E-4,1.655263128E-3,9.997392297E-1,1.773911728E2,1.915064881E-1,-7.808046177E-2,1.773910381E2
2.030920211E2,2.276955871E-2,7.150995662E-4,1.657355111E-3,9.997391105E-1,1.773905753E2,1.917357291E-1,-7.759864976E-2,1.773904412E2
2.030970211E2,2.276703808E-2,7.174172788E-4,1.655025175E-3,9.997391701E-1,1.773908642E2,1.914746587E-1,-7.787073323E-2,1.773907298E2
2.031020211E2,2.276932440E-2,7.160318200E-4,1.660169219E-3,9.997391105E-1,1.773906021E2,1.920605338E-1,-7.769815241E-2,1.773904676E2
2.031070211E2,2.276904522E-2,7.165581919E-4,1.663767151E-3,9.997391105E-1,1.773906341E2,1.924740722E-1,-7.774912010E-2,1.773904992E2
2.031120211E2,2.276382805E-2,7.199019310E-4,1.662081340E-3,9.997392297E-1,1.773912321E2,1.922892602E-1,-7.813758678E-2,1.773910967E2
2.031170211E2,2.276914968E-2,7.155112107E-4,1.662787865E-3,9.997391105E-1,1.773906221E2,1.923591592E-1,-7.763171127E-2,1.773904875E2
2.031220211E2,2.278493717E-2,7.051971043E-4,1.665953547E-3,9.997387528E-1,1.773888126E2,1.926961182E-1,-7.643880646E-2,1.773886797E2
2.031270211E2,2.277680167E-2,7.097320049E-4,1.667968114E-3,9.997389317E-1,1.773897451E2,1.929381272E-1,-7.695464206E-2,1.773896112E2
2.031320211E2,2.276885363E-2,7.148873992E-4,1.667104429E-3,9.997391105E-1,1.773906561E2,1.928520229E-1,-7.754904030E-2,1.773905213E2
2.031370211E2,2.277145044E-2,7.134197513E-4,1.668008510E-3,9.997390509E-1,1.773903584E2,1.929519675E-1,-7.737804387E-2,1.773902238E2
2.031420211E2,2.277149131E-2,7.130705053E-4,1.667599892E-3,9.997390509E-1,1.773903537E2,1.929042471E-1,-7.733909208E-2,1.773902193E2
2.031470211E2,2.276342222E-2,7.194040809E-4,1.667845063E-3,9.997392297E-1,1.773912786E2,1.929482338E-1,-7.806559482E-2,1.773911429E2
2.031520211E2,2.276951865E-2,7.148744771E-4,1.658002380E-3,9.997391105E-1,1.773905799E2,1.918092911E-1,-7.757118191E-2,1.773904458E2
2.031570211E2,2.277233291E-2,7.138253422E-4,1.655742293E-3,9.997390509E-1,1.773902573E2,1.915478511E-1,-7.745634934E-2,1.773901236E2
2.031620211E2,2.276948740E-2,7.151096361E-4,1.658330089E-3,9.997391105E-1,1.773905834E2,1.918474454E-1,-7.759727302E-2,1.773904493E2
2.031670211E2,2.275883338E-2,7.234741934E-4,1.657218323E-3,9.997393489E-1,1.773918046E2,1.917410701E-1,-7.856047532E-2,1.773916689E2
2.031720211E2,2.275890835E-2,7.231798372E-4,1.656316919E-3,9.997393489E-1,1.773917960E2,1.916370414E-1,-7.852908996E-2,1.773916604E2
2.031770211E2,2.275103204E-2,7.284085732E-4,1.654300955E-3,9.997395277E-1,1.773926988E2,1.914191034E-1,-7.913486899E-2,1.773925624E2
2.031820211E2,2.274306350E-2,7.342229364E-4,1.653237501E-3,9.997397065E-1,1.773936122E2,1.913117967E-1,-7.980527020E-2,1.773934747E2
2.031870211E2,2.273782627E-2,7.367209764E-4,1.652076491E-3,9.997398257E-1,1.773942125E2,1.911848806E-1,-8.009547759E-2,1.773940746E2
2.031920211E2,2.274090440E-2,7.358726580E-4,1.646145480E-3,9.997397661E-1,1.773938597E2,1.905034467E-1,-8.001316063E-2,1.773937224E2
2.031970211E2,2.274345264E-2,7.339714793E-4,1.647987403E-3,9.997397065E-1,1.773935676E2,1.907097097E-1,-7.979007195E-2,1.773934305E2
2.032020211E2,2.274325581E-2,7.342866738E-4,1.650561462E-3,9.997397065E-1,1.773935901E2,1.910054054E-1,-7.981950990E-2,1.773934528E2
2.032070211E2,2.273526625E-2,7.390283281E-4,1.650207792E-3,9.997398853E-1,1.773945059E2,1.909766055E-1,-8.036517025E-2,1.773943677E2
2.032120211E2,2.273799228E-2,7.372723776E-4,1.649543759E-3,9.997398257E-1,1.773941934E2,1.908961756E-1,-8.016521495E-2,1.773940556E2
2.032170211E2,2.274067526E-2,7.362036267E-4,1.649160171E-3,9.997397661E-1,1.773938859E2,1.908496605E-1,-8.004326428E-2,1.773937484E2
2.032220211E2,2.273843388E-2,7.368455990E-4,1.643636613E-3,9.997398257E-1,1.773941428E2,1.902183633E-1,-8.013163080E-2,1.773940056E2
2.032270211E2,2.274184283E-2,7.344454061E-4,1.633772044E-3,9.997397661E-1,1.773937521E2,1.890822744E-1,-7.988172049E-2,1.773936161E2
2.032320211E2,2.275257827E-2,7.276256802E-4,1.633245964E-3,9.997395277E-1,1.773925216E2,1.890050797E-1,-7.909978197E-2,1.773923869E2
2.032370211E2,2.275231008E-2,7.281343569E-4,1.636751578E-3,9.997395277E-1,1.773925523E2,1.894079956E-1,-7.914896717E-2,1.773924173E2
2.032420211E2,2.274141743E-2,7.356069982E-4,1.639161957E-3,9.997397661E-1,1.773938008E2,1.897027480E-1,-8.000082828E-2,1.773936642E2
2.032470211E2,2.274707233E-2,7.319619181E-4,1.635030610E-3,9.997396469E-1,1.773931527E2,1.892204017E-1,-7.959293784E-2,1.773930171E2
2.032520211E2,2.274972281E-2,7.298417040E-4,1.635547145E-3,9.997395873E-1,1.773928489E2,1.892742599E-1,-7.934819408E-2,1.773927136E2
2.032570211E2,2.274687823E-2,7.323843893E-4,1.637539943E-3,9.997396469E-1,1.773931749E2,1.895089621E-1,-7.963483245E-2,1.773930390E2
2.032620211E2,2.275258996E-2,7.285680622E-4,1.632662956E-3,9.997395277E-1,1.773925202E2,1.889407474E-1,-7.920926083E-2,1.773923855E2
2.032670211E2,2.276099595E-2,7.224782603E-4,1.627689344E-3,9.997393489E-1,1.773915567E2,1.883557400E-1,-7.852298684E-2,1.773914235E2
2.032720211E2,2.276616362E-2,7.189534954E-4,1.630196464E-3,9.997392297E-1,1.773909644E2,1.886341700E-1,-7.811166914E-2,1.773908317E2
2.032770211E2,2.275808020E-2,7.239151746E-4,1.631207648E-3,9.997394085E-1,1.773918909E2,1.887623232E-1,-7.867897579E-2,1.773917572E2
2.032820211E2,2.275834001E-2,7.233186625E-4,1.627844060E-3,9.997394085E-1,1.773918612E2,1.883754480E-1,-7.861936167E-2,1.773917278E2
2.032870211E2,2.276089075E-2,7.222481654E-4,1.629261766E-3,9.997393489E-1,1.773915688E2,1.885352714E-1,-7.849254518E-2,1.773914355E2
2.032920211E2,2.275552739E-2,7.251908537E-4,1.629723585E-3,9.997394681E-1,1.773921835E2,1.885954319E-1,-7.882947185E-2,1.773920497E2
2.032970211E2,2.275578121E-2,7.261558203E-4,1.625745092E-3,9.997394681E-1,1.773921545E2,1.881421839E-1,-7.895034718E-2,1.773920207E2
2.033020211E2,2.275330205E-2,7.269153139E-4,1.623449847E-3,9.997395277E-1,1.773924386E2,1.878810206E-1,-7.904380745E-2,1.773923049E2
2.033070211E2,2.275317262E-2,7.271204959E-4,1.625171048E-3,9.997395277E-1,1.773924535E2,1.880787298E-1,-7.906284982E-2,1.773923196E2
2.033120211E2,2.275852382E-2,7.240604609E-4,1.624941826E-3,9.997394085E-1,1.773918401E2,1.880449113E-1,-7.871187800E-2,1.773917068E2
2.033170211E2,2.275316021E-2,7.272471557E-4,1.625288161E-3,9.997395277E-1,1.773924549E2,1.880924759E-1,-7.907705716E-2,1.773923209E2
2.033220211E2,2.274571960E-2,7.322332822E-4,1.617185539E-3,9.997397065E-1,1.773933077E2,1.871766317E-1,-7.967079691E-2,1.773931735E2
2.033270211E2,2.275353879E-2,7.281826693E-4,1.619559247E-3,9.997395277E-1,1.773924115E2,1.874386289E-1,-7.919909817E-2,1.773922778E2
2.033320211E2,2.275051069E-2,7.290000212E-4,1.624928787E-3,9.997395873E-1,1.773927586E2,1.880556661E-1,-7.927930396E-2,1.773926243E2
2.033370211E2,2.274258601E-2,7.353798137E-4,1.622970914E-3,9.997397661E-1,1.773936669E2,1.878473686E-1,-8.001677775E-2,1.773935316E2
2.033420211E2,2.274545481E-2,7.331136730E-4,1.620507450E-3,9.997397065E-1,1.773933381E2,1.875594709E-1,-7.976304682E-2,1.773932034E2
2.033470211E2,2.275309160E-2,7.282391307E-4,1.625804463E-3,9.997395277E-1,1.773924627E2,1.881542059E-1,-7.918936624E-2,1.773923286E2
2.033520211E2,2.274514230E-2,7.326895138E-4,1.625079196E-3,9.997397065E-1,1.773933739E2,1.880820893E-1,-7.970259657E-2,1.773932389E2
2.033570211E2,2.273475212E-2,7.405474316E-4,1.620227471E-3,9.997399449E-1,1.773945648E2,1.875459116E-1,-8.061740900E-2,1.773944288E2
2.033620211E2,2.274030028E-2,7.368449587E-4,1.617609640E-3,9.997398257E-1,1.773939289E2,1.872368050E-1,-8.019902828E-2,1.773937937E2
2.033670211E2,2.274278096E-2,7.340550073E-4,1.620837371E-3,9.997397661E-1,1.773936446E2,1.875995077E-1,-7.987052953E-2,1.773935097E2
2.033720211E2,2.274278805E-2,7.355421549E-4,1.620063558E-3,9.997397661E-1,1.773936437E2,1.875147349E-1,-8.004291524E-2,1.773935086E2
2.033770211E2,2.274612790E-2,7.321823505E-4,1.611455693E-3,9.997397065E-1,1.773932609E2,1.865201081E-1,-7.967982135E-2,1.773931271E2
2.033820211E2,2.274597930E-2,7.321735611E-4,1.613555825E-3,9.997397065E-1,1.773932780E2,1.867606690E-1,-7.967336787E-2,1.773931440E2
2.033870211E2,2.274594872E-2,7.328914362E-4,1.613660948E-3,9.997397065E-1,1.773932815E2,1.867745811E-1,-7.975534062E-2,1.773931474E2
2.033920211E2,2.274866151E-2,7.301178994E-4,1.613604720E-3,9.997396469E-1,1.773929705E2,1.867611247E-1,-7.943723909E-2,1.773928370E2
2.033970211E2,2.275156330E-2,7.290257490E-4,1.610111911E-3,9.997395873E-1,1.773926379E2,1.863583638E-1,-7.932068505E-2,1.773925048E2
2.034020211E2,2.276215518E-2,7.216622471E-4,1.611762797E-3,9.997393489E-1,1.773914239E2,1.865291236E-1,-7.847082875E-2,1.773912921E2
2.034070211E2,2.275903973E-2,7.230397896E-4,1.618156326E-3,9.997394085E-1,1.773917810E2,1.872649284E-1,-7.861254854E-2,1.773916484E2
2.034120211E2,2.275915204E-2,7.243105210E-4,1.616007066E-3,9.997394085E-1,1.773917681E2,1.870220281E-1,-7.876371029E-2,1.773916354E2
2.034170211E2,2.274605122E-2,7.320942241E-4,1.612577704E-3,9.997397065E-1,1.773932697E2,1.866484122E-1,-7.966681506E-2,1.773931359E2
2.034220211E2,2.275130110E-2,7.298613782E-4,1.613434870E-3,9.997395873E-1,1.773926680E2,1.867412072E-1,-7.940780131E-2,1.773925345E2
2.034270211E2,2.275128555E-2,7.285022875E-4,1.614268054E-3,9.997395873E-1,1.773926698E2,1.868331135E-1,-7.924993207E-2,1.773925364E2
2.034320211E2,2.275148904E-2,7.292776136E-4,1.611046842E-3,9.997395873E-1,1.773926464E2,1.864661224E-1,-7.934711532E-2,1.773925132E2
2.034370211E2,2.274874832E-2,7.299531717E-4,1.612455002E-3,9.997396469E-1,1.773929606E2,1.866289880E-1,-7.942134864E-2,1.773928271E2
2.034420211E2,2.275403449E-2,7.264969172E-4,1.613340108E-3,9.997395277E-1,1.773923547E2,1.867217942E-1,-7.902209927E-2,1.773922218E2
2.034470211E2,2.274901174E-2,7.298542187E-4,1.608779188E-3,9.997396469E-1,1.773929304E2,1.862076419E-1,-7.941954601E-2,1.773927973E2
2.034520211E2,2.275456851E-2,7.274564705E-4,1.605356229E-3,9.997395277E-1,1.773922935E2,1.858096887E-1,-7.915274655E-2,1.773921611E2
2.034570211E2,2.276769186E-2,7.185405120E-4,1.608896302E-3,9.997392297E-1,1.773907892E2,1.861930208E-1,-7.811964341E-2,1.773906583E2
2.034620211E2,2.277011172E-2,7.162678521E-4,1.612696913E-3,9.997391701E-1,1.773905119E2,1.866226849E-1,-7.784891560E-2,1.773903810E2
2.034670211E2,2.276207524E-2,7.217015373E-4,1.612873748E-3,9.997393489E-1,1.773914330E2,1.866564927E-1,-7.847244692E-2,1.773913011E2
2.034720211E2,2.276502395E-2,7.196012884E-4,1.609136700E-3,9.997392893E-1,1.773910950E2,1.862231204E-1,-7.824103751E-2,1.773909638E2
2.034770211E2,2.277003325E-2,7.167826989E-4,1.613575849E-3,9.997391701E-1,1.773905209E2,1.867247151E-1,-7.790561849E-2,1.773903899E2
2.034820211E2,2.276742792E-2,7.181923138E-4,1.612782129E-3,9.997392297E-1,1.773908195E2,1.866372601E-1,-7.806966390E-2,1.773906883E2
2.034870211E2,2.275980150E-2,7.226148737E-4,1.607597456E-3,9.997394085E-1,1.773916936E2,1.860542336E-1,-7.859126657E-2,1.773915620E2
2.034920211E2,2.275996921E-2,7.226237212E-4,1.605217345E-3,9.997394085E-1,1.773916744E2,1.857815993E-1,-7.859845684E-2,1.773915429E2
2.034970211E2,2.275976509E-2,7.232170319E-4,1.607842045E-3,9.997394085E-1,1.773916978E2,1.860838221E-1,-7.865961970E-2,1.773915660E2
2.035020211E2,2.275404786E-2,7.267664769E-4,1.613030094E-3,9.997395277E-1,1.773923531E2,1.866869824E-1,-7.905378638E-2,1.773922203E2
2.035070211E2,2.275443017E-2,7.263420266E-4,1.607819810E-3,9.997395277E-1,1.773923093E2,1.860890045E-1,-7.901867557E-2,1.773921769E2
2.035120211E2,2.275469371E-2,7.277209661E-4,1.603460638E-3,9.997395277E-1,1.773922791E2,1.855932255E-1,-7.918796737E-2,1.773921468E2
2.035170211E2,2.275946142E-2,7.230545161E-4,1.612207852E-3,9.997394085E-1,1.773917326E2,1.865835303E-1,-7.862967133E-2,1.773916005E2
2.035220211E2,2.276199274E-2,7.211384363E-4,1.614289358E-3,9.997393489E-1,1.773914425E2,1.868171926E-1,-7.840425993E-2,1.773913106E2
2.035270211E2,2.275687208E-2,7.258508704E-4,1.610540785E-3,9.997394681E-1,1.773920294E2,1.863996372E-1,-7.895485734E-2,1.773918969E2
2.035320211E2,2.275950053E-2,7.242711727E-4,1.611109241E-3,9.997394085E-1,1.773917281E2,1.864608478E-1,-7.877191171E-2,1.773915959E2
2.035370211E2,2.276729487E-2,7.189108292E-4,1.614339533E-3,9.997392297E-1,1.773908347E2,1.868175440E-1,-7.814793971E-2,1.773907033E2
2.035420211E2,2.275641327E-2,7.252426585E-4,1.617283444E-3,9.997394681E-1,1.773920820E2,1.871704680E-1,-7.886768136E-2,1.773919491E2
2.035470211E2,2.275644912E-2,7.250324707E-4,1.616873313E-3,9.997394681E-1,1.773920779E2,1.871229371E-1,-7.884466471E-2,1.773919451E2
2.035520211E2,2.276702171E-2,7.177380612E-4,1.618707902E-3,9.997392297E-1,1.773908661E2,1.873149119E-1,-7.800223917E-2,1.773907345E2
2.035570211E2,2.276923606E-2,7.169349701E-4,1.624719123E-3,9.997391701E-1,1.773906122E2,1.880016470E-1,-7.789413572E-2,1.773904803E2
2.035620211E2,2.275870408E-2,7.229616167E-4,1.622905140E-3,9.997394085E-1,1.773918194E2,1.878087322E-1,-7.859127044E-2,1.773916865E2
2.035670211E2,2.276910690E-2,7.165476563E-4,1.626698882E-3,9.997391701E-1,1.773906270E2,1.882274315E-1,-7.784462293E-2,1.773904951E2
2.035720211E2,2.277402249E-2,7.121969247E-4,1.633049455E-3,9.997390509E-1,1.773900636E2,1.889439931E-1,-7.732869619E-2,1.773899320E2
2.035770211E2,2.277397589E-2,7.123870309E-4,1.633616281E-3,9.997390509E-1,1.773900690E2,1.890094225E-1,-7.734900457E-2,1.773899372E2
2.035820211E2,2.277698385E-2,7.102089585E-4,1.629098901E-3,9.997389913E-1,1.773897242E2,1.884864491E-1,-7.711070341E-2,1.773895932E2
2.035870211E2,2.278488706E-2,7.048983825E-4,1.630621962E-3,9.997388124E-1,1.773888183E2,1.886476760E-1,-7.649684805E-2,1.773886882E2
2.035920211E2,2.278732648E-2,7.041189237E-4,1.633411855E-3,9.997387528E-1,1.773885387E2,1.889654428E-1,-7.639980620E-2,1.773884086E2
2.035970211E2,2.277688791E-2,7.101598312E-4,1.630461076E-3,9.997389913E-1,1.773897352E2,1.886423671E-1,-7.710153788E-2,1.773896041E2
2.036020211E2,2.278244694E-2,7.077181945E-4,1.626946847E-3,9.997388721E-1,1.773890980E2,1.882338232E-1,-7.682994591E-2,1.773889677E2
2.036070211E2,2.277700828E-2,7.111222949E-4,1.628358732E-3,9.997389913E-1,1.773897214E2,1.884040399E-1,-7.721726415E-2,1.773895903E2
2.036120211E2,2.277419312E-2,7.131559541E-4,1.630248851E-3,9.997390509E-1,1.773900441E2,1.886256666E-1,-7.744584119E-2,1.773899124E2
2.036170211E2,2.277721200E-2,7.106309640E-4,1.625721576E-3,9.997389913E-1,1.773896980E2,1.881006550E-1,-7.716782160E-2,1.773895672E2
2.036220211E2,2.278531714E-2,7.053420413E-4,1.624408644E-3,9.997388124E-1,1.773887690E2,1.879370570E-1,-7.656381703E-2,1.773886393E2
2.036270211E2,2.279062747E-2,7.017480675E-4,1.624836470E-3,9.997386932E-1,1.773881603E2,1.879770889E-1,-7.614996978E-2,1.773880313E2
2.036320211E2,2.279046119E-2,7.023031940E-4,1.626927522E-3,9.997386932E-1,1.773881794E2,1.882180813E-1,-7.620813599E-2,1.773880501E2
2.036370211E2,2.277978583E-2,7.096196641E-4,1.626754180E-3,9.997389317E-1,1.773894030E2,1.882165107E-1,-7.704878549E-2,1.773892723E2
2.036420211E2,2.278275613E-2,7.076688344E-4,1.622632961E-3,9.997388721E-1,1.773890626E2,1.877395105E-1,-7.683549582E-2,1.773889326E2
2.036470211E2,2.279320532E-2,6.993544521E-4,1.626381534E-3,9.997386336E-1,1.773878649E2,1.881480381E-1,-7.587123276E-2,1.773877362E2
2.036520211E2,2.279046908E-2,7.026051171E-4,1.626686659E-3,9.997386932E-1,1.773881785E2,1.881912768E-1,-7.624335239E-2,1.773880492E2
2.036570211E2,2.278798067E-2,7.027717656E-4,1.624842989E-3,9.997387528E-1,1.773884637E2,1.879803077E-1,-7.626772698E-2,1.773883345E2
2.036620211E2,2.279846600E-2,6.967080990E-4,1.627060003E-3,9.997385144E-1,1.773872619E2,1.882192494E-1,-7.556529957E-2,1.773871337E2
2.036670211E2,2.280103533E-2,6.936945720E-4,1.628966653E-3,9.997384548E-1,1.773869674E2,1.884299983E-1,-7.521459932E-2,1.773868396E2
2.036720211E2,2.279599534E-2,6.976975128E-4,1.624627621E-3,9.997385740E-1,1.773875451E2,1.879429891E-1,-7.568546785E-2,1.773874168E2
2.036770211E2,2.279617240E-2,6.982322084E-4,1.621911302E-3,9.997385740E-1,1.773875248E2,1.876332125E-1,-7.575378623E-2,1.773873966E2
2.036820211E2,2.280618189E-2,6.900629378E-4,1.631623018E-3,9.997383356E-1,1.773863775E2,1.887252116E-1,-7.479064093E-2,1.773862502E2
2.036870211E2,2.280344994E-2,6.933619734E-4,1.631886815E-3,9.997383952E-1,1.773866906E2,1.887638503E-1,-7.516841017E-2,1.773865627E2
2.036920211E2,2.279577936E-2,6.975472206E-4,1.627719728E-3,9.997385740E-1,1.773875698E2,1.882968181E-1,-7.566021311E-2,1.773874414E2
2.036970211E2,2.280399838E-2,6.920085289E-4,1.624782104E-3,9.997383952E-1,1.773866277E2,1.879464245E-1,-7.503182039E-2,1.773865006E2
2.037020211E2,2.280924389E-2,6.896976265E-4,1.625484903E-3,9.997382760E-1,1.773860265E2,1.880212913E-1,-7.476425653E-2,1.773858997E2
2.037070211E2,2.280680896E-2,6.906060153E-4,1.622603275E-3,9.997383356E-1,1.773863056E2,1.876933585E-1,-7.487631238E-2,1.773861789E2
2.037120211E2,2.280952679E-2,6.890894147E-4,1.621768926E-3,9.997382760E-1,1.773859941E2,1.875940128E-1,-7.470423883E-2,1.773858677E2
2.037170211E2,2.280714277E-2,6.899525761E-4,1.618183218E-3,9.997383356E-1,1.773862673E2,1.871853050E-1,-7.481294307E-2,1.773861411E2
2.037220211E2,2.281747613E-2,6.829331396E-4,1.622778713E-3,9.997380972E-1,1.773850829E2,1.876941908E-1,-7.399483412E-2,1.773849576E2
2.037270211E2,2.281738891E-2,6.839180132E-4,1.623590128E-3,9.997380972E-1,1.773850929E2,1.877897171E-1,-7.410555749E-2,1.773849674E2
2.037320211E2,2.281796380E-2,6.839968846E-4,1.615457004E-3,9.997380972E-1,1.773850270E2,1.868582196E-1,-7.413575224E-2,1.773849021E2
2.037370211E2,2.280998575E-2,6.883864990E-4,1.615600544E-3,9.997382760E-1,1.773859415E2,1.868855475E-1,-7.463974947E-2,1.773858157E2
2.037420211E2,2.280705853E-2,6.910272641E-4,1.618911745E-3,9.997383356E-1,1.773862770E2,1.872715693E-1,-7.493417275E-2,1.773861505E2
2.037470211E2,2.279927554E-2,6.955412682E-4,1.616179361E-3,9.997385144E-1,1.773871691E2,1.869697536E-1,-7.545990136E-2,1.773870419E2
2.037520211E2,2.279427522E-2,6.996553275E-4,1.611186424E-3,9.997386336E-1,1.773877422E2,1.864081230E-1,-7.594519230E-2,1.773876146E2
2.037570211E2,2.280460044E-2,6.926902570E-4,1.616017893E-3,9.997383952E-1,1.773865587E2,1.869442061E-1,-7.513271100E-2,1.773864321E2
2.037620211E2,2.280439943E-2,6.923559704E-4,1.618994982E-3,9.997383952E-1,1.773865818E2,1.872843785E-1,-7.508667208E-2,1.773864550E2
2.037670211E2,2.280734864E-2,6.901044981E-4,1.615214162E-3,9.997383356E-1,1.773862437E2,1.868455766E-1,-7.483806906E-2,1.773861177E2
2.037720211E2,2.281272803E-2,6.873048260E-4,1.614224515E-3,9.997382164E-1,1.773856271E2,1.867252836E-1,-7.451891597E-2,1.773855017E2
2.037770211E2,2.280978821E-2,6.881389418E-4,1.618492417E-3,9.997382760E-1,1.773859641E2,1.872161843E-1,-7.460386667E-2,1.773858382E2
2.037820211E2,2.279880220E-2,6.957809674E-4,1.622740179E-3,9.997385144E-1,1.773872233E2,1.877219647E-1,-7.547030888E-2,1.773870956E2
2.037870211E2,2.280164183E-2,6.935340352E-4,1.620523632E-3,9.997384548E-1,1.773868978E2,1.874623751E-1,-7.521815533E-2,1.773867707E2
2.037920211E2,2.280403274E-2,6.922056200E-4,1.624215860E-3,9.997383952E-1,1.773866238E2,1.878820721E-1,-7.505587277E-2,1.773864967E2
2.037970211E2,2.280102609E-2,6.943929475E-4,1.628798433E-3,9.997384548E-1,1.773869684E2,1.884125509E-1,-7.529504764E-2,1.773868405E2
2.038020211E2,2.280087929E-2,6.951533142E-4,1.630528248E-3,9.997384548E-1,1.773869853E2,1.886126979E-1,-7.537766429E-2,1.773868571E2
2.038070211E2,2.280116219E-2,6.945453351E-4,1.626827056E-3,9.997384548E-1,1.773869528E2,1.881871145E-1,-7.531763089E-2,1.773868250E2
2.038120211E2,2.280370298E-2,6.921522436E-4,1.628861646E-3,9.997383952E-1,1.773866616E2,1.884141384E-1,-7.503767928E-2,1.773865341E2
2.038170211E2,2.280899571E-2,6.881091394E-4,1.629635342E-3,9.997382760E-1,1.773860549E2,1.884926027E-1,-7.457147495E-2,1.773859282E2
2.038220211E2,2.280371888E-2,6.934817648E-4,1.628073398E-3,9.997383952E-1,1.773866598E2,1.883273110E-1,-7.519204828E-2,1.773865321E2
2.038270211E2,2.280144873E-2,6.948045921E-4,1.622695010E-3,9.997384548E-1,1.773869200E2,1.877144383E-1,-7.535807482E-2,1.773867925E2
2.038320211E2,2.279891355E-2,6.966892397E-4,1.620784868E-3,9.997385144E-1,1.773872106E2,1.875003419E-1,-7.557944978E-2,1.773870828E2
2.038370211E2,2.279625951E-2,6.971618277E-4,1.621147152E-3,9.997385740E-1,1.773875148E2,1.875428800E-1,-7.563314157E-2,1.773873869E2
2.038420211E2,2.279086478E-2,7.011798443E-4,1.621750183E-3,9.997386932E-1,1.773881331E2,1.876220515E-1,-7.609288925E-2,1.773880045E2
2.038470211E2,2.279652183E-2,6.985533983E-4,1.616853755E-3,9.997385740E-1,1.773874847E2,1.870546754E-1,-7.580372913E-2,1.773873569E2
2.038520211E2,2.280206121E-2,6.940074963E-4,1.614408568E-3,9.997384548E-1,1.773868498E2,1.867630901E-1,-7.528829616E-2,1.773867230E2
2.038570211E2,2.279947797E-2,6.957744481E-4,1.613220666E-3,9.997385144E-1,1.773871459E2,1.866314242E-1,-7.549430733E-2,1.773870189E2
2.038620211E2,2.279972277E-2,6.948906812E-4,1.610138803E-3,9.997385144E-1,1.773871178E2,1.862760690E-1,-7.540106810E-2,1.773869912E2
2.038670211E2,2.281053797E-2,6.892289384E-4,1.607423997E-3,9.997382760E-1,1.773858782E2,1.859510699E-1,-7.475753115E-2,1.773857529E2
2.038720211E2,2.281024519E-2,6.887225900E-4,1.611789805E-3,9.997382760E-1,1.773859117E2,1.864498798E-1,-7.468816534E-2,1.773857862E2
2.038770211E2,2.280177620E-2,6.937075523E-4,1.618557610E-3,9.997384548E-1,1.773868824E2,1.872376073E-1,-7.524314579E-2,1.773867555E2
2.038820211E2,2.279950834E-2,6.965545472E-4,1.612454536E-3,9.997385144E-1,1.773871424E2,1.865456956E-1,-7.558567280E-2,1.773870153E2
2.038870211E2,2.279680381E-2,6.969791139E-4,1.613553963E-3,9.997385740E-1,1.773874524E2,1.866725528E-1,-7.563194431E-2,1.773873251E2
2.038920211E2,2.279674528E-2,6.969611859E-4,1.614388428E-3,9.997385740E-1,1.773874591E2,1.867680996E-1,-7.562772139E-2,1.773873318E2
2.038970211E2,2.280475240E-2,6.925949710E-4,1.613912988E-3,9.997383952E-1,1.773865413E2,1.867028263E-1,-7.512726735E-2,1.773864149E2
2.039020211E2,2.279960895E-2,6.953347474E-4,1.611558255E-3,9.997385144E-1,1.773871309E2,1.864398360E-1,-7.544825355E-2,1.773870041E2
2.039070211E2,2.280199130E-2,6.938063307E-4,1.615482033E-3,9.997384548E-1,1.773868578E2,1.868855375E-1,-7.526245834E-2,1.773867310E2
2.039120211E2,2.279386055E-2,6.993758725E-4,1.617163187E-3,9.997386336E-1,1.773877897E2,1.870920714E-1,-7.589764280E-2,1.773876618E2
2.039170211E2,2.278844316E-2,7.035160670E-4,1.618020236E-3,9.997387528E-1,1.773884107E2,1.872006586E-1,-7.637072602E-2,1.773882819E2
2.039220211E2,2.279147234E-2,7.020405028E-4,1.612814958E-3,9.997386932E-1,1.773880635E2,1.866007085E-1,-7.621471109E-2,1.773879353E2
2.039270211E2,2.279921411E-2,6.963433116E-4,1.616700436E-3,9.997385144E-1,1.773871761E2,1.870315401E-1,-7.555043482E-2,1.773870488E2
2.039320211E2,2.279929148E-2,6.956609432E-4,1.615902991E-3,9.997385144E-1,1.773871672E2,1.869384061E-1,-7.547433062E-2,1.773870401E2
2.039370211E2,2.279420572E-2,6.995167932E-4,1.612229506E-3,9.997386336E-1,1.773877502E2,1.865272533E-1,-7.592660986E-2,1.773876226E2
2.039420211E2,2.280485080E-2,6.928890944E-4,1.612395630E-3,9.997383952E-1,1.773865300E2,1.865297710E-1,-7.516490964E-2,1.773864037E2
2.039470211E2,2.280454790E-2,6.928736111E-4,1.616680529E-3,9.997383952E-1,1.773865648E2,1.870205942E-1,-7.515199448E-2,1.773864381E2
2.039520211E2,2.279677799E-2,6.982544437E-4,1.613367465E-3,9.997385740E-1,1.773874553E2,1.866545174E-1,-7.577854024E-2,1.773873279E2
2.039570211E2,2.279176517E-2,7.020690246E-4,1.608658931E-3,9.997386932E-1,1.773880299E2,1.861246825E-1,-7.622877896E-2,1.773879021E2
2.039620211E2,2.279179808E-2,7.006545784E-4,1.608809340E-3,9.997386932E-1,1.773880262E2,1.861382214E-1,-7.606633868E-2,1.773878986E2
2.039670211E2,2.279939343E-2,6.967809750E-4,1.613980858E-3,9.997385144E-1,1.773871556E2,1.867211370E-1,-7.560764629E-2,1.773870283E2
2.039720211E2,2.279953694E-2,6.963193300E-4,1.612151740E-3,9.997385144E-1,1.773871391E2,1.865103942E-1,-7.555951174E-2,1.773870121E2
2.039770211E2,2.280233511E-2,6.945690257E-4,1.610293170E-3,9.997384548E-1,1.773868184E2,1.862931100E-1,-7.536332860E-2,1.773866918E2
2.039820211E2,2.280497411E-2,6.928622024E-4,1.610662090E-3,9.997383952E-1,1.773865159E2,1.863311121E-1,-7.516633626E-2,1.773863897E2
2.039870211E2,2.280203893E-2,6.939372979E-4,1.614753390E-3,9.997384548E-1,1.773868523E2,1.868024085E-1,-7.527935724E-2,1.773867256E2
2.039920211E2,2.279679999E-2,6.980830221E-4,1.613130793E-3,9.997385740E-1,1.773874528E2,1.866269576E-1,-7.575951609E-2,1.773873254E2
2.039970211E2,2.280756558E-2,6.909702788E-4,1.611776999E-3,9.997383356E-1,1.773862189E2,1.864540878E-1,-7.494619742E-2,1.773860929E2
2.040020211E2,2.281531690E-2,6.857991684E-4,1.615190762E-3,9.997381568E-1,1.773853304E2,1.868322347E-1,-7.434341558E-2,1.773852052E2
2.040070211E2,2.280436827E-2,6.928780931E-4,1.619210467E-3,9.997383952E-1,1.773865853E2,1.873104271E-1,-7.514593001E-2,1.773864585E2
2.040120211E2,2.279942225E-2,6.955126883E-4,1.614120672E-3,9.997385144E-1,1.773871523E2,1.867338426E-1,-7.546197860E-2,1.773870253E2
2.040170211E2,2.280489801E-2,6.923179026E-4,1.611973159E-3,9.997383952E-1,1.773865246E2,1.864798825E-1,-7.510056825E-2,1.773863984E2
2.040220211E2,2.279677046E-2,6.968505331E-4,1.614080626E-3,9.997385740E-1,1.773874562E2,1.867325499E-1,-7.561584424E-2,1.773873290E2
2.040270211E2,2.279697852E-2,6.977978628E-4,1.610729261E-3,9.997385740E-1,1.773874324E2,1.863511018E-1,-7.573308837E-2,1.773873052E2
2.040320211E2,2.279736817E-2,6.978780148E-4,1.605170197E-3,9.997385740E-1,1.773873877E2,1.857144832E-1,-7.575672123E-2,1.773872609E2
2.040370211E2,2.280272522E-2,6.935144193E-4,1.605215482E-3,9.997384548E-1,1.773867737E2,1.857086734E-1,-7.525570713E-2,1.773866477E2
2.040420211E2,2.280251000E-2,6.931584212E-4,1.608423423E-3,9.997384548E-1,1.773867983E2,1.860752349E-1,-7.520658070E-2,1.773866722E2
2.040470211E2,2.279445471E-2,6.998323952E-4,1.608568127E-3,9.997386336E-1,1.773877216E2,1.861086418E-1,-7.597228348E-2,1.773875942E2
2.040520211E2,2.279458270E-2,6.993056159E-4,1.606982783E-3,9.997386336E-1,1.773877070E2,1.859256552E-1,-7.591605217E-2,1.773875798E2
2.040570211E2,2.280268226E-2,6.943286280E-4,1.605473808E-3,9.997384548E-1,1.773867786E2,1.857403923E-1,-7.534831716E-2,1.773866525E2
2.040620211E2,2.279977901E-2,6.956161233E-4,1.609028899E-3,9.997385144E-1,1.773871114E2,1.861508161E-1,-7.548706540E-2,1.773869847E2
2.040670211E2,2.279212843E-2,7.016347954E-4,1.603693934E-3,9.997386932E-1,1.773879883E2,1.855547759E-1,-7.619193348E-2,1.773878609E2
2.040720211E2,2.280066093E-2,6.958443555E-4,1.596383518E-3,9.997385144E-1,1.773870103E2,1.847027990E-1,-7.554608888E-2,1.773868846E2
2.040770211E2,2.281148564E-2,6.878619897E-4,1.594509231E-3,9.997382760E-1,1.773857695E2,1.844680261E-1,-7.463451595E-2,1.773856454E2
2.040820211E2,2.280581522E-2,6.926739588E-4,1.598790055E-3,9.997383952E-1,1.773864195E2,1.849705996E-1,-7.517564138E-2,1.773862942E2
2.040870211E2,2.278990144E-2,7.036605966E-4,1.597285271E-3,9.997387528E-1,1.773882435E2,1.848257079E-1,-7.644116324E-2,1.773881163E2
2.040920211E2,2.279797251E-2,6.972569972E-4,1.596835209E-3,9.997385740E-1,1.773873184E2,1.847580335E-1,-7.570724005E-2,1.773871924E2
2.040970211E2,2.279767653E-2,6.983021740E-4,1.600599615E-3,9.997385740E-1,1.773873524E2,1.851919998E-1,-7.581719721E-2,1.773872258E2
2.041020211E2,2.279565347E-2,6.985288928E-4,1.592062414E-3,9.997386336E-1,1.773875842E2,1.842143999E-1,-7.586584714E-2,1.773874583E2
2.041070211E2,2.280120351E-2,6.955892895E-4,1.588726649E-3,9.997385144E-1,1.773869481E2,1.838249874E-1,-7.553677491E-2,1.773868230E2
2.041120211E2,2.280667077E-2,6.918577128E-4,1.586895087E-3,9.997383952E-1,1.773863214E2,1.836058195E-1,-7.511306107E-2,1.773861972E2
2.041170211E2,2.280100670E-2,6.953162956E-4,1.591668115E-3,9.997385144E-1,1.773869706E2,1.841612394E-1,-7.549785062E-2,1.773868454E2
2.041220211E2,2.280099100E-2,6.951984833E-4,1.591944485E-3,9.997385144E-1,1.773869724E2,1.841925918E-1,-7.548363460E-2,1.773868472E2
2.041270211E2,2.280388522E-2,6.940478343E-4,1.588418498E-3,9.997384548E-1,1.773866407E2,1.837858590E-1,-7.536049547E-2,1.773865159E2
2.041320211E2,2.281222664E-2,6.869565696E-4,1.584265614E-3,9.997382760E-1,1.773856846E2,1.832921855E-1,-7.455743186E-2,1.773855614E2
2.041370211E2,2.282012864E-2,6.822451251E-4,1.585337683E-3,9.997380972E-1,1.773847789E2,1.834032709E-1,-7.401342895E-2,1.773846565E2
2.041420211E2,2.281738151E-2,6.838796544E-4,1.586586470E-3,9.997381568E-1,1.773850937E2,1.835504054E-1,-7.419792187E-2,1.773849710E2
2.041470211E2,2.282517140E-2,6.795949303E-4,1.589050866E-3,9.997379780E-1,1.773842009E2,1.838221009E-1,-7.369918079E-2,1.773840787E2
2.041520211E2,2.282205464E-2,6.800328847E-4,1.596114249E-3,9.997380376E-1,1.773845581E2,1.846322114E-1,-7.373145347E-2,1.773844354E2
2.041570211E2,2.282442968E-2,6.791094202E-4,1.599875512E-3,9.997379780E-1,1.773842859E2,1.850608684E-1,-7.361538328E-2,1.773841630E2
2.041620211E2,2.281383819E-2,6.857689586E-4,1.599117531E-3,9.997382164E-1,1.773854999E2,1.849906651E-1,-7.438225292E-2,1.773853758E2
2.041670211E2,2.282445054E-2,6.797667593E-4,1.599298557E-3,9.997379780E-1,1.773842835E2,1.849964925E-1,-7.369219431E-2,1.773841606E2
2.041720211E2,2.283234006E-2,6.728977896E-4,1.601365511E-3,9.997377992E-1,1.773833792E2,1.852158937E-1,-7.289840633E-2,1.773832574E2
2.041770211E2,2.282933585E-2,6.751614274E-4,1.606025849E-3,9.997378588E-1,1.773837235E2,1.857554945E-1,-7.314609652E-2,1.773836010E2
2.041820211E2,2.283207011E-2,6.736137439E-4,1.604909543E-3,9.997377992E-1,1.773834101E2,1.856237585E-1,-7.297120426E-2,1.773832879E2
2.041870211E2,2.283704788E-2,6.702246610E-4,1.609756029E-3,9.997376800E-1,1.773828396E2,1.861704742E-1,-7.256933793E-2,1.773827177E2
2.041920211E2,2.283652745E-2,6.694561453E-4,1.617440605E-3,9.997376800E-1,1.773828992E2,1.870487845E-1,-7.246128197E-2,1.773827769E2
2.041970211E2,2.283131862E-2,6.744783022E-4,1.615204150E-3,9.997377992E-1,1.773834963E2,1.868053357E-1,-7.304345410E-2,1.773833732E2
2.042020211E2,2.283156916E-2,6.740821409E-4,1.611824613E-3,9.997377992E-1,1.773834675E2,1.864171512E-1,-7.300686476E-2,1.773833448E2
2.042070211E2,2.283133520E-2,6.743390695E-4,1.615028013E-3,9.997377992E-1,1.773834944E2,1.867847940E-1,-7.302796113E-2,1.773833713E2
2.042120211E2,2.283375615E-2,6.725818384E-4,1.618427341E-3,9.997377396E-1,1.773832169E2,1.871698057E-1,-7.281730274E-2,1.773830939E2
2.042170211E2,2.282888927E-2,6.764246500E-4,1.611831831E-3,9.997378588E-1,1.773837747E2,1.864239112E-1,-7.327570708E-2,1.773836515E2
2.042220211E2,2.282914441E-2,6.757738884E-4,1.608487684E-3,9.997378588E-1,1.773837455E2,1.860391155E-1,-7.320985604E-2,1.773836226E2
2.042270211E2,2.282847291E-2,6.749351742E-4,1.618340029E-3,9.997378588E-1,1.773838224E2,1.871655754E-1,-7.308812209E-2,1.773836990E2
2.042320211E2,2.282590008E-2,6.780330441E-4,1.616513589E-3,9.997379184E-1,1.773841173E2,1.869642510E-1,-7.344827817E-2,1.773839935E2
2.042370211E2,2.281843553E-2,6.829393096E-4,1.609229366E-3,9.997380972E-1,1.773849729E2,1.861420386E-1,-7.403079143E-2,1.773848487E2
2.042420211E2,2.282640273E-2,6.766300648E-4,1.609990490E-3,9.997379184E-1,1.773840597E2,1.862133188E-1,-7.330452005E-2,1.773839366E2
2.042470211E2,2.282095191E-2,6.803189171E-4,1.611683401E-3,9.997380376E-1,1.773846845E2,1.864165104E-1,-7.372370876E-2,1.773845606E2
2.042520211E2,2.281573499E-2,6.852252409E-4,1.609518658E-3,9.997381568E-1,1.773852825E2,1.861809578E-1,-7.429241779E-2,1.773851578E2
2.042570211E2,2.281618115E-2,6.851386279E-4,1.603218610E-3,9.997381568E-1,1.773852313E2,1.854590188E-1,-7.429888472E-2,1.773851071E2
2.042620211E2,2.282682190E-2,6.771996268E-4,1.603796147E-3,9.997379184E-1,1.773840117E2,1.855052038E-1,-7.338589559E-2,1.773838889E2
2.042670211E2,2.282683185E-2,6.773225032E-4,1.603602665E-3,9.997379184E-1,1.773840105E2,1.854833603E-1,-7.340047679E-2,1.773838878E2
2.042720211E2,2.282160778E-2,6.806298625E-4,1.602237346E-3,9.997380376E-1,1.773846093E2,1.853352136E-1,-7.378391303E-2,1.773844860E2
2.042770211E2,2.282721644E-2,6.770475884E-4,1.598235103E-3,9.997379184E-1,1.773839665E2,1.848677512E-1,-7.338295194E-2,1.773838441E2
2.042820211E2,2.283231921E-2,6.738965749E-4,1.601242693E-3,9.997377992E-1,1.773833816E2,1.852044355E-1,-7.301315394E-2,1.773832596E2
2.042870211E2,2.283226492E-2,6.739913952E-4,1.601976808E-3,9.997377992E-1,1.773833878E2,1.852887813E-1,-7.302210594E-2,1.773832658E2
2.042920211E2,2.282183801E-2,6.802071002E-4,1.599134644E-3,9.997380376E-1,1.773845829E2,1.849786735E-1,-7.374355259E-2,1.773844599E2
2.042970211E2,2.282713730E-2,6.772362976E-4,1.599285170E-3,9.997379184E-1,1.773839755E2,1.849885367E-1,-7.340183851E-2,1.773838531E2
2.043020211E2,2.282713680E-2,6.776055088E-4,1.599135925E-3,9.997379184E-1,1.773839756E2,1.849724048E-1,-7.344452643E-2,1.773838531E2
2.043070211E2,2.282680044E-2,6.770514301E-4,1.604164019E-3,9.997379184E-1,1.773840141E2,1.855469587E-1,-7.336795962E-2,1.773838914E2
2.043120211E2,2.282756775E-2,6.764846621E-4,1.593448687E-3,9.997379184E-1,1.773839262E2,1.843179633E-1,-7.333091840E-2,1.773838043E2
2.043170211E2,2.283045202E-2,6.741844700E-4,1.590494649E-3,9.997378588E-1,1.773835956E2,1.839737360E-1,-7.307460169E-2,1.773834744E2
2.043220211E2,2.283538429E-2,6.717644283E-4,1.595634851E-3,9.997377396E-1,1.773830302E2,1.845566343E-1,-7.278299910E-2,1.773829091E2
2.043270211E2,2.283242945E-2,6.742200931E-4,1.599533716E-3,9.997377992E-1,1.773833689E2,1.850095065E-1,-7.305466785E-2,1.773832470E2
2.043320211E2,2.283257227E-2,6.731495960E-4,1.597945113E-3,9.997377992E-1,1.773833526E2,1.848247222E-1,-7.293616027E-2,1.773832310E2
2.043370211E2,2.284299638E-2,6.667866837E-4,1.600793330E-3,9.997375607E-1,1.773821577E2,1.851351219E-1,-7.219783230E-2,1.773820372E2
2.043420211E2,2.284807168E-2,6.626419490E-4,1.604527817E-3,9.997374415E-1,1.773815760E2,1.855524649E-1,-7.171228728E-2,1.773814559E2
2.043470211E2,2.283729736E-2,6.694957265E-4,1.606516773E-3,9.997376800E-1,1.773828110E2,1.857974891E-1,-7.249426103E-2,1.773826895E2
2.043520211E2,2.282970742E-2,6.757416413E-4,1.600490534E-3,9.997378588E-1,1.773836809E2,1.851229035E-1,-7.322697929E-2,1.773835587E2
2.043570211E2,2.283466825E-2,6.717297365E-4,1.605863799E-3,9.997377396E-1,1.773831123E2,1.857283391E-1,-7.275238997E-2,1.773829904E2
2.043620211E2,2.282951832E-2,6.753646303E-4,1.603344455E-3,9.997378588E-1,1.773837026E2,1.854488539E-1,-7.317635691E-2,1.773835802E2
2.043670211E2,2.282386936E-2,6.787969032E-4,1.607981161E-3,9.997379780E-1,1.773843501E2,1.859886085E-1,-7.355848384E-2,1.773842267E2
2.043720211E2,2.282911277E-2,6.748134620E-4,1.609339728E-3,9.997378588E-1,1.773837491E2,1.861342120E-1,-7.309760490E-2,1.773836264E2
2.043770211E2,2.283174641E-2,6.746072322E-4,1.609091763E-3,9.997377992E-1,1.773834472E2,1.861054577E-1,-7.307413735E-2,1.773833246E2
2.043820211E2,2.283170103E-2,6.740678800E-4,1.609961502E-3,9.997377992E-1,1.773834524E2,1.862036820E-1,-7.301008115E-2,1.773833298E2
2.043870211E2,2.282660811E-2,6.771077751E-4,1.606874866E-3,9.997379184E-1,1.773840362E2,1.858576518E-1,-7.336735908E-2,1.773839132E2
2.043920211E2,2.282123196E-2,6.808052422E-4,1.607507118E-3,9.997380376E-1,1.773846524E2,1.859393599E-1,-7.379029272E-2,1.773845287E2
2.043970211E2,2.281857916E-2,6.830968196E-4,1.607124461E-3,9.997380972E-1,1.773849565E2,1.859013191E-1,-7.405431348E-2,1.773848323E2
2.044020211E2,2.281878769E-2,6.823277799E-4,1.604488236E-3,9.997380972E-1,1.773849326E2,1.855973123E-1,-7.397306595E-2,1.773848088E2
2.044070211E2,2.281879545E-2,6.829790073E-4,1.604100689E-3,9.997380972E-1,1.773849317E2,1.855546179E-1,-7.404868357E-2,1.773848078E2
2.044120211E2,2.282418876E-2,6.796403904E-4,1.603083801E-3,9.997379780E-1,1.773843135E2,1.854297874E-1,-7.366786511E-2,1.773841903E2
2.044170211E2,2.282410876E-2,6.795601221E-4,1.604256453E-3,9.997379780E-1,1.773843227E2,1.855639128E-1,-7.365561712E-2,1.773841994E2
2.044220211E2,2.282675451E-2,6.769780884E-4,1.604848425E-3,9.997379184E-1,1.773840194E2,1.856251702E-1,-7.335777568E-2,1.773838966E2
2.044270211E2,2.283218271E-2,6.731176982E-4,1.603515120E-3,9.997377992E-1,1.773833972E2,1.854627210E-1,-7.291800409E-2,1.773832752E2
2.044320211E2,2.283753694E-2,6.706960849E-4,1.602605684E-3,9.997376800E-1,1.773827835E2,1.853525865E-1,-7.264196717E-2,1.773826621E2
2.044370211E2,2.283724043E-2,6.692754105E-4,1.607417711E-3,9.997376800E-1,1.773828175E2,1.859001216E-1,-7.246667404E-2,1.773826960E2
2.044420211E2,2.283189848E-2,6.730819587E-4,1.607572078E-3,9.997377992E-1,1.773834298E2,1.859273795E-1,-7.290334755E-2,1.773833075E2
2.044470211E2,2.283729781E-2,6.705513806E-4,1.606070087E-3,9.997376800E-1,1.773828109E2,1.857490790E-1,-7.261636732E-2,1.773826892E2
2.044520211E2,2.284226604E-2,6.672937307E-4,1.610971405E-3,9.997375607E-1,1.773822414E2,1.863024159E-1,-7.222941292E-2,1.773821200E2
2.044570211E2,2.284206615E-2,6.669160794E-4,1.613959321E-3,9.997375607E-1,1.773822644E2,1.866437140E-1,-7.217836459E-2,1.773821428E2
2.044620211E2,2.283689520E-2,6.705789128E-4,1.611773274E-3,9.997376800E-1,1.773828571E2,1.864024897E-1,-7.260467079E-2,1.773827350E2
2.044670211E2,2.284216239E-2,6.659437204E-4,1.612998429E-3,9.997375607E-1,1.773822533E2,1.865310938E-1,-7.206946697E-2,1.773821320E2
2.044720211E2,2.284190183E-2,6.663064123E-4,1.616534544E-3,9.997375607E-1,1.773822832E2,1.869371285E-1,-7.210180994E-2,1.773821616E2
2.044770211E2,2.283384638E-2,6.715300842E-4,1.617590897E-3,9.997377396E-1,1.773832065E2,1.870712353E-1,-7.269898398E-2,1.773830838E2
2.044820211E2,2.283940030E-2,6.692717434E-4,1.613790169E-3,9.997376204E-1,1.773825699E2,1.866303093E-1,-7.244917349E-2,1.773824479E2
2.044870211E2,2.284991402E-2,6.615981110E-4,1.615821384E-3,9.997373819E-1,1.773813648E2,1.868436755E-1,-7.156278913E-2,1.773812441E2
2.044920211E2,2.285252727E-2,6.596054882E-4,1.616557245E-3,9.997373223E-1,1.773810653E2,1.869229453E-1,-7.133209578E-2,1.773809449E2
2.044970211E2,2.285265293E-2,6.588595570E-4,1.615084358E-3,9.997373223E-1,1.773810509E2,1.867522640E-1,-7.125047455E-2,1.773809308E2
2.045020211E2,2.284986272E-2,6.606405368E-4,1.616938272E-3,9.997373819E-1,1.773813707E2,1.869691170E-1,-7.145017297E-2,1.773812501E2
2.045070211E2,2.285536645E-2,6.576148444E-4,1.614089357E-3,9.997372627E-1,1.773807399E2,1.866352078E-1,-7.110997759E-2,1.773806201E2
2.045120211E2,2.285539577E-2,6.569891120E-4,1.613929053E-3,9.997372627E-1,1.773807365E2,1.866152061E-1,-7.103870715E-2,1.773806168E2
2.045170211E2,2.285005465E-2,6.617032341E-4,1.613788307E-3,9.997373819E-1,1.773813487E2,1.866110477E-1,-7.158012961E-2,1.773812282E2
2.045220211E2,2.285271763E-2,6.589568220E-4,1.614128938E-3,9.997373223E-1,1.773810435E2,1.866430687E-1,-7.126410740E-2,1.773809234E2
2.045270211E2,2.284724437E-2,6.626271061E-4,1.616271446E-3,9.997374415E-1,1.773816708E2,1.868977387E-1,-7.167999293E-2,1.773815499E2
2.045320211E2,2.284219517E-2,6.669403519E-4,1.612122171E-3,9.997375607E-1,1.773822496E2,1.864333195E-1,-7.218593022E-2,1.773821281E2
2.045370211E2,2.283688202E-2,6.699886872E-4,1.612205408E-3,9.997376800E-1,1.773828586E2,1.864504500E-1,-7.253592517E-2,1.773827366E2
2.045420211E2,2.285003686E-2,6.614492158E-4,1.614144305E-3,9.997373819E-1,1.773813507E2,1.866511650E-1,-7.155010002E-2,1.773812302E2
2.045470211E2,2.285272828E-2,6.596796447E-4,1.613682834E-3,9.997373223E-1,1.773810422E2,1.865938561E-1,-7.134808134E-2,1.773809221E2
2.045520211E2,2.285041436E-2,6.600598572E-4,1.609361963E-3,9.997373819E-1,1.773813075E2,1.860996797E-1,-7.140338551E-2,1.773811875E2
2.045570211E2,2.284777607E-2,6.620318745E-4,1.608982915E-3,9.997374415E-1,1.773816099E2,1.860612305E-1,-7.163078637E-2,1.773814896E2
2.045620211E2,2.285040447E-2,6.611312856E-4,1.609062543E-3,9.997373819E-1,1.773813086E2,1.860681827E-1,-7.152691586E-2,1.773811885E2
2.045670211E2,2.284783058E-2,6.629272830E-4,1.607839717E-3,9.997374415E-1,1.773816036E2,1.859326122E-1,-7.173634879E-2,1.773814833E2
2.045720211E2,2.284282474E-2,6.655280013E-4,1.603763667E-3,9.997375607E-1,1.773821774E2,1.854721017E-1,-7.204589199E-2,1.773820568E2
2.045770211E2,2.284521268E-2,6.636768230E-4,1.607667888E-3,9.997375011E-1,1.773819037E2,1.859147017E-1,-7.182315397E-2,1.773817832E2
2.045820211E2,2.284496160E-2,6.644566893E-4,1.610910404E-3,9.997375011E-1,1.773819325E2,1.862881942E-1,-7.190405453E-2,1.773818116E2
2.045870211E2,2.283962824E-2,6.690457813E-4,1.610654872E-3,9.997376204E-1,1.773825438E2,1.862705488E-1,-7.243145056E-2,1.773824221E2
2.045920211E2,2.283721670E-2,6.705202395E-4,1.607235987E-3,9.997376800E-1,1.773828202E2,1.858825593E-1,-7.260976357E-2,1.773826985E2
2.045970211E2,2.284225392E-2,6.661357475E-4,1.611622283E-3,9.997375607E-1,1.773822428E2,1.863739493E-1,-7.209505108E-2,1.773821216E2
2.046020211E2,2.285018049E-2,6.604711525E-4,1.612510765E-3,9.997373819E-1,1.773813343E2,1.864614726E-1,-7.144230233E-2,1.773812141E2
2.046070211E2,2.284485650E-2,6.654571625E-4,1.611987478E-3,9.997375011E-1,1.773819445E2,1.864141978E-1,-7.201587012E-2,1.773818234E2
2.046120211E2,2.284760285E-2,6.620159256E-4,1.611447311E-3,9.997374415E-1,1.773816297E2,1.863435022E-1,-7.162253903E-2,1.773815093E2
2.046170211E2,2.284485760E-2,6.653882447E-4,1.612000400E-3,9.997375011E-1,1.773819444E2,1.864154978E-1,-7.200794075E-2,1.773818233E2
2.046220211E2,2.284480080E-2,6.647380651E-4,1.613073284E-3,9.997375011E-1,1.773819509E2,1.865367029E-1,-7.193065703E-2,1.773818298E2
2.046270211E2,2.284190845E-2,6.665643887E-4,1.616334659E-3,9.997375607E-1,1.773822824E2,1.869149052E-1,-7.213188609E-2,1.773821608E2
2.046320211E2,2.283937967E-2,6.678273785E-4,1.614680281E-3,9.997376204E-1,1.773825723E2,1.867285000E-1,-7.228137898E-2,1.773824505E2
2.046370211E2,2.284224722E-2,6.660001236E-4,1.611773274E-3,9.997375607E-1,1.773822436E2,1.863908916E-1,-7.207911981E-2,1.773821224E2
2.046420211E2,2.284447610E-2,6.656541373E-4,1.617288450E-3,9.997375011E-1,1.773819881E2,1.870219753E-1,-7.202462931E-2,1.773818666E2
2.046470211E2,2.284168363E-2,6.661631051E-4,1.619673800E-3,9.997375607E-1,1.773823082E2,1.872963767E-1,-7.207721596E-2,1.773821864E2
2.046520211E2,2.283903832E-2,6.681313971E-4,1.619376009E-3,9.997376204E-1,1.773826114E2,1.872672226E-1,-7.230398150E-2,1.773824892E2
2.046570211E2,2.284428766E-2,6.649257266E-4,1.620247145E-3,9.997375011E-1,1.773820097E2,1.873590083E-1,-7.193347120E-2,1.773818881E2
2.046620211E2,2.283909041E-2,6.676926278E-4,1.618822222E-3,9.997376204E-1,1.773826054E2,1.872026349E-1,-7.225515508E-2,1.773824834E2
2.046670211E2,2.283905539E-2,6.686698762E-4,1.618912909E-3,9.997376204E-1,1.773826095E2,1.872155797E-1,-7.236687936E-2,1.773824872E2
2.046720211E2,2.284447403E-2,6.641638465E-4,1.617930247E-3,9.997375011E-1,1.773819884E2,1.870915989E-1,-7.185221956E-2,1.773818670E2
2.046770211E2,2.284972357E-2,6.618796615E-4,1.618397189E-3,9.997373819E-1,1.773813867E2,1.871394882E-1,-7.158833479E-2,1.773812657E2
2.046820211E2,2.283365970E-2,6.719470257E-4,1.620050985E-3,9.997377396E-1,1.773832279E2,1.873541453E-1,-7.274034713E-2,1.773831050E2
2.046870211E2,2.282562548E-2,6.769176107E-4,1.620852738E-3,9.997379184E-1,1.773841488E2,1.874584140E-1,-7.330919359E-2,1.773840248E2
2.046920211E2,2.282529144E-2,6.770233158E-4,1.625505858E-3,9.997379184E-1,1.773841871E2,1.879917364E-1,-7.330919473E-2,1.773840628E2
2.046970211E2,2.281965464E-2,6.821018760E-4,1.629202976E-3,9.997380376E-1,1.773848332E2,1.884281541E-1,-7.388239436E-2,1.773847076E2
2.047020211E2,2.281418208E-2,6.862056325E-4,1.630970510E-3,9.997381568E-1,1.773854605E2,1.886409719E-1,-7.434893759E-2,1.773853340E2
2.047070211E2,2.282250195E-2,6.805708399E-4,1.626532874E-3,9.997379780E-1,1.773845068E2,1.881184679E-1,-7.371344317E-2,1.773843818E2
2.047120211E2,2.283082856E-2,6.740397075E-4,1.622298732E-3,9.997377992E-1,1.773835524E2,1.876169211E-1,-7.297473768E-2,1.773834289E2
2.047170211E2,2.282542006E-2,6.777049857E-4,1.623414457E-3,9.997379184E-1,1.773841724E2,1.877539342E-1,-7.339273426E-2,1.773840481E2
2.047220211E2,2.282284539E-2,6.790775806E-4,1.622332726E-3,9.997379780E-1,1.773844675E2,1.876334102E-1,-7.355329361E-2,1.773843430E2
2.047270211E2,2.282336652E-2,6.793992943E-4,1.614849432E-3,9.997379780E-1,1.773844077E2,1.867769896E-1,-7.360962434E-2,1.773842837E2
2.047320211E2,2.282837856E-2,6.752101472E-4,1.619555755E-3,9.997378588E-1,1.773838332E2,1.873055638E-1,-7.311646067E-2,1.773837097E2
2.047370211E2,2.283375035E-2,6.727556465E-4,1.618437003E-3,9.997377396E-1,1.773832175E2,1.871713671E-1,-7.283719027E-2,1.773830945E2
2.047420211E2,2.282883774E-2,6.754301721E-4,1.612978289E-3,9.997378588E-1,1.773837806E2,1.865526460E-1,-7.315878848E-2,1.773836575E2
2.047470211E2,2.283429179E-2,6.727773580E-4,1.610770822E-3,9.997377396E-1,1.773831555E2,1.862932111E-1,-7.285963663E-2,1.773830330E2
2.047520211E2,2.283166170E-2,6.735514035E-4,1.610735198E-3,9.997377992E-1,1.773834569E2,1.862909638E-1,-7.294889578E-2,1.773833343E2
2.047570211E2,2.281866582E-2,6.826891913E-4,1.606066944E-3,9.997380972E-1,1.773849465E2,1.857791083E-1,-7.401036419E-2,1.773848226E2
2.047620211E2,2.281330429E-2,6.859358400E-4,1.606645063E-3,9.997382164E-1,1.773855611E2,1.858534304E-1,-7.438179039E-2,1.773854365E2
2.047670211E2,2.282110590E-2,6.811799831E-4,1.609137282E-3,9.997380376E-1,1.773846669E2,1.861270854E-1,-7.382898382E-2,1.773845429E2
2.047720211E2,2.281822435E-2,6.830276689E-4,1.612183638E-3,9.997380972E-1,1.773849971E2,1.864807011E-1,-7.403322818E-2,1.773848727E2
2.047770211E2,2.281332778E-2,6.859477144E-4,1.606306410E-3,9.997382164E-1,1.773855584E2,1.858146665E-1,-7.438403172E-2,1.773854338E2
2.047820211E2,2.281873097E-2,6.833475782E-4,1.604860765E-3,9.997380972E-1,1.773849391E2,1.856426527E-1,-7.408893203E-2,1.773848151E2
2.047870211E2,2.282359770E-2,6.795597728E-4,1.611510990E-3,9.997379780E-1,1.773843812E2,1.863949680E-1,-7.363669758E-2,1.773842575E2
2.047920211E2,2.281560922E-2,6.842092262E-4,1.611732179E-3,9.997381568E-1,1.773852969E2,1.864318770E-1,-7.417025746E-2,1.773851722E2
2.047970211E2,2.281038975E-2,6.888657226E-4,1.609681407E-3,9.997382760E-1,1.773858951E2,1.862087226E-1,-7.471004725E-2,1.773857697E2
2.048020211E2,2.280534241E-2,6.918968866E-4,1.605855185E-3,9.997383952E-1,1.773864737E2,1.857779283E-1,-7.506824198E-2,1.773863480E2
2.048070211E2,2.280264364E-2,6.932886899E-4,1.606471371E-3,9.997384548E-1,1.773867830E2,1.858519544E-1,-7.522658058E-2,1.773866570E2
2.048120211E2,2.280255504E-2,6.938705337E-4,1.607477549E-3,9.997384548E-1,1.773867932E2,1.859687380E-1,-7.529062477E-2,1.773866670E2
2.048170211E2,2.279476016E-2,7.000563783E-4,1.604136080E-3,9.997386336E-1,1.773876866E2,1.856015059E-1,-7.600946396E-2,1.773875595E2
2.048220211E2,2.279220215E-2,7.012988790E-4,1.602792996E-3,9.997386932E-1,1.773879798E2,1.854506907E-1,-7.615578984E-2,1.773878526E2
2.048270211E2,2.279484860E-2,6.989029353E-4,1.603382174E-3,9.997386336E-1,1.773876765E2,1.855121304E-1,-7.587927658E-2,1.773875497E2
2.048320211E2,2.279220497E-2,7.008800749E-4,1.602936070E-3,9.997386932E-1,1.773879795E2,1.854659878E-1,-7.610743672E-2,1.773878523E2
2.048370211E2,2.278707359E-2,7.039729389E-4,1.600183547E-3,9.997388124E-1,1.773885677E2,1.851583398E-1,-7.646990012E-2,1.773884401E2
2.048420211E2,2.278963022E-2,7.031998248E-4,1.601352706E-3,9.997387528E-1,1.773882746E2,1.852904573E-1,-7.637780395E-2,1.773881471E2
2.048470211E2,2.278418310E-2,7.058538613E-4,1.603271812E-3,9.997388721E-1,1.773888990E2,1.855168282E-1,-7.667785360E-2,1.773887708E2
2.048520211E2,2.278451696E-2,7.058304036E-4,1.598530565E-3,9.997388721E-1,1.773888607E2,1.849736257E-1,-7.668748390E-2,1.773887329E2
2.048570211E2,2.278710669E-2,7.052212022E-4,1.599162119E-3,9.997388124E-1,1.773885639E2,1.850445854E-1,-7.661556442E-2,1.773884362E2
2.048620211E2,2.279265805E-2,7.017082535E-4,1.596116694E-3,9.997386932E-1,1.773879276E2,1.846869442E-1,-7.622004224E-2,1.773878008E2
2.048670211E2,2.278742852E-2,7.037980831E-4,1.595198293E-3,9.997388124E-1,1.773885270E2,1.845867895E-1,-7.646282099E-2,1.773883999E2
2.048720211E2,2.278505087E-2,7.070387946E-4,1.590365660E-3,9.997388721E-1,1.773887995E2,1.840414341E-1,-7.684713986E-2,1.773886722E2
2.048770211E2,2.279040428E-2,7.022278151E-4,1.590727712E-3,9.997387528E-1,1.773881859E2,1.840707569E-1,-7.629405493E-2,1.773880594E2
2.048820211E2,2.279312153E-2,7.000836194E-4,1.590200583E-3,9.997386932E-1,1.773878745E2,1.840049741E-1,-7.604928890E-2,1.773877484E2
2.048870211E2,2.279299294E-2,7.008748944E-4,1.591694541E-3,9.997386932E-1,1.773878892E2,1.841781821E-1,-7.613606010E-2,1.773877629E2
2.048920211E2,2.278798224E-2,7.045128732E-4,1.586951432E-3,9.997388124E-1,1.773884635E2,1.836439216E-1,-7.656614249E-2,1.773883369E2
2.048970211E2,2.278799436E-2,7.045550738E-4,1.586758648E-3,9.997388124E-1,1.773884621E2,1.836219470E-1,-7.657147828E-2,1.773883355E2
2.049020211E2,2.278781496E-2,7.052623550E-4,1.589019201E-3,9.997388124E-1,1.773884827E2,1.838827540E-1,-7.664663530E-2,1.773883558E2
2.049070211E2,2.279346899E-2,7.006534142E-4,1.584960613E-3,9.997386932E-1,1.773878346E2,1.834061875E-1,-7.612818875E-2,1.773877089E2
2.049120211E2,2.278801103E-2,7.038838812E-4,1.586817205E-3,9.997388124E-1,1.773884602E2,1.836269038E-1,-7.649442936E-2,1.773883337E2
2.049170211E2,2.279549291E-2,6.996675511E-4,1.593860332E-3,9.997386336E-1,1.773876026E2,1.844233356E-1,-7.599162660E-2,1.773874764E2
2.049220211E2,2.279785043E-2,6.968604866E-4,1.598750008E-3,9.997385740E-1,1.773873324E2,1.849763515E-1,-7.565683515E-2,1.773872063E2
2.049270211E2,2.278979720E-2,7.037525647E-4,1.598731382E-3,9.997387528E-1,1.773882555E2,1.849916096E-1,-7.644794180E-2,1.773881281E2
2.049320211E2,2.278196656E-2,7.081700605E-4,1.596567105E-3,9.997389317E-1,1.773891531E2,1.847546009E-1,-7.696111694E-2,1.773890250E2
2.049370211E2,2.278458650E-2,7.069553831E-4,1.597041613E-3,9.997388721E-1,1.773888528E2,1.848059914E-1,-7.682023831E-2,1.773887249E2
2.049420211E2,2.277647857E-2,7.127207937E-4,1.598195289E-3,9.997390509E-1,1.773897821E2,1.849525857E-1,-7.747922111E-2,1.773896530E2
2.049470211E2,2.277385232E-2,7.142680697E-4,1.597644761E-3,9.997391105E-1,1.773900831E2,1.848933510E-1,-7.765840234E-2,1.773899538E2
2.049520211E2,2.278210204E-2,7.074465393E-4,1.594953821E-3,9.997389317E-1,1.773891375E2,1.845679011E-1,-7.688241600E-2,1.773890097E2
2.049570211E2,2.279007853E-2,7.026592502E-4,1.595197944E-3,9.997387528E-1,1.773882232E2,1.845839777E-1,-7.633186602E-2,1.773880963E2
2.049620211E2,2.278714748E-2,7.048997795E-4,1.598722534E-3,9.997388124E-1,1.773885592E2,1.849933894E-1,-7.657988205E-2,1.773884316E2
2.049670211E2,2.279006615E-2,7.026424864E-4,1.595382229E-3,9.997387528E-1,1.773882247E2,1.846050450E-1,-7.632946652E-2,1.773880977E2
2.049720211E2,2.279001525E-2,7.028774126E-4,1.596005750E-3,9.997387528E-1,1.773882305E2,1.846770865E-1,-7.635476102E-2,1.773881035E2
2.049770211E2,2.279512222E-2,6.998415920E-4,1.599076902E-3,9.997386336E-1,1.773876451E2,1.850213829E-1,-7.599800636E-2,1.773875184E2
2.049820211E2,2.279020568E-2,7.025965024E-4,1.593408058E-3,9.997387528E-1,1.773882087E2,1.843787706E-1,-7.632932868E-2,1.773880819E2
2.049870211E2,2.278511046E-2,7.056741742E-4,1.590117929E-3,9.997388721E-1,1.773887927E2,1.840094945E-1,-7.669144254E-2,1.773886656E2
2.049920211E2,2.278529768E-2,7.055062451E-4,1.587507548E-3,9.997388721E-1,1.773887712E2,1.837100199E-1,-7.667898589E-2,1.773886444E2
2.049970211E2,2.278760517E-2,7.051959401E-4,1.592054381E-3,9.997388124E-1,1.773885067E2,1.842302808E-1,-7.663113921E-2,1.773883796E2
2.050020211E2,2.278240311E-2,7.074563764E-4,1.590643078E-3,9.997389317E-1,1.773891030E2,1.840741025E-1,-7.689474187E-2,1.773889755E2
2.050070211E2,2.278010217E-2,7.095397450E-4,1.585197751E-3,9.997389913E-1,1.773893668E2,1.834555370E-1,-7.714805500E-2,1.773892393E2
2.050120211E2,2.277997970E-2,7.096764748E-4,1.586895552E-3,9.997389913E-1,1.773893808E2,1.836503881E-1,-7.715930932E-2,1.773892532E2
2.050170211E2,2.277972769E-2,7.102498203E-4,1.590253087E-3,9.997389913E-1,1.773894097E2,1.840365115E-1,-7.721627421E-2,1.773892817E2
2.050220211E2,2.277439654E-2,7.130580489E-4,1.590411062E-3,9.997391105E-1,1.773900207E2,1.840615276E-1,-7.753855876E-2,1.773898922E2
2.050270211E2,2.277459810E-2,7.135375054E-4,1.587306731E-3,9.997391105E-1,1.773899976E2,1.837071561E-1,-7.760155103E-2,1.773898693E2
2.050320211E2,2.278248336E-2,7.077945047E-4,1.589342835E-3,9.997389317E-1,1.773890938E2,1.839260331E-1,-7.693685833E-2,1.773889664E2
2.050370211E2,2.278784460E-2,7.043341175E-4,1.589005929E-3,9.997388124E-1,1.773884793E2,1.838788116E-1,-7.654032405E-2,1.773883525E2
2.050420211E2,2.279086505E-2,7.029469707E-4,1.583793550E-3,9.997387528E-1,1.773881331E2,1.832782789E-1,-7.639446821E-2,1.773880070E2
2.050470211E2,2.279351939E-2,7.000502083E-4,1.584502286E-3,9.997386932E-1,1.773878289E2,1.833521087E-1,-7.606027241E-2,1.773877032E2
2.050520211E2,2.279364753E-2,6.997330347E-4,1.582798199E-3,9.997386932E-1,1.773878142E2,1.831560662E-1,-7.602836421E-2,1.773876887E2
2.050570211E2,2.278843243E-2,7.046515238E-4,1.580411801E-3,9.997388124E-1,1.773884119E2,1.828951249E-1,-7.659902204E-2,1.773882858E2
2.050620211E2,2.278595497E-2,7.061503129E-4,1.577757066E-3,9.997388721E-1,1.773886959E2,1.825947173E-1,-7.677811113E-2,1.773885697E2
2.050670211E2,2.278823396E-2,7.042459329E-4,1.583451522E-3,9.997388124E-1,1.773884347E2,1.832422869E-1,-7.654465503E-2,1.773883084E2
2.050720211E2,2.278260403E-2,7.082647062E-4,1.587402308E-3,9.997389317E-1,1.773890800E2,1.837049594E-1,-7.699576959E-2,1.773889526E2
2.050770211E2,2.277791977E-2,7.113141473E-4,1.578156604E-3,9.997390509E-1,1.773896169E2,1.826533524E-1,-7.737011346E-2,1.773894897E2
2.050820211E2,2.278056261E-2,7.093243767E-4,1.578663825E-3,9.997389913E-1,1.773893140E2,1.827064703E-1,-7.714035496E-2,1.773891871E2
2.050870211E2,2.278307613E-2,7.087077829E-4,1.580413547E-3,9.997389317E-1,1.773890259E2,1.829055060E-1,-7.706468927E-2,1.773888990E2
2.050920211E2,2.278301290E-2,7.078555063E-4,1.581706456E-3,9.997389317E-1,1.773890331E2,1.830513939E-1,-7.696368697E-2,1.773889063E2
2.050970211E2,2.278064660E-2,7.092184387E-4,1.577498973E-3,9.997389913E-1,1.773893044E2,1.825727524E-1,-7.713124414E-2,1.773891776E2
2.051020211E2,2.278053437E-2,7.103902753E-4,1.578591997E-3,9.997389913E-1,1.773893172E2,1.827010222E-1,-7.726265879E-2,1.773891901E2
2.051070211E2,2.278034017E-2,7.103022654E-4,1.581431599E-3,9.997389913E-1,1.773893395E2,1.830260881E-1,-7.724519874E-2,1.773892122E2
2.051120211E2,2.278851733E-2,7.048620610E-4,1.579093165E-3,9.997388124E-1,1.773884022E2,1.827446156E-1,-7.662656961E-2,1.773882761E2
2.051170211E2,2.277788672E-2,7.109869039E-4,1.578780939E-3,9.997390509E-1,1.773896207E2,1.827240207E-1,-7.733100023E-2,1.773894935E2
2.051220211E2,2.278060347E-2,7.089751889E-4,1.578230993E-3,9.997389913E-1,1.773893093E2,1.826559756E-1,-7.710147390E-2,1.773891825E2
2.051270211E2,2.278037491E-2,7.099892246E-4,1.581071643E-3,9.997389913E-1,1.773893355E2,1.829840362E-1,-7.721026958E-2,1.773892083E2
2.051320211E2,2.278049894E-2,7.097594789E-4,1.579386881E-3,9.997389913E-1,1.773893213E2,1.827904361E-1,-7.718832505E-2,1.773891942E2
2.051370211E2,2.278050635E-2,7.096974296E-4,1.579307951E-3,9.997389913E-1,1.773893204E2,1.827812323E-1,-7.718142127E-2,1.773891934E2
2.051420211E2,2.277760207E-2,7.111880113E-4,1.582792145E-3,9.997390509E-1,1.773896533E2,1.831840557E-1,-7.734362121E-2,1.773895257E2
2.051470211E2,2.277198991E-2,7.147277938E-4,1.586650033E-3,9.997391701E-1,1.773902966E2,1.836348274E-1,-7.774010551E-2,1.773901681E2
2.051520211E2,2.276660332E-2,7.199464599E-4,1.586478087E-3,9.997392893E-1,1.773909140E2,1.836283269E-1,-7.833940296E-2,1.773907845E2
2.051570211E2,2.275869228E-2,7.243333966E-4,1.585305901E-3,9.997394681E-1,1.773918208E2,1.835048615E-1,-7.884648835E-2,1.773916906E2
2.051620211E2,2.276669463E-2,7.182552363E-4,1.585934195E-3,9.997392893E-1,1.773909035E2,1.835616117E-1,-7.814705570E-2,1.773907744E2
2.051670211E2,2.277427634E-2,7.133946056E-4,1.591980690E-3,9.997391105E-1,1.773900345E2,1.842422165E-1,-7.757304088E-2,1.773899058E2
2.051720211E2,2.277925881E-2,7.101463270E-4,1.597001450E-3,9.997389913E-1,1.773894634E2,1.848093114E-1,-7.718688795E-2,1.773893349E2
2.051770211E2,2.277690100E-2,7.119133370E-4,1.592524815E-3,9.997390509E-1,1.773897337E2,1.843008895E-1,-7.740144027E-2,1.773896052E2
2.051820211E2,2.278230948E-2,7.083599921E-4,1.591581735E-3,9.997389317E-1,1.773891137E2,1.841839891E-1,-7.699582822E-2,1.773889860E2
2.051870211E2,2.277673551E-2,7.119003567E-4,1.594895730E-3,9.997390509E-1,1.773897526E2,1.845724596E-1,-7.739379528E-2,1.773896240E2
2.051920211E2,2.277646901E-2,7.119338261E-4,1.598682255E-3,9.997390509E-1,1.773897832E2,1.850063184E-1,-7.738779549E-2,1.773896543E2
2.051970211E2,2.277946863E-2,7.093311870E-4,1.594368718E-3,9.997389913E-1,1.773894394E2,1.845055882E-1,-7.710033799E-2,1.773893113E2
2.052020211E2,2.278744137E-2,7.052261499E-4,1.594383852E-3,9.997388124E-1,1.773885255E2,1.844972160E-1,-7.662854715E-2,1.773883982E2
2.052070211E2,2.278188521E-2,7.090013823E-4,1.597358729E-3,9.997389317E-1,1.773891624E2,1.848474553E-1,-7.705430288E-2,1.773890341E2
2.052120211E2,2.277681695E-2,7.120174705E-4,1.593680005E-3,9.997390509E-1,1.773897433E2,1.844334957E-1,-7.741037024E-2,1.773896147E2
2.052170211E2,2.278292103E-2,7.084074896E-4,1.582782250E-3,9.997389317E-1,1.773890437E2,1.831760733E-1,-7.702413118E-2,1.773889166E2
2.052220211E2,2.278784887E-2,7.037810865E-4,1.589189749E-3,9.997388124E-1,1.773884788E2,1.838984264E-1,-7.647648708E-2,1.773883521E2
2.052270211E2,2.277959259E-2,7.092132000E-4,1.592649263E-3,9.997389913E-1,1.773894252E2,1.843083056E-1,-7.709128694E-2,1.773892972E2
2.052320211E2,2.277681184E-2,7.123624091E-4,1.593598863E-3,9.997390509E-1,1.773897439E2,1.844251000E-1,-7.745009973E-2,1.773896153E2
2.052370211E2,2.278758207E-2,7.045672392E-4,1.592663233E-3,9.997388124E-1,1.773885094E2,1.842983884E-1,-7.655752848E-2,1.773883823E2
2.052420211E2,2.278468802E-2,7.060822682E-4,1.595979091E-3,9.997388721E-1,1.773888411E2,1.846819944E-1,-7.672296834E-2,1.773887135E2
2.052470211E2,2.277673269E-2,7.120041992E-4,1.594889676E-3,9.997390509E-1,1.773897530E2,1.845720370E-1,-7.740570797E-2,1.773896243E2
2.052520211E2,2.278266308E-2,7.082975935E-4,1.586539904E-3,9.997389317E-1,1.773890732E2,1.836062509E-1,-7.700177796E-2,1.773889459E2
2.052570211E2,2.279333679E-2,7.002920029E-4,1.587020233E-3,9.997386932E-1,1.773878498E2,1.836411875E-1,-7.608142928E-2,1.773877239E2
2.052620211E2,2.279016534E-2,7.030055276E-4,1.593804569E-3,9.997387528E-1,1.773882133E2,1.844252609E-1,-7.637515917E-2,1.773880864E2
2.052670211E2,2.278234794E-2,7.073972956E-4,1.591459382E-3,9.997389317E-1,1.773891093E2,1.841674614E-1,-7.688585243E-2,1.773889818E2
2.052720211E2,2.279330244E-2,7.012905553E-4,1.587072620E-3,9.997386932E-1,1.773878537E2,1.836497950E-1,-7.619569458E-2,1.773877277E2
2.052770211E2,2.280075987E-2,6.958150771E-4,1.594982576E-3,9.997385144E-1,1.773869989E2,1.845422353E-1,-7.554637694E-2,1.773868733E2
2.052820211E2,2.279283664E-2,7.008074317E-4,1.593960798E-3,9.997386932E-1,1.773879071E2,1.844376210E-1,-7.612244080E-2,1.773877806E2
2.052870211E2,2.279323091E-2,7.007722743E-4,1.588328392E-3,9.997386932E-1,1.773878619E2,1.837922994E-1,-7.613305245E-2,1.773877359E2
2.052920211E2,2.280339701E-2,6.941540050E-4,1.595365698E-3,9.997384548E-1,1.773866967E2,1.845819848E-1,-7.535459385E-2,1.773865713E2
2.052970211E2,2.280584196E-2,6.919399020E-4,1.598726492E-3,9.997383952E-1,1.773864164E2,1.849614012E-1,-7.509170781E-2,1.773862913E2
2.053020211E2,2.279283935E-2,7.014006260E-4,1.593661029E-3,9.997386932E-1,1.773879068E2,1.844048285E-1,-7.619118062E-2,1.773877802E2
2.053070211E2,2.279575569E-2,6.995823351E-4,1.590135042E-3,9.997386336E-1,1.773875725E2,1.839963562E-1,-7.599154733E-2,1.773874466E2
2.053120211E2,2.279261877E-2,7.005679072E-4,1.597178285E-3,9.997386932E-1,1.773879321E2,1.848055804E-1,-7.608663668E-2,1.773878054E2
2.053170211E2,2.278216750E-2,7.083556848E-4,1.593614696E-3,9.997389317E-1,1.773891300E2,1.844168670E-1,-7.699005331E-2,1.773890021E2
2.053220211E2,2.278803177E-2,7.045411039E-4,1.586227561E-3,9.997388124E-1,1.773884579E2,1.835610711E-1,-7.657125790E-2,1.773883313E2
2.053270211E2,2.279326593E-2,7.004552754E-4,1.587965642E-3,9.997386932E-1,1.773878579E2,1.837499166E-1,-7.609767761E-2,1.773877319E2
2.053320211E2,2.278203313E-2,7.076987531E-4,1.595825888E-3,9.997389317E-1,1.773891454E2,1.846684601E-1,-7.690904600E-2,1.773890175E2
2.053370211E2,2.277976657E-2,7.098073838E-4,1.589893596E-3,9.997389913E-1,1.773894052E2,1.839941754E-1,-7.716651923E-2,1.773892774E2
2.053420211E2,2.278522744E-2,7.069376879E-4,1.587878913E-3,9.997388721E-1,1.773887793E2,1.837562968E-1,-7.684201761E-2,1.773886521E2
2.053470211E2,2.278984693E-2,7.034091977E-4,1.598173403E-3,9.997387528E-1,1.773882498E2,1.849267934E-1,-7.641005315E-2,1.773881225E2
2.053520211E2,2.279240116E-2,7.013785653E-4,1.599925570E-3,9.997386932E-1,1.773879570E2,1.851224160E-1,-7.617237148E-2,1.773878300E2
2.053570211E2,2.279842295E-2,6.972951815E-4,1.590374392E-3,9.997385740E-1,1.773872668E2,1.840180033E-1,-7.572841102E-2,1.773871413E2
2.053620211E2,2.279512680E-2,7.000072510E-4,1.598939183E-3,9.997386336E-1,1.773876446E2,1.850060386E-1,-7.601734344E-2,1.773875179E2
2.053670211E2,2.279434896E-2,6.998262834E-4,1.610068604E-3,9.997386336E-1,1.773877338E2,1.862805155E-1,-7.596768348E-2,1.773876062E2
2.053720211E2,2.279740195E-2,6.982662599E-4,1.604521414E-3,9.997385740E-1,1.773873838E2,1.856411743E-1,-7.580288791E-2,1.773872570E2
2.053770211E2,2.279283240E-2,7.001591730E-4,1.594306319E-3,9.997386932E-1,1.773879076E2,1.844755108E-1,-7.604727349E-2,1.773877812E2
2.053820211E2,2.278419464E-2,7.072341978E-4,1.602499280E-3,9.997388721E-1,1.773888977E2,1.854319307E-1,-7.683800221E-2,1.773887693E2
2.053870211E2,2.279153823E-2,7.017275202E-4,1.612019842E-3,9.997386932E-1,1.773880559E2,1.865088058E-1,-7.618091971E-2,1.773879279E2
2.053920211E2,2.279455979E-2,6.992805284E-4,1.607318642E-3,9.997386336E-1,1.773877096E2,1.859640645E-1,-7.591230504E-2,1.773875824E2
2.053970211E2,2.279769066E-2,6.972638657E-4,1.600851072E-3,9.997385740E-1,1.773873507E2,1.852180954E-1,-7.569758734E-2,1.773872244E2
2.054020211E2,2.279433266E-2,6.988871028E-4,1.610707142E-3,9.997386336E-1,1.773877356E2,1.863512129E-1,-7.585842447E-2,1.773876082E2
2.054070211E2,2.280768093E-2,6.906323833E-4,1.610288979E-3,9.997383356E-1,1.773862056E2,1.862827427E-1,-7.491135529E-2,1.773860798E2
2.054120211E2,2.280311987E-2,6.933257682E-4,1.599681331E-3,9.997384548E-1,1.773867284E2,1.850742067E-1,-7.524848336E-2,1.773866029E2
2.054170211E2,2.279246206E-2,7.003496867E-4,1.599508571E-3,9.997386932E-1,1.773879500E2,1.850719606E-1,-7.605557935E-2,1.773878232E2
2.054220211E2,2.280007758E-2,6.952456897E-4,1.604953082E-3,9.997385144E-1,1.773870771E2,1.856829370E-1,-7.545522173E-2,1.773869509E2
2.054270211E2,2.280790515E-2,6.901144516E-4,1.607332379E-3,9.997383356E-1,1.773861799E2,1.859426917E-1,-7.485970614E-2,1.773860545E2
2.054320211E2,2.280018002E-2,6.947877118E-4,1.603695564E-3,9.997385144E-1,1.773870654E2,1.855376842E-1,-7.540602170E-2,1.773869393E2
2.054370211E2,2.280813500E-2,6.894195103E-4,1.604366349E-3,9.997383356E-1,1.773861536E2,1.856010982E-1,-7.478780225E-2,1.773860285E2
2.054420211E2,2.281826856E-2,6.828693440E-4,1.611624844E-3,9.997380972E-1,1.773849921E2,1.864162738E-1,-7.401654318E-2,1.773848677E2
2.054470211E2,2.281073245E-2,6.874793326E-4,1.605412108E-3,9.997382760E-1,1.773858559E2,1.857160245E-1,-7.456231649E-2,1.773857310E2
2.054520211E2,2.281383340E-2,6.864799070E-4,1.598880859E-3,9.997382164E-1,1.773855004E2,1.849654100E-1,-7.446431995E-2,1.773853763E2
2.054570211E2,2.280813414E-2,6.905751070E-4,1.603881479E-3,9.997383356E-1,1.773861537E2,1.855485712E-1,-7.492145677E-2,1.773860284E2
2.054620211E2,2.280506531E-2,6.915158592E-4,1.609949279E-3,9.997383952E-1,1.773865054E2,1.862459391E-1,-7.501394286E-2,1.773863795E2
2.054670211E2,2.280610851E-2,6.921027671E-4,1.594848931E-3,9.997383952E-1,1.773863859E2,1.845176258E-1,-7.512045065E-2,1.773862610E2
2.054720211E2,2.281163669E-2,6.878062850E-4,1.592370914E-3,9.997382760E-1,1.773857522E2,1.842229220E-1,-7.463369634E-2,1.773856283E2
2.054770211E2,2.281299775E-2,6.871169899E-4,1.610488398E-3,9.997382164E-1,1.773855962E2,1.862967958E-1,-7.450711414E-2,1.773854711E2
2.054820211E2,2.281302927E-2,6.869371864E-4,1.610118547E-3,9.997382164E-1,1.773855926E2,1.862539571E-1,-7.448747660E-2,1.773854675E2
2.054870211E2,2.282172724E-2,6.804465665E-4,1.600612886E-3,9.997380376E-1,1.773845956E2,1.851486418E-1,-7.376714067E-2,1.773844725E2
2.054920211E2,2.282385034E-2,6.799762486E-4,1.607752871E-3,9.997379780E-1,1.773843523E2,1.859655386E-1,-7.369419215E-2,1.773842287E2
2.054970211E2,2.281759913E-2,6.830502534E-4,1.620998955E-3,9.997380972E-1,1.773850688E2,1.874906137E-1,-7.401288155E-2,1.773849437E2
2.055020211E2,2.282351404E-2,6.799688563E-4,1.612522989E-3,9.997379780E-1,1.773843908E2,1.865119684E-1,-7.368093153E-2,1.773842669E2
2.055070211E2,2.282162472E-2,6.807575119E-4,1.601941884E-3,9.997380376E-1,1.773846074E2,1.853017001E-1,-7.379930633E-2,1.773844841E2
2.055120211E2,2.281593681E-2,6.846847828E-4,1.606885577E-3,9.997381568E-1,1.773852593E2,1.858779086E-1,-7.423734902E-2,1.773851349E2
2.055170211E2,2.281575313E-2,6.856713444E-4,1.609071507E-3,9.997381568E-1,1.773852804E2,1.861308992E-1,-7.434468987E-2,1.773851556E2
2.055220211E2,2.282447930E-2,6.787522580E-4,1.599319046E-3,9.997379780E-1,1.773842802E2,1.849961880E-1,-7.357591253E-2,1.773841575E2
2.055270211E2,2.281649445E-2,6.851810031E-4,1.598735456E-3,9.997381568E-1,1.773851954E2,1.849455540E-1,-7.431540330E-2,1.773850715E2
2.055320211E2,2.280790336E-2,6.898734136E-4,1.607461250E-3,9.997383356E-1,1.773861801E2,1.859568253E-1,-7.483175594E-2,1.773860547E2
2.055370211E2,2.282125723E-2,6.806240417E-4,1.607225160E-3,9.997380376E-1,1.773846495E2,1.859065862E-1,-7.377026680E-2,1.773845258E2
2.055420211E2,2.282176654E-2,6.803487777E-4,1.600094023E-3,9.997380376E-1,1.773845911E2,1.850889470E-1,-7.375728753E-2,1.773844680E2
2.055470211E2,2.281318995E-2,6.866289768E-4,1.607971964E-3,9.997382164E-1,1.773855742E2,1.860072466E-1,-7.445774955E-2,1.773854493E2
2.055520211E2,2.281582937E-2,6.855535903E-4,1.608040300E-3,9.997381568E-1,1.773852717E2,1.860124599E-1,-7.433388180E-2,1.773851470E2
2.055570211E2,2.282655956E-2,6.772958441E-4,1.607485116E-3,9.997379184E-1,1.773840417E2,1.859280516E-1,-7.338731726E-2,1.773839187E2
2.055620211E2,2.281605534E-2,6.850610371E-4,1.605041209E-3,9.997381568E-1,1.773852458E2,1.856676069E-1,-7.428525367E-2,1.773851214E2
2.055670211E2,2.281606985E-2,6.850404898E-4,1.604843652E-3,9.997381568E-1,1.773852441E2,1.856449218E-1,-7.428341358E-2,1.773851198E2
2.055720211E2,2.282422139E-2,6.795147783E-4,1.602672390E-3,9.997379780E-1,1.773843097E2,1.853823292E-1,-7.365454482E-2,1.773841866E2
2.055770211E2,2.282424168E-2,6.795992958E-4,1.602347591E-3,9.997379780E-1,1.773843074E2,1.853453422E-1,-7.366507306E-2,1.773841843E2
2.055820211E2,2.281643752E-2,6.836170214E-4,1.600216841E-3,9.997381568E-1,1.773852019E2,1.851111704E-1,-7.413236822E-2,1.773850782E2
2.055870211E2,2.281887940E-2,6.826696917E-4,1.603037817E-3,9.997380972E-1,1.773849221E2,1.854320505E-1,-7.401601170E-2,1.773847983E2
2.055920211E2,2.281613794E-2,6.851694779E-4,1.603820245E-3,9.997381568E-1,1.773852363E2,1.855280206E-1,-7.430085390E-2,1.773851120E2
2.055970211E2,2.280826842E-2,6.904719630E-4,1.602015342E-3,9.997383356E-1,1.773861383E2,1.853345232E-1,-7.491449315E-2,1.773860132E2
2.056020211E2,2.281374755E-2,6.856034161E-4,1.600481104E-3,9.997382164E-1,1.773855103E2,1.851464391E-1,-7.435973996E-2,1.773853862E2
2.056070211E2,2.282107865E-2,6.806937163E-4,1.609729370E-3,9.997380376E-1,1.773846700E2,1.861936424E-1,-7.377173295E-2,1.773845461E2
2.056120211E2,2.281797139E-2,6.832432700E-4,1.615668763E-3,9.997380972E-1,1.773850261E2,1.868805089E-1,-7.404886181E-2,1.773849013E2
2.056170211E2,2.282369574E-2,6.789020845E-4,1.610399340E-3,9.997379780E-1,1.773843700E2,1.862659021E-1,-7.356424105E-2,1.773842464E2
2.056220211E2,2.283435518E-2,6.726165884E-4,1.609939151E-3,9.997377396E-1,1.773831482E2,1.861975171E-1,-7.284338309E-2,1.773830259E2
2.056270211E2,2.281803965E-2,6.822019932E-4,1.615144662E-3,9.997380972E-1,1.773850183E2,1.868177488E-1,-7.393092919E-2,1.773848938E2
2.056320211E2,2.282323969E-2,6.791221094E-4,1.616757479E-3,9.997379780E-1,1.773844223E2,1.869948447E-1,-7.357290285E-2,1.773842982E2
2.056370211E2,2.282588702E-2,6.781092379E-4,1.616665977E-3,9.997379184E-1,1.773841188E2,1.869819072E-1,-7.345661088E-2,1.773839949E2
2.056420211E2,2.282056701E-2,6.817635731E-4,1.616515685E-3,9.997380376E-1,1.773847286E2,1.869738561E-1,-7.387664534E-2,1.773846041E2
2.056470211E2,2.282273282E-2,6.802218850E-4,1.623436576E-3,9.997379780E-1,1.773844804E2,1.877628542E-1,-7.368152102E-2,1.773843556E2
2.056520211E2,2.282512809E-2,6.781524280E-4,1.627327991E-3,9.997379184E-1,1.773842058E2,1.882034252E-1,-7.343381217E-2,1.773840811E2
2.056570211E2,2.281975928E-2,6.822338328E-4,1.627681428E-3,9.997380376E-1,1.773848212E2,1.882541954E-1,-7.390147078E-2,1.773846957E2
2.056620211E2,2.281745906E-2,6.824696902E-4,1.623213524E-3,9.997380972E-1,1.773850849E2,1.877427905E-1,-7.394060688E-2,1.773849597E2
2.056670211E2,2.282545911E-2,6.778441602E-4,1.622807118E-3,9.997379184E-1,1.773841679E2,1.876847232E-1,-7.341025961E-2,1.773840436E2
2.056720211E2,2.282776892E-2,6.764130667E-4,1.627626712E-3,9.997378588E-1,1.773839031E2,1.882332907E-1,-7.323326962E-2,1.773837788E2
2.056770211E2,2.281744773E-2,6.841017166E-4,1.622685813E-3,9.997380972E-1,1.773850862E2,1.876866019E-1,-7.412895641E-2,1.773849607E2
2.056820211E2,2.282280410E-2,6.804934819E-4,1.622320269E-3,9.997379780E-1,1.773844722E2,1.876356837E-1,-7.371554183E-2,1.773843474E2
2.056870211E2,2.283332873E-2,6.719538360E-4,1.624706318E-3,9.997377396E-1,1.773832659E2,1.878874627E-1,-7.272900805E-2,1.773831426E2
2.056920211E2,2.281991574E-2,6.816574605E-4,1.625728095E-3,9.997380376E-1,1.773848033E2,1.880289220E-1,-7.384051936E-2,1.773846780E2
2.056970211E2,2.281787931E-2,6.825269083E-4,1.617271104E-3,9.997380972E-1,1.773850367E2,1.870621960E-1,-7.396262158E-2,1.773849119E2
2.057020211E2,2.282066306E-2,6.814856315E-4,1.615276444E-3,9.997380376E-1,1.773847176E2,1.868311664E-1,-7.384802679E-2,1.773845932E2
2.057070211E2,2.282025040E-2,6.820327835E-4,1.620865893E-3,9.997380376E-1,1.773847649E2,1.874729050E-1,-7.389616934E-2,1.773846400E2
2.057120211E2,2.282074997E-2,6.812221254E-4,1.614159322E-3,9.997380376E-1,1.773847076E2,1.867025041E-1,-7.382074437E-2,1.773845834E2
2.057170211E2,2.282658467E-2,6.774637150E-4,1.607057755E-3,9.997379184E-1,1.773840389E2,1.858795333E-1,-7.340766205E-2,1.773839158E2
2.057220211E2,2.282066689E-2,6.817849353E-4,1.615096000E-3,9.997380376E-1,1.773847172E2,1.868112775E-1,-7.388278669E-2,1.773845927E2
2.057270211E2,2.282042901E-2,6.804545410E-4,1.619013492E-3,9.997380376E-1,1.773847444E2,1.872565759E-1,-7.372017421E-2,1.773846199E2
2.057320211E2,2.283102932E-2,6.744568818E-4,1.619297196E-3,9.997377992E-1,1.773835294E2,1.872741657E-1,-7.303034528E-2,1.773834060E2
2.057370211E2,2.282562785E-2,6.774021313E-4,1.620616880E-3,9.997379184E-1,1.773841485E2,1.874326614E-1,-7.336531752E-2,1.773840245E2
2.057420211E2,2.282252760E-2,6.794161745E-4,1.626655692E-3,9.997379780E-1,1.773845039E2,1.881295199E-1,-7.358083684E-2,1.773843790E2
2.057470211E2,2.283333242E-2,6.715227501E-4,1.624832628E-3,9.997377396E-1,1.773832654E2,1.879008053E-1,-7.267929097E-2,1.773831422E2
2.057520211E2,2.283100889E-2,6.740778335E-4,1.619743067E-3,9.997377992E-1,1.773835318E2,1.873242522E-1,-7.298575818E-2,1.773834084E2
2.057570211E2,2.282533947E-2,6.773074856E-4,1.624712953E-3,9.997379184E-1,1.773841816E2,1.879016466E-1,-7.334381466E-2,1.773840573E2
2.057620211E2,2.284086383E-2,6.666997797E-4,1.630974701E-3,9.997375607E-1,1.773824022E2,1.885923749E-1,-7.210927174E-2,1.773822794E2
2.057670211E2,2.284927626E-2,6.619391497E-4,1.624676166E-3,9.997373819E-1,1.773814379E2,1.878589432E-1,-7.157879234E-2,1.773813165E2
2.057720211E2,2.283091928E-2,6.736266077E-4,1.621193253E-3,9.997377992E-1,1.773835420E2,1.874892010E-1,-7.293028764E-2,1.773834187E2
2.057770211E2,2.283877851E-2,6.682258099E-4,1.622997224E-3,9.997376204E-1,1.773826412E2,1.876823041E-1,-7.230536860E-2,1.773825187E2
2.057820211E2,2.285445782E-2,6.579391775E-4,1.626773272E-3,9.997372627E-1,1.773808440E2,1.880890854E-1,-7.111408347E-2,1.773807232E2
2.057870211E2,2.284407390E-2,6.651477306E-4,1.623167191E-3,9.997375011E-1,1.773820342E2,1.876941000E-1,-7.195130009E-2,1.773819123E2
2.057920211E2,2.284159048E-2,6.673936150E-4,1.620480674E-3,9.997375607E-1,1.773823189E2,1.873920283E-1,-7.221609045E-2,1.773821968E2
2.057970211E2,2.285171913E-2,6.592227728E-4,1.628096332E-3,9.997373223E-1,1.773811579E2,1.882438245E-1,-7.125818458E-2,1.773810368E2
2.058020211E2,2.284138536E-2,6.665010005E-4,1.623735996E-3,9.997375607E-1,1.773823424E2,1.877626125E-1,-7.210534863E-2,1.773822202E2
2.058070211E2,2.283377601E-2,6.717187935E-4,1.618505688E-3,9.997377396E-1,1.773832146E2,1.871765243E-1,-7.271822225E-2,1.773830918E2
2.058120211E2,2.283649251E-2,6.699144142E-4,1.617744099E-3,9.997376800E-1,1.773829032E2,1.870847503E-1,-7.251299425E-2,1.773827808E2
2.058170211E2,2.284460697E-2,6.644781097E-4,1.615922898E-3,9.997375011E-1,1.773819731E2,1.868624655E-1,-7.189345224E-2,1.773818519E2
2.058220211E2,2.283953568E-2,6.677939091E-4,1.612485852E-3,9.997376204E-1,1.773825544E2,1.864770258E-1,-7.228325910E-2,1.773824328E2
2.058270211E2,2.283948325E-2,6.676384946E-4,1.613292727E-3,9.997376204E-1,1.773825604E2,1.865690522E-1,-7.226335250E-2,1.773824388E2
2.058320211E2,2.283945231E-2,6.676843623E-4,1.613711589E-3,9.997376204E-1,1.773825640E2,1.866171557E-1,-7.226751664E-2,1.773824423E2
2.058370211E2,2.284233688E-2,6.669007707E-4,1.610129490E-3,9.997375607E-1,1.773822333E2,1.862049408E-1,-7.218658548E-2,1.773821120E2
2.058420211E2,2.284478467E-2,6.645523827E-4,1.613378176E-3,9.997375011E-1,1.773819528E2,1.865711446E-1,-7.190858979E-2,1.773818317E2
2.058470211E2,2.283399818E-2,6.713334005E-4,1.615528483E-3,9.997377396E-1,1.773831891E2,1.868344576E-1,-7.268181993E-2,1.773830666E2
2.058520211E2,2.282614489E-2,6.769011961E-4,1.613528351E-3,9.997379184E-1,1.773840893E2,1.866193134E-1,-7.332637493E-2,1.773839659E2
2.058570211E2,2.283674006E-2,6.699835649E-4,1.614217181E-3,9.997376800E-1,1.773828748E2,1.866808988E-1,-7.253009997E-2,1.773827527E2
2.058620211E2,2.283117977E-2,6.743739359E-4,1.617209171E-3,9.997377992E-1,1.773835122E2,1.870347515E-1,-7.302627776E-2,1.773833890E2
2.058670211E2,2.281802452E-2,6.827101461E-4,1.615143730E-3,9.997380972E-1,1.773850200E2,1.868189699E-1,-7.398914925E-2,1.773848954E2
2.058720211E2,2.282605364E-2,6.783964927E-4,1.614191104E-3,9.997379184E-1,1.773840997E2,1.866991446E-1,-7.349596186E-2,1.773839760E2
2.058770211E2,2.282851193E-2,6.759774406E-4,1.617354341E-3,9.997378588E-1,1.773838180E2,1.870553828E-1,-7.321009709E-2,1.773836944E2
2.058820211E2,2.281274235E-2,6.875143154E-4,1.613932895E-3,9.997382164E-1,1.773856255E2,1.866924238E-1,-7.454367511E-2,1.773855000E2
2.058870211E2,2.280487866E-2,6.922122557E-4,1.612292253E-3,9.997383952E-1,1.773865268E2,1.865161610E-1,-7.508763487E-2,1.773864006E2
2.058920211E2,2.282328456E-2,6.792108761E-4,1.616086578E-3,9.997379780E-1,1.773844171E2,1.869182205E-1,-7.358481844E-2,1.773842931E2
2.058970211E2,2.281512763E-2,6.844477030E-4,1.618434326E-3,9.997381568E-1,1.773853521E2,1.872002759E-1,-7.418014445E-2,1.773852269E2
2.059020211E2,2.279615874E-2,6.978195161E-4,1.622280804E-3,9.997385740E-1,1.773875263E2,1.876744642E-1,-7.570554480E-2,1.773873983E2
2.059070211E2,2.280118094E-2,6.936328136E-4,1.626953599E-3,9.997384548E-1,1.773869507E2,1.881992284E-1,-7.521275675E-2,1.773868231E2
2.059120211E2,2.280625033E-2,6.903394824E-4,1.630549086E-3,9.997383356E-1,1.773863696E2,1.886029079E-1,-7.482511616E-2,1.773862424E2
2.059170211E2,2.280079409E-2,6.948086666E-4,1.631865976E-3,9.997384548E-1,1.773869950E2,1.887650437E-1,-7.533470161E-2,1.773868668E2
2.059220211E2,2.280369653E-2,6.920674932E-4,1.628987957E-3,9.997383952E-1,1.773866623E2,1.884283868E-1,-7.502764128E-2,1.773865349E2
2.059270211E2,2.280937982E-2,6.884398172E-4,1.624110155E-3,9.997382760E-1,1.773860109E2,1.878605194E-1,-7.462372775E-2,1.773858845E2
2.059320211E2,2.280654345E-2,6.907366333E-4,1.626275363E-3,9.997383356E-1,1.773863360E2,1.881143617E-1,-7.488172878E-2,1.773862090E2
2.059370211E2,2.280664214E-2,6.911649252E-4,1.624708646E-3,9.997383356E-1,1.773863247E2,1.879360024E-1,-7.493487077E-2,1.773861977E2
2.059420211E2,2.281719911E-2,6.829027552E-4,1.626681769E-3,9.997380972E-1,1.773851147E2,1.881412326E-1,-7.398119958E-2,1.773849891E2
2.059470211E2,2.281736210E-2,6.839382695E-4,1.623958233E-3,9.997380972E-1,1.773850960E2,1.878319390E-1,-7.410692059E-2,1.773849704E2
2.059520211E2,2.281987038E-2,6.812270149E-4,1.626545098E-3,9.997380376E-1,1.773848085E2,1.881213903E-1,-7.378907882E-2,1.773846833E2
2.059570211E2,2.281975499E-2,6.824505981E-4,1.627650694E-3,9.997380376E-1,1.773848217E2,1.882512411E-1,-7.392638494E-2,1.773846962E2
2.059620211E2,2.280938829E-2,6.892371457E-4,1.623652992E-3,9.997382760E-1,1.773860099E2,1.878102309E-1,-7.471626438E-2,1.773858834E2
2.059670211E2,2.280710647E-2,6.904224283E-4,1.618494396E-3,9.997383356E-1,1.773862715E2,1.872221797E-1,-7.486596360E-2,1.773861451E2
2.059720211E2,2.281516698E-2,6.850783830E-4,1.617612550E-3,9.997381568E-1,1.773853476E2,1.871077836E-1,-7.425453737E-2,1.773852223E2
2.059770211E2,2.280178789E-2,6.949304952E-4,1.617868198E-3,9.997384548E-1,1.773868811E2,1.871618237E-1,-7.538504739E-2,1.773867539E2
2.059820211E2,2.278092128E-2,7.078375784E-4,1.611559186E-3,9.997389317E-1,1.773892729E2,1.864711758E-1,-7.688408156E-2,1.773891437E2
2.059870211E2,2.278878386E-2,7.029421395E-4,1.613464789E-3,9.997387528E-1,1.773883716E2,1.866773043E-1,-7.631680884E-2,1.773882433E2
2.059920211E2,2.278813115E-2,7.037488394E-4,1.622307696E-3,9.997387528E-1,1.773884465E2,1.876924228E-1,-7.638625471E-2,1.773883173E2
2.059970211E2,2.277497596E-2,7.132908795E-4,1.619216288E-3,9.997390509E-1,1.773899543E2,1.873621661E-1,-7.748994526E-2,1.773898235E2
2.060020211E2,2.278114980E-2,7.088422426E-4,1.607883140E-3,9.997389317E-1,1.773892467E2,1.860526811E-1,-7.700873188E-2,1.773891176E2
2.060070211E2,2.279160702E-2,7.012674469E-4,1.611247193E-3,9.997386932E-1,1.773880481E2,1.864190931E-1,-7.613021816E-2,1.773879202E2
2.060120211E2,2.278340880E-2,7.073031738E-4,1.613603206E-3,9.997388721E-1,1.773889877E2,1.867041388E-1,-7.681705853E-2,1.773888585E2
2.060170211E2,2.278925252E-2,7.038858603E-4,1.606418518E-3,9.997387528E-1,1.773883179E2,1.858725700E-1,-7.644323751E-2,1.773881899E2
2.060220211E2,2.279767292E-2,6.975413417E-4,1.600982738E-3,9.997385740E-1,1.773873528E2,1.852339030E-1,-7.572903475E-2,1.773872264E2
2.060270211E2,2.278683369E-2,7.042972138E-4,1.603453653E-3,9.997388124E-1,1.773885952E2,1.855337983E-1,-7.649855476E-2,1.773884673E2
2.060320211E2,2.278139862E-2,7.086385158E-4,1.604443765E-3,9.997389317E-1,1.773892182E2,1.856581466E-1,-7.699432542E-2,1.773890894E2
2.060370211E2,2.277897689E-2,7.111774758E-4,1.600559801E-3,9.997389913E-1,1.773894957E2,1.852196335E-1,-7.729578145E-2,1.773893668E2
2.060420211E2,2.277661560E-2,7.113714819E-4,1.596843009E-3,9.997390509E-1,1.773897664E2,1.847941541E-1,-7.732814594E-2,1.773896377E2
2.060470211E2,2.278165804E-2,7.075236063E-4,1.601249096E-3,9.997389317E-1,1.773891884E2,1.852892677E-1,-7.687489170E-2,1.773890601E2
2.060520211E2,2.278138478E-2,7.082201191E-4,1.604825025E-3,9.997389317E-1,1.773892197E2,1.857007310E-1,-7.694540041E-2,1.773890910E2
2.060570211E2,2.277352974E-2,7.131610764E-4,1.602729433E-3,9.997391105E-1,1.773901201E2,1.854729472E-1,-7.751837304E-2,1.773899906E2
2.060620211E2,2.277869217E-2,7.101898082E-4,1.605044235E-3,9.997389913E-1,1.773895284E2,1.857307791E-1,-7.717097925E-2,1.773893993E2
2.060670211E2,2.277315362E-2,7.136804052E-4,1.607834478E-3,9.997391105E-1,1.773901632E2,1.860591179E-1,-7.756461514E-2,1.773900332E2
2.060720211E2,2.275703488E-2,7.259013364E-4,1.608215971E-3,9.997394681E-1,1.773920108E2,1.861334461E-1,-7.896667135E-2,1.773918784E2
2.060770211E2,2.276289596E-2,7.216582308E-4,1.601268537E-3,9.997393489E-1,1.773913390E2,1.853269270E-1,-7.849760544E-2,1.773912080E2
2.060820211E2,2.277591400E-2,7.116781780E-4,1.606683247E-3,9.997390509E-1,1.773898468E2,1.859222183E-1,-7.733772765E-2,1.773897173E2
2.060870211E2,2.276493648E-2,7.202784764E-4,1.610070933E-3,9.997392893E-1,1.773911051E2,1.863319081E-1,-7.831619639E-2,1.773909737E2
2.060920211E2,2.275724592E-2,7.252814830E-4,1.605506986E-3,9.997394681E-1,1.773919866E2,1.858214991E-1,-7.890268539E-2,1.773918546E2
2.060970211E2,2.277065250E-2,7.161925314E-4,1.605076832E-3,9.997391701E-1,1.773904499E2,1.857495582E-1,-7.786007007E-2,1.773903196E2
2.061020211E2,2.276501655E-2,7.203169516E-4,1.608921215E-3,9.997392893E-1,1.773910959E2,1.862003007E-1,-7.832358866E-2,1.773909646E2
2.061070211E2,2.275430926E-2,7.277737604E-4,1.608883147E-3,9.997395277E-1,1.773923232E2,1.862145469E-1,-7.917994728E-2,1.773921904E2
2.061120211E2,2.275753957E-2,7.247458561E-4,1.601581695E-3,9.997394681E-1,1.773919529E2,1.853704355E-1,-7.885150545E-2,1.773918213E2
2.061170211E2,2.276248443E-2,7.213900681E-4,1.607228420E-3,9.997393489E-1,1.773913861E2,1.860089717E-1,-7.845141405E-2,1.773912547E2
2.061220211E2,2.275958461E-2,7.228156319E-4,1.610575011E-3,9.997394085E-1,1.773917185E2,1.863958552E-1,-7.860654011E-2,1.773915866E2
2.061270211E2,2.275420618E-2,7.274955278E-4,1.610466046E-3,9.997395277E-1,1.773923350E2,1.863951534E-1,-7.914396413E-2,1.773922022E2
2.061320211E2,2.275664006E-2,7.261398132E-4,1.613685745E-3,9.997394681E-1,1.773920560E2,1.867606657E-1,-7.897980079E-2,1.773919232E2
2.061370211E2,2.275629446E-2,7.253394579E-4,1.618911047E-3,9.997394681E-1,1.773920956E2,1.873571726E-1,-7.887454862E-2,1.773919626E2
2.061420211E2,2.275906131E-2,7.227326860E-4,1.617989969E-3,9.997394085E-1,1.773917785E2,1.872450708E-1,-7.857779605E-2,1.773916460E2
2.061470211E2,2.275901800E-2,7.227309979E-4,1.618599868E-3,9.997394085E-1,1.773917834E2,1.873149344E-1,-7.857602008E-2,1.773916509E2
2.061520211E2,2.275615524E-2,7.247771719E-4,1.621118281E-3,9.997394681E-1,1.773921116E2,1.876085606E-1,-7.880440221E-2,1.773919785E2
2.061570211E2,2.276153637E-2,7.222153945E-4,1.620231895E-3,9.997393489E-1,1.773914948E2,1.875007557E-1,-7.851222280E-2,1.773913622E2
2.061620211E2,2.276145272E-2,7.214990328E-4,1.621725387E-3,9.997393489E-1,1.773915044E2,1.876699780E-1,-7.842627521E-2,1.773913718E2
2.061670211E2,2.275119957E-2,7.281891303E-4,1.615620567E-3,9.997395873E-1,1.773926796E2,1.869872369E-1,-7.921054598E-2,1.773925463E2
2.061720211E2,2.275920197E-2,7.236473612E-4,1.615600893E-3,9.997394085E-1,1.773917624E2,1.869737702E-1,-7.868878756E-2,1.773916299E2
2.061770211E2,2.276736872E-2,7.172480691E-4,1.614037552E-3,9.997392297E-1,1.773908263E2,1.867786154E-1,-7.795822515E-2,1.773906951E2
2.061820211E2,2.275650315E-2,7.251446368E-4,1.616062247E-3,9.997394681E-1,1.773920717E2,1.870303165E-1,-7.885961968E-2,1.773919389E2
2.061870211E2,2.275138350E-2,7.295687683E-4,1.612404827E-3,9.997395873E-1,1.773926585E2,1.866224468E-1,-7.937694960E-2,1.773925252E2
2.061920211E2,2.276454745E-2,7.194156060E-4,1.615946530E-3,9.997392893E-1,1.773911497E2,1.870027471E-1,-7.820208895E-2,1.773910180E2
2.061970211E2,2.276420343E-2,7.202716079E-4,1.620405354E-3,9.997392893E-1,1.773911891E2,1.875157656E-1,-7.828858653E-2,1.773910569E2
2.062020211E2,2.274836091E-2,7.317279815E-4,1.617109519E-3,9.997396469E-1,1.773930050E2,1.871668159E-1,-7.961261242E-2,1.773928708E2
2.062070211E2,2.275124042E-2,7.295861142E-4,1.614414738E-3,9.997395873E-1,1.773926749E2,1.868527403E-1,-7.937372317E-2,1.773925414E2
2.062120211E2,2.275097015E-2,7.283779560E-4,1.618763083E-3,9.997395873E-1,1.773927059E2,1.873477243E-1,-7.922402791E-2,1.773925723E2
2.062170211E2,2.274564317E-2,7.327090716E-4,1.618044800E-3,9.997397065E-1,1.773933165E2,1.872763048E-1,-7.972307875E-2,1.773931821E2
2.062220211E2,2.274580648E-2,7.326176274E-4,1.615788904E-3,9.997397065E-1,1.773932978E2,1.870176391E-1,-7.971845240E-2,1.773931636E2
2.062270211E2,2.275385114E-2,7.280822028E-4,1.615210203E-3,9.997395277E-1,1.773923757E2,1.869401560E-1,-7.919887028E-2,1.773922424E2
2.062320211E2,2.274030979E-2,7.373121916E-4,1.617263071E-3,9.997398257E-1,1.773939278E2,1.871983198E-1,-8.025345670E-2,1.773937926E2
2.062370211E2,2.273778858E-2,7.384279161E-4,1.615355839E-3,9.997398853E-1,1.773942168E2,1.869825283E-1,-8.038671786E-2,1.773940815E2
2.062420211E2,2.273779408E-2,7.383963093E-4,1.615292858E-3,9.997398853E-1,1.773942162E2,1.869752312E-1,-8.038326001E-2,1.773940809E2
2.062470211E2,2.273761620E-2,7.388910744E-4,1.617569011E-3,9.997398853E-1,1.773942365E2,1.872372672E-1,-8.043404354E-2,1.773941010E2
2.062520211E2,2.274253570E-2,7.348899962E-4,1.623897464E-3,9.997397661E-1,1.773936727E2,1.879522353E-1,-7.995825803E-2,1.773935374E2
2.062570211E2,2.273728431E-2,7.382697659E-4,1.622510375E-3,9.997398853E-1,1.773942746E2,1.878017148E-1,-8.035005205E-2,1.773941388E2
2.062620211E2,2.273491673E-2,7.411044207E-4,1.617660979E-3,9.997399449E-1,1.773945460E2,1.872533532E-1,-8.068787446E-2,1.773944100E2
2.062670211E2,2.274288404E-2,7.347947685E-4,1.619054936E-3,9.997397661E-1,1.773936327E2,1.873972446E-1,-7.995990408E-2,1.773934979E2
2.062720211E2,2.274768059E-2,7.309546345E-4,1.626999117E-3,9.997396469E-1,1.773930830E2,1.882977190E-1,-7.949836328E-2,1.773929482E2
2.062770211E2,2.273468961E-2,7.395807770E-4,1.621545642E-3,9.997399449E-1,1.773945720E2,1.876944003E-1,-8.050324473E-2,1.773944360E2
2.062820211E2,2.274544463E-2,7.335515111E-4,1.620452269E-3,9.997397065E-1,1.773933392E2,1.875542899E-1,-7.981335206E-2,1.773932045E2
2.062870211E2,2.275036639E-2,7.290905342E-4,1.626907266E-3,9.997395873E-1,1.773927751E2,1.882825494E-1,-7.928454226E-2,1.773926407E2
2.062920211E2,2.273922747E-2,7.360309828E-4,1.632988336E-3,9.997398257E-1,1.773940519E2,1.889964143E-1,-8.006590388E-2,1.773939156E2
2.062970211E2,2.273423281E-2,7.403038326E-4,1.627608784E-3,9.997399449E-1,1.773946244E2,1.883908543E-1,-8.057036879E-2,1.773944877E2
2.063020211E2,2.274228203E-2,7.348725339E-4,1.627454069E-3,9.997397661E-1,1.773937017E2,1.883596218E-1,-7.994703594E-2,1.773935662E2
2.063070211E2,2.273944896E-2,7.360737654E-4,1.629881794E-3,9.997398257E-1,1.773940265E2,1.886406513E-1,-8.007885857E-2,1.773938905E2
2.063120211E2,2.273436220E-2,7.408516249E-4,1.625550911E-3,9.997399449E-1,1.773946095E2,1.881565376E-1,-8.063846188E-2,1.773944730E2
2.063170211E2,2.273990413E-2,7.371288957E-4,1.623040182E-3,9.997398257E-1,1.773939743E2,1.878596478E-1,-8.021747914E-2,1.773938387E2
2.063220211E2,2.274272961E-2,7.338890573E-4,1.621632837E-3,9.997397661E-1,1.773936504E2,1.876902013E-1,-7.984945444E-2,1.773935155E2
2.063270211E2,2.275078505E-2,7.292971713E-4,1.620949246E-3,9.997395873E-1,1.773927271E2,1.876005580E-1,-7.932366980E-2,1.773925931E2
2.063320211E2,2.274831682E-2,7.305875770E-4,1.618244918E-3,9.997396469E-1,1.773930100E2,1.872939128E-1,-7.947901404E-2,1.773928760E2
2.063370211E2,2.275103247E-2,7.299006684E-4,1.617200556E-3,9.997395873E-1,1.773926988E2,1.871726933E-1,-7.940253469E-2,1.773925650E2
2.063420211E2,2.276172038E-2,7.220870466E-4,1.617701957E-3,9.997393489E-1,1.773914737E2,1.872106003E-1,-7.850408372E-2,1.773913413E2
2.063470211E2,2.276152266E-2,7.221895503E-4,1.620435971E-3,9.997393489E-1,1.773914964E2,1.875240666E-1,-7.850873230E-2,1.773913638E2
2.063520211E2,2.275885977E-2,7.243303116E-4,1.620109077E-3,9.997394085E-1,1.773918016E2,1.874919916E-1,-7.875533372E-2,1.773916686E2
2.063570211E2,2.276174300E-2,7.218046230E-4,1.617509755E-3,9.997393489E-1,1.773914711E2,1.871878463E-1,-7.847222589E-2,1.773913388E2
2.063620211E2,2.277250133E-2,7.147124852E-4,1.616591006E-3,9.997391105E-1,1.773902380E2,1.870649269E-1,-7.766012174E-2,1.773901071E2
2.063670211E2,2.276966317E-2,7.155849598E-4,1.619319664E-3,9.997391701E-1,1.773905633E2,1.873795840E-1,-7.775348497E-2,1.773904321E2
2.063720211E2,2.276730104E-2,7.181061083E-4,1.614610665E-3,9.997392297E-1,1.773908340E2,1.868465060E-1,-7.805504094E-2,1.773907027E2
2.063770211E2,2.277312128E-2,7.137421053E-4,1.608264982E-3,9.997391105E-1,1.773901669E2,1.861085959E-1,-7.757056612E-2,1.773900369E2
2.063820211E2,2.278372468E-2,7.075507310E-4,1.609028084E-3,9.997388721E-1,1.773889515E2,1.861806742E-1,-7.685730555E-2,1.773888226E2
2.063870211E2,2.277836123E-2,7.096877089E-4,1.609955449E-3,9.997389913E-1,1.773895663E2,1.862920814E-1,-7.710069945E-2,1.773894369E2
2.063920211E2,2.278118772E-2,7.079456700E-4,1.607740880E-3,9.997389317E-1,1.773892423E2,1.860340456E-1,-7.690638334E-2,1.773891134E2
2.063970211E2,2.278378799E-2,7.059247000E-4,1.608845778E-3,9.997388721E-1,1.773889443E2,1.861555477E-1,-7.667148891E-2,1.773888157E2
2.064020211E2,2.278620578E-2,7.055922179E-4,1.611785847E-3,9.997388124E-1,1.773886671E2,1.864916852E-1,-7.662527177E-2,1.773885384E2
2.064070211E2,2.278132525E-2,7.092376472E-4,1.605220605E-3,9.997389317E-1,1.773892266E2,1.857487015E-1,-7.706094847E-2,1.773890976E2
2.064120211E2,2.278166126E-2,7.078493945E-4,1.601059339E-3,9.997389317E-1,1.773891880E2,1.852683796E-1,-7.691270936E-2,1.773890597E2
2.064170211E2,2.278397218E-2,7.066585822E-4,1.605912577E-3,9.997388721E-1,1.773889232E2,1.858214448E-1,-7.676318793E-2,1.773887947E2
2.064220211E2,2.278624488E-2,7.052388391E-4,1.611387706E-3,9.997388124E-1,1.773886627E2,1.864451535E-1,-7.658582046E-2,1.773885340E2
2.064270211E2,2.278926229E-2,7.034256123E-4,1.606481499E-3,9.997387528E-1,1.773883168E2,1.858785838E-1,-7.639034444E-2,1.773881889E2
2.064320211E2,2.279227451E-2,7.007953827E-4,1.601983909E-3,9.997386932E-1,1.773879715E2,1.853566904E-1,-7.610020833E-2,1.773878445E2
2.064370211E2,2.279770099E-2,6.974283606E-4,1.600632211E-3,9.997385740E-1,1.773873496E2,1.851934529E-1,-7.571700202E-2,1.773872232E2
2.064420211E2,2.279484792E-2,6.995001459E-4,1.603131415E-3,9.997386336E-1,1.773876766E2,1.854849631E-1,-7.594834918E-2,1.773875496E2
2.064470211E2,2.279774723E-2,6.976344157E-4,1.599883777E-3,9.997385740E-1,1.773873443E2,1.851082526E-1,-7.574255479E-2,1.773872179E2
2.064520211E2,2.279521599E-2,6.995671429E-4,1.597859897E-3,9.997386336E-1,1.773876344E2,1.848812504E-1,-7.596972681E-2,1.773875078E2
2.064570211E2,2.279782429E-2,6.978768506E-4,1.598679461E-3,9.997385740E-1,1.773873354E2,1.849709230E-1,-7.577346063E-2,1.773872091E2
2.064620211E2,2.279234207E-2,7.015153533E-4,1.600707183E-3,9.997386932E-1,1.773879638E2,1.852123119E-1,-7.618601156E-2,1.773878367E2
2.064670211E2,2.278197530E-2,7.081990479E-4,1.596429502E-3,9.997389317E-1,1.773891521E2,1.847389132E-1,-7.696479542E-2,1.773890240E2
2.064720211E2,2.277947553E-2,7.095008623E-4,1.594194560E-3,9.997389913E-1,1.773894386E2,1.844860799E-1,-7.712022964E-2,1.773893104E2
2.064770211E2,2.278179205E-2,7.077852497E-4,1.599225681E-3,9.997389317E-1,1.773891731E2,1.850581547E-1,-7.691012378E-2,1.773890449E2
2.064820211E2,2.277621180E-2,7.117001223E-4,1.602446311E-3,9.997390509E-1,1.773898127E2,1.854369065E-1,-7.735124504E-2,1.773896835E2
2.064870211E2,2.277931863E-2,7.096144254E-4,1.596384565E-3,9.997389913E-1,1.773894566E2,1.847372558E-1,-7.712755169E-2,1.773893282E2
2.064920211E2,2.278191660E-2,7.086769911E-4,1.597055001E-3,9.997389317E-1,1.773891588E2,1.848118150E-1,-7.701792722E-2,1.773890306E2
2.064970211E2,2.278203323E-2,7.090205327E-4,1.595237642E-3,9.997389317E-1,1.773891454E2,1.846045206E-1,-7.706200705E-2,1.773890173E2
2.065020211E2,2.277962295E-2,7.092951564E-4,1.592178363E-3,9.997389913E-1,1.773894217E2,1.842545746E-1,-7.710189968E-2,1.773892937E2
2.065070211E2,2.278497331E-2,7.061755168E-4,1.591859618E-3,9.997388721E-1,1.773888084E2,1.842103247E-1,-7.674435471E-2,1.773886811E2
2.065120211E2,2.278508801E-2,7.057578187E-4,1.590402448E-3,9.997388721E-1,1.773887953E2,1.840423063E-1,-7.670028620E-2,1.773886681E2
2.065170211E2,2.277972108E-2,7.098715869E-4,1.590516651E-3,9.997389913E-1,1.773894104E2,1.840657179E-1,-7.717225634E-2,1.773892825E2
2.065220211E2,2.277737740E-2,7.120037917E-4,1.585655846E-3,9.997390509E-1,1.773896791E2,1.835142393E-1,-7.742964466E-2,1.773895511E2
2.065270211E2,2.278011238E-2,7.100621006E-4,1.584817073E-3,9.997389913E-1,1.773893656E2,1.834132903E-1,-7.720888884E-2,1.773892381E2
2.065320211E2,2.277978774E-2,7.107723504E-4,1.589159016E-3,9.997389913E-1,1.773894028E2,1.839125413E-1,-7.727898117E-2,1.773892748E2
2.065370211E2,2.276900946E-2,7.167522563E-4,1.590947853E-3,9.997392297E-1,1.773906382E2,1.841322458E-1,-7.796136471E-2,1.773905090E2
2.065420211E2,2.276940025E-2,7.169035962E-4,1.585276681E-3,9.997392297E-1,1.773905934E2,1.834829699E-1,-7.799342837E-2,1.773904646E2
2.065470211E2,2.276934413E-2,7.178609958E-4,1.585649443E-3,9.997392297E-1,1.773905999E2,1.835281683E-1,-7.810214736E-2,1.773904708E2
2.065520211E2,2.277165822E-2,7.164064446E-4,1.590648433E-3,9.997391701E-1,1.773903346E2,1.840972476E-1,-7.792204144E-2,1.773902055E2
2.065570211E2,2.277167566E-2,7.153208135E-4,1.590887317E-3,9.997391701E-1,1.773903326E2,1.841217827E-1,-7.779704308E-2,1.773902036E2
2.065620211E2,2.277738224E-2,7.109092548E-4,1.586077386E-3,9.997390509E-1,1.773896785E2,1.835596749E-1,-7.730315145E-2,1.773895507E2
2.065670211E2,2.278484040E-2,7.070796564E-4,1.593359979E-3,9.997388721E-1,1.773888237E2,1.843845599E-1,-7.684404139E-2,1.773886960E2
2.065720211E2,2.277896373E-2,7.100906805E-4,1.601229538E-3,9.997389913E-1,1.773894972E2,1.852935217E-1,-7.716953049E-2,1.773893685E2
2.065770211E2,2.276878192E-2,7.171744946E-4,1.594011090E-3,9.997392297E-1,1.773906643E2,1.844842606E-1,-7.800178624E-2,1.773905347E2
2.065820211E2,2.276882568E-2,7.168604061E-4,1.593527268E-3,9.997392297E-1,1.773906593E2,1.844280167E-1,-7.796705806E-2,1.773905298E2
2.065870211E2,2.277863818E-2,7.107211859E-4,1.605575089E-3,9.997389913E-1,1.773895346E2,1.857929779E-1,-7.723047909E-2,1.773894053E2
2.065920211E2,2.278104436E-2,7.091405569E-4,1.609244850E-3,9.997389317E-1,1.773892588E2,1.862094521E-1,-7.703937194E-2,1.773891295E2
2.065970211E2,2.276819823E-2,7.173980703E-4,1.602226519E-3,9.997392297E-1,1.773907312E2,1.854259751E-1,-7.800607165E-2,1.773906010E2
2.066020211E2,2.277086767E-2,7.161068497E-4,1.602059696E-3,9.997391701E-1,1.773904252E2,1.854037020E-1,-7.785808742E-2,1.773902952E2
2.066070211E2,2.277822969E-2,7.102335803E-4,1.611575019E-3,9.997389913E-1,1.773895814E2,1.864790376E-1,-7.715903231E-2,1.773894518E2
2.066120211E2,2.276794974E-2,7.169463206E-4,1.605955535E-3,9.997392297E-1,1.773907597E2,1.858519806E-1,-7.794463496E-2,1.773906292E2
2.066170211E2,2.276840418E-2,7.176251383E-4,1.599195413E-3,9.997392297E-1,1.773907076E2,1.850793339E-1,-7.803995553E-2,1.773905775E2
2.066220211E2,2.277353406E-2,7.139609661E-4,1.602311851E-3,9.997391105E-1,1.773901196E2,1.854271963E-1,-7.761109876E-2,1.773899900E2
2.066270211E2,2.277058385E-2,7.157253567E-4,1.606258797E-3,9.997391701E-1,1.773904578E2,1.858837420E-1,-7.780347822E-2,1.773903275E2
2.066320211E2,2.277366502E-2,7.141998503E-4,1.600342803E-3,9.997391105E-1,1.773901046E2,1.852022516E-1,-7.764358029E-2,1.773899751E2
2.066370211E2,2.277430053E-2,7.135873893E-4,1.591548091E-3,9.997391105E-1,1.773900317E2,1.841931621E-1,-7.759625108E-2,1.773899030E2
2.066420211E2,2.277635364E-2,7.111896994E-4,1.600655960E-3,9.997390509E-1,1.773897964E2,1.852304788E-1,-7.729741683E-2,1.773896675E2
2.066470211E2,2.278424577E-2,7.063977537E-4,1.602141303E-3,9.997388721E-1,1.773888918E2,1.853887399E-1,-7.674310297E-2,1.773887636E2
2.066520211E2,2.277939680E-2,7.098178030E-4,1.595178270E-3,9.997389913E-1,1.773894476E2,1.845995971E-1,-7.715398551E-2,1.773893193E2
2.066570211E2,2.277391892E-2,7.139678346E-4,1.596829388E-3,9.997391105E-1,1.773900755E2,1.847991618E-1,-7.762612256E-2,1.773899463E2
2.066620211E2,2.277867942E-2,7.104938268E-4,1.605090569E-3,9.997389913E-1,1.773895298E2,1.857368798E-1,-7.720568956E-2,1.773894007E2
2.066670211E2,2.277607885E-2,7.118788199E-4,1.604255638E-3,9.997390509E-1,1.773898279E2,1.856446429E-1,-7.736701911E-2,1.773896986E2
2.066720211E2,2.277341217E-2,7.147627766E-4,1.603686134E-3,9.997391105E-1,1.773901336E2,1.855867202E-1,-7.769939159E-2,1.773900037E2
2.066770211E2,2.277877213E-2,7.109093713E-4,1.603590208E-3,9.997389913E-1,1.773895192E2,1.855660874E-1,-7.725719434E-2,1.773893901E2
2.066820211E2,2.278138202E-2,7.076840848E-4,1.605100697E-3,9.997389317E-1,1.773892201E2,1.857309128E-1,-7.688327223E-2,1.773890914E2
2.066870211E2,2.277596837E-2,7.123454125E-4,1.605616417E-3,9.997390509E-1,1.773898406E2,1.858017459E-1,-7.741694155E-2,1.773897110E2
2.066920211E2,2.277354311E-2,7.139547961E-4,1.602186006E-3,9.997391105E-1,1.773901186E2,1.854127638E-1,-7.761071867E-2,1.773899890E2
2.066970211E2,2.277569688E-2,7.128452417E-4,1.609241590E-3,9.997390509E-1,1.773898717E2,1.862183369E-1,-7.746479145E-2,1.773897418E2
2.067020211E2,2.277010886E-2,7.155279163E-4,1.613065717E-3,9.997391701E-1,1.773905122E2,1.866630046E-1,-7.776318546E-2,1.773903815E2
2.067070211E2,2.277319313E-2,7.133505424E-4,1.607421087E-3,9.997391105E-1,1.773901587E2,1.860109012E-1,-7.752789698E-2,1.773900288E2
2.067120211E2,2.277568979E-2,7.120618830E-4,1.609688741E-3,9.997390509E-1,1.773898725E2,1.862675181E-1,-7.737388278E-2,1.773897427E2
2.067170211E2,2.277546847E-2,7.132514729E-4,1.612291322E-3,9.997390509E-1,1.773898979E2,1.865687632E-1,-7.750341271E-2,1.773897676E2
2.067220211E2,2.277252318E-2,7.150043384E-4,1.616153982E-3,9.997391105E-1,1.773902355E2,1.870156240E-1,-7.769469334E-2,1.773901046E2
2.067270211E2,2.276680022E-2,7.174697239E-4,1.621938893E-3,9.997392297E-1,1.773908914E2,1.876843435E-1,-7.796310977E-2,1.773907596E2
2.067320211E2,2.276143824E-2,7.225026493E-4,1.621481846E-3,9.997393489E-1,1.773915060E2,1.876446944E-1,-7.854188923E-2,1.773913733E2
2.067370211E2,2.276441125E-2,7.207039162E-4,1.617290545E-3,9.997392893E-1,1.773911653E2,1.871600708E-1,-7.834619928E-2,1.773910332E2
2.067420211E2,2.276463127E-2,7.199723041E-4,1.614517067E-3,9.997392893E-1,1.773911400E2,1.868404438E-1,-7.826957871E-2,1.773910084E2
2.067470211E2,2.275367256E-2,7.277299301E-4,1.617882517E-3,9.997395277E-1,1.773923961E2,1.872453691E-1,-7.915157859E-2,1.773922627E2
2.067520211E2,2.275394827E-2,7.267319597E-4,1.614449895E-3,9.997395277E-1,1.773923645E2,1.868495399E-1,-7.904614844E-2,1.773922316E2
2.067570211E2,2.275936802E-2,7.241644198E-4,1.613027998E-3,9.997394085E-1,1.773917433E2,1.866803757E-1,-7.875470219E-2,1.773916110E2
2.067620211E2,2.275930363E-2,7.238832186E-4,1.614062348E-3,9.997394085E-1,1.773917507E2,1.867981345E-1,-7.871980156E-2,1.773916183E2
2.067670211E2,2.275951212E-2,7.234219811E-4,1.611327054E-3,9.997394085E-1,1.773917268E2,1.864835867E-1,-7.867405658E-2,1.773915947E2
2.067720211E2,2.276502739E-2,7.196182851E-4,1.609080471E-3,9.997392893E-1,1.773910946E2,1.862167234E-1,-7.824313072E-2,1.773909634E2
2.067770211E2,2.276194449E-2,7.221123087E-4,1.614534296E-3,9.997393489E-1,1.773914480E2,1.868477899E-1,-7.851519855E-2,1.773913159E2
2.067820211E2,2.275388517E-2,7.269735215E-4,1.615230227E-3,9.997395277E-1,1.773923718E2,1.869395614E-1,-7.907179923E-2,1.773922387E2
2.067870211E2,2.275445289E-2,7.261169958E-4,1.607599901E-3,9.997395277E-1,1.773923067E2,1.860632263E-1,-7.899346485E-2,1.773921744E2
2.067920211E2,2.275959079E-2,7.230686024E-4,1.610374195E-3,9.997394085E-1,1.773917178E2,1.863735096E-1,-7.863604346E-2,1.773915858E2
2.067970211E2,2.277038875E-2,7.167588337E-4,1.608561957E-3,9.997391701E-1,1.773904801E2,1.861502787E-1,-7.791590146E-2,1.773903495E2
2.068020211E2,2.276463901E-2,7.205676520E-4,1.614142326E-3,9.997392893E-1,1.773911392E2,1.867990666E-1,-7.833875897E-2,1.773910074E2
2.068070211E2,2.275940274E-2,7.226609159E-4,1.613212400E-3,9.997394085E-1,1.773917393E2,1.866975821E-1,-7.858197072E-2,1.773916072E2
2.068120211E2,2.277299832E-2,7.133336621E-4,1.610186184E-3,9.997391105E-1,1.773901810E2,1.863276172E-1,-7.751878325E-2,1.773900509E2
2.068170211E2,2.276750752E-2,7.170663448E-4,1.612159307E-3,9.997392297E-1,1.773908104E2,1.865629764E-1,-7.794228110E-2,1.773906794E2
2.068220211E2,2.275960062E-2,7.238637772E-4,1.609877916E-3,9.997394085E-1,1.773917167E2,1.863187298E-1,-7.872843264E-2,1.773915846E2
2.068270211E2,2.275976580E-2,7.227972383E-4,1.608020742E-3,9.997394085E-1,1.773916977E2,1.861031991E-1,-7.861106120E-2,1.773915660E2
2.068320211E2,2.275931988E-2,7.236343226E-4,1.613944885E-3,9.997394085E-1,1.773917488E2,1.867840297E-1,-7.869159093E-2,1.773916165E2
2.068370211E2,2.275350788E-2,7.274323725E-4,1.620330499E-3,9.997395277E-1,1.773924150E2,1.875250260E-1,-7.911113761E-2,1.773922814E2
2.068420211E2,2.274577327E-2,7.321515004E-4,1.616467605E-3,9.997397065E-1,1.773933016E2,1.870941748E-1,-7.966328917E-2,1.773931674E2
2.068470211E2,2.276199241E-2,7.221598062E-4,1.613837318E-3,9.997393489E-1,1.773914425E2,1.867680703E-1,-7.852244903E-2,1.773913105E2
2.068520211E2,2.276432983E-2,7.196082734E-4,1.618923619E-3,9.997392893E-1,1.773911746E2,1.873442943E-1,-7.821643552E-2,1.773910426E2
2.068570211E2,2.275931322E-2,7.227036986E-4,1.614455716E-3,9.997394085E-1,1.773917496E2,1.868401236E-1,-7.858364592E-2,1.773916174E2
2.068620211E2,2.275387319E-2,7.272130460E-4,1.615291112E-3,9.997395277E-1,1.773923732E2,1.869471602E-1,-7.909908306E-2,1.773922400E2
2.068670211E2,2.275900209E-2,7.239981205E-4,1.618257258E-3,9.997394085E-1,1.773917853E2,1.872789881E-1,-7.872208041E-2,1.773916525E2
2.068720211E2,2.276154808E-2,7.224594010E-4,1.619958552E-3,9.997393489E-1,1.773914934E2,1.874700784E-1,-7.854088741E-2,1.773913609E2
2.068770211E2,2.275653011E-2,7.258403348E-4,1.615370158E-3,9.997394681E-1,1.773920686E2,1.869528459E-1,-7.894111988E-2,1.773919357E2
2.068820211E2,2.275704854E-2,7.249204209E-4,1.608465100E-3,9.997394681E-1,1.773920092E2,1.861594295E-1,-7.885364370E-2,1.773918770E2
2.068870211E2,2.276764908E-2,7.174878265E-4,1.609971165E-3,9.997392297E-1,1.773907941E2,1.863134091E-1,-7.799624946E-2,1.773906633E2
2.068920211E2,2.276726294E-2,7.177170482E-4,1.615320682E-3,9.997392297E-1,1.773908384E2,1.869268289E-1,-7.800862419E-2,1.773907071E2
2.068970211E2,2.276500214E-2,7.197917439E-4,1.609360101E-3,9.997392893E-1,1.773910975E2,1.862492089E-1,-7.826227767E-2,1.773909663E2
2.069020211E2,2.277317279E-2,7.137772627E-4,1.607519807E-3,9.997391105E-1,1.773901610E2,1.860233229E-1,-7.757652895E-2,1.773900310E2
2.069070211E2,2.276746326E-2,7.179305539E-4,1.612399821E-3,9.997392297E-1,1.773908154E2,1.865927818E-1,-7.804066712E-2,1.773906843E2
2.069120211E2,2.276462132E-2,7.191776531E-4,1.615011482E-3,9.997392893E-1,1.773911412E2,1.868950110E-1,-7.817725416E-2,1.773910096E2
2.069170211E2,2.277290290E-2,7.133231848E-4,1.611539861E-3,9.997391105E-1,1.773901919E2,1.864826625E-1,-7.751406802E-2,1.773900617E2
2.069220211E2,2.277036317E-2,7.154594641E-4,1.609502244E-3,9.997391701E-1,1.773904830E2,1.862546069E-1,-7.776459460E-2,1.773903526E2
2.069270211E2,2.277536185E-2,7.122445386E-4,1.614241512E-3,9.997390509E-1,1.773899101E2,1.867895443E-1,-7.738298650E-2,1.773897799E2
2.069320211E2,2.277803115E-2,7.106004632E-4,1.614217297E-3,9.997389913E-1,1.773896041E2,1.867826849E-1,-7.719420292E-2,1.773894743E2
2.069370211E2,2.277811487E-2,7.097623311E-4,1.613404369E-3,9.997389913E-1,1.773895945E2,1.866873726E-1,-7.710029144E-2,1.773894649E2
2.069420211E2,2.278042504E-2,7.086320547E-4,1.618211041E-3,9.997389317E-1,1.773893297E2,1.872352620E-1,-7.695782549E-2,1.773891999E2
2.069470211E2,2.278549967E-2,7.057035109E-4,1.621689065E-3,9.997388124E-1,1.773887481E2,1.876264545E-1,-7.661229453E-2,1.773886186E2
2.069520211E2,2.278560289E-2,7.047947729E-4,1.620633528E-3,9.997388124E-1,1.773887363E2,1.875031648E-1,-7.651092480E-2,1.773886070E2
2.069570211E2,2.278601862E-2,7.042645593E-4,1.615009154E-3,9.997388124E-1,1.773886886E2,1.868574723E-1,-7.646479114E-2,1.773885599E2
2.069620211E2,2.279366772E-2,6.996011944E-4,1.619781600E-3,9.997386336E-1,1.773878119E2,1.873926160E-1,-7.591665259E-2,1.773876836E2
2.069670211E2,2.278806830E-2,7.037069299E-4,1.623208402E-3,9.997387528E-1,1.773884537E2,1.877954951E-1,-7.637911313E-2,1.773883244E2
2.069720211E2,2.278573577E-2,7.053837762E-4,1.618507667E-3,9.997388124E-1,1.773887210E2,1.872611702E-1,-7.658392810E-2,1.773885918E2
2.069770211E2,2.279132118E-2,7.015462033E-4,1.615164336E-3,9.997386932E-1,1.773880808E2,1.868685552E-1,-7.615197537E-2,1.773879526E2
2.069820211E2,2.278581820E-2,7.053110749E-4,1.617378439E-3,9.997388124E-1,1.773887116E2,1.871316200E-1,-7.657853250E-2,1.773885825E2
2.069870211E2,2.278027144E-2,7.093505119E-4,1.620057505E-3,9.997389317E-1,1.773893474E2,1.874486606E-1,-7.703534161E-2,1.773892173E2
2.069920211E2,2.277801498E-2,7.112825406E-4,1.614145003E-3,9.997389913E-1,1.773896060E2,1.867761821E-1,-7.727253459E-2,1.773894760E2
2.069970211E2,2.278052004E-2,7.084948011E-4,1.616933267E-3,9.997389317E-1,1.773893189E2,1.870885265E-1,-7.694541943E-2,1.773891892E2
2.070020211E2,2.278310551E-2,7.071070140E-4,1.617965638E-3,9.997388721E-1,1.773890225E2,1.872033723E-1,-7.678325297E-2,1.773888930E2
2.070070211E2,2.277263129E-2,7.135221385E-4,1.615285524E-3,9.997391105E-1,1.773902231E2,1.869122716E-1,-7.752713617E-2,1.773900925E2
2.070120211E2,2.277256908E-2,7.149964222E-4,1.615510671E-3,9.997391105E-1,1.773902302E2,1.869419079E-1,-7.769545669E-2,1.773900994E2
2.070170211E2,2.276732655E-2,7.187025622E-4,1.613985398E-3,9.997392297E-1,1.773908311E2,1.867764325E-1,-7.812499833E-2,1.773906997E2
2.070220211E2,2.276725891E-2,7.188837044E-4,1.614858629E-3,9.997392297E-1,1.773908389E2,1.868769391E-1,-7.814348461E-2,1.773907073E2
2.070270211E2,2.275706126E-2,7.247292087E-4,1.608371269E-3,9.997394681E-1,1.773920077E2,1.861481823E-1,-7.883198043E-2,1.773918756E2
2.070320211E2,2.275682183E-2,7.246570894E-4,1.611787826E-3,9.997394681E-1,1.773920352E2,1.865393833E-1,-7.881485295E-2,1.773919028E2
2.070370211E2,2.277289190E-2,7.139531081E-4,1.611416345E-3,9.997391105E-1,1.773901932E2,1.864701554E-1,-7.758655751E-2,1.773900629E2
2.070420211E2,2.277584684E-2,7.118689246E-4,1.607550425E-3,9.997390509E-1,1.773898545E2,1.860220566E-1,-7.735732900E-2,1.773897249E2
2.070470211E2,2.276771442E-2,7.178202504E-4,1.608898630E-3,9.997392297E-1,1.773907867E2,1.861914099E-1,-7.803711872E-2,1.773906558E2
2.070520211E2,2.276730902E-2,7.177502266E-4,1.614656416E-3,9.997392297E-1,1.773908331E2,1.868508194E-1,-7.801414967E-2,1.773907018E2
2.070570211E2,2.277508227E-2,7.134257467E-4,1.617660746E-3,9.997390509E-1,1.773899421E2,1.871843204E-1,-7.750943586E-2,1.773898114E2
2.070620211E2,2.277018879E-2,7.167364820E-4,1.611400046E-3,9.997391701E-1,1.773905030E2,1.864753422E-1,-7.790597231E-2,1.773903722E2
2.070670211E2,2.276450669E-2,7.205034490E-4,1.616036054E-3,9.997392893E-1,1.773911543E2,1.870158381E-1,-7.832648821E-2,1.773910224E2
2.070720211E2,2.276712483E-2,7.178561063E-4,1.617204398E-3,9.997392297E-1,1.773908542E2,1.871429834E-1,-7.801966603E-2,1.773907227E2
2.070770211E2,2.276465070E-2,7.189846365E-4,1.614683308E-3,9.997392893E-1,1.773911378E2,1.868569134E-1,-7.815599248E-2,1.773910063E2
2.070820211E2,2.275661216E-2,7.251127390E-4,1.614540932E-3,9.997394681E-1,1.773920592E2,1.868559568E-1,-7.885991239E-2,1.773919265E2
2.070870211E2,2.275682078E-2,7.245016750E-4,1.611872576E-3,9.997394681E-1,1.773920353E2,1.865486871E-1,-7.879682757E-2,1.773919029E2
2.070920211E2,2.276178160E-2,7.224637666E-4,1.616672147E-3,9.997393489E-1,1.773914667E2,1.870936107E-1,-7.854991615E-2,1.773913343E2
2.070970211E2,2.276782907E-2,7.182671106E-4,1.607075683E-3,9.997392297E-1,1.773907735E2,1.859837442E-1,-7.809304676E-2,1.773906427E2
2.071020211E2,2.276491624E-2,7.203166024E-4,1.610340085E-3,9.997392893E-1,1.773911074E2,1.863628406E-1,-7.831986578E-2,1.773909760E2
2.071070211E2,2.276507766E-2,7.199964020E-4,1.608199789E-3,9.997392893E-1,1.773910889E2,1.861168211E-1,-7.828873664E-2,1.773909577E2
2.071120211E2,2.277589259E-2,7.118996000E-4,1.606888603E-3,9.997390509E-1,1.773898493E2,1.859463207E-1,-7.736256211E-2,1.773897197E2
2.071170211E2,2.277573564E-2,7.114259060E-4,1.609321102E-3,9.997390509E-1,1.773898673E2,1.862237440E-1,-7.730197520E-2,1.773897376E2
2.071220211E2,2.277842532E-2,7.108789869E-4,1.608522376E-3,9.997389913E-1,1.773895590E2,1.861310206E-1,-7.724090315E-2,1.773894295E2
2.071270211E2,2.277822960E-2,7.101625670E-4,1.611607498E-3,9.997389913E-1,1.773895814E2,1.864825731E-1,-7.715081213E-2,1.773894518E2
2.071320211E2,2.278363871E-2,7.075418252E-4,1.610248815E-3,9.997388721E-1,1.773889614E2,1.863204938E-1,-7.685311404E-2,1.773888324E2
2.071370211E2,2.278126503E-2,7.077878690E-4,1.606714446E-3,9.997389317E-1,1.773892335E2,1.859160491E-1,-7.689097069E-2,1.773891047E2
2.071420211E2,2.277571474E-2,7.122696843E-4,1.609243685E-3,9.997390509E-1,1.773898696E2,1.862170760E-1,-7.739884582E-2,1.773897398E2
2.071470211E2,2.278404139E-2,7.061146898E-4,1.605169615E-3,9.997388721E-1,1.773889152E2,1.857349146E-1,-7.670280570E-2,1.773887869E2
2.071520211E2,2.278940112E-2,7.038871991E-4,1.604308374E-3,9.997387528E-1,1.773883009E2,1.856308424E-1,-7.644887412E-2,1.773881730E2
2.071570211E2,2.278127740E-2,7.082996890E-4,1.606313512E-3,9.997389317E-1,1.773892320E2,1.858714546E-1,-7.695065006E-2,1.773891032E2
2.071620211E2,2.278121771E-2,7.089434075E-4,1.606876031E-3,9.997389317E-1,1.773892389E2,1.859375740E-1,-7.702293809E-2,1.773891099E2
2.071670211E2,2.279164672E-2,7.015115116E-4,1.610579318E-3,9.997386932E-1,1.773880435E2,1.863432206E-1,-7.615991562E-2,1.773879156E2
2.071720211E2,2.279159753E-2,7.017807802E-4,1.611157903E-3,9.997386932E-1,1.773880491E2,1.864102040E-1,-7.618926147E-2,1.773879212E2
2.071770211E2,2.278096508E-2,7.088531856E-4,1.610493287E-3,9.997389317E-1,1.773892678E2,1.863517193E-1,-7.700320575E-2,1.773891386E2
2.071820211E2,2.278362376E-2,7.076759357E-4,1.610401436E-3,9.997388721E-1,1.773889631E2,1.863383273E-1,-7.686808226E-2,1.773888341E2
2.071870211E2,2.279194616E-2,7.016608724E-4,1.606271020E-3,9.997386932E-1,1.773880092E2,1.858500662E-1,-7.618822366E-2,1.773878816E2
2.071920211E2,2.279249444E-2,7.012957940E-4,1.598632429E-3,9.997386932E-1,1.773879463E2,1.849740620E-1,-7.616624942E-2,1.773878194E2
2.071970211E2,2.278485387E-2,7.063282537E-4,1.593500609E-3,9.997388721E-1,1.773888221E2,1.843987096E-1,-7.675758975E-2,1.773886946E2
2.072020211E2,2.279268027E-2,7.006491651E-4,1.596264658E-3,9.997386932E-1,1.773879250E2,1.847011304E-1,-7.609832073E-2,1.773877984E2
2.072070211E2,2.279237553E-2,7.002475322E-4,1.600785879E-3,9.997386932E-1,1.773879600E2,1.852180183E-1,-7.604055612E-2,1.773878331E2
2.072120211E2,2.279538631E-2,6.996454322E-4,1.595393871E-3,9.997386336E-1,1.773876149E2,1.845989550E-1,-7.598510624E-2,1.773874885E2
2.072170211E2,2.279818656E-2,6.965055363E-4,1.594104804E-3,9.997385740E-1,1.773872939E2,1.844432857E-1,-7.562824537E-2,1.773871682E2
2.072220211E2,2.280093172E-2,6.945487112E-4,1.593076740E-3,9.997385144E-1,1.773869792E2,1.843206028E-1,-7.540624807E-2,1.773868540E2
2.072270211E2,2.279529048E-2,6.993984571E-4,1.596870716E-3,9.997386336E-1,1.773876258E2,1.847674928E-1,-7.595297213E-2,1.773874994E2
2.072320211E2,2.279007876E-2,7.026094245E-4,1.595216687E-3,9.997387528E-1,1.773882232E2,1.845859948E-1,-7.632610891E-2,1.773880963E2
2.072370211E2,2.280095312E-2,6.958664162E-4,1.592195127E-3,9.997385144E-1,1.773869768E2,1.842230484E-1,-7.555950616E-2,1.773868514E2
2.072420211E2,2.280350875E-2,6.932417746E-4,1.594164758E-3,9.997384548E-1,1.773866839E2,1.844420270E-1,-7.525320493E-2,1.773865588E2
2.072470211E2,2.280617350E-2,6.922562025E-4,1.593852649E-3,9.997383952E-1,1.773863784E2,1.844038956E-1,-7.514062027E-2,1.773862536E2
2.072520211E2,2.280397290E-2,6.939263549E-4,1.587212319E-3,9.997384548E-1,1.773866307E2,1.836473659E-1,-7.534971454E-2,1.773865060E2
2.072570211E2,2.280128899E-2,6.957501755E-4,1.587428967E-3,9.997385144E-1,1.773869383E2,1.836767493E-1,-7.555858135E-2,1.773868133E2
2.072620211E2,2.280651161E-2,6.914413534E-4,1.589362044E-3,9.997383952E-1,1.773863397E2,1.838873387E-1,-7.505894395E-2,1.773862153E2
2.072670211E2,2.280355246E-2,6.938109873E-4,1.593291643E-3,9.997384548E-1,1.773866789E2,1.843434921E-1,-7.532068845E-2,1.773865537E2
2.072720211E2,2.279583037E-2,6.989488611E-4,1.589342835E-3,9.997386336E-1,1.773875640E2,1.839039502E-1,-7.592103127E-2,1.773874382E2
2.072770211E2,2.278484412E-2,7.059612544E-4,1.593802706E-3,9.997388721E-1,1.773888232E2,1.844323594E-1,-7.671475869E-2,1.773886958E2
2.072820211E2,2.279272643E-2,7.015137817E-4,1.595225534E-3,9.997386932E-1,1.773879197E2,1.845843484E-1,-7.620007829E-2,1.773877930E2
2.072870211E2,2.278215678E-2,7.080183132E-4,1.593917841E-3,9.997389317E-1,1.773891313E2,1.844507143E-1,-7.695061398E-2,1.773890034E2
2.072920211E2,2.277706061E-2,7.120416849E-4,1.590182888E-3,9.997390509E-1,1.773897154E2,1.840329409E-1,-7.742222747E-2,1.773895871E2
2.072970211E2,2.278505896E-2,7.067352417E-4,1.590384636E-3,9.997388721E-1,1.773887986E2,1.840428160E-1,-7.681231329E-2,1.773886713E2
2.073020211E2,2.278760912E-2,7.053962909E-4,1.591909095E-3,9.997388124E-1,1.773885063E2,1.842141601E-1,-7.665447041E-2,1.773883791E2
2.073070211E2,2.277983684E-2,7.104206015E-4,1.588612446E-3,9.997389913E-1,1.773893972E2,1.838490106E-1,-7.724010202E-2,1.773892693E2
2.073120211E2,2.278557211E-2,7.052775472E-4,1.583665609E-3,9.997388721E-1,1.773887398E2,1.832693034E-1,-7.666276738E-2,1.773886132E2
2.073170211E2,2.279328731E-2,7.008904940E-4,1.587466570E-3,9.997386932E-1,1.773878555E2,1.836938804E-1,-7.614883666E-2,1.773877295E2
2.073220211E2,2.278787796E-2,7.036808529E-4,1.588816871E-3,9.997388124E-1,1.773884755E2,1.838554491E-1,-7.646597255E-2,1.773883489E2
2.073270211E2,2.278520799E-2,7.064760430E-4,1.588363317E-3,9.997388721E-1,1.773887815E2,1.838105841E-1,-7.678786952E-2,1.773886544E2
2.073320211E2,2.279334850E-2,6.999575999E-4,1.586999628E-3,9.997386932E-1,1.773878484E2,1.836379543E-1,-7.604317119E-2,1.773877226E2
2.073370211E2,2.280386042E-2,6.937385187E-4,1.588909538E-3,9.997384548E-1,1.773866436E2,1.838413033E-1,-7.532378112E-2,1.773865188E2
2.073420211E2,2.279571400E-2,6.995325675E-4,1.590754488E-3,9.997386336E-1,1.773875773E2,1.840671880E-1,-7.598423535E-2,1.773874513E2
2.073470211E2,2.279346322E-2,6.999725592E-4,1.585344435E-3,9.997386932E-1,1.773878353E2,1.834483798E-1,-7.604918736E-2,1.773877096E2
2.073520211E2,2.279886675E-2,6.961027393E-4,1.584524056E-3,9.997385740E-1,1.773872159E2,1.833446951E-1,-7.560700629E-2,1.773870910E2
2.073570211E2,2.279347657E-2,7.004739600E-4,1.584931044E-3,9.997386932E-1,1.773878338E2,1.834023318E-1,-7.610770603E-2,1.773877080E2
2.073620211E2,2.278531970E-2,7.058493211E-4,1.587038976E-3,9.997388721E-1,1.773887687E2,1.836572369E-1,-7.671950871E-2,1.773886418E2
2.073670211E2,2.278302870E-2,7.077461341E-4,1.581527758E-3,9.997389317E-1,1.773890313E2,1.830306376E-1,-7.695162077E-2,1.773889045E2
2.073720211E2,2.279138612E-2,7.028328255E-4,1.576328184E-3,9.997387528E-1,1.773880734E2,1.824227733E-1,-7.640079428E-2,1.773879479E2
2.073770211E2,2.279638631E-2,6.991448463E-4,1.581262215E-3,9.997386336E-1,1.773875002E2,1.829787724E-1,-7.596449123E-2,1.773873750E2
2.073820211E2,2.279352732E-2,7.014975999E-4,1.583747915E-3,9.997386932E-1,1.773878279E2,1.832694681E-1,-7.622805703E-2,1.773877021E2
2.073870211E2,2.279389591E-2,7.007508539E-4,1.578765805E-3,9.997386932E-1,1.773877857E2,1.826967849E-1,-7.615545484E-2,1.773876604E2
2.073920211E2,2.279401525E-2,7.012452697E-4,1.576822135E-3,9.997386932E-1,1.773877720E2,1.824754149E-1,-7.621715126E-2,1.773876468E2
2.073970211E2,2.280202388E-2,6.955809658E-4,1.576912357E-3,9.997385144E-1,1.773868541E2,1.824715589E-1,-7.556654180E-2,1.773867298E2
2.074020211E2,2.279682685E-2,6.985089276E-4,1.575180329E-3,9.997386336E-1,1.773874497E2,1.822803915E-1,-7.590744734E-2,1.773873251E2
2.074070211E2,2.279460853E-2,6.995244767E-4,1.568990643E-3,9.997386932E-1,1.773877040E2,1.815737733E-1,-7.604036347E-2,1.773875797E2
2.074120211E2,2.279974945E-2,6.968832458E-4,1.571425819E-3,9.997385740E-1,1.773871148E2,1.818462412E-1,-7.573048342E-2,1.773869907E2
2.074170211E2,2.279961812E-2,6.969883689E-4,1.573283575E-3,9.997385740E-1,1.773871298E2,1.820593342E-1,-7.573769649E-2,1.773870056E2
2.074220211E2,2.280244905E-2,6.956293364E-4,1.570730936E-3,9.997385144E-1,1.773868053E2,1.817635617E-1,-7.558815826E-2,1.773866816E2
2.074270211E2,2.280254388E-2,6.941100582E-4,1.570026274E-3,9.997385144E-1,1.773867945E2,1.816788710E-1,-7.541593138E-2,1.773866710E2
2.074320211E2,2.280475183E-2,6.929337396E-4,1.576417941E-3,9.997384548E-1,1.773865414E2,1.824082051E-1,-7.526406543E-2,1.773864177E2
2.074370211E2,2.279944361E-2,6.961908075E-4,1.576162991E-3,9.997385740E-1,1.773871498E2,1.823871086E-1,-7.563883512E-2,1.773870255E2
2.074420211E2,2.280452267E-2,6.935741985E-4,1.579448464E-3,9.997384548E-1,1.773865676E2,1.827570445E-1,-7.532955949E-2,1.773864436E2
2.074470211E2,2.280716129E-2,6.919681327E-4,1.579781179E-3,9.997383952E-1,1.773862652E2,1.827911617E-1,-7.514421404E-2,1.773861414E2
2.074520211E2,2.280449166E-2,6.930216914E-4,1.580138458E-3,9.997384548E-1,1.773865712E2,1.828346451E-1,-7.526446586E-2,1.773864472E2
2.074570211E2,2.280198194E-2,6.943449262E-4,1.578063122E-3,9.997385144E-1,1.773868589E2,1.826001596E-1,-7.542193973E-2,1.773867348E2
2.074620211E2,2.280488269E-2,6.938001025E-4,1.574142138E-3,9.997384548E-1,1.773865264E2,1.821497588E-1,-7.536924102E-2,1.773864027E2
2.074670211E2,2.281002748E-2,6.899271393E-4,1.577009796E-3,9.997383356E-1,1.773859367E2,1.824685465E-1,-7.491711478E-2,1.773858135E2
2.074720211E2,2.280728039E-2,6.913901889E-4,1.578314113E-3,9.997383952E-1,1.773862515E2,1.826215900E-1,-7.508181647E-2,1.773861280E2
2.074770211E2,2.280462005E-2,6.923636538E-4,1.578573254E-3,9.997384548E-1,1.773865565E2,1.826536221E-1,-7.519314694E-2,1.773864327E2
2.074820211E2,2.281539666E-2,6.851566141E-4,1.576992334E-3,9.997382164E-1,1.773853213E2,1.824544743E-1,-7.436966144E-2,1.773851990E2
2.074870211E2,2.281758769E-2,6.843376905E-4,1.583420672E-3,9.997381568E-1,1.773850701E2,1.831889385E-1,-7.425863538E-2,1.773849475E2
2.074920211E2,2.280957070E-2,6.897388375E-4,1.583684818E-3,9.997383356E-1,1.773859890E2,1.832327236E-1,-7.487817807E-2,1.773858654E2
2.074970211E2,2.280722002E-2,6.907053175E-4,1.579485950E-3,9.997383952E-1,1.773862585E2,1.827540432E-1,-7.500030476E-2,1.773861350E2
2.075020211E2,2.281241719E-2,6.869668723E-4,1.581514953E-3,9.997382760E-1,1.773856628E2,1.829771055E-1,-7.456576811E-2,1.773855398E2
2.075070211E2,2.282000706E-2,6.828457117E-4,1.586828497E-3,9.997380972E-1,1.773847928E2,1.835756233E-1,-7.407835677E-2,1.773846702E2
2.075120211E2,2.281469172E-2,6.861109287E-4,1.586745842E-3,9.997382164E-1,1.773854021E2,1.835742980E-1,-7.445361738E-2,1.773852789E2
2.075170211E2,2.281232448E-2,6.880286965E-4,1.582390396E-3,9.997382760E-1,1.773856734E2,1.830801672E-1,-7.468514075E-2,1.773855502E2
2.075220211E2,2.282032222E-2,6.829624181E-4,1.582239405E-3,9.997380972E-1,1.773847567E2,1.830502166E-1,-7.410367010E-2,1.773846344E2
2.075270211E2,2.282029830E-2,6.814989611E-4,1.583215082E-3,9.997380972E-1,1.773847594E2,1.831581628E-1,-7.393346699E-2,1.773846374E2
2.075320211E2,2.282336536E-2,6.799843395E-4,1.577281859E-3,9.997380376E-1,1.773844079E2,1.824747063E-1,-7.377490593E-2,1.773842865E2
2.075370211E2,2.282358913E-2,6.804738077E-4,1.573829097E-3,9.997380376E-1,1.773843822E2,1.820804481E-1,-7.383997010E-2,1.773842610E2
2.075420211E2,2.282893722E-2,6.772309425E-4,1.573385904E-3,9.997379184E-1,1.773837692E2,1.820215855E-1,-7.346864779E-2,1.773836487E2
2.075470211E2,2.282103103E-2,6.814568187E-4,1.572636189E-3,9.997380972E-1,1.773846754E2,1.819461684E-1,-7.395617102E-2,1.773845542E2
2.075520211E2,2.282116279E-2,6.822768482E-4,1.570366905E-3,9.997380972E-1,1.773846603E2,1.816883493E-1,-7.405602564E-2,1.773845391E2
2.075570211E2,2.282111551E-2,6.826653262E-4,1.570885186E-3,9.997380972E-1,1.773846657E2,1.817487372E-1,-7.409918346E-2,1.773845444E2
2.075620211E2,2.282337756E-2,6.801828276E-4,1.577019808E-3,9.997380376E-1,1.773844065E2,1.824452053E-1,-7.379832821E-2,1.773842851E2
2.075670211E2,2.281514369E-2,6.854462554E-4,1.580522396E-3,9.997382164E-1,1.773853502E2,1.828596235E-1,-7.439365987E-2,1.773852277E2
2.075720211E2,2.281248990E-2,6.885096664E-4,1.579794218E-3,9.997382760E-1,1.773856544E2,1.827840138E-1,-7.474699819E-2,1.773855313E2
2.075770211E2,2.282050502E-2,6.826057215E-4,1.579754753E-3,9.997380972E-1,1.773847357E2,1.827646507E-1,-7.406927068E-2,1.773846137E2
2.075820211E2,2.282279274E-2,6.811970961E-4,1.585025340E-3,9.997380376E-1,1.773844735E2,1.833649443E-1,-7.389369327E-2,1.773843514E2
2.075870211E2,2.282006144E-2,6.825186429E-4,1.586187049E-3,9.997380972E-1,1.773847866E2,1.835012863E-1,-7.404255472E-2,1.773846641E2
2.075920211E2,2.281740139E-2,6.845119060E-4,1.586027909E-3,9.997381568E-1,1.773850915E2,1.834880704E-1,-7.427181050E-2,1.773849686E2
2.075970211E2,2.282008638E-2,6.828380865E-4,1.585690654E-3,9.997380972E-1,1.773847837E2,1.834452557E-1,-7.408044425E-2,1.773846612E2
2.076020211E2,2.282524316E-2,6.782619748E-4,1.588589512E-3,9.997379780E-1,1.773841926E2,1.837657657E-1,-7.354766889E-2,1.773840708E2
2.076070211E2,2.282532608E-2,6.786244339E-4,1.587242703E-3,9.997379780E-1,1.773841831E2,1.836124269E-1,-7.359270040E-2,1.773840613E2
2.076120211E2,2.282265932E-2,6.814195076E-4,1.586849801E-3,9.997380376E-1,1.773844888E2,1.835745300E-1,-7.391442584E-2,1.773843665E2
2.076170211E2,2.282774107E-2,6.777704111E-4,1.590416417E-3,9.997379184E-1,1.773839063E2,1.839739572E-1,-7.348611626E-2,1.773837844E2
2.076220211E2,2.283026926E-2,6.759099197E-4,1.592384651E-3,9.997378588E-1,1.773836165E2,1.841947596E-1,-7.326736076E-2,1.773834948E2
2.076270211E2,2.282271192E-2,6.800614065E-4,1.586675877E-3,9.997380376E-1,1.773844828E2,1.835510564E-1,-7.375928485E-2,1.773843607E2
2.076320211E2,2.282822135E-2,6.774573703E-4,1.583641628E-3,9.997379184E-1,1.773838513E2,1.831970406E-1,-7.346788860E-2,1.773837299E2
2.076370211E2,2.283077177E-2,6.748574087E-4,1.585611957E-3,9.997378588E-1,1.773835589E2,1.834161497E-1,-7.316441054E-2,1.773834379E2
2.076420211E2,2.282824178E-2,6.766022998E-4,1.583712758E-3,9.997379184E-1,1.773838489E2,1.832029538E-1,-7.336974056E-2,1.773837277E2
2.076470211E2,2.282545571E-2,6.783897406E-4,1.585477963E-3,9.997379780E-1,1.773841683E2,1.834096505E-1,-7.357040584E-2,1.773840466E2
2.076520211E2,2.283341995E-2,6.723047700E-4,1.586144790E-3,9.997377992E-1,1.773832554E2,1.834707059E-1,-7.287009620E-2,1.773831348E2
2.076570211E2,2.284363379E-2,6.661860971E-4,1.591922948E-3,9.997375607E-1,1.773820847E2,1.841173880E-1,-7.215213113E-2,1.773819648E2
2.076620211E2,2.284110658E-2,6.668764399E-4,1.590463915E-3,9.997376204E-1,1.773823743E2,1.839518632E-1,-7.223550234E-2,1.773822545E2
2.076670211E2,2.283330225E-2,6.735463394E-4,1.587311970E-3,9.997377992E-1,1.773832689E2,1.836076607E-1,-7.300929984E-2,1.773831480E2
2.076720211E2,2.284337729E-2,6.655520410E-4,1.595864072E-3,9.997375607E-1,1.773821141E2,1.845672121E-1,-7.206922294E-2,1.773819941E2
2.076770211E2,2.284549634E-2,6.647959817E-4,1.603168435E-3,9.997375011E-1,1.773818712E2,1.854021867E-1,-7.196309342E-2,1.773817508E2
2.076820211E2,2.284027873E-2,6.683041574E-4,1.601713710E-3,9.997376204E-1,1.773824692E2,1.852443382E-1,-7.236977065E-2,1.773823483E2
2.076870211E2,2.284833802E-2,6.627627299E-4,1.600680756E-3,9.997374415E-1,1.773815455E2,1.851120739E-1,-7.173614764E-2,1.773814257E2
2.076920211E2,2.284835608E-2,6.634346209E-4,1.600144547E-3,9.997374415E-1,1.773815434E2,1.850524055E-1,-7.181452113E-2,1.773814235E2
2.076970211E2,2.284299320E-2,6.668812712E-4,1.600799384E-3,9.997375607E-1,1.773821581E2,1.851360628E-1,-7.220865312E-2,1.773820375E2
2.077020211E2,2.283803953E-2,6.703273975E-4,1.595582347E-3,9.997376800E-1,1.773827259E2,1.845470514E-1,-7.261801788E-2,1.773826050E2
2.077070211E2,2.284025357E-2,6.689218571E-4,1.601814525E-3,9.997376204E-1,1.773824721E2,1.852575030E-1,-7.244027606E-2,1.773823511E2
2.077120211E2,2.283985357E-2,6.685657427E-4,1.607656130E-3,9.997376204E-1,1.773825180E2,1.859257670E-1,-7.238426347E-2,1.773823966E2
2.077170211E2,2.283742702E-2,6.703897961E-4,1.604299294E-3,9.997376800E-1,1.773827961E2,1.855458001E-1,-7.260246630E-2,1.773826746E2
2.077220211E2,2.283223600E-2,6.743596750E-4,1.602233970E-3,9.997377992E-1,1.773833911E2,1.853192038E-1,-7.306362915E-2,1.773832690E2
2.077270211E2,2.283498596E-2,6.725853891E-4,1.600980526E-3,9.997377396E-1,1.773830759E2,1.851711644E-1,-7.286313449E-2,1.773829542E2
2.077320211E2,2.283474670E-2,6.721830578E-4,1.604558085E-3,9.997377396E-1,1.773831033E2,1.855799460E-1,-7.280772537E-2,1.773829815E2
2.077370211E2,2.283230745E-2,6.729135057E-4,1.601823722E-3,9.997377992E-1,1.773833829E2,1.852684260E-1,-7.289901392E-2,1.773832611E2
2.077420211E2,2.282976305E-2,6.751394249E-4,1.599951065E-3,9.997378588E-1,1.773836746E2,1.850595293E-1,-7.315938950E-2,1.773835525E2
2.077470211E2,2.283504982E-2,6.719825324E-4,1.600322663E-3,9.997377396E-1,1.773830686E2,1.850942253E-1,-7.279577998E-2,1.773829471E2
2.077520211E2,2.283465521E-2,6.720394595E-4,1.605919679E-3,9.997377396E-1,1.773831138E2,1.857355503E-1,-7.278772851E-2,1.773829919E2
2.077570211E2,2.283172839E-2,6.735054776E-4,1.609808882E-3,9.997377992E-1,1.773834493E2,1.861847278E-1,-7.294604568E-2,1.773833268E2
2.077620211E2,2.283694820E-2,6.703435211E-4,1.611120068E-3,9.997376800E-1,1.773828510E2,1.863270449E-1,-7.257940353E-2,1.773827290E2
2.077670211E2,2.283956299E-2,6.679194048E-4,1.612046966E-3,9.997376204E-1,1.773825513E2,1.864270766E-1,-7.229877971E-2,1.773824297E2
2.077720211E2,2.283659780E-2,6.700793165E-4,1.616188791E-3,9.997376800E-1,1.773828911E2,1.869070105E-1,-7.253593627E-2,1.773827688E2
2.077770211E2,2.283398015E-2,6.723364349E-4,1.615366084E-3,9.997377396E-1,1.773831912E2,1.868184764E-1,-7.279715742E-2,1.773830685E2
2.077820211E2,2.283166842E-2,6.736089126E-4,1.610615989E-3,9.997377992E-1,1.773834562E2,1.862774579E-1,-7.295579478E-2,1.773833336E2
2.077870211E2,2.283154025E-2,6.734958151E-4,1.612479100E-3,9.997377992E-1,1.773834709E2,1.864905941E-1,-7.293798734E-2,1.773833482E2
2.077920211E2,2.282873008E-2,6.764155696E-4,1.614088658E-3,9.997378588E-1,1.773837930E2,1.866824223E-1,-7.326879240E-2,1.773836696E2
2.077970211E2,2.282380545E-2,6.790490006E-4,1.608781749E-3,9.997379780E-1,1.773843574E2,1.860809801E-1,-7.358528243E-2,1.773842339E2
2.078020211E2,2.282893989E-2,6.748141022E-4,1.611789921E-3,9.997378588E-1,1.773837689E2,1.864148999E-1,-7.309130042E-2,1.773836460E2
2.078070211E2,2.283412450E-2,6.724104751E-4,1.613293542E-3,9.997377396E-1,1.773831746E2,1.865812463E-1,-7.281103587E-2,1.773830521E2
2.078120211E2,2.282837687E-2,6.753262714E-4,1.619531191E-3,9.997378588E-1,1.773838334E2,1.873030534E-1,-7.312982863E-2,1.773837099E2
2.078170211E2,2.282322497E-2,6.793265929E-4,1.616879250E-3,9.997379780E-1,1.773844240E2,1.870093288E-1,-7.359601306E-2,1.773842998E2
2.078220211E2,2.282587069E-2,6.783240824E-4,1.616806490E-3,9.997379184E-1,1.773841207E2,1.869985655E-1,-7.348085930E-2,1.773839968E2
2.078270211E2,2.282308283E-2,6.793065113E-4,1.618892886E-3,9.997379780E-1,1.773844403E2,1.872399518E-1,-7.358847248E-2,1.773843160E2
2.078320211E2,2.282268079E-2,6.795913214E-4,1.624431810E-3,9.997379780E-1,1.773844863E2,1.878752170E-1,-7.360668949E-2,1.773843616E2
2.078370211E2,2.282529060E-2,6.769957254E-4,1.625529258E-3,9.997379184E-1,1.773841872E2,1.879943449E-1,-7.330597288E-2,1.773840629E2
2.078420211E2,2.283301570E-2,6.727310829E-4,1.628778758E-3,9.997377396E-1,1.773833017E2,1.883560204E-1,-7.280745354E-2,1.773831780E2
2.078470211E2,2.283826615E-2,6.683273241E-4,1.630149549E-3,9.997376204E-1,1.773826999E2,1.885019166E-1,-7.229837534E-2,1.773825769E2
2.078520211E2,2.283272181E-2,6.734191556E-4,1.632609870E-3,9.997377396E-1,1.773833354E2,1.887966991E-1,-7.287631124E-2,1.773832113E2
2.078570211E2,2.283577778E-2,6.706497516E-4,1.627499238E-3,9.997376800E-1,1.773829851E2,1.882041901E-1,-7.257184103E-2,1.773828619E2
2.078620211E2,2.283796794E-2,6.690075388E-4,1.634043758E-3,9.997376204E-1,1.773827341E2,1.889498033E-1,-7.236616622E-2,1.773826107E2
2.078670211E2,2.283001820E-2,6.743841805E-4,1.633520820E-3,9.997377992E-1,1.773836453E2,1.889033871E-1,-7.298499327E-2,1.773835209E2
2.078720211E2,2.282499822E-2,6.779576652E-4,1.629229519E-3,9.997379184E-1,1.773842207E2,1.884207488E-1,-7.340655049E-2,1.773840959E2
2.078770211E2,2.284092087E-2,6.677735946E-4,1.629736158E-3,9.997375607E-1,1.773823956E2,1.884533002E-1,-7.223552075E-2,1.773822728E2
2.078820211E2,2.284092586E-2,6.665892433E-4,1.630150946E-3,9.997375607E-1,1.773823951E2,1.884977191E-1,-7.209875301E-2,1.773822724E2
2.078870211E2,2.283841719E-2,6.681010709E-4,1.628124970E-3,9.997376204E-1,1.773826826E2,1.882693957E-1,-7.227772571E-2,1.773825598E2
2.078920211E2,2.284114517E-2,6.668196875E-4,1.626980724E-3,9.997375607E-1,1.773823699E2,1.881351516E-1,-7.213340984E-2,1.773822474E2
2.078970211E2,2.285185968E-2,6.595715531E-4,1.625980949E-3,9.997373223E-1,1.773811418E2,1.880024058E-1,-7.130365458E-2,1.773810208E2
2.079020211E2,2.284641435E-2,6.627580733E-4,1.627908670E-3,9.997374415E-1,1.773817660E2,1.882312042E-1,-7.166468412E-2,1.773816442E2
2.079070211E2,2.284397555E-2,6.659050123E-4,1.624240540E-3,9.997375011E-1,1.773820455E2,1.878190405E-1,-7.203526403E-2,1.773819234E2
2.079120211E2,2.284706156E-2,6.625719834E-4,1.618876122E-3,9.997374415E-1,1.773816918E2,1.871959778E-1,-7.166689259E-2,1.773815707E2
2.079170211E2,2.285226402E-2,6.595386076E-4,1.620301628E-3,9.997373223E-1,1.773810955E2,1.873517148E-1,-7.131467726E-2,1.773809749E2
2.079220211E2,2.284113740E-2,6.669212598E-4,1.627048128E-3,9.997375607E-1,1.773823708E2,1.881431389E-1,-7.214487115E-2,1.773822483E2
2.079270211E2,2.283879692E-2,6.682890817E-4,1.622712007E-3,9.997376204E-1,1.773826391E2,1.876497960E-1,-7.231336013E-2,1.773825166E2
2.079320211E2,2.284699666E-2,6.623836816E-4,1.619868795E-3,9.997374415E-1,1.773816992E2,1.873092026E-1,-7.164273359E-2,1.773815781E2
2.079370211E2,2.285201875E-2,6.586639211E-4,1.624112134E-3,9.997373223E-1,1.773811236E2,1.877859451E-1,-7.120453898E-2,1.773810029E2
2.079420211E2,2.284898315E-2,6.613883306E-4,1.629016828E-3,9.997373819E-1,1.773814715E2,1.883547541E-1,-7.150437905E-2,1.773813499E2
2.079470211E2,2.284396912E-2,6.650541327E-4,1.624679426E-3,9.997375011E-1,1.773820462E2,1.878670919E-1,-7.193663824E-2,1.773819243E2
2.079520211E2,2.284432702E-2,6.646493566E-4,1.619805465E-3,9.997375011E-1,1.773820052E2,1.873076879E-1,-7.190295873E-2,1.773818837E2
2.079570211E2,2.283875126E-2,6.687753485E-4,1.623154269E-3,9.997376204E-1,1.773826443E2,1.877017319E-1,-7.236791866E-2,1.773825217E2
2.079620211E2,2.284439631E-2,6.641779328E-4,1.619021408E-3,9.997375011E-1,1.773819973E2,1.872166356E-1,-7.185099130E-2,1.773818759E2
2.079670211E2,2.284732039E-2,6.634556921E-4,1.614856417E-3,9.997374415E-1,1.773816621E2,1.867378055E-1,-7.177860766E-2,1.773815411E2
2.079720211E2,2.284182908E-2,6.674100878E-4,1.617107191E-3,9.997375607E-1,1.773822915E2,1.870056161E-1,-7.222676333E-2,1.773821697E2
2.079770211E2,2.284435737E-2,6.654846948E-4,1.619034330E-3,9.997375011E-1,1.773820017E2,1.872215345E-1,-7.200066940E-2,1.773818801E2
2.079820211E2,2.283922965E-2,6.684502587E-4,1.616543508E-3,9.997376204E-1,1.773825895E2,1.869435744E-1,-7.234788846E-2,1.773824674E2
2.079870211E2,2.283397074E-2,6.719033699E-4,1.615679357E-3,9.997377396E-1,1.773831923E2,1.868532316E-1,-7.274672684E-2,1.773830696E2
2.079920211E2,2.283648768E-2,6.709307781E-4,1.617391128E-3,9.997376800E-1,1.773829038E2,1.870469730E-1,-7.263035510E-2,1.773827812E2
2.079970211E2,2.283611518E-2,6.703190738E-4,1.622894779E-3,9.997376800E-1,1.773829465E2,1.876758536E-1,-7.254594422E-2,1.773828236E2
2.080020211E2,2.282856072E-2,6.749105523E-4,1.617111266E-3,9.997378588E-1,1.773838124E2,1.870247479E-1,-7.308849949E-2,1.773836891E2
2.080070211E2,2.283403433E-2,6.729203160E-4,1.614356763E-3,9.997377396E-1,1.773831850E2,1.867043786E-1,-7.286667871E-2,1.773830622E2
2.080120211E2,2.283656211E-2,6.703785621E-4,1.616568887E-3,9.997376800E-1,1.773828952E2,1.869513356E-1,-7.256923026E-2,1.773827728E2
2.080170211E2,2.283653773E-2,6.702188402E-4,1.616979484E-3,9.997376800E-1,1.773828980E2,1.869979545E-1,-7.254986231E-2,1.773827756E2
2.080220211E2,2.282617476E-2,6.778873503E-4,1.612691558E-3,9.997379184E-1,1.773840859E2,1.865260308E-1,-7.344153362E-2,1.773839623E2
2.080270211E2,2.282857774E-2,6.754599744E-4,1.616641413E-3,9.997378588E-1,1.773838104E2,1.869723595E-1,-7.315266813E-2,1.773836870E2
2.080320211E2,2.283893857E-2,6.682918174E-4,1.620716066E-3,9.997376204E-1,1.773826228E2,1.874211547E-1,-7.231887089E-2,1.773825005E2
2.080370211E2,2.283377317E-2,6.727210130E-4,1.618129434E-3,9.997377396E-1,1.773832149E2,1.871360424E-1,-7.283402313E-2,1.773830919E2
2.080420211E2,2.282644670E-2,6.783021381E-4,1.608663006E-3,9.997379184E-1,1.773840547E2,1.860656172E-1,-7.349953969E-2,1.773839313E2
2.080470211E2,2.283178996E-2,6.741462275E-4,1.608666964E-3,9.997377992E-1,1.773834422E2,1.860555887E-1,-7.302242730E-2,1.773833197E2
2.080520211E2,2.283421424E-2,6.723746774E-4,1.612037770E-3,9.997377396E-1,1.773831644E2,1.864372956E-1,-7.281020410E-2,1.773830419E2
2.080570211E2,2.282952211E-2,6.746623549E-4,1.603586134E-3,9.997378588E-1,1.773837022E2,1.854747039E-1,-7.309527016E-2,1.773835799E2
2.080620211E2,2.282947429E-2,6.747120060E-4,1.604245859E-3,9.997378588E-1,1.773837077E2,1.855504097E-1,-7.309924118E-2,1.773835853E2
2.080670211E2,2.283208488E-2,6.741666002E-4,1.604467165E-3,9.997377992E-1,1.773834084E2,1.855745266E-1,-7.303569508E-2,1.773832862E2
2.080720211E2,2.282438321E-2,6.791707710E-4,1.600512187E-3,9.997379780E-1,1.773842912E2,1.851339642E-1,-7.362075504E-2,1.773841683E2
2.080770211E2,2.282439292E-2,6.793538341E-4,1.600296120E-3,9.997379780E-1,1.773842901E2,1.851096908E-1,-7.364229039E-2,1.773841672E2
2.080820211E2,2.282163507E-2,6.813542568E-4,1.601540600E-3,9.997380376E-1,1.773846062E2,1.852572898E-1,-7.386871793E-2,1.773844828E2
2.080870211E2,2.282404346E-2,6.792398053E-4,1.605320722E-3,9.997379780E-1,1.773843301E2,1.856849948E-1,-7.361614958E-2,1.773842069E2
2.080920211E2,2.281884694E-2,6.835108506E-4,1.603141427E-3,9.997380972E-1,1.773849258E2,1.854461176E-1,-7.411211128E-2,1.773848019E2
2.080970211E2,2.281935282E-2,6.825567689E-4,1.596332761E-3,9.997380972E-1,1.773848678E2,1.846636459E-1,-7.402052121E-2,1.773847446E2
2.081020211E2,2.282175473E-2,6.809988408E-4,1.599985873E-3,9.997380376E-1,1.773845925E2,1.850782566E-1,-7.383204483E-2,1.773844693E2
2.081070211E2,2.282149545E-2,6.810073974E-4,1.603676239E-3,9.997380376E-1,1.773846222E2,1.855010352E-1,-7.382342175E-2,1.773844987E2
2.081120211E2,2.280827672E-2,6.903898902E-4,1.601932454E-3,9.997383356E-1,1.773861373E2,1.853248135E-1,-7.490530586E-2,1.773860122E2
2.081170211E2,2.280286902E-2,6.938836304E-4,1.603011740E-3,9.997384548E-1,1.773867572E2,1.854571841E-1,-7.530373655E-2,1.773866313E2
2.081220211E2,2.280551826E-2,6.911250530E-4,1.603688812E-3,9.997383952E-1,1.773864535E2,1.855277402E-1,-7.498544850E-2,1.773863281E2
2.081270211E2,2.280307615E-2,6.928737857E-4,1.600500196E-3,9.997384548E-1,1.773867334E2,1.851668331E-1,-7.519457176E-2,1.773866080E2
2.081320211E2,2.280020835E-2,6.948898081E-4,1.603248529E-3,9.997385144E-1,1.773870622E2,1.854867399E-1,-7.541888079E-2,1.773869361E2
2.081370211E2,2.280833878E-2,6.908162613E-4,1.600864693E-3,9.997383356E-1,1.773861302E2,1.852036079E-1,-7.495693101E-2,1.773860051E2
2.081420211E2,2.280843930E-2,6.903727190E-4,1.599623472E-3,9.997383356E-1,1.773861187E2,1.850602594E-1,-7.490934374E-2,1.773859938E2
2.081470211E2,2.280578717E-2,6.918958388E-4,1.599526964E-3,9.997383952E-1,1.773864227E2,1.850529855E-1,-7.508457798E-2,1.773862975E2
2.081520211E2,2.280346972E-2,6.937972503E-4,1.594481291E-3,9.997384548E-1,1.773866883E2,1.844797384E-1,-7.531602116E-2,1.773865631E2
2.081570211E2,2.280899864E-2,6.898783613E-4,1.591842272E-3,9.997383356E-1,1.773860546E2,1.841675794E-1,-7.487294465E-2,1.773859303E2
2.081620211E2,2.280906379E-2,6.893710815E-4,1.591128414E-3,9.997383356E-1,1.773860471E2,1.840844772E-1,-7.481668379E-2,1.773859230E2
2.081670211E2,2.280640957E-2,6.925176713E-4,1.590357395E-3,9.997383952E-1,1.773863514E2,1.840041737E-1,-7.517966604E-2,1.773862267E2
2.081720211E2,2.280922776E-2,6.903650356E-4,1.588344458E-3,9.997383356E-1,1.773860283E2,1.837681523E-1,-7.493779948E-2,1.773859042E2
2.081770211E2,2.280895657E-2,6.906799972E-4,1.592097455E-3,9.997383356E-1,1.773860594E2,1.841989060E-1,-7.496412210E-2,1.773859350E2
2.081820211E2,2.280101238E-2,6.946107605E-4,1.591894776E-3,9.997385144E-1,1.773869700E2,1.841853628E-1,-7.541643007E-2,1.773868448E2
2.081870211E2,2.280350553E-2,6.926897331E-4,1.594450790E-3,9.997384548E-1,1.773866842E2,1.844733524E-1,-7.518921529E-2,1.773865592E2
2.081920211E2,2.280628165E-2,6.923886831E-4,1.592246816E-3,9.997383952E-1,1.773863660E2,1.842202826E-1,-7.515997442E-2,1.773862413E2
2.081970211E2,2.281403979E-2,6.870315992E-4,1.595695852E-3,9.997382164E-1,1.773854768E2,1.846019873E-1,-7.453581147E-2,1.773853528E2
2.082020211E2,2.281372915E-2,6.867539487E-4,1.600250020E-3,9.997382164E-1,1.773855124E2,1.851229725E-1,-7.449215437E-2,1.773853881E2
2.082070211E2,2.280612952E-2,6.915114354E-4,1.594805042E-3,9.997383952E-1,1.773863835E2,1.845110538E-1,-7.505281756E-2,1.773862587E2
2.082120211E2,2.281147214E-2,6.887061754E-4,1.594337984E-3,9.997382760E-1,1.773857711E2,1.844506138E-1,-7.473167738E-2,1.773856469E2
2.082170211E2,2.282472825E-2,6.793873617E-4,1.595491893E-3,9.997379780E-1,1.773842517E2,1.845594217E-1,-7.365863544E-2,1.773841291E2
2.082220211E2,2.281652486E-2,6.845252356E-4,1.598582370E-3,9.997381568E-1,1.773851919E2,1.849263036E-1,-7.424067217E-2,1.773850682E2
2.082270211E2,2.282166733E-2,6.811477942E-4,1.601168769E-3,9.997380376E-1,1.773846025E2,1.852141546E-1,-7.384603172E-2,1.773844792E2
2.082320211E2,2.282453210E-2,6.794516230E-4,1.598268165E-3,9.997379780E-1,1.773842741E2,1.848776304E-1,-7.365877183E-2,1.773841514E2
2.082370211E2,2.283023338E-2,6.744682323E-4,1.593509922E-3,9.997378588E-1,1.773836206E2,1.843198979E-1,-7.309926139E-2,1.773834991E2
2.082420211E2,2.282998143E-2,6.750248722E-4,1.596880378E-3,9.997378588E-1,1.773836495E2,1.847074618E-1,-7.315425942E-2,1.773835277E2
2.082470211E2,2.282467429E-2,6.790893967E-4,1.596390386E-3,9.997379780E-1,1.773842578E2,1.846615714E-1,-7.362215992E-2,1.773841353E2
2.082520211E2,2.282186668E-2,6.816404057E-4,1.598114730E-3,9.997380376E-1,1.773845796E2,1.848655811E-1,-7.391041643E-2,1.773844565E2
2.082570211E2,2.281118776E-2,6.875921972E-4,1.598881208E-3,9.997382760E-1,1.773858037E2,1.849681609E-1,-7.459223428E-2,1.773856793E2
2.082620211E2,2.280811640E-2,6.899311556E-4,1.604410820E-3,9.997383356E-1,1.773861557E2,1.856075289E-1,-7.484630439E-2,1.773860305E2
2.082670211E2,2.280806790E-2,6.892997772E-4,1.605371363E-3,9.997383356E-1,1.773861613E2,1.857159165E-1,-7.477147104E-2,1.773860361E2
2.082720211E2,2.281339990E-2,6.858883426E-4,1.605307218E-3,9.997382164E-1,1.773855501E2,1.857000472E-1,-7.437982882E-2,1.773854256E2
2.082770211E2,2.280518293E-2,6.922958419E-4,1.607946819E-3,9.997383952E-1,1.773864920E2,1.860185808E-1,-7.510851028E-2,1.773863660E2
2.082820211E2,2.280236519E-2,6.945932400E-4,1.609856728E-3,9.997384548E-1,1.773868149E2,1.862431760E-1,-7.536723749E-2,1.773866884E2
2.082870211E2,2.280491361E-2,6.917644641E-4,1.611990039E-3,9.997383952E-1,1.773865228E2,1.864803710E-1,-7.503711842E-2,1.773863967E2
2.082920211E2,2.280467829E-2,6.930623204E-4,1.614759210E-3,9.997383952E-1,1.773865498E2,1.868009872E-1,-7.517861001E-2,1.773864232E2
2.082970211E2,2.280218935E-2,6.931819371E-4,1.612952678E-3,9.997384548E-1,1.773868351E2,1.865941526E-1,-7.519749915E-2,1.773867086E2
2.083020211E2,2.280233439E-2,6.931825774E-4,1.610900625E-3,9.997384548E-1,1.773868185E2,1.863590780E-1,-7.520290762E-2,1.773866921E2
2.083070211E2,2.280798563E-2,6.909510703E-4,1.605830272E-3,9.997383356E-1,1.773861707E2,1.857728003E-1,-7.495946167E-2,1.773860452E2
2.083120211E2,2.281320981E-2,6.862860755E-4,1.607836690E-3,9.997382164E-1,1.773855719E2,1.859908542E-1,-7.441881618E-2,1.773854471E2
2.083170211E2,2.280796583E-2,6.907799398E-4,1.606185106E-3,9.997383356E-1,1.773861730E2,1.858130020E-1,-7.493893292E-2,1.773860475E2
2.083220211E2,2.281889473E-2,6.830639322E-4,1.602651668E-3,9.997380972E-1,1.773849203E2,1.853888446E-1,-7.406218344E-2,1.773847965E2
2.083270211E2,2.282158454E-2,6.815782981E-4,1.602165168E-3,9.997380376E-1,1.773846120E2,1.853294238E-1,-7.389276039E-2,1.773844885E2
2.083320211E2,2.281813140E-2,6.829903577E-4,1.613514381E-3,9.997380972E-1,1.773850078E2,1.866330492E-1,-7.402549135E-2,1.773848832E2
2.083370211E2,2.281823649E-2,6.831936189E-4,1.611941378E-3,9.997380972E-1,1.773849957E2,1.864533822E-1,-7.405287090E-2,1.773848712E2
2.083420211E2,2.281832889E-2,6.831642240E-4,1.610645326E-3,9.997380972E-1,1.773849852E2,1.863048339E-1,-7.405287522E-2,1.773848608E2
2.083470211E2,2.281820020E-2,6.825483870E-4,1.612728229E-3,9.997380972E-1,1.773849999E2,1.865418353E-1,-7.397690134E-2,1.773848755E2
2.083520211E2,2.281006837E-2,6.878882414E-4,1.614645938E-3,9.997382760E-1,1.773859320E2,1.867748897E-1,-7.458514814E-2,1.773858064E2
2.083570211E2,2.281564884E-2,6.854830426E-4,1.610629726E-3,9.997381568E-1,1.773852923E2,1.863089117E-1,-7.431906300E-2,1.773851675E2
2.083620211E2,2.281601743E-2,6.842751172E-4,1.605915138E-3,9.997381568E-1,1.773852501E2,1.857656681E-1,-7.419293945E-2,1.773851258E2
2.083670211E2,2.281832276E-2,6.828197511E-4,1.610878273E-3,9.997380972E-1,1.773849859E2,1.863306195E-1,-7.401280385E-2,1.773848615E2
2.083720211E2,2.282078580E-2,6.807046011E-4,1.613871078E-3,9.997380376E-1,1.773847035E2,1.866681313E-1,-7.376220309E-2,1.773845794E2
2.083770211E2,2.282085334E-2,6.816950627E-4,1.612497377E-3,9.997380376E-1,1.773846958E2,1.865133530E-1,-7.387925183E-2,1.773845715E2
2.083820211E2,2.281530551E-2,6.848361809E-4,1.615760266E-3,9.997381568E-1,1.773853317E2,1.868949593E-1,-7.423160731E-2,1.773852066E2
2.083870211E2,2.282259008E-2,6.802058779E-4,1.625448698E-3,9.997379780E-1,1.773844967E2,1.879933145E-1,-7.367445152E-2,1.773843718E2
2.083920211E2,2.281704382E-2,6.837300607E-4,1.628511469E-3,9.997380972E-1,1.773851325E2,1.883529985E-1,-7.407122199E-2,1.773850066E2
2.083970211E2,2.281467684E-2,6.857386907E-4,1.624232274E-3,9.997381568E-1,1.773854038E2,1.878678423E-1,-7.431296774E-2,1.773852779E2
2.084020211E2,2.281747921E-2,6.824180600E-4,1.622952055E-3,9.997380972E-1,1.773850825E2,1.877127026E-1,-7.393537195E-2,1.773849574E2
2.084070211E2,2.281745547E-2,6.839318667E-4,1.622648560E-3,9.997380972E-1,1.773850853E2,1.876818905E-1,-7.410959408E-2,1.773849598E2
2.084120211E2,2.281767487E-2,6.835644017E-4,1.619715593E-3,9.997380972E-1,1.773850601E2,1.873449394E-1,-7.407512477E-2,1.773849350E2
2.084170211E2,2.282330936E-2,6.785573205E-4,1.616010908E-3,9.997379780E-1,1.773844143E2,1.869078439E-1,-7.351013935E-2,1.773842904E2
2.084220211E2,2.282579867E-2,6.770992186E-4,1.618335955E-3,9.997379184E-1,1.773841290E2,1.871705743E-1,-7.333654973E-2,1.773840051E2
2.084270211E2,2.282280548E-2,6.791836349E-4,1.622849610E-3,9.997379780E-1,1.773844720E2,1.876928999E-1,-7.356409898E-2,1.773843475E2
2.084320211E2,2.282005628E-2,6.814968074E-4,1.623821678E-3,9.997380376E-1,1.773847872E2,1.878101094E-1,-7.382707375E-2,1.773846621E2
2.084370211E2,2.282533731E-2,6.784511497E-4,1.624266035E-3,9.997379184E-1,1.773841818E2,1.878534384E-1,-7.347600403E-2,1.773840573E2
2.084420211E2,2.283304896E-2,6.716951029E-4,1.628740109E-3,9.997377396E-1,1.773832979E2,1.883488841E-1,-7.268886494E-2,1.773831744E2
2.084470211E2,2.283044032E-2,6.735381321E-4,1.627960941E-3,9.997377992E-1,1.773835969E2,1.882642538E-1,-7.290253523E-2,1.773834731E2
2.084520211E2,2.282570884E-2,6.769496831E-4,1.619664952E-3,9.997379184E-1,1.773841393E2,1.873224290E-1,-7.331595919E-2,1.773840154E2
2.084570211E2,2.282838438E-2,6.762751145E-4,1.619029325E-3,9.997378588E-1,1.773838326E2,1.872480416E-1,-7.323984108E-2,1.773837089E2
2.084620211E2,2.282837540E-2,6.755162030E-4,1.619472750E-3,9.997378588E-1,1.773838336E2,1.872968551E-1,-7.315174065E-2,1.773837100E2
2.084670211E2,2.283092393E-2,6.746614818E-4,1.620697323E-3,9.997377992E-1,1.773835415E2,1.874350946E-1,-7.305014107E-2,1.773834180E2
2.084720211E2,2.283385854E-2,6.727624568E-4,1.616907073E-3,9.997377396E-1,1.773832051E2,1.869961211E-1,-7.284195357E-2,1.773830822E2
2.084770211E2,2.283152933E-2,6.731224712E-4,1.612789463E-3,9.997377992E-1,1.773834721E2,1.865251722E-1,-7.289440647E-2,1.773833495E2
2.084820211E2,2.283663302E-2,6.698920042E-4,1.615768648E-3,9.997376800E-1,1.773828871E2,1.868583904E-1,-7.251557042E-2,1.773827649E2
2.084870211E2,2.283115257E-2,6.743667182E-4,1.617596135E-3,9.997377992E-1,1.773835153E2,1.870790620E-1,-7.302444353E-2,1.773833920E2
2.084920211E2,2.283984841E-2,6.688619033E-4,1.607606304E-3,9.997376204E-1,1.773825186E2,1.859208337E-1,-7.241832345E-2,1.773823971E2
2.084970211E2,2.283709803E-2,6.695745979E-4,1.609315048E-3,9.997376800E-1,1.773828338E2,1.861182568E-1,-7.249601043E-2,1.773827121E2
2.085020211E2,2.284476847E-2,6.651947042E-4,1.613342902E-3,9.997375011E-1,1.773819546E2,1.865687841E-1,-7.198227049E-2,1.773818334E2
2.085070211E2,2.285019435E-2,6.613452570E-4,1.611955930E-3,9.997373819E-1,1.773813327E2,1.864001997E-1,-7.154389133E-2,1.773812123E2
2.085120211E2,2.285599520E-2,6.569029647E-4,1.605452970E-3,9.997372627E-1,1.773806678E2,1.856439874E-1,-7.105092688E-2,1.773805487E2
2.085170211E2,2.285570301E-2,6.565440563E-4,1.609753817E-3,9.997372627E-1,1.773807013E2,1.861357395E-1,-7.099859930E-2,1.773805820E2
2.085220211E2,2.285798206E-2,6.562073831E-4,1.614541281E-3,9.997372031E-1,1.773804401E2,1.866834800E-1,-7.094706466E-2,1.773803205E2
2.085270211E2,2.285606500E-2,6.566884113E-4,1.604546793E-3,9.997372627E-1,1.773806598E2,1.855396171E-1,-7.102870785E-2,1.773805408E2
2.085320211E2,2.286410648E-2,6.523953634E-4,1.603142708E-3,9.997370839E-1,1.773797381E2,1.853680844E-1,-7.053907650E-2,1.773796200E2
2.085370211E2,2.286913148E-2,6.479869480E-4,1.607590006E-3,9.997369647E-1,1.773791621E2,1.858663752E-1,-7.002145513E-2,1.773790446E2
2.085420211E2,2.286635826E-2,6.500293384E-4,1.609146129E-3,9.997370243E-1,1.773794800E2,1.860498056E-1,-7.025187225E-2,1.773793620E2
2.085470211E2,2.286148503E-2,6.530411774E-4,1.603094744E-3,9.997371435E-1,1.773800385E2,1.853640968E-1,-7.061367362E-2,1.773799204E2
2.085520211E2,2.286163474E-2,6.533951964E-4,1.600813936E-3,9.997371435E-1,1.773800214E2,1.851037413E-1,-7.066017823E-2,1.773799033E2
2.085570211E2,2.287161745E-2,6.471273373E-4,1.609635539E-3,9.997369051E-1,1.773788771E2,1.860986360E-1,-6.991715332E-2,1.773787596E2
2.085620211E2,2.286352165E-2,6.521111936E-4,1.611576881E-3,9.997370839E-1,1.773798051E2,1.863335328E-1,-7.048453174E-2,1.773796865E2
2.085670211E2,2.285080722E-2,6.600057823E-4,1.603796496E-3,9.997373819E-1,1.773812624E2,1.854619759E-1,-7.141169139E-2,1.773811429E2
2.085720211E2,2.285849344E-2,6.552708219E-4,1.607666956E-3,9.997372031E-1,1.773803814E2,1.858935275E-1,-7.085768271E-2,1.773802625E2
2.085770211E2,2.285580012E-2,6.570784026E-4,1.608156133E-3,9.997372627E-1,1.773806901E2,1.859541125E-1,-7.106398139E-2,1.773805709E2
2.085820211E2,2.284518060E-2,6.636687322E-4,1.608127030E-3,9.997375011E-1,1.773819074E2,1.859672784E-1,-7.182103100E-2,1.773817869E2
2.085870211E2,2.285853017E-2,6.557601737E-4,1.606945065E-3,9.997372031E-1,1.773803772E2,1.858121109E-1,-7.091562775E-2,1.773802583E2
2.085920211E2,2.285813773E-2,6.553384010E-4,1.612689230E-3,9.997372031E-1,1.773804222E2,1.864690402E-1,-7.085233510E-2,1.773803029E2
2.085970211E2,2.285017985E-2,6.606162060E-4,1.612460474E-3,9.997373819E-1,1.773813344E2,1.864560910E-1,-7.145905168E-2,1.773812141E2
2.086020211E2,2.284794495E-2,6.620291388E-4,1.606584177E-3,9.997374415E-1,1.773815905E2,1.857864316E-1,-7.163672215E-2,1.773814704E2
2.086070211E2,2.285560083E-2,6.573898718E-4,1.610859064E-3,9.997372627E-1,1.773807130E2,1.862645670E-1,-7.109262137E-2,1.773805935E2
2.086120211E2,2.285803424E-2,6.563757197E-4,1.613733941E-3,9.997372031E-1,1.773804341E2,1.865914343E-1,-7.096845460E-2,1.773803145E2
2.086170211E2,2.284991283E-2,6.617486360E-4,1.615776564E-3,9.997373819E-1,1.773813650E2,1.868389349E-1,-7.158015108E-2,1.773812443E2
2.086220211E2,2.284490327E-2,6.654659519E-4,1.611320884E-3,9.997375011E-1,1.773819392E2,1.863378579E-1,-7.201861344E-2,1.773818181E2
2.086270211E2,2.285050311E-2,6.616553292E-4,1.607445534E-3,9.997373819E-1,1.773812973E2,1.858843146E-1,-7.159116702E-2,1.773811772E2
2.086320211E2,2.285273311E-2,6.597104948E-4,1.613601809E-3,9.997373223E-1,1.773810417E2,1.865846549E-1,-7.135182686E-2,1.773809215E2
2.086370211E2,2.285028076E-2,6.615190650E-4,1.610659296E-3,9.997373819E-1,1.773813228E2,1.862521163E-1,-7.156718227E-2,1.773812025E2
2.086420211E2,2.285328828E-2,6.588666583E-4,1.606066246E-3,9.997373223E-1,1.773809781E2,1.857191963E-1,-7.127478710E-2,1.773808586E2
2.086470211E2,2.286113330E-2,6.538775051E-4,1.607762999E-3,9.997371435E-1,1.773800789E2,1.859010669E-1,-7.069731981E-2,1.773799602E2
2.086520211E2,2.285850082E-2,6.559452740E-4,1.607286977E-3,9.997372031E-1,1.773803806E2,1.858517638E-1,-7.093594294E-2,1.773802616E2
2.086570211E2,2.285321822E-2,6.587405223E-4,1.607114682E-3,9.997373223E-1,1.773809861E2,1.858389717E-1,-7.125760403E-2,1.773808666E2
2.086620211E2,2.285315415E-2,6.596391904E-4,1.607656945E-3,9.997373223E-1,1.773809934E2,1.859034435E-1,-7.135914857E-2,1.773808737E2
2.086670211E2,2.285799145E-2,6.556038861E-4,1.614653505E-3,9.997372031E-1,1.773804390E2,1.866947563E-1,-7.087763143E-2,1.773803195E2
2.086720211E2,2.286061219E-2,6.545539363E-4,1.614881679E-3,9.997371435E-1,1.773801386E2,1.867183313E-1,-7.075626046E-2,1.773800193E2
2.086770211E2,2.285797815E-2,6.564997602E-4,1.614477718E-3,9.997372031E-1,1.773804405E2,1.866769638E-1,-7.098072704E-2,1.773803209E2
2.086820211E2,2.286081002E-2,6.538579473E-4,1.612361171E-3,9.997371435E-1,1.773801159E2,1.864277678E-1,-7.068309316E-2,1.773799969E2
2.086870211E2,2.286911244E-2,6.475539412E-4,1.608035178E-3,9.997369647E-1,1.773791643E2,1.859162387E-1,-6.997068610E-2,1.773790468E2
2.086920211E2,2.286651438E-2,6.499856245E-4,1.606943668E-3,9.997370243E-1,1.773794621E2,1.857973841E-1,-7.025260666E-2,1.773793442E2
2.086970211E2,2.286952769E-2,6.487047649E-4,1.601653057E-3,9.997369647E-1,1.773791167E2,1.851881368E-1,-7.011917502E-2,1.773789994E2
2.087020211E2,2.287469363E-2,6.436023978E-4,1.604347373E-3,9.997368455E-1,1.773785245E2,1.854837885E-1,-6.952662077E-2,1.773784081E2
2.087070211E2,2.287690706E-2,6.433216040E-4,1.610031584E-3,9.997367859E-1,1.773782708E2,1.861343995E-1,-6.947914013E-2,1.773781540E2
2.087120211E2,2.286893954E-2,6.482659373E-4,1.610205858E-3,9.997369647E-1,1.773791841E2,1.861667697E-1,-7.004659684E-2,1.773790663E2
2.087170211E2,2.287433174E-2,6.441308069E-4,1.609287458E-3,9.997368455E-1,1.773785660E2,1.860510934E-1,-6.957427366E-2,1.773784491E2
2.087220211E2,2.287673064E-2,6.426863838E-4,1.612789580E-3,9.997367859E-1,1.773782911E2,1.864486827E-1,-6.939917087E-2,1.773781742E2
2.087270211E2,2.286578155E-2,6.496522692E-4,1.617471920E-3,9.997370243E-1,1.773795461E2,1.870025946E-1,-7.018696551E-2,1.773794275E2
2.087320211E2,2.286846792E-2,6.486827042E-4,1.616722904E-3,9.997369647E-1,1.773792381E2,1.869144335E-1,-7.007735115E-2,1.773791199E2
2.087370211E2,2.287378623E-2,6.445759791E-4,1.616845140E-3,9.997368455E-1,1.773786286E2,1.869180441E-1,-6.960556406E-2,1.773785110E2
2.087420211E2,2.287850860E-2,6.419001729E-4,1.624785247E-3,9.997367263E-1,1.773780873E2,1.878209896E-1,-6.927731955E-2,1.773779697E2
2.087470211E2,2.288370283E-2,6.381089916E-4,1.626479789E-3,9.997366071E-1,1.773774919E2,1.880055363E-1,-6.883757685E-2,1.773773750E2
2.087520211E2,2.288165768E-2,6.387592293E-4,1.618340262E-3,9.997366667E-1,1.773777263E2,1.870746221E-1,-6.893379679E-2,1.773776098E2
2.087570211E2,2.288443143E-2,6.377588143E-4,1.616334310E-3,9.997366071E-1,1.773774084E2,1.868423841E-1,-6.882392937E-2,1.773772922E2
2.087620211E2,2.288397914E-2,6.367689930E-4,1.623113872E-3,9.997366071E-1,1.773774602E2,1.876164357E-1,-6.869283964E-2,1.773773438E2
2.087670211E2,2.287622003E-2,6.435476243E-4,1.619674265E-3,9.997367859E-1,1.773783496E2,1.872396270E-1,-6.947988256E-2,1.773782321E2
2.087720211E2,2.287145698E-2,6.470547523E-4,1.611943240E-3,9.997369051E-1,1.773788955E2,1.863628089E-1,-6.990281928E-2,1.773787779E2
2.087770211E2,2.287436977E-2,6.446351763E-4,1.608544728E-3,9.997368455E-1,1.773785617E2,1.859673298E-1,-6.963399480E-2,1.773784447E2
2.087820211E2,2.286616008E-2,6.493299734E-4,1.612241613E-3,9.997370243E-1,1.773795027E2,1.864025831E-1,-7.016367747E-2,1.773793846E2
2.087870211E2,2.285813202E-2,6.563547649E-4,1.612356748E-3,9.997372031E-1,1.773804229E2,1.864336126E-1,-7.096964326E-2,1.773803034E2
2.087920211E2,2.286100529E-2,6.530220271E-4,1.609929372E-3,9.997371435E-1,1.773800935E2,1.861470001E-1,-7.059366332E-2,1.773799749E2
2.087970211E2,2.286335384E-2,6.518900627E-4,1.614045119E-3,9.997370839E-1,1.773798243E2,1.866157073E-1,-7.045276298E-2,1.773797056E2
2.088020211E2,2.285502286E-2,6.574296276E-4,1.619022456E-3,9.997372627E-1,1.773807792E2,1.871998431E-1,-7.107590267E-2,1.773806591E2
2.088070211E2,2.284445838E-2,6.643075030E-4,1.618092181E-3,9.997375011E-1,1.773819902E2,1.871105253E-1,-7.186825607E-2,1.773818688E2
2.088120211E2,2.284989132E-2,6.619971828E-4,1.615978894E-3,9.997373819E-1,1.773813674E2,1.868627635E-1,-7.160809918E-2,1.773812467E2
2.088170211E2,2.285248155E-2,6.584829534E-4,1.617660862E-3,9.997373223E-1,1.773810705E2,1.870464345E-1,-7.120061488E-2,1.773809503E2
2.088220211E2,2.284993928E-2,6.604658556E-4,1.615927438E-3,9.997373819E-1,1.773813619E2,1.868528619E-1,-7.143279382E-2,1.773812415E2
2.088270211E2,2.283961275E-2,6.677454803E-4,1.611413900E-3,9.997376204E-1,1.773825456E2,1.863540997E-1,-7.228050233E-2,1.773824240E2
2.088320211E2,2.284527465E-2,6.640600623E-4,1.606628764E-3,9.997375011E-1,1.773818966E2,1.857966657E-1,-7.186976734E-2,1.773817761E2
2.088370211E2,2.284764180E-2,6.622083019E-4,1.610815874E-3,9.997374415E-1,1.773816253E2,1.862716701E-1,-7.164622396E-2,1.773815048E2
2.088420211E2,2.284479412E-2,6.647792179E-4,1.613150933E-3,9.997375011E-1,1.773819517E2,1.865457058E-1,-7.193516953E-2,1.773818306E2
2.088470211E2,2.284240349E-2,6.666641566E-4,1.609282219E-3,9.997375607E-1,1.773822257E2,1.861072613E-1,-7.216168408E-2,1.773821045E2
2.088520211E2,2.285032201E-2,6.605622475E-4,1.610466745E-3,9.997373819E-1,1.773813181E2,1.862275546E-1,-7.145806434E-2,1.773811980E2
2.088570211E2,2.285017102E-2,6.619249471E-4,1.612048713E-3,9.997373819E-1,1.773813354E2,1.864123456E-1,-7.161006289E-2,1.773812149E2
2.088620211E2,2.284236416E-2,6.660132785E-4,1.610109815E-3,9.997375607E-1,1.773822302E2,1.862003655E-1,-7.208495944E-2,1.773821091E2
2.088670211E2,2.284270775E-2,6.656912738E-4,1.605361467E-3,9.997375607E-1,1.773821908E2,1.856555677E-1,-7.206043587E-2,1.773820701E2
2.088720211E2,2.284800874E-2,6.632365403E-4,1.605178346E-3,9.997374415E-1,1.773815832E2,1.856285432E-1,-7.177871295E-2,1.773814630E2
2.088770211E2,2.284528782E-2,6.643116940E-4,1.606337493E-3,9.997375011E-1,1.773818951E2,1.857639569E-1,-7.189935475E-2,1.773817746E2
2.088820211E2,2.284015000E-2,6.678978098E-4,1.603717566E-3,9.997376204E-1,1.773824840E2,1.854728309E-1,-7.231799777E-2,1.773823630E2
2.088870211E2,2.284284004E-2,6.653880118E-4,1.603603829E-3,9.997375607E-1,1.773821757E2,1.854534249E-1,-7.203027016E-2,1.773820551E2
2.088920211E2,2.283467789E-2,6.710955058E-4,1.605991856E-3,9.997377396E-1,1.773831112E2,1.857413504E-1,-7.267939464E-2,1.773829894E2
2.088970211E2,2.282916646E-2,6.758421077E-4,1.608146005E-3,9.997378588E-1,1.773837429E2,1.860001522E-1,-7.321856114E-2,1.773836201E2
2.089020211E2,2.283432529E-2,6.720107631E-4,1.610615873E-3,9.997377396E-1,1.773831516E2,1.862734561E-1,-7.277221355E-2,1.773830293E2
2.089070211E2,2.283452511E-2,6.727818982E-4,1.607457874E-3,9.997377396E-1,1.773831287E2,1.859137024E-1,-7.286878251E-2,1.773830065E2
2.089120211E2,2.283970580E-2,6.680779043E-4,1.609956613E-3,9.997376204E-1,1.773825349E2,1.861880270E-1,-7.232238223E-2,1.773824134E2
2.089170211E2,2.284233952E-2,6.663741660E-4,1.610309933E-3,9.997375607E-1,1.773822330E2,1.862242344E-1,-7.212578401E-2,1.773821118E2
2.089220211E2,2.283754921E-2,6.690492155E-4,1.603119075E-3,9.997376800E-1,1.773827821E2,1.854070921E-1,-7.245195341E-2,1.773826609E2
2.089270211E2,2.282690855E-2,6.769484025E-4,1.602668548E-3,9.997379184E-1,1.773840017E2,1.853753730E-1,-7.336004855E-2,1.773838791E2
2.089320211E2,2.282657473E-2,6.767437444E-4,1.607502229E-3,9.997379184E-1,1.773840400E2,1.859285688E-1,-7.332402027E-2,1.773839171E2
2.089370211E2,2.281888422E-2,6.821877905E-4,1.603174373E-3,9.997380972E-1,1.773849215E2,1.854464346E-1,-7.396044634E-2,1.773847978E2
2.089420211E2,2.282179973E-2,6.804878358E-4,1.599561423E-3,9.997380376E-1,1.773845873E2,1.850282975E-1,-7.377460502E-2,1.773844642E2
2.089470211E2,2.282697914E-2,6.770149921E-4,1.601634547E-3,9.997379184E-1,1.773839937E2,1.852570953E-1,-7.337036892E-2,1.773838711E2
2.089520211E2,2.282936899E-2,6.755412905E-4,1.605394995E-3,9.997378588E-1,1.773837197E2,1.856842189E-1,-7.319125851E-2,1.773835972E2
2.089570211E2,2.283528339E-2,6.721022073E-4,1.596936025E-3,9.997377396E-1,1.773830418E2,1.847065759E-1,-7.281830923E-2,1.773829205E2
2.089620211E2,2.284080565E-2,6.673665484E-4,1.594574773E-3,9.997376204E-1,1.773824088E2,1.844240720E-1,-7.228094517E-2,1.773822886E2
2.089670211E2,2.284607754E-2,6.647640257E-4,1.594877918E-3,9.997375011E-1,1.773818046E2,1.844523678E-1,-7.198103004E-2,1.773816848E2
2.089720211E2,2.284874525E-2,6.624078960E-4,1.595004695E-3,9.997374415E-1,1.773814988E2,1.844609138E-1,-7.171028411E-2,1.773813794E2
2.089770211E2,2.284349907E-2,6.667836569E-4,1.593605150E-3,9.997375607E-1,1.773821001E2,1.843116589E-1,-7.221620965E-2,1.773819801E2
2.089820211E2,2.284881851E-2,6.615350721E-4,1.594317262E-3,9.997374415E-1,1.773814904E2,1.843798799E-1,-7.161207855E-2,1.773813713E2
2.089870211E2,2.284841206E-2,6.616673199E-4,1.600076910E-3,9.997374415E-1,1.773815370E2,1.850400330E-1,-7.161222320E-2,1.773814174E2
2.089920211E2,2.284316318E-2,6.662345841E-4,1.598641626E-3,9.997375607E-1,1.773821386E2,1.848871852E-1,-7.214018467E-2,1.773820183E2
2.089970211E2,2.284639120E-2,6.645293906E-4,1.590476488E-3,9.997375011E-1,1.773817686E2,1.839475400E-1,-7.196561552E-2,1.773816492E2
2.090020211E2,2.285438767E-2,6.588723627E-4,1.590342959E-3,9.997373223E-1,1.773808520E2,1.839180010E-1,-7.131641633E-2,1.773807337E2
2.090070211E2,2.285401230E-2,6.579584442E-4,1.596105285E-3,9.997373223E-1,1.773808951E2,1.845757231E-1,-7.119669399E-2,1.773807765E2
2.090120211E2,2.285918679E-2,6.559774047E-4,1.597488183E-3,9.997372031E-1,1.773803020E2,1.847293289E-1,-7.096516520E-2,1.773801837E2
2.090170211E2,2.285158492E-2,6.600063643E-4,1.592676854E-3,9.997373819E-1,1.773811733E2,1.841881462E-1,-7.144073305E-2,1.773810546E2
2.090220211E2,2.284598388E-2,6.637077313E-4,1.596658491E-3,9.997375011E-1,1.773818153E2,1.846535810E-1,-7.185537494E-2,1.773816956E2
2.090270211E2,2.284051462E-2,6.685049739E-4,1.598262344E-3,9.997376204E-1,1.773824422E2,1.848494861E-1,-7.240176657E-2,1.773823215E2
2.090320211E2,2.284355332E-2,6.662717205E-4,1.593041467E-3,9.997375607E-1,1.773820939E2,1.842457459E-1,-7.215902704E-2,1.773819740E2
2.090370211E2,2.284114557E-2,6.684041000E-4,1.589262276E-3,9.997376204E-1,1.773823699E2,1.838182031E-1,-7.241365157E-2,1.773822498E2
2.090420211E2,2.283829105E-2,6.687652785E-4,1.592635061E-3,9.997376800E-1,1.773826971E2,1.842053342E-1,-7.244672633E-2,1.773825767E2
2.090470211E2,2.283514270E-2,6.717160577E-4,1.599108800E-3,9.997377396E-1,1.773830579E2,1.849544723E-1,-7.276841152E-2,1.773829365E2
2.090520211E2,2.283778985E-2,6.699943915E-4,1.599291689E-3,9.997376800E-1,1.773827545E2,1.849711108E-1,-7.257020641E-2,1.773826334E2
2.090570211E2,2.283511404E-2,6.718115765E-4,1.599477837E-3,9.997377396E-1,1.773830612E2,1.849969978E-1,-7.277839389E-2,1.773829398E2
2.090620211E2,2.283452625E-2,6.711878232E-4,1.608108054E-3,9.997377396E-1,1.773831286E2,1.859840166E-1,-7.268446123E-2,1.773830066E2
2.090670211E2,2.282658346E-2,6.767095765E-4,1.607392565E-3,9.997379184E-1,1.773840390E2,1.859159168E-1,-7.332039118E-2,1.773839161E2
2.090720211E2,2.282992126E-2,6.760891993E-4,1.597290160E-3,9.997378588E-1,1.773836564E2,1.847571876E-1,-7.327512942E-2,1.773835343E2
2.090770211E2,2.283238065E-2,6.733483169E-4,1.600597170E-3,9.997377992E-1,1.773833745E2,1.851290530E-1,-7.295202230E-2,1.773832527E2
2.090820211E2,2.283488616E-2,6.709394511E-4,1.603093231E-3,9.997377396E-1,1.773830873E2,1.854088852E-1,-7.266906322E-2,1.773829658E2
2.090870211E2,2.283490796E-2,6.716747885E-4,1.602474600E-3,9.997377396E-1,1.773830848E2,1.853399396E-1,-7.275491941E-2,1.773829632E2
2.090920211E2,2.284034753E-2,6.683997926E-4,1.600692281E-3,9.997376204E-1,1.773824613E2,1.851275769E-1,-7.238338754E-2,1.773823405E2
2.090970211E2,2.284310859E-2,6.656867336E-4,1.599649549E-3,9.997375607E-1,1.773821449E2,1.850012167E-1,-7.207479368E-2,1.773820246E2
2.091020211E2,2.284044842E-2,6.686914712E-4,1.599130104E-3,9.997376204E-1,1.773824498E2,1.849493817E-1,-7.242087292E-2,1.773823290E2
2.091070211E2,2.283273527E-2,6.731364992E-4,1.595619833E-3,9.997377992E-1,1.773833339E2,1.845583114E-1,-7.294071399E-2,1.773832125E2
2.091120211E2,2.283295615E-2,6.741943653E-4,1.592008397E-3,9.997377992E-1,1.773833086E2,1.841473628E-1,-7.307131364E-2,1.773831872E2
2.091170211E2,2.282976016E-2,6.754212081E-4,1.599873300E-3,9.997378588E-1,1.773836749E2,1.850513574E-1,-7.319187502E-2,1.773835527E2
2.091220211E2,2.282154144E-2,6.805303274E-4,1.603224315E-3,9.997380376E-1,1.773846169E2,1.854480175E-1,-7.376994123E-2,1.773844936E2
2.091270211E2,2.281636221E-2,6.839370471E-4,1.601153519E-3,9.997381568E-1,1.773852106E2,1.852193093E-1,-7.416659570E-2,1.773850867E2
2.091320211E2,2.282172460E-2,6.802643766E-4,1.600727905E-3,9.997380376E-1,1.773845959E2,1.851613418E-1,-7.374596838E-2,1.773844728E2
2.091370211E2,2.282692424E-2,6.780520198E-4,1.601978322E-3,9.997379184E-1,1.773839999E2,1.852991877E-1,-7.348828333E-2,1.773838772E2
2.091420211E2,2.282705845E-2,6.779051619E-4,1.600126969E-3,9.997379184E-1,1.773839846E2,1.850867189E-1,-7.347627716E-2,1.773838619E2
2.091470211E2,2.281103101E-2,6.874320679E-4,1.601184718E-3,9.997382760E-1,1.773858216E2,1.852316251E-1,-7.456789705E-2,1.773856971E2
2.091520211E2,2.281342475E-2,6.862462033E-4,1.604801044E-3,9.997382164E-1,1.773855473E2,1.856429964E-1,-7.442214462E-2,1.773854227E2
2.091570211E2,2.280543221E-2,6.917677238E-4,1.604635152E-3,9.997383952E-1,1.773864634E2,1.856378281E-1,-7.505661667E-2,1.773863378E2
2.091620211E2,2.280798598E-2,6.897890125E-4,1.606324804E-3,9.997383356E-1,1.773861707E2,1.858264173E-1,-7.482504182E-2,1.773860453E2
2.091670211E2,2.280257748E-2,6.946146023E-4,1.606837730E-3,9.997384548E-1,1.773867906E2,1.858973854E-1,-7.537753422E-2,1.773866643E2
2.091720211E2,2.280485955E-2,6.930542877E-4,1.612200867E-3,9.997383952E-1,1.773865290E2,1.865078910E-1,-7.518434182E-2,1.773864026E2
2.091770211E2,2.280208508E-2,6.944793859E-4,1.613868400E-3,9.997384548E-1,1.773868470E2,1.867024424E-1,-7.534376362E-2,1.773867203E2
2.091820211E2,2.279725541E-2,6.983734202E-4,1.606555539E-3,9.997385740E-1,1.773874006E2,1.858744766E-1,-7.580987742E-2,1.773872736E2
2.091870211E2,2.279758879E-2,6.979893660E-4,1.601985190E-3,9.997385740E-1,1.773873624E2,1.853499101E-1,-7.577775779E-2,1.773872359E2
2.091920211E2,2.279485126E-2,6.996483426E-4,1.603019191E-3,9.997386336E-1,1.773876762E2,1.854724939E-1,-7.596561938E-2,1.773875492E2
2.091970211E2,2.278932269E-2,7.022204227E-4,1.606151927E-3,9.997387528E-1,1.773883099E2,1.858376842E-1,-7.625312539E-2,1.773881822E2
2.092020211E2,2.278697335E-2,7.054330781E-4,1.600967720E-3,9.997388124E-1,1.773885792E2,1.852519819E-1,-7.663514694E-2,1.773884513E2
2.092070211E2,2.278686836E-2,7.051167777E-4,1.602600561E-3,9.997388124E-1,1.773885912E2,1.854382094E-1,-7.659466662E-2,1.773884633E2
2.092120211E2,2.278921045E-2,7.039185730E-4,1.607000828E-3,9.997387528E-1,1.773883228E2,1.859393627E-1,-7.644547221E-2,1.773881947E2
2.092170211E2,2.278157982E-2,7.078429917E-4,1.602220582E-3,9.997389317E-1,1.773891974E2,1.854013910E-1,-7.690895927E-2,1.773890689E2
2.092220211E2,2.278451477E-2,7.071140571E-4,1.597994356E-3,9.997388721E-1,1.773888610E2,1.849155484E-1,-7.683594188E-2,1.773887330E2
2.092270211E2,2.278455400E-2,7.057375042E-4,1.598043600E-3,9.997388721E-1,1.773888565E2,1.849175982E-1,-7.667810583E-2,1.773887288E2
2.092320211E2,2.278739430E-2,7.052248111E-4,1.595056965E-3,9.997388124E-1,1.773885309E2,1.845743222E-1,-7.662664471E-2,1.773884035E2
2.092370211E2,2.278776633E-2,7.038158947E-4,1.590357395E-3,9.997388124E-1,1.773884883E2,1.840322788E-1,-7.647744074E-2,1.773883615E2
2.092420211E2,2.278546313E-2,7.065233658E-4,1.584677957E-3,9.997388721E-1,1.773887523E2,1.833885250E-1,-7.680286703E-2,1.773886254E2
2.092470211E2,2.279311389E-2,7.008927059E-4,1.589953667E-3,9.997386932E-1,1.773878753E2,1.839787998E-1,-7.614262555E-2,1.773877491E2
2.092520211E2,2.278990019E-2,7.037060568E-4,1.597283059E-3,9.997387528E-1,1.773882437E2,1.848255732E-1,-7.644637724E-2,1.773881164E2
2.092570211E2,2.278735931E-2,7.044110680E-4,1.595916227E-3,9.997388124E-1,1.773885349E2,1.846706330E-1,-7.653118355E-2,1.773884076E2
2.092620211E2,2.278492974E-2,7.058897172E-4,1.592609799E-3,9.997388721E-1,1.773888134E2,1.842955172E-1,-7.670966226E-2,1.773886861E2
2.092670211E2,2.278438585E-2,7.069539279E-4,1.599902287E-3,9.997388721E-1,1.773888758E2,1.851336967E-1,-7.681263938E-2,1.773887477E2
2.092720211E2,2.277934225E-2,7.096307236E-4,1.596040209E-3,9.997389913E-1,1.773894539E2,1.846978499E-1,-7.713031339E-2,1.773893256E2
2.092770211E2,2.277935830E-2,7.100452203E-4,1.595626702E-3,9.997389913E-1,1.773894520E2,1.846515611E-1,-7.717887532E-2,1.773893237E2
2.092820211E2,2.278748946E-2,7.042650832E-4,1.594121335E-3,9.997388124E-1,1.773885200E2,1.844646353E-1,-7.651912240E-2,1.773883929E2
2.092870211E2,2.278750967E-2,7.038490148E-4,1.594016096E-3,9.997388124E-1,1.773885177E2,1.844514938E-1,-7.647172800E-2,1.773883906E2
2.092920211E2,2.278521436E-2,7.064938545E-4,1.588264015E-3,9.997388721E-1,1.773887808E2,1.837992548E-1,-7.679016816E-2,1.773886537E2
2.092970211E2,2.278288092E-2,7.085136604E-4,1.583312056E-3,9.997389317E-1,1.773890482E2,1.832370431E-1,-7.703491838E-2,1.773889211E2
2.093020211E2,2.277510085E-2,7.127146819E-4,1.580448123E-3,9.997391105E-1,1.773899400E2,1.829193111E-1,-7.752509532E-2,1.773898123E2
2.093070211E2,2.277237871E-2,7.153650513E-4,1.580771874E-3,9.997391701E-1,1.773902520E2,1.829631068E-1,-7.782837937E-2,1.773901238E2
2.093120211E2,2.276936773E-2,7.174151251E-4,1.585512306E-3,9.997392297E-1,1.773905971E2,1.835112959E-1,-7.805142115E-2,1.773904682E2
2.093170211E2,2.276948404E-2,7.165504503E-4,1.584232552E-3,9.997392297E-1,1.773905838E2,1.833624373E-1,-7.795568046E-2,1.773904551E2
2.093220211E2,2.277233337E-2,7.160450914E-4,1.581117045E-3,9.997391701E-1,1.773902572E2,1.830044216E-1,-7.790539346E-2,1.773901289E2
2.093270211E2,2.276688098E-2,7.185739814E-4,1.583112171E-3,9.997392893E-1,1.773908822E2,1.832391611E-1,-7.819090021E-2,1.773907532E2
2.093320211E2,2.276432428E-2,7.211329648E-4,1.581072924E-3,9.997393489E-1,1.773911752E2,1.830120171E-1,-7.848985026E-2,1.773910459E2
2.093370211E2,2.277198507E-2,7.161106332E-4,1.586095896E-3,9.997391701E-1,1.773902971E2,1.835749529E-1,-7.789997294E-2,1.773901684E2
2.093420211E2,2.277691873E-2,7.114473847E-4,1.592479530E-3,9.997390509E-1,1.773897316E2,1.842944865E-1,-7.734817491E-2,1.773896033E2
2.093470211E2,2.277663108E-2,7.121700328E-4,1.596266171E-3,9.997390509E-1,1.773897646E2,1.847301561E-1,-7.742113206E-2,1.773896358E2
2.093520211E2,2.276605479E-2,7.192961057E-4,1.594623784E-3,9.997392893E-1,1.773909769E2,1.845597749E-1,-7.824374644E-2,1.773908469E2
2.093570211E2,2.276857799E-2,7.175275823E-4,1.596762682E-3,9.997392297E-1,1.773906877E2,1.848003942E-1,-7.803509470E-2,1.773905578E2
2.093620211E2,2.277103515E-2,7.163385744E-4,1.599573647E-3,9.997391701E-1,1.773904060E2,1.851195128E-1,-7.789109049E-2,1.773902762E2
2.093670211E2,2.277110961E-2,7.152169710E-4,1.599015552E-3,9.997391701E-1,1.773903975E2,1.850526550E-1,-7.776404025E-2,1.773902679E2
2.093720211E2,2.277132959E-2,7.161449175E-4,1.595463604E-3,9.997391701E-1,1.773903723E2,1.846481753E-1,-7.787957561E-2,1.773902428E2
2.093770211E2,2.278436463E-2,7.065820391E-4,1.600368647E-3,9.997388721E-1,1.773888782E2,1.851861511E-1,-7.676882144E-2,1.773887501E2
2.093820211E2,2.277861525E-2,7.097955677E-4,1.606309670E-3,9.997389913E-1,1.773895372E2,1.858747147E-1,-7.712252543E-2,1.773894081E2
2.093870211E2,2.277061181E-2,7.161953254E-4,1.605652738E-3,9.997391701E-1,1.773904546E2,1.858155393E-1,-7.785889491E-2,1.773903243E2
2.093920211E2,2.277632686E-2,7.122341194E-4,1.600572607E-3,9.997390509E-1,1.773897995E2,1.852236539E-1,-7.741728989E-2,1.773896703E2
2.093970211E2,2.278676537E-2,7.044853410E-4,1.604341669E-3,9.997388124E-1,1.773886030E2,1.856360173E-1,-7.651780072E-2,1.773884750E2
2.094020211E2,2.278330146E-2,7.077467162E-4,1.614923822E-3,9.997388721E-1,1.773890000E2,1.868565811E-1,-7.686444354E-2,1.773888706E2
2.094070211E2,2.277538058E-2,7.122436655E-4,1.613977598E-3,9.997390509E-1,1.773899079E2,1.867593090E-1,-7.738357179E-2,1.773897778E2
2.094120211E2,2.277807672E-2,7.108025602E-4,1.613485045E-3,9.997389913E-1,1.773895989E2,1.866993276E-1,-7.721925839E-2,1.773894690E2
2.094170211E2,2.276988060E-2,7.167366566E-4,1.615748974E-3,9.997391701E-1,1.773905384E2,1.869735407E-1,-7.789470183E-2,1.773904072E2
2.094220211E2,2.276983057E-2,7.168598240E-4,1.616399270E-3,9.997391701E-1,1.773905441E2,1.870483575E-1,-7.790712460E-2,1.773904128E2
2.094270211E2,2.277023508E-2,7.167127333E-4,1.610756386E-3,9.997391701E-1,1.773904977E2,1.864015447E-1,-7.790492256E-2,1.773903670E2
2.094320211E2,2.277014246E-2,7.169482415E-4,1.611960353E-3,9.997391701E-1,1.773905083E2,1.865400811E-1,-7.792877841E-2,1.773903774E2
2.094370211E2,2.277803500E-2,7.113212487E-4,1.613845350E-3,9.997389913E-1,1.773896037E2,1.867419558E-1,-7.727774750E-2,1.773894737E2
2.094420211E2,2.278081867E-2,7.092666347E-4,1.612381195E-3,9.997389317E-1,1.773892846E2,1.865690700E-1,-7.704566984E-2,1.773891551E2
2.094470211E2,2.277293069E-2,7.134916377E-4,1.611072454E-3,9.997391105E-1,1.773901888E2,1.864295572E-1,-7.753458090E-2,1.773900586E2
2.094520211E2,2.277273925E-2,7.135646301E-4,1.613743952E-3,9.997391105E-1,1.773902107E2,1.867357852E-1,-7.753600693E-2,1.773900803E2
2.094570211E2,2.278087708E-2,7.079447387E-4,1.612136839E-3,9.997389317E-1,1.773892779E2,1.865376293E-1,-7.689485823E-2,1.773891487E2
2.094620211E2,2.277055798E-2,7.162634283E-4,1.606385573E-3,9.997391701E-1,1.773904607E2,1.858996679E-1,-7.786479462E-2,1.773903304E2
2.094670211E2,2.276540466E-2,7.200205582E-4,1.603553421E-3,9.997392893E-1,1.773910514E2,1.855846121E-1,-7.830356485E-2,1.773909206E2
2.094720211E2,2.277325261E-2,7.133486215E-4,1.606579055E-3,9.997391105E-1,1.773901519E2,1.859144358E-1,-7.752986336E-2,1.773900220E2
2.094770211E2,2.276741287E-2,7.175985374E-4,1.613258850E-3,9.997392297E-1,1.773908212E2,1.866903236E-1,-7.800039886E-2,1.773906901E2
2.094820211E2,2.275718197E-2,7.253563963E-4,1.606379403E-3,9.997394681E-1,1.773919939E2,1.859216353E-1,-7.890900428E-2,1.773918618E2
2.094870211E2,2.276264073E-2,7.216237718E-4,1.604908146E-3,9.997393489E-1,1.773913682E2,1.857437782E-1,-7.848421101E-2,1.773912369E2
2.094920211E2,2.277290044E-2,7.137871580E-4,1.611369196E-3,9.997391105E-1,1.773901922E2,1.864643216E-1,-7.756766744E-2,1.773900620E2
2.094970211E2,2.276496629E-2,7.191049517E-4,1.610173960E-3,9.997392893E-1,1.773911016E2,1.863406517E-1,-7.818148104E-2,1.773909705E2
2.095020211E2,2.277583999E-2,7.123500691E-4,1.607434358E-3,9.997390509E-1,1.773898553E2,1.860100153E-1,-7.741275395E-2,1.773897256E2
2.095070211E2,2.278657093E-2,7.044553058E-4,1.607114100E-3,9.997388124E-1,1.773886253E2,1.859535393E-1,-7.650715635E-2,1.773884971E2
2.095120211E2,2.277323264E-2,7.132734754E-4,1.606895472E-3,9.997391105E-1,1.773901541E2,1.859504875E-1,-7.752043244E-2,1.773900243E2
2.095170211E2,2.277343303E-2,7.138810470E-4,1.603782643E-3,9.997391105E-1,1.773901312E2,1.855954767E-1,-7.759812339E-2,1.773900015E2
2.095220211E2,2.278158323E-2,7.092169835E-4,1.601564349E-3,9.997389317E-1,1.773891970E2,1.853297993E-1,-7.706807870E-2,1.773890683E2
2.095270211E2,2.278120941E-2,7.079433999E-4,1.607434475E-3,9.997389317E-1,1.773892398E2,1.859989389E-1,-7.690691916E-2,1.773891110E2
2.095320211E2,2.277846045E-2,7.109097787E-4,1.608011196E-3,9.997389913E-1,1.773895549E2,1.860725419E-1,-7.724575853E-2,1.773894255E2
2.095370211E2,2.277612078E-2,7.124927943E-4,1.603387529E-3,9.997390509E-1,1.773898231E2,1.855467965E-1,-7.743961512E-2,1.773896937E2
2.095420211E2,2.276538801E-2,7.203763817E-4,1.603629906E-3,9.997392893E-1,1.773910533E2,1.855943014E-1,-7.834413215E-2,1.773909224E2
2.095470211E2,2.276487180E-2,7.191327168E-4,1.611497020E-3,9.997392893E-1,1.773911125E2,1.864922893E-1,-7.818122787E-2,1.773909812E2
2.095520211E2,2.275662451E-2,7.245580200E-4,1.614615903E-3,9.997394681E-1,1.773920578E2,1.868630999E-1,-7.879616498E-2,1.773919252E2
2.095570211E2,2.275956567E-2,7.229577168E-4,1.610778854E-3,9.997394085E-1,1.773917207E2,1.864195770E-1,-7.862228947E-2,1.773915887E2
2.095620211E2,2.276228545E-2,7.219378604E-4,1.609798404E-3,9.997393489E-1,1.773914089E2,1.863048079E-1,-7.850750330E-2,1.773912772E2
2.095670211E2,2.276750456E-2,7.180416142E-4,1.611766987E-3,9.997392297E-1,1.773908107E2,1.865205761E-1,-7.805503379E-2,1.773906796E2
2.095720211E2,2.277554470E-2,7.122256793E-4,1.611667918E-3,9.997390509E-1,1.773898891E2,1.864946730E-1,-7.738750892E-2,1.773897591E2
2.095770211E2,2.277053703E-2,7.159152301E-4,1.606837730E-3,9.997391701E-1,1.773904631E2,1.859505576E-1,-7.782372845E-2,1.773903328E2
2.095820211E2,2.276518115E-2,7.202409324E-4,1.606624573E-3,9.997392893E-1,1.773910770E2,1.859370072E-1,-7.832084067E-2,1.773909459E2
2.095870211E2,2.276750651E-2,7.179573295E-4,1.611776999E-3,9.997392297E-1,1.773908105E2,1.865215033E-1,-7.804535150E-2,1.773906794E2
2.095920211E2,2.275706107E-2,7.243186701E-4,1.608558814E-3,9.997394681E-1,1.773920078E2,1.861685971E-1,-7.878445934E-2,1.773918757E2
2.095970211E2,2.275439921E-2,7.262691506E-4,1.608290826E-3,9.997395277E-1,1.773923129E2,1.861427727E-1,-7.900910431E-2,1.773921805E2
2.096020211E2,2.276524249E-2,7.201540284E-4,1.605794183E-3,9.997392893E-1,1.773910700E2,1.858416540E-1,-7.831303974E-2,1.773909389E2
2.096070211E2,2.276530706E-2,7.190149045E-4,1.605389174E-3,9.997392893E-1,1.773910626E2,1.857922883E-1,-7.818358433E-2,1.773909318E2
2.096120211E2,2.275244193E-2,7.279700949E-4,1.598129282E-3,9.997395873E-1,1.773925372E2,1.849829254E-1,-7.923082686E-2,1.773924053E2
2.096170211E2,2.275536442E-2,7.268201443E-4,1.594324945E-3,9.997395277E-1,1.773922022E2,1.845443251E-1,-7.910846635E-2,1.773920708E2
2.096220211E2,2.275798744E-2,7.246186142E-4,1.595262787E-3,9.997394681E-1,1.773919016E2,1.846462317E-1,-7.885332511E-2,1.773917705E2
2.096270211E2,2.274983175E-2,7.300801808E-4,1.597038237E-3,9.997396469E-1,1.773928364E2,1.848632278E-1,-7.947588944E-2,1.773927042E2
2.096320211E2,2.274450544E-2,7.335297996E-4,1.596697490E-3,9.997397661E-1,1.773934469E2,1.848327598E-1,-7.987295698E-2,1.773933140E2
2.096370211E2,2.274979475E-2,7.306258776E-4,1.597315772E-3,9.997396469E-1,1.773928406E2,1.848964426E-1,-7.953768873E-2,1.773927083E2
2.096420211E2,2.274963272E-2,7.313946844E-4,1.599270385E-3,9.997396469E-1,1.773928592E2,1.851223589E-1,-7.962069879E-2,1.773927265E2
2.096470211E2,2.273357856E-2,7.407324738E-4,1.599701354E-3,9.997400045E-1,1.773946993E2,1.851947825E-1,-8.069230287E-2,1.773945649E2
2.096520211E2,2.273635111E-2,7.398039452E-4,1.597976894E-3,9.997399449E-1,1.773943816E2,1.849950288E-1,-8.058990850E-2,1.773942474E2
2.096570211E2,2.274162461E-2,7.360384916E-4,1.599254669E-3,9.997398257E-1,1.773937771E2,1.851320242E-1,-8.015422549E-2,1.773936436E2
2.096620211E2,2.273856533E-2,7.375238929E-4,1.604800695E-3,9.997398853E-1,1.773941278E2,1.857710147E-1,-8.031051051E-2,1.773939935E2
2.096670211E2,2.273843161E-2,7.378282608E-4,1.606554491E-3,9.997398853E-1,1.773941431E2,1.859727159E-1,-8.034083429E-2,1.773940086E2
2.096720211E2,2.274404458E-2,7.349018124E-4,1.602620352E-3,9.997397661E-1,1.773934997E2,1.855148352E-1,-8.001478500E-2,1.773933661E2
2.096770211E2,2.273867013E-2,7.383588236E-4,1.602930715E-3,9.997398853E-1,1.773941157E2,1.855589701E-1,-8.041101499E-2,1.773939815E2
2.096820211E2,2.272762307E-2,7.447612006E-4,1.607932500E-3,9.997401237E-1,1.773953820E2,1.861477738E-1,-8.113350612E-2,1.773952461E2
2.096870211E2,2.272548255E-2,7.469096454E-4,1.600111602E-3,9.997401834E-1,1.773956273E2,1.852572167E-1,-8.140040232E-2,1.773954917E2
2.096920211E2,2.272814233E-2,7.449652185E-4,1.600481104E-3,9.997401237E-1,1.773953225E2,1.852946992E-1,-8.117618994E-2,1.773951871E2
2.096970211E2,2.272520946E-2,7.464490482E-4,1.604199875E-3,9.997401834E-1,1.773956586E2,1.857243563E-1,-8.133703915E-2,1.773955227E2
2.097020211E2,2.272240289E-2,7.497991901E-4,1.605247031E-3,9.997402430E-1,1.773959803E2,1.858528169E-1,-8.171863225E-2,1.773958437E2
2.097070211E2,2.273080738E-2,7.442050846E-4,1.600218704E-3,9.997400641E-1,1.773950170E2,1.852628742E-1,-8.108929720E-2,1.773948818E2
2.097120211E2,2.273317939E-2,7.421659539E-4,1.604701742E-3,9.997400045E-1,1.773947451E2,1.857713403E-1,-8.084357204E-2,1.773946100E2
2.097170211E2,2.272796107E-2,7.455424056E-4,1.602784730E-3,9.997401237E-1,1.773953432E2,1.855600965E-1,-8.123634720E-2,1.773952076E2
2.097220211E2,2.271972915E-2,7.500423817E-4,1.605856698E-3,9.997403026E-1,1.773962868E2,1.859230764E-1,-8.174540243E-2,1.773961501E2
2.097270211E2,2.272533157E-2,7.469884004E-4,1.602217788E-3,9.997401834E-1,1.773956446E2,1.854986988E-1,-8.140396754E-2,1.773955088E2
2.097320211E2,2.273316858E-2,7.422971539E-4,1.604794292E-3,9.997400045E-1,1.773947463E2,1.857822841E-1,-8.085836346E-2,1.773946112E2
2.097370211E2,2.273556465E-2,7.404824719E-4,1.608815510E-3,9.997399449E-1,1.773944717E2,1.862384288E-1,-8.063954788E-2,1.773943366E2
2.097420211E2,2.273306437E-2,7.415367290E-4,1.606620965E-3,9.997400045E-1,1.773947583E2,1.859895620E-1,-8.076650840E-2,1.773946231E2
2.097470211E2,2.273354794E-2,7.410705439E-4,1.599979936E-3,9.997400045E-1,1.773947029E2,1.852275758E-1,-8.073031270E-2,1.773945683E2
2.097520211E2,2.273035657E-2,7.436464075E-4,1.606868114E-3,9.997400641E-1,1.773950687E2,1.860231532E-1,-8.100805698E-2,1.773949331E2
2.097570211E2,2.273058976E-2,7.440958871E-4,1.603357610E-3,9.997400641E-1,1.773950419E2,1.856221721E-1,-8.106865120E-2,1.773949065E2
2.097620211E2,2.273098586E-2,7.441188791E-4,1.597721479E-3,9.997400641E-1,1.773949965E2,1.849765766E-1,-8.108589333E-2,1.773948616E2
2.097670211E2,2.273380193E-2,7.416119333E-4,1.596115646E-3,9.997400045E-1,1.773946737E2,1.847863054E-1,-8.080235561E-2,1.773945394E2
2.097720211E2,2.273396136E-2,7.407615776E-4,1.594238565E-3,9.997400045E-1,1.773946555E2,1.845690602E-1,-8.070979813E-2,1.773945214E2
2.097770211E2,2.273942678E-2,7.375322166E-4,1.592543907E-3,9.997398853E-1,1.773940290E2,1.843669416E-1,-8.034324378E-2,1.773938957E2
2.097820211E2,2.272889313E-2,7.453451981E-4,1.589605119E-3,9.997401237E-1,1.773952364E2,1.840497734E-1,-8.124791039E-2,1.773951019E2
2.097870211E2,2.272877432E-2,7.444783696E-4,1.591708744E-3,9.997401237E-1,1.773952500E2,1.842885016E-1,-8.114314757E-2,1.773951155E2
2.097920211E2,2.272850679E-2,7.448289543E-4,1.595360693E-3,9.997401237E-1,1.773952807E2,1.847077683E-1,-8.117384852E-2,1.773951458E2
2.097970211E2,2.272570651E-2,7.472365978E-4,1.596774673E-3,9.997401834E-1,1.773956017E2,1.848758006E-1,-8.144650750E-2,1.773954662E2
2.098020211E2,2.271750782E-2,7.530165603E-4,1.598767587E-3,9.997403622E-1,1.773965414E2,1.851184942E-1,-8.210499858E-2,1.773964047E2
2.098070211E2,2.271750786E-2,7.530861767E-4,1.598734292E-3,9.997403622E-1,1.773965414E2,1.851148612E-1,-8.211306063E-2,1.773964047E2
2.098120211E2,2.272016250E-2,7.500065840E-4,1.599730575E-3,9.997403026E-1,1.773962371E2,1.852211964E-1,-8.175717125E-2,1.773961009E2
2.098170211E2,2.270946019E-2,7.587307482E-4,1.598581905E-3,9.997405410E-1,1.773974638E2,1.851114336E-1,-8.276160007E-2,1.773973261E2
2.098220211E2,2.270658952E-2,7.600234821E-4,1.601467025E-3,9.997406006E-1,1.773977929E2,1.854450861E-1,-8.290272219E-2,1.773976546E2
2.098270211E2,2.271444573E-2,7.551411400E-4,1.603992539E-3,9.997404218E-1,1.773968924E2,1.857223558E-1,-8.233536071E-2,1.773967548E2
2.098320211E2,2.271159293E-2,7.570373127E-4,1.606343081E-3,9.997404814E-1,1.773972194E2,1.859963399E-1,-8.254700202E-2,1.773970813E2
2.098370211E2,2.270390303E-2,7.617112715E-4,1.601544558E-3,9.997406602E-1,1.773981008E2,1.854581374E-1,-8.309637514E-2,1.773979622E2
2.098420211E2,2.270957774E-2,7.580195670E-4,1.597248833E-3,9.997405410E-1,1.773974503E2,1.849568726E-1,-8.268357332E-2,1.773973128E2
2.098470211E2,2.270397167E-2,7.624098216E-4,1.600238495E-3,9.997406602E-1,1.773980929E2,1.853103352E-1,-8.317978778E-2,1.773979543E2
2.098520211E2,2.270401637E-2,7.626782171E-4,1.599476323E-3,9.997406602E-1,1.773980878E2,1.852237213E-1,-8.321251044E-2,1.773979492E2
2.098570211E2,2.269935498E-2,7.646608283E-4,1.590151689E-3,9.997407794E-1,1.773986221E2,1.841602399E-1,-8.346476191E-2,1.773984839E2
2.098620211E2,2.271247761E-2,7.566081476E-4,1.593989204E-3,9.997404814E-1,1.773971180E2,1.845800080E-1,-8.252982615E-2,1.773969810E2
2.098670211E2,2.270942299E-2,7.574028568E-4,1.599739655E-3,9.997405410E-1,1.773974681E2,1.852406088E-1,-8.260646824E-2,1.773973305E2
2.098720211E2,2.270948067E-2,7.589656161E-4,1.598179340E-3,9.997405410E-1,1.773974615E2,1.850659279E-1,-8.278955084E-2,1.773973237E2
2.098770211E2,2.270988154E-2,7.581093814E-4,1.592880697E-3,9.997405410E-1,1.773974155E2,1.844567081E-1,-8.270517451E-2,1.773972783E2
2.098820211E2,2.270969403E-2,7.585835992E-4,1.595326466E-3,9.997405410E-1,1.773974370E2,1.847381196E-1,-8.275317132E-2,1.773972995E2
2.098870211E2,2.270645987E-2,7.603134145E-4,1.603166806E-3,9.997406006E-1,1.773978077E2,1.856405604E-1,-8.293153842E-2,1.773976693E2
2.098920211E2,2.271459664E-2,7.552060415E-4,1.601823489E-3,9.997404218E-1,1.773968751E2,1.854740460E-1,-8.234841404E-2,1.773967377E2
2.098970211E2,2.270937739E-2,7.585901767E-4,1.599824289E-3,9.997405410E-1,1.773974733E2,1.852533912E-1,-8.274227803E-2,1.773973355E2
2.099020211E2,2.269845129E-2,7.654873771E-4,1.602605102E-3,9.997407794E-1,1.773987257E2,1.855890059E-1,-8.352722565E-2,1.773985863E2
2.099070211E2,2.270095710E-2,7.643991848E-4,1.604812685E-3,9.997407198E-1,1.773984385E2,1.858392899E-1,-8.339635212E-2,1.773982991E2
2.099120211E2,2.270409255E-2,7.623112178E-4,1.598569565E-3,9.997406602E-1,1.773980791E2,1.851188923E-1,-8.317281143E-2,1.773979406E2
2.099170211E2,2.269618420E-2,7.669109618E-4,1.596839633E-3,9.997408390E-1,1.773989855E2,1.849320143E-1,-8.370573071E-2,1.773988464E2
2.099220211E2,2.269080217E-2,7.711584331E-4,1.596646849E-3,9.997409582E-1,1.773996024E2,1.849205239E-1,-8.419382607E-2,1.773994625E2
2.099270211E2,2.270707417E-2,7.592736511E-4,1.594937756E-3,9.997406006E-1,1.773977373E2,1.846951670E-1,-8.283372057E-2,1.773975997E2
2.099320211E2,2.270450403E-2,7.624758291E-4,1.592635876E-3,9.997406602E-1,1.773980319E2,1.844395781E-1,-8.320703220E-2,1.773978939E2
2.099370211E2,2.270485056E-2,7.606994477E-4,1.588539919E-3,9.997406602E-1,1.773979922E2,1.839657424E-1,-8.301412003E-2,1.773978549E2
2.099420211E2,2.272573264E-2,7.478204789E-4,1.596129383E-3,9.997401834E-1,1.773955987E2,1.848033976E-1,-8.151507370E-2,1.773954631E2
2.099470211E2,2.271241788E-2,7.570991293E-4,1.594607136E-3,9.997404814E-1,1.773971248E2,1.846520729E-1,-8.258447660E-2,1.773969877E2
2.099520211E2,2.270471363E-2,7.618588861E-4,1.589940744E-3,9.997406602E-1,1.773980079E2,1.841292298E-1,-8.314332786E-2,1.773978702E2
2.099570211E2,2.272887148E-2,7.454450242E-4,1.589867868E-3,9.997401237E-1,1.773952389E2,1.840801328E-1,-8.125866626E-2,1.773951043E2
2.099620211E2,2.272835366E-2,7.445116644E-4,1.597688650E-3,9.997401237E-1,1.773952982E2,1.849736253E-1,-8.113146406E-2,1.773951632E2
2.099670211E2,2.271752283E-2,7.533977623E-4,1.598374685E-3,9.997403622E-1,1.773965397E2,1.850744763E-1,-8.214968988E-2,1.773964029E2
2.099720211E2,2.272603835E-2,7.462209905E-4,1.592521090E-3,9.997401834E-1,1.773955636E2,1.843858825E-1,-8.134117413E-2,1.773954287E2
2.099770211E2,2.274198460E-2,7.352928515E-4,1.594471396E-3,9.997398257E-1,1.773937358E2,1.845821276E-1,-8.008120301E-2,1.773936028E2
2.099820211E2,2.272827821E-2,7.446429227E-4,1.598700532E-3,9.997401237E-1,1.773953069E2,1.850898845E-1,-8.114387965E-2,1.773951718E2
2.099870211E2,2.272863514E-2,7.453478756E-4,1.593288383E-3,9.997401237E-1,1.773952660E2,1.844717222E-1,-8.123867102E-2,1.773951312E2
2.099920211E2,2.274478150E-2,7.337904535E-4,1.592640067E-3,9.997397661E-1,1.773934153E2,1.843686343E-1,-7.991334258E-2,1.773932827E2
2.099970211E2,2.273622119E-2,7.394311833E-4,1.599996584E-3,9.997399449E-1,1.773943964E2,1.852254270E-1,-8.054196593E-2,1.773942622E2
2.100020211E2,2.273876892E-2,7.384333876E-4,1.601494267E-3,9.997398853E-1,1.773941044E2,1.853946097E-1,-8.042328195E-2,1.773939703E2
2.100070211E2,2.274962610E-2,7.306671469E-4,1.599697163E-3,9.997396469E-1,1.773928600E2,1.851693541E-1,-7.953623939E-2,1.773927274E2
2.100120211E2,2.274128913E-2,7.369893719E-4,1.603581477E-3,9.997398257E-1,1.773938156E2,1.856301641E-1,-8.025194610E-2,1.773936815E2
2.100170211E2,2.273628751E-2,7.399188471E-4,1.598828356E-3,9.997399449E-1,1.773943888E2,1.850928684E-1,-8.060086513E-2,1.773942546E2
2.100220211E2,2.274198880E-2,7.358669536E-4,1.594146597E-3,9.997398257E-1,1.773937354E2,1.845464147E-1,-8.014781889E-2,1.773936023E2
2.100270211E2,2.274741944E-2,7.326456835E-4,1.592907356E-3,9.997397065E-1,1.773931129E2,1.843964819E-1,-7.978101243E-2,1.773929805E2
2.100320211E2,2.274211062E-2,7.355661364E-4,1.592546818E-3,9.997398257E-1,1.773937214E2,1.843623662E-1,-8.011750358E-2,1.773935885E2
2.100370211E2,2.275533620E-2,7.258034893E-4,1.595190610E-3,9.997395277E-1,1.773922055E2,1.846408438E-1,-7.898974438E-2,1.773920742E2
2.100420211E2,2.276339616E-2,7.206748123E-4,1.594586880E-3,9.997393489E-1,1.773912816E2,1.845589360E-1,-7.840228055E-2,1.773911513E2
2.100470211E2,2.274721396E-2,7.317778654E-4,1.596237184E-3,9.997397065E-1,1.773931364E2,1.847756752E-1,-7.967295145E-2,1.773930040E2
2.100520211E2,2.275525922E-2,7.259786944E-4,1.596208778E-3,9.997395277E-1,1.773922143E2,1.847579382E-1,-7.900717532E-2,1.773920829E2
2.100570211E2,2.276329915E-2,7.215797668E-4,1.595562208E-3,9.997393489E-1,1.773912927E2,1.846730248E-1,-7.850342736E-2,1.773911622E2
2.100620211E2,2.274985011E-2,7.298378041E-4,1.596887596E-3,9.997396469E-1,1.773928343E2,1.848453395E-1,-7.944851168E-2,1.773927021E2
2.100670211E2,2.276069452E-2,7.237695972E-4,1.594380243E-3,9.997394085E-1,1.773915913E2,1.845431243E-1,-7.875786222E-2,1.773914604E2
2.100720211E2,2.277629886E-2,7.124341791E-4,1.600881922E-3,9.997390509E-1,1.773898027E2,1.852596098E-1,-7.743940691E-2,1.773896735E2
2.100770211E2,2.276815400E-2,7.183536654E-4,1.602426870E-3,9.997392297E-1,1.773907363E2,1.854514178E-1,-7.811503174E-2,1.773906058E2
2.100820211E2,2.277417611E-2,7.135942578E-4,1.593324472E-3,9.997391105E-1,1.773900460E2,1.843966763E-1,-7.759242477E-2,1.773899172E2
2.100870211E2,2.278483661E-2,7.063001394E-4,1.593759866E-3,9.997388721E-1,1.773888241E2,1.844283358E-1,-7.675369517E-2,1.773886966E2
2.100920211E2,2.278669016E-2,7.052328438E-4,1.605081372E-3,9.997388124E-1,1.773886116E2,1.857227055E-1,-7.660151827E-2,1.773884835E2
2.100970211E2,2.278148047E-2,7.077238988E-4,1.603685087E-3,9.997389317E-1,1.773892088E2,1.855688491E-1,-7.689151083E-2,1.773890802E2
2.101020211E2,2.278732482E-2,7.054840098E-4,1.595934737E-3,9.997388124E-1,1.773885389E2,1.846755530E-1,-7.665405960E-2,1.773884114E2
2.101070211E2,2.278445270E-2,7.064146921E-4,1.599188312E-3,9.997388721E-1,1.773888681E2,1.850504993E-1,-7.675271547E-2,1.773887402E2
2.101120211E2,2.278409796E-2,7.069805288E-4,1.603985205E-3,9.997388721E-1,1.773889088E2,1.856014915E-1,-7.680507965E-2,1.773887803E2
2.101170211E2,2.278688934E-2,7.052746951E-4,1.602232689E-3,9.997388124E-1,1.773885888E2,1.853964792E-1,-7.661371464E-2,1.773884608E2
2.101220211E2,2.277365555E-2,7.137366338E-4,1.600684249E-3,9.997391105E-1,1.773901057E2,1.852401587E-1,-7.758962406E-2,1.773899762E2
2.101270211E2,2.277617338E-2,7.126829005E-4,1.602555625E-3,9.997390509E-1,1.773898171E2,1.854519922E-1,-7.746355559E-2,1.773896877E2
2.101320211E2,2.277627599E-2,7.124645053E-4,1.601193799E-3,9.997390509E-1,1.773898053E2,1.852954164E-1,-7.744207134E-2,1.773896761E2
2.101370211E2,2.276584587E-2,7.190116448E-4,1.597731607E-3,9.997392893E-1,1.773910008E2,1.849150551E-1,-7.820308866E-2,1.773908706E2
2.101420211E2,2.276335793E-2,7.220151601E-4,1.594526344E-3,9.997393489E-1,1.773912860E2,1.845554947E-1,-7.855599809E-2,1.773911555E2
2.101470211E2,2.276579829E-2,7.200062391E-4,1.597961760E-3,9.997392893E-1,1.773910063E2,1.849440133E-1,-7.831643946E-2,1.773908759E2
2.101520211E2,2.275762591E-2,7.254526136E-4,1.600034186E-3,9.997394681E-1,1.773919430E2,1.851949998E-1,-7.893649266E-2,1.773918114E2
2.101570211E2,2.274444625E-2,7.349788793E-4,1.596874208E-3,9.997397661E-1,1.773934537E2,1.848567777E-1,-8.003851648E-2,1.773933205E2
2.101620211E2,2.275533371E-2,7.267617038E-4,1.594789792E-3,9.997395277E-1,1.773922057E2,1.845974241E-1,-7.910056479E-2,1.773920743E2
2.101670211E2,2.275742101E-2,7.247463218E-4,1.603265293E-3,9.997394681E-1,1.773919665E2,1.855633040E-1,-7.884719005E-2,1.773918348E2
2.101720211E2,2.274676593E-2,7.321477751E-4,1.602440025E-3,9.997397065E-1,1.773931878E2,1.854872146E-1,-7.969924267E-2,1.773930547E2
2.101770211E2,2.275247517E-2,7.277027471E-4,1.597777708E-3,9.997395873E-1,1.773925334E2,1.849419538E-1,-7.920110956E-2,1.773924016E2
2.101820211E2,2.276834850E-2,7.183772395E-4,1.599650364E-3,9.997392297E-1,1.773907140E2,1.851334122E-1,-7.812494079E-2,1.773905837E2
2.101870211E2,2.276011519E-2,7.223713328E-4,1.603259821E-3,9.997394085E-1,1.773916577E2,1.855566944E-1,-7.857462137E-2,1.773915264E2
2.101920211E2,2.275495691E-2,7.268357440E-4,1.600123476E-3,9.997395277E-1,1.773922489E2,1.852086255E-1,-7.909520809E-2,1.773921171E2
2.101970211E2,2.276343495E-2,7.205851725E-4,1.594073488E-3,9.997393489E-1,1.773912772E2,1.844998900E-1,-7.839334334E-2,1.773911470E2
2.102020211E2,2.276039800E-2,7.226911257E-4,1.599095529E-3,9.997394085E-1,1.773916253E2,1.850804808E-1,-7.862206657E-2,1.773914943E2
2.102070211E2,2.276319762E-2,7.218418759E-4,1.596891554E-3,9.997393489E-1,1.773913044E2,1.848259934E-1,-7.853000605E-2,1.773911737E2
2.102120211E2,2.276842376E-2,7.184521528E-4,1.598545117E-3,9.997392297E-1,1.773907053E2,1.850069942E-1,-7.813639286E-2,1.773905752E2
2.102170211E2,2.276023933E-2,7.223710418E-4,1.601496711E-3,9.997394085E-1,1.773916435E2,1.853547179E-1,-7.857916365E-2,1.773915123E2
2.102220211E2,2.276786752E-2,7.175588980E-4,1.606847392E-3,9.997392297E-1,1.773907691E2,1.859557458E-1,-7.801250119E-2,1.773906385E2
2.102270211E2,2.277053273E-2,7.151663885E-4,1.607232145E-3,9.997391701E-1,1.773904636E2,1.859937881E-1,-7.773691147E-2,1.773903334E2
2.102320211E2,2.277334045E-2,7.139859372E-4,1.605050173E-3,9.997391105E-1,1.773901418E2,1.857409541E-1,-7.760684903E-2,1.773900120E2
2.102370211E2,2.277899721E-2,7.107954589E-4,1.600440359E-3,9.997389913E-1,1.773894934E2,1.852049542E-1,-7.725232498E-2,1.773893645E2
2.102420211E2,2.277613928E-2,7.129956502E-4,1.602901029E-3,9.997390509E-1,1.773898210E2,1.854923761E-1,-7.749848952E-2,1.773896915E2
2.102470211E2,2.277355612E-2,7.144373376E-4,1.601785887E-3,9.997391105E-1,1.773901171E2,1.853681857E-1,-7.766704126E-2,1.773899874E2
2.102520211E2,2.276312759E-2,7.203471614E-4,1.598563860E-3,9.997393489E-1,1.773913124E2,1.850136713E-1,-7.835441953E-2,1.773911819E2
2.102570211E2,2.277909127E-2,7.095654146E-4,1.599647221E-3,9.997389913E-1,1.773894826E2,1.851108868E-1,-7.711346202E-2,1.773893541E2
2.102620211E2,2.278156429E-2,7.081252406E-4,1.602316624E-3,9.997389317E-1,1.773891992E2,1.854131296E-1,-7.694104633E-2,1.773890707E2
2.102670211E2,2.276789274E-2,7.178517408E-4,1.606359147E-3,9.997392297E-1,1.773907662E2,1.859005774E-1,-7.804731897E-2,1.773906356E2
2.102720211E2,2.277327198E-2,7.135192864E-4,1.606228645E-3,9.997391105E-1,1.773901496E2,1.858747391E-1,-7.755032590E-2,1.773900198E2
2.102770211E2,2.279413645E-2,6.999436882E-4,1.613023458E-3,9.997386336E-1,1.773877581E2,1.866193200E-1,-7.597345466E-2,1.773876304E2
2.102820211E2,2.278858732E-2,7.037876640E-4,1.615870278E-3,9.997387528E-1,1.773883942E2,1.869550754E-1,-7.640742827E-2,1.773882655E2
2.102870211E2,2.279158882E-2,7.019769400E-4,1.611195737E-3,9.997386932E-1,1.773880501E2,1.864150501E-1,-7.621163667E-2,1.773879221E2
2.102920211E2,2.279706590E-2,6.982368650E-4,1.609301777E-3,9.997385740E-1,1.773874223E2,1.861887199E-1,-7.578709418E-2,1.773872952E2
2.102970211E2,2.279947422E-2,6.957843434E-4,1.613269327E-3,9.997385144E-1,1.773871463E2,1.866370245E-1,-7.549531451E-2,1.773870193E2
2.103020211E2,2.280213892E-2,6.936890422E-4,1.613447559E-3,9.997384548E-1,1.773868409E2,1.866521687E-1,-7.525431020E-2,1.773867143E2
2.103070211E2,2.280242418E-2,6.932217511E-4,1.609612373E-3,9.997384548E-1,1.773868082E2,1.862116024E-1,-7.521074502E-2,1.773866819E2
2.103120211E2,2.280243278E-2,6.937505677E-4,1.609262661E-3,9.997384548E-1,1.773868072E2,1.861729213E-1,-7.527223934E-2,1.773866809E2
2.103170211E2,2.280740262E-2,6.899945438E-4,1.614498789E-3,9.997383356E-1,1.773862375E2,1.867633388E-1,-7.482733218E-2,1.773861116E2
2.103220211E2,2.280723280E-2,6.896972773E-4,1.617022790E-3,9.997383356E-1,1.773862570E2,1.870517036E-1,-7.478671172E-2,1.773861309E2
2.103270211E2,2.280991245E-2,6.892809761E-4,1.616253983E-3,9.997382760E-1,1.773859499E2,1.869627397E-1,-7.474052785E-2,1.773858239E2
2.103320211E2,2.280983811E-2,6.882812595E-4,1.617728500E-3,9.997382760E-1,1.773859584E2,1.871290442E-1,-7.462215831E-2,1.773858325E2
2.103370211E2,2.280951486E-2,6.884578615E-4,1.622204902E-3,9.997382760E-1,1.773859954E2,1.876423071E-1,-7.463074972E-2,1.773858692E2
2.103420211E2,2.281244312E-2,6.868394557E-4,1.618443523E-3,9.997382164E-1,1.773856598E2,1.872073835E-1,-7.445462611E-2,1.773855341E2
2.103470211E2,2.281307476E-2,6.870186189E-4,1.609439147E-3,9.997382164E-1,1.773855874E2,1.861763400E-1,-7.449857333E-2,1.773854623E2
2.103520211E2,2.281555001E-2,6.843399606E-4,1.612514723E-3,9.997381568E-1,1.773853037E2,1.865218642E-1,-7.418319960E-2,1.773851789E2
2.103570211E2,2.281778956E-2,6.828884361E-4,1.618384500E-3,9.997380972E-1,1.773850470E2,1.871906876E-1,-7.400114421E-2,1.773849221E2
2.103620211E2,2.281746951E-2,6.834501401E-4,1.622654148E-3,9.997380972E-1,1.773850837E2,1.876812720E-1,-7.405438947E-2,1.773849583E2
2.103670211E2,2.282291789E-2,6.792577333E-4,1.621236908E-3,9.997379780E-1,1.773844592E2,1.875083478E-1,-7.357678463E-2,1.773843347E2
2.103720211E2,2.282262475E-2,6.798947579E-4,1.625092002E-3,9.997379780E-1,1.773844928E2,1.879516394E-1,-7.363973551E-2,1.773843679E2
2.103770211E2,2.281470171E-2,6.847616751E-4,1.624295022E-3,9.997381568E-1,1.773854009E2,1.878724780E-1,-7.420087055E-2,1.773852752E2
2.103820211E2,2.280955508E-2,6.892098463E-4,1.621319796E-3,9.997382760E-1,1.773859908E2,1.875428765E-1,-7.471920435E-2,1.773858645E2
2.103870211E2,2.280704919E-2,6.898407009E-4,1.619549235E-3,9.997383356E-1,1.773862780E2,1.873414993E-1,-7.479657374E-2,1.773861517E2
2.103920211E2,2.281493295E-2,6.848417106E-4,1.621010015E-3,9.997381568E-1,1.773853744E2,1.874963676E-1,-7.421858484E-2,1.773852489E2
2.103970211E2,2.280996344E-2,6.888384232E-4,1.615722897E-3,9.997382760E-1,1.773859440E2,1.869007442E-1,-7.469120699E-2,1.773858182E2
2.104020211E2,2.280251254E-2,6.934163393E-4,1.608276158E-3,9.997384548E-1,1.773867980E2,1.860590381E-1,-7.523651257E-2,1.773866719E2
2.104070211E2,2.281017425E-2,6.881476147E-4,1.613038941E-3,9.997382760E-1,1.773859199E2,1.865914749E-1,-7.461904325E-2,1.773857943E2
2.104120211E2,2.281247840E-2,6.861530128E-4,1.618237467E-3,9.997382164E-1,1.773856557E2,1.871819853E-1,-7.437651818E-2,1.773855302E2
2.104170211E2,2.280455575E-2,6.920151063E-4,1.616937574E-3,9.997383952E-1,1.773865639E2,1.870477986E-1,-7.505296956E-2,1.773864373E2
2.104220211E2,2.280196096E-2,6.945569185E-4,1.615587738E-3,9.997384548E-1,1.773868613E2,1.868996065E-1,-7.534817636E-2,1.773867343E2
2.104270211E2,2.281239026E-2,6.875678664E-4,1.618879265E-3,9.997382164E-1,1.773856658E2,1.872592035E-1,-7.453694477E-2,1.773855400E2
2.104320211E2,2.281471606E-2,6.857631379E-4,1.623670920E-3,9.997381568E-1,1.773853993E2,1.878035993E-1,-7.431722875E-2,1.773852734E2
2.104370211E2,2.280700341E-2,6.903982139E-4,1.619956340E-3,9.997383356E-1,1.773862833E2,1.873895918E-1,-7.485938789E-2,1.773861568E2
2.104420211E2,2.280638434E-2,6.909444346E-4,1.628417056E-3,9.997383356E-1,1.773863543E2,1.883602495E-1,-7.489996735E-2,1.773862270E2
2.104470211E2,2.280630814E-2,6.914023543E-4,1.629289589E-3,9.997383356E-1,1.773863630E2,1.884613998E-1,-7.495016133E-2,1.773862356E2
2.104520211E2,2.280121125E-2,6.952534313E-4,1.625836710E-3,9.997384548E-1,1.773869472E2,1.880755127E-1,-7.540133004E-2,1.773868194E2
2.104570211E2,2.279878173E-2,6.954760756E-4,1.623158343E-3,9.997385144E-1,1.773872257E2,1.877690721E-1,-7.543429130E-2,1.773870980E2
2.104620211E2,2.279603653E-2,6.981785991E-4,1.623842865E-3,9.997385740E-1,1.773875403E2,1.878543459E-1,-7.574262422E-2,1.773874121E2
2.104670211E2,2.280408681E-2,6.930964882E-4,1.623076387E-3,9.997383952E-1,1.773866176E2,1.877538642E-1,-7.516089969E-2,1.773864904E2
2.104720211E2,2.279598098E-2,6.971565890E-4,1.625061384E-3,9.997385740E-1,1.773875467E2,1.879912676E-1,-7.562236829E-2,1.773874186E2
2.104770211E2,2.279386491E-2,7.000709302E-4,1.616801019E-3,9.997386336E-1,1.773877893E2,1.870523967E-1,-7.597821497E-2,1.773876612E2
2.104820211E2,2.279604120E-2,6.972462288E-4,1.624177909E-3,9.997385740E-1,1.773875398E2,1.878902935E-1,-7.563493421E-2,1.773874117E2
2.104870211E2,2.279569056E-2,6.984361098E-4,1.628582017E-3,9.997385740E-1,1.773875800E2,1.883979191E-1,-7.575980987E-2,1.773874513E2
2.104920211E2,2.278778931E-2,7.039245684E-4,1.627026242E-3,9.997387528E-1,1.773884856E2,1.882334218E-1,-7.639412857E-2,1.773883560E2
2.104970211E2,2.278773767E-2,7.036101306E-4,1.627885387E-3,9.997387528E-1,1.773884916E2,1.883310220E-1,-7.635587219E-2,1.773883620E2
2.105020211E2,2.279813218E-2,6.971048424E-4,1.631561317E-3,9.997385144E-1,1.773873001E2,1.887359404E-1,-7.559905383E-2,1.773871715E2
2.105070211E2,2.279541911E-2,6.978914607E-4,1.632610103E-3,9.997385740E-1,1.773876111E2,1.888579413E-1,-7.568694257E-2,1.773874822E2
2.105120211E2,2.279835943E-2,6.972201518E-4,1.628333470E-3,9.997385144E-1,1.773872741E2,1.883664702E-1,-7.562065414E-2,1.773871457E2
2.105170211E2,2.280129622E-2,6.936193095E-4,1.625342877E-3,9.997384548E-1,1.773869375E2,1.880146742E-1,-7.521539676E-2,1.773868100E2
2.105220211E2,2.280108436E-2,6.942482432E-4,1.628044294E-3,9.997384548E-1,1.773869617E2,1.883257816E-1,-7.528042963E-2,1.773868339E2
2.105270211E2,2.279051094E-2,7.011356065E-4,1.626734156E-3,9.997386932E-1,1.773881737E2,1.881928830E-1,-7.607487089E-2,1.773880447E2
2.105320211E2,2.279090604E-2,7.009620895E-4,1.621264382E-3,9.997386932E-1,1.773881284E2,1.875658315E-1,-7.606920395E-2,1.773879998E2
2.105370211E2,2.280187557E-2,6.943923072E-4,1.616863185E-3,9.997384548E-1,1.773868711E2,1.870452875E-1,-7.532600141E-2,1.773867441E2
2.105420211E2,2.280707909E-2,6.900932058E-4,1.619020593E-3,9.997383356E-1,1.773862746E2,1.872815993E-1,-7.482687718E-2,1.773861483E2
2.105470211E2,2.281234421E-2,6.866690237E-4,1.619909424E-3,9.997382164E-1,1.773856711E2,1.873748671E-1,-7.443128746E-2,1.773855454E2
2.105520211E2,2.280700243E-2,6.902846508E-4,1.620018505E-3,9.997383356E-1,1.773862834E2,1.873964167E-1,-7.484621562E-2,1.773861570E2
2.105570211E2,2.281221835E-2,6.860798458E-4,1.621930161E-3,9.997382164E-1,1.773856856E2,1.876048169E-1,-7.435853123E-2,1.773855598E2
2.105620211E2,2.282550299E-2,6.782796117E-4,1.622007811E-3,9.997379184E-1,1.773841628E2,1.875942953E-1,-7.346222816E-2,1.773840385E2
2.105670211E2,2.281715503E-2,6.830038037E-4,1.627257676E-3,9.997380972E-1,1.773851197E2,1.882074706E-1,-7.399127828E-2,1.773849941E2
2.105720211E2,2.281474264E-2,6.859511486E-4,1.623217948E-3,9.997381568E-1,1.773853962E2,1.877521995E-1,-7.433994686E-2,1.773852704E2
2.105770211E2,2.281479559E-2,6.854484091E-4,1.622685930E-3,9.997381568E-1,1.773853901E2,1.876899399E-1,-7.428373324E-2,1.773852644E2
2.105820211E2,2.282020658E-2,6.810229388E-4,1.621907111E-3,9.997380376E-1,1.773847699E2,1.875895447E-1,-7.377776523E-2,1.773846451E2
2.105870211E2,2.282031336E-2,6.817835965E-4,1.620084164E-3,9.997380376E-1,1.773847577E2,1.873827016E-1,-7.386965461E-2,1.773846329E2
2.105920211E2,2.282329287E-2,6.803399301E-4,1.615494140E-3,9.997379780E-1,1.773844162E2,1.868533036E-1,-7.371571260E-2,1.773842920E2
2.105970211E2,2.282866767E-2,6.758795353E-4,1.615195535E-3,9.997378588E-1,1.773838001E2,1.868078212E-1,-7.320449942E-2,1.773836768E2
2.106020211E2,2.282852839E-2,6.753349444E-4,1.617390430E-3,9.997378588E-1,1.773838161E2,1.870578375E-1,-7.313639424E-2,1.773836927E2
2.106070211E2,2.282611731E-2,6.769130705E-4,1.613913453E-3,9.997379184E-1,1.773840924E2,1.866634604E-1,-7.332673307E-2,1.773839690E2
2.106120211E2,2.283672972E-2,6.707565044E-4,1.614042441E-3,9.997376800E-1,1.773828760E2,1.866629026E-1,-7.261910834E-2,1.773827537E2
2.106170211E2,2.284475640E-2,6.640875945E-4,1.613969682E-3,9.997375011E-1,1.773819560E2,1.866376897E-1,-7.185379970E-2,1.773818350E2
2.106220211E2,2.284512165E-2,6.642813096E-4,1.608711551E-3,9.997375011E-1,1.773819141E2,1.860358419E-1,-7.188968950E-2,1.773817935E2
2.106270211E2,2.285064705E-2,6.603213260E-4,1.605947269E-3,9.997373819E-1,1.773812808E2,1.857091874E-1,-7.144223822E-2,1.773811611E2
2.106320211E2,2.285818349E-2,6.558344467E-4,1.611838699E-3,9.997372031E-1,1.773804170E2,1.863729046E-1,-7.091138224E-2,1.773802977E2
2.106370211E2,2.285279501E-2,6.593473954E-4,1.612873399E-3,9.997373223E-1,1.773810346E2,1.865002602E-1,-7.131212571E-2,1.773809146E2
2.106420211E2,2.284768317E-2,6.623918307E-4,1.610153588E-3,9.997374415E-1,1.773816205E2,1.861962809E-1,-7.166897564E-2,1.773815001E2
2.106470211E2,2.285597470E-2,6.578695611E-4,1.605349011E-3,9.997372627E-1,1.773806701E2,1.856346082E-1,-7.116193771E-2,1.773805509E2
2.106520211E2,2.285562106E-2,6.577553577E-4,1.610422740E-3,9.997372627E-1,1.773807107E2,1.862155396E-1,-7.113563102E-2,1.773805911E2
2.106570211E2,2.285529298E-2,6.566670490E-4,1.615514979E-3,9.997372627E-1,1.773807483E2,1.867960418E-1,-7.099767655E-2,1.773806286E2
2.106620211E2,2.285009256E-2,6.602899521E-4,1.613830449E-3,9.997373819E-1,1.773813444E2,1.866121773E-1,-7.141810447E-2,1.773812241E2
2.106670211E2,2.284502460E-2,6.650747964E-4,1.609761501E-3,9.997375011E-1,1.773819253E2,1.861581966E-1,-7.197786188E-2,1.773818044E2
2.106720211E2,2.284487468E-2,6.651688018E-4,1.611848944E-3,9.997375011E-1,1.773819424E2,1.863975733E-1,-7.198319436E-2,1.773818214E2
2.106770211E2,2.283945694E-2,6.691961316E-4,1.613019733E-3,9.997376204E-1,1.773825634E2,1.865418529E-1,-7.244251721E-2,1.773824415E2
2.106820211E2,2.282633954E-2,6.772307679E-4,1.610633684E-3,9.997379184E-1,1.773840670E2,1.862885712E-1,-7.337166682E-2,1.773839437E2
2.106870211E2,2.283146506E-2,6.741867401E-4,1.613254775E-3,9.997377992E-1,1.773834795E2,1.865812594E-1,-7.301512531E-2,1.773833566E2
2.106920211E2,2.283676628E-2,6.696667406E-4,1.613977598E-3,9.997376800E-1,1.773828718E2,1.866526245E-1,-7.249442619E-2,1.773827498E2
2.106970211E2,2.282855396E-2,6.763305864E-4,1.616613241E-3,9.997378588E-1,1.773838131E2,1.869714080E-1,-7.325248495E-2,1.773836896E2
2.107020211E2,2.282881584E-2,6.765960134E-4,1.612799591E-3,9.997378588E-1,1.773837831E2,1.865352227E-1,-7.329282065E-2,1.773836598E2
2.107070211E2,2.283936161E-2,6.687045097E-4,1.614572713E-3,9.997376204E-1,1.773825744E2,1.867184715E-1,-7.238214939E-2,1.773824524E2
2.107120211E2,2.284204596E-2,6.663662498E-4,1.614472014E-3,9.997375607E-1,1.773822667E2,1.867010083E-1,-7.211403701E-2,1.773821452E2
2.107170211E2,2.282875775E-2,6.761354744E-4,1.613814617E-3,9.997378588E-1,1.773837898E2,1.866502967E-1,-7.323741600E-2,1.773836665E2
2.107220211E2,2.282326672E-2,6.788045866E-4,1.616509166E-3,9.997379780E-1,1.773844192E2,1.869655689E-1,-7.353717134E-2,1.773842952E2
2.107270211E2,2.282608212E-2,6.778258830E-4,1.614028006E-3,9.997379184E-1,1.773840965E2,1.866789692E-1,-7.343101323E-2,1.773839728E2
2.107320211E2,2.282339083E-2,6.788297906E-4,1.614745357E-3,9.997379780E-1,1.773844049E2,1.867635786E-1,-7.354464876E-2,1.773842811E2
2.107370211E2,2.281811059E-2,6.835066015E-4,1.613590051E-3,9.997380972E-1,1.773850102E2,1.866430666E-1,-7.408443907E-2,1.773848855E2
2.107420211E2,2.282603811E-2,6.782484124E-4,1.614472945E-3,9.997379184E-1,1.773841015E2,1.867310444E-1,-7.347826321E-2,1.773839778E2
2.107470211E2,2.282855881E-2,6.760961842E-4,1.616642810E-3,9.997378588E-1,1.773838126E2,1.869741826E-1,-7.322555320E-2,1.773836891E2
2.107520211E2,2.282607093E-2,6.784209399E-4,1.613936271E-3,9.997379184E-1,1.773840978E2,1.866700157E-1,-7.349942593E-2,1.773839740E2
2.107570211E2,2.282358381E-2,6.790394546E-4,1.611927059E-3,9.997379780E-1,1.773843828E2,1.864412715E-1,-7.357600346E-2,1.773842591E2
2.107620211E2,2.282058558E-2,6.809129845E-4,1.616612077E-3,9.997380376E-1,1.773847265E2,1.869826757E-1,-7.377894502E-2,1.773846021E2
2.107670211E2,2.282825947E-2,6.763043930E-4,1.620777417E-3,9.997378588E-1,1.773838469E2,1.874483739E-1,-7.323864556E-2,1.773837231E2
2.107720211E2,2.283108514E-2,6.738433149E-4,1.618765527E-3,9.997377992E-1,1.773835230E2,1.872116553E-1,-7.296143468E-2,1.773833998E2
2.107770211E2,2.282840119E-2,6.753179478E-4,1.619191840E-3,9.997378588E-1,1.773838307E2,1.872641567E-1,-7.312975826E-2,1.773837071E2
2.107820211E2,2.283645524E-2,6.710446905E-4,1.617801725E-3,9.997376800E-1,1.773829075E2,1.870943075E-1,-7.264233662E-2,1.773827849E2
2.107870211E2,2.283622730E-2,6.708052242E-4,1.621115254E-3,9.997376800E-1,1.773829336E2,1.874732684E-1,-7.260627426E-2,1.773828108E2
2.107920211E2,2.283090873E-2,6.747869775E-4,1.620859257E-3,9.997377992E-1,1.773835432E2,1.874539733E-1,-7.306409723E-2,1.773834197E2
2.107970211E2,2.283417781E-2,6.716448697E-4,1.612857799E-3,9.997377396E-1,1.773831685E2,1.865293272E-1,-7.272445721E-2,1.773830462E2
2.108020211E2,2.283704316E-2,6.697158678E-4,1.610034727E-3,9.997376800E-1,1.773828401E2,1.862010704E-1,-7.251032131E-2,1.773827183E2
2.108070211E2,2.283126607E-2,6.744174752E-4,1.615972258E-3,9.997377992E-1,1.773835023E2,1.868931686E-1,-7.303448581E-2,1.773833791E2
2.108120211E2,2.282335950E-2,6.787074381E-4,1.615239540E-3,9.997379780E-1,1.773844085E2,1.868198708E-1,-7.352934519E-2,1.773842846E2
2.108170211E2,2.282866720E-2,6.754310452E-4,1.615389832E-3,9.997378588E-1,1.773838002E2,1.868289068E-1,-7.315261149E-2,1.773836769E2
2.108220211E2,2.283406154E-2,6.729259621E-4,1.613969565E-3,9.997377396E-1,1.773831819E2,1.866600373E-1,-7.286833365E-2,1.773830592E2
2.108270211E2,2.282569011E-2,6.785583100E-4,1.619255636E-3,9.997379184E-1,1.773841414E2,1.872797438E-1,-7.350132019E-2,1.773840172E2
2.108320211E2,2.282044535E-2,6.807001191E-4,1.618679962E-3,9.997380376E-1,1.773847426E2,1.872190095E-1,-7.374917720E-2,1.773846180E2
2.108370211E2,2.282044312E-2,6.818047841E-4,1.618246315E-3,9.997380376E-1,1.773847428E2,1.871722191E-1,-7.387686384E-2,1.773846181E2
2.108420211E2,2.281789421E-2,6.824563607E-4,1.617090660E-3,9.997380972E-1,1.773850350E2,1.870413406E-1,-7.395500858E-2,1.773849102E2
2.108470211E2,2.281780812E-2,6.834919332E-4,1.617867965E-3,9.997380972E-1,1.773850448E2,1.871330919E-1,-7.407162898E-2,1.773849199E2
2.108520211E2,2.281508309E-2,6.848144694E-4,1.618906972E-3,9.997381568E-1,1.773853572E2,1.872553788E-1,-7.422093439E-2,1.773852319E2
2.108570211E2,2.281468325E-2,6.855819956E-4,1.624208293E-3,9.997381568E-1,1.773854030E2,1.878646857E-1,-7.429507800E-2,1.773852772E2
2.108620211E2,2.280933801E-2,6.894895341E-4,1.624252065E-3,9.997382760E-1,1.773860157E2,1.878795179E-1,-7.474362193E-2,1.773858891E2
2.108670211E2,2.279575179E-2,6.975630531E-4,1.628099009E-3,9.997385740E-1,1.773875730E2,1.883403086E-1,-7.566104129E-2,1.773874445E2
2.108720211E2,2.278534164E-2,7.052222500E-4,1.624116907E-3,9.997388124E-1,1.773887662E2,1.879033241E-1,-7.655085069E-2,1.773886366E2
2.108770211E2,2.278290028E-2,7.069404237E-4,1.620925614E-3,9.997388721E-1,1.773890460E2,1.875420225E-1,-7.675647844E-2,1.773889163E2
2.108820211E2,2.278773099E-2,7.043118821E-4,1.627675374E-3,9.997387528E-1,1.773884923E2,1.883087947E-1,-7.643681571E-2,1.773883626E2
2.108870211E2,2.278539008E-2,7.056067698E-4,1.623270102E-3,9.997388124E-1,1.773887606E2,1.878073202E-1,-7.659710395E-2,1.773886310E2
2.108920211E2,2.278283852E-2,7.075172034E-4,1.621541916E-3,9.997388721E-1,1.773890531E2,1.876141287E-1,-7.682095781E-2,1.773889232E2
2.108970211E2,2.278511679E-2,7.057118346E-4,1.627056161E-3,9.997388124E-1,1.773887920E2,1.882413123E-1,-7.659930585E-2,1.773886620E2
2.109020211E2,2.279291929E-2,6.998954923E-4,1.630153041E-3,9.997386336E-1,1.773878976E2,1.885815012E-1,-7.592341784E-2,1.773877686E2
2.109070211E2,2.279323903E-2,7.005126681E-4,1.625410398E-3,9.997386336E-1,1.773878610E2,1.880398109E-1,-7.600645021E-2,1.773877322E2
2.109120211E2,2.279055778E-2,7.016623858E-4,1.625850564E-3,9.997386932E-1,1.773881683E2,1.880930364E-1,-7.613751850E-2,1.773880392E2
2.109170211E2,2.279278420E-2,7.003415376E-4,1.631849445E-3,9.997386336E-1,1.773879131E2,1.887769995E-1,-7.597011201E-2,1.773877839E2
2.109220211E2,2.279021615E-2,7.025480736E-4,1.630250947E-3,9.997386932E-1,1.773882075E2,1.885994405E-1,-7.622755615E-2,1.773880779E2
2.109270211E2,2.279047031E-2,7.016850868E-4,1.627066405E-3,9.997386932E-1,1.773881783E2,1.882323783E-1,-7.613696017E-2,1.773880492E2
2.109320211E2,2.279591698E-2,6.988958921E-4,1.625212026E-3,9.997385740E-1,1.773875540E2,1.880130646E-1,-7.582124422E-2,1.773874255E2
2.109370211E2,2.280095630E-2,6.945327623E-4,1.629715553E-3,9.997384548E-1,1.773869764E2,1.885179781E-1,-7.530868184E-2,1.773868484E2
2.109420211E2,2.280095041E-2,6.945651257E-4,1.629784121E-3,9.997384548E-1,1.773869771E2,1.885259176E-1,-7.531221140E-2,1.773868491E2
2.109470211E2,2.279581299E-2,6.982099731E-4,1.626964426E-3,9.997385740E-1,1.773875660E2,1.882120231E-1,-7.573810589E-2,1.773874375E2
2.109520211E2,2.280360950E-2,6.929575466E-4,1.629827661E-3,9.997383952E-1,1.773866723E2,1.885269045E-1,-7.512742930E-2,1.773865446E2
2.109570211E2,2.280327564E-2,6.921223248E-4,1.634845976E-3,9.997383952E-1,1.773867106E2,1.890996048E-1,-7.501869406E-2,1.773865827E2
2.109620211E2,2.280604080E-2,6.907460629E-4,1.633305219E-3,9.997383356E-1,1.773863936E2,1.889197029E-1,-7.486453103E-2,1.773862661E2
2.109670211E2,2.280900414E-2,6.883089663E-4,1.629433013E-3,9.997382760E-1,1.773860540E2,1.884699464E-1,-7.459489471E-2,1.773859272E2
2.109720211E2,2.281142703E-2,6.867333432E-4,1.632747124E-3,9.997382164E-1,1.773857763E2,1.888456790E-1,-7.440526852E-2,1.773856495E2
2.109770211E2,2.281385466E-2,6.847901386E-4,1.636137255E-3,9.997381568E-1,1.773854980E2,1.892291589E-1,-7.417333016E-2,1.773853714E2
2.109820211E2,2.281150955E-2,6.866669282E-4,1.631621737E-3,9.997382164E-1,1.773857668E2,1.887165850E-1,-7.440058625E-2,1.773856402E2
2.109870211E2,2.281686151E-2,6.837344263E-4,1.631062012E-3,9.997380972E-1,1.773851533E2,1.886451916E-1,-7.406508744E-2,1.773850273E2
2.109920211E2,2.281635103E-2,6.841568975E-4,1.638011076E-3,9.997380972E-1,1.773852119E2,1.894423568E-1,-7.409541308E-2,1.773850852E2
2.109970211E2,2.281596078E-2,6.834782544E-4,1.643720316E-3,9.997380972E-1,1.773852566E2,1.900946150E-1,-7.400281294E-2,1.773851297E2
2.110020211E2,2.281892072E-2,6.827320904E-4,1.639188034E-3,9.997380376E-1,1.773849173E2,1.895736557E-1,-7.392862025E-2,1.773847909E2
2.110070211E2,2.282702003E-2,6.771982298E-4,1.637771842E-3,9.997378588E-1,1.773839890E2,1.893975355E-1,-7.329682137E-2,1.773838637E2
2.110120211E2,2.282927952E-2,6.756014773E-4,1.643312047E-3,9.997377992E-1,1.773837300E2,1.900282199E-1,-7.309897273E-2,1.773836046E2
2.110170211E2,2.282138812E-2,6.797823007E-4,1.642413321E-3,9.997379780E-1,1.773846345E2,1.899356180E-1,-7.358178484E-2,1.773845084E2
2.110220211E2,2.282446845E-2,6.783938734E-4,1.636453788E-3,9.997379184E-1,1.773842814E2,1.892494772E-1,-7.343772709E-2,1.773841560E2
2.110270211E2,2.282701388E-2,6.758081145E-4,1.638431568E-3,9.997378588E-1,1.773839897E2,1.894694777E-1,-7.313584296E-2,1.773838646E2
2.110320211E2,2.282688172E-2,6.769662141E-4,1.639794209E-3,9.997378588E-1,1.773840048E2,1.896286046E-1,-7.326497718E-2,1.773838795E2
2.110370211E2,2.283279237E-2,6.723170518E-4,1.632077154E-3,9.997377396E-1,1.773833273E2,1.887327912E-1,-7.275143309E-2,1.773832034E2
2.110420211E2,2.283053862E-2,6.748454762E-4,1.626039739E-3,9.997377992E-1,1.773835857E2,1.880475852E-1,-7.305731455E-2,1.773834617E2
2.110470211E2,2.282758651E-2,6.759509561E-4,1.630374813E-3,9.997378588E-1,1.773839240E2,1.885468960E-1,-7.317317489E-2,1.773837996E2
2.110520211E2,2.282230848E-2,6.794804940E-4,1.629700419E-3,9.997379780E-1,1.773845290E2,1.884784817E-1,-7.358028352E-2,1.773844039E2
2.110570211E2,2.282762977E-2,6.766906590E-4,1.629462000E-3,9.997378588E-1,1.773839191E2,1.884442608E-1,-7.326029616E-2,1.773837945E2
2.110620211E2,2.282478666E-2,6.784449797E-4,1.631988329E-3,9.997379184E-1,1.773842450E2,1.887380627E-1,-7.345520178E-2,1.773841199E2
2.110670211E2,2.281926199E-2,6.812952925E-4,1.635029679E-3,9.997380376E-1,1.773848782E2,1.890935341E-1,-7.377482790E-2,1.773847524E2
2.110720211E2,2.282200869E-2,6.790932966E-4,1.634054119E-3,9.997379780E-1,1.773845634E2,1.889762152E-1,-7.352459569E-2,1.773844380E2
2.110770211E2,2.281378838E-2,6.847169716E-4,1.637091744E-3,9.997381568E-1,1.773855056E2,1.893383108E-1,-7.416246516E-2,1.773853789E2
2.110820211E2,2.281636534E-2,6.842134171E-4,1.637788140E-3,9.997380972E-1,1.773852102E2,1.894169657E-1,-7.410246825E-2,1.773850836E2
2.110870211E2,2.281921968E-2,6.824937300E-4,1.635120483E-3,9.997380376E-1,1.773848831E2,1.891070679E-1,-7.391189335E-2,1.773847570E2
2.110920211E2,2.281135649E-2,6.863689050E-4,1.633885549E-3,9.997382164E-1,1.773857843E2,1.889751412E-1,-7.436055525E-2,1.773856576E2
2.110970211E2,2.280362288E-2,6.922820467E-4,1.629927545E-3,9.997383952E-1,1.773866708E2,1.885365831E-1,-7.504977939E-2,1.773865432E2
2.111020211E2,2.280875753E-2,6.890064105E-4,1.632587169E-3,9.997382760E-1,1.773860822E2,1.888330976E-1,-7.466659713E-2,1.773859551E2
2.111070211E2,2.280855573E-2,6.890416262E-4,1.635389286E-3,9.997382760E-1,1.773861054E2,1.891541906E-1,-7.466334543E-2,1.773859780E2
2.111120211E2,2.280590645E-2,6.907365168E-4,1.635184046E-3,9.997383356E-1,1.773864090E2,1.891349100E-1,-7.485855250E-2,1.773862814E2
2.111170211E2,2.281157913E-2,6.877650158E-4,1.630185870E-3,9.997382164E-1,1.773857588E2,1.885549653E-1,-7.453012534E-2,1.773856321E2
2.111220211E2,2.281392594E-2,6.855903193E-4,1.634807675E-3,9.997381568E-1,1.773854898E2,1.890789371E-1,-7.426846272E-2,1.773853632E2
2.111270211E2,2.281100311E-2,6.871380610E-4,1.638489426E-3,9.997382164E-1,1.773858248E2,1.895045549E-1,-7.443670289E-2,1.773856976E2
2.111320211E2,2.281119325E-2,6.874881801E-4,1.635693014E-3,9.997382164E-1,1.773858031E2,1.891851219E-1,-7.448408716E-2,1.773856760E2
2.111370211E2,2.281946292E-2,6.808974431E-4,1.632389030E-3,9.997380376E-1,1.773848552E2,1.887899906E-1,-7.373611707E-2,1.773847296E2
2.111420211E2,2.281652809E-2,6.828006590E-4,1.636109548E-3,9.997380972E-1,1.773851916E2,1.892209807E-1,-7.394497864E-2,1.773850654E2
2.111470211E2,2.280835578E-2,6.899521104E-4,1.637792331E-3,9.997382760E-1,1.773861283E2,1.894318533E-1,-7.476140878E-2,1.773860006E2
2.111520211E2,2.281125388E-2,6.873426610E-4,1.634908374E-3,9.997382164E-1,1.773857961E2,1.890948562E-1,-7.446945591E-2,1.773856691E2
2.111570211E2,2.281619503E-2,6.841989816E-4,1.640164992E-3,9.997380972E-1,1.773852297E2,1.896892121E-1,-7.409463207E-2,1.773851030E2
2.111620211E2,2.281578019E-2,6.833903026E-4,1.646261546E-3,9.997380972E-1,1.773852773E2,1.903854999E-1,-7.398612702E-2,1.773851502E2
2.111670211E2,2.281837161E-2,6.818331894E-4,1.647186582E-3,9.997380376E-1,1.773849803E2,1.904875935E-1,-7.380482927E-2,1.773848534E2
2.111720211E2,2.281844840E-2,6.821729476E-4,1.645981800E-3,9.997380376E-1,1.773849715E2,1.903504655E-1,-7.384688830E-2,1.773848446E2
2.111770211E2,2.282601359E-2,6.760461256E-4,1.652211417E-3,9.997378588E-1,1.773841043E2,1.910486732E-1,-7.312725416E-2,1.773839782E2
2.111820211E2,2.282575542E-2,6.763069541E-4,1.655667787E-3,9.997378588E-1,1.773841339E2,1.914453051E-1,-7.314814335E-2,1.773840075E2
2.111870211E2,2.282030595E-2,6.811191561E-4,1.656832639E-3,9.997379780E-1,1.773847585E2,1.915909399E-1,-7.369743408E-2,1.773846311E2
2.111920211E2,2.282292528E-2,6.796471425E-4,1.657323330E-3,9.997379184E-1,1.773844583E2,1.916434971E-1,-7.352701255E-2,1.773843311E2
2.111970211E2,2.284131219E-2,6.656697951E-4,1.661368879E-3,9.997375011E-1,1.773823508E2,1.920717252E-1,-7.191163230E-2,1.773822260E2
2.112020211E2,2.284160420E-2,6.667755079E-4,1.656904817E-3,9.997375011E-1,1.773823173E2,1.915632294E-1,-7.204993339E-2,1.773821927E2
2.112070211E2,2.283167922E-2,6.721865502E-4,1.647629426E-3,9.997377396E-1,1.773834549E2,1.905140667E-1,-7.269600108E-2,1.773833299E2
2.112120211E2,2.283976622E-2,6.670262082E-4,1.646141754E-3,9.997375607E-1,1.773825280E2,1.903307165E-1,-7.210717713E-2,1.773824041E2
2.112170211E2,2.283951521E-2,6.670014118E-4,1.649630722E-3,9.997375607E-1,1.773825567E2,1.907303361E-1,-7.209525237E-2,1.773824326E2
2.112220211E2,2.283397059E-2,6.720309611E-4,1.652099541E-3,9.997376800E-1,1.773831923E2,1.910259311E-1,-7.266604291E-2,1.773830670E2
2.112270211E2,2.283161685E-2,6.731739850E-4,1.648090431E-3,9.997377396E-1,1.773834621E2,1.905694595E-1,-7.280792883E-2,1.773833368E2
2.112320211E2,2.283153029E-2,6.734465715E-4,1.649177982E-3,9.997377396E-1,1.773834720E2,1.906947585E-1,-7.283632776E-2,1.773833466E2
2.112370211E2,2.282846764E-2,6.746269064E-4,1.654949971E-3,9.997377992E-1,1.773838230E2,1.913588735E-1,-7.295703297E-2,1.773836970E2
2.112420211E2,2.282592982E-2,6.761749391E-4,1.653315616E-3,9.997378588E-1,1.773841139E2,1.911755032E-1,-7.313913890E-2,1.773839877E2
2.112470211E2,2.282054368E-2,6.796965026E-4,1.654140302E-3,9.997379780E-1,1.773847313E2,1.912787972E-1,-7.354144803E-2,1.773846044E2
2.112520211E2,2.283102455E-2,6.732252659E-4,1.656254521E-3,9.997377396E-1,1.773835300E2,1.915048443E-1,-7.279255626E-2,1.773834041E2
2.112570211E2,2.283354582E-2,6.720657693E-4,1.657945802E-3,9.997376800E-1,1.773832410E2,1.916957501E-1,-7.265481407E-2,1.773831152E2
2.112620211E2,2.282058983E-2,6.805213634E-4,1.653164160E-3,9.997379780E-1,1.773847260E2,1.911691292E-1,-7.363848933E-2,1.773845990E2
2.112670211E2,2.281558616E-2,6.835965905E-4,1.648862963E-3,9.997380972E-1,1.773852995E2,1.906840484E-1,-7.400299496E-2,1.773851722E2
2.112720211E2,2.282886365E-2,6.750620087E-4,1.649300219E-3,9.997377992E-1,1.773837776E2,1.907127944E-1,-7.302158361E-2,1.773836520E2
2.112770211E2,2.282559460E-2,6.764763384E-4,1.657814370E-3,9.997378588E-1,1.773841523E2,1.916916531E-1,-7.316196415E-2,1.773840258E2
2.112820211E2,2.282350785E-2,6.777319359E-4,1.650069142E-3,9.997379184E-1,1.773843915E2,1.908074764E-1,-7.332646522E-2,1.773842653E2
2.112870211E2,2.283449362E-2,6.701987004E-4,1.645602169E-3,9.997376800E-1,1.773831323E2,1.902768227E-1,-7.247303849E-2,1.773830079E2
2.112920211E2,2.284496780E-2,6.633821176E-4,1.647833036E-3,9.997374415E-1,1.773819318E2,1.905153071E-1,-7.168428660E-2,1.773818085E2
2.112970211E2,2.283139688E-2,6.737284712E-4,1.650908845E-3,9.997377396E-1,1.773834873E2,1.908937774E-1,-7.286411941E-2,1.773833617E2
2.113020211E2,2.282905955E-2,6.751206238E-4,1.646562363E-3,9.997377992E-1,1.773837552E2,1.903993081E-1,-7.303542392E-2,1.773836297E2
2.113070211E2,2.283718651E-2,6.683282554E-4,1.645204844E-3,9.997376204E-1,1.773828237E2,1.902266040E-1,-7.225928474E-2,1.773826996E2
2.113120211E2,2.283448874E-2,6.706870627E-4,1.645470853E-3,9.997376800E-1,1.773831329E2,1.902630566E-1,-7.252933057E-2,1.773830083E2
2.113170211E2,2.283192479E-2,6.731049507E-4,1.643847208E-3,9.997377396E-1,1.773834268E2,1.900831897E-1,-7.281106374E-2,1.773833019E2
2.113220211E2,2.283997554E-2,6.673409371E-4,1.643107040E-3,9.997375607E-1,1.773825040E2,1.899838928E-1,-7.215113615E-2,1.773823802E2
2.113270211E2,2.284498272E-2,6.632986479E-4,1.647659810E-3,9.997374415E-1,1.773819301E2,1.904952445E-1,-7.167517484E-2,1.773818068E2
2.113320211E2,2.283412739E-2,6.704511470E-4,1.650573569E-3,9.997376800E-1,1.773831743E2,1.908469899E-1,-7.248902007E-2,1.773830494E2
2.113370211E2,2.282918407E-2,6.740900571E-4,1.645257697E-3,9.997377992E-1,1.773837409E2,1.902471557E-1,-7.292075010E-2,1.773836157E2
2.113420211E2,2.283187970E-2,6.724371342E-4,1.644746517E-3,9.997377396E-1,1.773834319E2,1.901844654E-1,-7.273221321E-2,1.773833071E2
2.113470211E2,2.282929231E-2,6.744463462E-4,1.643608906E-3,9.997377992E-1,1.773837285E2,1.900592072E-1,-7.296586006E-2,1.773836034E2
2.113520211E2,2.282633393E-2,6.775168004E-4,1.647175639E-3,9.997378588E-1,1.773840676E2,1.904756356E-1,-7.330884851E-2,1.773839416E2
2.113570211E2,2.282140133E-2,6.805291632E-4,1.641920418E-3,9.997379780E-1,1.773846330E2,1.898811046E-1,-7.366863314E-2,1.773845068E2
2.113620211E2,2.282424478E-2,6.786464364E-4,1.639465918E-3,9.997379184E-1,1.773843071E2,1.895951969E-1,-7.345882493E-2,1.773841814E2
2.113670211E2,2.282425912E-2,6.787932944E-4,1.639205497E-3,9.997379184E-1,1.773843054E2,1.895657477E-1,-7.347632765E-2,1.773841798E2
2.113720211E2,2.282196502E-2,6.795722875E-4,1.634464832E-3,9.997379780E-1,1.773845684E2,1.890245169E-1,-7.357840374E-2,1.773844429E2
2.113770211E2,2.282493934E-2,6.784580764E-4,1.629846054E-3,9.997379184E-1,1.773842275E2,1.884926851E-1,-7.346227683E-2,1.773841025E2
2.113820211E2,2.282505414E-2,6.772545166E-4,1.628738595E-3,9.997379184E-1,1.773842143E2,1.883626724E-1,-7.332727026E-2,1.773840897E2
2.113870211E2,2.282224384E-2,6.805050652E-4,1.630177954E-3,9.997379780E-1,1.773845364E2,1.885358642E-1,-7.369642327E-2,1.773844111E2
2.113920211E2,2.281715770E-2,6.825708551E-4,1.627401798E-3,9.997380972E-1,1.773851194E2,1.882228495E-1,-7.394130165E-2,1.773849939E2
2.113970211E2,2.281450711E-2,6.843570736E-4,1.627196325E-3,9.997381568E-1,1.773854232E2,1.882037846E-1,-7.414696993E-2,1.773852974E2
2.114020211E2,2.281954400E-2,6.818965194E-4,1.630837796E-3,9.997380376E-1,1.773848459E2,1.886148971E-1,-7.385461408E-2,1.773847202E2
2.114070211E2,2.282490577E-2,6.785345031E-4,1.630284358E-3,9.997379184E-1,1.773842313E2,1.885430954E-1,-7.346989226E-2,1.773841063E2
2.114120211E2,2.282254946E-2,6.798297400E-4,1.626176178E-3,9.997379780E-1,1.773845014E2,1.880756691E-1,-7.362946556E-2,1.773843765E2
2.114170211E2,2.282547193E-2,6.779032992E-4,1.622602111E-3,9.997379184E-1,1.773841664E2,1.876613928E-1,-7.341756851E-2,1.773840421E2
2.114220211E2,2.282524446E-2,6.783877034E-4,1.625596778E-3,9.997379184E-1,1.773841925E2,1.880057182E-1,-7.346527213E-2,1.773840679E2
2.114270211E2,2.282532022E-2,6.773574860E-4,1.624962431E-3,9.997379184E-1,1.773841838E2,1.879303567E-1,-7.334889383E-2,1.773840595E2
2.114320211E2,2.282035136E-2,6.813957007E-4,1.619711984E-3,9.997380376E-1,1.773847533E2,1.873390523E-1,-7.382618283E-2,1.773846286E2
2.114370211E2,2.282575672E-2,6.778501556E-4,1.618613140E-3,9.997379184E-1,1.773841338E2,1.872042905E-1,-7.342186105E-2,1.773840098E2
2.114420211E2,2.282808884E-2,6.768283201E-4,1.622960437E-3,9.997378588E-1,1.773838665E2,1.876998231E-1,-7.329298861E-2,1.773837424E2
2.114470211E2,2.282276706E-2,6.788181490E-4,1.623542747E-3,9.997379780E-1,1.773844764E2,1.877713482E-1,-7.352042271E-2,1.773843519E2
2.114520211E2,2.281248463E-2,6.860474823E-4,1.618194277E-3,9.997382164E-1,1.773856550E2,1.871767619E-1,-7.436454018E-2,1.773855295E2
2.114570211E2,2.282048307E-2,6.812260253E-4,1.617926755E-3,9.997380376E-1,1.773847382E2,1.871340989E-1,-7.381138854E-2,1.773846137E2
2.114620211E2,2.282826395E-2,6.767280283E-4,1.620537485E-3,9.997378588E-1,1.773838464E2,1.874219955E-1,-7.328780472E-2,1.773837225E2
2.114670211E2,2.282033530E-2,6.818699767E-4,1.619738643E-3,9.997380376E-1,1.773847552E2,1.873433456E-1,-7.388044993E-2,1.773846304E2
2.114720211E2,2.282324308E-2,6.789163454E-4,1.616796013E-3,9.997379780E-1,1.773844219E2,1.869987212E-1,-7.354922877E-2,1.773842978E2
2.114770211E2,2.283634790E-2,6.703262334E-4,1.619613846E-3,9.997376800E-1,1.773829198E2,1.873000194E-1,-7.255530687E-2,1.773827972E2
2.114820211E2,2.282815798E-2,6.752279587E-4,1.622654614E-3,9.997378588E-1,1.773838585E2,1.876606055E-1,-7.311043577E-2,1.773837348E2
2.114870211E2,2.282069040E-2,6.807012251E-4,1.615221030E-3,9.997380376E-1,1.773847145E2,1.868227686E-1,-7.375830376E-2,1.773845902E2
2.114920211E2,2.283398237E-2,6.727188011E-4,1.615175512E-3,9.997377396E-1,1.773831909E2,1.867976449E-1,-7.284146013E-2,1.773830682E2
2.114970211E2,2.283052105E-2,6.749623572E-4,1.626237994E-3,9.997377992E-1,1.773835877E2,1.880706022E-1,-7.307018923E-2,1.773834637E2
2.115020211E2,2.281983693E-2,6.812907523E-4,1.626987592E-3,9.997380376E-1,1.773848123E2,1.881722476E-1,-7.379522981E-2,1.773846871E2
2.115070211E2,2.282014895E-2,6.821831921E-4,1.622230280E-3,9.997380376E-1,1.773847765E2,1.876295978E-1,-7.390985137E-2,1.773846515E2
2.115120211E2,2.282305328E-2,6.793749053E-4,1.619280665E-3,9.997379780E-1,1.773844436E2,1.872845533E-1,-7.359529912E-2,1.773843193E2
2.115170211E2,2.281728911E-2,6.829516497E-4,1.625398407E-3,9.997380972E-1,1.773851043E2,1.879943426E-1,-7.399013980E-2,1.773849789E2
2.115220211E2,2.281160977E-2,6.864329334E-4,1.630318584E-3,9.997382164E-1,1.773857553E2,1.885666889E-1,-7.437716715E-2,1.773856288E2
2.115270211E2,2.282237991E-2,6.797982496E-4,1.628567115E-3,9.997379780E-1,1.773845208E2,1.883494847E-1,-7.361963665E-2,1.773843957E2
2.115320211E2,2.281953338E-2,6.824896554E-4,1.630738261E-3,9.997380376E-1,1.773848471E2,1.886050446E-1,-7.392282698E-2,1.773847213E2
2.115370211E2,2.281704278E-2,6.833678344E-4,1.628678176E-3,9.997380972E-1,1.773851326E2,1.883711495E-1,-7.402928907E-2,1.773850068E2
2.115420211E2,2.282528759E-2,6.786530721E-4,1.624880242E-3,9.997379184E-1,1.773841875E2,1.879243278E-1,-7.349753933E-2,1.773840630E2
2.115470211E2,2.281751382E-2,6.825430319E-4,1.622412819E-3,9.997380972E-1,1.773850786E2,1.876512560E-1,-7.395109243E-2,1.773849534E2
2.115520211E2,2.281742978E-2,6.824935554E-4,1.623615040E-3,9.997380972E-1,1.773850882E2,1.877888492E-1,-7.394229651E-2,1.773849630E2
2.115570211E2,2.282231090E-2,6.792939967E-4,1.629744191E-3,9.997379780E-1,1.773845287E2,1.884830087E-1,-7.355880315E-2,1.773844037E2
2.115620211E2,2.281177022E-2,6.866206531E-4,1.627992839E-3,9.997382164E-1,1.773857369E2,1.883007497E-1,-7.440472224E-2,1.773856106E2
2.115670211E2,2.280378080E-2,6.919979351E-4,1.627837541E-3,9.997383952E-1,1.773866527E2,1.882964173E-1,-7.502266303E-2,1.773865253E2
2.115720211E2,2.281150881E-2,6.880268920E-4,1.631059102E-3,9.997382164E-1,1.773857669E2,1.886556838E-1,-7.455785683E-2,1.773856400E2
2.115770211E2,2.281678766E-2,6.844308809E-4,1.631802763E-3,9.997380972E-1,1.773851618E2,1.887318692E-1,-7.414295145E-2,1.773850356E2
2.115820211E2,2.280379485E-2,6.920711603E-4,1.627609483E-3,9.997383952E-1,1.773866511E2,1.882704830E-1,-7.503164516E-2,1.773865237E2
2.115870211E2,2.280137159E-2,6.934492849E-4,1.624357770E-3,9.997384548E-1,1.773869288E2,1.879013798E-1,-7.519847835E-2,1.773868014E2
2.115920211E2,2.280109349E-2,6.938270526E-4,1.628095866E-3,9.997384548E-1,1.773869607E2,1.883305898E-1,-7.523204087E-2,1.773868330E2
2.115970211E2,2.279046758E-2,7.019756595E-4,1.626979327E-3,9.997386932E-1,1.773881787E2,1.882231612E-1,-7.617047659E-2,1.773880494E2
2.116020211E2,2.278802149E-2,7.028847467E-4,1.624221564E-3,9.997387528E-1,1.773884590E2,1.879094142E-1,-7.628228543E-2,1.773883299E2
2.116070211E2,2.279811557E-2,6.964849308E-4,1.632058178E-3,9.997385144E-1,1.773873020E2,1.887912407E-1,-7.552674078E-2,1.773871735E2
2.116120211E2,2.279518078E-2,6.979096797E-4,1.635926543E-3,9.997385740E-1,1.773876384E2,1.892379088E-1,-7.568041136E-2,1.773875093E2
2.116170211E2,2.278462302E-2,7.065142854E-4,1.633609296E-3,9.997388124E-1,1.773888486E2,1.889941104E-1,-7.667421831E-2,1.773887180E2
2.116220211E2,2.279045775E-2,7.019403856E-4,1.627132297E-3,9.997386932E-1,1.773881798E2,1.882405928E-1,-7.616603790E-2,1.773880506E2
2.116270211E2,2.279520172E-2,6.981382612E-4,1.635537250E-3,9.997385740E-1,1.773876360E2,1.891939094E-1,-7.570761101E-2,1.773875069E2
2.116320211E2,2.278987577E-2,7.019477198E-4,1.635260182E-3,9.997386932E-1,1.773882465E2,1.891717146E-1,-7.614576041E-2,1.773881166E2
2.116370211E2,2.278999267E-2,7.026557578E-4,1.633325825E-3,9.997386932E-1,1.773882331E2,1.889519690E-1,-7.623190421E-2,1.773881033E2
2.116420211E2,2.279816583E-2,6.962124025E-4,1.631472260E-3,9.997385144E-1,1.773872963E2,1.887234085E-1,-7.549704078E-2,1.773871678E2
2.116470211E2,2.279517032E-2,6.980331964E-4,1.636019559E-3,9.997385740E-1,1.773876396E2,1.892488868E-1,-7.569432063E-2,1.773875105E2
2.116520211E2,2.279525044E-2,6.985347718E-4,1.634688582E-3,9.997385740E-1,1.773876304E2,1.890977239E-1,-7.575524365E-2,1.773875013E2
2.116570211E2,2.279558511E-2,6.978362799E-4,1.630314160E-3,9.997385740E-1,1.773875921E2,1.885947819E-1,-7.568658733E-2,1.773874634E2
2.116620211E2,2.279544878E-2,6.987200468E-4,1.631841180E-3,9.997385740E-1,1.773876077E2,1.887720189E-1,-7.578386981E-2,1.773874787E2
2.116670211E2,2.280073776E-2,6.954463897E-4,1.632381231E-3,9.997384548E-1,1.773870015E2,1.888257345E-1,-7.540642454E-2,1.773868731E2
2.116720211E2,2.279284457E-2,6.995731965E-4,1.631335705E-3,9.997386336E-1,1.773879062E2,1.887161418E-1,-7.588342008E-2,1.773877771E2
2.116770211E2,2.277979033E-2,7.087035920E-4,1.627090503E-3,9.997389317E-1,1.773894025E2,1.882526493E-1,-7.694295989E-2,1.773892720E2
2.116820211E2,2.278209244E-2,7.077445625E-4,1.631891937E-3,9.997388721E-1,1.773891386E2,1.888003845E-1,-7.682012294E-2,1.773890079E2
2.116870211E2,2.279004391E-2,7.027949905E-4,1.632550731E-3,9.997386932E-1,1.773882272E2,1.888635403E-1,-7.624986956E-2,1.773880974E2
2.116920211E2,2.278469249E-2,7.062862860E-4,1.632738742E-3,9.997388124E-1,1.773888406E2,1.888937879E-1,-7.665035825E-2,1.773887101E2
2.116970211E2,2.277664292E-2,7.110477309E-4,1.633493695E-3,9.997389913E-1,1.773897633E2,1.889920891E-1,-7.719538782E-2,1.773896318E2
2.117020211E2,2.278713541E-2,7.046766113E-4,1.635835157E-3,9.997387528E-1,1.773885606E2,1.892445030E-1,-7.645740385E-2,1.773884302E2
2.117070211E2,2.278720361E-2,7.045526290E-4,1.634938293E-3,9.997387528E-1,1.773885528E2,1.891414379E-1,-7.644552935E-2,1.773884225E2
2.117120211E2,2.276083717E-2,7.228458999E-4,1.629745122E-3,9.997393489E-1,1.773915749E2,1.885922008E-1,-7.855977203E-2,1.773914415E2
2.117170211E2,2.276069461E-2,7.227542810E-4,1.631775522E-3,9.997393489E-1,1.773915913E2,1.888245575E-1,-7.854400697E-2,1.773914577E2
2.117220211E2,2.276562142E-2,7.185261929E-4,1.637938432E-3,9.997392297E-1,1.773910266E2,1.895199488E-1,-7.804262104E-2,1.773908933E2
2.117270211E2,2.275735305E-2,7.239832776E-4,1.641291077E-3,9.997394085E-1,1.773919743E2,1.899176226E-1,-7.866061811E-2,1.773918397E2
2.117320211E2,2.274156369E-2,7.347607752E-4,1.637511537E-3,9.997397661E-1,1.773937841E2,1.895114784E-1,-7.990815692E-2,1.773936477E2
2.117370211E2,2.274987466E-2,7.297219126E-4,1.633487060E-3,9.997395873E-1,1.773928315E2,1.890379519E-1,-7.933981263E-2,1.773926964E2
2.117420211E2,2.274973584E-2,7.287195767E-4,1.635866240E-3,9.997395873E-1,1.773928474E2,1.893078913E-1,-7.921880683E-2,1.773927123E2
2.117470211E2,2.274459684E-2,7.338202558E-4,1.632187865E-3,9.997397065E-1,1.773934364E2,1.888993778E-1,-7.981371042E-2,1.773933007E2
2.117520211E2,2.275273965E-2,7.276483229E-4,1.630986109E-3,9.997395277E-1,1.773925031E2,1.887462578E-1,-7.910823782E-2,1.773923686E2
2.117570211E2,2.275804050E-2,7.238116232E-4,1.631807419E-3,9.997394085E-1,1.773918955E2,1.888307611E-1,-7.866555603E-2,1.773917617E2
2.117620211E2,2.274716320E-2,7.316709962E-4,1.633896260E-3,9.997396469E-1,1.773931423E2,1.890896968E-1,-7.956254911E-2,1.773930068E2
2.117670211E2,2.274736801E-2,7.311849622E-4,1.631260267E-3,9.997396469E-1,1.773931188E2,1.887864611E-1,-7.951370095E-2,1.773929836E2
2.117720211E2,2.275829190E-2,7.241545827E-4,1.628144877E-3,9.997394085E-1,1.773918667E2,1.884120868E-1,-7.871435067E-2,1.773917331E2
2.117770211E2,2.275288378E-2,7.268594345E-4,1.629326376E-3,9.997395277E-1,1.773924866E2,1.885540694E-1,-7.902216180E-2,1.773923524E2
2.117820211E2,2.275002252E-2,7.289097994E-4,1.631789492E-3,9.997395873E-1,1.773928145E2,1.888413691E-1,-7.925117327E-2,1.773926798E2
2.117870211E2,2.275013641E-2,7.300996804E-4,1.629668404E-3,9.997395873E-1,1.773928015E2,1.886014843E-1,-7.939299654E-2,1.773926666E2
2.117920211E2,2.274771896E-2,7.310379879E-4,1.626425073E-3,9.997396469E-1,1.773930786E2,1.882321757E-1,-7.950940160E-2,1.773929438E2
2.117970211E2,2.275041790E-2,7.287928020E-4,1.626320300E-3,9.997395873E-1,1.773927692E2,1.882145331E-1,-7.925195414E-2,1.773926349E2
2.118020211E2,2.275550654E-2,7.258522674E-4,1.629720326E-3,9.997394681E-1,1.773921859E2,1.885967818E-1,-7.890525699E-2,1.773920519E2
2.118070211E2,2.274986352E-2,7.303011371E-4,1.633383450E-3,9.997395873E-1,1.773928327E2,1.890275915E-1,-7.940644184E-2,1.773926976E2
2.118120211E2,2.275262997E-2,7.272386574E-4,1.632698113E-3,9.997395277E-1,1.773925157E2,1.889413116E-1,-7.905686265E-2,1.773923811E2
2.118170211E2,2.275798251E-2,7.234005607E-4,1.632798114E-3,9.997394085E-1,1.773919021E2,1.889431804E-1,-7.861589121E-2,1.773917684E2
2.118220211E2,2.274697387E-2,7.312086527E-4,1.636736561E-3,9.997396469E-1,1.773931640E2,1.894138674E-1,-7.950221408E-2,1.773930284E2
2.118270211E2,2.274461218E-2,7.333034300E-4,1.632206375E-3,9.997397065E-1,1.773934347E2,1.889001523E-1,-7.975445079E-2,1.773932990E2
2.118320211E2,2.275295031E-2,7.277095574E-4,1.628017402E-3,9.997395277E-1,1.773924789E2,1.884063327E-1,-7.912295389E-2,1.773923447E2
2.118370211E2,2.274975907E-2,7.287265034E-4,1.635540044E-3,9.997395873E-1,1.773928447E2,1.892705416E-1,-7.922044638E-2,1.773927097E2
2.118420211E2,2.273347811E-2,7.399629685E-4,1.638270216E-3,9.997399449E-1,1.773947109E2,1.896113022E-1,-8.050368578E-2,1.773945734E2
2.118470211E2,2.274726037E-2,7.322945748E-4,1.632263302E-3,9.997396469E-1,1.773931311E2,1.889042551E-1,-7.963822578E-2,1.773929957E2
2.118520211E2,2.275524415E-2,7.265913882E-4,1.633051317E-3,9.997394681E-1,1.773922160E2,1.889802941E-1,-7.898129526E-2,1.773920816E2
2.118570211E2,2.274122161E-2,7.347950013E-4,1.642240095E-3,9.997397661E-1,1.773938233E2,1.900532540E-1,-7.989981971E-2,1.773936866E2
2.118620211E2,2.273866811E-2,7.372962427E-4,1.640190603E-3,9.997398257E-1,1.773941160E2,1.898247741E-1,-8.019219241E-2,1.773939789E2
2.118670211E2,2.274964952E-2,7.301657461E-4,1.636421657E-3,9.997395873E-1,1.773928573E2,1.893752850E-1,-7.938305088E-2,1.773927219E2
2.118720211E2,2.274921764E-2,7.291901275E-4,1.642848016E-3,9.997395873E-1,1.773929068E2,1.901089243E-1,-7.925461053E-2,1.773927711E2
2.118770211E2,2.274121614E-2,7.346539060E-4,1.642378978E-3,9.997397661E-1,1.773938239E2,1.900687966E-1,-7.988329467E-2,1.773936872E2
2.118820211E2,2.273853642E-2,7.365004858E-4,1.642372226E-3,9.997398257E-1,1.773941311E2,1.900726213E-1,-8.009536922E-2,1.773939940E2
2.118870211E2,2.274420844E-2,7.336933049E-4,1.637648093E-3,9.997397065E-1,1.773934809E2,1.895245513E-1,-7.978500836E-2,1.773933448E2
2.118920211E2,2.274382521E-2,7.340151351E-4,1.642818097E-3,9.997397065E-1,1.773935249E2,1.901176464E-1,-7.980847539E-2,1.773933882E2
2.118970211E2,2.273587867E-2,7.388381637E-4,1.641834155E-3,9.997398853E-1,1.773944357E2,1.900168571E-1,-8.036508505E-2,1.773942982E2
2.119020211E2,2.272281224E-2,7.482078508E-4,1.637002570E-3,9.997401834E-1,1.773959334E2,1.894866907E-1,-8.145355847E-2,1.773957945E2
2.119070211E2,2.272288642E-2,7.475324674E-4,1.636281260E-3,9.997401834E-1,1.773959249E2,1.894023031E-1,-8.137804952E-2,1.773957862E2
2.119120211E2,2.273363152E-2,7.398277521E-4,1.636201167E-3,9.997399449E-1,1.773946933E2,1.893739274E-1,-8.049355639E-2,1.773945561E2
2.119170211E2,2.272583160E-2,7.456334424E-4,1.632659114E-3,9.997401237E-1,1.773955873E2,1.889826356E-1,-8.116936905E-2,1.773954493E2
2.119220211E2,2.272126334E-2,7.489860873E-4,1.621672651E-3,9.997402430E-1,1.773961109E2,1.877323617E-1,-8.158292440E-2,1.773959731E2
2.119270211E2,2.273984398E-2,7.375668501E-4,1.623683842E-3,9.997398257E-1,1.773939812E2,1.879345235E-1,-8.026598595E-2,1.773938454E2
2.119320211E2,2.273445443E-2,7.402880001E-4,1.624517492E-3,9.997399449E-1,1.773945990E2,1.880366857E-1,-8.057656703E-2,1.773944626E2
2.119370211E2,2.272390136E-2,7.476603496E-4,1.622066367E-3,9.997401834E-1,1.773958086E2,1.877742293E-1,-8.142952480E-2,1.773956710E2
2.119420211E2,2.273495999E-2,7.397661102E-4,1.617665635E-3,9.997399449E-1,1.773945410E2,1.872504030E-1,-8.053453495E-2,1.773944053E2
2.119470211E2,2.273976916E-2,7.366740610E-4,1.625136356E-3,9.997398257E-1,1.773939898E2,1.880985938E-1,-8.015993535E-2,1.773938540E2
2.119520211E2,2.272650303E-2,7.459916524E-4,1.623121439E-3,9.997401237E-1,1.773955104E2,1.878909662E-1,-8.123511930E-2,1.773953730E2
2.119570211E2,2.272653574E-2,7.461959613E-4,1.622569514E-3,9.997401237E-1,1.773955066E2,1.878282712E-1,-8.125995660E-2,1.773953693E2
2.119620211E2,2.273446434E-2,7.403307245E-4,1.624359284E-3,9.997399449E-1,1.773945978E2,1.880186731E-1,-8.058187194E-2,1.773944614E2
2.119670211E2,2.272886577E-2,7.438242901E-4,1.627738122E-3,9.997400641E-1,1.773952395E2,1.884144095E-1,-8.097435331E-2,1.773951022E2
2.119720211E2,2.272389431E-2,7.474112790E-4,1.622279990E-3,9.997401834E-1,1.773958094E2,1.877980531E-1,-8.140043585E-2,1.773956718E2
2.119770211E2,2.273769464E-2,7.390163373E-4,1.616408816E-3,9.997398853E-1,1.773942276E2,1.871046854E-1,-8.045140230E-2,1.773940921E2
2.119820211E2,2.273226592E-2,7.424980286E-4,1.617438160E-3,9.997400045E-1,1.773948498E2,1.872312435E-1,-8.084860566E-2,1.773947136E2
2.119870211E2,2.272921510E-2,7.438178873E-4,1.622855780E-3,9.997400641E-1,1.773951995E2,1.878550893E-1,-8.098627107E-2,1.773950626E2
2.119920211E2,2.273181703E-2,7.420167676E-4,1.623954740E-3,9.997400045E-1,1.773949013E2,1.879765070E-1,-8.077657981E-2,1.773947646E2
2.119970211E2,2.273203244E-2,7.416059962E-4,1.621124567E-3,9.997400045E-1,1.773948766E2,1.876512235E-1,-8.073685330E-2,1.773947402E2
2.120020211E2,2.273725906E-2,7.391335093E-4,1.622470911E-3,9.997398853E-1,1.773942775E2,1.877994425E-1,-8.044911163E-2,1.773941415E2
2.120070211E2,2.274263836E-2,7.354847039E-4,1.622189651E-3,9.997397661E-1,1.773936609E2,1.877581430E-1,-8.003082050E-2,1.773935256E2
2.120120211E2,2.274805918E-2,7.319120923E-4,1.621265314E-3,9.997396469E-1,1.773930396E2,1.876433685E-1,-7.962292734E-2,1.773929051E2
2.120170211E2,2.273747303E-2,7.377206930E-4,1.620113617E-3,9.997398853E-1,1.773942530E2,1.875257213E-1,-8.029335896E-2,1.773941174E2
2.120220211E2,2.274234352E-2,7.340445882E-4,1.626968384E-3,9.997397661E-1,1.773936947E2,1.883018276E-1,-7.985343921E-2,1.773935593E2
2.120270211E2,2.274477553E-2,7.336678682E-4,1.629764447E-3,9.997397065E-1,1.773934159E2,1.886213629E-1,-7.980253549E-2,1.773932804E2
2.120320211E2,2.273951877E-2,7.376729627E-4,1.628183876E-3,9.997398257E-1,1.773940185E2,1.884503076E-1,-8.026647690E-2,1.773938823E2
2.120370211E2,2.273676380E-2,7.394847344E-4,1.629237318E-3,9.997398853E-1,1.773943343E2,1.885754922E-1,-8.047181121E-2,1.773941977E2
2.120420211E2,2.274722066E-2,7.319620345E-4,1.632965636E-3,9.997396469E-1,1.773931357E2,1.889838459E-1,-7.959830604E-2,1.773930002E2
2.120470211E2,2.273378303E-2,7.398395683E-4,1.634089393E-3,9.997399449E-1,1.773946759E2,1.891320410E-1,-8.050038305E-2,1.773945389E2
2.120520211E2,2.273165437E-2,7.427855162E-4,1.625879086E-3,9.997400045E-1,1.773949199E2,1.881989539E-1,-8.085966672E-2,1.773947829E2
2.120570211E2,2.274530803E-2,7.328497595E-4,1.622685581E-3,9.997397065E-1,1.773933549E2,1.878083026E-1,-7.972716252E-2,1.773932201E2
2.120620211E2,2.274480689E-2,7.339390577E-4,1.629204606E-3,9.997397065E-1,1.773934123E2,1.885579357E-1,-7.983505675E-2,1.773932768E2
2.120670211E2,2.273707863E-2,7.393385749E-4,1.624904224E-3,9.997398853E-1,1.773942982E2,1.880787279E-1,-8.046629793E-2,1.773941619E2
2.120720211E2,2.273242463E-2,7.414884167E-4,1.615669811E-3,9.997400045E-1,1.773948316E2,1.870260400E-1,-8.073751967E-2,1.773946957E2
2.120770211E2,2.274314071E-2,7.337242714E-4,1.615931862E-3,9.997397661E-1,1.773936033E2,1.870366887E-1,-7.984535760E-2,1.773934689E2
2.120820211E2,2.273765156E-2,7.392002735E-4,1.616930589E-3,9.997398853E-1,1.773942325E2,1.871649368E-1,-8.047112285E-2,1.773940969E2
2.120870211E2,2.272993572E-2,7.431493141E-4,1.613039523E-3,9.997400641E-1,1.773951169E2,1.867288343E-1,-8.093511208E-2,1.773949809E2
2.120920211E2,2.273499832E-2,7.404824137E-4,1.616798923E-3,9.997399449E-1,1.773945366E2,1.871529801E-1,-8.061884690E-2,1.773944008E2
2.120970211E2,2.273475415E-2,7.393811247E-4,1.620731666E-3,9.997399449E-1,1.773945646E2,1.876006344E-1,-8.048248078E-2,1.773944287E2
2.121020211E2,2.273455727E-2,7.398776943E-4,1.623264747E-3,9.997399449E-1,1.773945872E2,1.878921077E-1,-8.053280613E-2,1.773944510E2
2.121070211E2,2.273752985E-2,7.376550348E-4,1.619345974E-3,9.997398853E-1,1.773942464E2,1.874376120E-1,-8.028782660E-2,1.773941110E2
2.121120211E2,2.274040996E-2,7.368085789E-4,1.616083668E-3,9.997398257E-1,1.773939163E2,1.870619003E-1,-8.019881669E-2,1.773937813E2
2.121170211E2,2.274817485E-2,7.309245411E-4,1.620087423E-3,9.997396469E-1,1.773930263E2,1.875058614E-1,-7.951284064E-2,1.773928921E2
2.121220211E2,2.274801892E-2,7.309145876E-4,1.622279873E-3,9.997396469E-1,1.773930442E2,1.877569948E-1,-7.950601417E-2,1.773929098E2
2.121270211E2,2.274831698E-2,7.301437436E-4,1.618443057E-3,9.997396469E-1,1.773930100E2,1.873154549E-1,-7.942765114E-2,1.773928761E2
2.121320211E2,2.274781354E-2,7.305080071E-4,1.625339966E-3,9.997396469E-1,1.773930677E2,1.881064893E-1,-7.945149696E-2,1.773929332E2
2.121370211E2,2.274489601E-2,7.325799670E-4,1.628572005E-3,9.997397065E-1,1.773934021E2,1.884819278E-1,-7.968098898E-2,1.773932669E2
2.121420211E2,2.274245826E-2,7.355658454E-4,1.624675817E-3,9.997397661E-1,1.773936815E2,1.880431605E-1,-8.003367051E-2,1.773935461E2
2.121470211E2,2.274013284E-2,7.362579927E-4,1.620228635E-3,9.997398257E-1,1.773939481E2,1.875352995E-1,-8.012499074E-2,1.773938128E2
2.121520211E2,2.274273710E-2,7.343952311E-4,1.621298725E-3,9.997397661E-1,1.773936496E2,1.876532447E-1,-7.990831199E-2,1.773935146E2
2.121570211E2,2.274792652E-2,7.319994620E-4,1.623086166E-3,9.997396469E-1,1.773930548E2,1.878521864E-1,-7.962821476E-2,1.773929201E2
2.121620211E2,2.274537876E-2,7.330561057E-4,1.621600590E-3,9.997397065E-1,1.773933468E2,1.876845472E-1,-7.975361672E-2,1.773932120E2
2.121670211E2,2.275068873E-2,7.300130674E-4,1.621978590E-3,9.997395873E-1,1.773927382E2,1.877203409E-1,-7.940301850E-2,1.773926040E2
2.121720211E2,2.274775721E-2,7.312343805E-4,1.625801786E-3,9.997396469E-1,1.773930742E2,1.881612856E-1,-7.953351830E-2,1.773929394E2
2.121770211E2,2.273996134E-2,7.366951322E-4,1.622435404E-3,9.997398257E-1,1.773939677E2,1.877892373E-1,-8.016935168E-2,1.773938322E2
2.121820211E2,2.273745875E-2,7.392869447E-4,1.619600109E-3,9.997398853E-1,1.773942546E2,1.874709731E-1,-8.047413229E-2,1.773941188E2
2.121870211E2,2.274315110E-2,7.354664849E-4,1.614993322E-3,9.997397661E-1,1.773936021E2,1.869337095E-1,-8.004739288E-2,1.773934674E2
2.121920211E2,2.274042079E-2,7.355843554E-4,1.616488909E-3,9.997398257E-1,1.773939151E2,1.871051359E-1,-8.005750936E-2,1.773937803E2
2.121970211E2,2.274042284E-2,7.359588053E-4,1.616289490E-3,9.997398257E-1,1.773939148E2,1.870832660E-1,-8.010092631E-2,1.773937800E2
2.122020211E2,2.274852813E-2,7.315073162E-4,1.614855370E-3,9.997396469E-1,1.773929858E2,1.869080137E-1,-7.959317772E-2,1.773928519E2
2.122070211E2,2.274570327E-2,7.325871265E-4,1.617254922E-3,9.997397065E-1,1.773933096E2,1.871855016E-1,-7.971115615E-2,1.773931753E2
2.122120211E2,2.274570189E-2,7.327234489E-4,1.617212663E-3,9.997397065E-1,1.773933098E2,1.871810156E-1,-7.972688389E-2,1.773931754E2
2.122170211E2,2.274858255E-2,7.307659835E-4,1.614424400E-3,9.997396469E-1,1.773929796E2,1.868567124E-1,-7.950936265E-2,1.773928458E2
2.122220211E2,2.274350718E-2,7.338575087E-4,1.610705047E-3,9.997397661E-1,1.773935613E2,1.864382701E-1,-7.987417587E-2,1.773934273E2
2.122270211E2,2.274836640E-2,7.316278061E-4,1.617077622E-3,9.997396469E-1,1.773930043E2,1.871629009E-1,-7.960121828E-2,1.773928702E2
2.122320211E2,2.275115717E-2,7.284886087E-4,1.616082620E-3,9.997395873E-1,1.773926845E2,1.870409481E-1,-7.924365801E-2,1.773925510E2
2.122370211E2,2.274583992E-2,7.319499273E-4,1.615620800E-3,9.997397065E-1,1.773932939E2,1.869966429E-1,-7.964239142E-2,1.773931599E2
2.122420211E2,2.273776315E-2,7.377167931E-4,1.616038615E-3,9.997398853E-1,1.773942197E2,1.870588934E-1,-8.030347598E-2,1.773940845E2
2.122470211E2,2.275124020E-2,7.297304110E-4,1.614352572E-3,9.997395873E-1,1.773926749E2,1.868459947E-1,-7.939041618E-2,1.773925414E2
2.122520211E2,2.275139576E-2,7.292772643E-4,1.612363732E-3,9.997395873E-1,1.773926571E2,1.866169798E-1,-7.934365924E-2,1.773925238E2
2.122570211E2,2.275443012E-2,7.276904071E-4,1.607210608E-3,9.997395277E-1,1.773923093E2,1.860227295E-1,-7.917473697E-2,1.773921767E2
2.122620211E2,2.275701686E-2,7.248651236E-4,1.608938095E-3,9.997394681E-1,1.773920128E2,1.862134701E-1,-7.884608112E-2,1.773918806E2
2.122670211E2,2.276439421E-2,7.191327168E-4,1.618229551E-3,9.997392893E-1,1.773911672E2,1.872635447E-1,-7.816375352E-2,1.773910354E2
2.122720211E2,2.275624564E-2,7.246269961E-4,1.619915944E-3,9.997394681E-1,1.773921012E2,1.874704338E-1,-7.879031632E-2,1.773919682E2
2.122770211E2,2.275636964E-2,7.259566337E-4,1.617577043E-3,9.997394681E-1,1.773920870E2,1.872059620E-1,-7.894871812E-2,1.773919539E2
2.122820211E2,2.276192525E-2,7.215287187E-4,1.615066431E-3,9.997393489E-1,1.773914502E2,1.869072284E-1,-7.844695701E-2,1.773913182E2
2.122870211E2,2.275922656E-2,7.226449670E-4,1.615703106E-3,9.997394085E-1,1.773917595E2,1.869828672E-1,-7.857368035E-2,1.773916272E2
2.122920211E2,2.275397856E-2,7.274713716E-4,1.613689819E-3,9.997395277E-1,1.773923611E2,1.867643947E-1,-7.913283304E-2,1.773922280E2
2.122970211E2,2.275138963E-2,7.283854648E-4,1.612853375E-3,9.997395873E-1,1.773926578E2,1.866707485E-1,-7.924021763E-2,1.773925247E2
2.123020211E2,2.276178362E-2,7.223436260E-4,1.616697409E-3,9.997393489E-1,1.773914664E2,1.870961915E-1,-7.853608636E-2,1.773913341E2
2.123070211E2,2.275136793E-2,7.282771985E-4,1.613208326E-3,9.997395873E-1,1.773926603E2,1.867111283E-1,-7.922689306E-2,1.773925271E2
2.123120211E2,2.275417327E-2,7.273103693E-4,1.611014595E-3,9.997395277E-1,1.773923388E2,1.864575109E-1,-7.912132779E-2,1.773922059E2
2.123170211E2,2.275401109E-2,7.278210833E-4,1.613073284E-3,9.997395277E-1,1.773923573E2,1.866946776E-1,-7.917449819E-2,1.773922243E2
2.123220211E2,2.274868244E-2,7.312122616E-4,1.612813910E-3,9.997396469E-1,1.773929681E2,1.866733828E-1,-7.956466886E-2,1.773928344E2
2.123270211E2,2.274880837E-2,7.303183083E-4,1.611442189E-3,9.997396469E-1,1.773929537E2,1.865139147E-1,-7.946580849E-2,1.773928203E2
2.123320211E2,2.275654976E-2,7.245064480E-4,1.615692163E-3,9.997394681E-1,1.773920664E2,1.869862581E-1,-7.878746406E-2,1.773919337E2
2.123370211E2,2.276204151E-2,7.225350710E-4,1.612976659E-3,9.997393489E-1,1.773914369E2,1.866704543E-1,-7.856767585E-2,1.773913048E2
2.123420211E2,2.275679240E-2,7.257136167E-4,1.611727988E-3,9.997394681E-1,1.773920385E2,1.865352815E-1,-7.893605210E-2,1.773919060E2
2.123470211E2,2.275674463E-2,7.250323542E-4,1.612708787E-3,9.997394681E-1,1.773920440E2,1.866458633E-1,-7.885545660E-2,1.773919115E2
2.123520211E2,2.275135673E-2,7.287707995E-4,1.613143366E-3,9.997395873E-1,1.773926616E2,1.867049726E-1,-7.928361232E-2,1.773925283E2
2.123570211E2,2.275394892E-2,7.273510564E-4,1.614161883E-3,9.997395277E-1,1.773923645E2,1.868181593E-1,-7.911782412E-2,1.773922314E2
2.123620211E2,2.277005041E-2,7.167390431E-4,1.613353146E-3,9.997391701E-1,1.773905189E2,1.866990892E-1,-7.790119513E-2,1.773903879E2
2.123670211E2,2.277272991E-2,7.145677810E-4,1.613431843E-3,9.997391105E-1,1.773902118E2,1.867026468E-1,-7.765174586E-2,1.773900812E2
2.123720211E2,2.275382401E-2,7.273674128E-4,1.615914283E-3,9.997395277E-1,1.773923788E2,1.870189507E-1,-7.911515184E-2,1.773922456E2
2.123770211E2,2.275893565E-2,7.242585416E-4,1.619074959E-3,9.997394085E-1,1.773917929E2,1.873733398E-1,-7.874979449E-2,1.773916600E2
2.123820211E2,2.276671243E-2,7.184346905E-4,1.622743788E-3,9.997392297E-1,1.773909015E2,1.877790650E-1,-7.807157451E-2,1.773907695E2
2.123870211E2,2.275361969E-2,7.279763231E-4,1.618515118E-3,9.997395277E-1,1.773924022E2,1.873184795E-1,-7.917816620E-2,1.773922687E2
2.123920211E2,2.274533842E-2,7.337774150E-4,1.621840172E-3,9.997397065E-1,1.773933514E2,1.877138715E-1,-7.983563429E-2,1.773932165E2
2.123970211E2,2.275622910E-2,7.249473711E-4,1.620005001E-3,9.997394681E-1,1.773921031E2,1.874814707E-1,-7.882678989E-2,1.773919700E2
2.124020211E2,2.275050500E-2,7.289630594E-4,1.625025063E-3,9.997395873E-1,1.773927592E2,1.880665988E-1,-7.927481961E-2,1.773926250E2
2.124070211E2,2.273759482E-2,7.375732530E-4,1.618470764E-3,9.997398853E-1,1.773942390E2,1.873371381E-1,-8.028072587E-2,1.773941036E2
2.124120211E2,2.274863245E-2,7.315778057E-4,1.613353146E-3,9.997396469E-1,1.773929739E2,1.867361078E-1,-7.960514982E-2,1.773928400E2
2.124170211E2,2.275636507E-2,7.245861925E-4,1.618255628E-3,9.997394681E-1,1.773920875E2,1.872801275E-1,-7.878994920E-2,1.773919547E2
2.124220211E2,2.274833353E-2,7.316234987E-4,1.617541886E-3,9.997396469E-1,1.773930081E2,1.872160741E-1,-7.959952068E-2,1.773928740E2
2.124270211E2,2.274588183E-2,7.325693732E-4,1.614749781E-3,9.997397065E-1,1.773932891E2,1.868984752E-1,-7.971561883E-2,1.773931550E2
2.124320211E2,2.276202492E-2,7.221304695E-4,1.613391913E-3,9.997393489E-1,1.773914388E2,1.867169698E-1,-7.852024392E-2,1.773913068E2
2.124370211E2,2.276165970E-2,7.226789021E-4,1.618291484E-3,9.997393489E-1,1.773914807E2,1.872796770E-1,-7.857036133E-2,1.773913481E2
2.124420211E2,2.274816963E-2,7.304158062E-4,1.620390220E-3,9.997396469E-1,1.773930269E2,1.875392236E-1,-7.945377069E-2,1.773928928E2
2.124470211E2,2.275644532E-2,7.248006295E-4,1.617030706E-3,9.997394681E-1,1.773920783E2,1.871403635E-1,-7.881769485E-2,1.773919455E2
2.124520211E2,2.276168093E-2,7.216264494E-4,1.618462498E-3,9.997393489E-1,1.773914782E2,1.872965249E-1,-7.844934046E-2,1.773913459E2
2.124570211E2,2.275369891E-2,7.269032067E-4,1.617883565E-3,9.997395277E-1,1.773923931E2,1.872433353E-1,-7.905686003E-2,1.773922598E2
2.124620211E2,2.275415492E-2,7.275005337E-4,1.611187938E-3,9.997395277E-1,1.773923409E2,1.864778638E-1,-7.914266478E-2,1.773922080E2
2.124670211E2,2.276718644E-2,7.181325345E-4,1.616214053E-3,9.997392297E-1,1.773908472E2,1.870302535E-1,-7.805390646E-2,1.773907157E2
2.124720211E2,2.276441504E-2,7.194863283E-4,1.617779257E-3,9.997392893E-1,1.773911648E2,1.872128823E-1,-7.820543467E-2,1.773910330E2
2.124770211E2,2.276417984E-2,7.199502434E-4,1.620879513E-3,9.997392893E-1,1.773911918E2,1.875692461E-1,-7.825053793E-2,1.773910596E2
2.124820211E2,2.276989421E-2,7.165322313E-4,1.615647925E-3,9.997391701E-1,1.773905368E2,1.869614320E-1,-7.787154365E-2,1.773904057E2
2.124870211E2,2.276441510E-2,7.207620074E-4,1.617210452E-3,9.997392893E-1,1.773911648E2,1.871510470E-1,-7.835306253E-2,1.773910328E2
2.124920211E2,2.276675087E-2,7.187186857E-4,1.622078591E-3,9.997392297E-1,1.773908971E2,1.877036027E-1,-7.810583778E-2,1.773907651E2
2.124970211E2,2.276416849E-2,7.196387742E-4,1.621177187E-3,9.997392893E-1,1.773911931E2,1.876025347E-1,-7.821408106E-2,1.773910609E2
2.125020211E2,2.276422715E-2,7.195702638E-4,1.620383700E-3,9.997392893E-1,1.773911864E2,1.875114570E-1,-7.820829137E-2,1.773910543E2
2.125070211E2,2.276432321E-2,7.200259715E-4,1.618830953E-3,9.997392893E-1,1.773911754E2,1.873347675E-1,-7.826453073E-2,1.773910433E2
2.125120211E2,2.277188361E-2,7.146217977E-4,1.625309116E-3,9.997391105E-1,1.773903088E2,1.880634070E-1,-7.762709721E-2,1.773901773E2
2.125170211E2,2.276669142E-2,7.188247982E-4,1.622865791E-3,9.997392297E-1,1.773909039E2,1.877940582E-1,-7.811595156E-2,1.773907718E2
2.125220211E2,2.276688446E-2,7.187270094E-4,1.620198833E-3,9.997392297E-1,1.773908818E2,1.874882858E-1,-7.811167061E-2,1.773907499E2
2.125270211E2,2.277225132E-2,7.144939736E-4,1.620205236E-3,9.997391105E-1,1.773902666E2,1.874783909E-1,-7.762570361E-2,1.773901355E2
2.125320211E2,2.277992857E-2,7.097696071E-4,1.624688623E-3,9.997389317E-1,1.773893867E2,1.879802787E-1,-7.707132852E-2,1.773892561E2
2.125370211E2,2.276935049E-2,7.171692559E-4,1.623011194E-3,9.997391701E-1,1.773905991E2,1.878066034E-1,-7.792541091E-2,1.773904673E2
2.125420211E2,2.276438009E-2,7.200682303E-4,1.618012087E-3,9.997392893E-1,1.773911688E2,1.872410713E-1,-7.827149752E-2,1.773910369E2
2.125470211E2,2.276410381E-2,7.194963400E-4,1.622148324E-3,9.997392893E-1,1.773912005E2,1.877134135E-1,-7.819524228E-2,1.773910683E2
2.125520211E2,2.275334148E-2,7.283170125E-4,1.622268581E-3,9.997395277E-1,1.773924341E2,1.877493506E-1,-7.920746123E-2,1.773923002E2
2.125570211E2,2.274323827E-2,7.352051325E-4,1.613884466E-3,9.997397661E-1,1.773935921E2,1.868060024E-1,-8.002032562E-2,1.773934576E2
2.125620211E2,2.274848420E-2,7.314241957E-4,1.615511836E-3,9.997396469E-1,1.773929908E2,1.869829996E-1,-7.958195214E-2,1.773928569E2
2.125670211E2,2.275608745E-2,7.253219374E-4,1.621826086E-3,9.997394681E-1,1.773921194E2,1.876910637E-1,-7.886497841E-2,1.773919861E2
2.125720211E2,2.274542379E-2,7.332271780E-4,1.620891504E-3,9.997397065E-1,1.773933416E2,1.876037624E-1,-7.977505490E-2,1.773932069E2
2.125770211E2,2.274045631E-2,7.356109563E-4,1.615976915E-3,9.997398257E-1,1.773939110E2,1.870465529E-1,-8.006188442E-2,1.773937762E2
2.125820211E2,2.275663124E-2,7.262544241E-4,1.613758621E-3,9.997394681E-1,1.773920570E2,1.867693128E-1,-7.899274242E-2,1.773919242E2
2.125870211E2,2.275881263E-2,7.237379905E-4,1.621035743E-3,9.997394085E-1,1.773918070E2,1.875966038E-1,-7.868506837E-2,1.773916741E2
2.125920211E2,2.275121400E-2,7.296364638E-4,1.614764216E-3,9.997395873E-1,1.773926780E2,1.868929066E-1,-7.937858507E-2,1.773925444E2
2.125970211E2,2.275975483E-2,7.241424173E-4,1.607570797E-3,9.997394085E-1,1.773916990E2,1.860551604E-1,-7.876634285E-2,1.773915670E2
2.126020211E2,2.277015915E-2,7.169211749E-4,1.611736719E-3,9.997391701E-1,1.773905064E2,1.865143918E-1,-7.792625806E-2,1.773903755E2
2.126070211E2,2.275439534E-2,7.265091990E-4,1.608237159E-3,9.997395277E-1,1.773923133E2,1.861372501E-1,-7.903674534E-2,1.773921809E2
2.126120211E2,2.274395840E-2,7.338614669E-4,1.604319201E-3,9.997397661E-1,1.773935096E2,1.857067402E-1,-7.989118926E-2,1.773933761E2
2.126170211E2,2.275218110E-2,7.280425052E-4,1.601805445E-3,9.997395873E-1,1.773925671E2,1.854042425E-1,-7.922958556E-2,1.773924349E2
2.126220211E2,2.275449588E-2,7.275195676E-4,1.606356818E-3,9.997395277E-1,1.773923018E2,1.859244772E-1,-7.915737942E-2,1.773921693E2
2.126270211E2,2.274419123E-2,7.333200774E-4,1.601263066E-3,9.997397661E-1,1.773934829E2,1.853552302E-1,-7.983708907E-2,1.773933497E2
2.126320211E2,2.274439296E-2,7.344126934E-4,1.597893424E-3,9.997397661E-1,1.773934598E2,1.849720611E-1,-7.997100652E-2,1.773933267E2
2.126370211E2,2.274656490E-2,7.327780477E-4,1.605003490E-3,9.997397065E-1,1.773932108E2,1.857825177E-1,-7.976480292E-2,1.773930775E2
2.126420211E2,2.275159929E-2,7.286015316E-4,1.609795261E-3,9.997395873E-1,1.773926338E2,1.863209845E-1,-7.927290483E-2,1.773925008E2
2.126470211E2,2.274649728E-2,7.317800191E-4,1.606416539E-3,9.997397065E-1,1.773932186E2,1.859417925E-1,-7.964679617E-2,1.773930853E2
2.126520211E2,2.274721592E-2,7.325777551E-4,1.595842303E-3,9.997397065E-1,1.773931362E2,1.847325223E-1,-7.976561724E-2,1.773930036E2
2.126570211E2,2.274955845E-2,7.307963097E-4,1.600599964E-3,9.997396469E-1,1.773928677E2,1.852731123E-1,-7.954869540E-2,1.773927351E2
2.126620211E2,2.274909217E-2,7.307397900E-4,1.607239246E-3,9.997396469E-1,1.773929212E2,1.860335381E-1,-7.952499827E-2,1.773927880E2
2.126670211E2,2.274393479E-2,7.347792271E-4,1.604233868E-3,9.997397661E-1,1.773935123E2,1.856993548E-1,-7.999655631E-2,1.773933786E2
2.126720211E2,2.274686943E-2,7.325959159E-4,1.600765157E-3,9.997397065E-1,1.773931759E2,1.852965148E-1,-7.975492921E-2,1.773930429E2
2.126770211E2,2.275446250E-2,7.270742208E-4,1.607031096E-3,9.997395277E-1,1.773923056E2,1.860005598E-1,-7.910460766E-2,1.773921731E2
2.126820211E2,2.275709106E-2,7.260298007E-4,1.607362763E-3,9.997394681E-1,1.773920043E2,1.860360403E-1,-7.898360307E-2,1.773918720E2
2.126870211E2,2.273862240E-2,7.371563697E-4,1.604160760E-3,9.997398853E-1,1.773941212E2,1.856967492E-1,-8.027006332E-2,1.773939871E2
2.126920211E2,2.275213693E-2,7.294948446E-4,1.601772034E-3,9.997395873E-1,1.773925722E2,1.854041985E-1,-7.939606343E-2,1.773924397E2
2.126970211E2,2.276251261E-2,7.208122406E-4,1.607088489E-3,9.997393489E-1,1.773913829E2,1.859914357E-1,-7.838557690E-2,1.773912516E2
2.127020211E2,2.275733740E-2,7.250420749E-4,1.604318037E-3,9.997394681E-1,1.773919761E2,1.856846733E-1,-7.887834208E-2,1.773918442E2
2.127070211E2,2.276285837E-2,7.216295926E-4,1.601815806E-3,9.997393489E-1,1.773913433E2,1.853895455E-1,-7.849290398E-2,1.773912122E2
2.127120211E2,2.277325533E-2,7.143493276E-4,1.606095815E-3,9.997391105E-1,1.773901515E2,1.858616869E-1,-7.764576660E-2,1.773900216E2
2.127170211E2,2.277301636E-2,7.147622528E-4,1.609297236E-3,9.997391105E-1,1.773901789E2,1.862295075E-1,-7.768476159E-2,1.773900486E2
2.127220211E2,2.275968315E-2,7.227957831E-4,1.609190833E-3,9.997394085E-1,1.773917072E2,1.862372368E-1,-7.860785804E-2,1.773915754E2
2.127270211E2,2.276816629E-2,7.168935263E-4,1.602906152E-3,9.997392297E-1,1.773907349E2,1.855025161E-1,-7.794650287E-2,1.773906047E2
2.127320211E2,2.278636727E-2,7.056902396E-4,1.609458239E-3,9.997388124E-1,1.773886486E2,1.862252980E-1,-7.664254916E-2,1.773885201E2
2.127370211E2,2.278651345E-2,7.047380786E-4,1.607805025E-3,9.997388124E-1,1.773886319E2,1.860334271E-1,-7.653775778E-2,1.773885036E2
2.127420211E2,2.277062001E-2,7.153739571E-4,1.605902682E-3,9.997391701E-1,1.773904536E2,1.858420305E-1,-7.776414381E-2,1.773903235E2
2.127470211E2,2.278404793E-2,7.069811109E-4,1.604695339E-3,9.997388721E-1,1.773889145E2,1.856828435E-1,-7.680330147E-2,1.773887860E2
2.127520211E2,2.278911204E-2,7.027999382E-4,1.608884893E-3,9.997387528E-1,1.773883340E2,1.861522759E-1,-7.631241747E-2,1.773882060E2
2.127570211E2,2.278107704E-2,7.092683809E-4,1.608725870E-3,9.997389317E-1,1.773892550E2,1.861503330E-1,-7.705536446E-2,1.773891258E2
2.127620211E2,2.277912668E-2,7.093765889E-4,1.599226729E-3,9.997389913E-1,1.773894786E2,1.850622241E-1,-7.709292094E-2,1.773893501E2
2.127670211E2,2.279508582E-2,6.996304728E-4,1.599688083E-3,9.997386336E-1,1.773876493E2,1.850908466E-1,-7.597223038E-2,1.773875226E2
2.127720211E2,2.280023201E-2,6.961899926E-4,1.602347707E-3,9.997385144E-1,1.773870594E2,1.853869392E-1,-7.557018138E-2,1.773869332E2
2.127770211E2,2.278963386E-2,7.036025054E-4,1.601123950E-3,9.997387528E-1,1.773882742E2,1.852653025E-1,-7.642453247E-2,1.773881467E2
2.127820211E2,2.278995873E-2,7.033155416E-4,1.596619724E-3,9.997387528E-1,1.773882370E2,1.847485647E-1,-7.640336076E-2,1.773881098E2
2.127870211E2,2.279004110E-2,7.019508048E-4,1.596044400E-3,9.997387528E-1,1.773882275E2,1.846790961E-1,-7.624850157E-2,1.773881007E2
2.127920211E2,2.278672638E-2,7.053476293E-4,1.604516641E-3,9.997388124E-1,1.773886075E2,1.856583114E-1,-7.661613625E-2,1.773884793E2
2.127970211E2,2.277306608E-2,7.143898983E-4,1.608758932E-3,9.997391105E-1,1.773901732E2,1.861668703E-1,-7.764349960E-2,1.773900431E2
2.128020211E2,2.277597311E-2,7.114488981E-4,1.605946571E-3,9.997390509E-1,1.773898400E2,1.858372292E-1,-7.731337272E-2,1.773897106E2
2.128070211E2,2.278401596E-2,7.062522927E-4,1.605470083E-3,9.997388721E-1,1.773889181E2,1.857696942E-1,-7.671778993E-2,1.773887898E2
2.128120211E2,2.277571345E-2,7.125759148E-4,1.609126339E-3,9.997390509E-1,1.773898698E2,1.862044317E-1,-7.743423463E-2,1.773897399E2
2.128170211E2,2.277320718E-2,7.147180731E-4,1.606614445E-3,9.997391105E-1,1.773901571E2,1.859220610E-1,-7.768666617E-2,1.773900270E2
2.128220211E2,2.278665879E-2,7.039704942E-4,1.606080448E-3,9.997388124E-1,1.773886152E2,1.858338627E-1,-7.645429834E-2,1.773884872E2
2.128270211E2,2.278658642E-2,7.046152023E-4,1.606824342E-3,9.997388124E-1,1.773886235E2,1.859207628E-1,-7.652622811E-2,1.773884953E2
2.128320211E2,2.278368625E-2,7.072543376E-4,1.609702362E-3,9.997388721E-1,1.773889559E2,1.862571439E-1,-7.682159687E-2,1.773888270E2
2.128370211E2,2.278106349E-2,7.079910138E-4,1.609480241E-3,9.997389317E-1,1.773892566E2,1.862334192E-1,-7.690706025E-2,1.773891275E2
2.128420211E2,2.278644705E-2,7.040617638E-4,1.609041938E-3,9.997388124E-1,1.773886395E2,1.861733590E-1,-7.645706047E-2,1.773885112E2
2.128470211E2,2.277567755E-2,7.130245795E-4,1.609435771E-3,9.997390509E-1,1.773898739E2,1.862410493E-1,-7.748483348E-2,1.773897439E2
2.128520211E2,2.277561569E-2,7.132287137E-4,1.610220410E-3,9.997390509E-1,1.773898810E2,1.863314672E-1,-7.750618304E-2,1.773897509E2
2.128570211E2,2.277358009E-2,7.130923332E-4,1.602044329E-3,9.997391105E-1,1.773901143E2,1.853942847E-1,-7.751227633E-2,1.773899849E2
2.128620211E2,2.278161261E-2,7.088278071E-4,1.601318712E-3,9.997389317E-1,1.773891936E2,1.853006448E-1,-7.702412983E-2,1.773890651E2
2.128670211E2,2.278438824E-2,7.063883240E-4,1.600118121E-3,9.997388721E-1,1.773888755E2,1.851569463E-1,-7.674727887E-2,1.773887475E2
2.128720211E2,2.278700877E-2,7.040803903E-4,1.601058990E-3,9.997388124E-1,1.773885751E2,1.852589080E-1,-7.647993586E-2,1.773884475E2
2.128770211E2,2.279239725E-2,7.008092944E-4,1.600230578E-3,9.997386932E-1,1.773879575E2,1.851558710E-1,-7.610635892E-2,1.773878305E2
2.128820211E2,2.279488806E-2,6.992819253E-4,1.602655742E-3,9.997386336E-1,1.773876720E2,1.854299020E-1,-7.592458460E-2,1.773875451E2
2.128870211E2,2.279181550E-2,7.015409064E-4,1.608176273E-3,9.997386932E-1,1.773880242E2,1.860680125E-1,-7.616952815E-2,1.773878965E2
2.128920211E2,2.278931047E-2,7.032828871E-4,1.605860307E-3,9.997387528E-1,1.773883113E2,1.858070497E-1,-7.637560695E-2,1.773881834E2
2.128970211E2,2.279189405E-2,7.005482330E-4,1.607495593E-3,9.997386932E-1,1.773880152E2,1.859874454E-1,-7.605756907E-2,1.773878877E2
2.129020211E2,2.279458220E-2,6.987981033E-4,1.607210608E-3,9.997386336E-1,1.773877070E2,1.859504294E-1,-7.585731566E-2,1.773875799E2
2.129070211E2,2.278652875E-2,7.043198566E-4,1.607771381E-3,9.997388124E-1,1.773886301E2,1.860284817E-1,-7.648993057E-2,1.773885019E2
2.129120211E2,2.278630852E-2,7.043834194E-4,1.610861858E-3,9.997388124E-1,1.773886554E2,1.863826823E-1,-7.648918339E-2,1.773885269E2
2.129170211E2,2.279200962E-2,7.020898629E-4,1.605182653E-3,9.997386932E-1,1.773880019E2,1.857265062E-1,-7.624020043E-2,1.773878743E2
2.129220211E2,2.279147611E-2,7.012419519E-4,1.613109023E-3,9.997386932E-1,1.773880631E2,1.866323116E-1,-7.612245902E-2,1.773879350E2
2.129270211E2,2.278063742E-2,7.094053435E-4,1.614879002E-3,9.997389317E-1,1.773893054E2,1.868555721E-1,-7.705507361E-2,1.773891757E2
2.129320211E2,2.277829434E-2,7.106103585E-4,1.610494684E-3,9.997389913E-1,1.773895740E2,1.863562609E-1,-7.720500463E-2,1.773894444E2
2.129370211E2,2.277808434E-2,7.114647306E-4,1.613085624E-3,9.997389913E-1,1.773895980E2,1.866552984E-1,-7.729615893E-2,1.773894681E2
2.129420211E2,2.277239709E-2,7.153088809E-4,1.617795089E-3,9.997391105E-1,1.773902499E2,1.872044177E-1,-7.772532310E-2,1.773901189E2
2.129470211E2,2.277772345E-2,7.108394639E-4,1.618448412E-3,9.997389913E-1,1.773896394E2,1.872680102E-1,-7.721059638E-2,1.773895091E2
2.129520211E2,2.278877118E-2,7.026902749E-4,1.613753615E-3,9.997387528E-1,1.773883731E2,1.867097340E-1,-7.628720291E-2,1.773882448E2
2.129570211E2,2.277799868E-2,7.106495905E-4,1.614653738E-3,9.997389913E-1,1.773896079E2,1.868328102E-1,-7.719869785E-2,1.773894779E2
2.129620211E2,2.277506738E-2,7.122590905E-4,1.618384384E-3,9.997390509E-1,1.773899438E2,1.872641754E-1,-7.737389586E-2,1.773898133E2
2.129670211E2,2.278308390E-2,7.069426356E-4,1.618341659E-3,9.997388721E-1,1.773890250E2,1.872460192E-1,-7.676344380E-2,1.773888955E2
2.129720211E2,2.278589880E-2,7.058135234E-4,1.616023248E-3,9.997388124E-1,1.773887023E2,1.869776849E-1,-7.663961744E-2,1.773885732E2
2.129770211E2,2.277762934E-2,7.105147815E-4,1.619914779E-3,9.997389913E-1,1.773896502E2,1.874351454E-1,-7.716959025E-2,1.773895199E2
2.129820211E2,2.277984616E-2,7.091364823E-4,1.626119833E-3,9.997389317E-1,1.773893961E2,1.881425817E-1,-7.699507598E-2,1.773892656E2
2.129870211E2,2.277454397E-2,7.130680606E-4,1.625378733E-3,9.997390509E-1,1.773900038E2,1.880675335E-1,-7.744841630E-2,1.773898726E2
2.129920211E2,2.276935446E-2,7.164073759E-4,1.623291988E-3,9.997391701E-1,1.773905987E2,1.878367838E-1,-7.783739520E-2,1.773904670E2
2.129970211E2,2.277754094E-2,7.116129273E-4,1.620675554E-3,9.997389913E-1,1.773896603E2,1.875251612E-1,-7.729342645E-2,1.773895297E2
2.130020211E2,2.278300327E-2,7.062473451E-4,1.619779738E-3,9.997388721E-1,1.773890342E2,1.874089468E-1,-7.668005061E-2,1.773889047E2
2.130070211E2,2.278578631E-2,7.051410503E-4,1.617901726E-3,9.997388124E-1,1.773887152E2,1.871911223E-1,-7.655769377E-2,1.773885861E2
2.130120211E2,2.278327443E-2,7.064872188E-4,1.615856308E-3,9.997388721E-1,1.773890031E2,1.869601179E-1,-7.671772382E-2,1.773888739E2
2.130170211E2,2.279388819E-2,6.990100374E-4,1.616931753E-3,9.997386336E-1,1.773877866E2,1.870646043E-1,-7.585633148E-2,1.773876587E2
2.130220211E2,2.279644969E-2,6.985987420E-4,1.617850969E-3,9.997385740E-1,1.773874930E2,1.871690312E-1,-7.580633215E-2,1.773873651E2
2.130270211E2,2.279665077E-2,6.982296472E-4,1.615174813E-3,9.997385740E-1,1.773874699E2,1.868614964E-1,-7.577100169E-2,1.773873423E2
2.130320211E2,2.278850503E-2,7.026167586E-4,1.617539558E-3,9.997387528E-1,1.773884036E2,1.871432470E-1,-7.626894346E-2,1.773882750E2
2.130370211E2,2.279093954E-2,7.022597129E-4,1.620231546E-3,9.997386932E-1,1.773881246E2,1.874508997E-1,-7.622055310E-2,1.773879958E2
2.130420211E2,2.278597812E-2,7.046223036E-4,1.615424524E-3,9.997388124E-1,1.773886932E2,1.869059891E-1,-7.650469787E-2,1.773885644E2
2.130470211E2,2.278901398E-2,7.023295038E-4,1.610478503E-3,9.997387528E-1,1.773883453E2,1.863336068E-1,-7.625438018E-2,1.773882172E2
2.130520211E2,2.279410514E-2,7.003006176E-4,1.613310887E-3,9.997386336E-1,1.773877617E2,1.866531786E-1,-7.601360012E-2,1.773876339E2
2.130570211E2,2.279677628E-2,6.986072403E-4,1.613238826E-3,9.997385740E-1,1.773874555E2,1.866407019E-1,-7.581929358E-2,1.773873280E2
2.130620211E2,2.279191698E-2,7.010175032E-4,1.606965787E-3,9.997386932E-1,1.773880125E2,1.859279773E-1,-7.611270897E-2,1.773878850E2
2.130670211E2,2.279472490E-2,6.987746456E-4,1.605195575E-3,9.997386336E-1,1.773876907E2,1.857195327E-1,-7.585986546E-2,1.773875637E2
2.130720211E2,2.279464739E-2,6.989618996E-4,1.606214442E-3,9.997386336E-1,1.773876996E2,1.858367395E-1,-7.587867051E-2,1.773875725E2
2.130770211E2,2.280282306E-2,6.941623869E-4,1.603544690E-3,9.997384548E-1,1.773867625E2,1.855189648E-1,-7.533428721E-2,1.773866365E2
2.130820211E2,2.280027397E-2,6.951378891E-4,1.602207427E-3,9.997385144E-1,1.773870546E2,1.853681224E-1,-7.545000943E-2,1.773869286E2
2.130870211E2,2.279488331E-2,6.994966534E-4,1.602629549E-3,9.997386336E-1,1.773876725E2,1.854274618E-1,-7.594925350E-2,1.773875456E2
2.130920211E2,2.279451576E-2,6.993034622E-4,1.607932965E-3,9.997386336E-1,1.773877146E2,1.860344992E-1,-7.591333584E-2,1.773875874E2
2.130970211E2,2.279702645E-2,6.979020545E-4,1.610005624E-3,9.997385740E-1,1.773874269E2,1.862684763E-1,-7.574690630E-2,1.773872997E2
2.131020211E2,2.278904837E-2,7.038862095E-4,1.609311905E-3,9.997387528E-1,1.773883413E2,1.862040275E-1,-7.643575921E-2,1.773882131E2
2.131070211E2,2.278631973E-2,7.046225946E-4,1.610598643E-3,9.997388124E-1,1.773886541E2,1.863531533E-1,-7.651726894E-2,1.773885256E2
2.131120211E2,2.279685913E-2,6.983969943E-4,1.612158725E-3,9.997385740E-1,1.773874460E2,1.865164203E-1,-7.579801370E-2,1.773873186E2
2.131170211E2,2.278921242E-2,7.035501185E-4,1.607134240E-3,9.997387528E-1,1.773883225E2,1.859536845E-1,-7.640291266E-2,1.773881945E2
2.131220211E2,2.277884962E-2,7.094861357E-4,1.603119657E-3,9.997389913E-1,1.773895103E2,1.855084706E-1,-7.709536001E-2,1.773893815E2
2.131270211E2,2.278114562E-2,7.091313018E-4,1.607814804E-3,9.997389317E-1,1.773892472E2,1.860456068E-1,-7.704202617E-2,1.773891180E2
2.131320211E2,2.278607435E-2,7.053856389E-4,1.613733126E-3,9.997388124E-1,1.773886822E2,1.867142199E-1,-7.659654547E-2,1.773885534E2
2.131370211E2,2.277327298E-2,7.131905877E-4,1.606360427E-3,9.997391105E-1,1.773901495E2,1.858889785E-1,-7.751232552E-2,1.773900198E2
2.131420211E2,2.276027311E-2,7.229347830E-4,1.600762131E-3,9.997394085E-1,1.773916396E2,1.852720359E-1,-7.864565654E-2,1.773915084E2
2.131470211E2,2.276789927E-2,7.183799171E-4,1.606030390E-3,9.997392297E-1,1.773907655E2,1.858642931E-1,-7.810868432E-2,1.773906347E2
2.131520211E2,2.277309831E-2,7.148752920E-4,1.608086983E-3,9.997391105E-1,1.773901695E2,1.860911598E-1,-7.770085474E-2,1.773900393E2
2.131570211E2,2.276277555E-2,7.208164316E-4,1.603358076E-3,9.997393489E-1,1.773913528E2,1.855641033E-1,-7.839573910E-2,1.773912218E2
2.131620211E2,2.276561517E-2,7.191573386E-4,1.600950025E-3,9.997392893E-1,1.773910273E2,1.852841259E-1,-7.821142579E-2,1.773908968E2
2.131670211E2,2.276810215E-2,7.172750775E-4,1.603646320E-3,9.997392297E-1,1.773907422E2,1.855883020E-1,-7.798829471E-2,1.773906119E2
2.131720211E2,2.277123041E-2,7.160378736E-4,1.596926479E-3,9.997391701E-1,1.773903836E2,1.848154782E-1,-7.786351339E-2,1.773902541E2
2.131770211E2,2.275839256E-2,7.244352018E-4,1.589556341E-3,9.997394681E-1,1.773918551E2,1.839920427E-1,-7.884712097E-2,1.773917246E2
2.131820211E2,2.276346451E-2,7.204408757E-4,1.593716559E-3,9.997393489E-1,1.773912738E2,1.844586252E-1,-7.837773809E-2,1.773911436E2
2.131870211E2,2.276077390E-2,7.221064880E-4,1.594001194E-3,9.997394085E-1,1.773915822E2,1.844953676E-1,-7.856830755E-2,1.773914517E2
2.131920211E2,2.275580612E-2,7.257307298E-4,1.588506275E-3,9.997395277E-1,1.773921516E2,1.838749197E-1,-7.899875325E-2,1.773920209E2
2.131970211E2,2.275592953E-2,7.268591435E-4,1.586220809E-3,9.997395277E-1,1.773921375E2,1.836160446E-1,-7.913396359E-2,1.773920067E2
2.132020211E2,2.276355057E-2,7.216472877E-4,1.591940527E-3,9.997393489E-1,1.773912639E2,1.842583134E-1,-7.852056391E-2,1.773911337E2
2.132070211E2,2.276047967E-2,7.222919376E-4,1.598113100E-3,9.997394085E-1,1.773916159E2,1.849668968E-1,-7.857888222E-2,1.773914851E2
2.132120211E2,2.275578197E-2,7.272815565E-4,1.588142943E-3,9.997395277E-1,1.773921544E2,1.838373383E-1,-7.917737061E-2,1.773920234E2
2.132170211E2,2.275605996E-2,7.269129273E-4,1.584323938E-3,9.997395277E-1,1.773921225E2,1.833988857E-1,-7.914504785E-2,1.773919919E2
2.132220211E2,2.276647364E-2,7.191054174E-4,1.588718966E-3,9.997392893E-1,1.773909289E2,1.838828419E-1,-7.823722909E-2,1.773907994E2
2.132270211E2,2.276649456E-2,7.186824805E-4,1.588610583E-3,9.997392893E-1,1.773909265E2,1.838693235E-1,-7.818905563E-2,1.773907970E2
2.132320211E2,2.275596063E-2,7.270777714E-4,1.585674356E-3,9.997395277E-1,1.773921339E2,1.835540144E-1,-7.916042931E-2,1.773920031E2
2.132370211E2,2.276137107E-2,7.230493356E-4,1.585021382E-3,9.997394085E-1,1.773915137E2,1.834691280E-1,-7.869963452E-2,1.773913838E2
2.132420211E2,2.277199800E-2,7.161752437E-4,1.585881109E-3,9.997391701E-1,1.773902957E2,1.835505162E-1,-7.790793297E-2,1.773901669E2
2.132470211E2,2.276969852E-2,7.178157102E-4,1.580572804E-3,9.997392297E-1,1.773905592E2,1.829464875E-1,-7.811014103E-2,1.773904306E2
2.132520211E2,2.276195241E-2,7.216623053E-4,1.577286283E-3,9.997394085E-1,1.773914471E2,1.825794062E-1,-7.856080392E-2,1.773913180E2
2.132570211E2,2.276441334E-2,7.204853464E-4,1.580085605E-3,9.997393489E-1,1.773911650E2,1.828972252E-1,-7.841821732E-2,1.773910359E2
2.132620211E2,2.276972639E-2,7.177240332E-4,1.580212964E-3,9.997392297E-1,1.773905560E2,1.829050264E-1,-7.810057220E-2,1.773904274E2
2.132670211E2,2.275104866E-2,7.294290117E-4,1.579908654E-3,9.997396469E-1,1.773926969E2,1.828992253E-1,-7.944572582E-2,1.773925662E2
2.132720211E2,2.274835701E-2,7.326261839E-4,1.579470467E-3,9.997397065E-1,1.773930054E2,1.828571472E-1,-7.981363430E-2,1.773928741E2
2.132770211E2,2.276460731E-2,7.209331379E-4,1.577083836E-3,9.997393489E-1,1.773911428E2,1.825545198E-1,-7.847731252E-2,1.773910138E2
2.132820211E2,2.276398072E-2,7.209896576E-4,1.586076920E-3,9.997393489E-1,1.773912146E2,1.835848845E-1,-7.846044173E-2,1.773910850E2
2.132870211E2,2.275340538E-2,7.290437352E-4,1.583859208E-3,9.997395873E-1,1.773924268E2,1.833509916E-1,-7.939085571E-2,1.773922958E2
2.132920211E2,2.275335121E-2,7.280937280E-4,1.585074002E-3,9.997395873E-1,1.773924330E2,1.834876793E-1,-7.927886359E-2,1.773923021E2
2.132970211E2,2.275840626E-2,7.240790292E-4,1.589522581E-3,9.997394681E-1,1.773918536E2,1.839872471E-1,-7.880640273E-2,1.773917231E2
2.133020211E2,2.275586217E-2,7.267701440E-4,1.587227685E-3,9.997395277E-1,1.773921452E2,1.837311570E-1,-7.912115433E-2,1.773920143E2
2.133070211E2,2.275059864E-2,7.300581201E-4,1.586086233E-3,9.997396469E-1,1.773927485E2,1.836085464E-1,-7.950177398E-2,1.773926171E2
2.133120211E2,2.275859859E-2,7.247380563E-4,1.586465514E-3,9.997394681E-1,1.773918315E2,1.836387573E-1,-7.888983971E-2,1.773917011E2
2.133170211E2,2.275594328E-2,7.269824273E-4,1.585967024E-3,9.997395277E-1,1.773921359E2,1.835872931E-1,-7.914874649E-2,1.773920051E2
2.133220211E2,2.274563133E-2,7.343650796E-4,1.580189797E-3,9.997397661E-1,1.773933178E2,1.829438707E-1,-8.001146883E-2,1.773931861E2
2.133270211E2,2.274073929E-2,7.370474050E-4,1.573917922E-3,9.997398853E-1,1.773938786E2,1.822319506E-1,-8.033600078E-2,1.773937469E2
2.133320211E2,2.275370122E-2,7.283954765E-4,1.579902600E-3,9.997395873E-1,1.773923929E2,1.828960473E-1,-7.932685271E-2,1.773922623E2
2.133370211E2,2.275060123E-2,7.306553889E-4,1.585774007E-3,9.997396469E-1,1.773927482E2,1.835743347E-1,-7.957101170E-2,1.773926167E2
2.133420211E2,2.274007115E-2,7.368992665E-4,1.583610894E-3,9.997398853E-1,1.773939552E2,1.833419586E-1,-8.029389209E-2,1.773938227E2
2.133470211E2,2.274281014E-2,7.357749855E-4,1.582428580E-3,9.997398257E-1,1.773936412E2,1.832037996E-1,-8.016767157E-2,1.773935091E2
2.133520211E2,2.275038621E-2,7.295120158E-4,1.589381252E-3,9.997396469E-1,1.773927728E2,1.839845900E-1,-7.943065975E-2,1.773926413E2
2.133570211E2,2.274744674E-2,7.319472497E-4,1.592838555E-3,9.997397065E-1,1.773931098E2,1.843867812E-1,-7.970117294E-2,1.773929775E2
2.133620211E2,2.274228227E-2,7.357943687E-4,1.589988009E-3,9.997398257E-1,1.773937017E2,1.840698322E-1,-8.015028742E-2,1.773935690E2
2.133670211E2,2.274791252E-2,7.321913145E-4,1.586060156E-3,9.997397065E-1,1.773930564E2,1.836109068E-1,-7.974671782E-2,1.773929246E2
2.133720211E2,2.275334291E-2,7.278604899E-4,1.585300197E-3,9.997395873E-1,1.773924339E2,1.835129838E-1,-7.925155514E-2,1.773923030E2
2.133770211E2,2.274007280E-2,7.366192876E-4,1.583717531E-3,9.997398853E-1,1.773939550E2,1.833534455E-1,-8.026153902E-2,1.773938226E2
2.133820211E2,2.273761564E-2,7.383157499E-4,1.580577926E-3,9.997399449E-1,1.773942366E2,1.829979892E-1,-8.046452024E-2,1.773941041E2
2.133870211E2,2.273498113E-2,7.402005140E-4,1.579892240E-3,9.997400045E-1,1.773945386E2,1.829241345E-1,-8.068271094E-2,1.773944058E2
2.133920211E2,2.273746594E-2,7.396666915E-4,1.582099008E-3,9.997399449E-1,1.773942538E2,1.831757561E-1,-8.061535053E-2,1.773941209E2
2.133970211E2,2.273208024E-2,7.433558931E-4,1.582433237E-3,9.997400641E-1,1.773948711E2,1.832232232E-1,-8.103810830E-2,1.773947375E2
2.134020211E2,2.273471116E-2,7.409918471E-4,1.583402278E-3,9.997400045E-1,1.773945695E2,1.833282922E-1,-8.076427204E-2,1.773944363E2
2.134070211E2,2.273476074E-2,7.412026171E-4,1.582591562E-3,9.997400045E-1,1.773945638E2,1.832359680E-1,-8.079052134E-2,1.773944307E2
2.134120211E2,2.272428009E-2,7.486548857E-4,1.578993513E-3,9.997402430E-1,1.773957651E2,1.828423295E-1,-8.165555775E-2,1.773956309E2
2.134170211E2,2.272406408E-2,7.492265431E-4,1.581828459E-3,9.997402430E-1,1.773957899E2,1.831685783E-1,-8.171370484E-2,1.773956553E2
2.134220211E2,2.273212664E-2,7.434172439E-4,1.581737772E-3,9.997400641E-1,1.773948658E2,1.831437128E-1,-8.104693998E-2,1.773947323E2
2.134270211E2,2.273207809E-2,7.436749293E-4,1.582314260E-3,9.997400641E-1,1.773948713E2,1.832104241E-1,-8.107496800E-2,1.773947377E2
2.134320211E2,2.272922595E-2,7.454481092E-4,1.584790647E-3,9.997401237E-1,1.773951982E2,1.834985121E-1,-8.127217914E-2,1.773950641E2
2.134370211E2,2.272666931E-2,7.465375238E-4,1.583342091E-3,9.997401834E-1,1.773954913E2,1.833351921E-1,-8.140122638E-2,1.773953571E2
2.134420211E2,2.272882179E-2,7.452312857E-4,1.590678236E-3,9.997401237E-1,1.773952446E2,1.841724095E-1,-8.123207840E-2,1.773951100E2
2.134470211E2,2.273115548E-2,7.424515788E-4,1.596083166E-3,9.997400641E-1,1.773949771E2,1.847845580E-1,-8.089912069E-2,1.773948426E2
2.134520211E2,2.272284104E-2,7.493795129E-4,1.599229639E-3,9.997402430E-1,1.773959301E2,1.851623942E-1,-8.168614100E-2,1.773957940E2
2.134570211E2,2.271743439E-2,7.524622488E-4,1.600071439E-3,9.997403622E-1,1.773965498E2,1.852664171E-1,-8.203811481E-2,1.773964131E2
2.134620211E2,2.272526312E-2,7.469516131E-4,1.603205455E-3,9.997401834E-1,1.773956525E2,1.856117468E-1,-8.139719368E-2,1.773955166E2
2.134670211E2,2.273561326E-2,7.399279275E-4,1.608383725E-3,9.997399449E-1,1.773944661E2,1.861875215E-1,-8.057713421E-2,1.773943311E2
2.134720211E2,2.272491792E-2,7.464777445E-4,1.608311199E-3,9.997401834E-1,1.773956920E2,1.861954096E-1,-8.132967401E-2,1.773955558E2
2.134770211E2,2.271415895E-2,7.538006175E-4,1.608677325E-3,9.997404218E-1,1.773969252E2,1.862555419E-1,-8.216964677E-2,1.773967876E2
2.134820211E2,2.272214658E-2,7.485193782E-4,1.609466854E-3,9.997402430E-1,1.773960097E2,1.863328953E-1,-8.156107426E-2,1.773958730E2
2.134870211E2,2.272178022E-2,7.489922573E-4,1.614411478E-3,9.997402430E-1,1.773960517E2,1.869005640E-1,-8.160244131E-2,1.773959145E2
2.134920211E2,2.271376807E-2,7.549297879E-4,1.613659319E-3,9.997404218E-1,1.773969700E2,1.868291976E-1,-8.228611159E-2,1.773968318E2
2.134970211E2,2.271399879E-2,7.549122674E-4,1.610416570E-3,9.997404218E-1,1.773969436E2,1.864576744E-1,-8.229250208E-2,1.773968056E2
2.135020211E2,2.272152474E-2,7.496610051E-4,1.617693459E-3,9.997402430E-1,1.773960810E2,1.872782756E-1,-8.167055631E-2,1.773959434E2
2.135070211E2,2.272142279E-2,7.494731690E-4,1.619211747E-3,9.997402430E-1,1.773960927E2,1.874517166E-1,-8.164510320E-2,1.773959550E2
2.135120211E2,2.272447623E-2,7.470246055E-4,1.614287030E-3,9.997401834E-1,1.773957427E2,1.868814023E-1,-8.137684357E-2,1.773956058E2
2.135170211E2,2.273230672E-2,7.413884159E-4,1.617373782E-3,9.997400045E-1,1.773948451E2,1.872209806E-1,-8.072164649E-2,1.773947091E2
2.135220211E2,2.273164990E-2,7.426576922E-4,1.625999925E-3,9.997400045E-1,1.773949204E2,1.882124641E-1,-8.084470902E-2,1.773947835E2
2.135270211E2,2.272374977E-2,7.470722194E-4,1.624459284E-3,9.997401834E-1,1.773958259E2,1.880468231E-1,-8.135594462E-2,1.773956883E2
2.135320211E2,2.272629858E-2,7.453745347E-4,1.626264537E-3,9.997401237E-1,1.773955338E2,1.882494223E-1,-8.115627377E-2,1.773953963E2
2.135370211E2,2.273434101E-2,7.404631469E-4,1.626024256E-3,9.997399449E-1,1.773946120E2,1.882097510E-1,-8.059272793E-2,1.773944754E2
2.135420211E2,2.273440148E-2,7.405476063E-4,1.625140081E-3,9.997399449E-1,1.773946050E2,1.881086830E-1,-8.060469591E-2,1.773944686E2
2.135470211E2,2.272894846E-2,7.437227760E-4,1.626629499E-3,9.997400641E-1,1.773952301E2,1.882871455E-1,-8.096559569E-2,1.773950929E2
2.135520211E2,2.273444540E-2,7.399059250E-4,1.624817844E-3,9.997399449E-1,1.773946000E2,1.880700984E-1,-8.053201501E-2,1.773944637E2
2.135570211E2,2.273948776E-2,7.361950120E-4,1.629285631E-3,9.997398257E-1,1.773940220E2,1.885726727E-1,-8.009429501E-2,1.773938861E2
2.135620211E2,2.273657117E-2,7.381914183E-4,1.632508705E-3,9.997398853E-1,1.773943563E2,1.889468837E-1,-8.031515914E-2,1.773942197E2
2.135670211E2,2.273397447E-2,7.401088951E-4,1.631301711E-3,9.997399449E-1,1.773946540E2,1.888133953E-1,-8.053846404E-2,1.773945171E2
2.135720211E2,2.273682633E-2,7.386230864E-4,1.628755475E-3,9.997398853E-1,1.773943271E2,1.885180509E-1,-8.037434295E-2,1.773941907E2
2.135770211E2,2.274473948E-2,7.338054129E-4,1.630205661E-3,9.997397065E-1,1.773934201E2,1.886722650E-1,-7.981714964E-2,1.773932845E2
2.135820211E2,2.274193386E-2,7.349535590E-4,1.632275758E-3,9.997397661E-1,1.773937417E2,1.889121883E-1,-7.994381775E-2,1.773936057E2
2.135870211E2,2.273682529E-2,7.382723270E-4,1.628928934E-3,9.997398853E-1,1.773943272E2,1.885370086E-1,-8.033370756E-2,1.773941909E2
2.135920211E2,2.275324635E-2,7.282689330E-4,1.623623888E-3,9.997395277E-1,1.773924450E2,1.879044846E-1,-7.919843710E-2,1.773923110E2
2.135970211E2,2.276410332E-2,7.199301617E-4,1.621962641E-3,9.997392893E-1,1.773912006E2,1.876932731E-1,-7.824542613E-2,1.773910683E2
2.136020211E2,2.275577238E-2,7.253828226E-4,1.626213663E-3,9.997394681E-1,1.773921555E2,1.881938478E-1,-7.886057095E-2,1.773920218E2
2.136070211E2,2.275005681E-2,7.294716197E-4,1.631060266E-3,9.997395873E-1,1.773928106E2,1.887592950E-1,-7.931743109E-2,1.773926758E2
2.136120211E2,2.275816013E-2,7.245632587E-4,1.629804145E-3,9.997394085E-1,1.773918818E2,1.886032316E-1,-7.875686672E-2,1.773917480E2
2.136170211E2,2.276338542E-2,7.209627656E-4,1.631551189E-3,9.997392893E-1,1.773912828E2,1.887943950E-1,-7.833884484E-2,1.773911496E2
2.136220211E2,2.275505437E-2,7.262139115E-4,1.635861117E-3,9.997394681E-1,1.773922378E2,1.893011913E-1,-7.893075969E-2,1.773921032E2
2.136270211E2,2.275509466E-2,7.259335252E-4,1.635425142E-3,9.997394681E-1,1.773922331E2,1.892505170E-1,-7.889976740E-2,1.773920987E2
2.136320211E2,2.275504998E-2,7.260157145E-4,1.636010129E-3,9.997394681E-1,1.773922383E2,1.893177452E-1,-7.890766614E-2,1.773921037E2
2.136370211E2,2.274704364E-2,7.306231419E-4,1.636028290E-3,9.997396469E-1,1.773931560E2,1.893312055E-1,-7.943696999E-2,1.773930205E2
2.136420211E2,2.274676604E-2,7.310377550E-4,1.639698632E-3,9.997396469E-1,1.773931878E2,1.897527466E-1,-7.947495380E-2,1.773930520E2
2.136470211E2,2.274667776E-2,7.315895637E-4,1.640676870E-3,9.997396469E-1,1.773931979E2,1.898662472E-1,-7.953563674E-2,1.773930619E2
2.136520211E2,2.274144099E-2,7.346412167E-4,1.639268245E-3,9.997397661E-1,1.773937981E2,1.897124092E-1,-7.988990515E-2,1.773936617E2
2.136570211E2,2.274943082E-2,7.294721436E-4,1.639768016E-3,9.997395873E-1,1.773928823E2,1.897568251E-1,-7.929490792E-2,1.773927468E2
2.136620211E2,2.275232691E-2,7.275830139E-4,1.636762870E-3,9.997395277E-1,1.773925504E2,1.894078529E-1,-7.908577172E-2,1.773924155E2
2.136670211E2,2.274725499E-2,7.321791491E-4,1.632389962E-3,9.997396469E-1,1.773931317E2,1.889184642E-1,-7.962467324E-2,1.773929963E2
2.136720211E2,2.274700040E-2,7.323057507E-4,1.635877183E-3,9.997396469E-1,1.773931609E2,1.893182775E-1,-7.963013473E-2,1.773930252E2
2.136770211E2,2.274696400E-2,7.323356695E-4,1.636369852E-3,9.997396469E-1,1.773931651E2,1.893747939E-1,-7.963228490E-2,1.773930293E2
2.136820211E2,2.274171567E-2,7.342819008E-4,1.635614550E-3,9.997397661E-1,1.773937667E2,1.892929194E-1,-7.985821123E-2,1.773936306E2
2.136870211E2,2.274172675E-2,7.349406369E-4,1.635164605E-3,9.997397661E-1,1.773937654E2,1.892430905E-1,-7.993484774E-2,1.773936292E2
2.136920211E2,2.273376297E-2,7.398700109E-4,1.634354703E-3,9.997399449E-1,1.773946782E2,1.891625132E-1,-8.050318321E-2,1.773945411E2
2.136970211E2,2.273113081E-2,7.429628167E-4,1.633101841E-3,9.997400045E-1,1.773949799E2,1.890268281E-1,-8.086126232E-2,1.773948423E2
2.137020211E2,2.273421720E-2,7.401972543E-4,1.627875259E-3,9.997399449E-1,1.773946261E2,1.884211033E-1,-8.055746770E-2,1.773944895E2
2.137070211E2,2.274209931E-2,7.347355713E-4,1.630067243E-3,9.997397661E-1,1.773937227E2,1.886586211E-1,-7.992456925E-2,1.773935869E2
2.137120211E2,2.274158432E-2,7.360728923E-4,1.636635512E-3,9.997397661E-1,1.773937817E2,1.894145406E-1,-8.006075453E-2,1.773936452E2
2.137170211E2,2.273636913E-2,7.392530679E-4,1.634840621E-3,9.997398853E-1,1.773943795E2,1.892167832E-1,-8.043074591E-2,1.773942425E2
2.137220211E2,2.273665519E-2,7.391503896E-4,1.630903920E-3,9.997398853E-1,1.773943467E2,1.887655417E-1,-8.042918611E-2,1.773942100E2
2.137270211E2,2.273940629E-2,7.362195174E-4,1.630411134E-3,9.997398257E-1,1.773940314E2,1.887016701E-1,-8.009418483E-2,1.773938953E2
2.137320211E2,2.273374186E-2,7.412513369E-4,1.634022454E-3,9.997399449E-1,1.773946806E2,1.891280474E-1,-8.066230000E-2,1.773945433E2
2.137370211E2,2.272042904E-2,7.494211895E-4,1.633120468E-3,9.997402430E-1,1.773962066E2,1.890449139E-1,-8.160312037E-2,1.773960677E2
2.137420211E2,2.271778772E-2,7.512173033E-4,1.632551779E-3,9.997403026E-1,1.773965093E2,1.889842245E-1,-8.181086648E-2,1.773963702E2
2.137470211E2,2.271729004E-2,7.517911145E-4,1.639199560E-3,9.997403026E-1,1.773965664E2,1.897472623E-1,-8.185939090E-2,1.773964266E2
2.137520211E2,2.271720440E-2,7.518953644E-4,1.640338218E-3,9.997403026E-1,1.773965762E2,1.898779740E-1,-8.186838590E-2,1.773964363E2
2.137570211E2,2.271982946E-2,7.501565851E-4,1.641104696E-3,9.997402430E-1,1.773962753E2,1.899614708E-1,-8.166669393E-2,1.773961357E2
2.137620211E2,2.272267499E-2,7.478024927E-4,1.639091526E-3,9.997401834E-1,1.773959491E2,1.897249394E-1,-8.140170633E-2,1.773958101E2
2.137670211E2,2.271947772E-2,7.493325975E-4,1.646342222E-3,9.997402430E-1,1.773963156E2,1.905593190E-1,-8.155872678E-2,1.773961757E2
2.137720211E2,2.272462856E-2,7.470055134E-4,1.648698351E-3,9.997401237E-1,1.773957252E2,1.908236018E-1,-8.128501415E-2,1.773955856E2
2.137770211E2,2.272738691E-2,7.444243529E-4,1.647987170E-3,9.997400641E-1,1.773954090E2,1.907356282E-1,-8.099063748E-2,1.773952700E2
2.137820211E2,2.272744616E-2,7.442811038E-4,1.647234545E-3,9.997400641E-1,1.773954023E2,1.906490375E-1,-8.097617553E-2,1.773952633E2
2.137870211E2,2.272441617E-2,7.462591166E-4,1.651960541E-3,9.997401237E-1,1.773957496E2,1.911953643E-1,-8.119105080E-2,1.773956098E2
2.137920211E2,2.272729775E-2,7.446886739E-4,1.649096957E-3,9.997400641E-1,1.773954193E2,1.908634492E-1,-8.101804514E-2,1.773952801E2
2.137970211E2,2.271688149E-2,7.513228920E-4,1.645065728E-3,9.997403026E-1,1.773966132E2,1.904180511E-1,-8.179055658E-2,1.773964730E2
2.138020211E2,2.271114856E-2,7.555659977E-4,1.649826067E-3,9.997404218E-1,1.773972703E2,1.909739817E-1,-8.226535711E-2,1.773971289E2
2.138070211E2,2.271881919E-2,7.504501846E-4,1.654898515E-3,9.997402430E-1,1.773963911E2,1.915424032E-1,-8.166460858E-2,1.773962503E2
2.138120211E2,2.271608962E-2,7.530917064E-4,1.655160682E-3,9.997403026E-1,1.773967039E2,1.915790919E-1,-8.196706670E-2,1.773965626E2
2.138170211E2,2.271112256E-2,7.561187958E-4,1.649930724E-3,9.997404218E-1,1.773972733E2,1.909874082E-1,-8.232841928E-2,1.773971318E2
2.138220211E2,2.271878586E-2,7.511263248E-4,1.655049389E-3,9.997402430E-1,1.773963949E2,1.915614455E-1,-8.174168202E-2,1.773962540E2
2.138270211E2,2.271892089E-2,7.498274208E-4,1.653784304E-3,9.997402430E-1,1.773963794E2,1.914131435E-1,-8.159614502E-2,1.773962388E2
2.138320211E2,2.271409457E-2,7.542955573E-4,1.645964570E-3,9.997403622E-1,1.773969326E2,1.905285352E-1,-8.212930177E-2,1.773967918E2
2.138370211E2,2.271974846E-2,7.509358111E-4,1.641869545E-3,9.997402430E-1,1.773962846E2,1.900511159E-1,-8.175398750E-2,1.773961447E2
2.138420211E2,2.273001582E-2,7.423140923E-4,1.648840145E-3,9.997400045E-1,1.773951077E2,1.908280625E-1,-8.074615880E-2,1.773949690E2
2.138470211E2,2.272211852E-2,7.480017957E-4,1.646697288E-3,9.997401834E-1,1.773960129E2,1.905967460E-1,-8.140483976E-2,1.773958733E2
2.138520211E2,2.271991863E-2,7.499377825E-4,1.639969763E-3,9.997402430E-1,1.773962651E2,1.898308879E-1,-8.164456553E-2,1.773961256E2
2.138570211E2,2.273083783E-2,7.418100140E-4,1.637697453E-3,9.997400045E-1,1.773950135E2,1.895502844E-1,-8.071727942E-2,1.773948758E2
2.138620211E2,2.273538474E-2,7.388804806E-4,1.648640726E-3,9.997398853E-1,1.773944923E2,1.907967032E-1,-8.035229282E-2,1.773943543E2
2.138670211E2,2.273857106E-2,7.364638150E-4,1.641909126E-3,9.997398257E-1,1.773941271E2,1.900194747E-1,-8.009236831E-2,1.773939901E2
2.138720211E2,2.274181321E-2,7.359709125E-4,1.633497886E-3,9.997397661E-1,1.773937555E2,1.890548400E-1,-8.005720533E-2,1.773936192E2
2.138770211E2,2.274653519E-2,7.320097648E-4,1.642465126E-3,9.997396469E-1,1.773932142E2,1.900721977E-1,-7.957914135E-2,1.773930780E2
2.138820211E2,2.274638214E-2,7.319793222E-4,1.644596923E-3,9.997396469E-1,1.773932318E2,1.903163294E-1,-7.957012597E-2,1.773930954E2
2.138870211E2,2.274633542E-2,7.321863086E-4,1.645150827E-3,9.997396469E-1,1.773932371E2,1.903803217E-1,-7.959240375E-2,1.773931007E2
2.138920211E2,2.274901567E-2,7.298588753E-4,1.645345939E-3,9.997395873E-1,1.773929299E2,1.903968194E-1,-7.932474982E-2,1.773927939E2
2.138970211E2,2.275445368E-2,7.266312023E-4,1.644011121E-3,9.997394681E-1,1.773923066E2,1.902359139E-1,-7.895742698E-2,1.773921713E2
2.139020211E2,2.275224984E-2,7.285824395E-4,1.637389534E-3,9.997395277E-1,1.773925592E2,1.894822448E-1,-7.919864833E-2,1.773924241E2
2.139070211E2,2.274976945E-2,7.299944991E-4,1.634830027E-3,9.997395873E-1,1.773928435E2,1.891925074E-1,-7.936755931E-2,1.773927083E2
2.139120211E2,2.274933083E-2,7.295683608E-4,1.641111798E-3,9.997395873E-1,1.773928938E2,1.899110146E-1,-7.930244645E-2,1.773927582E2
2.139170211E2,2.275440109E-2,7.267920300E-4,1.644667820E-3,9.997394681E-1,1.773923126E2,1.903115620E-1,-7.897414929E-2,1.773921773E2
2.139220211E2,2.275478579E-2,7.267819601E-4,1.639341121E-3,9.997394681E-1,1.773922685E2,1.897013281E-1,-7.898681257E-2,1.773921336E2
2.139270211E2,2.274173864E-2,7.347755600E-4,1.635073335E-3,9.997397661E-1,1.773937640E2,1.892322052E-1,-7.991617185E-2,1.773936279E2
2.139320211E2,2.274690011E-2,7.306681946E-4,1.638002577E-3,9.997396469E-1,1.773931724E2,1.895574901E-1,-7.943701203E-2,1.773930368E2
2.139370211E2,2.275759472E-2,7.240897394E-4,1.637889654E-3,9.997394085E-1,1.773919466E2,1.895282451E-1,-7.868163945E-2,1.773918123E2
2.139420211E2,2.275517273E-2,7.250137278E-4,1.634746790E-3,9.997394681E-1,1.773922242E2,1.891704109E-1,-7.879614795E-2,1.773920899E2
2.139470211E2,2.275799037E-2,7.243704749E-4,1.632258412E-3,9.997394085E-1,1.773919012E2,1.888838815E-1,-7.872841234E-2,1.773917673E2
2.139520211E2,2.276026572E-2,7.226003218E-4,1.637814799E-3,9.997393489E-1,1.773916404E2,1.895159945E-1,-7.851069805E-2,1.773915064E2
2.139570211E2,2.276842761E-2,7.172888727E-4,1.635854482E-3,9.997391701E-1,1.773907049E2,1.892781973E-1,-7.790577699E-2,1.773905721E2
2.139620211E2,2.276331298E-2,7.202972774E-4,1.632855274E-3,9.997392893E-1,1.773912912E2,1.889420518E-1,-7.825921718E-2,1.773911580E2
2.139670211E2,2.276119189E-2,7.223234861E-4,1.625015866E-3,9.997393489E-1,1.773915343E2,1.880490724E-1,-7.851219217E-2,1.773914013E2
2.139720211E2,2.276360858E-2,7.201560074E-4,1.628791681E-3,9.997392893E-1,1.773912573E2,1.884761726E-1,-7.825357769E-2,1.773911244E2
2.139770211E2,2.275832759E-2,7.233691867E-4,1.627995167E-3,9.997394085E-1,1.773918626E2,1.883928899E-1,-7.862475806E-2,1.773917292E2
2.139820211E2,2.276351552E-2,7.203886635E-4,1.629988896E-3,9.997392893E-1,1.773912679E2,1.886139278E-1,-7.827712560E-2,1.773911350E2
2.139870211E2,2.277394413E-2,7.134618354E-4,1.633589971E-3,9.997390509E-1,1.773900726E2,1.890092112E-1,-7.747221066E-2,1.773899407E2
2.139920211E2,2.276839354E-2,7.173651247E-4,1.636295114E-3,9.997391701E-1,1.773907088E2,1.893288734E-1,-7.791336931E-2,1.773905759E2
2.139970211E2,2.276048748E-2,7.218830287E-4,1.635047025E-3,9.997393489E-1,1.773916150E2,1.891970588E-1,-7.843570086E-2,1.773914813E2
2.140020211E2,2.276060437E-2,7.223878638E-4,1.633195789E-3,9.997393489E-1,1.773916016E2,1.889863033E-1,-7.849834212E-2,1.773914680E2
2.140070211E2,2.277133294E-2,7.148045115E-4,1.632926171E-3,9.997391105E-1,1.773903719E2,1.889364667E-1,-7.762825581E-2,1.773902398E2
2.140120211E2,2.276883490E-2,7.173143676E-4,1.630164450E-3,9.997391701E-1,1.773906582E2,1.886264337E-1,-7.792346736E-2,1.773905258E2
2.140170211E2,2.276352712E-2,7.203315618E-4,1.629852108E-3,9.997392893E-1,1.773912666E2,1.885981090E-1,-7.827093858E-2,1.773911336E2
2.140220211E2,2.276092009E-2,7.213451900E-4,1.629251987E-3,9.997393489E-1,1.773915654E2,1.885317979E-1,-7.838911872E-2,1.773914323E2
2.140270211E2,2.276382184E-2,7.196918014E-4,1.626014011E-3,9.997392893E-1,1.773912328E2,1.881567626E-1,-7.820760328E-2,1.773911003E2
2.140320211E2,2.276089301E-2,7.216792437E-4,1.629482373E-3,9.997393489E-1,1.773915685E2,1.885590607E-1,-7.842679268E-2,1.773914353E2
2.140370211E2,2.275586634E-2,7.248079637E-4,1.625154866E-3,9.997394681E-1,1.773921447E2,1.880710579E-1,-7.879745752E-2,1.773920112E2
2.140420211E2,2.276378506E-2,7.205700385E-4,1.626139856E-3,9.997392893E-1,1.773912370E2,1.881734680E-1,-7.830789429E-2,1.773911043E2
2.140470211E2,2.277470686E-2,7.131273160E-4,1.623068703E-3,9.997390509E-1,1.773899852E2,1.878030591E-1,-7.746120306E-2,1.773898541E2
2.140520211E2,2.277195696E-2,7.138586952E-4,1.624616561E-3,9.997391105E-1,1.773903004E2,1.879820806E-1,-7.754146839E-2,1.773901691E2
2.140570211E2,2.276444254E-2,7.192481426E-4,1.617498230E-3,9.997392893E-1,1.773911617E2,1.871800680E-1,-7.817887568E-2,1.773910299E2
2.140620211E2,2.276993489E-2,7.155083003E-4,1.615528367E-3,9.997391701E-1,1.773905321E2,1.869450662E-1,-7.775454473E-2,1.773904012E2
2.140670211E2,2.277774176E-2,7.102108211E-4,1.618466689E-3,9.997389913E-1,1.773896373E2,1.872684644E-1,-7.713852686E-2,1.773895072E2
2.140720211E2,2.277220292E-2,7.139646914E-4,1.621118630E-3,9.997391105E-1,1.773902722E2,1.875816461E-1,-7.756269357E-2,1.773901411E2
2.140770211E2,2.276167637E-2,7.210561889E-4,1.618780778E-3,9.997393489E-1,1.773914787E2,1.873314996E-1,-7.838318108E-2,1.773913465E2
2.140820211E2,2.277493413E-2,7.118667127E-4,1.620430965E-3,9.997390509E-1,1.773899591E2,1.874976015E-1,-7.732362787E-2,1.773898285E2
2.140870211E2,2.278540582E-2,7.054952439E-4,1.623097574E-3,9.997388124E-1,1.773887588E2,1.877872651E-1,-7.658477489E-2,1.773886292E2
2.140920211E2,2.276929864E-2,7.159709930E-4,1.624267199E-3,9.997391701E-1,1.773906051E2,1.879473629E-1,-7.778486829E-2,1.773904734E2
2.140970211E2,2.276675243E-2,7.176487125E-4,1.622530282E-3,9.997392297E-1,1.773908969E2,1.877525577E-1,-7.798208104E-2,1.773907650E2
2.141020211E2,2.277481282E-2,7.125038537E-4,1.621855306E-3,9.997390509E-1,1.773899730E2,1.876624307E-1,-7.739292515E-2,1.773898422E2
2.141070211E2,2.277698903E-2,7.103324169E-4,1.628972706E-3,9.997389913E-1,1.773897236E2,1.884723147E-1,-7.712517543E-2,1.773895926E2
2.141120211E2,2.277431470E-2,7.137418725E-4,1.628292841E-3,9.997390509E-1,1.773900301E2,1.884031207E-1,-7.751804700E-2,1.773898985E2
2.141170211E2,2.277468005E-2,7.119722432E-4,1.623951830E-3,9.997390509E-1,1.773899882E2,1.879012148E-1,-7.732657610E-2,1.773898573E2
2.141220211E2,2.278257650E-2,7.070461288E-4,1.625424135E-3,9.997388721E-1,1.773890831E2,1.880576333E-1,-7.675690409E-2,1.773889531E2
2.141270211E2,2.277437586E-2,7.137114881E-4,1.627450576E-3,9.997390509E-1,1.773900231E2,1.883065546E-1,-7.751675280E-2,1.773898916E2
2.141320211E2,2.276931912E-2,7.170580793E-4,1.623500371E-3,9.997391701E-1,1.773906027E2,1.878623520E-1,-7.791140380E-2,1.773904709E2
2.141370211E2,2.276943746E-2,7.170700701E-4,1.621834468E-3,9.997391701E-1,1.773905892E2,1.876715431E-1,-7.791710213E-2,1.773904574E2
2.141420211E2,2.277725311E-2,7.101570955E-4,1.625352656E-3,9.997389913E-1,1.773896933E2,1.880571569E-1,-7.711448964E-2,1.773895627E2
2.141470211E2,2.277679718E-2,7.111033774E-4,1.631317078E-3,9.997389913E-1,1.773897456E2,1.887428885E-1,-7.720741495E-2,1.773896143E2
2.141520211E2,2.277188485E-2,7.142363465E-4,1.625461155E-3,9.997391105E-1,1.773903086E2,1.880798190E-1,-7.758254228E-2,1.773901772E2
2.141570211E2,2.277996288E-2,7.095373003E-4,1.624308992E-3,9.997389317E-1,1.773893827E2,1.879361836E-1,-7.704569964E-2,1.773892523E2
2.141620211E2,2.278791729E-2,7.040292257E-4,1.625187579E-3,9.997387528E-1,1.773884710E2,1.880230638E-1,-7.641089575E-2,1.773883415E2
2.141670211E2,2.277437304E-2,7.136567729E-4,1.627514022E-3,9.997390509E-1,1.773900234E2,1.883136801E-1,-7.751031948E-2,1.773898919E2
2.141720211E2,2.277160388E-2,7.150067831E-4,1.629054663E-3,9.997391105E-1,1.773903408E2,1.884934876E-1,-7.766148016E-2,1.773902090E2
2.141770211E2,2.277965322E-2,7.098762435E-4,1.628498198E-3,9.997389317E-1,1.773894182E2,1.884169686E-1,-7.707365188E-2,1.773892874E2
2.141820211E2,2.277944585E-2,7.092028973E-4,1.631689142E-3,9.997389317E-1,1.773894420E2,1.887807557E-1,-7.698822143E-2,1.773893110E2
2.141870211E2,2.277692484E-2,7.104760734E-4,1.629807288E-3,9.997389913E-1,1.773897309E2,1.885682961E-1,-7.713946666E-2,1.773895999E2
2.141920211E2,2.279066687E-2,7.013945142E-4,1.624436351E-3,9.997386932E-1,1.773881558E2,1.879303299E-1,-7.611050372E-2,1.773880269E2
2.141970211E2,2.279574622E-2,6.981794722E-4,1.627912861E-3,9.997385740E-1,1.773875736E2,1.883205931E-1,-7.573214661E-2,1.773874451E2
2.142020211E2,2.278991330E-2,7.013374125E-4,1.634999062E-3,9.997386932E-1,1.773882422E2,1.891402090E-1,-7.607651745E-2,1.773881125E2
2.142070211E2,2.279234254E-2,7.009844994E-4,1.637731562E-3,9.997386336E-1,1.773879637E2,1.894525127E-1,-7.602849042E-2,1.773878339E2
2.142120211E2,2.279759563E-2,6.963668275E-4,1.639355207E-3,9.997385144E-1,1.773873616E2,1.896268551E-1,-7.549424504E-2,1.773872326E2
2.142170211E2,2.279214314E-2,7.009531837E-4,1.640517614E-3,9.997386336E-1,1.773879866E2,1.897715914E-1,-7.601766368E-2,1.773878566E2
2.142220211E2,2.278448810E-2,7.051227731E-4,1.636090456E-3,9.997388124E-1,1.773888640E2,1.892747131E-1,-7.650835141E-2,1.773887335E2
2.142270211E2,2.278494320E-2,7.062789518E-4,1.629239530E-3,9.997388124E-1,1.773888119E2,1.884929112E-1,-7.665860745E-2,1.773886817E2
2.142320211E2,2.279018752E-2,7.019538316E-4,1.630907063E-3,9.997386932E-1,1.773882108E2,1.886730523E-1,-7.615777063E-2,1.773880812E2
2.142370211E2,2.278453998E-2,7.053946611E-4,1.635250519E-3,9.997388124E-1,1.773888581E2,1.891792022E-1,-7.654168265E-2,1.773887276E2
2.142420211E2,2.278174225E-2,7.084195386E-4,1.636481378E-3,9.997388721E-1,1.773891788E2,1.893278957E-1,-7.688553367E-2,1.773890476E2
2.142470211E2,2.277978391E-2,7.093948079E-4,1.626879093E-3,9.997389317E-1,1.773894032E2,1.882302338E-1,-7.702269986E-2,1.773892726E2
2.142520211E2,2.277445303E-2,7.131766761E-4,1.626604819E-3,9.997390509E-1,1.773900143E2,1.882082729E-1,-7.745767663E-2,1.773898829E2
2.142570211E2,2.276598270E-2,7.185899885E-4,1.632881118E-3,9.997392297E-1,1.773909851E2,1.889407669E-1,-7.806305524E-2,1.773908523E2
2.142620211E2,2.276610429E-2,7.185372524E-4,1.631208230E-3,9.997392297E-1,1.773909712E2,1.887489892E-1,-7.806135518E-2,1.773908385E2
2.142670211E2,2.277160056E-2,7.146817516E-4,1.629243605E-3,9.997391105E-1,1.773903412E2,1.885142847E-1,-7.762375156E-2,1.773902094E2
2.142720211E2,2.278273804E-2,7.072653971E-4,1.623062766E-3,9.997388721E-1,1.773890646E2,1.877876951E-1,-7.678815860E-2,1.773889347E2
2.142770211E2,2.277457843E-2,7.128362777E-4,1.624997472E-3,9.997390509E-1,1.773899999E2,1.880232532E-1,-7.742285143E-2,1.773898687E2
2.142820211E2,2.277217528E-2,7.151290774E-4,1.620993717E-3,9.997391105E-1,1.773902753E2,1.875703725E-1,-7.769641880E-2,1.773901441E2
2.142870211E2,2.278050964E-2,7.091183797E-4,1.616806490E-3,9.997389317E-1,1.773893200E2,1.870756300E-1,-7.701719056E-2,1.773891902E2
2.142920211E2,2.278076149E-2,7.092179731E-4,1.613210305E-3,9.997389317E-1,1.773892912E2,1.866639231E-1,-7.703794127E-2,1.773891616E2
2.142970211E2,2.277258039E-2,7.139209774E-4,1.615826855E-3,9.997391105E-1,1.773902289E2,1.869753246E-1,-7.757142465E-2,1.773900983E2
2.143020211E2,2.277298713E-2,7.148411241E-4,1.609675819E-3,9.997391105E-1,1.773901823E2,1.862730823E-1,-7.769281468E-2,1.773900519E2
2.143070211E2,2.277013213E-2,7.167996955E-4,1.612172346E-3,9.997391701E-1,1.773905095E2,1.865639789E-1,-7.791120949E-2,1.773903786E2
2.143120211E2,2.276213954E-2,7.223883295E-4,1.611658488E-3,9.997393489E-1,1.773914257E2,1.865190668E-1,-7.855428501E-2,1.773912937E2
2.143170211E2,2.275686284E-2,7.247948088E-4,1.611146727E-3,9.997394681E-1,1.773920305E2,1.864663001E-1,-7.883229457E-2,1.773918981E2
2.143220211E2,2.276260350E-2,7.217884995E-4,1.605362049E-3,9.997393489E-1,1.773913725E2,1.857962051E-1,-7.850190539E-2,1.773912411E2
2.143270211E2,2.276760850E-2,7.181201945E-4,1.610263134E-3,9.997392297E-1,1.773907988E2,1.863485047E-1,-7.806794042E-2,1.773906678E2
2.143320211E2,2.275942875E-2,7.225856534E-4,1.612879103E-3,9.997394085E-1,1.773917364E2,1.866592047E-1,-7.857421296E-2,1.773916043E2
2.143370211E2,2.275707732E-2,7.252211799E-4,1.607922255E-3,9.997394681E-1,1.773920059E2,1.860980268E-1,-7.888950951E-2,1.773918737E2
2.143420211E2,2.276302989E-2,7.219882682E-4,1.599214622E-3,9.997393489E-1,1.773913236E2,1.850924976E-1,-7.854074809E-2,1.773911927E2
2.143470211E2,2.275731310E-2,7.242009742E-4,1.605042373E-3,9.997394681E-1,1.773919789E2,1.857654591E-1,-7.878009960E-2,1.773918471E2
2.143520211E2,2.275637125E-2,7.251754869E-4,1.617904752E-3,9.997394681E-1,1.773920868E2,1.872414679E-1,-7.885837366E-2,1.773919539E2
2.143570211E2,2.276205709E-2,7.217724342E-4,1.613098197E-3,9.997393489E-1,1.773914351E2,1.866823896E-1,-7.847998692E-2,1.773913032E2
2.143620211E2,2.276238682E-2,7.206178270E-4,1.608956256E-3,9.997393489E-1,1.773913973E2,1.862048940E-1,-7.835845585E-2,1.773912659E2
2.143670211E2,2.275910746E-2,7.237590617E-4,1.616881695E-3,9.997394085E-1,1.773917732E2,1.871207854E-1,-7.869826133E-2,1.773916406E2
2.143720211E2,2.275892039E-2,7.241354324E-4,1.619344461E-3,9.997394085E-1,1.773917946E2,1.874038921E-1,-7.873499085E-2,1.773916618E2
2.143770211E2,2.276180526E-2,7.211809861E-4,1.616911730E-3,9.997393489E-1,1.773914640E2,1.871177133E-1,-7.840232923E-2,1.773913319E2
2.143820211E2,2.275700646E-2,7.248118636E-4,1.609109226E-3,9.997394681E-1,1.773920140E2,1.862329355E-1,-7.883953521E-2,1.773918818E2
2.143870211E2,2.275924982E-2,7.242014981E-4,1.614678185E-3,9.997394085E-1,1.773917569E2,1.868695121E-1,-7.875466807E-2,1.773916244E2
2.143920211E2,2.275667409E-2,7.247854373E-4,1.613814733E-3,9.997394681E-1,1.773920521E2,1.867719132E-1,-7.882429838E-2,1.773919196E2
2.143970211E2,2.275682163E-2,7.253926015E-4,1.611459767E-3,9.997394681E-1,1.773920352E2,1.865037186E-1,-7.889997006E-2,1.773919027E2
2.144020211E2,2.275659498E-2,7.246696623E-4,1.614981913E-3,9.997394681E-1,1.773920612E2,1.869053196E-1,-7.880800594E-2,1.773919286E2
2.144070211E2,2.275132685E-2,7.296354161E-4,1.613173867E-3,9.997395873E-1,1.773926650E2,1.867107189E-1,-7.938259038E-2,1.773925316E2
2.144120211E2,2.275188720E-2,7.292749360E-4,1.605415251E-3,9.997395873E-1,1.773926008E2,1.858209800E-1,-7.936141763E-2,1.773924680E2
2.144170211E2,2.276303570E-2,7.214540383E-4,1.599372947E-3,9.997393489E-1,1.773913229E2,1.851092424E-1,-7.847913170E-2,1.773911921E2
2.144220211E2,2.277349748E-2,7.135702181E-4,1.603005687E-3,9.997391105E-1,1.773901238E2,1.855056608E-1,-7.756453003E-2,1.773899942E2
2.144270211E2,2.276529529E-2,7.188490708E-4,1.605630270E-3,9.997392893E-1,1.773910639E2,1.858194752E-1,-7.816395935E-2,1.773909331E2
2.144320211E2,2.275723476E-2,7.255371311E-4,1.605549594E-3,9.997394681E-1,1.773919878E2,1.858270462E-1,-7.893186384E-2,1.773918558E2
2.144370211E2,2.276290759E-2,7.211765624E-4,1.601320226E-3,9.997393489E-1,1.773913376E2,1.853315928E-1,-7.844228768E-2,1.773912067E2
2.144420211E2,2.276815858E-2,7.171717589E-4,1.602891134E-3,9.997392297E-1,1.773907357E2,1.855015211E-1,-7.797841829E-2,1.773906055E2
2.144470211E2,2.275749455E-2,7.245785091E-4,1.602296950E-3,9.997394681E-1,1.773919581E2,1.854519367E-1,-7.883047688E-2,1.773918265E2
2.144520211E2,2.275736253E-2,7.259267149E-4,1.603561337E-3,9.997394681E-1,1.773919732E2,1.856002935E-1,-7.898165675E-2,1.773918412E2
2.144570211E2,2.276280933E-2,7.207466406E-4,1.602909761E-3,9.997393489E-1,1.773913489E2,1.855125640E-1,-7.838890691E-2,1.773912179E2
2.144620211E2,2.276250883E-2,7.206902956E-4,1.607196755E-3,9.997393489E-1,1.773913833E2,1.860035204E-1,-7.837132495E-2,1.773912521E2
2.144670211E2,2.275435083E-2,7.275148528E-4,1.608412247E-3,9.997395277E-1,1.773923184E2,1.861599277E-1,-7.915150653E-2,1.773921858E2
2.144720211E2,2.275991473E-2,7.226112066E-4,1.605995232E-3,9.997394085E-1,1.773916807E2,1.858706788E-1,-7.859500435E-2,1.773915491E2
2.144770211E2,2.277065123E-2,7.157343789E-4,1.605299185E-3,9.997391701E-1,1.773904500E2,1.857738357E-1,-7.780700335E-2,1.773903199E2
2.144820211E2,2.277013485E-2,7.152463077E-4,1.612823689E-3,9.997391701E-1,1.773905092E2,1.866345446E-1,-7.773155059E-2,1.773903786E2
2.144870211E2,2.276163324E-2,7.220188854E-4,1.618958078E-3,9.997393489E-1,1.773914837E2,1.873543196E-1,-7.849301487E-2,1.773913513E2
2.144920211E2,2.276688424E-2,7.190502947E-4,1.620058436E-3,9.997392297E-1,1.773908818E2,1.874730452E-1,-7.814907308E-2,1.773907499E2
2.144970211E2,2.277491045E-2,7.130695740E-4,1.620234922E-3,9.997390509E-1,1.773899618E2,1.874782802E-1,-7.746194582E-2,1.773898310E2
2.145020211E2,2.277749708E-2,7.105970872E-4,1.621737261E-3,9.997389913E-1,1.773896654E2,1.876441374E-1,-7.717428700E-2,1.773895349E2
2.145070211E2,2.277253245E-2,7.148658042E-4,1.616084715E-3,9.997391105E-1,1.773902344E2,1.870073278E-1,-7.767900165E-2,1.773901036E2
2.145120211E2,2.277243815E-2,7.148154546E-4,1.617435133E-3,9.997391105E-1,1.773902452E2,1.871618957E-1,-7.766972701E-2,1.773901143E2
2.145170211E2,2.278291703E-2,7.078111521E-4,1.620310009E-3,9.997388721E-1,1.773890441E2,1.874737724E-1,-7.685783467E-2,1.773889143E2
2.145220211E2,2.276700321E-2,7.172459736E-4,1.619186136E-3,9.997392297E-1,1.773908682E2,1.873684140E-1,-7.794462051E-2,1.773907366E2
2.145270211E2,2.276959436E-2,7.170697208E-4,1.619630377E-3,9.997391701E-1,1.773905712E2,1.874190492E-1,-7.792278388E-2,1.773904396E2
2.145320211E2,2.278572699E-2,7.059639902E-4,1.618378330E-3,9.997388124E-1,1.773887220E2,1.872478676E-1,-7.665073775E-2,1.773885927E2
2.145370211E2,2.278289252E-2,7.076874026E-4,1.620708732E-3,9.997388721E-1,1.773890469E2,1.875191259E-1,-7.684262131E-2,1.773889171E2
2.145420211E2,2.276950055E-2,7.169803721E-4,1.620988129E-3,9.997391701E-1,1.773905819E2,1.875743556E-1,-7.790902270E-2,1.773904503E2
2.145470211E2,2.276703495E-2,7.174779312E-4,1.618637005E-3,9.997392297E-1,1.773908645E2,1.873061121E-1,-7.797262072E-2,1.773907330E2
2.145520211E2,2.277764445E-2,7.112817839E-4,1.619365532E-3,9.997389913E-1,1.773896485E2,1.873742260E-1,-7.725889019E-2,1.773895180E2
2.145570211E2,2.276933309E-2,7.164306589E-4,1.623581396E-3,9.997391701E-1,1.773906011E2,1.878699982E-1,-7.783931140E-2,1.773904694E2
2.145620211E2,2.276149229E-2,7.214930956E-4,1.621172647E-3,9.997393489E-1,1.773914998E2,1.876066425E-1,-7.842702939E-2,1.773913673E2
2.145670211E2,2.277225359E-2,7.150637684E-4,1.619921997E-3,9.997391105E-1,1.773902664E2,1.874474298E-1,-7.769171900E-2,1.773901352E2
2.145720211E2,2.277762201E-2,7.116282359E-4,1.619528979E-3,9.997389913E-1,1.773896510E2,1.873938535E-1,-7.729815788E-2,1.773895205E2
2.145770211E2,2.277230086E-2,7.151245372E-4,1.619230490E-3,9.997391105E-1,1.773902609E2,1.873683716E-1,-7.770047650E-2,1.773901298E2
2.145820211E2,2.276449121E-2,7.193394704E-4,1.616772381E-3,9.997392893E-1,1.773911561E2,1.870971552E-1,-7.819122280E-2,1.773910244E2
2.145870211E2,2.277251670E-2,7.141543902E-4,1.616621041E-3,9.997391105E-1,1.773902362E2,1.870669124E-1,-7.759610415E-2,1.773901055E2
2.145920211E2,2.278048699E-2,7.088072598E-4,1.617262024E-3,9.997389317E-1,1.773893226E2,1.871270028E-1,-7.698036316E-2,1.773891929E2
2.145970211E2,2.276711528E-2,7.175645442E-4,1.617468195E-3,9.997392297E-1,1.773908553E2,1.871724431E-1,-7.798557769E-2,1.773907239E2
2.146020211E2,2.276730716E-2,7.182723493E-4,1.614450361E-3,9.997392297E-1,1.773908333E2,1.868285755E-1,-7.807450291E-2,1.773907020E2
2.146070211E2,2.278355531E-2,7.061163778E-4,1.612053602E-3,9.997388721E-1,1.773889710E2,1.865235253E-1,-7.668511574E-2,1.773888421E2
2.146120211E2,2.278323187E-2,7.076050970E-4,1.615967252E-3,9.997388721E-1,1.773890080E2,1.869757435E-1,-7.684550811E-2,1.773888786E2
2.146170211E2,2.276723274E-2,7.173895719E-4,1.615891815E-3,9.997392297E-1,1.773908419E2,1.869914023E-1,-7.796962347E-2,1.773907106E2
2.146220211E2,2.276461483E-2,7.195129292E-4,1.614953624E-3,9.997392893E-1,1.773911419E2,1.868892569E-1,-7.821581612E-2,1.773910103E2
2.146270211E2,2.278083149E-2,7.090256549E-4,1.612306107E-3,9.997389317E-1,1.773892832E2,1.865598396E-1,-7.701825644E-2,1.773891537E2
2.146320211E2,2.276750203E-2,7.170623867E-4,1.612238702E-3,9.997392297E-1,1.773908110E2,1.865720614E-1,-7.794162152E-2,1.773906800E2
2.146370211E2,2.275401833E-2,7.269713678E-4,1.613354310E-3,9.997395277E-1,1.773923565E2,1.867246573E-1,-7.907641915E-2,1.773922236E2
2.146420211E2,2.277044096E-2,7.168053417E-4,1.607801998E-3,9.997391701E-1,1.773904741E2,1.860633416E-1,-7.792320283E-2,1.773903436E2
2.146470211E2,2.277816972E-2,7.104397519E-4,1.612331485E-3,9.997389913E-1,1.773895883E2,1.865662335E-1,-7.718068824E-2,1.773894585E2
2.146520211E2,2.276694195E-2,7.187527372E-4,1.619379269E-3,9.997392297E-1,1.773908752E2,1.873944665E-1,-7.811674552E-2,1.773907434E2
2.146570211E2,2.276182737E-2,7.219147519E-4,1.616272959E-3,9.997393489E-1,1.773914614E2,1.870464502E-1,-7.848805277E-2,1.773913292E2
2.146620211E2,2.276721499E-2,7.176424260E-4,1.616029534E-3,9.997392297E-1,1.773908439E2,1.870078381E-1,-7.799823486E-2,1.773907125E2
2.146670211E2,2.276949484E-2,7.172128535E-4,1.620965544E-3,9.997391701E-1,1.773905826E2,1.875723745E-1,-7.793571617E-2,1.773904509E2
2.146720211E2,2.275076640E-2,7.299099234E-4,1.620935276E-3,9.997395873E-1,1.773927293E2,1.876005538E-1,-7.939390768E-2,1.773925952E2
2.146770211E2,2.275344974E-2,7.272881339E-4,1.621211413E-3,9.997395277E-1,1.773924217E2,1.876255648E-1,-7.909232731E-2,1.773922881E2
2.146820211E2,2.276731574E-2,7.171625039E-4,1.614822773E-3,9.997392297E-1,1.773908324E2,1.868683446E-1,-7.794638384E-2,1.773907012E2
2.146870211E2,2.276720178E-2,7.173035992E-4,1.616366091E-3,9.997392297E-1,1.773908454E2,1.870455096E-1,-7.795854266E-2,1.773907141E2
2.146920211E2,2.274862253E-2,7.300681900E-4,1.614176668E-3,9.997396469E-1,1.773929750E2,1.868265156E-1,-7.943006055E-2,1.773928414E2
2.146970211E2,2.274883093E-2,7.300405414E-4,1.611249521E-3,9.997396469E-1,1.773929511E2,1.864911199E-1,-7.943448509E-2,1.773928177E2
2.147020211E2,2.275685324E-2,7.246625610E-4,1.611341839E-3,9.997394681E-1,1.773920316E2,1.864883069E-1,-7.881663699E-2,1.773918992E2
2.147070211E2,2.274864257E-2,7.311615045E-4,1.613399247E-3,9.997396469E-1,1.773929727E2,1.867403046E-1,-7.955733554E-2,1.773928390E2
2.147120211E2,2.273800632E-2,7.376586436E-4,1.612640219E-3,9.997398853E-1,1.773941918E2,1.866694338E-1,-8.030562405E-2,1.773940569E2
2.147170211E2,2.274380402E-2,7.348462241E-4,1.606056117E-3,9.997397661E-1,1.773935273E2,1.859082797E-1,-7.999950641E-2,1.773933934E2
2.147220211E2,2.274880654E-2,7.316560368E-4,1.610861043E-3,9.997396469E-1,1.773929539E2,1.864508251E-1,-7.962057640E-2,1.773928203E2
2.147270211E2,2.273534254E-2,7.398211746E-4,1.612254884E-3,9.997399449E-1,1.773944972E2,1.866307099E-1,-8.055486885E-2,1.773943619E2
2.147320211E2,2.272999030E-2,7.440438494E-4,1.611857559E-3,9.997400641E-1,1.773951106E2,1.865957605E-1,-8.104066027E-2,1.773949746E2
2.147370211E2,2.274080440E-2,7.354639238E-4,1.611138228E-3,9.997398257E-1,1.773938711E2,1.864918672E-1,-8.005758480E-2,1.773937367E2
2.147420211E2,2.274088819E-2,7.356980350E-4,1.609848114E-3,9.997398257E-1,1.773938615E2,1.863446857E-1,-8.008775148E-2,1.773937272E2
2.147470211E2,2.273014549E-2,7.435225998E-4,1.609908417E-3,9.997400641E-1,1.773950928E2,1.863711173E-1,-8.098599317E-2,1.773949570E2
2.147520211E2,2.272776321E-2,7.445701631E-4,1.606039121E-3,9.997401237E-1,1.773953659E2,1.859303780E-1,-8.111652581E-2,1.773952302E2
2.147570211E2,2.274091499E-2,7.368534571E-4,1.608940889E-3,9.997398257E-1,1.773938584E2,1.862437657E-1,-8.022247799E-2,1.773937240E2
2.147620211E2,2.273532875E-2,7.395356661E-4,1.612580265E-3,9.997399449E-1,1.773944987E2,1.866672412E-1,-8.052131529E-2,1.773943635E2
2.147670211E2,2.272429877E-2,7.483008667E-4,1.616192982E-3,9.997401834E-1,1.773957630E2,1.871030618E-1,-8.151812418E-2,1.773956258E2
2.147720211E2,2.272189741E-2,7.488238043E-4,1.612839522E-3,9.997402430E-1,1.773960383E2,1.867200481E-1,-8.158721430E-2,1.773959012E2
2.147770211E2,2.273499553E-2,7.397743175E-4,1.617162256E-3,9.997399449E-1,1.773945369E2,1.871927590E-1,-8.053678003E-2,1.773944012E2
2.147820211E2,2.272924756E-2,7.447099197E-4,1.621991862E-3,9.997400641E-1,1.773951958E2,1.877584434E-1,-8.109070810E-2,1.773950588E2
2.147870211E2,2.272144439E-2,7.486843388E-4,1.619273564E-3,9.997402430E-1,1.773960902E2,1.874567460E-1,-8.155456834E-2,1.773959526E2
2.147920211E2,2.273247768E-2,7.416460430E-4,1.614850829E-3,9.997400045E-1,1.773948255E2,1.869326306E-1,-8.075770122E-2,1.773946897E2
2.147970211E2,2.273525480E-2,7.406966761E-4,1.613089931E-3,9.997399449E-1,1.773945072E2,1.867286489E-1,-8.065300862E-2,1.773943717E2
2.148020211E2,2.272705730E-2,7.447637618E-4,1.615908463E-3,9.997401237E-1,1.773954468E2,1.870614784E-1,-8.111313172E-2,1.773953103E2
2.148070211E2,2.273262521E-2,7.418380701E-4,1.612684340E-3,9.997400045E-1,1.773948086E2,1.866849451E-1,-8.078531654E-2,1.773946729E2
2.148120211E2,2.273845715E-2,7.376046851E-4,1.606295700E-3,9.997398853E-1,1.773941402E2,1.859424876E-1,-8.031589067E-2,1.773940058E2
2.148170211E2,2.273578191E-2,7.398886955E-4,1.606015954E-3,9.997399449E-1,1.773944468E2,1.859161759E-1,-8.057877747E-2,1.773943120E2
2.148220211E2,2.272513950E-2,7.464868831E-4,1.605172991E-3,9.997401834E-1,1.773956666E2,1.858359315E-1,-8.133885236E-2,1.773955307E2
2.148270211E2,2.272837770E-2,7.447588141E-4,1.597231370E-3,9.997401237E-1,1.773952955E2,1.849218841E-1,-8.116096458E-2,1.773951605E2
2.148320211E2,2.273099480E-2,7.432885468E-4,1.597980852E-3,9.997400641E-1,1.773949955E2,1.850041285E-1,-8.099009165E-2,1.773948607E2
2.148370211E2,2.273600382E-2,7.402537740E-4,1.602702774E-3,9.997399449E-1,1.773944214E2,1.855375800E-1,-8.062919272E-2,1.773942868E2
2.148420211E2,2.273581755E-2,7.391140680E-4,1.605868107E-3,9.997399449E-1,1.773944427E2,1.858972226E-1,-8.049041332E-2,1.773943081E2
2.148470211E2,2.272794621E-2,7.457422325E-4,1.602902543E-3,9.997401237E-1,1.773953449E2,1.855741126E-1,-8.125893564E-2,1.773952093E2
2.148520211E2,2.273068103E-2,7.428971585E-4,1.602619304E-3,9.997400641E-1,1.773950315E2,1.855344747E-1,-8.093322893E-2,1.773948964E2
2.148570211E2,2.273350056E-2,7.415722939E-4,1.600420685E-3,9.997400045E-1,1.773947083E2,1.852793723E-1,-8.078665464E-2,1.773945736E2
2.148620211E2,2.272544121E-2,7.472528960E-4,1.600538497E-3,9.997401834E-1,1.773956321E2,1.853070133E-1,-8.143862165E-2,1.773954963E2
2.148670211E2,2.272829045E-2,7.449404802E-4,1.598387840E-3,9.997401237E-1,1.773953055E2,1.850548379E-1,-8.117878057E-2,1.773951703E2
2.148720211E2,2.272805947E-2,7.448812248E-4,1.601696364E-3,9.997401237E-1,1.773953320E2,1.854336965E-1,-8.116341759E-2,1.773951965E2
2.148770211E2,2.272247387E-2,7.486265968E-4,1.604789519E-3,9.997402430E-1,1.773959722E2,1.857973555E-1,-8.158547593E-2,1.773958358E2
2.148820211E2,2.272002189E-2,7.516839541E-4,1.600939897E-3,9.997403026E-1,1.773962532E2,1.853640953E-1,-8.194621127E-2,1.773961166E2
2.148870211E2,2.272322243E-2,7.480450440E-4,1.594428089E-3,9.997402430E-1,1.773958864E2,1.846088739E-1,-8.154569453E-2,1.773957510E2
2.148920211E2,2.273097177E-2,7.440443151E-4,1.597956638E-3,9.997400641E-1,1.773949981E2,1.850033215E-1,-8.107674118E-2,1.773948632E2
2.148970211E2,2.272287994E-2,7.489557029E-4,1.598875388E-3,9.997402430E-1,1.773959256E2,1.851207098E-1,-8.163850381E-2,1.773957897E2
2.149020211E2,2.272347764E-2,7.492716541E-4,1.590209431E-3,9.997402430E-1,1.773958571E2,1.841287904E-1,-8.169715574E-2,1.773957218E2
2.149070211E2,2.273707309E-2,7.401361363E-4,1.587516163E-3,9.997399449E-1,1.773942988E2,1.837975486E-1,-8.065508795E-2,1.773941654E2
2.149120211E2,2.273709714E-2,7.398169255E-4,1.587320468E-3,9.997399449E-1,1.773942960E2,1.837742996E-1,-8.061902406E-2,1.773941628E2
2.149170211E2,2.272080520E-2,7.502710214E-4,1.590451575E-3,9.997403026E-1,1.773961634E2,1.841589149E-1,-8.181150683E-2,1.773960279E2
2.149220211E2,2.272397672E-2,7.476492319E-4,1.583828474E-3,9.997402430E-1,1.773957999E2,1.833935893E-1,-8.152781289E-2,1.773956654E2
2.149270211E2,2.273467625E-2,7.403280470E-4,1.584213926E-3,9.997400045E-1,1.773945735E2,1.834195439E-1,-8.068611768E-2,1.773944404E2
2.149320211E2,2.274234501E-2,7.356464048E-4,1.589158899E-3,9.997398257E-1,1.773936945E2,1.839744670E-1,-8.013548570E-2,1.773935619E2
2.149370211E2,2.273731900E-2,7.395148277E-4,1.584280399E-3,9.997399449E-1,1.773942706E2,1.834252533E-1,-8.059229575E-2,1.773941376E2
2.149420211E2,2.274294680E-2,7.347656065E-4,1.580932876E-3,9.997398257E-1,1.773936255E2,1.830298286E-1,-8.005590849E-2,1.773934937E2
2.149470211E2,2.275332485E-2,7.282272563E-4,1.585391001E-3,9.997395873E-1,1.773924360E2,1.835243415E-1,-7.929333910E-2,1.773923050E2
2.149520211E2,2.274530125E-2,7.336447597E-4,1.585267484E-3,9.997397661E-1,1.773933557E2,1.835236772E-1,-7.991577284E-2,1.773932237E2
2.149570211E2,2.274334855E-2,7.347445353E-4,1.575152506E-3,9.997398257E-1,1.773935795E2,1.823675942E-1,-8.006848654E-2,1.773934481E2
2.149620211E2,2.276212203E-2,7.230921183E-4,1.574180555E-3,9.997394085E-1,1.773914277E2,1.822273509E-1,-7.873267605E-2,1.773912985E2
2.149670211E2,2.275633831E-2,7.265751483E-4,1.580476062E-3,9.997395277E-1,1.773920906E2,1.829572060E-1,-7.911633478E-2,1.773919603E2
2.149720211E2,2.274344626E-2,7.346997154E-4,1.573761925E-3,9.997398257E-1,1.773935683E2,1.822081773E-1,-8.006695840E-2,1.773934371E2
2.149770211E2,2.274936146E-2,7.320821751E-4,1.565191196E-3,9.997397065E-1,1.773928903E2,1.812199455E-1,-7.978835430E-2,1.773927602E2
2.149820211E2,2.275216961E-2,7.293857052E-4,1.563703176E-3,9.997396469E-1,1.773925684E2,1.810426675E-1,-7.948281268E-2,1.773924390E2
2.149870211E2,2.275465717E-2,7.278398843E-4,1.566332532E-3,9.997395873E-1,1.773922833E2,1.813400586E-1,-7.929841386E-2,1.773921539E2
2.149920211E2,2.276276834E-2,7.223011344E-4,1.565172337E-3,9.997394085E-1,1.773913536E2,1.811933380E-1,-7.866544016E-2,1.773912253E2
2.149970211E2,2.276574991E-2,7.202630513E-4,1.560812700E-3,9.997393489E-1,1.773910118E2,1.806888059E-1,-7.844278728E-2,1.773908843E2
2.150020211E2,2.276832700E-2,7.178050000E-4,1.562531223E-3,9.997392893E-1,1.773907164E2,1.808794715E-1,-7.815623894E-2,1.773905892E2
2.150070211E2,2.276831208E-2,7.186767762E-4,1.562347985E-3,9.997392893E-1,1.773907181E2,1.808607531E-1,-7.825659193E-2,1.773905908E2
2.150120211E2,2.276803658E-2,7.193555357E-4,1.566046150E-3,9.997392893E-1,1.773907497E2,1.812861722E-1,-7.832475254E-2,1.773906219E2
2.150170211E2,2.276821707E-2,7.188091404E-4,1.563671161E-3,9.997392893E-1,1.773907290E2,1.810126769E-1,-7.826832059E-2,1.773906015E2
2.150220211E2,2.277612549E-2,7.129882579E-4,1.565487939E-3,9.997391105E-1,1.773898226E2,1.812062353E-1,-7.759529649E-2,1.773896960E2
2.150270211E2,2.277306200E-2,7.155534113E-4,1.570811728E-3,9.997391701E-1,1.773901737E2,1.818225968E-1,-7.787582648E-2,1.773900463E2
2.150320211E2,2.277052773E-2,7.175104111E-4,1.568721258E-3,9.997392297E-1,1.773904642E2,1.815880180E-1,-7.810593962E-2,1.773903365E2
2.150370211E2,2.276779499E-2,7.180884131E-4,1.570134657E-3,9.997392893E-1,1.773907774E2,1.817512346E-1,-7.816896516E-2,1.773906495E2
2.150420211E2,2.277273675E-2,7.150314050E-4,1.575756934E-3,9.997391701E-1,1.773902110E2,1.823877421E-1,-7.780317822E-2,1.773900832E2
2.150470211E2,2.277267001E-2,7.154672639E-4,1.576523413E-3,9.997391701E-1,1.773902186E2,1.824766838E-1,-7.785112288E-2,1.773900908E2
2.150520211E2,2.277310076E-2,7.148043951E-4,1.570590772E-3,9.997391701E-1,1.773901693E2,1.817953317E-1,-7.779058749E-2,1.773900420E2
2.150570211E2,2.277835941E-2,7.113898173E-4,1.571764122E-3,9.997390509E-1,1.773895665E2,1.819212482E-1,-7.739538855E-2,1.773894398E2
2.150620211E2,2.277006929E-2,7.166392752E-4,1.575757982E-3,9.997392297E-1,1.773905167E2,1.823918505E-1,-7.798786250E-2,1.773903887E2
2.150670211E2,2.276730768E-2,7.192592602E-4,1.576651353E-3,9.997392893E-1,1.773908333E2,1.825008179E-1,-7.828618548E-2,1.773907047E2
2.150720211E2,2.277007022E-2,7.168796146E-4,1.575635280E-3,9.997392297E-1,1.773905166E2,1.823784208E-1,-7.801571621E-2,1.773903886E2
2.150770211E2,2.277248409E-2,7.144865813E-4,1.579650561E-3,9.997391701E-1,1.773902399E2,1.828323624E-1,-7.773064730E-2,1.773901120E2
2.150820211E2,2.277504531E-2,7.139343652E-4,1.580697950E-3,9.997391105E-1,1.773899464E2,1.829511111E-1,-7.766418245E-2,1.773898185E2
2.150870211E2,2.277268661E-2,7.148763398E-4,1.576551702E-3,9.997391701E-1,1.773902167E2,1.824783837E-1,-7.778334873E-2,1.773900890E2
2.150920211E2,2.276745898E-2,7.185979048E-4,1.574767055E-3,9.997392893E-1,1.773908159E2,1.822832349E-1,-7.821530814E-2,1.773906876E2
2.150970211E2,2.277254485E-2,7.147325086E-4,1.578663127E-3,9.997391701E-1,1.773902330E2,1.827198864E-1,-7.776138694E-2,1.773901051E2
2.151020211E2,2.277527130E-2,7.126633427E-4,1.578013063E-3,9.997391105E-1,1.773899205E2,1.826402249E-1,-7.752553810E-2,1.773897930E2
2.151070211E2,2.277260585E-2,7.151255850E-4,1.577604795E-3,9.997391701E-1,1.773902260E2,1.825996724E-1,-7.780916919E-2,1.773900981E2
2.151120211E2,2.277558222E-2,7.123546093E-4,1.573658898E-3,9.997391105E-1,1.773898848E2,1.821406210E-1,-7.750147673E-2,1.773897578E2
2.151170211E2,2.278350499E-2,7.079762872E-4,1.574547961E-3,9.997389317E-1,1.773889767E2,1.822316555E-1,-7.699612404E-2,1.773888504E2
2.151220211E2,2.278074908E-2,7.104229298E-4,1.575475791E-3,9.997389913E-1,1.773892926E2,1.823441252E-1,-7.727449571E-2,1.773891657E2
2.151270211E2,2.276768027E-2,7.190734614E-4,1.571346773E-3,9.997392893E-1,1.773907906E2,1.818926585E-1,-7.827867229E-2,1.773906624E2
2.151320211E2,2.276207292E-2,7.233484648E-4,1.574772759E-3,9.997394085E-1,1.773914333E2,1.822958600E-1,-7.876050775E-2,1.773913041E2
2.151370211E2,2.277244622E-2,7.159031811E-4,1.579555217E-3,9.997391701E-1,1.773902443E2,1.828251338E-1,-7.789319116E-2,1.773901161E2
2.151420211E2,2.277275690E-2,7.148049772E-4,1.575568458E-3,9.997391701E-1,1.773902087E2,1.823655604E-1,-7.777772645E-2,1.773900810E2
2.151470211E2,2.277038839E-2,7.176259533E-4,1.570689725E-3,9.997392297E-1,1.773904802E2,1.818138202E-1,-7.811406507E-2,1.773903523E2
2.151520211E2,2.277567245E-2,7.133106701E-4,1.571919071E-3,9.997391105E-1,1.773898745E2,1.819438054E-1,-7.761552926E-2,1.773897474E2
2.151570211E2,2.277018462E-2,7.167162839E-4,1.574055525E-3,9.997392297E-1,1.773905035E2,1.821970234E-1,-7.800110612E-2,1.773903756E2
2.151620211E2,2.276268720E-2,7.214453071E-4,1.566746389E-3,9.997394085E-1,1.773913629E2,1.813714256E-1,-7.856330382E-2,1.773912347E2
2.151670211E2,2.276799781E-2,7.181817782E-4,1.567148021E-3,9.997392893E-1,1.773907542E2,1.814093390E-1,-7.818741693E-2,1.773906265E2
2.151720211E2,2.277044913E-2,7.162229740E-4,1.570449560E-3,9.997392297E-1,1.773904732E2,1.817826499E-1,-7.795395300E-2,1.773903456E2
2.151770211E2,2.277013719E-2,7.177714142E-4,1.574260881E-3,9.997392297E-1,1.773905090E2,1.822232993E-1,-7.812145645E-2,1.773903808E2
2.151820211E2,2.276209520E-2,7.224839646E-4,1.574847614E-3,9.997394085E-1,1.773914307E2,1.823021820E-1,-7.866126978E-2,1.773913017E2
2.151870211E2,2.277283761E-2,7.154922932E-4,1.574089169E-3,9.997391701E-1,1.773901994E2,1.821978901E-1,-7.786031235E-2,1.773900717E2
2.151920211E2,2.278830621E-2,7.043356891E-4,1.582371420E-3,9.997388124E-1,1.773884264E2,1.831187883E-1,-7.655774507E-2,1.773883001E2
2.151970211E2,2.278565628E-2,7.063082303E-4,1.581994467E-3,9.997388721E-1,1.773887301E2,1.830805520E-1,-7.678519238E-2,1.773886035E2
2.152020211E2,2.277757868E-2,7.117376663E-4,1.582881552E-3,9.997390509E-1,1.773896560E2,1.831957314E-1,-7.740636153E-2,1.773895283E2
2.152070211E2,2.278821588E-2,7.045012317E-4,1.583598088E-3,9.997388124E-1,1.773884367E2,1.832597433E-1,-7.657352305E-2,1.773883104E2
2.152120211E2,2.279085977E-2,7.018912584E-4,1.584337559E-3,9.997387528E-1,1.773881337E2,1.833378437E-1,-7.627210418E-2,1.773880078E2
2.152170211E2,2.278531160E-2,7.057038019E-4,1.587219886E-3,9.997388721E-1,1.773887696E2,1.836775816E-1,-7.670236690E-2,1.773886428E2
2.152220211E2,2.277739782E-2,7.119797519E-4,1.585373306E-3,9.997390509E-1,1.773896767E2,1.834818097E-1,-7.742762437E-2,1.773895488E2
2.152270211E2,2.277957266E-2,7.096627378E-4,1.592734014E-3,9.997389913E-1,1.773894274E2,1.843191868E-1,-7.714256918E-2,1.773892994E2
2.152320211E2,2.278228921E-2,7.088405546E-4,1.591657870E-3,9.997389317E-1,1.773891161E2,1.841939645E-1,-7.705068722E-2,1.773889883E2
2.152370211E2,2.278253228E-2,7.074344903E-4,1.588801737E-3,9.997389317E-1,1.773890882E2,1.838631075E-1,-7.689701819E-2,1.773889609E2
2.152420211E2,2.278790891E-2,7.044961094E-4,1.588011510E-3,9.997388124E-1,1.773884719E2,1.837653169E-1,-7.656146715E-2,1.773883452E2
2.152470211E2,2.279075400E-2,7.024072111E-4,1.585629885E-3,9.997387528E-1,1.773881458E2,1.834872348E-1,-7.632785674E-2,1.773880197E2
2.152520211E2,2.278533569E-2,7.068315172E-4,1.586372149E-3,9.997388721E-1,1.773887669E2,1.835834100E-1,-7.683376898E-2,1.773886398E2
2.152570211E2,2.277460917E-2,7.138555520E-4,1.587004866E-3,9.997391105E-1,1.773899964E2,1.836734049E-1,-7.763877281E-2,1.773898680E2
2.152620211E2,2.277211401E-2,7.157070795E-4,1.584425918E-3,9.997391701E-1,1.773902824E2,1.833825937E-1,-7.785807547E-2,1.773901538E2
2.152670211E2,2.277730123E-2,7.119846414E-4,1.586758182E-3,9.997390509E-1,1.773896878E2,1.836404693E-1,-7.742458741E-2,1.773895598E2
2.152720211E2,2.277459897E-2,7.137304638E-4,1.587207546E-3,9.997391105E-1,1.773899975E2,1.836962969E-1,-7.762391538E-2,1.773898691E2
2.152770211E2,2.275859205E-2,7.239641855E-4,1.586912549E-3,9.997394681E-1,1.773918323E2,1.836879515E-1,-7.880001901E-2,1.773917020E2
2.152820211E2,2.277180202E-2,7.160301320E-4,1.588758198E-3,9.997391701E-1,1.773903181E2,1.838797274E-1,-7.788383669E-2,1.773901892E2
2.152870211E2,2.276926410E-2,7.168107550E-4,1.587272971E-3,9.997392297E-1,1.773906090E2,1.837114161E-1,-7.797760839E-2,1.773904801E2
2.152920211E2,2.276415103E-2,7.204834255E-4,1.583861071E-3,9.997393489E-1,1.773911951E2,1.833297248E-1,-7.840819615E-2,1.773910657E2
2.152970211E2,2.277230558E-2,7.146991557E-4,1.582126017E-3,9.997391701E-1,1.773902604E2,1.831164966E-1,-7.774857278E-2,1.773901322E2
2.153020211E2,2.278266146E-2,7.088268176E-4,1.586326864E-3,9.997389317E-1,1.773890734E2,1.835832264E-1,-7.706296327E-2,1.773889460E2
2.153070211E2,2.277731965E-2,7.126380806E-4,1.586200437E-3,9.997390509E-1,1.773896857E2,1.835782800E-1,-7.750089897E-2,1.773895576E2
2.153120211E2,2.276935877E-2,7.172621554E-4,1.585710212E-3,9.997392297E-1,1.773905982E2,1.835335685E-1,-7.803338192E-2,1.773904692E2
2.153170211E2,2.277781866E-2,7.118047797E-4,1.579394331E-3,9.997390509E-1,1.773896285E2,1.827964220E-1,-7.742310880E-2,1.773895011E2
2.153220211E2,2.277481698E-2,7.137249922E-4,1.584078651E-3,9.997391105E-1,1.773899725E2,1.833378469E-1,-7.763141470E-2,1.773898444E2
2.153270211E2,2.275888140E-2,7.243506843E-4,1.582580502E-3,9.997394681E-1,1.773917991E2,1.831926941E-1,-7.885554228E-2,1.773916691E2
2.153320211E2,2.275648590E-2,7.257236284E-4,1.578741358E-3,9.997395277E-1,1.773920737E2,1.827562654E-1,-7.902327998E-2,1.773919437E2
2.153370211E2,2.275949883E-2,7.236766396E-4,1.573986257E-3,9.997394681E-1,1.773917283E2,1.822064099E-1,-7.880062474E-2,1.773915991E2
2.153420211E2,2.275972874E-2,7.236199453E-4,1.570684370E-3,9.997394681E-1,1.773917020E2,1.818280089E-1,-7.880269984E-2,1.773915730E2
2.153470211E2,2.275175204E-2,7.297262782E-4,1.569608808E-3,9.997396469E-1,1.773926163E2,1.817200842E-1,-7.950650723E-2,1.773924863E2
2.153520211E2,2.275987943E-2,7.246978348E-4,1.568001579E-3,9.997394681E-1,1.773916847E2,1.815234863E-1,-7.893315466E-2,1.773915558E2
2.153570211E2,2.275427087E-2,7.284996682E-4,1.571628614E-3,9.997395873E-1,1.773923276E2,1.819484789E-1,-7.936025997E-2,1.773921976E2
2.153620211E2,2.274291996E-2,7.358316216E-4,1.580823096E-3,9.997398257E-1,1.773936286E2,1.830200284E-1,-8.017832412E-2,1.773934966E2
2.153670211E2,2.274254048E-2,7.354986737E-4,1.586427563E-3,9.997398257E-1,1.773936721E2,1.836611899E-1,-8.012564391E-2,1.773935397E2
2.153720211E2,2.274779521E-2,7.326001069E-4,1.587553183E-3,9.997397065E-1,1.773930698E2,1.837830075E-1,-7.978967927E-2,1.773929379E2
2.153770211E2,2.274506974E-2,7.340133307E-4,1.588415354E-3,9.997397661E-1,1.773933822E2,1.838852463E-1,-7.994983446E-2,1.773932499E2
2.153820211E2,2.274716830E-2,7.327301428E-4,1.596450922E-3,9.997397065E-1,1.773931417E2,1.848026405E-1,-7.978149730E-2,1.773930090E2
2.153870211E2,2.274704979E-2,7.328854990E-4,1.598067349E-3,9.997397065E-1,1.773931553E2,1.849882174E-1,-7.979510347E-2,1.773930224E2
2.153920211E2,2.274232098E-2,7.354404661E-4,1.589598018E-3,9.997398257E-1,1.773936973E2,1.840242347E-1,-8.011075297E-2,1.773935646E2
2.153970211E2,2.272860028E-2,7.446942036E-4,1.594091184E-3,9.997401237E-1,1.773952700E2,1.845619872E-1,-8.116170058E-2,1.773951352E2
2.154020211E2,2.273363363E-2,7.407369558E-4,1.598916482E-3,9.997400045E-1,1.773946930E2,1.851048820E-1,-8.069485090E-2,1.773945586E2
2.154070211E2,2.273137712E-2,7.430400001E-4,1.592649030E-3,9.997400641E-1,1.773949517E2,1.843926868E-1,-8.097543613E-2,1.773948174E2
2.154120211E2,2.273113043E-2,7.439068868E-4,1.595762209E-3,9.997400641E-1,1.773949800E2,1.847515778E-1,-8.106668413E-2,1.773948452E2
2.154170211E2,2.273113949E-2,7.429883117E-4,1.596061047E-3,9.997400641E-1,1.773949789E2,1.847834210E-1,-8.096067036E-2,1.773948443E2
2.154220211E2,2.273081344E-2,7.438725443E-4,1.600287156E-3,9.997400641E-1,1.773950163E2,1.852698504E-1,-8.105102134E-2,1.773948812E2
2.154270211E2,2.272290632E-2,7.492168224E-4,1.598378178E-3,9.997402430E-1,1.773959226E2,1.850644305E-1,-8.166970800E-2,1.773957867E2
2.154320211E2,2.272807529E-2,7.454655133E-4,1.601199969E-3,9.997401237E-1,1.773953301E2,1.853783517E-1,-8.123164472E-2,1.773951947E2
2.154370211E2,2.273842376E-2,7.374454290E-4,1.606841339E-3,9.997398853E-1,1.773941440E2,1.860045795E-1,-8.029623040E-2,1.773940096E2
2.154420211E2,2.273344458E-2,7.418846944E-4,1.601070864E-3,9.997400045E-1,1.773947147E2,1.853546678E-1,-8.082076034E-2,1.773945799E2
2.154470211E2,2.272304399E-2,7.497069892E-4,1.596189686E-3,9.997402430E-1,1.773959068E2,1.848149998E-1,-8.173153577E-2,1.773957710E2
2.154520211E2,2.272295389E-2,7.484225207E-4,1.598073984E-3,9.997402430E-1,1.773959172E2,1.850275168E-1,-8.157949464E-2,1.773957814E2
2.154570211E2,2.273342348E-2,7.417860907E-4,1.601416152E-3,9.997400045E-1,1.773947171E2,1.853939661E-1,-8.080856848E-2,1.773945823E2
2.154620211E2,2.272274449E-2,7.486811373E-4,1.600927673E-3,9.997402430E-1,1.773959412E2,1.853550980E-1,-8.160173006E-2,1.773958051E2
2.154670211E2,2.270929886E-2,7.579941303E-4,1.601221040E-3,9.997405410E-1,1.773974823E2,1.854118483E-1,-8.267037342E-2,1.773973445E2
2.154720211E2,2.271969538E-2,7.518086932E-4,1.605508383E-3,9.997403026E-1,1.773962907E2,1.858877693E-1,-8.194866751E-2,1.773961536E2
2.154770211E2,2.272508204E-2,7.471935241E-4,1.605657628E-3,9.997401834E-1,1.773956732E2,1.858932883E-1,-8.141855502E-2,1.773955371E2
2.154820211E2,2.272269548E-2,7.498047198E-4,1.601097523E-3,9.997402430E-1,1.773959468E2,1.853774785E-1,-8.173001654E-2,1.773958105E2
2.154870211E2,2.272254441E-2,7.483424270E-4,1.603923156E-3,9.997402430E-1,1.773959641E2,1.856973687E-1,-8.155516377E-2,1.773958279E2
2.154920211E2,2.273036151E-2,7.433711435E-4,1.606925623E-3,9.997400641E-1,1.773950681E2,1.860290249E-1,-8.097637151E-2,1.773949325E2
2.154970211E2,2.272231966E-2,7.495461032E-4,1.606542850E-3,9.997402430E-1,1.773959899E2,1.860006029E-1,-8.168627940E-2,1.773958532E2
2.155020211E2,2.270912615E-2,7.575852796E-4,1.603861689E-3,9.997405410E-1,1.773975021E2,1.857132885E-1,-8.261669469E-2,1.773973641E2
2.155070211E2,2.271971629E-2,7.500508218E-4,1.606034697E-3,9.997403026E-1,1.773962883E2,1.859434893E-1,-8.174590829E-2,1.773961515E2
2.155120211E2,2.272473281E-2,7.470786804E-4,1.610646024E-3,9.997401834E-1,1.773957133E2,1.864644424E-1,-8.139247245E-2,1.773955767E2
2.155170211E2,2.270894799E-2,7.579958183E-4,1.606188598E-3,9.997405410E-1,1.773975225E2,1.859809182E-1,-8.265770432E-2,1.773973843E2
2.155220211E2,2.270145468E-2,7.628888125E-4,1.598480274E-3,9.997407198E-1,1.773983814E2,1.851099463E-1,-8.323970250E-2,1.773982429E2
2.155270211E2,2.271168287E-2,7.559005753E-4,1.605606521E-3,9.997404814E-1,1.773972091E2,1.859090065E-1,-8.241867557E-2,1.773970712E2
2.155320211E2,2.271102781E-2,7.562200190E-4,1.614696230E-3,9.997404814E-1,1.773972841E2,1.869511213E-1,-8.243173626E-2,1.773971455E2
2.155370211E2,2.270861034E-2,7.588061271E-4,1.610573847E-3,9.997405410E-1,1.773975612E2,1.864853832E-1,-8.273918566E-2,1.773974225E2
2.155420211E2,2.271168326E-2,7.568681031E-4,1.605145168E-3,9.997404814E-1,1.773972090E2,1.858586712E-1,-8.253071806E-2,1.773970711E2
2.155470211E2,2.271370150E-2,7.544301334E-4,1.614829525E-3,9.997404218E-1,1.773969777E2,1.869619529E-1,-8.222583669E-2,1.773968394E2
2.155520211E2,2.270823561E-2,7.584196283E-4,1.616030233E-3,9.997405410E-1,1.773976042E2,1.871094421E-1,-8.268077828E-2,1.773974650E2
2.155570211E2,2.271648786E-2,7.526543923E-4,1.613364206E-3,9.997403622E-1,1.773966583E2,1.867896886E-1,-8.202569802E-2,1.773965205E2
2.155620211E2,2.273259648E-2,7.425880758E-4,1.612744061E-3,9.997400045E-1,1.773948119E2,1.866937386E-1,-8.087108834E-2,1.773946761E2
2.155670211E2,2.272670306E-2,7.454610895E-4,1.620562398E-3,9.997401237E-1,1.773954874E2,1.875964310E-1,-8.118096430E-2,1.773953504E2
2.155720211E2,2.271866880E-2,7.512700395E-4,1.620220020E-3,9.997403026E-1,1.773964083E2,1.875716803E-1,-8.184884733E-2,1.773962702E2
2.155770211E2,2.272113119E-2,7.495948812E-4,1.623242162E-3,9.997402430E-1,1.773961261E2,1.879137430E-1,-8.164860709E-2,1.773959880E2
2.155820211E2,2.273159480E-2,7.420516922E-4,1.627046498E-3,9.997400045E-1,1.773949267E2,1.883307786E-1,-8.077256862E-2,1.773947898E2
2.155870211E2,2.272622360E-2,7.459998014E-4,1.627025544E-3,9.997401237E-1,1.773955424E2,1.883382274E-1,-8.122593764E-2,1.773954047E2
2.155920211E2,2.271020637E-2,7.564161788E-4,1.626117388E-3,9.997404814E-1,1.773973783E2,1.882599976E-1,-8.242463827E-2,1.773972387E2
2.155970211E2,2.271575977E-2,7.535628974E-4,1.623161836E-3,9.997403622E-1,1.773967418E2,1.879144324E-1,-8.210440913E-2,1.773966029E2
2.156020211E2,2.271827299E-2,7.512704469E-4,1.625760458E-3,9.997403026E-1,1.773964537E2,1.882063739E-1,-8.183454394E-2,1.773963151E2
2.156070211E2,2.271294222E-2,7.558777579E-4,1.624801429E-3,9.997404218E-1,1.773970647E2,1.881080624E-1,-8.236586584E-2,1.773969253E2
2.156120211E2,2.271847757E-2,7.510167779E-4,1.623016433E-3,9.997403026E-1,1.773964302E2,1.878913685E-1,-8.181258868E-2,1.773962919E2
2.156170211E2,2.271809694E-2,7.513171877E-4,1.628197031E-3,9.997403026E-1,1.773964739E2,1.884856203E-1,-8.183358831E-2,1.773963351E2
2.156220211E2,2.270990818E-2,7.563453401E-4,1.630309504E-3,9.997404814E-1,1.773974125E2,1.887400468E-1,-8.240566900E-2,1.773972725E2
2.156270211E2,2.271513359E-2,7.539246581E-4,1.631734427E-3,9.997403622E-1,1.773968135E2,1.888974180E-1,-8.212365544E-2,1.773966739E2
2.156320211E2,2.272567550E-2,7.455541636E-4,1.634866581E-3,9.997401237E-1,1.773956052E2,1.892353087E-1,-8.115456729E-2,1.773954670E2
2.156370211E2,2.272870869E-2,7.441496127E-4,1.629781444E-3,9.997400641E-1,1.773952575E2,1.886493317E-1,-8.100633031E-2,1.773951200E2
2.156420211E2,2.272346973E-2,7.485630922E-4,1.627687132E-3,9.997401834E-1,1.773958580E2,1.884204724E-1,-8.151838892E-2,1.773957198E2
2.156470211E2,2.272112077E-2,7.495303289E-4,1.623417833E-3,9.997402430E-1,1.773961273E2,1.879336992E-1,-8.164075641E-2,1.773959892E2
2.156520211E2,2.271886355E-2,7.518444327E-4,1.617220114E-3,9.997403026E-1,1.773963860E2,1.872295160E-1,-8.192242470E-2,1.773962480E2
2.156570211E2,2.270543950E-2,7.599841920E-4,1.617708593E-3,9.997406006E-1,1.773979247E2,1.873055590E-1,-8.285617388E-2,1.773977851E2
2.156620211E2,2.271334455E-2,7.548275753E-4,1.619657269E-3,9.997404218E-1,1.773970186E2,1.875160352E-1,-8.225886900E-2,1.773968798E2
2.156670211E2,2.270805146E-2,7.579928497E-4,1.618815702E-3,9.997405410E-1,1.773976253E2,1.874274258E-1,-8.262467158E-2,1.773974860E2
2.156720211E2,2.269706795E-2,7.659563562E-4,1.621857635E-3,9.997407794E-1,1.773988842E2,1.877957243E-1,-8.353113305E-2,1.773987432E2
2.156770211E2,2.269651094E-2,7.657508249E-4,1.629730570E-3,9.997407794E-1,1.773989481E2,1.886970846E-1,-8.348721433E-2,1.773988064E2
2.156820211E2,2.270722186E-2,7.596331416E-4,1.629647566E-3,9.997405410E-1,1.773977204E2,1.886725487E-1,-8.278455536E-2,1.773975799E2
2.156870211E2,2.270458771E-2,7.610358298E-4,1.629129052E-3,9.997406006E-1,1.773980223E2,1.886165785E-1,-8.294709621E-2,1.773978816E2
2.156920211E2,2.269136395E-2,7.691647625E-4,1.626663958E-3,9.997408986E-1,1.773995380E2,1.883542151E-1,-8.388726741E-2,1.773993959E2
2.156970211E2,2.270464619E-2,7.614980568E-4,1.628097729E-3,9.997406006E-1,1.773980156E2,1.884996355E-1,-8.300272219E-2,1.773978749E2
2.157020211E2,2.270988715E-2,7.564255502E-4,1.630565152E-3,9.997404814E-1,1.773974149E2,1.887695414E-1,-8.241419667E-2,1.773972749E2
2.157070211E2,2.270489864E-2,7.603233098E-4,1.625123434E-3,9.997406006E-1,1.773979867E2,1.881558575E-1,-8.287583227E-2,1.773978464E2
2.157120211E2,2.271043055E-2,7.561778184E-4,1.623094548E-3,9.997404814E-1,1.773973526E2,1.879130923E-1,-8.240515619E-2,1.773972133E2
2.157170211E2,2.272608589E-2,7.461649948E-4,1.628872240E-3,9.997401237E-1,1.773955582E2,1.885502081E-1,-8.124007897E-2,1.773954203E2
2.157220211E2,2.271806590E-2,7.520453655E-4,1.628294005E-3,9.997403026E-1,1.773964774E2,1.884986233E-1,-8.191676309E-2,1.773963385E2
2.157270211E2,2.271027309E-2,7.578728255E-4,1.624506665E-3,9.997404814E-1,1.773973706E2,1.880792665E-1,-8.259569387E-2,1.773972309E2
2.157320211E2,2.271558441E-2,7.527771522E-4,1.625978155E-3,9.997403622E-1,1.773967619E2,1.882350162E-1,-8.200709434E-2,1.773966230E2
2.157370211E2,2.272351434E-2,7.470829878E-4,1.627744292E-3,9.997401834E-1,1.773958529E2,1.884231697E-1,-8.134866818E-2,1.773957150E2
2.157420211E2,2.270472508E-2,7.610261673E-4,1.627217978E-3,9.997406006E-1,1.773980066E2,1.883976278E-1,-8.295093579E-2,1.773978660E2
2.157470211E2,2.269154051E-2,7.694002707E-4,1.624087687E-3,9.997408986E-1,1.773995178E2,1.880596989E-1,-8.392091377E-2,1.773993759E2
2.157520211E2,2.270188894E-2,7.629217580E-4,1.629279228E-3,9.997406602E-1,1.773983316E2,1.886384660E-1,-8.316327019E-2,1.773981905E2
2.157570211E2,2.269904873E-2,7.645084406E-4,1.631532097E-3,9.997407198E-1,1.773986572E2,1.889004514E-1,-8.333971917E-2,1.773985156E2
2.157620211E2,2.267751604E-2,7.795946440E-4,1.631641644E-3,9.997411966E-1,1.774011253E2,1.889504166E-1,-8.507180804E-2,1.774009808E2
2.157670211E2,2.269660064E-2,7.657716051E-4,1.628471073E-3,9.997407794E-1,1.773989378E2,1.885528552E-1,-8.349285394E-2,1.773987962E2
2.157720211E2,2.270168957E-2,7.618636009E-4,1.632548985E-3,9.997406602E-1,1.773983545E2,1.890102871E-1,-8.303357683E-2,1.773982133E2
2.157770211E2,2.268003239E-2,7.775448612E-4,1.634163200E-3,9.997411370E-1,1.774008369E2,1.892341779E-1,-8.482995159E-2,1.774006925E2
2.157820211E2,2.267770866E-2,7.795391721E-4,1.628988888E-3,9.997411966E-1,1.774011032E2,1.886463829E-1,-8.507231071E-2,1.774009589E2
2.157870211E2,2.269918241E-2,7.640601252E-4,1.629881444E-3,9.997407198E-1,1.773986419E2,1.887101937E-1,-8.329262786E-2,1.773985005E2
2.157920211E2,2.269915893E-2,7.645403966E-4,1.629983191E-3,9.997407198E-1,1.773986446E2,1.887230976E-1,-8.334738842E-2,1.773985031E2
2.157970211E2,2.269131679E-2,7.698443951E-4,1.627000282E-3,9.997408986E-1,1.773995434E2,1.883945087E-1,-8.396426175E-2,1.773994012E2
2.158020211E2,2.270256961E-2,7.618151722E-4,1.620287774E-3,9.997406602E-1,1.773982536E2,1.876055621E-1,-8.305976196E-2,1.773981135E2
2.158070211E2,2.271013066E-2,7.577465149E-4,1.626555342E-3,9.997404814E-1,1.773973870E2,1.883136270E-1,-8.257591853E-2,1.773972471E2
2.158120211E2,2.269668159E-2,7.655313239E-4,1.627455582E-3,9.997407794E-1,1.773989285E2,1.884359000E-1,-8.346795288E-2,1.773987871E2
2.158170211E2,2.269961323E-2,7.643206045E-4,1.623747754E-3,9.997407198E-1,1.773985925E2,1.880082177E-1,-8.333834329E-2,1.773984516E2
2.158220211E2,2.270750073E-2,7.580398233E-4,1.626500743E-3,9.997405410E-1,1.773976884E2,1.883079181E-1,-8.261015796E-2,1.773975485E2
2.158270211E2,2.270416490E-2,7.609518361E-4,1.635050052E-3,9.997406006E-1,1.773980708E2,1.892946480E-1,-8.292214795E-2,1.773979296E2
2.158320211E2,2.268800675E-2,7.719183341E-4,1.635530964E-3,9.997409582E-1,1.773999228E2,1.893769181E-1,-8.418030018E-2,1.773997795E2
2.158370211E2,2.269080980E-2,7.693827501E-4,1.634273212E-3,9.997408986E-1,1.773996016E2,1.892264692E-1,-8.389255840E-2,1.773994588E2
2.158420211E2,2.270676769E-2,7.598138764E-4,1.635879627E-3,9.997405410E-1,1.773977724E2,1.893869405E-1,-8.278912964E-2,1.773976314E2
2.158470211E2,2.269059611E-2,7.699297857E-4,1.636980334E-3,9.997408986E-1,1.773996260E2,1.895380080E-1,-8.394822897E-2,1.773994829E2
2.158520211E2,2.267689110E-2,7.793249097E-4,1.640432514E-3,9.997411966E-1,1.774011969E2,1.899567650E-1,-8.501817977E-2,1.774010517E2
2.158570211E2,2.268834734E-2,7.712204242E-4,1.631129533E-3,9.997409582E-1,1.773998838E2,1.888708939E-1,-8.411172566E-2,1.773997409E2
2.158620211E2,2.269126487E-2,7.705094176E-4,1.627409598E-3,9.997408986E-1,1.773995494E2,1.884431260E-1,-8.403939342E-2,1.773994070E2
2.158670211E2,2.268880089E-2,7.721984293E-4,1.624344033E-3,9.997409582E-1,1.773998318E2,1.880961128E-1,-8.424132505E-2,1.773996893E2
2.158720211E2,2.269697646E-2,7.662294083E-4,1.623008633E-3,9.997407794E-1,1.773988947E2,1.879282879E-1,-8.355943783E-2,1.773987535E2
2.158770211E2,2.270227813E-2,7.634185022E-4,1.623613760E-3,9.997406602E-1,1.773982870E2,1.879907420E-1,-8.323484418E-2,1.773981463E2
2.158820211E2,2.269161777E-2,7.695479435E-4,1.622937736E-3,9.997408986E-1,1.773995089E2,1.879283484E-1,-8.394080727E-2,1.773993671E2
2.158870211E2,2.269164505E-2,7.698098780E-4,1.622432028E-3,9.997408986E-1,1.773995058E2,1.878710968E-1,-8.397212491E-2,1.773993639E2
2.158920211E2,2.270730032E-2,7.595259813E-4,1.628604019E-3,9.997405410E-1,1.773977114E2,1.885527253E-1,-8.277497960E-2,1.773975710E2
2.158970211E2,2.270183690E-2,7.618450327E-4,1.630507642E-3,9.997406602E-1,1.773983376E2,1.887763902E-1,-8.303673249E-2,1.773981966E2
2.159020211E2,2.270215829E-2,7.630584296E-4,1.625457662E-3,9.997406602E-1,1.773983008E2,1.882010368E-1,-8.318881899E-2,1.773981600E2
2.159070211E2,2.270718958E-2,7.582363323E-4,1.630747458E-3,9.997405410E-1,1.773977241E2,1.887949170E-1,-8.262167822E-2,1.773975837E2
2.159120211E2,2.270942715E-2,7.578066434E-4,1.636320376E-3,9.997404814E-1,1.773974676E2,1.894324295E-1,-8.255752644E-2,1.773973269E2
2.159170211E2,2.269342935E-2,7.690810016E-4,1.634504646E-3,9.997408390E-1,1.773993013E2,1.892524178E-1,-8.385689182E-2,1.773991586E2
2.159220211E2,2.268825266E-2,7.721465663E-4,1.632008119E-3,9.997409582E-1,1.773998947E2,1.889739471E-1,-8.421555982E-2,1.773997515E2
2.159270211E2,2.269900339E-2,7.644734578E-4,1.632179134E-3,9.997407198E-1,1.773986624E2,1.889744826E-1,-8.333403693E-2,1.773985207E2
2.159320211E2,2.269685594E-2,7.667632308E-4,1.624441356E-3,9.997407794E-1,1.773989085E2,1.880938026E-1,-8.361688967E-2,1.773987671E2
2.159370211E2,2.269125323E-2,7.707642508E-4,1.627451275E-3,9.997408986E-1,1.773995507E2,1.884485623E-1,-8.406848142E-2,1.773994083E2
2.159420211E2,2.270172073E-2,7.633614005E-4,1.631415565E-3,9.997406602E-1,1.773983509E2,1.888843396E-1,-8.320811037E-2,1.773982096E2
2.159470211E2,2.269892184E-2,7.653141511E-4,1.632919069E-3,9.997407198E-1,1.773986717E2,1.890614316E-1,-8.342843900E-2,1.773985299E2
2.159520211E2,2.267757660E-2,7.802629843E-4,1.630480052E-3,9.997411966E-1,1.774011184E2,1.888190841E-1,-8.515138173E-2,1.774009738E2
2.159570211E2,2.268558885E-2,7.744510076E-4,1.631433610E-3,9.997410178E-1,1.774002000E2,1.889138971E-1,-8.448155817E-2,1.774000565E2
2.159620211E2,2.270174941E-2,7.633248460E-4,1.631033607E-3,9.997406602E-1,1.773983476E2,1.888404888E-1,-8.320491090E-2,1.773982063E2
2.159670211E2,2.269394359E-2,7.689948543E-4,1.627389807E-3,9.997408390E-1,1.773992424E2,1.884371446E-1,-8.386542870E-2,1.773991002E2
2.159720211E2,2.268887222E-2,7.719756104E-4,1.623453340E-3,9.997409582E-1,1.773998236E2,1.879934995E-1,-8.421810096E-2,1.773996813E2
2.159770211E2,2.269952020E-2,7.653066423E-4,1.624583500E-3,9.997407198E-1,1.773986032E2,1.881065202E-1,-8.344914910E-2,1.773984620E2
2.159820211E2,2.269904490E-2,7.653630455E-4,1.631184597E-3,9.997407198E-1,1.773986576E2,1.888628640E-1,-8.343852899E-2,1.773985159E2
2.159870211E2,2.268880503E-2,7.722154842E-4,1.624278142E-3,9.997409582E-1,1.773998313E2,1.880886089E-1,-8.424344943E-2,1.773996889E2
2.159920211E2,2.268671618E-2,7.738106069E-4,1.615988091E-3,9.997410178E-1,1.774000708E2,1.871428530E-1,-8.444813568E-2,1.773999287E2
2.159970211E2,2.269700418E-2,7.660206174E-4,1.622719574E-3,9.997407794E-1,1.773988915E2,1.878946319E-1,-8.353626499E-2,1.773987504E2
2.160020211E2,2.269129912E-2,7.693532389E-4,1.627479098E-3,9.997408986E-1,1.773995455E2,1.884480841E-1,-8.390675218E-2,1.773994033E2
2.160070211E2,2.268350585E-2,7.753706304E-4,1.623414806E-3,9.997410774E-1,1.774004387E2,1.879974592E-1,-8.460815032E-2,1.774002957E2
2.160120211E2,2.269709502E-2,7.656683447E-4,1.621614792E-3,9.997407794E-1,1.773988811E2,1.877671568E-1,-8.349876446E-2,1.773987401E2
2.160170211E2,2.270753408E-2,7.595731295E-4,1.625319361E-3,9.997405410E-1,1.773976846E2,1.881765695E-1,-8.278888435E-2,1.773975445E2
2.160220211E2,2.268851835E-2,7.712784573E-4,1.628721715E-3,9.997409582E-1,1.773998642E2,1.885952140E-1,-8.412460220E-2,1.773997215E2
2.160270211E2,2.269447369E-2,7.688953192E-4,1.620027935E-3,9.997408390E-1,1.773991816E2,1.875935373E-1,-8.387307217E-2,1.773990401E2
2.160320211E2,2.271586885E-2,7.533688331E-4,1.621724805E-3,9.997403622E-1,1.773967293E2,1.877493067E-1,-8.208589712E-2,1.773965906E2
2.160370211E2,2.271038900E-2,7.567082066E-4,1.623428776E-3,9.997404814E-1,1.773973574E2,1.879527593E-1,-8.246505642E-2,1.773972179E2
2.160420211E2,2.270518638E-2,7.613376365E-4,1.620622235E-3,9.997406006E-1,1.773979537E2,1.876428535E-1,-8.300369327E-2,1.773978136E2
2.160470211E2,2.270790620E-2,7.591387839E-4,1.620315597E-3,9.997405410E-1,1.773976419E2,1.876022275E-1,-8.275207605E-2,1.773975023E2
2.160520211E2,2.271323336E-2,7.554707117E-4,1.620916184E-3,9.997404218E-1,1.773970313E2,1.876619244E-1,-8.232929195E-2,1.773968923E2
2.160570211E2,2.270248895E-2,7.624915452E-4,1.621099538E-3,9.997406602E-1,1.773982629E2,1.877003128E-1,-8.313515174E-2,1.773981225E2
2.160620211E2,2.270039727E-2,7.633037167E-4,1.613231143E-3,9.997407198E-1,1.773985026E2,1.868008307E-1,-8.324905734E-2,1.773983628E2
2.160670211E2,2.271884964E-2,7.515090401E-4,1.617571339E-3,9.997403026E-1,1.773963876E2,1.872688786E-1,-8.188308969E-2,1.773962496E2
2.160720211E2,2.271572774E-2,7.538365317E-4,1.623483025E-3,9.997403622E-1,1.773967454E2,1.879519384E-1,-8.213492709E-2,1.773966065E2
2.160770211E2,2.271094956E-2,7.563834079E-4,1.615719986E-3,9.997404814E-1,1.773972931E2,1.870688239E-1,-8.244780458E-2,1.773971544E2
2.160820211E2,2.271923266E-2,7.515486213E-4,1.612164313E-3,9.997403026E-1,1.773963437E2,1.866495722E-1,-8.190163003E-2,1.773962062E2
2.160870211E2,2.272425662E-2,7.469988777E-4,1.617387403E-3,9.997401834E-1,1.773957678E2,1.872365030E-1,-8.136586337E-2,1.773956308E2
2.160920211E2,2.271586253E-2,7.531265728E-4,1.621925854E-3,9.997403622E-1,1.773967300E2,1.877717081E-1,-8.205762115E-2,1.773965914E2
2.160970211E2,2.271615453E-2,7.530995063E-4,1.617843634E-3,9.997403622E-1,1.773966965E2,1.873039934E-1,-8.206509244E-2,1.773965582E2
2.161020211E2,2.272960275E-2,7.435373263E-4,1.617546310E-3,9.997400641E-1,1.773951551E2,1.872461254E-1,-8.096788656E-2,1.773950186E2
2.161070211E2,2.273425593E-2,7.403265918E-4,1.627275487E-3,9.997399449E-1,1.773946217E2,1.883527322E-1,-8.057384011E-2,1.773944851E2
2.161120211E2,2.272335809E-2,7.483734516E-4,1.629331964E-3,9.997401834E-1,1.773958708E2,1.886084050E-1,-8.149240117E-2,1.773957325E2
2.161170211E2,2.273156436E-2,7.424025680E-4,1.627311693E-3,9.997400045E-1,1.773949302E2,1.883620715E-1,-8.081208050E-2,1.773947932E2
2.161220211E2,2.273443096E-2,7.397385780E-4,1.625096193E-3,9.997399449E-1,1.773946016E2,1.881015495E-1,-8.051212096E-2,1.773944653E2
2.161270211E2,2.272894585E-2,7.449014811E-4,1.626126468E-3,9.997400641E-1,1.773952304E2,1.882325875E-1,-8.110194103E-2,1.773950930E2
2.161320211E2,2.273138963E-2,7.431711419E-4,1.629400416E-3,9.997400045E-1,1.773949502E2,1.886033484E-1,-8.089472159E-2,1.773948129E2
2.161370211E2,2.273955877E-2,7.359003648E-4,1.628427417E-3,9.997398257E-1,1.773940139E2,1.884735916E-1,-8.006276272E-2,1.773938780E2
2.161420211E2,2.272649501E-2,7.452178397E-4,1.623589080E-3,9.997401237E-1,1.773955113E2,1.879425239E-1,-8.114525349E-2,1.773953740E2
2.161470211E2,2.272107532E-2,7.490818389E-4,1.624260680E-3,9.997402430E-1,1.773961325E2,1.880290860E-1,-8.158719051E-2,1.773959944E2
2.161520211E2,2.273961916E-2,7.369031664E-4,1.627130085E-3,9.997398257E-1,1.773940070E2,1.883275848E-1,-8.018101482E-2,1.773938710E2
2.161570211E2,2.274213244E-2,7.356156129E-4,1.629207865E-3,9.997397661E-1,1.773937189E2,1.885624654E-1,-8.002762184E-2,1.773935830E2
2.161620211E2,2.273153720E-2,7.432021084E-4,1.627326244E-3,9.997400045E-1,1.773949333E2,1.883658194E-1,-8.090364451E-2,1.773947962E2
2.161670211E2,2.274229388E-2,7.346560596E-4,1.627386315E-3,9.997397661E-1,1.773937004E2,1.883512965E-1,-7.992241061E-2,1.773935649E2
2.161720211E2,2.274446198E-2,7.325691404E-4,1.634627348E-3,9.997397065E-1,1.773934519E2,1.891755781E-1,-7.966404746E-2,1.773933162E2
2.161770211E2,2.273126865E-2,7.430154947E-4,1.631158171E-3,9.997400045E-1,1.773949641E2,1.888043054E-1,-8.087233431E-2,1.773948267E2
2.161820211E2,2.272073169E-2,7.488214760E-4,1.629180158E-3,9.997402430E-1,1.773961719E2,1.885919664E-1,-8.154461842E-2,1.773960335E2
2.161870211E2,2.273673320E-2,7.378177252E-4,1.630419749E-3,9.997398853E-1,1.773943378E2,1.887066076E-1,-8.027776049E-2,1.773942014E2
2.161920211E2,2.273371786E-2,7.415630971E-4,1.634214888E-3,9.997399449E-1,1.773946834E2,1.891509035E-1,-8.069751902E-2,1.773945460E2
2.161970211E2,2.271768070E-2,7.524008979E-4,1.633495674E-3,9.997403026E-1,1.773965216E2,1.890954322E-1,-8.194402416E-2,1.773963821E2
2.162020211E2,2.272829733E-2,7.449876284E-4,1.635126653E-3,9.997400641E-1,1.773953047E2,1.892638402E-1,-8.108849034E-2,1.773951666E2
2.162070211E2,2.273347255E-2,7.402030169E-4,1.638239017E-3,9.997399449E-1,1.773947115E2,1.896083529E-1,-8.053126850E-2,1.773945740E2
2.162120211E2,2.271761809E-2,7.511798758E-4,1.634927816E-3,9.997403026E-1,1.773965288E2,1.892563173E-1,-8.180042502E-2,1.773963894E2
2.162170211E2,2.270727072E-2,7.590859313E-4,1.629221719E-3,9.997405410E-1,1.773977148E2,1.886223427E-1,-8.272296485E-2,1.773975744E2
2.162220211E2,2.272795543E-2,7.452658610E-4,1.639745664E-3,9.997400641E-1,1.773953439E2,1.897937012E-1,-8.110839934E-2,1.773952053E2
2.162270211E2,2.272212765E-2,7.486608229E-4,1.646271674E-3,9.997401834E-1,1.773960119E2,1.905497037E-1,-8.148144564E-2,1.773958721E2
2.162320211E2,2.269865247E-2,7.643628633E-4,1.637103735E-3,9.997407198E-1,1.773987026E2,1.895383391E-1,-8.330862337E-2,1.773985606E2
2.162370211E2,2.270418483E-2,7.606077706E-4,1.634933404E-3,9.997406006E-1,1.773980685E2,1.892803909E-1,-8.288303089E-2,1.773979274E2
2.162420211E2,2.271689012E-2,7.527588750E-4,1.644289820E-3,9.997403026E-1,1.773966122E2,1.903329007E-1,-8.195708373E-2,1.773964718E2
2.162470211E2,2.270069277E-2,7.632988272E-4,1.645686571E-3,9.997406602E-1,1.773984688E2,1.905190100E-1,-8.316401071E-2,1.773983262E2
2.162520211E2,2.268799804E-2,7.722247392E-4,1.635507098E-3,9.997409582E-1,1.773999238E2,1.893749800E-1,-8.421546624E-2,1.773997804E2
2.162570211E2,2.270176027E-2,7.621334516E-4,1.631439547E-3,9.997406602E-1,1.773983464E2,1.888838953E-1,-8.306736436E-2,1.773982053E2
2.162620211E2,2.270969777E-2,7.578890072E-4,1.632522093E-3,9.997404814E-1,1.773974366E2,1.889975265E-1,-8.257679589E-2,1.773972962E2
2.162670211E2,2.269091854E-2,7.709601196E-4,1.632018480E-3,9.997408986E-1,1.773995891E2,1.889722732E-1,-8.407910734E-2,1.773994462E2
2.162720211E2,2.269100888E-2,7.698878762E-4,1.631268417E-3,9.997408986E-1,1.773995787E2,1.888835632E-1,-8.395820244E-2,1.773994361E2
2.162770211E2,2.271499650E-2,7.529552095E-4,1.634088694E-3,9.997403622E-1,1.773968292E2,1.891645930E-1,-8.200649114E-2,1.773966897E2
2.162820211E2,2.270938212E-2,7.570942398E-4,1.637274749E-3,9.997404814E-1,1.773974728E2,1.895399067E-1,-8.247343698E-2,1.773973321E2
2.162870211E2,2.269629572E-2,7.668696344E-4,1.632199856E-3,9.997407794E-1,1.773989727E2,1.889828638E-1,-8.360900541E-2,1.773988306E2
2.162920211E2,2.271005002E-2,7.570977323E-4,1.627982710E-3,9.997404814E-1,1.773973962E2,1.884754542E-1,-8.249789321E-2,1.773972563E2
2.162970211E2,2.270996676E-2,7.567057037E-4,1.629325910E-3,9.997404814E-1,1.773974058E2,1.886283069E-1,-8.244950168E-2,1.773972658E2
2.163020211E2,2.269147398E-2,7.691899664E-4,1.625116449E-3,9.997408986E-1,1.773995254E2,1.881770037E-1,-8.389415823E-2,1.773993835E2
2.163070211E2,2.268887083E-2,7.718518609E-4,1.623531571E-3,9.997409582E-1,1.773998238E2,1.880021399E-1,-8.420372083E-2,1.773996814E2
2.163120211E2,2.270474141E-2,7.610411267E-4,1.626983052E-3,9.997406006E-1,1.773980047E2,1.883707545E-1,-8.295325775E-2,1.773978641E2
2.163170211E2,2.270192348E-2,7.622695994E-4,1.629103092E-3,9.997406602E-1,1.773983277E2,1.886165935E-1,-8.308900938E-2,1.773981867E2
2.163220211E2,2.268325958E-2,7.762680762E-4,1.626424142E-3,9.997410774E-1,1.774004670E2,1.883445280E-1,-8.470318712E-2,1.774003235E2
2.163270211E2,2.268623272E-2,7.728398778E-4,1.623223536E-3,9.997410178E-1,1.774001262E2,1.879691974E-1,-8.431820688E-2,1.773999837E2
2.163320211E2,2.269670356E-2,7.654296351E-4,1.627196907E-3,9.997407794E-1,1.773989260E2,1.884060029E-1,-8.345697189E-2,1.773987846E2
2.163370211E2,2.268583142E-2,7.738534478E-4,1.628341153E-3,9.997410178E-1,1.774001722E2,1.885580850E-1,-8.442109434E-2,1.774000290E2
2.163420211E2,2.267819457E-2,7.800400490E-4,1.621969393E-3,9.997411966E-1,1.774010475E2,1.878435564E-1,-8.514784327E-2,1.774009037E2
2.163470211E2,2.268628806E-2,7.734410465E-4,1.622163458E-3,9.997410178E-1,1.774001198E2,1.878493202E-1,-8.438982352E-2,1.773999773E2
2.163520211E2,2.268578061E-2,7.739845314E-4,1.628986560E-3,9.997410178E-1,1.774001780E2,1.886323608E-1,-8.443444322E-2,1.774000348E2
2.163570211E2,2.267278889E-2,7.833921118E-4,1.622448675E-3,9.997413158E-1,1.774016671E2,1.879067141E-1,-8.553163258E-2,1.774015227E2
2.163620211E2,2.268365736E-2,7.756043924E-4,1.621184638E-3,9.997410774E-1,1.774004214E2,1.877425865E-1,-8.464069938E-2,1.774002785E2
2.163670211E2,2.270249894E-2,7.622239646E-4,1.621085452E-3,9.997406602E-1,1.773982617E2,1.876980036E-1,-8.310453197E-2,1.773981214E2
2.163720211E2,2.268656186E-2,7.733445382E-4,1.618375885E-3,9.997410178E-1,1.774000885E2,1.874151794E-1,-8.438856296E-2,1.773999463E2
2.163770211E2,2.268136313E-2,7.772254176E-4,1.615741872E-3,9.997411370E-1,1.774006843E2,1.871230703E-1,-8.484098508E-2,1.774005416E2
2.163820211E2,2.269492927E-2,7.686762256E-4,1.613737550E-3,9.997408390E-1,1.773991294E2,1.868723647E-1,-8.386424689E-2,1.773989885E2
2.163870211E2,2.269231510E-2,7.705207681E-4,1.612693770E-3,9.997408986E-1,1.773994290E2,1.867573648E-1,-8.407876421E-2,1.773992878E2
2.163920211E2,2.268401139E-2,7.759571308E-4,1.616053982E-3,9.997410774E-1,1.774003808E2,1.871557537E-1,-8.469438066E-2,1.774002383E2
2.163970211E2,2.269482709E-2,7.677479880E-4,1.615615329E-3,9.997408390E-1,1.773991411E2,1.870850644E-1,-8.375304162E-2,1.773990002E2
2.164020211E2,2.270838015E-2,7.592064212E-4,1.613627886E-3,9.997405410E-1,1.773975876E2,1.868362836E-1,-8.277713941E-2,1.773974485E2
2.164070211E2,2.270036826E-2,7.634011563E-4,1.613593195E-3,9.997407198E-1,1.773985060E2,1.868425592E-1,-8.325928379E-2,1.773983660E2
2.164120211E2,2.269740848E-2,7.652869099E-4,1.617401955E-3,9.997407794E-1,1.773988452E2,1.872835585E-1,-8.346596560E-2,1.773987046E2
2.164170211E2,2.270294319E-2,7.631041226E-4,1.614436158E-3,9.997406602E-1,1.773982108E2,1.869385726E-1,-8.322258067E-2,1.773980709E2
2.164220211E2,2.269538851E-2,7.683211006E-4,1.607435755E-3,9.997408390E-1,1.773990767E2,1.861495316E-1,-8.383986724E-2,1.773989364E2
2.164270211E2,2.269563080E-2,7.679176051E-4,1.604204415E-3,9.997408390E-1,1.773990490E2,1.857783127E-1,-8.380200121E-2,1.773989090E2
2.164320211E2,2.270319030E-2,7.619173266E-4,1.611519139E-3,9.997406602E-1,1.773981825E2,1.866013248E-1,-8.309416218E-2,1.773980430E2
2.164370211E2,2.270564254E-2,7.608759915E-4,1.614436391E-3,9.997406006E-1,1.773979014E2,1.869330257E-1,-8.296681642E-2,1.773977619E2
2.164420211E2,2.270012912E-2,7.647907478E-4,1.616297173E-3,9.997407198E-1,1.773985334E2,1.871559285E-1,-8.341148863E-2,1.773983930E2
2.164470211E2,2.269765761E-2,7.665458252E-4,1.613304485E-3,9.997407794E-1,1.773988166E2,1.868174387E-1,-8.362080061E-2,1.773986762E2
2.164520211E2,2.271087249E-2,7.571717142E-4,1.616433961E-3,9.997404814E-1,1.773973019E2,1.871526640E-1,-8.253627065E-2,1.773971630E2
2.164570211E2,2.270044564E-2,7.638674579E-4,1.612283406E-3,9.997407198E-1,1.773984971E2,1.866937265E-1,-8.331609703E-2,1.773983572E2
2.164620211E2,2.268413430E-2,7.755293627E-4,1.614533365E-3,9.997410774E-1,1.774003667E2,1.869804466E-1,-8.464930464E-2,1.774002244E2
2.164670211E2,2.269243411E-2,7.687883917E-4,1.611845684E-3,9.997408986E-1,1.773994154E2,1.866557107E-1,-8.388248306E-2,1.773992746E2
2.164720211E2,2.270307553E-2,7.627241430E-4,1.612753840E-3,9.997406602E-1,1.773981956E2,1.867448648E-1,-8.318340166E-2,1.773980559E2
2.164770211E2,2.268716218E-2,7.724481402E-4,1.610368723E-3,9.997410178E-1,1.774000196E2,1.864955803E-1,-8.430657518E-2,1.773998783E2
2.164820211E2,2.268154679E-2,7.774600526E-4,1.613048487E-3,9.997411370E-1,1.774006633E2,1.868151354E-1,-8.487483176E-2,1.774005207E2
2.164870211E2,2.269446847E-2,7.674511289E-4,1.620785682E-3,9.997408390E-1,1.773991822E2,1.876765897E-1,-8.370565324E-2,1.773990409E2
2.164920211E2,2.268637161E-2,7.737356354E-4,1.620854018E-3,9.997410178E-1,1.774001103E2,1.877000808E-1,-8.442696080E-2,1.773999678E2
2.164970211E2,2.267099070E-2,7.847647648E-4,1.610138454E-3,9.997413754E-1,1.774018732E2,1.864998390E-1,-8.572120701E-2,1.774017296E2
2.165020211E2,2.267863917E-2,7.796020946E-4,1.615952351E-3,9.997411966E-1,1.774009966E2,1.871531296E-1,-8.511322468E-2,1.774008534E2
2.165070211E2,2.268361906E-2,7.763386820E-4,1.621369040E-3,9.997410774E-1,1.774004258E2,1.877656177E-1,-8.472434887E-2,1.774002827E2
2.165120211E2,2.266510324E-2,7.876803284E-4,1.617565635E-3,9.997414947E-1,1.774025481E2,1.873577833E-1,-8.603702688E-2,1.774024032E2
2.165170211E2,2.266279298E-2,7.906686515E-4,1.611627289E-3,9.997415543E-1,1.774028129E2,1.866850353E-1,-8.639523067E-2,1.774026679E2
2.165220211E2,2.267600890E-2,7.806424983E-4,1.615486108E-3,9.997412562E-1,1.774012980E2,1.871021956E-1,-8.523411936E-2,1.774011547E2
2.165270211E2,2.267828409E-2,7.784987101E-4,1.621458097E-3,9.997411966E-1,1.774010373E2,1.877809826E-1,-8.497257645E-2,1.774008938E2
2.165320211E2,2.266268148E-2,7.900532219E-4,1.613495988E-3,9.997415543E-1,1.774028256E2,1.868975098E-1,-8.631989344E-2,1.774026807E2
2.165370211E2,2.266021617E-2,7.909448468E-4,1.610750216E-3,9.997416139E-1,1.774031082E2,1.865850504E-1,-8.642963094E-2,1.774029633E2
2.165420211E2,2.266537648E-2,7.876856253E-4,1.613729866E-3,9.997414947E-1,1.774025167E2,1.869183858E-1,-8.604754556E-2,1.774023722E2
2.165470211E2,2.266009909E-2,7.914969465E-4,1.612125430E-3,9.997416139E-1,1.774031216E2,1.867440219E-1,-8.648933127E-2,1.774029765E2
2.165520211E2,2.265514748E-2,7.958738133E-4,1.605623635E-3,9.997417331E-1,1.774036892E2,1.860100969E-1,-8.700855912E-2,1.774035438E2
2.165570211E2,2.265805051E-2,7.936183829E-4,1.602886477E-3,9.997416735E-1,1.774033565E2,1.856909173E-1,-8.675673955E-2,1.774032117E2
2.165620211E2,2.266030574E-2,7.918360643E-4,1.609051367E-3,9.997416139E-1,1.774030980E2,1.863927486E-1,-8.653612551E-2,1.774029530E2
2.165670211E2,2.264949137E-2,7.999369409E-4,1.609171974E-3,9.997418523E-1,1.774043375E2,1.864266583E-1,-8.746588162E-2,1.774041910E2
2.165720211E2,2.265752993E-2,7.940314244E-4,1.610024832E-3,9.997416735E-1,1.774034161E2,1.865097317E-1,-8.678562030E-2,1.774032707E2
2.165770211E2,2.266779623E-2,7.865673979E-4,1.617209986E-3,9.997414351E-1,1.774022394E2,1.873143797E-1,-8.590994653E-2,1.774020948E2
2.165820211E2,2.266498735E-2,7.875344018E-4,1.619259594E-3,9.997414947E-1,1.774025613E2,1.875514582E-1,-8.601593112E-2,1.774024164E2
2.165870211E2,2.265205213E-2,7.964659017E-4,1.611877116E-3,9.997417927E-1,1.774040440E2,1.867277786E-1,-8.706073256E-2,1.774038979E2
2.165920211E2,2.266552242E-2,7.889277185E-4,1.611071173E-3,9.997414947E-1,1.774025000E2,1.866170388E-1,-8.619672071E-2,1.774023555E2
2.165970211E2,2.267302113E-2,7.824200438E-4,1.619669958E-3,9.997413158E-1,1.774016405E2,1.875858717E-1,-8.542744681E-2,1.774014965E2
2.166020211E2,2.266196061E-2,7.907971740E-4,1.623227145E-3,9.997415543E-1,1.774029083E2,1.880142042E-1,-8.637998485E-2,1.774027623E2
2.166070211E2,2.265448171E-2,7.954645553E-4,1.615191810E-3,9.997417331E-1,1.774037655E2,1.871051294E-1,-8.693695703E-2,1.774036194E2
2.166120211E2,2.267054543E-2,7.849124377E-4,1.616323949E-3,9.997413754E-1,1.774019243E2,1.872088094E-1,-8.572213784E-2,1.774017800E2
2.166170211E2,2.267559118E-2,7.810274255E-4,1.621153438E-3,9.997412562E-1,1.774013459E2,1.877524230E-1,-8.526356855E-2,1.774012020E2
2.166220211E2,2.266211078E-2,7.903497317E-4,1.621347503E-3,9.997415543E-1,1.774028911E2,1.877977188E-1,-8.633357823E-2,1.774027453E2
2.166270211E2,2.265680900E-2,7.936356706E-4,1.620332245E-3,9.997416735E-1,1.774034988E2,1.876894832E-1,-8.671365397E-2,1.774033525E2
2.166320211E2,2.266479534E-2,7.878870820E-4,1.621773699E-3,9.997414947E-1,1.774025834E2,1.878403797E-1,-8.604984090E-2,1.774024381E2
2.166370211E2,2.265940533E-2,7.922538789E-4,1.621477888E-3,9.997416139E-1,1.774032012E2,1.878173675E-1,-8.655189079E-2,1.774030551E2
2.166420211E2,2.264056192E-2,8.044259157E-4,1.621453674E-3,9.997420311E-1,1.774053610E2,1.878445468E-1,-8.794994722E-2,1.774052126E2
2.166470211E2,2.265160892E-2,7.974079926E-4,1.617629430E-3,9.997417927E-1,1.774040948E2,1.873891847E-1,-8.715381115E-2,1.774039481E2
2.166520211E2,2.266758954E-2,7.873758441E-4,1.619711751E-3,9.997414351E-1,1.774022631E2,1.876030703E-1,-8.599610372E-2,1.774021181E2
2.166570211E2,2.265649593E-2,7.935283356E-4,1.624756376E-3,9.997416735E-1,1.774035346E2,1.881960164E-1,-8.668992945E-2,1.774033880E2
2.166620211E2,2.264866933E-2,7.989216247E-4,1.621201634E-3,9.997418523E-1,1.774044317E2,1.878020978E-1,-8.731849526E-2,1.774042844E2
2.166670211E2,2.265663991E-2,7.944180979E-4,1.622312004E-3,9.997416735E-1,1.774035181E2,1.879183062E-1,-8.679818191E-2,1.774033716E2
2.166720211E2,2.265934228E-2,7.915573078E-4,1.622698735E-3,9.997416139E-1,1.774032084E2,1.879554162E-1,-8.646893185E-2,1.774030623E2
2.166770211E2,2.265148157E-2,7.978704525E-4,1.619184040E-3,9.997417927E-1,1.774041094E2,1.875684741E-1,-8.720277988E-2,1.774039624E2
2.166820211E2,2.264901996E-2,7.999046938E-4,1.615809393E-3,9.997418523E-1,1.774043915E2,1.871869321E-1,-8.744504757E-2,1.774042445E2
2.166870211E2,2.267049095E-2,7.838919410E-4,1.617582864E-3,9.997413754E-1,1.774019305E2,1.873503775E-1,-8.560196727E-2,1.774017864E2
2.166920211E2,2.267045565E-2,7.840304170E-4,1.618010458E-3,9.997413754E-1,1.774019346E2,1.873997204E-1,-8.561672708E-2,1.774017904E2
2.166970211E2,2.265958742E-2,7.921358338E-4,1.618989045E-3,9.997416139E-1,1.774031803E2,1.875319489E-1,-8.654479599E-2,1.774030344E2
2.167020211E2,2.267080482E-2,7.843515486E-4,1.612954540E-3,9.997413754E-1,1.774018945E2,1.868213669E-1,-8.566658654E-2,1.774017507E2
2.167070211E2,2.268961435E-2,7.707042969E-4,1.613655942E-3,9.997409582E-1,1.773997386E2,1.868678437E-1,-8.409779231E-2,1.773995973E2
2.167120211E2,2.268121792E-2,7.780268206E-4,1.617393689E-3,9.997411370E-1,1.774007010E2,1.873143772E-1,-8.492852911E-2,1.774005580E2
2.167170211E2,2.268141807E-2,7.777099381E-4,1.614737092E-3,9.997411370E-1,1.774006780E2,1.870092245E-1,-8.489909409E-2,1.774005353E2
2.167220211E2,2.269784572E-2,7.667653845E-4,1.610551262E-3,9.997407794E-1,1.773987951E2,1.865026102E-1,-8.365308007E-2,1.773986548E2
2.167270211E2,2.270041899E-2,7.634527865E-4,1.612854889E-3,9.997407198E-1,1.773985001E2,1.867581158E-1,-8.326710980E-2,1.773983603E2
2.167320211E2,2.269467672E-2,7.670511259E-4,1.618056791E-3,9.997408390E-1,1.773991583E2,1.873629387E-1,-8.366688623E-2,1.773990174E2
2.167370211E2,2.269752186E-2,7.666949532E-4,1.615142450E-3,9.997407794E-1,1.773988322E2,1.870283767E-1,-8.363312966E-2,1.773986915E2
2.167420211E2,2.270320515E-2,7.627287996E-4,1.610926003E-3,9.997406602E-1,1.773981808E2,1.865354865E-1,-8.318866648E-2,1.773980412E2
2.167470211E2,2.270324931E-2,7.628420717E-4,1.610249747E-3,9.997406602E-1,1.773981757E2,1.864583114E-1,-8.320339435E-2,1.773980362E2
2.167520211E2,2.270608097E-2,7.593616028E-4,1.608973951E-3,9.997406006E-1,1.773978512E2,1.863033317E-1,-8.280745685E-2,1.773977124E2
2.167570211E2,2.271155324E-2,7.556496421E-4,1.607557060E-3,9.997404814E-1,1.773972239E2,1.861318007E-1,-8.238487564E-2,1.773970860E2
2.167620211E2,2.271457105E-2,7.550729206E-4,1.602248987E-3,9.997404218E-1,1.773968780E2,1.855224433E-1,-8.233206062E-2,1.773967406E2
2.167670211E2,2.270386356E-2,7.615173818E-4,1.602196135E-3,9.997406602E-1,1.773981053E2,1.855322756E-1,-8.307247480E-2,1.773979667E2
2.167720211E2,2.269830310E-2,7.651192136E-4,1.604878111E-3,9.997407794E-1,1.773987427E2,1.858484369E-1,-8.347916315E-2,1.773986032E2
2.167770211E2,2.271155009E-2,7.572308532E-4,1.606857404E-3,9.997404814E-1,1.773972243E2,1.860557621E-1,-8.256784373E-2,1.773970861E2
2.167820211E2,2.270625761E-2,7.610344910E-4,1.605687314E-3,9.997406006E-1,1.773978309E2,1.859311753E-1,-8.300762528E-2,1.773976921E2
2.167870211E2,2.269791544E-2,7.653364446E-4,1.610248350E-3,9.997407794E-1,1.773987871E2,1.864641964E-1,-8.349015291E-2,1.773986471E2
2.167920211E2,2.270298756E-2,7.627493469E-4,1.613979926E-3,9.997406602E-1,1.773982057E2,1.868853862E-1,-8.318311558E-2,1.773980659E2
2.167970211E2,2.270839814E-2,7.585228304E-4,1.613696222E-3,9.997405410E-1,1.773975856E2,1.868423346E-1,-8.269864478E-2,1.773974466E2
2.168020211E2,2.270562412E-2,7.606191793E-4,1.614816370E-3,9.997406006E-1,1.773979035E2,1.869758872E-1,-8.293641026E-2,1.773977640E2
2.168070211E2,2.269227369E-2,7.696858956E-4,1.613674918E-3,9.997408986E-1,1.773994338E2,1.868675927E-1,-8.398057589E-2,1.773992927E2
2.168120211E2,2.270074248E-2,7.638050010E-4,1.608128194E-3,9.997407198E-1,1.773984631E2,1.862175582E-1,-8.331969604E-2,1.773983235E2
2.168170211E2,2.270387250E-2,7.627634914E-4,1.601476572E-3,9.997406602E-1,1.773981043E2,1.854530841E-1,-8.321710199E-2,1.773979655E2
2.168220211E2,2.270098258E-2,7.636692608E-4,1.604799880E-3,9.997407198E-1,1.773984355E2,1.858359259E-1,-8.331275921E-2,1.773982963E2
2.168270211E2,2.270094682E-2,7.637909730E-4,1.605247729E-3,9.997407198E-1,1.773984396E2,1.858875462E-1,-8.332554437E-2,1.773983004E2
2.168320211E2,2.271200743E-2,7.564219995E-4,1.600762596E-3,9.997404814E-1,1.773971719E2,1.853554596E-1,-8.249095806E-2,1.773970343E2
2.168370211E2,2.271240359E-2,7.569762529E-4,1.594868954E-3,9.997404814E-1,1.773971264E2,1.846817463E-1,-8.256972083E-2,1.773969893E2
2.168420211E2,2.270665145E-2,7.608737214E-4,1.600184711E-3,9.997406006E-1,1.773977858E2,1.853003990E-1,-8.300345248E-2,1.773976475E2
2.168470211E2,2.270651433E-2,7.601433899E-4,1.602475881E-3,9.997406006E-1,1.773978015E2,1.855609686E-1,-8.291384784E-2,1.773976631E2
2.168520211E2,2.270432182E-2,7.610999746E-4,1.595888170E-3,9.997406602E-1,1.773980528E2,1.848085730E-1,-8.304098328E-2,1.773979148E2
2.168570211E2,2.270447465E-2,7.614227943E-4,1.593558234E-3,9.997406602E-1,1.773980353E2,1.845425030E-1,-8.308400009E-2,1.773978974E2
2.168620211E2,2.270154800E-2,7.633606438E-4,1.596929040E-3,9.997407198E-1,1.773983707E2,1.849334688E-1,-8.329777473E-2,1.773982322E2
2.168670211E2,2.270650159E-2,7.592058391E-4,1.603100798E-3,9.997406006E-1,1.773978029E2,1.856301196E-1,-8.280481651E-2,1.773976647E2
2.168720211E2,2.270947113E-2,7.573744515E-4,1.599069568E-3,9.997405410E-1,1.773974626E2,1.851637722E-1,-8.260494902E-2,1.773973250E2
2.168770211E2,2.270930934E-2,7.581599057E-4,1.600993914E-3,9.997405410E-1,1.773974811E2,1.853862605E-1,-8.268995410E-2,1.773973433E2
2.168820211E2,2.270606883E-2,7.598081720E-4,1.608934370E-3,9.997406006E-1,1.773978525E2,1.862999583E-1,-8.285872191E-2,1.773977137E2
2.168870211E2,2.270327712E-2,7.624521968E-4,1.610042411E-3,9.997406602E-1,1.773981725E2,1.864335465E-1,-8.315926379E-2,1.773980331E2
2.168920211E2,2.270874117E-2,7.591691101E-4,1.608556835E-3,9.997405410E-1,1.773975462E2,1.862552653E-1,-8.278599428E-2,1.773974076E2
2.168970211E2,2.270310802E-2,7.615865325E-4,1.612834050E-3,9.997406602E-1,1.773981919E2,1.867510964E-1,-8.305286009E-2,1.773980524E2
2.169020211E2,2.270566207E-2,7.601756370E-4,1.614491572E-3,9.997406006E-1,1.773978992E2,1.869375264E-1,-8.288643524E-2,1.773977598E2
2.169070211E2,2.270851755E-2,7.586234715E-4,1.611967571E-3,9.997405410E-1,1.773975719E2,1.866445683E-1,-8.271465064E-2,1.773974330E2
2.169120211E2,2.270848903E-2,7.581471582E-4,1.612593303E-3,9.997405410E-1,1.773975751E2,1.867150116E-1,-8.265846024E-2,1.773974363E2
2.169170211E2,2.271080759E-2,7.561300881E-4,1.617832691E-3,9.997404814E-1,1.773973094E2,1.873101891E-1,-8.241331181E-2,1.773971705E2
2.169220211E2,2.272121032E-2,7.493570447E-4,1.622244017E-3,9.997402430E-1,1.773961170E2,1.877987804E-1,-8.162394420E-2,1.773959791E2
2.169270211E2,2.271599038E-2,7.530678995E-4,1.620161464E-3,9.997403622E-1,1.773967153E2,1.875694333E-1,-8.205546848E-2,1.773965769E2
2.169320211E2,2.271566759E-2,7.536518387E-4,1.624410157E-3,9.997403622E-1,1.773967523E2,1.880576669E-1,-8.211136615E-2,1.773966134E2
2.169370211E2,2.272082611E-2,7.491697907E-4,1.627702499E-3,9.997402430E-1,1.773961610E2,1.884235971E-1,-8.158835164E-2,1.773960227E2
2.169420211E2,2.272383007E-2,7.477126783E-4,1.623040647E-3,9.997401834E-1,1.773958167E2,1.878859754E-1,-8.143299594E-2,1.773956791E2
2.169470211E2,2.272131704E-2,7.493614685E-4,1.620746567E-3,9.997402430E-1,1.773961048E2,1.876272494E-1,-8.162833003E-2,1.773959670E2
2.169520211E2,2.271574436E-2,7.539503276E-4,1.623197692E-3,9.997403622E-1,1.773967435E2,1.879195475E-1,-8.214870342E-2,1.773966046E2
2.169570211E2,2.271564389E-2,7.535187760E-4,1.624803292E-3,9.997403622E-1,1.773967550E2,1.881023569E-1,-8.209510331E-2,1.773966161E2
2.169620211E2,2.270750976E-2,7.593360497E-4,1.625769888E-3,9.997405410E-1,1.773976874E2,1.882275639E-1,-8.276055624E-2,1.773975473E2
2.169670211E2,2.270745639E-2,7.597749354E-4,1.626310172E-3,9.997405410E-1,1.773976935E2,1.882905978E-1,-8.280943993E-2,1.773975532E2
2.169720211E2,2.271482015E-2,7.542912499E-4,1.635922934E-3,9.997403622E-1,1.773968495E2,1.893781913E-1,-8.215480913E-2,1.773967095E2
2.169770211E2,2.271740091E-2,7.515360485E-4,1.637779409E-3,9.997403026E-1,1.773965536E2,1.895839117E-1,-8.183384620E-2,1.773964140E2
2.169820211E2,2.271491657E-2,7.544968394E-4,1.634488697E-3,9.997403622E-1,1.773968384E2,1.892144251E-1,-8.218207701E-2,1.773966985E2
2.169870211E2,2.271227762E-2,7.561298553E-4,1.633948646E-3,9.997404218E-1,1.773971409E2,1.891565895E-1,-8.237106345E-2,1.773970007E2
2.169920211E2,2.270950048E-2,7.574596093E-4,1.635463093E-3,9.997404814E-1,1.773974592E2,1.893333202E-1,-8.251998672E-2,1.773973186E2
2.169970211E2,2.271217775E-2,7.545699482E-4,1.636056579E-3,9.997404218E-1,1.773971523E2,1.893940102E-1,-8.218689002E-2,1.773970123E2
2.170020211E2,2.271225056E-2,7.555743214E-4,1.634581597E-3,9.997404218E-1,1.773971440E2,1.892276534E-1,-8.230577814E-2,1.773970039E2
2.170070211E2,2.270707330E-2,7.592943730E-4,1.631874009E-3,9.997405410E-1,1.773977374E2,1.889267211E-1,-8.273997982E-2,1.773975968E2
2.170120211E2,2.271504987E-2,7.544152322E-4,1.632672851E-3,9.997403622E-1,1.773968231E2,1.890061962E-1,-8.217742954E-2,1.773966834E2
2.170170211E2,2.271495591E-2,7.543104002E-4,1.634027925E-3,9.997403622E-1,1.773968339E2,1.891611559E-1,-8.216191018E-2,1.773966941E2
2.170220211E2,2.271565584E-2,7.538917707E-4,1.624463126E-3,9.997403622E-1,1.773967537E2,1.880643588E-1,-8.213871753E-2,1.773966147E2
2.170270211E2,2.271032829E-2,7.569519803E-4,1.624164288E-3,9.997404814E-1,1.773973643E2,1.880376507E-1,-8.249108079E-2,1.773972248E2
2.170320211E2,2.271285252E-2,7.558903308E-4,1.626048936E-3,9.997404218E-1,1.773970750E2,1.882510048E-1,-8.236407602E-2,1.773969355E2
2.170370211E2,2.270485692E-2,7.600145764E-4,1.625850564E-3,9.997406006E-1,1.773979915E2,1.882383523E-1,-8.283857910E-2,1.773978512E2
2.170420211E2,2.270243413E-2,7.620447432E-4,1.622077078E-3,9.997406602E-1,1.773982692E2,1.878111348E-1,-8.308143233E-2,1.773981288E2
2.170470211E2,2.270233073E-2,7.619986427E-4,1.623545308E-3,9.997406602E-1,1.773982810E2,1.879792100E-1,-8.307235059E-2,1.773981406E2
2.170520211E2,2.270174741E-2,7.630467298E-4,1.631191582E-3,9.997406602E-1,1.773983479E2,1.888578631E-1,-8.317263877E-2,1.773982066E2
2.170570211E2,2.269393212E-2,7.685312303E-4,1.627768739E-3,9.997408390E-1,1.773992437E2,1.884793491E-1,-8.381133172E-2,1.773991016E2
2.170620211E2,2.269163380E-2,7.691173814E-4,1.622917829E-3,9.997408986E-1,1.773995071E2,1.879249494E-1,-8.389153001E-2,1.773993653E2
2.170670211E2,2.269702983E-2,7.658570539E-4,1.622437965E-3,9.997407794E-1,1.773988886E2,1.878619468E-1,-8.351825449E-2,1.773987475E2
2.170720211E2,2.269960188E-2,7.645306760E-4,1.623807475E-3,9.997407198E-1,1.773985938E2,1.880156051E-1,-8.336225625E-2,1.773984528E2
2.170770211E2,2.268896088E-2,7.721424336E-4,1.622134354E-3,9.997409582E-1,1.773998135E2,1.878428347E-1,-8.424062537E-2,1.773996712E2
2.170820211E2,2.269425025E-2,7.685351302E-4,1.623325632E-3,9.997408390E-1,1.773992072E2,1.879703734E-1,-8.382327379E-2,1.773990655E2
2.170870211E2,2.269916029E-2,7.645852165E-4,1.629943261E-3,9.997407198E-1,1.773986444E2,1.887186398E-1,-8.335262669E-2,1.773985029E2
2.170920211E2,2.269649316E-2,7.670401828E-4,1.629371778E-3,9.997407794E-1,1.773989501E2,1.886593330E-1,-8.363586219E-2,1.773988082E2
2.170970211E2,2.269374909E-2,7.688323967E-4,1.630176557E-3,9.997408390E-1,1.773992646E2,1.887559622E-1,-8.383960652E-2,1.773991223E2
2.171020211E2,2.269368397E-2,7.684581215E-4,1.631259220E-3,9.997408390E-1,1.773992721E2,1.888790156E-1,-8.379392550E-2,1.773991298E2
2.171070211E2,2.269836324E-2,7.652944769E-4,1.640674775E-3,9.997407198E-1,1.773987358E2,1.899498450E-1,-8.340611669E-2,1.773985932E2
2.171120211E2,2.270424793E-2,7.612381014E-4,1.633763313E-3,9.997406006E-1,1.773980613E2,1.891479881E-1,-8.295827523E-2,1.773979201E2
2.171170211E2,2.270458129E-2,7.612857735E-4,1.629101695E-3,9.997406006E-1,1.773980230E2,1.886140942E-1,-8.297580262E-2,1.773978823E2
2.171220211E2,2.270662895E-2,7.596193464E-4,1.637894544E-3,9.997405410E-1,1.773977883E2,1.896172561E-1,-8.276162712E-2,1.773976472E2
2.171270211E2,2.271703395E-2,7.514135214E-4,1.642917516E-3,9.997403026E-1,1.773965957E2,1.901721956E-1,-8.180650269E-2,1.773964557E2
2.171320211E2,2.271736207E-2,7.514011813E-4,1.638379879E-3,9.997403026E-1,1.773965581E2,1.896523486E-1,-8.181683969E-2,1.773964185E2
2.171370211E2,2.270417556E-2,7.609075983E-4,1.634922577E-3,9.997406006E-1,1.773980696E2,1.892799300E-1,-8.291740963E-2,1.773979284E2
2.171420211E2,2.270644472E-2,7.600037497E-4,1.640268485E-3,9.997405410E-1,1.773978095E2,1.898902053E-1,-8.279952277E-2,1.773976680E2
2.171470211E2,2.271436124E-2,7.531174342E-4,1.642821124E-3,9.997403622E-1,1.773969021E2,1.901653698E-1,-8.200246543E-2,1.773967617E2
2.171520211E2,2.271178189E-2,7.563007530E-4,1.640746021E-3,9.997404218E-1,1.773971977E2,1.899357160E-1,-8.237304392E-2,1.773970569E2
2.171570211E2,2.270922952E-2,7.570976741E-4,1.639388502E-3,9.997404814E-1,1.773974903E2,1.897820594E-1,-8.246835845E-2,1.773973494E2
2.171620211E2,2.272275509E-2,7.474856102E-4,1.638125395E-3,9.997401834E-1,1.773959399E2,1.896134386E-1,-8.136790427E-2,1.773958011E2
2.171670211E2,2.271721114E-2,7.512668963E-4,1.640532748E-3,9.997403026E-1,1.773965754E2,1.898986240E-1,-8.179587972E-2,1.773964356E2
2.171720211E2,2.270691373E-2,7.588202134E-4,1.634313026E-3,9.997405410E-1,1.773977557E2,1.892048933E-1,-8.267934263E-2,1.773976150E2
2.171770211E2,2.271473332E-2,7.542687235E-4,1.637138426E-3,9.997403622E-1,1.773968594E2,1.895173750E-1,-8.214908091E-2,1.773967193E2
2.171820211E2,2.271746053E-2,7.526591653E-4,1.636436093E-3,9.997403026E-1,1.773965468E2,1.894329475E-1,-8.196599839E-2,1.773964071E2
2.171870211E2,2.270956222E-2,7.566646673E-4,1.634973800E-3,9.997404814E-1,1.773974521E2,1.892752017E-1,-8.243017835E-2,1.773973118E2
2.171920211E2,2.271488347E-2,7.529200520E-4,1.635675319E-3,9.997403622E-1,1.773968422E2,1.893462594E-1,-8.199835472E-2,1.773967025E2
2.171970211E2,2.272797728E-2,7.453794824E-4,1.639391179E-3,9.997400641E-1,1.773953414E2,1.897533884E-1,-8.112233515E-2,1.773952028E2
2.172020211E2,2.272826251E-2,7.442652714E-4,1.635939348E-3,9.997400641E-1,1.773953087E2,1.893550599E-1,-8.100362563E-2,1.773951706E2
2.172070211E2,2.272636248E-2,7.464340888E-4,1.624885015E-3,9.997401237E-1,1.773955265E2,1.880941462E-1,-8.128123901E-2,1.773953889E2
2.172120211E2,2.272346956E-2,7.480335771E-4,1.627932885E-3,9.997401834E-1,1.773958581E2,1.884472473E-1,-8.145708677E-2,1.773957199E2
2.172170211E2,2.272859053E-2,7.436234737E-4,1.631668420E-3,9.997400641E-1,1.773952711E2,1.888641276E-1,-8.094116225E-2,1.773951335E2
2.172220211E2,2.272586037E-2,7.462686044E-4,1.631968189E-3,9.997401237E-1,1.773955840E2,1.889051384E-1,-8.124392833E-2,1.773954459E2
2.172270211E2,2.272330602E-2,7.476368337E-4,1.630396000E-3,9.997401834E-1,1.773958768E2,1.887283807E-1,-8.140525189E-2,1.773957385E2
2.172320211E2,2.272591617E-2,7.461603382E-4,1.631240593E-3,9.997401237E-1,1.773955776E2,1.888215059E-1,-8.123340952E-2,1.773954396E2
2.172370211E2,2.273142282E-2,7.419020403E-4,1.629515667E-3,9.997400045E-1,1.773949464E2,1.886132482E-1,-8.074902452E-2,1.773948094E2
2.172420211E2,2.272904498E-2,7.442649221E-4,1.625032048E-3,9.997400641E-1,1.773952190E2,1.881055581E-1,-8.103184765E-2,1.773950818E2
2.172470211E2,2.272917939E-2,7.431478007E-4,1.623662771E-3,9.997400641E-1,1.773952036E2,1.879457915E-1,-8.090740946E-2,1.773950667E2
2.172520211E2,2.273706309E-2,7.380365278E-4,1.625713427E-3,9.997398853E-1,1.773942999E2,1.881680378E-1,-8.031502751E-2,1.773941639E2
2.172570211E2,2.272872906E-2,7.441721973E-4,1.629487029E-3,9.997400641E-1,1.773952552E2,1.886156634E-1,-8.100968064E-2,1.773951177E2
2.172620211E2,2.272056680E-2,7.505455869E-4,1.630685641E-3,9.997402430E-1,1.773961908E2,1.887689140E-1,-8.173824698E-2,1.773960519E2
2.172670211E2,2.271535227E-2,7.539294311E-4,1.628685044E-3,9.997403622E-1,1.773967885E2,1.885481042E-1,-8.213209887E-2,1.773966491E2
2.172720211E2,2.272051742E-2,7.491665892E-4,1.632007305E-3,9.997402430E-1,1.773961964E2,1.889167317E-1,-8.157683454E-2,1.773960577E2
2.172770211E2,2.273118907E-2,7.427620585E-4,1.632382162E-3,9.997400045E-1,1.773949732E2,1.889438617E-1,-8.084012681E-2,1.773948358E2
2.172820211E2,2.272862256E-2,7.437713793E-4,1.631154679E-3,9.997400641E-1,1.773952674E2,1.888056602E-1,-8.095943866E-2,1.773951298E2
2.172870211E2,2.272559644E-2,7.462545182E-4,1.635645865E-3,9.997401237E-1,1.773956143E2,1.893264029E-1,-8.123278667E-2,1.773954758E2
2.172920211E2,2.273634559E-2,7.388213999E-4,1.635362976E-3,9.997398853E-1,1.773943822E2,1.892754987E-1,-8.037993669E-2,1.773942452E2
2.172970211E2,2.274453041E-2,7.331509260E-4,1.633413951E-3,9.997397065E-1,1.773934440E2,1.890380908E-1,-7.973384759E-2,1.773933083E2
2.173020211E2,2.273927312E-2,7.363522309E-4,1.632207539E-3,9.997398257E-1,1.773940466E2,1.889078053E-1,-8.010473266E-2,1.773939104E2
2.173070211E2,2.274188873E-2,7.355340058E-4,1.632643049E-3,9.997397661E-1,1.773937468E2,1.889557752E-1,-8.000936608E-2,1.773936107E2
2.173120211E2,2.274477503E-2,7.324710023E-4,1.630309736E-3,9.997397065E-1,1.773934160E2,1.886807124E-1,-7.966399920E-2,1.773932807E2
2.173170211E2,2.273925129E-2,7.368142251E-4,1.632303232E-3,9.997398257E-1,1.773940491E2,1.889199704E-1,-8.015741431E-2,1.773939128E2
2.173220211E2,2.274230551E-2,7.349290536E-4,1.627100515E-3,9.997397661E-1,1.773936991E2,1.883192672E-1,-7.995442794E-2,1.773935635E2
2.173270211E2,2.275043769E-2,7.289040368E-4,1.625993638E-3,9.997395873E-1,1.773927669E2,1.881774017E-1,-7.926554532E-2,1.773926326E2
2.173320211E2,2.274480556E-2,7.336973795E-4,1.629332080E-3,9.997397065E-1,1.773934125E2,1.885719093E-1,-7.980703765E-2,1.773932770E2
2.173370211E2,2.273709862E-2,7.394244312E-4,1.624585479E-3,9.997398853E-1,1.773942959E2,1.880424372E-1,-8.047696055E-2,1.773941597E2
2.173420211E2,2.273243101E-2,7.412766572E-4,1.615677145E-3,9.997400045E-1,1.773948309E2,1.870263290E-1,-8.071323982E-2,1.773946950E2
2.173470211E2,2.274038306E-2,7.362847682E-4,1.616700785E-3,9.997398257E-1,1.773939194E2,1.871312313E-1,-8.013720482E-2,1.773937844E2
2.173520211E2,2.273786009E-2,7.390527753E-4,1.614063047E-3,9.997398853E-1,1.773942086E2,1.868360574E-1,-8.046165812E-2,1.773940733E2
2.173570211E2,2.272744985E-2,7.447446114E-4,1.610386767E-3,9.997401237E-1,1.773954018E2,1.864288829E-1,-8.112524571E-2,1.773952657E2
2.173620211E2,2.272487573E-2,7.475083112E-4,1.608428662E-3,9.997401834E-1,1.773956969E2,1.862115471E-1,-8.144743958E-2,1.773955604E2
2.173670211E2,2.273002748E-2,7.444541552E-4,1.611143583E-3,9.997400641E-1,1.773951064E2,1.865150379E-1,-8.108951848E-2,1.773949703E2
2.173720211E2,2.272746391E-2,7.456241292E-4,1.609781175E-3,9.997401237E-1,1.773954002E2,1.863617970E-1,-8.122757953E-2,1.773952640E2
2.173770211E2,2.272213347E-2,7.490915013E-4,1.609385828E-3,9.997402430E-1,1.773960112E2,1.863251017E-1,-8.162683117E-2,1.773958744E2
2.173820211E2,2.272745589E-2,7.452422287E-4,1.610071282E-3,9.997401237E-1,1.773954011E2,1.863940368E-1,-8.118307422E-2,1.773952650E2
2.173870211E2,2.272976180E-2,7.445471128E-4,1.614844659E-3,9.997400641E-1,1.773951368E2,1.869392618E-1,-8.109057696E-2,1.773950004E2
2.173920211E2,2.272148725E-2,7.492767181E-4,1.618397888E-3,9.997402430E-1,1.773960853E2,1.873579727E-1,-8.162470449E-2,1.773959477E2
2.173970211E2,2.272410214E-2,7.477317704E-4,1.619218150E-3,9.997401834E-1,1.773957855E2,1.874481336E-1,-8.144508632E-2,1.773956482E2
2.174020211E2,2.272385455E-2,7.468463155E-4,1.623096876E-3,9.997401834E-1,1.773958139E2,1.878901628E-1,-8.133359280E-2,1.773956764E2
2.174070211E2,2.272076821E-2,7.488139672E-4,1.628674217E-3,9.997402430E-1,1.773961677E2,1.885339881E-1,-8.154506865E-2,1.773960293E2
2.174120211E2,2.273964369E-2,7.374539855E-4,1.626537647E-3,9.997398257E-1,1.773940042E2,1.882611513E-1,-8.024565686E-2,1.773938682E2
2.174170211E2,2.274745071E-2,7.319530123E-4,1.629761886E-3,9.997396469E-1,1.773931093E2,1.886168122E-1,-7.960558051E-2,1.773929741E2
2.174220211E2,2.274157141E-2,7.353348774E-4,1.637146575E-3,9.997397661E-1,1.773937832E2,1.894711645E-1,-7.997487677E-2,1.773936468E2
2.174270211E2,2.274171314E-2,7.345772465E-4,1.635517110E-3,9.997397661E-1,1.773937670E2,1.892825261E-1,-7.989230098E-2,1.773936308E2
2.174320211E2,2.274770476E-2,7.313711685E-4,1.626473852E-3,9.997396469E-1,1.773930802E2,1.882386313E-1,-7.954744688E-2,1.773929454E2
2.174370211E2,2.274168967E-2,7.349766092E-4,1.635664026E-3,9.997397661E-1,1.773937696E2,1.893003962E-1,-7.993767425E-2,1.773936334E2
2.174420211E2,2.274683956E-2,7.319225697E-4,1.638283371E-3,9.997396469E-1,1.773931794E2,1.895929238E-1,-7.957999499E-2,1.773930435E2
2.174470211E2,2.274203757E-2,7.343787001E-4,1.631089137E-3,9.997397661E-1,1.773937298E2,1.887747564E-1,-7.988103385E-2,1.773935940E2
2.174520211E2,2.274222173E-2,7.357377326E-4,1.627905760E-3,9.997397661E-1,1.773937087E2,1.884136189E-1,-8.004498881E-2,1.773935729E2
2.174570211E2,2.275543193E-2,7.260798593E-4,1.630660379E-3,9.997394681E-1,1.773921945E2,1.887050640E-1,-7.892889300E-2,1.773920604E2
2.174620211E2,2.276059562E-2,7.228581817E-4,1.633109758E-3,9.997393489E-1,1.773916026E2,1.889776736E-1,-7.855244861E-2,1.773914689E2
2.174670211E2,2.274737504E-2,7.313648239E-4,1.631081570E-3,9.997396469E-1,1.773931180E2,1.887664586E-1,-7.953477073E-2,1.773929828E2
2.174720211E2,2.275049408E-2,7.289974601E-4,1.625162433E-3,9.997395873E-1,1.773927605E2,1.880824251E-1,-7.927840453E-2,1.773926262E2
2.174770211E2,2.275841295E-2,7.234225050E-4,1.626777812E-3,9.997394085E-1,1.773918528E2,1.882535730E-1,-7.863402514E-2,1.773917195E2
2.174820211E2,2.275278918E-2,7.271397044E-4,1.630521961E-3,9.997395277E-1,1.773924974E2,1.886917616E-1,-7.905117046E-2,1.773923631E2
2.174870211E2,2.274755244E-2,7.305275649E-4,1.628981438E-3,9.997396469E-1,1.773930976E2,1.885236942E-1,-7.944429402E-2,1.773929628E2
2.174920211E2,2.276080240E-2,7.224980509E-4,1.630384941E-3,9.997393489E-1,1.773915789E2,1.886645896E-1,-7.851825954E-2,1.773914455E2
2.174970211E2,2.276300902E-2,7.205593865E-4,1.636971836E-3,9.997392893E-1,1.773913260E2,1.894143138E-1,-7.827856389E-2,1.773911924E2
2.175020211E2,2.275808276E-2,7.235100493E-4,1.631351653E-3,9.997394085E-1,1.773918906E2,1.887777643E-1,-7.863218787E-2,1.773917570E2
2.175070211E2,2.276671877E-2,7.178946980E-4,1.622893848E-3,9.997392297E-1,1.773909008E2,1.877948477E-1,-7.800931935E-2,1.773907688E2
2.175120211E2,2.276667934E-2,7.176514482E-4,1.623554388E-3,9.997392297E-1,1.773909053E2,1.878698828E-1,-7.797973628E-2,1.773907733E2
2.175170211E2,2.277192513E-2,7.145517156E-4,1.624758122E-3,9.997391105E-1,1.773903040E2,1.880001044E-1,-7.762049856E-2,1.773901726E2
2.175220211E2,2.276720066E-2,7.180281100E-4,1.616060152E-3,9.997392297E-1,1.773908455E2,1.870123509E-1,-7.804234228E-2,1.773907141E2
2.175270211E2,2.276711569E-2,7.175495266E-4,1.617469126E-3,9.997392297E-1,1.773908553E2,1.871725106E-1,-7.798385475E-2,1.773907238E2
2.175320211E2,2.276406842E-2,7.192197372E-4,1.622767537E-3,9.997392893E-1,1.773912046E2,1.877836274E-1,-7.816194549E-2,1.773910724E2
2.175370211E2,2.277478450E-2,7.131848834E-4,1.621953561E-3,9.997390509E-1,1.773899763E2,1.876754623E-1,-7.747069394E-2,1.773898453E2
2.175420211E2,2.276951683E-2,7.169005694E-4,1.620794763E-3,9.997391701E-1,1.773905801E2,1.875519962E-1,-7.790038187E-2,1.773904485E2
2.175470211E2,2.275615049E-2,7.247101748E-4,1.621214906E-3,9.997394681E-1,1.773921121E2,1.876194551E-1,-7.879647583E-2,1.773919790E2
2.175520211E2,2.276167939E-2,7.210808690E-4,1.618727227E-3,9.997393489E-1,1.773914784E2,1.873254293E-1,-7.838614759E-2,1.773913462E2
2.175570211E2,2.276679683E-2,7.185092545E-4,1.621526200E-3,9.997392297E-1,1.773908918E2,1.876397768E-1,-7.808327755E-2,1.773907599E2
2.175620211E2,2.276173933E-2,7.209379110E-4,1.617947943E-3,9.997393489E-1,1.773914715E2,1.872357847E-1,-7.837179155E-2,1.773913394E2
2.175670211E2,2.275928448E-2,7.236636593E-4,1.614430803E-3,9.997394085E-1,1.773917529E2,1.868397712E-1,-7.869369105E-2,1.773916205E2
2.175720211E2,2.276401435E-2,7.204266731E-4,1.622990589E-3,9.997392893E-1,1.773912108E2,1.878123253E-1,-7.829964243E-2,1.773910783E2
2.175770211E2,2.276943320E-2,7.172522601E-4,1.621813746E-3,9.997391701E-1,1.773905896E2,1.876696443E-1,-7.793802899E-2,1.773904579E2
2.175820211E2,2.277017958E-2,7.168063312E-4,1.611499116E-3,9.997391701E-1,1.773905041E2,1.864868733E-1,-7.791371756E-2,1.773903732E2
2.175870211E2,2.277023947E-2,7.155770436E-4,1.611199230E-3,9.997391701E-1,1.773904972E2,1.864493144E-1,-7.777365962E-2,1.773903666E2
2.175920211E2,2.276999532E-2,7.157600485E-4,1.614564797E-3,9.997391701E-1,1.773905252E2,1.868353393E-1,-7.778588845E-2,1.773903943E2
2.175970211E2,2.277268976E-2,7.150052115E-4,1.613804721E-3,9.997391105E-1,1.773902164E2,1.867465030E-1,-7.770089305E-2,1.773900857E2
2.176020211E2,2.277040397E-2,7.161602261E-4,1.608613180E-3,9.997391701E-1,1.773904784E2,1.861545859E-1,-7.784718745E-2,1.773903479E2
2.176070211E2,2.277830200E-2,7.101726369E-4,1.610579435E-3,9.997389913E-1,1.773895731E2,1.863648279E-1,-7.715463585E-2,1.773894436E2
2.176120211E2,2.278862329E-2,7.038730546E-4,1.615325804E-3,9.997387528E-1,1.773883901E2,1.868929250E-1,-7.641862594E-2,1.773882614E2
2.176170211E2,2.278335787E-2,7.067379775E-4,1.614569686E-3,9.997388721E-1,1.773889936E2,1.868133810E-1,-7.674979480E-2,1.773888644E2
2.176220211E2,2.278078697E-2,7.089850842E-4,1.612952794E-3,9.997389317E-1,1.773892883E2,1.866338160E-1,-7.701192864E-2,1.773891588E2
2.176270211E2,2.279141122E-2,7.011759444E-4,1.614054199E-3,9.997386932E-1,1.773880705E2,1.867404155E-1,-7.611244056E-2,1.773879424E2
2.176320211E2,2.278852181E-2,7.031655987E-4,1.617064583E-3,9.997387528E-1,1.773884017E2,1.870902677E-1,-7.633305675E-2,1.773882730E2
2.176370211E2,2.277252822E-2,7.152611506E-4,1.615969348E-3,9.997391105E-1,1.773902349E2,1.869951426E-1,-7.772459508E-2,1.773901040E2
2.176420211E2,2.277284377E-2,7.136544446E-4,1.612228574E-3,9.997391105E-1,1.773901987E2,1.865624229E-1,-7.755023140E-2,1.773900684E2
2.176470211E2,2.278020227E-2,7.092093001E-4,1.621091622E-3,9.997389317E-1,1.773893553E2,1.875667572E-1,-7.701647750E-2,1.773892251E2
2.176520211E2,2.276680136E-2,7.187338197E-4,1.621363102E-3,9.997392297E-1,1.773908913E2,1.876216783E-1,-7.810942880E-2,1.773907593E2
2.176570211E2,2.275884643E-2,7.233078941E-4,1.620753203E-3,9.997394085E-1,1.773918031E2,1.875631162E-1,-7.863652633E-2,1.773916703E2
2.176620211E2,2.277496805E-2,7.124168333E-4,1.619712217E-3,9.997390509E-1,1.773899552E2,1.874166988E-1,-7.738852016E-2,1.773898246E2
2.176670211E2,2.276953059E-2,7.164236740E-4,1.620812342E-3,9.997391701E-1,1.773905785E2,1.875527666E-1,-7.784569947E-2,1.773904470E2
2.176720211E2,2.276426383E-2,7.198457606E-4,1.619745861E-3,9.997392893E-1,1.773911822E2,1.874391065E-1,-7.824150984E-2,1.773910501E2
2.176770211E2,2.277247820E-2,7.143138209E-4,1.617092872E-3,9.997391105E-1,1.773902406E2,1.871213795E-1,-7.761314470E-2,1.773901098E2
2.176820211E2,2.276413396E-2,7.206472801E-4,1.621214091E-3,9.997392893E-1,1.773911971E2,1.876093909E-1,-7.832952746E-2,1.773910647E2
2.176870211E2,2.276943551E-2,7.161762915E-4,1.622256706E-3,9.997391701E-1,1.773905894E2,1.877175831E-1,-7.781360792E-2,1.773904578E2
2.176920211E2,2.276962699E-2,7.163935807E-4,1.619470771E-3,9.997391701E-1,1.773905674E2,1.873990026E-1,-7.784573445E-2,1.773904360E2
2.176970211E2,2.277475697E-2,7.132166065E-4,1.622326206E-3,9.997390509E-1,1.773899794E2,1.877182340E-1,-7.747336079E-2,1.773898484E2
2.177020211E2,2.277997441E-2,7.092025480E-4,1.624293393E-3,9.997389317E-1,1.773893814E2,1.879335234E-1,-7.700738841E-2,1.773892510E2
2.177070211E2,2.278238715E-2,7.081515505E-4,1.627595397E-3,9.997388721E-1,1.773891048E2,1.883092494E-1,-7.687790993E-2,1.773889744E2
2.177120211E2,2.277423584E-2,7.125308039E-4,1.629925449E-3,9.997390509E-1,1.773900392E2,1.885869886E-1,-7.737505888E-2,1.773899077E2
2.177170211E2,2.277173933E-2,7.140694070E-4,1.627571764E-3,9.997391105E-1,1.773903253E2,1.883211678E-1,-7.755793696E-2,1.773901937E2
2.177220211E2,2.278237888E-2,7.081226213E-4,1.627723803E-3,9.997388721E-1,1.773891058E2,1.883238836E-1,-7.687426207E-2,1.773889753E2
2.177270211E2,2.278192617E-2,7.076088805E-4,1.634270302E-3,9.997388721E-1,1.773891577E2,1.890724878E-1,-7.679840106E-2,1.773890268E2
2.177320211E2,2.277139222E-2,7.153967745E-4,1.631839667E-3,9.997391105E-1,1.773903651E2,1.888135448E-1,-7.769893055E-2,1.773902329E2
2.177370211E2,2.277670494E-2,7.114892942E-4,1.632436295E-3,9.997389913E-1,1.773897561E2,1.888721086E-1,-7.724872231E-2,1.773896247E2
2.177420211E2,2.277126162E-2,7.156840293E-4,1.633535256E-3,9.997391105E-1,1.773903801E2,1.890085345E-1,-7.772743892E-2,1.773902477E2
2.177470211E2,2.275517670E-2,7.264534943E-4,1.634052140E-3,9.997394681E-1,1.773922237E2,1.890945855E-1,-7.896290080E-2,1.773920893E2
2.177520211E2,2.275282873E-2,7.274982054E-4,1.629809965E-3,9.997395277E-1,1.773924929E2,1.886111318E-1,-7.909408997E-2,1.773923585E2
2.177570211E2,2.276071418E-2,7.224218571E-4,1.631649677E-3,9.997393489E-1,1.773915890E2,1.888092748E-1,-7.850624845E-2,1.773914555E2
2.177620211E2,2.275996987E-2,7.226117305E-4,1.641915995E-3,9.997393489E-1,1.773916743E2,1.899858426E-1,-7.850136424E-2,1.773915400E2
2.177670211E2,2.275460987E-2,7.262789877E-4,1.642003772E-3,9.997394681E-1,1.773922887E2,1.900050415E-1,-7.892228136E-2,1.773921536E2
2.177720211E2,2.275483866E-2,7.257339894E-4,1.639071503E-3,9.997394681E-1,1.773922625E2,1.896677113E-1,-7.886744825E-2,1.773921278E2
2.177770211E2,2.275498487E-2,7.253992953E-4,1.637188834E-3,9.997394681E-1,1.773922457E2,1.894511674E-1,-7.883398675E-2,1.773921112E2
2.177820211E2,2.275243765E-2,7.273939555E-4,1.635306864E-3,9.997395277E-1,1.773925377E2,1.892405654E-1,-7.906788822E-2,1.773924029E2
2.177870211E2,2.275836686E-2,7.235395024E-4,1.627370366E-3,9.997394085E-1,1.773918581E2,1.883217588E-1,-7.864589183E-2,1.773917247E2
2.177920211E2,2.275839217E-2,7.243920118E-4,1.626637066E-3,9.997394085E-1,1.773918552E2,1.882399759E-1,-7.874546452E-2,1.773917217E2
2.177970211E2,2.275316022E-2,7.279060665E-4,1.624993049E-3,9.997395277E-1,1.773924549E2,1.880603854E-1,-7.915331263E-2,1.773923208E2
2.178020211E2,2.274507513E-2,7.328678039E-4,1.625938807E-3,9.997397065E-1,1.773933816E2,1.881810276E-1,-7.972079383E-2,1.773932465E2
2.178070211E2,2.274523683E-2,7.335816044E-4,1.623352757E-3,9.997397065E-1,1.773933631E2,1.878866378E-1,-7.980927833E-2,1.773932281E2
2.178120211E2,2.275311651E-2,7.272792864E-4,1.625885372E-3,9.997395277E-1,1.773924599E2,1.881609740E-1,-7.907918913E-2,1.773923259E2
2.178170211E2,2.275847028E-2,7.236580714E-4,1.625870704E-3,9.997394085E-1,1.773918462E2,1.881502717E-1,-7.866336704E-2,1.773917129E2
2.178220211E2,2.275841629E-2,7.245888119E-4,1.626211801E-3,9.997394085E-1,1.773918524E2,1.881917719E-1,-7.876911486E-2,1.773917189E2
2.178270211E2,2.275598415E-2,7.260639104E-4,1.622943091E-3,9.997394681E-1,1.773921312E2,1.878209571E-1,-7.894708664E-2,1.773919977E2
2.178320211E2,2.276667625E-2,7.181494148E-4,1.623377553E-3,9.997392297E-1,1.773909056E2,1.878509233E-1,-7.803724613E-2,1.773907736E2
2.178370211E2,2.277207533E-2,7.140302332E-4,1.622881042E-3,9.997391105E-1,1.773902868E2,1.877837128E-1,-7.756562687E-2,1.773901556E2
2.178420211E2,2.275867849E-2,7.244227454E-4,1.622612472E-3,9.997394085E-1,1.773918224E2,1.877790127E-1,-7.875942801E-2,1.773916892E2
2.178470211E2,2.275634114E-2,7.248917827E-4,1.618455281E-3,9.997394681E-1,1.773920903E2,1.873037952E-1,-7.882444198E-2,1.773919573E2
2.178520211E2,2.276157573E-2,7.224477013E-4,1.619575196E-3,9.997393489E-1,1.773914903E2,1.874261320E-1,-7.854054183E-2,1.773913577E2
2.178570211E2,2.275098027E-2,7.300234283E-4,1.617879374E-3,9.997395873E-1,1.773927047E2,1.872507761E-1,-7.941483824E-2,1.773925709E2
2.178620211E2,2.274063808E-2,7.366933860E-4,1.612923108E-3,9.997398257E-1,1.773938902E2,1.866995378E-1,-8.019381379E-2,1.773937554E2
2.178670211E2,2.274879975E-2,7.298960118E-4,1.611755230E-3,9.997396469E-1,1.773929547E2,1.865486756E-1,-7.941661497E-2,1.773928213E2
2.178720211E2,2.274587229E-2,7.329036598E-4,1.614732435E-3,9.997397065E-1,1.773932902E2,1.868973587E-1,-7.975396229E-2,1.773931560E2
2.178770211E2,2.273810965E-2,7.378051523E-4,1.611115527E-3,9.997398853E-1,1.773941800E2,1.864951519E-1,-8.032636200E-2,1.773940452E2
2.178820211E2,2.274357854E-2,7.352222456E-4,1.609074185E-3,9.997397661E-1,1.773935531E2,1.862549981E-1,-8.003475987E-2,1.773934190E2
2.178870211E2,2.274871857E-2,7.313531241E-4,1.612240332E-3,9.997396469E-1,1.773929640E2,1.866080426E-1,-7.958229486E-2,1.773928303E2
2.178920211E2,2.273766206E-2,7.388304221E-4,1.616951893E-3,9.997398853E-1,1.773942313E2,1.871664145E-1,-8.042869452E-2,1.773940958E2
2.178970211E2,2.274042244E-2,7.356872084E-4,1.616418827E-3,9.997398257E-1,1.773939149E2,1.870973753E-1,-8.006947470E-2,1.773937801E2
2.179020211E2,2.274888878E-2,7.312042289E-4,1.609904575E-3,9.997396469E-1,1.773929445E2,1.863400786E-1,-7.957129464E-2,1.773928110E2
2.179070211E2,2.274361084E-2,7.348336512E-4,1.608795137E-3,9.997397661E-1,1.773935494E2,1.862220195E-1,-7.999096309E-2,1.773934154E2
2.179120211E2,2.274629230E-2,7.328638458E-4,1.608823193E-3,9.997397065E-1,1.773932421E2,1.862203130E-1,-7.976472606E-2,1.773931084E2
2.179170211E2,2.274939045E-2,7.309098728E-4,1.602934208E-3,9.997396469E-1,1.773928870E2,1.855408109E-1,-7.955565109E-2,1.773927541E2
2.179220211E2,2.273900446E-2,7.384804194E-4,1.598124742E-3,9.997398853E-1,1.773940774E2,1.850087312E-1,-8.043740675E-2,1.773939435E2
2.179270211E2,2.274462954E-2,7.340325392E-4,1.594697358E-3,9.997397661E-1,1.773934327E2,1.846049409E-1,-7.993574208E-2,1.773932999E2
2.179320211E2,2.274988467E-2,7.307445630E-4,1.595980255E-3,9.997396469E-1,1.773928303E2,1.847437596E-1,-7.955475071E-2,1.773926980E2
2.179370211E2,2.273440763E-2,7.412809646E-4,1.587619539E-3,9.997400045E-1,1.773946043E2,1.838121596E-1,-8.078646226E-2,1.773944707E2
2.179420211E2,2.272918282E-2,7.450392586E-4,1.585601363E-3,9.997401237E-1,1.773952032E2,1.835903210E-1,-8.122323670E-2,1.773950691E2
2.179470211E2,2.273961402E-2,7.377010188E-4,1.589789754E-3,9.997398853E-1,1.773940076E2,1.840518748E-1,-8.036972460E-2,1.773938745E2
2.179520211E2,2.273956952E-2,7.372329128E-4,1.590643195E-3,9.997398853E-1,1.773940127E2,1.841484233E-1,-8.031388174E-2,1.773938796E2
2.179570211E2,2.272896698E-2,7.449249970E-4,1.588745858E-3,9.997401237E-1,1.773952279E2,1.839502459E-1,-8.120199589E-2,1.773950936E2
2.179620211E2,2.272586653E-2,7.462182548E-4,1.594972447E-3,9.997401834E-1,1.773955833E2,1.846666943E-1,-8.133450826E-2,1.773954482E2
2.179670211E2,2.272038744E-2,7.504519890E-4,1.596323331E-3,9.997403026E-1,1.773962113E2,1.848320333E-1,-8.181702745E-2,1.773960753E2
2.179720211E2,2.271521605E-2,7.538392092E-4,1.593662892E-3,9.997404218E-1,1.773968041E2,1.845356424E-1,-8.221295523E-2,1.773966676E2
2.179770211E2,2.271559166E-2,7.550749579E-4,1.587713021E-3,9.997404218E-1,1.773967610E2,1.838572601E-1,-8.236994400E-2,1.773966248E2
2.179820211E2,2.272052010E-2,7.515043253E-4,1.593938330E-3,9.997403026E-1,1.773961961E2,1.845615534E-1,-8.194377040E-2,1.773960601E2
2.179870211E2,2.271751776E-2,7.534691249E-4,1.598413102E-3,9.997403622E-1,1.773965403E2,1.850790628E-1,-8.215776624E-2,1.773964035E2
2.179920211E2,2.270454632E-2,7.610097528E-4,1.592734247E-3,9.997406602E-1,1.773980271E2,1.844470362E-1,-8.303881196E-2,1.773978893E2
2.179970211E2,2.270214935E-2,7.625543512E-4,1.588744461E-3,9.997407198E-1,1.773983018E2,1.839937771E-1,-8.322658622E-2,1.773981641E2
2.180020211E2,2.270449425E-2,7.623548736E-4,1.592833200E-3,9.997406602E-1,1.773980330E2,1.844618684E-1,-8.319266370E-2,1.773978950E2
2.180070211E2,2.270191026E-2,7.627577870E-4,1.592059736E-3,9.997407198E-1,1.773983292E2,1.843740920E-1,-8.324131123E-2,1.773981912E2
2.180120211E2,2.270503073E-2,7.610063185E-4,1.585815451E-3,9.997406602E-1,1.773979715E2,1.836544348E-1,-8.305633149E-2,1.773978344E2
2.180170211E2,2.270784056E-2,7.601585239E-4,1.583564328E-3,9.997406006E-1,1.773976495E2,1.833945681E-1,-8.296454839E-2,1.773975127E2
2.180220211E2,2.270481598E-2,7.619142998E-4,1.588452025E-3,9.997406602E-1,1.773979961E2,1.839588315E-1,-8.315353084E-2,1.773978586E2
2.180270211E2,2.270232109E-2,7.624519640E-4,1.586337807E-3,9.997407198E-1,1.773982821E2,1.837178133E-1,-8.322108617E-2,1.773981447E2
2.180320211E2,2.270755741E-2,7.594573544E-4,1.587954932E-3,9.997406006E-1,1.773976819E2,1.838957172E-1,-8.287284765E-2,1.773975449E2
2.180370211E2,2.271006603E-2,7.584802806E-4,1.590071362E-3,9.997405410E-1,1.773973944E2,1.841358450E-1,-8.275494274E-2,1.773972574E2
2.180420211E2,2.271267748E-2,7.561391685E-4,1.591361710E-3,9.997404814E-1,1.773970951E2,1.842777922E-1,-8.248290102E-2,1.773969584E2
2.180470211E2,2.272348223E-2,7.495276514E-4,1.590023167E-3,9.997402430E-1,1.773958566E2,1.841081186E-1,-8.172696746E-2,1.773957213E2
2.180520211E2,2.271855134E-2,7.516676560E-4,1.584510785E-3,9.997403622E-1,1.773964218E2,1.834817769E-1,-8.198738987E-2,1.773962865E2
2.180570211E2,2.272416651E-2,7.476476603E-4,1.581103890E-3,9.997402430E-1,1.773957782E2,1.830814664E-1,-8.153469322E-2,1.773956439E2
2.180620211E2,2.272939989E-2,7.448414108E-4,1.582579687E-3,9.997401237E-1,1.773951783E2,1.832436534E-1,-8.120840169E-2,1.773950445E2
2.180670211E2,2.273248408E-2,7.428366225E-4,1.576866023E-3,9.997400641E-1,1.773948248E2,1.825841110E-1,-8.099304879E-2,1.773946918E2
2.180720211E2,2.272994580E-2,7.447063690E-4,1.574783470E-3,9.997401237E-1,1.773951157E2,1.823501943E-1,-8.121313856E-2,1.773949826E2
2.180770211E2,2.274083916E-2,7.367522921E-4,1.572612557E-3,9.997398853E-1,1.773938671E2,1.820816440E-1,-8.030557575E-2,1.773937356E2
2.180820211E2,2.273810983E-2,7.392976549E-4,1.572991372E-3,9.997399449E-1,1.773941800E2,1.821314559E-1,-8.059668712E-2,1.773940479E2
2.180870211E2,2.272471520E-2,7.487538969E-4,1.572671812E-3,9.997402430E-1,1.773957153E2,1.821183949E-1,-8.168328405E-2,1.773955815E2
2.180920211E2,2.273564346E-2,7.411363767E-4,1.569890650E-3,9.997400045E-1,1.773944627E2,1.817808228E-1,-8.081586252E-2,1.773943305E2
2.180970211E2,2.274379622E-2,7.359099109E-4,1.568128937E-3,9.997398257E-1,1.773935282E2,1.815660327E-1,-8.022021850E-2,1.773933972E2
2.181020211E2,2.273320419E-2,7.417651941E-4,1.566957799E-3,9.997400641E-1,1.773947423E2,1.814462701E-1,-8.089598508E-2,1.773946103E2
2.181070211E2,2.273071938E-2,7.448742981E-4,1.563497819E-3,9.997401237E-1,1.773950271E2,1.810577859E-1,-8.126163355E-2,1.773948948E2
2.181120211E2,2.273886662E-2,7.385192439E-4,1.562381512E-3,9.997399449E-1,1.773940932E2,1.809139999E-1,-8.053502043E-2,1.773939622E2
2.181170211E2,2.273609876E-2,7.413196145E-4,1.563196070E-3,9.997400045E-1,1.773944105E2,1.810143916E-1,-8.085421451E-2,1.773942789E2
2.181220211E2,2.272804298E-2,7.468236727E-4,1.563363359E-3,9.997401834E-1,1.773953338E2,1.810472422E-1,-8.148579241E-2,1.773952012E2
2.181270211E2,2.273876252E-2,7.395027205E-4,1.563430997E-3,9.997399449E-1,1.773941052E2,1.810367857E-1,-8.064497338E-2,1.773939739E2
2.181320211E2,2.273328840E-2,7.426593802E-4,1.565311686E-3,9.997400641E-1,1.773947326E2,1.812600245E-1,-8.100269781E-2,1.773946006E2
2.181370211E2,2.273059403E-2,7.449975237E-4,1.565260580E-3,9.997401237E-1,1.773950414E2,1.812600425E-1,-8.127118145E-2,1.773949090E2
2.181420211E2,2.273339329E-2,7.420605980E-4,1.564071863E-3,9.997400641E-1,1.773947206E2,1.811164360E-1,-8.093731119E-2,1.773945888E2
2.181470211E2,2.272814796E-2,7.463886286E-4,1.562044490E-3,9.997401834E-1,1.773953218E2,1.808950250E-1,-8.143936906E-2,1.773951893E2
2.181520211E2,2.272556700E-2,7.473550504E-4,1.560985227E-3,9.997402430E-1,1.773956176E2,1.807759804E-1,-8.155330976E-2,1.773954851E2
2.181570211E2,2.273644622E-2,7.399201859E-4,1.558799180E-3,9.997400045E-1,1.773943707E2,1.805070558E-1,-8.070528679E-2,1.773942396E2
2.181620211E2,2.272545577E-2,7.482343935E-4,1.562182908E-3,9.997402430E-1,1.773956304E2,1.809154705E-1,-8.165094995E-2,1.773954976E2
2.181670211E2,2.272019599E-2,7.510879659E-4,1.561029931E-3,9.997403622E-1,1.773962333E2,1.807903838E-1,-8.198181431E-2,1.773961000E2
2.181720211E2,2.273625178E-2,7.414072752E-4,1.560927136E-3,9.997400045E-1,1.773943929E2,1.807546983E-1,-8.087014113E-2,1.773942615E2
2.181770211E2,2.273629442E-2,7.399556343E-4,1.560994890E-3,9.997400045E-1,1.773943881E2,1.807586811E-1,-8.070365427E-2,1.773942569E2
2.181820211E2,2.271502247E-2,7.548005087E-4,1.558180782E-3,9.997404814E-1,1.773968263E2,1.804732199E-1,-8.241548231E-2,1.773966926E2
2.181870211E2,2.272041957E-2,7.520474028E-4,1.557309413E-3,9.997403622E-1,1.773962076E2,1.803666699E-1,-8.210137588E-2,1.773960745E2
2.181920211E2,2.273628733E-2,7.411104743E-4,1.560550183E-3,9.997400045E-1,1.773943889E2,1.807107433E-1,-8.083711481E-2,1.773942575E2
2.181970211E2,2.272304869E-2,7.492964505E-4,1.558539341E-3,9.997403026E-1,1.773959063E2,1.805006248E-1,-8.178254462E-2,1.773957736E2
2.182020211E2,2.271524582E-2,7.545136032E-4,1.555060502E-3,9.997404814E-1,1.773968007E2,1.801150252E-1,-8.239069599E-2,1.773966673E2
2.182070211E2,2.272807565E-2,7.452323334E-4,1.563647762E-3,9.997401834E-1,1.773953301E2,1.810756815E-1,-8.130273899E-2,1.773951977E2
2.182120211E2,2.273298196E-2,7.428533863E-4,1.569663989E-3,9.997400641E-1,1.773947677E2,1.817591144E-1,-8.101364069E-2,1.773946353E2
2.182170211E2,2.272004760E-2,7.521475200E-4,1.562678721E-3,9.997403622E-1,1.773962503E2,1.809820197E-1,-8.209893273E-2,1.773961167E2
2.182220211E2,2.272530264E-2,7.484864327E-4,1.564288395E-3,9.997402430E-1,1.773956479E2,1.811573237E-1,-8.167436848E-2,1.773955149E2
2.182270211E2,2.272736852E-2,7.457360043E-4,1.573653892E-3,9.997401834E-1,1.773954111E2,1.822232600E-1,-8.133450755E-2,1.773952779E2
2.182320211E2,2.272455981E-2,7.474794402E-4,1.575520844E-3,9.997402430E-1,1.773957331E2,1.824414543E-1,-8.152988885E-2,1.773955993E2
2.182370211E2,2.272777366E-2,7.468716358E-4,1.567251049E-3,9.997401834E-1,1.773953647E2,1.814927274E-1,-8.148121025E-2,1.773952317E2
2.182420211E2,2.272743389E-2,7.472349098E-4,1.571997884E-3,9.997401834E-1,1.773954037E2,1.820374537E-1,-8.151052609E-2,1.773952702E2
2.182470211E2,2.271667745E-2,7.531653973E-4,1.573017100E-3,9.997404218E-1,1.773966366E2,1.821687806E-1,-8.218923909E-2,1.773965020E2
2.182520211E2,2.271426381E-2,7.556616329E-4,1.568786800E-3,9.997404814E-1,1.773969132E2,1.816904480E-1,-8.248666379E-2,1.773967785E2
2.182570211E2,2.270925412E-2,7.585345302E-4,1.563951024E-3,9.997406006E-1,1.773974874E2,1.811435146E-1,-8.282928353E-2,1.773973526E2
2.182620211E2,2.270903884E-2,7.583464030E-4,1.567164902E-3,9.997406006E-1,1.773975121E2,1.815111962E-1,-8.279940653E-2,1.773973770E2
2.182670211E2,2.270876827E-2,7.585515268E-4,1.570981694E-3,9.997406006E-1,1.773975431E2,1.819489680E-1,-8.281302230E-2,1.773974077E2
2.182720211E2,2.270645817E-2,7.604270941E-4,1.565525425E-3,9.997406602E-1,1.773978079E2,1.813285750E-1,-8.304250907E-2,1.773976726E2
2.182770211E2,2.270919844E-2,7.583609549E-4,1.564843464E-3,9.997406006E-1,1.773974938E2,1.812452982E-1,-8.280708600E-2,1.773973589E2
2.182820211E2,2.271699223E-2,7.539077196E-4,1.568107866E-3,9.997404218E-1,1.773966005E2,1.816083265E-1,-8.228700383E-2,1.773964661E2
2.182870211E2,2.271679098E-2,7.531124284E-4,1.571402070E-3,9.997404218E-1,1.773966236E2,1.819836307E-1,-8.218735457E-2,1.773964891E2
2.182920211E2,2.271175083E-2,7.572995964E-4,1.566393883E-3,9.997405410E-1,1.773972013E2,1.814203664E-1,-8.268099675E-2,1.773970664E2
2.182970211E2,2.271995362E-2,7.515530451E-4,1.564330189E-3,9.997403622E-1,1.773962611E2,1.811696598E-1,-8.202654575E-2,1.773961274E2
2.183020211E2,2.272475606E-2,7.487239200E-4,1.572095556E-3,9.997402430E-1,1.773957106E2,1.820523030E-1,-8.168134308E-2,1.773955769E2
2.183070211E2,2.272171625E-2,7.500085048E-4,1.577507472E-3,9.997403026E-1,1.773960590E2,1.826754008E-1,-8.181496921E-2,1.773959246E2
2.183120211E2,2.272184626E-2,7.509256247E-4,1.575196860E-3,9.997403026E-1,1.773960441E2,1.824130911E-1,-8.192602894E-2,1.773959097E2
2.183170211E2,2.272465651E-2,7.477795007E-4,1.573982998E-3,9.997402430E-1,1.773957220E2,1.822660647E-1,-8.156825153E-2,1.773955883E2
2.183220211E2,2.272426608E-2,7.477355539E-4,1.579630654E-3,9.997402430E-1,1.773957668E2,1.829129263E-1,-8.154858076E-2,1.773956326E2
2.183270211E2,2.271867297E-2,7.524083485E-4,1.582413912E-3,9.997403622E-1,1.773964078E2,1.832434931E-1,-8.207768188E-2,1.773962726E2
2.183320211E2,2.271588369E-2,7.549074362E-4,1.583609264E-3,9.997404218E-1,1.773967276E2,1.833867126E-1,-8.236138156E-2,1.773965917E2
2.183370211E2,2.271620698E-2,7.537343190E-4,1.579525298E-3,9.997404218E-1,1.773966905E2,1.829158168E-1,-8.223755924E-2,1.773965552E2
2.183420211E2,2.271360327E-2,7.552054594E-4,1.578539843E-3,9.997404814E-1,1.773969889E2,1.828065363E-1,-8.240913730E-2,1.773968535E2
2.183470211E2,2.270275927E-2,7.633399218E-4,1.579625648E-3,9.997407198E-1,1.773982319E2,1.829512002E-1,-8.334019472E-2,1.773980948E2
2.183520211E2,2.270849289E-2,7.587591535E-4,1.574857277E-3,9.997406006E-1,1.773975747E2,1.823934809E-1,-8.282677294E-2,1.773974389E2
2.183570211E2,2.271661707E-2,7.529087598E-4,1.574011636E-3,9.997404218E-1,1.773966435E2,1.822820438E-1,-8.215726016E-2,1.773965088E2
2.183620211E2,2.271641686E-2,7.539762300E-4,1.576388255E-3,9.997404218E-1,1.773966664E2,1.825570772E-1,-8.227340113E-2,1.773965314E2
2.183670211E2,2.271371333E-2,7.552988245E-4,1.576910727E-3,9.997404814E-1,1.773969763E2,1.826201533E-1,-8.242405374E-2,1.773968410E2
2.183720211E2,2.271364124E-2,7.564949919E-4,1.577375573E-3,9.997404814E-1,1.773969846E2,1.826765150E-1,-8.255989213E-2,1.773968490E2
2.183770211E2,2.271075622E-2,7.581862155E-4,1.580324024E-3,9.997405410E-1,1.773973153E2,1.830184599E-1,-8.274649540E-2,1.773971791E2
2.183820211E2,2.270521735E-2,7.611631299E-4,1.583065838E-3,9.997406602E-1,1.773979501E2,1.833398564E-1,-8.308141623E-2,1.773978132E2
2.183870211E2,2.270774051E-2,7.603764534E-4,1.584893907E-3,9.997406006E-1,1.773976609E2,1.835474465E-1,-8.298607326E-2,1.773975240E2
2.183920211E2,2.270232837E-2,7.624702412E-4,1.586224767E-3,9.997407198E-1,1.773982813E2,1.837049114E-1,-8.322347279E-2,1.773981438E2
2.183970211E2,2.270991487E-2,7.583153201E-4,1.592307468E-3,9.997405410E-1,1.773974117E2,1.843915764E-1,-8.273025292E-2,1.773972745E2
2.184020211E2,2.270478567E-2,7.612323388E-4,1.589211985E-3,9.997406602E-1,1.773979996E2,1.840441171E-1,-8.307343233E-2,1.773978622E2
2.184070211E2,2.269146135E-2,7.713283412E-4,1.587168546E-3,9.997409582E-1,1.773995269E2,1.838351652E-1,-8.423781647E-2,1.773993877E2
2.184120211E2,2.269672344E-2,7.677488611E-4,1.588752144E-3,9.997408390E-1,1.773989237E2,1.840077180E-1,-8.382265783E-2,1.773987851E2
2.184170211E2,2.271562994E-2,7.547636633E-4,1.587313251E-3,9.997404218E-1,1.773967566E2,1.838106542E-1,-8.233531514E-2,1.773966205E2
2.184220211E2,2.270781978E-2,7.587442524E-4,1.584540354E-3,9.997406006E-1,1.773976518E2,1.835027014E-1,-8.279999071E-2,1.773975152E2
2.184270211E2,2.270799299E-2,7.603026461E-4,1.581307733E-3,9.997406006E-1,1.773976320E2,1.831364353E-1,-8.298690364E-2,1.773974954E2
2.184320211E2,2.272375865E-2,7.494469755E-4,1.586106024E-3,9.997402430E-1,1.773958249E2,1.836591746E-1,-8.172787478E-2,1.773956899E2
2.184370211E2,2.272637236E-2,7.468399126E-4,1.587456441E-3,9.997401834E-1,1.773955253E2,1.838073046E-1,-8.142520769E-2,1.773953907E2
2.184420211E2,2.271895815E-2,7.514072349E-4,1.578791067E-3,9.997403622E-1,1.773963752E2,1.828258687E-1,-8.197237240E-2,1.773962404E2
2.184470211E2,2.272159916E-2,7.505015819E-4,1.578958705E-3,9.997403026E-1,1.773960724E2,1.828429318E-1,-8.186769964E-2,1.773959378E2
2.184520211E2,2.272389962E-2,7.477460895E-4,1.584888669E-3,9.997402430E-1,1.773958088E2,1.835152935E-1,-8.153616236E-2,1.773956742E2
2.184570211E2,2.272106247E-2,7.510413416E-4,1.586407539E-3,9.997403026E-1,1.773961340E2,1.836976483E-1,-8.191023853E-2,1.773959986E2
2.184620211E2,2.272147959E-2,7.496561739E-4,1.581079559E-3,9.997403026E-1,1.773960861E2,1.830836902E-1,-8.176534766E-2,1.773959515E2
2.184670211E2,2.273227967E-2,7.435047301E-4,1.579495729E-3,9.997400641E-1,1.773948482E2,1.828870999E-1,-8.106277518E-2,1.773947149E2
2.184720211E2,2.272664889E-2,7.473586593E-4,1.583247795E-3,9.997401834E-1,1.773954936E2,1.833265265E-1,-8.149554651E-2,1.773953593E2
2.184770211E2,2.272948600E-2,7.441816269E-4,1.581653138E-3,9.997401237E-1,1.773951684E2,1.831357942E-1,-8.113521329E-2,1.773950348E2
2.184820211E2,2.273233311E-2,7.436222513E-4,1.578671043E-3,9.997400641E-1,1.773948421E2,1.827929326E-1,-8.107837722E-2,1.773947088E2
2.184870211E2,2.272963679E-2,7.447091630E-4,1.579236006E-3,9.997401237E-1,1.773951512E2,1.828602688E-1,-8.120191721E-2,1.773950176E2
2.184920211E2,2.273717887E-2,7.399523165E-4,1.586086117E-3,9.997399449E-1,1.773942867E2,1.836332490E-1,-8.063773594E-2,1.773941535E2
2.184970211E2,2.272938191E-2,7.454457809E-4,1.582553494E-3,9.997401237E-1,1.773951804E2,1.832422256E-1,-8.127771096E-2,1.773950464E2
2.185020211E2,2.272981300E-2,7.445564843E-4,1.576769981E-3,9.997401237E-1,1.773951310E2,1.825773721E-1,-8.119081729E-2,1.773949976E2
2.185070211E2,2.273775601E-2,7.390102255E-4,1.578232273E-3,9.997399449E-1,1.773942205E2,1.827310873E-1,-8.055016697E-2,1.773940881E2
2.185120211E2,2.274261996E-2,7.357884315E-4,1.585153281E-3,9.997398257E-1,1.773936630E2,1.835159670E-1,-8.016214557E-2,1.773935307E2
2.185170211E2,2.273728466E-2,7.394329295E-4,1.584811253E-3,9.997399449E-1,1.773942745E2,1.834858529E-1,-8.058153643E-2,1.773941415E2
2.185220211E2,2.273724023E-2,7.393448614E-4,1.585489721E-3,9.997399449E-1,1.773942796E2,1.835633466E-1,-8.056968749E-2,1.773941466E2
2.185270211E2,2.273990256E-2,7.367396611E-4,1.586104161E-3,9.997398853E-1,1.773939745E2,1.836271631E-1,-8.026914103E-2,1.773938419E2
2.185320211E2,2.272906796E-2,7.448935066E-4,1.587315346E-3,9.997401237E-1,1.773952164E2,1.837862896E-1,-8.120209577E-2,1.773950821E2
2.185370211E2,2.272922752E-2,7.440294139E-4,1.585434773E-3,9.997401237E-1,1.773951981E2,1.835686091E-1,-8.110797275E-2,1.773950641E2
2.185420211E2,2.274537656E-2,7.337591960E-4,1.584133483E-3,9.997397661E-1,1.773933470E2,1.833940679E-1,-7.993182488E-2,1.773932151E2
2.185470211E2,2.274275790E-2,7.351452368E-4,1.583471778E-3,9.997398257E-1,1.773936472E2,1.833216650E-1,-8.009281716E-2,1.773935151E2
2.185520211E2,2.273751376E-2,7.389475359E-4,1.581747783E-3,9.997399449E-1,1.773942483E2,1.831336488E-1,-8.053386917E-2,1.773941156E2
2.185570211E2,2.274546047E-2,7.332467358E-4,1.583165722E-3,9.997397661E-1,1.773933374E2,1.832818700E-1,-7.987562367E-2,1.773932057E2
2.185620211E2,2.274559115E-2,7.333565736E-4,1.581236138E-3,9.997397661E-1,1.773933224E2,1.830611095E-1,-7.989321256E-2,1.773931909E2
2.185670211E2,2.274545530E-2,7.332845707E-4,1.583222533E-3,9.997397661E-1,1.773933380E2,1.832884766E-1,-7.987981098E-2,1.773932063E2
2.185720211E2,2.275622125E-2,7.256702520E-4,1.582575962E-3,9.997395277E-1,1.773921040E2,1.831954056E-1,-7.900721356E-2,1.773919738E2
2.185770211E2,2.275874512E-2,7.241304265E-4,1.584639889E-3,9.997394681E-1,1.773918147E2,1.834280365E-1,-7.882496306E-2,1.773916846E2
2.185820211E2,2.275595589E-2,7.259275299E-4,1.586269238E-3,9.997395277E-1,1.773921344E2,1.836191651E-1,-7.902710516E-2,1.773920038E2
2.185870211E2,2.276139095E-2,7.225749432E-4,1.584952231E-3,9.997394085E-1,1.773915115E2,1.834599700E-1,-7.864546402E-2,1.773913816E2
2.185920211E2,2.276396612E-2,7.217603852E-4,1.585935941E-3,9.997393489E-1,1.773912163E2,1.835707433E-1,-7.854910808E-2,1.773910865E2
2.185970211E2,2.275361209E-2,7.281857543E-4,1.581282238E-3,9.997395873E-1,1.773924031E2,1.830535476E-1,-7.929924545E-2,1.773922725E2
2.186020211E2,2.275631498E-2,7.259636768E-4,1.581092947E-3,9.997395277E-1,1.773920933E2,1.830262810E-1,-7.904467908E-2,1.773919631E2
2.186070211E2,2.275907541E-2,7.244567969E-4,1.579739386E-3,9.997394681E-1,1.773917769E2,1.828675020E-1,-7.887507318E-2,1.773916471E2
2.186120211E2,2.274856134E-2,7.322012680E-4,1.576722250E-3,9.997397065E-1,1.773929820E2,1.825412142E-1,-7.977208221E-2,1.773928510E2
2.186170211E2,2.275347010E-2,7.277852274E-4,1.583508216E-3,9.997395873E-1,1.773924194E2,1.833075045E-1,-7.924758216E-2,1.773922886E2
2.186220211E2,2.275582083E-2,7.262451109E-4,1.588060404E-3,9.997395277E-1,1.773921499E2,1.838251825E-1,-7.905884168E-2,1.773920191E2
2.186270211E2,2.275331756E-2,7.286249893E-4,1.585312886E-3,9.997395873E-1,1.773924368E2,1.835164291E-1,-7.933910911E-2,1.773923058E2
2.186320211E2,2.275922955E-2,7.245999877E-4,1.577451359E-3,9.997394681E-1,1.773917592E2,1.826057665E-1,-7.889741669E-2,1.773916295E2
2.186370211E2,2.276171392E-2,7.228804752E-4,1.580167445E-3,9.997394085E-1,1.773914744E2,1.829126373E-1,-7.869288783E-2,1.773913449E2
2.186420211E2,2.276635326E-2,7.198253879E-4,1.590117346E-3,9.997392893E-1,1.773909427E2,1.840449125E-1,-7.831608398E-2,1.773908129E2
2.186470211E2,2.276118185E-2,7.226007874E-4,1.587940380E-3,9.997394085E-1,1.773915354E2,1.838023495E-1,-7.864066894E-2,1.773914053E2
2.186520211E2,2.275348452E-2,7.280167192E-4,1.583194593E-3,9.997395873E-1,1.773924177E2,1.832721800E-1,-7.927491741E-2,1.773922870E2
2.186570211E2,2.275855577E-2,7.241641288E-4,1.587341540E-3,9.997394681E-1,1.773918364E2,1.837376162E-1,-7.882181269E-2,1.773917061E2
2.186620211E2,2.275851300E-2,7.240127306E-4,1.588023733E-3,9.997394681E-1,1.773918413E2,1.838153715E-1,-7.880269691E-2,1.773917110E2
2.186670211E2,2.276143005E-2,7.234386285E-4,1.583996462E-3,9.997394085E-1,1.773915070E2,1.833527312E-1,-7.874689517E-2,1.773913770E2
2.186720211E2,2.276185840E-2,7.233962533E-4,1.577848569E-3,9.997394085E-1,1.773914579E2,1.826483389E-1,-7.875799851E-2,1.773913284E2
2.186770211E2,2.275648399E-2,7.265272434E-4,1.578399213E-3,9.997395277E-1,1.773920739E2,1.827191644E-1,-7.911623613E-2,1.773919438E2
2.186820211E2,2.274287269E-2,7.347683422E-4,1.581997378E-3,9.997398257E-1,1.773936340E2,1.831517813E-1,-8.005346108E-2,1.773935021E2
2.186870211E2,2.274067456E-2,7.379778544E-4,1.574417111E-3,9.997398853E-1,1.773938860E2,1.822915585E-1,-8.044130565E-2,1.773937541E2
2.186920211E2,2.275427686E-2,7.278553094E-4,1.571840490E-3,9.997395873E-1,1.773923269E2,1.819710719E-1,-7.928588751E-2,1.773921971E2
2.186970211E2,2.275935605E-2,7.235994563E-4,1.576084993E-3,9.997394681E-1,1.773917447E2,1.824466328E-1,-7.878633466E-2,1.773916153E2
2.187020211E2,2.275609845E-2,7.272447692E-4,1.583618578E-3,9.997395277E-1,1.773921181E2,1.833189466E-1,-7.918489661E-2,1.773919875E2
2.187070211E2,2.275112127E-2,7.291115471E-4,1.579009229E-3,9.997396469E-1,1.773926886E2,1.827953632E-1,-7.941168823E-2,1.773925580E2
2.187120211E2,2.276213191E-2,7.220936241E-4,1.574496040E-3,9.997394085E-1,1.773914265E2,1.822608895E-1,-7.861746207E-2,1.773912976E2
2.187170211E2,2.276210130E-2,7.226752350E-4,1.574671711E-3,9.997394085E-1,1.773914300E2,1.822825296E-1,-7.868363978E-2,1.773913010E2
2.187220211E2,2.275951272E-2,7.238999242E-4,1.573682763E-3,9.997394681E-1,1.773917267E2,1.821722244E-1,-7.882699365E-2,1.773915975E2
2.187270211E2,2.275922684E-2,7.247345638E-4,1.577428658E-3,9.997394681E-1,1.773917595E2,1.826035166E-1,-7.891289367E-2,1.773916298E2
2.187320211E2,2.275647525E-2,7.269839989E-4,1.578314928E-3,9.997395277E-1,1.773920749E2,1.827106991E-1,-7.916878425E-2,1.773919447E2
2.187370211E2,2.276182877E-2,7.219999679E-4,1.578915166E-3,9.997394085E-1,1.773914613E2,1.827668856E-1,-7.859526087E-2,1.773913320E2
2.187420211E2,2.276493266E-2,7.202392444E-4,1.572698471E-3,9.997393489E-1,1.773911055E2,1.820503383E-1,-7.840920001E-2,1.773909770E2
2.187470211E2,2.275694777E-2,7.255060482E-4,1.572170062E-3,9.997395277E-1,1.773920207E2,1.820029130E-1,-7.901540638E-2,1.773918913E2
2.187520211E2,2.276737373E-2,7.182601839E-4,1.576152979E-3,9.997392893E-1,1.773908257E2,1.824411214E-1,-7.817301781E-2,1.773906973E2
2.187570211E2,2.277523939E-2,7.141066599E-4,1.577821095E-3,9.997391105E-1,1.773899241E2,1.826219975E-1,-7.769139385E-2,1.773897964E2
2.187620211E2,2.277240589E-2,7.154244231E-4,1.580353361E-3,9.997391701E-1,1.773902489E2,1.829153181E-1,-7.783626831E-2,1.773901207E2
2.187670211E2,2.278050405E-2,7.091648295E-4,1.579580246E-3,9.997389913E-1,1.773893207E2,1.828110363E-1,-7.711969526E-2,1.773891937E2
2.187720211E2,2.278257530E-2,7.088386919E-4,1.587558421E-3,9.997389317E-1,1.773890833E2,1.837243405E-1,-7.706112406E-2,1.773889558E2
2.187770211E2,2.276914836E-2,7.168107550E-4,1.588932355E-3,9.997392297E-1,1.773906223E2,1.839015096E-1,-7.797329985E-2,1.773904932E2
2.187820211E2,2.277232596E-2,7.151983446E-4,1.581606921E-3,9.997391701E-1,1.773902581E2,1.830583323E-1,-7.780711164E-2,1.773901298E2
2.187870211E2,2.278050568E-2,7.091964362E-4,1.579542644E-3,9.997389913E-1,1.773893205E2,1.828068112E-1,-7.712341405E-2,1.773891936E2
2.187920211E2,2.277998334E-2,7.097237976E-4,1.586822211E-3,9.997389913E-1,1.773893804E2,1.836421097E-1,-7.716492149E-2,1.773892528E2
2.187970211E2,2.277462668E-2,7.136013592E-4,1.586867962E-3,9.997391105E-1,1.773899944E2,1.836570587E-1,-7.761000613E-2,1.773898660E2
2.188020211E2,2.277753222E-2,7.123773103E-4,1.583262347E-3,9.997390509E-1,1.773896613E2,1.832410222E-1,-7.747865478E-2,1.773895335E2
2.188070211E2,2.277730541E-2,7.115832996E-4,1.586878323E-3,9.997390509E-1,1.773896873E2,1.836531855E-1,-7.737829465E-2,1.773895594E2
2.188120211E2,2.277675468E-2,7.116273628E-4,1.594743808E-3,9.997390509E-1,1.773897504E2,1.845543440E-1,-7.736291363E-2,1.773896219E2
2.188170211E2,2.277415341E-2,7.129988517E-4,1.593915396E-3,9.997391105E-1,1.773900486E2,1.844628179E-1,-7.752267598E-2,1.773899198E2
2.188220211E2,2.277971896E-2,7.095165784E-4,1.590705360E-3,9.997389913E-1,1.773894107E2,1.840864099E-1,-7.713109372E-2,1.773892828E2
2.188270211E2,2.278805504E-2,7.038522745E-4,1.586199040E-3,9.997388124E-1,1.773884552E2,1.835560063E-1,-7.649241466E-2,1.773883287E2
2.188320211E2,2.278809409E-2,7.049610140E-4,1.585145248E-3,9.997388124E-1,1.773884507E2,1.834381805E-1,-7.662217847E-2,1.773883241E2
2.188370211E2,2.277971328E-2,7.108884747E-4,1.590174157E-3,9.997389913E-1,1.773894113E2,1.840291354E-1,-7.728964825E-2,1.773892832E2
2.188420211E2,2.277965642E-2,7.097390480E-4,1.591501641E-3,9.997389913E-1,1.773894178E2,1.841782094E-1,-7.715451306E-2,1.773892899E2
2.188470211E2,2.278211183E-2,7.090467843E-4,1.594103058E-3,9.997389317E-1,1.773891364E2,1.844746150E-1,-7.706796211E-2,1.773890084E2
2.188520211E2,2.277927773E-2,7.105014520E-4,1.596573624E-3,9.997389913E-1,1.773894613E2,1.847612273E-1,-7.722868498E-2,1.773893327E2
2.188570211E2,2.277404588E-2,7.128861034E-4,1.595501439E-3,9.997391105E-1,1.773900609E2,1.846442156E-1,-7.750563986E-2,1.773899321E2
2.188620211E2,2.278994692E-2,7.021316560E-4,1.597309136E-3,9.997387528E-1,1.773882383E2,1.848244520E-1,-7.626593452E-2,1.773881113E2
2.188670211E2,2.278683507E-2,7.045129896E-4,1.603339333E-3,9.997388124E-1,1.773885950E2,1.855212652E-1,-7.652357266E-2,1.773884671E2
2.188720211E2,2.278444236E-2,7.066955441E-4,1.599211479E-3,9.997388721E-1,1.773888693E2,1.850538859E-1,-7.678483176E-2,1.773887413E2
2.188770211E2,2.278437722E-2,7.070361753E-4,1.599988900E-3,9.997388721E-1,1.773888767E2,1.851438334E-1,-7.682183724E-2,1.773887486E2
2.188820211E2,2.278917724E-2,7.029938279E-4,1.607876387E-3,9.997387528E-1,1.773883266E2,1.860372508E-1,-7.633725145E-2,1.773881986E2
2.188870211E2,2.278644432E-2,7.048263797E-4,1.608745777E-3,9.997388124E-1,1.773886398E2,1.861414269E-1,-7.654543000E-2,1.773885114E2
2.188920211E2,2.278704125E-2,7.048218395E-4,1.600270276E-3,9.997388124E-1,1.773885714E2,1.851704902E-1,-7.656693109E-2,1.773884437E2
2.188970211E2,2.278719383E-2,7.047060644E-4,1.598147210E-3,9.997388124E-1,1.773885539E2,1.849269767E-1,-7.655918352E-2,1.773884264E2
2.189020211E2,2.278982234E-2,7.021913189E-4,1.599059440E-3,9.997387528E-1,1.773882526E2,1.850251167E-1,-7.626822144E-2,1.773881255E2
2.189070211E2,2.278722568E-2,7.049830165E-4,1.597570837E-3,9.997388124E-1,1.773885502E2,1.848616721E-1,-7.659241083E-2,1.773884227E2
2.189120211E2,2.277948262E-2,7.104225224E-4,1.593682799E-3,9.997389913E-1,1.773894378E2,1.844298582E-1,-7.722715122E-2,1.773893095E2
2.189170211E2,2.278250002E-2,7.087228587E-4,1.588690095E-3,9.997389317E-1,1.773890919E2,1.838536790E-1,-7.704491325E-2,1.773889643E2
2.189220211E2,2.277721786E-2,7.119653746E-4,1.587963197E-3,9.997390509E-1,1.773896974E2,1.837784616E-1,-7.741925015E-2,1.773895692E2
2.189270211E2,2.277136088E-2,7.157009095E-4,1.595216221E-3,9.997391701E-1,1.773903687E2,1.846186784E-1,-7.782934906E-2,1.773902393E2
2.189320211E2,2.277427618E-2,7.128569996E-4,1.592223765E-3,9.997391105E-1,1.773900345E2,1.842686604E-1,-7.751081745E-2,1.773899059E2
2.189370211E2,2.278514135E-2,7.063708617E-4,1.589365769E-3,9.997388721E-1,1.773887892E2,1.839251473E-1,-7.677321452E-2,1.773886620E2
2.189420211E2,2.277906067E-2,7.100219373E-4,1.599880401E-3,9.997389913E-1,1.773894861E2,1.851387898E-1,-7.716515900E-2,1.773893575E2
2.189470211E2,2.277095031E-2,7.150738384E-4,1.601346419E-3,9.997391701E-1,1.773904158E2,1.853192981E-1,-7.774158983E-2,1.773902860E2
2.189520211E2,2.277117601E-2,7.159417146E-4,1.597745111E-3,9.997391701E-1,1.773903899E2,1.849090073E-1,-7.785037106E-2,1.773902603E2
2.189570211E2,2.277608158E-2,7.126756245E-4,1.603862969E-3,9.997390509E-1,1.773898276E2,1.856017381E-1,-7.745932680E-2,1.773896981E2
2.189620211E2,2.276798218E-2,7.169521414E-4,1.605493017E-3,9.997392297E-1,1.773907560E2,1.857990113E-1,-7.794650255E-2,1.773906255E2
2.189670211E2,2.276506843E-2,7.193198544E-4,1.608633203E-3,9.997392893E-1,1.773910899E2,1.861647081E-1,-7.821010119E-2,1.773909588E2
2.189720211E2,2.276455405E-2,7.200247492E-4,1.615582150E-3,9.997392893E-1,1.773911489E2,1.869625928E-1,-7.827282279E-2,1.773910171E2
2.189770211E2,2.276971423E-2,7.157230866E-4,1.618540380E-3,9.997391701E-1,1.773905574E2,1.872906721E-1,-7.777133287E-2,1.773904262E2
2.189820211E2,2.276727186E-2,7.184993010E-4,1.614847220E-3,9.997392297E-1,1.773908374E2,1.868746301E-1,-7.809947405E-2,1.773907059E2
2.189870211E2,2.275950613E-2,7.237695390E-4,1.611255459E-3,9.997394085E-1,1.773917275E2,1.864762907E-1,-7.871406127E-2,1.773915953E2
2.189920211E2,2.276496338E-2,7.202184061E-4,1.609717379E-3,9.997392893E-1,1.773911020E2,1.862912497E-1,-7.831023197E-2,1.773909706E2
2.189970211E2,2.276738024E-2,7.184476126E-4,1.613341388E-3,9.997392297E-1,1.773908250E2,1.867019924E-1,-7.809746112E-2,1.773906936E2
2.190020211E2,2.276753017E-2,7.177719963E-4,1.611525309E-3,9.997392297E-1,1.773908078E2,1.864921874E-1,-7.802477168E-2,1.773906767E2
2.190070211E2,2.275988027E-2,7.229587063E-4,1.606327132E-3,9.997394085E-1,1.773916846E2,1.859096057E-1,-7.863395527E-2,1.773915530E2
2.190120211E2,2.275973379E-2,7.225964800E-4,1.608563936E-3,9.997394085E-1,1.773917014E2,1.861649023E-1,-7.858665118E-2,1.773915697E2
2.190170211E2,2.276475417E-2,7.201969856E-4,1.612682943E-3,9.997392893E-1,1.773911260E2,1.866309186E-1,-7.830008048E-2,1.773909944E2
2.190220211E2,2.275704811E-2,7.260894636E-4,1.607943792E-3,9.997394681E-1,1.773920092E2,1.861027564E-1,-7.898893088E-2,1.773918769E2
2.190270211E2,2.275466665E-2,7.261965657E-4,1.604535384E-3,9.997395277E-1,1.773922822E2,1.857123731E-1,-7.901053186E-2,1.773921501E2
2.190320211E2,2.276782468E-2,7.171450416E-4,1.607638900E-3,9.997392297E-1,1.773907740E2,1.860453393E-1,-7.796303190E-2,1.773906434E2
2.190370211E2,2.277014098E-2,7.164322888E-4,1.612210763E-3,9.997391701E-1,1.773905085E2,1.865674219E-1,-7.786901684E-2,1.773903777E2
2.190420211E2,2.276518436E-2,7.194313221E-4,1.606941805E-3,9.997392893E-1,1.773910767E2,1.859712378E-1,-7.822726210E-2,1.773909457E2
2.190470211E2,2.276285950E-2,7.210345357E-4,1.602067729E-3,9.997393489E-1,1.773913431E2,1.854168540E-1,-7.842407586E-2,1.773912122E2
2.190520211E2,2.276541042E-2,7.187839947E-4,1.604026300E-3,9.997392893E-1,1.773910507E2,1.856355602E-1,-7.816066724E-2,1.773909201E2
2.190570211E2,2.276476587E-2,7.206109003E-4,1.612332882E-3,9.997392893E-1,1.773911246E2,1.865918957E-1,-7.834841031E-2,1.773909930E2
2.190620211E2,2.275689860E-2,7.245240267E-4,1.610763487E-3,9.997394681E-1,1.773920264E2,1.864216920E-1,-7.880226608E-2,1.773918941E2
2.190670211E2,2.276495724E-2,7.205612492E-4,1.609650790E-3,9.997392893E-1,1.773911027E2,1.862845151E-1,-7.834968354E-2,1.773909713E2
2.190720211E2,2.278099063E-2,7.085714024E-4,1.610255917E-3,9.997389317E-1,1.773892649E2,1.863237919E-1,-7.697153911E-2,1.773891357E2
2.190770211E2,2.277302963E-2,7.145710406E-4,1.609194442E-3,9.997391105E-1,1.773901774E2,1.862172331E-1,-7.766312179E-2,1.773900472E2
2.190820211E2,2.277010121E-2,7.161739049E-4,1.612887019E-3,9.997391701E-1,1.773905131E2,1.866442179E-1,-7.783765875E-2,1.773903822E2
2.190870211E2,2.277257488E-2,7.142314571E-4,1.615767251E-3,9.997391105E-1,1.773902295E2,1.869693061E-1,-7.760715031E-2,1.773900988E2
2.190920211E2,2.276465508E-2,7.192275370E-4,1.614513341E-3,9.997392893E-1,1.773911373E2,1.868380757E-1,-7.818426218E-2,1.773910058E2
2.190970211E2,2.276470746E-2,7.206038572E-4,1.613160479E-3,9.997392893E-1,1.773911313E2,1.866866840E-1,-7.834545533E-2,1.773909996E2
2.191020211E2,2.276432711E-2,7.206576411E-4,1.618494978E-3,9.997392893E-1,1.773911749E2,1.872979259E-1,-7.833777163E-2,1.773910428E2
2.191070211E2,2.276116722E-2,7.223399589E-4,1.625354169E-3,9.997393489E-1,1.773915371E2,1.880878701E-1,-7.851320154E-2,1.773914041E2
2.191120211E2,2.275551187E-2,7.259597769E-4,1.629597973E-3,9.997394681E-1,1.773921853E2,1.885830456E-1,-7.891789153E-2,1.773920513E2
2.191170211E2,2.275031815E-2,7.297965931E-4,1.627265243E-3,9.997395873E-1,1.773927806E2,1.883253972E-1,-7.936450540E-2,1.773926461E2
2.191220211E2,2.275005996E-2,7.303557941E-4,1.630620565E-3,9.997395873E-1,1.773928102E2,1.887112276E-1,-7.941986942E-2,1.773926753E2
2.191270211E2,2.274188922E-2,7.350801607E-4,1.632840605E-3,9.997397661E-1,1.773937468E2,1.889772248E-1,-7.995685782E-2,1.773936107E2
2.191320211E2,2.274188474E-2,7.344546029E-4,1.633184496E-3,9.997397661E-1,1.773937473E2,1.890149909E-1,-7.988429741E-2,1.773936113E2
2.191370211E2,2.274201935E-2,7.351426757E-4,1.630999031E-3,9.997397661E-1,1.773937319E2,1.887664235E-1,-7.996879453E-2,1.773935960E2
2.191420211E2,2.274475489E-2,7.338516298E-4,1.629969804E-3,9.997397065E-1,1.773934183E2,1.886453663E-1,-7.982305618E-2,1.773932827E2
2.191470211E2,2.274991608E-2,7.293192903E-4,1.633089967E-3,9.997395873E-1,1.773928267E2,1.889914136E-1,-7.929471493E-2,1.773926918E2
2.191520211E2,2.274450184E-2,7.333422545E-4,1.633725828E-3,9.997397065E-1,1.773934473E2,1.890743165E-1,-7.975495904E-2,1.773933115E2
2.191570211E2,2.273652806E-2,7.385172648E-4,1.632961677E-3,9.997398853E-1,1.773943613E2,1.889996228E-1,-8.035131660E-2,1.773942246E2
2.191620211E2,2.273889581E-2,7.371270913E-4,1.637106994E-3,9.997398257E-1,1.773940899E2,1.894710867E-1,-8.018080623E-2,1.773939531E2
2.191670211E2,2.274946359E-2,7.302764570E-4,1.638955204E-3,9.997395873E-1,1.773928786E2,1.896658074E-1,-7.938916430E-2,1.773927430E2
2.191720211E2,2.273862628E-2,7.370866369E-4,1.640864532E-3,9.997398257E-1,1.773941208E2,1.899014312E-1,-8.016643141E-2,1.773939837E2
2.191770211E2,2.273606945E-2,7.382670301E-4,1.639447408E-3,9.997398853E-1,1.773944138E2,1.897419533E-1,-8.030583737E-2,1.773942767E2
2.191820211E2,2.274671340E-2,7.320398581E-4,1.639981754E-3,9.997396469E-1,1.773931938E2,1.897877899E-1,-7.958902848E-2,1.773930578E2
2.191870211E2,2.274125557E-2,7.361602620E-4,1.641158015E-3,9.997397661E-1,1.773938194E2,1.899328496E-1,-8.005903996E-2,1.773936825E2
2.191920211E2,2.273360531E-2,7.400244940E-4,1.636476372E-3,9.997399449E-1,1.773946963E2,1.894059661E-1,-8.051538349E-2,1.773945590E2
2.191970211E2,2.273874880E-2,7.376380381E-4,1.638917718E-3,9.997398257E-1,1.773941067E2,1.896798469E-1,-8.023465067E-2,1.773939697E2
2.192020211E2,2.274119336E-2,7.348881336E-4,1.642589574E-3,9.997397661E-1,1.773938265E2,1.900935316E-1,-7.990958370E-2,1.773936897E2
2.192070211E2,2.273074472E-2,7.428468671E-4,1.638519578E-3,9.997400045E-1,1.773950242E2,1.896471625E-1,-8.083393929E-2,1.773948862E2
2.192120211E2,2.273374410E-2,7.410232211E-4,1.634094631E-3,9.997399449E-1,1.773946804E2,1.891357220E-1,-8.063597817E-2,1.773945431E2
2.192170211E2,2.273912639E-2,7.362070610E-4,1.634315937E-3,9.997398257E-1,1.773940634E2,1.891489579E-1,-8.008263529E-2,1.773939271E2
2.192220211E2,2.273632054E-2,7.380307652E-4,1.636068104E-3,9.997398853E-1,1.773943851E2,1.893542174E-1,-8.028752767E-2,1.773942482E2
2.192270211E2,2.272817909E-2,7.444956573E-4,1.636993140E-3,9.997400641E-1,1.773953182E2,1.894763779E-1,-8.102729016E-2,1.773951801E2
2.192320211E2,2.273356999E-2,7.415339933E-4,1.636283821E-3,9.997399449E-1,1.773947003E2,1.893878372E-1,-8.068882279E-2,1.773945628E2
2.192370211E2,2.272838185E-2,7.435352891E-4,1.634612679E-3,9.997400641E-1,1.773952950E2,1.892011819E-1,-8.092343040E-2,1.773951572E2
2.192420211E2,2.272262858E-2,7.480476052E-4,1.639622962E-3,9.997401834E-1,1.773959544E2,1.897864564E-1,-8.142841183E-2,1.773958154E2
2.192470211E2,2.272266194E-2,7.473238511E-4,1.639490714E-3,9.997401834E-1,1.773959506E2,1.897694237E-1,-8.134583527E-2,1.773958117E2
2.192520211E2,2.272256122E-2,7.490517455E-4,1.640098053E-3,9.997401834E-1,1.773959622E2,1.898434934E-1,-8.154222367E-2,1.773958228E2
2.192570211E2,2.272252522E-2,7.482512738E-4,1.640961971E-3,9.997401834E-1,1.773959663E2,1.899403782E-1,-8.144827739E-2,1.773958271E2
2.192620211E2,2.273030261E-2,7.423214265E-4,1.644878532E-3,9.997400045E-1,1.773950748E2,1.903742536E-1,-8.075726366E-2,1.773949364E2
2.192670211E2,2.273035869E-2,7.423115894E-4,1.644107862E-3,9.997400045E-1,1.773950684E2,1.902859430E-1,-8.075813350E-2,1.773949301E2
2.192720211E2,2.273072523E-2,7.432660786E-4,1.638599788E-3,9.997400045E-1,1.773950264E2,1.896574421E-1,-8.088175969E-2,1.773948883E2
2.192770211E2,2.273087566E-2,7.416877197E-4,1.637227717E-3,9.997400045E-1,1.773950092E2,1.894961549E-1,-8.070448561E-2,1.773948715E2
2.192820211E2,2.272554230E-2,7.457000320E-4,1.636650646E-3,9.997401237E-1,1.773956205E2,1.894400642E-1,-8.116665722E-2,1.773954821E2
2.192870211E2,2.271515787E-2,7.535979967E-4,1.631547231E-3,9.997403622E-1,1.773968107E2,1.888751240E-1,-8.208671520E-2,1.773966712E2
2.192920211E2,2.272317599E-2,7.480956265E-4,1.631997060E-3,9.997401834E-1,1.773958917E2,1.889129859E-1,-8.145366738E-2,1.773957532E2
2.192970211E2,2.271745403E-2,7.514021127E-4,1.637103851E-3,9.997403026E-1,1.773965476E2,1.895061739E-1,-8.182025092E-2,1.773964080E2
2.193020211E2,2.271191751E-2,7.560632657E-4,1.638977323E-3,9.997404218E-1,1.773971822E2,1.897324829E-1,-8.235041463E-2,1.773970416E2
2.193070211E2,2.270920866E-2,7.579486701E-4,1.639284194E-3,9.997404814E-1,1.773974927E2,1.897723228E-1,-8.256612556E-2,1.773973517E2
2.193120211E2,2.272243026E-2,7.482059882E-4,1.642297022E-3,9.997401834E-1,1.773959772E2,1.900931989E-1,-8.143963104E-2,1.773958378E2
2.193170211E2,2.272222158E-2,7.480406784E-4,1.645256882E-3,9.997401834E-1,1.773960011E2,1.904318395E-1,-8.141302529E-2,1.773958615E2
2.193220211E2,2.270924225E-2,7.570942980E-4,1.639213646E-3,9.997404814E-1,1.773974888E2,1.897620198E-1,-8.246842432E-2,1.773973480E2
2.193270211E2,2.271532370E-2,7.533640019E-4,1.629345003E-3,9.997403622E-1,1.773967917E2,1.886222362E-1,-8.206560968E-2,1.773966525E2
2.193320211E2,2.272561266E-2,7.461531204E-4,1.635466702E-3,9.997401237E-1,1.773956124E2,1.893056148E-1,-8.122163388E-2,1.773954740E2
2.193370211E2,2.272536694E-2,7.467923569E-4,1.638586400E-3,9.997401237E-1,1.773956406E2,1.896646592E-1,-8.128678796E-2,1.773955018E2
2.193420211E2,2.272565655E-2,7.460613269E-4,1.634898712E-3,9.997401237E-1,1.773956074E2,1.892403091E-1,-8.121258877E-2,1.773954691E2
2.193470211E2,2.273073746E-2,7.427494274E-4,1.638664398E-3,9.997400045E-1,1.773950250E2,1.896634991E-1,-8.082240057E-2,1.773948870E2
2.193520211E2,2.273301060E-2,7.415494183E-4,1.644030213E-3,9.997399449E-1,1.773947644E2,1.902752758E-1,-8.067051534E-2,1.773946263E2
2.193570211E2,2.272255557E-2,7.474677404E-4,1.640898758E-3,9.997401834E-1,1.773959628E2,1.899310983E-1,-8.135867321E-2,1.773958237E2
2.193620211E2,2.271997951E-2,7.493965677E-4,1.639373600E-3,9.997402430E-1,1.773962581E2,1.897611858E-1,-8.158410361E-2,1.773961188E2
2.193670211E2,2.273056640E-2,7.425050717E-4,1.641146140E-3,9.997400045E-1,1.773950446E2,1.899471624E-1,-8.078797456E-2,1.773949065E2
2.193720211E2,2.272787852E-2,7.439965266E-4,1.641387236E-3,9.997400641E-1,1.773953527E2,1.899784507E-1,-8.095872109E-2,1.773952142E2
2.193770211E2,2.273081479E-2,7.417387096E-4,1.638049493E-3,9.997400045E-1,1.773950161E2,1.895904273E-1,-8.070819800E-2,1.773948784E2
2.193820211E2,2.272832404E-2,7.434721338E-4,1.635445049E-3,9.997400641E-1,1.773953016E2,1.892963708E-1,-8.091403815E-2,1.773951638E2
2.193870211E2,2.273328596E-2,7.416041917E-4,1.640193397E-3,9.997399449E-1,1.773947329E2,1.898358867E-1,-8.068673348E-2,1.773945950E2
2.193920211E2,2.273586589E-2,7.385133649E-4,1.642157207E-3,9.997398853E-1,1.773944372E2,1.900530193E-1,-8.032703624E-2,1.773942997E2
2.193970211E2,2.273080898E-2,7.422520430E-4,1.637897571E-3,9.997400045E-1,1.773950168E2,1.895743596E-1,-8.076740324E-2,1.773948790E2
2.194020211E2,2.272310251E-2,7.483415538E-4,1.632907195E-3,9.997401834E-1,1.773959001E2,1.890178874E-1,-8.147948515E-2,1.773957615E2
2.194070211E2,2.272854479E-2,7.435503067E-4,1.632338739E-3,9.997400641E-1,1.773952763E2,1.889407266E-1,-8.093104280E-2,1.773951387E2
2.194120211E2,2.272560458E-2,7.455821033E-4,1.635839464E-3,9.997401237E-1,1.773956133E2,1.893468313E-1,-8.115524786E-2,1.773954750E2
2.194170211E2,2.272290383E-2,7.475456805E-4,1.636033412E-3,9.997401834E-1,1.773959229E2,1.893739449E-1,-8.138020534E-2,1.773957842E2
2.194220211E2,2.272821633E-2,7.448791876E-4,1.636301517E-3,9.997400641E-1,1.773953140E2,1.893981461E-1,-8.107302243E-2,1.773951758E2
2.194270211E2,2.273611861E-2,7.388424710E-4,1.638506190E-3,9.997398853E-1,1.773944082E2,1.896356287E-1,-8.037420394E-2,1.773942710E2
2.194320211E2,2.273573168E-2,7.398271700E-4,1.643423457E-3,9.997398853E-1,1.773944526E2,1.902014963E-1,-8.047427447E-2,1.773943147E2
2.194370211E2,2.273326032E-2,7.412334089E-4,1.640716335E-3,9.997399449E-1,1.773947358E2,1.898948274E-1,-8.064289846E-2,1.773945980E2
2.194420211E2,2.273837879E-2,7.365454803E-4,1.644533011E-3,9.997398257E-1,1.773941491E2,1.903202701E-1,-8.009492334E-2,1.773940119E2
2.194470211E2,2.273536130E-2,7.398264133E-4,1.648539794E-3,9.997398853E-1,1.773944950E2,1.907876032E-1,-8.046092802E-2,1.773943568E2
2.194520211E2,2.273005059E-2,7.427102537E-4,1.648182282E-3,9.997400045E-1,1.773951037E2,1.907537311E-1,-8.079325074E-2,1.773949650E2
2.194570211E2,2.273580295E-2,7.385578356E-4,1.643008320E-3,9.997398853E-1,1.773944444E2,1.901506354E-1,-8.032992529E-2,1.773943069E2
2.194620211E2,2.274660657E-2,7.317611598E-4,1.641587121E-3,9.997396469E-1,1.773932061E2,1.899709692E-1,-7.955293586E-2,1.773930700E2
2.194670211E2,2.273848922E-2,7.381061441E-4,1.642304938E-3,9.997398257E-1,1.773941365E2,1.900690932E-1,-8.027950064E-2,1.773939991E2
2.194720211E2,2.274124354E-2,7.347671781E-4,1.641948824E-3,9.997397661E-1,1.773938208E2,1.900198146E-1,-7.989738714E-2,1.773936841E2
2.194770211E2,2.274677505E-2,7.319066208E-4,1.639185939E-3,9.997396469E-1,1.773931867E2,1.896962772E-1,-7.957582734E-2,1.773930508E2
2.194820211E2,2.275735801E-2,7.248401525E-4,1.640844042E-3,9.997394085E-1,1.773919737E2,1.898686446E-1,-7.875994810E-2,1.773918390E2
2.194870211E2,2.276004764E-2,7.217043312E-4,1.641236944E-3,9.997393489E-1,1.773916654E2,1.899056883E-1,-7.839916736E-2,1.773915313E2
2.194920211E2,2.275157241E-2,7.278901758E-4,1.647081808E-3,9.997395277E-1,1.773926369E2,1.905907536E-1,-7.909419933E-2,1.773925011E2
2.194970211E2,2.275173872E-2,7.271331851E-4,1.645117649E-3,9.997395277E-1,1.773926178E2,1.903637746E-1,-7.901256659E-2,1.773924823E2
2.195020211E2,2.275738741E-2,7.242603460E-4,1.640692237E-3,9.997394085E-1,1.773919703E2,1.898497435E-1,-7.869391477E-2,1.773918358E2
2.195070211E2,2.275181032E-2,7.275545504E-4,1.643940690E-3,9.997395277E-1,1.773926096E2,1.902300441E-1,-7.906389399E-2,1.773924741E2
2.195120211E2,2.274894208E-2,7.293484523E-4,1.646589371E-3,9.997395873E-1,1.773929384E2,1.905379330E-1,-7.926304728E-2,1.773928023E2
2.195170211E2,2.274910773E-2,7.295614341E-4,1.644204604E-3,9.997395873E-1,1.773929194E2,1.902652973E-1,-7.929363236E-2,1.773927835E2
2.195220211E2,2.274633022E-2,7.316338015E-4,1.645468525E-3,9.997396469E-1,1.773932377E2,1.904152771E-1,-7.952828041E-2,1.773931014E2
2.195270211E2,2.274391571E-2,7.335282280E-4,1.641782350E-3,9.997397065E-1,1.773935145E2,1.899977270E-1,-7.975537681E-2,1.773933780E2
2.195320211E2,2.274956201E-2,7.289988571E-4,1.638157526E-3,9.997395873E-1,1.773928673E2,1.895711004E-1,-7.924486110E-2,1.773927320E2
2.195370211E2,2.275215436E-2,7.285726024E-4,1.638720045E-3,9.997395277E-1,1.773925702E2,1.896346377E-1,-7.919407037E-2,1.773924349E2
2.195420211E2,2.274691654E-2,7.317122654E-4,1.637308160E-3,9.997396469E-1,1.773931705E2,1.894806594E-1,-7.955842969E-2,1.773930348E2
2.195470211E2,2.274151963E-2,7.359483861E-4,1.637590118E-3,9.997397661E-1,1.773937891E2,1.895235726E-1,-8.004401531E-2,1.773936525E2
2.195520211E2,2.273637145E-2,7.393489941E-4,1.634764951E-3,9.997398853E-1,1.773943792E2,1.892083645E-1,-8.044193212E-2,1.773942422E2
2.195570211E2,2.274176911E-2,7.345080376E-4,1.634769724E-3,9.997397661E-1,1.773937605E2,1.891967280E-1,-7.988630949E-2,1.773936245E2
2.195620211E2,2.274975261E-2,7.292978116E-4,1.635375200E-3,9.997395873E-1,1.773928455E2,1.892531458E-1,-7.928632744E-2,1.773927103E2
2.195670211E2,2.274969416E-2,7.294567185E-4,1.636117348E-3,9.997395873E-1,1.773928522E2,1.893385775E-1,-7.930260834E-2,1.773927169E2
2.195720211E2,2.274178254E-2,7.348909858E-4,1.634410815E-3,9.997397661E-1,1.773937590E2,1.891566099E-1,-7.993111355E-2,1.773936229E2
2.195770211E2,2.274167376E-2,7.345622871E-4,1.636071247E-3,9.997397661E-1,1.773937715E2,1.893459671E-1,-7.988915050E-2,1.773936353E2
2.195820211E2,2.274444028E-2,7.331430679E-4,1.634671935E-3,9.997397065E-1,1.773934544E2,1.891821804E-1,-7.972968551E-2,1.773933186E2
2.195870211E2,2.274159008E-2,7.358729490E-4,1.636645407E-3,9.997397661E-1,1.773937811E2,1.894151536E-1,-8.003782179E-2,1.773936446E2
2.195920211E2,2.274962055E-2,7.294582902E-4,1.637139823E-3,9.997395873E-1,1.773928606E2,1.894557127E-1,-7.930013667E-2,1.773927253E2
2.195970211E2,2.274901907E-2,7.298425189E-4,1.645306242E-3,9.997395873E-1,1.773929295E2,1.903922292E-1,-7.932297885E-2,1.773927935E2
2.196020211E2,2.274894330E-2,7.308183121E-4,1.645920565E-3,9.997395873E-1,1.773929382E2,1.904651455E-1,-7.943318035E-2,1.773928020E2
2.196070211E2,2.275164000E-2,7.277296390E-4,1.646218821E-3,9.997395277E-1,1.773926291E2,1.904914747E-1,-7.907804512E-2,1.773924934E2
2.196120211E2,2.276210216E-2,7.214906509E-4,1.649126760E-3,9.997392893E-1,1.773914299E2,1.908091658E-1,-7.835371706E-2,1.773912952E2
2.196170211E2,2.274810832E-2,7.294750540E-4,1.658012508E-3,9.997395873E-1,1.773930339E2,1.918468560E-1,-7.924793113E-2,1.773928970E2
2.196220211E2,2.273796608E-2,7.365395431E-4,1.650232240E-3,9.997398257E-1,1.773941964E2,1.909731375E-1,-8.007947114E-2,1.773940587E2
2.196270211E2,2.274628146E-2,7.323637838E-4,1.645817771E-3,9.997396469E-1,1.773932433E2,1.904571866E-1,-7.961100739E-2,1.773931068E2
2.196320211E2,2.274878838E-2,7.297800621E-4,1.648520469E-3,9.997395873E-1,1.773929560E2,1.907602767E-1,-7.930748826E-2,1.773928197E2
2.196370211E2,2.274602547E-2,7.313389215E-4,1.649806625E-3,9.997396469E-1,1.773932727E2,1.909114662E-1,-7.948324860E-2,1.773931360E2
2.196420211E2,2.273807357E-2,7.373479311E-4,1.648389036E-3,9.997398257E-1,1.773941841E2,1.907640914E-1,-8.017686388E-2,1.773940464E2
2.196470211E2,2.274610709E-2,7.327219937E-4,1.648066682E-3,9.997396469E-1,1.773932633E2,1.907157466E-1,-7.964621564E-2,1.773931265E2
2.196520211E2,2.274847229E-2,7.297312259E-4,1.652898034E-3,9.997395873E-1,1.773929922E2,1.912616276E-1,-7.929054183E-2,1.773928556E2
2.196570211E2,2.274853661E-2,7.309323410E-4,1.651481492E-3,9.997395873E-1,1.773929848E2,1.911024822E-1,-7.943182422E-2,1.773928481E2
2.196620211E2,2.274631389E-2,7.308920613E-4,1.646023826E-3,9.997396469E-1,1.773932396E2,1.904769586E-1,-7.944186095E-2,1.773931033E2
2.196670211E2,2.274636917E-2,7.322017336E-4,1.644677250E-3,9.997396469E-1,1.773932333E2,1.903261106E-1,-7.959539891E-2,1.773930968E2
2.196720211E2,2.274861513E-2,7.307625492E-4,1.650474849E-3,9.997395873E-1,1.773929758E2,1.909867225E-1,-7.941498183E-2,1.773928392E2
2.196770211E2,2.274065781E-2,7.352792309E-4,1.649813144E-3,9.997397661E-1,1.773938879E2,1.909220559E-1,-7.993566551E-2,1.773937505E2
2.196820211E2,2.274583418E-2,7.313428796E-4,1.652440056E-3,9.997396469E-1,1.773932946E2,1.912131528E-1,-7.947687421E-2,1.773931577E2
2.196870211E2,2.275350928E-2,7.271976792E-4,1.656781998E-3,9.997394681E-1,1.773924149E2,1.917003754E-1,-7.898920321E-2,1.773922785E2
2.196920211E2,2.275091168E-2,7.283227169E-4,1.655993168E-3,9.997395277E-1,1.773927126E2,1.916127336E-1,-7.912064424E-2,1.773925760E2
2.196970211E2,2.274810014E-2,7.300690631E-4,1.657863264E-3,9.997395873E-1,1.773930349E2,1.918313062E-1,-7.931637250E-2,1.773928978E2
2.197020211E2,2.273743321E-2,7.372087566E-4,1.657260582E-3,9.997398257E-1,1.773942575E2,1.917800209E-1,-8.013792576E-2,1.773941191E2
2.197070211E2,2.274226301E-2,7.333259564E-4,1.664608368E-3,9.997397065E-1,1.773937039E2,1.926120658E-1,-7.967302884E-2,1.773935657E2
2.197120211E2,2.274757653E-2,7.296947879E-4,1.665196382E-3,9.997395873E-1,1.773930949E2,1.926703866E-1,-7.925447920E-2,1.773929573E2
2.197170211E2,2.274238975E-2,7.339078002E-4,1.662619179E-3,9.997397065E-1,1.773936894E2,1.923857068E-1,-7.974484577E-2,1.773935512E2
2.197220211E2,2.274248104E-2,7.349126390E-4,1.660925802E-3,9.997397065E-1,1.773936789E2,1.921943362E-1,-7.986435767E-2,1.773935407E2
2.197270211E2,2.274222910E-2,7.348376676E-4,1.664404990E-3,9.997397065E-1,1.773937078E2,1.925927040E-1,-7.984674974E-2,1.773935693E2
2.197320211E2,2.274534250E-2,7.318214630E-4,1.658983063E-3,9.997396469E-1,1.773933510E2,1.919639422E-1,-7.951474084E-2,1.773932135E2
2.197370211E2,2.274314164E-2,7.330458029E-4,1.652684761E-3,9.997397065E-1,1.773936032E2,1.912454115E-1,-7.967184135E-2,1.773934660E2
2.197420211E2,2.275644102E-2,7.253399817E-4,1.653293730E-3,9.997394085E-1,1.773920788E2,1.912961385E-1,-7.878491682E-2,1.773919431E2
2.197470211E2,2.275603589E-2,7.252239157E-4,1.658911351E-3,9.997394085E-1,1.773921253E2,1.919393705E-1,-7.875704803E-2,1.773919891E2
2.197520211E2,2.275363988E-2,7.259456324E-4,1.655537053E-3,9.997394681E-1,1.773923999E2,1.915544970E-1,-7.884898771E-2,1.773922638E2
2.197570211E2,2.275648428E-2,7.238818798E-4,1.653337269E-3,9.997394085E-1,1.773920739E2,1.912973270E-1,-7.861775230E-2,1.773919384E2
2.197620211E2,2.275886910E-2,7.219908293E-4,1.657374669E-3,9.997393489E-1,1.773918005E2,1.917551150E-1,-7.839012394E-2,1.773916651E2
2.197670211E2,2.276674698E-2,7.170434692E-4,1.659186441E-3,9.997391701E-1,1.773908975E2,1.919503840E-1,-7.781710791E-2,1.773907629E2
2.197720211E2,2.276436551E-2,7.186426665E-4,1.655251137E-3,9.997392297E-1,1.773911705E2,1.915035343E-1,-7.801103814E-2,1.773910359E2
2.197770211E2,2.275622091E-2,7.242257707E-4,1.656808075E-3,9.997394085E-1,1.773921041E2,1.916958261E-1,-7.864814823E-2,1.773919682E2
2.197820211E2,2.276416173E-2,7.195905782E-4,1.657640096E-3,9.997392297E-1,1.773911939E2,1.917796756E-1,-7.811343946E-2,1.773910589E2
2.197870211E2,2.276699072E-2,7.165088318E-4,1.656069886E-3,9.997391701E-1,1.773908696E2,1.915919689E-1,-7.776394336E-2,1.773907353E2
2.197920211E2,2.276443048E-2,7.192327757E-4,1.654100837E-3,9.997392297E-1,1.773911631E2,1.913732982E-1,-7.808163048E-2,1.773910284E2
2.197970211E2,2.275646440E-2,7.240047562E-4,1.653557061E-3,9.997394085E-1,1.773920761E2,1.913228258E-1,-7.863125985E-2,1.773919406E2
2.198020211E2,2.277217731E-2,7.135715568E-4,1.657990157E-3,9.997390509E-1,1.773902751E2,1.918046966E-1,-7.742143896E-2,1.773901413E2
2.198070211E2,2.276694890E-2,7.172237383E-4,1.656335313E-3,9.997391701E-1,1.773908744E2,1.916242389E-1,-7.784515978E-2,1.773907400E2
2.198120211E2,2.276422819E-2,7.195003564E-4,1.656766399E-3,9.997392297E-1,1.773911862E2,1.916793529E-1,-7.810536997E-2,1.773910513E2
2.198170211E2,2.276953393E-2,7.156835636E-4,1.657443470E-3,9.997391105E-1,1.773905781E2,1.917473738E-1,-7.766532770E-2,1.773904439E2
2.198220211E2,2.276897144E-2,7.150523597E-4,1.665423857E-3,9.997391105E-1,1.773906426E2,1.926599327E-1,-7.757230080E-2,1.773905079E2
2.198270211E2,2.275603479E-2,7.239497500E-4,1.659482834E-3,9.997394085E-1,1.773921254E2,1.920015176E-1,-7.860958729E-2,1.773919894E2
2.198320211E2,2.275642263E-2,7.254201337E-4,1.653511659E-3,9.997394085E-1,1.773920809E2,1.913213126E-1,-7.879353436E-2,1.773919451E2
2.198370211E2,2.275916985E-2,7.228506729E-4,1.652863808E-3,9.997393489E-1,1.773917660E2,1.912406077E-1,-7.850033642E-2,1.773916308E2
2.198420211E2,2.275614634E-2,7.255015662E-4,1.657274086E-3,9.997394085E-1,1.773921126E2,1.917525348E-1,-7.879310462E-2,1.773919765E2
2.198470211E2,2.274817070E-2,7.306137704E-4,1.656654640E-3,9.997395873E-1,1.773930268E2,1.916942694E-1,-7.938191234E-2,1.773928897E2
2.198520211E2,2.274562533E-2,7.313281531E-4,1.655318891E-3,9.997396469E-1,1.773933185E2,1.915429033E-1,-7.946772310E-2,1.773931814E2
2.198570211E2,2.274757140E-2,7.296401891E-4,1.665290329E-3,9.997395873E-1,1.773930955E2,1.926810066E-1,-7.924798036E-2,1.773929579E2
2.198620211E2,2.275011532E-2,7.289632922E-4,1.666617813E-3,9.997395277E-1,1.773928039E2,1.928315228E-1,-7.916648266E-2,1.773926664E2
2.198670211E2,2.273988001E-2,7.349774824E-4,1.660632901E-3,9.997397661E-1,1.773939771E2,1.921607420E-1,-7.987304955E-2,1.773938388E2
2.198720211E2,2.273737892E-2,7.371535175E-4,1.658029738E-3,9.997398257E-1,1.773942637E2,1.918679888E-1,-8.012960373E-2,1.773941253E2
2.198770211E2,2.273998631E-2,7.362024626E-4,1.658633468E-3,9.997397661E-1,1.773939649E2,1.919348837E-1,-8.001857548E-2,1.773938266E2
2.198820211E2,2.274022763E-2,7.358355215E-4,1.655484783E-3,9.997397661E-1,1.773939372E2,1.915732265E-1,-7.998469713E-2,1.773937992E2
2.198870211E2,2.272982012E-2,7.434131112E-4,1.651041443E-3,9.997400045E-1,1.773951301E2,1.910830951E-1,-8.086636784E-2,1.773949910E2
2.198920211E2,2.273557151E-2,7.392590633E-4,1.645893091E-3,9.997398853E-1,1.773944709E2,1.904829297E-1,-8.040278710E-2,1.773943330E2
2.198970211E2,2.274644034E-2,7.321839803E-4,1.643700525E-3,9.997396469E-1,1.773932251E2,1.902141743E-1,-7.959589752E-2,1.773930888E2
2.199020211E2,2.273589688E-2,7.396560395E-4,1.641213545E-3,9.997398853E-1,1.773944336E2,1.899478913E-1,-8.046039590E-2,1.773942960E2
2.199070211E2,2.273614354E-2,7.394013228E-4,1.637907932E-3,9.997398853E-1,1.773944053E2,1.895685492E-1,-8.043978105E-2,1.773942681E2
2.199120211E2,2.274672319E-2,7.323682657E-4,1.639699331E-3,9.997396469E-1,1.773931927E2,1.897562918E-1,-7.962738578E-2,1.773930566E2
2.199170211E2,2.274394222E-2,7.335472619E-4,1.641406561E-3,9.997397065E-1,1.773935115E2,1.899547276E-1,-7.975853179E-2,1.773933750E2
2.199220211E2,2.273894114E-2,7.378477603E-4,1.636152389E-3,9.997398257E-1,1.773940847E2,1.893636067E-1,-8.026584632E-2,1.773939478E2
2.199270211E2,2.274694361E-2,7.315053954E-4,1.637024572E-3,9.997396469E-1,1.773931674E2,1.894476338E-1,-7.953546440E-2,1.773930317E2
2.199320211E2,2.274945769E-2,7.293312810E-4,1.639457769E-3,9.997395873E-1,1.773928793E2,1.897209174E-1,-7.927957418E-2,1.773927438E2
2.199370211E2,2.274368743E-2,7.340034354E-4,1.644729753E-3,9.997397065E-1,1.773935407E2,1.903366084E-1,-7.980217876E-2,1.773934039E2
2.199420211E2,2.274948765E-2,7.295695832E-4,1.638935995E-3,9.997395873E-1,1.773928758E2,1.896617657E-1,-7.930822910E-2,1.773927404E2
2.199470211E2,2.274676263E-2,7.311422378E-4,1.639699331E-3,9.997396469E-1,1.773931882E2,1.897530987E-1,-7.948692236E-2,1.773930523E2
2.199520211E2,2.274393616E-2,7.337753195E-4,1.641388633E-3,9.997397065E-1,1.773935121E2,1.899532677E-1,-7.978470636E-2,1.773933757E2
2.199570211E2,2.274396270E-2,7.329071523E-4,1.641408657E-3,9.997397065E-1,1.773935091E2,1.899533007E-1,-7.968519034E-2,1.773933728E2
2.199620211E2,2.274425092E-2,7.328347419E-4,1.637442503E-3,9.997397065E-1,1.773934761E2,1.894987639E-1,-7.968717766E-2,1.773933401E2
2.199670211E2,2.274443887E-2,7.333106478E-4,1.634616405E-3,9.997397065E-1,1.773934545E2,1.891762555E-1,-7.974902877E-2,1.773933187E2
2.199720211E2,2.274182995E-2,7.347203209E-4,1.633827807E-3,9.997397661E-1,1.773937536E2,1.890893782E-1,-7.991307233E-2,1.773936175E2
2.199770211E2,2.273907658E-2,7.369419327E-4,1.634677639E-3,9.997398257E-1,1.773940692E2,1.891923065E-1,-8.016589040E-2,1.773939326E2
2.199820211E2,2.273378718E-2,7.407054072E-4,1.633639331E-3,9.997399449E-1,1.773946754E2,1.890827372E-1,-8.060074686E-2,1.773945382E2
2.199870211E2,2.274426385E-2,7.341579767E-4,1.636669971E-3,9.997397065E-1,1.773934746E2,1.894137113E-1,-7.984078089E-2,1.773933384E2
2.199920211E2,2.274962607E-2,7.300479338E-4,1.636800240E-3,9.997395873E-1,1.773928600E2,1.894183472E-1,-7.936857155E-2,1.773927246E2
2.199970211E2,2.274445590E-2,7.339337608E-4,1.634099754E-3,9.997397065E-1,1.773934526E2,1.891186925E-1,-7.982175711E-2,1.773933167E2
2.200020211E2,2.275001831E-2,7.290703361E-4,1.631776453E-3,9.997395873E-1,1.773928150E2,1.888402936E-1,-7.926959943E-2,1.773926802E2
2.200070211E2,2.275800733E-2,7.231457275E-4,1.632565050E-3,9.997394085E-1,1.773918993E2,1.889158174E-1,-7.858730022E-2,1.773917656E2
2.200120211E2,2.275266408E-2,7.268683985E-4,1.632387517E-3,9.997395277E-1,1.773925117E2,1.889047663E-1,-7.901524854E-2,1.773923773E2
2.200170211E2,2.274772504E-2,7.306389743E-4,1.626519370E-3,9.997396469E-1,1.773930779E2,1.882419387E-1,-7.946344294E-2,1.773929432E2
2.200220211E2,2.275053083E-2,7.289660862E-4,1.624661963E-3,9.997395873E-1,1.773927563E2,1.880250113E-1,-7.927610816E-2,1.773926220E2
2.200270211E2,2.275538599E-2,7.262489526E-4,1.631226158E-3,9.997394681E-1,1.773921998E2,1.887703181E-1,-7.894679791E-2,1.773920655E2
2.200320211E2,2.274713475E-2,7.313984679E-4,1.634414191E-3,9.997396469E-1,1.773931455E2,1.891483194E-1,-7.952998304E-2,1.773930101E2
2.200370211E2,2.274985994E-2,7.298823330E-4,1.633620472E-3,9.997395873E-1,1.773928332E2,1.890536529E-1,-7.935784564E-2,1.773926981E2
2.200420211E2,2.276061519E-2,7.230158080E-4,1.632767147E-3,9.997393489E-1,1.773916004E2,1.889388362E-1,-7.857139649E-2,1.773914667E2
2.200470211E2,2.275251196E-2,7.277373807E-4,1.634119777E-3,9.997395277E-1,1.773925292E2,1.891054716E-1,-7.911031274E-2,1.773923945E2
2.200520211E2,2.275262957E-2,7.271665381E-4,1.632735715E-3,9.997395277E-1,1.773925157E2,1.889454313E-1,-7.904850257E-2,1.773923812E2
2.200570211E2,2.275273596E-2,7.271646173E-4,1.631253283E-3,9.997395277E-1,1.773925035E2,1.887756041E-1,-7.905212772E-2,1.773923691E2
2.200620211E2,2.275273195E-2,7.267904584E-4,1.631475985E-3,9.997395277E-1,1.773925040E2,1.888001413E-1,-7.900868350E-2,1.773923696E2
2.200670211E2,2.274982285E-2,7.301299484E-4,1.634026296E-3,9.997395873E-1,1.773928374E2,1.891007876E-1,-7.938516189E-2,1.773927022E2
2.200720211E2,2.274429406E-2,7.327286876E-4,1.636890694E-3,9.997397065E-1,1.773934711E2,1.894352745E-1,-7.967645796E-2,1.773933352E2
2.200770211E2,2.275264267E-2,7.281465223E-4,1.632116386E-3,9.997395277E-1,1.773925142E2,1.888770361E-1,-7.916238365E-2,1.773923796E2
2.200820211E2,2.275519360E-2,7.254293887E-4,1.634271815E-3,9.997394681E-1,1.773922218E2,1.891170825E-1,-7.884500143E-2,1.773920875E2
2.200870211E2,2.275502027E-2,7.263141451E-4,1.636290923E-3,9.997394681E-1,1.773922417E2,1.893506895E-1,-7.894112829E-2,1.773921071E2
2.200920211E2,2.275509217E-2,7.260446437E-4,1.635410474E-3,9.997394681E-1,1.773922334E2,1.892491262E-1,-7.891253604E-2,1.773920989E2
2.200970211E2,2.276329198E-2,7.205313887E-4,1.633044798E-3,9.997392893E-1,1.773912936E2,1.889643732E-1,-7.828554694E-2,1.773911603E2
2.201020211E2,2.275759831E-2,7.244264707E-4,1.637690817E-3,9.997394085E-1,1.773919462E2,1.895063444E-1,-7.872073385E-2,1.773918118E2
2.201070211E2,2.275506935E-2,7.252581418E-4,1.636076835E-3,9.997394681E-1,1.773922360E2,1.893234130E-1,-7.882069967E-2,1.773921016E2
2.201120211E2,2.275512400E-2,7.257763646E-4,1.635086606E-3,9.997394681E-1,1.773922298E2,1.892113261E-1,-7.888264004E-2,1.773920954E2
2.201170211E2,2.276553360E-2,7.194867940E-4,1.638737158E-3,9.997392297E-1,1.773910366E2,1.896139519E-1,-7.815060202E-2,1.773909031E2
2.201220211E2,2.276533183E-2,7.184525020E-4,1.641990617E-3,9.997392297E-1,1.773910597E2,1.899839606E-1,-7.802366222E-2,1.773909262E2
2.201270211E2,2.276242804E-2,7.198388921E-4,1.645346172E-3,9.997392893E-1,1.773913926E2,1.903717702E-1,-7.817428825E-2,1.773912585E2
2.201320211E2,2.277058925E-2,7.149678422E-4,1.643192954E-3,9.997391105E-1,1.773904571E2,1.901130192E-1,-7.762031710E-2,1.773903242E2
2.201370211E2,2.278124196E-2,7.071803557E-4,1.643964904E-3,9.997388721E-1,1.773892361E2,1.901819499E-1,-7.672412849E-2,1.773891046E2
2.201420211E2,2.278685930E-2,7.045659004E-4,1.639724360E-3,9.997387528E-1,1.773885922E2,1.896897477E-1,-7.643461695E-2,1.773884616E2
2.201470211E2,2.277386249E-2,7.130139275E-4,1.634923159E-3,9.997390509E-1,1.773900820E2,1.891607686E-1,-7.741743361E-2,1.773899500E2
2.201520211E2,2.277416919E-2,7.128829020E-4,1.630702638E-3,9.997390509E-1,1.773900468E2,1.886769388E-1,-7.741338006E-2,1.773899152E2
2.201570211E2,2.277931323E-2,7.094448083E-4,1.633434556E-3,9.997389317E-1,1.773894572E2,1.889813354E-1,-7.701140388E-2,1.773893260E2
2.201620211E2,2.277924481E-2,7.100905641E-4,1.634108019E-3,9.997389317E-1,1.773894650E2,1.890601693E-1,-7.708363766E-2,1.773893337E2
2.201670211E2,2.276896754E-2,7.159049273E-4,1.628931030E-3,9.997391701E-1,1.773906430E2,1.884814629E-1,-7.776519276E-2,1.773905110E2
2.201720211E2,2.277693155E-2,7.104980759E-4,1.629704027E-3,9.997389913E-1,1.773897302E2,1.885565244E-1,-7.714225557E-2,1.773895991E2
2.201770211E2,2.277391969E-2,7.137970533E-4,1.633784268E-3,9.997390509E-1,1.773900754E2,1.890323434E-1,-7.751011134E-2,1.773899434E2
2.201820211E2,2.276035986E-2,7.216458325E-4,1.636927132E-3,9.997393489E-1,1.773916296E2,1.894118191E-1,-7.840364755E-2,1.773914959E2
2.201870211E2,2.276304295E-2,7.211448392E-4,1.636242145E-3,9.997392893E-1,1.773913221E2,1.893322489E-1,-7.834753140E-2,1.773911885E2
2.201920211E2,2.276835077E-2,7.174553466E-4,1.636850531E-3,9.997391701E-1,1.773907137E2,1.893927353E-1,-7.792226419E-2,1.773905808E2
2.201970211E2,2.277361839E-2,7.138955407E-4,1.637935871E-3,9.997390509E-1,1.773901099E2,1.895081933E-1,-7.751061633E-2,1.773899776E2
2.202020211E2,2.276005024E-2,7.225248264E-4,1.640839735E-3,9.997393489E-1,1.773916651E2,1.898623237E-1,-7.849420024E-2,1.773915309E2
2.202070211E2,2.276537020E-2,7.178991218E-4,1.641700743E-3,9.997392297E-1,1.773910554E2,1.899493112E-1,-7.796101498E-2,1.773909219E2
2.202120211E2,2.277600598E-2,7.118295180E-4,1.642012037E-3,9.997389913E-1,1.773898363E2,1.899699594E-1,-7.726283758E-2,1.773897040E2
2.202170211E2,2.277859017E-2,7.100070943E-4,1.643244177E-3,9.997389317E-1,1.773895401E2,1.901065579E-1,-7.705035026E-2,1.773894081E2
2.202220211E2,2.277882733E-2,7.087659324E-4,1.640490140E-3,9.997389317E-1,1.773895129E2,1.897878278E-1,-7.691530469E-2,1.773893813E2
2.202270211E2,2.278434789E-2,7.060939097E-4,1.637623413E-3,9.997388124E-1,1.773888801E2,1.894528570E-1,-7.661563040E-2,1.773887493E2
2.202320211E2,2.279731390E-2,6.975068245E-4,1.642784686E-3,9.997385144E-1,1.773873939E2,1.900227004E-1,-7.561593885E-2,1.773872644E2
2.202370211E2,2.278915705E-2,7.029989501E-4,1.644797157E-3,9.997386932E-1,1.773883289E2,1.902669808E-1,-7.624142054E-2,1.773881981E2
2.202420211E2,2.278414682E-2,7.065404207E-4,1.640226226E-3,9.997388124E-1,1.773889032E2,1.897521912E-1,-7.666002558E-2,1.773887720E2
2.202470211E2,2.278932487E-2,7.015582523E-4,1.643086202E-3,9.997386932E-1,1.773883096E2,1.900672201E-1,-7.608080820E-2,1.773881793E2
2.202520211E2,2.279699118E-2,6.966026267E-4,1.647639670E-3,9.997385144E-1,1.773874309E2,1.905765103E-1,-7.549973027E-2,1.773873012E2
2.202570211E2,2.278931578E-2,7.015186129E-4,1.643229160E-3,9.997386932E-1,1.773883107E2,1.900834934E-1,-7.607589542E-2,1.773881803E2
2.202620211E2,2.279749190E-2,6.968202069E-4,1.640604460E-3,9.997385144E-1,1.773873735E2,1.897711488E-1,-7.554294089E-2,1.773872443E2
2.202670211E2,2.280258691E-2,6.928323419E-4,1.644125441E-3,9.997383952E-1,1.773867895E2,1.901644826E-1,-7.507591672E-2,1.773866608E2
2.202720211E2,2.279931764E-2,6.956611760E-4,1.652007108E-3,9.997384548E-1,1.773871643E2,1.910745683E-1,-7.538002167E-2,1.773870344E2
2.202770211E2,2.279392854E-2,6.986011867E-4,1.652990817E-3,9.997385740E-1,1.773877820E2,1.911945382E-1,-7.571529455E-2,1.773876514E2
2.202820211E2,2.278890908E-2,7.027809625E-4,1.648322213E-3,9.997386932E-1,1.773883573E2,1.906702301E-1,-7.620728883E-2,1.773882263E2
2.202870211E2,2.279435060E-2,6.992050330E-4,1.646904275E-3,9.997385740E-1,1.773877336E2,1.904988611E-1,-7.580029057E-2,1.773876034E2
2.202920211E2,2.279159579E-2,7.009484107E-4,1.648106496E-3,9.997386336E-1,1.773880493E2,1.906409350E-1,-7.599739968E-2,1.773879187E2
2.202970211E2,2.278906032E-2,7.029351545E-4,1.646163990E-3,9.997386932E-1,1.773883400E2,1.904233938E-1,-7.623056084E-2,1.773882091E2
2.203020211E2,2.278385673E-2,7.059494383E-4,1.644504722E-3,9.997388124E-1,1.773889364E2,1.902407790E-1,-7.658120567E-2,1.773888051E2
2.203070211E2,2.278370239E-2,7.058217889E-4,1.646696357E-3,9.997388124E-1,1.773889541E2,1.904915120E-1,-7.656088905E-2,1.773888226E2
2.203120211E2,2.278342623E-2,7.058746996E-4,1.650490216E-3,9.997388124E-1,1.773889857E2,1.909262612E-1,-7.655709774E-2,1.773888540E2
2.203170211E2,2.278122476E-2,7.082259399E-4,1.643753028E-3,9.997388721E-1,1.773892381E2,1.901604056E-1,-7.684446879E-2,1.773891064E2
2.203220211E2,2.278654908E-2,7.045392995E-4,1.644041156E-3,9.997387528E-1,1.773886278E2,1.901841955E-1,-7.642035599E-2,1.773884968E2
2.203270211E2,2.279457395E-2,6.982075865E-4,1.644233824E-3,9.997385740E-1,1.773877080E2,1.901903400E-1,-7.569295465E-2,1.773875782E2
2.203320211E2,2.278899685E-2,7.028252003E-4,1.647089375E-3,9.997386932E-1,1.773883472E2,1.905291158E-1,-7.621555968E-2,1.773882163E2
2.203370211E2,2.278387590E-2,7.062919904E-4,1.644092030E-3,9.997388124E-1,1.773889342E2,1.901943960E-1,-7.662152289E-2,1.773888028E2
2.203420211E2,2.279169726E-2,6.998996250E-4,1.647148631E-3,9.997386336E-1,1.773880377E2,1.905284682E-1,-7.587973154E-2,1.773879074E2
2.203470211E2,2.278874593E-2,7.025500527E-4,1.650674501E-3,9.997386932E-1,1.773883760E2,1.909390974E-1,-7.617472346E-2,1.773882449E2
2.203520211E2,2.278661990E-2,7.035614690E-4,1.643478288E-3,9.997387528E-1,1.773886197E2,1.901171640E-1,-7.630979044E-2,1.773884889E2
2.203570211E2,2.279456079E-2,6.994462456E-4,1.643889816E-3,9.997385740E-1,1.773877095E2,1.901541648E-1,-7.583575858E-2,1.773875795E2
2.203620211E2,2.279676152E-2,6.970373797E-4,1.650630729E-3,9.997385144E-1,1.773874572E2,1.909202905E-1,-7.554176608E-2,1.773873272E2
2.203670211E2,2.279685553E-2,6.963339401E-4,1.649628975E-3,9.997385144E-1,1.773874465E2,1.908036968E-1,-7.546377798E-2,1.773873166E2
2.203720211E2,2.279469187E-2,6.979973405E-4,1.642687595E-3,9.997385740E-1,1.773876945E2,1.900126606E-1,-7.567288516E-2,1.773875648E2
2.203770211E2,2.279459910E-2,6.980943144E-4,1.643933239E-3,9.997385740E-1,1.773877051E2,1.901556104E-1,-7.568075841E-2,1.773875753E2
2.203820211E2,2.279689046E-2,6.960291066E-4,1.649274840E-3,9.997385144E-1,1.773874425E2,1.907623326E-1,-7.542977425E-2,1.773873127E2
2.203870211E2,2.279230173E-2,6.995418807E-4,1.638915855E-3,9.997386336E-1,1.773879684E2,1.895844162E-1,-7.586013607E-2,1.773878388E2
2.203920211E2,2.278461696E-2,7.065445534E-4,1.633680658E-3,9.997388124E-1,1.773888493E2,1.890023644E-1,-7.667750067E-2,1.773887187E2
2.203970211E2,2.278156476E-2,7.078750641E-4,1.639185706E-3,9.997388721E-1,1.773891991E2,1.896362738E-1,-7.681613115E-2,1.773890678E2
2.204020211E2,2.278137654E-2,7.080706418E-4,1.641715178E-3,9.997388721E-1,1.773892207E2,1.899265515E-1,-7.683196891E-2,1.773890892E2
2.204070211E2,2.277659807E-2,7.105565746E-4,1.634332584E-3,9.997389913E-1,1.773897684E2,1.890869083E-1,-7.713693899E-2,1.773896370E2
2.204120211E2,2.278184710E-2,7.080102805E-4,1.635198365E-3,9.997388721E-1,1.773891667E2,1.891798506E-1,-7.684197814E-2,1.773890357E2
2.204170211E2,2.278938453E-2,7.017113385E-4,1.642193063E-3,9.997386932E-1,1.773883028E2,1.899653047E-1,-7.610066718E-2,1.773881725E2
2.204220211E2,2.278714541E-2,7.033742731E-4,1.636256347E-3,9.997387528E-1,1.773885594E2,1.892893550E-1,-7.630710405E-2,1.773884293E2
2.204270211E2,2.278475108E-2,7.053341251E-4,1.632332685E-3,9.997388124E-1,1.773888339E2,1.888447873E-1,-7.654232628E-2,1.773887036E2
2.204320211E2,2.278469881E-2,7.053672452E-4,1.633047825E-3,9.997388124E-1,1.773888399E2,1.889267976E-1,-7.654426318E-2,1.773887096E2
2.204370211E2,2.278187316E-2,7.078862400E-4,1.634889049E-3,9.997388721E-1,1.773891638E2,1.891440929E-1,-7.682857046E-2,1.773890328E2
2.204420211E2,2.277911367E-2,7.094838656E-4,1.636198256E-3,9.997389317E-1,1.773894801E2,1.892980371E-1,-7.700870164E-2,1.773893487E2
2.204470211E2,2.277153680E-2,7.145042764E-4,1.630212413E-3,9.997391105E-1,1.773903485E2,1.886248053E-1,-7.760090356E-2,1.773902167E2
2.204520211E2,2.276842517E-2,7.165047573E-4,1.636231900E-3,9.997391701E-1,1.773907052E2,1.893193889E-1,-7.781496309E-2,1.773905725E2
2.204570211E2,2.277316344E-2,7.136677159E-4,1.644348027E-3,9.997390509E-1,1.773901621E2,1.902421533E-1,-7.746786846E-2,1.773900293E2
2.204620211E2,2.277075245E-2,7.142436807E-4,1.641245210E-3,9.997391105E-1,1.773904384E2,1.898880044E-1,-7.754240748E-2,1.773903058E2
2.204670211E2,2.276832565E-2,7.175212377E-4,1.637171139E-3,9.997391701E-1,1.773907166E2,1.894296347E-1,-7.792898101E-2,1.773905836E2
2.204720211E2,2.277107712E-2,7.157445070E-4,1.636078698E-3,9.997391105E-1,1.773904012E2,1.893000600E-1,-7.772776510E-2,1.773902687E2
2.204770211E2,2.276561999E-2,7.179948152E-4,1.638191286E-3,9.997392297E-1,1.773910267E2,1.895475297E-1,-7.798108609E-2,1.773908936E2
2.204820211E2,2.276020086E-2,7.228799514E-4,1.638592570E-3,9.997393489E-1,1.773916479E2,1.896058219E-1,-7.854071657E-2,1.773915137E2
2.204870211E2,2.276316567E-2,7.207200979E-4,1.634721295E-3,9.997392893E-1,1.773913080E2,1.891569187E-1,-7.830281635E-2,1.773911746E2
2.204920211E2,2.276864039E-2,7.162816473E-4,1.633332227E-3,9.997391701E-1,1.773906805E2,1.889866309E-1,-7.779692838E-2,1.773905481E2
2.204970211E2,2.276061242E-2,7.219785475E-4,1.633264590E-3,9.997393489E-1,1.773916007E2,1.889931183E-1,-7.845126916E-2,1.773914671E2
2.205020211E2,2.276062637E-2,7.215706864E-4,1.633250504E-3,9.997393489E-1,1.773915991E2,1.889904417E-1,-7.840457799E-2,1.773914656E2
2.205070211E2,2.276329170E-2,7.205266156E-4,1.633050735E-3,9.997392893E-1,1.773912936E2,1.889650409E-1,-7.828498470E-2,1.773911603E2
2.205120211E2,2.276321725E-2,7.197819650E-4,1.634416403E-3,9.997392893E-1,1.773913021E2,1.891195462E-1,-7.819612781E-2,1.773911689E2
2.205170211E2,2.276308234E-2,7.213021163E-4,1.635624678E-3,9.997392893E-1,1.773913176E2,1.892619240E-1,-7.836715260E-2,1.773911840E2
2.205220211E2,2.275517797E-2,7.252602372E-4,1.634564484E-3,9.997394681E-1,1.773922236E2,1.891501688E-1,-7.882486291E-2,1.773920893E2
2.205270211E2,2.275253167E-2,7.276233518E-4,1.633896143E-3,9.997395277E-1,1.773925269E2,1.890795559E-1,-7.909782877E-2,1.773923922E2
2.205320211E2,2.275786350E-2,7.244609296E-4,1.633986365E-3,9.997394085E-1,1.773919158E2,1.890820653E-1,-7.873429246E-2,1.773917817E2
2.205370211E2,2.275803488E-2,7.243733853E-4,1.631636522E-3,9.997394085E-1,1.773918961E2,1.888126475E-1,-7.873035925E-2,1.773917623E2
2.205420211E2,2.275003584E-2,7.303259918E-4,1.630970393E-3,9.997395873E-1,1.773928130E2,1.887512250E-1,-7.941554773E-2,1.773926780E2
2.205470211E2,2.275559808E-2,7.263221778E-4,1.628232072E-3,9.997394681E-1,1.773921754E2,1.884275170E-1,-7.896295446E-2,1.773920415E2
2.205520211E2,2.275514115E-2,7.264728192E-4,1.634538523E-3,9.997394681E-1,1.773922278E2,1.891503542E-1,-7.896385309E-2,1.773920933E2
2.205570211E2,2.274474932E-2,7.325254846E-4,1.630643848E-3,9.997397065E-1,1.773934189E2,1.887191289E-1,-7.966937478E-2,1.773932836E2
2.205620211E2,2.273960328E-2,7.359344745E-4,1.627790276E-3,9.997398257E-1,1.773940088E2,1.884006919E-1,-8.006832233E-2,1.773938730E2
2.205670211E2,2.275042255E-2,7.296931581E-4,1.625851495E-3,9.997395873E-1,1.773927687E2,1.881631738E-1,-7.935632189E-2,1.773926342E2
2.205720211E2,2.274431266E-2,7.341668243E-4,1.635987544E-3,9.997397065E-1,1.773934690E2,1.893355580E-1,-7.984356395E-2,1.773933329E2
2.205770211E2,2.273084609E-2,7.420235197E-4,1.637486042E-3,9.997400045E-1,1.773950125E2,1.895266217E-1,-8.074228816E-2,1.773948748E2
2.205820211E2,2.273371149E-2,7.400136092E-4,1.635005698E-3,9.997399449E-1,1.773946841E2,1.892374626E-1,-8.051794784E-2,1.773945469E2
2.205870211E2,2.273307936E-2,7.402928895E-4,1.643645577E-3,9.997399449E-1,1.773947566E2,1.902279428E-1,-8.052755408E-2,1.773946187E2
2.205920211E2,2.273290165E-2,7.406235090E-4,1.645952929E-3,9.997399449E-1,1.773947769E2,1.904931251E-1,-8.055945329E-2,1.773946388E2
2.205970211E2,2.273827642E-2,7.380773895E-4,1.645261538E-3,9.997398257E-1,1.773941609E2,1.904077157E-1,-8.026854274E-2,1.773940233E2
2.206020211E2,2.274371597E-2,7.330692024E-4,1.644751756E-3,9.997397065E-1,1.773935374E2,1.903366961E-1,-7.969508859E-2,1.773934008E2
2.206070211E2,2.274612595E-2,7.319472497E-4,1.648150617E-3,9.997396469E-1,1.773932612E2,1.907233442E-1,-7.955723721E-2,1.773931245E2
2.206120211E2,2.273811229E-2,7.373732515E-4,1.647843630E-3,9.997398257E-1,1.773941797E2,1.907016776E-1,-8.018117842E-2,1.773940420E2
2.206170211E2,2.273864560E-2,7.376754656E-4,1.640332164E-3,9.997398257E-1,1.773941186E2,1.898419782E-1,-8.023527226E-2,1.773939814E2
2.206220211E2,2.273799080E-2,7.368976367E-4,1.649731654E-3,9.997398257E-1,1.773941936E2,1.909167245E-1,-8.012179464E-2,1.773940559E2
2.206270211E2,2.273542769E-2,7.391704130E-4,1.647918369E-3,9.997398853E-1,1.773944874E2,1.907147074E-1,-8.038738185E-2,1.773943494E2
2.206320211E2,2.273530901E-2,7.401341572E-4,1.649122685E-3,9.997398853E-1,1.773945010E2,1.908551782E-1,-8.049467502E-2,1.773943627E2
2.206370211E2,2.273292754E-2,7.417927845E-4,1.645068522E-3,9.997399449E-1,1.773947740E2,1.903948540E-1,-8.069570668E-2,1.773946356E2
2.206420211E2,2.273018687E-2,7.433607825E-4,1.646008226E-3,9.997400045E-1,1.773950881E2,1.905063722E-1,-8.087341355E-2,1.773949494E2
2.206470211E2,2.272987820E-2,7.432978018E-4,1.650293474E-3,9.997400045E-1,1.773951235E2,1.909971105E-1,-8.085509499E-2,1.773949845E2
2.206520211E2,2.271682196E-2,7.512008888E-4,1.645943150E-3,9.997403026E-1,1.773966200E2,1.905182480E-1,-8.177430680E-2,1.773964798E2
2.206570211E2,2.271997291E-2,7.504809182E-4,1.638969057E-3,9.997402430E-1,1.773962588E2,1.897176635E-1,-8.170938335E-2,1.773961193E2
2.206620211E2,2.272497078E-2,7.457069587E-4,1.644564094E-3,9.997401237E-1,1.773956860E2,1.903466179E-1,-8.114695060E-2,1.773955469E2
2.206670211E2,2.272721145E-2,7.453685394E-4,1.649978920E-3,9.997400641E-1,1.773954292E2,1.909662526E-1,-8.109365118E-2,1.773952897E2
2.206720211E2,2.272225161E-2,7.489155978E-4,1.644443837E-3,9.997401834E-1,1.773959977E2,1.903409762E-1,-8.151536904E-2,1.773958580E2
2.206770211E2,2.272492568E-2,7.457881002E-4,1.645150362E-3,9.997401237E-1,1.773956912E2,1.904139897E-1,-8.115472812E-2,1.773955520E2
2.206820211E2,2.272939370E-2,7.438625325E-4,1.656699693E-3,9.997400045E-1,1.773951790E2,1.917324530E-1,-8.090319759E-2,1.773950394E2
2.206870211E2,2.272942115E-2,7.423565257E-4,1.656998647E-3,9.997400045E-1,1.773951759E2,1.917627809E-1,-8.072988276E-2,1.773950365E2
2.206920211E2,2.272982223E-2,7.429518737E-4,1.651219907E-3,9.997400045E-1,1.773951299E2,1.911023391E-1,-8.081306236E-2,1.773949909E2
2.206970211E2,2.273509967E-2,7.388840895E-4,1.652565668E-3,9.997398853E-1,1.773945250E2,1.912463397E-1,-8.034253465E-2,1.773943866E2
2.207020211E2,2.273152075E-2,7.413479616E-4,1.664592768E-3,9.997399449E-1,1.773949352E2,1.926303220E-1,-8.059415453E-2,1.773947954E2
2.207070211E2,2.272425735E-2,7.465240778E-4,1.654024352E-3,9.997401237E-1,1.773957678E2,1.914324762E-1,-8.121606115E-2,1.773956278E2
2.207120211E2,2.272239253E-2,7.475212333E-4,1.643130556E-3,9.997401834E-1,1.773959815E2,1.901869041E-1,-8.135902096E-2,1.773958422E2
2.207170211E2,2.273026459E-2,7.430312689E-4,1.645083423E-3,9.997400045E-1,1.773950792E2,1.903995726E-1,-8.083805803E-2,1.773949406E2
2.207220211E2,2.272463263E-2,7.458390901E-4,1.649170299E-3,9.997401237E-1,1.773957247E2,1.908746316E-1,-8.115015674E-2,1.773955853E2
2.207270211E2,2.271946397E-2,7.505438989E-4,1.645980170E-3,9.997402430E-1,1.773963172E2,1.905209945E-1,-8.169844096E-2,1.773961771E2
2.207320211E2,2.271975853E-2,7.502770750E-4,1.642031362E-3,9.997402430E-1,1.773962834E2,1.900679396E-1,-8.167809825E-2,1.773961437E2
2.207370211E2,2.272430035E-2,7.466826355E-4,1.653361833E-3,9.997401237E-1,1.773957628E2,1.913569929E-1,-8.123594287E-2,1.773956229E2
2.207420211E2,2.272180018E-2,7.478593616E-4,1.651148545E-3,9.997401834E-1,1.773960494E2,1.911062949E-1,-8.137699244E-2,1.773959094E2
2.207470211E2,2.272214577E-2,7.480568020E-4,1.646296121E-3,9.997401834E-1,1.773960098E2,1.905509329E-1,-8.141218079E-2,1.773958702E2
2.207520211E2,2.273820328E-2,7.377124857E-4,1.646435587E-3,9.997398257E-1,1.773941693E2,1.905412604E-1,-8.022369336E-2,1.773940316E2
2.207570211E2,2.273495492E-2,7.400364266E-4,1.654040767E-3,9.997398853E-1,1.773945416E2,1.914183212E-1,-8.047073296E-2,1.773944029E2
2.207620211E2,2.272944609E-2,7.436162559E-4,1.656091423E-3,9.997400045E-1,1.773951730E2,1.916621309E-1,-8.087655804E-2,1.773950335E2
2.207670211E2,2.272160128E-2,7.494734600E-4,1.653152518E-3,9.997401834E-1,1.773960722E2,1.913400617E-1,-8.155672650E-2,1.773959317E2
2.207720211E2,2.272409684E-2,7.471468416E-4,1.655947184E-3,9.997401237E-1,1.773957862E2,1.916543689E-1,-8.128242953E-2,1.773956459E2
2.207770211E2,2.272660826E-2,7.453784929E-4,1.658261986E-3,9.997400641E-1,1.773954983E2,1.919151560E-1,-8.107333410E-2,1.773953582E2
2.207820211E2,2.272400781E-2,7.468006806E-4,1.657324494E-3,9.997401237E-1,1.773957964E2,1.918112478E-1,-8.123920308E-2,1.773956561E2
2.207870211E2,2.272181941E-2,7.476122701E-4,1.650995808E-3,9.997401834E-1,1.773960472E2,1.910881552E-1,-8.134907921E-2,1.773959073E2
2.207920211E2,2.272922583E-2,7.423770730E-4,1.659666421E-3,9.997400045E-1,1.773951983E2,1.920684446E-1,-8.072532535E-2,1.773950587E2
2.207970211E2,2.272853021E-2,7.425914519E-4,1.669070334E-3,9.997400045E-1,1.773952780E2,1.931462799E-1,-8.072552479E-2,1.773951376E2
2.208020211E2,2.272336842E-2,7.462227368E-4,1.666327124E-3,9.997401237E-1,1.773958696E2,1.928410519E-1,-8.114967214E-2,1.773957287E2
2.208070211E2,2.272364316E-2,7.461420610E-4,1.662612543E-3,9.997401237E-1,1.773958382E2,1.924153135E-1,-8.115004985E-2,1.773956976E2
2.208120211E2,2.273135686E-2,7.423916250E-4,1.666364842E-3,9.997399449E-1,1.773949540E2,1.928360404E-1,-8.070913388E-2,1.773948138E2
2.208170211E2,2.272901756E-2,7.430386613E-4,1.662220689E-3,9.997400045E-1,1.773952221E2,1.923627739E-1,-8.079450502E-2,1.773950822E2
2.208220211E2,2.272350031E-2,7.467560354E-4,1.664288342E-3,9.997401237E-1,1.773958545E2,1.926088841E-1,-8.121605148E-2,1.773957137E2
2.208270211E2,2.272865628E-2,7.441066555E-4,1.666677068E-3,9.997400045E-1,1.773952635E2,1.928760592E-1,-8.090531855E-2,1.773951230E2
2.208320211E2,2.273064185E-2,7.424084470E-4,1.676082495E-3,9.997399449E-1,1.773950360E2,1.939493021E-1,-8.068588559E-2,1.773948950E2
2.208370211E2,2.272249897E-2,7.470531855E-4,1.677772030E-3,9.997401237E-1,1.773959693E2,1.941542978E-1,-8.121517558E-2,1.773958273E2
2.208420211E2,2.272300030E-2,7.465441013E-4,1.671195962E-3,9.997401237E-1,1.773959118E2,1.933996438E-1,-8.117388075E-2,1.773957705E2
2.208470211E2,2.272296078E-2,7.469250704E-4,1.671563019E-3,9.997401237E-1,1.773959164E2,1.934426836E-1,-8.121657709E-2,1.773957749E2
2.208520211E2,2.272535343E-2,7.456160965E-4,1.675265143E-3,9.997400641E-1,1.773956421E2,1.938635922E-1,-8.105651434E-2,1.773955006E2
2.208570211E2,2.272273986E-2,7.477174513E-4,1.674209838E-3,9.997401237E-1,1.773959417E2,1.937479547E-1,-8.130050418E-2,1.773957999E2
2.208620211E2,2.271752651E-2,7.500802749E-4,1.672716113E-3,9.997402430E-1,1.773965393E2,1.935825582E-1,-8.157609269E-2,1.773963971E2
2.208670211E2,2.272481393E-2,7.460048073E-4,1.682395232E-3,9.997400641E-1,1.773957040E2,1.946813996E-1,-8.108258206E-2,1.773955618E2
2.208720211E2,2.272191016E-2,7.469597622E-4,1.685768832E-3,9.997401237E-1,1.773960368E2,1.950701380E-1,-8.118376443E-2,1.773958942E2
2.208770211E2,2.271463881E-2,7.527417620E-4,1.675110543E-3,9.997403026E-1,1.773968702E2,1.938635626E-1,-8.187532390E-2,1.773967273E2
2.208820211E2,2.272027525E-2,7.481870125E-4,1.671854407E-3,9.997401834E-1,1.773962242E2,1.934791335E-1,-8.136090844E-2,1.773960824E2
2.208870211E2,2.272250987E-2,7.474334561E-4,1.677454915E-3,9.997401237E-1,1.773959681E2,1.941189596E-1,-8.125956371E-2,1.773958260E2
2.208920211E2,2.271757812E-2,7.508130511E-4,1.671686070E-3,9.997402430E-1,1.773965333E2,1.934664664E-1,-8.166271249E-2,1.773963911E2
2.208970211E2,2.272390343E-2,7.472835132E-4,1.658537658E-3,9.997401237E-1,1.773958083E2,1.919514796E-1,-8.129137807E-2,1.773956678E2
2.209020211E2,2.273201398E-2,7.411497063E-4,1.657932182E-3,9.997399449E-1,1.773948787E2,1.918667939E-1,-8.058869810E-2,1.773947395E2
2.209070211E2,2.272881422E-2,7.435027510E-4,1.664791605E-3,9.997400045E-1,1.773952454E2,1.926584961E-1,-8.084101470E-2,1.773951052E2
2.209120211E2,2.273159630E-2,7.414575666E-4,1.663511968E-3,9.997399449E-1,1.773949266E2,1.925067948E-1,-8.060951200E-2,1.773947868E2
2.209170211E2,2.273470097E-2,7.397797890E-4,1.657642191E-3,9.997398853E-1,1.773945707E2,1.918302190E-1,-8.043199776E-2,1.773944318E2
2.209220211E2,2.273998305E-2,7.350539090E-4,1.659187488E-3,9.997397661E-1,1.773939653E2,1.919953599E-1,-7.988555200E-2,1.773938271E2
2.209270211E2,2.274248415E-2,7.343827165E-4,1.661117538E-3,9.997397065E-1,1.773936786E2,1.922149209E-1,-7.980314849E-2,1.773935404E2
2.209320211E2,2.274283817E-2,7.337718853E-4,1.656534267E-3,9.997397065E-1,1.773936380E2,1.916882876E-1,-7.974504780E-2,1.773935003E2
2.209370211E2,2.274576443E-2,7.319311844E-4,1.653139479E-3,9.997396469E-1,1.773933026E2,1.912948084E-1,-7.954246167E-2,1.773931655E2
2.209420211E2,2.274592315E-2,7.319157594E-4,1.650961000E-3,9.997396469E-1,1.773932844E2,1.910452094E-1,-7.954634268E-2,1.773931475E2
2.209470211E2,2.274287682E-2,7.336115232E-4,1.656074543E-3,9.997397065E-1,1.773936336E2,1.916352057E-1,-7.972786720E-2,1.773934960E2
2.209520211E2,2.274027883E-2,7.365618367E-4,1.654458232E-3,9.997397661E-1,1.773939314E2,1.914575197E-1,-8.007057046E-2,1.773937933E2
2.209570211E2,2.274294369E-2,7.341245655E-4,1.654928434E-3,9.997397065E-1,1.773936259E2,1.915052476E-1,-7.978961651E-2,1.773934883E2
2.209620211E2,2.274239555E-2,7.342852768E-4,1.662373194E-3,9.997397065E-1,1.773936887E2,1.923585105E-1,-7.978873014E-2,1.773935505E2
2.209670211E2,2.274228353E-2,7.348307408E-4,1.663664123E-3,9.997397065E-1,1.773937016E2,1.925078149E-1,-7.984787658E-2,1.773935631E2
2.209720211E2,2.272930652E-2,7.437538588E-4,1.657944056E-3,9.997400045E-1,1.773951890E2,1.918747198E-1,-8.088752323E-2,1.773950493E2
2.209770211E2,2.273172045E-2,7.407104131E-4,1.662147697E-3,9.997399449E-1,1.773949123E2,1.923485644E-1,-8.052744677E-2,1.773947728E2
2.209820211E2,2.273693377E-2,7.372644031E-4,1.664073905E-3,9.997398257E-1,1.773943148E2,1.925606750E-1,-8.012664371E-2,1.773941758E2
2.209870211E2,2.273696950E-2,7.381195901E-4,1.663206378E-3,9.997398257E-1,1.773943107E2,1.924635206E-1,-8.022686902E-2,1.773941716E2
2.209920211E2,2.273760988E-2,7.381106843E-4,1.654432737E-3,9.997398257E-1,1.773942373E2,1.914584214E-1,-8.024858678E-2,1.773940989E2
2.209970211E2,2.274004058E-2,7.362970500E-4,1.657847315E-3,9.997397661E-1,1.773939587E2,1.918450712E-1,-8.003144985E-2,1.773938204E2
2.210020211E2,2.273402480E-2,7.392613916E-4,1.667119912E-3,9.997398853E-1,1.773946482E2,1.929146023E-1,-8.034804693E-2,1.773945086E2
2.210070211E2,2.273170922E-2,7.406785735E-4,1.662315452E-3,9.997399449E-1,1.773949136E2,1.923676988E-1,-8.052336432E-2,1.773947741E2
2.210120211E2,2.274021279E-2,7.353876135E-4,1.655887580E-3,9.997397661E-1,1.773939389E2,1.916182032E-1,-7.993233716E-2,1.773938010E2
2.210170211E2,2.274794441E-2,7.310902001E-4,1.659549191E-3,9.997395873E-1,1.773930527E2,1.920270995E-1,-7.942899066E-2,1.773929153E2
2.210220211E2,2.274516985E-2,7.315275725E-4,1.661477960E-3,9.997396469E-1,1.773933707E2,1.922489831E-1,-7.947460231E-2,1.773932331E2
2.210270211E2,2.273463427E-2,7.391370600E-4,1.658843248E-3,9.997398853E-1,1.773945783E2,1.919661347E-1,-8.035524920E-2,1.773944394E2
2.210320211E2,2.273481827E-2,7.392424159E-4,1.656272565E-3,9.997398853E-1,1.773945573E2,1.916719209E-1,-8.037398119E-2,1.773944185E2
2.210370211E2,2.274216027E-2,7.338005817E-4,1.665802440E-3,9.997397065E-1,1.773937157E2,1.927500902E-1,-7.972431056E-2,1.773935773E2
2.210420211E2,2.274196272E-2,7.342816098E-4,1.668285578E-3,9.997397065E-1,1.773937383E2,1.930358020E-1,-7.977298458E-2,1.773935996E2
2.210470211E2,2.274804420E-2,7.306781481E-4,1.658362336E-3,9.997395873E-1,1.773930413E2,1.918900646E-1,-7.938486006E-2,1.773929041E2
2.210520211E2,2.274817344E-2,7.293891395E-4,1.657156623E-3,9.997395873E-1,1.773930265E2,1.917485851E-1,-7.924030731E-2,1.773928896E2
2.210570211E2,2.274505205E-2,7.321239100E-4,1.662827330E-3,9.997396469E-1,1.773933842E2,1.924051150E-1,-7.953942527E-2,1.773932464E2
2.210620211E2,2.273703553E-2,7.374176639E-4,1.662614988E-3,9.997398257E-1,1.773943031E2,1.923939458E-1,-8.014798332E-2,1.773941642E2
2.210670211E2,2.274315008E-2,7.329687942E-4,1.652602805E-3,9.997397065E-1,1.773936022E2,1.912358224E-1,-7.966323108E-2,1.773934650E2
2.210720211E2,2.274848245E-2,7.300677826E-4,1.652609673E-3,9.997395873E-1,1.773929910E2,1.912294706E-1,-7.932984815E-2,1.773928544E2
2.210770211E2,2.274307266E-2,7.345163613E-4,1.652981038E-3,9.997397065E-1,1.773936111E2,1.912831813E-1,-7.983955214E-2,1.773934736E2
2.210820211E2,2.273548248E-2,7.388125523E-4,1.647322788E-3,9.997398853E-1,1.773944811E2,1.906455483E-1,-8.034792598E-2,1.773943432E2
2.210870211E2,2.273582737E-2,7.389943348E-4,1.642474090E-3,9.997398853E-1,1.773944416E2,1.900905723E-1,-8.038131871E-2,1.773943040E2
2.210920211E2,2.273278854E-2,7.405522047E-4,1.647546422E-3,9.997399449E-1,1.773947899E2,1.906754842E-1,-8.054715483E-2,1.773946516E2
2.210970211E2,2.273000193E-2,7.430327823E-4,1.648708014E-3,9.997400045E-1,1.773951093E2,1.908147963E-1,-8.082884006E-2,1.773949705E2
2.211020211E2,2.273020279E-2,7.430915721E-4,1.645909972E-3,9.997400045E-1,1.773950863E2,1.904944159E-1,-8.084282521E-2,1.773949476E2
2.211070211E2,2.273555684E-2,7.383777411E-4,1.646491233E-3,9.997398853E-1,1.773944726E2,1.905491565E-1,-8.030026561E-2,1.773943348E2
2.211120211E2,2.273784090E-2,7.366560167E-4,1.651904196E-3,9.997398257E-1,1.773942108E2,1.911649740E-1,-8.008848184E-2,1.773940729E2
2.211170211E2,2.274031663E-2,7.358347066E-4,1.654262189E-3,9.997397661E-1,1.773939270E2,1.914331685E-1,-7.998777279E-2,1.773937891E2
2.211220211E2,2.274072494E-2,7.354675326E-4,1.648803591E-3,9.997397661E-1,1.773938802E2,1.908068954E-1,-7.995985581E-2,1.773937428E2
2.211270211E2,2.273818114E-2,7.364799385E-4,1.647292986E-3,9.997398257E-1,1.773941718E2,1.906362721E-1,-8.008026059E-2,1.773940343E2
2.211320211E2,2.274067963E-2,7.347317878E-4,1.649756217E-3,9.997397661E-1,1.773938854E2,1.909141092E-1,-7.987309364E-2,1.773937481E2
2.211370211E2,2.274334713E-2,7.335724658E-4,1.649620361E-3,9.997397065E-1,1.773935797E2,1.908957364E-1,-7.974012434E-2,1.773934426E2
2.211420211E2,2.274141224E-2,7.350862725E-4,1.639467664E-3,9.997397661E-1,1.773938014E2,1.897364128E-1,-7.994037729E-2,1.773936649E2
2.211470211E2,2.274670557E-2,7.307839114E-4,1.640650327E-3,9.997396469E-1,1.773931947E2,1.898611083E-1,-7.944340370E-2,1.773930589E2
2.211520211E2,2.275187728E-2,7.282364531E-4,1.642711577E-3,9.997395277E-1,1.773926019E2,1.900910177E-1,-7.914520591E-2,1.773924664E2
2.211570211E2,2.273867508E-2,7.370177191E-4,1.640219125E-3,9.997398257E-1,1.773941152E2,1.898273164E-1,-8.016020859E-2,1.773939782E2
2.211620211E2,2.272819170E-2,7.441921625E-4,1.636956003E-3,9.997400641E-1,1.773953168E2,1.894713339E-1,-8.099261558E-2,1.773951787E2
2.211670211E2,2.274134700E-2,7.344521582E-4,1.640656381E-3,9.997397661E-1,1.773938089E2,1.898709368E-1,-7.986464648E-2,1.773936724E2
2.211720211E2,2.274123173E-2,7.361181779E-4,1.641507261E-3,9.997397661E-1,1.773938221E2,1.899727484E-1,-8.005331309E-2,1.773936852E2
2.211770211E2,2.273636888E-2,7.390832761E-4,1.634920831E-3,9.997398853E-1,1.773943795E2,1.892255298E-1,-8.041108532E-2,1.773942425E2
2.211820211E2,2.274176790E-2,7.353127585E-4,1.634424785E-3,9.997397661E-1,1.773937607E2,1.891593084E-1,-7.997939895E-2,1.773936245E2
2.211870211E2,2.274165721E-2,7.345520426E-4,1.636305940E-3,9.997397661E-1,1.773937734E2,1.893728260E-1,-7.988736836E-2,1.773936371E2
2.211920211E2,2.272848181E-2,7.442880305E-4,1.632879372E-3,9.997400641E-1,1.773952835E2,1.890045793E-1,-8.101416155E-2,1.773951457E2
2.211970211E2,2.272612569E-2,7.453860599E-4,1.628673519E-3,9.997401237E-1,1.773955536E2,1.885254166E-1,-8.115135280E-2,1.773954159E2
2.212020211E2,2.272877830E-2,7.444090443E-4,1.628691913E-3,9.997400641E-1,1.773952496E2,1.885251941E-1,-8.103887599E-2,1.773951121E2
2.212070211E2,2.272596008E-2,7.451921119E-4,1.631071442E-3,9.997401237E-1,1.773955726E2,1.887996093E-1,-8.112291998E-2,1.773954347E2
2.212120211E2,2.272360289E-2,7.477406180E-4,1.626205398E-3,9.997401834E-1,1.773958428E2,1.882485905E-1,-8.142799821E-2,1.773957048E2
2.212170211E2,2.273202668E-2,7.420507609E-4,1.621001866E-3,9.997400045E-1,1.773948772E2,1.876383248E-1,-8.078812708E-2,1.773947408E2
2.212220211E2,2.273465273E-2,7.399520255E-4,1.621893258E-3,9.997399449E-1,1.773945762E2,1.877351883E-1,-8.054487689E-2,1.773944401E2
2.212270211E2,2.273428780E-2,7.406427176E-4,1.626686309E-3,9.997399449E-1,1.773946181E2,1.882860610E-1,-8.061158503E-2,1.773944814E2
2.212320211E2,2.273706882E-2,7.380446186E-4,1.625629608E-3,9.997398853E-1,1.773942993E2,1.881584568E-1,-8.031617173E-2,1.773941633E2
2.212370211E2,2.273442084E-2,7.409990067E-4,1.624663360E-3,9.997399449E-1,1.773946028E2,1.880552466E-1,-8.065764752E-2,1.773944663E2
2.212420211E2,2.273437988E-2,7.403462077E-4,1.625533914E-3,9.997399449E-1,1.773946075E2,1.881532749E-1,-8.058060133E-2,1.773944710E2
2.212470211E2,2.274233614E-2,7.357182330E-4,1.626315527E-3,9.997397661E-1,1.773936955E2,1.882313966E-1,-8.004687784E-2,1.773935599E2
2.212520211E2,2.274260450E-2,7.350434898E-4,1.622864162E-3,9.997397661E-1,1.773936648E2,1.878342636E-1,-7.997852264E-2,1.773935295E2
2.212570211E2,2.274020753E-2,7.365195779E-4,1.619060989E-3,9.997398257E-1,1.773939395E2,1.874022193E-1,-8.015798726E-2,1.773938043E2
2.212620211E2,2.274005231E-2,7.364901830E-4,1.621252974E-3,9.997398257E-1,1.773939573E2,1.876532486E-1,-8.014893661E-2,1.773938219E2
2.212670211E2,2.273219428E-2,7.416167646E-4,1.618848764E-3,9.997400045E-1,1.773948580E2,1.873905436E-1,-8.074398517E-2,1.773947218E2
2.212720211E2,2.273502769E-2,7.409177488E-4,1.616186346E-3,9.997399449E-1,1.773945332E2,1.870839386E-1,-8.067031018E-2,1.773943974E2
2.212770211E2,2.273497934E-2,7.402501651E-4,1.617172151E-3,9.997399449E-1,1.773945388E2,1.871951312E-1,-8.059127124E-2,1.773944030E2
2.212820211E2,2.274283804E-2,7.339207805E-4,1.620097086E-3,9.997397661E-1,1.773936380E2,1.875143537E-1,-7.985707094E-2,1.773935032E2
2.212870211E2,2.274271674E-2,7.356210845E-4,1.621028525E-3,9.997397661E-1,1.773936519E2,1.876254836E-1,-8.004945598E-2,1.773935167E2
2.212920211E2,2.273975633E-2,7.359320298E-4,1.625651959E-3,9.997398257E-1,1.773939912E2,1.881557276E-1,-8.007358571E-2,1.773938556E2
2.212970211E2,2.274265392E-2,7.338805008E-4,1.622697921E-3,9.997397661E-1,1.773936591E2,1.878121913E-1,-7.984571252E-2,1.773935241E2
2.213020211E2,2.273982608E-2,7.365691126E-4,1.624387223E-3,9.997398257E-1,1.773939832E2,1.880125026E-1,-8.014985375E-2,1.773938476E2
2.213070211E2,2.273207284E-2,7.415436557E-4,1.620586496E-3,9.997400045E-1,1.773948719E2,1.875894216E-1,-8.073110558E-2,1.773947356E2
2.213120211E2,2.273461737E-2,7.395843277E-4,1.622556476E-3,9.997399449E-1,1.773945803E2,1.878102071E-1,-8.050103150E-2,1.773944442E2
2.213170211E2,2.274262547E-2,7.346610655E-4,1.622743439E-3,9.997397661E-1,1.773936624E2,1.878194382E-1,-7.993502212E-2,1.773935272E2
2.213220211E2,2.273714407E-2,7.376390859E-4,1.624760916E-3,9.997398853E-1,1.773942907E2,1.880578869E-1,-8.027196249E-2,1.773941548E2
2.213270211E2,2.274270093E-2,7.340435986E-4,1.621965203E-3,9.997397661E-1,1.773936537E2,1.877286784E-1,-7.986629812E-2,1.773935188E2
2.213320211E2,2.274790115E-2,7.304841420E-4,1.624124125E-3,9.997396469E-1,1.773930577E2,1.879671446E-1,-7.945191597E-2,1.773929232E2
2.213370211E2,2.275310338E-2,7.282617153E-4,1.625629375E-3,9.997395277E-1,1.773924614E2,1.881342072E-1,-7.919240788E-2,1.773923272E2
2.213420211E2,2.274796032E-2,7.305534091E-4,1.623264048E-3,9.997396469E-1,1.773930509E2,1.878687977E-1,-7.946208231E-2,1.773929165E2
2.213470211E2,2.275323164E-2,7.278887206E-4,1.624000492E-3,9.997395277E-1,1.773924467E2,1.879466364E-1,-7.915390008E-2,1.773923127E2
2.213520211E2,2.275306343E-2,7.273539086E-4,1.626594691E-3,9.997395277E-1,1.773924660E2,1.882424254E-1,-7.908589846E-2,1.773923319E2
2.213570211E2,2.275314093E-2,7.270690403E-4,1.625637640E-3,9.997395277E-1,1.773924571E2,1.881320470E-1,-7.905574432E-2,1.773923232E2
2.213620211E2,2.276136867E-2,7.221212727E-4,1.622627955E-3,9.997393489E-1,1.773915140E2,1.877749947E-1,-7.849522162E-2,1.773913813E2
2.213670211E2,2.275890209E-2,7.236609817E-4,1.619813731E-3,9.997394085E-1,1.773917967E2,1.874564137E-1,-7.867941648E-2,1.773916639E2
2.213720211E2,2.275082221E-2,7.283674204E-4,1.620845753E-3,9.997395873E-1,1.773927229E2,1.875862802E-1,-7.921741874E-2,1.773925891E2
2.213770211E2,2.275875827E-2,7.241484127E-4,1.621615607E-3,9.997394085E-1,1.773918132E2,1.876641005E-1,-7.873058491E-2,1.773916802E2
2.213820211E2,2.275607365E-2,7.253445801E-4,1.622009557E-3,9.997394681E-1,1.773921209E2,1.877121405E-1,-7.886709655E-2,1.773919876E2
2.213870211E2,2.275341897E-2,7.265858585E-4,1.621957985E-3,9.997395277E-1,1.773924252E2,1.877092598E-1,-7.900993250E-2,1.773922917E2
2.213920211E2,2.275848977E-2,7.236067322E-4,1.625620644E-3,9.997394085E-1,1.773918440E2,1.881214919E-1,-7.865813404E-2,1.773917107E2
2.213970211E2,2.276106042E-2,7.223796565E-4,1.626831363E-3,9.997393489E-1,1.773915493E2,1.882571957E-1,-7.851391640E-2,1.773914162E2
2.214020211E2,2.275321661E-2,7.282893057E-4,1.624031458E-3,9.997395277E-1,1.773924484E2,1.879512274E-1,-7.919971390E-2,1.773923144E2
2.214070211E2,2.275090640E-2,7.296231342E-4,1.619098242E-3,9.997395873E-1,1.773927132E2,1.873893626E-1,-7.936581585E-2,1.773925793E2
2.214120211E2,2.275554874E-2,7.263025036E-4,1.628930331E-3,9.997394681E-1,1.773921811E2,1.885074559E-1,-7.895888898E-2,1.773920471E2
2.214170211E2,2.275005579E-2,7.293992676E-4,1.631106832E-3,9.997395873E-1,1.773928107E2,1.887644410E-1,-7.930902110E-2,1.773926759E2
2.214220211E2,2.274489710E-2,7.339482545E-4,1.627940568E-3,9.997397065E-1,1.773934020E2,1.884131560E-1,-7.983938807E-2,1.773932666E2
2.214270211E2,2.274777708E-2,7.303478196E-4,1.625922159E-3,9.997396469E-1,1.773930719E2,1.881727660E-1,-7.943163477E-2,1.773929373E2
2.214320211E2,2.274477222E-2,7.333343383E-4,1.629960723E-3,9.997397065E-1,1.773934163E2,1.886429790E-1,-7.976381474E-2,1.773932808E2
2.214370211E2,2.273699367E-2,7.382277399E-4,1.626597252E-3,9.997398853E-1,1.773943079E2,1.882697834E-1,-8.033464328E-2,1.773941718E2
2.214420211E2,2.273722463E-2,7.383876946E-4,1.623292919E-3,9.997398853E-1,1.773942814E2,1.878916673E-1,-8.036153436E-2,1.773941455E2
2.214470211E2,2.274233467E-2,7.352337707E-4,1.626555109E-3,9.997397661E-1,1.773936957E2,1.882575809E-1,-7.999075283E-2,1.773935601E2
2.214520211E2,2.274212946E-2,7.350041997E-4,1.629525446E-3,9.997397661E-1,1.773937192E2,1.885972543E-1,-7.995675013E-2,1.773935835E2
2.214570211E2,2.273683375E-2,7.385151112E-4,1.628700877E-3,9.997398853E-1,1.773943262E2,1.885115152E-1,-8.036211398E-2,1.773941899E2
2.214620211E2,2.273687788E-2,7.387112128E-4,1.627995633E-3,9.997398853E-1,1.773943212E2,1.884312355E-1,-8.038640899E-2,1.773941848E2
2.214670211E2,2.273635111E-2,7.387648220E-4,1.635311870E-3,9.997398853E-1,1.773943816E2,1.892694968E-1,-8.037358714E-2,1.773942446E2
2.214720211E2,2.273634990E-2,7.389063830E-4,1.635264605E-3,9.997398853E-1,1.773943817E2,1.892644509E-1,-8.038992801E-2,1.773942447E2
2.214770211E2,2.272317181E-2,7.477232721E-4,1.632225816E-3,9.997401834E-1,1.773958922E2,1.889382226E-1,-8.141041488E-2,1.773957538E2
2.214820211E2,2.272880555E-2,7.439367473E-4,1.628527418E-3,9.997400641E-1,1.773952464E2,1.885051211E-1,-8.098519210E-2,1.773951090E2
2.214870211E2,2.273393441E-2,7.405541837E-4,1.631657942E-3,9.997399449E-1,1.773946586E2,1.888553629E-1,-8.058855661E-2,1.773945216E2
2.214920211E2,2.274469345E-2,7.336774142E-4,1.630905317E-3,9.997397065E-1,1.773934253E2,1.887520817E-1,-7.980067092E-2,1.773932897E2
2.214970211E2,2.274737569E-2,7.319510914E-4,1.630809624E-3,9.997396469E-1,1.773931179E2,1.887368323E-1,-7.960264336E-2,1.773929826E2
2.215020211E2,2.274468211E-2,7.326647174E-4,1.631518593E-3,9.997397065E-1,1.773934266E2,1.888196992E-1,-7.968305821E-2,1.773932912E2
2.215070211E2,2.274166936E-2,7.348147919E-4,1.636019093E-3,9.997397661E-1,1.773937720E2,1.893406500E-1,-7.991821466E-2,1.773936357E2
2.215120211E2,2.273341062E-2,7.415582077E-4,1.638485468E-3,9.997399449E-1,1.773947186E2,1.896401128E-1,-8.068589129E-2,1.773945809E2
2.215170211E2,2.273350735E-2,7.416399894E-4,1.637105830E-3,9.997399449E-1,1.773947075E2,1.894822794E-1,-8.069883626E-2,1.773945699E2
2.215220211E2,2.273860157E-2,7.369239465E-4,1.641280018E-3,9.997398257E-1,1.773941236E2,1.899486043E-1,-8.014671533E-2,1.773939865E2
2.215270211E2,2.274133523E-2,7.354077534E-4,1.640391420E-3,9.997397661E-1,1.773938103E2,1.898430719E-1,-7.997481392E-2,1.773936736E2
2.215320211E2,2.273378177E-2,7.406975492E-4,1.633718261E-3,9.997399449E-1,1.773946761E2,1.890917587E-1,-8.059964202E-2,1.773945389E2
2.215370211E2,2.273682518E-2,7.395148859E-4,1.628366765E-3,9.997398853E-1,1.773943272E2,1.884758432E-1,-8.047752216E-2,1.773941907E2
2.215420211E2,2.274186310E-2,7.356997812E-4,1.632925356E-3,9.997397661E-1,1.773937498E2,1.889885469E-1,-8.002762672E-2,1.773936136E2
2.215470211E2,2.273900213E-2,7.375844289E-4,1.635423396E-3,9.997398257E-1,1.773940777E2,1.892794104E-1,-8.023756668E-2,1.773939410E2
2.215520211E2,2.273927595E-2,7.360578165E-4,1.632300904E-3,9.997398257E-1,1.773940463E2,1.889177344E-1,-8.007076019E-2,1.773939101E2
2.215570211E2,2.274204718E-2,7.353099063E-4,1.630535466E-3,9.997397661E-1,1.773937287E2,1.887137545E-1,-7.998915565E-2,1.773935928E2
2.215620211E2,2.273899448E-2,7.361446042E-4,1.636178233E-3,9.997398257E-1,1.773940786E2,1.893621332E-1,-8.007065224E-2,1.773939421E2
2.215670211E2,2.273869947E-2,7.372458931E-4,1.639778377E-3,9.997398257E-1,1.773941124E2,1.897774199E-1,-8.018749249E-2,1.773939754E2
2.215720211E2,2.273630701E-2,7.394325803E-4,1.635623048E-3,9.997398853E-1,1.773943866E2,1.893068826E-1,-8.044928430E-2,1.773942495E2
2.215770211E2,2.274183943E-2,7.352020475E-4,1.633479027E-3,9.997397661E-1,1.773937525E2,1.890506775E-1,-7.996916697E-2,1.773936164E2
2.215820211E2,2.274415009E-2,7.334334659E-4,1.638574642E-3,9.997397065E-1,1.773934876E2,1.896300168E-1,-7.975283682E-2,1.773933514E2
2.215870211E2,2.274114160E-2,7.348525105E-4,1.643321943E-3,9.997397661E-1,1.773938325E2,1.901773363E-1,-7.990360389E-2,1.773936956E2
2.215920211E2,2.274144919E-2,7.345047197E-4,1.639215741E-3,9.997397661E-1,1.773937972E2,1.897060392E-1,-7.987440309E-2,1.773936608E2
2.215970211E2,2.274643642E-2,7.316765841E-4,1.643980737E-3,9.997396469E-1,1.773932256E2,1.902449529E-1,-7.953703964E-2,1.773930893E2
2.216020211E2,2.275128605E-2,7.282252773E-4,1.650884748E-3,9.997395277E-1,1.773926697E2,1.910272776E-1,-7.912272854E-2,1.773925335E2
2.216070211E2,2.274333114E-2,7.332459791E-4,1.649986021E-3,9.997397065E-1,1.773935815E2,1.909367749E-1,-7.970177145E-2,1.773934444E2
2.216120211E2,2.274375888E-2,7.329150685E-4,1.644226955E-3,9.997397065E-1,1.773935325E2,1.902761755E-1,-7.967879039E-2,1.773933959E2
2.216170211E2,2.274351932E-2,7.337050629E-4,1.647185651E-3,9.997397065E-1,1.773935599E2,1.906171701E-1,-7.976162774E-2,1.773934230E2
2.216220211E2,2.274625612E-2,7.312478265E-4,1.646663994E-3,9.997396469E-1,1.773932462E2,1.905512204E-1,-7.948096035E-2,1.773931098E2
2.216270211E2,2.274926816E-2,7.295514806E-4,1.641987823E-3,9.997395873E-1,1.773929010E2,1.900113250E-1,-7.929824072E-2,1.773927653E2
2.216320211E2,2.275767036E-2,7.240205305E-4,1.636869041E-3,9.997394085E-1,1.773919379E2,1.894111469E-1,-7.867635815E-2,1.773918037E2
2.216370211E2,2.275758567E-2,7.240513805E-4,1.638032380E-3,9.997394085E-1,1.773919476E2,1.895444952E-1,-7.867687448E-2,1.773918133E2
2.216420211E2,2.275232175E-2,7.285165484E-4,1.636419329E-3,9.997395277E-1,1.773925510E2,1.893709299E-1,-7.919361578E-2,1.773924159E2
2.216470211E2,2.274716539E-2,7.316459087E-4,1.633877051E-3,9.997396469E-1,1.773931420E2,1.890874310E-1,-7.955972470E-2,1.773930065E2
2.216520211E2,2.276334835E-2,7.200451219E-4,1.632473432E-3,9.997392893E-1,1.773912871E2,1.888976521E-1,-7.823131920E-2,1.773911540E2
2.216570211E2,2.276541481E-2,7.184194983E-4,1.640854287E-3,9.997392297E-1,1.773910502E2,1.898537007E-1,-7.802283002E-2,1.773909168E2
2.216620211E2,2.276290346E-2,7.205522270E-4,1.638442278E-3,9.997392893E-1,1.773913381E2,1.895827438E-1,-7.827392793E-2,1.773912044E2
2.216670211E2,2.276612275E-2,7.180366083E-4,1.631171093E-3,9.997392297E-1,1.773909691E2,1.887434300E-1,-7.800409394E-2,1.773908365E2
2.216720211E2,2.277183441E-2,7.153206388E-4,1.625690958E-3,9.997391105E-1,1.773903144E2,1.881089717E-1,-7.770617045E-2,1.773901827E2
2.216770211E2,2.276346421E-2,7.211719640E-4,1.630359096E-3,9.997392893E-1,1.773912738E2,1.886583783E-1,-7.836590583E-2,1.773911407E2
2.216820211E2,2.275755060E-2,7.241585990E-4,1.638472197E-3,9.997394085E-1,1.773919516E2,1.895951585E-1,-7.868801725E-2,1.773918173E2
2.216870211E2,2.275268696E-2,7.274118834E-4,1.631826512E-3,9.997395277E-1,1.773925091E2,1.888419153E-1,-7.907896957E-2,1.773923746E2
2.216920211E2,2.275235828E-2,7.272846997E-4,1.636459376E-3,9.997395277E-1,1.773925468E2,1.893723084E-1,-7.905238169E-2,1.773924120E2
2.216970211E2,2.274927820E-2,7.302434533E-4,1.641541137E-3,9.997395873E-1,1.773928998E2,1.899619567E-1,-7.937867694E-2,1.773927640E2
2.217020211E2,2.273832687E-2,7.370453677E-4,1.645026961E-3,9.997398257E-1,1.773941551E2,1.903781567E-1,-8.015091411E-2,1.773940177E2
2.217070211E2,2.274107218E-2,7.362326141E-4,1.643664902E-3,9.997397661E-1,1.773938404E2,1.902202180E-1,-8.006083046E-2,1.773937033E2
2.217120211E2,2.275157040E-2,7.281818544E-4,1.646980643E-3,9.997395277E-1,1.773926371E2,1.905799243E-1,-7.912787869E-2,1.773925013E2
2.217170211E2,2.274872012E-2,7.292027003E-4,1.649717451E-3,9.997395873E-1,1.773929638E2,1.908958949E-1,-7.923823723E-2,1.773928276E2
2.217220211E2,2.274346622E-2,7.336638519E-4,1.647936995E-3,9.997397065E-1,1.773935660E2,1.907031341E-1,-7.975495839E-2,1.773934290E2
2.217270211E2,2.274932959E-2,7.289921632E-4,1.641385024E-3,9.997395873E-1,1.773928939E2,1.899408136E-1,-7.923572416E-2,1.773927584E2
2.217320211E2,2.274928175E-2,7.291323273E-4,1.641985727E-3,9.997395873E-1,1.773928994E2,1.900099931E-1,-7.925022465E-2,1.773927638E2
2.217370211E2,2.274650288E-2,7.320073782E-4,1.642913558E-3,9.997396469E-1,1.773932179E2,1.901235622E-1,-7.957770517E-2,1.773930817E2
2.217420211E2,2.275753534E-2,7.248100592E-4,1.638396061E-3,9.997394085E-1,1.773919534E2,1.895881342E-1,-7.876285111E-2,1.773918189E2
2.217470211E2,2.276035506E-2,7.225555601E-4,1.636592555E-3,9.997393489E-1,1.773916302E2,1.893758619E-1,-7.850874110E-2,1.773914963E2
2.217520211E2,2.275707954E-2,7.251084317E-4,1.644583419E-3,9.997394085E-1,1.773920056E2,1.902977133E-1,-7.878098356E-2,1.773918706E2
2.217570211E2,2.275425720E-2,7.265179302E-4,1.646778313E-3,9.997394681E-1,1.773923291E2,1.905526184E-1,-7.893727203E-2,1.773921936E2
2.217620211E2,2.275184557E-2,7.270884817E-4,1.643658965E-3,9.997395277E-1,1.773926056E2,1.901965565E-1,-7.901122817E-2,1.773924702E2
2.217670211E2,2.275428829E-2,7.261116989E-4,1.646527904E-3,9.997394681E-1,1.773923256E2,1.905228740E-1,-7.889138050E-2,1.773921902E2
2.217720211E2,2.275119265E-2,7.280824357E-4,1.652234350E-3,9.997395277E-1,1.773926804E2,1.911815111E-1,-7.910286347E-2,1.773925442E2
2.217770211E2,2.274037909E-2,7.353349356E-4,1.653625630E-3,9.997397661E-1,1.773939199E2,1.913589454E-1,-7.993216504E-2,1.773937821E2
2.217820211E2,2.274041633E-2,7.354986155E-4,1.653040643E-3,9.997397661E-1,1.773939156E2,1.912923576E-1,-7.995243386E-2,1.773937779E2
2.217870211E2,2.275107042E-2,7.285361644E-4,1.653716783E-3,9.997395277E-1,1.773926944E2,1.913525152E-1,-7.915100177E-2,1.773925580E2
2.217920211E2,2.275073863E-2,7.291366928E-4,1.658011111E-3,9.997395277E-1,1.773927324E2,1.918460222E-1,-7.920866677E-2,1.773925956E2
2.217970211E2,2.274548378E-2,7.323881728E-4,1.656794571E-3,9.997396469E-1,1.773933348E2,1.917147125E-1,-7.958534147E-2,1.773931973E2
2.218020211E2,2.275887162E-2,7.237176178E-4,1.656586770E-3,9.997393489E-1,1.773918002E2,1.916693560E-1,-7.859000228E-2,1.773916645E2
2.218070211E2,2.276134245E-2,7.215477526E-4,1.659554546E-3,9.997392893E-1,1.773915170E2,1.920038844E-1,-7.833320392E-2,1.773913815E2
2.218120211E2,2.275308293E-2,7.269497146E-4,1.662735362E-3,9.997394681E-1,1.773924637E2,1.923817250E-1,-7.894535459E-2,1.773923269E2
2.218170211E2,2.275891246E-2,7.234193617E-4,1.656155917E-3,9.997393489E-1,1.773917955E2,1.916192218E-1,-7.855694943E-2,1.773916599E2
2.218220211E2,2.277508563E-2,7.121066446E-4,1.654609339E-3,9.997389913E-1,1.773899418E2,1.914137846E-1,-7.726188199E-2,1.773898085E2
2.218270211E2,2.277205904E-2,7.141142851E-4,1.659380388E-3,9.997390509E-1,1.773902887E2,1.919653717E-1,-7.748000954E-2,1.773901546E2
2.218320211E2,2.275868653E-2,7.231860654E-4,1.659359434E-3,9.997393489E-1,1.773918214E2,1.919855971E-1,-7.852191083E-2,1.773916856E2
2.218370211E2,2.277484201E-2,7.127286517E-4,1.657692017E-3,9.997389913E-1,1.773899697E2,1.917685473E-1,-7.732514121E-2,1.773898360E2
2.218420211E2,2.277188251E-2,7.136203349E-4,1.662013237E-3,9.997390509E-1,1.773903089E2,1.922656935E-1,-7.741658496E-2,1.773901747E2
2.218470211E2,2.277432236E-2,7.125510601E-4,1.664892072E-3,9.997389913E-1,1.773900292E2,1.925928967E-1,-7.728610440E-2,1.773898951E2
2.218520211E2,2.277468815E-2,7.128089783E-4,1.659770031E-3,9.997389913E-1,1.773899873E2,1.920068066E-1,-7.732894961E-2,1.773898535E2
2.218570211E2,2.276937800E-2,7.152184844E-4,1.659784582E-3,9.997391105E-1,1.773905960E2,1.920143507E-1,-7.760596863E-2,1.773904617E2
2.218620211E2,2.276357038E-2,7.186616422E-4,1.666142140E-3,9.997392297E-1,1.773912616E2,1.927512179E-1,-7.798495350E-2,1.773911262E2
2.218670211E2,2.277122803E-2,7.136695203E-4,1.670935308E-3,9.997390509E-1,1.773903839E2,1.932879021E-1,-7.739906320E-2,1.773902491E2
2.218720211E2,2.277393575E-2,7.129232981E-4,1.670013298E-3,9.997389913E-1,1.773900736E2,1.931805367E-1,-7.731545751E-2,1.773899389E2
2.218770211E2,2.277658896E-2,7.112441817E-4,1.670227153E-3,9.997389317E-1,1.773897694E2,1.932008584E-1,-7.712202423E-2,1.773896351E2
2.218820211E2,2.277368143E-2,7.122231182E-4,1.673775841E-3,9.997389913E-1,1.773901027E2,1.936097343E-1,-7.722547332E-2,1.773899679E2
2.218870211E2,2.276583578E-2,7.170012686E-4,1.671660691E-3,9.997391701E-1,1.773910020E2,1.933792793E-1,-7.777990407E-2,1.773908664E2
2.218920211E2,2.276343916E-2,7.196303923E-4,1.667516190E-3,9.997392297E-1,1.773912767E2,1.929111491E-1,-7.809237608E-2,1.773911409E2
2.218970211E2,2.277653747E-2,7.095857291E-4,1.671634032E-3,9.997389317E-1,1.773897753E2,1.933577002E-1,-7.692836689E-2,1.773896412E2
2.219020211E2,2.278700598E-2,7.039931370E-4,1.673916471E-3,9.997386932E-1,1.773885754E2,1.936053810E-1,-7.627968535E-2,1.773884422E2
2.219070211E2,2.277949293E-2,7.078391500E-4,1.667745528E-3,9.997388721E-1,1.773894366E2,1.929078927E-1,-7.673785509E-2,1.773893031E2
2.219120211E2,2.278245830E-2,7.057330222E-4,1.663857722E-3,9.997388124E-1,1.773890967E2,1.924572260E-1,-7.650615172E-2,1.773889639E2
2.219170211E2,2.278787358E-2,7.029639091E-4,1.662499155E-3,9.997386932E-1,1.773884760E2,1.922947682E-1,-7.619142285E-2,1.773883439E2
2.219220211E2,2.279041476E-2,7.002216880E-4,1.664664247E-3,9.997386336E-1,1.773881847E2,1.925358365E-1,-7.587112606E-2,1.773880530E2
2.219270211E2,2.279062175E-2,7.009257679E-4,1.661531162E-3,9.997386336E-1,1.773881610E2,1.921787587E-1,-7.595992959E-2,1.773880293E2
2.219320211E2,2.278822658E-2,7.019131444E-4,1.658098772E-3,9.997386932E-1,1.773884355E2,1.917879340E-1,-7.608246910E-2,1.773883040E2
2.219370211E2,2.279360592E-2,6.986029912E-4,1.657432760E-3,9.997385740E-1,1.773878189E2,1.917033964E-1,-7.570396021E-2,1.773876881E2
2.219420211E2,2.279081506E-2,7.002900238E-4,1.659145928E-3,9.997386336E-1,1.773881388E2,1.919038556E-1,-7.589329022E-2,1.773880075E2
2.219470211E2,2.279107318E-2,7.003264618E-4,1.655580942E-3,9.997386336E-1,1.773881092E2,1.914955583E-1,-7.590672610E-2,1.773879782E2
2.219520211E2,2.279642283E-2,6.973090931E-4,1.655187225E-3,9.997385144E-1,1.773874961E2,1.914429761E-1,-7.556105524E-2,1.773873656E2
2.219570211E2,2.279646962E-2,6.973348209E-4,1.654531807E-3,9.997385144E-1,1.773874907E2,1.913679609E-1,-7.556570592E-2,1.773873603E2
2.219620211E2,2.279371948E-2,6.992572453E-4,1.655594213E-3,9.997385740E-1,1.773878059E2,1.914944865E-1,-7.578369334E-2,1.773876751E2
2.219670211E2,2.279140067E-2,7.014657022E-4,1.650582883E-3,9.997386336E-1,1.773880717E2,1.909259712E-1,-7.605023074E-2,1.773879408E2
2.219720211E2,2.279667036E-2,6.960670580E-4,1.652298262E-3,9.997385144E-1,1.773874677E2,1.911087844E-1,-7.542626551E-2,1.773873377E2
2.219770211E2,2.279938937E-2,6.955839926E-4,1.651049359E-3,9.997384548E-1,1.773871560E2,1.909646504E-1,-7.537366806E-2,1.773870262E2
2.219820211E2,2.279665582E-2,6.977529847E-4,1.651787781E-3,9.997385144E-1,1.773874694E2,1.910547064E-1,-7.562074441E-2,1.773873391E2
2.219870211E2,2.279418338E-2,6.983306957E-4,1.649587415E-3,9.997385740E-1,1.773877527E2,1.908039502E-1,-7.569314813E-2,1.773876225E2
2.219920211E2,2.280168086E-2,6.933895638E-4,1.656410517E-3,9.997383952E-1,1.773868934E2,1.915732736E-1,-7.510782424E-2,1.773867636E2
2.219970211E2,2.279078772E-2,7.011129055E-4,1.659173868E-3,9.997386336E-1,1.773881420E2,1.919092037E-1,-7.598749318E-2,1.773880105E2
2.220020211E2,2.279105044E-2,7.004507934E-4,1.655841479E-3,9.997386336E-1,1.773881118E2,1.915257291E-1,-7.592029361E-2,1.773879807E2
2.220070211E2,2.279899240E-2,6.958608865E-4,1.656405744E-3,9.997384548E-1,1.773872015E2,1.915789822E-1,-7.539147064E-2,1.773870713E2
2.220120211E2,2.279854985E-2,6.946346257E-4,1.662998577E-3,9.997384548E-1,1.773872523E2,1.923310329E-1,-7.523384821E-2,1.773871217E2
2.220170211E2,2.279055354E-2,7.004874642E-4,1.662651193E-3,9.997386336E-1,1.773881688E2,1.923059218E-1,-7.590680467E-2,1.773880372E2
2.220220211E2,2.278527503E-2,7.042536745E-4,1.661726390E-3,9.997387528E-1,1.773887738E2,1.922094087E-1,-7.634169814E-2,1.773886415E2
2.220270211E2,2.278515854E-2,7.041668869E-4,1.663359697E-3,9.997387528E-1,1.773887872E2,1.923962881E-1,-7.632751323E-2,1.773886548E2
2.220320211E2,2.278756812E-2,7.028901600E-4,1.666711993E-3,9.997386932E-1,1.773885110E2,1.927771835E-1,-7.617203139E-2,1.773883786E2
2.220370211E2,2.278512262E-2,7.041607751E-4,1.663854229E-3,9.997387528E-1,1.773887913E2,1.924529241E-1,-7.632552868E-2,1.773886589E2
2.220420211E2,2.278277055E-2,7.055415190E-4,1.659658155E-3,9.997388124E-1,1.773890609E2,1.919756389E-1,-7.649511712E-2,1.773889285E2
2.220470211E2,2.278017705E-2,7.073447923E-4,1.658585737E-3,9.997388721E-1,1.773893582E2,1.918572901E-1,-7.670500076E-2,1.773892255E2
2.220520211E2,2.277452187E-2,7.112291642E-4,1.662726747E-3,9.997389913E-1,1.773900064E2,1.923413977E-1,-7.714027861E-2,1.773898726E2
2.220570211E2,2.277243424E-2,7.129575824E-4,1.654722146E-3,9.997390509E-1,1.773902457E2,1.914287239E-1,-7.735958013E-2,1.773901122E2
2.220620211E2,2.277550352E-2,7.109514554E-4,1.649345621E-3,9.997389913E-1,1.773898939E2,1.908077790E-1,-7.714319994E-2,1.773897612E2
2.220670211E2,2.278857975E-2,7.032692083E-4,1.652661362E-3,9.997386932E-1,1.773883950E2,1.911685818E-1,-7.625195415E-2,1.773882636E2
2.220720211E2,2.278817521E-2,7.032705471E-4,1.658229507E-3,9.997386932E-1,1.773884414E2,1.918064524E-1,-7.623764384E-2,1.773883096E2
2.220770211E2,2.278564024E-2,7.035413873E-4,1.657013665E-3,9.997387528E-1,1.773887320E2,1.916676771E-1,-7.627233288E-2,1.773886002E2
2.220820211E2,2.279649183E-2,6.979072350E-4,1.653984422E-3,9.997385144E-1,1.773874881E2,1.913067486E-1,-7.563270837E-2,1.773873577E2
2.220870211E2,2.279630397E-2,6.970971590E-4,1.656912616E-3,9.997385144E-1,1.773875097E2,1.916400778E-1,-7.553229107E-2,1.773873791E2
2.220920211E2,2.279333598E-2,6.985992077E-4,1.661142567E-3,9.997385740E-1,1.773878499E2,1.921283690E-1,-7.569388830E-2,1.773877187E2
2.220970211E2,2.279087879E-2,7.006973610E-4,1.658098190E-3,9.997386336E-1,1.773881315E2,1.917848934E-1,-7.594267967E-2,1.773880002E2
2.221020211E2,2.279382618E-2,6.991407136E-4,1.654173713E-3,9.997385740E-1,1.773877937E2,1.913314548E-1,-7.577403334E-2,1.773876630E2
2.221070211E2,2.280197737E-2,6.926125498E-4,1.652649604E-3,9.997383952E-1,1.773868594E2,1.911404075E-1,-7.502857888E-2,1.773867300E2
2.221120211E2,2.280198937E-2,6.936077843E-4,1.652066479E-3,9.997383952E-1,1.773868580E2,1.910762054E-1,-7.514411601E-2,1.773867285E2
2.221170211E2,2.279689133E-2,6.960047758E-4,1.649273094E-3,9.997385144E-1,1.773874424E2,1.907620690E-1,-7.542699127E-2,1.773873126E2
2.221220211E2,2.280181058E-2,6.939323503E-4,1.654396183E-3,9.997383952E-1,1.773868785E2,1.913439356E-1,-7.517524539E-2,1.773867488E2
2.221270211E2,2.279663101E-2,6.961961044E-4,1.652786741E-3,9.997385144E-1,1.773874722E2,1.911650797E-1,-7.543978068E-2,1.773873421E2
2.221320211E2,2.279428290E-2,6.986040389E-4,1.648095786E-3,9.997385740E-1,1.773877413E2,1.906337878E-1,-7.572834017E-2,1.773876112E2
2.221370211E2,2.279435173E-2,6.985335494E-4,1.647173543E-3,9.997385740E-1,1.773877335E2,1.905279549E-1,-7.572266071E-2,1.773876034E2
2.221420211E2,2.280202407E-2,6.932383985E-4,1.651742612E-3,9.997383952E-1,1.773868540E2,1.910381398E-1,-7.510263822E-2,1.773867246E2
2.221470211E2,2.280737790E-2,6.901471643E-4,1.651272643E-3,9.997382760E-1,1.773862404E2,1.909766212E-1,-7.474870673E-2,1.773861116E2
2.221520211E2,2.280225011E-2,6.923240726E-4,1.649003359E-3,9.997383952E-1,1.773868281E2,1.907219531E-1,-7.500500624E-2,1.773866991E2
2.221570211E2,2.280517114E-2,6.911749369E-4,1.645223238E-3,9.997383356E-1,1.773864933E2,1.902861105E-1,-7.488268118E-2,1.773863648E2
2.221620211E2,2.281298567E-2,6.857767003E-4,1.647799159E-3,9.997381568E-1,1.773855976E2,1.905676845E-1,-7.425602892E-2,1.773854699E2
2.221670211E2,2.281300034E-2,6.867025513E-4,1.647210447E-3,9.997381568E-1,1.773855959E2,1.905026623E-1,-7.436363218E-2,1.773854681E2
2.221720211E2,2.281556665E-2,6.846309407E-4,1.648703706E-3,9.997380972E-1,1.773853018E2,1.906685069E-1,-7.412191187E-2,1.773851743E2
2.221770211E2,2.282341828E-2,6.784865400E-4,1.650997670E-3,9.997379184E-1,1.773844018E2,1.909158177E-1,-7.341050237E-2,1.773842753E2
2.221820211E2,2.282291972E-2,6.795456284E-4,1.657441608E-3,9.997379184E-1,1.773844589E2,1.916567813E-1,-7.351507465E-2,1.773843318E2
2.221870211E2,2.280955820E-2,6.881332956E-4,1.658070134E-3,9.997382164E-1,1.773859905E2,1.917502536E-1,-7.449981015E-2,1.773858616E2
2.221920211E2,2.281519403E-2,6.837155670E-4,1.654230757E-3,9.997380972E-1,1.773853445E2,1.912992754E-1,-7.400266547E-2,1.773852167E2
2.221970211E2,2.282068074E-2,6.803013384E-4,1.651999424E-3,9.997379780E-1,1.773847156E2,1.910351261E-1,-7.361631155E-2,1.773845887E2
2.222020211E2,2.281515936E-2,6.836368120E-4,1.654741471E-3,9.997380972E-1,1.773853485E2,1.913575753E-1,-7.399231452E-2,1.773852207E2
2.222070211E2,2.281246484E-2,6.863371236E-4,1.654761727E-3,9.997381568E-1,1.773856573E2,1.913667565E-1,-7.430212932E-2,1.773855290E2
2.222120211E2,2.280967724E-2,6.870800280E-4,1.656868844E-3,9.997382164E-1,1.773859768E2,1.916098869E-1,-7.438226337E-2,1.773858482E2
2.222170211E2,2.281490778E-2,6.837265100E-4,1.658169553E-3,9.997380972E-1,1.773853773E2,1.917505190E-1,-7.399367580E-2,1.773852493E2
2.222220211E2,2.281486402E-2,6.842511939E-4,1.658555120E-3,9.997380972E-1,1.773853823E2,1.917960591E-1,-7.405278474E-2,1.773852541E2
2.222270211E2,2.280954616E-2,6.878357963E-4,1.658359077E-3,9.997382164E-1,1.773859918E2,1.917825768E-1,-7.446497518E-2,1.773858630E2
2.222320211E2,2.281216848E-2,6.869250792E-4,1.658598892E-3,9.997381568E-1,1.773856913E2,1.918078648E-1,-7.435951200E-2,1.773855626E2
2.222370211E2,2.280923247E-2,6.887756172E-4,1.662278897E-3,9.997382164E-1,1.773860278E2,1.922340726E-1,-7.456245681E-2,1.773858985E2
2.222420211E2,2.280636761E-2,6.903884932E-4,1.665067859E-3,9.997382760E-1,1.773863562E2,1.925575837E-1,-7.474049226E-2,1.773862263E2
2.222470211E2,2.280385900E-2,6.915488048E-4,1.663155970E-3,9.997383356E-1,1.773866437E2,1.923413988E-1,-7.487889888E-2,1.773865138E2
2.222520211E2,2.280644494E-2,6.903740577E-4,1.664014417E-3,9.997382760E-1,1.773863473E2,1.924368673E-1,-7.474157685E-2,1.773862176E2
2.222570211E2,2.280102834E-2,6.939480081E-4,1.665135962E-3,9.997383952E-1,1.773869682E2,1.925742882E-1,-7.514912651E-2,1.773868376E2
2.222620211E2,2.279302613E-2,6.991811679E-4,1.665144460E-3,9.997385740E-1,1.773878854E2,1.925883308E-1,-7.575016512E-2,1.773877538E2
2.222670211E2,2.279319651E-2,6.985143991E-4,1.663090778E-3,9.997385740E-1,1.773878659E2,1.923513278E-1,-7.567911048E-2,1.773877346E2
2.222720211E2,2.280135169E-2,6.927495124E-4,1.661202521E-3,9.997383952E-1,1.773869311E2,1.921205578E-1,-7.502204059E-2,1.773868011E2
2.222770211E2,2.280103343E-2,6.943100016E-4,1.664915355E-3,9.997383952E-1,1.773869676E2,1.925499614E-1,-7.519117252E-2,1.773868370E2
2.222820211E2,2.279346362E-2,6.986814551E-4,1.659355592E-3,9.997385740E-1,1.773878352E2,1.919238741E-1,-7.570795388E-2,1.773877042E2
2.222870211E2,2.279892685E-2,6.949274684E-4,1.657699235E-3,9.997384548E-1,1.773872090E2,1.917247232E-1,-7.528116980E-2,1.773870789E2
2.222920211E2,2.279904186E-2,6.949382368E-4,1.656112261E-3,9.997384548E-1,1.773871959E2,1.915429531E-1,-7.528652770E-2,1.773870658E2
2.222970211E2,2.279350835E-2,6.985413493E-4,1.658800058E-3,9.997385740E-1,1.773878301E2,1.918598684E-1,-7.569334563E-2,1.773876992E2
2.223020211E2,2.279117529E-2,7.000894402E-4,1.654274995E-3,9.997386336E-1,1.773880975E2,1.913453350E-1,-7.588296384E-2,1.773879666E2
2.223070211E2,2.279103937E-2,7.002220373E-4,1.656090491E-3,9.997386336E-1,1.773881131E2,1.915536580E-1,-7.589343868E-2,1.773879820E2
2.223120211E2,2.279616840E-2,6.977973389E-4,1.658482361E-3,9.997385144E-1,1.773875252E2,1.918217299E-1,-7.560843005E-2,1.773873944E2
2.223170211E2,2.278818990E-2,7.031981950E-4,1.658058376E-3,9.997386932E-1,1.773884397E2,1.917866595E-1,-7.622979915E-2,1.773883079E2
2.223220211E2,2.279088637E-2,7.009562687E-4,1.657884452E-3,9.997386336E-1,1.773881307E2,1.917610840E-1,-7.597289734E-2,1.773879993E2
2.223270211E2,2.278840198E-2,7.025478990E-4,1.655417145E-3,9.997386932E-1,1.773884154E2,1.914823925E-1,-7.616215704E-2,1.773882839E2
2.223320211E2,2.279358410E-2,6.988546811E-4,1.657626708E-3,9.997385740E-1,1.773878214E2,1.917262713E-1,-7.573229180E-2,1.773876905E2
2.223370211E2,2.279351724E-2,6.981214392E-4,1.658854657E-3,9.997385740E-1,1.773878291E2,1.918650270E-1,-7.564509572E-2,1.773876982E2
2.223420211E2,2.279659227E-2,6.962409243E-4,1.653302112E-3,9.997385144E-1,1.773874766E2,1.912242358E-1,-7.544357636E-2,1.773873465E2
2.223470211E2,2.279904561E-2,6.947076763E-4,1.656157314E-3,9.997384548E-1,1.773871954E2,1.915475123E-1,-7.525999588E-2,1.773870654E2
2.223520211E2,2.279913949E-2,6.947673974E-4,1.654839376E-3,9.997384548E-1,1.773871847E2,1.913966898E-1,-7.527026304E-2,1.773870547E2
2.223570211E2,2.279397089E-2,6.984662614E-4,1.652463689E-3,9.997385740E-1,1.773877771E2,1.911338000E-1,-7.570120611E-2,1.773876466E2
2.223620211E2,2.279681658E-2,6.969571696E-4,1.649903948E-3,9.997385144E-1,1.773874509E2,1.908368237E-1,-7.553446524E-2,1.773873209E2
2.223670211E2,2.280154621E-2,6.938398583E-4,1.658074674E-3,9.997383952E-1,1.773869088E2,1.917650893E-1,-7.515508807E-2,1.773867788E2
2.223720211E2,2.279597012E-2,6.972473930E-4,1.661436399E-3,9.997385144E-1,1.773875479E2,1.921586987E-1,-7.553774837E-2,1.773874170E2
2.223770211E2,2.279601048E-2,6.979090977E-4,1.660604612E-3,9.997385144E-1,1.773875433E2,1.920651393E-1,-7.561571952E-2,1.773874123E2
2.223820211E2,2.280162268E-2,6.933623226E-4,1.657222630E-3,9.997383952E-1,1.773869000E2,1.916662353E-1,-7.510259254E-2,1.773867702E2
2.223870211E2,2.280699625E-2,6.892663660E-4,1.656902139E-3,9.997382760E-1,1.773862841E2,1.916192165E-1,-7.463316059E-2,1.773861551E2
2.223920211E2,2.280694485E-2,6.890869117E-4,1.657684101E-3,9.997382760E-1,1.773862900E2,1.917083267E-1,-7.461056813E-2,1.773861610E2
2.223970211E2,2.280438990E-2,6.917592837E-4,1.655772678E-3,9.997383356E-1,1.773865829E2,1.914961440E-1,-7.492220448E-2,1.773864534E2
2.224020211E2,2.280980632E-2,6.873441162E-4,1.654981170E-3,9.997382164E-1,1.773859620E2,1.913943312E-1,-7.441742727E-2,1.773858335E2
2.224070211E2,2.281772863E-2,6.829798804E-4,1.655597123E-3,9.997380376E-1,1.773850540E2,1.914540728E-1,-7.391432620E-2,1.773849263E2
2.224120211E2,2.281290016E-2,6.850375794E-4,1.649289858E-3,9.997381568E-1,1.773856074E2,1.907365230E-1,-7.416747323E-2,1.773854798E2
2.224170211E2,2.281558517E-2,6.842143484E-4,1.648620469E-3,9.997380972E-1,1.773852996E2,1.906578831E-1,-7.407440050E-2,1.773851722E2
2.224220211E2,2.282080025E-2,6.806075689E-4,1.650221413E-3,9.997379780E-1,1.773847019E2,1.908322434E-1,-7.365602082E-2,1.773845751E2
2.224270211E2,2.280973786E-2,6.874792743E-4,1.655868371E-3,9.997382164E-1,1.773859699E2,1.914963189E-1,-7.443060523E-2,1.773858413E2
2.224320211E2,2.280731285E-2,6.895586266E-4,1.652416540E-3,9.997382760E-1,1.773862478E2,1.911061250E-1,-7.467830558E-2,1.773861191E2
2.224370211E2,2.280496210E-2,6.904631155E-4,1.648416510E-3,9.997383356E-1,1.773865173E2,1.906500620E-1,-7.479282828E-2,1.773863887E2
2.224420211E2,2.280493826E-2,6.916716229E-4,1.648239675E-3,9.997383356E-1,1.773865200E2,1.906329603E-1,-7.493174353E-2,1.773863912E2
2.224470211E2,2.280232559E-2,6.939899758E-4,1.647258410E-3,9.997383952E-1,1.773868195E2,1.905264075E-1,-7.520040013E-2,1.773866903E2
2.224520211E2,2.279225956E-2,6.996377488E-4,1.639461378E-3,9.997386336E-1,1.773879733E2,1.896471596E-1,-7.586970200E-2,1.773878435E2
2.224570211E2,2.278945347E-2,7.020610501E-4,1.641086536E-3,9.997386932E-1,1.773882949E2,1.898394573E-1,-7.614360745E-2,1.773881646E2
2.224620211E2,2.279713201E-2,6.968764937E-4,1.645573997E-3,9.997385144E-1,1.773874148E2,1.903405888E-1,-7.553647464E-2,1.773872851E2
2.224670211E2,2.279451914E-2,6.976916920E-4,1.645212411E-3,9.997385740E-1,1.773877143E2,1.903010970E-1,-7.563130709E-2,1.773875845E2
2.224720211E2,2.278664554E-2,7.033139118E-4,1.643228694E-3,9.997387528E-1,1.773886167E2,1.900879254E-1,-7.628207677E-2,1.773884860E2
2.224770211E2,2.278912420E-2,7.019672776E-4,1.645692624E-3,9.997386932E-1,1.773883326E2,1.903668702E-1,-7.612089808E-2,1.773882020E2
2.224820211E2,2.278901439E-2,7.017404423E-4,1.647309284E-3,9.997386932E-1,1.773883452E2,1.905514772E-1,-7.609071036E-2,1.773882145E2
2.224870211E2,2.279181095E-2,6.999398465E-4,1.645557699E-3,9.997386336E-1,1.773880247E2,1.903463215E-1,-7.588847304E-2,1.773878944E2
2.224920211E2,2.279201347E-2,7.000961923E-4,1.642683637E-3,9.997386336E-1,1.773880015E2,1.900174870E-1,-7.591385249E-2,1.773878714E2
2.224970211E2,2.279728240E-2,6.969150854E-4,1.643472933E-3,9.997385144E-1,1.773873975E2,1.900999989E-1,-7.554635618E-2,1.773872680E2
2.225020211E2,2.279434941E-2,6.978604360E-4,1.647490892E-3,9.997385740E-1,1.773877337E2,1.905625523E-1,-7.564471921E-2,1.773876037E2
2.225070211E2,2.278617715E-2,7.045146194E-4,1.649198588E-3,9.997387528E-1,1.773886704E2,1.907749485E-1,-7.640413207E-2,1.773885390E2
2.225120211E2,2.279666634E-2,6.972771371E-4,1.651843544E-3,9.997385144E-1,1.773874681E2,1.910598523E-1,-7.556608284E-2,1.773873380E2
2.225170211E2,2.280488564E-2,6.919867010E-4,1.648835372E-3,9.997383356E-1,1.773865260E2,1.907020241E-1,-7.496629264E-2,1.773863971E2
2.225220211E2,2.280739189E-2,6.901223678E-4,1.651089755E-3,9.997382760E-1,1.773862388E2,1.909556054E-1,-7.474634135E-2,1.773861100E2
2.225270211E2,2.280247953E-2,6.937191356E-4,1.645240351E-3,9.997383952E-1,1.773868018E2,1.902945183E-1,-7.517461630E-2,1.773866728E2
2.225320211E2,2.280272957E-2,6.935225101E-4,1.641854295E-3,9.997383952E-1,1.773867732E2,1.899061100E-1,-7.516089119E-2,1.773866445E2
2.225370211E2,2.280216153E-2,6.928832736E-4,1.649993123E-3,9.997383952E-1,1.773868383E2,1.908367971E-1,-7.506649980E-2,1.773867091E2
2.225420211E2,2.280497369E-2,6.921847817E-4,1.647533965E-3,9.997383356E-1,1.773865159E2,1.905534567E-1,-7.499236937E-2,1.773863871E2
2.225470211E2,2.280523627E-2,6.908286596E-4,1.644465723E-3,9.997383356E-1,1.773864858E2,1.901984280E-1,-7.484497839E-2,1.773863575E2
2.225520211E2,2.280006317E-2,6.946836365E-4,1.642099465E-3,9.997384548E-1,1.773870788E2,1.899370308E-1,-7.529377763E-2,1.773869498E2
2.225570211E2,2.280263541E-2,6.923085311E-4,1.643673400E-3,9.997383952E-1,1.773867840E2,1.901113307E-1,-7.501708012E-2,1.773866554E2
2.225620211E2,2.280281631E-2,6.935417769E-4,1.640641014E-3,9.997383952E-1,1.773867632E2,1.897671710E-1,-7.516625241E-2,1.773866346E2
2.225670211E2,2.279749647E-2,6.958351587E-4,1.640959061E-3,9.997385144E-1,1.773873730E2,1.898091992E-1,-7.542916488E-2,1.773872439E2
2.225720211E2,2.280507137E-2,6.908008363E-4,1.646762481E-3,9.997383356E-1,1.773865047E2,1.904614641E-1,-7.483581993E-2,1.773863762E2
2.225770211E2,2.279929577E-2,6.956412108E-4,1.652317238E-3,9.997384548E-1,1.773871668E2,1.911100437E-1,-7.537692831E-2,1.773870368E2
2.225820211E2,2.279907748E-2,6.952645490E-4,1.655484783E-3,9.997384548E-1,1.773871918E2,1.914719232E-1,-7.532554315E-2,1.773870617E2
2.225870211E2,2.279690229E-2,6.960482569E-4,1.649103244E-3,9.997385144E-1,1.773874411E2,1.907427251E-1,-7.543241417E-2,1.773873114E2
2.225920211E2,2.279714942E-2,6.971949479E-4,1.645197859E-3,9.997385144E-1,1.773874128E2,1.902983310E-1,-7.557393661E-2,1.773872831E2
2.225970211E2,2.280502779E-2,6.914024125E-4,1.647113590E-3,9.997383356E-1,1.773865097E2,1.905032568E-1,-7.490382819E-2,1.773863811E2
2.226020211E2,2.280283869E-2,6.927642971E-4,1.640658360E-3,9.997383952E-1,1.773867607E2,1.897671280E-1,-7.507713349E-2,1.773866322E2
2.226070211E2,2.281321826E-2,6.864461466E-4,1.644296572E-3,9.997381568E-1,1.773855709E2,1.901681888E-1,-7.434183436E-2,1.773854434E2
2.226120211E2,2.281277614E-2,6.855803076E-4,1.650779042E-3,9.997381568E-1,1.773856216E2,1.909085367E-1,-7.422577955E-2,1.773854938E2
2.226170211E2,2.280764206E-2,6.899641594E-4,1.647696598E-3,9.997382760E-1,1.773862101E2,1.905664837E-1,-7.473703763E-2,1.773860816E2
2.226220211E2,2.281094993E-2,6.881720037E-4,1.638795831E-3,9.997382164E-1,1.773858309E2,1.895423564E-1,-7.455436214E-2,1.773857035E2
2.226270211E2,2.281636161E-2,6.846116739E-4,1.637673704E-3,9.997380972E-1,1.773852106E2,1.894048968E-1,-7.414839311E-2,1.773850840E2
2.226320211E2,2.281341048E-2,6.854647654E-4,1.642037532E-3,9.997381568E-1,1.773855489E2,1.899068372E-1,-7.423527514E-2,1.773854217E2
2.226370211E2,2.280335622E-2,6.926498027E-4,1.633498119E-3,9.997383952E-1,1.773867013E2,1.889465762E-1,-7.508262976E-2,1.773865734E2
2.226420211E2,2.280346532E-2,6.930415984E-4,1.631808002E-3,9.997383952E-1,1.773866888E2,1.887539851E-1,-7.513191054E-2,1.773865610E2
2.226470211E2,2.281683386E-2,6.840995629E-4,1.631295658E-3,9.997380972E-1,1.773851565E2,1.886729113E-1,-7.410631237E-2,1.773850304E2
2.226520211E2,2.282197937E-2,6.792607019E-4,1.634394052E-3,9.997379780E-1,1.773845667E2,1.890155943E-1,-7.354289041E-2,1.773844413E2
2.226570211E2,2.281939690E-2,6.811732310E-4,1.633196720E-3,9.997380376E-1,1.773848627E2,1.888832375E-1,-7.376561209E-2,1.773847371E2
2.226620211E2,2.282491786E-2,6.788710598E-4,1.629974926E-3,9.997379184E-1,1.773842299E2,1.885085276E-1,-7.350925582E-2,1.773841049E2
2.226670211E2,2.283257580E-2,6.731735193E-4,1.634751796E-3,9.997377396E-1,1.773833522E2,1.890414287E-1,-7.284259388E-2,1.773832279E2
2.226720211E2,2.282194198E-2,6.805636222E-4,1.634374144E-3,9.997379780E-1,1.773845710E2,1.890167188E-1,-7.369221414E-2,1.773844454E2
2.226770211E2,2.281947397E-2,6.819598493E-4,1.631791005E-3,9.997380376E-1,1.773848539E2,1.887242589E-1,-7.385938978E-2,1.773847282E2
2.226820211E2,2.282750578E-2,6.764683640E-4,1.631290303E-3,9.997378588E-1,1.773839333E2,1.886531240E-1,-7.323007028E-2,1.773838086E2
2.226870211E2,2.282439052E-2,6.783513818E-4,1.637557987E-3,9.997379184E-1,1.773842904E2,1.893758595E-1,-7.342998578E-2,1.773841649E2
2.226920211E2,2.281915349E-2,6.816779496E-4,1.636383939E-3,9.997380376E-1,1.773848906E2,1.892496734E-1,-7.381514483E-2,1.773847646E2
2.226970211E2,2.281932579E-2,6.811794592E-4,1.634187414E-3,9.997380376E-1,1.773848709E2,1.889967444E-1,-7.376374834E-2,1.773847451E2
2.227020211E2,2.282448891E-2,6.788832834E-4,1.635965426E-3,9.997379184E-1,1.773842791E2,1.891948112E-1,-7.349506817E-2,1.773841536E2
2.227070211E2,2.282670414E-2,6.760320393E-4,1.642649178E-3,9.997378588E-1,1.773840252E2,1.899532184E-1,-7.315052210E-2,1.773838998E2
2.227120211E2,2.283223961E-2,6.725833518E-4,1.639682800E-3,9.997377396E-1,1.773833907E2,1.896047651E-1,-7.276214493E-2,1.773832662E2
2.227170211E2,2.282949306E-2,6.737613585E-4,1.641099574E-3,9.997377992E-1,1.773837055E2,1.897699558E-1,-7.289391354E-2,1.773835807E2
2.227220211E2,2.281616095E-2,6.834459491E-4,1.640952891E-3,9.997380972E-1,1.773852336E2,1.897775037E-1,-7.400630984E-2,1.773851070E2
2.227270211E2,2.281607770E-2,6.830964703E-4,1.642255462E-3,9.997380972E-1,1.773852432E2,1.899258088E-1,-7.396288302E-2,1.773851165E2
2.227320211E2,2.281641137E-2,6.834344822E-4,1.637472073E-3,9.997380972E-1,1.773852049E2,1.893787230E-1,-7.401404993E-2,1.773850785E2
2.227370211E2,2.280565111E-2,6.908600917E-4,1.638689311E-3,9.997383356E-1,1.773864383E2,1.895367840E-1,-7.486359684E-2,1.773863103E2
2.227420211E2,2.280514158E-2,6.919255247E-4,1.645317418E-3,9.997383356E-1,1.773864967E2,1.902988595E-1,-7.496842922E-2,1.773863680E2
2.227470211E2,2.280230047E-2,6.930574309E-4,1.647998579E-3,9.997383952E-1,1.773868224E2,1.906087637E-1,-7.509163693E-2,1.773866933E2
2.227520211E2,2.279679311E-2,6.973939016E-4,1.650043647E-3,9.997385144E-1,1.773874536E2,1.908539671E-1,-7.558413750E-2,1.773873235E2
2.227570211E2,2.280475554E-2,6.917992723E-4,1.650712336E-3,9.997383356E-1,1.773865410E2,1.909165532E-1,-7.493994013E-2,1.773864119E2
2.227620211E2,2.280728963E-2,6.894976832E-4,1.652762410E-3,9.997382760E-1,1.773862505E2,1.911455876E-1,-7.467042426E-2,1.773861217E2
2.227670211E2,2.280726355E-2,6.893997779E-4,1.653163112E-3,9.997382760E-1,1.773862535E2,1.911912349E-1,-7.465816576E-2,1.773861247E2
2.227720211E2,2.279659663E-2,6.961850449E-4,1.653265557E-3,9.997385144E-1,1.773874761E2,1.912199024E-1,-7.543726939E-2,1.773873460E2
2.227770211E2,2.280985453E-2,6.879065768E-4,1.654082793E-3,9.997382164E-1,1.773859565E2,1.912928853E-1,-7.448420275E-2,1.773858280E2
2.227820211E2,2.280445554E-2,6.906706258E-4,1.655323082E-3,9.997383356E-1,1.773865753E2,1.914417971E-1,-7.479864844E-2,1.773864462E2
2.227870211E2,2.279921223E-2,6.960341707E-4,1.653304207E-3,9.997384548E-1,1.773871763E2,1.912241333E-1,-7.541938372E-2,1.773870463E2
2.227920211E2,2.279686229E-2,6.963248597E-4,1.649539336E-3,9.997385144E-1,1.773874457E2,1.907934043E-1,-7.546297060E-2,1.773873159E2
2.227970211E2,2.280470149E-2,6.907382049E-4,1.651903032E-3,9.997383356E-1,1.773865471E2,1.910501844E-1,-7.481528113E-2,1.773864182E2
2.228020211E2,2.279134807E-2,7.002748898E-4,1.651814324E-3,9.997386336E-1,1.773880777E2,1.910639331E-1,-7.591060304E-2,1.773879470E2
2.228070211E2,2.278617874E-2,7.045497769E-4,1.649161684E-3,9.997387528E-1,1.773886702E2,1.907708127E-1,-7.640825583E-2,1.773885388E2
2.228120211E2,2.280235344E-2,6.926014903E-4,1.647457248E-3,9.997383952E-1,1.773868163E2,1.905455602E-1,-7.504080808E-2,1.773866873E2
2.228170211E2,2.279953517E-2,6.950348034E-4,1.649266342E-3,9.997384548E-1,1.773871393E2,1.907589604E-1,-7.531538281E-2,1.773870098E2
2.228220211E2,2.279699758E-2,6.968136877E-4,1.647461904E-3,9.997385144E-1,1.773874302E2,1.905566970E-1,-7.552437295E-2,1.773873004E2
2.228270211E2,2.280576193E-2,6.902614259E-4,1.637398731E-3,9.997383356E-1,1.773864256E2,1.893873761E-1,-7.479836462E-2,1.773862978E2
2.228320211E2,2.280565417E-2,6.919490406E-4,1.638187212E-3,9.997383356E-1,1.773864379E2,1.894821090E-1,-7.498966023E-2,1.773863098E2
2.228370211E2,2.280562410E-2,6.908791838E-4,1.639057184E-3,9.997383356E-1,1.773864414E2,1.895789761E-1,-7.486482777E-2,1.773863134E2
2.228420211E2,2.280044581E-2,6.942213513E-4,1.636974164E-3,9.997384548E-1,1.773870349E2,1.893486870E-1,-7.525413654E-2,1.773869065E2
2.228470211E2,2.280849303E-2,6.886429619E-4,1.636431320E-3,9.997382760E-1,1.773861126E2,1.892725212E-1,-7.461496202E-2,1.773859852E2
2.228520211E2,2.280846313E-2,6.889257929E-4,1.636728994E-3,9.997382760E-1,1.773861160E2,1.893073604E-1,-7.464659120E-2,1.773859885E2
2.228570211E2,2.281140879E-2,6.867496995E-4,1.632995089E-3,9.997382164E-1,1.773857783E2,1.888741277E-1,-7.440649757E-2,1.773856516E2
2.228620211E2,2.280877463E-2,6.891965168E-4,1.632268075E-3,9.997382760E-1,1.773860803E2,1.887970397E-1,-7.468920683E-2,1.773859531E2
2.228670211E2,2.280906084E-2,6.889465731E-4,1.628369442E-3,9.997382760E-1,1.773860475E2,1.883497727E-1,-7.467070929E-2,1.773859207E2
2.228720211E2,2.281431560E-2,6.854270468E-4,1.629429520E-3,9.997381568E-1,1.773854452E2,1.884624072E-1,-7.426374523E-2,1.773853189E2
2.228770211E2,2.281430379E-2,6.857534754E-4,1.629457576E-3,9.997381568E-1,1.773854465E2,1.884664740E-1,-7.430107028E-2,1.773853202E2
2.228820211E2,2.280630956E-2,6.907732459E-4,1.629536622E-3,9.997383356E-1,1.773863628E2,1.884880562E-1,-7.487744375E-2,1.773862356E2
2.228870211E2,2.280392061E-2,6.924464833E-4,1.625686768E-3,9.997383952E-1,1.773866367E2,1.880512033E-1,-7.507964366E-2,1.773865094E2
2.228920211E2,2.281993176E-2,6.813369109E-4,1.625637640E-3,9.997380376E-1,1.773848014E2,1.880177222E-1,-7.380403023E-2,1.773846763E2
2.228970211E2,2.281460463E-2,6.858519628E-4,1.625198405E-3,9.997381568E-1,1.773854120E2,1.879788150E-1,-7.432343200E-2,1.773852860E2
2.229020211E2,2.280692576E-2,6.908552023E-4,1.620854484E-3,9.997383356E-1,1.773862922E2,1.874936736E-1,-7.490940837E-2,1.773861656E2
2.229070211E2,2.281515253E-2,6.848367630E-4,1.617918722E-3,9.997381568E-1,1.773853492E2,1.871422265E-1,-7.422605919E-2,1.773852240E2
2.229120211E2,2.281733201E-2,6.832240033E-4,1.624681521E-3,9.997380972E-1,1.773850994E2,1.879129302E-1,-7.402320752E-2,1.773849740E2
2.229170211E2,2.280378568E-2,6.919529987E-4,1.627788180E-3,9.997383952E-1,1.773866521E2,1.882906455E-1,-7.501764312E-2,1.773865248E2
2.229220211E2,2.280939967E-2,6.879934226E-4,1.624020515E-3,9.997382760E-1,1.773860086E2,1.878490847E-1,-7.457281865E-2,1.773858823E2
2.229270211E2,2.281685141E-2,6.829183549E-4,1.631545136E-3,9.997380972E-1,1.773851545E2,1.886984044E-1,-7.397033566E-2,1.773850286E2
2.229320211E2,2.281623271E-2,6.843068404E-4,1.639595721E-3,9.997380972E-1,1.773852254E2,1.896242802E-1,-7.410846986E-2,1.773850987E2
2.229370211E2,2.281117682E-2,6.864549359E-4,1.636355883E-3,9.997382164E-1,1.773858049E2,1.892583590E-1,-7.436398735E-2,1.773856780E2
2.229420211E2,2.282168738E-2,6.803958677E-4,1.637995127E-3,9.997379780E-1,1.773846002E2,1.894310880E-1,-7.366357409E-2,1.773844743E2
2.229470211E2,2.281906779E-2,6.816546666E-4,1.637588255E-3,9.997380376E-1,1.773849005E2,1.893875750E-1,-7.380934441E-2,1.773847744E2
2.229520211E2,2.282138852E-2,6.809449987E-4,1.641926123E-3,9.997379780E-1,1.773846345E2,1.898828448E-1,-7.371625943E-2,1.773845082E2
2.229570211E2,2.282470517E-2,6.776512600E-4,1.633457141E-3,9.997379184E-1,1.773842543E2,1.889042504E-1,-7.336044550E-2,1.773841293E2
2.229620211E2,2.282188758E-2,6.808768958E-4,1.635003136E-3,9.997379780E-1,1.773845773E2,1.890895927E-1,-7.372646853E-2,1.773844515E2
2.229670211E2,2.281892101E-2,6.813791697E-4,1.639746828E-3,9.997380376E-1,1.773849173E2,1.896341340E-1,-7.377216623E-2,1.773847911E2
2.229720211E2,2.281621263E-2,6.843516603E-4,1.639856491E-3,9.997380972E-1,1.773852277E2,1.896542702E-1,-7.411292648E-2,1.773851009E2
2.229770211E2,2.281902175E-2,6.823075819E-4,1.637957874E-3,9.997380376E-1,1.773849057E2,1.894316234E-1,-7.388318560E-2,1.773847795E2
2.229820211E2,2.282416889E-2,6.787893944E-4,1.640463015E-3,9.997379184E-1,1.773843158E2,1.897097946E-1,-7.347260883E-2,1.773841900E2
2.229870211E2,2.282925577E-2,6.742555415E-4,1.644194592E-3,9.997377992E-1,1.773837327E2,1.901258026E-1,-7.294247587E-2,1.773836075E2
2.229920211E2,2.282161756E-2,6.798414979E-4,1.639197581E-3,9.997379780E-1,1.773846082E2,1.895673883E-1,-7.359693308E-2,1.773844823E2
2.229970211E2,2.281338048E-2,6.859011482E-4,1.642272109E-3,9.997381568E-1,1.773855523E2,1.899348495E-1,-7.428466028E-2,1.773854251E2
2.230020211E2,2.281294023E-2,6.863827584E-4,1.648175996E-3,9.997381568E-1,1.773856028E2,1.906124368E-1,-7.432448341E-2,1.773854750E2
2.230070211E2,2.281277536E-2,6.866314216E-4,1.650352962E-3,9.997381568E-1,1.773856217E2,1.908624723E-1,-7.434731088E-2,1.773854937E2
2.230120211E2,2.280776371E-2,6.896742852E-4,1.646133373E-3,9.997382760E-1,1.773861962E2,1.903866489E-1,-7.470789181E-2,1.773860679E2
2.230170211E2,2.281580829E-2,6.844089366E-4,1.645448734E-3,9.997380972E-1,1.773852741E2,1.902950483E-1,-7.410494320E-2,1.773851469E2
2.230220211E2,2.281582532E-2,6.834465894E-4,1.645612647E-3,9.997380972E-1,1.773852721E2,1.903113113E-1,-7.399426336E-2,1.773851451E2
2.230270211E2,2.281294703E-2,6.861918955E-4,1.648161327E-3,9.997381568E-1,1.773856020E2,1.906102579E-1,-7.430265490E-2,1.773854743E2
2.230320211E2,2.281864259E-2,6.827195757E-4,1.643060474E-3,9.997380376E-1,1.773849492E2,1.900172366E-1,-7.391711304E-2,1.773848225E2
2.230370211E2,2.282443720E-2,6.776915397E-4,1.637180452E-3,9.997379184E-1,1.773842850E2,1.893308858E-1,-7.335537188E-2,1.773841597E2
2.230420211E2,2.282412028E-2,6.782795535E-4,1.641349983E-3,9.997379184E-1,1.773843213E2,1.898100702E-1,-7.341188994E-2,1.773841956E2
2.230470211E2,2.281857208E-2,6.822950090E-4,1.644215663E-3,9.997380376E-1,1.773849573E2,1.901484618E-1,-7.386546665E-2,1.773848306E2
2.230520211E2,2.282444425E-2,6.781968987E-4,1.636872999E-3,9.997379184E-1,1.773842842E2,1.892969859E-1,-7.341406944E-2,1.773841588E2
2.230570211E2,2.282723407E-2,6.769386237E-4,1.634893357E-3,9.997378588E-1,1.773839644E2,1.890671072E-1,-7.327456987E-2,1.773838394E2
2.230620211E2,2.282707863E-2,6.770652253E-4,1.637009904E-3,9.997378588E-1,1.773839822E2,1.893099027E-1,-7.328356623E-2,1.773838571E2
2.230670211E2,2.282702752E-2,6.764378049E-4,1.637981622E-3,9.997378588E-1,1.773839881E2,1.894195795E-1,-7.320915572E-2,1.773838630E2
2.230720211E2,2.282469049E-2,6.785923615E-4,1.633271459E-3,9.997379184E-1,1.773842560E2,1.888854390E-1,-7.346874801E-2,1.773841308E2
2.230770211E2,2.282215610E-2,6.801612326E-4,1.631549210E-3,9.997379780E-1,1.773845465E2,1.886920522E-1,-7.365346348E-2,1.773844211E2
2.230820211E2,2.281946745E-2,6.820429699E-4,1.631847350E-3,9.997380376E-1,1.773848547E2,1.887309308E-1,-7.386876609E-2,1.773847289E2
2.230870211E2,2.281167036E-2,6.868501077E-4,1.629294711E-3,9.997382164E-1,1.773857484E2,1.884504872E-1,-7.442762444E-2,1.773856219E2
2.230920211E2,2.280917571E-2,6.885224720E-4,1.626939280E-3,9.997382760E-1,1.773860343E2,1.881848304E-1,-7.462584022E-2,1.773859077E2
2.230970211E2,2.281967367E-2,6.818727124E-4,1.629032427E-3,9.997380376E-1,1.773848310E2,1.884080178E-1,-7.385658343E-2,1.773847055E2
2.231020211E2,2.281662684E-2,6.844347226E-4,1.634048298E-3,9.997380972E-1,1.773851802E2,1.889891202E-1,-7.413755047E-2,1.773850539E2
2.231070211E2,2.280114345E-2,6.947247894E-4,1.627013087E-3,9.997384548E-1,1.773869550E2,1.882088942E-1,-7.533770689E-2,1.773868271E2
2.231120211E2,2.279578039E-2,6.978837191E-4,1.627561171E-3,9.997385740E-1,1.773875697E2,1.882795326E-1,-7.569917694E-2,1.773874412E2
2.231170211E2,2.280357873E-2,6.918013678E-4,1.630749088E-3,9.997383952E-1,1.773866758E2,1.886294411E-1,-7.499257348E-2,1.773865483E2
2.231220211E2,2.280101607E-2,6.945191999E-4,1.628884813E-3,9.997384548E-1,1.773869696E2,1.884227760E-1,-7.530928751E-2,1.773868416E2
2.231270211E2,2.280400393E-2,6.921998574E-4,1.624622731E-3,9.997383952E-1,1.773866271E2,1.879286669E-1,-7.505415475E-2,1.773864999E2
2.231320211E2,2.279615938E-2,6.972727715E-4,1.622506883E-3,9.997385740E-1,1.773875263E2,1.876989358E-1,-7.564231812E-2,1.773873983E2
2.231370211E2,2.278758822E-2,7.037640898E-4,1.629909617E-3,9.997387528E-1,1.773885087E2,1.885633125E-1,-7.636825211E-2,1.773883789E2
2.231420211E2,2.279008946E-2,7.022405043E-4,1.632153406E-3,9.997386932E-1,1.773882220E2,1.888165771E-1,-7.618737578E-2,1.773880923E2
2.231470211E2,2.279553777E-2,6.974067073E-4,1.631159685E-3,9.997385740E-1,1.773875975E2,1.886905210E-1,-7.563517495E-2,1.773874688E2
2.231520211E2,2.279521688E-2,6.981795887E-4,1.635308261E-3,9.997385740E-1,1.773876343E2,1.891677851E-1,-7.571294086E-2,1.773875052E2
2.231570211E2,2.280029083E-2,6.941292086E-4,1.639170339E-3,9.997384548E-1,1.773870527E2,1.896000327E-1,-7.523787158E-2,1.773869241E2
2.231620211E2,2.280020069E-2,6.944880588E-4,1.640271745E-3,9.997384548E-1,1.773870630E2,1.897271428E-1,-7.527612135E-2,1.773869343E2
2.231670211E2,2.279762374E-2,6.963120541E-4,1.638987451E-3,9.997385144E-1,1.773873584E2,1.895845833E-1,-7.548892556E-2,1.773872294E2
2.231720211E2,2.281080147E-2,6.882962771E-4,1.640808885E-3,9.997382164E-1,1.773858480E2,1.897732896E-1,-7.456336500E-2,1.773857203E2
2.231770211E2,2.282125419E-2,6.803783472E-4,1.644026721E-3,9.997379780E-1,1.773846499E2,1.901220014E-1,-7.364587485E-2,1.773845235E2
2.231820211E2,2.281093043E-2,6.871662335E-4,1.639489084E-3,9.997382164E-1,1.773858332E2,1.896191460E-1,-7.443733098E-2,1.773857059E2
2.231870211E2,2.280853975E-2,6.887998898E-4,1.635713968E-3,9.997382760E-1,1.773861072E2,1.891907537E-1,-7.463480609E-2,1.773859799E2
2.231920211E2,2.281339414E-2,6.852109800E-4,1.642370480E-3,9.997381568E-1,1.773855508E2,1.899443156E-1,-7.420533374E-2,1.773854236E2
2.231970211E2,2.281314667E-2,6.866639014E-4,1.645198790E-3,9.997381568E-1,1.773855791E2,1.902721127E-1,-7.436443563E-2,1.773854515E2
2.232020211E2,2.280529428E-2,6.915216800E-4,1.643369556E-3,9.997383356E-1,1.773864792E2,1.900746646E-1,-7.492722564E-2,1.773863508E2
2.232070211E2,2.281325954E-2,6.866052281E-4,1.643657335E-3,9.997381568E-1,1.773855662E2,1.900953756E-1,-7.436172232E-2,1.773854387E2
2.232120211E2,2.281047698E-2,6.872489466E-4,1.645751414E-3,9.997382164E-1,1.773858852E2,1.903367533E-1,-7.443052287E-2,1.773857574E2
2.232170211E2,2.279706914E-2,6.965846405E-4,1.646568300E-3,9.997385144E-1,1.773874220E2,1.904537309E-1,-7.550045383E-2,1.773872923E2
2.232220211E2,2.280288556E-2,6.924956106E-4,1.640120288E-3,9.997383952E-1,1.773867553E2,1.897047868E-1,-7.504774949E-2,1.773866269E2
2.232270211E2,2.281583280E-2,6.838230765E-4,1.645352459E-3,9.997380972E-1,1.773852713E2,1.902824887E-1,-7.403807320E-2,1.773851442E2
2.232320211E2,2.280504863E-2,6.907066563E-4,1.647116966E-3,9.997383356E-1,1.773865074E2,1.905018267E-1,-7.482410844E-2,1.773863788E2
2.232370211E2,2.280276419E-2,6.932700635E-4,1.641480019E-3,9.997383952E-1,1.773867692E2,1.898625751E-1,-7.513294195E-2,1.773866406E2
2.232420211E2,2.281091533E-2,6.875091349E-4,1.639555441E-3,9.997382164E-1,1.773858349E2,1.896276433E-1,-7.447644371E-2,1.773857075E2
2.232470211E2,2.280788467E-2,6.886921474E-4,1.644868054E-3,9.997382760E-1,1.773861823E2,1.902391333E-1,-7.459866067E-2,1.773860543E2
2.232520211E2,2.280801815E-2,6.888087955E-4,1.642967341E-3,9.997382760E-1,1.773861670E2,1.900216988E-1,-7.461696664E-2,1.773860391E2
2.232570211E2,2.281389794E-2,6.849599304E-4,1.635462628E-3,9.997381568E-1,1.773854930E2,1.891523195E-1,-7.419453734E-2,1.773853665E2
2.232620211E2,2.281377051E-2,6.857904955E-4,1.636891393E-3,9.997381568E-1,1.773855076E2,1.893181638E-1,-7.428597695E-2,1.773853808E2
2.232670211E2,2.280522989E-2,6.921049790E-4,1.644017408E-3,9.997383356E-1,1.773864866E2,1.901504035E-1,-7.499236845E-2,1.773863580E2
2.232720211E2,2.280779517E-2,6.889076903E-4,1.646018471E-3,9.997382760E-1,1.773861925E2,1.903714840E-1,-7.462036380E-2,1.773860644E2
2.232770211E2,2.280550985E-2,6.902962341E-4,1.640891307E-3,9.997383356E-1,1.773864545E2,1.897875647E-1,-7.479327238E-2,1.773863265E2
2.232820211E2,2.281319573E-2,6.863097078E-4,1.644666190E-3,9.997381568E-1,1.773855735E2,1.902101746E-1,-7.432524170E-2,1.773854460E2
2.232870211E2,2.282338706E-2,6.786796730E-4,1.651349827E-3,9.997379184E-1,1.773844054E2,1.909566643E-1,-7.343171289E-2,1.773842788E2
2.232920211E2,2.282890237E-2,6.748533342E-4,1.648849575E-3,9.997377992E-1,1.773837732E2,1.906606247E-1,-7.299884910E-2,1.773836476E2
2.232970211E2,2.281301058E-2,6.865397445E-4,1.647136523E-3,9.997381568E-1,1.773855947E2,1.904937685E-1,-7.434517208E-2,1.773854670E2
2.233020211E2,2.281323568E-2,6.850890932E-4,1.644620905E-3,9.997381568E-1,1.773855689E2,1.902017982E-1,-7.418551693E-2,1.773854417E2
2.233070211E2,2.282363912E-2,6.785742589E-4,1.647905912E-3,9.997379184E-1,1.773843765E2,1.905618656E-1,-7.342859600E-2,1.773842502E2
2.233120211E2,2.281826493E-2,6.824262091E-4,1.648418372E-3,9.997380376E-1,1.773849925E2,1.906302528E-1,-7.386956585E-2,1.773848654E2
2.233170211E2,2.281593249E-2,6.843381561E-4,1.643755240E-3,9.997380972E-1,1.773852598E2,1.901008625E-1,-7.410123872E-2,1.773851328E2
2.233220211E2,2.282602513E-2,6.766705774E-4,1.651796279E-3,9.997378588E-1,1.773841030E2,1.910027487E-1,-7.319987604E-2,1.773839768E2
2.233270211E2,2.281767833E-2,6.816742243E-4,1.656828099E-3,9.997380376E-1,1.773850597E2,1.915916776E-1,-7.376153901E-2,1.773849322E2
2.233320211E2,2.280171451E-2,6.930136005E-4,1.656104578E-3,9.997383952E-1,1.773868895E2,1.915372446E-1,-7.506554626E-2,1.773867598E2
2.233370211E2,2.281204334E-2,6.861804286E-4,1.660627080E-3,9.997381568E-1,1.773857056E2,1.920382618E-1,-7.426892556E-2,1.773855769E2
2.233420211E2,2.281416427E-2,6.846042816E-4,1.668008044E-3,9.997380972E-1,1.773854625E2,1.928798760E-1,-7.406865513E-2,1.773853336E2
2.233470211E2,2.279858086E-2,6.945088971E-4,1.662625931E-3,9.997384548E-1,1.773872487E2,1.922880157E-1,-7.522041217E-2,1.773871182E2
2.233520211E2,2.279665076E-2,6.963445921E-4,1.652451814E-3,9.997385144E-1,1.773874699E2,1.911270993E-1,-7.545766288E-2,1.773873399E2
2.233570211E2,2.280203560E-2,6.935522542E-4,1.651451690E-3,9.997383952E-1,1.773868527E2,1.910056323E-1,-7.513935203E-2,1.773867233E2
2.233620211E2,2.280437153E-2,6.914711557E-4,1.656146022E-3,9.997383356E-1,1.773865850E2,1.915381607E-1,-7.488822393E-2,1.773864556E2
2.233670211E2,2.279422020E-2,6.979375030E-4,1.649245038E-3,9.997385740E-1,1.773877485E2,1.907637024E-1,-7.564899064E-2,1.773876184E2
2.233720211E2,2.280514806E-2,6.916426937E-4,1.645346521E-3,9.997383356E-1,1.773864960E2,1.903014550E-1,-7.493595035E-2,1.773863674E2
2.233770211E2,2.279719085E-2,6.961578038E-4,1.645063050E-3,9.997385144E-1,1.773874080E2,1.902801804E-1,-7.545546398E-2,1.773872786E2
2.233820211E2,2.279126570E-2,7.005933439E-4,1.652815496E-3,9.997386336E-1,1.773880872E2,1.911794550E-1,-7.594448653E-2,1.773879563E2
2.233870211E2,2.278618081E-2,7.049239357E-4,1.648973092E-3,9.997387528E-1,1.773886700E2,1.907501844E-1,-7.645161216E-2,1.773885385E2
2.233920211E2,2.278635369E-2,7.045048405E-4,1.646761782E-3,9.997387528E-1,1.773886502E2,1.904957711E-1,-7.640934123E-2,1.773885190E2
2.233970211E2,2.278588559E-2,7.049696869E-4,1.653028070E-3,9.997387528E-1,1.773887039E2,1.912148279E-1,-7.644632144E-2,1.773885721E2
2.234020211E2,2.279064371E-2,7.011181442E-4,1.661148737E-3,9.997386336E-1,1.773881585E2,1.921354515E-1,-7.598296311E-2,1.773880268E2
2.234070211E2,2.278803270E-2,7.021964411E-4,1.660641399E-3,9.997386932E-1,1.773884577E2,1.920799476E-1,-7.610832128E-2,1.773883259E2
2.234120211E2,2.278584948E-2,7.052347064E-4,1.653412706E-3,9.997387528E-1,1.773887080E2,1.912595819E-1,-7.647568505E-2,1.773885761E2
2.234170211E2,2.279888856E-2,6.952750846E-4,1.658080146E-3,9.997384548E-1,1.773872134E2,1.917692665E-1,-7.532000542E-2,1.773870832E2
2.234220211E2,2.280381961E-2,6.923057954E-4,1.663381117E-3,9.997383356E-1,1.773866482E2,1.923691676E-1,-7.496504016E-2,1.773865181E2
2.234270211E2,2.279654862E-2,6.974282442E-4,1.653403626E-3,9.997385144E-1,1.773874816E2,1.912389643E-1,-7.557934082E-2,1.773873513E2
2.234320211E2,2.280737836E-2,6.899877335E-4,1.651332830E-3,9.997382760E-1,1.773862403E2,1.909830996E-1,-7.473028469E-2,1.773861116E2
2.234370211E2,2.280664974E-2,6.906262133E-4,1.661100192E-3,9.997382760E-1,1.773863238E2,1.921036823E-1,-7.477804135E-2,1.773861942E2
2.234420211E2,2.280165095E-2,6.934793782E-4,1.656784560E-3,9.997383952E-1,1.773868968E2,1.916163571E-1,-7.511714188E-2,1.773867670E2
2.234470211E2,2.280199078E-2,6.934535922E-4,1.652111765E-3,9.997383952E-1,1.773868579E2,1.910809905E-1,-7.512633291E-2,1.773867284E2
2.234520211E2,2.281259749E-2,6.851924700E-4,1.653406769E-3,9.997381568E-1,1.773856421E2,1.912085470E-1,-7.417451280E-2,1.773855141E2
2.234570211E2,2.279895991E-2,6.960264291E-4,1.656783279E-3,9.997384548E-1,1.773872053E2,1.916226635E-1,-7.540945531E-2,1.773870749E2
2.234620211E2,2.278847596E-2,7.032667054E-4,1.654092921E-3,9.997386932E-1,1.773884069E2,1.913325697E-1,-7.624794874E-2,1.773882754E2
2.234670211E2,2.279166049E-2,6.997586461E-4,1.647717319E-3,9.997386336E-1,1.773880419E2,1.905932473E-1,-7.586210243E-2,1.773879116E2
2.234720211E2,2.279677745E-2,6.966493092E-4,1.650574501E-3,9.997385144E-1,1.773874554E2,1.909128362E-1,-7.549745194E-2,1.773873254E2
2.234770211E2,2.278913750E-2,7.027345710E-4,1.645180979E-3,9.997386932E-1,1.773883311E2,1.903102601E-1,-7.621013416E-2,1.773882004E2
2.234820211E2,2.278957495E-2,7.014787407E-4,1.639647991E-3,9.997386932E-1,1.773882810E2,1.896731431E-1,-7.608063099E-2,1.773881509E2
2.234870211E2,2.278672312E-2,7.043796941E-4,1.641695620E-3,9.997387528E-1,1.773886079E2,1.899150827E-1,-7.640816312E-2,1.773884771E2
2.234920211E2,2.278115287E-2,7.085832185E-4,1.644595293E-3,9.997388721E-1,1.773892463E2,1.902578245E-1,-7.688321403E-2,1.773891145E2
2.234970211E2,2.278118558E-2,7.078801864E-4,1.644444885E-3,9.997388721E-1,1.773892426E2,1.902387603E-1,-7.680305993E-2,1.773891109E2
2.235020211E2,2.278402792E-2,7.061548531E-4,1.642042887E-3,9.997388124E-1,1.773889168E2,1.899592956E-1,-7.661113360E-2,1.773887856E2
2.235070211E2,2.278430511E-2,7.064959500E-4,1.638045185E-3,9.997388124E-1,1.773888850E2,1.895022227E-1,-7.666059566E-2,1.773887541E2
2.235120211E2,2.278656967E-2,7.040515775E-4,1.643964788E-3,9.997387528E-1,1.773886254E2,1.901741745E-1,-7.636467725E-2,1.773884945E2
2.235170211E2,2.278948975E-2,7.030171109E-4,1.640173141E-3,9.997386932E-1,1.773882907E2,1.897373169E-1,-7.625551391E-2,1.773881603E2
2.235220211E2,2.278395204E-2,7.059521740E-4,1.643182593E-3,9.997388124E-1,1.773889255E2,1.900893276E-1,-7.658495301E-2,1.773887943E2
2.235270211E2,2.278898229E-2,7.019132026E-4,1.647679601E-3,9.997386932E-1,1.773883489E2,1.905943502E-1,-7.610954109E-2,1.773882181E2
2.235320211E2,2.279147079E-2,7.010840927E-4,1.649776590E-3,9.997386336E-1,1.773880637E2,1.908326093E-1,-7.600860545E-2,1.773879329E2
2.235370211E2,2.277860173E-2,7.104596589E-4,1.642888295E-3,9.997389317E-1,1.773895387E2,1.900669698E-1,-7.710312361E-2,1.773894067E2
2.235420211E2,2.277892688E-2,7.101990632E-4,1.638486865E-3,9.997389317E-1,1.773895015E2,1.895620776E-1,-7.708469704E-2,1.773893698E2
2.235470211E2,2.278654749E-2,7.048484986E-4,1.643930678E-3,9.997387528E-1,1.773886280E2,1.901723463E-1,-7.645606715E-2,1.773884969E2
2.235520211E2,2.278110541E-2,7.073128363E-4,1.645799028E-3,9.997388721E-1,1.773892518E2,1.903924062E-1,-7.673454340E-2,1.773891201E2
2.235570211E2,2.277878278E-2,7.088635466E-4,1.641066396E-3,9.997389317E-1,1.773895180E2,1.898540963E-1,-7.692499174E-2,1.773893864E2
2.235620211E2,2.278701107E-2,7.043348742E-4,1.637713285E-3,9.997387528E-1,1.773885748E2,1.894587632E-1,-7.641337299E-2,1.773884444E2
2.235670211E2,2.277601371E-2,7.115612971E-4,1.642021118E-3,9.997389913E-1,1.773898354E2,1.899703001E-1,-7.723208457E-2,1.773897032E2
2.235720211E2,2.277091319E-2,7.147074211E-4,1.638811431E-3,9.997391105E-1,1.773904200E2,1.896104083E-1,-7.760185477E-2,1.773902874E2
2.235770211E2,2.277664097E-2,7.105442346E-4,1.633740030E-3,9.997389913E-1,1.773897635E2,1.890189952E-1,-7.713706383E-2,1.773896321E2
2.235820211E2,2.278200429E-2,7.071862929E-4,1.633364009E-3,9.997388721E-1,1.773891487E2,1.889675636E-1,-7.675234005E-2,1.773890180E2
2.235870211E2,2.277905437E-2,7.087447448E-4,1.637343667E-3,9.997389317E-1,1.773894869E2,1.894273235E-1,-7.692104793E-2,1.773893555E2
2.235920211E2,2.277147847E-2,7.150308811E-4,1.630796236E-3,9.997391105E-1,1.773903552E2,1.886930590E-1,-7.765971978E-2,1.773902232E2
2.235970211E2,2.276646528E-2,7.182818954E-4,1.626275014E-3,9.997392297E-1,1.773909298E2,1.881831917E-1,-7.804490356E-2,1.773907975E2
2.236020211E2,2.276886698E-2,7.158430526E-4,1.630363171E-3,9.997391701E-1,1.773906545E2,1.886453627E-1,-7.775438642E-2,1.773905224E2
2.236070211E2,2.276602269E-2,7.178867818E-4,1.632632921E-3,9.997392297E-1,1.773909806E2,1.889105012E-1,-7.798313464E-2,1.773908479E2
2.236120211E2,2.276600128E-2,7.191048935E-4,1.632395317E-3,9.997392297E-1,1.773909830E2,1.888864575E-1,-7.812330755E-2,1.773908501E2
2.236170211E2,2.276327052E-2,7.207475719E-4,1.633248408E-3,9.997392893E-1,1.773912960E2,1.889882616E-1,-7.830978618E-2,1.773911627E2
2.236220211E2,2.276060494E-2,7.219702238E-4,1.633372507E-3,9.997393489E-1,1.773916016E2,1.890054592E-1,-7.845003552E-2,1.773914680E2
2.236270211E2,2.276031160E-2,7.220457774E-4,1.637421781E-3,9.997393489E-1,1.773916352E2,1.894695266E-1,-7.844818489E-2,1.773915013E2
2.236320211E2,2.276055041E-2,7.229364710E-4,1.633704989E-3,9.997393489E-1,1.773916078E2,1.890460652E-1,-7.855987357E-2,1.773914740E2
2.236370211E2,2.276615979E-2,7.175258361E-4,1.630878774E-3,9.997392297E-1,1.773909648E2,1.887086115E-1,-7.794633464E-2,1.773908323E2
2.236420211E2,2.276303490E-2,7.206080481E-4,1.636590576E-3,9.997392893E-1,1.773913230E2,1.893707648E-1,-7.828512830E-2,1.773911895E2
2.236470211E2,2.275509879E-2,7.253019721E-4,1.635647845E-3,9.997394681E-1,1.773922327E2,1.892743836E-1,-7.882683405E-2,1.773920983E2
2.236520211E2,2.274464869E-2,7.323583704E-4,1.632121974E-3,9.997397065E-1,1.773934305E2,1.888880225E-1,-7.964639617E-2,1.773932950E2
2.236570211E2,2.275284625E-2,7.281728904E-4,1.629263978E-3,9.997395277E-1,1.773924909E2,1.885503430E-1,-7.917280339E-2,1.773923564E2
2.236620211E2,2.276344467E-2,7.211937918E-4,1.630622195E-3,9.997392893E-1,1.773912761E2,1.886885748E-1,-7.836772382E-2,1.773911429E2
2.236670211E2,2.275790893E-2,7.244288572E-4,1.633367618E-3,9.997394085E-1,1.773919106E2,1.890111002E-1,-7.873222329E-2,1.773917765E2
2.236720211E2,2.276084612E-2,7.217143429E-4,1.630121609E-3,9.997393489E-1,1.773915739E2,1.886323809E-1,-7.842915520E-2,1.773914407E2
2.236770211E2,2.276631793E-2,7.182151894E-4,1.628365950E-3,9.997392297E-1,1.773909467E2,1.884225481E-1,-7.803183417E-2,1.773908143E2
2.236820211E2,2.276637826E-2,7.184923161E-4,1.627399935E-3,9.997392297E-1,1.773909398E2,1.883126072E-1,-7.806609121E-2,1.773908074E2
2.236870211E2,2.276145778E-2,7.215598598E-4,1.621627365E-3,9.997393489E-1,1.773915038E2,1.876589075E-1,-7.843349839E-2,1.773913712E2
2.236920211E2,2.277226754E-2,7.152372273E-4,1.619649236E-3,9.997391105E-1,1.773902648E2,1.874166355E-1,-7.771229993E-2,1.773901336E2
2.236970211E2,2.277175538E-2,7.151616155E-4,1.626867452E-3,9.997391105E-1,1.773903235E2,1.882433321E-1,-7.768489718E-2,1.773901917E2
2.237020211E2,2.276104731E-2,7.224681322E-4,1.626975485E-3,9.997393489E-1,1.773915508E2,1.882739364E-1,-7.852367887E-2,1.773914177E2
2.237070211E2,2.275604273E-2,7.248410257E-4,1.622668351E-3,9.997394681E-1,1.773921245E2,1.877862976E-1,-7.880769628E-2,1.773919912E2
2.237120211E2,2.276949467E-2,7.162398542E-4,1.621398143E-3,9.997391701E-1,1.773905826E2,1.876193948E-1,-7.782311895E-2,1.773904511E2
2.237170211E2,2.277470995E-2,7.133191684E-4,1.622940996E-3,9.997390509E-1,1.773899848E2,1.877889296E-1,-7.748351473E-2,1.773898537E2
2.237220211E2,2.276681538E-2,7.190708420E-4,1.621016767E-3,9.997392297E-1,1.773908897E2,1.875828818E-1,-7.814893962E-2,1.773907577E2
2.237270211E2,2.277469012E-2,7.135223714E-4,1.623129938E-3,9.997390509E-1,1.773899871E2,1.878111041E-1,-7.750630461E-2,1.773898560E2
2.237320211E2,2.277459104E-2,7.124661352E-4,1.624983153E-3,9.997390509E-1,1.773899984E2,1.880206476E-1,-7.738048228E-2,1.773898674E2
2.237370211E2,2.277438632E-2,7.125913398E-4,1.627794933E-3,9.997390509E-1,1.773900219E2,1.883430818E-1,-7.738752601E-2,1.773898906E2
2.237420211E2,2.277470523E-2,7.132376777E-4,1.623043092E-3,9.997390509E-1,1.773899854E2,1.878004129E-1,-7.747391344E-2,1.773898543E2
2.237470211E2,2.276955786E-2,7.156484644E-4,1.620771713E-3,9.997391701E-1,1.773905754E2,1.875460912E-1,-7.775699102E-2,1.773904440E2
2.237520211E2,2.277475034E-2,7.131256280E-4,1.622459269E-3,9.997390509E-1,1.773899802E2,1.877332400E-1,-7.746259209E-2,1.773898492E2
2.237570211E2,2.277707036E-2,7.105270633E-4,1.627750113E-3,9.997389913E-1,1.773897143E2,1.883327662E-1,-7.715065033E-2,1.773895833E2
2.237620211E2,2.277726374E-2,7.115519256E-4,1.624593395E-3,9.997389913E-1,1.773896921E2,1.879738164E-1,-7.727626358E-2,1.773895612E2
2.237670211E2,2.277494938E-2,7.134785410E-4,1.619507442E-3,9.997390509E-1,1.773899574E2,1.873960092E-1,-7.751068916E-2,1.773898265E2
2.237720211E2,2.277486920E-2,7.134008338E-4,1.620668801E-3,9.997390509E-1,1.773899666E2,1.875288479E-1,-7.749877084E-2,1.773898356E2
2.237770211E2,2.276937154E-2,7.162836846E-4,1.623106888E-3,9.997391701E-1,1.773905967E2,1.878152569E-1,-7.782370468E-2,1.773904651E2
2.237820211E2,2.276445377E-2,7.201817352E-4,1.616924652E-3,9.997392893E-1,1.773911604E2,1.871167943E-1,-7.828732389E-2,1.773910285E2
2.237870211E2,2.277537895E-2,7.120511145E-4,1.614085515E-3,9.997390509E-1,1.773899081E2,1.867711694E-1,-7.736123147E-2,1.773897780E2
2.237920211E2,2.277491419E-2,7.130869199E-4,1.620174618E-3,9.997390509E-1,1.773899614E2,1.874714173E-1,-7.746408968E-2,1.773898306E2
2.237970211E2,2.276950843E-2,7.171354955E-4,1.620808849E-3,9.997391701E-1,1.773905810E2,1.875542224E-1,-7.792726023E-2,1.773904494E2
2.238020211E2,2.276987453E-2,7.166953874E-4,1.615852816E-3,9.997391701E-1,1.773905391E2,1.869853290E-1,-7.788970413E-2,1.773904079E2
2.238070211E2,2.276700957E-2,7.188843447E-4,1.618369948E-3,9.997392297E-1,1.773908674E2,1.872791853E-1,-7.813444339E-2,1.773907357E2
2.238120211E2,2.276176265E-2,7.215438527E-4,1.617349568E-3,9.997393489E-1,1.773914689E2,1.871688162E-1,-7.844276575E-2,1.773913366E2
2.238170211E2,2.276468508E-2,7.192215999E-4,1.614092966E-3,9.997392893E-1,1.773911339E2,1.867899035E-1,-7.818467306E-2,1.773910024E2
2.238220211E2,2.277276848E-2,7.137492648E-4,1.613249769E-3,9.997391105E-1,1.773902074E2,1.866796548E-1,-7.755844320E-2,1.773900769E2
2.238270211E2,2.277275355E-2,7.149464800E-4,1.612930326E-3,9.997391105E-1,1.773902091E2,1.866461822E-1,-7.769643466E-2,1.773900784E2
2.238320211E2,2.276741282E-2,7.174497587E-4,1.613325672E-3,9.997392297E-1,1.773908212E2,1.866975907E-1,-7.798318017E-2,1.773906901E2
2.238370211E2,2.277273275E-2,7.151793106E-4,1.613120781E-3,9.997391105E-1,1.773902114E2,1.866686072E-1,-7.772261499E-2,1.773900808E2
2.238420211E2,2.277029627E-2,7.160565583E-4,1.610183157E-3,9.997391701E-1,1.773904907E2,1.863341668E-1,-7.783123441E-2,1.773903601E2
2.238470211E2,2.277008226E-2,7.159433444E-4,1.613256871E-3,9.997391701E-1,1.773905152E2,1.866859857E-1,-7.781028379E-2,1.773903844E2
2.238520211E2,2.275702662E-2,7.248927723E-4,1.608787570E-3,9.997394681E-1,1.773920117E2,1.861962986E-1,-7.884963934E-2,1.773918795E2
2.238570211E2,2.275443275E-2,7.268514019E-4,1.607553102E-3,9.997395277E-1,1.773923090E2,1.860597785E-1,-7.907772548E-2,1.773921766E2
2.238620211E2,2.275183385E-2,7.288937340E-4,1.606344129E-3,9.997395873E-1,1.773926069E2,1.859263960E-1,-7.931533450E-2,1.773924742E2
2.238670211E2,2.275163338E-2,7.282894221E-4,1.609454630E-3,9.997395873E-1,1.773926299E2,1.862811499E-1,-7.923803079E-2,1.773924970E2
2.238720211E2,2.275722877E-2,7.250862545E-4,1.605838188E-3,9.997394681E-1,1.773919885E2,1.858589317E-1,-7.887945911E-2,1.773918565E2
2.238770211E2,2.274662948E-2,7.326246705E-4,1.604158082E-3,9.997397065E-1,1.773932034E2,1.856852713E-1,-7.974942349E-2,1.773930702E2
2.238820211E2,2.274366293E-2,7.348068757E-4,1.608070917E-3,9.997397661E-1,1.773935435E2,1.861389857E-1,-7.998977352E-2,1.773934095E2
2.238870211E2,2.275443212E-2,7.269655471E-4,1.607510378E-3,9.997395277E-1,1.773923091E2,1.860551816E-1,-7.909091369E-2,1.773921766E2
2.238920211E2,2.274910952E-2,7.308539934E-4,1.606941689E-3,9.997396469E-1,1.773929192E2,1.859997484E-1,-7.953885412E-2,1.773927860E2
2.238970211E2,2.274674527E-2,7.319335127E-4,1.602831180E-3,9.997397065E-1,1.773931902E2,1.855314660E-1,-7.967368059E-2,1.773930571E2
2.239020211E2,2.275481901E-2,7.265562308E-4,1.602210221E-3,9.997395277E-1,1.773922647E2,1.854469475E-1,-7.905777063E-2,1.773921328E2
2.239070211E2,2.275184720E-2,7.281560102E-4,1.606489648E-3,9.997395873E-1,1.773926054E2,1.859411443E-1,-7.923043765E-2,1.773924728E2
2.239120211E2,2.274363591E-2,7.352153771E-4,1.608266262E-3,9.997397661E-1,1.773935466E2,1.861624275E-1,-8.003606805E-2,1.773934125E2
2.239170211E2,2.274618085E-2,7.323568570E-4,1.610628795E-3,9.997397065E-1,1.773932549E2,1.864258360E-1,-7.970195870E-2,1.773931211E2
2.239220211E2,2.275688970E-2,7.249825867E-4,1.610682812E-3,9.997394681E-1,1.773920274E2,1.864136449E-1,-7.885501156E-2,1.773918950E2
2.239270211E2,2.274115501E-2,7.361298776E-4,1.605876605E-3,9.997398257E-1,1.773938309E2,1.858908481E-1,-8.014752449E-2,1.773936968E2
2.239320211E2,2.273026334E-2,7.430430851E-4,1.608465333E-3,9.997400641E-1,1.773950793E2,1.862045547E-1,-8.093479612E-2,1.773949437E2
2.239370211E2,2.273314385E-2,7.421539631E-4,1.605210826E-3,9.997400045E-1,1.773947492E2,1.858296280E-1,-8.084087871E-2,1.773946140E2
2.239420211E2,2.272782091E-2,7.462551584E-4,1.604439691E-3,9.997401237E-1,1.773953593E2,1.857515376E-1,-8.131371704E-2,1.773952234E2
2.239470211E2,2.272515902E-2,7.465605158E-4,1.604862395E-3,9.997401834E-1,1.773956644E2,1.858005423E-1,-8.134809309E-2,1.773955284E2
2.239520211E2,2.272792837E-2,7.451291312E-4,1.603440498E-3,9.997401237E-1,1.773953470E2,1.856341435E-1,-8.118729980E-2,1.773952114E2
2.239570211E2,2.273089183E-2,7.428128156E-4,1.599665848E-3,9.997400641E-1,1.773950073E2,1.851959175E-1,-8.093122081E-2,1.773948725E2
2.239620211E2,2.272810533E-2,7.451605634E-4,1.600915566E-3,9.997401237E-1,1.773953267E2,1.853449780E-1,-8.119744428E-2,1.773951913E2
2.239670211E2,2.272539658E-2,7.466617972E-4,1.601447817E-3,9.997401834E-1,1.773956372E2,1.854096439E-1,-8.136854443E-2,1.773955015E2
2.239720211E2,2.273061575E-2,7.429807447E-4,1.603506273E-3,9.997400641E-1,1.773950389E2,1.856363002E-1,-8.094050639E-2,1.773949038E2
2.239770211E2,2.273644946E-2,7.393592387E-4,1.596782939E-3,9.997399449E-1,1.773943703E2,1.848570958E-1,-8.054205482E-2,1.773942363E2
2.239820211E2,2.273906369E-2,7.376847789E-4,1.597649418E-3,9.997398853E-1,1.773940706E2,1.849522083E-1,-8.034748439E-2,1.773939369E2
2.239870211E2,2.273899704E-2,7.387191872E-4,1.598119969E-3,9.997398853E-1,1.773940783E2,1.850088060E-1,-8.046477423E-2,1.773939443E2
2.239920211E2,2.273376738E-2,7.411323022E-4,1.596830320E-3,9.997400045E-1,1.773946777E2,1.848669275E-1,-8.074555269E-2,1.773945434E2
2.239970211E2,2.273700640E-2,7.400969043E-4,1.588489278E-3,9.997399449E-1,1.773943064E2,1.839089233E-1,-8.064807017E-2,1.773941730E2
2.240020211E2,2.274490810E-2,7.343321922E-4,1.590581145E-3,9.997397661E-1,1.773934007E2,1.841341821E-1,-7.998074839E-2,1.773932682E2
2.240070211E2,2.273644215E-2,7.392184343E-4,1.596952090E-3,9.997399449E-1,1.773943711E2,1.848761067E-1,-8.052548464E-2,1.773942372E2
2.240120211E2,2.273381534E-2,7.418407477E-4,1.595818205E-3,9.997400045E-1,1.773946722E2,1.847528272E-1,-8.082934142E-2,1.773945379E2
2.240170211E2,2.273647006E-2,7.390293758E-4,1.596642192E-3,9.997399449E-1,1.773943679E2,1.848401137E-1,-8.050462805E-2,1.773942340E2
2.240220211E2,2.273884162E-2,7.385319914E-4,1.600416261E-3,9.997398853E-1,1.773940961E2,1.852713739E-1,-8.043737378E-2,1.773939620E2
2.240270211E2,2.273399053E-2,7.404898643E-4,1.593948808E-3,9.997400045E-1,1.773946521E2,1.845351594E-1,-8.067941966E-2,1.773945182E2
2.240320211E2,2.274223543E-2,7.363703335E-4,1.590391272E-3,9.997398257E-1,1.773937071E2,1.841175284E-1,-8.021522862E-2,1.773935742E2
2.240370211E2,2.274196695E-2,7.354332483E-4,1.594658359E-3,9.997398257E-1,1.773937379E2,1.846039110E-1,-8.009680313E-2,1.773936048E2
2.240420211E2,2.273097420E-2,7.428217796E-4,1.598490751E-3,9.997400641E-1,1.773949979E2,1.850613260E-1,-8.093529351E-2,1.773948631E2
2.240470211E2,2.273387212E-2,7.416356239E-4,1.595104579E-3,9.997400045E-1,1.773946657E2,1.846705428E-1,-8.080769075E-2,1.773945314E2
2.240520211E2,2.273387253E-2,7.413279964E-4,1.595241716E-3,9.997400045E-1,1.773946657E2,1.846854520E-1,-8.077209103E-2,1.773945314E2
2.240570211E2,2.272861261E-2,7.445223164E-4,1.593995607E-3,9.997401237E-1,1.773952686E2,1.845505909E-1,-8.114225553E-2,1.773951338E2
2.240620211E2,2.272880944E-2,7.458949694E-4,1.590543543E-3,9.997401237E-1,1.773952460E2,1.841587066E-1,-8.130846433E-2,1.773951113E2
2.240670211E2,2.273166480E-2,7.427728269E-4,1.588662621E-3,9.997400641E-1,1.773949187E2,1.839353223E-1,-8.095515980E-2,1.773947848E2
2.240720211E2,2.273129143E-2,7.437100867E-4,1.593559049E-3,9.997400641E-1,1.773949615E2,1.844986793E-1,-8.104984772E-2,1.773948270E2
2.240770211E2,2.272630448E-2,7.470328710E-4,1.588337240E-3,9.997401834E-1,1.773955331E2,1.839087078E-1,-8.144503190E-2,1.773953984E2
2.240820211E2,2.272404043E-2,7.478155312E-4,1.582835685E-3,9.997402430E-1,1.773957926E2,1.832802915E-1,-8.154943811E-2,1.773956582E2
2.240870211E2,2.273501290E-2,7.402805495E-4,1.579397474E-3,9.997400045E-1,1.773945349E2,1.828676642E-1,-8.069316319E-2,1.773944022E2
2.240920211E2,2.273769501E-2,7.390906103E-4,1.579073258E-3,9.997399449E-1,1.773942275E2,1.828276368E-1,-8.055719581E-2,1.773940950E2
2.240970211E2,2.273509482E-2,7.410645485E-4,1.577849849E-3,9.997400045E-1,1.773945256E2,1.826924144E-1,-8.078699672E-2,1.773943928E2
2.241020211E2,2.273504256E-2,7.409693208E-4,1.578647410E-3,9.997400045E-1,1.773945315E2,1.827835324E-1,-8.077401885E-2,1.773943987E2
2.241070211E2,2.274303488E-2,7.357351133E-4,1.579213887E-3,9.997398257E-1,1.773936155E2,1.828354317E-1,-8.017144099E-2,1.773934836E2
2.241120211E2,2.275109505E-2,7.305140025E-4,1.578738797E-3,9.997396469E-1,1.773926916E2,1.827680367E-1,-7.957306588E-2,1.773925607E2
2.241170211E2,2.275093250E-2,7.304539904E-4,1.581107383E-3,9.997396469E-1,1.773927102E2,1.830392175E-1,-7.956004512E-2,1.773925792E2
2.241220211E2,2.274271158E-2,7.359916344E-4,1.583743840E-3,9.997398257E-1,1.773936525E2,1.833550355E-1,-8.018908141E-2,1.773935202E2
2.241270211E2,2.274273099E-2,7.364712656E-4,1.583242090E-3,9.997398257E-1,1.773936503E2,1.832988056E-1,-8.024533295E-2,1.773935180E2
2.241320211E2,2.274527550E-2,7.345047197E-4,1.585238730E-3,9.997397661E-1,1.773933586E2,1.835226227E-1,-8.001437107E-2,1.773932265E2
2.241370211E2,2.273740797E-2,7.401479525E-4,1.582707046E-3,9.997399449E-1,1.773942604E2,1.832466636E-1,-8.066891095E-2,1.773941274E2
2.241420211E2,2.273762319E-2,7.394381100E-4,1.579944510E-3,9.997399449E-1,1.773942357E2,1.829283491E-1,-8.059474894E-2,1.773941031E2
2.241470211E2,2.274259564E-2,7.356723072E-4,1.585556078E-3,9.997398257E-1,1.773936658E2,1.835618077E-1,-8.014779684E-2,1.773935334E2
2.241520211E2,2.273985134E-2,7.382440963E-4,1.586138853E-3,9.997398853E-1,1.773939804E2,1.836350542E-1,-8.044141084E-2,1.773938475E2
2.241570211E2,2.273448283E-2,7.403766504E-4,1.586964470E-3,9.997400045E-1,1.773945957E2,1.837347633E-1,-8.068455521E-2,1.773944623E2
2.241620211E2,2.274494498E-2,7.338468567E-4,1.590277650E-3,9.997397661E-1,1.773933965E2,1.840981509E-1,-7.992593176E-2,1.773932641E2
2.241670211E2,2.275256587E-2,7.289543282E-4,1.595914480E-3,9.997395873E-1,1.773925230E2,1.847317694E-1,-7.934933429E-2,1.773923911E2
2.241720211E2,2.274447116E-2,7.341804449E-4,1.596886781E-3,9.997397661E-1,1.773934508E2,1.848561388E-1,-7.994700902E-2,1.773933178E2
2.241770211E2,2.273433736E-2,7.404958014E-4,1.588991494E-3,9.997400045E-1,1.773946124E2,1.839672822E-1,-8.069295111E-2,1.773944788E2
2.241820211E2,2.274486007E-2,7.343969191E-4,1.591237844E-3,9.997397661E-1,1.773934062E2,1.842095798E-1,-7.998646078E-2,1.773932737E2
2.241870211E2,2.274455142E-2,7.346919156E-4,1.595507725E-3,9.997397661E-1,1.773934416E2,1.846994909E-1,-8.000918365E-2,1.773933086E2
2.241920211E2,2.273657929E-2,7.394538843E-4,1.594889211E-3,9.997399449E-1,1.773943554E2,1.846404033E-1,-8.055780781E-2,1.773942216E2
2.241970211E2,2.273660081E-2,7.400608738E-4,1.594300848E-3,9.997399449E-1,1.773943529E2,1.845745826E-1,-8.062887466E-2,1.773942190E2
2.242020211E2,2.273636923E-2,7.393427077E-4,1.597932540E-3,9.997399449E-1,1.773943795E2,1.849887471E-1,-8.053718051E-2,1.773942454E2
2.242070211E2,2.273659339E-2,7.395942812E-4,1.594623202E-3,9.997399449E-1,1.773943538E2,1.846102957E-1,-8.057458243E-2,1.773942200E2
2.242120211E2,2.273975727E-2,7.374851266E-4,1.587839681E-3,9.997398853E-1,1.773939911E2,1.838279191E-1,-8.035004696E-2,1.773938582E2
2.242170211E2,2.274217654E-2,7.358082803E-4,1.591493143E-3,9.997398257E-1,1.773937138E2,1.842422914E-1,-8.014797795E-2,1.773935810E2
2.242220211E2,2.274465477E-2,7.348635118E-4,1.593954628E-3,9.997397661E-1,1.773934298E2,1.845220203E-1,-8.003287104E-2,1.773932969E2
2.242270211E2,2.273948019E-2,7.384034107E-4,1.591377077E-3,9.997398853E-1,1.773940229E2,1.842355417E-1,-8.044608012E-2,1.773938895E2
2.242320211E2,2.273437161E-2,7.414310821E-4,1.588065177E-3,9.997400045E-1,1.773946084E2,1.838636011E-1,-8.080250560E-2,1.773944748E2
2.242370211E2,2.273160092E-2,7.428503595E-4,1.589540159E-3,9.997400641E-1,1.773949260E2,1.840360519E-1,-8.096176785E-2,1.773947920E2
2.242420211E2,2.273972917E-2,7.377567817E-4,1.588115934E-3,9.997398853E-1,1.773939944E2,1.838602730E-1,-8.038045354E-2,1.773938614E2
2.242470211E2,2.273697601E-2,7.399465539E-4,1.588994171E-3,9.997399449E-1,1.773943099E2,1.839663707E-1,-8.062953579E-2,1.773941765E2
2.242520211E2,2.272140790E-2,7.510110154E-4,1.581466873E-3,9.997403026E-1,1.773960944E2,1.831315840E-1,-8.191956544E-2,1.773959595E2
2.242570211E2,2.272667062E-2,7.473503938E-4,1.582939760E-3,9.997401834E-1,1.773954911E2,1.832912176E-1,-8.149539787E-2,1.773953568E2
2.242620211E2,2.273738663E-2,7.393740234E-4,1.583375153E-3,9.997399449E-1,1.773942629E2,1.833211850E-1,-8.057851129E-2,1.773941300E2
2.242670211E2,2.273218582E-2,7.426247466E-4,1.581259421E-3,9.997400641E-1,1.773948590E2,1.830868521E-1,-8.095738533E-2,1.773947257E2
2.242720211E2,2.272710365E-2,7.464674418E-4,1.577128540E-3,9.997401834E-1,1.773954415E2,1.826232069E-1,-8.140930103E-2,1.773953078E2
2.242770211E2,2.272967578E-2,7.445464726E-4,1.578751486E-3,9.997401237E-1,1.773951467E2,1.828043404E-1,-8.118453403E-2,1.773950132E2
2.242820211E2,2.272409697E-2,7.485837559E-4,1.581660355E-3,9.997402430E-1,1.773957861E2,1.831476485E-1,-8.164049769E-2,1.773956517E2
2.242870211E2,2.271619263E-2,7.540436345E-4,1.579583972E-3,9.997404218E-1,1.773966921E2,1.829233427E-1,-8.227284489E-2,1.773965568E2
2.242920211E2,2.272203738E-2,7.494999445E-4,1.573117566E-3,9.997403026E-1,1.773960222E2,1.821711855E-1,-8.176807975E-2,1.773958883E2
2.242970211E2,2.273768636E-2,7.394503918E-4,1.579029369E-3,9.997399449E-1,1.773942285E2,1.828235457E-1,-8.059852898E-2,1.773940960E2
2.243020211E2,2.272957643E-2,7.445372175E-4,1.580185606E-3,9.997401237E-1,1.773951581E2,1.829686042E-1,-8.117975639E-2,1.773950245E2
2.243070211E2,2.272964075E-2,7.447589305E-4,1.579155563E-3,9.997401237E-1,1.773951507E2,1.828511830E-1,-8.120782748E-2,1.773950172E2
2.243120211E2,2.273496241E-2,7.411896950E-4,1.579697826E-3,9.997400045E-1,1.773945407E2,1.829044380E-1,-8.079654325E-2,1.773944078E2
2.243170211E2,2.274846215E-2,7.325570914E-4,1.577987568E-3,9.997397065E-1,1.773929934E2,1.826870915E-1,-7.980956550E-2,1.773928622E2
2.243220211E2,2.274573611E-2,7.340452285E-4,1.578829600E-3,9.997397661E-1,1.773933058E2,1.827872182E-1,-7.997835244E-2,1.773931743E2
2.243270211E2,2.274880026E-2,7.310464280E-4,1.573808375E-3,9.997397065E-1,1.773929546E2,1.822044026E-1,-7.964733440E-2,1.773928241E2
2.243320211E2,2.274897483E-2,7.319930010E-4,1.570842229E-3,9.997397065E-1,1.773929346E2,1.818670764E-1,-7.976347634E-2,1.773928041E2
2.243370211E2,2.275173210E-2,7.295152172E-4,1.569995889E-3,9.997396469E-1,1.773926186E2,1.817638770E-1,-7.948132211E-2,1.773924886E2
2.243420211E2,2.275191835E-2,7.297241245E-4,1.567197265E-3,9.997396469E-1,1.773925972E2,1.814438203E-1,-7.951251792E-2,1.773924674E2
2.243470211E2,2.274924458E-2,7.308431086E-4,1.567467465E-3,9.997397065E-1,1.773929037E2,1.814774798E-1,-7.964049158E-2,1.773927737E2
2.243520211E2,2.275154954E-2,7.301832666E-4,1.572329085E-3,9.997396469E-1,1.773926395E2,1.820329003E-1,-7.955180494E-2,1.773925092E2
2.243570211E2,2.274361318E-2,7.345762569E-4,1.571405563E-3,9.997398257E-1,1.773935492E2,1.819379189E-1,-8.005892589E-2,1.773934181E2
2.243620211E2,2.274931488E-2,7.319449796E-4,1.565932180E-3,9.997397065E-1,1.773928956E2,1.813044727E-1,-7.977071363E-2,1.773927655E2
2.243670211E2,2.274959631E-2,7.310285582E-4,1.562267542E-3,9.997397065E-1,1.773928634E2,1.808822771E-1,-7.967522960E-2,1.773927337E2
2.243720211E2,2.276003812E-2,7.242767024E-4,1.565891318E-3,9.997394681E-1,1.773916665E2,1.812806444E-1,-7.889038425E-2,1.773915378E2
2.243770211E2,2.275999102E-2,7.232581265E-4,1.567046391E-3,9.997394681E-1,1.773916719E2,1.814103113E-1,-7.877069025E-2,1.773915433E2
2.243820211E2,2.274704493E-2,7.324389298E-4,1.560614211E-3,9.997397661E-1,1.773931558E2,1.806963415E-1,-7.984157574E-2,1.773930260E2
2.243870211E2,2.273635448E-2,7.399021997E-4,1.560145174E-3,9.997400045E-1,1.773943812E2,1.806612015E-1,-8.069973580E-2,1.773942501E2
2.243920211E2,2.273902358E-2,7.383130724E-4,1.560193021E-3,9.997399449E-1,1.773940752E2,1.806627570E-1,-8.051707549E-2,1.773939444E2
2.243970211E2,2.274185183E-2,7.359471056E-4,1.558280201E-3,9.997398853E-1,1.773937511E2,1.804376813E-1,-8.025050009E-2,1.773936208E2
2.244020211E2,2.273401773E-2,7.415664149E-4,1.555204857E-3,9.997400641E-1,1.773946490E2,1.800993756E-1,-8.090368442E-2,1.773945180E2
2.244070211E2,2.273918350E-2,7.392590051E-4,1.557411742E-3,9.997399449E-1,1.773940569E2,1.803466058E-1,-8.063266195E-2,1.773939261E2
2.244120211E2,2.273607469E-2,7.399779861E-4,1.564181410E-3,9.997400045E-1,1.773944132E2,1.811237763E-1,-8.069795219E-2,1.773942818E2
2.244170211E2,2.273074169E-2,7.446339587E-4,1.563287922E-3,9.997401237E-1,1.773950245E2,1.810331154E-1,-8.123464255E-2,1.773948923E2
2.244220211E2,2.272839956E-2,7.458305336E-4,1.558646443E-3,9.997401834E-1,1.773952930E2,1.805043041E-1,-8.138423776E-2,1.773951609E2
2.244270211E2,2.273648535E-2,7.407300873E-4,1.557843527E-3,9.997400045E-1,1.773943662E2,1.803996877E-1,-8.080055350E-2,1.773942351E2
2.244320211E2,2.274183259E-2,7.373026456E-4,1.557920128E-3,9.997398853E-1,1.773937533E2,1.803999621E-1,-8.040673507E-2,1.773936228E2
2.244370211E2,2.273633568E-2,7.396108122E-4,1.560557284E-3,9.997400045E-1,1.773943833E2,1.807076529E-1,-8.066528355E-2,1.773942522E2
2.244420211E2,2.274433090E-2,7.359097362E-4,1.560354722E-3,9.997398257E-1,1.773934669E2,1.806754444E-1,-8.024036444E-2,1.773933365E2
2.244470211E2,2.274681658E-2,7.334447000E-4,1.563467551E-3,9.997397661E-1,1.773931820E2,1.810258300E-1,-7.994940197E-2,1.773930518E2
2.244520211E2,2.274412373E-2,7.359227166E-4,1.563365455E-3,9.997398257E-1,1.773934906E2,1.810203776E-1,-8.023404170E-2,1.773933600E2
2.244570211E2,2.274691614E-2,7.336687413E-4,1.561913174E-3,9.997397661E-1,1.773931706E2,1.808483492E-1,-7.997910236E-2,1.773930405E2
2.244620211E2,2.274678016E-2,7.337318384E-4,1.563862665E-3,9.997397661E-1,1.773931862E2,1.810718407E-1,-7.998127370E-2,1.773930559E2
2.244670211E2,2.274629269E-2,7.342809695E-4,1.570680412E-3,9.997397661E-1,1.773932420E2,1.818542888E-1,-8.002649983E-2,1.773931111E2
2.244720211E2,2.273581776E-2,7.412714767E-4,1.567300525E-3,9.997400045E-1,1.773944427E2,1.814844586E-1,-8.083805662E-2,1.773943107E2
2.244770211E2,2.273902055E-2,7.395144203E-4,1.559668104E-3,9.997399449E-1,1.773940756E2,1.806057520E-1,-8.065607247E-2,1.773939446E2
2.244820211E2,2.273606789E-2,7.409399259E-4,1.563824946E-3,9.997400045E-1,1.773944140E2,1.810854450E-1,-8.080908376E-2,1.773942824E2
2.244870211E2,2.272757308E-2,7.469772245E-4,1.570106833E-3,9.997401834E-1,1.773953877E2,1.818201510E-1,-8.148590513E-2,1.773952545E2
2.244920211E2,2.270908600E-2,7.591263857E-4,1.566103543E-3,9.997406006E-1,1.773975067E2,1.813916385E-1,-8.289151634E-2,1.773973716E2
2.244970211E2,2.270936654E-2,7.597740623E-4,1.561715384E-3,9.997406006E-1,1.773974746E2,1.808906302E-1,-8.297708442E-2,1.773973396E2
2.245020211E2,2.271186825E-2,7.570928428E-4,1.564790495E-3,9.997405410E-1,1.773971878E2,1.812361502E-1,-8.266146254E-2,1.773970531E2
2.245070211E2,2.271430952E-2,7.559236255E-4,1.567998435E-3,9.997404814E-1,1.773969080E2,1.816008170E-1,-8.251872197E-2,1.773967733E2
2.245120211E2,2.271469974E-2,7.562027895E-4,1.562200370E-3,9.997404814E-1,1.773968633E2,1.809373368E-1,-8.256572529E-2,1.773967290E2
2.245170211E2,2.270959751E-2,7.581006503E-4,1.559167868E-3,9.997406006E-1,1.773974481E2,1.805944447E-1,-8.279196321E-2,1.773973137E2
2.245220211E2,2.270937045E-2,7.586030988E-4,1.562227611E-3,9.997406006E-1,1.773974741E2,1.809462648E-1,-8.284160288E-2,1.773973394E2
2.245270211E2,2.270401456E-2,7.629324682E-4,1.561678713E-3,9.997407198E-1,1.773980880E2,1.808942034E-1,-8.333998119E-2,1.773979525E2
2.245320211E2,2.270643093E-2,7.608525921E-4,1.565713668E-3,9.997406602E-1,1.773978110E2,1.813512457E-1,-8.309077004E-2,1.773976756E2
2.245370211E2,2.271184943E-2,7.580965175E-4,1.564577804E-3,9.997405410E-1,1.773971900E2,1.812143948E-1,-8.277700239E-2,1.773970551E2
2.245420211E2,2.271696845E-2,7.540922379E-4,1.568363630E-3,9.997404218E-1,1.773966032E2,1.816381059E-1,-8.230748108E-2,1.773964688E2
2.245470211E2,2.271413480E-2,7.547459682E-4,1.571093802E-3,9.997404814E-1,1.773969280E2,1.819523490E-1,-8.237578187E-2,1.773967933E2
2.245520211E2,2.271485444E-2,7.548211142E-4,1.560618286E-3,9.997404814E-1,1.773968455E2,1.807525055E-1,-8.241152826E-2,1.773967116E2
2.245570211E2,2.272303350E-2,7.500360371E-4,1.558404998E-3,9.997403026E-1,1.773959080E2,1.804871590E-1,-8.186762560E-2,1.773957752E2
2.245620211E2,2.273065818E-2,7.450193516E-4,1.564318314E-3,9.997401237E-1,1.773950341E2,1.811521566E-1,-8.127612494E-2,1.773949017E2
2.245670211E2,2.272771638E-2,7.465015515E-4,1.568257692E-3,9.997401834E-1,1.773953713E2,1.816070820E-1,-8.143620126E-2,1.773952383E2
2.245720211E2,2.271734553E-2,7.530728471E-4,1.563383732E-3,9.997404218E-1,1.773965600E2,1.810649747E-1,-8.220359370E-2,1.773964262E2
2.245770211E2,2.272520380E-2,7.474871818E-4,1.566200866E-3,9.997402430E-1,1.773956593E2,1.813738099E-1,-8.155492981E-2,1.773955263E2
2.245820211E2,2.272523843E-2,7.485293900E-4,1.565200393E-3,9.997402430E-1,1.773956553E2,1.812619108E-1,-8.167692631E-2,1.773955222E2
2.245870211E2,2.273077079E-2,7.447741227E-4,1.562797930E-3,9.997401237E-1,1.773950212E2,1.809773484E-1,-8.125197110E-2,1.773948889E2
2.245920211E2,2.273882660E-2,7.387442747E-4,1.562857418E-3,9.997399449E-1,1.773940978E2,1.809691039E-1,-8.055956749E-2,1.773939667E2
2.245970211E2,2.274093875E-2,7.378922310E-4,1.570636756E-3,9.997398853E-1,1.773938557E2,1.818582711E-1,-8.044130011E-2,1.773937241E2
2.246020211E2,2.273833687E-2,7.389971870E-4,1.569847576E-3,9.997399449E-1,1.773941539E2,1.817705311E-1,-8.057041558E-2,1.773940222E2
2.246070211E2,2.272532812E-2,7.476989995E-4,1.564294798E-3,9.997402430E-1,1.773956450E2,1.811560084E-1,-8.158413739E-2,1.773955121E2
2.246120211E2,2.274148628E-2,7.370071253E-4,1.563106664E-3,9.997398853E-1,1.773937930E2,1.809933447E-1,-8.035942551E-2,1.773936621E2
2.246170211E2,2.274873888E-2,7.318639546E-4,1.574315480E-3,9.997397065E-1,1.773929617E2,1.822646242E-1,-7.973968089E-2,1.773928309E2
2.246220211E2,2.274106163E-2,7.373022381E-4,1.569133950E-3,9.997398853E-1,1.773938416E2,1.816845786E-1,-8.037760353E-2,1.773937103E2
2.246270211E2,2.273321139E-2,7.421013433E-4,1.566694118E-3,9.997400641E-1,1.773947414E2,1.814169387E-1,-8.093518058E-2,1.773946094E2
2.246320211E2,2.273280433E-2,7.419391186E-4,1.572666108E-3,9.997400641E-1,1.773947881E2,1.821006472E-1,-8.090111191E-2,1.773946556E2
2.246370211E2,2.273222386E-2,7.430668920E-4,1.580504701E-3,9.997400641E-1,1.773948546E2,1.830015446E-1,-8.100999744E-2,1.773947213E2
2.246420211E2,2.272989195E-2,7.437561289E-4,1.576009323E-3,9.997401237E-1,1.773951219E2,1.824881509E-1,-8.110109405E-2,1.773949888E2
2.246470211E2,2.273553165E-2,7.413824205E-4,1.571392990E-3,9.997400045E-1,1.773944755E2,1.819535661E-1,-8.084015582E-2,1.773943432E2
2.246520211E2,2.273804264E-2,7.381269243E-4,1.574511756E-3,9.997399449E-1,1.773941877E2,1.823025780E-1,-8.045861663E-2,1.773940557E2
2.246570211E2,2.274566402E-2,7.344160695E-4,1.579695498E-3,9.997397661E-1,1.773933141E2,1.828873782E-1,-8.001859279E-2,1.773931824E2
2.246620211E2,2.274029804E-2,7.372061955E-4,1.580206328E-3,9.997398853E-1,1.773939292E2,1.829527423E-1,-8.033788506E-2,1.773937969E2
2.246670211E2,2.274002501E-2,7.366741193E-4,1.584378071E-3,9.997398853E-1,1.773939604E2,1.834292575E-1,-8.026610805E-2,1.773938280E2
2.246720211E2,2.273973742E-2,7.369554951E-4,1.588369836E-3,9.997398853E-1,1.773939934E2,1.838872729E-1,-8.028799353E-2,1.773938606E2
2.246770211E2,2.273680104E-2,7.402627380E-4,1.591348904E-3,9.997399449E-1,1.773943300E2,1.842369438E-1,-8.065965515E-2,1.773941963E2
2.246820211E2,2.272916224E-2,7.450397825E-4,1.585896127E-3,9.997401237E-1,1.773952056E2,1.836240895E-1,-8.122253272E-2,1.773950714E2
2.246870211E2,2.273979925E-2,7.377205766E-4,1.587128965E-3,9.997398853E-1,1.773939863E2,1.837471150E-1,-8.037886489E-2,1.773938534E2
2.246920211E2,2.274755181E-2,7.327648345E-4,1.590961008E-3,9.997397065E-1,1.773930977E2,1.841738254E-1,-7.979971195E-2,1.773929655E2
2.246970211E2,2.274503220E-2,7.340157172E-4,1.588951680E-3,9.997397661E-1,1.773933865E2,1.839466921E-1,-7.994871683E-2,1.773932542E2
2.247020211E2,2.273451742E-2,7.410845137E-4,1.586138387E-3,9.997400045E-1,1.773945917E2,1.836419726E-1,-8.076779518E-2,1.773944583E2
2.247070211E2,2.273950871E-2,7.371908287E-4,1.591531793E-3,9.997398853E-1,1.773940196E2,1.842501084E-1,-8.030675612E-2,1.773938865E2
2.247120211E2,2.275521229E-2,7.273723022E-4,1.596243237E-3,9.997395277E-1,1.773922197E2,1.847655167E-1,-7.916674830E-2,1.773920880E2
2.247170211E2,2.275273611E-2,7.290875656E-4,1.593424589E-3,9.997395873E-1,1.773925035E2,1.844468831E-1,-7.937105889E-2,1.773923717E2
2.247220211E2,2.275570680E-2,7.273014053E-4,1.589210588E-3,9.997395277E-1,1.773921630E2,1.839596957E-1,-7.917687420E-2,1.773920319E2
2.247270211E2,2.276063547E-2,7.238304825E-4,1.595195383E-3,9.997394085E-1,1.773915981E2,1.846366626E-1,-7.876272210E-2,1.773914671E2
2.247320211E2,2.274948419E-2,7.298476994E-4,1.602087519E-3,9.997396469E-1,1.773928762E2,1.854410505E-1,-7.943615658E-2,1.773927436E2
2.247370211E2,2.274689973E-2,7.325009210E-4,1.600378077E-3,9.997397065E-1,1.773931725E2,1.852519247E-1,-7.974504983E-2,1.773930395E2
2.247420211E2,2.274708633E-2,7.321243174E-4,1.597896218E-3,9.997397065E-1,1.773931511E2,1.849666308E-1,-7.970834049E-2,1.773930184E2
2.247470211E2,2.275519545E-2,7.270663627E-4,1.596622635E-3,9.997395277E-1,1.773922216E2,1.848081820E-1,-7.913071310E-2,1.773920900E2
2.247520211E2,2.275217840E-2,7.290326175E-4,1.601393335E-3,9.997395873E-1,1.773925674E2,1.853596119E-1,-7.934408959E-2,1.773924350E2
2.247570211E2,2.274652445E-2,7.322632591E-4,1.605811529E-3,9.997397065E-1,1.773932155E2,1.858737431E-1,-7.970372904E-2,1.773930821E2
2.247620211E2,2.273596899E-2,7.391740219E-4,1.603694982E-3,9.997399449E-1,1.773944254E2,1.856484331E-1,-8.050291564E-2,1.773942909E2
2.247670211E2,2.273891926E-2,7.383862394E-4,1.599380048E-3,9.997398853E-1,1.773940872E2,1.851522895E-1,-8.042336197E-2,1.773939532E2
2.247720211E2,2.273896916E-2,7.381059113E-4,1.598799950E-3,9.997398853E-1,1.773940815E2,1.850851057E-1,-8.039274948E-2,1.773939476E2
2.247770211E2,2.274118443E-2,7.365872152E-4,1.605250174E-3,9.997398257E-1,1.773938276E2,1.858202771E-1,-8.020154497E-2,1.773936934E2
2.247820211E2,2.274070884E-2,7.364049088E-4,1.612056978E-3,9.997398257E-1,1.773938821E2,1.865995659E-1,-8.016300927E-2,1.773937474E2
2.247870211E2,2.273798128E-2,7.383925840E-4,1.612657332E-3,9.997398853E-1,1.773941947E2,1.866733049E-1,-8.038966567E-2,1.773940596E2
2.247920211E2,2.273225581E-2,7.428791723E-4,1.617405214E-3,9.997400045E-1,1.773948510E2,1.872284613E-1,-8.089235790E-2,1.773947147E2
2.247970211E2,2.272904108E-2,7.435235893E-4,1.625425881E-3,9.997400641E-1,1.773952194E2,1.881487450E-1,-8.094589413E-2,1.773950824E2
2.248020211E2,2.274230096E-2,7.356880233E-4,1.626821002E-3,9.997397661E-1,1.773936996E2,1.882892234E-1,-8.004210620E-2,1.773935639E2
2.248070211E2,2.273711178E-2,7.377454313E-4,1.625164528E-3,9.997398853E-1,1.773942944E2,1.881044001E-1,-8.028310002E-2,1.773941584E2
2.248120211E2,2.272831168E-2,7.446810487E-4,1.635066816E-3,9.997400641E-1,1.773953030E2,1.892561876E-1,-8.105352114E-2,1.773951650E2
2.248170211E2,2.272828771E-2,7.451503770E-4,1.635186141E-3,9.997400641E-1,1.773953058E2,1.892710785E-1,-8.110698199E-2,1.773951676E2
2.248220211E2,2.273371984E-2,7.412887644E-4,1.634311746E-3,9.997399449E-1,1.773946832E2,1.891612850E-1,-8.066583825E-2,1.773945458E2
2.248270211E2,2.273394350E-2,7.408218225E-4,1.631409745E-3,9.997399449E-1,1.773946575E2,1.888276269E-1,-8.061986270E-2,1.773945205E2
2.248320211E2,2.274182649E-2,7.351069362E-4,1.633701962E-3,9.997397661E-1,1.773937540E2,1.890759685E-1,-7.995769229E-2,1.773936178E2
2.248370211E2,2.274460439E-2,7.329065702E-4,1.632493106E-3,9.997397065E-1,1.773934356E2,1.889319657E-1,-7.970823993E-2,1.773933000E2
2.248420211E2,2.274456636E-2,7.326907944E-4,1.633119769E-3,9.997397065E-1,1.773934399E2,1.890031921E-1,-7.968189408E-2,1.773933043E2
2.248470211E2,2.274177409E-2,7.359608426E-4,1.634046901E-3,9.997397661E-1,1.773937600E2,1.891177069E-1,-8.005462828E-2,1.773936237E2
2.248520211E2,2.273917751E-2,7.361686439E-4,1.633621752E-3,9.997398257E-1,1.773940576E2,1.890693346E-1,-8.008003344E-2,1.773939213E2
2.248570211E2,2.274465332E-2,7.326937630E-4,1.631906838E-3,9.997397065E-1,1.773934299E2,1.888642508E-1,-7.968537921E-2,1.773932944E2
2.248620211E2,2.275001503E-2,7.294067182E-4,1.631671912E-3,9.997395873E-1,1.773928154E2,1.888291940E-1,-7.930840913E-2,1.773926805E2
2.248670211E2,2.273880667E-2,7.373578846E-4,1.638240763E-3,9.997398257E-1,1.773941001E2,1.896015680E-1,-8.020430883E-2,1.773939632E2
2.248720211E2,2.273063487E-2,7.432291750E-4,1.639869530E-3,9.997400045E-1,1.773950368E2,1.898028031E-1,-8.087424156E-2,1.773948986E2
2.248770211E2,2.273642519E-2,7.387555088E-4,1.634285785E-3,9.997398853E-1,1.773943731E2,1.891519280E-1,-8.037517969E-2,1.773942362E2
2.248820211E2,2.273663532E-2,7.382567856E-4,1.631585532E-3,9.997398853E-1,1.773943490E2,1.888412985E-1,-8.032504099E-2,1.773942124E2
2.248870211E2,2.273370843E-2,7.407607627E-4,1.634709770E-3,9.997399449E-1,1.773946845E2,1.892055069E-1,-8.060431464E-2,1.773945472E2
2.248920211E2,2.273678723E-2,7.395448047E-4,1.628883067E-3,9.997398853E-1,1.773943316E2,1.885350668E-1,-8.047961159E-2,1.773941950E2
2.248970211E2,2.273997479E-2,7.358551375E-4,1.622628071E-3,9.997398257E-1,1.773939662E2,1.878091215E-1,-8.007261577E-2,1.773938308E2
2.249020211E2,2.274763824E-2,7.316778647E-4,1.627266058E-3,9.997396469E-1,1.773930878E2,1.883301824E-1,-7.958052992E-2,1.773929529E2
2.249070211E2,2.274739033E-2,7.319098804E-4,1.630623825E-3,9.997396469E-1,1.773931162E2,1.887154406E-1,-7.959840373E-2,1.773929810E2
2.249120211E2,2.274782049E-2,7.317647687E-4,1.624677330E-3,9.997396469E-1,1.773930669E2,1.880338533E-1,-7.959719988E-2,1.773929322E2
2.249170211E2,2.274523262E-2,7.327888161E-4,1.623769873E-3,9.997397065E-1,1.773933635E2,1.879323565E-1,-7.971736864E-2,1.773932287E2
2.249220211E2,2.274505393E-2,7.325418410E-4,1.626382233E-3,9.997397065E-1,1.773933840E2,1.882309760E-1,-7.968229913E-2,1.773932490E2
2.249270211E2,2.274252822E-2,7.355430862E-4,1.623706543E-3,9.997397661E-1,1.773936735E2,1.879320647E-1,-8.003357618E-2,1.773935381E2
2.249320211E2,2.275086185E-2,7.289273199E-4,1.620037481E-3,9.997395873E-1,1.773927183E2,1.874951460E-1,-7.928366170E-2,1.773925845E2
2.249370211E2,2.275043457E-2,7.292738301E-4,1.625871402E-3,9.997395873E-1,1.773927673E2,1.881643620E-1,-7.930822877E-2,1.773926329E2
2.249420211E2,2.273659326E-2,7.380481111E-4,1.632265863E-3,9.997398853E-1,1.773943538E2,1.889186915E-1,-8.029937016E-2,1.773942172E2
2.249470211E2,2.274253795E-2,7.356559508E-4,1.623519114E-3,9.997397661E-1,1.773936724E2,1.879108874E-1,-8.004699281E-2,1.773935370E2
2.249520211E2,2.274796473E-2,7.312393282E-4,1.622893265E-3,9.997396469E-1,1.773930504E2,1.878281087E-1,-7.954162816E-2,1.773929159E2
2.249570211E2,2.274758516E-2,7.317903801E-4,1.627957332E-3,9.997396469E-1,1.773930939E2,1.884096654E-1,-7.959162785E-2,1.773929589E2
2.249620211E2,2.274008742E-2,7.362682954E-4,1.620861352E-3,9.997398257E-1,1.773939533E2,1.876078082E-1,-8.012453073E-2,1.773938180E2
2.249670211E2,2.274852838E-2,7.316442207E-4,1.614789828E-3,9.997396469E-1,1.773929858E2,1.869008620E-1,-7.960903255E-2,1.773928518E2
2.249720211E2,2.274557655E-2,7.321076118E-4,1.619253075E-3,9.997397065E-1,1.773933241E2,1.874131541E-1,-7.965103746E-2,1.773931897E2
2.249770211E2,2.274001927E-2,7.368461811E-4,1.621554606E-3,9.997398257E-1,1.773939611E2,1.876887294E-1,-8.018894055E-2,1.773938256E2
2.249820211E2,2.274037896E-2,7.372073014E-4,1.616337919E-3,9.997398257E-1,1.773939199E2,1.870920645E-1,-8.024383828E-2,1.773937848E2
2.249870211E2,2.275132832E-2,7.284528692E-4,1.613687491E-3,9.997395873E-1,1.773926648E2,1.867664775E-1,-7.924577631E-2,1.773925316E2
2.249920211E2,2.275909544E-2,7.231812342E-4,1.617309405E-3,9.997394085E-1,1.773917746E2,1.871682766E-1,-7.863095113E-2,1.773916420E2
2.249970211E2,2.275897527E-2,7.242200663E-4,1.618535141E-3,9.997394085E-1,1.773917883E2,1.873113999E-1,-7.874678718E-2,1.773916555E2
2.250020211E2,2.275622144E-2,7.255370729E-4,1.619848539E-3,9.997394681E-1,1.773921040E2,1.874650834E-1,-7.889475662E-2,1.773919708E2
2.250070211E2,2.275365872E-2,7.266014582E-4,1.618584152E-3,9.997395277E-1,1.773923977E2,1.873228060E-1,-7.902047193E-2,1.773922645E2
2.250120211E2,2.275355704E-2,7.279936108E-4,1.619387767E-3,9.997395277E-1,1.773924094E2,1.874184922E-1,-7.917788300E-2,1.773922758E2
2.250170211E2,2.275631718E-2,7.262597210E-4,1.618178911E-3,9.997394681E-1,1.773920930E2,1.872756995E-1,-7.898188059E-2,1.773919598E2
2.250220211E2,2.274819014E-2,7.302738959E-4,1.620166120E-3,9.997396469E-1,1.773930246E2,1.875131820E-1,-7.943809355E-2,1.773928904E2
2.250270211E2,2.275323436E-2,7.281992002E-4,1.623823191E-3,9.997395277E-1,1.773924464E2,1.879271343E-1,-7.918993097E-2,1.773923124E2
2.250320211E2,2.274773997E-2,7.305057370E-4,1.626370358E-3,9.997396469E-1,1.773930761E2,1.882245214E-1,-7.944856467E-2,1.773929415E2
2.250370211E2,2.275065481E-2,7.292296505E-4,1.622806536E-3,9.997395873E-1,1.773927420E2,1.878131467E-1,-7.931111665E-2,1.773926079E2
2.250420211E2,2.275598000E-2,7.247895119E-4,1.623570803E-3,9.997394681E-1,1.773921317E2,1.878895451E-1,-7.879945315E-2,1.773919983E2
2.250470211E2,2.276897903E-2,7.174302591E-4,1.628099009E-3,9.997391701E-1,1.773906417E2,1.883901262E-1,-7.794210618E-2,1.773905094E2
2.250520211E2,2.276607484E-2,7.180628600E-4,1.631828025E-3,9.997392297E-1,1.773909746E2,1.888187542E-1,-7.800539652E-2,1.773908419E2
2.250570211E2,2.276394575E-2,7.202671841E-4,1.624023309E-3,9.997392893E-1,1.773912186E2,1.879302144E-1,-7.827868993E-2,1.773910861E2
2.250620211E2,2.276930857E-2,7.170048775E-4,1.623671735E-3,9.997391701E-1,1.773906039E2,1.878818441E-1,-7.790486375E-2,1.773904721E2
2.250670211E2,2.277132583E-2,7.144301198E-4,1.633189037E-3,9.997391105E-1,1.773903727E2,1.889656035E-1,-7.758468025E-2,1.773902406E2
2.250720211E2,2.277173264E-2,7.146600983E-4,1.627406105E-3,9.997391105E-1,1.773903261E2,1.883037307E-1,-7.762604113E-2,1.773901944E2
2.250770211E2,2.277508077E-2,7.121786475E-4,1.618231297E-3,9.997390509E-1,1.773899423E2,1.872464286E-1,-7.736507722E-2,1.773898118E2
2.250820211E2,2.278320035E-2,7.079112693E-4,1.616277616E-3,9.997388721E-1,1.773890116E2,1.870120964E-1,-7.687977929E-2,1.773888821E2
2.250870211E2,2.277500257E-2,7.124241674E-4,1.619223622E-3,9.997390509E-1,1.773899513E2,1.873607461E-1,-7.739062912E-2,1.773898207E2
2.250920211E2,2.276713154E-2,7.186811999E-4,1.616743510E-3,9.997392297E-1,1.773908535E2,1.870923366E-1,-7.811539141E-2,1.773907218E2
2.250970211E2,2.278038469E-2,7.093627937E-4,1.618459006E-3,9.997389317E-1,1.773893344E2,1.872655741E-1,-7.704090040E-2,1.773892044E2
2.251020211E2,2.278293182E-2,7.068755222E-4,1.620510593E-3,9.997388721E-1,1.773890424E2,1.874943098E-1,-7.675012086E-2,1.773889128E2
2.251070211E2,2.279089762E-2,7.024093647E-4,1.620756229E-3,9.997386932E-1,1.773881294E2,1.875113962E-1,-7.623633497E-2,1.773880005E2
2.251120211E2,2.279086600E-2,7.023111102E-4,1.621243428E-3,9.997386932E-1,1.773881330E2,1.875669515E-1,-7.622381225E-2,1.773880041E2
2.251170211E2,2.278272687E-2,7.071582368E-4,1.623266260E-3,9.997388721E-1,1.773890659E2,1.878107271E-1,-7.677535295E-2,1.773889360E2
2.251220211E2,2.278520587E-2,7.051015273E-4,1.626072917E-3,9.997388124E-1,1.773887818E2,1.881270830E-1,-7.653193862E-2,1.773886520E2
2.251270211E2,2.277986370E-2,7.091853186E-4,1.625852892E-3,9.997389317E-1,1.773893941E2,1.881121293E-1,-7.700136429E-2,1.773892636E2
2.251320211E2,2.278041701E-2,7.086824626E-4,1.618302078E-3,9.997389317E-1,1.773893307E2,1.872458224E-1,-7.696336414E-2,1.773892008E2
2.251370211E2,2.277489951E-2,7.131608436E-4,1.620348427E-3,9.997390509E-1,1.773899631E2,1.874915210E-1,-7.747210763E-2,1.773898322E2
2.251420211E2,2.277165902E-2,7.145436830E-4,1.628487022E-3,9.997391105E-1,1.773903345E2,1.884272532E-1,-7.760989752E-2,1.773902028E2
2.251470211E2,2.276661677E-2,7.187765441E-4,1.623934018E-3,9.997392297E-1,1.773909125E2,1.879163048E-1,-7.810765051E-2,1.773907803E2
2.251520211E2,2.276722099E-2,7.181072724E-4,1.615738496E-3,9.997392297E-1,1.773908432E2,1.869757096E-1,-7.805224668E-2,1.773907118E2
2.251570211E2,2.278028200E-2,7.090743748E-4,1.620030031E-3,9.997389317E-1,1.773893461E2,1.874447930E-1,-7.700377662E-2,1.773892161E2
2.251620211E2,2.278820966E-2,7.031626883E-4,1.621458796E-3,9.997387528E-1,1.773884375E2,1.875936461E-1,-7.632130639E-2,1.773883084E2
2.251670211E2,2.278049671E-2,7.092129672E-4,1.616947236E-3,9.997389317E-1,1.773893215E2,1.870920001E-1,-7.702766165E-2,1.773891917E2
2.251720211E2,2.277239336E-2,7.150842575E-4,1.617946895E-3,9.997391105E-1,1.773902503E2,1.872212223E-1,-7.769919440E-2,1.773901193E2
2.251770211E2,2.277431193E-2,7.127684075E-4,1.628757920E-3,9.997390509E-1,1.773900304E2,1.884538601E-1,-7.740531192E-2,1.773898990E2
2.251820211E2,2.276873196E-2,7.160144160E-4,1.632172498E-3,9.997391701E-1,1.773906700E2,1.888530796E-1,-7.776932260E-2,1.773905377E2
2.251870211E2,2.276636701E-2,7.182277041E-4,1.627673977E-3,9.997392297E-1,1.773909411E2,1.883433107E-1,-7.803506395E-2,1.773908087E2
2.251920211E2,2.277732510E-2,7.109206636E-4,1.624009339E-3,9.997389913E-1,1.773896851E2,1.879052627E-1,-7.720545811E-2,1.773895544E2
2.251970211E2,2.278227856E-2,7.075893227E-4,1.629358972E-3,9.997388721E-1,1.773891173E2,1.885098118E-1,-7.680891630E-2,1.773889868E2
2.252020211E2,2.277178786E-2,7.147951983E-4,1.626573852E-3,9.997391105E-1,1.773903198E2,1.882087429E-1,-7.764367985E-2,1.773901881E2
2.252070211E2,2.276431784E-2,7.199439569E-4,1.618942944E-3,9.997392893E-1,1.773911760E2,1.873473831E-1,-7.825484385E-2,1.773910439E2
2.252120211E2,2.276944474E-2,7.160030655E-4,1.622203621E-3,9.997391701E-1,1.773905883E2,1.877110502E-1,-7.779389964E-2,1.773904568E2
2.252170211E2,2.278001873E-2,7.098568021E-4,1.623385819E-3,9.997389317E-1,1.773893763E2,1.878312614E-1,-7.708470179E-2,1.773892459E2
2.252220211E2,2.276928486E-2,7.168045267E-4,1.624092693E-3,9.997391701E-1,1.773906066E2,1.879295452E-1,-7.788081728E-2,1.773904748E2
2.252270211E2,2.276435511E-2,7.190512260E-4,1.618815702E-3,9.997392893E-1,1.773911717E2,1.873304798E-1,-7.815289601E-2,1.773910398E2
2.252320211E2,2.277178688E-2,7.144472329E-4,1.626740443E-3,9.997391105E-1,1.773903199E2,1.882269197E-1,-7.760338179E-2,1.773901883E2
2.252370211E2,2.276613328E-2,7.177572697E-4,1.631146995E-3,9.997392297E-1,1.773909679E2,1.887399412E-1,-7.797215331E-2,1.773908353E2
2.252420211E2,2.276068659E-2,7.218723767E-4,1.632277621E-3,9.997393489E-1,1.773915922E2,1.888797779E-1,-7.844166636E-2,1.773914587E2
2.252470211E2,2.276896913E-2,7.165197749E-4,1.628638362E-3,9.997391701E-1,1.773906428E2,1.884495388E-1,-7.783639409E-2,1.773905107E2
2.252520211E2,2.277662797E-2,7.105070399E-4,1.633937471E-3,9.997389913E-1,1.773897650E2,1.890415163E-1,-7.713228986E-2,1.773896336E2
2.252570211E2,2.276570433E-2,7.194079226E-4,1.636398258E-3,9.997392297E-1,1.773910171E2,1.893458102E-1,-7.814763594E-2,1.773908838E2
2.252620211E2,2.276874964E-2,7.169327000E-4,1.631522668E-3,9.997391701E-1,1.773906680E2,1.887810314E-1,-7.787621503E-2,1.773905356E2
2.252670211E2,2.276827343E-2,7.171480102E-4,1.638060668E-3,9.997391701E-1,1.773907226E2,1.895305631E-1,-7.788391237E-2,1.773905896E2
2.252720211E2,2.276818253E-2,7.167436415E-4,1.639500377E-3,9.997391701E-1,1.773907330E2,1.896944368E-1,-7.783384798E-2,1.773906000E2
2.252770211E2,2.276589019E-2,7.185720024E-4,1.634178334E-3,9.997392297E-1,1.773909957E2,1.890893245E-1,-7.805762787E-2,1.773908628E2
2.252820211E2,2.276590982E-2,7.185494760E-4,1.633914770E-3,9.997392297E-1,1.773909935E2,1.890590728E-1,-7.805573112E-2,1.773908606E2
2.252870211E2,2.276311450E-2,7.206183509E-4,1.635478460E-3,9.997392893E-1,1.773913139E2,1.892433916E-1,-7.828919458E-2,1.773911804E2
2.252920211E2,2.276812999E-2,7.161363028E-4,1.640495146E-3,9.997391701E-1,1.773907390E2,1.898068107E-1,-7.776168466E-2,1.773906060E2
2.252970211E2,2.276008749E-2,7.222487475E-4,1.640444505E-3,9.997393489E-1,1.773916609E2,1.898163281E-1,-7.846359594E-2,1.773915267E2
2.253020211E2,2.276004340E-2,7.230676711E-4,1.640695496E-3,9.997393489E-1,1.773916659E2,1.898472149E-1,-7.855676698E-2,1.773915316E2
2.253070211E2,2.276284651E-2,7.207628805E-4,1.639140653E-3,9.997392893E-1,1.773913446E2,1.896632962E-1,-7.829624980E-2,1.773912108E2
2.253120211E2,2.275757744E-2,7.236737874E-4,1.638313523E-3,9.997394085E-1,1.773919486E2,1.895757180E-1,-7.863288511E-2,1.773918143E2
2.253170211E2,2.275192943E-2,7.272211951E-4,1.642439049E-3,9.997395277E-1,1.773925959E2,1.900571530E-1,-7.902959682E-2,1.773924607E2
2.253220211E2,2.274381545E-2,7.328689680E-4,1.643464784E-3,9.997397065E-1,1.773935260E2,1.901887438E-1,-7.967548479E-2,1.773933895E2
2.253270211E2,2.275184141E-2,7.287237677E-4,1.642992254E-3,9.997395277E-1,1.773926060E2,1.901244405E-1,-7.920030853E-2,1.773924704E2
2.253320211E2,2.274654040E-2,7.316063857E-4,1.642572694E-3,9.997396469E-1,1.773932136E2,1.900834697E-1,-7.953264814E-2,1.773930775E2
2.253370211E2,2.273898092E-2,7.371378015E-4,1.635919558E-3,9.997398257E-1,1.773940801E2,1.893350861E-1,-8.018511134E-2,1.773939434E2
2.253420211E2,2.274451347E-2,7.330197841E-4,1.633708598E-3,9.997397065E-1,1.773934460E2,1.890715030E-1,-7.971805896E-2,1.773933103E2
2.253470211E2,2.274447003E-2,7.337791612E-4,1.633972395E-3,9.997397065E-1,1.773934510E2,1.891037002E-1,-7.980437519E-2,1.773933151E2
2.253520211E2,2.274183805E-2,7.342165918E-4,1.633941429E-3,9.997397661E-1,1.773937526E2,1.891010826E-1,-7.985506657E-2,1.773936167E2
2.253570211E2,2.274453568E-2,7.328101783E-4,1.633493346E-3,9.997397065E-1,1.773934434E2,1.890462986E-1,-7.969460299E-2,1.773933078E2
2.253620211E2,2.275232538E-2,7.279061829E-4,1.636640402E-3,9.997395277E-1,1.773925506E2,1.893946651E-1,-7.912311413E-2,1.773924156E2
2.253670211E2,2.274696766E-2,7.321919547E-4,1.636383240E-3,9.997396469E-1,1.773931647E2,1.893759532E-1,-7.961578510E-2,1.773930289E2
2.253720211E2,2.274736306E-2,7.313165697E-4,1.631270279E-3,9.997396469E-1,1.773931194E2,1.887879508E-1,-7.952875298E-2,1.773929842E2
2.253770211E2,2.275033771E-2,7.291160291E-4,1.627296908E-3,9.997395873E-1,1.773927784E2,1.883272518E-1,-7.928645256E-2,1.773926439E2
2.253820211E2,2.275058207E-2,7.286964683E-4,1.624065335E-3,9.997395873E-1,1.773927504E2,1.879559614E-1,-7.924676613E-2,1.773926163E2
2.253870211E2,2.274492564E-2,7.325541810E-4,1.628169790E-3,9.997397065E-1,1.773933987E2,1.884357844E-1,-7.967907768E-2,1.773932636E2
2.253920211E2,2.273945884E-2,7.362770848E-4,1.629652106E-3,9.997398257E-1,1.773940253E2,1.886148685E-1,-8.010274788E-2,1.773938893E2
2.253970211E2,2.274225353E-2,7.343425532E-4,1.628091442E-3,9.997397661E-1,1.773937050E2,1.884312571E-1,-7.988466464E-2,1.773935695E2
2.254020211E2,2.274772665E-2,7.320393925E-4,1.625866978E-3,9.997396469E-1,1.773930777E2,1.881708505E-1,-7.962557770E-2,1.773929428E2
2.254070211E2,2.274791499E-2,7.313273381E-4,1.623550663E-3,9.997396469E-1,1.773930561E2,1.879036470E-1,-7.955000635E-2,1.773929215E2
2.254120211E2,2.274018392E-2,7.367593353E-4,1.619283576E-3,9.997398257E-1,1.773939422E2,1.874283422E-1,-8.018487867E-2,1.773938070E2
2.254170211E2,2.274046003E-2,7.364595658E-4,1.615538029E-3,9.997398257E-1,1.773939106E2,1.869984852E-1,-8.016024569E-2,1.773937757E2
2.254220211E2,2.274543545E-2,7.322048186E-4,1.621189993E-3,9.997397065E-1,1.773933403E2,1.876352937E-1,-7.965715137E-2,1.773932057E2
2.254270211E2,2.273971907E-2,7.370449603E-4,1.625668956E-3,9.997398257E-1,1.773939955E2,1.881605723E-1,-8.020104774E-2,1.773938597E2
2.254320211E2,2.273215652E-2,7.412757841E-4,1.619535033E-3,9.997400045E-1,1.773948623E2,1.874682726E-1,-8.070314114E-2,1.773947262E2
2.254370211E2,2.273762385E-2,7.379308227E-4,1.617899747E-3,9.997398853E-1,1.773942357E2,1.872726552E-1,-8.032317214E-2,1.773941003E2
2.254420211E2,2.274008306E-2,7.361784810E-4,1.620963332E-3,9.997398257E-1,1.773939538E2,1.876192568E-1,-8.011397649E-2,1.773938185E2
2.254470211E2,2.273757841E-2,7.391306572E-4,1.617990667E-3,9.997398853E-1,1.773942409E2,1.872861943E-1,-8.046039895E-2,1.773941053E2
2.254520211E2,2.273809989E-2,7.388740778E-4,1.610763371E-3,9.997398853E-1,1.773941811E2,1.864575930E-1,-8.044973947E-2,1.773940461E2
2.254570211E2,2.274037236E-2,7.370718522E-4,1.616492635E-3,9.997398257E-1,1.773939206E2,1.871094356E-1,-8.022791902E-2,1.773937855E2
2.254620211E2,2.273731983E-2,7.389013772E-4,1.621724921E-3,9.997398853E-1,1.773942705E2,1.877133803E-1,-8.042445052E-2,1.773941346E2
2.254670211E2,2.273221229E-2,7.418242167E-4,1.618500799E-3,9.997400045E-1,1.773948560E2,1.873512219E-1,-8.076865435E-2,1.773947198E2
2.254720211E2,2.272984949E-2,7.429482066E-4,1.614346751E-3,9.997400641E-1,1.773951268E2,1.868780622E-1,-8.090868390E-2,1.773949907E2
2.254770211E2,2.273501574E-2,7.396762376E-4,1.616923022E-3,9.997399449E-1,1.773945346E2,1.871650979E-1,-8.052616332E-2,1.773943990E2
2.254820211E2,2.272169000E-2,7.490164717E-4,1.615669462E-3,9.997402430E-1,1.773960620E2,1.870447371E-1,-8.160195661E-2,1.773959247E2
2.254870211E2,2.272464752E-2,7.478105254E-4,1.611509477E-3,9.997401834E-1,1.773957230E2,1.865652606E-1,-8.147408126E-2,1.773955863E2
2.254920211E2,2.273797027E-2,7.380159223E-4,1.612984925E-3,9.997398853E-1,1.773941960E2,1.867098522E-1,-8.034566306E-2,1.773940610E2
2.254970211E2,2.273801933E-2,7.389762904E-4,1.611853251E-3,9.997398853E-1,1.773941903E2,1.865827119E-1,-8.045862423E-2,1.773940552E2
2.255020211E2,2.273297347E-2,7.415310829E-4,1.607909333E-3,9.997400045E-1,1.773947687E2,1.861371382E-1,-8.076252209E-2,1.773946334E2
2.255070211E2,2.274119142E-2,7.367997896E-4,1.605053665E-3,9.997398257E-1,1.773938268E2,1.857983192E-1,-8.022640869E-2,1.773936926E2
2.255120211E2,2.274118567E-2,7.364784251E-4,1.605282538E-3,9.997398257E-1,1.773938274E2,1.858237013E-1,-8.018899721E-2,1.773936933E2
2.255170211E2,2.274362959E-2,7.345686899E-4,1.608651131E-3,9.997397661E-1,1.773935473E2,1.862048327E-1,-7.996098049E-2,1.773934133E2
2.255220211E2,2.274394415E-2,7.350153173E-4,1.603993005E-3,9.997397661E-1,1.773935112E2,1.856723771E-1,-8.002422928E-2,1.773933775E2
2.255270211E2,2.274426880E-2,7.344350452E-4,1.599649433E-3,9.997397661E-1,1.773934740E2,1.851732816E-1,-7.996901322E-2,1.773933408E2
2.255320211E2,2.274929835E-2,7.312851376E-4,1.604069723E-3,9.997396469E-1,1.773928975E2,1.856718690E-1,-7.959569888E-2,1.773927645E2
2.255370211E2,2.274912722E-2,7.298533455E-4,1.607145881E-3,9.997396469E-1,1.773929171E2,1.860205336E-1,-7.942368250E-2,1.773927841E2
2.255420211E2,2.274690645E-2,7.321640733E-4,1.600436633E-3,9.997397065E-1,1.773931717E2,1.852577555E-1,-7.970630606E-2,1.773930388E2
2.255470211E2,2.274940240E-2,7.314017275E-4,1.602540142E-3,9.997396469E-1,1.773928856E2,1.854969493E-1,-7.961302397E-2,1.773927527E2
2.255520211E2,2.275229601E-2,7.283877349E-4,1.600015326E-3,9.997395873E-1,1.773925539E2,1.852000721E-1,-7.927378184E-2,1.773924218E2
2.255570211E2,2.274939201E-2,7.297779666E-4,1.603427692E-3,9.997396469E-1,1.773928868E2,1.855943945E-1,-7.942469110E-2,1.773927541E2
2.255620211E2,2.273873461E-2,7.386668003E-4,1.601873781E-3,9.997398853E-1,1.773941084E2,1.854386932E-1,-8.044903955E-2,1.773939741E2
2.255670211E2,2.274151025E-2,7.353241672E-4,1.601208351E-3,9.997398257E-1,1.773937902E2,1.853539713E-1,-8.006732085E-2,1.773936567E2
2.255720211E2,2.273879524E-2,7.383550983E-4,1.601156662E-3,9.997398853E-1,1.773941014E2,1.853557311E-1,-8.041518784E-2,1.773939673E2
2.255770211E2,2.273603580E-2,7.389193634E-4,1.602864941E-3,9.997399449E-1,1.773944177E2,1.855526836E-1,-8.047589176E-2,1.773942833E2
2.255820211E2,2.273921266E-2,7.379173185E-4,1.595420181E-3,9.997398853E-1,1.773940536E2,1.846974401E-1,-8.037990607E-2,1.773939200E2
2.255870211E2,2.274433441E-2,7.349924999E-4,1.598460134E-3,9.997397661E-1,1.773934665E2,1.850384913E-1,-8.003596393E-2,1.773933332E2
2.255920211E2,2.274661435E-2,7.328287465E-4,1.604279387E-3,9.997397065E-1,1.773932052E2,1.856996990E-1,-7.977248941E-2,1.773930718E2
2.255970211E2,2.273332234E-2,7.416896406E-4,1.602895907E-3,9.997400045E-1,1.773947287E2,1.855632306E-1,-8.079368270E-2,1.773945938E2
2.256020211E2,2.273620829E-2,7.405810175E-4,1.599648036E-3,9.997399449E-1,1.773943979E2,1.851884918E-1,-8.067460354E-2,1.773942635E2
2.256070211E2,2.274399040E-2,7.337660063E-4,1.603909186E-3,9.997397661E-1,1.773935059E2,1.856595218E-1,-7.988131585E-2,1.773933725E2
2.256120211E2,2.274639266E-2,7.319672150E-4,1.607812126E-3,9.997397065E-1,1.773932306E2,1.861021536E-1,-7.966462327E-2,1.773930971E2
2.256170211E2,2.274115968E-2,7.359189913E-4,1.605907222E-3,9.997398257E-1,1.773938304E2,1.858938064E-1,-8.012328431E-2,1.773936963E2
2.256220211E2,2.274382539E-2,7.348238723E-4,1.605763682E-3,9.997397661E-1,1.773935248E2,1.858747211E-1,-7.999770398E-2,1.773933910E2
2.256270211E2,2.274635208E-2,7.323394530E-4,1.608216669E-3,9.997397065E-1,1.773932352E2,1.861494661E-1,-7.970622056E-2,1.773931017E2
2.256320211E2,2.274864861E-2,7.313700044E-4,1.613219501E-3,9.997396469E-1,1.773929720E2,1.867202567E-1,-7.958168911E-2,1.773928382E2
2.256370211E2,2.275940733E-2,7.235652884E-4,1.612742082E-3,9.997394085E-1,1.773917388E2,1.866460609E-1,-7.868680302E-2,1.773916066E2
2.256420211E2,2.275719140E-2,7.247900940E-4,1.606501406E-3,9.997394681E-1,1.773919928E2,1.859341360E-1,-7.884380777E-2,1.773918608E2
2.256470211E2,2.275180332E-2,7.287823828E-4,1.606827020E-3,9.997395873E-1,1.773926104E2,1.859814242E-1,-7.930132454E-2,1.773924776E2
2.256520211E2,2.275473978E-2,7.268088521E-4,1.603220473E-3,9.997395277E-1,1.773922738E2,1.855633367E-1,-7.908409169E-2,1.773921417E2
2.256570211E2,2.275205333E-2,7.283250452E-4,1.603490906E-3,9.997395873E-1,1.773925817E2,1.855980592E-1,-7.925758298E-2,1.773924493E2
2.256620211E2,2.275449417E-2,7.266799803E-4,1.606761012E-3,9.997395277E-1,1.773923020E2,1.859685929E-1,-7.906014116E-2,1.773921696E2
2.256670211E2,2.276001802E-2,7.223564899E-4,1.604645397E-3,9.997394085E-1,1.773916688E2,1.857153825E-1,-7.856932505E-2,1.773915374E2
2.256720211E2,2.276523292E-2,7.202225388E-4,1.605899073E-3,9.997392893E-1,1.773910711E2,1.858538484E-1,-7.832061655E-2,1.773909400E2
2.256770211E2,2.275720646E-2,7.246886380E-4,1.606333768E-3,9.997394681E-1,1.773919911E2,1.859146676E-1,-7.883261918E-2,1.773918591E2
2.256820211E2,2.276768741E-2,7.187156589E-4,1.608881052E-3,9.997392297E-1,1.773907897E2,1.861917304E-1,-7.813974915E-2,1.773906587E2
2.256870211E2,2.277011757E-2,7.155656931E-4,1.612926018E-3,9.997391701E-1,1.773905112E2,1.866470998E-1,-7.776787614E-2,1.773903805E2
2.256920211E2,2.277256802E-2,7.148691802E-4,1.615581918E-3,9.997391105E-1,1.773902303E2,1.869497378E-1,-7.768069390E-2,1.773900995E2
2.256970211E2,2.276180479E-2,7.225665031E-4,1.616299618E-3,9.997393489E-1,1.773914640E2,1.870512028E-1,-7.856265321E-2,1.773913317E2
2.257020211E2,2.275651683E-2,7.251519710E-4,1.615866437E-3,9.997394681E-1,1.773920701E2,1.870079043E-1,-7.886096798E-2,1.773919373E2
2.257070211E2,2.275910018E-2,7.234406658E-4,1.617126632E-3,9.997394085E-1,1.773917740E2,1.871480150E-1,-7.866114787E-2,1.773916415E2
2.257120211E2,2.275092666E-2,7.286730688E-4,1.619241433E-3,9.997395873E-1,1.773927109E2,1.874032912E-1,-7.925659755E-2,1.773925772E2
2.257170211E2,2.275107213E-2,7.299235440E-4,1.616632217E-3,9.997395873E-1,1.773926942E2,1.871076459E-1,-7.940662972E-2,1.773925605E2
2.257220211E2,2.276133894E-2,7.223864668E-4,1.622926909E-3,9.997393489E-1,1.773915174E2,1.878099330E-1,-7.852482851E-2,1.773913846E2
2.257270211E2,2.276673723E-2,7.188386517E-4,1.622216892E-3,9.997392297E-1,1.773908987E2,1.877197587E-1,-7.811922302E-2,1.773907666E2
2.257320211E2,2.276440388E-2,7.202691631E-4,1.617587986E-3,9.997392893E-1,1.773911661E2,1.871930115E-1,-7.829561865E-2,1.773910341E2
2.257370211E2,2.276208136E-2,7.213658537E-4,1.612937544E-3,9.997393489E-1,1.773914323E2,1.866629261E-1,-7.843382287E-2,1.773913005E2
2.257420211E2,2.276732462E-2,7.187562296E-4,1.613988774E-3,9.997392297E-1,1.773908313E2,1.867769592E-1,-7.813113812E-2,1.773906999E2
2.257470211E2,2.276481173E-2,7.202565903E-4,1.611843589E-3,9.997392893E-1,1.773911194E2,1.865349204E-1,-7.830908785E-2,1.773909878E2
2.257520211E2,2.276225369E-2,7.220698171E-4,1.610188279E-3,9.997393489E-1,1.773914126E2,1.863498146E-1,-7.852160943E-2,1.773912808E2
2.257570211E2,2.276465628E-2,7.206013543E-4,1.613883651E-3,9.997392893E-1,1.773911372E2,1.867695215E-1,-7.834329155E-2,1.773910054E2
2.257620211E2,2.275370406E-2,7.281661965E-4,1.617243048E-3,9.997395277E-1,1.773923925E2,1.871732503E-1,-7.920321957E-2,1.773922591E2
2.257670211E2,2.274615608E-2,7.324296748E-4,1.610945445E-3,9.997397065E-1,1.773932577E2,1.864623000E-1,-7.970948006E-2,1.773931239E2
2.257720211E2,2.274908527E-2,7.301023579E-4,1.607626560E-3,9.997396469E-1,1.773929220E2,1.860762471E-1,-7.945096448E-2,1.773927889E2
2.257770211E2,2.275126819E-2,7.282897132E-4,1.614608685E-3,9.997395873E-1,1.773926717E2,1.868715813E-1,-7.922469432E-2,1.773925385E2
2.257820211E2,2.274805088E-2,7.310820511E-4,1.621756237E-3,9.997396469E-1,1.773930405E2,1.876974451E-1,-7.952655813E-2,1.773929061E2
2.257870211E2,2.273490181E-2,7.410365506E-4,1.617901726E-3,9.997399449E-1,1.773945477E2,1.872807557E-1,-8.067947469E-2,1.773944117E2
2.257920211E2,2.274064707E-2,7.357597933E-4,1.613222412E-3,9.997398257E-1,1.773938891E2,1.867313942E-1,-8.008607806E-2,1.773937545E2
2.257970211E2,2.274281273E-2,7.347220671E-4,1.620089170E-3,9.997397661E-1,1.773936409E2,1.875155334E-1,-7.994889315E-2,1.773935060E2
2.258020211E2,2.273488928E-2,7.398595917E-4,1.618616283E-3,9.997399449E-1,1.773945491E2,1.873595492E-1,-8.054278082E-2,1.773944133E2
2.258070211E2,2.272753728E-2,7.450721459E-4,1.609000727E-3,9.997401237E-1,1.773953918E2,1.862709553E-1,-8.116636233E-2,1.773952558E2
2.258120211E2,2.272752444E-2,7.453389117E-4,1.609058585E-3,9.997401237E-1,1.773953933E2,1.862782775E-1,-8.119677520E-2,1.773952572E2
2.258170211E2,2.273520980E-2,7.392505067E-4,1.614387031E-3,9.997399449E-1,1.773945124E2,1.868734756E-1,-8.048396178E-2,1.773943770E2
2.258220211E2,2.273249942E-2,7.422714261E-4,1.614257344E-3,9.997400045E-1,1.773948230E2,1.868662708E-1,-8.083088827E-2,1.773946871E2
2.258270211E2,2.272752858E-2,7.452333812E-4,1.609048923E-3,9.997401237E-1,1.773953928E2,1.862768960E-1,-8.118470983E-2,1.773952567E2
2.258320211E2,2.273814038E-2,7.387201767E-4,1.610262319E-3,9.997398853E-1,1.773941765E2,1.863997936E-1,-8.043340635E-2,1.773940415E2
2.258370211E2,2.273540987E-2,7.397035370E-4,1.611359185E-3,9.997399449E-1,1.773944894E2,1.865277955E-1,-8.054371317E-2,1.773943542E2
2.258420211E2,2.273036991E-2,7.426944212E-4,1.607119688E-3,9.997400641E-1,1.773950671E2,1.860494951E-1,-8.089833790E-2,1.773949317E2
2.258470211E2,2.273042108E-2,7.441253983E-4,1.605733531E-3,9.997400641E-1,1.773950613E2,1.858944259E-1,-8.106587446E-2,1.773949257E2
2.258520211E2,2.273590119E-2,7.405684446E-4,1.604012796E-3,9.997399449E-1,1.773944331E2,1.856884706E-1,-8.066184776E-2,1.773942983E2
2.258570211E2,2.273885559E-2,7.387219230E-4,1.600130112E-3,9.997398853E-1,1.773940945E2,1.852390881E-1,-8.045987575E-2,1.773939604E2
2.258620211E2,2.272566280E-2,7.465336239E-4,1.597725321E-3,9.997401834E-1,1.773956067E2,1.849828743E-1,-8.136350582E-2,1.773954713E2
2.258670211E2,2.273341723E-2,7.410055841E-4,1.601866097E-3,9.997400045E-1,1.773947178E2,1.854434787E-1,-8.071798119E-2,1.773945832E2
2.258720211E2,2.274112936E-2,7.367811631E-4,1.605941216E-3,9.997398257E-1,1.773938339E2,1.858999454E-1,-8.022197332E-2,1.773936997E2
2.258770211E2,2.274130398E-2,7.367768558E-4,1.603468554E-3,9.997398257E-1,1.773938139E2,1.856166748E-1,-8.022789139E-2,1.773936798E2
2.258820211E2,2.273855133E-2,7.374627166E-4,1.605027122E-3,9.997398853E-1,1.773941294E2,1.857967942E-1,-8.030291463E-2,1.773939951E2
2.258870211E2,2.273306456E-2,7.421082701E-4,1.606354374E-3,9.997400045E-1,1.773947583E2,1.859605099E-1,-8.083267966E-2,1.773946230E2
2.258920211E2,2.273817896E-2,7.389349048E-4,1.609618776E-3,9.997398853E-1,1.773941720E2,1.863266305E-1,-8.045967570E-2,1.773940371E2
2.258970211E2,2.273011431E-2,7.437407621E-4,1.610247884E-3,9.997400641E-1,1.773950964E2,1.864105732E-1,-8.101010781E-2,1.773949605E2
2.259020211E2,2.273044264E-2,7.428263780E-4,1.606029691E-3,9.997400641E-1,1.773950588E2,1.859249723E-1,-8.091628086E-2,1.773949234E2
2.259070211E2,2.273513044E-2,7.394888671E-4,1.615395304E-3,9.997399449E-1,1.773945215E2,1.869896002E-1,-8.050865666E-2,1.773943860E2
2.259120211E2,2.273242668E-2,7.420866168E-4,1.615366200E-3,9.997400045E-1,1.773948314E2,1.869928164E-1,-8.080684111E-2,1.773946954E2
2.259170211E2,2.272480418E-2,7.478301995E-4,1.609289669E-3,9.997401834E-1,1.773957051E2,1.863110186E-1,-8.148208678E-2,1.773955685E2
2.259220211E2,2.272746388E-2,7.450818084E-4,1.610032748E-3,9.997401237E-1,1.773954002E2,1.863892051E-1,-8.116479504E-2,1.773952641E2
2.259270211E2,2.273798692E-2,7.384730852E-4,1.612540917E-3,9.997398853E-1,1.773941941E2,1.866601784E-1,-8.039919032E-2,1.773940590E2
2.259320211E2,2.273574580E-2,7.393318228E-4,1.606783480E-3,9.997399449E-1,1.773944509E2,1.860026514E-1,-8.051298808E-2,1.773943162E2
2.259370211E2,2.273559754E-2,7.390849642E-4,1.608993276E-3,9.997399449E-1,1.773944679E2,1.862551552E-1,-8.047897758E-2,1.773943330E2
2.259420211E2,2.273532853E-2,7.409218233E-4,1.611946966E-3,9.997399449E-1,1.773944988E2,1.865983009E-1,-8.068176602E-2,1.773943633E2
2.259470211E2,2.273549988E-2,7.393270498E-4,1.610261621E-3,9.997399449E-1,1.773944791E2,1.864010825E-1,-8.050342496E-2,1.773943441E2
2.259520211E2,2.273333666E-2,7.416772423E-4,1.602698467E-3,9.997400045E-1,1.773947271E2,1.855405802E-1,-8.079277404E-2,1.773945922E2
2.259570211E2,2.273887070E-2,7.386219804E-4,1.599961543E-3,9.997398853E-1,1.773940928E2,1.852195172E-1,-8.044886261E-2,1.773939587E2
2.259620211E2,2.275436607E-2,7.271583308E-4,1.608357881E-3,9.997395277E-1,1.773923167E2,1.861527709E-1,-7.911080168E-2,1.773921841E2
2.259670211E2,2.275922868E-2,7.231419440E-4,1.615450950E-3,9.997394085E-1,1.773917593E2,1.869552762E-1,-7.863127217E-2,1.773916269E2
2.259720211E2,2.275890379E-2,7.239560364E-4,1.619657967E-3,9.997394085E-1,1.773917965E2,1.874393388E-1,-7.871362438E-2,1.773916637E2
2.259770211E2,2.275362634E-2,7.271051873E-4,1.618813141E-3,9.997395277E-1,1.773924014E2,1.873503505E-1,-7.907758899E-2,1.773922681E2
2.259820211E2,2.276160036E-2,7.217462990E-4,1.619541785E-3,9.997393489E-1,1.773914875E2,1.874204765E-1,-7.846027050E-2,1.773913550E2
2.259870211E2,2.276142608E-2,7.223670837E-4,1.621712931E-3,9.997393489E-1,1.773915074E2,1.876708133E-1,-7.852575812E-2,1.773913747E2
2.259920211E2,2.275625356E-2,7.260843413E-4,1.619152026E-3,9.997394681E-1,1.773921003E2,1.873867193E-1,-7.895926301E-2,1.773919671E2
2.259970211E2,2.275370805E-2,7.275673561E-4,1.617456437E-3,9.997395277E-1,1.773923921E2,1.871961353E-1,-7.913405819E-2,1.773922587E2
2.260020211E2,2.275328383E-2,7.276920369E-4,1.623357297E-3,9.997395277E-1,1.773924407E2,1.878724419E-1,-7.913303495E-2,1.773923068E2
2.260070211E2,2.274524655E-2,7.336784620E-4,1.623172779E-3,9.997397065E-1,1.773933619E2,1.878662724E-1,-7.982084180E-2,1.773932270E2
2.260120211E2,2.273748963E-2,7.381457835E-4,1.619687071E-3,9.997398853E-1,1.773942511E2,1.874779644E-1,-8.034316642E-2,1.773941155E2
2.260170211E2,2.274013845E-2,7.360015297E-4,1.620266354E-3,9.997398257E-1,1.773939474E2,1.875389527E-1,-8.009551054E-2,1.773938122E2
2.260220211E2,2.274535179E-2,7.328921347E-4,1.622052980E-3,9.997397065E-1,1.773933499E2,1.877359444E-1,-7.973365779E-2,1.773932151E2
2.260270211E2,2.273990796E-2,7.359015872E-4,1.623543329E-3,9.997398257E-1,1.773939739E2,1.879140911E-1,-8.007556458E-2,1.773938384E2
2.260320211E2,2.274280146E-2,7.351455279E-4,1.620055409E-3,9.997397661E-1,1.773936422E2,1.875127686E-1,-7.999749567E-2,1.773935072E2
2.260370211E2,2.274264655E-2,7.344348705E-4,1.622550422E-3,9.997397661E-1,1.773936600E2,1.877967379E-1,-7.990960791E-2,1.773935249E2
2.260420211E2,2.274278669E-2,7.347793435E-4,1.620428753E-3,9.997397661E-1,1.773936439E2,1.875545840E-1,-7.995457467E-2,1.773935089E2
2.260470211E2,2.274837035E-2,7.310377550E-4,1.617288915E-3,9.997396469E-1,1.773930039E2,1.871855691E-1,-7.953306942E-2,1.773928699E2
2.260520211E2,2.275153901E-2,7.285282481E-4,1.610680134E-3,9.997395873E-1,1.773926407E2,1.864221615E-1,-7.926221348E-2,1.773925077E2
2.260570211E2,2.275663890E-2,7.245396264E-4,1.614421257E-3,9.997394681E-1,1.773920561E2,1.868407540E-1,-7.879456270E-2,1.773919236E2
2.260620211E2,2.275084843E-2,7.295458927E-4,1.619947492E-3,9.997395873E-1,1.773927199E2,1.874864485E-1,-7.935476363E-2,1.773925859E2
2.260670211E2,2.274600303E-2,7.331751403E-4,1.612766297E-3,9.997397065E-1,1.773932752E2,1.866728318E-1,-7.979016416E-2,1.773931412E2
2.260720211E2,2.274352621E-2,7.335832925E-4,1.610561274E-3,9.997397661E-1,1.773935591E2,1.864210859E-1,-7.984313234E-2,1.773934252E2
2.260770211E2,2.275173315E-2,7.289703353E-4,1.607735059E-3,9.997395873E-1,1.773926184E2,1.860859356E-1,-7.932050225E-2,1.773924856E2
2.260820211E2,2.274656555E-2,7.316112751E-4,1.605526544E-3,9.997397065E-1,1.773932108E2,1.858393983E-1,-7.962977182E-2,1.773930776E2
2.260870211E2,2.274414653E-2,7.338791620E-4,1.601641765E-3,9.997397661E-1,1.773934880E2,1.854000686E-1,-7.990016004E-2,1.773933547E2
2.260920211E2,2.274671149E-2,7.327186177E-4,1.602951786E-3,9.997397065E-1,1.773931940E2,1.855473270E-1,-7.976331549E-2,1.773930608E2
2.260970211E2,2.275733663E-2,7.248941693E-4,1.604395802E-3,9.997394681E-1,1.773919762E2,1.856931964E-1,-7.886119508E-2,1.773918443E2
2.261020211E2,2.275490662E-2,7.260616403E-4,1.601189724E-3,9.997395277E-1,1.773922547E2,1.853287544E-1,-7.900375432E-2,1.773921229E2
2.261070211E2,2.274994398E-2,7.296918775E-4,1.595616341E-3,9.997396469E-1,1.773928235E2,1.846993288E-1,-7.943509099E-2,1.773926915E2
2.261120211E2,2.276044650E-2,7.236069068E-4,1.597990631E-3,9.997394085E-1,1.773916197E2,1.849562940E-1,-7.872985297E-2,1.773914886E2
2.261170211E2,2.275762420E-2,7.241052808E-4,1.600668649E-3,9.997394681E-1,1.773919432E2,1.852641710E-1,-7.878048552E-2,1.773918118E2
2.261220211E2,2.276302833E-2,7.212432683E-4,1.599572948E-3,9.997393489E-1,1.773913238E2,1.851316045E-1,-7.845446517E-2,1.773911930E2
2.261270211E2,2.276839726E-2,7.181887631E-4,1.599040814E-3,9.997392297E-1,1.773907084E2,1.850630928E-1,-7.810493002E-2,1.773905782E2
2.261320211E2,2.277366926E-2,7.136381464E-4,1.600533025E-3,9.997391105E-1,1.773901041E2,1.852225782E-1,-7.757873330E-2,1.773899747E2
2.261370211E2,2.276265651E-2,7.211201591E-4,1.604910707E-3,9.997393489E-1,1.773913664E2,1.857427590E-1,-7.842650665E-2,1.773912352E2
2.261420211E2,2.276556650E-2,7.187534356E-4,1.601823256E-3,9.997392893E-1,1.773910329E2,1.853831074E-1,-7.816288484E-2,1.773909024E2
2.261470211E2,2.277098415E-2,7.160999812E-4,1.600406365E-3,9.997391701E-1,1.773904119E2,1.852142842E-1,-7.786159331E-2,1.773902820E2
2.261520211E2,2.277601143E-2,7.113402826E-4,1.605451223E-3,9.997390509E-1,1.773898356E2,1.857802006E-1,-7.730221532E-2,1.773897063E2
2.261570211E2,2.277567388E-2,7.122824900E-4,1.609816216E-3,9.997390509E-1,1.773898743E2,1.862826965E-1,-7.739882615E-2,1.773897445E2
2.261620211E2,2.277020736E-2,7.155119674E-4,1.611681771E-3,9.997391701E-1,1.773905009E2,1.865044230E-1,-7.776495122E-2,1.773903703E2
2.261670211E2,2.277242193E-2,7.146987482E-4,1.617715112E-3,9.997391105E-1,1.773902471E2,1.871936648E-1,-7.765562932E-2,1.773901161E2
2.261720211E2,2.277727712E-2,7.113714237E-4,1.624484896E-3,9.997389913E-1,1.773896906E2,1.879609164E-1,-7.725586566E-2,1.773895597E2
2.261770211E2,2.277975827E-2,7.093811291E-4,1.627244055E-3,9.997389317E-1,1.773894062E2,1.882720069E-1,-7.702018489E-2,1.773892755E2
2.261820211E2,2.277972850E-2,7.096162299E-4,1.627558260E-3,9.997389317E-1,1.773894096E2,1.883086144E-1,-7.704630380E-2,1.773892789E2
2.261870211E2,2.277699631E-2,7.102558156E-4,1.628904254E-3,9.997389913E-1,1.773897228E2,1.884642733E-1,-7.711657716E-2,1.773895918E2
2.261920211E2,2.277976511E-2,7.082935772E-4,1.627621939E-3,9.997389317E-1,1.773894054E2,1.883124593E-1,-7.689460534E-2,1.773892749E2
2.261970211E2,2.277704405E-2,7.108756690E-4,1.627966063E-3,9.997389913E-1,1.773897173E2,1.883584139E-1,-7.719002848E-2,1.773895863E2
2.262020211E2,2.277726813E-2,7.101885858E-4,1.625128323E-3,9.997389913E-1,1.773896916E2,1.880315403E-1,-7.711867996E-2,1.773895609E2
2.262070211E2,2.279289600E-2,7.002386265E-4,1.630331273E-3,9.997386336E-1,1.773879003E2,1.886028143E-1,-7.596226671E-2,1.773877712E2
2.262120211E2,2.279022824E-2,7.014279254E-4,1.630564220E-3,9.997386932E-1,1.773882061E2,1.886324049E-1,-7.609840966E-2,1.773880767E2
2.262170211E2,2.278285561E-2,7.075414178E-4,1.621291158E-3,9.997388721E-1,1.773890512E2,1.875854658E-1,-7.682438333E-2,1.773889213E2
2.262220211E2,2.278787397E-2,7.032245048E-4,1.626143116E-3,9.997387528E-1,1.773884759E2,1.881304271E-1,-7.631621841E-2,1.773883465E2
2.262270211E2,2.278770191E-2,7.031905698E-4,1.628567115E-3,9.997387528E-1,1.773884957E2,1.884080237E-1,-7.630603307E-2,1.773883661E2
2.262320211E2,2.278775711E-2,7.040880737E-4,1.627406455E-3,9.997387528E-1,1.773884893E2,1.882774042E-1,-7.641187318E-2,1.773883597E2
2.262370211E2,2.278548887E-2,7.055332535E-4,1.621914795E-3,9.997388124E-1,1.773887493E2,1.876518691E-1,-7.659220216E-2,1.773886198E2
2.262420211E2,2.279087503E-2,7.025279920E-4,1.621022471E-3,9.997386932E-1,1.773881320E2,1.875422055E-1,-7.624923397E-2,1.773880031E2
2.262470211E2,2.278264865E-2,7.072831504E-4,1.624309341E-3,9.997388721E-1,1.773890749E2,1.879305448E-1,-7.678695465E-2,1.773889448E2
2.262520211E2,2.276932346E-2,7.171370089E-4,1.623404562E-3,9.997391701E-1,1.773906022E2,1.878515821E-1,-7.792069529E-2,1.773904704E2
2.262570211E2,2.276986340E-2,7.157498621E-4,1.616428723E-3,9.997391701E-1,1.773905403E2,1.870488377E-1,-7.777988247E-2,1.773904093E2
2.262620211E2,2.278280395E-2,7.075773319E-4,1.622001291E-3,9.997388721E-1,1.773890571E2,1.876669099E-1,-7.682665336E-2,1.773889272E2
2.262670211E2,2.278249099E-2,7.068890845E-4,1.626690384E-3,9.997388721E-1,1.773890929E2,1.882022808E-1,-7.673562297E-2,1.773889628E2
2.262720211E2,2.277425828E-2,7.129584556E-4,1.629424863E-3,9.997390509E-1,1.773900366E2,1.885307584E-1,-7.742535362E-2,1.773899051E2
2.262770211E2,2.277445381E-2,7.128453581E-4,1.626739162E-3,9.997390509E-1,1.773900142E2,1.882227988E-1,-7.741936951E-2,1.773898829E2
2.262820211E2,2.277160137E-2,7.149090525E-4,1.629132661E-3,9.997391105E-1,1.773903411E2,1.885021680E-1,-7.765008090E-2,1.773902093E2
2.262870211E2,2.276614212E-2,7.177716470E-4,1.631017309E-3,9.997392297E-1,1.773909669E2,1.887251223E-1,-7.797413707E-2,1.773908343E2
2.262920211E2,2.275821813E-2,7.241397398E-4,1.629182370E-3,9.997394085E-1,1.773918751E2,1.885308997E-1,-7.870995832E-2,1.773917415E2
2.262970211E2,2.276328232E-2,7.204543799E-4,1.633213367E-3,9.997392893E-1,1.773912947E2,1.889834832E-1,-7.827628678E-2,1.773911614E2
2.263020211E2,2.276027844E-2,7.222095737E-4,1.637810376E-3,9.997393489E-1,1.773916390E2,1.895144694E-1,-7.846594241E-2,1.773915050E2
2.263070211E2,2.275484911E-2,7.262191502E-4,1.638711547E-3,9.997394681E-1,1.773922613E2,1.896277400E-1,-7.892396578E-2,1.773921265E2
2.263120211E2,2.275210569E-2,7.271870854E-4,1.640010742E-3,9.997395277E-1,1.773925757E2,1.897788860E-1,-7.903198706E-2,1.773924407E2
2.263170211E2,2.275740687E-2,7.249062182E-4,1.640137052E-3,9.997394085E-1,1.773919681E2,1.897878265E-1,-7.876935121E-2,1.773918335E2
2.263220211E2,2.275980781E-2,7.222185959E-4,1.644333592E-3,9.997393489E-1,1.773916929E2,1.902617694E-1,-7.845005124E-2,1.773915585E2
2.263270211E2,2.274906987E-2,7.289692294E-4,1.644990873E-3,9.997395873E-1,1.773929237E2,1.903538269E-1,-7.922374575E-2,1.773927879E2
2.263320211E2,2.274678253E-2,7.312952657E-4,1.639354974E-3,9.997396469E-1,1.773931859E2,1.897140490E-1,-7.950534737E-2,1.773930501E2
2.263370211E2,2.274930900E-2,7.297438569E-4,1.641336363E-3,9.997395873E-1,1.773928963E2,1.899371971E-1,-7.932197029E-2,1.773927606E2
2.263420211E2,2.274635857E-2,7.316506235E-4,1.645069104E-3,9.997396469E-1,1.773932345E2,1.903695647E-1,-7.953124333E-2,1.773930981E2
2.263470211E2,2.274659172E-2,7.318283315E-4,1.641762909E-3,9.997396469E-1,1.773932078E2,1.899912817E-1,-7.956017576E-2,1.773930716E2
2.263520211E2,2.274679037E-2,7.318653516E-4,1.638991758E-3,9.997396469E-1,1.773931850E2,1.896739251E-1,-7.957160274E-2,1.773930491E2
2.263570211E2,2.275208905E-2,7.272572257E-4,1.640210394E-3,9.997395277E-1,1.773925777E2,1.898019401E-1,-7.903950505E-2,1.773924425E2
2.263620211E2,2.274638464E-2,7.321728626E-4,1.644476084E-3,9.997396469E-1,1.773932315E2,1.903029906E-1,-7.959261282E-2,1.773930951E2
2.263670211E2,2.273871986E-2,7.364191115E-4,1.639867201E-3,9.997398257E-1,1.773941100E2,1.897854428E-1,-8.009253957E-2,1.773939732E2
2.263720211E2,2.274704225E-2,7.316187257E-4,1.635602559E-3,9.997396469E-1,1.773931561E2,1.892850282E-1,-7.955213588E-2,1.773930205E2
2.263770211E2,2.275202359E-2,7.287804619E-4,1.640442293E-3,9.997395277E-1,1.773925852E2,1.898324738E-1,-7.921341747E-2,1.773924497E2
2.263820211E2,2.274673447E-2,7.310162182E-4,1.640146133E-3,9.997396469E-1,1.773931914E2,1.898039545E-1,-7.947132598E-2,1.773930556E2
2.263870211E2,2.274936482E-2,7.303598104E-4,1.640288392E-3,9.997395873E-1,1.773928899E2,1.898187497E-1,-7.939525649E-2,1.773927542E2
2.263920211E2,2.275451221E-2,7.258290425E-4,1.643555239E-3,9.997394681E-1,1.773922999E2,1.901815997E-1,-7.886670778E-2,1.773921648E2
2.263970211E2,2.274637389E-2,7.309089415E-4,1.645186916E-3,9.997396469E-1,1.773932327E2,1.903811292E-1,-7.944596491E-2,1.773930965E2
2.264020211E2,2.273841372E-2,7.379481685E-4,1.643420896E-3,9.997398257E-1,1.773941451E2,1.901965220E-1,-8.025850909E-2,1.773940077E2
2.264070211E2,2.274900472E-2,7.295941468E-4,1.645614742E-3,9.997395873E-1,1.773929312E2,1.904269229E-1,-7.929372338E-2,1.773927952E2
2.264120211E2,2.275130497E-2,7.282574079E-4,1.650609775E-3,9.997395277E-1,1.773926675E2,1.909958614E-1,-7.912712279E-2,1.773925314E2
2.264170211E2,2.274314839E-2,7.345222402E-4,1.651936211E-3,9.997397065E-1,1.773936024E2,1.911635050E-1,-7.984293430E-2,1.773934650E2
2.264220211E2,2.273225938E-2,7.414265419E-4,1.654440071E-3,9.997399449E-1,1.773948506E2,1.914674711E-1,-8.062946299E-2,1.773947116E2
2.264270211E2,2.274026983E-2,7.363990881E-4,1.654654276E-3,9.997397661E-1,1.773939324E2,1.914795540E-1,-8.005141653E-2,1.773937943E2
2.264320211E2,2.275104592E-2,7.285124739E-4,1.654064283E-3,9.997395277E-1,1.773926972E2,1.913922618E-1,-7.914738643E-2,1.773925608E2
2.264370211E2,2.274871381E-2,7.308033528E-4,1.649096026E-3,9.997395873E-1,1.773929645E2,1.908288758E-1,-7.942323203E-2,1.773928280E2
2.264420211E2,2.274328427E-2,7.340617012E-4,1.650269376E-3,9.997397065E-1,1.773935869E2,1.909713592E-1,-7.979449247E-2,1.773934496E2
2.264470211E2,2.274056219E-2,7.356522838E-4,1.650964376E-3,9.997397661E-1,1.773938989E2,1.910549081E-1,-7.997542124E-2,1.773937613E2
2.264520211E2,2.274582156E-2,7.322060992E-4,1.652231440E-3,9.997396469E-1,1.773932960E2,1.911915026E-1,-7.957631238E-2,1.773931590E2
2.264570211E2,2.274034629E-2,7.349048974E-4,1.654267777E-3,9.997397661E-1,1.773939236E2,1.914313877E-1,-7.988123194E-2,1.773937859E2
2.264620211E2,2.275077422E-2,7.292311057E-4,1.657481189E-3,9.997395277E-1,1.773927284E2,1.917855621E-1,-7.922085765E-2,1.773925915E2
2.264670211E2,2.275887064E-2,7.227853639E-4,1.657007146E-3,9.997393489E-1,1.773918003E2,1.917150833E-1,-7.848210545E-2,1.773916648E2
2.264720211E2,2.275898991E-2,7.231339696E-4,1.655215980E-3,9.997393489E-1,1.773917867E2,1.915108022E-1,-7.852669104E-2,1.773916512E2
2.264770211E2,2.274844022E-2,7.297930424E-4,1.653312123E-3,9.997395873E-1,1.773929959E2,1.913092252E-1,-7.929655028E-2,1.773928592E2
2.264820211E2,2.274847149E-2,7.309792563E-4,1.652357518E-3,9.997395873E-1,1.773929923E2,1.912029587E-1,-7.943492764E-2,1.773928555E2
2.264870211E2,2.274841030E-2,7.299909485E-4,1.653636340E-3,9.997395873E-1,1.773929993E2,1.913468817E-1,-7.931838327E-2,1.773928626E2
2.264920211E2,2.274291273E-2,7.337516872E-4,1.655519241E-3,9.997397065E-1,1.773936295E2,1.915719574E-1,-7.974536503E-2,1.773934919E2
2.264970211E2,2.273500708E-2,7.390786777E-4,1.653752057E-3,9.997398853E-1,1.773945356E2,1.913827545E-1,-8.036175374E-2,1.773943971E2
2.265020211E2,2.274047743E-2,7.364766789E-4,1.651764149E-3,9.997397661E-1,1.773939086E2,1.911486737E-1,-8.006779740E-2,1.773937708E2
2.265070211E2,2.274067330E-2,7.347611245E-4,1.649830490E-3,9.997397661E-1,1.773938861E2,1.909226940E-1,-7.987626215E-2,1.773937488E2
2.265120211E2,2.274020986E-2,7.359445444E-4,1.655680360E-3,9.997397661E-1,1.773939393E2,1.915959150E-1,-7.999668073E-2,1.773938012E2
2.265170211E2,2.274321360E-2,7.331175730E-4,1.651662402E-3,9.997397065E-1,1.773935950E2,1.911284806E-1,-7.968271428E-2,1.773934578E2
2.265220211E2,2.274619210E-2,7.320878794E-4,1.647174940E-3,9.997396469E-1,1.773932536E2,1.906119405E-1,-7.957587864E-2,1.773931170E2
2.265270211E2,2.274618285E-2,7.311746012E-4,1.647708239E-3,9.997396469E-1,1.773932546E2,1.906706547E-1,-7.946986351E-2,1.773931182E2
2.265320211E2,2.274059844E-2,7.354876143E-4,1.650538412E-3,9.997397661E-1,1.773938947E2,1.910056825E-1,-7.995765956E-2,1.773937572E2
2.265370211E2,2.273865341E-2,7.379680756E-4,1.640092232E-3,9.997398257E-1,1.773941177E2,1.898152542E-1,-8.026941791E-2,1.773939805E2
2.265420211E2,2.274408024E-2,7.337266579E-4,1.639412716E-3,9.997397065E-1,1.773934956E2,1.897267870E-1,-7.978425429E-2,1.773933593E2
2.265470211E2,2.275174418E-2,7.276711985E-4,1.644804259E-3,9.997395277E-1,1.773926172E2,1.903292753E-1,-7.907501841E-2,1.773924816E2
2.265520211E2,2.274076624E-2,7.349775406E-4,1.648452366E-3,9.997397661E-1,1.773938755E2,1.907653846E-1,-7.990462886E-2,1.773937382E2
2.265570211E2,2.273011487E-2,7.435397711E-4,1.646921388E-3,9.997400045E-1,1.773950964E2,1.906114464E-1,-8.089155390E-2,1.773949576E2
2.265620211E2,2.273273543E-2,7.403084310E-4,1.648388570E-3,9.997399449E-1,1.773947960E2,1.907713232E-1,-8.051704390E-2,1.773946577E2
2.265670211E2,2.273802959E-2,7.375281421E-4,1.648915000E-3,9.997398257E-1,1.773941892E2,1.908248131E-1,-8.019614704E-2,1.773940514E2
2.265720211E2,2.274366241E-2,7.342417375E-4,1.644969336E-3,9.997397065E-1,1.773935435E2,1.903646746E-1,-7.982885940E-2,1.773934067E2
2.265770211E2,2.274418666E-2,7.336115232E-4,1.637987210E-3,9.997397065E-1,1.773934834E2,1.895631864E-1,-7.977475954E-2,1.773933473E2
2.265820211E2,2.274416394E-2,7.338286960E-4,1.638205373E-3,9.997397065E-1,1.773934860E2,1.895887439E-1,-7.979907492E-2,1.773933498E2
2.265870211E2,2.274676980E-2,7.314066170E-4,1.639481983E-3,9.997396469E-1,1.773931874E2,1.897288887E-1,-7.951777531E-2,1.773930515E2
2.265920211E2,2.274734009E-2,7.307327469E-4,1.631852239E-3,9.997396469E-1,1.773931220E2,1.888530975E-1,-7.946035649E-2,1.773929869E2
2.265970211E2,2.275540480E-2,7.259235135E-4,1.631108578E-3,9.997394681E-1,1.773921976E2,1.887560007E-1,-7.890981810E-2,1.773920635E2
2.266020211E2,2.276348023E-2,7.193677011E-4,1.630932325E-3,9.997392893E-1,1.773912720E2,1.887193427E-1,-7.815770798E-2,1.773911391E2
2.266070211E2,2.275540596E-2,7.262657746E-4,1.630940009E-3,9.997394681E-1,1.773921975E2,1.887375817E-1,-7.894946749E-2,1.773920633E2
2.266120211E2,2.274503515E-2,7.333082031E-4,1.626299461E-3,9.997397065E-1,1.773933862E2,1.882234898E-1,-7.977031421E-2,1.773932510E2
2.266170211E2,2.275313930E-2,7.277668337E-4,1.625348232E-3,9.997395277E-1,1.773924573E2,1.881007112E-1,-7.913643969E-2,1.773923232E2
2.266220211E2,2.275578327E-2,7.249585469E-4,1.626250450E-3,9.997394681E-1,1.773921542E2,1.881969565E-1,-7.881186720E-2,1.773920206E2
2.266270211E2,2.275857177E-2,7.237337995E-4,1.624415629E-3,9.997394085E-1,1.773918346E2,1.879837807E-1,-7.867581844E-2,1.773917014E2
2.266320211E2,2.275598455E-2,7.253753720E-4,1.623245422E-3,9.997394681E-1,1.773921311E2,1.878537970E-1,-7.886741798E-2,1.773919977E2
2.266370211E2,2.275586147E-2,7.258551195E-4,1.624755561E-3,9.997394681E-1,1.773921453E2,1.880280433E-1,-7.891846373E-2,1.773920116E2
2.266420211E2,2.275569764E-2,7.258182159E-4,1.627065009E-3,9.997394681E-1,1.773921640E2,1.882925093E-1,-7.890824434E-2,1.773920302E2
2.266470211E2,2.275373523E-2,7.267102483E-4,1.617459347E-3,9.997395277E-1,1.773923890E2,1.871942357E-1,-7.903585373E-2,1.773922558E2
2.266520211E2,2.275945913E-2,7.243315922E-4,1.611666754E-3,9.997394085E-1,1.773917329E2,1.865248719E-1,-7.877738710E-2,1.773916006E2
2.266570211E2,2.275941368E-2,7.235790836E-4,1.612646389E-3,9.997394085E-1,1.773917381E2,1.866351345E-1,-7.868863182E-2,1.773916059E2
2.266620211E2,2.275981263E-2,7.232843200E-4,1.607138664E-3,9.997394085E-1,1.773916924E2,1.860034205E-1,-7.866915406E-2,1.773915606E2
2.266670211E2,2.275460507E-2,7.271298673E-4,1.604985911E-3,9.997395277E-1,1.773922893E2,1.857664156E-1,-7.911628917E-2,1.773921570E2
2.266720211E2,2.275482281E-2,7.263983134E-4,1.602227800E-3,9.997395277E-1,1.773922643E2,1.854485499E-1,-7.903963279E-2,1.773921324E2
2.266770211E2,2.275202601E-2,7.287636981E-4,1.603679266E-3,9.997395873E-1,1.773925849E2,1.856207797E-1,-7.930734979E-2,1.773924524E2
2.266820211E2,2.274414997E-2,7.340006996E-4,1.601537224E-3,9.997397661E-1,1.773934876E2,1.853884092E-1,-7.991435544E-2,1.773933543E2
2.266870211E2,2.274149802E-2,7.362884935E-4,1.600938849E-3,9.997398257E-1,1.773937916E2,1.853256090E-1,-8.017850043E-2,1.773936579E2
2.266920211E2,2.275186358E-2,7.291307556E-4,1.605815487E-3,9.997395873E-1,1.773926035E2,1.858664540E-1,-7.934386092E-2,1.773924707E2
2.266970211E2,2.275412137E-2,7.274291129E-4,1.611693879E-3,9.997395277E-1,1.773923447E2,1.865356366E-1,-7.913316967E-2,1.773922118E2
2.267020211E2,2.274891085E-2,7.299588178E-4,1.610157778E-3,9.997396469E-1,1.773929419E2,1.863658408E-1,-7.942795392E-2,1.773928087E2
2.267070211E2,2.275150989E-2,7.285678294E-4,1.611073501E-3,9.997395873E-1,1.773926440E2,1.864673274E-1,-7.926572779E-2,1.773925110E2
2.267120211E2,2.274581883E-2,7.329525542E-4,1.615463058E-3,9.997397065E-1,1.773932964E2,1.869811836E-1,-7.975766927E-2,1.773931621E2
2.267170211E2,2.274288040E-2,7.350433152E-4,1.618993119E-3,9.997397661E-1,1.773936332E2,1.873908103E-1,-7.998853982E-2,1.773934982E2
2.267220211E2,2.274601300E-2,7.324930048E-4,1.612935681E-3,9.997397065E-1,1.773932741E2,1.866904594E-1,-7.971157410E-2,1.773931401E2
2.267270211E2,2.275141903E-2,7.295438554E-4,1.611914719E-3,9.997395873E-1,1.773926545E2,1.865662368E-1,-7.937536674E-2,1.773925211E2
2.267320211E2,2.274324116E-2,7.337246789E-4,1.614517299E-3,9.997397661E-1,1.773935918E2,1.868746425E-1,-7.984907230E-2,1.773934575E2
2.267370211E2,2.274572661E-2,7.331352099E-4,1.616678201E-3,9.997397065E-1,1.773933069E2,1.871208618E-1,-7.977544447E-2,1.773931725E2
2.267420211E2,2.274610102E-2,7.324840990E-4,1.611697953E-3,9.997397065E-1,1.773932640E2,1.865486464E-1,-7.971376373E-2,1.773931302E2
2.267470211E2,2.275164037E-2,7.290800568E-4,1.608997816E-3,9.997395873E-1,1.773926291E2,1.862308785E-1,-7.932979703E-2,1.773924961E2
2.267520211E2,2.274856592E-2,7.301418227E-4,1.614941051E-3,9.997396469E-1,1.773929815E2,1.869142724E-1,-7.943651393E-2,1.773928478E2
2.267570211E2,2.275326263E-2,7.265744498E-4,1.624154742E-3,9.997395277E-1,1.773924431E2,1.879608828E-1,-7.900292688E-2,1.773923094E2
2.267620211E2,2.274288868E-2,7.347108913E-4,1.619027695E-3,9.997397661E-1,1.773936322E2,1.873939055E-1,-7.995036508E-2,1.773934973E2
2.267670211E2,2.275352424E-2,7.278089179E-4,1.619931660E-3,9.997395277E-1,1.773924132E2,1.874803174E-1,-7.915531221E-2,1.773922795E2
2.267720211E2,2.276122328E-2,7.213021745E-4,1.625029952E-3,9.997393489E-1,1.773915307E2,1.880480244E-1,-7.839514629E-2,1.773913979E2
2.267770211E2,2.275877221E-2,7.244022563E-4,1.621306525E-3,9.997394085E-1,1.773918116E2,1.876293546E-1,-7.876046918E-2,1.773916785E2
2.267820211E2,2.275085045E-2,7.291783695E-4,1.620084513E-3,9.997395873E-1,1.773927196E2,1.875011877E-1,-7.931230190E-2,1.773925857E2
2.267870211E2,2.275365113E-2,7.264915039E-4,1.618740149E-3,9.997395277E-1,1.773923986E2,1.873403900E-1,-7.900747003E-2,1.773922653E2
2.267920211E2,2.275874328E-2,7.237155223E-4,1.622019103E-3,9.997394085E-1,1.773918149E2,1.877091955E-1,-7.867994269E-2,1.773916819E2
2.267970211E2,2.275619806E-2,7.262470899E-4,1.619858900E-3,9.997394681E-1,1.773921067E2,1.874681203E-1,-7.897607479E-2,1.773919734E2
2.268020211E2,2.275893967E-2,7.241974236E-4,1.619045739E-3,9.997394085E-1,1.773917924E2,1.873698331E-1,-7.874286815E-2,1.773916596E2
2.268070211E2,2.276426189E-2,7.196946535E-4,1.619840274E-3,9.997392893E-1,1.773911824E2,1.874495282E-1,-7.822395281E-2,1.773910503E2
2.268120211E2,2.275628673E-2,7.259171107E-4,1.618760754E-3,9.997394681E-1,1.773920965E2,1.873414608E-1,-7.894111892E-2,1.773919633E2
2.268170211E2,2.275135825E-2,7.287482149E-4,1.613132074E-3,9.997395873E-1,1.773926614E2,1.867036201E-1,-7.928105415E-2,1.773925282E2
2.268220211E2,2.276191033E-2,7.214600919E-4,1.615307294E-3,9.997393489E-1,1.773914519E2,1.869346421E-1,-7.843846950E-2,1.773913199E2
2.268270211E2,2.277509545E-2,7.130595623E-4,1.617636764E-3,9.997390509E-1,1.773899406E2,1.871806182E-1,-7.746754528E-2,1.773898100E2
2.268320211E2,2.276735856E-2,7.175607025E-4,1.614041976E-3,9.997392297E-1,1.773908274E2,1.867799372E-1,-7.799403132E-2,1.773906962E2
2.268370211E2,2.276200278E-2,7.214448415E-4,1.614010776E-3,9.997393489E-1,1.773914413E2,1.867860778E-1,-7.844008703E-2,1.773913094E2
2.268420211E2,2.276443253E-2,7.196565275E-4,1.617457368E-3,9.997392893E-1,1.773911628E2,1.871764515E-1,-7.822576944E-2,1.773910310E2
2.268470211E2,2.276130609E-2,7.211377379E-4,1.623942633E-3,9.997393489E-1,1.773915212E2,1.879230363E-1,-7.837912872E-2,1.773913885E2
2.268520211E2,2.275341397E-2,7.278217818E-4,1.621473930E-3,9.997395277E-1,1.773924258E2,1.876570280E-1,-7.915278515E-2,1.773922920E2
2.268570211E2,2.275399834E-2,7.270007627E-4,1.613622881E-3,9.997395277E-1,1.773923588E2,1.867555004E-1,-7.907909010E-2,1.773922258E2
2.268620211E2,2.274891633E-2,7.305857725E-4,1.609796076E-3,9.997396469E-1,1.773929413E2,1.863260384E-1,-7.950072089E-2,1.773928080E2
2.268670211E2,2.274593938E-2,7.324445760E-4,1.613995526E-3,9.997397065E-1,1.773932825E2,1.868117454E-1,-7.970327714E-2,1.773931485E2
2.268720211E2,2.275164957E-2,7.296995609E-4,1.608586870E-3,9.997395873E-1,1.773926280E2,1.861854158E-1,-7.940183826E-2,1.773924949E2
2.268770211E2,2.275720929E-2,7.255087839E-4,1.605923404E-3,9.997394681E-1,1.773919908E2,1.858697947E-1,-7.892764621E-2,1.773918587E2
2.268820211E2,2.275134256E-2,7.288776687E-4,1.613294822E-3,9.997395873E-1,1.773926632E2,1.867226013E-1,-7.929546321E-2,1.773925299E2
2.268870211E2,2.275148010E-2,7.295807009E-4,1.611035899E-3,9.997395873E-1,1.773926475E2,1.864656583E-1,-7.938186774E-2,1.773925142E2
2.268920211E2,2.275462147E-2,7.277516997E-4,1.604471472E-3,9.997395277E-1,1.773922874E2,1.857091033E-1,-7.918886580E-2,1.773921550E2
2.268970211E2,2.275752334E-2,7.242310676E-4,1.602045144E-3,9.997394681E-1,1.773919548E2,1.854221853E-1,-7.879132473E-2,1.773918232E2
2.269020211E2,2.276242269E-2,7.221286069E-4,1.607771032E-3,9.997393489E-1,1.773913932E2,1.860730563E-1,-7.853461841E-2,1.773912616E2
2.269070211E2,2.275192015E-2,7.280517602E-4,1.605503494E-3,9.997395873E-1,1.773925970E2,1.858279024E-1,-7.922105225E-2,1.773924645E2
2.269120211E2,2.274678874E-2,7.326293271E-4,1.601896132E-3,9.997397065E-1,1.773931852E2,1.854261623E-1,-7.975582367E-2,1.773930521E2
2.269170211E2,2.274922971E-2,7.311782101E-4,1.605091617E-3,9.997396469E-1,1.773929054E2,1.857886551E-1,-7.958079775E-2,1.773927723E2
2.269220211E2,2.275680113E-2,7.256846293E-4,1.611617859E-3,9.997394681E-1,1.773920375E2,1.865225900E-1,-7.893301682E-2,1.773919050E2
2.269270211E2,2.275691561E-2,7.254775264E-4,1.610093750E-3,9.997394681E-1,1.773920244E2,1.863474537E-1,-7.891324410E-2,1.773918920E2
2.269320211E2,2.275413942E-2,7.262589643E-4,1.611966756E-3,9.997395277E-1,1.773923426E2,1.865638479E-1,-7.899840048E-2,1.773922099E2
2.269370211E2,2.274895775E-2,7.313609822E-4,1.608858467E-3,9.997396469E-1,1.773929366E2,1.862206484E-1,-7.959196689E-2,1.773928032E2
2.269420211E2,2.274674343E-2,7.323409081E-4,1.602671226E-3,9.997397065E-1,1.773931904E2,1.855142032E-1,-7.972076983E-2,1.773930573E2
2.269470211E2,2.274411732E-2,7.347437786E-4,1.601660158E-3,9.997397661E-1,1.773934914E2,1.854044273E-1,-7.999916954E-2,1.773933579E2
2.269520211E2,2.274718236E-2,7.316965493E-4,1.596724615E-3,9.997397065E-1,1.773931401E2,1.848313018E-1,-7.966237095E-2,1.773930075E2
2.269570211E2,2.274948118E-2,7.299920544E-4,1.602064469E-3,9.997396469E-1,1.773928766E2,1.854387860E-1,-7.945275479E-2,1.773927440E2
2.269620211E2,2.274696452E-2,7.318007411E-4,1.599777373E-3,9.997397065E-1,1.773931650E2,1.851812867E-1,-7.966638984E-2,1.773930323E2
2.269670211E2,2.274195598E-2,7.361464086E-4,1.594485715E-3,9.997398257E-1,1.773937391E2,1.845859905E-1,-8.017895602E-2,1.773936059E2
2.269720211E2,2.274468692E-2,7.342643803E-4,1.593771973E-3,9.997397661E-1,1.773934261E2,1.844995357E-1,-7.996470363E-2,1.773932933E2
2.269770211E2,2.274711927E-2,7.313967217E-4,1.597760478E-3,9.997397065E-1,1.773931473E2,1.849491859E-1,-7.962533357E-2,1.773930148E2
2.269820211E2,2.274740000E-2,7.316558040E-4,1.593639725E-3,9.997397065E-1,1.773931151E2,1.844778014E-1,-7.966570453E-2,1.773929829E2
2.269870211E2,2.275290093E-2,7.279561833E-4,1.591587323E-3,9.997395873E-1,1.773924846E2,1.842334648E-1,-7.924620587E-2,1.773923532E2
2.269920211E2,2.275527985E-2,7.265388849E-4,1.595659647E-3,9.997395277E-1,1.773922119E2,1.846964912E-1,-7.907277989E-2,1.773920805E2
2.269970211E2,2.275266723E-2,7.278061239E-4,1.594993286E-3,9.997395873E-1,1.773925114E2,1.846232493E-1,-7.922017716E-2,1.773923797E2
2.270020211E2,2.275326781E-2,7.286180044E-4,1.586030005E-3,9.997395873E-1,1.773924425E2,1.835985616E-1,-7.933644818E-2,1.773923115E2
2.270070211E2,2.275063507E-2,7.309064385E-4,1.585172839E-3,9.997396469E-1,1.773927443E2,1.835061208E-1,-7.960133353E-2,1.773926129E2
2.270120211E2,2.275544514E-2,7.264189189E-4,1.593355439E-3,9.997395277E-1,1.773921930E2,1.844322164E-1,-7.906501456E-2,1.773920617E2
2.270170211E2,2.275028388E-2,7.295823889E-4,1.590812928E-3,9.997396469E-1,1.773927846E2,1.841487812E-1,-7.943500808E-2,1.773926529E2
2.270220211E2,2.273966555E-2,7.368061924E-4,1.589467633E-3,9.997398853E-1,1.773940016E2,1.840126440E-1,-8.026804161E-2,1.773938688E2
2.270270211E2,2.274480501E-2,7.346320199E-4,1.591916312E-3,9.997397661E-1,1.773934126E2,1.842879151E-1,-8.001163606E-2,1.773932799E2
2.270320211E2,2.275230770E-2,7.290694048E-4,1.599538489E-3,9.997395873E-1,1.773925526E2,1.851472231E-1,-7.935311627E-2,1.773924203E2
2.270370211E2,2.274689781E-2,7.323807222E-4,1.600460266E-3,9.997397065E-1,1.773931727E2,1.852610270E-1,-7.973106575E-2,1.773930397E2
2.270420211E2,2.273648845E-2,7.389160455E-4,1.596432761E-3,9.997399449E-1,1.773943658E2,1.848158270E-1,-8.049218700E-2,1.773942320E2
2.270470211E2,2.274176381E-2,7.364116027E-4,1.597102033E-3,9.997398257E-1,1.773937611E2,1.848863973E-1,-8.020255409E-2,1.773936277E2
2.270520211E2,2.274958405E-2,7.303753518E-4,1.600428252E-3,9.997396469E-1,1.773928648E2,1.852523450E-1,-7.950091264E-2,1.773927322E2
2.270570211E2,2.274400695E-2,7.349736406E-4,1.603121404E-3,9.997397661E-1,1.773935040E2,1.855724210E-1,-8.002171481E-2,1.773933704E2
2.270620211E2,2.274196321E-2,7.359341253E-4,1.594480593E-3,9.997398257E-1,1.773937383E2,1.845848510E-1,-8.015464847E-2,1.773936052E2
2.270670211E2,2.274451677E-2,7.338459836E-4,1.596390735E-3,9.997397661E-1,1.773934456E2,1.847984425E-1,-7.990997704E-2,1.773933127E2
2.270720211E2,2.274143405E-2,7.369127707E-4,1.601560158E-3,9.997398257E-1,1.773937989E2,1.853984094E-1,-8.024841139E-2,1.773936651E2
2.270770211E2,2.274128756E-2,7.359613664E-4,1.604075776E-3,9.997398257E-1,1.773938157E2,1.856841127E-1,-8.013288804E-2,1.773936818E2
2.270820211E2,2.274153050E-2,7.352625253E-4,1.600948977E-3,9.997398257E-1,1.773937879E2,1.853240979E-1,-8.006093125E-2,1.773936544E2
2.270870211E2,2.274397573E-2,7.347118226E-4,1.603684272E-3,9.997397661E-1,1.773935076E2,1.856362194E-1,-7.999025920E-2,1.773933740E2
2.270920211E2,2.273560960E-2,7.397269364E-4,1.608527848E-3,9.997399449E-1,1.773944665E2,1.862035085E-1,-8.055373349E-2,1.773943316E2
2.270970211E2,2.273290857E-2,7.419834146E-4,1.608617953E-3,9.997400045E-1,1.773947761E2,1.862194926E-1,-8.081250807E-2,1.773946407E2
2.271020211E2,2.274354572E-2,7.349618245E-4,1.609656960E-3,9.997397661E-1,1.773935569E2,1.863210806E-1,-8.000341276E-2,1.773934227E2
2.271070211E2,2.274361347E-2,7.339784061E-4,1.609148458E-3,9.997397661E-1,1.773935491E2,1.862602675E-1,-7.989206330E-2,1.773934152E2
2.271120211E2,2.274361005E-2,7.353214314E-4,1.608583494E-3,9.997397661E-1,1.773935495E2,1.861990446E-1,-8.004739582E-2,1.773934154E2
2.271170211E2,2.273853688E-2,7.378088194E-4,1.605072757E-3,9.997398853E-1,1.773941310E2,1.858029230E-1,-8.034244855E-2,1.773939967E2
2.271220211E2,2.274392561E-2,7.345487247E-4,1.604469609E-3,9.997397661E-1,1.773935134E2,1.857257602E-1,-7.996953682E-2,1.773933797E2
2.271270211E2,2.274371029E-2,7.336853887E-4,1.607913058E-3,9.997397661E-1,1.773935380E2,1.861179815E-1,-7.986169658E-2,1.773934043E2
2.271320211E2,2.274667105E-2,7.318444550E-4,1.603924786E-3,9.997397065E-1,1.773931987E2,1.856565137E-1,-7.966064103E-2,1.773930656E2
2.271370211E2,2.274698371E-2,7.323069731E-4,1.599272713E-3,9.997397065E-1,1.773931628E2,1.851247930E-1,-7.972569665E-2,1.773930300E2
2.271420211E2,2.274914381E-2,7.313441602E-4,1.606233069E-3,9.997396469E-1,1.773929152E2,1.859198481E-1,-7.959684948E-2,1.773927820E2
2.271470211E2,2.275438537E-2,7.274770178E-4,1.607940649E-3,9.997395277E-1,1.773923144E2,1.861058045E-1,-7.914839540E-2,1.773921818E2
2.271520211E2,2.275402180E-2,7.274360396E-4,1.613095868E-3,9.997395277E-1,1.773923561E2,1.866962617E-1,-7.913032602E-2,1.773922231E2
2.271570211E2,2.275131673E-2,7.281281287E-4,1.613997389E-3,9.997395873E-1,1.773926662E2,1.868011323E-1,-7.920776764E-2,1.773925330E2
2.271620211E2,2.275136373E-2,7.289603818E-4,1.612958964E-3,9.997395873E-1,1.773926608E2,1.866843420E-1,-7.930581068E-2,1.773925275E2
2.271670211E2,2.274602176E-2,7.322210004E-4,1.612935564E-3,9.997397065E-1,1.773932731E2,1.866897377E-1,-7.968041146E-2,1.773931392E2
2.271720211E2,2.273554735E-2,7.396130823E-4,1.609459752E-3,9.997399449E-1,1.773944737E2,1.863099678E-1,-8.053827372E-2,1.773943386E2
2.271770211E2,2.274603360E-2,7.326423074E-4,1.612577238E-3,9.997397065E-1,1.773932717E2,1.866497863E-1,-7.972960897E-2,1.773931378E2
2.271820211E2,2.275092948E-2,7.283086306E-4,1.619365765E-3,9.997395873E-1,1.773927106E2,1.874165849E-1,-7.921452218E-2,1.773925769E2
2.271870211E2,2.274020442E-2,7.370775566E-4,1.618850743E-3,9.997398257E-1,1.773939399E2,1.873795870E-1,-8.022245878E-2,1.773938046E2
2.271920211E2,2.274017348E-2,7.360454765E-4,1.619754708E-3,9.997398257E-1,1.773939434E2,1.874804548E-1,-8.010187193E-2,1.773938083E2
2.271970211E2,2.275080555E-2,7.292512455E-4,1.620682189E-3,9.997395873E-1,1.773927248E2,1.875698453E-1,-7.931910087E-2,1.773925908E2
2.272020211E2,2.275047883E-2,7.286564796E-4,1.625528792E-3,9.997395873E-1,1.773927622E2,1.881235057E-1,-7.923838892E-2,1.773926280E2
2.272070211E2,2.275063886E-2,7.300101570E-4,1.622679178E-3,9.997395873E-1,1.773927439E2,1.878005901E-1,-7.940086790E-2,1.773926096E2
2.272120211E2,2.274835405E-2,7.310738438E-4,1.617501839E-3,9.997396469E-1,1.773930058E2,1.872100549E-1,-7.953665179E-2,1.773928717E2
2.272170211E2,2.274801557E-2,7.315689581E-4,1.622031908E-3,9.997396469E-1,1.773930446E2,1.877302932E-1,-7.958162705E-2,1.773929101E2
2.272220211E2,2.274248820E-2,7.339515141E-4,1.624986762E-3,9.997397661E-1,1.773936781E2,1.880745777E-1,-7.984791380E-2,1.773935429E2
2.272270211E2,2.274773773E-2,7.311507943E-4,1.626111800E-3,9.997396469E-1,1.773930764E2,1.881965820E-1,-7.952313802E-2,1.773929417E2
2.272320211E2,2.275068195E-2,7.288383204E-4,1.622601878E-3,9.997395873E-1,1.773927389E2,1.877886824E-1,-7.926681367E-2,1.773926049E2
2.272370211E2,2.275038137E-2,7.292144001E-4,1.626642304E-3,9.997395873E-1,1.773927734E2,1.882525190E-1,-7.929942052E-2,1.773926390E2
2.272420211E2,2.274767591E-2,7.312129019E-4,1.626948477E-3,9.997396469E-1,1.773930835E2,1.882925905E-1,-7.952808374E-2,1.773929487E2
2.272470211E2,2.274230482E-2,7.340623997E-4,1.627501333E-3,9.997397661E-1,1.773936991E2,1.883629268E-1,-7.985409804E-2,1.773935637E2
2.272520211E2,2.275021888E-2,7.286717300E-4,1.629156177E-3,9.997395873E-1,1.773927920E2,1.885390858E-1,-7.923072791E-2,1.773926575E2
2.272570211E2,2.275844423E-2,7.235211087E-4,1.626296202E-3,9.997394085E-1,1.773918492E2,1.881986583E-1,-7.864657154E-2,1.773917159E2
2.272620211E2,2.275563909E-2,7.265480817E-4,1.627558027E-3,9.997394681E-1,1.773921707E2,1.883508895E-1,-7.899058442E-2,1.773920368E2
2.272670211E2,2.275044344E-2,7.290832582E-4,1.625832752E-3,9.997395873E-1,1.773927663E2,1.881594380E-1,-7.928649561E-2,1.773926319E2
2.272720211E2,2.274692229E-2,7.319985307E-4,1.637100358E-3,9.997396469E-1,1.773931699E2,1.894576000E-1,-7.959176534E-2,1.773930341E2
2.272770211E2,2.275230452E-2,7.280804566E-4,1.636852860E-3,9.997395277E-1,1.773925530E2,1.894194576E-1,-7.914252923E-2,1.773924179E2
2.272820211E2,2.274713833E-2,7.307458436E-4,1.634656335E-3,9.997396469E-1,1.773931451E2,1.891743588E-1,-7.945458536E-2,1.773930098E2
2.272870211E2,2.275278137E-2,7.280740538E-4,1.630213927E-3,9.997395277E-1,1.773924983E2,1.886589084E-1,-7.915901582E-2,1.773923638E2
2.272920211E2,2.275558781E-2,7.257702528E-4,1.628621714E-3,9.997394681E-1,1.773921766E2,1.884707150E-1,-7.889871081E-2,1.773920427E2
2.272970211E2,2.276062957E-2,7.218082901E-4,1.633100910E-3,9.997393489E-1,1.773915987E2,1.889739239E-1,-7.843218786E-2,1.773914652E2
2.273020211E2,2.275537914E-2,7.260036655E-4,1.631430816E-3,9.997394681E-1,1.773922005E2,1.887931239E-1,-7.891816499E-2,1.773920664E2
2.273070211E2,2.275833074E-2,7.237846730E-4,1.627766527E-3,9.997394085E-1,1.773918622E2,1.883677805E-1,-7.867295261E-2,1.773917288E2
2.273120211E2,2.277163597E-2,7.154516061E-4,1.628410653E-3,9.997391105E-1,1.773903372E2,1.884208720E-1,-7.771411438E-2,1.773902052E2
2.273170211E2,2.276614713E-2,7.178185624E-4,1.630926738E-3,9.997392297E-1,1.773909663E2,1.887148690E-1,-7.797974713E-2,1.773908337E2
2.273220211E2,2.276586720E-2,7.184612914E-4,1.634547254E-3,9.997392297E-1,1.773909984E2,1.891312981E-1,-7.804398650E-2,1.773908654E2
2.273270211E2,2.277130253E-2,7.141865790E-4,1.633620355E-3,9.997391105E-1,1.773903754E2,1.890143789E-1,-7.755565865E-2,1.773902433E2
2.273320211E2,2.277144632E-2,7.143730181E-4,1.631533261E-3,9.997391105E-1,1.773903589E2,1.887757748E-1,-7.758243663E-2,1.773902270E2
2.273370211E2,2.276092519E-2,7.215709775E-4,1.629080740E-3,9.997393489E-1,1.773915648E2,1.885127689E-1,-7.841543104E-2,1.773914317E2
2.273420211E2,2.275858064E-2,7.230605115E-4,1.624591183E-3,9.997394085E-1,1.773918336E2,1.880021371E-1,-7.859822586E-2,1.773917005E2
2.273470211E2,2.276615330E-2,7.191898185E-4,1.630236278E-3,9.997392297E-1,1.773909656E2,1.886393470E-1,-7.813864080E-2,1.773908328E2
2.273520211E2,2.276588619E-2,7.192994817E-4,1.633913955E-3,9.997392297E-1,1.773909962E2,1.890609345E-1,-7.814165966E-2,1.773908631E2
2.273570211E2,2.276325370E-2,7.208113093E-4,1.633454696E-3,9.997392893E-1,1.773912979E2,1.890120593E-1,-7.831655310E-2,1.773911646E2
2.273620211E2,2.276594320E-2,7.192246849E-4,1.633152366E-3,9.997392297E-1,1.773909897E2,1.889734946E-1,-7.813506695E-2,1.773908567E2
2.273670211E2,2.275535955E-2,7.254851516E-4,1.631934661E-3,9.997394681E-1,1.773922028E2,1.888494917E-1,-7.885745295E-2,1.773920687E2
2.273720211E2,2.275226163E-2,7.279929705E-4,1.637487789E-3,9.997395277E-1,1.773925579E2,1.894919649E-1,-7.913085931E-2,1.773924228E2
2.273770211E2,2.276096183E-2,7.227926399E-4,1.628026948E-3,9.997393489E-1,1.773915606E2,1.883952341E-1,-7.855812855E-2,1.773914274E2
2.273820211E2,2.276385212E-2,7.195197977E-4,1.625666162E-3,9.997392893E-1,1.773912294E2,1.881164659E-1,-7.818879997E-2,1.773910969E2
2.273870211E2,2.277145303E-2,7.144348347E-4,1.631412539E-3,9.997391105E-1,1.773903581E2,1.887621064E-1,-7.758983221E-2,1.773902262E2
2.273920211E2,2.276575778E-2,7.194449427E-4,1.635638182E-3,9.997392297E-1,1.773910109E2,1.892588351E-1,-7.815384986E-2,1.773908777E2
2.273970211E2,2.276358565E-2,7.202067645E-4,1.629089587E-3,9.997392893E-1,1.773912599E2,1.885104321E-1,-7.825861970E-2,1.773911270E2
2.274020211E2,2.276912793E-2,7.165702409E-4,1.626394573E-3,9.997391701E-1,1.773906246E2,1.881926298E-1,-7.784800033E-2,1.773904927E2
2.274070211E2,2.277434959E-2,7.126242272E-4,1.628294471E-3,9.997390509E-1,1.773900261E2,1.884003929E-1,-7.738999682E-2,1.773898948E2
2.274120211E2,2.277440374E-2,7.133853505E-4,1.627203310E-3,9.997390509E-1,1.773900199E2,1.882773781E-1,-7.748003002E-2,1.773898885E2
2.274170211E2,2.276639353E-2,7.190436008E-4,1.626942656E-3,9.997392297E-1,1.773909381E2,1.882616600E-1,-7.813043749E-2,1.773908056E2
2.274220211E2,2.277181967E-2,7.141490350E-4,1.626412384E-3,9.997391105E-1,1.773903161E2,1.881885609E-1,-7.757006966E-2,1.773901846E2
2.274270211E2,2.277471726E-2,7.118137437E-4,1.623499324E-3,9.997390509E-1,1.773899840E2,1.878489640E-1,-7.730959215E-2,1.773898531E2
2.274320211E2,2.277201809E-2,7.154391496E-4,1.623063814E-3,9.997391105E-1,1.773902934E2,1.878083242E-1,-7.772656853E-2,1.773901619E2
2.274370211E2,2.276966422E-2,7.155580679E-4,1.619316754E-3,9.997391701E-1,1.773905632E2,1.873791805E-1,-7.775041158E-2,1.773904319E2
2.274420211E2,2.277740054E-2,7.110203733E-4,1.622907352E-3,9.997389913E-1,1.773896764E2,1.877792828E-1,-7.721974329E-2,1.773895458E2
2.274470211E2,2.277432573E-2,7.136400091E-4,1.628183178E-3,9.997390509E-1,1.773900289E2,1.883902925E-1,-7.750666148E-2,1.773898973E2
2.274520211E2,2.277174888E-2,7.147167926E-4,1.627153950E-3,9.997391105E-1,1.773903242E2,1.882749925E-1,-7.763319108E-2,1.773901925E2
2.274570211E2,2.277740902E-2,7.108441205E-4,1.622865442E-3,9.997389913E-1,1.773896754E2,1.877740222E-1,-7.719965927E-2,1.773895448E2
2.274620211E2,2.278753829E-2,7.046124083E-4,1.630241051E-3,9.997387528E-1,1.773885144E2,1.886034940E-1,-7.646458079E-2,1.773883844E2
2.274670211E2,2.278206074E-2,7.073588786E-4,1.632501604E-3,9.997388721E-1,1.773891423E2,1.888692197E-1,-7.677435262E-2,1.773890116E2
2.274720211E2,2.277949502E-2,7.096990594E-4,1.630786690E-3,9.997389317E-1,1.773894363E2,1.886786682E-1,-7.704740913E-2,1.773893054E2
2.274770211E2,2.278804360E-2,7.033396978E-4,1.623714343E-3,9.997387528E-1,1.773884565E2,1.878524958E-1,-7.633572581E-2,1.773883273E2
2.274820211E2,2.278788937E-2,7.040612400E-4,1.625565113E-3,9.997387528E-1,1.773884742E2,1.880663965E-1,-7.641358270E-2,1.773883447E2
2.274870211E2,2.278792542E-2,7.027272368E-4,1.625636942E-3,9.997387528E-1,1.773884700E2,1.880711440E-1,-7.626056271E-2,1.773883408E2
2.274920211E2,2.279350914E-2,6.999946199E-4,1.621841802E-3,9.997386336E-1,1.773878300E2,1.876296526E-1,-7.595637240E-2,1.773877016E2
2.274970211E2,2.278791364E-2,7.035168237E-4,1.625460573E-3,9.997387528E-1,1.773884714E2,1.880530001E-1,-7.635148190E-2,1.773883420E2
2.275020211E2,2.277651163E-2,7.119645597E-4,1.634924440E-3,9.997389913E-1,1.773897783E2,1.891583812E-1,-7.729671168E-2,1.773896466E2
2.275070211E2,2.277419023E-2,7.135084015E-4,1.630134997E-3,9.997390509E-1,1.773900444E2,1.886135429E-1,-7.748651585E-2,1.773899127E2
2.275120211E2,2.276899881E-2,7.163045811E-4,1.628318103E-3,9.997391701E-1,1.773906394E2,1.884122901E-1,-7.781257118E-2,1.773905074E2
2.275170211E2,2.276623759E-2,7.181914407E-4,1.629499253E-3,9.997392297E-1,1.773909559E2,1.885523134E-1,-7.802617188E-2,1.773908234E2
2.275220211E2,2.276079918E-2,7.213443751E-4,1.630940591E-3,9.997393489E-1,1.773915793E2,1.887252364E-1,-7.838464372E-2,1.773914460E2
2.275270211E2,2.275576262E-2,7.252249052E-4,1.626420650E-3,9.997394681E-1,1.773921566E2,1.882171479E-1,-7.884194172E-2,1.773920229E2
2.275320211E2,2.275284483E-2,7.277241093E-4,1.629484352E-3,9.997395277E-1,1.773924910E2,1.885744192E-1,-7.912081590E-2,1.773923567E2
2.275370211E2,2.276075587E-2,7.223251159E-4,1.631110907E-3,9.997393489E-1,1.773915843E2,1.887473031E-1,-7.849656304E-2,1.773914508E2
2.275420211E2,2.276043708E-2,7.229137118E-4,1.635293243E-3,9.997393489E-1,1.773916208E2,1.892279507E-1,-7.855314503E-2,1.773914869E2
2.275470211E2,2.275237697E-2,7.282495499E-4,1.635770197E-3,9.997395277E-1,1.773925447E2,1.892958721E-1,-7.916471003E-2,1.773924097E2
2.275520211E2,2.274444634E-2,7.324449834E-4,1.634900575E-3,9.997397065E-1,1.773934537E2,1.892065547E-1,-7.964911463E-2,1.773933180E2
2.275570211E2,2.275224455E-2,7.283981540E-4,1.637544949E-3,9.997395277E-1,1.773925598E2,1.894995685E-1,-7.917713205E-2,1.773924247E2
2.275620211E2,2.274408246E-2,7.326655905E-4,1.639856375E-3,9.997397065E-1,1.773934954E2,1.897748479E-1,-7.966153973E-2,1.773933592E2
2.275670211E2,2.274711123E-2,7.311887457E-4,1.634835382E-3,9.997396469E-1,1.773931482E2,1.891960233E-1,-7.950486340E-2,1.773930128E2
2.275720211E2,2.274972651E-2,7.297703414E-4,1.635527471E-3,9.997395873E-1,1.773928484E2,1.892718202E-1,-7.934006925E-2,1.773927132E2
2.275770211E2,2.274161020E-2,7.344966289E-4,1.636984060E-3,9.997397661E-1,1.773937788E2,1.894503647E-1,-7.987926170E-2,1.773936425E2
2.275820211E2,2.273918669E-2,7.360551972E-4,1.633545151E-3,9.997398257E-1,1.773940565E2,1.890602640E-1,-8.006723465E-2,1.773939203E2
2.275870211E2,2.274434828E-2,7.325923070E-4,1.636198256E-3,9.997397065E-1,1.773934649E2,1.893555961E-1,-7.966262850E-2,1.773933291E2
2.275920211E2,2.274414819E-2,7.335895789E-4,1.638531103E-3,9.997397065E-1,1.773934878E2,1.896254356E-1,-7.977083524E-2,1.773933516E2
2.275970211E2,2.273864423E-2,7.369829691E-4,1.640662318E-3,9.997398257E-1,1.773941187E2,1.898779965E-1,-8.015507856E-2,1.773939817E2
2.276020211E2,2.274133464E-2,7.352132816E-4,1.640486764E-3,9.997397661E-1,1.773938103E2,1.898534879E-1,-7.995228652E-2,1.773936737E2
2.276070211E2,2.274141916E-2,7.361028111E-4,1.638915390E-3,9.997397661E-1,1.773938006E2,1.896757931E-1,-8.005827174E-2,1.773936639E2
2.276120211E2,2.273861732E-2,7.368791848E-4,1.641081879E-3,9.997398257E-1,1.773941218E2,1.899257897E-1,-8.014210067E-2,1.773939848E2
2.276170211E2,2.273577542E-2,7.381886826E-4,1.643555122E-3,9.997398853E-1,1.773944475E2,1.902123142E-1,-8.028621502E-2,1.773943100E2
2.276220211E2,2.272774792E-2,7.437628228E-4,1.643300522E-3,9.997400641E-1,1.773953677E2,1.901970216E-1,-8.092698913E-2,1.773952291E2
2.276270211E2,2.273596843E-2,7.392317057E-4,1.640413422E-3,9.997398853E-1,1.773944254E2,1.898551276E-1,-8.041385457E-2,1.773942880E2
2.276320211E2,2.273859645E-2,7.368566585E-4,1.641381183E-3,9.997398257E-1,1.773941242E2,1.899600182E-1,-8.013874405E-2,1.773939871E2
2.276370211E2,2.273049292E-2,7.434982690E-4,1.641714131E-3,9.997400045E-1,1.773950530E2,1.900148141E-1,-8.090029147E-2,1.773949146E2
2.276420211E2,2.272802034E-2,7.448289543E-4,1.639044378E-3,9.997400641E-1,1.773953364E2,1.897122276E-1,-8.106016075E-2,1.773951980E2
2.276470211E2,2.273872050E-2,7.378638838E-4,1.639208640E-3,9.997398257E-1,1.773941100E2,1.897137618E-1,-8.025977125E-2,1.773939729E2
2.276520211E2,2.273319930E-2,7.408153033E-4,1.641750336E-3,9.997399449E-1,1.773947428E2,1.900121905E-1,-8.059231736E-2,1.773946050E2
2.276570211E2,2.272237009E-2,7.474349113E-4,1.643480151E-3,9.997401834E-1,1.773959841E2,1.902267278E-1,-8.134822570E-2,1.773958448E2
2.276620211E2,2.271698600E-2,7.515823236E-4,1.643503201E-3,9.997403026E-1,1.773966012E2,1.902397286E-1,-8.182432538E-2,1.773964611E2
2.276670211E2,2.272760811E-2,7.450279081E-4,1.644660486E-3,9.997400641E-1,1.773953837E2,1.903561060E-1,-8.106840413E-2,1.773952448E2
2.276720211E2,2.272499039E-2,7.468438125E-4,1.643777010E-3,9.997401237E-1,1.773956837E2,1.902594104E-1,-8.127923667E-2,1.773955445E2
2.276770211E2,2.272272468E-2,7.473142468E-4,1.638625283E-3,9.997401834E-1,1.773959434E2,1.896702580E-1,-8.134697664E-2,1.773958046E2
2.276820211E2,2.272530476E-2,7.471515564E-4,1.639284892E-3,9.997401237E-1,1.773956477E2,1.897456105E-1,-8.132613124E-2,1.773955088E2
2.276870211E2,2.272524215E-2,7.456196472E-4,1.640849630E-3,9.997401237E-1,1.773956549E2,1.899208754E-1,-8.114656981E-2,1.773955162E2
2.276920211E2,2.272538452E-2,7.466339739E-4,1.638414804E-3,9.997401237E-1,1.773956386E2,1.896445897E-1,-8.126908686E-2,1.773954998E2
2.276970211E2,2.272271976E-2,7.474981248E-4,1.638609683E-3,9.997401834E-1,1.773959440E2,1.896689494E-1,-8.136808360E-2,1.773958051E2
2.277020211E2,2.272547216E-2,7.463859511E-4,1.637311769E-3,9.997401237E-1,1.773956285E2,1.895175847E-1,-8.124352890E-2,1.773954899E2
2.277070211E2,2.271487343E-2,7.527281996E-4,1.635903027E-3,9.997403622E-1,1.773968434E2,1.893718459E-1,-8.197578490E-2,1.773967037E2
2.277120211E2,2.271233477E-2,7.546191919E-4,1.633852604E-3,9.997404218E-1,1.773971343E2,1.891416590E-1,-8.219823819E-2,1.773969944E2
2.277170211E2,2.270418862E-2,7.608380402E-4,1.634773565E-3,9.997406006E-1,1.773980681E2,1.892626789E-1,-8.290982615E-2,1.773979269E2
2.277220211E2,2.270442219E-2,7.614080678E-4,1.631260500E-3,9.997406006E-1,1.773980413E2,1.888617169E-1,-8.298422595E-2,1.773979003E2
2.277270211E2,2.271219231E-2,7.554895128E-4,1.635430031E-3,9.997404218E-1,1.773971507E2,1.893246264E-1,-8.229386506E-2,1.773970105E2
2.277320211E2,2.270695823E-2,7.593157352E-4,1.633464475E-3,9.997405410E-1,1.773977506E2,1.891089746E-1,-8.273831019E-2,1.773976098E2
2.277370211E2,2.270230315E-2,7.622122066E-4,1.623830642E-3,9.997406602E-1,1.773982842E2,1.880124519E-1,-8.309607973E-2,1.773981436E2
2.277420211E2,2.271049303E-2,7.576856297E-4,1.621516421E-3,9.997404814E-1,1.773973454E2,1.877362284E-1,-8.258198932E-2,1.773972060E2
2.277470211E2,2.271284290E-2,7.556297351E-4,1.626304467E-3,9.997404218E-1,1.773970761E2,1.882796000E-1,-8.233355840E-2,1.773969366E2
2.277520211E2,2.270505845E-2,7.598458906E-4,1.623112825E-3,9.997406006E-1,1.773979684E2,1.879242885E-1,-8.282633966E-2,1.773978283E2
2.277570211E2,2.271322209E-2,7.546799607E-4,1.621442498E-3,9.997404218E-1,1.773970326E2,1.877201607E-1,-8.223733421E-2,1.773968937E2
2.277620211E2,2.272103658E-2,7.489509881E-4,1.624862896E-3,9.997402430E-1,1.773961369E2,1.880977334E-1,-8.157063925E-2,1.773959989E2
2.277670211E2,2.271567569E-2,7.541299565E-4,1.624074881E-3,9.997403622E-1,1.773967514E2,1.880205023E-1,-8.216701146E-2,1.773966124E2
2.277720211E2,2.270806152E-2,7.588182343E-4,1.618287759E-3,9.997405410E-1,1.773976241E2,1.873690924E-1,-8.272060118E-2,1.773974847E2
2.277770211E2,2.271038893E-2,7.570936577E-4,1.623249962E-3,9.997404814E-1,1.773973574E2,1.879332773E-1,-8.250967981E-2,1.773972179E2
2.277820211E2,2.271271641E-2,7.551598246E-4,1.628288068E-3,9.997404218E-1,1.773970906E2,1.885056121E-1,-8.227458543E-2,1.773969511E2
2.277870211E2,2.271256116E-2,7.551524322E-4,1.630455605E-3,9.997404218E-1,1.773971084E2,1.887538979E-1,-8.226812612E-2,1.773969687E2
2.277920211E2,2.271818116E-2,7.519061910E-4,1.626749407E-3,9.997403026E-1,1.773964642E2,1.883213177E-1,-8.190481856E-2,1.773963254E2
2.277970211E2,2.271489804E-2,7.534850738E-4,1.635212800E-3,9.997403622E-1,1.773968405E2,1.892947444E-1,-8.206428587E-2,1.773967007E2
2.278020211E2,2.271751978E-2,7.514669560E-4,1.636161469E-3,9.997403026E-1,1.773965400E2,1.893983867E-1,-8.183012040E-2,1.773964006E2
2.278070211E2,2.271793742E-2,7.513059536E-4,1.630426501E-3,9.997403026E-1,1.773964922E2,1.887409910E-1,-8.182652712E-2,1.773963532E2
2.278120211E2,2.271302123E-2,7.553641335E-4,1.623935532E-3,9.997404218E-1,1.773970557E2,1.880075327E-1,-8.230926302E-2,1.773969164E2
2.278170211E2,2.271527036E-2,7.531418232E-4,1.630191226E-3,9.997403622E-1,1.773967979E2,1.887185986E-1,-8.203796372E-2,1.773966585E2
2.278220211E2,2.271754693E-2,7.509721327E-4,1.636011642E-3,9.997403026E-1,1.773965369E2,1.893799361E-1,-8.177381744E-2,1.773963975E2
2.278270211E2,2.271763561E-2,7.510638679E-4,1.634737710E-3,9.997403026E-1,1.773965267E2,1.892342377E-1,-8.178762655E-2,1.773963875E2
2.278320211E2,2.272048238E-2,7.502004155E-4,1.632020227E-3,9.997402430E-1,1.773962004E2,1.889209013E-1,-8.169524456E-2,1.773960616E2
2.278370211E2,2.272810706E-2,7.438563625E-4,1.638283371E-3,9.997400641E-1,1.773953265E2,1.896225185E-1,-8.095070451E-2,1.773951883E2
2.278420211E2,2.272825972E-2,7.447541575E-4,1.635755645E-3,9.997400641E-1,1.773953090E2,1.893352877E-1,-8.106011232E-2,1.773951709E2
2.278470211E2,2.272621072E-2,7.456619642E-4,1.627360238E-3,9.997401237E-1,1.773955439E2,1.883756897E-1,-8.118636514E-2,1.773954062E2
2.278520211E2,2.273138436E-2,7.418611203E-4,1.630070736E-3,9.997400045E-1,1.773949508E2,1.886767283E-1,-8.074289797E-2,1.773948137E2
2.278570211E2,2.273666946E-2,7.383096963E-4,1.631085761E-3,9.997398853E-1,1.773943451E2,1.887841842E-1,-8.033239828E-2,1.773942085E2
2.278620211E2,2.273932574E-2,7.367189392E-4,1.631308813E-3,9.997398257E-1,1.773940406E2,1.888058052E-1,-8.014907545E-2,1.773939044E2
2.278670211E2,2.272861787E-2,7.442460046E-4,1.631003572E-3,9.997400641E-1,1.773952679E2,1.887895851E-1,-8.101420706E-2,1.773951303E2
2.278720211E2,2.272812652E-2,7.444301154E-4,1.637752634E-3,9.997400641E-1,1.773953243E2,1.895632122E-1,-8.101781336E-2,1.773951860E2
2.278770211E2,2.272777598E-2,7.453748258E-4,1.642181654E-3,9.997400641E-1,1.773953644E2,1.900730429E-1,-8.111457194E-2,1.773952257E2
2.278820211E2,2.272292505E-2,7.474824088E-4,1.635767636E-3,9.997401834E-1,1.773959205E2,1.893433339E-1,-8.137364488E-2,1.773957818E2
2.278870211E2,2.273086820E-2,7.426308584E-4,1.636903617E-3,9.997400045E-1,1.773950100E2,1.894614817E-1,-8.081337896E-2,1.773948722E2
2.278920211E2,2.273867638E-2,7.370188832E-4,1.640200499E-3,9.997398257E-1,1.773941150E2,1.898251856E-1,-8.016039025E-2,1.773939780E2
2.278970211E2,2.273572030E-2,7.391948020E-4,1.643865369E-3,9.997398853E-1,1.773944539E2,1.902504740E-1,-8.040068002E-2,1.773943161E2
2.279020211E2,2.272537285E-2,7.461546338E-4,1.638794900E-3,9.997401237E-1,1.773956399E2,1.896868849E-1,-8.121318511E-2,1.773955012E2
2.279070211E2,2.272817530E-2,7.452559075E-4,1.636699773E-3,9.997400641E-1,1.773953187E2,1.894447492E-1,-8.111515063E-2,1.773951804E2
2.279120211E2,2.273612428E-2,7.385902572E-4,1.638541115E-3,9.997398853E-1,1.773944076E2,1.896389730E-1,-8.034521780E-2,1.773942704E2
2.279170211E2,2.273072187E-2,7.423961652E-4,1.639040769E-3,9.997400045E-1,1.773950268E2,1.897056953E-1,-8.078095275E-2,1.773948888E2
2.279220211E2,2.272591912E-2,7.466053939E-4,1.630995772E-3,9.997401237E-1,1.773955773E2,1.887946181E-1,-8.128503296E-2,1.773954392E2
2.279270211E2,2.272870458E-2,7.450905978E-4,1.629408915E-3,9.997400641E-1,1.773952580E2,1.886091048E-1,-8.111510236E-2,1.773951203E2
2.279320211E2,2.272566329E-2,7.461832138E-4,1.634749351E-3,9.997401237E-1,1.773956066E2,1.892235160E-1,-8.122694005E-2,1.773954683E2
2.279370211E2,2.273112761E-2,7.430022815E-4,1.633128501E-3,9.997400045E-1,1.773949803E2,1.890299848E-1,-8.086571464E-2,1.773948427E2
2.279420211E2,2.273670926E-2,7.390118553E-4,1.630212762E-3,9.997398853E-1,1.773943405E2,1.886860045E-1,-8.041510603E-2,1.773942039E2
2.279470211E2,2.274184793E-2,7.355855778E-4,1.633187989E-3,9.997397661E-1,1.773937515E2,1.890183359E-1,-8.001386177E-2,1.773936153E2
2.279520211E2,2.274131388E-2,7.360693999E-4,1.640390605E-3,9.997397661E-1,1.773938127E2,1.898447014E-1,-8.005061950E-2,1.773936759E2
2.279570211E2,2.274693293E-2,7.321722223E-4,1.636874862E-3,9.997396469E-1,1.773931687E2,1.894322203E-1,-7.961224956E-2,1.773930329E2
2.279620211E2,2.275225529E-2,7.278072881E-4,1.637658454E-3,9.997395277E-1,1.773925586E2,1.895110319E-1,-7.910914342E-2,1.773924236E2
2.279670211E2,2.275714773E-2,7.239819970E-4,1.644136035E-3,9.997394085E-1,1.773919978E2,1.902435274E-1,-7.865309100E-2,1.773918630E2
2.279720211E2,2.275152360E-2,7.275852258E-4,1.647890545E-3,9.997395277E-1,1.773926425E2,1.906826052E-1,-7.905716443E-2,1.773925067E2
2.279770211E2,2.275154760E-2,7.274638047E-4,1.647612778E-3,9.997395277E-1,1.773926397E2,1.906504689E-1,-7.904397385E-2,1.773925040E2
2.279820211E2,2.274925582E-2,7.296500844E-4,1.642115065E-3,9.997395873E-1,1.773929024E2,1.900261582E-1,-7.930920756E-2,1.773927667E2
2.279870211E2,2.275711619E-2,7.235661033E-4,1.644755481E-3,9.997394085E-1,1.773920014E2,1.903134053E-1,-7.860383602E-2,1.773918667E2
2.279920211E2,2.275465678E-2,7.265171153E-4,1.641248120E-3,9.997394681E-1,1.773922833E2,1.899190971E-1,-7.895152321E-2,1.773921483E2
2.279970211E2,2.274419506E-2,7.337182760E-4,1.637822716E-3,9.997397065E-1,1.773934825E2,1.895446205E-1,-7.978741648E-2,1.773933463E2
2.280020211E2,2.274683923E-2,7.318312419E-4,1.638328773E-3,9.997396469E-1,1.773931794E2,1.895978870E-1,-7.956941403E-2,1.773930435E2
2.280070211E2,2.275208546E-2,7.270784699E-4,1.640339498E-3,9.997395277E-1,1.773925781E2,1.898162642E-1,-7.901869054E-2,1.773924430E2
2.280120211E2,2.275495389E-2,7.253418444E-4,1.637644717E-3,9.997394681E-1,1.773922493E2,1.895032420E-1,-7.882622214E-2,1.773921147E2
2.280170211E2,2.275218147E-2,7.279660786E-4,1.638613176E-3,9.997395277E-1,1.773925671E2,1.896208151E-1,-7.912485944E-2,1.773924319E2
2.280220211E2,2.275742739E-2,7.250244962E-4,1.639800030E-3,9.997394085E-1,1.773919658E2,1.897495266E-1,-7.878377638E-2,1.773918311E2
2.280270211E2,2.274992385E-2,7.287288317E-4,1.633245382E-3,9.997395873E-1,1.773928258E2,1.890076793E-1,-7.922666431E-2,1.773926910E2
2.280320211E2,2.274464096E-2,7.340999437E-4,1.631447114E-3,9.997397065E-1,1.773934314E2,1.888152484E-1,-7.984767437E-2,1.773932956E2
2.280370211E2,2.274496194E-2,7.325097686E-4,1.627682592E-3,9.997397065E-1,1.773933946E2,1.883798570E-1,-7.967525276E-2,1.773932594E2
2.280420211E2,2.275290774E-2,7.278277772E-4,1.628559316E-3,9.997395277E-1,1.773924838E2,1.884687204E-1,-7.913509237E-2,1.773923495E2
2.280470211E2,2.275586864E-2,7.258083206E-4,1.624676166E-3,9.997394681E-1,1.773921444E2,1.880188261E-1,-7.891330806E-2,1.773920108E2
2.280520211E2,2.275353280E-2,7.268693298E-4,1.620233175E-3,9.997395277E-1,1.773924122E2,1.875124102E-1,-7.904688354E-2,1.773922787E2
2.280570211E2,2.276430067E-2,7.196154329E-4,1.619330375E-3,9.997392893E-1,1.773911779E2,1.873909094E-1,-7.821620008E-2,1.773910459E2
2.280620211E2,2.276142516E-2,7.214485668E-4,1.622134703E-3,9.997393489E-1,1.773915075E2,1.877167363E-1,-7.841943125E-2,1.773913750E2
2.280670211E2,2.275057614E-2,7.297835546E-4,1.623660210E-3,9.997395873E-1,1.773927511E2,1.879123834E-1,-7.937236200E-2,1.773926168E2
2.280720211E2,2.275373684E-2,7.273040828E-4,1.617169823E-3,9.997395277E-1,1.773923888E2,1.871626159E-1,-7.910463911E-2,1.773922555E2
2.280770211E2,2.276402990E-2,7.201549597E-4,1.622893149E-3,9.997392893E-1,1.773912090E2,1.878004548E-1,-7.826876574E-2,1.773910766E2
2.280820211E2,2.276392342E-2,7.207328454E-4,1.624129713E-3,9.997392893E-1,1.773912212E2,1.879436174E-1,-7.833176352E-2,1.773910886E2
2.280870211E2,2.276111548E-2,7.223921712E-4,1.626055338E-3,9.997393489E-1,1.773915430E2,1.881683297E-1,-7.851736389E-2,1.773914100E2
2.280920211E2,2.276112452E-2,7.217428647E-4,1.626217156E-3,9.997393489E-1,1.773915420E2,1.881851747E-1,-7.844255444E-2,1.773914090E2
2.280970211E2,2.277160597E-2,7.147738943E-4,1.629127655E-3,9.997391105E-1,1.773903406E2,1.885012422E-1,-7.763460914E-2,1.773902088E2
2.281020211E2,2.278242291E-2,7.076652837E-4,1.627306337E-3,9.997388721E-1,1.773891007E2,1.882748672E-1,-7.682295033E-2,1.773889704E2
2.281070211E2,2.277441408E-2,7.136255736E-4,1.626953366E-3,9.997390509E-1,1.773900187E2,1.882493719E-1,-7.750820075E-2,1.773898873E2
2.281120211E2,2.277435290E-2,7.129971054E-4,1.628084923E-3,9.997390509E-1,1.773900257E2,1.883773603E-1,-7.743326066E-2,1.773898943E2
2.281170211E2,2.277685656E-2,7.116745110E-4,1.630238607E-3,9.997389913E-1,1.773897388E2,1.886208321E-1,-7.727564876E-2,1.773896074E2
2.281220211E2,2.277930680E-2,7.092835149E-4,1.633594278E-3,9.997389317E-1,1.773894579E2,1.889992119E-1,-7.699251011E-2,1.773893268E2
2.281270211E2,2.277654920E-2,7.116203778E-4,1.634550863E-3,9.997389913E-1,1.773897740E2,1.891146880E-1,-7.725824959E-2,1.773896423E2
2.281320211E2,2.277921998E-2,7.099793293E-4,1.634502434E-3,9.997389317E-1,1.773894679E2,1.891050620E-1,-7.706986950E-2,1.773893365E2
2.281370211E2,2.277913313E-2,7.102408563E-4,1.635598834E-3,9.997389317E-1,1.773894778E2,1.892313438E-1,-7.709698483E-2,1.773893464E2
2.281420211E2,2.277116782E-2,7.151701720E-4,1.635067165E-3,9.997391105E-1,1.773903908E2,1.891826849E-1,-7.766459075E-2,1.773902584E2
2.281470211E2,2.276572361E-2,7.191087352E-4,1.636261470E-3,9.997392297E-1,1.773910148E2,1.893293603E-1,-7.811371373E-2,1.773908816E2
2.281520211E2,2.276869613E-2,7.160681998E-4,1.632648637E-3,9.997391701E-1,1.773906741E2,1.889077646E-1,-7.777424859E-2,1.773905418E2
2.281570211E2,2.277900903E-2,7.093831664E-4,1.637697918E-3,9.997389317E-1,1.773894921E2,1.894695705E-1,-7.699327043E-2,1.773893606E2
2.281620211E2,2.277875026E-2,7.103883545E-4,1.640858478E-3,9.997389317E-1,1.773895217E2,1.898342550E-1,-7.710022523E-2,1.773893898E2
2.281670211E2,2.277362746E-2,7.131307502E-4,1.638142858E-3,9.997390509E-1,1.773901089E2,1.895299107E-1,-7.742245872E-2,1.773899767E2
2.281720211E2,2.277620780E-2,7.121115341E-4,1.639087801E-3,9.997389913E-1,1.773898131E2,1.896357046E-1,-7.730274002E-2,1.773896810E2
2.281770211E2,2.277086725E-2,7.148527075E-4,1.639386290E-3,9.997391105E-1,1.773904253E2,1.896766409E-1,-7.761700764E-2,1.773902926E2
2.281820211E2,2.276029847E-2,7.225672016E-4,1.637374284E-3,9.997393489E-1,1.773916367E2,1.894654443E-1,-7.850804653E-2,1.773915027E2
2.281870211E2,2.276862066E-2,7.175340434E-4,1.633057604E-3,9.997391701E-1,1.773906828E2,1.889584360E-1,-7.794112531E-2,1.773905501E2
2.281920211E2,2.277651698E-2,7.104431861E-4,1.635511639E-3,9.997389913E-1,1.773897777E2,1.892216810E-1,-7.712088686E-2,1.773896462E2
2.281970211E2,2.276595381E-2,7.176207146E-4,1.633709995E-3,9.997392297E-1,1.773909885E2,1.890331935E-1,-7.794985653E-2,1.773908557E2
2.282020211E2,2.276092631E-2,7.228047471E-4,1.628518105E-3,9.997393489E-1,1.773915647E2,1.884515308E-1,-7.855824116E-2,1.773914314E2
2.282070211E2,2.277171868E-2,7.154572522E-4,1.627251157E-3,9.997391105E-1,1.773903277E2,1.882880588E-1,-7.771777142E-2,1.773901959E2
2.282120211E2,2.277193037E-2,7.142123068E-4,1.624833792E-3,9.997391105E-1,1.773903034E2,1.880078879E-1,-7.758141684E-2,1.773901720E2
2.282170211E2,2.276658375E-2,7.189203170E-4,1.624333323E-3,9.997392297E-1,1.773909163E2,1.879624225E-1,-7.812308580E-2,1.773907840E2
2.282220211E2,2.277220909E-2,7.149173762E-4,1.620611991E-3,9.997391105E-1,1.773902715E2,1.875260913E-1,-7.767315576E-2,1.773901403E2
2.282270211E2,2.276927691E-2,7.156992797E-4,1.624691533E-3,9.997391701E-1,1.773906076E2,1.879952648E-1,-7.775263721E-2,1.773904759E2
2.282320211E2,2.277431596E-2,7.120582741E-4,1.629012171E-3,9.997390509E-1,1.773900300E2,1.884811344E-1,-7.732329350E-2,1.773898987E2
2.282370211E2,2.276623767E-2,7.179149543E-4,1.629619976E-3,9.997392297E-1,1.773909559E2,1.885654222E-1,-7.799418214E-2,1.773908234E2
2.282420211E2,2.276904308E-2,7.162667462E-4,1.627715537E-3,9.997391701E-1,1.773906344E2,1.883431636E-1,-7.780980066E-2,1.773905023E2
2.282470211E2,2.277430514E-2,7.135983906E-4,1.628489466E-3,9.997390509E-1,1.773900312E2,1.884252713E-1,-7.750109810E-2,1.773898997E2
2.282520211E2,2.277408738E-2,7.137173088E-4,1.631479943E-3,9.997390509E-1,1.773900562E2,1.887681600E-1,-7.750695792E-2,1.773899244E2
2.282570211E2,2.276639044E-2,7.181808469E-4,1.627366990E-3,9.997392297E-1,1.773909384E2,1.883080212E-1,-7.803049242E-2,1.773908061E2
2.282620211E2,2.276654212E-2,7.186863804E-4,1.625020057E-3,9.997392297E-1,1.773909210E2,1.880404826E-1,-7.809450177E-2,1.773907888E2
2.282670211E2,2.276629467E-2,7.177580846E-4,1.628892496E-3,9.997392297E-1,1.773909494E2,1.884816758E-1,-7.797809810E-2,1.773908170E2
2.282720211E2,2.276368668E-2,7.207661401E-4,1.627429621E-3,9.997392893E-1,1.773912483E2,1.883217302E-1,-7.832701398E-2,1.773911155E2
2.282770211E2,2.275585606E-2,7.248391048E-4,1.625284902E-3,9.997394681E-1,1.773921459E2,1.880860355E-1,-7.880068793E-2,1.773920124E2
2.282820211E2,2.275564610E-2,7.260043640E-4,1.627702615E-3,9.997394681E-1,1.773921699E2,1.883660363E-1,-7.892791679E-2,1.773920361E2
2.282870211E2,2.275840572E-2,7.236996898E-4,1.626755577E-3,9.997394085E-1,1.773918536E2,1.882517481E-1,-7.866583928E-2,1.773917203E2
2.282920211E2,2.275858789E-2,7.233335054E-4,1.624368131E-3,9.997394085E-1,1.773918327E2,1.879772965E-1,-7.863008090E-2,1.773916996E2
2.282970211E2,2.275604555E-2,7.253869553E-4,1.622384763E-3,9.997394681E-1,1.773921242E2,1.877552332E-1,-7.887097794E-2,1.773919908E2
2.283020211E2,2.276396147E-2,7.206028095E-4,1.623653923E-3,9.997392893E-1,1.773912168E2,1.878887737E-1,-7.831810041E-2,1.773910843E2
2.283070211E2,2.276394392E-2,7.209018222E-4,1.623767312E-3,9.997392893E-1,1.773912188E2,1.879025425E-1,-7.835206334E-2,1.773910862E2
2.283120211E2,2.275591431E-2,7.255602977E-4,1.624147175E-3,9.997394681E-1,1.773921392E2,1.879575805E-1,-7.888626503E-2,1.773920057E2
2.283170211E2,2.276393869E-2,7.201606059E-4,1.624169527E-3,9.997392893E-1,1.773912194E2,1.879466868E-1,-7.826610004E-2,1.773910869E2
2.283220211E2,2.276131423E-2,7.214248180E-4,1.623700955E-3,9.997393489E-1,1.773915203E2,1.878960987E-1,-7.841264598E-2,1.773913876E2
2.283270211E2,2.276637475E-2,7.184690330E-4,1.627459307E-3,9.997392297E-1,1.773909402E2,1.883193480E-1,-7.806326962E-2,1.773908078E2
2.283320211E2,2.276913292E-2,7.171515026E-4,1.626068493E-3,9.997391701E-1,1.773906241E2,1.881567907E-1,-7.791544056E-2,1.773904920E2
2.283370211E2,2.277458725E-2,7.134770276E-4,1.624592696E-3,9.997390509E-1,1.773899989E2,1.879785544E-1,-7.749731161E-2,1.773898676E2
2.283420211E2,2.276891255E-2,7.170815952E-4,1.629182021E-3,9.997391701E-1,1.773906493E2,1.885132833E-1,-7.789934931E-2,1.773905170E2
2.283470211E2,2.276338989E-2,7.206908194E-4,1.631608931E-3,9.997392893E-1,1.773912823E2,1.888003009E-1,-7.830753874E-2,1.773911492E2
2.283520211E2,2.276886276E-2,7.174080238E-4,1.629734063E-3,9.997391701E-1,1.773906550E2,1.885773742E-1,-7.793531450E-2,1.773905226E2
2.283570211E2,2.277466497E-2,7.124586264E-4,1.623949967E-3,9.997390509E-1,1.773899900E2,1.879022698E-1,-7.738230468E-2,1.773898590E2
2.283620211E2,2.277413154E-2,7.126236451E-4,1.631341642E-3,9.997390509E-1,1.773900511E2,1.887494648E-1,-7.738201854E-2,1.773899195E2
2.283670211E2,2.276917032E-2,7.166127325E-4,1.625782228E-3,9.997391701E-1,1.773906198E2,1.881225925E-1,-7.785445804E-2,1.773904878E2
2.283720211E2,2.277234486E-2,7.149962476E-4,1.618668204E-3,9.997391105E-1,1.773902559E2,1.873036235E-1,-7.768723854E-2,1.773901248E2
2.283770211E2,2.277731366E-2,7.116548950E-4,1.623848220E-3,9.997389913E-1,1.773896864E2,1.878887204E-1,-7.728999561E-2,1.773895555E2
2.283820211E2,2.277173931E-2,7.142858813E-4,1.627477002E-3,9.997391105E-1,1.773903253E2,1.883108767E-1,-7.758298391E-2,1.773901937E2
2.283870211E2,2.277967053E-2,7.096572081E-4,1.628351514E-3,9.997389317E-1,1.773894162E2,1.883995937E-1,-7.704893846E-2,1.773892854E2
2.283920211E2,2.277722221E-2,7.117714849E-4,1.625079429E-3,9.997389913E-1,1.773896969E2,1.880300674E-1,-7.730015583E-2,1.773895659E2
2.283970211E2,2.277157207E-2,7.155598141E-4,1.629256527E-3,9.997391105E-1,1.773903445E2,1.885180545E-1,-7.772431556E-2,1.773902125E2
2.284020211E2,2.277392202E-2,7.138389046E-4,1.633733511E-3,9.997390509E-1,1.773900751E2,1.890266380E-1,-7.751503792E-2,1.773899431E2
2.284070211E2,2.277686381E-2,7.119005313E-4,1.630038605E-3,9.997389913E-1,1.773897379E2,1.885985100E-1,-7.730206270E-2,1.773896066E2
2.284120211E2,2.277198361E-2,7.147043943E-4,1.623871038E-3,9.997391105E-1,1.773902973E2,1.878988811E-1,-7.764029364E-2,1.773901659E2
2.284170211E2,2.277727933E-2,7.114484906E-4,1.624420169E-3,9.997389913E-1,1.773896903E2,1.879537025E-1,-7.726486312E-2,1.773895595E2
2.284220211E2,2.277999015E-2,7.094379398E-4,1.623969874E-3,9.997389317E-1,1.773893796E2,1.878970762E-1,-7.703519689E-2,1.773892492E2
2.284270211E2,2.278033065E-2,7.091931766E-4,1.619293704E-3,9.997389317E-1,1.773893406E2,1.873607518E-1,-7.701929987E-2,1.773892106E2
2.284320211E2,2.278301286E-2,7.064279052E-4,1.619566116E-3,9.997388721E-1,1.773890331E2,1.873849460E-1,-7.670129183E-2,1.773889036E2
2.284370211E2,2.279849840E-2,6.966116489E-4,1.626647310E-3,9.997385144E-1,1.773872582E2,1.881717209E-1,-7.555532221E-2,1.773871300E2
2.284420211E2,2.279859587E-2,6.970035611E-4,1.625112607E-3,9.997385144E-1,1.773872470E2,1.879969337E-1,-7.560421162E-2,1.773871189E2
2.284470211E2,2.278029648E-2,7.083118544E-4,1.620159950E-3,9.997389317E-1,1.773893445E2,1.874576871E-1,-7.691607912E-2,1.773892146E2
2.284520211E2,2.278820118E-2,7.043311489E-4,1.621070900E-3,9.997387528E-1,1.773884384E2,1.875522590E-1,-7.645618176E-2,1.773883092E2
2.284570211E2,2.279826807E-2,6.971913972E-4,1.629624399E-3,9.997385144E-1,1.773872846E2,1.885142796E-1,-7.561400447E-2,1.773871561E2
2.284620211E2,2.277723181E-2,7.114012842E-4,1.625107019E-3,9.997389913E-1,1.773896958E2,1.880322626E-1,-7.725767118E-2,1.773895649E2
2.284670211E2,2.278043325E-2,7.091628504E-4,1.617862959E-3,9.997389317E-1,1.773893288E2,1.871967715E-1,-7.701954149E-2,1.773891989E2
2.284720211E2,2.279903711E-2,6.954568671E-4,1.619575545E-3,9.997385144E-1,1.773871964E2,1.873585887E-1,-7.544140358E-2,1.773870690E2
2.284770211E2,2.278301920E-2,7.078540511E-4,1.618854003E-3,9.997388721E-1,1.773890324E2,1.873070893E-1,-7.686653155E-2,1.773889027E2
2.284820211E2,2.276228072E-2,7.215895457E-4,1.610021456E-3,9.997393489E-1,1.773914095E2,1.863294522E-1,-7.846701882E-2,1.773912778E2
2.284870211E2,2.278660304E-2,7.041248609E-4,1.606803620E-3,9.997388124E-1,1.773886216E2,1.859171096E-1,-7.647010481E-2,1.773884935E2
2.284920211E2,2.279724437E-2,6.983977510E-4,1.606701640E-3,9.997385740E-1,1.773874019E2,1.858912770E-1,-7.581228516E-2,1.773872749E2
2.284970211E2,2.277858753E-2,7.105154800E-4,1.606384525E-3,9.997389913E-1,1.773895404E2,1.858851675E-1,-7.720480957E-2,1.773894111E2
2.285020211E2,2.279497924E-2,6.987255183E-4,1.601601252E-3,9.997386336E-1,1.773876615E2,1.853076508E-1,-7.586357936E-2,1.773875349E2
2.285070211E2,2.280529904E-2,6.921589375E-4,1.606358099E-3,9.997383952E-1,1.773864787E2,1.858362248E-1,-7.509695668E-2,1.773863529E2
2.285120211E2,2.278369188E-2,7.073675515E-4,1.609573024E-3,9.997388721E-1,1.773889553E2,1.862426228E-1,-7.683490349E-2,1.773888264E2
2.285170211E2,2.278684031E-2,7.049902342E-4,1.603054930E-3,9.997388124E-1,1.773885944E2,1.854899302E-1,-7.657898830E-2,1.773884665E2
2.285220211E2,2.280295335E-2,6.942597101E-4,1.601648750E-3,9.997384548E-1,1.773867475E2,1.853020264E-1,-7.535036692E-2,1.773866217E2
2.285270211E2,2.279722506E-2,6.982499035E-4,1.607039827E-3,9.997385740E-1,1.773874041E2,1.859296326E-1,-7.579446759E-2,1.773872771E2
2.285320211E2,2.279211643E-2,7.008166867E-4,1.604222110E-3,9.997386932E-1,1.773879897E2,1.856131468E-1,-7.609683227E-2,1.773878624E2
2.285370211E2,2.280277518E-2,6.932612741E-4,1.604615012E-3,9.997384548E-1,1.773867679E2,1.856392245E-1,-7.522826624E-2,1.773866421E2
2.285420211E2,2.279443254E-2,6.994456635E-4,1.609050436E-3,9.997386336E-1,1.773877242E2,1.861628841E-1,-7.592672311E-2,1.773875968E2
2.285470211E2,2.278127144E-2,7.082345546E-4,1.606426784E-3,9.997389317E-1,1.773892327E2,1.858842607E-1,-7.694289355E-2,1.773891039E2
2.285520211E2,2.280795823E-2,6.907394272E-4,1.606310485E-3,9.997383356E-1,1.773861739E2,1.858272592E-1,-7.493396544E-2,1.773860483E2
2.285570211E2,2.279749377E-2,6.973442505E-4,1.603617566E-3,9.997385740E-1,1.773873733E2,1.855352256E-1,-7.569960528E-2,1.773872467E2
2.285620211E2,2.279212555E-2,7.012592396E-4,1.603899174E-3,9.997386932E-1,1.773879886E2,1.855773074E-1,-7.614837364E-2,1.773878613E2
2.285670211E2,2.281628014E-2,6.845738390E-4,1.602050732E-3,9.997381568E-1,1.773852200E2,1.853237548E-1,-7.423721687E-2,1.773850960E2
2.285720211E2,2.280545493E-2,6.928506191E-4,1.603844808E-3,9.997383952E-1,1.773864608E2,1.855501168E-1,-7.518273622E-2,1.773863351E2
2.285770211E2,2.278434106E-2,7.065733662E-4,1.600707998E-3,9.997388721E-1,1.773888809E2,1.852250034E-1,-7.676694616E-2,1.773887528E2
2.285820211E2,2.280598183E-2,6.913201651E-4,1.596998423E-3,9.997383952E-1,1.773864004E2,1.847618208E-1,-7.502520017E-2,1.773862755E2
2.285870211E2,2.280289413E-2,6.943837507E-4,1.602437929E-3,9.997384548E-1,1.773867543E2,1.853927560E-1,-7.536252594E-2,1.773866284E2
2.285920211E2,2.277858454E-2,7.106051198E-4,1.606387319E-3,9.997389913E-1,1.773895407E2,1.858857214E-1,-7.721507212E-2,1.773894114E2
2.285970211E2,2.279775352E-2,6.967816735E-4,1.600165735E-3,9.997385740E-1,1.773873435E2,1.851383267E-1,-7.564412544E-2,1.773872173E2
2.286020211E2,2.280296430E-2,6.940920721E-4,1.601565513E-3,9.997384548E-1,1.773867463E2,1.852920533E-1,-7.533137751E-2,1.773866205E2
2.286070211E2,2.277863091E-2,7.097314810E-4,1.606115955E-3,9.997389913E-1,1.773895354E2,1.858523562E-1,-7.711568631E-2,1.773894063E2
2.286120211E2,2.279237202E-2,7.014887524E-4,1.600292278E-3,9.997386932E-1,1.773879604E2,1.851647124E-1,-7.618404227E-2,1.773878333E2
2.286170211E2,2.279756434E-2,6.973721320E-4,1.602601842E-3,9.997385740E-1,1.773873652E2,1.854189404E-1,-7.570543995E-2,1.773872387E2
2.286220211E2,2.277313157E-2,7.140171365E-4,1.607997227E-3,9.997391105E-1,1.773901657E2,1.860786399E-1,-7.760277103E-2,1.773900357E2
2.286270211E2,2.278657209E-2,7.047147956E-4,1.606983948E-3,9.997388124E-1,1.773886252E2,1.859393065E-1,-7.653722358E-2,1.773884970E2
2.286320211E2,2.278943022E-2,7.021226920E-4,1.604668214E-3,9.997387528E-1,1.773882976E2,1.856674600E-1,-7.624578409E-2,1.773881700E2
2.286370211E2,2.277055899E-2,7.160861278E-4,1.606450300E-3,9.997391701E-1,1.773904606E2,1.859066205E-1,-7.784431367E-2,1.773903303E2
2.286420211E2,2.278668898E-2,7.051120047E-4,1.605151221E-3,9.997388124E-1,1.773886118E2,1.857303919E-1,-7.658749257E-2,1.773884836E2
2.286470211E2,2.280274126E-2,6.932343822E-4,1.605108613E-3,9.997384548E-1,1.773867718E2,1.856956996E-1,-7.522390191E-2,1.773866459E2
2.286520211E2,2.277872608E-2,7.105274708E-4,1.604413381E-3,9.997389913E-1,1.773895245E2,1.856593912E-1,-7.721130293E-2,1.773893954E2
2.286570211E2,2.278121522E-2,7.092052256E-4,1.606795820E-3,9.997389317E-1,1.773892392E2,1.859290683E-1,-7.705314227E-2,1.773891101E2
2.286620211E2,2.280512754E-2,6.929840310E-4,1.608435879E-3,9.997383952E-1,1.773864983E2,1.860764030E-1,-7.518608255E-2,1.773863722E2
2.286670211E2,2.278391821E-2,7.072997978E-4,1.606395817E-3,9.997388721E-1,1.773889294E2,1.858784760E-1,-7.683539496E-2,1.773888007E2
2.286720211E2,2.277931484E-2,7.093461463E-4,1.596557791E-3,9.997389913E-1,1.773894570E2,1.847564002E-1,-7.709636568E-2,1.773893287E2
2.286770211E2,2.281636595E-2,6.854038802E-4,1.600472839E-3,9.997381568E-1,1.773852101E2,1.851451652E-1,-7.433641751E-2,1.773850861E2
2.286820211E2,2.280239347E-2,6.931034150E-4,1.610098290E-3,9.997384548E-1,1.773868117E2,1.862669585E-1,-7.519592421E-2,1.773866854E2
2.286870211E2,2.278109156E-2,7.083818782E-4,1.608910854E-3,9.997389317E-1,1.773892533E2,1.861692117E-1,-7.695331959E-2,1.773891243E2
2.286920211E2,2.281072438E-2,6.886949413E-4,1.605005702E-3,9.997382760E-1,1.773858568E2,1.856726432E-1,-7.470264245E-2,1.773857318E2
2.286970211E2,2.281577182E-2,6.856112159E-4,1.608832041E-3,9.997381568E-1,1.773852782E2,1.861033096E-1,-7.433842408E-2,1.773851535E2
2.287020211E2,2.278917841E-2,7.032980793E-4,1.607726794E-3,9.997387528E-1,1.773883264E2,1.860209078E-1,-7.637249746E-2,1.773881984E2
2.287070211E2,2.280017767E-2,6.958029117E-4,1.603288809E-3,9.997385144E-1,1.773870657E2,1.854937381E-1,-7.552338788E-2,1.773869394E2
2.287120211E2,2.281612709E-2,6.849539932E-4,1.604066580E-3,9.997381568E-1,1.773852375E2,1.855556769E-1,-7.427552555E-2,1.773851133E2
2.287170211E2,2.279172968E-2,7.014964358E-4,1.609411440E-3,9.997386932E-1,1.773880340E2,1.862093930E-1,-7.616122339E-2,1.773879062E2
2.287220211E2,2.279478622E-2,6.994653377E-4,1.604023622E-3,9.997386336E-1,1.773876836E2,1.855870805E-1,-7.594204230E-2,1.773875567E2
2.287270211E2,2.281392858E-2,6.870550569E-4,1.597274910E-3,9.997382164E-1,1.773854895E2,1.847829402E-1,-7.453439105E-2,1.773853654E2
2.287320211E2,2.280292986E-2,6.937882863E-4,1.602187403E-3,9.997384548E-1,1.773867502E2,1.853625018E-1,-7.529495661E-2,1.773866244E2
2.287370211E2,2.278706403E-2,7.047024556E-4,1.599998563E-3,9.997388124E-1,1.773885688E2,1.851390521E-1,-7.655395959E-2,1.773884411E2
2.287420211E2,2.280328187E-2,6.943652988E-4,1.596918795E-3,9.997384548E-1,1.773867099E2,1.847604541E-1,-7.537476273E-2,1.773865844E2
2.287470211E2,2.280067982E-2,6.945925415E-4,1.596658840E-3,9.997385144E-1,1.773870081E2,1.847310708E-1,-7.540195614E-2,1.773868826E2
2.287520211E2,2.278167823E-2,7.087611011E-4,1.600414398E-3,9.997389317E-1,1.773891861E2,1.851968757E-1,-7.701883663E-2,1.773890576E2
2.287570211E2,2.278937807E-2,7.031502901E-4,1.604958903E-3,9.997387528E-1,1.773883035E2,1.857034419E-1,-7.636275796E-2,1.773881758E2
2.287620211E2,2.279452369E-2,7.002561470E-4,1.607405720E-3,9.997386336E-1,1.773877137E2,1.859765864E-1,-7.602385277E-2,1.773875863E2
2.287670211E2,2.278118542E-2,7.086018450E-4,1.607484301E-3,9.997389317E-1,1.773892426E2,1.860063643E-1,-7.698222612E-2,1.773891136E2
2.287720211E2,2.278067788E-2,7.090261788E-4,1.614474808E-3,9.997389317E-1,1.773893008E2,1.868082799E-1,-7.701268349E-2,1.773891712E2
2.287770211E2,2.279140088E-2,7.011716370E-4,1.614202047E-3,9.997386932E-1,1.773880717E2,1.867573411E-1,-7.611156288E-2,1.773879436E2
2.287820211E2,2.278097880E-2,7.081449148E-4,1.610610867E-3,9.997389317E-1,1.773892663E2,1.863633413E-1,-7.692175553E-2,1.773891371E2
2.287870211E2,2.277817585E-2,7.100102957E-4,1.612434047E-3,9.997389913E-1,1.773895876E2,1.865768626E-1,-7.713122015E-2,1.773894579E2
2.287920211E2,2.279920024E-2,6.968780654E-4,1.616665628E-3,9.997385144E-1,1.773871777E2,1.870289487E-1,-7.561179063E-2,1.773870502E2
2.287970211E2,2.279385132E-2,6.989706890E-4,1.617468428E-3,9.997386336E-1,1.773877908E2,1.871259812E-1,-7.585042871E-2,1.773876629E2
2.288020211E2,2.277275303E-2,7.147706929E-4,1.613015542E-3,9.997391105E-1,1.773902091E2,1.866554858E-1,-7.767607389E-2,1.773900785E2
2.288070211E2,2.277813059E-2,7.097700145E-4,1.613179105E-3,9.997389913E-1,1.773895927E2,1.866615872E-1,-7.710175674E-2,1.773894631E2
2.288120211E2,2.279902861E-2,6.960942992E-4,1.619421411E-3,9.997385144E-1,1.773871974E2,1.873425958E-1,-7.551483315E-2,1.773870699E2
2.288170211E2,2.278548875E-2,7.056728355E-4,1.621855772E-3,9.997388124E-1,1.773887493E2,1.876454718E-1,-7.660834705E-2,1.773886198E2
2.288220211E2,2.277230795E-2,7.146288408E-4,1.619349583E-3,9.997391105E-1,1.773902601E2,1.873807219E-1,-7.764337655E-2,1.773901291E2
2.288270211E2,2.279361599E-2,6.995932781E-4,1.620512805E-3,9.997386336E-1,1.773878178E2,1.874763597E-1,-7.591384542E-2,1.773876895E2
2.288320211E2,2.279328032E-2,7.003675564E-4,1.624893746E-3,9.997386336E-1,1.773878563E2,1.879802463E-1,-7.599116773E-2,1.773877275E2
2.288370211E2,2.277231119E-2,7.140578236E-4,1.619555987E-3,9.997391105E-1,1.773902598E2,1.874028780E-1,-7.757742060E-2,1.773901288E2
2.288420211E2,2.278587604E-2,7.046135725E-4,1.616867492E-3,9.997388124E-1,1.773887049E2,1.870712678E-1,-7.649994882E-2,1.773885760E2
2.288470211E2,2.280651678E-2,6.909132353E-4,1.626574318E-3,9.997383356E-1,1.773863391E2,1.881490702E-1,-7.490118427E-2,1.773862120E2
2.288520211E2,2.279302162E-2,6.999024772E-4,1.628718572E-3,9.997386336E-1,1.773878859E2,1.884171915E-1,-7.592794561E-2,1.773877570E2
2.288570211E2,2.278030018E-2,7.083083619E-4,1.620109426E-3,9.997389317E-1,1.773893441E2,1.874518901E-1,-7.691581022E-2,1.773892142E2
2.288620211E2,2.280684860E-2,6.909153890E-4,1.621914213E-3,9.997383356E-1,1.773863010E2,1.876152298E-1,-7.491354822E-2,1.773861743E2
2.288670211E2,2.280641397E-2,6.905361661E-4,1.628175261E-3,9.997383356E-1,1.773863509E2,1.883314841E-1,-7.485382181E-2,1.773862237E2
2.288720211E2,2.278538400E-2,7.058106130E-4,1.623266842E-3,9.997388124E-1,1.773887613E2,1.878074787E-1,-7.662046622E-2,1.773886317E2
2.288770211E2,2.279590436E-2,6.976350560E-4,1.625930541E-3,9.997385740E-1,1.773875555E2,1.880920841E-1,-7.567492611E-2,1.773874272E2
2.288820211E2,2.280092262E-2,6.940966705E-4,1.630372368E-3,9.997384548E-1,1.773869803E2,1.885920821E-1,-7.525701259E-2,1.773868523E2
2.288870211E2,2.278225139E-2,7.072474691E-4,1.629887149E-3,9.997388721E-1,1.773891204E2,1.885694261E-1,-7.676837914E-2,1.773889900E2
2.288920211E2,2.277759391E-2,7.101721130E-4,1.620563096E-3,9.997389913E-1,1.773896543E2,1.875085207E-1,-7.712864794E-2,1.773895240E2
2.288970211E2,2.279374580E-2,6.988967070E-4,1.618986716E-3,9.997386336E-1,1.773878029E2,1.872997181E-1,-7.583800704E-2,1.773876749E2
2.289020211E2,2.277736082E-2,7.101592491E-4,1.623841468E-3,9.997389913E-1,1.773896810E2,1.878840461E-1,-7.711866065E-2,1.773895504E2
2.289070211E2,2.276641274E-2,7.184798014E-4,1.626922982E-3,9.997392297E-1,1.773909359E2,1.882579365E-1,-7.806589538E-2,1.773908035E2
2.289120211E2,2.278264487E-2,7.070808206E-4,1.624450437E-3,9.997388721E-1,1.773890753E2,1.879461804E-1,-7.676340773E-2,1.773889453E2
2.289170211E2,2.277426069E-2,7.120326627E-4,1.629795879E-3,9.997390509E-1,1.773900363E2,1.885708465E-1,-7.731832446E-2,1.773899049E2
2.289220211E2,2.276093246E-2,7.219294785E-4,1.628820319E-3,9.997393489E-1,1.773915640E2,1.884838703E-1,-7.845717943E-2,1.773914308E2
2.289270211E2,2.277737651E-2,7.109939470E-4,1.623256132E-3,9.997389913E-1,1.773896792E2,1.878191690E-1,-7.721580997E-2,1.773895485E2
2.289320211E2,2.277456207E-2,7.120147930E-4,1.625586883E-3,9.997390509E-1,1.773900018E2,1.880886319E-1,-7.732720551E-2,1.773898707E2
2.289370211E2,2.275049064E-2,7.295507821E-4,1.624962315E-3,9.997395873E-1,1.773927609E2,1.880609416E-1,-7.934231646E-2,1.773926265E2
2.289420211E2,2.275588140E-2,7.247283356E-4,1.624979544E-3,9.997394681E-1,1.773921430E2,1.880507662E-1,-7.878878955E-2,1.773920095E2
2.289470211E2,2.277200992E-2,7.152572507E-4,1.623258577E-3,9.997391105E-1,1.773902943E2,1.878301612E-1,-7.770522316E-2,1.773901628E2
2.289520211E2,2.274809699E-2,7.304817555E-4,1.621379866E-3,9.997396469E-1,1.773930352E2,1.876527658E-1,-7.945875969E-2,1.773929010E2
2.289570211E2,2.274801650E-2,7.317646523E-4,1.621930627E-3,9.997396469E-1,1.773930445E2,1.877192005E-1,-7.960430998E-2,1.773929099E2
2.289620211E2,2.277208727E-2,7.153236074E-4,1.622143784E-3,9.997391105E-1,1.773902854E2,1.877026274E-1,-7.771571976E-2,1.773901540E2
2.289670211E2,2.275348229E-2,7.266711327E-4,1.621031202E-3,9.997395277E-1,1.773924180E2,1.876033130E-1,-7.902210636E-2,1.773922845E2
2.289720211E2,2.273210689E-2,7.422881899E-4,1.619767863E-3,9.997400045E-1,1.773948680E2,1.874975798E-1,-8.081852696E-2,1.773947317E2
2.289770211E2,2.275326126E-2,7.273302763E-4,1.623835647E-3,9.997395277E-1,1.773924433E2,1.879262976E-1,-7.909034797E-2,1.773923095E2
2.289820211E2,2.275860112E-2,7.242509164E-4,1.623773947E-3,9.997394085E-1,1.773918312E2,1.879116195E-1,-7.873672829E-2,1.773916980E2
2.289870211E2,2.273987166E-2,7.368309307E-4,1.623630291E-3,9.997398257E-1,1.773939780E2,1.879264728E-1,-8.018181204E-2,1.773938424E2
2.289920211E2,2.275369933E-2,7.266379544E-4,1.617996721E-3,9.997395277E-1,1.773923931E2,1.872556070E-1,-7.902617713E-2,1.773922598E2
2.289970211E2,2.276948453E-2,7.169977180E-4,1.621205476E-3,9.997391701E-1,1.773905838E2,1.875992994E-1,-7.791044575E-2,1.773904521E2
2.290020211E2,2.275560425E-2,7.265883614E-4,1.628027181E-3,9.997394681E-1,1.773921747E2,1.884047390E-1,-7.899398206E-2,1.773920407E2
2.290070211E2,2.274817251E-2,7.303082384E-4,1.620398252E-3,9.997396469E-1,1.773930266E2,1.875398637E-1,-7.944142605E-2,1.773928924E2
2.290120211E2,2.277231921E-2,7.146429853E-4,1.619185088E-3,9.997391105E-1,1.773902588E2,1.873619148E-1,-7.764542413E-2,1.773901278E2
2.290170211E2,2.276907215E-2,7.173562772E-4,1.626828918E-3,9.997391701E-1,1.773906310E2,1.882444361E-1,-7.793692716E-2,1.773904989E2
2.290220211E2,2.273954250E-2,7.359300507E-4,1.628641156E-3,9.997398257E-1,1.773940158E2,1.884981541E-1,-8.006560968E-2,1.773938799E2
2.290270211E2,2.275887028E-2,7.241423591E-4,1.620045514E-3,9.997394085E-1,1.773918004E2,1.874842203E-1,-7.873396536E-2,1.773916675E2
2.290320211E2,2.277231900E-2,7.136603235E-4,1.619621296E-3,9.997391105E-1,1.773902589E2,1.874093231E-1,-7.753171041E-2,1.773901280E2
2.290370211E2,2.276129421E-2,7.212166674E-4,1.624074066E-3,9.997393489E-1,1.773915225E2,1.879382985E-1,-7.838783043E-2,1.773913899E2
2.290420211E2,2.275635894E-2,7.252283976E-4,1.618054230E-3,9.997394681E-1,1.773920882E2,1.872587293E-1,-7.886404771E-2,1.773919553E2
2.290470211E2,2.278075368E-2,7.084428216E-4,1.613661065E-3,9.997389317E-1,1.773892921E2,1.867135386E-1,-7.694796331E-2,1.773891626E2
2.290520211E2,2.277242792E-2,7.149382727E-4,1.617524889E-3,9.997391105E-1,1.773902464E2,1.871724981E-1,-7.768356495E-2,1.773901154E2
2.290570211E2,2.276408329E-2,7.201851695E-4,1.622130629E-3,9.997392893E-1,1.773912029E2,1.877131818E-1,-7.827420579E-2,1.773910705E2
2.290620211E2,2.276960699E-2,7.166692521E-4,1.619630028E-3,9.997391701E-1,1.773905697E2,1.874179651E-1,-7.787690404E-2,1.773904383E2
2.290670211E2,2.276415304E-2,7.198228850E-4,1.621312345E-3,9.997392893E-1,1.773911949E2,1.876184978E-1,-7.823482343E-2,1.773910627E2
2.290720211E2,2.275026200E-2,7.289175992E-4,1.628443832E-3,9.997395873E-1,1.773927871E2,1.884581225E-1,-7.926074416E-2,1.773926526E2
2.290770211E2,2.275588106E-2,7.259581471E-4,1.624435186E-3,9.997394681E-1,1.773921430E2,1.879916107E-1,-7.893109853E-2,1.773920094E2
2.290820211E2,2.276375706E-2,7.202993147E-4,1.626651734E-3,9.997392893E-1,1.773912403E2,1.882314014E-1,-7.827554964E-2,1.773911075E2
2.290870211E2,2.275293719E-2,7.267775945E-4,1.628616941E-3,9.997395277E-1,1.773924804E2,1.884725859E-1,-7.901462580E-2,1.773923463E2
2.290920211E2,2.274471797E-2,7.328552310E-4,1.630933024E-3,9.997397065E-1,1.773934225E2,1.887531146E-1,-7.970640330E-2,1.773932871E2
2.290970211E2,2.275553774E-2,7.264795131E-4,1.629005070E-3,9.997394681E-1,1.773921824E2,1.885164789E-1,-7.897897467E-2,1.773920483E2
2.291020211E2,2.275268616E-2,7.270165370E-4,1.632013824E-3,9.997395277E-1,1.773925092E2,1.888623432E-1,-7.903318974E-2,1.773923748E2
2.291070211E2,2.275018279E-2,7.303234306E-4,1.628920552E-3,9.997395873E-1,1.773927962E2,1.885163959E-1,-7.942057076E-2,1.773926613E2
2.291120211E2,2.275811423E-2,7.230621995E-4,1.631111256E-3,9.997394085E-1,1.773918870E2,1.887490582E-1,-7.858150244E-2,1.773917535E2
2.291170211E2,2.276311598E-2,7.209648029E-4,1.635305118E-3,9.997392893E-1,1.773913137E2,1.892244371E-1,-7.832933662E-2,1.773911802E2
2.291220211E2,2.275524457E-2,7.262777654E-4,1.633184846E-3,9.997394681E-1,1.773922160E2,1.889947735E-1,-7.894501779E-2,1.773920816E2
2.291270211E2,2.275505724E-2,7.254877710E-4,1.636143425E-3,9.997394681E-1,1.773922374E2,1.893316395E-1,-7.884683505E-2,1.773921030E2
2.291320211E2,2.276304997E-2,7.201224798E-4,1.636594650E-3,9.997392893E-1,1.773913213E2,1.893699660E-1,-7.822948727E-2,1.773911878E2
2.291370211E2,2.276351831E-2,7.200465770E-4,1.630101120E-3,9.997392893E-1,1.773912676E2,1.886258922E-1,-7.823764231E-2,1.773911347E2
2.291420211E2,2.275527747E-2,7.260721759E-4,1.632817904E-3,9.997394681E-1,1.773922122E2,1.889522024E-1,-7.892241575E-2,1.773920779E2
2.291470211E2,2.276836250E-2,7.171803154E-4,1.636807923E-3,9.997391701E-1,1.773907124E2,1.893871372E-1,-7.789086509E-2,1.773905795E2
2.291520211E2,2.276599927E-2,7.176470244E-4,1.633064821E-3,9.997392297E-1,1.773909832E2,1.889593533E-1,-7.795454525E-2,1.773908505E2
2.291570211E2,2.276073447E-2,7.223995635E-4,1.631376566E-3,9.997393489E-1,1.773915867E2,1.887779301E-1,-7.850440299E-2,1.773914532E2
2.291620211E2,2.275533623E-2,7.264115266E-4,1.631847699E-3,9.997394681E-1,1.773922055E2,1.888419433E-1,-7.896381126E-2,1.773920712E2
2.291670211E2,2.275493393E-2,7.252206560E-4,1.637975802E-3,9.997394681E-1,1.773922516E2,1.895408542E-1,-7.881147902E-2,1.773921170E2
2.291720211E2,2.275779820E-2,7.236116799E-4,1.635271590E-3,9.997394085E-1,1.773919233E2,1.892270832E-1,-7.863366142E-2,1.773917892E2
2.291770211E2,2.275529267E-2,7.252751966E-4,1.632960280E-3,9.997394681E-1,1.773922105E2,1.889664360E-1,-7.883073826E-2,1.773920763E2
2.291820211E2,2.275259028E-2,7.283831364E-4,1.632740954E-3,9.997395277E-1,1.773925202E2,1.889492008E-1,-7.918787198E-2,1.773923855E2
2.291870211E2,2.275021667E-2,7.285876200E-4,1.629224629E-3,9.997395873E-1,1.773927923E2,1.885467083E-1,-7.922091407E-2,1.773926578E2
2.291920211E2,2.275042259E-2,7.291586953E-4,1.626090729E-3,9.997395873E-1,1.773927687E2,1.881891874E-1,-7.929446917E-2,1.773926343E2
2.291970211E2,2.275035150E-2,7.292589289E-4,1.627039979E-3,9.997395873E-1,1.773927768E2,1.882981912E-1,-7.930349066E-2,1.773926424E2
2.292020211E2,2.274979730E-2,7.290405920E-4,1.634868211E-3,9.997395873E-1,1.773928403E2,1.891943969E-1,-7.925817320E-2,1.773927053E2
2.292070211E2,2.274992241E-2,7.286614273E-4,1.633295440E-3,9.997395873E-1,1.773928260E2,1.890132382E-1,-7.921881210E-2,1.773926912E2
2.292120211E2,2.275047524E-2,7.291019429E-4,1.625379315E-3,9.997395873E-1,1.773927626E2,1.881075424E-1,-7.928981236E-2,1.773926283E2
2.292170211E2,2.274520326E-2,7.327243802E-4,1.624210156E-3,9.997397065E-1,1.773933669E2,1.879826260E-1,-7.970884465E-2,1.773932320E2
2.292220211E2,2.275292378E-2,7.268950576E-4,1.628751867E-3,9.997395277E-1,1.773924820E2,1.884883485E-1,-7.902773329E-2,1.773923478E2
2.292270211E2,2.275870490E-2,7.239055121E-4,1.622472890E-3,9.997394085E-1,1.773918193E2,1.877616748E-1,-7.870053195E-2,1.773916863E2
2.292320211E2,2.275372490E-2,7.270397618E-4,1.617456554E-3,9.997395277E-1,1.773923901E2,1.871947741E-1,-7.907361261E-2,1.773922569E2
2.292370211E2,2.275867154E-2,7.242007414E-4,1.622808981E-3,9.997394085E-1,1.773918232E2,1.878009456E-1,-7.873348363E-2,1.773916900E2
2.292420211E2,2.276434689E-2,7.194264326E-4,1.618764596E-3,9.997392893E-1,1.773911726E2,1.873256032E-1,-7.819601519E-2,1.773910407E2
2.292470211E2,2.276188045E-2,7.212709170E-4,1.615812769E-3,9.997393489E-1,1.773914554E2,1.869920545E-1,-7.841548438E-2,1.773913233E2
2.292520211E2,2.277288555E-2,7.145314594E-4,1.611249638E-3,9.997391105E-1,1.773901939E2,1.864525661E-1,-7.765325066E-2,1.773900635E2
2.292570211E2,2.277823381E-2,7.096962072E-4,1.611753483E-3,9.997389913E-1,1.773895809E2,1.864980803E-1,-7.709700331E-2,1.773894514E2
2.292620211E2,2.277534267E-2,7.118606591E-4,1.614681329E-3,9.997390509E-1,1.773899123E2,1.868389271E-1,-7.733786427E-2,1.773897821E2
2.292670211E2,2.277045268E-2,7.163451519E-4,1.607841230E-3,9.997391701E-1,1.773904728E2,1.860666361E-1,-7.787037814E-2,1.773903423E2
2.292720211E2,2.277058461E-2,7.152491598E-4,1.606460079E-3,9.997391701E-1,1.773904577E2,1.859055586E-1,-7.774839891E-2,1.773903275E2
2.292770211E2,2.277016564E-2,7.168948068E-4,1.611656742E-3,9.997391701E-1,1.773905057E2,1.865051611E-1,-7.792344477E-2,1.773903748E2
2.292820211E2,2.277016527E-2,7.153702900E-4,1.612339169E-3,9.997391701E-1,1.773905057E2,1.865793628E-1,-7.774701284E-2,1.773903751E2
2.292870211E2,2.277582676E-2,7.123031537E-4,1.607642625E-3,9.997390509E-1,1.773898568E2,1.860337513E-1,-7.740683812E-2,1.773897271E2
2.292920211E2,2.277822013E-2,7.109566941E-4,1.611391199E-3,9.997389913E-1,1.773895825E2,1.864598658E-1,-7.724235506E-2,1.773894527E2
2.292970211E2,2.277562362E-2,7.131323800E-4,1.610150910E-3,9.997390509E-1,1.773898801E2,1.863232543E-1,-7.749532681E-2,1.773897500E2
2.293020211E2,2.277811882E-2,7.112587919E-4,1.612689462E-3,9.997389913E-1,1.773895941E2,1.866093784E-1,-7.727359391E-2,1.773894642E2
2.293070211E2,2.277575776E-2,7.121174713E-4,1.608702005E-3,9.997390509E-1,1.773898647E2,1.861546259E-1,-7.738281384E-2,1.773897350E2
2.293120211E2,2.278675905E-2,7.040000637E-4,1.604644465E-3,9.997388124E-1,1.773886037E2,1.856694384E-1,-7.646141703E-2,1.773884758E2
2.293170211E2,2.279459094E-2,6.997315795E-4,1.606680336E-3,9.997386336E-1,1.773877060E2,1.858921197E-1,-7.596563979E-2,1.773875788E2
2.293220211E2,2.279166600E-2,7.013271097E-4,1.610386767E-3,9.997386932E-1,1.773880413E2,1.863206814E-1,-7.613928955E-2,1.773879135E2
2.293270211E2,2.278085965E-2,7.095637848E-4,1.611671294E-3,9.997389317E-1,1.773892799E2,1.864885213E-1,-7.708155750E-2,1.773891504E2
2.293320211E2,2.277828044E-2,7.110366132E-4,1.610503183E-3,9.997389913E-1,1.773895756E2,1.863583462E-1,-7.725381750E-2,1.773894459E2
2.293370211E2,2.278626130E-2,7.041305071E-4,1.611640211E-3,9.997388124E-1,1.773886608E2,1.864711879E-1,-7.645818567E-2,1.773885323E2
2.293420211E2,2.278647796E-2,7.046081591E-4,1.608364866E-3,9.997388124E-1,1.773886360E2,1.860972216E-1,-7.652141869E-2,1.773885077E2
2.293470211E2,2.278899432E-2,7.029618719E-4,1.610480831E-3,9.997387528E-1,1.773883475E2,1.863355237E-1,-7.632682290E-2,1.773882194E2
2.293520211E2,2.279945462E-2,6.956637953E-4,1.613598317E-3,9.997385144E-1,1.773871486E2,1.866743978E-1,-7.548064842E-2,1.773870216E2
2.293570211E2,2.280478717E-2,6.926126662E-4,1.613413915E-3,9.997383952E-1,1.773865373E2,1.866457004E-1,-7.513059230E-2,1.773864109E2
2.293620211E2,2.279448999E-2,6.987135275E-4,1.608554623E-3,9.997386336E-1,1.773877176E2,1.861041745E-1,-7.584413286E-2,1.773875904E2
2.293670211E2,2.279170588E-2,7.006638334E-4,1.610110980E-3,9.997386932E-1,1.773880367E2,1.862873570E-1,-7.606401641E-2,1.773879090E2
2.293720211E2,2.279985122E-2,6.950296229E-4,1.608258928E-3,9.997385144E-1,1.773871031E2,1.860610796E-1,-7.542187329E-2,1.773869766E2
2.293770211E2,2.279970900E-2,6.949394592E-4,1.610312727E-3,9.997385144E-1,1.773871194E2,1.862961206E-1,-7.540620432E-2,1.773869928E2
2.293820211E2,2.279177678E-2,7.019778714E-4,1.608534250E-3,9.997386932E-1,1.773880286E2,1.861101616E-1,-7.621865979E-2,1.773879008E2
2.293870211E2,2.279970489E-2,6.952409749E-4,1.610240783E-3,9.997385144E-1,1.773871199E2,1.862886660E-1,-7.544093520E-2,1.773869932E2
2.293920211E2,2.280481655E-2,6.921442109E-4,1.613199711E-3,9.997383952E-1,1.773865340E2,1.866199386E-1,-7.507747962E-2,1.773864077E2
2.293970211E2,2.279708939E-2,6.977571757E-4,1.609176979E-3,9.997385740E-1,1.773874197E2,1.861731714E-1,-7.573246183E-2,1.773872926E2
2.294020211E2,2.279466196E-2,6.991596892E-4,1.605921658E-3,9.997386336E-1,1.773876979E2,1.858037153E-1,-7.590209172E-2,1.773875708E2
2.294070211E2,2.280003982E-2,6.963359774E-4,1.605016878E-3,9.997385144E-1,1.773870815E2,1.856930917E-1,-7.557996721E-2,1.773869550E2
2.294120211E2,2.280258659E-2,6.932736724E-4,1.607287442E-3,9.997384548E-1,1.773867896E2,1.859454017E-1,-7.522273826E-2,1.773866635E2
2.294170211E2,2.280505176E-2,6.926419446E-4,1.609657193E-3,9.997383952E-1,1.773865070E2,1.862154193E-1,-7.514371490E-2,1.773863809E2
2.294220211E2,2.280785191E-2,6.896175328E-4,1.608300838E-3,9.997383356E-1,1.773861860E2,1.860523374E-1,-7.480025694E-2,1.773860606E2
2.294270211E2,2.281581917E-2,6.855952088E-4,1.608167193E-3,9.997381568E-1,1.773852728E2,1.860271050E-1,-7.433831980E-2,1.773851481E2
2.294320211E2,2.281326348E-2,6.871693768E-4,1.606697449E-3,9.997382164E-1,1.773855658E2,1.858626541E-1,-7.452297696E-2,1.773854409E2
2.294370211E2,2.280806815E-2,6.902007153E-4,1.604980789E-3,9.997383356E-1,1.773861613E2,1.856735267E-1,-7.487570479E-2,1.773860359E2
2.294420211E2,2.280290931E-2,6.929495721E-4,1.602842589E-3,9.997384548E-1,1.773867526E2,1.854353677E-1,-7.519716385E-2,1.773866269E2
2.294470211E2,2.280037929E-2,6.960802712E-4,1.600298448E-3,9.997385144E-1,1.773870426E2,1.851518965E-1,-7.556293863E-2,1.773869165E2
2.294520211E2,2.280247304E-2,6.947999937E-4,1.608239138E-3,9.997384548E-1,1.773868026E2,1.860584100E-1,-7.539513036E-2,1.773866761E2
2.294570211E2,2.280250151E-2,6.941445754E-4,1.608118415E-3,9.997384548E-1,1.773867993E2,1.860428691E-1,-7.532035474E-2,1.773866730E2
2.294620211E2,2.280525682E-2,6.913401885E-4,1.607309794E-3,9.997383952E-1,1.773864835E2,1.859431097E-1,-7.500068014E-2,1.773863578E2
2.294670211E2,2.281583894E-2,6.842527655E-4,1.608458464E-3,9.997381568E-1,1.773852706E2,1.860569647E-1,-7.418376211E-2,1.773851461E2
2.294720211E2,2.280771211E-2,6.894525723E-4,1.610352891E-3,9.997383356E-1,1.773862021E2,1.862869829E-1,-7.477602137E-2,1.773860765E2
2.294770211E2,2.280002001E-2,6.960393512E-4,1.605426893E-3,9.997385144E-1,1.773870837E2,1.857392872E-1,-7.554491760E-2,1.773869573E2
2.294820211E2,2.281087572E-2,6.877307314E-4,1.603267388E-3,9.997382760E-1,1.773858394E2,1.854709891E-1,-7.459669697E-2,1.773857147E2
2.294870211E2,2.282111175E-2,6.811036728E-4,1.609086525E-3,9.997380376E-1,1.773846662E2,1.861210715E-1,-7.382037325E-2,1.773845423E2
2.294920211E2,2.281056181E-2,6.878259592E-4,1.607686630E-3,9.997382760E-1,1.773858754E2,1.859774917E-1,-7.459611263E-2,1.773857504E2
2.294970211E2,2.281339875E-2,6.861009169E-4,1.605232712E-3,9.997382164E-1,1.773855503E2,1.856920674E-1,-7.440437668E-2,1.773854257E2
2.295020211E2,2.282392804E-2,6.791376509E-4,1.607004087E-3,9.997379780E-1,1.773843434E2,1.858775687E-1,-7.360006510E-2,1.773842200E2
2.295070211E2,2.281860038E-2,6.825684104E-4,1.607047627E-3,9.997380972E-1,1.773849540E2,1.858911365E-1,-7.399397506E-2,1.773848300E2
2.295120211E2,2.280582927E-2,6.918500294E-4,1.598946401E-3,9.997383952E-1,1.773864179E2,1.849863585E-1,-7.508083948E-2,1.773862927E2
2.295170211E2,2.281164833E-2,6.879508728E-4,1.592141693E-3,9.997382760E-1,1.773857509E2,1.841970408E-1,-7.465085763E-2,1.773856270E2
2.295220211E2,2.281932053E-2,6.818482652E-4,1.597097027E-3,9.997380972E-1,1.773848715E2,1.847493465E-1,-7.393736129E-2,1.773847483E2
2.295270211E2,2.281664201E-2,6.850825157E-4,1.596670365E-3,9.997381568E-1,1.773851785E2,1.847087266E-1,-7.430949277E-2,1.773850548E2
2.295320211E2,2.281427073E-2,6.870406214E-4,1.592386630E-3,9.997382164E-1,1.773854503E2,1.842229172E-1,-7.454545422E-2,1.773853265E2
2.295370211E2,2.281456403E-2,6.863368326E-4,1.588483225E-3,9.997382164E-1,1.773854167E2,1.837739171E-1,-7.447497839E-2,1.773852933E2
2.295420211E2,2.281673005E-2,6.838620175E-4,1.595935435E-3,9.997381568E-1,1.773851684E2,1.846213465E-1,-7.417157592E-2,1.773850450E2
2.295470211E2,2.281950111E-2,6.826008321E-4,1.594192698E-3,9.997380972E-1,1.773848508E2,1.844186024E-1,-7.403113813E-2,1.773847277E2
2.295520211E2,2.282466780E-2,6.798324175E-4,1.596166985E-3,9.997379780E-1,1.773842586E2,1.846379213E-1,-7.370786709E-2,1.773841359E2
2.295570211E2,2.282766083E-2,6.773726782E-4,1.591737033E-3,9.997379184E-1,1.773839155E2,1.841242029E-1,-7.343711141E-2,1.773837936E2
2.295620211E2,2.283271105E-2,6.739421515E-4,1.595626352E-3,9.997377992E-1,1.773833367E2,1.845611647E-1,-7.303299818E-2,1.773832151E2
2.295670211E2,2.282759894E-2,6.761027616E-4,1.593163819E-3,9.997379184E-1,1.773839226E2,1.842843314E-1,-7.328790674E-2,1.773838008E2
2.295720211E2,2.282768319E-2,6.777749513E-4,1.591245062E-3,9.997379184E-1,1.773839130E2,1.840688959E-1,-7.348447932E-2,1.773837910E2
2.295770211E2,2.283315923E-2,6.738675875E-4,1.589231775E-3,9.997377992E-1,1.773832853E2,1.838284275E-1,-7.304110540E-2,1.773831642E2
2.295820211E2,2.284381447E-2,6.650473224E-4,1.589805004E-3,9.997375607E-1,1.773820640E2,1.838717841E-1,-7.202718251E-2,1.773819445E2
2.295870211E2,2.284648213E-2,6.640717620E-4,1.589360996E-3,9.997375011E-1,1.773817582E2,1.838185555E-1,-7.191609267E-2,1.773816389E2
2.295920211E2,2.283838824E-2,6.690135342E-4,1.591136330E-3,9.997376800E-1,1.773826859E2,1.840342936E-1,-7.247907147E-2,1.773825656E2
2.295970211E2,2.283804984E-2,6.699929363E-4,1.595575246E-3,9.997376800E-1,1.773827247E2,1.845453632E-1,-7.257971817E-2,1.773826039E2
2.296020211E2,2.283534453E-2,6.707596476E-4,1.596626127E-3,9.997377396E-1,1.773830348E2,1.846675643E-1,-7.266530318E-2,1.773829138E2
2.296070211E2,2.283552413E-2,6.715343334E-4,1.593729248E-3,9.997377396E-1,1.773830142E2,1.843377329E-1,-7.276159999E-2,1.773828932E2
2.296120211E2,2.284387786E-2,6.651675794E-4,1.588843530E-3,9.997375607E-1,1.773820567E2,1.837619552E-1,-7.204346466E-2,1.773819373E2
2.296170211E2,2.285424970E-2,6.583924405E-4,1.592522953E-3,9.997373223E-1,1.773808679E2,1.841664782E-1,-7.125575165E-2,1.773807495E2
2.296220211E2,2.284624438E-2,6.641377695E-4,1.592747401E-3,9.997375011E-1,1.773817854E2,1.842066641E-1,-7.191483232E-2,1.773816659E2
2.296270211E2,2.284099473E-2,6.672014715E-4,1.591933309E-3,9.997376204E-1,1.773823872E2,1.841210425E-1,-7.226891288E-2,1.773822671E2
2.296320211E2,2.284594291E-2,6.647460978E-4,1.596812741E-3,9.997375011E-1,1.773818200E2,1.846739681E-1,-7.197393551E-2,1.773817001E2
2.296370211E2,2.284559117E-2,6.642175722E-4,1.602056436E-3,9.997375011E-1,1.773818603E2,1.852732864E-1,-7.189972361E-2,1.773817401E2
2.296420211E2,2.283495064E-2,6.711445167E-4,1.602088567E-3,9.997377396E-1,1.773830799E2,1.852943303E-1,-7.269517292E-2,1.773829584E2
2.296470211E2,2.283506847E-2,6.723341648E-4,1.599908806E-3,9.997377396E-1,1.773830664E2,1.850477348E-1,-7.283714308E-2,1.773829449E2
2.296520211E2,2.283750163E-2,6.698232028E-4,1.603473560E-3,9.997376800E-1,1.773827875E2,1.854497249E-1,-7.253970368E-2,1.773826662E2
2.296570211E2,2.283492067E-2,6.714253686E-4,1.602397999E-3,9.997377396E-1,1.773830834E2,1.853305122E-1,-7.272654358E-2,1.773829618E2
2.296620211E2,2.282707125E-2,6.780538824E-4,1.599881332E-3,9.997379184E-1,1.773839831E2,1.850589683E-1,-7.349395502E-2,1.773838605E2
2.296670211E2,2.282465465E-2,6.781739648E-4,1.597060240E-3,9.997379780E-1,1.773842601E2,1.847359150E-1,-7.351553814E-2,1.773841376E2
2.296720211E2,2.283766649E-2,6.700276281E-4,1.601038384E-3,9.997376800E-1,1.773827687E2,1.851712936E-1,-7.256946554E-2,1.773826474E2
2.296770211E2,2.283221176E-2,6.729753804E-4,1.603161218E-3,9.997377992E-1,1.773833939E2,1.854218069E-1,-7.290262055E-2,1.773832720E2
2.296820211E2,2.282954379E-2,6.757215015E-4,1.602831297E-3,9.997378588E-1,1.773836997E2,1.853910011E-1,-7.321857843E-2,1.773835773E2
2.296870211E2,2.283472241E-2,6.709500449E-4,1.605419558E-3,9.997377396E-1,1.773831061E2,1.856754095E-1,-7.266421972E-2,1.773829844E2
2.296920211E2,2.284557123E-2,6.646494730E-4,1.602161559E-3,9.997375011E-1,1.773818626E2,1.852864589E-1,-7.194893131E-2,1.773817423E2
2.296970211E2,2.283727768E-2,6.691351300E-4,1.606946811E-3,9.997376800E-1,1.773828132E2,1.858458099E-1,-7.245182875E-2,1.773826917E2
2.297020211E2,2.283483034E-2,6.714118063E-4,1.603690442E-3,9.997377396E-1,1.773830937E2,1.854785349E-1,-7.272162453E-2,1.773829721E2
2.297070211E2,2.283472099E-2,6.711852038E-4,1.605341444E-3,9.997377396E-1,1.773831063E2,1.856670758E-1,-7.269136457E-2,1.773829845E2
2.297120211E2,2.283468434E-2,6.718574441E-4,1.605581492E-3,9.997377396E-1,1.773831105E2,1.856963328E-1,-7.276775610E-2,1.773829886E2
2.297170211E2,2.282129624E-2,6.817380781E-4,1.606198726E-3,9.997380376E-1,1.773846450E2,1.857919126E-1,-7.390056971E-2,1.773845212E2
2.297220211E2,2.282146747E-2,6.814680528E-4,1.603878802E-3,9.997380376E-1,1.773846254E2,1.855254440E-1,-7.387567060E-2,1.773845018E2
2.297270211E2,2.282955635E-2,6.762391422E-4,1.602434088E-3,9.997378588E-1,1.773836982E2,1.853468513E-1,-7.327891701E-2,1.773835758E2
2.297320211E2,2.282669290E-2,6.775776274E-4,1.605471596E-3,9.997379184E-1,1.773840265E2,1.856981259E-1,-7.342484110E-2,1.773839035E2
2.297370211E2,2.282427349E-2,6.791756605E-4,1.602074131E-3,9.997379780E-1,1.773843038E2,1.853129083E-1,-7.361725009E-2,1.773841808E2
2.297420211E2,2.282439871E-2,6.791247288E-4,1.600310672E-3,9.997379780E-1,1.773842894E2,1.851107590E-1,-7.361600458E-2,1.773841666E2
2.297470211E2,2.282154807E-2,6.805818412E-4,1.603108016E-3,9.997380376E-1,1.773846162E2,1.854348293E-1,-7.377614565E-2,1.773844928E2
2.297520211E2,2.282154033E-2,6.813590298E-4,1.602888107E-3,9.997380376E-1,1.773846171E2,1.854116683E-1,-7.386575818E-2,1.773844936E2
2.297570211E2,2.281376697E-2,6.857918925E-4,1.600123476E-3,9.997382164E-1,1.773855080E2,1.851059628E-1,-7.438226350E-2,1.773853839E2
2.297620211E2,2.281896864E-2,6.823216681E-4,1.601915341E-3,9.997380972E-1,1.773849118E2,1.853025538E-1,-7.397906027E-2,1.773847882E2
2.297670211E2,2.282168832E-2,6.810755585E-4,1.600900199E-3,9.997380376E-1,1.773846001E2,1.851831993E-1,-7.383845479E-2,1.773844768E2
2.297720211E2,2.281116699E-2,6.879676366E-4,1.599015901E-3,9.997382760E-1,1.773858061E2,1.849845715E-1,-7.463489696E-2,1.773856816E2
2.297770211E2,2.280364788E-2,6.941980100E-4,1.591756591E-3,9.997384548E-1,1.773866679E2,1.841686521E-1,-7.536902026E-2,1.773865428E2
2.297820211E2,2.280600907E-2,6.920231390E-4,1.596304821E-3,9.997383952E-1,1.773863973E2,1.846841998E-1,-7.510754170E-2,1.773862723E2
2.297870211E2,2.280623197E-2,6.916802959E-4,1.593266032E-3,9.997383952E-1,1.773863717E2,1.843351908E-1,-7.507616583E-2,1.773862470E2
2.297920211E2,2.280403108E-2,6.927061477E-4,1.586909406E-3,9.997384548E-1,1.773866240E2,1.836094790E-1,-7.521070652E-2,1.773864996E2
2.297970211E2,2.280409209E-2,6.942097680E-4,1.585374819E-3,9.997384548E-1,1.773866170E2,1.834376080E-1,-7.538696283E-2,1.773864924E2
2.298020211E2,2.280685210E-2,6.921349559E-4,1.584165730E-3,9.997383952E-1,1.773863006E2,1.832938772E-1,-7.515192264E-2,1.773861765E2
2.298070211E2,2.280404767E-2,6.938502192E-4,1.586170984E-3,9.997384548E-1,1.773866221E2,1.835278751E-1,-7.534369989E-2,1.773864975E2
2.298120211E2,2.279899294E-2,6.969093811E-4,1.582352328E-3,9.997385740E-1,1.773872015E2,1.830980149E-1,-7.570506743E-2,1.773870766E2
2.298170211E2,2.280996788E-2,6.895330735E-4,1.578043797E-3,9.997383356E-1,1.773859435E2,1.825859690E-1,-7.486927800E-2,1.773858203E2
2.298220211E2,2.281520522E-2,6.866703043E-4,1.579102245E-3,9.997382164E-1,1.773853432E2,1.827001335E-1,-7.453759068E-2,1.773852205E2
2.298270211E2,2.281006774E-2,6.894511171E-4,1.576635637E-3,9.997383356E-1,1.773859321E2,1.824244407E-1,-7.486355159E-2,1.773858090E2
2.298320211E2,2.280752179E-2,6.920142914E-4,1.574547845E-3,9.997383952E-1,1.773862239E2,1.821917684E-1,-7.516311438E-2,1.773861005E2
2.298370211E2,2.281273687E-2,6.879109424E-4,1.576485345E-3,9.997382760E-1,1.773856261E2,1.824033960E-1,-7.468701256E-2,1.773855034E2
2.298420211E2,2.281531675E-2,6.861027214E-4,1.577736926E-3,9.997382164E-1,1.773853304E2,1.825422441E-1,-7.447611681E-2,1.773852079E2
2.298470211E2,2.281554511E-2,6.851659273E-4,1.574839116E-3,9.997382164E-1,1.773853042E2,1.822078328E-1,-7.437633108E-2,1.773851821E2
2.298520211E2,2.281850656E-2,6.834487431E-4,1.570510562E-3,9.997381568E-1,1.773849648E2,1.817076748E-1,-7.419038686E-2,1.773848433E2
2.298570211E2,2.282650045E-2,6.786398008E-4,1.570256893E-3,9.997379780E-1,1.773840485E2,1.816666267E-1,-7.363867748E-2,1.773839279E2
2.298620211E2,2.282866720E-2,6.769699976E-4,1.577410847E-3,9.997379184E-1,1.773838002E2,1.824819881E-1,-7.342827304E-2,1.773836794E2
2.298670211E2,2.282076025E-2,6.814968074E-4,1.576543320E-3,9.997380972E-1,1.773847065E2,1.823938614E-1,-7.395058356E-2,1.773845849E2
2.298720211E2,2.282356353E-2,6.795264781E-4,1.574609429E-3,9.997380376E-1,1.773843852E2,1.821673645E-1,-7.372940620E-2,1.773842641E2
2.298770211E2,2.283377585E-2,6.737515796E-4,1.580397016E-3,9.997377992E-1,1.773832146E2,1.828160422E-1,-7.305081974E-2,1.773830942E2
2.298820211E2,2.283103093E-2,6.750858738E-4,1.581778517E-3,9.997378588E-1,1.773835292E2,1.829776003E-1,-7.320056600E-2,1.773834085E2
2.298870211E2,2.282864118E-2,6.772272754E-4,1.577676856E-3,9.997379184E-1,1.773838031E2,1.825131338E-1,-7.345705604E-2,1.773836823E2
2.298920211E2,2.283405388E-2,6.737496005E-4,1.576375682E-3,9.997377992E-1,1.773831827E2,1.823553657E-1,-7.306106485E-2,1.773830626E2
2.298970211E2,2.283666137E-2,6.718733348E-4,1.577205490E-3,9.997377396E-1,1.773828839E2,1.824457100E-1,-7.284346972E-2,1.773827640E2
2.299020211E2,2.282827508E-2,6.761230179E-4,1.583437319E-3,9.997379184E-1,1.773838451E2,1.831701475E-1,-7.331554773E-2,1.773837240E2
2.299070211E2,2.282841641E-2,6.763156271E-4,1.581316115E-3,9.997379184E-1,1.773838289E2,1.829276527E-1,-7.334313666E-2,1.773837080E2
2.299120211E2,2.283403212E-2,6.729914458E-4,1.577014686E-3,9.997377992E-1,1.773831852E2,1.824265855E-1,-7.297254135E-2,1.773830652E2
2.299170211E2,2.283915866E-2,6.700376980E-4,1.579605276E-3,9.997376800E-1,1.773825976E2,1.827160111E-1,-7.262643964E-2,1.773824780E2
2.299220211E2,2.283115028E-2,6.744418642E-4,1.580329845E-3,9.997378588E-1,1.773835155E2,1.828099613E-1,-7.313055569E-2,1.773833950E2
2.299270211E2,2.282864915E-2,6.774013164E-4,1.577486866E-3,9.997379184E-1,1.773838022E2,1.824918242E-1,-7.347749002E-2,1.773836814E2
2.299320211E2,2.282573702E-2,6.786991726E-4,1.581290038E-3,9.997379780E-1,1.773841360E2,1.829307040E-1,-7.361675786E-2,1.773840146E2
2.299370211E2,2.282534868E-2,6.790036568E-4,1.586755505E-3,9.997379780E-1,1.773841805E2,1.835576063E-1,-7.363741500E-2,1.773840587E2
2.299420211E2,2.282532356E-2,6.793134962E-4,1.586984261E-3,9.997379780E-1,1.773841834E2,1.835846217E-1,-7.367231694E-2,1.773840615E2
2.299470211E2,2.282559603E-2,6.778422976E-4,1.583690988E-3,9.997379780E-1,1.773841522E2,1.832035095E-1,-7.351233844E-2,1.773840308E2
2.299520211E2,2.283102519E-2,6.756585790E-4,1.581616816E-3,9.997378588E-1,1.773835299E2,1.829605737E-1,-7.326660012E-2,1.773834090E2
2.299570211E2,2.283665772E-2,6.717073265E-4,1.577329007E-3,9.997377396E-1,1.773828843E2,1.824594256E-1,-7.282412897E-2,1.773827645E2
2.299620211E2,2.283143964E-2,6.746379077E-4,1.576059964E-3,9.997378588E-1,1.773834824E2,1.823213297E-1,-7.316413360E-2,1.773833621E2
2.299670211E2,2.283669457E-2,6.712372997E-4,1.576995593E-3,9.997377396E-1,1.773828801E2,1.824200016E-1,-7.277114779E-2,1.773827604E2
2.299720211E2,2.284745892E-2,6.632418954E-4,1.575606759E-3,9.997375011E-1,1.773816462E2,1.822407418E-1,-7.185685430E-2,1.773815281E2
2.299770211E2,2.284221948E-2,6.681748200E-4,1.573849120E-3,9.997376204E-1,1.773822468E2,1.820519207E-1,-7.242753367E-2,1.773821279E2
2.299820211E2,2.283710564E-2,6.712049362E-4,1.571045257E-3,9.997377396E-1,1.773828329E2,1.817382651E-1,-7.278293758E-2,1.773827137E2
2.299870211E2,2.284779291E-2,6.627021939E-4,1.570983906E-3,9.997375011E-1,1.773816079E2,1.817097501E-1,-7.180706835E-2,1.773814903E2
2.299920211E2,2.284792092E-2,6.626944523E-4,1.569124288E-3,9.997375011E-1,1.773815933E2,1.814966977E-1,-7.181102723E-2,1.773814757E2
2.299970211E2,2.284018690E-2,6.698148791E-4,1.564762555E-3,9.997376800E-1,1.773824798E2,1.810150926E-1,-7.263957481E-2,1.773823612E2
2.300020211E2,2.284575167E-2,6.659649080E-4,1.561329234E-3,9.997375607E-1,1.773818419E2,1.806120890E-1,-7.220649728E-2,1.773817243E2
2.300070211E2,2.284812704E-2,6.634085439E-4,1.565817744E-3,9.997375011E-1,1.773815696E2,1.811197785E-1,-7.190145483E-2,1.773814522E2
2.300120211E2,2.284248836E-2,6.670807488E-4,1.570407068E-3,9.997376204E-1,1.773822160E2,1.816547481E-1,-7.231115642E-2,1.773820975E2
2.300170211E2,2.283746508E-2,6.700579543E-4,1.566302846E-3,9.997377396E-1,1.773827917E2,1.811919897E-1,-7.266388359E-2,1.773826730E2
2.300220211E2,2.284299475E-2,6.677387864E-4,1.562742866E-3,9.997376204E-1,1.773821579E2,1.807784821E-1,-7.240651307E-2,1.773820399E2
2.300270211E2,2.284542441E-2,6.648963317E-4,1.566564315E-3,9.997375607E-1,1.773818794E2,1.812090081E-1,-7.207043317E-2,1.773817617E2
2.300320211E2,2.284780454E-2,6.629588897E-4,1.570706489E-3,9.997375011E-1,1.773816066E2,1.816786416E-1,-7.183720006E-2,1.773814889E2
2.300370211E2,2.283733713E-2,6.710094749E-4,1.567760366E-3,9.997377396E-1,1.773828064E2,1.813614470E-1,-7.276910000E-2,1.773826874E2
2.300420211E2,2.283210418E-2,6.749783643E-4,1.566256746E-3,9.997378588E-1,1.773834062E2,1.811991940E-1,-7.322866567E-2,1.773832866E2
2.300470211E2,2.283444864E-2,6.736685173E-4,1.570681809E-3,9.997377992E-1,1.773831375E2,1.817028814E-1,-7.306660332E-2,1.773830178E2
2.300520211E2,2.283429375E-2,6.732776528E-4,1.573099289E-3,9.997377992E-1,1.773831552E2,1.819787984E-1,-7.301552751E-2,1.773830355E2
2.300570211E2,2.283709439E-2,6.706860149E-4,1.571430359E-3,9.997377396E-1,1.773828342E2,1.817810241E-1,-7.272248336E-2,1.773827150E2
2.300620211E2,2.284813649E-2,6.640421925E-4,1.565411221E-3,9.997375011E-1,1.773815686E2,1.810748665E-1,-7.197510927E-2,1.773814510E2
2.300670211E2,2.285576661E-2,6.587459939E-4,1.570454100E-3,9.997373223E-1,1.773806940E2,1.816392642E-1,-7.135377853E-2,1.773805771E2
2.300720211E2,2.285273667E-2,6.608751137E-4,1.575700589E-3,9.997373819E-1,1.773810413E2,1.822456718E-1,-7.158450443E-2,1.773809236E2
2.300770211E2,2.285021885E-2,6.616162718E-4,1.574085676E-3,9.997374415E-1,1.773813299E2,1.820624250E-1,-7.167410036E-2,1.773812122E2
2.300820211E2,2.285533440E-2,6.579393521E-4,1.577068353E-3,9.997373223E-1,1.773807435E2,1.823948614E-1,-7.124412325E-2,1.773806263E2
2.300870211E2,2.285246145E-2,6.601391942E-4,1.579994801E-3,9.997373819E-1,1.773810728E2,1.827356775E-1,-7.148900079E-2,1.773809550E2
2.300920211E2,2.284729814E-2,6.636074395E-4,1.577782677E-3,9.997375011E-1,1.773816647E2,1.824909647E-1,-7.189306384E-2,1.773815463E2
2.300970211E2,2.284783927E-2,6.633716403E-4,1.570026856E-3,9.997375011E-1,1.773816026E2,1.816018649E-1,-7.188625855E-2,1.773814849E2
2.301020211E2,2.284481694E-2,6.651598378E-4,1.575286966E-3,9.997375607E-1,1.773819491E2,1.822089374E-1,-7.207789551E-2,1.773818306E2
2.301070211E2,2.284193028E-2,6.668195128E-4,1.578613999E-3,9.997376204E-1,1.773822799E2,1.825942252E-1,-7.225984765E-2,1.773821609E2
2.301120211E2,2.283927798E-2,6.695234333E-4,1.578097348E-3,9.997376800E-1,1.773825839E2,1.825419226E-1,-7.257144960E-2,1.773824645E2
2.301170211E2,2.283673330E-2,6.704912521E-4,1.576752053E-3,9.997377396E-1,1.773828756E2,1.823901513E-1,-7.268630971E-2,1.773827561E2
2.301220211E2,2.284217549E-2,6.665094988E-4,1.575193135E-3,9.997376204E-1,1.773822518E2,1.822015307E-1,-7.223324179E-2,1.773821331E2
2.301270211E2,2.284197172E-2,6.678941427E-4,1.577559742E-3,9.997376204E-1,1.773822752E2,1.824762637E-1,-7.238571096E-2,1.773821561E2
2.301320211E2,2.283929131E-2,6.688256399E-4,1.578200259E-3,9.997376800E-1,1.773825824E2,1.825518867E-1,-7.249123752E-2,1.773824631E2
2.301370211E2,2.283416798E-2,6.720762467E-4,1.575436909E-3,9.997377992E-1,1.773831697E2,1.822434473E-1,-7.287179854E-2,1.773830499E2
2.301420211E2,2.283645976E-2,6.715397467E-4,1.580263721E-3,9.997377396E-1,1.773829070E2,1.827951789E-1,-7.279728678E-2,1.773827870E2
2.301470211E2,2.283879319E-2,6.695504999E-4,1.585086458E-3,9.997376800E-1,1.773826395E2,1.833426438E-1,-7.255634661E-2,1.773825195E2
2.301520211E2,2.283087438E-2,6.745978608E-4,1.584244426E-3,9.997378588E-1,1.773835472E2,1.832588112E-1,-7.313823544E-2,1.773834263E2
2.301570211E2,2.283335734E-2,6.736357464E-4,1.586481347E-3,9.997377992E-1,1.773832626E2,1.835127409E-1,-7.302170576E-2,1.773831417E2
2.301620211E2,2.283828987E-2,6.693720934E-4,1.592396991E-3,9.997376800E-1,1.773826972E2,1.841796488E-1,-7.251686727E-2,1.773825767E2
2.301670211E2,2.282993161E-2,6.750713801E-4,1.597572700E-3,9.997378588E-1,1.773836552E2,1.847868936E-1,-7.315778536E-2,1.773835333E2
2.301720211E2,2.282739150E-2,6.768819294E-4,1.595803071E-3,9.997379184E-1,1.773839464E2,1.845887123E-1,-7.337030350E-2,1.773838243E2
2.301770211E2,2.284044396E-2,6.682640524E-4,1.599372481E-3,9.997376204E-1,1.773824503E2,1.849760297E-1,-7.237127358E-2,1.773823295E2
2.301820211E2,2.283241249E-2,6.738490192E-4,1.599932206E-3,9.997377992E-1,1.773833709E2,1.850541860E-1,-7.301111754E-2,1.773832490E2
2.301870211E2,2.282131460E-2,6.810391787E-4,1.606234349E-3,9.997380376E-1,1.773846429E2,1.857941670E-1,-7.382040611E-2,1.773845193E2
2.301920211E2,2.282661848E-2,6.782523706E-4,1.606244594E-3,9.997379184E-1,1.773840350E2,1.857884417E-1,-7.350013251E-2,1.773839118E2
2.301970211E2,2.282645683E-2,6.771059707E-4,1.609023078E-3,9.997379184E-1,1.773840535E2,1.861037393E-1,-7.336156109E-2,1.773839304E2
2.302020211E2,2.282896703E-2,6.758809322E-4,1.610958367E-3,9.997378588E-1,1.773837658E2,1.863224286E-1,-7.321568853E-2,1.773836428E2
2.302070211E2,2.282367629E-2,6.788817118E-4,1.610683626E-3,9.997379780E-1,1.773843722E2,1.862984157E-1,-7.356116719E-2,1.773842486E2
2.302120211E2,2.282073988E-2,6.810734631E-4,1.614364679E-3,9.997380376E-1,1.773847088E2,1.867256405E-1,-7.380317821E-2,1.773845845E2
2.302170211E2,2.281549767E-2,6.841343129E-4,1.613342320E-3,9.997381568E-1,1.773853097E2,1.866161337E-1,-7.415748622E-2,1.773851849E2
2.302220211E2,2.281826434E-2,6.837391411E-4,1.611315762E-3,9.997380972E-1,1.773849926E2,1.863831391E-1,-7.411699753E-2,1.773848680E2
2.302270211E2,2.282400299E-2,6.800075062E-4,1.605571131E-3,9.997379780E-1,1.773843348E2,1.857156873E-1,-7.370345115E-2,1.773842114E2
2.302320211E2,2.283152654E-2,6.746189320E-4,1.612203661E-3,9.997377992E-1,1.773834724E2,1.864619772E-1,-7.306737657E-2,1.773833495E2
2.302370211E2,2.283385443E-2,6.718800287E-4,1.617331873E-3,9.997377396E-1,1.773832056E2,1.870424774E-1,-7.273975044E-2,1.773830829E2
2.302420211E2,2.282546257E-2,6.777787930E-4,1.622785814E-3,9.997379184E-1,1.773841675E2,1.876821118E-1,-7.340282612E-2,1.773840432E2
2.302470211E2,2.282048434E-2,6.805576268E-4,1.618190086E-3,9.997380376E-1,1.773847381E2,1.871625186E-1,-7.373412685E-2,1.773846136E2
2.302520211E2,2.282608761E-2,6.777687813E-4,1.613974338E-3,9.997379184E-1,1.773840958E2,1.866726720E-1,-7.342461092E-2,1.773839722E2
2.302570211E2,2.282864734E-2,6.749795866E-4,1.615859102E-3,9.997378588E-1,1.773838024E2,1.868814847E-1,-7.309966774E-2,1.773836792E2
2.302620211E2,2.282109615E-2,6.809653132E-4,1.609366387E-3,9.997380376E-1,1.773846680E2,1.861527700E-1,-7.380379355E-2,1.773845441E2
2.302670211E2,2.281823242E-2,6.837911205E-4,1.611745683E-3,9.997380972E-1,1.773849962E2,1.864325253E-1,-7.412183412E-2,1.773848716E2
2.302720211E2,2.282330036E-2,6.800307892E-4,1.615518588E-3,9.997379780E-1,1.773844153E2,1.868552962E-1,-7.368023159E-2,1.773842912E2
2.302770211E2,2.281540826E-2,6.845729658E-4,1.614420325E-3,9.997381568E-1,1.773853199E2,1.867407725E-1,-7.420493715E-2,1.773851950E2
2.302820211E2,2.281019768E-2,6.882400485E-4,1.612668042E-3,9.997382760E-1,1.773859172E2,1.865492273E-1,-7.463059776E-2,1.773857917E2
2.302870211E2,2.281838026E-2,6.833812804E-4,1.609825296E-3,9.997380972E-1,1.773849793E2,1.862114612E-1,-7.407987628E-2,1.773848549E2
2.302920211E2,2.282354848E-2,6.786930026E-4,1.612573047E-3,9.997379780E-1,1.773843869E2,1.865143684E-1,-7.353463037E-2,1.773842632E2
2.302970211E2,2.282363812E-2,6.796562811E-4,1.610897714E-3,9.997379780E-1,1.773843766E2,1.863249653E-1,-7.364935023E-2,1.773842529E2
2.303020211E2,2.282111509E-2,6.806741003E-4,1.609220984E-3,9.997380376E-1,1.773846658E2,1.861353521E-1,-7.377080847E-2,1.773845420E2
2.303070211E2,2.282899736E-2,6.763272104E-4,1.610341133E-3,9.997378588E-1,1.773837623E2,1.862528870E-1,-7.326842396E-2,1.773836392E2
2.303120211E2,2.283399799E-2,6.712342729E-4,1.615572255E-3,9.997377396E-1,1.773831891E2,1.868392128E-1,-7.267034920E-2,1.773830666E2
2.303170211E2,2.282878287E-2,6.759552052E-4,1.613534871E-3,9.997378588E-1,1.773837869E2,1.866177787E-1,-7.321749125E-2,1.773836637E2
2.303220211E2,2.283975282E-2,6.688371650E-4,1.608974067E-3,9.997376204E-1,1.773825295E2,1.860774556E-1,-7.241192723E-2,1.773824080E2
2.303270211E2,2.284782008E-2,6.624641828E-4,1.608179882E-3,9.997374415E-1,1.773816048E2,1.859703688E-1,-7.168240664E-2,1.773814845E2
2.303320211E2,2.283960612E-2,6.677909987E-4,1.611489104E-3,9.997376204E-1,1.773825463E2,1.863628339E-1,-7.228552139E-2,1.773824248E2
2.303370211E2,2.283994880E-2,6.688727881E-4,1.606174745E-3,9.997376204E-1,1.773825070E2,1.857568674E-1,-7.242329871E-2,1.773823857E2
2.303420211E2,2.284292454E-2,6.670603179E-4,1.601704280E-3,9.997375607E-1,1.773821660E2,1.852401932E-1,-7.222680894E-2,1.773820453E2
2.303470211E2,2.284524786E-2,6.648808485E-4,1.606670208E-3,9.997375011E-1,1.773818997E2,1.858035607E-1,-7.196369433E-2,1.773817790E2
2.303520211E2,2.284498207E-2,6.637800834E-4,1.610898995E-3,9.997375011E-1,1.773819301E2,1.862851172E-1,-7.182656759E-2,1.773818094E2
2.303570211E2,2.285005237E-2,6.617413601E-4,1.613804954E-3,9.997373819E-1,1.773813490E2,1.866130546E-1,-7.158445422E-2,1.773812284E2
2.303620211E2,2.285009178E-2,6.613623118E-4,1.613402390E-3,9.997373819E-1,1.773813444E2,1.865659462E-1,-7.154207665E-2,1.773812240E2
2.303670211E2,2.284462735E-2,6.647636183E-4,1.615517307E-3,9.997375011E-1,1.773819708E2,1.868167492E-1,-7.192721853E-2,1.773818495E2
2.303720211E2,2.285234478E-2,6.594578153E-4,1.619195100E-3,9.997373223E-1,1.773810862E2,1.872247431E-1,-7.130830423E-2,1.773809657E2
2.303770211E2,2.285567079E-2,6.569962134E-4,1.610026811E-3,9.997372627E-1,1.773807050E2,1.861681963E-1,-7.104969007E-2,1.773805856E2
2.303820211E2,2.285311207E-2,6.583358627E-4,1.608788967E-3,9.997373223E-1,1.773809983E2,1.860297135E-1,-7.120688056E-2,1.773808787E2
2.303870211E2,2.286052795E-2,6.531455438E-4,1.616643509E-3,9.997371435E-1,1.773801482E2,1.869164738E-1,-7.059031312E-2,1.773800291E2
2.303920211E2,2.286040168E-2,6.539147580E-4,1.618117327E-3,9.997371435E-1,1.773801627E2,1.870873235E-1,-7.067459803E-2,1.773800433E2
2.303970211E2,2.285507390E-2,6.573179271E-4,1.618347247E-3,9.997372627E-1,1.773807734E2,1.871222010E-1,-7.106486499E-2,1.773806533E2
2.304020211E2,2.286341527E-2,6.525048520E-4,1.612926251E-3,9.997370839E-1,1.773798173E2,1.864891431E-1,-7.052611421E-2,1.773796985E2
2.304070211E2,2.286338220E-2,6.523564225E-4,1.613454893E-3,9.997370839E-1,1.773798211E2,1.865493140E-1,-7.050773099E-2,1.773797023E2
2.304120211E2,2.286072200E-2,6.538595189E-4,1.613607979E-3,9.997371435E-1,1.773801260E2,1.865706023E-1,-7.068002327E-2,1.773800069E2
2.304170211E2,2.286077688E-2,6.544992211E-4,1.612570835E-3,9.997371435E-1,1.773801197E2,1.864534651E-1,-7.075601534E-2,1.773800006E2
2.304220211E2,2.287360390E-2,6.452226662E-4,1.619165065E-3,9.997368455E-1,1.773786495E2,1.871855014E-1,-6.967360248E-2,1.773785317E2
2.304270211E2,2.288686530E-2,6.364788860E-4,1.619241782E-3,9.997365475E-1,1.773771294E2,1.871722796E-1,-6.866921852E-2,1.773770133E2
2.304320211E2,2.288197837E-2,6.388053880E-4,1.613781438E-3,9.997366667E-1,1.773776896E2,1.865524984E-1,-6.895097895E-2,1.773775734E2
2.304370211E2,2.288488259E-2,6.367754540E-4,1.610323088E-3,9.997366071E-1,1.773773567E2,1.861511800E-1,-6.872695455E-2,1.773772411E2
2.304420211E2,2.289515088E-2,6.304921117E-4,1.614847453E-3,9.997363687E-1,1.773761797E2,1.866537179E-1,-6.799334357E-2,1.773760650E2
2.304470211E2,2.289009018E-2,6.331172190E-4,1.611758256E-3,9.997364879E-1,1.773767598E2,1.863063565E-1,-6.830312774E-2,1.773766448E2
2.304520211E2,2.289039510E-2,6.340292166E-4,1.607062411E-3,9.997364879E-1,1.773767248E2,1.857708057E-1,-6.841986862E-2,1.773766100E2
2.304570211E2,2.289060702E-2,6.339818356E-4,1.604059711E-3,9.997364879E-1,1.773767005E2,1.854267013E-1,-6.842227785E-2,1.773765859E2
2.304620211E2,2.289576454E-2,6.305752904E-4,1.606090576E-3,9.997363687E-1,1.773761094E2,1.856507749E-1,-6.802573418E-2,1.773759952E2
2.304670211E2,2.288814267E-2,6.347732851E-4,1.601761673E-3,9.997365475E-1,1.773769830E2,1.851653414E-1,-6.851943204E-2,1.773768684E2
2.304720211E2,2.289081138E-2,6.341662374E-4,1.601067837E-3,9.997364879E-1,1.773766771E2,1.850844448E-1,-6.845121360E-2,1.773765627E2
2.304770211E2,2.289622225E-2,6.288513541E-4,1.600230928E-3,9.997363687E-1,1.773760569E2,1.849749909E-1,-6.784352739E-2,1.773759435E2
2.304820211E2,2.289620562E-2,6.289955345E-4,1.600412186E-3,9.997363687E-1,1.773760588E2,1.849961334E-1,-6.785957238E-2,1.773759454E2
2.304870211E2,2.289062307E-2,6.335697835E-4,1.603993587E-3,9.997364879E-1,1.773766987E2,1.854180462E-1,-6.837524307E-2,1.773765841E2
2.304920211E2,2.289327424E-2,6.320031825E-4,1.603924902E-3,9.997364283E-1,1.773763948E2,1.854062485E-1,-6.819545957E-2,1.773762806E2
2.304970211E2,2.289553822E-2,6.300640525E-4,1.609514002E-3,9.997363687E-1,1.773761353E2,1.860416116E-1,-6.795822587E-2,1.773760211E2
2.305020211E2,2.289010779E-2,6.338484818E-4,1.611220650E-3,9.997364879E-1,1.773767578E2,1.862466870E-1,-6.838830916E-2,1.773766427E2
2.305070211E2,2.289825479E-2,6.274255575E-4,1.608921681E-3,9.997363091E-1,1.773758239E2,1.859670147E-1,-6.765700500E-2,1.773757102E2
2.305120211E2,2.290072935E-2,6.263945834E-4,1.611138461E-3,9.997362494E-1,1.773755403E2,1.862184345E-1,-6.753261729E-2,1.773754266E2
2.305170211E2,2.290333624E-2,6.252453895E-4,1.611513901E-3,9.997361898E-1,1.773752415E2,1.862586051E-1,-6.739949310E-2,1.773751280E2
2.305220211E2,2.290051387E-2,6.255426561E-4,1.614528708E-3,9.997362494E-1,1.773755650E2,1.866045765E-1,-6.742616236E-2,1.773754513E2
2.305270211E2,2.289834549E-2,6.287358701E-4,1.607118291E-3,9.997363091E-1,1.773758135E2,1.857638601E-1,-6.781183158E-2,1.773756997E2
2.305320211E2,2.290073100E-2,6.257914938E-4,1.611349289E-3,9.997362494E-1,1.773755401E2,1.862410046E-1,-6.746297292E-2,1.773754265E2
2.305370211E2,2.289785053E-2,6.277909270E-4,1.614522771E-3,9.997363091E-1,1.773758703E2,1.866096167E-1,-6.768424007E-2,1.773757561E2
2.305420211E2,2.288987279E-2,6.332049379E-4,1.614808221E-3,9.997364879E-1,1.773767847E2,1.866559811E-1,-6.830521708E-2,1.773766695E2
2.305470211E2,2.289012242E-2,6.331048207E-4,1.611305168E-3,9.997364879E-1,1.773767561E2,1.862544196E-1,-6.830288989E-2,1.773766411E2
2.305520211E2,2.289560037E-2,6.302148686E-4,1.608570456E-3,9.997363687E-1,1.773761282E2,1.859339173E-1,-6.797796764E-2,1.773760140E2
2.305570211E2,2.289808789E-2,6.279441877E-4,1.611093176E-3,9.997363091E-1,1.773758431E2,1.862171347E-1,-6.771075294E-2,1.773757291E2
2.305620211E2,2.289265740E-2,6.314613856E-4,1.612917287E-3,9.997364283E-1,1.773764655E2,1.864349682E-1,-6.810991413E-2,1.773763508E2
2.305670211E2,2.289294126E-2,6.323032430E-4,1.608552528E-3,9.997364283E-1,1.773764330E2,1.859371618E-1,-6.821775630E-2,1.773763184E2
2.305720211E2,2.289561421E-2,6.289714947E-4,1.608860213E-3,9.997363687E-1,1.773761266E2,1.859638508E-1,-6.783476218E-2,1.773760126E2
2.305770211E2,2.289323003E-2,6.315364153E-4,1.604739460E-3,9.997364283E-1,1.773763999E2,1.854983380E-1,-6.813985728E-2,1.773762857E2
2.305820211E2,2.288283578E-2,6.391121424E-4,1.601455384E-3,9.997366667E-1,1.773775913E2,1.851412675E-1,-6.901828377E-2,1.773774759E2
2.305870211E2,2.288568149E-2,6.370888441E-4,1.598804258E-3,9.997366071E-1,1.773772651E2,1.848324395E-1,-6.879291778E-2,1.773771503E2
2.305920211E2,2.288807976E-2,6.347714225E-4,1.602661097E-3,9.997365475E-1,1.773769902E2,1.852683719E-1,-6.851687120E-2,1.773768755E2
2.305970211E2,2.288002048E-2,6.414570380E-4,1.603531884E-3,9.997367263E-1,1.773779140E2,1.853851094E-1,-6.928199519E-2,1.773777980E2
2.306020211E2,2.287484795E-2,6.443063612E-4,1.601862488E-3,9.997368455E-1,1.773785069E2,1.852009718E-1,-6.961375305E-2,1.773783904E2
2.306070211E2,2.287986497E-2,6.406438188E-4,1.606073929E-3,9.997367263E-1,1.773779318E2,1.856741874E-1,-6.918219533E-2,1.773778158E2
2.306120211E2,2.287999719E-2,6.398177939E-4,1.604518853E-3,9.997367263E-1,1.773779166E2,1.854938783E-1,-6.909161755E-2,1.773778009E2
2.306170211E2,2.287470089E-2,6.439097924E-4,1.604120480E-3,9.997368455E-1,1.773785237E2,1.854586015E-1,-6.956242977E-2,1.773784072E2
2.306220211E2,2.287999973E-2,6.404800224E-4,1.604218385E-3,9.997367263E-1,1.773779164E2,1.854611929E-1,-6.916827075E-2,1.773778005E2
2.306270211E2,2.288536882E-2,6.362472777E-4,1.603607787E-3,9.997366071E-1,1.773773009E2,1.853805114E-1,-6.868396687E-2,1.773771859E2
2.306320211E2,2.288789696E-2,6.356316153E-4,1.604929217E-3,9.997365475E-1,1.773770112E2,1.855304555E-1,-6.860950097E-2,1.773768962E2
2.306370211E2,2.288537290E-2,6.375340163E-4,1.603038399E-3,9.997366071E-1,1.773773005E2,1.853186565E-1,-6.883286997E-2,1.773771852E2
2.306420211E2,2.288287023E-2,6.386279128E-4,1.601156197E-3,9.997366667E-1,1.773775873E2,1.851057245E-1,-6.896358793E-2,1.773774720E2
2.306470211E2,2.288806432E-2,6.355946534E-4,1.602555392E-3,9.997365475E-1,1.773769920E2,1.852584205E-1,-6.861146181E-2,1.773768772E2
2.306520211E2,2.287735411E-2,6.424320163E-4,1.604023390E-3,9.997367859E-1,1.773782196E2,1.854437887E-1,-6.939289597E-2,1.773781034E2
2.306570211E2,2.286978094E-2,6.484152400E-4,1.598150353E-3,9.997369647E-1,1.773790876E2,1.847861196E-1,-7.009513962E-2,1.773789707E2
2.306620211E2,2.287533891E-2,6.438324344E-4,1.595027512E-3,9.997368455E-1,1.773784506E2,1.844167365E-1,-6.957728585E-2,1.773783347E2
2.306670211E2,2.288301263E-2,6.393450312E-4,1.598833245E-3,9.997366667E-1,1.773775710E2,1.848414936E-1,-6.905180718E-2,1.773774557E2
2.306720211E2,2.287277809E-2,6.450142828E-4,1.593914698E-3,9.997369051E-1,1.773787441E2,1.842921704E-1,-6.971606934E-2,1.773786281E2
2.306770211E2,2.287312440E-2,6.459585857E-4,1.588553656E-3,9.997369051E-1,1.773787044E2,1.836804994E-1,-6.983823850E-2,1.773785886E2
2.306820211E2,2.287590358E-2,6.439617719E-4,1.586855971E-3,9.997368455E-1,1.773783859E2,1.834809686E-1,-6.961342050E-2,1.773782706E2
2.306870211E2,2.287054335E-2,6.468403735E-4,1.587844919E-3,9.997369647E-1,1.773790003E2,1.836014362E-1,-6.994158913E-2,1.773788843E2
2.306920211E2,2.287061812E-2,6.475530681E-4,1.586476923E-3,9.997369647E-1,1.773789917E2,1.834465894E-1,-7.002680811E-2,1.773788757E2
2.306970211E2,2.287607947E-2,6.445865147E-4,1.584064215E-3,9.997368455E-1,1.773783657E2,1.831627903E-1,-6.969227832E-2,1.773782505E2
2.307020211E2,2.287852750E-2,6.417839904E-4,1.587461447E-3,9.997367859E-1,1.773780851E2,1.835448056E-1,-6.936186174E-2,1.773779702E2
2.307070211E2,2.288107368E-2,6.411251379E-4,1.588566927E-3,9.997367263E-1,1.773777933E2,1.836699002E-1,-6.928301652E-2,1.773776784E2
2.307120211E2,2.286799812E-2,6.489330553E-4,1.586120226E-3,9.997370243E-1,1.773792920E2,1.834091588E-1,-7.018631698E-2,1.773791758E2
2.307170211E2,2.287341508E-2,6.462951424E-4,1.584225451E-3,9.997369051E-1,1.773786711E2,1.831855550E-1,-6.988808669E-2,1.773785555E2
2.307220211E2,2.287311477E-2,6.450946094E-4,1.589043299E-3,9.997369051E-1,1.773787055E2,1.837343282E-1,-6.973797844E-2,1.773785898E2
2.307270211E2,2.287557945E-2,6.443873863E-4,1.591349370E-3,9.997368455E-1,1.773784230E2,1.839968336E-1,-6.965045969E-2,1.773783073E2
2.307320211E2,2.287590493E-2,6.438520504E-4,1.586881001E-3,9.997368455E-1,1.773783857E2,1.834835485E-1,-6.960078480E-2,1.773782704E2
2.307370211E2,2.287323446E-2,6.454520626E-4,1.587174251E-3,9.997369051E-1,1.773786918E2,1.835211521E-1,-6.978380596E-2,1.773785762E2
2.307420211E2,2.287841652E-2,6.425599568E-4,1.588746440E-3,9.997367859E-1,1.773780978E2,1.836940435E-1,-6.944740894E-2,1.773779826E2
2.307470211E2,2.287588230E-2,6.438014098E-4,1.587227685E-3,9.997368455E-1,1.773783883E2,1.835231310E-1,-6.959407865E-2,1.773782730E2
2.307520211E2,2.287074021E-2,6.481001037E-4,1.584492275E-3,9.997369647E-1,1.773789777E2,1.832206669E-1,-7.009465649E-2,1.773788618E2
2.307570211E2,2.287614701E-2,6.431245129E-4,1.583682955E-3,9.997368455E-1,1.773783580E2,1.831152842E-1,-6.952577639E-2,1.773782430E2
2.307620211E2,2.288591168E-2,6.368297618E-4,1.595609356E-3,9.997366071E-1,1.773772387E2,1.844657622E-1,-6.877157350E-2,1.773771241E2
2.307670211E2,2.287240478E-2,6.458237185E-4,1.598936040E-3,9.997369051E-1,1.773787869E2,1.848695201E-1,-6.979570682E-2,1.773786704E2
2.307720211E2,2.287558745E-2,6.431119400E-4,1.591750304E-3,9.997368455E-1,1.773784221E2,1.840394221E-1,-6.950329022E-2,1.773783066E2
2.307770211E2,2.288356628E-2,6.384908338E-4,1.591232372E-3,9.997366667E-1,1.773775075E2,1.839685223E-1,-6.897377914E-2,1.773773930E2
2.307820211E2,2.288044360E-2,6.410878268E-4,1.597631373E-3,9.997367263E-1,1.773778655E2,1.847081977E-1,-6.925509066E-2,1.773777500E2
2.307870211E2,2.286450358E-2,6.514538545E-4,1.597853377E-3,9.997370839E-1,1.773796925E2,1.847596900E-1,-7.044500134E-2,1.773795751E2
2.307920211E2,2.287249657E-2,6.453874521E-4,1.597798779E-3,9.997369051E-1,1.773787764E2,1.847380962E-1,-6.974869143E-2,1.773786600E2
2.307970211E2,2.287778309E-2,6.422215956E-4,1.597977825E-3,9.997367859E-1,1.773781704E2,1.847506762E-1,-6.938456008E-2,1.773780547E2
2.308020211E2,2.287489174E-2,6.446107873E-4,1.601114636E-3,9.997368455E-1,1.773785018E2,1.851160977E-1,-6.965058084E-2,1.773783854E2
2.308070211E2,2.286704952E-2,6.488945219E-4,1.599753508E-3,9.997370243E-1,1.773794007E2,1.849708446E-1,-7.014635066E-2,1.773792836E2
2.308120211E2,2.286956866E-2,6.482462049E-4,1.601253636E-3,9.997369647E-1,1.773791120E2,1.851411794E-1,-7.006768093E-2,1.773789949E2
2.308170211E2,2.286943230E-2,6.473197718E-4,1.603574376E-3,9.997369647E-1,1.773791276E2,1.854046098E-1,-6.995549054E-2,1.773790105E2
2.308220211E2,2.286702885E-2,6.493306137E-4,1.599872019E-3,9.997370243E-1,1.773794031E2,1.849855628E-1,-7.019600324E-2,1.773792859E2
2.308270211E2,2.286989352E-2,6.477327552E-4,1.596815535E-3,9.997369647E-1,1.773790747E2,1.846314195E-1,-7.002043067E-2,1.773789580E2
2.308320211E2,2.287491994E-2,6.439760909E-4,1.600967022E-3,9.997368455E-1,1.773784986E2,1.850975248E-1,-6.957825084E-2,1.773783823E2
2.308370211E2,2.287157943E-2,6.462781457E-4,1.610516687E-3,9.997369051E-1,1.773788815E2,1.861973533E-1,-6.981756628E-2,1.773787641E2
2.308420211E2,2.287160204E-2,6.461529410E-4,1.610245905E-3,9.997369051E-1,1.773788789E2,1.861660054E-1,-6.980392817E-2,1.773787616E2
2.308470211E2,2.287175618E-2,6.455843686E-4,1.608283259E-3,9.997369051E-1,1.773788612E2,1.859396815E-1,-6.974390714E-2,1.773787441E2
2.308520211E2,2.287406840E-2,6.452396628E-4,1.612582942E-3,9.997368455E-1,1.773785962E2,1.864315186E-1,-6.969271636E-2,1.773784789E2
2.308570211E2,2.287399188E-2,6.444544415E-4,1.613981789E-3,9.997368455E-1,1.773786050E2,1.865897092E-1,-6.959910776E-2,1.773784877E2
2.308620211E2,2.287154878E-2,6.456002011E-4,1.611223794E-3,9.997369051E-1,1.773788850E2,1.862765815E-1,-6.973805234E-2,1.773787677E2
2.308670211E2,2.287715428E-2,6.434204406E-4,1.606475445E-3,9.997367859E-1,1.773782425E2,1.857272782E-1,-6.949973991E-2,1.773781259E2
2.308720211E2,2.287948862E-2,6.405393942E-4,1.611467800E-3,9.997367263E-1,1.773779749E2,1.862918190E-1,-6.915615993E-2,1.773778586E2
2.308770211E2,2.287945473E-2,6.413105875E-4,1.611642307E-3,9.997367263E-1,1.773779788E2,1.863138306E-1,-6.924405771E-2,1.773778623E2
2.308820211E2,2.287979753E-2,6.416058750E-4,1.606650418E-3,9.997367263E-1,1.773779395E2,1.857427490E-1,-6.929091087E-2,1.773778233E2
2.308870211E2,2.287743667E-2,6.424151361E-4,1.602852135E-3,9.997367859E-1,1.773782101E2,1.853095692E-1,-6.939401749E-2,1.773780940E2
2.308920211E2,2.287192810E-2,6.453155074E-4,1.605944592E-3,9.997369051E-1,1.773788415E2,1.856710668E-1,-6.971920380E-2,1.773787246E2
2.308970211E2,2.287208009E-2,6.457513664E-4,1.603603014E-3,9.997369051E-1,1.773788241E2,1.854039646E-1,-6.977524564E-2,1.773787073E2
2.309020211E2,2.287220681E-2,6.469886866E-4,1.601295196E-3,9.997369051E-1,1.773788096E2,1.851428292E-1,-6.992302032E-2,1.773786927E2
2.309070211E2,2.287525660E-2,6.439234130E-4,1.596170827E-3,9.997368455E-1,1.773784600E2,1.845479495E-1,-6.958472655E-2,1.773783441E2
2.309120211E2,2.288326873E-2,6.387608591E-4,1.595397596E-3,9.997366667E-1,1.773775417E2,1.844463853E-1,-6.899384572E-2,1.773774267E2
2.309170211E2,2.287584969E-2,6.433987874E-4,1.587860868E-3,9.997368455E-1,1.773783920E2,1.835946117E-1,-6.954629974E-2,1.773782768E2
2.309220211E2,2.286795886E-2,6.490931264E-4,1.586620579E-3,9.997370243E-1,1.773792965E2,1.834668969E-1,-7.020335093E-2,1.773791802E2
2.309270211E2,2.286517574E-2,6.516490248E-4,1.588125713E-3,9.997370839E-1,1.773796155E2,1.836458300E-1,-7.049272528E-2,1.773794987E2
2.309320211E2,2.287069904E-2,6.482853205E-4,1.585010672E-3,9.997369647E-1,1.773789824E2,1.832805381E-1,-7.011452407E-2,1.773788664E2
2.309370211E2,2.286818212E-2,6.491282256E-4,1.583385048E-3,9.997370243E-1,1.773792709E2,1.830963363E-1,-7.021581008E-2,1.773791549E2
2.309420211E2,2.286018993E-2,6.551865372E-4,1.583395875E-3,9.997372031E-1,1.773801870E2,1.831128877E-1,-7.091129459E-2,1.773800698E2
2.309470211E2,2.286808632E-2,6.502031465E-4,1.584327430E-3,9.997370243E-1,1.773792819E2,1.832071078E-1,-7.033650252E-2,1.773791656E2
2.309520211E2,2.286804531E-2,6.499285810E-4,1.585031743E-3,9.997370243E-1,1.773792866E2,1.832870726E-1,-7.030320967E-2,1.773791703E2
2.309570211E2,2.285738501E-2,6.570866681E-4,1.585466787E-3,9.997372627E-1,1.773805085E2,1.833549138E-1,-7.112406565E-2,1.773803908E2
2.309620211E2,2.285491668E-2,6.590581615E-4,1.582645113E-3,9.997373223E-1,1.773807914E2,1.830366460E-1,-7.135776585E-2,1.773806736E2
2.309670211E2,2.286520085E-2,6.518059527E-4,1.587699750E-3,9.997370839E-1,1.773796126E2,1.835974439E-1,-7.051181470E-2,1.773794958E2
2.309720211E2,2.285931569E-2,6.555861910E-4,1.595803304E-3,9.997372031E-1,1.773802872E2,1.845352903E-1,-7.092473708E-2,1.773801691E2
2.309770211E2,2.285157724E-2,6.605089293E-4,1.592578716E-3,9.997373819E-1,1.773811742E2,1.841782190E-1,-7.149856606E-2,1.773810554E2
2.309820211E2,2.285684888E-2,6.568026729E-4,1.593294321E-3,9.997372627E-1,1.773805699E2,1.842508683E-1,-7.107112623E-2,1.773804518E2
2.309870211E2,2.285636517E-2,6.566147204E-4,1.600295538E-3,9.997372627E-1,1.773806254E2,1.850524138E-1,-7.103134518E-2,1.773805068E2
2.309920211E2,2.285379083E-2,6.586191012E-4,1.599001233E-3,9.997373223E-1,1.773809205E2,1.849092028E-1,-7.126483631E-2,1.773808015E2
2.309970211E2,2.285950343E-2,6.544993958E-4,1.593558583E-3,9.997372031E-1,1.773802657E2,1.842752972E-1,-7.080607788E-2,1.773801479E2
2.310020211E2,2.286735838E-2,6.487411447E-4,1.595394919E-3,9.997370243E-1,1.773793653E2,1.844711364E-1,-7.014014420E-2,1.773792485E2
2.310070211E2,2.286743939E-2,6.486912025E-4,1.594253699E-3,9.997370243E-1,1.773793560E2,1.843402710E-1,-7.013739841E-2,1.773792393E2
2.310120211E2,2.285957956E-2,6.545166252E-4,1.592459041E-3,9.997372031E-1,1.773802569E2,1.841493821E-1,-7.081091808E-2,1.773801393E2
2.310170211E2,2.286507351E-2,6.521602627E-4,1.589387190E-3,9.997370839E-1,1.773796272E2,1.837916795E-1,-7.054800682E-2,1.773795102E2
2.310220211E2,2.286468689E-2,6.510856911E-4,1.595378388E-3,9.997370839E-1,1.773796715E2,1.844751989E-1,-7.040927513E-2,1.773795543E2
2.310270211E2,2.286718659E-2,6.504241028E-4,1.597170951E-3,9.997370243E-1,1.773793850E2,1.846790004E-1,-7.032832393E-2,1.773792678E2
2.310320211E2,2.286715896E-2,6.500887102E-4,1.597703085E-3,9.997370243E-1,1.773793882E2,1.847390817E-1,-7.028851152E-2,1.773792710E2
2.310370211E2,2.287228720E-2,6.469718646E-4,1.600153395E-3,9.997369051E-1,1.773788004E2,1.850119839E-1,-6.992407105E-2,1.773786836E2
2.310420211E2,2.286948315E-2,6.476145354E-4,1.602729899E-3,9.997369647E-1,1.773791218E2,1.853086411E-1,-6.999146284E-2,1.773790047E2
2.310470211E2,2.287778423E-2,6.425246829E-4,1.597839640E-3,9.997367859E-1,1.773781703E2,1.847356402E-1,-6.941964427E-2,1.773780545E2
2.310520211E2,2.288331313E-2,6.393120275E-4,1.594539732E-3,9.997366667E-1,1.773775366E2,1.843495554E-1,-6.905922978E-2,1.773774216E2
2.310570211E2,2.288341644E-2,6.381306448E-4,1.593530062E-3,9.997366667E-1,1.773775247E2,1.842307946E-1,-6.892651757E-2,1.773774100E2
2.310620211E2,2.288328229E-2,6.383408327E-4,1.595371286E-3,9.997366667E-1,1.773775401E2,1.844422706E-1,-6.894579338E-2,1.773774253E2
2.310670211E2,2.288580712E-2,6.371430936E-4,1.596983406E-3,9.997366071E-1,1.773772507E2,1.846239904E-1,-6.880388489E-2,1.773771360E2
2.310720211E2,2.288554634E-2,6.377702812E-4,1.600466319E-3,9.997366071E-1,1.773772806E2,1.850246262E-1,-6.886665022E-2,1.773771655E2
2.310770211E2,2.288558451E-2,6.376517122E-4,1.599967713E-3,9.997366071E-1,1.773772762E2,1.849671965E-1,-6.885436738E-2,1.773771612E2
2.310820211E2,2.288580526E-2,6.373212091E-4,1.596938935E-3,9.997366071E-1,1.773772509E2,1.846193628E-1,-6.882440702E-2,1.773771362E2
2.310870211E2,2.288346431E-2,6.385348970E-4,1.592680463E-3,9.997366667E-1,1.773775192E2,1.841345266E-1,-6.897504842E-2,1.773774045E2
2.310920211E2,2.287548077E-2,6.431715447E-4,1.593258581E-3,9.997368455E-1,1.773784343E2,1.842123619E-1,-6.950618437E-2,1.773783187E2
2.310970211E2,2.288575236E-2,6.368952454E-4,1.597866649E-3,9.997366071E-1,1.773772570E2,1.847245224E-1,-6.877318474E-2,1.773771422E2
2.311020211E2,2.288562142E-2,6.376983947E-4,1.599421026E-3,9.997366071E-1,1.773772720E2,1.849046922E-1,-6.886114231E-2,1.773771570E2
2.311070211E2,2.287796085E-2,6.424404564E-4,1.595342765E-3,9.997367859E-1,1.773781501E2,1.844493852E-1,-6.941650869E-2,1.773780344E2
2.311120211E2,2.287578920E-2,6.440188736E-4,1.588480780E-3,9.997368455E-1,1.773783990E2,1.836672514E-1,-6.961572373E-2,1.773782835E2
2.311170211E2,2.287861316E-2,6.413465017E-4,1.586403348E-3,9.997367859E-1,1.773780753E2,1.834224467E-1,-6.931450081E-2,1.773779605E2
2.311220211E2,2.287359161E-2,6.448467611E-4,1.582265715E-3,9.997369051E-1,1.773786509E2,1.829572597E-1,-6.972726263E-2,1.773785357E2
2.311270211E2,2.287610049E-2,6.446938496E-4,1.583716949E-3,9.997368455E-1,1.773783633E2,1.831232897E-1,-6.970548128E-2,1.773782481E2
2.311320211E2,2.287336612E-2,6.447977503E-4,1.585541992E-3,9.997369051E-1,1.773786767E2,1.833324516E-1,-6.971310132E-2,1.773785613E2
2.311370211E2,2.288105703E-2,6.404031301E-4,1.589097898E-3,9.997367263E-1,1.773777952E2,1.837288346E-1,-6.919891307E-2,1.773776804E2
2.311420211E2,2.287800241E-2,6.424640305E-4,1.594737172E-3,9.997367859E-1,1.773781453E2,1.843800721E-1,-6.942078941E-2,1.773780297E2
2.311470211E2,2.288059370E-2,6.406520843E-4,1.595655340E-3,9.997367263E-1,1.773778483E2,1.844806875E-1,-6.921032488E-2,1.773777330E2
2.311520211E2,2.288049364E-2,6.412781659E-4,1.596838119E-3,9.997367263E-1,1.773778597E2,1.846178237E-1,-6.927896686E-2,1.773777442E2
2.311570211E2,2.287768235E-2,6.417022087E-4,1.599627896E-3,9.997367859E-1,1.773781820E2,1.849383425E-1,-6.932075098E-2,1.773780662E2
2.311620211E2,2.287808088E-2,6.424057065E-4,1.593634603E-3,9.997367859E-1,1.773781363E2,1.842536123E-1,-6.941698392E-2,1.773780208E2
2.311670211E2,2.287834036E-2,6.417105906E-4,1.590185799E-3,9.997367859E-1,1.773781066E2,1.838567066E-1,-6.934634464E-2,1.773779914E2
2.311720211E2,2.288868823E-2,6.350991316E-4,1.593817025E-3,9.997365475E-1,1.773769205E2,1.842560809E-1,-6.857749898E-2,1.773768063E2
2.311770211E2,2.289410719E-2,6.320740213E-4,1.591963228E-3,9.997364283E-1,1.773762993E2,1.840361411E-1,-6.823480300E-2,1.773761859E2
2.311820211E2,2.288090122E-2,6.398988189E-4,1.591542503E-3,9.997367263E-1,1.773778130E2,1.840075597E-1,-6.913475716E-2,1.773776981E2
2.311870211E2,2.288855528E-2,6.347797462E-4,1.595852314E-3,9.997365475E-1,1.773769357E2,1.844884003E-1,-6.853559578E-2,1.773768215E2
2.311920211E2,2.289081036E-2,6.336657680E-4,1.601280528E-3,9.997364879E-1,1.773766772E2,1.851074980E-1,-6.839332138E-2,1.773765628E2
2.311970211E2,2.288291626E-2,6.386258756E-4,1.600499032E-3,9.997366667E-1,1.773775821E2,1.850304364E-1,-6.896506930E-2,1.773774668E2
2.312020211E2,2.288324075E-2,6.389623159E-4,1.595718204E-3,9.997366667E-1,1.773775449E2,1.844836411E-1,-6.901608930E-2,1.773774299E2
2.312070211E2,2.289379430E-2,6.320966058E-4,1.596447546E-3,9.997364283E-1,1.773763352E2,1.845499102E-1,-6.822568307E-2,1.773762215E2
2.312120211E2,2.289057159E-2,6.326577277E-4,1.605087891E-3,9.997364879E-1,1.773767046E2,1.855410153E-1,-6.826789567E-2,1.773765901E2
2.312170211E2,2.288254860E-2,6.394188385E-4,1.605431433E-3,9.997366667E-1,1.773776242E2,1.855975551E-1,-6.904304625E-2,1.773775085E2
2.312220211E2,2.288805226E-2,6.347899325E-4,1.603046432E-3,9.997365475E-1,1.773769934E2,1.853125632E-1,-6.851798614E-2,1.773768787E2
2.312270211E2,2.289618403E-2,6.297647487E-4,1.600418473E-3,9.997363687E-1,1.773760613E2,1.849988706E-1,-6.794768213E-2,1.773759477E2
2.312320211E2,2.289591775E-2,6.297790678E-4,1.604217920E-3,9.997363687E-1,1.773760918E2,1.854341613E-1,-6.793940284E-2,1.773759780E2
2.312370211E2,2.289035619E-2,6.337708328E-4,1.607718412E-3,9.997364879E-1,1.773767293E2,1.858452777E-1,-6.838855424E-2,1.773766144E2
2.312420211E2,2.289541703E-2,6.295086932E-4,1.611453947E-3,9.997363687E-1,1.773761492E2,1.862623895E-1,-6.788953578E-2,1.773760349E2
2.312470211E2,2.289234558E-2,6.321654073E-4,1.617061906E-3,9.997364283E-1,1.773765013E2,1.869116087E-1,-6.817975303E-2,1.773763861E2
2.312520211E2,2.288729596E-2,6.345883594E-4,1.613887842E-3,9.997365475E-1,1.773770800E2,1.865539935E-1,-6.846659887E-2,1.773769646E2
2.312570211E2,2.288485524E-2,6.371696363E-4,1.610555919E-3,9.997366071E-1,1.773773598E2,1.861788854E-1,-6.877150712E-2,1.773772441E2
2.312620211E2,2.288507635E-2,6.365778390E-4,1.607645419E-3,9.997366071E-1,1.773773345E2,1.858439166E-1,-6.871130176E-2,1.773772191E2
2.312670211E2,2.289300958E-2,6.319020758E-4,1.607737620E-3,9.997364283E-1,1.773764251E2,1.858427568E-1,-6.817392320E-2,1.773763107E2
2.312720211E2,2.289311652E-2,6.315780920E-4,1.606341684E-3,9.997364283E-1,1.773764129E2,1.856819932E-1,-6.814044949E-2,1.773762986E2
2.312770211E2,2.290087336E-2,6.257523200E-4,1.609340077E-3,9.997362494E-1,1.773755238E2,1.860107326E-1,-6.746373151E-2,1.773754104E2
2.312820211E2,2.289803426E-2,6.279710215E-4,1.611844753E-3,9.997363091E-1,1.773758492E2,1.863033034E-1,-6.771186487E-2,1.773757352E2
2.312870211E2,2.290031159E-2,6.270284648E-4,1.616819878E-3,9.997362494E-1,1.773755882E2,1.868709428E-1,-6.759040368E-2,1.773754740E2
2.312920211E2,2.289238446E-2,6.315170322E-4,1.616764697E-3,9.997364283E-1,1.773764968E2,1.868758615E-1,-6.810624670E-2,1.773763818E2
2.312970211E2,2.288965682E-2,6.331691984E-4,1.617880655E-3,9.997364879E-1,1.773768094E2,1.870078558E-1,-6.829310379E-2,1.773766940E2
2.313020211E2,2.288968501E-2,6.334939389E-4,1.617354690E-3,9.997364879E-1,1.773768062E2,1.869484543E-1,-6.833168090E-2,1.773766908E2
2.313070211E2,2.288963647E-2,6.336704828E-4,1.617972273E-3,9.997364879E-1,1.773768118E2,1.870196655E-1,-6.835029511E-2,1.773766963E2
2.313120211E2,2.288721830E-2,6.352626369E-4,1.614723704E-3,9.997365475E-1,1.773770889E2,1.866515146E-1,-6.854166725E-2,1.773769734E2
2.313170211E2,2.288453981E-2,6.380353007E-4,1.614689827E-3,9.997366071E-1,1.773773960E2,1.866547219E-1,-6.885989644E-2,1.773772798E2
2.313220211E2,2.288734019E-2,6.363075809E-4,1.612583059E-3,9.997365475E-1,1.773770750E2,1.864090279E-1,-6.866696925E-2,1.773769593E2
2.313270211E2,2.289006329E-2,6.338472595E-4,1.611853251E-3,9.997364879E-1,1.773767629E2,1.863191526E-1,-6.838651803E-2,1.773766477E2
2.313320211E2,2.287712787E-2,6.424644962E-4,1.607233891E-3,9.997367859E-1,1.773782455E2,1.858116589E-1,-6.938824208E-2,1.773781291E2
2.313370211E2,2.287473241E-2,6.442852900E-4,1.603520126E-3,9.997368455E-1,1.773785201E2,1.853908105E-1,-6.960701523E-2,1.773784036E2
2.313420211E2,2.287966212E-2,6.413474330E-4,1.608680701E-3,9.997367263E-1,1.773779550E2,1.859746548E-1,-6.925600527E-2,1.773778387E2
2.313470211E2,2.288178286E-2,6.396140670E-4,1.616231399E-3,9.997366667E-1,1.773777120E2,1.868352774E-1,-6.903723461E-2,1.773775954E2
2.313520211E2,2.287683825E-2,6.418070989E-4,1.611612970E-3,9.997367859E-1,1.773782787E2,1.863115903E-1,-6.930150328E-2,1.773781621E2
2.313570211E2,2.288495051E-2,6.371434429E-4,1.609211904E-3,9.997366071E-1,1.773773489E2,1.860248506E-1,-6.877201335E-2,1.773772333E2
2.313620211E2,2.288465604E-2,6.371226045E-4,1.613402390E-3,9.997366071E-1,1.773773826E2,1.865048451E-1,-6.875869129E-2,1.773772668E2
2.313670211E2,2.287423414E-2,6.438359851E-4,1.610792009E-3,9.997368455E-1,1.773785772E2,1.862226778E-1,-6.953657271E-2,1.773784603E2
2.313720211E2,2.287477009E-2,6.436096155E-4,1.603253884E-3,9.997368455E-1,1.773785158E2,1.853585406E-1,-6.953029991E-2,1.773783994E2
2.313770211E2,2.288272536E-2,6.382960710E-4,1.603357377E-3,9.997366667E-1,1.773776039E2,1.853570154E-1,-6.891982635E-2,1.773774885E2
2.313820211E2,2.288216973E-2,6.392385694E-4,1.610893989E-3,9.997366667E-1,1.773776676E2,1.862228563E-1,-6.900814065E-2,1.773775515E2
2.313870211E2,2.286061006E-2,6.539790775E-4,1.615144662E-3,9.997371435E-1,1.773801388E2,1.867469528E-1,-7.068971523E-2,1.773800196E2
2.313920211E2,2.286329722E-2,6.519556628E-4,1.614820561E-3,9.997370839E-1,1.773798308E2,1.867047113E-1,-7.045825708E-2,1.773797120E2
2.313970211E2,2.287389102E-2,6.448707427E-4,1.615244430E-3,9.997368455E-1,1.773786165E2,1.867354438E-1,-6.964350892E-2,1.773784991E2
2.314020211E2,2.286049442E-2,6.544659846E-4,1.616583555E-3,9.997371435E-1,1.773801521E2,1.869130625E-1,-7.074174809E-2,1.773800327E2
2.314070211E2,2.285511321E-2,6.571905687E-4,1.617843751E-3,9.997372627E-1,1.773807689E2,1.870641888E-1,-7.105158599E-2,1.773806489E2
2.314120211E2,2.287101478E-2,6.465026527E-4,1.618425944E-3,9.997369051E-1,1.773789462E2,1.871040010E-1,-6.982266155E-2,1.773788282E2
2.314170211E2,2.287870921E-2,6.418231642E-4,1.621988602E-3,9.997367263E-1,1.773780643E2,1.875004129E-1,-6.927579195E-2,1.773779469E2
2.314220211E2,2.287323730E-2,6.446389598E-4,1.624567318E-3,9.997368455E-1,1.773786915E2,1.878028375E-1,-6.959264047E-2,1.773785734E2
2.314270211E2,2.287629714E-2,6.422167062E-4,1.619113260E-3,9.997367859E-1,1.773783407E2,1.871718732E-1,-6.932886693E-2,1.773782235E2
2.314320211E2,2.287904716E-2,6.401753053E-4,1.617867616E-3,9.997367263E-1,1.773780255E2,1.870240080E-1,-6.909775218E-2,1.773779088E2
2.314370211E2,2.287342857E-2,6.449272041E-4,1.621757518E-3,9.997368455E-1,1.773786695E2,1.874817106E-1,-6.963299134E-2,1.773785516E2
2.314420211E2,2.287126037E-2,6.458969438E-4,1.615193905E-3,9.997369051E-1,1.773789181E2,1.867321623E-1,-6.976169579E-2,1.773788004E2
2.314470211E2,2.287445973E-2,6.450632354E-4,1.607093262E-3,9.997368455E-1,1.773785514E2,1.858021757E-1,-6.968682193E-2,1.773784344E2
2.314520211E2,2.287705155E-2,6.425533211E-4,1.608284423E-3,9.997367859E-1,1.773782543E2,1.859322373E-1,-6.939567806E-2,1.773781377E2
2.314570211E2,2.288458336E-2,6.380596897E-4,1.614062930E-3,9.997366071E-1,1.773773910E2,1.865829705E-1,-6.886432638E-2,1.773772749E2
2.314620211E2,2.287669900E-2,6.422052393E-4,1.613429980E-3,9.997367859E-1,1.773782947E2,1.865207844E-1,-6.934237730E-2,1.773781779E2
2.314670211E2,2.287398376E-2,6.449484499E-4,1.613899483E-3,9.997368455E-1,1.773786059E2,1.865815746E-1,-6.965591934E-2,1.773784885E2
2.314720211E2,2.287407244E-2,6.443634047E-4,1.612875960E-3,9.997368455E-1,1.773785957E2,1.864627903E-1,-6.959156213E-2,1.773784786E2
2.314770211E2,2.287694496E-2,6.421487778E-4,1.609961269E-3,9.997367859E-1,1.773782665E2,1.861232718E-1,-6.934495677E-2,1.773781499E2
2.314820211E2,2.287950114E-2,6.407389301E-4,1.611210755E-3,9.997367263E-1,1.773779735E2,1.862628955E-1,-6.917969066E-2,1.773778571E2
2.314870211E2,2.287391373E-2,6.447538035E-4,1.614969457E-3,9.997368455E-1,1.773786139E2,1.867036375E-1,-6.963082874E-2,1.773784965E2
2.314920211E2,2.287138197E-2,6.471661618E-4,1.612962456E-3,9.997369051E-1,1.773789041E2,1.864798589E-1,-6.991292513E-2,1.773787864E2
2.314970211E2,2.286869130E-2,6.485626218E-4,1.613608329E-3,9.997369647E-1,1.773792125E2,1.865573230E-1,-7.007171488E-2,1.773790945E2
2.315020211E2,2.286378162E-2,6.511096726E-4,1.608290244E-3,9.997370839E-1,1.773797753E2,1.859544036E-1,-7.037835895E-2,1.773796571E2
2.315070211E2,2.287180723E-2,6.469615619E-4,1.607003389E-3,9.997369051E-1,1.773788554E2,1.857966709E-1,-6.990502548E-2,1.773787381E2
2.315120211E2,2.287141884E-2,6.471064407E-4,1.612463500E-3,9.997369051E-1,1.773788999E2,1.864225436E-1,-6.990738428E-2,1.773787822E2
2.315170211E2,2.285853728E-2,6.551467814E-4,1.607094193E-3,9.997372031E-1,1.773803764E2,1.858275889E-1,-7.084496466E-2,1.773802576E2
2.315220211E2,2.284832897E-2,6.626749528E-4,1.600846299E-3,9.997374415E-1,1.773815465E2,1.851308083E-1,-7.172565999E-2,1.773814267E2
2.315270211E2,2.285109080E-2,6.613539881E-4,1.599194016E-3,9.997373819E-1,1.773812299E2,1.849382584E-1,-7.157814363E-2,1.773811105E2
2.315320211E2,2.285593802E-2,6.568534882E-4,1.606287085E-3,9.997372627E-1,1.773806743E2,1.857394116E-1,-7.104308466E-2,1.773805552E2
2.315370211E2,2.285094712E-2,6.611620192E-4,1.601325115E-3,9.997373819E-1,1.773812464E2,1.851818880E-1,-7.155059737E-2,1.773811268E2
2.315420211E2,2.284612942E-2,6.644072710E-4,1.594283269E-3,9.997375011E-1,1.773817986E2,1.843833133E-1,-7.194170695E-2,1.773816790E2
2.315470211E2,2.285130935E-2,6.613933947E-4,1.596051850E-3,9.997373819E-1,1.773812049E2,1.845784049E-1,-7.159084604E-2,1.773810857E2
2.315520211E2,2.285097724E-2,6.610036362E-4,1.600960619E-3,9.997373819E-1,1.773812430E2,1.851397180E-1,-7.153340168E-2,1.773811235E2
2.315570211E2,2.285117921E-2,6.610505516E-4,1.598055824E-3,9.997373819E-1,1.773812198E2,1.848070766E-1,-7.154634569E-2,1.773811005E2
2.315620211E2,2.285662175E-2,6.564701907E-4,1.596686081E-3,9.997372627E-1,1.773805960E2,1.846385475E-1,-7.102419440E-2,1.773804776E2
2.315670211E2,2.286167982E-2,6.525905919E-4,1.600498334E-3,9.997371435E-1,1.773800162E2,1.850654804E-1,-7.056882004E-2,1.773798983E2
2.315720211E2,2.285109379E-2,6.607683026E-4,1.599393436E-3,9.997373819E-1,1.773812296E2,1.849595706E-1,-7.151052385E-2,1.773811102E2
2.315770211E2,2.285103846E-2,6.598861073E-4,1.600547810E-3,9.997373819E-1,1.773812359E2,1.850895035E-1,-7.140644556E-2,1.773811167E2
2.315820211E2,2.287190923E-2,6.471132510E-4,1.605489873E-3,9.997369051E-1,1.773788437E2,1.856236846E-1,-6.992635126E-2,1.773787265E2
2.315870211E2,2.286639758E-2,6.495364942E-4,1.608786290E-3,9.997370243E-1,1.773794755E2,1.860072929E-1,-7.019634691E-2,1.773793576E2
2.315920211E2,2.285057298E-2,6.603016518E-4,1.607008977E-3,9.997373819E-1,1.773812893E2,1.858307617E-1,-7.143721789E-2,1.773811695E2
2.315970211E2,2.284820931E-2,6.623494555E-4,1.602687757E-3,9.997374415E-1,1.773815602E2,1.853409081E-1,-7.168357113E-2,1.773814403E2
2.316020211E2,2.285596566E-2,6.570849800E-4,1.605799072E-3,9.997372627E-1,1.773806712E2,1.856841123E-1,-7.107087780E-2,1.773805521E2
2.316070211E2,2.285323936E-2,6.589104305E-4,1.606744365E-3,9.997373223E-1,1.773809837E2,1.857969940E-1,-7.127803486E-2,1.773808641E2
2.316120211E2,2.284261205E-2,6.656432524E-4,1.606742502E-3,9.997375607E-1,1.773822018E2,1.858136490E-1,-7.205133712E-2,1.773820810E2
2.316170211E2,2.284835673E-2,6.627852563E-4,1.600404270E-3,9.997374415E-1,1.773815433E2,1.850804594E-1,-7.173944877E-2,1.773814235E2
2.316220211E2,2.285095359E-2,6.598506006E-4,1.601773663E-3,9.997373819E-1,1.773812457E2,1.852298405E-1,-7.139918349E-2,1.773811263E2
2.316270211E2,2.284029809E-2,6.678731879E-4,1.601617318E-3,9.997376204E-1,1.773824670E2,1.852321687E-1,-7.232064683E-2,1.773823462E2
2.316320211E2,2.284831912E-2,6.634339807E-4,1.600672491E-3,9.997374415E-1,1.773815476E2,1.851128834E-1,-7.181307228E-2,1.773814277E2
2.316370211E2,2.285077638E-2,6.600857014E-4,1.604203018E-3,9.997373819E-1,1.773812660E2,1.855087549E-1,-7.141978824E-2,1.773811464E2
2.316420211E2,2.285340156E-2,6.597167812E-4,1.604104182E-3,9.997373223E-1,1.773809651E2,1.854966533E-1,-7.137729592E-2,1.773808456E2
2.316470211E2,2.284820046E-2,6.629187847E-4,1.602578559E-3,9.997374415E-1,1.773815612E2,1.853298885E-1,-7.174908190E-2,1.773814413E2
2.316520211E2,2.284308717E-2,6.663544336E-4,1.599677489E-3,9.997375607E-1,1.773821473E2,1.850061640E-1,-7.215121725E-2,1.773820269E2
2.316570211E2,2.284320231E-2,6.662271917E-4,1.598085510E-3,9.997375607E-1,1.773821341E2,1.848234590E-1,-7.214078634E-2,1.773820138E2
2.316620211E2,2.284328993E-2,6.665090332E-4,1.596714952E-3,9.997375607E-1,1.773821241E2,1.846671896E-1,-7.217664614E-2,1.773820039E2
2.316670211E2,2.284904899E-2,6.614289014E-4,1.591054839E-3,9.997374415E-1,1.773814640E2,1.840058692E-1,-7.160841539E-2,1.773813451E2
2.316720211E2,2.284625098E-2,6.635046448E-4,1.592916553E-3,9.997375011E-1,1.773817847E2,1.842243851E-1,-7.184185652E-2,1.773816653E2
2.316770211E2,2.284910912E-2,6.624811213E-4,1.589753083E-3,9.997374415E-1,1.773814571E2,1.838594973E-1,-7.173235679E-2,1.773813381E2
2.316820211E2,2.285144107E-2,6.599332555E-4,1.594769768E-3,9.997373819E-1,1.773811898E2,1.844277126E-1,-7.142690337E-2,1.773810709E2
2.316870211E2,2.284361199E-2,6.656288751E-4,1.592468820E-3,9.997375607E-1,1.773820872E2,1.841784637E-1,-7.208686996E-2,1.773819674E2
2.316920211E2,2.284072630E-2,6.682531093E-4,1.595339971E-3,9.997376204E-1,1.773824179E2,1.845140495E-1,-7.238052270E-2,1.773822975E2
2.316970211E2,2.284865695E-2,6.618334446E-4,1.596507384E-3,9.997374415E-1,1.773815089E2,1.846315540E-1,-7.164055576E-2,1.773813896E2
2.317020211E2,2.284887779E-2,6.619065534E-4,1.593313180E-3,9.997374415E-1,1.773814836E2,1.842658274E-1,-7.165725418E-2,1.773813645E2
2.317070211E2,2.284343249E-2,6.662110100E-4,1.594798639E-3,9.997375607E-1,1.773821077E2,1.844468833E-1,-7.214749431E-2,1.773819877E2
2.317120211E2,2.284624650E-2,6.641233340E-4,1.592723071E-3,9.997375011E-1,1.773817852E2,1.842038391E-1,-7.191324188E-2,1.773816657E2
2.317170211E2,2.285390857E-2,6.588845281E-4,1.597208087E-3,9.997373223E-1,1.773809070E2,1.847044804E-1,-7.129991847E-2,1.773807881E2
2.317220211E2,2.284320244E-2,6.657466292E-4,1.598283881E-3,9.997375607E-1,1.773821341E2,1.848449268E-1,-7.208521305E-2,1.773820139E2
2.317270211E2,2.284341791E-2,6.667672424E-4,1.594774891E-3,9.997375607E-1,1.773821094E2,1.844456178E-1,-7.221128200E-2,1.773819893E2
2.317320211E2,2.285140897E-2,6.598535110E-4,1.595262671E-3,9.997373819E-1,1.773811935E2,1.844839693E-1,-7.141648288E-2,1.773810746E2
2.317370211E2,2.285640331E-2,6.577140302E-4,1.599299023E-3,9.997372627E-1,1.773806210E2,1.849411336E-1,-7.115988685E-2,1.773805022E2
2.317420211E2,2.284878562E-2,6.632803706E-4,1.594063477E-3,9.997374415E-1,1.773814942E2,1.843553737E-1,-7.181269316E-2,1.773813747E2
2.317470211E2,2.285180120E-2,6.607054966E-4,1.589280204E-3,9.997373819E-1,1.773811485E2,1.838008662E-1,-7.152968181E-2,1.773810299E2
2.317520211E2,2.286224509E-2,6.525203353E-4,1.592432149E-3,9.997371435E-1,1.773799514E2,1.841412595E-1,-7.058179963E-2,1.773798341E2
2.317570211E2,2.285155106E-2,6.597423926E-4,1.593271969E-3,9.997373819E-1,1.773811772E2,1.842556300E-1,-7.140893985E-2,1.773810585E2
2.317620211E2,2.284354592E-2,6.654176395E-4,1.593504567E-3,9.997375607E-1,1.773820947E2,1.842965630E-1,-7.205997128E-2,1.773819749E2
2.317670211E2,2.285450521E-2,6.585136871E-4,1.588801737E-3,9.997373223E-1,1.773808386E2,1.837405047E-1,-7.127934084E-2,1.773807204E2
2.317720211E2,2.285156280E-2,6.598177133E-4,1.593072433E-3,9.997373819E-1,1.773811758E2,1.842329689E-1,-7.141808907E-2,1.773810571E2
2.317770211E2,2.285635947E-2,6.576972082E-4,1.599932439E-3,9.997372627E-1,1.773806260E2,1.850136517E-1,-7.115630872E-2,1.773805072E2
2.317820211E2,2.286146209E-2,6.531582330E-4,1.603374141E-3,9.997371435E-1,1.773800412E2,1.853964101E-1,-7.062635596E-2,1.773799230E2
2.317870211E2,2.285872013E-2,6.549077807E-4,1.604588819E-3,9.997372031E-1,1.773803555E2,1.855399555E-1,-7.082411332E-2,1.773802368E2
2.317920211E2,2.285595402E-2,6.574300351E-4,1.605823520E-3,9.997372627E-1,1.773806725E2,1.856878160E-1,-7.111034594E-2,1.773805533E2
2.317970211E2,2.286426729E-2,6.522514159E-4,1.600906253E-3,9.997370839E-1,1.773797196E2,1.851115063E-1,-7.052841574E-2,1.773796018E2
2.318020211E2,2.286219929E-2,6.537362933E-4,1.592590939E-3,9.997371435E-1,1.773799567E2,1.841626336E-1,-7.072069400E-2,1.773798391E2
2.318070211E2,2.285928295E-2,6.556205917E-4,1.596258138E-3,9.997372031E-1,1.773802909E2,1.845874848E-1,-7.092749263E-2,1.773801728E2
2.318120211E2,2.285634388E-2,6.569884135E-4,1.600446180E-3,9.997372627E-1,1.773806278E2,1.850706490E-1,-7.107376540E-2,1.773805091E2
2.318170211E2,2.284578966E-2,6.650830037E-4,1.598863630E-3,9.997375011E-1,1.773818376E2,1.849097928E-1,-7.200719093E-2,1.773817174E2
2.318220211E2,2.284353500E-2,6.662798696E-4,1.593300840E-3,9.997375607E-1,1.773820960E2,1.842754802E-1,-7.215928500E-2,1.773819761E2
2.318270211E2,2.284905482E-2,6.629519048E-4,1.590337139E-3,9.997374415E-1,1.773814633E2,1.839276367E-1,-7.178477114E-2,1.773813442E2
2.318320211E2,2.284105995E-2,6.674379110E-4,1.590898028E-3,9.997376204E-1,1.773823797E2,1.840030624E-1,-7.229869761E-2,1.773822597E2
2.318370211E2,2.283315145E-2,6.730341702E-4,1.589696622E-3,9.997377992E-1,1.773832862E2,1.838794996E-1,-7.294441293E-2,1.773831652E2
2.318420211E2,2.283301679E-2,6.733197370E-4,1.591508742E-3,9.997377992E-1,1.773833016E2,1.840878371E-1,-7.297241109E-2,1.773831805E2
2.318470211E2,2.285434089E-2,6.582697970E-4,1.591264503E-3,9.997373223E-1,1.773808574E2,1.840219931E-1,-7.124498055E-2,1.773807391E2
2.318520211E2,2.285128693E-2,6.605712115E-4,1.596713089E-3,9.997373819E-1,1.773812075E2,1.846520028E-1,-7.149492805E-2,1.773810883E2
2.318570211E2,2.284342908E-2,6.665601395E-4,1.594701549E-3,9.997375607E-1,1.773821081E2,1.844366742E-1,-7.218774591E-2,1.773819880E2
2.318620211E2,2.284909174E-2,6.622161018E-4,1.590113272E-3,9.997374415E-1,1.773814591E2,1.839000660E-1,-7.170105582E-2,1.773813401E2
2.318670211E2,2.285716135E-2,6.565709482E-4,1.588901156E-3,9.997372627E-1,1.773805341E2,1.837469944E-1,-7.105602919E-2,1.773804163E2
2.318720211E2,2.285191417E-2,6.602127105E-4,1.587860053E-3,9.997373819E-1,1.773811356E2,1.836368886E-1,-7.147692576E-2,1.773810171E2
2.318770211E2,2.284675863E-2,6.638999912E-4,1.585453399E-3,9.997375011E-1,1.773817265E2,1.833704641E-1,-7.190659425E-2,1.773816076E2
2.318820211E2,2.284689347E-2,6.633952726E-4,1.583720674E-3,9.997375011E-1,1.773817110E2,1.831706479E-1,-7.185328478E-2,1.773815923E2
2.318870211E2,2.284630888E-2,6.641142536E-4,1.591831795E-3,9.997375011E-1,1.773817780E2,1.841017136E-1,-7.191452358E-2,1.773816586E2
2.318920211E2,2.284104668E-2,6.679313956E-4,1.590881497E-3,9.997376204E-1,1.773823812E2,1.840024594E-1,-7.235527767E-2,1.773822611E2
2.318970211E2,2.284694841E-2,6.638503983E-4,1.582737081E-3,9.997375011E-1,1.773817047E2,1.830591614E-1,-7.190798984E-2,1.773815860E2
2.319020211E2,2.285732459E-2,6.562981871E-4,1.586664002E-3,9.997372627E-1,1.773805154E2,1.834899992E-1,-7.103061122E-2,1.773803978E2
2.319070211E2,2.285680386E-2,6.575396401E-4,1.593636232E-3,9.997372627E-1,1.773805751E2,1.842919656E-1,-7.115466701E-2,1.773804568E2
2.319120211E2,2.284649599E-2,6.638054620E-4,1.589272986E-3,9.997375011E-1,1.773817566E2,1.838077766E-1,-7.188581280E-2,1.773816374E2
2.319170211E2,2.285214614E-2,6.604960654E-4,1.584399957E-3,9.997373819E-1,1.773811090E2,1.832412523E-1,-7.151840596E-2,1.773809907E2
2.319220211E2,2.286230762E-2,6.539735477E-4,1.590937492E-3,9.997371435E-1,1.773799442E2,1.839738410E-1,-7.075218620E-2,1.773798268E2
2.319270211E2,2.286233473E-2,6.539341412E-4,1.590564149E-3,9.997371435E-1,1.773799411E2,1.839309687E-1,-7.074864488E-2,1.773798237E2
2.319320211E2,2.285984636E-2,6.540120812E-4,1.588832354E-3,9.997372031E-1,1.773802264E2,1.837325993E-1,-7.076256834E-2,1.773801090E2
2.319370211E2,2.285468740E-2,6.589515251E-4,1.585996943E-3,9.997373223E-1,1.773808177E2,1.834203421E-1,-7.133681270E-2,1.773806996E2
2.319420211E2,2.285433335E-2,6.579180481E-4,1.591518288E-3,9.997373223E-1,1.773808583E2,1.840501454E-1,-7.120402038E-2,1.773807400E2
2.319470211E2,2.286226788E-2,6.536400761E-4,1.591645530E-3,9.997371435E-1,1.773799488E2,1.840540786E-1,-7.071213549E-2,1.773798313E2
2.319520211E2,2.286501010E-2,6.512238760E-4,1.590682892E-3,9.997370839E-1,1.773796345E2,1.839376593E-1,-7.043734958E-2,1.773795176E2
2.319570211E2,2.286203841E-2,6.536616129E-4,1.594929374E-3,9.997371435E-1,1.773799751E2,1.844303218E-1,-7.070604162E-2,1.773798574E2
2.319620211E2,2.286750054E-2,6.493889960E-4,1.593092107E-3,9.997370243E-1,1.773793490E2,1.842090300E-1,-7.022037137E-2,1.773792323E2
2.319670211E2,2.286216504E-2,6.535571883E-4,1.593156019E-3,9.997371435E-1,1.773799606E2,1.842268984E-1,-7.069870130E-2,1.773798430E2
2.319720211E2,2.286215220E-2,6.532794796E-4,1.593454159E-3,9.997371435E-1,1.773799621E2,1.842603253E-1,-7.066610784E-2,1.773798445E2
2.319770211E2,2.285687254E-2,6.561003975E-4,1.593244378E-3,9.997372627E-1,1.773805672E2,1.842433088E-1,-7.099079896E-2,1.773804492E2
2.319820211E2,2.285660462E-2,6.564114010E-4,1.596955466E-3,9.997372627E-1,1.773805979E2,1.846692535E-1,-7.101675693E-2,1.773804796E2
2.319870211E2,2.285652375E-2,6.578394677E-4,1.597525203E-3,9.997372627E-1,1.773806072E2,1.847382587E-1,-7.117888102E-2,1.773804885E2
2.319920211E2,2.285939449E-2,6.554281572E-4,1.594739151E-3,9.997372031E-1,1.773802782E2,1.844129706E-1,-7.090940562E-2,1.773801601E2
2.319970211E2,2.286196378E-2,6.538560847E-4,1.595919137E-3,9.997371435E-1,1.773799837E2,1.845442151E-1,-7.072574128E-2,1.773798659E2
2.320020211E2,2.285662027E-2,6.574325962E-4,1.596311340E-3,9.997372627E-1,1.773805961E2,1.845981374E-1,-7.113543084E-2,1.773804776E2
2.320070211E2,2.284884792E-2,6.624300149E-4,1.593524008E-3,9.997374415E-1,1.773814870E2,1.842913489E-1,-7.171667619E-2,1.773813678E2
2.320120211E2,2.285171725E-2,6.609478733E-4,1.590386149E-3,9.997373819E-1,1.773811581E2,1.839281942E-1,-7.155456810E-2,1.773810394E2
2.320170211E2,2.285948561E-2,6.551260012E-4,1.593556721E-3,9.997372031E-1,1.773802677E2,1.842767241E-1,-7.087787090E-2,1.773801498E2
2.320220211E2,2.284876019E-2,6.623715162E-4,1.594805741E-3,9.997374415E-1,1.773814971E2,1.844380271E-1,-7.170663457E-2,1.773813778E2
2.320270211E2,2.284607262E-2,6.633507437E-4,1.595536596E-3,9.997375011E-1,1.773818051E2,1.845241264E-1,-7.181739873E-2,1.773816856E2
2.320320211E2,2.285949577E-2,6.546538789E-4,1.593605033E-3,9.997372031E-1,1.773802665E2,1.842810227E-1,-7.082365543E-2,1.773801488E2
2.320370211E2,2.286708645E-2,6.498627481E-4,1.598832430E-3,9.997370243E-1,1.773793965E2,1.848678642E-1,-7.025967892E-2,1.773792792E2
2.320420211E2,2.285611824E-2,6.577924360E-4,1.603335724E-3,9.997372627E-1,1.773806537E2,1.854037706E-1,-7.115834876E-2,1.773805346E2
2.320470211E2,2.285913171E-2,6.551290862E-4,1.598624047E-3,9.997372031E-1,1.773803083E2,1.848572292E-1,-7.086501526E-2,1.773801900E2
2.320520211E2,2.285909294E-2,6.545008509E-4,1.599435578E-3,9.997372031E-1,1.773803127E2,1.849485511E-1,-7.079092499E-2,1.773801946E2
2.320570211E2,2.285877014E-2,6.557337474E-4,1.603538636E-3,9.997372031E-1,1.773803497E2,1.854218120E-1,-7.092147901E-2,1.773802310E2
2.320620211E2,2.285374831E-2,6.591744605E-4,1.599380048E-3,9.997373223E-1,1.773809253E2,1.849540522E-1,-7.132747486E-2,1.773808063E2
2.320670211E2,2.285413199E-2,6.581313210E-4,1.594319241E-3,9.997373223E-1,1.773808814E2,1.843715720E-1,-7.122115458E-2,1.773807629E2
2.320720211E2,2.285368369E-2,6.581034395E-4,1.600743970E-3,9.997373223E-1,1.773809327E2,1.851074957E-1,-7.120121699E-2,1.773808138E2
2.320770211E2,2.284835511E-2,6.628165720E-4,1.600414515E-3,9.997374415E-1,1.773815435E2,1.850817150E-1,-7.174300982E-2,1.773814237E2
2.320820211E2,2.285381802E-2,6.594221340E-4,1.598281553E-3,9.997373223E-1,1.773809173E2,1.848288602E-1,-7.135871276E-2,1.773807983E2
2.320870211E2,2.285089488E-2,6.607469986E-4,1.602241653E-3,9.997373819E-1,1.773812524E2,1.852857976E-1,-7.150066157E-2,1.773811328E2
2.320920211E2,2.285592044E-2,6.564279320E-4,1.606711186E-3,9.997372627E-1,1.773806764E2,1.857868814E-1,-7.099322476E-2,1.773805573E2
2.320970211E2,2.286389096E-2,6.525417557E-4,1.606154023E-3,9.997370839E-1,1.773797628E2,1.857134345E-1,-7.054799734E-2,1.773796445E2
2.321020211E2,2.285884458E-2,6.554671563E-4,1.602586242E-3,9.997372031E-1,1.773803412E2,1.853120109E-1,-7.089341898E-2,1.773802226E2
2.321070211E2,2.286159542E-2,6.530869287E-4,1.601501019E-3,9.997371435E-1,1.773800259E2,1.851816443E-1,-7.062306983E-2,1.773799078E2
2.321120211E2,2.286138106E-2,6.531676045E-4,1.604525372E-3,9.997371435E-1,1.773800505E2,1.855283160E-1,-7.062442855E-2,1.773799322E2
2.321170211E2,2.286662459E-2,6.507169455E-4,1.605078345E-3,9.997370243E-1,1.773794494E2,1.855856136E-1,-7.034125536E-2,1.773793316E2
2.321220211E2,2.286148880E-2,6.535194116E-4,1.602846081E-3,9.997371435E-1,1.773800381E2,1.853368628E-1,-7.066911159E-2,1.773799199E2
2.321270211E2,2.286384703E-2,6.522118347E-4,1.606913167E-3,9.997370839E-1,1.773797678E2,1.857995359E-1,-7.050822020E-2,1.773796495E2
2.321320211E2,2.286890644E-2,6.486909115E-4,1.610504696E-3,9.997369647E-1,1.773791879E2,1.862021166E-1,-7.009450550E-2,1.773790700E2
2.321370211E2,2.286375455E-2,6.515730056E-4,1.608487451E-3,9.997370839E-1,1.773797784E2,1.859782083E-1,-7.043092739E-2,1.773796601E2
2.321420211E2,2.286401262E-2,6.519618328E-4,1.604656922E-3,9.997370839E-1,1.773797488E2,1.855404129E-1,-7.048546053E-2,1.773796308E2
2.321470211E2,2.287939169E-2,6.412955699E-4,1.612543012E-3,9.997367263E-1,1.773779860E2,1.864169732E-1,-6.923998746E-2,1.773778695E2
2.321520211E2,2.287094380E-2,6.468148204E-4,1.619304065E-3,9.997369051E-1,1.773789544E2,1.872054134E-1,-6.985613571E-2,1.773788362E2
2.321570211E2,2.286344664E-2,6.526080542E-4,1.612439752E-3,9.997370839E-1,1.773798137E2,1.864336814E-1,-7.053920602E-2,1.773796950E2
2.321620211E2,2.287165295E-2,6.465839688E-4,1.609349390E-3,9.997369051E-1,1.773788731E2,1.860644325E-1,-6.985564763E-2,1.773787557E2
2.321670211E2,2.288236085E-2,6.380637060E-4,1.608643332E-3,9.997366667E-1,1.773776457E2,1.859619491E-1,-6.887941281E-2,1.773775300E2
2.321720211E2,2.287942216E-2,6.417126860E-4,1.611944637E-3,9.997367263E-1,1.773779826E2,1.863495182E-1,-6.928933607E-2,1.773778659E2
2.321770211E2,2.286942022E-2,6.484634941E-4,1.603284501E-3,9.997369647E-1,1.773791290E2,1.853743981E-1,-7.008727897E-2,1.773790117E2
2.321820211E2,2.288247783E-2,6.391438656E-4,1.606549136E-3,9.997366667E-1,1.773776323E2,1.857248752E-1,-6.900862718E-2,1.773775165E2
2.321870211E2,2.288200232E-2,6.390868220E-4,1.613330329E-3,9.997366667E-1,1.773776868E2,1.865015582E-1,-6.898439886E-2,1.773775706E2
2.321920211E2,2.287672469E-2,6.433395902E-4,1.612613560E-3,9.997367859E-1,1.773782917E2,1.864302297E-1,-6.947446570E-2,1.773781748E2
2.321970211E2,2.288243747E-2,6.388648762E-4,1.607234823E-3,9.997366667E-1,1.773776369E2,1.858026942E-1,-6.897487522E-2,1.773775212E2
2.322020211E2,2.288240904E-2,6.386843743E-4,1.607711310E-3,9.997366667E-1,1.773776402E2,1.858568062E-1,-6.895295247E-2,1.773775244E2
2.322070211E2,2.287938426E-2,6.408540648E-4,1.612823922E-3,9.997367263E-1,1.773779869E2,1.864479966E-1,-6.918867287E-2,1.773778704E2
2.322120211E2,2.287675936E-2,6.427015760E-4,1.612376189E-3,9.997367859E-1,1.773782878E2,1.864013657E-1,-6.940198971E-2,1.773781709E2
2.322170211E2,2.287395430E-2,6.448401837E-4,1.614360255E-3,9.997368455E-1,1.773786093E2,1.866340755E-1,-6.964231389E-2,1.773784919E2
2.322220211E2,2.288183480E-2,6.386867608E-4,1.615862711E-3,9.997366667E-1,1.773777060E2,1.867906117E-1,-6.893195815E-2,1.773775897E2
2.322270211E2,2.287652706E-2,6.426135078E-4,1.615703688E-3,9.997367859E-1,1.773783144E2,1.867823229E-1,-6.938322050E-2,1.773781973E2
2.322320211E2,2.287449387E-2,6.442820304E-4,1.606920618E-3,9.997368455E-1,1.773785474E2,1.857803517E-1,-6.959777217E-2,1.773784307E2
2.322370211E2,2.287732294E-2,6.433948874E-4,1.604081946E-3,9.997367859E-1,1.773782232E2,1.854530195E-1,-6.950305613E-2,1.773781068E2
2.322420211E2,2.287725938E-2,6.428980851E-4,1.605187310E-3,9.997367859E-1,1.773782305E2,1.855783449E-1,-6.944325564E-2,1.773781141E2
2.322470211E2,2.287717343E-2,6.433650851E-4,1.606224803E-3,9.997367859E-1,1.773782403E2,1.856984204E-1,-6.949405185E-2,1.773781238E2
2.322520211E2,2.287759682E-2,6.426712498E-4,1.600461896E-3,9.997367859E-1,1.773781918E2,1.850364217E-1,-6.942959505E-2,1.773780758E2
2.322570211E2,2.287219990E-2,6.463774480E-4,1.601640717E-3,9.997369051E-1,1.773788104E2,1.851808099E-1,-6.985209158E-2,1.773786936E2
2.322620211E2,2.286946324E-2,6.476389244E-4,1.603004057E-3,9.997369647E-1,1.773791241E2,1.853401117E-1,-6.999354207E-2,1.773790069E2
2.322670211E2,2.287492546E-2,6.438540877E-4,1.600937219E-3,9.997368455E-1,1.773784980E2,1.850937911E-1,-6.956435108E-2,1.773783817E2
2.322720211E2,2.288066865E-2,6.413264200E-4,1.594309113E-3,9.997367263E-1,1.773778397E2,1.843282349E-1,-6.929109379E-2,1.773777243E2
2.322770211E2,2.288601668E-2,6.373370416E-4,1.593899913E-3,9.997366071E-1,1.773772267E2,1.842712632E-1,-6.883415210E-2,1.773771121E2
2.322820211E2,2.289086528E-2,6.339456886E-4,1.600384363E-3,9.997364879E-1,1.773766709E2,1.850055699E-1,-6.842773014E-2,1.773765566E2
2.322870211E2,2.288823914E-2,6.355423830E-4,1.600077376E-3,9.997365475E-1,1.773769719E2,1.849744095E-1,-6.861194087E-2,1.773768573E2
2.322920211E2,2.289364442E-2,6.308081793E-4,1.599104260E-3,9.997364283E-1,1.773763524E2,1.848508772E-1,-6.807113681E-2,1.773762387E2
2.322970211E2,2.290665733E-2,6.220680079E-4,1.602491480E-3,9.997361302E-1,1.773748608E2,1.852168638E-1,-6.705855330E-2,1.773747485E2
2.323020211E2,2.290116819E-2,6.260857917E-4,1.605009078E-3,9.997362494E-1,1.773754900E2,1.855154611E-1,-6.751324589E-2,1.773753768E2
2.323070211E2,2.289630625E-2,6.287537399E-4,1.599066891E-3,9.997363687E-1,1.773760473E2,1.848413864E-1,-6.783538327E-2,1.773759340E2
2.323120211E2,2.289904515E-2,6.284700357E-4,1.597222872E-3,9.997363091E-1,1.773757333E2,1.846295738E-1,-6.780721433E-2,1.773756202E2
2.323170211E2,2.290648547E-2,6.229115534E-4,1.604618970E-3,9.997361302E-1,1.773748805E2,1.854627957E-1,-6.714963818E-2,1.773747679E2
2.323220211E2,2.289600850E-2,6.295037456E-4,1.603030250E-3,9.997363687E-1,1.773760814E2,1.852973835E-1,-6.791096093E-2,1.773759677E2
2.323270211E2,2.288811107E-2,6.348164170E-4,1.602196135E-3,9.997365475E-1,1.773769866E2,1.852152251E-1,-6.852323959E-2,1.773768720E2
2.323320211E2,2.289324372E-2,6.321215187E-4,1.604313846E-3,9.997364283E-1,1.773763983E2,1.854511149E-1,-6.820800160E-2,1.773762840E2
2.323370211E2,2.289033158E-2,6.329494645E-4,1.608392224E-3,9.997364879E-1,1.773767321E2,1.859203143E-1,-6.829269420E-2,1.773766174E2
2.323420211E2,2.288291819E-2,6.380272680E-4,1.600710209E-3,9.997366667E-1,1.773775818E2,1.850530596E-1,-6.889593784E-2,1.773774667E2
2.323470211E2,2.289610830E-2,6.303169066E-4,1.601284370E-3,9.997363687E-1,1.773760700E2,1.850995130E-1,-6.800868016E-2,1.773759562E2
2.323520211E2,2.290084967E-2,6.263316027E-4,1.609451720E-3,9.997362494E-1,1.773755265E2,1.860250413E-1,-6.752980634E-2,1.773754130E2
2.323570211E2,2.289228872E-2,6.322316476E-4,1.617840724E-3,9.997364283E-1,1.773765078E2,1.870010014E-1,-6.818530911E-2,1.773763925E2
2.323620211E2,2.289317559E-2,6.312715122E-4,1.605620142E-3,9.997364283E-1,1.773764061E2,1.855985317E-1,-6.810720927E-2,1.773762919E2
2.323670211E2,2.289880347E-2,6.283946568E-4,1.600713586E-3,9.997363091E-1,1.773757610E2,1.850292617E-1,-6.778946338E-2,1.773756477E2
2.323720211E2,2.289052463E-2,6.329533644E-4,1.605640864E-3,9.997364879E-1,1.773767100E2,1.856051372E-1,-6.830032239E-2,1.773765954E2
2.323770211E2,2.288789822E-2,6.360755069E-4,1.604735386E-3,9.997365475E-1,1.773770110E2,1.855094143E-1,-6.866086199E-2,1.773768960E2
2.323820211E2,2.289112861E-2,6.332073244E-4,1.596906339E-3,9.997364879E-1,1.773766407E2,1.846052023E-1,-6.835221710E-2,1.773765268E2
2.323870211E2,2.289623739E-2,6.297150394E-4,1.599674579E-3,9.997363687E-1,1.773760552E2,1.849135220E-1,-6.794392934E-2,1.773759416E2
2.323920211E2,2.289806736E-2,6.283372641E-4,1.611231710E-3,9.997363091E-1,1.773758454E2,1.862340355E-1,-6.775542461E-2,1.773757314E2
2.323970211E2,2.289296009E-2,6.322300178E-4,1.608313294E-3,9.997364283E-1,1.773764308E2,1.859095640E-1,-6.820999163E-2,1.773763162E2
2.324020211E2,2.289080288E-2,6.324059796E-4,1.601885306E-3,9.997364879E-1,1.773766781E2,1.851734769E-1,-6.824741318E-2,1.773765639E2
2.324070211E2,2.289634343E-2,6.289464072E-4,1.598458737E-3,9.997363687E-1,1.773760430E2,1.847722234E-1,-6.785904434E-2,1.773759297E2
2.324120211E2,2.289581695E-2,6.291416357E-4,1.605905709E-3,9.997363687E-1,1.773761034E2,1.856258378E-1,-6.786196804E-2,1.773759895E2
2.324170211E2,2.289071089E-2,6.332360208E-4,1.602871693E-3,9.997364879E-1,1.773766886E2,1.852886504E-1,-6.833993341E-2,1.773765742E2
2.324220211E2,2.289114195E-2,6.323883426E-4,1.597039634E-3,9.997364879E-1,1.773766392E2,1.846183252E-1,-6.825804127E-2,1.773765254E2
2.324270211E2,2.289334194E-2,6.314603379E-4,1.603172161E-3,9.997364283E-1,1.773763870E2,1.853185935E-1,-6.813523280E-2,1.773762730E2
2.324320211E2,2.288213339E-2,6.391053903E-4,1.611462911E-3,9.997366667E-1,1.773776718E2,1.862876812E-1,-6.899139839E-2,1.773775557E2
2.324370211E2,2.287720562E-2,6.428624620E-4,1.605967525E-3,9.997367859E-1,1.773782366E2,1.856676306E-1,-6.943713913E-2,1.773781202E2
2.324420211E2,2.288565095E-2,6.376533420E-4,1.599016367E-3,9.997366071E-1,1.773772686E2,1.848582175E-1,-6.885703682E-2,1.773771536E2
2.324470211E2,2.288294617E-2,6.383819273E-4,1.600168762E-3,9.997366667E-1,1.773775786E2,1.849919624E-1,-6.893798278E-2,1.773774634E2
2.324520211E2,2.287457841E-2,6.450170767E-4,1.605421654E-3,9.997368455E-1,1.773785378E2,1.856105606E-1,-6.968589375E-2,1.773784210E2
2.324570211E2,2.287464146E-2,6.440946017E-4,1.604893594E-3,9.997368455E-1,1.773785305E2,1.855476512E-1,-6.958158621E-2,1.773784139E2
2.324620211E2,2.287718064E-2,6.427662447E-4,1.606361824E-3,9.997367859E-1,1.773782395E2,1.857125482E-1,-6.942508727E-2,1.773781230E2
2.324670211E2,2.288209792E-2,6.395084783E-4,1.611806569E-3,9.997366667E-1,1.773776759E2,1.863281059E-1,-6.903668220E-2,1.773775597E2
2.324720211E2,2.287401399E-2,6.444483879E-4,1.613670727E-3,9.997368455E-1,1.773786024E2,1.865540590E-1,-6.959922551E-2,1.773784852E2
2.324770211E2,2.287677809E-2,6.429135683E-4,1.612025895E-3,9.997367859E-1,1.773782856E2,1.863617925E-1,-6.942719069E-2,1.773781688E2
2.324820211E2,2.287990891E-2,6.398985861E-4,1.605744939E-3,9.997367263E-1,1.773779268E2,1.856345467E-1,-6.909767485E-2,1.773778109E2
2.324870211E2,2.287763364E-2,6.429592613E-4,1.599819865E-3,9.997367859E-1,1.773781876E2,1.849636273E-1,-6.946426646E-2,1.773780715E2
2.324920211E2,2.286929819E-2,6.481193122E-4,1.605163212E-3,9.997369647E-1,1.773791430E2,1.855887159E-1,-7.004294799E-2,1.773790256E2
2.324970211E2,2.286675369E-2,6.496667629E-4,1.603664015E-3,9.997370243E-1,1.773794346E2,1.854208423E-1,-7.022462713E-2,1.773793171E2
2.325020211E2,2.288580181E-2,6.370875053E-4,1.597081660E-3,9.997366071E-1,1.773772513E2,1.846351005E-1,-6.879725991E-2,1.773771366E2
2.325070211E2,2.289296770E-2,6.313982303E-4,1.608531806E-3,9.997364283E-1,1.773764299E2,1.859324152E-1,-6.811412623E-2,1.773763155E2
2.325120211E2,2.288998494E-2,6.342267152E-4,1.612816239E-3,9.997364879E-1,1.773767718E2,1.864304642E-1,-6.842747758E-2,1.773766566E2
2.325170211E2,2.290092414E-2,6.261844537E-4,1.608449151E-3,9.997362494E-1,1.773755180E2,1.859098042E-1,-6.751556601E-2,1.773754045E2
2.325220211E2,2.290367167E-2,6.251383456E-4,1.606781152E-3,9.997361898E-1,1.773752030E2,1.857161550E-1,-6.739958948E-2,1.773750899E2
2.325270211E2,2.289544813E-2,6.305373390E-4,1.610609819E-3,9.997363687E-1,1.773761456E2,1.861683861E-1,-6.800958785E-2,1.773760312E2
2.325320211E2,2.288770568E-2,6.345706061E-4,1.608073828E-3,9.997365475E-1,1.773770331E2,1.858879114E-1,-6.847973790E-2,1.773769181E2
2.325370211E2,2.289814621E-2,6.285660784E-4,1.610021456E-3,9.997363091E-1,1.773758364E2,1.860959926E-1,-6.778479898E-2,1.773757224E2
2.325420211E2,2.290084367E-2,6.263582618E-4,1.609526807E-3,9.997362494E-1,1.773755272E2,1.860337131E-1,-6.753266450E-2,1.773754136E2
2.325470211E2,2.289769642E-2,6.289263256E-4,1.616265508E-3,9.997363091E-1,1.773758879E2,1.868122368E-1,-6.780976872E-2,1.773757734E2
2.325520211E2,2.289490348E-2,6.300937966E-4,1.618506270E-3,9.997363687E-1,1.773762081E2,1.870718163E-1,-6.793815867E-2,1.773760932E2
2.325570211E2,2.290575049E-2,6.234295433E-4,1.614877023E-3,9.997361302E-1,1.773749648E2,1.866392860E-1,-6.718218957E-2,1.773748514E2
2.325620211E2,2.290786958E-2,6.202035001E-4,1.622940064E-3,9.997360706E-1,1.773747219E2,1.875546745E-1,-6.679104728E-2,1.773746086E2
2.325670211E2,2.289685112E-2,6.292157341E-4,1.628084923E-3,9.997363091E-1,1.773759848E2,1.881669915E-1,-6.781206869E-2,1.773758695E2
2.325720211E2,2.288696551E-2,6.351760821E-4,1.618336653E-3,9.997365475E-1,1.773771179E2,1.870651761E-1,-6.852232266E-2,1.773770021E2
2.325770211E2,2.289039515E-2,6.328325835E-4,1.607533311E-3,9.997364879E-1,1.773767248E2,1.858216136E-1,-6.828154540E-2,1.773766102E2
2.325820211E2,2.289827645E-2,6.279473309E-4,1.608409686E-3,9.997363091E-1,1.773758214E2,1.859097305E-1,-6.771811957E-2,1.773757077E2
2.325870211E2,2.289781813E-2,6.278805668E-4,1.614947338E-3,9.997363091E-1,1.773758740E2,1.866584889E-1,-6.769340131E-2,1.773757598E2
2.325920211E2,2.289506194E-2,6.302666152E-4,1.616195776E-3,9.997363687E-1,1.773761899E2,1.868075863E-1,-6.796398939E-2,1.773760752E2
2.325970211E2,2.290360542E-2,6.244804244E-4,1.607980928E-3,9.997361898E-1,1.773752106E2,1.858518720E-1,-6.732108042E-2,1.773750975E2
2.326020211E2,2.289829563E-2,6.276851054E-4,1.608239021E-3,9.997363091E-1,1.773758192E2,1.858894920E-1,-6.768852292E-2,1.773757055E2
2.326070211E2,2.289591241E-2,6.293915212E-4,1.604446094E-3,9.997363687E-1,1.773760924E2,1.854592840E-1,-6.789440727E-2,1.773759786E2
2.326120211E2,2.289000839E-2,6.333029596E-4,1.612846507E-3,9.997364879E-1,1.773767691E2,1.864315100E-1,-6.832156708E-2,1.773766541E2
2.326170211E2,2.289538617E-2,6.298776716E-4,1.611748245E-3,9.997363687E-1,1.773761527E2,1.862970709E-1,-6.793104004E-2,1.773760384E2
2.326220211E2,2.288779044E-2,6.345177535E-4,1.606887905E-3,9.997365475E-1,1.773770234E2,1.857519171E-1,-6.847677779E-2,1.773769085E2
2.326270211E2,2.287780583E-2,6.429685163E-4,1.597351860E-3,9.997367859E-1,1.773781678E2,1.846809245E-1,-6.947176530E-2,1.773780520E2
2.326320211E2,2.288053307E-2,6.403244915E-4,1.596655813E-3,9.997367263E-1,1.773778552E2,1.845944403E-1,-6.917018330E-2,1.773777399E2
2.326370211E2,2.288806843E-2,6.360462867E-4,1.602317439E-3,9.997365475E-1,1.773769915E2,1.852323452E-1,-6.866382492E-2,1.773768766E2
2.326420211E2,2.287763772E-2,6.415493554E-4,1.600327436E-3,9.997367859E-1,1.773781871E2,1.850180791E-1,-6.930141416E-2,1.773780713E2
2.326470211E2,2.288353243E-2,6.389401969E-4,1.591538778E-3,9.997366667E-1,1.773775114E2,1.840048008E-1,-6.902446154E-2,1.773773967E2
2.326520211E2,2.289382537E-2,6.316926447E-4,1.596161863E-3,9.997364283E-1,1.773763316E2,1.845161241E-1,-6.818014849E-2,1.773762180E2
2.326570211E2,2.288796954E-2,6.355616497E-4,1.603921526E-3,9.997365475E-1,1.773770028E2,1.854148341E-1,-6.860411521E-2,1.773768879E2
2.326620211E2,2.287740927E-2,6.422050064E-4,1.603327459E-3,9.997367859E-1,1.773782133E2,1.853634703E-1,-6.936870367E-2,1.773780972E2
2.326670211E2,2.287735483E-2,6.427871995E-4,1.603870769E-3,9.997367859E-1,1.773782195E2,1.854272355E-1,-6.943398625E-2,1.773781032E2
2.326720211E2,2.287164346E-2,6.463943282E-4,1.609560451E-3,9.997369051E-1,1.773788742E2,1.860881142E-1,-6.983337070E-2,1.773787568E2
2.326770211E2,2.287437240E-2,6.439222489E-4,1.608792925E-3,9.997368455E-1,1.773785614E2,1.859938950E-1,-6.955166972E-2,1.773784445E2
2.326820211E2,2.289126752E-2,6.336962688E-4,1.594719710E-3,9.997364879E-1,1.773766248E2,1.843559906E-1,-6.841394170E-2,1.773765109E2
2.326870211E2,2.289341645E-2,6.321372348E-4,1.601840835E-3,9.997364283E-1,1.773763785E2,1.851678556E-1,-6.821625798E-2,1.773762644E2
2.326920211E2,2.289025467E-2,6.340694963E-4,1.609045547E-3,9.997364879E-1,1.773767409E2,1.859980931E-1,-6.841930715E-2,1.773766259E2
2.326970211E2,2.288704177E-2,6.355629303E-4,1.617105794E-3,9.997365475E-1,1.773771092E2,1.869251866E-1,-6.856985453E-2,1.773769934E2
2.327020211E2,2.289009588E-2,6.335481303E-4,1.611507963E-3,9.997364879E-1,1.773767591E2,1.862788133E-1,-6.835314903E-2,1.773766441E2
2.327070211E2,2.288745229E-2,6.361228297E-4,1.611064188E-3,9.997365475E-1,1.773770621E2,1.862345465E-1,-6.864976674E-2,1.773769466E2
2.327120211E2,2.289505800E-2,6.293411134E-4,1.616612193E-3,9.997363687E-1,1.773761903E2,1.868528631E-1,-6.785687081E-2,1.773760758E2
2.327170211E2,2.289190114E-2,6.317315856E-4,1.623510267E-3,9.997364283E-1,1.773765522E2,1.876491756E-1,-6.811322068E-2,1.773764367E2
2.327220211E2,2.288175678E-2,6.385839661E-4,1.617007772E-3,9.997366667E-1,1.773777150E2,1.869215170E-1,-6.891719387E-2,1.773775986E2
2.327270211E2,2.289003662E-2,6.334316568E-4,1.612395281E-3,9.997364879E-1,1.773767659E2,1.863801564E-1,-6.833748916E-2,1.773766508E2
2.327320211E2,2.288710792E-2,6.350241019E-4,1.616381109E-3,9.997365475E-1,1.773771016E2,1.868407566E-1,-6.851001393E-2,1.773769859E2
2.327370211E2,2.289009563E-2,6.342701963E-4,1.611227402E-3,9.997364879E-1,1.773767591E2,1.862485660E-1,-6.843660592E-2,1.773766440E2
2.327420211E2,2.289817445E-2,6.279100780E-4,1.609875704E-3,9.997363091E-1,1.773758331E2,1.860775754E-1,-6.771002388E-2,1.773757193E2
2.327470211E2,2.290589468E-2,6.227794220E-4,1.613081549E-3,9.997361302E-1,1.773749482E2,1.864318965E-1,-6.711239687E-2,1.773748351E2
2.327520211E2,2.290321168E-2,6.253126194E-4,1.613257104E-3,9.997361898E-1,1.773752558E2,1.864584775E-1,-6.740264298E-2,1.773751422E2
2.327570211E2,2.290343180E-2,6.246161647E-4,1.610399457E-3,9.997361898E-1,1.773752305E2,1.861292873E-1,-6.733031548E-2,1.773751173E2
2.327620211E2,2.291109162E-2,6.189046544E-4,1.614648965E-3,9.997360110E-1,1.773743526E2,1.866016370E-1,-6.666341387E-2,1.773742401E2
2.327670211E2,2.291361716E-2,6.174694281E-4,1.616264577E-3,9.997359514E-1,1.773740631E2,1.867831237E-1,-6.649427872E-2,1.773739508E2
2.327720211E2,2.291112306E-2,6.193289883E-4,1.614039997E-3,9.997360110E-1,1.773743489E2,1.865329889E-1,-6.671361912E-2,1.773742364E2
2.327770211E2,2.290854502E-2,6.213767920E-4,1.612926368E-3,9.997360706E-1,1.773746444E2,1.864106140E-1,-6.695162284E-2,1.773745316E2
2.327820211E2,2.291635632E-2,6.156327436E-4,1.614997862E-3,9.997358918E-1,1.773737491E2,1.866333651E-1,-6.628668050E-2,1.773736372E2
2.327870211E2,2.291923045E-2,6.135087460E-4,1.611914835E-3,9.997358322E-1,1.773734197E2,1.862747799E-1,-6.605091346E-2,1.773733084E2
2.327920211E2,2.291393537E-2,6.177432369E-4,1.611642074E-3,9.997359514E-1,1.773740266E2,1.862543022E-1,-6.653772522E-2,1.773739145E2
2.327970211E2,2.291866361E-2,6.136425072E-4,1.619903604E-3,9.997358322E-1,1.773734846E2,1.871903004E-1,-6.604536122E-2,1.773733728E2
2.328020211E2,2.292383399E-2,6.096934667E-4,1.621804899E-3,9.997357130E-1,1.773728920E2,1.873980825E-1,-6.558699119E-2,1.773727808E2
2.328070211E2,2.291854118E-2,6.143004284E-4,1.621385803E-3,9.997358322E-1,1.773734987E2,1.873618237E-1,-6.611686364E-2,1.773733866E2
2.328120211E2,2.291344180E-2,6.175997551E-4,1.618699054E-3,9.997359514E-1,1.773740832E2,1.870623520E-1,-6.650284945E-2,1.773739707E2
2.328170211E2,2.292167777E-2,6.111521507E-4,1.614975394E-3,9.997357726E-1,1.773731391E2,1.866193736E-1,-6.577244349E-2,1.773730281E2
2.328220211E2,2.292439410E-2,6.107229274E-4,1.613479108E-3,9.997357130E-1,1.773728278E2,1.864470076E-1,-6.572669489E-2,1.773727169E2
2.328270211E2,2.291853326E-2,6.128895329E-4,1.622031559E-3,9.997358322E-1,1.773734996E2,1.874320961E-1,-6.595353507E-2,1.773733878E2
2.328320211E2,2.291836384E-2,6.144038634E-4,1.623851480E-3,9.997358322E-1,1.773735190E2,1.876445556E-1,-6.612227075E-2,1.773734068E2
2.328370211E2,2.292933497E-2,6.066365750E-4,1.618668553E-3,9.997355938E-1,1.773722615E2,1.870311055E-1,-6.524399971E-2,1.773721511E2
2.328420211E2,2.292141963E-2,6.110927206E-4,1.618657610E-3,9.997357726E-1,1.773731687E2,1.870410413E-1,-6.575601116E-2,1.773730575E2
2.328470211E2,2.291564869E-2,6.164388615E-4,1.624702127E-3,9.997358918E-1,1.773738302E2,1.877471720E-1,-6.635367860E-2,1.773737175E2
2.328520211E2,2.291849697E-2,6.145674852E-4,1.621909440E-3,9.997358322E-1,1.773735037E2,1.874225108E-1,-6.614609103E-2,1.773733916E2
2.328570211E2,2.291593801E-2,6.157818134E-4,1.620866009E-3,9.997358918E-1,1.773737970E2,1.873059936E-1,-6.628842596E-2,1.773736847E2
2.328620211E2,2.291061066E-2,6.184129161E-4,1.621646690E-3,9.997360110E-1,1.773744077E2,1.874019850E-1,-6.658879705E-2,1.773742948E2
2.328670211E2,2.291326171E-2,6.165641826E-4,1.621640404E-3,9.997359514E-1,1.773741038E2,1.873965866E-1,-6.637652324E-2,1.773739913E2
2.328720211E2,2.291070026E-2,6.199950003E-4,1.619775547E-3,9.997360110E-1,1.773743974E2,1.871917837E-1,-6.677493862E-2,1.773742844E2
2.328770211E2,2.290563145E-2,6.225900142E-4,1.616888097E-3,9.997361302E-1,1.773749784E2,1.868674663E-1,-6.708075531E-2,1.773748651E2
2.328820211E2,2.291084744E-2,6.197369075E-4,1.617791364E-3,9.997360110E-1,1.773743805E2,1.869638045E-1,-6.675055309E-2,1.773742677E2
2.328870211E2,2.290562507E-2,6.218968192E-4,1.617245260E-3,9.997361302E-1,1.773749791E2,1.869065632E-1,-6.700040562E-2,1.773748659E2
2.328920211E2,2.290579835E-2,6.233825698E-4,1.614216133E-3,9.997361302E-1,1.773749593E2,1.865634533E-1,-6.717853406E-2,1.773748460E2
2.328970211E2,2.290875610E-2,6.216106704E-4,1.609835308E-3,9.997360706E-1,1.773746203E2,1.860571252E-1,-6.698649176E-2,1.773745076E2
2.329020211E2,2.290897191E-2,6.211753935E-4,1.606929582E-3,9.997360706E-1,1.773745955E2,1.857231119E-1,-6.694421407E-2,1.773744831E2
2.329070211E2,2.290132214E-2,6.255707121E-4,1.603011973E-3,9.997362494E-1,1.773754723E2,1.852853278E-1,-6.745945033E-2,1.773753594E2
2.329120211E2,2.290625904E-2,6.227317499E-4,1.607917715E-3,9.997361302E-1,1.773749065E2,1.858402182E-1,-6.712042251E-2,1.773747937E2
2.329170211E2,2.290808784E-2,6.212891312E-4,1.619440271E-3,9.997360706E-1,1.773746968E2,1.871565970E-1,-6.692456532E-2,1.773745836E2
2.329220211E2,2.289733007E-2,6.278572837E-4,1.621861593E-3,9.997363091E-1,1.773759299E2,1.874505037E-1,-6.767268237E-2,1.773758153E2
2.329270211E2,2.290333937E-2,6.237822236E-4,1.612036373E-3,9.997361898E-1,1.773752411E2,1.863146200E-1,-6.723049892E-2,1.773751279E2
2.329320211E2,2.291387105E-2,6.177490577E-4,1.612554071E-3,9.997359514E-1,1.773740340E2,1.863587931E-1,-6.653600926E-2,1.773739218E2
2.329370211E2,2.291336619E-2,6.175782764E-4,1.619777177E-3,9.997359514E-1,1.773740918E2,1.871858021E-1,-6.649757205E-2,1.773739793E2
2.329420211E2,2.290777226E-2,6.214528112E-4,1.623835531E-3,9.997360706E-1,1.773747330E2,1.876605341E-1,-6.693183755E-2,1.773746194E2
2.329470211E2,2.290773837E-2,6.204369711E-4,1.624701894E-3,9.997360706E-1,1.773747369E2,1.877571169E-1,-6.681319357E-2,1.773746235E2
2.329520211E2,2.291803266E-2,6.130889524E-4,1.629014267E-3,9.997358322E-1,1.773735570E2,1.882325375E-1,-6.595813579E-2,1.773734446E2
2.329570211E2,2.292090115E-2,6.118810270E-4,1.625686418E-3,9.997357726E-1,1.773732282E2,1.878483099E-1,-6.582795530E-2,1.773731163E2
2.329620211E2,2.291323625E-2,6.169640692E-4,1.621847972E-3,9.997359514E-1,1.773741067E2,1.874214144E-1,-6.642179453E-2,1.773739941E2
2.329670211E2,2.291569961E-2,6.157762837E-4,1.624235185E-3,9.997358918E-1,1.773738244E2,1.876919417E-1,-6.627898946E-2,1.773737119E2
2.329720211E2,2.292346938E-2,6.095286808E-4,1.627012156E-3,9.997357130E-1,1.773729338E2,1.879941776E-1,-6.555450224E-2,1.773728223E2
2.329770211E2,2.292358644E-2,6.108558737E-4,1.624863711E-3,9.997357130E-1,1.773729204E2,1.877515427E-1,-6.571216906E-2,1.773728087E2
2.329820211E2,2.291841327E-2,6.134134601E-4,1.623528195E-3,9.997358322E-1,1.773735133E2,1.876049214E-1,-6.600964863E-2,1.773734013E2
2.329870211E2,2.292897380E-2,6.067507202E-4,1.623733900E-3,9.997355938E-1,1.773723029E2,1.876116763E-1,-6.524383429E-2,1.773721921E2
2.329920211E2,2.293677301E-2,6.013629609E-4,1.625680597E-3,9.997354150E-1,1.773714089E2,1.878210393E-1,-6.462002528E-2,1.773712990E2
2.329970211E2,2.292651354E-2,6.074117846E-4,1.621526433E-3,9.997356534E-1,1.773725849E2,1.873603617E-1,-6.532582806E-2,1.773724741E2
2.330020211E2,2.292906226E-2,6.071723765E-4,1.622326556E-3,9.997355938E-1,1.773722927E2,1.874515624E-1,-6.529582111E-2,1.773721820E2
2.330070211E2,2.293681443E-2,6.010162761E-4,1.625224366E-3,9.997354150E-1,1.773714042E2,1.877678640E-1,-6.458150004E-2,1.773712944E2
2.330120211E2,2.292860473E-2,6.059841835E-4,1.629222534E-3,9.997355938E-1,1.773723452E2,1.882384248E-1,-6.514166652E-2,1.773722342E2
2.330170211E2,2.292083343E-2,6.113671116E-4,1.626834157E-3,9.997357726E-1,1.773732359E2,1.879784423E-1,-6.576607849E-2,1.773731241E2
2.330220211E2,2.291805940E-2,6.135585136E-4,1.628461294E-3,9.997358322E-1,1.773735539E2,1.881704231E-1,-6.601337660E-2,1.773734415E2
2.330270211E2,2.292336932E-2,6.096434081E-4,1.628378406E-3,9.997357130E-1,1.773729453E2,1.881509924E-1,-6.556407530E-2,1.773728336E2
2.330320211E2,2.291808050E-2,6.141915801E-4,1.627925551E-3,9.997358322E-1,1.773735515E2,1.881107116E-1,-6.608730460E-2,1.773734390E2
2.330370211E2,2.291543643E-2,6.164686638E-4,1.627681893E-3,9.997358918E-1,1.773738545E2,1.880886033E-1,-6.634930769E-2,1.773737417E2
2.330420211E2,2.291825987E-2,6.132837152E-4,1.625741133E-3,9.997358322E-1,1.773735309E2,1.878580885E-1,-6.598900171E-2,1.773734188E2
2.330470211E2,2.292576594E-2,6.081562024E-4,1.631784951E-3,9.997356534E-1,1.773726706E2,1.885375014E-1,-6.538429831E-2,1.773725590E2
2.330520211E2,2.292045287E-2,6.130660768E-4,1.631549792E-3,9.997357726E-1,1.773732795E2,1.885231111E-1,-6.594839962E-2,1.773731671E2
2.330570211E2,2.291789082E-2,6.139442557E-4,1.630686806E-3,9.997358322E-1,1.773735732E2,1.884263835E-1,-6.605175457E-2,1.773734606E2
2.330620211E2,2.292344128E-2,6.109068054E-4,1.626891200E-3,9.997357130E-1,1.773729370E2,1.879839395E-1,-6.571270502E-2,1.773728252E2
2.330670211E2,2.292556608E-2,6.084616180E-4,1.634476823E-3,9.997356534E-1,1.773726935E2,1.888466761E-1,-6.541225275E-2,1.773725817E2
2.330720211E2,2.292018558E-2,6.130054826E-4,1.635323162E-3,9.997357726E-1,1.773733102E2,1.889552179E-1,-6.593159723E-2,1.773731975E2
2.330770211E2,2.292326729E-2,6.096133729E-4,1.629825332E-3,9.997357130E-1,1.773729570E2,1.883166690E-1,-6.555685267E-2,1.773728452E2
2.330820211E2,2.293384072E-2,6.038338761E-4,1.629474689E-3,9.997354746E-1,1.773717450E2,1.882620015E-1,-6.489367598E-2,1.773716344E2
2.330870211E2,2.292305271E-2,6.097190198E-4,1.632801141E-3,9.997357130E-1,1.773729815E2,1.886578460E-1,-6.556117897E-2,1.773728696E2
2.330920211E2,2.290962415E-2,6.197510520E-4,1.635017805E-3,9.997360110E-1,1.773745208E2,1.889372502E-1,-6.670717654E-2,1.773744068E2
2.330970211E2,2.291254903E-2,6.175319431E-4,1.631313004E-3,9.997359514E-1,1.773741855E2,1.885071898E-1,-6.646212741E-2,1.773740722E2
2.331020211E2,2.290961413E-2,6.193744484E-4,1.635300810E-3,9.997360110E-1,1.773745219E2,1.889686823E-1,-6.666329123E-2,1.773744080E2
2.331070211E2,2.290437279E-2,6.225074758E-4,1.634652610E-3,9.997361302E-1,1.773751227E2,1.889022980E-1,-6.702490717E-2,1.773750082E2
2.331120211E2,2.290986488E-2,6.197895855E-4,1.631626626E-3,9.997360110E-1,1.773744932E2,1.885488683E-1,-6.672044868E-2,1.773743794E2
2.331170211E2,2.291525819E-2,6.161054480E-4,1.630326733E-3,9.997358918E-1,1.773738750E2,1.883906348E-1,-6.630078536E-2,1.773737620E2
2.331220211E2,2.291477398E-2,6.156521267E-4,1.637288835E-3,9.997358918E-1,1.773739305E2,1.891870023E-1,-6.623066134E-2,1.773738171E2
2.331270211E2,2.291734163E-2,6.135231815E-4,1.638544723E-3,9.997358322E-1,1.773736362E2,1.893254575E-1,-6.598298240E-2,1.773735231E2
2.331320211E2,2.292260234E-2,6.109699607E-4,1.638645772E-3,9.997357130E-1,1.773730332E2,1.893306734E-1,-6.568922039E-2,1.773729206E2
2.331370211E2,2.292816275E-2,6.067317445E-4,1.635153661E-3,9.997355938E-1,1.773723958E2,1.889198401E-1,-6.521180732E-2,1.773722843E2
2.331420211E2,2.293321506E-2,6.030983059E-4,1.638527610E-3,9.997354746E-1,1.773718167E2,1.892971450E-1,-6.478573424E-2,1.773717057E2
2.331470211E2,2.293580900E-2,6.015211693E-4,1.639167080E-3,9.997354150E-1,1.773715194E2,1.893664261E-1,-6.460288356E-2,1.773714086E2
2.331520211E2,2.293075936E-2,6.049431395E-4,1.635846798E-3,9.997355342E-1,1.773720982E2,1.889947159E-1,-6.500459033E-2,1.773719870E2
2.331570211E2,2.292845682E-2,6.062978064E-4,1.631186227E-3,9.997355938E-1,1.773723621E2,1.884642032E-1,-6.517246376E-2,1.773722510E2
2.331620211E2,2.294167783E-2,5.975657841E-4,1.631171326E-3,9.997352958E-1,1.773708467E2,1.884403993E-1,-6.416965914E-2,1.773707372E2
2.331670211E2,2.293926443E-2,5.997038097E-4,1.627793536E-3,9.997353554E-1,1.773711233E2,1.880589001E-1,-6.442392836E-2,1.773710137E2
2.331720211E2,2.293683099E-2,6.015357212E-4,1.624798402E-3,9.997354150E-1,1.773714023E2,1.877204315E-1,-6.464212487E-2,1.773712924E2
2.331770211E2,2.294754268E-2,5.934220389E-4,1.623230521E-3,9.997351766E-1,1.773701745E2,1.875201668E-1,-6.371472308E-2,1.773700663E2
2.331820211E2,2.294206043E-2,5.970373750E-4,1.625975478E-3,9.997352958E-1,1.773708029E2,1.878437898E-1,-6.412271211E-2,1.773706938E2
2.331870211E2,2.292920852E-2,6.058953586E-4,1.620735973E-3,9.997355938E-1,1.773722760E2,1.872659965E-1,-6.515367629E-2,1.773721656E2
2.331920211E2,2.293672168E-2,6.010000361E-4,1.626538811E-3,9.997354150E-1,1.773714148E2,1.879184004E-1,-6.457620201E-2,1.773713049E2
2.331970211E2,2.294681393E-2,5.947326426E-4,1.633023378E-3,9.997351766E-1,1.773702580E2,1.886454522E-1,-6.383925263E-2,1.773701489E2
2.332020211E2,2.293086908E-2,6.045119953E-4,1.634467510E-3,9.997355342E-1,1.773720856E2,1.888355764E-1,-6.495880166E-2,1.773719746E2
2.332070211E2,2.292651792E-2,6.075716810E-4,1.621404546E-3,9.997356534E-1,1.773725844E2,1.873468185E-1,-6.534446542E-2,1.773724736E2
2.332120211E2,2.294773737E-2,5.931208725E-4,1.620586147E-3,9.997351766E-1,1.773701522E2,1.872164434E-1,-6.368713854E-2,1.773700442E2
2.332170211E2,2.295514390E-2,5.891621113E-4,1.627431018E-3,9.997349977E-1,1.773693032E2,1.879906598E-1,-6.321422506E-2,1.773691956E2
2.332220211E2,2.294492196E-2,5.960027338E-4,1.622621669E-3,9.997352362E-1,1.773704749E2,1.874570349E-1,-6.401246319E-2,1.773703662E2
2.332270211E2,2.294512442E-2,5.959381815E-4,1.619779970E-3,9.997352362E-1,1.773704517E2,1.871313287E-1,-6.401250208E-2,1.773703432E2
2.332320211E2,2.295836017E-2,5.855433410E-4,1.619966119E-3,9.997349381E-1,1.773689345E2,1.871261511E-1,-6.281868930E-2,1.773688281E2
2.332370211E2,2.295262896E-2,5.907163722E-4,1.625723089E-3,9.997350574E-1,1.773695915E2,1.877989262E-1,-6.339724836E-2,1.773694836E2
2.332420211E2,2.295015604E-2,5.921244738E-4,1.623467309E-3,9.997351170E-1,1.773698749E2,1.875440473E-1,-6.356495946E-2,1.773697670E2
2.332470211E2,2.296058062E-2,5.850492162E-4,1.625449397E-3,9.997348785E-1,1.773686800E2,1.877531632E-1,-6.274723855E-2,1.773685733E2
2.332520211E2,2.295782374E-2,5.865427665E-4,1.627190737E-3,9.997349381E-1,1.773689960E2,1.879564105E-1,-6.291427798E-2,1.773688889E2
2.332570211E2,2.294967423E-2,5.930413608E-4,1.629930804E-3,9.997351170E-1,1.773699301E2,1.882868965E-1,-6.365309089E-2,1.773698216E2
2.332620211E2,2.295294549E-2,5.902306875E-4,1.621424803E-3,9.997350574E-1,1.773695552E2,1.873052502E-1,-6.335285416E-2,1.773694477E2
2.332670211E2,2.295846647E-2,5.859799567E-4,1.618300797E-3,9.997349381E-1,1.773689224E2,1.869365248E-1,-6.287307001E-2,1.773688159E2
2.332720211E2,2.295580485E-2,5.887734005E-4,1.618222683E-3,9.997349977E-1,1.773692274E2,1.869347577E-1,-6.319379353E-2,1.773691205E2
2.332770211E2,2.294527106E-2,5.954109947E-4,1.617895556E-3,9.997352362E-1,1.773704348E2,1.869140702E-1,-6.395703442E-2,1.773703266E2
2.332820211E2,2.295067992E-2,5.915150978E-4,1.616267604E-3,9.997351170E-1,1.773698149E2,1.867176682E-1,-6.351398602E-2,1.773697075E2
2.332870211E2,2.295827016E-2,5.860148813E-4,1.621070784E-3,9.997349381E-1,1.773689449E2,1.872539383E-1,-6.286982007E-2,1.773688382E2
2.332920211E2,2.296084156E-2,5.849181325E-4,1.621806412E-3,9.997348785E-1,1.773686501E2,1.873354887E-1,-6.274175797E-2,1.773685436E2
2.332970211E2,2.296369371E-2,5.819981452E-4,1.619215123E-3,9.997348189E-1,1.773683232E2,1.870311210E-1,-6.241352539E-2,1.773682174E2
2.333020211E2,2.295613537E-2,5.873718765E-4,1.614037901E-3,9.997349977E-1,1.773691896E2,1.864516762E-1,-6.304418028E-2,1.773690831E2
2.333070211E2,2.295860336E-2,5.864303093E-4,1.616194379E-3,9.997349381E-1,1.773689067E2,1.866964038E-1,-6.293017929E-2,1.773688003E2
2.333120211E2,2.296346119E-2,5.829814472E-4,1.622156356E-3,9.997348189E-1,1.773683499E2,1.873706464E-1,-6.251847721E-2,1.773682437E2
2.333170211E2,2.295036259E-2,5.912598572E-4,1.620860421E-3,9.997351170E-1,1.773698512E2,1.872431371E-1,-6.347272536E-2,1.773697436E2
2.333220211E2,2.295861381E-2,5.855520139E-4,1.616364345E-3,9.997349381E-1,1.773689055E2,1.867135651E-1,-6.282911158E-2,1.773687992E2
2.333270211E2,2.295840017E-2,5.856616190E-4,1.619356335E-3,9.997349381E-1,1.773689300E2,1.870566071E-1,-6.283383619E-2,1.773688235E2
2.333320211E2,2.295017958E-2,5.917078233E-4,1.623286400E-3,9.997351170E-1,1.773698722E2,1.875222277E-1,-6.351769885E-2,1.773697644E2
2.333370211E2,2.293984650E-2,5.998684792E-4,1.619508956E-3,9.997353554E-1,1.773710566E2,1.871102757E-1,-6.446446233E-2,1.773709474E2
2.333420211E2,2.294795430E-2,5.943914875E-4,1.617044909E-3,9.997351766E-1,1.773701273E2,1.868141091E-1,-6.384197374E-2,1.773700193E2
2.333470211E2,2.295585905E-2,5.885382416E-4,1.617539208E-3,9.997349977E-1,1.773692212E2,1.868558425E-1,-6.316864128E-2,1.773691143E2
2.333520211E2,2.294003029E-2,5.993834347E-4,1.617083326E-3,9.997353554E-1,1.773710356E2,1.868311283E-1,-6.441523723E-2,1.773709266E2
2.333570211E2,2.293248345E-2,6.048589130E-4,1.611528452E-3,9.997355342E-1,1.773719006E2,1.862086574E-1,-6.505852352E-2,1.773717910E2
2.333620211E2,2.293491839E-2,6.033212994E-4,1.614427194E-3,9.997354746E-1,1.773716215E2,1.865368588E-1,-6.487430036E-2,1.773715120E2
2.333670211E2,2.293480116E-2,6.035929546E-4,1.615990303E-3,9.997354746E-1,1.773716349E2,1.867166374E-1,-6.490133516E-2,1.773715253E2
2.333720211E2,2.292727612E-2,6.071109674E-4,1.610821579E-3,9.997356534E-1,1.773724975E2,1.861332554E-1,-6.531934893E-2,1.773723875E2
2.333770211E2,2.292532534E-2,6.087577785E-4,1.600941643E-3,9.997357130E-1,1.773727211E2,1.850055931E-1,-6.553432916E-2,1.773726114E2
2.333820211E2,2.292766699E-2,6.079958985E-4,1.604913501E-3,9.997356534E-1,1.773724527E2,1.854587672E-1,-6.543617807E-2,1.773723429E2
2.333870211E2,2.291662166E-2,6.147495587E-4,1.611565589E-3,9.997358918E-1,1.773737187E2,1.862378562E-1,-6.619446587E-2,1.773736072E2
2.333920211E2,2.290895449E-2,6.202095537E-4,1.607550890E-3,9.997360706E-1,1.773745975E2,1.857917531E-1,-6.683193829E-2,1.773744853E2
2.333970211E2,2.290622412E-2,6.222263910E-4,1.608610735E-3,9.997361302E-1,1.773749105E2,1.859182828E-1,-6.706071524E-2,1.773747978E2
2.334020211E2,2.290609386E-2,6.218705676E-4,1.610601903E-3,9.997361302E-1,1.773749254E2,1.861454515E-1,-6.701474911E-2,1.773748126E2
2.334070211E2,2.290356917E-2,6.242797244E-4,1.608575112E-3,9.997361898E-1,1.773752148E2,1.859194134E-1,-6.729653515E-2,1.773751017E2
2.334120211E2,2.290145227E-2,6.256189081E-4,1.601133030E-3,9.997362494E-1,1.773754574E2,1.850702082E-1,-6.746987876E-2,1.773753446E2
2.334170211E2,2.290692197E-2,6.227187696E-4,1.598450704E-3,9.997361302E-1,1.773748305E2,1.847556719E-1,-6.714366367E-2,1.773747184E2
2.334220211E2,2.290673920E-2,6.218469352E-4,1.601406606E-3,9.997361302E-1,1.773748514E2,1.850920039E-1,-6.703605958E-2,1.773747393E2
2.334270211E2,2.290446384E-2,6.244974793E-4,1.595700160E-3,9.997361898E-1,1.773751122E2,1.844450688E-1,-6.735510891E-2,1.773750000E2
2.334320211E2,2.289670990E-2,6.288308068E-4,1.593246241E-3,9.997363687E-1,1.773760010E2,1.841747924E-1,-6.785941026E-2,1.773758881E2
2.334370211E2,2.290432872E-2,6.242473028E-4,1.597736264E-3,9.997361898E-1,1.773751277E2,1.846776625E-1,-6.732112900E-2,1.773750154E2
2.334420211E2,2.290145777E-2,6.258293288E-4,1.600972028E-3,9.997362494E-1,1.773754568E2,1.850523161E-1,-6.749440637E-2,1.773753439E2
2.334470211E2,2.290165090E-2,6.264455733E-4,1.597965602E-3,9.997362494E-1,1.773754347E2,1.847095253E-1,-6.757285866E-2,1.773753219E2
2.334520211E2,2.289354140E-2,6.315076607E-4,1.600302639E-3,9.997364283E-1,1.773763642E2,1.849899939E-1,-6.814814545E-2,1.773762503E2
2.334570211E2,2.289889474E-2,6.284546107E-4,1.599383773E-3,9.997363091E-1,1.773757506E2,1.848770796E-1,-6.779980449E-2,1.773756373E2
2.334620211E2,2.289097719E-2,6.329418975E-4,1.599180512E-3,9.997364879E-1,1.773766581E2,1.848650289E-1,-6.831587170E-2,1.773765440E2
2.334670211E2,2.288338686E-2,6.389525952E-4,1.593625522E-3,9.997366667E-1,1.773775281E2,1.842438844E-1,-6.902043650E-2,1.773774133E2
2.334720211E2,2.289125766E-2,6.325315335E-4,1.595323556E-3,9.997364879E-1,1.773766260E2,1.844221119E-1,-6.827892577E-2,1.773765122E2
2.334770211E2,2.289891397E-2,6.276989589E-4,1.599405194E-3,9.997363091E-1,1.773757484E2,1.848775518E-1,-6.771317621E-2,1.773756353E2
2.334820211E2,2.289665014E-2,6.291925092E-4,1.593962195E-3,9.997363687E-1,1.773760079E2,1.842577584E-1,-6.789897982E-2,1.773758948E2
2.334870211E2,2.289388493E-2,6.317020161E-4,1.595303649E-3,9.997364283E-1,1.773763248E2,1.844178343E-1,-6.818346268E-2,1.773762112E2
2.334920211E2,2.289380340E-2,6.314377533E-4,1.596577815E-3,9.997364283E-1,1.773763342E2,1.845631060E-1,-6.814986056E-2,1.773762205E2
2.334970211E2,2.289931786E-2,6.268580328E-4,1.593943103E-3,9.997363091E-1,1.773757021E2,1.842496258E-1,-6.763109741E-2,1.773755895E2
2.335020211E2,2.289680356E-2,6.301738904E-4,1.591368578E-3,9.997363687E-1,1.773759903E2,1.839632149E-1,-6.801818532E-2,1.773758772E2
2.335070211E2,2.289661998E-2,6.287386641E-4,1.594574424E-3,9.997363687E-1,1.773760113E2,1.843267033E-1,-6.784538584E-2,1.773758983E2
2.335120211E2,2.289901771E-2,6.275501801E-4,1.597977709E-3,9.997363091E-1,1.773757365E2,1.847136333E-1,-6.769985866E-2,1.773756235E2
2.335170211E2,2.290151285E-2,6.268241559E-4,1.599794603E-3,9.997362494E-1,1.773754505E2,1.849200431E-1,-6.761145501E-2,1.773753375E2
2.335220211E2,2.289622849E-2,6.294167833E-4,1.599919284E-3,9.997363687E-1,1.773760562E2,1.849407726E-1,-6.790912029E-2,1.773759427E2
2.335270211E2,2.289381468E-2,6.312376354E-4,1.596495160E-3,9.997364283E-1,1.773763329E2,1.845531126E-1,-6.812714954E-2,1.773762193E2
2.335320211E2,2.289379214E-2,6.321392721E-4,1.596461632E-3,9.997364283E-1,1.773763354E2,1.845516358E-1,-6.823053442E-2,1.773762217E2
2.335370211E2,2.289380960E-2,6.318184896E-4,1.596338232E-3,9.997364283E-1,1.773763334E2,1.845366584E-1,-6.819410566E-2,1.773762198E2
2.335420211E2,2.289971413E-2,6.278392975E-4,1.587852137E-3,9.997363091E-1,1.773756567E2,1.835544364E-1,-6.775942351E-2,1.773755443E2
2.335470211E2,2.289707831E-2,6.285004783E-4,1.588073676E-3,9.997363687E-1,1.773759588E2,1.835813726E-1,-6.783507195E-2,1.773758463E2
2.335520211E2,2.290241970E-2,6.251998711E-4,1.587399980E-3,9.997362494E-1,1.773753465E2,1.834958920E-1,-6.745773717E-2,1.773752347E2
2.335570211E2,2.289954300E-2,6.270547747E-4,1.590627828E-3,9.997363091E-1,1.773756763E2,1.838703537E-1,-6.766229492E-2,1.773755639E2
2.335620211E2,2.289161441E-2,6.327634910E-4,1.590103959E-3,9.997364879E-1,1.773765851E2,1.838247787E-1,-6.831912593E-2,1.773764716E2
2.335670211E2,2.288916948E-2,6.355677033E-4,1.586703118E-3,9.997365475E-1,1.773768653E2,1.834423615E-1,-6.864975046E-2,1.773767516E2
2.335720211E2,2.288885458E-2,6.344672875E-4,1.591678360E-3,9.997365475E-1,1.773769014E2,1.840094256E-1,-6.851069307E-2,1.773767875E2
2.335770211E2,2.288364620E-2,6.377880345E-4,1.590364729E-3,9.997366667E-1,1.773774984E2,1.838672859E-1,-6.889552605E-2,1.773773840E2
2.335820211E2,2.288332611E-2,6.383850123E-4,1.594724949E-3,9.997366667E-1,1.773775351E2,1.843683439E-1,-6.895254150E-2,1.773774203E2
2.335870211E2,2.289149746E-2,6.331620389E-4,1.591628185E-3,9.997364879E-1,1.773765985E2,1.840004342E-1,-6.836080714E-2,1.773764848E2
2.335920211E2,2.289119510E-2,6.322697736E-4,1.596324611E-3,9.997364879E-1,1.773766331E2,1.845361035E-1,-6.824632371E-2,1.773765194E2
2.335970211E2,2.288875193E-2,6.343770074E-4,1.593189780E-3,9.997365475E-1,1.773769132E2,1.841823327E-1,-6.849640493E-2,1.773767992E2
2.336020211E2,2.288879947E-2,6.350501790E-4,1.592238201E-3,9.997365475E-1,1.773769077E2,1.840750873E-1,-6.857601163E-2,1.773767937E2
2.336070211E2,2.288656288E-2,6.358983228E-4,1.586615108E-3,9.997366071E-1,1.773771641E2,1.834329671E-1,-6.868833581E-2,1.773770503E2
2.336120211E2,2.287550896E-2,6.434443640E-4,1.592743676E-3,9.997368455E-1,1.773784311E2,1.841540906E-1,-6.953878355E-2,1.773783155E2
2.336170211E2,2.287835449E-2,6.428482593E-4,1.589522813E-3,9.997367859E-1,1.773781049E2,1.837837378E-1,-6.947841321E-2,1.773779896E2
2.336220211E2,2.287605735E-2,6.435021060E-4,1.584824407E-3,9.997368455E-1,1.773783682E2,1.832470347E-1,-6.956605808E-2,1.773782532E2
2.336270211E2,2.287601485E-2,6.437622360E-4,1.585332095E-3,9.997368455E-1,1.773783731E2,1.833058753E-1,-6.959453584E-2,1.773782579E2
2.336320211E2,2.287574317E-2,6.439594436E-4,1.589167630E-3,9.997368455E-1,1.773784042E2,1.837457791E-1,-6.960712323E-2,1.773782888E2
2.336370211E2,2.287792385E-2,6.429742789E-4,1.595658250E-3,9.997367859E-1,1.773781543E2,1.844869248E-1,-6.947684386E-2,1.773780386E2
2.336420211E2,2.287771284E-2,6.423364975E-4,1.598937204E-3,9.997367859E-1,1.773781785E2,1.848608807E-1,-6.939522118E-2,1.773780626E2
2.336470211E2,2.287750231E-2,6.421359722E-4,1.602026983E-3,9.997367859E-1,1.773782026E2,1.852143109E-1,-6.936418720E-2,1.773780866E2
2.336520211E2,2.287518314E-2,6.439493736E-4,1.597212744E-3,9.997368455E-1,1.773784684E2,1.846673763E-1,-6.958498289E-2,1.773783524E2
2.336570211E2,2.286748388E-2,6.488086074E-4,1.593567664E-3,9.997370243E-1,1.773793509E2,1.842619884E-1,-7.015263806E-2,1.773792343E2
2.336620211E2,2.286754792E-2,6.500328309E-4,1.592149027E-3,9.997370243E-1,1.773793436E2,1.841026797E-1,-7.029659270E-2,1.773792268E2
2.336670211E2,2.286480533E-2,6.511715474E-4,1.593644964E-3,9.997370839E-1,1.773796580E2,1.842768480E-1,-7.042363108E-2,1.773795408E2
2.336720211E2,2.285643548E-2,6.574745057E-4,1.598937670E-3,9.997372627E-1,1.773806173E2,1.848991112E-1,-7.113338709E-2,1.773804986E2
2.336770211E2,2.284321991E-2,6.654224126E-4,1.598169212E-3,9.997375607E-1,1.773821321E2,1.848309425E-1,-7.204836724E-2,1.773820120E2
2.336820211E2,2.285099847E-2,6.612819270E-4,1.600542571E-3,9.997373819E-1,1.773812405E2,1.850925560E-1,-7.156637388E-2,1.773811210E2
2.336870211E2,2.284819332E-2,6.620243075E-4,1.603050041E-3,9.997374415E-1,1.773815621E2,1.853815596E-1,-7.164537607E-2,1.773814422E2
2.336920211E2,2.283777307E-2,6.700588856E-4,1.599504263E-3,9.997376800E-1,1.773827564E2,1.849956313E-1,-7.257704172E-2,1.773826353E2
2.336970211E2,2.284623285E-2,6.634365418E-4,1.593204914E-3,9.997375011E-1,1.773817868E2,1.842572407E-1,-7.183330292E-2,1.773816674E2
2.337020211E2,2.285146948E-2,6.609308184E-4,1.593949390E-3,9.997373819E-1,1.773811865E2,1.843363431E-1,-7.154332877E-2,1.773810675E2
2.337070211E2,2.284591963E-2,6.647577975E-4,1.597140799E-3,9.997375011E-1,1.773818227E2,1.847115800E-1,-7.197442127E-2,1.773817027E2
2.337120211E2,2.284367304E-2,6.668590358E-4,1.591077773E-3,9.997375607E-1,1.773820802E2,1.840223278E-1,-7.223142930E-2,1.773819603E2
2.337170211E2,2.284663330E-2,6.636287435E-4,1.587371808E-3,9.997375011E-1,1.773817409E2,1.835895212E-1,-7.187052000E-2,1.773816218E2
2.337220211E2,2.284388712E-2,6.652049487E-4,1.588694751E-3,9.997375607E-1,1.773820556E2,1.837450093E-1,-7.204813353E-2,1.773819362E2
2.337270211E2,2.284363475E-2,6.658397615E-4,1.592054148E-3,9.997375607E-1,1.773820846E2,1.841315119E-1,-7.211211076E-2,1.773819648E2
2.337320211E2,2.283825094E-2,6.689503207E-4,1.593132387E-3,9.997376800E-1,1.773827017E2,1.842627903E-1,-7.246663084E-2,1.773825812E2
2.337370211E2,2.284627216E-2,6.640067440E-4,1.592403511E-3,9.997375011E-1,1.773817823E2,1.841669263E-1,-7.190071707E-2,1.773816628E2
2.337420211E2,2.284601853E-2,6.638526102E-4,1.596102375E-3,9.997375011E-1,1.773818113E2,1.845902532E-1,-7.187342205E-2,1.773816916E2
2.337470211E2,2.284578772E-2,6.638078485E-4,1.599421143E-3,9.997375011E-1,1.773818378E2,1.849703236E-1,-7.185964797E-2,1.773817179E2
2.337520211E2,2.284849621E-2,6.624108064E-4,1.598567003E-3,9.997374415E-1,1.773815273E2,1.848690082E-1,-7.170133605E-2,1.773814077E2
2.337570211E2,2.284808432E-2,6.631033611E-4,1.604157267E-3,9.997374415E-1,1.773815745E2,1.855112232E-1,-7.176611522E-2,1.773814544E2
2.337620211E2,2.284543068E-2,6.639901549E-4,1.604437479E-3,9.997375011E-1,1.773818787E2,1.855454561E-1,-7.186746647E-2,1.773817584E2
2.337670211E2,2.284570099E-2,6.647492410E-4,1.600268763E-3,9.997375011E-1,1.773818477E2,1.850698872E-1,-7.196529226E-2,1.773817276E2
2.337720211E2,2.284887595E-2,6.628223928E-4,1.592958812E-3,9.997374415E-1,1.773814838E2,1.842276284E-1,-7.176310234E-2,1.773813645E2
2.337770211E2,2.285413982E-2,6.580871413E-4,1.594225178E-3,9.997373223E-1,1.773808805E2,1.843606807E-1,-7.121633821E-2,1.773807620E2
2.337820211E2,2.285381288E-2,6.594251608E-4,1.598353847E-3,9.997373223E-1,1.773809179E2,1.848371499E-1,-7.135887113E-2,1.773807989E2
2.337870211E2,2.284860463E-2,6.623323425E-4,1.597049064E-3,9.997374415E-1,1.773815149E2,1.846949126E-1,-7.169630159E-2,1.773813954E2
2.337920211E2,2.285902628E-2,6.544340285E-4,1.600415329E-3,9.997372031E-1,1.773803204E2,1.850606134E-1,-7.078071552E-2,1.773802021E2
2.337970211E2,2.286141355E-2,6.533210981E-4,1.603999757E-3,9.997371435E-1,1.773800467E2,1.854685051E-1,-7.064338400E-2,1.773799285E2
2.338020211E2,2.285351474E-2,6.589206168E-4,1.602818491E-3,9.997373223E-1,1.773809521E2,1.853472850E-1,-7.128943228E-2,1.773808329E2
2.338070211E2,2.285343865E-2,6.590898265E-4,1.603833516E-3,9.997373223E-1,1.773809608E2,1.854640059E-1,-7.130617302E-2,1.773808415E2
2.338120211E2,2.285342611E-2,6.581956404E-4,1.604379388E-3,9.997373223E-1,1.773809623E2,1.855241990E-1,-7.120230645E-2,1.773808430E2
2.338170211E2,2.285585454E-2,6.566647207E-4,1.607551589E-3,9.997372627E-1,1.773806839E2,1.858837750E-1,-7.101816269E-2,1.773805648E2
2.338220211E2,2.285309274E-2,6.587813841E-4,1.608881284E-3,9.997373223E-1,1.773810005E2,1.860414550E-1,-7.125768199E-2,1.773808808E2
2.338270211E2,2.285880128E-2,6.544183125E-4,1.603632118E-3,9.997372031E-1,1.773803462E2,1.854290775E-1,-7.077053018E-2,1.773802277E2
2.338320211E2,2.286391888E-2,6.514887209E-4,1.606184058E-3,9.997370839E-1,1.773797596E2,1.857141180E-1,-7.042727624E-2,1.773796415E2
2.338370211E2,2.285527600E-2,6.566644879E-4,1.615756191E-3,9.997372627E-1,1.773807502E2,1.868236677E-1,-7.099675454E-2,1.773806305E2
2.338420211E2,2.284478904E-2,6.645650137E-4,1.613311004E-3,9.997375011E-1,1.773819523E2,1.865634827E-1,-7.191021186E-2,1.773818312E2
2.338470211E2,2.283979116E-2,6.675174227E-4,1.608977909E-3,9.997376204E-1,1.773825251E2,1.860744440E-1,-7.226071834E-2,1.773824038E2
2.338520211E2,2.285009906E-2,6.618250627E-4,1.613109489E-3,9.997373819E-1,1.773813436E2,1.865336033E-1,-7.159585571E-2,1.773812231E2
2.338570211E2,2.285522926E-2,6.569301477E-4,1.616309281E-3,9.997372627E-1,1.773807556E2,1.868877231E-1,-7.102574904E-2,1.773806358E2
2.338620211E2,2.285274629E-2,6.598291220E-4,1.613366650E-3,9.997373223E-1,1.773810402E2,1.865580263E-1,-7.136603036E-2,1.773809200E2
2.338670211E2,2.285269335E-2,6.590973353E-4,1.614415320E-3,9.997373223E-1,1.773810463E2,1.866762434E-1,-7.127945935E-2,1.773809261E2
2.338720211E2,2.285517585E-2,6.575105363E-4,1.616828493E-3,9.997372627E-1,1.773807617E2,1.869487215E-1,-7.109088932E-2,1.773806417E2
2.338770211E2,2.285517593E-2,6.581244525E-4,1.616577501E-3,9.997372627E-1,1.773807617E2,1.869215755E-1,-7.116187784E-2,1.773806416E2
2.338820211E2,2.285297541E-2,6.592206773E-4,1.610367210E-3,9.997373223E-1,1.773810139E2,1.862128276E-1,-7.130413845E-2,1.773808941E2
2.338870211E2,2.285821834E-2,6.550322869E-4,1.611670712E-3,9.997372031E-1,1.773804130E2,1.863515607E-1,-7.081991917E-2,1.773802938E2
2.338920211E2,2.286118976E-2,6.532617845E-4,1.607210375E-3,9.997371435E-1,1.773800724E2,1.858361481E-1,-7.062821922E-2,1.773799539E2
2.338970211E2,2.285077959E-2,6.607618998E-4,1.603878802E-3,9.997373819E-1,1.773812656E2,1.854733832E-1,-7.149810295E-2,1.773811459E2
2.339020211E2,2.285366658E-2,6.588952965E-4,1.600662479E-3,9.997373223E-1,1.773809347E2,1.851002328E-1,-7.129214991E-2,1.773808156E2
2.339070211E2,2.286169788E-2,6.535942666E-4,1.599830575E-3,9.997371435E-1,1.773800141E2,1.849916118E-1,-7.068554860E-2,1.773798961E2
2.339120211E2,2.286177400E-2,6.527734804E-4,1.599077717E-3,9.997371435E-1,1.773800054E2,1.849032179E-1,-7.059347644E-2,1.773798876E2
2.339170211E2,2.285126107E-2,6.603726652E-4,1.597165246E-3,9.997373819E-1,1.773812104E2,1.847032810E-1,-7.147100301E-2,1.773810913E2
2.339220211E2,2.285929075E-2,6.554082502E-4,1.596233691E-3,9.997372031E-1,1.773802900E2,1.845841284E-1,-7.090322907E-2,1.773801719E2
2.339270211E2,2.286449809E-2,6.506994250E-4,1.598239178E-3,9.997370839E-1,1.773796932E2,1.848019107E-1,-7.035756292E-2,1.773795758E2
2.339320211E2,2.285898466E-2,6.550535327E-4,1.600756194E-3,9.997372031E-1,1.773803251E2,1.851012835E-1,-7.085080162E-2,1.773802068E2
2.339370211E2,2.285881460E-2,6.558666355E-4,1.602850389E-3,9.997372031E-1,1.773803446E2,1.853433164E-1,-7.093849752E-2,1.773802260E2
2.339420211E2,2.287208654E-2,6.468356005E-4,1.603074023E-3,9.997369051E-1,1.773788234E2,1.853462050E-1,-6.990084240E-2,1.773787064E2
2.339470211E2,2.287432418E-2,6.444404717E-4,1.609270927E-3,9.997368455E-1,1.773785669E2,1.860500109E-1,-6.960979404E-2,1.773784499E2
2.339520211E2,2.286594770E-2,6.498784642E-4,1.615030342E-3,9.997370243E-1,1.773795270E2,1.867234874E-1,-7.021924549E-2,1.773794086E2
2.339570211E2,2.285852263E-2,6.562314229E-4,1.606859965E-3,9.997372031E-1,1.773803781E2,1.858035958E-1,-7.096983909E-2,1.773802591E2
2.339620211E2,2.286112162E-2,6.535308203E-4,1.608069986E-3,9.997371435E-1,1.773800802E2,1.859353268E-1,-7.065680100E-2,1.773799616E2
2.339670211E2,2.285823771E-2,6.551169790E-4,1.611361513E-3,9.997372031E-1,1.773804107E2,1.863163616E-1,-7.083042796E-2,1.773802916E2
2.339720211E2,2.285823096E-2,6.561033661E-4,1.611055923E-3,9.997372031E-1,1.773804115E2,1.862839362E-1,-7.094423167E-2,1.773802922E2
2.339770211E2,2.285828969E-2,6.558583700E-4,1.610322273E-3,9.997372031E-1,1.773804048E2,1.861992503E-1,-7.091807540E-2,1.773802856E2
2.339820211E2,2.285775993E-2,6.563159404E-4,1.617638976E-3,9.997372031E-1,1.773804655E2,1.870386263E-1,-7.095142843E-2,1.773803457E2
2.339870211E2,2.285504375E-2,6.566841621E-4,1.619030139E-3,9.997372627E-1,1.773807768E2,1.871987722E-1,-7.099047699E-2,1.773806569E2
2.339920211E2,2.286823136E-2,6.488393410E-4,1.620002789E-3,9.997369647E-1,1.773792653E2,1.872905770E-1,-7.008674456E-2,1.773791467E2
2.339970211E2,2.287063834E-2,6.469689542E-4,1.623551128E-3,9.997369051E-1,1.773789894E2,1.876923473E-1,-6.986271956E-2,1.773788709E2
2.340020211E2,2.286780035E-2,6.482452736E-4,1.626312500E-3,9.997369647E-1,1.773793147E2,1.880118417E-1,-7.000223298E-2,1.773791958E2
2.340070211E2,2.287042408E-2,6.463748869E-4,1.626802725E-3,9.997369051E-1,1.773790139E2,1.880632839E-1,-6.978618053E-2,1.773788954E2
2.340120211E2,2.287345602E-2,6.455784314E-4,1.621111063E-3,9.997368455E-1,1.773786664E2,1.874093608E-1,-6.970928624E-2,1.773785484E2
2.340170211E2,2.286568610E-2,6.494574482E-4,1.618898823E-3,9.997370243E-1,1.773795570E2,1.871655459E-1,-7.016092541E-2,1.773794384E2
2.340220211E2,2.287048906E-2,6.472738460E-4,1.625531237E-3,9.997369051E-1,1.773790065E2,1.879199808E-1,-6.989248679E-2,1.773788878E2
2.340270211E2,2.287574323E-2,6.423534360E-4,1.626866520E-3,9.997367859E-1,1.773784042E2,1.880604206E-1,-6.932430951E-2,1.773782865E2
2.340320211E2,2.287841601E-2,6.420895224E-4,1.626013778E-3,9.997367263E-1,1.773780979E2,1.879622223E-1,-6.929580814E-2,1.773779802E2
2.340370211E2,2.287280741E-2,6.448047934E-4,1.630543149E-3,9.997368455E-1,1.773787407E2,1.884878442E-1,-6.959605580E-2,1.773786222E2
2.340420211E2,2.287538156E-2,6.433766102E-4,1.631541061E-3,9.997367859E-1,1.773784457E2,1.885986017E-1,-6.942933979E-2,1.773783274E2
2.340470211E2,2.286460186E-2,6.504527410E-4,1.633744920E-3,9.997370243E-1,1.773796813E2,1.888688737E-1,-7.023625065E-2,1.773795615E2
2.340520211E2,2.285691713E-2,6.559347967E-4,1.629657694E-3,9.997372031E-1,1.773805621E2,1.884144544E-1,-7.087644067E-2,1.773804415E2
2.340570211E2,2.286455317E-2,6.507584476E-4,1.634304528E-3,9.997370243E-1,1.773796869E2,1.889337812E-1,-7.026981576E-2,1.773795669E2
2.340620211E2,2.286964327E-2,6.476045819E-4,1.637256937E-3,9.997369051E-1,1.773791034E2,1.892641059E-1,-6.989980475E-2,1.773789839E2
2.340670211E2,2.285896419E-2,6.536220317E-4,1.638416201E-3,9.997371435E-1,1.773803275E2,1.894119311E-1,-7.058815759E-2,1.773802067E2
2.340720211E2,2.285361037E-2,6.586965756E-4,1.638331334E-3,9.997372627E-1,1.773809411E2,1.894151218E-1,-7.117074150E-2,1.773808194E2
2.340770211E2,2.286370738E-2,6.507895887E-4,1.646082383E-3,9.997370243E-1,1.773797838E2,1.902830958E-1,-7.024268387E-2,1.773796631E2
2.340820211E2,2.286601356E-2,6.484527257E-4,1.651163329E-3,9.997369647E-1,1.773795195E2,1.908592163E-1,-6.996121651E-2,1.773793988E2
2.340870211E2,2.286384948E-2,6.513487897E-4,1.643885975E-3,9.997370243E-1,1.773797675E2,1.900329466E-1,-7.031247458E-2,1.773796468E2
2.340920211E2,2.287200167E-2,6.444804603E-4,1.641934039E-3,9.997368455E-1,1.773788331E2,1.897918987E-1,-6.952919542E-2,1.773787139E2
2.340970211E2,2.288246975E-2,6.383222062E-4,1.643653726E-3,9.997366071E-1,1.773776332E2,1.899734872E-1,-6.881720039E-2,1.773775151E2
2.341020211E2,2.288031858E-2,6.393649965E-4,1.636927249E-3,9.997366667E-1,1.773778798E2,1.892054764E-1,-6.895470960E-2,1.773777619E2
2.341070211E2,2.288073299E-2,6.393671501E-4,1.631123596E-3,9.997366667E-1,1.773778323E2,1.885406338E-1,-6.897009543E-2,1.773777148E2
2.341120211E2,2.288613315E-2,6.361601991E-4,1.629681676E-3,9.997365475E-1,1.773772133E2,1.883674059E-1,-6.860546589E-2,1.773770965E2
2.341170211E2,2.287834645E-2,6.416336400E-4,1.627172111E-3,9.997367263E-1,1.773781059E2,1.880937228E-1,-6.924055778E-2,1.773779882E2
2.341220211E2,2.287100212E-2,6.463304162E-4,1.618673559E-3,9.997369051E-1,1.773789477E2,1.871319159E-1,-6.980228327E-2,1.773788297E2
2.341270211E2,2.287412269E-2,6.447536289E-4,1.612007152E-3,9.997368455E-1,1.773785900E2,1.863642847E-1,-6.963853480E-2,1.773784728E2
2.341320211E2,2.288439863E-2,6.380992127E-4,1.616664347E-3,9.997366071E-1,1.773774121E2,1.868810843E-1,-6.886206651E-2,1.773772959E2
2.341370211E2,2.288719227E-2,6.355319056E-4,1.614986570E-3,9.997365475E-1,1.773770919E2,1.866823335E-1,-6.857183046E-2,1.773769763E2
2.341420211E2,2.288207823E-2,6.394597003E-4,1.612105407E-3,9.997366667E-1,1.773776781E2,1.863622120E-1,-6.903031417E-2,1.773775619E2
2.341470211E2,2.288198402E-2,6.392303621E-4,1.613533008E-3,9.997366667E-1,1.773776889E2,1.865251526E-1,-6.900031497E-2,1.773775726E2
2.341520211E2,2.288220172E-2,6.382543943E-4,1.610829728E-3,9.997366667E-1,1.773776640E2,1.862129157E-1,-6.889555470E-2,1.773775481E2
2.341570211E2,2.287674925E-2,6.425664178E-4,1.612573513E-3,9.997367859E-1,1.773782889E2,1.864236164E-1,-6.938599037E-2,1.773781721E2
2.341620211E2,2.287180042E-2,6.462624879E-4,1.607381506E-3,9.997369051E-1,1.773788562E2,1.858381557E-1,-6.982394876E-2,1.773787390E2
2.341670211E2,2.287176408E-2,6.465268089E-4,1.607792336E-3,9.997369051E-1,1.773788603E2,1.858859114E-1,-6.985315971E-2,1.773787431E2
2.341720211E2,2.287148389E-2,6.471073721E-4,1.611540210E-3,9.997369051E-1,1.773788925E2,1.863167769E-1,-6.990989879E-2,1.773787748E2
2.341770211E2,2.286322968E-2,6.515960558E-4,1.615921501E-3,9.997370839E-1,1.773798386E2,1.868298899E-1,-7.041418807E-2,1.773797198E2
2.341820211E2,2.286374480E-2,6.517232396E-4,1.608565100E-3,9.997370839E-1,1.773797795E2,1.859874969E-1,-7.044793678E-2,1.773796612E2
2.341870211E2,2.286375945E-2,6.510242238E-4,1.608639956E-3,9.997370839E-1,1.773797778E2,1.859942418E-1,-7.036765765E-2,1.773796597E2
2.341920211E2,2.286894026E-2,6.479149451E-4,1.610336825E-3,9.997369647E-1,1.773791840E2,1.861808536E-1,-7.000604331E-2,1.773790663E2
2.341970211E2,2.286127902E-2,6.540055620E-4,1.605637488E-3,9.997371435E-1,1.773800621E2,1.856579103E-1,-7.071753157E-2,1.773799436E2
2.342020211E2,2.286145533E-2,6.531911204E-4,1.603457145E-3,9.997371435E-1,1.773800419E2,1.854060049E-1,-7.062990738E-2,1.773799237E2
2.342070211E2,2.286394815E-2,6.515948335E-4,1.605724334E-3,9.997370839E-1,1.773797562E2,1.856617313E-1,-7.044063175E-2,1.773796381E2
2.342120211E2,2.286897443E-2,6.478717551E-4,1.609868952E-3,9.997369647E-1,1.773791801E2,1.861271424E-1,-7.000231519E-2,1.773790624E2
2.342170211E2,2.286389327E-2,6.523898337E-4,1.606182894E-3,9.997370839E-1,1.773797625E2,1.857163441E-1,-7.053051685E-2,1.773796443E2
2.342220211E2,2.286353338E-2,6.522727781E-4,1.611345098E-3,9.997370839E-1,1.773798038E2,1.863074035E-1,-7.050364820E-2,1.773796852E2
2.342270211E2,2.286074013E-2,6.528693484E-4,1.613752102E-3,9.997371435E-1,1.773801239E2,1.865845202E-1,-7.056620692E-2,1.773800050E2
2.342320211E2,2.287100593E-2,6.469890359E-4,1.618356560E-3,9.997369051E-1,1.773789472E2,1.870973266E-1,-6.987856582E-2,1.773788292E2
2.342370211E2,2.286860706E-2,6.484516198E-4,1.614846406E-3,9.997369647E-1,1.773792222E2,1.866988625E-1,-7.005576946E-2,1.773791041E2
2.342420211E2,2.287144157E-2,6.463325699E-4,1.612451510E-3,9.997369051E-1,1.773788973E2,1.864191431E-1,-6.981875571E-2,1.773787798E2
2.342470211E2,2.288469010E-2,6.377265090E-4,1.612680499E-3,9.997366071E-1,1.773773787E2,1.864237302E-1,-6.882976226E-2,1.773772628E2
2.342520211E2,2.288190727E-2,6.392236683E-4,1.614623703E-3,9.997366667E-1,1.773776977E2,1.866500817E-1,-6.899670241E-2,1.773775814E2
2.342570211E2,2.287154548E-2,6.460606237E-4,1.611085958E-3,9.997369051E-1,1.773788854E2,1.862619974E-1,-6.979116090E-2,1.773787680E2
2.342620211E2,2.287706627E-2,6.431706133E-4,1.607828191E-3,9.997367859E-1,1.773782526E2,1.858815901E-1,-6.946758928E-2,1.773781360E2
2.342670211E2,2.288766862E-2,6.360255647E-4,1.608026447E-3,9.997365475E-1,1.773770373E2,1.858862972E-1,-6.864655117E-2,1.773769221E2
2.342720211E2,2.288491144E-2,6.364363944E-4,1.610047184E-3,9.997366071E-1,1.773773534E2,1.861186846E-1,-6.868882960E-2,1.773772379E2
2.342770211E2,2.287944845E-2,6.402942236E-4,1.612135442E-3,9.997367263E-1,1.773779795E2,1.863676596E-1,-6.912632981E-2,1.773778632E2
2.342820211E2,2.287969653E-2,6.406063330E-4,1.608486637E-3,9.997367263E-1,1.773779511E2,1.859504815E-1,-6.917160622E-2,1.773778349E2
2.342870211E2,2.287715252E-2,6.432436057E-4,1.606571255E-3,9.997367859E-1,1.773782427E2,1.857377906E-1,-6.947923060E-2,1.773781262E2
2.342920211E2,2.287188082E-2,6.464130129E-4,1.606176491E-3,9.997369051E-1,1.773788470E2,1.857005072E-1,-6.984433658E-2,1.773787298E2
2.342970211E2,2.287698378E-2,6.433372619E-4,1.608934836E-3,9.997367859E-1,1.773782620E2,1.860088004E-1,-6.948379490E-2,1.773781453E2
2.343020211E2,2.289007081E-2,6.326939329E-4,1.612199470E-3,9.997364879E-1,1.773767620E2,1.863557910E-1,-6.825348174E-2,1.773766471E2
2.343070211E2,2.288758727E-2,6.345830043E-4,1.609753352E-3,9.997365475E-1,1.773770467E2,1.860803450E-1,-6.847677515E-2,1.773769315E2
2.343120211E2,2.287963327E-2,6.409976049E-4,1.609230414E-3,9.997367263E-1,1.773779584E2,1.860367116E-1,-6.921449252E-2,1.773778421E2
2.343170211E2,2.288731292E-2,6.363134598E-4,1.612967812E-3,9.997365475E-1,1.773770781E2,1.864531194E-1,-6.866663871E-2,1.773769624E2
2.343220211E2,2.288458258E-2,6.375103840E-4,1.614290988E-3,9.997366071E-1,1.773773911E2,1.866076565E-1,-6.880079921E-2,1.773772751E2
2.343270211E2,2.287449042E-2,6.447127089E-4,1.606796985E-3,9.997368455E-1,1.773785478E2,1.857673169E-1,-6.964743605E-2,1.773784310E2
2.343320211E2,2.287184203E-2,6.455249968E-4,1.607085811E-3,9.997369051E-1,1.773788514E2,1.858023501E-1,-6.974022801E-2,1.773787344E2
2.343370211E2,2.288204934E-2,6.393540534E-4,1.612557331E-3,9.997366667E-1,1.773776814E2,1.864137062E-1,-6.901703146E-2,1.773775652E2
2.343420211E2,2.288453384E-2,6.381061394E-4,1.614746405E-3,9.997366071E-1,1.773773966E2,1.866613889E-1,-6.886786456E-2,1.773772805E2
2.343470211E2,2.288483838E-2,6.375411176E-4,1.610648469E-3,9.997366071E-1,1.773773617E2,1.861904613E-1,-6.881382497E-2,1.773772460E2
2.343520211E2,2.289294131E-2,6.323210546E-4,1.608544844E-3,9.997364283E-1,1.773764330E2,1.859363283E-1,-6.821981696E-2,1.773763184E2
2.343570211E2,2.289023779E-2,6.338526146E-4,1.609371044E-3,9.997364879E-1,1.773767428E2,1.860348126E-1,-6.839361019E-2,1.773766279E2
2.343620211E2,2.288762500E-2,6.358664250E-4,1.608710154E-3,9.997365475E-1,1.773770423E2,1.859642035E-1,-6.862653475E-2,1.773769270E2
2.343670211E2,2.288261069E-2,6.392571959E-4,1.604610588E-3,9.997366667E-1,1.773776171E2,1.855030981E-1,-6.902666918E-2,1.773775014E2
2.343720211E2,2.288228131E-2,6.384178414E-4,1.609633910E-3,9.997366667E-1,1.773776548E2,1.860763547E-1,-6.891740033E-2,1.773775390E2
2.343770211E2,2.289010164E-2,6.331674522E-4,1.611575717E-3,9.997364879E-1,1.773767585E2,1.862855770E-1,-6.830935922E-2,1.773766435E2
2.343820211E2,2.288232015E-2,6.395084201E-4,1.608648570E-3,9.997366667E-1,1.773776504E2,1.859663352E-1,-6.904491514E-2,1.773775344E2
2.343870211E2,2.287444197E-2,6.441042642E-4,1.607730519E-3,9.997368455E-1,1.773785534E2,1.858726658E-1,-6.957529364E-2,1.773784366E2
2.343920211E2,2.287164631E-2,6.460681325E-4,1.609650906E-3,9.997369051E-1,1.773788738E2,1.860976220E-1,-6.979576363E-2,1.773787565E2
2.343970211E2,2.287690898E-2,6.424526800E-4,1.610351261E-3,9.997367859E-1,1.773782706E2,1.861687441E-1,-6.937875653E-2,1.773781540E2
2.344020211E2,2.287427358E-2,6.441198639E-4,1.610118314E-3,9.997368455E-1,1.773785727E2,1.861462450E-1,-6.957085289E-2,1.773784557E2
2.344070211E2,2.287452335E-2,6.447130581E-4,1.606327947E-3,9.997368455E-1,1.773785441E2,1.857135864E-1,-6.964869945E-2,1.773784273E2
2.344120211E2,2.287443565E-2,6.448124186E-4,1.607536571E-3,9.997368455E-1,1.773785541E2,1.858523028E-1,-6.965693041E-2,1.773784372E2
2.344170211E2,2.288269467E-2,6.393894437E-4,1.603359822E-3,9.997366667E-1,1.773776075E2,1.853601608E-1,-6.904508396E-2,1.773774919E2
2.344220211E2,2.287996633E-2,6.413522060E-4,1.604346209E-3,9.997367263E-1,1.773779202E2,1.854781213E-1,-6.926786039E-2,1.773778041E2
2.344270211E2,2.287721750E-2,6.426899345E-4,1.605867408E-3,9.997367859E-1,1.773782353E2,1.856557095E-1,-6.941763440E-2,1.773781189E2
2.344320211E2,2.288276246E-2,6.391654606E-4,1.602481352E-3,9.997366667E-1,1.773775997E2,1.852589390E-1,-6.902171517E-2,1.773774842E2
2.344370211E2,2.288036224E-2,6.411132636E-4,1.598785864E-3,9.997367263E-1,1.773778748E2,1.848405192E-1,-6.925499266E-2,1.773777592E2
2.344420211E2,2.288069168E-2,6.411831710E-4,1.594036119E-3,9.997367263E-1,1.773778370E2,1.842965862E-1,-6.927539453E-2,1.773777218E2
2.344470211E2,2.288310391E-2,6.391942152E-4,1.597586554E-3,9.997366667E-1,1.773775605E2,1.846982812E-1,-6.903778184E-2,1.773774454E2
2.344520211E2,2.288580522E-2,6.372434436E-4,1.596970484E-3,9.997366071E-1,1.773772509E2,1.846227731E-1,-6.881541537E-2,1.773771362E2
2.344570211E2,2.288285241E-2,6.379450206E-4,1.601683092E-3,9.997366667E-1,1.773775894E2,1.851642945E-1,-6.888397644E-2,1.773774742E2
2.344620211E2,2.287758935E-2,6.420154823E-4,1.600831863E-3,9.997367859E-1,1.773781926E2,1.850770860E-1,-6.935350082E-2,1.773780767E2
2.344670211E2,2.288847803E-2,6.358692190E-4,1.596526359E-3,9.997365475E-1,1.773769446E2,1.845684726E-1,-6.865865358E-2,1.773768301E2
2.344720211E2,2.288835518E-2,6.355963997E-4,1.598395174E-3,9.997365475E-1,1.773769586E2,1.847818432E-1,-6.862251993E-2,1.773768441E2
2.344770211E2,2.289336662E-2,6.315775681E-4,1.602773438E-3,9.997364283E-1,1.773763842E2,1.852732244E-1,-6.814970433E-2,1.773762701E2
2.344820211E2,2.289303507E-2,6.322300760E-4,1.607245649E-3,9.997364283E-1,1.773764222E2,1.857872580E-1,-6.821278529E-2,1.773763077E2
2.344870211E2,2.289061686E-2,6.340414984E-4,1.603895798E-3,9.997364879E-1,1.773766994E2,1.854080804E-1,-6.842954106E-2,1.773765848E2
2.344920211E2,2.289593391E-2,6.302943802E-4,1.603784738E-3,9.997363687E-1,1.773760900E2,1.853858885E-1,-6.799957133E-2,1.773759760E2
2.344970211E2,2.289357475E-2,6.311541656E-4,1.599965035E-3,9.997364283E-1,1.773763604E2,1.849503921E-1,-6.810852810E-2,1.773762466E2
2.345020211E2,2.288842095E-2,6.342479028E-4,1.597988885E-3,9.997365475E-1,1.773769511E2,1.847317652E-1,-6.846908775E-2,1.773768368E2
2.345070211E2,2.289369993E-2,6.311195903E-4,1.598186442E-3,9.997364283E-1,1.773763460E2,1.847465512E-1,-6.810921016E-2,1.773762323E2
2.345120211E2,2.288859694E-2,6.344385329E-4,1.595390378E-3,9.997365475E-1,1.773769309E2,1.844345879E-1,-6.849770985E-2,1.773768168E2
2.345170211E2,2.289133616E-2,6.328995223E-4,1.594050671E-3,9.997364879E-1,1.773766170E2,1.842772587E-1,-6.832440773E-2,1.773765032E2
2.345220211E2,2.289113463E-2,6.332894554E-4,1.596787479E-3,9.997364879E-1,1.773766401E2,1.845918014E-1,-6.836193683E-2,1.773765261E2
2.345270211E2,2.288830684E-2,6.352208438E-4,1.599236391E-3,9.997365475E-1,1.773769642E2,1.848772261E-1,-6.857729821E-2,1.773768497E2
2.345320211E2,2.289059106E-2,6.332151243E-4,1.604590216E-3,9.997364879E-1,1.773767024E2,1.854854643E-1,-6.833305368E-2,1.773765878E2
2.345370211E2,2.288527988E-2,6.368844770E-4,1.604623860E-3,9.997366071E-1,1.773773111E2,1.854985796E-1,-6.875431708E-2,1.773771959E2
2.345420211E2,2.288256906E-2,6.397336256E-4,1.605014317E-3,9.997366667E-1,1.773776219E2,1.855505965E-1,-6.908019869E-2,1.773775061E2
2.345470211E2,2.288775255E-2,6.355601945E-4,1.607015613E-3,9.997365475E-1,1.773770277E2,1.857692793E-1,-6.859587338E-2,1.773769126E2
2.345520211E2,2.288477922E-2,6.376637029E-4,1.611440326E-3,9.997366071E-1,1.773773685E2,1.862814953E-1,-6.882580287E-2,1.773772527E2
2.345570211E2,2.287431277E-2,6.448507775E-4,1.609268715E-3,9.997368455E-1,1.773785682E2,1.860508323E-1,-6.965680718E-2,1.773784512E2
2.345620211E2,2.288505806E-2,6.372222560E-4,1.607650425E-3,9.997366071E-1,1.773773366E2,1.858461790E-1,-6.878511735E-2,1.773772211E2
2.345670211E2,2.289249614E-2,6.323783309E-4,1.614845591E-3,9.997364283E-1,1.773764840E2,1.866582727E-1,-6.820993200E-2,1.773763689E2
2.345720211E2,2.288184907E-2,6.388506736E-4,1.615595771E-3,9.997366667E-1,1.773777044E2,1.867604614E-1,-6.895143353E-2,1.773775880E2
2.345770211E2,2.288227490E-2,6.387775065E-4,1.609582338E-3,9.997366667E-1,1.773776556E2,1.860713893E-1,-6.895874050E-2,1.773775397E2
2.345820211E2,2.289027479E-2,6.342676934E-4,1.608681167E-3,9.997364879E-1,1.773767386E2,1.859568705E-1,-6.844296497E-2,1.773766236E2
2.345870211E2,2.287673942E-2,6.418425473E-4,1.613001106E-3,9.997367859E-1,1.773782901E2,1.864707037E-1,-6.930194358E-2,1.773781733E2
2.345920211E2,2.286874200E-2,6.481098826E-4,1.613071654E-3,9.997369647E-1,1.773792067E2,1.864946576E-1,-7.002124542E-2,1.773790888E2
2.345970211E2,2.287109034E-2,6.470400840E-4,1.617142814E-3,9.997369051E-1,1.773789376E2,1.869584173E-1,-6.988757934E-2,1.773788196E2
2.346020211E2,2.286830362E-2,6.485206541E-4,1.619110233E-3,9.997369647E-1,1.773792570E2,1.871874940E-1,-7.005256085E-2,1.773791386E2
2.346070211E2,2.286019671E-2,6.533588166E-4,1.621234696E-3,9.997371435E-1,1.773801862E2,1.874429840E-1,-7.060278033E-2,1.773800667E2
2.346120211E2,2.286049085E-2,6.531386171E-4,1.617170754E-3,9.997371435E-1,1.773801525E2,1.869768552E-1,-7.058814527E-2,1.773800333E2
2.346170211E2,2.286325516E-2,6.516108988E-4,1.615555026E-3,9.997370839E-1,1.773798356E2,1.867879465E-1,-7.041684393E-2,1.773797169E2
2.346220211E2,2.285282385E-2,6.583931972E-4,1.612854656E-3,9.997373223E-1,1.773810313E2,1.864956159E-1,-7.120285504E-2,1.773809114E2
2.346270211E2,2.285517865E-2,6.566286320E-4,1.617147238E-3,9.997372627E-1,1.773807614E2,1.869829277E-1,-7.098902169E-2,1.773806416E2
2.346320211E2,2.285795775E-2,6.556782755E-4,1.615100307E-3,9.997372031E-1,1.773804428E2,1.867461353E-1,-7.088498950E-2,1.773803233E2
2.346370211E2,2.285774608E-2,6.563923671E-4,1.617803704E-3,9.997372031E-1,1.773804671E2,1.870576970E-1,-7.095975508E-2,1.773803473E2
2.346420211E2,2.285524778E-2,6.566806114E-4,1.616148860E-3,9.997372627E-1,1.773807535E2,1.868686928E-1,-7.099757850E-2,1.773806337E2
2.346470211E2,2.284763480E-2,6.631631404E-4,1.610522275E-3,9.997374415E-1,1.773816261E2,1.862405346E-1,-7.175638173E-2,1.773815055E2
2.346520211E2,2.283951593E-2,6.687414134E-4,1.612372929E-3,9.997376204E-1,1.773825567E2,1.864665678E-1,-7.239210589E-2,1.773824349E2
2.346570211E2,2.284717660E-2,6.638281629E-4,1.616736525E-3,9.997374415E-1,1.773816786E2,1.869541590E-1,-7.181638281E-2,1.773815574E2
2.346620211E2,2.286040838E-2,6.530678947E-4,1.618364709E-3,9.997371435E-1,1.773801619E2,1.871134458E-1,-7.057693080E-2,1.773800427E2
2.346670211E2,2.285231550E-2,6.602054345E-4,1.619303715E-3,9.997373223E-1,1.773810896E2,1.872391422E-1,-7.139367365E-2,1.773809689E2
2.346720211E2,2.284425829E-2,6.646448746E-4,1.620776369E-3,9.997375011E-1,1.773820131E2,1.874188998E-1,-7.189991643E-2,1.773818915E2
2.346770211E2,2.285159701E-2,6.601558998E-4,1.629431732E-3,9.997373223E-1,1.773811719E2,1.883992455E-1,-7.136161095E-2,1.773810505E2
2.346820211E2,2.284076647E-2,6.670646835E-4,1.632188563E-3,9.997375607E-1,1.773824133E2,1.887323855E-1,-7.214791678E-2,1.773822904E2
2.346870211E2,2.282543236E-2,6.770539912E-4,1.623513177E-3,9.997379184E-1,1.773841709E2,1.877635416E-1,-7.331789478E-2,1.773840468E2
2.346920211E2,2.285015038E-2,6.618034095E-4,1.612391206E-3,9.997373819E-1,1.773813377E2,1.864512625E-1,-7.159524637E-2,1.773812173E2
2.346970211E2,2.285524040E-2,6.577662425E-4,1.615811721E-3,9.997372627E-1,1.773807543E2,1.868329127E-1,-7.112283441E-2,1.773806344E2
2.347020211E2,2.284165223E-2,6.663001841E-4,1.620060182E-3,9.997375607E-1,1.773823118E2,1.873409979E-1,-7.209191444E-2,1.773821899E2
2.347070211E2,2.284437968E-2,6.649826537E-4,1.618925715E-3,9.997375011E-1,1.773819992E2,1.872077785E-1,-7.194343498E-2,1.773818776E2
2.347120211E2,2.284954549E-2,6.620725035E-4,1.620830735E-3,9.997373819E-1,1.773814071E2,1.874187720E-1,-7.160408818E-2,1.773812859E2
2.347170211E2,2.284431052E-2,6.650619907E-4,1.619868795E-3,9.997375011E-1,1.773820071E2,1.873160223E-1,-7.195006802E-2,1.773818855E2
2.347220211E2,2.284176847E-2,6.660077488E-4,1.618540846E-3,9.997375607E-1,1.773822985E2,1.871661828E-1,-7.206236784E-2,1.773821768E2
2.347270211E2,2.283945233E-2,6.687043351E-4,1.613289001E-3,9.997376204E-1,1.773825640E2,1.865714131E-1,-7.238547234E-2,1.773824421E2
2.347320211E2,2.283668758E-2,6.710705347E-4,1.614508103E-3,9.997376800E-1,1.773828809E2,1.867170684E-1,-7.265387336E-2,1.773827585E2
2.347370211E2,2.283737039E-2,6.703446852E-4,1.605124096E-3,9.997376800E-1,1.773828026E2,1.856401688E-1,-7.259515024E-2,1.773826810E2
2.347420211E2,2.283773863E-2,6.696797209E-4,1.600154676E-3,9.997376800E-1,1.773827604E2,1.850691489E-1,-7.253190818E-2,1.773826393E2
2.347470211E2,2.283525901E-2,6.709477748E-4,1.597769791E-3,9.997377396E-1,1.773830446E2,1.847990707E-1,-7.268387831E-2,1.773829235E2
2.347520211E2,2.284029573E-2,6.682756357E-4,1.601483091E-3,9.997376204E-1,1.773824673E2,1.852178447E-1,-7.236710363E-2,1.773823464E2
2.347570211E2,2.283222588E-2,6.736769574E-4,1.602665405E-3,9.997377992E-1,1.773833923E2,1.853668426E-1,-7.298428898E-2,1.773832702E2
2.347620211E2,2.283000174E-2,6.757571828E-4,1.596280141E-3,9.997378588E-1,1.773836472E2,1.846406151E-1,-7.323972069E-2,1.773835253E2
2.347670211E2,2.283760196E-2,6.706439890E-4,1.601700555E-3,9.997376800E-1,1.773827760E2,1.852487616E-1,-7.263835577E-2,1.773826547E2
2.347720211E2,2.283453397E-2,6.717921933E-4,1.607746002E-3,9.997377396E-1,1.773831277E2,1.859441215E-1,-7.275464478E-2,1.773830057E2
2.347770211E2,2.282927536E-2,6.746383151E-4,1.607105252E-3,9.997378588E-1,1.773837305E2,1.858777799E-1,-7.308335530E-2,1.773836079E2
2.347820211E2,2.284306916E-2,6.669211434E-4,1.599698444E-3,9.997375607E-1,1.773821494E2,1.850100469E-1,-7.221608887E-2,1.773820289E2
2.347870211E2,2.285341288E-2,6.593700382E-4,1.604085555E-3,9.997373223E-1,1.773809638E2,1.854936121E-1,-7.133761920E-2,1.773808444E2
2.347920211E2,2.284019304E-2,6.676716730E-4,1.603198703E-3,9.997376204E-1,1.773824791E2,1.854128001E-1,-7.229344129E-2,1.773823581E2
2.347970211E2,2.283482250E-2,6.713229232E-4,1.603839220E-3,9.997377396E-1,1.773830946E2,1.854953461E-1,-7.271105407E-2,1.773829730E2
2.348020211E2,2.284798960E-2,6.621492212E-4,1.605899539E-3,9.997374415E-1,1.773815854E2,1.857083158E-1,-7.165226327E-2,1.773814653E2
2.348070211E2,2.284798349E-2,6.627070834E-4,1.605756348E-3,9.997374415E-1,1.773815861E2,1.856933720E-1,-7.171654887E-2,1.773814659E2
2.348120211E2,2.285058495E-2,6.616057362E-4,1.606302219E-3,9.997373819E-1,1.773812879E2,1.857532104E-1,-7.158846426E-2,1.773811679E2
2.348170211E2,2.285094469E-2,6.601595087E-4,1.601773314E-3,9.997373819E-1,1.773812467E2,1.852306089E-1,-7.143457503E-2,1.773811273E2
2.348220211E2,2.285652904E-2,6.566666416E-4,1.597931958E-3,9.997372627E-1,1.773806066E2,1.847817854E-1,-7.104345392E-2,1.773804881E2
2.348270211E2,2.285904541E-2,6.543776835E-4,1.600165037E-3,9.997372031E-1,1.773803182E2,1.850317932E-1,-7.077491267E-2,1.773802000E2
2.348320211E2,2.285359809E-2,6.582275964E-4,1.601914526E-3,9.997373223E-1,1.773809425E2,1.852419159E-1,-7.121239082E-2,1.773808235E2
2.348370211E2,2.285383020E-2,6.589575205E-4,1.598299015E-3,9.997373223E-1,1.773809159E2,1.848296447E-1,-7.130543795E-2,1.773807970E2
2.348420211E2,2.285374629E-2,6.590357516E-4,1.599466079E-3,9.997373223E-1,1.773809256E2,1.849635446E-1,-7.131135923E-2,1.773808065E2
2.348470211E2,2.286399848E-2,6.518658483E-4,1.604897436E-3,9.997370839E-1,1.773797504E2,1.855677141E-1,-7.047383686E-2,1.773796324E2
2.348520211E2,2.286094402E-2,6.543548079E-4,1.610258245E-3,9.997371435E-1,1.773801005E2,1.861881640E-1,-7.074549849E-2,1.773799816E2
2.348570211E2,2.285576190E-2,6.566675729E-4,1.608867082E-3,9.997372627E-1,1.773806945E2,1.860344812E-1,-7.101506113E-2,1.773805753E2
2.348620211E2,2.286095753E-2,6.539294263E-4,1.610239269E-3,9.997371435E-1,1.773800990E2,1.861848765E-1,-7.069681334E-2,1.773799802E2
2.348670211E2,2.285559385E-2,6.578292814E-4,1.610778621E-3,9.997372627E-1,1.773807138E2,1.862565018E-1,-7.114317279E-2,1.773805942E2
2.348720211E2,2.284510636E-2,6.651737494E-4,1.608559862E-3,9.997375011E-1,1.773819159E2,1.860207996E-1,-7.199232873E-2,1.773817950E2
2.348770211E2,2.283950250E-2,6.677237106E-4,1.612984808E-3,9.997376204E-1,1.773825582E2,1.865340010E-1,-7.227391732E-2,1.773824366E2
2.348820211E2,2.285271444E-2,6.583586801E-4,1.614418230E-3,9.997373223E-1,1.773810438E2,1.866746437E-1,-7.119482634E-2,1.773809239E2
2.348870211E2,2.283958096E-2,6.683094543E-4,1.611630665E-3,9.997376204E-1,1.773825492E2,1.863804067E-1,-7.234455064E-2,1.773824276E2
2.348920211E2,2.282639394E-2,6.765470607E-4,1.610149979E-3,9.997379184E-1,1.773840607E2,1.862313724E-1,-7.329459541E-2,1.773839376E2
2.348970211E2,2.283967275E-2,6.680829101E-4,1.610423322E-3,9.997376204E-1,1.773825387E2,1.862415048E-1,-7.232174032E-2,1.773824172E2
2.349020211E2,2.283895604E-2,6.679159123E-4,1.620624796E-3,9.997376204E-1,1.773826208E2,1.874097160E-1,-7.227604223E-2,1.773824986E2
2.349070211E2,2.282277803E-2,6.791377673E-4,1.623254851E-3,9.997379780E-1,1.773844752E2,1.877392032E-1,-7.355778959E-2,1.773843506E2
2.349120211E2,2.282842999E-2,6.757974625E-4,1.618585549E-3,9.997378588E-1,1.773838274E2,1.871959555E-1,-7.318627292E-2,1.773837038E2
2.349170211E2,2.283885768E-2,6.694848416E-4,1.621363452E-3,9.997376204E-1,1.773826321E2,1.874984373E-1,-7.245386635E-2,1.773825095E2
2.349220211E2,2.283042569E-2,6.750844186E-4,1.627525548E-3,9.997377992E-1,1.773835986E2,1.882184192E-1,-7.308082209E-2,1.773834745E2
2.349270211E2,2.281995661E-2,6.810248015E-4,1.625419594E-3,9.997380376E-1,1.773847986E2,1.879919280E-1,-7.376884001E-2,1.773846735E2
2.349320211E2,2.282818942E-2,6.761942641E-4,1.621809672E-3,9.997378588E-1,1.773838549E2,1.875663377E-1,-7.322334173E-2,1.773837310E2
2.349370211E2,2.282276823E-2,6.797868409E-4,1.623120857E-3,9.997379780E-1,1.773844763E2,1.877255496E-1,-7.363250078E-2,1.773843516E2
2.349420211E2,2.282812091E-2,6.756563671E-4,1.622997690E-3,9.997378588E-1,1.773838628E2,1.877010271E-1,-7.315862436E-2,1.773837389E2
2.349470211E2,2.283886015E-2,6.677194033E-4,1.622056472E-3,9.997376204E-1,1.773826318E2,1.875732102E-1,-7.224980075E-2,1.773825095E2
2.349520211E2,2.282557354E-2,6.779311225E-4,1.621160540E-3,9.997379184E-1,1.773841548E2,1.874963239E-1,-7.342450769E-2,1.773840306E2
2.349570211E2,2.282016955E-2,6.820213748E-4,1.622008509E-3,9.997380376E-1,1.773847742E2,1.876037696E-1,-7.389188941E-2,1.773846492E2
2.349620211E2,2.282275692E-2,6.797710084E-4,1.623286633E-3,9.997379780E-1,1.773844776E2,1.877444989E-1,-7.363025554E-2,1.773843529E2
2.349670211E2,2.281210455E-2,6.863677409E-4,1.623408287E-3,9.997382164E-1,1.773856986E2,1.877748981E-1,-7.438767019E-2,1.773855726E2
2.349720211E2,2.281541000E-2,6.857177941E-4,1.613909728E-3,9.997381568E-1,1.773853197E2,1.866852711E-1,-7.433742518E-2,1.773851946E2
2.349770211E2,2.283387860E-2,6.726526190E-4,1.616669353E-3,9.997377396E-1,1.773832028E2,1.869686015E-1,-7.282998866E-2,1.773830800E2
2.349820211E2,2.282856493E-2,6.760751130E-4,1.616565278E-3,9.997378588E-1,1.773838119E2,1.869652457E-1,-7.322334094E-2,1.773836884E2
2.349870211E2,2.281829624E-2,6.831462379E-4,1.611115527E-3,9.997380972E-1,1.773849889E2,1.863586517E-1,-7.404959124E-2,1.773848645E2
2.349920211E2,2.282649584E-2,6.770398468E-4,1.608497463E-3,9.997379184E-1,1.773840490E2,1.860433537E-1,-7.335535350E-2,1.773839260E2
2.349970211E2,2.282856854E-2,6.756875082E-4,1.616676338E-3,9.997378588E-1,1.773838115E2,1.869769551E-1,-7.317864511E-2,1.773836881E2
2.350020211E2,2.281034423E-2,6.881100126E-4,1.610649400E-3,9.997382760E-1,1.773859004E2,1.863176388E-1,-7.462095003E-2,1.773857750E2
2.350070211E2,2.280805138E-2,6.906659110E-4,1.605018857E-3,9.997383356E-1,1.773861632E2,1.856791026E-1,-7.492890196E-2,1.773860378E2
2.350120211E2,2.281573186E-2,6.842024159E-4,1.609998057E-3,9.997381568E-1,1.773852828E2,1.862332039E-1,-7.417398846E-2,1.773851583E2
2.350170211E2,2.281358557E-2,6.865320029E-4,1.602390781E-3,9.997382164E-1,1.773855288E2,1.853676313E-1,-7.446115775E-2,1.773854044E2
2.350220211E2,2.280608094E-2,6.921231980E-4,1.595234266E-3,9.997383952E-1,1.773863890E2,1.845618218E-1,-7.512178926E-2,1.773862641E2
2.350270211E2,2.281911839E-2,6.823241129E-4,1.599779702E-3,9.997380972E-1,1.773848947E2,1.850579084E-1,-7.398489729E-2,1.773847712E2
2.350320211E2,2.281861762E-2,6.831538049E-4,1.606554026E-3,9.997380972E-1,1.773849521E2,1.858361208E-1,-7.406232631E-2,1.773848280E2
2.350370211E2,2.281602981E-2,6.837858236E-4,1.605947618E-3,9.997381568E-1,1.773852487E2,1.857681105E-1,-7.413679797E-2,1.773851245E2
2.350420211E2,2.281920966E-2,6.832372164E-4,1.598087139E-3,9.997380972E-1,1.773848842E2,1.848663999E-1,-7.409391307E-2,1.773847607E2
2.350470211E2,2.281903640E-2,6.833470543E-4,1.600512303E-3,9.997380972E-1,1.773849041E2,1.851445058E-1,-7.410018652E-2,1.773847804E2
2.350520211E2,2.282124192E-2,6.802877178E-4,1.607584883E-3,9.997380376E-1,1.773846513E2,1.859469160E-1,-7.373079908E-2,1.773845276E2
2.350570211E2,2.282133666E-2,6.815289962E-4,1.605713158E-3,9.997380376E-1,1.773846404E2,1.857357411E-1,-7.387787933E-2,1.773845167E2
2.350620211E2,2.282155449E-2,6.815763772E-4,1.602594042E-3,9.997380376E-1,1.773846154E2,1.853785492E-1,-7.389142428E-2,1.773844919E2
2.350670211E2,2.282677080E-2,6.774889771E-4,1.604401157E-3,9.997379184E-1,1.773840175E2,1.855752681E-1,-7.341747086E-2,1.773838947E2
2.350720211E2,2.283467862E-2,6.717000506E-4,1.605728758E-3,9.997377396E-1,1.773831111E2,1.857127915E-1,-7.274934056E-2,1.773829893E2
2.350770211E2,2.282689818E-2,6.764221471E-4,1.603038399E-3,9.997379184E-1,1.773840029E2,1.854163664E-1,-7.329879433E-2,1.773838804E2
2.350820211E2,2.282737372E-2,6.763206911E-4,1.596295391E-3,9.997379184E-1,1.773839484E2,1.846436439E-1,-7.330472256E-2,1.773838264E2
2.350870211E2,2.283531362E-2,6.724225823E-4,1.596368733E-3,9.997377396E-1,1.773830383E2,1.846424265E-1,-7.285649082E-2,1.773829170E2
2.350920211E2,2.282972099E-2,6.758542149E-4,1.600249321E-3,9.997378588E-1,1.773836794E2,1.850955653E-1,-7.324050445E-2,1.773835571E2
2.350970211E2,2.283532594E-2,6.714503979E-4,1.596601680E-3,9.997377396E-1,1.773830369E2,1.846665700E-1,-7.274450401E-2,1.773829158E2
2.351020211E2,2.283750312E-2,6.705699489E-4,1.603140263E-3,9.997376800E-1,1.773827874E2,1.854134963E-1,-7.262612406E-2,1.773826659E2
2.351070211E2,2.283439545E-2,6.714169867E-4,1.609868719E-3,9.997377396E-1,1.773831436E2,1.861863120E-1,-7.270613166E-2,1.773830215E2
2.351120211E2,2.283746207E-2,6.701914826E-4,1.603883109E-3,9.997376800E-1,1.773827921E2,1.854976046E-1,-7.258082989E-2,1.773826706E2
2.351170211E2,2.283239351E-2,6.738098455E-4,1.600219519E-3,9.997377992E-1,1.773833730E2,1.850869972E-1,-7.300588148E-2,1.773832512E2
2.351220211E2,2.283496045E-2,6.718388177E-4,1.601657714E-3,9.997377396E-1,1.773830788E2,1.852467887E-1,-7.277583876E-2,1.773829572E2
2.351270211E2,2.284814417E-2,6.633477751E-4,1.603203476E-3,9.997374415E-1,1.773815677E2,1.854025995E-1,-7.179660189E-2,1.773814476E2
2.351320211E2,2.285088957E-2,6.605961826E-4,1.602379489E-3,9.997373819E-1,1.773812530E2,1.853011930E-1,-7.148302390E-2,1.773811335E2
2.351370211E2,2.284284362E-2,6.666438421E-4,1.603031182E-3,9.997375607E-1,1.773821752E2,1.853911094E-1,-7.217563836E-2,1.773820545E2
2.351420211E2,2.284294594E-2,6.670684088E-4,1.601395663E-3,9.997375607E-1,1.773821635E2,1.852048602E-1,-7.222853975E-2,1.773820428E2
2.351470211E2,2.285131583E-2,6.605964154E-4,1.596288988E-3,9.997373819E-1,1.773812041E2,1.846034851E-1,-7.149892070E-2,1.773810851E2
2.351520211E2,2.284597148E-2,6.645635585E-4,1.596479909E-3,9.997375011E-1,1.773818167E2,1.846353624E-1,-7.195388964E-2,1.773816969E2
2.351570211E2,2.284641913E-2,6.636157050E-4,1.590456814E-3,9.997375011E-1,1.773817654E2,1.839428957E-1,-7.186098868E-2,1.773816462E2
2.351620211E2,2.285187096E-2,6.599310436E-4,1.588598825E-3,9.997373819E-1,1.773811405E2,1.837207829E-1,-7.144273085E-2,1.773810221E2
2.351670211E2,2.284925279E-2,6.626527756E-4,1.587615116E-3,9.997374415E-1,1.773814406E2,1.836150276E-1,-7.175759352E-2,1.773813218E2
2.351720211E2,2.284129309E-2,6.669638678E-4,1.587746432E-3,9.997376204E-1,1.773823530E2,1.836407856E-1,-7.225259703E-2,1.773822333E2
2.351770211E2,2.283870239E-2,6.687377463E-4,1.586737111E-3,9.997376800E-1,1.773826499E2,1.835296118E-1,-7.245893280E-2,1.773825300E2
2.351820211E2,2.284412684E-2,6.654486642E-4,1.585141756E-3,9.997375607E-1,1.773820282E2,1.833386269E-1,-7.208531116E-2,1.773819090E2
2.351870211E2,2.284145010E-2,6.681509549E-4,1.584986108E-3,9.997376204E-1,1.773823350E2,1.833276767E-1,-7.239578801E-2,1.773822153E2
2.351920211E2,2.283328819E-2,6.729668239E-4,1.587759936E-3,9.997377992E-1,1.773832705E2,1.836574630E-1,-7.294174007E-2,1.773831497E2
2.351970211E2,2.283312562E-2,6.734736962E-4,1.589881489E-3,9.997377992E-1,1.773832891E2,1.839018267E-1,-7.299428674E-2,1.773831681E2
2.352020211E2,2.283828307E-2,6.703943363E-4,1.592064509E-3,9.997376800E-1,1.773826980E2,1.841442341E-1,-7.263484842E-2,1.773825774E2
2.352070211E2,2.283298633E-2,6.729867309E-4,1.592086512E-3,9.997377992E-1,1.773833051E2,1.841531538E-1,-7.293275522E-2,1.773831840E2
2.352120211E2,2.283322675E-2,6.727889413E-4,1.588718500E-3,9.997377992E-1,1.773832775E2,1.837668080E-1,-7.291886465E-2,1.773831567E2
2.352170211E2,2.284151188E-2,6.669136346E-4,1.584616955E-3,9.997376204E-1,1.773823279E2,1.832821512E-1,-7.225499366E-2,1.773822085E2
2.352220211E2,2.285191679E-2,6.612687721E-4,1.587382751E-3,9.997373819E-1,1.773811353E2,1.835849740E-1,-7.159915922E-2,1.773810167E2
2.352270211E2,2.283846738E-2,6.686954293E-4,1.590133877E-3,9.997376800E-1,1.773826769E2,1.839186239E-1,-7.244523796E-2,1.773825567E2
2.352320211E2,2.283586829E-2,6.720227539E-4,1.588583807E-3,9.997377396E-1,1.773829748E2,1.837495648E-1,-7.283095596E-2,1.773828541E2
2.352370211E2,2.283877509E-2,6.694314070E-4,1.585397637E-3,9.997376800E-1,1.773826416E2,1.833779800E-1,-7.254189203E-2,1.773825216E2
2.352420211E2,2.283591338E-2,6.707726861E-4,1.588463900E-3,9.997377396E-1,1.773829696E2,1.837325595E-1,-7.268805177E-2,1.773828492E2
2.352470211E2,2.283325635E-2,6.730953464E-4,1.588163199E-3,9.997377992E-1,1.773832741E2,1.837039956E-1,-7.295541447E-2,1.773831533E2
2.352520211E2,2.284142412E-2,6.683578831E-4,1.585273305E-3,9.997376204E-1,1.773823379E2,1.833611183E-1,-7.241874704E-2,1.773822182E2
2.352570211E2,2.284137488E-2,6.679498474E-4,1.586154569E-3,9.997376204E-1,1.773823436E2,1.834610058E-1,-7.236970412E-2,1.773822238E2
2.352620211E2,2.284681665E-2,6.631116848E-4,1.584947109E-3,9.997375011E-1,1.773817198E2,1.833104026E-1,-7.181759959E-2,1.773816011E2
2.352670211E2,2.285511364E-2,6.587753887E-4,1.579916105E-3,9.997373223E-1,1.773807688E2,1.827232792E-1,-7.133248252E-2,1.773806513E2
2.352720211E2,2.285266533E-2,6.609629490E-4,1.576698036E-3,9.997373819E-1,1.773810495E2,1.823601660E-1,-7.159196782E-2,1.773809317E2
2.352770211E2,2.285822550E-2,6.567091914E-4,1.573460409E-3,9.997372627E-1,1.773804121E2,1.819785122E-1,-7.111211769E-2,1.773802954E2
2.352820211E2,2.286046745E-2,6.548359524E-4,1.579529489E-3,9.997372031E-1,1.773801552E2,1.826690487E-1,-7.088120917E-2,1.773800384E2
2.352870211E2,2.284718512E-2,6.641322398E-4,1.579197939E-3,9.997375011E-1,1.773816776E2,1.826544657E-1,-7.194950093E-2,1.773815591E2
2.352920211E2,2.285275160E-2,6.598042673E-4,1.575932838E-3,9.997373819E-1,1.773810396E2,1.822694750E-1,-7.146121571E-2,1.773809221E2
2.352970211E2,2.285515708E-2,6.576566375E-4,1.579753822E-3,9.997373223E-1,1.773807639E2,1.827017605E-1,-7.120473381E-2,1.773806465E2
2.353020211E2,2.284988501E-2,6.624825182E-4,1.578561263E-3,9.997374415E-1,1.773813681E2,1.825774011E-1,-7.176168021E-2,1.773812500E2
2.353070211E2,2.285039107E-2,6.610872806E-4,1.571806264E-3,9.997374415E-1,1.773813101E2,1.817999184E-1,-7.161943579E-2,1.773811927E2
2.353120211E2,2.285830968E-2,6.565774092E-4,1.572291949E-3,9.997372627E-1,1.773804025E2,1.818443120E-1,-7.110006598E-2,1.773802859E2
2.353170211E2,2.285035226E-2,6.616860046E-4,1.572118606E-3,9.997374415E-1,1.773813146E2,1.818372660E-1,-7.168721568E-2,1.773811970E2
2.353220211E2,2.283941701E-2,6.686878041E-4,1.576438663E-3,9.997376800E-1,1.773825680E2,1.823497232E-1,-7.248003457E-2,1.773824488E2
2.353270211E2,2.285006928E-2,6.611943827E-4,1.576432493E-3,9.997374415E-1,1.773813470E2,1.823301651E-1,-7.161965009E-2,1.773812292E2
2.353320211E2,2.286305231E-2,6.528965896E-4,1.580644981E-3,9.997371435E-1,1.773798589E2,1.827919430E-1,-7.065563798E-2,1.773797424E2
2.353370211E2,2.285181427E-2,6.602341309E-4,1.589288237E-3,9.997373819E-1,1.773811470E2,1.838005529E-1,-7.147565801E-2,1.773810285E2
2.353420211E2,2.285194349E-2,6.595359300E-4,1.587719307E-3,9.997373819E-1,1.773811322E2,1.836189941E-1,-7.139975596E-2,1.773810139E2
2.353470211E2,2.286787324E-2,6.499222363E-4,1.587514998E-3,9.997370243E-1,1.773793063E2,1.835715301E-1,-7.029600679E-2,1.773791898E2
2.353520211E2,2.285705134E-2,6.560963811E-4,1.590678818E-3,9.997372627E-1,1.773805467E2,1.839493957E-1,-7.099702599E-2,1.773804289E2
2.353570211E2,2.285667044E-2,6.562735070E-4,1.596069778E-3,9.997372627E-1,1.773805904E2,1.845674309E-1,-7.100326732E-2,1.773804721E2
2.353620211E2,2.285689637E-2,6.562035996E-4,1.592859859E-3,9.997372627E-1,1.773805645E2,1.841995296E-1,-7.100362475E-2,1.773804465E2
2.353670211E2,2.285143726E-2,6.603017682E-4,1.594671863E-3,9.997373819E-1,1.773811902E2,1.844174613E-1,-7.146937783E-2,1.773810713E2
2.353720211E2,2.285126178E-2,6.614068407E-4,1.596727176E-3,9.997373819E-1,1.773812103E2,1.846558032E-1,-7.159062675E-2,1.773810911E2
2.353770211E2,2.285135564E-2,6.600928027E-4,1.595927519E-3,9.997373819E-1,1.773811996E2,1.845607584E-1,-7.144216531E-2,1.773810806E2
2.353820211E2,2.284340057E-2,6.666521658E-4,1.595071401E-3,9.997375607E-1,1.773821114E2,1.844792839E-1,-7.219732566E-2,1.773819913E2
2.353870211E2,2.284351733E-2,6.655891775E-4,1.593842753E-3,9.997375607E-1,1.773820980E2,1.843357533E-1,-7.207874290E-2,1.773819782E2
2.353920211E2,2.285150960E-2,6.602363428E-4,1.593661960E-3,9.997373819E-1,1.773811819E2,1.843015988E-1,-7.146451390E-2,1.773810631E2
2.353970211E2,2.284617581E-2,6.636268809E-4,1.593943452E-3,9.997375011E-1,1.773817933E2,1.843423433E-1,-7.185318539E-2,1.773816738E2
2.354020211E2,2.284914581E-2,6.621315842E-4,1.589371241E-3,9.997374415E-1,1.773814529E2,1.838148400E-1,-7.169330639E-2,1.773813340E2
2.354070211E2,2.285967251E-2,6.554406718E-4,1.590743777E-3,9.997372031E-1,1.773802463E2,1.839553058E-1,-7.092125450E-2,1.773801286E2
2.354120211E2,2.285631458E-2,6.575364387E-4,1.600639545E-3,9.997372627E-1,1.773806312E2,1.850942348E-1,-7.113604692E-2,1.773805124E2
2.354170211E2,2.284056053E-2,6.683557294E-4,1.597668510E-3,9.997376204E-1,1.773824369E2,1.847810680E-1,-7.238621475E-2,1.773823163E2
2.354220211E2,2.285414080E-2,6.595831946E-4,1.593592693E-3,9.997373223E-1,1.773808803E2,1.842921407E-1,-7.138938462E-2,1.773807616E2
2.354270211E2,2.285633009E-2,6.562129711E-4,1.600961201E-3,9.997372627E-1,1.773806294E2,1.851276185E-1,-7.098358313E-2,1.773805108E2
2.354320211E2,2.285372821E-2,6.585326046E-4,1.599931624E-3,9.997373223E-1,1.773809276E2,1.850155591E-1,-7.125250205E-2,1.773808087E2
2.354370211E2,2.285411997E-2,6.580256158E-4,1.594535075E-3,9.997373223E-1,1.773808827E2,1.843960206E-1,-7.120848179E-2,1.773807642E2
2.354420211E2,2.286473520E-2,6.516065332E-4,1.594473142E-3,9.997370839E-1,1.773796660E2,1.843728606E-1,-7.047130661E-2,1.773795487E2
2.354470211E2,2.285381263E-2,6.586313248E-4,1.598684583E-3,9.997373223E-1,1.773809180E2,1.848729604E-1,-7.126706193E-2,1.773807991E2
2.354520211E2,2.285633106E-2,6.574002327E-4,1.600460266E-3,9.997372627E-1,1.773806293E2,1.850733406E-1,-7.112090950E-2,1.773805105E2
2.354570211E2,2.285393310E-2,6.579234032E-4,1.597253256E-3,9.997373223E-1,1.773809041E2,1.847071394E-1,-7.118968773E-2,1.773807855E2
2.354620211E2,2.285084140E-2,6.614383310E-4,1.602718956E-3,9.997373819E-1,1.773812585E2,1.853422850E-1,-7.157862168E-2,1.773811388E2
2.354670211E2,2.285069419E-2,6.608024123E-4,1.605078345E-3,9.997373819E-1,1.773812754E2,1.856109051E-1,-7.149961882E-2,1.773811556E2
2.354720211E2,2.284816096E-2,6.627891562E-4,1.603195211E-3,9.997374415E-1,1.773815658E2,1.854001910E-1,-7.173262419E-2,1.773814458E2
2.354770211E2,2.284019097E-2,6.689222646E-4,1.602706732E-3,9.997376204E-1,1.773824793E2,1.853597124E-1,-7.243799906E-2,1.773823582E2
2.354820211E2,2.283703971E-2,6.694167387E-4,1.610208070E-3,9.997376800E-1,1.773828405E2,1.862201457E-1,-7.247559961E-2,1.773827187E2
2.354870211E2,2.284476672E-2,6.643543020E-4,1.613713801E-3,9.997375011E-1,1.773819548E2,1.866090746E-1,-7.188502207E-2,1.773818338E2
2.354920211E2,2.283209154E-2,6.736207870E-4,1.604601624E-3,9.997377992E-1,1.773834077E2,1.855885028E-1,-7.297281282E-2,1.773832855E2
2.354970211E2,2.283758470E-2,6.694140029E-4,1.602461096E-3,9.997376800E-1,1.773827780E2,1.853326701E-1,-7.249545944E-2,1.773826568E2
2.355020211E2,2.284253479E-2,6.658040802E-4,1.607773942E-3,9.997375607E-1,1.773822106E2,1.859322281E-1,-7.206707617E-2,1.773820897E2
2.355070211E2,2.283441514E-2,6.719024968E-4,1.609386760E-3,9.997377396E-1,1.773831413E2,1.861323698E-1,-7.276300995E-2,1.773830192E2
2.355120211E2,2.282391637E-2,6.794448127E-4,1.607040060E-3,9.997379780E-1,1.773843447E2,1.858824923E-1,-7.363516213E-2,1.773842213E2
2.355170211E2,2.283721044E-2,6.698132493E-4,1.607619692E-3,9.997376800E-1,1.773828209E2,1.859246664E-1,-7.252776666E-2,1.773826993E2
2.355220211E2,2.283415240E-2,6.720343372E-4,1.613055356E-3,9.997377396E-1,1.773831714E2,1.865529770E-1,-7.276856299E-2,1.773830490E2
2.355270211E2,2.282608764E-2,6.777454400E-4,1.613983768E-3,9.997379184E-1,1.773840958E2,1.866736912E-1,-7.342191224E-2,1.773839722E2
2.355320211E2,2.283141409E-2,6.742801052E-4,1.613936969E-3,9.997377992E-1,1.773834853E2,1.866596534E-1,-7.302404597E-2,1.773833624E2
2.355370211E2,2.283917367E-2,6.693708710E-4,1.616953406E-3,9.997376204E-1,1.773825959E2,1.869929388E-1,-7.245229287E-2,1.773824737E2
2.355420211E2,2.283124338E-2,6.743250997E-4,1.616331283E-3,9.997377992E-1,1.773835049E2,1.869340558E-1,-7.302296801E-2,1.773833817E2
2.355470211E2,2.283718718E-2,6.699846126E-4,1.607878716E-3,9.997376800E-1,1.773828236E2,1.859547875E-1,-7.254672475E-2,1.773827019E2
2.355520211E2,2.283945833E-2,6.689987495E-4,1.613081899E-3,9.997376204E-1,1.773825633E2,1.865484581E-1,-7.241974184E-2,1.773824414E2
2.355570211E2,2.283127151E-2,6.745313294E-4,1.615847810E-3,9.997377992E-1,1.773835017E2,1.868792099E-1,-7.304785371E-2,1.773833785E2
2.355620211E2,2.283407177E-2,6.719747907E-4,1.614221139E-3,9.997377396E-1,1.773831807E2,1.866863696E-1,-7.275870578E-2,1.773830581E2
2.355670211E2,2.283946310E-2,6.689095171E-4,1.613051398E-3,9.997376204E-1,1.773825627E2,1.865447307E-1,-7.240959819E-2,1.773824409E2
2.355720211E2,2.283421693E-2,6.715171039E-4,1.612357097E-3,9.997377396E-1,1.773831640E2,1.864716342E-1,-7.271112306E-2,1.773830417E2
2.355770211E2,2.283940362E-2,6.688747089E-4,1.613907865E-3,9.997376204E-1,1.773825695E2,1.866427538E-1,-7.240337995E-2,1.773824476E2
2.355820211E2,2.284201807E-2,6.666432018E-4,1.614752226E-3,9.997375607E-1,1.773822699E2,1.867338328E-1,-7.214503677E-2,1.773821483E2
2.355870211E2,2.283720347E-2,6.696583005E-4,1.607783255E-3,9.997376800E-1,1.773828217E2,1.859429984E-1,-7.250958872E-2,1.773827001E2
2.355920211E2,2.284019413E-2,6.681681261E-4,1.602976350E-3,9.997376204E-1,1.773824789E2,1.853886265E-1,-7.235089751E-2,1.773823579E2
2.355970211E2,2.284492128E-2,6.642182707E-4,1.611580374E-3,9.997375011E-1,1.773819371E2,1.863643201E-1,-7.187499449E-2,1.773818162E2
2.356020211E2,2.284489094E-2,6.651144358E-4,1.611640910E-3,9.997375011E-1,1.773819406E2,1.863735994E-1,-7.197750771E-2,1.773818195E2
2.356070211E2,2.283707875E-2,6.706732092E-4,1.609131228E-3,9.997376800E-1,1.773828360E2,1.861000721E-1,-7.262235370E-2,1.773827141E2
2.356120211E2,2.283429567E-2,6.719876546E-4,1.611045445E-3,9.997377396E-1,1.773831550E2,1.863226061E-1,-7.276844765E-2,1.773830327E2
2.356170211E2,2.283166265E-2,6.732649053E-4,1.610841486E-3,9.997377992E-1,1.773834568E2,1.863023906E-1,-7.291579584E-2,1.773833343E2
2.356220211E2,2.282402763E-2,6.782775745E-4,1.605952624E-3,9.997379780E-1,1.773843320E2,1.857548686E-1,-7.350426505E-2,1.773842088E2
2.356270211E2,2.282936303E-2,6.757607334E-4,1.605387311E-3,9.997378588E-1,1.773837204E2,1.856839124E-1,-7.321641944E-2,1.773835978E2
2.356320211E2,2.282883902E-2,6.752410554E-4,1.613039407E-3,9.997378588E-1,1.773837805E2,1.865591531E-1,-7.313696285E-2,1.773836574E2
2.356370211E2,2.282056572E-2,6.805692683E-4,1.617037109E-3,9.997380376E-1,1.773847288E2,1.870304678E-1,-7.373846052E-2,1.773846044E2
2.356420211E2,2.282356621E-2,6.797841052E-4,1.611862332E-3,9.997379780E-1,1.773843848E2,1.864358028E-1,-7.366148438E-2,1.773842610E2
2.356470211E2,2.282363343E-2,6.797594833E-4,1.610920648E-3,9.997379780E-1,1.773843771E2,1.863278623E-1,-7.366111413E-2,1.773842534E2
2.356520211E2,2.282313112E-2,6.799675757E-4,1.617934322E-3,9.997379780E-1,1.773844347E2,1.871318696E-1,-7.366670311E-2,1.773843104E2
2.356570211E2,2.283401519E-2,6.719600060E-4,1.615027431E-3,9.997377396E-1,1.773831872E2,1.867786972E-1,-7.275491275E-2,1.773830646E2
2.356620211E2,2.282646817E-2,6.766750012E-4,1.609043567E-3,9.997379184E-1,1.773840522E2,1.861049599E-1,-7.331213284E-2,1.773839292E2
2.356670211E2,2.282118130E-2,6.809537881E-4,1.608163351E-3,9.997380376E-1,1.773846582E2,1.860149240E-1,-7.380560359E-2,1.773845344E2
2.356720211E2,2.283161587E-2,6.743975100E-4,1.611030777E-3,9.997377992E-1,1.773834622E2,1.863270364E-1,-7.304506224E-2,1.773833394E2
2.356770211E2,2.283151947E-2,6.747281877E-4,1.612258027E-3,9.997377992E-1,1.773834732E2,1.864684908E-1,-7.307975215E-2,1.773833503E2
2.356820211E2,2.282329084E-2,6.797694368E-4,1.615762943E-3,9.997379780E-1,1.773844164E2,1.868826058E-1,-7.364965332E-2,1.773842923E2
2.356870211E2,2.282554010E-2,6.786690210E-4,1.621322590E-3,9.997379184E-1,1.773841586E2,1.875168166E-1,-7.350862489E-2,1.773840343E2
2.356920211E2,2.283866438E-2,6.688150461E-4,1.624359982E-3,9.997376204E-1,1.773826543E2,1.878399583E-1,-7.236932715E-2,1.773825316E2
2.356970211E2,2.282798099E-2,6.764698192E-4,1.624626108E-3,9.997378588E-1,1.773838788E2,1.878896997E-1,-7.324758099E-2,1.773837547E2
2.357020211E2,2.281717227E-2,6.841311697E-4,1.626542187E-3,9.997380972E-1,1.773851177E2,1.881284522E-1,-7.412229873E-2,1.773849920E2
2.357070211E2,2.283297587E-2,6.731643807E-4,1.629158156E-3,9.997377396E-1,1.773833063E2,1.884006159E-1,-7.285610759E-2,1.773831824E2
2.357120211E2,2.283002305E-2,6.745710853E-4,1.633375883E-3,9.997377992E-1,1.773836448E2,1.888872722E-1,-7.300678365E-2,1.773835203E2
2.357170211E2,2.281463350E-2,6.852312945E-4,1.625054982E-3,9.997381568E-1,1.773854087E2,1.879607633E-1,-7.425269681E-2,1.773852829E2
2.357220211E2,2.281454752E-2,6.847999175E-4,1.626443234E-3,9.997381568E-1,1.773854186E2,1.881186699E-1,-7.419966417E-2,1.773852927E2
2.357270211E2,2.282231975E-2,6.801980780E-4,1.629243139E-3,9.997379780E-1,1.773845277E2,1.884279726E-1,-7.366368491E-2,1.773844025E2
2.357320211E2,2.280639332E-2,6.915369304E-4,1.628039754E-3,9.997383356E-1,1.773863532E2,1.883185744E-1,-7.496882903E-2,1.773862259E2
2.357370211E2,2.280131160E-2,6.938387523E-4,1.625033445E-3,9.997384548E-1,1.773869357E2,1.879797997E-1,-7.524134214E-2,1.773868082E2
2.357420211E2,2.282252722E-2,6.795799709E-4,1.626592712E-3,9.997379780E-1,1.773845039E2,1.881227331E-1,-7.359976640E-2,1.773843790E2
2.357470211E2,2.282209783E-2,6.807130994E-4,1.632134081E-3,9.997379780E-1,1.773845532E2,1.887604952E-1,-7.371516757E-2,1.773844276E2
2.357520211E2,2.280624174E-2,6.915212143E-4,1.630168408E-3,9.997383356E-1,1.773863706E2,1.885623848E-1,-7.496149382E-2,1.773862432E2
2.357570211E2,2.281176817E-2,6.875521503E-4,1.627628342E-3,9.997382164E-1,1.773857372E2,1.882614274E-1,-7.451238929E-2,1.773856107E2
2.357620211E2,2.282757587E-2,6.767021259E-4,1.630212064E-3,9.997378588E-1,1.773839253E2,1.885302156E-1,-7.325965783E-2,1.773838006E2
2.357670211E2,2.281709327E-2,6.828949554E-4,1.628168975E-3,9.997380972E-1,1.773851268E2,1.883115816E-1,-7.397643723E-2,1.773850011E2
2.357720211E2,2.281978807E-2,6.819943083E-4,1.627378049E-3,9.997380376E-1,1.773848179E2,1.882188155E-1,-7.387481841E-2,1.773846925E2
2.357770211E2,2.282491148E-2,6.785417208E-4,1.630201354E-3,9.997379184E-1,1.773842306E2,1.885336056E-1,-7.347093517E-2,1.773841057E2
2.357820211E2,2.282199189E-2,6.804208388E-4,1.633736538E-3,9.997379780E-1,1.773845653E2,1.889433036E-1,-7.367751477E-2,1.773844397E2
2.357870211E2,2.281676736E-2,6.834190572E-4,1.632510568E-3,9.997380972E-1,1.773851641E2,1.888103093E-1,-7.402518842E-2,1.773850381E2
2.357920211E2,2.282199761E-2,6.799493567E-4,1.633852953E-3,9.997379780E-1,1.773845646E2,1.889554075E-1,-7.362319550E-2,1.773844391E2
2.357970211E2,2.281859283E-2,6.812547217E-4,1.644358970E-3,9.997380376E-1,1.773849549E2,1.901621603E-1,-7.374591100E-2,1.773848284E2
2.358020211E2,2.282619350E-2,6.770576001E-4,1.649309183E-3,9.997378588E-1,1.773840837E2,1.907188469E-1,-7.325068760E-2,1.773839576E2
2.358070211E2,2.282629125E-2,6.772112683E-4,1.647892641E-3,9.997378588E-1,1.773840725E2,1.905569743E-1,-7.327197886E-2,1.773839465E2
2.358120211E2,2.281562881E-2,6.845258758E-4,1.647886937E-3,9.997380972E-1,1.773852946E2,1.905746660E-1,-7.411199916E-2,1.773851672E2
2.358170211E2,2.281844233E-2,6.812026259E-4,1.646467717E-3,9.997380376E-1,1.773849722E2,1.904035952E-1,-7.373445722E-2,1.773848455E2
2.358220211E2,2.282347027E-2,6.793999928E-4,1.649903017E-3,9.997379184E-1,1.773843958E2,1.907928053E-1,-7.351800211E-2,1.773842693E2
2.358270211E2,2.280705931E-2,6.899244036E-4,1.655759988E-3,9.997382760E-1,1.773862769E2,1.914900942E-1,-7.471151951E-2,1.773861478E2
2.358320211E2,2.280730697E-2,6.888716598E-4,1.652784180E-3,9.997382760E-1,1.773862485E2,1.911464465E-1,-7.459864580E-2,1.773861199E2
2.358370211E2,2.282352181E-2,6.783957360E-4,1.649603248E-3,9.997379184E-1,1.773843899E2,1.907558401E-1,-7.340372709E-2,1.773842636E2
2.358420211E2,2.280720704E-2,6.898209103E-4,1.653766958E-3,9.997382760E-1,1.773862600E2,1.912615093E-1,-7.470484394E-2,1.773861311E2
2.358470211E2,2.279410778E-2,6.981905317E-4,1.650691032E-3,9.997385740E-1,1.773877614E2,1.909300110E-1,-7.567422233E-2,1.773876311E2
2.358520211E2,2.279945941E-2,6.941744941E-4,1.650675316E-3,9.997384548E-1,1.773871480E2,1.909181216E-1,-7.521315752E-2,1.773870185E2
2.358570211E2,2.280477280E-2,6.922871107E-4,1.650269376E-3,9.997383356E-1,1.773865390E2,1.908670831E-1,-7.499698201E-2,1.773864099E2
2.358620211E2,2.279638077E-2,6.976471632E-4,1.655624015E-3,9.997385144E-1,1.773875009E2,1.914938958E-1,-7.559865208E-2,1.773873703E2
2.358670211E2,2.280211433E-2,6.933776895E-4,1.650437596E-3,9.997383952E-1,1.773868437E2,1.908890054E-1,-7.512198846E-2,1.773867144E2
2.358720211E2,2.280536327E-2,6.907835486E-4,1.642722520E-3,9.997383356E-1,1.773864713E2,1.899986148E-1,-7.484434199E-2,1.773863430E2
2.358770211E2,2.279197090E-2,7.000031765E-4,1.643313793E-3,9.997386336E-1,1.773880063E2,1.900894327E-1,-7.590155863E-2,1.773878763E2
2.358820211E2,2.279445642E-2,6.979117170E-4,1.645987970E-3,9.997385740E-1,1.773877215E2,1.903905167E-1,-7.565449955E-2,1.773875916E2
2.358870211E2,2.280032582E-2,6.947233924E-4,1.638431684E-3,9.997384548E-1,1.773870487E2,1.895169662E-1,-7.530786561E-2,1.773869200E2
2.358920211E2,2.280343208E-2,6.932867691E-4,1.632168307E-3,9.997383952E-1,1.773866926E2,1.887959007E-1,-7.515906241E-2,1.773865647E2
2.358970211E2,2.280318292E-2,6.922802422E-4,1.636071946E-3,9.997383952E-1,1.773867212E2,1.892404601E-1,-7.503359919E-2,1.773865932E2
2.359020211E2,2.281379261E-2,6.863154122E-4,1.636363333E-3,9.997381568E-1,1.773855051E2,1.892590423E-1,-7.434748862E-2,1.773853782E2
2.359070211E2,2.280891587E-2,6.889281212E-4,1.630406710E-3,9.997382760E-1,1.773860641E2,1.885831071E-1,-7.466329764E-2,1.773859371E2
2.359120211E2,2.281439899E-2,6.850516074E-4,1.628419501E-3,9.997381568E-1,1.773854356E2,1.883457220E-1,-7.422335924E-2,1.773853095E2
2.359170211E2,2.281673453E-2,6.842497387E-4,1.632621512E-3,9.997380972E-1,1.773851679E2,1.888251891E-1,-7.412006873E-2,1.773850417E2
2.359220211E2,2.280375094E-2,6.918243016E-4,1.628329512E-3,9.997383952E-1,1.773866561E2,1.883523225E-1,-7.500149128E-2,1.773865287E2
2.359270211E2,2.280112875E-2,6.938272854E-4,1.627601916E-3,9.997384548E-1,1.773869567E2,1.882740052E-1,-7.523335157E-2,1.773868290E2
2.359320211E2,2.280867382E-2,6.897657877E-4,1.633435837E-3,9.997382760E-1,1.773860918E2,1.889323014E-1,-7.475139015E-2,1.773859645E2
2.359370211E2,2.280036916E-2,6.947921938E-4,1.637799316E-3,9.997384548E-1,1.773870437E2,1.894447039E-1,-7.531739170E-2,1.773869151E2
2.359420211E2,2.279323719E-2,6.995436852E-4,1.625853358E-3,9.997386336E-1,1.773878612E2,1.880880259E-1,-7.589428524E-2,1.773877325E2
2.359470211E2,2.280163111E-2,6.948869559E-4,1.620094874E-3,9.997384548E-1,1.773868991E2,1.874167905E-1,-7.537427048E-2,1.773867717E2
2.359520211E2,2.279566046E-2,6.973294076E-4,1.629477367E-3,9.997385740E-1,1.773875834E2,1.884975986E-1,-7.563069096E-2,1.773874549E2
2.359570211E2,2.279285227E-2,7.002677303E-4,1.630929997E-3,9.997386336E-1,1.773879053E2,1.886714781E-1,-7.596404527E-2,1.773877761E2
2.359620211E2,2.279584141E-2,6.982294144E-4,1.626557903E-3,9.997385740E-1,1.773875627E2,1.881655041E-1,-7.574138975E-2,1.773874342E2
2.359670211E2,2.279814631E-2,6.970753311E-4,1.631376566E-3,9.997385144E-1,1.773872985E2,1.887146989E-1,-7.559615299E-2,1.773871699E2
2.359720211E2,2.279225796E-2,7.005705265E-4,1.639085240E-3,9.997386336E-1,1.773879734E2,1.896065049E-1,-7.597754532E-2,1.773878436E2
2.359770211E2,2.278992065E-2,7.020458579E-4,1.634592540E-3,9.997386932E-1,1.773882413E2,1.890954879E-1,-7.615873845E-2,1.773881115E2
2.359820211E2,2.280076449E-2,6.950686802E-4,1.632168773E-3,9.997384548E-1,1.773869984E2,1.888004099E-1,-7.536370361E-2,1.773868701E2
2.359870211E2,2.280049720E-2,6.939094746E-4,1.636390458E-3,9.997384548E-1,1.773870290E2,1.892810053E-1,-7.521992286E-2,1.773869007E2
2.359920211E2,2.280043600E-2,6.945347995E-4,1.636977773E-3,9.997384548E-1,1.773870361E2,1.893499187E-1,-7.529003811E-2,1.773869075E2
2.359970211E2,2.280093718E-2,6.942145410E-4,1.630118582E-3,9.997384548E-1,1.773869786E2,1.885633170E-1,-7.527117641E-2,1.773868507E2
2.360020211E2,2.279306869E-2,7.006342057E-4,1.627744990E-3,9.997386336E-1,1.773878805E2,1.883075711E-1,-7.601430778E-2,1.773877515E2
2.360070211E2,2.279278528E-2,6.991695263E-4,1.632336876E-3,9.997386336E-1,1.773879130E2,1.888297791E-1,-7.583457110E-2,1.773877839E2
2.360120211E2,2.280106599E-2,6.945617497E-4,1.628167811E-3,9.997384548E-1,1.773869639E2,1.883407498E-1,-7.531602616E-2,1.773868360E2
2.360170211E2,2.280135811E-2,6.934446283E-4,1.624549041E-3,9.997384548E-1,1.773869304E2,1.879232790E-1,-7.519744763E-2,1.773868030E2
2.360220211E2,2.280626866E-2,6.914824480E-4,1.629808219E-3,9.997383356E-1,1.773863675E2,1.885210215E-1,-7.495798898E-2,1.773862401E2
2.360270211E2,2.281403938E-2,6.851374055E-4,1.633413951E-3,9.997381568E-1,1.773854768E2,1.889180936E-1,-7.422019853E-2,1.773853504E2
2.360320211E2,2.280888338E-2,6.893735263E-4,1.630672952E-3,9.997382760E-1,1.773860678E2,1.886147702E-1,-7.471363418E-2,1.773859407E2
2.360370211E2,2.280055335E-2,6.945978384E-4,1.635315712E-3,9.997384548E-1,1.773870226E2,1.891596832E-1,-7.530158049E-2,1.773868942E2
2.360420211E2,2.280838419E-2,6.884853356E-4,1.638013870E-3,9.997382760E-1,1.773861250E2,1.894534011E-1,-7.459278826E-2,1.773859976E2
2.360470211E2,2.281615630E-2,6.839146372E-4,1.640822273E-3,9.997380972E-1,1.773852342E2,1.897637651E-1,-7.406034590E-2,1.773851074E2
2.360520211E2,2.280836339E-2,6.898637512E-4,1.637723530E-3,9.997382760E-1,1.773861274E2,1.894237408E-1,-7.475146460E-2,1.773859997E2
2.360570211E2,2.280626527E-2,6.903236499E-4,1.630346756E-3,9.997383356E-1,1.773863679E2,1.885796883E-1,-7.482382834E-2,1.773862407E2
2.360620211E2,2.281402414E-2,6.857448025E-4,1.633371925E-3,9.997381568E-1,1.773854786E2,1.889148660E-1,-7.428989564E-2,1.773853520E2
2.360670211E2,2.281150556E-2,6.864459137E-4,1.631770516E-3,9.997382164E-1,1.773857673E2,1.887330513E-1,-7.437487830E-2,1.773856407E2
2.360720211E2,2.281466128E-2,6.848707562E-4,1.624816912E-3,9.997381568E-1,1.773854055E2,1.879325490E-1,-7.421201018E-2,1.773852798E2
2.360770211E2,2.281466346E-2,6.846634788E-4,1.624873606E-3,9.997381568E-1,1.773854053E2,1.879385022E-1,-7.418811550E-2,1.773852796E2
2.360820211E2,2.281161113E-2,6.867038319E-4,1.630185405E-3,9.997382164E-1,1.773857552E2,1.885521400E-1,-7.440854960E-2,1.773856286E2
2.360870211E2,2.281176052E-2,6.871640217E-4,1.627899474E-3,9.997382164E-1,1.773857380E2,1.882914735E-1,-7.446721731E-2,1.773856116E2
2.360920211E2,2.281218622E-2,6.873642560E-4,1.621838193E-3,9.997382164E-1,1.773856892E2,1.875976365E-1,-7.450592178E-2,1.773855632E2
2.360970211E2,2.280930215E-2,6.886465126E-4,1.625113073E-3,9.997382760E-1,1.773860198E2,1.879759502E-1,-7.464480019E-2,1.773858933E2
2.361020211E2,2.281439196E-2,6.853956729E-4,1.628373167E-3,9.997381568E-1,1.773854364E2,1.883413130E-1,-7.426289839E-2,1.773853103E2
2.361070211E2,2.281467787E-2,6.842960720E-4,1.624826109E-3,9.997381568E-1,1.773854036E2,1.879321012E-1,-7.414614627E-2,1.773852780E2
2.361120211E2,2.280950262E-2,6.882255548E-4,1.622475567E-3,9.997382760E-1,1.773859968E2,1.876727069E-1,-7.460343109E-2,1.773858706E2
2.361170211E2,2.280957875E-2,6.883594906E-4,1.621347968E-3,9.997382760E-1,1.773859881E2,1.875438828E-1,-7.462170815E-2,1.773858619E2
2.361220211E2,2.281748971E-2,6.838996778E-4,1.622180571E-3,9.997380972E-1,1.773850813E2,1.876281951E-1,-7.410712376E-2,1.773849559E2
2.361270211E2,2.281223289E-2,6.865539472E-4,1.621525036E-3,9.997382164E-1,1.773856839E2,1.875596456E-1,-7.441390141E-2,1.773855580E2
2.361320211E2,2.280684035E-2,6.904679467E-4,1.622220734E-3,9.997383356E-1,1.773863020E2,1.876491753E-1,-7.486148893E-2,1.773861753E2
2.361370211E2,2.281731909E-2,6.836547982E-4,1.624681754E-3,9.997380972E-1,1.773851009E2,1.879140825E-1,-7.407256188E-2,1.773849754E2
2.361420211E2,2.281727927E-2,6.830035127E-4,1.625514706E-3,9.997380972E-1,1.773851055E2,1.880078010E-1,-7.399577907E-2,1.773849800E2
2.361470211E2,2.280964974E-2,6.883075694E-4,1.620371011E-3,9.997382760E-1,1.773859800E2,1.874318302E-1,-7.461830034E-2,1.773858539E2
2.361520211E2,2.280186664E-2,6.935236161E-4,1.617361908E-3,9.997384548E-1,1.773868721E2,1.871001514E-1,-7.522518122E-2,1.773867452E2
2.361570211E2,2.280714536E-2,6.902980967E-4,1.617999398E-3,9.997383356E-1,1.773862670E2,1.871651496E-1,-7.485300644E-2,1.773861407E2
2.361620211E2,2.280690649E-2,6.907220813E-4,1.621182426E-3,9.997383356E-1,1.773862944E2,1.875308939E-1,-7.489330433E-2,1.773861678E2
2.361670211E2,2.280989311E-2,6.879419670E-4,1.617097063E-3,9.997382760E-1,1.773859521E2,1.870558227E-1,-7.458492867E-2,1.773858263E2
2.361720211E2,2.281756915E-2,6.835827371E-4,1.621196396E-3,9.997380972E-1,1.773850722E2,1.875146232E-1,-7.407337307E-2,1.773849470E2
2.361770211E2,2.280396408E-2,6.924346089E-4,1.625081990E-3,9.997383952E-1,1.773866317E2,1.879818910E-1,-7.507985558E-2,1.773865044E2
2.361820211E2,2.279621163E-2,6.974607822E-4,1.621691743E-3,9.997385740E-1,1.773875203E2,1.876060469E-1,-7.566597659E-2,1.773873923E2
2.361870211E2,2.278873294E-2,7.030239212E-4,1.614148146E-3,9.997387528E-1,1.773883775E2,1.867558009E-1,-7.632440279E-2,1.773882490E2
2.361920211E2,2.279408283E-2,6.998058525E-4,1.613840694E-3,9.997386336E-1,1.773877643E2,1.867125800E-1,-7.595553924E-2,1.773876365E2
2.361970211E2,2.278873455E-2,7.027178654E-4,1.614258741E-3,9.997387528E-1,1.773883773E2,1.867676716E-1,-7.628905140E-2,1.773882489E2
2.362020211E2,2.279670469E-2,6.968634552E-4,1.615003683E-3,9.997385740E-1,1.773874638E2,1.868383260E-1,-7.561492547E-2,1.773873364E2
2.362070211E2,2.279680283E-2,6.971826660E-4,1.613479923E-3,9.997385740E-1,1.773874525E2,1.866646024E-1,-7.565545719E-2,1.773873252E2
2.362120211E2,2.279393993E-2,6.989684189E-4,1.616220223E-3,9.997386336E-1,1.773877807E2,1.869829851E-1,-7.585341253E-2,1.773876528E2
2.362170211E2,2.279370280E-2,6.995622534E-4,1.619304647E-3,9.997386336E-1,1.773878078E2,1.873378762E-1,-7.591343073E-2,1.773876797E2
2.362220211E2,2.279684302E-2,6.981950137E-4,1.612473978E-3,9.997385740E-1,1.773874479E2,1.865520074E-1,-7.577405389E-2,1.773873205E2
2.362270211E2,2.278927773E-2,7.021858473E-4,1.606804784E-3,9.997387528E-1,1.773883150E2,1.859123831E-1,-7.624746774E-2,1.773881873E2
2.362320211E2,2.279701810E-2,6.975199212E-4,1.610289444E-3,9.997385740E-1,1.773874278E2,1.862999923E-1,-7.570238856E-2,1.773873007E2
2.362370211E2,2.279430524E-2,6.992836716E-4,1.610923093E-3,9.997386336E-1,1.773877388E2,1.863769866E-1,-7.590329706E-2,1.773876113E2
2.362420211E2,2.278956057E-2,7.021543570E-4,1.602801960E-3,9.997387528E-1,1.773882826E2,1.854537508E-1,-7.625426142E-2,1.773881552E2
2.362470211E2,2.280547908E-2,6.925007328E-4,1.603652490E-3,9.997383952E-1,1.773864580E2,1.855271718E-1,-7.514315081E-2,1.773863324E2
2.362520211E2,2.280771339E-2,6.900214939E-4,1.610091073E-3,9.997383356E-1,1.773862019E2,1.862584758E-1,-7.484188203E-2,1.773860763E2
2.362570211E2,2.280471361E-2,6.919251755E-4,1.614748151E-3,9.997383952E-1,1.773865458E2,1.867967508E-1,-7.504835915E-2,1.773864194E2
2.362620211E2,2.280507977E-2,6.919703446E-4,1.609549159E-3,9.997383952E-1,1.773865038E2,1.862012896E-1,-7.506705243E-2,1.773863778E2
2.362670211E2,2.281850416E-2,6.831607316E-4,1.608161838E-3,9.997380972E-1,1.773849651E2,1.860203246E-1,-7.405893662E-2,1.773848409E2
2.362720211E2,2.281820798E-2,6.825834862E-4,1.612603315E-3,9.997380972E-1,1.773849990E2,1.865276173E-1,-7.398124755E-2,1.773848746E2
2.362770211E2,2.281592349E-2,6.851983489E-4,1.606855774E-3,9.997381568E-1,1.773852609E2,1.858758364E-1,-7.429626438E-2,1.773851364E2
2.362820211E2,2.282133992E-2,6.812823704E-4,1.605771366E-3,9.997380376E-1,1.773846400E2,1.857417647E-1,-7.384947264E-2,1.773845163E2
2.362870211E2,2.282639471E-2,6.778695970E-4,1.609582803E-3,9.997379184E-1,1.773840606E2,1.861698556E-1,-7.344759073E-2,1.773839373E2
2.362920211E2,2.282108564E-2,6.814477965E-4,1.609311206E-3,9.997380376E-1,1.773846692E2,1.861477095E-1,-7.385921387E-2,1.773845452E2
2.362970211E2,2.282119196E-2,6.813363871E-4,1.607849961E-3,9.997380376E-1,1.773846570E2,1.859800229E-1,-7.385025234E-2,1.773845331E2
2.363020211E2,2.281577971E-2,6.839418202E-4,1.609430648E-3,9.997381568E-1,1.773852773E2,1.861675226E-1,-7.414560884E-2,1.773851529E2
2.363070211E2,2.281848044E-2,6.834478700E-4,1.608376391E-3,9.997380972E-1,1.773849678E2,1.860456534E-1,-7.409127502E-2,1.773848435E2
2.363120211E2,2.281869958E-2,6.821934949E-4,1.605797908E-3,9.997380972E-1,1.773849427E2,1.857469932E-1,-7.395427366E-2,1.773848188E2
2.363170211E2,2.282939195E-2,6.759241805E-4,1.604907215E-3,9.997378588E-1,1.773837171E2,1.856293414E-1,-7.323639484E-2,1.773835945E2
2.363220211E2,2.283175046E-2,6.743748090E-4,1.609131694E-3,9.997377992E-1,1.773834468E2,1.861094243E-1,-7.304740536E-2,1.773833241E2
2.363270211E2,2.283427182E-2,6.726441788E-4,1.611109474E-3,9.997377396E-1,1.773831578E2,1.863316577E-1,-7.284349698E-2,1.773830353E2
2.363320211E2,2.282371043E-2,6.794968504E-4,1.609940198E-3,9.997379780E-1,1.773843683E2,1.862148587E-1,-7.363357653E-2,1.773842447E2
2.363370211E2,2.281324336E-2,6.866626209E-4,1.607199665E-3,9.997382164E-1,1.773855681E2,1.859188624E-1,-7.446361298E-2,1.773854433E2
2.363420211E2,2.281568416E-2,6.854697713E-4,1.610134961E-3,9.997381568E-1,1.773852883E2,1.862521983E-1,-7.431882965E-2,1.773851635E2
2.363470211E2,2.281305288E-2,6.858665729E-4,1.610240433E-3,9.997382164E-1,1.773855899E2,1.862651233E-1,-7.436450235E-2,1.773854650E2
2.363520211E2,2.280526695E-2,6.912508397E-4,1.607204555E-3,9.997383952E-1,1.773864823E2,1.859308205E-1,-7.499071736E-2,1.773863567E2
2.363570211E2,2.280753649E-2,6.911584060E-4,1.612107968E-3,9.997383356E-1,1.773862222E2,1.864924939E-1,-7.496688995E-2,1.773860962E2
2.363620211E2,2.281516157E-2,6.856095861E-4,1.617463771E-3,9.997381568E-1,1.773853482E2,1.870921278E-1,-7.431578285E-2,1.773852228E2
2.363670211E2,2.280946219E-2,6.882952293E-4,1.623014221E-3,9.997382760E-1,1.773860015E2,1.877345953E-1,-7.461001272E-2,1.773858752E2
2.363720211E2,2.279890104E-2,6.953997072E-4,1.621514442E-3,9.997385144E-1,1.773872120E2,1.875805530E-1,-7.542981501E-2,1.773870845E2
2.363770211E2,2.280950410E-2,6.880286383E-4,1.622538199E-3,9.997382760E-1,1.773859967E2,1.876793674E-1,-7.458070802E-2,1.773858705E2
2.363820211E2,2.281225433E-2,6.874930696E-4,1.620825380E-3,9.997382164E-1,1.773856814E2,1.874819485E-1,-7.452331381E-2,1.773855555E2
2.363870211E2,2.280947120E-2,6.882919115E-4,1.622889074E-3,9.997382760E-1,1.773860004E2,1.877202502E-1,-7.460995805E-2,1.773858742E2
2.363920211E2,2.282005360E-2,6.818342372E-4,1.623717602E-3,9.997380376E-1,1.773847875E2,1.877990686E-1,-7.386600292E-2,1.773846624E2
2.363970211E2,2.281967487E-2,6.821028073E-4,1.628919272E-3,9.997380376E-1,1.773848309E2,1.883956563E-1,-7.388323914E-2,1.773847053E2
2.364020211E2,2.281433205E-2,6.855034153E-4,1.629167120E-3,9.997381568E-1,1.773854433E2,1.884325471E-1,-7.427317706E-2,1.773853171E2
2.364070211E2,2.281989129E-2,6.824029260E-4,1.625758596E-3,9.997380376E-1,1.773848061E2,1.880343641E-1,-7.392584591E-2,1.773846807E2
2.364120211E2,2.282015446E-2,6.815634551E-4,1.622413285E-3,9.997380376E-1,1.773847759E2,1.876489427E-1,-7.383837370E-2,1.773846509E2
2.364170211E2,2.281477619E-2,6.851234357E-4,1.623095945E-3,9.997381568E-1,1.773853924E2,1.877360608E-1,-7.424543543E-2,1.773852667E2
2.364220211E2,2.282276539E-2,6.788133760E-4,1.623568241E-3,9.997379780E-1,1.773844766E2,1.877742563E-1,-7.351980954E-2,1.773843521E2
2.364270211E2,2.282300199E-2,6.791971391E-4,1.620077994E-3,9.997379780E-1,1.773844495E2,1.873754280E-1,-7.357285818E-2,1.773843252E2
2.364320211E2,2.281527501E-2,6.847668556E-4,1.616220223E-3,9.997381568E-1,1.773853352E2,1.869474694E-1,-7.422246840E-2,1.773852101E2
2.364370211E2,2.282304371E-2,6.804076256E-4,1.618981943E-3,9.997379780E-1,1.773844447E2,1.872530317E-1,-7.371439227E-2,1.773843202E2
2.364420211E2,2.283107997E-2,6.743169506E-4,1.618641196E-3,9.997377992E-1,1.773835236E2,1.871986506E-1,-7.301602139E-2,1.773834003E2
2.364470211E2,2.281829505E-2,6.822694559E-4,1.611503889E-3,9.997380972E-1,1.773849890E2,1.864008501E-1,-7.394813039E-2,1.773848647E2
2.364520211E2,2.282114166E-2,6.805837620E-4,1.608882332E-3,9.997380376E-1,1.773846628E2,1.860963212E-1,-7.376133988E-2,1.773845390E2
2.364570211E2,2.282918952E-2,6.750577013E-4,1.608148101E-3,9.997378588E-1,1.773837403E2,1.859983416E-1,-7.312868854E-2,1.773836176E2
2.364620211E2,2.282383838E-2,6.790775224E-4,1.608302468E-3,9.997379780E-1,1.773843537E2,1.860261497E-1,-7.358979738E-2,1.773842302E2
2.364670211E2,2.281883998E-2,6.823591539E-4,1.603731071E-3,9.997380972E-1,1.773849266E2,1.855106559E-1,-7.397863046E-2,1.773848028E2
2.364720211E2,2.283227289E-2,6.735384814E-4,1.602053759E-3,9.997377992E-1,1.773833869E2,1.852964123E-1,-7.297001661E-2,1.773832649E2
2.364770211E2,2.284300369E-2,6.669152062E-4,1.600635587E-3,9.997375607E-1,1.773821569E2,1.851173876E-1,-7.221296761E-2,1.773820363E2
2.364820211E2,2.283244862E-2,6.728848675E-4,1.599822310E-3,9.997377992E-1,1.773833667E2,1.850390757E-1,-7.290094368E-2,1.773832451E2
2.364870211E2,2.283810420E-2,6.694763433E-4,1.595013891E-3,9.997376800E-1,1.773827185E2,1.844797051E-1,-7.252199561E-2,1.773825978E2
2.364920211E2,2.283557452E-2,6.711586029E-4,1.593165449E-3,9.997377396E-1,1.773830084E2,1.842721633E-1,-7.272002184E-2,1.773828876E2
2.364970211E2,2.283283644E-2,6.739154924E-4,1.593842404E-3,9.997377992E-1,1.773833223E2,1.843567316E-1,-7.303458876E-2,1.773832009E2
2.365020211E2,2.282770575E-2,6.765036378E-4,1.591462293E-3,9.997379184E-1,1.773839104E2,1.840904579E-1,-7.333826322E-2,1.773837886E2
2.365070211E2,2.283581762E-2,6.710776943E-4,1.589711173E-3,9.997377396E-1,1.773829806E2,1.838762409E-1,-7.271974756E-2,1.773828600E2
2.365120211E2,2.283804485E-2,6.694775657E-4,1.595863025E-3,9.997376800E-1,1.773827253E2,1.845769824E-1,-7.251992427E-2,1.773826046E2
2.365170211E2,2.284366982E-2,6.658633938E-4,1.591540989E-3,9.997375607E-1,1.773820805E2,1.840727879E-1,-7.211615501E-2,1.773819608E2
2.365220211E2,2.284368257E-2,6.657292834E-4,1.591414097E-3,9.997375607E-1,1.773820791E2,1.840579006E-1,-7.210112095E-2,1.773819594E2
2.365270211E2,2.284072080E-2,6.676654448E-4,1.595664653E-3,9.997376204E-1,1.773824186E2,1.845497070E-1,-7.231235011E-2,1.773822982E2
2.365320211E2,2.284595850E-2,6.647189148E-4,1.596600981E-3,9.997375011E-1,1.773818182E2,1.846496385E-1,-7.197137291E-2,1.773816983E2
2.365370211E2,2.285397761E-2,6.591936108E-4,1.596092246E-3,9.997373223E-1,1.773808990E2,1.845774621E-1,-7.133823707E-2,1.773807802E2
2.365420211E2,2.284083412E-2,6.674975157E-4,1.594112138E-3,9.997376204E-1,1.773824056E2,1.843714166E-1,-7.229715467E-2,1.773822853E2
2.365470211E2,2.284349458E-2,6.654447643E-4,1.594229019E-3,9.997375607E-1,1.773821006E2,1.843796250E-1,-7.206119173E-2,1.773819808E2
2.365520211E2,2.285968898E-2,6.542296032E-4,1.591005595E-3,9.997372031E-1,1.773802444E2,1.839821285E-1,-7.078182378E-2,1.773801269E2
2.365570211E2,2.285148153E-2,6.607961259E-4,1.593832509E-3,9.997373819E-1,1.773811852E2,1.843226011E-1,-7.152820205E-2,1.773810662E2
2.365620211E2,2.284098535E-2,6.680560764E-4,1.591709442E-3,9.997376204E-1,1.773823882E2,1.840976324E-1,-7.236740543E-2,1.773822681E2
2.365670211E2,2.285160691E-2,6.601258065E-4,1.592311892E-3,9.997373819E-1,1.773811708E2,1.841466499E-1,-7.145536821E-2,1.773810521E2
2.365720211E2,2.285427580E-2,6.585650844E-4,1.592076966E-3,9.997373223E-1,1.773808649E2,1.841158391E-1,-7.127669324E-2,1.773807465E2
2.365770211E2,2.284928107E-2,6.626902032E-4,1.587192412E-3,9.997374415E-1,1.773814374E2,1.835667019E-1,-7.176298292E-2,1.773813185E2
2.365820211E2,2.285763923E-2,6.563580828E-4,1.582100056E-3,9.997372627E-1,1.773804793E2,1.829673244E-1,-7.104937008E-2,1.773803621E2
2.365870211E2,2.286273502E-2,6.524007185E-4,1.585431863E-3,9.997371435E-1,1.773798953E2,1.833390151E-1,-7.058634665E-2,1.773797785E2
2.365920211E2,2.285976114E-2,6.554878782E-4,1.589450054E-3,9.997372031E-1,1.773802361E2,1.838072245E-1,-7.093003534E-2,1.773801185E2
2.365970211E2,2.285436961E-2,6.588178803E-4,1.590625034E-3,9.997373223E-1,1.773808541E2,1.839501720E-1,-7.130943930E-2,1.773807358E2
2.366020211E2,2.285987975E-2,6.549080135E-4,1.587982639E-3,9.997372031E-1,1.773802225E2,1.836376040E-1,-7.086742751E-2,1.773801051E2
2.366070211E2,2.286531610E-2,6.508809165E-4,1.586418948E-3,9.997370839E-1,1.773795994E2,1.834482970E-1,-7.040917611E-2,1.773794828E2
2.366120211E2,2.285738739E-2,6.561037153E-4,1.585839549E-3,9.997372627E-1,1.773805082E2,1.833950433E-1,-7.101048028E-2,1.773803907E2
2.366170211E2,2.285727615E-2,6.575005245E-4,1.586864004E-3,9.997372627E-1,1.773805210E2,1.835160579E-1,-7.116783780E-2,1.773804031E2
2.366220211E2,2.286248327E-2,6.526065990E-4,1.588973450E-3,9.997371435E-1,1.773799241E2,1.837452674E-1,-7.060069995E-2,1.773798070E2
2.366270211E2,2.285725636E-2,6.574065192E-4,1.587187988E-3,9.997372627E-1,1.773805232E2,1.835529264E-1,-7.115622341E-2,1.773804054E2
2.366320211E2,2.285191593E-2,6.608662079E-4,1.587562845E-3,9.997373819E-1,1.773811354E2,1.836045515E-1,-7.155256940E-2,1.773810168E2
2.366370211E2,2.285194875E-2,6.611272693E-4,1.586981583E-3,9.997373819E-1,1.773811316E2,1.835386472E-1,-7.158399314E-2,1.773810131E2
2.366420211E2,2.285957162E-2,6.557279266E-4,1.592074637E-3,9.997372031E-1,1.773802579E2,1.841085170E-1,-7.095069503E-2,1.773801400E2
2.366470211E2,2.285139516E-2,6.599311018E-4,1.595428330E-3,9.997373819E-1,1.773811951E2,1.845031497E-1,-7.142494054E-2,1.773810761E2
2.366520211E2,2.284632983E-2,6.632855511E-4,1.591876615E-3,9.997375011E-1,1.773817756E2,1.841046799E-1,-7.181946497E-2,1.773816564E2
2.366570211E2,2.284364831E-2,6.663108943E-4,1.591662411E-3,9.997375607E-1,1.773820830E2,1.840878681E-1,-7.216710745E-2,1.773819632E2
2.366620211E2,2.285461658E-2,6.584139774E-4,1.587240258E-3,9.997373223E-1,1.773808258E2,1.835613656E-1,-7.127198709E-2,1.773807078E2
2.366670211E2,2.285173673E-2,6.602427457E-4,1.590399188E-3,9.997373819E-1,1.773811559E2,1.839278426E-1,-7.147374990E-2,1.773810373E2
2.366720211E2,2.285189884E-2,6.605518283E-4,1.587939565E-3,9.997373819E-1,1.773811373E2,1.836468847E-1,-7.151557020E-2,1.773810188E2
2.366770211E2,2.285229732E-2,6.602854119E-4,1.582305878E-3,9.997373819E-1,1.773810916E2,1.830008099E-1,-7.149972944E-2,1.773809736E2
2.366820211E2,2.285195550E-2,6.605787785E-4,1.587112783E-3,9.997373819E-1,1.773811308E2,1.835522417E-1,-7.152081239E-2,1.773810124E2
2.366870211E2,2.284640561E-2,6.643554079E-4,1.590342144E-3,9.997375011E-1,1.773817670E2,1.839316948E-1,-7.194603287E-2,1.773816476E2
2.366920211E2,2.284636786E-2,6.633080775E-4,1.591321314E-3,9.997375011E-1,1.773817713E2,1.840411253E-1,-7.182349247E-2,1.773816520E2
2.366970211E2,2.285731955E-2,6.572231650E-4,1.586353756E-3,9.997372627E-1,1.773805160E2,1.834568794E-1,-7.113739165E-2,1.773803982E2
2.367020211E2,2.286011954E-2,6.557004526E-4,1.584199141E-3,9.997372031E-1,1.773801950E2,1.832062527E-1,-7.096807809E-2,1.773800777E2
2.367070211E2,2.286255952E-2,6.533652777E-4,1.587564009E-3,9.997371435E-1,1.773799154E2,1.835857927E-1,-7.069129398E-2,1.773797983E2
2.367120211E2,2.286808236E-2,6.491872482E-4,1.584801008E-3,9.997370243E-1,1.773792823E2,1.832586989E-1,-7.021887938E-2,1.773791662E2
2.367170211E2,2.287888597E-2,6.412287476E-4,1.582511817E-3,9.997367859E-1,1.773780440E2,1.829763362E-1,-6.931116367E-2,1.773779295E2
2.367220211E2,2.287571249E-2,6.431629881E-4,1.589931664E-3,9.997368455E-1,1.773784078E2,1.838312180E-1,-6.951388288E-2,1.773782924E2
2.367270211E2,2.287309190E-2,6.453898386E-4,1.589252613E-3,9.997369051E-1,1.773787081E2,1.837590800E-1,-6.977125589E-2,1.773785924E2
2.367320211E2,2.288143930E-2,6.396058598E-4,1.583906123E-3,9.997367263E-1,1.773777513E2,1.831319916E-1,-6.912111994E-2,1.773776371E2
2.367370211E2,2.288934594E-2,6.346356822E-4,1.584529178E-3,9.997365475E-1,1.773768451E2,1.831908784E-1,-6.854864678E-2,1.773767317E2
2.367420211E2,2.288873659E-2,6.349570467E-4,1.593179069E-3,9.997365475E-1,1.773769149E2,1.841826262E-1,-6.856288597E-2,1.773768009E2
2.367470211E2,2.288373565E-2,6.375810481E-4,1.589160180E-3,9.997366667E-1,1.773774881E2,1.837287539E-1,-6.887495575E-2,1.773773739E2
2.367520211E2,2.288950198E-2,6.348824245E-4,1.582174446E-3,9.997365475E-1,1.773768272E2,1.829217741E-1,-6.858306193E-2,1.773767139E2
2.367570211E2,2.288939303E-2,6.353026838E-4,1.583581325E-3,9.997365475E-1,1.773768397E2,1.830840436E-1,-6.862753705E-2,1.773767262E2
2.367620211E2,2.287851066E-2,6.427053595E-4,1.587331411E-3,9.997367859E-1,1.773780870E2,1.835323231E-1,-6.946775912E-2,1.773779719E2
2.367670211E2,2.288133358E-2,6.395759992E-4,1.585444785E-3,9.997367263E-1,1.773777635E2,1.833081777E-1,-6.911368388E-2,1.773776491E2
2.367720211E2,2.288411062E-2,6.390855415E-4,1.583144884E-3,9.997366667E-1,1.773774452E2,1.830436027E-1,-6.906301852E-2,1.773773310E2
2.367770211E2,2.288653821E-2,6.364479777E-4,1.586750615E-3,9.997366071E-1,1.773771669E2,1.834499311E-1,-6.875095419E-2,1.773770530E2
2.367820211E2,2.288599865E-2,6.367758033E-4,1.594383037E-3,9.997366071E-1,1.773772287E2,1.843251374E-1,-6.876859211E-2,1.773771143E2
2.367870211E2,2.288880559E-2,6.357012317E-4,1.591890468E-3,9.997365475E-1,1.773769070E2,1.840369587E-1,-6.865150811E-2,1.773767929E2
2.367920211E2,2.288395115E-2,6.380727864E-4,1.585856080E-3,9.997366667E-1,1.773774634E2,1.833515350E-1,-6.893991514E-2,1.773773493E2
2.367970211E2,2.287813062E-2,6.416988908E-4,1.593205263E-3,9.997367859E-1,1.773781306E2,1.842025766E-1,-6.933712656E-2,1.773780153E2
2.368020211E2,2.287577401E-2,6.432117661E-4,1.589026535E-3,9.997368455E-1,1.773784007E2,1.837276570E-1,-6.952183244E-2,1.773782854E2
2.368070211E2,2.287891342E-2,6.411359645E-4,1.582152443E-3,9.997367859E-1,1.773780409E2,1.829349242E-1,-6.930147152E-2,1.773779264E2
2.368120211E2,2.288438658E-2,6.386530586E-4,1.579325763E-3,9.997366667E-1,1.773774135E2,1.826049623E-1,-6.902343769E-2,1.773772997E2
2.368170211E2,2.288336600E-2,6.378339604E-4,1.594373025E-3,9.997366667E-1,1.773775305E2,1.843265845E-1,-6.889032773E-2,1.773774158E2
2.368220211E2,2.287783639E-2,6.417901022E-4,1.597388065E-3,9.997367859E-1,1.773781643E2,1.846819846E-1,-6.933666392E-2,1.773780487E2
2.368270211E2,2.288107846E-2,6.394042284E-4,1.589191495E-3,9.997367263E-1,1.773777927E2,1.837369394E-1,-6.908422811E-2,1.773776781E2
2.368320211E2,2.288623194E-2,6.372510106E-4,1.590840518E-3,9.997366071E-1,1.773772020E2,1.839205628E-1,-6.883228044E-2,1.773770877E2
2.368370211E2,2.288034495E-2,6.397449761E-4,1.599581330E-3,9.997367263E-1,1.773778768E2,1.849280600E-1,-6.909615717E-2,1.773777614E2
2.368420211E2,2.288596153E-2,6.369602052E-4,1.594842062E-3,9.997366071E-1,1.773772330E2,1.843782053E-1,-6.878852042E-2,1.773771185E2
2.368470211E2,2.289677889E-2,6.299694069E-4,1.591804437E-3,9.997363687E-1,1.773759931E2,1.840126094E-1,-6.799362029E-2,1.773758801E2
2.368520211E2,2.289096901E-2,6.330107572E-4,1.599270385E-3,9.997364879E-1,1.773766590E2,1.848755050E-1,-6.832352611E-2,1.773765449E2
2.368570211E2,2.288288515E-2,6.383379805E-4,1.601058641E-3,9.997366667E-1,1.773775856E2,1.850937890E-1,-6.893062593E-2,1.773774704E2
2.368620211E2,2.289130684E-2,6.326971343E-4,1.594551955E-3,9.997364879E-1,1.773766203E2,1.843341538E-1,-6.829991227E-2,1.773765066E2
2.368670211E2,2.290169610E-2,6.255018525E-4,1.597687369E-3,9.997362494E-1,1.773754295E2,1.846751766E-1,-6.746546656E-2,1.773753169E2
2.368720211E2,2.289605431E-2,6.293468759E-4,1.602437464E-3,9.997363687E-1,1.773760762E2,1.852290643E-1,-6.789453659E-2,1.773759625E2
2.368770211E2,2.289367287E-2,6.317415973E-4,1.598328352E-3,9.997364283E-1,1.773763491E2,1.847644389E-1,-6.818010085E-2,1.773762353E2
2.368820211E2,2.289889602E-2,6.269687437E-4,1.599948504E-3,9.997363091E-1,1.773757504E2,1.849378768E-1,-6.762809936E-2,1.773756374E2
2.368870211E2,2.290372627E-2,6.240650546E-4,1.606420148E-3,9.997361898E-1,1.773751968E2,1.856719842E-1,-6.727756918E-2,1.773750839E2
2.368920211E2,2.290388031E-2,6.242661620E-4,1.604144112E-3,9.997361898E-1,1.773751791E2,1.854117759E-1,-6.730655365E-2,1.773750663E2
2.368970211E2,2.290418336E-2,6.247414276E-4,1.599625801E-3,9.997361898E-1,1.773751444E2,1.848954184E-1,-6.737280392E-2,1.773750318E2
2.369020211E2,2.290445261E-2,6.240375806E-4,1.596041257E-3,9.997361898E-1,1.773751135E2,1.844829375E-1,-6.730152906E-2,1.773750013E2
2.369070211E2,2.289379815E-2,6.306041614E-4,1.596982474E-3,9.997364283E-1,1.773763348E2,1.846072770E-1,-6.805330244E-2,1.773762213E2
2.369120211E2,2.288793422E-2,6.345424335E-4,1.604828867E-3,9.997365475E-1,1.773770069E2,1.855161047E-1,-6.848497907E-2,1.773768921E2
2.369170211E2,2.288809871E-2,6.345615257E-4,1.602473669E-3,9.997365475E-1,1.773769880E2,1.852463505E-1,-6.849331322E-2,1.773768734E2
2.369220211E2,2.289353560E-2,6.319032982E-4,1.600229414E-3,9.997364283E-1,1.773763648E2,1.849826427E-1,-6.819366341E-2,1.773762509E2
2.369270211E2,2.289091167E-2,6.328115705E-4,1.600169693E-3,9.997364879E-1,1.773766656E2,1.849780048E-1,-6.829835853E-2,1.773765515E2
2.369320211E2,2.288796446E-2,6.358997780E-4,1.603859942E-3,9.997365475E-1,1.773770034E2,1.854086656E-1,-6.864301413E-2,1.773768885E2
2.369370211E2,2.288263763E-2,6.388433394E-4,1.604391146E-3,9.997366667E-1,1.773776140E2,1.854768749E-1,-6.897982764E-2,1.773774984E2
2.369420211E2,2.288544473E-2,6.366326124E-4,1.602371107E-3,9.997366071E-1,1.773772922E2,1.852398510E-1,-6.873134060E-2,1.773771772E2
2.369470211E2,2.289335319E-2,6.308477605E-4,1.603252720E-3,9.997364283E-1,1.773763858E2,1.853262160E-1,-6.806484164E-2,1.773762718E2
2.369520211E2,2.288816378E-2,6.350965705E-4,1.601331867E-3,9.997365475E-1,1.773769806E2,1.851169516E-1,-6.855759149E-2,1.773768659E2
2.369570211E2,2.288816692E-2,6.344616413E-4,1.601538621E-3,9.997365475E-1,1.773769802E2,1.851389724E-1,-6.848431024E-2,1.773768657E2
2.369620211E2,2.289909059E-2,6.273608888E-4,1.597007387E-3,9.997363091E-1,1.773757281E2,1.846019797E-1,-6.768070600E-2,1.773756152E2
2.369670211E2,2.289911731E-2,6.275203195E-4,1.596561517E-3,9.997363091E-1,1.773757251E2,1.845513202E-1,-6.770013571E-2,1.773756122E2
2.369720211E2,2.290205425E-2,6.265773554E-4,1.592122368E-3,9.997362494E-1,1.773753884E2,1.840404876E-1,-6.760321683E-2,1.773752760E2
2.369770211E2,2.290999943E-2,6.202448276E-4,1.592575805E-3,9.997360706E-1,1.773744777E2,1.840763446E-1,-6.687510082E-2,1.773743665E2
2.369820211E2,2.291478631E-2,6.175095914E-4,1.599587849E-3,9.997359514E-1,1.773739291E2,1.848727931E-1,-6.654245381E-2,1.773738178E2
2.369870211E2,2.290425479E-2,6.246623816E-4,1.598633477E-3,9.997361898E-1,1.773751362E2,1.847815334E-1,-6.736633969E-2,1.773750237E2
2.369920211E2,2.292053593E-2,6.130083930E-4,1.593436580E-3,9.997358322E-1,1.773732700E2,1.841566523E-1,-6.604188436E-2,1.773731601E2
2.369970211E2,2.293373743E-2,6.039034342E-4,1.593945897E-3,9.997355342E-1,1.773717568E2,1.841919416E-1,-6.499503824E-2,1.773716486E2
2.370020211E2,2.292521397E-2,6.091812393E-4,1.602374832E-3,9.997357130E-1,1.773727338E2,1.851708868E-1,-6.557909678E-2,1.773726240E2
2.370070211E2,2.292234957E-2,6.108129164E-4,1.605541096E-3,9.997357726E-1,1.773730621E2,1.855377178E-1,-6.575823719E-2,1.773729518E2
2.370120211E2,2.292765795E-2,6.070399540E-4,1.605404424E-3,9.997356534E-1,1.773724537E2,1.855124957E-1,-6.532537565E-2,1.773723441E2
2.370170211E2,2.292782011E-2,6.082089385E-4,1.602643752E-3,9.997356534E-1,1.773724351E2,1.851993108E-1,-6.546651946E-2,1.773723254E2
2.370220211E2,2.292779152E-2,6.073354161E-4,1.603383804E-3,9.997356534E-1,1.773724384E2,1.852817952E-1,-6.536450845E-2,1.773723288E2
2.370270211E2,2.293537853E-2,6.016642437E-4,1.608497812E-3,9.997354746E-1,1.773715687E2,1.858532535E-1,-6.469996437E-2,1.773714599E2
2.370320211E2,2.293008262E-2,6.066072965E-4,1.608053572E-3,9.997355938E-1,1.773721758E2,1.858150077E-1,-6.526839873E-2,1.773720661E2
2.370370211E2,2.292440235E-2,6.095236167E-4,1.613815431E-3,9.997357130E-1,1.773728269E2,1.864823870E-1,-6.558841521E-2,1.773727162E2
2.370420211E2,2.293479032E-2,6.031643716E-4,1.616304158E-3,9.997354746E-1,1.773716362E2,1.867514660E-1,-6.485141328E-2,1.773715266E2
2.370470211E2,2.292929403E-2,6.069818046E-4,1.619118964E-3,9.997355938E-1,1.773722662E2,1.870836099E-1,-6.528237382E-2,1.773721556E2
2.370520211E2,2.292184585E-2,6.112402189E-4,1.612554770E-3,9.997357726E-1,1.773731199E2,1.863423053E-1,-6.578885973E-2,1.773730090E2
2.370570211E2,2.292978416E-2,6.061198073E-4,1.612487249E-3,9.997355938E-1,1.773722100E2,1.863216365E-1,-6.520095656E-2,1.773721001E2
2.370620211E2,2.293454208E-2,6.034137332E-4,1.619729795E-3,9.997354746E-1,1.773716646E2,1.871445519E-1,-6.487102351E-2,1.773715547E2
2.370670211E2,2.292176319E-2,6.111622206E-4,1.613758854E-3,9.997357726E-1,1.773731294E2,1.864800368E-1,-6.577677672E-2,1.773730184E2
2.370720211E2,2.292735065E-2,6.075339625E-4,1.609600731E-3,9.997356534E-1,1.773724889E2,1.859945094E-1,-6.537100157E-2,1.773723789E2
2.370770211E2,2.294312351E-2,5.967713660E-4,1.611004001E-3,9.997352958E-1,1.773706810E2,1.861280023E-1,-6.413140105E-2,1.773705730E2
2.370820211E2,2.292952317E-2,6.056904094E-4,1.616355148E-3,9.997355938E-1,1.773722399E2,1.867636039E-1,-6.514164936E-2,1.773721298E2
2.370870211E2,2.293036744E-2,6.055124104E-4,1.604400692E-3,9.997355938E-1,1.773721431E2,1.853936691E-1,-6.515251305E-2,1.773720339E2
2.370920211E2,2.294642528E-2,5.952692591E-4,1.601494849E-3,9.997352362E-1,1.773703025E2,1.850348803E-1,-6.398370815E-2,1.773701954E2
2.370970211E2,2.293832245E-2,6.003382732E-4,1.604053658E-3,9.997354150E-1,1.773712313E2,1.853408287E-1,-6.455919435E-2,1.773711230E2
2.371020211E2,2.293061275E-2,6.054121768E-4,1.600928721E-3,9.997355938E-1,1.773721150E2,1.849956671E-1,-6.515010820E-2,1.773720060E2
2.371070211E2,2.293896608E-2,6.002741284E-4,1.594847068E-3,9.997354150E-1,1.773711575E2,1.842859800E-1,-6.457592809E-2,1.773710499E2
2.371120211E2,2.294696300E-2,5.952219362E-4,1.593789319E-3,9.997352362E-1,1.773702409E2,1.841520325E-1,-6.399845003E-2,1.773701343E2
2.371170211E2,2.294201875E-2,5.983168958E-4,1.589025254E-3,9.997353554E-1,1.773708076E2,1.836140747E-1,-6.436644831E-2,1.773707007E2
2.371220211E2,2.293983370E-2,6.000262219E-4,1.582412515E-3,9.997354150E-1,1.773710581E2,1.828608619E-1,-6.458005591E-2,1.773709513E2
2.371270211E2,2.293431045E-2,6.033710670E-4,1.585882506E-3,9.997355342E-1,1.773716912E2,1.832668245E-1,-6.495513612E-2,1.773715835E2
2.371320211E2,2.293141578E-2,6.062365719E-4,1.589070656E-3,9.997355938E-1,1.773720230E2,1.836394068E-1,-6.527556469E-2,1.773719146E2
2.371370211E2,2.292603154E-2,6.089925300E-4,1.590706874E-3,9.997357130E-1,1.773726401E2,1.838337442E-1,-6.558798114E-2,1.773725311E2
2.371420211E2,2.292844990E-2,6.079028826E-4,1.593724941E-3,9.997356534E-1,1.773723629E2,1.841767942E-1,-6.545477499E-2,1.773722539E2
2.371470211E2,2.292297680E-2,6.107081426E-4,1.596600981E-3,9.997357726E-1,1.773729903E2,1.845132896E-1,-6.576960249E-2,1.773728805E2
2.371520211E2,2.292544423E-2,6.099201855E-4,1.598795294E-3,9.997357130E-1,1.773727074E2,1.847627656E-1,-6.567311286E-2,1.773725977E2
2.371570211E2,2.293085725E-2,6.055259728E-4,1.597379684E-3,9.997355938E-1,1.773720870E2,1.845893986E-1,-6.517242571E-2,1.773719782E2
2.371620211E2,2.293328434E-2,6.036568666E-4,1.600544667E-3,9.997355342E-1,1.773718088E2,1.849472299E-1,-6.494953256E-2,1.773717001E2
2.371670211E2,2.293863091E-2,6.003107410E-4,1.599646872E-3,9.997354150E-1,1.773711959E2,1.848359278E-1,-6.456756709E-2,1.773710880E2
2.371720211E2,2.294125818E-2,5.994557869E-4,1.599541982E-3,9.997353554E-1,1.773708948E2,1.848218332E-1,-6.446941247E-2,1.773707870E2
2.371770211E2,2.292552098E-2,6.092016120E-4,1.597968512E-3,9.997357130E-1,1.773726986E2,1.846661653E-1,-6.559295005E-2,1.773725891E2
2.371820211E2,2.293110121E-2,6.055650883E-4,1.593858819E-3,9.997355938E-1,1.773720590E2,1.841861613E-1,-6.518611401E-2,1.773719504E2
2.371870211E2,2.294429001E-2,5.974100786E-4,1.594065106E-3,9.997352958E-1,1.773705473E2,1.841892099E-1,-6.424889360E-2,1.773704402E2
2.371920211E2,2.294387882E-2,5.967375473E-4,1.600223593E-3,9.997352958E-1,1.773705944E2,1.848929411E-1,-6.415573090E-2,1.773704871E2
2.371970211E2,2.293610549E-2,6.023664027E-4,1.597833820E-3,9.997354746E-1,1.773714854E2,1.846334620E-1,-6.480829866E-2,1.773713772E2
2.372020211E2,2.294175557E-2,5.991292419E-4,1.592515036E-3,9.997353554E-1,1.773708378E2,1.840159887E-1,-6.445038526E-2,1.773707305E2
2.372070211E2,2.294136738E-2,5.989105557E-4,1.598179457E-3,9.997353554E-1,1.773708823E2,1.846643137E-1,-6.441051199E-2,1.773707747E2
2.372120211E2,2.293075771E-2,6.050217780E-4,1.598998904E-3,9.997355938E-1,1.773720984E2,1.847735676E-1,-6.511042793E-2,1.773719896E2
2.372170211E2,2.292803969E-2,6.077479920E-4,1.599674462E-3,9.997356534E-1,1.773724099E2,1.848579473E-1,-6.542147389E-2,1.773723005E2
2.372220211E2,2.292800998E-2,6.070753443E-4,1.600355492E-3,9.997356534E-1,1.773724133E2,1.849341977E-1,-6.534263060E-2,1.773723040E2
2.372270211E2,2.291715700E-2,6.154982257E-4,1.603647717E-3,9.997358918E-1,1.773736573E2,1.853327734E-1,-6.630092855E-2,1.773735462E2
2.372320211E2,2.290432839E-2,6.235075416E-4,1.598029747E-3,9.997361898E-1,1.773751278E2,1.847093426E-1,-6.723561069E-2,1.773750155E2
2.372370211E2,2.290973346E-2,6.207643310E-4,1.596195390E-3,9.997360706E-1,1.773745082E2,1.844923566E-1,-6.692516202E-2,1.773743966E2
2.372420211E2,2.291510630E-2,6.160499761E-4,1.595561509E-3,9.997359514E-1,1.773738924E2,1.844077168E-1,-6.638575230E-2,1.773737817E2
2.372470211E2,2.292066985E-2,6.127954694E-4,1.591591048E-3,9.997358322E-1,1.773732547E2,1.839446746E-1,-6.602231441E-2,1.773731449E2
2.372520211E2,2.291833070E-2,6.148010143E-4,1.587055856E-3,9.997358918E-1,1.773735228E2,1.834302288E-1,-6.626441373E-2,1.773734129E2
2.372570211E2,2.291579628E-2,6.157684256E-4,1.585730468E-3,9.997359514E-1,1.773738133E2,1.832807628E-1,-6.637918724E-2,1.773737033E2
2.372620211E2,2.292083102E-2,6.124647334E-4,1.589395804E-3,9.997358322E-1,1.773732362E2,1.836923257E-1,-6.599016134E-2,1.773731266E2
2.372670211E2,2.292583012E-2,6.095951539E-4,1.593376743E-3,9.997357130E-1,1.773726632E2,1.841411789E-1,-6.565004122E-2,1.773725539E2
2.372720211E2,2.291768639E-2,6.153843715E-4,1.596108195E-3,9.997358918E-1,1.773735966E2,1.844687693E-1,-6.630758808E-2,1.773734861E2
2.372770211E2,2.292244789E-2,6.117184530E-4,1.603791607E-3,9.997357726E-1,1.773730509E2,1.853396788E-1,-6.586655402E-2,1.773729405E2
2.372820211E2,2.292220926E-2,6.118511665E-4,1.607148210E-3,9.997357726E-1,1.773730782E2,1.857245497E-1,-6.587298494E-2,1.773729676E2
2.372870211E2,2.291435159E-2,6.163776270E-4,1.606238075E-3,9.997359514E-1,1.773739789E2,1.856316524E-1,-6.639539198E-2,1.773738674E2
2.372920211E2,2.290668741E-2,6.228606217E-4,1.601753407E-3,9.997361302E-1,1.773748574E2,1.851343918E-1,-6.715128810E-2,1.773747450E2
2.372970211E2,2.290956423E-2,6.208359846E-4,1.598594710E-3,9.997360706E-1,1.773745276E2,1.847674035E-1,-6.692710292E-2,1.773744158E2
2.373020211E2,2.290103211E-2,6.265268894E-4,1.606777660E-3,9.997362494E-1,1.773755056E2,1.857192213E-1,-6.755916246E-2,1.773753922E2
2.373070211E2,2.289333919E-2,6.307589938E-4,1.603487530E-3,9.997364283E-1,1.773763874E2,1.853528824E-1,-6.805405898E-2,1.773762734E2
2.373120211E2,2.289101381E-2,6.330668693E-4,1.598606817E-3,9.997364879E-1,1.773766539E2,1.847996358E-1,-6.833168681E-2,1.773765398E2
2.373170211E2,2.289618692E-2,6.289804587E-4,1.600685529E-3,9.997363687E-1,1.773760610E2,1.850274073E-1,-6.785713153E-2,1.773759475E2
2.373220211E2,2.290401861E-2,6.238891510E-4,1.602315111E-3,9.997361898E-1,1.773751633E2,1.852012621E-1,-6.726813772E-2,1.773750507E2
2.373270211E2,2.290952131E-2,6.204504170E-4,1.599359210E-3,9.997360706E-1,1.773745325E2,1.848539706E-1,-6.688093263E-2,1.773744208E2
2.373320211E2,2.290695806E-2,6.216753391E-4,1.598339761E-3,9.997361302E-1,1.773748263E2,1.847402251E-1,-6.702441142E-2,1.773747144E2
2.373370211E2,2.291183779E-2,6.184260710E-4,1.604210585E-3,9.997360110E-1,1.773742670E2,1.854045917E-1,-6.663585465E-2,1.773741553E2
2.373420211E2,2.290911540E-2,6.210674183E-4,1.604924328E-3,9.997360706E-1,1.773745791E2,1.854931127E-1,-6.693708203E-2,1.773744668E2
2.373470211E2,2.289595398E-2,6.293060724E-4,1.603886369E-3,9.997363687E-1,1.773760877E2,1.853949395E-1,-6.788607903E-2,1.773759739E2
2.373520211E2,2.289069583E-2,6.326573784E-4,1.603315235E-3,9.997364879E-1,1.773766903E2,1.853379443E-1,-6.827248263E-2,1.773765760E2
2.373570211E2,2.289867745E-2,6.276053027E-4,1.602824545E-3,9.997363091E-1,1.773757755E2,1.852690167E-1,-6.769351781E-2,1.773756621E2
2.373620211E2,2.289063997E-2,6.330413744E-4,1.603960991E-3,9.997364879E-1,1.773766968E2,1.854129268E-1,-6.831479015E-2,1.773765823E2
2.373670211E2,2.288276497E-2,6.379504921E-4,1.602929668E-3,9.997366667E-1,1.773775994E2,1.853071127E-1,-6.888135058E-2,1.773774841E2
2.373720211E2,2.290136445E-2,6.261774688E-4,1.602170407E-3,9.997362494E-1,1.773754675E2,1.851905119E-1,-6.753116199E-2,1.773753545E2
2.373770211E2,2.290112770E-2,6.265390548E-4,1.605409896E-3,9.997362494E-1,1.773754946E2,1.855625664E-1,-6.756412794E-2,1.773753813E2
2.373820211E2,2.288547351E-2,6.361443084E-4,1.602153992E-3,9.997366071E-1,1.773772889E2,1.852136993E-1,-6.867596387E-2,1.773771740E2
2.373870211E2,2.289124804E-2,6.328114541E-4,1.595350564E-3,9.997364879E-1,1.773766271E2,1.844259397E-1,-6.831092480E-2,1.773765132E2
2.373920211E2,2.289389934E-2,6.308191805E-4,1.595446141E-3,9.997364283E-1,1.773763232E2,1.844318431E-1,-6.808194731E-2,1.773762097E2
2.373970211E2,2.288848887E-2,6.345888251E-4,1.596880378E-3,9.997365475E-1,1.773769433E2,1.846056717E-1,-6.851103928E-2,1.773768291E2
2.374020211E2,2.288867847E-2,6.344551221E-4,1.594213652E-3,9.997365475E-1,1.773769216E2,1.842998292E-1,-6.850268180E-2,1.773768075E2
2.374070211E2,2.288847921E-2,6.357590901E-4,1.596553251E-3,9.997365475E-1,1.773769444E2,1.845712646E-1,-6.864596631E-2,1.773768300E2
2.374120211E2,2.287994549E-2,6.410712958E-4,1.604755758E-3,9.997367263E-1,1.773779226E2,1.855243019E-1,-6.923460896E-2,1.773778066E2
2.374170211E2,2.287950459E-2,6.412321236E-4,1.610965584E-3,9.997367263E-1,1.773779731E2,1.862361018E-1,-6.923683379E-2,1.773778566E2
2.374220211E2,2.288508518E-2,6.366703892E-4,1.607483020E-3,9.997366071E-1,1.773773334E2,1.858255552E-1,-6.872232870E-2,1.773772181E2
2.374270211E2,2.289063309E-2,6.338201347E-4,1.603751676E-3,9.997364879E-1,1.773766975E2,1.853909899E-1,-6.840455637E-2,1.773765830E2
2.374320211E2,2.289289636E-2,6.310605095E-4,1.609679195E-3,9.997364283E-1,1.773764381E2,1.860629712E-1,-6.807243961E-2,1.773763237E2
2.374370211E2,2.290094060E-2,6.263462128E-4,1.608151710E-3,9.997362494E-1,1.773755161E2,1.858761545E-1,-6.753487489E-2,1.773754026E2
2.374420211E2,2.289267972E-2,6.324331625E-4,1.612219494E-3,9.997364283E-1,1.773764630E2,1.863575788E-1,-6.822306869E-2,1.773763481E2
2.374470211E2,2.288746178E-2,6.345902802E-4,1.611533691E-3,9.997365475E-1,1.773770610E2,1.862843143E-1,-6.847296252E-2,1.773769458E2
2.374520211E2,2.289804202E-2,6.284110132E-4,1.611563028E-3,9.997363091E-1,1.773758483E2,1.862721837E-1,-6.776300874E-2,1.773757342E2
2.374570211E2,2.289573921E-2,6.297740620E-4,1.606765902E-3,9.997363687E-1,1.773761123E2,1.857260372E-1,-6.793217714E-2,1.773759983E2
2.374620211E2,2.288844640E-2,6.349890609E-4,1.597329974E-3,9.997365475E-1,1.773769482E2,1.846582251E-1,-6.855571945E-2,1.773768338E2
2.374670211E2,2.289372816E-2,6.313803606E-4,1.597678987E-3,9.997364283E-1,1.773763428E2,1.846891025E-1,-6.814041048E-2,1.773762291E2
2.374720211E2,2.288283556E-2,6.391228526E-4,1.601454220E-3,9.997366667E-1,1.773775913E2,1.851411622E-1,-6.901951384E-2,1.773774759E2
2.374770211E2,2.287519370E-2,6.450111978E-4,1.596632996E-3,9.997368455E-1,1.773784672E2,1.846037438E-1,-6.970814481E-2,1.773783510E2
2.374820211E2,2.288093298E-2,6.404595915E-4,1.590860309E-3,9.997367263E-1,1.773778094E2,1.839308791E-1,-6.920078299E-2,1.773776945E2
2.374870211E2,2.288598892E-2,6.363309803E-4,1.594700268E-3,9.997366071E-1,1.773772299E2,1.843603126E-1,-6.871680237E-2,1.773771154E2
2.374920211E2,2.288072663E-2,6.405689637E-4,1.593781402E-3,9.997367263E-1,1.773778330E2,1.842657972E-1,-6.920569151E-2,1.773777179E2
2.374970211E2,2.287830098E-2,6.414371310E-4,1.590862521E-3,9.997367859E-1,1.773781111E2,1.839335134E-1,-6.931324974E-2,1.773779960E2
2.375020211E2,2.288923979E-2,6.342365523E-4,1.586221391E-3,9.997365475E-1,1.773768572E2,1.833836869E-1,-6.849850262E-2,1.773767438E2
2.375070211E2,2.288872869E-2,6.357163657E-4,1.592989778E-3,9.997365475E-1,1.773769158E2,1.841629319E-1,-6.865037258E-2,1.773768016E2
2.375120211E2,2.288625472E-2,6.372819189E-4,1.590500353E-3,9.997366071E-1,1.773771994E2,1.838816755E-1,-6.883670929E-2,1.773770851E2
2.375170211E2,2.288966728E-2,6.351922639E-4,1.579656731E-3,9.997365475E-1,1.773768082E2,1.826341645E-1,-6.862513149E-2,1.773766951E2
2.375220211E2,2.288666731E-2,6.364369765E-4,1.584891812E-3,9.997366071E-1,1.773771521E2,1.832369634E-1,-6.875454533E-2,1.773770383E2
2.375270211E2,2.289124859E-2,6.324601709E-4,1.595481997E-3,9.997364879E-1,1.773766270E2,1.844400754E-1,-6.827033641E-2,1.773765132E2
2.375320211E2,2.288854205E-2,6.347000599E-4,1.596073736E-3,9.997365475E-1,1.773769372E2,1.845135568E-1,-6.852588847E-2,1.773768230E2
2.375370211E2,2.287845716E-2,6.425385945E-4,1.588169718E-3,9.997367859E-1,1.773780932E2,1.836279200E-1,-6.944646624E-2,1.773779780E2
2.375420211E2,2.287804242E-2,6.414414383E-4,1.594574773E-3,9.997367859E-1,1.773781407E2,1.843587889E-1,-6.930405818E-2,1.773780253E2
2.375470211E2,2.287812172E-2,6.416024989E-4,1.593371853E-3,9.997367859E-1,1.773781316E2,1.842214081E-1,-6.932564865E-2,1.773780163E2
2.375520211E2,2.287037023E-2,6.468631909E-4,1.590327243E-3,9.997369647E-1,1.773790201E2,1.838858634E-1,-6.993772907E-2,1.773789040E2
2.375570211E2,2.287309236E-2,6.455235998E-4,1.589191728E-3,9.997369051E-1,1.773787081E2,1.837524556E-1,-6.978673927E-2,1.773785923E2
2.375620211E2,2.287298625E-2,6.449191133E-4,1.590963337E-3,9.997369051E-1,1.773787202E2,1.839538222E-1,-6.971286423E-2,1.773786045E2
2.375670211E2,2.287314414E-2,6.451503141E-4,1.588597894E-3,9.997369051E-1,1.773787022E2,1.836834499E-1,-6.974552215E-2,1.773785865E2
2.375720211E2,2.287063422E-2,6.474303664E-4,1.586294849E-3,9.997369647E-1,1.773789898E2,1.834254102E-1,-7.001322546E-2,1.773788739E2
2.375770211E2,2.287921838E-2,6.420051795E-4,1.577382907E-3,9.997367859E-1,1.773780059E2,1.823908181E-1,-6.941349940E-2,1.773778916E2
2.375820211E2,2.288155942E-2,6.405776949E-4,1.581776771E-3,9.997367263E-1,1.773777376E2,1.828906060E-1,-6.923801624E-2,1.773776233E2
2.375870211E2,2.288399170E-2,6.392172072E-4,1.584809739E-3,9.997366667E-1,1.773774588E2,1.832346685E-1,-6.907375814E-2,1.773773445E2
2.375920211E2,2.288143661E-2,6.404993474E-4,1.583584002E-3,9.997367263E-1,1.773777517E2,1.830974317E-1,-6.922432430E-2,1.773776372E2
2.375970211E2,2.287091289E-2,6.480150041E-4,1.582032652E-3,9.997369647E-1,1.773789579E2,1.829386772E-1,-7.009132222E-2,1.773788422E2
2.376020211E2,2.286818763E-2,6.484644837E-4,1.583577483E-3,9.997370243E-1,1.773792703E2,1.831166428E-1,-7.013926552E-2,1.773791544E2
2.376070211E2,2.287360891E-2,6.451777881E-4,1.581880613E-3,9.997369051E-1,1.773786489E2,1.829140107E-1,-6.976619184E-2,1.773785337E2
2.376120211E2,2.286858360E-2,6.486778148E-4,1.577761257E-3,9.997370243E-1,1.773792249E2,1.824509124E-1,-7.017887490E-2,1.773791093E2
2.376170211E2,2.286802485E-2,6.495943526E-4,1.585463877E-3,9.997370243E-1,1.773792889E2,1.833357012E-1,-7.026379128E-2,1.773791727E2
2.376220211E2,2.286497074E-2,6.507264916E-4,1.591451932E-3,9.997370839E-1,1.773796390E2,1.840244557E-1,-7.037836064E-2,1.773795221E2
2.376270211E2,2.286020028E-2,6.552351988E-4,1.583226258E-3,9.997372031E-1,1.773801858E2,1.830935842E-1,-7.091731179E-2,1.773800686E2
2.376320211E2,2.286280564E-2,6.527064252E-4,1.584287151E-3,9.997371435E-1,1.773798872E2,1.832086809E-1,-7.062435506E-2,1.773797704E2
2.376370211E2,2.287832146E-2,6.426576292E-4,1.590075321E-3,9.997367859E-1,1.773781087E2,1.838465319E-1,-6.945513187E-2,1.773779934E2
2.376420211E2,2.288608703E-2,6.363993743E-4,1.593264285E-3,9.997366071E-1,1.773772186E2,1.841959900E-1,-6.872838570E-2,1.773771043E2
2.376470211E2,2.287019286E-2,6.472957321E-4,1.592700253E-3,9.997369647E-1,1.773790404E2,1.841588410E-1,-6.998109493E-2,1.773789241E2
2.376520211E2,2.287260370E-2,6.454276154E-4,1.596248243E-3,9.997369051E-1,1.773787641E2,1.845605768E-1,-6.975733695E-2,1.773786479E2
2.376570211E2,2.287217710E-2,6.457585841E-4,1.602215925E-3,9.997369051E-1,1.773788130E2,1.852450830E-1,-6.977969020E-2,1.773786963E2
2.376620211E2,2.287742116E-2,6.420168793E-4,1.603233162E-3,9.997367859E-1,1.773782119E2,1.853521751E-1,-6.934739656E-2,1.773780958E2
2.376670211E2,2.287719186E-2,6.422178703E-4,1.606421429E-3,9.997367859E-1,1.773782382E2,1.857179396E-1,-6.936210637E-2,1.773781219E2
2.376720211E2,2.287926473E-2,6.410938804E-4,1.614423352E-3,9.997367263E-1,1.773780006E2,1.866318507E-1,-6.921197524E-2,1.773778839E2
2.376770211E2,2.286846877E-2,6.482266472E-4,1.616893802E-3,9.997369647E-1,1.773792380E2,1.869328166E-1,-7.002465657E-2,1.773791198E2
2.376820211E2,2.286364616E-2,6.512250402E-4,1.610168139E-3,9.997370839E-1,1.773797908E2,1.861698315E-1,-7.038668055E-2,1.773796725E2
2.376870211E2,2.287474424E-2,6.437114789E-4,1.603581826E-3,9.997368455E-1,1.773785187E2,1.853963755E-1,-6.954111466E-2,1.773784023E2
2.376920211E2,2.287967423E-2,6.407340406E-4,1.608752878E-3,9.997367263E-1,1.773779537E2,1.859813160E-1,-6.918554267E-2,1.773778374E2
2.376970211E2,2.287669928E-2,6.435370306E-4,1.612895285E-3,9.997367859E-1,1.773782947E2,1.864630205E-1,-6.949635092E-2,1.773781776E2
2.377020211E2,2.287415227E-2,6.445933832E-4,1.611651387E-3,9.997368455E-1,1.773785866E2,1.863231096E-1,-6.962110388E-2,1.773784694E2
2.377070211E2,2.287432717E-2,6.436523399E-4,1.609543804E-3,9.997368455E-1,1.773785665E2,1.860792063E-1,-6.951878868E-2,1.773784497E2
2.377120211E2,2.288469603E-2,6.371730124E-4,1.612815191E-3,9.997366071E-1,1.773773781E2,1.864377095E-1,-6.876599856E-2,1.773772622E2
2.377170211E2,2.289283733E-2,6.319677923E-4,1.610162668E-3,9.997364283E-1,1.773764449E2,1.861207351E-1,-6.817512181E-2,1.773763302E2
2.377220211E2,2.288737773E-2,6.361372652E-4,1.612117398E-3,9.997365475E-1,1.773770707E2,1.863552367E-1,-6.864867200E-2,1.773769551E2
2.377270211E2,2.287934020E-2,6.402526051E-4,1.613687491E-3,9.997367263E-1,1.773779919E2,1.865453484E-1,-6.911751280E-2,1.773778755E2
2.377320211E2,2.288184831E-2,6.391272182E-4,1.615497167E-3,9.997366667E-1,1.773777045E2,1.867498903E-1,-6.898337357E-2,1.773775881E2
2.377370211E2,2.288190050E-2,6.400316488E-4,1.614399487E-3,9.997366667E-1,1.773776985E2,1.866265135E-1,-6.908985501E-2,1.773775820E2
2.377420211E2,2.288748100E-2,6.351716584E-4,1.611031592E-3,9.997365475E-1,1.773770588E2,1.862283192E-1,-6.854087936E-2,1.773769435E2
2.377470211E2,2.289255570E-2,6.325189024E-4,1.613945933E-3,9.997364283E-1,1.773764772E2,1.865555792E-1,-6.822838512E-2,1.773763621E2
2.377520211E2,2.290048518E-2,6.257701316E-4,1.614847453E-3,9.997362494E-1,1.773755683E2,1.866416876E-1,-6.745139113E-2,1.773754545E2
2.377570211E2,2.290007198E-2,6.271902821E-4,1.620147377E-3,9.997362494E-1,1.773756156E2,1.872525553E-1,-6.760025422E-2,1.773755012E2
2.377620211E2,2.289226140E-2,6.327589508E-4,1.618021168E-3,9.997364283E-1,1.773765109E2,1.870230549E-1,-6.824524943E-2,1.773763956E2
2.377670211E2,2.289771830E-2,6.280785892E-4,1.616285299E-3,9.997363091E-1,1.773758854E2,1.868122809E-1,-6.771259486E-2,1.773757711E2
2.377720211E2,2.289775002E-2,6.285645068E-4,1.615646877E-3,9.997363091E-1,1.773758818E2,1.867404196E-1,-6.776993154E-2,1.773757674E2
2.377770211E2,2.287907128E-2,6.417246768E-4,1.616912428E-3,9.997367263E-1,1.773780228E2,1.869186443E-1,-6.927775026E-2,1.773779058E2
2.377820211E2,2.286863048E-2,6.487428909E-4,1.614397625E-3,9.997369647E-1,1.773792195E2,1.866482144E-1,-7.009030964E-2,1.773791014E2
2.377870211E2,2.287952073E-2,6.409949856E-4,1.610830659E-3,9.997367263E-1,1.773779713E2,1.862200238E-1,-6.921001767E-2,1.773778548E2
2.377920211E2,2.287957382E-2,6.405802560E-4,1.610241481E-3,9.997367263E-1,1.773779652E2,1.861514427E-1,-6.916404055E-2,1.773778489E2
2.377970211E2,2.287151073E-2,6.465660990E-4,1.611376530E-3,9.997369051E-1,1.773788894E2,1.862966085E-1,-6.984831377E-2,1.773787719E2
2.378020211E2,2.287428894E-2,6.443993188E-4,1.609788276E-3,9.997368455E-1,1.773785709E2,1.861091690E-1,-6.960372993E-2,1.773784539E2
2.378070211E2,2.287918809E-2,6.408321788E-4,1.615613000E-3,9.997367263E-1,1.773780094E2,1.867674474E-1,-6.917888951E-2,1.773778927E2
2.378120211E2,2.287106140E-2,6.474265829E-4,1.617397415E-3,9.997369051E-1,1.773789409E2,1.869885959E-1,-6.993119533E-2,1.773788228E2
2.378170211E2,2.286341132E-2,6.509963423E-4,1.613591681E-3,9.997370839E-1,1.773798177E2,1.865614229E-1,-7.035155437E-2,1.773796992E2
2.378220211E2,2.287131778E-2,6.460912409E-4,1.614303095E-3,9.997369051E-1,1.773789115E2,1.866306228E-1,-6.978627883E-2,1.773787939E2
2.378270211E2,2.286572738E-2,6.496183341E-4,1.618251088E-3,9.997370243E-1,1.773795523E2,1.870917648E-1,-7.018104630E-2,1.773794337E2
2.378320211E2,2.286065638E-2,6.546599907E-4,1.614212990E-3,9.997371435E-1,1.773801335E2,1.866420060E-1,-7.077015376E-2,1.773800143E2
2.378370211E2,2.286378446E-2,6.514833076E-4,1.608098508E-3,9.997370839E-1,1.773797750E2,1.859334173E-1,-7.042166497E-2,1.773796568E2
2.378420211E2,2.287188843E-2,6.454273243E-4,1.606464619E-3,9.997369051E-1,1.773788461E2,1.857309324E-1,-6.973065806E-2,1.773787291E2
2.378470211E2,2.286637063E-2,6.507182843E-4,1.608691760E-3,9.997370243E-1,1.773794785E2,1.859995586E-1,-7.033198723E-2,1.773793604E2
2.378520211E2,2.286357596E-2,6.515682326E-4,1.611025888E-3,9.997370839E-1,1.773797989E2,1.862689910E-1,-7.042376286E-2,1.773796804E2
2.378570211E2,2.286109599E-2,6.541926996E-4,1.608165214E-3,9.997371435E-1,1.773800831E2,1.859479686E-1,-7.073238216E-2,1.773799644E2
2.378620211E2,2.286141320E-2,6.540988688E-4,1.603687764E-3,9.997371435E-1,1.773800468E2,1.854348004E-1,-7.073330401E-2,1.773799284E2
2.378670211E2,2.286978706E-2,6.485301419E-4,1.598016126E-3,9.997369647E-1,1.773790869E2,1.847710439E-1,-7.010865360E-2,1.773789700E2
2.378720211E2,2.287508373E-2,6.450643996E-4,1.598186209E-3,9.997368455E-1,1.773784798E2,1.847818144E-1,-6.971018838E-2,1.773783635E2
2.378770211E2,2.286681325E-2,6.498434232E-4,1.602742821E-3,9.997370243E-1,1.773794278E2,1.853157758E-1,-7.024726850E-2,1.773793103E2
2.378820211E2,2.287191540E-2,6.467090570E-4,1.605564845E-3,9.997369051E-1,1.773788430E2,1.856312144E-1,-6.987984856E-2,1.773787259E2
2.378870211E2,2.286401728E-2,6.510256208E-4,1.604970661E-3,9.997370839E-1,1.773797483E2,1.855739025E-1,-7.037738380E-2,1.773796304E2
2.378920211E2,2.286114567E-2,6.527962396E-4,1.608026447E-3,9.997371435E-1,1.773800774E2,1.859284159E-1,-7.057275595E-2,1.773799590E2
2.378970211E2,2.286905013E-2,6.480982993E-4,1.608702005E-3,9.997369647E-1,1.773791714E2,1.859940539E-1,-7.003131257E-2,1.773790538E2
2.379020211E2,2.287162090E-2,6.465454935E-4,1.609820290E-3,9.997369051E-1,1.773788767E2,1.861182765E-1,-6.985001158E-2,1.773787594E2
2.379070211E2,2.286363092E-2,6.523091579E-4,1.609945786E-3,9.997370839E-1,1.773797926E2,1.861471980E-1,-7.051146409E-2,1.773796741E2
2.379120211E2,2.286169339E-2,6.530505489E-4,1.600116724E-3,9.997371435E-1,1.773800147E2,1.850229686E-1,-7.062251065E-2,1.773798967E2
2.379170211E2,2.288059358E-2,6.411443464E-4,1.595459296E-3,9.997367263E-1,1.773778483E2,1.844595193E-1,-6.926723320E-2,1.773777329E2
2.379220211E2,2.286982080E-2,6.487178616E-4,1.597456983E-3,9.997369647E-1,1.773790831E2,1.847074819E-1,-7.013161822E-2,1.773789661E2
2.379270211E2,2.285650583E-2,6.562696071E-4,1.598426956E-3,9.997372627E-1,1.773806093E2,1.848374516E-1,-7.099667681E-2,1.773804908E2
2.379320211E2,2.285889304E-2,6.560292095E-4,1.601664815E-3,9.997372031E-1,1.773803356E2,1.852079264E-1,-7.096021338E-2,1.773802170E2
2.379370211E2,2.285123568E-2,6.613710430E-4,1.597115421E-3,9.997373819E-1,1.773812133E2,1.847001857E-1,-7.158551384E-2,1.773810940E2
2.379420211E2,2.284590677E-2,6.641902146E-4,1.597560826E-3,9.997375011E-1,1.773818241E2,1.847582120E-1,-7.190830083E-2,1.773817043E2
2.379470211E2,2.284847464E-2,6.624776288E-4,1.598847564E-3,9.997374415E-1,1.773815298E2,1.849013233E-1,-7.170826070E-2,1.773814102E2
2.379520211E2,2.284845211E-2,6.620542263E-4,1.599344891E-3,9.997374415E-1,1.773815324E2,1.849571875E-1,-7.165845705E-2,1.773814128E2
2.379570211E2,2.282957086E-2,6.745418650E-4,1.602942590E-3,9.997378588E-1,1.773836966E2,1.854006665E-1,-7.308314125E-2,1.773835744E2
2.379620211E2,2.283201380E-2,6.743556005E-4,1.605398953E-3,9.997377992E-1,1.773834166E2,1.856817634E-1,-7.305492243E-2,1.773832942E2
2.379670211E2,2.283500674E-2,6.713635521E-4,1.601196942E-3,9.997377396E-1,1.773830735E2,1.851927614E-1,-7.272258879E-2,1.773829520E2
2.379720211E2,2.284011602E-2,6.674893666E-4,1.604371471E-3,9.997376204E-1,1.773824879E2,1.855466718E-1,-7.226950066E-2,1.773823669E2
2.379770211E2,2.283261394E-2,6.732376642E-4,1.597312512E-3,9.997377992E-1,1.773833478E2,1.847524838E-1,-7.294789702E-2,1.773832262E2
2.379820211E2,2.283006281E-2,6.749510067E-4,1.595747657E-3,9.997378588E-1,1.773836402E2,1.845775078E-1,-7.314874573E-2,1.773835184E2
2.379870211E2,2.283504572E-2,6.708255387E-4,1.600866555E-3,9.997377396E-1,1.773830690E2,1.851535065E-1,-7.266181048E-2,1.773829477E2
2.379920211E2,2.284316456E-2,6.660156650E-4,1.598713105E-3,9.997375607E-1,1.773821385E2,1.848948010E-1,-7.211491761E-2,1.773820182E2
2.379970211E2,2.284667466E-2,6.646575639E-4,1.586345723E-3,9.997375011E-1,1.773817361E2,1.834746679E-1,-7.199106209E-2,1.773816170E2
2.380020211E2,2.285432111E-2,6.592265563E-4,1.591152512E-3,9.997373223E-1,1.773808597E2,1.840116678E-1,-7.135488528E-2,1.773807412E2
2.380070211E2,2.285430638E-2,6.581107154E-4,1.591825858E-3,9.997373223E-1,1.773808614E2,1.840858838E-1,-7.122529207E-2,1.773807431E2
2.380120211E2,2.284912262E-2,6.616411847E-4,1.589908730E-3,9.997374415E-1,1.773814555E2,1.838751300E-1,-7.163572235E-2,1.773813367E2
2.380170211E2,2.284877277E-2,6.619643536E-4,1.594794565E-3,9.997374415E-1,1.773814956E2,1.844356814E-1,-7.166001635E-2,1.773813764E2
2.380220211E2,2.284896321E-2,6.622318178E-4,1.591952518E-3,9.997374415E-1,1.773814738E2,1.841108053E-1,-7.169806400E-2,1.773813547E2
2.380270211E2,2.285483817E-2,6.586047821E-4,1.583967009E-3,9.997373223E-1,1.773808004E2,1.831868917E-1,-7.130237822E-2,1.773806826E2
2.380320211E2,2.285997197E-2,6.542918272E-4,1.586908707E-3,9.997372031E-1,1.773802120E2,1.835129646E-1,-7.079963272E-2,1.773800947E2
2.380370211E2,2.285400193E-2,6.580220070E-4,1.596227521E-3,9.997373223E-1,1.773808963E2,1.845898924E-1,-7.120365761E-2,1.773807777E2
2.380420211E2,2.284896605E-2,6.619468331E-4,1.592030283E-3,9.997374415E-1,1.773814735E2,1.841189682E-1,-7.166521158E-2,1.773813544E2
2.380470211E2,2.285988249E-2,6.557118613E-4,1.587611390E-3,9.997372031E-1,1.773802222E2,1.835971793E-1,-7.096048956E-2,1.773801047E2
2.380520211E2,2.286480773E-2,6.507267826E-4,1.593792229E-3,9.997370839E-1,1.773796577E2,1.842925537E-1,-7.037229187E-2,1.773795406E2
2.380570211E2,2.285396335E-2,6.596259191E-4,1.596117858E-3,9.997373223E-1,1.773809007E2,1.845815275E-1,-7.138769851E-2,1.773807818E2
2.380620211E2,2.284366076E-2,6.661832449E-4,1.591537148E-3,9.997375607E-1,1.773820816E2,1.840731845E-1,-7.215280937E-2,1.773819618E2
2.380670211E2,2.285455610E-2,6.579128094E-4,1.588318497E-3,9.997373223E-1,1.773808327E2,1.836835736E-1,-7.121175967E-2,1.773807147E2
2.380720211E2,2.285694999E-2,6.565134390E-4,1.591962529E-3,9.997372627E-1,1.773805583E2,1.840975453E-1,-7.104146094E-2,1.773804403E2
2.380770211E2,2.285147458E-2,6.612437428E-4,1.593746478E-3,9.997373819E-1,1.773811859E2,1.843139171E-1,-7.157970829E-2,1.773810669E2
2.380820211E2,2.285418210E-2,6.586535019E-4,1.593385008E-3,9.997373223E-1,1.773808756E2,1.842659158E-1,-7.128341394E-2,1.773807571E2
2.380870211E2,2.285375797E-2,6.580411573E-4,1.599708688E-3,9.997373223E-1,1.773809242E2,1.849887342E-1,-7.119677947E-2,1.773808054E2
2.380920211E2,2.284521352E-2,6.645611138E-4,1.607290702E-3,9.997375011E-1,1.773819036E2,1.858738060E-1,-7.192544698E-2,1.773817830E2
2.380970211E2,2.284027036E-2,6.684511900E-4,1.601771684E-3,9.997376204E-1,1.773824702E2,1.852513642E-1,-7.238646473E-2,1.773823492E2
2.381020211E2,2.284057814E-2,6.671673036E-4,1.597913448E-3,9.997376204E-1,1.773824349E2,1.848060189E-1,-7.224942250E-2,1.773823145E2
2.381070211E2,2.284007524E-2,6.673758617E-4,1.604999066E-3,9.997376204E-1,1.773824926E2,1.856182702E-1,-7.225486226E-2,1.773823716E2
2.381120211E2,2.283501665E-2,6.712417235E-4,1.601106720E-3,9.997377396E-1,1.773830724E2,1.851821073E-1,-7.270886617E-2,1.773829509E2
2.381170211E2,2.283258205E-2,6.734352210E-4,1.597685041E-3,9.997377992E-1,1.773833514E2,1.847956760E-1,-7.296956059E-2,1.773832298E2
2.381220211E2,2.283515994E-2,6.721214158E-4,1.598692266E-3,9.997377396E-1,1.773830560E2,1.849078155E-1,-7.281593679E-2,1.773829345E2
2.381270211E2,2.283248908E-2,6.736599025E-4,1.598918461E-3,9.997377992E-1,1.773833621E2,1.849375602E-1,-7.299209036E-2,1.773832404E2
2.381320211E2,2.283239266E-2,6.737456424E-4,1.600258634E-3,9.997377992E-1,1.773833731E2,1.850913103E-1,-7.299842409E-2,1.773832513E2
2.381370211E2,2.282998520E-2,6.755497889E-4,1.596604357E-3,9.997378588E-1,1.773836491E2,1.846772141E-1,-7.321511614E-2,1.773835272E2
2.381420211E2,2.283516075E-2,6.722295075E-4,1.598635223E-3,9.997377396E-1,1.773830559E2,1.849015634E-1,-7.282846906E-2,1.773829344E2
2.381470211E2,2.283253865E-2,6.736252690E-4,1.598224975E-3,9.997377992E-1,1.773833564E2,1.848580261E-1,-7.298992805E-2,1.773832347E2
2.381520211E2,2.283808884E-2,6.693493342E-4,1.595287118E-3,9.997376800E-1,1.773827202E2,1.845106730E-1,-7.250673301E-2,1.773825996E2
2.381570211E2,2.284332754E-2,6.663858076E-4,1.596228220E-3,9.997375607E-1,1.773821198E2,1.846111087E-1,-7.216379643E-2,1.773819996E2
2.381620211E2,2.283801005E-2,6.699170917E-4,1.596176531E-3,9.997376800E-1,1.773827293E2,1.846140461E-1,-7.256946298E-2,1.773826084E2
2.381670211E2,2.283275861E-2,6.728968583E-4,1.595386886E-3,9.997377992E-1,1.773833312E2,1.845309992E-1,-7.291386557E-2,1.773832099E2
2.381720211E2,2.283299303E-2,6.740926765E-4,1.591522479E-3,9.997377992E-1,1.773833043E2,1.840914318E-1,-7.306092867E-2,1.773831830E2
2.381770211E2,2.284104943E-2,6.680820370E-4,1.590778702E-3,9.997376204E-1,1.773823809E2,1.839910776E-1,-7.237280394E-2,1.773822608E2
2.381820211E2,2.284612915E-2,6.650952855E-4,1.594000147E-3,9.997375011E-1,1.773817986E2,1.843526797E-1,-7.202126823E-2,1.773816789E2
2.381870211E2,2.283042821E-2,6.744778948E-4,1.590711996E-3,9.997378588E-1,1.773835983E2,1.839994017E-1,-7.310765263E-2,1.773834770E2
2.381920211E2,2.283087724E-2,6.746210274E-4,1.584193320E-3,9.997378588E-1,1.773835468E2,1.832530172E-1,-7.314102263E-2,1.773834260E2
2.381970211E2,2.283601328E-2,6.712719332E-4,1.586816041E-3,9.997377396E-1,1.773829581E2,1.835450916E-1,-7.274954028E-2,1.773828377E2
2.382020211E2,2.284087052E-2,6.669561262E-4,1.593817142E-3,9.997376204E-1,1.773824014E2,1.843362067E-1,-7.223589771E-2,1.773822813E2
2.382070211E2,2.284378504E-2,6.666401168E-4,1.589560765E-3,9.997375607E-1,1.773820673E2,1.838479715E-1,-7.221030026E-2,1.773819476E2
2.382120211E2,2.283327454E-2,6.726436550E-4,1.588093117E-3,9.997377992E-1,1.773832721E2,1.836947862E-1,-7.290384804E-2,1.773831513E2
2.382170211E2,2.283841967E-2,6.692209281E-4,1.590597909E-3,9.997376800E-1,1.773826823E2,1.839731562E-1,-7.250423421E-2,1.773825620E2
2.382220211E2,2.284099572E-2,6.682290696E-4,1.591487904E-3,9.997376204E-1,1.773823871E2,1.840727061E-1,-7.238780176E-2,1.773822669E2
2.382270211E2,2.284937046E-2,6.626546383E-4,1.585919876E-3,9.997374415E-1,1.773814271E2,1.834208311E-1,-7.176222423E-2,1.773813084E2
2.382320211E2,2.284683833E-2,6.632110453E-4,1.584592974E-3,9.997375011E-1,1.773817174E2,1.832700939E-1,-7.182990569E-2,1.773815986E2
2.382370211E2,2.284132525E-2,6.669543800E-4,1.587287639E-3,9.997376204E-1,1.773823493E2,1.835882029E-1,-7.225270509E-2,1.773822296E2
2.382420211E2,2.283835434E-2,6.703416002E-4,1.591064036E-3,9.997376800E-1,1.773826898E2,1.840294852E-1,-7.263141221E-2,1.773825693E2
2.382470211E2,2.282249085E-2,6.807759055E-4,1.589546795E-3,9.997380376E-1,1.773845081E2,1.838818069E-1,-7.383367101E-2,1.773843857E2
2.382520211E2,2.283072179E-2,6.755242939E-4,1.586047583E-3,9.997378588E-1,1.773835647E2,1.834677972E-1,-7.323967937E-2,1.773834435E2
2.382570211E2,2.283588171E-2,6.715943455E-4,1.588572050E-3,9.997377396E-1,1.773829732E2,1.837470975E-1,-7.278190514E-2,1.773828526E2
2.382620211E2,2.283013909E-2,6.759532262E-4,1.594231464E-3,9.997378588E-1,1.773836315E2,1.844064378E-1,-7.326751424E-2,1.773835096E2
2.382670211E2,2.282777532E-2,6.773755886E-4,1.590093016E-3,9.997379184E-1,1.773839024E2,1.839358772E-1,-7.344172448E-2,1.773837806E2
2.382720211E2,2.283618113E-2,6.717393408E-4,1.584200421E-3,9.997377396E-1,1.773829389E2,1.832466768E-1,-7.280990135E-2,1.773828186E2
2.382770211E2,2.283570568E-2,6.712295581E-4,1.591254375E-3,9.997377396E-1,1.773829934E2,1.840534223E-1,-7.273312749E-2,1.773828727E2
2.382820211E2,2.282497822E-2,6.780988188E-4,1.592461136E-3,9.997379780E-1,1.773842230E2,1.842088601E-1,-7.351889926E-2,1.773841009E2
2.382870211E2,2.283310820E-2,6.740371464E-4,1.589892898E-3,9.997377992E-1,1.773832911E2,1.839046069E-1,-7.305880982E-2,1.773831700E2
2.382920211E2,2.283023361E-2,6.760308752E-4,1.592844375E-3,9.997378588E-1,1.773836206E2,1.842477403E-1,-7.328002141E-2,1.773834989E2
2.382970211E2,2.283278107E-2,6.735281786E-4,1.594798989E-3,9.997377992E-1,1.773833286E2,1.844653022E-1,-7.298772473E-2,1.773832072E2
2.383020211E2,2.283795789E-2,6.697473582E-4,1.596993883E-3,9.997376800E-1,1.773827353E2,1.847072355E-1,-7.254788853E-2,1.773826144E2
2.383070211E2,2.283021441E-2,6.749149179E-4,1.593592577E-3,9.997378588E-1,1.773836228E2,1.843305344E-1,-7.315022164E-2,1.773835012E2
2.383120211E2,2.282714882E-2,6.778874085E-4,1.598844770E-3,9.997379184E-1,1.773839742E2,1.849397880E-1,-7.347758071E-2,1.773838517E2
2.383170211E2,2.283475041E-2,6.716981297E-4,1.604708377E-3,9.997377396E-1,1.773831029E2,1.855958950E-1,-7.275177729E-2,1.773829811E2
2.383220211E2,2.283794091E-2,6.702231476E-4,1.597037073E-3,9.997376800E-1,1.773827372E2,1.847134275E-1,-7.260228580E-2,1.773826162E2
2.383270211E2,2.283794271E-2,6.704362459E-4,1.596921938E-3,9.997376800E-1,1.773827370E2,1.847007953E-1,-7.262699966E-2,1.773826160E2
2.383320211E2,2.283998989E-2,6.680853548E-4,1.605918282E-3,9.997376204E-1,1.773825023E2,1.857254283E-1,-7.233375279E-2,1.773823811E2
2.383370211E2,2.282920366E-2,6.752223126E-4,1.607878250E-3,9.997378588E-1,1.773837387E2,1.859678587E-1,-7.314825001E-2,1.773836160E2
2.383420211E2,2.281926875E-2,6.831985665E-4,1.597259659E-3,9.997380972E-1,1.773848774E2,1.847715055E-1,-7.409163823E-2,1.773847540E2
2.383470211E2,2.282451706E-2,6.793312496E-4,1.598534058E-3,9.997379780E-1,1.773842759E2,1.849077756E-1,-7.364428897E-2,1.773841531E2
2.383520211E2,2.282972552E-2,6.754830247E-4,1.600341522E-3,9.997378588E-1,1.773836789E2,1.851051571E-1,-7.319773826E-2,1.773835567E2
2.383570211E2,2.282179267E-2,6.810824270E-4,1.599409035E-3,9.997380376E-1,1.773845881E2,1.850123943E-1,-7.384312218E-2,1.773844650E2
2.383620211E2,2.282158626E-2,6.814098451E-4,1.602212316E-3,9.997380376E-1,1.773846118E2,1.853343847E-1,-7.387333853E-2,1.773844883E2
2.383670211E2,2.283439991E-2,6.717920769E-4,1.609648927E-3,9.997377396E-1,1.773831431E2,1.861621141E-1,-7.274967688E-2,1.773830209E2
2.383720211E2,2.283207793E-2,6.729284069E-4,1.605085679E-3,9.997377992E-1,1.773834092E2,1.856421443E-1,-7.289222867E-2,1.773832872E2
2.383770211E2,2.282511915E-2,6.779024843E-4,1.590523636E-3,9.997379780E-1,1.773842068E2,1.839863931E-1,-7.350144881E-2,1.773840849E2
2.383820211E2,2.282762723E-2,6.762251724E-4,1.592706540E-3,9.997379184E-1,1.773839194E2,1.842322669E-1,-7.330312132E-2,1.773837976E2
2.383870211E2,2.282165064E-2,6.800004630E-4,1.601894153E-3,9.997380376E-1,1.773846044E2,1.852942538E-1,-7.371269764E-2,1.773844813E2
2.383920211E2,2.281917077E-2,6.825089222E-4,1.598953386E-3,9.997380972E-1,1.773848887E2,1.849637312E-1,-7.400822047E-2,1.773847652E2
2.383970211E2,2.282495870E-2,6.793279899E-4,1.592217013E-3,9.997379780E-1,1.773842252E2,1.841841068E-1,-7.366035718E-2,1.773841029E2
2.384020211E2,2.283244510E-2,6.732282927E-4,1.599728130E-3,9.997377992E-1,1.773833671E2,1.850291847E-1,-7.294053408E-2,1.773832454E2
2.384070211E2,2.284314943E-2,6.667379639E-4,1.598628238E-3,9.997375607E-1,1.773821402E2,1.848869684E-1,-7.219789023E-2,1.773820198E2
2.384120211E2,2.283264113E-2,6.726399879E-4,1.597175607E-3,9.997377992E-1,1.773833447E2,1.847352377E-1,-7.287977950E-2,1.773832232E2
2.384170211E2,2.282991263E-2,6.759839016E-4,1.597458147E-3,9.997378588E-1,1.773836574E2,1.847761564E-1,-7.326262846E-2,1.773835353E2
2.384220211E2,2.283496277E-2,6.718034274E-4,1.601639437E-3,9.997377396E-1,1.773830786E2,1.852446024E-1,-7.277183180E-2,1.773829570E2
2.384270211E2,2.283193550E-2,6.736601936E-4,1.606803853E-3,9.997377992E-1,1.773834255E2,1.858408860E-1,-7.297159419E-2,1.773833032E2
2.384320211E2,2.282163296E-2,6.806289894E-4,1.601879019E-3,9.997380376E-1,1.773846064E2,1.852941627E-1,-7.378474547E-2,1.773844832E2
2.384370211E2,2.282965716E-2,6.748221931E-4,1.601594966E-3,9.997378588E-1,1.773836867E2,1.852470200E-1,-7.311876574E-2,1.773835645E2
2.384420211E2,2.283225703E-2,6.730729365E-4,1.602475299E-3,9.997377992E-1,1.773833887E2,1.853434853E-1,-7.291558304E-2,1.773832668E2
2.384470211E2,2.282668933E-2,6.766074803E-4,1.605931437E-3,9.997379184E-1,1.773840269E2,1.857482678E-1,-7.331249731E-2,1.773839041E2
2.384520211E2,2.282425897E-2,6.786049344E-4,1.602522680E-3,9.997379780E-1,1.773843054E2,1.853628008E-1,-7.355069627E-2,1.773841825E2
2.384570211E2,2.283218510E-2,6.736676442E-4,1.603250159E-3,9.997377992E-1,1.773833969E2,1.854338058E-1,-7.298169959E-2,1.773832749E2
2.384620211E2,2.282932950E-2,6.746876752E-4,1.606315142E-3,9.997378588E-1,1.773837242E2,1.857873964E-1,-7.309106707E-2,1.773836018E2
2.384670211E2,2.283220986E-2,6.729642046E-4,1.603192883E-3,9.997377992E-1,1.773833941E2,1.854254052E-1,-7.290125773E-2,1.773832722E2
2.384720211E2,2.283541052E-2,6.712829345E-4,1.595461974E-3,9.997377396E-1,1.773830272E2,1.845355710E-1,-7.272828598E-2,1.773829062E2
2.384770211E2,2.284083801E-2,6.678696373E-4,1.593900495E-3,9.997376204E-1,1.773824051E2,1.843481448E-1,-7.234033875E-2,1.773822848E2
2.384820211E2,2.284046171E-2,6.684761029E-4,1.599030336E-3,9.997376204E-1,1.773824483E2,1.849373893E-1,-7.239645867E-2,1.773823275E2
2.384870211E2,2.283499713E-2,6.718561053E-4,1.601127442E-3,9.997377396E-1,1.773830746E2,1.851860877E-1,-7.277920009E-2,1.773829531E2
2.384920211E2,2.283534891E-2,6.720495294E-4,1.596021000E-3,9.997377396E-1,1.773830343E2,1.846016159E-1,-7.281465675E-2,1.773829131E2
2.384970211E2,2.283802427E-2,6.700744852E-4,1.595907030E-3,9.997376800E-1,1.773827276E2,1.845835845E-1,-7.258819693E-2,1.773826068E2
2.385020211E2,2.284358604E-2,6.660501240E-4,1.592664979E-3,9.997375607E-1,1.773820901E2,1.842020371E-1,-7.213462014E-2,1.773819703E2
2.385070211E2,2.284107985E-2,6.685804692E-4,1.590132364E-3,9.997376204E-1,1.773823774E2,1.839183389E-1,-7.243159130E-2,1.773822573E2
2.385120211E2,2.282554561E-2,6.782444543E-4,1.584245358E-3,9.997379780E-1,1.773841580E2,1.832680674E-1,-7.355696930E-2,1.773840364E2
2.385170211E2,2.282559406E-2,6.778294337E-4,1.583724865E-3,9.997379780E-1,1.773841524E2,1.832073567E-1,-7.351077648E-2,1.773840310E2
2.385220211E2,2.283640061E-2,6.705453852E-4,1.581540215E-3,9.997377396E-1,1.773829137E2,1.829388097E-1,-7.268004145E-2,1.773827939E2
2.385270211E2,2.284152583E-2,6.681858213E-4,1.583879697E-3,9.997376204E-1,1.773823263E2,1.832010209E-1,-7.240266458E-2,1.773822067E2
2.385320211E2,2.283620231E-2,6.706276909E-4,1.584366080E-3,9.997377396E-1,1.773829365E2,1.832627472E-1,-7.268211162E-2,1.773828164E2
2.385370211E2,2.284682111E-2,6.637530751E-4,1.584614394E-3,9.997375011E-1,1.773817193E2,1.832739659E-1,-7.189194852E-2,1.773816005E2
2.385420211E2,2.284134213E-2,6.672855816E-4,1.586905564E-3,9.997376204E-1,1.773823473E2,1.835452999E-1,-7.229164505E-2,1.773822277E2
2.385470211E2,2.283381306E-2,6.726860302E-4,1.580313314E-3,9.997377992E-1,1.773832103E2,1.828036674E-1,-7.292896096E-2,1.773830901E2
2.385520211E2,2.285000284E-2,6.615815801E-4,1.577232848E-3,9.997374415E-1,1.773813546E2,1.824228645E-1,-7.166192436E-2,1.773812367E2
2.385570211E2,2.285789907E-2,6.563753122E-4,1.578334253E-3,9.997372627E-1,1.773804496E2,1.825359707E-1,-7.106116066E-2,1.773803325E2
2.385620211E2,2.284158560E-2,6.675980403E-4,1.583265490E-3,9.997376204E-1,1.773823194E2,1.831291218E-1,-7.233692427E-2,1.773822000E2
2.385670211E2,2.283923148E-2,6.694676704E-4,1.578793861E-3,9.997376800E-1,1.773825893E2,1.826215671E-1,-7.256324681E-2,1.773824698E2
2.385720211E2,2.286043675E-2,6.538433372E-4,1.580384793E-3,9.997372031E-1,1.773801587E2,1.827644310E-1,-7.076525864E-2,1.773800420E2
2.385770211E2,2.286021486E-2,6.549094687E-4,1.583150588E-3,9.997372031E-1,1.773801841E2,1.830840630E-1,-7.088019123E-2,1.773800670E2
2.385820211E2,2.284433058E-2,6.665955880E-4,1.581720077E-3,9.997375607E-1,1.773820048E2,1.829496504E-1,-7.222562471E-2,1.773818856E2
2.385870211E2,2.285000267E-2,6.622459623E-4,1.576956478E-3,9.997374415E-1,1.773813547E2,1.823929429E-1,-7.173876071E-2,1.773812366E2
2.385920211E2,2.285764996E-2,6.565435906E-4,1.581868040E-3,9.997372627E-1,1.773804781E2,1.829412310E-1,-7.107122791E-2,1.773803608E2
2.385970211E2,2.285246431E-2,6.608810509E-4,1.579643227E-3,9.997373819E-1,1.773810725E2,1.826973437E-1,-7.157490918E-2,1.773809545E2
2.386020211E2,2.286055675E-2,6.546756485E-4,1.578303054E-3,9.997372031E-1,1.773801449E2,1.825281323E-1,-7.086604115E-2,1.773800282E2
2.386070211E2,2.286044252E-2,6.539091701E-4,1.580274082E-3,9.997372031E-1,1.773801580E2,1.827519206E-1,-7.077308953E-2,1.773800413E2
2.386120211E2,2.285210676E-2,6.600274355E-4,1.585163060E-3,9.997373819E-1,1.773811135E2,1.833274446E-1,-7.146272784E-2,1.773809953E2
2.386170211E2,2.285213219E-2,6.605227245E-4,1.584590063E-3,9.997373819E-1,1.773811106E2,1.832631001E-1,-7.152096478E-2,1.773809923E2
2.386220211E2,2.286571227E-2,6.506119971E-4,1.580809243E-3,9.997370839E-1,1.773795540E2,1.828049622E-1,-7.039299494E-2,1.773794379E2
2.386270211E2,2.286022135E-2,6.551294937E-4,1.582965720E-3,9.997372031E-1,1.773801834E2,1.830634612E-1,-7.090588073E-2,1.773800663E2
2.386320211E2,2.285999154E-2,6.542388583E-4,1.586648636E-3,9.997372031E-1,1.773802097E2,1.834830329E-1,-7.079424223E-2,1.773800925E2
2.386370211E2,2.285765153E-2,6.561274058E-4,1.582017983E-3,9.997372627E-1,1.773804779E2,1.829573186E-1,-7.102315611E-2,1.773803607E2
2.386420211E2,2.285270008E-2,6.602958892E-4,1.576473820E-3,9.997373819E-1,1.773810455E2,1.823327348E-1,-7.151612930E-2,1.773809279E2
2.386470211E2,2.285277199E-2,6.592955906E-4,1.575850067E-3,9.997373819E-1,1.773810372E2,1.822586618E-1,-7.140315399E-2,1.773809198E2
2.386520211E2,2.286048944E-2,6.555219297E-4,1.578926574E-3,9.997372031E-1,1.773801527E2,1.826017764E-1,-7.096137121E-2,1.773800357E2
2.386570211E2,2.285528152E-2,6.585306837E-4,1.577587798E-3,9.997373223E-1,1.773807496E2,1.824559152E-1,-7.131051624E-2,1.773806322E2
2.386620211E2,2.284498934E-2,6.657014601E-4,1.572555630E-3,9.997375607E-1,1.773819293E2,1.818974609E-1,-7.214706371E-2,1.773818110E2
2.386670211E2,2.284488480E-2,6.651186850E-4,1.574319904E-3,9.997375607E-1,1.773819413E2,1.820980461E-1,-7.207570034E-2,1.773818229E2
2.386720211E2,2.284207377E-2,6.665385445E-4,1.576655312E-3,9.997376204E-1,1.773822635E2,1.823691091E-1,-7.223276040E-2,1.773821447E2
2.386770211E2,2.283671752E-2,6.705101114E-4,1.576972660E-3,9.997377396E-1,1.773828774E2,1.824154727E-1,-7.268789581E-2,1.773827579E2
2.386820211E2,2.283406698E-2,6.732430193E-4,1.576402341E-3,9.997377992E-1,1.773831812E2,1.823570951E-1,-7.300295797E-2,1.773830612E2
2.386870211E2,2.283966069E-2,6.686739507E-4,1.572910114E-3,9.997376800E-1,1.773825401E2,1.819454675E-1,-7.248763852E-2,1.773824212E2
2.386920211E2,2.283710359E-2,6.713775219E-4,1.571001369E-3,9.997377396E-1,1.773828332E2,1.817336887E-1,-7.280282450E-2,1.773827139E2
2.386970211E2,2.283200085E-2,6.739209057E-4,1.568217180E-3,9.997378588E-1,1.773834181E2,1.814210104E-1,-7.310241086E-2,1.773832985E2
2.387020211E2,2.284298052E-2,6.672407035E-4,1.563163591E-3,9.997376204E-1,1.773821596E2,1.808253761E-1,-7.234835315E-2,1.773820416E2
2.387070211E2,2.284777390E-2,6.636049366E-4,1.570879365E-3,9.997375011E-1,1.773816101E2,1.817001361E-1,-7.191076509E-2,1.773814923E2
2.387120211E2,2.285046742E-2,6.625166279E-4,1.570093562E-3,9.997374415E-1,1.773813014E2,1.816074567E-1,-7.178765496E-2,1.773811838E2
2.387170211E2,2.285115606E-2,6.617404288E-4,1.560368459E-3,9.997374415E-1,1.773812225E2,1.804913476E-1,-7.172407416E-2,1.773811057E2
2.387220211E2,2.285071783E-2,6.616641767E-4,1.566805295E-3,9.997374415E-1,1.773812727E2,1.812285323E-1,-7.169856210E-2,1.773811555E2
2.387270211E2,2.285580279E-2,6.580863264E-4,1.570204040E-3,9.997373223E-1,1.773806898E2,1.816088915E-1,-7.127885443E-2,1.773805731E2
2.387320211E2,2.284269313E-2,6.675969344E-4,1.567205880E-3,9.997376204E-1,1.773821925E2,1.812893801E-1,-7.237863398E-2,1.773820742E2
2.387370211E2,2.284270222E-2,6.663926179E-4,1.567585976E-3,9.997376204E-1,1.773821914E2,1.813297725E-1,-7.223966901E-2,1.773820733E2
2.387420211E2,2.285024011E-2,6.620596396E-4,1.573590678E-3,9.997374415E-1,1.773813274E2,1.820068797E-1,-7.172618555E-2,1.773812097E2
2.387470211E2,2.283953701E-2,6.697757635E-4,1.574236667E-3,9.997376800E-1,1.773825542E2,1.821003150E-1,-7.261041436E-2,1.773824350E2
2.387520211E2,2.283935713E-2,6.700304803E-4,1.576735987E-3,9.997376800E-1,1.773825749E2,1.823872955E-1,-7.263308634E-2,1.773824554E2
2.387570211E2,2.284761976E-2,6.645324756E-4,1.572728041E-3,9.997375011E-1,1.773816278E2,1.819143415E-1,-7.201221307E-2,1.773815097E2
2.387620211E2,2.284471001E-2,6.647800328E-4,1.576996990E-3,9.997375607E-1,1.773819613E2,1.824038389E-1,-7.202992723E-2,1.773818428E2
2.387670211E2,2.284735799E-2,6.641069776E-4,1.576705603E-3,9.997375011E-1,1.773816578E2,1.823688854E-1,-7.195310080E-2,1.773815395E2
2.387720211E2,2.284210514E-2,6.670350558E-4,1.575990696E-3,9.997376204E-1,1.773822599E2,1.822942716E-1,-7.229137549E-2,1.773821411E2
2.387770211E2,2.283924287E-2,6.685782573E-4,1.579005970E-3,9.997376800E-1,1.773825880E2,1.826435394E-1,-7.246079705E-2,1.773824686E2
2.387820211E2,2.283933149E-2,6.685021217E-4,1.577755902E-3,9.997376800E-1,1.773825778E2,1.825001364E-1,-7.245533047E-2,1.773824586E2
2.387870211E2,2.284702595E-2,6.646002876E-4,1.581302378E-3,9.997375011E-1,1.773816959E2,1.828967683E-1,-7.199764043E-2,1.773815771E2
2.387920211E2,2.284156712E-2,6.671110750E-4,1.583737321E-3,9.997376204E-1,1.773823216E2,1.831818995E-1,-7.227990511E-2,1.773822021E2
2.387970211E2,2.284669082E-2,6.633843295E-4,1.586645958E-3,9.997375011E-1,1.773817343E2,1.835057307E-1,-7.184440940E-2,1.773816153E2
2.388020211E2,2.284644770E-2,6.644909736E-4,1.589680673E-3,9.997375011E-1,1.773817621E2,1.838562734E-1,-7.196328756E-2,1.773816428E2
2.388070211E2,2.284124950E-2,6.679406506E-4,1.587962848E-3,9.997376204E-1,1.773823580E2,1.836681325E-1,-7.236394028E-2,1.773822381E2
2.388120211E2,2.284423457E-2,6.652690936E-4,1.583663980E-3,9.997375607E-1,1.773820158E2,1.831688677E-1,-7.206858815E-2,1.773818967E2
2.388170211E2,2.285755042E-2,6.562314229E-4,1.583435107E-3,9.997372627E-1,1.773804895E2,1.831199321E-1,-7.103137895E-2,1.773803722E2
2.388220211E2,2.285452763E-2,6.584613002E-4,1.588500920E-3,9.997373223E-1,1.773808360E2,1.837059069E-1,-7.127412305E-2,1.773807179E2
2.388270211E2,2.284147295E-2,6.683672545E-4,1.584565616E-3,9.997376204E-1,1.773823323E2,1.832800722E-1,-7.242166411E-2,1.773822126E2
2.388320211E2,2.284968906E-2,6.614626036E-4,1.581821940E-3,9.997374415E-1,1.773813906E2,1.829482653E-1,-7.163633494E-2,1.773812724E2
2.388370211E2,2.285712410E-2,6.569257239E-4,1.589290332E-3,9.997372627E-1,1.773805384E2,1.837925059E-1,-7.109566028E-2,1.773804205E2
2.388420211E2,2.284940836E-2,6.617704639E-4,1.585743041E-3,9.997374415E-1,1.773814228E2,1.833982599E-1,-7.166138796E-2,1.773813042E2
2.388470211E2,2.284459374E-2,6.647849805E-4,1.578678377E-3,9.997375607E-1,1.773819746E2,1.825964662E-1,-7.202611352E-2,1.773818560E2
2.388520211E2,2.285241694E-2,6.596390740E-4,1.580847194E-3,9.997373819E-1,1.773810779E2,1.828320162E-1,-7.142948214E-2,1.773809601E2
2.388570211E2,2.284963571E-2,6.611900753E-4,1.582706231E-3,9.997374415E-1,1.773813967E2,1.830488537E-1,-7.160280794E-2,1.773812785E2
2.388620211E2,2.285224577E-2,6.607727846E-4,1.582846860E-3,9.997373819E-1,1.773810976E2,1.830640586E-1,-7.155415631E-2,1.773809794E2
2.388670211E2,2.286577456E-2,6.515152054E-4,1.579535776E-3,9.997370839E-1,1.773795469E2,1.826614429E-1,-7.049979334E-2,1.773794307E2
2.388720211E2,2.286561183E-2,6.511678221E-4,1.582032652E-3,9.997370839E-1,1.773795655E2,1.829465676E-1,-7.045348370E-2,1.773794492E2
2.388770211E2,2.286815003E-2,6.501443568E-4,1.583431615E-3,9.997370243E-1,1.773792746E2,1.831043319E-1,-7.033210339E-2,1.773791584E2
2.388820211E2,2.286601925E-2,6.512968102E-4,1.576079754E-3,9.997370839E-1,1.773795188E2,1.822649597E-1,-7.048378502E-2,1.773794029E2
2.388870211E2,2.286837166E-2,6.489690277E-4,1.580710639E-3,9.997370243E-1,1.773792492E2,1.827895473E-1,-7.020454608E-2,1.773791334E2
2.388920211E2,2.287371817E-2,6.459721480E-4,1.579975360E-3,9.997369051E-1,1.773786364E2,1.826978316E-1,-6.986216902E-2,1.773785212E2
2.388970211E2,2.286581762E-2,6.503832992E-4,1.579378848E-3,9.997370839E-1,1.773795419E2,1.826405017E-1,-7.037052384E-2,1.773794259E2
2.389020211E2,2.286303445E-2,6.531309919E-4,1.580806449E-3,9.997371435E-1,1.773798609E2,1.828110540E-1,-7.068207166E-2,1.773797443E2
2.389070211E2,2.286556546E-2,6.506009959E-4,1.582935802E-3,9.997370839E-1,1.773795708E2,1.830485455E-1,-7.038618920E-2,1.773794546E2
2.389120211E2,2.286754209E-2,6.495878915E-4,1.592414337E-3,9.997370243E-1,1.773793443E2,1.841319076E-1,-7.024492561E-2,1.773792275E2
2.389170211E2,2.285719407E-2,6.559582544E-4,1.588683575E-3,9.997372627E-1,1.773805304E2,1.837204654E-1,-7.098640198E-2,1.773804127E2
2.389220211E2,2.286567674E-2,6.518586306E-4,1.580809592E-3,9.997370839E-1,1.773795581E2,1.828082666E-1,-7.053581668E-2,1.773794417E2
2.389270211E2,2.287896992E-2,6.415159442E-4,1.581181074E-3,9.997367859E-1,1.773780344E2,1.828246427E-1,-6.934753898E-2,1.773779199E2
2.389320211E2,2.287093095E-2,6.477886927E-4,1.581864315E-3,9.997369647E-1,1.773789558E2,1.829188003E-1,-7.006583355E-2,1.773788402E2
2.389370211E2,2.287073612E-2,6.481916644E-4,1.584513811E-3,9.997369647E-1,1.773789782E2,1.832233739E-1,-7.010509012E-2,1.773788622E2
2.389420211E2,2.287923665E-2,6.417992990E-4,1.577201649E-3,9.997367859E-1,1.773780038E2,1.823695142E-1,-6.939038534E-2,1.773778896E2
2.389470211E2,2.287655508E-2,6.436348194E-4,1.577569288E-3,9.997368455E-1,1.773783112E2,1.824162579E-1,-6.960019056E-2,1.773781966E2
2.389520211E2,2.287114590E-2,6.465334445E-4,1.579267788E-3,9.997369647E-1,1.773789312E2,1.826180623E-1,-6.992879655E-2,1.773788159E2
2.389570211E2,2.286320005E-2,6.537119043E-4,1.578169060E-3,9.997371435E-1,1.773798420E2,1.825104438E-1,-7.075550166E-2,1.773797254E2
2.389620211E2,2.286031779E-2,6.555289146E-4,1.581406919E-3,9.997372031E-1,1.773801723E2,1.828859354E-1,-7.095570495E-2,1.773800552E2
2.389670211E2,2.286033456E-2,6.551760016E-4,1.581310760E-3,9.997372031E-1,1.773801704E2,1.828739958E-1,-7.091552355E-2,1.773800534E2
2.389720211E2,2.286833550E-2,6.494596601E-4,1.581032178E-3,9.997370243E-1,1.773792533E2,1.828276667E-1,-7.025991762E-2,1.773791374E2
2.389770211E2,2.285533264E-2,6.582221249E-4,1.576975919E-3,9.997373223E-1,1.773807437E2,1.823850126E-1,-7.127676055E-2,1.773806265E2
2.389820211E2,2.285537892E-2,6.576831220E-4,1.576529932E-3,9.997373223E-1,1.773807384E2,1.823325109E-1,-7.121617123E-2,1.773806213E2
2.389870211E2,2.285807572E-2,6.560842157E-4,1.575895119E-3,9.997372627E-1,1.773804293E2,1.822557891E-1,-7.103416918E-2,1.773803125E2
2.389920211E2,2.284189993E-2,6.677028723E-4,1.578679774E-3,9.997376204E-1,1.773822834E2,1.826040708E-1,-7.236088003E-2,1.773821643E2
2.389970211E2,2.283960091E-2,6.690588198E-4,1.573614310E-3,9.997376800E-1,1.773825469E2,1.820271447E-1,-7.252989746E-2,1.773824279E2
2.390020211E2,2.285516542E-2,6.585179945E-4,1.579274191E-3,9.997373223E-1,1.773807629E2,1.826490698E-1,-7.130466684E-2,1.773806454E2
2.390070211E2,2.285503764E-2,6.584916846E-4,1.581133343E-3,9.997373223E-1,1.773807775E2,1.828619797E-1,-7.129680676E-2,1.773806599E2
2.390120211E2,2.284182950E-2,6.674649776E-4,1.579799107E-3,9.997376204E-1,1.773822915E2,1.827316758E-1,-7.233070934E-2,1.773821723E2
2.390170211E2,2.284715847E-2,6.635288009E-4,1.579836942E-3,9.997375011E-1,1.773816807E2,1.827260891E-1,-7.187870188E-2,1.773815622E2
2.390220211E2,2.284469352E-2,6.653367891E-4,1.577001065E-3,9.997375607E-1,1.773819632E2,1.824057621E-1,-7.209370242E-2,1.773818446E2
2.390270211E2,2.284709874E-2,6.636074395E-4,1.580667566E-3,9.997375011E-1,1.773816875E2,1.828214485E-1,-7.188554701E-2,1.773815690E2
2.390320211E2,2.284761832E-2,6.632688455E-4,1.573282294E-3,9.997375011E-1,1.773816280E2,1.819745289E-1,-7.186599876E-2,1.773815100E2
2.390370211E2,2.285304438E-2,6.604981609E-4,1.571389963E-3,9.997373819E-1,1.773810060E2,1.817508732E-1,-7.155255310E-2,1.773808887E2
2.390420211E2,2.285278991E-2,6.603549700E-4,1.575146453E-3,9.997373819E-1,1.773810352E2,1.821808303E-1,-7.152635749E-2,1.773809176E2
2.390470211E2,2.285787121E-2,6.563921925E-4,1.578730647E-3,9.997372627E-1,1.773804528E2,1.825814246E-1,-7.106206124E-2,1.773803357E2
2.390520211E2,2.286064358E-2,6.542769261E-4,1.577210263E-3,9.997372031E-1,1.773801350E2,1.824019018E-1,-7.082320991E-2,1.773800184E2
2.390570211E2,2.286335547E-2,6.535147550E-4,1.575997681E-3,9.997371435E-1,1.773798241E2,1.822611812E-1,-7.073857672E-2,1.773797078E2
2.390620211E2,2.287397454E-2,6.450281944E-4,1.576645998E-3,9.997369051E-1,1.773786070E2,1.823139573E-1,-6.976270868E-2,1.773784922E2
2.390670211E2,2.287666462E-2,6.444553728E-4,1.575644710E-3,9.997368455E-1,1.773782986E2,1.821979338E-1,-6.969921981E-2,1.773781840E2
2.390720211E2,2.286897006E-2,6.483105826E-4,1.572301262E-3,9.997370243E-1,1.773791806E2,1.818244702E-1,-7.015104279E-2,1.773790655E2
2.390770211E2,2.286601797E-2,6.508053048E-4,1.576301409E-3,9.997370839E-1,1.773795190E2,1.822890648E-1,-7.042689685E-2,1.773794031E2
2.390820211E2,2.287618430E-2,6.440345314E-4,1.582774334E-3,9.997368455E-1,1.773783537E2,1.830135793E-1,-6.963240459E-2,1.773782386E2
2.390870211E2,2.286003625E-2,6.540894392E-4,1.586065977E-3,9.997372031E-1,1.773802046E2,1.834158942E-1,-7.077864273E-2,1.773800875E2
2.390920211E2,2.284686500E-2,6.647473783E-4,1.583564444E-3,9.997375011E-1,1.773817143E2,1.831562883E-1,-7.200859832E-2,1.773815953E2
2.390970211E2,2.286009156E-2,6.543757627E-4,1.585150370E-3,9.997372031E-1,1.773801983E2,1.833117547E-1,-7.081383284E-2,1.773800811E2
2.391020211E2,2.285739703E-2,6.568455719E-4,1.585393446E-3,9.997372627E-1,1.773805071E2,1.833458809E-1,-7.109663523E-2,1.773803895E2
2.391070211E2,2.284431924E-2,6.656510523E-4,1.582281548E-3,9.997375607E-1,1.773820061E2,1.830114999E-1,-7.211594946E-2,1.773818871E2
2.391120211E2,2.285228931E-2,6.593920989E-4,1.582794008E-3,9.997373819E-1,1.773810926E2,1.830543908E-1,-7.139611332E-2,1.773809747E2
2.391170211E2,2.285950900E-2,6.557222223E-4,1.592975925E-3,9.997372031E-1,1.773802650E2,1.842117507E-1,-7.094769203E-2,1.773801471E2
2.391220211E2,2.284378423E-2,6.666338304E-4,1.589575084E-3,9.997375607E-1,1.773820674E2,1.838495954E-1,-7.220954274E-2,1.773819477E2
2.391270211E2,2.284407894E-2,6.659363862E-4,1.585627208E-3,9.997375607E-1,1.773820336E2,1.833955146E-1,-7.213992327E-2,1.773819143E2
2.391320211E2,2.285447066E-2,6.586447707E-4,1.589244348E-3,9.997373223E-1,1.773808425E2,1.837915519E-1,-7.129320511E-2,1.773807243E2
2.391370211E2,2.285143151E-2,6.608080002E-4,1.594544505E-3,9.997373819E-1,1.773811909E2,1.844041962E-1,-7.152770711E-2,1.773810719E2
2.391420211E2,2.284890572E-2,6.619094638E-4,1.592911431E-3,9.997374415E-1,1.773814804E2,1.842198119E-1,-7.165863439E-2,1.773813613E2
2.391470211E2,2.284926092E-2,6.615960156E-4,1.587938750E-3,9.997374415E-1,1.773814397E2,1.836493370E-1,-7.163568057E-2,1.773813210E2
2.391520211E2,2.284357888E-2,6.666146219E-4,1.592531451E-3,9.997375607E-1,1.773820910E2,1.841882172E-1,-7.219964075E-2,1.773819710E2
2.391570211E2,2.284586343E-2,6.644274690E-4,1.598081901E-3,9.997375011E-1,1.773818291E2,1.848185254E-1,-7.193412485E-2,1.773817092E2
2.391620211E2,2.284616595E-2,6.640237407E-4,1.593919471E-3,9.997375011E-1,1.773817944E2,1.843406344E-1,-7.189871486E-2,1.773816749E2
2.391670211E2,2.284379324E-2,6.651264848E-4,1.590076950E-3,9.997375607E-1,1.773820664E2,1.839031444E-1,-7.203554347E-2,1.773819469E2
2.391720211E2,2.284338320E-2,6.656009937E-4,1.595758949E-3,9.997375607E-1,1.773821134E2,1.845552976E-1,-7.207510512E-2,1.773819934E2
2.391770211E2,2.284297815E-2,6.659948849E-4,1.601383090E-3,9.997375607E-1,1.773821598E2,1.852006117E-1,-7.210558216E-2,1.773820393E2
2.391820211E2,2.283768235E-2,6.701860693E-4,1.600745716E-3,9.997376800E-1,1.773827668E2,1.851381808E-1,-7.258837983E-2,1.773826456E2
2.391870211E2,2.284036640E-2,6.685538683E-4,1.600358635E-3,9.997376204E-1,1.773824592E2,1.850897584E-1,-7.240190849E-2,1.773823383E2
2.391920211E2,2.285109583E-2,6.603476941E-4,1.599538024E-3,9.997373819E-1,1.773812294E2,1.849750335E-1,-7.146195930E-2,1.773811101E2
2.391970211E2,2.285325463E-2,6.596481544E-4,1.606224338E-3,9.997373223E-1,1.773809819E2,1.857393520E-1,-7.136390868E-2,1.773808623E2
2.392020211E2,2.284251027E-2,6.661728839E-4,1.607969520E-3,9.997375607E-1,1.773822135E2,1.859555976E-1,-7.210881949E-2,1.773820925E2
2.392070211E2,2.284239209E-2,6.662745145E-4,1.609605388E-3,9.997375607E-1,1.773822270E2,1.861432633E-1,-7.211620226E-2,1.773821059E2
2.392120211E2,2.285864933E-2,6.558093592E-4,1.605228987E-3,9.997372031E-1,1.773803636E2,1.856156512E-1,-7.092573569E-2,1.773802447E2
2.392170211E2,2.285358327E-2,6.594937295E-4,1.601605210E-3,9.997373223E-1,1.773809442E2,1.852097953E-1,-7.135825374E-2,1.773808250E2
2.392220211E2,2.284819900E-2,6.617474137E-4,1.603083452E-3,9.997374415E-1,1.773815614E2,1.853846626E-1,-7.161356616E-2,1.773814416E2
2.392270211E2,2.285319577E-2,6.590102566E-4,1.607323298E-3,9.997373223E-1,1.773809887E2,1.858635761E-1,-7.128796302E-2,1.773808691E2
2.392320211E2,2.286107633E-2,6.536880974E-4,1.608649851E-3,9.997371435E-1,1.773800854E2,1.860021660E-1,-7.067330819E-2,1.773799667E2
2.392370211E2,2.284806937E-2,6.619537016E-4,1.604844816E-3,9.997374415E-1,1.773815763E2,1.855869786E-1,-7.163261104E-2,1.773814563E2
2.392420211E2,2.285087816E-2,6.600008928E-4,1.602787524E-3,9.997373819E-1,1.773812543E2,1.853463785E-1,-7.141376023E-2,1.773811349E2
2.392470211E2,2.286931399E-2,6.473600515E-4,1.605244470E-3,9.997369647E-1,1.773791412E2,1.855960360E-1,-6.995575008E-2,1.773790239E2
2.392520211E2,2.286659574E-2,6.501279422E-4,1.605727943E-3,9.997370243E-1,1.773794527E2,1.856584871E-1,-7.027208140E-2,1.773793350E2
2.392570211E2,2.284539792E-2,6.639601197E-4,1.604916295E-3,9.997375011E-1,1.773818825E2,1.856002292E-1,-7.186277813E-2,1.773817621E2
2.392620211E2,2.285327638E-2,6.584145012E-4,1.606420963E-3,9.997373223E-1,1.773809794E2,1.857586483E-1,-7.122206054E-2,1.773808600E2
2.392670211E2,2.286613040E-2,6.504271296E-4,1.612220309E-3,9.997370243E-1,1.773795061E2,1.864030156E-1,-7.028943065E-2,1.773793878E2
2.392720211E2,2.285831768E-2,6.546652294E-4,1.610410400E-3,9.997372031E-1,1.773804016E2,1.862062225E-1,-7.078115138E-2,1.773802826E2
2.392770211E2,2.284834678E-2,6.633175653E-4,1.600325806E-3,9.997374415E-1,1.773815445E2,1.850728637E-1,-7.180063819E-2,1.773814246E2
2.392820211E2,2.286193941E-2,6.528695812E-4,1.596671878E-3,9.997371435E-1,1.773799865E2,1.846278641E-1,-7.061075837E-2,1.773798688E2
2.392870211E2,2.285884692E-2,6.552658742E-4,1.602635137E-3,9.997372031E-1,1.773803409E2,1.853170852E-1,-7.087023129E-2,1.773802224E2
2.392920211E2,2.284809999E-2,6.625816459E-4,1.604149584E-3,9.997374415E-1,1.773815727E2,1.855089779E-1,-7.170636394E-2,1.773814527E2
2.392970211E2,2.284864650E-2,6.616155151E-4,1.596747199E-3,9.997374415E-1,1.773815101E2,1.846584563E-1,-7.161496343E-2,1.773813908E2
2.393020211E2,2.286166927E-2,6.538585294E-4,1.600131392E-3,9.997371435E-1,1.773800174E2,1.850267644E-1,-7.071504013E-2,1.773798993E2
2.393070211E2,2.285371188E-2,6.593362195E-4,1.599833951E-3,9.997373223E-1,1.773809295E2,1.850064732E-1,-7.134482421E-2,1.773808104E2
2.393120211E2,2.285351841E-2,6.585080409E-4,1.602935721E-3,9.997373223E-1,1.773809517E2,1.853596348E-1,-7.124185927E-2,1.773808325E2
2.393170211E2,2.286401583E-2,6.523322081E-4,1.604460762E-3,9.997370839E-1,1.773797485E2,1.855189112E-1,-7.052840465E-2,1.773796303E2
2.393220211E2,2.285871182E-2,6.561924238E-4,1.604182296E-3,9.997372031E-1,1.773803564E2,1.854967484E-1,-7.097235038E-2,1.773802376E2
2.393270211E2,2.285080933E-2,6.599680055E-4,1.603781944E-3,9.997373819E-1,1.773812622E2,1.854602100E-1,-7.140740134E-2,1.773811427E2
2.393320211E2,2.285863690E-2,6.550303660E-4,1.605723985E-3,9.997372031E-1,1.773803650E2,1.856703174E-1,-7.083519873E-2,1.773802463E2
2.393370211E2,2.285811186E-2,6.562390481E-4,1.612689695E-3,9.997372031E-1,1.773804252E2,1.864714511E-1,-7.095551818E-2,1.773803057E2
2.393420211E2,2.285561598E-2,6.565936492E-4,1.610968844E-3,9.997372627E-1,1.773807113E2,1.862750589E-1,-7.100111457E-2,1.773805919E2
2.393470211E2,2.286630269E-2,6.499346346E-4,1.609973726E-3,9.997370243E-1,1.773794863E2,1.861443645E-1,-7.023886454E-2,1.773793683E2
2.393520211E2,2.285843571E-2,6.551131373E-4,1.608551829E-3,9.997372031E-1,1.773803881E2,1.859944830E-1,-7.083731094E-2,1.773802691E2
2.393570211E2,2.285300846E-2,6.584532675E-4,1.610212144E-3,9.997373223E-1,1.773810101E2,1.861930554E-1,-7.121662278E-2,1.773808905E2
2.393620211E2,2.286884408E-2,6.484556361E-4,1.611484680E-3,9.997369647E-1,1.773791950E2,1.863137644E-1,-7.006499538E-2,1.773790772E2
2.393670211E2,2.286612847E-2,6.505856873E-4,1.612183754E-3,9.997370243E-1,1.773795063E2,1.863992433E-1,-7.030769140E-2,1.773793880E2
2.393720211E2,2.285308353E-2,6.591235287E-4,1.608871855E-3,9.997373223E-1,1.773810015E2,1.860412702E-1,-7.129690500E-2,1.773808818E2
2.393770211E2,2.286393132E-2,6.517078145E-4,1.605918049E-3,9.997370839E-1,1.773797581E2,1.856842186E-1,-7.045307060E-2,1.773796400E2
2.393820211E2,2.286636955E-2,6.495796843E-4,1.609167201E-3,9.997370243E-1,1.773794787E2,1.860510420E-1,-7.020030189E-2,1.773793607E2
2.393870211E2,2.286129683E-2,6.539477617E-4,1.605407451E-3,9.997371435E-1,1.773800601E2,1.856314067E-1,-7.071150925E-2,1.773799416E2
2.393920211E2,2.286486163E-2,6.513043190E-4,1.592782675E-3,9.997370839E-1,1.773796515E2,1.841784146E-1,-7.044109062E-2,1.773795344E2
2.393970211E2,2.286701369E-2,6.493422552E-4,1.600084011E-3,9.997370243E-1,1.773794048E2,1.850098785E-1,-7.019678419E-2,1.773792876E2
2.394020211E2,2.286107429E-2,6.535492721E-4,1.608735300E-3,9.997371435E-1,1.773800856E2,1.860115913E-1,-7.065718068E-2,1.773799670E2
2.394070211E2,2.286119742E-2,6.535081775E-4,1.607001293E-3,9.997371435E-1,1.773800715E2,1.858128414E-1,-7.065699270E-2,1.773799530E2
2.394120211E2,2.287510346E-2,6.440492580E-4,1.598313218E-3,9.997368455E-1,1.773784776E2,1.847937049E-1,-6.959355570E-2,1.773783614E2
2.394170211E2,2.287459158E-2,6.438753335E-4,1.605692203E-3,9.997368455E-1,1.773785362E2,1.856385630E-1,-6.955438234E-2,1.773784196E2
2.394220211E2,2.287672066E-2,6.436290569E-4,1.612555236E-3,9.997367859E-1,1.773782922E2,1.864243066E-1,-6.950778107E-2,1.773781752E2
2.394270211E2,2.286394889E-2,6.509370869E-4,1.605980564E-3,9.997370839E-1,1.773797561E2,1.856893620E-1,-7.036460785E-2,1.773796382E2
2.394320211E2,2.287198505E-2,6.462142337E-4,1.604771707E-3,9.997369051E-1,1.773788350E2,1.855390589E-1,-6.982522681E-2,1.773787180E2
2.394370211E2,2.287199784E-2,6.454327959E-4,1.604903839E-3,9.997369051E-1,1.773788335E2,1.855521486E-1,-6.973535546E-2,1.773787167E2
2.394420211E2,2.287188434E-2,6.469332147E-4,1.605917001E-3,9.997369051E-1,1.773788466E2,1.856721434E-1,-6.990461114E-2,1.773787294E2
2.394470211E2,2.286146442E-2,6.531698746E-4,1.603336190E-3,9.997371435E-1,1.773800409E2,1.853920930E-1,-7.062778863E-2,1.773799227E2
2.394520211E2,2.286395496E-2,6.523997290E-4,1.605300466E-3,9.997370839E-1,1.773797554E2,1.856152818E-1,-7.053395110E-2,1.773796372E2
2.394570211E2,2.285833537E-2,6.561332266E-4,1.609561616E-3,9.997372031E-1,1.773803996E2,1.861128312E-1,-7.095154741E-2,1.773802804E2
2.394620211E2,2.285321359E-2,6.587168318E-4,1.607190236E-3,9.997373223E-1,1.773809866E2,1.858475649E-1,-7.125469300E-2,1.773808671E2
2.394670211E2,2.285861597E-2,6.558679743E-4,1.605680096E-3,9.997372031E-1,1.773803674E2,1.856674823E-1,-7.093127522E-2,1.773802485E2
2.394720211E2,2.285613110E-2,6.566283992E-4,1.603629556E-3,9.997372627E-1,1.773806522E2,1.854343843E-1,-7.102422297E-2,1.773805333E2
2.394770211E2,2.284552800E-2,6.642029039E-4,1.602962962E-3,9.997375011E-1,1.773818676E2,1.853770968E-1,-7.189568158E-2,1.773817473E2
2.394820211E2,2.284804719E-2,6.628226838E-4,1.604801975E-3,9.997374415E-1,1.773815788E2,1.855843445E-1,-7.173227924E-2,1.773814587E2
2.394870211E2,2.285065631E-2,6.615621387E-4,1.605304657E-3,9.997373819E-1,1.773812797E2,1.856388186E-1,-7.158606863E-2,1.773811598E2
2.394920211E2,2.284529994E-2,6.638057530E-4,1.606374281E-3,9.997375011E-1,1.773818937E2,1.857668475E-1,-7.184129482E-2,1.773817733E2
2.394970211E2,2.285071390E-2,6.609755801E-4,1.604726422E-3,9.997373819E-1,1.773812731E2,1.855710430E-1,-7.152037508E-2,1.773811534E2
2.395020211E2,2.284829930E-2,6.624571397E-4,1.601359807E-3,9.997374415E-1,1.773815499E2,1.851890642E-1,-7.169936795E-2,1.773814301E2
2.395070211E2,2.284564044E-2,6.650513387E-4,1.601007534E-3,9.997375011E-1,1.773818547E2,1.851553088E-1,-7.199797811E-2,1.773817344E2
2.395120211E2,2.284844151E-2,6.621730863E-4,1.599447103E-3,9.997374415E-1,1.773815336E2,1.849692077E-1,-7.167180817E-2,1.773814140E2
2.395170211E2,2.283793926E-2,6.698105717E-4,1.597233815E-3,9.997376800E-1,1.773827374E2,1.847348866E-1,-7.255450588E-2,1.773826165E2
2.395220211E2,2.283549130E-2,6.722238613E-4,1.593908877E-3,9.997377396E-1,1.773830180E2,1.843601137E-1,-7.284012937E-2,1.773828969E2
2.395270211E2,2.283821350E-2,6.692178431E-4,1.593556721E-3,9.997376800E-1,1.773827060E2,1.843121003E-1,-7.249617496E-2,1.773825854E2
2.395320211E2,2.284074603E-2,6.675309269E-4,1.595359761E-3,9.997376204E-1,1.773824157E2,1.845144277E-1,-7.229773293E-2,1.773822953E2
2.395370211E2,2.283530173E-2,6.715044728E-4,1.596925198E-3,9.997377396E-1,1.773830397E2,1.847037726E-1,-7.274985679E-2,1.773829185E2
2.395420211E2,2.283548607E-2,6.707059219E-4,1.594623085E-3,9.997377396E-1,1.773830186E2,1.844379617E-1,-7.266436385E-2,1.773828977E2
2.395470211E2,2.284860376E-2,6.631509168E-4,1.596721821E-3,9.997374415E-1,1.773815150E2,1.846595665E-1,-7.179093572E-2,1.773813954E2
2.395520211E2,2.283799540E-2,6.689011352E-4,1.596812042E-3,9.997376800E-1,1.773827310E2,1.846841913E-1,-7.245141290E-2,1.773826103E2
2.395570211E2,2.283544657E-2,6.707385764E-4,1.595175010E-3,9.997377396E-1,1.773830231E2,1.845012738E-1,-7.266666777E-2,1.773829022E2
2.395620211E2,2.285173456E-2,6.608407712E-4,1.590181957E-3,9.997373819E-1,1.773811561E2,1.839045222E-1,-7.154282987E-2,1.773810374E2
2.395670211E2,2.285140615E-2,6.598382024E-4,1.595309353E-3,9.997373819E-1,1.773811938E2,1.844892771E-1,-7.141460738E-2,1.773810749E2
2.395720211E2,2.283795433E-2,6.705267588E-4,1.596717746E-3,9.997376800E-1,1.773827357E2,1.846776404E-1,-7.263790122E-2,1.773826147E2
2.395770211E2,2.284614896E-2,6.649884162E-4,1.593760797E-3,9.997375011E-1,1.773817964E2,1.843249810E-1,-7.200964812E-2,1.773816766E2
2.395820211E2,2.285147886E-2,6.602135836E-4,1.594112138E-3,9.997373819E-1,1.773811855E2,1.843531102E-1,-7.146073335E-2,1.773810666E2
2.395870211E2,2.285125556E-2,6.597596221E-4,1.597497496E-3,9.997373819E-1,1.773812111E2,1.847397382E-1,-7.139990283E-2,1.773810920E2
2.395920211E2,2.284578574E-2,6.636793260E-4,1.599502866E-3,9.997375011E-1,1.773818380E2,1.849793494E-1,-7.184471064E-2,1.773817181E2
2.395970211E2,2.284833727E-2,6.623028894E-4,1.600881806E-3,9.997374415E-1,1.773815456E2,1.851339023E-1,-7.168294134E-2,1.773814258E2
2.396020211E2,2.284284266E-2,6.663859240E-4,1.603152021E-3,9.997375607E-1,1.773821754E2,1.854042776E-1,-7.214577472E-2,1.773820547E2
2.396070211E2,2.284278262E-2,6.670549046E-4,1.603729208E-3,9.997375607E-1,1.773821822E2,1.854721483E-1,-7.222091439E-2,1.773820614E2
2.396120211E2,2.284807818E-2,6.621404318E-4,1.604642370E-3,9.997374415E-1,1.773815752E2,1.855642755E-1,-7.165453157E-2,1.773814553E2
2.396170211E2,2.284036853E-2,6.672758609E-4,1.600861549E-3,9.997376204E-1,1.773824589E2,1.851440279E-1,-7.225418126E-2,1.773823383E2
2.396220211E2,2.283791781E-2,6.700351369E-4,1.597446273E-3,9.997376800E-1,1.773827398E2,1.847598124E-1,-7.257968033E-2,1.773826189E2
2.396270211E2,2.284307472E-2,6.654115277E-4,1.600247575E-3,9.997375607E-1,1.773821488E2,1.850690047E-1,-7.204170647E-2,1.773820285E2
2.396320211E2,2.283793136E-2,6.705354317E-4,1.597042545E-3,9.997376800E-1,1.773827383E2,1.847148710E-1,-7.263804900E-2,1.773826173E2
2.396370211E2,2.283842883E-2,6.689763395E-4,1.590569271E-3,9.997376800E-1,1.773826813E2,1.839692359E-1,-7.247628703E-2,1.773825610E2
2.396420211E2,2.284676345E-2,6.634874735E-4,1.585556543E-3,9.997375011E-1,1.773817259E2,1.833812007E-1,-7.185906467E-2,1.773816071E2
2.396470211E2,2.284425702E-2,6.659383653E-4,1.583058736E-3,9.997375607E-1,1.773820132E2,1.831012838E-1,-7.214684128E-2,1.773818941E2
2.396520211E2,2.283366961E-2,6.725695566E-4,1.582434168E-3,9.997377992E-1,1.773832268E2,1.830463212E-1,-7.291009422E-2,1.773831064E2
2.396570211E2,2.283894310E-2,6.696420023E-4,1.582886325E-3,9.997376800E-1,1.773826223E2,1.830908428E-1,-7.257256013E-2,1.773825025E2
2.396620211E2,2.283359960E-2,6.726208376E-4,1.583422301E-3,9.997377992E-1,1.773832348E2,1.831596527E-1,-7.291339626E-2,1.773831144E2
2.396670211E2,2.282821480E-2,6.761416444E-4,1.584298210E-3,9.997379184E-1,1.773838520E2,1.832688172E-1,-7.331544052E-2,1.773837309E2
2.396720211E2,2.282574665E-2,6.785403821E-4,1.581219141E-3,9.997379780E-1,1.773841349E2,1.829221673E-1,-7.359875025E-2,1.773840136E2
2.396770211E2,2.282855286E-2,6.773006171E-4,1.578922849E-3,9.997379184E-1,1.773838133E2,1.826560626E-1,-7.346221468E-2,1.773836923E2
2.396820211E2,2.282065863E-2,6.818128168E-4,1.577877090E-3,9.997380972E-1,1.773847181E2,1.825474797E-1,-7.398331659E-2,1.773845964E2
2.396870211E2,2.283364927E-2,6.733224145E-4,1.582407509E-3,9.997377992E-1,1.773832291E2,1.830452357E-1,-7.299641628E-2,1.773831086E2
2.396920211E2,2.282320163E-2,6.798423128E-4,1.579710399E-3,9.997380376E-1,1.773844266E2,1.827525409E-1,-7.375231324E-2,1.773843051E2
2.396970211E2,2.281531146E-2,6.849101628E-4,1.578331459E-3,9.997382164E-1,1.773853310E2,1.826072363E-1,-7.433794191E-2,1.773852087E2
2.397020211E2,2.281803220E-2,6.837377441E-4,1.577262301E-3,9.997381568E-1,1.773850192E2,1.824818877E-1,-7.420592652E-2,1.773848971E2
2.397070211E2,2.282082154E-2,6.822799332E-4,1.575317001E-3,9.997380972E-1,1.773846994E2,1.822554247E-1,-7.404349560E-2,1.773845778E2
2.397120211E2,2.281296021E-2,6.880406290E-4,1.573193469E-3,9.997382760E-1,1.773856005E2,1.820266280E-1,-7.471043487E-2,1.773854780E2
2.397170211E2,2.281257812E-2,6.884671748E-4,1.578538446E-3,9.997382760E-1,1.773856443E2,1.826400456E-1,-7.474539707E-2,1.773855213E2
2.397220211E2,2.280948654E-2,6.892072852E-4,1.585127786E-3,9.997383356E-1,1.773859987E2,1.833966369E-1,-7.481352622E-2,1.773858750E2
2.397270211E2,2.280200835E-2,6.949127419E-4,1.577431452E-3,9.997385144E-1,1.773868558E2,1.825292801E-1,-7.548863539E-2,1.773867317E2
2.397320211E2,2.282074053E-2,6.824859884E-4,1.576400944E-3,9.997380972E-1,1.773847087E2,1.823801362E-1,-7.406428165E-2,1.773845870E2
2.397370211E2,2.283376342E-2,6.731398171E-4,1.580837183E-3,9.997377992E-1,1.773832160E2,1.828648667E-1,-7.297958577E-2,1.773830957E2
2.397420211E2,2.281760049E-2,6.844900781E-4,1.583170379E-3,9.997381568E-1,1.773850686E2,1.831606639E-1,-7.427674528E-2,1.773849460E2
2.397470211E2,2.280731839E-2,6.905382033E-4,1.578138093E-3,9.997383952E-1,1.773862472E2,1.825992007E-1,-7.498466474E-2,1.773861238E2
2.397520211E2,2.282334847E-2,6.807185709E-4,1.577209565E-3,9.997380376E-1,1.773844098E2,1.824683435E-1,-7.385921281E-2,1.773842883E2
2.397570211E2,2.282813406E-2,6.774810608E-4,1.584889367E-3,9.997379184E-1,1.773838613E2,1.833400396E-1,-7.346735449E-2,1.773837398E2
2.397620211E2,2.282040398E-2,6.813914515E-4,1.581737422E-3,9.997380972E-1,1.773847473E2,1.829886059E-1,-7.392499547E-2,1.773846254E2
2.397670211E2,2.281986731E-2,6.823454751E-4,1.589051797E-3,9.997380972E-1,1.773848088E2,1.838290102E-1,-7.401526040E-2,1.773846862E2
2.397720211E2,2.281943996E-2,6.818916881E-4,1.595371054E-3,9.997380972E-1,1.773848578E2,1.845517380E-1,-7.394682731E-2,1.773847348E2
2.397770211E2,2.282233578E-2,6.801109994E-4,1.592055894E-3,9.997380376E-1,1.773845259E2,1.841675036E-1,-7.375096460E-2,1.773844034E2
2.397820211E2,2.282297926E-2,6.801344571E-4,1.582794357E-3,9.997380376E-1,1.773844521E2,1.831065929E-1,-7.377775647E-2,1.773843304E2
2.397870211E2,2.282769930E-2,6.766440347E-4,1.591495122E-3,9.997379184E-1,1.773839111E2,1.840945857E-1,-7.335426262E-2,1.773837893E2
2.397920211E2,2.283536795E-2,6.716331118E-4,1.595923910E-3,9.997377396E-1,1.773830321E2,1.845894046E-1,-7.276720186E-2,1.773829110E2
2.397970211E2,2.283562151E-2,6.718509248E-4,1.592199784E-3,9.997377396E-1,1.773830031E2,1.841633502E-1,-7.280185369E-2,1.773828821E2
2.398020211E2,2.282796421E-2,6.765830331E-4,1.587716863E-3,9.997379184E-1,1.773838807E2,1.836616009E-1,-7.335710938E-2,1.773837593E2
2.398070211E2,2.283277570E-2,6.728939479E-4,1.595143578E-3,9.997377992E-1,1.773833292E2,1.845031190E-1,-7.291416563E-2,1.773832079E2
2.398120211E2,2.284309848E-2,6.669273716E-4,1.599277137E-3,9.997375607E-1,1.773821460E2,1.849617996E-1,-7.221789983E-2,1.773820255E2
2.398170211E2,2.283026722E-2,6.745391292E-4,1.592995017E-3,9.997378588E-1,1.773836168E2,1.842610974E-1,-7.310872435E-2,1.773834953E2
2.398220211E2,2.282544442E-2,6.794627989E-4,1.585180988E-3,9.997379780E-1,1.773841696E2,1.833784347E-1,-7.369411596E-2,1.773840477E2
2.398270211E2,2.284128959E-2,6.674760371E-4,1.587581472E-3,9.997376204E-1,1.773823534E2,1.836232279E-1,-7.231170435E-2,1.773822336E2
2.398320211E2,2.283819603E-2,6.688201684E-4,1.593974070E-3,9.997376800E-1,1.773827080E2,1.843588704E-1,-7.244952767E-2,1.773825875E2
2.398370211E2,2.282826046E-2,6.760945544E-4,1.583660254E-3,9.997379184E-1,1.773838468E2,1.831956119E-1,-7.331170637E-2,1.773837257E2
2.398420211E2,2.284221850E-2,6.678329082E-4,1.574008493E-3,9.997376204E-1,1.773822469E2,1.820692835E-1,-7.238794673E-2,1.773821281E2
2.398470211E2,2.284712171E-2,6.629540003E-4,1.580609707E-3,9.997375011E-1,1.773816849E2,1.828131108E-1,-7.181083530E-2,1.773815665E2
2.398520211E2,2.282569100E-2,6.782429991E-4,1.582149882E-3,9.997379780E-1,1.773841413E2,1.830280126E-1,-7.356225719E-2,1.773840199E2
2.398570211E2,2.282053612E-2,6.823400036E-4,1.579420292E-3,9.997380972E-1,1.773847322E2,1.827256415E-1,-7.403969859E-2,1.773846102E2
2.398620211E2,2.283637885E-2,6.719837547E-4,1.581243938E-3,9.997377396E-1,1.773829162E2,1.829086306E-1,-7.284560262E-2,1.773827961E2
2.398670211E2,2.283627923E-2,6.711413153E-4,1.583039411E-3,9.997377396E-1,1.773829277E2,1.831121113E-1,-7.274441097E-2,1.773828075E2
2.398720211E2,2.282572513E-2,6.777438684E-4,1.581871300E-3,9.997379780E-1,1.773841374E2,1.829947945E-1,-7.350579845E-2,1.773840161E2
2.398770211E2,2.282876294E-2,6.769202882E-4,1.576045994E-3,9.997379184E-1,1.773837892E2,1.823255049E-1,-7.342613139E-2,1.773836685E2
2.398820211E2,2.283671829E-2,6.710919552E-4,1.576713868E-3,9.997377396E-1,1.773828773E2,1.823873480E-1,-7.275522985E-2,1.773827577E2
2.398870211E2,2.283088585E-2,6.745060673E-4,1.584118116E-3,9.997378588E-1,1.773835459E2,1.832441015E-1,-7.312804780E-2,1.773834250E2
2.398920211E2,2.282847507E-2,6.759187090E-4,1.580638927E-3,9.997379184E-1,1.773838222E2,1.828490386E-1,-7.329942595E-2,1.773837014E2
2.398970211E2,2.283108952E-2,6.747248117E-4,1.581086661E-3,9.997378588E-1,1.773835225E2,1.828973995E-1,-7.316100159E-2,1.773834019E2
2.399020211E2,2.283087640E-2,6.744835991E-4,1.584263868E-3,9.997378588E-1,1.773835469E2,1.832607396E-1,-7.312509421E-2,1.773834261E2
2.399070211E2,2.282815892E-2,6.763520651E-4,1.585013466E-3,9.997379184E-1,1.773838584E2,1.833513047E-1,-7.333768575E-2,1.773837372E2
2.399120211E2,2.282552210E-2,6.794512155E-4,1.584067009E-3,9.997379780E-1,1.773841607E2,1.832507907E-1,-7.369568858E-2,1.773840389E2
2.399170211E2,2.282836532E-2,6.770052132E-4,1.581758610E-3,9.997379184E-1,1.773838348E2,1.829801461E-1,-7.342098848E-2,1.773837137E2
2.399220211E2,2.283360848E-2,6.723148981E-4,1.583424048E-3,9.997377992E-1,1.773832338E2,1.831590528E-1,-7.287834116E-2,1.773831134E2
2.399270211E2,2.283076967E-2,6.752269110E-4,1.585484948E-3,9.997378588E-1,1.773835592E2,1.834025660E-1,-7.320707398E-2,1.773834381E2
2.399320211E2,2.281487405E-2,6.852381630E-4,1.584499842E-3,9.997382164E-1,1.773853812E2,1.833147233E-1,-7.435947068E-2,1.773852583E2
2.399370211E2,2.281720381E-2,6.844029995E-4,1.588914660E-3,9.997381568E-1,1.773851141E2,1.838184827E-1,-7.425182202E-2,1.773849911E2
2.399420211E2,2.283574320E-2,6.715783384E-4,1.590568689E-3,9.997377396E-1,1.773829891E2,1.839757843E-1,-7.277487177E-2,1.773828684E2
2.399470211E2,2.282763699E-2,6.773639470E-4,1.592082554E-3,9.997379184E-1,1.773839182E2,1.841637619E-1,-7.343521167E-2,1.773837963E2
2.399520211E2,2.282264498E-2,6.803049473E-4,1.587534091E-3,9.997380376E-1,1.773844904E2,1.836500071E-1,-7.378495299E-2,1.773843683E2
2.399570211E2,2.283056093E-2,6.759443786E-4,1.588182640E-3,9.997378588E-1,1.773835831E2,1.837134808E-1,-7.328224847E-2,1.773834617E2
2.399620211E2,2.282242117E-2,6.799329421E-4,1.590907457E-3,9.997380376E-1,1.773845161E2,1.840354770E-1,-7.373355395E-2,1.773843938E2
2.399670211E2,2.281174656E-2,6.883299793E-4,1.590569620E-3,9.997382760E-1,1.773857396E2,1.840179396E-1,-7.469838023E-2,1.773856157E2
2.399720211E2,2.282259744E-2,6.812909851E-4,1.587794744E-3,9.997380376E-1,1.773844959E2,1.836824437E-1,-7.389724205E-2,1.773843735E2
2.399770211E2,2.283025073E-2,6.754635251E-4,1.592839602E-3,9.997378588E-1,1.773836187E2,1.842457103E-1,-7.321503423E-2,1.773834970E2
2.399820211E2,2.281921457E-2,6.822359865E-4,1.598444767E-3,9.997380972E-1,1.773848836E2,1.849047523E-1,-7.397827447E-2,1.773847603E2
2.399870211E2,2.281128971E-2,6.877476699E-4,1.597359078E-3,9.997382760E-1,1.773857920E2,1.847941967E-1,-7.461400563E-2,1.773856677E2
2.399920211E2,2.281428418E-2,6.866792100E-4,1.592349843E-3,9.997382164E-1,1.773854488E2,1.842177588E-1,-7.450414406E-2,1.773853251E2
2.399970211E2,2.281693920E-2,6.848642952E-4,1.592511660E-3,9.997381568E-1,1.773851444E2,1.842317487E-1,-7.429531217E-2,1.773850211E2
2.400020211E2,2.281695545E-2,6.843509036E-4,1.592499553E-3,9.997381568E-1,1.773851426E2,1.842290204E-1,-7.423652587E-2,1.773850193E2
2.400070211E2,2.281721009E-2,6.849398487E-4,1.588593237E-3,9.997381568E-1,1.773851134E2,1.837830643E-1,-7.431416363E-2,1.773849903E2
2.400120211E2,2.282004021E-2,6.822205032E-4,1.586620696E-3,9.997380972E-1,1.773847890E2,1.835501845E-1,-7.400726923E-2,1.773846666E2
2.400170211E2,2.282244972E-2,6.814404624E-4,1.589852502E-3,9.997380376E-1,1.773845128E2,1.839185644E-1,-7.390901172E-2,1.773843903E2
2.400220211E2,2.282021840E-2,6.821979769E-4,1.584065380E-3,9.997380972E-1,1.773847686E2,1.832573968E-1,-7.401133835E-2,1.773846463E2
2.400270211E2,2.282606763E-2,6.785534788E-4,1.576573239E-3,9.997379780E-1,1.773840981E2,1.823899816E-1,-7.361234466E-2,1.773839771E2
2.400320211E2,2.282597268E-2,6.790835178E-4,1.577719348E-3,9.997379780E-1,1.773841090E2,1.825226617E-1,-7.367008610E-2,1.773839878E2
2.400370211E2,2.282025245E-2,6.815560046E-4,1.583851292E-3,9.997380972E-1,1.773847647E2,1.832311940E-1,-7.393834661E-2,1.773846426E2
2.400420211E2,2.282287773E-2,6.808183389E-4,1.583963982E-3,9.997380376E-1,1.773844638E2,1.832423686E-1,-7.385306257E-2,1.773843418E2
2.400470211E2,2.282342947E-2,6.797476090E-4,1.576456008E-3,9.997380376E-1,1.773844005E2,1.823794808E-1,-7.374993401E-2,1.773842793E2
2.400520211E2,2.282605465E-2,6.779126707E-4,1.577036688E-3,9.997379780E-1,1.773840996E2,1.824413980E-1,-7.353772275E-2,1.773839787E2
2.400570211E2,2.283108759E-2,6.743551348E-4,1.581272227E-3,9.997378588E-1,1.773835227E2,1.829176908E-1,-7.311816567E-2,1.773834022E2
2.400620211E2,2.283691541E-2,6.709328154E-4,1.573924092E-3,9.997377396E-1,1.773828547E2,1.820673437E-1,-7.274426355E-2,1.773827353E2
2.400670211E2,2.283448563E-2,6.729451125E-4,1.570454217E-3,9.997377992E-1,1.773831332E2,1.816749176E-1,-7.298431777E-2,1.773830137E2
2.400720211E2,2.284228964E-2,6.667880807E-4,1.573418966E-3,9.997376204E-1,1.773822387E2,1.819990161E-1,-7.226977991E-2,1.773821201E2
2.400770211E2,2.284149396E-2,6.684920518E-4,1.584210084E-3,9.997376204E-1,1.773823299E2,1.832396699E-1,-7.243688785E-2,1.773822102E2
2.400820211E2,2.283126169E-2,6.755610229E-4,1.578240888E-3,9.997378588E-1,1.773835028E2,1.825735830E-1,-7.326421342E-2,1.773833822E2
2.400870211E2,2.283452987E-2,6.718528457E-4,1.570278546E-3,9.997377992E-1,1.773831282E2,1.816519372E-1,-7.285963764E-2,1.773830089E2
2.400920211E2,2.283943117E-2,6.684556138E-4,1.576332026E-3,9.997376800E-1,1.773825664E2,1.823369000E-1,-7.245371101E-2,1.773824473E2
2.400970211E2,2.283627974E-2,6.715368363E-4,1.582864323E-3,9.997377396E-1,1.773829276E2,1.830930880E-1,-7.279018059E-2,1.773828074E2
2.401020211E2,2.283396114E-2,6.730417372E-4,1.578020630E-3,9.997377992E-1,1.773831934E2,1.825419549E-1,-7.297568350E-2,1.773830733E2
2.401070211E2,2.284425188E-2,6.650953437E-4,1.583487261E-3,9.997375607E-1,1.773820138E2,1.831481689E-1,-7.204914256E-2,1.773818948E2
2.401120211E2,2.284363815E-2,6.665308028E-4,1.591716078E-3,9.997375607E-1,1.773820842E2,1.840945914E-1,-7.219216189E-2,1.773819643E2
2.401170211E2,2.284148223E-2,6.679421640E-4,1.584611135E-3,9.997376204E-1,1.773823313E2,1.832841747E-1,-7.237284423E-2,1.773822117E2
2.401220211E2,2.285256014E-2,6.594455335E-4,1.578856609E-3,9.997373819E-1,1.773810615E2,1.826034744E-1,-7.141249667E-2,1.773809439E2
2.401270211E2,2.286777237E-2,6.493726396E-4,1.589191961E-3,9.997370243E-1,1.773793179E2,1.837621985E-1,-7.022866810E-2,1.773792014E2
2.401320211E2,2.285624892E-2,6.569786929E-4,1.601805794E-3,9.997372627E-1,1.773806387E2,1.852263767E-1,-7.106910819E-2,1.773805199E2
2.401370211E2,2.285406166E-2,6.587738753E-4,1.595061854E-3,9.997373223E-1,1.773808894E2,1.844583251E-1,-7.129283463E-2,1.773807708E2
2.401420211E2,2.285724278E-2,6.574988947E-4,1.587345265E-3,9.997372627E-1,1.773805248E2,1.835711854E-1,-7.116639661E-2,1.773804069E2
2.401470211E2,2.285974874E-2,6.557362503E-4,1.589525957E-3,9.997372031E-1,1.773802376E2,1.838165699E-1,-7.095829265E-2,1.773801199E2
2.401520211E2,2.285132511E-2,6.609343109E-4,1.596016344E-3,9.997373819E-1,1.773812031E2,1.845731360E-1,-7.153834278E-2,1.773810839E2
2.401570211E2,2.284888748E-2,6.628698320E-4,1.592773711E-3,9.997374415E-1,1.773814825E2,1.842065481E-1,-7.176901959E-2,1.773813632E2
2.401620211E2,2.285184166E-2,6.607439136E-4,1.588682411E-3,9.997373819E-1,1.773811439E2,1.837324855E-1,-7.153564096E-2,1.773810253E2
2.401670211E2,2.284080372E-2,6.684156251E-4,1.594163012E-3,9.997376204E-1,1.773824091E2,1.843796459E-1,-7.240220714E-2,1.773822887E2
2.401720211E2,2.283509248E-2,6.723830011E-4,1.599545591E-3,9.997377396E-1,1.773830637E2,1.850062536E-1,-7.284368387E-2,1.773829421E2
2.401770211E2,2.284609291E-2,6.647529663E-4,1.594662317E-3,9.997375011E-1,1.773818028E2,1.844276403E-1,-7.198032468E-2,1.773816830E2
2.401820211E2,2.284900506E-2,6.623534719E-4,1.591301057E-3,9.997374415E-1,1.773814690E2,1.840364944E-1,-7.171369896E-2,1.773813499E2
2.401870211E2,2.284097222E-2,6.676700432E-4,1.592059736E-3,9.997376204E-1,1.773823897E2,1.841367512E-1,-7.232226639E-2,1.773822696E2
2.401920211E2,2.284090504E-2,6.681666709E-4,1.592815039E-3,9.997376204E-1,1.773823974E2,1.842245753E-1,-7.237719620E-2,1.773822772E2
2.401970211E2,2.283289978E-2,6.731483736E-4,1.593259047E-3,9.997377992E-1,1.773833150E2,1.842878983E-1,-7.294822116E-2,1.773831938E2
2.402020211E2,2.283307960E-2,6.730207824E-4,1.590733998E-3,9.997377992E-1,1.773832944E2,1.839983032E-1,-7.294017802E-2,1.773831734E2
2.402070211E2,2.284099351E-2,6.675511831E-4,1.591804088E-3,9.997376204E-1,1.773823873E2,1.841071541E-1,-7.230931485E-2,1.773822672E2
2.402120211E2,2.284307557E-2,6.663099630E-4,1.599861542E-3,9.997375607E-1,1.773821487E2,1.850271321E-1,-7.214564297E-2,1.773820282E2
2.402170211E2,2.283774391E-2,6.694979966E-4,1.600155258E-3,9.997376800E-1,1.773827598E2,1.850687403E-1,-7.251108706E-2,1.773826387E2
2.402220211E2,2.284321868E-2,6.670260336E-4,1.597518101E-3,9.997375607E-1,1.773821323E2,1.847605482E-1,-7.223378520E-2,1.773820119E2
2.402270211E2,2.283506939E-2,6.708499859E-4,1.600518590E-3,9.997377396E-1,1.773830663E2,1.851137086E-1,-7.266551738E-2,1.773829450E2
2.402320211E2,2.282915673E-2,6.756883231E-4,1.608348684E-3,9.997378588E-1,1.773837441E2,1.860229684E-1,-7.320041490E-2,1.773836212E2
2.402370211E2,2.284010280E-2,6.687968853E-4,1.604015124E-3,9.997376204E-1,1.773824894E2,1.855092697E-1,-7.242022717E-2,1.773823682E2
2.402420211E2,2.283995710E-2,6.686151610E-4,1.606164034E-3,9.997376204E-1,1.773825061E2,1.857549666E-1,-7.239381105E-2,1.773823848E2
2.402470211E2,2.282382518E-2,6.800949341E-4,1.608059742E-3,9.997379780E-1,1.773843552E2,1.860010029E-1,-7.370699098E-2,1.773842315E2
2.402520211E2,2.281079804E-2,6.879914436E-4,1.604260411E-3,9.997382760E-1,1.773858484E2,1.855854275E-1,-7.462398316E-2,1.773857235E2
2.402570211E2,2.282720858E-2,6.770630134E-4,1.598340808E-3,9.997379184E-1,1.773839674E2,1.848799007E-1,-7.338444399E-2,1.773838450E2
2.402620211E2,2.282685496E-2,6.769047468E-4,1.603450044E-3,9.997379184E-1,1.773840079E2,1.854647846E-1,-7.335301291E-2,1.773838852E2
2.402670211E2,2.281349685E-2,6.870687939E-4,1.603423501E-3,9.997382164E-1,1.773855390E2,1.854873386E-1,-7.451996993E-2,1.773854144E2
2.402720211E2,2.281873057E-2,6.833424559E-4,1.604868681E-3,9.997380972E-1,1.773849391E2,1.856435462E-1,-7.408832459E-2,1.773848151E2
2.402770211E2,2.282112956E-2,6.816561799E-4,1.608599909E-3,9.997380376E-1,1.773846641E2,1.860667702E-1,-7.388493864E-2,1.773845402E2
2.402820211E2,2.280534809E-2,6.914840196E-4,1.605952391E-3,9.997383952E-1,1.773864730E2,1.857879858E-1,-7.502068817E-2,1.773863474E2
2.402870211E2,2.282160974E-2,6.817411631E-4,1.601736876E-3,9.997380376E-1,1.773846091E2,1.852807857E-1,-7.391253391E-2,1.773844856E2
2.402920211E2,2.283724860E-2,6.707883440E-4,1.606670790E-3,9.997376800E-1,1.773828166E2,1.858185133E-1,-7.264195127E-2,1.773826948E2
2.402970211E2,2.282404035E-2,6.794122746E-4,1.605291967E-3,9.997379780E-1,1.773843305E2,1.856821515E-1,-7.363598372E-2,1.773842072E2
2.403020211E2,2.282352811E-2,6.797390524E-4,1.612420776E-3,9.997379780E-1,1.773843892E2,1.864996586E-1,-7.365486956E-2,1.773842653E2
2.403070211E2,2.281858172E-2,6.823428557E-4,1.607408398E-3,9.997380972E-1,1.773849562E2,1.859318759E-1,-7.396719523E-2,1.773848322E2
2.403120211E2,2.281894987E-2,6.834725500E-4,1.601692056E-3,9.997380972E-1,1.773849140E2,1.852799824E-1,-7.411149449E-2,1.773847902E2
2.403170211E2,2.282930968E-2,6.760016549E-4,1.606044476E-3,9.997378588E-1,1.773837265E2,1.857598249E-1,-7.324231043E-2,1.773836038E2
2.403220211E2,2.283152898E-2,6.737780059E-4,1.612520777E-3,9.997377992E-1,1.773834721E2,1.864961063E-1,-7.297020861E-2,1.773833494E2
2.403270211E2,2.282937701E-2,6.753857015E-4,1.605346333E-3,9.997378588E-1,1.773837188E2,1.856782377E-1,-7.317355980E-2,1.773835963E2
2.403320211E2,2.282989297E-2,6.749805179E-4,1.598163159E-3,9.997378588E-1,1.773836597E2,1.848542971E-1,-7.314583842E-2,1.773835377E2
2.403370211E2,2.283235181E-2,6.735047791E-4,1.600942691E-3,9.997377992E-1,1.773833778E2,1.851690438E-1,-7.296904813E-2,1.773832560E2
2.403420211E2,2.282424478E-2,6.799150142E-4,1.602169476E-3,9.997379780E-1,1.773843071E2,1.853257630E-1,-7.370170755E-2,1.773841839E2
2.403470211E2,2.282966453E-2,6.762138219E-4,1.600902760E-3,9.997378588E-1,1.773836858E2,1.851713613E-1,-7.328000250E-2,1.773835635E2
2.403520211E2,2.284538720E-2,6.635991740E-4,1.605218160E-3,9.997375011E-1,1.773818837E2,1.856338656E-1,-7.182063934E-2,1.773817634E2
2.403570211E2,2.283471020E-2,6.715193158E-4,1.605355181E-3,9.997377396E-1,1.773831075E2,1.856695231E-1,-7.272960701E-2,1.773829857E2
2.403620211E2,2.282150088E-2,6.814082735E-4,1.603428740E-3,9.997380376E-1,1.773846216E2,1.854737301E-1,-7.386999302E-2,1.773844980E2
2.403670211E2,2.284018167E-2,6.686642300E-4,1.602947013E-3,9.997376204E-1,1.773824804E2,1.853865634E-1,-7.240781103E-2,1.773823593E2
2.403720211E2,2.284312730E-2,6.664559478E-4,1.599062001E-3,9.997375607E-1,1.773821427E2,1.849359212E-1,-7.216445064E-2,1.773820223E2
2.403770211E2,2.283475529E-2,6.712597096E-4,1.604822348E-3,9.997377396E-1,1.773831023E2,1.856078047E-1,-7.270125206E-2,1.773829806E2
2.403820211E2,2.283465732E-2,6.713027251E-4,1.606197795E-3,9.997377396E-1,1.773831136E2,1.857654839E-1,-7.270259892E-2,1.773829917E2
2.403870211E2,2.282958942E-2,6.761772675E-4,1.601988915E-3,9.997378588E-1,1.773836945E2,1.852956921E-1,-7.327298707E-2,1.773835720E2
2.403920211E2,2.282170676E-2,6.802810240E-4,1.600975171E-3,9.997380376E-1,1.773845980E2,1.851897114E-1,-7.374723216E-2,1.773844748E2
2.403970211E2,2.283215783E-2,6.742143887E-4,1.603408600E-3,9.997377992E-1,1.773834001E2,1.854533858E-1,-7.304392599E-2,1.773832779E2
2.404020211E2,2.284027927E-2,6.685038679E-4,1.601622673E-3,9.997376204E-1,1.773824692E2,1.852344317E-1,-7.239288797E-2,1.773823482E2
2.404070211E2,2.282980340E-2,6.746168365E-4,1.599595649E-3,9.997378588E-1,1.773836699E2,1.850174478E-1,-7.310044334E-2,1.773835480E2
2.404120211E2,2.282672001E-2,6.776061491E-4,1.605074038E-3,9.997379184E-1,1.773840234E2,1.856526574E-1,-7.342914353E-2,1.773839004E2
2.404170211E2,2.281598830E-2,6.843506708E-4,1.606296748E-3,9.997381568E-1,1.773852534E2,1.858095814E-1,-7.420060263E-2,1.773851291E2
2.404220211E2,2.282171610E-2,6.802749704E-4,1.600844553E-3,9.997380376E-1,1.773845969E2,1.851747324E-1,-7.374687853E-2,1.773844738E2
2.404270211E2,2.283268352E-2,6.740797544E-4,1.595962094E-3,9.997377992E-1,1.773833398E2,1.845999860E-1,-7.304788878E-2,1.773832182E2
2.404320211E2,2.283491343E-2,6.716814823E-4,1.602393924E-3,9.997377396E-1,1.773830842E2,1.853307152E-1,-7.275589637E-2,1.773829626E2
2.404370211E2,2.281834523E-2,6.831368664E-4,1.610425534E-3,9.997380972E-1,1.773849833E2,1.862795838E-1,-7.405031278E-2,1.773848589E2
2.404420211E2,2.281331994E-2,6.871256628E-4,1.605914324E-3,9.997382164E-1,1.773855593E2,1.857728276E-1,-7.452000589E-2,1.773854345E2
2.404470211E2,2.281637878E-2,6.846569595E-4,1.600609743E-3,9.997381568E-1,1.773852087E2,1.851588970E-1,-7.425048875E-2,1.773850847E2
2.404520211E2,2.281659253E-2,6.853234954E-4,1.597273978E-3,9.997381568E-1,1.773851842E2,1.847785042E-1,-7.433553066E-2,1.773850604E2
2.404570211E2,2.281388573E-2,6.871180376E-4,1.597859780E-3,9.997382164E-1,1.773854944E2,1.848501056E-1,-7.454008505E-2,1.773853702E2
2.404620211E2,2.282183252E-2,6.807643804E-4,1.598975738E-3,9.997380376E-1,1.773845836E2,1.849619260E-1,-7.380781209E-2,1.773844605E2
2.404670211E2,2.281366036E-2,6.865550531E-4,1.601315802E-3,9.997382164E-1,1.773855203E2,1.852445454E-1,-7.446659496E-2,1.773853959E2
2.404720211E2,2.280800027E-2,6.906164344E-4,1.605766360E-3,9.997383356E-1,1.773861690E2,1.857646048E-1,-7.492128958E-2,1.773860436E2
2.404770211E2,2.281897048E-2,6.830252823E-4,1.601589145E-3,9.997380972E-1,1.773849116E2,1.852670245E-1,-7.406052009E-2,1.773847879E2
2.404820211E2,2.283774342E-2,6.702974206E-4,1.599827548E-3,9.997376800E-1,1.773827598E2,1.850332897E-1,-7.260352806E-2,1.773826387E2
2.404870211E2,2.283223362E-2,6.731217727E-4,1.602788339E-3,9.997377992E-1,1.773833914E2,1.853794740E-1,-7.292036306E-2,1.773832695E2
2.404920211E2,2.282148299E-2,6.814647932E-4,1.603659242E-3,9.997380376E-1,1.773846236E2,1.855002834E-1,-7.387586849E-2,1.773845001E2
2.404970211E2,2.282703862E-2,6.766110891E-4,1.600957359E-3,9.997379184E-1,1.773839868E2,1.851784630E-1,-7.332585760E-2,1.773838644E2
2.405020211E2,2.282953954E-2,6.756857038E-4,1.602906967E-3,9.997378588E-1,1.773837002E2,1.853995760E-1,-7.321428021E-2,1.773835778E2
2.405070211E2,2.282906076E-2,6.762467674E-4,1.609475818E-3,9.997378588E-1,1.773837551E2,1.861535490E-1,-7.326146026E-2,1.773836321E2
2.405120211E2,2.283095994E-2,6.748080486E-4,1.620128867E-3,9.997377992E-1,1.773835374E2,1.873703573E-1,-7.306841254E-2,1.773834139E2
2.405170211E2,2.283932975E-2,6.688004360E-4,1.614983659E-3,9.997376204E-1,1.773825780E2,1.867657990E-1,-7.239206922E-2,1.773824560E2
2.405220211E2,2.282883284E-2,6.749657332E-4,1.613241970E-3,9.997378588E-1,1.773837812E2,1.865816382E-1,-7.310489273E-2,1.773836581E2
2.405270211E2,2.283926848E-2,6.691155140E-4,1.615719404E-3,9.997376204E-1,1.773825850E2,1.868509076E-1,-7.242625081E-2,1.773824629E2
2.405320211E2,2.285282979E-2,6.595840096E-4,1.612283755E-3,9.997373223E-1,1.773810306E2,1.864333318E-1,-7.134077029E-2,1.773809106E2
2.405370211E2,2.285588553E-2,6.564668147E-4,1.607191749E-3,9.997372627E-1,1.773806804E2,1.858420349E-1,-7.099642702E-2,1.773805613E2
2.405420211E2,2.285854970E-2,6.547591183E-4,1.607075450E-3,9.997372031E-1,1.773803750E2,1.858244269E-1,-7.080060019E-2,1.773802562E2
2.405470211E2,2.284719401E-2,6.622819928E-4,1.617124537E-3,9.997374415E-1,1.773816766E2,1.869945631E-1,-7.163823207E-2,1.773815557E2
2.405520211E2,2.283954708E-2,6.684885593E-4,1.612036489E-3,9.997376204E-1,1.773825531E2,1.864273650E-1,-7.236401331E-2,1.773824314E2
2.405570211E2,2.285584025E-2,6.568156532E-4,1.607693150E-3,9.997372627E-1,1.773806855E2,1.859003868E-1,-7.103508562E-2,1.773805664E2
2.405620211E2,2.285822965E-2,6.553734420E-4,1.611371641E-3,9.997372031E-1,1.773804117E2,1.863181931E-1,-7.085978371E-2,1.773802925E2
2.405670211E2,2.284976427E-2,6.617392064E-4,1.617879956E-3,9.997373819E-1,1.773813820E2,1.870798681E-1,-7.157359081E-2,1.773812611E2
2.405720211E2,2.284745990E-2,6.635755999E-4,1.612832071E-3,9.997374415E-1,1.773816461E2,1.865062166E-1,-7.179761867E-2,1.773815253E2
2.405770211E2,2.285281872E-2,6.597661413E-4,1.612366177E-3,9.997373223E-1,1.773810319E2,1.864432504E-1,-7.136142179E-2,1.773809118E2
2.405820211E2,2.284719125E-2,6.632726290E-4,1.616757596E-3,9.997374415E-1,1.773816769E2,1.869551194E-1,-7.175268210E-2,1.773815558E2
2.405870211E2,2.285554281E-2,6.580838817E-4,1.611398766E-3,9.997372627E-1,1.773807196E2,1.863282099E-1,-7.117072542E-2,1.773805999E2
2.405920211E2,2.286645260E-2,6.503048353E-4,1.607693499E-3,9.997370243E-1,1.773794691E2,1.858841183E-1,-7.028722253E-2,1.773793512E2
2.405970211E2,2.285582166E-2,6.571027334E-4,1.607840066E-3,9.997372627E-1,1.773806877E2,1.859179685E-1,-7.106759261E-2,1.773805684E2
2.406020211E2,2.284765970E-2,6.621193024E-4,1.610598643E-3,9.997374415E-1,1.773816232E2,1.862465520E-1,-7.163659348E-2,1.773815028E2
2.406070211E2,2.286662630E-2,6.496027927E-4,1.605505240E-3,9.997370243E-1,1.773794492E2,1.856315998E-1,-7.021249741E-2,1.773793316E2
2.406120211E2,2.287239610E-2,6.453435053E-4,1.599254087E-3,9.997369051E-1,1.773787879E2,1.849046967E-1,-6.973986087E-2,1.773786715E2
2.406170211E2,2.286415282E-2,6.525055505E-4,1.602436765E-3,9.997370839E-1,1.773797327E2,1.852875024E-1,-7.055354079E-2,1.773796147E2
2.406220211E2,2.286357024E-2,6.526173092E-4,1.610682462E-3,9.997370839E-1,1.773797995E2,1.862323961E-1,-7.054484750E-2,1.773796809E2
2.406270211E2,2.287210365E-2,6.461263984E-4,1.603115816E-3,9.997369051E-1,1.773788214E2,1.853491350E-1,-6.981948246E-2,1.773787046E2
2.406320211E2,2.287806352E-2,6.427590852E-4,1.593741355E-3,9.997367859E-1,1.773781383E2,1.842667674E-1,-6.945719081E-2,1.773780227E2
2.406370211E2,2.287780330E-2,6.425516331E-4,1.597555820E-3,9.997367859E-1,1.773781681E2,1.847031972E-1,-6.942347229E-2,1.773780523E2
2.406420211E2,2.288043866E-2,6.404945743E-4,1.597939990E-3,9.997367263E-1,1.773778660E2,1.847419974E-1,-6.918631852E-2,1.773777506E2
2.406470211E2,2.287548401E-2,6.442689919E-4,1.592768589E-3,9.997368455E-1,1.773784340E2,1.841591049E-1,-6.963319341E-2,1.773783182E2
2.406520211E2,2.287286426E-2,6.451097433E-4,1.592639019E-3,9.997369051E-1,1.773787342E2,1.841462825E-1,-6.973033331E-2,1.773786183E2
2.406570211E2,2.288332773E-2,6.380745326E-4,1.594825881E-3,9.997366667E-1,1.773775349E2,1.843790927E-1,-6.891670753E-2,1.773774201E2
2.406620211E2,2.288874968E-2,6.346075679E-4,1.593130291E-3,9.997365475E-1,1.773769134E2,1.841761222E-1,-6.852297472E-2,1.773767994E2
2.406670211E2,2.287837314E-2,6.429551286E-4,1.589211170E-3,9.997367859E-1,1.773781028E2,1.837483169E-1,-6.949146994E-2,1.773779875E2
2.406720211E2,2.287776162E-2,6.424156018E-4,1.598207280E-3,9.997367859E-1,1.773781729E2,1.847774701E-1,-6.940618811E-2,1.773780571E2
2.406770211E2,2.287463304E-2,6.435773685E-4,1.605221070E-3,9.997368455E-1,1.773785315E2,1.855838109E-1,-6.952147435E-2,1.773784150E2
2.406820211E2,2.287815300E-2,6.417025579E-4,1.592882327E-3,9.997367859E-1,1.773781280E2,1.841655916E-1,-6.933838921E-2,1.773780127E2
2.406870211E2,2.288123832E-2,6.401044084E-4,1.586605911E-3,9.997367263E-1,1.773777744E2,1.834425775E-1,-6.917119205E-2,1.773776598E2
2.406920211E2,2.289088521E-2,6.328231539E-4,1.600543503E-3,9.997364879E-1,1.773766686E2,1.850208577E-1,-6.829870985E-2,1.773765545E2
2.406970211E2,2.288211630E-2,6.383055588E-4,1.612022519E-3,9.997366667E-1,1.773776737E2,1.863496922E-1,-6.889830434E-2,1.773775578E2
2.407020211E2,2.287769776E-2,6.418255507E-4,1.599358045E-3,9.997367859E-1,1.773781802E2,1.849077523E-1,-6.933558584E-2,1.773780644E2
2.407070211E2,2.289439112E-2,6.310156314E-4,1.588295563E-3,9.997364283E-1,1.773762668E2,1.836132094E-1,-6.812312268E-2,1.773761538E2
2.407120211E2,2.289371323E-2,6.312038749E-4,1.597962575E-3,9.997364283E-1,1.773763445E2,1.847211267E-1,-6.811945080E-2,1.773762308E2
2.407170211E2,2.288522476E-2,6.365769077E-4,1.605531783E-3,9.997366071E-1,1.773773175E2,1.856017824E-1,-6.871671064E-2,1.773772022E2
2.407220211E2,2.289382309E-2,6.311518955E-4,1.596408430E-3,9.997364283E-1,1.773763319E2,1.845429523E-1,-6.811755305E-2,1.773762183E2
2.407270211E2,2.290480027E-2,6.234571920E-4,1.591271604E-3,9.997361898E-1,1.773750737E2,1.839350179E-1,-6.724749424E-2,1.773749619E2
2.407320211E2,2.289857841E-2,6.274736952E-4,1.604290330E-3,9.997363091E-1,1.773757868E2,1.854365875E-1,-6.767461266E-2,1.773756734E2
2.407370211E2,2.290362620E-2,6.246038829E-4,1.607636921E-3,9.997361898E-1,1.773752082E2,1.858127874E-1,-6.733612303E-2,1.773750952E2
2.407420211E2,2.291191550E-2,6.191022694E-4,1.602839213E-3,9.997360110E-1,1.773742581E2,1.852492658E-1,-6.671690714E-2,1.773741464E2
2.407470211E2,2.289885761E-2,6.281571696E-4,1.600032090E-3,9.997363091E-1,1.773757548E2,1.849505688E-1,-6.776403482E-2,1.773756416E2
2.407520211E2,2.289621083E-2,6.291515310E-4,1.600276330E-3,9.997363687E-1,1.773760582E2,1.849809791E-1,-6.787779906E-2,1.773759448E2
2.407570211E2,2.289858941E-2,6.273650215E-4,1.604175894E-3,9.997363091E-1,1.773757856E2,1.854231930E-1,-6.766246110E-2,1.773756722E2
2.407620211E2,2.289559513E-2,6.298993248E-4,1.608768711E-3,9.997363687E-1,1.773761288E2,1.859558014E-1,-6.794129931E-2,1.773760146E2
2.407670211E2,2.288813815E-2,6.350277690E-4,1.601725467E-3,9.997365475E-1,1.773769835E2,1.851618609E-1,-6.854868187E-2,1.773768689E2
2.407720211E2,2.290130187E-2,6.261474919E-4,1.603076351E-3,9.997362494E-1,1.773754747E2,1.852942155E-1,-6.752536181E-2,1.773753616E2
2.407770211E2,2.288559060E-2,6.366456510E-4,1.600281219E-3,9.997366071E-1,1.773772755E2,1.850004741E-1,-6.873828825E-2,1.773771607E2
2.407820211E2,2.288812615E-2,6.345837610E-4,1.602072851E-3,9.997365475E-1,1.773769849E2,1.852004923E-1,-6.849690676E-2,1.773768703E2
2.407870211E2,2.290932752E-2,6.213058368E-4,1.601801137E-3,9.997360706E-1,1.773745548E2,1.851359550E-1,-6.697255564E-2,1.773744427E2
2.407920211E2,2.290651120E-2,6.227066042E-4,1.604331192E-3,9.997361302E-1,1.773748776E2,1.854292909E-1,-6.712690957E-2,1.773747651E2
2.407970211E2,2.288794200E-2,6.350657204E-4,1.604510820E-3,9.997365475E-1,1.773770060E2,1.854810419E-1,-6.854576031E-2,1.773768911E2
2.408020211E2,2.289822647E-2,6.283142138E-4,1.608977909E-3,9.997363091E-1,1.773758272E2,1.859757866E-1,-6.775866842E-2,1.773757133E2
2.408070211E2,2.291655424E-2,6.160223274E-4,1.612038119E-3,9.997358918E-1,1.773737264E2,1.862953283E-1,-6.633904756E-2,1.773736147E2
2.408120211E2,2.291141303E-2,6.195420283E-4,1.609836589E-3,9.997360110E-1,1.773743157E2,1.860520181E-1,-6.674900752E-2,1.773742034E2
2.408170211E2,2.290109493E-2,6.256761844E-4,1.606213627E-3,9.997362494E-1,1.773754984E2,1.856523763E-1,-6.746317311E-2,1.773753852E2
2.408220211E2,2.290865336E-2,6.200252101E-4,1.611907384E-3,9.997360706E-1,1.773746320E2,1.862903363E-1,-6.679943868E-2,1.773745195E2
2.408270211E2,2.290832931E-2,6.217304035E-4,1.615851186E-3,9.997360706E-1,1.773746692E2,1.867466001E-1,-6.698449499E-2,1.773745561E2
2.408320211E2,2.290093762E-2,6.257587229E-4,1.608422841E-3,9.997362494E-1,1.773755164E2,1.859056736E-1,-6.746686024E-2,1.773754031E2
2.408370211E2,2.290367833E-2,6.243568496E-4,1.606990118E-3,9.997361898E-1,1.773752023E2,1.857380436E-1,-6.730951052E-2,1.773750893E2
2.408420211E2,2.290594613E-2,6.223928649E-4,1.612500171E-3,9.997361302E-1,1.773749423E2,1.863642815E-1,-6.706962886E-2,1.773748293E2
2.408470211E2,2.289285733E-2,6.325905561E-4,1.609633677E-3,9.997364283E-1,1.773764426E2,1.860617682E-1,-6.824785055E-2,1.773763279E2
2.408520211E2,2.287704762E-2,6.429242785E-4,1.608191989E-3,9.997367859E-1,1.773782547E2,1.859226203E-1,-6.943841853E-2,1.773781381E2
2.408570211E2,2.289498935E-2,6.307981675E-4,1.617016504E-3,9.997363687E-1,1.773761982E2,1.869030001E-1,-6.802274499E-2,1.773760833E2
2.408620211E2,2.289187679E-2,6.318016676E-4,1.623826334E-3,9.997364283E-1,1.773765550E2,1.876855671E-1,-6.812042479E-2,1.773764394E2
2.408670211E2,2.287353999E-2,6.441963487E-4,1.620476018E-3,9.997368455E-1,1.773786568E2,1.873329916E-1,-6.955260172E-2,1.773785391E2
2.408720211E2,2.287903901E-2,6.418793928E-4,1.617307542E-3,9.997367263E-1,1.773780265E2,1.869643127E-1,-6.929444484E-2,1.773779094E2
2.408770211E2,2.288672102E-2,6.364876172E-4,1.621276373E-3,9.997365475E-1,1.773771459E2,1.874053789E-1,-6.866490957E-2,1.773770297E2
2.408820211E2,2.287922311E-2,6.407493493E-4,1.615149900E-3,9.997367263E-1,1.773780054E2,1.867141791E-1,-6.917060810E-2,1.773778887E2
2.408870211E2,2.289024595E-2,6.327839219E-4,1.609675470E-3,9.997364879E-1,1.773767419E2,1.860668851E-1,-6.827037919E-2,1.773766271E2
2.408920211E2,2.289237277E-2,6.318622618E-4,1.616795431E-3,9.997364283E-1,1.773764981E2,1.868802874E-1,-6.814571825E-2,1.773763830E2
2.408970211E2,2.288123349E-2,6.395845558E-4,1.624002005E-3,9.997366667E-1,1.773777749E2,1.877253764E-1,-6.901358099E-2,1.773776579E2
2.409020211E2,2.288425745E-2,6.376022939E-4,1.618857263E-3,9.997366071E-1,1.773774283E2,1.871309956E-1,-6.879941434E-2,1.773773120E2
2.409070211E2,2.290062981E-2,6.270928425E-4,1.612281194E-3,9.997362494E-1,1.773755517E2,1.863511738E-1,-6.760963043E-2,1.773754378E2
2.409120211E2,2.289749334E-2,6.280419184E-4,1.619483228E-3,9.997363091E-1,1.773759112E2,1.871785297E-1,-6.770004454E-2,1.773757967E2
2.409170211E2,2.289983158E-2,6.269858568E-4,1.623620745E-3,9.997362494E-1,1.773756432E2,1.876499175E-1,-6.756776503E-2,1.773755286E2
2.409220211E2,2.290566233E-2,6.234957837E-4,1.616101363E-3,9.997361302E-1,1.773749749E2,1.867797164E-1,-6.718658082E-2,1.773748614E2
2.409270211E2,2.289277281E-2,6.326157600E-4,1.610825537E-3,9.997364283E-1,1.773764523E2,1.861983701E-1,-6.824762691E-2,1.773763375E2
2.409320211E2,2.289514221E-2,6.301008980E-4,1.615123008E-3,9.997363687E-1,1.773761807E2,1.866842588E-1,-6.794780423E-2,1.773760661E2
2.409370211E2,2.291355773E-2,6.175272865E-4,1.617084839E-3,9.997359514E-1,1.773740699E2,1.868772423E-1,-6.649876430E-2,1.773739575E2
2.409420211E2,2.290283089E-2,6.240318180E-4,1.619148301E-3,9.997361898E-1,1.773752994E2,1.871299956E-1,-6.724052168E-2,1.773751857E2
2.409470211E2,2.288489449E-2,6.373042124E-4,1.609944855E-3,9.997366071E-1,1.773773553E2,1.861092365E-1,-6.878851958E-2,1.773772397E2
2.409520211E2,2.289821783E-2,6.273458712E-4,1.609478611E-3,9.997363091E-1,1.773758282E2,1.860306061E-1,-6.764642149E-2,1.773757144E2
2.409570211E2,2.290567720E-2,6.220754003E-4,1.616438036E-3,9.997361302E-1,1.773749732E2,1.868145586E-1,-6.702297326E-2,1.773748600E2
2.409620211E2,2.289214281E-2,6.318234955E-4,1.620063325E-3,9.997364283E-1,1.773765245E2,1.872545457E-1,-6.813274723E-2,1.773764092E2
2.409670211E2,2.289778778E-2,6.279548397E-4,1.615348738E-3,9.997363091E-1,1.773758775E2,1.867046668E-1,-6.770086251E-2,1.773757632E2
2.409720211E2,2.291088306E-2,6.188992411E-4,1.617607661E-3,9.997360110E-1,1.773743765E2,1.869405620E-1,-6.665506455E-2,1.773742638E2
2.409770211E2,2.289523630E-2,6.293224287E-4,1.614092384E-3,9.997363687E-1,1.773761699E2,1.865641524E-1,-6.786130821E-2,1.773760555E2
2.409820211E2,2.289550918E-2,6.294249906E-4,1.610176987E-3,9.997363687E-1,1.773761386E2,1.861158855E-1,-6.788327995E-2,1.773760245E2
2.409870211E2,2.291634178E-2,6.158830365E-4,1.615108806E-3,9.997358918E-1,1.773737508E2,1.866467314E-1,-6.631506576E-2,1.773736388E2
2.409920211E2,2.291073607E-2,6.197745097E-4,1.619353425E-3,9.997360110E-1,1.773743933E2,1.871428481E-1,-6.675078049E-2,1.773742803E2
2.409970211E2,2.289028974E-2,6.327375304E-4,1.609070925E-3,9.997364879E-1,1.773767369E2,1.859975087E-1,-6.826664218E-2,1.773766222E2
2.410020211E2,2.290102971E-2,6.262180978E-4,1.606932143E-3,9.997362494E-1,1.773755059E2,1.857361086E-1,-6.752338189E-2,1.773753925E2
2.410070211E2,2.291139000E-2,6.184887607E-4,1.610569190E-3,9.997360110E-1,1.773743183E2,1.861331790E-1,-6.662642455E-2,1.773742062E2
2.410120211E2,2.290310892E-2,6.249196595E-4,1.614867477E-3,9.997361898E-1,1.773752675E2,1.866419262E-1,-6.735341750E-2,1.773751539E2
2.410170211E2,2.289282188E-2,6.308366428E-4,1.610825886E-3,9.997364283E-1,1.773764467E2,1.861937457E-1,-6.804379872E-2,1.773763322E2
2.410220211E2,2.289089661E-2,6.330248434E-4,1.600300777E-3,9.997364879E-1,1.773766673E2,1.849935805E-1,-6.832245030E-2,1.773765532E2
2.410270211E2,2.288536674E-2,6.362424465E-4,1.603639452E-3,9.997366071E-1,1.773773012E2,1.853841262E-1,-6.868333074E-2,1.773771862E2
2.410320211E2,2.288005778E-2,6.412407383E-4,1.603086130E-3,9.997367263E-1,1.773779097E2,1.853334784E-1,-6.925837743E-2,1.773777938E2
2.410370211E2,2.287764454E-2,6.427755579E-4,1.599737792E-3,9.997367859E-1,1.773781863E2,1.849537440E-1,-6.944343429E-2,1.773780703E2
2.410420211E2,2.287751272E-2,6.430880749E-4,1.601496362E-3,9.997367859E-1,1.773782014E2,1.851560191E-1,-6.947465064E-2,1.773780853E2
2.410470211E2,2.288021981E-2,6.402039435E-4,1.601186814E-3,9.997367263E-1,1.773778911E2,1.851131820E-1,-6.914455071E-2,1.773777755E2
2.410520211E2,2.288562328E-2,6.363107241E-4,1.599946991E-3,9.997366071E-1,1.773772718E2,1.849613081E-1,-6.870078906E-2,1.773771570E2
2.410570211E2,2.287991879E-2,6.413553492E-4,1.605022815E-3,9.997367263E-1,1.773779256E2,1.855556394E-1,-6.926645526E-2,1.773778095E2
2.410620211E2,2.288512464E-2,6.371766794E-4,1.606720500E-3,9.997366071E-1,1.773773289E2,1.857395301E-1,-6.878232244E-2,1.773772135E2
2.410670211E2,2.288791339E-2,6.347135641E-4,1.605058205E-3,9.997365475E-1,1.773770093E2,1.855428256E-1,-6.850398637E-2,1.773768944E2
2.410720211E2,2.288568148E-2,6.364387227E-4,1.599063398E-3,9.997366071E-1,1.773772651E2,1.848604219E-1,-6.871775933E-2,1.773771504E2
2.410770211E2,2.288579384E-2,6.366622983E-4,1.597365364E-3,9.997366071E-1,1.773772522E2,1.846664863E-1,-6.874780502E-2,1.773771376E2
2.410820211E2,2.289060508E-2,6.327625597E-4,1.604568795E-3,9.997364879E-1,1.773767007E2,1.854818241E-1,-6.828126084E-2,1.773765863E2
2.410870211E2,2.289030520E-2,6.332566845E-4,1.608646708E-3,9.997364879E-1,1.773767351E2,1.859502726E-1,-6.832722711E-2,1.773766203E2
2.410920211E2,2.289319277E-2,6.323315902E-4,1.604957855E-3,9.997364283E-1,1.773764041E2,1.855254415E-1,-6.823038758E-2,1.773762898E2
2.410970211E2,2.289054451E-2,6.328012678E-4,1.605417347E-3,9.997364879E-1,1.773767077E2,1.855791330E-1,-6.828348062E-2,1.773765932E2
2.411020211E2,2.289554843E-2,6.294622435E-4,1.609604107E-3,9.997363687E-1,1.773761341E2,1.860503558E-1,-6.788904348E-2,1.773760200E2
2.411070211E2,2.290850492E-2,6.209400599E-4,1.613663859E-3,9.997360706E-1,1.773746490E2,1.864939529E-1,-6.689966161E-2,1.773745362E2
2.411120211E2,2.290091451E-2,6.265275879E-4,1.608452643E-3,9.997362494E-1,1.773755191E2,1.859111042E-1,-6.755486855E-2,1.773754056E2
2.411170211E2,2.289329960E-2,6.311636535E-4,1.603893470E-3,9.997364283E-1,1.773763919E2,1.854004466E-1,-6.809935971E-2,1.773762778E2
2.411220211E2,2.290646044E-2,6.216936163E-4,1.605448429E-3,9.997361302E-1,1.773748834E2,1.855546209E-1,-6.700793696E-2,1.773747710E2
2.411270211E2,2.290325365E-2,6.235920591E-4,1.613327302E-3,9.997361898E-1,1.773752510E2,1.864620062E-1,-6.720534118E-2,1.773751377E2
2.411320211E2,2.288758568E-2,6.344708381E-4,1.609820174E-3,9.997365475E-1,1.773770468E2,1.860877059E-1,-6.846375026E-2,1.773769317E2
2.411370211E2,2.290134773E-2,6.268888246E-4,1.602131291E-3,9.997362494E-1,1.773754694E2,1.851878967E-1,-6.761276164E-2,1.773753563E2
2.411420211E2,2.291457518E-2,6.169417175E-4,1.602828270E-3,9.997359514E-1,1.773739533E2,1.852425157E-1,-6.646892733E-2,1.773738419E2
2.411470211E2,2.290383601E-2,6.251364248E-4,1.604437712E-3,9.997361898E-1,1.773751842E2,1.854476925E-1,-6.740548974E-2,1.773750712E2
2.411520211E2,2.288829824E-2,6.346646696E-4,1.599580282E-3,9.997365475E-1,1.773769652E2,1.849151633E-1,-6.851268170E-2,1.773768507E2
2.411570211E2,2.290458204E-2,6.247489364E-4,1.593903988E-3,9.997361898E-1,1.773750987E2,1.842399643E-1,-6.738860894E-2,1.773749865E2
2.411620211E2,2.290184446E-2,6.257491768E-4,1.595462440E-3,9.997362494E-1,1.773754125E2,1.844209440E-1,-6.749961225E-2,1.773753000E2
2.411670211E2,2.288563803E-2,6.369382027E-4,1.599486219E-3,9.997366071E-1,1.773772701E2,1.849101680E-1,-6.877387959E-2,1.773771552E2
2.411720211E2,2.289887846E-2,6.279176450E-4,1.599827665E-3,9.997363091E-1,1.773757524E2,1.849265223E-1,-6.773712715E-2,1.773756393E2
2.411770211E2,2.291438879E-2,6.173028960E-4,1.605351921E-3,9.997359514E-1,1.773739746E2,1.855325655E-1,-6.650371208E-2,1.773738631E2
2.411820211E2,2.289322625E-2,6.318329251E-4,1.604676712E-3,9.997364283E-1,1.773764003E2,1.854919272E-1,-6.817399118E-2,1.773762861E2
2.411870211E2,2.289609465E-2,6.303800619E-4,1.601454569E-3,9.997363687E-1,1.773760715E2,1.851191761E-1,-6.801547127E-2,1.773759578E2
2.411920211E2,2.290923129E-2,6.203163066E-4,1.603560057E-3,9.997360706E-1,1.773745658E2,1.853348552E-1,-6.685459381E-2,1.773744538E2
2.411970211E2,2.290892158E-2,6.202355726E-4,1.608009683E-3,9.997360706E-1,1.773746013E2,1.858443793E-1,-6.683372069E-2,1.773744890E2
2.412020211E2,2.289553838E-2,6.290487945E-4,1.609908766E-3,9.997363687E-1,1.773761353E2,1.860841725E-1,-6.784088071E-2,1.773760212E2
2.412070211E2,2.289272153E-2,6.321083056E-4,1.611753250E-3,9.997364283E-1,1.773764582E2,1.863033157E-1,-6.818706799E-2,1.773763434E2
2.412120211E2,2.290577352E-2,6.223748787E-4,1.614957117E-3,9.997361302E-1,1.773749621E2,1.866456946E-1,-6.706115122E-2,1.773748490E2
2.412170211E2,2.290028721E-2,6.267962162E-4,1.617255155E-3,9.997362494E-1,1.773755910E2,1.869201977E-1,-6.756265923E-2,1.773754768E2
2.412220211E2,2.289826284E-2,6.280505331E-4,1.608563238E-3,9.997363091E-1,1.773758230E2,1.859275916E-1,-6.772954215E-2,1.773757092E2
2.412270211E2,2.290102644E-2,6.258348003E-4,1.607128070E-3,9.997362494E-1,1.773755062E2,1.857575481E-1,-6.747895723E-2,1.773753929E2
2.412320211E2,2.289824733E-2,6.277168868E-4,1.608914114E-3,9.997363091E-1,1.773758248E2,1.859669119E-1,-6.769040134E-2,1.773757110E2
2.412370211E2,2.289038313E-2,6.326063885E-4,1.607793500E-3,9.997364879E-1,1.773767262E2,1.858508270E-1,-6.825495190E-2,1.773766116E2
2.412420211E2,2.288546037E-2,6.360944826E-4,1.602361444E-3,9.997366071E-1,1.773772904E2,1.852373338E-1,-6.866971413E-2,1.773771755E2
2.412470211E2,2.289081777E-2,6.339887041E-4,1.601046766E-3,9.997364879E-1,1.773766764E2,1.850815655E-1,-6.843092922E-2,1.773765620E2
2.412520211E2,2.289624331E-2,6.290339516E-4,1.599857700E-3,9.997363687E-1,1.773760545E2,1.849327139E-1,-6.786542140E-2,1.773759411E2
2.412570211E2,2.288261094E-2,6.394686643E-4,1.604522695E-3,9.997366667E-1,1.773776171E2,1.854935835E-1,-6.905112574E-2,1.773775014E2
2.412620211E2,2.286671674E-2,6.492229295E-4,1.604370424E-3,9.997370243E-1,1.773794389E2,1.855006040E-1,-7.017193667E-2,1.773793213E2
2.412670211E2,2.286403031E-2,6.521178293E-4,1.604341553E-3,9.997370839E-1,1.773797468E2,1.855046937E-1,-7.050415476E-2,1.773796287E2
2.412720211E2,2.286953937E-2,6.481749006E-4,1.601700787E-3,9.997369647E-1,1.773791153E2,1.851922169E-1,-7.005834574E-2,1.773789982E2
2.412770211E2,2.286691241E-2,6.498143193E-4,1.601339318E-3,9.997370243E-1,1.773794164E2,1.851549186E-1,-7.024759379E-2,1.773792990E2
2.412820211E2,2.286431259E-2,6.508224760E-4,1.600840827E-3,9.997370839E-1,1.773797144E2,1.851002698E-1,-7.036487733E-2,1.773795969E2
2.412870211E2,2.287270796E-2,6.456164410E-4,1.594677102E-3,9.997369051E-1,1.773787521E2,1.843810863E-1,-6.978306802E-2,1.773786360E2
2.412920211E2,2.287818239E-2,6.415279349E-4,1.592530520E-3,9.997367859E-1,1.773781247E2,1.841248321E-1,-6.931930109E-2,1.773780094E2
2.412970211E2,2.287252809E-2,6.464167382E-4,1.596931252E-3,9.997369051E-1,1.773787728E2,1.846414111E-1,-6.986887600E-2,1.773786563E2
2.413020211E2,2.286685782E-2,6.503070472E-4,1.601918717E-3,9.997370243E-1,1.773794227E2,1.852225831E-1,-7.030253323E-2,1.773793051E2
2.413070211E2,2.286934700E-2,6.475849077E-4,1.604683464E-3,9.997369647E-1,1.773791374E2,1.855323579E-1,-6.998297407E-2,1.773790202E2
2.413120211E2,2.287438534E-2,6.437639822E-4,1.608672203E-3,9.997368455E-1,1.773785599E2,1.859796508E-1,-6.953385251E-2,1.773784431E2
2.413170211E2,2.286636573E-2,6.505295751E-4,1.608837745E-3,9.997370243E-1,1.773794791E2,1.860157880E-1,-7.030998680E-2,1.773793610E2
2.413220211E2,2.287220052E-2,6.466016057E-4,1.601541415E-3,9.997369051E-1,1.773788103E2,1.851700213E-1,-6.987803158E-2,1.773786935E2
2.413270211E2,2.288306506E-2,6.383882137E-4,1.598465140E-3,9.997366667E-1,1.773775650E2,1.847968172E-1,-6.894314841E-2,1.773774499E2
2.413320211E2,2.287467378E-2,6.436376716E-4,1.604616176E-3,9.997368455E-1,1.773785268E2,1.855146741E-1,-6.952996085E-2,1.773784103E2
2.413370211E2,2.287221712E-2,6.457547424E-4,1.601646072E-3,9.997369051E-1,1.773788084E2,1.851797923E-1,-6.978073630E-2,1.773786917E2
2.413420211E2,2.288578245E-2,6.371354684E-4,1.597339869E-3,9.997366071E-1,1.773772535E2,1.846648058E-1,-6.880208102E-2,1.773771388E2
2.413470211E2,2.287726635E-2,6.428859197E-4,1.605092897E-3,9.997367859E-1,1.773782297E2,1.855674974E-1,-6.944210818E-2,1.773781133E2
2.413520211E2,2.286922693E-2,6.482324679E-4,1.606132486E-3,9.997369647E-1,1.773791511E2,1.857000492E-1,-7.005338428E-2,1.773790337E2
2.413570211E2,2.288320521E-2,6.387558533E-4,1.596310525E-3,9.997366667E-1,1.773775489E2,1.845509545E-1,-6.899088995E-2,1.773774339E2
2.413620211E2,2.288630851E-2,6.360940752E-4,1.590201748E-3,9.997366071E-1,1.773771932E2,1.838443548E-1,-6.870140149E-2,1.773770792E2
2.413670211E2,2.288005998E-2,6.406514440E-4,1.603290322E-3,9.997367263E-1,1.773779094E2,1.853553260E-1,-6.919033124E-2,1.773777936E2
2.413720211E2,2.287525890E-2,6.445634062E-4,1.595879556E-3,9.997368455E-1,1.773784598E2,1.845162589E-1,-6.965880822E-2,1.773783437E2
2.413770211E2,2.288136032E-2,6.407034816E-4,1.584603335E-3,9.997367263E-1,1.773777604E2,1.832147382E-1,-6.924505136E-2,1.773776459E2
2.413820211E2,2.287786153E-2,6.428691559E-4,1.596593880E-3,9.997367859E-1,1.773781614E2,1.845938323E-1,-6.946235935E-2,1.773780457E2
2.413870211E2,2.288226689E-2,6.396947429E-4,1.609332045E-3,9.997366667E-1,1.773776565E2,1.860451202E-1,-6.906447822E-2,1.773775404E2
2.413920211E2,2.288033022E-2,6.405375316E-4,1.599474810E-3,9.997367263E-1,1.773778785E2,1.849179342E-1,-6.918723549E-2,1.773777629E2
2.413970211E2,2.288100348E-2,6.403294392E-4,1.589898369E-3,9.997367263E-1,1.773778013E2,1.838203411E-1,-6.918838187E-2,1.773776865E2
2.414020211E2,2.287489375E-2,6.444068276E-4,1.601167955E-3,9.997368455E-1,1.773785016E2,1.851216714E-1,-6.962707479E-2,1.773783852E2
2.414070211E2,2.287491019E-2,6.448387285E-4,1.600759220E-3,9.997368455E-1,1.773784997E2,1.850759795E-1,-6.967762238E-2,1.773783833E2
2.414120211E2,2.287568759E-2,6.436774274E-4,1.590081723E-3,9.997368455E-1,1.773784106E2,1.838497560E-1,-6.957242899E-2,1.773782951E2
2.414170211E2,2.287807501E-2,6.421587314E-4,1.593818422E-3,9.997367859E-1,1.773781370E2,1.842740231E-1,-6.938820925E-2,1.773780215E2
2.414220211E2,2.287729984E-2,6.431695656E-4,1.604501740E-3,9.997367859E-1,1.773782258E2,1.855005194E-1,-6.947614667E-2,1.773781094E2
2.414270211E2,2.287776214E-2,6.420043646E-4,1.598365023E-3,9.997367859E-1,1.773781728E2,1.847944632E-1,-6.935866254E-2,1.773780571E2
2.414320211E2,2.288380769E-2,6.384822773E-4,1.587760285E-3,9.997366667E-1,1.773774799E2,1.835707481E-1,-6.898185971E-2,1.773773655E2
2.414370211E2,2.288320405E-2,6.386314053E-4,1.596376882E-3,9.997366667E-1,1.773775491E2,1.845582300E-1,-6.897645922E-2,1.773774341E2
2.414420211E2,2.287710607E-2,6.418540725E-4,1.607788028E-3,9.997367859E-1,1.773782480E2,1.858735399E-1,-6.931686237E-2,1.773781317E2
2.414470211E2,2.287731472E-2,6.417196128E-4,1.604870078E-3,9.997367859E-1,1.773782241E2,1.855389163E-1,-6.930906957E-2,1.773781080E2
2.414520211E2,2.287502175E-2,6.446939078E-4,1.599222538E-3,9.997368455E-1,1.773784869E2,1.848995625E-1,-6.966503913E-2,1.773783706E2
2.414570211E2,2.287243005E-2,6.454652757E-4,1.598719275E-3,9.997369051E-1,1.773787840E2,1.848437492E-1,-6.975520659E-2,1.773786676E2
2.414620211E2,2.288275112E-2,6.395970122E-4,1.602471108E-3,9.997366667E-1,1.773776010E2,1.852588963E-1,-6.907118330E-2,1.773774854E2
2.414670211E2,2.287724668E-2,6.416639080E-4,1.605862053E-3,9.997367859E-1,1.773782319E2,1.856524079E-1,-6.930009996E-2,1.773781157E2
2.414720211E2,2.287164288E-2,6.467444473E-4,1.609428087E-3,9.997369051E-1,1.773788742E2,1.860738681E-1,-6.987382789E-2,1.773787568E2
2.414770211E2,2.287450341E-2,6.450904184E-4,1.606460428E-3,9.997368455E-1,1.773785463E2,1.857297515E-1,-6.969158681E-2,1.773784295E2
2.414820211E2,2.287707079E-2,6.430114736E-4,1.607827493E-3,9.997367859E-1,1.773782521E2,1.858810931E-1,-6.944935899E-2,1.773781355E2
2.414870211E2,2.286397270E-2,6.519114831E-4,1.605246100E-3,9.997370839E-1,1.773797534E2,1.856077754E-1,-7.047815609E-2,1.773796353E2
2.414920211E2,2.286704650E-2,6.505712518E-4,1.599115552E-3,9.997370243E-1,1.773794011E2,1.849021532E-1,-7.034011160E-2,1.773792837E2
2.414970211E2,2.287189112E-2,6.468392094E-4,1.605858211E-3,9.997369051E-1,1.773788458E2,1.856651624E-1,-6.989399458E-2,1.773787286E2
2.415020211E2,2.286622898E-2,6.509021041E-4,1.610629726E-3,9.997370243E-1,1.773794948E2,1.862220473E-1,-7.034799401E-2,1.773793765E2
2.415070211E2,2.286125574E-2,6.533053820E-4,1.606253907E-3,9.997371435E-1,1.773800648E2,1.857266923E-1,-7.063570734E-2,1.773799464E2
2.415120211E2,2.287439779E-2,6.436367403E-4,1.608546125E-3,9.997368455E-1,1.773785585E2,1.859648744E-1,-6.951960366E-2,1.773784417E2
2.415170211E2,2.286591748E-2,6.508131628E-4,1.615081797E-3,9.997370243E-1,1.773795305E2,1.867318296E-1,-7.032619674E-2,1.773794119E2
2.415220211E2,2.285304279E-2,6.592599093E-4,1.609394676E-3,9.997373223E-1,1.773810062E2,1.861015199E-1,-7.131116733E-2,1.773808864E2
2.415270211E2,2.285322344E-2,6.585008814E-4,1.607138547E-3,9.997373223E-1,1.773809855E2,1.858410785E-1,-7.123008693E-2,1.773808660E2
2.415320211E2,2.285307064E-2,6.590273115E-4,1.609094441E-3,9.997373223E-1,1.773810030E2,1.860665172E-1,-7.128530168E-2,1.773808833E2
2.415370211E2,2.285550737E-2,6.569552352E-4,1.612361637E-3,9.997372627E-1,1.773807237E2,1.864355593E-1,-7.103891067E-2,1.773806042E2
2.415420211E2,2.285602070E-2,6.563318311E-4,1.605323516E-3,9.997372627E-1,1.773806649E2,1.856276627E-1,-7.098583130E-2,1.773805459E2
2.415470211E2,2.284522553E-2,6.653762539E-4,1.606782665E-3,9.997375011E-1,1.773819022E2,1.858177395E-1,-7.202015847E-2,1.773817815E2
2.415520211E2,2.284495637E-2,6.649474963E-4,1.610781997E-3,9.997375011E-1,1.773819331E2,1.862747684E-1,-7.196061926E-2,1.773818121E2
2.415570211E2,2.284792879E-2,6.618119078E-4,1.606903388E-3,9.997374415E-1,1.773815924E2,1.858224310E-1,-7.161100305E-2,1.773814723E2
2.415620211E2,2.283989613E-2,6.685394910E-4,1.607062295E-3,9.997376204E-1,1.773825131E2,1.858576706E-1,-7.238280242E-2,1.773823917E2
2.415670211E2,2.283716443E-2,6.708302535E-4,1.607849146E-3,9.997376800E-1,1.773828262E2,1.859536116E-1,-7.264368429E-2,1.773827043E2
2.415720211E2,2.284771915E-2,6.623453810E-4,1.609661966E-3,9.997374415E-1,1.773816164E2,1.861398407E-1,-7.166493479E-2,1.773814960E2
2.415770211E2,2.285077529E-2,6.616722676E-4,1.603564713E-3,9.997373819E-1,1.773812661E2,1.854397844E-1,-7.160321934E-2,1.773811463E2
2.415820211E2,2.284796459E-2,6.631696015E-4,1.605834230E-3,9.997374415E-1,1.773815883E2,1.857035040E-1,-7.176933523E-2,1.773814680E2
2.415870211E2,2.285043771E-2,6.600748166E-4,1.609024242E-3,9.997373819E-1,1.773813048E2,1.860610306E-1,-7.140597928E-2,1.773811849E2
2.415920211E2,2.285342931E-2,6.591673009E-4,1.603934797E-3,9.997373223E-1,1.773809619E2,1.854758111E-1,-7.131478509E-2,1.773808425E2
2.415970211E2,2.285381303E-2,6.583979703E-4,1.598775038E-3,9.997373223E-1,1.773809179E2,1.848827119E-1,-7.124009152E-2,1.773807991E2
2.416020211E2,2.285643228E-2,6.569926627E-4,1.599181560E-3,9.997372627E-1,1.773806177E2,1.849257893E-1,-7.107754822E-2,1.773804991E2
2.416070211E2,2.284832595E-2,6.619610358E-4,1.601184718E-3,9.997374415E-1,1.773815468E2,1.851677086E-1,-7.164298704E-2,1.773814272E2
2.416120211E2,2.284843456E-2,6.630461430E-4,1.599184587E-3,9.997374415E-1,1.773815344E2,1.849414190E-1,-7.177251551E-2,1.773814146E2
2.416170211E2,2.284313055E-2,6.662633386E-4,1.599095762E-3,9.997375607E-1,1.773821424E2,1.849392849E-1,-7.214229606E-2,1.773820220E2
2.416220211E2,2.283508816E-2,6.709145382E-4,1.600223710E-3,9.997377396E-1,1.773830642E2,1.850800969E-1,-7.267368076E-2,1.773829429E2
2.416270211E2,2.284035332E-2,6.677104393E-4,1.600897405E-3,9.997376204E-1,1.773824607E2,1.851492721E-1,-7.230387619E-2,1.773823399E2
2.416320211E2,2.285354308E-2,6.584580406E-4,1.602604520E-3,9.997373223E-1,1.773809489E2,1.853215625E-1,-7.123699398E-2,1.773808297E2
2.416370211E2,2.284830030E-2,6.618267507E-4,1.601606142E-3,9.997374415E-1,1.773815498E2,1.852156341E-1,-7.162650446E-2,1.773814301E2
2.416420211E2,2.283498970E-2,6.718365476E-4,1.601241529E-3,9.997377396E-1,1.773830755E2,1.851991060E-1,-7.277666236E-2,1.773829539E2
2.416470211E2,2.284290632E-2,6.667471607E-4,1.602094388E-3,9.997375607E-1,1.773821681E2,1.852840635E-1,-7.218991535E-2,1.773820474E2
2.416520211E2,2.284266198E-2,6.662656087E-4,1.605774392E-3,9.997375607E-1,1.773821961E2,1.857043734E-1,-7.212516015E-2,1.773820752E2
2.416570211E2,2.282655545E-2,6.767775049E-4,1.607761718E-3,9.997379184E-1,1.773840422E2,1.859583834E-1,-7.332721271E-2,1.773839192E2
2.416620211E2,2.283460553E-2,6.722146063E-4,1.606552629E-3,9.997377396E-1,1.773831195E2,1.858085170E-1,-7.280614655E-2,1.773829975E2
2.416670211E2,2.284262122E-2,6.660279469E-4,1.606452628E-3,9.997375607E-1,1.773822007E2,1.857814482E-1,-7.209616540E-2,1.773820799E2
2.416720211E2,2.282678643E-2,6.778628449E-4,1.604020828E-3,9.997379184E-1,1.773840157E2,1.855326762E-1,-7.346129374E-2,1.773838928E2
2.416770211E2,2.282980672E-2,6.761164987E-4,1.598914969E-3,9.997378588E-1,1.773836696E2,1.849433918E-1,-7.327402718E-2,1.773835473E2
2.416820211E2,2.284851654E-2,6.629804848E-4,1.598040108E-3,9.997374415E-1,1.773815250E2,1.848101393E-1,-7.176797511E-2,1.773814053E2
2.416870211E2,2.284325296E-2,6.659100181E-4,1.597493538E-3,9.997375607E-1,1.773821283E2,1.847548149E-1,-7.210599073E-2,1.773820081E2
2.416920211E2,2.283284512E-2,6.732622278E-4,1.593994093E-3,9.997377992E-1,1.773833213E2,1.843724006E-1,-7.295935125E-2,1.773832000E2
2.416970211E2,2.283802407E-2,6.692126044E-4,1.596271410E-3,9.997376800E-1,1.773827277E2,1.846230727E-1,-7.248850493E-2,1.773826070E2
2.417020211E2,2.283796135E-2,6.689872826E-4,1.597262919E-3,9.997376800E-1,1.773827349E2,1.847360676E-1,-7.246010835E-2,1.773826141E2
2.417070211E2,2.283507537E-2,6.725410931E-4,1.599723357E-3,9.997377396E-1,1.773830656E2,1.850270314E-1,-7.286133311E-2,1.773829441E2
2.417120211E2,2.283244832E-2,6.737202057E-4,1.599474926E-3,9.997377992E-1,1.773833668E2,1.850014647E-1,-7.299755031E-2,1.773832450E2
2.417170211E2,2.283776054E-2,6.699618534E-4,1.599723706E-3,9.997376800E-1,1.773827579E2,1.850205162E-1,-7.256535357E-2,1.773826368E2
2.417220211E2,2.284042317E-2,6.674284232E-4,1.600018237E-3,9.997376204E-1,1.773824527E2,1.850478198E-1,-7.227385624E-2,1.773823320E2
2.417270211E2,2.284319853E-2,6.656906917E-4,1.598363044E-3,9.997375607E-1,1.773821346E2,1.848538490E-1,-7.207859826E-2,1.773820144E2
2.417320211E2,2.283763249E-2,6.694086478E-4,1.601782045E-3,9.997376800E-1,1.773827725E2,1.852548662E-1,-7.249661425E-2,1.773826514E2
2.417370211E2,2.284019983E-2,6.683057873E-4,1.602837699E-3,9.997376204E-1,1.773824783E2,1.853731032E-1,-7.236703003E-2,1.773823573E2
2.417420211E2,2.284032855E-2,6.686866400E-4,1.600843389E-3,9.997376204E-1,1.773824635E2,1.851456375E-1,-7.241585721E-2,1.773823426E2
2.417470211E2,2.283490862E-2,6.712580216E-4,1.602639793E-3,9.997377396E-1,1.773830848E2,1.853577738E-1,-7.270674155E-2,1.773829632E2
2.417520211E2,2.283229708E-2,6.730099558E-4,1.601931057E-3,9.997377992E-1,1.773833841E2,1.852809741E-1,-7.290978447E-2,1.773832623E2
2.417570211E2,2.284025767E-2,6.681575906E-4,1.602075063E-3,9.997376204E-1,1.773824716E2,1.852853504E-1,-7.235203781E-2,1.773823507E2
2.417620211E2,2.284279842E-2,6.667914568E-4,1.603613724E-3,9.997375607E-1,1.773821804E2,1.854582297E-1,-7.219103277E-2,1.773820596E2
2.417670211E2,2.284557230E-2,6.643510424E-4,1.602270175E-3,9.997375011E-1,1.773818625E2,1.852981208E-1,-7.191445808E-2,1.773817422E2
2.417720211E2,2.283745963E-2,6.696532364E-4,1.604142599E-3,9.997376800E-1,1.773827924E2,1.855259233E-1,-7.251848891E-2,1.773826710E2
2.417770211E2,2.283746085E-2,6.704675034E-4,1.603785087E-3,9.997376800E-1,1.773827922E2,1.854870974E-1,-7.261270801E-2,1.773826707E2
2.417820211E2,2.284011683E-2,6.684641703E-4,1.603954006E-3,9.997376204E-1,1.773824878E2,1.855013980E-1,-7.238226820E-2,1.773823667E2
2.417870211E2,2.284263408E-2,6.663019303E-4,1.606156118E-3,9.997375607E-1,1.773821993E2,1.857481977E-1,-7.212832714E-2,1.773820784E2
2.417920211E2,2.284268230E-2,6.659952342E-4,1.605597441E-3,9.997375607E-1,1.773821937E2,1.856833952E-1,-7.209464506E-2,1.773820730E2
2.417970211E2,2.285053280E-2,6.605572999E-4,1.607475104E-3,9.997373819E-1,1.773812939E2,1.858848287E-1,-7.146529218E-2,1.773811740E2
2.418020211E2,2.285859623E-2,6.555065047E-4,1.606108621E-3,9.997372031E-1,1.773803697E2,1.857156265E-1,-7.088874587E-2,1.773802508E2
2.418070211E2,2.284290926E-2,6.660345825E-4,1.602348872E-3,9.997375607E-1,1.773821677E2,1.853113523E-1,-7.210761459E-2,1.773820472E2
2.418120211E2,2.284857958E-2,6.631683791E-4,1.597060589E-3,9.997374415E-1,1.773815178E2,1.846984204E-1,-7.179205367E-2,1.773813981E2
2.418170211E2,2.285932233E-2,6.548559759E-4,1.596008078E-3,9.997372031E-1,1.773802864E2,1.845568371E-1,-7.084054490E-2,1.773801684E2
2.418220211E2,2.285125762E-2,6.605910021E-4,1.597124385E-3,9.997373819E-1,1.773812108E2,1.846991713E-1,-7.149612366E-2,1.773810917E2
2.418270211E2,2.283285939E-2,6.737511721E-4,1.593583031E-3,9.997377992E-1,1.773833196E2,1.843265890E-1,-7.301643842E-2,1.773831983E2
2.418320211E2,2.284608630E-2,6.639441126E-4,1.595093869E-3,9.997375011E-1,1.773818036E2,1.844749613E-1,-7.188653255E-2,1.773816839E2
2.418370211E2,2.284843590E-2,6.628643605E-4,1.599240815E-3,9.997374415E-1,1.773815342E2,1.849473847E-1,-7.175154276E-2,1.773814145E2
2.418420211E2,2.282994506E-2,6.743844133E-4,1.597670722E-3,9.997378588E-1,1.773836537E2,1.847963267E-1,-7.307882644E-2,1.773835319E2
2.418470211E2,2.283561257E-2,6.707085413E-4,1.592809567E-3,9.997377396E-1,1.773830041E2,1.842302177E-1,-7.266938638E-2,1.773828833E2
2.418520211E2,2.285123212E-2,6.611348945E-4,1.597264200E-3,9.997373819E-1,1.773812137E2,1.847166113E-1,-7.155807137E-2,1.773810945E2
2.418570211E2,2.284306975E-2,6.670607836E-4,1.599631738E-3,9.997375607E-1,1.773821493E2,1.850027706E-1,-7.223226077E-2,1.773820288E2
2.418620211E2,2.284362580E-2,6.655832985E-4,1.592289773E-3,9.997375607E-1,1.773820856E2,1.841578334E-1,-7.208211480E-2,1.773819658E2
2.418670211E2,2.285442199E-2,6.583664217E-4,1.590059372E-3,9.997373223E-1,1.773808481E2,1.838841899E-1,-7.125919139E-2,1.773807299E2
2.418720211E2,2.285943460E-2,6.546031218E-4,1.594503061E-3,9.997372031E-1,1.773802736E2,1.843837651E-1,-7.081549941E-2,1.773801557E2
2.418770211E2,2.284868850E-2,6.629290292E-4,1.595600974E-3,9.997374415E-1,1.773815053E2,1.845305852E-1,-7.176843510E-2,1.773813858E2
2.418820211E2,2.285161954E-2,6.600022898E-4,1.592181739E-3,9.997373819E-1,1.773811693E2,1.841314168E-1,-7.144155646E-2,1.773810506E2
2.418870211E2,2.286753463E-2,6.492996472E-4,1.592639019E-3,9.997370243E-1,1.773793451E2,1.841568916E-1,-7.021131651E-2,1.773792284E2
2.418920211E2,2.286461465E-2,6.511681713E-4,1.596379676E-3,9.997370839E-1,1.773796798E2,1.845901193E-1,-7.041611393E-2,1.773795625E2
2.418970211E2,2.285644814E-2,6.561746704E-4,1.599290641E-3,9.997372627E-1,1.773806159E2,1.849361442E-1,-7.098354916E-2,1.773804974E2
2.419020211E2,2.285691803E-2,6.562570343E-4,1.592527027E-3,9.997372627E-1,1.773805620E2,1.841615413E-1,-7.101061411E-2,1.773804440E2
2.419070211E2,2.285962369E-2,6.544403732E-4,1.591856708E-3,9.997372031E-1,1.773802519E2,1.840801811E-1,-7.080375230E-2,1.773801343E2
2.419120211E2,2.285937992E-2,6.552311243E-4,1.595028909E-3,9.997372031E-1,1.773802798E2,1.844456486E-1,-7.088607686E-2,1.773801618E2
2.419170211E2,2.285639987E-2,6.567220553E-4,1.599755837E-3,9.997372627E-1,1.773806214E2,1.849908683E-1,-7.104504883E-2,1.773805028E2
2.419220211E2,2.285951734E-2,6.545879878E-4,1.593322610E-3,9.997372031E-1,1.773802641E2,1.842484966E-1,-7.081684272E-2,1.773801463E2
2.419270211E2,2.285688607E-2,6.561427144E-4,1.593032735E-3,9.997372627E-1,1.773805657E2,1.842191744E-1,-7.099619873E-2,1.773804477E2
2.419320211E2,2.285164540E-2,6.611497956E-4,1.591334352E-3,9.997373819E-1,1.773811664E2,1.840373457E-1,-7.157523077E-2,1.773810475E2
2.419370211E2,2.285142760E-2,6.613305886E-4,1.594383852E-3,9.997373819E-1,1.773811913E2,1.843871599E-1,-7.158799704E-2,1.773810722E2
2.419420211E2,2.285654109E-2,6.566403899E-4,1.597770373E-3,9.997372627E-1,1.773806052E2,1.847632061E-1,-7.104086750E-2,1.773804868E2
2.419470211E2,2.285113151E-2,6.609898410E-4,1.598762814E-3,9.997373819E-1,1.773812253E2,1.848879083E-1,-7.153754803E-2,1.773811059E2
2.419520211E2,2.284580958E-2,6.646579131E-4,1.598755829E-3,9.997375011E-1,1.773818353E2,1.848963314E-1,-7.195877045E-2,1.773817152E2
2.419570211E2,2.284880800E-2,6.618478801E-4,1.594338100E-3,9.997374415E-1,1.773814916E2,1.843830855E-1,-7.164786168E-2,1.773813724E2
2.419620211E2,2.285199833E-2,6.594476290E-4,1.586966449E-3,9.997373819E-1,1.773811259E2,1.835325180E-1,-7.139160155E-2,1.773810077E2
2.419670211E2,2.285459398E-2,6.583975046E-4,1.587572391E-3,9.997373223E-1,1.773808284E2,1.835993706E-1,-7.126923422E-2,1.773807103E2
2.419720211E2,2.285457400E-2,6.588352262E-4,1.587678446E-3,9.997373223E-1,1.773808307E2,1.836126654E-1,-7.131910617E-2,1.773807125E2
2.419770211E2,2.284656745E-2,6.638794439E-4,1.588214538E-3,9.997375011E-1,1.773817484E2,1.836867177E-1,-7.189704632E-2,1.773816293E2
2.419820211E2,2.284381169E-2,6.652530283E-4,1.589758904E-3,9.997375607E-1,1.773820643E2,1.838670411E-1,-7.205086968E-2,1.773819448E2
2.419870211E2,2.284620765E-2,6.642765948E-4,1.593216322E-3,9.997375011E-1,1.773817897E2,1.842607454E-1,-7.192951544E-2,1.773816701E2
2.419920211E2,2.284607674E-2,6.649782881E-4,1.594800036E-3,9.997375011E-1,1.773818047E2,1.844440065E-1,-7.200578031E-2,1.773816848E2
2.419970211E2,2.284613318E-2,6.648102426E-4,1.594061381E-3,9.997375011E-1,1.773817982E2,1.843589488E-1,-7.198845222E-2,1.773816785E2
2.420020211E2,2.284877818E-2,6.621720968E-4,1.594630769E-3,9.997374415E-1,1.773814950E2,1.844174610E-1,-7.168424361E-2,1.773813757E2
2.420070211E2,2.284584046E-2,6.646257825E-4,1.598327770E-3,9.997375011E-1,1.773818317E2,1.848472102E-1,-7.195620450E-2,1.773817117E2
2.420120211E2,2.283822968E-2,6.701228558E-4,1.592944493E-3,9.997376800E-1,1.773827041E2,1.842443322E-1,-7.260145394E-2,1.773825835E2
2.420170211E2,2.284655429E-2,6.640961510E-4,1.588313258E-3,9.997375011E-1,1.773817499E2,1.836985937E-1,-7.192161657E-2,1.773816307E2
2.420220211E2,2.285129385E-2,6.605905946E-4,1.596606104E-3,9.997373819E-1,1.773812067E2,1.846397976E-1,-7.149742750E-2,1.773810876E2
2.420270211E2,2.284055397E-2,6.687376881E-4,1.597602502E-3,9.997376204E-1,1.773824377E2,1.847745054E-1,-7.243014651E-2,1.773823170E2
2.420320211E2,2.283339787E-2,6.723832339E-4,1.586429309E-3,9.997377992E-1,1.773832579E2,1.835035047E-1,-7.287834472E-2,1.773831373E2
2.420370211E2,2.284709605E-2,6.634297315E-4,1.580780954E-3,9.997375011E-1,1.773816878E2,1.828339730E-1,-7.186489213E-2,1.773815693E2
2.420420211E2,2.284913121E-2,6.622810033E-4,1.589518855E-3,9.997374415E-1,1.773814545E2,1.838321413E-1,-7.171004022E-2,1.773813356E2
2.420470211E2,2.284099451E-2,6.676480407E-4,1.591749140E-3,9.997376204E-1,1.773823872E2,1.841011128E-1,-7.232055464E-2,1.773822671E2
2.420520211E2,2.283872280E-2,6.703845575E-4,1.585748047E-3,9.997376800E-1,1.773826476E2,1.834206147E-1,-7.265017890E-2,1.773825274E2
2.420570211E2,2.284448027E-2,6.657141494E-4,1.579928328E-3,9.997375607E-1,1.773819876E2,1.827420875E-1,-7.212930900E-2,1.773818688E2
2.420620211E2,2.284109586E-2,6.676897756E-4,1.590276603E-3,9.997376204E-1,1.773823756E2,1.839325327E-1,-7.232917158E-2,1.773822556E2
2.420670211E2,2.283595121E-2,6.714022602E-4,1.587653882E-3,9.997377396E-1,1.773829653E2,1.836414128E-1,-7.276228956E-2,1.773828448E2
2.420720211E2,2.284671604E-2,6.641477812E-4,1.585963299E-3,9.997375011E-1,1.773817314E2,1.834295248E-1,-7.193365426E-2,1.773816124E2
2.420770211E2,2.285444616E-2,6.581268972E-4,1.589811058E-3,9.997373223E-1,1.773808453E2,1.838551170E-1,-7.123239700E-2,1.773807272E2
2.420820211E2,2.284411422E-2,6.661960506E-4,1.585009741E-3,9.997375607E-1,1.773820296E2,1.833254588E-1,-7.217128079E-2,1.773819103E2
2.420870211E2,2.284469315E-2,6.657969207E-4,1.576812239E-3,9.997375607E-1,1.773819632E2,1.823853346E-1,-7.214691020E-2,1.773818446E2
2.420920211E2,2.286348070E-2,6.523356424E-4,1.574668800E-3,9.997371435E-1,1.773798098E2,1.821058614E-1,-7.060695479E-2,1.773796938E2
2.420970211E2,2.285495173E-2,6.591049023E-4,1.582119381E-3,9.997373223E-1,1.773807874E2,1.829765421E-1,-7.136449107E-2,1.773806696E2
2.421020211E2,2.283643709E-2,6.708989386E-4,1.580863376E-3,9.997377396E-1,1.773829096E2,1.828621978E-1,-7.272230966E-2,1.773827897E2
2.421070211E2,2.285025439E-2,6.612841971E-4,1.573709305E-3,9.997374415E-1,1.773813258E2,1.820184402E-1,-7.163703646E-2,1.773812082E2
2.421120211E2,2.285530244E-2,6.576621090E-4,1.577647054E-3,9.997373223E-1,1.773807472E2,1.824604299E-1,-7.121085200E-2,1.773806300E2
2.421170211E2,2.283627859E-2,6.709572626E-4,1.583126723E-3,9.997377396E-1,1.773829277E2,1.831216321E-1,-7.272309725E-2,1.773828077E2
2.421220211E2,2.285006169E-2,6.618223269E-4,1.576278941E-3,9.997374415E-1,1.773813479E2,1.823142178E-1,-7.169199180E-2,1.773812300E2
2.421270211E2,2.285820077E-2,6.561206537E-4,1.574065071E-3,9.997372627E-1,1.773804150E2,1.820462397E-1,-7.104311454E-2,1.773802983E2
2.421320211E2,2.284127022E-2,6.679252838E-4,1.587671228E-3,9.997376204E-1,1.773823556E2,1.836346852E-1,-7.236293936E-2,1.773822357E2
2.421370211E2,2.284929484E-2,6.629953859E-4,1.586866681E-3,9.997374415E-1,1.773814358E2,1.835301858E-1,-7.179879550E-2,1.773813169E2
2.421420211E2,2.287110842E-2,6.471410161E-4,1.579561736E-3,9.997369647E-1,1.773789355E2,1.826533275E-1,-6.999763726E-2,1.773788201E2
2.421470211E2,2.285779895E-2,6.565236836E-4,1.579721924E-3,9.997372627E-1,1.773804610E2,1.826953264E-1,-7.107454167E-2,1.773803439E2
2.421520211E2,2.285482124E-2,6.591879646E-4,1.583968638E-3,9.997373223E-1,1.773808023E2,1.831886047E-1,-7.136918732E-2,1.773806844E2
2.421570211E2,2.286543826E-2,6.503498880E-4,1.584875281E-3,9.997370839E-1,1.773795854E2,1.832700687E-1,-7.035236317E-2,1.773794690E2
2.421620211E2,2.285216545E-2,6.598071777E-4,1.584408456E-3,9.997373819E-1,1.773811068E2,1.832404231E-1,-7.143946016E-2,1.773809887E2
2.421670211E2,2.283889223E-2,6.699357182E-4,1.583495876E-3,9.997376800E-1,1.773826282E2,1.831614392E-1,-7.260462263E-2,1.773825082E2
2.421720211E2,2.285753983E-2,6.568410317E-4,1.583335223E-3,9.997372627E-1,1.773804907E2,1.831100854E-1,-7.110148022E-2,1.773803733E2
2.421770211E2,2.284939300E-2,6.629413110E-4,1.585475286E-3,9.997374415E-1,1.773814245E2,1.833706504E-1,-7.179622590E-2,1.773813058E2
2.421820211E2,2.282288322E-2,6.808358594E-4,1.583877252E-3,9.997380376E-1,1.773844631E2,1.832324790E-1,-7.385529557E-2,1.773843411E2
2.421870211E2,2.283065126E-2,6.745598512E-4,1.587472740E-3,9.997378588E-1,1.773835727E2,1.836285371E-1,-7.312547558E-2,1.773834517E2
2.421920211E2,2.283017850E-2,6.751096225E-4,1.594024478E-3,9.997378588E-1,1.773836269E2,1.843805206E-1,-7.317140396E-2,1.773835053E2
2.421970211E2,2.281454848E-2,6.869692588E-4,1.588433166E-3,9.997382164E-1,1.773854185E2,1.837698347E-1,-7.454756389E-2,1.773852950E2
2.422020211E2,2.281501215E-2,6.850885693E-4,1.582574914E-3,9.997382164E-1,1.773853653E2,1.830938190E-1,-7.434734046E-2,1.773852426E2
2.422070211E2,2.283094538E-2,6.746520521E-4,1.583197736E-3,9.997378588E-1,1.773835390E2,1.831390474E-1,-7.314716918E-2,1.773834183E2
2.422120211E2,2.282579670E-2,6.790130865E-4,1.580293523E-3,9.997379780E-1,1.773841292E2,1.828173669E-1,-7.365531606E-2,1.773840078E2
2.422170211E2,2.281554330E-2,6.849706406E-4,1.574950293E-3,9.997382164E-1,1.773853044E2,1.822200587E-1,-7.435366837E-2,1.773851824E2
2.422220211E2,2.282103844E-2,6.819373230E-4,1.572320354E-3,9.997380972E-1,1.773846746E2,1.819112430E-1,-7.401204298E-2,1.773845532E2
2.422270211E2,2.283136923E-2,6.752553745E-4,1.576815383E-3,9.997378588E-1,1.773834905E2,1.824094825E-1,-7.323290792E-2,1.773833700E2
2.422320211E2,2.282918615E-2,6.756436778E-4,1.570453634E-3,9.997379184E-1,1.773837407E2,1.816815246E-1,-7.329443420E-2,1.773836206E2
2.422370211E2,2.283217269E-2,6.743828417E-4,1.565514482E-3,9.997378588E-1,1.773833984E2,1.811126055E-1,-7.316237139E-2,1.773832789E2
2.422420211E2,2.283223818E-2,6.739976234E-4,1.564725069E-3,9.997378588E-1,1.773833909E2,1.810211658E-1,-7.312029382E-2,1.773832715E2
2.422470211E2,2.284508377E-2,6.656378391E-4,1.571210218E-3,9.997375607E-1,1.773819185E2,1.817431683E-1,-7.214328027E-2,1.773818002E2
2.422520211E2,2.283435741E-2,6.731758476E-4,1.572218607E-3,9.997377992E-1,1.773831479E2,1.818776440E-1,-7.300615748E-2,1.773830282E2
2.422570211E2,2.283454292E-2,6.732895272E-4,1.569473185E-3,9.997377992E-1,1.773831267E2,1.815634343E-1,-7.302633118E-2,1.773830072E2
2.422620211E2,2.284529093E-2,6.645903923E-4,1.568639302E-3,9.997375607E-1,1.773818947E2,1.814459118E-1,-7.202997615E-2,1.773817769E2
2.422670211E2,2.284474009E-2,6.647243281E-4,1.576584647E-3,9.997375607E-1,1.773819579E2,1.823564564E-1,-7.202461961E-2,1.773818394E2
2.422720211E2,2.283160309E-2,6.748400046E-4,1.573603717E-3,9.997378588E-1,1.773834636E2,1.820404782E-1,-7.319368294E-2,1.773833435E2
2.422770211E2,2.283713636E-2,6.700508529E-4,1.571091358E-3,9.997377396E-1,1.773828294E2,1.817405281E-1,-7.265059778E-2,1.773827104E2
2.422820211E2,2.285519706E-2,6.574859144E-4,1.579246367E-3,9.997373223E-1,1.773807593E2,1.826431812E-1,-7.118649730E-2,1.773806420E2
2.422870211E2,2.284425213E-2,6.658683415E-4,1.583158737E-3,9.997375607E-1,1.773820138E2,1.831125564E-1,-7.213855835E-2,1.773818947E2
2.422920211E2,2.283385186E-2,6.727835862E-4,1.579711097E-3,9.997377992E-1,1.773832059E2,1.827349344E-1,-7.294170585E-2,1.773830857E2
2.422970211E2,2.285220604E-2,6.596067687E-4,1.583906356E-3,9.997373819E-1,1.773811021E2,1.831823797E-1,-7.141780846E-2,1.773809841E2
2.423020211E2,2.285209201E-2,6.597748725E-4,1.585480757E-3,9.997373819E-1,1.773811152E2,1.833631781E-1,-7.143296456E-2,1.773809970E2
2.423070211E2,2.284125321E-2,6.673844764E-4,1.588143408E-3,9.997376204E-1,1.773823575E2,1.836873621E-1,-7.229975081E-2,1.773822378E2
2.423120211E2,2.285170744E-2,6.606908864E-4,1.590633881E-3,9.997373819E-1,1.773811593E2,1.839559010E-1,-7.152448037E-2,1.773810406E2
2.423170211E2,2.285405973E-2,6.587579264E-4,1.595095964E-3,9.997373223E-1,1.773808896E2,1.844621909E-1,-7.129091852E-2,1.773807710E2
2.423220211E2,2.284350522E-2,6.659661303E-4,1.593858819E-3,9.997375607E-1,1.773820994E2,1.843385798E-1,-7.212188737E-2,1.773819795E2
2.423270211E2,2.284098362E-2,6.670114817E-4,1.592172193E-3,9.997376204E-1,1.773823884E2,1.841479114E-1,-7.224652412E-2,1.773822684E2
2.423320211E2,2.284550185E-2,6.652495940E-4,1.602901611E-3,9.997375011E-1,1.773818706E2,1.853728070E-1,-7.201575746E-2,1.773817501E2
2.423370211E2,2.284301509E-2,6.660151994E-4,1.600847580E-3,9.997375607E-1,1.773821556E2,1.851393184E-1,-7.210930440E-2,1.773820351E2
2.423420211E2,2.285158398E-2,6.597177708E-4,1.592810033E-3,9.997373819E-1,1.773811734E2,1.842026476E-1,-7.140732275E-2,1.773810547E2
2.423470211E2,2.285146226E-2,6.596858148E-4,1.594568486E-3,9.997373819E-1,1.773811874E2,1.844040069E-1,-7.139907938E-2,1.773810686E2
2.423520211E2,2.284551526E-2,6.651786389E-4,1.602740027E-3,9.997375011E-1,1.773818690E2,1.853541107E-1,-7.200804928E-2,1.773817486E2
2.423570211E2,2.285354197E-2,6.589269615E-4,1.602427568E-3,9.997373223E-1,1.773809490E2,1.853025187E-1,-7.129117789E-2,1.773808298E2
2.423620211E2,2.285631345E-2,6.571102422E-4,1.600830699E-3,9.997372627E-1,1.773806313E2,1.851150172E-1,-7.108672074E-2,1.773805126E2
2.423670211E2,2.285358206E-2,6.597053725E-4,1.601535361E-3,9.997373223E-1,1.773809444E2,1.852023475E-1,-7.138268304E-2,1.773808251E2
2.423720211E2,2.285640001E-2,6.577386521E-4,1.599336043E-3,9.997372627E-1,1.773806214E2,1.849454390E-1,-7.116261121E-2,1.773805026E2
2.423770211E2,2.285889100E-2,6.561289774E-4,1.601653057E-3,9.997372031E-1,1.773803359E2,1.852068406E-1,-7.097167412E-2,1.773802172E2
2.423820211E2,2.285060628E-2,6.604619557E-4,1.606469508E-3,9.997373819E-1,1.773812855E2,1.857693814E-1,-7.145698901E-2,1.773811657E2
2.423870211E2,2.284808997E-2,6.631638389E-4,1.604051795E-3,9.997374415E-1,1.773815739E2,1.854992989E-1,-7.177331876E-2,1.773814538E2
2.423920211E2,2.286420259E-2,6.508848164E-4,1.602385775E-3,9.997370839E-1,1.773797270E2,1.852774174E-1,-7.036799149E-2,1.773796094E2
2.423970211E2,2.287212426E-2,6.452786620E-4,1.603163197E-3,9.997369051E-1,1.773788190E2,1.853523424E-1,-6.972223654E-2,1.773787024E2
2.424020211E2,2.286638038E-2,6.490454543E-4,1.609228901E-3,9.997370243E-1,1.773794774E2,1.860567112E-1,-7.013893604E-2,1.773793596E2
2.424070211E2,2.286933249E-2,6.486151833E-4,1.604474033E-3,9.997369647E-1,1.773791390E2,1.855110644E-1,-7.010155550E-2,1.773790216E2
2.424120211E2,2.287503373E-2,6.447837804E-4,1.599014970E-3,9.997368455E-1,1.773784856E2,1.848760196E-1,-6.967587697E-2,1.773783693E2
2.424170211E2,2.287978589E-2,6.401311839E-4,1.607404323E-3,9.997367263E-1,1.773779409E2,1.858252500E-1,-6.911999361E-2,1.773778249E2
2.424220211E2,2.287436963E-2,6.436042022E-4,1.608959516E-3,9.997368455E-1,1.773785617E2,1.860121459E-1,-6.951479766E-2,1.773784449E2
2.424270211E2,2.287736435E-2,6.427526823E-4,1.603748882E-3,9.997367859E-1,1.773782184E2,1.854131821E-1,-6.943034970E-2,1.773781022E2
2.424320211E2,2.287506965E-2,6.443159655E-4,1.598689589E-3,9.997368455E-1,1.773784814E2,1.848375194E-1,-6.962312973E-2,1.773783652E2
2.424370211E2,2.287227115E-2,6.455830880E-4,1.600943506E-3,9.997369051E-1,1.773788022E2,1.850988588E-1,-6.976290281E-2,1.773786856E2
2.424420211E2,2.287986549E-2,6.416009855E-4,1.605684287E-3,9.997367263E-1,1.773779317E2,1.856320592E-1,-6.929287125E-2,1.773778156E2
2.424470211E2,2.288002000E-2,6.406574394E-4,1.603858429E-3,9.997367263E-1,1.773779140E2,1.854204223E-1,-6.918953593E-2,1.773777982E2
2.424520211E2,2.288288553E-2,6.396670942E-4,1.600522664E-3,9.997366667E-1,1.773775856E2,1.850358723E-1,-6.908429651E-2,1.773774701E2
2.424570211E2,2.286926199E-2,6.471662782E-4,1.606063219E-3,9.997369647E-1,1.773791471E2,1.856893219E-1,-6.993141505E-2,1.773790299E2
2.424620211E2,2.286910480E-2,6.486218190E-4,1.607713406E-3,9.997369647E-1,1.773791651E2,1.858821742E-1,-7.009386843E-2,1.773790475E2
2.424670211E2,2.287196246E-2,6.469665095E-4,1.604790566E-3,9.997369051E-1,1.773788376E2,1.855431898E-1,-6.991136338E-2,1.773787205E2
2.424720211E2,2.286407201E-2,6.523884367E-4,1.603637007E-3,9.997370839E-1,1.773797420E2,1.854246917E-1,-7.053699422E-2,1.773796239E2
2.424770211E2,2.287199987E-2,6.463010213E-4,1.604525489E-3,9.997369051E-1,1.773788333E2,1.855110802E-1,-6.983581193E-2,1.773787163E2
2.424820211E2,2.287203339E-2,6.462305319E-4,1.604076009E-3,9.997369051E-1,1.773788295E2,1.854594046E-1,-6.982890844E-2,1.773787125E2
2.424870211E2,2.286418878E-2,6.510714302E-4,1.602507080E-3,9.997370839E-1,1.773797286E2,1.852918023E-1,-7.038905495E-2,1.773796109E2
2.424920211E2,2.286922820E-2,6.488213548E-4,1.605876605E-3,9.997369647E-1,1.773791510E2,1.856722786E-1,-7.012151838E-2,1.773790335E2
2.424970211E2,2.287428395E-2,6.439686986E-4,1.610031351E-3,9.997368455E-1,1.773785715E2,1.861358869E-1,-6.955376120E-2,1.773784546E2
2.425020211E2,2.286930019E-2,6.480652955E-4,1.605156576E-3,9.997369647E-1,1.773791428E2,1.855878143E-1,-7.003677678E-2,1.773790254E2
2.425070211E2,2.286675079E-2,6.497210707E-4,1.603683340E-3,9.997370243E-1,1.773794350E2,1.854231984E-1,-7.023079861E-2,1.773793174E2
2.425120211E2,2.287447466E-2,6.438419805E-4,1.607370330E-3,9.997368455E-1,1.773785496E2,1.858307166E-1,-6.954618414E-2,1.773784329E2
2.425170211E2,2.286939194E-2,6.483974284E-4,1.603714540E-3,9.997369647E-1,1.773791322E2,1.854234889E-1,-7.007858860E-2,1.773790149E2
2.425220211E2,2.286721538E-2,6.488244981E-4,1.597409369E-3,9.997370243E-1,1.773793817E2,1.847021239E-1,-7.014444078E-2,1.773792648E2
2.425270211E2,2.288008145E-2,6.408045301E-4,1.602922683E-3,9.997367263E-1,1.773779070E2,1.853136115E-1,-6.920882897E-2,1.773777912E2
2.425320211E2,2.287949916E-2,6.412325311E-4,1.611042535E-3,9.997367263E-1,1.773779737E2,1.862449181E-1,-6.923667972E-2,1.773778573E2
2.425370211E2,2.286649591E-2,6.496476708E-4,1.607343205E-3,9.997370243E-1,1.773794642E2,1.858422688E-1,-7.021284667E-2,1.773793464E2
2.425420211E2,2.287501506E-2,6.434509996E-4,1.599818701E-3,9.997368455E-1,1.773784877E2,1.849646011E-1,-6.952108823E-2,1.773783716E2
2.425470211E2,2.287718489E-2,6.428855122E-4,1.606253558E-3,9.997367859E-1,1.773782390E2,1.857004580E-1,-6.943903377E-2,1.773781225E2
2.425520211E2,2.286949417E-2,6.474105176E-4,1.602655044E-3,9.997369647E-1,1.773791205E2,1.852995316E-1,-6.996828439E-2,1.773790035E2
2.425570211E2,2.287525760E-2,6.449880311E-4,1.595726586E-3,9.997368455E-1,1.773784599E2,1.844998476E-1,-6.970785510E-2,1.773783438E2
2.425620211E2,2.287525926E-2,6.447359337E-4,1.595804701E-3,9.997368455E-1,1.773784597E2,1.845081357E-1,-6.967876938E-2,1.773783436E2
2.425670211E2,2.287266546E-2,6.451472291E-4,1.595476409E-3,9.997369051E-1,1.773787570E2,1.844714235E-1,-6.972722717E-2,1.773786409E2
2.425720211E2,2.287781492E-2,6.431376678E-4,1.597153605E-3,9.997367859E-1,1.773781668E2,1.846586562E-1,-6.949166162E-2,1.773780509E2
2.425770211E2,2.287538058E-2,6.435675896E-4,1.594536705E-3,9.997368455E-1,1.773784458E2,1.843598173E-1,-6.954822378E-2,1.773783300E2
2.425820211E2,2.287539553E-2,6.435488467E-4,1.594329719E-3,9.997368455E-1,1.773784441E2,1.843360565E-1,-6.954661642E-2,1.773783283E2
2.425870211E2,2.288084395E-2,6.407636683E-4,1.592017827E-3,9.997367263E-1,1.773778196E2,1.840642775E-1,-6.923259975E-2,1.773777045E2
2.425920211E2,2.287844358E-2,6.418332923E-4,1.588650513E-3,9.997367859E-1,1.773780947E2,1.836811505E-1,-6.936440775E-2,1.773779797E2
2.425970211E2,2.286770975E-2,6.500733434E-4,1.589806518E-3,9.997370243E-1,1.773793250E2,1.838344352E-1,-7.030734278E-2,1.773792084E2
2.426020211E2,2.287537548E-2,6.446538027E-4,1.594171044E-3,9.997368455E-1,1.773784464E2,1.843207739E-1,-6.967362142E-2,1.773783304E2
2.426070211E2,2.288328889E-2,6.381753483E-4,1.595342765E-3,9.997366667E-1,1.773775393E2,1.844385695E-1,-6.892690883E-2,1.773774245E2
2.426120211E2,2.287018665E-2,6.472817622E-4,1.592795132E-3,9.997369647E-1,1.773790411E2,1.841696734E-1,-6.997924700E-2,1.773789248E2
2.426170211E2,2.286491624E-2,6.505280035E-4,1.592315850E-3,9.997370839E-1,1.773796452E2,1.841229038E-1,-7.035336791E-2,1.773795283E2
2.426220211E2,2.287774862E-2,6.426837062E-4,1.598285511E-3,9.997367859E-1,1.773781744E2,1.847871345E-1,-6.943669984E-2,1.773780585E2
2.426270211E2,2.287011787E-2,6.470541121E-4,1.593874767E-3,9.997369647E-1,1.773790490E2,1.842927569E-1,-6.995035018E-2,1.773789326E2
2.426320211E2,2.287306620E-2,6.466837367E-4,1.589096617E-3,9.997369051E-1,1.773787111E2,1.837445988E-1,-6.991990034E-2,1.773785951E2
2.426370211E2,2.288628411E-2,6.362894201E-4,1.590474858E-3,9.997366071E-1,1.773771960E2,1.838761535E-1,-6.872306868E-2,1.773770819E2
2.426420211E2,2.288550163E-2,6.361505948E-4,1.601749798E-3,9.997366071E-1,1.773772857E2,1.851674125E-1,-6.867773888E-2,1.773771708E2
2.426470211E2,2.287259024E-2,6.451903027E-4,1.596536953E-3,9.997369051E-1,1.773787656E2,1.845930289E-1,-6.972939581E-2,1.773786494E2
2.426520211E2,2.287022485E-2,6.468933425E-4,1.592404325E-3,9.997369647E-1,1.773790368E2,1.841238865E-1,-6.993576628E-2,1.773789205E2
2.426570211E2,2.287830276E-2,6.413894589E-4,1.590856118E-3,9.997367859E-1,1.773781109E2,1.839326550E-1,-6.930780482E-2,1.773779958E2
2.426620211E2,2.287788061E-2,6.424558815E-4,1.596486778E-3,9.997367859E-1,1.773781592E2,1.845804802E-1,-6.941529131E-2,1.773780436E2
2.426670211E2,2.288054662E-2,6.404120941E-4,1.596426475E-3,9.997367263E-1,1.773778537E2,1.845683976E-1,-6.918081800E-2,1.773777384E2
2.426720211E2,2.288070504E-2,6.401915452E-4,1.594242873E-3,9.997367263E-1,1.773778355E2,1.843176729E-1,-6.916124789E-2,1.773777204E2
2.426770211E2,2.288344856E-2,6.385623128E-4,1.592895831E-3,9.997366667E-1,1.773775210E2,1.841592704E-1,-6.897762734E-2,1.773774063E2
2.426820211E2,2.288871815E-2,6.355583901E-4,1.593204215E-3,9.997365475E-1,1.773769170E2,1.841870831E-1,-6.863171415E-2,1.773768029E2
2.426870211E2,2.288065486E-2,6.411063368E-4,1.594595495E-3,9.997367263E-1,1.773778413E2,1.843604652E-1,-6.926513238E-2,1.773777259E2
2.426920211E2,2.288067854E-2,6.412696093E-4,1.594190020E-3,9.997367263E-1,1.773778385E2,1.843144431E-1,-6.928489592E-2,1.773777232E2
2.426970211E2,2.288849320E-2,6.356436643E-4,1.596398652E-3,9.997365475E-1,1.773769428E2,1.845532516E-1,-6.863314589E-2,1.773768284E2
2.427020211E2,2.288548375E-2,6.372503121E-4,1.601568074E-3,9.997366071E-1,1.773772878E2,1.851494770E-1,-6.880420395E-2,1.773771727E2
2.427070211E2,2.288860616E-2,6.348261959E-4,1.595103880E-3,9.997365475E-1,1.773769299E2,1.844027837E-1,-6.854287084E-2,1.773768157E2
2.427120211E2,2.289416680E-2,6.308123702E-4,1.591606298E-3,9.997364283E-1,1.773762925E2,1.839919444E-1,-6.809119196E-2,1.773761793E2
2.427170211E2,2.289371664E-2,6.313577760E-4,1.597852912E-3,9.997364283E-1,1.773763441E2,1.847089675E-1,-6.813736899E-2,1.773762304E2
2.427220211E2,2.288557076E-2,6.371860509E-4,1.600349904E-3,9.997366071E-1,1.773772778E2,1.850097588E-1,-6.880002077E-2,1.773771628E2
2.427270211E2,2.288343079E-2,6.387269241E-4,1.593085006E-3,9.997366667E-1,1.773775231E2,1.841813731E-1,-6.899599263E-2,1.773774083E2
2.427320211E2,2.288323694E-2,6.380964769E-4,1.596119255E-3,9.997366667E-1,1.773775453E2,1.845273152E-1,-6.891584657E-2,1.773774304E2
2.427370211E2,2.287286536E-2,6.457169657E-4,1.592377201E-3,9.997369051E-1,1.773787341E2,1.841178800E-1,-6.980058364E-2,1.773786181E2
2.427420211E2,2.287308376E-2,6.463585887E-4,1.588976127E-3,9.997369051E-1,1.773787091E2,1.837299442E-1,-6.988296352E-2,1.773785932E2
2.427470211E2,2.286274177E-2,6.526560173E-4,1.585229416E-3,9.997371435E-1,1.773798945E2,1.833164920E-1,-7.061612323E-2,1.773797777E2
2.427520211E2,2.286257383E-2,6.539361202E-4,1.587122795E-3,9.997371435E-1,1.773799137E2,1.835367431E-1,-7.075784389E-2,1.773797965E2
2.427570211E2,2.286472253E-2,6.517371512E-4,1.594601432E-3,9.997370839E-1,1.773796674E2,1.843878991E-1,-7.048593659E-2,1.773795501E2
2.427620211E2,2.286782012E-2,6.486419006E-4,1.588803250E-3,9.997370243E-1,1.773793124E2,1.837157553E-1,-7.014596344E-2,1.773791961E2
2.427670211E2,2.286547234E-2,6.511457032E-4,1.584056532E-3,9.997370839E-1,1.773795815E2,1.831783592E-1,-7.044567205E-2,1.773794650E2
2.427720211E2,2.286788962E-2,6.494425470E-4,1.587475417E-3,9.997370243E-1,1.773793044E2,1.835657395E-1,-7.024115360E-2,1.773791881E2
2.427770211E2,2.287023744E-2,6.480987649E-4,1.591733191E-3,9.997369647E-1,1.773790353E2,1.840501606E-1,-7.007561786E-2,1.773789189E2
2.427820211E2,2.286259030E-2,6.535857683E-4,1.587029896E-3,9.997371435E-1,1.773799118E2,1.835251836E-1,-7.071794743E-2,1.773797947E2
2.427870211E2,2.287611200E-2,6.446097395E-4,1.583584934E-3,9.997368455E-1,1.773783620E2,1.831079461E-1,-6.969618948E-2,1.773782468E2
2.427920211E2,2.288100430E-2,6.402928266E-4,1.589901280E-3,9.997367263E-1,1.773778012E2,1.838205786E-1,-6.918417970E-2,1.773776864E2
2.427970211E2,2.286791523E-2,6.501273019E-4,1.586826053E-3,9.997370243E-1,1.773793015E2,1.834931436E-1,-7.032129714E-2,1.773791850E2
2.428020211E2,2.286327067E-2,6.525691133E-4,1.577618881E-3,9.997371435E-1,1.773798339E2,1.824444249E-1,-7.062601044E-2,1.773797176E2
2.428070211E2,2.287920342E-2,6.419587880E-4,1.577618765E-3,9.997367859E-1,1.773780076E2,1.824177157E-1,-6.940756906E-2,1.773778933E2
2.428120211E2,2.288097968E-2,6.402185536E-4,1.590285567E-3,9.997367263E-1,1.773778040E2,1.838644067E-1,-6.917466777E-2,1.773776892E2
2.428170211E2,2.286524129E-2,6.511760876E-4,1.587375766E-3,9.997370839E-1,1.773796080E2,1.835586800E-1,-7.044049793E-2,1.773794913E2
2.428220211E2,2.286561257E-2,6.503212499E-4,1.582370140E-3,9.997370839E-1,1.773795654E2,1.829830124E-1,-7.035561467E-2,1.773794492E2
2.428270211E2,2.286262450E-2,6.529299426E-4,1.586807193E-3,9.997371435E-1,1.773799079E2,1.834979544E-1,-7.064339227E-2,1.773797909E2
2.428320211E2,2.286529611E-2,6.509490195E-4,1.586679136E-3,9.997370839E-1,1.773796017E2,1.834782817E-1,-7.041629999E-2,1.773794851E2
2.428370211E2,2.287387016E-2,6.454605609E-4,1.577982795E-3,9.997369051E-1,1.773786189E2,1.824682293E-1,-6.980875614E-2,1.773785040E2
2.428420211E2,2.287135683E-2,6.478282739E-4,1.575678354E-3,9.997369647E-1,1.773789070E2,1.822102592E-1,-7.008650341E-2,1.773787918E2
2.428470211E2,2.287142637E-2,6.471170927E-4,1.574961119E-3,9.997369647E-1,1.773788990E2,1.821262322E-1,-7.000689665E-2,1.773787840E2
2.428520211E2,2.287659575E-2,6.437383126E-4,1.576937153E-3,9.997368455E-1,1.773783065E2,1.823441136E-1,-6.961369667E-2,1.773781919E2
2.428570211E2,2.286841753E-2,6.484598853E-4,1.580255921E-3,9.997370243E-1,1.773792439E2,1.827361227E-1,-7.014740125E-2,1.773791282E2
2.428620211E2,2.286814999E-2,6.488382351E-4,1.583967824E-3,9.997370243E-1,1.773792746E2,1.831623378E-1,-7.018106699E-2,1.773791586E2
2.428670211E2,2.287573496E-2,6.432873779E-4,1.589557971E-3,9.997368455E-1,1.773784052E2,1.837887347E-1,-6.952910865E-2,1.773782898E2
2.428720211E2,2.287325152E-2,6.463284953E-4,1.586571569E-3,9.997369051E-1,1.773786898E2,1.834544065E-1,-6.988578798E-2,1.773785741E2
2.428770211E2,2.287062845E-2,6.472958485E-4,1.586433034E-3,9.997369647E-1,1.773789905E2,1.834408880E-1,-6.999745378E-2,1.773788746E2
2.428820211E2,2.288099939E-2,6.408418994E-4,1.589750755E-3,9.997367263E-1,1.773778018E2,1.838047737E-1,-6.924747786E-2,1.773776868E2
2.428870211E2,2.287585558E-2,6.431247457E-4,1.587887062E-3,9.997368455E-1,1.773783914E2,1.835968944E-1,-6.951483539E-2,1.773782761E2
2.428920211E2,2.286836382E-2,6.484403275E-4,1.581041026E-3,9.997370243E-1,1.773792501E2,1.828260108E-1,-7.014311303E-2,1.773791343E2
2.428970211E2,2.288696787E-2,6.363441353E-4,1.580583048E-3,9.997366071E-1,1.773771177E2,1.827431210E-1,-6.875515512E-2,1.773770042E2
2.429020211E2,2.289164320E-2,6.330918986E-4,1.589558669E-3,9.997364879E-1,1.773765818E2,1.837631729E-1,-6.835817393E-2,1.773764683E2
2.429070211E2,2.288374899E-2,6.376595120E-4,1.588936546E-3,9.997366667E-1,1.773774866E2,1.837033407E-1,-6.888452870E-2,1.773773723E2
2.429120211E2,2.288924933E-2,6.354975048E-4,1.585579012E-3,9.997365475E-1,1.773768561E2,1.833134033E-1,-6.864464235E-2,1.773767425E2
2.429170211E2,2.289452039E-2,6.319689564E-4,1.586051541E-3,9.997364283E-1,1.773762520E2,1.833586406E-1,-6.823820067E-2,1.773761390E2
2.429220211E2,2.289165467E-2,6.335813669E-4,1.589198364E-3,9.997364879E-1,1.773765804E2,1.837231806E-1,-6.841519118E-2,1.773764669E2
2.429270211E2,2.289429255E-2,6.305869902E-4,1.589885913E-3,9.997364283E-1,1.773762781E2,1.837942712E-1,-6.806986259E-2,1.773761651E2
2.429320211E2,2.289718318E-2,6.286986172E-4,1.586482511E-3,9.997363687E-1,1.773759468E2,1.833996131E-1,-6.786192688E-2,1.773758343E2
2.429370211E2,2.289981421E-2,6.269644364E-4,1.586754224E-3,9.997363091E-1,1.773756452E2,1.834263683E-1,-6.766206103E-2,1.773755331E2
2.429420211E2,2.290524929E-2,6.241557421E-4,1.584520214E-3,9.997361898E-1,1.773750222E2,1.831634311E-1,-6.734515996E-2,1.773749108E2
2.429470211E2,2.290005198E-2,6.269601290E-4,1.583320671E-3,9.997363091E-1,1.773756179E2,1.830330193E-1,-6.767053451E-2,1.773755060E2
2.429520211E2,2.290009127E-2,6.266249111E-4,1.582885045E-3,9.997363091E-1,1.773756134E2,1.829822362E-1,-6.763326750E-2,1.773755016E2
2.429570211E2,2.289996868E-2,6.281785318E-4,1.584042329E-3,9.997363091E-1,1.773756275E2,1.831188858E-1,-6.780823784E-2,1.773755153E2
2.429620211E2,2.290538881E-2,6.231141742E-4,1.582912519E-3,9.997361898E-1,1.773750062E2,1.829765260E-1,-6.723003097E-2,1.773748951E2
2.429670211E2,2.290012077E-2,6.277801585E-4,1.582000288E-3,9.997363091E-1,1.773756100E2,1.828839109E-1,-6.776793068E-2,1.773754981E2
2.429720211E2,2.289220948E-2,6.321620895E-4,1.581754303E-3,9.997364879E-1,1.773765169E2,1.828666905E-1,-6.827202335E-2,1.773764041E2
2.429770211E2,2.289464497E-2,6.307899021E-4,1.584722078E-3,9.997364283E-1,1.773762377E2,1.832032498E-1,-6.810659176E-2,1.773761250E2
2.429820211E2,2.290255442E-2,6.260740338E-4,1.585110207E-3,9.997362494E-1,1.773753311E2,1.832358753E-1,-6.756386735E-2,1.773752192E2
2.429870211E2,2.290265519E-2,6.255974877E-4,1.583841862E-3,9.997362494E-1,1.773753195E2,1.830893275E-1,-6.751258396E-2,1.773752079E2
2.429920211E2,2.289726409E-2,6.299694069E-4,1.584809739E-3,9.997363687E-1,1.773759375E2,1.832113177E-1,-6.801188472E-2,1.773758249E2
2.429970211E2,2.290793390E-2,6.222153315E-4,1.584080164E-3,9.997361302E-1,1.773747145E2,1.831081048E-1,-6.712352725E-2,1.773746034E2
2.430020211E2,2.291576093E-2,6.166092935E-4,1.585914637E-3,9.997359514E-1,1.773738173E2,1.833040675E-1,-6.647504103E-2,1.773737072E2
2.430070211E2,2.291035862E-2,6.194064044E-4,1.587727573E-3,9.997360706E-1,1.773744366E2,1.835187455E-1,-6.679171258E-2,1.773743258E2
2.430120211E2,2.290727800E-2,6.223555538E-4,1.593482215E-3,9.997361302E-1,1.773747897E2,1.841855437E-1,-6.711503015E-2,1.773746780E2
2.430170211E2,2.291822980E-2,6.150085246E-4,1.588432002E-3,9.997358918E-1,1.773735344E2,1.835884206E-1,-6.628459067E-2,1.773734244E2
2.430220211E2,2.291602913E-2,6.158674369E-4,1.582323341E-3,9.997359514E-1,1.773737866E2,1.828907121E-1,-6.639943486E-2,1.773736768E2
2.430270211E2,2.291103886E-2,6.207101396E-4,1.577368937E-3,9.997360706E-1,1.773743586E2,1.823355116E-1,-6.696814224E-2,1.773742483E2
2.430320211E2,2.292668368E-2,6.089996896E-4,1.581277000E-3,9.997357130E-1,1.773725654E2,1.827535040E-1,-6.561345669E-2,1.773724569E2
2.430370211E2,2.292669579E-2,6.091907853E-4,1.581027871E-3,9.997357130E-1,1.773725640E2,1.827254663E-1,-6.563600120E-2,1.773724555E2
2.430420211E2,2.290617095E-2,6.228991551E-4,1.571638859E-3,9.997361898E-1,1.773749166E2,1.816844846E-1,-6.723484794E-2,1.773748062E2
2.430470211E2,2.292231636E-2,6.123993662E-4,1.567854080E-3,9.997358322E-1,1.773730660E2,1.812243967E-1,-6.603898602E-2,1.773729578E2
2.430520211E2,2.293499041E-2,6.027842755E-4,1.576242852E-3,9.997355342E-1,1.773716132E2,1.821609920E-1,-6.491312348E-2,1.773715063E2
2.430570211E2,2.291586140E-2,6.170292618E-4,1.584298676E-3,9.997359514E-1,1.773738058E2,1.831200499E-1,-6.652737837E-2,1.773736957E2
2.430620211E2,2.291373508E-2,6.181170465E-4,1.577000017E-3,9.997360110E-1,1.773740496E2,1.822866185E-1,-6.667155099E-2,1.773739397E2
2.430670211E2,2.292151576E-2,6.125809159E-4,1.579444972E-3,9.997358322E-1,1.773731577E2,1.825526923E-1,-6.602948364E-2,1.773730488E2
2.430720211E2,2.291044109E-2,6.200331263E-4,1.586292405E-3,9.997360706E-1,1.773744271E2,1.833559813E-1,-6.686726352E-2,1.773743163E2
2.430770211E2,2.291540428E-2,6.170992274E-4,1.590869622E-3,9.997359514E-1,1.773738582E2,1.838729818E-1,-6.651822198E-2,1.773737477E2
2.430820211E2,2.293147110E-2,6.062030443E-4,1.588284853E-3,9.997355938E-1,1.773720166E2,1.835492994E-1,-6.527377855E-2,1.773719083E2
2.430870211E2,2.291509077E-2,6.158523029E-4,1.595860929E-3,9.997359514E-1,1.773738942E2,1.844414988E-1,-6.636232318E-2,1.773737835E2
2.430920211E2,2.291232690E-2,6.187245017E-4,1.597094000E-3,9.997360110E-1,1.773742110E2,1.845901201E-1,-6.668863839E-2,1.773740997E2
2.430970211E2,2.292037319E-2,6.132688723E-4,1.595675712E-3,9.997358322E-1,1.773732887E2,1.844138445E-1,-6.606587389E-2,1.773731785E2
2.431020211E2,2.290971335E-2,6.212351145E-4,1.596300863E-3,9.997360706E-1,1.773745105E2,1.845056744E-1,-6.697882243E-2,1.773743988E2
2.431070211E2,2.290753834E-2,6.223795936E-4,1.589725958E-3,9.997361302E-1,1.773747598E2,1.837553011E-1,-6.712759686E-2,1.773746484E2
2.431120211E2,2.292602711E-2,6.089939852E-4,1.590770087E-3,9.997357130E-1,1.773726406E2,1.838409896E-1,-6.558798258E-2,1.773725316E2
2.431170211E2,2.291246089E-2,6.179333432E-4,1.595477224E-3,9.997360110E-1,1.773741956E2,1.844028309E-1,-6.660222262E-2,1.773740846E2
2.431220211E2,2.289662211E-2,6.297308137E-4,1.594152185E-3,9.997363687E-1,1.773760111E2,1.842809346E-1,-6.796015538E-2,1.773758979E2
2.431270211E2,2.292035688E-2,6.125445943E-4,1.596188056E-3,9.997358322E-1,1.773732906E2,1.844706358E-1,-6.598155695E-2,1.773731805E2
2.431320211E2,2.291213933E-2,6.186045939E-4,1.599829062E-3,9.997360110E-1,1.773742325E2,1.849031259E-1,-6.666775491E-2,1.773741210E2
2.431370211E2,2.289664219E-2,6.298424560E-4,1.593819703E-3,9.997363687E-1,1.773760088E2,1.842431392E-1,-6.797381397E-2,1.773758956E2
2.431420211E2,2.291016693E-2,6.207075785E-4,1.589983818E-3,9.997360706E-1,1.773744585E2,1.837806284E-1,-6.693488842E-2,1.773743474E2
2.431470211E2,2.291536845E-2,6.174406735E-4,1.591253211E-3,9.997359514E-1,1.773738623E2,1.839178207E-1,-6.655633778E-2,1.773737517E2
2.431520211E2,2.290244775E-2,6.265051197E-4,1.586480532E-3,9.997362494E-1,1.773753433E2,1.833939863E-1,-6.760967622E-2,1.773752313E2
2.431570211E2,2.291077087E-2,6.205902901E-4,1.581303659E-3,9.997360706E-1,1.773743893E2,1.827859472E-1,-6.694413040E-2,1.773742787E2
2.431620211E2,2.290746216E-2,6.217574119E-4,1.591066481E-3,9.997361302E-1,1.773747686E2,1.839072351E-1,-6.705281385E-2,1.773746571E2
2.431670211E2,2.289938202E-2,6.269537262E-4,1.592983492E-3,9.997363091E-1,1.773756947E2,1.841399465E-1,-6.764456656E-2,1.773755822E2
2.431720211E2,2.290530202E-2,6.237879279E-4,1.583902631E-3,9.997361898E-1,1.773750162E2,1.830917177E-1,-6.730463408E-2,1.773749048E2
2.431770211E2,2.290815915E-2,6.212328444E-4,1.581205754E-3,9.997361302E-1,1.773746887E2,1.827762431E-1,-6.701847683E-2,1.773745780E2
2.431820211E2,2.290233988E-2,6.264740950E-4,1.588049112E-3,9.997362494E-1,1.773753557E2,1.835735968E-1,-6.760202499E-2,1.773752436E2
2.431870211E2,2.290795411E-2,6.218850613E-4,1.583917649E-3,9.997361302E-1,1.773747122E2,1.830886210E-1,-6.708611397E-2,1.773746012E2
2.431920211E2,2.291349137E-2,6.187637919E-4,1.580284094E-3,9.997360110E-1,1.773740775E2,1.826645299E-1,-6.673706410E-2,1.773739673E2
2.431970211E2,2.290284965E-2,6.251158193E-4,1.581217861E-3,9.997362494E-1,1.773752973E2,1.827874663E-1,-6.746425467E-2,1.773751858E2
2.432020211E2,2.291585505E-2,6.155571318E-4,1.584963058E-3,9.997359514E-1,1.773738066E2,1.831922960E-1,-6.635698564E-2,1.773736967E2
2.432070211E2,2.292064739E-2,6.132166600E-4,1.591752283E-3,9.997358322E-1,1.773732573E2,1.839642509E-1,-6.607014719E-2,1.773731474E2
2.432120211E2,2.289426892E-2,6.303018890E-4,1.590339118E-3,9.997364283E-1,1.773762808E2,1.838454415E-1,-6.803601632E-2,1.773761678E2
2.432170211E2,2.291039940E-2,6.193921436E-4,1.587144681E-3,9.997360706E-1,1.773744319E2,1.834519338E-1,-6.679160171E-2,1.773743212E2
2.432220211E2,2.292111664E-2,6.121122860E-4,1.585407532E-3,9.997358322E-1,1.773732035E2,1.832345156E-1,-6.596020793E-2,1.773730942E2
2.432270211E2,2.290793083E-2,6.226432160E-4,1.583956415E-3,9.997361302E-1,1.773747148E2,1.830950510E-1,-6.717287170E-2,1.773746037E2
2.432320211E2,2.289784341E-2,6.288303994E-4,1.576872077E-3,9.997363687E-1,1.773758711E2,1.822990159E-1,-6.790212083E-2,1.773757593E2
2.432370211E2,2.291115604E-2,6.203681114E-4,1.575800707E-3,9.997360706E-1,1.773743452E2,1.821549622E-1,-6.693305511E-2,1.773742350E2
2.432420211E2,2.290320697E-2,6.256211782E-4,1.575833303E-3,9.997362494E-1,1.773752563E2,1.821719528E-1,-6.753621642E-2,1.773751452E2
2.432470211E2,2.290054166E-2,6.267124554E-4,1.576320734E-3,9.997363091E-1,1.773755618E2,1.822304777E-1,-6.766044114E-2,1.773754504E2
2.432520211E2,2.288978786E-2,6.338991807E-4,1.578428317E-3,9.997365475E-1,1.773767944E2,1.824900513E-1,-6.848019428E-2,1.773766816E2
2.432570211E2,2.288718396E-2,6.369061884E-4,1.577224000E-3,9.997366071E-1,1.773770929E2,1.823597918E-1,-6.882831532E-2,1.773769796E2
2.432620211E2,2.288983191E-2,6.348172319E-4,1.577420277E-3,9.997365475E-1,1.773767894E2,1.823769798E-1,-6.858800367E-2,1.773766764E2
2.432670211E2,2.288975580E-2,6.342887064E-4,1.578736817E-3,9.997365475E-1,1.773767981E2,1.825264133E-1,-6.852401552E-2,1.773766852E2
2.432720211E2,2.288382981E-2,6.386766327E-4,1.587363309E-3,9.997366667E-1,1.773774773E2,1.835257811E-1,-6.900516231E-2,1.773773630E2
2.432770211E2,2.289176399E-2,6.337371306E-4,1.587560750E-3,9.997364879E-1,1.773765679E2,1.835359888E-1,-6.843731158E-2,1.773764545E2
2.432820211E2,2.288901116E-2,6.356281228E-4,1.588961110E-3,9.997365475E-1,1.773768834E2,1.837011886E-1,-6.865077854E-2,1.773767696E2
2.432870211E2,2.287574763E-2,6.432958180E-4,1.589372172E-3,9.997368455E-1,1.773784037E2,1.837674723E-1,-6.953056031E-2,1.773782884E2
2.432920211E2,2.288879895E-2,6.347841118E-4,1.592351822E-3,9.997365475E-1,1.773769078E2,1.840874059E-1,-6.854523266E-2,1.773767938E2
2.432970211E2,2.289080071E-2,6.338101230E-4,1.601361320E-3,9.997364879E-1,1.773766783E2,1.851171317E-1,-6.840964874E-2,1.773765639E2
2.433020211E2,2.287816950E-2,6.416497054E-4,1.592666609E-3,9.997367859E-1,1.773781261E2,1.841407412E-1,-6.933289686E-2,1.773780109E2
2.433070211E2,2.287835586E-2,6.418412668E-4,1.589910011E-3,9.997367859E-1,1.773781048E2,1.838254556E-1,-6.936203530E-2,1.773779897E2
2.433120211E2,2.288876026E-2,6.342172273E-4,1.593133667E-3,9.997365475E-1,1.773769122E2,1.841754858E-1,-6.847824595E-2,1.773767983E2
2.433170211E2,2.288053554E-2,6.412110524E-4,1.596264541E-3,9.997367263E-1,1.773778549E2,1.845519405E-1,-6.927277445E-2,1.773777395E2
2.433220211E2,2.288348607E-2,6.387738977E-4,1.592271961E-3,9.997366667E-1,1.773775167E2,1.840883563E-1,-6.900349591E-2,1.773774020E2
2.433270211E2,2.289178356E-2,6.325868308E-4,1.587737352E-3,9.997364879E-1,1.773765657E2,1.835532042E-1,-6.830506475E-2,1.773764524E2
2.433320211E2,2.288627657E-2,6.362401182E-4,1.590603031E-3,9.997366071E-1,1.773771969E2,1.838907074E-1,-6.871708581E-2,1.773770828E2
2.433370211E2,2.288649918E-2,6.369233015E-4,1.587122795E-3,9.997366071E-1,1.773771714E2,1.834938127E-1,-6.880443899E-2,1.773770574E2
2.433420211E2,2.289195679E-2,6.325960276E-4,1.585234073E-3,9.997364879E-1,1.773765458E2,1.832664602E-1,-6.831265350E-2,1.773764327E2
2.433470211E2,2.288390712E-2,6.382981082E-4,1.586400787E-3,9.997366667E-1,1.773774685E2,1.834145255E-1,-6.896430796E-2,1.773773543E2
2.433520211E2,2.287597220E-2,6.430618814E-4,1.586231519E-3,9.997368455E-1,1.773783780E2,1.834070758E-1,-6.951195217E-2,1.773782629E2
2.433570211E2,2.289741816E-2,6.284163683E-4,1.583199482E-3,9.997363687E-1,1.773759198E2,1.830227790E-1,-6.783816350E-2,1.773758077E2
2.433620211E2,2.289449582E-2,6.317658699E-4,1.586487051E-3,9.997364283E-1,1.773762548E2,1.834079988E-1,-6.821379669E-2,1.773761418E2
2.433670211E2,2.287607468E-2,6.442773738E-4,1.584259095E-3,9.997368455E-1,1.773783662E2,1.831843052E-1,-6.965635269E-2,1.773782511E2
2.433720211E2,2.290261427E-2,6.261641975E-4,1.584209502E-3,9.997362494E-1,1.773753242E2,1.831329296E-1,-6.757654961E-2,1.773752124E2
2.433770211E2,2.290501480E-2,6.237392081E-4,1.588069950E-3,9.997361898E-1,1.773750491E2,1.835689857E-1,-6.728816674E-2,1.773749375E2
2.433820211E2,2.288378446E-2,6.382789579E-4,1.588176819E-3,9.997366667E-1,1.773774825E2,1.836179322E-1,-6.895747910E-2,1.773773682E2
2.433870211E2,2.289745484E-2,6.290185847E-4,1.582429628E-3,9.997363687E-1,1.773759156E2,1.829361659E-1,-6.790916761E-2,1.773758034E2
2.433920211E2,2.291030059E-2,6.209519925E-4,1.587961218E-3,9.997360706E-1,1.773744432E2,1.835495667E-1,-6.696817446E-2,1.773743321E2
2.433970211E2,2.287810345E-2,6.429204950E-4,1.593102817E-3,9.997367859E-1,1.773781337E2,1.841940414E-1,-6.947734888E-2,1.773780182E2
2.434020211E2,2.287318783E-2,6.456706324E-4,1.587757259E-3,9.997369051E-1,1.773786971E2,1.835885123E-1,-6.980732601E-2,1.773785815E2
2.434070211E2,2.289964753E-2,6.279223599E-4,1.588779618E-3,9.997363091E-1,1.773756643E2,1.836609036E-1,-6.776651756E-2,1.773755518E2
2.434120211E2,2.288336725E-2,6.387623143E-4,1.593983267E-3,9.997366667E-1,1.773775304E2,1.842843678E-1,-6.899770313E-2,1.773774155E2
2.434170211E2,2.286753070E-2,6.492215907E-4,1.592727378E-3,9.997370243E-1,1.773793456E2,1.841668093E-1,-7.020214342E-2,1.773792289E2
2.434220211E2,2.288603186E-2,6.366965827E-4,1.593937865E-3,9.997366071E-1,1.773772249E2,1.842739322E-1,-6.876067789E-2,1.773771105E2
2.434270211E2,2.288279676E-2,6.385254092E-4,1.602246659E-3,9.997366667E-1,1.773775958E2,1.852303759E-1,-6.894899905E-2,1.773774804E2
2.434320211E2,2.287501474E-2,6.449001376E-4,1.599239651E-3,9.997368455E-1,1.773784877E2,1.849020632E-1,-6.968862154E-2,1.773783714E2
2.434370211E2,2.288583593E-2,6.364086876E-4,1.596863382E-3,9.997366071E-1,1.773772474E2,1.846083160E-1,-6.872005976E-2,1.773771328E2
2.434420211E2,2.289853053E-2,6.285989075E-4,1.604533289E-3,9.997363091E-1,1.773757923E2,1.854673709E-1,-6.780288987E-2,1.773756787E2
2.434470211E2,2.287432805E-2,6.452996749E-4,1.608871506E-3,9.997368455E-1,1.773785664E2,1.860065052E-1,-6.970927190E-2,1.773784494E2
2.434520211E2,2.288006913E-2,6.412951043E-4,1.602902426E-3,9.997367263E-1,1.773779084E2,1.853125764E-1,-6.926508524E-2,1.773777925E2
2.434570211E2,2.288566406E-2,6.366861635E-4,1.599214156E-3,9.997366071E-1,1.773772671E2,1.848783408E-1,-6.874571433E-2,1.773771523E2
2.434620211E2,2.286974256E-2,6.471929373E-4,1.599194715E-3,9.997369647E-1,1.773790920E2,1.849025572E-1,-6.995238088E-2,1.773789753E2
2.434670211E2,2.287796922E-2,6.421288708E-4,1.595348236E-3,9.997367859E-1,1.773781491E2,1.844491956E-1,-6.938079711E-2,1.773780335E2
2.434720211E2,2.288863693E-2,6.345568690E-4,1.594769419E-3,9.997365475E-1,1.773769263E2,1.843637628E-1,-6.851288798E-2,1.773768122E2
2.434770211E2,2.288016881E-2,6.411192007E-4,1.601549331E-3,9.997367263E-1,1.773778970E2,1.851571091E-1,-6.924846281E-2,1.773777812E2
2.434820211E2,2.288292189E-2,6.388037000E-4,1.600347576E-3,9.997366667E-1,1.773775814E2,1.850135521E-1,-6.898583724E-2,1.773774661E2
2.434870211E2,2.289563169E-2,6.301549147E-4,1.608148101E-3,9.997363687E-1,1.773761246E2,1.858853764E-1,-6.797220157E-2,1.773760104E2
2.434920211E2,2.288497172E-2,6.375228404E-4,1.608759980E-3,9.997366071E-1,1.773773465E2,1.859740739E-1,-6.881665892E-2,1.773772308E2
2.434970211E2,2.289595233E-2,6.293253391E-4,1.603902318E-3,9.997363687E-1,1.773760878E2,1.853968171E-1,-6.788824471E-2,1.773759741E2
2.435020211E2,2.291700512E-2,6.154616713E-4,1.605830621E-3,9.997358918E-1,1.773736747E2,1.855827444E-1,-6.629103622E-2,1.773735635E2
2.435070211E2,2.290858815E-2,6.212607841E-4,1.612358377E-3,9.997360706E-1,1.773746395E2,1.863452424E-1,-6.693981589E-2,1.773745267E2
2.435120211E2,2.289542665E-2,6.307055592E-4,1.610849285E-3,9.997363687E-1,1.773761481E2,1.861962597E-1,-6.802823508E-2,1.773760336E2
2.435170211E2,2.290385735E-2,6.240742514E-4,1.604546560E-3,9.997361898E-1,1.773751818E2,1.854573757E-1,-6.728351605E-2,1.773750690E2
2.435220211E2,2.290069039E-2,6.270408048E-4,1.611440792E-3,9.997362494E-1,1.773755448E2,1.862547634E-1,-6.760586314E-2,1.773754309E2
2.435270211E2,2.287958221E-2,6.401286810E-4,1.610301901E-3,9.997367263E-1,1.773779642E2,1.861571810E-1,-6.911214749E-2,1.773778480E2
2.435320211E2,2.287751537E-2,6.419107667E-4,1.601930708E-3,9.997367859E-1,1.773782011E2,1.852026919E-1,-6.933863732E-2,1.773780851E2
2.435370211E2,2.288035995E-2,6.408307818E-4,1.598931965E-3,9.997367263E-1,1.773778751E2,1.848565160E-1,-6.922224849E-2,1.773777595E2
2.435420211E2,2.288293810E-2,6.381336134E-4,1.600383199E-3,9.997366667E-1,1.773775796E2,1.850158769E-1,-6.890897476E-2,1.773774644E2
2.435470211E2,2.288335548E-2,6.378335529E-4,1.594524132E-3,9.997366667E-1,1.773775317E2,1.843438938E-1,-6.888988673E-2,1.773774170E2
2.435520211E2,2.287824076E-2,6.426655455E-4,1.591232722E-3,9.997367859E-1,1.773781180E2,1.839791410E-1,-6.945301916E-2,1.773780026E2
2.435570211E2,2.288634153E-2,6.366062444E-4,1.589521416E-3,9.997366071E-1,1.773771894E2,1.837677605E-1,-6.876185455E-2,1.773770753E2
2.435620211E2,2.288870594E-2,6.348283496E-4,1.593670575E-3,9.997365475E-1,1.773769184E2,1.842385942E-1,-6.854685869E-2,1.773768044E2
2.435670211E2,2.288297006E-2,6.379844854E-4,1.599985640E-3,9.997366667E-1,1.773775759E2,1.849699430E-1,-6.889292705E-2,1.773774608E2
2.435720211E2,2.287776165E-2,6.431092625E-4,1.597927883E-3,9.997367859E-1,1.773781729E2,1.847472807E-1,-6.948638737E-2,1.773780570E2
2.435770211E2,2.288280217E-2,6.392752402E-4,1.601870405E-3,9.997366667E-1,1.773775951E2,1.851892384E-1,-6.903588641E-2,1.773774797E2
2.435820211E2,2.288253526E-2,6.387397880E-4,1.605891739E-3,9.997366667E-1,1.773776257E2,1.856485069E-1,-6.896404868E-2,1.773775101E2
2.435870211E2,2.289320061E-2,6.309667951E-4,1.605383120E-3,9.997364283E-1,1.773764032E2,1.855705803E-1,-6.807291763E-2,1.773762891E2
2.435920211E2,2.289074115E-2,6.328249583E-4,1.602601842E-3,9.997364879E-1,1.773766852E2,1.852566595E-1,-6.829354378E-2,1.773765709E2
2.435970211E2,2.289051054E-2,6.334938807E-4,1.605628640E-3,9.997364879E-1,1.773767116E2,1.856051539E-1,-6.836227938E-2,1.773765970E2
2.436020211E2,2.289597284E-2,6.302319234E-4,1.603253419E-3,9.997363687E-1,1.773760855E2,1.853248584E-1,-6.799380305E-2,1.773759716E2
2.436070211E2,2.288825373E-2,6.343172863E-4,1.600354793E-3,9.997365475E-1,1.773769703E2,1.850029784E-1,-6.847086173E-2,1.773768558E2
2.436120211E2,2.288011944E-2,6.400911370E-4,1.602665521E-3,9.997367263E-1,1.773779026E2,1.852822826E-1,-6.912776887E-2,1.773777870E2
2.436170211E2,2.289593977E-2,6.288469885E-4,1.604269259E-3,9.997363687E-1,1.773760893E2,1.854375985E-1,-6.783248376E-2,1.773759756E2
2.436220211E2,2.289351595E-2,6.305743591E-4,1.601034543E-3,9.997364283E-1,1.773763671E2,1.850713915E-1,-6.803930967E-2,1.773762533E2
2.436270211E2,2.288060417E-2,6.400796119E-4,1.595734851E-3,9.997367263E-1,1.773778471E2,1.844882961E-1,-6.914453122E-2,1.773777319E2
2.436320211E2,2.289390252E-2,6.309117889E-4,1.595363952E-3,9.997364283E-1,1.773763228E2,1.844226705E-1,-6.809277170E-2,1.773762093E2
2.436370211E2,2.289328753E-2,6.323346170E-4,1.603604527E-3,9.997364283E-1,1.773763933E2,1.853704163E-1,-6.823426720E-2,1.773762790E2
2.436420211E2,2.288000497E-2,6.404647720E-4,1.604149700E-3,9.997367263E-1,1.773779158E2,1.854532845E-1,-6.916670276E-2,1.773777999E2
2.436470211E2,2.290171229E-2,6.262554089E-4,1.597160124E-3,9.997362494E-1,1.773754276E2,1.846167535E-1,-6.755317576E-2,1.773753149E2
2.436520211E2,2.290668458E-2,6.231860607E-4,1.601667376E-3,9.997361302E-1,1.773748577E2,1.851253901E-1,-6.718879719E-2,1.773747453E2
2.436570211E2,2.287984368E-2,6.412728108E-4,1.606126199E-3,9.997367263E-1,1.773779342E2,1.856818235E-1,-6.925412046E-2,1.773778181E2
2.436620211E2,2.289367010E-2,6.320549874E-4,1.598244067E-3,9.997364283E-1,1.773763494E2,1.847556051E-1,-6.821622488E-2,1.773762356E2
2.436670211E2,2.291527214E-2,6.170667475E-4,1.592784422E-3,9.997359514E-1,1.773738734E2,1.840922503E-1,-6.650949706E-2,1.773737627E2
2.436720211E2,2.289869492E-2,6.276794011E-4,1.602545963E-3,9.997363091E-1,1.773757735E2,1.852372975E-1,-6.770273442E-2,1.773756602E2
2.436770211E2,2.290141731E-2,6.267998251E-4,1.601171214E-3,9.997362494E-1,1.773754614E2,1.850776797E-1,-6.760507250E-2,1.773753484E2
2.436820211E2,2.290970036E-2,6.195700262E-4,1.597134280E-3,9.997360706E-1,1.773745120E2,1.845967794E-1,-6.678588203E-2,1.773744006E2
2.436870211E2,2.289115455E-2,6.334907375E-4,1.596422051E-3,9.997364879E-1,1.773766378E2,1.845504668E-1,-6.838595092E-2,1.773765238E2
2.436920211E2,2.289955841E-2,6.269701407E-4,1.590439351E-3,9.997363091E-1,1.773756745E2,1.838485404E-1,-6.765309091E-2,1.773755621E2
2.436970211E2,2.291518244E-2,6.165149971E-4,1.594287925E-3,9.997359514E-1,1.773738837E2,1.842630393E-1,-6.644235611E-2,1.773737730E2
2.437020211E2,2.289151940E-2,6.329808384E-4,1.591384760E-3,9.997364879E-1,1.773765959E2,1.839720732E-1,-6.834068310E-2,1.773764824E2
2.437070211E2,2.288655069E-2,6.359387771E-4,1.586774713E-3,9.997366071E-1,1.773771655E2,1.834513571E-1,-6.869255395E-2,1.773770517E2
2.437120211E2,2.291048679E-2,6.203738158E-4,1.585498918E-3,9.997360706E-1,1.773744219E2,1.832659757E-1,-6.690836825E-2,1.773743111E2
2.437170211E2,2.289153204E-2,6.335818907E-4,1.590963686E-3,9.997364879E-1,1.773765945E2,1.839254120E-1,-6.841064277E-2,1.773764809E2
2.437220211E2,2.288397410E-2,6.374657387E-4,1.585769118E-3,9.997366667E-1,1.773774608E2,1.833399819E-1,-6.887059474E-2,1.773773468E2
2.437270211E2,2.289991748E-2,6.270434242E-4,1.585231861E-3,9.997363091E-1,1.773756333E2,1.832521781E-1,-6.767508610E-2,1.773755213E2
2.437320211E2,2.288895647E-2,6.353149656E-4,1.589873922E-3,9.997365475E-1,1.773768897E2,1.838049367E-1,-6.861251855E-2,1.773767758E2
2.437370211E2,2.286783196E-2,6.500369636E-4,1.588062500E-3,9.997370243E-1,1.773793110E2,1.836345506E-1,-7.030772292E-2,1.773791945E2
2.437420211E2,2.288653338E-2,6.368938484E-4,1.586641301E-3,9.997366071E-1,1.773771675E2,1.834385771E-1,-6.880232135E-2,1.773770535E2
2.437470211E2,2.288338874E-2,6.383546279E-4,1.593838097E-3,9.997366667E-1,1.773775279E2,1.842666692E-1,-6.895137472E-2,1.773774132E2
2.437520211E2,2.286768420E-2,6.488001673E-4,1.590693835E-3,9.997370243E-1,1.773793280E2,1.839327493E-1,-7.015916528E-2,1.773792115E2
2.437570211E2,2.288687736E-2,6.369139883E-4,1.581663731E-3,9.997366071E-1,1.773771280E2,1.828684145E-1,-6.881762046E-2,1.773770144E2
2.437620211E2,2.288665719E-2,6.370244664E-4,1.584801939E-3,9.997366071E-1,1.773771533E2,1.832282077E-1,-6.882208657E-2,1.773770394E2
2.437670211E2,2.286747406E-2,6.497210707E-4,1.593336696E-3,9.997370243E-1,1.773793521E2,1.842379189E-1,-7.025777826E-2,1.773792352E2
2.437720211E2,2.287840715E-2,6.427356857E-4,1.588810352E-3,9.997367859E-1,1.773780989E2,1.837018254E-1,-6.946737486E-2,1.773779837E2
2.437770211E2,2.288454813E-2,6.373230135E-4,1.577521209E-3,9.997366667E-1,1.773773950E2,1.823947522E-1,-6.887576876E-2,1.773772816E2
2.437820211E2,2.287362168E-2,6.461821031E-4,1.581285964E-3,9.997369051E-1,1.773786474E2,1.828485203E-1,-6.988280400E-2,1.773785321E2
2.437870211E2,2.287862161E-2,6.413073861E-4,1.586297294E-3,9.997367859E-1,1.773780743E2,1.834101950E-1,-6.931029618E-2,1.773779595E2
2.437920211E2,2.288385024E-2,6.377142272E-4,1.587455743E-3,9.997366667E-1,1.773774750E2,1.835338478E-1,-6.889466162E-2,1.773773608E2
2.437970211E2,2.286817337E-2,6.489888765E-4,1.583568519E-3,9.997370243E-1,1.773792719E2,1.831169892E-1,-7.019936683E-2,1.773791559E2
2.438020211E2,2.287597860E-2,6.435723626E-4,1.585932099E-3,9.997368455E-1,1.773783773E2,1.833741125E-1,-6.957121739E-2,1.773782621E2
2.438070211E2,2.289179970E-2,6.337773520E-4,1.587029663E-3,9.997364879E-1,1.773765638E2,1.834752546E-1,-6.844330607E-2,1.773764504E2
2.438120211E2,2.287325318E-2,6.463380414E-4,1.586543745E-3,9.997369051E-1,1.773786897E2,1.834512442E-1,-6.988695421E-2,1.773785739E2
2.438170211E2,2.286562160E-2,6.507365615E-4,1.582068973E-3,9.997370839E-1,1.773795644E2,1.829495993E-1,-7.040398089E-2,1.773794482E2
2.438220211E2,2.288628187E-2,6.365223671E-4,1.590413856E-3,9.997366071E-1,1.773771963E2,1.838697759E-1,-6.874991583E-2,1.773770821E2
2.438270211E2,2.288077922E-2,6.405049353E-4,1.593051944E-3,9.997367263E-1,1.773778270E2,1.841820649E-1,-6.920025932E-2,1.773777119E2
2.438320211E2,2.287070463E-2,6.469973014E-4,1.585456193E-3,9.997369647E-1,1.773789818E2,1.833282021E-1,-6.996579803E-2,1.773788660E2
2.438370211E2,2.287850668E-2,6.416759570E-4,1.587805105E-3,9.997367859E-1,1.773780875E2,1.835838909E-1,-6.934858809E-2,1.773779725E2
2.438420211E2,2.287558483E-2,6.438755663E-4,1.591479173E-3,9.997368455E-1,1.773784224E2,1.840103627E-1,-6.959148360E-2,1.773783068E2
2.438470211E2,2.286743981E-2,6.498568691E-4,1.593772788E-3,9.997370243E-1,1.773793560E2,1.842882319E-1,-7.027219905E-2,1.773792391E2
2.438520211E2,2.288091681E-2,6.400049315E-4,1.591275795E-3,9.997367263E-1,1.773778112E2,1.839772845E-1,-6.914761002E-2,1.773776964E2
2.438570211E2,2.288307425E-2,6.394211669E-4,1.597920549E-3,9.997366667E-1,1.773775639E2,1.847371375E-1,-6.906291138E-2,1.773774487E2
2.438620211E2,2.286668827E-2,6.492320099E-4,1.604772406E-3,9.997370243E-1,1.773794421E2,1.855466776E-1,-7.017192884E-2,1.773793246E2
2.438670211E2,2.286960703E-2,6.483220495E-4,1.600674819E-3,9.997369647E-1,1.773791076E2,1.850750706E-1,-7.007787965E-2,1.773789905E2
2.438720211E2,2.287233931E-2,6.461065495E-4,1.599758165E-3,9.997369051E-1,1.773787944E2,1.849644410E-1,-6.982596559E-2,1.773786778E2
2.438770211E2,2.286900986E-2,6.476568524E-4,1.609452069E-3,9.997369647E-1,1.773791760E2,1.860788228E-1,-6.997878156E-2,1.773790584E2
2.438820211E2,2.286372948E-2,6.521301111E-4,1.608617953E-3,9.997370839E-1,1.773797813E2,1.859946168E-1,-7.049441295E-2,1.773796629E2
2.438870211E2,2.287198912E-2,6.466749473E-4,1.604528050E-3,9.997369051E-1,1.773788345E2,1.855123530E-1,-6.987864471E-2,1.773787175E2
2.438920211E2,2.286130837E-2,6.529743550E-4,1.605639234E-3,9.997371435E-1,1.773800588E2,1.856554106E-1,-7.059938496E-2,1.773799405E2
2.438970211E2,2.286643468E-2,6.505017518E-4,1.607868704E-3,9.997370243E-1,1.773794712E2,1.859047049E-1,-7.030932579E-2,1.773793532E2
2.439020211E2,2.287715358E-2,6.418052362E-4,1.607131329E-3,9.997367859E-1,1.773782426E2,1.857981825E-1,-6.931298042E-2,1.773781263E2
2.439070211E2,2.287193357E-2,6.456132978E-4,1.605746918E-3,9.997369051E-1,1.773788409E2,1.856492020E-1,-6.975383620E-2,1.773787240E2
2.439120211E2,2.286405087E-2,6.511777756E-4,1.604430261E-3,9.997370839E-1,1.773797444E2,1.855123944E-1,-7.039622458E-2,1.773796265E2
2.439170211E2,2.287459212E-2,6.440783618E-4,1.605603145E-3,9.997368455E-1,1.773785362E2,1.856288927E-1,-6.957787491E-2,1.773784195E2
2.439220211E2,2.288031201E-2,6.409367779E-4,1.599575393E-3,9.997367263E-1,1.773778806E2,1.849305028E-1,-6.923271336E-2,1.773777649E2
2.439270211E2,2.287250184E-2,6.455238326E-4,1.597668161E-3,9.997369051E-1,1.773787758E2,1.847234902E-1,-6.976465677E-2,1.773786594E2
2.439320211E2,2.288043351E-2,6.399154663E-4,1.598245697E-3,9.997367263E-1,1.773778666E2,1.847755008E-1,-6.911917446E-2,1.773777513E2
2.439370211E2,2.288775571E-2,6.356023951E-4,1.606953912E-3,9.997365475E-1,1.773770273E2,1.857623218E-1,-6.860086918E-2,1.773769122E2
2.439420211E2,2.287735999E-2,6.424118765E-4,1.603947603E-3,9.997367859E-1,1.773782189E2,1.854350541E-1,-6.939078632E-2,1.773781027E2
2.439470211E2,2.287228082E-2,6.456492702E-4,1.600778662E-3,9.997369051E-1,1.773788011E2,1.850801482E-1,-6.977091501E-2,1.773786845E2
2.439520211E2,2.287737989E-2,6.416579708E-4,1.603965531E-3,9.997367859E-1,1.773782166E2,1.854351326E-1,-6.930436712E-2,1.773781006E2
2.439570211E2,2.287732240E-2,6.426027976E-4,1.604407211E-3,9.997367859E-1,1.773782232E2,1.854882055E-1,-6.941146055E-2,1.773781070E2
2.439620211E2,2.287758571E-2,6.418367266E-4,1.600955613E-3,9.997367859E-1,1.773781931E2,1.850907940E-1,-6.933269855E-2,1.773780772E2
2.439670211E2,2.288797291E-2,6.356100203E-4,1.603854238E-3,9.997365475E-1,1.773770025E2,1.854072526E-1,-6.860983247E-2,1.773768875E2
2.439720211E2,2.288762530E-2,6.350266049E-4,1.609037630E-3,9.997365475E-1,1.773770423E2,1.859995169E-1,-6.852946480E-2,1.773769271E2
2.439770211E2,2.288515956E-2,6.371287163E-4,1.606242033E-3,9.997366071E-1,1.773773249E2,1.856845927E-1,-6.877807604E-2,1.773772096E2
2.439820211E2,2.289318461E-2,6.323900889E-4,1.605051220E-3,9.997364283E-1,1.773764051E2,1.855362905E-1,-6.823684584E-2,1.773762907E2
2.439870211E2,2.289823687E-2,6.277611828E-4,1.609045779E-3,9.997363091E-1,1.773758260E2,1.859821113E-1,-6.769513240E-2,1.773757122E2
2.439920211E2,2.289273910E-2,6.325293216E-4,1.611338463E-3,9.997364283E-1,1.773764561E2,1.862569027E-1,-6.823638506E-2,1.773763413E2
2.439970211E2,2.289543458E-2,6.306816940E-4,1.610745909E-3,9.997363687E-1,1.773761472E2,1.861843546E-1,-6.802577081E-2,1.773760327E2
2.440020211E2,2.288481017E-2,6.372751086E-4,1.611154410E-3,9.997366071E-1,1.773773650E2,1.862477232E-1,-6.878202901E-2,1.773772492E2
2.440070211E2,2.288144086E-2,6.387811154E-4,1.621394418E-3,9.997366667E-1,1.773777512E2,1.874245541E-1,-6.892833624E-2,1.773776344E2
2.440120211E2,2.288650994E-2,6.365383742E-4,1.624233439E-3,9.997365475E-1,1.773771701E2,1.877442641E-1,-6.866300838E-2,1.773770537E2
2.440170211E2,2.288684474E-2,6.354478537E-4,1.619937131E-3,9.997365475E-1,1.773771318E2,1.872492342E-1,-6.854928212E-2,1.773770158E2
2.440220211E2,2.287335594E-2,6.440316793E-4,1.623137156E-3,9.997368455E-1,1.773786779E2,1.876374118E-1,-6.952679602E-2,1.773785600E2
2.440270211E2,2.287835608E-2,6.407146575E-4,1.627398771E-3,9.997367263E-1,1.773781047E2,1.881172805E-1,-6.913468176E-2,1.773779872E2
2.440320211E2,2.289415848E-2,6.297501968E-4,1.629143488E-3,9.997363687E-1,1.773762935E2,1.882894822E-1,-6.787102704E-2,1.773761779E2
2.440370211E2,2.287850477E-2,6.415774697E-4,1.624966622E-3,9.997367263E-1,1.773780877E2,1.878409218E-1,-6.923987539E-2,1.773779702E2
2.440420211E2,2.286792946E-2,6.485207705E-4,1.624386176E-3,9.997369647E-1,1.773792999E2,1.877918895E-1,-7.003881814E-2,1.773791811E2
2.440470211E2,2.289134037E-2,6.327718729E-4,1.630994841E-3,9.997364283E-1,1.773766165E2,1.885093124E-1,-6.821286861E-2,1.773765002E2
2.440520211E2,2.289097797E-2,6.318302476E-4,1.636437140E-3,9.997364283E-1,1.773766580E2,1.891302968E-1,-6.809078661E-2,1.773765416E2
2.440570211E2,2.287800664E-2,6.416499964E-4,1.631936408E-3,9.997367263E-1,1.773781448E2,1.886395485E-1,-6.923000473E-2,1.773780268E2
2.440620211E2,2.289634095E-2,6.281887181E-4,1.635638764E-3,9.997363091E-1,1.773760433E2,1.890296430E-1,-6.767468823E-2,1.773759276E2
2.440670211E2,2.290658611E-2,6.208802806E-4,1.640699804E-3,9.997360706E-1,1.773748690E2,1.895909514E-1,-6.682220129E-2,1.773747544E2
2.440720211E2,2.288279472E-2,6.379288388E-4,1.639276394E-3,9.997366071E-1,1.773775960E2,1.894710030E-1,-6.878355258E-2,1.773774782E2
2.440770211E2,2.288812278E-2,6.351013435E-4,1.638692222E-3,9.997364879E-1,1.773769853E2,1.893970289E-1,-6.846015321E-2,1.773768681E2
2.440820211E2,2.290649246E-2,6.210891297E-4,1.641927753E-3,9.997360706E-1,1.773748797E2,1.897321693E-1,-6.684292170E-2,1.773747650E2
2.440870211E2,2.289324614E-2,6.310501485E-4,1.641414943E-3,9.997363687E-1,1.773763980E2,1.896986702E-1,-6.798792906E-2,1.773762814E2
2.440920211E2,2.289104169E-2,6.332798512E-4,1.634984859E-3,9.997364283E-1,1.773766507E2,1.889677282E-1,-6.826065284E-2,1.773765341E2
2.440970211E2,2.290134367E-2,6.245197146E-4,1.639863709E-3,9.997361898E-1,1.773754699E2,1.895043688E-1,-6.724232825E-2,1.773753546E2
2.441020211E2,2.289042148E-2,6.321799592E-4,1.644068514E-3,9.997364283E-1,1.773767218E2,1.900054398E-1,-6.811093695E-2,1.773766048E2
2.441070211E2,2.288564068E-2,6.356515223E-4,1.636780449E-3,9.997365475E-1,1.773772698E2,1.891792859E-1,-6.852866655E-2,1.773771526E2
2.441120211E2,2.289923596E-2,6.260342197E-4,1.632365049E-3,9.997362494E-1,1.773757115E2,1.886491423E-1,-6.743590937E-2,1.773755964E2
2.441170211E2,2.288830803E-2,6.334856735E-4,1.636728994E-3,9.997364879E-1,1.773769640E2,1.891678926E-1,-6.828017410E-2,1.773768473E2
2.441220211E2,2.288006444E-2,6.402223371E-4,1.640141243E-3,9.997366667E-1,1.773779089E2,1.895759079E-1,-6.904454882E-2,1.773777906E2
2.441270211E2,2.289392603E-2,6.304751732E-4,1.632126863E-3,9.997363687E-1,1.773763201E2,1.886331493E-1,-6.794629802E-2,1.773762042E2
2.441320211E2,2.287240241E-2,6.459942670E-4,1.635745284E-3,9.997368455E-1,1.773787872E2,1.890868999E-1,-6.971876461E-2,1.773786681E2
2.441370211E2,2.287502635E-2,6.438972196E-4,1.636308851E-3,9.997367859E-1,1.773784864E2,1.891461484E-1,-6.947655023E-2,1.773783677E2
2.441420211E2,2.289877249E-2,6.267696153E-4,1.638572547E-3,9.997362494E-1,1.773757646E2,1.893621826E-1,-6.750395550E-2,1.773756490E2
2.441470211E2,2.288819184E-2,6.339784013E-4,1.638162415E-3,9.997364879E-1,1.773769774E2,1.893333925E-1,-6.833288394E-2,1.773768604E2
2.441520211E2,2.287771079E-2,6.424214225E-4,1.635775901E-3,9.997367263E-1,1.773781787E2,1.890814099E-1,-6.930837018E-2,1.773780603E2
2.441570211E2,2.290148425E-2,6.252686726E-4,1.637613517E-3,9.997361898E-1,1.773754538E2,1.892485582E-1,-6.733400873E-2,1.773753385E2
2.441620211E2,2.290153019E-2,6.246453850E-4,1.637208858E-3,9.997361898E-1,1.773754485E2,1.892005668E-1,-6.726365736E-2,1.773753334E2
2.441670211E2,2.287804489E-2,6.420059362E-4,1.631260035E-3,9.997367263E-1,1.773781404E2,1.885629979E-1,-6.927254777E-2,1.773780224E2
2.441720211E2,2.289967107E-2,6.274327170E-4,1.625710633E-3,9.997362494E-1,1.773756616E2,1.878905005E-1,-6.761350373E-2,1.773755467E2
2.441770211E2,2.290706429E-2,6.216849433E-4,1.633704058E-3,9.997360706E-1,1.773748142E2,1.887916513E-1,-6.693265820E-2,1.773746999E2
2.441820211E2,2.288556802E-2,6.362490240E-4,1.637564157E-3,9.997365475E-1,1.773772781E2,1.892706311E-1,-6.859507557E-2,1.773771608E2
2.441870211E2,2.289363211E-2,6.313098711E-4,1.635922701E-3,9.997363687E-1,1.773763538E2,1.890701771E-1,-6.803201910E-2,1.773762375E2
2.441920211E2,2.290441703E-2,6.225715624E-4,1.634008251E-3,9.997361302E-1,1.773751176E2,1.888286503E-1,-6.703393196E-2,1.773750031E2
2.441970211E2,2.289647840E-2,6.278885412E-4,1.633828855E-3,9.997363091E-1,1.773760275E2,1.888215183E-1,-6.764502251E-2,1.773759121E2
2.442020211E2,2.289912333E-2,6.262053503E-4,1.633878681E-3,9.997362494E-1,1.773757244E2,1.888229881E-1,-6.745156355E-2,1.773756092E2
2.442070211E2,2.290167889E-2,6.247467827E-4,1.635088818E-3,9.997361898E-1,1.773754315E2,1.889579676E-1,-6.728080944E-2,1.773753165E2
2.442120211E2,2.289326053E-2,6.314663915E-4,1.641054172E-3,9.997363687E-1,1.773763964E2,1.896584327E-1,-6.803655818E-2,1.773762797E2
2.442170211E2,2.290469792E-2,6.229736027E-4,1.629912527E-3,9.997361302E-1,1.773750854E2,1.883605114E-1,-6.709068766E-2,1.773749711E2
2.442220211E2,2.291006445E-2,6.199873169E-4,1.628746744E-3,9.997360110E-1,1.773744703E2,1.882194766E-1,-6.675062431E-2,1.773743567E2
2.442270211E2,2.289084834E-2,6.323400303E-4,1.638052752E-3,9.997364283E-1,1.773766729E2,1.893167126E-1,-6.814497445E-2,1.773765562E2
2.442320211E2,2.290131774E-2,6.243437529E-4,1.640292816E-3,9.997361898E-1,1.773754728E2,1.895530644E-1,-6.722104859E-2,1.773753576E2
2.442370211E2,2.291224651E-2,6.169006811E-4,1.635794761E-3,9.997359514E-1,1.773742202E2,1.890189497E-1,-6.637809862E-2,1.773741067E2
2.442420211E2,2.289120350E-2,6.331268232E-4,1.632777159E-3,9.997364283E-1,1.773766322E2,1.887144198E-1,-6.824888254E-2,1.773765157E2
2.442470211E2,2.289142872E-2,6.321867695E-4,1.629981445E-3,9.997364283E-1,1.773766063E2,1.883916871E-1,-6.814848011E-2,1.773764903E2
2.442520211E2,2.291251241E-2,6.185348029E-4,1.631447463E-3,9.997359514E-1,1.773741897E2,1.885252248E-1,-6.657667022E-2,1.773740762E2
2.442570211E2,2.289389016E-2,6.296024076E-4,1.632966683E-3,9.997363687E-1,1.773763242E2,1.887270681E-1,-6.784411622E-2,1.773762085E2
2.442620211E2,2.288619741E-2,6.361944252E-4,1.628765604E-3,9.997365475E-1,1.773772060E2,1.882625533E-1,-6.861177734E-2,1.773770892E2
2.442670211E2,2.289957599E-2,6.269530859E-4,1.627234276E-3,9.997362494E-1,1.773756725E2,1.880637866E-1,-6.755457603E-2,1.773755576E2
2.442720211E2,2.290993612E-2,6.200869102E-4,1.630512998E-3,9.997360110E-1,1.773744850E2,1.884220745E-1,-6.675742089E-2,1.773743712E2
2.442770211E2,2.290207462E-2,6.258144276E-4,1.629126840E-3,9.997361898E-1,1.773753861E2,1.882777821E-1,-6.741869273E-2,1.773752713E2
2.442820211E2,2.289394739E-2,6.307846052E-4,1.631707652E-3,9.997363687E-1,1.773763176E2,1.885859370E-1,-6.798284277E-2,1.773762018E2
2.442870211E2,2.290710310E-2,6.220259820E-4,1.633029897E-3,9.997360706E-1,1.773748097E2,1.887153162E-1,-6.697349045E-2,1.773746954E2
2.442920211E2,2.290708357E-2,6.205531536E-4,1.633864013E-3,9.997360706E-1,1.773748120E2,1.888070060E-1,-6.680257531E-2,1.773746979E2
2.442970211E2,2.289385102E-2,6.311634788E-4,1.632912899E-3,9.997363687E-1,1.773763287E2,1.887249998E-1,-6.802310320E-2,1.773762126E2
2.443020211E2,2.289101994E-2,6.318144733E-4,1.635855995E-3,9.997364283E-1,1.773766532E2,1.890636812E-1,-6.809049603E-2,1.773765368E2
2.443070211E2,2.290669058E-2,6.215161993E-4,1.638999558E-3,9.997360706E-1,1.773748570E2,1.893978448E-1,-6.689949638E-2,1.773747424E2
2.443120211E2,2.290409355E-2,6.224768003E-4,1.638572197E-3,9.997361302E-1,1.773751547E2,1.893512334E-1,-6.701115784E-2,1.773750399E2
2.443170211E2,2.288023286E-2,6.390230265E-4,1.638258458E-3,9.997366667E-1,1.773778896E2,1.893570794E-1,-6.891205882E-2,1.773777717E2
2.443220211E2,2.289867766E-2,6.275059422E-4,1.639615628E-3,9.997362494E-1,1.773757755E2,1.894836057E-1,-6.758559092E-2,1.773756597E2
2.443270211E2,2.291199865E-2,6.186763057E-4,1.638593501E-3,9.997359514E-1,1.773742486E2,1.893442243E-1,-6.657421494E-2,1.773741346E2
2.443320211E2,2.289597151E-2,6.290227757E-4,1.640482573E-3,9.997363091E-1,1.773760856E2,1.895867217E-1,-6.775759966E-2,1.773759695E2
2.443370211E2,2.289870636E-2,6.273270119E-4,1.639283262E-3,9.997362494E-1,1.773757722E2,1.894450617E-1,-6.756595914E-2,1.773756564E2
2.443420211E2,2.290943102E-2,6.193933659E-4,1.637856942E-3,9.997360110E-1,1.773745429E2,1.892615545E-1,-6.665878233E-2,1.773744288E2
2.443470211E2,2.290450845E-2,6.234985776E-4,1.632372499E-3,9.997361302E-1,1.773751071E2,1.886436954E-1,-6.714440831E-2,1.773749926E2
2.443520211E2,2.290203935E-2,6.244459073E-4,1.630147453E-3,9.997361898E-1,1.773753901E2,1.883911109E-1,-6.725924122E-2,1.773752756E2
2.443570211E2,2.290995574E-2,6.201700890E-4,1.630205661E-3,9.997360110E-1,1.773744827E2,1.883870852E-1,-6.676775314E-2,1.773743690E2
2.443620211E2,2.290707730E-2,6.212687003E-4,1.633679960E-3,9.997360706E-1,1.773748127E2,1.887877987E-1,-6.688503365E-2,1.773746985E2
2.443670211E2,2.290731200E-2,6.210800493E-4,1.630457584E-3,9.997360706E-1,1.773747858E2,1.884181583E-1,-6.687183628E-2,1.773746718E2
2.443720211E2,2.290473845E-2,6.231759908E-4,1.629265375E-3,9.997361302E-1,1.773750808E2,1.882869065E-1,-6.711556452E-2,1.773749665E2
2.443770211E2,2.289962383E-2,6.268367870E-4,1.626605634E-3,9.997362494E-1,1.773756670E2,1.879914662E-1,-6.754289337E-2,1.773755522E2
2.443820211E2,2.291270848E-2,6.177642499E-4,1.628983882E-3,9.997359514E-1,1.773741672E2,1.882409824E-1,-6.649482634E-2,1.773740540E2
2.443870211E2,2.291518299E-2,6.151347770E-4,1.631749561E-3,9.997358918E-1,1.773738836E2,1.885510822E-1,-6.618586183E-2,1.773737707E2
2.443920211E2,2.289381463E-2,6.307877484E-4,1.633568085E-3,9.997363687E-1,1.773763329E2,1.887990707E-1,-6.797834695E-2,1.773762168E2
2.443970211E2,2.291025663E-2,6.196291652E-4,1.626177807E-3,9.997360110E-1,1.773744483E2,1.879242473E-1,-6.671630237E-2,1.773743349E2
2.444020211E2,2.292115868E-2,6.125156651E-4,1.621811884E-3,9.997357726E-1,1.773731986E2,1.874061208E-1,-6.591078908E-2,1.773730869E2
2.444070211E2,2.290231446E-2,6.253857282E-4,1.625916571E-3,9.997361898E-1,1.773753586E2,1.879088992E-1,-6.737796061E-2,1.773752441E2
2.444120211E2,2.289989154E-2,6.273963372E-4,1.622616197E-3,9.997362494E-1,1.773756363E2,1.875359161E-1,-6.761741516E-2,1.773755217E2
2.444170211E2,2.292127227E-2,6.112297997E-4,1.620691270E-3,9.997357726E-1,1.773731856E2,1.872743711E-1,-6.576640087E-2,1.773730742E2
2.444220211E2,2.289971612E-2,6.266722921E-4,1.625369303E-3,9.997362494E-1,1.773756564E2,1.878494046E-1,-6.752727568E-2,1.773755417E2
2.444270211E2,2.287542338E-2,6.431048969E-4,1.631061663E-3,9.997367859E-1,1.773784409E2,1.885429716E-1,-6.939946075E-2,1.773783227E2
2.444320211E2,2.290225760E-2,6.245811237E-4,1.627026359E-3,9.997361898E-1,1.773753651E2,1.880339226E-1,-6.728288205E-2,1.773752507E2
2.444370211E2,2.291309386E-2,6.168856635E-4,1.623888267E-3,9.997359514E-1,1.773741230E2,1.876549387E-1,-6.640748163E-2,1.773740103E2
2.444420211E2,2.288634331E-2,6.353615900E-4,1.627039630E-3,9.997365475E-1,1.773771892E2,1.880626483E-1,-6.852086581E-2,1.773770728E2
2.444470211E2,2.289181868E-2,6.314612110E-4,1.624777680E-3,9.997364283E-1,1.773765616E2,1.877936578E-1,-6.807893682E-2,1.773764461E2
2.444520211E2,2.290549126E-2,6.222226075E-4,1.619014074E-3,9.997361302E-1,1.773749945E2,1.871100479E-1,-6.703311044E-2,1.773748811E2
2.444570211E2,2.290041028E-2,6.255171029E-4,1.616007183E-3,9.997362494E-1,1.773755769E2,1.867738791E-1,-6.741937431E-2,1.773754630E2
2.444620211E2,2.290850013E-2,6.216914044E-4,1.613442553E-3,9.997360706E-1,1.773746496E2,1.864705721E-1,-6.698631852E-2,1.773745367E2
2.444670211E2,2.291078753E-2,6.197806797E-4,1.618622802E-3,9.997360110E-1,1.773743874E2,1.870591664E-1,-6.675339595E-2,1.773742745E2
2.444720211E2,2.290536854E-2,6.221951335E-4,1.620759955E-3,9.997361302E-1,1.773750085E2,1.873099786E-1,-6.702540322E-2,1.773748950E2
2.444770211E2,2.291370436E-2,6.166668027E-4,1.615334535E-3,9.997359514E-1,1.773740531E2,1.866744746E-1,-6.640475472E-2,1.773739410E2
2.444820211E2,2.291333694E-2,6.167557440E-4,1.620504190E-3,9.997359514E-1,1.773740952E2,1.872669281E-1,-6.640143813E-2,1.773739827E2
2.444870211E2,2.289746955E-2,6.275464548E-4,1.620011637E-3,9.997363091E-1,1.773759139E2,1.872377634E-1,-6.764190147E-2,1.773757994E2
2.444920211E2,2.290820569E-2,6.214053137E-4,1.617727685E-3,9.997360706E-1,1.773746833E2,1.869607132E-1,-6.694234916E-2,1.773745702E2
2.444970211E2,2.291319633E-2,6.179620395E-4,1.622032025E-3,9.997359514E-1,1.773741113E2,1.874451178E-1,-6.653564755E-2,1.773739985E2
2.445020211E2,2.289716885E-2,6.275533233E-4,1.624253578E-3,9.997363091E-1,1.773759484E2,1.877237252E-1,-6.763161405E-2,1.773758336E2
2.445070211E2,2.290819220E-2,6.209725398E-4,1.618084847E-3,9.997360706E-1,1.773746849E2,1.870004932E-1,-6.689183489E-2,1.773745718E2
2.445120211E2,2.290831335E-2,6.201454671E-4,1.616686233E-3,9.997360706E-1,1.773746710E2,1.868381023E-1,-6.680073334E-2,1.773745581E2
2.445170211E2,2.289206386E-2,6.328530144E-4,1.620776835E-3,9.997364283E-1,1.773765335E2,1.873389822E-1,-6.824883335E-2,1.773764180E2
2.445220211E2,2.290081370E-2,6.255947519E-4,1.610249979E-3,9.997362494E-1,1.773755306E2,1.861145550E-1,-6.744330348E-2,1.773754172E2
2.445270211E2,2.290939448E-2,6.202175282E-4,1.601265161E-3,9.997360706E-1,1.773745471E2,1.850716997E-1,-6.684927225E-2,1.773744352E2
2.445320211E2,2.289833661E-2,6.281731185E-4,1.607464743E-3,9.997363091E-1,1.773758145E2,1.858020728E-1,-6.774645451E-2,1.773757008E2
2.445370211E2,2.290345892E-2,6.250869483E-4,1.609830884E-3,9.997361898E-1,1.773752274E2,1.860653883E-1,-6.738573634E-2,1.773751141E2
2.445420211E2,2.291946477E-2,6.131835980E-4,1.608703518E-3,9.997358322E-1,1.773733928E2,1.859060475E-1,-6.602205491E-2,1.773732818E2
2.445470211E2,2.290118232E-2,6.254003383E-4,1.605074620E-3,9.997362494E-1,1.773754884E2,1.855211716E-1,-6.743454478E-2,1.773753753E2
2.445520211E2,2.290621159E-2,6.231266889E-4,1.608440652E-3,9.997361302E-1,1.773749119E2,1.859011604E-1,-6.716430338E-2,1.773747990E2
2.445570211E2,2.291419966E-2,6.165424711E-4,1.608340885E-3,9.997359514E-1,1.773739963E2,1.858729766E-1,-6.640878320E-2,1.773738847E2
2.445620211E2,2.290652448E-2,6.217205664E-4,1.604524092E-3,9.997361302E-1,1.773748760E2,1.854488022E-1,-6.701343892E-2,1.773747637E2
2.445670211E2,2.291737708E-2,6.144674844E-4,1.600895426E-3,9.997358918E-1,1.773736321E2,1.850147737E-1,-6.619003288E-2,1.773735214E2
2.445720211E2,2.292749522E-2,6.086844369E-4,1.607104903E-3,9.997356534E-1,1.773724723E2,1.857116157E-1,-6.550933208E-2,1.773723623E2
2.445770211E2,2.290371636E-2,6.242677919E-4,1.606482663E-3,9.997361898E-1,1.773751979E2,1.856796775E-1,-6.730063280E-2,1.773750850E2
2.445820211E2,2.290711299E-2,6.223788369E-4,1.595843583E-3,9.997361302E-1,1.773748086E2,1.844561161E-1,-6.711152911E-2,1.773746967E2
2.445870211E2,2.292580011E-2,6.090166862E-4,1.594029600E-3,9.997357130E-1,1.773726666E2,1.842144494E-1,-6.558206154E-2,1.773725574E2
2.445920211E2,2.290672180E-2,6.223220844E-4,1.601470984E-3,9.997361302E-1,1.773748534E2,1.851006253E-1,-6.709032754E-2,1.773747412E2
2.445970211E2,2.290677392E-2,6.227829726E-4,1.600546064E-3,9.997361302E-1,1.773748475E2,1.849958784E-1,-6.714554582E-2,1.773747352E2
2.446020211E2,2.293127452E-2,6.061152089E-4,1.591154025E-3,9.997355938E-1,1.773720392E2,1.838777528E-1,-6.525621238E-2,1.773719306E2
2.446070211E2,2.291517672E-2,6.170090055E-4,1.594179077E-3,9.997359514E-1,1.773738843E2,1.842518664E-1,-6.649923727E-2,1.773737735E2
2.446120211E2,2.290687135E-2,6.216101465E-4,1.599607291E-3,9.997361302E-1,1.773748363E2,1.848852585E-1,-6.701363157E-2,1.773747243E2
2.446170211E2,2.292864304E-2,6.067271461E-4,1.591392676E-3,9.997356534E-1,1.773723408E2,1.839065293E-1,-6.532617362E-2,1.773722321E2
2.446220211E2,2.292879513E-2,6.069429801E-4,1.589117339E-3,9.997356534E-1,1.773723233E2,1.836464400E-1,-6.535685045E-2,1.773722148E2
2.446270211E2,2.290748719E-2,6.212364533E-4,1.590909669E-3,9.997361302E-1,1.773747657E2,1.838879045E-1,-6.699353918E-2,1.773746544E2
2.446320211E2,2.292600249E-2,6.098693120E-4,1.590789529E-3,9.997357130E-1,1.773726434E2,1.838455151E-1,-6.568821461E-2,1.773725342E2
2.446370211E2,2.292312700E-2,6.119131576E-4,1.593980938E-3,9.997357726E-1,1.773729730E2,1.842163087E-1,-6.591450549E-2,1.773728632E2
2.446420211E2,2.291023337E-2,6.209361018E-4,1.588937012E-3,9.997360706E-1,1.773744509E2,1.836613089E-1,-6.696380447E-2,1.773743398E2
2.446470211E2,2.292619950E-2,6.085546920E-4,1.588452025E-3,9.997357130E-1,1.773726209E2,1.835742857E-1,-6.554371503E-2,1.773725121E2
2.446520211E2,2.292897360E-2,6.070949603E-4,1.586482045E-3,9.997356534E-1,1.773723029E2,1.833449475E-1,-6.538115316E-2,1.773721945E2
2.446570211E2,2.291059510E-2,6.205322570E-4,1.583870966E-3,9.997360706E-1,1.773744095E2,1.830798981E-1,-6.693077379E-2,1.773742987E2
2.446620211E2,2.291857992E-2,6.147877430E-4,1.583458041E-3,9.997358918E-1,1.773734942E2,1.830180387E-1,-6.627229689E-2,1.773733846E2
2.446670211E2,2.292352245E-2,6.104925997E-4,1.588830259E-3,9.997357726E-1,1.773729277E2,1.836225324E-1,-6.576522224E-2,1.773728185E2
2.446720211E2,2.291263110E-2,6.186514511E-4,1.592752291E-3,9.997360110E-1,1.773741761E2,1.840925550E-1,-6.669161352E-2,1.773740651E2
2.446770211E2,2.291562020E-2,6.172950380E-4,1.587680308E-3,9.997359514E-1,1.773738335E2,1.835081373E-1,-6.654898989E-2,1.773737231E2
2.446820211E2,2.291549653E-2,6.165058585E-4,1.589770545E-3,9.997359514E-1,1.773738477E2,1.837455175E-1,-6.645311410E-2,1.773737373E2
2.446870211E2,2.291293572E-2,6.176093011E-4,1.588769490E-3,9.997360110E-1,1.773741412E2,1.836335623E-1,-6.658262514E-2,1.773740307E2
2.446920211E2,2.292127884E-2,6.133235875E-4,1.582591911E-3,9.997358322E-1,1.773731849E2,1.829151461E-1,-6.610634228E-2,1.773730756E2
2.446970211E2,2.291598256E-2,6.156066083E-4,1.583099132E-3,9.997359514E-1,1.773737919E2,1.829789000E-1,-6.636752521E-2,1.773736822E2
2.447020211E2,2.290757116E-2,6.223591627E-4,1.589260879E-3,9.997361302E-1,1.773747561E2,1.837019695E-1,-6.712647113E-2,1.773746446E2
2.447070211E2,2.291822916E-2,6.140941405E-4,1.588794985E-3,9.997358918E-1,1.773735344E2,1.836276028E-1,-6.617888440E-2,1.773734246E2
2.447120211E2,2.292341083E-2,6.118070451E-4,1.589934691E-3,9.997357726E-1,1.773729405E2,1.837525039E-1,-6.591292605E-2,1.773728310E2
2.447170211E2,2.290482830E-2,6.232944434E-4,1.590931905E-3,9.997361898E-1,1.773750705E2,1.838956759E-1,-6.722973603E-2,1.773749587E2
2.447220211E2,2.291204212E-2,6.194937159E-4,1.600876800E-3,9.997360110E-1,1.773742436E2,1.850254848E-1,-6.676688091E-2,1.773741319E2
2.447270211E2,2.291999162E-2,6.126921508E-4,1.601367840E-3,9.997358322E-1,1.773733324E2,1.850644039E-1,-6.598492363E-2,1.773732220E2
2.447320211E2,2.290958624E-2,6.213258603E-4,1.598088769E-3,9.997360706E-1,1.773745251E2,1.847107297E-1,-6.698454794E-2,1.773744133E2
2.447370211E2,2.289605003E-2,6.289664307E-4,1.602647942E-3,9.997363687E-1,1.773760766E2,1.852521786E-1,-6.785040079E-2,1.773759631E2
2.447420211E2,2.291184036E-2,6.180522032E-4,1.604317920E-3,9.997360110E-1,1.773742667E2,1.854159067E-1,-6.659274155E-2,1.773741551E2
2.447470211E2,2.290387699E-2,6.246138364E-4,1.604056102E-3,9.997361898E-1,1.773751795E2,1.854026057E-1,-6.734661531E-2,1.773750666E2
2.447520211E2,2.289371227E-2,6.322186091E-4,1.597575145E-3,9.997364283E-1,1.773763446E2,1.846794044E-1,-6.823671677E-2,1.773762308E2
2.447570211E2,2.289890082E-2,6.269809091E-4,1.599875046E-3,9.997363091E-1,1.773757499E2,1.849294936E-1,-6.762968492E-2,1.773756369E2
2.447620211E2,2.289879179E-2,6.273713661E-4,1.601281925E-3,9.997363091E-1,1.773757624E2,1.850916854E-1,-6.767074455E-2,1.773756492E2
2.447670211E2,2.289110355E-2,6.327368319E-4,1.597451977E-3,9.997364879E-1,1.773766436E2,1.846664756E-1,-6.829689010E-2,1.773765297E2
2.447720211E2,2.290221308E-2,6.254701875E-4,1.590271946E-3,9.997362494E-1,1.773753702E2,1.838256049E-1,-6.748120538E-2,1.773752581E2
2.447770211E2,2.290467289E-2,6.233181921E-4,1.593158464E-3,9.997361898E-1,1.773750883E2,1.841508063E-1,-6.722664103E-2,1.773749764E2
2.447820211E2,2.289894152E-2,6.272013998E-4,1.599206007E-3,9.997363091E-1,1.773757452E2,1.848534287E-1,-6.765669276E-2,1.773756322E2
2.447870211E2,2.289925041E-2,6.284216652E-4,1.594296424E-3,9.997363091E-1,1.773757098E2,1.842942018E-1,-6.780931455E-2,1.773755969E2
2.447920211E2,2.289945178E-2,6.274098414E-4,1.591800596E-3,9.997363091E-1,1.773756867E2,1.840056337E-1,-6.769991105E-2,1.773755742E2
2.447970211E2,2.291000098E-2,6.200004136E-4,1.592648798E-3,9.997360706E-1,1.773744776E2,1.840840651E-1,-6.684690851E-2,1.773743663E2
2.448020211E2,2.290237913E-2,6.248341524E-4,1.588129206E-3,9.997362494E-1,1.773753512E2,1.835784706E-1,-6.741393350E-2,1.773752394E2
2.448070211E2,2.290226330E-2,6.256650668E-4,1.589471824E-3,9.997362494E-1,1.773753645E2,1.837344564E-1,-6.750562172E-2,1.773752524E2
2.448120211E2,2.290224672E-2,6.265232223E-4,1.589372754E-3,9.997362494E-1,1.773753664E2,1.837253581E-1,-6.760419626E-2,1.773752541E2
2.448170211E2,2.289917209E-2,6.279027439E-4,1.595625188E-3,9.997363091E-1,1.773757188E2,1.844450602E-1,-6.774639374E-2,1.773756059E2
2.448220211E2,2.289075847E-2,6.326052244E-4,1.602441189E-3,9.997364879E-1,1.773766832E2,1.852376795E-1,-6.826878897E-2,1.773765689E2
2.448270211E2,2.288812030E-2,6.354707875E-4,1.601804863E-3,9.997365475E-1,1.773769856E2,1.851721175E-1,-6.859922975E-2,1.773768708E2
2.448320211E2,2.288829616E-2,6.359318504E-4,1.599106705E-3,9.997365475E-1,1.773769654E2,1.848642333E-1,-6.865909426E-2,1.773768508E2
2.448370211E2,2.289117814E-2,6.339275860E-4,1.595910289E-3,9.997364879E-1,1.773766351E2,1.844929862E-1,-6.843733502E-2,1.773765210E2
2.448420211E2,2.288583111E-2,6.364645669E-4,1.596910064E-3,9.997366071E-1,1.773772479E2,1.846138102E-1,-6.872633983E-2,1.773771334E2
2.448470211E2,2.287752943E-2,6.425011088E-4,1.601493219E-3,9.997367859E-1,1.773781995E2,1.851541212E-1,-6.940741211E-2,1.773780835E2
2.448520211E2,2.288033479E-2,6.403394509E-4,1.599488780E-3,9.997367263E-1,1.773778779E2,1.849190155E-1,-6.916450561E-2,1.773777624E2
2.448570211E2,2.289381237E-2,6.314691855E-4,1.596436719E-3,9.997364283E-1,1.773763331E2,1.845470249E-1,-6.815382999E-2,1.773762195E2
2.448620211E2,2.288584838E-2,6.368818576E-4,1.596496208E-3,9.997366071E-1,1.773772460E2,1.845674938E-1,-6.877522746E-2,1.773771313E2
2.448670211E2,2.288015981E-2,6.412139046E-4,1.601640019E-3,9.997367263E-1,1.773778980E2,1.851677461E-1,-6.925907610E-2,1.773777822E2
2.448720211E2,2.288541036E-2,6.366969319E-4,1.602836419E-3,9.997366071E-1,1.773772962E2,1.852933243E-1,-6.873749517E-2,1.773771811E2
2.448770211E2,2.288081410E-2,6.398537662E-4,1.592812710E-3,9.997367263E-1,1.773778230E2,1.841529527E-1,-6.912628132E-2,1.773777081E2
2.448820211E2,2.287291025E-2,6.456215633E-4,1.591770910E-3,9.997369051E-1,1.773787290E2,1.840481753E-1,-6.979123513E-2,1.773786130E2
2.448870211E2,2.288590366E-2,6.366631715E-4,1.595790847E-3,9.997366071E-1,1.773772396E2,1.844861167E-1,-6.875201417E-2,1.773771251E2
2.448920211E2,2.289103786E-2,6.331655313E-4,1.598223229E-3,9.997364879E-1,1.773766511E2,1.847559517E-1,-6.834399147E-2,1.773765371E2
2.448970211E2,2.287820958E-2,6.426163018E-4,1.591700828E-3,9.997367859E-1,1.773781215E2,1.840326367E-1,-6.944615621E-2,1.773780061E2
2.449020211E2,2.287061812E-2,6.473718095E-4,1.586550847E-3,9.997369647E-1,1.773789917E2,1.834545831E-1,-7.000584911E-2,1.773788758E2
2.449070211E2,2.288065407E-2,6.401931169E-4,1.594973612E-3,9.997367263E-1,1.773778413E2,1.844013882E-1,-6.915952130E-2,1.773777262E2
2.449120211E2,2.288018580E-2,6.413966184E-4,1.601195545E-3,9.997367263E-1,1.773778950E2,1.851173073E-1,-6.928116866E-2,1.773777792E2
2.449170211E2,2.287032293E-2,6.468840875E-4,1.590998843E-3,9.997369647E-1,1.773790255E2,1.839628546E-1,-6.993837153E-2,1.773789094E2
2.449220211E2,2.287606824E-2,6.438287674E-4,1.584534417E-3,9.997368455E-1,1.773783670E2,1.832146700E-1,-6.960423910E-2,1.773782519E2
2.449270211E2,2.288616012E-2,6.368307513E-4,1.592041575E-3,9.997366071E-1,1.773772102E2,1.840570507E-1,-6.878099816E-2,1.773770959E2
2.449320211E2,2.287812935E-2,6.422545412E-4,1.592999557E-3,9.997367859E-1,1.773781307E2,1.841804674E-1,-6.940132221E-2,1.773780153E2
2.449370211E2,2.288113197E-2,6.410386413E-4,1.587761915E-3,9.997367263E-1,1.773777866E2,1.835774538E-1,-6.927520746E-2,1.773776717E2
2.449420211E2,2.288873313E-2,6.345944130E-4,1.593373250E-3,9.997365475E-1,1.773769153E2,1.842039204E-1,-6.852083345E-2,1.773768013E2
2.449470211E2,2.289333448E-2,6.322881090E-4,1.602952369E-3,9.997364283E-1,1.773763879E2,1.852955850E-1,-6.823064142E-2,1.773762737E2
2.449520211E2,2.288258532E-2,6.387872854E-4,1.605159370E-3,9.997366667E-1,1.773776200E2,1.855647334E-1,-6.897140123E-2,1.773775044E2
2.449570211E2,2.287768639E-2,6.431406946E-4,1.598992269E-3,9.997367859E-1,1.773781815E2,1.848692957E-1,-6.948721167E-2,1.773780655E2
2.449620211E2,2.288025228E-2,6.411627401E-4,1.600338961E-3,9.997367263E-1,1.773778874E2,1.850185669E-1,-6.925660887E-2,1.773777717E2
2.449670211E2,2.288586844E-2,6.371570635E-4,1.596098766E-3,9.997366071E-1,1.773772437E2,1.845226854E-1,-6.880779407E-2,1.773771290E2
2.449720211E2,2.288062343E-2,6.405452150E-4,1.595271751E-3,9.997367263E-1,1.773778449E2,1.844364648E-1,-6.919908208E-2,1.773777296E2
2.449770211E2,2.288036888E-2,6.404981832E-4,1.598937437E-3,9.997367263E-1,1.773778740E2,1.848562713E-1,-6.918412953E-2,1.773777585E2
2.449820211E2,2.289081676E-2,6.325362483E-4,1.601635478E-3,9.997364879E-1,1.773766765E2,1.851451989E-1,-6.826298973E-2,1.773765623E2
2.449870211E2,2.288800098E-2,6.351108314E-4,1.603651443E-3,9.997365475E-1,1.773769992E2,1.853827125E-1,-6.855317139E-2,1.773768844E2
2.449920211E2,2.288792820E-2,6.358486135E-4,1.604397665E-3,9.997365475E-1,1.773770076E2,1.854701313E-1,-6.863574899E-2,1.773768926E2
2.449970211E2,2.289357343E-2,6.309271557E-4,1.600073418E-3,9.997364283E-1,1.773763605E2,1.849622129E-1,-6.808223744E-2,1.773762467E2
2.450020211E2,2.290420896E-2,6.233659806E-4,1.599795767E-3,9.997361898E-1,1.773751415E2,1.849112813E-1,-6.721477998E-2,1.773750291E2
2.450070211E2,2.289855204E-2,6.287586875E-4,1.604163670E-3,9.997363091E-1,1.773757899E2,1.854254475E-1,-6.782216041E-2,1.773756762E2
2.450120211E2,2.289348770E-2,6.308114389E-4,1.601345139E-3,9.997364283E-1,1.773763703E2,1.851075940E-1,-6.806566023E-2,1.773762565E2
2.450170211E2,2.290719739E-2,6.215386675E-4,1.594959293E-3,9.997361302E-1,1.773747989E2,1.843526102E-1,-6.701758394E-2,1.773746872E2
2.450220211E2,2.291250859E-2,6.192054716E-4,1.594298636E-3,9.997360110E-1,1.773741901E2,1.842711535E-1,-6.675104518E-2,1.773740790E2
2.450270211E2,2.290441291E-2,6.243038224E-4,1.596506685E-3,9.997361898E-1,1.773751181E2,1.845369539E-1,-6.733081577E-2,1.773750058E2
2.450320211E2,2.291217729E-2,6.191637949E-4,1.599068870E-3,9.997360110E-1,1.773742281E2,1.848175080E-1,-6.673380671E-2,1.773741166E2
2.450370211E2,2.290894117E-2,6.207754486E-4,1.607522252E-3,9.997360706E-1,1.773745990E2,1.857899571E-1,-6.689684563E-2,1.773744867E2
2.450420211E2,2.290082178E-2,6.265100092E-4,1.609779196E-3,9.997362494E-1,1.773755297E2,1.860630239E-1,-6.754939061E-2,1.773754161E2
2.450470211E2,2.289573701E-2,6.300099194E-4,1.606704900E-3,9.997363687E-1,1.773761125E2,1.857196675E-1,-6.795935776E-2,1.773759985E2
2.450520211E2,2.289859821E-2,6.276742788E-4,1.603929326E-3,9.997363091E-1,1.773757846E2,1.853957580E-1,-6.769853543E-2,1.773756711E2
2.450570211E2,2.291164872E-2,6.197441253E-4,1.606400707E-3,9.997360110E-1,1.773742887E2,1.856589441E-1,-6.678113740E-2,1.773741766E2
2.450620211E2,2.291209554E-2,6.187176332E-4,1.600412303E-3,9.997360110E-1,1.773742375E2,1.849702369E-1,-6.667918155E-2,1.773741260E2
2.450670211E2,2.289322594E-2,6.319732056E-4,1.604625839E-3,9.997364283E-1,1.773764003E2,1.854864670E-1,-6.819019543E-2,1.773762861E2
2.450720211E2,2.289007565E-2,6.329662283E-4,1.612023800E-3,9.997364879E-1,1.773767614E2,1.863363805E-1,-6.828513619E-2,1.773766465E2
2.450770211E2,2.290825174E-2,6.216133479E-4,1.616995549E-3,9.997360706E-1,1.773746781E2,1.868773877E-1,-6.696809524E-2,1.773745649E2
2.450820211E2,2.290850056E-2,6.213008310E-4,1.613586908E-3,9.997360706E-1,1.773746495E2,1.864860843E-1,-6.694119486E-2,1.773745367E2
2.450870211E2,2.290365240E-2,6.239330396E-4,1.607524231E-3,9.997361898E-1,1.773752052E2,1.857981183E-1,-6.725956122E-2,1.773750923E2
2.450920211E2,2.291420330E-2,6.161720958E-4,1.608430990E-3,9.997359514E-1,1.773739959E2,1.858823269E-1,-6.636611522E-2,1.773738843E2
2.450970211E2,2.291641419E-2,6.148963585E-4,1.614457229E-3,9.997358918E-1,1.773737425E2,1.865694991E-1,-6.620372822E-2,1.773736308E2
2.451020211E2,2.290080431E-2,6.263999385E-4,1.610070467E-3,9.997362494E-1,1.773755317E2,1.860961024E-1,-6.753601961E-2,1.773754181E2
2.451070211E2,2.290920686E-2,6.201478536E-4,1.603974146E-3,9.997360706E-1,1.773745686E2,1.853818501E-1,-6.683421303E-2,1.773744566E2
2.451120211E2,2.291674712E-2,6.156896707E-4,1.609421219E-3,9.997358918E-1,1.773737043E2,1.859946709E-1,-6.630777447E-2,1.773735928E2
2.451170211E2,2.290570987E-2,6.233657477E-4,1.615477609E-3,9.997361302E-1,1.773749694E2,1.867079200E-1,-6.717331215E-2,1.773748560E2
2.451220211E2,2.290396318E-2,6.251051091E-4,1.602633507E-3,9.997361898E-1,1.773751696E2,1.852409261E-1,-6.740661410E-2,1.773750568E2
2.451270211E2,2.291491881E-2,6.175559829E-4,1.597670722E-3,9.997359514E-1,1.773739139E2,1.846532944E-1,-6.655277830E-2,1.773738028E2
2.451320211E2,2.290143590E-2,6.255646003E-4,1.601388329E-3,9.997362494E-1,1.773754593E2,1.850993120E-1,-6.746299021E-2,1.773753465E2
2.451370211E2,2.291467725E-2,6.172126159E-4,1.601263881E-3,9.997359514E-1,1.773739416E2,1.850640149E-1,-6.650405090E-2,1.773738303E2
2.451420211E2,2.291495031E-2,6.162151112E-4,1.597736613E-3,9.997359514E-1,1.773739103E2,1.846573237E-1,-6.639898741E-2,1.773737994E2
2.451470211E2,2.289399989E-2,6.306339055E-4,1.594075933E-3,9.997364283E-1,1.773763116E2,1.842743903E-1,-6.806429824E-2,1.773761983E2
2.451520211E2,2.290443556E-2,6.240456714E-4,1.596282702E-3,9.997361898E-1,1.773751155E2,1.845106179E-1,-6.730182537E-2,1.773750033E2
2.451570211E2,2.291452428E-2,6.160634803E-4,1.603893354E-3,9.997359514E-1,1.773739591E2,1.853622237E-1,-6.636552791E-2,1.773738479E2
2.451620211E2,2.290411153E-2,6.234570174E-4,1.601154683E-3,9.997361898E-1,1.773751526E2,1.850671934E-1,-6.722166050E-2,1.773750402E2
2.451670211E2,2.291251074E-2,6.186697865E-4,1.594475587E-3,9.997360110E-1,1.773741899E2,1.842900188E-1,-6.668921136E-2,1.773740788E2
2.451720211E2,2.293877061E-2,6.002876908E-4,1.597651048E-3,9.997354150E-1,1.773711799E2,1.846072314E-1,-6.457014702E-2,1.773710721E2
2.451770211E2,2.291460272E-2,6.164397346E-4,1.602627570E-3,9.997359514E-1,1.773739501E2,1.852182067E-1,-6.641194142E-2,1.773738389E2
2.451820211E2,2.291474067E-2,6.171750138E-4,1.600370626E-3,9.997359514E-1,1.773739343E2,1.849615876E-1,-6.650207705E-2,1.773738231E2
2.451870211E2,2.293851089E-2,5.998778506E-4,1.601529191E-3,9.997354150E-1,1.773712097E2,1.850504235E-1,-6.451304881E-2,1.773711017E2
2.451920211E2,2.292225843E-2,6.111703697E-4,1.606705831E-3,9.997357726E-1,1.773730726E2,1.856720849E-1,-6.579614488E-2,1.773729621E2
2.451970211E2,2.290617632E-2,6.226020632E-4,1.609145897E-3,9.997361302E-1,1.773749159E2,1.859805748E-1,-6.710235687E-2,1.773748031E2
2.452020211E2,2.293042814E-2,6.059344742E-4,1.603373443E-3,9.997355938E-1,1.773721362E2,1.852770990E-1,-6.520355331E-2,1.773720269E2
2.452070211E2,2.293033163E-2,6.063096225E-4,1.604611403E-3,9.997355938E-1,1.773721472E2,1.854199013E-1,-6.524329564E-2,1.773720378E2
2.452120211E2,2.290402283E-2,6.249290891E-4,1.601849450E-3,9.997361898E-1,1.773751628E2,1.851506452E-1,-6.738849590E-2,1.773750500E2
2.452170211E2,2.290693593E-2,6.229174323E-4,1.598173287E-3,9.997361302E-1,1.773748289E2,1.847244129E-1,-6.716714841E-2,1.773747167E2
2.452220211E2,2.291471232E-2,6.166604580E-4,1.600974705E-3,9.997359514E-1,1.773739375E2,1.850294387E-1,-6.644154783E-2,1.773738264E2
2.452270211E2,2.289596528E-2,6.291015306E-4,1.603805344E-3,9.997363687E-1,1.773760864E2,1.853851212E-1,-6.786285695E-2,1.773759727E2
2.452320211E2,2.289057740E-2,6.336100050E-4,1.604629331E-3,9.997364879E-1,1.773767039E2,1.854909805E-1,-6.837819170E-2,1.773765893E2
2.452370211E2,2.289806793E-2,6.276252680E-4,1.611501095E-3,9.997363091E-1,1.773758453E2,1.862630283E-1,-6.767315038E-2,1.773757314E2
2.452420211E2,2.288415441E-2,6.376376259E-4,1.620299299E-3,9.997366071E-1,1.773774401E2,1.872962834E-1,-6.879969965E-2,1.773773237E2
2.452470211E2,2.288710331E-2,6.362172426E-4,1.615977148E-3,9.997365475E-1,1.773771021E2,1.867976074E-1,-6.864776216E-2,1.773769863E2
2.452520211E2,2.289833408E-2,6.275597843E-4,1.607740414E-3,9.997363091E-1,1.773758148E2,1.858320445E-1,-6.767546720E-2,1.773757012E2
2.452570211E2,2.289329340E-2,6.313832710E-4,1.603895449E-3,9.997364283E-1,1.773763926E2,1.854012491E-1,-6.812451536E-2,1.773762785E2
2.452620211E2,2.289047262E-2,6.330445758E-4,1.606346224E-3,9.997364879E-1,1.773767159E2,1.856861802E-1,-6.830893107E-2,1.773766013E2
2.452670211E2,2.290077395E-2,6.270873128E-4,1.610234729E-3,9.997362494E-1,1.773755352E2,1.861167225E-1,-6.761434072E-2,1.773754214E2
2.452720211E2,2.289024324E-2,6.336991792E-4,1.609354047E-3,9.997364879E-1,1.773767422E2,1.860324632E-1,-6.837607599E-2,1.773766273E2
2.452770211E2,2.288015212E-2,6.414352683E-4,1.601661206E-3,9.997367263E-1,1.773778989E2,1.851707533E-1,-6.928438172E-2,1.773777830E2
2.452820211E2,2.289282793E-2,6.320093526E-4,1.610280131E-3,9.997364283E-1,1.773764460E2,1.861343003E-1,-6.817957661E-2,1.773763313E2
2.452870211E2,2.289498225E-2,6.302729598E-4,1.617321861E-3,9.997363687E-1,1.773761990E2,1.869366038E-1,-6.796177663E-2,1.773760842E2
2.452920211E2,2.288187442E-2,6.382829160E-4,1.615461195E-3,9.997366667E-1,1.773777015E2,1.867435569E-1,-6.888673857E-2,1.773775853E2
2.452970211E2,2.288219124E-2,6.397640100E-4,1.610379666E-3,9.997366667E-1,1.773776652E2,1.861653140E-1,-6.906968053E-2,1.773775490E2
2.453020211E2,2.288441995E-2,6.370085757E-4,1.616792637E-3,9.997366071E-1,1.773774097E2,1.868929225E-1,-6.873678118E-2,1.773772936E2
2.453070211E2,2.288967854E-2,6.333814817E-4,1.617490198E-3,9.997364879E-1,1.773768070E2,1.869636828E-1,-6.831844341E-2,1.773766915E2
2.453120211E2,2.289517467E-2,6.300740642E-4,1.614673180E-3,9.997363687E-1,1.773761770E2,1.866326575E-1,-6.794590428E-2,1.773760624E2
2.453170211E2,2.289785625E-2,6.290196907E-4,1.613963279E-3,9.997363091E-1,1.773758696E2,1.865487453E-1,-6.782647598E-2,1.773757553E2
2.453220211E2,2.289965727E-2,6.273434265E-4,1.625939389E-3,9.997362494E-1,1.773756632E2,1.879164720E-1,-6.760267677E-2,1.773755483E2
2.453270211E2,2.290199582E-2,6.253048778E-4,1.630429644E-3,9.997361898E-1,1.773753951E2,1.884256908E-1,-6.735691364E-2,1.773752804E2
2.453320211E2,2.291267765E-2,6.181646604E-4,1.629265607E-3,9.997359514E-1,1.773741708E2,1.882743067E-1,-6.653996398E-2,1.773740574E2
2.453370211E2,2.292353267E-2,6.104125059E-4,1.625788631E-3,9.997357130E-1,1.773729265E2,1.878563347E-1,-6.565895665E-2,1.773728149E2
2.453420211E2,2.292025378E-2,6.115074502E-4,1.634928049E-3,9.997357726E-1,1.773733024E2,1.889060224E-1,-6.576100558E-2,1.773731900E2
2.453470211E2,2.290669081E-2,6.212586304E-4,1.639093971E-3,9.997360706E-1,1.773748570E2,1.894079847E-1,-6.686974106E-2,1.773747424E2
2.453520211E2,2.291468641E-2,6.166062085E-4,1.638155198E-3,9.997358918E-1,1.773739405E2,1.892887540E-1,-6.633770376E-2,1.773738269E2
2.453570211E2,2.291465005E-2,6.154482253E-4,1.639098977E-3,9.997358918E-1,1.773739447E2,1.893938315E-1,-6.620257224E-2,1.773738312E2
2.453620211E2,2.291379480E-2,6.169770495E-4,1.650441205E-3,9.997358918E-1,1.773740427E2,1.906971744E-1,-6.634809546E-2,1.773739282E2
2.453670211E2,2.291379973E-2,6.164935767E-4,1.650553429E-3,9.997358918E-1,1.773740421E2,1.907087617E-1,-6.629241255E-2,1.773739277E2
2.453720211E2,2.292214725E-2,6.103374180E-4,1.645234297E-3,9.997357130E-1,1.773730853E2,1.900837742E-1,-6.559953492E-2,1.773729725E2
2.453770211E2,2.290839306E-2,6.192253786E-4,1.652374282E-3,9.997360110E-1,1.773746619E2,1.909241753E-1,-6.660162266E-2,1.773745468E2
2.453820211E2,2.290290187E-2,6.245976547E-4,1.654346124E-3,9.997361302E-1,1.773752913E2,1.911638084E-1,-6.721295127E-2,1.773751750E2
2.453870211E2,2.290876783E-2,6.202156655E-4,1.646797638E-3,9.997360110E-1,1.773746189E2,1.902879306E-1,-6.672963989E-2,1.773745040E2
2.453920211E2,2.290622928E-2,6.210214924E-4,1.645620796E-3,9.997360706E-1,1.773749099E2,1.901550555E-1,-6.682552887E-2,1.773747949E2
2.453970211E2,2.291183412E-2,6.171714631E-4,1.641458948E-3,9.997359514E-1,1.773742674E2,1.896685323E-1,-6.639432574E-2,1.773741535E2
2.454020211E2,2.291428630E-2,6.165212253E-4,1.643774216E-3,9.997358918E-1,1.773739864E2,1.899322285E-1,-6.631328874E-2,1.773738724E2
2.454070211E2,2.289842421E-2,6.271030288E-4,1.643305295E-3,9.997362494E-1,1.773758045E2,1.899052259E-1,-6.752979864E-2,1.773756885E2
2.454120211E2,2.290662893E-2,6.206604885E-4,1.640185015E-3,9.997360706E-1,1.773748641E2,1.895314022E-1,-6.679836482E-2,1.773747495E2
2.454170211E2,2.293047186E-2,6.056474522E-4,1.639611786E-3,9.997355342E-1,1.773721312E2,1.894278713E-1,-6.507543819E-2,1.773720196E2
2.454220211E2,2.290426769E-2,6.225775578E-4,1.636097906E-3,9.997361302E-1,1.773751347E2,1.890680505E-1,-6.702916218E-2,1.773750201E2
2.454270211E2,2.289050441E-2,6.327058072E-4,1.642710995E-3,9.997364283E-1,1.773767123E2,1.898513052E-1,-6.817472408E-2,1.773765953E2
2.454320211E2,2.291940619E-2,6.119689206E-4,1.646596007E-3,9.997357726E-1,1.773733995E2,1.902438796E-1,-6.578338664E-2,1.773732863E2
2.454370211E2,2.291942171E-2,6.126768421E-4,1.646116609E-3,9.997357726E-1,1.773733977E2,1.901908195E-1,-6.586574325E-2,1.773732844E2
2.454420211E2,2.289854531E-2,6.273007020E-4,1.641541487E-3,9.997362494E-1,1.773757906E2,1.897036879E-1,-6.755704976E-2,1.773756747E2
2.454470211E2,2.291461115E-2,6.166686653E-4,1.639184076E-3,9.997358918E-1,1.773739491E2,1.894067831E-1,-6.634217138E-2,1.773738355E2
2.454520211E2,2.291385078E-2,6.169608678E-4,1.649669837E-3,9.997358918E-1,1.773740363E2,1.906087664E-1,-6.634825648E-2,1.773739219E2
2.454570211E2,2.289273492E-2,6.304169074E-4,1.648771809E-3,9.997363687E-1,1.773764566E2,1.905397894E-1,-6.789618082E-2,1.773763396E2
2.454620211E2,2.290673453E-2,6.214482710E-4,1.638410962E-3,9.997360706E-1,1.773748520E2,1.893302389E-1,-6.689325117E-2,1.773747374E2
2.454670211E2,2.291437290E-2,6.157962489E-4,1.642838470E-3,9.997358918E-1,1.773739764E2,1.898231297E-1,-6.623267522E-2,1.773738627E2
2.454720211E2,2.289835849E-2,6.263470859E-4,1.644508913E-3,9.997362494E-1,1.773758120E2,1.900411262E-1,-6.744005088E-2,1.773756961E2
2.454770211E2,2.290133931E-2,6.254776381E-4,1.639559516E-3,9.997361898E-1,1.773754704E2,1.894720338E-1,-6.735286842E-2,1.773753550E2
2.454820211E2,2.290690285E-2,6.219656789E-4,1.635859371E-3,9.997360706E-1,1.773748327E2,1.890392939E-1,-6.695919231E-2,1.773747182E2
2.454870211E2,2.288012646E-2,6.399930571E-4,1.639365335E-3,9.997366667E-1,1.773779018E2,1.894864215E-1,-6.902030484E-2,1.773777836E2
2.454920211E2,2.289830523E-2,6.266335258E-4,1.645141281E-3,9.997362494E-1,1.773758181E2,1.901143194E-1,-6.747121657E-2,1.773757021E2
2.454970211E2,2.290644617E-2,6.224740646E-4,1.642049057E-3,9.997360706E-1,1.773748850E2,1.897496989E-1,-6.700127207E-2,1.773747700E2
2.455020211E2,2.288500702E-2,6.367456517E-4,1.645193319E-3,9.997365475E-1,1.773773424E2,1.901459053E-1,-6.863206829E-2,1.773772244E2
2.455070211E2,2.289547568E-2,6.289742305E-4,1.647406723E-3,9.997363091E-1,1.773761425E2,1.903798034E-1,-6.773396505E-2,1.773760259E2
2.455120211E2,2.291081275E-2,6.190204876E-4,1.654963358E-3,9.997359514E-1,1.773743845E2,1.912204075E-1,-6.657089035E-2,1.773742693E2
2.455170211E2,2.288683341E-2,6.344491267E-4,1.656852779E-3,9.997364879E-1,1.773771331E2,1.914757352E-1,-6.833804783E-2,1.773770147E2
2.455220211E2,2.289794707E-2,6.267511053E-4,1.650074264E-3,9.997362494E-1,1.773758592E2,1.906797349E-1,-6.747181045E-2,1.773757428E2
2.455270211E2,2.292724792E-2,6.071467651E-4,1.647778321E-3,9.997355938E-1,1.773725007E2,1.903671727E-1,-6.522635565E-2,1.773723883E2
2.455320211E2,2.290823247E-2,6.208673003E-4,1.653983723E-3,9.997360110E-1,1.773746803E2,1.911128558E-1,-6.678552896E-2,1.773745648E2
2.455370211E2,2.290319241E-2,6.238254136E-4,1.650611055E-3,9.997361302E-1,1.773752580E2,1.907339050E-1,-6.713422992E-2,1.773751421E2
2.455420211E2,2.293052925E-2,6.053432589E-4,1.638921443E-3,9.997355342E-1,1.773721246E2,1.893479888E-1,-6.504239260E-2,1.773720131E2
2.455470211E2,2.291714007E-2,6.151046837E-4,1.640769304E-3,9.997358322E-1,1.773736593E2,1.895844495E-1,-6.615835729E-2,1.773735458E2
2.455520211E2,2.290092179E-2,6.252527237E-4,1.645466429E-3,9.997361898E-1,1.773755182E2,1.901481215E-1,-6.731167911E-2,1.773754025E2
2.455570211E2,2.291673398E-2,6.139579345E-4,1.646859455E-3,9.997358322E-1,1.773737058E2,1.902791087E-1,-6.601106735E-2,1.773735921E2
2.455620211E2,2.291135605E-2,6.182750221E-4,1.647704747E-3,9.997359514E-1,1.773743222E2,1.903869274E-1,-6.650444288E-2,1.773742077E2
2.455670211E2,2.290386803E-2,6.229274441E-4,1.641550567E-3,9.997361302E-1,1.773751805E2,1.896936083E-1,-6.705500956E-2,1.773750655E2
2.455720211E2,2.291696040E-2,6.138056051E-4,1.643762575E-3,9.997358322E-1,1.773736799E2,1.899239398E-1,-6.600170625E-2,1.773735664E2
2.455770211E2,2.291638077E-2,6.154645816E-4,1.651206287E-3,9.997358322E-1,1.773737463E2,1.907810228E-1,-6.617232267E-2,1.773736321E2
2.455820211E2,2.291662887E-2,6.144201616E-4,1.648149220E-3,9.997358322E-1,1.773737179E2,1.904280735E-1,-6.606065356E-2,1.773736040E2
2.455870211E2,2.293021190E-2,6.051243981E-4,1.643436146E-3,9.997355342E-1,1.773721610E2,1.898646047E-1,-6.500551634E-2,1.773720492E2
2.455920211E2,2.292175943E-2,6.103844498E-4,1.650611288E-3,9.997357130E-1,1.773731298E2,1.906998693E-1,-6.559087263E-2,1.773730166E2
2.455970211E2,2.292169779E-2,6.104361382E-4,1.651447965E-3,9.997357130E-1,1.773731369E2,1.907958522E-1,-6.559460814E-2,1.773730236E2
2.456020211E2,2.295629765E-2,5.879196688E-4,1.648090198E-3,9.997349381E-1,1.773691710E2,1.903542119E-1,-6.301732407E-2,1.773690622E2
2.456070211E2,2.294314746E-2,5.960090784E-4,1.647519995E-3,9.997352362E-1,1.773706783E2,1.903093301E-1,-6.394805998E-2,1.773705680E2
2.456120211E2,2.293540301E-2,6.011477672E-4,1.644974574E-3,9.997354150E-1,1.773715659E2,1.900307344E-1,-6.454491909E-2,1.773714549E2
2.456170211E2,2.295642549E-2,5.872733891E-4,1.646539196E-3,9.997349381E-1,1.773691563E2,1.901748345E-1,-6.294734140E-2,1.773690478E2
2.456220211E2,2.294883357E-2,5.923370481E-4,1.641978743E-3,9.997351170E-1,1.773700265E2,1.896652214E-1,-6.354087795E-2,1.773699173E2
2.456270211E2,2.293021812E-2,6.053282414E-4,1.643274212E-3,9.997355342E-1,1.773721602E2,1.898465894E-1,-6.502929322E-2,1.773720485E2
2.456320211E2,2.294889589E-2,5.925095174E-4,1.641045325E-3,9.997351170E-1,1.773700194E2,1.895587451E-1,-6.356307918E-2,1.773699102E2
2.456370211E2,2.295110349E-2,5.900204997E-4,1.647368190E-3,9.997350574E-1,1.773697663E2,1.902766960E-1,-6.326088579E-2,1.773696573E2
2.456420211E2,2.293536228E-2,6.016670377E-4,1.645352575E-3,9.997354150E-1,1.773715706E2,1.900754011E-1,-6.460342162E-2,1.773714594E2
2.456470211E2,2.294401926E-2,5.961036659E-4,1.635299646E-3,9.997352362E-1,1.773705783E2,1.889096519E-1,-6.399086110E-2,1.773704689E2
2.456520211E2,2.294124320E-2,5.982141593E-4,1.637035981E-3,9.997352958E-1,1.773708965E2,1.891139404E-1,-6.422860164E-2,1.773707865E2
2.456570211E2,2.292510783E-2,6.090250099E-4,1.640682691E-3,9.997356534E-1,1.773727460E2,1.895590808E-1,-6.546057854E-2,1.773726337E2
2.456620211E2,2.293868678E-2,5.987259210E-4,1.636271598E-3,9.997353554E-1,1.773711895E2,1.890275526E-1,-6.428972262E-2,1.773710795E2
2.456670211E2,2.293385791E-2,6.025545299E-4,1.629706356E-3,9.997354746E-1,1.773717430E2,1.882851802E-1,-6.474650036E-2,1.773716327E2
2.456720211E2,2.292593989E-2,6.082948530E-4,1.629287377E-3,9.997356534E-1,1.773726506E2,1.882517509E-1,-6.540671122E-2,1.773725392E2
2.456770211E2,2.293637983E-2,6.008261116E-4,1.631416380E-3,9.997354150E-1,1.773714540E2,1.884767033E-1,-6.454352092E-2,1.773713438E2
2.456820211E2,2.293091785E-2,6.045055343E-4,1.633785549E-3,9.997355342E-1,1.773720800E2,1.887574360E-1,-6.495984432E-2,1.773719690E2
2.456870211E2,2.292596335E-2,6.083184271E-4,1.628948492E-3,9.997356534E-1,1.773726479E2,1.882129911E-1,-6.541029781E-2,1.773725365E2
2.456920211E2,2.292358536E-2,6.097977748E-4,1.625276287E-3,9.997357130E-1,1.773729205E2,1.877960282E-1,-6.558986826E-2,1.773728090E2
2.456970211E2,2.291264069E-2,6.170354318E-4,1.630213112E-3,9.997359514E-1,1.773741750E2,1.883798867E-1,-6.640811712E-2,1.773740618E2
2.457020211E2,2.290720381E-2,6.204383099E-4,1.632221043E-3,9.997360706E-1,1.773747982E2,1.886184912E-1,-6.679370889E-2,1.773746842E2
2.457070211E2,2.292115323E-2,6.126573426E-4,1.621835399E-3,9.997357726E-1,1.773731993E2,1.874091867E-1,-6.592695909E-2,1.773730875E2
2.457120211E2,2.291915821E-2,6.139885518E-4,1.612759079E-3,9.997358322E-1,1.773734279E2,1.863727534E-1,-6.610367673E-2,1.773733165E2
2.457170211E2,2.291044499E-2,6.188241532E-4,1.623828895E-3,9.997360110E-1,1.773744267E2,1.876530508E-1,-6.663021069E-2,1.773743136E2
2.457220211E2,2.291569871E-2,6.156311138E-4,1.624302822E-3,9.997358918E-1,1.773738245E2,1.876993090E-1,-6.626218115E-2,1.773737120E2
2.457270211E2,2.291341240E-2,6.179172779E-4,1.618993934E-3,9.997359514E-1,1.773740865E2,1.870969659E-1,-6.653845649E-2,1.773739740E2
2.457320211E2,2.291087398E-2,6.196754985E-4,1.617439091E-3,9.997360110E-1,1.773743775E2,1.869232881E-1,-6.674443792E-2,1.773742647E2
2.457370211E2,2.292412425E-2,6.094427081E-4,1.617791480E-3,9.997357130E-1,1.773728587E2,1.869376589E-1,-6.556875290E-2,1.773727478E2
2.457420211E2,2.291602301E-2,6.149249966E-4,1.619989402E-3,9.997358918E-1,1.773737873E2,1.872033233E-1,-6.619255402E-2,1.773736752E2
2.457470211E2,2.290798926E-2,6.208553677E-4,1.621000352E-3,9.997360706E-1,1.773747081E2,1.873341772E-1,-6.687079575E-2,1.773745949E2
2.457520211E2,2.291830039E-2,6.135622389E-4,1.625064760E-3,9.997358322E-1,1.773735263E2,1.877813363E-1,-6.602267853E-2,1.773734141E2
2.457570211E2,2.291046896E-2,6.192676374E-4,1.623321557E-3,9.997360110E-1,1.773744239E2,1.875960954E-1,-6.668234433E-2,1.773743108E2
2.457620211E2,2.290507082E-2,6.223866367E-4,1.624888740E-3,9.997361302E-1,1.773750427E2,1.877834621E-1,-6.703656044E-2,1.773749288E2
2.457670211E2,2.292061554E-2,6.120707258E-4,1.629637089E-3,9.997357726E-1,1.773732609E2,1.883013847E-1,-6.583936418E-2,1.773731487E2
2.457720211E2,2.291532816E-2,6.151901325E-4,1.629688777E-3,9.997358918E-1,1.773738670E2,1.883151503E-1,-6.619758771E-2,1.773737542E2
2.457770211E2,2.289442211E-2,6.308180164E-4,1.625020290E-3,9.997363687E-1,1.773762632E2,1.878199412E-1,-6.800412600E-2,1.773761478E2
2.457820211E2,2.291035083E-2,6.194395246E-4,1.624922385E-3,9.997360110E-1,1.773744375E2,1.877799323E-1,-6.669785524E-2,1.773743242E2
2.457870211E2,2.292338112E-2,6.111203111E-4,1.627658494E-3,9.997357130E-1,1.773729439E2,1.880723989E-1,-6.573516019E-2,1.773728320E2
2.457920211E2,2.289681792E-2,6.287815049E-4,1.628719387E-3,9.997363091E-1,1.773759886E2,1.882385350E-1,-6.776066428E-2,1.773758733E2
2.457970211E2,2.289748116E-2,6.291968166E-4,1.619207207E-3,9.997363091E-1,1.773759126E2,1.871499381E-1,-6.783307782E-2,1.773757979E2
2.458020211E2,2.290533631E-2,6.222343072E-4,1.621200354E-3,9.997361302E-1,1.773750122E2,1.873605321E-1,-6.702874106E-2,1.773748987E2
2.458070211E2,2.289698733E-2,6.285581621E-4,1.626422396E-3,9.997363091E-1,1.773759692E2,1.879748132E-1,-6.774107305E-2,1.773758541E2
2.458120211E2,2.290784029E-2,6.209890125E-4,1.623053104E-3,9.997360706E-1,1.773747252E2,1.875696848E-1,-6.688074538E-2,1.773746118E2
2.458170211E2,2.291360934E-2,6.177609321E-4,1.616263995E-3,9.997359514E-1,1.773740640E2,1.867838220E-1,-6.652767679E-2,1.773739516E2
2.458220211E2,2.289471757E-2,6.307560252E-4,1.620876486E-3,9.997363687E-1,1.773762294E2,1.873450773E-1,-6.800784064E-2,1.773761142E2
2.458270211E2,2.289715259E-2,6.280360976E-4,1.624296186E-3,9.997363091E-1,1.773759503E2,1.877298722E-1,-6.768681259E-2,1.773758354E2
2.458320211E2,2.291302406E-2,6.169887492E-4,1.624833676E-3,9.997359514E-1,1.773741311E2,1.877635123E-1,-6.641682196E-2,1.773740183E2
2.458370211E2,2.288423754E-2,6.371782511E-4,1.619305694E-3,9.997366071E-1,1.773774306E2,1.871812552E-1,-6.874966313E-2,1.773773143E2
2.458420211E2,2.288461663E-2,6.368641043E-4,1.614063396E-3,9.997366071E-1,1.773773872E2,1.865798904E-1,-6.872735100E-2,1.773772713E2
2.458470211E2,2.292140146E-2,6.110135000E-4,1.618944691E-3,9.997357726E-1,1.773731708E2,1.870737204E-1,-6.574618486E-2,1.773730596E2
2.458520211E2,2.291050951E-2,6.199915661E-4,1.622472657E-3,9.997360110E-1,1.773744193E2,1.875007474E-1,-6.676749972E-2,1.773743061E2
2.458570211E2,2.288986428E-2,6.331680925E-4,1.614943263E-3,9.997364879E-1,1.773767857E2,1.866713544E-1,-6.830064337E-2,1.773766705E2
2.458620211E2,2.291933500E-2,6.133732968E-4,1.610479085E-3,9.997358322E-1,1.773734077E2,1.861099491E-1,-6.603914770E-2,1.773732965E2
2.458670211E2,2.292166824E-2,6.111568073E-4,1.615108922E-3,9.997357726E-1,1.773731402E2,1.866346824E-1,-6.577262799E-2,1.773730292E2
2.458720211E2,2.290569517E-2,6.220322684E-4,1.616199967E-3,9.997361302E-1,1.773749711E2,1.867871729E-1,-6.701865357E-2,1.773748579E2
2.458770211E2,2.292481264E-2,6.094162236E-4,1.608017250E-3,9.997357130E-1,1.773727798E2,1.858178826E-1,-6.559126801E-2,1.773726696E2
2.458820211E2,2.292183936E-2,6.108679227E-4,1.612788066E-3,9.997357726E-1,1.773731206E2,1.863680537E-1,-6.574559739E-2,1.773730098E2
2.458870211E2,2.291109850E-2,6.197500625E-4,1.614226960E-3,9.997360110E-1,1.773743518E2,1.865555116E-1,-6.676137165E-2,1.773742391E2
2.458920211E2,2.292466032E-2,6.100236205E-4,1.609957311E-3,9.997357130E-1,1.773727973E2,1.860417250E-1,-6.565578380E-2,1.773726868E2
2.458970211E2,2.292206813E-2,6.117060548E-4,1.609214931E-3,9.997357726E-1,1.773730944E2,1.859609262E-1,-6.585095813E-2,1.773729836E2
2.459020211E2,2.291419527E-2,6.165162777E-4,1.608413411E-3,9.997359514E-1,1.773739968E2,1.858812163E-1,-6.640559281E-2,1.773738852E2
2.459070211E2,2.292511375E-2,6.096428260E-4,1.603632583E-3,9.997357130E-1,1.773727453E2,1.853161830E-1,-6.562869104E-2,1.773726353E2
2.459120211E2,2.291948168E-2,6.135894218E-4,1.608307823E-3,9.997358322E-1,1.773733909E2,1.858617831E-1,-6.606958277E-2,1.773732798E2
2.459170211E2,2.290352120E-2,6.244439282E-4,1.609194325E-3,9.997361898E-1,1.773752203E2,1.859907793E-1,-6.731373026E-2,1.773751071E2
2.459220211E2,2.291961439E-2,6.129289977E-4,1.606667647E-3,9.997358322E-1,1.773733757E2,1.856721558E-1,-6.599820698E-2,1.773732648E2
2.459270211E2,2.290620003E-2,6.225329125E-4,1.608835184E-3,9.997361302E-1,1.773749132E2,1.859447991E-1,-6.709524607E-2,1.773748005E2
2.459320211E2,2.289008242E-2,6.335990038E-4,1.611679094E-3,9.997364879E-1,1.773767607E2,1.862985509E-1,-6.835853078E-2,1.773766456E2
2.459370211E2,2.290087803E-2,6.258367794E-4,1.609240775E-3,9.997362494E-1,1.773755232E2,1.859995784E-1,-6.747366702E-2,1.773754098E2
2.459420211E2,2.291190032E-2,6.195111200E-4,1.602898235E-3,9.997360110E-1,1.773742599E2,1.852571001E-1,-6.676359346E-2,1.773741480E2
2.459470211E2,2.287745614E-2,6.427598419E-4,1.602436067E-3,9.997367859E-1,1.773782079E2,1.852628088E-1,-6.943459467E-2,1.773780917E2
2.459520211E2,2.288578319E-2,6.375012454E-4,1.597183291E-3,9.997366071E-1,1.773772534E2,1.846478273E-1,-6.884439545E-2,1.773771386E2
2.459570211E2,2.291752125E-2,6.157164462E-4,1.598349772E-3,9.997358918E-1,1.773736156E2,1.847264293E-1,-6.633977449E-2,1.773735048E2
2.459620211E2,2.289871635E-2,6.280746893E-4,1.602084842E-3,9.997363091E-1,1.773757710E2,1.851855095E-1,-6.774922525E-2,1.773756577E2
2.459670211E2,2.288790614E-2,6.359770778E-4,1.604661345E-3,9.997365475E-1,1.773770101E2,1.855006745E-1,-6.864977853E-2,1.773768951E2
2.459720211E2,2.292479733E-2,6.097984151E-4,1.608090708E-3,9.997357130E-1,1.773727816E2,1.858273012E-1,-6.563486223E-2,1.773726713E2
2.459770211E2,2.291649181E-2,6.157505559E-4,1.613029162E-3,9.997358918E-1,1.773737336E2,1.864081460E-1,-6.630532205E-2,1.773736218E2
2.459820211E2,2.289824994E-2,6.283726543E-4,1.608620980E-3,9.997363091E-1,1.773758245E2,1.859350511E-1,-6.776629568E-2,1.773757106E2
2.459870211E2,2.290663884E-2,6.226553814E-4,1.602527685E-3,9.997361302E-1,1.773748629E2,1.852225523E-1,-6.712575200E-2,1.773747506E2
2.459920211E2,2.291200269E-2,6.179767079E-4,1.602027100E-3,9.997360110E-1,1.773742481E2,1.851532790E-1,-6.659007746E-2,1.773741367E2
2.459970211E2,2.290383287E-2,6.249969010E-4,1.604536898E-3,9.997361898E-1,1.773751846E2,1.854586890E-1,-6.738924595E-2,1.773750716E2
2.460020211E2,2.290648739E-2,6.218201015E-4,1.605014899E-3,9.997361302E-1,1.773748803E2,1.855052887E-1,-6.702356030E-2,1.773747679E2
2.460070211E2,2.290378192E-2,6.238510832E-4,1.605709665E-3,9.997361898E-1,1.773751904E2,1.855900322E-1,-6.725491079E-2,1.773750776E2
2.460120211E2,2.290101462E-2,6.254112232E-4,1.607461367E-3,9.997362494E-1,1.773755076E2,1.857946186E-1,-6.742955915E-2,1.773753944E2
2.460170211E2,2.290623516E-2,6.219621282E-4,1.608555671E-3,9.997361302E-1,1.773749092E2,1.859112815E-1,-6.703058343E-2,1.773747966E2
2.460220211E2,2.289525483E-2,6.295177154E-4,1.613753382E-3,9.997363687E-1,1.773761678E2,1.865258295E-1,-6.788456652E-2,1.773760534E2
2.460270211E2,2.288743028E-2,6.348566385E-4,1.611876185E-3,9.997365475E-1,1.773770647E2,1.863242475E-1,-6.850258447E-2,1.773769493E2
2.460320211E2,2.289584428E-2,6.294487976E-4,1.605395693E-3,9.997363687E-1,1.773761002E2,1.855682174E-1,-6.789849002E-2,1.773759864E2
2.460370211E2,2.290337193E-2,6.252157036E-4,1.611018088E-3,9.997361898E-1,1.773752374E2,1.862017284E-1,-6.739738693E-2,1.773751240E2
2.460420211E2,2.289263507E-2,6.326289149E-4,1.612776658E-3,9.997364283E-1,1.773764681E2,1.864219190E-1,-6.824404100E-2,1.773763531E2
2.460470211E2,2.289053791E-2,6.337903324E-4,1.605121302E-3,9.997364879E-1,1.773767084E2,1.855478119E-1,-6.839756705E-2,1.773765938E2
2.460520211E2,2.287966372E-2,6.417083787E-4,1.608513994E-3,9.997367263E-1,1.773779549E2,1.859565031E-1,-6.929779252E-2,1.773778385E2
2.460570211E2,2.287419033E-2,6.450163200E-4,1.610941952E-3,9.997368455E-1,1.773785822E2,1.862429468E-1,-6.967140870E-2,1.773784651E2
2.460620211E2,2.288764132E-2,6.358548417E-4,1.608482446E-3,9.997365475E-1,1.773770405E2,1.859380876E-1,-6.862580196E-2,1.773769252E2
2.460670211E2,2.288500989E-2,6.374882068E-4,1.608230639E-3,9.997366071E-1,1.773773421E2,1.859133435E-1,-6.881407237E-2,1.773772265E2
2.460720211E2,2.286917492E-2,6.475215196E-4,1.607159502E-3,9.997369647E-1,1.773791571E2,1.858158390E-1,-6.996925512E-2,1.773790397E2
2.460770211E2,2.287198708E-2,6.465837359E-4,1.604593941E-3,9.997369051E-1,1.773788348E2,1.855196624E-1,-6.986802308E-2,1.773787177E2
2.460820211E2,2.286417074E-2,6.512278342E-4,1.602700795E-3,9.997370839E-1,1.773797307E2,1.853144033E-1,-7.040646860E-2,1.773796129E2
2.460870211E2,2.286133163E-2,6.541944458E-4,1.604811172E-3,9.997371435E-1,1.773800561E2,1.855637447E-1,-7.074132543E-2,1.773799376E2
2.460920211E2,2.287183984E-2,6.462068413E-4,1.606842969E-3,9.997369051E-1,1.773788517E2,1.857763168E-1,-6.981897802E-2,1.773787345E2
2.460970211E2,2.287161844E-2,6.471156375E-4,1.609626226E-3,9.997369051E-1,1.773788770E2,1.860975385E-1,-6.991583721E-2,1.773787595E2
2.461020211E2,2.287186795E-2,6.468516658E-4,1.606183243E-3,9.997369051E-1,1.773788484E2,1.857024297E-1,-6.989457399E-2,1.773787312E2
2.461070211E2,2.289331026E-2,6.309206947E-4,1.603836892E-3,9.997364283E-1,1.773763907E2,1.853933282E-1,-6.807167247E-2,1.773762767E2
2.461120211E2,2.289033713E-2,6.340797991E-4,1.607868006E-3,9.997364879E-1,1.773767315E2,1.858632247E-1,-6.842356098E-2,1.773766166E2
2.461170211E2,2.287465945E-2,6.451729569E-4,1.604203833E-3,9.997368455E-1,1.773785285E2,1.854714592E-1,-6.970692890E-2,1.773784117E2
2.461220211E2,2.289382169E-2,6.305810530E-4,1.596654067E-3,9.997364283E-1,1.773763321E2,1.845695950E-1,-6.805151235E-2,1.773762186E2
2.461270211E2,2.289882562E-2,6.269493606E-4,1.600963413E-3,9.997363091E-1,1.773757585E2,1.850540908E-1,-6.762322857E-2,1.773756454E2
2.461320211E2,2.287200514E-2,6.465901970E-4,1.604333869E-3,9.997369051E-1,1.773788327E2,1.854898863E-1,-6.986944158E-2,1.773787157E2
2.461370211E2,2.287806454E-2,6.427646149E-4,1.593724359E-3,9.997367859E-1,1.773781382E2,1.842648349E-1,-6.945786867E-2,1.773780226E2
2.461420211E2,2.289414858E-2,6.310691824E-4,1.591766602E-3,9.997364283E-1,1.773762946E2,1.840109816E-1,-6.812019551E-2,1.773761814E2
2.461470211E2,2.288005844E-2,6.409189082E-4,1.603205455E-3,9.997367263E-1,1.773779096E2,1.853463047E-1,-6.922119512E-2,1.773777938E2
2.461520211E2,2.288543504E-2,6.361459382E-4,1.602702774E-3,9.997366071E-1,1.773772933E2,1.852765703E-1,-6.867471847E-2,1.773771784E2
2.461570211E2,2.289362786E-2,6.305593415E-4,1.599439536E-3,9.997364283E-1,1.773763543E2,1.848886330E-1,-6.804175307E-2,1.773762406E2
2.461620211E2,2.289035636E-2,6.341121625E-4,1.607581391E-3,9.997364879E-1,1.773767293E2,1.858304758E-1,-6.842801685E-2,1.773766144E2
2.461670211E2,2.289819471E-2,6.278977380E-4,1.609592349E-3,9.997363091E-1,1.773758308E2,1.860450828E-1,-6.770934996E-2,1.773757170E2
2.461720211E2,2.290625400E-2,6.218542112E-4,1.608329127E-3,9.997361302E-1,1.773749070E2,1.858850462E-1,-6.701881148E-2,1.773747944E2
2.461770211E2,2.287957308E-2,6.400655839E-4,1.610456617E-3,9.997367263E-1,1.773779653E2,1.861747394E-1,-6.910451505E-2,1.773778490E2
2.461820211E2,2.289582759E-2,6.296280189E-4,1.605563331E-3,9.997363687E-1,1.773761021E2,1.855878915E-1,-6.791858512E-2,1.773759882E2
2.461870211E2,2.291939321E-2,6.127404049E-4,1.609891537E-3,9.997358322E-1,1.773734010E2,1.860409800E-1,-6.596817512E-2,1.773732900E2
2.461920211E2,2.289204178E-2,6.315777428E-4,1.621585921E-3,9.997364283E-1,1.773765361E2,1.874283253E-1,-6.810061807E-2,1.773764207E2
2.461970211E2,2.288986337E-2,6.344364374E-4,1.614458393E-3,9.997364879E-1,1.773767858E2,1.866191341E-1,-6.844721878E-2,1.773766703E2
2.462020211E2,2.291387325E-2,6.170021370E-4,1.612808788E-3,9.997359514E-1,1.773740337E2,1.863860126E-1,-6.644977177E-2,1.773739217E2
2.462070211E2,2.289506125E-2,6.305784918E-4,1.616083900E-3,9.997363687E-1,1.773761900E2,1.867955880E-1,-6.800001207E-2,1.773760752E2
2.462120211E2,2.288768558E-2,6.349061732E-4,1.608227496E-3,9.997365475E-1,1.773770354E2,1.859063947E-1,-6.851778163E-2,1.773769203E2
2.462170211E2,2.290096225E-2,6.263739779E-4,1.607832615E-3,9.997362494E-1,1.773755136E2,1.858396728E-1,-6.753888909E-2,1.773754002E2
2.462220211E2,2.287928782E-2,6.401255378E-4,1.614480396E-3,9.997367263E-1,1.773779980E2,1.866358482E-1,-6.910088665E-2,1.773778815E2
2.462270211E2,2.287440900E-2,6.451853551E-4,1.607766142E-3,9.997368455E-1,1.773785572E2,1.858795787E-1,-6.969905772E-2,1.773784402E2
2.462320211E2,2.289857561E-2,6.287957658E-4,1.603812678E-3,9.997363091E-1,1.773757872E2,1.853853362E-1,-6.782732482E-2,1.773756735E2
2.462370211E2,2.287956790E-2,6.399893900E-4,1.610560459E-3,9.997367263E-1,1.773779658E2,1.861864357E-1,-6.909551487E-2,1.773778496E2
2.462420211E2,2.286876497E-2,6.475475966E-4,1.612971770E-3,9.997369647E-1,1.773792041E2,1.864817425E-1,-6.995708660E-2,1.773790863E2
2.462470211E2,2.287975743E-2,6.414114032E-4,1.607299084E-3,9.997367263E-1,1.773779441E2,1.858165486E-1,-6.926693858E-2,1.773778279E2
2.462520211E2,2.287678291E-2,6.429890054E-4,1.611927291E-3,9.997367859E-1,1.773782851E2,1.863506944E-1,-6.943609047E-2,1.773781682E2
2.462570211E2,2.286839707E-2,6.476457929E-4,1.618140144E-3,9.997369647E-1,1.773792463E2,1.870740725E-1,-6.995486025E-2,1.773791281E2
2.462620211E2,2.288223416E-2,6.390328053E-4,1.610060106E-3,9.997366667E-1,1.773776602E2,1.861267900E-1,-6.898674266E-2,1.773775442E2
2.462670211E2,2.287464001E-2,6.443642778E-4,1.604805933E-3,9.997368455E-1,1.773785307E2,1.855383155E-1,-6.961271075E-2,1.773784141E2
2.462720211E2,2.287221772E-2,6.468589418E-4,1.601191820E-3,9.997369051E-1,1.773788083E2,1.851306468E-1,-6.990842550E-2,1.773786915E2
2.462770211E2,2.289308064E-2,6.324311253E-4,1.606517355E-3,9.997364283E-1,1.773764170E2,1.857043539E-1,-6.823771996E-2,1.773763025E2
2.462820211E2,2.286878554E-2,6.482177996E-4,1.612410881E-3,9.997369647E-1,1.773792017E2,1.864192441E-1,-7.003533211E-2,1.773790838E2
2.462870211E2,2.286369771E-2,6.525986828E-4,1.608879538E-3,9.997370839E-1,1.773797849E2,1.860258101E-1,-7.054741374E-2,1.773796664E2
2.462920211E2,2.289040069E-2,6.336139631E-4,1.607146580E-3,9.997364879E-1,1.773767242E2,1.857793592E-1,-6.837207477E-2,1.773766094E2
2.462970211E2,2.287642569E-2,6.431574002E-4,1.616922091E-3,9.997367859E-1,1.773783260E2,1.869233242E-1,-6.944235441E-2,1.773782088E2
2.463020211E2,2.285268641E-2,6.595404120E-4,1.614332665E-3,9.997373223E-1,1.773810470E2,1.866679342E-1,-7.133043664E-2,1.773809269E2
2.463070211E2,2.288267198E-2,6.384844892E-4,1.604044111E-3,9.997366667E-1,1.773776101E2,1.854361793E-1,-6.893962090E-2,1.773774946E2
2.463120211E2,2.288224635E-2,6.388861220E-4,1.609945088E-3,9.997366667E-1,1.773776588E2,1.861132295E-1,-6.897023775E-2,1.773775429E2
2.463170211E2,2.286601623E-2,6.504222983E-4,1.613840694E-3,9.997370243E-1,1.773795192E2,1.865886292E-1,-7.028465245E-2,1.773794008E2
2.463220211E2,2.288734251E-2,6.362462882E-4,1.612574328E-3,9.997365475E-1,1.773770747E2,1.864078670E-1,-6.865996995E-2,1.773769591E2
2.463270211E2,2.287366546E-2,6.446436746E-4,1.618525945E-3,9.997368455E-1,1.773786424E2,1.871107691E-1,-6.960893613E-2,1.773785248E2
2.463320211E2,2.285793577E-2,6.553306011E-4,1.615552348E-3,9.997372031E-1,1.773804454E2,1.867970095E-1,-7.084397942E-2,1.773803259E2
2.463370211E2,2.289282433E-2,6.324839196E-4,1.610144856E-3,9.997364283E-1,1.773764464E2,1.861200478E-1,-6.823429923E-2,1.773763316E2
2.463420211E2,2.288720030E-2,6.361457054E-4,1.614631154E-3,9.997365475E-1,1.773770910E2,1.866432270E-1,-6.864307891E-2,1.773769753E2
2.463470211E2,2.286322775E-2,6.526971119E-4,1.615504501E-3,9.997370839E-1,1.773798388E2,1.867850026E-1,-7.054141960E-2,1.773797198E2
2.463520211E2,2.288758107E-2,6.350886542E-4,1.609642059E-3,9.997365475E-1,1.773770474E2,1.860689210E-1,-6.853499617E-2,1.773769322E2
2.463570211E2,2.289018129E-2,6.332418416E-4,1.610414824E-3,9.997364879E-1,1.773767493E2,1.861527836E-1,-6.832091171E-2,1.773766344E2
2.463620211E2,2.285848125E-2,6.547389203E-4,1.608056948E-3,9.997372031E-1,1.773803828E2,1.859368113E-1,-7.079572795E-2,1.773802640E2
2.463670211E2,2.287979655E-2,6.410750211E-4,1.606876263E-3,9.997367263E-1,1.773779396E2,1.857672302E-1,-6.922950351E-2,1.773778235E2
2.463720211E2,2.289038577E-2,6.337882951E-4,1.607290353E-3,9.997364879E-1,1.773767259E2,1.857962864E-1,-6.839167212E-2,1.773766111E2
2.463770211E2,2.286413625E-2,6.514913402E-4,1.603085781E-3,9.997370839E-1,1.773797346E2,1.853591960E-1,-7.043565392E-2,1.773796168E2
2.463820211E2,2.288065015E-2,6.401093560E-4,1.595063484E-3,9.997367263E-1,1.773778418E2,1.844114642E-1,-6.914969062E-2,1.773777266E2
2.463870211E2,2.289617933E-2,6.292770850E-4,1.600677497E-3,9.997363687E-1,1.773760618E2,1.850272649E-1,-6.789113593E-2,1.773759483E2
2.463920211E2,2.286946074E-2,6.488091894E-4,1.602566452E-3,9.997369647E-1,1.773791243E2,1.852930459E-1,-7.012875665E-2,1.773790070E2
2.463970211E2,2.287556020E-2,6.449084613E-4,1.591415028E-3,9.997368455E-1,1.773784252E2,1.840057203E-1,-6.970998622E-2,1.773783094E2
2.464020211E2,2.289940540E-2,6.276928470E-4,1.592356130E-3,9.997363091E-1,1.773756920E2,1.840700162E-1,-6.773088328E-2,1.773755794E2
2.464070211E2,2.287742987E-2,6.417264813E-4,1.603225013E-3,9.997367859E-1,1.773782109E2,1.853504807E-1,-6.931414790E-2,1.773780949E2
2.464120211E2,2.287513905E-2,6.434760289E-4,1.598034753E-3,9.997368455E-1,1.773784735E2,1.847603030E-1,-6.952860916E-2,1.773783575E2
2.464170211E2,2.289121403E-2,6.328896270E-4,1.595807378E-3,9.997364879E-1,1.773766310E2,1.844784759E-1,-6.831868832E-2,1.773765171E2
2.464220211E2,2.287493918E-2,6.434082752E-4,1.600920456E-3,9.997368455E-1,1.773784964E2,1.850907028E-1,-6.951331956E-2,1.773783802E2
2.464270211E2,2.287749817E-2,6.415674579E-4,1.602313831E-3,9.997367859E-1,1.773782031E2,1.852456818E-1,-6.929830613E-2,1.773780872E2
2.464320211E2,2.288319742E-2,6.378941471E-4,1.596766640E-3,9.997366667E-1,1.773775498E2,1.846009475E-1,-6.889097701E-2,1.773774350E2
2.464370211E2,2.286227468E-2,6.525520002E-4,1.591994311E-3,9.997371435E-1,1.773799480E2,1.840911850E-1,-7.058656888E-2,1.773798307E2
2.464420211E2,2.287050960E-2,6.466847262E-4,1.588394400E-3,9.997369647E-1,1.773790041E2,1.836639753E-1,-6.992232402E-2,1.773788882E2
2.464470211E2,2.287842956E-2,6.418076809E-4,1.588862739E-3,9.997367859E-1,1.773780963E2,1.837053953E-1,-6.936091984E-2,1.773779813E2
2.464520211E2,2.285415891E-2,6.585319061E-4,1.593767782E-3,9.997373223E-1,1.773808783E2,1.843094469E-1,-7.126848553E-2,1.773807597E2
2.464570211E2,2.285446332E-2,6.586955278E-4,1.589328866E-3,9.997373223E-1,1.773808434E2,1.838013668E-1,-7.129879991E-2,1.773807251E2
2.464620211E2,2.287864675E-2,6.414882373E-4,1.585861435E-3,9.997367859E-1,1.773780714E2,1.833607381E-1,-6.933215288E-2,1.773779567E2
2.464670211E2,2.285150372E-2,6.611637655E-4,1.593361725E-3,9.997373819E-1,1.773811826E2,1.842696317E-1,-7.157154815E-2,1.773810636E2
2.464720211E2,2.283325035E-2,6.733370828E-4,1.588147017E-3,9.997377992E-1,1.773832748E2,1.837027739E-1,-7.298315162E-2,1.773831539E2
2.464770211E2,2.286525087E-2,6.519788294E-4,1.586908242E-3,9.997370839E-1,1.773796069E2,1.835072239E-1,-7.053368451E-2,1.773794901E2
2.464820211E2,2.285157999E-2,6.611197605E-4,1.592285815E-3,9.997373819E-1,1.773811739E2,1.841462637E-1,-7.156931032E-2,1.773810550E2
2.464870211E2,2.284072937E-2,6.677514757E-4,1.595505979E-3,9.997376204E-1,1.773824176E2,1.845317548E-1,-7.232261969E-2,1.773822972E2
2.464920211E2,2.285940560E-2,6.558704772E-4,1.594397938E-3,9.997372031E-1,1.773802769E2,1.843750402E-1,-7.096097025E-2,1.773801588E2
2.464970211E2,2.284306774E-2,6.653193268E-4,1.600385527E-3,9.997375607E-1,1.773821496E2,1.850845668E-1,-7.203078396E-2,1.773820293E2
2.465020211E2,2.283755307E-2,6.702651153E-4,1.602556091E-3,9.997376800E-1,1.773827817E2,1.853457782E-1,-7.259272144E-2,1.773826603E2
2.465070211E2,2.286451435E-2,6.512827822E-4,1.597768976E-3,9.997370839E-1,1.773796913E2,1.847495734E-1,-7.042562220E-2,1.773795739E2
2.465120211E2,2.285622919E-2,6.573086139E-4,1.601952012E-3,9.997372627E-1,1.773806410E2,1.852439905E-1,-7.110652511E-2,1.773805221E2
2.465170211E2,2.283774654E-2,6.694538752E-4,1.600136282E-3,9.997376800E-1,1.773827595E2,1.850664511E-1,-7.250608163E-2,1.773826384E2
2.465220211E2,2.286167034E-2,6.541719777E-4,1.599988085E-3,9.997371435E-1,1.773800173E2,1.850111682E-1,-7.075132447E-2,1.773798992E2
2.465270211E2,2.284029747E-2,6.674553733E-4,1.601800323E-3,9.997376204E-1,1.773824671E2,1.852520403E-1,-7.227230247E-2,1.773823463E2
2.465320211E2,2.282471357E-2,6.796818925E-4,1.595576410E-3,9.997379780E-1,1.773842533E2,1.845698735E-1,-7.369215899E-2,1.773841307E2
2.465370211E2,2.285643945E-2,6.564119831E-4,1.599317533E-3,9.997372627E-1,1.773806169E2,1.849398460E-1,-7.101066722E-2,1.773804983E2
2.465420211E2,2.285615811E-2,6.573116407E-4,1.602964592E-3,9.997372627E-1,1.773806491E2,1.853599964E-1,-7.110423283E-2,1.773805302E2
2.465470211E2,2.282980882E-2,6.747537409E-4,1.599460607E-3,9.997378588E-1,1.773836693E2,1.850023358E-1,-7.311647962E-2,1.773835473E2
2.465520211E2,2.285676465E-2,6.568581448E-4,1.594479429E-3,9.997372627E-1,1.773805796E2,1.843867757E-1,-7.107439253E-2,1.773804613E2
2.465570211E2,2.286147998E-2,6.532215048E-4,1.603093348E-3,9.997371435E-1,1.773800391E2,1.853644089E-1,-7.063433678E-2,1.773799209E2
2.465620211E2,2.282416802E-2,6.784251309E-4,1.603893703E-3,9.997379780E-1,1.773843159E2,1.855193909E-1,-7.352652854E-2,1.773841929E2
2.465670211E2,2.284897037E-2,6.618109765E-4,1.592024695E-3,9.997374415E-1,1.773814730E2,1.841179726E-1,-7.164966147E-2,1.773813540E2
2.465720211E2,2.285706491E-2,6.564778159E-4,1.590326428E-3,9.997372627E-1,1.773805452E2,1.839100255E-1,-7.104164426E-2,1.773804273E2
2.465770211E2,2.282486214E-2,6.782168057E-4,1.594073954E-3,9.997379780E-1,1.773842363E2,1.843939277E-1,-7.352821883E-2,1.773841141E2
2.465820211E2,2.284381096E-2,6.660387735E-4,1.589440391E-3,9.997375607E-1,1.773820644E2,1.838326088E-1,-7.214171980E-2,1.773819447E2
2.465870211E2,2.285705139E-2,6.569279358E-4,1.590334810E-3,9.997372627E-1,1.773805467E2,1.839121639E-1,-7.109319119E-2,1.773804287E2
2.465920211E2,2.283319373E-2,6.734229391E-4,1.588924555E-3,9.997377992E-1,1.773832813E2,1.837920707E-1,-7.299096333E-2,1.773831604E2
2.465970211E2,2.284924786E-2,6.622990477E-4,1.587833627E-3,9.997374415E-1,1.773814412E2,1.836391340E-1,-7.171649866E-2,1.773813224E2
2.466020211E2,2.286233693E-2,6.528853555E-4,1.590963337E-3,9.997371435E-1,1.773799409E2,1.839739526E-1,-7.062744819E-2,1.773798236E2
2.466070211E2,2.282807841E-2,6.764443824E-4,1.586133149E-3,9.997379184E-1,1.773838677E2,1.834798133E-1,-7.334534741E-2,1.773837463E2
2.466120211E2,2.284747000E-2,6.633901503E-4,1.575383591E-3,9.997375011E-1,1.773816450E2,1.822155643E-1,-7.187442090E-2,1.773815268E2
2.466170211E2,2.287362383E-2,6.450732471E-4,1.581707504E-3,9.997369051E-1,1.773786472E2,1.828939060E-1,-6.975466651E-2,1.773785320E2
2.466220211E2,2.282782529E-2,6.762057892E-4,1.589873456E-3,9.997379184E-1,1.773838967E2,1.839076673E-1,-7.330827561E-2,1.773837751E2
2.466270211E2,2.283642020E-2,6.712515606E-4,1.580957673E-3,9.997377396E-1,1.773829115E2,1.828739222E-1,-7.276246290E-2,1.773827915E2
2.466320211E2,2.288186464E-2,6.395366509E-4,1.577777672E-3,9.997367263E-1,1.773777026E2,1.824297533E-1,-6.912918330E-2,1.773775887E2
2.466370211E2,2.284437386E-2,6.648897543E-4,1.581812860E-3,9.997375607E-1,1.773819998E2,1.829558168E-1,-7.202995098E-2,1.773818810E2
2.466420211E2,2.283396426E-2,6.724983687E-4,1.578207011E-3,9.997377992E-1,1.773831930E2,1.825618853E-1,-7.291294609E-2,1.773830730E2
2.466470211E2,2.287676528E-2,6.442545564E-4,1.574264723E-3,9.997368455E-1,1.773782871E2,1.820393205E-1,-6.967981343E-2,1.773781726E2
2.466520211E2,2.285191842E-2,6.606691168E-4,1.587609062E-3,9.997373819E-1,1.773811351E2,1.836093302E-1,-7.152986885E-2,1.773810166E2
2.466570211E2,2.282545707E-2,6.788711762E-4,1.585252350E-3,9.997379780E-1,1.773841681E2,1.833850634E-1,-7.362614975E-2,1.773840464E2
2.466620211E2,2.287112626E-2,6.476935232E-4,1.579076867E-3,9.997369647E-1,1.773789334E2,1.825992295E-1,-7.006220084E-2,1.773788180E2
2.466670211E2,2.285477174E-2,6.577750319E-4,1.585269696E-3,9.997373223E-1,1.773808080E2,1.833339518E-1,-7.120392112E-2,1.773806902E2
2.466720211E2,2.282006344E-2,6.815397646E-4,1.586579136E-3,9.997380972E-1,1.773847863E2,1.835436446E-1,-7.392938716E-2,1.773846640E2
2.466770211E2,2.286871294E-2,6.497980794E-4,1.575423870E-3,9.997370243E-1,1.773792101E2,1.821860823E-1,-7.031331600E-2,1.773790945E2
2.466820211E2,2.285496357E-2,6.580082118E-4,1.582404831E-3,9.997373223E-1,1.773807860E2,1.830063721E-1,-7.123810277E-2,1.773806684E2
2.466870211E2,2.281744796E-2,6.838901318E-4,1.585626043E-3,9.997381568E-1,1.773850861E2,1.834404094E-1,-7.420162131E-2,1.773849634E2
2.466920211E2,2.286315364E-2,6.530755199E-4,1.579104573E-3,9.997371435E-1,1.773798473E2,1.826159472E-1,-7.068015391E-2,1.773797308E2
2.466970211E2,2.286821542E-2,6.501676980E-4,1.582477358E-3,9.997370243E-1,1.773792671E2,1.829950763E-1,-7.033726617E-2,1.773791509E2
2.467020211E2,2.281750461E-2,6.837617839E-4,1.584865968E-3,9.997381568E-1,1.773850796E2,1.833530022E-1,-7.418889463E-2,1.773849570E2
2.467070211E2,2.284163350E-2,6.684225518E-4,1.582226250E-3,9.997376204E-1,1.773823139E2,1.830122264E-1,-7.243409310E-2,1.773821944E2
2.467120211E2,2.285751188E-2,6.571806734E-4,1.583597739E-3,9.997372627E-1,1.773804939E2,1.831410475E-1,-7.113970757E-2,1.773803764E2
2.467170211E2,2.280421289E-2,6.930148229E-4,1.584159560E-3,9.997384548E-1,1.773866032E2,1.832952715E-1,-7.525322164E-2,1.773864789E2
2.467220211E2,2.283135618E-2,6.750059547E-4,1.577111077E-3,9.997378588E-1,1.773834919E2,1.824427043E-1,-7.320356272E-2,1.773833715E2
2.467270211E2,2.285214792E-2,6.607521791E-4,1.584267477E-3,9.997373819E-1,1.773811088E2,1.832267460E-1,-7.154809334E-2,1.773809905E2
2.467320211E2,2.279049277E-2,7.025938248E-4,1.589297666E-3,9.997387528E-1,1.773881758E2,1.839078907E-1,-7.633970422E-2,1.773880493E2
2.467370211E2,2.281521329E-2,6.867171614E-4,1.578965224E-3,9.997382164E-1,1.773853423E2,1.826845593E-1,-7.454331549E-2,1.773852196E2
2.467420211E2,2.286316743E-2,6.536639994E-4,1.578661380E-3,9.997371435E-1,1.773798457E2,1.825667171E-1,-7.074872965E-2,1.773797292E2
2.467470211E2,2.281185582E-2,6.886381307E-4,1.588868327E-3,9.997382760E-1,1.773857271E2,1.838238499E-1,-7.473810991E-2,1.773856033E2
2.467520211E2,2.279368629E-2,6.996832672E-4,1.582261990E-3,9.997386932E-1,1.773878097E2,1.830945100E-1,-7.602405628E-2,1.773876843E2
2.467570211E2,2.283389342E-2,6.722341641E-4,1.579344156E-3,9.997377992E-1,1.773832011E2,1.826914622E-1,-7.287971577E-2,1.773830811E2
2.467620211E2,2.280176636E-2,6.957249134E-4,1.580568380E-3,9.997385144E-1,1.773868836E2,1.828907569E-1,-7.557352642E-2,1.773867591E2
2.467670211E2,2.279148950E-2,7.027392858E-4,1.574874623E-3,9.997387528E-1,1.773880615E2,1.822560139E-1,-7.639385583E-2,1.773879361E2
2.467720211E2,2.282898074E-2,6.757505471E-4,1.573390909E-3,9.997379184E-1,1.773837642E2,1.820182889E-1,-7.329903034E-2,1.773836440E2
2.467770211E2,2.280196726E-2,6.955034914E-4,1.577765099E-3,9.997385144E-1,1.773868605E2,1.825690440E-1,-7.555544830E-2,1.773867363E2
2.467820211E2,2.278610508E-2,7.053562440E-4,1.575943432E-3,9.997388721E-1,1.773886787E2,1.823848815E-1,-7.669184966E-2,1.773885527E2
2.467870211E2,2.282600248E-2,6.792867789E-4,1.577200601E-3,9.997379780E-1,1.773841056E2,1.824637670E-1,-7.369472351E-2,1.773839844E2
2.467920211E2,2.279906844E-2,6.963557098E-4,1.581507968E-3,9.997385740E-1,1.773871928E2,1.829998423E-1,-7.564383018E-2,1.773870681E2
2.467970211E2,2.278884067E-2,7.032889989E-4,1.575123286E-3,9.997388124E-1,1.773883651E2,1.822857346E-1,-7.645666538E-2,1.773882396E2
2.468020211E2,2.283653266E-2,6.705833366E-4,1.579616335E-3,9.997377396E-1,1.773828986E2,1.827185153E-1,-7.268939984E-2,1.773827789E2
2.468070211E2,2.282026304E-2,6.823985605E-4,1.583335805E-3,9.997380972E-1,1.773847635E2,1.831743432E-1,-7.403621728E-2,1.773846412E2
2.468120211E2,2.280180371E-2,6.953820121E-4,1.580180367E-3,9.997385144E-1,1.773868793E2,1.828454122E-1,-7.553525013E-2,1.773867549E2
2.468170211E2,2.283129478E-2,6.739172968E-4,1.578464871E-3,9.997378588E-1,1.773834990E2,1.825949444E-1,-7.307531352E-2,1.773833787E2
2.468220211E2,2.281963142E-2,6.833890802E-4,1.591988141E-3,9.997380972E-1,1.773848359E2,1.841681152E-1,-7.412718211E-2,1.773847128E2
2.468270211E2,2.279050706E-2,7.017524913E-4,1.589464489E-3,9.997387528E-1,1.773881741E2,1.839248058E-1,-7.624288132E-2,1.773880478E2
2.468320211E2,2.282599274E-2,6.779737887E-4,1.577906311E-3,9.997379780E-1,1.773841067E2,1.825411789E-1,-7.354246107E-2,1.773839857E2
2.468370211E2,2.281740954E-2,6.842729636E-4,1.586013706E-3,9.997381568E-1,1.773850905E2,1.834858191E-1,-7.424447251E-2,1.773849677E2
2.468420211E2,2.279608392E-2,6.988699897E-4,1.585736754E-3,9.997386336E-1,1.773875349E2,1.834906435E-1,-7.592136940E-2,1.773874094E2
2.468470211E2,2.283146548E-2,6.753428606E-4,1.575383591E-3,9.997378588E-1,1.773834794E2,1.822456897E-1,-7.324665907E-2,1.773833591E2
2.468520211E2,2.283667689E-2,6.716416101E-4,1.577079529E-3,9.997377396E-1,1.773828821E2,1.824306743E-1,-7.281724979E-2,1.773827623E2
2.468570211E2,2.281507879E-2,6.866912590E-4,1.580918673E-3,9.997382164E-1,1.773853577E2,1.829082725E-1,-7.453526527E-2,1.773852348E2
2.468620211E2,2.284225486E-2,6.678121863E-4,1.573489513E-3,9.997376204E-1,1.773822427E2,1.820097767E-1,-7.238692468E-2,1.773821239E2
2.468670211E2,2.284744844E-2,6.639083731E-4,1.575478003E-3,9.997375011E-1,1.773816474E2,1.822277358E-1,-7.193354602E-2,1.773815292E2
2.468720211E2,2.282620772E-2,6.788000464E-4,1.574437367E-3,9.997379780E-1,1.773840821E2,1.821459474E-1,-7.364615333E-2,1.773839612E2
2.468770211E2,2.284501571E-2,6.662444212E-4,1.571942470E-3,9.997375607E-1,1.773819263E2,1.818286397E-1,-7.221086659E-2,1.773818079E2
2.468820211E2,2.284725432E-2,6.637082552E-4,1.578374766E-3,9.997375011E-1,1.773816697E2,1.825590563E-1,-7.190307122E-2,1.773815513E2
2.468870211E2,2.282932302E-2,6.768835010E-4,1.567928120E-3,9.997379184E-1,1.773837250E2,1.813954508E-1,-7.344305260E-2,1.773836049E2
2.468920211E2,2.284553614E-2,6.643880042E-4,1.565149985E-3,9.997375607E-1,1.773818666E2,1.810456570E-1,-7.201588089E-2,1.773817491E2
2.468970211E2,2.284492367E-2,6.650978466E-4,1.573764603E-3,9.997375607E-1,1.773819368E2,1.820343780E-1,-7.207475974E-2,1.773818185E2
2.469020211E2,2.281837362E-2,6.840052083E-4,1.572198817E-3,9.997381568E-1,1.773849800E2,1.819025300E-1,-7.424974592E-2,1.773848583E2
2.469070211E2,2.283994926E-2,6.693995092E-4,1.568404725E-3,9.997376800E-1,1.773825070E2,1.814312418E-1,-7.258249945E-2,1.773823883E2
2.469120211E2,2.284711840E-2,6.645249086E-4,1.579997712E-3,9.997375011E-1,1.773816853E2,1.827471126E-1,-7.199240389E-2,1.773815666E2
2.469170211E2,2.282004372E-2,6.831156788E-4,1.586184953E-3,9.997380972E-1,1.773847886E2,1.835026064E-1,-7.411096084E-2,1.773846660E2
2.469220211E2,2.284214937E-2,6.678516511E-4,1.575003495E-3,9.997376204E-1,1.773822548E2,1.821833169E-1,-7.238750198E-2,1.773821359E2
2.469270211E2,2.284714629E-2,6.644876557E-4,1.579610165E-3,9.997375011E-1,1.773816821E2,1.827026190E-1,-7.198914572E-2,1.773815634E2
2.469320211E2,2.281458187E-2,6.855974207E-4,1.588546322E-3,9.997382164E-1,1.773854146E2,1.837792136E-1,-7.439010193E-2,1.773852914E2
2.469370211E2,2.283379157E-2,6.736273644E-4,1.580222859E-3,9.997377992E-1,1.773832128E2,1.827957665E-1,-7.303704230E-2,1.773830924E2
2.469420211E2,2.284218509E-2,6.672901800E-4,1.574723399E-3,9.997376204E-1,1.773822507E2,1.821497613E-1,-7.232390567E-2,1.773821319E2
2.469470211E2,2.281540804E-2,6.858176785E-4,1.576540177E-3,9.997382164E-1,1.773853199E2,1.824044037E-1,-7.444657417E-2,1.773851976E2
2.469520211E2,2.283934454E-2,6.690517766E-4,1.577333896E-3,9.997376800E-1,1.773825763E2,1.824532304E-1,-7.251940193E-2,1.773824570E2
2.469570211E2,2.285024636E-2,6.624394446E-4,1.573340036E-3,9.997374415E-1,1.773813267E2,1.819791608E-1,-7.177035177E-2,1.773812089E2
2.469620211E2,2.282106376E-2,6.815087982E-4,1.572138630E-3,9.997380972E-1,1.773846717E2,1.818893054E-1,-7.396342114E-2,1.773845504E2
2.469670211E2,2.284000498E-2,6.696988712E-4,1.567465253E-3,9.997376800E-1,1.773825006E2,1.813244019E-1,-7.261924368E-2,1.773823819E2
2.469720211E2,2.286104492E-2,6.536851288E-4,1.571628614E-3,9.997372031E-1,1.773800890E2,1.817609358E-1,-7.076996233E-2,1.773799729E2
2.469770211E2,2.281842418E-2,6.837506080E-4,1.571575645E-3,9.997381568E-1,1.773849742E2,1.818304762E-1,-7.422219885E-2,1.773848526E2
2.469820211E2,2.282424805E-2,6.807817845E-4,1.564110047E-3,9.997380376E-1,1.773843067E2,1.809678694E-1,-7.390055345E-2,1.773841862E2
2.469870211E2,2.285859713E-2,6.556000444E-4,1.568516251E-3,9.997372627E-1,1.773803696E2,1.814092211E-1,-7.099793585E-2,1.773802534E2
2.469920211E2,2.282058747E-2,6.819346454E-4,1.578853349E-3,9.997380972E-1,1.773847263E2,1.826596351E-1,-7.399473338E-2,1.773846045E2
2.469970211E2,2.282678724E-2,6.785248988E-4,1.566132065E-3,9.997379780E-1,1.773840156E2,1.811937990E-1,-7.363625208E-2,1.773838954E2
2.470020211E2,2.286652876E-2,6.508866209E-4,1.568840467E-3,9.997370839E-1,1.773794604E2,1.814345749E-1,-7.045567028E-2,1.773793451E2
2.470070211E2,2.283926212E-2,6.686726119E-4,1.578687574E-3,9.997376800E-1,1.773825858E2,1.826073117E-1,-7.247243628E-2,1.773824664E2
2.470120211E2,2.281266698E-2,6.874699611E-4,1.577688614E-3,9.997382760E-1,1.773856341E2,1.825400866E-1,-7.463336012E-2,1.773855114E2
2.470170211E2,2.283968462E-2,6.697677309E-4,1.572097070E-3,9.997376800E-1,1.773825373E2,1.818551884E-1,-7.261506733E-2,1.773824183E2
2.470220211E2,2.282594412E-2,6.782161072E-4,1.578505384E-3,9.997379780E-1,1.773841123E2,1.826104402E-1,-7.356866329E-2,1.773839912E2
2.470270211E2,2.281065384E-2,6.886470364E-4,1.568486448E-3,9.997383356E-1,1.773858649E2,1.814887955E-1,-7.479263013E-2,1.773857426E2
2.470320211E2,2.284585230E-2,6.656731130E-4,1.559980563E-3,9.997375607E-1,1.773818304E2,1.804568260E-1,-7.217658153E-2,1.773817130E2
2.470370211E2,2.283761132E-2,6.705145352E-4,1.563973376E-3,9.997377396E-1,1.773827750E2,1.809263268E-1,-7.272226021E-2,1.773826564E2
2.470420211E2,2.281914117E-2,6.826246972E-4,1.561623183E-3,9.997381568E-1,1.773848921E2,1.806874116E-1,-7.411910806E-2,1.773847714E2
2.470470211E2,2.283798114E-2,6.703542313E-4,1.558632823E-3,9.997377396E-1,1.773827326E2,1.803141104E-1,-7.271780571E-2,1.773826144E2
2.470520211E2,2.283475985E-2,6.721759564E-4,1.566792140E-3,9.997377992E-1,1.773831018E2,1.812533903E-1,-7.290573513E-2,1.773829827E2
2.470570211E2,2.281882774E-2,6.843290175E-4,1.565452549E-3,9.997381568E-1,1.773849280E2,1.811305451E-1,-7.430440069E-2,1.773848067E2
2.470620211E2,2.284790032E-2,6.639385829E-4,1.568898326E-3,9.997375011E-1,1.773815956E2,1.814740673E-1,-7.195415209E-2,1.773814779E2
2.470670211E2,2.283163219E-2,6.740487297E-4,1.573520713E-3,9.997378588E-1,1.773834603E2,1.820289007E-1,-7.310324513E-2,1.773833404E2
2.470720211E2,2.280565892E-2,6.933702389E-4,1.563046826E-3,9.997384548E-1,1.773864374E2,1.808775930E-1,-7.534885091E-2,1.773863146E2
2.470770211E2,2.283772636E-2,6.703540566E-4,1.562361605E-3,9.997377396E-1,1.773827618E2,1.807412677E-1,-7.270807294E-2,1.773826433E2
2.470820211E2,2.284771648E-2,6.636752514E-4,1.571684610E-3,9.997375011E-1,1.773816167E2,1.817925665E-1,-7.191672255E-2,1.773814988E2
2.470870211E2,2.281327324E-2,6.874860264E-4,1.568890759E-3,9.997382760E-1,1.773855646E2,1.815322745E-1,-7.465809043E-2,1.773854425E2
2.470920211E2,2.283809618E-2,6.711127935E-4,1.556619420E-3,9.997377396E-1,1.773827194E2,1.800854450E-1,-7.280995645E-2,1.773826012E2
2.470970211E2,2.283483236E-2,6.734232302E-4,1.565198880E-3,9.997377992E-1,1.773830935E2,1.810741329E-1,-7.305278085E-2,1.773829743E2
2.471020211E2,2.279974193E-2,6.967440131E-4,1.571596717E-3,9.997385740E-1,1.773871156E2,1.818654552E-1,-7.571408754E-2,1.773869916E2
2.471070211E2,2.282931065E-2,6.762836128E-4,1.568367006E-3,9.997379184E-1,1.773837264E2,1.814441599E-1,-7.337318251E-2,1.773836064E2
2.471120211E2,2.283989665E-2,6.686281995E-4,1.569499495E-3,9.997376800E-1,1.773825130E2,1.815546379E-1,-7.249128114E-2,1.773823944E2
2.471170211E2,2.279444847E-2,7.006590022E-4,1.570808701E-3,9.997386932E-1,1.773877224E2,1.817850053E-1,-7.616561657E-2,1.773875977E2
2.471220211E2,2.281608044E-2,6.855712854E-4,1.566886785E-3,9.997382164E-1,1.773852429E2,1.812978982E-1,-7.444346460E-2,1.773851213E2
2.471270211E2,2.283184519E-2,6.739816745E-4,1.570455846E-3,9.997378588E-1,1.773834359E2,1.816776240E-1,-7.310354349E-2,1.773833162E2
2.471320211E2,2.278637345E-2,7.060735952E-4,1.571736182E-3,9.997388721E-1,1.773886479E2,1.819047844E-1,-7.678496786E-2,1.773885222E2
2.471370211E2,2.280820849E-2,6.904716720E-4,1.565250452E-3,9.997383952E-1,1.773861452E2,1.811226600E-1,-7.501056536E-2,1.773860228E2
2.471420211E2,2.284509709E-2,6.652773591E-4,1.571169123E-3,9.997375607E-1,1.773819169E2,1.817375175E-1,-7.210208829E-2,1.773817988E2
2.471470211E2,2.279684403E-2,6.983206840E-4,1.575015136E-3,9.997386336E-1,1.773874478E2,1.822609761E-1,-7.588631027E-2,1.773873232E2
2.471520211E2,2.280518374E-2,6.935349666E-4,1.569891814E-3,9.997384548E-1,1.773864919E2,1.816621631E-1,-7.534991960E-2,1.773863686E2
2.471570211E2,2.284463375E-2,6.651515141E-4,1.577944844E-3,9.997375607E-1,1.773819701E2,1.825133938E-1,-7.207001720E-2,1.773818514E2
2.471620211E2,2.280155307E-2,6.943051121E-4,1.584265265E-3,9.997385144E-1,1.773869080E2,1.833105529E-1,-7.540125074E-2,1.773867835E2
2.471670211E2,2.279682473E-2,6.980283069E-4,1.575424103E-3,9.997386336E-1,1.773874500E2,1.823070628E-1,-7.585175018E-2,1.773873254E2
2.471720211E2,2.285850449E-2,6.570807891E-4,1.569246524E-3,9.997372627E-1,1.773803802E2,1.814967551E-1,-7.116567602E-2,1.773802637E2
2.471770211E2,2.283110486E-2,6.753220223E-4,1.580610173E-3,9.997378588E-1,1.773835208E2,1.828443759E-1,-7.323066283E-2,1.773834000E2
2.471820211E2,2.280776097E-2,6.915536360E-4,1.571282279E-3,9.997383952E-1,1.773861965E2,1.818164726E-1,-7.511883258E-2,1.773860734E2
2.471870211E2,2.286094973E-2,6.546328077E-4,1.572618377E-3,9.997372031E-1,1.773800999E2,1.818768011E-1,-7.087595416E-2,1.773799836E2
2.471920211E2,2.285463006E-2,6.590163102E-4,1.586796134E-3,9.997373223E-1,1.773808243E2,1.835120645E-1,-7.134215197E-2,1.773807061E2
2.471970211E2,2.282012093E-2,6.829290651E-4,1.585154212E-3,9.997380972E-1,1.773847797E2,1.833840404E-1,-7.409226342E-2,1.773846573E2
2.472020211E2,2.284922783E-2,6.622861256E-4,1.588127227E-3,9.997374415E-1,1.773814435E2,1.836727341E-1,-7.171425318E-2,1.773813246E2
2.472070211E2,2.284083237E-2,6.686493871E-4,1.593654277E-3,9.997376204E-1,1.773824058E2,1.843219783E-1,-7.243031359E-2,1.773822854E2
2.472120211E2,2.280685326E-2,6.906485651E-4,1.584797632E-3,9.997383952E-1,1.773863005E2,1.833623841E-1,-7.497998754E-2,1.773861766E2
2.472170211E2,2.283943509E-2,6.701155799E-4,1.575570204E-3,9.997376800E-1,1.773825659E2,1.822539696E-1,-7.264587250E-2,1.773824466E2
2.472220211E2,2.284186957E-2,6.671063020E-4,1.579371165E-3,9.997376204E-1,1.773822869E2,1.826817138E-1,-7.229073178E-2,1.773821678E2
2.472270211E2,2.281255976E-2,6.879470311E-4,1.579030417E-3,9.997382760E-1,1.773856464E2,1.826950455E-1,-7.468452579E-2,1.773855235E2
2.472320211E2,2.283670786E-2,6.716538919E-4,1.576625742E-3,9.997377396E-1,1.773828785E2,1.823787220E-1,-7.281983873E-2,1.773827588E2
2.472370211E2,2.284184311E-2,6.671695737E-4,1.579727046E-3,9.997376204E-1,1.773822899E2,1.827226480E-1,-7.229705356E-2,1.773821708E2
2.472420211E2,2.280739580E-2,6.914602709E-4,1.576614799E-3,9.997383952E-1,1.773862383E2,1.824271051E-1,-7.509426553E-2,1.773861149E2
2.472470211E2,2.283152076E-2,6.747246371E-4,1.574847265E-3,9.997378588E-1,1.773834731E2,1.821826336E-1,-7.317722759E-2,1.773833529E2
2.472520211E2,2.285227883E-2,6.608225522E-4,1.582348719E-3,9.997373819E-1,1.773810938E2,1.830071233E-1,-7.156115624E-2,1.773809756E2
2.472570211E2,2.280704385E-2,6.921354798E-4,1.581402612E-3,9.997383952E-1,1.773862787E2,1.829773448E-1,-7.515916925E-2,1.773861548E2
2.472620211E2,2.282153532E-2,6.811213680E-4,1.565447077E-3,9.997380972E-1,1.773846176E2,1.811217298E-1,-7.393645101E-2,1.773844970E2
2.472670211E2,2.284804996E-2,6.635074387E-4,1.566900290E-3,9.997375011E-1,1.773815785E2,1.812440504E-1,-7.190996389E-2,1.773814610E2
2.472720211E2,2.281324449E-2,6.882095477E-4,1.568991574E-3,9.997382760E-1,1.773855679E2,1.815457137E-1,-7.474071984E-2,1.773854457E2
2.472770211E2,2.282154247E-2,6.821381976E-4,1.564899925E-3,9.997380972E-1,1.773846168E2,1.810617071E-1,-7.405437029E-2,1.773844960E2
2.472820211E2,2.284548422E-2,6.658173515E-4,1.565300510E-3,9.997375607E-1,1.773818726E2,1.810666401E-1,-7.217924443E-2,1.773817547E2
2.472870211E2,2.280492207E-2,6.925203488E-4,1.574135153E-3,9.997384548E-1,1.773865219E2,1.821456167E-1,-7.522264144E-2,1.773863984E2
2.472920211E2,2.280520607E-2,6.938092411E-4,1.569446293E-3,9.997384548E-1,1.773864893E2,1.816118418E-1,-7.538250121E-2,1.773863660E2
2.472970211E2,2.283506704E-2,6.722926628E-4,1.562258461E-3,9.997377992E-1,1.773830666E2,1.807343314E-1,-7.293091335E-2,1.773829478E2
2.473020211E2,2.281361102E-2,6.880658329E-4,1.563716214E-3,9.997382760E-1,1.773855259E2,1.809410098E-1,-7.473798085E-2,1.773854041E2
2.473070211E2,2.281661916E-2,6.859943969E-4,1.558836433E-3,9.997382164E-1,1.773851811E2,1.803767808E-1,-7.451288863E-2,1.773850600E2
2.473120211E2,2.283791744E-2,6.711840979E-4,1.559208962E-3,9.997377396E-1,1.773827399E2,1.803822814E-1,-7.281138016E-2,1.773826215E2
2.473170211E2,2.281129501E-2,6.889050710E-4,1.559019787E-3,9.997383356E-1,1.773857914E2,1.804049989E-1,-7.484682146E-2,1.773856698E2
2.473220211E2,2.281686398E-2,6.846296019E-4,1.555850031E-3,9.997382164E-1,1.773851531E2,1.800311021E-1,-7.436430003E-2,1.773850325E2
2.473270211E2,2.285663562E-2,6.574761937E-4,1.558291609E-3,9.997373223E-1,1.773805944E2,1.802426428E-1,-7.124000763E-2,1.773804786E2
2.473320211E2,2.282659562E-2,6.781971897E-4,1.569064218E-3,9.997379780E-1,1.773840376E2,1.815288406E-1,-7.359107384E-2,1.773839172E2
2.473370211E2,2.281939094E-2,6.833296502E-4,1.557660056E-3,9.997381568E-1,1.773848634E2,1.802352503E-1,-7.421018716E-2,1.773847429E2
2.473420211E2,2.285153680E-2,6.610108539E-4,1.555092982E-3,9.997374415E-1,1.773811788E2,1.798850959E-1,-7.165423919E-2,1.773810626E2
2.473470211E2,2.283269376E-2,6.750866305E-4,1.557591488E-3,9.997378588E-1,1.773833386E2,1.802068122E-1,-7.326363510E-2,1.773832196E2
2.473520211E2,2.281971686E-2,6.837874535E-4,1.552676433E-3,9.997381568E-1,1.773848261E2,1.796655383E-1,-7.427560761E-2,1.773847058E2
2.473570211E2,2.286021977E-2,6.553982385E-4,1.544772647E-3,9.997372627E-1,1.773801836E2,1.786886973E-1,-7.103672351E-2,1.773800691E2
2.473620211E2,2.284922976E-2,6.630023126E-4,1.549817040E-3,9.997375011E-1,1.773814433E2,1.792857239E-1,-7.189661362E-2,1.773813270E2
2.473670211E2,2.283330615E-2,6.748280139E-4,1.548700966E-3,9.997378588E-1,1.773832684E2,1.791876653E-1,-7.325716036E-2,1.773831502E2
2.473720211E2,2.285758342E-2,6.569954567E-4,1.544531202E-3,9.997373223E-1,1.773804857E2,1.786650337E-1,-7.122080687E-2,1.773803710E2
2.473770211E2,2.284928038E-2,6.625490496E-4,1.549264533E-3,9.997375011E-1,1.773814375E2,1.792212443E-1,-7.184612475E-2,1.773813214E2
2.473820211E2,2.284673855E-2,6.641685613E-4,1.547593391E-3,9.997375607E-1,1.773817288E2,1.790338530E-1,-7.203648948E-2,1.773816125E2
2.473870211E2,2.287336183E-2,6.457885611E-4,1.547153224E-3,9.997369647E-1,1.773786772E2,1.789371631E-1,-6.992723593E-2,1.773785643E2
2.473920211E2,2.285186663E-2,6.615706952E-4,1.549999695E-3,9.997374415E-1,1.773811410E2,1.793030895E-1,-7.173165415E-2,1.773810251E2
2.473970211E2,2.282815611E-2,6.780665135E-4,1.546252170E-3,9.997379780E-1,1.773838587E2,1.789152220E-1,-7.363549719E-2,1.773837400E2
2.474020211E2,2.284934871E-2,6.639137864E-4,1.547671622E-3,9.997375011E-1,1.773814296E2,1.790423362E-1,-7.200662980E-2,1.773813134E2
2.474070211E2,2.283570503E-2,6.721476675E-4,1.552967704E-3,9.997377992E-1,1.773829935E2,1.796696318E-1,-7.293850013E-2,1.773828754E2
2.474120211E2,2.282535942E-2,6.788081955E-4,1.548673608E-3,9.997380376E-1,1.773841793E2,1.791943608E-1,-7.371463216E-2,1.773840603E2
2.474170211E2,2.285747390E-2,6.574756699E-4,1.545947045E-3,9.997373223E-1,1.773804983E2,1.788284854E-1,-7.127213174E-2,1.773803834E2
2.474220211E2,2.284605836E-2,6.652494776E-4,1.557140960E-3,9.997375607E-1,1.773818068E2,1.801304215E-1,-7.213544635E-2,1.773816896E2
2.474270211E2,2.281417513E-2,6.866532494E-4,1.556088566E-3,9.997382760E-1,1.773854613E2,1.800635203E-1,-7.459599292E-2,1.773853403E2
2.474320211E2,2.284400012E-2,6.662560627E-4,1.548615866E-3,9.997376204E-1,1.773820427E2,1.791562577E-1,-7.227345054E-2,1.773819260E2
2.474370211E2,2.284884172E-2,6.624763482E-4,1.555751543E-3,9.997375011E-1,1.773814877E2,1.799641864E-1,-7.182088899E-2,1.773813712E2
2.474420211E2,2.281967426E-2,6.840492133E-4,1.553187147E-3,9.997381568E-1,1.773848309E2,1.797247281E-1,-7.430426734E-2,1.773847106E2
2.474470211E2,2.284135709E-2,6.684153923E-4,1.548192115E-3,9.997376800E-1,1.773823456E2,1.791131735E-1,-7.252240950E-2,1.773822286E2
2.474520211E2,2.284628928E-2,6.643920788E-4,1.554116025E-3,9.997375607E-1,1.773817803E2,1.797816510E-1,-7.204509944E-2,1.773816635E2
2.474570211E2,2.281650283E-2,6.844893796E-4,1.561198849E-3,9.997382164E-1,1.773851945E2,1.806434796E-1,-7.433431541E-2,1.773850735E2
2.474620211E2,2.283269115E-2,6.740503013E-4,1.558078453E-3,9.997378588E-1,1.773833389E2,1.802598878E-1,-7.314363791E-2,1.773832201E2
2.474670211E2,2.285656906E-2,6.583609502E-4,1.558894175E-3,9.997373223E-1,1.773806020E2,1.803139867E-1,-7.133980035E-2,1.773804860E2
2.474720211E2,2.282442650E-2,6.795903319E-4,1.562022837E-3,9.997380376E-1,1.773842862E2,1.807256511E-1,-7.376948578E-2,1.773841661E2
2.474770211E2,2.282982788E-2,6.769617321E-4,1.560525969E-3,9.997379184E-1,1.773836671E2,1.805476880E-1,-7.347128899E-2,1.773835476E2
2.474820211E2,2.283782587E-2,6.714345654E-4,1.560441800E-3,9.997377396E-1,1.773827504E2,1.805241666E-1,-7.283686411E-2,1.773826319E2
2.474870211E2,2.281157964E-2,6.881218869E-4,1.555196242E-3,9.997383356E-1,1.773857588E2,1.799649399E-1,-7.476704254E-2,1.773856376E2
2.474920211E2,2.284121912E-2,6.677795900E-4,1.550500281E-3,9.997376800E-1,1.773823614E2,1.793759270E-1,-7.244355403E-2,1.773822443E2
2.474970211E2,2.286186537E-2,6.540521863E-4,1.559494529E-3,9.997372031E-1,1.773799949E2,1.803718528E-1,-7.084365386E-2,1.773798797E2
2.475020211E2,2.283285674E-2,6.744541461E-4,1.555474941E-3,9.997378588E-1,1.773833200E2,1.799626934E-1,-7.319668542E-2,1.773832012E2
2.475070211E2,2.283588375E-2,6.720661768E-4,1.550372806E-3,9.997377992E-1,1.773829730E2,1.793721552E-1,-7.293592295E-2,1.773828551E2
2.475120211E2,2.286754940E-2,6.499909214E-4,1.554267481E-3,9.997370839E-1,1.773793434E2,1.797627920E-1,-7.039106160E-2,1.773792293E2
2.475170211E2,2.283792887E-2,6.701409002E-4,1.559490222E-3,9.997377396E-1,1.773827386E2,1.804117734E-1,-7.269113165E-2,1.773826204E2
2.475220211E2,2.283064281E-2,6.760321558E-4,1.548963715E-3,9.997379184E-1,1.773835737E2,1.792207219E-1,-7.339489867E-2,1.773834552E2
2.475270211E2,2.285472185E-2,6.598714390E-4,1.547068241E-3,9.997373819E-1,1.773808137E2,1.789630107E-1,-7.154415042E-2,1.773806983E2
2.475320211E2,2.283858684E-2,6.695489283E-4,1.550080255E-3,9.997377396E-1,1.773826632E2,1.793322484E-1,-7.264782375E-2,1.773825457E2
2.475370211E2,2.283613041E-2,6.723380648E-4,1.546617248E-3,9.997377992E-1,1.773829447E2,1.789426410E-1,-7.297685471E-2,1.773828270E2
2.475420211E2,2.285732211E-2,6.580852787E-4,1.547930646E-3,9.997373223E-1,1.773805157E2,1.790573164E-1,-7.133680080E-2,1.773804005E2
2.475470211E2,2.283012026E-2,6.757603842E-4,1.556764706E-3,9.997379184E-1,1.773836336E2,1.801136688E-1,-7.334344834E-2,1.773835146E2
2.475520211E2,2.283808136E-2,6.699679070E-4,1.557329902E-3,9.997377396E-1,1.773827211E2,1.801638415E-1,-7.267693970E-2,1.773826031E2
2.475570211E2,2.286161233E-2,6.550530670E-4,1.562780468E-3,9.997372031E-1,1.773800239E2,1.807509004E-1,-7.094975317E-2,1.773799083E2
2.475620211E2,2.283183430E-2,6.746183499E-4,1.570340712E-3,9.997378588E-1,1.773834371E2,1.816660991E-1,-7.317678525E-2,1.773833173E2
2.475670211E2,2.282147299E-2,6.818317925E-4,1.566046383E-3,9.997380972E-1,1.773846248E2,1.811922410E-1,-7.401628231E-2,1.773845039E2
2.475720211E2,2.285623967E-2,6.580181653E-4,1.563860453E-3,9.997373223E-1,1.773806398E2,1.808820112E-1,-7.128758188E-2,1.773805235E2
2.475770211E2,2.283760655E-2,6.712788017E-4,1.563715166E-3,9.997377396E-1,1.773827755E2,1.808987459E-1,-7.281049240E-2,1.773826568E2
2.475820211E2,2.282442427E-2,6.797038368E-4,1.562005957E-3,9.997380376E-1,1.773842865E2,1.807240141E-1,-7.378253364E-2,1.773841663E2
2.475870211E2,2.286438341E-2,6.525788340E-4,1.561405021E-3,9.997371435E-1,1.773797063E2,1.805870399E-1,-7.066940430E-2,1.773795912E2
2.475920211E2,2.284531464E-2,6.654180470E-4,1.567943022E-3,9.997375607E-1,1.773818920E2,1.813683134E-1,-7.212661210E-2,1.773817741E2
2.475970211E2,2.282424886E-2,6.800598348E-4,1.564412378E-3,9.997380376E-1,1.773843066E2,1.810006166E-1,-7.381705484E-2,1.773841862E2
2.476020211E2,2.286691574E-2,6.500380114E-4,1.563542872E-3,9.997370839E-1,1.773794161E2,1.808254762E-1,-7.037226432E-2,1.773793013E2
2.476070211E2,2.286363138E-2,6.528153317E-4,1.572280424E-3,9.997371435E-1,1.773797925E2,1.818335122E-1,-7.066813904E-2,1.773796766E2
2.476120211E2,2.282393230E-2,6.792026106E-4,1.569395186E-3,9.997380376E-1,1.773843429E2,1.815691910E-1,-7.370587438E-2,1.773842223E2
2.476170211E2,2.286202093E-2,6.539627211E-4,1.557249809E-3,9.997372031E-1,1.773799771E2,1.801144702E-1,-7.083925750E-2,1.773798620E2
2.476220211E2,2.287493859E-2,6.457470590E-4,1.562299673E-3,9.997369051E-1,1.773784965E2,1.806723686E-1,-6.988249440E-2,1.773783825E2
2.476270211E2,2.282403819E-2,6.803091383E-4,1.567374682E-3,9.997380376E-1,1.773843307E2,1.813406204E-1,-7.383790547E-2,1.773842101E2
2.476320211E2,2.286170628E-2,6.534400745E-4,1.562081161E-3,9.997372031E-1,1.773800132E2,1.806665670E-1,-7.076678147E-2,1.773798978E2
2.476370211E2,2.289557520E-2,6.311923498E-4,1.571063534E-3,9.997364283E-1,1.773761311E2,1.816396229E-1,-6.818836295E-2,1.773760192E2
2.476420211E2,2.284456069E-2,6.659134524E-4,1.578680938E-3,9.997375607E-1,1.773819784E2,1.825997117E-1,-7.215539232E-2,1.773818596E2
2.476470211E2,2.285815071E-2,6.562048220E-4,1.574756694E-3,9.997372627E-1,1.773804207E2,1.821256903E-1,-7.105095441E-2,1.773803040E2
2.476520211E2,2.289226213E-2,6.324003916E-4,1.580896787E-3,9.997364879E-1,1.773765108E2,1.827690808E-1,-6.830156353E-2,1.773763981E2
2.476570211E2,2.284414854E-2,6.660812069E-4,1.584563288E-3,9.997375607E-1,1.773820257E2,1.832740142E-1,-7.215928658E-2,1.773819064E2
2.476620211E2,2.284456361E-2,6.647355622E-4,1.579135074E-3,9.997375607E-1,1.773819781E2,1.826486547E-1,-7.201926199E-2,1.773818595E2
2.476670211E2,2.290027448E-2,6.276686327E-4,1.579817967E-3,9.997363091E-1,1.773755924E2,1.826336181E-1,-6.776085306E-2,1.773754806E2
2.476720211E2,2.284999721E-2,6.622900837E-4,1.577017130E-3,9.997374415E-1,1.773813553E2,1.824000065E-1,-7.174365750E-2,1.773812373E2
2.476770211E2,2.282376548E-2,6.805757293E-4,1.571225352E-3,9.997380376E-1,1.773843620E2,1.817824377E-1,-7.385842447E-2,1.773842410E2
2.476820211E2,2.289289657E-2,6.332766498E-4,1.571329893E-3,9.997364879E-1,1.773764381E2,1.816754232E-1,-6.842693116E-2,1.773763258E2
2.476870211E2,2.287348646E-2,6.462931051E-4,1.583195408E-3,9.997369051E-1,1.773786629E2,1.830675512E-1,-6.989054020E-2,1.773785474E2
2.476920211E2,2.282048822E-2,6.815357483E-4,1.580459299E-3,9.997380972E-1,1.773847376E2,1.828425652E-1,-7.394485341E-2,1.773846158E2
2.476970211E2,2.287681718E-2,6.441757432E-4,1.573542599E-3,9.997368455E-1,1.773782811E2,1.819563897E-1,-6.967266815E-2,1.773781667E2
2.477020211E2,2.288135449E-2,6.394871161E-4,1.585178776E-3,9.997367263E-1,1.773777611E2,1.832774716E-1,-6.910419498E-2,1.773776467E2
2.477070211E2,2.280406075E-2,6.925099296E-4,1.586568658E-3,9.997384548E-1,1.773866206E2,1.835699316E-1,-7.518911249E-2,1.773864962E2
2.477120211E2,2.284202069E-2,6.673869211E-4,1.577065326E-3,9.997376204E-1,1.773822696E2,1.824182982E-1,-7.232888814E-2,1.773821506E2
2.477170211E2,2.288168015E-2,6.394258235E-4,1.580495853E-3,9.997367263E-1,1.773777237E2,1.827408495E-1,-6.910939290E-2,1.773776097E2
2.477220211E2,2.282019901E-2,6.829723716E-4,1.584011130E-3,9.997380972E-1,1.773847708E2,1.832532057E-1,-7.410019966E-2,1.773846484E2
2.477270211E2,2.283119130E-2,6.752622430E-4,1.579386648E-3,9.997378588E-1,1.773835108E2,1.827040565E-1,-7.322699983E-2,1.773833902E2
2.477320211E2,2.287877852E-2,6.412495277E-4,1.584055950E-3,9.997367859E-1,1.773780563E2,1.831532818E-1,-6.930951548E-2,1.773779417E2
2.477370211E2,2.281976137E-2,6.831655628E-4,1.590220374E-3,9.997380972E-1,1.773848210E2,1.839650215E-1,-7.410617451E-2,1.773846981E2
2.477420211E2,2.280979463E-2,6.902875029E-4,1.580216689E-3,9.997383356E-1,1.773859634E2,1.828368590E-1,-7.495005850E-2,1.773858399E2
2.477470211E2,2.287626261E-2,6.429156056E-4,1.582097146E-3,9.997368455E-1,1.773783447E2,1.829330713E-1,-6.950597977E-2,1.773782299E2
2.477520211E2,2.284636347E-2,6.642650696E-4,1.590985106E-3,9.997375011E-1,1.773817718E2,1.840051142E-1,-7.193400798E-2,1.773816524E2
2.477570211E2,2.281216252E-2,6.872246158E-4,1.585072372E-3,9.997382760E-1,1.773856920E2,1.833853053E-1,-7.458604240E-2,1.773855687E2
2.477620211E2,2.286845659E-2,6.489973166E-4,1.579469768E-3,9.997370243E-1,1.773792394E2,1.826474710E-1,-7.021102327E-2,1.773791237E2
2.477670211E2,2.285201527E-2,6.594437873E-4,1.586724073E-3,9.997373819E-1,1.773811240E2,1.835047420E-1,-7.139179306E-2,1.773810058E2
2.477720211E2,2.280692231E-2,6.920775049E-4,1.583179808E-3,9.997383952E-1,1.773862926E2,1.831807832E-1,-7.514790490E-2,1.773861686E2
2.477770211E2,2.286848545E-2,6.494034315E-4,1.578885014E-3,9.997370243E-1,1.773792361E2,1.825815469E-1,-7.025907554E-2,1.773791204E2
2.477820211E2,2.287873285E-2,6.418927805E-4,1.584455022E-3,9.997367859E-1,1.773780616E2,1.832006836E-1,-6.938216952E-2,1.773779468E2
2.477870211E2,2.280695555E-2,6.908959476E-4,1.583216945E-3,9.997383952E-1,1.773862888E2,1.831819517E-1,-7.501244063E-2,1.773861650E2
2.477920211E2,2.284688208E-2,6.637877086E-4,1.583720557E-3,9.997375011E-1,1.773817123E2,1.831716614E-1,-7.189824524E-2,1.773815936E2
2.477970211E2,2.289934425E-2,6.284326664E-4,1.592943561E-3,9.997363091E-1,1.773756991E2,1.841392508E-1,-6.781410773E-2,1.773755862E2
2.478020211E2,2.282240158E-2,6.799320108E-4,1.591188833E-3,9.997380376E-1,1.773845183E2,1.840677080E-1,-7.373271496E-2,1.773843960E2
2.478070211E2,2.282565861E-2,6.793685607E-4,1.582134166E-3,9.997379780E-1,1.773841450E2,1.830291542E-1,-7.369125033E-2,1.773840234E2
2.478120211E2,2.289724922E-2,6.288771983E-4,1.585458172E-3,9.997363687E-1,1.773759392E2,1.832827362E-1,-6.788506107E-2,1.773758268E2
2.478170211E2,2.283299575E-2,6.740930839E-4,1.591483247E-3,9.997377992E-1,1.773833040E2,1.840869385E-1,-7.306107750E-2,1.773831827E2
2.478220211E2,2.278829815E-2,7.034873124E-4,1.582864788E-3,9.997388124E-1,1.773884273E2,1.831730932E-1,-7.645926668E-2,1.773883012E2
2.478270211E2,2.287881122E-2,6.411996437E-4,1.583603909E-3,9.997367859E-1,1.773780526E2,1.831013667E-1,-6.930497989E-2,1.773779380E2
2.478320211E2,2.286981413E-2,6.480348529E-4,1.597829629E-3,9.997369647E-1,1.773790838E2,1.847483822E-1,-7.005239635E-2,1.773789670E2
2.478370211E2,2.279253540E-2,7.002784987E-4,1.598494360E-3,9.997386932E-1,1.773879416E2,1.849555903E-1,-7.605005944E-2,1.773878149E2
2.478420211E2,2.285979349E-2,6.557831075E-4,1.588862971E-3,9.997372031E-1,1.773802324E2,1.837407430E-1,-7.096538925E-2,1.773801148E2
2.478470211E2,2.288047756E-2,6.410267088E-4,1.597169437E-3,9.997367263E-1,1.773778616E2,1.846551196E-1,-6.924929382E-2,1.773777461E2
2.478520211E2,2.280300002E-2,6.943398621E-4,1.600949327E-3,9.997384548E-1,1.773867422E2,1.852221120E-1,-7.536136831E-2,1.773866164E2
2.478570211E2,2.283012065E-2,6.746980944E-4,1.595026930E-3,9.997378588E-1,1.773836336E2,1.844942824E-1,-7.312164664E-2,1.773835119E2
2.478620211E2,2.289601359E-2,6.297016516E-4,1.602879842E-3,9.997363687E-1,1.773760808E2,1.852806721E-1,-6.793402702E-2,1.773759671E2
2.478670211E2,2.282083869E-2,6.812930224E-4,1.612874563E-3,9.997380376E-1,1.773846975E2,1.865555115E-1,-7.383220977E-2,1.773845733E2
2.478720211E2,2.280512426E-2,6.918836152E-4,1.608955907E-3,9.997383952E-1,1.773864987E2,1.861331020E-1,-7.505865869E-2,1.773863728E2
2.478770211E2,2.287710997E-2,6.429660134E-4,1.607288141E-3,9.997367859E-1,1.773782476E2,1.858191875E-1,-6.944555772E-2,1.773781310E2
2.478820211E2,2.283131220E-2,6.730930181E-4,1.615872723E-3,9.997377992E-1,1.773834970E2,1.868783034E-1,-7.288300574E-2,1.773833741E2
2.478870211E2,2.278414141E-2,7.059178315E-4,1.603836077E-3,9.997388721E-1,1.773889038E2,1.855816354E-1,-7.668371657E-2,1.773887756E2
2.478920211E2,2.286464247E-2,6.512153777E-4,1.595961978E-3,9.997370839E-1,1.773796766E2,1.845423927E-1,-7.042261129E-2,1.773795593E2
2.478970211E2,2.285881022E-2,6.555307191E-4,1.603050274E-3,9.997372031E-1,1.773803451E2,1.853653353E-1,-7.089949164E-2,1.773802265E2
2.479020211E2,2.277916493E-2,7.092915475E-4,1.598719507E-3,9.997389913E-1,1.773894742E2,1.850038967E-1,-7.708449544E-2,1.773893457E2
2.479070211E2,2.283017120E-2,6.745198625E-4,1.594378613E-3,9.997378588E-1,1.773836278E2,1.844195474E-1,-7.310291496E-2,1.773835062E2
2.479120211E2,2.287764197E-2,6.418566336E-4,1.600143383E-3,9.997367859E-1,1.773781866E2,1.849977997E-1,-6.933709814E-2,1.773780708E2
2.479170211E2,2.279772303E-2,6.981909974E-4,1.599985757E-3,9.997385740E-1,1.773873470E2,1.851213881E-1,-7.580605576E-2,1.773872206E2
2.479220211E2,2.279571809E-2,6.986685912E-4,1.591075445E-3,9.997386336E-1,1.773875768E2,1.841017006E-1,-7.588441760E-2,1.773874510E2
2.479270211E2,2.287559766E-2,6.436001859E-4,1.591406181E-3,9.997368455E-1,1.773784209E2,1.840012794E-1,-6.956012460E-2,1.773783054E2
2.479320211E2,2.282196948E-2,6.814639200E-4,1.596721471E-3,9.997380376E-1,1.773845679E2,1.847055127E-1,-7.389382278E-2,1.773844448E2
2.479370211E2,2.278535008E-2,7.064330275E-4,1.586342929E-3,9.997388721E-1,1.773887652E2,1.835790230E-1,-7.678819099E-2,1.773886383E2
2.479420211E2,2.286545420E-2,6.518324371E-4,1.584035926E-3,9.997370839E-1,1.773795836E2,1.831777970E-1,-7.052440262E-2,1.773794670E2
2.479470211E2,2.284889603E-2,6.625924143E-4,1.592766494E-3,9.997374415E-1,1.773814815E2,1.842049953E-1,-7.173725552E-2,1.773813623E2
2.479520211E2,2.277425211E-2,7.144046831E-4,1.591874287E-3,9.997391105E-1,1.773900373E2,1.842326612E-1,-7.768903925E-2,1.773899084E2
2.479570211E2,2.282807718E-2,6.765685393E-4,1.586097875E-3,9.997379184E-1,1.773838678E2,1.834760970E-1,-7.335966353E-2,1.773837464E2
2.479620211E2,2.287277344E-2,6.464192411E-4,1.593412249E-3,9.997369051E-1,1.773787446E2,1.842382916E-1,-6.987834125E-2,1.773786284E2
2.479670211E2,2.280363855E-2,6.935172714E-4,1.592186978E-3,9.997384548E-1,1.773866690E2,1.842161784E-1,-7.528991075E-2,1.773865440E2
2.479720211E2,2.281240315E-2,6.875955150E-4,1.581444172E-3,9.997382760E-1,1.773856644E2,1.829706393E-1,-7.463797404E-2,1.773855413E2
2.479770211E2,2.287610671E-2,6.441709120E-4,1.583839883E-3,9.997368455E-1,1.773783626E2,1.831360027E-1,-6.964524938E-2,1.773782474E2
2.479820211E2,2.283312657E-2,6.724199047E-4,1.590313856E-3,9.997377992E-1,1.773832890E2,1.839486019E-1,-7.287243125E-2,1.773831681E2
2.479870211E2,2.279621821E-2,6.988655077E-4,1.583806938E-3,9.997386336E-1,1.773875195E2,1.832695583E-1,-7.592587271E-2,1.773873942E2
2.479920211E2,2.284427670E-2,6.652560551E-4,1.583061530E-3,9.997375607E-1,1.773820110E2,1.830998189E-1,-7.206866386E-2,1.773818920E2
2.479970211E2,2.285971571E-2,6.544276839E-4,1.590539934E-3,9.997372031E-1,1.773802413E2,1.839293023E-1,-7.080573115E-2,1.773801238E2
2.480020211E2,2.282473268E-2,6.789088366E-4,1.595632290E-3,9.997379780E-1,1.773842511E2,1.845742543E-1,-7.360344680E-2,1.773841287E2
2.480070211E2,2.283036417E-2,6.746677682E-4,1.591550419E-3,9.997378588E-1,1.773836057E2,1.840959452E-1,-7.312722305E-2,1.773834843E2
2.480120211E2,2.285138102E-2,6.600847119E-4,1.595567330E-3,9.997373819E-1,1.773811967E2,1.845194751E-1,-7.144217694E-2,1.773810777E2
2.480170211E2,2.283807849E-2,6.705218693E-4,1.594942878E-3,9.997376800E-1,1.773827214E2,1.844743044E-1,-7.264196328E-2,1.773826006E2
2.480220211E2,2.283564809E-2,6.706740824E-4,1.592314686E-3,9.997377396E-1,1.773830000E2,1.841734355E-1,-7.266672721E-2,1.773828793E2
2.480270211E2,2.284619760E-2,6.637413753E-4,1.593583496E-3,9.997375011E-1,1.773817908E2,1.843014074E-1,-7.186724044E-2,1.773816713E2
2.480320211E2,2.284375338E-2,6.663116510E-4,1.590153435E-3,9.997375607E-1,1.773820710E2,1.839150067E-1,-7.217112503E-2,1.773819512E2
2.480370211E2,2.284360254E-2,6.661253283E-4,1.592396758E-3,9.997375607E-1,1.773820883E2,1.841715073E-1,-7.214393477E-2,1.773819684E2
2.480420211E2,2.284333879E-2,6.653028540E-4,1.596518909E-3,9.997375607E-1,1.773821185E2,1.846415762E-1,-7.203896858E-2,1.773819985E2
2.480470211E2,2.283544876E-2,6.716913776E-4,1.594742644E-3,9.997377396E-1,1.773830229E2,1.844542349E-1,-7.277695320E-2,1.773829018E2
2.480520211E2,2.283566129E-2,6.710692542E-4,1.591958920E-3,9.997377396E-1,1.773829985E2,1.841337136E-1,-7.271292728E-2,1.773828777E2
2.480570211E2,2.284093749E-2,6.673499011E-4,1.592692104E-3,9.997376204E-1,1.773823937E2,1.842083559E-1,-7.228394159E-2,1.773822736E2
2.480620211E2,2.283250202E-2,6.732274196E-4,1.598915784E-3,9.997377992E-1,1.773833606E2,1.849361227E-1,-7.294254905E-2,1.773832390E2
2.480670211E2,2.281932593E-2,6.822805735E-4,1.596835209E-3,9.997380972E-1,1.773848709E2,1.847204831E-1,-7.398757088E-2,1.773847477E2
2.480720211E2,2.283590556E-2,6.708650035E-4,1.588537358E-3,9.997377396E-1,1.773829705E2,1.837412161E-1,-7.269843699E-2,1.773828500E2
2.480770211E2,2.284088512E-2,6.670163712E-4,1.593582681E-3,9.997376204E-1,1.773823997E2,1.843095052E-1,-7.224341046E-2,1.773822796E2
2.480820211E2,2.282187923E-2,6.812154315E-4,1.598116825E-3,9.997380376E-1,1.773845782E2,1.848647105E-1,-7.386172292E-2,1.773844551E2
2.480870211E2,2.281966239E-2,6.827967591E-4,1.591798384E-3,9.997380972E-1,1.773848323E2,1.841448295E-1,-7.405981538E-2,1.773847094E2
2.480920211E2,2.283585632E-2,6.705529522E-4,1.589376712E-3,9.997377396E-1,1.773829761E2,1.838365539E-1,-7.266050044E-2,1.773828557E2
2.480970211E2,2.284035530E-2,6.678359350E-4,1.600816846E-3,9.997376204E-1,1.773824605E2,1.851403718E-1,-7.231846367E-2,1.773823397E2
2.481020211E2,2.283203169E-2,6.733020418E-4,1.605586731E-3,9.997377992E-1,1.773834145E2,1.857005200E-1,-7.293373047E-2,1.773832924E2
2.481070211E2,2.284045818E-2,6.687180721E-4,1.598979579E-3,9.997376204E-1,1.773824487E2,1.849322076E-1,-7.242431254E-2,1.773823279E2
2.481120211E2,2.283504269E-2,6.710821763E-4,1.600802178E-3,9.997377396E-1,1.773830694E2,1.851468026E-1,-7.269138031E-2,1.773829480E2
2.481170211E2,2.281635473E-2,6.853805971E-4,1.600642805E-3,9.997381568E-1,1.773852114E2,1.851645751E-1,-7.433330784E-2,1.773850874E2
2.481220211E2,2.281669057E-2,6.844129530E-4,1.596263610E-3,9.997381568E-1,1.773851729E2,1.846603806E-1,-7.423384118E-2,1.773850494E2
2.481270211E2,2.283003635E-2,6.758024683E-4,1.595765934E-3,9.997378588E-1,1.773836432E2,1.845818276E-1,-7.324624757E-2,1.773835213E2
2.481320211E2,2.282738629E-2,6.765980506E-4,1.595997950E-3,9.997379184E-1,1.773839470E2,1.846102950E-1,-7.333727307E-2,1.773838249E2
2.481370211E2,2.281949813E-2,6.818902330E-4,1.594539382E-3,9.997380972E-1,1.773848511E2,1.844564606E-1,-7.394882472E-2,1.773847282E2
2.481420211E2,2.282727590E-2,6.768464227E-4,1.597470837E-3,9.997379184E-1,1.773839596E2,1.847796734E-1,-7.336189437E-2,1.773838374E2
2.481470211E2,2.282188399E-2,6.803261931E-4,1.598427538E-3,9.997380376E-1,1.773845777E2,1.848979808E-1,-7.375903686E-2,1.773844547E2
2.481520211E2,2.282176747E-2,6.814017543E-4,1.599632669E-3,9.997380376E-1,1.773845910E2,1.850388476E-1,-7.387912461E-2,1.773844678E2
2.481570211E2,2.282474148E-2,6.784135476E-4,1.595717040E-3,9.997379780E-1,1.773842501E2,1.845826685E-1,-7.354648241E-2,1.773841277E2
2.481620211E2,2.281945229E-2,6.817834801E-4,1.595240901E-3,9.997380972E-1,1.773848564E2,1.845365454E-1,-7.393476890E-2,1.773847334E2
2.481670211E2,2.282723899E-2,6.777814706E-4,1.597601920E-3,9.997379184E-1,1.773839639E2,1.847971342E-1,-7.346867883E-2,1.773838414E2
2.481720211E2,2.282980791E-2,6.755045615E-4,1.599156647E-3,9.997378588E-1,1.773836694E2,1.849694779E-1,-7.320329020E-2,1.773835473E2
2.481770211E2,2.281733423E-2,6.837754627E-4,1.587311155E-3,9.997381568E-1,1.773850992E2,1.836331508E-1,-7.418409927E-2,1.773849764E2
2.481820211E2,2.282279299E-2,6.804430741E-4,1.585345599E-3,9.997380376E-1,1.773844735E2,1.833996615E-1,-7.380647366E-2,1.773843515E2
2.481870211E2,2.284594856E-2,6.646999973E-4,1.596751041E-3,9.997375011E-1,1.773818193E2,1.846667793E-1,-7.196881466E-2,1.773816995E2
2.481920211E2,2.283532931E-2,6.714788615E-4,1.596541610E-3,9.997377396E-1,1.773830365E2,1.846597629E-1,-7.274792141E-2,1.773829154E2
2.481970211E2,2.282590138E-2,6.786715239E-4,1.578927622E-3,9.997379780E-1,1.773841172E2,1.826600009E-1,-7.361973987E-2,1.773839960E2
2.482020211E2,2.284418529E-2,6.658428465E-4,1.584133599E-3,9.997375607E-1,1.773820215E2,1.832241668E-1,-7.213309779E-2,1.773819023E2
2.482070211E2,2.285666390E-2,6.567089586E-4,1.595984329E-3,9.997372627E-1,1.773805911E2,1.845587820E-1,-7.105337832E-2,1.773804728E2
2.482120211E2,2.284082309E-2,6.672067102E-4,1.594391884E-3,9.997376204E-1,1.773824068E2,1.844027028E-1,-7.226310935E-2,1.773822866E2
2.482170211E2,2.283039477E-2,6.757685333E-4,1.590644242E-3,9.997378588E-1,1.773836021E2,1.839950143E-1,-7.325569361E-2,1.773834806E2
2.482220211E2,2.282508282E-2,6.779472460E-4,1.591025852E-3,9.997379780E-1,1.773842110E2,1.840440423E-1,-7.350526983E-2,1.773840890E2
2.482270211E2,2.283557334E-2,6.715332856E-4,1.593024470E-3,9.997377396E-1,1.773830086E2,1.842569929E-1,-7.276331522E-2,1.773828877E2
2.482320211E2,2.284629769E-2,6.644157693E-4,1.591866603E-3,9.997375011E-1,1.773817793E2,1.841064899E-1,-7.194897661E-2,1.773816598E2
2.482370211E2,2.284339884E-2,6.660163053E-4,1.595361857E-3,9.997375607E-1,1.773821116E2,1.845108943E-1,-7.212372048E-2,1.773819916E2
2.482420211E2,2.282705586E-2,6.765658036E-4,1.600730699E-3,9.997379184E-1,1.773839849E2,1.851523791E-1,-7.332125935E-2,1.773838624E2
2.482470211E2,2.282699890E-2,6.770576001E-4,1.601334894E-3,9.997379184E-1,1.773839914E2,1.852228794E-1,-7.337603036E-2,1.773838688E2
2.482520211E2,2.285373534E-2,6.589121767E-4,1.599673531E-3,9.997373223E-1,1.773809268E2,1.849869862E-1,-7.129666102E-2,1.773808078E2
2.482570211E2,2.285331225E-2,6.581097841E-4,1.606035512E-3,9.997373223E-1,1.773809753E2,1.857136947E-1,-7.118815449E-2,1.773808560E2
2.482620211E2,2.284564828E-2,6.645732210E-4,1.601094147E-3,9.997375011E-1,1.773818538E2,1.851639801E-1,-7.194297601E-2,1.773817336E2
2.482670211E2,2.284881933E-2,6.624577800E-4,1.593922381E-3,9.997374415E-1,1.773814903E2,1.843370579E-1,-7.171881916E-2,1.773813710E2
2.482720211E2,2.285162678E-2,6.597256870E-4,1.592192566E-3,9.997373819E-1,1.773811685E2,1.841319332E-1,-7.140983874E-2,1.773810499E2
2.482770211E2,2.285131617E-2,6.605131784E-4,1.596318558E-3,9.997373819E-1,1.773812041E2,1.846066547E-1,-7.148930746E-2,1.773810850E2
2.482820211E2,2.286660830E-2,6.505552446E-4,1.605376019E-3,9.997370243E-1,1.773794513E2,1.856192908E-1,-7.032195366E-2,1.773793335E2
2.482870211E2,2.286634813E-2,6.502456963E-4,1.609202591E-3,9.997370243E-1,1.773794811E2,1.860568402E-1,-7.027651246E-2,1.773793631E2
2.482920211E2,2.284252455E-2,6.657161866E-4,1.607955783E-3,9.997375607E-1,1.773822118E2,1.859528293E-1,-7.205653285E-2,1.773820909E2
2.482970211E2,2.285046575E-2,6.613965961E-4,1.608083025E-3,9.997373819E-1,1.773813016E2,1.859566665E-1,-7.155986379E-2,1.773811815E2
2.483020211E2,2.287147885E-2,6.461800076E-4,1.611983753E-3,9.997369051E-1,1.773788930E2,1.863651587E-1,-6.980249699E-2,1.773787756E2
2.483070211E2,2.287158957E-2,6.455277326E-4,1.610673615E-3,9.997369051E-1,1.773788803E2,1.862133649E-1,-6.973118467E-2,1.773787631E2
2.483120211E2,2.286633764E-2,6.502412143E-4,1.609353465E-3,9.997370243E-1,1.773794823E2,1.860741122E-1,-7.027560560E-2,1.773793643E2
2.483170211E2,2.286867027E-2,6.484600017E-4,1.613947563E-3,9.997369647E-1,1.773792150E2,1.865959159E-1,-7.005907347E-2,1.773790969E2
2.483220211E2,2.286023131E-2,6.540716859E-4,1.620459254E-3,9.997371435E-1,1.773801822E2,1.873560180E-1,-7.068647263E-2,1.773800627E2
2.483270211E2,2.286871144E-2,6.480692537E-4,1.613521134E-3,9.997369647E-1,1.773792102E2,1.865460421E-1,-7.001541866E-2,1.773790923E2
2.483320211E2,2.287730943E-2,6.424219464E-4,1.604664605E-3,9.997367859E-1,1.773782247E2,1.855172180E-1,-6.939006958E-2,1.773781085E2
2.483370211E2,2.286356674E-2,6.516047288E-4,1.611142070E-3,9.997370839E-1,1.773797999E2,1.862823961E-1,-7.042764123E-2,1.773796815E2
2.483420211E2,2.285541538E-2,6.582732894E-4,1.613127883E-3,9.997372627E-1,1.773807342E2,1.865267878E-1,-7.118791916E-2,1.773806144E2
2.483470211E2,2.286621812E-2,6.508746301E-4,1.610794920E-3,9.997370243E-1,1.773794960E2,1.862408994E-1,-7.034441569E-2,1.773793777E2
2.483520211E2,2.286884776E-2,6.485977792E-4,1.611375250E-3,9.997369647E-1,1.773791946E2,1.863016006E-1,-7.008156560E-2,1.773790767E2
2.483570211E2,2.287174218E-2,6.471006782E-4,1.607873011E-3,9.997369051E-1,1.773788628E2,1.858966565E-1,-6.991869563E-2,1.773787455E2
2.483620211E2,2.286666963E-2,6.507382495E-4,1.604427933E-3,9.997370243E-1,1.773794443E2,1.855111602E-1,-7.034539199E-2,1.773793265E2
2.483670211E2,2.284559770E-2,6.648386479E-4,1.601705560E-3,9.997375011E-1,1.773818596E2,1.852347161E-1,-7.197179239E-2,1.773817393E2
2.483720211E2,2.283812833E-2,6.689177826E-4,1.594902715E-3,9.997376800E-1,1.773827157E2,1.844655083E-1,-7.245829255E-2,1.773825952E2
2.483770211E2,2.287795759E-2,6.422685692E-4,1.595458714E-3,9.997367859E-1,1.773781504E2,1.844622176E-1,-6.939651365E-2,1.773780348E2
2.483820211E2,2.287479476E-2,6.441124715E-4,1.602699864E-3,9.997368455E-1,1.773785130E2,1.852963911E-1,-6.958935554E-2,1.773783965E2
2.483870211E2,2.283772921E-2,6.692532916E-4,1.600467484E-3,9.997376800E-1,1.773827615E2,1.851038679E-1,-7.248223887E-2,1.773826404E2
2.483920211E2,2.285332294E-2,6.589014083E-4,1.605558791E-3,9.997373223E-1,1.773809741E2,1.856611549E-1,-7.128009066E-2,1.773808547E2
2.483970211E2,2.286349518E-2,6.517489674E-4,1.612098888E-3,9.997370839E-1,1.773798081E2,1.863923837E-1,-7.044167180E-2,1.773796896E2
2.484020211E2,2.284003121E-2,6.673663738E-4,1.605629455E-3,9.997376204E-1,1.773824976E2,1.856904607E-1,-7.225213351E-2,1.773823766E2
2.484070211E2,2.285100199E-2,6.601695786E-4,1.600951538E-3,9.997373819E-1,1.773812401E2,1.851364952E-1,-7.143786998E-2,1.773811208E2
2.484120211E2,2.287697315E-2,6.424842286E-4,1.609426690E-3,9.997367859E-1,1.773782633E2,1.860629109E-1,-6.938478270E-2,1.773781467E2
2.484170211E2,2.284764152E-2,6.636704202E-4,1.610218082E-3,9.997374415E-1,1.773816253E2,1.862070144E-1,-7.181529167E-2,1.773815046E2
2.484220211E2,2.283787975E-2,6.701530656E-4,1.597940805E-3,9.997376800E-1,1.773827442E2,1.848167729E-1,-7.259190319E-2,1.773826232E2
2.484270211E2,2.288064114E-2,6.406888715E-4,1.594960107E-3,9.997367263E-1,1.773778428E2,1.844011402E-1,-6.921635346E-2,1.773777276E2
2.484320211E2,2.288285274E-2,6.386932218E-4,1.601380063E-3,9.997366667E-1,1.773775893E2,1.851315411E-1,-6.897048601E-2,1.773774740E2
2.484370211E2,2.284315934E-2,6.655578036E-4,1.598978299E-3,9.997375607E-1,1.773821391E2,1.849239831E-1,-7.206177105E-2,1.773820188E2
2.484420211E2,2.285409488E-2,6.581440102E-4,1.594845788E-3,9.997373223E-1,1.773808856E2,1.844319247E-1,-7.122123610E-2,1.773807671E2
2.484470211E2,2.287234793E-2,6.462454912E-4,1.599578653E-3,9.997369051E-1,1.773787934E2,1.849442405E-1,-6.984235188E-2,1.773786768E2
2.484520211E2,2.285095428E-2,6.611607969E-4,1.601223368E-3,9.997373819E-1,1.773812456E2,1.851702290E-1,-7.155072244E-2,1.773811260E2
2.484570211E2,2.285944103E-2,6.557733286E-4,1.593929948E-3,9.997372031E-1,1.773802728E2,1.843211745E-1,-7.095106019E-2,1.773801548E2
2.484620211E2,2.287810086E-2,6.418576231E-4,1.593568595E-3,9.997367859E-1,1.773781340E2,1.842446147E-1,-6.935436408E-2,1.773780186E2
2.484670211E2,2.285904938E-2,6.546881050E-4,1.599981333E-3,9.997372031E-1,1.773803177E2,1.850115613E-1,-7.081095550E-2,1.773801995E2
2.484720211E2,2.284824012E-2,6.620721542E-4,1.602363074E-3,9.997374415E-1,1.773815567E2,1.853029880E-1,-7.165264750E-2,1.773814369E2
2.484770211E2,2.286168361E-2,6.525096833E-4,1.600477146E-3,9.997371435E-1,1.773800158E2,1.850628414E-1,-7.055960584E-2,1.773798979E2
2.484820211E2,2.285885682E-2,6.555081927E-4,1.602394856E-3,9.997372031E-1,1.773803398E2,1.852901937E-1,-7.089861925E-2,1.773802212E2
2.484870211E2,2.284846167E-2,6.621826324E-4,1.599155134E-3,9.997374415E-1,1.773815313E2,1.849357856E-1,-7.167366253E-2,1.773814117E2
2.484920211E2,2.286162550E-2,6.536312285E-4,1.600849559E-3,9.997371435E-1,1.773800224E2,1.851084401E-1,-7.068712680E-2,1.773799043E2
2.484970211E2,2.287423464E-2,6.451294175E-4,1.610267325E-3,9.997368455E-1,1.773785772E2,1.861659599E-1,-6.968612546E-2,1.773784600E2
2.485020211E2,2.286617255E-2,6.493718829E-4,1.612047898E-3,9.997370243E-1,1.773795012E2,1.863805015E-1,-7.016898397E-2,1.773793832E2
2.485070211E2,2.285595692E-2,6.579612964E-4,1.605564612E-3,9.997372627E-1,1.773806722E2,1.856595469E-1,-7.117188563E-2,1.773805529E2
2.485120211E2,2.286934926E-2,6.481419550E-4,1.604426303E-3,9.997369647E-1,1.773791371E2,1.855043572E-1,-7.004746376E-2,1.773790198E2
2.485170211E2,2.285851512E-2,6.546154036E-4,1.607625745E-3,9.997372031E-1,1.773803790E2,1.858870908E-1,-7.078270094E-2,1.773802602E2
2.485220211E2,2.284541894E-2,6.643811939E-4,1.604442718E-3,9.997375011E-1,1.773818801E2,1.855470793E-1,-7.191225296E-2,1.773817597E2
2.485270211E2,2.286692364E-2,6.501906901E-4,1.601026044E-3,9.997370243E-1,1.773794152E2,1.851200166E-1,-7.029153022E-2,1.773792977E2
2.485320211E2,2.286958654E-2,6.472326932E-4,1.601408352E-3,9.997369647E-1,1.773791099E2,1.851562488E-1,-6.995116276E-2,1.773789930E2
2.485370211E2,2.285359202E-2,6.591707934E-4,1.601613360E-3,9.997373223E-1,1.773809432E2,1.852098837E-1,-7.132123474E-2,1.773808240E2
2.485420211E2,2.285383293E-2,6.587650278E-4,1.598339295E-3,9.997373223E-1,1.773809156E2,1.848337552E-1,-7.128327970E-2,1.773807967E2
2.485470211E2,2.286700773E-2,6.500275340E-4,1.599890878E-3,9.997370243E-1,1.773794055E2,1.849895483E-1,-7.027579794E-2,1.773792882E2
2.485520211E2,2.285649901E-2,6.562389317E-4,1.598537085E-3,9.997372627E-1,1.773806100E2,1.848499873E-1,-7.099287539E-2,1.773804916E2
2.485570211E2,2.286697928E-2,6.502064643E-4,1.600224874E-3,9.997370243E-1,1.773794088E2,1.850282783E-1,-7.029542649E-2,1.773792914E2
2.485620211E2,2.288008776E-2,6.414905656E-4,1.602558186E-3,9.997367263E-1,1.773779063E2,1.852736535E-1,-6.928837671E-2,1.773777903E2
2.485670211E2,2.286915734E-2,6.484285113E-4,1.607043901E-3,9.997369647E-1,1.773791591E2,1.858049716E-1,-7.007346765E-2,1.773790416E2
2.485720211E2,2.286172392E-2,6.528164959E-4,1.599776093E-3,9.997371435E-1,1.773800112E2,1.849833342E-1,-7.059658395E-2,1.773798933E2
2.485770211E2,2.288044546E-2,6.410416681E-4,1.597623224E-3,9.997367263E-1,1.773778653E2,1.847071432E-1,-6.924982368E-2,1.773777498E2
2.485820211E2,2.287730900E-2,6.431305083E-4,1.604386838E-3,9.997367859E-1,1.773782248E2,1.854872543E-1,-6.947197174E-2,1.773781084E2
2.485870211E2,2.286855615E-2,6.484049372E-4,1.615585992E-3,9.997369647E-1,1.773792280E2,1.867834650E-1,-7.004849274E-2,1.773791099E2
2.485920211E2,2.286382883E-2,6.511977408E-4,1.607583370E-3,9.997370839E-1,1.773797699E2,1.858736570E-1,-7.039029149E-2,1.773796518E2
2.485970211E2,2.286927214E-2,6.482531317E-4,1.605480327E-3,9.997369647E-1,1.773791460E2,1.856253941E-1,-7.005745229E-2,1.773790286E2
2.486020211E2,2.286904504E-2,6.474491674E-4,1.609035651E-3,9.997369647E-1,1.773791720E2,1.860305753E-1,-6.995607364E-2,1.773790545E2
2.486070211E2,2.286922728E-2,6.484024343E-4,1.606058911E-3,9.997369647E-1,1.773791511E2,1.856920659E-1,-7.007304863E-2,1.773790336E2
2.486120211E2,2.286724507E-2,6.501171156E-4,1.596458605E-3,9.997370243E-1,1.773793783E2,1.845965924E-1,-7.029501094E-2,1.773792612E2
2.486170211E2,2.287514305E-2,6.440316211E-4,1.597753726E-3,9.997368455E-1,1.773784730E2,1.847295650E-1,-6.959299454E-2,1.773783570E2
2.486220211E2,2.288004563E-2,6.412331713E-4,1.603262615E-3,9.997367263E-1,1.773779111E2,1.853536763E-1,-6.925705006E-2,1.773777952E2
2.486270211E2,2.287782807E-2,6.425254396E-4,1.597211580E-3,9.997367859E-1,1.773781653E2,1.846636935E-1,-6.942136946E-2,1.773780495E2
2.486320211E2,2.287526578E-2,6.443690509E-4,1.595859299E-3,9.997368455E-1,1.773784590E2,1.845134293E-1,-6.963659442E-2,1.773783430E2
2.486370211E2,2.287210650E-2,6.453790702E-4,1.603376237E-3,9.997369051E-1,1.773788211E2,1.853770106E-1,-6.973318435E-2,1.773787044E2
2.486420211E2,2.286654642E-2,6.505780038E-4,1.606247970E-3,9.997370243E-1,1.773794584E2,1.857192383E-1,-7.032228759E-2,1.773793405E2
2.486470211E2,2.286156736E-2,6.530493265E-4,1.601916854E-3,9.997371435E-1,1.773800291E2,1.852291827E-1,-7.061767784E-2,1.773799110E2
2.486520211E2,2.287461262E-2,6.437583943E-4,1.605439465E-3,9.997368455E-1,1.773785338E2,1.856093038E-1,-6.954164423E-2,1.773784173E2
2.486570211E2,2.288478530E-2,6.367565366E-4,1.611712622E-3,9.997366071E-1,1.773773678E2,1.863103111E-1,-6.872116137E-2,1.773772522E2
2.486620211E2,2.287402178E-2,6.439254503E-4,1.613769098E-3,9.997368455E-1,1.773786016E2,1.865639582E-1,-6.953905771E-2,1.773784844E2
2.486670211E2,2.287146028E-2,6.472585956E-4,1.611814485E-3,9.997369051E-1,1.773788952E2,1.863485930E-1,-6.992650870E-2,1.773787775E2
2.486720211E2,2.288190076E-2,6.400237326E-4,1.614398905E-3,9.997366667E-1,1.773776985E2,1.866264261E-1,-6.908894959E-2,1.773775820E2
2.486770211E2,2.288995182E-2,6.340504042E-4,1.613355591E-3,9.997364879E-1,1.773767756E2,1.864917885E-1,-6.840587054E-2,1.773766604E2
2.486820211E2,2.287964021E-2,6.413611700E-4,1.608986757E-3,9.997367263E-1,1.773779576E2,1.860097516E-1,-6.925678061E-2,1.773778412E2
2.486870211E2,2.287691551E-2,6.428261404E-4,1.610109350E-3,9.997367859E-1,1.773782699E2,1.861420100E-1,-6.942217366E-2,1.773781532E2
2.486920211E2,2.288450705E-2,6.371273194E-4,1.615512534E-3,9.997366071E-1,1.773773997E2,1.867465890E-1,-6.875372539E-2,1.773772837E2
2.486970211E2,2.287138248E-2,6.462559104E-4,1.613320084E-3,9.997369051E-1,1.773789041E2,1.865184435E-1,-6.980770798E-2,1.773787865E2
2.487020211E2,2.286668550E-2,6.507326034E-4,1.604204066E-3,9.997370243E-1,1.773794424E2,1.854855000E-1,-7.034532885E-2,1.773793247E2
2.487070211E2,2.287491540E-2,6.438235869E-4,1.601093332E-3,9.997368455E-1,1.773784991E2,1.851115950E-1,-6.956044949E-2,1.773783829E2
2.487120211E2,2.288786224E-2,6.360593252E-4,1.605254831E-3,9.997365475E-1,1.773770151E2,1.855688779E-1,-6.865765242E-2,1.773769000E2
2.487170211E2,2.287491258E-2,6.450764486E-4,1.600629184E-3,9.997368455E-1,1.773784994E2,1.850617057E-1,-6.970519637E-2,1.773783830E2
2.487220211E2,2.286986734E-2,6.484449259E-4,1.596901449E-3,9.997369647E-1,1.773790777E2,1.846431269E-1,-7.010179765E-2,1.773789609E2
2.487270211E2,2.287734730E-2,6.428150809E-4,1.603967045E-3,9.997367859E-1,1.773782204E2,1.854383376E-1,-6.943692939E-2,1.773781041E2
2.487320211E2,2.288011175E-2,6.411886425E-4,1.602336532E-3,9.997367263E-1,1.773779035E2,1.852474703E-1,-6.925436469E-2,1.773777877E2
2.487370211E2,2.286709272E-2,6.491065724E-4,1.599049894E-3,9.997370243E-1,1.773793958E2,1.848907960E-1,-7.017247930E-2,1.773792786E2
2.487420211E2,2.286472661E-2,6.508601946E-4,1.594901085E-3,9.997370839E-1,1.773796670E2,1.844199301E-1,-7.038468524E-2,1.773795498E2
2.487470211E2,2.287498893E-2,6.435834221E-4,1.600138959E-3,9.997368455E-1,1.773784907E2,1.850016358E-1,-6.953542404E-2,1.773783745E2
2.487520211E2,2.287792799E-2,6.416601245E-4,1.596127870E-3,9.997367859E-1,1.773781538E2,1.845372799E-1,-6.932506047E-2,1.773780383E2
2.487570211E2,2.287537595E-2,6.434779498E-4,1.594639267E-3,9.997368455E-1,1.773784463E2,1.843713317E-1,-6.953768651E-2,1.773783306E2
2.487620211E2,2.288068746E-2,6.403246080E-4,1.594441826E-3,9.997367263E-1,1.773778375E2,1.843408131E-1,-6.917597332E-2,1.773777224E2
2.487670211E2,2.288593885E-2,6.369982730E-4,1.595152309E-3,9.997366071E-1,1.773772356E2,1.844138460E-1,-6.879207204E-2,1.773771210E2
2.487720211E2,2.287561387E-2,6.446826737E-4,1.590734930E-3,9.997368455E-1,1.773784191E2,1.839272188E-1,-6.968589265E-2,1.773783034E2
2.487770211E2,2.288091885E-2,6.398083642E-4,1.591325505E-3,9.997367263E-1,1.773778110E2,1.839824640E-1,-6.912496028E-2,1.773776962E2
2.487820211E2,2.288650107E-2,6.364276633E-4,1.587294391E-3,9.997366071E-1,1.773771712E2,1.835121712E-1,-6.874720758E-2,1.773770572E2
2.487870211E2,2.287806346E-2,6.422338774E-4,1.593953930E-3,9.997367859E-1,1.773781383E2,1.842897433E-1,-6.939646495E-2,1.773780228E2
2.487920211E2,2.286491210E-2,6.508206134E-4,1.592255780E-3,9.997370839E-1,1.773796457E2,1.841167885E-1,-7.038704789E-2,1.773795287E2
2.487970211E2,2.287322549E-2,6.464401959E-4,1.586901373E-3,9.997369051E-1,1.773786928E2,1.834924805E-1,-6.989772484E-2,1.773785771E2
2.488020211E2,2.286797004E-2,6.502310280E-4,1.585993450E-3,9.997370243E-1,1.773792952E2,1.833980349E-1,-7.033535200E-2,1.773791788E2
2.488070211E2,2.287344219E-2,6.454181857E-4,1.584191574E-3,9.997369051E-1,1.773786680E2,1.831793770E-1,-6.978770510E-2,1.773785526E2
2.488120211E2,2.288379791E-2,6.381722633E-4,1.588025829E-3,9.997366667E-1,1.773774810E2,1.836003555E-1,-6.894564950E-2,1.773773667E2
2.488170211E2,2.288340580E-2,6.389351329E-4,1.593360445E-3,9.997366667E-1,1.773775259E2,1.842134721E-1,-6.901912763E-2,1.773774111E2
2.488220211E2,2.287265476E-2,6.455266266E-4,1.595476409E-3,9.997369051E-1,1.773787582E2,1.844724173E-1,-6.977069347E-2,1.773786420E2
2.488270211E2,2.287510775E-2,6.446950138E-4,1.597991562E-3,9.997368455E-1,1.773784771E2,1.847585487E-1,-6.966837682E-2,1.773783609E2
2.488320211E2,2.287518894E-2,6.449627108E-4,1.596720773E-3,9.997368455E-1,1.773784678E2,1.846136722E-1,-6.970236085E-2,1.773783516E2
2.488370211E2,2.287516844E-2,6.441552541E-4,1.597340219E-3,9.997368455E-1,1.773784701E2,1.846825188E-1,-6.960823741E-2,1.773783540E2
2.488420211E2,2.288827077E-2,6.356855738E-4,1.599567942E-3,9.997365475E-1,1.773769683E2,1.849164257E-1,-6.862967537E-2,1.773768537E2
2.488470211E2,2.287489671E-2,6.440857542E-4,1.601254800E-3,9.997368455E-1,1.773785013E2,1.851307791E-1,-6.959006394E-2,1.773783849E2
2.488520211E2,2.285630313E-2,6.564740906E-4,1.601239084E-3,9.997372627E-1,1.773806325E2,1.851601354E-1,-7.101277452E-2,1.773805138E2
2.488570211E2,2.286712647E-2,6.500586751E-4,1.598180272E-3,9.997370243E-1,1.773793919E2,1.847936681E-1,-7.028382618E-2,1.773792747E2
2.488620211E2,2.288033276E-2,6.413777592E-4,1.599101699E-3,9.997367263E-1,1.773778782E2,1.848773934E-1,-6.928447099E-2,1.773777625E2
2.488670211E2,2.287788503E-2,6.426442997E-4,1.596347662E-3,9.997367859E-1,1.773781587E2,1.845650371E-1,-6.943724068E-2,1.773780430E2
2.488720211E2,2.288095338E-2,6.404146552E-4,1.590584870E-3,9.997367263E-1,1.773778070E2,1.838992079E-1,-6.919635349E-2,1.773776921E2
2.488770211E2,2.289121500E-2,6.339568063E-4,1.595369889E-3,9.997364879E-1,1.773766308E2,1.844311562E-1,-6.844209334E-2,1.773765168E2
2.488820211E2,2.287233725E-2,6.454332615E-4,1.600059331E-3,9.997369051E-1,1.773787946E2,1.849971781E-1,-6.974804374E-2,1.773786781E2
2.488870211E2,2.286710945E-2,6.494050031E-4,1.598689356E-3,9.997370243E-1,1.773793939E2,1.848502754E-1,-7.020760965E-2,1.773792767E2
2.488920211E2,2.287270164E-2,6.459340802E-4,1.594639150E-3,9.997369051E-1,1.773787529E2,1.843775707E-1,-6.981955787E-2,1.773786367E2
2.488970211E2,2.287525058E-2,6.437027478E-4,1.596346032E-3,9.997368455E-1,1.773784607E2,1.845674423E-1,-6.955898864E-2,1.773783448E2
2.489020211E2,2.287529017E-2,6.439816207E-4,1.595666166E-3,9.997368455E-1,1.773784562E2,1.844902896E-1,-6.959271164E-2,1.773783402E2
2.489070211E2,2.287583445E-2,6.446243497E-4,1.587583334E-3,9.997368455E-1,1.773783938E2,1.835660289E-1,-6.968743228E-2,1.773782783E2
2.489120211E2,2.288128372E-2,6.398191326E-4,1.586066093E-3,9.997367263E-1,1.773777692E2,1.833799900E-1,-6.913991759E-2,1.773776547E2
2.489170211E2,2.288623170E-2,6.369902985E-4,1.590948319E-3,9.997366071E-1,1.773772020E2,1.839322288E-1,-6.880213020E-2,1.773770877E2
2.489220211E2,2.287812531E-2,6.420436548E-4,1.593142515E-3,9.997367859E-1,1.773781312E2,1.841962917E-1,-6.937678871E-2,1.773780158E2
2.489270211E2,2.287045173E-2,6.472187233E-4,1.589010004E-3,9.997369647E-1,1.773790108E2,1.837358957E-1,-6.998189671E-2,1.773788947E2
2.489320211E2,2.287583105E-2,6.431053625E-4,1.588248182E-3,9.997368455E-1,1.773783942E2,1.836382125E-1,-6.951167265E-2,1.773782789E2
2.489370211E2,2.287828435E-2,6.425812026E-4,1.590639935E-3,9.997367859E-1,1.773781130E2,1.839110121E-1,-6.944490285E-2,1.773779977E2
2.489420211E2,2.287309790E-2,6.451825611E-4,1.589250518E-3,9.997369051E-1,1.773787075E2,1.837582970E-1,-6.974751427E-2,1.773785917E2
2.489470211E2,2.287110308E-2,6.479904987E-4,1.579290838E-3,9.997369647E-1,1.773789361E2,1.826245192E-1,-7.009566621E-2,1.773788206E2
2.489520211E2,2.286835860E-2,6.490197848E-4,1.580878743E-3,9.997370243E-1,1.773792507E2,1.828089376E-1,-7.020992274E-2,1.773791348E2
2.489570211E2,2.287349408E-2,6.455074181E-4,1.583405770E-3,9.997369051E-1,1.773786620E2,1.830895915E-1,-6.979997795E-2,1.773785467E2
2.489620211E2,2.286565602E-2,6.509746891E-4,1.581473392E-3,9.997370839E-1,1.773795605E2,1.828819949E-1,-7.043281545E-2,1.773794442E2
2.489670211E2,2.286568670E-2,6.504197954E-4,1.581258024E-3,9.997370839E-1,1.773795569E2,1.828558699E-1,-7.036980475E-2,1.773794408E2
2.489720211E2,2.288088676E-2,6.408566260E-4,1.591365086E-3,9.997367263E-1,1.773778147E2,1.839897451E-1,-6.924495276E-2,1.773776996E2
2.489770211E2,2.288558054E-2,6.377116079E-4,1.600000542E-3,9.997366071E-1,1.773772767E2,1.849711143E-1,-6.886114375E-2,1.773771616E2
2.489820211E2,2.287215185E-2,6.460055592E-4,1.602476696E-3,9.997369051E-1,1.773788159E2,1.852756029E-1,-6.980730520E-2,1.773786991E2
2.489870211E2,2.287184053E-2,6.458134158E-4,1.606991282E-3,9.997369051E-1,1.773788516E2,1.857922766E-1,-6.977351775E-2,1.773787345E2
2.489920211E2,2.288743027E-2,6.358482642E-4,1.611485379E-3,9.997365475E-1,1.773770647E2,1.862820771E-1,-6.861721152E-2,1.773769492E2
2.489970211E2,2.288457945E-2,6.379045080E-4,1.614179695E-3,9.997366071E-1,1.773773914E2,1.865959400E-1,-6.884624307E-2,1.773772754E2
2.490020211E2,2.288178020E-2,6.400516722E-4,1.616095775E-3,9.997366667E-1,1.773777123E2,1.868208874E-1,-6.908772341E-2,1.773775957E2
2.490070211E2,2.288687311E-2,6.364606088E-4,1.619138638E-3,9.997365475E-1,1.773771285E2,1.871604159E-1,-6.866739371E-2,1.773770124E2
2.490120211E2,2.287343109E-2,6.449286593E-4,1.621721429E-3,9.997368455E-1,1.773786693E2,1.874775802E-1,-6.963325218E-2,1.773785513E2
2.490170211E2,2.286583559E-2,6.508532097E-4,1.616224647E-3,9.997370243E-1,1.773795399E2,1.868628557E-1,-7.032780519E-2,1.773794212E2
2.490220211E2,2.287406756E-2,6.451790687E-4,1.612619031E-3,9.997368455E-1,1.773785963E2,1.864354941E-1,-6.968568016E-2,1.773784790E2
2.490270211E2,2.287656629E-2,6.427438930E-4,1.615096233E-3,9.997367859E-1,1.773783099E2,1.867130763E-1,-6.939974278E-2,1.773781929E2
2.490320211E2,2.286590770E-2,6.496428396E-4,1.615691348E-3,9.997370243E-1,1.773795316E2,1.867985932E-1,-7.019052738E-2,1.773794132E2
2.490370211E2,2.286847087E-2,6.479445146E-4,1.616977155E-3,9.997369647E-1,1.773792378E2,1.869416264E-1,-6.999211623E-2,1.773791196E2
2.490420211E2,2.286840852E-2,6.478073192E-4,1.617913716E-3,9.997369647E-1,1.773792450E2,1.870485566E-1,-6.997395618E-2,1.773791268E2
2.490470211E2,2.286826061E-2,6.483226316E-4,1.619796851E-3,9.997369647E-1,1.773792619E2,1.872656321E-1,-7.002808379E-2,1.773791435E2
2.490520211E2,2.287066205E-2,6.475569098E-4,1.622982672E-3,9.997369051E-1,1.773789867E2,1.876287667E-1,-6.993156203E-2,1.773788681E2
2.490570211E2,2.286590185E-2,6.494408590E-4,1.615855377E-3,9.997370243E-1,1.773795323E2,1.868168550E-1,-7.016695947E-2,1.773794139E2
2.490620211E2,2.287129593E-2,6.467011408E-4,1.614368404E-3,9.997369051E-1,1.773789140E2,1.866397019E-1,-6.985598274E-2,1.773787963E2
2.490670211E2,2.287927866E-2,6.415747921E-4,1.614034874E-3,9.997367263E-1,1.773779990E2,1.865886080E-1,-6.926808512E-2,1.773778823E2
2.490720211E2,2.287883904E-2,6.410692586E-4,1.620454714E-3,9.997367263E-1,1.773780494E2,1.873227201E-1,-6.919342071E-2,1.773779323E2
2.490770211E2,2.287669849E-2,6.425956381E-4,1.613281784E-3,9.997367859E-1,1.773782947E2,1.865048303E-1,-6.938749055E-2,1.773781779E2
2.490820211E2,2.288220383E-2,6.393495714E-4,1.610365463E-3,9.997366667E-1,1.773776637E2,1.861626009E-1,-6.902223676E-2,1.773775476E2
2.490870211E2,2.289240938E-2,6.316322833E-4,1.616366906E-3,9.997364283E-1,1.773764939E2,1.868305939E-1,-6.812048894E-2,1.773763789E2
2.490920211E2,2.288435283E-2,6.376107922E-4,1.617505099E-3,9.997366071E-1,1.773774174E2,1.869761182E-1,-6.880391608E-2,1.773773012E2
2.490970211E2,2.287677937E-2,6.428358611E-4,1.612038701E-3,9.997367859E-1,1.773782855E2,1.863630559E-1,-6.941825463E-2,1.773781686E2
2.491020211E2,2.288693637E-2,6.353387726E-4,1.618684852E-3,9.997365475E-1,1.773771213E2,1.871054910E-1,-6.854005291E-2,1.773770054E2
2.491070211E2,2.288443897E-2,6.372219068E-4,1.616439316E-3,9.997366071E-1,1.773774075E2,1.868530063E-1,-6.876214371E-2,1.773772914E2
2.491120211E2,2.286638257E-2,6.503402255E-4,1.608674997E-3,9.997370243E-1,1.773794772E2,1.859966482E-1,-7.028871798E-2,1.773793591E2
2.491170211E2,2.286425768E-2,6.509041414E-4,1.601591706E-3,9.997370839E-1,1.773797207E2,1.851865020E-1,-7.037227577E-2,1.773796031E2
2.491220211E2,2.287506463E-2,6.441294099E-4,1.598836621E-3,9.997368455E-1,1.773784820E2,1.848538743E-1,-6.960137315E-2,1.773783658E2
2.491270211E2,2.286949766E-2,6.471864181E-4,1.602695789E-3,9.997369647E-1,1.773791201E2,1.853036124E-1,-6.994250380E-2,1.773790031E2
2.491320211E2,2.286420412E-2,6.516933208E-4,1.602035365E-3,9.997370839E-1,1.773797269E2,1.852393925E-1,-7.046153279E-2,1.773796090E2
2.491370211E2,2.286970210E-2,6.487602368E-4,1.599138253E-3,9.997369647E-1,1.773790967E2,1.849001940E-1,-7.013208844E-2,1.773789796E2
2.491420211E2,2.286414110E-2,6.521575851E-4,1.602745615E-3,9.997370839E-1,1.773797341E2,1.853219721E-1,-7.051287030E-2,1.773796161E2
2.491470211E2,2.285358207E-2,6.584234070E-4,1.602062606E-3,9.997373223E-1,1.773809444E2,1.852593920E-1,-7.123443832E-2,1.773808253E2
2.491520211E2,2.286191499E-2,6.531062536E-4,1.596924732E-3,9.997371435E-1,1.773799893E2,1.846574499E-1,-7.063721396E-2,1.773798715E2
2.491570211E2,2.286444424E-2,6.512072287E-4,1.598802744E-3,9.997370839E-1,1.773796993E2,1.848678008E-1,-7.041427096E-2,1.773795818E2
2.491620211E2,2.286389288E-2,6.524049677E-4,1.606182312E-3,9.997370839E-1,1.773797625E2,1.857163171E-1,-7.053225222E-2,1.773796443E2
2.491670211E2,2.285583323E-2,6.577548338E-4,1.607408980E-3,9.997372627E-1,1.773806864E2,1.858702915E-1,-7.114342516E-2,1.773805670E2
2.491720211E2,2.285341392E-2,6.597444881E-4,1.603916753E-3,9.997373223E-1,1.773809637E2,1.854752546E-1,-7.138095863E-2,1.773808442E2
2.491770211E2,2.285601850E-2,6.567578530E-4,1.605180674E-3,9.997372627E-1,1.773806651E2,1.856124143E-1,-7.103501155E-2,1.773805461E2
2.491820211E2,2.285874944E-2,6.554937572E-4,1.603931887E-3,9.997372031E-1,1.773803521E2,1.854662334E-1,-7.089295908E-2,1.773802334E2
2.491870211E2,2.285875245E-2,6.553967833E-4,1.603928627E-3,9.997372031E-1,1.773803517E2,1.854656061E-1,-7.088185758E-2,1.773802331E2
2.491920211E2,2.285862445E-2,6.553410203E-4,1.605774509E-3,9.997372031E-1,1.773803664E2,1.856769185E-1,-7.087065770E-2,1.773802476E2
2.491970211E2,2.284812843E-2,6.625225651E-4,1.603768906E-3,9.997374415E-1,1.773815695E2,1.854652141E-1,-7.170058702E-2,1.773814495E2
2.492020211E2,2.284549805E-2,6.650313735E-4,1.603046316E-3,9.997375011E-1,1.773818710E2,1.853888129E-1,-7.199037965E-2,1.773817506E2
2.492070211E2,2.284827351E-2,6.628142437E-4,1.601579948E-3,9.997374415E-1,1.773815529E2,1.852152173E-1,-7.173970669E-2,1.773814330E2
2.492120211E2,2.284327866E-2,6.665709079E-4,1.596850227E-3,9.997375607E-1,1.773821254E2,1.846828481E-1,-7.218338256E-2,1.773820051E2
2.492170211E2,2.285120859E-2,6.611057906E-4,1.597612747E-3,9.997373819E-1,1.773812164E2,1.847564637E-1,-7.155382880E-2,1.773810972E2
2.492220211E2,2.285660010E-2,6.574259605E-4,1.596602728E-3,9.997372627E-1,1.773805985E2,1.846315005E-1,-7.113391114E-2,1.773804799E2
2.492270211E2,2.285400964E-2,6.583012873E-4,1.596002025E-3,9.997373223E-1,1.773808954E2,1.845647912E-1,-7.123624154E-2,1.773807767E2
2.492320211E2,2.286750844E-2,6.503633340E-4,1.592581044E-3,9.997370243E-1,1.773793481E2,1.841530357E-1,-7.033333077E-2,1.773792312E2
2.492370211E2,2.287518672E-2,6.449937937E-4,1.596739981E-3,9.997368455E-1,1.773784680E2,1.846159541E-1,-6.970587181E-2,1.773783518E2
2.492420211E2,2.286444424E-2,6.511011743E-4,1.598845934E-3,9.997370839E-1,1.773796993E2,1.848724708E-1,-7.040200805E-2,1.773795819E2
2.492470211E2,2.285670537E-2,6.575186271E-4,1.595056849E-3,9.997372627E-1,1.773805864E2,1.844546520E-1,-7.114855686E-2,1.773804680E2
2.492520211E2,2.285929458E-2,6.558016175E-4,1.596017159E-3,9.997372031E-1,1.773802896E2,1.845603528E-1,-7.094886034E-2,1.773801714E2
2.492570211E2,2.286212394E-2,6.539762253E-4,1.593573834E-3,9.997371435E-1,1.773799653E2,1.842758591E-1,-7.074561973E-2,1.773798476E2
2.492620211E2,2.285965639E-2,6.554242573E-4,1.590982196E-3,9.997372031E-1,1.773802481E2,1.839825754E-1,-7.091875242E-2,1.773801304E2
2.492670211E2,2.285679529E-2,6.560769980E-4,1.594361849E-3,9.997372627E-1,1.773805761E2,1.843712615E-1,-7.098520551E-2,1.773804580E2
2.492720211E2,2.285928428E-2,6.557677407E-4,1.596178627E-3,9.997372031E-1,1.773802908E2,1.845787614E-1,-7.094455828E-2,1.773801726E2
2.492770211E2,2.286453038E-2,6.514131674E-4,1.597486436E-3,9.997370839E-1,1.773796895E2,1.847175479E-1,-7.044129666E-2,1.773795720E2
2.492820211E2,2.285923919E-2,6.558719324E-4,1.596781542E-3,9.997372031E-1,1.773802960E2,1.846481022E-1,-7.095492357E-2,1.773801777E2
2.492870211E2,2.285398869E-2,6.582228816E-4,1.596334274E-3,9.997373223E-1,1.773808978E2,1.846026474E-1,-7.122639297E-2,1.773807791E2
2.492920211E2,2.287484519E-2,6.448059576E-4,1.601700904E-3,9.997368455E-1,1.773785072E2,1.851837700E-1,-6.967141161E-2,1.773783907E2
2.492970211E2,2.286960501E-2,6.481909659E-4,1.600756776E-3,9.997369647E-1,1.773791078E2,1.850841159E-1,-7.006264810E-2,1.773789907E2
2.493020211E2,2.284576971E-2,6.650779978E-4,1.599150826E-3,9.997375011E-1,1.773818398E2,1.849426800E-1,-7.200586924E-2,1.773817197E2
2.493070211E2,2.285331563E-2,6.585865631E-4,1.605791971E-3,9.997373223E-1,1.773809749E2,1.856870432E-1,-7.124341219E-2,1.773808555E2
2.493120211E2,2.285581273E-2,6.572558777E-4,1.607904444E-3,9.997372627E-1,1.773806887E2,1.859257442E-1,-7.108497009E-2,1.773805694E2
2.493170211E2,2.284037095E-2,6.680133520E-4,1.600519405E-3,9.997376204E-1,1.773824587E2,1.851067619E-1,-7.233956446E-2,1.773823379E2
2.493220211E2,2.284605745E-2,6.633821176E-4,1.595740789E-3,9.997375011E-1,1.773818069E2,1.845476001E-1,-7.182046118E-2,1.773816873E2
2.493270211E2,2.286120163E-2,6.528368685E-4,1.607214217E-3,9.997371435E-1,1.773800710E2,1.858354758E-1,-7.057952795E-2,1.773799526E2
2.493320211E2,2.284768941E-2,6.625364767E-4,1.610005391E-3,9.997374415E-1,1.773816198E2,1.861796824E-1,-7.168593336E-2,1.773814994E2
2.493370211E2,2.284849379E-2,6.627974217E-4,1.598441275E-3,9.997374415E-1,1.773815276E2,1.848556168E-1,-7.174595693E-2,1.773814080E2
2.493420211E2,2.285618440E-2,6.576812593E-4,1.602438046E-3,9.997372627E-1,1.773806461E2,1.853006444E-1,-7.114795118E-2,1.773805271E2
2.493470211E2,2.284006735E-2,6.675024051E-4,1.605058787E-3,9.997376204E-1,1.773824935E2,1.856254427E-1,-7.226920443E-2,1.773823724E2
2.493520211E2,2.283770607E-2,6.706600543E-4,1.600208692E-3,9.997376800E-1,1.773827641E2,1.850779007E-1,-7.264408135E-2,1.773826428E2
2.493570211E2,2.283544120E-2,6.719095982E-4,1.594758942E-3,9.997377396E-1,1.773830237E2,1.844566726E-1,-7.280191162E-2,1.773829026E2
2.493620211E2,2.283254373E-2,6.736390060E-4,1.598146628E-3,9.997377992E-1,1.773833558E2,1.848490868E-1,-7.299170584E-2,1.773832341E2
2.493670211E2,2.283013416E-2,6.757171359E-4,1.594402129E-3,9.997378588E-1,1.773836320E2,1.844253714E-1,-7.324002178E-2,1.773835102E2
2.493720211E2,2.283004380E-2,6.749551976E-4,1.596017857E-3,9.997378588E-1,1.773836424E2,1.846084720E-1,-7.314852245E-2,1.773835206E2
2.493770211E2,2.281654570E-2,6.836755783E-4,1.598648494E-3,9.997381568E-1,1.773851895E2,1.849316586E-1,-7.414315734E-2,1.773850659E2
2.493820211E2,2.281657021E-2,6.847369950E-4,1.597844297E-3,9.997381568E-1,1.773851867E2,1.848423056E-1,-7.426685314E-2,1.773850630E2
2.493870211E2,2.283258605E-2,6.739821984E-4,1.597397146E-3,9.997377992E-1,1.773833510E2,1.847641259E-1,-7.303297572E-2,1.773832293E2
2.493920211E2,2.282736388E-2,6.770437467E-4,1.596129499E-3,9.997379184E-1,1.773839496E2,1.846265299E-1,-7.338799272E-2,1.773838274E2
2.493970211E2,2.281639603E-2,6.847122568E-4,1.600340125E-3,9.997381568E-1,1.773852067E2,1.851281549E-1,-7.425752546E-2,1.773850828E2
2.494020211E2,2.281627216E-2,6.845979951E-4,1.602153992E-3,9.997381568E-1,1.773852209E2,1.853356471E-1,-7.423971572E-2,1.773850969E2
2.494070211E2,2.280827003E-2,6.905178307E-4,1.601972617E-3,9.997383356E-1,1.773861381E2,1.853297487E-1,-7.491985919E-2,1.773860130E2
2.494120211E2,2.280581762E-2,6.910611410E-4,1.599453622E-3,9.997383952E-1,1.773864192E2,1.850424039E-1,-7.498913968E-2,1.773862942E2
2.494170211E2,2.279272601E-2,7.007432287E-4,1.595570124E-3,9.997386932E-1,1.773879198E2,1.846218124E-1,-7.611090247E-2,1.773877932E2
2.494220211E2,2.279519556E-2,6.989210378E-4,1.598433941E-3,9.997386336E-1,1.773876367E2,1.849453245E-1,-7.589421217E-2,1.773875103E2
2.494270211E2,2.281096918E-2,6.881313166E-4,1.601765049E-3,9.997382760E-1,1.773858287E2,1.852999324E-1,-7.464649853E-2,1.773857041E2
2.494320211E2,2.279738396E-2,6.967802765E-4,1.605422702E-3,9.997385740E-1,1.773873859E2,1.857405437E-1,-7.563029992E-2,1.773872593E2
2.494370211E2,2.279220054E-2,7.009043475E-4,1.602988457E-3,9.997386932E-1,1.773879800E2,1.854720524E-1,-7.611008142E-2,1.773878528E2
2.494420211E2,2.281091067E-2,6.883576862E-4,1.602500910E-3,9.997382760E-1,1.773858354E2,1.853848215E-1,-7.467051905E-2,1.773857107E2
2.494470211E2,2.280294563E-2,6.930032396E-4,1.602302655E-3,9.997384548E-1,1.773867484E2,1.853736548E-1,-7.520471628E-2,1.773866228E2
2.494520211E2,2.277629433E-2,7.130191661E-4,1.600685995E-3,9.997390509E-1,1.773898032E2,1.852386907E-1,-7.750693625E-2,1.773896739E2
2.494570211E2,2.279517892E-2,6.999357138E-4,1.598227303E-3,9.997386336E-1,1.773876386E2,1.849243013E-1,-7.601099799E-2,1.773875120E2
2.494620211E2,2.279754538E-2,6.972136907E-4,1.602940494E-3,9.997385740E-1,1.773873674E2,1.854573217E-1,-7.568640744E-2,1.773872409E2
2.494670211E2,2.278158115E-2,7.084512617E-4,1.601932803E-3,9.997389317E-1,1.773891972E2,1.853700108E-1,-7.697939477E-2,1.773890687E2
2.494720211E2,2.277964953E-2,7.096583722E-4,1.591636217E-3,9.997389913E-1,1.773894186E2,1.841934155E-1,-7.714492066E-2,1.773892907E2
2.494770211E2,2.278497414E-2,7.056836621E-4,1.592065906E-3,9.997388721E-1,1.773888083E2,1.842326731E-1,-7.668746821E-2,1.773886811E2
2.494820211E2,2.277649197E-2,7.112604799E-4,1.598654781E-3,9.997390509E-1,1.773897806E2,1.850014150E-1,-7.731072326E-2,1.773896517E2
2.494870211E2,2.278498492E-2,7.066777907E-4,1.591470558E-3,9.997388721E-1,1.773888071E2,1.841670657E-1,-7.680290979E-2,1.773886797E2
2.494920211E2,2.279280013E-2,7.002057973E-4,1.594747067E-3,9.997386932E-1,1.773879113E2,1.845261231E-1,-7.605146958E-2,1.773877849E2
2.494970211E2,2.279490900E-2,6.997088203E-4,1.602171455E-3,9.997386336E-1,1.773876696E2,1.853755379E-1,-7.597475158E-2,1.773875427E2
2.495020211E2,2.280018981E-2,6.955725839E-4,1.603216166E-3,9.997385144E-1,1.773870643E2,1.854848150E-1,-7.549718871E-2,1.773869381E2
2.495070211E2,2.279796515E-2,6.981563056E-4,1.596547314E-3,9.997385740E-1,1.773873193E2,1.847274009E-1,-7.581101980E-2,1.773871931E2
2.495120211E2,2.278470855E-2,7.059433847E-4,1.595747424E-3,9.997388721E-1,1.773888388E2,1.846550931E-1,-7.670765872E-2,1.773887112E2
2.495170211E2,2.279548139E-2,6.986662629E-4,1.594464178E-3,9.997386336E-1,1.773876040E2,1.844898966E-1,-7.587534207E-2,1.773874779E2
2.495220211E2,2.279815101E-2,6.974500138E-4,1.594200265E-3,9.997385740E-1,1.773872980E2,1.844566869E-1,-7.573620343E-2,1.773871721E2
2.495270211E2,2.278718552E-2,7.044227677E-4,1.598390634E-3,9.997388124E-1,1.773885549E2,1.849541234E-1,-7.652609445E-2,1.773884274E2
2.495320211E2,2.279751383E-2,6.966108340E-4,1.603651093E-3,9.997385740E-1,1.773873710E2,1.855371518E-1,-7.561549256E-2,1.773872446E2
2.495370211E2,2.279717986E-2,6.966994843E-4,1.608353457E-3,9.997385740E-1,1.773874093E2,1.860760704E-1,-7.561342556E-2,1.773872825E2
2.495420211E2,2.277604599E-2,7.116780034E-4,1.604811172E-3,9.997390509E-1,1.773898317E2,1.857077593E-1,-7.734256935E-2,1.773897023E2
2.495470211E2,2.279255044E-2,7.001839695E-4,1.598321367E-3,9.997386932E-1,1.773879399E2,1.849355261E-1,-7.603967908E-2,1.773878132E2
2.495520211E2,2.279481754E-2,6.992770359E-4,1.603660523E-3,9.997386336E-1,1.773876801E2,1.855449936E-1,-7.592141282E-2,1.773875531E2
2.495570211E2,2.278114510E-2,7.081475924E-4,1.608255669E-3,9.997389317E-1,1.773892472E2,1.860935447E-1,-7.692817990E-2,1.773891182E2
2.495620211E2,2.279219778E-2,7.007193053E-4,1.603108482E-3,9.997386932E-1,1.773879803E2,1.854853191E-1,-7.608856970E-2,1.773878532E2
2.495670211E2,2.279461584E-2,6.987007218E-4,1.606775797E-3,9.997386336E-1,1.773877032E2,1.859003647E-1,-7.584728904E-2,1.773875761E2
2.495720211E2,2.279156868E-2,7.018282195E-4,1.611545333E-3,9.997386932E-1,1.773880524E2,1.864547105E-1,-7.619368965E-2,1.773879244E2
2.495770211E2,2.281090952E-2,6.886019255E-4,1.602412318E-3,9.997382760E-1,1.773858356E2,1.853753107E-1,-7.469873130E-2,1.773857108E2
2.495820211E2,2.280587977E-2,6.913345424E-4,1.598449075E-3,9.997383952E-1,1.773864121E2,1.849280402E-1,-7.502307486E-2,1.773862871E2
2.495870211E2,2.279773347E-2,6.977212033E-4,1.600041986E-3,9.997385740E-1,1.773873458E2,1.851266030E-1,-7.575208655E-2,1.773872195E2
2.495920211E2,2.282145506E-2,6.812424399E-4,1.604151214E-3,9.997380376E-1,1.773846268E2,1.855560610E-1,-7.384911390E-2,1.773845033E2
2.495970211E2,2.282409863E-2,6.790577318E-4,1.604613266E-3,9.997379780E-1,1.773843238E2,1.856034751E-1,-7.359713110E-2,1.773842006E2
2.496020211E2,2.280295398E-2,6.945664063E-4,1.601506723E-3,9.997384548E-1,1.773867474E2,1.852865571E-1,-7.538587355E-2,1.773866216E2
2.496070211E2,2.281927325E-2,6.825357559E-4,1.597478753E-3,9.997380972E-1,1.773848769E2,1.847948722E-1,-7.401513183E-2,1.773847536E2
2.496120211E2,2.283732652E-2,6.697592326E-4,1.605992438E-3,9.997376800E-1,1.773828076E2,1.857381122E-1,-7.252581550E-2,1.773826861E2
2.496170211E2,2.281342282E-2,6.872082595E-4,1.604416757E-3,9.997382164E-1,1.773855475E2,1.856014870E-1,-7.453336435E-2,1.773854228E2
2.496220211E2,2.281915464E-2,6.822319701E-4,1.599301817E-3,9.997380972E-1,1.773848905E2,1.850029227E-1,-7.397558424E-2,1.773847671E2
2.496270211E2,2.283227811E-2,6.739046657E-4,1.601825352E-3,9.997377992E-1,1.773833863E2,1.852712042E-1,-7.301256393E-2,1.773832643E2
2.496320211E2,2.282436930E-2,6.786684389E-4,1.600923599E-3,9.997379780E-1,1.773842928E2,1.851797813E-1,-7.356213357E-2,1.773841700E2
2.496370211E2,2.282742571E-2,6.776785594E-4,1.594975358E-3,9.997379184E-1,1.773839425E2,1.844959746E-1,-7.346372563E-2,1.773838203E2
2.496420211E2,2.283010069E-2,6.743316189E-4,1.595467562E-3,9.997378588E-1,1.773836359E2,1.845438017E-1,-7.307851351E-2,1.773835142E2
2.496470211E2,2.283245491E-2,6.731674075E-4,1.599613694E-3,9.997377992E-1,1.773833660E2,1.850159161E-1,-7.293385659E-2,1.773832443E2
2.496520211E2,2.283801745E-2,6.694924086E-4,1.596248825E-3,9.997376800E-1,1.773827284E2,1.846212172E-1,-7.252062006E-2,1.773826077E2
2.496570211E2,2.282762010E-2,6.762336125E-4,1.592805027E-3,9.997379184E-1,1.773839202E2,1.842435714E-1,-7.330383190E-2,1.773837984E2
2.496620211E2,2.283525255E-2,6.724627456E-4,1.597225200E-3,9.997377396E-1,1.773830453E2,1.847406457E-1,-7.285886202E-2,1.773829239E2
2.496670211E2,2.284872389E-2,6.615062011E-4,1.595684676E-3,9.997374415E-1,1.773815012E2,1.845364510E-1,-7.160520807E-2,1.773813820E2
2.496720211E2,2.283525356E-2,6.711303140E-4,1.597771072E-3,9.997377396E-1,1.773830452E2,1.847996948E-1,-7.270478794E-2,1.773829240E2
2.496770211E2,2.283767792E-2,6.707141292E-4,1.600587857E-3,9.997376800E-1,1.773827673E2,1.851214780E-1,-7.264928914E-2,1.773826460E2
2.496820211E2,2.286173205E-2,6.532919360E-4,1.599465730E-3,9.997371435E-1,1.773800102E2,1.849490247E-1,-7.065186269E-2,1.773798923E2
2.496870211E2,2.285846081E-2,6.551947445E-4,1.608161838E-3,9.997372031E-1,1.773803852E2,1.859500204E-1,-7.084767689E-2,1.773802663E2
2.496920211E2,2.284273369E-2,6.661478546E-4,1.604802790E-3,9.997375607E-1,1.773821878E2,1.855927617E-1,-7.211420011E-2,1.773820671E2
2.496970211E2,2.285362044E-2,6.581806811E-4,1.601614989E-3,9.997373223E-1,1.773809400E2,1.852074791E-1,-7.120779645E-2,1.773808210E2
2.497020211E2,2.286123895E-2,6.533061387E-4,1.606492558E-3,9.997371435E-1,1.773800667E2,1.857540334E-1,-7.063517192E-2,1.773799483E2
2.497070211E2,2.285325638E-2,6.592685822E-4,1.606355305E-3,9.997373223E-1,1.773809817E2,1.857533619E-1,-7.132008101E-2,1.773808622E2
2.497120211E2,2.286122529E-2,6.537626032E-4,1.606501173E-3,9.997371435E-1,1.773800683E2,1.857562153E-1,-7.068744513E-2,1.773799498E2
2.497170211E2,2.286912483E-2,6.479438744E-4,1.607701881E-3,9.997369647E-1,1.773791628E2,1.858790784E-1,-7.001622858E-2,1.773790453E2
2.497220211E2,2.286375193E-2,6.512394175E-4,1.608659746E-3,9.997370839E-1,1.773797787E2,1.859970724E-1,-7.039226010E-2,1.773796605E2
2.497270211E2,2.286674009E-2,6.506590289E-4,1.603455632E-3,9.997370243E-1,1.773794362E2,1.853995690E-1,-7.033885116E-2,1.773793185E2
2.497320211E2,2.286415593E-2,6.513386033E-4,1.602867153E-3,9.997370839E-1,1.773797324E2,1.853337507E-1,-7.041872534E-2,1.773796146E2
2.497370211E2,2.287239559E-2,6.461022422E-4,1.598955016E-3,9.997369051E-1,1.773787880E2,1.848724234E-1,-6.982756686E-2,1.773786714E2
2.497420211E2,2.287535155E-2,6.440250436E-4,1.594768371E-3,9.997368455E-1,1.773784491E2,1.843875547E-1,-6.960002842E-2,1.773783333E2
2.497470211E2,2.286197394E-2,6.528933882E-4,1.596167684E-3,9.997371435E-1,1.773799825E2,1.845701674E-1,-7.061480030E-2,1.773798649E2
2.497520211E2,2.286202194E-2,6.528958911E-4,1.595478971E-3,9.997371435E-1,1.773799770E2,1.844912771E-1,-7.061688255E-2,1.773798594E2
2.497570211E2,2.287521455E-2,6.437937845E-4,1.596825547E-3,9.997368455E-1,1.773784648E2,1.846226126E-1,-6.956816759E-2,1.773783489E2
2.497620211E2,2.286696687E-2,6.495495909E-4,1.600668882E-3,9.997370243E-1,1.773794102E2,1.850774224E-1,-7.021901289E-2,1.773792929E2
2.497670211E2,2.286709042E-2,6.494617555E-4,1.598938485E-3,9.997370243E-1,1.773793960E2,1.848789634E-1,-7.021346197E-2,1.773792789E2
2.497720211E2,2.286942207E-2,6.480848533E-4,1.603411161E-3,9.997369647E-1,1.773791288E2,1.853879162E-1,-7.004356904E-2,1.773790115E2
2.497770211E2,2.286143448E-2,6.538196467E-4,1.603498356E-3,9.997371435E-1,1.773800443E2,1.854123714E-1,-7.070180818E-2,1.773799260E2
2.497820211E2,2.287198101E-2,6.454179529E-4,1.605149708E-3,9.997369051E-1,1.773788355E2,1.855802758E-1,-6.973301372E-2,1.773787186E2
2.497870211E2,2.288294679E-2,6.395892124E-4,1.599677606E-3,9.997366667E-1,1.773775786E2,1.849388609E-1,-6.907757892E-2,1.773774632E2
2.497920211E2,2.286728912E-2,6.491072127E-4,1.596238581E-3,9.997370243E-1,1.773793733E2,1.845687423E-1,-7.017988343E-2,1.773792563E2
2.497970211E2,2.286961836E-2,6.471594679E-4,1.600983436E-3,9.997369647E-1,1.773791063E2,1.851073799E-1,-6.994388169E-2,1.773789894E2
2.498020211E2,2.288257815E-2,6.383932196E-4,1.605418394E-3,9.997366667E-1,1.773776208E2,1.855933738E-1,-6.892557858E-2,1.773775053E2
2.498070211E2,2.286929048E-2,6.482917233E-4,1.605203375E-3,9.997369647E-1,1.773791439E2,1.855937684E-1,-7.006259583E-2,1.773790265E2
2.498120211E2,2.287723630E-2,6.417458062E-4,1.605977188E-3,9.997367859E-1,1.773782331E2,1.856658120E-1,-6.930918242E-2,1.773781169E2
2.498170211E2,2.289280997E-2,6.317353691E-4,1.610642881E-3,9.997364283E-1,1.773764480E2,1.861751375E-1,-6.814724037E-2,1.773763334E2
2.498220211E2,2.286859873E-2,6.475819973E-4,1.615313231E-3,9.997369647E-1,1.773792232E2,1.867500631E-1,-6.995492240E-2,1.773791052E2
2.498270211E2,2.285583953E-2,6.566328229E-4,1.607778016E-3,9.997372627E-1,1.773806856E2,1.859096304E-1,-7.101391816E-2,1.773805665E2
2.498320211E2,2.287731911E-2,6.423476152E-4,1.604556222E-3,9.997367859E-1,1.773782236E2,1.855046073E-1,-6.938183644E-2,1.773781074E2
2.498370211E2,2.287677128E-2,6.427219487E-4,1.612198888E-3,9.997367859E-1,1.773782864E2,1.863811081E-1,-6.940478622E-2,1.773781696E2
2.498420211E2,2.286070762E-2,6.532688858E-4,1.614050940E-3,9.997371435E-1,1.773801276E2,1.866198002E-1,-7.061120170E-2,1.773800087E2
2.498470211E2,2.286615610E-2,6.509299274E-4,1.611652784E-3,9.997370243E-1,1.773795031E2,1.863393184E-1,-7.034851424E-2,1.773793848E2
2.498520211E2,2.286050366E-2,6.536209257E-4,1.616794849E-3,9.997371435E-1,1.773801510E2,1.869350553E-1,-7.064438165E-2,1.773800318E2
2.498570211E2,2.286290298E-2,6.518843584E-4,1.620421419E-3,9.997370839E-1,1.773798760E2,1.873461411E-1,-7.043548762E-2,1.773797569E2
2.498620211E2,2.286090721E-2,6.530942046E-4,1.611292362E-3,9.997371435E-1,1.773801048E2,1.863033289E-1,-7.059837960E-2,1.773799860E2
2.498670211E2,2.286112003E-2,6.530450773E-4,1.608289895E-3,9.997371435E-1,1.773800804E2,1.859592471E-1,-7.060057775E-2,1.773799619E2
2.498720211E2,2.287391802E-2,6.439150311E-4,1.615243265E-3,9.997368455E-1,1.773786134E2,1.867328069E-1,-6.953401923E-2,1.773784962E2
2.498770211E2,2.287398934E-2,6.450818619E-4,1.613767119E-3,9.997368455E-1,1.773786053E2,1.865667608E-1,-6.967154913E-2,1.773784879E2
2.498820211E2,2.286908762E-2,6.480721058E-4,1.608179533E-3,9.997369647E-1,1.773791671E2,1.859341326E-1,-7.002967409E-2,1.773790495E2
2.498870211E2,2.287945787E-2,6.406682078E-4,1.611853251E-3,9.997367263E-1,1.773779785E2,1.863363126E-1,-6.916991210E-2,1.773778620E2
2.498920211E2,2.287679928E-2,6.418253761E-4,1.612158725E-3,9.997367859E-1,1.773782832E2,1.863741582E-1,-6.930217365E-2,1.773781665E2
2.498970211E2,2.286391914E-2,6.508437800E-4,1.606441801E-3,9.997370839E-1,1.773797595E2,1.857419557E-1,-7.035271549E-2,1.773796416E2
2.499020211E2,2.288045441E-2,6.408823538E-4,1.597558963E-3,9.997367263E-1,1.773778642E2,1.846993642E-1,-6.923173924E-2,1.773777488E2
2.499070211E2,2.288566894E-2,6.373099750E-4,1.598895877E-3,9.997366071E-1,1.773772665E2,1.848435146E-1,-6.881801288E-2,1.773771516E2
2.499120211E2,2.287477849E-2,6.451133522E-4,1.602529548E-3,9.997368455E-1,1.773785148E2,1.852795022E-1,-6.970446736E-2,1.773783982E2
2.499170211E2,2.287496811E-2,6.445597392E-4,1.600043615E-3,9.997368455E-1,1.773784931E2,1.849932711E-1,-6.964752612E-2,1.773783767E2
2.499220211E2,2.287790740E-2,6.421035505E-4,1.596244634E-3,9.997367859E-1,1.773781562E2,1.845518179E-1,-6.937555766E-2,1.773780406E2
2.499270211E2,2.287200390E-2,6.453940296E-4,1.604833058E-3,9.997369051E-1,1.773788328E2,1.855439387E-1,-6.973109873E-2,1.773787160E2
2.499320211E2,2.288016685E-2,6.398551632E-4,1.602082746E-3,9.997367263E-1,1.773778972E2,1.852149033E-1,-6.910225461E-2,1.773777816E2
2.499370211E2,2.288293859E-2,6.385287270E-4,1.600218471E-3,9.997366667E-1,1.773775795E2,1.849980416E-1,-6.895467141E-2,1.773774643E2
2.499420211E2,2.288306395E-2,6.392197683E-4,1.598148723E-3,9.997366667E-1,1.773775651E2,1.847627486E-1,-6.903924244E-2,1.773774499E2
2.499470211E2,2.290161815E-2,6.255939370E-4,1.598768285E-3,9.997362494E-1,1.773754384E2,1.847992447E-1,-6.747319348E-2,1.773753257E2
2.499520211E2,2.289659261E-2,6.300075329E-4,1.594466507E-3,9.997363687E-1,1.773760144E2,1.843176680E-1,-6.799103742E-2,1.773759012E2
2.499570211E2,2.287026618E-2,6.469586515E-4,1.591784065E-3,9.997369647E-1,1.773790320E2,1.840530024E-1,-6.994486618E-2,1.773789158E2
2.499620211E2,2.289435107E-2,6.307730218E-4,1.588969142E-3,9.997364283E-1,1.773762714E2,1.836897365E-1,-6.809356913E-2,1.773761584E2
2.499670211E2,2.290263334E-2,6.261419039E-4,1.583942678E-3,9.997362494E-1,1.773753221E2,1.831023046E-1,-6.757469243E-2,1.773752103E2
2.499720211E2,2.288177044E-2,6.404091837E-4,1.578789554E-3,9.997367263E-1,1.773777134E2,1.825479579E-1,-6.922650576E-2,1.773775993E2
2.499770211E2,2.288993714E-2,6.350237527E-4,1.575809321E-3,9.997365475E-1,1.773767773E2,1.821929750E-1,-6.861586949E-2,1.773766644E2
2.499820211E2,2.289724476E-2,6.289063022E-4,1.585511141E-3,9.997363687E-1,1.773759397E2,1.832888805E-1,-6.788825707E-2,1.773758273E2
2.499870211E2,2.288337268E-2,6.391677889E-4,1.593742752E-3,9.997366667E-1,1.773775297E2,1.842578779E-1,-6.904478459E-2,1.773774149E2
2.499920211E2,2.288367939E-2,6.376295933E-4,1.589950640E-3,9.997366667E-1,1.773774946E2,1.838194339E-1,-6.887845460E-2,1.773773802E2
2.499970211E2,2.289945506E-2,6.269011064E-4,1.591953798E-3,9.997363091E-1,1.773756864E2,1.840218499E-1,-6.764122704E-2,1.773755739E2
2.500020211E2,2.289116405E-2,6.328368327E-4,1.596545102E-3,9.997364879E-1,1.773766367E2,1.845628489E-1,-6.831071412E-2,1.773765228E2
2.500070211E2,2.289147689E-2,6.336907973E-4,1.591713633E-3,9.997364879E-1,1.773766008E2,1.840116092E-1,-6.842116207E-2,1.773764871E2
2.500120211E2,2.288644912E-2,6.361305132E-4,1.588162268E-3,9.997366071E-1,1.773771771E2,1.836108136E-1,-6.871089899E-2,1.773770632E2
2.500170211E2,2.287050366E-2,6.472822861E-4,1.588236541E-3,9.997369647E-1,1.773790048E2,1.836474566E-1,-6.999119617E-2,1.773788888E2
2.500220211E2,2.287841027E-2,6.416677497E-4,1.589196967E-3,9.997367859E-1,1.773780985E2,1.837433168E-1,-6.934401639E-2,1.773779835E2
2.500270211E2,2.287855421E-2,6.422640290E-4,1.586882165E-3,9.997367859E-1,1.773780820E2,1.834797024E-1,-6.941836951E-2,1.773779670E2
2.500320211E2,2.287081732E-2,6.474326365E-4,1.583651872E-3,9.997369647E-1,1.773789689E2,1.831226448E-1,-7.002037897E-2,1.773788531E2
2.500370211E2,2.287116784E-2,6.466381601E-4,1.578907249E-3,9.997369647E-1,1.773789287E2,1.825770344E-1,-6.994173387E-2,1.773788134E2
2.500420211E2,2.287348004E-2,6.461290759E-4,1.583355013E-3,9.997369051E-1,1.773786636E2,1.830854054E-1,-6.987133159E-2,1.773785482E2
2.500470211E2,2.286522860E-2,6.520785973E-4,1.587187988E-3,9.997370839E-1,1.773796094E2,1.835395319E-1,-7.054438514E-2,1.773794926E2
2.500520211E2,2.286851842E-2,6.498481380E-4,1.578224241E-3,9.997370243E-1,1.773792324E2,1.825070153E-1,-7.031174741E-2,1.773791166E2
2.500570211E2,2.286329326E-2,6.535889697E-4,1.576869050E-3,9.997371435E-1,1.773798313E2,1.823611968E-1,-7.074480718E-2,1.773797149E2
2.500620211E2,2.286015417E-2,6.541765761E-4,1.584329410E-3,9.997372031E-1,1.773801911E2,1.832171865E-1,-7.079315292E-2,1.773800740E2
2.500670211E2,2.287344803E-2,6.459642318E-4,1.583884587E-3,9.997369051E-1,1.773786673E2,1.831456399E-1,-6.985106454E-2,1.773785518E2
2.500720211E2,2.287902510E-2,6.423274172E-4,1.580052893E-3,9.997367859E-1,1.773780281E2,1.826975279E-1,-6.944345033E-2,1.773779135E2
2.500770211E2,2.287318569E-2,6.456004339E-4,1.587816630E-3,9.997369051E-1,1.773786974E2,1.835951299E-1,-6.979912874E-2,1.773785817E2
2.500820211E2,2.289130969E-2,6.322800764E-4,1.594676520E-3,9.997364879E-1,1.773766200E2,1.843473301E-1,-6.825180625E-2,1.773765063E2
2.500870211E2,2.288326584E-2,6.393234362E-4,1.595213776E-3,9.997366667E-1,1.773775420E2,1.844268018E-1,-6.905877792E-2,1.773774270E2
2.500920211E2,2.286222346E-2,6.537205190E-4,1.592250424E-3,9.997371435E-1,1.773799539E2,1.841235839E-1,-7.071977455E-2,1.773798364E2
2.500970211E2,2.287538578E-2,6.438167184E-4,1.594361500E-3,9.997368455E-1,1.773784452E2,1.843403990E-1,-6.957722266E-2,1.773783294E2
2.501020211E2,2.287522941E-2,6.438983255E-4,1.596570481E-3,9.997368455E-1,1.773784631E2,1.845936669E-1,-6.958080984E-2,1.773783472E2
2.501070211E2,2.285717880E-2,6.568615208E-4,1.588530024E-3,9.997372627E-1,1.773805321E2,1.837052393E-1,-7.109028655E-2,1.773804143E2
2.501120211E2,2.287914737E-2,6.426563486E-4,1.578147523E-3,9.997367859E-1,1.773780141E2,1.824801164E-1,-6.948610649E-2,1.773778996E2
2.501170211E2,2.288670093E-2,6.360187544E-4,1.584574231E-3,9.997366071E-1,1.773771483E2,1.831994861E-1,-6.870745999E-2,1.773770346E2
2.501220211E2,2.286004375E-2,6.541700568E-4,1.585924532E-3,9.997372031E-1,1.773802037E2,1.833999018E-1,-7.078824757E-2,1.773800866E2
2.501270211E2,2.286586533E-2,6.518137525E-4,1.578097814E-3,9.997370839E-1,1.773795365E2,1.824974961E-1,-7.053774672E-2,1.773794203E2
2.501320211E2,2.287910566E-2,6.411812501E-4,1.579351723E-3,9.997367859E-1,1.773780188E2,1.826142009E-1,-6.931396744E-2,1.773779046E2
2.501370211E2,2.287128125E-2,6.479035364E-4,1.576744136E-3,9.997369647E-1,1.773789157E2,1.823325491E-1,-7.009234598E-2,1.773788003E2
2.501420211E2,2.287164003E-2,6.474591210E-4,1.571714412E-3,9.997369647E-1,1.773788746E2,1.817551951E-1,-7.005455065E-2,1.773787597E2
2.501470211E2,2.287704613E-2,6.437593838E-4,1.570381224E-3,9.997368455E-1,1.773782549E2,1.815931413E-1,-6.963321572E-2,1.773781408E2
2.501520211E2,2.287092429E-2,6.473754183E-4,1.582129742E-3,9.997369647E-1,1.773789566E2,1.829481244E-1,-7.001779379E-2,1.773788410E2
2.501570211E2,2.287103049E-2,6.480447482E-4,1.580319484E-3,9.997369647E-1,1.773789444E2,1.827424998E-1,-7.009919835E-2,1.773788288E2
2.501620211E2,2.287121119E-2,6.476175040E-4,1.577877556E-3,9.997369647E-1,1.773789237E2,1.824616410E-1,-7.005661981E-2,1.773788083E2
2.501670211E2,2.286043218E-2,6.555247237E-4,1.579754171E-3,9.997372031E-1,1.773801592E2,1.826965906E-1,-7.095953366E-2,1.773800422E2
2.501720211E2,2.287075151E-2,6.468500360E-4,1.584839891E-3,9.997369647E-1,1.773789764E2,1.832572146E-1,-6.995053377E-2,1.773788607E2
2.501770211E2,2.287872067E-2,6.419324200E-4,1.584614860E-3,9.997367859E-1,1.773780630E2,1.832190981E-1,-6.938629383E-2,1.773779482E2
2.501820211E2,2.286302835E-2,6.535050343E-4,1.580740092E-3,9.997371435E-1,1.773798616E2,1.828044317E-1,-7.072509748E-2,1.773797450E2
2.501870211E2,2.287099165E-2,6.464928738E-4,1.581516699E-3,9.997369647E-1,1.773789489E2,1.828755845E-1,-6.991828262E-2,1.773788335E2
2.501920211E2,2.287870440E-2,6.421969738E-4,1.584742568E-3,9.997367859E-1,1.773780648E2,1.832344210E-1,-6.941626965E-2,1.773779500E2
2.501970211E2,2.286586570E-2,6.503772456E-4,1.578685013E-3,9.997370839E-1,1.773795364E2,1.825610022E-1,-7.037163964E-2,1.773794205E2
2.502020211E2,2.287112306E-2,6.481177988E-4,1.578949159E-3,9.997369647E-1,1.773789338E2,1.825857109E-1,-7.011114178E-2,1.773788183E2
2.502070211E2,2.287909432E-2,6.419926649E-4,1.579186297E-3,9.997367859E-1,1.773780201E2,1.825973762E-1,-6.940736008E-2,1.773779057E2
2.502120211E2,2.286804156E-2,6.488944055E-4,1.585509512E-3,9.997370243E-1,1.773792870E2,1.833390960E-1,-7.018348166E-2,1.773791709E2
2.502170211E2,2.287341702E-2,6.460972363E-4,1.584278187E-3,9.997369051E-1,1.773786709E2,1.831910779E-1,-6.986527570E-2,1.773785553E2
2.502220211E2,2.287879282E-2,6.413567462E-4,1.583806006E-3,9.997367859E-1,1.773780547E2,1.831249299E-1,-6.932245128E-2,1.773779401E2
2.502270211E2,2.287603802E-2,6.441212026E-4,1.584851881E-3,9.997368455E-1,1.773783704E2,1.832518039E-1,-6.963691421E-2,1.773782553E2
2.502320211E2,2.287096167E-2,6.479743752E-4,1.581343939E-3,9.997369647E-1,1.773789523E2,1.828596739E-1,-7.008846386E-2,1.773788366E2
2.502370211E2,2.286858179E-2,6.499665906E-4,1.577257062E-3,9.997370243E-1,1.773792251E2,1.823965285E-1,-7.032784060E-2,1.773791093E2
2.502420211E2,2.286838715E-2,6.485962076E-4,1.580639626E-3,9.997370243E-1,1.773792474E2,1.827804358E-1,-7.016201854E-2,1.773791317E2
2.502470211E2,2.288448950E-2,6.385869929E-4,1.577860559E-3,9.997366667E-1,1.773774017E2,1.824369398E-1,-6.901969278E-2,1.773772880E2
2.502520211E2,2.287639055E-2,6.435532123E-4,1.579986652E-3,9.997368455E-1,1.773783300E2,1.826929700E-1,-6.958453429E-2,1.773782153E2
2.502570211E2,2.286281236E-2,6.523135235E-4,1.584351994E-3,9.997371435E-1,1.773798864E2,1.832150804E-1,-7.057917253E-2,1.773797697E2
2.502620211E2,2.288412906E-2,6.376482197E-4,1.583457808E-3,9.997366667E-1,1.773774430E2,1.830756835E-1,-6.889753289E-2,1.773773291E2
2.502670211E2,2.288949215E-2,6.354587385E-4,1.582085271E-3,9.997365475E-1,1.773768283E2,1.829130693E-1,-6.864932099E-2,1.773767149E2
2.502720211E2,2.286795548E-2,6.493853871E-4,1.586549683E-3,9.997370243E-1,1.773792969E2,1.834595405E-1,-7.023701915E-2,1.773791806E2
2.502770211E2,2.287899939E-2,6.420826539E-4,1.580524491E-3,9.997367859E-1,1.773780310E2,1.827509115E-1,-6.941417814E-2,1.773779165E2
2.502820211E2,2.288930598E-2,6.355710793E-4,1.584731392E-3,9.997365475E-1,1.773768497E2,1.832164953E-1,-6.865528409E-2,1.773767361E2
2.502870211E2,2.286835317E-2,6.492629182E-4,1.580857439E-3,9.997370243E-1,1.773792513E2,1.828071339E-1,-7.023783328E-2,1.773791354E2
2.502920211E2,2.287127395E-2,6.479571457E-4,1.576828072E-3,9.997369647E-1,1.773789165E2,1.823423049E-1,-7.009826887E-2,1.773788012E2
2.502970211E2,2.288745654E-2,6.356938975E-4,1.573753776E-3,9.997366071E-1,1.773770616E2,1.819590757E-1,-6.869848563E-2,1.773769488E2
2.503020211E2,2.288210890E-2,6.395030068E-4,1.574244932E-3,9.997367263E-1,1.773776746E2,1.820249651E-1,-6.913454802E-2,1.773775610E2
2.503070211E2,2.287397856E-2,6.459943834E-4,1.576191979E-3,9.997369051E-1,1.773786065E2,1.822644771E-1,-6.987458607E-2,1.773784916E2
2.503120211E2,2.286609080E-2,6.506122299E-4,1.575324219E-3,9.997370839E-1,1.773795106E2,1.821766152E-1,-7.040732525E-2,1.773793949E2
2.503170211E2,2.285566142E-2,6.584337680E-4,1.572114998E-3,9.997373223E-1,1.773807060E2,1.818287143E-1,-7.131367838E-2,1.773805891E2
2.503220211E2,2.286622389E-2,6.510814419E-4,1.573197194E-3,9.997370839E-1,1.773794954E2,1.819341785E-1,-7.046662825E-2,1.773793797E2
2.503270211E2,2.286330122E-2,6.534576532E-4,1.576808165E-3,9.997371435E-1,1.773798304E2,1.823538782E-1,-7.072992144E-2,1.773797140E2
2.503320211E2,2.285015416E-2,6.619857159E-4,1.574869268E-3,9.997374415E-1,1.773813373E2,1.821531575E-1,-7.171438433E-2,1.773812195E2
2.503370211E2,2.285589349E-2,6.587333628E-4,1.568611711E-3,9.997373223E-1,1.773806794E2,1.814281728E-1,-7.135713406E-2,1.773805627E2
2.503420211E2,2.285043952E-2,6.609410630E-4,1.571163302E-3,9.997374415E-1,1.773813046E2,1.817258800E-1,-7.160435972E-2,1.773811872E2
2.503470211E2,2.284538529E-2,6.645808462E-4,1.567268511E-3,9.997375607E-1,1.773818839E2,1.812888533E-1,-7.203245416E-2,1.773817662E2
2.503520211E2,2.285649610E-2,6.575148436E-4,1.560320379E-3,9.997373223E-1,1.773806104E2,1.804751537E-1,-7.123914665E-2,1.773804944E2
2.503570211E2,2.285670279E-2,6.569566322E-4,1.557525364E-3,9.997373223E-1,1.773805867E2,1.801535041E-1,-7.118248079E-2,1.773804710E2
2.503620211E2,2.284539502E-2,6.650529685E-4,1.566926367E-3,9.997375607E-1,1.773818828E2,1.812508935E-1,-7.208743519E-2,1.773817650E2
2.503670211E2,2.285336263E-2,6.593717262E-4,1.567229046E-3,9.997373819E-1,1.773809695E2,1.812712635E-1,-7.143434631E-2,1.773808527E2
2.503720211E2,2.285360350E-2,6.599245244E-4,1.563479542E-3,9.997373819E-1,1.773809419E2,1.808431784E-1,-7.150745179E-2,1.773808253E2
2.503770211E2,2.284810898E-2,6.632928271E-4,1.566130319E-3,9.997375011E-1,1.773815717E2,1.811552834E-1,-7.188738299E-2,1.773814543E2
2.503820211E2,2.286132118E-2,6.541549228E-4,1.567408908E-3,9.997372031E-1,1.773800573E2,1.812787691E-1,-7.083478733E-2,1.773799415E2
2.503870211E2,2.285596430E-2,6.578493631E-4,1.567950821E-3,9.997373223E-1,1.773806713E2,1.813501495E-1,-7.125757989E-2,1.773805548E2
2.503920211E2,2.285891257E-2,6.559032481E-4,1.563785248E-3,9.997372627E-1,1.773803334E2,1.808680456E-1,-7.104500721E-2,1.773802175E2
2.503970211E2,2.286441536E-2,6.517186412E-4,1.561296405E-3,9.997371435E-1,1.773797027E2,1.805723449E-1,-7.057113816E-2,1.773795877E2
2.504020211E2,2.286675160E-2,6.511510583E-4,1.565479091E-3,9.997370839E-1,1.773794349E2,1.810501984E-1,-7.049473252E-2,1.773793197E2
2.504070211E2,2.286419218E-2,6.531446124E-4,1.563966507E-3,9.997371435E-1,1.773797282E2,1.808819574E-1,-7.072754375E-2,1.773796128E2
2.504120211E2,2.287532535E-2,6.445016479E-4,1.557142474E-3,9.997369051E-1,1.773784521E2,1.800783127E-1,-6.975326767E-2,1.773783388E2
2.504170211E2,2.286153725E-2,6.536219153E-4,1.564477105E-3,9.997372031E-1,1.773800326E2,1.809415151E-1,-7.078136693E-2,1.773799170E2
2.504220211E2,2.284279874E-2,6.665493129E-4,1.566112158E-3,9.997376204E-1,1.773821804E2,1.811613463E-1,-7.226146076E-2,1.773820624E2
2.504270211E2,2.284573477E-2,6.645266549E-4,1.562189078E-3,9.997375607E-1,1.773818439E2,1.807068273E-1,-7.203948075E-2,1.773817265E2
2.504320211E2,2.284813991E-2,6.631273427E-4,1.565749058E-3,9.997375011E-1,1.773815682E2,1.811111744E-1,-7.186941750E-2,1.773814508E2
2.504370211E2,2.283975874E-2,6.695272168E-4,1.571122324E-3,9.997376800E-1,1.773825288E2,1.817428956E-1,-7.259005145E-2,1.773824099E2
2.504420211E2,2.283988644E-2,6.685106782E-4,1.569698215E-3,9.997376800E-1,1.773825142E2,1.815770954E-1,-7.247729945E-2,1.773823955E2
2.504470211E2,2.283995980E-2,6.696424680E-4,1.568147563E-3,9.997376800E-1,1.773825058E2,1.814024177E-1,-7.261100436E-2,1.773823870E2
2.504520211E2,2.283721939E-2,6.714339252E-4,1.569292974E-3,9.997377396E-1,1.773828199E2,1.815381278E-1,-7.281373609E-2,1.773827007E2
2.504570211E2,2.285032371E-2,6.609902484E-4,1.572826062E-3,9.997374415E-1,1.773813179E2,1.819164894E-1,-7.160566147E-2,1.773812004E2
2.504620211E2,2.284253937E-2,6.666337140E-4,1.569854794E-3,9.997376204E-1,1.773822101E2,1.815903119E-1,-7.226137984E-2,1.773820918E2
2.504670211E2,2.282938264E-2,6.761571858E-4,1.567373285E-3,9.997379184E-1,1.773837182E2,1.813299918E-1,-7.336128552E-2,1.773835983E2
2.504720211E2,2.283985009E-2,6.695515476E-4,1.569783431E-3,9.997376800E-1,1.773825184E2,1.815895798E-1,-7.259632661E-2,1.773823995E2
2.504770211E2,2.283719375E-2,6.712272298E-4,1.569754444E-3,9.997377396E-1,1.773828228E2,1.815904519E-1,-7.278885370E-2,1.773827037E2
2.504820211E2,2.282970774E-2,6.770598120E-4,1.562240068E-3,9.997379184E-1,1.773836809E2,1.807443063E-1,-7.347806243E-2,1.773835612E2
2.504870211E2,2.284291633E-2,6.669809227E-4,1.564212143E-3,9.997376204E-1,1.773821669E2,1.809448155E-1,-7.231585905E-2,1.773820489E2
2.504920211E2,2.283175459E-2,6.751515903E-4,1.571270172E-3,9.997378588E-1,1.773834463E2,1.817739693E-1,-7.323545669E-2,1.773833263E2
2.504970211E2,2.281580952E-2,6.863462622E-4,1.570488326E-3,9.997382164E-1,1.773852739E2,1.817125040E-1,-7.452287964E-2,1.773851519E2
2.505020211E2,2.282921858E-2,6.758326781E-4,1.569900778E-3,9.997379184E-1,1.773837370E2,1.816186852E-1,-7.331752684E-2,1.773836169E2
2.505070211E2,2.282572700E-2,6.792015047E-4,1.581219025E-3,9.997379780E-1,1.773841372E2,1.829238820E-1,-7.367449340E-2,1.773840157E2
2.505120211E2,2.282022022E-2,6.830585189E-4,1.583668287E-3,9.997380972E-1,1.773847684E2,1.832141558E-1,-7.411096153E-2,1.773846460E2
2.505170211E2,2.282090650E-2,6.821419229E-4,1.574145514E-3,9.997380972E-1,1.773846897E2,1.821208621E-1,-7.403073310E-2,1.773845682E2
2.505220211E2,2.281824063E-2,6.841966533E-4,1.574044698E-3,9.997381568E-1,1.773849953E2,1.821144885E-1,-7.426687556E-2,1.773848734E2
2.505270211E2,2.281529472E-2,6.851467188E-4,1.578470692E-3,9.997382164E-1,1.773853329E2,1.826238044E-1,-7.436468116E-2,1.773852105E2
2.505320211E2,2.282348793E-2,6.799711846E-4,1.575512928E-3,9.997380376E-1,1.773843938E2,1.822720288E-1,-7.377800316E-2,1.773842726E2
2.505370211E2,2.281859143E-2,6.836009561E-4,1.569210668E-3,9.997381568E-1,1.773849551E2,1.815591609E-1,-7.421120835E-2,1.773848337E2
2.505420211E2,2.282114871E-2,6.821129355E-4,1.570642809E-3,9.997380972E-1,1.773846619E2,1.817195277E-1,-7.403652854E-2,1.773845407E2
2.505470211E2,2.282863168E-2,6.766325096E-4,1.578069525E-3,9.997379184E-1,1.773838042E2,1.825565619E-1,-7.338789321E-2,1.773836835E2
2.505520211E2,2.283135535E-2,6.749201566E-4,1.577159856E-3,9.997378588E-1,1.773834920E2,1.824480678E-1,-7.319360609E-2,1.773833717E2
2.505570211E2,2.282359876E-2,6.796171656E-4,1.574059483E-3,9.997380376E-1,1.773843811E2,1.821046015E-1,-7.374122748E-2,1.773842601E2
2.505620211E2,2.283143133E-2,6.751117180E-4,1.575977542E-3,9.997378588E-1,1.773834833E2,1.823131265E-1,-7.321863122E-2,1.773833630E2
2.505670211E2,2.282834590E-2,6.759361713E-4,1.582495868E-3,9.997379184E-1,1.773838370E2,1.830618095E-1,-7.329659221E-2,1.773837160E2
2.505720211E2,2.282053332E-2,6.818240508E-4,1.579683507E-3,9.997380972E-1,1.773847325E2,1.827544463E-1,-7.397990239E-2,1.773846106E2
2.505770211E2,2.283151412E-2,6.754116039E-4,1.574649010E-3,9.997378588E-1,1.773834738E2,1.821617181E-1,-7.325644751E-2,1.773833536E2
2.505820211E2,2.283100595E-2,6.754947826E-4,1.581964432E-3,9.997378588E-1,1.773835321E2,1.829999672E-1,-7.324692938E-2,1.773834112E2
2.505870211E2,2.283868213E-2,6.691479939E-4,1.586855738E-3,9.997376800E-1,1.773826522E2,1.835442743E-1,-7.250562464E-2,1.773825322E2
2.505920211E2,2.284716121E-2,6.644824171E-4,1.579396543E-3,9.997375011E-1,1.773816804E2,1.826781334E-1,-7.198910215E-2,1.773815617E2
2.505970211E2,2.283356954E-2,6.733617047E-4,1.583540812E-3,9.997377992E-1,1.773832383E2,1.831751661E-1,-7.299796655E-2,1.773831177E2
2.506020211E2,2.283590919E-2,6.709144800E-4,1.588464249E-3,9.997377396E-1,1.773829701E2,1.837329704E-1,-7.270429575E-2,1.773828496E2
2.506070211E2,2.283844129E-2,6.691875169E-4,1.590301516E-3,9.997376800E-1,1.773826798E2,1.839391150E-1,-7.250117832E-2,1.773825596E2
2.506120211E2,2.283061728E-2,6.745463470E-4,1.587967039E-3,9.997378588E-1,1.773835766E2,1.836851272E-1,-7.312264151E-2,1.773834555E2
2.506170211E2,2.283040693E-2,6.753039779E-4,1.590666943E-3,9.997378588E-1,1.773836008E2,1.839964003E-1,-7.320241179E-2,1.773834793E2
2.506220211E2,2.284090539E-2,6.682706298E-4,1.592766377E-3,9.997376204E-1,1.773823974E2,1.842192727E-1,-7.238923320E-2,1.773822771E2
2.506270211E2,2.282236292E-2,6.808019243E-4,1.591371372E-3,9.997380376E-1,1.773845228E2,1.840908926E-1,-7.383190334E-2,1.773844002E2
2.506320211E2,2.281491532E-2,6.857507979E-4,1.583683654E-3,9.997382164E-1,1.773853764E2,1.832225627E-1,-7.442032533E-2,1.773852535E2
2.506370211E2,2.282569662E-2,6.776957307E-4,1.582303201E-3,9.997379780E-1,1.773841407E2,1.830441459E-1,-7.349915918E-2,1.773840194E2
2.506420211E2,2.281743256E-2,6.843450246E-4,1.585651422E-3,9.997381568E-1,1.773850879E2,1.834445053E-1,-7.425367103E-2,1.773849651E2
2.506470211E2,2.280694416E-2,6.910063676E-4,1.583332894E-3,9.997383952E-1,1.773862901E2,1.831955229E-1,-7.502478955E-2,1.773861662E2
2.506520211E2,2.280734745E-2,6.908093346E-4,1.577599323E-3,9.997383952E-1,1.773862439E2,1.825381890E-1,-7.501712883E-2,1.773861205E2
2.506570211E2,2.280460056E-2,6.937824655E-4,1.578231808E-3,9.997384548E-1,1.773865587E2,1.826182121E-1,-7.535658420E-2,1.773864347E2
2.506620211E2,2.280749246E-2,6.910568918E-4,1.575392904E-3,9.997383952E-1,1.773862272E2,1.822860752E-1,-7.505122977E-2,1.773861040E2
2.506670211E2,2.281044429E-2,6.887646741E-4,1.571479370E-3,9.997383356E-1,1.773858889E2,1.818319623E-1,-7.479832140E-2,1.773857664E2
2.506720211E2,2.280231197E-2,6.945730420E-4,1.573186484E-3,9.997385144E-1,1.773868210E2,1.820421034E-1,-7.546075582E-2,1.773866973E2
2.506770211E2,2.282048784E-2,6.829969934E-4,1.579833915E-3,9.997380972E-1,1.773847377E2,1.827747418E-1,-7.411389153E-2,1.773846156E2
2.506820211E2,2.282064530E-2,6.824089214E-4,1.577812247E-3,9.997380972E-1,1.773847196E2,1.825416092E-1,-7.405177930E-2,1.773845978E2
2.506870211E2,2.280197381E-2,6.949734525E-4,1.577903866E-3,9.997385144E-1,1.773868598E2,1.825835568E-1,-7.549436236E-2,1.773867356E2
2.506920211E2,2.281258063E-2,6.879065186E-4,1.578746596E-3,9.997382760E-1,1.773856440E2,1.826624261E-1,-7.468062278E-2,1.773855211E2
2.506970211E2,2.282027401E-2,6.814446533E-4,1.583588426E-3,9.997380972E-1,1.773847622E2,1.832007899E-1,-7.392627351E-2,1.773846401E2
2.507020211E2,2.280451175E-2,6.940253661E-4,1.579407835E-3,9.997384548E-1,1.773865689E2,1.827535683E-1,-7.538135416E-2,1.773864448E2
2.507070211E2,2.280243434E-2,6.947218208E-4,1.571345958E-3,9.997385144E-1,1.773868070E2,1.818316471E-1,-7.548258734E-2,1.773866834E2
2.507120211E2,2.282111946E-2,6.822309806E-4,1.571016503E-3,9.997380972E-1,1.773846653E2,1.817626453E-1,-7.404908000E-2,1.773845440E2
2.507170211E2,2.281299570E-2,6.873757229E-4,1.572969370E-3,9.997382760E-1,1.773855965E2,1.819992190E-1,-7.463484156E-2,1.773854741E2
2.507220211E2,2.281039363E-2,6.888391217E-4,1.572181936E-3,9.997383356E-1,1.773858947E2,1.819126405E-1,-7.480502294E-2,1.773857721E2
2.507270211E2,2.281628470E-2,6.848633057E-4,1.564219827E-3,9.997382164E-1,1.773852195E2,1.809905302E-1,-7.436929350E-2,1.773850982E2
2.507320211E2,2.281339607E-2,6.872827653E-4,1.567192725E-3,9.997382760E-1,1.773855506E2,1.813372222E-1,-7.463922146E-2,1.773854286E2
2.507370211E2,2.281059472E-2,6.891616504E-4,1.569119981E-3,9.997383356E-1,1.773858717E2,1.815627151E-1,-7.484993979E-2,1.773857492E2
2.507420211E2,2.281356698E-2,6.866981275E-4,1.564959530E-3,9.997382760E-1,1.773855310E2,1.810798671E-1,-7.457805181E-2,1.773854093E2
2.507470211E2,2.281620086E-2,6.858895649E-4,1.564992941E-3,9.997382164E-1,1.773852291E2,1.810817770E-1,-7.448485715E-2,1.773851076E2
2.507520211E2,2.282182586E-2,6.824300508E-4,1.560634119E-3,9.997380972E-1,1.773845843E2,1.805737924E-1,-7.409891055E-2,1.773844638E2
2.507570211E2,2.281657437E-2,6.851411308E-4,1.559866825E-3,9.997382164E-1,1.773851863E2,1.804925899E-1,-7.441245100E-2,1.773850653E2
2.507620211E2,2.279212059E-2,7.012602291E-4,1.566377701E-3,9.997387528E-1,1.773879892E2,1.812787742E-1,-7.624649080E-2,1.773878647E2
2.507670211E2,2.280290360E-2,6.945413770E-4,1.564601553E-3,9.997385144E-1,1.773867532E2,1.810585585E-1,-7.547945419E-2,1.773866301E2
2.507720211E2,2.281304582E-2,6.880020374E-4,1.571968431E-3,9.997382760E-1,1.773855907E2,1.818861907E-1,-7.470920079E-2,1.773854683E2
2.507770211E2,2.279428585E-2,6.999233156E-4,1.573494170E-3,9.997386932E-1,1.773877410E2,1.820907237E-1,-7.607434978E-2,1.773876162E2
2.507820211E2,2.279171514E-2,7.022745558E-4,1.571813365E-3,9.997387528E-1,1.773880357E2,1.819041135E-1,-7.634857005E-2,1.773879106E2
2.507870211E2,2.280758662E-2,6.912067183E-4,1.573963324E-3,9.997383952E-1,1.773862164E2,1.821226984E-1,-7.507211344E-2,1.773860933E2
2.507920211E2,2.279938778E-2,6.971854018E-4,1.576530980E-3,9.997385740E-1,1.773871562E2,1.824318608E-1,-7.575182621E-2,1.773870317E2
2.507970211E2,2.279651683E-2,6.980022881E-4,1.579884673E-3,9.997386336E-1,1.773874853E2,1.828179832E-1,-7.583717270E-2,1.773873604E2
2.508020211E2,2.279700940E-2,6.976415752E-4,1.572921174E-3,9.997386336E-1,1.773874288E2,1.820193258E-1,-7.581395072E-2,1.773873045E2
2.508070211E2,2.279944508E-2,6.966193905E-4,1.575952396E-3,9.997385740E-1,1.773871496E2,1.823641024E-1,-7.568848426E-2,1.773870253E2
2.508120211E2,2.279672813E-2,6.978032179E-4,1.576920971E-3,9.997386336E-1,1.773874611E2,1.824779516E-1,-7.582207075E-2,1.773873364E2
2.508170211E2,2.279386678E-2,7.002894417E-4,1.579391072E-3,9.997386932E-1,1.773877890E2,1.827672091E-1,-7.610096676E-2,1.773876638E2
2.508220211E2,2.279113950E-2,7.031723508E-4,1.579738921E-3,9.997387528E-1,1.773881016E2,1.828143821E-1,-7.643082770E-2,1.773879758E2
2.508270211E2,2.280177717E-2,6.958632730E-4,1.580351498E-3,9.997385144E-1,1.773868823E2,1.828662729E-1,-7.558994186E-2,1.773867578E2
2.508320211E2,2.279391182E-2,7.002191851E-4,1.578772091E-3,9.997386932E-1,1.773877839E2,1.826961174E-1,-7.609452666E-2,1.773876587E2
2.508370211E2,2.278854074E-2,7.047656691E-4,1.578798401E-3,9.997388124E-1,1.773883995E2,1.827105970E-1,-7.661629230E-2,1.773882734E2
2.508420211E2,2.279661507E-2,6.991336122E-4,1.577965682E-3,9.997386336E-1,1.773874740E2,1.826011031E-1,-7.597177432E-2,1.773873491E2
2.508470211E2,2.279376487E-2,7.011988200E-4,1.580458018E-3,9.997386932E-1,1.773878007E2,1.828918085E-1,-7.620237830E-2,1.773876752E2
2.508520211E2,2.278027011E-2,7.093698368E-4,1.582858618E-3,9.997389913E-1,1.773893475E2,1.831871305E-1,-7.713466566E-2,1.773892203E2
2.508570211E2,2.279355366E-2,7.000195328E-4,1.584022772E-3,9.997386932E-1,1.773878249E2,1.832970970E-1,-7.605800443E-2,1.773876993E2
2.508620211E2,2.280134290E-2,6.950070965E-4,1.586980070E-3,9.997385144E-1,1.773869321E2,1.836233850E-1,-7.547461605E-2,1.773868072E2
2.508670211E2,2.279306296E-2,7.002502680E-4,1.590966596E-3,9.997386932E-1,1.773878812E2,1.840931609E-1,-7.606639037E-2,1.773877550E2
2.508720211E2,2.279294032E-2,7.001301856E-4,1.592775458E-3,9.997386932E-1,1.773878952E2,1.843000647E-1,-7.604793136E-2,1.773877690E2
2.508770211E2,2.279846348E-2,6.979928585E-4,1.589487074E-3,9.997385740E-1,1.773872622E2,1.839181764E-1,-7.581064883E-2,1.773871365E2
2.508820211E2,2.279842657E-2,6.979369791E-4,1.590040978E-3,9.997385740E-1,1.773872664E2,1.839814840E-1,-7.580280684E-2,1.773871407E2
2.508870211E2,2.279813643E-2,6.971616531E-4,1.594534842E-3,9.997385740E-1,1.773872996E2,1.844942622E-1,-7.570229692E-2,1.773871738E2
2.508920211E2,2.279008682E-2,7.026312524E-4,1.595091890E-3,9.997387528E-1,1.773882223E2,1.845717554E-1,-7.632893399E-2,1.773880954E2
2.508970211E2,2.278781544E-2,7.038976764E-4,1.589617343E-3,9.997388124E-1,1.773884826E2,1.839477143E-1,-7.648873334E-2,1.773883559E2
2.509020211E2,2.280112116E-2,6.947982474E-4,1.590254018E-3,9.997385144E-1,1.773869575E2,1.839978925E-1,-7.544217604E-2,1.773868325E2
2.509070211E2,2.280335699E-2,6.936306600E-4,1.596165122E-3,9.997384548E-1,1.773867013E2,1.846721976E-1,-7.529255691E-2,1.773865760E2
2.509120211E2,2.279787865E-2,6.975229480E-4,1.598058618E-3,9.997385740E-1,1.773873292E2,1.848988775E-1,-7.573452891E-2,1.773872030E2
2.509170211E2,2.279847806E-2,6.968327798E-4,1.589786960E-3,9.997385740E-1,1.773872605E2,1.839495019E-1,-7.567696213E-2,1.773871351E2
2.509220211E2,2.279835110E-2,6.979220198E-4,1.591129228E-3,9.997385740E-1,1.773872750E2,1.841061113E-1,-7.579826376E-2,1.773871493E2
2.509270211E2,2.279321298E-2,7.010276313E-4,1.588472980E-3,9.997386932E-1,1.773878640E2,1.838095294E-1,-7.616193220E-2,1.773877379E2
2.509320211E2,2.280414216E-2,6.928659277E-4,1.585242455E-3,9.997384548E-1,1.773866113E2,1.834189357E-1,-7.523334701E-2,1.773864869E2
2.509370211E2,2.281507901E-2,6.851353683E-4,1.581590506E-3,9.997382164E-1,1.773853577E2,1.829811706E-1,-7.435526335E-2,1.773852350E2
2.509420211E2,2.281207460E-2,6.880751462E-4,1.585968537E-3,9.997382760E-1,1.773857020E2,1.834901888E-1,-7.468115390E-2,1.773855785E2
2.509470211E2,2.280931366E-2,6.897529820E-4,1.587376464E-3,9.997383356E-1,1.773860185E2,1.836556635E-1,-7.487019607E-2,1.773858946E2
2.509520211E2,2.281203602E-2,6.871580263E-4,1.586920698E-3,9.997382760E-1,1.773857065E2,1.835968696E-1,-7.457360511E-2,1.773855831E2
2.509570211E2,2.282556165E-2,6.779453252E-4,1.584142330E-3,9.997379780E-1,1.773841561E2,1.832554831E-1,-7.352296714E-2,1.773840347E2
2.509620211E2,2.282536602E-2,6.778373499E-4,1.587004634E-3,9.997379780E-1,1.773841785E2,1.835830972E-1,-7.350314620E-2,1.773840569E2
2.509670211E2,2.281770159E-2,6.837172550E-4,1.582046738E-3,9.997381568E-1,1.773850571E2,1.830299240E-1,-7.419112905E-2,1.773849347E2
2.509720211E2,2.282035549E-2,6.821096176E-4,1.582127414E-3,9.997380972E-1,1.773847529E2,1.830351587E-1,-7.400625871E-2,1.773846308E2
2.509770211E2,2.283094225E-2,6.754233618E-4,1.582914032E-3,9.997378588E-1,1.773835394E2,1.831085637E-1,-7.323627447E-2,1.773834185E2
2.509820211E2,2.281758376E-2,6.833790103E-4,1.583891339E-3,9.997381568E-1,1.773850706E2,1.832403517E-1,-7.414757745E-2,1.773849481E2
2.509870211E2,2.282054504E-2,6.823421572E-4,1.579290489E-3,9.997380972E-1,1.773847311E2,1.827107773E-1,-7.404028315E-2,1.773846092E2
2.509920211E2,2.282325661E-2,6.801325362E-4,1.578790951E-3,9.997380376E-1,1.773844203E2,1.826479704E-1,-7.378795644E-2,1.773842989E2
2.509970211E2,2.281209792E-2,6.873129751E-4,1.585963531E-3,9.997382760E-1,1.773856994E2,1.834876244E-1,-7.459384715E-2,1.773855760E2
2.510020211E2,2.281201581E-2,6.878625136E-4,1.586906030E-3,9.997382760E-1,1.773857088E2,1.835970295E-1,-7.465435437E-2,1.773855852E2
2.510070211E2,2.282052437E-2,6.819674163E-4,1.579750911E-3,9.997380972E-1,1.773847335E2,1.827625426E-1,-7.399615193E-2,1.773846116E2
2.510120211E2,2.281795161E-2,6.842875737E-4,1.578189433E-3,9.997381568E-1,1.773850284E2,1.825895336E-1,-7.426650625E-2,1.773849062E2
2.510170211E2,2.280426907E-2,6.925867056E-4,1.583538018E-3,9.997384548E-1,1.773865967E2,1.832229519E-1,-7.520578980E-2,1.773864726E2
2.510220211E2,2.280430181E-2,6.936762366E-4,1.582589233E-3,9.997384548E-1,1.773865930E2,1.831171072E-1,-7.533308171E-2,1.773864687E2
2.510270211E2,2.280698800E-2,6.921964232E-4,1.582181198E-3,9.997383952E-1,1.773862851E2,1.830666962E-1,-7.516412632E-2,1.773861611E2
2.510320211E2,2.281221085E-2,6.876247353E-4,1.584203099E-3,9.997382760E-1,1.773856864E2,1.832867694E-1,-7.463414433E-2,1.773855631E2
2.510370211E2,2.281440574E-2,6.864871830E-4,1.590690110E-3,9.997382164E-1,1.773854348E2,1.840271235E-1,-7.448646204E-2,1.773853113E2
2.510420211E2,2.280384608E-2,6.926596980E-4,1.589585794E-3,9.997384548E-1,1.773866452E2,1.839159560E-1,-7.519842506E-2,1.773865206E2
2.510470211E2,2.281197958E-2,6.875830586E-4,1.587547828E-3,9.997382760E-1,1.773857129E2,1.836698218E-1,-7.462066843E-2,1.773855894E2
2.510520211E2,2.281439328E-2,6.859278656E-4,1.591110020E-3,9.997382164E-1,1.773854363E2,1.840737658E-1,-7.442129020E-2,1.773853128E2
2.510570211E2,2.280615265E-2,6.909384974E-4,1.594722504E-3,9.997383952E-1,1.773863808E2,1.845001022E-1,-7.498739230E-2,1.773862561E2
2.510620211E2,2.280921288E-2,6.905419868E-4,1.588481129E-3,9.997383356E-1,1.773860300E2,1.837842711E-1,-7.495771680E-2,1.773859059E2
2.510670211E2,2.281753153E-2,6.843477022E-4,1.584225451E-3,9.997381568E-1,1.773850765E2,1.832811576E-1,-7.425768827E-2,1.773849539E2
2.510720211E2,2.281413925E-2,6.863324088E-4,1.594574307E-3,9.997382164E-1,1.773854654E2,1.844716801E-1,-7.445862494E-2,1.773853416E2
2.510770211E2,2.281383027E-2,6.863902672E-4,1.598963980E-3,9.997382164E-1,1.773855008E2,1.849746978E-1,-7.445383394E-2,1.773853767E2
2.510820211E2,2.282502986E-2,6.786590093E-4,1.591482083E-3,9.997379780E-1,1.773842171E2,1.840981671E-1,-7.358562694E-2,1.773840949E2
2.510870211E2,2.281461362E-2,6.852588267E-4,1.588236308E-3,9.997382164E-1,1.773854110E2,1.837428148E-1,-7.435211675E-2,1.773852879E2
2.510920211E2,2.281436668E-2,6.863589515E-4,1.591305598E-3,9.997382164E-1,1.773854393E2,1.840972967E-1,-7.447016966E-2,1.773853157E2
2.510970211E2,2.280919767E-2,6.893926184E-4,1.589198713E-3,9.997383356E-1,1.773860318E2,1.838634732E-1,-7.482417041E-2,1.773859078E2
2.511020211E2,2.280941010E-2,6.901514134E-4,1.585816732E-3,9.997383356E-1,1.773860074E2,1.834780263E-1,-7.491990027E-2,1.773858836E2
2.511070211E2,2.281208059E-2,6.873414968E-4,1.586200437E-3,9.997382760E-1,1.773857013E2,1.835148380E-1,-7.459649851E-2,1.773855780E2
2.511120211E2,2.280928052E-2,6.896493142E-4,1.587897656E-3,9.997383356E-1,1.773860223E2,1.837150988E-1,-7.485696347E-2,1.773858984E2
2.511170211E2,2.280405294E-2,6.930885720E-4,1.586428145E-3,9.997384548E-1,1.773866215E2,1.835553459E-1,-7.525577133E-2,1.773864970E2
2.511220211E2,2.281771002E-2,6.835701643E-4,1.581988763E-3,9.997381568E-1,1.773850561E2,1.830228982E-1,-7.417442815E-2,1.773849337E2
2.511270211E2,2.281474569E-2,6.863228627E-4,1.585878083E-3,9.997382164E-1,1.773853959E2,1.834754439E-1,-7.448015575E-2,1.773852727E2
2.511320211E2,2.279868664E-2,6.966213696E-4,1.586885774E-3,9.997385740E-1,1.773872366E2,1.836165996E-1,-7.566028408E-2,1.773871114E2
2.511370211E2,2.280471385E-2,6.937776343E-4,1.576596173E-3,9.997384548E-1,1.773865457E2,1.824308264E-1,-7.536028453E-2,1.773864219E2
2.511420211E2,2.281830912E-2,6.833646912E-4,1.573413028E-3,9.997381568E-1,1.773849874E2,1.820399526E-1,-7.417320394E-2,1.773848657E2
2.511470211E2,2.281509225E-2,6.853921223E-4,1.581288176E-3,9.997382164E-1,1.773853561E2,1.829472074E-1,-7.438546553E-2,1.773852335E2
2.511520211E2,2.282838096E-2,6.767727900E-4,1.581632299E-3,9.997379184E-1,1.773838330E2,1.829650688E-1,-7.339468929E-2,1.773837119E2
2.511570211E2,2.282877316E-2,6.771573680E-4,1.575796050E-3,9.997379184E-1,1.773837880E2,1.822974919E-1,-7.345394364E-2,1.773836673E2
2.511620211E2,2.281788239E-2,6.839731359E-4,1.579326228E-3,9.997381568E-1,1.773850363E2,1.827189397E-1,-7.422752383E-2,1.773849141E2
2.511670211E2,2.282587118E-2,6.784960278E-4,1.579439500E-3,9.997379780E-1,1.773841206E2,1.827181813E-1,-7.359830132E-2,1.773839994E2
2.511720211E2,2.283404456E-2,6.725493004E-4,1.577023068E-3,9.997377992E-1,1.773831838E2,1.824263896E-1,-7.292186428E-2,1.773830639E2
2.511770211E2,2.283677890E-2,6.717277574E-4,1.575564849E-3,9.997377396E-1,1.773828704E2,1.822573826E-1,-7.283106430E-2,1.773827507E2
2.511820211E2,2.284206760E-2,6.680071237E-4,1.576123061E-3,9.997376204E-1,1.773822642E2,1.823119775E-1,-7.240239745E-2,1.773821452E2
2.511870211E2,2.283930865E-2,6.695101620E-4,1.577659044E-3,9.997376800E-1,1.773825804E2,1.824916772E-1,-7.257107079E-2,1.773824610E2
2.511920211E2,2.283178016E-2,6.740746321E-4,1.571361092E-3,9.997378588E-1,1.773834434E2,1.817815691E-1,-7.311183615E-2,1.773833235E2
2.511970211E2,2.283428023E-2,6.732604234E-4,1.573303016E-3,9.997377992E-1,1.773831568E2,1.820020916E-1,-7.301302304E-2,1.773830370E2
2.512020211E2,2.284186956E-2,6.669486756E-4,1.579437871E-3,9.997376204E-1,1.773822869E2,1.826889432E-1,-7.227249925E-2,1.773821678E2
2.512070211E2,2.283397046E-2,6.722367252E-4,1.578228897E-3,9.997377992E-1,1.773831923E2,1.825637084E-1,-7.288291341E-2,1.773830723E2
2.512120211E2,2.283180613E-2,6.740978570E-4,1.570973662E-3,9.997378588E-1,1.773834404E2,1.817372470E-1,-7.311550580E-2,1.773833206E2
2.512170211E2,2.283695961E-2,6.705012638E-4,1.573466696E-3,9.997377396E-1,1.773828497E2,1.820138173E-1,-7.269601331E-2,1.773827304E2
2.512220211E2,2.284727292E-2,6.643992965E-4,1.577814692E-3,9.997375011E-1,1.773816675E2,1.824967039E-1,-7.198370097E-2,1.773815491E2
2.512270211E2,2.284747115E-2,6.637742044E-4,1.575205126E-3,9.997375011E-1,1.773816448E2,1.821961247E-1,-7.191888578E-2,1.773815267E2
2.512320211E2,2.283727664E-2,6.705695996E-4,1.568829408E-3,9.997377396E-1,1.773828133E2,1.814827628E-1,-7.271592041E-2,1.773826944E2
2.512370211E2,2.284499548E-2,6.656104233E-4,1.572504989E-3,9.997375607E-1,1.773819286E2,1.818914215E-1,-7.213676586E-2,1.773818103E2
2.512420211E2,2.285559165E-2,6.572653656E-4,1.573617454E-3,9.997373223E-1,1.773807140E2,1.819977730E-1,-7.117590194E-2,1.773805972E2
2.512470211E2,2.285034635E-2,6.614819868E-4,1.572290319E-3,9.997374415E-1,1.773813153E2,1.818564030E-1,-7.166339452E-2,1.773811977E2
2.512520211E2,2.285307408E-2,6.595721352E-4,1.571346889E-3,9.997373819E-1,1.773810026E2,1.817435154E-1,-7.144657361E-2,1.773808855E2
2.512570211E2,2.286101167E-2,6.547000376E-4,1.571689732E-3,9.997372031E-1,1.773800928E2,1.817705943E-1,-7.088607771E-2,1.773799766E2
2.512620211E2,2.284764291E-2,6.639764179E-4,1.572626526E-3,9.997375011E-1,1.773816251E2,1.819012575E-1,-7.194877182E-2,1.773815071E2
2.512670211E2,2.284249978E-2,6.675183540E-4,1.570054912E-3,9.997376204E-1,1.773822147E2,1.816155508E-1,-7.236220890E-2,1.773820962E2
2.512720211E2,2.285304543E-2,6.595791201E-4,1.571760629E-3,9.997373819E-1,1.773810059E2,1.817909305E-1,-7.144629548E-2,1.773808887E2
2.512770211E2,2.285797586E-2,6.569038378E-4,1.577001647E-3,9.997372627E-1,1.773804408E2,1.823846950E-1,-7.112518601E-2,1.773803237E2
2.512820211E2,2.284484737E-2,6.663759705E-4,1.574331429E-3,9.997375607E-1,1.773819456E2,1.821026555E-1,-7.221971353E-2,1.773818270E2
2.512870211E2,2.283701554E-2,6.701871753E-4,1.572788577E-3,9.997377396E-1,1.773828433E2,1.819353127E-1,-7.266179533E-2,1.773827241E2
2.512920211E2,2.285824365E-2,6.554581341E-4,1.573718386E-3,9.997372627E-1,1.773804101E2,1.820047903E-1,-7.096811564E-2,1.773802935E2
2.512970211E2,2.286344524E-2,6.533742417E-4,1.574753085E-3,9.997371435E-1,1.773798139E2,1.821182361E-1,-7.072572388E-2,1.773796976E2
2.513020211E2,2.285596555E-2,6.577902241E-4,1.567957341E-3,9.997373223E-1,1.773806712E2,1.813507415E-1,-7.125078753E-2,1.773805546E2
2.513070211E2,2.285330958E-2,6.598095642E-4,1.567818224E-3,9.997373819E-1,1.773809756E2,1.813399038E-1,-7.148297230E-2,1.773808587E2
2.513120211E2,2.285320799E-2,6.590269040E-4,1.569627202E-3,9.997373819E-1,1.773809873E2,1.815450864E-1,-7.138859046E-2,1.773808704E2
2.513170211E2,2.286385937E-2,6.527772057E-4,1.568977372E-3,9.997371435E-1,1.773797664E2,1.814550248E-1,-7.067238421E-2,1.773796507E2
2.513220211E2,2.286665427E-2,6.514029810E-4,1.566795399E-3,9.997370839E-1,1.773794460E2,1.812016503E-1,-7.052016147E-2,1.773793307E2
2.513270211E2,2.287481187E-2,6.445695180E-4,1.564639620E-3,9.997369051E-1,1.773785110E2,1.809373413E-1,-6.974148261E-2,1.773783971E2
2.513320211E2,2.287710793E-2,6.429850473E-4,1.569798100E-3,9.997368455E-1,1.773782478E2,1.815243117E-1,-6.954602413E-2,1.773781339E2
2.513370211E2,2.286626644E-2,6.499913870E-4,1.573029440E-3,9.997370839E-1,1.773794905E2,1.819121066E-1,-7.034218180E-2,1.773793750E2
2.513420211E2,2.286612823E-2,6.508303923E-4,1.574690687E-3,9.997370839E-1,1.773795063E2,1.821046110E-1,-7.043397152E-2,1.773793906E2
2.513470211E2,2.287151740E-2,6.479555741E-4,1.573293586E-3,9.997369647E-1,1.773788886E2,1.819374008E-1,-7.010730832E-2,1.773787735E2
2.513520211E2,2.286624511E-2,6.501693279E-4,1.573265996E-3,9.997370839E-1,1.773794929E2,1.819396717E-1,-7.036195098E-2,1.773793774E2
2.513570211E2,2.286089041E-2,6.538754678E-4,1.573795453E-3,9.997372031E-1,1.773801067E2,1.820096605E-1,-7.078611929E-2,1.773799905E2
2.513620211E2,2.285318373E-2,6.607958348E-4,1.569236629E-3,9.997373819E-1,1.773809900E2,1.815049729E-1,-7.159226911E-2,1.773808728E2
2.513670211E2,2.284830024E-2,6.627912517E-4,1.563550206E-3,9.997375011E-1,1.773815498E2,1.808584012E-1,-7.183664271E-2,1.773814326E2
2.513720211E2,2.286164563E-2,6.534633576E-4,1.562958816E-3,9.997372031E-1,1.773800201E2,1.807671695E-1,-7.076716043E-2,1.773799047E2
2.513770211E2,2.286668664E-2,6.512337131E-4,1.566393301E-3,9.997370839E-1,1.773794423E2,1.811551439E-1,-7.050181771E-2,1.773793271E2
2.513820211E2,2.285602979E-2,6.572731072E-4,1.567237661E-3,9.997373223E-1,1.773806638E2,1.812669437E-1,-7.119341921E-2,1.773805474E2
2.513870211E2,2.285882218E-2,6.553151761E-4,1.565352431E-3,9.997372627E-1,1.773803438E2,1.810460379E-1,-7.097354785E-2,1.773802279E2
2.513920211E2,2.286664409E-2,6.504897610E-4,1.567323343E-3,9.997370839E-1,1.773794472E2,1.812597385E-1,-7.041416005E-2,1.773793320E2
2.513970211E2,2.285895484E-2,6.563430652E-4,1.562982681E-3,9.997372627E-1,1.773803285E2,1.807772573E-1,-7.109748804E-2,1.773802126E2
2.514020211E2,2.285638608E-2,6.574920844E-4,1.561940764E-3,9.997373223E-1,1.773806230E2,1.806607205E-1,-7.123231496E-2,1.773805069E2
2.514070211E2,2.285626759E-2,6.583907525E-4,1.563295606E-3,9.997373223E-1,1.773806366E2,1.808182792E-1,-7.133174046E-2,1.773805202E2
2.514120211E2,2.284280852E-2,6.677267374E-4,1.565467799E-3,9.997376204E-1,1.773821793E2,1.810906105E-1,-7.239803330E-2,1.773820611E2
2.514170211E2,2.283504904E-2,6.724346313E-4,1.562460326E-3,9.997377992E-1,1.773830687E2,1.807578276E-1,-7.294665249E-2,1.773829498E2
2.514220211E2,2.285116897E-2,6.617114996E-4,1.560191624E-3,9.997374415E-1,1.773812210E2,1.804710143E-1,-7.172122073E-2,1.773811043E2
2.514270211E2,2.284808275E-2,6.634095334E-4,1.566463499E-3,9.997375011E-1,1.773815747E2,1.811937569E-1,-7.189988542E-2,1.773814572E2
2.514320211E2,2.283427252E-2,6.728890003E-4,1.573573682E-3,9.997377992E-1,1.773831577E2,1.820321270E-1,-7.296976537E-2,1.773830379E2
2.514370211E2,2.282120770E-2,6.819091504E-4,1.569874003E-3,9.997380972E-1,1.773846552E2,1.816309231E-1,-7.401518249E-2,1.773845340E2
2.514420211E2,2.282131127E-2,6.818242837E-4,1.568404492E-3,9.997380972E-1,1.773846433E2,1.814623588E-1,-7.400928435E-2,1.773845223E2
2.514470211E2,2.282115796E-2,6.826067111E-4,1.570293796E-3,9.997380972E-1,1.773846609E2,1.816808362E-1,-7.409400732E-2,1.773845396E2
2.514520211E2,2.282100776E-2,6.817230023E-4,1.572858542E-3,9.997380972E-1,1.773846781E2,1.819723360E-1,-7.398608817E-2,1.773845568E2
2.514570211E2,2.282406964E-2,6.791595370E-4,1.567415311E-3,9.997380376E-1,1.773843271E2,1.813422701E-1,-7.370609335E-2,1.773842067E2
2.514620211E2,2.281901232E-2,6.828206242E-4,1.563419239E-3,9.997381568E-1,1.773849068E2,1.808936741E-1,-7.413688038E-2,1.773847860E2
2.514670211E2,2.281888921E-2,6.833781954E-4,1.564971753E-3,9.997381568E-1,1.773849209E2,1.810729822E-1,-7.419671911E-2,1.773847999E2
2.514720211E2,2.281901617E-2,6.828823243E-4,1.563336118E-3,9.997381568E-1,1.773849064E2,1.808843133E-1,-7.414416551E-2,1.773847855E2
2.514770211E2,2.282800121E-2,6.781895063E-4,1.548483502E-3,9.997379780E-1,1.773838765E2,1.791711580E-1,-7.364377795E-2,1.773837576E2
2.514820211E2,2.284125181E-2,6.693913601E-4,1.549323206E-3,9.997376800E-1,1.773823577E2,1.792453006E-1,-7.263127607E-2,1.773822404E2
2.514870211E2,2.284128258E-2,6.689684233E-4,1.549052191E-3,9.997376800E-1,1.773823542E2,1.792131477E-1,-7.258352764E-2,1.773822369E2
2.514920211E2,2.283611119E-2,6.718019140E-4,1.547133899E-3,9.997377992E-1,1.773829469E2,1.790004249E-1,-7.291408383E-2,1.773828293E2
2.514970211E2,2.283353151E-2,6.745768478E-4,1.545484411E-3,9.997378588E-1,1.773832426E2,1.788185299E-1,-7.323676260E-2,1.773831246E2
2.515020211E2,2.283847066E-2,6.696496275E-4,1.551747671E-3,9.997377396E-1,1.773826765E2,1.795235259E-1,-7.265501686E-2,1.773825589E2
2.515070211E2,2.284086561E-2,6.685034605E-4,1.555388328E-3,9.997376800E-1,1.773824020E2,1.799377800E-1,-7.251375075E-2,1.773822843E2
2.515120211E2,2.283329732E-2,6.732514012E-4,1.549517154E-3,9.997378588E-1,1.773832695E2,1.792770429E-1,-7.307440708E-2,1.773831514E2
2.515170211E2,2.283574591E-2,6.727336440E-4,1.552112633E-3,9.997377992E-1,1.773829888E2,1.795732099E-1,-7.300786080E-2,1.773828706E2
2.515220211E2,2.284067874E-2,6.695454940E-4,1.557682524E-3,9.997376800E-1,1.773824234E2,1.802033216E-1,-7.262715636E-2,1.773823054E2
2.515270211E2,2.283048409E-2,6.750803441E-4,1.551715890E-3,9.997379184E-1,1.773835919E2,1.795335142E-1,-7.327868557E-2,1.773834734E2
2.515320211E2,2.283568565E-2,6.722728722E-4,1.553198439E-3,9.997377992E-1,1.773829957E2,1.796963915E-1,-7.295224344E-2,1.773828775E2
2.515370211E2,2.285402425E-2,6.600415800E-4,1.557267504E-3,9.997373819E-1,1.773808937E2,1.801318527E-1,-7.153705506E-2,1.773807775E2
2.515420211E2,2.284828662E-2,6.636942271E-4,1.563366270E-3,9.997375011E-1,1.773815514E2,1.808396927E-1,-7.194057302E-2,1.773814340E2
2.515470211E2,2.284055581E-2,6.696687778E-4,1.559431199E-3,9.997376800E-1,1.773824375E2,1.804039668E-1,-7.263672502E-2,1.773823194E2
2.515520211E2,2.284306873E-2,6.668356364E-4,1.562046935E-3,9.997376204E-1,1.773821494E2,1.806963959E-1,-7.230485520E-2,1.773820316E2
2.515570211E2,2.285617082E-2,6.586839445E-4,1.564586302E-3,9.997373223E-1,1.773806477E2,1.809669049E-1,-7.136196582E-2,1.773805312E2
2.515620211E2,2.285638615E-2,6.569769466E-4,1.562156482E-3,9.997373223E-1,1.773806230E2,1.806840841E-1,-7.117273497E-2,1.773805070E2
2.515670211E2,2.285650337E-2,6.583158392E-4,1.559876138E-3,9.997373223E-1,1.773806095E2,1.804263594E-1,-7.133207219E-2,1.773804935E2
2.515720211E2,2.285655223E-2,6.574783474E-4,1.559513272E-3,9.997373223E-1,1.773806039E2,1.803825984E-1,-7.123706950E-2,1.773804881E2
2.515770211E2,2.285895068E-2,6.562155322E-4,1.563097001E-3,9.997372627E-1,1.773803290E2,1.807900195E-1,-7.108257896E-2,1.773802131E2
2.515820211E2,2.285883527E-2,6.564800278E-4,1.564673032E-3,9.997372627E-1,1.773803423E2,1.809712572E-1,-7.110877235E-2,1.773802262E2
2.515870211E2,2.284832792E-2,6.638524937E-4,1.562695368E-3,9.997375011E-1,1.773815466E2,1.807632504E-1,-7.196045347E-2,1.773814293E2
2.515920211E2,2.285373278E-2,6.593919243E-4,1.561813639E-3,9.997373819E-1,1.773809271E2,1.806509438E-1,-7.145077588E-2,1.773808107E2
2.515970211E2,2.286701348E-2,6.507319049E-4,1.561823883E-3,9.997370839E-1,1.773794049E2,1.806303711E-1,-7.045624469E-2,1.773792900E2
2.516020211E2,2.284850544E-2,6.631007418E-4,1.560417353E-3,9.997375011E-1,1.773815263E2,1.805003210E-1,-7.188026420E-2,1.773814093E2
2.516070211E2,2.284866969E-2,6.634800229E-4,1.557848882E-3,9.997375011E-1,1.773815074E2,1.802070772E-1,-7.193041082E-2,1.773813906E2
2.516120211E2,2.286445756E-2,6.519391900E-4,1.560586155E-3,9.997371435E-1,1.773796978E2,1.804915583E-1,-7.059825793E-2,1.773795829E2
2.516170211E2,2.285096423E-2,6.607244723E-4,1.563604921E-3,9.997374415E-1,1.773812444E2,1.808594483E-1,-7.159924412E-2,1.773811277E2
2.516220211E2,2.284073361E-2,6.686002598E-4,1.557283918E-3,9.997376800E-1,1.773824171E2,1.801551862E-1,-7.251990233E-2,1.773822993E2
2.516270211E2,2.285949413E-2,6.551878178E-4,1.555562369E-3,9.997372627E-1,1.773802667E2,1.799241845E-1,-7.098448209E-2,1.773801515E2
2.516320211E2,2.285639794E-2,6.570283440E-4,1.561962301E-3,9.997373223E-1,1.773806216E2,1.806619739E-1,-7.117912961E-2,1.773805056E2
2.516370211E2,2.284596581E-2,6.643784000E-4,1.558869844E-3,9.997375607E-1,1.773818174E2,1.803261982E-1,-7.203114469E-2,1.773817003E2
2.516420211E2,2.285956508E-2,6.561392220E-4,1.554118120E-3,9.997372627E-1,1.773802586E2,1.797612264E-1,-7.109724700E-2,1.773801433E2
2.516470211E2,2.285955679E-2,6.556945737E-4,1.554427668E-3,9.997372627E-1,1.773802596E2,1.797955233E-1,-7.104549802E-2,1.773801444E2
2.516520211E2,2.284873474E-2,6.633091252E-4,1.556967385E-3,9.997375011E-1,1.773815000E2,1.801056485E-1,-7.191312890E-2,1.773813832E2
2.516570211E2,2.284862743E-2,6.624842645E-4,1.558892080E-3,9.997375011E-1,1.773815123E2,1.803239773E-1,-7.181361134E-2,1.773813955E2
2.516620211E2,2.285128806E-2,6.608445547E-4,1.558814314E-3,9.997374415E-1,1.773812073E2,1.803109652E-1,-7.162548745E-2,1.773810909E2
2.516670211E2,2.284304421E-2,6.669852301E-4,1.562341582E-3,9.997376204E-1,1.773821522E2,1.807305411E-1,-7.232122601E-2,1.773820344E2
2.516720211E2,2.284556321E-2,6.648558774E-4,1.564556034E-3,9.997375607E-1,1.773818635E2,1.809788399E-1,-7.207103124E-2,1.773817459E2
2.516770211E2,2.284536522E-2,6.660391809E-4,1.566942083E-3,9.997375607E-1,1.773818862E2,1.812552739E-1,-7.220038145E-2,1.773817682E2
2.516820211E2,2.283470922E-2,6.730300956E-4,1.567163272E-3,9.997377992E-1,1.773831076E2,1.812981395E-1,-7.300262465E-2,1.773829883E2
2.516870211E2,2.283506108E-2,6.729523884E-4,1.562061487E-3,9.997377992E-1,1.773830673E2,1.807134917E-1,-7.300700907E-2,1.773829484E2
2.516920211E2,2.284306991E-2,6.665049586E-4,1.562170917E-3,9.997376204E-1,1.773821493E2,1.807097339E-1,-7.226664749E-2,1.773820316E2
2.516970211E2,2.284536140E-2,6.661659572E-4,1.566943829E-3,9.997375607E-1,1.773818866E2,1.812558056E-1,-7.221490125E-2,1.773817686E2
2.517020211E2,2.284521846E-2,6.647624541E-4,1.569621614E-3,9.997375607E-1,1.773819030E2,1.815588927E-1,-7.204712929E-2,1.773817851E2
2.517070211E2,2.285550932E-2,6.581877824E-4,1.574427588E-3,9.997373223E-1,1.773807235E2,1.820929937E-1,-7.127946850E-2,1.773806064E2
2.517120211E2,2.285276581E-2,6.594450679E-4,1.575877075E-3,9.997373819E-1,1.773810379E2,1.822621470E-1,-7.142020872E-2,1.773809205E2
2.517170211E2,2.283996678E-2,6.689554430E-4,1.568339067E-3,9.997376800E-1,1.773825050E2,1.814225588E-1,-7.253179521E-2,1.773823864E2
2.517220211E2,2.285652394E-2,6.573359133E-4,1.559987897E-3,9.997373223E-1,1.773806072E2,1.804365972E-1,-7.121951396E-2,1.773804913E2
2.517270211E2,2.287458272E-2,6.459617871E-4,1.567413099E-3,9.997369051E-1,1.773785373E2,1.812587099E-1,-6.989375418E-2,1.773784229E2
2.517320211E2,2.285888073E-2,6.568588433E-4,1.563849626E-3,9.997372627E-1,1.773803370E2,1.808779220E-1,-7.115431874E-2,1.773802210E2
2.517370211E2,2.285630578E-2,6.586496602E-4,1.562627964E-3,9.997373223E-1,1.773806322E2,1.807424739E-1,-7.136314313E-2,1.773805159E2
2.517420211E2,2.286700995E-2,6.510408712E-4,1.561746816E-3,9.997370839E-1,1.773794053E2,1.806223517E-1,-7.049184291E-2,1.773792904E2
2.517470211E2,2.285334369E-2,6.591497804E-4,1.567598549E-3,9.997373819E-1,1.773809717E2,1.813130117E-1,-7.140795560E-2,1.773808549E2
2.517520211E2,2.284555247E-2,6.651314907E-4,1.564595732E-3,9.997375607E-1,1.773818647E2,1.809841086E-1,-7.210250393E-2,1.773817471E2
2.517570211E2,2.286174524E-2,6.539580063E-4,1.561293961E-3,9.997372031E-1,1.773800087E2,1.805777437E-1,-7.082817183E-2,1.773798933E2
2.517620211E2,2.286153641E-2,6.549693644E-4,1.563925645E-3,9.997372031E-1,1.773800326E2,1.808818693E-1,-7.093717760E-2,1.773799169E2
2.517670211E2,2.284278516E-2,6.680237711E-4,1.565681887E-3,9.997376204E-1,1.773821819E2,1.811159127E-1,-7.243150574E-2,1.773820637E2
2.517720211E2,2.284253898E-2,6.680474617E-4,1.569259330E-3,9.997376204E-1,1.773822102E2,1.815257954E-1,-7.242489975E-2,1.773820916E2
2.517770211E2,2.284204326E-2,6.679676007E-4,1.576492446E-3,9.997376204E-1,1.773822670E2,1.823541898E-1,-7.239690716E-2,1.773821479E2
2.517820211E2,2.284166902E-2,6.678148056E-4,1.581970020E-3,9.997376204E-1,1.773823099E2,1.829812838E-1,-7.236513296E-2,1.773821905E2
2.517870211E2,2.284434641E-2,6.660757354E-4,1.581710414E-3,9.997375607E-1,1.773820030E2,1.829471836E-1,-7.216609200E-2,1.773818839E2
2.517920211E2,2.283922759E-2,6.687521818E-4,1.579153351E-3,9.997376800E-1,1.773825897E2,1.826608779E-1,-7.248033916E-2,1.773824703E2
2.517970211E2,2.283658623E-2,6.715722266E-4,1.578421216E-3,9.997377396E-1,1.773828925E2,1.825841922E-1,-7.280580645E-2,1.773827726E2
2.518020211E2,2.284467481E-2,6.648064591E-4,1.577495714E-3,9.997375607E-1,1.773819653E2,1.824610402E-1,-7.203165547E-2,1.773818468E2
2.518070211E2,2.285514481E-2,6.579989567E-4,1.579788746E-3,9.997373223E-1,1.773807653E2,1.827066573E-1,-7.124386118E-2,1.773806478E2
2.518120211E2,2.284713684E-2,6.635771715E-4,1.580129494E-3,9.997375011E-1,1.773816831E2,1.827597295E-1,-7.188348128E-2,1.773815647E2
2.518170211E2,2.283888332E-2,6.689135334E-4,1.584056532E-3,9.997376800E-1,1.773826292E2,1.832229928E-1,-7.248605382E-2,1.773825094E2
2.518220211E2,2.284960615E-2,6.621682551E-4,1.582724042E-3,9.997374415E-1,1.773814001E2,1.830534537E-1,-7.171482846E-2,1.773812817E2
2.518270211E2,2.283628341E-2,6.713115145E-4,1.582906931E-3,9.997377396E-1,1.773829272E2,1.830973798E-1,-7.276425519E-2,1.773828070E2
2.518320211E2,2.282328048E-2,6.803738070E-4,1.578341820E-3,9.997380376E-1,1.773844176E2,1.825971500E-1,-7.381676712E-2,1.773842961E2
2.518370211E2,2.284970008E-2,6.624584785E-4,1.581245917E-3,9.997374415E-1,1.773813893E2,1.828848837E-1,-7.175193017E-2,1.773812710E2
2.518420211E2,2.285736871E-2,6.573281717E-4,1.585601713E-3,9.997372627E-1,1.773805104E2,1.833710026E-1,-7.115138223E-2,1.773803926E2
2.518470211E2,2.283314153E-2,6.725806161E-4,1.590031083E-3,9.997377992E-1,1.773832873E2,1.839166286E-1,-7.289157974E-2,1.773831664E2
2.518520211E2,2.283824166E-2,6.703141262E-4,1.592692104E-3,9.997376800E-1,1.773827027E2,1.842159196E-1,-7.262402451E-2,1.773825821E2
2.518570211E2,2.285930613E-2,6.543573691E-4,1.596444519E-3,9.997372031E-1,1.773802883E2,1.846055292E-1,-7.078228345E-2,1.773801704E2
2.518620211E2,2.284625610E-2,6.645601825E-4,1.592403045E-3,9.997375011E-1,1.773817841E2,1.841683208E-1,-7.196412400E-2,1.773816645E2
2.518670211E2,2.284640686E-2,6.647687405E-4,1.590151456E-3,9.997375011E-1,1.773817668E2,1.839109316E-1,-7.199388390E-2,1.773816474E2
2.518720211E2,2.287265958E-2,6.461527664E-4,1.595153823E-3,9.997369051E-1,1.773787577E2,1.844371028E-1,-6.984326961E-2,1.773786414E2
2.518770211E2,2.286152555E-2,6.542080082E-4,1.602040837E-3,9.997371435E-1,1.773800339E2,1.852464193E-1,-7.075010106E-2,1.773799156E2
2.518820211E2,2.284051144E-2,6.676033954E-4,1.598684583E-3,9.997376204E-1,1.773824426E2,1.848954983E-1,-7.229737576E-2,1.773823220E2
2.518870211E2,2.285669533E-2,6.563083152E-4,1.595698996E-3,9.997372627E-1,1.773805875E2,1.845250463E-1,-7.100822160E-2,1.773804693E2
2.518920211E2,2.285650594E-2,6.577550666E-4,1.597814728E-3,9.997372627E-1,1.773806092E2,1.847712048E-1,-7.116845685E-2,1.773804906E2
2.518970211E2,2.283812512E-2,6.704439293E-4,1.594307832E-3,9.997376800E-1,1.773827161E2,1.844013518E-1,-7.263468777E-2,1.773825953E2
2.519020211E2,2.285197414E-2,6.604687660E-4,1.586890197E-3,9.997373819E-1,1.773811287E2,1.835264550E-1,-7.150878867E-2,1.773810103E2
2.519070211E2,2.286721049E-2,6.503132754E-4,1.596873859E-3,9.997370243E-1,1.773793823E2,1.846446762E-1,-7.031640150E-2,1.773792651E2
2.519120211E2,2.285101991E-2,6.607496762E-4,1.600456308E-3,9.997373819E-1,1.773812381E2,1.850812811E-1,-7.150562035E-2,1.773811186E2
2.519170211E2,2.285666924E-2,6.565640215E-4,1.595967566E-3,9.997372627E-1,1.773805905E2,1.845564822E-1,-7.103681703E-2,1.773804722E2
2.519220211E2,2.286931698E-2,6.482201861E-4,1.604854711E-3,9.997369647E-1,1.773791408E2,1.855536392E-1,-7.005530926E-2,1.773790235E2
2.519270211E2,2.286403117E-2,6.510293460E-4,1.604771242E-3,9.997370839E-1,1.773797467E2,1.855510674E-1,-7.037833051E-2,1.773796288E2
2.519320211E2,2.287470730E-2,6.447839551E-4,1.603677869E-3,9.997368455E-1,1.773785230E2,1.854101873E-1,-6.966373416E-2,1.773784063E2
2.519370211E2,2.288013478E-2,6.403566804E-4,1.602340373E-3,9.997367263E-1,1.773779009E2,1.852457304E-1,-6.915903959E-2,1.773777852E2
2.519420211E2,2.286175720E-2,6.534363492E-4,1.599047217E-3,9.997371435E-1,1.773800073E2,1.849014593E-1,-7.066949869E-2,1.773798894E2
2.519470211E2,2.285645587E-2,6.577383610E-4,1.598537667E-3,9.997372627E-1,1.773806150E2,1.848539787E-1,-7.116465870E-2,1.773804963E2
2.519520211E2,2.286675290E-2,6.499051233E-4,1.603578567E-3,9.997370243E-1,1.773794347E2,1.854116778E-1,-7.025215811E-2,1.773793171E2
2.519570211E2,2.286137501E-2,6.542599294E-4,1.604166464E-3,9.997371435E-1,1.773800511E2,1.854900604E-1,-7.075050831E-2,1.773799327E2
2.519620211E2,2.285369833E-2,6.584447110E-4,1.600394608E-3,9.997373223E-1,1.773809311E2,1.850683670E-1,-7.124122583E-2,1.773808121E2
2.519670211E2,2.286455308E-2,6.509484374E-4,1.597350929E-3,9.997370839E-1,1.773796869E2,1.847008077E-1,-7.038840738E-2,1.773795695E2
2.519720211E2,2.286415377E-2,6.521423929E-4,1.602571108E-3,9.997370839E-1,1.773797326E2,1.853019414E-1,-7.051158474E-2,1.773796147E2
2.519770211E2,2.286153624E-2,6.542218034E-4,1.601882628E-3,9.997371435E-1,1.773800327E2,1.852283315E-1,-7.075209396E-2,1.773799144E2
2.519820211E2,2.286714744E-2,6.496030255E-4,1.598065486E-3,9.997370243E-1,1.773793895E2,1.847793254E-1,-7.023192322E-2,1.773792724E2
2.519870211E2,2.287475788E-2,6.448290078E-4,1.602938166E-3,9.997368455E-1,1.773785172E2,1.853255673E-1,-6.967082513E-2,1.773784006E2
2.519920211E2,2.285616104E-2,6.570431287E-4,1.603032812E-3,9.997372627E-1,1.773806488E2,1.853671086E-1,-7.107329248E-2,1.773805299E2
2.519970211E2,2.284818755E-2,6.628377014E-4,1.602796139E-3,9.997374415E-1,1.773815627E2,1.853546016E-1,-7.173922557E-2,1.773814427E2
2.520020211E2,2.285125862E-2,6.605808740E-4,1.597114257E-3,9.997373819E-1,1.773812107E2,1.846979846E-1,-7.149498970E-2,1.773810916E2
2.520070211E2,2.285631626E-2,6.573110004E-4,1.600708230E-3,9.997372627E-1,1.773806310E2,1.851015131E-1,-7.111004017E-2,1.773805122E2
2.520120211E2,2.285620693E-2,6.570687401E-4,1.602367847E-3,9.997372627E-1,1.773806435E2,1.852909994E-1,-7.107795975E-2,1.773805247E2
2.520170211E2,2.286179284E-2,6.536075962E-4,1.598467585E-3,9.997371435E-1,1.773800033E2,1.848355068E-1,-7.069062897E-2,1.773798853E2
2.520220211E2,2.285904058E-2,6.553955027E-4,1.599817537E-3,9.997372031E-1,1.773803187E2,1.849946491E-1,-7.089242674E-2,1.773802004E2
2.520270211E2,2.285346915E-2,6.580498302E-4,1.603825949E-3,9.997373223E-1,1.773809573E2,1.854604173E-1,-7.118704365E-2,1.773808382E2
2.520320211E2,2.286141979E-2,6.543709897E-4,1.603482873E-3,9.997371435E-1,1.773800460E2,1.854120411E-1,-7.076501413E-2,1.773799276E2
2.520370211E2,2.285661597E-2,6.574559957E-4,1.596363261E-3,9.997372627E-1,1.773805966E2,1.846041466E-1,-7.113797632E-2,1.773804781E2
2.520420211E2,2.285690761E-2,6.574079162E-4,1.592201879E-3,9.997372627E-1,1.773805632E2,1.841273058E-1,-7.114331444E-2,1.773804450E2
2.520470211E2,2.285406835E-2,6.588649121E-4,1.594928326E-3,9.997373223E-1,1.773808886E2,1.844432668E-1,-7.130361242E-2,1.773807700E2
2.520520211E2,2.284070967E-2,6.684330874E-4,1.595502603E-3,9.997376204E-1,1.773824198E2,1.845331509E-1,-7.240071865E-2,1.773822993E2
2.520570211E2,2.283039496E-2,6.750742323E-4,1.590936212E-3,9.997378588E-1,1.773836021E2,1.840266462E-1,-7.317538949E-2,1.773834807E2
2.520620211E2,2.282765570E-2,6.763887359E-4,1.592228888E-3,9.997379184E-1,1.773839161E2,1.841779762E-1,-7.332310370E-2,1.773837943E2
2.520670211E2,2.282730064E-2,6.776538212E-4,1.596774906E-3,9.997379184E-1,1.773839568E2,1.847020604E-1,-7.345620714E-2,1.773838345E2
2.520720211E2,2.282757045E-2,6.771147018E-4,1.593142282E-3,9.997379184E-1,1.773839259E2,1.842845094E-1,-7.340389778E-2,1.773838039E2
2.520770211E2,2.283534261E-2,6.707895664E-4,1.596641028E-3,9.997377396E-1,1.773830350E2,1.846693495E-1,-7.266869207E-2,1.773829140E2
2.520820211E2,2.283475173E-2,6.712105824E-4,1.604893478E-3,9.997377396E-1,1.773831027E2,1.856158246E-1,-7.269543850E-2,1.773829810E2
2.520870211E2,2.283471464E-2,6.711510941E-4,1.605446101E-3,9.997377396E-1,1.773831070E2,1.856789758E-1,-7.268718422E-2,1.773829853E2
2.520920211E2,2.284862399E-2,6.629498093E-4,1.596515882E-3,9.997374415E-1,1.773815127E2,1.846354486E-1,-7.176843203E-2,1.773813931E2
2.520970211E2,2.285677692E-2,6.561290356E-4,1.594603644E-3,9.997372627E-1,1.773805782E2,1.843990970E-1,-7.099053707E-2,1.773804601E2
2.521020211E2,2.285364493E-2,6.590328412E-4,1.600914984E-3,9.997373223E-1,1.773809372E2,1.851295190E-1,-7.130724994E-2,1.773808181E2
2.521070211E2,2.285377719E-2,6.589776021E-4,1.599048497E-3,9.997373223E-1,1.773809220E2,1.849155555E-1,-7.130578546E-2,1.773808030E2
2.521120211E2,2.285399818E-2,6.579014007E-4,1.596330898E-3,9.997373223E-1,1.773808967E2,1.846014193E-1,-7.118957072E-2,1.773807781E2
2.521170211E2,2.286181145E-2,6.531793042E-4,1.598376548E-3,9.997371435E-1,1.773800011E2,1.848239566E-1,-7.064179828E-2,1.773798833E2
2.521220211E2,2.287263734E-2,6.466155173E-4,1.595285139E-3,9.997369051E-1,1.773787602E2,1.844533582E-1,-6.989594293E-2,1.773786438E2
2.521270211E2,2.287563318E-2,6.445525796E-4,1.590509899E-3,9.997368455E-1,1.773784169E2,1.839010992E-1,-6.967157524E-2,1.773783012E2
2.521320211E2,2.286516171E-2,6.504269550E-4,1.588828512E-3,9.997370839E-1,1.773796171E2,1.837231406E-1,-7.035088422E-2,1.773795005E2
2.521370211E2,2.287294471E-2,6.454884424E-4,1.591329696E-3,9.997369051E-1,1.773787250E2,1.839972825E-1,-6.977713476E-2,1.773786091E2
2.521420211E2,2.286781355E-2,6.487398059E-4,1.588857849E-3,9.997370243E-1,1.773793132E2,1.837222663E-1,-7.015703774E-2,1.773791968E2
2.521470211E2,2.285737227E-2,6.570447003E-4,1.585667953E-3,9.997372627E-1,1.773805099E2,1.833778489E-1,-7.111873318E-2,1.773803923E2
2.521520211E2,2.287327756E-2,6.458096323E-4,1.586407539E-3,9.997369051E-1,1.773786869E2,1.834342567E-1,-6.982677145E-2,1.773785712E2
2.521570211E2,2.288095203E-2,6.396772806E-4,1.590901054E-3,9.997367263E-1,1.773778072E2,1.839334968E-1,-6.911104999E-2,1.773776924E2
2.521620211E2,2.286483550E-2,6.506686914E-4,1.593417488E-3,9.997370839E-1,1.773796545E2,1.842494724E-1,-7.036661364E-2,1.773795375E2
2.521670211E2,2.286538886E-2,6.509634550E-4,1.585335936E-3,9.997370839E-1,1.773795911E2,1.833244466E-1,-7.042145630E-2,1.773794746E2
2.521720211E2,2.287311279E-2,6.453112583E-4,1.588983927E-3,9.997369051E-1,1.773787057E2,1.837280943E-1,-6.976295405E-2,1.773785900E2
2.521770211E2,2.286760089E-2,6.492782268E-4,1.591696171E-3,9.997370243E-1,1.773793375E2,1.840488258E-1,-7.021132113E-2,1.773792209E2
2.521820211E2,2.286242895E-2,6.534634740E-4,1.589402789E-3,9.997371435E-1,1.773799303E2,1.837966947E-1,-7.069774994E-2,1.773798131E2
2.521870211E2,2.287058133E-2,6.469616783E-4,1.587248407E-3,9.997369647E-1,1.773789959E2,1.835334193E-1,-6.995704240E-2,1.773788800E2
2.521920211E2,2.286978880E-2,6.486924249E-4,1.597925439E-3,9.997369647E-1,1.773790867E2,1.847610801E-1,-7.012748233E-2,1.773789698E2
2.521970211E2,2.286168855E-2,6.530606770E-4,1.600181800E-3,9.997371435E-1,1.773800152E2,1.850304501E-1,-7.062350135E-2,1.773798973E2
2.522020211E2,2.287231479E-2,6.464478211E-4,1.599970739E-3,9.997369051E-1,1.773787972E2,1.849896868E-1,-6.986450951E-2,1.773786805E2
2.522070211E2,2.288008027E-2,6.406095345E-4,1.603017561E-3,9.997367263E-1,1.773779071E2,1.853239695E-1,-6.918624144E-2,1.773777913E2
2.522120211E2,2.286937029E-2,6.477996358E-4,1.604264718E-3,9.997369647E-1,1.773791347E2,1.854849500E-1,-7.000866674E-2,1.773790175E2
2.522170211E2,2.287191581E-2,6.456081755E-4,1.606001984E-3,9.997369051E-1,1.773788429E2,1.856784082E-1,-6.975258414E-2,1.773787260E2
2.522220211E2,2.287523809E-2,6.438049022E-4,1.596483868E-3,9.997368455E-1,1.773784621E2,1.845835000E-1,-6.957033258E-2,1.773783462E2
2.522270211E2,2.286981600E-2,6.478995783E-4,1.597857801E-3,9.997369647E-1,1.773790836E2,1.847512553E-1,-7.003682491E-2,1.773789668E2
2.522320211E2,2.287494341E-2,6.443219609E-4,1.600492513E-3,9.997368455E-1,1.773784959E2,1.850440726E-1,-6.961911373E-2,1.773783796E2
2.522370211E2,2.287232033E-2,6.452105590E-4,1.600390999E-3,9.997369051E-1,1.773787966E2,1.850345895E-1,-6.972166441E-2,1.773786801E2
2.522420211E2,2.286159517E-2,6.538791349E-4,1.601181342E-3,9.997371435E-1,1.773800259E2,1.851470973E-1,-7.071466371E-2,1.773799077E2
2.522470211E2,2.286431962E-2,6.508939550E-4,1.600711374E-3,9.997370839E-1,1.773797136E2,1.850856271E-1,-7.037340396E-2,1.773795961E2
2.522520211E2,2.287707434E-2,6.420350983E-4,1.608167193E-3,9.997367859E-1,1.773782517E2,1.859174501E-1,-6.933661281E-2,1.773781352E2
2.522570211E2,2.286641617E-2,6.503112963E-4,1.608208986E-3,9.997370243E-1,1.773794733E2,1.859431878E-1,-7.028661869E-2,1.773793553E2
2.522620211E2,2.286146436E-2,6.533290143E-4,1.603272278E-3,9.997371435E-1,1.773800409E2,1.853851880E-1,-7.064618736E-2,1.773799227E2
2.522670211E2,2.286916288E-2,6.473562098E-4,1.607397338E-3,9.997369647E-1,1.773791585E2,1.858426519E-1,-6.994969593E-2,1.773790411E2
2.522720211E2,2.285554423E-2,6.566240918E-4,1.611973974E-3,9.997372627E-1,1.773807195E2,1.863902831E-1,-7.100198287E-2,1.773806000E2
2.522770211E2,2.284809806E-2,6.634271704E-4,1.603827579E-3,9.997374415E-1,1.773815730E2,1.854743024E-1,-7.180407198E-2,1.773814528E2
2.522820211E2,2.286442926E-2,6.513825501E-4,1.598945470E-3,9.997370839E-1,1.773797011E2,1.848846100E-1,-7.043398484E-2,1.773795835E2
2.522870211E2,2.286953661E-2,6.479408476E-4,1.601834898E-3,9.997369647E-1,1.773791157E2,1.852069672E-1,-7.003118132E-2,1.773789986E2
2.522920211E2,2.286176105E-2,6.538076559E-4,1.598840463E-3,9.997371435E-1,1.773800069E2,1.848787463E-1,-7.071257709E-2,1.773798889E2
2.522970211E2,2.286512015E-2,6.510533276E-4,1.589170075E-3,9.997370839E-1,1.773796219E2,1.837639091E-1,-7.042175504E-2,1.773795051E2
2.523020211E2,2.286771740E-2,6.494471454E-4,1.589952386E-3,9.997370243E-1,1.773793242E2,1.838495055E-1,-7.023522095E-2,1.773792076E2
2.523070211E2,2.285936701E-2,6.549197715E-4,1.595341833E-3,9.997372031E-1,1.773802813E2,1.844806812E-1,-7.084959047E-2,1.773801633E2
2.523120211E2,2.285675297E-2,6.577449967E-4,1.594281173E-3,9.997372627E-1,1.773805809E2,1.843663856E-1,-7.117651305E-2,1.773804625E2
2.523170211E2,2.286216881E-2,6.535215070E-4,1.593116554E-3,9.997371435E-1,1.773799602E2,1.842222841E-1,-7.069471630E-2,1.773798426E2
2.523220211E2,2.286452482E-2,6.511335378E-4,1.597679919E-3,9.997370839E-1,1.773796901E2,1.847389804E-1,-7.040875595E-2,1.773795727E2
2.523270211E2,2.285644510E-2,6.576257874E-4,1.598738017E-3,9.997372627E-1,1.773806162E2,1.848766356E-1,-7.115123932E-2,1.773804975E2
2.523320211E2,2.285665927E-2,6.575592561E-4,1.595700625E-3,9.997372627E-1,1.773805917E2,1.845285074E-1,-7.115153363E-2,1.773804732E2
2.523370211E2,2.286729708E-2,6.489044172E-4,1.596206916E-3,9.997370243E-1,1.773793723E2,1.845645838E-1,-7.015673239E-2,1.773792555E2
2.523420211E2,2.286981882E-2,6.480976590E-4,1.597737079E-3,9.997369647E-1,1.773790833E2,1.847379444E-1,-7.005983319E-2,1.773789665E2
2.523470211E2,2.286153254E-2,6.543165655E-4,1.601896714E-3,9.997371435E-1,1.773800331E2,1.852301933E-1,-7.076291382E-2,1.773799148E2
2.523520211E2,2.285354888E-2,6.589553086E-4,1.602317439E-3,9.997373223E-1,1.773809482E2,1.852899769E-1,-7.129471252E-2,1.773808290E2
2.523570211E2,2.285891262E-2,6.554099382E-4,1.601638854E-3,9.997372031E-1,1.773803334E2,1.852033313E-1,-7.088933312E-2,1.773802149E2
2.523620211E2,2.285360721E-2,6.584897637E-4,1.601676689E-3,9.997373223E-1,1.773809415E2,1.852153562E-1,-7.124304629E-2,1.773808224E2
2.523670211E2,2.285889160E-2,6.545907236E-4,1.602273784E-3,9.997372031E-1,1.773803358E2,1.852739223E-1,-7.079382333E-2,1.773802174E2
2.523720211E2,2.286172058E-2,6.537168520E-4,1.599456067E-3,9.997371435E-1,1.773800115E2,1.849490303E-1,-7.070056912E-2,1.773798935E2
2.523770211E2,2.285403070E-2,6.581176422E-4,1.595776179E-3,9.997373223E-1,1.773808930E2,1.845384384E-1,-7.121579047E-2,1.773807744E2
2.523820211E2,2.284850834E-2,6.619832711E-4,1.598570729E-3,9.997374415E-1,1.773815259E2,1.848683163E-1,-7.165234496E-2,1.773814064E2
2.523870211E2,2.284587579E-2,6.642453372E-4,1.597980969E-3,9.997375011E-1,1.773818277E2,1.848064864E-1,-7.191352152E-2,1.773817078E2
2.523920211E2,2.283790033E-2,6.694389158E-4,1.597946044E-3,9.997376800E-1,1.773827418E2,1.848155053E-1,-7.251007158E-2,1.773826210E2
2.523970211E2,2.284295336E-2,6.670900621E-4,1.601280761E-3,9.997375607E-1,1.773821627E2,1.851917540E-1,-7.223131979E-2,1.773820420E2
2.524020211E2,2.284528130E-2,6.638852064E-4,1.606606413E-3,9.997375011E-1,1.773818958E2,1.857936477E-1,-7.184979287E-2,1.773817754E2
2.524070211E2,2.283207358E-2,6.739420351E-4,1.604722231E-3,9.997377992E-1,1.773834097E2,1.856031590E-1,-7.300930326E-2,1.773832875E2
2.524120211E2,2.283236430E-2,6.726861466E-4,1.601108816E-3,9.997377992E-1,1.773833764E2,1.851859341E-1,-7.287482734E-2,1.773832547E2
2.524170211E2,2.284563869E-2,6.642392254E-4,1.601369586E-3,9.997375011E-1,1.773818549E2,1.851946597E-1,-7.190399364E-2,1.773817347E2
2.524220211E2,2.284300493E-2,6.659213104E-4,1.601031632E-3,9.997375607E-1,1.773821568E2,1.851601573E-1,-7.209806842E-2,1.773820363E2
2.524270211E2,2.283770290E-2,6.691396120E-4,1.600890420E-3,9.997376800E-1,1.773827645E2,1.851520209E-1,-7.246811355E-2,1.773826434E2
2.524320211E2,2.285129801E-2,6.615036400E-4,1.596168382E-3,9.997373819E-1,1.773812062E2,1.845920429E-1,-7.160317284E-2,1.773810869E2
2.524370211E2,2.284593135E-2,6.635737373E-4,1.597465598E-3,9.997375011E-1,1.773818213E2,1.847456902E-1,-7.183792102E-2,1.773817016E2
2.524420211E2,2.284094799E-2,6.685131812E-4,1.592053566E-3,9.997376204E-1,1.773823925E2,1.841382497E-1,-7.241887819E-2,1.773822722E2
2.524470211E2,2.284673691E-2,6.639881176E-4,1.585729420E-3,9.997375011E-1,1.773817290E2,1.834023147E-1,-7.191597146E-2,1.773816100E2
2.524520211E2,2.285475001E-2,6.590637495E-4,1.585047808E-3,9.997373223E-1,1.773808105E2,1.833119060E-1,-7.135214367E-2,1.773806925E2
2.524570211E2,2.285179227E-2,6.605348899E-4,1.589479507E-3,9.997373819E-1,1.773811495E2,1.838232513E-1,-7.150961657E-2,1.773810309E2
2.524620211E2,2.284928929E-2,6.628769916E-4,1.586996019E-3,9.997374415E-1,1.773814364E2,1.835446925E-1,-7.178489441E-2,1.773813176E2
2.524670211E2,2.284425532E-2,6.661018124E-4,1.583014498E-3,9.997375607E-1,1.773820134E2,1.830966436E-1,-7.216568215E-2,1.773818943E2
2.524720211E2,2.285217617E-2,6.598842447E-4,1.584221725E-3,9.997373819E-1,1.773811055E2,1.832192336E-1,-7.144877611E-2,1.773809874E2
2.524770211E2,2.286509452E-2,6.515145651E-4,1.589349704E-3,9.997370839E-1,1.773796248E2,1.837856945E-1,-7.047412912E-2,1.773795079E2
2.524820211E2,2.285544740E-2,6.588532124E-4,1.575047965E-3,9.997373223E-1,1.773807306E2,1.821658039E-1,-7.135408756E-2,1.773806133E2
2.524870211E2,2.285320097E-2,6.606050883E-4,1.569065964E-3,9.997373819E-1,1.773809881E2,1.814849229E-1,-7.157086073E-2,1.773808709E2
2.524920211E2,2.285869440E-2,6.559375906E-4,1.566956751E-3,9.997372627E-1,1.773803584E2,1.812314532E-1,-7.104067316E-2,1.773802423E2
2.524970211E2,2.286477729E-2,6.514980341E-4,1.556079369E-3,9.997371435E-1,1.773796612E2,1.799741192E-1,-7.055946955E-2,1.773795466E2
2.525020211E2,2.286193182E-2,6.534182467E-4,1.558785909E-3,9.997372031E-1,1.773799873E2,1.802890157E-1,-7.077287332E-2,1.773798722E2
2.525070211E2,2.285599266E-2,6.571225240E-4,1.567842206E-3,9.997373223E-1,1.773806681E2,1.813358044E-1,-7.117459146E-2,1.773805517E2
2.525120211E2,2.286379113E-2,6.526049692E-4,1.570043038E-3,9.997371435E-1,1.773797742E2,1.815766533E-1,-7.064987276E-2,1.773796585E2
2.525170211E2,2.285335954E-2,6.599911721E-4,1.567013329E-3,9.997373819E-1,1.773809699E2,1.812481727E-1,-7.150587648E-2,1.773808530E2
2.525220211E2,2.284543160E-2,6.646871334E-4,1.566548366E-3,9.997375607E-1,1.773818786E2,1.812066338E-1,-7.204650754E-2,1.773817609E2
2.525270211E2,2.286648721E-2,6.507869111E-4,1.569487271E-3,9.997370839E-1,1.773794652E2,1.815084097E-1,-7.044256003E-2,1.773793498E2
2.525320211E2,2.286071474E-2,6.545903161E-4,1.576048322E-3,9.997372031E-1,1.773801268E2,1.822696138E-1,-7.086214336E-2,1.773800103E2
2.525370211E2,2.283969408E-2,6.688580033E-4,1.572346897E-3,9.997376800E-1,1.773825362E2,1.818814285E-1,-7.251019194E-2,1.773824173E2
2.525420211E2,2.284490876E-2,6.653862656E-4,1.573859015E-3,9.997375607E-1,1.773819385E2,1.820459482E-1,-7.210755700E-2,1.773818202E2
2.525470211E2,2.284745044E-2,6.636555190E-4,1.575555536E-3,9.997375011E-1,1.773816472E2,1.822359561E-1,-7.190437531E-2,1.773815290E2
2.525520211E2,2.284734673E-2,6.635042955E-4,1.577122370E-3,9.997375011E-1,1.773816591E2,1.824150520E-1,-7.188296748E-2,1.773815408E2
2.525570211E2,2.285278182E-2,6.604663795E-4,1.575217000E-3,9.997373819E-1,1.773810361E2,1.821892036E-1,-7.153893744E-2,1.773809185E2
2.525620211E2,2.285250772E-2,6.599066546E-4,1.579422504E-3,9.997373819E-1,1.773810675E2,1.826695083E-1,-7.146385099E-2,1.773809498E2
2.525670211E2,2.283643352E-2,6.705683772E-4,1.581055229E-3,9.997377396E-1,1.773829100E2,1.828833113E-1,-7.268393863E-2,1.773827901E2
2.525720211E2,2.283925983E-2,6.689198199E-4,1.578615978E-3,9.997376800E-1,1.773825860E2,1.825997565E-1,-7.250094461E-2,1.773824666E2
2.525770211E2,2.284202051E-2,6.677297060E-4,1.576922834E-3,9.997376204E-1,1.773822696E2,1.824028714E-1,-7.236853113E-2,1.773821506E2
2.525820211E2,2.284753628E-2,6.644747336E-4,1.573964721E-3,9.997375011E-1,1.773816374E2,1.820558606E-1,-7.200237530E-2,1.773815191E2
2.525870211E2,2.284747689E-2,6.633704179E-4,1.575291972E-3,9.997375011E-1,1.773816442E2,1.822050171E-1,-7.187239895E-2,1.773815261E2
2.525920211E2,2.284223544E-2,6.668525748E-4,1.574178226E-3,9.997376204E-1,1.773822450E2,1.820861634E-1,-7.227519084E-2,1.773821263E2
2.525970211E2,2.284504197E-2,6.656778860E-4,1.571800909E-3,9.997375607E-1,1.773819233E2,1.818109408E-1,-7.214632929E-2,1.773818050E2
2.526020211E2,2.286083699E-2,6.546594668E-4,1.574245398E-3,9.997372031E-1,1.773801128E2,1.820632573E-1,-7.087476635E-2,1.773799964E2
2.526070211E2,2.286859993E-2,6.491929526E-4,1.577312592E-3,9.997370243E-1,1.773792230E2,1.824008638E-1,-7.023906266E-2,1.773791074E2
2.526120211E2,2.285814658E-2,6.555332802E-4,1.575096278E-3,9.997372627E-1,1.773804212E2,1.821628341E-1,-7.097313281E-2,1.773803046E2
2.526170211E2,2.285267393E-2,6.605476374E-4,1.576747512E-3,9.997373819E-1,1.773810485E2,1.823647470E-1,-7.154425796E-2,1.773809308E2
2.526220211E2,2.285518985E-2,6.576419109E-4,1.579285832E-3,9.997373223E-1,1.773807601E2,1.826481105E-1,-7.120426645E-2,1.773806428E2
2.526270211E2,2.286295381E-2,6.537049194E-4,1.581735210E-3,9.997371435E-1,1.773798702E2,1.829189528E-1,-7.074540301E-2,1.773797534E2
2.526320211E2,2.285796160E-2,6.560384645E-4,1.577568473E-3,9.997372627E-1,1.773804424E2,1.824473636E-1,-7.102456539E-2,1.773803255E2
2.526370211E2,2.285291351E-2,6.601441419E-4,1.573440619E-3,9.997373819E-1,1.773810210E2,1.819848636E-1,-7.150664953E-2,1.773809036E2
2.526420211E2,2.285558150E-2,6.575855659E-4,1.573631191E-3,9.997373223E-1,1.773807152E2,1.820001847E-1,-7.121255044E-2,1.773805983E2
2.526470211E2,2.285795385E-2,6.558417226E-4,1.577762654E-3,9.997372627E-1,1.773804433E2,1.824690934E-1,-7.100151911E-2,1.773803264E2
2.526520211E2,2.285593782E-2,6.580618210E-4,1.568247564E-3,9.997373223E-1,1.773806744E2,1.813846995E-1,-7.128114696E-2,1.773805577E2
2.526570211E2,2.286675837E-2,6.507561193E-4,1.565544517E-3,9.997370839E-1,1.773794341E2,1.810566591E-1,-7.044931506E-2,1.773793190E2
2.526620211E2,2.287169524E-2,6.477374700E-4,1.570796012E-3,9.997369647E-1,1.773788682E2,1.816507150E-1,-7.008883583E-2,1.773787533E2
2.526670211E2,2.285257736E-2,6.609390839E-4,1.577982563E-3,9.997373819E-1,1.773810595E2,1.825072550E-1,-7.158588588E-2,1.773809417E2
2.526720211E2,2.284204894E-2,6.680930383E-4,1.576357055E-3,9.997376204E-1,1.773822663E2,1.823390080E-1,-7.241163084E-2,1.773821473E2
2.526770211E2,2.285271200E-2,6.605098606E-4,1.576211420E-3,9.997373819E-1,1.773810441E2,1.823032351E-1,-7.154132719E-2,1.773809265E2
2.526820211E2,2.285275475E-2,6.599804619E-4,1.575813396E-3,9.997373819E-1,1.773810392E2,1.822562532E-1,-7.148171306E-2,1.773809217E2
2.526870211E2,2.283682886E-2,6.710680900E-4,1.575121772E-3,9.997377396E-1,1.773828647E2,1.822049000E-1,-7.275664222E-2,1.773827451E2
2.526920211E2,2.284267673E-2,6.666600239E-4,1.567843719E-3,9.997376204E-1,1.773821944E2,1.813599982E-1,-7.226963338E-2,1.773820762E2
2.526970211E2,2.283476646E-2,6.732384791E-4,1.566239516E-3,9.997377992E-1,1.773831011E2,1.811928619E-1,-7.302890428E-2,1.773829818E2
2.527020211E2,2.282663989E-2,6.775548682E-4,1.568697509E-3,9.997379780E-1,1.773840325E2,1.814851527E-1,-7.351843969E-2,1.773839123E2
2.527070211E2,2.283483506E-2,6.725395215E-4,1.565539511E-3,9.997377992E-1,1.773830932E2,1.811108438E-1,-7.295064995E-2,1.773829741E2
2.527120211E2,2.284574272E-2,6.652900483E-4,1.561747747E-3,9.997375607E-1,1.773818429E2,1.806582670E-1,-7.212809026E-2,1.773817255E2
2.527170211E2,2.283529530E-2,6.730169407E-4,1.558605814E-3,9.997377992E-1,1.773830404E2,1.803177894E-1,-7.302340494E-2,1.773829218E2
2.527220211E2,2.284375516E-2,6.661557709E-4,1.552268048E-3,9.997376204E-1,1.773820708E2,1.795743781E-1,-7.225244410E-2,1.773819538E2
2.527270211E2,2.285706511E-2,6.573388819E-4,1.552037196E-3,9.997373223E-1,1.773805452E2,1.795257968E-1,-7.124058201E-2,1.773804298E2
2.527320211E2,2.285138408E-2,6.621751818E-4,1.556840842E-3,9.997374415E-1,1.773811963E2,1.800883723E-1,-7.178307672E-2,1.773810798E2
2.527370211E2,2.286206218E-2,6.539147580E-4,1.556664356E-3,9.997372031E-1,1.773799724E2,1.800472769E-1,-7.083528918E-2,1.773798573E2
2.527420211E2,2.287526617E-2,6.441759178E-4,1.558146439E-3,9.997369051E-1,1.773784589E2,1.801924707E-1,-6.971333040E-2,1.773783456E2
2.527470211E2,2.285906439E-2,6.562657072E-4,1.561412239E-3,9.997372627E-1,1.773803160E2,1.805971496E-1,-7.109271988E-2,1.773802002E2
2.527520211E2,2.286441489E-2,6.522978656E-4,1.561061363E-3,9.997371435E-1,1.773797027E2,1.805469357E-1,-7.063811091E-2,1.773795877E2
2.527570211E2,2.288870830E-2,6.349310279E-4,1.555753755E-3,9.997366071E-1,1.773769182E2,1.798950469E-1,-6.865807587E-2,1.773768067E2
2.527620211E2,2.287806921E-2,6.422742154E-4,1.556019299E-3,9.997368455E-1,1.773781376E2,1.799439910E-1,-6.950054024E-2,1.773780248E2
2.527670211E2,2.287539674E-2,6.450277288E-4,1.555875409E-3,9.997369051E-1,1.773784440E2,1.799345398E-1,-6.981684494E-2,1.773783306E2
2.527720211E2,2.289403968E-2,6.323088310E-4,1.554980059E-3,9.997364879E-1,1.773763071E2,1.797998970E-1,-6.835874384E-2,1.773761961E2
2.527770211E2,2.288534288E-2,6.380814011E-4,1.565640559E-3,9.997366667E-1,1.773773039E2,1.810357281E-1,-6.899366373E-2,1.773771912E2
2.527820211E2,2.287782898E-2,6.437380798E-4,1.558943768E-3,9.997368455E-1,1.773781652E2,1.802828448E-1,-6.966061875E-2,1.773780518E2
2.527870211E2,2.289945683E-2,6.276157219E-4,1.553757233E-3,9.997363687E-1,1.773756861E2,1.796478616E-1,-6.782332945E-2,1.773755761E2
2.527920211E2,2.290675982E-2,6.238750066E-4,1.562643331E-3,9.997361898E-1,1.773748491E2,1.806565431E-1,-6.737014937E-2,1.773747391E2
2.527970211E2,2.289311700E-2,6.322538829E-4,1.568527776E-3,9.997364879E-1,1.773764128E2,1.813517395E-1,-6.831707279E-2,1.773763010E2
2.528020211E2,2.290139508E-2,6.274201442E-4,1.563589321E-3,9.997363091E-1,1.773754640E2,1.807738606E-1,-6.777477196E-2,1.773753533E2
2.528070211E2,2.291179841E-2,6.189257838E-4,1.567003550E-3,9.997360706E-1,1.773742715E2,1.811434009E-1,-6.679080099E-2,1.773741622E2
2.528120211E2,2.290355990E-2,6.259210641E-4,1.570575871E-3,9.997362494E-1,1.773752158E2,1.815704634E-1,-6.758430647E-2,1.773751050E2
2.528170211E2,2.290664878E-2,6.231914740E-4,1.564542647E-3,9.997361898E-1,1.773748618E2,1.808723300E-1,-6.728687726E-2,1.773747519E2
2.528220211E2,2.291452708E-2,6.183187943E-4,1.565370243E-3,9.997360110E-1,1.773739588E2,1.809548748E-1,-6.672505799E-2,1.773738497E2
2.528270211E2,2.289816928E-2,6.280157249E-4,1.572458539E-3,9.997363687E-1,1.773758337E2,1.817912777E-1,-6.782031253E-2,1.773757224E2
2.528320211E2,2.290078820E-2,6.279685767E-4,1.572233858E-3,9.997363091E-1,1.773755335E2,1.817655917E-1,-6.781502459E-2,1.773754222E2
2.528370211E2,2.290883213E-2,6.217899499E-4,1.571205095E-3,9.997361302E-1,1.773746115E2,1.816320587E-1,-6.710843101E-2,1.773745014E2
2.528420211E2,2.290356505E-2,6.255371845E-4,1.570653752E-3,9.997362494E-1,1.773752153E2,1.815783784E-1,-6.754012335E-2,1.773751045E2
2.528470211E2,2.290075253E-2,6.271927268E-4,1.573062851E-3,9.997363091E-1,1.773755376E2,1.818585239E-1,-6.772397307E-2,1.773754264E2
2.528520211E2,2.290313379E-2,6.260971422E-4,1.576707582E-3,9.997362494E-1,1.773752647E2,1.822733560E-1,-6.758846220E-2,1.773751534E2
2.528570211E2,2.289022993E-2,6.349701434E-4,1.571572269E-3,9.997365475E-1,1.773767438E2,1.817074504E-1,-6.862078898E-2,1.773766312E2
2.528620211E2,2.289570184E-2,6.315516075E-4,1.569072367E-3,9.997364283E-1,1.773761166E2,1.814124626E-1,-6.823472137E-2,1.773760048E2
2.528670211E2,2.290380103E-2,6.257907953E-4,1.567107509E-3,9.997362494E-1,1.773751882E2,1.811727964E-1,-6.757844230E-2,1.773750776E2
2.528720211E2,2.290618051E-2,6.234874018E-4,1.571266213E-3,9.997361898E-1,1.773749155E2,1.816433386E-1,-6.730321472E-2,1.773748050E2
2.528770211E2,2.289873866E-2,6.293391925E-4,1.563613187E-3,9.997363687E-1,1.773757685E2,1.807814508E-1,-6.799503851E-2,1.773756575E2
2.528820211E2,2.290437256E-2,6.256992347E-4,1.558768679E-3,9.997362494E-1,1.773751227E2,1.802172842E-1,-6.758973686E-2,1.773750127E2
2.528870211E2,2.290664207E-2,6.228094571E-4,1.564793056E-3,9.997361898E-1,1.773748626E2,1.809000140E-1,-6.724245678E-2,1.773747527E2
2.528920211E2,2.289621597E-2,6.300316309E-4,1.562166028E-3,9.997364283E-1,1.773760576E2,1.806173072E-1,-6.807861848E-2,1.773759466E2
2.528970211E2,2.289079847E-2,6.340023829E-4,1.563662081E-3,9.997365475E-1,1.773766786E2,1.807987457E-1,-6.853056771E-2,1.773765667E2
2.529020211E2,2.289576808E-2,6.312147016E-4,1.568241161E-3,9.997364283E-1,1.773761090E2,1.813163588E-1,-6.819829383E-2,1.773759973E2
2.529070211E2,2.289284210E-2,6.327486481E-4,1.572335837E-3,9.997364879E-1,1.773764443E2,1.817892769E-1,-6.836381341E-2,1.773763321E2
2.529120211E2,2.288504409E-2,6.386353634E-4,1.569776563E-3,9.997366667E-1,1.773773382E2,1.815109882E-1,-6.904633366E-2,1.773772250E2
2.529170211E2,2.288766656E-2,6.362729473E-4,1.570462016E-3,9.997366071E-1,1.773770376E2,1.815834993E-1,-6.877341796E-2,1.773769248E2
2.529220211E2,2.289262888E-2,6.318180240E-4,1.575810718E-3,9.997364879E-1,1.773764688E2,1.821849091E-1,-6.824812252E-2,1.773763565E2
2.529270211E2,2.290309730E-2,6.256100023E-4,1.577430870E-3,9.997362494E-1,1.773752689E2,1.823549361E-1,-6.753076308E-2,1.773751576E2
2.529320211E2,2.289560750E-2,6.300146342E-4,1.571065630E-3,9.997364283E-1,1.773761274E2,1.816367749E-1,-6.805343085E-2,1.773760157E2
2.529370211E2,2.289806913E-2,6.298177177E-4,1.573196030E-3,9.997363687E-1,1.773758452E2,1.818804880E-1,-6.802483432E-2,1.773757335E2
2.529420211E2,2.290065482E-2,6.266008131E-4,1.574720372E-3,9.997363091E-1,1.773755488E2,1.820468522E-1,-6.765183050E-2,1.773754376E2
2.529470211E2,2.290067861E-2,6.279082154E-4,1.573853428E-3,9.997363091E-1,1.773755461E2,1.819509665E-1,-6.780387913E-2,1.773754347E2
2.529520211E2,2.289823907E-2,6.280295784E-4,1.571436413E-3,9.997363687E-1,1.773758257E2,1.816742222E-1,-6.782456903E-2,1.773757144E2
2.529570211E2,2.290336069E-2,6.261262461E-4,1.573396614E-3,9.997362494E-1,1.773752387E2,1.818941376E-1,-6.760044513E-2,1.773751276E2
2.529620211E2,2.289779401E-2,6.298747612E-4,1.577172661E-3,9.997363687E-1,1.773758767E2,1.823361886E-1,-6.802098464E-2,1.773757647E2
2.529670211E2,2.289282573E-2,6.320295506E-4,1.572863315E-3,9.997364879E-1,1.773764462E2,1.818478179E-1,-6.828005177E-2,1.773763341E2
2.529720211E2,2.290617265E-2,6.231587031E-4,1.571511268E-3,9.997361898E-1,1.773749164E2,1.816705490E-1,-6.726491672E-2,1.773748060E2
2.529770211E2,2.290309198E-2,6.259210641E-4,1.577384654E-3,9.997362494E-1,1.773752695E2,1.823504575E-1,-6.756652101E-2,1.773751582E2
2.529820211E2,2.289508440E-2,6.316801882E-4,1.578004682E-3,9.997364283E-1,1.773761873E2,1.824360593E-1,-6.822612809E-2,1.773760749E2
2.529870211E2,2.289267312E-2,6.321793771E-4,1.575022936E-3,9.997364879E-1,1.773764637E2,1.820956105E-1,-6.829157827E-2,1.773763514E2
2.529920211E2,2.289281044E-2,6.321425899E-4,1.573040499E-3,9.997364879E-1,1.773764480E2,1.818684120E-1,-6.829253966E-2,1.773763358E2
2.529970211E2,2.289021703E-2,6.341132103E-4,1.572106034E-3,9.997365475E-1,1.773767452E2,1.817663504E-1,-6.852121972E-2,1.773766328E2
2.530020211E2,2.289807042E-2,6.291338359E-4,1.573450980E-3,9.997363687E-1,1.773758451E2,1.819079009E-1,-6.794581864E-2,1.773757334E2
2.530070211E2,2.288474149E-2,6.374503719E-4,1.574662165E-3,9.997366667E-1,1.773773728E2,1.820675625E-1,-6.889782172E-2,1.773772596E2
2.530120211E2,2.287425446E-2,6.456523552E-4,1.572323497E-3,9.997369051E-1,1.773785749E2,1.818204197E-1,-6.984549303E-2,1.773784603E2
2.530170211E2,2.288238314E-2,6.405169261E-4,1.569840359E-3,9.997367263E-1,1.773776432E2,1.815230473E-1,-6.926220400E-2,1.773775297E2
2.530220211E2,2.289044155E-2,6.346409791E-4,1.568620093E-3,9.997365475E-1,1.773767195E2,1.813683950E-1,-6.859078504E-2,1.773766072E2
2.530270211E2,2.288492616E-2,6.376545643E-4,1.571893226E-3,9.997366667E-1,1.773773517E2,1.817508963E-1,-6.892844231E-2,1.773772386E2
2.530320211E2,2.288982700E-2,6.344568683E-4,1.577636576E-3,9.997365475E-1,1.773767899E2,1.824008138E-1,-6.854615342E-2,1.773766770E2
2.530370211E2,2.289208006E-2,6.319689564E-4,1.583703328E-3,9.997364879E-1,1.773765317E2,1.830894586E-1,-6.824480845E-2,1.773764188E2
2.530420211E2,2.289220236E-2,6.334025529E-4,1.581361052E-3,9.997364879E-1,1.773765177E2,1.828248929E-1,-6.841516552E-2,1.773764047E2
2.530470211E2,2.289510425E-2,6.311479374E-4,1.577929710E-3,9.997364283E-1,1.773761850E2,1.824260752E-1,-6.816534577E-2,1.773760727E2
2.530520211E2,2.291656392E-2,6.152966525E-4,1.574782305E-3,9.997359514E-1,1.773737253E2,1.820253350E-1,-6.635375116E-2,1.773736162E2
2.530570211E2,2.291878502E-2,6.150435074E-4,1.580387121E-3,9.997358918E-1,1.773734707E2,1.826669144E-1,-6.630962556E-2,1.773733612E2
2.530620211E2,2.291103874E-2,6.201176438E-4,1.577603747E-3,9.997360706E-1,1.773743586E2,1.823608560E-1,-6.689964865E-2,1.773742484E2
2.530670211E2,2.291379029E-2,6.188447005E-4,1.575912116E-3,9.997360110E-1,1.773740432E2,1.821639013E-1,-6.675775860E-2,1.773739333E2
2.530720211E2,2.292161298E-2,6.128851091E-4,1.577915391E-3,9.997358322E-1,1.773731466E2,1.823782665E-1,-6.606833248E-2,1.773730377E2
2.530770211E2,2.291623969E-2,6.156297168E-4,1.579363714E-3,9.997359514E-1,1.773737625E2,1.825510420E-1,-6.637993515E-2,1.773736529E2
2.530820211E2,2.290323709E-2,6.254030741E-4,1.575482078E-3,9.997362494E-1,1.773752528E2,1.821311454E-1,-6.751214646E-2,1.773751418E2
2.530870211E2,2.290298309E-2,6.256392808E-4,1.579076634E-3,9.997362494E-1,1.773752820E2,1.825435467E-1,-6.752981862E-2,1.773751706E2
2.530920211E2,2.289772989E-2,6.295938510E-4,1.578215393E-3,9.997363687E-1,1.773758841E2,1.824549043E-1,-6.798607875E-2,1.773757721E2
2.530970211E2,2.289536691E-2,6.303795963E-4,1.574421767E-3,9.997364283E-1,1.773761549E2,1.820222010E-1,-6.808647952E-2,1.773760430E2
2.531020211E2,2.290093318E-2,6.263641990E-4,1.570761437E-3,9.997363091E-1,1.773755169E2,1.815927076E-1,-6.763506268E-2,1.773754060E2
2.531070211E2,2.290597091E-2,6.242195959E-4,1.574028633E-3,9.997361898E-1,1.773749395E2,1.819617140E-1,-6.737988276E-2,1.773748287E2
2.531120211E2,2.289201281E-2,6.335898652E-4,1.584027777E-3,9.997364879E-1,1.773765394E2,1.831308761E-1,-6.842966319E-2,1.773764262E2
2.531170211E2,2.288141666E-2,6.399051053E-4,1.584112411E-3,9.997367263E-1,1.773777539E2,1.831564074E-1,-6.915486518E-2,1.773776396E2
2.531220211E2,2.288675793E-2,6.364426808E-4,1.583580393E-3,9.997366071E-1,1.773771417E2,1.830867462E-1,-6.875862174E-2,1.773770280E2
2.531270211E2,2.289178451E-2,6.335568614E-4,1.587336767E-3,9.997364879E-1,1.773765656E2,1.835098574E-1,-6.841724351E-2,1.773764522E2
2.531320211E2,2.289390368E-2,6.317743100E-4,1.595005859E-3,9.997364283E-1,1.773763227E2,1.843839099E-1,-6.819252258E-2,1.773762091E2
2.531370211E2,2.289392235E-2,6.321728579E-4,1.594580011E-3,9.997364283E-1,1.773763205E2,1.843361710E-1,-6.823929458E-2,1.773762069E2
2.531420211E2,2.288879455E-2,6.349378964E-4,1.592353801E-3,9.997365475E-1,1.773769083E2,1.840880358E-1,-6.856284607E-2,1.773767943E2
2.531470211E2,2.288629478E-2,6.375524099E-4,1.589815365E-3,9.997366071E-1,1.773771948E2,1.838039143E-1,-6.886948626E-2,1.773770805E2
2.531520211E2,2.288948127E-2,6.344923167E-4,1.582630444E-3,9.997365475E-1,1.773768296E2,1.829729893E-1,-6.853717832E-2,1.773767163E2
2.531570211E2,2.289482924E-2,6.316007348E-4,1.581734163E-3,9.997364283E-1,1.773762166E2,1.828630892E-1,-6.820728742E-2,1.773761039E2
2.531620211E2,2.287090714E-2,6.469417131E-4,1.582555007E-3,9.997369647E-1,1.773789586E2,1.829957055E-1,-6.996699643E-2,1.773788430E2
2.531670211E2,2.287302159E-2,6.461747689E-4,1.589945517E-3,9.997369051E-1,1.773787162E2,1.838405131E-1,-6.985937534E-2,1.773786003E2
2.531720211E2,2.287835892E-2,6.417268305E-4,1.589912223E-3,9.997367859E-1,1.773781044E2,1.838254092E-1,-6.934891896E-2,1.773779893E2
2.531770211E2,2.287065103E-2,6.473833346E-4,1.586071681E-3,9.997369647E-1,1.773789879E2,1.833997216E-1,-7.000841925E-2,1.773788720E2
2.531820211E2,2.287839573E-2,6.423440645E-4,1.589133055E-3,9.997367859E-1,1.773781002E2,1.837377673E-1,-6.942166622E-2,1.773779850E2
2.531870211E2,2.289141072E-2,6.323095877E-4,1.593213878E-3,9.997364879E-1,1.773766084E2,1.841798517E-1,-6.825900539E-2,1.773764948E2
2.531920211E2,2.286738492E-2,6.487750215E-4,1.595000736E-3,9.997370243E-1,1.773793623E2,1.844260688E-1,-7.014505325E-2,1.773792455E2
2.531970211E2,2.285991786E-2,6.544202333E-4,1.587635023E-3,9.997372031E-1,1.773802182E2,1.835965052E-1,-7.081245033E-2,1.773801008E2
2.532020211E2,2.288153245E-2,6.405630847E-4,1.582172699E-3,9.997367263E-1,1.773777407E2,1.829359241E-1,-6.923530924E-2,1.773776263E2
2.532070211E2,2.288105441E-2,6.405664608E-4,1.589069725E-3,9.997367263E-1,1.773777955E2,1.837260353E-1,-6.921769882E-2,1.773776806E2
2.532120211E2,2.286226768E-2,6.525325007E-4,1.592102810E-3,9.997371435E-1,1.773799488E2,1.841035633E-1,-7.058405201E-2,1.773798315E2
2.532170211E2,2.286508767E-2,6.513823755E-4,1.589502441E-3,9.997370839E-1,1.773796256E2,1.838028455E-1,-7.045858633E-2,1.773795087E2
2.532220211E2,2.285701795E-2,6.561159389E-4,1.591150416E-3,9.997372627E-1,1.773805506E2,1.840034717E-1,-7.099803742E-2,1.773804327E2
2.532270211E2,2.284614735E-2,6.636444596E-4,1.594344038E-3,9.997375011E-1,1.773817966E2,1.843882791E-1,-7.185415571E-2,1.773816770E2
2.532320211E2,2.286234775E-2,6.532951957E-4,1.590639469E-3,9.997371435E-1,1.773799396E2,1.839379244E-1,-7.067524661E-2,1.773798223E2
2.532370211E2,2.287035762E-2,6.477173301E-4,1.590160886E-3,9.997369647E-1,1.773790215E2,1.838690431E-1,-7.003601882E-2,1.773789053E2
2.532420211E2,2.285402869E-2,6.592374411E-4,1.595342648E-3,9.997373223E-1,1.773808932E2,1.844917052E-1,-7.134521211E-2,1.773807744E2
2.532470211E2,2.284894536E-2,6.617493345E-4,1.592409215E-3,9.997374415E-1,1.773814759E2,1.841618606E-1,-7.164159745E-2,1.773813568E2
2.532520211E2,2.285188119E-2,6.600703346E-4,1.588393818E-3,9.997373819E-1,1.773811393E2,1.836976624E-1,-7.145922322E-2,1.773810209E2
2.532570211E2,2.284662995E-2,6.643544766E-4,1.587116509E-3,9.997375011E-1,1.773817412E2,1.835621737E-1,-7.195433012E-2,1.773816221E2
2.532620211E2,2.286210464E-2,6.540485774E-4,1.593820984E-3,9.997371435E-1,1.773799675E2,1.843043612E-1,-7.075326453E-2,1.773798498E2
2.532670211E2,2.285364593E-2,6.594982697E-4,1.600709045E-3,9.997373223E-1,1.773809371E2,1.851071454E-1,-7.136110929E-2,1.773808179E2
2.532720211E2,2.283520002E-2,6.708661094E-4,1.598646981E-3,9.997377396E-1,1.773830514E2,1.848993452E-1,-7.267223804E-2,1.773829302E2
2.532770211E2,2.284888901E-2,6.629405543E-4,1.592722256E-3,9.997374415E-1,1.773814823E2,1.842008385E-1,-7.177725610E-2,1.773813630E2
2.532820211E2,2.285935076E-2,6.542435149E-4,1.595852082E-3,9.997372031E-1,1.773802832E2,1.845373633E-1,-7.077078386E-2,1.773801653E2
2.532870211E2,2.284565793E-2,6.649848074E-4,1.600785647E-3,9.997375011E-1,1.773818527E2,1.851297160E-1,-7.199093385E-2,1.773817324E2
2.532920211E2,2.284845381E-2,6.630894495E-4,1.598891686E-3,9.997374415E-1,1.773815322E2,1.849079785E-1,-7.177824013E-2,1.773814124E2
2.532970211E2,2.285416293E-2,6.583778304E-4,1.593773835E-3,9.997373223E-1,1.773808778E2,1.843097371E-1,-7.125081779E-2,1.773807593E2
2.533020211E2,2.284340861E-2,6.652437733E-4,1.595544163E-3,9.997375607E-1,1.773821105E2,1.845297579E-1,-7.203473898E-2,1.773819906E2
2.533070211E2,2.284651727E-2,6.632169243E-4,1.589212916E-3,9.997375011E-1,1.773817542E2,1.837993554E-1,-7.181854240E-2,1.773816351E2
2.533120211E2,2.286523675E-2,6.517487927E-4,1.587206032E-3,9.997370839E-1,1.773796085E2,1.835407355E-1,-7.050655346E-2,1.773794917E2
2.533170211E2,2.285960570E-2,6.555047003E-4,1.591677195E-3,9.997372031E-1,1.773802539E2,1.840624029E-1,-7.092615676E-2,1.773801361E2
2.533220211E2,2.284103047E-2,6.673405296E-4,1.591362059E-3,9.997376204E-1,1.773823831E2,1.840559656E-1,-7.228633227E-2,1.773822631E2
2.533270211E2,2.283823127E-2,6.690158043E-4,1.593386871E-3,9.997376800E-1,1.773827039E2,1.842921144E-1,-7.247347033E-2,1.773825835E2
2.533320211E2,2.283585535E-2,6.706662825E-4,1.589342835E-3,9.997377396E-1,1.773829762E2,1.838329694E-1,-7.267357257E-2,1.773828558E2
2.533370211E2,2.283814194E-2,6.701588864E-4,1.594186760E-3,9.997376800E-1,1.773827142E2,1.843867367E-1,-7.260234658E-2,1.773825934E2
2.533420211E2,2.283552241E-2,6.716609350E-4,1.593700494E-3,9.997377396E-1,1.773830144E2,1.843347699E-1,-7.277617924E-2,1.773828934E2
2.533470211E2,2.283021564E-2,6.755503709E-4,1.593305729E-3,9.997378588E-1,1.773836227E2,1.842993354E-1,-7.322377038E-2,1.773835010E2
2.533520211E2,2.283290271E-2,6.734338240E-4,1.593096415E-3,9.997377992E-1,1.773833147E2,1.842700141E-1,-7.298134780E-2,1.773831934E2
2.533570211E2,2.283825778E-2,6.698879297E-4,1.592640299E-3,9.997376800E-1,1.773827009E2,1.842088704E-1,-7.257533140E-2,1.773825803E2
2.533620211E2,2.283606235E-2,6.705627311E-4,1.586409635E-3,9.997377396E-1,1.773829525E2,1.834966804E-1,-7.266934752E-2,1.773828323E2
2.533670211E2,2.284165691E-2,6.666606641E-4,1.582631608E-3,9.997376204E-1,1.773823113E2,1.830540544E-1,-7.223118320E-2,1.773821920E2
2.533720211E2,2.283868375E-2,6.691736635E-4,1.586821629E-3,9.997376800E-1,1.773826521E2,1.835404339E-1,-7.250865436E-2,1.773825320E2
2.533770211E2,2.283065469E-2,6.754107308E-4,1.587061444E-3,9.997378588E-1,1.773835724E2,1.835836450E-1,-7.322402912E-2,1.773834512E2
2.533820211E2,2.282569819E-2,6.784886355E-4,1.581940800E-3,9.997379780E-1,1.773841405E2,1.830047029E-1,-7.359094327E-2,1.773840191E2
2.533870211E2,2.283090770E-2,6.752026384E-4,1.583506353E-3,9.997378588E-1,1.773835434E2,1.831758410E-1,-7.320944465E-2,1.773834225E2
2.533920211E2,2.283633280E-2,6.715120398E-4,1.582109137E-3,9.997377396E-1,1.773829215E2,1.830065114E-1,-7.278930645E-2,1.773828014E2
2.533970211E2,2.282817765E-2,6.770287291E-4,1.584454672E-3,9.997379184E-1,1.773838563E2,1.832890599E-1,-7.341666384E-2,1.773837350E2
2.534020211E2,2.282587660E-2,6.780869444E-4,1.579536940E-3,9.997379780E-1,1.773841200E2,1.827282744E-1,-7.355118021E-2,1.773839989E2
2.534070211E2,2.282855880E-2,6.766511942E-4,1.579115517E-3,9.997379184E-1,1.773838126E2,1.826764363E-1,-7.338731066E-2,1.773836917E2
2.534120211E2,2.283622387E-2,6.720249075E-4,1.583463163E-3,9.997377396E-1,1.773829340E2,1.831629656E-1,-7.284453787E-2,1.773828137E2
2.534170211E2,2.283643638E-2,6.720061065E-4,1.580403419E-3,9.997377396E-1,1.773829096E2,1.828124019E-1,-7.285035237E-2,1.773827896E2
2.534220211E2,2.282310020E-2,6.800818373E-4,1.581072225E-3,9.997380376E-1,1.773844383E2,1.829091734E-1,-7.377621029E-2,1.773843166E2
2.534270211E2,2.283052050E-2,6.759403623E-4,1.588765415E-3,9.997378588E-1,1.773835877E2,1.837802311E-1,-7.328027106E-2,1.773834663E2
2.534320211E2,2.283006789E-2,6.745379651E-4,1.595849637E-3,9.997378588E-1,1.773836396E2,1.845881105E-1,-7.310115930E-2,1.773835179E2
2.534370211E2,2.282234903E-2,6.800165283E-4,1.591906301E-3,9.997380376E-1,1.773845244E2,1.841501197E-1,-7.374053065E-2,1.773844019E2
2.534420211E2,2.282796856E-2,6.766336155E-4,1.587632694E-3,9.997379184E-1,1.773838802E2,1.836520911E-1,-7.336312358E-2,1.773837588E2
2.534470211E2,2.283571972E-2,6.712938193E-4,1.591025735E-3,9.997377396E-1,1.773829918E2,1.840273981E-1,-7.274108510E-2,1.773828711E2
2.534520211E2,2.282212118E-2,6.798823597E-4,1.595226699E-3,9.997380376E-1,1.773845505E2,1.845301431E-1,-7.371651805E-2,1.773844278E2
2.534570211E2,2.281720231E-2,6.837436231E-4,1.589220134E-3,9.997381568E-1,1.773851143E2,1.838517540E-1,-7.417548434E-2,1.773849914E2
2.534620211E2,2.282800385E-2,6.764054415E-4,1.587222447E-3,9.997379184E-1,1.773838762E2,1.836044980E-1,-7.333805034E-2,1.773837548E2
2.534670211E2,2.282513197E-2,6.792268250E-4,1.589774503E-3,9.997379780E-1,1.773842054E2,1.839040364E-1,-7.365512451E-2,1.773840833E2
2.534720211E2,2.282481435E-2,6.786275771E-4,1.594583271E-3,9.997379780E-1,1.773842418E2,1.844533470E-1,-7.357395407E-2,1.773841194E2
2.534770211E2,2.282267793E-2,6.799025577E-4,1.587232808E-3,9.997380376E-1,1.773844867E2,1.836144415E-1,-7.373963653E-2,1.773843646E2
2.534820211E2,2.282558187E-2,6.792953354E-4,1.583272358E-3,9.997379780E-1,1.773841538E2,1.831593505E-1,-7.367989836E-2,1.773840322E2
2.534870211E2,2.282284245E-2,6.798836985E-4,1.584873418E-3,9.997380376E-1,1.773844678E2,1.833441081E-1,-7.374361658E-2,1.773843459E2
2.534920211E2,2.282821573E-2,6.772580673E-4,1.583807869E-3,9.997379184E-1,1.773838519E2,1.832155637E-1,-7.344462227E-2,1.773837306E2
2.534970211E2,2.282540189E-2,6.786195445E-4,1.586154220E-3,9.997379780E-1,1.773841744E2,1.834877210E-1,-7.359497351E-2,1.773840527E2
2.535020211E2,2.282231223E-2,6.801104173E-4,1.592393615E-3,9.997380376E-1,1.773845286E2,1.842061903E-1,-7.375001899E-2,1.773844061E2
2.535070211E2,2.281987461E-2,6.816015230E-4,1.589266350E-3,9.997380972E-1,1.773848080E2,1.838516447E-1,-7.392946965E-2,1.773846855E2
2.535120211E2,2.282527761E-2,6.784768775E-4,1.588002662E-3,9.997379780E-1,1.773841887E2,1.836990997E-1,-7.357381717E-2,1.773840668E2
2.535170211E2,2.282539045E-2,6.783149438E-4,1.586449100E-3,9.997379780E-1,1.773841757E2,1.835207053E-1,-7.355930875E-2,1.773840540E2
2.535220211E2,2.282763878E-2,6.763641140E-4,1.592481975E-3,9.997379184E-1,1.773839180E2,1.842069046E-1,-7.331962403E-2,1.773837963E2
2.535270211E2,2.283012429E-2,6.753504276E-4,1.594698755E-3,9.997378588E-1,1.773836331E2,1.844583932E-1,-7.319723687E-2,1.773835114E2
2.535320211E2,2.281696234E-2,6.836299435E-4,1.592710498E-3,9.997381568E-1,1.773851418E2,1.842513018E-1,-7.415337870E-2,1.773850186E2
2.535370211E2,2.281699116E-2,6.838429254E-4,1.592206070E-3,9.997381568E-1,1.773851385E2,1.841940727E-1,-7.417909188E-2,1.773850153E2
2.535420211E2,2.282207316E-2,6.810144987E-4,1.595430775E-3,9.997380376E-1,1.773845560E2,1.845564801E-1,-7.384569282E-2,1.773844331E2
2.535470211E2,2.282497766E-2,6.781161646E-4,1.592461835E-3,9.997379780E-1,1.773842231E2,1.842089854E-1,-7.352088470E-2,1.773841010E2
2.535520211E2,2.281170639E-2,6.883609458E-4,1.591132255E-3,9.997382760E-1,1.773857442E2,1.840824741E-1,-7.470046438E-2,1.773856203E2
2.535570211E2,2.282236479E-2,6.807646714E-4,1.591360429E-3,9.997380376E-1,1.773845226E2,1.840895416E-1,-7.382766386E-2,1.773844000E2
2.535620211E2,2.283324940E-2,6.740674144E-4,1.587850857E-3,9.997377992E-1,1.773832749E2,1.836707563E-1,-7.306759465E-2,1.773831539E2
2.535670211E2,2.282506169E-2,6.795257214E-4,1.590655535E-3,9.997379780E-1,1.773842134E2,1.840057457E-1,-7.368707497E-2,1.773840912E2
2.535720211E2,2.282784643E-2,6.773408968E-4,1.589086605E-3,9.997379184E-1,1.773838942E2,1.838204954E-1,-7.344036983E-2,1.773837725E2
2.535770211E2,2.283590653E-2,6.705177948E-4,1.588669955E-3,9.997377396E-1,1.773829704E2,1.837554980E-1,-7.265831305E-2,1.773828500E2
2.535820211E2,2.282237039E-2,6.811078638E-4,1.591133303E-3,9.997380376E-1,1.773845219E2,1.840644197E-1,-7.386757351E-2,1.773843993E2
2.535870211E2,2.281473811E-2,6.868864293E-4,1.585743041E-3,9.997382164E-1,1.773853967E2,1.834614463E-1,-7.454507329E-2,1.773852735E2
2.535920211E2,2.282535558E-2,6.778460229E-4,1.587151084E-3,9.997379780E-1,1.773841797E2,1.835998968E-1,-7.350375863E-2,1.773840581E2
2.535970211E2,2.281952555E-2,6.820462295E-4,1.594080240E-3,9.997380972E-1,1.773848480E2,1.844042704E-1,-7.396789155E-2,1.773847250E2
2.536020211E2,2.280067664E-2,6.949246745E-4,1.596559770E-3,9.997385144E-1,1.773870085E2,1.847205888E-1,-7.544026528E-2,1.773868829E2
2.536070211E2,2.280629316E-2,6.909514195E-4,1.592706190E-3,9.997383952E-1,1.773863647E2,1.842691537E-1,-7.499411646E-2,1.773862402E2
2.536120211E2,2.281977246E-2,6.825466990E-4,1.590327010E-3,9.997380972E-1,1.773848197E2,1.839756203E-1,-7.403499558E-2,1.773846969E2
2.536170211E2,2.281443896E-2,6.855456741E-4,1.590619679E-3,9.997382164E-1,1.773854310E2,1.840165954E-1,-7.437877930E-2,1.773853077E2
2.536220211E2,2.282000445E-2,6.829756312E-4,1.586810104E-3,9.997380972E-1,1.773847931E2,1.835738557E-1,-7.409328914E-2,1.773846705E2
2.536270211E2,2.281982962E-2,6.817364483E-4,1.589854248E-3,9.997380972E-1,1.773848131E2,1.839193449E-1,-7.394339778E-2,1.773846905E2
2.536320211E2,2.280617636E-2,6.918892614E-4,1.593971043E-3,9.997383952E-1,1.773863781E2,1.844165002E-1,-7.509827295E-2,1.773862533E2
2.536370211E2,2.281942409E-2,6.826936733E-4,1.595255104E-3,9.997380972E-1,1.773848596E2,1.845405508E-1,-7.403901015E-2,1.773847365E2
2.536420211E2,2.283809291E-2,6.703117397E-4,1.594824716E-3,9.997376800E-1,1.773827198E2,1.844602187E-1,-7.261819709E-2,1.773825990E2
2.536470211E2,2.283012811E-2,6.754306378E-4,1.594610047E-3,9.997378588E-1,1.773836327E2,1.844484407E-1,-7.320665725E-2,1.773835110E2
2.536520211E2,2.282751977E-2,6.772478228E-4,1.593811787E-3,9.997379184E-1,1.773839317E2,1.843615537E-1,-7.341740627E-2,1.773838096E2
2.536570211E2,2.283284150E-2,6.738232332E-4,1.593808876E-3,9.997377992E-1,1.773833217E2,1.843526496E-1,-7.302410620E-2,1.773832003E2
2.536620211E2,2.281988818E-2,6.816860405E-4,1.589035150E-3,9.997380972E-1,1.773848064E2,1.838253799E-1,-7.393975422E-2,1.773846839E2
2.536670211E2,2.283063880E-2,6.741182297E-4,1.587839448E-3,9.997378588E-1,1.773835742E2,1.836693915E-1,-7.307392559E-2,1.773834532E2
2.536720211E2,2.284909395E-2,6.617995095E-4,1.590254949E-3,9.997374415E-1,1.773814588E2,1.839152060E-1,-7.165295901E-2,1.773813399E2
2.536770211E2,2.283263870E-2,6.739608943E-4,1.596653368E-3,9.997377992E-1,1.773833449E2,1.846788654E-1,-7.303247151E-2,1.773832233E2
2.536820211E2,2.281685544E-2,6.845270400E-4,1.593856257E-3,9.997381568E-1,1.773851540E2,1.843849002E-1,-7.425317533E-2,1.773850306E2
2.536870211E2,2.283563260E-2,6.709879381E-4,1.592404675E-3,9.997377396E-1,1.773830018E2,1.841845651E-1,-7.270245037E-2,1.773828810E2
2.536920211E2,2.284075236E-2,6.672434974E-4,1.595389447E-3,9.997376204E-1,1.773824149E2,1.845170767E-1,-7.226472570E-2,1.773822947E2
2.536970211E2,2.282712459E-2,6.769777392E-4,1.599575975E-3,9.997379184E-1,1.773839770E2,1.850211745E-1,-7.337145928E-2,1.773838546E2
2.537020211E2,2.283517404E-2,6.713524344E-4,1.598813920E-3,9.997377396E-1,1.773830543E2,1.849197410E-1,-7.272752013E-2,1.773829330E2
2.537070211E2,2.283503795E-2,6.725552958E-4,1.600251417E-3,9.997377396E-1,1.773830699E2,1.850875613E-1,-7.286158528E-2,1.773829483E2
2.537120211E2,2.282161572E-2,6.809289916E-4,1.601997181E-3,9.997380376E-1,1.773846084E2,1.853084829E-1,-7.381880837E-2,1.773844851E2
2.537170211E2,2.282209379E-2,6.798398681E-4,1.595636597E-3,9.997380376E-1,1.773845536E2,1.845769887E-1,-7.371058317E-2,1.773844310E2
2.537220211E2,2.283035980E-2,6.749211461E-4,1.591505716E-3,9.997378588E-1,1.773836062E2,1.840914865E-1,-7.315636819E-2,1.773834847E2
2.537270211E2,2.282740764E-2,6.775361253E-4,1.595294569E-3,9.997379184E-1,1.773839445E2,1.845321701E-1,-7.344657645E-2,1.773838223E2
2.537320211E2,2.282194348E-2,6.813678192E-4,1.597134047E-3,9.997380376E-1,1.773845708E2,1.847525249E-1,-7.388173910E-2,1.773844478E2
2.537370211E2,2.282215065E-2,6.815211382E-4,1.594105386E-3,9.997380376E-1,1.773845471E2,1.844059720E-1,-7.390718629E-2,1.773844242E2
2.537420211E2,2.281950550E-2,6.833294756E-4,1.593817724E-3,9.997380972E-1,1.773848503E2,1.843775506E-1,-7.411559246E-2,1.773847271E2
2.537470211E2,2.282212133E-2,6.812526844E-4,1.594639849E-3,9.997380376E-1,1.773845505E2,1.844664967E-1,-7.387503941E-2,1.773844276E2
2.537520211E2,2.283527796E-2,6.708126748E-4,1.597555703E-3,9.997377396E-1,1.773830424E2,1.847741922E-1,-7.266895778E-2,1.773829213E2
2.537570211E2,2.282469203E-2,6.780407857E-4,1.596582471E-3,9.997379780E-1,1.773842558E2,1.846808353E-1,-7.350152369E-2,1.773841334E2
2.537620211E2,2.281431962E-2,6.862608716E-4,1.592022367E-3,9.997382164E-1,1.773854447E2,1.841791513E-1,-7.445706817E-2,1.773853211E2
2.537670211E2,2.283295055E-2,6.737977383E-4,1.592256711E-3,9.997377992E-1,1.773833092E2,1.841747718E-1,-7.302522673E-2,1.773831879E2
2.537720211E2,2.284085318E-2,6.683521788E-4,1.593480818E-3,9.997376204E-1,1.773824034E2,1.843013300E-1,-7.239671515E-2,1.773822830E2
2.537770211E2,2.283284683E-2,6.728889421E-4,1.594127272E-3,9.997377992E-1,1.773833211E2,1.843866811E-1,-7.291623827E-2,1.773831998E2
2.537820211E2,2.283544036E-2,6.721079699E-4,1.594687346E-3,9.997377396E-1,1.773830238E2,1.844489896E-1,-7.282482490E-2,1.773829027E2
2.537870211E2,2.284336767E-2,6.667249836E-4,1.595512149E-3,9.997375607E-1,1.773821152E2,1.845299652E-1,-7.220452006E-2,1.773819950E2
2.537920211E2,2.283555791E-2,6.706046988E-4,1.593636698E-3,9.997377396E-1,1.773830103E2,1.843246996E-1,-7.265533559E-2,1.773828896E2
2.537970211E2,2.284878889E-2,6.622434594E-4,1.594447647E-3,9.997374415E-1,1.773814938E2,1.843966699E-1,-7.169289652E-2,1.773813745E2
2.538020211E2,2.286147520E-2,6.530022365E-4,1.603250857E-3,9.997371435E-1,1.773800397E2,1.853818787E-1,-7.060880532E-2,1.773799215E2
2.538070211E2,2.284801291E-2,6.622988149E-4,1.605506055E-3,9.997374415E-1,1.773815827E2,1.856636310E-1,-7.167042689E-2,1.773814627E2
2.538120211E2,2.284317684E-2,6.667277194E-4,1.598240808E-3,9.997375607E-1,1.773821370E2,1.848425588E-1,-7.219772572E-2,1.773820167E2
2.538170211E2,2.285947101E-2,6.542598130E-4,1.594121917E-3,9.997372031E-1,1.773802694E2,1.843392037E-1,-7.077716118E-2,1.773801516E2
2.538220211E2,2.286189071E-2,6.536847795E-4,1.597035676E-3,9.997371435E-1,1.773799920E2,1.846716739E-1,-7.070320457E-2,1.773798742E2
2.538270211E2,2.285387428E-2,6.581547786E-4,1.597999362E-3,9.997373223E-1,1.773809109E2,1.847932165E-1,-7.121425128E-2,1.773807921E2
2.538320211E2,2.286441242E-2,6.513865665E-4,1.599184587E-3,9.997370839E-1,1.773797030E2,1.849120130E-1,-7.043382154E-2,1.773795854E2
2.538370211E2,2.286192433E-2,6.528066588E-4,1.596913557E-3,9.997371435E-1,1.773799882E2,1.846553852E-1,-7.060291949E-2,1.773798705E2
2.538420211E2,2.285907287E-2,6.543190102E-4,1.599796698E-3,9.997372031E-1,1.773803150E2,1.849894439E-1,-7.076915078E-2,1.773801969E2
2.538470211E2,2.287499768E-2,6.439611316E-4,1.599861891E-3,9.997368455E-1,1.773784897E2,1.849708852E-1,-6.957941968E-2,1.773783735E2
2.538520211E2,2.286972358E-2,6.486067432E-4,1.598893316E-3,9.997369647E-1,1.773790942E2,1.848717327E-1,-7.011514195E-2,1.773789772E2
2.538570211E2,2.286431240E-2,6.518529844E-4,1.600424177E-3,9.997370839E-1,1.773797145E2,1.850552379E-1,-7.048402562E-2,1.773795967E2
2.538620211E2,2.286998900E-2,6.474448601E-4,1.595564303E-3,9.997369647E-1,1.773790638E2,1.844873283E-1,-6.999071062E-2,1.773789472E2
2.538670211E2,2.286698522E-2,6.491984241E-4,1.600549207E-3,9.997370243E-1,1.773794081E2,1.850627932E-1,-7.017909292E-2,1.773792908E2
2.538720211E2,2.286742415E-2,6.500955787E-4,1.593900146E-3,9.997370243E-1,1.773793578E2,1.843034468E-1,-7.029921511E-2,1.773792408E2
2.538770211E2,2.288295743E-2,6.383561995E-4,1.600018004E-3,9.997366667E-1,1.773775773E2,1.849746246E-1,-6.893542861E-2,1.773774622E2
2.538820211E2,2.287717958E-2,6.418534904E-4,1.606741920E-3,9.997367859E-1,1.773782396E2,1.857536994E-1,-6.931952455E-2,1.773781233E2
2.538870211E2,2.286358151E-2,6.521137548E-4,1.610726467E-3,9.997370839E-1,1.773797982E2,1.862361187E-1,-7.048704216E-2,1.773796797E2
2.538920211E2,2.287179581E-2,6.457842537E-4,1.607639366E-3,9.997369051E-1,1.773788567E2,1.858664427E-1,-6.976848656E-2,1.773787396E2
2.538970211E2,2.288196586E-2,6.393151707E-4,1.613756875E-3,9.997366667E-1,1.773776910E2,1.865510203E-1,-6.900944712E-2,1.773775747E2
2.539020211E2,2.287125004E-2,6.458138232E-4,1.615373418E-3,9.997369051E-1,1.773789193E2,1.867525090E-1,-6.975170481E-2,1.773788016E2
2.539070211E2,2.287131981E-2,6.469628424E-4,1.613925095E-3,9.997369051E-1,1.773789113E2,1.865896032E-1,-6.988712111E-2,1.773787935E2
2.539120211E2,2.287402556E-2,6.443320308E-4,1.613553148E-3,9.997368455E-1,1.773786011E2,1.865402847E-1,-6.958620152E-2,1.773784839E2
2.539170211E2,2.287098020E-2,6.460410077E-4,1.619098824E-3,9.997369051E-1,1.773789502E2,1.871798749E-1,-6.976801772E-2,1.773788322E2
2.539220211E2,2.287086912E-2,6.465170882E-4,1.620477298E-3,9.997369051E-1,1.773789629E2,1.873390355E-1,-6.981896610E-2,1.773788448E2
2.539270211E2,2.288172259E-2,6.399887498E-4,1.616936177E-3,9.997366667E-1,1.773777189E2,1.869169964E-1,-6.907832201E-2,1.773776022E2
2.539320211E2,2.288158308E-2,6.393387448E-4,1.619165996E-3,9.997366667E-1,1.773777349E2,1.871707342E-1,-6.899803567E-2,1.773776182E2
2.539370211E2,2.287568571E-2,6.430003559E-4,1.627419726E-3,9.997367859E-1,1.773784108E2,1.881254889E-1,-6.939698219E-2,1.773782929E2
2.539420211E2,2.287826767E-2,6.419307902E-4,1.628162223E-3,9.997367263E-1,1.773781149E2,1.882079255E-1,-6.927201868E-2,1.773779971E2
2.539470211E2,2.287608493E-2,6.428007036E-4,1.621877425E-3,9.997367859E-1,1.773783651E2,1.874900573E-1,-6.938856391E-2,1.773782476E2
2.539520211E2,2.287858393E-2,6.417825352E-4,1.623770688E-3,9.997367263E-1,1.773780786E2,1.877044566E-1,-6.926648864E-2,1.773779612E2
2.539570211E2,2.287615539E-2,6.427153712E-4,1.620917232E-3,9.997367859E-1,1.773783570E2,1.873798370E-1,-6.938129207E-2,1.773782396E2
2.539620211E2,2.286832699E-2,6.486232160E-4,1.618738985E-3,9.997369647E-1,1.773792543E2,1.871452335E-1,-7.006527902E-2,1.773791359E2
2.539670211E2,2.286052336E-2,6.543023046E-4,1.616240595E-3,9.997371435E-1,1.773801488E2,1.868733457E-1,-7.072388974E-2,1.773800294E2
2.539720211E2,2.287370714E-2,6.454105023E-4,1.617630944E-3,9.997368455E-1,1.773786376E2,1.870102493E-1,-6.969912324E-2,1.773785199E2
2.539770211E2,2.286838453E-2,6.481427699E-4,1.618118375E-3,9.997369647E-1,1.773792477E2,1.870728801E-1,-7.001185405E-2,1.773791294E2
2.539820211E2,2.286582681E-2,6.509439554E-4,1.616312307E-3,9.997370243E-1,1.773795409E2,1.868731354E-1,-7.033797310E-2,1.773794222E2
2.539870211E2,2.286053223E-2,6.535008433E-4,1.616439316E-3,9.997371435E-1,1.773801477E2,1.868940123E-1,-7.063155089E-2,1.773800286E2
2.539920211E2,2.286598814E-2,6.494914996E-4,1.614613342E-3,9.997370243E-1,1.773795224E2,1.866747039E-1,-7.017599940E-2,1.773794041E2
2.539970211E2,2.286320941E-2,6.527206860E-4,1.615754445E-3,9.997370839E-1,1.773798409E2,1.868136971E-1,-7.054346885E-2,1.773797219E2
2.540020211E2,2.286368889E-2,6.510679377E-4,1.609624829E-3,9.997370839E-1,1.773797859E2,1.861071802E-1,-7.037009823E-2,1.773796677E2
2.540070211E2,2.287703956E-2,6.422418519E-4,1.608579303E-3,9.997367859E-1,1.773782557E2,1.859652018E-1,-6.935922486E-2,1.773781392E2
2.540120211E2,2.287088043E-2,6.474886322E-4,1.619929564E-3,9.997369051E-1,1.773789616E2,1.872788335E-1,-6.993170105E-2,1.773788433E2
2.540170211E2,2.285819082E-2,6.553922431E-4,1.611914719E-3,9.997372031E-1,1.773804161E2,1.863804556E-1,-7.086052225E-2,1.773802969E2
2.540220211E2,2.286666330E-2,6.494885893E-4,1.605024445E-3,9.997370243E-1,1.773794450E2,1.855762223E-1,-7.020066713E-2,1.773793274E2
2.540270211E2,2.287161598E-2,6.454659160E-4,1.610323321E-3,9.997369051E-1,1.773788773E2,1.861730744E-1,-6.972501608E-2,1.773787601E2
2.540320211E2,2.286313549E-2,6.528425729E-4,1.616750960E-3,9.997370839E-1,1.773798494E2,1.869281739E-1,-7.055483528E-2,1.773797303E2
2.540370211E2,2.286063758E-2,6.529449602E-4,1.615173649E-3,9.997371435E-1,1.773801357E2,1.867475662E-1,-7.057116415E-2,1.773800167E2
2.540420211E2,2.286878521E-2,6.484424230E-4,1.612325199E-3,9.997369647E-1,1.773792018E2,1.864100169E-1,-7.006128989E-2,1.773790838E2
2.540470211E2,2.285578424E-2,6.563605857E-4,1.608674880E-3,9.997372627E-1,1.773806920E2,1.860116597E-1,-7.098039147E-2,1.773805728E2
2.540520211E2,2.286126770E-2,6.533747073E-4,1.606055419E-3,9.997371435E-1,1.773800634E2,1.857041356E-1,-7.064416713E-2,1.773799450E2
2.540570211E2,2.287470623E-2,6.450613146E-4,1.603581593E-3,9.997368455E-1,1.773785231E2,1.853998849E-1,-6.969576144E-2,1.773784064E2
2.540620211E2,2.285851764E-2,6.544961361E-4,1.607638551E-3,9.997372031E-1,1.773803787E2,1.858882456E-1,-7.076900347E-2,1.773802599E2
2.540670211E2,2.286093448E-2,6.530657411E-4,1.610916923E-3,9.997371435E-1,1.773801016E2,1.862602453E-1,-7.059609726E-2,1.773799829E2
2.540720211E2,2.287721074E-2,6.426890614E-4,1.605964033E-3,9.997367859E-1,1.773782360E2,1.856667762E-1,-6.941728232E-2,1.773781196E2
2.540770211E2,2.287489724E-2,6.435320829E-4,1.601469819E-3,9.997368455E-1,1.773785012E2,1.851539606E-1,-6.952607082E-2,1.773783850E2
2.540820211E2,2.287462083E-2,6.445981562E-4,1.604985446E-3,9.997368455E-1,1.773785329E2,1.855594926E-1,-6.963903719E-2,1.773784162E2
2.540870211E2,2.288806447E-2,6.344383582E-4,1.603011391E-3,9.997365475E-1,1.773769920E2,1.853076274E-1,-6.847779895E-2,1.773768773E2
2.540920211E2,2.287747217E-2,6.432247465E-4,1.602020580E-3,9.997367859E-1,1.773782061E2,1.852164300E-1,-6.948894111E-2,1.773780898E2
2.540970211E2,2.286960335E-2,6.475369446E-4,1.601045253E-3,9.997369647E-1,1.773791080E2,1.851154501E-1,-6.998696674E-2,1.773789910E2
2.541020211E2,2.288518689E-2,6.367973983E-4,1.605984056E-3,9.997366071E-1,1.773773218E2,1.856541714E-1,-6.874079127E-2,1.773772065E2
2.541070211E2,2.288221009E-2,6.394015509E-4,1.610255800E-3,9.997366667E-1,1.773776630E2,1.861501744E-1,-6.902847800E-2,1.773775469E2
2.541120211E2,2.286877494E-2,6.475013797E-4,1.612848951E-3,9.997369647E-1,1.773792030E2,1.864675518E-1,-6.995211193E-2,1.773790852E2
2.541170211E2,2.287175870E-2,6.463393220E-4,1.607944258E-3,9.997369051E-1,1.773788610E2,1.859028240E-1,-6.983128375E-2,1.773787437E2
2.541220211E2,2.287135107E-2,6.461406592E-4,1.613811473E-3,9.997369051E-1,1.773789077E2,1.865744336E-1,-6.979322258E-2,1.773787901E2
2.541270211E2,2.286907032E-2,6.477619172E-4,1.608550432E-3,9.997369647E-1,1.773791691E2,1.859758093E-1,-6.999316963E-2,1.773790516E2
2.541320211E2,2.286682896E-2,6.491887034E-4,1.602784032E-3,9.997370243E-1,1.773794260E2,1.853187823E-1,-7.017215194E-2,1.773793086E2
2.541370211E2,2.287217945E-2,6.465049228E-4,1.601881348E-3,9.997369051E-1,1.773788127E2,1.852087097E-1,-6.986606835E-2,1.773786959E2
2.541420211E2,2.286138403E-2,6.540255854E-4,1.604133402E-3,9.997371435E-1,1.773800501E2,1.854856594E-1,-7.072374646E-2,1.773799317E2
2.541470211E2,2.285912477E-2,6.553959684E-4,1.598613919E-3,9.997372031E-1,1.773803091E2,1.848567676E-1,-7.089561749E-2,1.773801908E2
2.541520211E2,2.286208099E-2,6.525914068E-4,1.594757196E-3,9.997371435E-1,1.773799702E2,1.844077957E-1,-7.058388048E-2,1.773798527E2
2.541570211E2,2.286161832E-2,6.535583525E-4,1.600981806E-3,9.997371435E-1,1.773800233E2,1.851233992E-1,-7.067843287E-2,1.773799052E2
2.541620211E2,2.285334005E-2,6.594229490E-4,1.605101046E-3,9.997373223E-1,1.773809721E2,1.856100820E-1,-7.134103475E-2,1.773808526E2
2.541670211E2,2.284267338E-2,6.655562902E-4,1.605906291E-3,9.997375607E-1,1.773821948E2,1.857176278E-1,-7.204355214E-2,1.773820740E2
2.541720211E2,2.284040057E-2,6.675029872E-4,1.600309741E-3,9.997376204E-1,1.773824553E2,1.850814086E-1,-7.228163959E-2,1.773823346E2
2.541770211E2,2.284837502E-2,6.633227458E-4,1.599920448E-3,9.997374415E-1,1.773815412E2,1.850264407E-1,-7.180228782E-2,1.773814214E2
2.541820211E2,2.284822044E-2,6.628847914E-4,1.602307661E-3,9.997374415E-1,1.773815589E2,1.852987663E-1,-7.174589318E-2,1.773814390E2
2.541870211E2,2.284065641E-2,6.680852384E-4,1.596410410E-3,9.997376204E-1,1.773824259E2,1.846362365E-1,-7.235850221E-2,1.773823054E2
2.541920211E2,2.283259722E-2,6.730101304E-4,1.597647322E-3,9.997377992E-1,1.773833497E2,1.847902437E-1,-7.292095745E-2,1.773832282E2
2.541970211E2,2.283790708E-2,6.692327443E-4,1.597935916E-3,9.997376800E-1,1.773827411E2,1.848138059E-1,-7.248647751E-2,1.773826202E2
2.542020211E2,2.284312320E-2,6.653091405E-4,1.599597977E-3,9.997375607E-1,1.773821432E2,1.849943210E-1,-7.203166834E-2,1.773820230E2
2.542070211E2,2.284076743E-2,6.679990329E-4,1.594857429E-3,9.997376204E-1,1.773824132E2,1.844581066E-1,-7.235267076E-2,1.773822928E2
2.542120211E2,2.283284446E-2,6.725031417E-4,1.594324014E-3,9.997377992E-1,1.773833214E2,1.844082105E-1,-7.287152602E-2,1.773832002E2
2.542170211E2,2.284324676E-2,6.669011782E-4,1.597168623E-3,9.997375607E-1,1.773821290E2,1.847201864E-1,-7.222039124E-2,1.773820087E2
2.542220211E2,2.283273336E-2,6.726560532E-4,1.595849870E-3,9.997377992E-1,1.773833341E2,1.845834075E-1,-7.288507180E-2,1.773832128E2
2.542270211E2,2.283300568E-2,6.724012201E-4,1.592056477E-3,9.997377992E-1,1.773833029E2,1.841481821E-1,-7.286575321E-2,1.773831819E2
2.542320211E2,2.284896011E-2,6.614110316E-4,1.592338202E-3,9.997374415E-1,1.773814742E2,1.841528404E-1,-7.160302418E-2,1.773813552E2
2.542370211E2,2.284882707E-2,6.614846061E-4,1.594215515E-3,9.997374415E-1,1.773814894E2,1.843680920E-1,-7.160656192E-2,1.773813703E2
2.542420211E2,2.283837472E-2,6.693156902E-4,1.591203385E-3,9.997376800E-1,1.773826875E2,1.840427655E-1,-7.251351392E-2,1.773825671E2
2.542470211E2,2.284398685E-2,6.649589632E-4,1.587363193E-3,9.997375607E-1,1.773820442E2,1.835918267E-1,-7.202342054E-2,1.773819249E2
2.542520211E2,2.285211926E-2,6.601508358E-4,1.584931393E-3,9.997373819E-1,1.773811121E2,1.833012285E-1,-7.147746915E-2,1.773809939E2
2.542570211E2,2.285168948E-2,6.596621824E-4,1.591318753E-3,9.997373819E-1,1.773811613E2,1.840316657E-1,-7.140484030E-2,1.773810428E2
2.542620211E2,2.285723043E-2,6.571308477E-4,1.587675535E-3,9.997372627E-1,1.773805262E2,1.836080567E-1,-7.112336977E-2,1.773804084E2
2.542670211E2,2.286530488E-2,6.512262626E-4,1.586438972E-3,9.997370839E-1,1.773796007E2,1.834514951E-1,-7.044868905E-2,1.773794841E2
2.542720211E2,2.286255919E-2,6.538632442E-4,1.587363775E-3,9.997371435E-1,1.773799154E2,1.835641582E-1,-7.074886644E-2,1.773797982E2
2.542770211E2,2.286240672E-2,6.537345471E-4,1.589611173E-3,9.997371435E-1,1.773799329E2,1.838212762E-1,-7.072826260E-2,1.773798156E2
2.542820211E2,2.286016994E-2,6.554478314E-4,1.583576319E-3,9.997372031E-1,1.773801893E2,1.831342428E-1,-7.094075980E-2,1.773800721E2
2.542870211E2,2.284937122E-2,6.619968917E-4,1.586183556E-3,9.997374415E-1,1.773814270E2,1.834493165E-1,-7.168618121E-2,1.773813084E2
2.542920211E2,2.284901477E-2,6.622297806E-4,1.591213164E-3,9.997374415E-1,1.773814679E2,1.840261019E-1,-7.169975706E-2,1.773813489E2
2.542970211E2,2.285717864E-2,6.559586618E-4,1.588905347E-3,9.997372627E-1,1.773805321E2,1.837458719E-1,-7.098587060E-2,1.773804144E2
2.543020211E2,2.284665370E-2,6.640835782E-4,1.586887869E-3,9.997375011E-1,1.773817385E2,1.835352727E-1,-7.192388983E-2,1.773816195E2
2.543070211E2,2.285451689E-2,6.584477378E-4,1.588660991E-3,9.997373223E-1,1.773808372E2,1.837242086E-1,-7.127215206E-2,1.773807191E2
2.543120211E2,2.286792654E-2,6.497587310E-4,1.586813945E-3,9.997370243E-1,1.773793002E2,1.834907914E-1,-7.027910277E-2,1.773791838E2
2.543170211E2,2.284949398E-2,6.613024743E-4,1.584704150E-3,9.997374415E-1,1.773814130E2,1.832780233E-1,-7.161047897E-2,1.773812946E2
2.543220211E2,2.284691032E-2,6.638091872E-4,1.583304023E-3,9.997375011E-1,1.773817091E2,1.831240007E-1,-7.190179126E-2,1.773815903E2
2.543270211E2,2.287076927E-2,6.468735519E-4,1.584573998E-3,9.997369647E-1,1.773789744E2,1.832268164E-1,-6.995392141E-2,1.773788587E2
2.543320211E2,2.286572857E-2,6.513597327E-4,1.580265351E-3,9.997370839E-1,1.773795521E2,1.827446136E-1,-7.048007883E-2,1.773794359E2
2.543370211E2,2.284737221E-2,6.639438216E-4,1.576568233E-3,9.997375011E-1,1.773816562E2,1.823527218E-1,-7.193476647E-2,1.773815379E2
2.543420211E2,2.286098078E-2,6.543076597E-4,1.572302310E-3,9.997372031E-1,1.773800963E2,1.818397421E-1,-7.083952711E-2,1.773799801E2
2.543470211E2,2.286583619E-2,6.511444226E-4,1.578796306E-3,9.997370839E-1,1.773795398E2,1.825757605E-1,-7.045924233E-2,1.773794237E2
2.543520211E2,2.285244645E-2,6.605898961E-4,1.580023323E-3,9.997373819E-1,1.773810746E2,1.827401243E-1,-7.154056192E-2,1.773809566E2
2.543570211E2,2.285785865E-2,6.561324117E-4,1.579020405E-3,9.997372627E-1,1.773804542E2,1.826139384E-1,-7.103154366E-2,1.773803372E2
2.543620211E2,2.286802453E-2,6.488125655E-4,1.585788676E-3,9.997370243E-1,1.773792890E2,1.833708618E-1,-7.017337750E-2,1.773791728E2
2.543670211E2,2.284654193E-2,6.633670419E-4,1.588795683E-3,9.997375011E-1,1.773817513E2,1.837519513E-1,-7.183682793E-2,1.773816323E2
2.543720211E2,2.284703380E-2,6.630776334E-4,1.581828110E-3,9.997375011E-1,1.773816950E2,1.829530107E-1,-7.182182495E-2,1.773815764E2
2.543770211E2,2.285517157E-2,6.577511667E-4,1.579504809E-3,9.997373223E-1,1.773807622E2,1.826734818E-1,-7.121621277E-2,1.773806448E2
2.543820211E2,2.284168270E-2,6.678990321E-4,1.581736957E-3,9.997376204E-1,1.773823083E2,1.829548051E-1,-7.237538964E-2,1.773821889E2
2.543870211E2,2.284375417E-2,6.656927872E-4,1.590401167E-3,9.997375607E-1,1.773820709E2,1.839417671E-1,-7.209957838E-2,1.773819512E2
2.543920211E2,2.284633701E-2,6.632470759E-4,1.591789653E-3,9.997375011E-1,1.773817748E2,1.840946171E-1,-7.181528354E-2,1.773816556E2
2.543970211E2,2.283306893E-2,6.728970329E-4,1.590939471E-3,9.997377992E-1,1.773832956E2,1.840215180E-1,-7.292546541E-2,1.773831746E2
2.544020211E2,2.283322178E-2,6.736470386E-4,1.588426414E-3,9.997377992E-1,1.773832781E2,1.837355912E-1,-7.301793481E-2,1.773831571E2
2.544070211E2,2.285452747E-2,6.579791079E-4,1.588702900E-3,9.997373223E-1,1.773808360E2,1.837277831E-1,-7.121835341E-2,1.773807180E2
2.544120211E2,2.283583837E-2,6.712885806E-4,1.589324092E-3,9.997377396E-1,1.773829782E2,1.838324496E-1,-7.274491617E-2,1.773828576E2
2.544170211E2,2.281993883E-2,6.814688095E-4,1.588400919E-3,9.997380972E-1,1.773848006E2,1.837521568E-1,-7.391651716E-2,1.773846782E2
2.544220211E2,2.284369074E-2,6.654983736E-4,1.591393375E-3,9.997375607E-1,1.773820781E2,1.840549227E-1,-7.207472031E-2,1.773819585E2
2.544270211E2,2.284117481E-2,6.673501921E-4,1.589284861E-3,9.997376204E-1,1.773823665E2,1.838180336E-1,-7.229284977E-2,1.773822467E2
2.544320211E2,2.282799141E-2,6.769428146E-4,1.587172388E-3,9.997379184E-1,1.773838776E2,1.836001682E-1,-7.339974588E-2,1.773837561E2
2.544370211E2,2.285498525E-2,6.580543704E-4,1.582072466E-3,9.997373223E-1,1.773807836E2,1.829684181E-1,-7.124425731E-2,1.773806659E2
2.544420211E2,2.285724539E-2,6.561235641E-4,1.587876701E-3,9.997372627E-1,1.773805245E2,1.836284650E-1,-7.100744418E-2,1.773804068E2
2.544470211E2,2.283089175E-2,6.748789456E-4,1.583874226E-3,9.997378588E-1,1.773835452E2,1.832171370E-1,-7.317140234E-2,1.773834243E2
2.544520211E2,2.284739063E-2,6.629397394E-4,1.576723764E-3,9.997375011E-1,1.773816541E2,1.823679119E-1,-7.181932671E-2,1.773815359E2
2.544570211E2,2.285765441E-2,6.556852022E-4,1.582159661E-3,9.997372627E-1,1.773804776E2,1.829723912E-1,-7.097212497E-2,1.773803604E2
2.544620211E2,2.283329307E-2,6.724661216E-4,1.587901847E-3,9.997377992E-1,1.773832699E2,1.836724106E-1,-7.288400662E-2,1.773831492E2
2.544670211E2,2.283328743E-2,6.732405745E-4,1.587654813E-3,9.997377992E-1,1.773832706E2,1.836461363E-1,-7.297337658E-2,1.773831497E2
2.544720211E2,2.285203510E-2,6.595072919E-4,1.586412080E-3,9.997373819E-1,1.773811217E2,1.834691673E-1,-7.139988164E-2,1.773810035E2
2.544770211E2,2.283836788E-2,6.697337376E-4,1.591125620E-3,9.997376800E-1,1.773826883E2,1.840349503E-1,-7.256161086E-2,1.773825678E2
2.544820211E2,2.284137429E-2,6.672867457E-4,1.586442115E-3,9.997376204E-1,1.773823437E2,1.834922117E-1,-7.229298562E-2,1.773822240E2
2.544870211E2,2.285743268E-2,6.570753176E-4,1.584784128E-3,9.997372627E-1,1.773805030E2,1.832766807E-1,-7.112454473E-2,1.773803854E2
2.544920211E2,2.284641125E-2,6.648841663E-4,1.590040047E-3,9.997375011E-1,1.773817663E2,1.838984709E-1,-7.200739813E-2,1.773816469E2
2.544970211E2,2.283077995E-2,6.750199827E-4,1.585424994E-3,9.997378588E-1,1.773835580E2,1.833951569E-1,-7.318352293E-2,1.773834370E2
2.545020211E2,2.284435630E-2,6.649103016E-4,1.582057914E-3,9.997375607E-1,1.773820019E2,1.829839432E-1,-7.203166660E-2,1.773818830E2
2.545070211E2,2.284160607E-2,6.680205115E-4,1.582791912E-3,9.997376204E-1,1.773823171E2,1.830759753E-1,-7.238655910E-2,1.773821976E2
2.545120211E2,2.283094743E-2,6.757904193E-4,1.582682598E-3,9.997378588E-1,1.773835388E2,1.830830110E-1,-7.327892972E-2,1.773834178E2
2.545170211E2,2.284669971E-2,6.647243863E-4,1.585956896E-3,9.997375011E-1,1.773817333E2,1.834302999E-1,-7.199973078E-2,1.773816141E2
2.545220211E2,2.284658960E-2,6.642983644E-4,1.587720704E-3,9.997375011E-1,1.773817459E2,1.836312417E-1,-7.194632736E-2,1.773816267E2
2.545270211E2,2.283117767E-2,6.750808097E-4,1.579661155E-3,9.997378588E-1,1.773835124E2,1.827350288E-1,-7.320549883E-2,1.773833918E2
2.545320211E2,2.284498234E-2,6.658049533E-4,1.572613488E-3,9.997375607E-1,1.773819301E2,1.819043597E-1,-7.215876985E-2,1.773818117E2
2.545370211E2,2.285768329E-2,6.573065766E-4,1.581069315E-3,9.997372627E-1,1.773804743E2,1.828517286E-1,-7.116072282E-2,1.773803569E2
2.545420211E2,2.283083185E-2,6.747260923E-4,1.584802521E-3,9.997378588E-1,1.773835520E2,1.833230800E-1,-7.315147346E-2,1.773834311E2
2.545470211E2,2.283376255E-2,6.728679291E-4,1.580965589E-3,9.997377992E-1,1.773832161E2,1.828788656E-1,-7.294810202E-2,1.773830958E2
2.545520211E2,2.285521666E-2,6.580366171E-4,1.578733209E-3,9.997373223E-1,1.773807570E2,1.825858367E-1,-7.125092708E-2,1.773806397E2
2.545570211E2,2.284207699E-2,6.683057291E-4,1.575860311E-3,9.997376204E-1,1.773822631E2,1.822826589E-1,-7.243729220E-2,1.773821441E2
2.545620211E2,2.283973482E-2,6.684105028E-4,1.571945380E-3,9.997376800E-1,1.773825316E2,1.818342616E-1,-7.245996909E-2,1.773824128E2
2.545670211E2,2.285563101E-2,6.588724791E-4,1.572373323E-3,9.997373223E-1,1.773807095E2,1.818594556E-1,-7.136326671E-2,1.773805925E2
2.545720211E2,2.284700418E-2,6.633104058E-4,1.582158264E-3,9.997375011E-1,1.773816984E2,1.829914411E-1,-7.184763273E-2,1.773815798E2
2.545770211E2,2.283666995E-2,6.717138458E-4,1.577149145E-3,9.997377396E-1,1.773828829E2,1.824388382E-1,-7.282534430E-2,1.773827631E2
2.545820211E2,2.286101452E-2,6.551439292E-4,1.571463305E-3,9.997372031E-1,1.773800925E2,1.817458176E-1,-7.093752327E-2,1.773799762E2
2.545870211E2,2.286105111E-2,6.543590571E-4,1.571258064E-3,9.997372031E-1,1.773800883E2,1.817202511E-1,-7.084813819E-2,1.773799721E2
2.545920211E2,2.284231404E-2,6.667127600E-4,1.573096612E-3,9.997376204E-1,1.773822359E2,1.819618912E-1,-7.226199043E-2,1.773821174E2
2.545970211E2,2.285836973E-2,6.563450443E-4,1.571515808E-3,9.997372627E-1,1.773803956E2,1.817547914E-1,-7.107546808E-2,1.773802791E2
2.546020211E2,2.286105406E-2,6.543222698E-4,1.571230358E-3,9.997372031E-1,1.773800879E2,1.817169808E-1,-7.084399584E-2,1.773799718E2
2.546070211E2,2.285550588E-2,6.587847602E-4,1.574227819E-3,9.997373223E-1,1.773807239E2,1.820716713E-1,-7.134838302E-2,1.773806067E2
2.546120211E2,2.286061837E-2,6.543520722E-4,1.577544492E-3,9.997372031E-1,1.773801379E2,1.824403867E-1,-7.083094776E-2,1.773800213E2
2.546170211E2,2.286598027E-2,6.505369674E-4,1.576958923E-3,9.997370839E-1,1.773795233E2,1.823636849E-1,-7.039443968E-2,1.773794074E2
2.546220211E2,2.285515128E-2,6.578381290E-4,1.579762087E-3,9.997373223E-1,1.773807645E2,1.827031823E-1,-7.122550516E-2,1.773806471E2
2.546270211E2,2.285750794E-2,6.561267655E-4,1.584091457E-3,9.997372627E-1,1.773804944E2,1.831948476E-1,-7.101767778E-2,1.773803770E2
2.546320211E2,2.287884924E-2,6.425091415E-4,1.582523459E-3,9.997367859E-1,1.773780482E2,1.829810246E-1,-6.945782363E-2,1.773779335E2
2.546370211E2,2.286822777E-2,6.493539549E-4,1.582633005E-3,9.997370243E-1,1.773792657E2,1.830107757E-1,-7.024363242E-2,1.773791497E2
2.546420211E2,2.285237911E-2,6.598815671E-4,1.581292716E-3,9.997373819E-1,1.773810823E2,1.828836883E-1,-7.145610269E-2,1.773809644E2
2.546470211E2,2.287047873E-2,6.475261762E-4,1.588496030E-3,9.997369647E-1,1.773790077E2,1.836778217E-1,-7.001846106E-2,1.773788916E2
2.546520211E2,2.287322618E-2,6.449907087E-4,1.587481122E-3,9.997369051E-1,1.773786927E2,1.835550978E-1,-6.973014973E-2,1.773785772E2
2.546570211E2,2.286561532E-2,6.510808016E-4,1.582018100E-3,9.997370839E-1,1.773795651E2,1.829446728E-1,-7.044355200E-2,1.773794488E2
2.546620211E2,2.287099500E-2,6.478296709E-4,1.580921118E-3,9.997369647E-1,1.773789485E2,1.828108579E-1,-7.007298842E-2,1.773788329E2
2.546670211E2,2.288126737E-2,6.407437613E-4,1.585928723E-3,9.997367263E-1,1.773777711E2,1.833666762E-1,-6.924620757E-2,1.773776564E2
2.546720211E2,2.287103397E-2,6.467694184E-4,1.580791431E-3,9.997369647E-1,1.773789440E2,1.827932244E-1,-6.995185712E-2,1.773788286E2
2.546770211E2,2.286585728E-2,6.500856252E-4,1.578927157E-3,9.997370839E-1,1.773795374E2,1.825879778E-1,-7.033759822E-2,1.773794215E2
2.546820211E2,2.287938718E-2,6.422573933E-4,1.574829803E-3,9.997367859E-1,1.773779866E2,1.820990030E-1,-6.944905657E-2,1.773778724E2
2.546870211E2,2.288697682E-2,6.365751615E-4,1.580360346E-3,9.997366071E-1,1.773771166E2,1.827182144E-1,-6.878220427E-2,1.773770031E2
2.546920211E2,2.286865340E-2,6.490419619E-4,1.576599316E-3,9.997370243E-1,1.773792169E2,1.823187576E-1,-7.022362446E-2,1.773791013E2
2.546970211E2,2.287142579E-2,6.466080085E-4,1.575178583E-3,9.997369647E-1,1.773788991E2,1.821498108E-1,-6.994800536E-2,1.773787841E2
2.547020211E2,2.288156158E-2,6.398909609E-4,1.582023455E-3,9.997367263E-1,1.773777373E2,1.829170658E-1,-6.915869578E-2,1.773776231E2
2.547070211E2,2.288120872E-2,6.401971914E-4,1.586995204E-3,9.997367263E-1,1.773777778E2,1.834874168E-1,-6.918080606E-2,1.773776632E2
2.547120211E2,2.287641774E-2,6.438100827E-4,1.579488278E-3,9.997368455E-1,1.773783269E2,1.826365508E-1,-6.961526328E-2,1.773782122E2
2.547170211E2,2.288713109E-2,6.359292311E-4,1.578385010E-3,9.997366071E-1,1.773770989E2,1.824902329E-1,-6.871335826E-2,1.773769857E2
2.547220211E2,2.289200702E-2,6.329519674E-4,1.584366430E-3,9.997364879E-1,1.773765401E2,1.831679987E-1,-6.835569739E-2,1.773764270E2
2.547270211E2,2.288678462E-2,6.367701571E-4,1.583062927E-3,9.997366071E-1,1.773771387E2,1.830283251E-1,-6.879749018E-2,1.773770250E2
2.547320211E2,2.287938704E-2,6.418715348E-4,1.574989059E-3,9.997367859E-1,1.773779866E2,1.821162359E-1,-6.940443452E-2,1.773778725E2
2.547370211E2,2.288706834E-2,6.360932020E-4,1.579228556E-3,9.997366071E-1,1.773771061E2,1.825872967E-1,-6.872994203E-2,1.773769928E2
2.547420211E2,2.287612386E-2,6.444085157E-4,1.583495527E-3,9.997368455E-1,1.773783606E2,1.830971767E-1,-6.967336920E-2,1.773782455E2
2.547470211E2,2.286576758E-2,6.510562962E-4,1.579825999E-3,9.997370839E-1,1.773795477E2,1.826934883E-1,-7.044646082E-2,1.773794315E2
2.547520211E2,2.287645126E-2,6.444006576E-4,1.578761730E-3,9.997368455E-1,1.773783231E2,1.825548668E-1,-6.968481897E-2,1.773782083E2
2.547570211E2,2.288135809E-2,6.404209416E-4,1.584749785E-3,9.997367263E-1,1.773777607E2,1.832307748E-1,-6.921229957E-2,1.773776462E2
2.547620211E2,2.287033561E-2,6.468195352E-4,1.590842730E-3,9.997369647E-1,1.773790241E2,1.839448017E-1,-6.993138314E-2,1.773789079E2
2.547670211E2,2.287858581E-2,6.427759072E-4,1.586219179E-3,9.997367859E-1,1.773780784E2,1.834050940E-1,-6.947874343E-2,1.773779634E2
2.547720211E2,2.287599149E-2,6.433016388E-4,1.585856080E-3,9.997368455E-1,1.773783758E2,1.833646948E-1,-6.954039980E-2,1.773782607E2
2.547770211E2,2.287306011E-2,6.454817485E-4,1.589672756E-3,9.997369051E-1,1.773787118E2,1.838074511E-1,-6.978068979E-2,1.773785960E2
2.547820211E2,2.288370566E-2,6.386155146E-4,1.589176594E-3,9.997366667E-1,1.773774916E2,1.837333454E-1,-6.899342818E-2,1.773773771E2
2.547870211E2,2.288666259E-2,6.373579381E-4,1.584589831E-3,9.997366071E-1,1.773771526E2,1.832047832E-1,-6.886084488E-2,1.773770387E2
2.547920211E2,2.287324482E-2,6.458240096E-4,1.586873666E-3,9.997369051E-1,1.773786906E2,1.834876924E-1,-6.982720273E-2,1.773785750E2
2.547970211E2,2.287647426E-2,6.444231258E-4,1.578419236E-3,9.997368455E-1,1.773783204E2,1.825156907E-1,-6.968828662E-2,1.773782056E2
2.548020211E2,2.288968063E-2,6.346286973E-4,1.579689677E-3,9.997365475E-1,1.773768067E2,1.826364613E-1,-6.856047965E-2,1.773766936E2
2.548070211E2,2.288443869E-2,6.387679023E-4,1.578524010E-3,9.997366667E-1,1.773774076E2,1.825134169E-1,-6.903868741E-2,1.773772938E2
2.548120211E2,2.287366714E-2,6.450244691E-4,1.581100980E-3,9.997369051E-1,1.773786422E2,1.828242967E-1,-6.975066035E-2,1.773785271E2
2.548170211E2,2.289227361E-2,6.335108774E-4,1.580285840E-3,9.997364879E-1,1.773765095E2,1.827020039E-1,-6.843038298E-2,1.773763966E2
2.548220211E2,2.288676540E-2,6.363571156E-4,1.583506819E-3,9.997366071E-1,1.773771409E2,1.830780934E-1,-6.874901086E-2,1.773770272E2
2.548270211E2,2.287094552E-2,6.471326342E-4,1.581922057E-3,9.997369647E-1,1.773789542E2,1.829236967E-1,-6.999052052E-2,1.773788386E2
2.548320211E2,2.289235353E-2,6.329729222E-4,1.579343458E-3,9.997364879E-1,1.773765003E2,1.825926370E-1,-6.837121171E-2,1.773763876E2
2.548370211E2,2.288680278E-2,6.358578685E-4,1.583167003E-3,9.997366071E-1,1.773771366E2,1.830378565E-1,-6.869270082E-2,1.773770230E2
2.548420211E2,2.286278892E-2,6.528716185E-4,1.584460377E-3,9.997371435E-1,1.773798891E2,1.832289576E-1,-7.064282906E-2,1.773797723E2
2.548470211E2,2.287904000E-2,6.427494809E-4,1.579665462E-3,9.997367859E-1,1.773780264E2,1.826542509E-1,-6.949281562E-2,1.773779118E2
2.548520211E2,2.289224457E-2,6.333040074E-4,1.580789336E-3,9.997364879E-1,1.773765128E2,1.827591405E-1,-6.840536811E-2,1.773763999E2
2.548570211E2,2.287363221E-2,6.456798292E-4,1.581338700E-3,9.997369051E-1,1.773786462E2,1.828532459E-1,-6.982512261E-2,1.773785310E2
2.548620211E2,2.287637694E-2,6.436537951E-4,1.580142765E-3,9.997368455E-1,1.773783316E2,1.827111174E-1,-6.959565043E-2,1.773782168E2
2.548670211E2,2.290001966E-2,6.273012841E-4,1.583653037E-3,9.997363091E-1,1.773756216E2,1.830719889E-1,-6.770875142E-2,1.773755097E2
2.548720211E2,2.287300095E-2,6.462566671E-4,1.590209082E-3,9.997369051E-1,1.773787186E2,1.838709207E-1,-6.986807066E-2,1.773786026E2
2.548770211E2,2.286272568E-2,6.536552683E-4,1.585049788E-3,9.997371435E-1,1.773798963E2,1.832985305E-1,-7.073107247E-2,1.773797793E2
2.548820211E2,2.288686870E-2,6.366057787E-4,1.581913093E-3,9.997366071E-1,1.773771290E2,1.828961728E-1,-6.878165910E-2,1.773770154E2
2.548870211E2,2.287630366E-2,6.439006538E-4,1.581102726E-3,9.997368455E-1,1.773783400E2,1.828217343E-1,-6.962142773E-2,1.773782251E2
2.548920211E2,2.286311402E-2,6.534071290E-4,1.579541015E-3,9.997371435E-1,1.773798518E2,1.826668127E-1,-7.071700728E-2,1.773797353E2
2.548970211E2,2.288756601E-2,6.369711482E-4,1.571643865E-3,9.997366071E-1,1.773770491E2,1.817207184E-1,-6.885032331E-2,1.773769361E2
2.549020211E2,2.288231546E-2,6.401774590E-4,1.570964931E-3,9.997367263E-1,1.773776509E2,1.816509853E-1,-6.922037756E-2,1.773775374E2
2.549070211E2,2.286103279E-2,6.545192446E-4,1.571457833E-3,9.997372031E-1,1.773800904E2,1.817435553E-1,-7.086596949E-2,1.773799742E2
2.549120211E2,2.287403781E-2,6.447337801E-4,1.575848204E-3,9.997369051E-1,1.773785997E2,1.822217932E-1,-6.973105986E-2,1.773784850E2
2.549170211E2,2.287366387E-2,6.449332577E-4,1.581185381E-3,9.997369051E-1,1.773786426E2,1.828337265E-1,-6.973999040E-2,1.773785275E2
2.549220211E2,2.285534749E-2,6.582813803E-4,1.576735871E-3,9.997373223E-1,1.773807420E2,1.823576685E-1,-7.128417495E-2,1.773806248E2
2.549270211E2,2.288187310E-2,6.395243108E-4,1.577659976E-3,9.997367263E-1,1.773777016E2,1.824162380E-1,-6.912807669E-2,1.773775878E2
2.549320211E2,2.289747526E-2,6.292384933E-4,1.582046738E-3,9.997363687E-1,1.773759133E2,1.828928799E-1,-6.793536159E-2,1.773758010E2
2.549370211E2,2.286868455E-2,6.485948688E-4,1.576331444E-3,9.997370243E-1,1.773792133E2,1.822869001E-1,-7.017310115E-2,1.773790979E2
2.549420211E2,2.287457992E-2,6.455010734E-4,1.567643834E-3,9.997369051E-1,1.773785376E2,1.812839353E-1,-6.984036983E-2,1.773784233E2
2.549470211E2,2.289824901E-2,6.282557733E-4,1.571201254E-3,9.997363687E-1,1.773758246E2,1.816478762E-1,-6.785109750E-2,1.773757133E2
2.549520211E2,2.287145713E-2,6.473250105E-4,1.574428868E-3,9.997369647E-1,1.773788955E2,1.820658037E-1,-7.003210544E-2,1.773787805E2
2.549570211E2,2.286894596E-2,6.492041866E-4,1.572282985E-3,9.997370243E-1,1.773791834E2,1.818247167E-1,-7.025346765E-2,1.773790681E2
2.549620211E2,2.291105427E-2,6.203217781E-4,1.577297808E-3,9.997360706E-1,1.773743568E2,1.823263441E-1,-6.692383497E-2,1.773742466E2
2.549670211E2,2.289197217E-2,6.324408459E-4,1.585073886E-3,9.997364879E-1,1.773765441E2,1.832477027E-1,-6.829529308E-2,1.773764310E2
2.549720211E2,2.286534849E-2,6.518944865E-4,1.585535705E-3,9.997370839E-1,1.773795957E2,1.833497695E-1,-7.052760059E-2,1.773794790E2
2.549770211E2,2.288951025E-2,6.339745014E-4,1.582418801E-3,9.997365475E-1,1.773768262E2,1.829473867E-1,-6.847840651E-2,1.773767131E2
2.549820211E2,2.289428515E-2,6.319570239E-4,1.589448424E-3,9.997364283E-1,1.773762789E2,1.837477460E-1,-6.822796472E-2,1.773761657E2
2.549870211E2,2.286774871E-2,6.490169908E-4,1.589677762E-3,9.997370243E-1,1.773793206E2,1.838169190E-1,-7.018665573E-2,1.773792041E2
2.549920211E2,2.288914071E-2,6.342565757E-4,1.587642473E-3,9.997365475E-1,1.773768686E2,1.835465343E-1,-6.849708718E-2,1.773767550E2
2.549970211E2,2.289410864E-2,6.318332162E-4,1.592037966E-3,9.997364283E-1,1.773762992E2,1.840440715E-1,-6.820701968E-2,1.773761858E2
2.550020211E2,2.286716278E-2,6.495679845E-4,1.597860130E-3,9.997370243E-1,1.773793877E2,1.847557086E-1,-7.022844417E-2,1.773792706E2
2.550070211E2,2.287791934E-2,6.426417385E-4,1.595856971E-3,9.997367859E-1,1.773781548E2,1.845088184E-1,-6.943822740E-2,1.773780391E2
2.550120211E2,2.288613074E-2,6.360104890E-4,1.592791639E-3,9.997366071E-1,1.773772136E2,1.841408259E-1,-6.868506598E-2,1.773770994E2
2.550170211E2,2.287034419E-2,6.485042977E-4,1.590033411E-3,9.997369647E-1,1.773790231E2,1.838565011E-1,-7.012651153E-2,1.773789067E2
2.550220211E2,2.287324728E-2,6.450174842E-4,1.587166102E-3,9.997369051E-1,1.773786903E2,1.835190803E-1,-6.973403903E-2,1.773785748E2
2.550270211E2,2.288608172E-2,6.364297005E-4,1.593328430E-3,9.997366071E-1,1.773772192E2,1.842034178E-1,-6.873169265E-2,1.773771049E2
2.550320211E2,2.286753069E-2,6.495499983E-4,1.592593617E-3,9.997370243E-1,1.773793456E2,1.841523461E-1,-7.024011680E-2,1.773792288E2
2.550370211E2,2.287564527E-2,6.444843020E-4,1.590363681E-3,9.997368455E-1,1.773784155E2,1.838841701E-1,-6.966413435E-2,1.773782998E2
2.550420211E2,2.289120711E-2,6.337009254E-4,1.595584676E-3,9.997364879E-1,1.773766317E2,1.844550906E-1,-6.841221728E-2,1.773765178E2
2.550470211E2,2.287809294E-2,6.427929038E-4,1.593305264E-3,9.997367859E-1,1.773781349E2,1.842168987E-1,-6.946220303E-2,1.773780194E2
2.550520211E2,2.286272641E-2,6.528753438E-4,1.585360616E-3,9.997371435E-1,1.773798962E2,1.833320961E-1,-7.064090867E-2,1.773797794E2
2.550570211E2,2.287342963E-2,6.452232483E-4,1.584452228E-3,9.997369051E-1,1.773786694E2,1.832087261E-1,-6.976469185E-2,1.773785540E2
2.550620211E2,2.287025495E-2,6.473550457E-4,1.591784297E-3,9.997369647E-1,1.773790333E2,1.840540673E-1,-6.999027913E-2,1.773789170E2
2.550670211E2,2.286522726E-2,6.518156733E-4,1.587315346E-3,9.997370839E-1,1.773796096E2,1.835534333E-1,-7.051393071E-2,1.773794928E2
2.550720211E2,2.286540611E-2,6.518397713E-4,1.584726968E-3,9.997370839E-1,1.773795891E2,1.832569797E-1,-7.052344091E-2,1.773794725E2
2.550770211E2,2.286815751E-2,6.484455662E-4,1.584020094E-3,9.997370243E-1,1.773792737E2,1.831672974E-1,-7.013594391E-2,1.773791578E2
2.550820211E2,2.286539819E-2,6.518074661E-4,1.584854559E-3,9.997370839E-1,1.773795900E2,1.832715116E-1,-7.051940710E-2,1.773794734E2
2.550870211E2,2.285730274E-2,6.571050035E-4,1.586644910E-3,9.997372627E-1,1.773805179E2,1.834899239E-1,-7.112309533E-2,1.773804002E2
2.550920211E2,2.286561231E-2,6.515422720E-4,1.581871649E-3,9.997370839E-1,1.773795655E2,1.829291042E-1,-7.049680302E-2,1.773794491E2
2.550970211E2,2.286798174E-2,6.485762424E-4,1.586502185E-3,9.997370243E-1,1.773792939E2,1.834519804E-1,-7.014444201E-2,1.773791777E2
2.551020211E2,2.285168086E-2,6.598770851E-4,1.591353328E-3,9.997373819E-1,1.773811623E2,1.840361890E-1,-7.142937092E-2,1.773810437E2
2.551070211E2,2.284952203E-2,6.625654059E-4,1.583772013E-3,9.997374415E-1,1.773814098E2,1.831745452E-1,-7.175759798E-2,1.773812912E2
2.551120211E2,2.286542595E-2,6.512153777E-4,1.584697515E-3,9.997370839E-1,1.773795868E2,1.832519707E-1,-7.045198300E-2,1.773794703E2
2.551170211E2,2.286256135E-2,6.531564868E-4,1.587623497E-3,9.997371435E-1,1.773799152E2,1.835920608E-1,-7.066721840E-2,1.773797981E2
2.551220211E2,2.284119587E-2,6.670110160E-4,1.589124557E-3,9.997376204E-1,1.773823641E2,1.837987825E-1,-7.225440897E-2,1.773822443E2
2.551270211E2,2.285772345E-2,6.557051674E-4,1.581153600E-3,9.997372627E-1,1.773804697E2,1.828571922E-1,-7.097703488E-2,1.773803526E2
2.551320211E2,2.286541440E-2,6.519267918E-4,1.584571553E-3,9.997370839E-1,1.773795881E2,1.832394038E-1,-7.053381581E-2,1.773794715E2
2.551370211E2,2.285726257E-2,6.562697235E-4,1.587569015E-3,9.997372627E-1,1.773805225E2,1.835936001E-1,-7.102499121E-2,1.773804049E2
2.551420211E2,2.286306008E-2,6.521917530E-4,1.580823562E-3,9.997371435E-1,1.773798580E2,1.828105553E-1,-7.057442155E-2,1.773797416E2
2.551470211E2,2.287369397E-2,6.460687146E-4,1.580286189E-3,9.997369051E-1,1.773786391E2,1.827336921E-1,-6.987242149E-2,1.773785239E2
2.551520211E2,2.285992862E-2,6.548805395E-4,1.587290200E-3,9.997372031E-1,1.773802169E2,1.835582085E-1,-7.086608504E-2,1.773800996E2
2.551570211E2,2.285977768E-2,6.542213378E-4,1.589733991E-3,9.997372031E-1,1.773802342E2,1.838364358E-1,-7.078419172E-2,1.773801168E2
2.551620211E2,2.287066574E-2,6.483376492E-4,1.585469698E-3,9.997369647E-1,1.773789862E2,1.833332597E-1,-7.011932196E-2,1.773788702E2
2.551670211E2,2.285995163E-2,6.539922324E-4,1.587325125E-3,9.997372031E-1,1.773802143E2,1.835598838E-1,-7.076422354E-2,1.773800971E2
2.551720211E2,2.285692590E-2,6.576909800E-4,1.591822365E-3,9.997372627E-1,1.773805611E2,1.840845708E-1,-7.117673336E-2,1.773804429E2
2.551770211E2,2.286778601E-2,6.496908027E-4,1.588865649E-3,9.997370243E-1,1.773793163E2,1.837256503E-1,-7.026596995E-2,1.773791998E2
2.551820211E2,2.286262845E-2,6.535769207E-4,1.586483791E-3,9.997371435E-1,1.773799075E2,1.834626004E-1,-7.071835762E-2,1.773797904E2
2.551870211E2,2.286274953E-2,6.532721454E-4,1.584863639E-3,9.997371435E-1,1.773798936E2,1.832762028E-1,-7.068766469E-2,1.773797767E2
2.551920211E2,2.287072176E-2,6.468751817E-4,1.585258869E-3,9.997369647E-1,1.773789798E2,1.833052774E-1,-6.995232185E-2,1.773788641E2
2.551970211E2,2.286282848E-2,6.530941464E-4,1.583797741E-3,9.997371435E-1,1.773798845E2,1.831536307E-1,-7.067005105E-2,1.773797677E2
2.552020211E2,2.285797607E-2,6.562105846E-4,1.577287330E-3,9.997372627E-1,1.773804407E2,1.824156073E-1,-7.104501752E-2,1.773803238E2
2.552070211E2,2.287115625E-2,6.478293217E-4,1.578586758E-3,9.997369647E-1,1.773789300E2,1.825434398E-1,-7.007903719E-2,1.773788146E2
2.552120211E2,2.286823012E-2,6.501369062E-4,1.582277589E-3,9.997370243E-1,1.773792654E2,1.829721108E-1,-7.033425944E-2,1.773791493E2
2.552170211E2,2.285229308E-2,6.604027585E-4,1.582318102E-3,9.997373819E-1,1.773810921E2,1.830025173E-1,-7.151314162E-2,1.773809741E2
2.552220211E2,2.286287199E-2,6.527048536E-4,1.583330100E-3,9.997371435E-1,1.773798796E2,1.830990400E-1,-7.062667034E-2,1.773797629E2
2.552270211E2,2.286532759E-2,6.510349340E-4,1.586190076E-3,9.997370839E-1,1.773795981E2,1.834224814E-1,-7.042741818E-2,1.773794815E2
2.552320211E2,2.286253670E-2,6.528294180E-4,1.588113024E-3,9.997371435E-1,1.773799180E2,1.836472831E-1,-7.062847089E-2,1.773798009E2
2.552370211E2,2.286000315E-2,6.556877051E-4,1.585883088E-3,9.997372031E-1,1.773802084E2,1.833991271E-1,-7.096222764E-2,1.773800910E2
2.552420211E2,2.286564522E-2,6.517914007E-4,1.581293065E-3,9.997370839E-1,1.773795617E2,1.828634757E-1,-7.052685363E-2,1.773794453E2
2.552470211E2,2.285747342E-2,6.558157038E-4,1.584718237E-3,9.997372627E-1,1.773804984E2,1.832658353E-1,-7.098040663E-2,1.773803810E2
2.552520211E2,2.285459364E-2,6.581512862E-4,1.587679377E-3,9.997373223E-1,1.773808284E2,1.836109821E-1,-7.124074693E-2,1.773807104E2
2.552570211E2,2.286258932E-2,6.528911181E-4,1.587329898E-3,9.997371435E-1,1.773799120E2,1.835577322E-1,-7.063758145E-2,1.773797949E2
2.552620211E2,2.287335341E-2,6.451804657E-4,1.585569698E-3,9.997369051E-1,1.773786782E2,1.833366281E-1,-6.975687545E-2,1.773785627E2
2.552670211E2,2.286500217E-2,6.518883747E-4,1.590524684E-3,9.997370839E-1,1.773796354E2,1.839212754E-1,-7.051389153E-2,1.773795183E2
2.552720211E2,2.284932017E-2,6.614248268E-4,1.587157371E-3,9.997374415E-1,1.773814329E2,1.835593767E-1,-7.161810406E-2,1.773813143E2
2.552770211E2,2.285468042E-2,6.577936001E-4,1.586578088E-3,9.997373223E-1,1.773808185E2,1.834838857E-1,-7.120263830E-2,1.773807006E2
2.552820211E2,2.286786379E-2,6.495133275E-4,1.587818493E-3,9.997370243E-1,1.773793074E2,1.836052266E-1,-7.024836800E-2,1.773791910E2
2.552870211E2,2.285733709E-2,6.563549978E-4,1.586460508E-3,9.997372627E-1,1.773805140E2,1.834668362E-1,-7.103765027E-2,1.773803964E2
2.552920211E2,2.286047003E-2,6.554196589E-4,1.579249976E-3,9.997372031E-1,1.773801549E2,1.826385566E-1,-7.094881122E-2,1.773800380E2
2.552970211E2,2.286616950E-2,6.513692206E-4,1.573868445E-3,9.997370839E-1,1.773795016E2,1.820118285E-1,-7.049784756E-2,1.773793858E2
2.553020211E2,2.286350073E-2,6.532158586E-4,1.574012917E-3,9.997371435E-1,1.773798075E2,1.820330300E-1,-7.070950848E-2,1.773796914E2
2.553070211E2,2.286338802E-2,6.527476362E-4,1.575843315E-3,9.997371435E-1,1.773798204E2,1.822414889E-1,-7.065109298E-2,1.773797042E2
2.553120211E2,2.286619193E-2,6.510842941E-4,1.573660411E-3,9.997370839E-1,1.773794990E2,1.819872506E-1,-7.046574701E-2,1.773793833E2
2.553170211E2,2.285840236E-2,6.554626743E-4,1.571409521E-3,9.997372627E-1,1.773803919E2,1.817403057E-1,-7.097465495E-2,1.773802755E2
2.553220211E2,2.286065773E-2,6.552421837E-4,1.576604322E-3,9.997372031E-1,1.773801334E2,1.823350139E-1,-7.093537609E-2,1.773800167E2
2.553270211E2,2.285544174E-2,6.574153667E-4,1.575730741E-3,9.997373223E-1,1.773807312E2,1.822402573E-1,-7.118757855E-2,1.773806142E2
2.553320211E2,2.285052421E-2,6.625016103E-4,1.569273300E-3,9.997374415E-1,1.773812949E2,1.815134507E-1,-7.178807215E-2,1.773811774E2
2.553370211E2,2.285027836E-2,6.613423466E-4,1.573336776E-3,9.997374415E-1,1.773813231E2,1.819759166E-1,-7.164466928E-2,1.773812055E2
2.553420211E2,2.284746096E-2,6.634243764E-4,1.575500355E-3,9.997375011E-1,1.773816460E2,1.822290300E-1,-7.187803782E-2,1.773815279E2
2.553470211E2,2.283948889E-2,6.690518931E-4,1.575242262E-3,9.997376800E-1,1.773825598E2,1.822136196E-1,-7.252486343E-2,1.773824406E2
2.553520211E2,2.283973977E-2,6.693981122E-4,1.571453060E-3,9.997376800E-1,1.773825310E2,1.817804460E-1,-7.257439883E-2,1.773824121E2
2.553570211E2,2.283942029E-2,6.688735448E-4,1.576312352E-3,9.997376800E-1,1.773825676E2,1.823357393E-1,-7.250164330E-2,1.773824484E2
2.553620211E2,2.283672796E-2,6.702879327E-4,1.576915849E-3,9.997377396E-1,1.773828762E2,1.824083836E-1,-7.266258945E-2,1.773827567E2
2.553670211E2,2.282871077E-2,6.774481153E-4,1.576574752E-3,9.997379184E-1,1.773837952E2,1.823874576E-1,-7.348522632E-2,1.773836744E2
2.553720211E2,2.283168378E-2,6.746844738E-4,1.572499285E-3,9.997378588E-1,1.773834544E2,1.819135513E-1,-7.317874007E-2,1.773833344E2
2.553770211E2,2.282603935E-2,6.790531334E-4,1.576767536E-3,9.997379780E-1,1.773841014E2,1.824135457E-1,-7.366908279E-2,1.773839802E2
2.553820211E2,2.282842401E-2,6.774949143E-4,1.580701442E-3,9.997379184E-1,1.773838280E2,1.828603205E-1,-7.347984428E-2,1.773837069E2
2.553870211E2,2.282630963E-2,6.788733299E-4,1.572927576E-3,9.997379780E-1,1.773840704E2,1.819731822E-1,-7.365847958E-2,1.773839496E2
2.553920211E2,2.282355312E-2,6.799443508E-4,1.574579859E-3,9.997380376E-1,1.773843863E2,1.821650693E-1,-7.377735761E-2,1.773842652E2
2.553970211E2,2.283618881E-2,6.714301417E-4,1.584220910E-3,9.997377396E-1,1.773829380E2,1.832482154E-1,-7.277442400E-2,1.773828178E2
2.554020211E2,2.282050909E-2,6.822763244E-4,1.579838339E-3,9.997380972E-1,1.773847353E2,1.827733653E-1,-7.403131508E-2,1.773846133E2
2.554070211E2,2.281802046E-2,6.836780231E-4,1.577457995E-3,9.997381568E-1,1.773850205E2,1.825041498E-1,-7.419857520E-2,1.773848985E2
2.554120211E2,2.283665882E-2,6.702836254E-4,1.577918651E-3,9.997377396E-1,1.773828842E2,1.825232501E-1,-7.265948426E-2,1.773827646E2
2.554170211E2,2.283111470E-2,6.755781942E-4,1.580358599E-3,9.997378588E-1,1.773835196E2,1.828162262E-1,-7.326066670E-2,1.773833989E2
2.554220211E2,2.280993720E-2,6.902323803E-4,1.578181516E-3,9.997383356E-1,1.773859470E2,1.826035722E-1,-7.494903733E-2,1.773858237E2
2.554270211E2,2.282649525E-2,6.786391023E-4,1.570332795E-3,9.997379780E-1,1.773840491E2,1.816753200E-1,-7.363839986E-2,1.773839285E2
2.554320211E2,2.283191918E-2,6.737523945E-4,1.569478191E-3,9.997378588E-1,1.773834274E2,1.815650273E-1,-7.307982138E-2,1.773833078E2
2.554370211E2,2.282104401E-2,6.827737670E-4,1.571876463E-3,9.997380972E-1,1.773846739E2,1.818625780E-1,-7.410902720E-2,1.773845525E2
2.554420211E2,2.281626255E-2,6.849983474E-4,1.564483740E-3,9.997382164E-1,1.773852220E2,1.810211161E-1,-7.438407807E-2,1.773851007E2
2.554470211E2,2.281614541E-2,6.850423524E-4,1.566171995E-3,9.997382164E-1,1.773852354E2,1.812146322E-1,-7.438472634E-2,1.773851140E2
2.554520211E2,2.281099277E-2,6.894917460E-4,1.563177095E-3,9.997383356E-1,1.773858260E2,1.808827793E-1,-7.490321893E-2,1.773857040E2
2.554570211E2,2.281627444E-2,6.862363662E-4,1.563767670E-3,9.997382164E-1,1.773852206E2,1.809423198E-1,-7.452777762E-2,1.773850991E2
2.554620211E2,2.282975276E-2,6.760733668E-4,1.562009333E-3,9.997379184E-1,1.773836757E2,1.807152951E-1,-7.336564923E-2,1.773835562E2
2.554670211E2,2.282425235E-2,6.802844000E-4,1.564263715E-3,9.997380376E-1,1.773843062E2,1.809841732E-1,-7.384316958E-2,1.773841858E2
2.554720211E2,2.282153324E-2,6.817998365E-4,1.565181999E-3,9.997380972E-1,1.773846179E2,1.810931364E-1,-7.401487107E-2,1.773844971E2
2.554770211E2,2.282692697E-2,6.776718656E-4,1.564463950E-3,9.997379780E-1,1.773839996E2,1.810004752E-1,-7.354286554E-2,1.773838797E2
2.554820211E2,2.282178963E-2,6.818965776E-4,1.561396988E-3,9.997380972E-1,1.773845885E2,1.806597902E-1,-7.403580642E-2,1.773844680E2
2.554870211E2,2.283251535E-2,6.750628236E-4,1.560214907E-3,9.997378588E-1,1.773833591E2,1.805072807E-1,-7.325407563E-2,1.773832399E2
2.554920211E2,2.283469996E-2,6.729639135E-4,1.567326603E-3,9.997377992E-1,1.773831087E2,1.813166771E-1,-7.299461700E-2,1.773829894E2
2.554970211E2,2.282924203E-2,6.771332119E-4,1.568999141E-3,9.997379184E-1,1.773837343E2,1.815187964E-1,-7.346887259E-2,1.773836141E2
2.555020211E2,2.282140580E-2,6.817895337E-4,1.567043597E-3,9.997380972E-1,1.773846325E2,1.813063682E-1,-7.400884528E-2,1.773845116E2
2.555070211E2,2.282683082E-2,6.780299009E-4,1.565711224E-3,9.997379780E-1,1.773840107E2,1.811442949E-1,-7.358063731E-2,1.773838905E2
2.555120211E2,2.282112232E-2,6.818991969E-4,1.571118948E-3,9.997380972E-1,1.773846650E2,1.817735141E-1,-7.401080189E-2,1.773845437E2
2.555170211E2,2.281835464E-2,6.836987450E-4,1.572607667E-3,9.997381568E-1,1.773849822E2,1.819485658E-1,-7.421357134E-2,1.773848605E2
2.555220211E2,2.282112166E-2,6.816283567E-4,1.571246074E-3,9.997380972E-1,1.773846650E2,1.817873694E-1,-7.397944166E-2,1.773845438E2
2.555270211E2,2.283167634E-2,6.746957661E-4,1.572602428E-3,9.997378588E-1,1.773834553E2,1.819253967E-1,-7.317976522E-2,1.773833352E2
2.555320211E2,2.282355925E-2,6.798597169E-4,1.574527589E-3,9.997380376E-1,1.773843856E2,1.821588601E-1,-7.376779741E-2,1.773842645E2
2.555370211E2,2.281836430E-2,6.830904749E-4,1.572731766E-3,9.997381568E-1,1.773849811E2,1.819611928E-1,-7.414356068E-2,1.773848595E2
2.555420211E2,2.282631134E-2,6.782269338E-4,1.573181478E-3,9.997379780E-1,1.773840702E2,1.820005788E-1,-7.358376295E-2,1.773839495E2
2.555470211E2,2.283140651E-2,6.747721345E-4,1.576482435E-3,9.997378588E-1,1.773834862E2,1.823700776E-1,-7.317841152E-2,1.773833659E2
2.555520211E2,2.282884791E-2,6.765268627E-4,1.574983704E-3,9.997379184E-1,1.773837794E2,1.822027839E-1,-7.338382352E-2,1.773836589E2
2.555570211E2,2.283156535E-2,6.749259774E-4,1.574114431E-3,9.997378588E-1,1.773834680E2,1.820992088E-1,-7.320220274E-2,1.773833478E2
2.555620211E2,2.283143853E-2,6.752907648E-4,1.575796399E-3,9.997378588E-1,1.773834825E2,1.822928435E-1,-7.323961573E-2,1.773833622E2
2.555670211E2,2.282297760E-2,6.805175217E-4,1.582653727E-3,9.997380376E-1,1.773844523E2,1.830914839E-1,-7.382200907E-2,1.773843305E2
2.555720211E2,2.282079292E-2,6.827505422E-4,1.575527596E-3,9.997380972E-1,1.773847027E2,1.822807796E-1,-7.409686377E-2,1.773845810E2
2.555770211E2,2.282879809E-2,6.764581776E-4,1.575735281E-3,9.997379184E-1,1.773837852E2,1.822887026E-1,-7.337399772E-2,1.773836646E2
2.555820211E2,2.283367677E-2,6.736039650E-4,1.581890741E-3,9.997377992E-1,1.773832260E2,1.829867727E-1,-7.303001831E-2,1.773831055E2
2.555870211E2,2.283123998E-2,6.756453658E-4,1.578518772E-3,9.997378588E-1,1.773835053E2,1.826056370E-1,-7.327315279E-2,1.773833846E2
2.555920211E2,2.283428063E-2,6.729435991E-4,1.573432703E-3,9.997377992E-1,1.773831567E2,1.820161197E-1,-7.297638772E-2,1.773830370E2
2.555970211E2,2.283679834E-2,6.709242589E-4,1.575625502E-3,9.997377396E-1,1.773828682E2,1.822622295E-1,-7.273885199E-2,1.773827486E2
2.556020211E2,2.284209333E-2,6.680902443E-4,1.575714909E-3,9.997376204E-1,1.773822612E2,1.822654383E-1,-7.241298357E-2,1.773821422E2
2.556070211E2,2.283953099E-2,6.688795402E-4,1.574705006E-3,9.997376800E-1,1.773825549E2,1.821516224E-1,-7.250651693E-2,1.773824359E2
2.556120211E2,2.283951174E-2,6.690134760E-4,1.574927242E-3,9.997376800E-1,1.773825571E2,1.821774315E-1,-7.252128266E-2,1.773824380E2
2.556170211E2,2.284466458E-2,6.657899357E-4,1.577229123E-3,9.997375607E-1,1.773819665E2,1.824330732E-1,-7.214502384E-2,1.773818478E2
2.556220211E2,2.284690647E-2,6.636679173E-4,1.583418809E-3,9.997375011E-1,1.773817096E2,1.831367806E-1,-7.188530733E-2,1.773815908E2
2.556270211E2,2.284435839E-2,6.658373750E-4,1.581637771E-3,9.997375607E-1,1.773820016E2,1.829382382E-1,-7.213897305E-2,1.773818826E2
2.556320211E2,2.284464668E-2,6.653008168E-4,1.577694668E-3,9.997375607E-1,1.773819686E2,1.824851250E-1,-7.208777412E-2,1.773818499E2
2.556370211E2,2.285494155E-2,6.581955240E-4,1.582644880E-3,9.997373223E-1,1.773807886E2,1.830343615E-1,-7.125893686E-2,1.773806709E2
2.556420211E2,2.285774360E-2,6.571232225E-4,1.580273383E-3,9.997372627E-1,1.773804674E2,1.827600692E-1,-7.114179135E-2,1.773803501E2
2.556470211E2,2.284774163E-2,6.638196064E-4,1.571257948E-3,9.997375011E-1,1.773816138E2,1.817440671E-1,-7.193437262E-2,1.773814959E2
2.556520211E2,2.284798779E-2,6.634662277E-4,1.567824045E-3,9.997375011E-1,1.773815856E2,1.813497652E-1,-7.190283529E-2,1.773814680E2
2.556570211E2,2.284524872E-2,6.646735710E-4,1.569218817E-3,9.997375607E-1,1.773818996E2,1.815125169E-1,-7.203799573E-2,1.773817817E2
2.556620211E2,2.285323723E-2,6.598692853E-4,1.568847452E-3,9.997373819E-1,1.773809839E2,1.814579652E-1,-7.148713171E-2,1.773808669E2
2.556670211E2,2.285347925E-2,6.599910557E-4,1.565266633E-3,9.997373819E-1,1.773809562E2,1.810480763E-1,-7.151041592E-2,1.773808394E2
2.556720211E2,2.284564988E-2,6.644790992E-4,1.563450205E-3,9.997375607E-1,1.773818536E2,1.808511738E-1,-7.203074637E-2,1.773817361E2
2.556770211E2,2.284542405E-2,6.646442926E-4,1.566676539E-3,9.997375607E-1,1.773818795E2,1.812212049E-1,-7.204126543E-2,1.773817617E2
2.556820211E2,2.285108476E-2,6.615423481E-4,1.561496290E-3,9.997374415E-1,1.773812306E2,1.806200302E-1,-7.169844120E-2,1.773811139E2
2.556870211E2,2.284338818E-2,6.672751624E-4,1.557180076E-3,9.997376204E-1,1.773821128E2,1.801400133E-1,-7.236789061E-2,1.773819953E2
2.556920211E2,2.284557543E-2,6.647672271E-4,1.564415405E-3,9.997375607E-1,1.773818621E2,1.809624978E-1,-7.206124129E-2,1.773817445E2
2.556970211E2,2.285354684E-2,6.596340099E-4,1.564430073E-3,9.997373819E-1,1.773809484E2,1.809513081E-1,-7.147169088E-2,1.773808318E2
2.557020211E2,2.285371759E-2,6.596226012E-4,1.561938436E-3,9.997373819E-1,1.773809289E2,1.806658439E-1,-7.147687848E-2,1.773808124E2
2.557070211E2,2.284588866E-2,6.644167006E-4,1.559983706E-3,9.997375607E-1,1.773818262E2,1.804538990E-1,-7.203263022E-2,1.773817090E2
2.557120211E2,2.285369183E-2,6.594864535E-4,1.562372898E-3,9.997373819E-1,1.773809318E2,1.807152582E-1,-7.146014801E-2,1.773808153E2
2.557170211E2,2.286425652E-2,6.532738334E-4,1.562971622E-3,9.997371435E-1,1.773797209E2,1.807683247E-1,-7.074494262E-2,1.773796055E2
2.557220211E2,2.285615999E-2,6.580536719E-4,1.565009705E-3,9.997373223E-1,1.773806489E2,1.810137589E-1,-7.128865382E-2,1.773805325E2
2.557270211E2,2.285888865E-2,6.555726868E-4,1.564273494E-3,9.997372627E-1,1.773803361E2,1.809231122E-1,-7.100586296E-2,1.773802203E2
2.557320211E2,2.286943771E-2,6.490895175E-4,1.565161627E-3,9.997370243E-1,1.773791270E2,1.810086152E-1,-7.025890495E-2,1.773790122E2
2.557370211E2,2.286925593E-2,6.495532580E-4,1.567623345E-3,9.997370243E-1,1.773791478E2,1.812918367E-1,-7.030561311E-2,1.773790328E2
2.557420211E2,2.285665498E-2,6.570298574E-4,1.558195916E-3,9.997373223E-1,1.773805922E2,1.802305122E-1,-7.118912182E-2,1.773804765E2
2.557470211E2,2.286476349E-2,6.520184688E-4,1.556064235E-3,9.997371435E-1,1.773796628E2,1.799737483E-1,-7.061913346E-2,1.773795481E2
2.557520211E2,2.287503733E-2,6.456371630E-4,1.560898731E-3,9.997369051E-1,1.773784851E2,1.805115930E-1,-6.987355914E-2,1.773783713E2
2.557570211E2,2.286171938E-2,6.541291950E-4,1.561600948E-3,9.997372031E-1,1.773800117E2,1.806133594E-1,-7.084698387E-2,1.773798963E2
2.557620211E2,2.285653039E-2,6.572536076E-4,1.559928060E-3,9.997373223E-1,1.773806064E2,1.804295270E-1,-7.121024047E-2,1.773804906E2
2.557670211E2,2.285904448E-2,6.560492329E-4,1.561794546E-3,9.997372627E-1,1.773803183E2,1.806403790E-1,-7.106692238E-2,1.773802025E2
2.557720211E2,2.286140392E-2,6.544308853E-4,1.566086314E-3,9.997372031E-1,1.773800478E2,1.811279791E-1,-7.086985199E-2,1.773799320E2
2.557770211E2,2.285877496E-2,6.555516738E-4,1.565942774E-3,9.997372627E-1,1.773803492E2,1.811142848E-1,-7.099910351E-2,1.773802332E2
2.557820211E2,2.286942968E-2,6.485951599E-4,1.565483864E-3,9.997370243E-1,1.773791279E2,1.810442350E-1,-7.020142756E-2,1.773790132E2
2.557870211E2,2.287710155E-2,6.441249861E-4,1.569423708E-3,9.997368455E-1,1.773782485E2,1.814844090E-1,-6.967759984E-2,1.773781344E2
2.557920211E2,2.287163290E-2,6.465805927E-4,1.572179724E-3,9.997369647E-1,1.773788754E2,1.818061988E-1,-6.995268688E-2,1.773787606E2
2.557970211E2,2.286379174E-2,6.524507189E-4,1.570098335E-3,9.997371435E-1,1.773797741E2,1.815825841E-1,-7.063205663E-2,1.773796584E2
2.558020211E2,2.286409104E-2,6.531586405E-4,1.565438695E-3,9.997371435E-1,1.773797398E2,1.810506435E-1,-7.072531177E-2,1.773796243E2
2.558070211E2,2.286112381E-2,6.542396732E-4,1.570249675E-3,9.997372031E-1,1.773800799E2,1.816044205E-1,-7.083708997E-2,1.773799639E2
2.558120211E2,2.286072279E-2,6.554182037E-4,1.575587550E-3,9.997372031E-1,1.773801259E2,1.822189965E-1,-7.095819304E-2,1.773800093E2
2.558170211E2,2.286641182E-2,6.515863934E-4,1.570253749E-3,9.997370839E-1,1.773794738E2,1.815983087E-1,-7.053215508E-2,1.773793583E2
2.558220211E2,2.286406905E-2,6.520692841E-4,1.566213788E-3,9.997371435E-1,1.773797424E2,1.811365835E-1,-7.059848661E-2,1.773796270E2
2.558270211E2,2.286112400E-2,6.537627196E-4,1.570445602E-3,9.997372031E-1,1.773800799E2,1.816256166E-1,-7.078193614E-2,1.773799639E2
2.558320211E2,2.286602528E-2,6.513904082E-4,1.575953560E-3,9.997370839E-1,1.773795181E2,1.822507484E-1,-7.049483732E-2,1.773794022E2
2.558370211E2,2.286628360E-2,6.509013474E-4,1.572403591E-3,9.997370839E-1,1.773794885E2,1.818427941E-1,-7.044806505E-2,1.773793729E2
2.558420211E2,2.286083792E-2,6.549326354E-4,1.574118272E-3,9.997372031E-1,1.773801127E2,1.820494094E-1,-7.090639381E-2,1.773799963E2
2.558470211E2,2.286040826E-2,6.545940414E-4,1.580486074E-3,9.997372031E-1,1.773801620E2,1.827779987E-1,-7.085100030E-2,1.773800451E2
2.558520211E2,2.285531799E-2,6.584757357E-4,1.577082323E-3,9.997373223E-1,1.773807454E2,1.823978656E-1,-7.130553857E-2,1.773806281E2
2.558570211E2,2.284773513E-2,6.633539451E-4,1.571549103E-3,9.997375011E-1,1.773816146E2,1.817762025E-1,-7.188026462E-2,1.773814967E2
2.558620211E2,2.285031465E-2,6.609624834E-4,1.572969370E-3,9.997374415E-1,1.773813189E2,1.819328336E-1,-7.160210705E-2,1.773812014E2
2.558670211E2,2.285014250E-2,6.610866403E-4,1.575416070E-3,9.997374415E-1,1.773813386E2,1.822134449E-1,-7.160995517E-2,1.773812209E2
2.558720211E2,2.284265273E-2,6.664147368E-4,1.568297506E-3,9.997376204E-1,1.773821971E2,1.814113410E-1,-7.224034939E-2,1.773820790E2
2.558770211E2,2.284263654E-2,6.672039162E-4,1.568197738E-3,9.997376204E-1,1.773821990E2,1.814019763E-1,-7.233102310E-2,1.773820807E2
2.558820211E2,2.285822924E-2,6.562306080E-4,1.573605696E-3,9.997372627E-1,1.773804117E2,1.819939030E-1,-7.105690921E-2,1.773802951E2
2.558870211E2,2.284753784E-2,6.631146534E-4,1.574515481E-3,9.997375011E-1,1.773816372E2,1.821153956E-1,-7.184512013E-2,1.773815192E2
2.558920211E2,2.284766113E-2,6.643380621E-4,1.572209061E-3,9.997375011E-1,1.773816231E2,1.818543801E-1,-7.199129205E-2,1.773815050E2
2.558970211E2,2.285558952E-2,6.588785909E-4,1.572973677E-3,9.997373223E-1,1.773807143E2,1.819282463E-1,-7.136240200E-2,1.773805972E2
2.559020211E2,2.286579909E-2,6.517561269E-4,1.579081174E-3,9.997370839E-1,1.773795441E2,1.826099959E-1,-7.052858039E-2,1.773794278E2
2.559070211E2,2.286038788E-2,6.545883371E-4,1.580783166E-3,9.997372031E-1,1.773801643E2,1.828120177E-1,-7.084957223E-2,1.773800474E2
2.559120211E2,2.286630620E-2,6.516910507E-4,1.571747707E-3,9.997370839E-1,1.773794859E2,1.817697260E-1,-7.054024920E-2,1.773793702E2
2.559170211E2,2.286607535E-2,6.515299901E-4,1.575169270E-3,9.997370839E-1,1.773795124E2,1.821612680E-1,-7.051287404E-2,1.773793965E2
2.559220211E2,2.286884119E-2,6.498004077E-4,1.573560061E-3,9.997370243E-1,1.773791954E2,1.819725761E-1,-7.031844383E-2,1.773790799E2
2.559270211E2,2.287434498E-2,6.458782009E-4,1.570913126E-3,9.997369051E-1,1.773785645E2,1.816594434E-1,-6.987504682E-2,1.773784500E2
2.559320211E2,2.287170305E-2,6.472697714E-4,1.570875058E-3,9.997369647E-1,1.773788673E2,1.816585453E-1,-7.003504700E-2,1.773787525E2
2.559370211E2,2.287712361E-2,6.431036163E-4,1.569521031E-3,9.997368455E-1,1.773782460E2,1.814928822E-1,-6.956033109E-2,1.773781321E2
2.559420211E2,2.287946784E-2,6.418494741E-4,1.573823858E-3,9.997367859E-1,1.773779773E2,1.819826962E-1,-6.940494755E-2,1.773778633E2
2.559470211E2,2.286353582E-2,6.519804592E-4,1.574015478E-3,9.997371435E-1,1.773798035E2,1.820300887E-1,-7.056796621E-2,1.773796876E2
2.559520211E2,2.286654271E-2,6.514634006E-4,1.568397740E-3,9.997370839E-1,1.773794588E2,1.813853678E-1,-7.052290462E-2,1.773793434E2
2.559570211E2,2.288250636E-2,6.403982406E-4,1.568091684E-3,9.997367263E-1,1.773776290E2,1.813224134E-1,-6.925317033E-2,1.773775157E2
2.559620211E2,2.287732551E-2,6.440345314E-4,1.566192834E-3,9.997368455E-1,1.773782229E2,1.811140528E-1,-6.967566684E-2,1.773781090E2
2.559670211E2,2.286154845E-2,6.540292525E-4,1.564143109E-3,9.997372031E-1,1.773800313E2,1.809043200E-1,-7.082890508E-2,1.773799157E2
2.559720211E2,2.287510454E-2,6.454290706E-4,1.559999539E-3,9.997369051E-1,1.773784774E2,1.804080391E-1,-6.985206479E-2,1.773783637E2
2.559770211E2,2.286940868E-2,6.494866102E-4,1.565421000E-3,9.997370243E-1,1.773791303E2,1.810393682E-1,-7.030372196E-2,1.773790155E2
2.559820211E2,2.285343797E-2,6.591289421E-4,1.566232299E-3,9.997373819E-1,1.773809609E2,1.811564437E-1,-7.140912935E-2,1.773808442E2
2.559870211E2,2.284846075E-2,6.625446258E-4,1.561307698E-3,9.997375011E-1,1.773815314E2,1.806008611E-1,-7.181423154E-2,1.773814144E2
2.559920211E2,2.285108098E-2,6.612950820E-4,1.561656361E-3,9.997374415E-1,1.773812311E2,1.806377204E-1,-7.166969553E-2,1.773811143E2
2.559970211E2,2.284534887E-2,6.648639101E-4,1.567679341E-3,9.997375607E-1,1.773818881E2,1.813366573E-1,-7.206381344E-2,1.773817703E2
2.560020211E2,2.284548796E-2,6.644644309E-4,1.565820654E-3,9.997375607E-1,1.773818721E2,1.811226867E-1,-7.202288935E-2,1.773817545E2
2.560070211E2,2.284589337E-2,6.652121665E-4,1.559575787E-3,9.997375607E-1,1.773818257E2,1.804092501E-1,-7.212482712E-2,1.773817084E2
2.560120211E2,2.284805131E-2,6.643536617E-4,1.566521940E-3,9.997375011E-1,1.773815783E2,1.812029219E-1,-7.200789887E-2,1.773814607E2
2.560170211E2,2.284511177E-2,6.660070503E-4,1.570646418E-3,9.997375607E-1,1.773819153E2,1.816795470E-1,-7.218704859E-2,1.773817970E2
2.560220211E2,2.285064692E-2,6.618673215E-4,1.567753265E-3,9.997374415E-1,1.773812808E2,1.813376604E-1,-7.171936516E-2,1.773811635E2
2.560270211E2,2.285093500E-2,6.611652207E-4,1.563845784E-3,9.997374415E-1,1.773812478E2,1.808881942E-1,-7.164911148E-2,1.773811309E2
2.560320211E2,2.285583291E-2,6.585181691E-4,1.569584478E-3,9.997373223E-1,1.773806864E2,1.815390467E-1,-7.132994426E-2,1.773805696E2
2.560370211E2,2.285254803E-2,6.603423972E-4,1.578656957E-3,9.997373819E-1,1.773810629E2,1.825829499E-1,-7.151576778E-2,1.773809451E2
2.560420211E2,2.285042696E-2,6.612414727E-4,1.571219531E-3,9.997374415E-1,1.773813060E2,1.817331075E-1,-7.163863015E-2,1.773811886E2
2.560470211E2,2.285839681E-2,6.555849686E-4,1.571439207E-3,9.997372627E-1,1.773803925E2,1.817440265E-1,-7.098858841E-2,1.773802761E2
2.560520211E2,2.286319300E-2,6.519225426E-4,1.579011092E-3,9.997371435E-1,1.773798428E2,1.826022194E-1,-7.054830486E-2,1.773797265E2
2.560570211E2,2.286297765E-2,6.535450229E-4,1.581456745E-3,9.997371435E-1,1.773798674E2,1.828866340E-1,-7.072781027E-2,1.773797507E2
2.560620211E2,2.286316843E-2,6.519306917E-4,1.579363481E-3,9.997371435E-1,1.773798456E2,1.826426094E-1,-7.054831964E-2,1.773797293E2
2.560670211E2,2.285737842E-2,6.559379981E-4,1.586037339E-3,9.997372627E-1,1.773805092E2,1.834172677E-1,-7.099097902E-2,1.773803918E2
2.560720211E2,2.285967002E-2,6.555496366E-4,1.590734581E-3,9.997372031E-1,1.773802466E2,1.839545375E-1,-7.093376221E-2,1.773801288E2
2.560770211E2,2.285180384E-2,6.610694691E-4,1.589090913E-3,9.997373819E-1,1.773811482E2,1.837801341E-1,-7.157187427E-2,1.773810295E2
2.560820211E2,2.285746893E-2,6.574284052E-4,1.584114740E-3,9.997372627E-1,1.773804989E2,1.832009220E-1,-7.116674173E-2,1.773803812E2
2.560870211E2,2.285712497E-2,6.574835861E-4,1.589047140E-3,9.997372627E-1,1.773805383E2,1.837661069E-1,-7.116020665E-2,1.773804203E2
2.560920211E2,2.285451403E-2,6.587502430E-4,1.588576706E-3,9.997373223E-1,1.773808376E2,1.837153450E-1,-7.130702878E-2,1.773807194E2
2.560970211E2,2.284168194E-2,6.671731826E-4,1.582054188E-3,9.997376204E-1,1.773823084E2,1.829892476E-1,-7.229140496E-2,1.773821891E2
2.561020211E2,2.285218060E-2,6.610069540E-4,1.583689707E-3,9.997373819E-1,1.773811050E2,1.831612253E-1,-7.157878781E-2,1.773809868E2
2.561070211E2,2.285718481E-2,6.558295572E-4,1.588869956E-3,9.997372627E-1,1.773805314E2,1.837414797E-1,-7.097117175E-2,1.773804138E2
2.561120211E2,2.284900412E-2,6.617793697E-4,1.591553446E-3,9.997374415E-1,1.773814691E2,1.840639050E-1,-7.164726826E-2,1.773813501E2
2.561170211E2,2.283626746E-2,6.714905030E-4,1.583061065E-3,9.997377396E-1,1.773829290E2,1.831155050E-1,-7.278435995E-2,1.773828088E2
2.561220211E2,2.284149272E-2,6.667276029E-4,1.584971324E-3,9.997376204E-1,1.773823301E2,1.833222599E-1,-7.223275752E-2,1.773822107E2
2.561270211E2,2.284927822E-2,6.629110430E-4,1.587141305E-3,9.997374415E-1,1.773814377E2,1.835614252E-1,-7.178841701E-2,1.773813188E2
2.561320211E2,2.284428930E-2,6.652160664E-4,1.582896570E-3,9.997375607E-1,1.773820095E2,1.830808169E-1,-7.206451224E-2,1.773818905E2
2.561370211E2,2.284206544E-2,6.676885532E-4,1.576289302E-3,9.997376204E-1,1.773822644E2,1.823301883E-1,-7.236546676E-2,1.773821455E2
2.561420211E2,2.283933863E-2,6.688822759E-4,1.577491406E-3,9.997376800E-1,1.773825770E2,1.824708309E-1,-7.249957249E-2,1.773824577E2
2.561470211E2,2.284136505E-2,6.677047932E-4,1.586399274E-3,9.997376204E-1,1.773823447E2,1.834883974E-1,-7.234099160E-2,1.773822250E2
2.561520211E2,2.283884540E-2,6.696938653E-4,1.584273414E-3,9.997376800E-1,1.773826335E2,1.832498790E-1,-7.257488915E-2,1.773825136E2
2.561570211E2,2.284439215E-2,6.661258521E-4,1.581028569E-3,9.997375607E-1,1.773819977E2,1.828692047E-1,-7.217361008E-2,1.773818787E2
2.561620211E2,2.285213425E-2,6.609013653E-4,1.584402402E-3,9.997373819E-1,1.773811103E2,1.832425931E-1,-7.156483351E-2,1.773809920E2
2.561670211E2,2.284693073E-2,6.632459117E-4,1.583245583E-3,9.997375011E-1,1.773817068E2,1.831158322E-1,-7.183741083E-2,1.773815881E2
2.561720211E2,2.285237438E-2,6.598389009E-4,1.581378863E-3,9.997373819E-1,1.773810828E2,1.828934454E-1,-7.145099005E-2,1.773809649E2
2.561770211E2,2.285746446E-2,6.574995350E-4,1.584149664E-3,9.997372627E-1,1.773804994E2,1.832051090E-1,-7.117479980E-2,1.773803817E2
2.561820211E2,2.285991402E-2,6.556545268E-4,1.587181003E-3,9.997372031E-1,1.773802186E2,1.835477253E-1,-7.095504291E-2,1.773801011E2
2.561870211E2,2.285434503E-2,6.594016450E-4,1.590736443E-3,9.997373223E-1,1.773808569E2,1.839644625E-1,-7.137602899E-2,1.773807385E2
2.561920211E2,2.284961699E-2,6.624938687E-4,1.582431258E-3,9.997374415E-1,1.773813989E2,1.830207653E-1,-7.175289593E-2,1.773812804E2
2.561970211E2,2.284973953E-2,6.617971812E-4,1.580952667E-3,9.997374415E-1,1.773813848E2,1.828495595E-1,-7.167693163E-2,1.773812666E2
2.562020211E2,2.285182376E-2,6.601774367E-4,1.589175314E-3,9.997373819E-1,1.773811459E2,1.837874684E-1,-7.146945701E-2,1.773810274E2
2.562070211E2,2.285467832E-2,6.588006509E-4,1.586190425E-3,9.997373223E-1,1.773808187E2,1.834421119E-1,-7.131902324E-2,1.773807007E2
2.562120211E2,2.285775772E-2,6.570043624E-4,1.580118551E-3,9.997372627E-1,1.773804658E2,1.827420210E-1,-7.112857756E-2,1.773803485E2
2.562170211E2,2.286811664E-2,6.501065218E-4,1.583929290E-3,9.997370243E-1,1.773792784E2,1.831612450E-1,-7.032647086E-2,1.773791622E2
2.562220211E2,2.285981240E-2,6.544485223E-4,1.589141088E-3,9.997372031E-1,1.773802303E2,1.837691094E-1,-7.081176514E-2,1.773801128E2
2.562270211E2,2.285196678E-2,6.595814484E-4,1.587365172E-3,9.997373819E-1,1.773811295E2,1.835785446E-1,-7.140589374E-2,1.773810113E2
2.562320211E2,2.285501733E-2,6.586277741E-4,1.581370248E-3,9.997373223E-1,1.773807799E2,1.828894751E-1,-7.131178061E-2,1.773806622E2
2.562370211E2,2.286298450E-2,6.527446094E-4,1.581688179E-3,9.997371435E-1,1.773798667E2,1.829110506E-1,-7.063550609E-2,1.773797501E2
2.562420211E2,2.286274477E-2,6.531022373E-4,1.585002407E-3,9.997371435E-1,1.773798941E2,1.832916547E-1,-7.066783706E-2,1.773797773E2
2.562470211E2,2.285482725E-2,6.581555353E-4,1.584311249E-3,9.997373223E-1,1.773808017E2,1.832251509E-1,-7.125001225E-2,1.773806839E2
2.562520211E2,2.286295526E-2,6.534075364E-4,1.581837190E-3,9.997371435E-1,1.773798700E2,1.829298566E-1,-7.071106693E-2,1.773797533E2
2.562570211E2,2.286540557E-2,6.517750444E-4,1.584761427E-3,9.997370839E-1,1.773795892E2,1.832607578E-1,-7.051593550E-2,1.773794725E2
2.562620211E2,2.286002170E-2,6.554662832E-4,1.585707185E-3,9.997372031E-1,1.773802063E2,1.833783965E-1,-7.093731862E-2,1.773800889E2
2.562670211E2,2.285997797E-2,6.545978249E-4,1.586696017E-3,9.997372031E-1,1.773802113E2,1.834894005E-1,-7.083524434E-2,1.773800940E2
2.562720211E2,2.285703429E-2,6.575668231E-4,1.590316533E-3,9.997372627E-1,1.773805487E2,1.839117424E-1,-7.116643409E-2,1.773804306E2
2.562770211E2,2.285954884E-2,6.552499253E-4,1.592598506E-3,9.997372031E-1,1.773802605E2,1.841672785E-1,-7.089456634E-2,1.773801426E2
2.562820211E2,2.285967615E-2,6.545857759E-4,1.591043430E-3,9.997372031E-1,1.773802459E2,1.839873952E-1,-7.082253070E-2,1.773801283E2
2.562870211E2,2.285985554E-2,6.544540520E-4,1.588518149E-3,9.997372031E-1,1.773802253E2,1.836977620E-1,-7.081402259E-2,1.773801079E2
2.562920211E2,2.285969747E-2,6.547807134E-4,1.590656815E-3,9.997372031E-1,1.773802434E2,1.839436160E-1,-7.084587190E-2,1.773801258E2
2.562970211E2,2.286208858E-2,6.540548638E-4,1.594048692E-3,9.997371435E-1,1.773799694E2,1.843304632E-1,-7.075339110E-2,1.773798517E2
2.563020211E2,2.286231683E-2,6.538015441E-4,1.590875909E-3,9.997371435E-1,1.773799432E2,1.839663358E-1,-7.073264086E-2,1.773798258E2
2.563070211E2,2.287041308E-2,6.482171593E-4,1.589159248E-3,9.997369647E-1,1.773790152E2,1.837556077E-1,-7.009589494E-2,1.773788989E2
2.563120211E2,2.287313026E-2,6.459188298E-4,1.588485553E-3,9.997369051E-1,1.773787037E2,1.836725936E-1,-6.983386145E-2,1.773785880E2
2.563170211E2,2.287300980E-2,6.464806502E-4,1.589990803E-3,9.997369051E-1,1.773787175E2,1.838465021E-1,-6.989430101E-2,1.773786016E2
2.563220211E2,2.287341263E-2,6.464610342E-4,1.584193204E-3,9.997369051E-1,1.773786714E2,1.831822955E-1,-6.990717647E-2,1.773785558E2
2.563270211E2,2.287612859E-2,6.445428007E-4,1.583372476E-3,9.997368455E-1,1.773783601E2,1.830834322E-1,-6.968907480E-2,1.773782449E2
2.563320211E2,2.288921173E-2,6.340863183E-4,1.586686354E-3,9.997365475E-1,1.773768605E2,1.834365579E-1,-6.848007714E-2,1.773767470E2
2.563370211E2,2.288369222E-2,6.390720955E-4,1.589186606E-3,9.997366667E-1,1.773774931E2,1.837356888E-1,-6.904571095E-2,1.773773786E2
2.563420211E2,2.288124880E-2,6.410939386E-4,1.586055150E-3,9.997367263E-1,1.773777732E2,1.833820769E-1,-6.928599628E-2,1.773776585E2
2.563470211E2,2.288974260E-2,6.345130969E-4,1.578837982E-3,9.997365475E-1,1.773767996E2,1.825385907E-1,-6.854945906E-2,1.773766866E2
2.563520211E2,2.289491876E-2,6.303473492E-4,1.580938231E-3,9.997364283E-1,1.773762063E2,1.827686232E-1,-6.806576973E-2,1.773760939E2
2.563570211E2,2.288655400E-2,6.363675930E-4,1.586555038E-3,9.997366071E-1,1.773771651E2,1.834273156E-1,-6.874225524E-2,1.773770512E2
2.563620211E2,2.288155397E-2,6.399869453E-4,1.582094701E-3,9.997367263E-1,1.773777382E2,1.829254791E-1,-6.916950647E-2,1.773776240E2
2.563670211E2,2.288661374E-2,6.360395346E-4,1.585824648E-3,9.997366071E-1,1.773771582E2,1.833427845E-1,-6.870657707E-2,1.773770445E2
2.563720211E2,2.287557501E-2,6.442092126E-4,1.591485343E-3,9.997368455E-1,1.773784235E2,1.840119435E-1,-6.962969223E-2,1.773783078E2
2.563770211E2,2.287284758E-2,6.449770299E-4,1.592932269E-3,9.997369051E-1,1.773787361E2,1.841795287E-1,-6.971436388E-2,1.773786202E2
2.563820211E2,2.287845578E-2,6.416053511E-4,1.588566811E-3,9.997367859E-1,1.773780933E2,1.836709646E-1,-6.933851169E-2,1.773779783E2
2.563870211E2,2.288899217E-2,6.350504700E-4,1.589465537E-3,9.997365475E-1,1.773768856E2,1.837574601E-1,-6.858328219E-2,1.773767718E2
2.563920211E2,2.288626648E-2,6.372414646E-4,1.590347267E-3,9.997366071E-1,1.773771980E2,1.838640323E-1,-6.883247412E-2,1.773770838E2
2.563970211E2,2.287829203E-2,6.416653050E-4,1.590899308E-3,9.997367859E-1,1.773781121E2,1.839383255E-1,-6.933929489E-2,1.773779969E2
2.564020211E2,2.287593204E-2,6.441113073E-4,1.586384838E-3,9.997368455E-1,1.773783826E2,1.834273889E-1,-6.963178136E-2,1.773782673E2
2.564070211E2,2.287885886E-2,6.416300894E-4,1.582741039E-3,9.997367859E-1,1.773780471E2,1.830036467E-1,-6.935654594E-2,1.773779325E2
2.564120211E2,2.288437200E-2,6.374570657E-4,1.580020064E-3,9.997366667E-1,1.773774152E2,1.826813649E-1,-6.888460493E-2,1.773773016E2
2.564170211E2,2.287659516E-2,6.439598510E-4,1.576855313E-3,9.997368455E-1,1.773783066E2,1.823353186E-1,-6.963929108E-2,1.773781920E2
2.564220211E2,2.288473302E-2,6.384276785E-4,1.574389287E-3,9.997366667E-1,1.773773738E2,1.820388638E-1,-6.901050053E-2,1.773772604E2
2.564270211E2,2.288710647E-2,6.370493793E-4,1.578290248E-3,9.997366071E-1,1.773771018E2,1.824823133E-1,-6.884193706E-2,1.773769883E2
2.564320211E2,2.287390207E-2,6.458407152E-4,1.577364514E-3,9.997369051E-1,1.773786153E2,1.823983966E-1,-6.985392202E-2,1.773785003E2
2.564370211E2,2.287707721E-2,6.429956993E-4,1.570241293E-3,9.997368455E-1,1.773782513E2,1.815751105E-1,-6.954608812E-2,1.773781374E2
2.564420211E2,2.288476203E-2,6.383407163E-4,1.574002788E-3,9.997366667E-1,1.773773705E2,1.819943597E-1,-6.900154633E-2,1.773772571E2
2.564470211E2,2.287924196E-2,6.417041295E-4,1.577163348E-3,9.997367859E-1,1.773780032E2,1.823648773E-1,-6.937958203E-2,1.773778890E2
2.564520211E2,2.287942157E-2,6.417772966E-4,1.574525842E-3,9.997367859E-1,1.773779826E2,1.820629243E-1,-6.939484668E-2,1.773778686E2
2.564570211E2,2.287955594E-2,6.409002235E-4,1.572929672E-3,9.997367859E-1,1.773779672E2,1.818777737E-1,-6.929852850E-2,1.773778534E2
2.564620211E2,2.287654468E-2,6.438816199E-4,1.577619463E-3,9.997368455E-1,1.773783124E2,1.824226524E-1,-6.962833474E-2,1.773781977E2
2.564670211E2,2.287652101E-2,6.437037373E-4,1.578035182E-3,9.997368455E-1,1.773783151E2,1.824698099E-1,-6.960687074E-2,1.773782004E2
2.564720211E2,2.287661784E-2,6.441227742E-4,1.576459734E-3,9.997368455E-1,1.773783040E2,1.822904291E-1,-6.965898871E-2,1.773781894E2
2.564770211E2,2.287125467E-2,6.481892196E-4,1.577012357E-3,9.997369647E-1,1.773789187E2,1.823640239E-1,-7.012437611E-2,1.773788033E2
2.564820211E2,2.287358728E-2,6.464329781E-4,1.581680845E-3,9.997369051E-1,1.773786514E2,1.828944138E-1,-6.991051582E-2,1.773785359E2
2.564870211E2,2.287097346E-2,6.467954372E-4,1.581656048E-3,9.997369647E-1,1.773789510E2,1.828923404E-1,-6.995258283E-2,1.773788355E2
2.564920211E2,2.286299658E-2,6.524593337E-4,1.581631368E-3,9.997371435E-1,1.773798653E2,1.829037956E-1,-7.060297112E-2,1.773797488E2
2.564970211E2,2.286031996E-2,6.554294378E-4,1.581416815E-3,9.997372031E-1,1.773801721E2,1.828868085E-1,-7.094428241E-2,1.773800550E2
2.565020211E2,2.286588780E-2,6.505441852E-4,1.578296185E-3,9.997370839E-1,1.773795339E2,1.825168965E-1,-7.039177932E-2,1.773794179E2
2.565070211E2,2.285809921E-2,6.568946992E-4,1.575216651E-3,9.997372627E-1,1.773804266E2,1.821801874E-1,-7.112879232E-2,1.773803097E2
2.565120211E2,2.285285216E-2,6.594370352E-4,1.574627706E-3,9.997373819E-1,1.773810280E2,1.821190021E-1,-7.142254468E-2,1.773809107E2
2.565170211E2,2.285792992E-2,6.562916096E-4,1.577922259E-3,9.997372627E-1,1.773804460E2,1.824885549E-1,-7.105264513E-2,1.773803290E2
2.565220211E2,2.285781383E-2,6.556134322E-4,1.579884673E-3,9.997372627E-1,1.773804593E2,1.827115877E-1,-7.096983289E-2,1.773803423E2
2.565270211E2,2.284993279E-2,6.628048141E-4,1.577734016E-3,9.997374415E-1,1.773813627E2,1.824834775E-1,-7.180076035E-2,1.773812445E2
2.565320211E2,2.284182533E-2,6.679744693E-4,1.579644042E-3,9.997376204E-1,1.773822920E2,1.827152447E-1,-7.238948415E-2,1.773821727E2
2.565370211E2,2.284971797E-2,6.618120824E-4,1.581258024E-3,9.997374415E-1,1.773813873E2,1.828845793E-1,-7.167784309E-2,1.773812690E2
2.565420211E2,2.284690564E-2,6.638578488E-4,1.583351172E-3,9.997375011E-1,1.773817096E2,1.831295292E-1,-7.190724342E-2,1.773815909E2
2.565470211E2,2.284121237E-2,6.678188802E-4,1.588548068E-3,9.997376204E-1,1.773823622E2,1.837348549E-1,-7.234846507E-2,1.773822423E2
2.565520211E2,2.283842097E-2,6.695145275E-4,1.590455766E-3,9.997376800E-1,1.773826822E2,1.839576406E-1,-7.253824120E-2,1.773825618E2
2.565570211E2,2.284100993E-2,6.672685267E-4,1.591686974E-3,9.997376204E-1,1.773823854E2,1.840929986E-1,-7.227723682E-2,1.773822654E2
2.565620211E2,2.283267041E-2,6.735164789E-4,1.596387476E-3,9.997377992E-1,1.773833413E2,1.846472436E-1,-7.298224844E-2,1.773832198E2
2.565670211E2,2.282482456E-2,6.785612204E-4,1.594465342E-3,9.997379780E-1,1.773842406E2,1.844396641E-1,-7.356665871E-2,1.773841183E2
2.565720211E2,2.283266645E-2,6.730503519E-4,1.596640679E-3,9.997377992E-1,1.773833418E2,1.846750310E-1,-7.292818643E-2,1.773832203E2
2.565770211E2,2.283539614E-2,6.711655296E-4,1.595717273E-3,9.997377396E-1,1.773830289E2,1.845645102E-1,-7.271417047E-2,1.773829078E2
2.565820211E2,2.282475806E-2,6.786647718E-4,1.595372916E-3,9.997379780E-1,1.773842482E2,1.845439035E-1,-7.357616010E-2,1.773841258E2
2.565870211E2,2.282240493E-2,6.797889364E-4,1.591201872E-3,9.997380376E-1,1.773845180E2,1.840688278E-1,-7.371628941E-2,1.773843956E2
2.565920211E2,2.283295318E-2,6.725455169E-4,1.592748216E-3,9.997377992E-1,1.773833089E2,1.842278029E-1,-7.288048375E-2,1.773831878E2
2.565970211E2,2.283533047E-2,6.724378909E-4,1.596121234E-3,9.997377396E-1,1.773830364E2,1.846141138E-1,-7.285888915E-2,1.773829151E2
2.566020211E2,2.282994085E-2,6.758772652E-4,1.597099937E-3,9.997378588E-1,1.773836542E2,1.847348423E-1,-7.325134397E-2,1.773835322E2
2.566070211E2,2.283270588E-2,6.740028621E-4,1.595674665E-3,9.997377992E-1,1.773833372E2,1.845668580E-1,-7.303982782E-2,1.773832157E2
2.566120211E2,2.283821096E-2,6.700337981E-4,1.593250199E-3,9.997376800E-1,1.773827062E2,1.842791201E-1,-7.259045471E-2,1.773825856E2
2.566170211E2,2.284339628E-2,6.667809212E-4,1.595079084E-3,9.997375607E-1,1.773821119E2,1.844805009E-1,-7.221205674E-2,1.773819917E2
2.566220211E2,2.283268214E-2,6.736124051E-4,1.596179209E-3,9.997377992E-1,1.773833400E2,1.846236360E-1,-7.299378068E-2,1.773832184E2
2.566270211E2,2.283282328E-2,6.739461678E-4,1.594017842E-3,9.997377992E-1,1.773833238E2,1.843769094E-1,-7.303764636E-2,1.773832024E2
2.566320211E2,2.283289930E-2,6.726772408E-4,1.593464869E-3,9.997377992E-1,1.773833151E2,1.843102448E-1,-7.289370899E-2,1.773831939E2
2.566370211E2,2.283562263E-2,6.717151846E-4,1.592240995E-3,9.997377396E-1,1.773830029E2,1.841677162E-1,-7.278619503E-2,1.773828820E2
2.566420211E2,2.283025223E-2,6.746969884E-4,1.593142981E-3,9.997378588E-1,1.773836185E2,1.842784604E-1,-7.312642459E-2,1.773834970E2
2.566470211E2,2.282764497E-2,6.766112638E-4,1.592288143E-3,9.997379184E-1,1.773839173E2,1.841853460E-1,-7.334844380E-2,1.773837955E2
2.566520211E2,2.283298184E-2,6.726096035E-4,1.592310262E-3,9.997377992E-1,1.773833056E2,1.841777999E-1,-7.288896628E-2,1.773831846E2
2.566570211E2,2.283841864E-2,6.698934594E-4,1.590329572E-3,9.997376800E-1,1.773826824E2,1.839441753E-1,-7.258198292E-2,1.773825620E2
2.566620211E2,2.283586982E-2,6.705732085E-4,1.589174150E-3,9.997377396E-1,1.773829746E2,1.838134019E-1,-7.266334864E-2,1.773828541E2
2.566670211E2,2.284137038E-2,6.667946000E-4,1.586705213E-3,9.997376204E-1,1.773823441E2,1.835210641E-1,-7.223591668E-2,1.773822245E2
2.566720211E2,2.284640929E-2,6.636981852E-4,1.590563683E-3,9.997375011E-1,1.773817665E2,1.839553541E-1,-7.187015975E-2,1.773816473E2
2.566770211E2,2.283810305E-2,6.698805955E-4,1.594860689E-3,9.997376800E-1,1.773827186E2,1.844632120E-1,-7.256870854E-2,1.773825979E2
2.566820211E2,2.283773651E-2,6.695250049E-4,1.600249670E-3,9.997376800E-1,1.773827606E2,1.850796266E-1,-7.251393546E-2,1.773826396E2
2.566870211E2,2.284832482E-2,6.624510279E-4,1.600998221E-3,9.997374415E-1,1.773815470E2,1.851476261E-1,-7.169960980E-2,1.773814272E2
2.566920211E2,2.284829945E-2,6.626824033E-4,1.601264463E-3,9.997374415E-1,1.773815499E2,1.851787313E-1,-7.172542411E-2,1.773814300E2
2.566970211E2,2.283546143E-2,6.709358422E-4,1.594879315E-3,9.997377396E-1,1.773830214E2,1.844679158E-1,-7.269003790E-2,1.773829005E2
2.567020211E2,2.284107006E-2,6.681901286E-4,1.590437023E-3,9.997376204E-1,1.773823785E2,1.839522187E-1,-7.238607764E-2,1.773822584E2
2.567070211E2,2.284596889E-2,6.643349188E-4,1.596612041E-3,9.997375011E-1,1.773818170E2,1.846499008E-1,-7.192735088E-2,1.773816972E2
2.567120211E2,2.283528193E-2,6.719816010E-4,1.597007620E-3,9.997377396E-1,1.773830420E2,1.847144622E-1,-7.280430530E-2,1.773829207E2
2.567170211E2,2.282485616E-2,6.782640121E-4,1.594139496E-3,9.997379780E-1,1.773842370E2,1.844015593E-1,-7.353345654E-2,1.773841147E2
2.567220211E2,2.282753330E-2,6.776557420E-4,1.593444613E-3,9.997379184E-1,1.773839301E2,1.843205577E-1,-7.346509616E-2,1.773838080E2
2.567270211E2,2.282763939E-2,6.764537538E-4,1.592435059E-3,9.997379184E-1,1.773839180E2,1.842017645E-1,-7.333001592E-2,1.773837962E2
2.567320211E2,2.283007558E-2,6.752319168E-4,1.595446141E-3,9.997378588E-1,1.773836387E2,1.845437016E-1,-7.318171372E-2,1.773835170E2
2.567370211E2,2.282737567E-2,6.763149868E-4,1.596269896E-3,9.997379184E-1,1.773839482E2,1.846407084E-1,-7.330413539E-2,1.773838262E2
2.567420211E2,2.283267773E-2,6.726346328E-4,1.596654532E-3,9.997377992E-1,1.773833405E2,1.846755311E-1,-7.288052267E-2,1.773832191E2
2.567470211E2,2.283012985E-2,6.747219013E-4,1.594885252E-3,9.997378588E-1,1.773836325E2,1.844781146E-1,-7.312474297E-2,1.773835109E2
2.567520211E2,2.282728883E-2,6.779671530E-4,1.596810762E-3,9.997379184E-1,1.773839582E2,1.847069870E-1,-7.349201132E-2,1.773838358E2
2.567570211E2,2.282724600E-2,6.770204054E-4,1.597824390E-3,9.997379184E-1,1.773839631E2,1.848206301E-1,-7.338090675E-2,1.773838408E2
2.567620211E2,2.283014034E-2,6.746886647E-4,1.594749046E-3,9.997378588E-1,1.773836313E2,1.844624244E-1,-7.312128975E-2,1.773835097E2
2.567670211E2,2.283546885E-2,6.724341074E-4,1.594141824E-3,9.997377396E-1,1.773830205E2,1.843873491E-1,-7.286361003E-2,1.773828994E2
2.567720211E2,2.283287813E-2,6.741767284E-4,1.593134482E-3,9.997377992E-1,1.773833175E2,1.842763174E-1,-7.306636101E-2,1.773831961E2
2.567770211E2,2.282246785E-2,6.803572760E-4,1.590056112E-3,9.997380376E-1,1.773845107E2,1.839390586E-1,-7.378438432E-2,1.773843884E2
2.567820211E2,2.283328543E-2,6.731962203E-4,1.587702311E-3,9.997377992E-1,1.773832708E2,1.836514615E-1,-7.296817137E-2,1.773831500E2
2.567870211E2,2.283085685E-2,6.744417478E-4,1.584563404E-3,9.997378588E-1,1.773835492E2,1.832949441E-1,-7.311951955E-2,1.773834283E2
2.567920211E2,2.282286690E-2,6.804107688E-4,1.584295067E-3,9.997380376E-1,1.773844650E2,1.832792315E-1,-7.380550675E-2,1.773843431E2
2.567970211E2,2.282267650E-2,6.813625805E-4,1.586627099E-3,9.997380376E-1,1.773844868E2,1.835488691E-1,-7.390848348E-2,1.773843645E2
2.568020211E2,2.283054949E-2,6.753720809E-4,1.588590560E-3,9.997378588E-1,1.773835844E2,1.837587145E-1,-7.321562001E-2,1.773834631E2
2.568070211E2,2.282775344E-2,6.772110355E-4,1.590477070E-3,9.997379184E-1,1.773839049E2,1.839794431E-1,-7.342187237E-2,1.773837831E2
2.568120211E2,2.283065692E-2,6.745927385E-4,1.587377279E-3,9.997378588E-1,1.773835721E2,1.836176874E-1,-7.312949192E-2,1.773834510E2
2.568170211E2,2.283862594E-2,6.687747664E-4,1.587821520E-3,9.997376800E-1,1.773826587E2,1.836539350E-1,-7.246034975E-2,1.773825387E2
2.568220211E2,2.284111557E-2,6.669862778E-4,1.590288826E-3,9.997376204E-1,1.773823733E2,1.839320929E-1,-7.224854218E-2,1.773822535E2
2.568270211E2,2.282527917E-2,6.784683210E-4,1.587983919E-3,9.997379780E-1,1.773841885E2,1.836969303E-1,-7.357288566E-2,1.773840667E2
2.568320211E2,2.282044493E-2,6.813193322E-4,1.581177465E-3,9.997380972E-1,1.773847426E2,1.829242704E-1,-7.391819024E-2,1.773846207E2
2.568370211E2,2.284152297E-2,6.678167265E-4,1.584076672E-3,9.997376204E-1,1.773823266E2,1.832226202E-1,-7.235986544E-2,1.773822071E2
2.568420211E2,2.284648504E-2,6.642624503E-4,1.589239575E-3,9.997375011E-1,1.773817579E2,1.838051448E-1,-7.193825557E-2,1.773816386E2
2.568470211E2,2.282800709E-2,6.764993304E-4,1.587135834E-3,9.997379184E-1,1.773838758E2,1.835948213E-1,-7.334903239E-2,1.773837544E2
2.568520211E2,2.283018924E-2,6.756893708E-4,1.593624940E-3,9.997378588E-1,1.773836257E2,1.843362665E-1,-7.323886415E-2,1.773835040E2
2.568570211E2,2.284381515E-2,6.661700318E-4,1.589325140E-3,9.997375607E-1,1.773820639E2,1.838197493E-1,-7.215705789E-2,1.773819442E2
2.568620211E2,2.283058804E-2,6.753476337E-4,1.588046784E-3,9.997378588E-1,1.773835800E2,1.836963573E-1,-7.321423490E-2,1.773834587E2
2.568670211E2,2.282526493E-2,6.780573167E-4,1.588364132E-3,9.997379780E-1,1.773841901E2,1.837394119E-1,-7.352480846E-2,1.773840683E2
2.568720211E2,2.284648346E-2,6.633024313E-4,1.589663210E-3,9.997375011E-1,1.773817580E2,1.838511634E-1,-7.182716550E-2,1.773816389E2
2.568770211E2,2.285172112E-2,6.605050876E-4,1.590514439E-3,9.997373819E-1,1.773811577E2,1.839417319E-1,-7.150350524E-2,1.773810390E2
2.568820211E2,2.284113378E-2,6.676354678E-4,1.589754713E-3,9.997376204E-1,1.773823712E2,1.838726046E-1,-7.232430909E-2,1.773822513E2
2.568870211E2,2.283864601E-2,6.687531713E-4,1.587541890E-3,9.997376800E-1,1.773826564E2,1.836218451E-1,-7.245860396E-2,1.773825364E2
2.568920211E2,2.284714455E-2,6.632682052E-4,1.580147655E-3,9.997375011E-1,1.773816823E2,1.827610016E-1,-7.184803668E-2,1.773815638E2
2.568970211E2,2.284465658E-2,6.655592588E-4,1.577442279E-3,9.997375607E-1,1.773819674E2,1.824568882E-1,-7.211804056E-2,1.773818488E2
2.569020211E2,2.283906908E-2,6.692824536E-4,1.581219840E-3,9.997376800E-1,1.773826079E2,1.828989952E-1,-7.253570828E-2,1.773824883E2
2.569070211E2,2.283888351E-2,6.688769790E-4,1.584069221E-3,9.997376800E-1,1.773826292E2,1.832243509E-1,-7.248183284E-2,1.773825094E2
2.569120211E2,2.285266625E-2,6.602589856E-4,1.576979645E-3,9.997373819E-1,1.773810494E2,1.823905840E-1,-7.151058306E-2,1.773809317E2
2.569170211E2,2.286547868E-2,6.509224768E-4,1.584056881E-3,9.997370839E-1,1.773795808E2,1.831778147E-1,-7.042009683E-2,1.773794644E2
2.569220211E2,2.284909156E-2,6.624961970E-4,1.589999069E-3,9.997374415E-1,1.773814591E2,1.838877161E-1,-7.173344303E-2,1.773813401E2
2.569270211E2,2.284127023E-2,6.677024649E-4,1.587764826E-3,9.997376204E-1,1.773823556E2,1.836448246E-1,-7.233716788E-2,1.773822358E2
2.569320211E2,2.286853652E-2,6.495168200E-4,1.578098396E-3,9.997370243E-1,1.773792303E2,1.824917312E-1,-7.027411763E-2,1.773791146E2
2.569370211E2,2.286550167E-2,6.518661394E-4,1.583336736E-3,9.997370839E-1,1.773795781E2,1.830977881E-1,-7.053008700E-2,1.773794616E2
2.569420211E2,2.284375022E-2,6.667106645E-4,1.590031548E-3,9.997375607E-1,1.773820713E2,1.839020875E-1,-7.221715629E-2,1.773819515E2
2.569470211E2,2.286017447E-2,6.553594721E-4,1.583547448E-3,9.997372031E-1,1.773801888E2,1.831307041E-1,-7.093071203E-2,1.773800715E2
2.569520211E2,2.287332205E-2,6.454320392E-4,1.585919643E-3,9.997369051E-1,1.773786818E2,1.833773756E-1,-6.978478455E-2,1.773785662E2
2.569570211E2,2.286536649E-2,6.519094459E-4,1.585269929E-3,9.997370839E-1,1.773795936E2,1.833193621E-1,-7.053000747E-2,1.773794770E2
2.569620211E2,2.286577389E-2,6.505693891E-4,1.579935197E-3,9.997370839E-1,1.773795469E2,1.827047226E-1,-7.039039274E-2,1.773794309E2
2.569670211E2,2.287091503E-2,6.466149352E-4,1.582574565E-3,9.997369647E-1,1.773789577E2,1.829970901E-1,-6.992950758E-2,1.773788421E2
2.569720211E2,2.287055195E-2,6.472402019E-4,1.587558072E-3,9.997369647E-1,1.773789993E2,1.835696231E-1,-6.998814427E-2,1.773788833E2
2.569770211E2,2.286492350E-2,6.520434399E-4,1.591591630E-3,9.997370839E-1,1.773796444E2,1.840439075E-1,-7.052887483E-2,1.773795273E2
2.569820211E2,2.287025508E-2,6.480060401E-4,1.591517474E-3,9.997369647E-1,1.773790333E2,1.840252058E-1,-7.006555729E-2,1.773789169E2
2.569870211E2,2.286985916E-2,6.486654165E-4,1.596929040E-3,9.997369647E-1,1.773790787E2,1.846468650E-1,-7.012698658E-2,1.773789618E2
2.569920211E2,2.286691861E-2,6.494509871E-4,1.601398108E-3,9.997370243E-1,1.773794157E2,1.851607020E-1,-7.020581471E-2,1.773792984E2
2.569970211E2,2.287231150E-2,6.460945588E-4,1.600160496E-3,9.997369051E-1,1.773787976E2,1.850104994E-1,-6.982354251E-2,1.773786810E2
2.570020211E2,2.286701616E-2,6.502233446E-4,1.599690877E-3,9.997370243E-1,1.773794045E2,1.849671495E-1,-7.029875282E-2,1.773792872E2
2.570070211E2,2.286976540E-2,6.485132035E-4,1.598333009E-3,9.997369647E-1,1.773790894E2,1.848073007E-1,-7.010588663E-2,1.773789725E2
2.570120211E2,2.286435306E-2,6.511764950E-4,1.600118703E-3,9.997370839E-1,1.773797098E2,1.850184725E-1,-7.040731887E-2,1.773795922E2
2.570170211E2,2.286460607E-2,6.513817934E-4,1.596415415E-3,9.997370839E-1,1.773796808E2,1.845947729E-1,-7.044049473E-2,1.773795634E2
2.570220211E2,2.286479145E-2,6.521161413E-4,1.593457768E-3,9.997370839E-1,1.773796595E2,1.842578768E-1,-7.053233820E-2,1.773795423E2
2.570270211E2,2.287264198E-2,6.452073576E-4,1.595788635E-3,9.997369051E-1,1.773787597E2,1.845073486E-1,-6.973330152E-2,1.773786435E2
2.570320211E2,2.287260437E-2,6.457197014E-4,1.596120419E-3,9.997369051E-1,1.773787640E2,1.845466988E-1,-6.979113367E-2,1.773786477E2
2.570370211E2,2.285709023E-2,6.574927247E-4,1.589543070E-3,9.997372627E-1,1.773805423E2,1.838229429E-1,-7.115996096E-2,1.773804242E2
2.570420211E2,2.287306221E-2,6.452157395E-4,1.589750638E-3,9.997369051E-1,1.773787115E2,1.838156762E-1,-6.975001089E-2,1.773785958E2
2.570470211E2,2.288079035E-2,6.397933466E-4,1.593178022E-3,9.997367263E-1,1.773778257E2,1.841946434E-1,-6.911840607E-2,1.773777108E2
2.570520211E2,2.286748110E-2,6.501657190E-4,1.593054272E-3,9.997370243E-1,1.773793513E2,1.842067298E-1,-7.030945663E-2,1.773792344E2
2.570570211E2,2.286813993E-2,6.485313643E-4,1.584238722E-3,9.997370243E-1,1.773792757E2,1.831925674E-1,-7.014520334E-2,1.773791598E2
2.570620211E2,2.288363828E-2,6.386839668E-4,1.590119093E-3,9.997366667E-1,1.773774993E2,1.838414945E-1,-6.899881094E-2,1.773773847E2
2.570670211E2,2.287826780E-2,6.425593165E-4,1.590886852E-3,9.997367859E-1,1.773781149E2,1.839392408E-1,-6.944175124E-2,1.773779995E2
2.570720211E2,2.287317990E-2,6.452907110E-4,1.588025945E-3,9.997369051E-1,1.773786981E2,1.836182970E-1,-6.976309884E-2,1.773785824E2
2.570770211E2,2.288639438E-2,6.368283648E-4,1.588671352E-3,9.997366071E-1,1.773771834E2,1.836709619E-1,-6.878952073E-2,1.773770693E2
2.570820211E2,2.289111115E-2,6.324120332E-4,1.597471652E-3,9.997364879E-1,1.773766427E2,1.846678779E-1,-6.825962769E-2,1.773765289E2
2.570870211E2,2.287238726E-2,6.464549806E-4,1.598931616E-3,9.997369051E-1,1.773787889E2,1.848706668E-1,-6.986803996E-2,1.773786723E2
2.570920211E2,2.287839562E-2,6.420621066E-4,1.589248655E-3,9.997367859E-1,1.773781002E2,1.837502714E-1,-6.938906166E-2,1.773779851E2
2.570970211E2,2.287590064E-2,6.436808617E-4,1.587012201E-3,9.997368455E-1,1.773783862E2,1.834981299E-1,-6.958083001E-2,1.773782709E2
2.571020211E2,2.287570417E-2,6.441446603E-4,1.589653897E-3,9.997368455E-1,1.773784087E2,1.838019696E-1,-6.962707436E-2,1.773782932E2
2.571070211E2,2.287864345E-2,6.423618761E-4,1.585555496E-3,9.997367859E-1,1.773780718E2,1.833279797E-1,-6.943304092E-2,1.773779569E2
2.571120211E2,2.287908572E-2,6.411983632E-4,1.579633565E-3,9.997367859E-1,1.773780211E2,1.826465326E-1,-6.931519263E-2,1.773779068E2
2.571170211E2,2.287096545E-2,6.465092301E-4,1.581888879E-3,9.997369647E-1,1.773789519E2,1.829182631E-1,-6.991918576E-2,1.773788364E2
2.571220211E2,2.287841593E-2,6.428084453E-4,1.588654472E-3,9.997367859E-1,1.773780979E2,1.836841589E-1,-6.947611737E-2,1.773779827E2
2.571270211E2,2.287320309E-2,6.466189516E-4,1.587151433E-3,9.997369051E-1,1.773786954E2,1.835215949E-1,-6.991755201E-2,1.773785796E2
2.571320211E2,2.286781191E-2,6.493619876E-4,1.588627347E-3,9.997370243E-1,1.773793133E2,1.836974901E-1,-7.022892014E-2,1.773791969E2
2.571370211E2,2.287863229E-2,6.420902791E-4,1.585826511E-3,9.997367859E-1,1.773780731E2,1.833583147E-1,-6.940121788E-2,1.773779582E2
2.571420211E2,2.288089657E-2,6.408915506E-4,1.591209904E-3,9.997367263E-1,1.773778136E2,1.839720595E-1,-6.924935887E-2,1.773776985E2
2.571470211E2,2.286821383E-2,6.500873133E-4,1.582533354E-3,9.997370243E-1,1.773792673E2,1.830012805E-1,-7.032791072E-2,1.773791511E2
2.571520211E2,2.287127192E-2,6.469294312E-4,1.577279414E-3,9.997369647E-1,1.773789167E2,1.823913174E-1,-6.997934982E-2,1.773788016E2
2.571570211E2,2.287619773E-2,6.438830751E-4,1.582641853E-3,9.997368455E-1,1.773783521E2,1.829980059E-1,-6.961539838E-2,1.773782371E2
2.571620211E2,2.286541776E-2,6.507343496E-4,1.585013117E-3,9.997370839E-1,1.773795878E2,1.832868655E-1,-7.039605024E-2,1.773794713E2
2.571670211E2,2.287394114E-2,6.449452485E-4,1.577164396E-3,9.997369051E-1,1.773786108E2,1.823731260E-1,-6.975185350E-2,1.773784960E2
2.571720211E2,2.288411953E-2,6.383554428E-4,1.583310543E-3,9.997366667E-1,1.773774441E2,1.830606667E-1,-6.897894131E-2,1.773773301E2
2.571770211E2,2.287859512E-2,6.411820068E-4,1.586730010E-3,9.997367859E-1,1.773780774E2,1.834594371E-1,-6.929480291E-2,1.773779626E2
2.571820211E2,2.287638107E-2,6.442320300E-4,1.579847187E-3,9.997368455E-1,1.773783311E2,1.826787717E-1,-6.966266798E-2,1.773782163E2
2.571870211E2,2.288422845E-2,6.384889712E-4,1.581681659E-3,9.997366667E-1,1.773774316E2,1.828744167E-1,-6.899849025E-2,1.773773177E2
2.571920211E2,2.288092835E-2,6.397420075E-4,1.591215609E-3,9.997367263E-1,1.773778099E2,1.839697008E-1,-6.911764477E-2,1.773776951E2
2.571970211E2,2.287536042E-2,6.431991933E-4,1.594974427E-3,9.997368455E-1,1.773784481E2,1.844089963E-1,-6.950487603E-2,1.773783324E2
2.572020211E2,2.287573728E-2,6.440250436E-4,1.589225838E-3,9.997368455E-1,1.773784049E2,1.837526191E-1,-6.961448695E-2,1.773782894E2
2.572070211E2,2.287572943E-2,6.439509452E-4,1.589368796E-3,9.997368455E-1,1.773784058E2,1.837688018E-1,-6.960562482E-2,1.773782903E2
2.572120211E2,2.287252980E-2,6.451038644E-4,1.597437542E-3,9.997369051E-1,1.773787726E2,1.846959712E-1,-6.971714391E-2,1.773786563E2
2.572170211E2,2.288019301E-2,6.411344511E-4,1.601197524E-3,9.997367263E-1,1.773778942E2,1.851168471E-1,-6.925112787E-2,1.773777784E2
2.572220211E2,2.287292624E-2,6.451845402E-4,1.591718406E-3,9.997369051E-1,1.773787271E2,1.840410159E-1,-6.974130380E-2,1.773786113E2
2.572270211E2,2.286812587E-2,6.485584308E-4,1.584430691E-3,9.997370243E-1,1.773792774E2,1.832146297E-1,-7.014780363E-2,1.773791614E2
2.572320211E2,2.288644491E-2,6.369988550E-4,1.587874838E-3,9.997366071E-1,1.773771776E2,1.835801625E-1,-6.881113208E-2,1.773770635E2
2.572370211E2,2.288079065E-2,6.407268229E-4,1.592798624E-3,9.997367263E-1,1.773778257E2,1.841536268E-1,-6.922634120E-2,1.773777106E2
2.572420211E2,2.288114767E-2,6.395676173E-4,1.588128856E-3,9.997367263E-1,1.773777848E2,1.836156348E-1,-6.910571981E-2,1.773776702E2
2.572470211E2,2.289156584E-2,6.325780414E-4,1.590876724E-3,9.997364879E-1,1.773765906E2,1.839128181E-1,-6.829586230E-2,1.773764772E2
2.572520211E2,2.288864724E-2,6.348872557E-4,1.594490022E-3,9.997365475E-1,1.773769252E2,1.843326220E-1,-6.855146849E-2,1.773768110E2
2.572570211E2,2.287586620E-2,6.430961657E-4,1.587745501E-3,9.997368455E-1,1.773783901E2,1.835806027E-1,-6.951193038E-2,1.773782749E2
2.572620211E2,2.288967057E-2,6.347297458E-4,1.579794916E-3,9.997365475E-1,1.773768079E2,1.826487821E-1,-6.857178170E-2,1.773766948E2
2.572670211E2,2.289470996E-2,6.318496307E-4,1.583360485E-3,9.997364283E-1,1.773762302E2,1.830500484E-1,-6.823155620E-2,1.773761174E2
2.572720211E2,2.288099088E-2,6.408888148E-4,1.589854364E-3,9.997367263E-1,1.773778027E2,1.838167658E-1,-6.925258244E-2,1.773776878E2
2.572770211E2,2.288689196E-2,6.356722442E-4,1.581951859E-3,9.997366071E-1,1.773771264E2,1.828981668E-1,-6.867460614E-2,1.773770129E2
2.572820211E2,2.289494890E-2,6.302482798E-4,1.580541139E-3,9.997364283E-1,1.773762029E2,1.827228737E-1,-6.805545653E-2,1.773760905E2
2.572870211E2,2.288913390E-2,6.341030239E-4,1.587801962E-3,9.997365475E-1,1.773768694E2,1.835644024E-1,-6.847907897E-2,1.773767558E2
2.572920211E2,2.288621186E-2,6.360443658E-4,1.591612003E-3,9.997366071E-1,1.773772043E2,1.840057791E-1,-6.869202583E-2,1.773770902E2
2.572970211E2,2.289173435E-2,6.329115131E-4,1.588317333E-3,9.997364879E-1,1.773765713E2,1.836204963E-1,-6.834074837E-2,1.773764580E2
2.573020211E2,2.288108988E-2,6.399606355E-4,1.588803018E-3,9.997367263E-1,1.773777914E2,1.836938946E-1,-6.914898742E-2,1.773776767E2
2.573070211E2,2.288871131E-2,6.347955205E-4,1.593606547E-3,9.997365475E-1,1.773769178E2,1.842311733E-1,-6.854326469E-2,1.773768038E2
2.573120211E2,2.288877944E-2,6.349662435E-4,1.592559624E-3,9.997365475E-1,1.773769100E2,1.841116884E-1,-6.856555647E-2,1.773767960E2
2.573170211E2,2.287895999E-2,6.421758444E-4,1.581056858E-3,9.997367859E-1,1.773780355E2,1.828121420E-1,-6.942346558E-2,1.773779210E2
2.573220211E2,2.288157278E-2,6.403819425E-4,1.581662684E-3,9.997367263E-1,1.773777360E2,1.828770236E-1,-6.921588728E-2,1.773776218E2
2.573270211E2,2.288121293E-2,6.409240887E-4,1.586641185E-3,9.997367263E-1,1.773777773E2,1.834487662E-1,-6.926500796E-2,1.773776626E2
2.573320211E2,2.287853492E-2,6.412931252E-4,1.587552833E-3,9.997367859E-1,1.773780843E2,1.835539884E-1,-6.930538655E-2,1.773779694E2
2.573370211E2,2.288177839E-2,6.401271676E-4,1.578788739E-3,9.997367263E-1,1.773777125E2,1.825471255E-1,-6.919419828E-2,1.773775984E2
2.573420211E2,2.288732381E-2,6.359528634E-4,1.575578470E-3,9.997366071E-1,1.773770769E2,1.821687860E-1,-6.872339146E-2,1.773769638E2
2.573470211E2,2.287099068E-2,6.469146465E-4,1.581358258E-3,9.997369647E-1,1.773789490E2,1.828585386E-1,-6.996701696E-2,1.773788335E2
2.573520211E2,2.286313546E-2,6.531640538E-4,1.579331234E-3,9.997371435E-1,1.773798494E2,1.826421445E-1,-7.068970594E-2,1.773797329E2
2.573570211E2,2.287108918E-2,6.481228047E-4,1.579437871E-3,9.997369647E-1,1.773789377E2,1.826417093E-1,-7.011044055E-2,1.773788221E2
2.573620211E2,2.287073319E-2,6.469962536E-4,1.585044665E-3,9.997369647E-1,1.773789785E2,1.832810560E-1,-6.996675134E-2,1.773788627E2
2.573670211E2,2.285979872E-2,6.545681390E-4,1.589288702E-3,9.997372031E-1,1.773802318E2,1.837863328E-1,-7.082508442E-2,1.773801144E2
2.573720211E2,2.287368034E-2,6.464604521E-4,1.580323325E-3,9.997369051E-1,1.773786407E2,1.827389725E-1,-6.991720466E-2,1.773785254E2
2.573770211E2,2.286286245E-2,6.534373970E-4,1.583165722E-3,9.997371435E-1,1.773798807E2,1.830821273E-1,-7.071102401E-2,1.773797638E2
2.573820211E2,2.284915539E-2,6.622966030E-4,1.589164720E-3,9.997374415E-1,1.773814518E2,1.837916135E-1,-7.171275018E-2,1.773813329E2
2.573870211E2,2.286528337E-2,6.516918074E-4,1.586557715E-3,9.997370839E-1,1.773796032E2,1.834663171E-1,-7.050171536E-2,1.773794864E2
2.573920211E2,2.286052156E-2,6.546676741E-4,1.578815980E-3,9.997372031E-1,1.773801490E2,1.825868707E-1,-7.086379028E-2,1.773800322E2
2.573970211E2,2.284955212E-2,6.627197145E-4,1.583273173E-3,9.997374415E-1,1.773814063E2,1.831178034E-1,-7.177657648E-2,1.773812877E2
2.574020211E2,2.285451601E-2,6.581151974E-4,1.588811399E-3,9.997373223E-1,1.773808373E2,1.837405686E-1,-7.123366197E-2,1.773807192E2
2.574070211E2,2.285747810E-2,6.567238597E-4,1.584274694E-3,9.997372627E-1,1.773804978E2,1.832174017E-1,-7.108560728E-2,1.773803803E2
2.574120211E2,2.285312306E-2,6.591135170E-4,1.570826978E-3,9.997373819E-1,1.773809970E2,1.816827558E-1,-7.139538631E-2,1.773808800E2
2.574170211E2,2.285813744E-2,6.569675752E-4,1.574631315E-3,9.997372627E-1,1.773804222E2,1.821133238E-1,-7.113866740E-2,1.773803054E2
2.574220211E2,2.285759586E-2,6.567771197E-4,1.582552562E-3,9.997372627E-1,1.773804843E2,1.830202590E-1,-7.109619821E-2,1.773803669E2
2.574270211E2,2.284999362E-2,6.621968932E-4,1.577108284E-3,9.997374415E-1,1.773813557E2,1.824102048E-1,-7.173274343E-2,1.773812377E2
2.574320211E2,2.285037689E-2,6.613621954E-4,1.571896835E-3,9.997374415E-1,1.773813118E2,1.818110133E-1,-7.165069585E-2,1.773811943E2
2.574370211E2,2.285516574E-2,6.585859228E-4,1.579241245E-3,9.997373223E-1,1.773807629E2,1.826454735E-1,-7.131253505E-2,1.773806454E2
2.574420211E2,2.285223447E-2,6.610865239E-4,1.582878991E-3,9.997373819E-1,1.773810988E2,1.830685604E-1,-7.159001669E-2,1.773809806E2
2.574470211E2,2.285004896E-2,6.620574859E-4,1.576364739E-3,9.997374415E-1,1.773813494E2,1.823246619E-1,-7.171870962E-2,1.773812314E2
2.574520211E2,2.286091964E-2,6.549807149E-4,1.572910929E-3,9.997372031E-1,1.773801033E2,1.819112257E-1,-7.091504998E-2,1.773799870E2
2.574570211E2,2.284731707E-2,6.634100573E-4,1.577591640E-3,9.997375011E-1,1.773816625E2,1.824685636E-1,-7.187094817E-2,1.773815442E2
2.574620211E2,2.283956157E-2,6.696567289E-4,1.573930960E-3,9.997376800E-1,1.773825514E2,1.820649829E-1,-7.259757323E-2,1.773824323E2
2.574670211E2,2.284040385E-2,6.680216175E-4,1.562360558E-3,9.997376800E-1,1.773824549E2,1.807352369E-1,-7.244038380E-2,1.773823369E2
2.574720211E2,2.283978886E-2,6.696179044E-4,1.570645720E-3,9.997376800E-1,1.773825254E2,1.816885344E-1,-7.260168273E-2,1.773824065E2
2.574770211E2,2.283396434E-2,6.721614627E-4,1.578349504E-3,9.997377992E-1,1.773831930E2,1.825773278E-1,-7.287397674E-2,1.773830730E2
2.574820211E2,2.283705636E-2,6.712008617E-4,1.571763190E-3,9.997377396E-1,1.773828386E2,1.818204986E-1,-7.278060088E-2,1.773827193E2
2.574870211E2,2.283176875E-2,6.743206759E-4,1.571421279E-3,9.997378588E-1,1.773834447E2,1.817891072E-1,-7.313986791E-2,1.773833248E2
2.574920211E2,2.282829696E-2,6.773613859E-4,1.582592493E-3,9.997379184E-1,1.773838426E2,1.830766042E-1,-7.345962321E-2,1.773837214E2
2.574970211E2,2.282853830E-2,6.768569583E-4,1.579323667E-3,9.997379184E-1,1.773838149E2,1.827008192E-1,-7.341034252E-2,1.773836940E2
2.575020211E2,2.283170968E-2,6.740204408E-4,1.572408015E-3,9.997378588E-1,1.773834514E2,1.819013596E-1,-7.310290151E-2,1.773833316E2
2.575070211E2,2.282908693E-2,6.759317475E-4,1.571771456E-3,9.997379184E-1,1.773837521E2,1.818332431E-1,-7.332400634E-2,1.773836319E2
2.575120211E2,2.282837691E-2,6.775303627E-4,1.581366407E-3,9.997379184E-1,1.773838334E2,1.829365894E-1,-7.348217434E-2,1.773837123E2
2.575170211E2,2.283139770E-2,6.748160231E-4,1.576591167E-3,9.997378588E-1,1.773834872E2,1.823826484E-1,-7.318315658E-2,1.773833669E2
2.575220211E2,2.282949105E-2,6.768493913E-4,1.565494342E-3,9.997379184E-1,1.773837057E2,1.811165556E-1,-7.344548168E-2,1.773835858E2
2.575270211E2,2.283506028E-2,6.725017447E-4,1.562267193E-3,9.997377992E-1,1.773830674E2,1.807358784E-1,-7.295484448E-2,1.773829485E2
2.575320211E2,2.283711503E-2,6.714463234E-4,1.570805674E-3,9.997377396E-1,1.773828319E2,1.817114505E-1,-7.281121657E-2,1.773827126E2
2.575370211E2,2.282121258E-2,6.811071653E-4,1.570151071E-3,9.997380972E-1,1.773846546E2,1.816605674E-1,-7.392258031E-2,1.773845336E2
2.575420211E2,2.281897090E-2,6.829207996E-4,1.563980011E-3,9.997381568E-1,1.773849116E2,1.809581762E-1,-7.414689772E-2,1.773847907E2
2.575470211E2,2.282655530E-2,6.773530622E-4,1.570015098E-3,9.997379780E-1,1.773840422E2,1.816355640E-1,-7.349188922E-2,1.773839219E2
2.575520211E2,2.282916998E-2,6.770505570E-4,1.570082735E-3,9.997379184E-1,1.773837425E2,1.816427134E-1,-7.345658175E-2,1.773836223E2
2.575570211E2,2.282425037E-2,6.793220527E-4,1.564710750E-3,9.997380376E-1,1.773843064E2,1.810328689E-1,-7.373175266E-2,1.773841861E2
2.575620211E2,2.282150502E-2,6.817374961E-4,1.565620536E-3,9.997380972E-1,1.773846211E2,1.811432108E-1,-7.400658747E-2,1.773845003E2
2.575670211E2,2.282671971E-2,6.785268779E-4,1.567115192E-3,9.997379780E-1,1.773840234E2,1.813064282E-1,-7.363391931E-2,1.773839031E2
2.575720211E2,2.282400567E-2,6.803583237E-4,1.567826839E-3,9.997380376E-1,1.773843345E2,1.813925466E-1,-7.384236349E-2,1.773842138E2
2.575770211E2,2.282396802E-2,6.800861447E-4,1.568492851E-3,9.997380376E-1,1.773843388E2,1.814681315E-1,-7.380944706E-2,1.773842181E2
2.575820211E2,2.281864453E-2,6.842336734E-4,1.568162348E-3,9.997381568E-1,1.773849490E2,1.814407220E-1,-7.428642511E-2,1.773848275E2
2.575870211E2,2.282396433E-2,6.808187463E-4,1.568228705E-3,9.997380376E-1,1.773843392E2,1.814397864E-1,-7.389406663E-2,1.773842184E2
2.575920211E2,2.282948070E-2,6.757049123E-4,1.566139632E-3,9.997379184E-1,1.773837069E2,1.811874860E-1,-7.331268204E-2,1.773835872E2
2.575970211E2,2.281879256E-2,6.841433933E-4,1.566046267E-3,9.997381568E-1,1.773849320E2,1.811980745E-1,-7.428158910E-2,1.773848107E2
2.576020211E2,2.281890691E-2,6.843680749E-4,1.564280945E-3,9.997381568E-1,1.773849189E2,1.809964319E-1,-7.431192453E-2,1.773847977E2
2.576070211E2,2.282917483E-2,6.767212762E-4,1.570154214E-3,9.997379184E-1,1.773837420E2,1.816500410E-1,-7.341867096E-2,1.773836218E2
2.576120211E2,2.282348142E-2,6.807576865E-4,1.575267641E-3,9.997380376E-1,1.773843946E2,1.822459851E-1,-7.386874880E-2,1.773842732E2
2.576170211E2,2.281353965E-2,6.880087312E-4,1.564782346E-3,9.997382760E-1,1.773855341E2,1.810629933E-1,-7.472866485E-2,1.773854122E2
2.576220211E2,2.281853996E-2,6.841028808E-4,1.569740241E-3,9.997381568E-1,1.773849610E2,1.816211386E-1,-7.426733419E-2,1.773848394E2
2.576270211E2,2.281833767E-2,6.829561316E-4,1.573176472E-3,9.997381568E-1,1.773849841E2,1.820117860E-1,-7.412701208E-2,1.773848626E2
2.576320211E2,2.281586698E-2,6.847376935E-4,1.570355846E-3,9.997382164E-1,1.773852673E2,1.816931248E-1,-7.433893537E-2,1.773851456E2
2.576370211E2,2.282959782E-2,6.758229574E-4,1.564380480E-3,9.997379184E-1,1.773836935E2,1.809862717E-1,-7.333078655E-2,1.773835739E2
2.576420211E2,2.283471679E-2,6.718010991E-4,1.567580272E-3,9.997377992E-1,1.773831068E2,1.813426960E-1,-7.286073632E-2,1.773829876E2
2.576470211E2,2.282907146E-2,6.765329745E-4,1.571737463E-3,9.997379184E-1,1.773837538E2,1.818309207E-1,-7.339297559E-2,1.773836335E2
2.576520211E2,2.282961990E-2,6.759237149E-4,1.564014587E-3,9.997379184E-1,1.773836910E2,1.809446195E-1,-7.334328273E-2,1.773835714E2
2.576570211E2,2.283012469E-2,6.766712759E-4,1.556303934E-3,9.997379184E-1,1.773836331E2,1.800632655E-1,-7.344900622E-2,1.773835139E2
2.576620211E2,2.282712828E-2,6.779537071E-4,1.561401528E-3,9.997379780E-1,1.773839766E2,1.806503905E-1,-7.358312835E-2,1.773838568E2
2.576670211E2,2.283189620E-2,6.748932065E-4,1.569322310E-3,9.997378588E-1,1.773834301E2,1.815501529E-1,-7.321092661E-2,1.773833102E2
2.576720211E2,2.282670874E-2,6.790050538E-4,1.567067811E-3,9.997379780E-1,1.773840246E2,1.813022503E-1,-7.368882583E-2,1.773839042E2
2.576770211E2,2.282178092E-2,6.815589732E-4,1.561671612E-3,9.997380972E-1,1.773845895E2,1.806903680E-1,-7.399641326E-2,1.773844690E2
2.576820211E2,2.283738371E-2,6.712250761E-4,1.566989347E-3,9.997377396E-1,1.773828011E2,1.812736854E-1,-7.279580898E-2,1.773826821E2
2.576870211E2,2.283435771E-2,6.735441275E-4,1.572056557E-3,9.997377992E-1,1.773831479E2,1.818600431E-1,-7.304877219E-2,1.773830282E2
2.576920211E2,2.282692069E-2,6.772548659E-4,1.564736012E-3,9.997379780E-1,1.773840004E2,1.810305519E-1,-7.349438285E-2,1.773838804E2
2.576970211E2,2.283793541E-2,6.711821770E-4,1.558946562E-3,9.997377396E-1,1.773827378E2,1.803522167E-1,-7.281184360E-2,1.773826195E2
2.577020211E2,2.283732556E-2,6.708086003E-4,1.568014850E-3,9.997377396E-1,1.773828077E2,1.813900746E-1,-7.274542358E-2,1.773826888E2
2.577070211E2,2.283179755E-2,6.742454134E-4,1.571035013E-3,9.997378588E-1,1.773834414E2,1.817446610E-1,-7.313225113E-2,1.773833215E2
2.577120211E2,2.284573454E-2,6.658704369E-4,1.561620156E-3,9.997375607E-1,1.773818439E2,1.806451690E-1,-7.219491598E-2,1.773817263E2
2.577170211E2,2.284804593E-2,6.629441050E-4,1.567197382E-3,9.997375011E-1,1.773815789E2,1.812766104E-1,-7.184465037E-2,1.773814615E2
2.577220211E2,2.283922646E-2,6.690957816E-4,1.579024014E-3,9.997376800E-1,1.773825898E2,1.826469600E-1,-7.252004120E-2,1.773824704E2
2.577270211E2,2.284240425E-2,6.681624800E-4,1.571170404E-3,9.997376204E-1,1.773822256E2,1.817450230E-1,-7.243309833E-2,1.773821069E2
2.577320211E2,2.285117824E-2,6.615908351E-4,1.560107106E-3,9.997374415E-1,1.773812199E2,1.804610164E-1,-7.170761687E-2,1.773811032E2
2.577370211E2,2.285070465E-2,6.612057914E-4,1.567190979E-3,9.997374415E-1,1.773812742E2,1.812715156E-1,-7.164504122E-2,1.773811571E2
2.577420211E2,2.284755824E-2,6.632474833E-4,1.574163558E-3,9.997375011E-1,1.773816348E2,1.820754278E-1,-7.186125503E-2,1.773815168E2
2.577470211E2,2.284824332E-2,6.625719252E-4,1.564474776E-3,9.997375011E-1,1.773815563E2,1.809637433E-1,-7.180910580E-2,1.773814391E2
2.577520211E2,2.284856527E-2,6.624839734E-4,1.559803030E-3,9.997375011E-1,1.773815194E2,1.804283322E-1,-7.181120401E-2,1.773814026E2
2.577570211E2,2.284790100E-2,6.638643099E-4,1.568919863E-3,9.997375011E-1,1.773815956E2,1.814763402E-1,-7.194558675E-2,1.773814778E2
2.577620211E2,2.285044004E-2,6.618713960E-4,1.570764114E-3,9.997374415E-1,1.773813045E2,1.816825847E-1,-7.171198529E-2,1.773811870E2
2.577670211E2,2.285088367E-2,6.609536940E-4,1.564685022E-3,9.997374415E-1,1.773812537E2,1.809837812E-1,-7.162269029E-2,1.773811368E2
2.577720211E2,2.285060116E-2,6.621701759E-4,1.568292268E-3,9.997374415E-1,1.773812861E2,1.814001994E-1,-7.175265749E-2,1.773811687E2
2.577770211E2,2.284476010E-2,6.657455815E-4,1.575863687E-3,9.997375607E-1,1.773819556E2,1.822765371E-1,-7.214349974E-2,1.773818370E2
2.577820211E2,2.284779167E-2,6.638300256E-4,1.570525696E-3,9.997375011E-1,1.773816081E2,1.816602098E-1,-7.193747441E-2,1.773814902E2
2.577870211E2,2.285056747E-2,6.620650529E-4,1.568827429E-3,9.997374415E-1,1.773812899E2,1.814612308E-1,-7.173921917E-2,1.773811725E2
2.577920211E2,2.284760306E-2,6.628368865E-4,1.573685906E-3,9.997375011E-1,1.773816297E2,1.820196352E-1,-7.181545889E-2,1.773815118E2
2.577970211E2,2.284189170E-2,6.672384916E-4,1.578995259E-3,9.997376204E-1,1.773822844E2,1.826389971E-1,-7.230685555E-2,1.773821653E2
2.578020211E2,2.284304961E-2,6.674650358E-4,1.562057761E-3,9.997376204E-1,1.773821516E2,1.806992826E-1,-7.237693528E-2,1.773820337E2
2.578070211E2,2.284601345E-2,6.647906848E-4,1.557995682E-3,9.997375607E-1,1.773818119E2,1.802271355E-1,-7.208065671E-2,1.773816948E2
2.578120211E2,2.285316943E-2,6.606683601E-4,1.569498563E-3,9.997373819E-1,1.773809917E2,1.815346457E-1,-7.157698203E-2,1.773808745E2
2.578170211E2,2.285829330E-2,6.562179769E-4,1.572680194E-3,9.997372627E-1,1.773804044E2,1.818878472E-1,-7.105787485E-2,1.773802878E2
2.578220211E2,2.285641656E-2,6.581264315E-4,1.561227487E-3,9.997373223E-1,1.773806195E2,1.805806701E-1,-7.130684947E-2,1.773805034E2
2.578270211E2,2.284833440E-2,6.642497610E-4,1.562431687E-3,9.997375011E-1,1.773815459E2,1.807340834E-1,-7.200665425E-2,1.773814285E2
2.578320211E2,2.284468593E-2,6.660332438E-4,1.576817012E-3,9.997375607E-1,1.773819641E2,1.823864996E-1,-7.217397255E-2,1.773818454E2
2.578370211E2,2.285028191E-2,6.616728497E-4,1.573146204E-3,9.997374415E-1,1.773813227E2,1.819549501E-1,-7.168303059E-2,1.773812050E2
2.578420211E2,2.284818407E-2,6.635758327E-4,1.564914477E-3,9.997375011E-1,1.773815631E2,1.810167408E-1,-7.192297441E-2,1.773814457E2
2.578470211E2,2.284776874E-2,6.631343276E-4,1.571153058E-3,9.997375011E-1,1.773816107E2,1.817302582E-1,-7.185613575E-2,1.773814930E2
2.578520211E2,2.284961340E-2,6.621874054E-4,1.582611352E-3,9.997374415E-1,1.773813993E2,1.830405944E-1,-7.171731610E-2,1.773812809E2
2.578570211E2,2.285261948E-2,6.601091009E-4,1.577720046E-3,9.997373819E-1,1.773810547E2,1.824750098E-1,-7.149148158E-2,1.773809370E2
2.578620211E2,2.284484171E-2,6.660037907E-4,1.574570895E-3,9.997375607E-1,1.773819462E2,1.821291144E-1,-7.217645016E-2,1.773818277E2
2.578670211E2,2.284113687E-2,6.675888435E-4,1.589729916E-3,9.997376204E-1,1.773823709E2,1.838696420E-1,-7.231903207E-2,1.773822509E2
2.578720211E2,2.285958019E-2,6.543092313E-4,1.592535176E-3,9.997372031E-1,1.773802569E2,1.841575610E-1,-7.078695917E-2,1.773801392E2
2.578770211E2,2.286018312E-2,6.552891573E-4,1.583451754E-3,9.997372031E-1,1.773801878E2,1.831195577E-1,-7.092290577E-2,1.773800706E2
2.578820211E2,2.284683235E-2,6.640002830E-4,1.584348734E-3,9.997375011E-1,1.773817180E2,1.832441795E-1,-7.192096252E-2,1.773815992E2
2.578870211E2,2.285125250E-2,6.611028803E-4,1.596985850E-3,9.997373819E-1,1.773812114E2,1.846846408E-1,-7.155512891E-2,1.773810922E2
2.578920211E2,2.285685151E-2,6.576904561E-4,1.592890359E-3,9.997372627E-1,1.773805696E2,1.842069155E-1,-7.117388962E-2,1.773804513E2
2.578970211E2,2.284991263E-2,6.616156315E-4,1.578524942E-3,9.997374415E-1,1.773813650E2,1.825709718E-1,-7.166245843E-2,1.773812470E2
2.579020211E2,2.285216493E-2,6.607596297E-4,1.584019046E-3,9.997373819E-1,1.773811068E2,1.831983061E-1,-7.154959436E-2,1.773809886E2
2.579070211E2,2.285703052E-2,6.560265901E-4,1.591006760E-3,9.997372627E-1,1.773805491E2,1.839867810E-1,-7.098817547E-2,1.773804313E2
2.579120211E2,2.285447809E-2,6.590638659E-4,1.588963671E-3,9.997373223E-1,1.773808417E2,1.837604952E-1,-7.134195102E-2,1.773807234E2
2.579170211E2,2.284998853E-2,6.610439159E-4,1.577665564E-3,9.997374415E-1,1.773813563E2,1.824710281E-1,-7.159919827E-2,1.773812384E2
2.579220211E2,2.285472098E-2,6.590135745E-4,1.585487160E-3,9.997373223E-1,1.773808138E2,1.833621054E-1,-7.134525017E-2,1.773806958E2
2.579270211E2,2.285458556E-2,6.581736379E-4,1.587786479E-3,9.997373223E-1,1.773808294E2,1.836233099E-1,-7.124302855E-2,1.773807113E2
2.579320211E2,2.286072574E-2,6.553048152E-4,1.575591858E-3,9.997372031E-1,1.773801256E2,1.822191931E-1,-7.094519126E-2,1.773800089E2
2.579370211E2,2.285280033E-2,6.597715546E-4,1.575239701E-3,9.997373819E-1,1.773810340E2,1.821899858E-1,-7.145927444E-2,1.773809166E2
2.579420211E2,2.284680809E-2,6.640421343E-4,1.584680867E-3,9.997375011E-1,1.773817208E2,1.832823371E-1,-7.192489193E-2,1.773816019E2
2.579470211E2,2.285216716E-2,6.611630670E-4,1.583818463E-3,9.997373819E-1,1.773811066E2,1.831763837E-1,-7.159633762E-2,1.773809883E2
2.579520211E2,2.285266227E-2,6.601779023E-4,1.577071263E-3,9.997373819E-1,1.773810498E2,1.824008673E-1,-7.150105482E-2,1.773809322E2
2.579570211E2,2.284140466E-2,6.681238301E-4,1.585652237E-3,9.997376204E-1,1.773823402E2,1.834039153E-1,-7.239094526E-2,1.773822204E2
2.579620211E2,2.284114122E-2,6.678624777E-4,1.589552499E-3,9.997376204E-1,1.773823704E2,1.838500334E-1,-7.235084362E-2,1.773822504E2
2.579670211E2,2.285247311E-2,6.609138218E-4,1.579502248E-3,9.997373819E-1,1.773810715E2,1.826812793E-1,-7.157903106E-2,1.773809535E2
2.579720211E2,2.283638805E-2,6.703044055E-4,1.581823686E-3,9.997377396E-1,1.773829152E2,1.829706531E-1,-7.265169490E-2,1.773827953E2
2.579770211E2,2.283332008E-2,6.736248033E-4,1.587022096E-3,9.997377992E-1,1.773832668E2,1.835746588E-1,-7.301904401E-2,1.773831460E2
2.579820211E2,2.285170710E-2,6.597069441E-4,1.591047156E-3,9.997373819E-1,1.773811593E2,1.840006696E-1,-7.141067626E-2,1.773810407E2
2.579870211E2,2.284381048E-2,6.654910976E-4,1.589676715E-3,9.997375607E-1,1.773820644E2,1.838582485E-1,-7.207835865E-2,1.773819449E2
2.579920211E2,2.282802733E-2,6.767936284E-4,1.586719300E-3,9.997379184E-1,1.773838735E2,1.835478738E-1,-7.338383357E-2,1.773837521E2
2.579970211E2,2.284621577E-2,6.636047619E-4,1.593379769E-3,9.997375011E-1,1.773817887E2,1.842777117E-1,-7.185211983E-2,1.773816693E2
2.580020211E2,2.285949983E-2,6.550413673E-4,1.593387569E-3,9.997372031E-1,1.773802661E2,1.842571251E-1,-7.086861560E-2,1.773801482E2
2.580070211E2,2.283556052E-2,6.713679177E-4,1.593277906E-3,9.997377396E-1,1.773830100E2,1.842855934E-1,-7.274370956E-2,1.773828891E2
2.580120211E2,2.284620030E-2,6.645770627E-4,1.593196415E-3,9.997375011E-1,1.773817905E2,1.842592510E-1,-7.196399097E-2,1.773816709E2
2.580170211E2,2.286167578E-2,6.535333814E-4,1.600171207E-3,9.997371435E-1,1.773800167E2,1.850304741E-1,-7.067768518E-2,1.773798986E2
2.580220211E2,2.285401139E-2,6.582993665E-4,1.595977694E-3,9.997373223E-1,1.773808952E2,1.845619989E-1,-7.123608488E-2,1.773807765E2
2.580270211E2,2.285168144E-2,6.607515970E-4,1.590982080E-3,9.997373819E-1,1.773811622E2,1.839959484E-1,-7.153052841E-2,1.773810435E2
2.580320211E2,2.286730672E-2,6.499841693E-4,1.595629379E-3,9.997370243E-1,1.773793712E2,1.845012506E-1,-7.028194204E-2,1.773792542E2
2.580370211E2,2.286708732E-2,6.490949308E-4,1.599131851E-3,9.997370243E-1,1.773793964E2,1.849001542E-1,-7.017093186E-2,1.773792793E2
2.580420211E2,2.285962193E-2,6.554691936E-4,1.591458684E-3,9.997372031E-1,1.773802521E2,1.840372780E-1,-7.092265850E-2,1.773801343E2
2.580470211E2,2.285424801E-2,6.581092020E-4,1.592664281E-3,9.997373223E-1,1.773808681E2,1.841819270E-1,-7.122293359E-2,1.773807497E2
2.580520211E2,2.285905471E-2,6.544877542E-4,1.599987154E-3,9.997372031E-1,1.773803171E2,1.850117036E-1,-7.078798679E-2,1.773801989E2
2.580570211E2,2.286186843E-2,6.529982784E-4,1.597635332E-3,9.997371435E-1,1.773799946E2,1.847385712E-1,-7.062299107E-2,1.773798768E2
2.580620211E2,2.286474566E-2,6.522007752E-4,1.594080124E-3,9.997370839E-1,1.773796648E2,1.843293936E-1,-7.054041171E-2,1.773795474E2
2.580670211E2,2.286469207E-2,6.514773704E-4,1.595144160E-3,9.997370839E-1,1.773796709E2,1.844493921E-1,-7.045475927E-2,1.773795536E2
2.580720211E2,2.286986557E-2,6.474984111E-4,1.597310766E-3,9.997369647E-1,1.773790779E2,1.846875379E-1,-6.999229113E-2,1.773789612E2
2.580770211E2,2.287282173E-2,6.458632415E-4,1.592944493E-3,9.997369051E-1,1.773787391E2,1.841832504E-1,-6.981586229E-2,1.773786230E2
2.580820211E2,2.287011875E-2,6.468402571E-4,1.593948924E-3,9.997369647E-1,1.773790489E2,1.843006919E-1,-6.992565614E-2,1.773789326E2
2.580870211E2,2.287269770E-2,6.466619088E-4,1.594400615E-3,9.997369051E-1,1.773787533E2,1.843521514E-1,-6.990356493E-2,1.773786370E2
2.580920211E2,2.287538821E-2,6.432796363E-4,1.594543457E-3,9.997368455E-1,1.773784449E2,1.843598365E-1,-6.951521633E-2,1.773783292E2
2.580970211E2,2.287564468E-2,6.436034455E-4,1.590728760E-3,9.997368455E-1,1.773784155E2,1.839236847E-1,-6.956226522E-2,1.773783000E2
2.581020211E2,2.287098467E-2,6.470942171E-4,1.581371762E-3,9.997369647E-1,1.773789497E2,1.828605560E-1,-6.998755454E-2,1.773788342E2
2.581070211E2,2.287112185E-2,6.478721043E-4,1.579067553E-3,9.997369647E-1,1.773789339E2,1.825986303E-1,-7.008268457E-2,1.773788185E2
2.581120211E2,2.287370699E-2,6.450358778E-4,1.580519718E-3,9.997369051E-1,1.773786376E2,1.827577390E-1,-6.975348370E-2,1.773785226E2
2.581170211E2,2.286819300E-2,6.487268838E-4,1.583392383E-3,9.997370243E-1,1.773792697E2,1.830961254E-1,-7.016981056E-2,1.773791537E2
2.581220211E2,2.285769267E-2,6.572047714E-4,1.580976066E-3,9.997372627E-1,1.773804732E2,1.828407799E-1,-7.114930241E-2,1.773803559E2
2.581270211E2,2.285500499E-2,6.586470990E-4,1.581540448E-3,9.997373223E-1,1.773807813E2,1.829090231E-1,-7.131355099E-2,1.773806636E2
2.581320211E2,2.287056703E-2,6.476109265E-4,1.587189734E-3,9.997369647E-1,1.773789975E2,1.835283984E-1,-7.003157763E-2,1.773788815E2
2.581370211E2,2.285679234E-2,6.562403869E-4,1.594336820E-3,9.997372627E-1,1.773805764E2,1.843688219E-1,-7.100398969E-2,1.773804583E2
2.581420211E2,2.284381479E-2,6.660642684E-4,1.589374617E-3,9.997375607E-1,1.773820639E2,1.838251405E-1,-7.214481202E-2,1.773819443E2
2.581470211E2,2.285471008E-2,6.592902937E-4,1.585529186E-3,9.997373223E-1,1.773808151E2,1.833676440E-1,-7.137684347E-2,1.773806970E2
2.581520211E2,2.285426449E-2,6.586514064E-4,1.592203625E-3,9.997373223E-1,1.773808662E2,1.841305748E-1,-7.128625277E-2,1.773807477E2
2.581570211E2,2.283839184E-2,6.687435671E-4,1.591198263E-3,9.997376800E-1,1.773826855E2,1.840406824E-1,-7.244798087E-2,1.773825653E2
2.581620211E2,2.284160730E-2,6.673028111E-4,1.583076897E-3,9.997376204E-1,1.773823170E2,1.831067449E-1,-7.230359204E-2,1.773821976E2
2.581670211E2,2.285508836E-2,6.590168341E-4,1.580181066E-3,9.997373223E-1,1.773807717E2,1.827542643E-1,-7.135945352E-2,1.773806541E2
2.581720211E2,2.284148484E-2,6.671386654E-4,1.584911952E-3,9.997376204E-1,1.773823310E2,1.833165337E-1,-7.228000632E-2,1.773822115E2
2.581770211E2,2.282542219E-2,6.783853169E-4,1.585962367E-3,9.997379780E-1,1.773841721E2,1.834651308E-1,-7.356863813E-2,1.773840504E2
2.581820211E2,2.284132760E-2,6.683712709E-4,1.586657716E-3,9.997376204E-1,1.773823490E2,1.835197470E-1,-7.241667470E-2,1.773822292E2
2.581870211E2,2.284403798E-2,6.664583925E-4,1.585997990E-3,9.997375607E-1,1.773820383E2,1.834393559E-1,-7.219876197E-2,1.773819189E2
2.581920211E2,2.282289384E-2,6.804603036E-4,1.583885634E-3,9.997380376E-1,1.773844619E2,1.832324577E-1,-7.381224743E-2,1.773843400E2
2.581970211E2,2.283667689E-2,6.713349721E-4,1.577210031E-3,9.997377396E-1,1.773828821E2,1.824448222E-1,-7.278177934E-2,1.773827624E2
2.582020211E2,2.284731856E-2,6.633047597E-4,1.577614341E-3,9.997375011E-1,1.773816623E2,1.824708887E-1,-7.185882540E-2,1.773815441E2
2.582070211E2,2.283909483E-2,6.691883900E-4,1.580887707E-3,9.997376800E-1,1.773826049E2,1.828607011E-1,-7.252579678E-2,1.773824853E2
2.582120211E2,2.283642332E-2,6.704949192E-4,1.581233693E-3,9.997377396E-1,1.773829111E2,1.829035636E-1,-7.267505799E-2,1.773827913E2
2.582170211E2,2.284459201E-2,6.661709049E-4,1.578119001E-3,9.997375607E-1,1.773819748E2,1.825360115E-1,-7.218635185E-2,1.773818560E2
2.582220211E2,2.283153947E-2,6.746478612E-4,1.574608847E-3,9.997378588E-1,1.773834709E2,1.821551204E-1,-7.316905242E-2,1.773833508E2
2.582270211E2,2.282578090E-2,6.790376501E-4,1.580511103E-3,9.997379780E-1,1.773841310E2,1.828423564E-1,-7.365756386E-2,1.773840096E2
2.582320211E2,2.283610802E-2,6.705690757E-4,1.585749444E-3,9.997377396E-1,1.773829473E2,1.834210676E-1,-7.267179367E-2,1.773828271E2
2.582370211E2,2.283101146E-2,6.746658473E-4,1.582238707E-3,9.997378588E-1,1.773835315E2,1.830292201E-1,-7.315124665E-2,1.773834108E2
2.582420211E2,2.282853230E-2,6.775152287E-4,1.579128089E-3,9.997379184E-1,1.773838156E2,1.826801353E-1,-7.348626776E-2,1.773836946E2
2.582470211E2,2.283340228E-2,6.737501244E-4,1.585785765E-3,9.997377992E-1,1.773832574E2,1.834333564E-1,-7.303662093E-2,1.773831366E2
2.582520211E2,2.282296232E-2,6.801165873E-4,1.583046280E-3,9.997380376E-1,1.773844541E2,1.831354056E-1,-7.377505349E-2,1.773843323E2
2.582570211E2,2.282356464E-2,6.792964996E-4,1.574692549E-3,9.997380376E-1,1.773843850E2,1.821762855E-1,-7.370284190E-2,1.773842640E2
2.582620211E2,2.283392441E-2,6.736494252E-4,1.578292693E-3,9.997377992E-1,1.773831976E2,1.825747105E-1,-7.304459598E-2,1.773830773E2
2.582670211E2,2.282223862E-2,6.808218895E-4,1.593144378E-3,9.997380376E-1,1.773845370E2,1.842940545E-1,-7.382957642E-2,1.773844144E2
2.582720211E2,2.282238008E-2,6.801703712E-4,1.591395354E-3,9.997380376E-1,1.773845208E2,1.840919893E-1,-7.375948573E-2,1.773843984E2
2.582770211E2,2.283580775E-2,6.721743848E-4,1.589389634E-3,9.997377396E-1,1.773829817E2,1.838422742E-1,-7.284622938E-2,1.773828609E2
2.582820211E2,2.283012259E-2,6.745264400E-4,1.595071750E-3,9.997378588E-1,1.773836333E2,1.844989681E-1,-7.310186402E-2,1.773835117E2
2.582870211E2,2.281933136E-2,6.821286515E-4,1.596822520E-3,9.997380972E-1,1.773848703E2,1.847186324E-1,-7.397019863E-2,1.773847471E2
2.582920211E2,2.283308802E-2,6.739519886E-4,1.590218744E-3,9.997377992E-1,1.773832934E2,1.839417122E-1,-7.304820511E-2,1.773831723E2
2.582970211E2,2.283306015E-2,6.724360283E-4,1.591260312E-3,9.997377992E-1,1.773832966E2,1.840570671E-1,-7.287181410E-2,1.773831757E2
2.583020211E2,2.282456612E-2,6.797534879E-4,1.597653958E-3,9.997379780E-1,1.773842702E2,1.848080578E-1,-7.369495420E-2,1.773841474E2
2.583070211E2,2.282179610E-2,6.801625132E-4,1.599751529E-3,9.997380376E-1,1.773845877E2,1.850492253E-1,-7.373683903E-2,1.773844647E2
2.583120211E2,2.283021630E-2,6.748855812E-4,1.593577908E-3,9.997378588E-1,1.773836226E2,1.843287773E-1,-7.314689881E-2,1.773835010E2
2.583170211E2,2.282190768E-2,6.806147285E-4,1.597966417E-3,9.997380376E-1,1.773845749E2,1.848459103E-1,-7.379329353E-2,1.773844520E2
2.583220211E2,2.282401635E-2,6.789910840E-4,1.605811296E-3,9.997379780E-1,1.773843332E2,1.857405433E-1,-7.358637757E-2,1.773842100E2
2.583270211E2,2.282408032E-2,6.792631466E-4,1.604786725E-3,9.997379780E-1,1.773843259E2,1.856238828E-1,-7.362021345E-2,1.773842027E2
2.583320211E2,2.282140940E-2,6.811968633E-4,1.604820020E-3,9.997380376E-1,1.773846321E2,1.856325581E-1,-7.384215194E-2,1.773845085E2
2.583370211E2,2.282378766E-2,6.784394500E-4,1.609291183E-3,9.997379780E-1,1.773843595E2,1.861377460E-1,-7.351412222E-2,1.773842361E2
2.583420211E2,2.282640897E-2,6.777337985E-4,1.609437750E-3,9.997379184E-1,1.773840590E2,1.861528837E-1,-7.343241023E-2,1.773839357E2
2.583470211E2,2.282424066E-2,6.797108799E-4,1.602314762E-3,9.997379780E-1,1.773843075E2,1.853418730E-1,-7.367794236E-2,1.773841844E2
2.583520211E2,2.282959456E-2,6.748007145E-4,1.602496137E-3,9.997378588E-1,1.773836939E2,1.853501991E-1,-7.311395907E-2,1.773835717E2
2.583570211E2,2.283437417E-2,6.722238031E-4,1.609833795E-3,9.997377396E-1,1.773831460E2,1.861844208E-1,-7.279865715E-2,1.773830238E2
2.583620211E2,2.282107463E-2,6.803770084E-4,1.609920175E-3,9.997380376E-1,1.773846704E2,1.862146727E-1,-7.373495214E-2,1.773845466E2
2.583670211E2,2.282189138E-2,6.815595552E-4,1.597796567E-3,9.997380376E-1,1.773845768E2,1.848289221E-1,-7.390198161E-2,1.773844537E2
2.583720211E2,2.283530114E-2,6.716278149E-4,1.596881775E-3,9.997377396E-1,1.773830398E2,1.846991207E-1,-7.276410078E-2,1.773829186E2
2.583770211E2,2.283212710E-2,6.735959905E-4,1.604105928E-3,9.997377992E-1,1.773834036E2,1.855316526E-1,-7.297126248E-2,1.773832815E2
2.583820211E2,2.282422845E-2,6.791703054E-4,1.602717908E-3,9.997379780E-1,1.773843089E2,1.853866433E-1,-7.361496109E-2,1.773841859E2
2.583870211E2,2.283298265E-2,6.732067559E-4,1.592046232E-3,9.997377992E-1,1.773833055E2,1.841491148E-1,-7.295806769E-2,1.773831844E2
2.583920211E2,2.283234913E-2,6.738411612E-4,1.600839430E-3,9.997377992E-1,1.773833781E2,1.851580942E-1,-7.300785527E-2,1.773832562E2
2.583970211E2,2.282944916E-2,6.761218538E-4,1.604009885E-3,9.997378588E-1,1.773837105E2,1.855270630E-1,-7.326137755E-2,1.773835880E2
2.584020211E2,2.283785878E-2,6.690514856E-4,1.598701929E-3,9.997376800E-1,1.773827466E2,1.849010838E-1,-7.246371640E-2,1.773826258E2
2.584070211E2,2.283570694E-2,6.706622662E-4,1.591475448E-3,9.997377396E-1,1.773829933E2,1.840772642E-1,-7.266755890E-2,1.773828726E2
2.584120211E2,2.283546756E-2,6.716779317E-4,1.594479079E-3,9.997377396E-1,1.773830207E2,1.844240066E-1,-7.277609905E-2,1.773828997E2
2.584170211E2,2.283537429E-2,6.715898053E-4,1.595851383E-3,9.997377396E-1,1.773830314E2,1.845809829E-1,-7.276242923E-2,1.773829103E2
2.584220211E2,2.283272903E-2,6.734231138E-4,1.595588168E-3,9.997377992E-1,1.773833346E2,1.845554334E-1,-7.297363300E-2,1.773832131E2
2.584270211E2,2.283294086E-2,6.739002420E-4,1.592352288E-3,9.997377992E-1,1.773833103E2,1.841859888E-1,-7.303672141E-2,1.773831890E2
2.584320211E2,2.283525957E-2,6.709678564E-4,1.597753377E-3,9.997377396E-1,1.773830445E2,1.847972428E-1,-7.268622175E-2,1.773829234E2
2.584370211E2,2.282965230E-2,6.750234752E-4,1.601579366E-3,9.997378588E-1,1.773836872E2,1.852457591E-1,-7.314186665E-2,1.773835651E2
2.584420211E2,2.282981615E-2,6.750932080E-4,1.599212643E-3,9.997378588E-1,1.773836685E2,1.849748172E-1,-7.315601687E-2,1.773835464E2
2.584470211E2,2.283773269E-2,6.690142909E-4,1.600517659E-3,9.997376800E-1,1.773827611E2,1.851089908E-1,-7.245472662E-2,1.773826401E2
2.584520211E2,2.283162185E-2,6.737132207E-4,1.611232292E-3,9.997377992E-1,1.773834615E2,1.863483322E-1,-7.296614064E-2,1.773833388E2
2.584570211E2,2.283176548E-2,6.742890109E-4,1.608954626E-3,9.997377992E-1,1.773834450E2,1.860889157E-1,-7.303803669E-2,1.773833224E2
2.584620211E2,2.283743116E-2,6.704616244E-4,1.604210353E-3,9.997376800E-1,1.773827956E2,1.855357991E-1,-7.261092705E-2,1.773826741E2
2.584670211E2,2.282626457E-2,6.782869459E-4,1.611251617E-3,9.997379184E-1,1.773840756E2,1.863621203E-1,-7.349106179E-2,1.773839520E2
2.584720211E2,2.282089332E-2,6.810710183E-4,1.612195279E-3,9.997380376E-1,1.773846912E2,1.864771149E-1,-7.380854292E-2,1.773845671E2
2.584770211E2,2.282659594E-2,6.781417178E-4,1.606611651E-3,9.997379184E-1,1.773840376E2,1.858302014E-1,-7.348649997E-2,1.773839144E2
2.584820211E2,2.282167138E-2,6.800378324E-4,1.601582742E-3,9.997380376E-1,1.773846020E2,1.852586772E-1,-7.371778932E-2,1.773844789E2
2.584870211E2,2.281867264E-2,6.830981583E-4,1.605796046E-3,9.997380972E-1,1.773849458E2,1.857491437E-1,-7.405792322E-2,1.773848217E2
2.584920211E2,2.282130504E-2,6.806152523E-4,1.606549835E-3,9.997380376E-1,1.773846440E2,1.858292002E-1,-7.377101713E-2,1.773845204E2
2.584970211E2,2.281375945E-2,6.857058615E-4,1.600267598E-3,9.997382164E-1,1.773855089E2,1.851222482E-1,-7.437203226E-2,1.773853848E2
2.585020211E2,2.280625881E-2,6.908372743E-4,1.593247522E-3,9.997383952E-1,1.773863686E2,1.843308688E-1,-7.497963134E-2,1.773862441E2
2.585070211E2,2.280833304E-2,6.903220201E-4,1.601159689E-3,9.997383356E-1,1.773861309E2,1.852361109E-1,-7.489953994E-2,1.773860058E2
2.585120211E2,2.280553869E-2,6.920724409E-4,1.602989621E-3,9.997383952E-1,1.773864512E2,1.854501173E-1,-7.509580630E-2,1.773863257E2
2.585170211E2,2.279808245E-2,6.981174811E-4,1.594888396E-3,9.997385740E-1,1.773873058E2,1.845372594E-1,-7.581088441E-2,1.773871798E2
2.585220211E2,2.280406631E-2,6.935527781E-4,1.586033031E-3,9.997384548E-1,1.773866200E2,1.835112951E-1,-7.530998163E-2,1.773864954E2
2.585270211E2,2.280103155E-2,6.949864328E-4,1.591456123E-3,9.997385144E-1,1.773869678E2,1.841360930E-1,-7.546061034E-2,1.773868426E2
2.585320211E2,2.280626999E-2,6.918169092E-4,1.592662302E-3,9.997383952E-1,1.773863674E2,1.842663862E-1,-7.509338734E-2,1.773862427E2
2.585370211E2,2.281731081E-2,6.835379754E-4,1.587750041E-3,9.997381568E-1,1.773851018E2,1.836828076E-1,-7.415574905E-2,1.773849791E2
2.585420211E2,2.281659326E-2,6.843697629E-4,1.597672468E-3,9.997381568E-1,1.773851841E2,1.848216620E-1,-7.422522746E-2,1.773850604E2
2.585470211E2,2.281362582E-2,6.865366595E-4,1.601815689E-3,9.997382164E-1,1.773855242E2,1.853017628E-1,-7.446318726E-2,1.773853998E2
2.585520211E2,2.281699835E-2,6.834243541E-4,1.592282788E-3,9.997381568E-1,1.773851377E2,1.842017676E-1,-7.413093776E-2,1.773850146E2
2.585570211E2,2.281929111E-2,6.822705036E-4,1.597336959E-3,9.997380972E-1,1.773848749E2,1.847779356E-1,-7.398511160E-2,1.773847516E2
2.585620211E2,2.282131930E-2,6.809939514E-4,1.606186735E-3,9.997380376E-1,1.773846424E2,1.857885944E-1,-7.381534844E-2,1.773845187E2
2.585670211E2,2.282383163E-2,6.800053525E-4,1.608006191E-3,9.997379780E-1,1.773843544E2,1.859946342E-1,-7.369686724E-2,1.773842308E2
2.585720211E2,2.282423062E-2,6.795512163E-4,1.602525474E-3,9.997379780E-1,1.773843087E2,1.853655942E-1,-7.365910177E-2,1.773841856E2
2.585770211E2,2.281645362E-2,6.837396650E-4,1.599934883E-3,9.997381568E-1,1.773852001E2,1.850791907E-1,-7.414715272E-2,1.773850764E2
2.585820211E2,2.282124583E-2,6.802939461E-4,1.607526676E-3,9.997380376E-1,1.773846508E2,1.859402642E-1,-7.373166410E-2,1.773845272E2
2.585870211E2,2.282139934E-2,6.814556546E-4,1.604853198E-3,9.997380376E-1,1.773846332E2,1.856370352E-1,-7.387171457E-2,1.773845096E2
2.585920211E2,2.282169692E-2,6.815466331E-4,1.600577147E-3,9.997380376E-1,1.773845991E2,1.851474225E-1,-7.389326513E-2,1.773844758E2
2.585970211E2,2.281919928E-2,6.819722475E-4,1.598775620E-3,9.997380972E-1,1.773848854E2,1.849419645E-1,-7.394719776E-2,1.773847621E2
2.586020211E2,2.282398161E-2,6.792009808E-4,1.606216305E-3,9.997379780E-1,1.773843372E2,1.857874884E-1,-7.360937081E-2,1.773842139E2
2.586070211E2,2.281881880E-2,6.822390133E-4,1.604083460E-3,9.997380972E-1,1.773849290E2,1.855507105E-1,-7.396394940E-2,1.773848053E2
2.586120211E2,2.282479829E-2,6.779862451E-4,1.595085952E-3,9.997379780E-1,1.773842436E2,1.845092563E-1,-7.349917019E-2,1.773841213E2
2.586170211E2,2.283235113E-2,6.740509416E-4,1.600722549E-3,9.997377992E-1,1.773833779E2,1.851452531E-1,-7.303219349E-2,1.773832560E2
2.586220211E2,2.282457296E-2,6.783622666E-4,1.598147443E-3,9.997379780E-1,1.773842695E2,1.848609536E-1,-7.353428166E-2,1.773841469E2
2.586270211E2,2.281403140E-2,6.862848531E-4,1.596137066E-3,9.997382164E-1,1.773854777E2,1.846505805E-1,-7.444911107E-2,1.773853538E2
2.586320211E2,2.282490129E-2,6.788370665E-4,1.593249151E-3,9.997379780E-1,1.773842318E2,1.843010621E-1,-7.360142707E-2,1.773841095E2
2.586370211E2,2.282723834E-2,6.775333313E-4,1.597716357E-3,9.997379184E-1,1.773839639E2,1.848095950E-1,-7.343995237E-2,1.773838416E2
2.586420211E2,2.282156019E-2,6.800880074E-4,1.603145036E-3,9.997380376E-1,1.773846148E2,1.854377796E-1,-7.371947221E-2,1.773844915E2
2.586470211E2,2.282199977E-2,6.804810837E-4,1.596707618E-3,9.997380376E-1,1.773845644E2,1.847013572E-1,-7.378125813E-2,1.773844415E2
2.586520211E2,2.282197251E-2,6.814700319E-4,1.596675487E-3,9.997380376E-1,1.773845675E2,1.847002609E-1,-7.389464266E-2,1.773844445E2
2.586570211E2,2.281653599E-2,6.841314025E-4,1.598592149E-3,9.997381568E-1,1.773851907E2,1.849263949E-1,-7.419552641E-2,1.773850670E2
2.586620211E2,2.281658831E-2,6.843559677E-4,1.597749069E-3,9.997381568E-1,1.773851847E2,1.848304011E-1,-7.422344769E-2,1.773850610E2
2.586670211E2,2.281405594E-2,6.857356057E-4,1.596022281E-3,9.997382164E-1,1.773854749E2,1.846359962E-1,-7.438648396E-2,1.773853511E2
2.586720211E2,2.282181680E-2,6.802128046E-4,1.599434880E-3,9.997380376E-1,1.773845854E2,1.850130823E-1,-7.374342480E-2,1.773844624E2
2.586770211E2,2.282445180E-2,6.788494647E-4,1.599670271E-3,9.997379780E-1,1.773842833E2,1.850366773E-1,-7.358613511E-2,1.773841606E2
2.586820211E2,2.282730039E-2,6.774360663E-4,1.596870832E-3,9.997379184E-1,1.773839568E2,1.847124802E-1,-7.343100991E-2,1.773838345E2
2.586870211E2,2.282204952E-2,6.799257244E-4,1.596232993E-3,9.997380376E-1,1.773845587E2,1.846455343E-1,-7.371886740E-2,1.773844360E2
2.586920211E2,2.283252739E-2,6.729171728E-4,1.598684117E-3,9.997377992E-1,1.773833577E2,1.849087725E-1,-7.290760817E-2,1.773832361E2
2.586970211E2,2.283274989E-2,6.737252115E-4,1.595162088E-3,9.997377992E-1,1.773833322E2,1.845074129E-1,-7.300935281E-2,1.773832107E2
2.587020211E2,2.282771780E-2,6.774142967E-4,1.590902102E-3,9.997379184E-1,1.773839090E2,1.840286648E-1,-7.344405296E-2,1.773837871E2
2.587070211E2,2.284096247E-2,6.682304083E-4,1.591964508E-3,9.997376204E-1,1.773823909E2,1.841273079E-1,-7.238671374E-2,1.773822706E2
2.587120211E2,2.284617711E-2,6.636272883E-4,1.593924593E-3,9.997375011E-1,1.773817932E2,1.843401839E-1,-7.185328121E-2,1.773816737E2
2.587170211E2,2.284593320E-2,6.648053532E-4,1.596926944E-3,9.997375011E-1,1.773818211E2,1.846872059E-1,-7.198042670E-2,1.773817012E2
2.587220211E2,2.284314062E-2,6.663153181E-4,1.598930336E-3,9.997375607E-1,1.773821412E2,1.849204701E-1,-7.214868209E-2,1.773820208E2
2.587270211E2,2.284881757E-2,6.625473616E-4,1.593910274E-3,9.997374415E-1,1.773814905E2,1.843359053E-1,-7.172911379E-2,1.773813712E2
2.587320211E2,2.284319147E-2,6.655763718E-4,1.598511590E-3,9.997375607E-1,1.773821354E2,1.848705669E-1,-7.206511405E-2,1.773820152E2
2.587370211E2,2.284086841E-2,6.675354671E-4,1.593604800E-3,9.997376204E-1,1.773824016E2,1.843133969E-1,-7.230282407E-2,1.773822814E2
2.587420211E2,2.283558697E-2,6.709333975E-4,1.593081863E-3,9.997377396E-1,1.773830070E2,1.842619990E-1,-7.269443840E-2,1.773828862E2
2.587470211E2,2.283548261E-2,6.721417885E-4,1.594068017E-3,9.997377396E-1,1.773830190E2,1.843781296E-1,-7.283031213E-2,1.773828979E2
2.587520211E2,2.284352758E-2,6.660475628E-4,1.593504217E-3,9.997375607E-1,1.773820968E2,1.842981708E-1,-7.213214055E-2,1.773819769E2
2.587570211E2,2.283298750E-2,6.729587913E-4,1.592081622E-3,9.997377992E-1,1.773833050E2,1.841525206E-1,-7.292956699E-2,1.773831839E2
2.587620211E2,2.283312593E-2,6.738299271E-4,1.589726075E-3,9.997377992E-1,1.773832891E2,1.838849544E-1,-7.303550371E-2,1.773831680E2
2.587670211E2,2.283835424E-2,6.701826351E-4,1.591132372E-3,9.997376800E-1,1.773826898E2,1.840368978E-1,-7.261302209E-2,1.773825693E2
2.587720211E2,2.284101083E-2,6.677756319E-4,1.591461361E-3,9.997376204E-1,1.773823853E2,1.840684795E-1,-7.233592194E-2,1.773822652E2
2.587770211E2,2.283034141E-2,6.744248094E-4,1.591979759E-3,9.997378588E-1,1.773836083E2,1.841444938E-1,-7.309827023E-2,1.773834869E2
2.587820211E2,2.283031983E-2,6.745762075E-4,1.592225162E-3,9.997378588E-1,1.773836107E2,1.841730023E-1,-7.311497656E-2,1.773834893E2
2.587870211E2,2.283532610E-2,6.710201269E-4,1.596780377E-3,9.997377396E-1,1.773830369E2,1.846859158E-1,-7.269474384E-2,1.773829158E2
2.587920211E2,2.282963514E-2,6.755590439E-4,1.601598226E-3,9.997378588E-1,1.773836892E2,1.852493197E-1,-7.320317607E-2,1.773835669E2
2.587970211E2,2.283517749E-2,6.720591919E-4,1.598467701E-3,9.997377396E-1,1.773830539E2,1.848819273E-1,-7.280939272E-2,1.773829325E2
2.588020211E2,2.284287158E-2,6.660537911E-4,1.602877979E-3,9.997375607E-1,1.773821720E2,1.853720155E-1,-7.210843707E-2,1.773820514E2
2.588070211E2,2.283955422E-2,6.691095186E-4,1.611677697E-3,9.997376204E-1,1.773825523E2,1.863878870E-1,-7.243608912E-2,1.773824305E2
2.588120211E2,2.283178135E-2,6.743010599E-4,1.608724357E-3,9.997377992E-1,1.773834432E2,1.860625682E-1,-7.304001658E-2,1.773833206E2
2.588170211E2,2.283445149E-2,6.724284030E-4,1.608651248E-3,9.997377396E-1,1.773831372E2,1.860494871E-1,-7.282517648E-2,1.773830149E2
2.588220211E2,2.283154220E-2,6.733621703E-4,1.612507273E-3,9.997377992E-1,1.773834706E2,1.864934721E-1,-7.292260271E-2,1.773833480E2
2.588270211E2,2.283120833E-2,6.744732382E-4,1.616764581E-3,9.997377992E-1,1.773835089E2,1.869840803E-1,-7.303881187E-2,1.773833857E2
2.588320211E2,2.282903853E-2,6.757316296E-4,1.610007486E-3,9.997378588E-1,1.773837576E2,1.862131086E-1,-7.320105849E-2,1.773836347E2
2.588370211E2,2.282109776E-2,6.808685139E-4,1.609384432E-3,9.997380376E-1,1.773846678E2,1.861545842E-1,-7.379265657E-2,1.773845439E2
2.588420211E2,2.282109961E-2,6.805273588E-4,1.609502477E-3,9.997380376E-1,1.773846676E2,1.861672155E-1,-7.375326425E-2,1.773845438E2
2.588470211E2,2.282895494E-2,6.758297095E-4,1.611151150E-3,9.997378588E-1,1.773837672E2,1.863443794E-1,-7.320931827E-2,1.773836441E2
2.588520211E2,2.282405304E-2,6.799140829E-4,1.604899066E-3,9.997379780E-1,1.773843290E2,1.856384535E-1,-7.369449697E-2,1.773842057E2
2.588570211E2,2.282395076E-2,6.791825872E-4,1.606662408E-3,9.997379780E-1,1.773843408E2,1.858385445E-1,-7.360610253E-2,1.773842174E2
2.588620211E2,2.282086453E-2,6.806681631E-4,1.612772816E-3,9.997380376E-1,1.773846945E2,1.865422228E-1,-7.376088618E-2,1.773845704E2
2.588670211E2,2.281790051E-2,6.824208540E-4,1.617016736E-3,9.997380972E-1,1.773850343E2,1.870327794E-1,-7.395113300E-2,1.773849095E2
2.588720211E2,2.281011892E-2,6.878934219E-4,1.613929518E-3,9.997382760E-1,1.773859262E2,1.866928325E-1,-7.458760489E-2,1.773858007E2
2.588770211E2,2.281791021E-2,6.824112497E-4,1.616884023E-3,9.997380972E-1,1.773850331E2,1.870175511E-1,-7.395037793E-2,1.773849084E2
2.588820211E2,2.282833161E-2,6.761155091E-4,1.619839808E-3,9.997378588E-1,1.773838386E2,1.873404707E-1,-7.321944605E-2,1.773837149E2
2.588870211E2,2.281792902E-2,6.837586989E-4,1.616048976E-3,9.997380972E-1,1.773850310E2,1.869254116E-1,-7.410692387E-2,1.773849061E2
2.588920211E2,2.282066310E-2,6.812569336E-4,1.615372370E-3,9.997380376E-1,1.773847176E2,1.868415578E-1,-7.382157593E-2,1.773845932E2
2.588970211E2,2.282850542E-2,6.756928633E-4,1.617565169E-3,9.997378588E-1,1.773838187E2,1.870787907E-1,-7.317694515E-2,1.773836952E2
2.589020211E2,2.282589650E-2,6.768684252E-4,1.617052127E-3,9.997379184E-1,1.773841177E2,1.870228999E-1,-7.331344958E-2,1.773839941E2
2.589070211E2,2.282873397E-2,6.759914104E-4,1.614211360E-3,9.997378588E-1,1.773837925E2,1.866953697E-1,-7.321987833E-2,1.773836692E2
2.589120211E2,2.284245564E-2,6.656904006E-4,1.608945080E-3,9.997375607E-1,1.773822197E2,1.860660926E-1,-7.205100192E-2,1.773820988E2
2.589170211E2,2.284732555E-2,6.620437489E-4,1.615362708E-3,9.997374415E-1,1.773816615E2,1.867921103E-1,-7.161552676E-2,1.773815408E2
2.589220211E2,2.283902114E-2,6.678730133E-4,1.619724790E-3,9.997376204E-1,1.773826134E2,1.873065019E-1,-7.227347102E-2,1.773824912E2
2.589270211E2,2.283934464E-2,6.679441431E-4,1.615127432E-3,9.997376204E-1,1.773825763E2,1.867800296E-1,-7.229359191E-2,1.773824545E2
2.589320211E2,2.284411330E-2,6.655728212E-4,1.622438198E-3,9.997375011E-1,1.773820297E2,1.876117010E-1,-7.200190012E-2,1.773819078E2
2.589370211E2,2.284371743E-2,6.658749189E-4,1.627878984E-3,9.997375011E-1,1.773820751E2,1.882357701E-1,-7.202234017E-2,1.773819527E2
2.589420211E2,2.283862184E-2,6.687400164E-4,1.624988858E-3,9.997376204E-1,1.773826591E2,1.879118040E-1,-7.235909371E-2,1.773825364E2
2.589470211E2,2.283856925E-2,6.691995077E-4,1.625538687E-3,9.997376204E-1,1.773826652E2,1.879759924E-1,-7.241030458E-2,1.773825423E2
2.589520211E2,2.283594115E-2,6.703336840E-4,1.625335659E-3,9.997376800E-1,1.773829664E2,1.879555111E-1,-7.254126302E-2,1.773828434E2
2.589570211E2,2.284102175E-2,6.673606695E-4,1.628490980E-3,9.997375607E-1,1.773823841E2,1.883095766E-1,-7.219145567E-2,1.773822614E2
2.589620211E2,2.284910671E-2,6.608908880E-4,1.627484919E-3,9.997373819E-1,1.773814574E2,1.881779619E-1,-7.145137920E-2,1.773813360E2
2.589670211E2,2.284389972E-2,6.653854507E-4,1.625519362E-3,9.997375011E-1,1.773820542E2,1.879641791E-1,-7.197240875E-2,1.773819321E2
2.589720211E2,2.284400218E-2,6.653329474E-4,1.624100376E-3,9.997375011E-1,1.773820424E2,1.878014872E-1,-7.197008933E-2,1.773819205E2
2.589770211E2,2.284389987E-2,6.657669437E-4,1.625361037E-3,9.997375011E-1,1.773820542E2,1.879470399E-1,-7.201652761E-2,1.773819320E2
2.589820211E2,2.284087117E-2,6.679125945E-4,1.630375627E-3,9.997375607E-1,1.773824013E2,1.885269193E-1,-7.224978035E-2,1.773822784E2
2.589870211E2,2.284389097E-2,6.649940042E-4,1.625802484E-3,9.997375011E-1,1.773820552E2,1.879955886E-1,-7.192682452E-2,1.773819332E2
2.589920211E2,2.284904005E-2,6.621299544E-4,1.627917169E-3,9.997373819E-1,1.773814650E2,1.882307212E-1,-7.159220925E-2,1.773813434E2
2.589970211E2,2.283824312E-2,6.696373457E-4,1.629934530E-3,9.997376204E-1,1.773827026E2,1.884807108E-1,-7.244902052E-2,1.773825793E2
2.590020211E2,2.283603707E-2,6.700900849E-4,1.624087919E-3,9.997376800E-1,1.773829554E2,1.878119371E-1,-7.251660317E-2,1.773828325E2
2.590070211E2,2.284682917E-2,6.637306651E-4,1.621678704E-3,9.997374415E-1,1.773817184E2,1.875200641E-1,-7.179233877E-2,1.773815969E2
2.590120211E2,2.284666311E-2,6.634180318E-4,1.624144264E-3,9.997374415E-1,1.773817374E2,1.878016927E-1,-7.175009894E-2,1.773816158E2
2.590170211E2,2.284665887E-2,6.639078492E-4,1.624003751E-3,9.997374415E-1,1.773817379E2,1.877868775E-1,-7.180658185E-2,1.773816162E2
2.590220211E2,2.284974125E-2,6.605946692E-4,1.618672628E-3,9.997373819E-1,1.773813846E2,1.871676791E-1,-7.144039959E-2,1.773812639E2
2.590270211E2,2.285538899E-2,6.578490138E-4,1.613674802E-3,9.997372627E-1,1.773807373E2,1.865883306E-1,-7.113788597E-2,1.773806175E2
2.590320211E2,2.285252568E-2,6.598099717E-4,1.616496360E-3,9.997373223E-1,1.773810655E2,1.869165057E-1,-7.135568146E-2,1.773809451E2
2.590370211E2,2.285266677E-2,6.584558869E-4,1.615053159E-3,9.997373223E-1,1.773810493E2,1.867476335E-1,-7.120430862E-2,1.773809293E2
2.590420211E2,2.285045648E-2,6.601866335E-4,1.608711900E-3,9.997373819E-1,1.773813026E2,1.860255423E-1,-7.141960360E-2,1.773811827E2
2.590470211E2,2.284245430E-2,6.663232925E-4,1.608702005E-3,9.997375607E-1,1.773822199E2,1.860399022E-1,-7.212414352E-2,1.773820988E2
2.590520211E2,2.284747219E-2,6.619852502E-4,1.613311353E-3,9.997374415E-1,1.773816447E2,1.865569606E-1,-7.161416863E-2,1.773815241E2
2.590570211E2,2.284505531E-2,6.640915526E-4,1.609731582E-3,9.997375011E-1,1.773819217E2,1.861521970E-1,-7.186529258E-2,1.773818010E2
2.590620211E2,2.284772594E-2,6.630049902E-4,1.609294093E-3,9.997374415E-1,1.773816156E2,1.860994242E-1,-7.174146255E-2,1.773814951E2
2.590670211E2,2.285003821E-2,6.613365258E-4,1.614171430E-3,9.997373819E-1,1.773813506E2,1.866539775E-1,-7.153711880E-2,1.773812301E2
2.590720211E2,2.284790519E-2,6.621035282E-4,1.607118873E-3,9.997374415E-1,1.773815951E2,1.858478793E-1,-7.164385171E-2,1.773814749E2
2.590770211E2,2.284540203E-2,6.645298563E-4,1.604621997E-3,9.997375011E-1,1.773818820E2,1.855680059E-1,-7.192881773E-2,1.773817616E2
2.590820211E2,2.284788125E-2,6.626471295E-4,1.607235055E-3,9.997374415E-1,1.773815978E2,1.858626111E-1,-7.170582775E-2,1.773814776E2
2.590870211E2,2.285534438E-2,6.565891090E-4,1.614819281E-3,9.997372627E-1,1.773807424E2,1.867161409E-1,-7.099056016E-2,1.773806227E2
2.590920211E2,2.284790683E-2,6.629995769E-4,1.606725971E-3,9.997374415E-1,1.773815949E2,1.858052142E-1,-7.174753283E-2,1.773814746E2
2.590970211E2,2.285605687E-2,6.563737406E-4,1.604791381E-3,9.997372627E-1,1.773806607E2,1.855668128E-1,-7.099201959E-2,1.773805418E2
2.591020211E2,2.287142058E-2,6.461458979E-4,1.612824039E-3,9.997369051E-1,1.773788997E2,1.864613299E-1,-6.979639782E-2,1.773787822E2
2.591070211E2,2.284739088E-2,6.634671590E-4,1.613853965E-3,9.997374415E-1,1.773816540E2,1.866229977E-1,-7.178253283E-2,1.773815331E2
2.591120211E2,2.285062110E-2,6.610854762E-4,1.606002101E-3,9.997373819E-1,1.773812838E2,1.857174683E-1,-7.152964166E-2,1.773811639E2
2.591170211E2,2.287181154E-2,6.468550419E-4,1.606984879E-3,9.997369051E-1,1.773788549E2,1.857942714E-1,-6.989287011E-2,1.773787376E2
2.591220211E2,2.286124458E-2,6.540047470E-4,1.606128062E-3,9.997371435E-1,1.773800661E2,1.857141068E-1,-7.071615939E-2,1.773799475E2
2.591270211E2,2.285074188E-2,6.612403085E-4,1.604218851E-3,9.997373819E-1,1.773812699E2,1.855135900E-1,-7.155202671E-2,1.773811502E2
2.591320211E2,2.285619351E-2,6.566353841E-4,1.602736884E-3,9.997372627E-1,1.773806451E2,1.853321408E-1,-7.102734973E-2,1.773805263E2
2.591370211E2,2.285886141E-2,6.547210505E-4,1.602651202E-3,9.997372031E-1,1.773803393E2,1.853174994E-1,-7.080777071E-2,1.773802208E2
2.591420211E2,2.285064872E-2,6.612899597E-4,1.605524914E-3,9.997373819E-1,1.773812806E2,1.856633384E-1,-7.155431203E-2,1.773811607E2
2.591470211E2,2.285580674E-2,6.569488323E-4,1.608115039E-3,9.997372627E-1,1.773806894E2,1.859490657E-1,-7.104924404E-2,1.773805701E2
2.591520211E2,2.286658339E-2,6.496059359E-4,1.606115024E-3,9.997370243E-1,1.773794542E2,1.857014629E-1,-7.021126757E-2,1.773793364E2
2.591570211E2,2.285319772E-2,6.581920316E-4,1.607630751E-3,9.997373223E-1,1.773809884E2,1.858966555E-1,-7.119342038E-2,1.773808690E2
2.591620211E2,2.286079800E-2,6.531763938E-4,1.612807740E-3,9.997371435E-1,1.773801173E2,1.864771411E-1,-7.060384571E-2,1.773799984E2
2.591670211E2,2.286577432E-2,6.509803352E-4,1.617040019E-3,9.997370243E-1,1.773795469E2,1.869565951E-1,-7.034024377E-2,1.773794281E2
2.591720211E2,2.285555766E-2,6.570051773E-4,1.611628220E-3,9.997372627E-1,1.773807179E2,1.863516721E-1,-7.104654369E-2,1.773805984E2
2.591770211E2,2.286650192E-2,6.491841050E-4,1.607444952E-3,9.997370243E-1,1.773794635E2,1.858527107E-1,-7.015947215E-2,1.773793458E2
2.591820211E2,2.287662454E-2,6.422321894E-4,1.614474691E-3,9.997367859E-1,1.773783032E2,1.866405339E-1,-6.934273983E-2,1.773781863E2
2.591870211E2,2.286896648E-2,6.489391671E-4,1.609551953E-3,9.997369647E-1,1.773791810E2,1.860936235E-1,-7.012543171E-2,1.773790632E2
2.591920211E2,2.286115629E-2,6.539041642E-4,1.607425278E-3,9.997371435E-1,1.773800762E2,1.858624485E-1,-7.070125441E-2,1.773799576E2
2.591970211E2,2.287145457E-2,6.471342640E-4,1.611945452E-3,9.997369051E-1,1.773788958E2,1.863632705E-1,-6.991192290E-2,1.773787782E2
2.592020211E2,2.285257292E-2,6.586377858E-4,1.616306487E-3,9.997373223E-1,1.773810601E2,1.868916867E-1,-7.122188251E-2,1.773809399E2
2.592070211E2,2.284231494E-2,6.659608916E-4,1.610829495E-3,9.997375607E-1,1.773822358E2,1.862826727E-1,-7.207708321E-2,1.773821147E2
2.592120211E2,2.286087745E-2,6.542824558E-4,1.611232408E-3,9.997371435E-1,1.773801082E2,1.862995716E-1,-7.073467002E-2,1.773799892E2
2.592170211E2,2.286350753E-2,6.510514067E-4,1.612205524E-3,9.997370839E-1,1.773798067E2,1.864027733E-1,-7.036147653E-2,1.773796883E2
2.592220211E2,2.286050117E-2,6.545322249E-4,1.616461319E-3,9.997371435E-1,1.773801513E2,1.868992330E-1,-7.074965565E-2,1.773800319E2
2.592270211E2,2.286344591E-2,6.520047900E-4,1.612694119E-3,9.997370839E-1,1.773798138E2,1.864612414E-1,-7.046942886E-2,1.773796951E2
2.592320211E2,2.286850878E-2,6.484709447E-4,1.616229885E-3,9.997369647E-1,1.773792335E2,1.868574002E-1,-7.005437608E-2,1.773791153E2
2.592370211E2,2.286542152E-2,6.511306274E-4,1.621960779E-3,9.997370243E-1,1.773795873E2,1.875206952E-1,-7.034463354E-2,1.773794682E2
2.592420211E2,2.286303892E-2,6.518495502E-4,1.618516282E-3,9.997370839E-1,1.773798604E2,1.871278035E-1,-7.043646599E-2,1.773797414E2
2.592470211E2,2.286840843E-2,6.484200130E-4,1.617669477E-3,9.997369647E-1,1.773792450E2,1.870221819E-1,-7.004478736E-2,1.773791267E2
2.592520211E2,2.287102004E-2,6.468982319E-4,1.618193462E-3,9.997369051E-1,1.773789456E2,1.870784047E-1,-6.986858802E-2,1.773788276E2
2.592570211E2,2.286031792E-2,6.535525899E-4,1.619446441E-3,9.997371435E-1,1.773801723E2,1.872386344E-1,-7.062964129E-2,1.773800529E2
2.592620211E2,2.285741393E-2,6.553831045E-4,1.622897689E-3,9.997372031E-1,1.773805052E2,1.876386058E-1,-7.083085146E-2,1.773803852E2
2.592670211E2,2.285701612E-2,6.559655303E-4,1.628256403E-3,9.997372031E-1,1.773805508E2,1.882540074E-1,-7.088361338E-2,1.773804303E2
2.592720211E2,2.286775063E-2,6.491902168E-4,1.626634621E-3,9.997369647E-1,1.773793204E2,1.880512175E-1,-7.010965226E-2,1.773792013E2
2.592770211E2,2.286786135E-2,6.478177384E-4,1.625624951E-3,9.997369647E-1,1.773793077E2,1.879319586E-1,-6.995504423E-2,1.773791889E2
2.592820211E2,2.286293251E-2,6.514928536E-4,1.620162162E-3,9.997370839E-1,1.773798726E2,1.873154164E-1,-7.039130999E-2,1.773797536E2
2.592870211E2,2.286295772E-2,6.524912897E-4,1.619404415E-3,9.997370839E-1,1.773798697E2,1.872312254E-1,-7.050767288E-2,1.773797505E2
2.592920211E2,2.287047768E-2,6.463854224E-4,1.626044861E-3,9.997369051E-1,1.773790078E2,1.879764930E-1,-6.978936369E-2,1.773788893E2
2.592970211E2,2.286544020E-2,6.496868446E-4,1.622276381E-3,9.997370243E-1,1.773795852E2,1.875530690E-1,-7.017840119E-2,1.773794663E2
2.593020211E2,2.286005537E-2,6.548402016E-4,1.622629468E-3,9.997371435E-1,1.773802024E2,1.876066427E-1,-7.076886260E-2,1.773800825E2
2.593070211E2,2.286004605E-2,6.543191848E-4,1.622970798E-3,9.997371435E-1,1.773802035E2,1.876443804E-1,-7.070828172E-2,1.773800837E2
2.593120211E2,2.286232738E-2,6.531496765E-4,1.628015190E-3,9.997370839E-1,1.773799420E2,1.882193722E-1,-7.056065686E-2,1.773798221E2
2.593170211E2,2.285696342E-2,6.562473136E-4,1.628882485E-3,9.997372031E-1,1.773805568E2,1.883264669E-1,-7.091426489E-2,1.773804362E2
2.593220211E2,2.285437614E-2,6.583685172E-4,1.627746737E-3,9.997372627E-1,1.773808534E2,1.882017260E-1,-7.116073509E-2,1.773807325E2
2.593270211E2,2.285981477E-2,6.549123791E-4,1.625986421E-3,9.997371435E-1,1.773802300E2,1.879913934E-1,-7.076838242E-2,1.773801099E2
2.593320211E2,2.285962323E-2,6.545955548E-4,1.628804370E-3,9.997371435E-1,1.773802519E2,1.883133792E-1,-7.072474055E-2,1.773801317E2
2.593370211E2,2.285423725E-2,6.569945836E-4,1.630250132E-3,9.997372627E-1,1.773808693E2,1.884849110E-1,-7.099680489E-2,1.773807485E2
2.593420211E2,2.285186776E-2,6.587014650E-4,1.626220066E-3,9.997373223E-1,1.773811409E2,1.880275213E-1,-7.120334827E-2,1.773810200E2
2.593470211E2,2.285164939E-2,6.594508304E-4,1.628982602E-3,9.997373223E-1,1.773811659E2,1.883459495E-1,-7.128200343E-2,1.773810447E2
2.593520211E2,2.285680980E-2,6.566626253E-4,1.630869461E-3,9.997372031E-1,1.773805744E2,1.885551757E-1,-7.095666802E-2,1.773804536E2
2.593570211E2,2.285175800E-2,6.594768493E-4,1.627447666E-3,9.997373223E-1,1.773811535E2,1.881701803E-1,-7.128898332E-2,1.773810324E2
2.593620211E2,2.285440083E-2,6.572593702E-4,1.627848367E-3,9.997372627E-1,1.773808505E2,1.882104656E-1,-7.103339873E-2,1.773807298E2
2.593670211E2,2.284872858E-2,6.612738944E-4,1.632630010E-3,9.997373819E-1,1.773815007E2,1.887683691E-1,-7.148185628E-2,1.773813789E2
2.593720211E2,2.284892554E-2,6.610397249E-4,1.629966195E-3,9.997373819E-1,1.773814781E2,1.884625983E-1,-7.146196727E-2,1.773813565E2
2.593770211E2,2.284155209E-2,6.668652059E-4,1.621239120E-3,9.997375607E-1,1.773823233E2,1.874775312E-1,-7.215357700E-2,1.773822012E2
2.593820211E2,2.284431953E-2,6.657145568E-4,1.619473682E-3,9.997375011E-1,1.773820061E2,1.872724665E-1,-7.202585966E-2,1.773818843E2
2.593870211E2,2.284943183E-2,6.607203977E-4,1.622983371E-3,9.997373819E-1,1.773814201E2,1.876618330E-1,-7.144357359E-2,1.773812991E2
2.593920211E2,2.284453455E-2,6.641515647E-4,1.617080532E-3,9.997375011E-1,1.773819814E2,1.869942261E-1,-7.185302570E-2,1.773818602E2
2.593970211E2,2.283980820E-2,6.690782029E-4,1.608087448E-3,9.997376204E-1,1.773825232E2,1.859765178E-1,-7.244185121E-2,1.773824016E2
2.594020211E2,2.284268337E-2,6.655847537E-4,1.605752506E-3,9.997375607E-1,1.773821936E2,1.857000852E-1,-7.204721368E-2,1.773820729E2
2.594070211E2,2.285321106E-2,6.591597339E-4,1.607044484E-3,9.997373223E-1,1.773809869E2,1.858320271E-1,-7.130581471E-2,1.773808673E2
2.594120211E2,2.284167863E-2,6.659765495E-4,1.619820949E-3,9.997375607E-1,1.773823088E2,1.873127456E-1,-7.205545963E-2,1.773821870E2
2.594170211E2,2.284223131E-2,6.656920887E-4,1.612126012E-3,9.997375607E-1,1.773822454E2,1.864304944E-1,-7.204291048E-2,1.773821242E2
2.594220211E2,2.285873724E-2,6.552078412E-4,1.604222576E-3,9.997372031E-1,1.773803535E2,1.854987853E-1,-7.085944491E-2,1.773802349E2
2.594270211E2,2.285548873E-2,6.579200272E-4,1.612232532E-3,9.997372627E-1,1.773807258E2,1.864232947E-1,-7.114978030E-2,1.773806061E2
2.594320211E2,2.285033303E-2,6.605823291E-4,1.610302133E-3,9.997373819E-1,1.773813168E2,1.862087498E-1,-7.146079391E-2,1.773811967E2
2.594370211E2,2.285363645E-2,6.588902907E-4,1.601094613E-3,9.997373223E-1,1.773809382E2,1.851497236E-1,-7.129045027E-2,1.773808190E2
2.594420211E2,2.285352134E-2,6.581514026E-4,1.603040379E-3,9.997373223E-1,1.773809513E2,1.853706906E-1,-7.120072761E-2,1.773808322E2
2.594470211E2,2.285620470E-2,6.577005261E-4,1.602140488E-3,9.997372627E-1,1.773806438E2,1.852666076E-1,-7.115093402E-2,1.773805248E2
2.594520211E2,2.285911409E-2,6.549173268E-4,1.598962699E-3,9.997372031E-1,1.773803103E2,1.848954698E-1,-7.083987191E-2,1.773801921E2
2.594570211E2,2.286221338E-2,6.525471108E-4,1.592876390E-3,9.997371435E-1,1.773799551E2,1.841922204E-1,-7.058370903E-2,1.773798377E2
2.594620211E2,2.285923246E-2,6.547080120E-4,1.597355353E-3,9.997372031E-1,1.773802967E2,1.847107893E-1,-7.082008121E-2,1.773801787E2
2.594670211E2,2.286921887E-2,6.477501593E-4,1.606441801E-3,9.997369647E-1,1.773791521E2,1.857342203E-1,-6.999732116E-2,1.773790347E2
2.594720211E2,2.286662277E-2,6.503838813E-4,1.605239231E-3,9.997370243E-1,1.773794496E2,1.856031720E-1,-7.030267778E-2,1.773793318E2
2.594770211E2,2.285615229E-2,6.569397519E-4,1.603199984E-3,9.997372627E-1,1.773806498E2,1.853859888E-1,-7.106101323E-2,1.773805309E2
2.594820211E2,2.286344972E-2,6.523514749E-4,1.612499822E-3,9.997370839E-1,1.773798133E2,1.864398911E-1,-7.050965394E-2,1.773796947E2
2.594870211E2,2.285790250E-2,6.553243729E-4,1.616025576E-3,9.997372031E-1,1.773804492E2,1.868512048E-1,-7.084203252E-2,1.773803297E2
2.594920211E2,2.285047533E-2,6.603862275E-4,1.608362072E-3,9.997373819E-1,1.773813005E2,1.859859894E-1,-7.144338195E-2,1.773811806E2
2.594970211E2,2.285817206E-2,6.557788001E-4,1.612023450E-3,9.997372031E-1,1.773804183E2,1.863939235E-1,-7.090452547E-2,1.773802990E2
2.595020211E2,2.284974129E-2,6.603912916E-4,1.618755050E-3,9.997373819E-1,1.773813846E2,1.871765890E-1,-7.141688452E-2,1.773812640E2
2.595070211E2,2.284495876E-2,6.643598317E-4,1.610990614E-3,9.997375011E-1,1.773819328E2,1.862971294E-1,-7.189274892E-2,1.773818119E2
2.595120211E2,2.284510414E-2,6.646921393E-4,1.608790481E-3,9.997375011E-1,1.773819161E2,1.860459586E-1,-7.193655140E-2,1.773817954E2
2.595170211E2,2.285268770E-2,6.595730665E-4,1.614301000E-3,9.997373223E-1,1.773810469E2,1.866643922E-1,-7.133426027E-2,1.773809267E2
2.595220211E2,2.284478647E-2,6.645058165E-4,1.613371773E-3,9.997375011E-1,1.773819525E2,1.865702893E-1,-7.190327153E-2,1.773818315E2
2.595270211E2,2.283752016E-2,6.698703510E-4,1.603189972E-3,9.997376800E-1,1.773827854E2,1.854173613E-1,-7.254584379E-2,1.773826641E2
2.595320211E2,2.284257551E-2,6.662657252E-4,1.607003855E-3,9.997375607E-1,1.773822060E2,1.858452170E-1,-7.212197119E-2,1.773820850E2
2.595370211E2,2.284505969E-2,6.652784650E-4,1.609179191E-3,9.997375011E-1,1.773819212E2,1.860920219E-1,-7.200271240E-2,1.773818003E2
2.595420211E2,2.284273017E-2,6.666575209E-4,1.604641322E-3,9.997375607E-1,1.773821882E2,1.855755977E-1,-7.217301159E-2,1.773820674E2
2.595470211E2,2.284047749E-2,6.688659778E-4,1.598641858E-3,9.997376204E-1,1.773824465E2,1.848939063E-1,-7.244213724E-2,1.773823256E2
2.595520211E2,2.284555164E-2,6.650058785E-4,1.602293109E-3,9.997375011E-1,1.773818648E2,1.853024612E-1,-7.198942089E-2,1.773817445E2
2.595570211E2,2.284819245E-2,6.618300104E-4,1.603142591E-3,9.997374415E-1,1.773815622E2,1.853916534E-1,-7.162287493E-2,1.773814423E2
2.595620211E2,2.284041620E-2,6.673999014E-4,1.600129646E-3,9.997376204E-1,1.773824535E2,1.850605079E-1,-7.227029842E-2,1.773823328E2
2.595670211E2,2.284081558E-2,6.670595612E-4,1.594560919E-3,9.997376204E-1,1.773824077E2,1.844216820E-1,-7.224581068E-2,1.773822875E2
2.595720211E2,2.285160540E-2,6.599405315E-4,1.592410379E-3,9.997373819E-1,1.773811710E2,1.841574475E-1,-7.143388519E-2,1.773810523E2
2.595770211E2,2.285157002E-2,6.606605602E-4,1.592619461E-3,9.997373819E-1,1.773811750E2,1.841832835E-1,-7.151583176E-2,1.773810562E2
2.595820211E2,2.284120697E-2,6.676795310E-4,1.588684274E-3,9.997376204E-1,1.773823628E2,1.837500937E-1,-7.233214548E-2,1.773822430E2
2.595870211E2,2.284636388E-2,6.640819483E-4,1.591055654E-3,9.997375011E-1,1.773817717E2,1.840127168E-1,-7.191284455E-2,1.773816524E2
2.595920211E2,2.285129101E-2,6.598184700E-4,1.596965943E-3,9.997373819E-1,1.773812070E2,1.846789992E-1,-7.140802996E-2,1.773810880E2
2.595970211E2,2.284337697E-2,6.666589761E-4,1.595406444E-3,9.997375607E-1,1.773821141E2,1.845176833E-1,-7.219723314E-2,1.773819939E2
2.596020211E2,2.284081037E-2,6.673500175E-4,1.594514120E-3,9.997376204E-1,1.773824083E2,1.844170806E-1,-7.227920925E-2,1.773822881E2
2.596070211E2,2.284589499E-2,6.646953407E-4,1.597519265E-3,9.997375011E-1,1.773818255E2,1.847547725E-1,-7.196627982E-2,1.773817055E2
2.596120211E2,2.284022077E-2,6.675727782E-4,1.602844801E-3,9.997376204E-1,1.773824759E2,1.853719995E-1,-7.228303292E-2,1.773823550E2
2.596170211E2,2.283222974E-2,6.739349919E-4,1.602501841E-3,9.997377992E-1,1.773833918E2,1.853487799E-1,-7.301427707E-2,1.773832698E2
2.596220211E2,2.283489421E-2,6.710457383E-4,1.602934091E-3,9.997377396E-1,1.773830864E2,1.853909326E-1,-7.268165459E-2,1.773829649E2
2.596270211E2,2.283167783E-2,6.745349965E-4,1.610094914E-3,9.997377992E-1,1.773834551E2,1.862201865E-1,-7.306325000E-2,1.773833324E2
2.596320211E2,2.281831844E-2,6.831025239E-4,1.610819600E-3,9.997380972E-1,1.773849864E2,1.863246369E-1,-7.404535299E-2,1.773848620E2
2.596370211E2,2.281580372E-2,6.851982325E-4,1.608555554E-3,9.997381568E-1,1.773852746E2,1.860705573E-1,-7.429182902E-2,1.773851500E2
2.596420211E2,2.283192536E-2,6.729343440E-4,1.607252052E-3,9.997377992E-1,1.773834267E2,1.858903325E-1,-7.288726892E-2,1.773833045E2
2.596470211E2,2.283699772E-2,6.708890432E-4,1.610190840E-3,9.997376800E-1,1.773828453E2,1.862220223E-1,-7.264432200E-2,1.773827233E2
2.596520211E2,2.283416133E-2,6.723089609E-4,1.612814493E-3,9.997377396E-1,1.773831704E2,1.865261026E-1,-7.280065292E-2,1.773830479E2
2.596570211E2,2.283396867E-2,6.728896988E-4,1.615298097E-3,9.997377396E-1,1.773831925E2,1.868121348E-1,-7.286072023E-2,1.773830697E2
2.596620211E2,2.284176922E-2,6.664051325E-4,1.618366688E-3,9.997375607E-1,1.773822984E2,1.871472713E-1,-7.210834845E-2,1.773821766E2
2.596670211E2,2.284716761E-2,6.622460787E-4,1.617512200E-3,9.997374415E-1,1.773816796E2,1.870388786E-1,-7.163310764E-2,1.773815587E2
2.596720211E2,2.284413876E-2,6.653920282E-4,1.622153912E-3,9.997375011E-1,1.773820268E2,1.875786612E-1,-7.198192765E-2,1.773819049E2
2.596770211E2,2.284167598E-2,6.674464094E-4,1.619253308E-3,9.997375607E-1,1.773823091E2,1.872515632E-1,-7.222533537E-2,1.773821870E2
2.596820211E2,2.283640979E-2,6.706137792E-4,1.618621871E-3,9.997376800E-1,1.773829127E2,1.871871339E-1,-7.259083296E-2,1.773827901E2
2.596870211E2,2.283643740E-2,6.696067867E-4,1.618649112E-3,9.997376800E-1,1.773829095E2,1.871876212E-1,-7.247539388E-2,1.773827871E2
2.596920211E2,2.284469457E-2,6.653115270E-4,1.614340814E-3,9.997375011E-1,1.773819631E2,1.866834073E-1,-7.199305521E-2,1.773818418E2
2.596970211E2,2.284768485E-2,6.623145891E-4,1.610161387E-3,9.997374415E-1,1.773816203E2,1.861969723E-1,-7.166010599E-2,1.773814999E2
2.597020211E2,2.284456521E-2,6.642746739E-4,1.616596710E-3,9.997375011E-1,1.773819779E2,1.869391230E-1,-7.186839014E-2,1.773818567E2
2.597070211E2,2.284169707E-2,6.665932015E-4,1.619307324E-3,9.997375607E-1,1.773823067E2,1.872555194E-1,-7.212744523E-2,1.773821848E2
2.597120211E2,2.283919561E-2,6.685297121E-4,1.616991474E-3,9.997376204E-1,1.773825934E2,1.869950997E-1,-7.235582468E-2,1.773824713E2
2.597170211E2,2.283656768E-2,6.710123853E-4,1.616227208E-3,9.997376800E-1,1.773828946E2,1.869138515E-1,-7.264273516E-2,1.773827721E2
2.597220211E2,2.283896175E-2,6.684905966E-4,1.620307448E-3,9.997376204E-1,1.773826202E2,1.873748646E-1,-7.234270845E-2,1.773824979E2
2.597270211E2,2.283635264E-2,6.694784388E-4,1.619897666E-3,9.997376800E-1,1.773829192E2,1.873303159E-1,-7.245743858E-2,1.773827968E2
2.597320211E2,2.282865038E-2,6.751663750E-4,1.615738147E-3,9.997378588E-1,1.773838021E2,1.868681167E-1,-7.312138237E-2,1.773836788E2
2.597370211E2,2.283141953E-2,6.744959974E-4,1.613769797E-3,9.997377992E-1,1.773834847E2,1.866410671E-1,-7.304921529E-2,1.773833617E2
2.597420211E2,2.284190470E-2,6.671816227E-4,1.616133028E-3,9.997375607E-1,1.773822829E2,1.868934214E-1,-7.220312586E-2,1.773821611E2
2.597470211E2,2.283108567E-2,6.740681711E-4,1.618664479E-3,9.997377992E-1,1.773835230E2,1.872006674E-1,-7.298745884E-2,1.773833997E2
2.597520211E2,2.281568931E-2,6.842724397E-4,1.610571169E-3,9.997381568E-1,1.773852877E2,1.862990407E-1,-7.418051996E-2,1.773851631E2
2.597570211E2,2.282396151E-2,6.787375314E-4,1.606697799E-3,9.997379780E-1,1.773843395E2,1.858414355E-1,-7.355502168E-2,1.773842163E2
2.597620211E2,2.282627557E-2,6.776832161E-4,1.611349871E-3,9.997379184E-1,1.773840743E2,1.863717979E-1,-7.342163849E-2,1.773839509E2
2.597670211E2,2.282374898E-2,6.788700703E-4,1.609658124E-3,9.997379780E-1,1.773843639E2,1.861809071E-1,-7.356250221E-2,1.773842404E2
2.597720211E2,2.281605174E-2,6.849431084E-4,1.605142723E-3,9.997381568E-1,1.773852462E2,1.856789279E-1,-7.427147881E-2,1.773851218E2
2.597770211E2,2.282719850E-2,6.768006133E-4,1.598595991E-3,9.997379184E-1,1.773839685E2,1.849084477E-1,-7.335371735E-2,1.773838462E2
2.597820211E2,2.283184749E-2,6.736069918E-4,1.608076273E-3,9.997377992E-1,1.773834356E2,1.859865112E-1,-7.296218643E-2,1.773833132E2
2.597870211E2,2.282612005E-2,6.779939285E-4,1.613420900E-3,9.997379184E-1,1.773840921E2,1.866098604E-1,-7.345184577E-2,1.773839685E2
2.597920211E2,2.282125601E-2,6.817840622E-4,1.606750768E-3,9.997380376E-1,1.773846496E2,1.858552728E-1,-7.390440146E-2,1.773845258E2
2.597970211E2,2.282415167E-2,6.785072037E-4,1.604091609E-3,9.997379780E-1,1.773843177E2,1.855422769E-1,-7.353541633E-2,1.773841947E2
2.598020211E2,2.282379199E-2,6.785495207E-4,1.609183382E-3,9.997379780E-1,1.773843590E2,1.861256844E-1,-7.352701324E-2,1.773842356E2
2.598070211E2,2.281859850E-2,6.832919316E-4,1.606766949E-3,9.997380972E-1,1.773849543E2,1.858608735E-1,-7.407759711E-2,1.773848301E2
2.598120211E2,2.282183237E-2,6.803948199E-4,1.599135227E-3,9.997380376E-1,1.773845836E2,1.849792307E-1,-7.376505758E-2,1.773844606E2
2.598170211E2,2.282424811E-2,6.784077268E-4,1.602760865E-3,9.997379780E-1,1.773843067E2,1.853895712E-1,-7.352748288E-2,1.773841838E2
2.598220211E2,2.282413234E-2,6.794558140E-4,1.603965065E-3,9.997379780E-1,1.773843200E2,1.855302598E-1,-7.364442518E-2,1.773841968E2
2.598270211E2,2.282709369E-2,6.765376893E-4,1.600203104E-3,9.997379184E-1,1.773839805E2,1.850918662E-1,-7.331941167E-2,1.773838581E2
2.598320211E2,2.283444021E-2,6.713172188E-4,1.609275350E-3,9.997377396E-1,1.773831385E2,1.861180767E-1,-7.269624646E-2,1.773830164E2
2.598370211E2,2.282849857E-2,6.761176046E-4,1.617484260E-3,9.997378588E-1,1.773838195E2,1.870706324E-1,-7.322581712E-2,1.773836959E2
2.598420211E2,2.282379997E-2,6.788900937E-4,1.608926570E-3,9.997379780E-1,1.773843581E2,1.860971550E-1,-7.356670004E-2,1.773842346E2
2.598470211E2,2.283233451E-2,6.743288250E-4,1.600842574E-3,9.997377992E-1,1.773833798E2,1.851597293E-1,-7.306371727E-2,1.773832578E2
2.598520211E2,2.283194595E-2,6.732408656E-4,1.606831094E-3,9.997377992E-1,1.773834243E2,1.858429103E-1,-7.292348211E-2,1.773833021E2
2.598570211E2,2.282625257E-2,6.773503264E-4,1.611815533E-3,9.997379184E-1,1.773840769E2,1.864242724E-1,-7.338228833E-2,1.773839535E2
2.598620211E2,2.281867365E-2,6.837399560E-4,1.605508616E-3,9.997380972E-1,1.773849456E2,1.857178937E-1,-7.413220001E-2,1.773848215E2
2.598670211E2,2.282415431E-2,6.784788566E-4,1.604065998E-3,9.997379780E-1,1.773843174E2,1.855392688E-1,-7.353223533E-2,1.773841944E2
2.598720211E2,2.283464531E-2,6.712654140E-4,1.606384059E-3,9.997377396E-1,1.773831149E2,1.857867242E-1,-7.269783932E-2,1.773829931E2
2.598770211E2,2.282683875E-2,6.766904262E-4,1.603771234E-3,9.997379184E-1,1.773840097E2,1.855010188E-1,-7.332762282E-2,1.773838871E2
2.598820211E2,2.282684827E-2,6.774629583E-4,1.603309531E-3,9.997379184E-1,1.773840087E2,1.854501470E-1,-7.341733130E-2,1.773838859E2
2.598870211E2,2.283176862E-2,6.732685142E-4,1.609337283E-3,9.997377992E-1,1.773834447E2,1.861300835E-1,-7.292012521E-2,1.773833222E2
2.598920211E2,2.283409720E-2,6.728463923E-4,1.613498083E-3,9.997377396E-1,1.773831778E2,1.866058178E-1,-7.286044508E-2,1.773830551E2
2.598970211E2,2.282647130E-2,6.775282673E-4,1.608640072E-3,9.997379184E-1,1.773840519E2,1.860609671E-1,-7.341093924E-2,1.773839287E2
2.599020211E2,2.283728052E-2,6.703810650E-4,1.606386970E-3,9.997376800E-1,1.773828129E2,1.857849347E-1,-7.259602961E-2,1.773826912E2
2.599070211E2,2.283710313E-2,6.706975400E-4,1.608774997E-3,9.997376800E-1,1.773828332E2,1.860593270E-1,-7.262606882E-2,1.773827113E2
2.599120211E2,2.282663475E-2,6.767186569E-4,1.606660313E-3,9.997379184E-1,1.773840331E2,1.858320561E-1,-7.332333738E-2,1.773839102E2
2.599170211E2,2.283713296E-2,6.707669818E-4,1.608322491E-3,9.997376800E-1,1.773828298E2,1.860076710E-1,-7.263520286E-2,1.773827079E2
2.599220211E2,2.284510020E-2,6.644616951E-4,1.608941588E-3,9.997375011E-1,1.773819166E2,1.860626661E-1,-7.190975650E-2,1.773817959E2
2.599270211E2,2.283413542E-2,6.716513308E-4,1.613455126E-3,9.997377396E-1,1.773831734E2,1.865977719E-1,-7.272364226E-2,1.773830510E2
2.599320211E2,2.283947549E-2,6.675779005E-4,1.613427652E-3,9.997376204E-1,1.773825613E2,1.865843504E-1,-7.225605905E-2,1.773824397E2
2.599370211E2,2.285047297E-2,6.604189985E-4,1.608382212E-3,9.997373819E-1,1.773813008E2,1.859883823E-1,-7.144708394E-2,1.773811808E2
2.599420211E2,2.284499280E-2,6.648590788E-4,1.610301784E-3,9.997375011E-1,1.773819289E2,1.862195254E-1,-7.195174042E-2,1.773818080E2
2.599470211E2,2.284691354E-2,6.628332194E-4,1.620856929E-3,9.997374415E-1,1.773817087E2,1.874235761E-1,-7.169166177E-2,1.773815875E2
2.599520211E2,2.286269608E-2,6.530014798E-4,1.622888842E-3,9.997370839E-1,1.773798997E2,1.876317261E-1,-7.055704083E-2,1.773797802E2
2.599570211E2,2.284733903E-2,6.631276920E-4,1.614727313E-3,9.997374415E-1,1.773816600E2,1.867221575E-1,-7.174136601E-2,1.773815391E2
2.599620211E2,2.283154062E-2,6.729397574E-4,1.612705877E-3,9.997377992E-1,1.773834708E2,1.865151191E-1,-7.287369108E-2,1.773833482E2
2.599670211E2,2.284408696E-2,6.650632713E-4,1.623017946E-3,9.997375011E-1,1.773820327E2,1.876767821E-1,-7.194201256E-2,1.773819109E2
2.599720211E2,2.284092244E-2,6.668553106E-4,1.630090061E-3,9.997375607E-1,1.773823954E2,1.884914402E-1,-7.212939409E-2,1.773822727E2
2.599770211E2,2.282820316E-2,6.756791845E-4,1.621830859E-3,9.997378588E-1,1.773838534E2,1.875674184E-1,-7.316427540E-2,1.773837296E2
2.599820211E2,2.283877674E-2,6.690309383E-4,1.622690470E-3,9.997376204E-1,1.773826414E2,1.876492691E-1,-7.239840852E-2,1.773825188E2
2.599870211E2,2.284914080E-2,6.612679572E-4,1.626853016E-3,9.997373819E-1,1.773814534E2,1.881065598E-1,-7.149622501E-2,1.773813320E2
2.599920211E2,2.283043350E-2,6.736291689E-4,1.628018916E-3,9.997377992E-1,1.773835977E2,1.882711332E-1,-7.291281415E-2,1.773834739E2
2.599970211E2,2.283060887E-2,6.750879693E-4,1.624952420E-3,9.997377992E-1,1.773835776E2,1.879236594E-1,-7.308792651E-2,1.773834537E2
2.600020211E2,2.283297556E-2,6.717885262E-4,1.629730221E-3,9.997377396E-1,1.773833063E2,1.884625524E-1,-7.269699077E-2,1.773831827E2
2.600070211E2,2.281957669E-2,6.820172421E-4,1.630329876E-3,9.997380376E-1,1.773848421E2,1.885570269E-1,-7.386976634E-2,1.773847165E2
2.600120211E2,2.281755759E-2,6.836703978E-4,1.621322124E-3,9.997380972E-1,1.773850736E2,1.875292552E-1,-7.408308903E-2,1.773849483E2
2.600170211E2,2.282829834E-2,6.764176069E-4,1.620182535E-3,9.997378588E-1,1.773838424E2,1.873805221E-1,-7.325316448E-2,1.773837186E2
2.600220211E2,2.283323313E-2,6.716190255E-4,1.626187586E-3,9.997377396E-1,1.773832768E2,1.880562766E-1,-7.268679369E-2,1.773831535E2
2.600270211E2,2.281977068E-2,6.822213763E-4,1.627526712E-3,9.997380376E-1,1.773848199E2,1.882364391E-1,-7.390044620E-2,1.773846944E2
2.600320211E2,2.282797893E-2,6.768095191E-4,1.624513534E-3,9.997378588E-1,1.773838791E2,1.878776916E-1,-7.328679243E-2,1.773837548E2
2.600370211E2,2.283335186E-2,6.723232218E-4,1.624228433E-3,9.997377396E-1,1.773832632E2,1.878336836E-1,-7.277257156E-2,1.773831399E2
2.600420211E2,2.282486100E-2,6.773025962E-4,1.631423016E-3,9.997379184E-1,1.773842364E2,1.886703165E-1,-7.332579317E-2,1.773841116E2
2.600470211E2,2.283023275E-2,6.740086246E-4,1.630674815E-3,9.997377992E-1,1.773836207E2,1.885763763E-1,-7.294937442E-2,1.773834966E2
2.600520211E2,2.283574935E-2,6.709616864E-4,1.627769554E-3,9.997376800E-1,1.773829884E2,1.882359724E-1,-7.260687472E-2,1.773828651E2
2.600570211E2,2.283252419E-2,6.735277129E-4,1.635326538E-3,9.997377396E-1,1.773833581E2,1.891081954E-1,-7.288167677E-2,1.773832337E2
2.600620211E2,2.282237582E-2,6.801399286E-4,1.628481783E-3,9.997379780E-1,1.773845213E2,1.883406022E-1,-7.365900388E-2,1.773843962E2
2.600670211E2,2.283593747E-2,6.700351951E-4,1.625510398E-3,9.997376800E-1,1.773829668E2,1.879747481E-1,-7.250661109E-2,1.773828438E2
2.600720211E2,2.284079718E-2,6.669926806E-4,1.631788095E-3,9.997375607E-1,1.773824098E2,1.886863207E-1,-7.214071045E-2,1.773822870E2
2.600770211E2,2.283527203E-2,6.711916067E-4,1.634357614E-3,9.997376800E-1,1.773830431E2,1.889912800E-1,-7.261606461E-2,1.773829193E2
2.600820211E2,2.283343151E-2,6.729553570E-4,1.622846234E-3,9.997377396E-1,1.773832541E2,1.876769963E-1,-7.284859171E-2,1.773831307E2
2.600870211E2,2.284653510E-2,6.635297323E-4,1.625898411E-3,9.997374415E-1,1.773817521E2,1.880029343E-1,-7.175832695E-2,1.773816304E2
2.600920211E2,2.285169827E-2,6.588058313E-4,1.628557802E-3,9.997373223E-1,1.773811603E2,1.882955979E-1,-7.120921459E-2,1.773810393E2
2.600970211E2,2.284964454E-2,6.611084100E-4,1.619827701E-3,9.997373819E-1,1.773813957E2,1.873013449E-1,-7.149624806E-2,1.773812748E2
2.601020211E2,2.286291256E-2,6.525190547E-4,1.620030729E-3,9.997370839E-1,1.773798749E2,1.873030467E-1,-7.050922119E-2,1.773797557E2
2.601070211E2,2.286547165E-2,6.504401099E-4,1.621531090E-3,9.997370243E-1,1.773795816E2,1.874696633E-1,-7.026664336E-2,1.773794626E2
2.601120211E2,2.286350769E-2,6.521467585E-4,1.611760585E-3,9.997370839E-1,1.773798067E2,1.863546704E-1,-7.048812739E-2,1.773796881E2
2.601170211E2,2.286080631E-2,6.530687097E-4,1.612733584E-3,9.997371435E-1,1.773801163E2,1.864683640E-1,-7.059170198E-2,1.773799975E2
2.601220211E2,2.285224347E-2,6.595010636E-4,1.620606752E-3,9.997373223E-1,1.773810978E2,1.873865706E-1,-7.130958096E-2,1.773809772E2
2.601270211E2,2.285271171E-2,6.598523469E-4,1.613846864E-3,9.997373223E-1,1.773810441E2,1.866130987E-1,-7.136743988E-2,1.773809239E2
2.601320211E2,2.286692044E-2,6.503107725E-4,1.601023017E-3,9.997370243E-1,1.773794155E2,1.851199843E-1,-7.030529556E-2,1.773792980E2
2.601370211E2,2.286620684E-2,6.494962727E-4,1.611511223E-3,9.997370243E-1,1.773794973E2,1.863193474E-1,-7.018463415E-2,1.773793792E2
2.601420211E2,2.286299815E-2,6.518064765E-4,1.619109418E-3,9.997370839E-1,1.773798651E2,1.871956386E-1,-7.042998501E-2,1.773797461E2
2.601470211E2,2.286642486E-2,6.500819582E-4,1.608178136E-3,9.997370243E-1,1.773794723E2,1.859390531E-1,-7.026042460E-2,1.773793544E2
2.601520211E2,2.286925859E-2,6.483676843E-4,1.605627011E-3,9.997369647E-1,1.773791475E2,1.856424977E-1,-7.007019371E-2,1.773790301E2
2.601570211E2,2.287634398E-2,6.434358074E-4,1.617967035E-3,9.997367859E-1,1.773783354E2,1.870437591E-1,-6.947152504E-2,1.773782180E2
2.601620211E2,2.286619558E-2,6.504716584E-4,1.611277577E-3,9.997370243E-1,1.773794986E2,1.862951359E-1,-7.029699012E-2,1.773793804E2
2.601670211E2,2.286933065E-2,6.487453938E-4,1.604447607E-3,9.997369647E-1,1.773791393E2,1.855083781E-1,-7.011654220E-2,1.773790218E2
2.601720211E2,2.287384785E-2,6.438767305E-4,1.616252004E-3,9.997368455E-1,1.773786215E2,1.868482646E-1,-6.952700039E-2,1.773785042E2
2.601770211E2,2.287367123E-2,6.447019987E-4,1.618421171E-3,9.997368455E-1,1.773786417E2,1.870989193E-1,-6.961589138E-2,1.773785241E2
2.601820211E2,2.285796584E-2,6.550531834E-4,1.615239424E-3,9.997372031E-1,1.773804419E2,1.867604357E-1,-7.081301211E-2,1.773803225E2
2.601870211E2,2.287115835E-2,6.464790786E-4,1.616405207E-3,9.997369051E-1,1.773789298E2,1.868724499E-1,-6.982523027E-2,1.773788119E2
2.601920211E2,2.287917449E-2,6.409712369E-4,1.615750487E-3,9.997367263E-1,1.773780109E2,1.867835618E-1,-6.919446228E-2,1.773778942E2
2.601970211E2,2.286018542E-2,6.540297181E-4,1.621123403E-3,9.997371435E-1,1.773801875E2,1.874319910E-1,-7.067993347E-2,1.773800679E2
2.602020211E2,2.287090316E-2,6.472459645E-4,1.619705698E-3,9.997369051E-1,1.773789590E2,1.872525524E-1,-6.990448317E-2,1.773788408E2
2.602070211E2,2.289252211E-2,6.310446770E-4,1.614999259E-3,9.997364283E-1,1.773764810E2,1.866723799E-1,-6.805673877E-2,1.773763662E2
2.602120211E2,2.286561171E-2,6.499300944E-4,1.619759598E-3,9.997370243E-1,1.773795655E2,1.872653912E-1,-7.021283087E-2,1.773794468E2
2.602170211E2,2.286002777E-2,6.533653941E-4,1.623612479E-3,9.997371435E-1,1.773802056E2,1.877153924E-1,-7.059733647E-2,1.773800859E2
2.602220211E2,2.288092516E-2,6.390454946E-4,1.628551981E-3,9.997366667E-1,1.773778103E2,1.882451949E-1,-6.893995286E-2,1.773776930E2
2.602270211E2,2.287027859E-2,6.465089391E-4,1.628793660E-3,9.997369051E-1,1.773790306E2,1.882917102E-1,-6.979634715E-2,1.773789119E2
2.602320211E2,2.286028772E-2,6.545972428E-4,1.619450864E-3,9.997371435E-1,1.773801758E2,1.872418760E-1,-7.074931234E-2,1.773800562E2
2.602370211E2,2.287847001E-2,6.414311356E-4,1.625513774E-3,9.997367263E-1,1.773780917E2,1.879032184E-1,-6.922168316E-2,1.773779742E2
2.602420211E2,2.288066553E-2,6.391289062E-4,1.632162952E-3,9.997366667E-1,1.773778400E2,1.886590749E-1,-6.894008934E-2,1.773777225E2
2.602470211E2,2.286796252E-2,6.485080812E-4,1.623925753E-3,9.997369647E-1,1.773792961E2,1.877391117E-1,-7.003856481E-2,1.773791773E2
2.602520211E2,2.287328183E-2,6.455141702E-4,1.623592572E-3,9.997368455E-1,1.773786864E2,1.876934663E-1,-6.969545248E-2,1.773785682E2
2.602570211E2,2.287300624E-2,6.455860566E-4,1.627441961E-3,9.997368455E-1,1.773787180E2,1.881346284E-1,-6.969364971E-2,1.773785995E2
2.602620211E2,2.287028727E-2,6.462883903E-4,1.628759201E-3,9.997369051E-1,1.773790296E2,1.882871851E-1,-6.977116943E-2,1.773789109E2
2.602670211E2,2.288354626E-2,6.371394265E-4,1.629060716E-3,9.997366071E-1,1.773775098E2,1.882986584E-1,-6.871976338E-2,1.773773929E2
2.602720211E2,2.287754041E-2,6.408349145E-4,1.638778253E-3,9.997367263E-1,1.773781982E2,1.894211931E-1,-6.911877853E-2,1.773780799E2
2.602770211E2,2.286410857E-2,6.509214290E-4,1.640448114E-3,9.997370243E-1,1.773797378E2,1.896379974E-1,-7.027247401E-2,1.773796174E2
2.602820211E2,2.287270090E-2,6.448510685E-4,1.632018248E-3,9.997368455E-1,1.773787530E2,1.886569480E-1,-6.959751078E-2,1.773786343E2
2.602870211E2,2.287776249E-2,6.407680921E-4,1.635701279E-3,9.997367263E-1,1.773781728E2,1.890685297E-1,-6.911914815E-2,1.773780547E2
2.602920211E2,2.286419476E-2,6.507558865E-4,1.639312017E-3,9.997370243E-1,1.773797279E2,1.895074163E-1,-7.025646962E-2,1.773796077E2
2.602970211E2,2.287526197E-2,6.440434372E-4,1.632953994E-3,9.997367859E-1,1.773784594E2,1.887622097E-1,-6.950205109E-2,1.773783409E2
2.603020211E2,2.289115418E-2,6.322927075E-4,1.633791486E-3,9.997364283E-1,1.773766378E2,1.888284312E-1,-6.815067354E-2,1.773765215E2
2.603070211E2,2.287439976E-2,6.433848757E-4,1.645245356E-3,9.997367859E-1,1.773785582E2,1.901685438E-1,-6.939454835E-2,1.773784390E2
2.603120211E2,2.286681319E-2,6.490091910E-4,1.639831928E-3,9.997369647E-1,1.773794278E2,1.895625846E-1,-7.005450690E-2,1.773793078E2
2.603170211E2,2.288855967E-2,6.344746216E-4,1.632822328E-3,9.997364879E-1,1.773769352E2,1.887229495E-1,-6.840366879E-2,1.773768185E2
2.603220211E2,2.289613215E-2,6.281110691E-4,1.638588728E-3,9.997363091E-1,1.773760672E2,1.893673781E-1,-6.765809195E-2,1.773759514E2
2.603270211E2,2.288012260E-2,6.399887498E-4,1.639420982E-3,9.997366667E-1,1.773779023E2,1.894927849E-1,-6.901966621E-2,1.773777841E2
2.603320211E2,2.287501833E-2,6.438173587E-4,1.636452507E-3,9.997367859E-1,1.773784873E2,1.891623960E-1,-6.946702619E-2,1.773783686E2
2.603370211E2,2.288367391E-2,6.373711512E-4,1.627175836E-3,9.997366071E-1,1.773774952E2,1.880833396E-1,-6.875122895E-2,1.773773784E2
2.603420211E2,2.288347675E-2,6.370905321E-4,1.630055835E-3,9.997366071E-1,1.773775178E2,1.884125278E-1,-6.871156548E-2,1.773774008E2
2.603470211E2,2.287264824E-2,6.443167222E-4,1.632967032E-3,9.997368455E-1,1.773787590E2,1.887642381E-1,-6.953381834E-2,1.773786404E2
2.603520211E2,2.287809636E-2,6.413020892E-4,1.630814979E-3,9.997367263E-1,1.773781345E2,1.885101696E-1,-6.919307117E-2,1.773780167E2
2.603570211E2,2.288357705E-2,6.370954216E-4,1.628645230E-3,9.997366071E-1,1.773775063E2,1.882509462E-1,-6.871580587E-2,1.773773894E2
2.603620211E2,2.288602829E-2,6.365856389E-4,1.630987623E-3,9.997365475E-1,1.773772253E2,1.885181262E-1,-6.865079956E-2,1.773771084E2
2.603670211E2,2.288602671E-2,6.352536147E-4,1.631528954E-3,9.997365475E-1,1.773772255E2,1.885766482E-1,-6.849678157E-2,1.773771088E2
2.603720211E2,2.289107811E-2,6.317592342E-4,1.635063207E-3,9.997364283E-1,1.773766465E2,1.889727171E-1,-6.808623644E-2,1.773765302E2
2.603770211E2,2.289111211E-2,6.320883986E-4,1.634459826E-3,9.997364283E-1,1.773766426E2,1.889044586E-1,-6.812552236E-2,1.773765263E2
2.603820211E2,2.288842825E-2,6.346952869E-4,1.634577871E-3,9.997364879E-1,1.773769503E2,1.889246375E-1,-6.842436863E-2,1.773768334E2
2.603870211E2,2.288546220E-2,6.358911633E-4,1.639181166E-3,9.997365475E-1,1.773772902E2,1.894549326E-1,-6.854985780E-2,1.773771728E2
2.603920211E2,2.286699284E-2,6.482489407E-4,1.637626090E-3,9.997369647E-1,1.773794072E2,1.893079001E-1,-6.997315783E-2,1.773792876E2
2.603970211E2,2.287248951E-2,6.448966451E-4,1.634960296E-3,9.997368455E-1,1.773787772E2,1.889940991E-1,-6.959506054E-2,1.773786584E2
2.604020211E2,2.288612431E-2,6.353361532E-4,1.630127197E-3,9.997365475E-1,1.773772143E2,1.884162837E-1,-6.850989524E-2,1.773770977E2
2.604070211E2,2.286993844E-2,6.470706430E-4,1.633340260E-3,9.997369051E-1,1.773790696E2,1.888140254E-1,-6.984884498E-2,1.773789505E2
2.604120211E2,2.287249694E-2,6.460002623E-4,1.634420594E-3,9.997368455E-1,1.773787763E2,1.889351634E-1,-6.972290574E-2,1.773786573E2
2.604170211E2,2.289430505E-2,6.308059092E-4,1.626673387E-3,9.997363687E-1,1.773762767E2,1.880092832E-1,-6.799842389E-2,1.773761611E2
2.604220211E2,2.287599581E-2,6.425444153E-4,1.623235410E-3,9.997367859E-1,1.773783753E2,1.876449524E-1,-6.935565988E-2,1.773782577E2
2.604270211E2,2.286775309E-2,6.487075589E-4,1.626792713E-3,9.997369647E-1,1.773793201E2,1.880680640E-1,-7.005394351E-2,1.773792011E2
2.604320211E2,2.287841310E-2,6.415989483E-4,1.626248355E-3,9.997367263E-1,1.773780982E2,1.879878094E-1,-6.923899280E-2,1.773779806E2
2.604370211E2,2.288356133E-2,6.369901821E-4,1.628907281E-3,9.997366071E-1,1.773775081E2,1.882806902E-1,-6.870306525E-2,1.773773912E2
2.604420211E2,2.287045782E-2,6.475878181E-4,1.625845674E-3,9.997369051E-1,1.773790101E2,1.879568241E-1,-6.992763766E-2,1.773788913E2
2.604470211E2,2.287071454E-2,6.473612739E-4,1.622320851E-3,9.997369051E-1,1.773789806E2,1.875524382E-1,-6.991087441E-2,1.773788622E2
2.604520211E2,2.288069085E-2,6.394108059E-4,1.631697523E-3,9.997366667E-1,1.773778371E2,1.886064956E-1,-6.897359977E-2,1.773777196E2
2.604570211E2,2.287803106E-2,6.408542977E-4,1.631906722E-3,9.997367263E-1,1.773781420E2,1.886340630E-1,-6.913892157E-2,1.773780242E2
2.604620211E2,2.286013667E-2,6.531605031E-4,1.622161013E-3,9.997371435E-1,1.773801931E2,1.875485807E-1,-7.057764582E-2,1.773800736E2
2.604670211E2,2.287077943E-2,6.471726811E-4,1.621481148E-3,9.997369051E-1,1.773789732E2,1.874557504E-1,-6.989145757E-2,1.773788549E2
2.604720211E2,2.288316518E-2,6.374894874E-4,1.634268439E-3,9.997366071E-1,1.773775535E2,1.888961562E-1,-6.874628221E-2,1.773774362E2
2.604770211E2,2.287261587E-2,6.456738338E-4,1.632884494E-3,9.997368455E-1,1.773787627E2,1.887583376E-1,-6.968951346E-2,1.773786439E2
2.604820211E2,2.287293814E-2,6.458905991E-4,1.628278056E-3,9.997368455E-1,1.773787258E2,1.882312065E-1,-6.972635981E-2,1.773786072E2
2.604870211E2,2.288323566E-2,6.383131840E-4,1.632959465E-3,9.997366071E-1,1.773775454E2,1.887483629E-1,-6.884406532E-2,1.773774280E2
2.604920211E2,2.288762633E-2,6.348531460E-4,1.645707409E-3,9.997364879E-1,1.773770422E2,1.902000160E-1,-6.841341363E-2,1.773769245E2
2.604970211E2,2.288773718E-2,6.344566355E-4,1.644318108E-3,9.997364879E-1,1.773770295E2,1.900398228E-1,-6.837161168E-2,1.773769120E2
2.605020211E2,2.288842663E-2,6.335627986E-4,1.635039807E-3,9.997364879E-1,1.773769504E2,1.889745868E-1,-6.829341786E-2,1.773768338E2
2.605070211E2,2.288787525E-2,6.338483654E-4,1.642629970E-3,9.997364879E-1,1.773770136E2,1.898448406E-1,-6.830632895E-2,1.773768964E2
2.605120211E2,2.288814193E-2,6.343955174E-4,1.638698159E-3,9.997364879E-1,1.773769831E2,1.893958589E-1,-6.837927359E-2,1.773768660E2
2.605170211E2,2.289612427E-2,6.295800558E-4,1.638135058E-3,9.997363091E-1,1.773760681E2,1.893192590E-1,-6.782757293E-2,1.773759520E2
2.605220211E2,2.288546750E-2,6.368355243E-4,1.638740534E-3,9.997365475E-1,1.773772896E2,1.894069303E-1,-6.865919974E-2,1.773771721E2
2.605270211E2,2.287481321E-2,6.428146153E-4,1.639710623E-3,9.997367859E-1,1.773785108E2,1.895330085E-1,-6.934364851E-2,1.773783921E2
2.605320211E2,2.288813301E-2,6.349795149E-4,1.638596528E-3,9.997364879E-1,1.773769841E2,1.893857472E-1,-6.844644541E-2,1.773768669E2
2.605370211E2,2.288825213E-2,6.341542467E-4,1.637251698E-3,9.997364879E-1,1.773769704E2,1.892295245E-1,-6.835540635E-2,1.773768535E2
2.605420211E2,2.288518842E-2,6.354596699E-4,1.643166062E-3,9.997365475E-1,1.773773216E2,1.899102988E-1,-6.849002652E-2,1.773772040E2
2.605470211E2,2.289840518E-2,6.271711900E-4,1.643544412E-3,9.997362494E-1,1.773758067E2,1.899327971E-1,-6.753698343E-2,1.773756907E2
2.605520211E2,2.289565650E-2,6.295924541E-4,1.644655247E-3,9.997363091E-1,1.773761217E2,1.900662240E-1,-6.781197440E-2,1.773760052E2
2.605570211E2,2.287131838E-2,6.462680176E-4,1.650725957E-3,9.997368455E-1,1.773789114E2,1.908037547E-1,-6.971106681E-2,1.773787912E2
2.605620211E2,2.287646573E-2,6.418699631E-4,1.653311076E-3,9.997367263E-1,1.773783214E2,1.910887386E-1,-6.919945994E-2,1.773782019E2
2.605670211E2,2.289226567E-2,6.318553933E-4,1.654725755E-3,9.997363687E-1,1.773765104E2,1.912256259E-1,-6.804544572E-2,1.773763927E2
2.605720211E2,2.288176888E-2,6.389998598E-4,1.653120387E-3,9.997366071E-1,1.773777136E2,1.910597335E-1,-6.887014323E-2,1.773775946E2
2.605770211E2,2.287396546E-2,6.432533846E-4,1.651323750E-3,9.997367859E-1,1.773786080E2,1.908645206E-1,-6.936363394E-2,1.773784884E2
2.605820211E2,2.289781635E-2,6.267860299E-4,1.651873928E-3,9.997362494E-1,1.773758742E2,1.908859904E-1,-6.747111404E-2,1.773757577E2
2.605870211E2,2.289214392E-2,6.314220955E-4,1.656574546E-3,9.997363687E-1,1.773765244E2,1.914362817E-1,-6.799097975E-2,1.773764067E2
2.605920211E2,2.287895111E-2,6.400873535E-4,1.655651256E-3,9.997366667E-1,1.773780365E2,1.913523318E-1,-6.898863098E-2,1.773779172E2
2.605970211E2,2.288733343E-2,6.342598354E-4,1.650004066E-3,9.997364879E-1,1.773770758E2,1.906906722E-1,-6.833422951E-2,1.773769579E2
2.606020211E2,2.288434672E-2,6.357039674E-4,1.654753229E-3,9.997365475E-1,1.773774181E2,1.912383281E-1,-6.848778643E-2,1.773772997E2
2.606070211E2,2.286850161E-2,6.466081250E-4,1.653516665E-3,9.997369051E-1,1.773792343E2,1.911241583E-1,-6.974325409E-2,1.773791138E2
2.606120211E2,2.287427123E-2,6.444652099E-4,1.646609046E-3,9.997367859E-1,1.773785730E2,1.903275937E-1,-6.951476276E-2,1.773784534E2
2.606170211E2,2.288483840E-2,6.371343625E-4,1.647386933E-3,9.997365475E-1,1.773773617E2,1.903982175E-1,-6.867087879E-2,1.773772435E2
2.606220211E2,2.288185384E-2,6.374511868E-4,1.652542152E-3,9.997366071E-1,1.773777038E2,1.909894345E-1,-6.869422507E-2,1.773775852E2
2.606270211E2,2.287356021E-2,6.435335963E-4,1.656818902E-3,9.997367859E-1,1.773786545E2,1.914947616E-1,-6.938140864E-2,1.773785344E2
2.606320211E2,2.286877174E-2,6.467343774E-4,1.649726881E-3,9.997369051E-1,1.773792033E2,1.906903435E-1,-6.976759796E-2,1.773790831E2
2.606370211E2,2.286605498E-2,6.500832969E-4,1.649948070E-3,9.997369647E-1,1.773795147E2,1.907242699E-1,-7.015119366E-2,1.773793938E2
2.606420211E2,2.286859444E-2,6.474857219E-4,1.651888480E-3,9.997369051E-1,1.773792236E2,1.909399371E-1,-6.984804205E-2,1.773791031E2
2.606470211E2,2.286902239E-2,6.468426436E-4,1.646206132E-3,9.997369051E-1,1.773791746E2,1.902873014E-1,-6.978918019E-2,1.773790546E2
2.606520211E2,2.286622269E-2,6.486132625E-4,1.648201374E-3,9.997369647E-1,1.773794955E2,1.905203247E-1,-6.998732942E-2,1.773793750E2
2.606570211E2,2.286124309E-2,6.519105518E-4,1.643663156E-3,9.997370839E-1,1.773800663E2,1.900087086E-1,-7.037791005E-2,1.773799455E2
2.606620211E2,2.286613428E-2,6.491594249E-4,1.649212674E-3,9.997369647E-1,1.773795056E2,1.906376061E-1,-7.004726543E-2,1.773793850E2
2.606670211E2,2.286633105E-2,6.483544712E-4,1.646799268E-3,9.997369647E-1,1.773794831E2,1.903590262E-1,-6.996133536E-2,1.773793628E2
2.606720211E2,2.286397384E-2,6.513156113E-4,1.642168500E-3,9.997370243E-1,1.773797533E2,1.898361113E-1,-7.031315001E-2,1.773796327E2
2.606770211E2,2.287148309E-2,6.461369921E-4,1.648493693E-3,9.997368455E-1,1.773788925E2,1.905476906E-1,-6.970187568E-2,1.773787725E2
2.606820211E2,2.287136247E-2,6.457688287E-4,1.650310471E-3,9.997368455E-1,1.773789064E2,1.907548505E-1,-6.965495958E-2,1.773787863E2
2.606870211E2,2.285803966E-2,6.556318258E-4,1.650467515E-3,9.997371435E-1,1.773804334E2,1.907977516E-1,-7.078700976E-2,1.773803115E2
2.606920211E2,2.286102733E-2,6.522902986E-4,1.646510907E-3,9.997370839E-1,1.773800910E2,1.903359320E-1,-7.041399485E-2,1.773799699E2
2.606970211E2,2.286358006E-2,6.501229363E-4,1.648112899E-3,9.997370243E-1,1.773797984E2,1.905139596E-1,-7.016101528E-2,1.773796776E2
2.607020211E2,2.285817954E-2,6.539424649E-4,1.649199985E-3,9.997371435E-1,1.773804174E2,1.906481253E-1,-7.059676765E-2,1.773802958E2
2.607070211E2,2.285828323E-2,6.537651061E-4,1.647832571E-3,9.997371435E-1,1.773804055E2,1.904910145E-1,-7.058001133E-2,1.773802841E2
2.607120211E2,2.287708194E-2,6.416635006E-4,1.644843025E-3,9.997367263E-1,1.773782508E2,1.901181250E-1,-6.919788973E-2,1.773781319E2
2.607170211E2,2.287688610E-2,6.425253232E-4,1.647228724E-3,9.997367263E-1,1.773782732E2,1.903936809E-1,-6.929040420E-2,1.773781540E2
2.607220211E2,2.286907319E-2,6.478629075E-4,1.645098790E-3,9.997369051E-1,1.773791688E2,1.901631199E-1,-6.990895547E-2,1.773790487E2
2.607270211E2,2.287730365E-2,6.418621051E-4,1.641678973E-3,9.997367263E-1,1.773782254E2,1.897561816E-1,-6.922889508E-2,1.773781067E2
2.607320211E2,2.288534436E-2,6.368629402E-4,1.640448696E-3,9.997365475E-1,1.773773037E2,1.896026838E-1,-6.865788405E-2,1.773771861E2
2.607370211E2,2.288301600E-2,6.386568421E-4,1.635900582E-3,9.997366071E-1,1.773775706E2,1.890861885E-1,-6.887576418E-2,1.773774529E2
2.607420211E2,2.287827675E-2,6.406682660E-4,1.628531842E-3,9.997367263E-1,1.773781138E2,1.882469599E-1,-6.912641135E-2,1.773779963E2
2.607470211E2,2.288333764E-2,6.373911747E-4,1.631890191E-3,9.997366071E-1,1.773775338E2,1.886234538E-1,-6.874122339E-2,1.773774166E2
2.607520211E2,2.288880519E-2,6.338153617E-4,1.629633596E-3,9.997364879E-1,1.773769071E2,1.883559302E-1,-6.833646069E-2,1.773767907E2
2.607570211E2,2.287861792E-2,6.416086107E-4,1.623360557E-3,9.997367263E-1,1.773780747E2,1.876570176E-1,-6.924763251E-2,1.773779573E2
2.607620211E2,2.287572667E-2,6.438000128E-4,1.626527519E-3,9.997367859E-1,1.773784061E2,1.880253754E-1,-6.949092322E-2,1.773782881E2
2.607670211E2,2.287590740E-2,6.421576836E-4,1.624633907E-3,9.997367859E-1,1.773783854E2,1.878041467E-1,-6.930770577E-2,1.773782678E2
2.607720211E2,2.287855125E-2,6.410187925E-4,1.624532742E-3,9.997367263E-1,1.773780824E2,1.877897541E-1,-6.917700136E-2,1.773779650E2
2.607770211E2,2.287069922E-2,6.467121420E-4,1.622795593E-3,9.997369051E-1,1.773789824E2,1.876051229E-1,-6.983526755E-2,1.773788641E2
2.607820211E2,2.287838118E-2,6.420197897E-4,1.626531244E-3,9.997367263E-1,1.773781019E2,1.880213189E-1,-6.928646931E-2,1.773779842E2
2.607870211E2,2.288389095E-2,6.374791847E-4,1.624078257E-3,9.997366071E-1,1.773774703E2,1.877287738E-1,-6.877168773E-2,1.773773537E2
2.607920211E2,2.288370774E-2,6.378276739E-4,1.626521000E-3,9.997366071E-1,1.773774913E2,1.880095201E-1,-6.880523971E-2,1.773773744E2
2.607970211E2,2.286781280E-2,6.493403926E-4,1.625700505E-3,9.997369647E-1,1.773793132E2,1.879446013E-1,-7.012929284E-2,1.773791942E2
2.608020211E2,2.286799006E-2,6.494109402E-4,1.623176853E-3,9.997369647E-1,1.773792929E2,1.876556846E-1,-7.014395505E-2,1.773791740E2
2.608070211E2,2.287329970E-2,6.450971705E-4,1.623506541E-3,9.997368455E-1,1.773786843E2,1.876825185E-1,-6.964790254E-2,1.773785662E2
2.608120211E2,2.286503036E-2,6.498176954E-4,1.627990394E-3,9.997370243E-1,1.773796322E2,1.882079908E-1,-7.017849632E-2,1.773795129E2
2.608170211E2,2.286019331E-2,6.532431580E-4,1.621329226E-3,9.997371435E-1,1.773801866E2,1.874535102E-1,-7.058928330E-2,1.773800671E2
2.608220211E2,2.287101938E-2,6.463356549E-4,1.618427574E-3,9.997369051E-1,1.773789457E2,1.871037503E-1,-6.980352491E-2,1.773788277E2
2.608270211E2,2.287070141E-2,6.459292490E-4,1.623076620E-3,9.997369051E-1,1.773789821E2,1.876352659E-1,-6.974484123E-2,1.773788639E2
2.608320211E2,2.287064954E-2,6.462901947E-4,1.623663702E-3,9.997369051E-1,1.773789881E2,1.877034656E-1,-6.978466274E-2,1.773788698E2
2.608370211E2,2.287625800E-2,6.431236397E-4,1.619306277E-3,9.997367859E-1,1.773783452E2,1.871963606E-1,-6.943226786E-2,1.773782278E2
2.608420211E2,2.286855726E-2,6.476570852E-4,1.615870162E-3,9.997369647E-1,1.773792279E2,1.868140600E-1,-6.996207280E-2,1.773791099E2
2.608470211E2,2.286553010E-2,6.510047242E-4,1.620479976E-3,9.997370243E-1,1.773795749E2,1.873507295E-1,-7.033406970E-2,1.773794559E2
2.608520211E2,2.287113225E-2,6.470363005E-4,1.616551541E-3,9.997369051E-1,1.773789328E2,1.868906730E-1,-6.988868777E-2,1.773788148E2
2.608570211E2,2.287133154E-2,6.465585902E-4,1.613920904E-3,9.997369051E-1,1.773789099E2,1.865880643E-1,-6.984081819E-2,1.773787922E2
2.608620211E2,2.285788343E-2,6.551381084E-4,1.616370864E-3,9.997372031E-1,1.773804514E2,1.868902723E-1,-7.081979289E-2,1.773803319E2
2.608670211E2,2.285992827E-2,6.533128908E-4,1.625033910E-3,9.997371435E-1,1.773802170E2,1.878780896E-1,-7.058761661E-2,1.773800972E2
2.608720211E2,2.286766726E-2,6.489359657E-4,1.627907623E-3,9.997369647E-1,1.773793299E2,1.881963826E-1,-7.007720458E-2,1.773792108E2
2.608770211E2,2.285438961E-2,6.584744551E-4,1.627514837E-3,9.997372627E-1,1.773808518E2,1.881754377E-1,-7.117347631E-2,1.773807309E2
2.608820211E2,2.286479371E-2,6.508630468E-4,1.630894025E-3,9.997370243E-1,1.773796593E2,1.885433587E-1,-7.029068966E-2,1.773795396E2
2.608870211E2,2.287016854E-2,6.463486352E-4,1.630401704E-3,9.997369051E-1,1.773790432E2,1.884755029E-1,-6.977378878E-2,1.773789244E2
2.608920211E2,2.286501072E-2,6.509051309E-4,1.627831836E-3,9.997370243E-1,1.773796344E2,1.881926744E-1,-7.030349369E-2,1.773795149E2
2.608970211E2,2.286800124E-2,6.486246129E-4,1.623333781E-3,9.997369647E-1,1.773792916E2,1.876716025E-1,-7.005345891E-2,1.773791729E2
2.609020211E2,2.287568890E-2,6.432386581E-4,1.627280610E-3,9.997367859E-1,1.773784105E2,1.881101765E-1,-6.942464651E-2,1.773782925E2
2.609070211E2,2.286443569E-2,6.509167724E-4,1.635884284E-3,9.997370243E-1,1.773797003E2,1.891151675E-1,-7.028383662E-2,1.773795803E2
2.609120211E2,2.285133110E-2,6.590342382E-4,1.633609645E-3,9.997373223E-1,1.773812024E2,1.888749184E-1,-7.122222115E-2,1.773810809E2
2.609170211E2,2.286498713E-2,6.505448837E-4,1.628307160E-3,9.997370243E-1,1.773796371E2,1.882461827E-1,-7.026098221E-2,1.773795177E2
2.609220211E2,2.286742862E-2,6.489510997E-4,1.631250372E-3,9.997369647E-1,1.773793573E2,1.885793570E-1,-7.007022348E-2,1.773792379E2
2.609270211E2,2.285395755E-2,6.582008209E-4,1.633680891E-3,9.997372627E-1,1.773809013E2,1.888810847E-1,-7.112606083E-2,1.773807800E2
2.609320211E2,2.285674507E-2,6.553904386E-4,1.632287866E-3,9.997372031E-1,1.773805818E2,1.887143335E-1,-7.080722139E-2,1.773804612E2
2.609370211E2,2.286183295E-2,6.520083989E-4,1.635399181E-3,9.997370839E-1,1.773799987E2,1.890622705E-1,-7.041065821E-2,1.773798784E2
2.609420211E2,2.285089328E-2,6.595823215E-4,1.639502007E-3,9.997373223E-1,1.773812526E2,1.895513625E-1,-7.126966310E-2,1.773811306E2
2.609470211E2,2.285143958E-2,6.593075232E-4,1.631981111E-3,9.997373223E-1,1.773811900E2,1.886890740E-1,-7.125777324E-2,1.773810686E2
2.609520211E2,2.285979077E-2,6.535231951E-4,1.626882469E-3,9.997371435E-1,1.773802327E2,1.880904052E-1,-7.060689261E-2,1.773801128E2
2.609570211E2,2.285418801E-2,6.574894651E-4,1.630740822E-3,9.997372627E-1,1.773808749E2,1.885424182E-1,-7.105222341E-2,1.773807540E2
2.609620211E2,2.284886032E-2,6.612041034E-4,1.630813582E-3,9.997373819E-1,1.773814856E2,1.885601023E-1,-7.147859220E-2,1.773813639E2
2.609670211E2,2.285965554E-2,6.537559675E-4,1.628688187E-3,9.997371435E-1,1.773802482E2,1.882978718E-1,-7.062885447E-2,1.773801281E2
2.609720211E2,2.285149898E-2,6.593105500E-4,1.631147927E-3,9.997373223E-1,1.773811832E2,1.885936350E-1,-7.126029066E-2,1.773810618E2
2.609770211E2,2.284067381E-2,6.669263821E-4,1.633541193E-3,9.997375607E-1,1.773824239E2,1.888869765E-1,-7.212854978E-2,1.773823010E2
2.609820211E2,2.285162960E-2,6.604826776E-4,1.628842088E-3,9.997373223E-1,1.773811682E2,1.883325530E-1,-7.140058508E-2,1.773810468E2
2.609870211E2,2.285175495E-2,6.604209193E-4,1.627107733E-3,9.997373223E-1,1.773811538E2,1.881337092E-1,-7.139802818E-2,1.773810326E2
2.609920211E2,2.283870272E-2,6.692550960E-4,1.623639488E-3,9.997376204E-1,1.773826499E2,1.877585717E-1,-7.242161845E-2,1.773825272E2
2.609970211E2,2.284688742E-2,6.637394545E-4,1.620854368E-3,9.997374415E-1,1.773817117E2,1.874256537E-1,-7.179549303E-2,1.773815903E2
2.610020211E2,2.285237677E-2,6.602517096E-4,1.618420007E-3,9.997373223E-1,1.773810825E2,1.871380285E-1,-7.140127779E-2,1.773809619E2
2.610070211E2,2.283380070E-2,6.727388827E-4,1.617733389E-3,9.997377396E-1,1.773832118E2,1.870907195E-1,-7.283710149E-2,1.773830888E2
2.610120211E2,2.283674441E-2,6.694050971E-4,1.614395645E-3,9.997376800E-1,1.773828743E2,1.866998304E-1,-7.246336196E-2,1.773827523E2
2.610170211E2,2.285262176E-2,6.599149201E-4,1.615094603E-3,9.997373223E-1,1.773810545E2,1.867561995E-1,-7.137135752E-2,1.773809342E2
2.610220211E2,2.283683601E-2,6.705383421E-4,1.612628577E-3,9.997376800E-1,1.773828638E2,1.865003644E-1,-7.259779562E-2,1.773827417E2
2.610270211E2,2.283738097E-2,6.704166881E-4,1.604943420E-3,9.997376800E-1,1.773828014E2,1.856196594E-1,-7.260386989E-2,1.773826798E2
2.610320211E2,2.285051954E-2,6.613031146E-4,1.607356942E-3,9.997373819E-1,1.773812954E2,1.858732442E-1,-7.155104572E-2,1.773811754E2
2.610370211E2,2.284501710E-2,6.641550572E-4,1.610247651E-3,9.997375011E-1,1.773819261E2,1.862114823E-1,-7.187122382E-2,1.773818054E2
2.610420211E2,2.283197205E-2,6.731008762E-4,1.606518868E-3,9.997377992E-1,1.773834214E2,1.858067767E-1,-7.290825678E-2,1.773832992E2
2.610470211E2,2.285095823E-2,6.614466547E-4,1.601048978E-3,9.997373819E-1,1.773812451E2,1.851509994E-1,-7.158392668E-2,1.773811255E2
2.610520211E2,2.285854038E-2,6.557603483E-4,1.606799779E-3,9.997372031E-1,1.773803761E2,1.857954678E-1,-7.091602644E-2,1.773802571E2
2.610570211E2,2.283966402E-2,6.690738956E-4,1.610135776E-3,9.997376204E-1,1.773825397E2,1.862111564E-1,-7.243602337E-2,1.773824180E2
2.610620211E2,2.284839651E-2,6.621852517E-4,1.600084710E-3,9.997374415E-1,1.773815388E2,1.850422817E-1,-7.167154070E-2,1.773814191E2
2.610670211E2,2.285089873E-2,6.605553790E-4,1.602265635E-3,9.997373819E-1,1.773812520E2,1.852880434E-1,-7.147864583E-2,1.773811324E2
2.610720211E2,2.283945602E-2,6.684467662E-4,1.613343484E-3,9.997376204E-1,1.773825635E2,1.865769808E-1,-7.235582157E-2,1.773824417E2
2.610770211E2,2.284750183E-2,6.626624963E-4,1.612613443E-3,9.997374415E-1,1.773816413E2,1.864787822E-1,-7.169357674E-2,1.773815207E2
2.610820211E2,2.285061098E-2,6.611818098E-4,1.606106525E-3,9.997373819E-1,1.773812849E2,1.857296829E-1,-7.154040622E-2,1.773811650E2
2.610870211E2,2.284241338E-2,6.671303418E-4,1.608948573E-3,9.997375607E-1,1.773822246E2,1.860702593E-1,-7.221596250E-2,1.773821033E2
2.610920211E2,2.284499308E-2,6.650813739E-4,1.610206091E-3,9.997375011E-1,1.773819289E2,1.862091447E-1,-7.197745735E-2,1.773818079E2
2.610970211E2,2.285325516E-2,6.593507715E-4,1.606338890E-3,9.997373223E-1,1.773809819E2,1.857516966E-1,-7.132953995E-2,1.773808623E2
2.611020211E2,2.284526049E-2,6.642154767E-4,1.606765785E-3,9.997375011E-1,1.773818982E2,1.858127690E-1,-7.188721576E-2,1.773817777E2
2.611070211E2,2.285022363E-2,6.610220880E-4,1.611673506E-3,9.997373819E-1,1.773813293E2,1.863670006E-1,-7.150760270E-2,1.773812091E2
2.611120211E2,2.285800041E-2,6.547297235E-4,1.614881330E-3,9.997372031E-1,1.773804379E2,1.867185670E-1,-7.077688761E-2,1.773803186E2
2.611170211E2,2.285522207E-2,6.582540809E-4,1.615872257E-3,9.997372627E-1,1.773807564E2,1.868411243E-1,-7.117856677E-2,1.773806364E2
2.611220211E2,2.285020555E-2,6.613620790E-4,1.611790271E-3,9.997373819E-1,1.773813314E2,1.863812664E-1,-7.154625019E-2,1.773812111E2
2.611270211E2,2.286877721E-2,6.490560481E-4,1.612191787E-3,9.997369647E-1,1.773792027E2,1.863963407E-1,-7.013193881E-2,1.773790847E2
2.611320211E2,2.286832704E-2,6.488636136E-4,1.618641894E-3,9.997369647E-1,1.773792543E2,1.871347407E-1,-7.009307376E-2,1.773791358E2
2.611370211E2,2.284470672E-2,6.652494776E-4,1.614194363E-3,9.997375011E-1,1.773819617E2,1.866664681E-1,-7.198632786E-2,1.773818404E2
2.611420211E2,2.285563120E-2,6.566530210E-4,1.610728679E-3,9.997372627E-1,1.773807095E2,1.862477018E-1,-7.100854249E-2,1.773805901E2
2.611470211E2,2.286630269E-2,6.494641420E-4,1.610163599E-3,9.997370243E-1,1.773794863E2,1.861648837E-1,-7.018446668E-2,1.773793684E2
2.611520211E2,2.285020120E-2,6.612253492E-4,1.611908083E-3,9.997373819E-1,1.773813319E2,1.863944048E-1,-7.153027853E-2,1.773812116E2
2.611570211E2,2.285850196E-2,6.556760636E-4,1.607380575E-3,9.997372031E-1,1.773803805E2,1.858617814E-1,-7.090485640E-2,1.773802615E2
2.611620211E2,2.287457111E-2,6.441148580E-4,1.605887781E-3,9.997368455E-1,1.773785386E2,1.856615952E-1,-6.958131374E-2,1.773784219E2
2.611670211E2,2.285545870E-2,6.577073364E-4,1.612744876E-3,9.997372627E-1,1.773807293E2,1.864814305E-1,-7.112407781E-2,1.773806096E2
2.611720211E2,2.284230430E-2,6.655910402E-4,1.611133222E-3,9.997375607E-1,1.773822371E2,1.863164993E-1,-7.203391939E-2,1.773821160E2
2.611770211E2,2.286381802E-2,6.513470435E-4,1.607676502E-3,9.997370839E-1,1.773797711E2,1.858847168E-1,-7.040715381E-2,1.773796530E2
2.611820211E2,2.286629785E-2,6.507185171E-4,1.609725878E-3,9.997370243E-1,1.773794869E2,1.861180245E-1,-7.032931764E-2,1.773793687E2
2.611870211E2,2.285061496E-2,6.609694683E-4,1.606137259E-3,9.997373819E-1,1.773812845E2,1.857326480E-1,-7.151599883E-2,1.773811646E2
2.611920211E2,2.286124093E-2,6.541776820E-4,1.606109552E-3,9.997371435E-1,1.773800665E2,1.857124391E-1,-7.073602025E-2,1.773799479E2
2.611970211E2,2.286134054E-2,6.530343671E-4,1.605156693E-3,9.997371435E-1,1.773800551E2,1.856002893E-1,-7.060751824E-2,1.773799368E2
2.612020211E2,2.285360140E-2,6.580138579E-4,1.601955155E-3,9.997373223E-1,1.773809422E2,1.852460108E-1,-7.118779759E-2,1.773808232E2
2.612070211E2,2.286203751E-2,6.533274427E-4,1.595079200E-3,9.997371435E-1,1.773799752E2,1.844466106E-1,-7.066736623E-2,1.773798576E2
2.612120211E2,2.287007506E-2,6.482296740E-4,1.594011323E-3,9.997369647E-1,1.773790539E2,1.843114791E-1,-7.008467427E-2,1.773789373E2
2.612170211E2,2.285923958E-2,6.547871744E-4,1.597221009E-3,9.997372031E-1,1.773802959E2,1.846956066E-1,-7.082950078E-2,1.773801778E2
2.612220211E2,2.286147321E-2,6.537677837E-4,1.602967153E-3,9.997371435E-1,1.773800399E2,1.853513827E-1,-7.069725117E-2,1.773799216E2
2.612270211E2,2.287482188E-2,6.443669554E-4,1.602210454E-3,9.997368455E-1,1.773785098E2,1.852409924E-1,-6.961978749E-2,1.773783934E2
2.612320211E2,2.286938929E-2,6.481216988E-4,1.603863784E-3,9.997369647E-1,1.773791325E2,1.854398637E-1,-7.004660997E-2,1.773790153E2
2.612370211E2,2.285871762E-2,6.552448031E-4,1.604486955E-3,9.997372031E-1,1.773803557E2,1.855291685E-1,-7.086299040E-2,1.773802371E2
2.612420211E2,2.287717129E-2,6.422515144E-4,1.606700942E-3,9.997367859E-1,1.773782406E2,1.857500479E-1,-6.936523171E-2,1.773781242E2
2.612470211E2,2.287964514E-2,6.407519686E-4,1.609159401E-3,9.997367263E-1,1.773779570E2,1.860279329E-1,-6.918653606E-2,1.773778407E2
2.612520211E2,2.286104744E-2,6.529441453E-4,1.609362429E-3,9.997371435E-1,1.773800887E2,1.860818490E-1,-7.058621850E-2,1.773799701E2
2.612570211E2,2.287700497E-2,6.433454691E-4,1.608630293E-3,9.997367859E-1,1.773782596E2,1.859739345E-1,-6.948552960E-2,1.773781429E2
2.612620211E2,2.288475344E-2,6.379389088E-4,1.611697371E-3,9.997366071E-1,1.773773715E2,1.863116628E-1,-6.885666153E-2,1.773772556E2
2.612670211E2,2.286906370E-2,6.474202382E-4,1.608782099E-3,9.997369647E-1,1.773791699E2,1.860014534E-1,-6.995342048E-2,1.773790524E2
2.612720211E2,2.287243785E-2,6.468822830E-4,1.598034869E-3,9.997369051E-1,1.773787831E2,1.847690575E-1,-6.991933346E-2,1.773786665E2
2.612770211E2,2.288551163E-2,6.367938477E-4,1.601351192E-3,9.997366071E-1,1.773772846E2,1.851234353E-1,-6.875247437E-2,1.773771696E2
2.612820211E2,2.287181003E-2,6.461028242E-4,1.607308979E-3,9.997369051E-1,1.773788551E2,1.858294291E-1,-6.980584578E-2,1.773787379E2
2.612870211E2,2.286420528E-2,6.511836546E-4,1.602226053E-3,9.997370839E-1,1.773797267E2,1.852599027E-1,-7.040264482E-2,1.773796090E2
2.612920211E2,2.288279209E-2,6.396049284E-4,1.601882861E-3,9.997366667E-1,1.773775963E2,1.851915293E-1,-6.907362516E-2,1.773774808E2
2.612970211E2,2.287948993E-2,6.417724071E-4,1.610958599E-3,9.997367263E-1,1.773779748E2,1.862367173E-1,-6.929875048E-2,1.773778582E2
2.613020211E2,2.286919833E-2,6.481372984E-4,1.606578007E-3,9.997369647E-1,1.773791544E2,1.857508375E-1,-7.004131924E-2,1.773790370E2
2.613070211E2,2.288070974E-2,6.399197737E-4,1.594284549E-3,9.997367263E-1,1.773778350E2,1.843217351E-1,-6.913000321E-2,1.773777199E2
2.613120211E2,2.289388199E-2,6.322200643E-4,1.595140551E-3,9.997364283E-1,1.773763251E2,1.844005085E-1,-6.824323944E-2,1.773762115E2
2.613170211E2,2.287754403E-2,6.417046534E-4,1.601603930E-3,9.997367859E-1,1.773781978E2,1.851647172E-1,-6.931587608E-2,1.773780819E2
2.613220211E2,2.287807829E-2,6.428405177E-4,1.593496418E-3,9.997367859E-1,1.773781366E2,1.842389215E-1,-6.946715928E-2,1.773780210E2
2.613270211E2,2.288343218E-2,6.388545735E-4,1.593013876E-3,9.997366667E-1,1.773775229E2,1.841735592E-1,-6.901080260E-2,1.773774081E2
2.613320211E2,2.287246669E-2,6.452464731E-4,1.598283299E-3,9.997369051E-1,1.773787798E2,1.847932321E-1,-6.973127621E-2,1.773786635E2
2.613370211E2,2.288093236E-2,6.394884549E-4,1.591259730E-3,9.997367263E-1,1.773778095E2,1.839740908E-1,-6.908848099E-2,1.773776947E2
2.613420211E2,2.287850651E-2,6.417424884E-4,1.587780658E-3,9.997367859E-1,1.773780875E2,1.835812646E-1,-6.935627415E-2,1.773779725E2
2.613470211E2,2.286744621E-2,6.498349248E-4,1.593690016E-3,9.997370243E-1,1.773793553E2,1.842786924E-1,-7.026990081E-2,1.773792384E2
2.613520211E2,2.287574192E-2,6.435014075E-4,1.589371124E-3,9.997368455E-1,1.773784044E2,1.837678909E-1,-6.955411673E-2,1.773782890E2
2.613570211E2,2.288636117E-2,6.374714430E-4,1.588891842E-3,9.997366071E-1,1.773771872E2,1.836979061E-1,-6.886262051E-2,1.773770730E2
2.613620211E2,2.286811992E-2,6.487038336E-4,1.584457001E-3,9.997370243E-1,1.773792780E2,1.832180245E-1,-7.016439332E-2,1.773791620E2
2.613670211E2,2.287069039E-2,6.471386878E-4,1.585603924E-3,9.997369647E-1,1.773789834E2,1.833454960E-1,-6.998161088E-2,1.773788676E2
2.613720211E2,2.289128947E-2,6.338087842E-4,1.594359870E-3,9.997364879E-1,1.773766223E2,1.843150634E-1,-6.842777153E-2,1.773765084E2
2.613770211E2,2.287784791E-2,6.425802130E-4,1.596905407E-3,9.997367859E-1,1.773781630E2,1.846287629E-1,-6.942844342E-2,1.773780472E2
2.613820211E2,2.285992277E-2,6.539971801E-4,1.587738632E-3,9.997372031E-1,1.773802176E2,1.836072669E-1,-7.076371239E-2,1.773801004E2
2.613870211E2,2.288366886E-2,6.387520698E-4,1.589651569E-3,9.997366667E-1,1.773774958E2,1.837881149E-1,-6.900783332E-2,1.773773813E2
2.613920211E2,2.288580056E-2,6.375953672E-4,1.596896909E-3,9.997366071E-1,1.773772515E2,1.846152670E-1,-6.885592605E-2,1.773771366E2
2.613970211E2,2.286173644E-2,6.533745327E-4,1.599369338E-3,9.997371435E-1,1.773800097E2,1.849381986E-1,-7.066157681E-2,1.773798918E2
2.614020211E2,2.286984454E-2,6.478980649E-4,1.597449882E-3,9.997369647E-1,1.773790804E2,1.847045213E-1,-7.003771534E-2,1.773789636E2
2.614070211E2,2.288018048E-2,6.412617513E-4,1.601325464E-3,9.997367263E-1,1.773778956E2,1.851318371E-1,-6.926537842E-2,1.773777798E2
2.614120211E2,2.286903509E-2,6.489686784E-4,1.608564868E-3,9.997369647E-1,1.773791731E2,1.859806234E-1,-7.013138667E-2,1.773790554E2
2.614170211E2,2.286932441E-2,6.486873026E-4,1.604560064E-3,9.997369647E-1,1.773791400E2,1.855211087E-1,-7.010959362E-2,1.773790225E2
2.614220211E2,2.288541993E-2,6.377996178E-4,1.602261211E-3,9.997366071E-1,1.773772951E2,1.852303203E-1,-6.886532719E-2,1.773771799E2
2.614270211E2,2.287723378E-2,6.421719445E-4,1.605842728E-3,9.997367859E-1,1.773782334E2,1.856515251E-1,-6.935835441E-2,1.773781171E2
2.614320211E2,2.287206445E-2,6.467973581E-4,1.603404526E-3,9.997369051E-1,1.773788259E2,1.853839662E-1,-6.989559911E-2,1.773787089E2
2.614370211E2,2.288279255E-2,6.386154564E-4,1.602270990E-3,9.997366667E-1,1.773775962E2,1.852333992E-1,-6.895925197E-2,1.773774809E2
2.614420211E2,2.288805854E-2,6.345140864E-4,1.603065990E-3,9.997365475E-1,1.773769926E2,1.853140806E-1,-6.848633236E-2,1.773768780E2
2.614470211E2,2.287761212E-2,6.430729991E-4,1.600081800E-3,9.997367859E-1,1.773781900E2,1.849939317E-1,-6.947661369E-2,1.773780740E2
2.614520211E2,2.288067032E-2,6.397989928E-4,1.594898640E-3,9.997367263E-1,1.773778395E2,1.843917670E-1,-6.911456347E-2,1.773777244E2
2.614570211E2,2.288594804E-2,6.374727236E-4,1.594830886E-3,9.997366071E-1,1.773772345E2,1.843782683E-1,-6.884726706E-2,1.773771199E2
2.614620211E2,2.287513270E-2,6.450283108E-4,1.597499824E-3,9.997368455E-1,1.773784742E2,1.847030898E-1,-6.970784425E-2,1.773783580E2
2.614670211E2,2.288010276E-2,6.404913729E-4,1.602743636E-3,9.997367263E-1,1.773779045E2,1.852922799E-1,-6.917341874E-2,1.773777888E2
2.614720211E2,2.288829056E-2,6.353557692E-4,1.599415787E-3,9.997365475E-1,1.773769660E2,1.848981308E-1,-6.859228792E-2,1.773768515E2
2.614770211E2,2.289111002E-2,6.323770504E-4,1.597501687E-3,9.997364879E-1,1.773766429E2,1.846712270E-1,-6.825554143E-2,1.773765290E2
2.614820211E2,2.289093924E-2,6.335351500E-4,1.599488780E-3,9.997364879E-1,1.773766624E2,1.849018984E-1,-6.838303389E-2,1.773765482E2
2.614870211E2,2.290142213E-2,6.257959176E-4,1.601494849E-3,9.997362494E-1,1.773754609E2,1.851121213E-1,-6.748921323E-2,1.773753480E2
2.614920211E2,2.289348484E-2,6.322210538E-4,1.600830001E-3,9.997364283E-1,1.773763707E2,1.850522772E-1,-6.822849968E-2,1.773762566E2
2.614970211E2,2.288594655E-2,6.359627005E-4,1.595454989E-3,9.997366071E-1,1.773772347E2,1.844458059E-1,-6.867264014E-2,1.773771203E2
2.615020211E2,2.289928395E-2,6.271966849E-4,1.594297006E-3,9.997363091E-1,1.773757060E2,1.842910559E-1,-6.766897141E-2,1.773755933E2
2.615070211E2,2.289359818E-2,6.315275677E-4,1.599482261E-3,9.997364283E-1,1.773763577E2,1.848960660E-1,-6.815256781E-2,1.773762438E2
2.615120211E2,2.287771536E-2,6.422001752E-4,1.598955831E-3,9.997367859E-1,1.773781782E2,1.848626573E-1,-6.937955460E-2,1.773780624E2
2.615170211E2,2.288601378E-2,6.362020504E-4,1.594394911E-3,9.997366071E-1,1.773772270E2,1.843249939E-1,-6.870282823E-2,1.773771126E2
2.615220211E2,2.290680062E-2,6.219093339E-4,1.600503572E-3,9.997361302E-1,1.773748444E2,1.849887188E-1,-6.704556718E-2,1.773747323E2
2.615270211E2,2.289638586E-2,6.302070105E-4,1.597354072E-3,9.997363687E-1,1.773760381E2,1.846489818E-1,-6.800635143E-2,1.773759247E2
2.615320211E2,2.288893069E-2,6.339806714E-4,1.590777421E-3,9.997365475E-1,1.773768927E2,1.839049413E-1,-6.845729479E-2,1.773767790E2
2.615370211E2,2.290218379E-2,6.261394010E-4,1.590430504E-3,9.997362494E-1,1.773753736E2,1.838455240E-1,-6.755746065E-2,1.773752614E2
2.615420211E2,2.289401439E-2,6.314556813E-4,1.593542402E-3,9.997364283E-1,1.773763100E2,1.842154252E-1,-6.815983911E-2,1.773761965E2
2.615470211E2,2.288092198E-2,6.396093522E-4,1.591360429E-3,9.997367263E-1,1.773778106E2,1.839859434E-1,-6.910206903E-2,1.773776958E2
2.615520211E2,2.288660978E-2,6.359081017E-4,1.585934544E-3,9.997366071E-1,1.773771587E2,1.833550294E-1,-6.869123243E-2,1.773770450E2
2.615570211E2,2.289980553E-2,6.280201487E-4,1.586461905E-3,9.997363091E-1,1.773756462E2,1.833956499E-1,-6.778377360E-2,1.773755339E2
2.615620211E2,2.288344097E-2,6.390264025E-4,1.592818648E-3,9.997366667E-1,1.773775219E2,1.841516447E-1,-6.903099792E-2,1.773774071E2
2.615670211E2,2.287547344E-2,6.439268473E-4,1.593058696E-3,9.997368455E-1,1.773784352E2,1.841914423E-1,-6.959323827E-2,1.773783194E2
2.615720211E2,2.288309431E-2,6.389349001E-4,1.597827766E-3,9.997366667E-1,1.773775616E2,1.847252342E-1,-6.900744357E-2,1.773774465E2
2.615770211E2,2.288029617E-2,6.410151836E-4,1.599770505E-3,9.997367263E-1,1.773778824E2,1.849530597E-1,-6.924118697E-2,1.773777667E2
2.615820211E2,2.288304921E-2,6.395800156E-4,1.598215546E-3,9.997366667E-1,1.773775668E2,1.847713476E-1,-6.908034037E-2,1.773774515E2
2.615870211E2,2.288853840E-2,6.345972070E-4,1.596166985E-3,9.997365475E-1,1.773769376E2,1.845239695E-1,-6.851386158E-2,1.773768234E2
2.615920211E2,2.289346482E-2,6.312900223E-4,1.601483673E-3,9.997364283E-1,1.773763730E2,1.851247189E-1,-6.812012820E-2,1.773762590E2
2.615970211E2,2.289576182E-2,6.301742978E-4,1.606286736E-3,9.997363687E-1,1.773761097E2,1.856721950E-1,-6.797928174E-2,1.773759956E2
2.616020211E2,2.289880082E-2,6.280736416E-4,1.600877498E-3,9.997363091E-1,1.773757613E2,1.850471972E-1,-6.775225779E-2,1.773756481E2
2.616070211E2,2.290924106E-2,6.204686360E-4,1.603361568E-3,9.997360706E-1,1.773745647E2,1.853125167E-1,-6.687256417E-2,1.773744526E2
2.616120211E2,2.290914464E-2,6.213762681E-4,1.604387304E-3,9.997360706E-1,1.773745757E2,1.854324032E-1,-6.697386872E-2,1.773744635E2
2.616170211E2,2.291180993E-2,6.193178706E-4,1.604264369E-3,9.997360110E-1,1.773742702E2,1.854130932E-1,-6.673788435E-2,1.773741583E2
2.616220211E2,2.291455328E-2,6.169139524E-4,1.603152021E-3,9.997359514E-1,1.773739558E2,1.852795308E-1,-6.646490044E-2,1.773738444E2
2.616270211E2,2.291726750E-2,6.146649830E-4,1.602387638E-3,9.997358918E-1,1.773736447E2,1.851862354E-1,-6.620875995E-2,1.773735338E2
2.616320211E2,2.292014091E-2,6.136978627E-4,1.598844072E-3,9.997358322E-1,1.773733153E2,1.847779285E-1,-6.610674054E-2,1.773732049E2
2.616370211E2,2.292013570E-2,6.136255106E-4,1.598946517E-3,9.997358322E-1,1.773733159E2,1.847894744E-1,-6.609818367E-2,1.773732055E2
2.616420211E2,2.291483333E-2,6.174185546E-4,1.598949311E-3,9.997359514E-1,1.773739237E2,1.847994051E-1,-6.653369259E-2,1.773738125E2
2.616470211E2,2.291763843E-2,6.156414747E-4,1.596697606E-3,9.997358918E-1,1.773736021E2,1.845369652E-1,-6.633550306E-2,1.773734915E2
2.616520211E2,2.291225666E-2,6.177936448E-4,1.598461415E-3,9.997360110E-1,1.773742190E2,1.847443243E-1,-6.657842077E-2,1.773741078E2
2.616570211E2,2.292284054E-2,6.121681072E-4,1.597997616E-3,9.997357726E-1,1.773730059E2,1.846771168E-1,-6.593321431E-2,1.773728958E2
2.616620211E2,2.292302015E-2,6.110572140E-4,1.595844864E-3,9.997357726E-1,1.773729853E2,1.844275874E-1,-6.581157081E-2,1.773728755E2
2.616670211E2,2.291780551E-2,6.145871012E-4,1.594704343E-3,9.997358918E-1,1.773735830E2,1.843058555E-1,-6.621991669E-2,1.773734726E2
2.616720211E2,2.292021480E-2,6.134798168E-4,1.597868162E-3,9.997358322E-1,1.773733068E2,1.846655588E-1,-6.608431056E-2,1.773731965E2
2.616770211E2,2.292264842E-2,6.116815493E-4,1.600937103E-3,9.997357726E-1,1.773730279E2,1.850125784E-1,-6.586978748E-2,1.773729177E2
2.616820211E2,2.292563811E-2,6.093086558E-4,1.596246380E-3,9.997357130E-1,1.773726852E2,1.844691639E-1,-6.560971589E-2,1.773725758E2
2.616870211E2,2.291734645E-2,6.151592243E-4,1.601068303E-3,9.997358918E-1,1.773736356E2,1.850363936E-1,-6.626883116E-2,1.773735247E2
2.616920211E2,2.291931126E-2,6.135094445E-4,1.610765117E-3,9.997358322E-1,1.773734104E2,1.861430735E-1,-6.605399812E-2,1.773732992E2
2.616970211E2,2.291396211E-2,6.180420169E-4,1.611147309E-3,9.997359514E-1,1.773740235E2,1.861984074E-1,-6.657324805E-2,1.773739114E2
2.617020211E2,2.291472556E-2,6.172445719E-4,1.600560150E-3,9.997359514E-1,1.773739360E2,1.849834814E-1,-6.650955084E-2,1.773738248E2
2.617070211E2,2.291969482E-2,6.127476227E-4,1.605589059E-3,9.997358322E-1,1.773733664E2,1.855481199E-1,-6.598024640E-2,1.773732557E2
2.617120211E2,2.292187212E-2,6.120131584E-4,1.611887943E-3,9.997357726E-1,1.773731169E2,1.862679447E-1,-6.587915540E-2,1.773730059E2
2.617170211E2,2.292493392E-2,6.093543489E-4,1.606310834E-3,9.997357130E-1,1.773727659E2,1.856222381E-1,-6.558863997E-2,1.773726558E2
2.617220211E2,2.291214364E-2,6.179773482E-4,1.600009738E-3,9.997360110E-1,1.773742320E2,1.849221778E-1,-6.659542160E-2,1.773741206E2
2.617270211E2,2.291197082E-2,6.192995352E-4,1.601972035E-3,9.997360110E-1,1.773742518E2,1.851504421E-1,-6.674177281E-2,1.773741401E2
2.617320211E2,2.291174141E-2,6.186656537E-4,1.605494181E-3,9.997360110E-1,1.773742781E2,1.855522653E-1,-6.665994922E-2,1.773741662E2
2.617370211E2,2.291195109E-2,6.190451095E-4,1.602352480E-3,9.997360110E-1,1.773742540E2,1.851933572E-1,-6.671163021E-2,1.773741423E2
2.617420211E2,2.290391953E-2,6.246744306E-4,1.603425015E-3,9.997361898E-1,1.773751746E2,1.853304692E-1,-6.735520559E-2,1.773750618E2
2.617470211E2,2.291157281E-2,6.191469147E-4,1.607713173E-3,9.997360110E-1,1.773742974E2,1.858077292E-1,-6.670928825E-2,1.773741853E2
2.617520211E2,2.291393755E-2,6.174935261E-4,1.611706801E-3,9.997359514E-1,1.773740263E2,1.862610618E-1,-6.650894764E-2,1.773739143E2
2.617570211E2,2.290345501E-2,6.244463730E-4,1.610135077E-3,9.997361898E-1,1.773752279E2,1.860985555E-1,-6.731155349E-2,1.773751146E2
2.617620211E2,2.289554550E-2,6.297744112E-4,1.609523664E-3,9.997363687E-1,1.773761345E2,1.860419590E-1,-6.792501745E-2,1.773760203E2
2.617670211E2,2.291115792E-2,6.181841600E-4,1.613984001E-3,9.997360110E-1,1.773743450E2,1.865235702E-1,-6.658260657E-2,1.773742326E2
2.617720211E2,2.291176471E-2,6.194735179E-4,1.604850055E-3,9.997360110E-1,1.773742754E2,1.854805960E-1,-6.675418612E-2,1.773741635E2
2.617770211E2,2.290395628E-2,6.237707566E-4,1.603251905E-3,9.997361898E-1,1.773751704E2,1.853082678E-1,-6.725212703E-2,1.773750578E2
2.617820211E2,2.291139922E-2,6.181988283E-4,1.610549400E-3,9.997360110E-1,1.773743173E2,1.861301511E-1,-6.659325976E-2,1.773742052E2
2.617870211E2,2.291407731E-2,6.167452084E-4,1.610005391E-3,9.997359514E-1,1.773740103E2,1.860641895E-1,-6.642766102E-2,1.773738986E2
2.617920211E2,2.291158119E-2,6.194278831E-4,1.607485465E-3,9.997360110E-1,1.773742964E2,1.857823809E-1,-6.674207268E-2,1.773741843E2
2.617970211E2,2.290909241E-2,6.212138105E-4,1.605195808E-3,9.997360706E-1,1.773745817E2,1.855245968E-1,-6.695314447E-2,1.773744694E2
2.618020211E2,2.291125082E-2,6.191630382E-4,1.612289110E-3,9.997360110E-1,1.773743343E2,1.863319771E-1,-6.669918087E-2,1.773742219E2
2.618070211E2,2.290072690E-2,6.265885313E-4,1.611097832E-3,9.997362494E-1,1.773755406E2,1.862142889E-1,-6.755494331E-2,1.773754269E2
2.618120211E2,2.289066150E-2,6.331046461E-4,1.603628742E-3,9.997364879E-1,1.773766943E2,1.853750312E-1,-6.832290621E-2,1.773765799E2
2.618170211E2,2.289847564E-2,6.285905838E-4,1.605319674E-3,9.997363091E-1,1.773757986E2,1.855574350E-1,-6.779988293E-2,1.773756849E2
2.618220211E2,2.289815207E-2,6.276767235E-4,1.610285020E-3,9.997363091E-1,1.773758357E2,1.861238535E-1,-6.768222056E-2,1.773757219E2
2.618270211E2,2.288757221E-2,6.356125814E-4,1.609561266E-3,9.997365475E-1,1.773770484E2,1.860610389E-1,-6.859523156E-2,1.773769331E2
2.618320211E2,2.288806835E-2,6.347805611E-4,1.602820470E-3,9.997365475E-1,1.773769915E2,1.852866531E-1,-6.851750223E-2,1.773768768E2
2.618370211E2,2.289316026E-2,6.320370594E-4,1.605537604E-3,9.997364283E-1,1.773764079E2,1.855910835E-1,-6.819513080E-2,1.773762935E2
2.618420211E2,2.289045474E-2,6.326322909E-4,1.606763341E-3,9.997364879E-1,1.773767180E2,1.857328830E-1,-6.826060829E-2,1.773766034E2
2.618470211E2,2.288568023E-2,6.372147473E-4,1.598772244E-3,9.997366071E-1,1.773772652E2,1.848291020E-1,-6.880742562E-2,1.773771504E2
2.618520211E2,2.287800151E-2,6.419212441E-4,1.594968722E-3,9.997367859E-1,1.773781454E2,1.844051757E-1,-6.935800012E-2,1.773780299E2
2.618570211E2,2.288037687E-2,6.404999294E-4,1.598822419E-3,9.997367263E-1,1.773778731E2,1.848430997E-1,-6.918462968E-2,1.773777576E2
2.618620211E2,2.287774266E-2,6.420032005E-4,1.598644303E-3,9.997367859E-1,1.773781751E2,1.848264537E-1,-6.935780058E-2,1.773780593E2
2.618670211E2,2.287239547E-2,6.453412934E-4,1.599263982E-3,9.997369051E-1,1.773787880E2,1.849058244E-1,-6.973958166E-2,1.773786715E2
2.618720211E2,2.288033428E-2,6.408980116E-4,1.599272247E-3,9.997367263E-1,1.773778780E2,1.848956738E-1,-6.922906296E-2,1.773777624E2
2.618770211E2,2.288303291E-2,6.386768655E-4,1.598809962E-3,9.997366667E-1,1.773775687E2,1.848370754E-1,-6.897531847E-2,1.773774535E2
2.618820211E2,2.289096566E-2,6.335422513E-4,1.599107753E-3,9.997364879E-1,1.773766594E2,1.848582676E-1,-6.838484207E-2,1.773765452E2
2.618870211E2,2.288572823E-2,6.374022923E-4,1.598010189E-3,9.997366071E-1,1.773772597E2,1.847422949E-1,-6.883090076E-2,1.773771449E2
2.618920211E2,2.288569385E-2,6.370837218E-4,1.598629402E-3,9.997366071E-1,1.773772637E2,1.848123951E-1,-6.879278726E-2,1.773771488E2
2.618970211E2,2.288292566E-2,6.389355403E-4,1.600241056E-3,9.997366667E-1,1.773775810E2,1.850016950E-1,-6.900121969E-2,1.773774657E2
2.619020211E2,2.287727269E-2,6.416703109E-4,1.605488826E-3,9.997367859E-1,1.773782289E2,1.856096689E-1,-6.930180713E-2,1.773781128E2
2.619070211E2,2.287753695E-2,6.427941262E-4,1.601268188E-3,9.997367859E-1,1.773781986E2,1.851291100E-1,-6.944156917E-2,1.773780825E2
2.619120211E2,2.287237352E-2,6.454407703E-4,1.599537791E-3,9.997369051E-1,1.773787905E2,1.849374517E-1,-6.975026425E-2,1.773786740E2
2.619170211E2,2.287214659E-2,6.468472420E-4,1.602212316E-3,9.997369051E-1,1.773788165E2,1.852475211E-1,-6.990442353E-2,1.773786996E2
2.619220211E2,2.287468125E-2,6.449915818E-4,1.603965880E-3,9.997368455E-1,1.773785260E2,1.854437249E-1,-6.968677003E-2,1.773784093E2
2.619270211E2,2.287439045E-2,6.437234115E-4,1.608615741E-3,9.997368455E-1,1.773785593E2,1.859730764E-1,-6.952935172E-2,1.773784425E2
2.619320211E2,2.287989848E-2,6.402930012E-4,1.605736441E-3,9.997367263E-1,1.773779280E2,1.856346066E-1,-6.914288383E-2,1.773778120E2
2.619370211E2,2.287707029E-2,6.421546568E-4,1.608177088E-3,9.997367859E-1,1.773782521E2,1.859188969E-1,-6.935028442E-2,1.773781357E2
2.619420211E2,2.287689464E-2,6.435486721E-4,1.610117266E-3,9.997367859E-1,1.773782723E2,1.861448098E-1,-6.950493106E-2,1.773781554E2
2.619470211E2,2.288463924E-2,6.370753981E-4,1.613659319E-3,9.997366071E-1,1.773773846E2,1.865341543E-1,-6.875261260E-2,1.773772687E2
2.619520211E2,2.289523463E-2,6.307063159E-4,1.613575849E-3,9.997363687E-1,1.773761701E2,1.865086084E-1,-6.802120379E-2,1.773760555E2
2.619570211E2,2.288713468E-2,6.359334220E-4,1.615644549E-3,9.997365475E-1,1.773770985E2,1.867587620E-1,-6.861611376E-2,1.773769827E2
2.619620211E2,2.287483642E-2,6.443131133E-4,1.602024538E-3,9.997368455E-1,1.773785082E2,1.852195535E-1,-6.961410392E-2,1.773783917E2
2.619670211E2,2.288841396E-2,6.359124091E-4,1.597427414E-3,9.997365475E-1,1.773769519E2,1.846718079E-1,-6.866124992E-2,1.773768374E2
2.619720211E2,2.289325464E-2,6.315620849E-4,1.604378340E-3,9.997364283E-1,1.773763971E2,1.854570364E-1,-6.814374086E-2,1.773762829E2
2.619770211E2,2.288511873E-2,6.375281955E-4,1.606665202E-3,9.997366071E-1,1.773773296E2,1.857341167E-1,-6.882273874E-2,1.773772141E2
2.619820211E2,2.287771388E-2,6.421398721E-4,1.599001233E-3,9.997367859E-1,1.773781784E2,1.848677005E-1,-6.937252743E-2,1.773780625E2
2.619870211E2,2.287215118E-2,6.463960744E-4,1.602328848E-3,9.997369051E-1,1.773788160E2,1.852596888E-1,-6.985243083E-2,1.773786991E2
2.619920211E2,2.286663078E-2,6.499616429E-4,1.605296158E-3,9.997370243E-1,1.773794487E2,1.856085877E-1,-7.025415487E-2,1.773793310E2
2.619970211E2,2.287702767E-2,6.430003559E-4,1.608445426E-3,9.997367859E-1,1.773782570E2,1.859518524E-1,-6.944647336E-2,1.773781404E2
2.620020211E2,2.287758011E-2,6.422940060E-4,1.600852120E-3,9.997367859E-1,1.773781937E2,1.850801362E-1,-6.938535750E-2,1.773780777E2
2.620070211E2,2.287778384E-2,6.422806182E-4,1.597943483E-3,9.997367859E-1,1.773781703E2,1.847468967E-1,-6.939141169E-2,1.773780546E2
2.620120211E2,2.288530640E-2,6.376238307E-4,1.603951794E-3,9.997366071E-1,1.773773081E2,1.854235276E-1,-6.884077611E-2,1.773771928E2
2.620170211E2,2.288007907E-2,6.402981235E-4,1.603159122E-3,9.997367263E-1,1.773779073E2,1.853393703E-1,-6.915019480E-2,1.773777915E2
2.620220211E2,2.288542129E-2,6.372841308E-4,1.602446893E-3,9.997366071E-1,1.773772949E2,1.852502405E-1,-6.880578505E-2,1.773771798E2
2.620270211E2,2.289583275E-2,6.294317427E-4,1.605566707E-3,9.997363687E-1,1.773761015E2,1.855877636E-1,-6.789608963E-2,1.773759877E2
2.620320211E2,2.289001935E-2,6.333185011E-4,1.612684806E-3,9.997364879E-1,1.773767679E2,1.864130268E-1,-6.832376965E-2,1.773766528E2
2.620370211E2,2.287710465E-2,6.419458659E-4,1.607771497E-3,9.997367859E-1,1.773782482E2,1.858718866E-1,-6.932742196E-2,1.773781318E2
2.620420211E2,2.288805302E-2,6.358139217E-4,1.602629782E-3,9.997365475E-1,1.773769933E2,1.852675171E-1,-6.863638847E-2,1.773768784E2
2.620470211E2,2.290091560E-2,6.270210724E-4,1.608244726E-3,9.997362494E-1,1.773755189E2,1.858885801E-1,-6.761194827E-2,1.773754054E2
2.620520211E2,2.289022477E-2,6.329430616E-4,1.609914121E-3,9.997364879E-1,1.773767443E2,1.860946415E-1,-6.828798839E-2,1.773766295E2
2.620570211E2,2.288296407E-2,6.386383320E-4,1.599810319E-3,9.997366667E-1,1.773775766E2,1.849515722E-1,-6.896829350E-2,1.773774614E2
2.620620211E2,2.288532545E-2,6.378284888E-4,1.603598590E-3,9.997366071E-1,1.773773059E2,1.853836020E-1,-6.886514481E-2,1.773771906E2
2.620670211E2,2.287942005E-2,6.403086591E-4,1.612532767E-3,9.997367263E-1,1.773779828E2,1.864132138E-1,-6.912694711E-2,1.773778664E2
2.620720211E2,2.287461043E-2,6.445940817E-4,1.605135272E-3,9.997368455E-1,1.773785341E2,1.855766456E-1,-6.963817958E-2,1.773784174E2
2.620770211E2,2.287768099E-2,6.423181039E-4,1.599400188E-3,9.997367859E-1,1.773781821E2,1.849138705E-1,-6.939190606E-2,1.773780663E2
2.620820211E2,2.288003929E-2,6.414435920E-4,1.603268902E-3,9.997367263E-1,1.773779118E2,1.853549478E-1,-6.928114085E-2,1.773777958E2
2.620870211E2,2.285315155E-2,6.584384246E-4,1.608186052E-3,9.997373223E-1,1.773809937E2,1.859609139E-1,-7.122020184E-2,1.773808742E2
2.620920211E2,2.284816375E-2,6.622247165E-4,1.603388693E-3,9.997374415E-1,1.773815654E2,1.854208788E-1,-7.166745401E-2,1.773814455E2
2.620970211E2,2.285902018E-2,6.550372345E-4,1.600255608E-3,9.997372031E-1,1.773803211E2,1.850438953E-1,-7.085023922E-2,1.773802027E2
2.621020211E2,2.286144672E-2,6.527968799E-4,1.603740500E-3,9.997371435E-1,1.773800429E2,1.854374330E-1,-7.058400185E-2,1.773799248E2
2.621070211E2,2.285876738E-2,6.558822934E-4,1.603517332E-3,9.997372031E-1,1.773803500E2,1.854197603E-1,-7.093855298E-2,1.773802313E2
2.621120211E2,2.286934546E-2,6.478616851E-4,1.604593592E-3,9.997369647E-1,1.773791376E2,1.855227873E-1,-7.001491791E-2,1.773790203E2
2.621170211E2,2.285857782E-2,6.555370637E-4,1.606358215E-3,9.997372031E-1,1.773803718E2,1.857442992E-1,-7.089159636E-2,1.773802529E2
2.621220211E2,2.285858629E-2,6.562688504E-4,1.605938771E-3,9.997372031E-1,1.773803708E2,1.856981646E-1,-7.097652810E-2,1.773802518E2
2.621270211E2,2.287440507E-2,6.444809842E-4,1.608104445E-3,9.997368455E-1,1.773785576E2,1.859164885E-1,-6.961747790E-2,1.773784407E2
2.621320211E2,2.286870761E-2,6.474013207E-4,1.613843604E-3,9.997369647E-1,1.773792107E2,1.865812341E-1,-6.993805492E-2,1.773790928E2
2.621370211E2,2.286610346E-2,6.502602482E-4,1.612669672E-3,9.997370243E-1,1.773795092E2,1.864540563E-1,-7.026914000E-2,1.773793909E2
2.621420211E2,2.286889191E-2,6.482708268E-4,1.610880252E-3,9.997369647E-1,1.773791895E2,1.862440389E-1,-7.004539847E-2,1.773790718E2
2.621470211E2,2.285577773E-2,6.563768839E-4,1.608760795E-3,9.997372627E-1,1.773806927E2,1.860215444E-1,-7.098203480E-2,1.773805735E2
2.621520211E2,2.284787035E-2,6.620026543E-4,1.607655548E-3,9.997374415E-1,1.773815991E2,1.859090951E-1,-7.163089675E-2,1.773814789E2
2.621570211E2,2.287693708E-2,6.429165951E-4,1.609766739E-3,9.997367859E-1,1.773782674E2,1.861029986E-1,-6.943343046E-2,1.773781507E2
2.621620211E2,2.288459687E-2,6.375180674E-4,1.614085399E-3,9.997366071E-1,1.773773894E2,1.865841249E-1,-6.880221592E-2,1.773772734E2
2.621670211E2,2.285824791E-2,6.554175052E-4,1.611094573E-3,9.997372031E-1,1.773804096E2,1.862865684E-1,-7.086555403E-2,1.773802904E2
2.621720211E2,2.285860388E-2,6.559538888E-4,1.605817117E-3,9.997372031E-1,1.773803688E2,1.856834038E-1,-7.094076103E-2,1.773802499E2
2.621770211E2,2.286651086E-2,6.492814864E-4,1.607278478E-3,9.997370243E-1,1.773794625E2,1.858338950E-1,-7.017106288E-2,1.773793447E2
2.621820211E2,2.286364896E-2,6.516621797E-4,1.609951491E-3,9.997370839E-1,1.773797905E2,1.861461575E-1,-7.043732702E-2,1.773796721E2
2.621870211E2,2.286699547E-2,6.492450484E-4,1.600383781E-3,9.997370243E-1,1.773794069E2,1.850439646E-1,-7.018486587E-2,1.773792897E2
2.621920211E2,2.287220823E-2,6.455845432E-4,1.601841534E-3,9.997369051E-1,1.773788094E2,1.852017379E-1,-6.976072736E-2,1.773786928E2
2.621970211E2,2.286398234E-2,6.513899425E-4,1.605320605E-3,9.997370839E-1,1.773797523E2,1.856149450E-1,-7.041821062E-2,1.773796343E2
2.622020211E2,2.285908525E-2,6.549476529E-4,1.599362469E-3,9.997372031E-1,1.773803136E2,1.849413456E-1,-7.084230423E-2,1.773801954E2
2.622070211E2,2.287010018E-2,6.479580188E-4,1.593761379E-3,9.997369647E-1,1.773790511E2,1.842821349E-1,-7.005420349E-2,1.773789345E2
2.622120211E2,2.287449842E-2,6.444858736E-4,1.606774051E-3,9.997368455E-1,1.773785469E2,1.857640955E-1,-6.962150810E-2,1.773784301E2
2.622170211E2,2.286040134E-2,6.529841339E-4,1.618498005E-3,9.997371435E-1,1.773801627E2,1.871284964E-1,-7.056698716E-2,1.773800435E2
2.622220211E2,2.285218245E-2,6.597528118E-4,1.621364616E-3,9.997373223E-1,1.773811048E2,1.874740479E-1,-7.133644836E-2,1.773809841E2
2.622270211E2,2.285006440E-2,6.611138233E-4,1.613891916E-3,9.997373819E-1,1.773813476E2,1.866213746E-1,-7.151233270E-2,1.773812271E2
2.622320211E2,2.286328936E-2,6.520131137E-4,1.614908571E-3,9.997370839E-1,1.773798317E2,1.867149439E-1,-7.046460962E-2,1.773797129E2
2.622370211E2,2.287357453E-2,6.451838999E-4,1.619595336E-3,9.997368455E-1,1.773786528E2,1.872346903E-1,-6.966803901E-2,1.773785350E2
2.622420211E2,2.286590414E-2,6.498669391E-4,1.615651650E-3,9.997370243E-1,1.773795320E2,1.867946324E-1,-7.021630524E-2,1.773794136E2
2.622470211E2,2.285004947E-2,6.604067166E-4,1.614392619E-3,9.997373819E-1,1.773813493E2,1.866768832E-1,-7.143001717E-2,1.773812289E2
2.622520211E2,2.285225070E-2,6.597415195E-4,1.620406867E-3,9.997373223E-1,1.773810970E2,1.873643017E-1,-7.133765005E-2,1.773809763E2
2.622570211E2,2.285226303E-2,6.595595041E-4,1.620307099E-3,9.997373223E-1,1.773810956E2,1.873523962E-1,-7.131705706E-2,1.773809750E2
2.622620211E2,2.285247413E-2,6.600272609E-4,1.617136295E-3,9.997373223E-1,1.773810714E2,1.869903832E-1,-7.137890820E-2,1.773809509E2
2.622670211E2,2.285796544E-2,6.550940452E-4,1.615228481E-3,9.997372031E-1,1.773804420E2,1.867592891E-1,-7.081772203E-2,1.773803226E2
2.622720211E2,2.285515585E-2,6.578374305E-4,1.616978203E-3,9.997372627E-1,1.773807640E2,1.869667274E-1,-7.112795044E-2,1.773806440E2
2.622770211E2,2.284466861E-2,6.650073337E-4,1.614833367E-3,9.997375011E-1,1.773819661E2,1.867390369E-1,-7.195692174E-2,1.773818448E2
2.622820211E2,2.284514369E-2,6.642997032E-4,1.608390943E-3,9.997375011E-1,1.773819116E2,1.859991622E-1,-7.189263195E-2,1.773817909E2
2.622870211E2,2.284769311E-2,6.633715820E-4,1.609608997E-3,9.997374415E-1,1.773816194E2,1.861364577E-1,-7.178264147E-2,1.773814988E2
2.622920211E2,2.285533774E-2,6.579966284E-4,1.614340348E-3,9.997372627E-1,1.773807431E2,1.866649598E-1,-7.115306332E-2,1.773806233E2
2.622970211E2,2.285527363E-2,6.578803295E-4,1.615295070E-3,9.997372627E-1,1.773807505E2,1.867740254E-1,-7.113725136E-2,1.773806306E2
2.623020211E2,2.284743008E-2,6.631325232E-4,1.613436616E-3,9.997374415E-1,1.773816495E2,1.865743120E-1,-7.174528184E-2,1.773815287E2
2.623070211E2,2.284253911E-2,6.659422652E-4,1.607655198E-3,9.997375607E-1,1.773822101E2,1.859189867E-1,-7.208321688E-2,1.773820892E2
2.623120211E2,2.284484349E-2,6.646878901E-4,1.612489228E-3,9.997375011E-1,1.773819460E2,1.864696641E-1,-7.192642997E-2,1.773818250E2
2.623170211E2,2.283990836E-2,6.679259241E-4,1.607143553E-3,9.997376204E-1,1.773825117E2,1.858653744E-1,-7.231229629E-2,1.773823904E2
2.623220211E2,2.284296831E-2,6.662209053E-4,1.601429423E-3,9.997375607E-1,1.773821609E2,1.852065107E-1,-7.213135593E-2,1.773820404E2
2.623270211E2,2.285093728E-2,6.615320453E-4,1.601312659E-3,9.997373819E-1,1.773812475E2,1.851814293E-1,-7.159302256E-2,1.773811279E2
2.623320211E2,2.284837071E-2,6.629644195E-4,1.600130461E-3,9.997374415E-1,1.773815417E2,1.850495616E-1,-7.176068832E-2,1.773814219E2
2.623370211E2,2.283281800E-2,6.729765446E-4,1.594503061E-3,9.997377992E-1,1.773833244E2,1.844299593E-1,-7.292529618E-2,1.773832031E2
2.623420211E2,2.284623747E-2,6.642448716E-4,1.592801884E-3,9.997375011E-1,1.773817862E2,1.842131856E-1,-7.192696073E-2,1.773816667E2
2.623470211E2,2.284879938E-2,6.631102879E-4,1.593937050E-3,9.997374415E-1,1.773814926E2,1.843404456E-1,-7.179353672E-2,1.773813732E2
2.623520211E2,2.283859135E-2,6.692283787E-4,1.588127809E-3,9.997376800E-1,1.773826626E2,1.836902089E-1,-7.251152100E-2,1.773825425E2
2.623570211E2,2.283635839E-2,6.710012676E-4,1.581956516E-3,9.997377396E-1,1.773829186E2,1.829876920E-1,-7.273118631E-2,1.773827986E2
2.623620211E2,2.284685939E-2,6.643143715E-4,1.583826961E-3,9.997375011E-1,1.773817149E2,1.831852285E-1,-7.195830612E-2,1.773815961E2
2.623670211E2,2.284656119E-2,6.643309025E-4,1.588115818E-3,9.997375011E-1,1.773817491E2,1.836765898E-1,-7.194902572E-2,1.773816299E2
2.623720211E2,2.284707379E-2,6.636071485E-4,1.581028220E-3,9.997375011E-1,1.773816904E2,1.828627632E-1,-7.188457396E-2,1.773815718E2
2.623770211E2,2.284733050E-2,6.630424759E-4,1.577551593E-3,9.997375011E-1,1.773816609E2,1.824630142E-1,-7.182893988E-2,1.773815427E2
2.623820211E2,2.285232973E-2,6.609375705E-4,1.581565361E-3,9.997373819E-1,1.773810879E2,1.829176852E-1,-7.157637506E-2,1.773809698E2
2.623870211E2,2.285182575E-2,6.598085165E-4,1.589299878E-3,9.997373819E-1,1.773811457E2,1.838007727E-1,-7.142686639E-2,1.773810273E2
2.623920211E2,2.284942762E-2,6.621712237E-4,1.585298218E-3,9.997374415E-1,1.773814206E2,1.833483510E-1,-7.170846083E-2,1.773813020E2
2.623970211E2,2.284948115E-2,6.612809375E-4,1.584898215E-3,9.997374415E-1,1.773814144E2,1.833001984E-1,-7.160750588E-2,1.773812960E2
2.624020211E2,2.285439948E-2,6.583110662E-4,1.590405707E-3,9.997373223E-1,1.773808507E2,1.839237202E-1,-7.125194685E-2,1.773807324E2
2.624070211E2,2.285972465E-2,6.543982308E-4,1.590423635E-3,9.997372031E-1,1.773802403E2,1.839159024E-1,-7.080265998E-2,1.773801228E2
2.624120211E2,2.285999852E-2,6.555605796E-4,1.586002298E-3,9.997372031E-1,1.773802089E2,1.834124506E-1,-7.094735250E-2,1.773800915E2
2.624170211E2,2.286040842E-2,6.542581832E-4,1.580622862E-3,9.997372031E-1,1.773801619E2,1.827927895E-1,-7.081216551E-2,1.773800451E2
2.624220211E2,2.286040889E-2,6.539300084E-4,1.580751850E-3,9.997372031E-1,1.773801619E2,1.828067069E-1,-7.077423132E-2,1.773800451E2
2.624270211E2,2.286303526E-2,6.527921068E-4,1.580934739E-3,9.997371435E-1,1.773798608E2,1.828248632E-1,-7.064291222E-2,1.773797443E2
2.624320211E2,2.286312297E-2,6.521838950E-4,1.579917036E-3,9.997371435E-1,1.773798508E2,1.827066859E-1,-7.057588496E-2,1.773797344E2
2.624370211E2,2.286565807E-2,6.517778384E-4,1.581112971E-3,9.997370839E-1,1.773795602E2,1.828428092E-1,-7.052576947E-2,1.773794439E2
2.624420211E2,2.286303524E-2,6.533940323E-4,1.580686308E-3,9.997371435E-1,1.773798608E2,1.827979798E-1,-7.071252058E-2,1.773797442E2
2.624470211E2,2.286564671E-2,6.518235896E-4,1.581258373E-3,9.997370839E-1,1.773795615E2,1.828595859E-1,-7.053063187E-2,1.773794451E2
2.624520211E2,2.286083718E-2,6.549935206E-4,1.574103720E-3,9.997372031E-1,1.773801128E2,1.820479018E-1,-7.091340717E-2,1.773799963E2
2.624570211E2,2.285816855E-2,6.565108197E-4,1.574370195E-3,9.997372627E-1,1.773804187E2,1.820822152E-1,-7.108701914E-2,1.773803019E2
2.624620211E2,2.286888313E-2,6.496055285E-4,1.573030953E-3,9.997370243E-1,1.773791906E2,1.819114528E-1,-7.029749718E-2,1.773790752E2
2.624670211E2,2.285834112E-2,6.558469031E-4,1.572139794E-3,9.997372627E-1,1.773803989E2,1.818249693E-1,-7.101677096E-2,1.773802824E2
2.624720211E2,2.285597132E-2,6.574031431E-4,1.568035572E-3,9.997373223E-1,1.773806705E2,1.813586903E-1,-7.120623701E-2,1.773805540E2
2.624770211E2,2.286119894E-2,6.548975362E-4,1.568880980E-3,9.997372031E-1,1.773800713E2,1.814493493E-1,-7.091602782E-2,1.773799552E2
2.624820211E2,2.285837704E-2,6.557268207E-4,1.571667613E-3,9.997372627E-1,1.773803948E2,1.817705634E-1,-7.100424448E-2,1.773802783E2
2.624870211E2,2.285599099E-2,6.582092028E-4,1.567410538E-3,9.997373223E-1,1.773806683E2,1.812891981E-1,-7.130021395E-2,1.773805517E2
2.624920211E2,2.285594676E-2,6.571424310E-4,1.568502863E-3,9.997373223E-1,1.773806733E2,1.814115393E-1,-7.117514996E-2,1.773805569E2
2.624970211E2,2.286093681E-2,6.540670875E-4,1.573041547E-3,9.997372031E-1,1.773801014E2,1.819237970E-1,-7.081003815E-2,1.773799852E2
2.625020211E2,2.284479003E-2,6.656273035E-4,1.575479750E-3,9.997375607E-1,1.773819521E2,1.822322450E-1,-7.213094931E-2,1.773818336E2
2.625070211E2,2.284509334E-2,6.653818418E-4,1.571179368E-3,9.997375607E-1,1.773819174E2,1.817389645E-1,-7.211403185E-2,1.773817992E2
2.625120211E2,2.284508413E-2,6.658013444E-4,1.571135595E-3,9.997375607E-1,1.773819184E2,1.817350475E-1,-7.216220698E-2,1.773818002E2
2.625170211E2,2.284999827E-2,6.611177232E-4,1.577493502E-3,9.997374415E-1,1.773813552E2,1.824515104E-1,-7.160810252E-2,1.773812373E2
2.625220211E2,2.284483069E-2,6.646936527E-4,1.575284288E-3,9.997375607E-1,1.773819475E2,1.822074111E-1,-7.202449313E-2,1.773818291E2
2.625270211E2,2.284759992E-2,6.642273511E-4,1.573145040E-3,9.997375011E-1,1.773816301E2,1.819613133E-1,-7.197616933E-2,1.773815120E2
2.625320211E2,2.285793272E-2,6.571039557E-4,1.577543560E-3,9.997372627E-1,1.773804457E2,1.824472987E-1,-7.114670018E-2,1.773803286E2
2.625370211E2,2.285766819E-2,6.558666937E-4,1.581885386E-3,9.997372627E-1,1.773804760E2,1.829414462E-1,-7.099363282E-2,1.773803588E2
2.625420211E2,2.284966550E-2,6.628028932E-4,1.581601216E-3,9.997374415E-1,1.773813933E2,1.829264869E-1,-7.179046282E-2,1.773812749E2
2.625470211E2,2.285514600E-2,6.579660694E-4,1.579785254E-3,9.997373223E-1,1.773807651E2,1.827061711E-1,-7.124010249E-2,1.773806477E2
2.625520211E2,2.287104486E-2,6.470503286E-4,1.580518903E-3,9.997369647E-1,1.773789428E2,1.827627401E-1,-6.998475089E-2,1.773788273E2
2.625570211E2,2.286297997E-2,6.527639343E-4,1.581745688E-3,9.997371435E-1,1.773798672E2,1.829176893E-1,-7.063757014E-2,1.773797506E2
2.625620211E2,2.286603291E-2,6.515244022E-4,1.575787552E-3,9.997370839E-1,1.773795173E2,1.822320819E-1,-7.051062148E-2,1.773794013E2
2.625670211E2,2.287374967E-2,6.463417667E-4,1.579368138E-3,9.997369051E-1,1.773786327E2,1.826292382E-1,-6.990609900E-2,1.773785175E2
2.625720211E2,2.286586444E-2,6.506068748E-4,1.578608761E-3,9.997370839E-1,1.773795366E2,1.825528683E-1,-7.039814634E-2,1.773794206E2
2.625770211E2,2.286349332E-2,6.522389594E-4,1.574525610E-3,9.997371435E-1,1.773798083E2,1.820892047E-1,-7.059625152E-2,1.773796924E2
2.625820211E2,2.287429996E-2,6.459120777E-4,1.571554691E-3,9.997369051E-1,1.773785697E2,1.817330279E-1,-6.987725424E-2,1.773784551E2
2.625870211E2,2.287440936E-2,6.451641093E-4,1.570269000E-3,9.997369051E-1,1.773785571E2,1.815837836E-1,-6.979491622E-2,1.773784428E2
2.625920211E2,2.287140095E-2,6.476914277E-4,1.575094182E-3,9.997369647E-1,1.773789020E2,1.821429797E-1,-7.007234918E-2,1.773787868E2
2.625970211E2,2.286887218E-2,6.484300829E-4,1.573674963E-3,9.997370243E-1,1.773791918E2,1.819821502E-1,-7.016115066E-2,1.773790766E2
2.626020211E2,2.286619879E-2,6.502625765E-4,1.573900459E-3,9.997370839E-1,1.773794982E2,1.820125981E-1,-7.037097957E-2,1.773793827E2
2.626070211E2,2.286596718E-2,6.504014018E-4,1.577204559E-3,9.997370839E-1,1.773795248E2,1.823914692E-1,-7.037826781E-2,1.773794090E2
2.626120211E2,2.287071941E-2,6.468498614E-4,1.585303107E-3,9.997369647E-1,1.773789801E2,1.833102789E-1,-6.994930560E-2,1.773788643E2
2.626170211E2,2.287089134E-2,6.468178472E-4,1.582833938E-3,9.997369647E-1,1.773789604E2,1.830273346E-1,-6.995207800E-2,1.773788448E2
2.626220211E2,2.286827366E-2,6.496814894E-4,1.581835328E-3,9.997370243E-1,1.773792604E2,1.829202540E-1,-7.028323727E-2,1.773791444E2
2.626270211E2,2.287589700E-2,6.446935004E-4,1.586653641E-3,9.997368455E-1,1.773783866E2,1.834597073E-1,-6.969777999E-2,1.773782712E2
2.626320211E2,2.286726218E-2,6.494976114E-4,1.596465590E-3,9.997370243E-1,1.773793763E2,1.845957702E-1,-7.022401818E-2,1.773792593E2
2.626370211E2,2.285944464E-2,6.552179693E-4,1.594106550E-3,9.997372031E-1,1.773802724E2,1.843399516E-1,-7.088697411E-2,1.773801545E2
2.626420211E2,2.286243021E-2,6.533833803E-4,1.589417690E-3,9.997371435E-1,1.773799302E2,1.837981920E-1,-7.068853501E-2,1.773798129E2
2.626470211E2,2.285394830E-2,6.594094448E-4,1.596422866E-3,9.997373223E-1,1.773809024E2,1.846159017E-1,-7.136210286E-2,1.773807835E2
2.626520211E2,2.284299696E-2,6.661657244E-4,1.601043623E-3,9.997375607E-1,1.773821577E2,1.851621703E-1,-7.212603894E-2,1.773820372E2
2.626570211E2,2.284317759E-2,6.666532136E-4,1.598261180E-3,9.997375607E-1,1.773821370E2,1.848446977E-1,-7.218913676E-2,1.773820166E2
2.626620211E2,2.285406144E-2,6.588915712E-4,1.595016336E-3,9.997373223E-1,1.773808894E2,1.844534187E-1,-7.130643730E-2,1.773807708E2
2.626670211E2,2.285904530E-2,6.552055711E-4,1.599827781E-3,9.997372031E-1,1.773803182E2,1.849953255E-1,-7.087064018E-2,1.773801999E2
2.626720211E2,2.285103859E-2,6.614650483E-4,1.599894022E-3,9.997373819E-1,1.773812359E2,1.850187394E-1,-7.158904344E-2,1.773811164E2
2.626770211E2,2.284611741E-2,6.641878863E-4,1.594546717E-3,9.997375011E-1,1.773818000E2,1.844129191E-1,-7.191588639E-2,1.773816804E2
2.626820211E2,2.285423757E-2,6.593889557E-4,1.592284767E-3,9.997373223E-1,1.773808693E2,1.841418004E-1,-7.137053996E-2,1.773807507E2
2.626870211E2,2.285697530E-2,6.560771726E-4,1.591778942E-3,9.997372627E-1,1.773805554E2,1.840753723E-1,-7.099195782E-2,1.773804375E2
2.626920211E2,2.285699701E-2,6.576910382E-4,1.590800937E-3,9.997372627E-1,1.773805530E2,1.839675594E-1,-7.117940240E-2,1.773804348E2
2.626970211E2,2.285458998E-2,6.583456998E-4,1.587651554E-3,9.997373223E-1,1.773808289E2,1.836083036E-1,-7.126309278E-2,1.773807108E2
2.627020211E2,2.286212754E-2,6.534070708E-4,1.593755558E-3,9.997371435E-1,1.773799649E2,1.842951867E-1,-7.067993978E-2,1.773798473E2
2.627070211E2,2.285107565E-2,6.610532291E-4,1.599534880E-3,9.997373819E-1,1.773812317E2,1.849765197E-1,-7.154279842E-2,1.773811123E2
2.627120211E2,2.285147833E-2,6.606361130E-4,1.593944617E-3,9.997373819E-1,1.773811855E2,1.843350251E-1,-7.150957775E-2,1.773810666E2
2.627170211E2,2.286236384E-2,6.527282530E-4,1.590640983E-3,9.997371435E-1,1.773799378E2,1.839366134E-1,-7.061028990E-2,1.773798206E2
2.627220211E2,2.286182274E-2,6.526940269E-4,1.598413219E-3,9.997371435E-1,1.773799998E2,1.848268870E-1,-7.058610603E-2,1.773798821E2
2.627270211E2,2.285378153E-2,6.582076894E-4,1.599303563E-3,9.997373223E-1,1.773809215E2,1.849427601E-1,-7.121691429E-2,1.773808027E2
2.627320211E2,2.285137277E-2,6.597016472E-4,1.595843933E-3,9.997373819E-1,1.773811976E2,1.845501594E-1,-7.139756967E-2,1.773810787E2
2.627370211E2,2.285666864E-2,6.571799750E-4,1.595722628E-3,9.997372627E-1,1.773805906E2,1.845300351E-1,-7.110802326E-2,1.773804722E2
2.627420211E2,2.286148041E-2,6.528420490E-4,1.603241777E-3,9.997371435E-1,1.773800391E2,1.853804191E-1,-7.059047683E-2,1.773799209E2
2.627470211E2,2.286699137E-2,6.492179818E-4,1.600453397E-3,9.997370243E-1,1.773794074E2,1.850518687E-1,-7.018158341E-2,1.773792901E2
2.627520211E2,2.287003739E-2,6.472182577E-4,1.594962552E-3,9.997369647E-1,1.773790583E2,1.844178001E-1,-6.996631888E-2,1.773789418E2
2.627570211E2,2.287224195E-2,6.463899044E-4,1.601035125E-3,9.997369051E-1,1.773788056E2,1.851114677E-1,-6.985509813E-2,1.773786888E2
2.627620211E2,2.286967639E-2,6.470981170E-4,1.600179123E-3,9.997369647E-1,1.773790996E2,1.850150796E-1,-6.993895044E-2,1.773789828E2
2.627670211E2,2.287512085E-2,6.440309226E-4,1.598071773E-3,9.997368455E-1,1.773784756E2,1.847659976E-1,-6.959208489E-2,1.773783595E2
2.627720211E2,2.287790969E-2,6.423068698E-4,1.596129965E-3,9.997367859E-1,1.773781559E2,1.845392144E-1,-6.939915042E-2,1.773780403E2
2.627770211E2,2.288311789E-2,6.381423445E-4,1.597806811E-3,9.997366667E-1,1.773775589E2,1.847207567E-1,-6.891669788E-2,1.773774440E2
2.627820211E2,2.288307040E-2,6.395649980E-4,1.597918221E-3,9.997366667E-1,1.773775644E2,1.847372477E-1,-6.907939570E-2,1.773774491E2
2.627870211E2,2.288349989E-2,6.387921167E-4,1.592066023E-3,9.997366667E-1,1.773775152E2,1.840648123E-1,-6.900612061E-2,1.773774005E2
2.627920211E2,2.288369130E-2,6.376706297E-4,1.589762745E-3,9.997366667E-1,1.773774932E2,1.837980168E-1,-6.888364633E-2,1.773773789E2
2.627970211E2,2.289127183E-2,6.335900398E-4,1.594700036E-3,9.997364879E-1,1.773766243E2,1.843534583E-1,-6.840182278E-2,1.773765104E2
2.628020211E2,2.288841056E-2,6.345213624E-4,1.598029165E-3,9.997365475E-1,1.773769523E2,1.847370963E-1,-6.850031193E-2,1.773768380E2
2.628070211E2,2.288050337E-2,6.405616296E-4,1.596986316E-3,9.997367263E-1,1.773778586E2,1.846329231E-1,-6.919648907E-2,1.773777433E2
2.628120211E2,2.288572262E-2,6.368585164E-4,1.598307281E-3,9.997366071E-1,1.773772604E2,1.847749036E-1,-6.876782689E-2,1.773771456E2
2.628170211E2,2.288812485E-2,6.358492537E-4,1.601589611E-3,9.997365475E-1,1.773769850E2,1.851484509E-1,-6.864315112E-2,1.773768702E2
2.628220211E2,2.287802902E-2,6.413949304E-4,1.594785717E-3,9.997367859E-1,1.773781422E2,1.843828322E-1,-6.929817959E-2,1.773780269E2
2.628270211E2,2.288328553E-2,6.381372223E-4,1.595406211E-3,9.997366667E-1,1.773775397E2,1.844457378E-1,-6.892237530E-2,1.773774249E2
2.628320211E2,2.288833232E-2,6.346225855E-4,1.599109266E-3,9.997365475E-1,1.773769613E2,1.848610948E-1,-6.850908962E-2,1.773768469E2
2.628370211E2,2.288531700E-2,6.373553188E-4,1.603907323E-3,9.997366071E-1,1.773773069E2,1.854177295E-1,-6.881012966E-2,1.773771916E2
2.628420211E2,2.287499344E-2,6.450847141E-4,1.599469921E-3,9.997368455E-1,1.773784902E2,1.849289257E-1,-6.970916720E-2,1.773783738E2
2.628470211E2,2.288033723E-2,6.403979496E-4,1.599430339E-3,9.997367263E-1,1.773778777E2,1.849124740E-1,-6.917136008E-2,1.773777622E2
2.628520211E2,2.288806907E-2,6.359389517E-4,1.602350967E-3,9.997365475E-1,1.773769914E2,1.852359047E-1,-6.865144042E-2,1.773768766E2
2.628570211E2,2.288022001E-2,6.404757150E-4,1.601075288E-3,9.997367263E-1,1.773778911E2,1.851011180E-1,-6.917597763E-2,1.773777755E2
2.628620211E2,2.286982809E-2,6.477653515E-4,1.597739174E-3,9.997369647E-1,1.773790822E2,1.847373142E-1,-7.002175635E-2,1.773789655E2
2.628670211E2,2.286719300E-2,6.505383644E-4,1.597032649E-3,9.997370243E-1,1.773793843E2,1.846634562E-1,-7.034177515E-2,1.773792670E2
2.628720211E2,2.286725689E-2,6.494955160E-4,1.596542192E-3,9.997370243E-1,1.773793770E2,1.846045399E-1,-7.022357836E-2,1.773792599E2
2.628770211E2,2.286723512E-2,6.487391074E-4,1.597161521E-3,9.997370243E-1,1.773793795E2,1.846735076E-1,-7.013530415E-2,1.773792625E2
2.628820211E2,2.286720694E-2,6.501419120E-4,1.596994582E-3,9.997370243E-1,1.773793827E2,1.846580571E-1,-7.029645417E-2,1.773792655E2
2.628870211E2,2.286476204E-2,6.516579888E-4,1.594067202E-3,9.997370839E-1,1.773796629E2,1.843264921E-1,-7.047826014E-2,1.773795457E2
2.628920211E2,2.286173463E-2,6.530186511E-4,1.599540468E-3,9.997371435E-1,1.773800099E2,1.849568711E-1,-7.062035848E-2,1.773798920E2
2.628970211E2,2.285903986E-2,6.560284528E-4,1.599568292E-3,9.997372031E-1,1.773803188E2,1.849677533E-1,-7.096559149E-2,1.773802003E2
2.629020211E2,2.286456082E-2,6.523010670E-4,1.596688177E-3,9.997370839E-1,1.773796860E2,1.846284266E-1,-7.054510173E-2,1.773795684E2
2.629070211E2,2.286742218E-2,6.493849214E-4,1.594218076E-3,9.997370243E-1,1.773793580E2,1.843380068E-1,-7.021696839E-2,1.773792412E2
2.629120211E2,2.286469196E-2,6.520542083E-4,1.594910165E-3,9.997370839E-1,1.773796710E2,1.844240968E-1,-7.052145581E-2,1.773795536E2
2.629170211E2,2.285971495E-2,6.550838007E-4,1.590280794E-3,9.997372031E-1,1.773802414E2,1.839013336E-1,-7.088157585E-2,1.773801238E2
2.629220211E2,2.285980619E-2,6.540308241E-4,1.589402440E-3,9.997372031E-1,1.773802310E2,1.837979556E-1,-7.076322950E-2,1.773801136E2
2.629270211E2,2.286511313E-2,6.519550807E-4,1.588901388E-3,9.997370839E-1,1.773796227E2,1.837354904E-1,-7.052576652E-2,1.773795057E2
2.629320211E2,2.286257536E-2,6.530527608E-4,1.587464474E-3,9.997371435E-1,1.773799136E2,1.835735720E-1,-7.065574945E-2,1.773797965E2
2.629370211E2,2.286288964E-2,6.536687142E-4,1.582677476E-3,9.997371435E-1,1.773798775E2,1.830268010E-1,-7.073879829E-2,1.773797607E2
2.629420211E2,2.285779917E-2,6.561189075E-4,1.579886884E-3,9.997372627E-1,1.773804610E2,1.827131642E-1,-7.102773778E-2,1.773803439E2
2.629470211E2,2.286544160E-2,6.505916244E-4,1.584727783E-3,9.997370839E-1,1.773795850E2,1.832538048E-1,-7.038044273E-2,1.773794686E2
2.629520211E2,2.285736247E-2,6.570773548E-4,1.585795544E-3,9.997372627E-1,1.773805111E2,1.833925508E-1,-7.112214171E-2,1.773803934E2
2.629570211E2,2.285455227E-2,6.592312129E-4,1.587826875E-3,9.997373223E-1,1.773808332E2,1.836307055E-1,-7.136408624E-2,1.773807149E2
2.629620211E2,2.286490871E-2,6.512473919E-4,1.592129935E-3,9.997370839E-1,1.773796461E2,1.841034896E-1,-7.043627064E-2,1.773795291E2
2.629670211E2,2.286742933E-2,6.499676383E-4,1.593878027E-3,9.997370243E-1,1.773793572E2,1.843005779E-1,-7.028461508E-2,1.773792403E2
2.629720211E2,2.285444642E-2,6.590377307E-4,1.589429914E-3,9.997373223E-1,1.773808453E2,1.838138382E-1,-7.133774163E-2,1.773807270E2
2.629770211E2,2.285979910E-2,6.544805365E-4,1.589319319E-3,9.997372031E-1,1.773802318E2,1.837896109E-1,-7.081496827E-2,1.773801143E2
2.629820211E2,2.287000990E-2,6.470133085E-4,1.595439739E-3,9.997369647E-1,1.773790614E2,1.844719283E-1,-6.994159405E-2,1.773789449E2
2.629870211E2,2.285908083E-2,6.554596475E-4,1.599215902E-3,9.997372031E-1,1.773803141E2,1.849258957E-1,-7.090134385E-2,1.773801958E2
2.629920211E2,2.285156838E-2,6.609798293E-4,1.592510496E-3,9.997373819E-1,1.773811752E2,1.841716363E-1,-7.155269335E-2,1.773810563E2
2.629970211E2,2.285176005E-2,6.596597377E-4,1.590305939E-3,9.997373819E-1,1.773811532E2,1.839156346E-1,-7.140719953E-2,1.773810347E2
2.630020211E2,2.284881957E-2,6.615684833E-4,1.594288158E-3,9.997374415E-1,1.773814903E2,1.843766333E-1,-7.161598220E-2,1.773813711E2
2.630070211E2,2.285680302E-2,6.566546508E-4,1.594013069E-3,9.997372627E-1,1.773805752E2,1.843328184E-1,-7.105229442E-2,1.773804570E2
2.630120211E2,2.286782977E-2,6.501114112E-4,1.588063547E-3,9.997370243E-1,1.773793113E2,1.836348656E-1,-7.031624941E-2,1.773791947E2
2.630170211E2,2.286518305E-2,6.517219008E-4,1.587990555E-3,9.997370839E-1,1.773796147E2,1.836305376E-1,-7.050142687E-2,1.773794978E2
2.630220211E2,2.285966739E-2,6.546460208E-4,1.591144479E-3,9.997372031E-1,1.773802469E2,1.839991287E-1,-7.082916935E-2,1.773801293E2
2.630270211E2,2.286268090E-2,6.535058492E-4,1.585757127E-3,9.997371435E-1,1.773799015E2,1.833791699E-1,-7.071210979E-2,1.773797844E2
2.630320211E2,2.285765757E-2,6.558040623E-4,1.582064782E-3,9.997372627E-1,1.773804772E2,1.829618333E-1,-7.098598970E-2,1.773803601E2
2.630370211E2,2.286814519E-2,6.499836454E-4,1.583567588E-3,9.997370243E-1,1.773792751E2,1.831194877E-1,-7.031333662E-2,1.773791589E2
2.630420211E2,2.287054320E-2,6.483606994E-4,1.587226987E-3,9.997369647E-1,1.773790003E2,1.835346297E-1,-7.011737944E-2,1.773788841E2
2.630470211E2,2.286312011E-2,6.521054893E-4,1.579990727E-3,9.997371435E-1,1.773798511E2,1.827149224E-1,-7.056671013E-2,1.773797348E2
2.630520211E2,2.286599250E-2,6.513684057E-4,1.576438197E-3,9.997370839E-1,1.773795219E2,1.823062093E-1,-7.049105273E-2,1.773794059E2
2.630570211E2,2.287901491E-2,6.413127994E-4,1.580612385E-3,9.997367859E-1,1.773780292E2,1.827589632E-1,-6.932574922E-2,1.773779149E2
2.630620211E2,2.288141689E-2,6.410329370E-4,1.583652920E-3,9.997367263E-1,1.773777539E2,1.831067249E-1,-6.928527598E-2,1.773776394E2
2.630670211E2,2.286094738E-2,6.539128372E-4,1.572952140E-3,9.997372031E-1,1.773801002E2,1.819131510E-1,-7.079259931E-2,1.773799840E2
2.630720211E2,2.286124742E-2,6.537849549E-4,1.568638603E-3,9.997372031E-1,1.773800658E2,1.814186706E-1,-7.078919505E-2,1.773799499E2
2.630770211E2,2.286357618E-2,6.519111921E-4,1.573457732E-3,9.997371435E-1,1.773797988E2,1.819660137E-1,-7.056148486E-2,1.773796830E2
2.630820211E2,2.285570272E-2,6.585413357E-4,1.571469358E-3,9.997373223E-1,1.773807013E2,1.817550334E-1,-7.132768504E-2,1.773805844E2
2.630870211E2,2.285331672E-2,6.597278989E-4,1.567748608E-3,9.997373819E-1,1.773809748E2,1.813317150E-1,-7.147379762E-2,1.773808579E2
2.630920211E2,2.286386934E-2,6.520290044E-4,1.569143147E-3,9.997371435E-1,1.773797652E2,1.814720565E-1,-7.058623301E-2,1.773796497E2
2.630970211E2,2.285827794E-2,6.571554695E-4,1.572511974E-3,9.997372627E-1,1.773804061E2,1.818710305E-1,-7.116571885E-2,1.773802894E2
2.631020211E2,2.285315419E-2,6.590245757E-4,1.570411259E-3,9.997373819E-1,1.773809934E2,1.816348995E-1,-7.138628013E-2,1.773808765E2
2.631070211E2,2.286123938E-2,6.537167355E-4,1.568784239E-3,9.997372031E-1,1.773800667E2,1.814351756E-1,-7.078099966E-2,1.773799508E2
2.631120211E2,2.286383667E-2,6.520264433E-4,1.569620217E-3,9.997371435E-1,1.773797690E2,1.815267015E-1,-7.058469555E-2,1.773796534E2
2.631170211E2,2.285337031E-2,6.592880818E-4,1.567152329E-3,9.997373819E-1,1.773809687E2,1.812622560E-1,-7.142496341E-2,1.773808519E2
2.631220211E2,2.284799650E-2,6.641771761E-4,1.567395986E-3,9.997375011E-1,1.773815846E2,1.813025882E-1,-7.198540182E-2,1.773814669E2
2.631270211E2,2.284817157E-2,6.634764723E-4,1.565139042E-3,9.997375011E-1,1.773815645E2,1.810422063E-1,-7.191100580E-2,1.773814471E2
2.631320211E2,2.285623774E-2,6.577715976E-4,1.563992468E-3,9.997373223E-1,1.773806400E2,1.808964890E-1,-7.125898929E-2,1.773805237E2
2.631370211E2,2.285366410E-2,6.594425649E-4,1.562796882E-3,9.997373819E-1,1.773809350E2,1.807637137E-1,-7.145401469E-2,1.773808185E2
2.631420211E2,2.285893503E-2,6.556589506E-4,1.563559403E-3,9.997372627E-1,1.773803308E2,1.808415339E-1,-7.101760767E-2,1.773802150E2
2.631470211E2,2.286145095E-2,6.542217452E-4,1.565487124E-3,9.997372031E-1,1.773800424E2,1.810587903E-1,-7.084745386E-2,1.773799267E2
2.631520211E2,2.286109823E-2,6.548428792E-4,1.570370630E-3,9.997372031E-1,1.773800829E2,1.816198560E-1,-7.090588191E-2,1.773799667E2
2.631570211E2,2.285853415E-2,6.570828846E-4,1.568813575E-3,9.997372627E-1,1.773803768E2,1.814471633E-1,-7.116704481E-2,1.773802603E2
2.631620211E2,2.285614814E-2,6.579284091E-4,1.565235434E-3,9.997373223E-1,1.773806503E2,1.810392899E-1,-7.127371442E-2,1.773805339E2
2.631670211E2,2.285881178E-2,6.567430682E-4,1.564905746E-3,9.997372627E-1,1.773803449E2,1.809986048E-1,-7.113830130E-2,1.773802288E2
2.631720211E2,2.285906404E-2,6.553612184E-4,1.561797224E-3,9.997372627E-1,1.773803160E2,1.806388846E-1,-7.098809186E-2,1.773802004E2
2.631770211E2,2.285912398E-2,6.557215238E-4,1.560768229E-3,9.997372627E-1,1.773803092E2,1.805219493E-1,-7.103205369E-2,1.773801935E2
2.631820211E2,2.285386674E-2,6.589068216E-4,1.560057164E-3,9.997373819E-1,1.773809118E2,1.804484578E-1,-7.139977776E-2,1.773807956E2
2.631870211E2,2.285909736E-2,6.563788629E-4,1.560881850E-3,9.997372627E-1,1.773803122E2,1.805366862E-1,-7.110706660E-2,1.773801964E2
2.631920211E2,2.285917321E-2,6.556429435E-4,1.560080098E-3,9.997372627E-1,1.773803035E2,1.804429134E-1,-7.102484514E-2,1.773801879E2
2.631970211E2,2.285637412E-2,6.574171130E-4,1.562147285E-3,9.997373223E-1,1.773806244E2,1.806841827E-1,-7.122318734E-2,1.773805083E2
2.632020211E2,2.286698247E-2,6.514096167E-4,1.561995363E-3,9.997370839E-1,1.773794084E2,1.806517901E-1,-7.053344059E-2,1.773792935E2
2.632070211E2,2.287199133E-2,6.470048102E-4,1.566781546E-3,9.997369647E-1,1.773788343E2,1.811889109E-1,-7.001536959E-2,1.773787198E2
2.632120211E2,2.287193139E-2,6.465141196E-4,1.567858737E-3,9.997369647E-1,1.773788412E2,1.813110254E-1,-6.995634286E-2,1.773787267E2
2.632170211E2,2.286151583E-2,6.542751798E-4,1.564517035E-3,9.997372031E-1,1.773800350E2,1.809477997E-1,-7.085610515E-2,1.773799194E2
2.632220211E2,2.286433852E-2,6.521352916E-4,1.562247402E-3,9.997371435E-1,1.773797115E2,1.806823791E-1,-7.061639235E-2,1.773795964E2
2.632270211E2,2.286922617E-2,6.490331143E-4,1.568272826E-3,9.997370243E-1,1.773791512E2,1.813648771E-1,-7.024432797E-2,1.773790363E2
2.632320211E2,2.285578802E-2,6.574732834E-4,1.570675755E-3,9.997373223E-1,1.773806915E2,1.816613252E-1,-7.120739046E-2,1.773805749E2
2.632370211E2,2.285063567E-2,6.620300119E-4,1.567848609E-3,9.997374415E-1,1.773812821E2,1.813490085E-1,-7.173775559E-2,1.773811648E2
2.632420211E2,2.286377588E-2,6.528504309E-4,1.570163178E-3,9.997371435E-1,1.773797760E2,1.815910589E-1,-7.067768121E-2,1.773796602E2
2.632470211E2,2.285293222E-2,6.593861617E-4,1.573486719E-3,9.997373819E-1,1.773810189E2,1.819881610E-1,-7.141969005E-2,1.773809016E2
2.632520211E2,2.284199790E-2,6.675301702E-4,1.577334828E-3,9.997376204E-1,1.773822722E2,1.824495462E-1,-7.234459768E-2,1.773821532E2
2.632570211E2,2.284474010E-2,6.652442389E-4,1.576365205E-3,9.997375607E-1,1.773819579E2,1.823326778E-1,-7.208475588E-2,1.773818393E2
2.632620211E2,2.285248120E-2,6.597340107E-4,1.579878270E-3,9.997373819E-1,1.773810706E2,1.827212676E-1,-7.144288392E-2,1.773809528E2
2.632670211E2,2.284190517E-2,6.675925688E-4,1.578650670E-3,9.997376204E-1,1.773822828E2,1.826004482E-1,-7.234831872E-2,1.773821637E2
2.632720211E2,2.284241099E-2,6.675988552E-4,1.571312081E-3,9.997376204E-1,1.773822248E2,1.817597788E-1,-7.236815652E-2,1.773821062E2
2.632770211E2,2.285312050E-2,6.596100284E-4,1.570655731E-3,9.997373819E-1,1.773809973E2,1.816644376E-1,-7.145271634E-2,1.773808802E2
2.632820211E2,2.284506157E-2,6.651486619E-4,1.571740024E-3,9.997375607E-1,1.773819210E2,1.818025815E-1,-7.208585640E-2,1.773818028E2
2.632870211E2,2.284475373E-2,6.662393571E-4,1.575747272E-3,9.997375607E-1,1.773819563E2,1.822644927E-1,-7.220037335E-2,1.773818376E2
2.632920211E2,2.284462483E-2,6.664827233E-4,1.577512128E-3,9.997375607E-1,1.773819711E2,1.824673058E-1,-7.222365700E-2,1.773818522E2
2.632970211E2,2.284982929E-2,6.624617963E-4,1.579376287E-3,9.997374415E-1,1.773813745E2,1.826707134E-1,-7.175718230E-2,1.773812563E2
2.633020211E2,2.284192917E-2,6.670238799E-4,1.578543801E-3,9.997376204E-1,1.773822801E2,1.825867180E-1,-7.228344421E-2,1.773821610E2
2.633070211E2,2.283405895E-2,6.721433601E-4,1.576987794E-3,9.997377992E-1,1.773831822E2,1.824212873E-1,-7.287544881E-2,1.773830623E2
2.633120211E2,2.282892087E-2,6.771802437E-4,1.573644928E-3,9.997379184E-1,1.773837711E2,1.820511260E-1,-7.346216498E-2,1.773836505E2
2.633170211E2,2.282617735E-2,6.776077789E-4,1.575390925E-3,9.997379780E-1,1.773840856E2,1.822520676E-1,-7.350707649E-2,1.773839648E2
2.633220211E2,2.282334198E-2,6.806286983E-4,1.577342278E-3,9.997380376E-1,1.773844105E2,1.824833118E-1,-7.384857094E-2,1.773842891E2
2.633270211E2,2.282614729E-2,6.780418917E-4,1.575639704E-3,9.997379780E-1,1.773840890E2,1.822817017E-1,-7.355616384E-2,1.773839681E2
2.633320211E2,2.282070074E-2,6.821270217E-4,1.577132149E-3,9.997380972E-1,1.773847133E2,1.824629626E-1,-7.402125288E-2,1.773845916E2
2.633370211E2,2.282093276E-2,6.812582724E-4,1.574147493E-3,9.997380972E-1,1.773846867E2,1.821187797E-1,-7.392949074E-2,1.773845654E2
2.633420211E2,2.282881158E-2,6.761233672E-4,1.575683476E-3,9.997379184E-1,1.773837836E2,1.822818928E-1,-7.333577438E-2,1.773836631E2
2.633470211E2,2.282630345E-2,6.791798514E-4,1.572884852E-3,9.997379780E-1,1.773840711E2,1.819690890E-1,-7.369370805E-2,1.773839502E2
2.633520211E2,2.282354176E-2,6.799922558E-4,1.574723865E-3,9.997380376E-1,1.773843876E2,1.821816913E-1,-7.378247109E-2,1.773842665E2
2.633570211E2,2.282665728E-2,6.788594765E-4,1.567880274E-3,9.997379780E-1,1.773840305E2,1.813949429E-1,-7.367003230E-2,1.773839101E2
2.633620211E2,2.282395541E-2,6.791895139E-4,1.569064800E-3,9.997380376E-1,1.773843402E2,1.815313087E-1,-7.370523395E-2,1.773842197E2
2.633670211E2,2.281601414E-2,6.859767018E-4,1.567674684E-3,9.997382164E-1,1.773852505E2,1.813892166E-1,-7.448786170E-2,1.773851287E2
2.633720211E2,2.282117873E-2,6.817725953E-4,1.570354332E-3,9.997380972E-1,1.773846585E2,1.816855913E-1,-7.399828760E-2,1.773845373E2
2.633770211E2,2.282332487E-2,6.799433031E-4,1.577885356E-3,9.997380376E-1,1.773844125E2,1.825437337E-1,-7.376863369E-2,1.773842911E2
2.633820211E2,2.281292454E-2,6.873328821E-4,1.574019785E-3,9.997382760E-1,1.773856046E2,1.821194393E-1,-7.462720050E-2,1.773854821E2
2.633870211E2,2.281882488E-2,6.838567206E-4,1.565700513E-3,9.997381568E-1,1.773849283E2,1.811577170E-1,-7.424964569E-2,1.773848071E2
2.633920211E2,2.282432887E-2,6.798612303E-4,1.563330879E-3,9.997380376E-1,1.773842974E2,1.808762044E-1,-7.379711667E-2,1.773841771E2
2.633970211E2,2.282417825E-2,6.798601826E-4,1.565528801E-3,9.997380376E-1,1.773843147E2,1.811279886E-1,-7.379127504E-2,1.773841942E2
2.634020211E2,2.281078959E-2,6.893496611E-4,1.566201798E-3,9.997383356E-1,1.773858493E2,1.812289085E-1,-7.487907149E-2,1.773857271E2
2.634070211E2,2.281631861E-2,6.859574933E-4,1.563245547E-3,9.997382164E-1,1.773852156E2,1.808817785E-1,-7.449718668E-2,1.773850942E2
2.634120211E2,2.281370660E-2,6.879944121E-4,1.562352641E-3,9.997382760E-1,1.773855150E2,1.807846167E-1,-7.473334638E-2,1.773853933E2
2.634170211E2,2.281389324E-2,6.876352709E-4,1.559783239E-3,9.997382760E-1,1.773854936E2,1.804893358E-1,-7.469888628E-2,1.773853721E2
2.634220211E2,2.281387268E-2,6.868137280E-4,1.560445875E-3,9.997382760E-1,1.773854959E2,1.805630991E-1,-7.460304032E-2,1.773853746E2
2.634270211E2,2.281632737E-2,6.855651736E-4,1.563289668E-3,9.997382164E-1,1.773852146E2,1.808858079E-1,-7.445212497E-2,1.773850932E2
2.634320211E2,2.281640907E-2,6.858410197E-4,1.561975805E-3,9.997382164E-1,1.773852052E2,1.807360166E-1,-7.448714691E-2,1.773850839E2
2.634370211E2,2.281101487E-2,6.893108366E-4,1.562934369E-3,9.997383356E-1,1.773858235E2,1.808545008E-1,-7.488312416E-2,1.773857015E2
2.634420211E2,2.280329262E-2,6.944037741E-4,1.558982884E-3,9.997385144E-1,1.773867086E2,1.804145425E-1,-7.547830238E-2,1.773865860E2
2.634470211E2,2.280326113E-2,6.937805447E-4,1.559720840E-3,9.997385144E-1,1.773867122E2,1.804974531E-1,-7.540498146E-2,1.773865897E2
2.634520211E2,2.281133576E-2,6.889680517E-4,1.558395568E-3,9.997383356E-1,1.773857867E2,1.803336548E-1,-7.485566105E-2,1.773856651E2
2.634570211E2,2.280899969E-2,6.911483943E-4,1.553377486E-3,9.997383952E-1,1.773860545E2,1.797642982E-1,-7.511898250E-2,1.773859329E2
2.634620211E2,2.280914837E-2,6.908124778E-4,1.551342430E-3,9.997383952E-1,1.773860374E2,1.795302912E-1,-7.508579199E-2,1.773859160E2
2.634670211E2,2.281408556E-2,6.874684477E-4,1.557041542E-3,9.997382760E-1,1.773854715E2,1.801748198E-1,-7.468690800E-2,1.773853503E2
2.634720211E2,2.281405008E-2,6.877080305E-4,1.557455515E-3,9.997382760E-1,1.773854756E2,1.802228692E-1,-7.471327908E-2,1.773853543E2
2.634770211E2,2.281694962E-2,6.847586483E-4,1.554536866E-3,9.997382164E-1,1.773851432E2,1.798810072E-1,-7.438250198E-2,1.773850227E2
2.634820211E2,2.282787026E-2,6.774802459E-4,1.550722751E-3,9.997379780E-1,1.773838915E2,1.794258254E-1,-7.355668955E-2,1.773837726E2
2.634870211E2,2.281955334E-2,6.826584577E-4,1.555573894E-3,9.997381568E-1,1.773848448E2,1.799945122E-1,-7.413872042E-2,1.773847246E2
2.634920211E2,2.282722732E-2,6.779745454E-4,1.559943776E-3,9.997379780E-1,1.773839652E2,1.804834494E-1,-7.358931110E-2,1.773838455E2
2.634970211E2,2.283289920E-2,6.750897737E-4,1.554575632E-3,9.997378588E-1,1.773833151E2,1.798613334E-1,-7.327184939E-2,1.773831963E2
2.635020211E2,2.283572149E-2,6.728143780E-4,1.552436850E-3,9.997377992E-1,1.773829916E2,1.796105623E-1,-7.301626576E-2,1.773828734E2
2.635070211E2,2.283778098E-2,6.702556275E-4,1.561605139E-3,9.997377396E-1,1.773827555E2,1.806543518E-1,-7.269876664E-2,1.773826371E2
2.635120211E2,2.284798442E-2,6.635587779E-4,1.567833940E-3,9.997375011E-1,1.773815860E2,1.813511409E-1,-7.191341268E-2,1.773814684E2
2.635170211E2,2.284786026E-2,6.638374180E-4,1.569524407E-3,9.997375011E-1,1.773816002E2,1.815455246E-1,-7.194093049E-2,1.773814824E2
2.635220211E2,2.285081725E-2,6.608573603E-4,1.565695391E-3,9.997374415E-1,1.773812613E2,1.810992739E-1,-7.160902040E-2,1.773811443E2
2.635270211E2,2.286103484E-2,6.536906003E-4,1.571772853E-3,9.997372031E-1,1.773800901E2,1.817774737E-1,-7.077021311E-2,1.773799741E2
2.635320211E2,2.285261933E-2,6.598037435E-4,1.577849849E-3,9.997373819E-1,1.773810547E2,1.824890805E-1,-7.145615947E-2,1.773809371E2
2.635370211E2,2.284228328E-2,6.672871532E-4,1.573299756E-3,9.997376204E-1,1.773822395E2,1.819866653E-1,-7.232726763E-2,1.773821208E2
2.635420211E2,2.284797410E-2,6.626245449E-4,1.568379346E-3,9.997375011E-1,1.773815872E2,1.814111765E-1,-7.180495936E-2,1.773814697E2
2.635470211E2,2.285593130E-2,6.585739320E-4,1.568127656E-3,9.997373223E-1,1.773806751E2,1.813723036E-1,-7.134013041E-2,1.773805584E2
2.635520211E2,2.284788566E-2,6.627342664E-4,1.569620916E-3,9.997375011E-1,1.773815973E2,1.815536940E-1,-7.181429447E-2,1.773814797E2
2.635570211E2,2.284812067E-2,6.627382827E-4,1.566194580E-3,9.997375011E-1,1.773815704E2,1.811611940E-1,-7.182368316E-2,1.773814530E2
2.635620211E2,2.285857327E-2,6.555838627E-4,1.568870735E-3,9.997372627E-1,1.773803723E2,1.814497874E-1,-7.099515780E-2,1.773802561E2
2.635670211E2,2.285595020E-2,6.587907556E-4,1.567761065E-3,9.997373223E-1,1.773806729E2,1.813308755E-1,-7.136592679E-2,1.773805562E2
2.635720211E2,2.291297627E-2,6.191139692E-4,1.587598701E-3,9.997360110E-1,1.773741365E2,1.835033887E-1,-6.675806868E-2,1.773740258E2
2.635770211E2,2.317269338E-2,4.377819132E-4,1.667274744E-3,9.997299910E-1,1.773443672E2,1.921669309E-1,-4.572529838E-2,1.773442866E2
2.635820211E2,2.271705091E-2,7.539332728E-4,1.528750989E-3,9.997404814E-1,1.773965938E2,1.770995870E-1,-8.239237909E-2,1.773964626E2
2.635870211E2,2.287034950E-2,6.476546987E-4,1.590303262E-3,9.997369647E-1,1.773790225E2,1.838851892E-1,-7.002847201E-2,1.773789062E2
2.635920211E2,2.269557304E-2,7.688759360E-4,1.528484165E-3,9.997409582E-1,1.773990556E2,1.771061166E-1,-8.410873809E-2,1.773989218E2
2.635970211E2,2.271339589E-2,7.572382456E-4,1.542386366E-3,9.997405410E-1,1.773970127E2,1.786699882E-1,-8.273615895E-2,1.773968799E2
2.636020211E2,2.274193160E-2,7.376492722E-4,1.556309871E-3,9.997398853E-1,1.773937419E2,1.802163991E-1,-8.045062398E-2,1.773936115E2
2.636070211E2,2.270568105E-2,7.630019099E-4,1.537224627E-3,9.997407198E-1,1.773978970E2,1.780930081E-1,-8.341126499E-2,1.773977635E2
2.636120211E2,2.279253684E-2,7.020151825E-4,1.559969620E-3,9.997387528E-1,1.773879415E2,1.805466554E-1,-7.634964170E-2,1.773878174E2
2.636170211E2,2.275327961E-2,7.288216148E-4,1.547733555E-3,9.997396469E-1,1.773924412E2,1.792117713E-1,-7.945962872E-2,1.773923131E2
2.636220211E2,2.277360398E-2,7.152539911E-4,1.563071506E-3,9.997391701E-1,1.773901116E2,1.809351218E-1,-7.786162620E-2,1.773899848E2
2.636270211E2,2.277110891E-2,7.174257771E-4,1.560301287E-3,9.997392297E-1,1.773903976E2,1.806232333E-1,-7.811811023E-2,1.773902706E2
2.636320211E2,2.273446954E-2,7.418464520E-4,1.548451954E-3,9.997400641E-1,1.773945972E2,1.793265146E-1,-8.095327801E-2,1.773944667E2
2.636370211E2,2.275580169E-2,7.269833586E-4,1.550017972E-3,9.997395873E-1,1.773921521E2,1.794688852E-1,-7.924262554E-2,1.773920242E2
2.636420211E2,2.273765041E-2,7.393768756E-4,1.541395090E-3,9.997400045E-1,1.773942326E2,1.785118871E-1,-8.068817619E-2,1.773941031E2
2.636470211E2,2.274564825E-2,7.345741615E-4,1.541669481E-3,9.997398257E-1,1.773933159E2,1.785314475E-1,-8.013582533E-2,1.773931873E2
2.636520211E2,2.274302018E-2,7.364941994E-4,1.540872850E-3,9.997398853E-1,1.773936171E2,1.784449778E-1,-8.035833390E-2,1.773934882E2
2.636570211E2,2.274590618E-2,7.351021050E-4,1.537606935E-3,9.997398257E-1,1.773932863E2,1.780674306E-1,-8.020685094E-2,1.773931579E2
2.636620211E2,2.276168774E-2,7.234116783E-4,1.542133046E-3,9.997394681E-1,1.773914774E2,1.785567208E-1,-7.885295821E-2,1.773913508E2
2.636670211E2,2.275644830E-2,7.263217121E-4,1.540807774E-3,9.997395873E-1,1.773920780E2,1.784120712E-1,-7.919072869E-2,1.773919509E2
2.636720211E2,2.277484137E-2,7.149089943E-4,1.545096864E-3,9.997391701E-1,1.773899698E2,1.788751058E-1,-7.786879147E-2,1.773898444E2
2.636770211E2,2.276658566E-2,7.203510613E-4,1.548533444E-3,9.997393489E-1,1.773909160E2,1.792823641E-1,-7.848475525E-2,1.773907894E2
2.636820211E2,2.267765005E-2,7.812989643E-4,1.515249372E-3,9.997413754E-1,1.774011099E2,1.756206886E-1,-8.556951451E-2,1.774009750E2
2.636870211E2,2.279077076E-2,7.038891199E-4,1.546672662E-3,9.997388124E-1,1.773881439E2,1.790280891E-1,-7.659937048E-2,1.773880205E2
2.636920211E2,2.271498947E-2,7.563920226E-4,1.479413593E-3,9.997406006E-1,1.773968301E2,1.714536171E-1,-8.280285241E-2,1.773967026E2
2.636970211E2,2.280615222E-2,6.924680201E-4,1.556234434E-3,9.997384548E-1,1.773863809E2,1.800948310E-1,-7.526320632E-2,1.773862588E2
2.637020211E2,2.263295775E-2,8.126373286E-4,1.498342375E-3,9.997423887E-1,1.774062326E2,1.737612468E-1,-8.921140560E-2,1.774060936E2
2.637070211E2,2.272567314E-2,7.481855573E-4,1.520338934E-3,9.997403026E-1,1.773956055E2,1.761216240E-1,-8.175429032E-2,1.773954761E2
2.637120211E2,2.273086393E-2,7.444689982E-4,1.522950828E-3,9.997401834E-1,1.773950105E2,1.764115905E-1,-8.132079631E-2,1.773948816E2
2.637170211E2,2.272537829E-2,7.491379511E-4,1.524272258E-3,9.997403026E-1,1.773956393E2,1.765746906E-1,-8.185320682E-2,1.773955094E2
2.637220211E2,2.280397087E-2,6.939420127E-4,1.549237058E-3,9.997385144E-1,1.773866309E2,1.792968859E-1,-7.545074830E-2,1.773865091E2
2.637270211E2,2.273624460E-2,7.409672253E-4,1.522594597E-3,9.997400641E-1,1.773943938E2,1.763620928E-1,-8.091960552E-2,1.773942655E2
2.637320211E2,2.278579081E-2,7.076507318E-4,1.541265403E-3,9.997389317E-1,1.773887147E2,1.784180642E-1,-7.704531823E-2,1.773885910E2
2.637370211E2,2.274657349E-2,7.348900544E-4,1.527805347E-3,9.997398257E-1,1.773932099E2,1.769440405E-1,-8.020798897E-2,1.773930823E2
2.637420211E2,2.272805158E-2,7.468701806E-4,1.524620107E-3,9.997402430E-1,1.773953329E2,1.766088527E-1,-8.159202869E-2,1.773952034E2
2.637470211E2,2.274903463E-2,7.323889877E-4,1.531360904E-3,9.997397661E-1,1.773929278E2,1.773450492E-1,-7.991175743E-2,1.773928003E2
2.637520211E2,2.271984155E-2,7.523212116E-4,1.527052023E-3,9.997404218E-1,1.773962739E2,1.769009822E-1,-8.221162749E-2,1.773961432E2
2.637570211E2,2.275644454E-2,7.270999486E-4,1.540496247E-3,9.997395873E-1,1.773920784E2,1.783784114E-1,-7.928069791E-2,1.773919512E2
2.637620211E2,2.276197179E-2,7.242177380E-4,1.537555479E-3,9.997394681E-1,1.773914449E2,1.780344304E-1,-7.895719149E-2,1.773913184E2
2.637670211E2,2.278033158E-2,7.112569292E-4,1.542978222E-3,9.997390509E-1,1.773893405E2,1.786232826E-1,-7.745495320E-2,1.773892160E2
2.637720211E2,2.278535864E-2,7.078946219E-4,1.547529711E-3,9.997389317E-1,1.773887642E2,1.791363196E-1,-7.705697884E-2,1.773886400E2
2.637770211E2,2.275929081E-2,7.249457412E-4,1.538143377E-3,9.997395277E-1,1.773917522E2,1.781034683E-1,-7.903953693E-2,1.773916256E2
2.637820211E2,2.277296717E-2,7.151352474E-4,1.534010516E-3,9.997392297E-1,1.773901846E2,1.776054756E-1,-7.792397900E-2,1.773900601E2
2.637870211E2,2.276254436E-2,7.232296048E-4,1.529523055E-3,9.997394681E-1,1.773913793E2,1.771116866E-1,-7.886484003E-2,1.773912536E2
2.637920211E2,2.276737435E-2,7.198496023E-4,1.537129167E-3,9.997393489E-1,1.773908256E2,1.779746199E-1,-7.845692046E-2,1.773907000E2
2.637970211E2,2.275971784E-2,7.257039542E-4,1.531452639E-3,9.997395277E-1,1.773917032E2,1.773389750E-1,-7.914377386E-2,1.773915770E2
2.638020211E2,2.275509924E-2,7.283821469E-4,1.520957332E-3,9.997396469E-1,1.773922326E2,1.761432294E-1,-7.947877995E-2,1.773921067E2
2.638070211E2,2.277880061E-2,7.126613637E-4,1.526221982E-3,9.997391105E-1,1.773895159E2,1.767072015E-1,-7.765986140E-2,1.773893925E2
2.638120211E2,2.277877146E-2,7.117756759E-4,1.527070068E-3,9.997391105E-1,1.773895193E2,1.768020455E-1,-7.755618682E-2,1.773893959E2
2.638170211E2,2.277888378E-2,7.118819631E-4,1.525344094E-3,9.997391105E-1,1.773895064E2,1.766046006E-1,-7.757284887E-2,1.773893832E2
2.638220211E2,2.278665909E-2,7.072177250E-4,1.528575202E-3,9.997389317E-1,1.773886152E2,1.769631853E-1,-7.702869502E-2,1.773884925E2
2.638270211E2,2.279163855E-2,7.032545982E-4,1.534122857E-3,9.997388124E-1,1.773880444E2,1.775887674E-1,-7.655930149E-2,1.773879221E2
2.638320211E2,2.278380232E-2,7.085044053E-4,1.531576505E-3,9.997389913E-1,1.773889426E2,1.773101603E-1,-7.716876870E-2,1.773888195E2
2.638370211E2,2.277055253E-2,7.182894624E-4,1.529529458E-3,9.997392893E-1,1.773904613E2,1.771001596E-1,-7.829745335E-2,1.773903366E2
2.638420211E2,2.277039506E-2,7.173065096E-4,1.532332390E-3,9.997392893E-1,1.773904794E2,1.774186917E-1,-7.817755844E-2,1.773903546E2
2.638470211E2,2.274163258E-2,7.375623100E-4,1.522054896E-3,9.997399449E-1,1.773937762E2,1.762918250E-1,-8.052998831E-2,1.773936486E2
2.638520211E2,2.235114872E-2,1.009095460E-3,1.389638055E-3,9.997487068E-1,1.774385337E2,1.617858482E-1,-1.120456208E-1,1.774383717E2
2.638570211E2,2.275202445E-2,7.305927575E-4,1.487163128E-3,9.997397661E-1,1.773925851E2,1.722772142E-1,-7.982068543E-2,1.773924615E2
2.638620211E2,2.299266158E-2,5.636485294E-4,1.582213095E-3,9.997342229E-1,1.773650029E2,1.827455705E-1,-6.040344895E-2,1.773649028E2
2.638670211E2,2.376296161E-2,2.688594941E-5,1.841658959E-3,9.997159243E-1,1.772767088E2,2.110523092E-1,1.934873820E-3,1.772767078E2
2.638720211E2,2.356940135E-2,1.617576054E-4,1.797838835E-3,9.997205734E-1,1.772988954E2,2.063969243E-1,-1.367517584E-2,1.772988664E2
2.638770211E2,2.298700891E-2,5.649607047E-4,1.661874121E-3,9.997342229E-1,1.773656508E2,1.918747705E-1,-6.034496157E-2,1.773655457E2
2.638820211E2,2.303450174E-2,5.322058569E-4,1.660502050E-3,9.997331500E-1,1.773602071E2,1.916339824E-1,-5.658703996E-2,1.773601084E2
2.638870211E2,2.199618068E-2,1.254781382E-3,1.320069074E-3,9.997563958E-1,1.774792201E2,1.543953467E-1,-1.404251329E-1,1.774790267E2
2.638920211E2,2.250178733E-2,9.045343031E-4,1.472349046E-3,9.997453094E-1,1.774212675E2,1.710086701E-1,-9.982917336E-2,1.774211146E2
2.638970211E2,2.285544249E-2,6.591013516E-4,1.536715892E-3,9.997373819E-1,1.773807311E2,1.777750611E-1,-7.148291351E-2,1.773806166E2
2.639020211E2,2.289557374E-2,6.304531707E-4,1.571381697E-3,9.997364283E-1,1.773761312E2,1.816741325E-1,-6.810284705E-2,1.773760195E2
2.639070211E2,2.382094646E-2,-1.312544737E-5,1.869042753E-3,9.997144938E-1,1.772700624E2,2.140800455E-1,6.605523557E-3,1.772700700E2
2.639120211E2,2.316217596E-2,4.443416547E-4,1.668722136E-3,9.997302294E-1,1.773455728E2,1.923496769E-1,-4.647496655E-2,1.773454908E2
2.639170211E2,2.294566576E-2,5.950400955E-4,1.648967038E-3,9.997351766E-1,1.773703896E2,1.904727186E-1,-6.383276772E-2,1.773702795E2
2.639220211E2,2.281720192E-2,6.848541088E-4,1.588747487E-3,9.997381568E-1,1.773851143E2,1.838005107E-1,-7.430393930E-2,1.773849912E2
2.639270211E2,2.208943993E-2,1.189295552E-3,1.357706729E-3,9.997543693E-1,1.774685307E2,1.585545638E-1,-1.328131617E-1,1.774683429E2
2.639320211E2,2.284269059E-2,6.666468107E-4,1.567647327E-3,9.997376204E-1,1.773821928E2,1.813374655E-1,-7.226863124E-2,1.773820746E2
2.639370211E2,2.297723038E-2,5.740891793E-4,1.576649840E-3,9.997345805E-1,1.773667716E2,1.821347966E-1,-6.161701138E-2,1.773666700E2
2.639420211E2,2.318200198E-2,4.315382103E-4,1.682392438E-3,9.997297525E-1,1.773433003E2,1.938826664E-1,-4.496806584E-2,1.773432202E2
2.639470211E2,2.374903950E-2,3.627591286E-5,1.859221491E-3,9.997162223E-1,1.772783046E2,2.130898440E-1,9.040249636E-4,1.772783016E2
2.639520211E2,2.285130950E-2,6.604417576E-4,1.596443588E-3,9.997373819E-1,1.773812049E2,1.846207908E-1,-7.148079920E-2,1.773810858E2
2.639570211E2,2.279981149E-2,6.964030908E-4,1.608227962E-3,9.997385144E-1,1.773871076E2,1.860611179E-1,-7.557930833E-2,1.773869809E2
2.639620211E2,2.248008595E-2,9.194450104E-4,1.470833784E-3,9.997457862E-1,1.774237549E2,1.708713277E-1,-1.015449971E-1,1.774235996E2
2.639670211E2,2.204305036E-2,1.221489394E-3,1.336780144E-3,9.997553825E-1,1.774738479E2,1.562323048E-1,-1.365616271E-1,1.774736576E2
2.639720211E2,2.296276644E-2,5.376731860E-4,1.610867912E-3,9.997348785E-1,1.773684295E2,1.859581463E-1,-5.735774345E-2,1.773683326E2
2.639770211E2,2.292262836E-2,5.310027627E-4,1.592774875E-3,9.997358322E-1,1.773730302E2,1.838655521E-1,-5.664856443E-2,1.773729356E2
2.639820211E2,2.355431781E-2,1.824326609E-4,1.794671291E-3,9.997209311E-1,1.773006244E2,2.060896507E-1,-1.605536530E-2,1.773005911E2
2.639870211E2,2.381993921E-2,-6.217811915E-6,1.881871605E-3,9.997144938E-1,1.772701778E2,2.155685705E-1,5.848994274E-3,1.772701840E2
2.639920211E2,2.304681269E-2,5.895227659E-4,1.649713726E-3,9.997328520E-1,1.773587960E2,1.905501444E-1,-6.317945385E-2,1.773586868E2
2.639970211E2,2.307664043E-2,5.923906574E-4,1.665093470E-3,9.997321367E-1,1.773553770E2,1.923215369E-1,-6.346164507E-2,1.773552664E2
2.640020211E2,2.225285126E-2,1.080930699E-3,1.412138459E-3,9.997507930E-1,1.774498006E2,1.645357709E-1,-1.202338166E-1,1.774496239E2
2.640070211E2,2.213599463E-2,1.160378219E-3,1.370573300E-3,9.997533560E-1,1.774631947E2,1.599614236E-1,-1.294602695E-1,1.774630099E2
2.640120211E2,2.259777988E-2,7.483318914E-4,1.505997614E-3,9.997432232E-1,1.774102647E2,1.744685654E-1,-8.183072351E-2,1.774101365E2
2.640170211E2,2.259526447E-2,7.477272302E-4,1.504471293E-3,9.997432828E-1,1.774105530E2,1.742919345E-1,-8.176584336E-2,1.774104250E2
2.640220211E2,2.350368263E-2,1.577307266E-4,1.796807162E-3,9.997221231E-1,1.773064283E2,2.062669904E-1,-1.323020427E-2,1.773064001E2
2.640270211E2,2.341412583E-2,2.295785962E-4,1.764129032E-3,9.997242689E-1,1.773166936E2,2.027149666E-1,-2.156724977E-2,1.773166512E2
2.640320211E2,2.290696473E-2,6.304450217E-4,1.594805159E-3,9.997361302E-1,1.773748256E2,1.843583184E-1,-6.803835547E-2,1.773747123E2
2.640370211E2,2.277842414E-2,7.003651699E-4,1.575772068E-3,9.997390509E-1,1.773895591E2,1.823516309E-1,-7.612191228E-2,1.773894341E2
2.640420211E2,2.296337554E-2,5.605524639E-4,1.631248859E-3,9.997348189E-1,1.773683597E2,1.883532654E-1,-5.992507495E-2,1.773682573E2
2.640470211E2,2.289620174E-2,6.044970942E-4,1.609880594E-3,9.997363687E-1,1.773760593E2,1.860165652E-1,-6.502815444E-2,1.773759498E2
2.640520211E2,2.322931666E-2,3.932052059E-4,1.711866003E-3,9.997286201E-1,1.773378769E2,1.971592636E-1,-4.048898504E-2,1.773378032E2
2.640570211E2,2.309674738E-2,4.864202929E-4,1.671135426E-3,9.997317195E-1,1.773530723E2,1.927344842E-1,-5.130173145E-2,1.773529820E2
2.640620211E2,2.311170396E-2,4.652986827E-4,1.684262068E-3,9.997313619E-1,1.773513580E2,1.941831106E-1,-4.884437370E-2,1.773512712E2
2.640670211E2,2.307133282E-2,4.895916209E-4,1.664682059E-3,9.997323155E-1,1.773559854E2,1.920022593E-1,-5.168700308E-2,1.773558948E2
2.640720211E2,2.298900361E-2,5.523519940E-4,1.638354384E-3,9.997342229E-1,1.773654221E2,1.891472156E-1,-5.896207227E-2,1.773653209E2
2.640770211E2,2.302484366E-2,5.266682128E-4,1.652654028E-3,9.997333884E-1,1.773613141E2,1.907197430E-1,-5.597520050E-2,1.773612170E2
2.640820211E2,2.298356918E-2,5.685457727E-4,1.636316883E-3,9.997343421E-1,1.773660450E2,1.889561308E-1,-6.082364469E-2,1.773659408E2
2.640870211E2,2.301945998E-2,5.455102655E-4,1.649422920E-3,9.997335076E-1,1.773619312E2,1.903989892E-1,-5.814331626E-2,1.773618306E2
2.640920211E2,2.302698622E-2,5.377473426E-4,1.655288972E-3,9.997333288E-1,1.773610685E2,1.910509635E-1,-5.723707513E-2,1.773609691E2
2.640970211E2,2.302982717E-2,5.407292629E-4,1.650787075E-3,9.997332692E-1,1.773607429E2,1.905432530E-1,-5.759002512E-2,1.773606431E2
2.641020211E2,2.311221959E-2,5.234032287E-4,1.659956644E-3,9.997313619E-1,1.773512989E2,1.915525824E-1,-5.556515089E-2,1.773512020E2
2.641070211E2,2.309172917E-2,5.354114110E-4,1.654104562E-3,9.997318387E-1,1.773536475E2,1.909128006E-1,-5.696023041E-2,1.773535486E2
2.641120211E2,2.310452520E-2,5.395331536E-4,1.654203399E-3,9.997315407E-1,1.773521808E2,1.909357663E-1,-5.742971536E-2,1.773520811E2
2.641170211E2,2.308160119E-2,5.524051376E-4,1.645754790E-3,9.997320771E-1,1.773548084E2,1.900006161E-1,-5.893106644E-2,1.773547067E2
2.641220211E2,2.307201310E-2,5.574382376E-4,1.633627457E-3,9.997323155E-1,1.773559074E2,1.886240367E-1,-5.954154941E-2,1.773558055E2
2.641270211E2,2.309225907E-2,5.415976048E-4,1.644666074E-3,9.997318387E-1,1.773535868E2,1.898479178E-1,-5.769380175E-2,1.773534872E2
2.641320211E2,2.308718001E-2,5.538983387E-4,1.639403636E-3,9.997319579E-1,1.773541690E2,1.892772998E-1,-5.911787185E-2,1.773540674E2
2.641370211E2,2.310018836E-2,5.461243563E-4,1.640506322E-3,9.997316599E-1,1.773526779E2,1.893838133E-1,-5.822189608E-2,1.773525777E2
2.641420211E2,2.314430599E-2,5.385059048E-4,1.638700604E-3,9.997306466E-1,1.773476211E2,1.891593100E-1,-5.734555256E-2,1.773475225E2
2.641470211E2,2.314396938E-2,5.405495758E-4,1.642776886E-3,9.997306466E-1,1.773476596E2,1.896316945E-1,-5.756892953E-2,1.773475604E2
2.641520211E2,2.317201288E-2,5.385348923E-4,1.647111378E-3,9.997299910E-1,1.773444452E2,1.901245227E-1,-5.732129680E-2,1.773443461E2
2.641570211E2,2.315431512E-2,5.502558197E-4,1.638855319E-3,9.997304082E-1,1.773464738E2,1.892087879E-1,-5.868932658E-2,1.773463729E2
2.641620211E2,2.316701500E-2,5.530660274E-4,1.640230650E-3,9.997301102E-1,1.773450181E2,1.893745539E-1,-5.900521094E-2,1.773449166E2
2.641670211E2,2.315397741E-2,5.604499020E-4,1.640171628E-3,9.997304082E-1,1.773465125E2,1.893866162E-1,-5.985373898E-2,1.773464096E2
2.641720211E2,2.314127775E-2,5.578987184E-4,1.638616552E-3,9.997307062E-1,1.773479682E2,1.892009388E-1,-5.956800323E-2,1.773478658E2
2.641770211E2,2.314651487E-2,5.550279166E-4,1.638352522E-3,9.997305870E-1,1.773473679E2,1.891633879E-1,-5.923883134E-2,1.773472661E2
2.641820211E2,2.314112919E-2,5.565255415E-4,1.641179551E-3,9.997307062E-1,1.773479852E2,1.894909081E-1,-5.940392242E-2,1.773478830E2
2.641870211E2,2.313574662E-2,5.607195781E-4,1.643021125E-3,9.997308254E-1,1.773486022E2,1.897126813E-1,-5.988053208E-2,1.773484990E2
2.641920211E2,2.318528183E-2,5.581893492E-4,1.634684508E-3,9.997296929E-1,1.773429243E2,1.887538741E-1,-5.960341740E-2,1.773428222E2
2.641970211E2,2.320059683E-2,5.479959655E-4,1.639552298E-3,9.997293353E-1,1.773411689E2,1.892853425E-1,-5.841982402E-2,1.773410684E2
2.642020211E2,2.318235020E-2,5.479681422E-4,1.643245341E-3,9.997297525E-1,1.773432603E2,1.897072808E-1,-5.841028035E-2,1.773431597E2
2.642070211E2,2.317718331E-2,5.540807033E-4,1.641553943E-3,9.997298717E-1,1.773438526E2,1.895294470E-1,-5.911601203E-2,1.773437508E2
2.642120211E2,2.318227390E-2,5.569134955E-4,1.641313313E-3,9.997297525E-1,1.773432691E2,1.895097073E-1,-5.944021264E-2,1.773431668E2
2.642170211E2,2.319039142E-2,5.491046468E-4,1.638183836E-3,9.997295737E-1,1.773423386E2,1.891309204E-1,-5.855240419E-2,1.773422380E2
2.642220211E2,2.320567908E-2,5.469849566E-4,1.640653703E-3,9.997292161E-1,1.773405863E2,1.894091287E-1,-5.830011109E-2,1.773404860E2
2.642270211E2,2.319522403E-2,5.543626612E-4,1.640742063E-3,9.997294545E-1,1.773417847E2,1.894382535E-1,-5.914705117E-2,1.773416830E2
2.642320211E2,2.322098513E-2,5.634031841E-4,1.636449480E-3,9.997288585E-1,1.773388319E2,1.889720746E-1,-6.018927936E-2,1.773387287E2
2.642370211E2,2.322100609E-2,5.636865390E-4,1.636054367E-3,9.997288585E-1,1.773388295E2,1.889275653E-1,-6.022278809E-2,1.773387262E2
2.642420211E2,2.320576904E-2,5.650660023E-4,1.633236767E-3,9.997292161E-1,1.773405760E2,1.886075293E-1,-6.039119247E-2,1.773404727E2
2.642470211E2,2.320073606E-2,5.696152803E-4,1.630186802E-3,9.997293353E-1,1.773411529E2,1.882699147E-1,-6.092141885E-2,1.773410489E2
2.642520211E2,2.317298425E-2,5.657470901E-4,1.624163706E-3,9.997299910E-1,1.773443339E2,1.875679388E-1,-6.049949725E-2,1.773442309E2
2.642570211E2,2.317283209E-2,5.694841384E-4,1.625028439E-3,9.997299910E-1,1.773443513E2,1.876769188E-1,-6.092534815E-2,1.773442476E2
2.642620211E2,2.314705477E-2,5.766177783E-4,1.623198274E-3,9.997305870E-1,1.773473060E2,1.874846061E-1,-6.175227675E-2,1.773472010E2
2.642670211E2,2.314487731E-2,5.748470430E-4,1.618157374E-3,9.997306466E-1,1.773475556E2,1.869022838E-1,-6.156319845E-2,1.773474513E2
2.642720211E2,2.317568755E-2,5.701725604E-4,1.620729337E-3,9.997299314E-1,1.773440240E2,1.871864120E-1,-6.101509592E-2,1.773439204E2
2.642770211E2,2.318099723E-2,5.673933192E-4,1.619302435E-3,9.997298121E-1,1.773434154E2,1.870158853E-1,-6.069950064E-2,1.773433125E2
2.642820211E2,2.318339375E-2,5.751698045E-4,1.619048882E-3,9.997297525E-1,1.773431407E2,1.870076451E-1,-6.159060492E-2,1.773430363E2
2.642870211E2,2.318926095E-2,5.672675325E-4,1.611404121E-3,9.997296333E-1,1.773424682E2,1.861112144E-1,-6.070453355E-2,1.773423657E2
2.642920211E2,2.320177335E-2,5.684726639E-4,1.615758869E-3,9.997293353E-1,1.773410340E2,1.866140625E-1,-6.082868621E-2,1.773409311E2
2.642970211E2,2.320146679E-2,5.703810020E-4,1.619484043E-3,9.997293353E-1,1.773410692E2,1.870458775E-1,-6.103745926E-2,1.773409656E2
2.643020211E2,2.318867650E-2,5.761393113E-4,1.616658643E-3,9.997296333E-1,1.773425352E2,1.867367190E-1,-6.170703570E-2,1.773424307E2
2.643070211E2,2.318612112E-2,5.791556323E-4,1.615372486E-3,9.997296929E-1,1.773428281E2,1.865972331E-1,-6.205648196E-2,1.773427232E2
2.643120211E2,2.321445718E-2,5.837883218E-4,1.612506923E-3,9.997290373E-1,1.773395802E2,1.862830357E-1,-6.258953971E-2,1.773394745E2
2.643170211E2,2.321432477E-2,5.845770356E-4,1.614126610E-3,9.997290373E-1,1.773395953E2,1.864706785E-1,-6.267561105E-2,1.773394894E2
2.643220211E2,2.320671042E-2,5.842876853E-4,1.612971770E-3,9.997292161E-1,1.773404681E2,1.863371320E-1,-6.264695434E-2,1.773403623E2
2.643270211E2,2.320412871E-2,5.862473045E-4,1.612459775E-3,9.997292757E-1,1.773407640E2,1.862835269E-1,-6.287329206E-2,1.773406579E2
2.643320211E2,2.319107339E-2,5.827944260E-4,1.616750495E-3,9.997295737E-1,1.773422605E2,1.867650776E-1,-6.246875781E-2,1.773421547E2
2.643370211E2,2.319335896E-2,5.842694663E-4,1.620284747E-3,9.997295141E-1,1.773419985E2,1.871740285E-1,-6.262791873E-2,1.773418923E2
2.643420211E2,2.317068397E-2,5.909137544E-4,1.611280488E-3,9.997300506E-1,1.773445976E2,1.861587149E-1,-6.341724680E-2,1.773444906E2
2.643470211E2,2.316532729E-2,5.936166854E-4,1.613343251E-3,9.997301698E-1,1.773452116E2,1.864018632E-1,-6.372241790E-2,1.773451040E2
2.643520211E2,2.318351049E-2,5.900742253E-4,1.611998421E-3,9.997297525E-1,1.773431274E2,1.862395450E-1,-6.331677405E-2,1.773430205E2
2.643570211E2,2.318348914E-2,5.922574201E-4,1.611504820E-3,9.997297525E-1,1.773431298E2,1.861887969E-1,-6.356819754E-2,1.773430226E2
2.643620211E2,2.317346291E-2,5.988397170E-4,1.605361118E-3,9.997299910E-1,1.773442790E2,1.855018121E-1,-6.434045220E-2,1.773441710E2
2.643670211E2,2.317317109E-2,5.957245594E-4,1.610723673E-3,9.997299910E-1,1.773443125E2,1.861078598E-1,-6.396939127E-2,1.773442047E2
2.643720211E2,2.319620993E-2,6.005733740E-4,1.610256732E-3,9.997294545E-1,1.773416717E2,1.860687308E-1,-6.452182667E-2,1.773415630E2
2.643770211E2,2.318334605E-2,6.102634361E-4,1.606838428E-3,9.997297525E-1,1.773431462E2,1.857020424E-1,-6.564340193E-2,1.773430359E2
2.643820211E2,2.322232076E-2,6.016002153E-4,1.603569835E-3,9.997288585E-1,1.773386788E2,1.853070922E-1,-6.465239754E-2,1.773385704E2
2.643870211E2,2.323243099E-2,5.972642102E-4,1.607381157E-3,9.997286201E-1,1.773375200E2,1.857328292E-1,-6.414364157E-2,1.773374121E2
2.643920211E2,2.325538321E-2,5.968150217E-4,1.609286759E-3,9.997280836E-1,1.773348891E2,1.859514119E-1,-6.408283980E-2,1.773347812E2
2.643970211E2,2.324509390E-2,6.018626154E-4,1.607950195E-3,9.997283220E-1,1.773360685E2,1.858110814E-1,-6.466656862E-2,1.773359597E2
2.644020211E2,2.326558071E-2,5.981616559E-4,1.609504456E-3,9.997278452E-1,1.773337203E2,1.859805957E-1,-6.423463359E-2,1.773336121E2
2.644070211E2,2.327573959E-2,5.931317573E-4,1.612574444E-3,9.997276068E-1,1.773325558E2,1.863195311E-1,-6.364832802E-2,1.773324484E2
2.644120211E2,2.327799477E-2,5.930502666E-4,1.616998110E-3,9.997275472E-1,1.773322973E2,1.868262355E-1,-6.362677166E-2,1.773321896E2
2.644170211E2,2.327526383E-2,5.941592390E-4,1.619050279E-3,9.997276068E-1,1.773326104E2,1.870641179E-1,-6.374885263E-2,1.773325023E2
2.644220211E2,2.328304556E-2,5.926132435E-4,1.618142356E-3,9.997274280E-1,1.773317184E2,1.869564765E-1,-6.357270924E-2,1.773316107E2
2.644270211E2,2.328531666E-2,5.910209147E-4,1.622863114E-3,9.997273684E-1,1.773314581E2,1.874931848E-1,-6.337726986E-2,1.773313504E2
2.644320211E2,2.326767738E-2,5.913323839E-4,1.618715585E-3,9.997277856E-1,1.773334799E2,1.870177532E-1,-6.342731896E-2,1.773333725E2
2.644370211E2,2.326783334E-2,5.907161976E-4,1.616697409E-3,9.997277856E-1,1.773334621E2,1.867849162E-1,-6.336208052E-2,1.773333548E2
2.644420211E2,2.327530621E-2,5.909401225E-4,1.619619085E-3,9.997276068E-1,1.773326055E2,1.871206964E-1,-6.337854436E-2,1.773324980E2
2.644470211E2,2.326468738E-2,5.989694037E-4,1.622067997E-3,9.997278452E-1,1.773338227E2,1.874219806E-1,-6.429384066E-2,1.773337135E2
2.644520211E2,2.330829380E-2,5.957758985E-4,1.621741219E-3,9.997268319E-1,1.773288244E2,1.873788183E-1,-6.392068956E-2,1.773287159E2
2.644570211E2,2.330848861E-2,5.948917242E-4,1.619264018E-3,9.997268319E-1,1.773288020E2,1.870926791E-1,-6.382597855E-2,1.773286939E2
2.644620211E2,2.334669046E-2,5.896553630E-4,1.622822951E-3,9.997259378E-1,1.773244232E2,1.874888204E-1,-6.320942904E-2,1.773243158E2
2.644670211E2,2.335194694E-2,5.862505059E-4,1.621863456E-3,9.997258186E-1,1.773238207E2,1.873701202E-1,-6.282094989E-2,1.773237140E2
2.644720211E2,2.338247382E-2,6.009771605E-4,1.617535134E-3,9.997251034E-1,1.773203217E2,1.869156478E-1,-6.451391327E-2,1.773202124E2
2.644770211E2,2.338209921E-2,6.010264042E-4,1.622922951E-3,9.997251034E-1,1.773203646E2,1.875329863E-1,-6.450518799E-2,1.773202550E2
2.644820211E2,2.341759153E-2,6.027064519E-4,1.624591532E-3,9.997242689E-1,1.773162964E2,1.877309383E-1,-6.468651865E-2,1.773161864E2
2.644870211E2,2.342551922E-2,5.973640364E-4,1.622307114E-3,9.997240901E-1,1.773153877E2,1.874554049E-1,-6.407913546E-2,1.773152788E2
2.644920211E2,2.350441466E-2,5.943634897E-4,1.620914438E-3,9.997222424E-1,1.773063444E2,1.872928334E-1,-6.372435110E-2,1.773062363E2
2.644970211E2,2.350214687E-2,5.964687443E-4,1.616255380E-3,9.997223020E-1,1.773066044E2,1.867646171E-1,-6.397850150E-2,1.773064961E2
2.645020211E2,2.354741172E-2,5.915210932E-4,1.622848795E-3,9.997212291E-1,1.773014160E2,1.875095032E-1,-6.338545209E-2,1.773013082E2
2.645070211E2,2.353951666E-2,5.973523366E-4,1.625094330E-3,9.997214079E-1,1.773023209E2,1.877819824E-1,-6.404890077E-2,1.773022119E2
2.645120211E2,2.358019979E-2,6.030076765E-4,1.619870891E-3,9.997204542E-1,1.772976577E2,1.872014751E-1,-6.470324707E-2,1.772975479E2
2.645170211E2,2.358254388E-2,6.002943264E-4,1.623535878E-3,9.997203946E-1,1.772973890E2,1.876141540E-1,-6.438206343E-2,1.772972795E2
2.645220211E2,2.360494310E-2,6.034935359E-4,1.627156511E-3,9.997198582E-1,1.772948215E2,1.880390302E-1,-6.473456568E-2,1.772947112E2
2.645270211E2,2.360289891E-2,6.043532630E-4,1.619853545E-3,9.997199178E-1,1.772950558E2,1.872045969E-1,-6.485319319E-2,1.772949458E2
2.645320211E2,2.365866336E-2,6.000608555E-4,1.617234899E-3,9.997186065E-1,1.772886639E2,1.868965843E-1,-6.435811509E-2,1.772885549E2
2.645370211E2,2.367390118E-2,5.905206781E-4,1.618831768E-3,9.997182488E-1,1.772869173E2,1.870546180E-1,-6.325801810E-2,1.772868100E2
2.645420211E2,2.368888910E-2,5.918145762E-4,1.619960065E-3,9.997178912E-1,1.772851993E2,1.871883364E-1,-6.340037882E-2,1.772850917E2
2.645470211E2,2.368158299E-2,5.965017481E-4,1.614703680E-3,9.997180700E-1,1.772860368E2,1.865984248E-1,-6.395297075E-2,1.772859286E2
2.645520211E2,2.369930297E-2,5.952027859E-4,1.613523113E-3,9.997176528E-1,1.772840056E2,1.864607849E-1,-6.380406143E-2,1.772838978E2
2.645570211E2,2.369654434E-2,5.976772518E-4,1.616192283E-3,9.997177124E-1,1.772843218E2,1.867731079E-1,-6.408080066E-2,1.772842134E2
2.645620211E2,2.370712667E-2,5.941840354E-4,1.609752188E-3,9.997174740E-1,1.772831089E2,1.860265208E-1,-6.369613961E-2,1.772830015E2
2.645670211E2,2.370252072E-2,5.969158956E-4,1.602517790E-3,9.997175932E-1,1.772836368E2,1.852048789E-1,-6.402960668E-2,1.772835294E2
2.645720211E2,2.377796605E-2,5.934686051E-4,1.601640251E-3,9.997158051E-1,1.772749890E2,1.850997860E-1,-6.362310266E-2,1.772748822E2
2.645770211E2,2.377000087E-2,5.976975081E-4,1.606678590E-3,9.997159839E-1,1.772759020E2,1.856879883E-1,-6.409531232E-2,1.772757941E2
2.645820211E2,2.381494771E-2,6.011922960E-4,1.607354847E-3,9.997149110E-1,1.772707500E2,1.857778796E-1,-6.448547737E-2,1.772706414E2
2.645870211E2,2.381007586E-2,6.045477348E-4,1.604124438E-3,9.997150302E-1,1.772713084E2,1.854166483E-1,-6.487959252E-2,1.772711994E2
2.645920211E2,2.383754317E-2,5.979109555E-4,1.607287093E-3,9.997143745E-1,1.772681600E2,1.857626109E-1,-6.410555688E-2,1.772680521E2
2.645970211E2,2.383747736E-2,5.981108989E-4,1.608188380E-3,9.997143745E-1,1.772681675E2,1.858664037E-1,-6.412601235E-2,1.772680595E2
2.646020211E2,2.384731337E-2,6.072862307E-4,1.607135055E-3,9.997141361E-1,1.772670401E2,1.857714429E-1,-6.517817749E-2,1.772669304E2
2.646070211E2,2.384261984E-2,6.106480723E-4,1.601334428E-3,9.997142553E-1,1.772675781E2,1.851158081E-1,-6.558002728E-2,1.772674681E2
2.646120211E2,2.381037950E-2,6.066727219E-4,1.598806353E-3,9.997150302E-1,1.772712736E2,1.848132307E-1,-6.513748329E-2,1.772711646E2
2.646170211E2,2.380737756E-2,6.085514906E-4,1.605512109E-3,9.997150898E-1,1.772716177E2,1.855863677E-1,-6.533497310E-2,1.772715079E2
2.646220211E2,2.383009336E-2,6.096957368E-4,1.602101605E-3,9.997145534E-1,1.772690139E2,1.852002726E-1,-6.547115326E-2,1.772689041E2
2.646270211E2,2.383292444E-2,6.078658625E-4,1.597872004E-3,9.997144938E-1,1.772686894E2,1.847109202E-1,-6.527255220E-2,1.772685802E2
2.646320211E2,2.382795577E-2,6.085020723E-4,1.597148017E-3,9.997146130E-1,1.772692590E2,1.846293938E-1,-6.534833062E-2,1.772691497E2
2.646370211E2,2.382019959E-2,6.139362231E-4,1.598837320E-3,9.997147918E-1,1.772701480E2,1.848372468E-1,-6.596768213E-2,1.772700376E2
2.646420211E2,2.384523973E-2,6.144067738E-4,1.598094474E-3,9.997141957E-1,1.772672778E2,1.847550851E-1,-6.601898808E-2,1.772671673E2
2.646470211E2,2.384790255E-2,6.123752100E-4,1.596425776E-3,9.997141361E-1,1.772669726E2,1.845585439E-1,-6.579032274E-2,1.772668626E2
2.646520211E2,2.387526303E-2,6.127028028E-4,1.597927418E-3,9.997134805E-1,1.772638364E2,1.847332675E-1,-6.581869177E-2,1.772637263E2
2.646570211E2,2.387029017E-2,6.156344898E-4,1.596512622E-3,9.997135997E-1,1.772644064E2,1.845788825E-1,-6.615933125E-2,1.772642958E2
2.646620211E2,2.391559997E-2,6.146146334E-4,1.590625499E-3,9.997125268E-1,1.772592128E2,1.839046627E-1,-6.605026668E-2,1.772591028E2
2.646670211E2,2.391772263E-2,6.132578128E-4,1.596683054E-3,9.997124672E-1,1.772589695E2,1.845950311E-1,-6.587783762E-2,1.772588594E2
2.646720211E2,2.391238414E-2,6.142199854E-4,1.601626049E-3,9.997125864E-1,1.772595814E2,1.851635806E-1,-6.597550342E-2,1.772594708E2
2.646770211E2,2.391001634E-2,6.157218595E-4,1.599192852E-3,9.997126460E-1,1.772598528E2,1.848887952E-1,-6.615466162E-2,1.772597421E2
2.646820211E2,2.393541005E-2,6.150876870E-4,1.592160668E-3,9.997120500E-1,1.772569421E2,1.840831364E-1,-6.609660399E-2,1.772568319E2
2.646870211E2,2.393757907E-2,6.126126391E-4,1.597921015E-3,9.997119904E-1,1.772566935E2,1.847363890E-1,-6.579686505E-2,1.772565834E2
2.646920211E2,2.395734910E-2,6.153091672E-4,1.598923351E-3,9.997115135E-1,1.772544273E2,1.848599203E-1,-6.609937021E-2,1.772543167E2
2.646970211E2,2.395260768E-2,6.187508698E-4,1.594089088E-3,9.997116327E-1,1.772549708E2,1.843152468E-1,-6.650779289E-2,1.772548598E2
2.647020211E2,2.397497852E-2,6.182418438E-4,1.594409929E-3,9.997110963E-1,1.772524066E2,1.843520916E-1,-6.644447366E-2,1.772522957E2
2.647070211E2,2.398491548E-2,6.117285811E-4,1.596958959E-3,9.997108579E-1,1.772512676E2,1.846268621E-1,-6.568948568E-2,1.772511577E2
2.647120211E2,2.397726652E-2,6.135513540E-4,1.599181327E-3,9.997110367E-1,1.772521443E2,1.848859603E-1,-6.589360597E-2,1.772520340E2
2.647170211E2,2.397258377E-2,6.167985266E-4,1.593603869E-3,9.997111559E-1,1.772526811E2,1.842556258E-1,-6.628178541E-2,1.772525705E2
2.647220211E2,2.399757311E-2,6.208408158E-4,1.589835156E-3,9.997105598E-1,1.772498167E2,1.838366607E-1,-6.675062201E-2,1.772497056E2
2.647270211E2,2.400981560E-2,6.119016325E-4,1.595850801E-3,9.997102618E-1,1.772484134E2,1.845020253E-1,-6.570776062E-2,1.772483036E2
2.647320211E2,2.404208980E-2,6.128097884E-4,1.595011563E-3,9.997094870E-1,1.772447140E2,1.844105068E-1,-6.580815323E-2,1.772446040E2
2.647370211E2,2.404214726E-2,6.133703864E-4,1.593929599E-3,9.997094870E-1,1.772447074E2,1.842881069E-1,-6.587534474E-2,1.772445974E2
2.647420211E2,2.405470660E-2,6.135997246E-4,1.591269393E-3,9.997091889E-1,1.772432678E2,1.839848172E-1,-6.590663519E-2,1.772431579E2
2.647470211E2,2.405460258E-2,6.128331879E-4,1.593136112E-3,9.997091889E-1,1.772432797E2,1.841965459E-1,-6.581369548E-2,1.772431699E2
2.647520211E2,2.406455212E-2,6.156900199E-4,1.591385575E-3,9.997089505E-1,1.772421392E2,1.840045408E-1,-6.614396339E-2,1.772420290E2
2.647570211E2,2.407221930E-2,6.114901043E-4,1.589374966E-3,9.997087717E-1,1.772412604E2,1.837631289E-1,-6.566696378E-2,1.772411511E2
2.647620211E2,2.409667605E-2,6.091537653E-4,1.594570582E-3,9.997081757E-1,1.772384570E2,1.843534851E-1,-6.538047440E-2,1.772383478E2
2.647670211E2,2.408609710E-2,6.157672033E-4,1.602366799E-3,9.997084141E-1,1.772396696E2,1.852641721E-1,-6.611852970E-2,1.772395587E2
2.647720211E2,2.413094356E-2,6.213313318E-4,1.594826812E-3,9.997073412E-1,1.772345291E2,1.844187568E-1,-6.676848499E-2,1.772344176E2
2.647770211E2,2.413591794E-2,6.183935329E-4,1.595420297E-3,9.997072220E-1,1.772339589E2,1.844789515E-1,-6.642937735E-2,1.772338479E2
2.647820211E2,2.414295378E-2,6.134122377E-4,1.602916862E-3,9.997070432E-1,1.772331525E2,1.853244304E-1,-6.583669098E-2,1.772330419E2
2.647870211E2,2.413524698E-2,6.197455805E-4,1.605017111E-3,9.997072220E-1,1.772340358E2,1.855820422E-1,-6.655784611E-2,1.772339240E2
2.647920211E2,2.414539115E-2,6.189142005E-4,1.601262018E-3,9.997069836E-1,1.772328731E2,1.851502397E-1,-6.647111198E-2,1.772327616E2
2.647970211E2,2.415318507E-2,6.139226607E-4,1.597273163E-3,9.997068048E-1,1.772319797E2,1.846799844E-1,-6.590888835E-2,1.772318694E2
2.648020211E2,2.417003344E-2,6.116273580E-4,1.604415011E-3,9.997063875E-1,1.772300484E2,1.854928949E-1,-6.562304925E-2,1.772299381E2
2.648070211E2,2.416273434E-2,6.156478194E-4,1.601398108E-3,9.997065663E-1,1.772308851E2,1.851579378E-1,-6.609333314E-2,1.772307742E2
2.648120211E2,2.418527078E-2,6.105758366E-4,1.598021248E-3,9.997060299E-1,1.772283019E2,1.847585224E-1,-6.551748249E-2,1.772281922E2
2.648170211E2,2.418992861E-2,6.074511912E-4,1.603278797E-3,9.997059107E-1,1.772277680E2,1.853524607E-1,-6.514409455E-2,1.772276585E2
2.648220211E2,2.422208823E-2,6.062051398E-4,1.601364347E-3,9.997051358E-1,1.772240817E2,1.851317814E-1,-6.500070106E-2,1.772239726E2
2.648270211E2,2.421986745E-2,6.073298864E-4,1.597312628E-3,9.997051954E-1,1.772243362E2,1.846706016E-1,-6.514120639E-2,1.772242272E2
2.648320211E2,2.423728446E-2,6.117942394E-4,1.592546701E-3,9.997047782E-1,1.772223398E2,1.841381616E-1,-6.566265268E-2,1.772222302E2
2.648370211E2,2.424478545E-2,6.062228931E-4,1.592749148E-3,9.997045994E-1,1.772214800E2,1.841463657E-1,-6.502246774E-2,1.772213715E2
2.648420211E2,2.427930490E-2,6.042988389E-4,1.591411419E-3,9.997037649E-1,1.772175232E2,1.839900096E-1,-6.479941606E-2,1.772174151E2
2.648470211E2,2.427715251E-2,6.060337182E-4,1.586136525E-3,9.997038245E-1,1.772177699E2,1.833904157E-1,-6.501323102E-2,1.772176618E2
2.648520211E2,2.432679653E-2,6.008116179E-4,1.578833093E-3,9.997026324E-1,1.772120794E2,1.825424196E-1,-6.442625338E-2,1.772119728E2
2.648570211E2,2.433148621E-2,5.969090271E-4,1.583522651E-3,9.997025132E-1,1.772115419E2,1.830690651E-1,-6.396525014E-2,1.772114357E2
2.648620211E2,2.435828296E-2,6.000206340E-4,1.584299258E-3,9.997018576E-1,1.772084703E2,1.831684321E-1,-6.431463290E-2,1.772083635E2
2.648670211E2,2.435338520E-2,6.036639097E-4,1.582987374E-3,9.997019768E-1,1.772090317E2,1.830279989E-1,-6.473655582E-2,1.772089243E2
2.648720211E2,2.436090586E-2,6.008078926E-4,1.581280143E-3,9.997017980E-1,1.772081696E2,1.828249358E-1,-6.441276700E-2,1.772080629E2
2.648770211E2,2.436813267E-2,5.968975020E-4,1.584454440E-3,9.997016191E-1,1.772073413E2,1.831781211E-1,-6.395461698E-2,1.772072350E2
2.648820211E2,2.438273918E-2,6.010128418E-4,1.583833364E-3,9.997012615E-1,1.772056670E2,1.831194063E-1,-6.442511843E-2,1.772055600E2
2.648870211E2,2.438303529E-2,6.011856603E-4,1.579202479E-3,9.997012615E-1,1.772056330E2,1.825894048E-1,-6.445780145E-2,1.772055263E2
2.648920211E2,2.439748654E-2,5.928531755E-4,1.585538499E-3,9.997009039E-1,1.772039766E2,1.832928780E-1,-6.348290031E-2,1.772038710E2
2.648970211E2,2.439991832E-2,5.917927483E-4,1.586095081E-3,9.997008443E-1,1.772036978E2,1.833538278E-1,-6.335941849E-2,1.772035924E2
2.649020211E2,2.441706799E-2,6.011917139E-4,1.581614604E-3,9.997004271E-1,1.772017320E2,1.828679433E-1,-6.444552967E-2,1.772016252E2
2.649070211E2,2.442221397E-2,5.978515837E-4,1.578775118E-3,9.997003078E-1,1.772011422E2,1.825336417E-1,-6.406989907E-2,1.772010361E2
2.649120211E2,2.445148708E-2,5.920567783E-4,1.580766635E-3,9.996995926E-1,1.771977867E2,1.827474224E-1,-6.339513731E-2,1.771976816E2
2.649170211E2,2.445142161E-2,5.918801180E-4,1.581845107E-3,9.996995926E-1,1.771977942E2,1.828704702E-1,-6.337188967E-2,1.771976891E2
2.649220211E2,2.445664390E-2,5.964040756E-4,1.574735856E-3,9.996994734E-1,1.771971956E2,1.820690633E-1,-6.390911070E-2,1.771970901E2
2.649270211E2,2.445687501E-2,5.963094882E-4,1.571178320E-3,9.996994734E-1,1.771971691E2,1.816612706E-1,-6.390820351E-2,1.771970638E2
2.649320211E2,2.450080618E-2,5.921327975E-4,1.570960856E-3,9.996984005E-1,1.771921335E2,1.816274390E-1,-6.342236176E-2,1.771920290E2
2.649370211E2,2.449816336E-2,5.949263577E-4,1.573189162E-3,9.996984601E-1,1.771924364E2,1.818903834E-1,-6.373660817E-2,1.771923312E2
2.649420211E2,2.449826871E-2,5.954253138E-4,1.571358764E-3,9.996984601E-1,1.771924243E2,1.816821054E-1,-6.379888660E-2,1.771923192E2
2.649470211E2,2.449340700E-2,5.972980289E-4,1.570595894E-3,9.996985793E-1,1.771929816E2,1.815996596E-1,-6.401644412E-2,1.771928762E2
2.649520211E2,2.449779612E-2,6.018465501E-4,1.576272654E-3,9.996984601E-1,1.771924785E2,1.822630256E-1,-6.452077528E-2,1.771923719E2
2.649570211E2,2.450048214E-2,6.006859476E-4,1.572766458E-3,9.996984005E-1,1.771921706E2,1.818582795E-1,-6.439717459E-2,1.771920644E2
2.649620211E2,2.453223823E-2,5.985710886E-4,1.571080997E-3,9.996976256E-1,1.771885305E2,1.816612973E-1,-6.415386428E-2,1.771884248E2
2.649670211E2,2.454447077E-2,5.906294100E-4,1.572664361E-3,9.996973276E-1,1.771871284E2,1.818211290E-1,-6.323741377E-2,1.771870240E2
2.649720211E2,2.453466580E-2,5.914448993E-4,1.573796617E-3,9.996975660E-1,1.771882523E2,1.819525098E-1,-6.332943359E-2,1.771881477E2
2.649770211E2,2.452479354E-2,5.974791129E-4,1.573942951E-3,9.996978045E-1,1.771893839E2,1.819856081E-1,-6.402208031E-2,1.771892782E2
2.649820211E2,2.454195189E-2,5.984925083E-4,1.571111963E-3,9.996973872E-1,1.771874171E2,1.816652470E-1,-6.414301014E-2,1.771873114E2
2.649870211E2,2.455167693E-2,5.928821629E-4,1.573001035E-3,9.996971488E-1,1.771863023E2,1.818664918E-1,-6.349322426E-2,1.771861976E2
2.649920211E2,2.458543628E-2,5.944275181E-4,1.575463219E-3,9.996963143E-1,1.771824326E2,1.821550507E-1,-6.365717667E-2,1.771823275E2
2.649970211E2,2.457313605E-2,6.024448667E-4,1.575209317E-3,9.996966124E-1,1.771838426E2,1.821477595E-1,-6.457857486E-2,1.771837359E2
2.650020211E2,2.456334931E-2,6.043841713E-4,1.575797447E-3,9.996968508E-1,1.771849644E2,1.822199611E-1,-6.480086316E-2,1.771848573E2
2.650070211E2,2.457071938E-2,5.988519988E-4,1.576449256E-3,9.996966720E-1,1.771841196E2,1.822795302E-1,-6.416393632E-2,1.771840135E2
2.650120211E2,2.460703065E-2,5.999380955E-4,1.576635521E-3,9.996957779E-1,1.771799574E2,1.823062614E-1,-6.428120993E-2,1.771798511E2
2.650170211E2,2.459696928E-2,6.068711518E-4,1.579803880E-3,9.996960163E-1,1.771811107E2,1.826881162E-1,-6.506834247E-2,1.771810029E2
2.650220211E2,2.458493491E-2,6.041323650E-4,1.579590142E-3,9.996963143E-1,1.771824901E2,1.826551310E-1,-6.475739721E-2,1.771823829E2
2.650270211E2,2.459246840E-2,5.991156795E-4,1.577397459E-3,9.996961355E-1,1.771816266E2,1.823902926E-1,-6.418750489E-2,1.771815204E2
2.650320211E2,2.458511189E-2,6.038286956E-4,1.576949493E-3,9.996963143E-1,1.771824698E2,1.823517817E-1,-6.473001713E-2,1.771823628E2
2.650370211E2,2.458267989E-2,6.067043869E-4,1.575973234E-3,9.996963739E-1,1.771827486E2,1.822478885E-1,-6.506264093E-2,1.771826411E2
2.650420211E2,2.456061933E-2,6.040949374E-4,1.580639509E-3,9.996969104E-1,1.771852773E2,1.827736631E-1,-6.475459881E-2,1.771851700E2
2.650470211E2,2.456533704E-2,6.007606280E-4,1.583989593E-3,9.996967912E-1,1.771847365E2,1.831483577E-1,-6.436233752E-2,1.771846296E2
2.650520211E2,2.452895211E-2,6.087204092E-4,1.580534852E-3,9.996976852E-1,1.771889072E2,1.827726254E-1,-6.529056257E-2,1.771887990E2
2.650570211E2,2.452678088E-2,6.092975964E-4,1.576301060E-3,9.996977448E-1,1.771891561E2,1.822890942E-1,-6.536898015E-2,1.771890481E2
2.650620211E2,2.452901530E-2,6.083039916E-4,1.579714241E-3,9.996976852E-1,1.771889000E2,1.826774519E-1,-6.524515417E-2,1.771887919E2
2.650670211E2,2.451399522E-2,6.174801965E-4,1.582984230E-3,9.996980429E-1,1.771906216E2,1.830768527E-1,-6.628991115E-2,1.771905117E2
2.650720211E2,2.455073793E-2,6.187358522E-4,1.577692805E-3,9.996971488E-1,1.771864100E2,1.824766509E-1,-6.644191335E-2,1.771863001E2
2.650770211E2,2.455830599E-2,6.131056580E-4,1.575407689E-3,9.996969700E-1,1.771855425E2,1.821995312E-1,-6.580198551E-2,1.771854338E2
2.650820211E2,2.456550419E-2,6.149496767E-4,1.575931790E-3,9.996967912E-1,1.771847174E2,1.822652361E-1,-6.601044316E-2,1.771846084E2
2.650870211E2,2.455819545E-2,6.209806888E-4,1.574045746E-3,9.996969700E-1,1.771855551E2,1.820656677E-1,-6.670797740E-2,1.771854451E2
2.650920211E2,2.458250109E-2,6.217745249E-4,1.572885551E-3,9.996963739E-1,1.771827691E2,1.819366174E-1,-6.679775849E-2,1.771826590E2
2.650970211E2,2.459011680E-2,6.180848577E-4,1.568941749E-3,9.996961951E-1,1.771818961E2,1.814749377E-1,-6.638480947E-2,1.771817870E2
2.651020211E2,2.459520854E-2,6.151638809E-4,1.566233695E-3,9.996960759E-1,1.771813125E2,1.811568157E-1,-6.605690020E-2,1.771812041E2
2.651070211E2,2.459546138E-2,6.146813976E-4,1.562447986E-3,9.996960759E-1,1.771812835E2,1.807217925E-1,-6.601225285E-2,1.771811754E2
2.651120211E2,2.452988513E-2,6.189980195E-4,1.561953686E-3,9.996976852E-1,1.771888002E2,1.806729714E-1,-6.651999587E-2,1.771886914E2
2.651170211E2,2.452964260E-2,6.186621613E-4,1.565890620E-3,9.996976852E-1,1.771888280E2,1.811230155E-1,-6.647049808E-2,1.771887190E2
2.651220211E2,2.452949781E-2,6.186536630E-4,1.568160485E-3,9.996976852E-1,1.771888446E2,1.813830116E-1,-6.646317021E-2,1.771887354E2
2.651270211E2,2.452437872E-2,6.227030535E-4,1.570625696E-3,9.996978045E-1,1.771894314E2,1.816764604E-1,-6.692105666E-2,1.771893213E2
2.651320211E2,2.451237141E-2,6.254218169E-4,1.567292260E-3,9.996981025E-1,1.771908078E2,1.813014247E-1,-6.724405584E-2,1.771906974E2
2.651370211E2,2.451955345E-2,6.211867440E-4,1.570686116E-3,9.996979237E-1,1.771899845E2,1.816787980E-1,-6.674805995E-2,1.771898747E2
2.651420211E2,2.450035368E-2,6.229888531E-4,1.566077000E-3,9.996984005E-1,1.771921853E2,1.811545680E-1,-6.697093423E-2,1.771920755E2
2.651470211E2,2.450068462E-2,6.233282620E-4,1.560755540E-3,9.996984005E-1,1.771921474E2,1.805459307E-1,-6.702469692E-2,1.771920378E2
2.651520211E2,2.449336387E-2,6.185613456E-4,1.563019818E-3,9.996985793E-1,1.771929865E2,1.807914487E-1,-6.647357967E-2,1.771928777E2
2.651570211E2,2.449792298E-2,6.153397262E-4,1.569074928E-3,9.996984601E-1,1.771924639E2,1.814763643E-1,-6.608669708E-2,1.771923553E2
2.651620211E2,2.453663637E-2,6.239227951E-4,1.568387030E-3,9.996975064E-1,1.771880264E2,1.814242554E-1,-6.706485360E-2,1.771879162E2
2.651670211E2,2.453201617E-2,6.278898218E-4,1.563084312E-3,9.996976256E-1,1.771885560E2,1.808276338E-1,-6.753504992E-2,1.771884454E2
2.651720211E2,2.452254547E-2,6.229270366E-4,1.561194542E-3,9.996978641E-1,1.771896416E2,1.805965596E-1,-6.697355198E-2,1.771895320E2
2.651770211E2,2.452238455E-2,6.232894957E-4,1.563575701E-3,9.996978641E-1,1.771896600E2,1.808703466E-1,-6.700841180E-2,1.771895503E2
2.651820211E2,2.450768284E-2,6.304575945E-4,1.562551712E-3,9.996982217E-1,1.771913452E2,1.807721888E-1,-6.783510354E-2,1.771912342E2
2.651870211E2,2.450331798E-2,6.321059773E-4,1.554048387E-3,9.996983409E-1,1.771918455E2,1.798024033E-1,-6.804860388E-2,1.771917348E2
2.651920211E2,2.448176763E-2,6.313343765E-4,1.548911445E-3,9.996988773E-1,1.771943158E2,1.792102966E-1,-6.797849928E-2,1.771942055E2
2.651970211E2,2.448424682E-2,6.307773874E-4,1.548420754E-3,9.996988177E-1,1.771940316E2,1.791526900E-1,-6.791562459E-2,1.771939215E2
2.652020211E2,2.445512357E-2,6.299333181E-4,1.547211548E-3,9.996995330E-1,1.771973699E2,1.790098222E-1,-6.782753820E-2,1.771972600E2
2.652070211E2,2.445530805E-2,6.286845310E-4,1.544801635E-3,9.996995330E-1,1.771973487E2,1.787302611E-1,-6.769120140E-2,1.771972392E2
2.652120211E2,2.445774147E-2,6.285477430E-4,1.544905012E-3,9.996994734E-1,1.771970698E2,1.787418851E-1,-6.767480656E-2,1.771969603E2
2.652170211E2,2.445765909E-2,6.283873226E-4,1.546273823E-3,9.996994734E-1,1.771970792E2,1.788982374E-1,-6.765260755E-2,1.771969697E2
2.652220211E2,2.444539369E-2,6.311799516E-4,1.546413056E-3,9.996997714E-1,1.771984852E2,1.789211812E-1,-6.797432815E-2,1.771983751E2
2.652270211E2,2.444786266E-2,6.290810416E-4,1.546769636E-3,9.996997118E-1,1.771982022E2,1.789563172E-1,-6.773244204E-2,1.771980925E2
2.652320211E2,2.445536758E-2,6.311307661E-4,1.542860526E-3,9.996995330E-1,1.771973419E2,1.785147527E-1,-6.797686446E-2,1.771972321E2
2.652370211E2,2.445261302E-2,6.333467318E-4,1.546985237E-3,9.996995926E-1,1.771976576E2,1.789932919E-1,-6.821965292E-2,1.771975472E2
2.652420211E2,2.446243888E-2,6.330859615E-4,1.545818406E-3,9.996993542E-1,1.771965313E2,1.788595622E-1,-6.819129151E-2,1.771964210E2
2.652470211E2,2.446249044E-2,6.333725760E-4,1.544884872E-3,9.996993542E-1,1.771965254E2,1.787534259E-1,-6.822673301E-2,1.771964151E2
2.652520211E2,2.447927266E-2,6.284302217E-4,1.551053836E-3,9.996989369E-1,1.771946018E2,1.794474063E-1,-6.764024510E-2,1.771944919E2
2.652570211E2,2.447667765E-2,6.306664436E-4,1.552681555E-3,9.996989965E-1,1.771948992E2,1.796399710E-1,-6.789232036E-2,1.771947888E2
2.652620211E2,2.447000071E-2,6.298766821E-4,1.543084392E-3,9.996991754E-1,1.771956646E2,1.785378763E-1,-6.782995942E-2,1.771955550E2
2.652670211E2,2.446498590E-2,6.329406751E-4,1.544115599E-3,9.996992946E-1,1.771962394E2,1.786642593E-1,-6.817896621E-2,1.771961292E2
2.652720211E2,2.448221752E-2,6.296543870E-4,1.542470884E-3,9.996988773E-1,1.771942642E2,1.784677995E-1,-6.780403337E-2,1.771941547E2
2.652770211E2,2.447957095E-2,6.318706437E-4,1.544936327E-3,9.996989369E-1,1.771945676E2,1.787562725E-1,-6.805147754E-2,1.771944575E2
2.652820211E2,2.444528811E-2,6.343828281E-4,1.546771382E-3,9.996997714E-1,1.771984973E2,1.789711961E-1,-6.834025579E-2,1.771983866E2
2.652870211E2,2.445520489E-2,6.264910335E-4,1.547323773E-3,9.996995330E-1,1.771973605E2,1.790130362E-1,-6.743287077E-2,1.771972513E2
2.652920211E2,2.444048636E-2,6.271037273E-4,1.548571745E-3,9.996998906E-1,1.771990477E2,1.791567242E-1,-6.750219955E-2,1.771989382E2
2.652970211E2,2.443565005E-2,6.306449068E-4,1.546497224E-3,9.997000098E-1,1.771996020E2,1.789286625E-1,-6.791454307E-2,1.771994921E2
2.653020211E2,2.441855343E-2,6.281476235E-4,1.547845080E-3,9.997004271E-1,1.772015617E2,1.790749196E-1,-6.762774944E-2,1.772014522E2
2.653070211E2,2.442109354E-2,6.254139007E-4,1.547374064E-3,9.997003675E-1,1.772012706E2,1.790134818E-1,-6.731544481E-2,1.772011615E2
2.653120211E2,2.440168135E-2,6.223258679E-4,1.546799322E-3,9.997008443E-1,1.772034957E2,1.789376977E-1,-6.696677132E-2,1.772033873E2
2.653170211E2,2.439693867E-2,6.260732771E-4,1.543048536E-3,9.997009635E-1,1.772040394E2,1.785181766E-1,-6.740739982E-2,1.772039305E2
2.653220211E2,2.437742128E-2,6.295023486E-4,1.541185193E-3,9.997014403E-1,1.772062765E2,1.783129803E-1,-6.780891586E-2,1.772061672E2
2.653270211E2,2.437955111E-2,6.278452347E-4,1.546824235E-3,9.997013807E-1,1.772060324E2,1.789544904E-1,-6.760294698E-2,1.772059229E2
2.653320211E2,2.433054672E-2,6.267580320E-4,1.548406552E-3,9.997025728E-1,1.772116496E2,1.791294116E-1,-6.748276002E-2,1.772115402E2
2.653370211E2,2.433345421E-2,6.247910787E-4,1.541981823E-3,9.997025132E-1,1.772113163E2,1.783881196E-1,-6.727482528E-2,1.772112077E2
2.653420211E2,2.432855301E-2,6.229673163E-4,1.542769605E-3,9.997026324E-1,1.772118781E2,1.784729515E-1,-6.706457786E-2,1.772117698E2
2.653470211E2,2.432327256E-2,6.259887596E-4,1.547552994E-3,9.997027516E-1,1.772124834E2,1.790289945E-1,-6.739831663E-2,1.772123742E2
2.653520211E2,2.429619022E-2,6.286717835E-4,1.548344269E-3,9.997034073E-1,1.772155877E2,1.791252862E-1,-6.770832426E-2,1.772154780E2
2.653570211E2,2.431159096E-2,6.176521420E-4,1.541931182E-3,9.997030497E-1,1.772138224E2,1.783609563E-1,-6.646104844E-2,1.772137151E2
2.653620211E2,2.430678642E-2,6.142955972E-4,1.541728852E-3,9.997031689E-1,1.772143731E2,1.783281082E-1,-6.607795158E-2,1.772142664E2
2.653670211E2,2.429376116E-2,6.236451445E-4,1.550006215E-3,9.997034669E-1,1.772158661E2,1.793015156E-1,-6.712829292E-2,1.772157572E2
2.653720211E2,2.426697062E-2,6.255957996E-4,1.546006650E-3,9.997041225E-1,1.772189370E2,1.788469594E-1,-6.736768284E-2,1.772188280E2
2.653770211E2,2.427472178E-2,6.213219021E-4,1.541665872E-3,9.997039437E-1,1.772180485E2,1.783383210E-1,-6.688876356E-2,1.772179406E2
2.653820211E2,2.427713231E-2,6.199804484E-4,1.542898943E-3,9.997038841E-1,1.772177722E2,1.784760081E-1,-6.673122926E-2,1.772176644E2
2.653870211E2,2.427682266E-2,6.210639840E-4,1.547329011E-3,9.997038841E-1,1.772178077E2,1.789865018E-1,-6.684308726E-2,1.772176994E2
2.653920211E2,2.425224905E-2,6.179657066E-4,1.548825414E-3,9.997044802E-1,1.772206245E2,1.791476722E-1,-6.648839643E-2,1.772205167E2
2.653970211E2,2.425203348E-2,6.169671542E-4,1.552594360E-3,9.997044802E-1,1.772206492E2,1.795766456E-1,-6.636356855E-2,1.772205413E2
2.654020211E2,2.425171236E-2,6.142684724E-4,1.558668562E-3,9.997044802E-1,1.772206860E2,1.802649724E-1,-6.603759024E-2,1.772205782E2
2.654070211E2,2.424674806E-2,6.167063257E-4,1.558479853E-3,9.997045994E-1,1.772212550E2,1.802498006E-1,-6.631828470E-2,1.772211468E2
2.654120211E2,2.423444483E-2,6.220726063E-4,1.556539908E-3,9.997048974E-1,1.772226653E2,1.800416523E-1,-6.694063975E-2,1.772225562E2
2.654170211E2,2.423432792E-2,6.223159726E-4,1.558261923E-3,9.997048974E-1,1.772226787E2,1.802395912E-1,-6.696375798E-2,1.772225694E2
2.654220211E2,2.424410177E-2,6.226357073E-4,1.559056691E-3,9.997046590E-1,1.772215584E2,1.803321812E-1,-6.699641582E-2,1.772214490E2
2.654270211E2,2.423687657E-2,6.262597162E-4,1.555279363E-3,9.997048378E-1,1.772223865E2,1.799090398E-1,-6.742336888E-2,1.772222768E2
2.654320211E2,2.422221953E-2,6.274980842E-4,1.553242910E-3,9.997051954E-1,1.772240666E2,1.796781967E-1,-6.757352404E-2,1.772239568E2
2.654370211E2,2.423229555E-2,6.213575834E-4,1.551998779E-3,9.997049570E-1,1.772229116E2,1.795192995E-1,-6.687172577E-2,1.772228030E2
2.654420211E2,2.422955578E-2,6.234220346E-4,1.555548282E-3,9.997050166E-1,1.772232257E2,1.799314732E-1,-6.709886111E-2,1.772231164E2
2.654470211E2,2.422212581E-2,6.278037326E-4,1.554580289E-3,9.997051954E-1,1.772240774E2,1.798322465E-1,-6.760484305E-2,1.772239674E2
2.654520211E2,2.422737462E-2,6.208897103E-4,1.552224043E-3,9.997050762E-1,1.772234757E2,1.795434770E-1,-6.681838550E-2,1.772233671E2
2.654570211E2,2.422965169E-2,6.201022770E-4,1.555381226E-3,9.997050166E-1,1.772232147E2,1.799031236E-1,-6.671900362E-2,1.772231061E2
2.654620211E2,2.421938799E-2,6.267215358E-4,1.559335622E-3,9.997052550E-1,1.772243912E2,1.803738197E-1,-6.746816324E-2,1.772242811E2
2.654670211E2,2.421698926E-2,6.282413378E-4,1.557765063E-3,9.997053146E-1,1.772246661E2,1.801979555E-1,-6.764705983E-2,1.772245558E2
2.654720211E2,2.422944681E-2,6.190100103E-4,1.559003722E-3,9.997050166E-1,1.772232382E2,1.803150632E-1,-6.658385459E-2,1.772231295E2
2.654770211E2,2.423421519E-2,6.167495740E-4,1.562223071E-3,9.997048974E-1,1.772226916E2,1.806779053E-1,-6.631510336E-2,1.772225831E2
2.654820211E2,2.422910889E-2,6.191696157E-4,1.564183622E-3,9.997050166E-1,1.772232769E2,1.809088834E-1,-6.658781726E-2,1.772231679E2
2.654870211E2,2.423415976E-2,6.165694795E-4,1.563153812E-3,9.997048974E-1,1.772226980E2,1.807840253E-1,-6.629189735E-2,1.772225895E2
2.654920211E2,2.424379462E-2,6.090840325E-4,1.569153392E-3,9.997046590E-1,1.772215936E2,1.814511665E-1,-6.541597074E-2,1.772214860E2
2.654970211E2,2.424130571E-2,6.107516820E-4,1.568983542E-3,9.997047186E-1,1.772218789E2,1.814361790E-1,-6.560793651E-2,1.772217710E2
2.655020211E2,2.423877350E-2,6.134286523E-4,1.569082495E-3,9.997047782E-1,1.772221691E2,1.814547850E-1,-6.591478895E-2,1.772220608E2
2.655070211E2,2.423905718E-2,6.127285305E-4,1.564968377E-3,9.997047782E-1,1.772221366E2,1.809815534E-1,-6.584596088E-2,1.772220287E2
2.655120211E2,2.423894041E-2,6.125490181E-4,1.566846156E-3,9.997047782E-1,1.772221500E2,1.811961618E-1,-6.582020159E-2,1.772220420E2
2.655170211E2,2.423346084E-2,6.169696571E-4,1.573795220E-3,9.997048974E-1,1.772227781E2,1.820041499E-1,-6.630831535E-2,1.772226688E2
2.655220211E2,2.422348523E-2,6.226772675E-4,1.573672984E-3,9.997051358E-1,1.772239215E2,1.820053301E-1,-6.696432211E-2,1.772238112E2
2.655270211E2,2.422599786E-2,6.224917597E-4,1.572932466E-3,9.997050762E-1,1.772236335E2,1.819201511E-1,-6.694466913E-2,1.772235233E2
2.655320211E2,2.422086751E-2,6.249446888E-4,1.575200818E-3,9.997051954E-1,1.772242216E2,1.821864747E-1,-6.722030881E-2,1.772241107E2
2.655370211E2,2.421081400E-2,6.310851895E-4,1.575993840E-3,9.997054338E-1,1.772253740E2,1.822936837E-1,-6.792338324E-2,1.772252619E2
2.655420211E2,2.420584630E-2,6.356507074E-4,1.574847382E-3,9.997055531E-1,1.772259434E2,1.821746753E-1,-6.845048517E-2,1.772258306E2
2.655470211E2,2.421364691E-2,6.305596326E-4,1.570481458E-3,9.997053742E-1,1.772250492E2,1.816609294E-1,-6.787795573E-2,1.772249377E2
2.655520211E2,2.421129988E-2,6.320943939E-4,1.568105421E-3,9.997054338E-1,1.772253183E2,1.813928342E-1,-6.806079354E-2,1.772252066E2
2.655570211E2,2.420138927E-2,6.392703508E-4,1.566184452E-3,9.997056723E-1,1.772264543E2,1.811920000E-1,-6.888998169E-2,1.772263414E2
2.655620211E2,2.420395943E-2,6.370703341E-4,1.565409359E-3,9.997056127E-1,1.772261597E2,1.810972812E-1,-6.863963651E-2,1.772260472E2
2.655670211E2,2.421682082E-2,6.275293417E-4,1.560667879E-3,9.997053146E-1,1.772246854E2,1.805285093E-1,-6.755746969E-2,1.772245751E2
2.655720211E2,2.421956768E-2,6.272076862E-4,1.556346426E-3,9.997052550E-1,1.772243706E2,1.800327445E-1,-6.753211958E-2,1.772242606E2
2.655770211E2,2.420966461E-2,6.324319984E-4,1.555163879E-3,9.997054935E-1,1.772255057E2,1.799111002E-1,-6.813566971E-2,1.772253948E2
2.655820211E2,2.420945389E-2,6.332715857E-4,1.558099757E-3,9.997054935E-1,1.772255299E2,1.802497441E-1,-6.822374390E-2,1.772254186E2
2.655870211E2,2.421428170E-2,6.297766231E-4,1.560979523E-3,9.997053742E-1,1.772249765E2,1.805702754E-1,-6.781450712E-2,1.772248657E2
2.655920211E2,2.420151996E-2,6.379577098E-4,1.564699458E-3,9.997056723E-1,1.772264393E2,1.810182500E-1,-6.874370315E-2,1.772263267E2
2.655970211E2,2.419637914E-2,6.414193776E-4,1.566624502E-3,9.997057915E-1,1.772270286E2,1.812480254E-1,-6.913585754E-2,1.772269152E2
2.656020211E2,2.420443984E-2,6.360492553E-4,1.558380784E-3,9.997056127E-1,1.772261046E2,1.802893010E-1,-6.854207233E-2,1.772259928E2
2.656070211E2,2.420926658E-2,6.339487736E-4,1.560732606E-3,9.997054935E-1,1.772255513E2,1.805532246E-1,-6.829405057E-2,1.772254398E2
2.656120211E2,2.419891524E-2,6.396141835E-4,1.566225896E-3,9.997057319E-1,1.772267379E2,1.811975308E-1,-6.892970391E-2,1.772266249E2
2.656170211E2,2.420119770E-2,6.378711550E-4,1.569711254E-3,9.997056723E-1,1.772264762E2,1.815921301E-1,-6.871994640E-2,1.772263634E2
2.656220211E2,2.420113099E-2,6.389569025E-4,1.570297987E-3,9.997056723E-1,1.772264839E2,1.816623520E-1,-6.884271221E-2,1.772263708E2
2.656270211E2,2.419351417E-2,6.440486177E-4,1.571748639E-3,9.997058511E-1,1.772273570E2,1.818421294E-1,-6.942337053E-2,1.772272428E2
2.656320211E2,2.419830861E-2,6.403310108E-4,1.575279399E-3,9.997057319E-1,1.772268074E2,1.822366300E-1,-6.898682636E-2,1.772266937E2
2.656370211E2,2.420596598E-2,6.359487306E-4,1.572886365E-3,9.997055531E-1,1.772259297E2,1.819508598E-1,-6.849004396E-2,1.772258169E2
2.656420211E2,2.420061281E-2,6.389407790E-4,1.578270341E-3,9.997056723E-1,1.772265433E2,1.825755702E-1,-6.881884954E-2,1.772264296E2
2.656470211E2,2.419541193E-2,6.420779391E-4,1.581224846E-3,9.997057915E-1,1.772271394E2,1.829223740E-1,-6.917099381E-2,1.772270250E2
2.656520211E2,2.418521716E-2,6.484685582E-4,1.583842561E-3,9.997060299E-1,1.772283080E2,1.832392628E-1,-6.989770007E-2,1.772281922E2
2.656570211E2,2.419280772E-2,6.439101417E-4,1.582641737E-3,9.997058511E-1,1.772274379E2,1.830895904E-1,-6.937743537E-2,1.772273230E2
2.656620211E2,2.420294005E-2,6.372620701E-4,1.581014600E-3,9.997056127E-1,1.772262765E2,1.828854513E-1,-6.861850383E-2,1.772261630E2
2.656670211E2,2.419782788E-2,6.403202424E-4,1.582651166E-3,9.997057319E-1,1.772268625E2,1.830810635E-1,-6.896523858E-2,1.772267483E2
2.656720211E2,2.418531321E-2,6.494235131E-4,1.581983524E-3,9.997060299E-1,1.772282970E2,1.830289485E-1,-7.001223251E-2,1.772281811E2
2.656770211E2,2.419571739E-2,6.423854502E-4,1.576418523E-3,9.997057915E-1,1.772271044E2,1.823726441E-1,-6.921949244E-2,1.772269902E2
2.656820211E2,2.420037396E-2,6.386159221E-4,1.582059660E-3,9.997056723E-1,1.772265707E2,1.830087503E-1,-6.877116942E-2,1.772264568E2
2.656870211E2,2.420020164E-2,6.382625434E-4,1.584835816E-3,9.997056723E-1,1.772265904E2,1.833257898E-1,-6.872301966E-2,1.772264764E2
2.656920211E2,2.419799118E-2,6.400881684E-4,1.580246375E-3,9.997057319E-1,1.772268438E2,1.828049425E-1,-6.894529127E-2,1.772267298E2
2.656970211E2,2.420823007E-2,6.333764759E-4,1.576958108E-3,9.997054935E-1,1.772256702E2,1.824103299E-1,-6.818366419E-2,1.772255576E2
2.657020211E2,2.420585949E-2,6.347393501E-4,1.575012226E-3,9.997055531E-1,1.772259419E2,1.821910322E-1,-6.834562237E-2,1.772258292E2
2.657070211E2,2.419571208E-2,6.415187963E-4,1.576852868E-3,9.997057915E-1,1.772271050E2,1.824199984E-1,-6.911900705E-2,1.772269910E2
2.657120211E2,2.420582974E-2,6.357097882E-4,1.575078117E-3,9.997055531E-1,1.772259453E2,1.822012707E-1,-6.845661632E-2,1.772258324E2
2.657170211E2,2.421330265E-2,6.300208624E-4,1.575995702E-3,9.997053742E-1,1.772250887E2,1.822911127E-1,-6.780099727E-2,1.772249769E2
2.657220211E2,2.420803018E-2,6.341815460E-4,1.579700620E-3,9.997054935E-1,1.772256931E2,1.827267270E-1,-6.826831962E-2,1.772255802E2
2.657270211E2,2.419307625E-2,6.435994874E-4,1.578658121E-3,9.997058511E-1,1.772274072E2,1.826323917E-1,-6.935284263E-2,1.772272926E2
2.657320211E2,2.419822446E-2,6.406423054E-4,1.576445065E-3,9.997057319E-1,1.772268170E2,1.823710242E-1,-6.901927051E-2,1.772267032E2
2.657370211E2,2.420071599E-2,6.378536928E-4,1.577127492E-3,9.997056723E-1,1.772265315E2,1.824416395E-1,-6.869746590E-2,1.772264181E2
2.657420211E2,2.419027549E-2,6.456642295E-4,1.582983066E-3,9.997059107E-1,1.772277282E2,1.831333797E-1,-6.957789754E-2,1.772276130E2
2.657470211E2,2.418293395E-2,6.506826030E-4,1.580171287E-3,9.997060895E-1,1.772285697E2,1.828246647E-1,-7.016192905E-2,1.772284537E2
2.657520211E2,2.418578365E-2,6.484609912E-4,1.575171482E-3,9.997060299E-1,1.772282431E2,1.822459378E-1,-6.992076219E-2,1.772281279E2
2.657570211E2,2.419088396E-2,6.461104495E-4,1.573474030E-3,9.997059107E-1,1.772276585E2,1.820453208E-1,-6.965526495E-2,1.772275438E2
2.657620211E2,2.418814660E-2,6.476245471E-4,1.577059971E-3,9.997059703E-1,1.772279722E2,1.824601264E-1,-6.981927548E-2,1.772278570E2
2.657670211E2,2.418560353E-2,6.494316622E-4,1.577535411E-3,9.997060299E-1,1.772282637E2,1.825194234E-1,-7.002544123E-2,1.772281482E2
2.657720211E2,2.418620071E-2,6.480023731E-4,1.568944193E-3,9.997060299E-1,1.772281953E2,1.815313086E-1,-6.988540771E-2,1.772280806E2
2.657770211E2,2.418114247E-2,6.525753415E-4,1.569058164E-3,9.997061491E-1,1.772287751E2,1.815566843E-1,-7.040988015E-2,1.772286595E2
2.657820211E2,2.417837260E-2,6.539668539E-4,1.573181711E-3,9.997062087E-1,1.772290926E2,1.820327315E-1,-7.055836662E-2,1.772289765E2
2.657870211E2,2.417854291E-2,6.537423469E-4,1.570655499E-3,9.997062087E-1,1.772290730E2,1.817427229E-1,-7.053961613E-2,1.772289572E2
2.657920211E2,2.417876095E-2,6.533738924E-4,1.567449071E-3,9.997062087E-1,1.772290481E2,1.813743945E-1,-7.050625148E-2,1.772289325E2
2.657970211E2,2.417088088E-2,6.592441350E-4,1.572471461E-3,9.997063875E-1,1.772299513E2,1.819654564E-1,-7.116625259E-2,1.772298343E2
2.658020211E2,2.416343110E-2,6.637778133E-4,1.571377041E-3,9.997065663E-1,1.772308052E2,1.818521062E-1,-7.169000809E-2,1.772306874E2
2.658070211E2,2.417128141E-2,6.588194519E-4,1.566481427E-3,9.997063875E-1,1.772299054E2,1.812781005E-1,-7.113412093E-2,1.772297889E2
2.658120211E2,2.417871015E-2,6.537980516E-4,1.568055595E-3,9.997062087E-1,1.772290539E2,1.814450486E-1,-7.055317094E-2,1.772289382E2
2.658170211E2,2.417131701E-2,6.593946018E-4,1.565689803E-3,9.997063875E-1,1.772299013E2,1.811890092E-1,-7.120219523E-2,1.772297847E2
2.658220211E2,2.416408939E-2,6.632964360E-4,1.561425976E-3,9.997065663E-1,1.772307298E2,1.807108431E-1,-7.166229844E-2,1.772306128E2
2.658270211E2,2.417936591E-2,6.534224376E-4,1.558068790E-3,9.997062087E-1,1.772289787E2,1.802999831E-1,-7.053769450E-2,1.772288638E2
2.658320211E2,2.418944106E-2,6.462759338E-4,1.557639451E-3,9.997059703E-1,1.772278238E2,1.802316977E-1,-6.971837907E-2,1.772277102E2
2.658370211E2,2.417421955E-2,6.573142600E-4,1.559799188E-3,9.997063279E-1,1.772295686E2,1.805086336E-1,-7.097966815E-2,1.772294528E2
2.658420211E2,2.417181638E-2,6.593570579E-4,1.557977288E-3,9.997063875E-1,1.772298441E2,1.803054083E-1,-7.121916748E-2,1.772297280E2
2.658470211E2,2.417934399E-2,6.532805273E-4,1.558468328E-3,9.997062087E-1,1.772289812E2,1.803453586E-1,-7.052033444E-2,1.772288663E2
2.658520211E2,2.417904795E-2,6.534997956E-4,1.562962891E-3,9.997062087E-1,1.772290152E2,1.808608346E-1,-7.053305308E-2,1.772288999E2
2.658570211E2,2.417646023E-2,6.557744928E-4,1.563915284E-3,9.997062683E-1,1.772293118E2,1.809760592E-1,-7.079146720E-2,1.772291960E2
2.658620211E2,2.417383205E-2,6.577396416E-4,1.565614599E-3,9.997063279E-1,1.772296130E2,1.811759880E-1,-7.101235889E-2,1.772294968E2
2.658670211E2,2.418124859E-2,6.519964663E-4,1.567662694E-3,9.997061491E-1,1.772287629E2,1.813952249E-1,-7.034741311E-2,1.772286476E2
2.658720211E2,2.417876597E-2,6.532773259E-4,1.567411819E-3,9.997062087E-1,1.772290475E2,1.813698597E-1,-7.049529133E-2,1.772289319E2
2.658770211E2,2.417111407E-2,6.589275436E-4,1.569015905E-3,9.997063875E-1,1.772299246E2,1.815687335E-1,-7.113951371E-2,1.772298078E2
2.658820211E2,2.417659190E-2,6.561487680E-4,1.561721321E-3,9.997062683E-1,1.772292967E2,1.807257690E-1,-7.084039806E-2,1.772291810E2
2.658870211E2,2.417905234E-2,6.534804124E-4,1.562903170E-3,9.997062087E-1,1.772290147E2,1.808539396E-1,-7.053099727E-2,1.772288994E2
2.658920211E2,2.417888319E-2,6.531383260E-4,1.565660583E-3,9.997062087E-1,1.772290340E2,1.811688642E-1,-7.048419887E-2,1.772289186E2
2.658970211E2,2.417666624E-2,6.547429948E-4,1.561160316E-3,9.997062683E-1,1.772292882E2,1.806576113E-1,-7.068089644E-2,1.772291728E2
2.659020211E2,2.418399537E-2,6.507280632E-4,1.563823665E-3,9.997060895E-1,1.772284481E2,1.809521103E-1,-7.021224858E-2,1.772283332E2
2.659070211E2,2.418637914E-2,6.482375902E-4,1.566093764E-3,9.997060299E-1,1.772281748E2,1.812054329E-1,-6.992022175E-2,1.772280603E2
2.659120211E2,2.418124104E-2,6.527362275E-4,1.567471307E-3,9.997061491E-1,1.772287638E2,1.813753495E-1,-7.043269033E-2,1.772286483E2
2.659170211E2,2.417922621E-2,6.537895533E-4,1.560081379E-3,9.997062087E-1,1.772289947E2,1.805315491E-1,-7.057419912E-2,1.772288796E2
2.659220211E2,2.418688049E-2,6.479849690E-4,1.558436779E-3,9.997060299E-1,1.772281174E2,1.803275970E-1,-6.991241421E-2,1.772280034E2
2.659270211E2,2.418670174E-2,6.487012724E-4,1.560911071E-3,9.997060299E-1,1.772281378E2,1.806130205E-1,-6.998764667E-2,1.772280236E2
2.659320211E2,2.417191480E-2,6.588108954E-4,1.556680887E-3,9.997063875E-1,1.772298328E2,1.801553888E-1,-7.116017353E-2,1.772297170E2
2.659370211E2,2.417703072E-2,6.556554581E-4,1.555121271E-3,9.997062683E-1,1.772292464E2,1.799683429E-1,-7.080209228E-2,1.772291312E2
2.659420211E2,2.417960362E-2,6.529578823E-4,1.554570626E-3,9.997062087E-1,1.772289515E2,1.798979689E-1,-7.049412618E-2,1.772288369E2
2.659470211E2,2.417911342E-2,6.536939763E-4,1.561868470E-3,9.997062087E-1,1.772290077E2,1.807360024E-1,-7.055831864E-2,1.772288924E2
2.659520211E2,2.416414302E-2,6.630445132E-4,1.560702804E-3,9.997065663E-1,1.772307236E2,1.806273039E-1,-7.163543154E-2,1.772306067E2
2.659570211E2,2.416444050E-2,6.633161101E-4,1.555974362E-3,9.997065663E-1,1.772306895E2,1.800863952E-1,-7.167958520E-2,1.772305729E2
2.659620211E2,2.417177041E-2,6.593700382E-4,1.558684860E-3,9.997063875E-1,1.772298493E2,1.803864992E-1,-7.121870279E-2,1.772297333E2
2.659670211E2,2.416645228E-2,6.625580136E-4,1.563331229E-3,9.997065067E-1,1.772304589E2,1.809272299E-1,-7.157200275E-2,1.772303419E2
2.659720211E2,2.416679182E-2,6.622814690E-4,1.558191259E-3,9.997065067E-1,1.772304200E2,1.803376621E-1,-7.155449571E-2,1.772303034E2
2.659770211E2,2.417443745E-2,6.572335260E-4,1.556452480E-3,9.997063279E-1,1.772295436E2,1.801250323E-1,-7.097965149E-2,1.772294281E2
2.659820211E2,2.416889644E-2,6.608972908E-4,1.564364880E-3,9.997064471E-1,1.772301788E2,1.810412182E-1,-7.137844852E-2,1.772300620E2
2.659870211E2,2.416329996E-2,6.645449903E-4,1.573068323E-3,9.997065663E-1,1.772308203E2,1.820479716E-1,-7.177323497E-2,1.772307022E2
2.659920211E2,2.417610120E-2,6.562791532E-4,1.569244661E-3,9.997062683E-1,1.772293529E2,1.815879563E-1,-7.083458003E-2,1.772292367E2
2.659970211E2,2.417922467E-2,6.531319232E-4,1.560380682E-3,9.997062087E-1,1.772289949E2,1.805640144E-1,-7.049803332E-2,1.772288798E2
2.660020211E2,2.416856611E-2,6.611227291E-4,1.569365035E-3,9.997064471E-1,1.772302166E2,1.816146282E-1,-7.139048549E-2,1.772300995E2
2.660070211E2,2.416099027E-2,6.657685735E-4,1.570145250E-3,9.997066259E-1,1.772310850E2,1.817163317E-1,-7.192192009E-2,1.772309669E2
2.660120211E2,2.417890772E-2,6.529648090E-4,1.565354061E-3,9.997062087E-1,1.772290312E2,1.811332706E-1,-7.046516599E-2,1.772289159E2
2.660170211E2,2.417892824E-2,6.532542175E-4,1.564916340E-3,9.997062087E-1,1.772290289E2,1.810839294E-1,-7.049952916E-2,1.772289135E2
2.660220211E2,2.417354688E-2,6.570313708E-4,1.570308115E-3,9.997063279E-1,1.772296457E2,1.817116867E-1,-7.091827052E-2,1.772295292E2
2.660270211E2,2.417872263E-2,6.533879787E-4,1.568034058E-3,9.997062087E-1,1.772290524E2,1.814414459E-1,-7.050625124E-2,1.772289368E2
2.660320211E2,2.417874431E-2,6.529998500E-4,1.567861531E-3,9.997062087E-1,1.772290500E2,1.814206075E-1,-7.046226213E-2,1.772289344E2
2.660370211E2,2.417841504E-2,6.545627257E-4,1.572281355E-3,9.997062087E-1,1.772290877E2,1.819312424E-1,-7.062911540E-2,1.772289715E2
2.660420211E2,2.417824391E-2,6.537360605E-4,1.575254020E-3,9.997062087E-1,1.772291073E2,1.822694830E-1,-7.052620900E-2,1.772289911E2
2.660470211E2,2.417601648E-2,6.550070830E-4,1.571080415E-3,9.997062683E-1,1.772293626E2,1.817947264E-1,-7.068378375E-2,1.772292465E2
2.660520211E2,2.417104906E-2,6.593528087E-4,1.569838612E-3,9.997063875E-1,1.772299320E2,1.816641548E-1,-7.118596420E-2,1.772298152E2
2.660570211E2,2.416842438E-2,6.603740621E-4,1.571860979E-3,9.997064471E-1,1.772302329E2,1.818984755E-1,-7.129783267E-2,1.772301157E2
2.660620211E2,2.417636350E-2,6.556020817E-4,1.565482235E-3,9.997062683E-1,1.772293229E2,1.811550818E-1,-7.076739238E-2,1.772292070E2
2.660670211E2,2.418673582E-2,6.487282226E-4,1.560371602E-3,9.997060299E-1,1.772281339E2,1.805512970E-1,-6.999222311E-2,1.772280197E2
2.660720211E2,2.418418815E-2,6.496203714E-4,1.561300829E-3,9.997060895E-1,1.772284260E2,1.806600420E-1,-7.009231066E-2,1.772283115E2
2.660770211E2,2.418860570E-2,6.468212814E-4,1.570333843E-3,9.997059703E-1,1.772279196E2,1.816873983E-1,-6.974581560E-2,1.772278050E2
2.660820211E2,2.418075179E-2,6.525838980E-4,1.575063914E-3,9.997061491E-1,1.772288199E2,1.822446887E-1,-7.039428921E-2,1.772287039E2
2.660870211E2,2.417881844E-2,6.530584069E-4,1.566693420E-3,9.997062087E-1,1.772290415E2,1.812869582E-1,-7.047219344E-2,1.772289260E2
2.660920211E2,2.418852432E-2,6.475720438E-4,1.571277622E-3,9.997059703E-1,1.772279289E2,1.817975915E-1,-6.982922008E-2,1.772278141E2
2.660970211E2,2.418281686E-2,6.498641451E-4,1.582298544E-3,9.997060895E-1,1.772285831E2,1.830660830E-1,-7.006229443E-2,1.772284672E2
2.661020211E2,2.417284187E-2,6.576891756E-4,1.580850105E-3,9.997063279E-1,1.772297265E2,1.829211312E-1,-7.096455281E-2,1.772296092E2
2.661070211E2,2.416606838E-2,6.629315903E-4,1.569096581E-3,9.997065067E-1,1.772305029E2,1.815887060E-1,-7.159890216E-2,1.772303855E2
2.661120211E2,2.417100424E-2,6.594340666E-4,1.570494496E-3,9.997063875E-1,1.772299372E2,1.817395136E-1,-7.119346434E-2,1.772298202E2
2.661170211E2,2.417079393E-2,6.589571713E-4,1.573927584E-3,9.997063875E-1,1.772299613E2,1.821314663E-1,-7.112936114E-2,1.772298442E2
2.661220211E2,2.416595494E-2,6.622339715E-4,1.571136992E-3,9.997065067E-1,1.772305159E2,1.818205118E-1,-7.151335439E-2,1.772303984E2
2.661270211E2,2.416376073E-2,6.631881697E-4,1.566549647E-3,9.997065663E-1,1.772307675E2,1.812974788E-1,-7.163576721E-2,1.772306501E2
2.661320211E2,2.415348409E-2,6.701265229E-4,1.569926273E-3,9.997068048E-1,1.772319454E2,1.817027694E-1,-7.242312856E-2,1.772318265E2
2.661370211E2,2.415328229E-2,6.706514978E-4,1.572804176E-3,9.997068048E-1,1.772319685E2,1.820338958E-1,-7.247533961E-2,1.772318494E2
2.661420211E2,2.415616733E-2,6.691839662E-4,1.566996798E-3,9.997067451E-1,1.772316378E2,1.813647586E-1,-7.232277289E-2,1.772315194E2
2.661470211E2,2.415596467E-2,6.688562571E-4,1.570257475E-3,9.997067451E-1,1.772316611E2,1.817373744E-1,-7.227624177E-2,1.772315424E2
2.661520211E2,2.415835741E-2,6.680673687E-4,1.571729546E-3,9.997066855E-1,1.772313868E2,1.819040012E-1,-7.218135794E-2,1.772312682E2
2.661570211E2,2.415322567E-2,6.708031287E-4,1.573608839E-3,9.997068048E-1,1.772319750E2,1.821264922E-1,-7.249049325E-2,1.772318558E2
2.661620211E2,2.415832539E-2,6.671494921E-4,1.572611276E-3,9.997066855E-1,1.772313905E2,1.820024671E-1,-7.207377264E-2,1.772312720E2
2.661670211E2,2.416531688E-2,6.633469020E-4,1.580453827E-3,9.997065067E-1,1.772305891E2,1.828908692E-1,-7.161516472E-2,1.772304707E2
2.661720211E2,2.416534019E-2,6.633285666E-4,1.580105163E-3,9.997065067E-1,1.772305864E2,1.828508777E-1,-7.161402553E-2,1.772304681E2
2.661770211E2,2.415807671E-2,6.673194584E-4,1.576354960E-3,9.997066855E-1,1.772314190E2,1.824317899E-1,-7.208292477E-2,1.772313002E2
2.661820211E2,2.416304340E-2,6.648953422E-4,1.576856710E-3,9.997065663E-1,1.772308497E2,1.824829147E-1,-7.180292724E-2,1.772307313E2
2.661870211E2,2.417281765E-2,6.568231620E-4,1.581580378E-3,9.997063279E-1,1.772297293E2,1.830023892E-1,-7.086332556E-2,1.772296121E2
2.661920211E2,2.417762095E-2,6.545734359E-4,1.584441052E-3,9.997062087E-1,1.772291787E2,1.833242097E-1,-7.059679633E-2,1.772290617E2
2.661970211E2,2.416317127E-2,6.633252488E-4,1.575557981E-3,9.997065663E-1,1.772308350E2,1.823297957E-1,-7.162663338E-2,1.772307170E2
2.662020211E2,2.416803001E-2,6.614496233E-4,1.577462419E-3,9.997064471E-1,1.772302781E2,1.825431178E-1,-7.140560492E-2,1.772301603E2
2.662070211E2,2.418049129E-2,6.524760392E-4,1.579102594E-3,9.997061491E-1,1.772288497E2,1.827070357E-1,-7.037078944E-2,1.772287335E2
2.662120211E2,2.418800865E-2,6.473195390E-4,1.579299453E-3,9.997059703E-1,1.772279880E2,1.827158223E-1,-6.977815204E-2,1.772278727E2
2.662170211E2,2.418553363E-2,6.487217615E-4,1.578898635E-3,9.997060299E-1,1.772282717E2,1.826736192E-1,-6.994035098E-2,1.772281562E2
2.662220211E2,2.418274827E-2,6.500494783E-4,1.583270379E-3,9.997060895E-1,1.772285910E2,1.831779235E-1,-7.008084517E-2,1.772284749E2
2.662270211E2,2.418721966E-2,6.468609208E-4,1.591523760E-3,9.997059703E-1,1.772280785E2,1.841148911E-1,-6.969187493E-2,1.772279624E2
2.662320211E2,2.418496173E-2,6.489446387E-4,1.587543637E-3,9.997060299E-1,1.772283373E2,1.836645532E-1,-6.994202809E-2,1.772282211E2
2.662370211E2,2.418270614E-2,6.500396994E-4,1.583917765E-3,9.997060895E-1,1.772285958E2,1.832520568E-1,-7.007793857E-2,1.772284797E2
2.662420211E2,2.418975287E-2,6.465747138E-4,1.590579515E-3,9.997059107E-1,1.772277881E2,1.840061032E-1,-6.966123861E-2,1.772276722E2
2.662470211E2,2.418723704E-2,6.470973021E-4,1.591163571E-3,9.997059703E-1,1.772280765E2,1.840742849E-1,-6.971994944E-2,1.772279604E2
2.662520211E2,2.418452510E-2,6.497913273E-4,1.593836467E-3,9.997060299E-1,1.772283873E2,1.843877650E-1,-7.002166284E-2,1.772282706E2
2.662570211E2,2.418174143E-2,6.517383736E-4,1.597886672E-3,9.997060895E-1,1.772287064E2,1.848569505E-1,-7.023400212E-2,1.772285890E2
2.662620211E2,2.418682641E-2,6.473276881E-4,1.597299939E-3,9.997059703E-1,1.772281235E2,1.847778664E-1,-6.972940924E-2,1.772280070E2
2.662670211E2,2.418142556E-2,6.519253366E-4,1.602583798E-3,9.997060895E-1,1.772287426E2,1.853955410E-1,-7.024246238E-2,1.772286248E2
2.662720211E2,2.416388581E-2,6.622315850E-4,1.602646429E-3,9.997065067E-1,1.772307531E2,1.854300250E-1,-7.142620453E-2,1.772306334E2
2.662770211E2,2.416885857E-2,6.595154409E-4,1.603142824E-3,9.997063875E-1,1.772301831E2,1.854797229E-1,-7.111275141E-2,1.772300638E2
2.662820211E2,2.417885654E-2,6.522759213E-4,1.604020479E-3,9.997061491E-1,1.772290371E2,1.855609157E-1,-7.027912028E-2,1.772289191E2
2.662870211E2,2.417144367E-2,6.574451108E-4,1.602187054E-3,9.997063279E-1,1.772298868E2,1.853646802E-1,-7.087774648E-2,1.772297680E2
2.662920211E2,2.416661409E-2,6.618730258E-4,1.598832430E-3,9.997064471E-1,1.772304404E2,1.849923016E-1,-7.139518521E-2,1.772303210E2
2.662970211E2,2.416644126E-2,6.606321549E-4,1.601955038E-3,9.997064471E-1,1.772304602E2,1.853465732E-1,-7.124441782E-2,1.772303408E2
2.663020211E2,2.416894107E-2,6.594668957E-4,1.601918600E-3,9.997063875E-1,1.772301737E2,1.853393494E-1,-7.111056557E-2,1.772300545E2
2.663070211E2,2.415889609E-2,6.663876120E-4,1.601787168E-3,9.997066259E-1,1.772313251E2,1.853427400E-1,-7.190561499E-2,1.772312046E2
2.663120211E2,2.415382595E-2,6.698685465E-4,1.602396485E-3,9.997067451E-1,1.772319062E2,1.854218136E-1,-7.230363730E-2,1.772317851E2
2.663170211E2,2.415362933E-2,6.696953205E-4,1.605429687E-3,9.997067451E-1,1.772319288E2,1.857687983E-1,-7.227543366E-2,1.772318074E2
2.663220211E2,2.415623722E-2,6.679213839E-4,1.604046440E-3,9.997066855E-1,1.772316298E2,1.856056133E-1,-7.207555958E-2,1.772315089E2
2.663270211E2,2.415123780E-2,6.719730445E-4,1.603339217E-3,9.997068048E-1,1.772322029E2,1.855354491E-1,-7.254259526E-2,1.772320813E2
2.663320211E2,2.416140988E-2,6.644954556E-4,1.601857599E-3,9.997065663E-1,1.772310369E2,1.853457498E-1,-7.168819233E-2,1.772309168E2
2.663370211E2,2.416880803E-2,6.603084621E-4,1.603578217E-3,9.997063875E-1,1.772301889E2,1.855317938E-1,-7.120240177E-2,1.772300695E2
2.663420211E2,2.416371203E-2,6.629998679E-4,1.604947262E-3,9.997065067E-1,1.772307730E2,1.856957196E-1,-7.150787850E-2,1.772306530E2
2.663470211E2,2.416627768E-2,6.614983431E-4,1.604063786E-3,9.997064471E-1,1.772304789E2,1.855905350E-1,-7.133783699E-2,1.772303592E2
2.663520211E2,2.417150076E-2,6.585635711E-4,1.600865857E-3,9.997063279E-1,1.772298803E2,1.852164285E-1,-7.100952407E-2,1.772297613E2
2.663570211E2,2.416903073E-2,6.599990884E-4,1.600345830E-3,9.997063875E-1,1.772301634E2,1.851606559E-1,-7.117587194E-2,1.772300442E2
2.663620211E2,2.417155739E-2,6.575144944E-4,1.600441872E-3,9.997063279E-1,1.772298738E2,1.851649554E-1,-7.089050794E-2,1.772297551E2
2.663670211E2,2.417432998E-2,6.559697213E-4,1.596425544E-3,9.997062683E-1,1.772295560E2,1.847007685E-1,-7.072415481E-2,1.772294378E2
2.663720211E2,2.417932832E-2,6.523696356E-4,1.596854650E-3,9.997061491E-1,1.772289830E2,1.847403037E-1,-7.030962400E-2,1.772288655E2
2.663770211E2,2.417928088E-2,6.522000767E-4,1.597642084E-3,9.997061491E-1,1.772289885E2,1.848300375E-1,-7.028802658E-2,1.772288710E2
2.663820211E2,2.417683439E-2,6.548051024E-4,1.596303191E-3,9.997062087E-1,1.772292689E2,1.846837023E-1,-7.059061476E-2,1.772291510E2
2.663870211E2,2.418489927E-2,6.490402739E-4,1.588455751E-3,9.997060299E-1,1.772283444E2,1.837693041E-1,-6.995046740E-2,1.772282282E2
2.663920211E2,2.419516173E-2,6.415399839E-4,1.585266436E-3,9.997057915E-1,1.772271681E2,1.833838624E-1,-6.909820655E-2,1.772270535E2
2.663970211E2,2.419545510E-2,6.419868441E-4,1.580601092E-3,9.997057915E-1,1.772271345E2,1.828506683E-1,-6.916227975E-2,1.772270201E2
2.664020211E2,2.419343394E-2,6.436631083E-4,1.573140966E-3,9.997058511E-1,1.772273662E2,1.820005575E-1,-6.937536178E-2,1.772272520E2
2.664070211E2,2.419886513E-2,6.396571989E-4,1.566982362E-3,9.997057319E-1,1.772267436E2,1.812843061E-1,-6.893254299E-2,1.772266306E2
2.664120211E2,2.420623442E-2,6.353511708E-4,1.568991807E-3,9.997055531E-1,1.772258989E2,1.815030670E-1,-6.843234322E-2,1.772257865E2
2.664170211E2,2.420580768E-2,6.360681728E-4,1.575272414E-3,9.997055531E-1,1.772259478E2,1.822245217E-1,-6.849713715E-2,1.772258349E2
2.664220211E2,2.419618211E-2,6.421221769E-4,1.569377258E-3,9.997057915E-1,1.772270512E2,1.815653116E-1,-6.920877162E-2,1.772269375E2
2.664270211E2,2.420151367E-2,6.382028805E-4,1.564696897E-3,9.997056723E-1,1.772264400E2,1.810186362E-1,-6.877179762E-2,1.772263274E2
2.664320211E2,2.420123900E-2,6.381511339E-4,1.568960492E-3,9.997056723E-1,1.772264715E2,1.815069035E-1,-6.875409483E-2,1.772263586E2
2.664370211E2,2.419608501E-2,6.420999416E-4,1.570882625E-3,9.997057915E-1,1.772270623E2,1.817376953E-1,-6.920206797E-2,1.772269485E2
2.664420211E2,2.419149694E-2,6.451974623E-4,1.564398408E-3,9.997059107E-1,1.772275882E2,1.810031451E-1,-6.957572342E-2,1.772274743E2
2.664470211E2,2.419643865E-2,6.415495882E-4,1.565651735E-3,9.997057915E-1,1.772270217E2,1.811369523E-1,-6.915346070E-2,1.772269085E2
2.664520211E2,2.421360131E-2,6.294462946E-4,1.571630710E-3,9.997053742E-1,1.772250545E2,1.817894930E-1,-6.774723350E-2,1.772249430E2
2.664570211E2,2.421131826E-2,6.319126696E-4,1.567894826E-3,9.997054338E-1,1.772253162E2,1.813682058E-1,-6.804055657E-2,1.772252045E2
2.664620211E2,2.419884983E-2,6.403513253E-4,1.566935214E-3,9.997057319E-1,1.772267454E2,1.812808289E-1,-6.901219415E-2,1.772266322E2
2.664670211E2,2.420358645E-2,6.364575238E-4,1.571413944E-3,9.997056127E-1,1.772262024E2,1.817834302E-1,-6.855284727E-2,1.772260897E2
2.664720211E2,2.421579433E-2,6.283618859E-4,1.576183480E-3,9.997053146E-1,1.772248031E2,1.823081891E-1,-6.760997309E-2,1.772246915E2
2.664770211E2,2.420839989E-2,6.328624440E-4,1.574555645E-3,9.997054935E-1,1.772256507E2,1.821336935E-1,-6.813141173E-2,1.772255384E2
2.664820211E2,2.420339397E-2,6.376380916E-4,1.573898015E-3,9.997056127E-1,1.772262245E2,1.820712623E-1,-6.868123572E-2,1.772261114E2
2.664870211E2,2.420837052E-2,6.327126175E-4,1.575067290E-3,9.997054935E-1,1.772256541E2,1.821918890E-1,-6.811283387E-2,1.772255418E2
2.664920211E2,2.419854781E-2,6.403700099E-4,1.571584842E-3,9.997057319E-1,1.772267800E2,1.818135129E-1,-6.900149566E-2,1.772266665E2
2.664970211E2,2.420114181E-2,6.384945009E-4,1.570319408E-3,9.997056723E-1,1.772264826E2,1.816635242E-1,-6.878967910E-2,1.772263696E2
2.665020211E2,2.420598066E-2,6.358547253E-4,1.572698471E-3,9.997055531E-1,1.772259280E2,1.819290752E-1,-6.847979344E-2,1.772258153E2
2.665070211E2,2.420589351E-2,6.348479656E-4,1.574445516E-3,9.997055531E-1,1.772259380E2,1.821264146E-1,-6.835963092E-2,1.772258253E2
2.665120211E2,2.419150166E-2,6.449007196E-4,1.564447768E-3,9.997059107E-1,1.772275876E2,1.810079773E-1,-6.954159151E-2,1.772274738E2
2.665170211E2,2.418908266E-2,6.476083072E-4,1.562643796E-3,9.997059703E-1,1.772278649E2,1.808086552E-1,-6.985720562E-2,1.772277507E2
2.665220211E2,2.419647997E-2,6.416355609E-4,1.564977807E-3,9.997057915E-1,1.772270170E2,1.810599895E-1,-6.916517075E-2,1.772269038E2
2.665270211E2,2.420140868E-2,6.391497445E-4,1.565933693E-3,9.997056723E-1,1.772264521E2,1.811629404E-1,-6.887685723E-2,1.772263392E2
2.665320211E2,2.419167307E-2,6.443770835E-4,1.562010963E-3,9.997059107E-1,1.772275680E2,1.807273814E-1,-6.948832933E-2,1.772274544E2
2.665370211E2,2.418411804E-2,6.507341168E-4,1.561922836E-3,9.997060895E-1,1.772284340E2,1.807343800E-1,-7.021818785E-2,1.772283193E2
2.665420211E2,2.419355993E-2,6.442578742E-4,1.570958295E-3,9.997058511E-1,1.772273517E2,1.817521724E-1,-6.944952541E-2,1.772272376E2
2.665470211E2,2.419342854E-2,6.441322621E-4,1.573031885E-3,9.997058511E-1,1.772273668E2,1.819893618E-1,-6.942941045E-2,1.772272525E2
2.665520211E2,2.418601125E-2,6.491002860E-4,1.571409055E-3,9.997060299E-1,1.772282170E2,1.818167088E-1,-7.000438503E-2,1.772281019E2
2.665570211E2,2.418341151E-2,6.502127508E-4,1.573039917E-3,9.997060895E-1,1.772285150E2,1.820064387E-1,-7.012777983E-2,1.772283996E2
2.665620211E2,2.419810859E-2,6.411562208E-4,1.578013995E-3,9.997057319E-1,1.772268303E2,1.825521751E-1,-6.907381404E-2,1.772267163E2
2.665670211E2,2.419568593E-2,6.419463898E-4,1.577080111E-3,9.997057915E-1,1.772271080E2,1.824472148E-1,-6.916736594E-2,1.772269939E2
2.665720211E2,2.418574027E-2,6.479955628E-4,1.576028881E-3,9.997060299E-1,1.772282480E2,1.823428668E-1,-6.986507522E-2,1.772281329E2
2.665770211E2,2.419855120E-2,6.402622676E-4,1.571576577E-3,9.997057319E-1,1.772267796E2,1.818122675E-1,-6.898917523E-2,1.772266661E2
2.665820211E2,2.420064873E-2,6.384007866E-4,1.577938092E-3,9.997056723E-1,1.772265392E2,1.825360131E-1,-6.875790403E-2,1.772264256E2
2.665870211E2,2.418307505E-2,6.511268439E-4,1.577827148E-3,9.997060895E-1,1.772285535E2,1.825573653E-1,-7.021929086E-2,1.772284376E2
2.665920211E2,2.417541040E-2,6.558461464E-4,1.580031123E-3,9.997062683E-1,1.772294321E2,1.828223860E-1,-7.075521813E-2,1.772293152E2
2.665970211E2,2.418554961E-2,6.487782230E-4,1.578630530E-3,9.997060299E-1,1.772282699E2,1.826430633E-1,-6.994755923E-2,1.772281544E2
2.666020211E2,2.417545600E-2,6.561289192E-4,1.579215867E-3,9.997062683E-1,1.772294269E2,1.827297784E-1,-7.078986227E-2,1.772293099E2
2.666070211E2,2.416283103E-2,6.639267085E-4,1.580514829E-3,9.997065663E-1,1.772308740E2,1.828992850E-1,-7.168187204E-2,1.772307555E2
2.666120211E2,2.417301492E-2,6.566370721E-4,1.578639844E-3,9.997063279E-1,1.772297067E2,1.826650251E-1,-7.085011708E-2,1.772295897E2
2.666170211E2,2.418307106E-2,6.511636311E-4,1.577873132E-3,9.997060895E-1,1.772285540E2,1.825627349E-1,-7.022337842E-2,1.772284381E2
2.666220211E2,2.418052463E-2,6.514631677E-4,1.579010277E-3,9.997061491E-1,1.772288459E2,1.826936554E-1,-7.025500670E-2,1.772287298E2
2.666270211E2,2.418034786E-2,6.526408833E-4,1.581229386E-3,9.997061491E-1,1.772288662E2,1.829511239E-1,-7.038380654E-2,1.772287497E2
2.666320211E2,2.418588115E-2,6.483471952E-4,1.573720598E-3,9.997060299E-1,1.772282319E2,1.820794185E-1,-6.991172948E-2,1.772281168E2
2.666370211E2,2.418312721E-2,6.511123502E-4,1.577033428E-3,9.997060895E-1,1.772285476E2,1.824664017E-1,-7.021982060E-2,1.772284317E2
2.666420211E2,2.418336915E-2,6.506650243E-4,1.573504065E-3,9.997060895E-1,1.772285198E2,1.820608612E-1,-7.017831275E-2,1.772284043E2
2.666470211E2,2.418608426E-2,6.482893950E-4,1.570619759E-3,9.997060299E-1,1.772282086E2,1.817240459E-1,-6.991366542E-2,1.772280937E2
2.666520211E2,2.419616497E-2,6.423153100E-4,1.569562475E-3,9.997057915E-1,1.772270531E2,1.815870640E-1,-6.923038608E-2,1.772269394E2
2.666570211E2,2.419107351E-2,6.461260491E-4,1.570550725E-3,9.997059107E-1,1.772276367E2,1.817104886E-1,-6.966512151E-2,1.772275223E2
2.666620211E2,2.418849384E-2,6.474219845E-4,1.571808709E-3,9.997059703E-1,1.772279324E2,1.818580138E-1,-6.981056301E-2,1.772278176E2
2.666670211E2,2.419631781E-2,6.412959774E-4,1.567621948E-3,9.997057915E-1,1.772270356E2,1.813619447E-1,-6.911896645E-2,1.772269222E2
2.666720211E2,2.420388832E-2,6.371143390E-4,1.566490624E-3,9.997056127E-1,1.772261678E2,1.812212662E-1,-6.864169143E-2,1.772260553E2
2.666770211E2,2.419379128E-2,6.433798117E-4,1.567751984E-3,9.997058511E-1,1.772273252E2,1.813824446E-1,-6.935778393E-2,1.772272114E2
2.666820211E2,2.418615677E-2,6.487382343E-4,1.569317421E-3,9.997060299E-1,1.772282003E2,1.815761015E-1,-6.996867996E-2,1.772280854E2
2.666870211E2,2.418170177E-2,6.522409967E-4,1.560554490E-3,9.997061491E-1,1.772287110E2,1.805816311E-1,-7.039504159E-2,1.772285961E2
2.666920211E2,2.417887746E-2,6.536700530E-4,1.565527171E-3,9.997062087E-1,1.772290347E2,1.811550538E-1,-7.054548311E-2,1.772289192E2
2.666970211E2,2.418093774E-2,6.513717235E-4,1.572709065E-3,9.997061491E-1,1.772287985E2,1.819715752E-1,-7.026191652E-2,1.772286829E2
2.667020211E2,2.418118651E-2,6.519451272E-4,1.568641281E-3,9.997061491E-1,1.772287700E2,1.815071835E-1,-7.033883132E-2,1.772286546E2
2.667070211E2,2.417675965E-2,6.553916028E-4,1.559440629E-3,9.997062683E-1,1.772292775E2,1.804624107E-1,-7.075994727E-2,1.772291621E2
2.667120211E2,2.417651653E-2,6.546726800E-4,1.563506550E-3,9.997062683E-1,1.772293053E2,1.809261865E-1,-7.066636803E-2,1.772291898E2
2.667170211E2,2.418624699E-2,6.492839893E-4,1.567700412E-3,9.997060299E-1,1.772281900E2,1.813923789E-1,-7.003566592E-2,1.772280751E2
2.667220211E2,2.418642050E-2,6.488110521E-4,1.565217273E-3,9.997060299E-1,1.772281701E2,1.811066161E-1,-6.998833820E-2,1.772280555E2
2.667270211E2,2.418634971E-2,6.485795602E-4,1.566406689E-3,9.997060299E-1,1.772281782E2,1.812422268E-1,-6.995853513E-2,1.772280636E2
2.667320211E2,2.418362053E-2,6.498386501E-4,1.569978078E-3,9.997060895E-1,1.772284910E2,1.816546576E-1,-7.009337104E-2,1.772283759E2
2.667370211E2,2.418381164E-2,6.511232932E-4,1.566498191E-3,9.997060895E-1,1.772284691E2,1.812595818E-1,-7.025014644E-2,1.772283540E2
2.667420211E2,2.418418121E-2,6.496306742E-4,1.561403973E-3,9.997060895E-1,1.772284268E2,1.806718860E-1,-7.009320632E-2,1.772283123E2
2.667470211E2,2.418871034E-2,6.477183197E-4,1.568351057E-3,9.997059703E-1,1.772279076E2,1.814627479E-1,-6.985405557E-2,1.772277930E2
2.667520211E2,2.418608393E-2,6.483002217E-4,1.570620458E-3,9.997060299E-1,1.772282087E2,1.817241559E-1,-6.991490382E-2,1.772280938E2
2.667570211E2,2.418615811E-2,6.494957488E-4,1.568983425E-3,9.997060299E-1,1.772282002E2,1.815399394E-1,-7.005638471E-2,1.772280852E2
2.667620211E2,2.418375773E-2,6.502476754E-4,1.567693660E-3,9.997060895E-1,1.772284753E2,1.813941019E-1,-7.014653416E-2,1.772283603E2
2.667670211E2,2.418850261E-2,6.462867605E-4,1.572140842E-3,9.997059703E-1,1.772279314E2,1.818929159E-1,-6.967959189E-2,1.772278168E2
2.667720211E2,2.418587959E-2,6.487656501E-4,1.573572052E-3,9.997060299E-1,1.772282321E2,1.820635611E-1,-6.996007879E-2,1.772281169E2
2.667770211E2,2.418108521E-2,6.525058998E-4,1.569969230E-3,9.997061491E-1,1.772287816E2,1.816608580E-1,-7.039941083E-2,1.772286660E2
2.667820211E2,2.417359123E-2,6.580098998E-4,1.569215208E-3,9.997063279E-1,1.772296406E2,1.815891993E-1,-7.103338831E-2,1.772295241E2
2.667870211E2,2.417575905E-2,6.553783314E-4,1.574882306E-3,9.997062683E-1,1.772293921E2,1.822312750E-1,-7.071582704E-2,1.772292757E2
2.667920211E2,2.417576599E-2,6.548499223E-4,1.574995578E-3,9.997062683E-1,1.772293914E2,1.822427877E-1,-7.065497850E-2,1.772292750E2
2.667970211E2,2.417601604E-2,6.551276310E-4,1.571036875E-3,9.997062683E-1,1.772293627E2,1.817900726E-1,-7.069771419E-2,1.772292465E2
2.668020211E2,2.417569003E-2,6.552268751E-4,1.576004433E-3,9.997062683E-1,1.772294001E2,1.823593994E-1,-7.069538030E-2,1.772292835E2
2.668070211E2,2.418040940E-2,6.519894232E-4,1.580556971E-3,9.997061491E-1,1.772288591E2,1.828722923E-1,-7.031102861E-2,1.772287428E2
2.668120211E2,2.417558087E-2,6.554248976E-4,1.577595831E-3,9.997062683E-1,1.772294126E2,1.825422481E-1,-7.071367639E-2,1.772292959E2
2.668170211E2,2.417828901E-2,6.537062582E-4,1.574574038E-3,9.997062087E-1,1.772291021E2,1.821915061E-1,-7.052467074E-2,1.772289860E2
2.668220211E2,2.418564896E-2,6.485304912E-4,1.577209565E-3,9.997060299E-1,1.772282585E2,1.824796003E-1,-6.992309978E-2,1.772281431E2
2.668270211E2,2.418528934E-2,6.491336389E-4,1.582467346E-3,9.997060299E-1,1.772282997E2,1.830835691E-1,-6.997768857E-2,1.772281839E2
2.668320211E2,2.417529285E-2,6.551585393E-4,1.582113677E-3,9.997062683E-1,1.772294456E2,1.830590464E-1,-7.067069926E-2,1.772293286E2
2.668370211E2,2.418542070E-2,6.483921898E-4,1.580762677E-3,9.997060299E-1,1.772282847E2,1.828862392E-1,-6.989745025E-2,1.772281691E2
2.668420211E2,2.419026291E-2,6.451804657E-4,1.583372592E-3,9.997059107E-1,1.772277296E2,1.831766610E-1,-6.952140106E-2,1.772276145E2
2.668470211E2,2.419283015E-2,6.445731269E-4,1.582028810E-3,9.997058511E-1,1.772274354E2,1.830212143E-1,-6.945508074E-2,1.772273204E2
2.668520211E2,2.418551307E-2,6.489895750E-4,1.579103409E-3,9.997060299E-1,1.772282741E2,1.826978187E-1,-6.997046733E-2,1.772281585E2
2.668570211E2,2.418813825E-2,6.470713997E-4,1.577415154E-3,9.997059703E-1,1.772279732E2,1.824992816E-1,-6.975492508E-2,1.772278581E2
2.668620211E2,2.420048958E-2,6.380700506E-4,1.580510521E-3,9.997056723E-1,1.772265574E2,1.828297777E-1,-6.871291059E-2,1.772264437E2
2.668670211E2,2.419048981E-2,6.448272616E-4,1.580046490E-3,9.997059107E-1,1.772277036E2,1.827946652E-1,-6.949011761E-2,1.772275887E2
2.668720211E2,2.419830470E-2,6.395648816E-4,1.575650764E-3,9.997057319E-1,1.772268078E2,1.822770480E-1,-6.889803112E-2,1.772266942E2
2.668770211E2,2.420590759E-2,6.357857492E-4,1.573850517E-3,9.997055531E-1,1.772259364E2,1.820608552E-1,-6.846870931E-2,1.772258236E2
2.668820211E2,2.420574945E-2,6.349673495E-4,1.576610724E-3,9.997055531E-1,1.772259545E2,1.823747783E-1,-6.836732748E-2,1.772258417E2
2.668870211E2,2.420854496E-2,6.333500496E-4,1.572127338E-3,9.997054935E-1,1.772256341E2,1.818568738E-1,-6.819398098E-2,1.772255218E2
2.668920211E2,2.421150675E-2,6.314173224E-4,1.565181417E-3,9.997054338E-1,1.772252946E2,1.810560011E-1,-6.799130495E-2,1.772251832E2
2.668970211E2,2.421626063E-2,6.286913995E-4,1.568870968E-3,9.997053146E-1,1.772247496E2,1.814714272E-1,-6.766792932E-2,1.772246385E2
2.669020211E2,2.421104145E-2,6.324041169E-4,1.571965870E-3,9.997054338E-1,1.772253479E2,1.818359219E-1,-6.808561083E-2,1.772252359E2
2.669070211E2,2.420869833E-2,6.340249674E-4,1.569491345E-3,9.997054935E-1,1.772256165E2,1.815567823E-1,-6.827858305E-2,1.772255043E2
2.669120211E2,2.420150929E-2,6.378670805E-4,1.564901555E-3,9.997056723E-1,1.772264405E2,1.810411498E-1,-6.873276228E-2,1.772263280E2
2.669170211E2,2.420631351E-2,6.355000660E-4,1.567710773E-3,9.997055531E-1,1.772258898E2,1.813567325E-1,-6.845293951E-2,1.772257775E2
2.669220211E2,2.420363751E-2,6.367171882E-4,1.570522087E-3,9.997056127E-1,1.772261966E2,1.816819844E-1,-6.858505828E-2,1.772260839E2
2.669270211E2,2.420107730E-2,6.380065461E-4,1.571511384E-3,9.997056723E-1,1.772264900E2,1.817987170E-1,-6.873048598E-2,1.772263770E2
2.669320211E2,2.419651371E-2,6.412897492E-4,1.564597827E-3,9.997057915E-1,1.772270131E2,1.810155031E-1,-6.912660281E-2,1.772269000E2
2.669370211E2,2.419637648E-2,6.416519755E-4,1.566570369E-3,9.997057915E-1,1.772270289E2,1.812424689E-1,-6.916265403E-2,1.772269155E2
2.669420211E2,2.419606977E-2,6.417213590E-4,1.571272034E-3,9.997057915E-1,1.772270640E2,1.817812544E-1,-6.915762137E-2,1.772269503E2
2.669470211E2,2.419620971E-2,6.413692608E-4,1.569259679E-3,9.997057915E-1,1.772270480E2,1.815497559E-1,-6.912284016E-2,1.772269345E2
2.669520211E2,2.420120546E-2,6.391170900E-4,1.569084707E-3,9.997056723E-1,1.772264753E2,1.815238102E-1,-6.886441430E-2,1.772263623E2
2.669570211E2,2.420569887E-2,6.359055405E-4,1.577009098E-3,9.997055531E-1,1.772259603E2,1.824230144E-1,-6.847370882E-2,1.772258473E2
2.669620211E2,2.420050895E-2,6.390135968E-4,1.579832635E-3,9.997056723E-1,1.772265552E2,1.827547385E-1,-6.882287767E-2,1.772264414E2
2.669670211E2,2.420350769E-2,6.366177695E-4,1.572561800E-3,9.997056127E-1,1.772262115E2,1.819153655E-1,-6.856803526E-2,1.772260986E2
2.669720211E2,2.420604935E-2,6.351356860E-4,1.571931643E-3,9.997055531E-1,1.772259201E2,1.818392388E-1,-6.839953647E-2,1.772258076E2
2.669770211E2,2.420825672E-2,6.342105917E-4,1.576213515E-3,9.997054935E-1,1.772256671E2,1.823273467E-1,-6.828127947E-2,1.772255544E2
2.669820211E2,2.420096444E-2,6.383825094E-4,1.573095913E-3,9.997056723E-1,1.772265030E2,1.819812728E-1,-6.876918161E-2,1.772263898E2
2.669870211E2,2.420866913E-2,6.340164691E-4,1.569945132E-3,9.997054935E-1,1.772256198E2,1.816087418E-1,-6.827635590E-2,1.772255076E2
2.669920211E2,2.421393258E-2,6.303066039E-4,1.566172577E-3,9.997053742E-1,1.772250165E2,1.811666292E-1,-6.786087380E-2,1.772249053E2
2.669970211E2,2.421131601E-2,6.316858926E-4,1.568020904E-3,9.997054338E-1,1.772253164E2,1.813820197E-1,-6.801422808E-2,1.772252048E2
2.670020211E2,2.420651334E-2,6.351994234E-4,1.564744394E-3,9.997055531E-1,1.772258669E2,1.810160892E-1,-6.842669096E-2,1.772257549E2
2.670070211E2,2.421425166E-2,6.294446648E-4,1.561579295E-3,9.997053742E-1,1.772249799E2,1.806380609E-1,-6.777481984E-2,1.772248692E2
2.670120211E2,2.421664343E-2,6.277770735E-4,1.563318656E-3,9.997053146E-1,1.772247058E2,1.808328529E-1,-6.757852508E-2,1.772245952E2
2.670170211E2,2.421124044E-2,6.311452598E-4,1.569404965E-3,9.997054338E-1,1.772253251E2,1.815390700E-1,-6.794846796E-2,1.772252135E2
2.670220211E2,2.420905130E-2,6.325470749E-4,1.564635779E-3,9.997054935E-1,1.772255760E2,1.809964612E-1,-6.812268542E-2,1.772254645E2
2.670270211E2,2.421925010E-2,6.269262522E-4,1.561393728E-3,9.997052550E-1,1.772244070E2,1.806101515E-1,-6.748592784E-2,1.772242967E2
2.670320211E2,2.422399775E-2,6.228226121E-4,1.565706101E-3,9.997051358E-1,1.772238628E2,1.810930968E-1,-6.700299505E-2,1.772237530E2
2.670370211E2,2.421405834E-2,6.300480454E-4,1.564331120E-3,9.997053742E-1,1.772250021E2,1.809549663E-1,-6.783634087E-2,1.772248910E2
2.670420211E2,2.421669327E-2,6.278665387E-4,1.562510384E-3,9.997053146E-1,1.772247001E2,1.807405105E-1,-6.759100806E-2,1.772245895E2
2.670470211E2,2.422921912E-2,6.190442946E-4,1.562524820E-3,9.997050166E-1,1.772232643E2,1.807185136E-1,-6.657804659E-2,1.772231554E2
2.670520211E2,2.422924253E-2,6.195816095E-4,1.561948797E-3,9.997050166E-1,1.772232616E2,1.806540190E-1,-6.664119535E-2,1.772231526E2
2.670570211E2,2.422911278E-2,6.198359770E-4,1.563859405E-3,9.997050166E-1,1.772232765E2,1.808735924E-1,-6.666505364E-2,1.772231673E2
2.670620211E2,2.423689529E-2,6.145450170E-4,1.559654484E-3,9.997048378E-1,1.772223844E2,1.803777070E-1,-6.606920399E-2,1.772222765E2
2.670670211E2,2.423889625E-2,6.133497809E-4,1.567215892E-3,9.997047782E-1,1.772221550E2,1.812407395E-1,-6.591091618E-2,1.772220469E2
2.670720211E2,2.422372063E-2,6.235736073E-4,1.569689601E-3,9.997051358E-1,1.772238945E2,1.815515054E-1,-6.707801963E-2,1.772237843E2
2.670770211E2,2.422920736E-2,6.189154810E-4,1.562758232E-3,9.997050166E-1,1.772232656E2,1.807448944E-1,-6.656264404E-2,1.772231567E2
2.670820211E2,2.423175344E-2,6.174199516E-4,1.562002115E-3,9.997049570E-1,1.772229738E2,1.806542913E-1,-6.639295881E-2,1.772228652E2
2.670870211E2,2.423388900E-2,6.167765241E-4,1.567264437E-3,9.997048974E-1,1.772227290E2,1.812554877E-1,-6.630424922E-2,1.772226202E2
2.670920211E2,2.422168374E-2,6.246673292E-4,1.562710502E-3,9.997051954E-1,1.772241280E2,1.807548923E-1,-6.722305592E-2,1.772240181E2
2.670970211E2,2.422430291E-2,6.239208160E-4,1.560539007E-3,9.997051358E-1,1.772238278E2,1.805042335E-1,-6.714309153E-2,1.772237181E2
2.671020211E2,2.422710466E-2,6.213414599E-4,1.556251664E-3,9.997050762E-1,1.772235066E2,1.800061100E-1,-6.685900341E-2,1.772233977E2
2.671070211E2,2.423184202E-2,6.187446998E-4,1.560102683E-3,9.997049570E-1,1.772229636E2,1.804403808E-1,-6.654997751E-2,1.772228549E2
2.671120211E2,2.423185647E-2,6.171948044E-4,1.560492092E-3,9.997049570E-1,1.772229620E2,1.804806875E-1,-6.637134098E-2,1.772228535E2
2.671170211E2,2.422926310E-2,6.200023927E-4,1.561462646E-3,9.997050166E-1,1.772232592E2,1.805994963E-1,-6.669074546E-2,1.772231502E2
2.671220211E2,2.422390196E-2,6.234950852E-4,1.566919964E-3,9.997051358E-1,1.772238738E2,1.812340151E-1,-6.707667980E-2,1.772237637E2
2.671270211E2,2.423373059E-2,6.172602298E-4,1.569521730E-3,9.997048974E-1,1.772227472E2,1.815154118E-1,-6.635342147E-2,1.772226381E2
2.671320211E2,2.422914063E-2,6.190630374E-4,1.563734026E-3,9.997050166E-1,1.772232733E2,1.808570847E-1,-6.657685048E-2,1.772231643E2
2.671370211E2,2.421948064E-2,6.269587902E-4,1.557800453E-3,9.997052550E-1,1.772243806E2,1.801986184E-1,-6.749958668E-2,1.772242705E2
2.671420211E2,2.422698942E-2,6.213924498E-4,1.558024320E-3,9.997050762E-1,1.772235199E2,1.802093160E-1,-6.685994399E-2,1.772234108E2
2.671470211E2,2.423422977E-2,6.169463741E-4,1.561919227E-3,9.997048974E-1,1.772226899E2,1.806436450E-1,-6.633848952E-2,1.772225814E2
2.671520211E2,2.423223892E-2,6.185295060E-4,1.554011251E-3,9.997049570E-1,1.772229181E2,1.797419867E-1,-6.654216919E-2,1.772228099E2
2.671570211E2,2.422513846E-2,6.225091056E-4,1.548082568E-3,9.997051358E-1,1.772237320E2,1.790733839E-1,-6.701579866E-2,1.772236234E2
2.671620211E2,2.423271668E-2,6.172757712E-4,1.547044259E-3,9.997049570E-1,1.772228634E2,1.789404114E-1,-6.641780538E-2,1.772227558E2
2.671670211E2,2.423486658E-2,6.168626132E-4,1.552040339E-3,9.997048974E-1,1.772226169E2,1.795117481E-1,-6.635621488E-2,1.772225091E2
2.671720211E2,2.422483481E-2,6.225608522E-4,1.552806119E-3,9.997051358E-1,1.772237668E2,1.796146284E-1,-6.700866810E-2,1.772236579E2
2.671770211E2,2.423218467E-2,6.171221030E-4,1.555416151E-3,9.997049570E-1,1.772229244E2,1.798990173E-1,-6.637704868E-2,1.772228163E2
2.671820211E2,2.423706854E-2,6.151961861E-4,1.556702657E-3,9.997048378E-1,1.772223645E2,1.800413716E-1,-6.615196784E-2,1.772222567E2
2.671870211E2,2.422744635E-2,6.215107860E-4,1.550855348E-3,9.997050762E-1,1.772234675E2,1.793884112E-1,-6.689332169E-2,1.772233589E2
2.671920211E2,2.423778349E-2,6.137649179E-4,1.546100015E-3,9.997048378E-1,1.772222826E2,1.788228248E-1,-6.601732563E-2,1.772221757E2
2.671970211E2,2.425267816E-2,6.041919114E-4,1.547539956E-3,9.997044802E-1,1.772205753E2,1.789621573E-1,-6.491399749E-2,1.772204701E2
2.672020211E2,2.423717568E-2,6.141189951E-4,1.555459457E-3,9.997048378E-1,1.772223523E2,1.798959680E-1,-6.603200092E-2,1.772222447E2
2.672070211E2,2.422757061E-2,6.211968721E-4,1.549038920E-3,9.997050762E-1,1.772234532E2,1.791794613E-1,-6.686238122E-2,1.772233448E2
2.672120211E2,2.423302123E-2,6.170412526E-4,1.542360289E-3,9.997049570E-1,1.772228285E2,1.784031935E-1,-6.640389237E-2,1.772227212E2
2.672170211E2,2.424056548E-2,6.121683982E-4,1.541651785E-3,9.997047782E-1,1.772219637E2,1.783089926E-1,-6.584629090E-2,1.772218574E2
2.672220211E2,2.423521182E-2,6.159665063E-4,1.546997228E-3,9.997048974E-1,1.772225774E2,1.789315528E-1,-6.626750291E-2,1.772224700E2
2.672270211E2,2.423565588E-2,6.155464216E-4,1.540192752E-3,9.997048974E-1,1.772225265E2,1.781509077E-1,-6.623819762E-2,1.772224197E2
2.672320211E2,2.423794629E-2,6.135480362E-4,1.543631894E-3,9.997048378E-1,1.772222639E2,1.785394898E-1,-6.599930641E-2,1.772221573E2
2.672370211E2,2.424059830E-2,6.131794653E-4,1.540733618E-3,9.997047782E-1,1.772219599E2,1.782066201E-1,-6.596466118E-2,1.772218535E2
2.672420211E2,2.423848263E-2,6.139050820E-4,1.535044517E-3,9.997048378E-1,1.772222024E2,1.775567637E-1,-6.606396560E-2,1.772220963E2
2.672470211E2,2.423615317E-2,6.150170229E-4,1.532560098E-3,9.997048974E-1,1.772224695E2,1.772750879E-1,-6.619866096E-2,1.772223633E2
2.672520211E2,2.423620227E-2,6.154802395E-4,1.531597343E-3,9.997048974E-1,1.772224638E2,1.771660865E-1,-6.625439124E-2,1.772223576E2
2.672570211E2,2.424093303E-2,6.131615955E-4,1.535465359E-3,9.997047782E-1,1.772219216E2,1.776030709E-1,-6.597718918E-2,1.772218155E2
2.672620211E2,2.424357915E-2,6.109249080E-4,1.533385133E-3,9.997047186E-1,1.772216183E2,1.773587245E-1,-6.572626849E-2,1.772215127E2
2.672670211E2,2.424388778E-2,6.112350966E-4,1.528373687E-3,9.997047186E-1,1.772215829E2,1.767855050E-1,-6.577567132E-2,1.772214776E2
2.672720211E2,2.424601256E-2,6.089076051E-4,1.534571522E-3,9.997046590E-1,1.772213393E2,1.774891894E-1,-6.549144273E-2,1.772212341E2
2.672770211E2,2.423324356E-2,6.171491696E-4,1.538819866E-3,9.997049570E-1,1.772228030E2,1.779979239E-1,-6.642604730E-2,1.772226960E2
2.672820211E2,2.422578041E-2,6.234243046E-4,1.537633361E-3,9.997051358E-1,1.772236584E2,1.778789265E-1,-6.714953577E-2,1.772235504E2
2.672870211E2,2.422591574E-2,6.226812839E-4,1.535801101E-3,9.997051358E-1,1.772236429E2,1.776669723E-1,-6.706947957E-2,1.772235351E2
2.672920211E2,2.423584546E-2,6.162978825E-4,1.536905533E-3,9.997048974E-1,1.772225047E2,1.777764299E-1,-6.633337923E-2,1.772223980E2
2.672970211E2,2.424055904E-2,6.130220136E-4,1.541413832E-3,9.997047782E-1,1.772219644E2,1.782841042E-1,-6.594474131E-2,1.772218580E2
2.673020211E2,2.422818228E-2,6.218060735E-4,1.539196237E-3,9.997050762E-1,1.772233831E2,1.780536346E-1,-6.695938814E-2,1.772232753E2
2.673070211E2,2.421580770E-2,6.287042634E-4,1.537563745E-3,9.997053742E-1,1.772248016E2,1.778849347E-1,-6.775636403E-2,1.772246926E2
2.673120211E2,2.422810985E-2,6.206659600E-4,1.540795667E-3,9.997050762E-1,1.772233914E2,1.782336917E-1,-6.682435142E-2,1.772232837E2
2.673170211E2,2.422297891E-2,6.240821094E-4,1.542741316E-3,9.997051954E-1,1.772239796E2,1.784657222E-1,-6.721121194E-2,1.772238710E2
2.673220211E2,2.421793719E-2,6.280900561E-4,1.543019549E-3,9.997053146E-1,1.772245575E2,1.785083811E-1,-6.767048146E-2,1.772244482E2
2.673270211E2,2.422041394E-2,6.267144345E-4,1.543321065E-3,9.997052550E-1,1.772242736E2,1.785392714E-1,-6.751161412E-2,1.772241645E2
2.673320211E2,2.421752305E-2,6.285705604E-4,1.549310982E-3,9.997053146E-1,1.772246049E2,1.792304216E-1,-6.770814071E-2,1.772244952E2
2.673370211E2,2.421018974E-2,6.332972553E-4,1.546613406E-3,9.997054935E-1,1.772254455E2,1.789340103E-1,-6.825841958E-2,1.772253351E2
2.673420211E2,2.421053906E-2,6.323803682E-4,1.541511971E-3,9.997054935E-1,1.772254055E2,1.783470790E-1,-6.816747406E-2,1.772252955E2
2.673470211E2,2.421552419E-2,6.296710344E-4,1.541627920E-3,9.997053742E-1,1.772248341E2,1.783531829E-1,-6.785588755E-2,1.772247246E2
2.673520211E2,2.422024273E-2,6.259633810E-4,1.546309912E-3,9.997052550E-1,1.772242932E2,1.788795718E-1,-6.741730996E-2,1.772241841E2
2.673570211E2,2.421534828E-2,6.295162020E-4,1.544451690E-3,9.997053742E-1,1.772248542E2,1.786762271E-1,-6.783034575E-2,1.772247446E2
2.673620211E2,2.421289538E-2,6.312117330E-4,1.543634920E-3,9.997054338E-1,1.772251354E2,1.785871980E-1,-6.802728681E-2,1.772250255E2
2.673670211E2,2.422518743E-2,6.236632471E-4,1.546851243E-3,9.997051358E-1,1.772237264E2,1.789355332E-1,-6.715142411E-2,1.772236177E2
2.673720211E2,2.422268090E-2,6.243052194E-4,1.547323307E-3,9.997051954E-1,1.772240137E2,1.789912258E-1,-6.722410532E-2,1.772239049E2
2.673770211E2,2.422267047E-2,6.251806626E-4,1.547133084E-3,9.997051954E-1,1.772240149E2,1.789718638E-1,-6.732492407E-2,1.772239059E2
2.673820211E2,2.421748147E-2,6.287920987E-4,1.549870940E-3,9.997053146E-1,1.772246097E2,1.792951813E-1,-6.773197311E-2,1.772244999E2
2.673870211E2,2.420986655E-2,6.328673917E-4,1.551839639E-3,9.997054935E-1,1.772254826E2,1.795315032E-1,-6.819473373E-2,1.772253718E2
2.673920211E2,2.420734145E-2,6.352131022E-4,1.551874797E-3,9.997055531E-1,1.772257720E2,1.795418662E-1,-6.846380923E-2,1.772256608E2
2.673970211E2,2.421009462E-2,6.328662275E-4,1.548277913E-3,9.997054935E-1,1.772254564E2,1.791234906E-1,-6.820444101E-2,1.772253459E2
2.674020211E2,2.420760941E-2,6.341597764E-4,1.548121218E-3,9.997055531E-1,1.772257413E2,1.791089591E-1,-6.835350717E-2,1.772256306E2
2.674070211E2,2.419729077E-2,6.412731018E-4,1.552540809E-3,9.997057915E-1,1.772269241E2,1.796342803E-1,-6.915798819E-2,1.772268117E2
2.674120211E2,2.419731095E-2,6.411937647E-4,1.552258967E-3,9.997057915E-1,1.772269218E2,1.796017744E-1,-6.914967740E-2,1.772268095E2
2.674170211E2,2.419755607E-2,6.407179753E-4,1.548630185E-3,9.997057915E-1,1.772268937E2,1.791847651E-1,-6.910519037E-2,1.772267817E2
2.674220211E2,2.420756915E-2,6.343881832E-4,1.548657077E-3,9.997055531E-1,1.772257459E2,1.791709771E-1,-6.837819366E-2,1.772256351E2
2.674270211E2,2.420509633E-2,6.361822016E-4,1.548095956E-3,9.997056127E-1,1.772260294E2,1.791115036E-1,-6.858571219E-2,1.772259183E2
2.674320211E2,2.419763189E-2,6.414544187E-4,1.547139836E-3,9.997057915E-1,1.772268850E2,1.790160810E-1,-6.919367485E-2,1.772267730E2
2.674370211E2,2.420010178E-2,6.404482410E-4,1.547439373E-3,9.997057319E-1,1.772266019E2,1.790477757E-1,-6.907713631E-2,1.772264900E2
2.674420211E2,2.420263574E-2,6.376800593E-4,1.547459280E-3,9.997056723E-1,1.772263114E2,1.790425531E-1,-6.875951027E-2,1.772262001E2
2.674470211E2,2.420208757E-2,6.389676710E-4,1.555480878E-3,9.997056723E-1,1.772263742E2,1.799650265E-1,-6.888486683E-2,1.772262621E2
2.674520211E2,2.419970502E-2,6.403287407E-4,1.553680981E-3,9.997057319E-1,1.772266473E2,1.797624442E-1,-6.904620845E-2,1.772265351E2
2.674570211E2,2.419984685E-2,6.390272756E-4,1.552006812E-3,9.997057319E-1,1.772266311E2,1.795670547E-1,-6.890173270E-2,1.772265192E2
2.674620211E2,2.420496888E-2,6.372657372E-4,1.549642184E-3,9.997056127E-1,1.772260440E2,1.792916337E-1,-6.870557362E-2,1.772259326E2
2.674670211E2,2.420495611E-2,6.360211992E-4,1.550352899E-3,9.997056127E-1,1.772260454E2,1.793695987E-1,-6.856103292E-2,1.772259342E2
2.674720211E2,2.420027262E-2,6.392321666E-4,1.545268926E-3,9.997057319E-1,1.772265823E2,1.787957722E-1,-6.894381403E-2,1.772264708E2
2.674770211E2,2.419514120E-2,6.428022753E-4,1.547018997E-3,9.997058511E-1,1.772271705E2,1.790058029E-1,-6.934886350E-2,1.772270582E2
2.674820211E2,2.419478089E-2,6.429437199E-4,1.552585396E-3,9.997058511E-1,1.772272118E2,1.796438468E-1,-6.934969803E-2,1.772270991E2
2.674870211E2,2.419481058E-2,6.435473915E-4,1.551872469E-3,9.997058511E-1,1.772272084E2,1.795638511E-1,-6.942082474E-2,1.772270957E2
2.674920211E2,2.418984772E-2,6.474655820E-4,1.550815068E-3,9.997059703E-1,1.772277772E2,1.794532349E-1,-6.987350702E-2,1.772276639E2
2.674970211E2,2.419498836E-2,6.431987276E-4,1.549243112E-3,9.997058511E-1,1.772271880E2,1.792616823E-1,-6.938814091E-2,1.772270755E2
2.675020211E2,2.419474451E-2,6.432051305E-4,1.553043956E-3,9.997058511E-1,1.772272159E2,1.796971010E-1,-6.937837980E-2,1.772271032E2
2.675070211E2,2.419215262E-2,6.452715024E-4,1.554195071E-3,9.997059107E-1,1.772275130E2,1.798345199E-1,-6.961237364E-2,1.772273999E2
2.675120211E2,2.418989565E-2,6.469769287E-4,1.550271292E-3,9.997059703E-1,1.772277717E2,1.793895896E-1,-6.981902670E-2,1.772276585E2
2.675170211E2,2.418729679E-2,6.475789123E-4,1.552131842E-3,9.997060299E-1,1.772280696E2,1.796042180E-1,-6.988329800E-2,1.772279562E2
2.675220211E2,2.417944907E-2,6.535804132E-4,1.556711388E-3,9.997062087E-1,1.772289692E2,1.801449250E-1,-7.055953806E-2,1.772288543E2
2.675270211E2,2.416981065E-2,6.596580497E-4,1.550703775E-3,9.997064471E-1,1.772300740E2,1.794728580E-1,-7.127415624E-2,1.772299584E2
2.675320211E2,2.417978147E-2,6.537263398E-4,1.551478286E-3,9.997062087E-1,1.772289311E2,1.795458579E-1,-7.059069570E-2,1.772288165E2
2.675370211E2,2.418202214E-2,6.513915723E-4,1.555938041E-3,9.997061491E-1,1.772286742E2,1.800504472E-1,-7.031046841E-2,1.772285598E2
2.675420211E2,2.418196636E-2,6.516307476E-4,1.556704636E-3,9.997061491E-1,1.772286806E2,1.801389259E-1,-7.033575351E-2,1.772285661E2
2.675470211E2,2.418191627E-2,6.525232457E-4,1.557108946E-3,9.997061491E-1,1.772286864E2,1.801877129E-1,-7.043688486E-2,1.772285717E2
2.675520211E2,2.418934366E-2,6.463022437E-4,1.559140394E-3,9.997059703E-1,1.772278350E2,1.804037091E-1,-6.971725000E-2,1.772277213E2
2.675570211E2,2.418409180E-2,6.496715359E-4,1.562771271E-3,9.997060895E-1,1.772284370E2,1.808286283E-1,-7.009411418E-2,1.772283224E2
2.675620211E2,2.417385988E-2,6.578838220E-4,1.565124257E-3,9.997063279E-1,1.772296098E2,1.811202168E-1,-7.103022922E-2,1.772294936E2
2.675670211E2,2.417892104E-2,6.530011306E-4,1.565133105E-3,9.997062087E-1,1.772290297E2,1.811080598E-1,-7.046993673E-2,1.772289143E2
2.675720211E2,2.418401471E-2,6.507561193E-4,1.563512837E-3,9.997060895E-1,1.772284458E2,1.809165814E-1,-7.021632056E-2,1.772283310E2
2.675770211E2,2.417638619E-2,6.549803657E-4,1.565392013E-3,9.997062683E-1,1.772293203E2,1.811430251E-1,-7.069641572E-2,1.772292045E2
2.675820211E2,2.417664575E-2,6.548633683E-4,1.561427140E-3,9.997062683E-1,1.772292905E2,1.806885103E-1,-7.069395063E-2,1.772291751E2
2.675870211E2,2.419179363E-2,6.455479306E-4,1.559658675E-3,9.997059107E-1,1.772275542E2,1.804611620E-1,-6.962895854E-2,1.772274406E2
2.675920211E2,2.418906741E-2,6.461259327E-4,1.563493279E-3,9.997059703E-1,1.772278667E2,1.809018599E-1,-6.968503592E-2,1.772277527E2
2.675970211E2,2.418386539E-2,6.497855647E-4,1.566223800E-3,9.997060895E-1,1.772284630E2,1.812244441E-1,-7.009764975E-2,1.772283481E2
2.676020211E2,2.417890241E-2,6.536434521E-4,1.565152779E-3,9.997062087E-1,1.772290318E2,1.811120922E-1,-7.054346862E-2,1.772289164E2
2.676070211E2,2.418162668E-2,6.514709676E-4,1.562039019E-3,9.997061491E-1,1.772287196E2,1.807495568E-1,-7.030272839E-2,1.772286047E2
2.676120211E2,2.418902339E-2,6.463095197E-4,1.564098289E-3,9.997059703E-1,1.772278717E2,1.809716747E-1,-6.970439815E-2,1.772277577E2
2.676170211E2,2.418423605E-2,6.502151373E-4,1.560310950E-3,9.997060895E-1,1.772284205E2,1.805482950E-1,-7.016318053E-2,1.772283060E2
2.676220211E2,2.417682877E-2,6.556470762E-4,1.558261225E-3,9.997062683E-1,1.772292695E2,1.803280130E-1,-7.079246893E-2,1.772291542E2
2.676270211E2,2.417699900E-2,6.552929408E-4,1.555767027E-3,9.997062683E-1,1.772292500E2,1.800413128E-1,-7.075877963E-2,1.772291349E2
2.676320211E2,2.417952453E-2,6.538339658E-4,1.555432216E-3,9.997062087E-1,1.772289605E2,1.799990933E-1,-7.059211536E-2,1.772288457E2
2.676370211E2,2.417216988E-2,6.578422035E-4,1.553125563E-3,9.997063875E-1,1.772298036E2,1.797454316E-1,-7.105900461E-2,1.772296882E2
2.676420211E2,2.416769570E-2,6.609833217E-4,1.544664730E-3,9.997065067E-1,1.772303164E2,1.787845552E-1,-7.144308173E-2,1.772302010E2
2.676470211E2,2.417509443E-2,6.569825928E-4,1.546321320E-3,9.997063279E-1,1.772294683E2,1.789637756E-1,-7.097885389E-2,1.772293536E2
2.676520211E2,2.417764685E-2,6.554644788E-4,1.545593608E-3,9.997062683E-1,1.772291758E2,1.788763848E-1,-7.080650120E-2,1.772290613E2
2.676570211E2,2.416772231E-2,6.616904284E-4,1.543945400E-3,9.997065067E-1,1.772303134E2,1.787041104E-1,-7.152607388E-2,1.772301979E2
2.676620211E2,2.416807910E-2,6.610931596E-4,1.538607059E-3,9.997065067E-1,1.772302725E2,1.780909304E-1,-7.147237315E-2,1.772301575E2
2.676670211E2,2.417307098E-2,6.585610681E-4,1.538729644E-3,9.997063875E-1,1.772297003E2,1.780983156E-1,-7.118107309E-2,1.772295858E2
2.676720211E2,2.417036584E-2,6.597288884E-4,1.541995676E-3,9.997064471E-1,1.772300103E2,1.784755089E-1,-7.130629174E-2,1.772298954E2
2.676770211E2,2.416335748E-2,6.642452208E-4,1.533945440E-3,9.997066259E-1,1.772308137E2,1.775652946E-1,-7.184721623E-2,1.772306985E2
2.676820211E2,2.417872224E-2,6.547936355E-4,1.528965891E-3,9.997062683E-1,1.772290525E2,1.769697598E-1,-7.077553036E-2,1.772289394E2
2.676870211E2,2.417579976E-2,6.563097704E-4,1.535542193E-3,9.997063279E-1,1.772293875E2,1.777271234E-1,-7.093151363E-2,1.772292736E2
2.676920211E2,2.416834492E-2,6.623285008E-4,1.533893170E-3,9.997065067E-1,1.772302420E2,1.775543560E-1,-7.162689959E-2,1.772301271E2
2.676970211E2,2.417104143E-2,6.606025854E-4,1.530992566E-3,9.997064471E-1,1.772299329E2,1.772174800E-1,-7.143673776E-2,1.772298186E2
2.677020211E2,2.417345545E-2,6.577360327E-4,1.533031929E-3,9.997063875E-1,1.772296562E2,1.774433369E-1,-7.110227400E-2,1.772295422E2
2.677070211E2,2.417567405E-2,6.572260754E-4,1.537128584E-3,9.997063279E-1,1.772294019E2,1.779113875E-1,-7.103211098E-2,1.772292877E2
2.677120211E2,2.417070086E-2,6.593763828E-4,1.536886557E-3,9.997064471E-1,1.772299719E2,1.778892644E-1,-7.128000124E-2,1.772298574E2
2.677170211E2,2.418072510E-2,6.535020075E-4,1.536796568E-3,9.997062087E-1,1.772288229E2,1.778633908E-1,-7.060551058E-2,1.772287095E2
2.677220211E2,2.418247841E-2,6.519904127E-4,1.548578613E-3,9.997061491E-1,1.772286219E2,1.792090558E-1,-7.039938278E-2,1.772285079E2
2.677270211E2,2.418222539E-2,6.519152666E-4,1.552556292E-3,9.997061491E-1,1.772286509E2,1.796645057E-1,-7.037979663E-2,1.772285367E2
2.677320211E2,2.418002429E-2,6.536197616E-4,1.547734253E-3,9.997062087E-1,1.772289032E2,1.791166698E-1,-7.058881722E-2,1.772287890E2
2.677370211E2,2.418268589E-2,6.516872672E-4,1.545462990E-3,9.997061491E-1,1.772285982E2,1.788513099E-1,-7.037325204E-2,1.772284844E2
2.677420211E2,2.418478604E-2,6.505399942E-4,1.551626716E-3,9.997060895E-1,1.772283574E2,1.795543834E-1,-7.022436441E-2,1.772282435E2
2.677470211E2,2.418236078E-2,6.520875031E-4,1.550373505E-3,9.997061491E-1,1.772286354E2,1.794149362E-1,-7.040555232E-2,1.772285213E2
2.677520211E2,2.418537237E-2,6.500409800E-4,1.542670885E-3,9.997060895E-1,1.772282902E2,1.785270773E-1,-7.019191466E-2,1.772281770E2
2.677570211E2,2.417536476E-2,6.559167523E-4,1.542542828E-3,9.997063279E-1,1.772294373E2,1.785279842E-1,-7.086717298E-2,1.772293230E2
2.677620211E2,2.417274607E-2,6.577942404E-4,1.544152270E-3,9.997063875E-1,1.772297375E2,1.787173747E-1,-7.107826348E-2,1.772296228E2
2.677670211E2,2.417011573E-2,6.601617788E-4,1.545726322E-3,9.997064471E-1,1.772300390E2,1.789040665E-1,-7.134559425E-2,1.772299237E2
2.677720211E2,2.416782383E-2,6.612916477E-4,1.542526530E-3,9.997065067E-1,1.772303017E2,1.785404698E-1,-7.148430186E-2,1.772301864E2
2.677770211E2,2.417537351E-2,6.558022578E-4,1.542454353E-3,9.997063279E-1,1.772294363E2,1.785175320E-1,-7.085430028E-2,1.772293221E2
2.677820211E2,2.417523645E-2,6.570520345E-4,1.544069732E-3,9.997063279E-1,1.772294520E2,1.787060400E-1,-7.099302136E-2,1.772293374E2
2.677870211E2,2.416023768E-2,6.660251529E-4,1.543439692E-3,9.997066855E-1,1.772311713E2,1.786576443E-1,-7.202538926E-2,1.772310551E2
2.677920211E2,2.415787846E-2,6.685467670E-4,1.540668658E-3,9.997067451E-1,1.772314417E2,1.783470107E-1,-7.232235329E-2,1.772313252E2
2.677970211E2,2.416301751E-2,6.655361503E-4,1.538733603E-3,9.997066259E-1,1.772308526E2,1.781173688E-1,-7.198190448E-2,1.772307369E2
2.678020211E2,2.417025509E-2,6.600236520E-4,1.543604652E-3,9.997064471E-1,1.772300230E2,1.786606391E-1,-7.133562244E-2,1.772299079E2
2.678070211E2,2.416244595E-2,6.660131039E-4,1.547477674E-3,9.997066259E-1,1.772309182E2,1.791203543E-1,-7.201243342E-2,1.772308017E2
2.678120211E2,2.415775073E-2,6.677976926E-4,1.542994520E-3,9.997067451E-1,1.772314564E2,1.786113744E-1,-7.223012471E-2,1.772313399E2
2.678170211E2,2.415772428E-2,6.685723783E-4,1.543073216E-3,9.997067451E-1,1.772314594E2,1.786225327E-1,-7.231865802E-2,1.772313427E2
2.678220211E2,2.415526752E-2,6.696094060E-4,1.542467508E-3,9.997068048E-1,1.772317410E2,1.785558368E-1,-7.243957347E-2,1.772316242E2
2.678270211E2,2.415526968E-2,6.700995145E-4,1.542220823E-3,9.997068048E-1,1.772317407E2,1.785289340E-1,-7.249640178E-2,1.772316239E2
2.678320211E2,2.416003942E-2,6.668567657E-4,1.546181622E-3,9.997066855E-1,1.772311940E2,1.789740435E-1,-7.211310112E-2,1.772310775E2
2.678370211E2,2.416474836E-2,6.632278091E-4,1.551223686E-3,9.997065663E-1,1.772306542E2,1.795419433E-1,-7.168256972E-2,1.772305380E2
2.678420211E2,2.416228769E-2,6.658458151E-4,1.550018671E-3,9.997066259E-1,1.772309363E2,1.794109720E-1,-7.198626170E-2,1.772308197E2
2.678470211E2,2.417012758E-2,6.607420510E-4,1.545293024E-3,9.997064471E-1,1.772300377E2,1.788560369E-1,-7.141326708E-2,1.772299223E2
2.678520211E2,2.417803486E-2,6.554775755E-4,1.539506367E-3,9.997062683E-1,1.772291313E2,1.781791049E-1,-7.082479813E-2,1.772290173E2
2.678570211E2,2.417559364E-2,6.570847472E-4,1.538453158E-3,9.997063279E-1,1.772294111E2,1.780627310E-1,-7.101226537E-2,1.772292969E2
2.678620211E2,2.416544088E-2,6.638307241E-4,1.540138037E-3,9.997065663E-1,1.772305749E2,1.782737097E-1,-7.178221327E-2,1.772304593E2
2.678670211E2,2.417300874E-2,6.591163692E-4,1.539469347E-3,9.997063875E-1,1.772297074E2,1.781845887E-1,-7.124264925E-2,1.772295927E2
2.678720211E2,2.417802294E-2,6.546658697E-4,1.540038968E-3,9.997062683E-1,1.772291326E2,1.782378686E-1,-7.073033723E-2,1.772290188E2
2.678770211E2,2.417554413E-2,6.560985348E-4,1.539651654E-3,9.997063279E-1,1.772294168E2,1.781972927E-1,-7.089597538E-2,1.772293027E2
2.678820211E2,2.417817854E-2,6.545715732E-4,1.537634293E-3,9.997062683E-1,1.772291148E2,1.779621430E-1,-7.072616980E-2,1.772290011E2
2.678870211E2,2.417559203E-2,6.563970819E-4,1.538771903E-3,9.997063279E-1,1.772294113E2,1.780973405E-1,-7.093260507E-2,1.772292972E2
2.678920211E2,2.417789496E-2,6.542450283E-4,1.542225480E-3,9.997062683E-1,1.772291473E2,1.784871765E-1,-7.067609115E-2,1.772290333E2
2.678970211E2,2.418270472E-2,6.511649117E-4,1.545388601E-3,9.997061491E-1,1.772285960E2,1.788413416E-1,-7.031361486E-2,1.772284824E2
2.679020211E2,2.419000730E-2,6.459540455E-4,1.548955101E-3,9.997059703E-1,1.772277589E2,1.792359810E-1,-6.970547591E-2,1.772276460E2
2.679070211E2,2.419757453E-2,6.407551118E-4,1.548326341E-3,9.997057915E-1,1.772268915E2,1.791500616E-1,-6.911028389E-2,1.772267796E2
2.679120211E2,2.418703680E-2,6.491680979E-4,1.555515802E-3,9.997060299E-1,1.772280994E2,1.799962656E-1,-7.005601901E-2,1.772279855E2
2.679170211E2,2.417690730E-2,6.554376450E-4,1.557130483E-3,9.997062683E-1,1.772292605E2,1.801979025E-1,-7.077159559E-2,1.772291453E2
2.679220211E2,2.417210234E-2,6.588390679E-4,1.553753973E-3,9.997063875E-1,1.772298113E2,1.798201780E-1,-7.117147478E-2,1.772296957E2
2.679270211E2,2.416953943E-2,6.596998428E-4,1.554907649E-3,9.997064471E-1,1.772301051E2,1.799545430E-1,-7.126734901E-2,1.772299892E2
2.679320211E2,2.417939268E-2,6.541908951E-4,1.557330601E-3,9.997062087E-1,1.772289756E2,1.802175487E-1,-7.062776800E-2,1.772288606E2
2.679370211E2,2.417195001E-2,6.583359791E-4,1.556335017E-3,9.997063875E-1,1.772298288E2,1.801144534E-1,-7.110671981E-2,1.772297130E2
2.679420211E2,2.416705205E-2,6.626130198E-4,1.554008573E-3,9.997065067E-1,1.772303902E2,1.798594377E-1,-7.160401434E-2,1.772302738E2
2.679470211E2,2.416953866E-2,6.602077046E-4,1.554703922E-3,9.997064471E-1,1.772301052E2,1.799326111E-1,-7.132609303E-2,1.772299892E2
2.679520211E2,2.416421618E-2,6.639292696E-4,1.559193246E-3,9.997065663E-1,1.772307152E2,1.804568270E-1,-7.174095440E-2,1.772305983E2
2.679570211E2,2.415685118E-2,6.680735387E-4,1.556896023E-3,9.997067451E-1,1.772315595E2,1.802046059E-1,-7.222340238E-2,1.772314419E2
2.679620211E2,2.415689170E-2,6.680494989E-4,1.556277392E-3,9.997067451E-1,1.772315548E2,1.801336730E-1,-7.222235368E-2,1.772314373E2
2.679670211E2,2.415687153E-2,6.679718499E-4,1.556623843E-3,9.997067451E-1,1.772315571E2,1.801731455E-1,-7.221250292E-2,1.772314396E2
2.679720211E2,2.415933271E-2,6.665600231E-4,1.557312207E-3,9.997066855E-1,1.772312750E2,1.802482720E-1,-7.204841753E-2,1.772311577E2
2.679770211E2,2.415692963E-2,6.683857064E-4,1.555544091E-3,9.997067451E-1,1.772315505E2,1.800506009E-1,-7.226289210E-2,1.772314330E2
2.679820211E2,2.415202177E-2,6.723747356E-4,1.553420094E-3,9.997068644E-1,1.772321130E2,1.798179660E-1,-7.272662993E-2,1.772319949E2
2.679870211E2,2.415953150E-2,6.677014171E-4,1.553735114E-3,9.997066855E-1,1.772312522E2,1.798416608E-1,-7.218904103E-2,1.772311350E2
2.679920211E2,2.415961250E-2,6.668037386E-4,1.552860951E-3,9.997066855E-1,1.772312429E2,1.797390386E-1,-7.208861042E-2,1.772311259E2
2.679970211E2,2.415205882E-2,6.716144271E-4,1.553173061E-3,9.997068644E-1,1.772321088E2,1.797875645E-1,-7.264020757E-2,1.772319909E2
2.680020211E2,2.415935527E-2,6.668146234E-4,1.556853182E-3,9.997066855E-1,1.772312724E2,1.801963934E-1,-7.207885081E-2,1.772311551E2
2.680070211E2,2.416666850E-2,6.628412521E-4,1.559864962E-3,9.997065067E-1,1.772304342E2,1.805309403E-1,-7.161401038E-2,1.772303174E2
2.680120211E2,2.415922231E-2,6.676172488E-4,1.558571472E-3,9.997066855E-1,1.772312877E2,1.803954505E-1,-7.216606473E-2,1.772311701E2
2.680170211E2,2.415961847E-2,6.663720706E-4,1.552953385E-3,9.997066855E-1,1.772312423E2,1.797484328E-1,-7.203890242E-2,1.772311253E2
2.680220211E2,2.417221661E-2,6.588996039E-4,1.551949535E-3,9.997063875E-1,1.772297982E2,1.796136406E-1,-7.118338749E-2,1.772296827E2
2.680270211E2,2.416442058E-2,6.631116266E-4,1.556370757E-3,9.997065663E-1,1.772306918E2,1.801312377E-1,-7.165506590E-2,1.772305752E2
2.680320211E2,2.415439756E-2,6.703689578E-4,1.555704279E-3,9.997068048E-1,1.772318407E2,1.800742588E-1,-7.249010205E-2,1.772317228E2
2.680370211E2,2.416467141E-2,6.632758304E-4,1.552401343E-3,9.997065663E-1,1.772306631E2,1.796769812E-1,-7.168482361E-2,1.772305467E2
2.680420211E2,2.416702243E-2,6.617931649E-4,1.554818358E-3,9.997065067E-1,1.772303936E2,1.799499324E-1,-7.150785609E-2,1.772302773E2
2.680470211E2,2.415932953E-2,6.676144549E-4,1.556909760E-3,9.997066855E-1,1.772312754E2,1.802050875E-1,-7.217032589E-2,1.772311579E2
2.680520211E2,2.415923505E-2,6.676792982E-4,1.558347489E-3,9.997066855E-1,1.772312862E2,1.803699641E-1,-7.217379080E-2,1.772311686E2
2.680570211E2,2.416695328E-2,6.627551629E-4,1.555483206E-3,9.997065067E-1,1.772304015E2,1.800287557E-1,-7.161623181E-2,1.772302850E2
2.680620211E2,2.417423268E-2,6.574566942E-4,1.559535624E-3,9.997063279E-1,1.772295671E2,1.804788357E-1,-7.099671289E-2,1.772294513E2
2.680670211E2,2.417426357E-2,6.571329432E-4,1.559193246E-3,9.997063279E-1,1.772295636E2,1.804387187E-1,-7.096056755E-2,1.772294479E2
2.680720211E2,2.418215320E-2,6.512766122E-4,1.553948037E-3,9.997061491E-1,1.772286592E2,1.798221665E-1,-7.030278988E-2,1.772285450E2
2.680770211E2,2.417704270E-2,6.546861841E-4,1.555343275E-3,9.997062683E-1,1.772292450E2,1.799910904E-1,-7.069043701E-2,1.772291300E2
2.680820211E2,2.417907609E-2,6.541473558E-4,1.562256599E-3,9.997062087E-1,1.772290119E2,1.807817194E-1,-7.060918816E-2,1.772288966E2
2.680870211E2,2.417948510E-2,6.536894361E-4,1.556105795E-3,9.997062087E-1,1.772289650E2,1.800758540E-1,-7.057369903E-2,1.772288502E2
2.680920211E2,2.418713211E-2,6.476234412E-4,1.554677379E-3,9.997060299E-1,1.772280885E2,1.798959422E-1,-6.988137311E-2,1.772279749E2
2.680970211E2,2.418910493E-2,6.474368856E-4,1.562369987E-3,9.997059703E-1,1.772278624E2,1.807768145E-1,-6.983832290E-2,1.772277482E2
2.681020211E2,2.418170225E-2,6.512236432E-4,1.560971839E-3,9.997061491E-1,1.772287109E2,1.806266225E-1,-7.027733906E-2,1.772285962E2
2.681070211E2,2.418182715E-2,6.510737585E-4,1.559098368E-3,9.997061491E-1,1.772286966E2,1.804115942E-1,-7.026533769E-2,1.772285820E2
2.681120211E2,2.418941423E-2,6.466240156E-4,1.557911630E-3,9.997059703E-1,1.772278269E2,1.802638411E-1,-6.975750494E-2,1.772277132E2
2.681170211E2,2.420206725E-2,6.390658673E-4,1.555756666E-3,9.997056723E-1,1.772263766E2,1.799968912E-1,-6.889535476E-2,1.772262644E2
2.681220211E2,2.420454822E-2,6.362780114E-4,1.556603005E-3,9.997056127E-1,1.772260922E2,1.800862839E-1,-6.857318971E-2,1.772259805E2
2.681270211E2,2.419708601E-2,6.418298581E-4,1.555499155E-3,9.997057915E-1,1.772269475E2,1.799747129E-1,-6.921360260E-2,1.772268349E2
2.681320211E2,2.419234825E-2,6.455273833E-4,1.551040565E-3,9.997059107E-1,1.772274906E2,1.794738683E-1,-6.965039704E-2,1.772273776E2
2.681370211E2,2.418720589E-2,6.475428236E-4,1.553562703E-3,9.997060299E-1,1.772280801E2,1.797680285E-1,-6.987521407E-2,1.772279665E2
2.681420211E2,2.418454371E-2,6.497795694E-4,1.555717085E-3,9.997060895E-1,1.772283852E2,1.800208442E-1,-7.012595894E-2,1.772282711E2
2.681470211E2,2.418952267E-2,6.474225665E-4,1.555894851E-3,9.997059703E-1,1.772278145E2,1.800350238E-1,-6.985455628E-2,1.772277008E2
2.681520211E2,2.419948295E-2,6.395359524E-4,1.557461917E-3,9.997057319E-1,1.772266728E2,1.801933674E-1,-6.894494305E-2,1.772265604E2
2.681570211E2,2.420434337E-2,6.363225402E-4,1.559766941E-3,9.997056127E-1,1.772261157E2,1.804488481E-1,-6.856955185E-2,1.772260038E2
2.681620211E2,2.418939005E-2,6.463573081E-4,1.558397547E-3,9.997059703E-1,1.772278297E2,1.803187659E-1,-6.972560888E-2,1.772277160E2
2.681670211E2,2.418885959E-2,6.476288545E-4,1.566084451E-3,9.997059703E-1,1.772278905E2,1.812028519E-1,-6.985006248E-2,1.772277761E2
2.681720211E2,2.419626101E-2,6.423956947E-4,1.568048378E-3,9.997057915E-1,1.772270421E2,1.814138413E-1,-6.924377564E-2,1.772269285E2
2.681770211E2,2.419858472E-2,6.395059172E-4,1.571368310E-3,9.997057319E-1,1.772267758E2,1.817863135E-1,-6.890310078E-2,1.772266625E2
2.681820211E2,2.419360816E-2,6.442007725E-4,1.570238848E-3,9.997058511E-1,1.772273462E2,1.816695989E-1,-6.944496986E-2,1.772272321E2
2.681870211E2,2.419121820E-2,6.461002049E-4,1.568331150E-3,9.997059107E-1,1.772276201E2,1.814561565E-1,-6.966828772E-2,1.772275058E2
2.681920211E2,2.419869354E-2,6.397807156E-4,1.569579705E-3,9.997057319E-1,1.772267633E2,1.815821837E-1,-6.893952126E-2,1.772266501E2
2.681970211E2,2.420110122E-2,6.388489855E-4,1.570800669E-3,9.997056723E-1,1.772264873E2,1.817196370E-1,-6.882896077E-2,1.772263742E2
2.682020211E2,2.418875579E-2,6.469941582E-4,1.567948842E-3,9.997059703E-1,1.772279024E2,1.814146666E-1,-6.977220382E-2,1.772277879E2
2.682070211E2,2.419123981E-2,6.453613169E-4,1.568302047E-3,9.997059107E-1,1.772276177E2,1.814507754E-1,-6.958371902E-2,1.772275035E2
2.682120211E2,2.419626473E-2,6.424302119E-4,1.567976782E-3,9.997057915E-1,1.772270417E2,1.814057354E-1,-6.924792770E-2,1.772269281E2
2.682170211E2,2.418849508E-2,6.477558636E-4,1.571652014E-3,9.997059703E-1,1.772279323E2,1.818409887E-1,-6.984924563E-2,1.772278174E2
2.682220211E2,2.419357295E-2,6.442125887E-4,1.570776338E-3,9.997058511E-1,1.772273502E2,1.817312031E-1,-6.944483971E-2,1.772272361E2
2.682270211E2,2.419383062E-2,6.433627568E-4,1.567151747E-3,9.997058511E-1,1.772273207E2,1.813136379E-1,-6.935748720E-2,1.772272070E2
2.682320211E2,2.417845432E-2,6.530217943E-4,1.572318026E-3,9.997062087E-1,1.772290832E2,1.819311762E-1,-7.045248074E-2,1.772289673E2
2.682370211E2,2.417865340E-2,6.535638822E-4,1.569028012E-3,9.997062087E-1,1.772290604E2,1.815557941E-1,-7.052366091E-2,1.772289446E2
2.682420211E2,2.418927987E-2,6.469478249E-4,1.559862052E-3,9.997059703E-1,1.772278423E2,1.804881663E-1,-6.978921749E-2,1.772277284E2
2.682470211E2,2.417648407E-2,6.546316436E-4,1.564025646E-3,9.997062683E-1,1.772293090E2,1.809855372E-1,-7.066023468E-2,1.772291935E2
2.682520211E2,2.417316541E-2,6.577015156E-4,1.575889881E-3,9.997063279E-1,1.772296894E2,1.823529537E-1,-7.097964788E-2,1.772295725E2
2.682570211E2,2.417584598E-2,6.561237387E-4,1.573236543E-3,9.997062683E-1,1.772293822E2,1.820448106E-1,-7.080576305E-2,1.772292657E2
2.682620211E2,2.416119522E-2,6.651896401E-4,1.567234169E-3,9.997066259E-1,1.772310615E2,1.813812548E-1,-7.186362158E-2,1.772309438E2
2.682670211E2,2.416105900E-2,6.649284041E-4,1.569443499E-3,9.997066259E-1,1.772310771E2,1.816336187E-1,-7.182760249E-2,1.772309593E2
2.682720211E2,2.416009724E-2,6.659898791E-4,1.583734062E-3,9.997066259E-1,1.772311874E2,1.832735916E-1,-7.190981186E-2,1.772310683E2
2.682770211E2,2.415290247E-2,6.711074384E-4,1.578432391E-3,9.997068048E-1,1.772320121E2,1.826798893E-1,-7.251206241E-2,1.772318924E2
2.682820211E2,2.414618148E-2,6.760455435E-4,1.565851504E-3,9.997069836E-1,1.772327825E2,1.812518213E-1,-7.311380233E-2,1.772326628E2
2.682870211E2,2.415586734E-2,6.694264011E-4,1.571511268E-3,9.997067451E-1,1.772316722E2,1.818825782E-1,-7.233810330E-2,1.772315534E2
2.682920211E2,2.415079668E-2,6.728838780E-4,1.572133740E-3,9.997068644E-1,1.772322535E2,1.819630904E-1,-7.273338474E-2,1.772321339E2
2.682970211E2,2.415370664E-2,6.710808375E-4,1.566090039E-3,9.997068048E-1,1.772319199E2,1.812659546E-1,-7.254303093E-2,1.772318011E2
2.683020211E2,2.416150101E-2,6.655282923E-4,1.562368707E-3,9.997066259E-1,1.772310265E2,1.808248354E-1,-7.191583302E-2,1.772309090E2
2.683070211E2,2.414867295E-2,6.738338270E-4,1.566437306E-3,9.997069240E-1,1.772324969E2,1.813129908E-1,-7.285835964E-2,1.772323776E2
2.683120211E2,2.414339419E-2,6.768763997E-4,1.570410677E-3,9.997070432E-1,1.772331020E2,1.817762078E-1,-7.319687481E-2,1.772329818E2
2.683170211E2,2.416139965E-2,6.651604199E-4,1.564091886E-3,9.997066259E-1,1.772310381E2,1.810212140E-1,-7.186893747E-2,1.772309206E2
2.683220211E2,2.415330048E-2,6.705853739E-4,1.572553068E-3,9.997068048E-1,1.772319665E2,1.820049476E-1,-7.246845632E-2,1.772318473E2
2.683270211E2,2.414837524E-2,6.743029808E-4,1.570818829E-3,9.997069240E-1,1.772325310E2,1.818162077E-1,-7.290003386E-2,1.772324113E2
2.683320211E2,2.416883413E-2,6.602605572E-4,1.565595972E-3,9.997064471E-1,1.772301859E2,1.811804819E-1,-7.130210719E-2,1.772300692E2
2.683370211E2,2.415880428E-2,6.664981483E-4,1.565514831E-3,9.997066855E-1,1.772313356E2,1.811877414E-1,-7.201871546E-2,1.772312177E2
2.683420211E2,2.415346648E-2,6.708193105E-4,1.569901360E-3,9.997068048E-1,1.772319474E2,1.817018319E-1,-7.250256508E-2,1.772318284E2
2.683470211E2,2.416591479E-2,6.618605694E-4,1.571911736E-3,9.997065067E-1,1.772305205E2,1.819082282E-1,-7.146843997E-2,1.772304031E2
2.683520211E2,2.416401408E-2,6.629950949E-4,1.562718884E-3,9.997065663E-1,1.772307384E2,1.808581166E-1,-7.162421082E-2,1.772306214E2
2.683570211E2,2.415931922E-2,6.679405342E-4,1.556929899E-3,9.997066855E-1,1.772312766E2,1.802082968E-1,-7.220762698E-2,1.772311590E2
2.683620211E2,2.416136334E-2,6.656299229E-4,1.564453007E-3,9.997066259E-1,1.772310423E2,1.810638808E-1,-7.192172949E-2,1.772309246E2
2.683670211E2,2.416659330E-2,6.615863531E-4,1.561561716E-3,9.997065067E-1,1.772304428E2,1.807218364E-1,-7.146556629E-2,1.772303261E2
2.683720211E2,2.415464550E-2,6.708274595E-4,1.551651745E-3,9.997068048E-1,1.772318123E2,1.796112945E-1,-7.255380001E-2,1.772316946E2
2.683770211E2,2.415751533E-2,6.692738971E-4,1.546037500E-3,9.997067451E-1,1.772314833E2,1.789640431E-1,-7.239085370E-2,1.772313663E2
2.683820211E2,2.415964297E-2,6.664582761E-4,1.552535105E-3,9.997066855E-1,1.772312395E2,1.797007558E-1,-7.204993160E-2,1.772311225E2
2.683870211E2,2.415946970E-2,6.664922112E-4,1.555214636E-3,9.997066855E-1,1.772312593E2,1.800077999E-1,-7.204643175E-2,1.772311422E2
2.683920211E2,2.416477463E-2,6.642306107E-4,1.550385030E-3,9.997065663E-1,1.772306512E2,1.794486474E-1,-7.179976632E-2,1.772305349E2
2.683970211E2,2.415702218E-2,6.686994457E-4,1.553971204E-3,9.997067451E-1,1.772315399E2,1.798712888E-1,-7.230317102E-2,1.772314224E2
2.684020211E2,2.414676229E-2,6.750852917E-4,1.557286014E-3,9.997069836E-1,1.772327159E2,1.802679579E-1,-7.302739438E-2,1.772325970E2
2.684070211E2,2.414935214E-2,6.744458806E-4,1.555666211E-3,9.997069240E-1,1.772324190E2,1.800808155E-1,-7.295816040E-2,1.772323004E2
2.684120211E2,2.415706797E-2,6.693489267E-4,1.552979462E-3,9.997067451E-1,1.772315346E2,1.797594779E-1,-7.238031148E-2,1.772314171E2
2.684170211E2,2.414170558E-2,6.796847447E-4,1.557157841E-3,9.997071028E-1,1.772332955E2,1.802656309E-1,-7.355556510E-2,1.772331758E2
2.684220211E2,2.413670627E-2,6.830155617E-4,1.556666801E-3,9.997072220E-1,1.772338686E2,1.802182241E-1,-7.393939668E-2,1.772337483E2
2.684270211E2,2.413207412E-2,6.850816426E-4,1.551007503E-3,9.997073412E-1,1.772343995E2,1.795752756E-1,-7.419256849E-2,1.772342793E2
2.684320211E2,2.413454879E-2,6.847199984E-4,1.551080262E-3,9.997072816E-1,1.772341159E2,1.795827942E-1,-7.415049348E-2,1.772339957E2
2.684370211E2,2.413238014E-2,6.858701236E-4,1.545889187E-3,9.997073412E-1,1.772343645E2,1.789911330E-1,-7.429699503E-2,1.772342444E2
2.684420211E2,2.411995576E-2,6.938933511E-4,1.543481951E-3,9.997076392E-1,1.772357886E2,1.787366191E-1,-7.522499900E-2,1.772356673E2
2.684470211E2,2.411494221E-2,6.975983852E-4,1.542938873E-3,9.997077584E-1,1.772363633E2,1.786842674E-1,-7.565183787E-2,1.772362413E2
2.684520211E2,2.412774170E-2,6.888809148E-4,1.539849676E-3,9.997074604E-1,1.772348961E2,1.783072370E-1,-7.465943498E-2,1.772347760E2
2.684570211E2,2.412496019E-2,6.906253984E-4,1.543946797E-3,9.997075200E-1,1.772352150E2,1.787812122E-1,-7.484844872E-2,1.772350942E2
2.684620211E2,2.411503840E-2,6.980948965E-4,1.541209989E-3,9.997077584E-1,1.772363523E2,1.784875887E-1,-7.571347786E-2,1.772362304E2
2.684670211E2,2.412512020E-2,6.900329026E-4,1.541709760E-3,9.997075200E-1,1.772351966E2,1.785233146E-1,-7.478672957E-2,1.772350762E2
2.684720211E2,2.413027703E-2,6.872108206E-4,1.539564808E-3,9.997074008E-1,1.772346055E2,1.782701736E-1,-7.446844774E-2,1.772344857E2
2.684770211E2,2.412470113E-2,6.912206300E-4,1.547723659E-3,9.997075200E-1,1.772352447E2,1.792155099E-1,-7.490624207E-2,1.772351235E2
2.684820211E2,2.412221232E-2,6.931379903E-4,1.547157764E-3,9.997075796E-1,1.772355299E2,1.791557960E-1,-7.512790170E-2,1.772354085E2
2.684870211E2,2.412749507E-2,6.886099582E-4,1.543830149E-3,9.997074604E-1,1.772349244E2,1.787624659E-1,-7.461743296E-2,1.772348041E2
2.684920211E2,2.413493220E-2,6.841615541E-4,1.545350300E-3,9.997072816E-1,1.772340719E2,1.789248627E-1,-7.410229815E-2,1.772339523E2
2.684970211E2,2.413737751E-2,6.825492019E-4,1.546429703E-3,9.997072220E-1,1.772337916E2,1.790442384E-1,-7.391416687E-2,1.772336722E2
2.685020211E2,2.413267015E-2,6.853509694E-4,1.541586244E-3,9.997073412E-1,1.772343312E2,1.784967804E-1,-7.424936971E-2,1.772342116E2
2.685070211E2,2.413794697E-2,6.821553106E-4,1.537690288E-3,9.997072220E-1,1.772337264E2,1.780420177E-1,-7.389311581E-2,1.772336076E2
2.685120211E2,2.414550879E-2,6.764321006E-4,1.537751406E-3,9.997070432E-1,1.772328596E2,1.780337408E-1,-7.323596031E-2,1.772327419E2
2.685170211E2,2.414255159E-2,6.784699508E-4,1.544519793E-3,9.997071028E-1,1.772331986E2,1.788145380E-1,-7.345121327E-2,1.772330800E2
2.685220211E2,2.414277265E-2,6.783187273E-4,1.541126985E-3,9.997071028E-1,1.772331732E2,1.784254612E-1,-7.344323668E-2,1.772330549E2
2.685270211E2,2.415528643E-2,6.701257080E-4,1.541947131E-3,9.997068048E-1,1.772317388E2,1.784976540E-1,-7.250015707E-2,1.772316220E2
2.685320211E2,2.414535380E-2,6.764805876E-4,1.540161786E-3,9.997070432E-1,1.772328773E2,1.783099927E-1,-7.323487302E-2,1.772327595E2
2.685370211E2,2.414807177E-2,6.748241140E-4,1.536961645E-3,9.997069836E-1,1.772325658E2,1.779390046E-1,-7.305348161E-2,1.772324485E2
2.685420211E2,2.416324774E-2,6.643743254E-4,1.535617281E-3,9.997066259E-1,1.772308263E2,1.777571674E-1,-7.185739632E-2,1.772307109E2
2.685470211E2,2.416314970E-2,6.643639645E-4,1.537163625E-3,9.997066259E-1,1.772308375E2,1.779342783E-1,-7.185194497E-2,1.772307220E2
2.685520211E2,2.416037293E-2,6.671319716E-4,1.540842466E-3,9.997066855E-1,1.772311558E2,1.783631849E-1,-7.215935094E-2,1.772310396E2
2.685570211E2,2.417020246E-2,6.601605564E-4,1.544370083E-3,9.997064471E-1,1.772300291E2,1.787487010E-1,-7.134919523E-2,1.772299139E2
2.685620211E2,2.416343850E-2,6.641276996E-4,1.532719471E-3,9.997066259E-1,1.772308044E2,1.774245300E-1,-7.183713361E-2,1.772306893E2
2.685670211E2,2.415573450E-2,6.694658659E-4,1.535199699E-3,9.997068048E-1,1.772316875E2,1.777228853E-1,-7.244316488E-2,1.772315712E2
2.685720211E2,2.415518019E-2,6.701499224E-4,1.543599996E-3,9.997068048E-1,1.772317510E2,1.786870627E-1,-7.249837469E-2,1.772316340E2
2.685770211E2,2.416017909E-2,6.673199241E-4,1.543797553E-3,9.997066855E-1,1.772311780E2,1.787022210E-1,-7.217273532E-2,1.772310615E2
2.685820211E2,2.416078092E-2,6.663009990E-4,1.534792827E-3,9.997066855E-1,1.772311090E2,1.776678770E-1,-7.208083349E-2,1.772309934E2
2.685870211E2,2.415534658E-2,6.695630145E-4,1.541249105E-3,9.997068048E-1,1.772317319E2,1.784161359E-1,-7.243761751E-2,1.772316152E2
2.685920211E2,2.416020660E-2,6.663156673E-4,1.543800812E-3,9.997066855E-1,1.772311748E2,1.786998158E-1,-7.205767574E-2,1.772310586E2
2.685970211E2,2.416573407E-2,6.638311897E-4,1.535530551E-3,9.997065663E-1,1.772305413E2,1.777459063E-1,-7.179497388E-2,1.772304260E2
2.686020211E2,2.417062091E-2,6.602712674E-4,1.537759556E-3,9.997064471E-1,1.772299811E2,1.779917469E-1,-7.138011353E-2,1.772298664E2
2.686070211E2,2.417277871E-2,6.583416834E-4,1.543407794E-3,9.997063875E-1,1.772297338E2,1.786336078E-1,-7.114303388E-2,1.772296190E2
2.686120211E2,2.417309330E-2,6.578488392E-4,1.538683544E-3,9.997063875E-1,1.772296977E2,1.780910629E-1,-7.109960533E-2,1.772295833E2
2.686170211E2,2.417592828E-2,6.569965044E-4,1.533223316E-3,9.997063279E-1,1.772293727E2,1.774633887E-1,-7.101658600E-2,1.772292589E2
2.686220211E2,2.417548163E-2,6.569190882E-4,1.540282974E-3,9.997063279E-1,1.772294239E2,1.782718847E-1,-7.098823840E-2,1.772293096E2
2.686270211E2,2.416747861E-2,6.621627253E-4,1.547553460E-3,9.997065067E-1,1.772303413E2,1.791187343E-1,-7.157023027E-2,1.772302255E2
2.686320211E2,2.417029356E-2,6.600222550E-4,1.543002785E-3,9.997064471E-1,1.772300186E2,1.785916891E-1,-7.133712260E-2,1.772299035E2
2.686370211E2,2.417064765E-2,6.596718449E-4,1.537596574E-3,9.997064471E-1,1.772299780E2,1.779714174E-1,-7.131189159E-2,1.772298634E2
2.686420211E2,2.417495113E-2,6.563203060E-4,1.548840781E-3,9.997063279E-1,1.772294848E2,1.792505555E-1,-7.089602951E-2,1.772293699E2
2.686470211E2,2.416473314E-2,6.631884607E-4,1.551477471E-3,9.997065663E-1,1.772306560E2,1.795709065E-1,-7.167736200E-2,1.772305397E2
2.686520211E2,2.416762876E-2,6.621767534E-4,1.545200823E-3,9.997065067E-1,1.772303241E2,1.788492698E-1,-7.157832608E-2,1.772302085E2
2.686570211E2,2.417745766E-2,6.548896781E-4,1.548793400E-3,9.997062683E-1,1.772291974E2,1.792413413E-1,-7.073182157E-2,1.772290829E2
2.686620211E2,2.416630172E-2,6.626196555E-4,1.565630781E-3,9.997065067E-1,1.772304762E2,1.811908226E-1,-7.157272325E-2,1.772303590E2
2.686670211E2,2.415391999E-2,6.708606961E-4,1.562890480E-3,9.997068048E-1,1.772318954E2,1.808988246E-1,-7.252662953E-2,1.772317770E2
2.686720211E2,2.415689941E-2,6.682954845E-4,1.556052128E-3,9.997067451E-1,1.772315539E2,1.801085487E-1,-7.225115551E-2,1.772314364E2
2.686770211E2,2.416147870E-2,6.650975556E-4,1.562897000E-3,9.997066259E-1,1.772310290E2,1.808841614E-1,-7.186502998E-2,1.772309116E2
2.686820211E2,2.416105806E-2,6.664629327E-4,1.568807056E-3,9.997066259E-1,1.772310772E2,1.815649580E-1,-7.200515732E-2,1.772309591E2
2.686870211E2,2.416127853E-2,6.655000616E-4,1.565817511E-3,9.997066259E-1,1.772310520E2,1.812198304E-1,-7.190309016E-2,1.772309343E2
2.686920211E2,2.416679772E-2,6.616760511E-4,1.558356918E-3,9.997065067E-1,1.772304193E2,1.803549634E-1,-7.148468042E-2,1.772303029E2
2.686970211E2,2.415892901E-2,6.677088095E-4,1.563072088E-3,9.997066855E-1,1.772313213E2,1.809112659E-1,-7.216414656E-2,1.772312034E2
2.687020211E2,2.415599716E-2,6.683956599E-4,1.569953631E-3,9.997067451E-1,1.772316574E2,1.817012937E-1,-7.222431187E-2,1.772315388E2
2.687070211E2,2.415359979E-2,6.702090614E-4,1.568109961E-3,9.997068048E-1,1.772319322E2,1.814949326E-1,-7.243759038E-2,1.772318134E2
2.687120211E2,2.415381564E-2,6.706251879E-4,1.564603415E-3,9.997068048E-1,1.772319074E2,1.810943961E-1,-7.249492776E-2,1.772317888E2
2.687170211E2,2.415634317E-2,6.696786149E-4,1.564072096E-3,9.997067451E-1,1.772316177E2,1.810310918E-1,-7.238750322E-2,1.772314993E2
2.687220211E2,2.414891946E-2,6.739097298E-4,1.562599675E-3,9.997069240E-1,1.772324686E2,1.808735862E-1,-7.287763041E-2,1.772323496E2
2.687270211E2,2.415174757E-2,6.721445825E-4,1.557776704E-3,9.997068644E-1,1.772321445E2,1.803163951E-1,-7.268825554E-2,1.772320261E2
2.687320211E2,2.415443727E-2,6.699713995E-4,1.555258990E-3,9.997068048E-1,1.772318362E2,1.800221496E-1,-7.244578398E-2,1.772317184E2
2.687370211E2,2.416183357E-2,6.661725929E-4,1.556941657E-3,9.997066259E-1,1.772309884E2,1.802049298E-1,-7.200460940E-2,1.772308712E2
2.687420211E2,2.415410165E-2,6.706941640E-4,1.560152159E-3,9.997068048E-1,1.772318746E2,1.805846793E-1,-7.251509869E-2,1.772317564E2
2.687470211E2,2.414944026E-2,6.737976219E-4,1.554578776E-3,9.997069240E-1,1.772324089E2,1.799544529E-1,-7.288689071E-2,1.772322905E2
2.687520211E2,2.415716459E-2,6.688100984E-4,1.551708207E-3,9.997067451E-1,1.772315235E2,1.796123603E-1,-7.232208627E-2,1.772314062E2
2.687570211E2,2.415174707E-2,6.716742064E-4,1.557987416E-3,9.997068644E-1,1.772321445E2,1.803392318E-1,-7.263378709E-2,1.772320262E2
2.687620211E2,2.414888745E-2,6.740737590E-4,1.563023543E-3,9.997069240E-1,1.772324723E2,1.809225955E-1,-7.289525405E-2,1.772323532E2
2.687670211E2,2.415170922E-2,6.725108251E-4,1.558213145E-3,9.997068644E-1,1.772321489E2,1.803674040E-1,-7.272901054E-2,1.772320304E2
2.687720211E2,2.415678930E-2,6.689520669E-4,1.557478681E-3,9.997067451E-1,1.772315666E2,1.802737821E-1,-7.232244300E-2,1.772314488E2
2.687770211E2,2.415118702E-2,6.722334074E-4,1.566405175E-3,9.997068644E-1,1.772322087E2,1.813050635E-1,-7.267465171E-2,1.772320897E2
2.687820211E2,2.415663576E-2,6.689323345E-4,1.559866825E-3,9.997067451E-1,1.772315842E2,1.805472981E-1,-7.231359916E-2,1.772314662E2
2.687870211E2,2.415653913E-2,6.682943203E-4,1.561635756E-3,9.997067451E-1,1.772315952E2,1.807481705E-1,-7.223563013E-2,1.772314773E2
2.687920211E2,2.415136063E-2,6.726211868E-4,1.563559403E-3,9.997068644E-1,1.772321888E2,1.809801424E-1,-7.272691961E-2,1.772320699E2
2.687970211E2,2.415127123E-2,6.727756700E-4,1.564873266E-3,9.997068644E-1,1.772321991E2,1.811310775E-1,-7.274099675E-2,1.772320801E2
2.688020211E2,2.415201463E-2,6.723591359E-4,1.553537906E-3,9.997068644E-1,1.772321139E2,1.798314187E-1,-7.272451808E-2,1.772319958E2
2.688070211E2,2.415211677E-2,6.721250829E-4,1.552050584E-3,9.997068644E-1,1.772321021E2,1.796603931E-1,-7.270180359E-2,1.772319842E2
2.688120211E2,2.414904469E-2,6.742927362E-4,1.560497680E-3,9.997069240E-1,1.772324543E2,1.806338543E-1,-7.292730126E-2,1.772323353E2
2.688170211E2,2.414406251E-2,6.774577196E-4,1.559849712E-3,9.997070432E-1,1.772330254E2,1.805680184E-1,-7.329256855E-2,1.772329059E2
2.688220211E2,2.413949305E-2,6.797914393E-4,1.553140231E-3,9.997071624E-1,1.772335491E2,1.798055125E-1,-7.357930073E-2,1.772334297E2
2.688270211E2,2.414695766E-2,6.747704465E-4,1.554390299E-3,9.997069836E-1,1.772326935E2,1.799353726E-1,-7.299930400E-2,1.772325749E2
2.688320211E2,2.414670771E-2,6.748074084E-4,1.558252377E-3,9.997069836E-1,1.772327222E2,1.803778899E-1,-7.299289639E-2,1.772326033E2
2.688370211E2,2.414430610E-2,6.775347865E-4,1.556041185E-3,9.997070432E-1,1.772329974E2,1.801319509E-1,-7.331189084E-2,1.772328782E2
2.688420211E2,2.414468332E-2,6.772222114E-4,1.550313435E-3,9.997070432E-1,1.772329542E2,1.794749520E-1,-7.329186299E-2,1.772328355E2
2.688470211E2,2.414465744E-2,6.771062617E-4,1.550767105E-3,9.997070432E-1,1.772329572E2,1.795266010E-1,-7.327732941E-2,1.772328384E2
2.688520211E2,2.414985138E-2,6.740021636E-4,1.548089902E-3,9.997069240E-1,1.772323618E2,1.792116944E-1,-7.292820650E-2,1.772322438E2
2.688570211E2,2.414539488E-2,6.761616096E-4,1.539657707E-3,9.997070432E-1,1.772328726E2,1.782513666E-1,-7.319971898E-2,1.772327549E2
2.688620211E2,2.414046810E-2,6.800382398E-4,1.537801581E-3,9.997071624E-1,1.772334374E2,1.780490964E-1,-7.364983143E-2,1.772333190E2
2.688670211E2,2.414296608E-2,6.782302517E-4,1.538132899E-3,9.997071028E-1,1.772331510E2,1.780822331E-1,-7.344135031E-2,1.772330330E2
2.688720211E2,2.413813196E-2,6.822749274E-4,1.534730545E-3,9.997072220E-1,1.772337052E2,1.777032989E-1,-7.391497301E-2,1.772335866E2
2.688770211E2,2.414096125E-2,6.808207836E-4,1.529692323E-3,9.997071624E-1,1.772333808E2,1.771223144E-1,-7.376182432E-2,1.772332630E2
2.688820211E2,2.414100155E-2,6.795785157E-4,1.529608737E-3,9.997071624E-1,1.772333762E2,1.771093049E-1,-7.361973664E-2,1.772332586E2
2.688870211E2,2.414572943E-2,6.764201098E-4,1.534288283E-3,9.997070432E-1,1.772328343E2,1.776369941E-1,-7.324412990E-2,1.772327169E2
2.688920211E2,2.414587115E-2,6.763308193E-4,1.532095717E-3,9.997070432E-1,1.772328180E2,1.773855806E-1,-7.323994267E-2,1.772327008E2
2.688970211E2,2.414869261E-2,6.753389025E-4,1.526948414E-3,9.997069836E-1,1.772324946E2,1.767933756E-1,-7.314005445E-2,1.772323779E2
2.689020211E2,2.414599846E-2,6.774944486E-4,1.529573230E-3,9.997070432E-1,1.772328035E2,1.770998381E-1,-7.338020301E-2,1.772326862E2
2.689070211E2,2.415094162E-2,6.731923786E-4,1.531343791E-3,9.997069240E-1,1.772322368E2,1.772911259E-1,-7.288159049E-2,1.772321202E2
2.689120211E2,2.414357649E-2,6.789836334E-4,1.528187073E-3,9.997071028E-1,1.772330811E2,1.769449850E-1,-7.355506534E-2,1.772329636E2
2.689170211E2,2.413351236E-2,6.845279713E-4,1.528713503E-3,9.997073412E-1,1.772342347E2,1.770198863E-1,-7.419053937E-2,1.772341162E2
2.689220211E2,2.413060670E-2,6.865491159E-4,1.534685143E-3,9.997074008E-1,1.772345677E2,1.777093617E-1,-7.440607901E-2,1.772344484E2
2.689270211E2,2.414087583E-2,6.806447636E-4,1.531118061E-3,9.997071624E-1,1.772333906E2,1.772851514E-1,-7.373773070E-2,1.772332727E2
2.689320211E2,2.413616572E-2,6.830668426E-4,1.526453649E-3,9.997072816E-1,1.772339305E2,1.767571562E-1,-7.402893605E-2,1.772338125E2
2.689370211E2,2.413337052E-2,6.847545155E-4,1.530849724E-3,9.997073412E-1,1.772342509E2,1.772652244E-1,-7.421060901E-2,1.772341322E2
2.689420211E2,2.414045710E-2,6.798334653E-4,1.538064680E-3,9.997071624E-1,1.772334386E2,1.780786692E-1,-7.362564698E-2,1.772333203E2
2.689470211E2,2.414052287E-2,6.794738001E-4,1.537191216E-3,9.997071624E-1,1.772334311E2,1.779776163E-1,-7.358684910E-2,1.772333129E2
2.689520211E2,2.414572299E-2,6.775087095E-4,1.533909235E-3,9.997070432E-1,1.772328350E2,1.775965829E-1,-7.336988771E-2,1.772327174E2
2.689570211E2,2.416073296E-2,6.661817897E-4,1.535599353E-3,9.997066855E-1,1.772311145E2,1.777599377E-1,-7.206495258E-2,1.772309988E2
2.689620211E2,2.417042213E-2,6.595607265E-4,1.541185076E-3,9.997064471E-1,1.772300039E2,1.783821862E-1,-7.128926264E-2,1.772298890E2
2.689670211E2,2.416065807E-2,6.675355835E-4,1.536189578E-3,9.997066855E-1,1.772311231E2,1.778312961E-1,-7.221841961E-2,1.772310071E2
2.689720211E2,2.415593201E-2,6.697583012E-4,1.531960908E-3,9.997068048E-1,1.772316648E2,1.773526788E-1,-7.248559614E-2,1.772315488E2
2.689770211E2,2.416046106E-2,6.668171845E-4,1.539596240E-3,9.997066855E-1,1.772311457E2,1.782195541E-1,-7.212672428E-2,1.772310296E2
2.689820211E2,2.416538276E-2,6.641360233E-4,1.540918136E-3,9.997065663E-1,1.772305815E2,1.783639179E-1,-7.181503779E-2,1.772304658E2
2.689870211E2,2.416818046E-2,6.611630088E-4,1.536984113E-3,9.997065067E-1,1.772302608E2,1.779052092E-1,-7.148485177E-2,1.772301460E2
2.689920211E2,2.416554677E-2,6.634106394E-4,1.538656885E-3,9.997065663E-1,1.772305627E2,1.781028756E-1,-7.173817208E-2,1.772304473E2
2.689970211E2,2.416530564E-2,6.631416618E-4,1.542554819E-3,9.997065663E-1,1.772305904E2,1.785486541E-1,-7.169660711E-2,1.772304748E2
2.690020211E2,2.417009544E-2,6.598547916E-4,1.546174637E-3,9.997064471E-1,1.772300413E2,1.789545730E-1,-7.130918831E-2,1.772299261E2
2.690070211E2,2.417553633E-2,6.571473205E-4,1.539326739E-3,9.997063279E-1,1.772294177E2,1.781629762E-1,-7.101702365E-2,1.772293034E2
2.690120211E2,2.417041078E-2,6.605412927E-4,1.540943165E-3,9.997064471E-1,1.772300052E2,1.783571887E-1,-7.140226639E-2,1.772298902E2
2.690170211E2,2.417530672E-2,6.567009259E-4,1.543118735E-3,9.997063279E-1,1.772294440E2,1.785961276E-1,-7.095542116E-2,1.772293295E2
2.690220211E2,2.418032209E-2,6.531763356E-4,1.543262508E-3,9.997062087E-1,1.772288691E2,1.786031866E-1,-7.055035701E-2,1.772287553E2
2.690270211E2,2.417513358E-2,6.565437652E-4,1.545895590E-3,9.997063279E-1,1.772294638E2,1.789137916E-1,-7.092975514E-2,1.772293492E2
2.690320211E2,2.418490426E-2,6.498632138E-4,1.550066750E-3,9.997060895E-1,1.772283439E2,1.793738090E-1,-7.015113606E-2,1.772282302E2
2.690370211E2,2.419971275E-2,6.397704128E-4,1.553790644E-3,9.997057319E-1,1.772266465E2,1.797734591E-1,-6.898194209E-2,1.772265343E2
2.690420211E2,2.419473286E-2,6.432605442E-4,1.553202514E-3,9.997058511E-1,1.772272173E2,1.797154179E-1,-6.938429035E-2,1.772271045E2
2.690470211E2,2.419239718E-2,6.443513557E-4,1.550766290E-3,9.997059107E-1,1.772274850E2,1.794391907E-1,-6.951642540E-2,1.772273722E2
2.690520211E2,2.418974067E-2,6.468053907E-4,1.552759204E-3,9.997059703E-1,1.772277895E2,1.796741139E-1,-6.979250685E-2,1.772276761E2
2.690570211E2,2.419206073E-2,6.454846589E-4,1.555536292E-3,9.997059107E-1,1.772275236E2,1.799887523E-1,-6.963309063E-2,1.772274103E2
2.690620211E2,2.419449796E-2,6.425655447E-4,1.557144220E-3,9.997058511E-1,1.772272442E2,1.801650293E-1,-6.929378612E-2,1.772271313E2
2.690670211E2,2.419452592E-2,6.428037304E-4,1.556611387E-3,9.997058511E-1,1.772272410E2,1.801046513E-1,-6.932254447E-2,1.772271281E2
2.690720211E2,2.419442831E-2,6.427473854E-4,1.558151096E-3,9.997058511E-1,1.772272522E2,1.802808746E-1,-6.931183830E-2,1.772271392E2
2.690770211E2,2.419433692E-2,6.434371462E-4,1.559285098E-3,9.997058511E-1,1.772272627E2,1.804126901E-1,-6.938772821E-2,1.772271495E2
2.690820211E2,2.418955913E-2,6.465424667E-4,1.555694034E-3,9.997059703E-1,1.772278103E2,1.800095813E-1,-6.975428400E-2,1.772276968E2
2.690870211E2,2.418958832E-2,6.458842545E-4,1.555513591E-3,9.997059703E-1,1.772278070E2,1.799870873E-1,-6.967937553E-2,1.772276936E2
2.690920211E2,2.419443370E-2,6.431068177E-4,1.557919080E-3,9.997058511E-1,1.772272516E2,1.802552923E-1,-6.935365642E-2,1.772271385E2
2.690970211E2,2.418717629E-2,6.492061657E-4,1.553329406E-3,9.997060299E-1,1.772280834E2,1.797459112E-1,-7.006641503E-2,1.772279696E2
2.691020211E2,2.417949944E-2,6.542821648E-4,1.555633848E-3,9.997062087E-1,1.772289634E2,1.800234321E-1,-7.064290593E-2,1.772288485E2
2.691070211E2,2.418187990E-2,6.523131160E-4,1.557761570E-3,9.997061491E-1,1.772286905E2,1.802618915E-1,-7.041101087E-2,1.772285758E2
2.691120211E2,2.418914786E-2,6.474709371E-4,1.561691053E-3,9.997059703E-1,1.772278575E2,1.806991344E-1,-6.984409800E-2,1.772277434E2
2.691170211E2,2.418691824E-2,6.484520854E-4,1.557656447E-3,9.997060299E-1,1.772281130E2,1.802395010E-1,-6.996808216E-2,1.772279990E2
2.691220211E2,2.418481222E-2,6.500441232E-4,1.551426365E-3,9.997060895E-1,1.772283544E2,1.795300590E-1,-7.016810902E-2,1.772282406E2
2.691270211E2,2.418465840E-2,6.493893452E-4,1.554096118E-3,9.997060895E-1,1.772283721E2,1.798340755E-1,-7.008572749E-2,1.772282581E2
2.691320211E2,2.417450269E-2,6.570810801E-4,1.555503346E-3,9.997063279E-1,1.772295362E2,1.800158834E-1,-7.096480525E-2,1.772294207E2
2.691370211E2,2.416474337E-2,6.631496362E-4,1.551334746E-3,9.997065663E-1,1.772306548E2,1.795544493E-1,-7.167330774E-2,1.772305386E2
2.691420211E2,2.416459085E-2,6.631998695E-4,1.553687267E-3,9.997065663E-1,1.772306723E2,1.798240783E-1,-7.167257520E-2,1.772305559E2
2.691470211E2,2.416938451E-2,6.607684190E-4,1.556860632E-3,9.997064471E-1,1.772301228E2,1.801812223E-1,-7.138438157E-2,1.772300066E2
2.691520211E2,2.417165807E-2,6.580259069E-4,1.560993376E-3,9.997063875E-1,1.772298622E2,1.806472273E-1,-7.105834757E-2,1.772297462E2
2.691570211E2,2.416700354E-2,6.611465360E-4,1.555386931E-3,9.997065067E-1,1.772303957E2,1.800132748E-1,-7.143220836E-2,1.772302796E2
2.691620211E2,2.416702781E-2,6.624897360E-4,1.554438029E-3,9.997065067E-1,1.772303930E2,1.799082922E-1,-7.158870619E-2,1.772302766E2
2.691670211E2,2.417938708E-2,6.533961277E-4,1.557751209E-3,9.997062087E-1,1.772289763E2,1.802635301E-1,-7.053555665E-2,1.772288614E2
2.691720211E2,2.417696784E-2,6.545761717E-4,1.556552830E-3,9.997062683E-1,1.772292536E2,1.801293449E-1,-7.067449650E-2,1.772291385E2
2.691770211E2,2.416955442E-2,6.597560714E-4,1.554650720E-3,9.997064471E-1,1.772301034E2,1.799252665E-1,-7.127449937E-2,1.772299875E2
2.691820211E2,2.417412026E-2,6.563215284E-4,1.561754732E-3,9.997063279E-1,1.772295800E2,1.807299000E-1,-7.086054339E-2,1.772294643E2
2.691870211E2,2.418154674E-2,6.515684072E-4,1.563235419E-3,9.997061491E-1,1.772287287E2,1.808868787E-1,-7.031058996E-2,1.772286138E2
2.691920211E2,2.417648868E-2,6.559730973E-4,1.563392114E-3,9.997062683E-1,1.772293085E2,1.809166780E-1,-7.081566325E-2,1.772291927E2
2.691970211E2,2.417186951E-2,6.586299278E-4,1.557460520E-3,9.997063875E-1,1.772298380E2,1.802441977E-1,-7.113729082E-2,1.772297221E2
2.692020211E2,2.417430231E-2,6.574876606E-4,1.558442833E-3,9.997063279E-1,1.772295591E2,1.803537382E-1,-7.100327512E-2,1.772294434E2
2.692070211E2,2.417722149E-2,6.547854282E-4,1.552519738E-3,9.997062683E-1,1.772292245E2,1.796679185E-1,-7.070959698E-2,1.772291097E2
2.692120211E2,2.416717554E-2,6.615968305E-4,1.552520436E-3,9.997065067E-1,1.772303760E2,1.796861535E-1,-7.149170089E-2,1.772302600E2
2.692170211E2,2.416959560E-2,6.610578275E-4,1.553457114E-3,9.997064471E-1,1.772300986E2,1.797921378E-1,-7.142692448E-2,1.772299826E2
2.692220211E2,2.417169884E-2,6.580402842E-4,1.560355769E-3,9.997063875E-1,1.772298575E2,1.805742269E-1,-7.106175340E-2,1.772297416E2
2.692270211E2,2.416914944E-2,6.606032839E-4,1.560575678E-3,9.997064471E-1,1.772301498E2,1.806063373E-1,-7.135521683E-2,1.772300333E2
2.692320211E2,2.416684133E-2,6.614114391E-4,1.557792770E-3,9.997065067E-1,1.772304143E2,1.802896057E-1,-7.145592151E-2,1.772302979E2
2.692370211E2,2.417462472E-2,6.571661797E-4,1.553569571E-3,9.997063279E-1,1.772295222E2,1.797945980E-1,-7.097988929E-2,1.772294069E2
2.692420211E2,2.417439166E-2,6.572550046E-4,1.557154465E-3,9.997063279E-1,1.772295489E2,1.802055067E-1,-7.098017558E-2,1.772294333E2
2.692470211E2,2.417175024E-2,6.583034410E-4,1.559448312E-3,9.997063875E-1,1.772298517E2,1.804710028E-1,-7.109440449E-2,1.772297357E2
2.692520211E2,2.417477241E-2,6.574266590E-4,1.551159425E-3,9.997063279E-1,1.772295052E2,1.795192279E-1,-7.101637964E-2,1.772293901E2
2.692570211E2,2.417948245E-2,6.528554368E-4,1.556497067E-3,9.997062087E-1,1.772289654E2,1.801183662E-1,-7.047707410E-2,1.772288506E2
2.692620211E2,2.417413057E-2,6.565527874E-4,1.561498037E-3,9.997063279E-1,1.772295788E2,1.807011348E-1,-7.088774521E-2,1.772294631E2
2.692670211E2,2.417168683E-2,6.584931980E-4,1.560350764E-3,9.997063875E-1,1.772298589E2,1.805749072E-1,-7.111365432E-2,1.772297429E2
2.692720211E2,2.416954604E-2,6.601387868E-4,1.554618473E-3,9.997064471E-1,1.772301043E2,1.799226318E-1,-7.131843328E-2,1.772299884E2
2.692770211E2,2.417963694E-2,6.535301218E-4,1.553811715E-3,9.997062087E-1,1.772289476E2,1.798126174E-1,-7.056177763E-2,1.772288330E2
2.692820211E2,2.418216156E-2,6.521496689E-4,1.553451642E-3,9.997061491E-1,1.772286583E2,1.797677205E-1,-7.040417955E-2,1.772285439E2
2.692870211E2,2.418231120E-2,6.519395392E-4,1.551208901E-3,9.997061491E-1,1.772286411E2,1.795102242E-1,-7.038629572E-2,1.772285269E2
2.692920211E2,2.418273442E-2,6.518611335E-4,1.544630155E-3,9.997061491E-1,1.772285926E2,1.787563871E-1,-7.039546912E-2,1.772284789E2
2.692970211E2,2.417999188E-2,6.527177175E-4,1.548621105E-3,9.997062087E-1,1.772289070E2,1.792157640E-1,-7.048302930E-2,1.772287928E2
2.693020211E2,2.418219596E-2,6.525570061E-4,1.552745001E-3,9.997061491E-1,1.772286543E2,1.796879003E-1,-7.045279531E-2,1.772285399E2
2.693070211E2,2.417737438E-2,6.546704681E-4,1.550185611E-3,9.997062683E-1,1.772292070E2,1.794002173E-1,-7.070286694E-2,1.772290924E2
2.693120211E2,2.418272135E-2,6.515404093E-4,1.544969971E-3,9.997061491E-1,1.772285941E2,1.787944260E-1,-7.035778824E-2,1.772284804E2
2.693170211E2,2.418504557E-2,6.496362621E-4,1.547955791E-3,9.997060895E-1,1.772283277E2,1.791313621E-1,-7.013096216E-2,1.772282141E2
2.693220211E2,2.417260956E-2,6.578832981E-4,1.546249841E-3,9.997063875E-1,1.772297532E2,1.789579059E-1,-7.108267968E-2,1.772296382E2
2.693270211E2,2.417264839E-2,6.588796969E-4,1.545218285E-3,9.997063875E-1,1.772297487E2,1.788424957E-1,-7.119967565E-2,1.772296337E2
2.693320211E2,2.418279641E-2,6.515485002E-4,1.543791266E-3,9.997061491E-1,1.772285855E2,1.786594234E-1,-7.036196818E-2,1.772284719E2
2.693370211E2,2.418490253E-2,6.504955236E-4,1.549828565E-3,9.997060895E-1,1.772283441E2,1.793482753E-1,-7.022423260E-2,1.772282302E2
2.693420211E2,2.417502454E-2,6.570263067E-4,1.547395019E-3,9.997063279E-1,1.772294763E2,1.790868928E-1,-7.098089964E-2,1.772293615E2
2.693470211E2,2.417263578E-2,6.581076304E-4,1.545744482E-3,9.997063875E-1,1.772297502E2,1.789006362E-1,-7.110977394E-2,1.772296352E2
2.693520211E2,2.417032116E-2,6.606485695E-4,1.542302314E-3,9.997064471E-1,1.772300155E2,1.785131812E-1,-7.141080716E-2,1.772299003E2
2.693570211E2,2.417818785E-2,6.548949168E-4,1.537350239E-3,9.997062683E-1,1.772291137E2,1.779304989E-1,-7.076399675E-2,1.772290000E2
2.693620211E2,2.418336252E-2,6.518325536E-4,1.534777111E-3,9.997061491E-1,1.772285206E2,1.776276047E-1,-7.041938874E-2,1.772284076E2
2.693670211E2,2.418860028E-2,6.485743797E-4,1.531262649E-3,9.997060299E-1,1.772279202E2,1.772163310E-1,-7.005495035E-2,1.772278080E2
2.693720211E2,2.418850365E-2,6.482889876E-4,1.532908995E-3,9.997060299E-1,1.772279313E2,1.774041355E-1,-7.001771002E-2,1.772278191E2
2.693770211E2,2.418090072E-2,6.528164377E-4,1.534322626E-3,9.997062087E-1,1.772288028E2,1.775780929E-1,-7.053379728E-2,1.772286896E2
2.693820211E2,2.418071109E-2,6.538307061E-4,1.536877244E-3,9.997062087E-1,1.772288245E2,1.778735428E-1,-7.064294456E-2,1.772287110E2
2.693870211E2,2.418806133E-2,6.478778087E-4,1.540045836E-3,9.997060299E-1,1.772279820E2,1.782205486E-1,-6.995090236E-2,1.772278693E2
2.693920211E2,2.420292238E-2,6.383100408E-4,1.542709186E-3,9.997056723E-1,1.772262785E2,1.785001580E-1,-6.884480297E-2,1.772261674E2
2.693970211E2,2.420515208E-2,6.363188731E-4,1.547167776E-3,9.997056127E-1,1.772260230E2,1.790055560E-1,-6.860393361E-2,1.772259119E2
2.694020211E2,2.420312385E-2,6.384232547E-4,1.539498102E-3,9.997056723E-1,1.772262555E2,1.781326300E-1,-6.886664276E-2,1.772261445E2
2.694070211E2,2.421075074E-2,6.332741468E-4,1.537816017E-3,9.997054935E-1,1.772253812E2,1.779261717E-1,-6.828007994E-2,1.772252714E2
2.694120211E2,2.420818505E-2,6.343313726E-4,1.539023011E-3,9.997055531E-1,1.772256753E2,1.780672006E-1,-6.839830168E-2,1.772255652E2
2.694170211E2,2.420322146E-2,6.382396095E-4,1.538039069E-3,9.997056723E-1,1.772262443E2,1.779649831E-1,-6.884963415E-2,1.772261335E2
2.694220211E2,2.419827089E-2,6.407486508E-4,1.537407399E-3,9.997057915E-1,1.772268117E2,1.778992374E-1,-6.913969752E-2,1.772267005E2
2.694270211E2,2.420046154E-2,6.389818736E-4,1.542411163E-3,9.997057319E-1,1.772265606E2,1.784677109E-1,-6.892303260E-2,1.772264494E2
2.694320211E2,2.420525305E-2,6.369280745E-4,1.545336330E-3,9.997056127E-1,1.772260114E2,1.787974458E-1,-6.867878446E-2,1.772259004E2
2.694370211E2,2.419486009E-2,6.440640427E-4,1.550885849E-3,9.997058511E-1,1.772272027E2,1.794522617E-1,-6.948273786E-2,1.772270900E2
2.694420211E2,2.420213664E-2,6.380964187E-4,1.555074938E-3,9.997056723E-1,1.772263686E2,1.799161095E-1,-6.878617506E-2,1.772262567E2
2.694470211E2,2.420685521E-2,6.342097768E-4,1.559849479E-3,9.997055531E-1,1.772258277E2,1.804526145E-1,-6.832683584E-2,1.772257162E2
2.694520211E2,2.419644797E-2,6.412500516E-4,1.565630431E-3,9.997057915E-1,1.772270207E2,1.811336817E-1,-6.911920380E-2,1.772269075E2
2.694570211E2,2.419401608E-2,6.443029270E-4,1.563898986E-3,9.997058511E-1,1.772272994E2,1.809436272E-1,-6.947417590E-2,1.772271858E2
2.694620211E2,2.420680799E-2,6.344813155E-4,1.560471719E-3,9.997055531E-1,1.772258332E2,1.805246473E-1,-6.835622516E-2,1.772257215E2
2.694670211E2,2.421641702E-2,6.279629306E-4,1.566747436E-3,9.997053146E-1,1.772247317E2,1.812261482E-1,-6.759034216E-2,1.772246209E2
2.694720211E2,2.421634535E-2,6.287972210E-4,1.567520318E-3,9.997053146E-1,1.772247399E2,1.813169986E-1,-6.768378482E-2,1.772246289E2
2.694770211E2,2.421133489E-2,6.309797755E-4,1.568013802E-3,9.997054338E-1,1.772253143E2,1.813792481E-1,-6.793335310E-2,1.772252028E2
2.694820211E2,2.421641001E-2,6.283294060E-4,1.566708786E-3,9.997053146E-1,1.772247325E2,1.812227372E-1,-6.763243332E-2,1.772246216E2
2.694870211E2,2.421636803E-2,6.278539659E-4,1.567548024E-3,9.997053146E-1,1.772247373E2,1.813175564E-1,-6.757564656E-2,1.772246265E2
2.694920211E2,2.420908853E-2,6.329532480E-4,1.563895261E-3,9.997054935E-1,1.772255718E2,1.809127583E-1,-6.817126338E-2,1.772254602E2
2.694970211E2,2.421671203E-2,6.287856377E-4,1.561849844E-3,9.997053146E-1,1.772246979E2,1.806673923E-1,-6.769812775E-2,1.772245872E2
2.695020211E2,2.422156299E-2,6.250761217E-4,1.564417616E-3,9.997051954E-1,1.772241419E2,1.809515828E-1,-6.726516967E-2,1.772240317E2
2.695070211E2,2.421621972E-2,6.289025769E-4,1.569417771E-3,9.997053146E-1,1.772247543E2,1.815346513E-1,-6.769061134E-2,1.772246431E2
2.695120211E2,2.421398024E-2,6.294653867E-4,1.565773971E-3,9.997053742E-1,1.772250110E2,1.811186345E-1,-6.776560322E-2,1.772249000E2
2.695170211E2,2.421701093E-2,6.286166026E-4,1.557276701E-3,9.997053146E-1,1.772246636E2,1.801430526E-1,-6.769140073E-2,1.772245533E2
2.695220211E2,2.422194483E-2,6.240165094E-4,1.558918972E-3,9.997051954E-1,1.772240981E2,1.803187525E-1,-6.715897653E-2,1.772239885E2
2.695270211E2,2.421888171E-2,6.270349259E-4,1.567053958E-3,9.997052550E-1,1.772244492E2,1.812588536E-1,-6.748273445E-2,1.772243385E2
2.695320211E2,2.421932585E-2,6.257919595E-4,1.560673583E-3,9.997052550E-1,1.772243983E2,1.805245097E-1,-6.735797078E-2,1.772242883E2
2.695370211E2,2.422172783E-2,6.239797804E-4,1.562301652E-3,9.997051954E-1,1.772241230E2,1.807061495E-1,-6.714541870E-2,1.772240132E2
2.695420211E2,2.422662437E-2,6.221845979E-4,1.563375350E-3,9.997050762E-1,1.772235617E2,1.808244949E-1,-6.693590057E-2,1.772234521E2
2.695470211E2,2.422149725E-2,6.255376502E-4,1.565250801E-3,9.997051954E-1,1.772241494E2,1.810483076E-1,-6.731574061E-2,1.772240391E2
2.695520211E2,2.421908597E-2,6.267087301E-4,1.564024598E-3,9.997052550E-1,1.772244258E2,1.809109242E-1,-6.745373688E-2,1.772243154E2
2.695570211E2,2.422669059E-2,6.210748688E-4,1.562790363E-3,9.997050762E-1,1.772235541E2,1.807544032E-1,-6.681038457E-2,1.772234448E2
2.695620211E2,2.422374309E-2,6.229619612E-4,1.569585758E-3,9.997051358E-1,1.772238920E2,1.815379129E-1,-6.700823498E-2,1.772237819E2
2.695670211E2,2.423375914E-2,6.170338020E-4,1.569169923E-3,9.997048974E-1,1.772227439E2,1.814744825E-1,-6.632845423E-2,1.772226349E2
2.695720211E2,2.423351309E-2,6.171115092E-4,1.572934794E-3,9.997048974E-1,1.772227721E2,1.819059786E-1,-6.632694555E-2,1.772226628E2
2.695770211E2,2.423122412E-2,6.182459765E-4,1.569867018E-3,9.997049570E-1,1.772230345E2,1.815575384E-1,-6.646584273E-2,1.772229252E2
2.695820211E2,2.424093263E-2,6.117945886E-4,1.574332244E-3,9.997047186E-1,1.772219216E2,1.820517888E-1,-6.571261901E-2,1.772218133E2
2.695870211E2,2.423591525E-2,6.149290712E-4,1.574660419E-3,9.997048378E-1,1.772224967E2,1.820977603E-1,-6.607170057E-2,1.772223878E2
2.695920211E2,2.422633716E-2,6.215299363E-4,1.568079460E-3,9.997050762E-1,1.772235946E2,1.813615521E-1,-6.684789616E-2,1.772234849E2
2.695970211E2,2.422869909E-2,6.201555952E-4,1.570129301E-3,9.997050166E-1,1.772233239E2,1.815927198E-1,-6.668433477E-2,1.772232143E2
2.696020211E2,2.422849267E-2,6.207761471E-4,1.573066693E-3,9.997050166E-1,1.772233475E2,1.819309311E-1,-6.674730567E-2,1.772232376E2
2.696070211E2,2.422333031E-2,6.233245949E-4,1.575800008E-3,9.997051358E-1,1.772239393E2,1.822507848E-1,-6.703260230E-2,1.772238287E2
2.696120211E2,2.422366471E-2,6.227372796E-4,1.570884138E-3,9.997051358E-1,1.772239010E2,1.816860238E-1,-6.697890596E-2,1.772237908E2
2.696170211E2,2.423313132E-2,6.171348505E-4,1.578796422E-3,9.997048974E-1,1.772228158E2,1.825775150E-1,-6.631341105E-2,1.772227062E2
2.696220211E2,2.422553901E-2,6.218287745E-4,1.580244629E-3,9.997050762E-1,1.772236861E2,1.827559473E-1,-6.684850278E-2,1.772235755E2
2.696270211E2,2.421565257E-2,6.277805660E-4,1.578591182E-3,9.997053146E-1,1.772248193E2,1.825823881E-1,-6.753672276E-2,1.772247077E2
2.696320211E2,2.422853467E-2,6.195702590E-4,1.572895097E-3,9.997050166E-1,1.772233427E2,1.819079278E-1,-6.660963058E-2,1.772232330E2
2.696370211E2,2.422818285E-2,6.193614681E-4,1.578387106E-3,9.997050166E-1,1.772233831E2,1.825364789E-1,-6.657052764E-2,1.772232730E2
2.696420211E2,2.421564027E-2,6.287207361E-4,1.578405732E-3,9.997053146E-1,1.772248208E2,1.825637517E-1,-6.764494348E-2,1.772247090E2
2.696470211E2,2.421834257E-2,6.260804366E-4,1.575743780E-3,9.997052550E-1,1.772245110E2,1.822516578E-1,-6.734937085E-2,1.772243999E2
2.696520211E2,2.422571484E-2,6.213921006E-4,1.577718998E-3,9.997050762E-1,1.772236660E2,1.824654152E-1,-6.680545784E-2,1.772235556E2
2.696570211E2,2.421045392E-2,6.323608686E-4,1.581006218E-3,9.997054338E-1,1.772254152E2,1.828714077E-1,-6.805568145E-2,1.772253026E2
2.696620211E2,2.420826014E-2,6.342416746E-4,1.576148439E-3,9.997054935E-1,1.772256667E2,1.823199782E-1,-6.828502017E-2,1.772255541E2
2.696670211E2,2.421868665E-2,6.262788083E-4,1.570367487E-3,9.997052550E-1,1.772244716E2,1.816363335E-1,-6.738695437E-2,1.772243608E2
2.696720211E2,2.421585567E-2,6.283335388E-4,1.575252158E-3,9.997053146E-1,1.772247961E2,1.822014240E-1,-6.760929898E-2,1.772246846E2
2.696770211E2,2.420802939E-2,6.344754365E-4,1.579594682E-3,9.997054935E-1,1.772256932E2,1.827154062E-1,-6.830228111E-2,1.772255802E2
2.696820211E2,2.420801150E-2,6.340559921E-4,1.580037293E-3,9.997054935E-1,1.772256952E2,1.827649460E-1,-6.825300587E-2,1.772255823E2
2.696870211E2,2.420022842E-2,6.385373999E-4,1.584316022E-3,9.997056723E-1,1.772265873E2,1.832670072E-1,-6.875594325E-2,1.772264733E2
2.696920211E2,2.419032707E-2,6.453130045E-4,1.582338009E-3,9.997059107E-1,1.772277223E2,1.830585129E-1,-6.953944067E-2,1.772276071E2
2.696970211E2,2.419546329E-2,6.425949978E-4,1.580228563E-3,9.997057915E-1,1.772271335E2,1.828096790E-1,-6.923297996E-2,1.772270191E2
2.697020211E2,2.419064426E-2,6.461295416E-4,1.577147050E-3,9.997059107E-1,1.772276859E2,1.824661317E-1,-6.964731354E-2,1.772275710E2
2.697070211E2,2.418296230E-2,6.513373228E-4,1.579467440E-3,9.997060895E-1,1.772285665E2,1.827458497E-1,-7.023887776E-2,1.772284504E2
2.697120211E2,2.418776200E-2,6.468599313E-4,1.583260368E-3,9.997059703E-1,1.772280163E2,1.831682865E-1,-6.971456643E-2,1.772279008E2
2.697170211E2,2.418545829E-2,6.492565153E-4,1.579832635E-3,9.997060299E-1,1.772282804E2,1.827820936E-1,-6.999903637E-2,1.772281647E2
2.697220211E2,2.417543829E-2,6.564878859E-4,1.579337753E-3,9.997062683E-1,1.772294289E2,1.827447348E-1,-7.083065031E-2,1.772293119E2
2.697270211E2,2.419049740E-2,6.452588714E-4,1.579753938E-3,9.997059107E-1,1.772277028E2,1.827623481E-1,-6.954037152E-2,1.772275878E2
2.697320211E2,2.419776389E-2,6.410250207E-4,1.583344070E-3,9.997057319E-1,1.772268698E2,1.831623914E-1,-6.904406681E-2,1.772267554E2
2.697370211E2,2.419081546E-2,6.453809328E-4,1.574826078E-3,9.997059107E-1,1.772276663E2,1.821981817E-1,-6.956795741E-2,1.772275517E2
2.697420211E2,2.419855713E-2,6.405801396E-4,1.571355737E-3,9.997057319E-1,1.772267789E2,1.817878504E-1,-6.902620130E-2,1.772266654E2
2.697470211E2,2.419829681E-2,6.401581340E-4,1.575530972E-3,9.997057319E-1,1.772268088E2,1.822649696E-1,-6.896632649E-2,1.772266950E2
2.697520211E2,2.419065144E-2,6.449329667E-4,1.577526680E-3,9.997059107E-1,1.772276851E2,1.825063046E-1,-6.950918273E-2,1.772275704E2
2.697570211E2,2.420314162E-2,6.366745220E-4,1.578163006E-3,9.997056127E-1,1.772262534E2,1.825571620E-1,-6.855906785E-2,1.772261402E2
2.697620211E2,2.420547010E-2,6.355196820E-4,1.580671757E-3,9.997055531E-1,1.772259865E2,1.828415159E-1,-6.841938774E-2,1.772258733E2
2.697670211E2,2.419541961E-2,6.416208344E-4,1.581292949E-3,9.997057915E-1,1.772271386E2,1.829289088E-1,-6.911843862E-2,1.772270242E2
2.697720211E2,2.420595565E-2,6.351092597E-4,1.573384390E-3,9.997055531E-1,1.772259309E2,1.820055831E-1,-6.839249638E-2,1.772258182E2
2.697770211E2,2.420895792E-2,6.333412603E-4,1.565758837E-3,9.997054935E-1,1.772255867E2,1.811273138E-1,-6.821056683E-2,1.772254749E2
2.697820211E2,2.420149040E-2,6.376224337E-4,1.565293293E-3,9.997056723E-1,1.772264427E2,1.810853467E-1,-6.870365304E-2,1.772263302E2
2.697870211E2,2.421381698E-2,6.305773277E-4,1.567850006E-3,9.997053742E-1,1.772250298E2,1.813595358E-1,-6.788725373E-2,1.772249183E2
2.697920211E2,2.421866644E-2,6.273416220E-4,1.570254914E-3,9.997052550E-1,1.772244739E2,1.816263859E-1,-6.750902409E-2,1.772243629E2
2.697970211E2,2.421118220E-2,6.313743652E-4,1.570211025E-3,9.997054338E-1,1.772253318E2,1.816320424E-1,-6.797248793E-2,1.772252201E2
2.698020211E2,2.421862325E-2,6.269113510E-4,1.571092638E-3,9.997052550E-1,1.772244788E2,1.817211569E-1,-6.745741603E-2,1.772243679E2
2.698070211E2,2.421609826E-2,6.283372059E-4,1.571516972E-3,9.997053146E-1,1.772247683E2,1.817735546E-1,-6.762004028E-2,1.772246570E2
2.698120211E2,2.421660869E-2,6.285389536E-4,1.563550555E-3,9.997053146E-1,1.772247098E2,1.808615310E-1,-6.766516713E-2,1.772245990E2
2.698170211E2,2.421644311E-2,6.289854646E-4,1.565933693E-3,9.997053146E-1,1.772247287E2,1.811357669E-1,-6.770973493E-2,1.772246177E2
2.698220211E2,2.422348689E-2,6.236662739E-4,1.573255751E-3,9.997051358E-1,1.772239213E2,1.819602785E-1,-6.707877841E-2,1.772238108E2
2.698270211E2,2.421366247E-2,6.305647548E-4,1.570239430E-3,9.997053742E-1,1.772250475E2,1.816332185E-1,-6.787921128E-2,1.772249359E2
2.698320211E2,2.420664520E-2,6.346826558E-4,1.562913065E-3,9.997055531E-1,1.772258518E2,1.808048708E-1,-6.837254739E-2,1.772257400E2
2.698370211E2,2.421653658E-2,6.283560069E-4,1.564740436E-3,9.997053146E-1,1.772247180E2,1.809973290E-1,-6.764092013E-2,1.772246072E2
2.698420211E2,2.422374471E-2,6.236690097E-4,1.569279935E-3,9.997051358E-1,1.772238918E2,1.815048413E-1,-6.709008155E-2,1.772237816E2
2.698470211E2,2.421636340E-2,6.274962216E-4,1.567762811E-3,9.997053146E-1,1.772247379E2,1.813411687E-1,-6.753406894E-2,1.772246270E2
2.698520211E2,2.421142330E-2,6.325160502E-4,1.566028455E-3,9.997054338E-1,1.772253041E2,1.811560792E-1,-6.811483781E-2,1.772251925E2
2.698570211E2,2.420892461E-2,6.335644284E-4,1.566183520E-3,9.997054935E-1,1.772255905E2,1.811765817E-1,-6.823496035E-2,1.772254787E2
2.698620211E2,2.421395709E-2,6.294045015E-4,1.566156396E-3,9.997053742E-1,1.772250137E2,1.811622738E-1,-6.775757137E-2,1.772249026E2
2.698670211E2,2.420881860E-2,6.334906793E-4,1.567851054E-3,9.997054935E-1,1.772256027E2,1.813673994E-1,-6.822190488E-2,1.772254907E2
2.698720211E2,2.421664534E-2,6.285969284E-4,1.562959515E-3,9.997053146E-1,1.772247056E2,1.807939859E-1,-6.767344219E-2,1.772245948E2
2.698770211E2,2.422155379E-2,6.244657561E-4,1.564803766E-3,9.997051954E-1,1.772241429E2,1.809941244E-1,-6.719417736E-2,1.772240328E2
2.698820211E2,2.422158518E-2,6.255562766E-4,1.563881990E-3,9.997051954E-1,1.772241393E2,1.808915567E-1,-6.732165790E-2,1.772240291E2
2.698870211E2,2.421641567E-2,6.282743998E-4,1.566643361E-3,9.997053146E-1,1.772247319E2,1.812150899E-1,-6.762631246E-2,1.772246210E2
2.698920211E2,2.421657872E-2,6.287545548E-4,1.563927974E-3,9.997053146E-1,1.772247132E2,1.809053637E-1,-6.768882397E-2,1.772246024E2
2.698970211E2,2.421895785E-2,6.269650767E-4,1.565904822E-3,9.997052550E-1,1.772244405E2,1.811270220E-1,-6.747790819E-2,1.772243299E2
2.699020211E2,2.421430454E-2,6.301815156E-4,1.560461707E-3,9.997053742E-1,1.772249739E2,1.805120806E-1,-6.786232347E-2,1.772248630E2
2.699070211E2,2.420953839E-2,6.339699612E-4,1.556502073E-3,9.997054935E-1,1.772255202E2,1.800686598E-1,-6.830816555E-2,1.772254089E2
2.699120211E2,2.420695139E-2,6.348287570E-4,1.558104064E-3,9.997055531E-1,1.772258167E2,1.802543868E-1,-6.840256936E-2,1.772257052E2
2.699170211E2,2.421909874E-2,6.266302080E-4,1.563858357E-3,9.997052550E-1,1.772244243E2,1.808916628E-1,-6.744520063E-2,1.772243139E2
2.699220211E2,2.421193733E-2,6.321578403E-4,1.558206277E-3,9.997054338E-1,1.772252452E2,1.802590259E-1,-6.809541231E-2,1.772251342E2
2.699270211E2,2.419448781E-2,6.432387745E-4,1.557024079E-3,9.997058511E-1,1.772272454E2,1.801531323E-1,-6.937124484E-2,1.772271324E2
2.699320211E2,2.420959792E-2,6.337360246E-4,1.555671217E-3,9.997054935E-1,1.772255134E2,1.799728335E-1,-6.828366062E-2,1.772254022E2
2.699370211E2,2.420666561E-2,6.347605959E-4,1.562565332E-3,9.997055531E-1,1.772258495E2,1.807652528E-1,-6.838243696E-2,1.772257377E2
2.699420211E2,2.420146979E-2,6.389007322E-4,1.565090613E-3,9.997056723E-1,1.772264450E2,1.810656722E-1,-6.885065802E-2,1.772263323E2
2.699470211E2,2.420391881E-2,6.371103809E-4,1.566021005E-3,9.997056127E-1,1.772261643E2,1.811674586E-1,-6.864253505E-2,1.772260518E2
2.699520211E2,2.420888242E-2,6.339119282E-4,1.566695049E-3,9.997054935E-1,1.772255954E2,1.812361427E-1,-6.827335771E-2,1.772254834E2
2.699570211E2,2.419830584E-2,6.407002220E-4,1.575171831E-3,9.997057319E-1,1.772268077E2,1.822253310E-1,-6.902942120E-2,1.772266939E2
2.699620211E2,2.420120591E-2,6.378865219E-4,1.569578308E-3,9.997056723E-1,1.772264753E2,1.815769432E-1,-6.872207401E-2,1.772263624E2
2.699670211E2,2.419629244E-2,6.421543658E-4,1.567662111E-3,9.997057915E-1,1.772270385E2,1.813689243E-1,-6.921719484E-2,1.772269250E2
2.699720211E2,2.419865574E-2,6.407471374E-4,1.569768181E-3,9.997057319E-1,1.772267676E2,1.816064528E-1,-6.904971670E-2,1.772266542E2
2.699770211E2,2.419597470E-2,6.424162420E-4,1.572451671E-3,9.997057915E-1,1.772270749E2,1.819183118E-1,-6.923397212E-2,1.772269610E2
2.699820211E2,2.419407488E-2,6.433820236E-4,1.563368365E-3,9.997058511E-1,1.772272927E2,1.808802909E-1,-6.937013968E-2,1.772271792E2
2.699870211E2,2.419676694E-2,6.425667088E-4,1.560151344E-3,9.997057915E-1,1.772269841E2,1.805096806E-1,-6.928517223E-2,1.772268710E2
2.699920211E2,2.420653664E-2,6.357705570E-4,1.564151840E-3,9.997055531E-1,1.772258643E2,1.809497933E-1,-6.849375831E-2,1.772257521E2
2.699970211E2,2.420385136E-2,6.361402338E-4,1.567457221E-3,9.997056127E-1,1.772261721E2,1.813292932E-1,-6.852742570E-2,1.772260597E2
2.700020211E2,2.419403311E-2,6.435023970E-4,1.563965110E-3,9.997058511E-1,1.772272975E2,1.809489838E-1,-6.938228246E-2,1.772271840E2
2.700070211E2,2.419637749E-2,6.414390518E-4,1.566641848E-3,9.997057915E-1,1.772270288E2,1.812500670E-1,-6.913806357E-2,1.772269154E2
2.700120211E2,2.419409081E-2,6.442410522E-4,1.562768011E-3,9.997058511E-1,1.772272909E2,1.808138984E-1,-6.947020983E-2,1.772271773E2
2.700170211E2,2.418899095E-2,6.465509650E-4,1.564500155E-3,9.997059703E-1,1.772278754E2,1.810183788E-1,-6.973094954E-2,1.772277613E2
2.700220211E2,2.419902458E-2,6.405974273E-4,1.564133330E-3,9.997057319E-1,1.772267253E2,1.809605447E-1,-6.904812534E-2,1.772266123E2
2.700270211E2,2.419900454E-2,6.393444492E-4,1.564955804E-3,9.997057319E-1,1.772267276E2,1.810512896E-1,-6.890230964E-2,1.772266148E2
2.700320211E2,2.418875142E-2,6.466865889E-4,1.568143256E-3,9.997059703E-1,1.772279029E2,1.814360853E-1,-6.973643122E-2,1.772277885E2
2.700370211E2,2.419408780E-2,6.427970366E-4,1.563408994E-3,9.997058511E-1,1.772272912E2,1.808833241E-1,-6.930300983E-2,1.772271779E2
2.700420211E2,2.419692618E-2,6.409090129E-4,1.558362506E-3,9.997057915E-1,1.772269659E2,1.803001686E-1,-6.910020157E-2,1.772268532E2
2.700470211E2,2.420186459E-2,6.386541645E-4,1.559074852E-3,9.997056723E-1,1.772263998E2,1.803758607E-1,-6.883902464E-2,1.772262875E2
2.700520211E2,2.420663889E-2,6.354709039E-4,1.562690595E-3,9.997055531E-1,1.772258525E2,1.807815714E-1,-6.846346568E-2,1.772257406E2
2.700570211E2,2.420197953E-2,6.380594568E-4,1.557533280E-3,9.997056723E-1,1.772263866E2,1.801976195E-1,-6.877515095E-2,1.772262745E2
2.700620211E2,2.419711273E-2,6.409184425E-4,1.555459341E-3,9.997057915E-1,1.772269445E2,1.799676262E-1,-6.910929836E-2,1.772268320E2
2.700670211E2,2.419699211E-2,6.417855038E-4,1.556977397E-3,9.997057915E-1,1.772269583E2,1.801439281E-1,-6.920443938E-2,1.772268456E2
2.700720211E2,2.419462811E-2,6.433397648E-4,1.554800547E-3,9.997058511E-1,1.772272293E2,1.798986981E-1,-6.938895379E-2,1.772271164E2
2.700770211E2,2.417988009E-2,6.526037469E-4,1.550413552E-3,9.997062087E-1,1.772289198E2,1.794207798E-1,-7.046502637E-2,1.772288055E2
2.700820211E2,2.419010872E-2,6.462184829E-4,1.547259977E-3,9.997059703E-1,1.772277473E2,1.790425309E-1,-6.974045017E-2,1.772276345E2
2.700870211E2,2.420263011E-2,6.381220301E-4,1.547365217E-3,9.997056723E-1,1.772263120E2,1.790330028E-1,-6.881040339E-2,1.772262007E2
2.700920211E2,2.419756214E-2,6.419165293E-4,1.548038796E-3,9.997057915E-1,1.772268930E2,1.791203408E-1,-6.924413298E-2,1.772267808E2
2.700970211E2,2.419513459E-2,6.423118757E-4,1.547326101E-3,9.997058511E-1,1.772271712E2,1.790396239E-1,-6.929183405E-2,1.772270591E2
2.701020211E2,2.420511036E-2,6.362426793E-4,1.547851716E-3,9.997056127E-1,1.772260277E2,1.790836927E-1,-6.859331536E-2,1.772259167E2
2.701070211E2,2.420214164E-2,6.383222644E-4,1.554904389E-3,9.997056723E-1,1.772263680E2,1.798971986E-1,-6.881251957E-2,1.772262561E2
2.701120211E2,2.419473882E-2,6.438541459E-4,1.552863745E-3,9.997058511E-1,1.772272166E2,1.796782555E-1,-6.945323032E-2,1.772271038E2
2.701170211E2,2.419495438E-2,6.428678753E-4,1.549910870E-3,9.997058511E-1,1.772271919E2,1.793372597E-1,-6.934839380E-2,1.772270794E2
2.701220211E2,2.419712416E-2,6.418735138E-4,1.554887625E-3,9.997057915E-1,1.772269432E2,1.799047808E-1,-6.922029256E-2,1.772268306E2
2.701270211E2,2.419210351E-2,6.442580489E-4,1.555379480E-3,9.997059107E-1,1.772275187E2,1.799673904E-1,-6.949299979E-2,1.772274056E2
2.701320211E2,2.418740193E-2,6.488172803E-4,1.549974782E-3,9.997060299E-1,1.772280576E2,1.793605492E-1,-7.003112288E-2,1.772279441E2
2.701370211E2,2.419232256E-2,6.444769097E-4,1.551877824E-3,9.997059107E-1,1.772274936E2,1.795668689E-1,-6.952774042E-2,1.772273807E2
2.701420211E2,2.419179948E-2,6.444486789E-4,1.560022472E-3,9.997059107E-1,1.772275535E2,1.804997908E-1,-6.950202097E-2,1.772274401E2
2.701470211E2,2.418664950E-2,6.478413707E-4,1.562077203E-3,9.997060299E-1,1.772281438E2,1.807442233E-1,-6.988591538E-2,1.772280296E2
2.701520211E2,2.418920394E-2,6.470396183E-4,1.561001060E-3,9.997059703E-1,1.772278510E2,1.806188982E-1,-6.979658955E-2,1.772277371E2
2.701570211E2,2.418927416E-2,6.470098160E-4,1.559924916E-3,9.997059703E-1,1.772278430E2,1.804955394E-1,-6.979614584E-2,1.772277291E2
2.701620211E2,2.419402748E-2,6.437940756E-4,1.563932165E-3,9.997058511E-1,1.772272981E2,1.809460180E-1,-6.941578891E-2,1.772271845E2
2.701670211E2,2.418396886E-2,6.505533820E-4,1.564306207E-3,9.997060895E-1,1.772284511E2,1.810069034E-1,-7.019090495E-2,1.772283362E2
2.701720211E2,2.418395391E-2,6.510575186E-4,1.564327511E-3,9.997060895E-1,1.772284528E2,1.810107402E-1,-7.024860144E-2,1.772283379E2
2.701770211E2,2.419897203E-2,6.401045830E-4,1.565147773E-3,9.997057319E-1,1.772267314E2,1.810753870E-1,-6.898886250E-2,1.772266184E2
2.701820211E2,2.418904134E-2,6.467436906E-4,1.563641126E-3,9.997059703E-1,1.772278697E2,1.809205078E-1,-6.975539986E-2,1.772277556E2
2.701870211E2,2.418688444E-2,6.490050582E-4,1.557950978E-3,9.997060299E-1,1.772281169E2,1.802747724E-1,-7.003061930E-2,1.772280028E2
2.701920211E2,2.418685162E-2,6.487842184E-4,1.558552263E-3,9.997060299E-1,1.772281207E2,1.803430401E-1,-7.000365967E-2,1.772280065E2
2.701970211E2,2.418916286E-2,6.468701176E-4,1.561707701E-3,9.997059703E-1,1.772278557E2,1.806993770E-1,-6.977522052E-2,1.772277417E2
2.702020211E2,2.417915968E-2,6.533632404E-4,1.561290701E-3,9.997062087E-1,1.772290023E2,1.806689009E-1,-7.052202277E-2,1.772288872E2
2.702070211E2,2.418451109E-2,6.498752045E-4,1.556184026E-3,9.997060895E-1,1.772283889E2,1.800745990E-1,-7.013562647E-2,1.772282748E2
2.702120211E2,2.418700236E-2,6.490105297E-4,1.556116971E-3,9.997060299E-1,1.772281034E2,1.800646952E-1,-7.003630824E-2,1.772279894E2
2.702170211E2,2.418934246E-2,6.463983445E-4,1.559119090E-3,9.997059703E-1,1.772278351E2,1.804015349E-1,-6.972831838E-2,1.772277214E2
2.702220211E2,2.418421699E-2,6.497879513E-4,1.560784294E-3,9.997060895E-1,1.772284227E2,1.806013352E-1,-7.011293459E-2,1.772283082E2
2.702270211E2,2.417726886E-2,6.559010944E-4,1.551310648E-3,9.997062683E-1,1.772292191E2,1.795325020E-1,-7.084074683E-2,1.772291042E2
2.702320211E2,2.417736123E-2,6.548134261E-4,1.550330198E-3,9.997062683E-1,1.772292085E2,1.794171762E-1,-7.071884567E-2,1.772290938E2
2.702370211E2,2.418714265E-2,6.484229234E-4,1.554180169E-3,9.997060299E-1,1.772280873E2,1.798411996E-1,-6.997433637E-2,1.772279736E2
2.702420211E2,2.418199373E-2,6.514180568E-4,1.556368428E-3,9.997061491E-1,1.772286775E2,1.800998230E-1,-7.031231485E-2,1.772285630E2
2.702470211E2,2.417948538E-2,6.532814587E-4,1.556272735E-3,9.997062087E-1,1.772289650E2,1.800938478E-1,-7.052649935E-2,1.772288502E2
2.702520211E2,2.417936897E-2,6.535325665E-4,1.557975076E-3,9.997062087E-1,1.772289784E2,1.802895527E-1,-7.055056976E-2,1.772288634E2
2.702570211E2,2.417644026E-2,6.557885208E-4,1.564218197E-3,9.997062683E-1,1.772293141E2,1.810107978E-1,-7.079223861E-2,1.772291983E2
2.702620211E2,2.417203759E-2,6.587518146E-4,1.554797986E-3,9.997063875E-1,1.772298187E2,1.799395319E-1,-7.115859892E-2,1.772297030E2
2.702670211E2,2.416976468E-2,6.600412307E-4,1.551257097E-3,9.997064471E-1,1.772300793E2,1.795373037E-1,-7.131652835E-2,1.772299636E2
2.702720211E2,2.416739610E-2,6.622535293E-4,1.548802597E-3,9.997065067E-1,1.772303508E2,1.792620788E-1,-7.157718789E-2,1.772302348E2
2.702770211E2,2.416481296E-2,6.643920206E-4,1.549718319E-3,9.997065663E-1,1.772306468E2,1.793727199E-1,-7.182009648E-2,1.772305305E2
2.702820211E2,2.415245259E-2,6.714088959E-4,1.547126914E-3,9.997068644E-1,1.772320637E2,1.790943877E-1,-7.263332596E-2,1.772319462E2
2.702870211E2,2.415765567E-2,6.688227295E-4,1.544038416E-3,9.997067451E-1,1.772314672E2,1.787337924E-1,-7.234467796E-2,1.772313505E2
2.702920211E2,2.417226339E-2,6.588019896E-4,1.551262219E-3,9.997063875E-1,1.772297928E2,1.795346357E-1,-7.117410050E-2,1.772296774E2
2.702970211E2,2.416424213E-2,6.634417223E-4,1.558998483E-3,9.997065663E-1,1.772307123E2,1.804331670E-1,-7.168563660E-2,1.772305954E2
2.703020211E2,2.416705280E-2,6.621789071E-4,1.554181916E-3,9.997065067E-1,1.772303901E2,1.798780932E-1,-7.155380307E-2,1.772302738E2
2.703070211E2,2.416966985E-2,6.594049628E-4,1.553004258E-3,9.997064471E-1,1.772300901E2,1.797356863E-1,-7.123881661E-2,1.772299744E2
2.703120211E2,2.417210138E-2,6.582964561E-4,1.553998911E-3,9.997063875E-1,1.772298114E2,1.798467344E-1,-7.110863597E-2,1.772296959E2
2.703170211E2,2.416714585E-2,6.619372871E-4,1.552837319E-3,9.997065067E-1,1.772303794E2,1.797233959E-1,-7.152983065E-2,1.772302633E2
2.703220211E2,2.416731736E-2,6.623991067E-4,1.549968496E-3,9.997065067E-1,1.772303598E2,1.793960398E-1,-7.159065011E-2,1.772302438E2
2.703270211E2,2.416718554E-2,6.626759423E-4,1.551904366E-3,9.997065067E-1,1.772303749E2,1.796185672E-1,-7.161702614E-2,1.772302587E2
2.703320211E2,2.415950640E-2,6.668182323E-4,1.554504619E-3,9.997066855E-1,1.772312551E2,1.799273669E-1,-7.208573922E-2,1.772311380E2
2.703370211E2,2.415489757E-2,6.698844372E-4,1.548131229E-3,9.997068048E-1,1.772317834E2,1.792053978E-1,-7.245546900E-2,1.772316661E2
2.703420211E2,2.415967995E-2,6.670042640E-4,1.551725087E-3,9.997066855E-1,1.772312352E2,1.796094759E-1,-7.211471485E-2,1.772311182E2
2.703470211E2,2.417209385E-2,6.586113595E-4,1.553982613E-3,9.997063875E-1,1.772298123E2,1.798457391E-1,-7.114475716E-2,1.772296967E2
2.703520211E2,2.416433160E-2,6.631495780E-4,1.557735493E-3,9.997065663E-1,1.772307020E2,1.802876784E-1,-7.165565040E-2,1.772305853E2
2.703570211E2,2.415199186E-2,6.715446361E-4,1.554243965E-3,9.997068644E-1,1.772321165E2,1.799100475E-1,-7.262926051E-2,1.772319985E2
2.703620211E2,2.415696465E-2,6.690695882E-4,1.554706134E-3,9.997067451E-1,1.772315465E2,1.799565018E-1,-7.234354964E-2,1.772314289E2
2.703670211E2,2.415916573E-2,6.678450736E-4,1.559350756E-3,9.997066855E-1,1.772312942E2,1.804853507E-1,-7.219001660E-2,1.772311765E2
2.703720211E2,2.415142222E-2,6.717376527E-4,1.562987803E-3,9.997068644E-1,1.772321818E2,1.809122199E-1,-7.262727455E-2,1.772320631E2
2.703770211E2,2.414686319E-2,6.757196970E-4,1.555445138E-3,9.997069836E-1,1.772327043E2,1.800588333E-1,-7.310514637E-2,1.772325855E2
2.703820211E2,2.414202504E-2,6.784199504E-4,1.552750240E-3,9.997071028E-1,1.772332589E2,1.797572275E-1,-7.342280920E-2,1.772331398E2
2.703870211E2,2.413688218E-2,6.822479772E-4,1.554274000E-3,9.997072220E-1,1.772338484E2,1.799419985E-1,-7.385805049E-2,1.772337284E2
2.703920211E2,2.413463644E-2,6.832736544E-4,1.550354064E-3,9.997072816E-1,1.772341058E2,1.794956079E-1,-7.398679586E-2,1.772339860E2
2.703970211E2,2.413472287E-2,6.846567849E-4,1.548397238E-3,9.997072816E-1,1.772340959E2,1.792752693E-1,-7.415064119E-2,1.772339759E2
2.704020211E2,2.413973698E-2,6.804332952E-4,1.549062552E-3,9.997071624E-1,1.772335212E2,1.793401739E-1,-7.366406683E-2,1.772334019E2
2.704070211E2,2.414693491E-2,6.754585775E-4,1.554444898E-3,9.997069836E-1,1.772326961E2,1.799435300E-1,-7.307798794E-2,1.772325774E2
2.704120211E2,2.414434710E-2,6.774613285E-4,1.555436756E-3,9.997070432E-1,1.772329927E2,1.800625083E-1,-7.330514061E-2,1.772328736E2
2.704170211E2,2.414171401E-2,6.793719367E-4,1.557163545E-3,9.997071028E-1,1.772332946E2,1.802654196E-1,-7.351971313E-2,1.772331749E2
2.704220211E2,2.415168283E-2,6.728359731E-4,1.558481832E-3,9.997068644E-1,1.772321519E2,1.803990823E-1,-7.276551997E-2,1.772320333E2
2.704270211E2,2.414409575E-2,6.773733767E-4,1.559371711E-3,9.997070432E-1,1.772330216E2,1.805130284E-1,-7.328422294E-2,1.772329021E2
2.704320211E2,2.413667205E-2,6.828542100E-4,1.557268086E-3,9.997072220E-1,1.772338725E2,1.802866575E-1,-7.391925557E-2,1.772337522E2
2.704370211E2,2.413937991E-2,6.802224088E-4,1.554709161E-3,9.997071624E-1,1.772335621E2,1.799864305E-1,-7.362435198E-2,1.772334425E2
2.704420211E2,2.414896618E-2,6.740111858E-4,1.561833662E-3,9.997069240E-1,1.772324633E2,1.807861172E-1,-7.289136440E-2,1.772323443E2
2.704470211E2,2.414910525E-2,6.743950071E-4,1.559516066E-3,9.997069240E-1,1.772324473E2,1.805216897E-1,-7.294172279E-2,1.772323284E2
2.704520211E2,2.414947083E-2,6.743862759E-4,1.553848502E-3,9.997069240E-1,1.772324054E2,1.798724255E-1,-7.295634124E-2,1.772322869E2
2.704570211E2,2.414657296E-2,6.762647536E-4,1.559708035E-3,9.997069836E-1,1.772327376E2,1.805486708E-1,-7.315584332E-2,1.772326183E2
2.704620211E2,2.415632271E-2,6.696689525E-4,1.564392122E-3,9.997067451E-1,1.772316200E2,1.810677251E-1,-7.238551410E-2,1.772315017E2
2.704670211E2,2.414894418E-2,6.733812043E-4,1.562445424E-3,9.997069240E-1,1.772324658E2,1.808544546E-1,-7.281750596E-2,1.772323469E2
2.704720211E2,2.414910992E-2,6.737388321E-4,1.559727360E-3,9.997069240E-1,1.772324468E2,1.805440794E-1,-7.286596711E-2,1.772323280E2
2.704770211E2,2.415420985E-2,6.702255341E-4,1.558677643E-3,9.997068048E-1,1.772318622E2,1.804144717E-1,-7.246547529E-2,1.772317441E2
2.704820211E2,2.415912686E-2,6.665754481E-4,1.560495817E-3,9.997066855E-1,1.772312986E2,1.806130088E-1,-7.204140771E-2,1.772311811E2
2.704870211E2,2.415411260E-2,6.702709943E-4,1.560164499E-3,9.997068048E-1,1.772318734E2,1.805849223E-1,-7.246658508E-2,1.772317552E2
2.704920211E2,2.415693578E-2,6.681067753E-4,1.555568539E-3,9.997067451E-1,1.772315498E2,1.800526297E-1,-7.223086952E-2,1.772314323E2
2.704970211E2,2.415905612E-2,6.676509511E-4,1.561131096E-3,9.997066855E-1,1.772313067E2,1.806887580E-1,-7.216286915E-2,1.772311889E2
2.705020211E2,2.415375680E-2,6.710023736E-4,1.565349870E-3,9.997068048E-1,1.772319142E2,1.811809486E-1,-7.253608191E-2,1.772317955E2
2.705070211E2,2.415414148E-2,6.698801881E-4,1.559885219E-3,9.997068048E-1,1.772318701E2,1.805518487E-1,-7.242258292E-2,1.772317520E2
2.705120211E2,2.415685890E-2,6.689333241E-4,1.556406845E-3,9.997067451E-1,1.772315586E2,1.801509475E-1,-7.232325046E-2,1.772314409E2
2.705170211E2,2.415896459E-2,6.665055989E-4,1.563035767E-3,9.997066855E-1,1.772313172E2,1.809037761E-1,-7.202640330E-2,1.772311995E2
2.705220211E2,2.417149982E-2,6.582669448E-4,1.563340425E-3,9.997063875E-1,1.772298804E2,1.809167577E-1,-7.107948773E-2,1.772297642E2
2.705270211E2,2.417175645E-2,6.587740500E-4,1.559153199E-3,9.997063875E-1,1.772298509E2,1.804384993E-1,-7.114913282E-2,1.772297349E2
2.705320211E2,2.416429282E-2,6.640719948E-4,1.557944226E-3,9.997065663E-1,1.772307065E2,1.803141422E-1,-7.176074959E-2,1.772305896E2
2.705370211E2,2.417451598E-2,6.563459756E-4,1.555607072E-3,9.997063279E-1,1.772295346E2,1.800257304E-1,-7.088030343E-2,1.772294193E2
2.705420211E2,2.417701139E-2,6.545662764E-4,1.555880415E-3,9.997062683E-1,1.772292486E2,1.800522898E-1,-7.067521806E-2,1.772291336E2
2.705470211E2,2.416971319E-2,6.606694078E-4,1.551791793E-3,9.997064471E-1,1.772300852E2,1.796002939E-1,-7.138701930E-2,1.772299693E2
2.705520211E2,2.418752327E-2,6.489255466E-4,1.548034605E-3,9.997060299E-1,1.772280437E2,1.791385945E-1,-7.004888165E-2,1.772279303E2
2.705570211E2,2.418261450E-2,6.519380258E-4,1.546474057E-3,9.997061491E-1,1.772286063E2,1.789678260E-1,-7.039918929E-2,1.772284925E2
2.705620211E2,2.415508490E-2,6.702963728E-4,1.545026898E-3,9.997068048E-1,1.772317619E2,1.788509248E-1,-7.251121901E-2,1.772316448E2
2.705670211E2,2.416270962E-2,6.651903386E-4,1.543710008E-3,9.997066259E-1,1.772308879E2,1.786864776E-1,-7.192856437E-2,1.772307719E2
2.705720211E2,2.417747167E-2,6.557935849E-4,1.548192115E-3,9.997062683E-1,1.772291958E2,1.791749647E-1,-7.083703471E-2,1.772290812E2
2.705770211E2,2.415976672E-2,6.664793473E-4,1.550599118E-3,9.997066855E-1,1.772312253E2,1.794790397E-1,-7.205768325E-2,1.772311085E2
2.705820211E2,2.416260092E-2,6.644664099E-4,1.545721898E-3,9.997066259E-1,1.772309004E2,1.789149437E-1,-7.184008117E-2,1.772307843E2
2.705870211E2,2.416774999E-2,6.624191883E-4,1.543199527E-3,9.997065067E-1,1.772303102E2,1.786206849E-1,-7.161161991E-2,1.772301947E2
2.705920211E2,2.415744379E-2,6.684997934E-4,1.547489432E-3,9.997067451E-1,1.772314915E2,1.791282256E-1,-7.229816727E-2,1.772313746E2
2.705970211E2,2.415734887E-2,6.678386126E-4,1.549255685E-3,9.997067451E-1,1.772315024E2,1.793287272E-1,-7.221755113E-2,1.772313855E2
2.706020211E2,2.416005600E-2,6.663579261E-4,1.546137733E-3,9.997066855E-1,1.772311921E2,1.789676357E-1,-7.205607360E-2,1.772310756E2
2.706070211E2,2.415980994E-2,6.666622357E-4,1.549846958E-3,9.997066855E-1,1.772312203E2,1.793933831E-1,-7.208070928E-2,1.772311035E2
2.706120211E2,2.415725740E-2,6.684328546E-4,1.550425310E-3,9.997067451E-1,1.772315129E2,1.794643561E-1,-7.228240479E-2,1.772313957E2
2.706170211E2,2.416012400E-2,6.667381967E-4,1.544910716E-3,9.997066855E-1,1.772311843E2,1.788281284E-1,-7.210302167E-2,1.772310679E2
2.706220211E2,2.415272365E-2,6.718822988E-4,1.542683342E-3,9.997068644E-1,1.772320326E2,1.785866695E-1,-7.269980850E-2,1.772319154E2
2.706270211E2,2.414513034E-2,6.762511912E-4,1.543761580E-3,9.997070432E-1,1.772329030E2,1.787217281E-1,-7.319867323E-2,1.772327849E2
2.706320211E2,2.415475024E-2,6.697445642E-4,1.550488640E-3,9.997068048E-1,1.772318003E2,1.794750609E-1,-7.243294640E-2,1.772316829E2
2.706370211E2,2.414214643E-2,6.783645367E-4,1.550885965E-3,9.997071028E-1,1.772332450E2,1.795435148E-1,-7.342159701E-2,1.772331260E2
2.706420211E2,2.414486396E-2,6.775753573E-4,1.547343098E-3,9.997070432E-1,1.772329335E2,1.791356655E-1,-7.334050494E-2,1.772328149E2
2.706470211E2,2.415999010E-2,6.668936112E-4,1.546936226E-3,9.997066855E-1,1.772311997E2,1.790605881E-1,-7.211524166E-2,1.772310830E2
2.706520211E2,2.415975828E-2,6.666054833E-4,1.550676534E-3,9.997066855E-1,1.772312262E2,1.794882570E-1,-7.207192032E-2,1.772311094E2
2.706570211E2,2.415493437E-2,6.707501016E-4,1.547181862E-3,9.997068048E-1,1.772317792E2,1.790990390E-1,-7.255725909E-2,1.772316618E2
2.706620211E2,2.415550159E-2,6.695995689E-4,1.538801938E-3,9.997068048E-1,1.772317142E2,1.781359050E-1,-7.244855154E-2,1.772315976E2
2.706670211E2,2.416524487E-2,6.641299115E-4,1.543081715E-3,9.997065663E-1,1.772305973E2,1.786117469E-1,-7.180837074E-2,1.772304815E2
2.706720211E2,2.415295835E-2,6.716952776E-4,1.539086108E-3,9.997068644E-1,1.772320057E2,1.781740758E-1,-7.268829838E-2,1.772318888E2
2.706770211E2,2.415333958E-2,6.718701334E-4,1.533015049E-3,9.997068644E-1,1.772319620E2,1.774790972E-1,-7.272506559E-2,1.772318455E2
2.706820211E2,2.415826333E-2,6.685780827E-4,1.534608193E-3,9.997067451E-1,1.772313976E2,1.776528486E-1,-7.234265020E-2,1.772312816E2
2.706870211E2,2.415535489E-2,6.708361325E-4,1.540565048E-3,9.997068048E-1,1.772317310E2,1.783412966E-1,-7.258535543E-2,1.772316141E2
2.706920211E2,2.415557813E-2,6.704992265E-4,1.537207863E-3,9.997068048E-1,1.772317054E2,1.779557866E-1,-7.255601351E-2,1.772315888E2
2.706970211E2,2.415830054E-2,6.683226675E-4,1.534133567E-3,9.997067451E-1,1.772313933E2,1.775977718E-1,-7.231469772E-2,1.772312774E2
2.707020211E2,2.415823460E-2,6.676056655E-4,1.535483636E-3,9.997067451E-1,1.772314009E2,1.777504435E-1,-7.222883353E-2,1.772312850E2
2.707070211E2,2.416799528E-2,6.622573128E-4,1.539422898E-3,9.997065067E-1,1.772302821E2,1.781876099E-1,-7.160349159E-2,1.772301668E2
2.707120211E2,2.417074715E-2,6.602760404E-4,1.535771997E-3,9.997064471E-1,1.772299666E2,1.777640778E-1,-7.138614314E-2,1.772298520E2
2.707170211E2,2.416329139E-2,6.645705434E-4,1.534845331E-3,9.997066259E-1,1.772308213E2,1.776692807E-1,-7.188200445E-2,1.772307059E2
2.707220211E2,2.417601367E-2,6.569830584E-4,1.531881979E-3,9.997063279E-1,1.772293630E2,1.773096962E-1,-7.101874665E-2,1.772292492E2
2.707270211E2,2.417868966E-2,6.543560303E-4,1.529668225E-3,9.997062683E-1,1.772290562E2,1.770490030E-1,-7.072345896E-2,1.772289431E2
2.707320211E2,2.416866364E-2,6.607591640E-4,1.529541914E-3,9.997065067E-1,1.772302055E2,1.770515596E-1,-7.145911438E-2,1.772300912E2
2.707370211E2,2.417097869E-2,6.600616034E-4,1.532215974E-3,9.997064471E-1,1.772299401E2,1.773561285E-1,-7.137138636E-2,1.772298258E2
2.707420211E2,2.418061453E-2,6.537148729E-4,1.538444893E-3,9.997062087E-1,1.772288356E2,1.780528021E-1,-7.062534815E-2,1.772287220E2
2.707470211E2,2.417579334E-2,6.559140165E-4,1.535812276E-3,9.997063279E-1,1.772293882E2,1.777569667E-1,-7.088542976E-2,1.772292744E2
2.707520211E2,2.417857764E-2,6.540009636E-4,1.531589660E-3,9.997062683E-1,1.772290691E2,1.772681275E-1,-7.067747922E-2,1.772289559E2
2.707570211E2,2.418585167E-2,6.491031381E-4,1.535534859E-3,9.997060895E-1,1.772282353E2,1.777070208E-1,-7.010417015E-2,1.772281227E2
2.707620211E2,2.419519705E-2,6.436021067E-4,1.545812469E-3,9.997058511E-1,1.772271641E2,1.788698069E-1,-6.944382583E-2,1.772270518E2
2.707670211E2,2.418773871E-2,6.474599941E-4,1.545279752E-3,9.997060299E-1,1.772280190E2,1.788189560E-1,-6.988858840E-2,1.772279060E2
2.707720211E2,2.420035682E-2,6.391963107E-4,1.543964609E-3,9.997057319E-1,1.772265726E2,1.786462584E-1,-6.894330862E-2,1.772264613E2
2.707770211E2,2.419755240E-2,6.415810203E-4,1.548330183E-3,9.997057915E-1,1.772268941E2,1.791527905E-1,-6.920489153E-2,1.772267820E2
2.707820211E2,2.419253945E-2,6.450598012E-4,1.548250206E-3,9.997059107E-1,1.772274687E2,1.791529267E-1,-6.960453341E-2,1.772273560E2
2.707870211E2,2.419518446E-2,6.437753327E-4,1.545937383E-3,9.997058511E-1,1.772271655E2,1.788845963E-1,-6.946332614E-2,1.772270532E2
2.707920211E2,2.420018249E-2,6.389264599E-4,1.546806074E-3,9.997057319E-1,1.772265926E2,1.789710110E-1,-6.890454615E-2,1.772264811E2
2.707970211E2,2.420245456E-2,6.385613233E-4,1.549927634E-3,9.997056723E-1,1.772263322E2,1.793277552E-1,-6.885365243E-2,1.772262205E2
2.708020211E2,2.420473919E-2,6.364466972E-4,1.553561538E-3,9.997056127E-1,1.772260703E2,1.797383400E-1,-6.860091594E-2,1.772259588E2
2.708070211E2,2.420502459E-2,6.371584022E-4,1.548815984E-3,9.997056127E-1,1.772260376E2,1.791966918E-1,-6.869555929E-2,1.772259263E2
2.708120211E2,2.420001586E-2,6.405895110E-4,1.548724133E-3,9.997057319E-1,1.772266117E2,1.791953413E-1,-6.908977235E-2,1.772264998E2
2.708170211E2,2.420786277E-2,6.352251512E-4,1.543716411E-3,9.997055531E-1,1.772257123E2,1.786073256E-1,-6.848772834E-2,1.772256016E2
2.708220211E2,2.420785460E-2,6.338179810E-4,1.544422819E-3,9.997055531E-1,1.772257132E2,1.786843459E-1,-6.832456774E-2,1.772256028E2
2.708270211E2,2.419800579E-2,6.418551202E-4,1.541114063E-3,9.997057915E-1,1.772268421E2,1.783269163E-1,-6.925622090E-2,1.772267305E2
2.708320211E2,2.420088999E-2,6.398751284E-4,1.535302028E-3,9.997057319E-1,1.772265115E2,1.776558083E-1,-6.904500147E-2,1.772264006E2
2.708370211E2,2.421100655E-2,6.325822906E-4,1.534068724E-3,9.997054935E-1,1.772253519E2,1.774949865E-1,-6.821117367E-2,1.772252424E2
2.708420211E2,2.420082048E-2,6.390128983E-4,1.536756055E-3,9.997057319E-1,1.772265195E2,1.778199828E-1,-6.894220609E-2,1.772264087E2
2.708470211E2,2.420342991E-2,6.385298329E-4,1.534634619E-3,9.997056723E-1,1.772262204E2,1.775757949E-1,-6.889228707E-2,1.772261098E2
2.708520211E2,2.420303690E-2,6.372058997E-4,1.541368430E-3,9.997056723E-1,1.772262654E2,1.783435087E-1,-6.872201316E-2,1.772261546E2
2.708570211E2,2.420274380E-2,6.380297127E-4,1.545623993E-3,9.997056723E-1,1.772262990E2,1.788332831E-1,-6.880463672E-2,1.772261878E2
2.708620211E2,2.420012716E-2,6.390513154E-4,1.547619933E-3,9.997057319E-1,1.772265989E2,1.790645878E-1,-6.891660219E-2,1.772264874E2
2.708670211E2,2.421308068E-2,6.318852538E-4,1.540449564E-3,9.997054338E-1,1.772251142E2,1.782241711E-1,-6.811324930E-2,1.772250044E2
2.708720211E2,2.421540408E-2,6.297687069E-4,1.543473569E-3,9.997053742E-1,1.772248478E2,1.785648799E-1,-6.786197646E-2,1.772247382E2
2.708770211E2,2.421022730E-2,6.323211128E-4,1.546424814E-3,9.997054935E-1,1.772254412E2,1.789096996E-1,-6.814711131E-2,1.772253309E2
2.708820211E2,2.420786777E-2,6.340015680E-4,1.544140978E-3,9.997055531E-1,1.772257117E2,1.786525688E-1,-6.834637857E-2,1.772256013E2
2.708870211E2,2.421030279E-2,6.333895726E-4,1.544804894E-3,9.997054935E-1,1.772254326E2,1.787270943E-1,-6.827399258E-2,1.772253222E2
2.708920211E2,2.422015908E-2,6.263251998E-4,1.547473134E-3,9.997052550E-1,1.772243028E2,1.790138270E-1,-6.745554554E-2,1.772241935E2
2.708970211E2,2.422241434E-2,6.252469029E-4,1.551111229E-3,9.997051954E-1,1.772240443E2,1.794277592E-1,-6.732151574E-2,1.772239350E2
2.709020211E2,2.421996313E-2,6.270292797E-4,1.550252433E-3,9.997052550E-1,1.772243252E2,1.793341595E-1,-6.752852449E-2,1.772242157E2
2.709070211E2,2.422484680E-2,6.223243545E-4,1.552713918E-3,9.997051358E-1,1.772237655E2,1.796034103E-1,-6.698182925E-2,1.772236566E2
2.709120211E2,2.423220975E-2,6.172262365E-4,1.554984017E-3,9.997049570E-1,1.772229215E2,1.798498037E-1,-6.639017347E-2,1.772228134E2
2.709170211E2,2.423254389E-2,6.184044178E-4,1.549298409E-3,9.997049570E-1,1.772228832E2,1.792017654E-1,-6.654087188E-2,1.772227753E2
2.709220211E2,2.422534355E-2,6.231674924E-4,1.544604311E-3,9.997051358E-1,1.772237085E2,1.786767630E-1,-6.710084138E-2,1.772236000E2
2.709270211E2,2.422808338E-2,6.207309198E-4,1.541185775E-3,9.997050762E-1,1.772233945E2,1.782785603E-1,-6.683071467E-2,1.772232867E2
2.709320211E2,2.422521484E-2,6.231314037E-4,1.546636224E-3,9.997051358E-1,1.772237233E2,1.789094263E-1,-6.709108931E-2,1.772236147E2
2.709370211E2,2.421776676E-2,6.278427900E-4,1.545792562E-3,9.997053146E-1,1.772245770E2,1.788253545E-1,-6.763448978E-2,1.772244676E2
2.709420211E2,2.422560465E-2,6.218662020E-4,1.541029662E-3,9.997051358E-1,1.772236786E2,1.782636626E-1,-6.696164554E-2,1.772235706E2
2.709470211E2,2.422807559E-2,6.206417456E-4,1.541344100E-3,9.997050762E-1,1.772233954E2,1.782964496E-1,-6.682006089E-2,1.772232876E2
2.709520211E2,2.422787579E-2,6.212184671E-4,1.544249593E-3,9.997050762E-1,1.772234183E2,1.786308855E-1,-6.687809759E-2,1.772233102E2
2.709570211E2,2.423046097E-2,6.186320679E-4,1.543312799E-3,9.997050166E-1,1.772231219E2,1.785165588E-1,-6.658394470E-2,1.772230144E2
2.709620211E2,2.423291152E-2,6.171861896E-4,1.544025028E-3,9.997049570E-1,1.772228410E2,1.785942981E-1,-6.641589264E-2,1.772227337E2
2.709670211E2,2.423779087E-2,6.138204481E-4,1.545962295E-3,9.997048378E-1,1.772222817E2,1.788072027E-1,-6.602406824E-2,1.772221749E2
2.709720211E2,2.423018889E-2,6.198462797E-4,1.547092688E-3,9.997050166E-1,1.772231531E2,1.789529294E-1,-6.671259514E-2,1.772230451E2
2.709770211E2,2.423255384E-2,6.182697834E-4,1.549196546E-3,9.997049570E-1,1.772228820E2,1.791897229E-1,-6.652572956E-2,1.772227741E2
2.709820211E2,2.424004050E-2,6.130610127E-4,1.549531589E-3,9.997047782E-1,1.772220239E2,1.792141329E-1,-6.592675182E-2,1.772219169E2
2.709870211E2,2.424484577E-2,6.100559258E-4,1.552446047E-3,9.997046590E-1,1.772214731E2,1.795399746E-1,-6.557353698E-2,1.772213665E2
2.709920211E2,2.423228733E-2,6.179746706E-4,1.553477021E-3,9.997049570E-1,1.772229126E2,1.796792487E-1,-6.648008328E-2,1.772228045E2
2.709970211E2,2.423255771E-2,6.181640201E-4,1.549178152E-3,9.997049570E-1,1.772228816E2,1.791873223E-1,-6.651366393E-2,1.772227737E2
2.710020211E2,2.424242120E-2,6.105142529E-4,1.551746158E-3,9.997047186E-1,1.772217510E2,1.794609110E-1,-6.562842169E-2,1.772216443E2
2.710070211E2,2.423691218E-2,6.148459506E-4,1.559273340E-3,9.997048378E-1,1.772223825E2,1.803348809E-1,-6.610473384E-2,1.772222745E2
2.710120211E2,2.423432733E-2,6.158432807E-4,1.560840523E-3,9.997048974E-1,1.772226787E2,1.805170135E-1,-6.621509971E-2,1.772225705E2
2.710170211E2,2.424449393E-2,6.089548115E-4,1.558361808E-3,9.997046590E-1,1.772215134E2,1.802145902E-1,-6.543102308E-2,1.772214066E2
2.710220211E2,2.424947621E-2,6.066922797E-4,1.558197546E-3,9.997045398E-1,1.772209423E2,1.801898109E-1,-6.517139089E-2,1.772208359E2
2.710270211E2,2.425204662E-2,6.038664142E-4,1.557531999E-3,9.997044802E-1,1.772206477E2,1.801058806E-1,-6.484905254E-2,1.772205419E2
2.710320211E2,2.425734795E-2,6.004915922E-4,1.552789123E-3,9.997043610E-1,1.772200400E2,1.795535079E-1,-6.447466981E-2,1.772199351E2
2.710370211E2,2.425954808E-2,6.001892616E-4,1.556903240E-3,9.997043014E-1,1.772197878E2,1.800241144E-1,-6.442820291E-2,1.772196827E2
2.710420211E2,2.425948880E-2,6.000880385E-4,1.557865646E-3,9.997043014E-1,1.772197946E2,1.801340804E-1,-6.441394217E-2,1.772196895E2
2.710470211E2,2.425701474E-2,6.006588228E-4,1.557921176E-3,9.997043610E-1,1.772200782E2,1.801418692E-1,-6.447962134E-2,1.772199730E2
2.710520211E2,2.425206879E-2,6.036909763E-4,1.557254698E-3,9.997044802E-1,1.772206451E2,1.800736273E-1,-6.482972146E-2,1.772205394E2
2.710570211E2,2.426208932E-2,5.977114197E-4,1.556529664E-3,9.997042418E-1,1.772194965E2,1.799745922E-1,-6.414492809E-2,1.772193919E2
2.710620211E2,2.426713232E-2,5.937557435E-4,1.555992523E-3,9.997041225E-1,1.772189185E2,1.799023808E-1,-6.369236084E-2,1.772188146E2
2.710670211E2,2.425206662E-2,6.045077462E-4,1.556971576E-3,9.997044802E-1,1.772206454E2,1.800434634E-1,-6.492407600E-2,1.772205395E2
2.710720211E2,2.425466123E-2,6.033988320E-4,1.555255032E-3,9.997044206E-1,1.772203480E2,1.798439056E-1,-6.480134516E-2,1.772202424E2
2.710770211E2,2.425968204E-2,6.000964786E-4,1.554850256E-3,9.997043014E-1,1.772197725E2,1.797886792E-1,-6.442325720E-2,1.772196675E2
2.710820211E2,2.425438768E-2,6.022758316E-4,1.559949247E-3,9.997044206E-1,1.772203793E2,1.803785263E-1,-6.465969863E-2,1.772202737E2
2.710870211E2,2.424956808E-2,6.059935549E-4,1.557039213E-3,9.997045398E-1,1.772209318E2,1.800551788E-1,-6.509454890E-2,1.772208256E2
2.710920211E2,2.426216370E-2,5.981162540E-4,1.555214170E-3,9.997042418E-1,1.772194880E2,1.798250223E-1,-6.419494911E-2,1.772193834E2
2.710970211E2,2.425943850E-2,5.992721999E-4,1.558962627E-3,9.997043014E-1,1.772198004E2,1.802574770E-1,-6.431744099E-2,1.772196953E2
2.711020211E2,2.425440370E-2,6.022581947E-4,1.559706987E-3,9.997044206E-1,1.772203775E2,1.803507255E-1,-6.465834865E-2,1.772202718E2
2.711070211E2,2.425940823E-2,5.995405372E-4,1.559330383E-3,9.997043014E-1,1.772198038E2,1.803003505E-1,-6.434716418E-2,1.772196987E2
2.711120211E2,2.425691330E-2,6.004663301E-4,1.559574041E-3,9.997043610E-1,1.772200898E2,1.803306764E-1,-6.445299355E-2,1.772199845E2
2.711170211E2,2.425663497E-2,6.007733173E-4,1.563779078E-3,9.997043610E-1,1.772201217E2,1.808132328E-1,-6.447652270E-2,1.772200161E2
2.711220211E2,2.425703749E-2,6.015526596E-4,1.557221985E-3,9.997043610E-1,1.772200756E2,1.800642576E-1,-6.458395673E-2,1.772199702E2
2.711270211E2,2.424709377E-2,6.082133041E-4,1.556437579E-3,9.997045994E-1,1.772212154E2,1.799922639E-1,-6.535095571E-2,1.772211089E2
2.711320211E2,2.425455848E-2,6.024024915E-4,1.557242358E-3,9.997044206E-1,1.772203597E2,1.800687936E-1,-6.468170142E-2,1.772202542E2
2.711370211E2,2.425936165E-2,5.991881480E-4,1.560190227E-3,9.997043014E-1,1.772198092E2,1.803978697E-1,-6.430441329E-2,1.772197041E2
2.711420211E2,2.424203400E-2,6.105958601E-4,1.557751442E-3,9.997047186E-1,1.772217954E2,1.801490661E-1,-6.562115699E-2,1.772216883E2
2.711470211E2,2.423244509E-2,6.177756004E-4,1.551093534E-3,9.997049570E-1,1.772228945E2,1.794056586E-1,-6.646386870E-2,1.772227866E2
2.711520211E2,2.424486080E-2,6.102406769E-4,1.552138710E-3,9.997046590E-1,1.772214713E2,1.795052811E-1,-6.559555284E-2,1.772213647E2
2.711570211E2,2.423994245E-2,6.135317963E-4,1.550878515E-3,9.997047782E-1,1.772220351E2,1.793697355E-1,-6.597695981E-2,1.772219280E2
2.711620211E2,2.424007479E-2,6.133762072E-4,1.548870234E-3,9.997047782E-1,1.772220199E2,1.791392472E-1,-6.596469077E-2,1.772219130E2
2.711670211E2,2.424520527E-2,6.092012627E-4,1.547158230E-3,9.997046590E-1,1.772214319E2,1.789318613E-1,-6.549025584E-2,1.772213258E2
2.711720211E2,2.424986852E-2,6.066930946E-4,1.552079804E-3,9.997045398E-1,1.772208973E2,1.794890022E-1,-6.518841437E-2,1.772207914E2
2.711770211E2,2.423260327E-2,6.183521473E-4,1.548390253E-3,9.997049570E-1,1.772228764E2,1.790975876E-1,-6.653739516E-2,1.772227685E2
2.711820211E2,2.423293188E-2,6.174459122E-4,1.543601626E-3,9.997049570E-1,1.772228387E2,1.785465166E-1,-6.644681803E-2,1.772227313E2
2.711870211E2,2.424523059E-2,6.100340979E-4,1.546433079E-3,9.997046590E-1,1.772214290E2,1.788511052E-1,-6.558767380E-2,1.772213228E2
2.711920211E2,2.424006844E-2,6.122882478E-4,1.549400040E-3,9.997047782E-1,1.772220207E2,1.791969180E-1,-6.583858601E-2,1.772219139E2
2.711970211E2,2.423560622E-2,6.155861192E-4,1.540958183E-3,9.997048974E-1,1.772225322E2,1.782387010E-1,-6.624062830E-2,1.772224253E2
2.712020211E2,2.424082238E-2,6.127392408E-4,1.537379576E-3,9.997047782E-1,1.772219343E2,1.778211793E-1,-6.592350730E-2,1.772218281E2
2.712070211E2,2.423834947E-2,6.136797601E-4,1.537235570E-3,9.997048378E-1,1.772222177E2,1.778071318E-1,-6.603209097E-2,1.772221114E2
2.712120211E2,2.424327018E-2,6.107990048E-4,1.538312412E-3,9.997047186E-1,1.772216537E2,1.779228139E-1,-6.569821124E-2,1.772215479E2
2.712170211E2,2.424337529E-2,6.101296167E-4,1.536920900E-3,9.997047186E-1,1.772216416E2,1.777615520E-1,-6.562537483E-2,1.772215360E2
2.712220211E2,2.423604839E-2,6.154754665E-4,1.534032403E-3,9.997048974E-1,1.772224815E2,1.774450188E-1,-6.624710870E-2,1.772223751E2
2.712270211E2,2.423853018E-2,6.143702776E-4,1.534107258E-3,9.997048378E-1,1.772221970E2,1.774506884E-1,-6.611985230E-2,1.772220908E2
2.712320211E2,2.424045490E-2,6.121098995E-4,1.543412800E-3,9.997047782E-1,1.772219764E2,1.785105613E-1,-6.583471729E-2,1.772218700E2
2.712370211E2,2.423308392E-2,6.181261851E-4,1.540940139E-3,9.997049570E-1,1.772228213E2,1.782435210E-1,-6.653211243E-2,1.772227140E2
2.712420211E2,2.423817052E-2,6.150590489E-4,1.539504272E-3,9.997048378E-1,1.772222382E2,1.780708495E-1,-6.618382949E-2,1.772221316E2
2.712470211E2,2.424538825E-2,6.096983561E-4,1.544091967E-3,9.997046590E-1,1.772214109E2,1.785819894E-1,-6.555568838E-2,1.772213049E2
2.712520211E2,2.423788873E-2,6.142756902E-4,1.544246217E-3,9.997048378E-1,1.772222705E2,1.786118830E-1,-6.608096878E-2,1.772221637E2
2.712570211E2,2.423793315E-2,6.150436820E-4,1.543243066E-3,9.997048378E-1,1.772222654E2,1.784991003E-1,-6.617172661E-2,1.772221585E2
2.712620211E2,2.424008402E-2,6.119766040E-4,1.549279317E-3,9.997047782E-1,1.772220189E2,1.791822235E-1,-6.580321735E-2,1.772219121E2
2.712670211E2,2.424219875E-2,6.114177522E-4,1.554862480E-3,9.997047186E-1,1.772217765E2,1.798204064E-1,-6.572330714E-2,1.772216695E2
2.712720211E2,2.424236822E-2,6.108495872E-4,1.552441739E-3,9.997047186E-1,1.772217571E2,1.795415237E-1,-6.566491397E-2,1.772216503E2
2.712770211E2,2.424971516E-2,6.057067076E-4,1.554858754E-3,9.997045398E-1,1.772209149E2,1.798046020E-1,-6.506772116E-2,1.772208089E2
2.712820211E2,2.424726719E-2,6.074320409E-4,1.554039191E-3,9.997045994E-1,1.772211955E2,1.797153495E-1,-6.526808900E-2,1.772210893E2
2.712870211E2,2.424495614E-2,6.086334470E-4,1.551280264E-3,9.997046590E-1,1.772214604E2,1.794024795E-1,-6.541380017E-2,1.772213541E2
2.712920211E2,2.425248470E-2,6.035486003E-4,1.550819376E-3,9.997044802E-1,1.772205975E2,1.793360406E-1,-6.483122158E-2,1.772204921E2
2.712970211E2,2.424752793E-2,6.069874507E-4,1.550139626E-3,9.997045994E-1,1.772211656E2,1.792674046E-1,-6.522794650E-2,1.772210597E2
2.713020211E2,2.425004540E-2,6.060699816E-4,1.549557550E-3,9.997045398E-1,1.772208771E2,1.791983375E-1,-6.512400944E-2,1.772207714E2
2.713070211E2,2.425249394E-2,6.045093760E-4,1.550300512E-3,9.997044802E-1,1.772205964E2,1.792792717E-1,-6.494272624E-2,1.772204909E2
2.713120211E2,2.423997808E-2,6.123395870E-4,1.550792716E-3,9.997047782E-1,1.772220310E2,1.793565970E-1,-6.584061492E-2,1.772219241E2
2.713170211E2,2.424534098E-2,6.100538885E-4,1.544693601E-3,9.997046590E-1,1.772214163E2,1.786518963E-1,-6.559475422E-2,1.772213102E2
2.713220211E2,2.426233447E-2,5.970936036E-4,1.552941510E-3,9.997042418E-1,1.772194684E2,1.795618384E-1,-6.408408475E-2,1.772193642E2
2.713270211E2,2.425441536E-2,6.028593634E-4,1.559293363E-3,9.997044206E-1,1.772203762E2,1.803050134E-1,-6.472836471E-2,1.772202704E2
2.713320211E2,2.424213897E-2,6.108208327E-4,1.556028728E-3,9.997047186E-1,1.772217833E2,1.799523473E-1,-6.565169622E-2,1.772216764E2
2.713370211E2,2.425489567E-2,6.032044766E-4,1.551670139E-3,9.997044206E-1,1.772203211E2,1.794327022E-1,-6.478900234E-2,1.772202158E2
2.713420211E2,2.426215064E-2,5.979237612E-4,1.555492054E-3,9.997042418E-1,1.772194895E2,1.798563200E-1,-6.417212732E-2,1.772193849E2
2.713470211E2,2.426196532E-2,5.977058318E-4,1.558463438E-3,9.997042418E-1,1.772195107E2,1.801960981E-1,-6.413893375E-2,1.772194060E2
2.713520211E2,2.425952415E-2,5.996418186E-4,1.557486947E-3,9.997043014E-1,1.772197906E2,1.800894591E-1,-6.436387067E-2,1.772196855E2
2.713570211E2,2.425972456E-2,5.988433841E-4,1.554669929E-3,9.997043014E-1,1.772197676E2,1.797645401E-1,-6.428019924E-2,1.772196629E2
2.713620211E2,2.426435602E-2,5.963680451E-4,1.559989760E-3,9.997041821E-1,1.772192367E2,1.803673837E-1,-6.398100499E-2,1.772191321E2
2.713670211E2,2.427737996E-2,5.881594261E-4,1.551436959E-3,9.997038841E-1,1.772177438E2,1.793655869E-1,-6.306208971E-2,1.772176413E2
2.713720211E2,2.427217519E-2,5.912692286E-4,1.554873073E-3,9.997040033E-1,1.772183404E2,1.797675435E-1,-6.340971775E-2,1.772182371E2
2.713770211E2,2.427466097E-2,5.887870211E-4,1.555331633E-3,9.997039437E-1,1.772180555E2,1.798133274E-1,-6.312363925E-2,1.772179526E2
2.713820211E2,2.427924139E-2,5.853369366E-4,1.561748330E-3,9.997038245E-1,1.772175305E2,1.805391004E-1,-6.270972862E-2,1.772174278E2
2.713870211E2,2.427152449E-2,5.902528646E-4,1.565381186E-3,9.997040033E-1,1.772184150E2,1.809684633E-1,-6.326417500E-2,1.772183112E2
2.713920211E2,2.427124619E-2,5.916039809E-4,1.569181681E-3,9.997040033E-1,1.772184469E2,1.814075810E-1,-6.340843546E-2,1.772183426E2
2.713970211E2,2.427874023E-2,5.861971877E-4,1.569199027E-3,9.997038245E-1,1.772175879E2,1.813949993E-1,-6.278763780E-2,1.772174846E2
2.714020211E2,2.426336088E-2,5.962359137E-4,1.575442031E-3,9.997041821E-1,1.772193508E2,1.821371341E-1,-6.392308305E-2,1.772192452E2
2.714070211E2,2.425364750E-2,6.023931201E-4,1.571370405E-3,9.997044206E-1,1.772204642E2,1.816871900E-1,-6.464152482E-2,1.772203577E2
2.714120211E2,2.426369741E-2,5.968295736E-4,1.570024993E-3,9.997041821E-1,1.772193122E2,1.815182414E-1,-6.400609226E-2,1.772192069E2
2.714170211E2,2.424819759E-2,6.068752846E-4,1.577899791E-3,9.997045398E-1,1.772210889E2,1.824472872E-1,-6.513783837E-2,1.772209812E2
2.714220211E2,2.424312358E-2,6.091948017E-4,1.579444273E-3,9.997046590E-1,1.772216705E2,1.826303339E-1,-6.540019220E-2,1.772215623E2
2.714270211E2,2.426119842E-2,5.976385437E-4,1.570382505E-3,9.997042418E-1,1.772195986E2,1.815612865E-1,-6.409822578E-2,1.772194932E2
2.714320211E2,2.426129622E-2,5.979542620E-4,1.568750595E-3,9.997042418E-1,1.772195874E2,1.813752222E-1,-6.413891311E-2,1.772194820E2
2.714370211E2,2.426639859E-2,5.944741424E-4,1.567121479E-3,9.997041225E-1,1.772190026E2,1.811792429E-1,-6.374384324E-2,1.772188979E2
2.714420211E2,2.426634586E-2,5.952750216E-4,1.567633939E-3,9.997041225E-1,1.772190086E2,1.812401733E-1,-6.383417460E-2,1.772189037E2
2.714470211E2,2.425619780E-2,6.006765179E-4,1.570582623E-3,9.997043610E-1,1.772201718E2,1.815923361E-1,-6.444660109E-2,1.772200658E2
2.714520211E2,2.426632086E-2,5.950651830E-4,1.568100532E-3,9.997041225E-1,1.772190115E2,1.812930400E-1,-6.380884300E-2,1.772189066E2
2.714570211E2,2.427377710E-2,5.896552466E-4,1.568739652E-3,9.997039437E-1,1.772181568E2,1.813516824E-1,-6.318596333E-2,1.772180529E2
2.714620211E2,2.426355828E-2,5.959834089E-4,1.572494628E-3,9.997041821E-1,1.772193281E2,1.817987960E-1,-6.390231600E-2,1.772192228E2
2.714670211E2,2.426624536E-2,5.945586017E-4,1.569460495E-3,9.997041225E-1,1.772190201E2,1.814474211E-1,-6.374704210E-2,1.772189153E2
2.714720211E2,2.427658898E-2,5.871679168E-4,1.564137870E-3,9.997038841E-1,1.772178345E2,1.808177692E-1,-6.291331273E-2,1.772177313E2
2.714770211E2,2.426631495E-2,5.947702448E-4,1.568303793E-3,9.997041225E-1,1.772190122E2,1.813155046E-1,-6.377449140E-2,1.772189073E2
2.714820211E2,2.425428122E-2,6.024212344E-4,1.561547513E-3,9.997044206E-1,1.772203915E2,1.805620178E-1,-6.467193255E-2,1.772202857E2
2.714870211E2,2.425959756E-2,5.988469929E-4,1.556649106E-3,9.997043014E-1,1.772197821E2,1.799912726E-1,-6.427513329E-2,1.772196773E2
2.714920211E2,2.425433029E-2,6.034689723E-4,1.560380450E-3,9.997044206E-1,1.772203859E2,1.804312369E-1,-6.479519395E-2,1.772202800E2
2.714970211E2,2.424919683E-2,6.066515343E-4,1.562555088E-3,9.997045398E-1,1.772209743E2,1.806888710E-1,-6.515466454E-2,1.772208677E2
2.715020211E2,2.425458863E-2,6.020045257E-4,1.556926640E-3,9.997044206E-1,1.772203563E2,1.800315212E-1,-6.463698347E-2,1.772202509E2
2.715070211E2,2.425194985E-2,6.037635612E-4,1.559077878E-3,9.997044802E-1,1.772206588E2,1.802826813E-1,-6.483299110E-2,1.772205529E2
2.715120211E2,2.424413326E-2,6.099477177E-4,1.563575934E-3,9.997046590E-1,1.772215547E2,1.808146456E-1,-6.553034688E-2,1.772214474E2
2.715170211E2,2.424433787E-2,6.095243734E-4,1.560565433E-3,9.997046590E-1,1.772215313E2,1.804686056E-1,-6.549017660E-2,1.772214242E2
2.715220211E2,2.424714959E-2,6.072451943E-4,1.555945841E-3,9.997045994E-1,1.772212090E2,1.799332447E-1,-6.524140754E-2,1.772211027E2
2.715270211E2,2.424477200E-2,6.095057470E-4,1.553813578E-3,9.997046590E-1,1.772214815E2,1.796951027E-1,-6.550672349E-2,1.772213749E2
2.715320211E2,2.425977083E-2,5.985001917E-4,1.554080052E-3,9.997043014E-1,1.772197623E2,1.796960138E-1,-6.424251549E-2,1.772196577E2
2.715370211E2,2.425741673E-2,6.011730875E-4,1.551450347E-3,9.997043610E-1,1.772200321E2,1.794020393E-1,-6.455644953E-2,1.772199272E2
2.715420211E2,2.424771206E-2,6.082261098E-4,1.546770218E-3,9.997045994E-1,1.772211445E2,1.788848658E-1,-6.537917401E-2,1.772210386E2
2.715470211E2,2.426010885E-2,5.998371635E-4,1.548277098E-3,9.997043014E-1,1.772197235E2,1.790349778E-1,-6.441174801E-2,1.772196191E2
2.715520211E2,2.426243566E-2,5.980754504E-4,1.550981426E-3,9.997042418E-1,1.772194568E2,1.793400315E-1,-6.420199446E-2,1.772193525E2
2.715570211E2,2.425765682E-2,6.001084694E-4,1.548105036E-3,9.997043610E-1,1.772200046E2,1.790158629E-1,-6.444374563E-2,1.772199001E2
2.715620211E2,2.426569807E-2,5.955653032E-4,1.539283898E-3,9.997041821E-1,1.772190829E2,1.779932150E-1,-6.394638046E-2,1.772189798E2
2.715670211E2,2.426335578E-2,5.967777106E-4,1.537024626E-3,9.997042418E-1,1.772193514E2,1.777376187E-1,-6.409196996E-2,1.772192482E2
2.715720211E2,2.426077952E-2,5.990634090E-4,1.538033830E-3,9.997043014E-1,1.772196467E2,1.778594212E-1,-6.435146659E-2,1.772195430E2
2.715770211E2,2.425832279E-2,6.006851327E-4,1.537409029E-3,9.997043610E-1,1.772199283E2,1.777921956E-1,-6.453942151E-2,1.772198243E2
2.715820211E2,2.426086762E-2,5.995900137E-4,1.536438125E-3,9.997043014E-1,1.772196366E2,1.776780902E-1,-6.441621392E-2,1.772195329E2
2.715870211E2,2.426802125E-2,5.936427042E-4,1.542109880E-3,9.997041225E-1,1.772188166E2,1.783117552E-1,-6.371785923E-2,1.772187136E2
2.715920211E2,2.427316082E-2,5.898971576E-4,1.539936056E-3,9.997040033E-1,1.772182274E2,1.780526346E-1,-6.329390815E-2,1.772181253E2
2.715970211E2,2.426820073E-2,5.946270539E-4,1.538902754E-3,9.997041225E-1,1.772187960E2,1.779471025E-1,-6.383951119E-2,1.772186931E2
2.716020211E2,2.425792234E-2,6.002510199E-4,1.543883467E-3,9.997043610E-1,1.772199742E2,1.785326618E-1,-6.447176372E-2,1.772198699E2
2.716070211E2,2.426017166E-2,5.992611987E-4,1.547515742E-3,9.997043014E-1,1.772197163E2,1.789461610E-1,-6.434787222E-2,1.772196120E2
2.716120211E2,2.425760474E-2,6.014388055E-4,1.548404805E-3,9.997043610E-1,1.772200106E2,1.790538990E-1,-6.459532191E-2,1.772199058E2
2.716170211E2,2.425003047E-2,6.056822021E-4,1.549942885E-3,9.997045398E-1,1.772208788E2,1.792414020E-1,-6.507851816E-2,1.772207731E2
2.716220211E2,2.426199243E-2,5.982058356E-4,1.557849464E-3,9.997042418E-1,1.772195076E2,1.801271544E-1,-6.419791520E-2,1.772194028E2
2.716270211E2,2.426185297E-2,5.970498314E-4,1.560462639E-3,9.997042418E-1,1.772195236E2,1.804232913E-1,-6.405824571E-2,1.772194189E2
2.716320211E2,2.425726642E-2,6.006362964E-4,1.554006361E-3,9.997043610E-1,1.772200494E2,1.796933493E-1,-6.448787778E-2,1.772199444E2
2.716370211E2,2.426490711E-2,5.954498192E-4,1.551746856E-3,9.997041821E-1,1.772191735E2,1.794205749E-1,-6.389863645E-2,1.772190696E2
2.716420211E2,2.427204761E-2,5.904556019E-4,1.557172043E-3,9.997040033E-1,1.772183551E2,1.800286375E-1,-6.331013897E-2,1.772182517E2
2.716470211E2,2.425936944E-2,5.995713873E-4,1.559921890E-3,9.997043014E-1,1.772198083E2,1.803681955E-1,-6.434906088E-2,1.772197031E2
2.716520211E2,2.424715008E-2,6.077795988E-4,1.555729541E-3,9.997045994E-1,1.772212089E2,1.799099509E-1,-6.530322865E-2,1.772211025E2
2.716570211E2,2.425710953E-2,6.007173215E-4,1.556422096E-3,9.997043610E-1,1.772200673E2,1.799703062E-1,-6.449047284E-2,1.772199622E2
2.716620211E2,2.425660154E-2,6.016195402E-4,1.563972328E-3,9.997043610E-1,1.772201256E2,1.808377213E-1,-6.457293294E-2,1.772200198E2
2.716670211E2,2.423902017E-2,6.136848242E-4,1.565166865E-3,9.997047782E-1,1.772221408E2,1.810069458E-1,-6.595496710E-2,1.772220327E2
2.716720211E2,2.423643124E-2,6.149263354E-4,1.566699473E-3,9.997048378E-1,1.772224376E2,1.811857961E-1,-6.609340393E-2,1.772223291E2
2.716770211E2,2.423375164E-2,6.170416018E-4,1.569282613E-3,9.997048974E-1,1.772227447E2,1.814874132E-1,-6.632903617E-2,1.772226357E2
2.716820211E2,2.421856146E-2,6.259125657E-4,1.572442823E-3,9.997052550E-1,1.772244859E2,1.818730552E-1,-6.733926136E-2,1.772243751E2
2.716870211E2,2.421364985E-2,6.301756948E-4,1.570590190E-3,9.997053742E-1,1.772250489E2,1.816723203E-1,-6.783367041E-2,1.772249374E2
2.716920211E2,2.421351520E-2,6.295478670E-4,1.572916168E-3,9.997053742E-1,1.772250643E2,1.819370287E-1,-6.775531821E-2,1.772249528E2
2.716970211E2,2.420855924E-2,6.336353836E-4,1.571792411E-3,9.997054935E-1,1.772256324E2,1.818192978E-1,-6.822759478E-2,1.772255202E2
2.717020211E2,2.420074486E-2,6.382750580E-4,1.576513983E-3,9.997056723E-1,1.772265281E2,1.823725277E-1,-6.874743279E-2,1.772264147E2
2.717070211E2,2.419571342E-2,6.427533808E-4,1.576329581E-3,9.997057915E-1,1.772271049E2,1.823634751E-1,-6.926188913E-2,1.772269906E2
2.717120211E2,2.419532516E-2,6.423916202E-4,1.582424738E-3,9.997057915E-1,1.772271494E2,1.830606954E-1,-6.920361739E-2,1.772270348E2
2.717170211E2,2.419285531E-2,6.430337089E-4,1.582270488E-3,9.997058511E-1,1.772274325E2,1.830446341E-1,-6.927805363E-2,1.772273178E2
2.717220211E2,2.419753969E-2,6.400915445E-4,1.587143517E-3,9.997057319E-1,1.772268955E2,1.835950450E-1,-6.892663514E-2,1.772267810E2
2.717270211E2,2.419765407E-2,6.399761769E-4,1.585445250E-3,9.997057319E-1,1.772268824E2,1.834001826E-1,-6.891810710E-2,1.772267681E2
2.717320211E2,2.420255156E-2,6.365766167E-4,1.587225706E-3,9.997056127E-1,1.772263211E2,1.835950565E-1,-6.852282415E-2,1.772262072E2
2.717370211E2,2.420225838E-2,6.368475151E-4,1.591581502E-3,9.997056127E-1,1.772263547E2,1.840947799E-1,-6.854183078E-2,1.772262405E2
2.717420211E2,2.419965268E-2,6.393799558E-4,1.592748100E-3,9.997056723E-1,1.772266533E2,1.842352681E-1,-6.882918642E-2,1.772265386E2
2.717470211E2,2.419734569E-2,6.404512096E-4,1.589953667E-3,9.997057319E-1,1.772269178E2,1.839179547E-1,-6.896008090E-2,1.772268030E2
2.717520211E2,2.419953345E-2,6.391500938E-4,1.594650792E-3,9.997056723E-1,1.772266670E2,1.844525914E-1,-6.879759937E-2,1.772265522E2
2.717570211E2,2.419948054E-2,6.383704022E-4,1.595765585E-3,9.997056723E-1,1.772266731E2,1.845781341E-1,-6.870519781E-2,1.772265583E2
2.717620211E2,2.420454190E-2,6.359693361E-4,1.594642876E-3,9.997055531E-1,1.772260929E2,1.844432058E-1,-6.843231647E-2,1.772259787E2
2.717670211E2,2.420002538E-2,6.383384462E-4,1.587494509E-3,9.997056723E-1,1.772266106E2,1.836305633E-1,-6.872437406E-2,1.772264964E2
2.717720211E2,2.420498341E-2,6.362394197E-4,1.587818959E-3,9.997055531E-1,1.772260423E2,1.836622497E-1,-6.848210342E-2,1.772259285E2
2.717770211E2,2.420213391E-2,6.377507816E-4,1.593111781E-3,9.997056127E-1,1.772263689E2,1.842725828E-1,-6.864108578E-2,1.772262545E2
2.717820211E2,2.419980566E-2,6.396737299E-4,1.590303960E-3,9.997056723E-1,1.772266358E2,1.839560972E-1,-6.886959047E-2,1.772265212E2
2.717870211E2,2.420783685E-2,6.342271226E-4,1.582642202E-3,9.997054935E-1,1.772257152E2,1.830638226E-1,-6.826541578E-2,1.772256021E2
2.717920211E2,2.420503916E-2,6.348852185E-4,1.587511040E-3,9.997055531E-1,1.772260359E2,1.836232223E-1,-6.832781290E-2,1.772259224E2
2.717970211E2,2.419986883E-2,6.396848476E-4,1.589337946E-3,9.997056723E-1,1.772266286E2,1.838454675E-1,-6.887353143E-2,1.772265140E2
2.718020211E2,2.420757407E-2,6.341356202E-4,1.586693106E-3,9.997054935E-1,1.772257453E2,1.835276149E-1,-6.824374396E-2,1.772256320E2
2.718070211E2,2.421272852E-2,6.296634674E-4,1.584933838E-3,9.997053742E-1,1.772251545E2,1.833140184E-1,-6.773535900E-2,1.772250421E2
2.718120211E2,2.421756891E-2,6.275241030E-4,1.587019768E-3,9.997052550E-1,1.772245997E2,1.835473689E-1,-6.748360155E-2,1.772244876E2
2.718170211E2,2.421537362E-2,6.279207300E-4,1.582808909E-3,9.997053146E-1,1.772248513E2,1.830659332E-1,-6.754112643E-2,1.772247394E2
2.718220211E2,2.421310579E-2,6.306482828E-4,1.578766853E-3,9.997053742E-1,1.772251113E2,1.826102983E-1,-6.786521988E-2,1.772249991E2
2.718270211E2,2.421298726E-2,6.310394965E-4,1.580427517E-3,9.997053742E-1,1.772251249E2,1.828016185E-1,-6.790545025E-2,1.772250125E2
2.718320211E2,2.421767862E-2,6.271802122E-4,1.585480757E-3,9.997052550E-1,1.772245871E2,1.833701156E-1,-6.744845717E-2,1.772244751E2
2.718370211E2,2.421520954E-2,6.290911697E-4,1.584853162E-3,9.997053146E-1,1.772248701E2,1.833033562E-1,-6.766956675E-2,1.772247578E2
2.718420211E2,2.421257243E-2,6.305736606E-4,1.586955274E-3,9.997053742E-1,1.772251724E2,1.835481055E-1,-6.783404856E-2,1.772250597E2
2.718470211E2,2.421764072E-2,6.262078532E-4,1.586443745E-3,9.997052550E-1,1.772245915E2,1.834777324E-1,-6.733440026E-2,1.772244796E2
2.718520211E2,2.421984372E-2,6.246395642E-4,1.590984524E-3,9.997051954E-1,1.772243389E2,1.839937109E-1,-6.714173323E-2,1.772242271E2
2.718570211E2,2.422018481E-2,6.252606981E-4,1.585538848E-3,9.997051954E-1,1.772242998E2,1.833716114E-1,-6.722794091E-2,1.772241882E2
2.718620211E2,2.421762780E-2,6.263221148E-4,1.586595899E-3,9.997052550E-1,1.772245929E2,1.834954792E-1,-6.734706993E-2,1.772244811E2
2.718670211E2,2.422267040E-2,6.235449691E-4,1.585824997E-3,9.997051358E-1,1.772240149E2,1.833997963E-1,-6.703014054E-2,1.772239036E2
2.718720211E2,2.422508114E-2,6.212023436E-4,1.587493694E-3,9.997050762E-1,1.772237386E2,1.835846169E-1,-6.675669979E-2,1.772236276E2
2.718770211E2,2.423545403E-2,6.157852476E-4,1.581410062E-3,9.997048378E-1,1.772225496E2,1.828733342E-1,-6.615112052E-2,1.772224400E2
2.718820211E2,2.423260618E-2,6.171636633E-4,1.586825005E-3,9.997048974E-1,1.772228760E2,1.834972994E-1,-6.629451259E-2,1.772227659E2
2.718870211E2,2.422713650E-2,6.205949467E-4,1.593887573E-3,9.997050166E-1,1.772235030E2,1.843155385E-1,-6.666898871E-2,1.772233917E2
2.718920211E2,2.422480051E-2,6.219076458E-4,1.591494889E-3,9.997050762E-1,1.772237708E2,1.840449257E-1,-6.682644158E-2,1.772236594E2
2.718970211E2,2.422495633E-2,6.215408794E-4,1.589264721E-3,9.997050762E-1,1.772237529E2,1.837884339E-1,-6.679058809E-2,1.772236417E2
2.719020211E2,2.422731237E-2,6.207158440E-4,1.591164968E-3,9.997050166E-1,1.772234828E2,1.840039893E-1,-6.669036494E-2,1.772233717E2
2.719070211E2,2.422440060E-2,6.227791891E-4,1.597230788E-3,9.997050762E-1,1.772238166E2,1.847044125E-1,-6.691043427E-2,1.772237047E2
2.719120211E2,2.421708563E-2,6.269710721E-4,1.594594913E-3,9.997052550E-1,1.772246551E2,1.844135960E-1,-6.739931379E-2,1.772245425E2
2.719170211E2,2.422252434E-2,6.232613232E-4,1.588165760E-3,9.997051358E-1,1.772240317E2,1.836671526E-1,-6.699117596E-2,1.772239203E2
2.719220211E2,2.422720224E-2,6.206723629E-4,1.592857880E-3,9.997050166E-1,1.772234955E2,1.841977980E-1,-6.668070400E-2,1.772233842E2
2.719270211E2,2.422430954E-2,6.224359968E-4,1.598744886E-3,9.997050762E-1,1.772238270E2,1.848769058E-1,-6.686693257E-2,1.772237151E2
2.719320211E2,2.421938045E-2,6.249859580E-4,1.597885974E-3,9.997051954E-1,1.772243920E2,1.847852586E-1,-6.716234596E-2,1.772242796E2
2.719370211E2,2.423169952E-2,6.165201194E-4,1.600858639E-3,9.997048974E-1,1.772229800E2,1.851031188E-1,-6.618198657E-2,1.772228690E2
2.719420211E2,2.424395812E-2,6.092828116E-4,1.604134217E-3,9.997045994E-1,1.772215748E2,1.854590655E-1,-6.534152674E-2,1.772214650E2
2.719470211E2,2.424631851E-2,6.078091683E-4,1.606162637E-3,9.997045398E-1,1.772213043E2,1.856874968E-1,-6.516663557E-2,1.772211946E2
2.719520211E2,2.425391325E-2,6.028673961E-4,1.604654710E-3,9.997043610E-1,1.772204337E2,1.855015104E-1,-6.460329793E-2,1.772203250E2
2.719570211E2,2.424654905E-2,6.067477516E-4,1.603080775E-3,9.997045398E-1,1.772212778E2,1.853315102E-1,-6.505356241E-2,1.772211685E2
2.719620211E2,2.424664136E-2,6.078580627E-4,1.601262833E-3,9.997045398E-1,1.772212672E2,1.851263416E-1,-6.518579131E-2,1.772211579E2
2.719670211E2,2.424925410E-2,6.056354032E-4,1.599752228E-3,9.997044802E-1,1.772209678E2,1.849472830E-1,-6.493488244E-2,1.772208589E2
2.719720211E2,2.424407291E-2,6.087200600E-4,1.602612203E-3,9.997045994E-1,1.772215617E2,1.852831504E-1,-6.528126647E-2,1.772214520E2
2.719770211E2,2.424422108E-2,6.085425848E-4,1.600436750E-3,9.997045994E-1,1.772215447E2,1.850334512E-1,-6.526695191E-2,1.772214352E2
2.719820211E2,2.424664996E-2,6.073056138E-4,1.601342345E-3,9.997045398E-1,1.772212663E2,1.851339157E-1,-6.512228149E-2,1.772211570E2
2.719870211E2,2.423155068E-2,6.168790860E-4,1.602971926E-3,9.997048974E-1,1.772229970E2,1.853462000E-1,-6.621726828E-2,1.772228858E2
2.719920211E2,2.423668437E-2,6.140059559E-4,1.600806834E-3,9.997047782E-1,1.772224086E2,1.850905307E-1,-6.589319053E-2,1.772222981E2
2.719970211E2,2.424667025E-2,6.076473510E-4,1.600905322E-3,9.997045398E-1,1.772212639E2,1.850848021E-1,-6.516264067E-2,1.772211546E2
2.720020211E2,2.424408959E-2,6.089457311E-4,1.602274249E-3,9.997045994E-1,1.772215597E2,1.852450632E-1,-6.530805468E-2,1.772214501E2
2.720070211E2,2.423918320E-2,6.118925521E-4,1.601004275E-3,9.997047186E-1,1.772221221E2,1.851074429E-1,-6.565007266E-2,1.772220120E2
2.720120211E2,2.424922975E-2,6.045300397E-4,1.600539195E-3,9.997044802E-1,1.772209706E2,1.850343630E-1,-6.480607213E-2,1.772208618E2
2.720170211E2,2.425600178E-2,6.007315242E-4,1.611008076E-3,9.997043014E-1,1.772201943E2,1.862235371E-1,-6.434056970E-2,1.772200856E2
2.720220211E2,2.424604743E-2,6.073004333E-4,1.610441483E-3,9.997045398E-1,1.772213353E2,1.861762418E-1,-6.509651760E-2,1.772212255E2
2.720270211E2,2.424634548E-2,6.077760481E-4,1.605767873E-3,9.997045398E-1,1.772213012E2,1.856421831E-1,-6.516393326E-2,1.772211915E2
2.720320211E2,2.424396848E-2,6.081530591E-4,1.604406396E-3,9.997045994E-1,1.772215736E2,1.854871075E-1,-6.521134674E-2,1.772214640E2
2.720370211E2,2.425391651E-2,6.019755383E-4,1.604940277E-3,9.997043610E-1,1.772204333E2,1.855317456E-1,-6.450033443E-2,1.772203248E2
2.720420211E2,2.425646905E-2,6.003073067E-4,1.604116056E-3,9.997043014E-1,1.772201407E2,1.854328516E-1,-6.431104302E-2,1.772200326E2
2.720470211E2,2.424617868E-2,6.070541567E-4,1.608557184E-3,9.997045398E-1,1.772213203E2,1.859597044E-1,-6.507351583E-2,1.772212106E2
2.720520211E2,2.424613715E-2,6.079635932E-4,1.608839724E-3,9.997045398E-1,1.772213250E2,1.859945960E-1,-6.517692150E-2,1.772212151E2
2.720570211E2,2.423380752E-2,6.162219215E-4,1.606276608E-3,9.997048378E-1,1.772227383E2,1.857231024E-1,-6.613238911E-2,1.772226270E2
2.720620211E2,2.423139797E-2,6.176723982E-4,1.604973571E-3,9.997048974E-1,1.772230145E2,1.855776976E-1,-6.630261845E-2,1.772229030E2
2.720670211E2,2.422662126E-2,6.201251526E-4,1.601881930E-3,9.997050166E-1,1.772235621E2,1.852300182E-1,-6.659307055E-2,1.772234503E2
2.720720211E2,2.422912892E-2,6.186232204E-4,1.601733384E-3,9.997049570E-1,1.772232746E2,1.852089976E-1,-6.642096033E-2,1.772231632E2
2.720770211E2,2.422649654E-2,6.201170618E-4,1.603770303E-3,9.997050166E-1,1.772235764E2,1.854463159E-1,-6.658692416E-2,1.772234645E2
2.720820211E2,2.422391456E-2,6.224501994E-4,1.604713034E-3,9.997050762E-1,1.772238723E2,1.855606187E-1,-6.685206523E-2,1.772237599E2
2.720870211E2,2.422188929E-2,6.230615545E-4,1.597899827E-3,9.997051358E-1,1.772241045E2,1.847816721E-1,-6.694138834E-2,1.772239924E2
2.720920211E2,2.422399014E-2,6.227308768E-4,1.603462733E-3,9.997050762E-1,1.772238637E2,1.854181709E-1,-6.688767579E-2,1.772237513E2
2.720970211E2,2.421380912E-2,6.283287657E-4,1.606405596E-3,9.997053146E-1,1.772250307E2,1.857701530E-1,-6.752268017E-2,1.772249171E2
2.721020211E2,2.421161525E-2,6.306649884E-4,1.601456315E-3,9.997053742E-1,1.772252821E2,1.852095068E-1,-6.780445255E-2,1.772251684E2
2.721070211E2,2.421693780E-2,6.267784629E-4,1.596914139E-3,9.997052550E-1,1.772246720E2,1.846787377E-1,-6.737083992E-2,1.772245594E2
2.721120211E2,2.422173377E-2,6.239615614E-4,1.599904848E-3,9.997051358E-1,1.772241223E2,1.850138515E-1,-6.703895451E-2,1.772240100E2
2.721170211E2,2.421421686E-2,6.282713730E-4,1.600270276E-3,9.997053146E-1,1.772249839E2,1.850671703E-1,-6.753305428E-2,1.772248707E2
2.721220211E2,2.420917888E-2,6.319386885E-4,1.600578427E-3,9.997054338E-1,1.772255614E2,1.851123062E-1,-6.795325175E-2,1.772254475E2
2.721270211E2,2.420401441E-2,6.350358599E-4,1.602999517E-3,9.997055531E-1,1.772261534E2,1.853979020E-1,-6.830229799E-2,1.772260387E2
2.721320211E2,2.420590763E-2,6.351578631E-4,1.611513551E-3,9.997054935E-1,1.772259364E2,1.863737222E-1,-6.829230614E-2,1.772258211E2
2.721370211E2,2.419855524E-2,6.398733822E-4,1.609139261E-3,9.997056723E-1,1.772267791E2,1.861143030E-1,-6.884046070E-2,1.772266632E2
2.721420211E2,2.420651241E-2,6.340512191E-4,1.602841774E-3,9.997054935E-1,1.772258670E2,1.853772704E-1,-6.818947398E-2,1.772257526E2
2.721470211E2,2.420621118E-2,6.336842780E-4,1.607529121E-3,9.997054935E-1,1.772259016E2,1.859132058E-1,-6.813449140E-2,1.772257869E2
2.721520211E2,2.420329281E-2,6.357551902E-4,1.613574801E-3,9.997055531E-1,1.772262361E2,1.866113335E-1,-6.835550501E-2,1.772261206E2
2.721570211E2,2.419345138E-2,6.419519777E-4,1.610994339E-3,9.997057915E-1,1.772273642E2,1.863322294E-1,-6.907438721E-2,1.772272477E2
2.721620211E2,2.418879738E-2,6.460496807E-4,1.605256111E-3,9.997059107E-1,1.772278976E2,1.856859061E-1,-6.956058497E-2,1.772277808E2
2.721670211E2,2.419351341E-2,6.433489034E-4,1.609504805E-3,9.997057915E-1,1.772273571E2,1.861654686E-1,-6.923853421E-2,1.772272404E2
2.721720211E2,2.418366163E-2,6.489985390E-4,1.607205253E-3,9.997060299E-1,1.772284863E2,1.859170121E-1,-6.989395214E-2,1.772283688E2
2.721770211E2,2.418398245E-2,6.501799799E-4,1.601891592E-3,9.997060299E-1,1.772284495E2,1.853115853E-1,-7.004396217E-2,1.772283321E2
2.721820211E2,2.418665870E-2,6.472550449E-4,1.599866780E-3,9.997059703E-1,1.772281428E2,1.850717062E-1,-6.971400385E-2,1.772280261E2
2.721870211E2,2.419120833E-2,6.437659031E-4,1.606961596E-3,9.997058511E-1,1.772276213E2,1.858751195E-1,-6.929378443E-2,1.772275047E2
2.721920211E2,2.418139291E-2,6.509776576E-4,1.603461336E-3,9.997060895E-1,1.772287464E2,1.854934417E-1,-7.013147256E-2,1.772286287E2
2.721970211E2,2.417458242E-2,6.567512173E-4,1.592276152E-3,9.997062683E-1,1.772295270E2,1.842276044E-1,-7.082512991E-2,1.772294090E2
2.722020211E2,2.417682749E-2,6.543532363E-4,1.596592949E-3,9.997062087E-1,1.772292697E2,1.847156439E-1,-7.053804840E-2,1.772291518E2
2.722070211E2,2.417890908E-2,6.519925664E-4,1.603343524E-3,9.997061491E-1,1.772290311E2,1.854825834E-1,-7.024852570E-2,1.772289132E2
2.722120211E2,2.417154911E-2,6.570292753E-4,1.600766205E-3,9.997063279E-1,1.772298747E2,1.852007657E-1,-7.083402538E-2,1.772297561E2
2.722170211E2,2.416669920E-2,6.609917036E-4,1.597910421E-3,9.997064471E-1,1.772304306E2,1.848842429E-1,-7.129676042E-2,1.772303115E2
2.722220211E2,2.417433676E-2,6.559199537E-4,1.596343238E-3,9.997062683E-1,1.772295552E2,1.846912023E-1,-7.071868030E-2,1.772294371E2
2.722270211E2,2.417441139E-2,6.555761793E-4,1.595354057E-3,9.997062683E-1,1.772295466E2,1.845769363E-1,-7.068202475E-2,1.772294287E2
2.722320211E2,2.417454892E-2,6.559203612E-4,1.593127032E-3,9.997062683E-1,1.772295309E2,1.843227754E-1,-7.072759770E-2,1.772294130E2
2.722370211E2,2.417476521E-2,6.563126226E-4,1.589679625E-3,9.997062683E-1,1.772295061E2,1.839289485E-1,-7.078204499E-2,1.772293884E2
2.722420211E2,2.418225291E-2,6.510576350E-4,1.590406056E-3,9.997060895E-1,1.772286478E2,1.839981336E-1,-7.017665386E-2,1.772285310E2
2.722470211E2,2.417725107E-2,6.550442195E-4,1.589881373E-3,9.997062087E-1,1.772292211E2,1.839487218E-1,-7.063572303E-2,1.772291036E2
2.722520211E2,2.416981452E-2,6.599483895E-4,1.588485553E-3,9.997063875E-1,1.772300735E2,1.838018783E-1,-7.120276916E-2,1.772299552E2
2.722570211E2,2.417480366E-2,6.562449853E-4,1.589122810E-3,9.997062683E-1,1.772295017E2,1.838649761E-1,-7.077583210E-2,1.772293840E2
2.722620211E2,2.418226110E-2,6.511659594E-4,1.590237138E-3,9.997060895E-1,1.772286468E2,1.839790833E-1,-7.018952988E-2,1.772285301E2
2.722670211E2,2.417202175E-2,6.569303223E-4,1.593654160E-3,9.997063279E-1,1.772298205E2,1.843857814E-1,-7.084230256E-2,1.772297024E2
2.722720211E2,2.416158118E-2,6.640349166E-4,1.599462936E-3,9.997065663E-1,1.772310173E2,1.850701582E-1,-7.164203258E-2,1.772308974E2
2.722770211E2,2.416887780E-2,6.587716634E-4,1.603158657E-3,9.997063875E-1,1.772301809E2,1.854794779E-1,-7.102749836E-2,1.772300618E2
2.722820211E2,2.417620641E-2,6.551287370E-4,1.605654019E-3,9.997062087E-1,1.772293409E2,1.857557693E-1,-7.060189911E-2,1.772292223E2
2.722870211E2,2.417388272E-2,6.564250798E-4,1.602997538E-3,9.997062683E-1,1.772296072E2,1.854548748E-1,-7.075819634E-2,1.772294885E2
2.722920211E2,2.416924133E-2,6.596269086E-4,1.597315888E-3,9.997063875E-1,1.772301392E2,1.848125351E-1,-7.114158885E-2,1.772300204E2
2.722970211E2,2.417410151E-2,6.566646625E-4,1.599596348E-3,9.997062683E-1,1.772295821E2,1.850659196E-1,-7.079502407E-2,1.772294637E2
2.723020211E2,2.418425658E-2,6.499107112E-4,1.597857103E-3,9.997060299E-1,1.772284181E2,1.848486742E-1,-7.002424582E-2,1.772283010E2
2.723070211E2,2.417427107E-2,6.564281648E-4,1.597128925E-3,9.997062683E-1,1.772295627E2,1.847826126E-1,-7.077473547E-2,1.772294444E2
2.723120211E2,2.416713476E-2,6.610687124E-4,1.591277309E-3,9.997064471E-1,1.772303807E2,1.841246092E-1,-7.132387206E-2,1.772302620E2
2.723170211E2,2.417235151E-2,6.582208443E-4,1.588110230E-3,9.997063279E-1,1.772297827E2,1.837542768E-1,-7.100543837E-2,1.772296648E2
2.723220211E2,2.417228612E-2,6.572813727E-4,1.589494059E-3,9.997063279E-1,1.772297902E2,1.839101986E-1,-7.089399315E-2,1.772296724E2
2.723270211E2,2.415991593E-2,6.665451801E-4,1.586264349E-3,9.997066259E-1,1.772312082E2,1.835649815E-1,-7.196645380E-2,1.772310888E2
2.723320211E2,2.416747989E-2,6.609917618E-4,1.586059108E-3,9.997064471E-1,1.772303411E2,1.835266325E-1,-7.132944506E-2,1.772302228E2
2.723370211E2,2.416728678E-2,6.607428659E-4,1.589102321E-3,9.997064471E-1,1.772303633E2,1.838745546E-1,-7.129253935E-2,1.772302448E2
2.723420211E2,2.416252195E-2,6.639645435E-4,1.585217076E-3,9.997065663E-1,1.772309094E2,1.834380491E-1,-7.167324262E-2,1.772307906E2
2.723470211E2,2.417074651E-2,6.589830737E-4,1.574644819E-3,9.997063875E-1,1.772299667E2,1.822136998E-1,-7.113035045E-2,1.772298496E2
2.723520211E2,2.418325271E-2,6.505930796E-4,1.575322240E-3,9.997060895E-1,1.772285332E2,1.822689405E-1,-7.016505338E-2,1.772284176E2
2.723570211E2,2.417581674E-2,6.562156486E-4,1.573647605E-3,9.997062683E-1,1.772293855E2,1.820921538E-1,-7.081515855E-2,1.772292690E2
2.723620211E2,2.416602928E-2,6.617348990E-4,1.570203574E-3,9.997065067E-1,1.772305074E2,1.817122041E-1,-7.145875309E-2,1.772303901E2
2.723670211E2,2.417141141E-2,6.583427894E-4,1.564674778E-3,9.997063875E-1,1.772298905E2,1.810698226E-1,-7.108449622E-2,1.772297742E2
2.723720211E2,2.418155022E-2,6.511528045E-4,1.563354745E-3,9.997061491E-1,1.772287283E2,1.808993969E-1,-7.026264808E-2,1.772286134E2
2.723770211E2,2.417364009E-2,6.566364318E-4,1.569037791E-3,9.997063279E-1,1.772296350E2,1.815650730E-1,-7.087652925E-2,1.772295187E2
2.723820211E2,2.417114933E-2,6.587347016E-4,1.568553620E-3,9.997063875E-1,1.772299205E2,1.815152432E-1,-7.111869622E-2,1.772298039E2
2.723870211E2,2.417883063E-2,6.537972949E-4,1.566197141E-3,9.997062087E-1,1.772290401E2,1.812321537E-1,-7.055821181E-2,1.772289245E2
2.723920211E2,2.418150579E-2,6.521013565E-4,1.563646598E-3,9.997061491E-1,1.772287334E2,1.809354567E-1,-7.037051151E-2,1.772286183E2
2.723970211E2,2.417125757E-2,6.593759172E-4,1.566615072E-3,9.997063875E-1,1.772299081E2,1.812949504E-1,-7.119750258E-2,1.772297915E2
2.724020211E2,2.417386922E-2,6.573955761E-4,1.565185026E-3,9.997063279E-1,1.772296088E2,1.811258264E-1,-7.097412674E-2,1.772294926E2
2.724070211E2,2.417099484E-2,6.580651971E-4,1.571213128E-3,9.997063875E-1,1.772299382E2,1.818180462E-1,-7.103466060E-2,1.772298215E2
2.724120211E2,2.417830967E-2,6.543017225E-4,1.574009424E-3,9.997062087E-1,1.772290998E2,1.821284763E-1,-7.059444655E-2,1.772289836E2
2.724170211E2,2.417063232E-2,6.591887213E-4,1.576310722E-3,9.997063875E-1,1.772299798E2,1.824051044E-1,-7.114931550E-2,1.772298625E2
2.724220211E2,2.416322946E-2,6.644484820E-4,1.574191730E-3,9.997065663E-1,1.772308284E2,1.821763950E-1,-7.175908127E-2,1.772307102E2
2.724270211E2,2.417332394E-2,6.571045960E-4,1.573705697E-3,9.997063279E-1,1.772296713E2,1.821010948E-1,-7.091728767E-2,1.772295545E2
2.724320211E2,2.418052172E-2,6.530211540E-4,1.578411204E-3,9.997061491E-1,1.772288462E2,1.826293440E-1,-7.043514693E-2,1.772287299E2
2.724370211E2,2.417793720E-2,6.542144110E-4,1.579756616E-3,9.997062087E-1,1.772291425E2,1.827865964E-1,-7.056858840E-2,1.772290259E2
2.724420211E2,2.417057750E-2,6.591695710E-4,1.577159157E-3,9.997063875E-1,1.772299861E2,1.825022427E-1,-7.114478163E-2,1.772298687E2
2.724470211E2,2.417592049E-2,6.559500471E-4,1.572163659E-3,9.997062683E-1,1.772293736E2,1.819214270E-1,-7.078882413E-2,1.772292572E2
2.724520211E2,2.417858496E-2,6.542612100E-4,1.569791813E-3,9.997062087E-1,1.772290682E2,1.816452213E-1,-7.060144145E-2,1.772289523E2
2.724570211E2,2.417591315E-2,6.562346243E-4,1.572157722E-3,9.997062683E-1,1.772293745E2,1.819215348E-1,-7.082144249E-2,1.772292580E2
2.724620211E2,2.418628005E-2,6.478867144E-4,1.567768399E-3,9.997060299E-1,1.772281862E2,1.813962965E-1,-6.987540259E-2,1.772280716E2
2.724670211E2,2.419103769E-2,6.448718486E-4,1.571617671E-3,9.997059107E-1,1.772276408E2,1.818292364E-1,-6.951849166E-2,1.772275265E2
2.724720211E2,2.419112760E-2,6.452185917E-4,1.570090535E-3,9.997059107E-1,1.772276305E2,1.816552580E-1,-6.956243101E-2,1.772275163E2
2.724770211E2,2.418387610E-2,6.498532603E-4,1.566030318E-3,9.997060895E-1,1.772284617E2,1.812024675E-1,-7.010593908E-2,1.772283469E2
2.724820211E2,2.418654964E-2,6.483420148E-4,1.563415164E-3,9.997060299E-1,1.772281553E2,1.808988786E-1,-6.993957776E-2,1.772280409E2
2.724870211E2,2.418358856E-2,6.498689763E-4,1.570457942E-3,9.997060895E-1,1.772284947E2,1.817097118E-1,-7.009552108E-2,1.772283795E2
2.724920211E2,2.417853726E-2,6.540894392E-4,1.570597873E-3,9.997062087E-1,1.772290737E2,1.817370828E-1,-7.057953899E-2,1.772289577E2
2.724970211E2,2.417889773E-2,6.545065553E-4,1.564864418E-3,9.997062087E-1,1.772290324E2,1.810814495E-1,-7.064314378E-2,1.772289168E2
2.725020211E2,2.417658590E-2,6.554542924E-4,1.562105841E-3,9.997062683E-1,1.772292974E2,1.807678942E-1,-7.075977612E-2,1.772291818E2
2.725070211E2,2.418151551E-2,6.514569395E-4,1.563764876E-3,9.997061491E-1,1.772287323E2,1.809472212E-1,-7.029635892E-2,1.772286173E2
2.725120211E2,2.417387733E-2,6.573927240E-4,1.565061044E-3,9.997063279E-1,1.772296078E2,1.811116158E-1,-7.097414199E-2,1.772294917E2
2.725170211E2,2.417166478E-2,6.584553630E-4,1.560708275E-3,9.997063875E-1,1.772298615E2,1.806157568E-1,-7.110833370E-2,1.772297454E2
2.725220211E2,2.418149495E-2,6.525003118E-4,1.563647878E-3,9.997061491E-1,1.772287347E2,1.809367083E-1,-7.041621342E-2,1.772286195E2
2.725270211E2,2.417348881E-2,6.570084370E-4,1.571211265E-3,9.997063279E-1,1.772296524E2,1.818150824E-1,-7.091315192E-2,1.772295358E2
2.725320211E2,2.417117496E-2,6.586661329E-4,1.568187494E-3,9.997063875E-1,1.772299176E2,1.814731123E-1,-7.111185064E-2,1.772298010E2
2.725370211E2,2.417129315E-2,6.580741610E-4,1.566613559E-3,9.997063875E-1,1.772299041E2,1.812911735E-1,-7.104837381E-2,1.772297876E2
2.725420211E2,2.417096084E-2,6.587103126E-4,1.571465749E-3,9.997063875E-1,1.772299421E2,1.818487707E-1,-7.110787016E-2,1.772298253E2
2.725470211E2,2.417079392E-2,6.594292936E-4,1.573730027E-3,9.997063875E-1,1.772299613E2,1.821101423E-1,-7.118399372E-2,1.772298441E2
2.725520211E2,2.416590505E-2,6.624202942E-4,1.571825589E-3,9.997065067E-1,1.772305217E2,1.818999088E-1,-7.153280126E-2,1.772304041E2
2.725570211E2,2.416340862E-2,6.638495252E-4,1.571692294E-3,9.997065663E-1,1.772308078E2,1.818884179E-1,-7.169735439E-2,1.772306900E2
2.725620211E2,2.416547371E-2,6.630212883E-4,1.578190946E-3,9.997065067E-1,1.772305711E2,1.826307468E-1,-7.158410094E-2,1.772304530E2
2.725670211E2,2.415810696E-2,6.672669551E-4,1.575913513E-3,9.997066855E-1,1.772314155E2,1.823810753E-1,-7.207812670E-2,1.772312967E2
2.725720211E2,2.415562477E-2,6.690392620E-4,1.575399772E-3,9.997067451E-1,1.772317000E2,1.823269495E-1,-7.228303357E-2,1.772315810E2
2.725770211E2,2.415820275E-2,6.669376744E-4,1.574583934E-3,9.997066855E-1,1.772314045E2,1.822278561E-1,-7.204406836E-2,1.772312859E2
2.725820211E2,2.416344160E-2,6.641238579E-4,1.571069239E-3,9.997065663E-1,1.772308040E2,1.818178039E-1,-7.173050066E-2,1.772306862E2
2.725870211E2,2.416089851E-2,6.650292780E-4,1.571869594E-3,9.997066259E-1,1.772310955E2,1.819118159E-1,-7.183247029E-2,1.772309775E2
2.725920211E2,2.416091821E-2,6.663015229E-4,1.571027795E-3,9.997066259E-1,1.772310933E2,1.818189050E-1,-7.198054324E-2,1.772309750E2
2.725970211E2,2.416077856E-2,6.656271289E-4,1.573459478E-3,9.997066259E-1,1.772311093E2,1.820955971E-1,-7.189657872E-2,1.772309910E2
2.726020211E2,2.415577137E-2,6.690273876E-4,1.573155401E-3,9.997067451E-1,1.772316832E2,1.820698158E-1,-7.228785933E-2,1.772315643E2
2.726070211E2,2.415602603E-2,6.696237833E-4,1.568985870E-3,9.997067451E-1,1.772316540E2,1.815938308E-1,-7.236767694E-2,1.772315353E2
2.726120211E2,2.415349828E-2,6.703908439E-4,1.569595071E-3,9.997068048E-1,1.772319438E2,1.816655602E-1,-7.245432280E-2,1.772318249E2
2.726170211E2,2.416087146E-2,6.656333571E-4,1.572029665E-3,9.997066259E-1,1.772310986E2,1.819318241E-1,-7.190123409E-2,1.772309804E2
2.726220211E2,2.415558971E-2,6.691426388E-4,1.575893490E-3,9.997067451E-1,1.772317041E2,1.823837925E-1,-7.229351592E-2,1.772315849E2
2.726270211E2,2.414811855E-2,6.739211967E-4,1.574923401E-3,9.997069240E-1,1.772325604E2,1.822853453E-1,-7.284498556E-2,1.772324405E2
2.726320211E2,2.415559678E-2,6.684609689E-4,1.576074399E-3,9.997067451E-1,1.772317032E2,1.824026306E-1,-7.221492311E-2,1.772315842E2
2.726370211E2,2.416289266E-2,6.649337593E-4,1.579148695E-3,9.997065663E-1,1.772308670E2,1.827455762E-1,-7.180100926E-2,1.772307484E2
2.726420211E2,2.415531227E-2,6.691735471E-4,1.580127166E-3,9.997067451E-1,1.772317359E2,1.828688609E-1,-7.228538801E-2,1.772316164E2
2.726470211E2,2.415820440E-2,6.670276634E-4,1.574520487E-3,9.997066855E-1,1.772314043E2,1.822208371E-1,-7.205455267E-2,1.772312857E2
2.726520211E2,2.417061548E-2,6.593728904E-4,1.576491864E-3,9.997063875E-1,1.772299817E2,1.824263647E-1,-7.116991486E-2,1.772298644E2
2.726570211E2,2.417044398E-2,6.597902975E-4,1.578944735E-3,9.997063875E-1,1.772300014E2,1.827085054E-1,-7.121096937E-2,1.772298838E2
2.726620211E2,2.416568721E-2,6.616534665E-4,1.575493487E-3,9.997065067E-1,1.772305466E2,1.823179575E-1,-7.143483714E-2,1.772304289E2
2.726670211E2,2.416845544E-2,6.611470017E-4,1.571058179E-3,9.997064471E-1,1.772302293E2,1.818086513E-1,-7.138859684E-2,1.772301120E2
2.726720211E2,2.417309824E-2,6.569428369E-4,1.577236108E-3,9.997063279E-1,1.772296971E2,1.825050685E-1,-7.088901821E-2,1.772295802E2
2.726770211E2,2.417026321E-2,6.594787119E-4,1.581839519E-3,9.997063875E-1,1.772300221E2,1.830392509E-1,-7.116728975E-2,1.772299044E2
2.726820211E2,2.416538365E-2,6.630413700E-4,1.579560922E-3,9.997065067E-1,1.772305814E2,1.827877381E-1,-7.158262407E-2,1.772304632E2
2.726870211E2,2.416778672E-2,6.605500821E-4,1.581561402E-3,9.997064471E-1,1.772303060E2,1.830101815E-1,-7.129124741E-2,1.772301880E2
2.726920211E2,2.417505303E-2,6.550192484E-4,1.585831516E-3,9.997062683E-1,1.772294731E2,1.834845528E-1,-7.064448647E-2,1.772293559E2
2.726970211E2,2.416728483E-2,6.614954909E-4,1.588818850E-3,9.997064471E-1,1.772303635E2,1.838441651E-1,-7.137954397E-2,1.772302449E2
2.727020211E2,2.416523920E-2,6.618642365E-4,1.582262223E-3,9.997065067E-1,1.772305980E2,1.830939241E-1,-7.144031987E-2,1.772304798E2
2.727070211E2,2.417033819E-2,6.598845357E-4,1.580524025E-3,9.997063875E-1,1.772300135E2,1.828896797E-1,-7.121741007E-2,1.772298958E2
2.727120211E2,2.417285812E-2,6.578433677E-4,1.580537530E-3,9.997063279E-1,1.772297247E2,1.828857515E-1,-7.098307964E-2,1.772296073E2
2.727170211E2,2.416053281E-2,6.654104218E-4,1.577319927E-3,9.997066259E-1,1.772311375E2,1.825372259E-1,-7.186110947E-2,1.772310189E2
2.727220211E2,2.416093391E-2,6.657488411E-4,1.571020694E-3,9.997066259E-1,1.772310915E2,1.818165623E-1,-7.191724594E-2,1.772309733E2
2.727270211E2,2.416597457E-2,6.618892075E-4,1.570980297E-3,9.997065067E-1,1.772305137E2,1.818016077E-1,-7.147428930E-2,1.772303963E2
2.727320211E2,2.416104088E-2,6.660327199E-4,1.569254207E-3,9.997066259E-1,1.772310792E2,1.816149904E-1,-7.195463807E-2,1.772309612E2
2.727370211E2,2.415869308E-2,6.678333157E-4,1.566661405E-3,9.997066855E-1,1.772313483E2,1.813227797E-1,-7.216851540E-2,1.772312301E2
2.727420211E2,2.416643745E-2,6.625899114E-4,1.563546946E-3,9.997065067E-1,1.772304606E2,1.809520294E-1,-7.157506218E-2,1.772303436E2
2.727470211E2,2.417412291E-2,6.566359662E-4,1.561581623E-3,9.997063279E-1,1.772295797E2,1.807109402E-1,-7.089704382E-2,1.772294639E2
2.727520211E2,2.416650376E-2,6.618087646E-4,1.562852645E-3,9.997065067E-1,1.772304530E2,1.808703327E-1,-7.148748638E-2,1.772303362E2
2.727570211E2,2.416896599E-2,6.606603856E-4,1.563390018E-3,9.997064471E-1,1.772301708E2,1.809288884E-1,-7.135399661E-2,1.772300541E2
2.727620211E2,2.417933097E-2,6.537486333E-4,1.558474032E-3,9.997062087E-1,1.772289827E2,1.803473083E-1,-7.057394624E-2,1.772288677E2
2.727670211E2,2.417920270E-2,6.534761051E-4,1.560577075E-3,9.997062087E-1,1.772289974E2,1.805874650E-1,-7.053692188E-2,1.772288823E2
2.727720211E2,2.418156996E-2,6.523251068E-4,1.562560443E-3,9.997061491E-1,1.772287261E2,1.808116533E-1,-7.039914213E-2,1.772286110E2
2.727770211E2,2.417663488E-2,6.548226229E-4,1.561612589E-3,9.997062683E-1,1.772292918E2,1.807096414E-1,-7.068877109E-2,1.772291763E2
2.727820211E2,2.417149640E-2,6.584551884E-4,1.563313999E-3,9.997063875E-1,1.772298808E2,1.809142516E-1,-7.110112634E-2,1.772297645E2
2.727870211E2,2.417397126E-2,6.572777056E-4,1.563657890E-3,9.997063279E-1,1.772295971E2,1.809505610E-1,-7.096483580E-2,1.772294810E2
2.727920211E2,2.417133477E-2,6.591902347E-4,1.565501676E-3,9.997063875E-1,1.772298993E2,1.811668928E-1,-7.117930124E-2,1.772297827E2
2.727970211E2,2.416619682E-2,6.615784951E-4,1.567689003E-3,9.997065067E-1,1.772304882E2,1.814237180E-1,-7.144776908E-2,1.772303711E2
2.728020211E2,2.417144073E-2,6.593654398E-4,1.563790953E-3,9.997063875E-1,1.772298871E2,1.809714082E-1,-7.120409181E-2,1.772297707E2
2.728070211E2,2.417396229E-2,6.574260187E-4,1.563734142E-3,9.997063279E-1,1.772295981E2,1.809597065E-1,-7.098161663E-2,1.772294820E2
2.728120211E2,2.416384078E-2,6.630764692E-4,1.565361745E-3,9.997065663E-1,1.772307583E2,1.811610912E-1,-7.162624592E-2,1.772306410E2
2.728170211E2,2.416162858E-2,6.652464508E-4,1.560514793E-3,9.997066259E-1,1.772310119E2,1.806116829E-1,-7.188865595E-2,1.772308946E2
2.728220211E2,2.416682675E-2,6.622517249E-4,1.557662035E-3,9.997065067E-1,1.772304160E2,1.802769552E-1,-7.155254763E-2,1.772302995E2
2.728270211E2,2.417185016E-2,6.587498356E-4,1.557709998E-3,9.997063875E-1,1.772298402E2,1.802731083E-1,-7.115033964E-2,1.772297243E2
2.728320211E2,2.416695181E-2,6.622566143E-4,1.555718482E-3,9.997065067E-1,1.772304017E2,1.800543275E-1,-7.155846778E-2,1.772302853E2
2.728370211E2,2.417694486E-2,6.558169262E-4,1.556387520E-3,9.997062683E-1,1.772292562E2,1.801138435E-1,-7.081709693E-2,1.772291410E2
2.728420211E2,2.417447711E-2,6.577055319E-4,1.555636874E-3,9.997063279E-1,1.772295391E2,1.800329085E-1,-7.103597585E-2,1.772294235E2
2.728470211E2,2.417176732E-2,6.585476804E-4,1.559080440E-3,9.997063875E-1,1.772298497E2,1.804295378E-1,-7.112339997E-2,1.772297337E2
2.728520211E2,2.417707152E-2,6.558994646E-4,1.554383896E-3,9.997062683E-1,1.772292417E2,1.798845495E-1,-7.083208080E-2,1.772291266E2
2.728570211E2,2.417474379E-2,6.561757764E-4,1.552134752E-3,9.997063279E-1,1.772295085E2,1.796274921E-1,-7.087038425E-2,1.772293935E2
2.728620211E2,2.416939502E-2,6.598244654E-4,1.557097887E-3,9.997064471E-1,1.772301216E2,1.802057878E-1,-7.127558515E-2,1.772300056E2
2.728670211E2,2.415915974E-2,6.663763197E-4,1.560071716E-3,9.997066855E-1,1.772312948E2,1.805638756E-1,-7.201976417E-2,1.772311774E2
2.728720211E2,2.415424293E-2,6.711930619E-4,1.557748416E-3,9.997068048E-1,1.772318584E2,1.803107017E-1,-7.257887946E-2,1.772317402E2
2.728770211E2,2.415925402E-2,6.664308021E-4,1.558587770E-3,9.997066855E-1,1.772312840E2,1.803940349E-1,-7.203009694E-2,1.772311667E2
2.728820211E2,2.416399080E-2,6.641446380E-4,1.562590711E-3,9.997065663E-1,1.772307411E2,1.808466151E-1,-7.175625929E-2,1.772306238E2
2.728870211E2,2.415633410E-2,6.695480552E-4,1.564268023E-3,9.997067451E-1,1.772316187E2,1.810531747E-1,-7.237200582E-2,1.772315004E2
2.728920211E2,2.416194526E-2,6.646724069E-4,1.555849216E-3,9.997066259E-1,1.772309756E2,1.800756355E-1,-7.183575582E-2,1.772308587E2
2.728970211E2,2.415941534E-2,6.666652625E-4,1.555984723E-3,9.997066855E-1,1.772312655E2,1.800964950E-1,-7.206413390E-2,1.772311483E2
2.729020211E2,2.415408910E-2,6.707677967E-4,1.560314791E-3,9.997068048E-1,1.772318761E2,1.806035131E-1,-7.252308601E-2,1.772317578E2
2.729070211E2,2.414904350E-2,6.735512870E-4,1.560836332E-3,9.997069240E-1,1.772324544E2,1.806705976E-1,-7.284142534E-2,1.772323356E2
2.729120211E2,2.415197152E-2,6.726565189E-4,1.554079354E-3,9.997068644E-1,1.772321188E2,1.798942660E-1,-7.275709485E-2,1.772320006E2
2.729170211E2,2.415401848E-2,6.707417779E-4,1.561418758E-3,9.997068048E-1,1.772318842E2,1.807299045E-1,-7.251706236E-2,1.772317658E2
2.729220211E2,2.414668017E-2,6.751171313E-4,1.558545046E-3,9.997069836E-1,1.772327253E2,1.804122726E-1,-7.302757276E-2,1.772326063E2
2.729270211E2,2.414178844E-2,6.790306070E-4,1.556158299E-3,9.997071028E-1,1.772332860E2,1.801493213E-1,-7.348337873E-2,1.772331665E2
2.729320211E2,2.414154979E-2,6.796155358E-4,1.559601398E-3,9.997071028E-1,1.772333134E2,1.805453580E-1,-7.354090455E-2,1.772331935E2
2.729370211E2,2.413642662E-2,6.826299941E-4,1.561165438E-3,9.997072220E-1,1.772339006E2,1.807324935E-1,-7.388283419E-2,1.772337801E2
2.729420211E2,2.413115598E-2,6.852511433E-4,1.565153128E-3,9.997073412E-1,1.772345048E2,1.811961765E-1,-7.417303346E-2,1.772343835E2
2.729470211E2,2.413376010E-2,6.842272705E-4,1.563519589E-3,9.997072816E-1,1.772342063E2,1.810064021E-1,-7.405978639E-2,1.772340853E2
2.729520211E2,2.413386354E-2,6.845023599E-4,1.561801531E-3,9.997072816E-1,1.772341944E2,1.808103527E-1,-7.409603294E-2,1.772340735E2
2.729570211E2,2.413087950E-2,6.860793219E-4,1.569048152E-3,9.997073412E-1,1.772345365E2,1.816446540E-1,-7.425718712E-2,1.772344147E2
2.729620211E2,2.412368277E-2,6.911742385E-4,1.563536702E-3,9.997075200E-1,1.772353614E2,1.810268225E-1,-7.485739502E-2,1.772352391E2
2.729670211E2,2.412904049E-2,6.872387603E-4,1.558812335E-3,9.997074008E-1,1.772347473E2,1.804751248E-1,-7.441864745E-2,1.772346260E2
2.729720211E2,2.414432160E-2,6.777994568E-4,1.555685303E-3,9.997070432E-1,1.772329957E2,1.800919152E-1,-7.334319282E-2,1.772328764E2
2.729770211E2,2.414405159E-2,6.781669799E-4,1.559710479E-3,9.997070432E-1,1.772330266E2,1.805540299E-1,-7.337420722E-2,1.772329070E2
2.729820211E2,2.414439323E-2,6.765122525E-4,1.555133844E-3,9.997070432E-1,1.772329875E2,1.800251843E-1,-7.319724615E-2,1.772328685E2
2.729870211E2,2.415473315E-2,6.705997512E-4,1.550385263E-3,9.997068048E-1,1.772318022E2,1.794655844E-1,-7.253120413E-2,1.772316847E2
2.729920211E2,2.415950881E-2,6.676659686E-4,1.554103219E-3,9.997066855E-1,1.772312548E2,1.798837306E-1,-7.218396507E-2,1.772311376E2
2.729970211E2,2.415926027E-2,6.679365761E-4,1.557846088E-3,9.997066855E-1,1.772312833E2,1.803132386E-1,-7.220464764E-2,1.772311657E2
2.730020211E2,2.415951681E-2,6.671940209E-4,1.554181566E-3,9.997066855E-1,1.772312539E2,1.798913998E-1,-7.212968134E-2,1.772311367E2
2.730070211E2,2.416183661E-2,6.656788755E-4,1.557105687E-3,9.997066259E-1,1.772309880E2,1.802223538E-1,-7.194759541E-2,1.772308709E2
2.730120211E2,2.415675132E-2,6.682457752E-4,1.558370772E-3,9.997067451E-1,1.772315709E2,1.803740204E-1,-7.223906893E-2,1.772314532E2
2.730170211E2,2.415933368E-2,6.679033977E-4,1.556721516E-3,9.997066855E-1,1.772312749E2,1.801843230E-1,-7.220394702E-2,1.772311574E2
2.730220211E2,2.415457648E-2,6.710320595E-4,1.552637434E-3,9.997068048E-1,1.772318202E2,1.797247747E-1,-7.257452255E-2,1.772317024E2
2.730270211E2,2.415470613E-2,6.702046958E-4,1.550976885E-3,9.997068048E-1,1.772318053E2,1.795322641E-1,-7.248431459E-2,1.772316878E2
2.730320211E2,2.415166001E-2,6.715637282E-4,1.559384051E-3,9.997068644E-1,1.772321545E2,1.804989159E-1,-7.261728118E-2,1.772320361E2
2.730370211E2,2.415422370E-2,6.711956230E-4,1.558045507E-3,9.997068048E-1,1.772318606E2,1.803447418E-1,-7.257835398E-2,1.772317424E2
2.730420211E2,2.415690133E-2,6.691571907E-4,1.555651892E-3,9.997067451E-1,1.772315537E2,1.800650842E-1,-7.235097847E-2,1.772314361E2
2.730470211E2,2.416430913E-2,6.637266488E-4,1.557838288E-3,9.997065663E-1,1.772307046E2,1.803010509E-1,-7.172147786E-2,1.772305878E2
2.730520211E2,2.416144043E-2,6.658447674E-4,1.563170459E-3,9.997066259E-1,1.772310334E2,1.809175548E-1,-7.194987881E-2,1.772309158E2
2.730570211E2,2.415649773E-2,6.693954929E-4,1.561804558E-3,9.997067451E-1,1.772316000E2,1.807705538E-1,-7.236131845E-2,1.772314818E2
2.730620211E2,2.415915839E-2,6.673283642E-4,1.559685566E-3,9.997066855E-1,1.772312950E2,1.805222748E-1,-7.212989779E-2,1.772311774E2
2.730670211E2,2.416886942E-2,6.601936184E-4,1.565079321E-3,9.997064471E-1,1.772301819E2,1.811211123E-1,-7.129586338E-2,1.772300652E2
2.730720211E2,2.417129544E-2,6.581160123E-4,1.566560590E-3,9.997063875E-1,1.772299038E2,1.812852215E-1,-7.105331451E-2,1.772297874E2
2.730770211E2,2.417130880E-2,6.580670015E-4,1.566375024E-3,9.997063875E-1,1.772299023E2,1.812638286E-1,-7.104821152E-2,1.772297859E2
2.730820211E2,2.417387920E-2,6.574465078E-4,1.565009588E-3,9.997063279E-1,1.772296076E2,1.811058703E-1,-7.098044557E-2,1.772294915E2
2.730870211E2,2.418382872E-2,6.507896469E-4,1.566373161E-3,9.997060895E-1,1.772284672E2,1.812443350E-1,-7.021226802E-2,1.772283521E2
2.730920211E2,2.418604391E-2,6.493850960E-4,1.570788561E-3,9.997060299E-1,1.772282132E2,1.817464179E-1,-7.003872612E-2,1.772280982E2
2.730970211E2,2.417587257E-2,6.559268804E-4,1.572909998E-3,9.997062683E-1,1.772293791E2,1.820068586E-1,-7.078411121E-2,1.772292627E2
2.731020211E2,2.417798559E-2,6.533485721E-4,1.579374308E-3,9.997062087E-1,1.772291369E2,1.827404041E-1,-7.047045009E-2,1.772290205E2
2.731070211E2,2.418036651E-2,6.523412885E-4,1.581067801E-3,9.997061491E-1,1.772288640E2,1.829317842E-1,-7.034992991E-2,1.772287477E2
2.731120211E2,2.418272016E-2,6.498426083E-4,1.583784586E-3,9.997060895E-1,1.772285942E2,1.832362548E-1,-7.005572672E-2,1.772284781E2
2.731170211E2,2.418553412E-2,6.493433029E-4,1.578635536E-3,9.997060299E-1,1.772282717E2,1.826452019E-1,-7.001228257E-2,1.772281560E2
2.731220211E2,2.418806681E-2,6.463586469E-4,1.578802243E-3,9.997059703E-1,1.772279814E2,1.826562032E-1,-6.966944183E-2,1.772278663E2
2.731270211E2,2.418790376E-2,6.480658194E-4,1.580599346E-3,9.997059703E-1,1.772280001E2,1.828667972E-1,-6.986006042E-2,1.772278845E2
2.731320211E2,2.419033332E-2,6.451280206E-4,1.582317869E-3,9.997059107E-1,1.772277216E2,1.830556934E-1,-6.951830398E-2,1.772276065E2
2.731370211E2,2.419786251E-2,6.399497506E-4,1.582271419E-3,9.997057319E-1,1.772268585E2,1.830365353E-1,-6.892384253E-2,1.772267444E2
2.731420211E2,2.420009425E-2,6.385032902E-4,1.586377854E-3,9.997056723E-1,1.772266027E2,1.835031031E-1,-6.874634235E-2,1.772264886E2
2.731470211E2,2.420236401E-2,6.380097475E-4,1.589508494E-3,9.997056127E-1,1.772263426E2,1.838605308E-1,-6.868070368E-2,1.772262283E2
2.731520211E2,2.419493193E-2,6.420961581E-4,1.588545274E-3,9.997057915E-1,1.772271945E2,1.837610065E-1,-6.915287176E-2,1.772270795E2
2.731570211E2,2.419250872E-2,6.446290645E-4,1.586913830E-3,9.997058511E-1,1.772274722E2,1.835809663E-1,-6.944800456E-2,1.772273569E2
2.731620211E2,2.419245263E-2,6.438908749E-4,1.588068204E-3,9.997058511E-1,1.772274786E2,1.837111588E-1,-6.936024907E-2,1.772273634E2
2.731670211E2,2.418746104E-2,6.465534098E-4,1.587976352E-3,9.997059703E-1,1.772280508E2,1.837076707E-1,-6.966643535E-2,1.772279350E2
2.731720211E2,2.418259204E-2,6.514381967E-4,1.585084829E-3,9.997060895E-1,1.772286089E2,1.833896215E-1,-7.023493420E-2,1.772284924E2
2.731770211E2,2.418758709E-2,6.479543517E-4,1.585483435E-3,9.997059703E-1,1.772280364E2,1.834259787E-1,-6.983381106E-2,1.772279205E2
2.731820211E2,2.418724373E-2,6.482309545E-4,1.590600237E-3,9.997059703E-1,1.772280757E2,1.840128933E-1,-6.985137848E-2,1.772279595E2
2.731870211E2,2.418234927E-2,6.513298140E-4,1.588828745E-3,9.997060895E-1,1.772286367E2,1.838182006E-1,-7.021218745E-2,1.772285200E2
2.731920211E2,2.418266026E-2,6.499034935E-4,1.584673999E-3,9.997060895E-1,1.772286011E2,1.833383090E-1,-7.006024780E-2,1.772284849E2
2.731970211E2,2.420004906E-2,6.396717508E-4,1.586596482E-3,9.997056723E-1,1.772266079E2,1.835313863E-1,-6.887960069E-2,1.772264935E2
2.732020211E2,2.419767189E-2,6.407561013E-4,1.584858168E-3,9.997057319E-1,1.772268804E2,1.833350916E-1,-6.900907828E-2,1.772267659E2
2.732070211E2,2.419058334E-2,6.451905938E-4,1.578465337E-3,9.997059107E-1,1.772276929E2,1.826145449E-1,-6.953610628E-2,1.772275781E2
2.732120211E2,2.420560457E-2,6.359902327E-4,1.578421681E-3,9.997055531E-1,1.772259711E2,1.825850659E-1,-6.847950985E-2,1.772258580E2
2.732170211E2,2.420288536E-2,6.362716667E-4,1.582250232E-3,9.997056127E-1,1.772262828E2,1.830242521E-1,-6.850162824E-2,1.772261693E2
2.732220211E2,2.420782050E-2,6.340109394E-4,1.582978875E-3,9.997054935E-1,1.772257171E2,1.831017903E-1,-6.823971931E-2,1.772256040E2
2.732270211E2,2.420573497E-2,6.353707868E-4,1.576670562E-3,9.997055531E-1,1.772259562E2,1.823827514E-1,-6.841338105E-2,1.772258433E2
2.732320211E2,2.421104217E-2,6.311957841E-4,1.572440378E-3,9.997054338E-1,1.772253478E2,1.818869281E-1,-6.794587017E-2,1.772252360E2
2.732370211E2,2.421846339E-2,6.269643782E-4,1.573533867E-3,9.997052550E-1,1.772244972E2,1.820009560E-1,-6.745674451E-2,1.772243860E2
2.732420211E2,2.422340663E-2,6.239470094E-4,1.574379858E-3,9.997051358E-1,1.772239305E2,1.820898280E-1,-6.710783304E-2,1.772238199E2
2.732470211E2,2.421622840E-2,6.281297537E-4,1.569593325E-3,9.997053146E-1,1.772247533E2,1.815526182E-1,-6.760158965E-2,1.772246423E2
2.732520211E2,2.422149375E-2,6.241443916E-4,1.565860934E-3,9.997051954E-1,1.772241498E2,1.811143354E-1,-6.715443905E-2,1.772240397E2
2.732570211E2,2.422869286E-2,6.191003486E-4,1.570641878E-3,9.997050166E-1,1.772233246E2,1.816485091E-1,-6.656202600E-2,1.772232151E2
2.732620211E2,2.422636178E-2,6.219017087E-4,1.567551517E-3,9.997050762E-1,1.772235918E2,1.813021058E-1,-6.689194682E-2,1.772234820E2
2.732670211E2,2.422156977E-2,6.243989337E-4,1.564583043E-3,9.997051954E-1,1.772241411E2,1.809686543E-1,-6.718713210E-2,1.772240310E2
2.732720211E2,2.422419166E-2,6.237421185E-4,1.562336227E-3,9.997051358E-1,1.772238406E2,1.807096161E-1,-6.711765134E-2,1.772237308E2
2.732770211E2,2.422210057E-2,6.239390932E-4,1.556528383E-3,9.997051954E-1,1.772240802E2,1.800446867E-1,-6.715671551E-2,1.772239708E2
2.732820211E2,2.421958860E-2,6.263181567E-4,1.556379022E-3,9.997052550E-1,1.772243682E2,1.800340110E-1,-6.743012278E-2,1.772242583E2
2.732870211E2,2.422183299E-2,6.249833386E-4,1.560268807E-3,9.997051954E-1,1.772241109E2,1.804760635E-1,-6.726600776E-2,1.772240011E2
2.732920211E2,2.421931666E-2,6.270959857E-4,1.560292672E-3,9.997052550E-1,1.772243993E2,1.804844921E-1,-6.750841603E-2,1.772242891E2
2.732970211E2,2.421419576E-2,6.292195758E-4,1.562536461E-3,9.997053742E-1,1.772249863E2,1.807470838E-1,-6.774638823E-2,1.772248755E2
2.733020211E2,2.421430186E-2,6.291011232E-4,1.560939243E-3,9.997053742E-1,1.772249742E2,1.805637879E-1,-6.773723145E-2,1.772248635E2
2.733070211E2,2.422164651E-2,6.249067374E-4,1.563191763E-3,9.997051954E-1,1.772241323E2,1.808106867E-1,-6.724915288E-2,1.772240222E2
2.733120211E2,2.422404024E-2,6.238297210E-4,1.564647420E-3,9.997051358E-1,1.772238579E2,1.809746151E-1,-6.712129843E-2,1.772237480E2
2.733170211E2,2.422653875E-2,6.216831389E-4,1.564900973E-3,9.997050762E-1,1.772235715E2,1.809978694E-1,-6.687423448E-2,1.772234620E2
2.733220211E2,2.421914383E-2,6.262776442E-4,1.563301194E-3,9.997052550E-1,1.772244192E2,1.808268596E-1,-6.740634990E-2,1.772243089E2
2.733270211E2,2.421653284E-2,6.287044380E-4,1.564658480E-3,9.997053146E-1,1.772247184E2,1.809889070E-1,-6.768106376E-2,1.772246076E2
2.733320211E2,2.421870072E-2,6.260463269E-4,1.570243156E-3,9.997052550E-1,1.772244700E2,1.816214460E-1,-6.736066431E-2,1.772243592E2
2.733370211E2,2.421890196E-2,6.258644862E-4,1.567208907E-3,9.997052550E-1,1.772244469E2,1.812733569E-1,-6.734821772E-2,1.772243364E2
2.733420211E2,2.421674117E-2,6.274236366E-4,1.561945886E-3,9.997053146E-1,1.772246946E2,1.806746167E-1,-6.754182807E-2,1.772245841E2
2.733470211E2,2.422402173E-2,6.227321574E-4,1.565371058E-3,9.997051358E-1,1.772238600E2,1.810544654E-1,-6.699355849E-2,1.772237502E2
2.733520211E2,2.422365285E-2,6.236016052E-4,1.570724067E-3,9.997051358E-1,1.772239023E2,1.816700851E-1,-6.707836770E-2,1.772237920E2
2.733570211E2,2.421340270E-2,6.297173677E-4,1.574579161E-3,9.997053742E-1,1.772250772E2,1.821280009E-1,-6.777014190E-2,1.772249655E2
2.733620211E2,2.421115192E-2,6.321656401E-4,1.570359571E-3,9.997054338E-1,1.772253352E2,1.816512531E-1,-6.806272804E-2,1.772252234E2
2.733670211E2,2.422344400E-2,6.233920576E-4,1.574024674E-3,9.997051358E-1,1.772239263E2,1.820476008E-1,-6.704523813E-2,1.772238158E2
2.733720211E2,2.421587994E-2,6.285571144E-4,1.574789756E-3,9.997053146E-1,1.772247933E2,1.821490742E-1,-6.763619008E-2,1.772246818E2
2.733770211E2,2.421108250E-2,6.321776309E-4,1.571424655E-3,9.997054338E-1,1.772253432E2,1.817732957E-1,-6.806115921E-2,1.772252312E2
2.733820211E2,2.421865392E-2,6.263806717E-4,1.570831519E-3,9.997052550E-1,1.772244753E2,1.816897726E-1,-6.739734170E-2,1.772243645E2
2.733870211E2,2.422587772E-2,6.220305222E-4,1.574963913E-3,9.997050762E-1,1.772236473E2,1.821515812E-1,-6.688621294E-2,1.772235370E2
2.733920211E2,2.421839763E-2,6.264814874E-4,1.574737951E-3,9.997052550E-1,1.772245047E2,1.821375489E-1,-6.739809583E-2,1.772243936E2
2.733970211E2,2.421352219E-2,6.304651033E-4,1.572441077E-3,9.997053742E-1,1.772250635E2,1.818851490E-1,-6.786171182E-2,1.772249518E2
2.734020211E2,2.422117558E-2,6.246828707E-4,1.570560737E-3,9.997051954E-1,1.772241863E2,1.816542095E-1,-6.720313864E-2,1.772240758E2
2.734070211E2,2.422613622E-2,6.223986275E-4,1.570836874E-3,9.997050762E-1,1.772236177E2,1.816798346E-1,-6.693979276E-2,1.772235076E2
2.734120211E2,2.422118905E-2,6.252444582E-4,1.570129534E-3,9.997051954E-1,1.772241847E2,1.816063715E-1,-6.726866729E-2,1.772240742E2
2.734170211E2,2.421878103E-2,6.260047667E-4,1.569020562E-3,9.997052550E-1,1.772244607E2,1.814812780E-1,-6.735928183E-2,1.772243501E2
2.734220211E2,2.422344865E-2,6.238605711E-4,1.573767513E-3,9.997051358E-1,1.772239257E2,1.820194418E-1,-6.709962302E-2,1.772238152E2
2.734270211E2,2.421348360E-2,6.297712098E-4,1.573313144E-3,9.997053742E-1,1.772250680E2,1.819831232E-1,-6.777980811E-2,1.772249563E2
2.734320211E2,2.420871437E-2,6.332280464E-4,1.569565735E-3,9.997054935E-1,1.772256146E2,1.815630943E-1,-6.818708021E-2,1.772255026E2
2.734370211E2,2.421144016E-2,6.312709884E-4,1.566270133E-3,9.997054338E-1,1.772253022E2,1.811803118E-1,-6.797153261E-2,1.772251908E2
2.734420211E2,2.420654498E-2,6.342960405E-4,1.564621343E-3,9.997055531E-1,1.772258633E2,1.809994887E-1,-6.832353697E-2,1.772257514E2
2.734470211E2,2.420414729E-2,6.367721362E-4,1.562623540E-3,9.997056127E-1,1.772261381E2,1.807773286E-1,-6.861316862E-2,1.772260259E2
2.734520211E2,2.419948896E-2,6.404771120E-4,1.556981704E-3,9.997057319E-1,1.772266721E2,1.801409657E-1,-6.905409093E-2,1.772265596E2
2.734570211E2,2.419975555E-2,6.397921825E-4,1.553114969E-3,9.997057319E-1,1.772266415E2,1.796961183E-1,-6.898630206E-2,1.772265295E2
2.734620211E2,2.420461912E-2,6.362359272E-4,1.555517432E-3,9.997056127E-1,1.772260841E2,1.799618108E-1,-6.857136699E-2,1.772259725E2
2.734670211E2,2.420201835E-2,6.386485766E-4,1.556688454E-3,9.997056723E-1,1.772263822E2,1.801024744E-1,-6.884497535E-2,1.772262700E2
2.734720211E2,2.420205633E-2,6.390016642E-4,1.555952826E-3,9.997056723E-1,1.772263778E2,1.800191841E-1,-6.888745771E-2,1.772262657E2
2.734770211E2,2.420690615E-2,6.344322464E-4,1.558968099E-3,9.997055531E-1,1.772258219E2,1.803522659E-1,-6.835475727E-2,1.772257104E2
2.734820211E2,2.421164417E-2,6.313527701E-4,1.563080354E-3,9.997054338E-1,1.772252788E2,1.808151373E-1,-6.798971463E-2,1.772251676E2
2.734870211E2,2.420684767E-2,6.356581580E-4,1.559376833E-3,9.997055531E-1,1.772258286E2,1.804024867E-1,-6.849407178E-2,1.772257168E2
2.734920211E2,2.419691249E-2,6.411332288E-4,1.558482880E-3,9.997057915E-1,1.772269674E2,1.803145792E-1,-6.912555596E-2,1.772268547E2
2.734970211E2,2.420923208E-2,6.326696021E-4,1.561786397E-3,9.997054935E-1,1.772255553E2,1.806703936E-1,-6.814459414E-2,1.772254439E2
2.735020211E2,2.421174766E-2,6.312911864E-4,1.561501413E-3,9.997054338E-1,1.772252669E2,1.806340929E-1,-6.798702191E-2,1.772251558E2
2.735070211E2,2.420953575E-2,6.337718223E-4,1.556623843E-3,9.997054935E-1,1.772255205E2,1.800820597E-1,-6.828512983E-2,1.772254093E2
2.735120211E2,2.421465758E-2,6.298799417E-4,1.555096009E-3,9.997053742E-1,1.772249334E2,1.798965831E-1,-6.784260141E-2,1.772248230E2
2.735170211E2,2.421676429E-2,6.285467534E-4,1.561135636E-3,9.997053146E-1,1.772246919E2,1.805849145E-1,-6.767273428E-2,1.772245813E2
2.735220211E2,2.421936328E-2,6.268604193E-4,1.559663680E-3,9.997052550E-1,1.772243940E2,1.804117853E-1,-6.748316738E-2,1.772242838E2
2.735270211E2,2.421676329E-2,6.281321403E-4,1.561318059E-3,9.997053146E-1,1.772246920E2,1.806046618E-1,-6.762473103E-2,1.772245815E2
2.735320211E2,2.421920702E-2,6.260181544E-4,1.562425867E-3,9.997052550E-1,1.772244119E2,1.807258678E-1,-6.737904130E-2,1.772243017E2
2.735370211E2,2.422682402E-2,6.219165516E-4,1.560385339E-3,9.997050762E-1,1.772235388E2,1.804812340E-1,-6.691345884E-2,1.772234295E2
2.735420211E2,2.422444291E-2,6.236294284E-4,1.558480901E-3,9.997051358E-1,1.772238118E2,1.802676611E-1,-6.711539890E-2,1.772237023E2
2.735470211E2,2.421471442E-2,6.294939085E-4,1.554367016E-3,9.997053742E-1,1.772249269E2,1.798120036E-1,-6.780039094E-2,1.772248166E2
2.735520211E2,2.421946472E-2,6.272597238E-4,1.557926880E-3,9.997052550E-1,1.772243824E2,1.802139359E-1,-6.753371295E-2,1.772242723E2
2.735570211E2,2.422675954E-2,6.218067138E-4,1.561429934E-3,9.997050762E-1,1.772235462E2,1.806005915E-1,-6.689798760E-2,1.772234369E2
2.735620211E2,2.421946523E-2,6.272190367E-4,1.557935379E-3,9.997052550E-1,1.772243823E2,1.802147965E-1,-6.752902824E-2,1.772242722E2
2.735670211E2,2.421979208E-2,6.266015698E-4,1.553095062E-3,9.997052550E-1,1.772243449E2,1.796586071E-1,-6.747166795E-2,1.772242352E2
2.735720211E2,2.422476660E-2,6.221603835E-4,1.554030227E-3,9.997051358E-1,1.772237746E2,1.797537435E-1,-6.695940534E-2,1.772236657E2
2.735770211E2,2.421702363E-2,6.286377902E-4,1.557070646E-3,9.997053146E-1,1.772246622E2,1.801195070E-1,-6.769439749E-2,1.772245519E2
2.735820211E2,2.421216032E-2,6.318748929E-4,1.554852584E-3,9.997054338E-1,1.772252196E2,1.798740631E-1,-6.807226349E-2,1.772251089E2
2.735870211E2,2.421205409E-2,6.322429399E-4,1.556356438E-3,9.997054338E-1,1.772252318E2,1.800473558E-1,-6.811027267E-2,1.772251209E2
2.735920211E2,2.421910604E-2,6.272578030E-4,1.563493628E-3,9.997052550E-1,1.772244235E2,1.808516226E-1,-6.751810750E-2,1.772243130E2
2.735970211E2,2.422136635E-2,6.256828783E-4,1.567217056E-3,9.997051954E-1,1.772241644E2,1.812739524E-1,-6.732694364E-2,1.772240539E2
2.736020211E2,2.421687807E-2,6.273841136E-4,1.559837721E-3,9.997053146E-1,1.772246789E2,1.804330088E-1,-6.754312616E-2,1.772245686E2
2.736070211E2,2.422689028E-2,6.213653251E-4,1.559575903E-3,9.997050762E-1,1.772235312E2,1.803869805E-1,-6.685254683E-2,1.772234221E2
2.736120211E2,2.422895305E-2,6.203804514E-4,1.566116582E-3,9.997050166E-1,1.772232948E2,1.811336715E-1,-6.672118918E-2,1.772231854E2
2.736170211E2,2.421930691E-2,6.266826531E-4,1.560610137E-3,9.997052550E-1,1.772244005E2,1.805197124E-1,-6.746018621E-2,1.772242903E2
2.736220211E2,2.422209310E-2,6.243297830E-4,1.556487870E-3,9.997051954E-1,1.772240811E2,1.800411297E-1,-6.720158588E-2,1.772239716E2
2.736270211E2,2.422193335E-2,6.253402098E-4,1.558566932E-3,9.997051954E-1,1.772240994E2,1.802820972E-1,-6.731159599E-2,1.772239896E2
2.736320211E2,2.421134164E-2,6.316232611E-4,1.567650470E-3,9.997054338E-1,1.772253135E2,1.813394114E-1,-6.800807629E-2,1.772252019E2
2.736370211E2,2.420413117E-2,6.375255762E-4,1.562566031E-3,9.997056127E-1,1.772261400E2,1.807728293E-1,-6.869964352E-2,1.772260277E2
2.736420211E2,2.421188503E-2,6.318705273E-4,1.559135155E-3,9.997054338E-1,1.772252512E2,1.803646356E-1,-6.805993052E-2,1.772251401E2
2.736470211E2,2.421881466E-2,6.261244416E-4,1.568453736E-3,9.997052550E-1,1.772244569E2,1.814166779E-1,-6.737455859E-2,1.772243463E2
2.736520211E2,2.421369064E-2,6.306387368E-4,1.569775282E-3,9.997053742E-1,1.772250442E2,1.815802538E-1,-6.788896929E-2,1.772249327E2
2.736570211E2,2.421168311E-2,6.321208784E-4,1.562166377E-3,9.997054338E-1,1.772252743E2,1.807125678E-1,-6.808023631E-2,1.772251630E2
2.736620211E2,2.421196820E-2,6.320896791E-4,1.557754236E-3,9.997054338E-1,1.772252417E2,1.802070539E-1,-6.808885258E-2,1.772251307E2
2.736670211E2,2.420668383E-2,6.341877743E-4,1.562515623E-3,9.997055531E-1,1.772258474E2,1.807579703E-1,-6.831695034E-2,1.772257357E2
2.736720211E2,2.420144739E-2,6.376397214E-4,1.565951039E-3,9.997056723E-1,1.772264476E2,1.811607419E-1,-6.870381707E-2,1.772263350E2
2.736770211E2,2.419655662E-2,6.424362655E-4,1.563463476E-3,9.997057915E-1,1.772270082E2,1.808887362E-1,-6.926108289E-2,1.772268949E2
2.736820211E2,2.420392306E-2,6.369640469E-4,1.566014835E-3,9.997056127E-1,1.772261638E2,1.811663461E-1,-6.862578767E-2,1.772260514E2
2.736870211E2,2.419616776E-2,6.421423750E-4,1.569590182E-3,9.997057915E-1,1.772270528E2,1.815897587E-1,-6.921049768E-2,1.772269391E2
2.736920211E2,2.419865117E-2,6.407249020E-4,1.569847693E-3,9.997057319E-1,1.772267681E2,1.816154995E-1,-6.904694980E-2,1.772266547E2
2.736970211E2,2.419886978E-2,6.402245490E-4,1.566678868E-3,9.997057319E-1,1.772267431E2,1.812511121E-1,-6.899837819E-2,1.772266300E2
2.737020211E2,2.420405141E-2,6.372421631E-4,1.563916565E-3,9.997056127E-1,1.772261491E2,1.809267524E-1,-6.866344477E-2,1.772260368E2
2.737070211E2,2.420658457E-2,6.350399926E-4,1.563706901E-3,9.997055531E-1,1.772258588E2,1.808967984E-1,-6.841129201E-2,1.772257468E2
2.737120211E2,2.420435647E-2,6.367124734E-4,1.559404540E-3,9.997056127E-1,1.772261142E2,1.804084147E-1,-6.861522459E-2,1.772260022E2
2.737170211E2,2.419667689E-2,6.416935357E-4,1.561906422E-3,9.997057915E-1,1.772269944E2,1.807083115E-1,-6.918029306E-2,1.772268814E2
2.737220211E2,2.420667188E-2,6.350013427E-4,1.562370337E-3,9.997055531E-1,1.772258488E2,1.807435828E-1,-6.841055619E-2,1.772257369E2
2.737270211E2,2.421409831E-2,6.305950228E-4,1.563491882E-3,9.997053742E-1,1.772249975E2,1.808603453E-1,-6.790132294E-2,1.772248864E2
2.737320211E2,2.420153549E-2,6.381092826E-4,1.564397477E-3,9.997056723E-1,1.772264375E2,1.809840771E-1,-6.876190170E-2,1.772263250E2
2.737370211E2,2.419676534E-2,6.423990708E-4,1.560245175E-3,9.997057915E-1,1.772269843E2,1.805199647E-1,-6.926570808E-2,1.772268712E2
2.737420211E2,2.420652226E-2,6.358494284E-4,1.564342412E-3,9.997055531E-1,1.772258659E2,1.809718427E-1,-6.850226761E-2,1.772257538E2
2.737470211E2,2.420372667E-2,6.366613088E-4,1.569170039E-3,9.997056127E-1,1.772261864E2,1.815269474E-1,-6.858239078E-2,1.772260737E2
2.737520211E2,2.419349600E-2,6.435830146E-4,1.572218956E-3,9.997058511E-1,1.772273590E2,1.818947160E-1,-6.936873137E-2,1.772272449E2
2.737570211E2,2.420092293E-2,6.386614405E-4,1.573621295E-3,9.997056723E-1,1.772265077E2,1.820422304E-1,-6.879968586E-2,1.772263944E2
2.737620211E2,2.420826239E-2,6.333654746E-4,1.576466253E-3,9.997054935E-1,1.772256664E2,1.823539556E-1,-6.818376251E-2,1.772255539E2
2.737670211E2,2.420589499E-2,6.356798694E-4,1.574087073E-3,9.997055531E-1,1.772259378E2,1.820876600E-1,-6.845592607E-2,1.772258250E2
2.737720211E2,2.420373145E-2,6.373750512E-4,1.568806591E-3,9.997056127E-1,1.772261858E2,1.814872916E-1,-6.866516279E-2,1.772260731E2
2.737770211E2,2.419880504E-2,6.398669793E-4,1.567824511E-3,9.997057319E-1,1.772267505E2,1.813813588E-1,-6.895425052E-2,1.772266374E2
2.737820211E2,2.420101609E-2,6.388532929E-4,1.572109992E-3,9.997056723E-1,1.772264971E2,1.818696367E-1,-6.882583847E-2,1.772263838E2
2.737870211E2,2.419618629E-2,6.425736356E-4,1.569128013E-3,9.997057915E-1,1.772270507E2,1.815380107E-1,-6.926118011E-2,1.772269370E2
2.737920211E2,2.419638641E-2,6.417297409E-4,1.566385035E-3,9.997057915E-1,1.772270277E2,1.812214538E-1,-6.917207477E-2,1.772269144E2
2.737970211E2,2.420347076E-2,6.369126495E-4,1.573010697E-3,9.997056127E-1,1.772262157E2,1.819676058E-1,-6.860057773E-2,1.772261028E2
2.738020211E2,2.420341860E-2,6.376344245E-4,1.573520713E-3,9.997056127E-1,1.772262217E2,1.820280308E-1,-6.868185763E-2,1.772261086E2
2.738070211E2,2.419620757E-2,6.413693773E-4,1.569292508E-3,9.997057915E-1,1.772270482E2,1.815535170E-1,-6.912276286E-2,1.772269347E2
2.738120211E2,2.420376136E-2,6.370707997E-4,1.568468753E-3,9.997056127E-1,1.772261824E2,1.814477476E-1,-6.863124001E-2,1.772260697E2
2.738170211E2,2.420865426E-2,6.338822423E-4,1.570228604E-3,9.997054935E-1,1.772256215E2,1.816408423E-1,-6.826019545E-2,1.772255094E2
2.738220211E2,2.420853797E-2,6.339882966E-4,1.571977627E-3,9.997054935E-1,1.772256349E2,1.818414936E-1,-6.826751378E-2,1.772255225E2
2.738270211E2,2.421100451E-2,6.324076094E-4,1.572533278E-3,9.997054338E-1,1.772253521E2,1.819009303E-1,-6.808444336E-2,1.772252401E2
2.738320211E2,2.421114554E-2,6.319620879E-4,1.570539782E-3,9.997054338E-1,1.772253360E2,1.816713325E-1,-6.803891070E-2,1.772252241E2
2.738370211E2,2.421872900E-2,6.271837046E-4,1.569352811E-3,9.997052550E-1,1.772244667E2,1.815226086E-1,-6.749342572E-2,1.772243558E2
2.738420211E2,2.422130537E-2,6.257069181E-4,1.568149659E-3,9.997051954E-1,1.772241714E2,1.813808523E-1,-6.732712004E-2,1.772240609E2
2.738470211E2,2.421138818E-2,6.311821635E-4,1.567109139E-3,9.997054338E-1,1.772253082E2,1.812761767E-1,-6.795903859E-2,1.772251967E2
2.738520211E2,2.421387193E-2,6.305244169E-4,1.567022409E-3,9.997053742E-1,1.772250235E2,1.812645847E-1,-6.788347885E-2,1.772249121E2
2.738570211E2,2.421897112E-2,6.266907440E-4,1.565809362E-3,9.997052550E-1,1.772244390E2,1.811153257E-1,-6.744674377E-2,1.772243284E2
2.738620211E2,2.422624948E-2,6.216604379E-4,1.569381799E-3,9.997050762E-1,1.772236047E2,1.815111020E-1,-6.685924644E-2,1.772234948E2
2.738670211E2,2.422605166E-2,6.221805816E-4,1.572226756E-3,9.997050762E-1,1.772236273E2,1.818384459E-1,-6.691097065E-2,1.772235172E2
2.738720211E2,2.422600332E-2,6.208737614E-4,1.573487767E-3,9.997050762E-1,1.772236329E2,1.819792734E-1,-6.675777217E-2,1.772235229E2
2.738770211E2,2.422088388E-2,6.245514960E-4,1.575105009E-3,9.997051954E-1,1.772242197E2,1.821744086E-1,-6.717552845E-2,1.772241089E2
2.738820211E2,2.421872694E-2,6.260505179E-4,1.569836983E-3,9.997052550E-1,1.772244669E2,1.815749290E-1,-6.736226694E-2,1.772243562E2
2.738870211E2,2.422123998E-2,6.243642420E-4,1.569694141E-3,9.997051954E-1,1.772241789E2,1.815540537E-1,-6.716903090E-2,1.772240685E2
2.738920211E2,2.422111963E-2,6.244285614E-4,1.571524539E-3,9.997051954E-1,1.772241927E2,1.817639112E-1,-6.717134051E-2,1.772240822E2
2.738970211E2,2.421870716E-2,6.274767802E-4,1.569572720E-3,9.997052550E-1,1.772244692E2,1.815486129E-1,-6.752639346E-2,1.772243583E2
2.739020211E2,2.421633927E-2,6.281094975E-4,1.567889936E-3,9.997053146E-1,1.772247406E2,1.813574324E-1,-6.760397608E-2,1.772246297E2
2.739070211E2,2.421646870E-2,6.280388916E-4,1.565917977E-3,9.997053146E-1,1.772247258E2,1.811313412E-1,-6.760133657E-2,1.772246150E2
2.739120211E2,2.422135145E-2,6.248882855E-4,1.567764324E-3,9.997051954E-1,1.772241661E2,1.813344397E-1,-6.723440049E-2,1.772240558E2
2.739170211E2,2.421146003E-2,6.312599871E-4,1.565967337E-3,9.997054338E-1,1.772252999E2,1.811455949E-1,-6.797110885E-2,1.772251885E2
2.739220211E2,2.421172129E-2,6.320872344E-4,1.561588142E-3,9.997054338E-1,1.772252700E2,1.806462355E-1,-6.807797957E-2,1.772251587E2
2.739270211E2,2.421407749E-2,6.299201050E-4,1.564086298E-3,9.997053742E-1,1.772249999E2,1.809265663E-1,-6.782236017E-2,1.772248889E2
2.739320211E2,2.421633724E-2,6.285404670E-4,1.567748608E-3,9.997053146E-1,1.772247409E2,1.813424380E-1,-6.765373958E-2,1.772246298E2
2.739370211E2,2.420600670E-2,6.353696808E-4,1.572493697E-3,9.997055531E-1,1.772259250E2,1.819042728E-1,-6.842479108E-2,1.772258124E2
2.739420211E2,2.420350884E-2,6.376288366E-4,1.572134439E-3,9.997056127E-1,1.772262113E2,1.818692125E-1,-6.868504608E-2,1.772260983E2
2.739470211E2,2.421137649E-2,6.309323944E-4,1.567390282E-3,9.997054338E-1,1.772253095E2,1.813076901E-1,-6.792964767E-2,1.772251981E2
2.739520211E2,2.421114416E-2,6.319393287E-4,1.570570166E-3,9.997054338E-1,1.772253361E2,1.816747500E-1,-6.803621941E-2,1.772252243E2
2.739570211E2,2.421388039E-2,6.297610234E-4,1.567198546E-3,9.997053742E-1,1.772250225E2,1.812826447E-1,-6.779553587E-2,1.772249113E2
2.739620211E2,2.421902781E-2,6.261431845E-4,1.565151382E-3,9.997052550E-1,1.772244325E2,1.810384328E-1,-6.738583244E-2,1.772243221E2
2.739670211E2,2.422394276E-2,6.229365245E-4,1.566511346E-3,9.997051358E-1,1.772238691E2,1.811856567E-1,-6.701381923E-2,1.772237592E2
2.739720211E2,2.421389872E-2,6.291979807E-4,1.567141502E-3,9.997053742E-1,1.772250204E2,1.812745487E-1,-6.773118988E-2,1.772249093E2
2.739770211E2,2.421176564E-2,6.307871663E-4,1.561426208E-3,9.997054338E-1,1.772252649E2,1.806240803E-1,-6.792948786E-2,1.772251539E2
2.739820211E2,2.421692370E-2,6.278660148E-4,1.558935153E-3,9.997053146E-1,1.772246736E2,1.803309528E-1,-6.760082826E-2,1.772245633E2
2.739870211E2,2.422675153E-2,6.214807509E-4,1.561683952E-3,9.997050762E-1,1.772235471E2,1.806287858E-1,-6.685994222E-2,1.772234378E2
2.739920211E2,2.421697196E-2,6.286496646E-4,1.557869255E-3,9.997053146E-1,1.772246681E2,1.802110236E-1,-6.769355082E-2,1.772245577E2
2.739970211E2,2.420965806E-2,6.324212882E-4,1.555270166E-3,9.997054935E-1,1.772255065E2,1.799232461E-1,-6.813414907E-2,1.772253956E2
2.740020211E2,2.421468509E-2,6.298101507E-4,1.554695889E-3,9.997053742E-1,1.772249302E2,1.798505544E-1,-6.783571165E-2,1.772248199E2
2.740070211E2,2.422177804E-2,6.256016204E-4,1.560873934E-3,9.997051954E-1,1.772241172E2,1.805470983E-1,-6.733516702E-2,1.772240072E2
2.740120211E2,2.421679746E-2,6.277174689E-4,1.560954726E-3,9.997053146E-1,1.772246881E2,1.805618905E-1,-6.757822930E-2,1.772245777E2
2.740170211E2,2.421450539E-2,6.296032225E-4,1.557575772E-3,9.997053742E-1,1.772249508E2,1.801798819E-1,-6.780404736E-2,1.772248403E2
2.740220211E2,2.420675114E-2,6.350439508E-4,1.561124576E-3,9.997055531E-1,1.772258397E2,1.806009944E-1,-6.841887868E-2,1.772257279E2
2.740270211E2,2.420152314E-2,6.384006701E-4,1.564469654E-3,9.997056723E-1,1.772264389E2,1.809931530E-1,-6.879508450E-2,1.772263263E2
2.740320211E2,2.420143411E-2,6.377876271E-4,1.566096093E-3,9.997056723E-1,1.772264491E2,1.811777683E-1,-6.872036095E-2,1.772263365E2
2.740370211E2,2.420156589E-2,6.390362396E-4,1.563548576E-3,9.997056723E-1,1.772264340E2,1.808894017E-1,-6.887044077E-2,1.772263214E2
2.740420211E2,2.420129503E-2,6.382344873E-4,1.568062115E-3,9.997056723E-1,1.772264651E2,1.814042221E-1,-6.876612498E-2,1.772263522E2
2.740470211E2,2.420093262E-2,6.379576516E-4,1.573757734E-3,9.997056723E-1,1.772265066E2,1.820559093E-1,-6.871868116E-2,1.772263934E2
2.740520211E2,2.420347545E-2,6.364416913E-4,1.573129208E-3,9.997056127E-1,1.772262152E2,1.819798762E-1,-6.854629621E-2,1.772261023E2
2.740570211E2,2.420102443E-2,6.390180206E-4,1.571914530E-3,9.997056723E-1,1.772264961E2,1.818477025E-1,-6.884524989E-2,1.772263829E2
2.740620211E2,2.421125488E-2,6.324219867E-4,1.568667940E-3,9.997054338E-1,1.772253234E2,1.814581813E-1,-6.809676930E-2,1.772252116E2
2.740670211E2,2.421337306E-2,6.306755240E-4,1.574651571E-3,9.997053742E-1,1.772250806E2,1.821389529E-1,-6.787971069E-2,1.772249688E2
2.740720211E2,2.421090146E-2,6.313850754E-4,1.574529451E-3,9.997054338E-1,1.772253639E2,1.821267641E-1,-6.796178449E-2,1.772252519E2
2.740770211E2,2.421589876E-2,6.286038551E-4,1.574481721E-3,9.997053146E-1,1.772247911E2,1.821139173E-1,-6.764239599E-2,1.772246796E2
2.740820211E2,2.421568833E-2,6.287252181E-4,1.577666379E-3,9.997053146E-1,1.772248152E2,1.824790683E-1,-6.764749988E-2,1.772247035E2
2.740870211E2,2.422040278E-2,6.253353786E-4,1.582176075E-3,9.997051954E-1,1.772242749E2,1.829866004E-1,-6.724578976E-2,1.772241635E2
2.740920211E2,2.422313574E-2,6.233042805E-4,1.578796073E-3,9.997051358E-1,1.772239616E2,1.825939389E-1,-6.702199387E-2,1.772238508E2
2.740970211E2,2.422791360E-2,6.200807984E-4,1.582233002E-3,9.997050166E-1,1.772234139E2,1.829790369E-1,-6.664230384E-2,1.772233035E2
2.741020211E2,2.422297543E-2,6.232943269E-4,1.581257675E-3,9.997051358E-1,1.772239800E2,1.828758971E-1,-6.701404983E-2,1.772238690E2
2.741070211E2,2.422311390E-2,6.231652806E-4,1.579186064E-3,9.997051358E-1,1.772239641E2,1.826382282E-1,-6.700499177E-2,1.772238533E2
2.741120211E2,2.422854239E-2,6.206905236E-4,1.572334440E-3,9.997050166E-1,1.772233418E2,1.818468113E-1,-6.673952088E-2,1.772232320E2
2.741170211E2,2.422618457E-2,6.223902456E-4,1.570094377E-3,9.997050762E-1,1.772236121E2,1.815947555E-1,-6.694088510E-2,1.772235021E2
2.741220211E2,2.422105966E-2,6.251754821E-4,1.572151668E-3,9.997051954E-1,1.772241996E2,1.818378233E-1,-6.725517633E-2,1.772240889E2
2.741270211E2,2.421595097E-2,6.292748731E-4,1.573410234E-3,9.997053146E-1,1.772247851E2,1.819930355E-1,-6.772223027E-2,1.772246736E2
2.741320211E2,2.421314289E-2,6.306099240E-4,1.578213065E-3,9.997053742E-1,1.772251070E2,1.825467535E-1,-6.786235541E-2,1.772249949E2
2.741370211E2,2.421566342E-2,6.291124155E-4,1.577894436E-3,9.997053146E-1,1.772248181E2,1.825062671E-1,-6.769122805E-2,1.772247063E2
2.741420211E2,2.420810153E-2,6.333452184E-4,1.578942640E-3,9.997054935E-1,1.772256849E2,1.826375787E-1,-6.817460144E-2,1.772255722E2
2.741470211E2,2.420812389E-2,6.333483034E-4,1.578598516E-3,9.997054935E-1,1.772256823E2,1.825981666E-1,-6.817590543E-2,1.772255697E2
2.741520211E2,2.421547636E-2,6.280507660E-4,1.581184682E-3,9.997053146E-1,1.772248395E2,1.828802327E-1,-6.756051149E-2,1.772247277E2
2.741570211E2,2.421501341E-2,6.291143945E-4,1.587837818E-3,9.997053146E-1,1.772248926E2,1.836453241E-1,-6.766398102E-2,1.772247801E2
2.741620211E2,2.421518141E-2,6.291414611E-4,1.585262828E-3,9.997053146E-1,1.772248734E2,1.833504244E-1,-6.767419637E-2,1.772247610E2
2.741670211E2,2.422031381E-2,6.253616302E-4,1.583527075E-3,9.997051954E-1,1.772242851E2,1.831414353E-1,-6.724506360E-2,1.772241736E2
2.741720211E2,2.422495460E-2,6.220856449E-4,1.589077991E-3,9.997050762E-1,1.772237531E2,1.837685548E-1,-6.685351392E-2,1.772236418E2
2.741770211E2,2.421477824E-2,6.284491392E-4,1.591682900E-3,9.997053146E-1,1.772249196E2,1.840839475E-1,-6.757714420E-2,1.772248069E2
2.741820211E2,2.420759141E-2,6.338173407E-4,1.586555736E-3,9.997054935E-1,1.772257434E2,1.835109962E-1,-6.820766045E-2,1.772256301E2
2.741870211E2,2.420766517E-2,6.329866010E-4,1.585761784E-3,9.997054935E-1,1.772257349E2,1.834177428E-1,-6.811468166E-2,1.772256218E2
2.741920211E2,2.421208332E-2,6.305185962E-4,1.594422036E-3,9.997053742E-1,1.772252285E2,1.844032981E-1,-6.780711289E-2,1.772251153E2
2.741970211E2,2.420717715E-2,6.336122751E-4,1.592945540E-3,9.997054935E-1,1.772257908E2,1.842424034E-1,-6.816651895E-2,1.772256772E2
2.742020211E2,2.419992532E-2,6.393588264E-4,1.588608720E-3,9.997056723E-1,1.772266221E2,1.837610284E-1,-6.883819507E-2,1.772265076E2
2.742070211E2,2.420737873E-2,6.343274727E-4,1.589594060E-3,9.997054935E-1,1.772257677E2,1.838604618E-1,-6.825771055E-2,1.772256542E2
2.742120211E2,2.420702894E-2,6.335597136E-4,1.595217036E-3,9.997054935E-1,1.772258078E2,1.845024659E-1,-6.815422371E-2,1.772256940E2
2.742170211E2,2.419955607E-2,6.384123117E-4,1.594602945E-3,9.997056723E-1,1.772266644E2,1.844450656E-1,-6.871320914E-2,1.772265497E2
2.742220211E2,2.420478980E-2,6.363599095E-4,1.590719447E-3,9.997055531E-1,1.772260645E2,1.839948453E-1,-6.848789673E-2,1.772259505E2
2.742270211E2,2.421451631E-2,6.286185235E-4,1.595596084E-3,9.997053146E-1,1.772249496E2,1.845326871E-1,-6.758573805E-2,1.772248367E2
2.742320211E2,2.422432321E-2,6.217108457E-4,1.598819974E-3,9.997050762E-1,1.772238255E2,1.848834955E-1,-6.678364990E-2,1.772237136E2
2.742370211E2,2.421972659E-2,6.261658855E-4,1.592167304E-3,9.997051954E-1,1.772243524E2,1.841334367E-1,-6.731332401E-2,1.772242401E2
2.742420211E2,2.421005779E-2,6.313051563E-4,1.587480772E-3,9.997054338E-1,1.772254606E2,1.836101647E-1,-6.791685088E-2,1.772253478E2
2.742470211E2,2.422484781E-2,6.228495040E-4,1.590406173E-3,9.997050762E-1,1.772237653E2,1.839228224E-1,-6.693735243E-2,1.772236539E2
2.742520211E2,2.422239174E-2,6.237882189E-4,1.589980209E-3,9.997051358E-1,1.772240469E2,1.838764663E-1,-6.704652380E-2,1.772239352E2
2.742570211E2,2.420497279E-2,6.351526827E-4,1.588415820E-3,9.997055531E-1,1.772260435E2,1.837276097E-1,-6.835595553E-2,1.772259299E2
2.742620211E2,2.420482866E-2,6.363905268E-4,1.590115717E-3,9.997055531E-1,1.772260600E2,1.839257707E-1,-6.849307164E-2,1.772259460E2
2.742670211E2,2.421431298E-2,6.297889049E-4,1.598217990E-3,9.997053146E-1,1.772249729E2,1.848362820E-1,-6.771257648E-2,1.772248596E2
2.742720211E2,2.421459598E-2,6.283894181E-4,1.594476867E-3,9.997053146E-1,1.772249405E2,1.844038412E-1,-6.756258325E-2,1.772248277E2
2.742770211E2,2.420977935E-2,6.328668678E-4,1.591101289E-3,9.997054338E-1,1.772254926E2,1.840292386E-1,-6.808576373E-2,1.772253792E2
2.742820211E2,2.421226101E-2,6.299010711E-4,1.591965905E-3,9.997053742E-1,1.772252081E2,1.841202268E-1,-6.774315265E-2,1.772250952E2
2.742870211E2,2.421190540E-2,6.307573640E-4,1.597027178E-3,9.997053742E-1,1.772252489E2,1.847023889E-1,-6.782727021E-2,1.772251354E2
2.742920211E2,2.421198172E-2,6.304590497E-4,1.595987589E-3,9.997053742E-1,1.772252401E2,1.845824729E-1,-6.779596632E-2,1.772251268E2
2.742970211E2,2.420711132E-2,6.331317709E-4,1.594136585E-3,9.997054935E-1,1.772257984E2,1.843775099E-1,-6.810818153E-2,1.772256847E2
2.743020211E2,2.421438291E-2,6.286668358E-4,1.597600174E-3,9.997053146E-1,1.772249649E2,1.847623970E-1,-6.758573612E-2,1.772248518E2
2.743070211E2,2.420889025E-2,6.320832181E-4,1.604881138E-3,9.997054338E-1,1.772255945E2,1.856055982E-1,-6.795792539E-2,1.772254803E2
2.743120211E2,2.420688731E-2,6.343642017E-4,1.597045572E-3,9.997054935E-1,1.772258241E2,1.847141618E-1,-6.824133787E-2,1.772257100E2
2.743170211E2,2.420446188E-2,6.353558856E-4,1.596101327E-3,9.997055531E-1,1.772261021E2,1.846085762E-1,-6.835801029E-2,1.772259879E2
2.743220211E2,2.421182976E-2,6.304316339E-4,1.598302042E-3,9.997053742E-1,1.772252575E2,1.848475260E-1,-6.778643203E-2,1.772251441E2
2.743270211E2,2.420948163E-2,6.317346124E-4,1.596073387E-3,9.997054338E-1,1.772255267E2,1.845956713E-1,-6.794231560E-2,1.772254132E2
2.743320211E2,2.420188497E-2,6.379239494E-4,1.596819959E-3,9.997056127E-1,1.772263975E2,1.846978481E-1,-6.865068495E-2,1.772262827E2
2.743370211E2,2.420238480E-2,6.373687065E-4,1.589449123E-3,9.997056127E-1,1.772263402E2,1.838519527E-1,-6.860742824E-2,1.772262260E2
2.743420211E2,2.419723133E-2,6.402652361E-4,1.591767999E-3,9.997057319E-1,1.772269309E2,1.841252778E-1,-6.893376621E-2,1.772268160E2
2.743470211E2,2.419218101E-2,6.433407543E-4,1.592422952E-3,9.997058511E-1,1.772275098E2,1.842084869E-1,-6.928520549E-2,1.772273943E2
2.743520211E2,2.418232472E-2,6.511194515E-4,1.589288469E-3,9.997060895E-1,1.772286396E2,1.838702811E-1,-7.018681928E-2,1.772285228E2
2.743570211E2,2.418976758E-2,6.458591088E-4,1.590646571E-3,9.997059107E-1,1.772277864E2,1.840118021E-1,-6.957907182E-2,1.772276706E2
2.743620211E2,2.418978035E-2,6.450426881E-4,1.590783708E-3,9.997059107E-1,1.772277850E2,1.840252498E-1,-6.948516189E-2,1.772276693E2
2.743670211E2,2.418239130E-2,6.511975662E-4,1.588243060E-3,9.997060895E-1,1.772286319E2,1.837507420E-1,-7.019865275E-2,1.772285153E2
2.743720211E2,2.418274470E-2,6.504661869E-4,1.583153731E-3,9.997060895E-1,1.772285914E2,1.831657152E-1,-7.012890636E-2,1.772284753E2
2.743770211E2,2.419015370E-2,6.460387376E-4,1.584690530E-3,9.997059107E-1,1.772277422E2,1.833300135E-1,-6.961608944E-2,1.772276267E2
2.743820211E2,2.418747428E-2,6.469115033E-4,1.587628853E-3,9.997059703E-1,1.772280493E2,1.836688553E-1,-6.970841856E-2,1.772279335E2
2.743870211E2,2.418521286E-2,6.494334666E-4,1.583512756E-3,9.997060299E-1,1.772283085E2,1.832041551E-1,-7.000915281E-2,1.772281925E2
2.743920211E2,2.418516606E-2,6.496361457E-4,1.584144309E-3,9.997060299E-1,1.772283139E2,1.832770632E-1,-7.003062951E-2,1.772281978E2
2.743970211E2,2.418774333E-2,6.475502742E-4,1.583263394E-3,9.997059703E-1,1.772280184E2,1.831705456E-1,-6.979364569E-2,1.772279028E2
2.744020211E2,2.418235622E-2,6.512273103E-4,1.588764950E-3,9.997060895E-1,1.772286359E2,1.838106087E-1,-7.020062035E-2,1.772285193E2
2.744070211E2,2.417751213E-2,6.537058507E-4,1.586458529E-3,9.997062087E-1,1.772291912E2,1.835529168E-1,-7.049183777E-2,1.772290742E2
2.744120211E2,2.417724268E-2,6.550119724E-4,1.590022235E-3,9.997062087E-1,1.772292221E2,1.839647689E-1,-7.063164014E-2,1.772291046E2
2.744170211E2,2.417467881E-2,6.560392212E-4,1.591105829E-3,9.997062683E-1,1.772295160E2,1.840915684E-1,-7.074678953E-2,1.772293982E2
2.744220211E2,2.417185814E-2,6.573203718E-4,1.595973154E-3,9.997063279E-1,1.772298393E2,1.846525103E-1,-7.088059237E-2,1.772297209E2
2.744270211E2,2.416948433E-2,6.592739373E-4,1.593780820E-3,9.997063875E-1,1.772301114E2,1.844066033E-1,-7.111089949E-2,1.772299928E2
2.744320211E2,2.417714407E-2,6.546424120E-4,1.591673004E-3,9.997062087E-1,1.772292334E2,1.841528472E-1,-7.058474856E-2,1.772291159E2
2.744370211E2,2.416943571E-2,6.592376158E-4,1.594532863E-3,9.997063875E-1,1.772301170E2,1.844926520E-1,-7.110466457E-2,1.772299984E2
2.744420211E2,2.416191192E-2,6.639544154E-4,1.594492467E-3,9.997065663E-1,1.772309794E2,1.845005505E-1,-7.164651191E-2,1.772308599E2
2.744470211E2,2.415930517E-2,6.667547277E-4,1.595451846E-3,9.997066259E-1,1.772312782E2,1.846180220E-1,-7.196513501E-2,1.772311581E2
2.744520211E2,2.416950025E-2,6.597501342E-4,1.593342167E-3,9.997063875E-1,1.772301096E2,1.843576722E-1,-7.116666364E-2,1.772299909E2
2.744570211E2,2.416678740E-2,6.614159211E-4,1.596400165E-3,9.997064471E-1,1.772304205E2,1.847124117E-1,-7.134952415E-2,1.772303014E2
2.744620211E2,2.416194228E-2,6.642336957E-4,1.593915978E-3,9.997065663E-1,1.772309759E2,1.844352844E-1,-7.168009632E-2,1.772308564E2
2.744670211E2,2.416701280E-2,6.611314020E-4,1.593102352E-3,9.997064471E-1,1.772303947E2,1.843338479E-1,-7.132602174E-2,1.772302758E2
2.744720211E2,2.417715481E-2,6.540566101E-4,1.591750653E-3,9.997062087E-1,1.772292322E2,1.841601201E-1,-7.051742319E-2,1.772291147E2
2.744770211E2,2.417960862E-2,6.520308089E-4,1.592743560E-3,9.997061491E-1,1.772289509E2,1.842684250E-1,-7.028214834E-2,1.772288338E2
2.744820211E2,2.417177893E-2,6.581313792E-4,1.596838352E-3,9.997063279E-1,1.772298484E2,1.847538670E-1,-7.097111773E-2,1.772297298E2
2.744870211E2,2.417933653E-2,6.530071842E-4,1.596469781E-3,9.997061491E-1,1.772289821E2,1.846979810E-1,-7.038372514E-2,1.772288645E2
2.744920211E2,2.418908615E-2,6.459787837E-4,1.600927440E-3,9.997059107E-1,1.772278645E2,1.851898448E-1,-6.956440854E-2,1.772277480E2
2.744970211E2,2.417897488E-2,6.524005439E-4,1.602184959E-3,9.997061491E-1,1.772290235E2,1.853509953E-1,-7.029846074E-2,1.772289057E2
2.745020211E2,2.417427116E-2,6.556058652E-4,1.597465365E-3,9.997062683E-1,1.772295627E2,1.848188765E-1,-7.067960246E-2,1.772294446E2
2.745070211E2,2.418968881E-2,6.465504994E-4,1.591563341E-3,9.997059107E-1,1.772277954E2,1.841187370E-1,-6.965574924E-2,1.772276794E2
2.745120211E2,2.419456728E-2,6.417636178E-4,1.594223431E-3,9.997057915E-1,1.772272363E2,1.844105388E-1,-6.909910034E-2,1.772271210E2
2.745170211E2,2.419216312E-2,6.437192787E-4,1.592541812E-3,9.997058511E-1,1.772275118E2,1.842231515E-1,-6.932824223E-2,1.772273963E2
2.745220211E2,2.418970743E-2,6.451178342E-4,1.591861597E-3,9.997059107E-1,1.772277933E2,1.841489342E-1,-6.949079592E-2,1.772276775E2
2.745270211E2,2.419249539E-2,6.432047230E-4,1.587694860E-3,9.997058511E-1,1.772274737E2,1.836664897E-1,-6.928267215E-2,1.772273586E2
2.745320211E2,2.420486820E-2,6.362225395E-4,1.589581021E-3,9.997055531E-1,1.772260555E2,1.838640537E-1,-6.847530323E-2,1.772259416E2
2.745370211E2,2.419730373E-2,6.412960356E-4,1.590251690E-3,9.997057319E-1,1.772269226E2,1.839544357E-1,-6.905604369E-2,1.772268077E2
2.745420211E2,2.419489520E-2,6.417511613E-4,1.589243999E-3,9.997057915E-1,1.772271987E2,1.838400920E-1,-6.911141909E-2,1.772270837E2
2.745470211E2,2.419977831E-2,6.388993934E-4,1.591031207E-3,9.997056723E-1,1.772266389E2,1.840372598E-1,-6.877887236E-2,1.772265244E2
2.745520211E2,2.420468856E-2,6.353331846E-4,1.592669054E-3,9.997055531E-1,1.772260761E2,1.842153337E-1,-6.836488819E-2,1.772259621E2
2.745570211E2,2.420232186E-2,6.373517681E-4,1.590413973E-3,9.997056127E-1,1.772263474E2,1.839624329E-1,-6.860282337E-2,1.772262332E2
2.745620211E2,2.421492722E-2,6.294427440E-4,1.589021529E-3,9.997053146E-1,1.772249025E2,1.837818332E-1,-6.769832712E-2,1.772247899E2
2.745670211E2,2.420712231E-2,6.342178676E-4,1.593537861E-3,9.997054935E-1,1.772257971E2,1.843119350E-1,-6.823426130E-2,1.772256833E2
2.745720211E2,2.420738112E-2,6.331025506E-4,1.590045984E-3,9.997054935E-1,1.772257675E2,1.839088353E-1,-6.811613201E-2,1.772256541E2
2.745770211E2,2.420231079E-2,6.377830869E-4,1.590409433E-3,9.997056127E-1,1.772263487E2,1.839631083E-1,-6.865224895E-2,1.772262344E2
2.745820211E2,2.420004357E-2,6.392301293E-4,1.586858300E-3,9.997056723E-1,1.772266085E2,1.835601545E-1,-6.882828440E-2,1.772264942E2
2.745870211E2,2.420253094E-2,6.379191182E-4,1.587001141E-3,9.997056127E-1,1.772263234E2,1.835730531E-1,-6.867724488E-2,1.772262093E2
2.745920211E2,2.420015314E-2,6.389916525E-4,1.585282502E-3,9.997056723E-1,1.772265960E2,1.833789801E-1,-6.880531497E-2,1.772264818E2
2.745970211E2,2.419806749E-2,6.398425321E-4,1.579176984E-3,9.997057319E-1,1.772268350E2,1.826817591E-1,-6.892010318E-2,1.772267211E2
2.746020211E2,2.420055278E-2,6.393596414E-4,1.579020987E-3,9.997056723E-1,1.772265502E2,1.826627204E-1,-6.886476272E-2,1.772264364E2
2.746070211E2,2.420557421E-2,6.349146715E-4,1.579320058E-3,9.997055531E-1,1.772259746E2,1.826849966E-1,-6.835380944E-2,1.772258616E2
2.746120211E2,2.420063313E-2,6.379642873E-4,1.578353811E-3,9.997056723E-1,1.772265410E2,1.825824254E-1,-6.870674954E-2,1.772264275E2
2.746170211E2,2.419845870E-2,6.396024837E-4,1.573268557E-3,9.997057319E-1,1.772267902E2,1.820042615E-1,-6.890891666E-2,1.772266767E2
2.746220211E2,2.419077929E-2,6.447337219E-4,1.575646573E-3,9.997059107E-1,1.772276705E2,1.822903793E-1,-6.949154632E-2,1.772275559E2
2.746270211E2,2.419308152E-2,6.444143946E-4,1.578244846E-3,9.997058511E-1,1.772274066E2,1.825873076E-1,-6.944734150E-2,1.772272919E2
2.746320211E2,2.418810654E-2,6.478779251E-4,1.577570336E-3,9.997059703E-1,1.772279768E2,1.825192925E-1,-6.984689458E-2,1.772278615E2
2.746370211E2,2.419316883E-2,6.441212608E-4,1.577025745E-3,9.997058511E-1,1.772273965E2,1.824468428E-1,-6.941712467E-2,1.772272820E2
2.746420211E2,2.419276185E-2,6.438421551E-4,1.583370380E-3,9.997058511E-1,1.772274432E2,1.831728708E-1,-6.936763528E-2,1.772273283E2
2.746470211E2,2.419004240E-2,6.462431629E-4,1.586305327E-3,9.997059107E-1,1.772277549E2,1.835155607E-1,-6.963505201E-2,1.772276393E2
2.746520211E2,2.419009436E-2,6.462087040E-4,1.585526741E-3,9.997059107E-1,1.772277490E2,1.834262754E-1,-6.963325325E-2,1.772276334E2
2.746570211E2,2.419761967E-2,6.410011556E-4,1.585556194E-3,9.997057319E-1,1.772268864E2,1.834157322E-1,-6.903522515E-2,1.772267718E2
2.746620211E2,2.419755429E-2,6.410381757E-4,1.586538740E-3,9.997057319E-1,1.772268939E2,1.835283890E-1,-6.903675354E-2,1.772267792E2
2.746670211E2,2.420268802E-2,6.378697581E-4,1.584623591E-3,9.997056127E-1,1.772263054E2,1.833005591E-1,-6.867815568E-2,1.772261915E2
2.746720211E2,2.419800240E-2,6.399644190E-4,1.580124721E-3,9.997057319E-1,1.772268425E2,1.827906637E-1,-6.893145009E-2,1.772267285E2
2.746770211E2,2.420509663E-2,6.359299296E-4,1.586216153E-3,9.997055531E-1,1.772260293E2,1.834777844E-1,-6.845107398E-2,1.772259157E2
2.746820211E2,2.419991126E-2,6.381054991E-4,1.589326770E-3,9.997056723E-1,1.772266237E2,1.838398099E-1,-6.869262783E-2,1.772265094E2
2.746870211E2,2.420505922E-2,6.355085643E-4,1.586955739E-3,9.997055531E-1,1.772260336E2,1.835613386E-1,-6.840075868E-2,1.772259200E2
2.746920211E2,2.420525345E-2,6.359965773E-4,1.583794598E-3,9.997055531E-1,1.772260113E2,1.832005710E-1,-6.846539722E-2,1.772258978E2
2.746970211E2,2.420775451E-2,6.336996448E-4,1.584112411E-3,9.997054935E-1,1.772257247E2,1.832307780E-1,-6.820092560E-2,1.772256116E2
2.747020211E2,2.420784052E-2,6.340633845E-4,1.582651748E-3,9.997054935E-1,1.772257148E2,1.830644621E-1,-6.824663114E-2,1.772256017E2
2.747070211E2,2.420059548E-2,6.383275613E-4,1.578784199E-3,9.997056723E-1,1.772265453E2,1.826327348E-1,-6.874717872E-2,1.772264317E2
2.747120211E2,2.420066337E-2,6.394444499E-4,1.577290823E-3,9.997056723E-1,1.772265375E2,1.824647587E-1,-6.887925628E-2,1.772264238E2
2.747170211E2,2.420809934E-2,6.340425462E-4,1.578696305E-3,9.997054935E-1,1.772256851E2,1.826112936E-1,-6.825516958E-2,1.772255724E2
2.747220211E2,2.421308924E-2,6.304401322E-4,1.579103759E-3,9.997053742E-1,1.772251132E2,1.826483149E-1,-6.784044280E-2,1.772250010E2
2.747270211E2,2.421089637E-2,6.324903225E-4,1.574164140E-3,9.997054338E-1,1.772253645E2,1.820879811E-1,-6.808941368E-2,1.772252523E2
2.747320211E2,2.421365846E-2,6.302736583E-4,1.570418128E-3,9.997053742E-1,1.772250479E2,1.816528817E-1,-6.784536877E-2,1.772249364E2
2.747370211E2,2.421848420E-2,6.263837568E-4,1.573444810E-3,9.997052550E-1,1.772244948E2,1.819891436E-1,-6.739047317E-2,1.772243838E2
2.747420211E2,2.421100716E-2,6.323833368E-4,1.572502311E-3,9.997054338E-1,1.772253518E2,1.818973157E-1,-6.808174818E-2,1.772252398E2
2.747470211E2,2.421625070E-2,6.280476809E-4,1.569282147E-3,9.997053146E-1,1.772247508E2,1.815167440E-1,-6.759304707E-2,1.772246398E2
2.747520211E2,2.422610904E-2,6.212105509E-4,1.571726054E-3,9.997050762E-1,1.772236208E2,1.817783970E-1,-6.680122570E-2,1.772235108E2
2.747570211E2,2.422364905E-2,6.231374573E-4,1.570966910E-3,9.997051358E-1,1.772239027E2,1.816966159E-1,-6.702452251E-2,1.772237925E2
2.747620211E2,2.422638856E-2,6.223404198E-4,1.566963503E-3,9.997050762E-1,1.772235887E2,1.812359639E-1,-6.694383222E-2,1.772234789E2
2.747670211E2,2.422669279E-2,6.219904171E-4,1.562392106E-3,9.997050762E-1,1.772235539E2,1.807113218E-1,-6.691637304E-2,1.772234444E2
2.747720211E2,2.422889808E-2,6.205398822E-4,1.566903549E-3,9.997050166E-1,1.772233011E2,1.812242640E-1,-6.673727813E-2,1.772231916E2
2.747770211E2,2.422884807E-2,6.192161818E-4,1.568200067E-3,9.997050166E-1,1.772233068E2,1.813691117E-1,-6.658204717E-2,1.772231975E2
2.747820211E2,2.422399333E-2,6.224603276E-4,1.565918559E-3,9.997051358E-1,1.772238633E2,1.811164295E-1,-6.696090356E-2,1.772237535E2
2.747870211E2,2.422654121E-2,6.211308064E-4,1.565082115E-3,9.997050762E-1,1.772235712E2,1.810170873E-1,-6.681045714E-2,1.772234618E2
2.747920211E2,2.424143023E-2,6.118756719E-4,1.566619962E-3,9.997047186E-1,1.772218646E2,1.811685426E-1,-6.574324164E-2,1.772217567E2
2.747970211E2,2.423868066E-2,6.124660722E-4,1.570891589E-3,9.997047782E-1,1.772221797E2,1.816593513E-1,-6.579950973E-2,1.772220715E2
2.748020211E2,2.423386257E-2,6.165428786E-4,1.567764906E-3,9.997048974E-1,1.772227320E2,1.813121699E-1,-6.627609824E-2,1.772226232E2
2.748070211E2,2.423635029E-2,6.149639376E-4,1.567936502E-3,9.997048378E-1,1.772224469E2,1.813276069E-1,-6.609429051E-2,1.772223383E2
2.748120211E2,2.423889778E-2,6.128366222E-4,1.567393076E-3,9.997047782E-1,1.772221549E2,1.812596119E-1,-6.585163742E-2,1.772220468E2
2.748170211E2,2.422645521E-2,6.207046099E-4,1.566581777E-3,9.997050762E-1,1.772235811E2,1.811876967E-1,-6.675748513E-2,1.772234716E2
2.748220211E2,2.422948019E-2,6.193198496E-4,1.558361808E-3,9.997050166E-1,1.772232344E2,1.802423893E-1,-6.662112543E-2,1.772231257E2
2.748270211E2,2.423441119E-2,6.168338004E-4,1.559146331E-3,9.997048974E-1,1.772226691E2,1.803256867E-1,-6.633326137E-2,1.772225608E2
2.748320211E2,2.423655977E-2,6.151989801E-4,1.564602833E-3,9.997048378E-1,1.772224229E2,1.809463748E-1,-6.613043745E-2,1.772223145E2
2.748370211E2,2.423188580E-2,6.183997029E-4,1.559559372E-3,9.997049570E-1,1.772229586E2,1.803771850E-1,-6.651195624E-2,1.772228500E2
2.748420211E2,2.423199065E-2,6.174705341E-4,1.558297896E-3,9.997049570E-1,1.772229466E2,1.802300992E-1,-6.640899678E-2,1.772228382E2
2.748470211E2,2.423686037E-2,6.141556078E-4,1.560350414E-3,9.997048378E-1,1.772223884E2,1.804563476E-1,-6.602266752E-2,1.772222805E2
2.748520211E2,2.423179947E-2,6.174304290E-4,1.561283716E-3,9.997049570E-1,1.772229685E2,1.805720251E-1,-6.639614566E-2,1.772228600E2
2.748570211E2,2.423188444E-2,6.185428356E-4,1.559523633E-3,9.997049570E-1,1.772229588E2,1.803734882E-1,-6.652845269E-2,1.772228501E2
2.748620211E2,2.422688280E-2,6.213943125E-4,1.559680561E-3,9.997050762E-1,1.772235321E2,1.803990499E-1,-6.685557835E-2,1.772234229E2
2.748670211E2,2.422681938E-2,6.220587529E-4,1.560400706E-3,9.997050762E-1,1.772235393E2,1.804833889E-1,-6.692970729E-2,1.772234300E2
2.748720211E2,2.422672401E-2,6.218674243E-4,1.561956946E-3,9.997050762E-1,1.772235503E2,1.806611312E-1,-6.690348575E-2,1.772234409E2
2.748770211E2,2.421709021E-2,6.277283537E-4,1.556401956E-3,9.997053146E-1,1.772246546E2,1.800403836E-1,-6.759205817E-2,1.772245445E2
2.748820211E2,2.421938026E-2,6.267453427E-4,1.559446100E-3,9.997052550E-1,1.772243921E2,1.803865414E-1,-6.747058528E-2,1.772242819E2
2.748870211E2,2.422921838E-2,6.196953473E-4,1.562278252E-3,9.997050166E-1,1.772232644E2,1.806920750E-1,-6.665331450E-2,1.772231553E2
2.748920211E2,2.421961789E-2,6.265275879E-4,1.555838855E-3,9.997052550E-1,1.772243648E2,1.799727137E-1,-6.745560871E-2,1.772242550E2
2.748970211E2,2.422205019E-2,6.252714084E-4,1.556777628E-3,9.997051954E-1,1.772240860E2,1.800769348E-1,-6.730865985E-2,1.772239763E2
2.749020211E2,2.422457311E-2,6.238269270E-4,1.556376577E-3,9.997051358E-1,1.772237968E2,1.800271508E-1,-6.714384212E-2,1.772236874E2
2.749070211E2,2.422682566E-2,6.215831963E-4,1.560492674E-3,9.997050762E-1,1.772235386E2,1.804926046E-1,-6.687497211E-2,1.772234294E2
2.749120211E2,2.421928408E-2,6.265552365E-4,1.561015495E-3,9.997052550E-1,1.772244031E2,1.805657942E-1,-6.744446872E-2,1.772242929E2
2.749170211E2,2.421465985E-2,6.305607385E-4,1.554784714E-3,9.997053742E-1,1.772249331E2,1.798628113E-1,-6.792145542E-2,1.772248226E2
2.749220211E2,2.422468207E-2,6.223420496E-4,1.555274706E-3,9.997051358E-1,1.772237843E2,1.798968074E-1,-6.697677706E-2,1.772236753E2
2.749270211E2,2.421683355E-2,6.279613590E-4,1.560296514E-3,9.997053146E-1,1.772246840E2,1.804871663E-1,-6.760798895E-2,1.772245736E2
2.749320211E2,2.420211778E-2,6.377840764E-4,1.555496478E-3,9.997056723E-1,1.772263708E2,1.799635327E-1,-6.874922805E-2,1.772262589E2
2.749370211E2,2.420209920E-2,6.374721415E-4,1.555913361E-3,9.997056723E-1,1.772263729E2,1.800104236E-1,-6.871234059E-2,1.772262610E2
2.749420211E2,2.420712475E-2,6.346430746E-4,1.555484137E-3,9.997055531E-1,1.772257968E2,1.799537494E-1,-6.838853452E-2,1.772256855E2
2.749470211E2,2.420212018E-2,6.386704626E-4,1.555095427E-3,9.997056723E-1,1.772263705E2,1.799200478E-1,-6.885188244E-2,1.772262585E2
2.749520211E2,2.420218312E-2,6.382181891E-4,1.554301358E-3,9.997056723E-1,1.772263633E2,1.798278306E-1,-6.880226196E-2,1.772262514E2
2.749570211E2,2.420007854E-2,6.395545788E-4,1.548172208E-3,9.997057319E-1,1.772266045E2,1.791292478E-1,-6.897273210E-2,1.772264928E2
2.749620211E2,2.419482154E-2,6.429105997E-4,1.551965484E-3,9.997058511E-1,1.772272071E2,1.795727418E-1,-6.934761534E-2,1.772270945E2
2.749670211E2,2.418961648E-2,6.469188374E-4,1.554645482E-3,9.997059703E-1,1.772278037E2,1.798905084E-1,-6.980029655E-2,1.772276902E2
2.749720211E2,2.418483614E-2,6.500244490E-4,1.551061752E-3,9.997060895E-1,1.772283517E2,1.794882368E-1,-7.016686141E-2,1.772282379E2
2.749770211E2,2.418231705E-2,6.513938424E-4,1.551346970E-3,9.997061491E-1,1.772286404E2,1.795245292E-1,-7.032339816E-2,1.772285263E2
2.749820211E2,2.418201241E-2,6.515264977E-4,1.556032803E-3,9.997061491E-1,1.772286754E2,1.800616762E-1,-7.032566433E-2,1.772285609E2
2.749870211E2,2.417713831E-2,6.559478934E-4,1.553324168E-3,9.997062683E-1,1.772292340E2,1.797632878E-1,-7.084055278E-2,1.772291190E2
2.749920211E2,2.417238620E-2,6.587724783E-4,1.549359993E-3,9.997063875E-1,1.772297788E2,1.793166469E-1,-7.117596699E-2,1.772296635E2
2.749970211E2,2.417705493E-2,6.558632012E-4,1.554657239E-3,9.997062683E-1,1.772292436E2,1.799157616E-1,-7.082717220E-2,1.772291285E2
2.750020211E2,2.417939509E-2,6.530653918E-4,1.557765529E-3,9.997062087E-1,1.772289754E2,1.802642545E-1,-7.049762711E-2,1.772288605E2
2.750070211E2,2.417704066E-2,6.555104628E-4,1.555027789E-3,9.997062683E-1,1.772292452E2,1.799572327E-1,-7.078573913E-2,1.772291301E2
2.750120211E2,2.417455949E-2,6.561018527E-4,1.555033843E-3,9.997063279E-1,1.772295296E2,1.799593890E-1,-7.085391740E-2,1.772294144E2
2.750170211E2,2.418180191E-2,6.523148040E-4,1.558971126E-3,9.997061491E-1,1.772286995E2,1.804004552E-1,-7.040786645E-2,1.772285847E2
2.750220211E2,2.417951730E-2,6.533729611E-4,1.555738272E-3,9.997062087E-1,1.772289614E2,1.800328765E-1,-7.053845687E-2,1.772288466E2
2.750270211E2,2.417212721E-2,6.589551340E-4,1.553317881E-3,9.997063875E-1,1.772298084E2,1.797705434E-1,-7.118597459E-2,1.772296928E2
2.750320211E2,2.417723960E-2,6.549915997E-4,1.552150818E-3,9.997062683E-1,1.772292224E2,1.796262282E-1,-7.073423445E-2,1.772291076E2
2.750370211E2,2.417980126E-2,6.536640576E-4,1.551195979E-3,9.997062087E-1,1.772289288E2,1.795133461E-1,-7.058433948E-2,1.772288143E2
2.750420211E2,2.417472175E-2,6.573009887E-4,1.552001922E-3,9.997063279E-1,1.772295110E2,1.796153912E-1,-7.099965820E-2,1.772293958E2
2.750470211E2,2.417230734E-2,6.589751574E-4,1.550503657E-3,9.997063875E-1,1.772297878E2,1.794482190E-1,-7.119603162E-2,1.772296724E2
2.750520211E2,2.417477179E-2,6.574595463E-4,1.551155117E-3,9.997063279E-1,1.772295053E2,1.795188255E-1,-7.102015919E-2,1.772293901E2
2.750570211E2,2.416953300E-2,6.595347659E-4,1.555077499E-3,9.997064471E-1,1.772301058E2,1.799735430E-1,-7.124796885E-2,1.772299900E2
2.750620211E2,2.416471151E-2,6.633839803E-4,1.551730791E-3,9.997065663E-1,1.772306585E2,1.796004663E-1,-7.169906271E-2,1.772305422E2
2.750670211E2,2.416209740E-2,6.652157172E-4,1.553252107E-3,9.997066259E-1,1.772309581E2,1.797796304E-1,-7.190516007E-2,1.772308413E2
2.750720211E2,2.416689446E-2,6.627388648E-4,1.556403819E-3,9.997065067E-1,1.772304083E2,1.801341701E-1,-7.161182574E-2,1.772302917E2
2.750770211E2,2.416440224E-2,6.640419015E-4,1.556258998E-3,9.997065663E-1,1.772306939E2,1.801210098E-1,-7.176194908E-2,1.772305772E2
2.750820211E2,2.415984231E-2,6.669237046E-4,1.549229724E-3,9.997066855E-1,1.772312166E2,1.793234001E-1,-7.211236571E-2,1.772310998E2
2.750870211E2,2.415761173E-2,6.678002537E-4,1.545168110E-3,9.997067451E-1,1.772314723E2,1.788603743E-1,-7.222442562E-2,1.772313556E2
2.750920211E2,2.416711622E-2,6.625818205E-4,1.553023583E-3,9.997065067E-1,1.772303828E2,1.797465171E-1,-7.160315656E-2,1.772302666E2
2.750970211E2,2.415692021E-2,6.689614384E-4,1.555442926E-3,9.997067451E-1,1.772315515E2,1.800406048E-1,-7.232912855E-2,1.772314339E2
2.751020211E2,2.414711719E-2,6.759099197E-4,1.551414141E-3,9.997069836E-1,1.772326752E2,1.795975939E-1,-7.313804664E-2,1.772325566E2
2.751070211E2,2.415216584E-2,6.720027886E-4,1.551339752E-3,9.997068644E-1,1.772320965E2,1.795786264E-1,-7.268975239E-2,1.772319786E2
2.751120211E2,2.416436630E-2,6.642232183E-4,1.556739560E-3,9.997065663E-1,1.772306980E2,1.801765618E-1,-7.178139610E-2,1.772305812E2
2.751170211E2,2.416212940E-2,6.654729950E-4,1.552644069E-3,9.997066259E-1,1.772309544E2,1.797106894E-1,-7.193631114E-2,1.772308377E2
2.751220211E2,2.415747725E-2,6.678645150E-4,1.547241467E-3,9.997067451E-1,1.772314877E2,1.790980628E-1,-7.222607152E-2,1.772313709E2
2.751270211E2,2.415999757E-2,6.666827830E-4,1.546910498E-3,9.997066855E-1,1.772311988E2,1.790570576E-1,-7.209115950E-2,1.772310822E2
2.751320211E2,2.416487664E-2,6.636794424E-4,1.549030538E-3,9.997065663E-1,1.772306395E2,1.792919600E-1,-7.174035816E-2,1.772305234E2
2.751370211E2,2.415731726E-2,6.682121311E-4,1.549587469E-3,9.997067451E-1,1.772315060E2,1.793677676E-1,-7.225942784E-2,1.772313890E2
2.751420211E2,2.414745268E-2,6.745671853E-4,1.546769869E-3,9.997069836E-1,1.772326368E2,1.790618623E-1,-7.299701709E-2,1.772325188E2
2.751470211E2,2.416513146E-2,6.630130229E-4,1.545336330E-3,9.997065663E-1,1.772306103E2,1.788669305E-1,-7.167419894E-2,1.772304945E2
2.751520211E2,2.416978163E-2,6.605057861E-4,1.550795278E-3,9.997064471E-1,1.772300773E2,1.794856865E-1,-7.137102296E-2,1.772299616E2
2.751570211E2,2.416028260E-2,6.665631081E-4,1.542504062E-3,9.997066855E-1,1.772311661E2,1.785519529E-1,-7.208959876E-2,1.772310499E2
2.751620211E2,2.415777866E-2,6.686984561E-4,1.542166923E-3,9.997067451E-1,1.772314531E2,1.785190622E-1,-7.233560050E-2,1.772313365E2
2.751670211E2,2.416012918E-2,6.661716616E-4,1.545074047E-3,9.997066855E-1,1.772311837E2,1.788452710E-1,-7.203766741E-2,1.772310674E2
2.751720211E2,2.415719650E-2,6.686515990E-4,1.551279565E-3,9.997067451E-1,1.772315199E2,1.795628194E-1,-7.230510978E-2,1.772314026E2
2.751770211E2,2.414719394E-2,6.758631207E-4,1.550239511E-3,9.997069836E-1,1.772326664E2,1.794629063E-1,-7.313592208E-2,1.772325479E2
2.751820211E2,2.415217201E-2,6.728738081E-4,1.550866058E-3,9.997068644E-1,1.772320958E2,1.795267723E-1,-7.279084461E-2,1.772319778E2
2.751870211E2,2.415718643E-2,6.683181273E-4,1.551580150E-3,9.997067451E-1,1.772315210E2,1.795963298E-1,-7.226607762E-2,1.772314038E2
2.751920211E2,2.414222938E-2,6.780428230E-4,1.549734967E-3,9.997071028E-1,1.772332355E2,1.794107742E-1,-7.338791159E-2,1.772331166E2
2.751970211E2,2.414493469E-2,6.775603979E-4,1.546245534E-3,9.997070432E-1,1.772329254E2,1.790098942E-1,-7.334181543E-2,1.772328069E2
2.752020211E2,2.415982448E-2,6.661233492E-4,1.549852081E-3,9.997066855E-1,1.772312186E2,1.793924788E-1,-7.201895873E-2,1.772311020E2
2.752070211E2,2.415697771E-2,6.685759290E-4,1.554715447E-3,9.997067451E-1,1.772315450E2,1.799562029E-1,-7.228696890E-2,1.772314275E2
2.752120211E2,2.415477737E-2,6.706332788E-4,1.549681649E-3,9.997068048E-1,1.772317972E2,1.793850756E-1,-7.253698469E-2,1.772316797E2
2.752170211E2,2.415472016E-2,6.709251902E-4,1.550446847E-3,9.997068048E-1,1.772318037E2,1.794735393E-1,-7.256831764E-2,1.772316861E2
2.752220211E2,2.415716467E-2,6.695417105E-4,1.551391324E-3,9.997067451E-1,1.772315235E2,1.795780843E-1,-7.240677551E-2,1.772314061E2
2.752270211E2,2.414427321E-2,6.768882740E-4,1.556832693E-3,9.997070432E-1,1.772330012E2,1.802208334E-1,-7.323564358E-2,1.772328820E2
2.752320211E2,2.413682589E-2,6.829691119E-4,1.554831280E-3,9.997072220E-1,1.772338549E2,1.800078303E-1,-7.393913098E-2,1.772337347E2
2.752370211E2,2.413701617E-2,6.826723111E-4,1.552005182E-3,9.997072220E-1,1.772338330E2,1.796832701E-1,-7.391291284E-2,1.772337132E2
2.752420211E2,2.413443483E-2,6.836847751E-4,1.553308568E-3,9.997072816E-1,1.772341289E2,1.798351934E-1,-7.402575790E-2,1.772340088E2
2.752470211E2,2.413424475E-2,6.847534096E-4,1.555789146E-3,9.997072816E-1,1.772341507E2,1.801223061E-1,-7.414135224E-2,1.772340302E2
2.752520211E2,2.412429082E-2,6.905358168E-4,1.554410439E-3,9.997075200E-1,1.772352917E2,1.799796127E-1,-7.480937871E-2,1.772351702E2
2.752570211E2,2.412417863E-2,6.902211462E-4,1.556290314E-3,9.997075200E-1,1.772353046E2,1.801940897E-1,-7.476815383E-2,1.772351830E2
2.752620211E2,2.412894064E-2,6.883474998E-4,1.559868339E-3,9.997074008E-1,1.772347587E2,1.805991574E-1,-7.454276058E-2,1.772346372E2
2.752670211E2,2.411890560E-2,6.951295072E-4,1.559255645E-3,9.997076392E-1,1.772359090E2,1.805469667E-1,-7.532320077E-2,1.772357863E2
2.752720211E2,2.411888250E-2,6.936360151E-4,1.560277655E-3,9.997076392E-1,1.772359116E2,1.806599165E-1,-7.514928853E-2,1.772357891E2
2.752770211E2,2.412635649E-2,6.895494298E-4,1.561107929E-3,9.997074604E-1,1.772350549E2,1.807442936E-1,-7.467749098E-2,1.772349331E2
2.752820211E2,2.412868310E-2,6.873810780E-4,1.564272097E-3,9.997074008E-1,1.772347882E2,1.811009534E-1,-7.441991899E-2,1.772346666E2
2.752870211E2,2.411838141E-2,6.946639623E-4,1.567549189E-3,9.997076392E-1,1.772359691E2,1.814957358E-1,-7.524704106E-2,1.772358458E2
2.752920211E2,2.412142975E-2,6.932766992E-4,1.559249475E-3,9.997075796E-1,1.772356196E2,1.805413280E-1,-7.511050780E-2,1.772354973E2
2.752970211E2,2.412647150E-2,6.885158946E-4,1.559786033E-3,9.997074604E-1,1.772350417E2,1.805900101E-1,-7.456272518E-2,1.772349202E2
2.753020211E2,2.413386385E-2,6.841086433E-4,1.561969286E-3,9.997072816E-1,1.772341944E2,1.808284814E-1,-7.405046552E-2,1.772340735E2
2.753070211E2,2.412384687E-2,6.913336110E-4,1.560932258E-3,9.997075200E-1,1.772353426E2,1.807289144E-1,-7.488282275E-2,1.772352204E2
2.753120211E2,2.411916002E-2,6.938288570E-4,1.555895782E-3,9.997076392E-1,1.772358798E2,1.801584900E-1,-7.518344139E-2,1.772357576E2
2.753170211E2,2.411911298E-2,6.937197177E-4,1.556673553E-3,9.997076392E-1,1.772358852E2,1.802472849E-1,-7.516879733E-2,1.772357629E2
2.753220211E2,2.411896441E-2,6.950724637E-4,1.558371121E-3,9.997076392E-1,1.772359022E2,1.804454838E-1,-7.531910013E-2,1.772357796E2
2.753270211E2,2.411150817E-2,6.993438583E-4,1.557131647E-3,9.997078180E-1,1.772367569E2,1.803147331E-1,-7.581319370E-2,1.772366336E2
2.753320211E2,2.411426531E-2,6.969079841E-4,1.553791924E-3,9.997077584E-1,1.772364409E2,1.799256168E-1,-7.554287630E-2,1.772363182E2
2.753370211E2,2.412425813E-2,6.908026990E-4,1.554799266E-3,9.997075200E-1,1.772352954E2,1.800248915E-1,-7.483888316E-2,1.772351739E2
2.753420211E2,2.412133074E-2,6.931194221E-4,1.560850302E-3,9.997075796E-1,1.772356310E2,1.807242740E-1,-7.508808327E-2,1.772355085E2
2.753470211E2,2.411401677E-2,6.983440253E-4,1.557001146E-3,9.997077584E-1,1.772364694E2,1.802972101E-1,-7.569856287E-2,1.772363462E2
2.753520211E2,2.412384926E-2,6.918319268E-4,1.560674398E-3,9.997075200E-1,1.772353423E2,1.807007523E-1,-7.494062127E-2,1.772352201E2
2.753570211E2,2.412865437E-2,6.883189781E-4,1.564302831E-3,9.997074008E-1,1.772347915E2,1.811070656E-1,-7.452728324E-2,1.772346697E2
2.753620211E2,2.411627270E-2,6.955453428E-4,1.561577315E-3,9.997076988E-1,1.772362108E2,1.808138846E-1,-7.536489732E-2,1.772360878E2
2.753670211E2,2.412141479E-2,6.920851883E-4,1.560010132E-3,9.997075796E-1,1.772356214E2,1.806251727E-1,-7.497191066E-2,1.772354992E2
2.753720211E2,2.413116827E-2,6.862324663E-4,1.564533683E-3,9.997073412E-1,1.772345034E2,1.811279286E-1,-7.428716268E-2,1.772343819E2
2.753770211E2,2.413113108E-2,6.866386393E-4,1.564929029E-3,9.997073412E-1,1.772345076E2,1.811743394E-1,-7.433260655E-2,1.772343861E2
2.753820211E2,2.411643305E-2,6.954938290E-4,1.559122000E-3,9.997076988E-1,1.772361924E2,1.805324772E-1,-7.536575267E-2,1.772360696E2
2.753870211E2,2.411383436E-2,6.976646255E-4,1.560127595E-3,9.997077584E-1,1.772364903E2,1.806534800E-1,-7.561212547E-2,1.772363670E2
2.753920211E2,2.411603319E-2,6.958597805E-4,1.565132057E-3,9.997076988E-1,1.772362382E2,1.812219613E-1,-7.539113807E-2,1.772361149E2
2.753970211E2,2.411065276E-2,7.004725630E-4,1.569818007E-3,9.997078180E-1,1.772368550E2,1.817711170E-1,-7.590759781E-2,1.772367305E2
2.754020211E2,2.410607713E-2,7.027636166E-4,1.563133672E-3,9.997079372E-1,1.772373794E2,1.810113519E-1,-7.618935394E-2,1.772372550E2
2.754070211E2,2.411129038E-2,6.988437381E-4,1.560724457E-3,9.997078180E-1,1.772367819E2,1.807249213E-1,-7.574601294E-2,1.772366584E2
2.754120211E2,2.411600354E-2,6.964724162E-4,1.565316343E-3,9.997076988E-1,1.772362416E2,1.812447638E-1,-7.546081653E-2,1.772361182E2
2.754170211E2,2.411113401E-2,6.989336107E-4,1.563098049E-3,9.997078180E-1,1.772367998E2,1.809970729E-1,-7.574977847E-2,1.772366761E2
2.754220211E2,2.410898106E-2,7.008260582E-4,1.557327108E-3,9.997078776E-1,1.772370466E2,1.803410286E-1,-7.598290753E-2,1.772369230E2
2.754270211E2,2.411187845E-2,7.000605692E-4,1.551064081E-3,9.997078180E-1,1.772367145E2,1.796216507E-1,-7.591199753E-2,1.772365915E2
2.754320211E2,2.411171318E-2,6.988793029E-4,1.554162940E-3,9.997078180E-1,1.772367334E2,1.799733744E-1,-7.576814105E-2,1.772366104E2
2.754370211E2,2.410681105E-2,7.034760201E-4,1.551451162E-3,9.997079372E-1,1.772372953E2,1.796750455E-1,-7.630310637E-2,1.772371717E2
2.754420211E2,2.411213738E-2,6.984708016E-4,1.547752065E-3,9.997078180E-1,1.772366848E2,1.792378578E-1,-7.573898189E-2,1.772365623E2
2.754470211E2,2.412485546E-2,6.910562515E-4,1.545389765E-3,9.997075200E-1,1.772352270E2,1.789476997E-1,-7.489383588E-2,1.772351061E2
2.754520211E2,2.412209653E-2,6.929379888E-4,1.549051609E-3,9.997075796E-1,1.772355432E2,1.793721903E-1,-7.509977548E-2,1.772354217E2
2.754570211E2,2.411706439E-2,6.966221845E-4,1.548818545E-3,9.997076988E-1,1.772361200E2,1.793552959E-1,-7.552337698E-2,1.772359978E2
2.754620211E2,2.410698849E-2,7.023262442E-4,1.549213310E-3,9.997079372E-1,1.772372750E2,1.794155176E-1,-7.617754055E-2,1.772371517E2
2.754670211E2,2.411410608E-2,6.978971069E-4,1.555817900E-3,9.997077584E-1,1.772364591E2,1.801604310E-1,-7.565061842E-2,1.772363362E2
2.754720211E2,2.411142325E-2,6.993249408E-4,1.558454591E-3,9.997078180E-1,1.772367666E2,1.804662288E-1,-7.580738645E-2,1.772366432E2
2.754770211E2,2.410134355E-2,7.061646902E-4,1.558345160E-3,9.997080564E-1,1.772379220E2,1.804718209E-1,-7.659305729E-2,1.772377973E2
2.754820211E2,2.409621647E-2,7.093552267E-4,1.559707453E-3,9.997081757E-1,1.772385097E2,1.806363012E-1,-7.695572309E-2,1.772383843E2
2.754870211E2,2.410117539E-2,7.062052027E-4,1.560925506E-3,9.997080564E-1,1.772379413E2,1.807675204E-1,-7.659060198E-2,1.772378164E2
2.754920211E2,2.409613446E-2,7.092911401E-4,1.561002922E-3,9.997081757E-1,1.772385191E2,1.807845250E-1,-7.694481903E-2,1.772383937E2
2.754970211E2,2.409389408E-2,7.106554694E-4,1.556785894E-3,9.997082353E-1,1.772387759E2,1.803050234E-1,-7.711316283E-2,1.772386505E2
2.755020211E2,2.409648803E-2,7.102360833E-4,1.555104274E-3,9.997081757E-1,1.772384786E2,1.801114215E-1,-7.706929447E-2,1.772383534E2
2.755070211E2,2.409379768E-2,7.106048870E-4,1.558300341E-3,9.997082353E-1,1.772387870E2,1.804783691E-1,-7.710320408E-2,1.772386615E2
2.755120211E2,2.409118577E-2,7.126547280E-4,1.559507102E-3,9.997082949E-1,1.772390864E2,1.806220721E-1,-7.733517006E-2,1.772389604E2
2.755170211E2,2.408385872E-2,7.176305517E-4,1.555764466E-3,9.997084737E-1,1.772399262E2,1.802064885E-1,-7.791684471E-2,1.772397996E2
2.755220211E2,2.409662498E-2,7.101662923E-4,1.553012757E-3,9.997081757E-1,1.772384629E2,1.798716382E-1,-7.706705018E-2,1.772383379E2
2.755270211E2,2.409872572E-2,7.086449768E-4,1.559466473E-3,9.997081161E-1,1.772382221E2,1.806069265E-1,-7.687457028E-2,1.772380969E2
2.755320211E2,2.409135865E-2,7.123874384E-4,1.556956558E-3,9.997082949E-1,1.772390665E2,1.803291610E-1,-7.731156015E-2,1.772389408E2
2.755370211E2,2.409404200E-2,7.113730535E-4,1.554166782E-3,9.997082353E-1,1.772387590E2,1.800069748E-1,-7.720257290E-2,1.772386337E2
2.755420211E2,2.410159724E-2,7.065251120E-4,1.554252813E-3,9.997080564E-1,1.772378929E2,1.800040227E-1,-7.664560369E-2,1.772377685E2
2.755470211E2,2.409674212E-2,7.097749040E-4,1.551373280E-3,9.997081757E-1,1.772384495E2,1.796827503E-1,-7.702671965E-2,1.772383247E2
2.755520211E2,2.409172251E-2,7.129017613E-4,1.551079913E-3,9.997082949E-1,1.772390248E2,1.796573894E-1,-7.738663887E-2,1.772388995E2
2.755570211E2,2.409927317E-2,7.078545168E-4,1.551344292E-3,9.997081161E-1,1.772381593E2,1.796743206E-1,-7.680634878E-2,1.772380349E2
2.755620211E2,2.409915405E-2,7.078907802E-4,1.553177135E-3,9.997081161E-1,1.772381730E2,1.798843793E-1,-7.680546271E-2,1.772380484E2
2.755670211E2,2.408646021E-2,7.160917739E-4,1.554499730E-3,9.997084141E-1,1.772396280E2,1.800575572E-1,-7.774358714E-2,1.772395018E2
2.755720211E2,2.408123632E-2,7.202628767E-4,1.556840260E-3,9.997085333E-1,1.772402268E2,1.803367904E-1,-7.821590305E-2,1.772400997E2
2.755770211E2,2.409368825E-2,7.108353893E-4,1.559886266E-3,9.997082353E-1,1.772387995E2,1.806606784E-1,-7.712525092E-2,1.772386739E2
2.755820211E2,2.410118233E-2,7.058746414E-4,1.560967765E-3,9.997080564E-1,1.772379405E2,1.807714490E-1,-7.655261552E-2,1.772378157E2
2.755870211E2,2.409616208E-2,7.096912595E-4,1.560394652E-3,9.997081757E-1,1.772385159E2,1.807159496E-1,-7.699233063E-2,1.772383905E2
2.755920211E2,2.409622333E-2,7.100261864E-4,1.559296041E-3,9.997081757E-1,1.772385089E2,1.805910239E-1,-7.703372182E-2,1.772383835E2
2.755970211E2,2.410085372E-2,7.056138711E-4,1.566150808E-3,9.997080564E-1,1.772379782E2,1.813644651E-1,-7.650848662E-2,1.772378530E2
2.756020211E2,2.410076428E-2,7.057875628E-4,1.567448373E-3,9.997080564E-1,1.772379884E2,1.815135851E-1,-7.652481693E-2,1.772378631E2
2.756070211E2,2.409562816E-2,7.103758398E-4,1.568307984E-3,9.997081757E-1,1.772385771E2,1.816243383E-1,-7.704900044E-2,1.772384509E2
2.756120211E2,2.408576541E-2,7.170253666E-4,1.564800739E-3,9.997084141E-1,1.772397077E2,1.812401488E-1,-7.782223058E-2,1.772395805E2
2.756170211E2,2.409543550E-2,7.092317101E-4,1.571781933E-3,9.997081757E-1,1.772385992E2,1.820191344E-1,-7.690837354E-2,1.772384730E2
2.756220211E2,2.409799297E-2,7.081893855E-4,1.570954220E-3,9.997081161E-1,1.772383061E2,1.819216309E-1,-7.679078689E-2,1.772381801E2
2.756270211E2,2.408789596E-2,7.148801233E-4,1.571054221E-3,9.997083545E-1,1.772394634E2,1.819507821E-1,-7.755882702E-2,1.772393362E2
2.756320211E2,2.409280491E-2,7.108913269E-4,1.573445508E-3,9.997082353E-1,1.772389008E2,1.822140913E-1,-7.709438210E-2,1.772387741E2
2.756370211E2,2.409776947E-2,7.075227331E-4,1.574678696E-3,9.997081161E-1,1.772383317E2,1.823464429E-1,-7.670417185E-2,1.772382055E2
2.756420211E2,2.409520059E-2,7.106453413E-4,1.574741793E-3,9.997081757E-1,1.772386262E2,1.823620972E-1,-7.706218644E-2,1.772384994E2
2.756470211E2,2.408801093E-2,7.142992690E-4,1.569554908E-3,9.997083545E-1,1.772394503E2,1.817774284E-1,-7.749640321E-2,1.772393232E2
2.756520211E2,2.409551693E-2,7.099863724E-4,1.570192166E-3,9.997081757E-1,1.772385899E2,1.818391033E-1,-7.699920123E-2,1.772384636E2
2.756570211E2,2.410019696E-2,7.066424587E-4,1.575764036E-3,9.997080564E-1,1.772380534E2,1.824685327E-1,-7.659988896E-2,1.772379274E2
2.756620211E2,2.409503999E-2,7.094988832E-4,1.577713294E-3,9.997081757E-1,1.772386446E2,1.826993296E-1,-7.692267464E-2,1.772385178E2
2.756670211E2,2.409013692E-2,7.136015338E-4,1.575197559E-3,9.997082949E-1,1.772392066E2,1.824220805E-1,-7.740050794E-2,1.772390792E2
2.756720211E2,2.410269478E-2,7.055788301E-4,1.575851114E-3,9.997079968E-1,1.772377671E2,1.824757616E-1,-7.647734522E-2,1.772376412E2
2.756770211E2,2.410259515E-2,7.046628161E-4,1.577783609E-3,9.997079968E-1,1.772377786E2,1.826946073E-1,-7.636708883E-2,1.772376527E2
2.756820211E2,2.409258470E-2,7.118573994E-4,1.576377894E-3,9.997082353E-1,1.772389260E2,1.825526715E-1,-7.719699761E-2,1.772387989E2
2.756870211E2,2.409540505E-2,7.107104175E-4,1.571580884E-3,9.997081757E-1,1.772386027E2,1.820001837E-1,-7.707833224E-2,1.772384762E2
2.756920211E2,2.409790767E-2,7.085846737E-4,1.572084147E-3,9.997081161E-1,1.772383159E2,1.820521588E-1,-7.683296556E-2,1.772381897E2
2.756970211E2,2.409505577E-2,7.104781107E-4,1.577031566E-3,9.997081757E-1,1.772386428E2,1.826239372E-1,-7.703673266E-2,1.772385159E2
2.757020211E2,2.409260331E-2,7.113167667E-4,1.576337498E-3,9.997082353E-1,1.772389239E2,1.825465525E-1,-7.713517184E-2,1.772387969E2
2.757070211E2,2.409270396E-2,7.113535539E-4,1.574781723E-3,9.997082353E-1,1.772389123E2,1.823684346E-1,-7.714366316E-2,1.772387854E2
2.757120211E2,2.410025100E-2,7.065231912E-4,1.574990689E-3,9.997080564E-1,1.772380473E2,1.823796140E-1,-7.658835187E-2,1.772379212E2
2.757170211E2,2.410288456E-2,7.042735815E-4,1.573530491E-3,9.997079968E-1,1.772377454E2,1.822063235E-1,-7.633419355E-2,1.772376199E2
2.757220211E2,2.410300891E-2,7.047164836E-4,1.571426052E-3,9.997079968E-1,1.772377311E2,1.819664750E-1,-7.639072167E-2,1.772376057E2
2.757270211E2,2.410812032E-2,7.013893919E-4,1.570343971E-3,9.997078776E-1,1.772371452E2,1.818337115E-1,-7.601163537E-2,1.772370205E2
2.757320211E2,2.411315982E-2,6.986853550E-4,1.570064924E-3,9.997077584E-1,1.772365676E2,1.817946547E-1,-7.570172048E-2,1.772364434E2
2.757370211E2,2.411081615E-2,6.989930407E-4,1.567966887E-3,9.997078180E-1,1.772368362E2,1.815549796E-1,-7.574319149E-2,1.772367121E2
2.757420211E2,2.410802000E-2,7.020801422E-4,1.571574947E-3,9.997078776E-1,1.772371567E2,1.819766311E-1,-7.608738386E-2,1.772370318E2
2.757470211E2,2.411041611E-2,6.990425172E-4,1.574084396E-3,9.997078180E-1,1.772368821E2,1.822558984E-1,-7.573202953E-2,1.772367575E2
2.757520211E2,2.411295468E-2,6.975079887E-4,1.573734684E-3,9.997077584E-1,1.772365911E2,1.822117876E-1,-7.555674038E-2,1.772364669E2
2.757570211E2,2.410805111E-2,7.021152414E-4,1.571081928E-3,9.997078776E-1,1.772371532E2,1.819202509E-1,-7.609276117E-2,1.772370283E2
2.757620211E2,2.410337488E-2,7.045772509E-4,1.565865241E-3,9.997079968E-1,1.772376892E2,1.813290804E-1,-7.639006473E-2,1.772375642E2
2.757670211E2,2.411592068E-2,6.955549470E-4,1.566999941E-3,9.997076988E-1,1.772362511E2,1.814350922E-1,-7.535107522E-2,1.772361278E2
2.757720211E2,2.412348539E-2,6.918961299E-4,1.566260355E-3,9.997075200E-1,1.772353840E2,1.813408209E-1,-7.493259979E-2,1.772352614E2
2.757770211E2,2.411579389E-2,6.966818473E-4,1.568450010E-3,9.997076988E-1,1.772362657E2,1.816043149E-1,-7.547618640E-2,1.772361420E2
2.757820211E2,2.412082392E-2,6.925081252E-4,1.568933018E-3,9.997075796E-1,1.772356891E2,1.816484893E-1,-7.499580389E-2,1.772355661E2
2.757870211E2,2.412084016E-2,6.923539913E-4,1.568751410E-3,9.997075796E-1,1.772356872E2,1.816272597E-1,-7.497864565E-2,1.772355643E2
2.757920211E2,2.411585357E-2,6.956923753E-4,1.567971543E-3,9.997076988E-1,1.772362588E2,1.815467722E-1,-7.536414580E-2,1.772361353E2
2.757970211E2,2.411353102E-2,6.976496661E-4,1.564815640E-3,9.997077584E-1,1.772365250E2,1.811904709E-1,-7.559751194E-2,1.772364014E2
2.758020211E2,2.411837591E-2,6.946846261E-4,1.567624626E-3,9.997076392E-1,1.772359697E2,1.815044344E-1,-7.524920075E-2,1.772358464E2
2.758070211E2,2.411812469E-2,6.949877716E-4,1.571350964E-3,9.997076392E-1,1.772359985E2,1.819321369E-1,-7.527367505E-2,1.772358749E2
2.758120211E2,2.411592674E-2,6.968702655E-4,1.566322288E-3,9.997076988E-1,1.772362504E2,1.813610970E-1,-7.550362729E-2,1.772361269E2
2.758170211E2,2.411835540E-2,6.938856095E-4,1.568293897E-3,9.997076392E-1,1.772359720E2,1.815788950E-1,-7.515582086E-2,1.772358489E2
2.758220211E2,2.412329087E-2,6.910737138E-4,1.569615910E-3,9.997075200E-1,1.772354063E2,1.817229397E-1,-7.482914440E-2,1.772352836E2
2.758270211E2,2.412320655E-2,6.913677207E-4,1.570781809E-3,9.997075200E-1,1.772354160E2,1.818573098E-1,-7.485961753E-2,1.772352931E2
2.758320211E2,2.412359297E-2,6.912741228E-4,1.564877457E-3,9.997075200E-1,1.772353717E2,1.811806867E-1,-7.486514734E-2,1.772352493E2
2.758370211E2,2.412365015E-2,6.903111353E-4,1.564421109E-3,9.997075200E-1,1.772353651E2,1.811257501E-1,-7.475608054E-2,1.772352429E2
2.758420211E2,2.412622387E-2,6.897674757E-4,1.563059865E-3,9.997074604E-1,1.772350701E2,1.809684973E-1,-7.469709719E-2,1.772349481E2
2.758470211E2,2.412620472E-2,6.899053697E-4,1.563294674E-3,9.997074604E-1,1.772350723E2,1.809957766E-1,-7.471224833E-2,1.772349503E2
2.758520211E2,2.413144740E-2,6.865816540E-4,1.560068689E-3,9.997073412E-1,1.772344714E2,1.806174126E-1,-7.433946181E-2,1.772343502E2
2.758570211E2,2.413126175E-2,6.858162233E-4,1.563273836E-3,9.997073412E-1,1.772344926E2,1.809824583E-1,-7.424294569E-2,1.772343714E2
2.758620211E2,2.413618855E-2,6.826669560E-4,1.564825652E-3,9.997072220E-1,1.772339279E2,1.811518864E-1,-7.387698762E-2,1.772338071E2
2.758670211E2,2.413876644E-2,6.814808585E-4,1.563657308E-3,9.997071624E-1,1.772336324E2,1.810149520E-1,-7.374387539E-2,1.772335119E2
2.758720211E2,2.413666400E-2,6.816383102E-4,1.557925367E-3,9.997072220E-1,1.772338734E2,1.803585905E-1,-7.377814788E-2,1.772337533E2
2.758770211E2,2.413651052E-2,6.832678919E-4,1.559588476E-3,9.997072220E-1,1.772338910E2,1.805536101E-1,-7.396025717E-2,1.772337705E2
2.758820211E2,2.414163452E-2,6.792937638E-4,1.558429562E-3,9.997071028E-1,1.772333037E2,1.804102302E-1,-7.350726963E-2,1.772331839E2
2.758870211E2,2.414171918E-2,6.782420678E-4,1.557575888E-3,9.997071028E-1,1.772332940E2,1.803095312E-1,-7.338913586E-2,1.772331745E2
2.758920211E2,2.414184362E-2,6.793220527E-4,1.555174706E-3,9.997071028E-1,1.772332797E2,1.800374529E-1,-7.351947743E-2,1.772331602E2
2.758970211E2,2.413630857E-2,6.821889547E-4,1.563181984E-3,9.997072220E-1,1.772339142E2,1.809622771E-1,-7.382675327E-2,1.772337935E2
2.759020211E2,2.413342813E-2,6.836979301E-4,1.568866079E-3,9.997072816E-1,1.772342443E2,1.816173987E-1,-7.398441996E-2,1.772341230E2
2.759070211E2,2.412619144E-2,6.885563489E-4,1.564094098E-3,9.997074604E-1,1.772350738E2,1.810836263E-1,-7.455549927E-2,1.772349520E2
2.759120211E2,2.413406442E-2,6.841541617E-4,1.558847260E-3,9.997072816E-1,1.772341714E2,1.804709679E-1,-7.406427828E-2,1.772340507E2
2.759170211E2,2.413401737E-2,6.835935055E-4,1.559821307E-3,9.997072816E-1,1.772341768E2,1.805809989E-1,-7.399736518E-2,1.772340562E2
2.759220211E2,2.413379725E-2,6.845350144E-4,1.562811201E-3,9.997072816E-1,1.772342020E2,1.809261043E-1,-7.409699336E-2,1.772340810E2
2.759270211E2,2.413398378E-2,6.835205713E-4,1.560372883E-3,9.997072816E-1,1.772341806E2,1.806439824E-1,-7.398749057E-2,1.772340600E2
2.759320211E2,2.413902963E-2,6.813603104E-4,1.559641678E-3,9.997071624E-1,1.772336023E2,1.805546138E-1,-7.374112623E-2,1.772334821E2
2.759370211E2,2.414105027E-2,6.794517976E-4,1.567385509E-3,9.997071028E-1,1.772333706E2,1.814366032E-1,-7.350070262E-2,1.772332502E2
2.759420211E2,2.413108173E-2,6.866327021E-4,1.565692364E-3,9.997073412E-1,1.772345133E2,1.812617657E-1,-7.432982445E-2,1.772343917E2
2.759470211E2,2.412896519E-2,6.876597763E-4,1.559791970E-3,9.997074008E-1,1.772347559E2,1.805885088E-1,-7.446418304E-2,1.772346345E2
2.759520211E2,2.412896282E-2,6.872696104E-4,1.560000586E-3,9.997074008E-1,1.772347562E2,1.806113285E-1,-7.441890996E-2,1.772346349E2
2.759570211E2,2.413092457E-2,6.861988804E-4,1.568302629E-3,9.997073412E-1,1.772345313E2,1.815595820E-1,-7.427293694E-2,1.772344096E2
2.759620211E2,2.412354333E-2,6.909458898E-4,1.565787476E-3,9.997075200E-1,1.772353774E2,1.812840258E-1,-7.482503886E-2,1.772352550E2
2.759670211E2,2.412640736E-2,6.899188738E-4,1.560158213E-3,9.997074604E-1,1.772350491E2,1.806365210E-1,-7.472243037E-2,1.772349273E2
2.759720211E2,2.413134525E-2,6.851337967E-4,1.562283724E-3,9.997073412E-1,1.772344831E2,1.808671515E-1,-7.416749113E-2,1.772343620E2
2.759770211E2,2.412093278E-2,6.933818804E-4,1.566872117E-3,9.997075796E-1,1.772356766E2,1.814148193E-1,-7.510157654E-2,1.772355537E2
2.759820211E2,2.411630380E-2,6.969564711E-4,1.560467412E-3,9.997076988E-1,1.772362072E2,1.806906383E-1,-7.552961527E-2,1.772360841E2
2.759870211E2,2.412399214E-2,6.913851830E-4,1.558662625E-3,9.997075200E-1,1.772353259E2,1.804690623E-1,-7.489497894E-2,1.772352040E2
2.759920211E2,2.412347847E-2,6.918238942E-4,1.566398889E-3,9.997075200E-1,1.772353848E2,1.813564909E-1,-7.492394289E-2,1.772352622E2
2.759970211E2,2.411805850E-2,6.949705421E-4,1.572374254E-3,9.997076392E-1,1.772360061E2,1.820493109E-1,-7.526888510E-2,1.772358824E2
2.760020211E2,2.411108243E-2,6.991723203E-4,1.563786878E-3,9.997078180E-1,1.772368057E2,1.810766398E-1,-7.577523066E-2,1.772366819E2
2.760070211E2,2.411378408E-2,6.978454185E-4,1.560823759E-3,9.997077584E-1,1.772364960E2,1.807337272E-1,-7.563092211E-2,1.772363727E2
2.760120211E2,2.411606014E-2,6.957815494E-4,1.564751496E-3,9.997076988E-1,1.772362351E2,1.811781506E-1,-7.538322291E-2,1.772361119E2
2.760170211E2,2.410566269E-2,7.035466842E-4,1.569161075E-3,9.997079372E-1,1.772374269E2,1.817039738E-1,-7.626248544E-2,1.772373019E2
2.760220211E2,2.410057551E-2,7.071933942E-4,1.569715561E-3,9.997080564E-1,1.772380101E2,1.817771794E-1,-7.667963901E-2,1.772378843E2
2.760270211E2,2.410555099E-2,7.028643158E-4,1.571181463E-3,9.997079372E-1,1.772374397E2,1.819335327E-1,-7.617875373E-2,1.772373147E2
2.760320211E2,2.410534996E-2,7.034122827E-4,1.574017922E-3,9.997079372E-1,1.772374628E2,1.822599716E-1,-7.623372895E-2,1.772373374E2
2.760370211E2,2.410056398E-2,7.067160332E-4,1.570107532E-3,9.997080564E-1,1.772380114E2,1.818207635E-1,-7.662387295E-2,1.772378857E2
2.760420211E2,2.409328497E-2,7.108821301E-4,1.566081657E-3,9.997082353E-1,1.772388457E2,1.813705111E-1,-7.711357275E-2,1.772387196E2
2.760470211E2,2.410605017E-2,7.027784595E-4,1.563542755E-3,9.997079372E-1,1.772373825E2,1.810582548E-1,-7.618992912E-2,1.772372581E2
2.760520211E2,2.411114656E-2,6.996017764E-4,1.562605496E-3,9.997078180E-1,1.772367984E2,1.809424940E-1,-7.582768096E-2,1.772366746E2
2.760570211E2,2.410599894E-2,7.035798044E-4,1.563972095E-3,9.997079372E-1,1.772373884E2,1.811096493E-1,-7.628055293E-2,1.772372638E2
2.760620211E2,2.410862613E-2,7.018175093E-4,1.562367077E-3,9.997078776E-1,1.772370873E2,1.809211121E-1,-7.608262605E-2,1.772369631E2
2.760670211E2,2.411368747E-2,6.985315704E-4,1.562008867E-3,9.997077584E-1,1.772365071E2,1.808713803E-1,-7.570626897E-2,1.772363836E2
2.760720211E2,2.410855598E-2,7.018647739E-4,1.563427970E-3,9.997078776E-1,1.772370953E2,1.810427716E-1,-7.608512229E-2,1.772369710E2
2.760770211E2,2.410880443E-2,7.009811234E-4,1.559989410E-3,9.997078776E-1,1.772370668E2,1.806464329E-1,-7.599334798E-2,1.772369430E2
2.760820211E2,2.411631322E-2,6.964206696E-4,1.560561126E-3,9.997076988E-1,1.772362061E2,1.806998939E-1,-7.546797416E-2,1.772360831E2
2.760870211E2,2.412164964E-2,6.919876323E-4,1.556417905E-3,9.997075796E-1,1.772355944E2,1.802134007E-1,-7.497062226E-2,1.772354725E2
2.760920211E2,2.411945723E-2,6.936502177E-4,1.551361522E-3,9.997076392E-1,1.772358457E2,1.796385808E-1,-7.517545600E-2,1.772357239E2
2.760970211E2,2.412700017E-2,6.886346964E-4,1.551534282E-3,9.997074604E-1,1.772349811E2,1.796450706E-1,-7.459905445E-2,1.772348602E2
2.761020211E2,2.413168986E-2,6.862948067E-4,1.556440257E-3,9.997073412E-1,1.772344436E2,1.802009698E-1,-7.431659144E-2,1.772343227E2
2.761070211E2,2.412442327E-2,6.909458898E-4,1.552171074E-3,9.997075200E-1,1.772352765E2,1.797242182E-1,-7.486252294E-2,1.772351551E2
2.761120211E2,2.411973408E-2,6.934138364E-4,1.547157299E-3,9.997076392E-1,1.772358140E2,1.791563190E-1,-7.515994752E-2,1.772356925E2
2.761170211E2,2.411960328E-2,6.945551140E-4,1.548683736E-3,9.997076392E-1,1.772358290E2,1.793343302E-1,-7.528649443E-2,1.772357072E2
2.761220211E2,2.412429083E-2,6.913967081E-4,1.554027549E-3,9.997075200E-1,1.772352917E2,1.799381296E-1,-7.490905929E-2,1.772351701E2
2.761270211E2,2.411906703E-2,6.947097718E-4,1.556943869E-3,9.997076392E-1,1.772358905E2,1.802809852E-1,-7.528147719E-2,1.772357680E2
2.761320211E2,2.411452149E-2,6.969192764E-4,1.549805864E-3,9.997077584E-1,1.772364115E2,1.794690305E-1,-7.555513908E-2,1.772362892E2
2.761370211E2,2.411444084E-2,6.972877309E-4,1.550894696E-3,9.997077584E-1,1.772364207E2,1.795947776E-1,-7.559435409E-2,1.772362983E2
2.761420211E2,2.412389954E-2,6.914156838E-4,1.560081611E-3,9.997075200E-1,1.772353365E2,1.806316965E-1,-7.489456696E-2,1.772352145E2
2.761470211E2,2.411890151E-2,6.942000473E-4,1.559732831E-3,9.997076392E-1,1.772359094E2,1.805990629E-1,-7.521540542E-2,1.772357869E2
2.761520211E2,2.411688582E-2,6.954846904E-4,1.552106696E-3,9.997076988E-1,1.772361405E2,1.797288238E-1,-7.538401232E-2,1.772360183E2
2.761570211E2,2.411955916E-2,6.938321167E-4,1.549694571E-3,9.997076392E-1,1.772358341E2,1.794481279E-1,-7.520088317E-2,1.772357123E2
2.761620211E2,2.412661972E-2,6.896267878E-4,1.557000098E-3,9.997074604E-1,1.772350247E2,1.802739406E-1,-7.469766284E-2,1.772349032E2
2.761670211E2,2.412897149E-2,6.878516288E-4,1.559609897E-3,9.997074008E-1,1.772347552E2,1.805681818E-1,-7.448666360E-2,1.772346338E2
2.761720211E2,2.412442116E-2,6.909482181E-4,1.552202855E-3,9.997075200E-1,1.772352768E2,1.797278653E-1,-7.486270219E-2,1.772351553E2
2.761770211E2,2.412699885E-2,6.887472118E-4,1.551504945E-3,9.997074604E-1,1.772349813E2,1.796420209E-1,-7.461202535E-2,1.772348603E2
2.761820211E2,2.412909276E-2,6.873498205E-4,1.557954005E-3,9.997074008E-1,1.772347413E2,1.803771068E-1,-7.443373424E-2,1.772346201E2
2.761870211E2,2.412924983E-2,6.876905099E-4,1.555368886E-3,9.997074008E-1,1.772347233E2,1.800819136E-1,-7.447988282E-2,1.772346022E2
2.761920211E2,2.413448799E-2,6.837813999E-4,1.552439760E-3,9.997072816E-1,1.772341228E2,1.797359354E-1,-7.403922037E-2,1.772340027E2
2.761970211E2,2.414205092E-2,6.786768208E-4,1.552235568E-3,9.997071028E-1,1.772332559E2,1.796989801E-1,-7.345365501E-2,1.772331368E2
2.762020211E2,2.414190236E-2,6.790783373E-4,1.554369112E-3,9.997071028E-1,1.772332730E2,1.799444954E-1,-7.349377602E-2,1.772331536E2
2.762070211E2,2.413429656E-2,6.837212131E-4,1.555439434E-3,9.997072816E-1,1.772341448E2,1.800793926E-1,-7.402406368E-2,1.772340245E2
2.762120211E2,2.412922770E-2,6.868913188E-4,1.556065166E-3,9.997074008E-1,1.772347258E2,1.801594666E-1,-7.438640770E-2,1.772346049E2
2.762170211E2,2.413901601E-2,6.805056473E-4,1.560225501E-3,9.997071624E-1,1.772336038E2,1.806191302E-1,-7.364160516E-2,1.772334837E2
2.762220211E2,2.413401732E-2,6.842357689E-4,1.559540397E-3,9.997072816E-1,1.772341768E2,1.805505948E-1,-7.407171854E-2,1.772340561E2
2.762270211E2,2.413415952E-2,6.840981659E-4,1.557398820E-3,9.997072816E-1,1.772341605E2,1.803048892E-1,-7.406185228E-2,1.772340400E2
2.762320211E2,2.413157254E-2,6.854464882E-4,1.558631542E-3,9.997073412E-1,1.772344570E2,1.804496451E-1,-7.421337109E-2,1.772343361E2
2.762370211E2,2.413672046E-2,6.830428611E-4,1.556434785E-3,9.997072220E-1,1.772338669E2,1.801917214E-1,-7.394316324E-2,1.772337467E2
2.762420211E2,2.413197562E-2,6.857136032E-4,1.552260364E-3,9.997073412E-1,1.772344108E2,1.797205419E-1,-7.426151764E-2,1.772342904E2
2.762470211E2,2.413461413E-2,6.848134799E-4,1.550022047E-3,9.997072816E-1,1.772341084E2,1.794618301E-1,-7.416411756E-2,1.772339883E2
2.762520211E2,2.413698861E-2,6.823455915E-4,1.552577363E-3,9.997072220E-1,1.772338362E2,1.797479124E-1,-7.387390676E-2,1.772337164E2
2.762570211E2,2.414441444E-2,6.767833838E-4,1.554686460E-3,9.997070432E-1,1.772329850E2,1.799746845E-1,-7.322954045E-2,1.772328660E2
2.762620211E2,2.413942591E-2,6.804973236E-4,1.553874463E-3,9.997071624E-1,1.772335568E2,1.798915728E-1,-7.365814642E-2,1.772334372E2
2.762670211E2,2.413690110E-2,6.823083968E-4,1.553953625E-3,9.997072220E-1,1.772338462E2,1.799054654E-1,-7.386585479E-2,1.772337263E2
2.762720211E2,2.414414670E-2,6.775176153E-4,1.558520016E-3,9.997070432E-1,1.772330157E2,1.804158626E-1,-7.330309393E-2,1.772328963E2
2.762770211E2,2.414416029E-2,6.766503211E-4,1.558686257E-3,9.997070432E-1,1.772330142E2,1.804325080E-1,-7.320327600E-2,1.772328949E2
2.762820211E2,2.413694775E-2,6.828760379E-4,1.552979345E-3,9.997072220E-1,1.772338409E2,1.797954271E-1,-7.393356913E-2,1.772337209E2
2.762870211E2,2.413951668E-2,6.797896349E-4,1.552773756E-3,9.997071624E-1,1.772335464E2,1.797635265E-1,-7.358010355E-2,1.772334270E2
2.762920211E2,2.414197199E-2,6.796168745E-4,1.553051639E-3,9.997071028E-1,1.772332650E2,1.797950630E-1,-7.355910217E-2,1.772331456E2
2.762970211E2,2.414180697E-2,6.793172797E-4,1.555745606E-3,9.997071028E-1,1.772332839E2,1.801028384E-1,-7.351735780E-2,1.772331644E2
2.763020211E2,2.414183122E-2,6.794540677E-4,1.555309515E-3,9.997071028E-1,1.772332811E2,1.800532607E-1,-7.353423008E-2,1.772331616E2
2.763070211E2,2.414169179E-2,6.787549937E-4,1.557777054E-3,9.997071028E-1,1.772332971E2,1.803339935E-1,-7.344734405E-2,1.772331775E2
2.763120211E2,2.414910741E-2,6.740635727E-4,1.559625845E-3,9.997069240E-1,1.772324471E2,1.805333487E-1,-7.290345013E-2,1.772323282E2
2.763170211E2,2.413910465E-2,6.810323102E-4,1.558623626E-3,9.997071624E-1,1.772335937E2,1.804370856E-1,-7.370635383E-2,1.772334736E2
2.763220211E2,2.413425971E-2,6.841540453E-4,1.555820811E-3,9.997072816E-1,1.772341490E2,1.801242769E-1,-7.407259996E-2,1.772340286E2
2.763270211E2,2.413443698E-2,6.847559125E-4,1.552803209E-3,9.997072816E-1,1.772341287E2,1.797802632E-1,-7.414986262E-2,1.772340084E2
2.763320211E2,2.413911391E-2,6.801431300E-4,1.558868447E-3,9.997071624E-1,1.772335926E2,1.804626727E-1,-7.360381217E-2,1.772334727E2
2.763370211E2,2.414394110E-2,6.773157511E-4,1.561789308E-3,9.997070432E-1,1.772330393E2,1.807898136E-1,-7.327096034E-2,1.772329197E2
2.763420211E2,2.414138052E-2,6.797125097E-4,1.562177204E-3,9.997071028E-1,1.772333328E2,1.808406939E-1,-7.354491825E-2,1.772332127E2
2.763470211E2,2.415157022E-2,6.715718191E-4,1.560770557E-3,9.997068644E-1,1.772321648E2,1.806577676E-1,-7.261438685E-2,1.772320463E2
2.763520211E2,2.415395412E-2,6.701404345E-4,1.562672085E-3,9.997068048E-1,1.772318915E2,1.808718143E-1,-7.244471614E-2,1.772317732E2
2.763570211E2,2.414874895E-2,6.738621159E-4,1.565253013E-3,9.997069240E-1,1.772324882E2,1.811774040E-1,-7.286486395E-2,1.772323690E2
2.763620211E2,2.415362754E-2,6.714636693E-4,1.567145577E-3,9.997068048E-1,1.772319290E2,1.813879293E-1,-7.258398007E-2,1.772318101E2
2.763670211E2,2.416108531E-2,6.664334796E-4,1.568399719E-3,9.997066259E-1,1.772310741E2,1.815182145E-1,-7.200290611E-2,1.772309560E2
2.763720211E2,2.415609463E-2,6.689396687E-4,1.568221254E-3,9.997067451E-1,1.772316462E2,1.815043487E-1,-7.229141029E-2,1.772315277E2
2.763770211E2,2.414596226E-2,6.755454233E-4,1.569443732E-3,9.997069836E-1,1.772328076E2,1.816619409E-1,-7.304660943E-2,1.772326878E2
2.763820211E2,2.415069136E-2,6.733796909E-4,1.573538757E-3,9.997068644E-1,1.772322655E2,1.821254114E-1,-7.278631473E-2,1.772321458E2
2.763870211E2,2.414557934E-2,6.755833747E-4,1.575307688E-3,9.997069836E-1,1.772328515E2,1.823337832E-1,-7.303480106E-2,1.772327312E2
2.763920211E2,2.414100274E-2,6.798897521E-4,1.567927538E-3,9.997071028E-1,1.772333761E2,1.814999055E-1,-7.354938294E-2,1.772332556E2
2.763970211E2,2.414124054E-2,6.793673965E-4,1.564488863E-3,9.997071028E-1,1.772333488E2,1.811045486E-1,-7.349901286E-2,1.772332286E2
2.764020211E2,2.414835412E-2,6.741562975E-4,1.571206492E-3,9.997069240E-1,1.772325334E2,1.818602102E-1,-7.288216117E-2,1.772324137E2
2.764070211E2,2.415094091E-2,6.729782908E-4,1.569876098E-3,9.997068644E-1,1.772322369E2,1.817047305E-1,-7.275042252E-2,1.772321175E2
2.764120211E2,2.414356897E-2,6.775929360E-4,1.567411819E-3,9.997070432E-1,1.772330819E2,1.814346589E-1,-7.328722518E-2,1.772329619E2
2.764170211E2,2.414672054E-2,6.750609027E-4,1.557943760E-3,9.997069836E-1,1.772327207E2,1.803432377E-1,-7.302278787E-2,1.772326018E2
2.764220211E2,2.415139588E-2,6.729688612E-4,1.562865218E-3,9.997068644E-1,1.772321848E2,1.809015827E-1,-7.276866338E-2,1.772320659E2
2.764270211E2,2.415105833E-2,6.719801459E-4,1.568496693E-3,9.997068644E-1,1.772322235E2,1.815439539E-1,-7.263987336E-2,1.772321044E2
2.764320211E2,2.414114468E-2,6.795023801E-4,1.565908780E-3,9.997071028E-1,1.772333598E2,1.812675785E-1,-7.351056548E-2,1.772332395E2
2.764370211E2,2.414154357E-2,6.793397479E-4,1.559817814E-3,9.997071028E-1,1.772333141E2,1.805693867E-1,-7.350871323E-2,1.772331943E2
2.764420211E2,2.414149915E-2,6.789833424E-4,1.560660196E-3,9.997071028E-1,1.772333192E2,1.806648992E-1,-7.346556166E-2,1.772331994E2
2.764470211E2,2.413860520E-2,6.807724712E-4,1.566452556E-3,9.997071624E-1,1.772336509E2,1.813331995E-1,-7.365502090E-2,1.772335303E2
2.764520211E2,2.413640476E-2,6.827227189E-4,1.561462879E-3,9.997072220E-1,1.772339031E2,1.807668228E-1,-7.389263781E-2,1.772337826E2
2.764570211E2,2.414169365E-2,6.795172230E-4,1.557415817E-3,9.997071028E-1,1.772332969E2,1.802947199E-1,-7.353566259E-2,1.772331772E2
2.764620211E2,2.414154864E-2,6.787054008E-4,1.560015487E-3,9.997071028E-1,1.772333135E2,1.805902771E-1,-7.343549589E-2,1.772331938E2
2.764670211E2,2.414361176E-2,6.777229719E-4,1.566696214E-3,9.997070432E-1,1.772330770E2,1.813530433E-1,-7.330409399E-2,1.772329570E2
2.764720211E2,2.414633105E-2,6.762775593E-4,1.563443104E-3,9.997069836E-1,1.772327653E2,1.809765719E-1,-7.314701873E-2,1.772326458E2
2.764770211E2,2.415416201E-2,6.708875881E-4,1.559134107E-3,9.997068048E-1,1.772318677E2,1.804685928E-1,-7.254006401E-2,1.772317495E2
2.764820211E2,2.415112869E-2,6.722217076E-4,1.567309373E-3,9.997068644E-1,1.772322154E2,1.814086102E-1,-7.267081950E-2,1.772320963E2
2.764870211E2,2.414318627E-2,6.772583583E-4,1.573439571E-3,9.997070432E-1,1.772331258E2,1.821242346E-1,-7.323228892E-2,1.772330054E2
2.764920211E2,2.414838481E-2,6.741512916E-4,1.570736873E-3,9.997069240E-1,1.772325299E2,1.818063998E-1,-7.288288171E-2,1.772324102E2
2.764970211E2,2.415340028E-2,6.714247284E-4,1.570660854E-3,9.997068048E-1,1.772319550E2,1.817905093E-1,-7.256983038E-2,1.772318359E2
2.765020211E2,2.415605593E-2,6.682429812E-4,1.569114276E-3,9.997067451E-1,1.772316506E2,1.816047203E-1,-7.220913413E-2,1.772315322E2
2.765070211E2,2.415850337E-2,6.673290045E-4,1.569798565E-3,9.997066855E-1,1.772313701E2,1.816807575E-1,-7.210209176E-2,1.772312517E2
2.765120211E2,2.416367892E-2,6.635387545E-4,1.567662694E-3,9.997065663E-1,1.772307768E2,1.814259526E-1,-7.167286221E-2,1.772306593E2
2.765170211E2,2.416115676E-2,6.651051808E-4,1.567862811E-3,9.997066259E-1,1.772310659E2,1.814530344E-1,-7.185221249E-2,1.772309481E2
2.765220211E2,2.416406365E-2,6.640303181E-4,1.561512356E-3,9.997065663E-1,1.772307327E2,1.807227692E-1,-7.174613595E-2,1.772306156E2
2.765270211E2,2.416948527E-2,6.601458299E-4,1.555560040E-3,9.997064471E-1,1.772301113E2,1.800305113E-1,-7.131664317E-2,1.772299953E2
2.765320211E2,2.417435816E-2,6.574704894E-4,1.557583455E-3,9.997063279E-1,1.772295527E2,1.802552457E-1,-7.100367867E-2,1.772294371E2
2.765370211E2,2.417917681E-2,6.543952040E-4,1.560593024E-3,9.997062087E-1,1.772290004E2,1.805918371E-1,-7.064217244E-2,1.772288851E2
2.765420211E2,2.417662884E-2,6.550457329E-4,1.561612473E-3,9.997062683E-1,1.772292924E2,1.807102458E-1,-7.071433152E-2,1.772291770E2
2.765470211E2,2.417447369E-2,6.574007566E-4,1.555818832E-3,9.997063279E-1,1.772295395E2,1.800529085E-1,-7.100055795E-2,1.772294240E2
2.765520211E2,2.418172229E-2,6.511123502E-4,1.560707809E-3,9.997061491E-1,1.772287086E2,1.805960686E-1,-7.026531761E-2,1.772285939E2
2.765570211E2,2.418848457E-2,6.475027185E-4,1.571918023E-3,9.997059703E-1,1.772279335E2,1.818707598E-1,-6.981951041E-2,1.772278187E2
2.765620211E2,2.418357986E-2,6.508483784E-4,1.570186228E-3,9.997060895E-1,1.772284957E2,1.816812986E-1,-7.020847394E-2,1.772283804E2
2.765670211E2,2.418384419E-2,6.510854000E-4,1.566011342E-3,9.997060895E-1,1.772284654E2,1.812037065E-1,-7.024714881E-2,1.772283503E2
2.765720211E2,2.418124580E-2,6.526498473E-4,1.567433821E-3,9.997061491E-1,1.772287632E2,1.813708162E-1,-7.042289781E-2,1.772286478E2
2.765770211E2,2.418321520E-2,6.513523986E-4,1.575584291E-3,9.997060895E-1,1.772285375E2,1.823010625E-1,-7.025131999E-2,1.772284217E2
2.765820211E2,2.416839907E-2,6.603254587E-4,1.572270528E-3,9.997064471E-1,1.772302358E2,1.819452563E-1,-7.129113507E-2,1.772301186E2
2.765870211E2,2.416896805E-2,6.612482830E-4,1.563109690E-3,9.997064471E-1,1.772301706E2,1.808984031E-1,-7.142212098E-2,1.772300538E2
2.765920211E2,2.418386774E-2,6.510834792E-4,1.565648359E-3,9.997060895E-1,1.772284627E2,1.811621201E-1,-7.024793046E-2,1.772283476E2
2.765970211E2,2.418350590E-2,6.509195082E-4,1.571295550E-3,9.997060895E-1,1.772285042E2,1.818085725E-1,-7.021356155E-2,1.772283888E2
2.766020208E2,2.417836354E-2,6.532391417E-4,1.573623274E-3,9.997062087E-1,1.772290936E2,1.820812991E-1,-7.047377960E-2,1.772289776E2
2.766070208E2,2.418349233E-2,6.500239833E-4,1.571874949E-3,9.997060895E-1,1.772285057E2,1.818724645E-1,-7.010936884E-2,1.772283904E2
2.766120208E2,2.418314881E-2,6.499838200E-4,1.577167772E-3,9.997060895E-1,1.772285451E2,1.824786656E-1,-7.009016229E-2,1.772284294E2
2.766170208E2,2.418090838E-2,6.525384961E-4,1.572676818E-3,9.997061491E-1,1.772288019E2,1.819711124E-1,-7.039567427E-2,1.772286861E2
2.766220208E2,2.418352098E-2,6.502879551E-4,1.571324887E-3,9.997060895E-1,1.772285024E2,1.818101839E-1,-7.014112809E-2,1.772283871E2
2.766270208E2,2.418311777E-2,6.498365547E-4,1.577704214E-3,9.997060895E-1,1.772285487E2,1.825397091E-1,-7.007181090E-2,1.772284330E2
2.766320208E2,2.418050433E-2,6.520330207E-4,1.579085947E-3,9.997061491E-1,1.772288482E2,1.827039018E-1,-7.032008190E-2,1.772287321E2
2.766370208E2,2.417523489E-2,6.551092956E-4,1.583019388E-3,9.997062683E-1,1.772294522E2,1.831626625E-1,-7.066255944E-2,1.772293352E2
2.766420208E2,2.417270933E-2,6.572361453E-4,1.583063626E-3,9.997063279E-1,1.772297417E2,1.831734439E-1,-7.090654715E-2,1.772296243E2
2.766470208E2,2.417786962E-2,6.538402522E-4,1.580945449E-3,9.997062087E-1,1.772291502E2,1.829217455E-1,-7.052244399E-2,1.772290336E2
2.766520208E2,2.418304500E-2,6.500483723E-4,1.578732161E-3,9.997060895E-1,1.772285570E2,1.826580509E-1,-7.009324083E-2,1.772284412E2
2.766570208E2,2.418068325E-2,6.523769116E-4,1.576201525E-3,9.997061491E-1,1.772288277E2,1.823744330E-1,-7.036743743E-2,1.772287117E2
2.766620208E2,2.418085027E-2,6.519975723E-4,1.573794289E-3,9.997061491E-1,1.772288086E2,1.820976247E-1,-7.033062118E-2,1.772286928E2
2.766670208E2,2.419042103E-2,6.448798231E-4,1.581077697E-3,9.997059107E-1,1.772277115E2,1.829129394E-1,-6.949329287E-2,1.772275965E2
2.766720208E2,2.419286569E-2,6.446978659E-4,1.581434393E-3,9.997058511E-1,1.772274313E2,1.829534674E-1,-6.947101204E-2,1.772273163E2
2.766770208E2,2.418576380E-2,6.481767632E-4,1.575593138E-3,9.997060299E-1,1.772282454E2,1.822934528E-1,-6.988703658E-2,1.772281302E2
2.766820208E2,2.419339830E-2,6.439540884E-4,1.573569956E-3,9.997058511E-1,1.772273702E2,1.820505062E-1,-6.940751297E-2,1.772272560E2
2.766870208E2,2.418783996E-2,6.464540493E-4,1.582234865E-3,9.997059703E-1,1.772280074E2,1.830496870E-1,-6.967089769E-2,1.772278920E2
2.766920208E2,2.417791350E-2,6.537675508E-4,1.580304233E-3,9.997062087E-1,1.772291452E2,1.828480906E-1,-7.051588406E-2,1.772290286E2
2.766970208E2,2.417582870E-2,6.548473611E-4,1.574033755E-3,9.997062683E-1,1.772293842E2,1.821326002E-1,-7.065733837E-2,1.772292678E2
2.767020208E2,2.418082704E-2,6.527038058E-4,1.573858433E-3,9.997061491E-1,1.772288112E2,1.821069286E-1,-7.041135231E-2,1.772286953E2
2.767070208E2,2.418552330E-2,6.493058172E-4,1.578816795E-3,9.997060299E-1,1.772282729E2,1.826658620E-1,-7.000748789E-2,1.772281573E2
2.767120208E2,2.418604034E-2,6.484875339E-4,1.571214292E-3,9.997060299E-1,1.772282137E2,1.817927007E-1,-6.993472396E-2,1.772280987E2
2.767170208E2,2.418632714E-2,6.490303203E-4,1.566568390E-3,9.997060299E-1,1.772281808E2,1.812619989E-1,-7.000972918E-2,1.772280660E2
2.767220208E2,2.419125831E-2,6.455932744E-4,1.567921136E-3,9.997059107E-1,1.772276155E2,1.814077833E-1,-6.961134420E-2,1.772275014E2
2.767270208E2,2.418845426E-2,6.462516030E-4,1.572898938E-3,9.997059703E-1,1.772279370E2,1.819796613E-1,-6.967347175E-2,1.772278223E2
2.767320208E2,2.417851346E-2,6.543512573E-4,1.570855267E-3,9.997062087E-1,1.772290764E2,1.817672932E-1,-7.060882347E-2,1.772289604E2
2.767370208E2,2.418917089E-2,6.464583566E-4,1.561753801E-3,9.997059703E-1,1.772278548E2,1.807035172E-1,-6.972792080E-2,1.772277409E2
2.767420208E2,2.419913046E-2,6.394496886E-4,1.562964520E-3,9.997057319E-1,1.772267132E2,1.808234722E-1,-6.891986494E-2,1.772266005E2
2.767470208E2,2.419135897E-2,6.448668428E-4,1.566666528E-3,9.997059107E-1,1.772276040E2,1.812620507E-1,-6.953158554E-2,1.772274900E2
2.767520208E2,2.418438272E-2,6.493357942E-4,1.558402670E-3,9.997060895E-1,1.772284037E2,1.803272588E-1,-7.006770701E-2,1.772282894E2
2.767570208E2,2.418713706E-2,6.475893897E-4,1.554614631E-3,9.997060299E-1,1.772280879E2,1.798886599E-1,-6.987764527E-2,1.772279743E2
2.767620208E2,2.418704435E-2,6.484180340E-4,1.555711264E-3,9.997060299E-1,1.772280986E2,1.800165787E-1,-6.996955012E-2,1.772279847E2
2.767670208E2,2.418456917E-2,6.502008764E-4,1.555145020E-3,9.997060895E-1,1.772283823E2,1.799564790E-1,-7.017580387E-2,1.772282681E2
2.767720208E2,2.417966469E-2,6.529775565E-4,1.553612179E-3,9.997062087E-1,1.772289445E2,1.797882297E-1,-7.049902479E-2,1.772288299E2
2.767770208E2,2.418222823E-2,6.524854689E-4,1.552272472E-3,9.997061491E-1,1.772286506E2,1.796335721E-1,-7.044590383E-2,1.772285363E2
2.767820208E2,2.418705504E-2,6.492019165E-4,1.555218012E-3,9.997060299E-1,1.772280973E2,1.799622463E-1,-7.006071532E-2,1.772279834E2
2.767870208E2,2.418681222E-2,6.485204212E-4,1.559273340E-3,9.997060299E-1,1.772281252E2,1.804249114E-1,-6.997144811E-2,1.772280111E2
2.767920208E2,2.417204800E-2,6.579951732E-4,1.554956543E-3,9.997063875E-1,1.772298175E2,1.799556007E-1,-7.107147855E-2,1.772297020E2
2.767970208E2,2.417979648E-2,6.542407791E-4,1.551027410E-3,9.997062087E-1,1.772289294E2,1.794956329E-1,-7.065087545E-2,1.772288148E2
2.768020208E2,2.418981207E-2,6.472214591E-4,1.551472931E-3,9.997059703E-1,1.772277813E2,1.795279192E-1,-6.984372357E-2,1.772276680E2
2.768070208E2,2.417455446E-2,6.565555814E-4,1.554920455E-3,9.997063279E-1,1.772295302E2,1.799476562E-1,-7.090621066E-2,1.772294149E2
2.768120208E2,2.416952131E-2,6.609166157E-4,1.554672490E-3,9.997064471E-1,1.772301071E2,1.799309727E-1,-7.140739462E-2,1.772299911E2
2.768170208E2,2.417745021E-2,6.554242573E-4,1.548683620E-3,9.997062683E-1,1.772291983E2,1.792302459E-1,-7.079336736E-2,1.772290837E2
2.768220208E2,2.417013318E-2,6.595199229E-4,1.545727486E-3,9.997064471E-1,1.772300370E2,1.789024232E-1,-7.127205820E-2,1.772299218E2
2.768270208E2,2.416772346E-2,6.623218069E-4,1.543656690E-3,9.997065067E-1,1.772303132E2,1.786727851E-1,-7.159920271E-2,1.772301977E2
2.768320208E2,2.418296092E-2,6.508654333E-4,1.541500678E-3,9.997061491E-1,1.772285666E2,1.783951361E-1,-7.029003592E-2,1.772284533E2
2.768370208E2,2.418286985E-2,6.511964020E-4,1.542789047E-3,9.997061491E-1,1.772285771E2,1.785436402E-1,-7.032439685E-2,1.772284636E2
2.768420208E2,2.416759699E-2,6.621531211E-4,1.545707812E-3,9.997065067E-1,1.772303277E2,1.789072818E-1,-7.157422038E-2,1.772302121E2
2.768470208E2,2.417024964E-2,6.606830284E-4,1.543407911E-3,9.997064471E-1,1.772300237E2,1.786399268E-1,-7.141170517E-2,1.772299084E2
2.768520208E2,2.418062167E-2,6.525997305E-4,1.538806013E-3,9.997062087E-1,1.772288348E2,1.780910816E-1,-7.049659781E-2,1.772287213E2
2.768570208E2,2.417554379E-2,6.565002841E-4,1.539485645E-3,9.997063279E-1,1.772294168E2,1.781793881E-1,-7.094245892E-2,1.772293026E2
2.768620208E2,2.417823745E-2,6.554563297E-4,1.536330441E-3,9.997062683E-1,1.772291081E2,1.778152318E-1,-7.083112781E-2,1.772289943E2
2.768670208E2,2.417582149E-2,6.561120972E-4,1.535284449E-3,9.997063279E-1,1.772293850E2,1.776970506E-1,-7.090957879E-2,1.772292712E2
2.768720208E2,2.417587345E-2,6.566378288E-4,1.534241252E-3,9.997063279E-1,1.772293790E2,1.775790040E-1,-7.097268644E-2,1.772292652E2
2.768770208E2,2.417567258E-2,6.567619275E-4,1.537350123E-3,9.997063279E-1,1.772294021E2,1.779354804E-1,-7.097832565E-2,1.772292880E2
2.768820208E2,2.417102654E-2,6.596526364E-4,1.531637041E-3,9.997064471E-1,1.772299346E2,1.772886774E-1,-7.132613104E-2,1.772298204E2
2.768870208E2,2.416643430E-2,6.633413141E-4,1.524683787E-3,9.997065663E-1,1.772304610E2,1.765020130E-1,-7.176876912E-2,1.772303466E2
2.768920208E2,2.416632814E-2,6.634542369E-4,1.526316395E-3,9.997065663E-1,1.772304732E2,1.766893470E-1,-7.177720277E-2,1.772303587E2
2.768970208E2,2.417110913E-2,6.597742904E-4,1.530280686E-3,9.997064471E-1,1.772299251E2,1.771336386E-1,-7.134380982E-2,1.772298110E2
2.769020208E2,2.416412811E-2,6.648056442E-4,1.521512750E-3,9.997066259E-1,1.772307253E2,1.761426341E-1,-7.194570798E-2,1.772306109E2
2.769070208E2,2.416908491E-2,6.606709794E-4,1.522909035E-3,9.997065067E-1,1.772301572E2,1.762914942E-1,-7.146730855E-2,1.772300434E2
2.769120208E2,2.417861588E-2,6.542640622E-4,1.530873356E-3,9.997062683E-1,1.772290647E2,1.771868007E-1,-7.070959719E-2,1.772289515E2
2.769170208E2,2.416599399E-2,6.627166877E-4,1.531917136E-3,9.997065663E-1,1.772305115E2,1.773288916E-1,-7.167725934E-2,1.772303967E2
2.769220208E2,2.415837988E-2,6.689510192E-4,1.532609574E-3,9.997067451E-1,1.772313842E2,1.774249312E-1,-7.239088545E-2,1.772312683E2
2.769270208E2,2.417105807E-2,6.602018257E-4,1.530902693E-3,9.997064471E-1,1.772299310E2,1.772060753E-1,-7.139107353E-2,1.772298167E2
2.769320208E2,2.417104859E-2,6.600348279E-4,1.531124348E-3,9.997064471E-1,1.772299321E2,1.772310044E-1,-7.137133032E-2,1.772298178E2
2.769370208E2,2.415605410E-2,6.693162140E-4,1.530228066E-3,9.997068048E-1,1.772316508E2,1.771529522E-1,-7.243972671E-2,1.772315350E2
2.769420208E2,2.415119055E-2,6.733261980E-4,1.527353888E-3,9.997069240E-1,1.772322083E2,1.768344379E-1,-7.290791905E-2,1.772320919E2
2.769470208E2,2.415357996E-2,6.712945178E-4,1.529475790E-3,9.997068644E-1,1.772319344E2,1.770720697E-1,-7.266887792E-2,1.772318183E2
2.769520208E2,2.415076070E-2,6.735753268E-4,1.534026349E-3,9.997069240E-1,1.772322576E2,1.775994821E-1,-7.291806813E-2,1.772321407E2
2.769570208E2,2.415568047E-2,6.707072025E-4,1.535507967E-3,9.997068048E-1,1.772316937E2,1.777616325E-1,-7.258452619E-2,1.772315772E2
2.769620208E2,2.416057186E-2,6.667768466E-4,1.537873992E-3,9.997066855E-1,1.772311330E2,1.780221525E-1,-7.212685191E-2,1.772310170E2
2.769670208E2,2.415780586E-2,6.682279636E-4,1.541944686E-3,9.997067451E-1,1.772314500E2,1.784923025E-1,-7.228231220E-2,1.772313335E2
2.769720208E2,2.416042779E-2,6.667194539E-4,1.540160622E-3,9.997066855E-1,1.772311495E2,1.782839357E-1,-7.211397178E-2,1.772310334E2
2.769770208E2,2.415557552E-2,6.693990435E-4,1.537728240E-3,9.997068048E-1,1.772317057E2,1.780123542E-1,-7.242853873E-2,1.772315893E2
2.769820208E2,2.415320203E-2,6.713037728E-4,1.535428455E-3,9.997068644E-1,1.772319777E2,1.777539952E-1,-7.265352887E-2,1.772318612E2
2.769870208E2,2.416795553E-2,6.621056236E-4,1.540112076E-3,9.997065067E-1,1.772302866E2,1.782661381E-1,-7.158421275E-2,1.772301714E2
2.769920208E2,2.417019360E-2,6.607385003E-4,1.544261468E-3,9.997064471E-1,1.772300301E2,1.787378585E-1,-7.141570573E-2,1.772299148E2
2.769970208E2,2.415765055E-2,6.677231868E-4,1.544594415E-3,9.997067451E-1,1.772314678E2,1.787944422E-1,-7.221717825E-2,1.772313512E2
2.770020208E2,2.416535231E-2,6.627291441E-4,1.542000915E-3,9.997065663E-1,1.772305850E2,1.784840606E-1,-7.165087549E-2,1.772304695E2
2.770070208E2,2.417498933E-2,6.568755489E-4,1.548008993E-3,9.997063279E-1,1.772294804E2,1.791568085E-1,-7.096193450E-2,1.772293655E2
2.770120208E2,2.416468816E-2,6.637270562E-4,1.551947673E-3,9.997065663E-1,1.772306611E2,1.796262603E-1,-7.173776841E-2,1.772305448E2
2.770170208E2,2.417017771E-2,6.600855850E-4,1.544789411E-3,9.997064471E-1,1.772300319E2,1.787965290E-1,-7.133944962E-2,1.772299167E2
2.770220208E2,2.418004577E-2,6.536321016E-4,1.547393389E-3,9.997062087E-1,1.772289008E2,1.790776567E-1,-7.059117153E-2,1.772287866E2
2.770270208E2,2.416509259E-2,6.633179728E-4,1.545813167E-3,9.997065663E-1,1.772306148E2,1.789223979E-1,-7.170781986E-2,1.772304989E2
2.770320208E2,2.417062688E-2,6.598383770E-4,1.537851524E-3,9.997064471E-1,1.772299804E2,1.780010838E-1,-7.133026669E-2,1.772298657E2
2.770370208E2,2.417811342E-2,6.555420696E-4,1.538244658E-3,9.997062683E-1,1.772291223E2,1.780347500E-1,-7.083566829E-2,1.772290083E2
2.770420208E2,2.417834253E-2,6.552716950E-4,1.534754760E-3,9.997062683E-1,1.772290960E2,1.776342203E-1,-7.081432358E-2,1.772289824E2
2.770470208E2,2.417052368E-2,6.601361674E-4,1.539345016E-3,9.997064471E-1,1.772299923E2,1.781729933E-1,-7.136026256E-2,1.772298774E2
2.770520208E2,2.417071476E-2,6.602964131E-4,1.536272815E-3,9.997064471E-1,1.772299703E2,1.778215048E-1,-7.138709555E-2,1.772298557E2
2.770570208E2,2.417060081E-2,6.599684712E-4,1.538205426E-3,9.997064471E-1,1.772299834E2,1.780419848E-1,-7.134419438E-2,1.772298687E2
2.770620208E2,2.417513298E-2,6.567719392E-4,1.545808045E-3,9.997063279E-1,1.772294639E2,1.789043948E-1,-7.095613692E-2,1.772293492E2
2.770670208E2,2.418266972E-2,6.511461106E-4,1.545944135E-3,9.997061491E-1,1.772286000E2,1.789049281E-1,-7.030992778E-2,1.772284863E2
2.770720208E2,2.417525521E-2,6.568878889E-4,1.543845865E-3,9.997063279E-1,1.772294499E2,1.786799407E-1,-7.097483402E-2,1.772293353E2
2.770770208E2,2.417261657E-2,6.585736410E-4,1.545846346E-3,9.997063875E-1,1.772297524E2,1.789135951E-1,-7.116288041E-2,1.772296373E2
2.770820208E2,2.418790393E-2,6.489733350E-4,1.542055281E-3,9.997060299E-1,1.772280000E2,1.784537729E-1,-7.007086176E-2,1.772278870E2
2.770870208E2,2.417982375E-2,6.532523548E-4,1.551018911E-3,9.997062087E-1,1.772289262E2,1.794919222E-1,-7.053766226E-2,1.772288118E2
2.770920208E2,2.416983160E-2,6.602270878E-4,1.550134970E-3,9.997064471E-1,1.772300716E2,1.794092743E-1,-7.134091579E-2,1.772299560E2
2.770970208E2,2.417541698E-2,6.563784555E-4,1.541527687E-3,9.997063279E-1,1.772294314E2,1.784129743E-1,-7.092286778E-2,1.772293170E2
2.771020208E2,2.417050245E-2,6.595441373E-4,1.539931982E-3,9.997064471E-1,1.772299947E2,1.782385936E-1,-7.129081877E-2,1.772298799E2
2.771070208E2,2.415782336E-2,6.684375112E-4,1.541579724E-3,9.997067451E-1,1.772314480E2,1.784510745E-1,-7.230732479E-2,1.772313315E2
2.771120208E2,2.416534505E-2,6.631113938E-4,1.541950391E-3,9.997065663E-1,1.772305859E2,1.784793308E-1,-7.169480646E-2,1.772304703E2
2.771170208E2,2.416779181E-2,6.617361214E-4,1.542837592E-3,9.997065067E-1,1.772303054E2,1.785773333E-1,-7.153436408E-2,1.772301900E2
2.771220208E2,2.416009041E-2,6.664071698E-4,1.545578591E-3,9.997066855E-1,1.772311882E2,1.789037200E-1,-7.206325678E-2,1.772310717E2
2.771270208E2,2.416252512E-2,6.655014004E-4,1.546461252E-3,9.997066259E-1,1.772309091E2,1.790025035E-1,-7.195661392E-2,1.772307928E2
2.771320208E2,2.417271693E-2,6.586289383E-4,1.544252620E-3,9.997063875E-1,1.772297408E2,1.787311810E-1,-7.117361199E-2,1.772296259E2
2.771370208E2,2.416747091E-2,6.616095779E-4,1.547910273E-3,9.997065067E-1,1.772303422E2,1.791580775E-1,-7.150587601E-2,1.772302265E2
2.771420208E2,2.416735913E-2,6.622463698E-4,1.549382461E-3,9.997065067E-1,1.772303550E2,1.793284846E-1,-7.157476840E-2,1.772302390E2
2.771470208E2,2.416498285E-2,6.630617427E-4,1.547637628E-3,9.997065663E-1,1.772306274E2,1.791306876E-1,-7.167343396E-2,1.772305114E2
2.771520208E2,2.416782114E-2,6.622309447E-4,1.542165643E-3,9.997065067E-1,1.772303020E2,1.785017286E-1,-7.159290579E-2,1.772301866E2
2.771570208E2,2.417284340E-2,6.588885444E-4,1.542160753E-3,9.997063875E-1,1.772297264E2,1.784922685E-1,-7.120912406E-2,1.772296115E2
2.771620208E2,2.416307571E-2,6.642662920E-4,1.538368408E-3,9.997066259E-1,1.772308460E2,1.780720203E-1,-7.183743294E-2,1.772307305E2
2.771670208E2,2.416324576E-2,6.646477268E-4,1.535530086E-3,9.997066259E-1,1.772308265E2,1.777479355E-1,-7.188895843E-2,1.772307111E2
2.771720208E2,2.416592763E-2,6.629495183E-4,1.532862894E-3,9.997065663E-1,1.772305191E2,1.774378762E-1,-7.170132460E-2,1.772304042E2
2.771770208E2,2.418082591E-2,6.525532808E-4,1.535612973E-3,9.997062087E-1,1.772288114E2,1.777251783E-1,-7.050008827E-2,1.772286982E2
2.771820208E2,2.417022587E-2,6.593971630E-4,1.544329803E-3,9.997064471E-1,1.772300264E2,1.787419737E-1,-7.126184982E-2,1.772299113E2
2.771870208E2,2.416000198E-2,6.665067631E-4,1.546917483E-3,9.997066855E-1,1.772311983E2,1.790573707E-1,-7.207097488E-2,1.772310818E2
2.771920208E2,2.417548497E-2,6.572790444E-4,1.540076919E-3,9.997063279E-1,1.772294236E2,1.782492769E-1,-7.103004451E-2,1.772293092E2
2.771970208E2,2.417291298E-2,6.584812072E-4,1.541243866E-3,9.997063875E-1,1.772297184E2,1.783861080E-1,-7.116498781E-2,1.772296037E2
2.772020208E2,2.415724781E-2,6.693995674E-4,1.550157554E-3,9.997067451E-1,1.772315140E2,1.794363582E-1,-7.239389243E-2,1.772313967E2
2.772070208E2,2.416726203E-2,6.610698765E-4,1.551398076E-3,9.997065067E-1,1.772303661E2,1.795561246E-1,-7.143442693E-2,1.772302502E2
2.772120208E2,2.416977729E-2,6.595955929E-4,1.551250229E-3,9.997064471E-1,1.772300778E2,1.795352834E-1,-7.126549375E-2,1.772299622E2
2.772170208E2,2.415974566E-2,6.662109517E-4,1.551042544E-3,9.997066855E-1,1.772312277E2,1.795290931E-1,-7.202571250E-2,1.772311109E2
2.772220208E2,2.415926315E-2,6.665455294E-4,1.558397082E-3,9.997066855E-1,1.772312830E2,1.803725082E-1,-7.204376615E-2,1.772311656E2
2.772270208E2,2.416720823E-2,6.614244776E-4,1.552084927E-3,9.997065067E-1,1.772303723E2,1.796357873E-1,-7.147315676E-2,1.772302563E2
2.772320208E2,2.416246160E-2,6.645510439E-4,1.547861728E-3,9.997066259E-1,1.772309164E2,1.791603034E-1,-7.184387655E-2,1.772308001E2
2.772370208E2,2.416440103E-2,6.635830505E-4,1.556473435E-3,9.997065663E-1,1.772306941E2,1.801443045E-1,-7.170879045E-2,1.772305774E2
2.772420208E2,2.416969544E-2,6.596324383E-4,1.552509260E-3,9.997064471E-1,1.772300872E2,1.796796121E-1,-7.126624217E-2,1.772299715E2
2.772470208E2,2.416751976E-2,6.623081863E-4,1.546848333E-3,9.997065067E-1,1.772303366E2,1.790383619E-1,-7.158883947E-2,1.772302208E2
2.772520208E2,2.416698103E-2,6.625585374E-4,1.555135823E-3,9.997065067E-1,1.772303983E2,1.799884175E-1,-7.159466386E-2,1.772302819E2
2.772570208E2,2.416899955E-2,6.607853575E-4,1.562818419E-3,9.997064471E-1,1.772301670E2,1.808637556E-1,-7.136989020E-2,1.772300503E2
2.772620208E2,2.416681776E-2,6.622567889E-4,1.557799405E-3,9.997065067E-1,1.772304170E2,1.802927055E-1,-7.155274895E-2,1.772303005E2
2.772670208E2,2.416442105E-2,6.631988799E-4,1.556326402E-3,9.997065663E-1,1.772306918E2,1.801263983E-1,-7.166518420E-2,1.772305752E2
2.772720208E2,2.417396203E-2,6.578606553E-4,1.563555445E-3,9.997063279E-1,1.772295981E2,1.809404394E-1,-7.103190280E-2,1.772294820E2
2.772770208E2,2.417164332E-2,6.588878459E-4,1.560858102E-3,9.997063875E-1,1.772298639E2,1.806341172E-1,-7.115746692E-2,1.772297478E2
2.772820208E2,2.416716836E-2,6.621056236E-4,1.552415197E-3,9.997065067E-1,1.772303769E2,1.796755062E-1,-7.155027995E-2,1.772302607E2
2.772870208E2,2.417167155E-2,6.591460551E-4,1.560311764E-3,9.997063875E-1,1.772298607E2,1.805722470E-1,-7.118855508E-2,1.772297445E2
2.772920208E2,2.416363086E-2,6.642190856E-4,1.568115433E-3,9.997065663E-1,1.772307823E2,1.814796982E-1,-7.174955463E-2,1.772306647E2
2.772970208E2,2.416414156E-2,6.642912631E-4,1.560195233E-3,9.997065663E-1,1.772307238E2,1.805726101E-1,-7.177966247E-2,1.772306067E2
2.773020208E2,2.417411986E-2,6.571185077E-4,1.561425859E-3,9.997063279E-1,1.772295800E2,1.806944328E-1,-7.095275484E-2,1.772294642E2
2.773070208E2,2.416635433E-2,6.628099363E-4,1.564737875E-3,9.997065067E-1,1.772304702E2,1.810890636E-1,-7.159698470E-2,1.772303530E2
2.773120208E2,2.415874811E-2,6.680831430E-4,1.565705985E-3,9.997066855E-1,1.772313420E2,1.812140240E-1,-7.219977022E-2,1.772312238E2
2.773170208E2,2.416678716E-2,6.626199465E-4,1.558119548E-3,9.997065067E-1,1.772304205E2,1.803303841E-1,-7.159347045E-2,1.772303039E2
2.773220208E2,2.416931944E-2,6.598929176E-4,1.558241667E-3,9.997064471E-1,1.772301303E2,1.803370015E-1,-7.128027257E-2,1.772300141E2
2.773270208E2,2.416125694E-2,6.648285198E-4,1.566435676E-3,9.997066259E-1,1.772310545E2,1.812887853E-1,-7.182445203E-2,1.772309368E2
2.773320208E2,2.417174355E-2,6.580083282E-4,1.559676486E-3,9.997063875E-1,1.772298524E2,1.804963240E-1,-7.105996613E-2,1.772297365E2
2.773370208E2,2.417695095E-2,6.551122060E-4,1.556589734E-3,9.997062683E-1,1.772292555E2,1.801350565E-1,-7.073580429E-2,1.772291404E2
2.773420208E2,2.416899665E-2,6.597380270E-4,1.563305617E-3,9.997064471E-1,1.772301673E2,1.809166669E-1,-7.124856131E-2,1.772300508E2
2.773470208E2,2.417376961E-2,6.572137354E-4,1.566799008E-3,9.997063279E-1,1.772296202E2,1.813102105E-1,-7.094884238E-2,1.772295039E2
2.773520208E2,2.417402441E-2,6.567548262E-4,1.563055790E-3,9.997063279E-1,1.772295910E2,1.808801406E-1,-7.090659416E-2,1.772294751E2
2.773570208E2,2.417397717E-2,6.563832285E-4,1.563942176E-3,9.997063279E-1,1.772295964E2,1.809806506E-1,-7.086157773E-2,1.772294805E2
2.773620208E2,2.418363158E-2,6.504610647E-4,1.569550135E-3,9.997060895E-1,1.772284898E2,1.816073591E-1,-7.016585753E-2,1.772283746E2
2.773670208E2,2.417857742E-2,6.530369865E-4,1.570417662E-3,9.997062087E-1,1.772290691E2,1.817135246E-1,-7.045946421E-2,1.772289534E2
2.773720208E2,2.417130544E-2,6.584457005E-4,1.566267689E-3,9.997063875E-1,1.772299026E2,1.812525813E-1,-7.109189242E-2,1.772297862E2
2.773770208E2,2.418080346E-2,6.526563666E-4,1.574240392E-3,9.997061491E-1,1.772288139E2,1.821505520E-1,-7.040486365E-2,1.772286980E2
2.773820208E2,2.418318604E-2,6.513619446E-4,1.576027949E-3,9.997060895E-1,1.772285408E2,1.823519117E-1,-7.025118937E-2,1.772284250E2
2.773870208E2,2.416057124E-2,6.653452874E-4,1.576758572E-3,9.997066259E-1,1.772311330E2,1.824727405E-1,-7.185519502E-2,1.772310146E2
2.773920208E2,2.415601710E-2,6.686534616E-4,1.569537097E-3,9.997067451E-1,1.772316551E2,1.816542914E-1,-7.225499455E-2,1.772315365E2
2.773970208E2,2.416320846E-2,6.646420225E-4,1.574432245E-3,9.997065663E-1,1.772308308E2,1.822044824E-1,-7.178059071E-2,1.772307126E2
2.774020208E2,2.416057132E-2,6.656912155E-4,1.576611423E-3,9.997066259E-1,1.772311330E2,1.824568412E-1,-7.189523125E-2,1.772310145E2
2.774070208E2,2.415083280E-2,6.719171070E-4,1.571992412E-3,9.997068644E-1,1.772322493E2,1.819442269E-1,-7.262301794E-2,1.772321300E2
2.774120208E2,2.415367809E-2,6.712171598E-4,1.566471881E-3,9.997068048E-1,1.772319232E2,1.813100731E-1,-7.255759601E-2,1.772318044E2
2.774170208E2,2.415053845E-2,6.733488408E-4,1.575896982E-3,9.997068644E-1,1.772322831E2,1.823954693E-1,-7.277628191E-2,1.772321632E2
2.774220208E2,2.414788597E-2,6.738597294E-4,1.578511787E-3,9.997069240E-1,1.772325871E2,1.826962378E-1,-7.282805638E-2,1.772324669E2
2.774270208E2,2.414568440E-2,6.758480449E-4,1.573582878E-3,9.997069836E-1,1.772328395E2,1.821369319E-1,-7.306987457E-2,1.772327193E2
2.774320208E2,2.414090541E-2,6.797689712E-4,1.569477608E-3,9.997071028E-1,1.772333872E2,1.816771376E-1,-7.353127596E-2,1.772332666E2
2.774370208E2,2.414795336E-2,6.748646847E-4,1.577050774E-3,9.997069240E-1,1.772325794E2,1.825316528E-1,-7.294721277E-2,1.772324591E2
2.774420208E2,2.414794052E-2,6.737482036E-4,1.577724703E-3,9.997069240E-1,1.772325808E2,1.826057661E-1,-7.281744830E-2,1.772324607E2
2.774470208E2,2.414761155E-2,6.745343562E-4,1.582416822E-3,9.997069240E-1,1.772326186E2,1.831454393E-1,-7.289458428E-2,1.772324980E2
2.774520208E2,2.414493795E-2,6.757175433E-4,1.585050835E-3,9.997069836E-1,1.772329250E2,1.834502666E-1,-7.302332952E-2,1.772328040E2
2.774570208E2,2.415244352E-2,6.707978318E-4,1.585570630E-3,9.997068048E-1,1.772320647E2,1.834967437E-1,-7.245692122E-2,1.772319446E2
2.774620208E2,2.414994394E-2,6.725644344E-4,1.585314516E-3,9.997068644E-1,1.772323512E2,1.834721121E-1,-7.266046728E-2,1.772322308E2
2.774670208E2,2.414730965E-2,6.747094449E-4,1.586942584E-3,9.997069240E-1,1.772326532E2,1.836643657E-1,-7.290217369E-2,1.772325322E2
2.774720208E2,2.414996997E-2,6.719453959E-4,1.585180522E-3,9.997068644E-1,1.772323482E2,1.834550505E-1,-7.258991752E-2,1.772322279E2
2.774770208E2,2.415465609E-2,6.692991010E-4,1.590073574E-3,9.997067451E-1,1.772318111E2,1.840086050E-1,-7.227235915E-2,1.772316909E2
2.774820208E2,2.414700846E-2,6.741044926E-4,1.591775334E-3,9.997069240E-1,1.772326877E2,1.842163014E-1,-7.281955387E-2,1.772325665E2
2.774870208E2,2.414943428E-2,6.732027396E-4,1.592789893E-3,9.997068644E-1,1.772324096E2,1.843302086E-1,-7.271299608E-2,1.772322885E2
2.774920208E2,2.415989055E-2,6.655831821E-4,1.587054692E-3,9.997066259E-1,1.772312111E2,1.836528565E-1,-7.185406573E-2,1.772310918E2
2.774970208E2,2.415701633E-2,6.675808108E-4,1.592412707E-3,9.997066855E-1,1.772315405E2,1.842719857E-1,-7.206860540E-2,1.772314205E2
2.775020208E2,2.415187360E-2,6.714033079E-4,1.593973371E-3,9.997068048E-1,1.772321300E2,1.844609825E-1,-7.250313148E-2,1.772320092E2
2.775070208E2,2.416214462E-2,6.651125732E-4,1.590478467E-3,9.997065663E-1,1.772309527E2,1.840439371E-1,-7.179025955E-2,1.772308333E2
2.775120208E2,2.416974516E-2,6.599767949E-4,1.589528751E-3,9.997063875E-1,1.772300815E2,1.839214590E-1,-7.120314655E-2,1.772299631E2
2.775170208E2,2.416954596E-2,6.594455917E-4,1.592774875E-3,9.997063875E-1,1.772301043E2,1.842918439E-1,-7.113333871E-2,1.772299858E2
2.775220208E2,2.415955620E-2,6.660837098E-4,1.591927023E-3,9.997066259E-1,1.772312494E2,1.842123843E-1,-7.189797704E-2,1.772311297E2
2.775270208E2,2.415988205E-2,6.659066421E-4,1.587048289E-3,9.997066259E-1,1.772312120E2,1.836530180E-1,-7.189113994E-2,1.772310927E2
2.775320208E2,2.416715678E-2,6.614601007E-4,1.590780215E-3,9.997064471E-1,1.772303782E2,1.840687486E-1,-7.137008134E-2,1.772302594E2
2.775370208E2,2.416194810E-2,6.647034897E-4,1.593631809E-3,9.997065663E-1,1.772309752E2,1.844040318E-1,-7.173470073E-2,1.772308557E2
2.775420208E2,2.415972110E-2,6.654899917E-4,1.589671127E-3,9.997066259E-1,1.772312305E2,1.839523206E-1,-7.183617723E-2,1.772311111E2
2.775470208E2,2.417499012E-2,6.565913209E-4,1.586140366E-3,9.997062683E-1,1.772294803E2,1.835242852E-1,-7.082373577E-2,1.772293628E2
2.775520208E2,2.417706034E-2,6.538018933E-4,1.593289431E-3,9.997062087E-1,1.772292430E2,1.843356874E-1,-7.048399742E-2,1.772291255E2
2.775570208E2,2.417181460E-2,6.581199705E-4,1.596302958E-3,9.997063279E-1,1.772298443E2,1.846925041E-1,-7.097128722E-2,1.772297258E2
2.775620208E2,2.417711223E-2,6.548946840E-4,1.592052751E-3,9.997062087E-1,1.772292370E2,1.841970471E-1,-7.061260205E-2,1.772291194E2
2.775670208E2,2.418978437E-2,6.460679579E-4,1.590306405E-3,9.997059107E-1,1.772277845E2,1.839734135E-1,-6.960393701E-2,1.772276687E2
2.775720208E2,2.418171611E-2,6.508928491E-4,1.598614384E-3,9.997060895E-1,1.772287093E2,1.849379709E-1,-7.013512869E-2,1.772285920E2
2.775770208E2,2.417668581E-2,6.540066097E-4,1.598878880E-3,9.997062087E-1,1.772292859E2,1.849765458E-1,-7.049203242E-2,1.772291680E2
2.775820208E2,2.417917637E-2,6.535251741E-4,1.598681905E-3,9.997061491E-1,1.772290004E2,1.849528222E-1,-7.043696512E-2,1.772288826E2
2.775870208E2,2.418442424E-2,6.492613466E-4,1.595581882E-3,9.997060299E-1,1.772283989E2,1.845862407E-1,-6.995613062E-2,1.772282821E2
2.775920208E2,2.418692492E-2,6.477368879E-4,1.595641486E-3,9.997059703E-1,1.772281123E2,1.845890182E-1,-6.978086490E-2,1.772279957E2
2.775970208E2,2.418204861E-2,6.507981452E-4,1.593615394E-3,9.997060895E-1,1.772286712E2,1.843650562E-1,-7.013807120E-2,1.772285543E2
2.776020208E2,2.418481740E-2,6.489088410E-4,1.589755411E-3,9.997060299E-1,1.772283538E2,1.839178209E-1,-6.993182377E-2,1.772282375E2
2.776070208E2,2.418738439E-2,6.472122041E-4,1.588875195E-3,9.997059703E-1,1.772280596E2,1.838124614E-1,-6.973942812E-2,1.772279436E2
2.776120208E2,2.418474398E-2,6.499662995E-4,1.590440283E-3,9.997060299E-1,1.772283622E2,1.839992044E-1,-7.005107941E-2,1.772282457E2
2.776170208E2,2.418245235E-2,6.505099009E-4,1.587595209E-3,9.997060895E-1,1.772286249E2,1.836746237E-1,-7.012165937E-2,1.772285085E2
2.776220208E2,2.418984246E-2,6.451062509E-4,1.589813153E-3,9.997059107E-1,1.772277778E2,1.839142454E-1,-6.949512252E-2,1.772276622E2
2.776270208E2,2.418467889E-2,6.493329420E-4,1.591688138E-3,9.997060299E-1,1.772283697E2,1.841403966E-1,-6.997507686E-2,1.772282532E2
2.776320208E2,2.418000994E-2,6.526692887E-4,1.586376806E-3,9.997061491E-1,1.772289049E2,1.835408583E-1,-7.037285922E-2,1.772287881E2
2.776370208E2,2.418559181E-2,6.494174595E-4,1.577720977E-3,9.997060299E-1,1.772282651E2,1.825406413E-1,-7.002330203E-2,1.772281495E2
2.776420208E2,2.418549487E-2,6.486447528E-4,1.579523785E-3,9.997060299E-1,1.772282762E2,1.827450192E-1,-6.992980345E-2,1.772281606E2
2.776470208E2,2.418524458E-2,6.497395807E-4,1.582902623E-3,9.997060299E-1,1.772283049E2,1.831351101E-1,-7.004590580E-2,1.772281889E2
2.776520208E2,2.418029008E-2,6.531139370E-4,1.581917517E-3,9.997061491E-1,1.772288728E2,1.830312619E-1,-7.043610237E-2,1.772287562E2
2.776570208E2,2.418279243E-2,6.512825494E-4,1.582088764E-3,9.997060895E-1,1.772285859E2,1.830459803E-1,-7.022536970E-2,1.772284697E2
2.776620208E2,2.418998106E-2,6.461023586E-4,1.587297767E-3,9.997059107E-1,1.772277619E2,1.836288584E-1,-6.961618189E-2,1.772276463E2
2.776670208E2,2.419245832E-2,6.433931994E-4,1.588183222E-3,9.997058511E-1,1.772274780E2,1.837229556E-1,-6.930291650E-2,1.772273628E2
2.776720208E2,2.417996122E-2,6.520734751E-4,1.587364008E-3,9.997061491E-1,1.772289105E2,1.836522959E-1,-7.030187751E-2,1.772287937E2
2.776770208E2,2.418022056E-2,6.530409446E-4,1.583009958E-3,9.997061491E-1,1.772288807E2,1.831562029E-1,-7.042472611E-2,1.772287641E2
2.776820208E2,2.419531383E-2,6.425995380E-4,1.582513563E-3,9.997057915E-1,1.772271507E2,1.830714468E-1,-6.922719180E-2,1.772270360E2
2.776870208E2,2.419294114E-2,6.444861065E-4,1.580366166E-3,9.997058511E-1,1.772274226E2,1.828305113E-1,-6.944970110E-2,1.772273078E2
2.776920208E2,2.418276569E-2,6.500373711E-4,1.583009260E-3,9.997060895E-1,1.772285890E2,1.831479778E-1,-7.008017863E-2,1.772284729E2
2.776970208E2,2.419276077E-2,6.446246989E-4,1.583068399E-3,9.997058511E-1,1.772274433E2,1.831404460E-1,-6.945811926E-2,1.772273283E2
2.777020208E2,2.418999467E-2,6.458477001E-4,1.587194041E-3,9.997059107E-1,1.772277604E2,1.836162706E-1,-6.958729379E-2,1.772276448E2
2.777070208E2,2.417777588E-2,6.536563160E-4,1.582454424E-3,9.997062087E-1,1.772291610E2,1.830940948E-1,-7.049720889E-2,1.772290443E2
2.777120208E2,2.419054032E-2,6.448403583E-4,1.579267555E-3,9.997059107E-1,1.772276978E2,1.827054716E-1,-6.949376803E-2,1.772275830E2
2.777170208E2,2.420046979E-2,6.395704695E-4,1.580207143E-3,9.997056723E-1,1.772265597E2,1.827991833E-1,-6.888564036E-2,1.772264458E2
2.777220208E2,2.418769590E-2,6.480994634E-4,1.583763282E-3,9.997059703E-1,1.772280239E2,1.832293309E-1,-6.985518275E-2,1.772279081E2
2.777270208E2,2.417796343E-2,6.537943264E-4,1.579529140E-3,9.997062087E-1,1.772291395E2,1.827593750E-1,-7.052108984E-2,1.772290229E2
2.777320208E2,2.418573989E-2,6.495107082E-4,1.575410948E-3,9.997060299E-1,1.772282481E2,1.822762772E-1,-7.004035984E-2,1.772281327E2
2.777370208E2,2.418835762E-2,6.478496362E-4,1.573727466E-3,9.997059703E-1,1.772279480E2,1.820789992E-1,-6.985426007E-2,1.772278330E2
2.777420208E2,2.418346178E-2,6.510411622E-4,1.571923960E-3,9.997060895E-1,1.772285092E2,1.818808961E-1,-7.022576446E-2,1.772283937E2
2.777470208E2,2.417586391E-2,6.556471926E-4,1.573159709E-3,9.997062683E-1,1.772293801E2,1.820346895E-1,-7.075138051E-2,1.772292637E2
2.777520208E2,2.418085514E-2,6.522915210E-4,1.573597663E-3,9.997061491E-1,1.772288080E2,1.820759146E-1,-7.036483930E-2,1.772286922E2
2.777570208E2,2.417828798E-2,6.532808766E-4,1.574766473E-3,9.997062087E-1,1.772291023E2,1.822123722E-1,-7.047540691E-2,1.772289862E2
2.777620208E2,2.418073025E-2,6.527553196E-4,1.575323520E-3,9.997061491E-1,1.772288223E2,1.822749023E-1,-7.041321146E-2,1.772287063E2
2.777670208E2,2.417588248E-2,6.557765882E-4,1.572820358E-3,9.997062683E-1,1.772293780E2,1.819961739E-1,-7.076714059E-2,1.772292616E2
2.777720208E2,2.417810044E-2,6.534665590E-4,1.577566378E-3,9.997062087E-1,1.772291238E2,1.825336258E-1,-7.048895472E-2,1.772290074E2
2.777770208E2,2.418040843E-2,6.531176041E-4,1.580105862E-3,9.997061491E-1,1.772288592E2,1.828237403E-1,-7.044152087E-2,1.772287428E2
2.777820208E2,2.416282175E-2,6.643266534E-4,1.580488635E-3,9.997065663E-1,1.772308751E2,1.828973912E-1,-7.172776313E-2,1.772307565E2
2.777870208E2,2.416275913E-2,6.635690806E-4,1.581763732E-3,9.997065663E-1,1.772308823E2,1.830413618E-1,-7.163745789E-2,1.772307638E2
2.777920208E2,2.417284833E-2,6.576289888E-4,1.580776414E-3,9.997063279E-1,1.772297258E2,1.829125231E-1,-7.095786089E-2,1.772296085E2
2.777970208E2,2.418301334E-2,6.513682310E-4,1.578673022E-3,9.997060895E-1,1.772285606E2,1.826549318E-1,-7.024461077E-2,1.772284446E2
2.778020208E2,2.417572033E-2,6.552614504E-4,1.575525152E-3,9.997062683E-1,1.772293966E2,1.823045917E-1,-7.070066348E-2,1.772292801E2
2.778070208E2,2.418289634E-2,6.513991393E-4,1.580451499E-3,9.997060895E-1,1.772285740E2,1.828587485E-1,-7.024324429E-2,1.772284579E2
2.778120208E2,2.419295332E-2,6.437756238E-4,1.580469194E-3,9.997058511E-1,1.772274213E2,1.828403449E-1,-6.936802183E-2,1.772273065E2
2.778170208E2,2.419033161E-2,6.457364070E-4,1.582095865E-3,9.997059107E-1,1.772277218E2,1.830319475E-1,-6.958861520E-2,1.772276066E2
2.778220208E2,2.418530136E-2,6.482060417E-4,1.582663739E-3,9.997060299E-1,1.772282984E2,1.831034973E-1,-6.987087845E-2,1.772281827E2
2.778270208E2,2.420041671E-2,6.384185399E-4,1.581485383E-3,9.997056723E-1,1.772265658E2,1.829424177E-1,-6.875014254E-2,1.772264520E2
2.778320208E2,2.420257430E-2,6.367173628E-4,1.586822444E-3,9.997056127E-1,1.772263184E2,1.835492514E-1,-6.854006201E-2,1.772262046E2
2.778370208E2,2.419763160E-2,6.408623303E-4,1.585430233E-3,9.997057319E-1,1.772268850E2,1.834009181E-1,-6.901966872E-2,1.772267705E2
2.778420208E2,2.420068800E-2,6.383031723E-4,1.577375224E-3,9.997056723E-1,1.772265347E2,1.824712639E-1,-6.874827539E-2,1.772264212E2
2.778470208E2,2.419803639E-2,6.397496327E-4,1.579691190E-3,9.997057319E-1,1.772268386E2,1.827404059E-1,-6.890804060E-2,1.772267247E2
2.778520208E2,2.419280827E-2,6.436164258E-4,1.582752680E-3,9.997058511E-1,1.772274379E2,1.831014856E-1,-6.934348022E-2,1.772273230E2
2.778570208E2,2.419296544E-2,6.430979120E-4,1.580559649E-3,9.997058511E-1,1.772274199E2,1.828488290E-1,-6.929013161E-2,1.772273053E2
2.778620208E2,2.420287631E-2,6.365452427E-4,1.582278637E-3,9.997056127E-1,1.772262838E2,1.830282644E-1,-6.853289139E-2,1.772261703E2
2.778670208E2,2.421277477E-2,6.307624280E-4,1.583789941E-3,9.997053742E-1,1.772251492E2,1.831860283E-1,-6.786441903E-2,1.772250367E2
2.778720208E2,2.420763094E-2,6.335018552E-4,1.586078550E-3,9.997054935E-1,1.772257388E2,1.834554581E-1,-6.817283561E-2,1.772256256E2
2.778770208E2,2.420257923E-2,6.366379093E-4,1.586779137E-3,9.997056127E-1,1.772263179E2,1.835440702E-1,-6.853107920E-2,1.772262041E2
2.778820208E2,2.421030639E-2,6.319298409E-4,1.583435806E-3,9.997054338E-1,1.772254322E2,1.831485308E-1,-6.799959015E-2,1.772253194E2
2.778870208E2,2.421743828E-2,6.275235792E-4,1.589012099E-3,9.997052550E-1,1.772246147E2,1.837755965E-1,-6.747803634E-2,1.772245024E2
2.778920208E2,2.420732587E-2,6.337472587E-4,1.590630156E-3,9.997054935E-1,1.772257738E2,1.839775418E-1,-6.818837801E-2,1.772256603E2
2.778970208E2,2.419983383E-2,6.389174960E-4,1.590179279E-3,9.997056723E-1,1.772266326E2,1.839397185E-1,-6.878329851E-2,1.772265181E2
2.779020208E2,2.419500680E-2,6.415226962E-4,1.587636303E-3,9.997057915E-1,1.772271859E2,1.836552915E-1,-6.908968369E-2,1.772270711E2
2.779070208E2,2.420476450E-2,6.359337713E-4,1.591274631E-3,9.997055531E-1,1.772260674E2,1.840572624E-1,-6.843754393E-2,1.772259534E2
2.779120208E2,2.420221974E-2,6.379131810E-4,1.591742272E-3,9.997056127E-1,1.772263591E2,1.841161506E-1,-6.866347240E-2,1.772262447E2
2.779170208E2,2.420241586E-2,6.363993743E-4,1.589364489E-3,9.997056127E-1,1.772263366E2,1.838395706E-1,-6.849661264E-2,1.772262227E2
2.779220208E2,2.420739257E-2,6.343210116E-4,1.589385793E-3,9.997054935E-1,1.772257662E2,1.838365861E-1,-6.825754559E-2,1.772256526E2
2.779270208E2,2.419974646E-2,6.386118475E-4,1.591630979E-3,9.997056723E-1,1.772266426E2,1.841051689E-1,-6.874427429E-2,1.772265281E2
2.779320208E2,2.420496846E-2,6.359741092E-4,1.588153071E-3,9.997055531E-1,1.772260440E2,1.836997880E-1,-6.845078600E-2,1.772259302E2
2.779370208E2,2.420302491E-2,6.372550852E-4,1.579717849E-3,9.997056127E-1,1.772262668E2,1.827368843E-1,-6.862128476E-2,1.772261533E2
2.779420208E2,2.420784893E-2,6.339697866E-4,1.582560595E-3,9.997054935E-1,1.772257138E2,1.830537607E-1,-6.823616009E-2,1.772256008E2
2.779470208E2,2.421283310E-2,6.301470567E-4,1.583143021E-3,9.997053742E-1,1.772251425E2,1.831102147E-1,-6.779570774E-2,1.772250302E2
2.779520208E2,2.420309459E-2,6.367515307E-4,1.578853116E-3,9.997056127E-1,1.772262588E2,1.826364301E-1,-6.856598432E-2,1.772261455E2
2.779570208E2,2.420303752E-2,6.365814479E-4,1.579796197E-3,9.997056127E-1,1.772262653E2,1.827439920E-1,-6.854389471E-2,1.772261520E2
2.779620208E2,2.421014360E-2,6.314804195E-4,1.586101833E-3,9.997054338E-1,1.772254508E2,1.834526880E-1,-6.794073862E-2,1.772253380E2
2.779670208E2,2.420728960E-2,6.341398694E-4,1.591025619E-3,9.997054935E-1,1.772257780E2,1.840239321E-1,-6.823226427E-2,1.772256643E2
2.779720208E2,2.420263882E-2,6.370616611E-4,1.585699734E-3,9.997056127E-1,1.772263110E2,1.834215953E-1,-6.858260612E-2,1.772261972E2
2.779770208E2,2.421055394E-2,6.318069063E-4,1.579695381E-3,9.997054338E-1,1.772254038E2,1.827197104E-1,-6.799583927E-2,1.772252913E2
2.779820208E2,2.421045380E-2,6.324434653E-4,1.580975018E-3,9.997054338E-1,1.772254153E2,1.828680627E-1,-6.806523013E-2,1.772253026E2
2.779870208E2,2.420274629E-2,6.363297580E-4,1.584352693E-3,9.997056127E-1,1.772262987E2,1.832652578E-1,-6.850247723E-2,1.772261851E2
2.779920208E2,2.421080516E-2,6.317872903E-4,1.575848437E-3,9.997054338E-1,1.772253750E2,1.822789741E-1,-6.800421942E-2,1.772252628E2
2.779970208E2,2.420804212E-2,6.331628538E-4,1.579926349E-3,9.997054935E-1,1.772256917E2,1.827497607E-1,-6.815099204E-2,1.772255790E2
2.780020208E2,2.421038216E-2,6.324598799E-4,1.582065132E-3,9.997054338E-1,1.772254235E2,1.829929847E-1,-6.806409921E-2,1.772253107E2
2.780070208E2,2.421815951E-2,6.265419652E-4,1.578371739E-3,9.997052550E-1,1.772245320E2,1.825539807E-1,-6.739498252E-2,1.772244206E2
2.780120208E2,2.422089065E-2,6.250862498E-4,1.574788825E-3,9.997051954E-1,1.772242189E2,1.821396719E-1,-6.723766505E-2,1.772241081E2
2.780170208E2,2.422087528E-2,6.245950935E-4,1.575220027E-3,9.997051954E-1,1.772242207E2,1.821877053E-1,-6.718020521E-2,1.772241099E2
2.780220208E2,2.421807070E-2,6.276497152E-4,1.579294098E-3,9.997052550E-1,1.772245422E2,1.826627130E-1,-6.751934034E-2,1.772244305E2
2.780270208E2,2.421074765E-2,6.320396205E-4,1.576630515E-3,9.997054338E-1,1.772253816E2,1.823692638E-1,-6.803096646E-2,1.772252693E2
2.780320208E2,2.421101332E-2,6.325499271E-4,1.572340378E-3,9.997054338E-1,1.772253511E2,1.818792275E-1,-6.810128057E-2,1.772252390E2
2.780370208E2,2.421083982E-2,6.311153993E-4,1.575585105E-3,9.997054338E-1,1.772253710E2,1.822469454E-1,-6.792797332E-2,1.772252590E2
2.780420208E2,2.420601291E-2,6.353004719E-4,1.572426059E-3,9.997055531E-1,1.772259243E2,1.818963328E-1,-6.841704914E-2,1.772258117E2
2.780470208E2,2.419621848E-2,6.414369564E-4,1.569096697E-3,9.997057915E-1,1.772270470E2,1.815312734E-1,-6.913104554E-2,1.772269335E2
2.780520208E2,2.419366103E-2,6.438591518E-4,1.569564105E-3,9.997058511E-1,1.772273401E2,1.815913580E-1,-6.940769563E-2,1.772272261E2
2.780570208E2,2.418844832E-2,6.475078408E-4,1.572473673E-3,9.997059703E-1,1.772279376E2,1.819344257E-1,-6.981856359E-2,1.772278228E2
2.780620208E2,2.418844076E-2,6.469481159E-4,1.572820242E-3,9.997059703E-1,1.772279385E2,1.819725758E-1,-6.975348340E-2,1.772278237E2
2.780670208E2,2.418625186E-2,6.494586123E-4,1.567552914E-3,9.997060299E-1,1.772281894E2,1.813759661E-1,-7.005607830E-2,1.772280745E2
2.780720208E2,2.418856887E-2,6.472163950E-4,1.570738386E-3,9.997059703E-1,1.772279238E2,1.817348348E-1,-6.978996432E-2,1.772278091E2
2.780770208E2,2.419068216E-2,6.446975167E-4,1.577151823E-3,9.997059107E-1,1.772276816E2,1.824627110E-1,-6.948324363E-2,1.772275669E2
2.780820208E2,2.418344648E-2,6.506211939E-4,1.572333276E-3,9.997060895E-1,1.772285110E2,1.819266216E-1,-7.017652220E-2,1.772283955E2
2.780870208E2,2.418134994E-2,6.517331931E-4,1.566208201E-3,9.997061491E-1,1.772287513E2,1.812278782E-1,-7.032126523E-2,1.772286361E2
2.780920208E2,2.419129567E-2,6.459651631E-4,1.567191444E-3,9.997059107E-1,1.772276113E2,1.813252248E-1,-6.965596309E-2,1.772274971E2
2.780970208E2,2.418638822E-2,6.479797885E-4,1.566060237E-3,9.997060299E-1,1.772281738E2,1.812008781E-1,-6.989077980E-2,1.772280593E2
2.781020208E2,2.418147623E-2,6.511429674E-4,1.564502949E-3,9.997061491E-1,1.772287368E2,1.810309007E-1,-7.025835275E-2,1.772286218E2
2.781070208E2,2.418686581E-2,6.482474855E-4,1.558555407E-3,9.997060299E-1,1.772281190E2,1.803419134E-1,-6.994216140E-2,1.772280050E2
2.781120208E2,2.419413486E-2,6.435981486E-4,1.562350779E-3,9.997058511E-1,1.772272858E2,1.807643214E-1,-6.939770898E-2,1.772271724E2
2.781170208E2,2.419401286E-2,6.437330740E-4,1.564183505E-3,9.997058511E-1,1.772272998E2,1.809746409E-1,-6.940810649E-2,1.772271862E2
2.781220208E2,2.419684638E-2,6.420203135E-4,1.559143886E-3,9.997057915E-1,1.772269750E2,1.803927583E-1,-6.922535755E-2,1.772268621E2
2.781270208E2,2.419939613E-2,6.398829864E-4,1.558667864E-3,9.997057319E-1,1.772266827E2,1.803324749E-1,-6.898136990E-2,1.772265703E2
2.781320208E2,2.419909896E-2,6.400200655E-4,1.563218655E-3,9.997057319E-1,1.772267168E2,1.808541651E-1,-6.898450705E-2,1.772266040E2
2.781370208E2,2.419157742E-2,6.454118993E-4,1.563064754E-3,9.997059107E-1,1.772275790E2,1.808509642E-1,-6.960397154E-2,1.772274651E2
2.781420208E2,2.418157048E-2,6.523086340E-4,1.562559395E-3,9.997061491E-1,1.772287260E2,1.808114877E-1,-7.039725785E-2,1.772286110E2
2.781470208E2,2.418387303E-2,6.497069844E-4,1.566138351E-3,9.997060895E-1,1.772284621E2,1.812144380E-1,-7.008888317E-2,1.772283473E2
2.781520208E2,2.418603264E-2,6.480285083E-4,1.571522211E-3,9.997060299E-1,1.772282145E2,1.818267024E-1,-6.988128690E-2,1.772280996E2
2.781570208E2,2.418843731E-2,6.475127884E-4,1.572640962E-3,9.997059703E-1,1.772279389E2,1.819536030E-1,-6.981866868E-2,1.772278240E2
2.781620208E2,2.418878545E-2,6.475058617E-4,1.567280036E-3,9.997059703E-1,1.772278990E2,1.813394699E-1,-6.983267202E-2,1.772277845E2
2.781670208E2,2.419107381E-2,6.444953033E-4,1.571216038E-3,9.997059107E-1,1.772276367E2,1.817821846E-1,-6.947646226E-2,1.772275225E2
2.781720208E2,2.419537847E-2,6.428402266E-4,1.581427059E-3,9.997057915E-1,1.772271433E2,1.829476507E-1,-6.925776530E-2,1.772270287E2
2.781770208E2,2.418789069E-2,6.474027177E-4,1.581071061E-3,9.997059703E-1,1.772280016E2,1.829189970E-1,-6.978279175E-2,1.772278861E2
2.781820208E2,2.418819664E-2,6.476980052E-4,1.576262177E-3,9.997059703E-1,1.772279665E2,1.823689396E-1,-6.982989295E-2,1.772278513E2
2.781870208E2,2.419554222E-2,6.414327072E-4,1.579492120E-3,9.997057915E-1,1.772271245E2,1.827220959E-1,-6.910185794E-2,1.772270103E2
2.781920208E2,2.419548193E-2,6.423750892E-4,1.580032520E-3,9.997057915E-1,1.772271314E2,1.827866121E-1,-6.920832787E-2,1.772270170E2
2.781970208E2,2.418836757E-2,6.465373444E-4,1.574114314E-3,9.997059703E-1,1.772279469E2,1.821196787E-1,-6.970285257E-2,1.772278321E2
2.782020208E2,2.419344465E-2,6.434685201E-4,1.573055866E-3,9.997058511E-1,1.772273649E2,1.819902698E-1,-6.935330416E-2,1.772272508E2
2.782070208E2,2.419562455E-2,6.428491324E-4,1.577654039E-3,9.997057915E-1,1.772271151E2,1.825154619E-1,-6.926920207E-2,1.772270007E2
2.782120208E2,2.418830687E-2,6.464540493E-4,1.575080911E-3,9.997059703E-1,1.772279539E2,1.822301752E-1,-6.969064220E-2,1.772278390E2
2.782170208E2,2.418886528E-2,6.472662208E-4,1.566146500E-3,9.997059703E-1,1.772278898E2,1.812089553E-1,-6.980834689E-2,1.772277755E2
2.782220208E2,2.419377103E-2,6.441081059E-4,1.567765488E-3,9.997058511E-1,1.772273275E2,1.813860096E-1,-6.944118202E-2,1.772272136E2
2.782270208E2,2.418828613E-2,6.475052796E-4,1.574967522E-3,9.997059703E-1,1.772279562E2,1.822200983E-1,-6.981138703E-2,1.772278412E2
2.782320208E2,2.418338319E-2,6.505149067E-4,1.573350397E-3,9.997060895E-1,1.772285182E2,1.820428422E-1,-7.016153890E-2,1.772284028E2
2.782370208E2,2.418917663E-2,6.466665654E-4,1.561578829E-3,9.997059703E-1,1.772278542E2,1.806840503E-1,-6.975225675E-2,1.772277402E2
2.782420208E2,2.419669635E-2,6.410474889E-4,1.561870216E-3,9.997057915E-1,1.772269922E2,1.807023737E-1,-6.910638018E-2,1.772268793E2
2.782470208E2,2.420144013E-2,6.380570703E-4,1.565893297E-3,9.997056723E-1,1.772264485E2,1.811552842E-1,-6.875178914E-2,1.772263358E2
2.782520208E2,2.420191869E-2,6.384509034E-4,1.558318036E-3,9.997056723E-1,1.772263936E2,1.802886012E-1,-6.881782871E-2,1.772262814E2
2.782570208E2,2.419957250E-2,6.394448574E-4,1.556107309E-3,9.997057319E-1,1.772266625E2,1.800379394E-1,-6.893824784E-2,1.772265503E2
2.782620208E2,2.420162284E-2,6.379545666E-4,1.563108759E-3,9.997056723E-1,1.772264275E2,1.808360208E-1,-6.874773611E-2,1.772263151E2
2.782670208E2,2.421170080E-2,6.316229119E-4,1.562093734E-3,9.997054338E-1,1.772252723E2,1.807028654E-1,-6.802338869E-2,1.772251611E2
2.782720208E2,2.421692772E-2,6.277404027E-4,1.558923279E-3,9.997053146E-1,1.772246732E2,1.803292441E-1,-6.758647064E-2,1.772245629E2
2.782770208E2,2.421947623E-2,6.261553499E-4,1.558192191E-3,9.997052550E-1,1.772243811E2,1.802412647E-1,-6.740645985E-2,1.772242711E2
2.782820208E2,2.421413420E-2,6.301912363E-4,1.563098747E-3,9.997053742E-1,1.772249934E2,1.808141905E-1,-6.785615042E-2,1.772248824E2
2.782870208E2,2.421204472E-2,6.314411294E-4,1.556827570E-3,9.997054338E-1,1.772252329E2,1.800991024E-1,-6.801711347E-2,1.772251221E2
2.782920208E2,2.420964847E-2,6.329196622E-4,1.555216848E-3,9.997054935E-1,1.772255076E2,1.799185202E-1,-6.819139137E-2,1.772253966E2
2.782970208E2,2.420950714E-2,6.329430616E-4,1.557405805E-3,9.997054935E-1,1.772255238E2,1.801693384E-1,-6.818802453E-2,1.772254126E2
2.783020208E2,2.421926362E-2,6.267541321E-4,1.561253099E-3,9.997052550E-1,1.772244054E2,1.805935643E-1,-6.746659800E-2,1.772242952E2
2.783070208E2,2.420931453E-2,6.328437012E-4,1.560437260E-3,9.997054935E-1,1.772255458E2,1.805163275E-1,-6.816826656E-2,1.772254345E2
2.783120208E2,2.420970491E-2,6.327198353E-4,1.554419287E-3,9.997054935E-1,1.772255011E2,1.798266024E-1,-6.817070218E-2,1.772253902E2
2.783170208E2,2.421706173E-2,6.277905195E-4,1.556819887E-3,9.997053146E-1,1.772246578E2,1.800884316E-1,-6.759802504E-2,1.772245477E2
2.783220208E2,2.421679353E-2,6.285136333E-4,1.560695353E-3,9.997053146E-1,1.772246886E2,1.805343866E-1,-6.767015668E-2,1.772245780E2
2.783270208E2,2.420219888E-2,6.377557293E-4,1.554245828E-3,9.997056723E-1,1.772263615E2,1.798201875E-1,-6.874943472E-2,1.772262497E2
2.783320208E2,2.420498764E-2,6.359464605E-4,1.549891196E-3,9.997056127E-1,1.772260418E2,1.793165017E-1,-6.855374603E-2,1.772259306E2
2.783370208E2,2.421210335E-2,6.314723287E-4,1.555902883E-3,9.997054338E-1,1.772252262E2,1.799932625E-1,-6.802324268E-2,1.772251154E2
2.783420208E2,2.420982322E-2,6.328494637E-4,1.552522765E-3,9.997054935E-1,1.772254875E2,1.796097081E-1,-6.819079249E-2,1.772253768E2
2.783470208E2,2.420509109E-2,6.363854045E-4,1.548094326E-3,9.997056127E-1,1.772260300E2,1.791118802E-1,-6.860899615E-2,1.772259188E2
2.783520208E2,2.421750191E-2,6.276924978E-4,1.549997251E-3,9.997053146E-1,1.772246074E2,1.793066007E-1,-6.760565101E-2,1.772244977E2
2.783570208E2,2.422229745E-2,6.239972427E-4,1.553438138E-3,9.997051954E-1,1.772240577E2,1.796908487E-1,-6.717191938E-2,1.772239485E2
2.783620208E2,2.421496955E-2,6.294212071E-4,1.550416928E-3,9.997053742E-1,1.772248976E2,1.793593044E-1,-6.780297782E-2,1.772247876E2
2.783670208E2,2.421501621E-2,6.290048477E-4,1.549856970E-3,9.997053742E-1,1.772248923E2,1.792940044E-1,-6.775682607E-2,1.772247824E2
2.783720208E2,2.422246375E-2,6.247822312E-4,1.550526824E-3,9.997051954E-1,1.772240386E2,1.793595243E-1,-6.726989729E-2,1.772239294E2
2.783770208E2,2.422497173E-2,6.220911164E-4,1.550857211E-3,9.997051358E-1,1.772237511E2,1.793900701E-1,-6.696024195E-2,1.772236424E2
2.783820208E2,2.421736022E-2,6.275891210E-4,1.552251284E-3,9.997053146E-1,1.772246236E2,1.795645221E-1,-6.758757837E-2,1.772245138E2
2.783870208E2,2.421227185E-2,6.314232596E-4,1.553298556E-3,9.997054338E-1,1.772252069E2,1.796947909E-1,-6.802481716E-2,1.772250963E2
2.783920208E2,2.421234918E-2,6.321712863E-4,1.551788184E-3,9.997054338E-1,1.772251980E2,1.795238463E-1,-6.811468632E-2,1.772250874E2
2.783970208E2,2.421221114E-2,6.310174940E-4,1.554409275E-3,9.997054338E-1,1.772252138E2,1.798209027E-1,-6.797526261E-2,1.772251032E2
2.784020208E2,2.421224827E-2,6.313769263E-4,1.553684822E-3,9.997054338E-1,1.772252096E2,1.797389106E-1,-6.801844181E-2,1.772250990E2
2.784070208E2,2.420498467E-2,6.365738227E-4,1.549680019E-3,9.997056127E-1,1.772260422E2,1.792940497E-1,-6.862620160E-2,1.772259309E2
2.784120208E2,2.421480178E-2,6.305350107E-4,1.552583068E-3,9.997053742E-1,1.772249169E2,1.796105329E-1,-6.792459197E-2,1.772248065E2
2.784170208E2,2.421469953E-2,6.290370948E-4,1.554783899E-3,9.997053742E-1,1.772249286E2,1.798584923E-1,-6.774690522E-2,1.772248184E2
2.784220208E2,2.421472532E-2,6.304527633E-4,1.553808572E-3,9.997053742E-1,1.772249256E2,1.797506910E-1,-6.791178295E-2,1.772248152E2
2.784270208E2,2.421993595E-2,6.261922535E-4,1.551015186E-3,9.997052550E-1,1.772243284E2,1.794192139E-1,-6.743052444E-2,1.772242189E2
2.784320208E2,2.422441147E-2,6.238849601E-4,1.558867283E-3,9.997051358E-1,1.772238154E2,1.803126317E-1,-6.714360511E-2,1.772237058E2
2.784370208E2,2.421444091E-2,6.294832565E-4,1.558626420E-3,9.997053742E-1,1.772249582E2,1.802999050E-1,-6.778740051E-2,1.772248477E2
2.784420208E2,2.420255600E-2,6.387855392E-4,1.548250322E-3,9.997056723E-1,1.772263205E2,1.791362342E-1,-6.888397199E-2,1.772262090E2
2.784470208E2,2.421034192E-2,6.328523159E-4,1.544411760E-3,9.997054935E-1,1.772254281E2,1.786805695E-1,-6.821352933E-2,1.772253179E2
2.784520208E2,2.422511094E-2,6.231166190E-4,1.548268716E-3,9.997051358E-1,1.772237352E2,1.790963935E-1,-6.708488222E-2,1.772236265E2
2.784570208E2,2.422248078E-2,6.251764717E-4,1.550101792E-3,9.997051954E-1,1.772240367E2,1.793119289E-1,-6.731623737E-2,1.772239274E2
2.784620208E2,2.421982509E-2,6.267641438E-4,1.552514615E-3,9.997052550E-1,1.772243411E2,1.795925656E-1,-6.749189717E-2,1.772242314E2
2.784670208E2,2.422455517E-2,6.235595210E-4,1.556762960E-3,9.997051358E-1,1.772237989E2,1.800706705E-1,-6.711213930E-2,1.772236895E2
2.784720208E2,2.422205449E-2,6.241910160E-4,1.557144220E-3,9.997051954E-1,1.772240855E2,1.801159321E-1,-6.718387412E-2,1.772239760E2
2.784770208E2,2.421937593E-2,6.262366078E-4,1.559717814E-3,9.997052550E-1,1.772243926E2,1.804162560E-1,-6.741155237E-2,1.772242825E2
2.784820208E2,2.422447844E-2,6.225175457E-4,1.558373100E-3,9.997051358E-1,1.772238077E2,1.802522272E-1,-6.698831691E-2,1.772236984E2
2.784870208E2,2.423176984E-2,6.175664603E-4,1.561689773E-3,9.997049570E-1,1.772229719E2,1.806189179E-1,-6.641060689E-2,1.772228633E2
2.784920208E2,2.422951176E-2,6.192806177E-4,1.557886368E-3,9.997050166E-1,1.772232307E2,1.801878170E-1,-6.661794552E-2,1.772231221E2
2.784970208E2,2.422217538E-2,6.239681388E-4,1.555352123E-3,9.997051954E-1,1.772240717E2,1.799100222E-1,-6.716329447E-2,1.772239623E2
2.785020208E2,2.423438948E-2,6.171334535E-4,1.559365191E-3,9.997048974E-1,1.772226716E2,1.803515897E-1,-6.636698506E-2,1.772225633E2
2.785070208E2,2.424412087E-2,6.099821767E-4,1.563754631E-3,9.997046590E-1,1.772215562E2,1.808352117E-1,-6.553380019E-2,1.772214488E2
2.785120208E2,2.422941001E-2,6.202656659E-4,1.559076598E-3,9.997050166E-1,1.772232424E2,1.803268960E-1,-6.672750402E-2,1.772231335E2
2.785170208E2,2.422471154E-2,6.236459012E-4,1.554293092E-3,9.997051358E-1,1.772237810E2,1.797879774E-1,-6.712886315E-2,1.772236717E2
2.785220208E2,2.423175144E-2,6.183220539E-4,1.561676268E-3,9.997049570E-1,1.772229740E2,1.806194680E-1,-6.649720685E-2,1.772228653E2
2.785270208E2,2.423425948E-2,6.155244773E-4,1.562019228E-3,9.997048974E-1,1.772226865E2,1.806511538E-1,-6.617531711E-2,1.772225783E2
2.785320208E2,2.422726197E-2,6.205401151E-4,1.554121030E-3,9.997050762E-1,1.772234886E2,1.797598142E-1,-6.677309017E-2,1.772233800E2
2.785370208E2,2.423234903E-2,6.184649537E-4,1.552319038E-3,9.997049570E-1,1.772229055E2,1.795479580E-1,-6.653945359E-2,1.772227974E2
2.785420208E2,2.422958407E-2,6.197238108E-4,1.556585077E-3,9.997050166E-1,1.772232224E2,1.800399791E-1,-6.667231690E-2,1.772231138E2
2.785470208E2,2.423669749E-2,6.149861729E-4,1.562551712E-3,9.997048378E-1,1.772224071E2,1.807108203E-1,-6.611173066E-2,1.772222989E2
2.785520208E2,2.423708561E-2,6.153183640E-4,1.556388685E-3,9.997048378E-1,1.772223626E2,1.800057440E-1,-6.616683324E-2,1.772222548E2
2.785570208E2,2.423433719E-2,6.166459643E-4,1.560370321E-3,9.997048974E-1,1.772226776E2,1.804653781E-1,-6.630835741E-2,1.772225693E2
2.785620208E2,2.423419327E-2,6.160991616E-4,1.562819700E-3,9.997048974E-1,1.772226941E2,1.807444460E-1,-6.623894060E-2,1.772225857E2
2.785670208E2,2.422923263E-2,6.197363255E-4,1.562040998E-3,9.997050166E-1,1.772232627E2,1.806650103E-1,-6.665866505E-2,1.772231537E2
2.785720208E2,2.421936763E-2,6.261806702E-4,1.559869153E-3,9.997052550E-1,1.772243935E2,1.804334374E-1,-6.740472575E-2,1.772242835E2
2.785770208E2,2.422694206E-2,6.214130553E-4,1.558752381E-3,9.997050762E-1,1.772235253E2,1.802927754E-1,-6.686029172E-2,1.772234162E2
2.785820208E2,2.422672365E-2,6.211157888E-4,1.562261488E-3,9.997050762E-1,1.772235503E2,1.806939321E-1,-6.681653460E-2,1.772234410E2
2.785870208E2,2.422183839E-2,6.254652981E-4,1.559991855E-3,9.997051954E-1,1.772241103E2,1.804456747E-1,-6.732198775E-2,1.772240004E2
2.785920208E2,2.421941603E-2,6.258142530E-4,1.559264492E-3,9.997052550E-1,1.772243880E2,1.803631548E-1,-6.736441926E-2,1.772242780E2
2.785970208E2,2.422710421E-2,6.206467515E-4,1.556535834E-3,9.997050762E-1,1.772235067E2,1.800367350E-1,-6.677863027E-2,1.772233979E2
2.786020208E2,2.421448521E-2,6.292950129E-4,1.558014075E-3,9.997053742E-1,1.772249532E2,1.802292365E-1,-6.776752694E-2,1.772248427E2
2.786070208E2,2.420684845E-2,6.351472693E-4,1.559572876E-3,9.997055531E-1,1.772258285E2,1.804235278E-1,-6.843500150E-2,1.772257168E2
2.786120208E2,2.421691136E-2,6.283883704E-4,1.558916410E-3,9.997053146E-1,1.772246751E2,1.803302545E-1,-6.766072242E-2,1.772245647E2
2.786170208E2,2.421437191E-2,6.296920474E-4,1.559613738E-3,9.997053742E-1,1.772249661E2,1.804135851E-1,-6.780859190E-2,1.772248555E2
2.786220208E2,2.421412338E-2,6.298775552E-4,1.563392812E-3,9.997053742E-1,1.772249946E2,1.808470068E-1,-6.781940177E-2,1.772248837E2
2.786270208E2,2.420193402E-2,6.378195831E-4,1.558338525E-3,9.997056723E-1,1.772263918E2,1.802891984E-1,-6.874544642E-2,1.772262797E2
2.786320208E2,2.420437055E-2,6.364652072E-4,1.559286844E-3,9.997056127E-1,1.772261126E2,1.803942467E-1,-6.858722222E-2,1.772260006E2
2.786370208E2,2.420924322E-2,6.334127975E-4,1.561312354E-3,9.997054935E-1,1.772255540E2,1.806181508E-1,-6.823104612E-2,1.772254425E2
2.786420208E2,2.420886214E-2,6.342098350E-4,1.566887717E-3,9.997054935E-1,1.772255977E2,1.812590395E-1,-6.830695444E-2,1.772254857E2
2.786470208E2,2.420430820E-2,6.370643387E-4,1.560009900E-3,9.997056127E-1,1.772261197E2,1.804787363E-1,-6.865386313E-2,1.772260076E2
2.786520208E2,2.420447633E-2,6.361168344E-4,1.557786367E-3,9.997056127E-1,1.772261004E2,1.802213956E-1,-6.855145623E-2,1.772259887E2
2.786570208E2,2.420920709E-2,6.337671075E-4,1.561728888E-3,9.997054935E-1,1.772255582E2,1.806668487E-1,-6.827048606E-2,1.772254466E2
2.786620208E2,2.419432938E-2,6.439256831E-4,1.559200464E-3,9.997058511E-1,1.772272635E2,1.804043486E-1,-6.944392998E-2,1.772271502E2
2.786670208E2,2.418958335E-2,6.460580043E-4,1.555518713E-3,9.997059703E-1,1.772278075E2,1.799881554E-1,-6.969926664E-2,1.772276941E2
2.786720208E2,2.420209546E-2,6.385712768E-4,1.555520808E-3,9.997056723E-1,1.772263733E2,1.799685020E-1,-6.883934459E-2,1.772262613E2
2.786770208E2,2.420930974E-2,6.326605217E-4,1.560585806E-3,9.997054935E-1,1.772255464E2,1.805328361E-1,-6.814687067E-2,1.772254351E2
2.786820208E2,2.419439920E-2,6.434462266E-4,1.558314660E-3,9.997058511E-1,1.772272555E2,1.803015479E-1,-6.939144783E-2,1.772271424E2
2.786870208E2,2.418930921E-2,6.463018362E-4,1.559674856E-3,9.997059703E-1,1.772278390E2,1.804649327E-1,-6.971572800E-2,1.772277252E2
2.786920208E2,2.419933891E-2,6.405959721E-4,1.559263212E-3,9.997057319E-1,1.772266893E2,1.804026504E-1,-6.906140734E-2,1.772265766E2
2.786970208E2,2.419942549E-2,6.396166864E-4,1.558321295E-3,9.997057319E-1,1.772266794E2,1.802920362E-1,-6.895181893E-2,1.772265670E2
2.787020208E2,2.419699422E-2,6.420460995E-4,1.556837233E-3,9.997057915E-1,1.772269581E2,1.801285940E-1,-6.923468095E-2,1.772268453E2
2.787070208E2,2.420202075E-2,6.388266920E-4,1.556577976E-3,9.997056723E-1,1.772263819E2,1.800903124E-1,-6.886568585E-2,1.772262697E2
2.787120208E2,2.420232990E-2,6.378652179E-4,1.552159199E-3,9.997056723E-1,1.772263465E2,1.795814599E-1,-6.876774120E-2,1.772262348E2
2.787170208E2,2.420486342E-2,6.366265006E-4,1.551551046E-3,9.997056127E-1,1.772260561E2,1.795085290E-1,-6.862706818E-2,1.772259446E2
2.787220208E2,2.421496916E-2,6.295838975E-4,1.550356857E-3,9.997053742E-1,1.772248977E2,1.793528743E-1,-6.782178204E-2,1.772247876E2
2.787270208E2,2.421753124E-2,6.283772527E-4,1.549261389E-3,9.997053146E-1,1.772246040E2,1.792242043E-1,-6.768613197E-2,1.772244943E2
2.787320208E2,2.422476523E-2,6.232937449E-4,1.553597511E-3,9.997051358E-1,1.772237748E2,1.797073188E-1,-6.709044222E-2,1.772236657E2
2.787370208E2,2.422703169E-2,6.218608469E-4,1.557179959E-3,9.997050762E-1,1.772235150E2,1.801138910E-1,-6.691593912E-2,1.772234059E2
2.787420208E2,2.422232559E-2,6.249711732E-4,1.552607631E-3,9.997051954E-1,1.772240545E2,1.795984129E-1,-6.728579099E-2,1.772239451E2
2.787470208E2,2.422996740E-2,6.196234026E-4,1.550646732E-3,9.997050166E-1,1.772231785E2,1.793594402E-1,-6.667723410E-2,1.772230703E2
2.787520208E2,2.422705343E-2,6.207565893E-4,1.557282289E-3,9.997050762E-1,1.772235125E2,1.801225491E-1,-6.678914979E-2,1.772234036E2
2.787570208E2,2.421699317E-2,6.284945412E-4,1.557602198E-3,9.997053146E-1,1.772246657E2,1.801800010E-1,-6.767651753E-2,1.772245554E2
2.787620208E2,2.421463872E-2,6.292291800E-4,1.555653056E-3,9.997053742E-1,1.772249356E2,1.799585902E-1,-6.776650920E-2,1.772248252E2
2.787670208E2,2.421442913E-2,6.304940907E-4,1.558400807E-3,9.997053742E-1,1.772249596E2,1.802768636E-1,-6.790382767E-2,1.772248488E2
2.787720208E2,2.420169828E-2,6.378649850E-4,1.561976853E-3,9.997056723E-1,1.772264189E2,1.807061084E-1,-6.874059945E-2,1.772263065E2
2.787770208E2,2.419711301E-2,6.408242625E-4,1.555493800E-3,9.997057915E-1,1.772269444E2,1.799713126E-1,-6.909841370E-2,1.772268320E2
2.787820208E2,2.420225001E-2,6.375203957E-4,1.553545939E-3,9.997056723E-1,1.772263556E2,1.797393603E-1,-6.872440735E-2,1.772262439E2
2.787870208E2,2.420670562E-2,6.349442992E-4,1.561870682E-3,9.997055531E-1,1.772258449E2,1.806861873E-1,-6.840540135E-2,1.772257331E2
2.787920208E2,2.420664742E-2,6.341763656E-4,1.563084312E-3,9.997055531E-1,1.772258516E2,1.808230842E-1,-6.831407243E-2,1.772257398E2
2.787970208E2,2.420703070E-2,6.344965659E-4,1.557006850E-3,9.997055531E-1,1.772258076E2,1.801277757E-1,-6.836754367E-2,1.772256962E2
2.788020208E2,2.420681458E-2,6.350215408E-4,1.560149598E-3,9.997055531E-1,1.772258324E2,1.804892448E-1,-6.841900459E-2,1.772257207E2
2.788070208E2,2.420641573E-2,6.348983152E-4,1.566375722E-3,9.997055531E-1,1.772258781E2,1.812021291E-1,-6.838768907E-2,1.772257660E2
2.788120208E2,2.420917529E-2,6.332416087E-4,1.562434831E-3,9.997054935E-1,1.772255618E2,1.807462601E-1,-6.820833332E-2,1.772254503E2
2.788170208E2,2.421441880E-2,6.303579430E-4,1.558616408E-3,9.997053742E-1,1.772249608E2,1.803011839E-1,-6.788763448E-2,1.772248500E2
2.788220208E2,2.421942339E-2,6.272771861E-4,1.558562275E-3,9.997052550E-1,1.772243871E2,1.802867712E-1,-6.753395733E-2,1.772242769E2
2.788270208E2,2.422419481E-2,6.237987545E-4,1.562264864E-3,9.997051358E-1,1.772238402E2,1.807015983E-1,-6.712433697E-2,1.772237304E2
2.788320208E2,2.422202539E-2,6.244885735E-4,1.557477633E-3,9.997051954E-1,1.772240889E2,1.801549514E-1,-6.721704143E-2,1.772239793E2
2.788370208E2,2.421974938E-2,6.256257184E-4,1.554153976E-3,9.997052550E-1,1.772243497E2,1.797772027E-1,-6.735694520E-2,1.772242402E2
2.788420208E2,2.423215304E-2,6.175107555E-4,1.555754687E-3,9.997049570E-1,1.772229280E2,1.799388765E-1,-6.642063746E-2,1.772228198E2
2.788470208E2,2.422938176E-2,6.203086814E-4,1.559498487E-3,9.997050166E-1,1.772232456E2,1.803753444E-1,-6.673126545E-2,1.772231367E2
2.788520208E2,2.422221795E-2,6.246933481E-4,1.554397633E-3,9.997051954E-1,1.772240668E2,1.798026937E-1,-6.724901464E-2,1.772239574E2
2.788570208E2,2.422246325E-2,6.252911990E-4,1.550329500E-3,9.997051954E-1,1.772240387E2,1.793383321E-1,-6.732875135E-2,1.772239294E2
2.788620208E2,2.422223102E-2,6.244413089E-4,1.554295304E-3,9.997051954E-1,1.772240653E2,1.797902723E-1,-6.722042328E-2,1.772239559E2
2.788670208E2,2.421747317E-2,6.287836004E-4,1.550004003E-3,9.997053146E-1,1.772246107E2,1.793104006E-1,-6.773063177E-2,1.772245008E2
2.788720208E2,2.421526092E-2,6.289174780E-4,1.546064508E-3,9.997053742E-1,1.772248642E2,1.788593210E-1,-6.775729730E-2,1.772247546E2
2.788770208E2,2.421508836E-2,6.291412865E-4,1.548673958E-3,9.997053742E-1,1.772248840E2,1.791588642E-1,-6.777572607E-2,1.772247742E2
2.788820208E2,2.421009554E-2,6.321902620E-4,1.548539614E-3,9.997054935E-1,1.772254563E2,1.791515952E-1,-6.812627763E-2,1.772253459E2
2.788870208E2,2.421008293E-2,6.329594762E-4,1.548422617E-3,9.997054935E-1,1.772254578E2,1.791403256E-1,-6.821472401E-2,1.772253472E2
2.788920208E2,2.420511097E-2,6.364465225E-4,1.547758351E-3,9.997056127E-1,1.772260277E2,1.790735625E-1,-6.861692607E-2,1.772259166E2
2.788970208E2,2.420276108E-2,6.380707491E-4,1.545336447E-3,9.997056723E-1,1.772262970E2,1.788004574E-1,-6.881013219E-2,1.772261858E2
2.789020208E2,2.420522224E-2,6.357809179E-4,1.546291052E-3,9.997056127E-1,1.772260149E2,1.789036326E-1,-6.854472593E-2,1.772259040E2
2.789070208E2,2.419276615E-2,6.451627705E-4,1.544660772E-3,9.997059107E-1,1.772274427E2,1.787420289E-1,-6.962624010E-2,1.772273302E2
2.789120208E2,2.418811355E-2,6.478980649E-4,1.539216843E-3,9.997060299E-1,1.772279760E2,1.781256404E-1,-6.995551143E-2,1.772278634E2
2.789170208E2,2.419071227E-2,6.457703421E-4,1.537983306E-3,9.997059703E-1,1.772276781E2,1.779786116E-1,-6.971472050E-2,1.772275660E2
2.789220208E2,2.419025237E-2,6.458823336E-4,1.545153093E-3,9.997059703E-1,1.772277308E2,1.788002480E-1,-6.970775642E-2,1.772276182E2
2.789270208E2,2.419062299E-2,6.455841940E-4,1.539464924E-3,9.997059703E-1,1.772276884E2,1.781478208E-1,-6.968930438E-2,1.772275762E2
2.789320208E2,2.419840884E-2,6.405846216E-4,1.535303076E-3,9.997057915E-1,1.772267959E2,1.776577246E-1,-6.912671752E-2,1.772266849E2
2.789370208E2,2.421306253E-2,6.317145308E-4,1.540804747E-3,9.997054338E-1,1.772251162E2,1.782643852E-1,-6.809270933E-2,1.772250065E2
2.789420208E2,2.421048305E-2,6.331625045E-4,1.542070415E-3,9.997054935E-1,1.772254119E2,1.784132197E-1,-6.825553455E-2,1.772253018E2
2.789470208E2,2.420565891E-2,6.362372078E-4,1.539251884E-3,9.997056127E-1,1.772259649E2,1.780985340E-1,-6.861644518E-2,1.772258544E2
2.789520208E2,2.420824141E-2,6.352316123E-4,1.537764561E-3,9.997055531E-1,1.772256689E2,1.779255364E-1,-6.850491233E-2,1.772255586E2
2.789570208E2,2.420561252E-2,6.363086868E-4,1.539951656E-3,9.997056127E-1,1.772259702E2,1.781788937E-1,-6.862270084E-2,1.772258596E2
2.789620208E2,2.420070727E-2,6.397443358E-4,1.538233948E-3,9.997057319E-1,1.772265325E2,1.779913084E-1,-6.902191949E-2,1.772264214E2
2.789670208E2,2.419845225E-2,6.405245513E-4,1.534643816E-3,9.997057915E-1,1.772267909E2,1.775820374E-1,-6.912165645E-2,1.772266800E2
2.789720208E2,2.419324277E-2,6.442096783E-4,1.537577366E-3,9.997059107E-1,1.772273881E2,1.779279570E-1,-6.953660908E-2,1.772272762E2
2.789770208E2,2.419280969E-2,6.440894213E-4,1.544426894E-3,9.997059107E-1,1.772274377E2,1.787122632E-1,-6.950392009E-2,1.772273254E2
2.789820208E2,2.419266779E-2,6.446629413E-4,1.546409098E-3,9.997059107E-1,1.772274540E2,1.789409212E-1,-6.956415126E-2,1.772273415E2
2.789870208E2,2.418800118E-2,6.481180899E-4,1.540889265E-3,9.997060299E-1,1.772279889E2,1.783178322E-1,-6.997610133E-2,1.772278761E2
2.789920208E2,2.419067863E-2,6.469314103E-4,1.538024400E-3,9.997059703E-1,1.772276820E2,1.779865359E-1,-6.984762211E-2,1.772275696E2
2.789970208E2,2.419793881E-2,6.420497666E-4,1.542084268E-3,9.997057915E-1,1.772268498E2,1.784385964E-1,-6.927584075E-2,1.772267380E2
2.790020208E2,2.419559768E-2,6.433902890E-4,1.539617544E-3,9.997058511E-1,1.772271181E2,1.781595679E-1,-6.943666560E-2,1.772270063E2
2.790070208E2,2.419561649E-2,6.427300978E-4,1.539597753E-3,9.997058511E-1,1.772271160E2,1.781554714E-1,-6.936108700E-2,1.772270043E2
2.790120208E2,2.419263426E-2,6.454134127E-4,1.546620624E-3,9.997059107E-1,1.772274578E2,1.789672318E-1,-6.964954325E-2,1.772273452E2
2.790170208E2,2.419022299E-2,6.468352512E-4,1.545214443E-3,9.997059703E-1,1.772277342E2,1.788099160E-1,-6.981675585E-2,1.772276214E2
2.790220208E2,2.418789139E-2,6.476741983E-4,1.542798011E-3,9.997060299E-1,1.772280015E2,1.785352565E-1,-6.991997887E-2,1.772278887E2
2.790270208E2,2.419538937E-2,6.425063475E-4,1.543256105E-3,9.997058511E-1,1.772271420E2,1.785739293E-1,-6.932535160E-2,1.772270301E2
2.790320208E2,2.418985623E-2,6.464748876E-4,1.551095629E-3,9.997059703E-1,1.772277763E2,1.794826296E-1,-6.975923588E-2,1.772276631E2
2.790370208E2,2.419247160E-2,6.448022905E-4,1.549417386E-3,9.997059107E-1,1.772274765E2,1.792859181E-1,-6.957180984E-2,1.772273637E2
2.790420208E2,2.419057578E-2,6.457217969E-4,1.540148864E-3,9.997059703E-1,1.772276938E2,1.782265499E-1,-6.970318031E-2,1.772275815E2
2.790470208E2,2.419253676E-2,6.452748203E-4,1.548202708E-3,9.997059107E-1,1.772274690E2,1.791480815E-1,-6.962929771E-2,1.772273562E2
2.790520208E2,2.419232380E-2,6.442346494E-4,1.551959082E-3,9.997059107E-1,1.772274934E2,1.795755061E-1,-6.949976209E-2,1.772273806E2
2.790570208E2,2.418986916E-2,6.473524845E-4,1.550527872E-3,9.997059703E-1,1.772277748E2,1.794200221E-1,-6.986134309E-2,1.772276615E2
2.790620208E2,2.418258102E-2,6.521743489E-4,1.546897809E-3,9.997061491E-1,1.772286102E2,1.790170228E-1,-7.042509365E-2,1.772284963E2
2.790670208E2,2.418491540E-2,6.496424903E-4,1.549985493E-3,9.997060895E-1,1.772283426E2,1.793638892E-1,-7.012607365E-2,1.772282289E2
2.790720208E2,2.419521762E-2,6.423497107E-4,1.546011423E-3,9.997058511E-1,1.772271617E2,1.788891274E-1,-6.929979867E-2,1.772270496E2
2.790770208E2,2.419042129E-2,6.471968954E-4,1.541955164E-3,9.997059703E-1,1.772277115E2,1.784375552E-1,-6.986718474E-2,1.772275988E2
2.790820208E2,2.418049688E-2,6.524815108E-4,1.540815807E-3,9.997062087E-1,1.772288491E2,1.783209837E-1,-7.047750789E-2,1.772287355E2
2.790870208E2,2.419285761E-2,6.452400703E-4,1.543195336E-3,9.997059107E-1,1.772274322E2,1.785743718E-1,-6.963914184E-2,1.772273198E2
2.790920208E2,2.419020548E-2,6.461855955E-4,1.545760315E-3,9.997059703E-1,1.772277362E2,1.788706478E-1,-6.974082257E-2,1.772276235E2
2.790970208E2,2.418292767E-2,6.509156083E-4,1.542001148E-3,9.997061491E-1,1.772285704E2,1.784526057E-1,-7.029440286E-2,1.772284571E2
2.791020208E2,2.418536336E-2,6.506597274E-4,1.542551210E-3,9.997060895E-1,1.772282913E2,1.785150819E-1,-7.026313037E-2,1.772281779E2
2.791070208E2,2.419476047E-2,6.428485503E-4,1.552942907E-3,9.997058511E-1,1.772272141E2,1.796845374E-1,-6.933780803E-2,1.772271015E2
2.791120208E2,2.418483675E-2,6.506601349E-4,1.550785615E-3,9.997060895E-1,1.772283516E2,1.794583650E-1,-7.024044946E-2,1.772282377E2
2.791170208E2,2.417741805E-2,6.544698845E-4,1.549588982E-3,9.997062683E-1,1.772292020E2,1.793313158E-1,-7.068153370E-2,1.772290874E2
2.791220208E2,2.417699517E-2,6.552470149E-4,1.555845840E-3,9.997062683E-1,1.772292505E2,1.800502140E-1,-7.075330079E-2,1.772291353E2
2.791270208E2,2.417433102E-2,6.571641425E-4,1.558133867E-3,9.997063279E-1,1.772295558E2,1.803174493E-1,-7.096706429E-2,1.772294402E2
2.791320208E2,2.416972436E-2,6.596159074E-4,1.552066067E-3,9.997064471E-1,1.772300839E2,1.796287969E-1,-7.126557076E-2,1.772299682E2
2.791370208E2,2.416462059E-2,6.635080790E-4,1.553092967E-3,9.997065663E-1,1.772306689E2,1.797568520E-1,-7.170952344E-2,1.772305525E2
2.791420208E2,2.416696587E-2,6.622349611E-4,1.555509167E-3,9.997065067E-1,1.772304001E2,1.800302898E-1,-7.155656438E-2,1.772302837E2
2.791470208E2,2.417416924E-2,6.567962118E-4,1.560796751E-3,9.997063279E-1,1.772295744E2,1.806214738E-1,-7.091756717E-2,1.772294586E2
2.791520208E2,2.417679848E-2,6.550090620E-4,1.558999415E-3,9.997062683E-1,1.772292730E2,1.804108088E-1,-7.071733960E-2,1.772291577E2
2.791570208E2,2.417167654E-2,6.587587413E-4,1.560398028E-3,9.997063875E-1,1.772298601E2,1.805810567E-1,-7.114394536E-2,1.772297440E2
2.791620208E2,2.417371236E-2,6.569562247E-4,1.567790052E-3,9.997063279E-1,1.772296267E2,1.814230253E-1,-7.091660746E-2,1.772295105E2
2.791670208E2,2.417873280E-2,6.545785000E-4,1.567380619E-3,9.997062087E-1,1.772290513E2,1.813698888E-1,-7.064444360E-2,1.772289355E2
2.791720208E2,2.417671563E-2,6.560449838E-4,1.559848431E-3,9.997062683E-1,1.772292825E2,1.805109352E-1,-7.083367535E-2,1.772291670E2
2.791770208E2,2.417178027E-2,6.579470937E-4,1.559133176E-3,9.997063875E-1,1.772298482E2,1.804339163E-1,-7.105444957E-2,1.772297324E2
2.791820208E2,2.417386382E-2,6.578715402E-4,1.565068495E-3,9.997063279E-1,1.772296094E2,1.811137949E-1,-7.102897600E-2,1.772294931E2
2.791870208E2,2.416637038E-2,6.628169795E-4,1.564487000E-3,9.997065067E-1,1.772304683E2,1.810603444E-1,-7.159848341E-2,1.772303512E2
2.791920208E2,2.416383821E-2,6.646689726E-4,1.564725884E-3,9.997065663E-1,1.772307586E2,1.810926580E-1,-7.181044111E-2,1.772306411E2
2.791970208E2,2.416869505E-2,6.602015346E-4,1.567766303E-3,9.997064471E-1,1.772302019E2,1.814289378E-1,-7.128935984E-2,1.772300850E2
2.792020208E2,2.417349138E-2,6.570143742E-4,1.571169239E-3,9.997063279E-1,1.772296521E2,1.818102846E-1,-7.091394802E-2,1.772295355E2
2.792070208E2,2.416329010E-2,6.636685575E-4,1.573589747E-3,9.997065663E-1,1.772308214E2,1.821052773E-1,-7.167139056E-2,1.772307035E2
2.792120208E2,2.416808994E-2,6.611488061E-4,1.576670096E-3,9.997064471E-1,1.772302712E2,1.824515218E-1,-7.137332737E-2,1.772301535E2
2.792170208E2,2.418049868E-2,6.523900083E-4,1.579024945E-3,9.997061491E-1,1.772288489E2,1.826979025E-1,-7.036114773E-2,1.772287326E2
2.792220208E2,2.417562605E-2,6.549232639E-4,1.577111660E-3,9.997062683E-1,1.772294074E2,1.824853956E-1,-7.065754339E-2,1.772292908E2
2.792270208E2,2.416805312E-2,6.603886141E-4,1.577552874E-3,9.997064471E-1,1.772302754E2,1.825505430E-1,-7.128380312E-2,1.772301578E2
2.792320208E2,2.417789280E-2,6.540823379E-4,1.580490731E-3,9.997062087E-1,1.772291476E2,1.828703262E-1,-7.055143247E-2,1.772290309E2
2.792370208E2,2.418492549E-2,6.494594272E-4,1.587885083E-3,9.997060299E-1,1.772283414E2,1.837050930E-1,-7.000006153E-2,1.772282251E2
2.792420208E2,2.417479934E-2,6.559910253E-4,1.589293242E-3,9.997062683E-1,1.772295022E2,1.838837966E-1,-7.074626760E-2,1.772293845E2
2.792470208E2,2.417233904E-2,6.581563503E-4,1.588326762E-3,9.997063279E-1,1.772297842E2,1.837789028E-1,-7.099745254E-2,1.772296662E2
2.792520208E2,2.417204861E-2,6.568297395E-4,1.593288151E-3,9.997063279E-1,1.772298175E2,1.843435752E-1,-7.083178890E-2,1.772296994E2
2.792570208E2,2.416677597E-2,6.612255820E-4,1.596652088E-3,9.997064471E-1,1.772304218E2,1.847407436E-1,-7.132702372E-2,1.772303027E2
2.792620208E2,2.416695932E-2,6.616854225E-4,1.593683613E-3,9.997064471E-1,1.772304008E2,1.844019669E-1,-7.138788928E-2,1.772302818E2
2.792670208E2,2.416198678E-2,6.652146112E-4,1.592831919E-3,9.997065663E-1,1.772309708E2,1.843138159E-1,-7.179546144E-2,1.772308512E2
2.792720208E2,2.416472514E-2,6.622241344E-4,1.589943888E-3,9.997065067E-1,1.772306569E2,1.839748826E-1,-7.146037116E-2,1.772305381E2
2.792770208E2,2.416424924E-2,6.628478877E-4,1.596901682E-3,9.997065067E-1,1.772307115E2,1.847736492E-1,-7.151264753E-2,1.772305920E2
2.792820208E2,2.415667121E-2,6.687622517E-4,1.597145456E-3,9.997066855E-1,1.772315801E2,1.848174074E-1,-7.219091096E-2,1.772314595E2
2.792870208E2,2.415675265E-2,6.677410565E-4,1.596340677E-3,9.997066855E-1,1.772315708E2,1.847223919E-1,-7.207613769E-2,1.772314504E2
2.792920208E2,2.415418928E-2,6.690105656E-4,1.597269904E-3,9.997067451E-1,1.772318646E2,1.848321721E-1,-7.221947167E-2,1.772317439E2
2.792970208E2,2.415385058E-2,6.703231484E-4,1.601835014E-3,9.997067451E-1,1.772319034E2,1.853587526E-1,-7.235726513E-2,1.772317822E2
2.793020208E2,2.414913692E-2,6.737248041E-4,1.597071881E-3,9.997068644E-1,1.772324437E2,1.848221693E-1,-7.276100756E-2,1.772323222E2
2.793070208E2,2.414717770E-2,6.741716061E-4,1.589177409E-3,9.997069240E-1,1.772326683E2,1.839188855E-1,-7.283440001E-2,1.772325473E2
2.793120208E2,2.415222280E-2,6.707165739E-4,1.588963554E-3,9.997068048E-1,1.772320900E2,1.838851906E-1,-7.243826217E-2,1.772319696E2
2.793170208E2,2.414952735E-2,6.724487175E-4,1.591696870E-3,9.997068644E-1,1.772323990E2,1.842029135E-1,-7.262962456E-2,1.772322781E2
2.793220208E2,2.414477076E-2,6.765935686E-4,1.587222447E-3,9.997069836E-1,1.772329442E2,1.837014547E-1,-7.311770727E-2,1.772328228E2
2.793270208E2,2.415226874E-2,6.718971417E-4,1.587765990E-3,9.997068048E-1,1.772320847E2,1.837512708E-1,-7.257681179E-2,1.772319642E2
2.793320208E2,2.415694756E-2,6.682183594E-4,1.593188383E-3,9.997066855E-1,1.772315484E2,1.843626059E-1,-7.213950705E-2,1.772314282E2
2.793370208E2,2.414208142E-2,6.784119760E-4,1.589810126E-3,9.997070432E-1,1.772332524E2,1.840027297E-1,-7.331935552E-2,1.772331306E2
2.793420208E2,2.414745221E-2,6.747099105E-4,1.584771671E-3,9.997069240E-1,1.772326368E2,1.834156811E-1,-7.290820824E-2,1.772325160E2
2.793470208E2,2.415464750E-2,6.692428142E-4,1.590227825E-3,9.997067451E-1,1.772318121E2,1.840261193E-1,-7.226548566E-2,1.772316919E2
2.793520208E2,2.415460588E-2,6.691616145E-4,1.590893953E-3,9.997067451E-1,1.772318168E2,1.841022020E-1,-7.225434738E-2,1.772316966E2
2.793570208E2,2.414230482E-2,6.776659284E-4,1.586732920E-3,9.997070432E-1,1.772332268E2,1.836481621E-1,-7.324236215E-2,1.772331053E2
2.793620208E2,2.415260435E-2,6.709477166E-4,1.583055244E-3,9.997068048E-1,1.772320463E2,1.832090119E-1,-7.248102430E-2,1.772319263E2
2.793670208E2,2.415245544E-2,6.703210529E-4,1.585590653E-3,9.997068048E-1,1.772320633E2,1.834977187E-1,-7.240224477E-2,1.772319433E2
2.793720208E2,2.414460899E-2,6.760599790E-4,1.589908265E-3,9.997069836E-1,1.772329627E2,1.840076493E-1,-7.304917865E-2,1.772328413E2
2.793770208E2,2.414486477E-2,6.761031109E-4,1.586000901E-3,9.997069836E-1,1.772329334E2,1.835601661E-1,-7.306488405E-2,1.772328123E2
2.793820208E2,2.415006404E-2,6.724550622E-4,1.583530335E-3,9.997068644E-1,1.772323374E2,1.832674253E-1,-7.265285353E-2,1.772322171E2
2.793870208E2,2.414497187E-2,6.757520605E-4,1.584519283E-3,9.997069836E-1,1.772329211E2,1.833894708E-1,-7.302874828E-2,1.772328001E2
2.793920208E2,2.414499769E-2,6.764893769E-4,1.583811012E-3,9.997069836E-1,1.772329182E2,1.833103747E-1,-7.311516880E-2,1.772327971E2
2.793970208E2,2.414003279E-2,6.795504014E-4,1.582936617E-3,9.997071028E-1,1.772334873E2,1.832183109E-1,-7.346916304E-2,1.772333657E2
2.794020208E2,2.414248443E-2,6.772475317E-4,1.584176673E-3,9.997070432E-1,1.772332063E2,1.833541780E-1,-7.320147070E-2,1.772330850E2
2.794070208E2,2.414978628E-2,6.722149556E-4,1.587862498E-3,9.997068644E-1,1.772323693E2,1.837630260E-1,-7.261340911E-2,1.772322487E2
2.794120208E2,2.414971075E-2,6.734639755E-4,1.588481828E-3,9.997068644E-1,1.772323779E2,1.838374268E-1,-7.275479426E-2,1.772322571E2
2.794170208E2,2.414721733E-2,6.749090389E-4,1.588262036E-3,9.997069240E-1,1.772326637E2,1.838160654E-1,-7.292140458E-2,1.772325426E2
2.794220208E2,2.414726510E-2,6.746056606E-4,1.587664476E-3,9.997069240E-1,1.772326583E2,1.837467739E-1,-7.288829494E-2,1.772325373E2
2.794270208E2,2.415475439E-2,6.696719211E-4,1.588422572E-3,9.997067451E-1,1.772317998E2,1.838205082E-1,-7.231962064E-2,1.772316797E2
2.794320208E2,2.415485746E-2,6.699451478E-4,1.586738974E-3,9.997067451E-1,1.772317880E2,1.836284018E-1,-7.235556231E-2,1.772316679E2
2.794370208E2,2.416263149E-2,6.641197833E-4,1.583481440E-3,9.997065663E-1,1.772308969E2,1.832396553E-1,-7.169581238E-2,1.772307782E2
2.794420208E2,2.416479270E-2,6.634797901E-4,1.588392886E-3,9.997065067E-1,1.772306492E2,1.838006848E-1,-7.160849913E-2,1.772305302E2
2.794470208E2,2.416174937E-2,6.647937698E-4,1.596604474E-3,9.997065663E-1,1.772309980E2,1.847448110E-1,-7.173684881E-2,1.772308782E2
2.794520208E2,2.415977281E-2,6.656906335E-4,1.588801038E-3,9.997066259E-1,1.772312246E2,1.838532040E-1,-7.186156179E-2,1.772311052E2
2.794570208E2,2.415501351E-2,6.686210399E-4,1.584920916E-3,9.997067451E-1,1.772317701E2,1.834164738E-1,-7.220887905E-2,1.772316504E2
2.794620208E2,2.415981276E-2,6.658570492E-4,1.588123618E-3,9.997066259E-1,1.772312200E2,1.837760635E-1,-7.188249421E-2,1.772311006E2
2.794670208E2,2.416207484E-2,6.651623989E-4,1.591517357E-3,9.997065663E-1,1.772309607E2,1.841630836E-1,-7.179310375E-2,1.772308412E2
2.794720208E2,2.415708008E-2,6.680344231E-4,1.591254957E-3,9.997066855E-1,1.772315332E2,1.841406162E-1,-7.212376359E-2,1.772314132E2
2.794770208E2,2.415242870E-2,6.704347907E-4,1.585949911E-3,9.997068048E-1,1.772320664E2,1.835391876E-1,-7.241428490E-2,1.772319463E2
2.794820208E2,2.415481067E-2,6.686932174E-4,1.587978913E-3,9.997067451E-1,1.772317934E2,1.837669781E-1,-7.220872005E-2,1.772316734E2
2.794870208E2,2.416011855E-2,6.658735219E-4,1.583457924E-3,9.997066259E-1,1.772311849E2,1.832416371E-1,-7.189724285E-2,1.772310659E2
2.794920208E2,2.415297163E-2,6.713242037E-4,1.577281626E-3,9.997068048E-1,1.772320042E2,1.825486646E-1,-7.254006712E-2,1.772318845E2
2.794970208E2,2.415509021E-2,6.689050933E-4,1.583631616E-3,9.997067451E-1,1.772317613E2,1.832695657E-1,-7.224497446E-2,1.772316417E2
2.795020208E2,2.415978898E-2,6.652998272E-4,1.588718733E-3,9.997066259E-1,1.772312227E2,1.838426943E-1,-7.181701671E-2,1.772311034E2
2.795070208E2,2.415254801E-2,6.710955058E-4,1.583852107E-3,9.997068048E-1,1.772320527E2,1.833007041E-1,-7.249575951E-2,1.772319327E2
2.795120208E2,2.415510383E-2,6.692323950E-4,1.583285630E-3,9.997067451E-1,1.772317598E2,1.832308371E-1,-7.228342471E-2,1.772316401E2
2.795170208E2,2.416510291E-2,6.622984656E-4,1.584160840E-3,9.997065067E-1,1.772306136E2,1.833126194E-1,-7.148483151E-2,1.772304952E2
2.795220208E2,2.416953084E-2,6.595310988E-4,1.592968823E-3,9.997063875E-1,1.772301061E2,1.843142980E-1,-7.114259982E-2,1.772299875E2
2.795270208E2,2.415765958E-2,6.684287800E-4,1.582266414E-3,9.997066855E-1,1.772314668E2,1.831120373E-1,-7.219371735E-2,1.772313474E2
2.795320208E2,2.416051909E-2,6.652523880E-4,1.577596762E-3,9.997066259E-1,1.772311390E2,1.825685012E-1,-7.184224147E-2,1.772310205E2
2.795370208E2,2.416517748E-2,6.629601121E-4,1.582745928E-3,9.997065067E-1,1.772306051E2,1.831523672E-1,-7.156453296E-2,1.772304866E2
2.795420208E2,2.415479098E-2,6.693123141E-4,1.588017680E-3,9.997067451E-1,1.772317956E2,1.837731315E-1,-7.227953883E-2,1.772316756E2
2.795470208E2,2.415536484E-2,6.696022465E-4,1.579141710E-3,9.997067451E-1,1.772317298E2,1.827571593E-1,-7.233721720E-2,1.772316104E2
2.795520208E2,2.416023515E-2,6.659712526E-4,1.581636723E-3,9.997066259E-1,1.772311716E2,1.830332823E-1,-7.191345963E-2,1.772310526E2
2.795570208E2,2.415998121E-2,6.658855127E-4,1.585546997E-3,9.997066259E-1,1.772312007E2,1.834809811E-1,-7.189285774E-2,1.772310815E2
2.795620208E2,2.414753628E-2,6.742088008E-4,1.583703677E-3,9.997069240E-1,1.772326272E2,1.832919528E-1,-7.285374206E-2,1.772325066E2
2.795670208E2,2.415572643E-2,6.688392605E-4,1.573925256E-3,9.997067451E-1,1.772316884E2,1.821574850E-1,-7.226418496E-2,1.772315695E2
2.795720208E2,2.416578279E-2,6.617730251E-4,1.573976479E-3,9.997065067E-1,1.772305357E2,1.821445096E-1,-7.145271717E-2,1.772304181E2
2.795770208E2,2.416312970E-2,6.647047703E-4,1.575614093E-3,9.997065663E-1,1.772308398E2,1.823400410E-1,-7.178452078E-2,1.772307215E2
2.795820208E2,2.415067360E-2,6.718316581E-4,1.574472757E-3,9.997068644E-1,1.772322676E2,1.822281230E-1,-7.260639349E-2,1.772321480E2
2.795870208E2,2.415046358E-2,6.733970367E-4,1.577023417E-3,9.997068644E-1,1.772322916E2,1.825246397E-1,-7.277869932E-2,1.772321716E2
2.795920208E2,2.415559388E-2,6.688481080E-4,1.575954491E-3,9.997067451E-1,1.772317036E2,1.823899657E-1,-7.225960544E-2,1.772315845E2
2.795970208E2,2.415578920E-2,6.685132976E-4,1.573100220E-3,9.997067451E-1,1.772316812E2,1.820620724E-1,-7.222911571E-2,1.772315624E2
2.796020208E2,2.415310176E-2,6.715942873E-4,1.575172413E-3,9.997068048E-1,1.772319892E2,1.823077937E-1,-7.257682160E-2,1.772318697E2
2.796070208E2,2.416068567E-2,6.654312601E-4,1.574967871E-3,9.997066259E-1,1.772311199E2,1.822678471E-1,-7.186998097E-2,1.772310016E2
2.796120208E2,2.416282022E-2,6.647665869E-4,1.580327051E-3,9.997065663E-1,1.772308753E2,1.828800985E-1,-7.177860873E-2,1.772307566E2
2.796170208E2,2.415002388E-2,6.733313785E-4,1.583770500E-3,9.997068644E-1,1.772323420E2,1.832973607E-1,-7.275258529E-2,1.772322216E2
2.796220208E2,2.414791186E-2,6.740222452E-4,1.578046242E-3,9.997069240E-1,1.772325841E2,1.826433574E-1,-7.284795742E-2,1.772324639E2
2.796270208E2,2.415805557E-2,6.675711484E-4,1.576572307E-3,9.997066855E-1,1.772314214E2,1.824573842E-1,-7.211116001E-2,1.772313025E2
2.796320208E2,2.415026807E-2,6.730681052E-4,1.580154756E-3,9.997068644E-1,1.772323141E2,1.828824361E-1,-7.273238717E-2,1.772321939E2
2.796370208E2,2.414779181E-2,6.738987286E-4,1.579934848E-3,9.997069240E-1,1.772325979E2,1.828593624E-1,-7.282860327E-2,1.772324776E2
2.796420208E2,2.414800672E-2,6.750141620E-4,1.576169627E-3,9.997069240E-1,1.772325733E2,1.824311275E-1,-7.296676523E-2,1.772324530E2
2.796470208E2,2.414284152E-2,6.774441572E-4,1.578640891E-3,9.997070432E-1,1.772331653E2,1.827205782E-1,-7.323924603E-2,1.772330445E2
2.796520208E2,2.414510836E-2,6.762344274E-4,1.582231955E-3,9.997069836E-1,1.772329055E2,1.831287830E-1,-7.309031116E-2,1.772327846E2
2.796570208E2,2.414979192E-2,6.732011680E-4,1.587358769E-3,9.997068644E-1,1.772323686E2,1.837080496E-1,-7.272778067E-2,1.772322479E2
2.796620208E2,2.414735504E-2,6.743466947E-4,1.586406026E-3,9.997069240E-1,1.772326480E2,1.836018978E-1,-7.286209418E-2,1.772325271E2
2.796670208E2,2.414474143E-2,6.768942112E-4,1.587540377E-3,9.997069836E-1,1.772329475E2,1.837387061E-1,-7.315127399E-2,1.772328261E2
2.796720208E2,2.414679814E-2,6.743544363E-4,1.594856963E-3,9.997069240E-1,1.772327118E2,1.845700042E-1,-7.283969836E-2,1.772325903E2
2.796770208E2,2.414929897E-2,6.723002298E-4,1.595220761E-3,9.997068644E-1,1.772324251E2,1.846061771E-1,-7.260290405E-2,1.772323040E2
2.796820208E2,2.415189463E-2,6.705792621E-4,1.594001660E-3,9.997068048E-1,1.772321276E2,1.844619438E-1,-7.240864826E-2,1.772320069E2
2.796870208E2,2.416171593E-2,6.649499410E-4,1.597045455E-3,9.997065663E-1,1.772310018E2,1.847957591E-1,-7.175352463E-2,1.772308820E2
2.796920208E2,2.415642622E-2,6.685820408E-4,1.600921853E-3,9.997066855E-1,1.772316082E2,1.852495085E-1,-7.215985765E-2,1.772314874E2
2.796970208E2,2.415415596E-2,6.699122023E-4,1.597395982E-3,9.997067451E-1,1.772318684E2,1.848491089E-1,-7.232241853E-2,1.772317476E2
2.797020208E2,2.415674029E-2,6.675244076E-4,1.596618444E-3,9.997066855E-1,1.772315722E2,1.847536118E-1,-7.205055218E-2,1.772314519E2
2.797070208E2,2.415917707E-2,6.654400495E-4,1.597938593E-3,9.997066259E-1,1.772312929E2,1.848992504E-1,-7.180766707E-2,1.772311728E2
2.797120208E2,2.416145647E-2,6.644749083E-4,1.601163181E-3,9.997065663E-1,1.772310316E2,1.852661449E-1,-7.168775255E-2,1.772309115E2
2.797170208E2,2.415671715E-2,6.684808177E-4,1.596568385E-3,9.997066855E-1,1.772315748E2,1.847505233E-1,-7.216025944E-2,1.772314543E2
2.797220208E2,2.415170371E-2,6.709190784E-4,1.596749062E-3,9.997068048E-1,1.772321495E2,1.847776084E-1,-7.244000816E-2,1.772320285E2
2.797270208E2,2.414927475E-2,6.728293374E-4,1.595364301E-3,9.997068644E-1,1.772324279E2,1.846240835E-1,-7.266312480E-2,1.772323067E2
2.797320208E2,2.414682748E-2,6.744699203E-4,1.594363828E-3,9.997069240E-1,1.772327084E2,1.845138332E-1,-7.285428714E-2,1.772325870E2
2.797370208E2,2.414962726E-2,6.726192660E-4,1.590108150E-3,9.997068644E-1,1.772323875E2,1.840213916E-1,-7.265354057E-2,1.772322667E2
2.797420208E2,2.415457035E-2,6.694090553E-4,1.591329346E-3,9.997067451E-1,1.772318209E2,1.841527624E-1,-7.228149505E-2,1.772317006E2
2.797470208E2,2.415693866E-2,6.686528795E-4,1.593141118E-3,9.997066855E-1,1.772315494E2,1.843583936E-1,-7.218941729E-2,1.772314292E2
2.797520208E2,2.415716360E-2,6.673199241E-4,1.590286614E-3,9.997066855E-1,1.772315237E2,1.840277123E-1,-7.204457733E-2,1.772314038E2
2.797570208E2,2.415445368E-2,6.691663293E-4,1.593201188E-3,9.997067451E-1,1.772318343E2,1.843665171E-1,-7.224852905E-2,1.772317139E2
2.797620208E2,2.415453900E-2,6.702801329E-4,1.591438544E-3,9.997067451E-1,1.772318245E2,1.841676810E-1,-7.238098748E-2,1.772317040E2
2.797670208E2,2.415466457E-2,6.703193067E-4,1.589514897E-3,9.997067451E-1,1.772318101E2,1.839474287E-1,-7.239077675E-2,1.772316898E2
2.797720208E2,2.414234305E-2,6.779780961E-4,1.586017665E-3,9.997070432E-1,1.772332225E2,1.835670901E-1,-7.328009530E-2,1.772331009E2
2.797770208E2,2.414734895E-2,6.750487373E-4,1.586200204E-3,9.997069240E-1,1.772326487E2,1.835802616E-1,-7.294308946E-2,1.772325277E2
2.797820208E2,2.414241053E-2,6.772635970E-4,1.585295657E-3,9.997070432E-1,1.772332147E2,1.834824061E-1,-7.320022884E-2,1.772330934E2
2.797870208E2,2.414002644E-2,6.795213558E-4,1.583045814E-3,9.997071028E-1,1.772334880E2,1.832307395E-1,-7.346553471E-2,1.772333664E2
2.797920208E2,2.413539541E-2,6.830531056E-4,1.576844370E-3,9.997072220E-1,1.772340188E2,1.825297408E-1,-7.388812607E-2,1.772338970E2
2.797970208E2,2.413800419E-2,6.814862136E-4,1.575378003E-3,9.997071624E-1,1.772337198E2,1.823576144E-1,-7.371220584E-2,1.772335984E2
2.798020208E2,2.414018440E-2,6.799569237E-4,1.580448006E-3,9.997071028E-1,1.772334699E2,1.829343555E-1,-7.352259011E-2,1.772333484E2
2.798070208E2,2.413778197E-2,6.813377840E-4,1.578843221E-3,9.997071624E-1,1.772337453E2,1.827541572E-1,-7.368565740E-2,1.772336237E2
2.798120208E2,2.413328241E-2,6.837987457E-4,1.571062137E-3,9.997072816E-1,1.772342610E2,1.818692437E-1,-7.398992227E-2,1.772341395E2
2.798170208E2,2.413578661E-2,6.821925053E-4,1.571219065E-3,9.997072220E-1,1.772339740E2,1.818829634E-1,-7.380502489E-2,1.772338528E2
2.798220208E2,2.413573627E-2,6.829909980E-4,1.571645378E-3,9.997072220E-1,1.772339798E2,1.819340061E-1,-7.389532868E-2,1.772338584E2
2.798270208E2,2.413306493E-2,6.838468835E-4,1.574378461E-3,9.997072816E-1,1.772342860E2,1.822492734E-1,-7.398630487E-2,1.772341642E2
2.798320208E2,2.413822753E-2,6.809125189E-4,1.572200912E-3,9.997071624E-1,1.772336942E2,1.819920814E-1,-7.365523210E-2,1.772335732E2
2.798370208E2,2.414552854E-2,6.764879217E-4,1.575698028E-3,9.997069836E-1,1.772328573E2,1.823809993E-1,-7.313735337E-2,1.772327368E2
2.798420208E2,2.414530613E-2,6.762698176E-4,1.579195959E-3,9.997069836E-1,1.772328828E2,1.827810968E-1,-7.310272969E-2,1.772327621E2
2.798470208E2,2.414804549E-2,6.745124119E-4,1.575790346E-3,9.997069240E-1,1.772325688E2,1.823862919E-1,-7.291032824E-2,1.772324487E2
2.798520208E2,2.415307344E-2,6.710693706E-4,1.575830276E-3,9.997068048E-1,1.772319925E2,1.823817023E-1,-7.251487249E-2,1.772318730E2
2.798570208E2,2.415783339E-2,6.674222532E-4,1.580036129E-3,9.997066855E-1,1.772314469E2,1.828537655E-1,-7.208455416E-2,1.772313278E2
2.798620208E2,2.415036958E-2,6.728969165E-4,1.578675467E-3,9.997068644E-1,1.772323024E2,1.827125048E-1,-7.271685157E-2,1.772321824E2
2.798670208E2,2.415048151E-2,6.726086722E-4,1.577085233E-3,9.997068644E-1,1.772322896E2,1.825295406E-1,-7.268821149E-2,1.772321697E2
2.798720208E2,2.415276043E-2,6.708559231E-4,1.580711221E-3,9.997068048E-1,1.772320284E2,1.829402418E-1,-7.247696787E-2,1.772319086E2
2.798770208E2,2.414739399E-2,6.739275414E-4,1.585991238E-3,9.997069240E-1,1.772326435E2,1.835532233E-1,-7.281521746E-2,1.772325227E2
2.798820208E2,2.413725640E-2,6.810679333E-4,1.586973667E-3,9.997071624E-1,1.772338055E2,1.836847827E-1,-7.363235067E-2,1.772336834E2
2.798870208E2,2.413973495E-2,6.789559848E-4,1.587726525E-3,9.997071028E-1,1.772335214E2,1.837653686E-1,-7.338787193E-2,1.772333996E2
2.798920208E2,2.414189685E-2,6.788395694E-4,1.592428191E-3,9.997070432E-1,1.772332736E2,1.843038204E-1,-7.336113067E-2,1.772331515E2
2.798970208E2,2.414153418E-2,6.776129594E-4,1.598437550E-3,9.997070432E-1,1.772333152E2,1.849888224E-1,-7.320405435E-2,1.772331928E2
2.799020208E2,2.413366147E-2,6.841288414E-4,1.602704870E-3,9.997072220E-1,1.772342176E2,1.854951254E-1,-7.394015600E-2,1.772340937E2
2.799070208E2,2.413141542E-2,6.847801851E-4,1.599063165E-3,9.997072816E-1,1.772344750E2,1.850795728E-1,-7.402526014E-2,1.772343513E2
2.799120208E2,2.412910562E-2,6.863761228E-4,1.595967449E-3,9.997073412E-1,1.772347398E2,1.847291748E-1,-7.421707531E-2,1.772346160E2
2.799170208E2,2.412420915E-2,6.903402973E-4,1.593604917E-3,9.997074604E-1,1.772353011E2,1.844691235E-1,-7.467863968E-2,1.772351767E2
2.799220208E2,2.413456640E-2,6.833026418E-4,1.589375199E-3,9.997072220E-1,1.772341139E2,1.839658814E-1,-7.388220676E-2,1.772339911E2
2.799270208E2,2.413976908E-2,6.800003466E-4,1.586760394E-3,9.997071028E-1,1.772335175E2,1.836575821E-1,-7.351017834E-2,1.772333956E2
2.799320208E2,2.414182464E-2,6.783496938E-4,1.593731227E-3,9.997070432E-1,1.772332819E2,1.844517335E-1,-7.330141984E-2,1.772331597E2
2.799370208E2,2.413695936E-2,6.808388280E-4,1.591583248E-3,9.997071624E-1,1.772338396E2,1.842121933E-1,-7.359340920E-2,1.772337171E2
2.799420208E2,2.414222646E-2,6.774765789E-4,1.588005573E-3,9.997070432E-1,1.772332358E2,1.837934254E-1,-7.321716410E-2,1.772331143E2
2.799470208E2,2.414950952E-2,6.722410326E-4,1.592055080E-3,9.997068644E-1,1.772324010E2,1.842433733E-1,-7.260484454E-2,1.772322801E2
2.799520208E2,2.414933616E-2,6.736896466E-4,1.594071160E-3,9.997068644E-1,1.772324209E2,1.844783289E-1,-7.276524746E-2,1.772322996E2
2.799570208E2,2.414459356E-2,6.768126041E-4,1.589822350E-3,9.997069836E-1,1.772329645E2,1.839998886E-1,-7.313563844E-2,1.772328429E2
2.799620208E2,2.414715027E-2,6.743389531E-4,1.589523163E-3,9.997069240E-1,1.772326714E2,1.839589555E-1,-7.285261923E-2,1.772325503E2
2.799670208E2,2.415203344E-2,6.703938125E-4,1.591975102E-3,9.997068048E-1,1.772321117E2,1.842292815E-1,-7.239298690E-2,1.772319912E2
2.799720208E2,2.414922682E-2,6.734377239E-4,1.595833106E-3,9.997068644E-1,1.772324334E2,1.846794693E-1,-7.273153182E-2,1.772323120E2
2.799770208E2,2.414460307E-2,6.767635932E-4,1.589698833E-3,9.997069836E-1,1.772329634E2,1.839856038E-1,-7.313036386E-2,1.772328419E2
2.799820208E2,2.415233483E-2,6.708045839E-4,1.587222563E-3,9.997068048E-1,1.772320771E2,1.836859973E-1,-7.245314249E-2,1.772319569E2
2.799870208E2,2.415694497E-2,6.676500780E-4,1.593465917E-3,9.997066855E-1,1.772315487E2,1.843928262E-1,-7.207363805E-2,1.772314286E2
2.799920208E2,2.415218640E-2,6.705566193E-4,1.589584164E-3,9.997068048E-1,1.772320942E2,1.839558413E-1,-7.241822708E-2,1.772319738E2
2.799970208E2,2.414731854E-2,6.751845940E-4,1.586605329E-3,9.997069240E-1,1.772326521E2,1.836270458E-1,-7.295753745E-2,1.772325311E2
2.800020208E2,2.414997262E-2,6.721794489E-4,1.585040940E-3,9.997068644E-1,1.772323479E2,1.834397082E-1,-7.261711597E-2,1.772322276E2
2.800070208E2,2.415962504E-2,6.657781196E-4,1.591009786E-3,9.997066259E-1,1.772312415E2,1.841064661E-1,-7.186549603E-2,1.772311219E2
2.800120208E2,2.415437947E-2,6.687658024E-4,1.594493864E-3,9.997067451E-1,1.772318428E2,1.845134898E-1,-7.219908103E-2,1.772317224E2
2.800170208E2,2.415189888E-2,6.710497546E-4,1.593739144E-3,9.997068048E-1,1.772321271E2,1.844331730E-1,-7.246327273E-2,1.772320064E2
2.800220208E2,2.415933860E-2,6.656594342E-4,1.595402951E-3,9.997066259E-1,1.772312743E2,1.846093905E-1,-7.183978959E-2,1.772311545E2
2.800270208E2,2.415678896E-2,6.686492125E-4,1.595410868E-3,9.997066855E-1,1.772315666E2,1.846183914E-1,-7.218274148E-2,1.772314462E2
2.800320208E2,2.415223882E-2,6.718088407E-4,1.588258427E-3,9.997068048E-1,1.772320882E2,1.838074369E-1,-7.256533875E-2,1.772319676E2
2.800370208E2,2.415775722E-2,6.681943196E-4,1.580874086E-3,9.997066855E-1,1.772314556E2,1.829518926E-1,-7.217069467E-2,1.772313363E2
2.800420208E2,2.416264102E-2,6.647811388E-4,1.583058503E-3,9.997065663E-1,1.772308958E2,1.831930365E-1,-7.177274527E-2,1.772307770E2
2.800470208E2,2.416019590E-2,6.656971527E-4,1.582351513E-3,9.997066259E-1,1.772311761E2,1.831144057E-1,-7.188008747E-2,1.772310571E2
2.800520208E2,2.416798377E-2,6.613598671E-4,1.578208292E-3,9.997064471E-1,1.772302834E2,1.826283119E-1,-7.139326532E-2,1.772301656E2
2.800570208E2,2.416787222E-2,6.615780876E-4,1.579824253E-3,9.997064471E-1,1.772302962E2,1.828140301E-1,-7.141380911E-2,1.772301782E2
2.800620208E2,2.416756194E-2,6.610361743E-4,1.584789832E-3,9.997064471E-1,1.772303317E2,1.833813552E-1,-7.133803309E-2,1.772302135E2
2.800670208E2,2.415983411E-2,6.653195596E-4,1.588024083E-3,9.997066259E-1,1.772312175E2,1.837631742E-1,-7.182119215E-2,1.772310983E2
2.800720208E2,2.415739067E-2,6.678879727E-4,1.586594502E-3,9.997066855E-1,1.772314976E2,1.836063392E-1,-7.211983111E-2,1.772313780E2
2.800770208E2,2.415740378E-2,6.680737715E-4,1.586316735E-3,9.997066855E-1,1.772314961E2,1.835750341E-1,-7.214188241E-2,1.772313764E2
2.800820208E2,2.415463508E-2,6.690566079E-4,1.590494765E-3,9.997067451E-1,1.772318135E2,1.840561831E-1,-7.224341762E-2,1.772316933E2
2.800870208E2,2.414723835E-2,6.744954735E-4,1.588118146E-3,9.997069240E-1,1.772326613E2,1.837984387E-1,-7.287442165E-2,1.772325403E2
2.800920208E2,2.414742226E-2,6.750441971E-4,1.585085643E-3,9.997069240E-1,1.772326403E2,1.834525722E-1,-7.294564011E-2,1.772325194E2
2.800970208E2,2.414723760E-2,6.745050778E-4,1.588125480E-3,9.997069240E-1,1.772326614E2,1.837993055E-1,-7.287550173E-2,1.772325404E2
2.801020208E2,2.414197345E-2,6.778140669E-4,1.591703622E-3,9.997070432E-1,1.772332648E2,1.842179832E-1,-7.324564158E-2,1.772331429E2
2.801070208E2,2.414483895E-2,6.764670834E-4,1.586238737E-3,9.997069836E-1,1.772329364E2,1.835884176E-1,-7.310592668E-2,1.772328151E2
2.801120208E2,2.415242737E-2,6.706760614E-4,1.585868071E-3,9.997068048E-1,1.772320665E2,1.835304799E-1,-7.244215115E-2,1.772319464E2
2.801170208E2,2.415705158E-2,6.675249315E-4,1.591901295E-3,9.997066855E-1,1.772315365E2,1.842132469E-1,-7.206361323E-2,1.772314165E2
2.801220208E2,2.416181641E-2,6.650775322E-4,1.595471287E-3,9.997065663E-1,1.772309903E2,1.846157856E-1,-7.177248130E-2,1.772308706E2
2.801270208E2,2.414911944E-2,6.729233428E-4,1.597673981E-3,9.997068644E-1,1.772324457E2,1.848889255E-1,-7.266753072E-2,1.772323243E2
2.801320208E2,2.415139779E-2,6.720129168E-4,1.600910793E-3,9.997068048E-1,1.772321846E2,1.852573749E-1,-7.255385434E-2,1.772320631E2
2.801370208E2,2.415850121E-2,6.660546060E-4,1.607869868E-3,9.997066259E-1,1.772313703E2,1.860386135E-1,-7.185069984E-2,1.772312495E2
2.801420208E2,2.415084449E-2,6.714325864E-4,1.609478379E-3,9.997068048E-1,1.772322480E2,1.862372170E-1,-7.246376366E-2,1.772321260E2
2.801470208E2,2.413669299E-2,6.808291655E-4,1.595621812E-3,9.997071624E-1,1.772338701E2,1.846747983E-1,-7.358118075E-2,1.772337473E2
2.801520208E2,2.414973181E-2,6.734616472E-4,1.588162617E-3,9.997068644E-1,1.772323755E2,1.838008537E-1,-7.275540707E-2,1.772322547E2
2.801570208E2,2.415460592E-2,6.691900780E-4,1.590881380E-3,9.997067451E-1,1.772318168E2,1.841008405E-1,-7.225764290E-2,1.772316966E2
2.801620208E2,2.415470576E-2,6.691041053E-4,1.589401043E-3,9.997067451E-1,1.772318054E2,1.839310248E-1,-7.225187330E-2,1.772316853E2
2.801670208E2,2.414985315E-2,6.721396931E-4,1.586876926E-3,9.997068644E-1,1.772323616E2,1.836499171E-1,-7.260750246E-2,1.772322411E2
2.801720208E2,2.415228419E-2,6.713361363E-4,1.587768318E-3,9.997068048E-1,1.772320830E2,1.837499858E-1,-7.251253485E-2,1.772319626E2
2.801770208E2,2.415216665E-2,6.711806636E-4,1.589620835E-3,9.997068048E-1,1.772320964E2,1.839617682E-1,-7.248961849E-2,1.772319759E2
2.801820208E2,2.414977608E-2,6.722146063E-4,1.588017796E-3,9.997068644E-1,1.772323704E2,1.837808150E-1,-7.261294119E-2,1.772322499E2
2.801870208E2,2.415234293E-2,6.711122696E-4,1.586969127E-3,9.997068048E-1,1.772320762E2,1.836578163E-1,-7.248909031E-2,1.772319559E2
2.801920208E2,2.415972045E-2,6.652819575E-4,1.589768101E-3,9.997066259E-1,1.772312306E2,1.839628537E-1,-7.181207689E-2,1.772311112E2
2.801970208E2,2.415955191E-2,6.666691042E-4,1.591747045E-3,9.997066259E-1,1.772312499E2,1.841933869E-1,-7.196553772E-2,1.772311301E2
2.802020208E2,2.415462271E-2,6.703429972E-4,1.590140979E-3,9.997067451E-1,1.772318149E2,1.840192142E-1,-7.239176537E-2,1.772316945E2
2.802070208E2,2.415722449E-2,6.682649255E-4,1.588964253E-3,9.997066855E-1,1.772315167E2,1.838788455E-1,-7.215648432E-2,1.772313968E2
2.802120208E2,2.415431357E-2,6.689798902E-4,1.595402136E-3,9.997067451E-1,1.772318503E2,1.846181278E-1,-7.222110456E-2,1.772317298E2
2.802170208E2,2.415205667E-2,6.706159329E-4,1.591529115E-3,9.997068048E-1,1.772321090E2,1.841788064E-1,-7.241966267E-2,1.772319885E2
2.802220208E2,2.415224807E-2,6.718231016E-4,1.588111627E-3,9.997068048E-1,1.772320871E2,1.837906600E-1,-7.256737705E-2,1.772319666E2
2.802270208E2,2.415505765E-2,6.693254691E-4,1.583950594E-3,9.997067451E-1,1.772317650E2,1.833072686E-1,-7.229225487E-2,1.772316453E2
2.802320208E2,2.415195306E-2,6.716191419E-4,1.592677901E-3,9.997068048E-1,1.772321209E2,1.843131788E-1,-7.253142785E-2,1.772320001E2
2.802370208E2,2.415195886E-2,6.714322371E-4,1.592668821E-3,9.997068048E-1,1.772321202E2,1.843116217E-1,-7.251004047E-2,1.772319995E2
2.802420208E2,2.414985122E-2,6.726836436E-4,1.586675877E-3,9.997068644E-1,1.772323618E2,1.836283905E-1,-7.267037312E-2,1.772322413E2
2.802470208E2,2.416471398E-2,6.625055685E-4,1.589996275E-3,9.997065067E-1,1.772306582E2,1.839816626E-1,-7.149246866E-2,1.772305393E2
2.802520208E2,2.416703958E-2,6.618258776E-4,1.592407702E-3,9.997064471E-1,1.772303916E2,1.842561954E-1,-7.140749831E-2,1.772302727E2
2.802570208E2,2.416490510E-2,6.627458497E-4,1.586988685E-3,9.997065067E-1,1.772306363E2,1.836377973E-1,-7.152828828E-2,1.772305176E2
2.802620208E2,2.415751630E-2,6.675264449E-4,1.584832906E-3,9.997066855E-1,1.772314832E2,1.834035418E-1,-7.208326890E-2,1.772313638E2
2.802670208E2,2.416250777E-2,6.650559953E-4,1.584975747E-3,9.997065663E-1,1.772309111E2,1.834134243E-1,-7.179894796E-2,1.772307921E2
2.802720208E2,2.415967644E-2,6.660125218E-4,1.590130967E-3,9.997066259E-1,1.772312356E2,1.840064427E-1,-7.189477232E-2,1.772311161E2
2.802770208E2,2.415242913E-2,6.718368386E-4,1.585349906E-3,9.997068048E-1,1.772320663E2,1.834743330E-1,-7.257656131E-2,1.772319460E2
2.802820208E2,2.415747308E-2,6.682596868E-4,1.585182617E-3,9.997066855E-1,1.772314882E2,1.834456311E-1,-7.216630741E-2,1.772313686E2
2.802870208E2,2.415994787E-2,6.657472695E-4,1.586113009E-3,9.997066259E-1,1.772312045E2,1.835454372E-1,-7.187545991E-2,1.772310853E2
2.802920208E2,2.415493457E-2,6.696624332E-4,1.585684251E-3,9.997067451E-1,1.772317792E2,1.835067974E-1,-7.232608048E-2,1.772316592E2
2.802970208E2,2.415521815E-2,6.699893274E-4,1.581219956E-3,9.997067451E-1,1.772317466E2,1.829963007E-1,-7.237583442E-2,1.772316270E2
2.803020208E2,2.415534362E-2,6.691136514E-4,1.579673262E-3,9.997067451E-1,1.772317323E2,1.828166990E-1,-7.227977720E-2,1.772316129E2
2.803070208E2,2.415748964E-2,6.683212123E-4,1.584904268E-3,9.997066855E-1,1.772314863E2,1.834139155E-1,-7.217412318E-2,1.772313667E2
2.803120208E2,2.415477797E-2,6.697827484E-4,1.588017098E-3,9.997067451E-1,1.772317971E2,1.837743662E-1,-7.233343485E-2,1.772316770E2
2.803170208E2,2.414744633E-2,6.751377368E-4,1.584679121E-3,9.997069240E-1,1.772326375E2,1.834062623E-1,-7.295747635E-2,1.772325166E2
2.803220208E2,2.415239050E-2,6.717265351E-4,1.585984952E-3,9.997068048E-1,1.772320708E2,1.835467746E-1,-7.256217458E-2,1.772319504E2
2.803270208E2,2.414492462E-2,6.758745876E-4,1.585186808E-3,9.997069836E-1,1.772329265E2,1.834662771E-1,-7.304094642E-2,1.772328055E2
2.803320208E2,2.414284502E-2,6.783882272E-4,1.578181982E-3,9.997070432E-1,1.772331649E2,1.826706187E-1,-7.334866586E-2,1.772330439E2
2.803370208E2,2.414797974E-2,6.741814432E-4,1.576939132E-3,9.997069240E-1,1.772325764E2,1.825169743E-1,-7.286924610E-2,1.772324562E2
2.803420208E2,2.415052460E-2,6.719313096E-4,1.576714101E-3,9.997068644E-1,1.772322846E2,1.824851527E-1,-7.261163346E-2,1.772321649E2
2.803470208E2,2.415305477E-2,6.702204118E-4,1.576477662E-3,9.997068048E-1,1.772319946E2,1.824535144E-1,-7.241582901E-2,1.772318753E2
2.803520208E2,2.416331249E-2,6.648059352E-4,1.572765643E-3,9.997065663E-1,1.772308188E2,1.820140207E-1,-7.180396414E-2,1.772307007E2
2.803570208E2,2.416348486E-2,6.631495198E-4,1.570815453E-3,9.997065663E-1,1.772307991E2,1.817860356E-1,-7.161957734E-2,1.772306814E2
2.803620208E2,2.416309564E-2,6.638576160E-4,1.576493378E-3,9.997065663E-1,1.772308437E2,1.824384220E-1,-7.168504396E-2,1.772307255E2
2.803670208E2,2.415818928E-2,6.670084549E-4,1.574760652E-3,9.997066855E-1,1.772314061E2,1.822482957E-1,-7.205169005E-2,1.772312874E2
2.803720208E2,2.415292330E-2,6.714477786E-4,1.577968942E-3,9.997068048E-1,1.772320097E2,1.826277409E-1,-7.255233005E-2,1.772318900E2
2.803770208E2,2.416045464E-2,6.655777106E-4,1.578446245E-3,9.997066259E-1,1.772311464E2,1.826667126E-1,-7.187716957E-2,1.772310278E2
2.803820208E2,2.417282247E-2,6.568391691E-4,1.581500052E-3,9.997063279E-1,1.772297288E2,1.829932318E-1,-7.086538093E-2,1.772296115E2
2.803870208E2,2.415542525E-2,6.688335561E-4,1.578543219E-3,9.997067451E-1,1.772317229E2,1.826864735E-1,-7.225080323E-2,1.772316037E2
2.803920208E2,2.415304942E-2,6.714547635E-4,1.576034236E-3,9.997068048E-1,1.772319952E2,1.824061327E-1,-7.255846218E-2,1.772318757E2
2.803970208E2,2.416035028E-2,6.655979669E-4,1.580034266E-3,9.997066259E-1,1.772311584E2,1.828486823E-1,-7.187511241E-2,1.772310396E2
2.804020208E2,2.416538070E-2,6.622756482E-4,1.579927164E-3,9.997065067E-1,1.772305818E2,1.828275733E-1,-7.149389086E-2,1.772304636E2
2.804070208E2,2.416830750E-2,6.604642840E-4,1.573619200E-3,9.997064471E-1,1.772302463E2,1.821001358E-1,-7.130331999E-2,1.772301289E2
2.804120208E2,2.417619091E-2,6.547007360E-4,1.568521839E-3,9.997062683E-1,1.772293426E2,1.815007839E-1,-7.065574611E-2,1.772292267E2
2.804170208E2,2.417373668E-2,6.570201949E-4,1.567388186E-3,9.997063279E-1,1.772296240E2,1.813771672E-1,-7.092504460E-2,1.772295077E2
2.804220208E2,2.416613942E-2,6.623694208E-4,1.568239764E-3,9.997065067E-1,1.772304948E2,1.814889986E-1,-7.153686108E-2,1.772303775E2
2.804270208E2,2.416108784E-2,6.655832985E-4,1.568721840E-3,9.997066259E-1,1.772310738E2,1.815527622E-1,-7.190461874E-2,1.772309559E2
2.804320208E2,2.416094006E-2,6.654319586E-4,1.571060275E-3,9.997066259E-1,1.772310908E2,1.818202196E-1,-7.188083381E-2,1.772309727E2
2.804370208E2,2.416087485E-2,6.662461674E-4,1.571718021E-3,9.997066259E-1,1.772310982E2,1.818978198E-1,-7.197229865E-2,1.772309800E2
2.804420208E2,2.415829905E-2,6.678162026E-4,1.572732930E-3,9.997066855E-1,1.772313935E2,1.820182476E-1,-7.214981766E-2,1.772312749E2
2.804470208E2,2.415362359E-2,6.703265244E-4,1.567693078E-3,9.997068048E-1,1.772319294E2,1.814475020E-1,-7.245219630E-2,1.772318107E2
2.804520208E2,2.415846043E-2,6.667685229E-4,1.570697292E-3,9.997066855E-1,1.772313750E2,1.817821592E-1,-7.203540382E-2,1.772312567E2
2.804570208E2,2.416088390E-2,6.657425547E-4,1.571792294E-3,9.997066259E-1,1.772310972E2,1.819049346E-1,-7.191439850E-2,1.772309790E2
2.804620208E2,2.416348965E-2,6.644222303E-4,1.570203807E-3,9.997065663E-1,1.772307985E2,1.817194913E-1,-7.176706929E-2,1.772306807E2
2.804670208E2,2.417113736E-2,6.593309226E-4,1.568487613E-3,9.997063875E-1,1.772299219E2,1.815093322E-1,-7.118718310E-2,1.772298051E2
2.804720208E2,2.417378363E-2,6.571568083E-4,1.566606574E-3,9.997063279E-1,1.772296186E2,1.812880088E-1,-7.094285148E-2,1.772295023E2
2.804770208E2,2.416849985E-2,6.605809904E-4,1.570613123E-3,9.997064471E-1,1.772302242E2,1.817561018E-1,-7.132498031E-2,1.772301071E2
2.804820208E2,2.416113951E-2,6.651871372E-4,1.568093896E-3,9.997066259E-1,1.772310679E2,1.814797327E-1,-7.186096456E-2,1.772309501E2
2.804870208E2,2.416129103E-2,6.648988929E-4,1.565880026E-3,9.997066259E-1,1.772310505E2,1.812253282E-1,-7.183404613E-2,1.772309329E2
2.804920208E2,2.417370818E-2,6.571104750E-4,1.567789819E-3,9.997063279E-1,1.772296272E2,1.814234256E-1,-7.093427946E-2,1.772295109E2
2.804970208E2,2.417098997E-2,6.589170080E-4,1.570931054E-3,9.997063875E-1,1.772299388E2,1.817880916E-1,-7.113302453E-2,1.772298219E2
2.805020208E2,2.415611020E-2,6.688834401E-4,1.568005537E-3,9.997067451E-1,1.772316444E2,1.814794819E-1,-7.228556318E-2,1.772315259E2
2.805070208E2,2.415392135E-2,6.703224499E-4,1.563100494E-3,9.997068048E-1,1.772318953E2,1.809213935E-1,-7.246438757E-2,1.772317769E2
2.805120208E2,2.415870537E-2,6.670381990E-4,1.566810650E-3,9.997066855E-1,1.772313469E2,1.813376763E-1,-7.207701302E-2,1.772312289E2
2.805170208E2,2.415612128E-2,6.686276174E-4,1.567943837E-3,9.997067451E-1,1.772316431E2,1.814717062E-1,-7.225642543E-2,1.772315247E2
2.805220208E2,2.414369684E-2,6.772764027E-4,1.565577812E-3,9.997070432E-1,1.772330673E2,1.812236916E-1,-7.325601486E-2,1.772329474E2
2.805270208E2,2.414879653E-2,6.733399932E-4,1.564743579E-3,9.997069240E-1,1.772324827E2,1.811176026E-1,-7.280645177E-2,1.772323636E2
2.805320208E2,2.415376967E-2,6.701762322E-4,1.565505168E-3,9.997068048E-1,1.772319127E2,1.811964533E-1,-7.244100862E-2,1.772317941E2
2.805370208E2,2.414636814E-2,6.756457151E-4,1.563143451E-3,9.997069836E-1,1.772327611E2,1.809404983E-1,-7.307545837E-2,1.772326417E2
2.805420208E2,2.414167625E-2,6.788569735E-4,1.557973330E-3,9.997071028E-1,1.772332989E2,1.803567596E-1,-7.345848646E-2,1.772331793E2
2.805470208E2,2.414921857E-2,6.736145588E-4,1.558097894E-3,9.997069240E-1,1.772324343E2,1.803570745E-1,-7.285622039E-2,1.772323157E2
2.805520208E2,2.414909482E-2,6.746141589E-4,1.559582655E-3,9.997069240E-1,1.772324485E2,1.805299238E-1,-7.296664599E-2,1.772323296E2
2.805570208E2,2.414168901E-2,6.792878266E-4,1.557587762E-3,9.997071028E-1,1.772332974E2,1.803137827E-1,-7.350890853E-2,1.772331778E2
2.805620208E2,2.414711333E-2,6.749446038E-4,1.551894471E-3,9.997069836E-1,1.772326757E2,1.796499480E-1,-7.302613350E-2,1.772325572E2
2.805670208E2,2.416192810E-2,6.661106599E-4,1.555500552E-3,9.997066259E-1,1.772309775E2,1.800396745E-1,-7.200148769E-2,1.772308604E2
2.805720208E2,2.415670375E-2,6.696213386E-4,1.558517688E-3,9.997067451E-1,1.772315764E2,1.803946556E-1,-7.239625259E-2,1.772314584E2
2.805770208E2,2.414908394E-2,6.741071702E-4,1.559970318E-3,9.997069240E-1,1.772324498E2,1.805729299E-1,-7.290749552E-2,1.772323309E2
2.805820208E2,2.415427580E-2,6.699264632E-4,1.557784039E-3,9.997068048E-1,1.772318547E2,1.803112788E-1,-7.243367591E-2,1.772317367E2
2.805870208E2,2.416154648E-2,6.647910341E-4,1.561979298E-3,9.997066259E-1,1.772310213E2,1.807781871E-1,-7.183244419E-2,1.772309040E2
2.805920208E2,2.415869603E-2,6.671188166E-4,1.566920197E-3,9.997066855E-1,1.772313480E2,1.813504484E-1,-7.208594683E-2,1.772312299E2
2.805970208E2,2.415873024E-2,6.666618865E-4,1.566587249E-3,9.997066855E-1,1.772313441E2,1.813110438E-1,-7.203451739E-2,1.772312261E2
2.806020208E2,2.415863958E-2,6.668720744E-4,1.567895291E-3,9.997066855E-1,1.772313545E2,1.814614663E-1,-7.205499122E-2,1.772312363E2
2.806070208E2,2.415856776E-2,6.666859845E-4,1.569080632E-3,9.997066855E-1,1.772313627E2,1.815967366E-1,-7.203040457E-2,1.772312445E2
2.806120208E2,2.415101120E-2,6.718065124E-4,1.569296466E-3,9.997068644E-1,1.772322289E2,1.816350906E-1,-7.261777735E-2,1.772321097E2
2.806170208E2,2.414906377E-2,6.738654920E-4,1.560386969E-3,9.997069240E-1,1.772324521E2,1.806199903E-1,-7.287865994E-2,1.772323332E2
2.806220208E2,2.415431170E-2,6.703468971E-4,1.557046315E-3,9.997068048E-1,1.772318505E2,1.802279329E-1,-7.248387553E-2,1.772317326E2
2.806270208E2,2.415647367E-2,6.693967152E-4,1.562176039E-3,9.997067451E-1,1.772316027E2,1.808131117E-1,-7.236043448E-2,1.772314846E2
2.806320208E2,2.415619739E-2,6.688827416E-4,1.566661987E-3,9.997067451E-1,1.772316344E2,1.813255715E-1,-7.228918657E-2,1.772315160E2
2.806370208E2,2.415623392E-2,6.691613235E-4,1.565979561E-3,9.997067451E-1,1.772316302E2,1.812481678E-1,-7.232298283E-2,1.772315118E2
2.806420208E2,2.415872611E-2,6.680959486E-4,1.566039980E-3,9.997066855E-1,1.772313445E2,1.812523199E-1,-7.220031653E-2,1.772312263E2
2.806470208E2,2.415372290E-2,6.702629034E-4,1.566189574E-3,9.997068048E-1,1.772319180E2,1.812750942E-1,-7.244905158E-2,1.772317994E2
2.806520208E2,2.415378068E-2,6.714780466E-4,1.564777223E-3,9.997068048E-1,1.772319114E2,1.811166656E-1,-7.259215478E-2,1.772317927E2
2.806570208E2,2.415376597E-2,6.712236791E-4,1.565113431E-3,9.997068048E-1,1.772319131E2,1.811544758E-1,-7.256208701E-2,1.772317944E2
2.806620208E2,2.415099551E-2,6.729758461E-4,1.569036976E-3,9.997068644E-1,1.772322307E2,1.816085993E-1,-7.275245491E-2,1.772321113E2
2.806670208E2,2.414608114E-2,6.763967685E-4,1.567246625E-3,9.997069836E-1,1.772327940E2,1.814126087E-1,-7.315019578E-2,1.772326741E2
2.806720208E2,2.414625029E-2,6.755444338E-4,1.565006562E-3,9.997069836E-1,1.772327746E2,1.811536443E-1,-7.305872173E-2,1.772326551E2
2.806770208E2,2.415636093E-2,6.696147029E-4,1.563825062E-3,9.997067451E-1,1.772316157E2,1.810026164E-1,-7.238086221E-2,1.772314973E2
2.806820208E2,2.414842318E-2,6.746547297E-4,1.569930580E-3,9.997069240E-1,1.772325255E2,1.817154283E-1,-7.294277887E-2,1.772324058E2
2.806870208E2,2.414571939E-2,6.755549693E-4,1.573171699E-3,9.997069836E-1,1.772328354E2,1.820890195E-1,-7.303743178E-2,1.772327153E2
2.806920208E2,2.414581980E-2,6.750928005E-4,1.571828383E-3,9.997069836E-1,1.772328239E2,1.819338598E-1,-7.298818534E-2,1.772327040E2
2.806970208E2,2.414315218E-2,6.772989291E-4,1.573945163E-3,9.997070432E-1,1.772331297E2,1.821822641E-1,-7.323554400E-2,1.772330092E2
2.807020208E2,2.415050932E-2,6.728201406E-4,1.576569048E-3,9.997068644E-1,1.772322864E2,1.824709946E-1,-7.271386040E-2,1.772321665E2
2.807070208E2,2.415072766E-2,6.725504645E-4,1.573336194E-3,9.997068644E-1,1.772322614E2,1.820999137E-1,-7.269187421E-2,1.772321418E2
2.807120208E2,2.415110578E-2,6.731776521E-4,1.567252097E-3,9.997068644E-1,1.772322180E2,1.814046930E-1,-7.278049326E-2,1.772320988E2
2.807170208E2,2.414583228E-2,6.757180090E-4,1.571368077E-3,9.997069836E-1,1.772328225E2,1.818828589E-1,-7.306107940E-2,1.772327025E2
2.807220208E2,2.415071509E-2,6.729327724E-4,1.573365764E-3,9.997068644E-1,1.772322628E2,1.821043584E-1,-7.273559110E-2,1.772321432E2
2.807270208E2,2.415386672E-2,6.713427138E-4,1.563506783E-3,9.997068048E-1,1.772319016E2,1.809707577E-1,-7.258015225E-2,1.772317829E2
2.807320208E2,2.415116498E-2,6.722901599E-4,1.566720661E-3,9.997068644E-1,1.772322112E2,1.813413604E-1,-7.268028401E-2,1.772320922E2
2.807370208E2,2.414577861E-2,6.758201635E-4,1.572148525E-3,9.997069836E-1,1.772328287E2,1.819725445E-1,-7.307063225E-2,1.772327086E2
2.807420208E2,2.413773235E-2,6.815355155E-4,1.579516451E-3,9.997071624E-1,1.772337510E2,1.828318247E-1,-7.370645597E-2,1.772336293E2
2.807470208E2,2.413570926E-2,6.828791229E-4,1.572108828E-3,9.997072220E-1,1.772339829E2,1.819867867E-1,-7.388123556E-2,1.772338615E2
2.807520208E2,2.414846073E-2,6.743533304E-4,1.569482381E-3,9.997069240E-1,1.772325212E2,1.816632520E-1,-7.290948466E-2,1.772324016E2
2.807570208E2,2.415573164E-2,6.693490432E-4,1.573628630E-3,9.997067451E-1,1.772316878E2,1.821249156E-1,-7.232340480E-2,1.772315688E2
2.807620208E2,2.414306170E-2,6.780050462E-4,1.575028640E-3,9.997070432E-1,1.772331401E2,1.823083327E-1,-7.331345420E-2,1.772330194E2
2.807670208E2,2.414319312E-2,6.784492871E-4,1.572821289E-3,9.997070432E-1,1.772331250E2,1.820567010E-1,-7.337042874E-2,1.772330044E2
2.807720208E2,2.415057249E-2,6.731222966E-4,1.575472066E-3,9.997068644E-1,1.772322792E2,1.823461671E-1,-7.275149923E-2,1.772321593E2
2.807770208E2,2.414306700E-2,6.770035834E-4,1.575378235E-3,9.997070432E-1,1.772331395E2,1.823456111E-1,-7.319776040E-2,1.772330189E2
2.807820208E2,2.413571936E-2,6.821027491E-4,1.572290785E-3,9.997072220E-1,1.772339817E2,1.820054846E-1,-7.379179059E-2,1.772338604E2
2.807870208E2,2.413349077E-2,6.851412472E-4,1.567272004E-3,9.997072816E-1,1.772342371E2,1.814387807E-1,-7.415416080E-2,1.772341157E2
2.807920208E2,2.412810429E-2,6.886284100E-4,1.572629088E-3,9.997074008E-1,1.772348546E2,1.820617230E-1,-7.453980869E-2,1.772347321E2
2.807970208E2,2.412818005E-2,6.883431342E-4,1.571591361E-3,9.997074008E-1,1.772348459E2,1.819420595E-1,-7.450998358E-2,1.772347235E2
2.808020208E2,2.412607434E-2,6.891859230E-4,1.565622399E-3,9.997074604E-1,1.772350873E2,1.812604380E-1,-7.462341788E-2,1.772349652E2
2.808070208E2,2.412866773E-2,6.873131497E-4,1.564539038E-3,9.997074008E-1,1.772347900E2,1.811313446E-1,-7.441140193E-2,1.772346683E2
2.808120208E2,2.413080110E-2,6.857725093E-4,1.570387511E-3,9.997073412E-1,1.772345455E2,1.817972344E-1,-7.421834977E-2,1.772344236E2
2.808170208E2,2.412563691E-2,6.892385427E-4,1.572325593E-3,9.997074604E-1,1.772351374E2,1.820284581E-1,-7.461099274E-2,1.772350148E2
2.808220208E2,2.412554815E-2,6.889952929E-4,1.573793357E-3,9.997074604E-1,1.772351476E2,1.821959237E-1,-7.457908473E-2,1.772350249E2
2.808270208E2,2.413807347E-2,6.815579254E-4,1.574285096E-3,9.997071624E-1,1.772337119E2,1.822326162E-1,-7.372343151E-2,1.772335905E2
2.808320208E2,2.414038743E-2,6.793094799E-4,1.577622723E-3,9.997071028E-1,1.772334466E2,1.826089193E-1,-7.345619896E-2,1.772333255E2
2.808370208E2,2.414287823E-2,6.780747208E-4,1.577808638E-3,9.997070432E-1,1.772331611E2,1.826269840E-1,-7.331377804E-2,1.772330402E2
2.808420208E2,2.413301884E-2,6.838308182E-4,1.575091737E-3,9.997072816E-1,1.772342912E2,1.823309374E-1,-7.398250025E-2,1.772341694E2
2.808470208E2,2.413555002E-2,6.820301060E-4,1.574919443E-3,9.997072220E-1,1.772340011E2,1.823064060E-1,-7.377622907E-2,1.772338797E2
2.808520208E2,2.413777866E-2,6.813301588E-4,1.578897121E-3,9.997071624E-1,1.772337456E2,1.827603106E-1,-7.368463538E-2,1.772336240E2
2.808570208E2,2.412794930E-2,6.875520339E-4,1.575475442E-3,9.997074008E-1,1.772348723E2,1.823848089E-1,-7.440865922E-2,1.772347498E2
2.808620208E2,2.413306601E-2,6.847854238E-4,1.573953894E-3,9.997072816E-1,1.772342858E2,1.822032316E-1,-7.409499620E-2,1.772341639E2
2.808670208E2,2.413808153E-2,6.806068704E-4,1.574572991E-3,9.997071624E-1,1.772337109E2,1.822629666E-1,-7.361368268E-2,1.772335898E2
2.808720208E2,2.413537041E-2,6.832918152E-4,1.577123534E-3,9.997072220E-1,1.772340217E2,1.825623799E-1,-7.391470462E-2,1.772338999E2
2.808770208E2,2.412823998E-2,6.870856741E-4,1.571221510E-3,9.997074008E-1,1.772348390E2,1.818962172E-1,-7.436694311E-2,1.772347169E2
2.808820208E2,2.413589516E-2,6.826754543E-4,1.569340704E-3,9.997072220E-1,1.772339615E2,1.816691253E-1,-7.386552618E-2,1.772338404E2
2.808870208E2,2.413840885E-2,6.815592642E-4,1.569133834E-3,9.997071624E-1,1.772336734E2,1.816425245E-1,-7.373777307E-2,1.772335525E2
2.808920208E2,2.413589569E-2,6.832491490E-4,1.569082960E-3,9.997072220E-1,1.772339615E2,1.816411855E-1,-7.393196032E-2,1.772338402E2
2.808970208E2,2.413626672E-2,6.833325024E-4,1.563328784E-3,9.997072220E-1,1.772339190E2,1.809822544E-1,-7.395735740E-2,1.772337981E2
2.809020208E2,2.414082864E-2,6.785558071E-4,1.571182627E-3,9.997071028E-1,1.772333960E2,1.818690997E-1,-7.338759536E-2,1.772332755E2
2.809070208E2,2.414791434E-2,6.750444300E-4,1.577571267E-3,9.997069240E-1,1.772325838E2,1.825917742E-1,-7.296637081E-2,1.772324635E2
2.809120208E2,2.415067965E-2,6.728140288E-4,1.573960297E-3,9.997068644E-1,1.772322669E2,1.821721359E-1,-7.272034910E-2,1.772321472E2
2.809170208E2,2.414835279E-2,6.733723567E-4,1.571563073E-3,9.997069240E-1,1.772325336E2,1.818988897E-1,-7.279136794E-2,1.772324140E2
2.809220208E2,2.415559089E-2,6.694662152E-4,1.575737842E-3,9.997067451E-1,1.772317039E2,1.823668577E-1,-7.233101482E-2,1.772315848E2
2.809270208E2,2.415006849E-2,6.726817810E-4,1.583366306E-3,9.997068644E-1,1.772323369E2,1.832492622E-1,-7.267927913E-2,1.772322166E2
2.809320208E2,2.415285011E-2,6.704355474E-4,1.579518779E-3,9.997068048E-1,1.772320181E2,1.828024804E-1,-7.243209454E-2,1.772318985E2
2.809370208E2,2.415298479E-2,6.707761204E-4,1.577313291E-3,9.997068048E-1,1.772320026E2,1.825507759E-1,-7.247718974E-2,1.772318831E2
2.809420208E2,2.415527045E-2,6.696849596E-4,1.580549753E-3,9.997067451E-1,1.772317407E2,1.829186846E-1,-7.234281228E-2,1.772316211E2
2.809470208E2,2.415524493E-2,6.690648152E-4,1.581202261E-3,9.997067451E-1,1.772317436E2,1.829917162E-1,-7.226996823E-2,1.772316241E2
2.809520208E2,2.415537144E-2,6.694176118E-4,1.579119009E-3,9.997067451E-1,1.772317291E2,1.827540481E-1,-7.231612745E-2,1.772316097E2
2.809570208E2,2.415066079E-2,6.725657731E-4,1.574355760E-3,9.997068644E-1,1.772322690E2,1.822167509E-1,-7.269081838E-2,1.772321494E2
2.809620208E2,2.415781357E-2,6.683084066E-4,1.579964533E-3,9.997066855E-1,1.772314491E2,1.828480156E-1,-7.218627195E-2,1.772313299E2
2.809670208E2,2.416750939E-2,6.613489240E-4,1.585460617E-3,9.997064471E-1,1.772303378E2,1.834590617E-1,-7.137201295E-2,1.772302194E2
2.809720208E2,2.415752463E-2,6.672444870E-4,1.584824640E-3,9.997066855E-1,1.772314823E2,1.834018149E-1,-7.205098972E-2,1.772313629E2
2.809770208E2,2.416482796E-2,6.632607547E-4,1.587947831E-3,9.997065067E-1,1.772306451E2,1.837490959E-1,-7.158463284E-2,1.772305262E2
2.809820208E2,2.416464201E-2,6.620705826E-4,1.591270673E-3,9.997065067E-1,1.772306664E2,1.841264457E-1,-7.143912176E-2,1.772305475E2
2.809870208E2,2.415970675E-2,6.664348766E-4,1.589493360E-3,9.997066259E-1,1.772312321E2,1.839345712E-1,-7.194491615E-2,1.772311125E2
2.809920208E2,2.416224931E-2,6.640710635E-4,1.589322812E-3,9.997065663E-1,1.772309407E2,1.839086707E-1,-7.167412694E-2,1.772308216E2
2.809970208E2,2.416676565E-2,6.613354781E-4,1.596762682E-3,9.997064471E-1,1.772304230E2,1.847537168E-1,-7.133930881E-2,1.772303039E2
2.810020208E2,2.416907981E-2,6.592652062E-4,1.599907060E-3,9.997063875E-1,1.772301578E2,1.851083620E-1,-7.109300606E-2,1.772300388E2
2.810070208E2,2.415906637E-2,6.664184039E-4,1.599204028E-3,9.997066259E-1,1.772313055E2,1.850469173E-1,-7.191626242E-2,1.772311853E2
2.810120208E2,2.415905488E-2,6.661656080E-4,1.599482959E-3,9.997066259E-1,1.772313069E2,1.850781704E-1,-7.188653253E-2,1.772311866E2
2.810170208E2,2.416937940E-2,6.601850037E-4,1.594994450E-3,9.997063875E-1,1.772301234E2,1.845481508E-1,-7.121192731E-2,1.772300046E2
2.810220208E2,2.416409592E-2,6.620736676E-4,1.599540701E-3,9.997065067E-1,1.772307290E2,1.850738157E-1,-7.141667501E-2,1.772306095E2
2.810270208E2,2.415445970E-2,6.687231944E-4,1.593295950E-3,9.997067451E-1,1.772318336E2,1.843761466E-1,-7.219750099E-2,1.772317133E2
2.810320208E2,2.415166766E-2,6.717617507E-4,1.596939983E-3,9.997068048E-1,1.772321536E2,1.848018098E-1,-7.253602127E-2,1.772320325E2
2.810370208E2,2.415906123E-2,6.657335907E-4,1.599566895E-3,9.997066259E-1,1.772313061E2,1.850865902E-1,-7.183680795E-2,1.772311859E2
2.810420208E2,2.416155541E-2,6.645518588E-4,1.599637442E-3,9.997065663E-1,1.772310202E2,1.850915790E-1,-7.170077403E-2,1.772309003E2
2.810470208E2,2.415409689E-2,6.703029503E-4,1.598125091E-3,9.997067451E-1,1.772318752E2,1.849337118E-1,-7.236517461E-2,1.772317542E2
2.810520208E2,2.416382986E-2,6.627720431E-4,1.603266341E-3,9.997065067E-1,1.772307595E2,1.855025337E-1,-7.148641210E-2,1.772306396E2
2.810570208E2,2.416374174E-2,6.622317014E-4,1.604816993E-3,9.997065067E-1,1.772307696E2,1.856786711E-1,-7.142023411E-2,1.772306497E2
2.810620208E2,2.415880073E-2,6.662899978E-4,1.603265293E-3,9.997066259E-1,1.772313360E2,1.855117944E-1,-7.189035796E-2,1.772312154E2
2.810670208E2,2.416375939E-2,6.622141809E-4,1.604558551E-3,9.997065067E-1,1.772307676E2,1.856490172E-1,-7.141893937E-2,1.772306477E2
2.810720208E2,2.417109224E-2,6.573577994E-4,1.607515733E-3,9.997063279E-1,1.772299271E2,1.859748578E-1,-7.085304937E-2,1.772298079E2
2.810770208E2,2.416616271E-2,6.613194710E-4,1.605868689E-3,9.997064471E-1,1.772304921E2,1.857967981E-1,-7.131236867E-2,1.772303723E2
2.810820208E2,2.416662177E-2,6.605319795E-4,1.599270967E-3,9.997064471E-1,1.772304395E2,1.850388259E-1,-7.124034177E-2,1.772303203E2
2.810870208E2,2.417182231E-2,6.581725320E-4,1.596164540E-3,9.997063279E-1,1.772298434E2,1.846767934E-1,-7.097769056E-2,1.772297249E2
2.810920208E2,2.417144693E-2,6.586882519E-4,1.601627097E-3,9.997063279E-1,1.772298864E2,1.853039764E-1,-7.102170861E-2,1.772297674E2
2.810970208E2,2.417688991E-2,6.536997971E-4,1.595915295E-3,9.997062087E-1,1.772292625E2,1.846362069E-1,-7.046505772E-2,1.772291449E2
2.811020208E2,2.417431296E-2,6.561881164E-4,1.596593414E-3,9.997062683E-1,1.772295579E2,1.847206034E-1,-7.074871179E-2,1.772294397E2
2.811070208E2,2.417678073E-2,6.537936861E-4,1.597529976E-3,9.997062087E-1,1.772292750E2,1.848214344E-1,-7.047136001E-2,1.772291572E2
2.811120208E2,2.417920849E-2,6.520989118E-4,1.598778530E-3,9.997061491E-1,1.772289968E2,1.849599414E-1,-7.027330180E-2,1.772288792E2
2.811170208E2,2.417926266E-2,6.532592233E-4,1.597485156E-3,9.997061491E-1,1.772289905E2,1.848149938E-1,-7.040979841E-2,1.772288729E2
2.811220208E2,2.417198197E-2,6.579857436E-4,1.593822031E-3,9.997063279E-1,1.772298251E2,1.844079334E-1,-7.096275179E-2,1.772297068E2
2.811270208E2,2.417451926E-2,6.551500992E-4,1.593893743E-3,9.997062683E-1,1.772295343E2,1.844084724E-1,-7.063723951E-2,1.772294165E2
2.811320208E2,2.417691587E-2,6.541113835E-4,1.595353358E-3,9.997062087E-1,1.772292595E2,1.845729747E-1,-7.051376031E-2,1.772291418E2
2.811370208E2,2.417706794E-2,6.541510229E-4,1.593030756E-3,9.997062087E-1,1.772292421E2,1.843070219E-1,-7.052470826E-2,1.772291246E2
2.811420208E2,2.416985367E-2,6.593837170E-4,1.588124316E-3,9.997063875E-1,1.772300691E2,1.837589342E-1,-7.113907478E-2,1.772299509E2
2.811470208E2,2.417517664E-2,6.550945109E-4,1.583914855E-3,9.997062683E-1,1.772294589E2,1.832652006E-1,-7.065839561E-2,1.772293418E2
2.811520208E2,2.418020544E-2,6.523970515E-4,1.583506237E-3,9.997061491E-1,1.772288825E2,1.832112703E-1,-7.034959065E-2,1.772287659E2
2.811570208E2,2.417765591E-2,6.543453201E-4,1.584001817E-3,9.997062087E-1,1.772291747E2,1.832732621E-1,-7.057187442E-2,1.772290578E2
2.811620208E2,2.418020262E-2,6.521079922E-4,1.583668403E-3,9.997061491E-1,1.772288828E2,1.832290466E-1,-7.031602778E-2,1.772287663E2
2.811670208E2,2.419039971E-2,6.463061436E-4,1.580821350E-3,9.997059107E-1,1.772277140E2,1.828875256E-1,-6.965740368E-2,1.772275987E2
2.811720208E2,2.419278527E-2,6.446465268E-4,1.582685160E-3,9.997058511E-1,1.772274405E2,1.830966050E-1,-6.946167782E-2,1.772273255E2
2.811770208E2,2.419733662E-2,6.409045309E-4,1.589908963E-3,9.997057319E-1,1.772269188E2,1.839140901E-1,-6.901213804E-2,1.772268040E2
2.811820208E2,2.419730249E-2,6.399709382E-4,1.590804313E-3,9.997057319E-1,1.772269227E2,1.840140685E-1,-6.890271119E-2,1.772268080E2
2.811870208E2,2.419210937E-2,6.441790028E-4,1.593172317E-3,9.997058511E-1,1.772275180E2,1.842966520E-1,-6.937916919E-2,1.772274023E2
2.811920208E2,2.418229359E-2,6.506264326E-4,1.589963911E-3,9.997060895E-1,1.772286431E2,1.839462900E-1,-7.012847400E-2,1.772285265E2
2.811970208E2,2.418698735E-2,6.481134333E-4,1.594541944E-3,9.997059703E-1,1.772281051E2,1.844641046E-1,-6.982703728E-2,1.772279886E2
2.812020208E2,2.419481158E-2,6.429323112E-4,1.590039348E-3,9.997057915E-1,1.772272082E2,1.839344752E-1,-6.924453927E-2,1.772270930E2
2.812070208E2,2.418988123E-2,6.455636467E-4,1.589037362E-3,9.997059107E-1,1.772277734E2,1.838266428E-1,-6.954966424E-2,1.772276577E2
2.812120208E2,2.418006596E-2,6.523579359E-4,1.585650840E-3,9.997061491E-1,1.772288985E2,1.834568341E-1,-7.033919262E-2,1.772287818E2
2.812170208E2,2.418025126E-2,6.528583472E-4,1.582616242E-3,9.997061491E-1,1.772288772E2,1.831105956E-1,-7.040489348E-2,1.772287607E2
2.812220208E2,2.418523495E-2,6.493201945E-4,1.583221834E-3,9.997060299E-1,1.772283060E2,1.831705152E-1,-6.999697885E-2,1.772281900E2
2.812270208E2,2.418779783E-2,6.466382183E-4,1.582803554E-3,9.997059703E-1,1.772280122E2,1.831153426E-1,-6.969042711E-2,1.772278968E2
2.812320208E2,2.418774432E-2,6.466087070E-4,1.583633129E-3,9.997059703E-1,1.772280183E2,1.832102918E-1,-6.968475671E-2,1.772279029E2
2.812370208E2,2.418526298E-2,6.493104738E-4,1.582797617E-3,9.997060299E-1,1.772283028E2,1.831218926E-1,-6.999703587E-2,1.772281868E2
2.812420208E2,2.417516896E-2,6.555296131E-4,1.583852107E-3,9.997062683E-1,1.772294598E2,1.832592173E-1,-7.070841527E-2,1.772293426E2
2.812470208E2,2.417013512E-2,6.592807476E-4,1.583877834E-3,9.997063875E-1,1.772300368E2,1.832721994E-1,-7.113898906E-2,1.772299189E2
2.812520208E2,2.417296347E-2,6.571363192E-4,1.579219825E-3,9.997063279E-1,1.772297126E2,1.827328462E-1,-7.090571257E-2,1.772295955E2
2.812570208E2,2.417302136E-2,6.575948792E-4,1.578142401E-3,9.997063279E-1,1.772297060E2,1.826106928E-1,-7.096121830E-2,1.772295888E2
2.812620208E2,2.417539866E-2,6.559112226E-4,1.580183743E-3,9.997062683E-1,1.772294335E2,1.828400495E-1,-7.076225245E-2,1.772293165E2
2.812670208E2,2.416776827E-2,6.611641729E-4,1.581586781E-3,9.997064471E-1,1.772303081E2,1.830147884E-1,-7.136152949E-2,1.772301900E2
2.812720208E2,2.416562783E-2,6.624942180E-4,1.576050883E-3,9.997065067E-1,1.772305534E2,1.823841362E-1,-7.152961915E-2,1.772304355E2
2.812770208E2,2.416320342E-2,6.638056366E-4,1.574862516E-3,9.997065663E-1,1.772308313E2,1.822514570E-1,-7.168358553E-2,1.772307133E2
2.812820208E2,2.416791741E-2,6.608014228E-4,1.579457894E-3,9.997064471E-1,1.772302910E2,1.827699126E-1,-7.132584236E-2,1.772301732E2
2.812870208E2,2.417043203E-2,6.590822595E-4,1.579423319E-3,9.997063875E-1,1.772300028E2,1.827613689E-1,-7.112853457E-2,1.772298853E2
2.812920208E2,2.416536969E-2,6.632154691E-4,1.579701435E-3,9.997065067E-1,1.772305830E2,1.828043162E-1,-7.160218195E-2,1.772304647E2
2.812970208E2,2.417265191E-2,6.575646694E-4,1.583803794E-3,9.997063279E-1,1.772297483E2,1.832591424E-1,-7.094214237E-2,1.772296308E2
2.813020208E2,2.417284301E-2,6.571286358E-4,1.581065822E-3,9.997063279E-1,1.772297264E2,1.829442907E-1,-7.089974075E-2,1.772296091E2
2.813070208E2,2.416268556E-2,6.639512721E-4,1.582726953E-3,9.997065663E-1,1.772308907E2,1.831527597E-1,-7.167858732E-2,1.772307721E2
2.813120208E2,2.416557860E-2,6.624286179E-4,1.576833078E-3,9.997065067E-1,1.772305591E2,1.824735578E-1,-7.151994700E-2,1.772304411E2
2.813170208E2,2.417267469E-2,6.573860883E-4,1.583530335E-3,9.997063279E-1,1.772297457E2,1.832273223E-1,-7.092243782E-2,1.772296282E2
2.813220208E2,2.416754019E-2,6.603306974E-4,1.585415564E-3,9.997064471E-1,1.772303342E2,1.834510825E-1,-7.125548611E-2,1.772302161E2
2.813270208E2,2.417260518E-2,6.570488913E-4,1.584730810E-3,9.997063279E-1,1.772297537E2,1.833639075E-1,-7.088049653E-2,1.772296362E2
2.813320208E2,2.418751444E-2,6.472312380E-4,1.586886472E-3,9.997059703E-1,1.772280447E2,1.835846986E-1,-6.974709705E-2,1.772279289E2
2.813370208E2,2.419461577E-2,6.425332394E-4,1.593177090E-3,9.997057915E-1,1.772272307E2,1.842928093E-1,-6.919015873E-2,1.772271153E2
2.813420208E2,2.417969248E-2,6.522582262E-4,1.591376727E-3,9.997061491E-1,1.772289413E2,1.841124792E-1,-7.031197270E-2,1.772288242E2
2.813470208E2,2.418244650E-2,6.501205498E-4,1.587843872E-3,9.997060895E-1,1.772286256E2,1.837020306E-1,-7.007636810E-2,1.772285092E2
2.813520208E2,2.418993496E-2,6.457434501E-4,1.588146086E-3,9.997059107E-1,1.772277672E2,1.837250420E-1,-6.957272295E-2,1.772276516E2
2.813570208E2,2.419225288E-2,6.444607279E-4,1.590877539E-3,9.997058511E-1,1.772275015E2,1.840345573E-1,-6.941777848E-2,1.772273860E2
2.813620208E2,2.419503918E-2,6.427700864E-4,1.586638042E-3,9.997057915E-1,1.772271822E2,1.835443936E-1,-6.923534396E-2,1.772270672E2
2.813670208E2,2.419263305E-2,6.442860467E-4,1.585156773E-3,9.997058511E-1,1.772274580E2,1.833787386E-1,-6.941355759E-2,1.772273428E2
2.813720208E2,2.419750056E-2,6.398829864E-4,1.587824081E-3,9.997057319E-1,1.772269000E2,1.836724281E-1,-6.890086319E-2,1.772267855E2
2.813770208E2,2.418974666E-2,6.457291893E-4,1.591017470E-3,9.997059107E-1,1.772277888E2,1.840539300E-1,-6.956316422E-2,1.772276730E2
2.813820208E2,2.418236094E-2,6.507325452E-4,1.588895801E-3,9.997060895E-1,1.772286354E2,1.838242279E-1,-7.014357761E-2,1.772285188E2
2.813870208E2,2.418760016E-2,6.466868217E-4,1.585801598E-3,9.997059703E-1,1.772280349E2,1.834589142E-1,-6.968772120E-2,1.772279192E2
2.813920208E2,2.419498635E-2,6.427330081E-4,1.587458537E-3,9.997057915E-1,1.772271882E2,1.836382816E-1,-6.922883110E-2,1.772270732E2
2.813970208E2,2.419228220E-2,6.437996635E-4,1.590699307E-3,9.997058511E-1,1.772274982E2,1.840123085E-1,-6.934253707E-2,1.772273827E2
2.814020208E2,2.419213591E-2,6.437927368E-4,1.592925400E-3,9.997058511E-1,1.772275149E2,1.842672965E-1,-6.933559901E-2,1.772273994E2
2.814070208E2,2.418978424E-2,6.454380928E-4,1.590564149E-3,9.997059107E-1,1.772277845E2,1.840011940E-1,-6.953106653E-2,1.772276688E2
2.814120208E2,2.419492258E-2,6.414762465E-4,1.588938059E-3,9.997057915E-1,1.772271955E2,1.838042837E-1,-6.908076866E-2,1.772270806E2
2.814170208E2,2.419768414E-2,6.410603528E-4,1.584548037E-3,9.997057319E-1,1.772268790E2,1.833004082E-1,-6.904479042E-2,1.772267645E2
2.814220208E2,2.420310664E-2,6.371585187E-4,1.578504103E-3,9.997056127E-1,1.772262574E2,1.825975775E-1,-6.861357380E-2,1.772261441E2
2.814270208E2,2.420318826E-2,6.377621903E-4,1.577008166E-3,9.997056127E-1,1.772262481E2,1.824278858E-1,-6.868686336E-2,1.772261347E2
2.814320208E2,2.420299425E-2,6.374800578E-4,1.580096781E-3,9.997056127E-1,1.772262703E2,1.827809160E-1,-6.864601175E-2,1.772261568E2
2.814370208E2,2.420321813E-2,6.376906531E-4,1.576578594E-3,9.997056127E-1,1.772262446E2,1.823784784E-1,-6.867985422E-2,1.772261313E2
2.814420208E2,2.420336559E-2,6.372465286E-4,1.574493013E-3,9.997056127E-1,1.772262277E2,1.821383362E-1,-6.863473398E-2,1.772261147E2
2.814470208E2,2.420063615E-2,6.388335023E-4,1.577955903E-3,9.997056723E-1,1.772265406E2,1.825392528E-1,-6.880742792E-2,1.772264270E2
2.814520208E2,2.420295490E-2,6.368217291E-4,1.580964774E-3,9.997056127E-1,1.772262748E2,1.828785229E-1,-6.856819479E-2,1.772261614E2
2.814570208E2,2.419292553E-2,6.435791729E-4,1.580974553E-3,9.997058511E-1,1.772274244E2,1.828976913E-1,-6.934412085E-2,1.772273097E2
2.814620208E2,2.418779913E-2,6.473897374E-4,1.582476427E-3,9.997059703E-1,1.772280121E2,1.830799508E-1,-6.977742606E-2,1.772278965E2
2.814670208E2,2.419263523E-2,6.432074006E-4,1.585561433E-3,9.997058511E-1,1.772274577E2,1.834221052E-1,-6.928886789E-2,1.772273427E2
2.814720208E2,2.419706282E-2,6.415114622E-4,1.593826455E-3,9.997057319E-1,1.772269502E2,1.843645352E-1,-6.907085437E-2,1.772268350E2
2.814770208E2,2.418233234E-2,6.509024533E-4,1.589261461E-3,9.997060895E-1,1.772286387E2,1.838665862E-1,-7.016203387E-2,1.772285220E2
2.814820208E2,2.418762499E-2,6.467468920E-4,1.585398335E-3,9.997059703E-1,1.772280320E2,1.834128853E-1,-6.969571594E-2,1.772279164E2
2.814870208E2,2.419761390E-2,6.401950959E-4,1.585969934E-3,9.997057319E-1,1.772268870E2,1.834608938E-1,-6.894173844E-2,1.772267726E2
2.814920208E2,2.418805374E-2,6.471605739E-4,1.578673953E-3,9.997059703E-1,1.772279829E2,1.826437287E-1,-6.976166689E-2,1.772278676E2
2.814970208E2,2.418330491E-2,6.504590274E-4,1.574576134E-3,9.997060895E-1,1.772285272E2,1.821831001E-1,-7.015175482E-2,1.772284116E2
2.815020208E2,2.418305403E-2,6.499961019E-4,1.578615280E-3,9.997060895E-1,1.772285560E2,1.826445170E-1,-7.008757510E-2,1.772284402E2
2.815070208E2,2.418053800E-2,6.526812213E-4,1.578302355E-3,9.997061491E-1,1.772288444E2,1.826159336E-1,-7.039650359E-2,1.772287281E2
2.815120208E2,2.417323224E-2,6.572175189E-4,1.575066475E-3,9.997063279E-1,1.772296818E2,1.822572896E-1,-7.092647099E-2,1.772295649E2
2.815170208E2,2.418097475E-2,6.516982103E-4,1.572004636E-3,9.997061491E-1,1.772287943E2,1.818917844E-1,-7.030126344E-2,1.772286787E2
2.815220208E2,2.418564682E-2,6.486074417E-4,1.577210845E-3,9.997060299E-1,1.772282588E2,1.824799601E-1,-6.993191191E-2,1.772281434E2
2.815270208E2,2.418055757E-2,6.522234180E-4,1.578191761E-3,9.997061491E-1,1.772288421E2,1.826019968E-1,-7.034436148E-2,1.772287260E2
2.815320208E2,2.417054351E-2,6.591670681E-4,1.577680930E-3,9.997063875E-1,1.772299900E2,1.825620068E-1,-7.114305586E-2,1.772298726E2
2.815370208E2,2.417595794E-2,6.561712944E-4,1.571495319E-3,9.997062683E-1,1.772293693E2,1.818454787E-1,-7.081601457E-2,1.772292530E2
2.815420208E2,2.418119437E-2,6.523564225E-4,1.568349195E-3,9.997061491E-1,1.772287691E2,1.814748630E-1,-7.038675643E-2,1.772286537E2
2.815470208E2,2.418112353E-2,6.523630582E-4,1.569438260E-3,9.997061491E-1,1.772287772E2,1.815996378E-1,-7.038451158E-2,1.772286617E2
2.815520208E2,2.417849896E-2,6.544468924E-4,1.571038505E-3,9.997062087E-1,1.772290781E2,1.817885486E-1,-7.061927417E-2,1.772289620E2
2.815570208E2,2.418372876E-2,6.501637399E-4,1.568175270E-3,9.997060895E-1,1.772284786E2,1.814490397E-1,-7.013558923E-2,1.772283636E2
2.815620208E2,2.418336201E-2,6.512391265E-4,1.573376241E-3,9.997060895E-1,1.772285207E2,1.820478086E-1,-7.024443624E-2,1.772284050E2
2.815670208E2,2.418098666E-2,6.522491458E-4,1.571592875E-3,9.997061491E-1,1.772287929E2,1.818461414E-1,-7.036551632E-2,1.772286773E2
2.815720208E2,2.418875981E-2,6.475462578E-4,1.567658968E-3,9.997059703E-1,1.772279019E2,1.813829899E-1,-6.983625398E-2,1.772277874E2
2.815770208E2,2.418867686E-2,6.463741884E-4,1.569421496E-3,9.997059703E-1,1.772279114E2,1.815816470E-1,-6.969711360E-2,1.772277970E2
2.815820208E2,2.417838855E-2,6.534479326E-4,1.573152142E-3,9.997062087E-1,1.772290907E2,1.820279072E-1,-7.049899909E-2,1.772289747E2
2.815870208E2,2.418352378E-2,6.507823709E-4,1.571077155E-3,9.997060895E-1,1.772285021E2,1.817831747E-1,-7.019845339E-2,1.772283867E2
2.815920208E2,2.418853029E-2,6.476923008E-4,1.571136178E-3,9.997059703E-1,1.772279282E2,1.817817217E-1,-6.984338746E-2,1.772278134E2
2.815970208E2,2.418121266E-2,6.518845330E-4,1.568263397E-3,9.997061491E-1,1.772287670E2,1.814637276E-1,-7.033293218E-2,1.772286517E2
2.816020208E2,2.417854235E-2,6.543573691E-4,1.570407883E-3,9.997062087E-1,1.772290731E2,1.817160607E-1,-7.061075798E-2,1.772289571E2
2.816070208E2,2.418104486E-2,6.525588688E-4,1.570568536E-3,9.997061491E-1,1.772287863E2,1.817296574E-1,-7.040382546E-2,1.772286706E2
2.816120208E2,2.417324258E-2,6.578909815E-4,1.574626542E-3,9.997063279E-1,1.772296806E2,1.822087581E-1,-7.100483829E-2,1.772295637E2
2.816170208E2,2.417532166E-2,6.565115182E-4,1.581112156E-3,9.997062683E-1,1.772294423E2,1.829480645E-1,-7.082846308E-2,1.772293251E2
2.816220208E2,2.417291005E-2,6.568604149E-4,1.580152079E-3,9.997063279E-1,1.772297187E2,1.828388754E-1,-7.087153284E-2,1.772296016E2
2.816270208E2,2.417325438E-2,6.575852167E-4,1.574573223E-3,9.997063279E-1,1.772296792E2,1.822018038E-1,-7.096995605E-2,1.772295624E2
2.816320208E2,2.417080919E-2,6.588807446E-4,1.573725254E-3,9.997063875E-1,1.772299595E2,1.821080771E-1,-7.112116351E-2,1.772298425E2
2.816370208E2,2.418292295E-2,6.499858573E-4,1.580626238E-3,9.997060895E-1,1.772285710E2,1.828748513E-1,-7.008085253E-2,1.772284551E2
2.816420208E2,2.417757051E-2,6.541653420E-4,1.585379126E-3,9.997062087E-1,1.772291845E2,1.834305396E-1,-7.054745609E-2,1.772290675E2
2.816470208E2,2.417530453E-2,6.551113329E-4,1.581954653E-3,9.997062683E-1,1.772294442E2,1.830406990E-1,-7.066572981E-2,1.772293273E2
2.816520208E2,2.419537480E-2,6.422752049E-4,1.581712859E-3,9.997057915E-1,1.772271437E2,1.829788244E-1,-6.919224584E-2,1.772270292E2
2.816570208E2,2.419987438E-2,6.386220339E-4,1.589680673E-3,9.997056723E-1,1.772266279E2,1.838817824E-1,-6.875082629E-2,1.772265135E2
2.816620208E2,2.418229918E-2,6.504763151E-4,1.589940279E-3,9.997060895E-1,1.772286425E2,1.839431670E-1,-7.011134131E-2,1.772285258E2
2.816670208E2,2.417748273E-2,6.534804706E-4,1.586999395E-3,9.997062087E-1,1.772291946E2,1.836142509E-1,-7.046452555E-2,1.772290776E2
2.816720208E2,2.418737088E-2,6.475286791E-4,1.588952029E-3,9.997059703E-1,1.772280611E2,1.838221397E-1,-6.977547236E-2,1.772279451E2
2.816770208E2,2.418720169E-2,6.479431177E-4,1.591356588E-3,9.997059703E-1,1.772280805E2,1.840987387E-1,-6.981631580E-2,1.772279643E2
2.816820208E2,2.418483960E-2,6.493940018E-4,1.589219435E-3,9.997060299E-1,1.772283513E2,1.838577667E-1,-6.998888415E-2,1.772282349E2
2.816870208E2,2.418763878E-2,6.479448057E-4,1.584698563E-3,9.997059703E-1,1.772280304E2,1.833360423E-1,-6.983488353E-2,1.772279146E2
2.816920208E2,2.418491345E-2,6.486240309E-4,1.588409883E-3,9.997060299E-1,1.772283428E2,1.837628969E-1,-6.990290799E-2,1.772282266E2
2.816970208E2,2.417474049E-2,6.551673287E-4,1.590527827E-3,9.997062683E-1,1.772295089E2,1.840229422E-1,-7.064849722E-2,1.772293913E2
2.817020208E2,2.418028950E-2,6.516789435E-4,1.582518104E-3,9.997061491E-1,1.772288728E2,1.830960873E-1,-7.027004839E-2,1.772287565E2
2.817070208E2,2.419032522E-2,6.457875133E-4,1.582172699E-3,9.997059107E-1,1.772277225E2,1.830408907E-1,-6.959425800E-2,1.772276073E2
2.817120208E2,2.418989413E-2,6.465203478E-4,1.588451909E-3,9.997059107E-1,1.772277719E2,1.837622275E-1,-6.966088245E-2,1.772276561E2
2.817170208E2,2.418223384E-2,6.500635063E-4,1.591102569E-3,9.997060895E-1,1.772286500E2,1.840751684E-1,-7.006084188E-2,1.772285333E2
2.817220208E2,2.417719596E-2,6.543899653E-4,1.590988366E-3,9.997062087E-1,1.772292274E2,1.840737203E-1,-7.055771611E-2,1.772291100E2
2.817270208E2,2.418256294E-2,6.514199194E-4,1.585536287E-3,9.997060895E-1,1.772286123E2,1.834412871E-1,-7.023159464E-2,1.772284957E2
2.817320208E2,2.418238840E-2,6.500363233E-4,1.588762854E-3,9.997060895E-1,1.772286323E2,1.838070702E-1,-7.006418326E-2,1.772285158E2
2.817370208E2,2.417752077E-2,6.537578884E-4,1.586305443E-3,9.997062087E-1,1.772291902E2,1.835355243E-1,-7.049822166E-2,1.772290732E2
2.817420208E2,2.417747056E-2,6.538113230E-4,1.587048522E-3,9.997062087E-1,1.772291960E2,1.836207947E-1,-7.050229343E-2,1.772290789E2
2.817470208E2,2.417219741E-2,6.572215352E-4,1.590867178E-3,9.997063279E-1,1.772298004E2,1.840673287E-1,-7.088335100E-2,1.772296824E2
2.817520208E2,2.417185902E-2,6.579299225E-4,1.595708658E-3,9.997063279E-1,1.772298392E2,1.846238988E-1,-7.095115373E-2,1.772297207E2
2.817570208E2,2.417469043E-2,6.560805487E-4,1.590912230E-3,9.997062683E-1,1.772295146E2,1.840695054E-1,-7.075205811E-2,1.772293969E2
2.817620208E2,2.417262767E-2,6.568095996E-4,1.584487036E-3,9.997063279E-1,1.772297511E2,1.833353199E-1,-7.085375492E-2,1.772296336E2
2.817670208E2,2.417019262E-2,6.587013486E-4,1.583241392E-3,9.997063875E-1,1.772300302E2,1.831976887E-1,-7.107436658E-2,1.772299125E2
2.817720208E2,2.417022243E-2,6.592969876E-4,1.582538243E-3,9.997063875E-1,1.772300268E2,1.831187893E-1,-7.114454390E-2,1.772299090E2
2.817770208E2,2.417759813E-2,6.546211080E-4,1.584769576E-3,9.997062087E-1,1.772291813E2,1.833619754E-1,-7.060135149E-2,1.772290643E2
2.817820208E2,2.416996971E-2,6.584968069E-4,1.586725586E-3,9.997063875E-1,1.772300557E2,1.835962496E-1,-7.104132504E-2,1.772299378E2
2.817870208E2,2.417279951E-2,6.567255477E-4,1.581898076E-3,9.997063279E-1,1.772297314E2,1.830385124E-1,-7.085126633E-2,1.772296141E2
2.817920208E2,2.417557501E-2,6.560096517E-4,1.577442512E-3,9.997062683E-1,1.772294132E2,1.825263039E-1,-7.078109045E-2,1.772292965E2
2.817970208E2,2.416801099E-2,6.607602700E-4,1.578042633E-3,9.997064471E-1,1.772302803E2,1.826076754E-1,-7.132503053E-2,1.772301626E2
2.818020208E2,2.417076173E-2,6.591791753E-4,1.574329101E-3,9.997063875E-1,1.772299650E2,1.821780760E-1,-7.115368717E-2,1.772298478E2
2.818070208E2,2.417352931E-2,6.564157084E-4,1.570835942E-3,9.997063279E-1,1.772296477E2,1.817704468E-1,-7.084628250E-2,1.772295313E2
2.818120208E2,2.416618847E-2,6.629677373E-4,1.567230676E-3,9.997065067E-1,1.772304892E2,1.813750598E-1,-7.160818863E-2,1.772303718E2
2.818170208E2,2.416359077E-2,6.642193766E-4,1.568732900E-3,9.997065663E-1,1.772307869E2,1.815504321E-1,-7.174788544E-2,1.772306692E2
2.818220208E2,2.416137581E-2,6.651182775E-4,1.564478036E-3,9.997066259E-1,1.772310408E2,1.810653322E-1,-7.186304487E-2,1.772309233E2
2.818270208E2,2.415923247E-2,6.663741660E-4,1.558945864E-3,9.997066855E-1,1.772312865E2,1.804348991E-1,-7.202262130E-2,1.772311691E2
2.818320208E2,2.416175541E-2,6.661974476E-4,1.558143529E-3,9.997066259E-1,1.772309973E2,1.803426774E-1,-7.200414298E-2,1.772308800E2
2.818370208E2,2.414924743E-2,6.734756753E-4,1.557710581E-3,9.997069240E-1,1.772324310E2,1.803123222E-1,-7.284137683E-2,1.772323124E2
2.818420208E2,2.416159151E-2,6.656453479E-4,1.560918521E-3,9.997066259E-1,1.772310161E2,1.806590352E-1,-7.193324163E-2,1.772308987E2
2.818470208E2,2.416664031E-2,6.626842078E-4,1.560368342E-3,9.997065067E-1,1.772304374E2,1.805881696E-1,-7.159463074E-2,1.772303206E2
2.818520208E2,2.415689688E-2,6.685317494E-4,1.555989846E-3,9.997067451E-1,1.772315542E2,1.801020677E-1,-7.227839441E-2,1.772314367E2
2.818570208E2,2.414953260E-2,6.730096065E-4,1.553485286E-3,9.997069240E-1,1.772323984E2,1.798270104E-1,-7.279962680E-2,1.772322801E2
2.818620208E2,2.416907317E-2,6.603425136E-4,1.561866724E-3,9.997064471E-1,1.772301585E2,1.807535096E-1,-7.132178150E-2,1.772300420E2
2.818670208E2,2.416890819E-2,6.610471755E-4,1.564119942E-3,9.997064471E-1,1.772301774E2,1.810135745E-1,-7.139629528E-2,1.772300607E2
2.818720208E2,2.416657626E-2,6.620491622E-4,1.561629353E-3,9.997065067E-1,1.772304447E2,1.807308655E-1,-7.151840052E-2,1.772303279E2
2.818770208E2,2.417402043E-2,6.572940620E-4,1.562890597E-3,9.997063279E-1,1.772295914E2,1.808627100E-1,-7.096882625E-2,1.772294754E2
2.818820208E2,2.417363730E-2,6.568250828E-4,1.569001819E-3,9.997063279E-1,1.772296354E2,1.815614746E-1,-7.089824088E-2,1.772295190E2
2.818870208E2,2.415633037E-2,6.681352388E-4,1.564929495E-3,9.997067451E-1,1.772316192E2,1.811250402E-1,-7.220832598E-2,1.772315010E2
2.818920208E2,2.415923246E-2,6.667333655E-4,1.558792545E-3,9.997066855E-1,1.772312865E2,1.804183297E-1,-7.206419495E-2,1.772311691E2
2.818970208E2,2.416897313E-2,6.597445463E-4,1.563666505E-3,9.997064471E-1,1.772301700E2,1.809580260E-1,-7.124831285E-2,1.772300535E2
2.819020208E2,2.416098155E-2,6.655221805E-4,1.570383902E-3,9.997066259E-1,1.772310860E2,1.817429883E-1,-7.189303462E-2,1.772309680E2
2.819070208E2,2.414874791E-2,6.735263159E-4,1.565413666E-3,9.997069240E-1,1.772324883E2,1.811948787E-1,-7.282595097E-2,1.772323691E2
2.819120208E2,2.414903368E-2,6.747454754E-4,1.560472301E-3,9.997069240E-1,1.772324555E2,1.806321992E-1,-7.297923839E-2,1.772323365E2
2.819170208E2,2.415361268E-2,6.714058109E-4,1.567399362E-3,9.997068048E-1,1.772319307E2,1.814168413E-1,-7.257665216E-2,1.772318117E2
2.819220208E2,2.414892399E-2,6.735886564E-4,1.562668127E-3,9.997069240E-1,1.772324681E2,1.808805397E-1,-7.284065861E-2,1.772323491E2
2.819270208E2,2.414921341E-2,6.740416284E-4,1.557993237E-3,9.997069240E-1,1.772324349E2,1.803462668E-1,-7.290543520E-2,1.772323162E2
2.819320208E2,2.414387229E-2,6.777424715E-4,1.562667661E-3,9.997070432E-1,1.772330472E2,1.808916120E-1,-7.331742679E-2,1.772329274E2
2.819370208E2,2.413639368E-2,6.818518741E-4,1.562014571E-3,9.997072220E-1,1.772339044E2,1.808276140E-1,-7.379135158E-2,1.772337839E2
2.819420208E2,2.413680580E-2,6.816622918E-4,1.555716502E-3,9.997072220E-1,1.772338572E2,1.801056234E-1,-7.378697930E-2,1.772337372E2
2.819470208E2,2.413939417E-2,6.805888843E-4,1.554327318E-3,9.997071624E-1,1.772335605E2,1.799437022E-1,-7.366738841E-2,1.772334408E2
2.819520208E2,2.414149673E-2,6.785380538E-4,1.560891280E-3,9.997071028E-1,1.772333195E2,1.806901397E-1,-7.341391141E-2,1.772331997E2
2.819570208E2,2.413872003E-2,6.807390018E-4,1.564696548E-3,9.997071624E-1,1.772336377E2,1.811319499E-1,-7.365602338E-2,1.772335173E2
2.819620208E2,2.412350388E-2,6.904131733E-4,1.566629973E-3,9.997075200E-1,1.772353819E2,1.813790652E-1,-7.476168997E-2,1.772352595E2
2.819670208E2,2.411593350E-2,6.965927896E-4,1.566341496E-3,9.997076988E-1,1.772362496E2,1.813625311E-1,-7.547178586E-2,1.772361261E2
2.819720208E2,2.412667472E-2,6.898812717E-4,1.556034898E-3,9.997074604E-1,1.772350184E2,1.801640767E-1,-7.472947473E-2,1.772348969E2
2.819770208E2,2.413143229E-2,6.863698363E-4,1.560395700E-3,9.997073412E-1,1.772344731E2,1.806542874E-1,-7.431429480E-2,1.772343519E2
2.819820208E2,2.412626682E-2,6.898939027E-4,1.562341000E-3,9.997074604E-1,1.772350652E2,1.808864981E-1,-7.471356017E-2,1.772349432E2
2.819870208E2,2.412379657E-2,6.905691116E-4,1.562047517E-3,9.997075200E-1,1.772353483E2,1.808545593E-1,-7.479216910E-2,1.772352263E2
2.819920208E2,2.412899388E-2,6.874017417E-4,1.559461816E-3,9.997074008E-1,1.772347526E2,1.805499755E-1,-7.443553082E-2,1.772346313E2
2.819970208E2,2.412907971E-2,6.869659992E-4,1.558325486E-3,9.997074008E-1,1.772347428E2,1.804186008E-1,-7.438873958E-2,1.772346216E2
2.820020208E2,2.411858494E-2,6.938056322E-4,1.564795384E-3,9.997076392E-1,1.772359457E2,1.811779070E-1,-7.515628671E-2,1.772358228E2
2.820070208E2,2.412620143E-2,6.890069926E-4,1.563741476E-3,9.997074604E-1,1.772350727E2,1.810444772E-1,-7.460809726E-2,1.772349508E2
2.820120208E2,2.413646455E-2,6.822494324E-4,1.560745295E-3,9.997072220E-1,1.772338963E2,1.806833127E-1,-7.384039303E-2,1.772337758E2
2.820170208E2,2.412887628E-2,6.882811431E-4,1.560892910E-3,9.997074008E-1,1.772347661E2,1.807163424E-1,-7.453233748E-2,1.772346445E2
2.820220208E2,2.412589672E-2,6.895017577E-4,1.568218227E-3,9.997074604E-1,1.772351076E2,1.815586720E-1,-7.465245469E-2,1.772349853E2
2.820270208E2,2.413807364E-2,6.804840523E-4,1.574747032E-3,9.997071624E-1,1.772337118E2,1.822825641E-1,-7.359913289E-2,1.772335907E2
2.820320208E2,2.413791076E-2,6.805089070E-4,1.577230985E-3,9.997071624E-1,1.772337305E2,1.825671786E-1,-7.359513896E-2,1.772336092E2
2.820370208E2,2.413590033E-2,6.834672531E-4,1.568916487E-3,9.997072220E-1,1.772339610E2,1.816227182E-1,-7.395740551E-2,1.772338397E2
2.820420208E2,2.414357361E-2,6.774373469E-4,1.567407511E-3,9.997070432E-1,1.772330814E2,1.814337353E-1,-7.326941228E-2,1.772329614E2
2.820470208E2,2.415068453E-2,6.726903957E-4,1.573938294E-3,9.997068644E-1,1.772322663E2,1.821692734E-1,-7.270624595E-2,1.772321467E2
2.820520208E2,2.413584372E-2,6.819397095E-4,1.570451306E-3,9.997072220E-1,1.772339674E2,1.817943151E-1,-7.377817823E-2,1.772338463E2
2.820570208E2,2.414629131E-2,6.761499099E-4,1.564111910E-3,9.997069836E-1,1.772327699E2,1.810528331E-1,-7.313055202E-2,1.772326503E2
2.820620208E2,2.414377962E-2,6.770753535E-4,1.564387698E-3,9.997070432E-1,1.772330578E2,1.810868039E-1,-7.323626085E-2,1.772329380E2
2.820670208E2,2.414551376E-2,6.762218545E-4,1.576038776E-3,9.997069836E-1,1.772328590E2,1.824192975E-1,-7.310593309E-2,1.772327386E2
2.820720208E2,2.415534102E-2,6.695219781E-4,1.579540083E-3,9.997067451E-1,1.772317326E2,1.828025724E-1,-7.232692343E-2,1.772316131E2
2.820770208E2,2.415043718E-2,6.723767729E-4,1.577862771E-3,9.997068644E-1,1.772322947E2,1.826179690E-1,-7.265950178E-2,1.772321748E2
2.820820208E2,2.414326855E-2,6.778344978E-4,1.571928267E-3,9.997070432E-1,1.772331164E2,1.819527023E-1,-7.330245671E-2,1.772329959E2
2.820870208E2,2.415801543E-2,6.680166116E-4,1.576998737E-3,9.997066855E-1,1.772314260E2,1.825074656E-1,-7.216101817E-2,1.772313070E2
2.820920208E2,2.416099432E-2,6.649253191E-4,1.570440247E-3,9.997066259E-1,1.772310846E2,1.817477913E-1,-7.182450106E-2,1.772309666E2
2.820970208E2,2.415425315E-2,6.698573707E-4,1.558164833E-3,9.997068048E-1,1.772318573E2,1.803547091E-1,-7.242471086E-2,1.772317393E2
2.821020208E2,2.416464066E-2,6.637493498E-4,1.552677597E-3,9.997065663E-1,1.772306666E2,1.797099375E-1,-7.173830955E-2,1.772305501E2
2.821070208E2,2.416923595E-2,6.597551401E-4,1.559594413E-3,9.997064471E-1,1.772301399E2,1.804915822E-1,-7.126075740E-2,1.772300236E2
2.821120208E2,2.416070673E-2,6.665648543E-4,1.574165304E-3,9.997066259E-1,1.772311175E2,1.821790468E-1,-7.200206149E-2,1.772309990E2
2.821170208E2,2.416051368E-2,6.664348766E-4,1.577180461E-3,9.997066259E-1,1.772311396E2,1.825240842E-1,-7.197885858E-2,1.772310209E2
2.821220208E2,2.416799543E-2,6.614894955E-4,1.577975345E-3,9.997064471E-1,1.772302821E2,1.826019857E-1,-7.140875833E-2,1.772301642E2
2.821270208E2,2.416259637E-2,6.641707150E-4,1.583995880E-3,9.997065663E-1,1.772309009E2,1.832987272E-1,-7.170022899E-2,1.772307821E2
2.821320208E2,2.416748681E-2,6.610433920E-4,1.585932099E-3,9.997064471E-1,1.772303404E2,1.835122260E-1,-7.133571020E-2,1.772302220E2
2.821370208E2,2.416553126E-2,6.618850166E-4,1.577786636E-3,9.997065067E-1,1.772305645E2,1.825812869E-1,-7.145504110E-2,1.772304466E2
2.821420208E2,2.416826378E-2,6.607538671E-4,1.574168913E-3,9.997064471E-1,1.772302513E2,1.821639090E-1,-7.133497952E-2,1.772301339E2
2.821470208E2,2.415846701E-2,6.666357513E-4,1.570652355E-3,9.997066855E-1,1.772313742E2,1.817766442E-1,-7.202031697E-2,1.772312560E2
2.821520208E2,2.415655506E-2,6.685212138E-4,1.561292098E-3,9.997067451E-1,1.772315934E2,1.807094309E-1,-7.226257105E-2,1.772314755E2
2.821570208E2,2.416675713E-2,6.612571306E-4,1.559164026E-3,9.997065067E-1,1.772304240E2,1.804462611E-1,-7.143446184E-2,1.772303075E2
2.821620208E2,2.417137199E-2,6.581189809E-4,1.565377810E-3,9.997063875E-1,1.772298950E2,1.811497380E-1,-7.105691696E-2,1.772297787E2
2.821670208E2,2.416091983E-2,6.656612386E-4,1.571274246E-3,9.997066259E-1,1.772310931E2,1.818453653E-1,-7.190651091E-2,1.772309750E2
2.821720208E2,2.415584425E-2,6.690610317E-4,1.572021632E-3,9.997067451E-1,1.772316749E2,1.819400315E-1,-7.229483872E-2,1.772315561E2
2.821770208E2,2.416284973E-2,6.644120440E-4,1.580024953E-3,9.997065663E-1,1.772308719E2,1.828445110E-1,-7.173882412E-2,1.772307533E2
2.821820208E2,2.416494186E-2,6.632501027E-4,1.586218015E-3,9.997065067E-1,1.772306321E2,1.835509099E-1,-7.158818188E-2,1.772305133E2
2.821870208E2,2.415776582E-2,6.672638119E-4,1.581135672E-3,9.997066855E-1,1.772314546E2,1.829792837E-1,-7.206337184E-2,1.772313355E2
2.821920208E2,2.415803131E-2,6.679432699E-4,1.576786395E-3,9.997066855E-1,1.772314242E2,1.824829382E-1,-7.215320125E-2,1.772313052E2
2.821970208E2,2.415305806E-2,6.702219835E-4,1.576426555E-3,9.997068048E-1,1.772319942E2,1.824476643E-1,-7.241614990E-2,1.772318749E2
2.822020208E2,2.415347407E-2,6.709536538E-4,1.569727203E-3,9.997068048E-1,1.772319466E2,1.816822531E-1,-7.251843585E-2,1.772318276E2
2.822070208E2,2.415148753E-2,6.723697879E-4,1.561706304E-3,9.997068644E-1,1.772321743E2,1.807671679E-1,-7.270322566E-2,1.772320556E2
2.822120208E2,2.415386336E-2,6.700732047E-4,1.564103179E-3,9.997068048E-1,1.772319019E2,1.810355653E-1,-7.243306964E-2,1.772317835E2
2.822170208E2,2.416090364E-2,6.649182178E-4,1.571837696E-3,9.997066259E-1,1.772310949E2,1.819078546E-1,-7.181983484E-2,1.772309769E2
2.822220208E2,2.415802532E-2,6.675922195E-4,1.577026909E-3,9.997066855E-1,1.772314249E2,1.825095187E-1,-7.211232087E-2,1.772313060E2
2.822270208E2,2.415505170E-2,6.699168007E-4,1.583791338E-3,9.997067451E-1,1.772317657E2,1.832906611E-1,-7.236043856E-2,1.772316459E2
2.822320208E2,2.415465901E-2,6.692998577E-4,1.590028987E-3,9.997067451E-1,1.772318107E2,1.840034995E-1,-7.227256872E-2,1.772316906E2
2.822370208E2,2.415415143E-2,6.689186557E-4,1.597880735E-3,9.997067451E-1,1.772318689E2,1.849018908E-1,-7.220725888E-2,1.772317483E2
2.822420208E2,2.415617904E-2,6.689406000E-4,1.604497782E-3,9.997066855E-1,1.772316365E2,1.856601358E-1,-7.219108032E-2,1.772315154E2
2.822470208E2,2.415415011E-2,6.703078398E-4,1.597318333E-3,9.997067451E-1,1.772318691E2,1.848413083E-1,-7.236795798E-2,1.772317482E2
2.822520208E2,2.415449616E-2,6.689629517E-4,1.592642395E-3,9.997067451E-1,1.772318294E2,1.843019427E-1,-7.222676944E-2,1.772317091E2
2.822570208E2,2.415461349E-2,6.689005531E-4,1.590888249E-3,9.997067451E-1,1.772318160E2,1.841008264E-1,-7.222445510E-2,1.772316958E2
2.822620208E2,2.415721042E-2,6.685677217E-4,1.589050749E-3,9.997066855E-1,1.772315183E2,1.838895917E-1,-7.219093518E-2,1.772313983E2
2.822670208E2,2.415473859E-2,6.694679614E-4,1.588748652E-3,9.997067451E-1,1.772318016E2,1.838572975E-1,-7.229535573E-2,1.772316815E2
2.822720208E2,2.415692329E-2,6.675936165E-4,1.593818190E-3,9.997066855E-1,1.772315512E2,1.844330241E-1,-7.206619874E-2,1.772314311E2
2.822770208E2,2.414911191E-2,6.733672344E-4,1.597600756E-3,9.997068644E-1,1.772324466E2,1.848817649E-1,-7.271858610E-2,1.772323251E2
2.822820208E2,2.414365294E-2,6.759353564E-4,1.604413614E-3,9.997069836E-1,1.772330723E2,1.856689437E-1,-7.299494492E-2,1.772329498E2
2.822870208E2,2.415358832E-2,6.690384471E-4,1.606320380E-3,9.997067451E-1,1.772319335E2,1.858690134E-1,-7.219772581E-2,1.772318122E2
2.822920208E2,2.415857539E-2,6.659378996E-4,1.606803271E-3,9.997066259E-1,1.772313618E2,1.859161082E-1,-7.184026926E-2,1.772312411E2
2.822970208E2,2.415563057E-2,6.687989808E-4,1.612792606E-3,9.997066855E-1,1.772316994E2,1.866099454E-1,-7.215199718E-2,1.772315777E2
2.823020208E2,2.415825374E-2,6.673160242E-4,1.611061860E-3,9.997066259E-1,1.772313987E2,1.864077575E-1,-7.198641452E-2,1.772312774E2
2.823070208E2,2.415384668E-2,6.691511953E-4,1.602383680E-3,9.997067451E-1,1.772319039E2,1.854183623E-1,-7.222149058E-2,1.772317828E2
2.823120208E2,2.415651798E-2,6.677464116E-4,1.599885756E-3,9.997066855E-1,1.772315977E2,1.851285082E-1,-7.206698083E-2,1.772314771E2
2.823170208E2,2.415888607E-2,6.656267215E-4,1.602254575E-3,9.997066259E-1,1.772313262E2,1.853941779E-1,-7.181715673E-2,1.772312059E2
2.823220208E2,2.415865762E-2,6.671377923E-4,1.605068217E-3,9.997066259E-1,1.772313524E2,1.857206714E-1,-7.198251475E-2,1.772312316E2
2.823270208E2,2.415857738E-2,6.659482606E-4,1.606769045E-3,9.997066259E-1,1.772313616E2,1.859122161E-1,-7.184155057E-2,1.772312409E2
2.823320208E2,2.415582955E-2,6.688621361E-4,1.609783503E-3,9.997066855E-1,1.772316766E2,1.862654168E-1,-7.216752473E-2,1.772315551E2
2.823370208E2,2.416057590E-2,6.655364414E-4,1.613958622E-3,9.997065663E-1,1.772311325E2,1.867348453E-1,-7.177409579E-2,1.772310113E2
2.823420208E2,2.415814556E-2,6.667485577E-4,1.612917869E-3,9.997066259E-1,1.772314111E2,1.866187999E-1,-7.191628862E-2,1.772312898E2
2.823470208E2,2.416298843E-2,6.625702372E-4,1.615980873E-3,9.997065067E-1,1.772308560E2,1.869584700E-1,-7.142824323E-2,1.772307352E2
2.823520208E2,2.417550354E-2,6.553952117E-4,1.616094261E-3,9.997062087E-1,1.772294214E2,1.869524742E-1,-7.060363252E-2,1.772293020E2
2.823570208E2,2.416825338E-2,6.590076373E-4,1.612448366E-3,9.997063875E-1,1.772302525E2,1.865443005E-1,-7.102891810E-2,1.772301327E2
2.823620208E2,2.416384154E-2,6.635978934E-4,1.602748642E-3,9.997065067E-1,1.772307582E2,1.854455149E-1,-7.158245122E-2,1.772306382E2
2.823670208E2,2.417154690E-2,6.583318464E-4,1.600264339E-3,9.997063279E-1,1.772298750E2,1.851468810E-1,-7.098463581E-2,1.772297561E2
2.823720208E2,2.418149539E-2,6.503721816E-4,1.602161094E-3,9.997060895E-1,1.772287346E2,1.853428173E-1,-7.006569459E-2,1.772286171E2
2.823770208E2,2.417152385E-2,6.579714245E-4,1.600760617E-3,9.997063279E-1,1.772298776E2,1.852027338E-1,-7.094197622E-2,1.772297588E2
2.823820208E2,2.416930652E-2,6.589262048E-4,1.596618560E-3,9.997063875E-1,1.772301318E2,1.847307141E-1,-7.106323701E-2,1.772300131E2
2.823870208E2,2.417145308E-2,6.577087333E-4,1.601936761E-3,9.997063279E-1,1.772298857E2,1.853367381E-1,-7.090863808E-2,1.772297669E2
2.823920208E2,2.417385788E-2,6.554159336E-4,1.603784855E-3,9.997062683E-1,1.772296101E2,1.855422709E-1,-7.064041418E-2,1.772294915E2
2.823970208E2,2.416638599E-2,6.614000304E-4,1.602471806E-3,9.997064471E-1,1.772304665E2,1.854078960E-1,-7.133096318E-2,1.772303470E2
2.824020208E2,2.417143106E-2,6.575412699E-4,1.602337812E-3,9.997063279E-1,1.772298882E2,1.853822163E-1,-7.088834700E-2,1.772297694E2
2.824070208E2,2.416928924E-2,6.592820864E-4,1.596733113E-3,9.997063875E-1,1.772301337E2,1.847448216E-1,-7.110369199E-2,1.772300150E2
2.824120208E2,2.416709612E-2,6.608823896E-4,1.591941342E-3,9.997064471E-1,1.772303851E2,1.842001608E-1,-7.130069540E-2,1.772302664E2
2.824170208E2,2.416975831E-2,6.598596228E-4,1.589377411E-3,9.997063875E-1,1.772300800E2,1.839037981E-1,-7.119014032E-2,1.772299616E2
2.824220208E2,2.417714783E-2,6.544939242E-4,1.591676963E-3,9.997062087E-1,1.772292330E2,1.841528894E-1,-7.056772645E-2,1.772291154E2
2.824270208E2,2.417738309E-2,6.537461304E-4,1.588407322E-3,9.997062087E-1,1.772292060E2,1.837762696E-1,-7.049107641E-2,1.772290889E2
2.824320208E2,2.417758224E-2,6.536212168E-4,1.585424645E-3,9.997062087E-1,1.772291832E2,1.834342472E-1,-7.048499396E-2,1.772290663E2
2.824370208E2,2.418011584E-2,6.523974007E-4,1.584873651E-3,9.997061491E-1,1.772288927E2,1.833679136E-1,-7.034585803E-2,1.772287761E2
2.824420208E2,2.418485292E-2,6.486524944E-4,1.589319669E-3,9.997060299E-1,1.772283498E2,1.838671950E-1,-6.990365837E-2,1.772282335E2
2.824470208E2,2.418427654E-2,6.486144266E-4,1.598081668E-3,9.997060299E-1,1.772284158E2,1.848708085E-1,-6.987512010E-2,1.772282990E2
2.824520208E2,2.417432864E-2,6.556773442E-4,1.596565940E-3,9.997062683E-1,1.772295561E2,1.847160420E-1,-7.069027200E-2,1.772294380E2
2.824570208E2,2.416190360E-2,6.638009218E-4,1.594682457E-3,9.997065663E-1,1.772309803E2,1.845218898E-1,-7.162840347E-2,1.772308609E2
2.824620208E2,2.417694976E-2,6.551475963E-4,1.594414236E-3,9.997062087E-1,1.772292557E2,1.844682640E-1,-7.063506237E-2,1.772291378E2
2.824670208E2,2.417724163E-2,6.542371120E-4,1.590357162E-3,9.997062087E-1,1.772292222E2,1.840009904E-1,-7.054194597E-2,1.772291048E2
2.824720208E2,2.416964008E-2,6.586347008E-4,1.591681736E-3,9.997063875E-1,1.772300935E2,1.841643762E-1,-7.104345509E-2,1.772299752E2
2.824770208E2,2.417703863E-2,6.544448552E-4,1.593354973E-3,9.997062087E-1,1.772292455E2,1.843449757E-1,-7.055747621E-2,1.772291279E2
2.824820208E2,2.417726668E-2,6.546010845E-4,1.589826425E-3,9.997062087E-1,1.772292193E2,1.839412003E-1,-7.058510778E-2,1.772291019E2
2.824870208E2,2.419005677E-2,6.462499150E-4,1.586083439E-3,9.997059107E-1,1.772277533E2,1.834901614E-1,-6.963643797E-2,1.772276377E2
2.824920208E2,2.418741598E-2,6.470343797E-4,1.588466694E-3,9.997059703E-1,1.772280560E2,1.837651735E-1,-6.972018341E-2,1.772279401E2
2.824970208E2,2.418439036E-2,6.492037792E-4,1.596118789E-3,9.997060299E-1,1.772284028E2,1.846475860E-1,-6.994805407E-2,1.772282860E2
2.825020208E2,2.418921633E-2,6.461782614E-4,1.598878647E-3,9.997059107E-1,1.772278496E2,1.849557007E-1,-6.959291542E-2,1.772277332E2
2.825070208E2,2.419468473E-2,6.428909837E-4,1.591985114E-3,9.997057915E-1,1.772272228E2,1.841572553E-1,-6.923443335E-2,1.772271074E2
2.825120208E2,2.419229105E-2,6.440284196E-4,1.590472064E-3,9.997058511E-1,1.772274972E2,1.839869109E-1,-6.936937125E-2,1.772273817E2
2.825170208E2,2.419456924E-2,6.420615246E-4,1.594073605E-3,9.997057915E-1,1.772272360E2,1.843942012E-1,-6.913364296E-2,1.772271207E2
2.825220208E2,2.419949926E-2,6.394536467E-4,1.595047768E-3,9.997056723E-1,1.772266709E2,1.844989078E-1,-6.883127917E-2,1.772265560E2
2.825270208E2,2.419002130E-2,6.453024107E-4,1.587009872E-3,9.997059107E-1,1.772277573E2,1.835936627E-1,-6.952533222E-2,1.772276419E2
2.825320208E2,2.418519964E-2,6.497642025E-4,1.583578996E-3,9.997060299E-1,1.772283100E2,1.832126593E-1,-7.004686006E-2,1.772281940E2
2.825370208E2,2.418240450E-2,6.503845216E-4,1.588375191E-3,9.997060895E-1,1.772286304E2,1.837636263E-1,-7.010514346E-2,1.772285139E2
2.825420208E2,2.418720516E-2,6.476846174E-4,1.591409207E-3,9.997059703E-1,1.772280801E2,1.841040504E-1,-6.978655607E-2,1.772279639E2
2.825470208E2,2.418722810E-2,6.478415453E-4,1.590996515E-3,9.997059703E-1,1.772280775E2,1.840572097E-1,-6.980567306E-2,1.772279613E2
2.825520208E2,2.418963209E-2,6.452714442E-4,1.592943911E-3,9.997059107E-1,1.772278019E2,1.842733427E-1,-6.950540681E-2,1.772276861E2
2.825570208E2,2.418731150E-2,6.466915365E-4,1.590196392E-3,9.997059703E-1,1.772280679E2,1.839623671E-1,-6.967613288E-2,1.772279520E2
2.825620208E2,2.419006478E-2,6.456901901E-4,1.586189261E-3,9.997059107E-1,1.772277524E2,1.835007330E-1,-6.957202225E-2,1.772276369E2
2.825670208E2,2.419013106E-2,6.460817531E-4,1.585018472E-3,9.997059107E-1,1.772277448E2,1.833676996E-1,-6.962011226E-2,1.772276293E2
2.825720208E2,2.418515575E-2,6.492229877E-4,1.584471087E-3,9.997060299E-1,1.772283150E2,1.833133524E-1,-6.998239521E-2,1.772281990E2
2.825770208E2,2.418265486E-2,6.510640960E-4,1.584279933E-3,9.997060895E-1,1.772286017E2,1.832963817E-1,-7.019429705E-2,1.772284854E2
2.825820208E2,2.417538494E-2,6.548776873E-4,1.580822165E-3,9.997062683E-1,1.772294350E2,1.829103214E-1,-7.064208660E-2,1.772293182E2
2.825870208E2,2.418242603E-2,6.509655504E-4,1.587809296E-3,9.997060895E-1,1.772286279E2,1.837004102E-1,-7.017326918E-2,1.772285114E2
2.825920208E2,2.418961978E-2,6.464452599E-4,1.592654851E-3,9.997059107E-1,1.772278034E2,1.842434819E-1,-6.964068022E-2,1.772276873E2
2.825970208E2,2.418928279E-2,6.456570118E-4,1.598083647E-3,9.997059107E-1,1.772278420E2,1.848631865E-1,-6.953539362E-2,1.772277257E2
2.826020208E2,2.418408912E-2,6.498724688E-4,1.600405201E-3,9.997060299E-1,1.772284373E2,1.851404621E-1,-7.001283397E-2,1.772283201E2
2.826070208E2,2.418902970E-2,6.463493337E-4,1.601630705E-3,9.997059107E-1,1.772278710E2,1.852714329E-1,-6.960491899E-2,1.772277543E2
2.826120208E2,2.419398485E-2,6.418890553E-4,1.602987875E-3,9.997057915E-1,1.772273030E2,1.854148855E-1,-6.908927781E-2,1.772271871E2
2.826170208E2,2.418903988E-2,6.456901901E-4,1.601742813E-3,9.997059107E-1,1.772278698E2,1.852824492E-1,-6.952909624E-2,1.772277533E2
2.826220208E2,2.419393375E-2,6.422466249E-4,1.603615819E-3,9.997057915E-1,1.772273089E2,1.854878096E-1,-6.912850871E-2,1.772271928E2
2.826270208E2,2.419890200E-2,6.394627853E-4,1.604079851E-3,9.997056723E-1,1.772267394E2,1.855335912E-1,-6.880738935E-2,1.772266238E2
2.826320208E2,2.419639475E-2,6.413260708E-4,1.604010817E-3,9.997057319E-1,1.772270268E2,1.855306772E-1,-6.902150010E-2,1.772269109E2
2.826370208E2,2.419617324E-2,6.416234537E-4,1.607230166E-3,9.997057319E-1,1.772270522E2,1.859002895E-1,-6.904668217E-2,1.772269360E2
2.826420208E2,2.419873551E-2,6.393284420E-4,1.606643084E-3,9.997056723E-1,1.772267585E2,1.858268465E-1,-6.878492209E-2,1.772266428E2
2.826470208E2,2.419859879E-2,6.390353083E-4,1.608817372E-3,9.997056723E-1,1.772267741E2,1.860751068E-1,-6.874533726E-2,1.772266584E2
2.826520208E2,2.419841314E-2,6.401386927E-4,1.611169428E-3,9.997056723E-1,1.772267954E2,1.863476013E-1,-6.886525080E-2,1.772266793E2
2.826570208E2,2.420578966E-2,6.336224033E-4,1.613888191E-3,9.997054935E-1,1.772259499E2,1.866414891E-1,-6.810984214E-2,1.772258348E2
2.826620208E2,2.420615949E-2,6.337680970E-4,1.608274295E-3,9.997054935E-1,1.772259075E2,1.859988007E-1,-6.814203608E-2,1.772257927E2
2.826670208E2,2.420634920E-2,6.338325911E-4,1.605390920E-3,9.997054935E-1,1.772258857E2,1.856686783E-1,-6.815738745E-2,1.772257712E2
2.826720208E2,2.421148960E-2,6.306504947E-4,1.603360637E-3,9.997053742E-1,1.772252965E2,1.854276137E-1,-6.779753182E-2,1.772251827E2
2.826770208E2,2.420924568E-2,6.316922954E-4,1.599665033E-3,9.997054338E-1,1.772255537E2,1.850069903E-1,-6.792754716E-2,1.772254400E2
2.826820208E2,2.420929779E-2,6.321636611E-4,1.598689822E-3,9.997054338E-1,1.772255478E2,1.848965832E-1,-6.798424167E-2,1.772254340E2
2.826870208E2,2.420405670E-2,6.351122283E-4,1.602330478E-3,9.997055531E-1,1.772261485E2,1.853214729E-1,-6.831289446E-2,1.772260339E2
2.826920208E2,2.420141050E-2,6.381415296E-4,1.603908488E-3,9.997056127E-1,1.772264518E2,1.855104682E-1,-6.865603883E-2,1.772263366E2
2.826970208E2,2.419907816E-2,6.398501573E-4,1.601265394E-3,9.997056723E-1,1.772267192E2,1.852122586E-1,-6.885953802E-2,1.772266038E2
2.827020208E2,2.419908791E-2,6.395811797E-4,1.601225464E-3,9.997056723E-1,1.772267181E2,1.852069389E-1,-6.882883344E-2,1.772266027E2
2.827070208E2,2.419666740E-2,6.416455726E-4,1.599764568E-3,9.997057319E-1,1.772269955E2,1.850451393E-1,-6.906982518E-2,1.772268799E2
2.827120208E2,2.419913780E-2,6.388249458E-4,1.600773307E-3,9.997056723E-1,1.772267124E2,1.851530467E-1,-6.874344555E-2,1.772265972E2
2.827170208E2,2.420205724E-2,6.370854098E-4,1.594542176E-3,9.997056127E-1,1.772263777E2,1.844345955E-1,-6.856090918E-2,1.772262633E2
2.827220208E2,2.420199201E-2,6.372277858E-4,1.595475129E-3,9.997056127E-1,1.772263852E2,1.845418633E-1,-6.857464399E-2,1.772262707E2
2.827270208E2,2.419964177E-2,6.393349613E-4,1.592931920E-3,9.997056723E-1,1.772266546E2,1.842562006E-1,-6.882352418E-2,1.772265398E2
2.827320208E2,2.419232504E-2,6.439252757E-4,1.589996740E-3,9.997058511E-1,1.772274933E2,1.839321750E-1,-6.935886680E-2,1.772273779E2
2.827370208E2,2.418995506E-2,6.458521239E-4,1.587795676E-3,9.997059107E-1,1.772277649E2,1.836852023E-1,-6.958614006E-2,1.772276493E2
2.827420208E2,2.418724256E-2,6.479148869E-4,1.590746804E-3,9.997059703E-1,1.772280758E2,1.840288076E-1,-6.981476440E-2,1.772279596E2
2.827470208E2,2.418197597E-2,6.513527478E-4,1.594490954E-3,9.997060895E-1,1.772286795E2,1.844668907E-1,-7.019919239E-2,1.772285624E2
2.827520208E2,2.417947064E-2,6.525015342E-4,1.594644273E-3,9.997061491E-1,1.772289667E2,1.844874622E-1,-7.033083243E-2,1.772288494E2
2.827570208E2,2.417719492E-2,6.536262226E-4,1.591318171E-3,9.997062087E-1,1.772292276E2,1.841093859E-1,-7.046930975E-2,1.772291102E2
2.827620208E2,2.417475807E-2,6.565475487E-4,1.589691266E-3,9.997062683E-1,1.772295069E2,1.839309325E-1,-7.080892671E-2,1.772293891E2
2.827670208E2,2.417468162E-2,6.556969602E-4,1.591204200E-3,9.997062683E-1,1.772295156E2,1.841018896E-1,-7.070730777E-2,1.772293979E2
2.827720208E2,2.416963545E-2,6.594085717E-4,1.591431675E-3,9.997063875E-1,1.772300941E2,1.841378730E-1,-7.113280161E-2,1.772299757E2
2.827770208E2,2.417462538E-2,6.556844455E-4,1.592063461E-3,9.997062683E-1,1.772295221E2,1.842002864E-1,-7.070350403E-2,1.772294043E2
2.827820208E2,2.417198011E-2,6.581291091E-4,1.593791065E-3,9.997063279E-1,1.772298253E2,1.844047830E-1,-7.097926156E-2,1.772297070E2
2.827870208E2,2.416461766E-2,6.630800781E-4,1.591220149E-3,9.997065067E-1,1.772306692E2,1.841234517E-1,-7.155491190E-2,1.772305501E2
2.827920208E2,2.416479730E-2,6.628794945E-4,1.588573446E-3,9.997065067E-1,1.772306486E2,1.838197074E-1,-7.153922963E-2,1.772305298E2
2.827970208E2,2.416684463E-2,6.608841941E-4,1.595753944E-3,9.997064471E-1,1.772304140E2,1.846369131E-1,-7.129038969E-2,1.772302950E2
2.828020208E2,2.416644552E-2,6.607114337E-4,1.601857948E-3,9.997064471E-1,1.772304597E2,1.853356705E-1,-7.125376793E-2,1.772303403E2
2.828070208E2,2.416648623E-2,6.613399019E-4,1.600984251E-3,9.997064471E-1,1.772304550E2,1.852373248E-1,-7.132817603E-2,1.772303356E2
2.828120208E2,2.416158301E-2,6.654019817E-4,1.598867006E-3,9.997065663E-1,1.772310171E2,1.850056751E-1,-7.180029049E-2,1.772308970E2
2.828170208E2,2.416390799E-2,6.636761245E-4,1.601714059E-3,9.997065067E-1,1.772307506E2,1.853272162E-1,-7.159426576E-2,1.772306306E2
2.828220208E2,2.416615377E-2,6.617123727E-4,1.605841331E-3,9.997064471E-1,1.772304932E2,1.857947516E-1,-7.135745612E-2,1.772303733E2
2.828270208E2,2.417124099E-2,6.580186309E-4,1.605006866E-3,9.997063279E-1,1.772299100E2,1.856892875E-1,-7.093567462E-2,1.772297909E2
2.828320208E2,2.417350686E-2,6.564548821E-4,1.608643448E-3,9.997062683E-1,1.772296503E2,1.861017165E-1,-7.074603984E-2,1.772295312E2
2.828370208E2,2.418116446E-2,6.520137540E-4,1.606482780E-3,9.997060895E-1,1.772287726E2,1.858424283E-1,-7.024183533E-2,1.772286545E2
2.828420208E2,2.417644216E-2,6.545791402E-4,1.602325006E-3,9.997062087E-1,1.772293138E2,1.853728972E-1,-7.054811780E-2,1.772291956E2
2.828470208E2,2.417167667E-2,6.573687424E-4,1.598699368E-3,9.997063279E-1,1.772298601E2,1.849649418E-1,-7.087861553E-2,1.772297415E2
2.828520208E2,2.417429418E-2,6.554212887E-4,1.597192604E-3,9.997062683E-1,1.772295601E2,1.847871197E-1,-7.065920913E-2,1.772294420E2
2.828570208E2,2.417142429E-2,6.581758498E-4,1.602179371E-3,9.997063279E-1,1.772298890E2,1.853658230E-1,-7.096148331E-2,1.772297701E2
2.828620208E2,2.416877517E-2,6.598202162E-4,1.604274381E-3,9.997063875E-1,1.772301927E2,1.856101904E-1,-7.114454729E-2,1.772300733E2
2.828670208E2,2.416912862E-2,6.595734158E-4,1.599042444E-3,9.997063875E-1,1.772301522E2,1.850101701E-1,-7.113069961E-2,1.772300332E2
2.828720208E2,2.417381236E-2,6.558266468E-4,1.604303019E-3,9.997062683E-1,1.772296153E2,1.856027656E-1,-7.068603765E-2,1.772294966E2
2.828770208E2,2.417379477E-2,6.568664103E-4,1.604142599E-3,9.997062683E-1,1.772296173E2,1.855872675E-1,-7.080559847E-2,1.772294985E2
2.828820208E2,2.416394738E-2,6.624296075E-4,1.601635944E-3,9.997065067E-1,1.772307461E2,1.853148183E-1,-7.145167630E-2,1.772306263E2
2.828870208E2,2.416164744E-2,6.649781717E-4,1.598069444E-3,9.997065663E-1,1.772310097E2,1.849131389E-1,-7.175393608E-2,1.772308898E2
2.828920208E2,2.415914055E-2,6.658881903E-4,1.598304021E-3,9.997066259E-1,1.772312970E2,1.849423513E-1,-7.185800022E-2,1.772311769E2
2.828970208E2,2.415871363E-2,6.664546090E-4,1.604508841E-3,9.997066259E-1,1.772313460E2,1.856547027E-1,-7.190578888E-2,1.772312253E2
2.829020208E2,2.415868714E-2,6.662402884E-4,1.604996738E-3,9.997066259E-1,1.772313490E2,1.857100000E-1,-7.187989092E-2,1.772312283E2
2.829070208E2,2.416109884E-2,6.641192595E-4,1.606697682E-3,9.997065663E-1,1.772310726E2,1.858991576E-1,-7.163175259E-2,1.772309522E2
2.829120208E2,2.416602486E-2,6.620470085E-4,1.607642393E-3,9.997064471E-1,1.772305079E2,1.860019957E-1,-7.139082751E-2,1.772303879E2
2.829170208E2,2.416329259E-2,6.638839259E-4,1.610885723E-3,9.997065067E-1,1.772308211E2,1.863784380E-1,-7.159278849E-2,1.772307005E2
2.829220208E2,2.416336235E-2,6.638403866E-4,1.609856961E-3,9.997065067E-1,1.772308131E2,1.862604692E-1,-7.159063639E-2,1.772306926E2
2.829270208E2,2.416848807E-2,6.603036309E-4,1.608395367E-3,9.997063875E-1,1.772302256E2,1.860836021E-1,-7.118856598E-2,1.772301058E2
2.829320208E2,2.416345274E-2,6.632205332E-4,1.608755323E-3,9.997065067E-1,1.772308028E2,1.861325573E-1,-7.152266090E-2,1.772306824E2
2.829370208E2,2.415844377E-2,6.665976834E-4,1.608507708E-3,9.997066259E-1,1.772313769E2,1.861131829E-1,-7.191115854E-2,1.772312559E2
2.829420208E2,2.415345109E-2,6.698945072E-4,1.608026098E-3,9.997067451E-1,1.772319492E2,1.860667774E-1,-7.229109858E-2,1.772318276E2
2.829470208E2,2.415872679E-2,6.655961624E-4,1.604667050E-3,9.997066259E-1,1.772313445E2,1.856704509E-1,-7.180700653E-2,1.772312239E2
2.829520208E2,2.415840042E-2,6.663359818E-4,1.609266968E-3,9.997066259E-1,1.772313819E2,1.861994348E-1,-7.187908460E-2,1.772312609E2
2.829570208E2,2.415081141E-2,6.715016789E-4,1.609945903E-3,9.997068048E-1,1.772322518E2,1.862909646E-1,-7.247039100E-2,1.772321297E2
2.829620208E2,2.415362627E-2,6.695636548E-4,1.605530619E-3,9.997067451E-1,1.772319291E2,1.857799963E-1,-7.226007149E-2,1.772318078E2
2.829670208E2,2.416113166E-2,6.652099546E-4,1.605752739E-3,9.997065663E-1,1.772310688E2,1.857939290E-1,-7.175931066E-2,1.772309483E2
2.829720208E2,2.415129184E-2,6.719709490E-4,1.602525939E-3,9.997068048E-1,1.772321967E2,1.854422795E-1,-7.254459606E-2,1.772320751E2
2.829770208E2,2.415666282E-2,6.671183510E-4,1.597959665E-3,9.997066855E-1,1.772315811E2,1.849061300E-1,-7.200033660E-2,1.772314607E2
2.829820208E2,2.415931994E-2,6.661515217E-4,1.595480251E-3,9.997066259E-1,1.772312765E2,1.846196070E-1,-7.189595158E-2,1.772311565E2
2.829870208E2,2.415674297E-2,6.686017150E-4,1.596127055E-3,9.997066855E-1,1.772315719E2,1.847003018E-1,-7.217532615E-2,1.772314514E2
2.829920208E2,2.415162343E-2,6.720986567E-4,1.597466995E-3,9.997068048E-1,1.772321587E2,1.848631128E-1,-7.257316610E-2,1.772320375E2
2.829970208E2,2.414900596E-2,6.728158914E-4,1.599433483E-3,9.997068644E-1,1.772324587E2,1.850901854E-1,-7.265037306E-2,1.772323372E2
2.830020208E2,2.414662848E-2,6.745243445E-4,1.597351860E-3,9.997069240E-1,1.772327312E2,1.848562733E-1,-7.285229033E-2,1.772326096E2
2.830070208E2,2.413656284E-2,6.823542062E-4,1.596938586E-3,9.997071624E-1,1.772338850E2,1.848298548E-1,-7.375226831E-2,1.772337619E2
2.830120208E2,2.413661272E-2,6.810569321E-4,1.596738468E-3,9.997071624E-1,1.772338793E2,1.848033447E-1,-7.360419943E-2,1.772337564E2
2.830170208E2,2.413635669E-2,6.815153756E-4,1.600408810E-3,9.997071624E-1,1.772339086E2,1.852250625E-1,-7.364661317E-2,1.772337854E2
2.830220208E2,2.414165398E-2,6.782459095E-4,1.596358372E-3,9.997070432E-1,1.772333014E2,1.847523952E-1,-7.328229386E-2,1.772331791E2
2.830270208E2,2.413165268E-2,6.850674981E-4,1.595355221E-3,9.997072816E-1,1.772344478E2,1.846556088E-1,-7.406838423E-2,1.772343243E2
2.830320208E2,2.414180740E-2,6.785535370E-4,1.593905617E-3,9.997070432E-1,1.772332839E2,1.844722740E-1,-7.332429243E-2,1.772331617E2
2.830370208E2,2.414196272E-2,6.783077843E-4,1.591656124E-3,9.997070432E-1,1.772332661E2,1.842139072E-1,-7.330233425E-2,1.772331441E2
2.830420208E2,2.413691032E-2,6.809318438E-4,1.592286979E-3,9.997071624E-1,1.772338452E2,1.842930652E-1,-7.360212742E-2,1.772337227E2
2.830470208E2,2.413154727E-2,6.842585281E-4,1.597295748E-3,9.997072816E-1,1.772344599E2,1.848756674E-1,-7.397036333E-2,1.772343364E2
2.830520208E2,2.412135183E-2,6.910362863E-4,1.599154202E-3,9.997075200E-1,1.772356286E2,1.851065515E-1,-7.474355857E-2,1.772355036E2
2.830570208E2,2.410904873E-2,6.997004966E-4,1.594602014E-3,9.997078180E-1,1.772370388E2,1.846080798E-1,-7.575096916E-2,1.772369126E2
2.830620208E2,2.411903032E-2,6.926239002E-4,1.596218441E-3,9.997075796E-1,1.772358947E2,1.847744502E-1,-7.493397680E-2,1.772357697E2
2.830670208E2,2.413661964E-2,6.823035073E-4,1.596101443E-3,9.997071624E-1,1.772338785E2,1.847338170E-1,-7.374876537E-2,1.772337554E2
2.830720208E2,2.413171636E-2,6.847251789E-4,1.594538800E-3,9.997072816E-1,1.772344405E2,1.845611390E-1,-7.403141478E-2,1.772343171E2
2.830770208E2,2.412493952E-2,6.896232953E-4,1.582822413E-3,9.997074604E-1,1.772352173E2,1.832319690E-1,-7.462617631E-2,1.772350939E2
2.830820208E2,2.413730319E-2,6.808008766E-4,1.586376573E-3,9.997071624E-1,1.772338001E2,1.836156453E-1,-7.360340017E-2,1.772336781E2
2.830870208E2,2.414217534E-2,6.777137751E-4,1.588681247E-3,9.997070432E-1,1.772332417E2,1.838714822E-1,-7.324247689E-2,1.772331200E2
2.830920208E2,2.412733027E-2,6.874625687E-4,1.584966085E-3,9.997074008E-1,1.772349433E2,1.834717484E-1,-7.437228237E-2,1.772348201E2
2.830970208E2,2.413502088E-2,6.837502588E-4,1.582265482E-3,9.997072220E-1,1.772340618E2,1.831526754E-1,-7.395306527E-2,1.772339394E2
2.831020208E2,2.413731063E-2,6.805797457E-4,1.586358179E-3,9.997071624E-1,1.772337993E2,1.836129270E-1,-7.357811736E-2,1.772336773E2
2.831070208E2,2.412973886E-2,6.856315304E-4,1.586686703E-3,9.997073412E-1,1.772346672E2,1.836639752E-1,-7.415732228E-2,1.772345442E2
2.831120208E2,2.412757155E-2,6.883947644E-4,1.580883283E-3,9.997074008E-1,1.772349156E2,1.830066247E-1,-7.449031735E-2,1.772347926E2
2.831170208E2,2.413240794E-2,6.853177911E-4,1.583781326E-3,9.997072816E-1,1.772343613E2,1.833304702E-1,-7.412892537E-2,1.772342386E2
2.831220208E2,2.412726933E-2,6.886474439E-4,1.585379359E-3,9.997074008E-1,1.772349503E2,1.835223642E-1,-7.450688790E-2,1.772348268E2
2.831270208E2,2.412503455E-2,6.898414576E-4,1.581278048E-3,9.997074604E-1,1.772352064E2,1.830556592E-1,-7.465542078E-2,1.772350831E2
2.831320208E2,2.413813122E-2,6.806954625E-4,1.573772752E-3,9.997071624E-1,1.772337052E2,1.821715413E-1,-7.362603614E-2,1.772335841E2
2.831370208E2,2.414816865E-2,6.745891296E-4,1.573869027E-3,9.997069240E-1,1.772325547E2,1.821664102E-1,-7.292441127E-2,1.772324347E2
2.831420208E2,2.414836944E-2,6.736494252E-4,1.571188448E-3,9.997069240E-1,1.772325317E2,1.818567414E-1,-7.282414203E-2,1.772324121E2
2.831470208E2,2.415626257E-2,6.686308770E-4,1.565764192E-3,9.997067451E-1,1.772316269E2,1.812220291E-1,-7.226280695E-2,1.772315086E2
2.831520208E2,2.416606993E-2,6.623310619E-4,1.569326385E-3,9.997065067E-1,1.772305028E2,1.816133688E-1,-7.152947015E-2,1.772303854E2
2.831570208E2,2.415338985E-2,6.703278632E-4,1.571289613E-3,9.997068048E-1,1.772319562E2,1.818595019E-1,-7.244243725E-2,1.772318372E2
2.831620208E2,2.414849088E-2,6.736094947E-4,1.569338026E-3,9.997069240E-1,1.772325178E2,1.816446585E-1,-7.282466632E-2,1.772323983E2
2.831670208E2,2.415115550E-2,6.720147794E-4,1.566984924E-3,9.997068644E-1,1.772322123E2,1.813708710E-1,-7.264800731E-2,1.772320933E2
2.831720208E2,2.413825517E-2,6.804895238E-4,1.571959583E-3,9.997071624E-1,1.772336910E2,1.819632670E-1,-7.360743714E-2,1.772335701E2
2.831770208E2,2.413575444E-2,6.824589800E-4,1.571597531E-3,9.997072220E-1,1.772339777E2,1.819270546E-1,-7.383451077E-2,1.772338564E2
2.831820208E2,2.413606665E-2,6.818089169E-4,1.567078405E-3,9.997072220E-1,1.772339419E2,1.814075757E-1,-7.377248350E-2,1.772338211E2
2.831870208E2,2.413348856E-2,6.835656823E-4,1.567993895E-3,9.997072816E-1,1.772342374E2,1.815171214E-1,-7.397167106E-2,1.772341162E2
2.831920208E2,2.413090825E-2,6.852624938E-4,1.568963053E-3,9.997073412E-1,1.772345332E2,1.816326483E-1,-7.416384298E-2,1.772344116E2
2.831970208E2,2.413309306E-2,6.845013122E-4,1.573662623E-3,9.997072816E-1,1.772342827E2,1.821690803E-1,-7.406324953E-2,1.772341609E2
2.832020208E2,2.413069201E-2,6.857543485E-4,1.572070876E-3,9.997073412E-1,1.772345580E2,1.819900198E-1,-7.421163413E-2,1.772344360E2
2.832070208E2,2.413051444E-2,6.863111630E-4,1.574551454E-3,9.997073412E-1,1.772345783E2,1.822757175E-1,-7.426859455E-2,1.772344561E2
2.832120208E2,2.413338191E-2,6.849573110E-4,1.569027663E-3,9.997072816E-1,1.772342496E2,1.816393894E-1,-7.412825372E-2,1.772341281E2
2.832170208E2,2.413071742E-2,6.857470144E-4,1.571683912E-3,9.997073412E-1,1.772345550E2,1.819456713E-1,-7.421185939E-2,1.772344331E2
2.832220208E2,2.412788929E-2,6.882279413E-4,1.576099312E-3,9.997074008E-1,1.772348792E2,1.824581429E-1,-7.448437582E-2,1.772347565E2
2.832270208E2,2.412039515E-2,6.932265824E-4,1.575195114E-3,9.997075796E-1,1.772357382E2,1.823678191E-1,-7.506087769E-2,1.772356147E2
2.832320208E2,2.412279215E-2,6.908834330E-4,1.577345305E-3,9.997075200E-1,1.772354635E2,1.826078437E-1,-7.478606974E-2,1.772353402E2
2.832370208E2,2.412520183E-2,6.891256198E-4,1.579036471E-3,9.997074604E-1,1.772351873E2,1.827969010E-1,-7.457958237E-2,1.772350642E2
2.832420208E2,2.412243558E-2,6.919414154E-4,1.582326833E-3,9.997075200E-1,1.772355043E2,1.831814179E-1,-7.489356460E-2,1.772353805E2
2.832470208E2,2.412240811E-2,6.916319253E-4,1.582880737E-3,9.997075200E-1,1.772355075E2,1.832440146E-1,-7.485658385E-2,1.772353837E2
2.832520208E2,2.413274679E-2,6.852939841E-4,1.578620169E-3,9.997072816E-1,1.772343224E2,1.827391756E-1,-7.414040932E-2,1.772342001E2
2.832570208E2,2.413022912E-2,6.865015603E-4,1.578835305E-3,9.997073412E-1,1.772346110E2,1.827669740E-1,-7.427861221E-2,1.772344884E2
2.832620208E2,2.413806242E-2,6.814323715E-4,1.574508846E-3,9.997071624E-1,1.772337131E2,1.822579005E-1,-7.370843138E-2,1.772335918E2
2.832670208E2,2.415098023E-2,6.730060559E-4,1.569259097E-3,9.997068644E-1,1.772322324E2,1.816341275E-1,-7.275530371E-2,1.772321131E2
2.832720208E2,2.415057682E-2,6.730061141E-4,1.575455302E-3,9.997068644E-1,1.772322787E2,1.823439254E-1,-7.273823520E-2,1.772321589E2
2.832770208E2,2.415068510E-2,6.717818906E-4,1.574317575E-3,9.997068644E-1,1.772322662E2,1.822102087E-1,-7.260111961E-2,1.772321468E2
2.832820208E2,2.415854857E-2,6.671946030E-4,1.569159911E-3,9.997066855E-1,1.772313649E2,1.816072255E-1,-7.208845489E-2,1.772312466E2
2.832870208E2,2.417101294E-2,6.590733537E-4,1.570511959E-3,9.997063875E-1,1.772299362E2,1.817405155E-1,-7.115209186E-2,1.772298193E2
2.832920208E2,2.416336613E-2,6.643359666E-4,1.572140027E-3,9.997065663E-1,1.772308127E2,1.819410536E-1,-7.175184807E-2,1.772306947E2
2.832970208E2,2.415841776E-2,6.671061274E-4,1.571210101E-3,9.997066855E-1,1.772313799E2,1.818418374E-1,-7.207266716E-2,1.772312615E2
2.833020208E2,2.416619161E-2,6.620356580E-4,1.567576313E-3,9.997065067E-1,1.772304888E2,1.814120742E-1,-7.150045376E-2,1.772303716E2
2.833070208E2,2.416093842E-2,6.650620489E-4,1.571242232E-3,9.997066259E-1,1.772310910E2,1.818400400E-1,-7.183795421E-2,1.772309729E2
2.833120208E2,2.415832078E-2,6.678228383E-4,1.572396373E-3,9.997066855E-1,1.772313910E2,1.819797121E-1,-7.215150562E-2,1.772312724E2
2.833170208E2,2.416121953E-2,6.653224118E-4,1.566803083E-3,9.997066259E-1,1.772310587E2,1.813322397E-1,-7.188002081E-2,1.772309410E2
2.833220208E2,2.415613959E-2,6.693706964E-4,1.567344647E-3,9.997067451E-1,1.772316410E2,1.814051225E-1,-7.234320644E-2,1.772315225E2
2.833270208E2,2.415582163E-2,6.691712770E-4,1.572322333E-3,9.997067451E-1,1.772316775E2,1.819747829E-1,-7.230663993E-2,1.772315586E2
2.833320208E2,2.414836646E-2,6.738642696E-4,1.571142115E-3,9.997069240E-1,1.772325320E2,1.818520279E-1,-7.284888295E-2,1.772324124E2
2.833370208E2,2.415384488E-2,6.714542978E-4,1.563796191E-3,9.997068048E-1,1.772319041E2,1.810042191E-1,-7.259213799E-2,1.772317854E2
2.833420208E2,2.415089418E-2,6.732711336E-4,1.570469234E-3,9.997068644E-1,1.772322423E2,1.817734863E-1,-7.278233693E-2,1.772321228E2
2.833470208E2,2.414815780E-2,6.746824947E-4,1.573995454E-3,9.997069240E-1,1.772325559E2,1.821811510E-1,-7.293475910E-2,1.772324359E2
2.833520208E2,2.415618072E-2,6.688252324E-4,1.566943596E-3,9.997067451E-1,1.772316363E2,1.813576717E-1,-7.228182191E-2,1.772315179E2
2.833570208E2,2.414869995E-2,6.733068149E-4,1.566247665E-3,9.997069240E-1,1.772324938E2,1.812898093E-1,-7.279850608E-2,1.772323746E2
2.833620208E2,2.414111387E-2,6.797498791E-4,1.566276187E-3,9.997071028E-1,1.772333634E2,1.813103505E-1,-7.353790763E-2,1.772332430E2
2.833670208E2,2.415383418E-2,6.711200112E-4,1.564104925E-3,9.997068048E-1,1.772319053E2,1.810386610E-1,-7.255299016E-2,1.772317867E2
2.833720208E2,2.415399922E-2,6.713006878E-4,1.561476500E-3,9.997068048E-1,1.772318864E2,1.807380651E-1,-7.258093362E-2,1.772317679E2
2.833770208E2,2.415138361E-2,6.725562853E-4,1.563232276E-3,9.997068644E-1,1.772321862E2,1.809424893E-1,-7.272038584E-2,1.772320673E2
2.833820208E2,2.415874905E-2,6.673448370E-4,1.566006336E-3,9.997066855E-1,1.772313419E2,1.812463877E-1,-7.211435968E-2,1.772312238E2
2.833870208E2,2.417168243E-2,6.581667112E-4,1.560556702E-3,9.997063875E-1,1.772298594E2,1.805975945E-1,-7.107568301E-2,1.772297434E2
2.833920208E2,2.415940244E-2,6.674439646E-4,1.555851079E-3,9.997066855E-1,1.772312670E2,1.800833400E-1,-7.215371278E-2,1.772311497E2
2.833970208E2,2.416224723E-2,6.656493642E-4,1.550733577E-3,9.997066259E-1,1.772309409E2,1.794923236E-1,-7.196178443E-2,1.772308243E2
2.834020208E2,2.416936129E-2,6.605952512E-4,1.557294629E-3,9.997064471E-1,1.772301255E2,1.802304588E-1,-7.136334596E-2,1.772300093E2
2.834070208E2,2.416922382E-2,6.605726667E-4,1.559436205E-3,9.997064471E-1,1.772301412E2,1.804757218E-1,-7.135485196E-2,1.772300249E2
2.834120208E2,2.415961712E-2,6.664587418E-4,1.552937203E-3,9.997066855E-1,1.772312424E2,1.797468190E-1,-7.204887634E-2,1.772311254E2
2.834170208E2,2.417001289E-2,6.598807522E-4,1.547453459E-3,9.997064471E-1,1.772300508E2,1.791011387E-1,-7.130863500E-2,1.772299354E2
2.834220208E2,2.417003720E-2,6.598458858E-4,1.547088497E-3,9.997064471E-1,1.772300480E2,1.790592344E-1,-7.130564729E-2,1.772299327E2
2.834270208E2,2.416254177E-2,6.654197932E-4,1.546236221E-3,9.997066259E-1,1.772309072E2,1.789764995E-1,-7.194788529E-2,1.772307909E2
2.834320208E2,2.416795521E-2,6.624633679E-4,1.539963181E-3,9.997065067E-1,1.772302867E2,1.782500718E-1,-7.162560763E-2,1.772301714E2
2.834370208E2,2.416532350E-2,6.636756007E-4,1.542045386E-3,9.997065663E-1,1.772305883E2,1.784917743E-1,-7.175918163E-2,1.772304726E2
2.834420208E2,2.416023288E-2,6.672256277E-4,1.542996382E-3,9.997066855E-1,1.772311718E2,1.786101831E-1,-7.216414148E-2,1.772310554E2
2.834470208E2,2.415014007E-2,6.742166588E-4,1.543486142E-3,9.997069240E-1,1.772323287E2,1.786849100E-1,-7.296546791E-2,1.772322110E2
2.834520208E2,2.415275149E-2,6.712714094E-4,1.542513375E-3,9.997068644E-1,1.772320294E2,1.785655095E-1,-7.263029169E-2,1.772319123E2
2.834570208E2,2.415505934E-2,6.696493947E-4,1.545706880E-3,9.997068048E-1,1.772317649E2,1.789270295E-1,-7.243522481E-2,1.772316478E2
2.834620208E2,2.415273775E-2,6.724323612E-4,1.542222803E-3,9.997068644E-1,1.772320310E2,1.785354346E-1,-7.276409472E-2,1.772319137E2
2.834670208E2,2.415782438E-2,6.682025851E-4,1.541665639E-3,9.997067451E-1,1.772314479E2,1.784602664E-1,-7.228017410E-2,1.772313314E2
2.834720208E2,2.415762989E-2,6.688490394E-4,1.544430386E-3,9.997067451E-1,1.772314702E2,1.787787669E-1,-7.234661145E-2,1.772313534E2
2.834770208E2,2.415207006E-2,6.723079714E-4,1.552698086E-3,9.997068644E-1,1.772321075E2,1.797350727E-1,-7.272097121E-2,1.772319895E2
2.834820208E2,2.415226250E-2,6.727037835E-4,1.549529959E-3,9.997068644E-1,1.772320854E2,1.793732470E-1,-7.277504869E-2,1.772319676E2
2.834870208E2,2.415206989E-2,6.724488921E-4,1.552639646E-3,9.997068644E-1,1.772321075E2,1.797287679E-1,-7.273727658E-2,1.772319895E2
2.834920208E2,2.415176821E-2,6.721005193E-4,1.557475771E-3,9.997068644E-1,1.772321421E2,1.802818002E-1,-7.268403693E-2,1.772320238E2
2.834970208E2,2.414155429E-2,6.788421306E-4,1.559868571E-3,9.997071028E-1,1.772333129E2,1.805738254E-1,-7.345156481E-2,1.772331931E2
2.835020208E2,2.415196061E-2,6.724292762E-4,1.554347109E-3,9.997068644E-1,1.772321200E2,1.799243098E-1,-7.273032326E-2,1.772320019E2
2.835070208E2,2.415424485E-2,6.705713458E-4,1.557986368E-3,9.997068048E-1,1.772318582E2,1.803362403E-1,-7.250699791E-2,1.772317401E2
2.835120208E2,2.415138495E-2,6.726497086E-4,1.563171390E-3,9.997068644E-1,1.772321860E2,1.809357731E-1,-7.273125649E-2,1.772320672E2
2.835170208E2,2.414649117E-2,6.758389645E-4,1.561158104E-3,9.997069836E-1,1.772327470E2,1.807136040E-1,-7.310306804E-2,1.772326277E2
2.835220208E2,2.414894305E-2,6.734119961E-4,1.562449732E-3,9.997069240E-1,1.772324659E2,1.808550332E-1,-7.282102170E-2,1.772323470E2
2.835270208E2,2.414657756E-2,6.749816821E-4,1.560192439E-3,9.997069836E-1,1.772327371E2,1.806006130E-1,-7.300751595E-2,1.772326180E2
2.835320208E2,2.415903841E-2,6.672016461E-4,1.561597106E-3,9.997066855E-1,1.772313088E2,1.807408981E-1,-7.211011071E-2,1.772311910E2
2.835370208E2,2.416929076E-2,6.602949579E-4,1.558516175E-3,9.997064471E-1,1.772301336E2,1.803695602E-1,-7.132557435E-2,1.772300173E2
2.835420208E2,2.415160698E-2,6.726814318E-4,1.559723518E-3,9.997068644E-1,1.772321606E2,1.805408945E-1,-7.274439310E-2,1.772320420E2
2.835470208E2,2.414689870E-2,6.763269193E-4,1.554629882E-3,9.997069836E-1,1.772327003E2,1.799671218E-1,-7.317695811E-2,1.772325814E2
2.835520208E2,2.415713768E-2,6.679287180E-4,1.552506466E-3,9.997067451E-1,1.772315266E2,1.797013655E-1,-7.221891209E-2,1.772314094E2
2.835570208E2,2.415426118E-2,6.711995811E-4,1.557462616E-3,9.997068048E-1,1.772318563E2,1.802779804E-1,-7.258041409E-2,1.772317382E2
2.835620208E2,2.413901462E-2,6.807038444E-4,1.560160541E-3,9.997071624E-1,1.772336040E2,1.806122367E-1,-7.366449018E-2,1.772334839E2
2.835670208E2,2.415175289E-2,6.724926061E-4,1.557544107E-3,9.997068644E-1,1.772321439E2,1.802907127E-1,-7.272876724E-2,1.772320254E2
2.835720208E2,2.416457698E-2,6.632744335E-4,1.553871087E-3,9.997065663E-1,1.772306739E2,1.798453419E-1,-7.168061056E-2,1.772305574E2
2.835770208E2,2.415988379E-2,6.672582240E-4,1.548438566E-3,9.997066855E-1,1.772312118E2,1.792336955E-1,-7.215287057E-2,1.772310951E2
2.835820208E2,2.416253846E-2,6.656180485E-4,1.546202577E-3,9.997066259E-1,1.772309076E2,1.789731941E-1,-7.197069076E-2,1.772307912E2
2.835870208E2,2.416236341E-2,6.652481388E-4,1.549094683E-3,9.997066259E-1,1.772309276E2,1.793034719E-1,-7.192033798E-2,1.772308112E2
2.835920208E2,2.415215474E-2,6.728458102E-4,1.551147085E-3,9.997068644E-1,1.772320978E2,1.795588875E-1,-7.278686251E-2,1.772319798E2
2.835970208E2,2.414232221E-2,6.785600563E-4,1.548061613E-3,9.997071028E-1,1.772332248E2,1.792205155E-1,-7.345177771E-2,1.772331060E2
2.836020208E2,2.414704552E-2,6.762476405E-4,1.552382251E-3,9.997069836E-1,1.772326834E2,1.797094283E-1,-7.317406923E-2,1.772325647E2
2.836070208E2,2.414411391E-2,6.776389200E-4,1.558975084E-3,9.997070432E-1,1.772330195E2,1.804683276E-1,-7.331573718E-2,1.772329000E2
2.836120208E2,2.413662510E-2,6.817590329E-4,1.558475196E-3,9.997072220E-1,1.772338779E2,1.804219092E-1,-7.379046384E-2,1.772337577E2
2.836170208E2,2.414168950E-2,6.786659942E-4,1.557851327E-3,9.997071028E-1,1.772332974E2,1.803422557E-1,-7.343694338E-2,1.772331778E2
2.836220208E2,2.413936065E-2,6.803856813E-4,1.554936753E-3,9.997071624E-1,1.772335643E2,1.800129533E-1,-7.364243004E-2,1.772334446E2
2.836270208E2,2.413943063E-2,6.806470919E-4,1.553735463E-3,9.997071624E-1,1.772335563E2,1.798760639E-1,-7.367568725E-2,1.772334367E2
2.836320208E2,2.414428659E-2,6.769829779E-4,1.556583913E-3,9.997070432E-1,1.772329997E2,1.801925966E-1,-7.324717859E-2,1.772328805E2
2.836370208E2,2.414199914E-2,6.791760097E-4,1.552822418E-3,9.997071028E-1,1.772332619E2,1.797675860E-1,-7.350922684E-2,1.772331426E2
2.836420208E2,2.414203529E-2,6.786164013E-4,1.552505069E-3,9.997071028E-1,1.772332577E2,1.797296854E-1,-7.344599067E-2,1.772331386E2
2.836470208E2,2.413921247E-2,6.806576857E-4,1.557116630E-3,9.997071624E-1,1.772335813E2,1.802634181E-1,-7.366758688E-2,1.772334614E2
2.836520208E2,2.414195808E-2,6.795173394E-4,1.553311478E-3,9.997071028E-1,1.772332666E2,1.798245534E-1,-7.354698326E-2,1.772331472E2
2.836570208E2,2.413970430E-2,6.800277624E-4,1.549749752E-3,9.997071624E-1,1.772335249E2,1.794177740E-1,-7.361571463E-2,1.772334057E2
2.836620208E2,2.413940920E-2,6.813425571E-4,1.553763635E-3,9.997071624E-1,1.772335587E2,1.798812137E-1,-7.375528430E-2,1.772334390E2
2.836670208E2,2.414171581E-2,6.785168080E-4,1.557508484E-3,9.997071028E-1,1.772332944E2,1.803025693E-1,-7.342079664E-2,1.772331748E2
2.836720208E2,2.413400849E-2,6.833808147E-4,1.560051925E-3,9.997072816E-1,1.772341778E2,1.806068293E-1,-7.397236353E-2,1.772340572E2
2.836770208E2,2.412421161E-2,6.902794703E-4,1.555753173E-3,9.997075200E-1,1.772353008E2,1.801327195E-1,-7.477631434E-2,1.772351792E2
2.836820208E2,2.413196655E-2,6.851687212E-4,1.552641857E-3,9.997073412E-1,1.772344119E2,1.797627375E-1,-7.419804366E-2,1.772342915E2
2.836870208E2,2.413949782E-2,6.813684595E-4,1.552374801E-3,9.997071624E-1,1.772335486E2,1.797221893E-1,-7.376207763E-2,1.772334289E2
2.836920208E2,2.412931468E-2,6.879572757E-4,1.554244431E-3,9.997074008E-1,1.772347158E2,1.799538403E-1,-7.451354058E-2,1.772345948E2
2.836970208E2,2.412150272E-2,6.923670298E-4,1.558524789E-3,9.997075796E-1,1.772356113E2,1.804557999E-1,-7.500828785E-2,1.772354891E2
2.837020208E2,2.412912314E-2,6.880828878E-4,1.557159703E-3,9.997074008E-1,1.772347378E2,1.802881424E-1,-7.451990387E-2,1.772346165E2
2.837070208E2,2.412884858E-2,6.880151341E-4,1.561438316E-3,9.997074008E-1,1.772347693E2,1.807780855E-1,-7.450036091E-2,1.772346477E2
2.837120208E2,2.412383320E-2,6.908969372E-4,1.561336801E-3,9.997075200E-1,1.772353441E2,1.807740499E-1,-7.483168233E-2,1.772352221E2
2.837170208E2,2.413418825E-2,6.838847185E-4,1.557047246E-3,9.997072816E-1,1.772341572E2,1.802640251E-1,-7.403836732E-2,1.772340367E2
2.837220208E2,2.413184101E-2,6.859065033E-4,1.554266433E-3,9.997073412E-1,1.772344263E2,1.799508774E-1,-7.427809247E-2,1.772343056E2
2.837270208E2,2.411670205E-2,6.964452332E-4,1.554529648E-3,9.997076988E-1,1.772361616E2,1.800090344E-1,-7.548738702E-2,1.772360390E2
2.837320208E2,2.411963378E-2,6.936478312E-4,1.548615401E-3,9.997076392E-1,1.772358255E2,1.793239961E-1,-7.518274125E-2,1.772357039E2
2.837370208E2,2.412232106E-2,6.920968299E-4,1.545928069E-3,9.997075796E-1,1.772355175E2,1.790120539E-1,-7.501200816E-2,1.772353963E2
2.837420208E2,2.412218952E-2,6.928791991E-4,1.547629130E-3,9.997075796E-1,1.772355326E2,1.792090778E-1,-7.509695615E-2,1.772354111E2
2.837470208E2,2.412231342E-2,6.916060811E-4,1.546266838E-3,9.997075796E-1,1.772355184E2,1.790495054E-1,-7.495485381E-2,1.772353973E2
2.837520208E2,2.412765496E-2,6.880682195E-4,1.541571226E-3,9.997074604E-1,1.772349061E2,1.785022012E-1,-7.456158963E-2,1.772347860E2
2.837570208E2,2.412260576E-2,6.928094663E-4,1.541159116E-3,9.997075796E-1,1.772354848E2,1.784677216E-1,-7.510677861E-2,1.772353639E2
2.837620208E2,2.411776771E-2,6.953986012E-4,1.538381446E-3,9.997076988E-1,1.772360394E2,1.781563092E-1,-7.541192566E-2,1.772359182E2
2.837670208E2,2.411763281E-2,6.962023326E-4,1.540131867E-3,9.997076988E-1,1.772360549E2,1.783590460E-1,-7.549918583E-2,1.772359334E2
2.837720208E2,2.411759170E-2,6.949285744E-4,1.541350386E-3,9.997076988E-1,1.772360596E2,1.784951139E-1,-7.534990609E-2,1.772359383E2
2.837770208E2,2.411948976E-2,6.943754852E-4,1.550531131E-3,9.997076392E-1,1.772358420E2,1.795454598E-1,-7.526083063E-2,1.772357201E2
2.837820208E2,2.411164696E-2,6.990471738E-4,1.555114402E-3,9.997078180E-1,1.772367410E2,1.800828314E-1,-7.578475494E-2,1.772366179E2
2.837870208E2,2.411662027E-2,6.962817279E-4,1.555870986E-3,9.997076988E-1,1.772361709E2,1.801622379E-1,-7.546496385E-2,1.772360483E2
2.837920208E2,2.411919492E-2,6.950399256E-4,1.554813934E-3,9.997076392E-1,1.772358758E2,1.800379055E-1,-7.532516303E-2,1.772357535E2
2.837970208E2,2.412927487E-2,6.868680357E-4,1.555343857E-3,9.997074008E-1,1.772347204E2,1.800767737E-1,-7.438572646E-2,1.772345995E2
2.838020208E2,2.413149740E-2,6.862086011E-4,1.559459371E-3,9.997073412E-1,1.772344656E2,1.805465821E-1,-7.429840156E-2,1.772343446E2
2.838070208E2,2.412416415E-2,6.910384400E-4,1.556152012E-3,9.997075200E-1,1.772353062E2,1.801805047E-1,-7.486216639E-2,1.772351845E2
2.838120208E2,2.412427817E-2,6.903533358E-4,1.554687857E-3,9.997075200E-1,1.772352931E2,1.800108877E-1,-7.478770937E-2,1.772351717E2
2.838170208E2,2.413410423E-2,6.848697667E-4,1.557916286E-3,9.997072816E-1,1.772341668E2,1.803662994E-1,-7.414882419E-2,1.772340461E2
2.838220208E2,2.413408988E-2,6.849164492E-4,1.558118034E-3,9.997072816E-1,1.772341685E2,1.803895393E-1,-7.415361667E-2,1.772340477E2
2.838270208E2,2.413668945E-2,6.828712649E-4,1.556990901E-3,9.997072220E-1,1.772338705E2,1.802549521E-1,-7.392197289E-2,1.772337502E2
2.838320208E2,2.413679357E-2,6.816555397E-4,1.555909170E-3,9.997072220E-1,1.772338586E2,1.801276755E-1,-7.378567508E-2,1.772337386E2
2.838370208E2,2.413636137E-2,6.824673619E-4,1.562244957E-3,9.997072220E-1,1.772339081E2,1.808557068E-1,-7.386122927E-2,1.772337875E2
2.838420208E2,2.413388433E-2,6.837944384E-4,1.561790355E-3,9.997072816E-1,1.772341920E2,1.808071159E-1,-7.401496196E-2,1.772340712E2
2.838470208E2,2.414133877E-2,6.797822425E-4,1.562791876E-3,9.997071028E-1,1.772333376E2,1.809112997E-1,-7.355121375E-2,1.772332174E2
2.838520208E2,2.414103549E-2,6.798577961E-4,1.567437081E-3,9.997071028E-1,1.772333723E2,1.814436334E-1,-7.354707302E-2,1.772332518E2
2.838570208E2,2.412845449E-2,6.874206592E-4,1.567777013E-3,9.997074008E-1,1.772348144E2,1.815025634E-1,-7.441480351E-2,1.772346925E2
2.838620208E2,2.412869394E-2,6.882546004E-4,1.563720638E-3,9.997074008E-1,1.772347870E2,1.810401954E-1,-7.452151089E-2,1.772346652E2
2.838670208E2,2.413355737E-2,6.849858910E-4,1.566314138E-3,9.997072816E-1,1.772342295E2,1.813286244E-1,-7.413900050E-2,1.772341082E2
2.838720208E2,2.412815181E-2,6.883910391E-4,1.572003821E-3,9.997074008E-1,1.772348491E2,1.819894406E-1,-7.451433616E-2,1.772347267E2
2.838770208E2,2.412346658E-2,6.913096877E-4,1.566809020E-3,9.997075200E-1,1.772353862E2,1.814020524E-1,-7.486390474E-2,1.772352636E2
2.838820208E2,2.412857109E-2,6.882905727E-4,1.565599348E-3,9.997074008E-1,1.772348011E2,1.812555078E-1,-7.452045932E-2,1.772346791E2
2.838870208E2,2.413085099E-2,6.866859039E-4,1.569221262E-3,9.997073412E-1,1.772345397E2,1.816661606E-1,-7.432620246E-2,1.772344178E2
2.838920208E2,2.412546533E-2,6.900869193E-4,1.574584516E-3,9.997074604E-1,1.772351571E2,1.822895697E-1,-7.470196714E-2,1.772350341E2
2.838970208E2,2.413302145E-2,6.838795380E-4,1.575030619E-3,9.997072816E-1,1.772342909E2,1.823240708E-1,-7.398825005E-2,1.772341691E2
2.839020208E2,2.413333657E-2,6.838151021E-4,1.570222783E-3,9.997072816E-1,1.772342548E2,1.817731378E-1,-7.399410749E-2,1.772341334E2
2.839070208E2,2.413065727E-2,6.864966126E-4,1.572280074E-3,9.997073412E-1,1.772345619E2,1.820160354E-1,-7.429609430E-2,1.772344399E2
2.839120208E2,2.413050516E-2,6.867555203E-4,1.574499882E-3,9.997073412E-1,1.772345794E2,1.822710377E-1,-7.431964357E-2,1.772344571E2
2.839170208E2,2.413557940E-2,6.819263217E-4,1.574514201E-3,9.997072220E-1,1.772339977E2,1.822596972E-1,-7.376545523E-2,1.772338763E2
2.839220208E2,2.413314846E-2,6.844499731E-4,1.572835259E-3,9.997072816E-1,1.772342764E2,1.820741609E-1,-7.405964627E-2,1.772341546E2
2.839270208E2,2.413526241E-2,6.832424551E-4,1.578796771E-3,9.997072220E-1,1.772340341E2,1.827539187E-1,-7.390444187E-2,1.772339121E2
2.839320208E2,2.414242633E-2,6.785732112E-4,1.584494836E-3,9.997070432E-1,1.772332129E2,1.833942900E-1,-7.335246835E-2,1.772330914E2
2.839370208E2,2.413764218E-2,6.814653170E-4,1.580924029E-3,9.997071624E-1,1.772337613E2,1.829928736E-1,-7.369453717E-2,1.772336395E2
2.839420208E2,2.413790091E-2,6.814952358E-4,1.576955779E-3,9.997071624E-1,1.772337316E2,1.825383793E-1,-7.370889391E-2,1.772336101E2
2.839470208E2,2.413774137E-2,6.812988431E-4,1.579480595E-3,9.997071624E-1,1.772337499E2,1.828270630E-1,-7.367944078E-2,1.772336283E2
2.839520208E2,2.413492039E-2,6.824025768E-4,1.584378653E-3,9.997072220E-1,1.772340733E2,1.833910217E-1,-7.379285128E-2,1.772339511E2
2.839570208E2,2.413004746E-2,6.866664044E-4,1.581537654E-3,9.997073412E-1,1.772346318E2,1.830769931E-1,-7.429005704E-2,1.772345090E2
2.839620208E2,2.412257582E-2,6.907571806E-4,1.580705401E-3,9.997075200E-1,1.772354883E2,1.829924057E-1,-7.476235747E-2,1.772353648E2
2.839670208E2,2.413016220E-2,6.866183248E-4,1.579806907E-3,9.997073412E-1,1.772346187E2,1.828785971E-1,-7.428931406E-2,1.772344960E2
2.839720208E2,2.412783161E-2,6.882818998E-4,1.576958457E-3,9.997074008E-1,1.772348858E2,1.825567101E-1,-7.448819222E-2,1.772347631E2
2.839770208E2,2.412049145E-2,6.927476497E-4,1.573930611E-3,9.997075796E-1,1.772357272E2,1.822216429E-1,-7.500948977E-2,1.772356038E2
2.839820208E2,2.412063062E-2,6.929362426E-4,1.571713248E-3,9.997075796E-1,1.772357112E2,1.819681571E-1,-7.503719835E-2,1.772355880E2
2.839870208E2,2.412267488E-2,6.917043356E-4,1.578778261E-3,9.997075200E-1,1.772354769E2,1.827742616E-1,-7.487617095E-2,1.772353534E2
2.839920208E2,2.412036694E-2,6.929670344E-4,1.575741102E-3,9.997075796E-1,1.772357415E2,1.824296471E-1,-7.502964034E-2,1.772356179E2
2.839970208E2,2.412785453E-2,6.887606578E-4,1.576398616E-3,9.997074008E-1,1.772348832E2,1.824939012E-1,-7.454458158E-2,1.772347604E2
2.840020208E2,2.413781843E-2,6.812582142E-4,1.578320051E-3,9.997071624E-1,1.772337411E2,1.826940062E-1,-7.367798251E-2,1.772336195E2
2.840070208E2,2.414267966E-2,6.784590660E-4,1.580679207E-3,9.997070432E-1,1.772331839E2,1.829568806E-1,-7.334990222E-2,1.772330627E2
2.840120208E2,2.413798883E-2,6.813678192E-4,1.575664501E-3,9.997071624E-1,1.772337216E2,1.823901065E-1,-7.369785312E-2,1.772336002E2
2.840170208E2,2.414309922E-2,6.781107513E-4,1.574407914E-3,9.997070432E-1,1.772331358E2,1.822375185E-1,-7.332727411E-2,1.772330151E2
2.840220208E2,2.414797260E-2,6.750221364E-4,1.576688839E-3,9.997069240E-1,1.772325772E2,1.824906272E-1,-7.296624819E-2,1.772324569E2
2.840270208E2,2.413824907E-2,6.811132189E-4,1.571783097E-3,9.997071624E-1,1.772336917E2,1.819447741E-1,-7.367937573E-2,1.772335707E2
2.840320208E2,2.413323524E-2,6.851919461E-4,1.571179717E-3,9.997072816E-1,1.772342664E2,1.818865633E-1,-7.414920800E-2,1.772341447E2
2.840370208E2,2.413823339E-2,6.813943037E-4,1.571902074E-3,9.997071624E-1,1.772336935E2,1.819591802E-1,-7.371125000E-2,1.772335724E2
2.840420208E2,2.413773636E-2,6.815647357E-4,1.579442527E-3,9.997071624E-1,1.772337505E2,1.828234372E-1,-7.371000713E-2,1.772336288E2
2.840470208E2,2.413566456E-2,6.833383231E-4,1.572595327E-3,9.997072220E-1,1.772339880E2,1.820437862E-1,-7.393250319E-2,1.772338665E2
2.840520208E2,2.413835988E-2,6.805735757E-4,1.570314518E-3,9.997071624E-1,1.772336790E2,1.817750513E-1,-7.362159744E-2,1.772335582E2
2.840570208E2,2.413061398E-2,6.865706528E-4,1.572911977E-3,9.997073412E-1,1.772345669E2,1.820886266E-1,-7.430283668E-2,1.772344448E2
2.840620208E2,2.413076679E-2,6.857736735E-4,1.570914057E-3,9.997073412E-1,1.772345494E2,1.818575554E-1,-7.421703330E-2,1.772344275E2
2.840670208E2,2.413567424E-2,6.829040940E-4,1.572635490E-3,9.997072220E-1,1.772339869E2,1.820471868E-1,-7.388264589E-2,1.772338654E2
2.840720208E2,2.412791746E-2,6.878728163E-4,1.575822942E-3,9.997074008E-1,1.772348760E2,1.824255025E-1,-7.444445241E-2,1.772347534E2
2.840770208E2,2.412539037E-2,6.889863289E-4,1.576214097E-3,9.997074604E-1,1.772351657E2,1.824732033E-1,-7.457139399E-2,1.772350428E2
2.840820208E2,2.412532516E-2,6.896669511E-4,1.576914452E-3,9.997074604E-1,1.772351731E2,1.825553118E-1,-7.464744040E-2,1.772350501E2
2.840870208E2,2.412822891E-2,6.876338739E-4,1.571151661E-3,9.997074008E-1,1.772348403E2,1.818897304E-1,-7.442993897E-2,1.772347181E2
2.840920208E2,2.412582225E-2,6.893684040E-4,1.569422078E-3,9.997074604E-1,1.772351162E2,1.816962090E-1,-7.463386313E-2,1.772349937E2
2.840970208E2,2.413583242E-2,6.830951897E-4,1.570122782E-3,9.997072220E-1,1.772339687E2,1.817598753E-1,-7.391145852E-2,1.772338474E2
2.841020208E2,2.413046978E-2,6.854087696E-4,1.575628645E-3,9.997073412E-1,1.772345834E2,1.823966199E-1,-7.416224753E-2,1.772344613E2
2.841070208E2,2.411530778E-2,6.969792885E-4,1.575774862E-3,9.997076988E-1,1.772363214E2,1.824442239E-1,-7.549010648E-2,1.772361971E2
2.841120208E2,2.412309462E-2,6.909267977E-4,1.572693698E-3,9.997075200E-1,1.772354288E2,1.820751054E-1,-7.480384131E-2,1.772353059E2
2.841170208E2,2.413567138E-2,6.825633463E-4,1.572827343E-3,9.997072220E-1,1.772339872E2,1.820682224E-1,-7.384308039E-2,1.772338658E2
2.841220208E2,2.413265100E-2,6.847491022E-4,1.580319949E-3,9.997072816E-1,1.772343334E2,1.829323855E-1,-7.407330543E-2,1.772342111E2
2.841270208E2,2.412268639E-2,6.907446077E-4,1.579022617E-3,9.997075200E-1,1.772354756E2,1.827996022E-1,-7.476554876E-2,1.772353522E2
2.841320208E2,2.412783860E-2,6.885586772E-4,1.576730632E-3,9.997074008E-1,1.772348850E2,1.825313768E-1,-7.452052796E-2,1.772347622E2
2.841370208E2,2.412767079E-2,6.886245683E-4,1.579267788E-3,9.997074008E-1,1.772349043E2,1.828221990E-1,-7.452109184E-2,1.772347813E2
2.841420208E2,2.412253477E-2,6.907139323E-4,1.581350691E-3,9.997075200E-1,1.772354930E2,1.830662065E-1,-7.475562672E-2,1.772353694E2
2.841470208E2,2.412770953E-2,6.871661171E-4,1.579311211E-3,9.997074008E-1,1.772348998E2,1.828231434E-1,-7.435388734E-2,1.772347771E2
2.841520208E2,2.413502857E-2,6.837542169E-4,1.582146389E-3,9.997072220E-1,1.772340609E2,1.831390438E-1,-7.395384668E-2,1.772339386E2
2.841570208E2,2.412960839E-2,6.869353238E-4,1.588106155E-3,9.997073412E-1,1.772346822E2,1.838301813E-1,-7.430278126E-2,1.772345588E2
2.841620208E2,2.412970883E-2,6.867424236E-4,1.586662838E-3,9.997073412E-1,1.772346707E2,1.836643112E-1,-7.428465556E-2,1.772345475E2
2.841670208E2,2.413468555E-2,6.837692345E-4,1.587363891E-3,9.997072220E-1,1.772341002E2,1.837367686E-1,-7.394119956E-2,1.772339775E2
2.841720208E2,2.413689204E-2,6.821245770E-4,1.592053566E-3,9.997071624E-1,1.772338473E2,1.842696239E-1,-7.373941359E-2,1.772337246E2
2.841770208E2,2.414192402E-2,6.772142369E-4,1.592708402E-3,9.997070432E-1,1.772332705E2,1.843314260E-1,-7.317415554E-2,1.772331486E2
2.841820208E2,2.414220639E-2,6.772404886E-4,1.588411280E-3,9.997070432E-1,1.772332381E2,1.838392479E-1,-7.318899931E-2,1.772331166E2
2.841870208E2,2.412948226E-2,6.869927165E-4,1.589996624E-3,9.997073412E-1,1.772346966E2,1.840468997E-1,-7.430415181E-2,1.772345731E2
2.841920208E2,2.413711626E-2,6.817245157E-4,1.588822226E-3,9.997071624E-1,1.772338216E2,1.838983566E-1,-7.370248004E-2,1.772336992E2
2.841970208E2,2.413738217E-2,6.814895314E-4,1.584878424E-3,9.997071624E-1,1.772337911E2,1.834459306E-1,-7.368642059E-2,1.772336690E2
2.842020208E2,2.412747650E-2,6.878701970E-4,1.582561294E-3,9.997074008E-1,1.772349265E2,1.831973973E-1,-7.442560173E-2,1.772348034E2
2.842070208E2,2.413241394E-2,6.854002131E-4,1.583654317E-3,9.997072816E-1,1.772343606E2,1.833161486E-1,-7.413871763E-2,1.772342379E2
2.842120208E2,2.413464565E-2,6.825920427E-4,1.588476822E-3,9.997072220E-1,1.772341048E2,1.838610051E-1,-7.380327201E-2,1.772339822E2
2.842170208E2,2.413450250E-2,6.837641122E-4,1.590146800E-3,9.997072220E-1,1.772341212E2,1.840555464E-1,-7.393294961E-2,1.772339983E2
2.842220208E2,2.413453225E-2,6.828953628E-4,1.590068685E-3,9.997072220E-1,1.772341178E2,1.840441970E-1,-7.383363795E-2,1.772339950E2
2.842270208E2,2.414179327E-2,6.782484706E-4,1.594249392E-3,9.997070432E-1,1.772332855E2,1.845108112E-1,-7.328839616E-2,1.772331633E2
2.842320208E2,2.414639016E-2,6.742877886E-4,1.601050026E-3,9.997069240E-1,1.772327586E2,1.852792571E-1,-7.281500183E-2,1.772326366E2
2.842370208E2,2.414137169E-2,6.786136073E-4,1.600465854E-3,9.997070432E-1,1.772333338E2,1.852239383E-1,-7.331310532E-2,1.772332111E2
2.842420208E2,2.414704302E-2,6.747708539E-4,1.590968459E-3,9.997069240E-1,1.772326837E2,1.841257137E-1,-7.289811729E-2,1.772325625E2
2.842470208E2,2.414955009E-2,6.727211294E-4,1.591236680E-3,9.997068644E-1,1.772323963E2,1.841509505E-1,-7.266210088E-2,1.772322754E2
2.842520208E2,2.414441712E-2,6.762627745E-4,1.592733315E-3,9.997069836E-1,1.772329847E2,1.843318296E-1,-7.306462926E-2,1.772328630E2
2.842570208E2,2.414172499E-2,6.786769954E-4,1.595100737E-3,9.997070432E-1,1.772332933E2,1.846095205E-1,-7.333514442E-2,1.772331710E2
2.842620208E2,2.414410859E-2,6.759901298E-4,1.597518916E-3,9.997069836E-1,1.772330201E2,1.848792833E-1,-7.302021154E-2,1.772328981E2
2.842670208E2,2.414191319E-2,6.788279861E-4,1.592185465E-3,9.997070432E-1,1.772332717E2,1.842759832E-1,-7.336047221E-2,1.772331496E2
2.842720208E2,2.414197446E-2,6.787860766E-4,1.591274049E-3,9.997070432E-1,1.772332647E2,1.841714615E-1,-7.335818136E-2,1.772331427E2
2.842770208E2,2.414426676E-2,6.764595746E-4,1.594927511E-3,9.997069836E-1,1.772330020E2,1.845837267E-1,-7.308113099E-2,1.772328801E2
2.842820208E2,2.414908147E-2,6.731442991E-4,1.598154660E-3,9.997068644E-1,1.772324501E2,1.849446001E-1,-7.269151982E-2,1.772323286E2
2.842870208E2,2.413900059E-2,6.799064577E-4,1.598448493E-3,9.997071028E-1,1.772336056E2,1.849962354E-1,-7.346723156E-2,1.772334828E2
2.842920208E2,2.414660306E-2,6.750065950E-4,1.597532420E-3,9.997069240E-1,1.772327342E2,1.848782907E-1,-7.290704106E-2,1.772326124E2
2.842970208E2,2.414939318E-2,6.735752104E-4,1.593255438E-3,9.997068644E-1,1.772324143E2,1.843845685E-1,-7.275438481E-2,1.772322931E2
2.843020208E2,2.414924040E-2,6.737572257E-4,1.595492708E-3,9.997068644E-1,1.772324318E2,1.846413591E-1,-7.276907283E-2,1.772323104E2
2.843070208E2,2.414408854E-2,6.757408264E-4,1.597927301E-3,9.997069836E-1,1.772330224E2,1.849253759E-1,-7.299052561E-2,1.772329004E2
2.843120208E2,2.414461055E-2,6.761861150E-4,1.589830965E-3,9.997069836E-1,1.772329625E2,1.839991431E-1,-7.306384213E-2,1.772328411E2
2.843170208E2,2.414210878E-2,6.787258899E-4,1.589260646E-3,9.997070432E-1,1.772332493E2,1.839406527E-1,-7.335683204E-2,1.772331274E2
2.843220208E2,2.415191670E-2,6.709859008E-4,1.593496068E-3,9.997068048E-1,1.772321251E2,1.844051513E-1,-7.245662724E-2,1.772320043E2
2.843270208E2,2.416405806E-2,6.623371155E-4,1.600003452E-3,9.997065067E-1,1.772307334E2,1.851275545E-1,-7.144558066E-2,1.772306138E2
2.843320208E2,2.415683302E-2,6.674638134E-4,1.595240086E-3,9.997066855E-1,1.772315615E2,1.845955484E-1,-7.204740919E-2,1.772314413E2
2.843370208E2,2.416185277E-2,6.646960974E-4,1.595079550E-3,9.997065663E-1,1.772309862E2,1.845698552E-1,-7.172986286E-2,1.772308665E2
2.843420208E2,2.416408362E-2,6.625973620E-4,1.599509618E-3,9.997065067E-1,1.772307304E2,1.850717043E-1,-7.147675672E-2,1.772306109E2
2.843470208E2,2.415864935E-2,6.661017542E-4,1.605622820E-3,9.997066259E-1,1.772313533E2,1.857813366E-1,-7.186229443E-2,1.772312327E2
2.843520208E2,2.414858452E-2,6.731462199E-4,1.605645521E-3,9.997068644E-1,1.772325070E2,1.858027099E-1,-7.267110197E-2,1.772323850E2
2.843570208E2,2.416170700E-2,6.642765948E-4,1.597460709E-3,9.997065663E-1,1.772310029E2,1.848414647E-1,-7.167523933E-2,1.772308831E2
2.843620208E2,2.416436598E-2,6.635531317E-4,1.594840898E-3,9.997065067E-1,1.772306981E2,1.845395307E-1,-7.159912390E-2,1.772305786E2
2.843670208E2,2.415946529E-2,6.666690460E-4,1.593061257E-3,9.997066259E-1,1.772312598E2,1.843439345E-1,-7.196190849E-2,1.772311399E2
2.843720208E2,2.416205929E-2,6.636310136E-4,1.592392568E-3,9.997065663E-1,1.772309625E2,1.842591045E-1,-7.161525085E-2,1.772308432E2
2.843770208E2,2.417468179E-2,6.567124510E-4,1.590782660E-3,9.997062683E-1,1.772295156E2,1.840564122E-1,-7.082480808E-2,1.772293978E2
2.843820208E2,2.416470504E-2,6.624340895E-4,1.590161934E-3,9.997065067E-1,1.772306592E2,1.840004416E-1,-7.148382307E-2,1.772305403E2
2.843870208E2,2.416217319E-2,6.640204811E-4,1.590500702E-3,9.997065663E-1,1.772309494E2,1.840434623E-1,-7.166508486E-2,1.772308302E2
2.843920208E2,2.416985092E-2,6.588095566E-4,1.588404411E-3,9.997063875E-1,1.772300694E2,1.837894308E-1,-7.107252485E-2,1.772299513E2
2.843970208E2,2.416716991E-2,6.615058519E-4,1.590561587E-3,9.997064471E-1,1.772303767E2,1.840438306E-1,-7.137592557E-2,1.772302579E2
2.844020208E2,2.415965145E-2,6.657523336E-4,1.590619562E-3,9.997066259E-1,1.772312385E2,1.840616932E-1,-7.186361755E-2,1.772311189E2
2.844070208E2,2.417009465E-2,6.587120006E-4,1.584731857E-3,9.997063875E-1,1.772300414E2,1.833684564E-1,-7.107147650E-2,1.772299236E2
2.844120208E2,2.417043569E-2,6.594564184E-4,1.579211210E-3,9.997063875E-1,1.772300023E2,1.827381068E-1,-7.117198428E-2,1.772298848E2
2.844170208E2,2.416791865E-2,6.614120794E-4,1.579183270E-3,9.997064471E-1,1.772302909E2,1.827401437E-1,-7.139655829E-2,1.772301729E2
2.844220208E2,2.417035115E-2,6.596443709E-4,1.580426120E-3,9.997063875E-1,1.772300120E2,1.828777995E-1,-7.119016609E-2,1.772298944E2
2.844270208E2,2.417539638E-2,6.561737973E-4,1.580109587E-3,9.997062683E-1,1.772294337E2,1.828322815E-1,-7.079253833E-2,1.772293167E2
2.844320208E2,2.416772304E-2,6.609135307E-4,1.582382363E-3,9.997064471E-1,1.772303133E2,1.831052315E-1,-7.133062132E-2,1.772301952E2
2.844370208E2,2.416243568E-2,6.649485440E-4,1.586119295E-3,9.997065663E-1,1.772309193E2,1.835441245E-1,-7.178348537E-2,1.772308003E2
2.844420208E2,2.416472156E-2,6.627088296E-4,1.589796273E-3,9.997065067E-1,1.772306573E2,1.839593142E-1,-7.151630629E-2,1.772305384E2
2.844470208E2,2.416227426E-2,6.647055270E-4,1.588678220E-3,9.997065663E-1,1.772309378E2,1.838365861E-1,-7.174859003E-2,1.772308186E2
2.844520208E2,2.416255976E-2,6.645338144E-4,1.584402053E-3,9.997065663E-1,1.772309051E2,1.833462605E-1,-7.174070697E-2,1.772307862E2
2.844570208E2,2.415993727E-2,6.653896999E-4,1.586424420E-3,9.997066259E-1,1.772312057E2,1.835801211E-1,-7.183363721E-2,1.772310865E2
2.844620208E2,2.416248014E-2,6.636295002E-4,1.585994498E-3,9.997065663E-1,1.772309142E2,1.835261784E-1,-7.163271578E-2,1.772307954E2
2.844670208E2,2.416283935E-2,6.645867252E-4,1.580110169E-3,9.997065663E-1,1.772308731E2,1.828547562E-1,-7.175860118E-2,1.772307545E2
2.844720208E2,2.416277220E-2,6.642398075E-4,1.581282471E-3,9.997065663E-1,1.772308808E2,1.829880876E-1,-7.171562520E-2,1.772307622E2
2.844770208E2,2.415475710E-2,6.686775596E-4,1.588800224E-3,9.997067451E-1,1.772317995E2,1.838610188E-1,-7.220466273E-2,1.772316795E2
2.844820208E2,2.415224672E-2,6.709446898E-4,1.588503597E-3,9.997068048E-1,1.772320872E2,1.838331319E-1,-7.246566332E-2,1.772319669E2
2.844870208E2,2.415973336E-2,6.653937162E-4,1.589525025E-3,9.997066259E-1,1.772312291E2,1.839353178E-1,-7.182555035E-2,1.772311097E2
2.844920208E2,2.416686207E-2,6.612403085E-4,1.595342183E-3,9.997064471E-1,1.772304120E2,1.845907300E-1,-7.133232256E-2,1.772302929E2
2.844970208E2,2.415919942E-2,6.657438935E-4,1.597474096E-3,9.997066259E-1,1.772312903E2,1.848468812E-1,-7.184375668E-2,1.772311703E2
2.845020208E2,2.416227612E-2,6.638563937E-4,1.589004882E-3,9.997065663E-1,1.772309376E2,1.838716566E-1,-7.165041019E-2,1.772308186E2
2.845070208E2,2.416764733E-2,6.616471801E-4,1.583231962E-3,9.997064471E-1,1.772303220E2,1.832045868E-1,-7.141232757E-2,1.772302037E2
2.845120208E2,2.416013351E-2,6.653066957E-4,1.583467936E-3,9.997066259E-1,1.772311832E2,1.832412156E-1,-7.183227792E-2,1.772310643E2
2.845170208E2,2.415275833E-2,6.710344460E-4,1.580667449E-3,9.997068048E-1,1.772320286E2,1.829357213E-1,-7.249754063E-2,1.772319088E2
2.845220208E2,2.415579467E-2,6.696122000E-4,1.572548761E-3,9.997067451E-1,1.772316806E2,1.820019408E-1,-7.235652930E-2,1.772315616E2
2.845270208E2,2.415576183E-2,6.690770388E-4,1.573280781E-3,9.997067451E-1,1.772316843E2,1.820843158E-1,-7.229320193E-2,1.772315654E2
2.845320208E2,2.416048738E-2,6.664486136E-4,1.577577437E-3,9.997066259E-1,1.772311427E2,1.825695973E-1,-7.197933795E-2,1.772310239E2
2.845370208E2,2.415303797E-2,6.711545866E-4,1.576337614E-3,9.997068048E-1,1.772319966E2,1.824400554E-1,-7.252323690E-2,1.772318770E2
2.845420208E2,2.415053563E-2,6.723129773E-4,1.576382434E-3,9.997068644E-1,1.772322834E2,1.824482146E-1,-7.265627244E-2,1.772321636E2
2.845470208E2,2.415782297E-2,6.677490310E-4,1.580057316E-3,9.997066855E-1,1.772314481E2,1.828570967E-1,-7.212193242E-2,1.772313289E2
2.845520208E2,2.416821100E-2,6.601495552E-4,1.575232483E-3,9.997064471E-1,1.772302573E2,1.822840722E-1,-7.126281474E-2,1.772301399E2
2.845570208E2,2.417297826E-2,6.580096669E-4,1.578629715E-3,9.997063279E-1,1.772297109E2,1.826676648E-1,-7.100739348E-2,1.772295937E2
2.845620208E2,2.417313289E-2,6.570880068E-4,1.576644485E-3,9.997063279E-1,1.772296932E2,1.824376978E-1,-7.090728114E-2,1.772295762E2
2.845670208E2,2.417814292E-2,6.545638316E-4,1.576459967E-3,9.997062087E-1,1.772291189E2,1.824099207E-1,-7.061771381E-2,1.772290024E2
2.845720208E2,2.416289126E-2,6.640186766E-4,1.579555101E-3,9.997065663E-1,1.772308671E2,1.827895992E-1,-7.169505417E-2,1.772307487E2
2.845770208E2,2.416064042E-2,6.652160664E-4,1.575752860E-3,9.997066259E-1,1.772311251E2,1.823571750E-1,-7.184316364E-2,1.772310067E2
2.845820208E2,2.416575150E-2,6.628211122E-4,1.574015827E-3,9.997065067E-1,1.772305393E2,1.821519178E-1,-7.157268063E-2,1.772304215E2
2.845870208E2,2.416301255E-2,6.638563937E-4,1.577766845E-3,9.997065663E-1,1.772308532E2,1.825842989E-1,-7.168139286E-2,1.772307349E2
2.845920208E2,2.415493417E-2,6.686485722E-4,1.586118015E-3,9.997067451E-1,1.772317792E2,1.835536819E-1,-7.220873398E-2,1.772316594E2
2.845970208E2,2.415780503E-2,6.673390162E-4,1.580504817E-3,9.997066855E-1,1.772314501E2,1.829072251E-1,-7.207372637E-2,1.772313310E2
2.846020208E2,2.416240350E-2,6.635492318E-4,1.587195206E-3,9.997065663E-1,1.772309230E2,1.836635017E-1,-7.162020979E-2,1.772308041E2
2.846070208E2,2.416483219E-2,6.625712849E-4,1.588171232E-3,9.997065067E-1,1.772306446E2,1.837727792E-1,-7.150502917E-2,1.772305259E2
2.846120208E2,2.416491075E-2,6.630045827E-4,1.586794504E-3,9.997065067E-1,1.772306356E2,1.836162693E-1,-7.155846491E-2,1.772305169E2
2.846170208E2,2.417022517E-2,6.591334241E-4,1.582564553E-3,9.997063875E-1,1.772300265E2,1.831213504E-1,-7.112573302E-2,1.772299087E2
2.846220208E2,2.416264204E-2,6.637945771E-4,1.583456760E-3,9.997065663E-1,1.772308957E2,1.832359282E-1,-7.165862382E-2,1.772307770E2
2.846270208E2,2.416766550E-2,6.606659153E-4,1.583364327E-3,9.997064471E-1,1.772303199E2,1.832170336E-1,-7.129954597E-2,1.772302018E2
2.846320208E2,2.417552728E-2,6.554410211E-4,1.578410156E-3,9.997062683E-1,1.772294187E2,1.826355767E-1,-7.071327722E-2,1.772293020E2
2.846370208E2,2.417287961E-2,6.578754401E-4,1.580195501E-3,9.997063279E-1,1.772297222E2,1.828466597E-1,-7.098769732E-2,1.772296049E2
2.846420208E2,2.417727979E-2,6.545425858E-4,1.589651220E-3,9.997062087E-1,1.772292178E2,1.839209680E-1,-7.057888931E-2,1.772291005E2
2.846470208E2,2.417997330E-2,6.524684140E-4,1.587017789E-3,9.997061491E-1,1.772289091E2,1.836137290E-1,-7.034807804E-2,1.772287923E2
2.846520208E2,2.417781061E-2,6.535571883E-4,1.581964549E-3,9.997062087E-1,1.772291570E2,1.830377033E-1,-7.048720396E-2,1.772290403E2
2.846570208E2,2.417537930E-2,6.549219834E-4,1.580890152E-3,9.997062683E-1,1.772294357E2,1.829182322E-1,-7.064697374E-2,1.772293188E2
2.846620208E2,2.418534321E-2,6.495086709E-4,1.581489807E-3,9.997060299E-1,1.772282936E2,1.829726272E-1,-7.002335089E-2,1.772281777E2
2.846670208E2,2.418304214E-2,6.500521558E-4,1.578774303E-3,9.997060895E-1,1.772285573E2,1.826628889E-1,-7.009355800E-2,1.772284415E2
2.846720208E2,2.417817593E-2,6.536287838E-4,1.576341572E-3,9.997062087E-1,1.772291151E2,1.823937690E-1,-7.051091868E-2,1.772289988E2
2.846770208E2,2.417843812E-2,6.539855967E-4,1.572166570E-3,9.997062087E-1,1.772290851E2,1.819164952E-1,-7.056331455E-2,1.772289690E2
2.846820208E2,2.418085379E-2,6.518205046E-4,1.573813497E-3,9.997061491E-1,1.772288082E2,1.820993348E-1,-7.031028280E-2,1.772286924E2
2.846870208E2,2.418086270E-2,6.529231323E-4,1.573219546E-3,9.997061491E-1,1.772288071E2,1.820343491E-1,-7.043824179E-2,1.772286912E2
2.846920208E2,2.417333512E-2,6.574125728E-4,1.573405345E-3,9.997063279E-1,1.772296700E2,1.820675411E-1,-7.095339884E-2,1.772295532E2
2.846970208E2,2.418339982E-2,6.503949407E-4,1.573144342E-3,9.997060895E-1,1.772285163E2,1.820189055E-1,-7.014836387E-2,1.772284009E2
2.847020208E2,2.418264743E-2,6.507814978E-4,1.584509388E-3,9.997060895E-1,1.772286026E2,1.833218839E-1,-7.016128868E-2,1.772284863E2
2.847070208E2,2.417786902E-2,6.546407822E-4,1.580623328E-3,9.997062087E-1,1.772291503E2,1.828870620E-1,-7.061504366E-2,1.772290335E2
2.847120208E2,2.418338218E-2,6.508358638E-4,1.573233050E-3,9.997060895E-1,1.772285183E2,1.820302886E-1,-7.019863246E-2,1.772284028E2
2.847170208E2,2.418819164E-2,6.466524210E-4,1.576768118E-3,9.997059703E-1,1.772279671E2,1.824240005E-1,-6.970871151E-2,1.772278521E2
2.847220208E2,2.417278900E-2,6.576835876E-4,1.581660705E-3,9.997063279E-1,1.772297326E2,1.830139729E-1,-7.096167688E-2,1.772296152E2
2.847270208E2,2.416786128E-2,6.608298863E-4,1.580304699E-3,9.997064471E-1,1.772302974E2,1.828669960E-1,-7.132676807E-2,1.772301795E2
2.847320208E2,2.418038005E-2,6.530029932E-4,1.580587472E-3,9.997061491E-1,1.772288625E2,1.828785931E-1,-7.042706194E-2,1.772287460E2
2.847370208E2,2.417763700E-2,6.545588840E-4,1.584202168E-3,9.997062087E-1,1.772291769E2,1.832968044E-1,-7.059578822E-2,1.772290599E2
2.847420208E2,2.416756667E-2,6.602060166E-4,1.585063757E-3,9.997064471E-1,1.772303312E2,1.834104367E-1,-7.124217241E-2,1.772302131E2
2.847470208E2,2.416766599E-2,6.612949073E-4,1.583094243E-3,9.997064471E-1,1.772303198E2,1.831878355E-1,-7.137234992E-2,1.772302016E2
2.847520208E2,2.416755573E-2,6.615939783E-4,1.584651764E-3,9.997064471E-1,1.772303325E2,1.833670829E-1,-7.140231750E-2,1.772302141E2
2.847570208E2,2.416245616E-2,6.641453365E-4,1.586143859E-3,9.997065663E-1,1.772309170E2,1.835447157E-1,-7.169139977E-2,1.772307981E2
2.847620208E2,2.416293240E-2,6.640717620E-4,1.578903291E-3,9.997065663E-1,1.772308624E2,1.827150789E-1,-7.170293285E-2,1.772307440E2
2.847670208E2,2.416575606E-2,6.621499779E-4,1.574228285E-3,9.997065067E-1,1.772305387E2,1.821743982E-1,-7.149520766E-2,1.772304210E2
2.847720208E2,2.416315194E-2,6.641229847E-4,1.575518399E-3,9.997065663E-1,1.772308372E2,1.823274690E-1,-7.171813352E-2,1.772307191E2
2.847770208E2,2.416781113E-2,6.608133554E-4,1.581078279E-3,9.997064471E-1,1.772303032E2,1.829555666E-1,-7.132274102E-2,1.772301852E2
2.847820208E2,2.416014253E-2,6.662194501E-4,1.582946396E-3,9.997066259E-1,1.772311822E2,1.831839968E-1,-7.193828354E-2,1.772310631E2
2.847870208E2,2.414482817E-2,6.765447906E-4,1.586369588E-3,9.997069836E-1,1.772329376E2,1.836036219E-1,-7.311446860E-2,1.772328163E2
2.847920208E2,2.414723520E-2,6.740115350E-4,1.588371466E-3,9.997069240E-1,1.772326617E2,1.838261191E-1,-7.281828221E-2,1.772325408E2
2.847970208E2,2.415483801E-2,6.698176730E-4,1.587088918E-3,9.997067451E-1,1.772317902E2,1.836681365E-1,-7.233999396E-2,1.772316702E2
2.848020208E2,2.414766415E-2,6.739402888E-4,1.581867109E-3,9.997069240E-1,1.772326125E2,1.830808248E-1,-7.282804065E-2,1.772324921E2
2.848070208E2,2.415248472E-2,6.714281626E-4,1.584675978E-3,9.997068048E-1,1.772320600E2,1.833960017E-1,-7.253159930E-2,1.772319398E2
2.848120208E2,2.415491508E-2,6.689872243E-4,1.586265978E-3,9.997067451E-1,1.772317814E2,1.835715685E-1,-7.224712322E-2,1.772316615E2
2.848170208E2,2.415240741E-2,6.710655871E-4,1.586007304E-3,9.997068048E-1,1.772320688E2,1.835475069E-1,-7.248639273E-2,1.772319486E2
2.848220208E2,2.415518562E-2,6.700782105E-4,1.581679215E-3,9.997067451E-1,1.772317504E2,1.830491563E-1,-7.238475137E-2,1.772316307E2
2.848270208E2,2.415479928E-2,6.699338555E-4,1.587629202E-3,9.997067451E-1,1.772317947E2,1.837303493E-1,-7.235181517E-2,1.772316745E2
2.848320208E2,2.414692214E-2,6.738224183E-4,1.593203633E-3,9.997069240E-1,1.772326976E2,1.843791381E-1,-7.278330357E-2,1.772325763E2
2.848370208E2,2.414717268E-2,6.752499030E-4,1.588795800E-3,9.997069240E-1,1.772326689E2,1.838781527E-1,-7.295898447E-2,1.772325477E2
2.848420208E2,2.414765240E-2,6.739707314E-4,1.582033583E-3,9.997069240E-1,1.772326139E2,1.830999792E-1,-7.283106957E-2,1.772324934E2
2.848470208E2,2.415503754E-2,6.686876295E-4,1.584526617E-3,9.997067451E-1,1.772317674E2,1.833714897E-1,-7.221759446E-2,1.772316477E2
2.848520208E2,2.415493118E-2,6.688432768E-4,1.586081577E-3,9.997067451E-1,1.772317795E2,1.835500464E-1,-7.223114036E-2,1.772316597E2
2.848570208E2,2.414809140E-2,6.734934286E-4,1.575522590E-3,9.997069240E-1,1.772325636E2,1.823528016E-1,-7.279432812E-2,1.772324436E2
2.848620208E2,2.415327741E-2,6.703028921E-4,1.573027694E-3,9.997068048E-1,1.772319691E2,1.820585362E-1,-7.243478626E-2,1.772318500E2
2.848670208E2,2.416322549E-2,6.645282847E-4,1.574218855E-3,9.997065663E-1,1.772308288E2,1.821797231E-1,-7.176814891E-2,1.772307107E2
2.848720208E2,2.416043794E-2,6.662164233E-4,1.578432391E-3,9.997066259E-1,1.772311483E2,1.826668929E-1,-7.195038061E-2,1.772310296E2
2.848770208E2,2.416075121E-2,6.652417942E-4,1.574042253E-3,9.997066259E-1,1.772311124E2,1.821612899E-1,-7.185082698E-2,1.772309942E2
2.848820208E2,2.416084912E-2,6.659856299E-4,1.572223846E-3,9.997066259E-1,1.772311012E2,1.819550430E-1,-7.194105618E-2,1.772309829E2
2.848870208E2,2.416031972E-2,6.650713040E-4,1.580723212E-3,9.997066259E-1,1.772311619E2,1.829261463E-1,-7.181287708E-2,1.772310432E2
2.848920208E2,2.416766125E-2,6.609088159E-4,1.583327889E-3,9.997064471E-1,1.772303204E2,1.832135318E-1,-7.132747386E-2,1.772302022E2
2.848970208E2,2.417541817E-2,6.548888050E-4,1.580309356E-3,9.997062683E-1,1.772294312E2,1.828516080E-1,-7.064477484E-2,1.772293144E2
2.849020208E2,2.417811103E-2,6.544624339E-4,1.576991053E-3,9.997062087E-1,1.772291226E2,1.824704779E-1,-7.060463222E-2,1.772290061E2
2.849070208E2,2.417511610E-2,6.561112241E-4,1.584418002E-3,9.997062683E-1,1.772294658E2,1.833256529E-1,-7.077348536E-2,1.772293485E2
2.849120208E2,2.417748476E-2,6.535878056E-4,1.586924307E-3,9.997062087E-1,1.772291943E2,1.836059465E-1,-7.047702928E-2,1.772290773E2
2.849170208E2,2.418775732E-2,6.477952702E-4,1.582949422E-3,9.997059703E-1,1.772280168E2,1.831352576E-1,-6.982257964E-2,1.772279012E2
2.849220208E2,2.418545133E-2,6.489430671E-4,1.580067910E-3,9.997060299E-1,1.772282812E2,1.828081770E-1,-6.996247759E-2,1.772281655E2
2.849270208E2,2.418298870E-2,6.500063464E-4,1.579611562E-3,9.997060895E-1,1.772285634E2,1.827586732E-1,-7.008599965E-2,1.772284476E2
2.849320208E2,2.418283769E-2,6.512911641E-4,1.581393182E-3,9.997060895E-1,1.772285808E2,1.829663227E-1,-7.022827594E-2,1.772284646E2
2.849370208E2,2.418312574E-2,6.513764965E-4,1.576946932E-3,9.997060895E-1,1.772285477E2,1.824572248E-1,-7.025032063E-2,1.772284318E2
2.849420208E2,2.418595542E-2,6.485591293E-4,1.572491368E-3,9.997060299E-1,1.772282234E2,1.819391928E-1,-6.993940164E-2,1.772281083E2
2.849470208E2,2.418562410E-2,6.483476027E-4,1.577665913E-3,9.997060299E-1,1.772282614E2,1.825313700E-1,-6.990088819E-2,1.772281460E2
2.849520208E2,2.417833766E-2,6.532417028E-4,1.574019785E-3,9.997062087E-1,1.772290966E2,1.821267279E-1,-7.047297908E-2,1.772289805E2
2.849570208E2,2.417602423E-2,6.553541753E-4,1.570816268E-3,9.997062683E-1,1.772293617E2,1.817654285E-1,-7.072427633E-2,1.772292456E2
2.849620208E2,2.417600567E-2,6.556299631E-4,1.570986933E-3,9.997062683E-1,1.772293639E2,1.817857424E-1,-7.075540057E-2,1.772292476E2
2.849670208E2,2.417358065E-2,6.567794480E-4,1.569893444E-3,9.997063279E-1,1.772296418E2,1.816634871E-1,-7.089055335E-2,1.772295254E2
2.849720208E2,2.417870218E-2,6.534026470E-4,1.568343374E-3,9.997062087E-1,1.772290548E2,1.814769198E-1,-7.050707828E-2,1.772289391E2
2.849770208E2,2.418601545E-2,6.480530137E-4,1.571776578E-3,9.997060299E-1,1.772282165E2,1.818559090E-1,-6.988339231E-2,1.772281016E2
2.849820208E2,2.418823440E-2,6.476868293E-4,1.575687202E-3,9.997059703E-1,1.772279622E2,1.823030431E-1,-6.983019954E-2,1.772278470E2
2.849870208E2,2.418276036E-2,6.506715436E-4,1.582830097E-3,9.997060895E-1,1.772285896E2,1.831292104E-1,-7.015332559E-2,1.772284734E2
2.849920208E2,2.418308075E-2,6.512542604E-4,1.577687217E-3,9.997060895E-1,1.772285529E2,1.825416886E-1,-7.023427418E-2,1.772284370E2
2.849970208E2,2.419065788E-2,6.453053793E-4,1.577275572E-3,9.997059107E-1,1.772276844E2,1.824785710E-1,-6.955254047E-2,1.772275696E2
2.850020208E2,2.419331283E-2,6.432708469E-4,1.575162634E-3,9.997058511E-1,1.772273800E2,1.822310602E-1,-6.932484218E-2,1.772272658E2
2.850070208E2,2.418577441E-2,6.483495818E-4,1.575359260E-3,9.997060299E-1,1.772282441E2,1.822671399E-1,-6.990748059E-2,1.772281289E2
2.850120208E2,2.419336110E-2,6.437234115E-4,1.574236085E-3,9.997058511E-1,1.772273745E2,1.821261745E-1,-6.937924706E-2,1.772272602E2
2.850170208E2,2.419286610E-2,6.443095626E-4,1.581586432E-3,9.997058511E-1,1.772274313E2,1.829698080E-1,-6.942610725E-2,1.772273164E2
2.850220208E2,2.418803281E-2,6.471759989E-4,1.578988275E-3,9.997059703E-1,1.772279853E2,1.826797781E-1,-6.976256651E-2,1.772278700E2
2.850270208E2,2.418817790E-2,6.470176158E-4,1.576829120E-3,9.997059703E-1,1.772279686E2,1.824320002E-1,-6.975038089E-2,1.772278536E2
2.850320208E2,2.418820613E-2,6.464575999E-4,1.576625742E-3,9.997059703E-1,1.772279654E2,1.824071511E-1,-6.968678523E-2,1.772278504E2
2.850370208E2,2.418560146E-2,6.488165236E-4,1.577820280E-3,9.997060299E-1,1.772282640E2,1.825503522E-1,-6.995418308E-2,1.772281485E2
2.850420208E2,2.418595845E-2,6.486463244E-4,1.572408830E-3,9.997060299E-1,1.772282230E2,1.819299792E-1,-6.994961874E-2,1.772281080E2
2.850470208E2,2.419154454E-2,6.456177216E-4,1.563488622E-3,9.997059107E-1,1.772275827E2,1.809000902E-1,-6.962638099E-2,1.772274689E2
2.850520208E2,2.418642082E-2,6.489379448E-4,1.565159764E-3,9.997060299E-1,1.772281700E2,1.811003797E-1,-7.000303410E-2,1.772280554E2
2.850570208E2,2.418615279E-2,6.489798543E-4,1.569278887E-3,9.997060299E-1,1.772282008E2,1.815723566E-1,-6.999646696E-2,1.772280859E2
2.850620208E2,2.418611974E-2,6.480129086E-4,1.570187509E-3,9.997060299E-1,1.772282046E2,1.816737642E-1,-6.988318332E-2,1.772280898E2
2.850670208E2,2.419127784E-2,6.458068965E-4,1.567531843E-3,9.997059107E-1,1.772276133E2,1.813637802E-1,-6.963689197E-2,1.772274991E2
2.850720208E2,2.418381827E-2,6.509370869E-4,1.566473162E-3,9.997060895E-1,1.772284684E2,1.812561988E-1,-7.022888319E-2,1.772283533E2
2.850770208E2,2.418389383E-2,6.495680427E-4,1.565874787E-3,9.997060895E-1,1.772284597E2,1.811838609E-1,-7.007369297E-2,1.772283449E2
2.850820208E2,2.418147223E-2,6.522414042E-4,1.564107137E-3,9.997061491E-1,1.772287373E2,1.809886010E-1,-7.038528495E-2,1.772286221E2
2.850870208E2,2.417899950E-2,6.536738947E-4,1.563639496E-3,9.997062087E-1,1.772290207E2,1.809388244E-1,-7.055113152E-2,1.772289053E2
2.850920208E2,2.418133043E-2,6.524542114E-4,1.566209248E-3,9.997061491E-1,1.772287535E2,1.812299950E-1,-7.040386422E-2,1.772286382E2
2.850970208E2,2.418128533E-2,6.518680020E-4,1.567149302E-3,9.997061491E-1,1.772287587E2,1.813360582E-1,-7.033411249E-2,1.772286434E2
2.851020208E2,2.417613962E-2,6.558179739E-4,1.568845590E-3,9.997062683E-1,1.772293485E2,1.815409642E-1,-7.078284693E-2,1.772292324E2
2.851070208E2,2.417636913E-2,6.545820506E-4,1.565822051E-3,9.997062683E-1,1.772293222E2,1.811911847E-1,-7.064959724E-2,1.772292065E2
2.851120208E2,2.418374670E-2,6.505779456E-4,1.567726722E-3,9.997060895E-1,1.772284766E2,1.813988041E-1,-7.018427961E-2,1.772283615E2
2.851170208E2,2.418397858E-2,6.508174120E-4,1.564046135E-3,9.997060895E-1,1.772284500E2,1.809778425E-1,-7.022187067E-2,1.772283351E2
2.851220208E2,2.417647385E-2,6.553329877E-4,1.563889789E-3,9.997062683E-1,1.772293102E2,1.809719162E-1,-7.074095746E-2,1.772291945E2
2.851270208E2,2.417659744E-2,6.551838596E-4,1.562040648E-3,9.997062683E-1,1.772292960E2,1.807596774E-1,-7.072897443E-2,1.772291805E2
2.851320208E2,2.417408105E-2,6.566028460E-4,1.562243327E-3,9.997063279E-1,1.772295845E2,1.807866492E-1,-7.089142411E-2,1.772294687E2
2.851370208E2,2.416156022E-2,6.651892909E-4,1.561597222E-3,9.997066259E-1,1.772310197E2,1.807355210E-1,-7.187912310E-2,1.772309023E2
2.851420208E2,2.415911393E-2,6.667423877E-4,1.560624572E-3,9.997066855E-1,1.772313001E2,1.806282201E-1,-7.206017784E-2,1.772311825E2
2.851470208E2,2.415884804E-2,6.666522240E-4,1.564773731E-3,9.997066855E-1,1.772313306E2,1.811032719E-1,-7.203840988E-2,1.772312127E2
2.851520208E2,2.415590611E-2,6.695694756E-4,1.570854220E-3,9.997067451E-1,1.772316678E2,1.818077067E-1,-7.235630540E-2,1.772315490E2
2.851570208E2,2.415087084E-2,6.721688551E-4,1.571300207E-3,9.997068644E-1,1.772322450E2,1.818656285E-1,-7.265376654E-2,1.772321256E2
2.851620208E2,2.414622818E-2,6.763730780E-4,1.564989798E-3,9.997069836E-1,1.772327771E2,1.811540154E-1,-7.315369997E-2,1.772326575E2
2.851670208E2,2.414394343E-2,6.777999806E-4,1.561543206E-3,9.997070432E-1,1.772330390E2,1.807629606E-1,-7.332711322E-2,1.772329193E2
2.851720208E2,2.413925616E-2,6.811948842E-4,1.556204050E-3,9.997071624E-1,1.772335763E2,1.801603638E-1,-7.373164386E-2,1.772334564E2
2.851770208E2,2.413701485E-2,6.820539129E-4,1.552297617E-3,9.997072220E-1,1.772338332E2,1.797150602E-1,-7.384126170E-2,1.772337134E2
2.851820208E2,2.413685164E-2,6.821320276E-4,1.554799033E-3,9.997072220E-1,1.772338519E2,1.800018224E-1,-7.384332078E-2,1.772337319E2
2.851870208E2,2.413639210E-2,6.831018254E-4,1.561492798E-3,9.997072220E-1,1.772339046E2,1.807712980E-1,-7.393598705E-2,1.772337839E2
2.851920208E2,2.413610738E-2,6.830414641E-4,1.565913786E-3,9.997072220E-1,1.772339372E2,1.812775712E-1,-7.391689556E-2,1.772338162E2
2.851970208E2,2.413610309E-2,6.829394842E-4,1.566024497E-3,9.997072220E-1,1.772339377E2,1.812899717E-1,-7.390490751E-2,1.772338168E2
2.852020208E2,2.413857641E-2,6.809052429E-4,1.566838357E-3,9.997071624E-1,1.772336542E2,1.813777613E-1,-7.366916898E-2,1.772335336E2
2.852070208E2,2.414860004E-2,6.738284137E-4,1.567563275E-3,9.997069240E-1,1.772325052E2,1.814419597E-1,-7.285463677E-2,1.772323859E2
2.852120208E2,2.414590698E-2,6.754166679E-4,1.570349326E-3,9.997069836E-1,1.772328139E2,1.817653241E-1,-7.302936369E-2,1.772326941E2
2.852170208E2,2.414317252E-2,6.772035267E-4,1.573674148E-3,9.997070432E-1,1.772331274E2,1.821509546E-1,-7.322536101E-2,1.772330069E2
2.852220208E2,2.415777541E-2,6.677316269E-4,1.580791664E-3,9.997066855E-1,1.772314535E2,1.829411707E-1,-7.211791437E-2,1.772313343E2
2.852270208E2,2.414791316E-2,6.743175909E-4,1.577900141E-3,9.997069240E-1,1.772325840E2,1.826274377E-1,-7.288219570E-2,1.772324638E2
2.852320208E2,2.414044555E-2,6.799275870E-4,1.576466719E-3,9.997071028E-1,1.772334400E2,1.824782037E-1,-7.353019547E-2,1.772333188E2
2.852370208E2,2.413793198E-2,6.805894081E-4,1.576871378E-3,9.997071624E-1,1.772337281E2,1.825262069E-1,-7.360535186E-2,1.772336068E2
2.852420208E2,2.414812121E-2,6.736502983E-4,1.574998489E-3,9.997069240E-1,1.772325601E2,1.822931977E-1,-7.281374370E-2,1.772324402E2
2.852470208E2,2.414770926E-2,6.738986704E-4,1.581196208E-3,9.997069240E-1,1.772326074E2,1.830038555E-1,-7.282512121E-2,1.772324870E2
2.852520208E2,2.414244949E-2,6.770433974E-4,1.584796351E-3,9.997070432E-1,1.772332103E2,1.834246001E-1,-7.317637746E-2,1.772330890E2
2.852570208E2,2.414017077E-2,6.790892803E-4,1.581029152E-3,9.997071028E-1,1.772334715E2,1.829985292E-1,-7.342158941E-2,1.772333501E2
2.852620208E2,2.415284656E-2,6.711363676E-4,1.579275471E-3,9.997068048E-1,1.772320185E2,1.827765471E-1,-7.251305319E-2,1.772318988E2
2.852670208E2,2.415269703E-2,6.708553410E-4,1.581679913E-3,9.997068048E-1,1.772320356E2,1.830512073E-1,-7.247423162E-2,1.772319158E2
2.852720208E2,2.414784889E-2,6.744551356E-4,1.578824711E-3,9.997069240E-1,1.772325913E2,1.827337310E-1,-7.289540576E-2,1.772324710E2
2.852770208E2,2.415057497E-2,6.725019775E-4,1.575698960E-3,9.997068644E-1,1.772322789E2,1.823704429E-1,-7.267980832E-2,1.772321591E2
2.852820208E2,2.415289457E-2,6.701326347E-4,1.578967436E-3,9.997068048E-1,1.772320130E2,1.827384842E-1,-7.239891137E-2,1.772318935E2
2.852870208E2,2.414551356E-2,6.766925217E-4,1.575839706E-3,9.997069836E-1,1.772328590E2,1.823977948E-1,-7.316040265E-2,1.772327385E2
2.852920208E2,2.414814679E-2,6.739562377E-4,1.574475435E-3,9.997069240E-1,1.772325572E2,1.822341260E-1,-7.285023430E-2,1.772324373E2
2.852970208E2,2.416027793E-2,6.659481442E-4,1.580992830E-3,9.997066259E-1,1.772311667E2,1.829594581E-1,-7.191258728E-2,1.772310478E2
2.853020208E2,2.415250732E-2,6.718365476E-4,1.584158279E-3,9.997068048E-1,1.772320574E2,1.833378270E-1,-7.257981180E-2,1.772319372E2
2.853070208E2,2.414493383E-2,6.767464802E-4,1.584674465E-3,9.997069836E-1,1.772329255E2,1.834099971E-1,-7.314224464E-2,1.772328043E2
2.853120208E2,2.414521759E-2,6.757871597E-4,1.580755459E-3,9.997069836E-1,1.772328930E2,1.829584084E-1,-7.304313846E-2,1.772327722E2
2.853170208E2,2.414520216E-2,6.762708654E-4,1.580784330E-3,9.997069836E-1,1.772328947E2,1.829630532E-1,-7.309847377E-2,1.772327739E2
2.853220208E2,2.414809042E-2,6.740526878E-4,1.575298375E-3,9.997069240E-1,1.772325637E2,1.823286635E-1,-7.285901639E-2,1.772324437E2
2.853270208E2,2.414811378E-2,6.739998935E-4,1.574962866E-3,9.997069240E-1,1.772325610E2,1.822900837E-1,-7.285389257E-2,1.772324410E2
2.853320208E2,2.415084211E-2,6.727140280E-4,1.571508474E-3,9.997068644E-1,1.772322483E2,1.818909941E-1,-7.271564929E-2,1.772321288E2
2.853370208E2,2.415347890E-2,6.704467232E-4,1.569869462E-3,9.997068048E-1,1.772319460E2,1.816971473E-1,-7.245996827E-2,1.772318271E2
2.853420208E2,2.415323243E-2,6.713308976E-4,1.573279966E-3,9.997068048E-1,1.772319743E2,1.820902785E-1,-7.255186245E-2,1.772318549E2
2.853470208E2,2.415091339E-2,6.722417311E-4,1.570614870E-3,9.997068644E-1,1.772322401E2,1.817873222E-1,-7.266400407E-2,1.772321208E2
2.853520208E2,2.415333403E-2,6.709880545E-4,1.571865752E-3,9.997068048E-1,1.772319626E2,1.819273269E-1,-7.251648291E-2,1.772318434E2
2.853570208E2,2.415292853E-2,6.703749532E-4,1.578344963E-3,9.997068048E-1,1.772320091E2,1.826678480E-1,-7.242838759E-2,1.772318896E2
2.853620208E2,2.415033741E-2,6.721401005E-4,1.579489792E-3,9.997068644E-1,1.772323061E2,1.828036955E-1,-7.262790443E-2,1.772321862E2
2.853670208E2,2.414570213E-2,6.755645736E-4,1.573432586E-3,9.997069836E-1,1.772328374E2,1.821189316E-1,-7.303781329E-2,1.772327173E2
2.853720208E2,2.415095887E-2,6.721233367E-4,1.569966087E-3,9.997068644E-1,1.772322349E2,1.817126744E-1,-7.265222836E-2,1.772321156E2
2.853770208E2,2.415091073E-2,6.717329961E-4,1.570873312E-3,9.997068644E-1,1.772322404E2,1.818155206E-1,-7.260500962E-2,1.772321211E2
2.853820208E2,2.415091503E-2,6.731746835E-4,1.570189954E-3,9.997068644E-1,1.772322399E2,1.817412270E-1,-7.277205694E-2,1.772321204E2
2.853870208E2,2.414056669E-2,6.796431262E-4,1.574733411E-3,9.997071028E-1,1.772334261E2,1.822788607E-1,-7.350238116E-2,1.772333051E2
2.853920208E2,2.414556461E-2,6.761949626E-4,1.575271017E-3,9.997069836E-1,1.772328532E2,1.823312736E-1,-7.310496751E-2,1.772327328E2
2.853970208E2,2.414263721E-2,6.779351388E-4,1.581552089E-3,9.997070432E-1,1.772331887E2,1.830554238E-1,-7.328747495E-2,1.772330676E2
2.854020208E2,2.413005203E-2,6.860090070E-4,1.581753255E-3,9.997073412E-1,1.772346313E2,1.830998744E-1,-7.421414985E-2,1.772345086E2
2.854070208E2,2.413783685E-2,6.813658983E-4,1.577991876E-3,9.997071624E-1,1.772337390E2,1.826567103E-1,-7.369122300E-2,1.772336174E2
2.854120208E2,2.414823281E-2,6.746156723E-4,1.572872861E-3,9.997069240E-1,1.772325473E2,1.820523692E-1,-7.293019695E-2,1.772324274E2
2.854170208E2,2.414563104E-2,6.751706242E-4,1.574692084E-3,9.997069836E-1,1.772328456E2,1.822621222E-1,-7.298921113E-2,1.772327254E2
2.854220208E2,2.413830907E-2,6.805307930E-4,1.571113826E-3,9.997071624E-1,1.772336849E2,1.818664966E-1,-7.361449456E-2,1.772335640E2
2.854270208E2,2.415109475E-2,6.718849763E-4,1.567976549E-3,9.997068644E-1,1.772322193E2,1.814841064E-1,-7.263040389E-2,1.772321002E2
2.854320208E2,2.415108377E-2,6.722577964E-4,1.567985862E-3,9.997068644E-1,1.772322206E2,1.814862044E-1,-7.267308963E-2,1.772321014E2
2.854370208E2,2.415331268E-2,6.712688482E-4,1.572073903E-3,9.997068048E-1,1.772319651E2,1.819519480E-1,-7.254807783E-2,1.772318458E2
2.854420208E2,2.415841623E-2,6.673270254E-4,1.571139786E-3,9.997066855E-1,1.772313801E2,1.818343938E-1,-7.209816774E-2,1.772312616E2
2.854470208E2,2.416587884E-2,6.619924097E-4,1.572408830E-3,9.997065067E-1,1.772305247E2,1.819655369E-1,-7.148217326E-2,1.772304071E2
2.854520208E2,2.415843400E-2,6.674875622E-4,1.570798340E-3,9.997066855E-1,1.772313780E2,1.817957240E-1,-7.211750056E-2,1.772312596E2
2.854570208E2,2.416324831E-2,6.648454582E-4,1.573734684E-3,9.997065663E-1,1.772308262E2,1.821251372E-1,-7.180582020E-2,1.772307080E2
2.854620208E2,2.416321235E-2,6.641722284E-4,1.574570895E-3,9.997065663E-1,1.772308303E2,1.822190653E-1,-7.172638742E-2,1.772307122E2
2.854670208E2,2.416585845E-2,6.630659336E-4,1.572269830E-3,9.997065067E-1,1.772305270E2,1.819525850E-1,-7.160554262E-2,1.772304093E2
2.854720208E2,2.416061390E-2,6.661047810E-4,1.575783943E-3,9.997066259E-1,1.772311282E2,1.823631947E-1,-7.194489177E-2,1.772310096E2
2.854770208E2,2.416046876E-2,6.651964504E-4,1.578390831E-3,9.997066259E-1,1.772311448E2,1.826593098E-1,-7.183364402E-2,1.772310262E2
2.854820208E2,2.415321165E-2,6.711785682E-4,1.573663903E-3,9.997068048E-1,1.772319766E2,1.821338386E-1,-7.253335298E-2,1.772318573E2
2.854870208E2,2.415593042E-2,6.684562541E-4,1.570954453E-3,9.997067451E-1,1.772316650E2,1.818161092E-1,-7.222849509E-2,1.772315464E2
2.854920208E2,2.416089075E-2,6.653278833E-4,1.571862493E-3,9.997066259E-1,1.772310964E2,1.819118287E-1,-7.186669898E-2,1.772309783E2
2.854970208E2,2.415808197E-2,6.679890212E-4,1.575990696E-3,9.997066855E-1,1.772314184E2,1.823919146E-1,-7.216063601E-2,1.772312995E2
2.855020208E2,2.415574427E-2,6.684936816E-4,1.573798247E-3,9.997067451E-1,1.772316863E2,1.821419796E-1,-7.222494447E-2,1.772315675E2
2.855070208E2,2.416057227E-2,6.663652603E-4,1.576312003E-3,9.997066259E-1,1.772311329E2,1.824244066E-1,-7.197327729E-2,1.772310143E2
2.855120208E2,2.415783459E-2,6.683854735E-4,1.579610514E-3,9.997066855E-1,1.772314467E2,1.828076747E-1,-7.219607680E-2,1.772313275E2
2.855170208E2,2.414744372E-2,6.749617751E-4,1.584793790E-3,9.997069240E-1,1.772326378E2,1.834189114E-1,-7.293700169E-2,1.772325169E2
2.855220208E2,2.415496009E-2,6.689996808E-4,1.585575170E-3,9.997067451E-1,1.772317762E2,1.834924684E-1,-7.225045415E-2,1.772316564E2
2.855270208E2,2.416211228E-2,6.648027920E-4,1.591099193E-3,9.997065663E-1,1.772309564E2,1.841141864E-1,-7.175305887E-2,1.772308370E2
2.855320208E2,2.414952314E-2,6.724366685E-4,1.591765787E-3,9.997068644E-1,1.772323994E2,1.842107749E-1,-7.262805430E-2,1.772322786E2
2.855370208E2,2.415252924E-2,6.717550568E-4,1.583858626E-3,9.997068048E-1,1.772320549E2,1.833032753E-1,-7.257130175E-2,1.772319347E2
2.855420208E2,2.415774510E-2,6.682523526E-4,1.581034740E-3,9.997066855E-1,1.772314570E2,1.829704565E-1,-7.217690028E-2,1.772313377E2
2.855470208E2,2.414969991E-2,6.727126311E-4,1.588964951E-3,9.997068644E-1,1.772323792E2,1.838906924E-1,-7.266738669E-2,1.772322584E2
2.855520208E2,2.413696064E-2,6.807158934E-4,1.591616310E-3,9.997071624E-1,1.772338394E2,1.842156408E-1,-7.357923437E-2,1.772337170E2
2.855570208E2,2.414475530E-2,6.763279671E-4,1.587570761E-3,9.997069836E-1,1.772329460E2,1.837406210E-1,-7.308631957E-2,1.772328246E2
2.855620208E2,2.414751968E-2,6.749304594E-4,1.583649428E-3,9.997069240E-1,1.772326291E2,1.832877340E-1,-7.293656700E-2,1.772325083E2
2.855670208E2,2.413490704E-2,6.827399484E-4,1.584436744E-3,9.997072220E-1,1.772340748E2,1.833986088E-1,-7.383134170E-2,1.772339525E2
2.855720208E2,2.413997249E-2,6.796597736E-4,1.583809033E-3,9.997071028E-1,1.772334942E2,1.833185516E-1,-7.347929013E-2,1.772333725E2
2.855770208E2,2.414499021E-2,6.768336170E-4,1.583777950E-3,9.997069836E-1,1.772329190E2,1.833075392E-1,-7.315469712E-2,1.772327979E2
2.855820208E2,2.413978636E-2,6.788005121E-4,1.587011153E-3,9.997071028E-1,1.772335155E2,1.836829904E-1,-7.337203080E-2,1.772333938E2
2.855870208E2,2.414452859E-2,6.765338476E-4,1.590927364E-3,9.997069836E-1,1.772329719E2,1.841257011E-1,-7.310065916E-2,1.772328503E2
2.855920208E2,2.414469200E-2,6.769499159E-4,1.588268206E-3,9.997069836E-1,1.772329532E2,1.838222355E-1,-7.315565067E-2,1.772328317E2
2.855970208E2,2.414761417E-2,6.746946601E-4,1.582308556E-3,9.997069240E-1,1.772326183E2,1.831334803E-1,-7.291324749E-2,1.772324976E2
2.856020208E2,2.414496517E-2,6.753763882E-4,1.584781450E-3,9.997069836E-1,1.772329219E2,1.834184643E-1,-7.298498784E-2,1.772328010E2
2.856070208E2,2.414230403E-2,6.772158667E-4,1.586936996E-3,9.997070432E-1,1.772332269E2,1.836702954E-1,-7.319023952E-2,1.772331055E2
2.856120208E2,2.413737641E-2,6.806104211E-4,1.585343853E-3,9.997071624E-1,1.772337918E2,1.834968171E-1,-7.358442509E-2,1.772336698E2
2.856170208E2,2.413987165E-2,6.794001092E-4,1.585456426E-3,9.997071028E-1,1.772335057E2,1.835065485E-1,-7.344500471E-2,1.772333840E2
2.856220208E2,2.413953317E-2,6.801945274E-4,1.590262167E-3,9.997071028E-1,1.772335445E2,1.840592593E-1,-7.352277965E-2,1.772334223E2
2.856270208E2,2.413710936E-2,6.809583865E-4,1.589255524E-3,9.997071624E-1,1.772338224E2,1.839458747E-1,-7.361351652E-2,1.772337001E2
2.856320208E2,2.413237144E-2,6.845891476E-4,1.584652346E-3,9.997072816E-1,1.772343655E2,1.834282348E-1,-7.404305128E-2,1.772342428E2
2.856370208E2,2.414221832E-2,6.777697126E-4,1.588004176E-3,9.997070432E-1,1.772332368E2,1.837940759E-1,-7.325075028E-2,1.772331151E2
2.856420208E2,2.414406333E-2,6.769828615E-4,1.597782481E-3,9.997069836E-1,1.772330253E2,1.849122204E-1,-7.313321604E-2,1.772329031E2
2.856470208E2,2.414408142E-2,6.767839077E-4,1.597593422E-3,9.997069836E-1,1.772330232E2,1.848900130E-1,-7.311094404E-2,1.772329011E2
2.856520208E2,2.414196728E-2,6.774871144E-4,1.591936336E-3,9.997070432E-1,1.772332655E2,1.842437375E-1,-7.320754386E-2,1.772331437E2
2.856570208E2,2.414695817E-2,6.742838304E-4,1.592462184E-3,9.997069240E-1,1.772326934E2,1.842954784E-1,-7.283820709E-2,1.772325722E2
2.856620208E2,2.414385610E-2,6.763263955E-4,1.601188327E-3,9.997069836E-1,1.772330490E2,1.853005570E-1,-7.304862760E-2,1.772329267E2
2.856670208E2,2.413943032E-2,6.792960921E-4,1.592206303E-3,9.997071028E-1,1.772335563E2,1.842794833E-1,-7.341449754E-2,1.772334341E2
2.856720208E2,2.413210840E-2,6.841229624E-4,1.588854007E-3,9.997072816E-1,1.772343956E2,1.839082616E-1,-7.397807474E-2,1.772342727E2
2.856770208E2,2.413900610E-2,6.805238663E-4,1.598102506E-3,9.997071028E-1,1.772336050E2,1.849583083E-1,-7.353891675E-2,1.772334821E2
2.856820208E2,2.414132542E-2,6.782516721E-4,1.601316966E-3,9.997070432E-1,1.772333391E2,1.853204356E-1,-7.326929669E-2,1.772332164E2
2.856870208E2,2.413662990E-2,6.820425624E-4,1.596057904E-3,9.997071624E-1,1.772338773E2,1.847281082E-1,-7.371899056E-2,1.772337543E2
2.856920208E2,2.412917875E-2,6.858103443E-4,1.595104812E-3,9.997073412E-1,1.772347314E2,1.846287933E-1,-7.415463262E-2,1.772346078E2
2.856970208E2,2.413138570E-2,6.848234334E-4,1.599493087E-3,9.997072816E-1,1.772344784E2,1.851289414E-1,-7.402903118E-2,1.772343547E2
2.857020208E2,2.413924914E-2,6.798569229E-4,1.594711794E-3,9.997071028E-1,1.772335771E2,1.845680465E-1,-7.347184773E-2,1.772334546E2
2.857070208E2,2.414477938E-2,6.767603336E-4,1.587020117E-3,9.997069836E-1,1.772329432E2,1.836787383E-1,-7.313736978E-2,1.772328218E2
2.857120208E2,2.414472562E-2,6.761305267E-4,1.588106155E-3,9.997069836E-1,1.772329494E2,1.838014064E-1,-7.306222525E-2,1.772328280E2
2.857170208E2,2.414741828E-2,6.745472783E-4,1.585357822E-3,9.997069240E-1,1.772326407E2,1.834823771E-1,-7.288796163E-2,1.772325199E2
2.857220208E2,2.414501071E-2,6.757799420E-4,1.583915437E-3,9.997069836E-1,1.772329167E2,1.833203752E-1,-7.303360601E-2,1.772327957E2
2.857270208E2,2.414712924E-2,6.751153851E-4,1.589513035E-3,9.997069240E-1,1.772326738E2,1.839599425E-1,-7.294159764E-2,1.772325526E2
2.857320208E2,2.414697175E-2,6.745188148E-4,1.592156710E-3,9.997069240E-1,1.772326919E2,1.842611352E-1,-7.286596922E-2,1.772325706E2
2.857370208E2,2.414933368E-2,6.727081491E-4,1.594523201E-3,9.997068644E-1,1.772324212E2,1.845273972E-1,-7.265155852E-2,1.772323000E2
2.857420208E2,2.414941868E-2,6.722405087E-4,1.593432622E-3,9.997068644E-1,1.772324114E2,1.844011742E-1,-7.260098899E-2,1.772322904E2
2.857470208E2,2.415447853E-2,6.695658667E-4,1.592656481E-3,9.997067451E-1,1.772318314E2,1.843052242E-1,-7.229580243E-2,1.772317110E2
2.857520208E2,2.416176810E-2,6.640871870E-4,1.596615068E-3,9.997065663E-1,1.772309959E2,1.847440694E-1,-7.165587132E-2,1.772308762E2
2.857570208E2,2.416413896E-2,6.635825266E-4,1.598264673E-3,9.997065067E-1,1.772307241E2,1.849318177E-1,-7.159305235E-2,1.772306044E2
2.857620208E2,2.414910039E-2,6.726224092E-4,1.598088536E-3,9.997068644E-1,1.772324479E2,1.849355820E-1,-7.263191265E-2,1.772323265E2
2.857670208E2,2.415443694E-2,6.688613794E-4,1.593583031E-3,9.997067451E-1,1.772318362E2,1.844094149E-1,-7.221254074E-2,1.772317158E2
2.857720208E2,2.415691094E-2,6.681568339E-4,1.593769295E-3,9.997066855E-1,1.772315526E2,1.844289812E-1,-7.213085742E-2,1.772314324E2
2.857770208E2,2.415159242E-2,6.718601217E-4,1.598036033E-3,9.997068048E-1,1.772321622E2,1.849276384E-1,-7.254427082E-2,1.772320410E2
2.857820208E2,2.415183294E-2,6.712870090E-4,1.594638219E-3,9.997068048E-1,1.772321347E2,1.845368215E-1,-7.248797590E-2,1.772320138E2
2.857870208E2,2.415928469E-2,6.660466315E-4,1.596057671E-3,9.997066259E-1,1.772312805E2,1.846854623E-1,-7.188234345E-2,1.772311605E2
2.857920208E2,2.414904156E-2,6.726979627E-4,1.598945470E-3,9.997068644E-1,1.772324546E2,1.850339557E-1,-7.263820731E-2,1.772323332E2
2.857970208E2,2.414202154E-2,6.776496884E-4,1.591044129E-3,9.997070432E-1,1.772332593E2,1.841419815E-1,-7.322862640E-2,1.772331375E2
2.858020208E2,2.414510973E-2,6.757036317E-4,1.582437777E-3,9.997069836E-1,1.772329053E2,1.831508930E-1,-7.302893451E-2,1.772327845E2
2.858070208E2,2.414764627E-2,6.737104268E-4,1.582238008E-3,9.997069240E-1,1.772326146E2,1.831226770E-1,-7.280068501E-2,1.772324941E2
2.858120208E2,2.414222833E-2,6.784689031E-4,1.587553415E-3,9.997070432E-1,1.772332356E2,1.837443728E-1,-7.333209340E-2,1.772331139E2
2.858170208E2,2.413995885E-2,6.797851529E-4,1.583963051E-3,9.997071028E-1,1.772334957E2,1.833365415E-1,-7.349322977E-2,1.772333741E2
2.858220208E2,2.414247697E-2,6.782371784E-4,1.583867008E-3,9.997070432E-1,1.772332071E2,1.833214411E-1,-7.331570078E-2,1.772330857E2
2.858270208E2,2.413755899E-2,6.810773630E-4,1.582360710E-3,9.997071624E-1,1.772337708E2,1.831563782E-1,-7.364613515E-2,1.772336490E2
2.858320208E2,2.413752856E-2,6.818209658E-4,1.582504599E-3,9.997071624E-1,1.772337743E2,1.831749167E-1,-7.373092841E-2,1.772336523E2
2.858370208E2,2.414517134E-2,6.755274953E-4,1.581572811E-3,9.997069836E-1,1.772328983E2,1.830513210E-1,-7.301113871E-2,1.772327775E2
2.858420208E2,2.415007052E-2,6.731684553E-4,1.583128469E-3,9.997068644E-1,1.772323367E2,1.832233632E-1,-7.273568940E-2,1.772322163E2
2.858470208E2,2.414735955E-2,6.738906377E-4,1.586531289E-3,9.997069240E-1,1.772326474E2,1.836149860E-1,-7.280950174E-2,1.772325267E2
2.858520208E2,2.414733842E-2,6.738029188E-4,1.586890081E-3,9.997069240E-1,1.772326499E2,1.836558443E-1,-7.279846386E-2,1.772325291E2
2.858570208E2,2.415019218E-2,6.731293397E-4,1.581288059E-3,9.997068644E-1,1.772323227E2,1.830124294E-1,-7.273627950E-2,1.772322025E2
2.858620208E2,2.415254946E-2,6.710765883E-4,1.583837904E-3,9.997068048E-1,1.772320525E2,1.832990249E-1,-7.249363140E-2,1.772319325E2
2.858670208E2,2.416007062E-2,6.666487316E-4,1.583863050E-3,9.997066259E-1,1.772311904E2,1.832901906E-1,-7.198493643E-2,1.772310712E2
2.858720208E2,2.415496548E-2,6.687747082E-4,1.585587976E-3,9.997067451E-1,1.772317756E2,1.834933130E-1,-7.222464531E-2,1.772316559E2
2.858770208E2,2.414739317E-2,6.752262707E-4,1.585451304E-3,9.997069240E-1,1.772326436E2,1.834949634E-1,-7.296549158E-2,1.772325226E2
2.858820208E2,2.415247478E-2,6.704182015E-4,1.585254911E-3,9.997068048E-1,1.772320611E2,1.834595270E-1,-7.241429963E-2,1.772319411E2
2.858870208E2,2.415251793E-2,6.707520806E-4,1.584456069E-3,9.997068048E-1,1.772320562E2,1.833689403E-1,-7.245475127E-2,1.772319361E2
2.858920208E2,2.414761555E-2,6.747858715E-4,1.582248486E-3,9.997069240E-1,1.772326181E2,1.831268513E-1,-7.292386246E-2,1.772324975E2
2.858970208E2,2.414796399E-2,6.741710240E-4,1.577184768E-3,9.997069240E-1,1.772325782E2,1.825450840E-1,-7.286737563E-2,1.772324580E2
2.859020208E2,2.414997215E-2,6.725729327E-4,1.584881218E-3,9.997068644E-1,1.772323480E2,1.834224998E-1,-7.266263481E-2,1.772322276E2
2.859070208E2,2.414458003E-2,6.768223830E-4,1.590023749E-3,9.997069836E-1,1.772329660E2,1.840229865E-1,-7.313620394E-2,1.772328445E2
2.859120208E2,2.414737164E-2,6.741312682E-4,1.586245024E-3,9.997069240E-1,1.772326461E2,1.835828587E-1,-7.283785782E-2,1.772325253E2
2.859170208E2,2.414998400E-2,6.735430798E-4,1.584288431E-3,9.997068644E-1,1.772323466E2,1.833572771E-1,-7.277541129E-2,1.772322261E2
2.859220208E2,2.414952785E-2,6.731062313E-4,1.591411419E-3,9.997068644E-1,1.772323989E2,1.841720326E-1,-7.270573790E-2,1.772322779E2
2.859270208E2,2.415214131E-2,6.715857307E-4,1.589834807E-3,9.997068048E-1,1.772320993E2,1.839873998E-1,-7.253543461E-2,1.772319787E2
2.859320208E2,2.415514074E-2,6.693159230E-4,1.582687022E-3,9.997067451E-1,1.772317555E2,1.831624955E-1,-7.229464375E-2,1.772316359E2
2.859370208E2,2.415464034E-2,6.694648182E-4,1.590243075E-3,9.997067451E-1,1.772318129E2,1.840284804E-1,-7.229087710E-2,1.772316927E2
2.859420208E2,2.415192978E-2,6.715498166E-4,1.593060093E-3,9.997068048E-1,1.772321236E2,1.843567685E-1,-7.252243256E-2,1.772320028E2
2.859470208E2,2.415450261E-2,6.688200519E-4,1.592604676E-3,9.997067451E-1,1.772318287E2,1.842972266E-1,-7.221050235E-2,1.772317084E2
2.859520208E2,2.415190583E-2,6.707580178E-4,1.593756722E-3,9.997068048E-1,1.772321263E2,1.844343798E-1,-7.242980201E-2,1.772320056E2
2.859570208E2,2.415450146E-2,6.689857692E-4,1.592552522E-3,9.997067451E-1,1.772318288E2,1.842917106E-1,-7.222963115E-2,1.772317085E2
2.859620208E2,2.415686940E-2,6.683833199E-4,1.594303874E-3,9.997066855E-1,1.772315574E2,1.844908458E-1,-7.215533099E-2,1.772314371E2
2.859670208E2,2.416186506E-2,6.647626869E-4,1.594865695E-3,9.997065663E-1,1.772309847E2,1.845455416E-1,-7.173808109E-2,1.772308651E2
2.859720208E2,2.416189861E-2,6.641054642E-4,1.594631118E-3,9.997065663E-1,1.772309809E2,1.845168514E-1,-7.166343431E-2,1.772308614E2
2.859770208E2,2.416669307E-2,6.614361773E-4,1.597819151E-3,9.997064471E-1,1.772304313E2,1.848750178E-1,-7.134793232E-2,1.772303121E2
2.859820208E2,2.416903790E-2,6.600658526E-4,1.600209973E-3,9.997063875E-1,1.772301626E2,1.851452779E-1,-7.118389526E-2,1.772300434E2
2.859870208E2,2.416916470E-2,6.591638667E-4,1.598665956E-3,9.997063875E-1,1.772301480E2,1.849659086E-1,-7.108481859E-2,1.772300291E2
2.859920208E2,2.416969009E-2,6.595491432E-4,1.590543310E-3,9.997063875E-1,1.772300878E2,1.840364966E-1,-7.115135569E-2,1.772299694E2
2.859970208E2,2.416965879E-2,6.586732925E-4,1.591381617E-3,9.997063875E-1,1.772300914E2,1.841301033E-1,-7.104870388E-2,1.772299731E2
2.860020208E2,2.416708938E-2,6.603127113E-4,1.592280110E-3,9.997064471E-1,1.772303859E2,1.842373913E-1,-7.123449725E-2,1.772302673E2
2.860070208E2,2.417005122E-2,6.586313248E-4,1.585427672E-3,9.997063875E-1,1.772300464E2,1.834479412E-1,-7.106031514E-2,1.772299286E2
2.860120208E2,2.417733822E-2,6.536152796E-4,1.589143998E-3,9.997062087E-1,1.772292111E2,1.838602962E-1,-7.047405360E-2,1.772290940E2
2.860170208E2,2.418704386E-2,6.472876412E-4,1.594020054E-3,9.997059703E-1,1.772280986E2,1.844020327E-1,-6.973387239E-2,1.772279823E2
2.860220208E2,2.418446795E-2,6.491863751E-4,1.594949747E-3,9.997060299E-1,1.772283939E2,1.845136197E-1,-6.994928591E-2,1.772282771E2
2.860270208E2,2.417976231E-2,6.526292418E-4,1.590163214E-3,9.997061491E-1,1.772289333E2,1.839744943E-1,-7.035782517E-2,1.772288162E2
2.860320208E2,2.418994806E-2,6.452217349E-4,1.588158659E-3,9.997059107E-1,1.772277657E2,1.837250369E-1,-6.951291909E-2,1.772276502E2
2.860370208E2,2.419238550E-2,6.441648584E-4,1.588979503E-3,9.997058511E-1,1.772274863E2,1.838163106E-1,-6.938912192E-2,1.772273710E2
2.860420208E2,2.418747896E-2,6.467153435E-4,1.587637467E-3,9.997059703E-1,1.772280488E2,1.836692988E-1,-6.968592216E-2,1.772279330E2
2.860470208E2,2.419024068E-2,6.456543924E-4,1.583518926E-3,9.997059107E-1,1.772277322E2,1.831947371E-1,-6.957529153E-2,1.772276169E2
2.860520208E2,2.419009842E-2,6.453067763E-4,1.585832215E-3,9.997059107E-1,1.772277485E2,1.834587698E-1,-6.952908276E-2,1.772276331E2
2.860570208E2,2.419007037E-2,6.451559020E-4,1.586321392E-3,9.997059107E-1,1.772277517E2,1.835143889E-1,-6.951044802E-2,1.772276363E2
2.860620208E2,2.419506399E-2,6.423851009E-4,1.586415572E-3,9.997057915E-1,1.772271793E2,1.835178420E-1,-6.919185312E-2,1.772270644E2
2.860670208E2,2.420747807E-2,6.342177512E-4,1.588124316E-3,9.997054935E-1,1.772257564E2,1.836917931E-1,-6.824920003E-2,1.772256429E2
2.860720208E2,2.419945309E-2,6.396297249E-4,1.595677575E-3,9.997056723E-1,1.772266762E2,1.845715425E-1,-6.884971227E-2,1.772265612E2
2.860770208E2,2.419182378E-2,6.447442574E-4,1.597275026E-3,9.997058511E-1,1.772275507E2,1.847681984E-1,-6.943260227E-2,1.772274347E2
2.860820208E2,2.419711992E-2,6.413218216E-4,1.593035646E-3,9.997057319E-1,1.772269437E2,1.842734195E-1,-6.905131185E-2,1.772268285E2
2.860870208E2,2.419485043E-2,6.416981923E-4,1.589946682E-3,9.997057915E-1,1.772272038E2,1.839204402E-1,-6.910341102E-2,1.772270888E2
2.860920208E2,2.419698807E-2,6.400517304E-4,1.595547190E-3,9.997057319E-1,1.772269588E2,1.845576063E-1,-6.889887298E-2,1.772268437E2
2.860970208E2,2.419176730E-2,6.445024628E-4,1.598227653E-3,9.997058511E-1,1.772275572E2,1.848766553E-1,-6.940227227E-2,1.772274411E2
2.861020208E2,2.419196754E-2,6.438761484E-4,1.595446840E-3,9.997058511E-1,1.772275342E2,1.845563677E-1,-6.933819527E-2,1.772274185E2
2.861070208E2,2.418701161E-2,6.476081326E-4,1.594379195E-3,9.997059703E-1,1.772281023E2,1.844440614E-1,-6.976959771E-2,1.772279859E2
2.861120208E2,2.419186782E-2,6.435281248E-4,1.597098424E-3,9.997058511E-1,1.772275457E2,1.847445985E-1,-6.929376614E-2,1.772274299E2
2.861170208E2,2.418213252E-2,6.501195603E-4,1.592618879E-3,9.997060895E-1,1.772286616E2,1.842490224E-1,-7.006307999E-2,1.772285448E2
2.861220208E2,2.418214932E-2,6.511291140E-4,1.591951237E-3,9.997060895E-1,1.772286597E2,1.841753376E-1,-7.018057942E-2,1.772285428E2
2.861270208E2,2.418957282E-2,6.451734807E-4,1.593883382E-3,9.997059107E-1,1.772278087E2,1.843806912E-1,-6.949159099E-2,1.772276928E2
2.861320208E2,2.419462892E-2,6.419210695E-4,1.593224239E-3,9.997057915E-1,1.772272292E2,1.842965139E-1,-6.911989668E-2,1.772271139E2
2.861370208E2,2.418763713E-2,6.467690109E-4,1.585204038E-3,9.997059703E-1,1.772280306E2,1.833906892E-1,-6.969878616E-2,1.772279150E2
2.861420208E2,2.418537216E-2,6.493016845E-4,1.581131946E-3,9.997060299E-1,1.772282902E2,1.829310596E-1,-7.000062548E-2,1.772281744E2
2.861470208E2,2.418793935E-2,6.478162832E-4,1.580156968E-3,9.997059703E-1,1.772279960E2,1.828154299E-1,-6.983269377E-2,1.772278805E2
2.861520208E2,2.419266172E-2,6.431888905E-4,1.585164689E-3,9.997058511E-1,1.772274547E2,1.833766055E-1,-6.928784248E-2,1.772273397E2
2.861570208E2,2.418776682E-2,6.466683117E-4,1.583265024E-3,9.997059703E-1,1.772280158E2,1.831682891E-1,-6.969260110E-2,1.772279003E2
2.861620208E2,2.418791752E-2,6.471483503E-4,1.580764656E-3,9.997059703E-1,1.772279985E2,1.828831925E-1,-6.975449635E-2,1.772278831E2
2.861670208E2,2.418998240E-2,6.457123673E-4,1.587436069E-3,9.997059107E-1,1.772277618E2,1.836436208E-1,-6.957112168E-2,1.772276462E2
2.861720208E2,2.418995996E-2,6.456894916E-4,1.587787294E-3,9.997059107E-1,1.772277644E2,1.836837916E-1,-6.956753159E-2,1.772276488E2
2.861770208E2,2.418732076E-2,6.470571971E-4,1.589906751E-3,9.997059703E-1,1.772280669E2,1.839302005E-1,-6.971882330E-2,1.772279509E2
2.861820208E2,2.419225672E-2,6.448017084E-4,1.590680913E-3,9.997058511E-1,1.772275011E2,1.840129778E-1,-6.945738490E-2,1.772273855E2
2.861870208E2,2.418688994E-2,6.479407311E-4,1.596088870E-3,9.997059703E-1,1.772281163E2,1.846408323E-1,-6.980298319E-2,1.772279997E2
2.861920208E2,2.418211956E-2,6.507597282E-4,1.592554152E-3,9.997060895E-1,1.772286631E2,1.842433807E-1,-7.013659804E-2,1.772285462E2
2.861970208E2,2.418711281E-2,6.482549361E-4,1.592580113E-3,9.997059703E-1,1.772280907E2,1.842397617E-1,-6.984866212E-2,1.772279743E2
2.862020208E2,2.418176766E-2,6.506917416E-4,1.597916242E-3,9.997060895E-1,1.772287034E2,1.848574392E-1,-7.011401536E-2,1.772285862E2
2.862070208E2,2.417652597E-2,6.537898444E-4,1.601382392E-3,9.997062087E-1,1.772293042E2,1.852627319E-1,-7.046029371E-2,1.772291862E2
2.862120208E2,2.417662858E-2,6.542694755E-4,1.599636395E-3,9.997062087E-1,1.772292925E2,1.850640497E-1,-7.052005763E-2,1.772291744E2
2.862170208E2,2.417648148E-2,6.549950340E-4,1.601561555E-3,9.997062087E-1,1.772293093E2,1.852865927E-1,-7.059786961E-2,1.772291910E2
2.862220208E2,2.417893394E-2,6.530114915E-4,1.602553762E-3,9.997061491E-1,1.772290282E2,1.853949350E-1,-7.036743533E-2,1.772289102E2
2.862270208E2,2.417651530E-2,6.541812327E-4,1.601383672E-3,9.997062087E-1,1.772293055E2,1.852639623E-1,-7.050512878E-2,1.772291873E2
2.862320208E2,2.418389299E-2,6.500642048E-4,1.603288460E-3,9.997060299E-1,1.772284598E2,1.854712809E-1,-7.002684454E-2,1.772283423E2
2.862370208E2,2.419370918E-2,6.434120005E-4,1.606534002E-3,9.997057915E-1,1.772273346E2,1.858253272E-1,-6.925396262E-2,1.772272182E2
2.862420208E2,2.419607480E-2,6.416215328E-4,1.608712133E-3,9.997057319E-1,1.772270635E2,1.860700489E-1,-6.904237124E-2,1.772269472E2
2.862470208E2,2.419393879E-2,6.429041387E-4,1.603276236E-3,9.997057915E-1,1.772273083E2,1.854507310E-1,-6.920477266E-2,1.772271922E2
2.862520208E2,2.419192734E-2,6.438937271E-4,1.596049056E-3,9.997058511E-1,1.772275389E2,1.846254025E-1,-6.933854694E-2,1.772274230E2
2.862570208E2,2.419198457E-2,6.436789408E-4,1.595268142E-3,9.997058511E-1,1.772275323E2,1.845353509E-1,-6.931609585E-2,1.772274166E2
2.862620208E2,2.419177447E-2,6.441483274E-4,1.598261879E-3,9.997058511E-1,1.772275564E2,1.848795948E-1,-6.936160706E-2,1.772274404E2
2.862670208E2,2.418436581E-2,6.496460992E-4,1.596310758E-3,9.997060299E-1,1.772284056E2,1.846708018E-1,-6.999819783E-2,1.772282887E2
2.862720208E2,2.418217010E-2,6.501003518E-4,1.592055894E-3,9.997060895E-1,1.772286573E2,1.841844773E-1,-7.006243271E-2,1.772285406E2
2.862770208E2,2.418712593E-2,6.479207077E-4,1.592516899E-3,9.997059703E-1,1.772280892E2,1.842315945E-1,-6.981054641E-2,1.772279729E2
2.862820208E2,2.418416975E-2,6.489658263E-4,1.599554438E-3,9.997060299E-1,1.772284281E2,1.850404930E-1,-6.991131379E-2,1.772283110E2
2.862870208E2,2.418140093E-2,6.517108995E-4,1.603042474E-3,9.997060895E-1,1.772287454E2,1.854474902E-1,-7.021663045E-2,1.772286277E2
2.862920208E2,2.417656061E-2,6.542818155E-4,1.600658405E-3,9.997062087E-1,1.772293003E2,1.851811588E-1,-7.051865233E-2,1.772291822E2
2.862970208E2,2.417863382E-2,6.526065408E-4,1.607240061E-3,9.997061491E-1,1.772290626E2,1.859306460E-1,-7.030811593E-2,1.772289444E2
2.863020208E2,2.418355151E-2,6.488202489E-4,1.608933322E-3,9.997060299E-1,1.772284989E2,1.861144748E-1,-6.986875900E-2,1.772283813E2
2.863070208E2,2.417840568E-2,6.528000813E-4,1.610589912E-3,9.997061491E-1,1.772290888E2,1.863149193E-1,-7.032104831E-2,1.772289703E2
2.863120208E2,2.417876472E-2,6.528554368E-4,1.605168451E-3,9.997061491E-1,1.772290476E2,1.856940247E-1,-7.034234461E-2,1.772289295E2
2.863170208E2,2.418381999E-2,6.496785791E-4,1.604545512E-3,9.997060299E-1,1.772284682E2,1.856142127E-1,-6.997919783E-2,1.772283507E2
2.863220208E2,2.417886013E-2,6.534084678E-4,1.603505341E-3,9.997061491E-1,1.772290367E2,1.855050410E-1,-7.041028914E-2,1.772289185E2
2.863270208E2,2.417159440E-2,6.576964515E-4,1.599808107E-3,9.997063279E-1,1.772298695E2,1.850928591E-1,-7.091310124E-2,1.772297508E2
2.863320208E2,2.417654139E-2,6.544398493E-4,1.600884018E-3,9.997062087E-1,1.772293025E2,1.852074411E-1,-7.053613485E-2,1.772291843E2
2.863370208E2,2.418434465E-2,6.494499394E-4,1.596711110E-3,9.997060299E-1,1.772284080E2,1.847161203E-1,-6.997462053E-2,1.772282911E2
2.863420208E2,2.417926045E-2,6.528439117E-4,1.597688417E-3,9.997061491E-1,1.772289908E2,1.848371280E-1,-7.036165837E-2,1.772288732E2
2.863470208E2,2.417939938E-2,6.531961844E-4,1.595440204E-3,9.997061491E-1,1.772289749E2,1.845805626E-1,-7.040821784E-2,1.772288573E2
2.863520208E2,2.418647270E-2,6.471057422E-4,1.602736535E-3,9.997059703E-1,1.772281641E2,1.854000334E-1,-6.968898043E-2,1.772280472E2
2.863570208E2,2.418646185E-2,6.480668089E-4,1.602511969E-3,9.997059703E-1,1.772281653E2,1.853769708E-1,-6.979970265E-2,1.772280483E2
2.863620208E2,2.417887351E-2,6.528255180E-4,1.603541081E-3,9.997061491E-1,1.772290352E2,1.855075208E-1,-7.034340612E-2,1.772289171E2
2.863670208E2,2.418399414E-2,6.494828849E-4,1.601997879E-3,9.997060299E-1,1.772284482E2,1.853218301E-1,-6.996380770E-2,1.772283309E2
2.863720208E2,2.419656447E-2,6.408613408E-4,1.601634664E-3,9.997057319E-1,1.772270073E2,1.852571923E-1,-6.897481882E-2,1.772268917E2
2.863770208E2,2.418381573E-2,6.487107603E-4,1.605001162E-3,9.997060299E-1,1.772284686E2,1.856637284E-1,-6.986706454E-2,1.772283513E2
2.863820208E2,2.418869833E-2,6.460255827E-4,1.606757636E-3,9.997059107E-1,1.772279090E2,1.858578445E-1,-6.955368061E-2,1.772277920E2
2.863870208E2,2.419888778E-2,6.387712783E-4,1.604569843E-3,9.997056723E-1,1.772267410E2,1.855878051E-1,-6.872681562E-2,1.772266256E2
2.863920208E2,2.419901561E-2,6.398357218E-4,1.602216158E-3,9.997056723E-1,1.772267264E2,1.853211320E-1,-6.885525932E-2,1.772266109E2
2.863970208E2,2.419388618E-2,6.432334776E-4,1.603937824E-3,9.997057915E-1,1.772273143E2,1.855274309E-1,-6.924067651E-2,1.772271981E2
2.864020208E2,2.418900855E-2,6.454011891E-4,1.602332224E-3,9.997059107E-1,1.772278734E2,1.853491677E-1,-6.949436086E-2,1.772277569E2
2.864070208E2,2.420381319E-2,6.360033294E-4,1.605651923E-3,9.997055531E-1,1.772261764E2,1.857044269E-1,-6.840580963E-2,1.772260614E2
2.864120208E2,2.420099616E-2,6.379746483E-4,1.610214356E-3,9.997056127E-1,1.772264993E2,1.862323658E-1,-6.861950977E-2,1.772263837E2
2.864170208E2,2.419355794E-2,6.422245060E-4,1.609284431E-3,9.997057915E-1,1.772273519E2,1.861371083E-1,-6.911032833E-2,1.772272355E2
2.864220208E2,2.419613583E-2,6.403293810E-4,1.608309103E-3,9.997057319E-1,1.772270565E2,1.860202995E-1,-6.889545123E-2,1.772269405E2
2.864270208E2,2.420091178E-2,6.383286091E-4,1.611341955E-3,9.997056127E-1,1.772265090E2,1.863625175E-1,-6.865694727E-2,1.772263932E2
2.864320208E2,2.419828045E-2,6.393803051E-4,1.613461878E-3,9.997056723E-1,1.772268106E2,1.866081080E-1,-6.877203921E-2,1.772266945E2
2.864370208E2,2.419847129E-2,6.391871138E-4,1.610673848E-3,9.997056723E-1,1.772267888E2,1.862881935E-1,-6.875760340E-2,1.772266728E2
2.864420208E2,2.419851795E-2,6.390140625E-4,1.610041247E-3,9.997056723E-1,1.772267834E2,1.862152472E-1,-6.873952455E-2,1.772266675E2
2.864470208E2,2.420121035E-2,6.377309910E-4,1.607088721E-3,9.997056127E-1,1.772264748E2,1.858736376E-1,-6.860022557E-2,1.772263594E2
2.864520208E2,2.421110849E-2,6.312874029E-4,1.608855440E-3,9.997053742E-1,1.772253402E2,1.860588297E-1,-6.785531997E-2,1.772252259E2
2.864570208E2,2.421387350E-2,6.296228967E-4,1.604927820E-3,9.997053146E-1,1.772250233E2,1.856044573E-1,-6.767502160E-2,1.772249095E2
2.864620208E2,2.421668548E-2,6.279561203E-4,1.600274234E-3,9.997052550E-1,1.772247009E2,1.850669155E-1,-6.749647164E-2,1.772245878E2
2.864670208E2,2.421165709E-2,6.305965944E-4,1.600850723E-3,9.997053742E-1,1.772252773E2,1.851399443E-1,-6.779828999E-2,1.772251637E2
2.864720208E2,2.421155673E-2,6.301337853E-4,1.602549804E-3,9.997053742E-1,1.772252888E2,1.853332969E-1,-6.774057596E-2,1.772251752E2
2.864770208E2,2.420423526E-2,6.354064099E-4,1.599514158E-3,9.997055531E-1,1.772261281E2,1.849996687E-1,-6.835437385E-2,1.772260136E2
2.864820208E2,2.419940454E-2,6.392017822E-4,1.596585149E-3,9.997056723E-1,1.772266818E2,1.846743223E-1,-6.879818018E-2,1.772265668E2
2.864870208E2,2.420152152E-2,6.377219688E-4,1.602399512E-3,9.997056127E-1,1.772264391E2,1.853364466E-1,-6.861213925E-2,1.772263240E2
2.864920208E2,2.420421318E-2,6.352897617E-4,1.599894604E-3,9.997055531E-1,1.772261306E2,1.850429267E-1,-6.833995972E-2,1.772260161E2
2.864970208E2,2.419931478E-2,6.386124296E-4,1.598180621E-3,9.997056723E-1,1.772266921E2,1.848554561E-1,-6.872625729E-2,1.772265771E2
2.865020208E2,2.419691917E-2,6.411811919E-4,1.596138463E-3,9.997057319E-1,1.772269667E2,1.846284689E-1,-6.902663487E-2,1.772268513E2
2.865070208E2,2.419938372E-2,6.383654545E-4,1.597235096E-3,9.997056723E-1,1.772266842E2,1.847464582E-1,-6.870057370E-2,1.772265693E2
2.865120208E2,2.419433367E-2,6.425200263E-4,1.597460825E-3,9.997057915E-1,1.772272630E2,1.847834901E-1,-6.917682004E-2,1.772271474E2
2.865170208E2,2.419953603E-2,6.395283854E-4,1.594459871E-3,9.997056723E-1,1.772266667E2,1.844317691E-1,-6.884146463E-2,1.772265518E2
2.865220208E2,2.420698404E-2,6.337870727E-4,1.595807960E-3,9.997054935E-1,1.772258130E2,1.845707888E-1,-6.817863852E-2,1.772256991E2
2.865270208E2,2.421162576E-2,6.302442052E-4,1.601463184E-3,9.997053742E-1,1.772252809E2,1.852091267E-1,-6.775622753E-2,1.772251673E2
2.865320208E2,2.420695186E-2,6.338265375E-4,1.596280374E-3,9.997054935E-1,1.772258167E2,1.846250149E-1,-6.818185498E-2,1.772257027E2
2.865370208E2,2.421213079E-2,6.300571258E-4,1.593883499E-3,9.997053742E-1,1.772252230E2,1.843403270E-1,-6.775573333E-2,1.772251100E2
2.865420208E2,2.422678324E-2,6.213022862E-4,1.598973409E-3,9.997050166E-1,1.772235435E2,1.849001027E-1,-6.673596528E-2,1.772234317E2
2.865470208E2,2.421674407E-2,6.272843457E-4,1.599650946E-3,9.997052550E-1,1.772246942E2,1.849936524E-1,-6.742123348E-2,1.772245813E2
2.865520208E2,2.421464479E-2,6.289011217E-4,1.593533554E-3,9.997053146E-1,1.772249349E2,1.842972003E-1,-6.762381150E-2,1.772248220E2
2.865570208E2,2.422181638E-2,6.243346725E-4,1.598508097E-3,9.997051358E-1,1.772241128E2,1.848548836E-1,-6.708555902E-2,1.772240005E2
2.865620208E2,2.422172152E-2,6.231573061E-4,1.600403804E-3,9.997051358E-1,1.772241237E2,1.850687776E-1,-6.694543810E-2,1.772240115E2
2.865670208E2,2.421911581E-2,6.250829319E-4,1.601854223E-3,9.997051954E-1,1.772244224E2,1.852401052E-1,-6.716249043E-2,1.772243097E2
2.865720208E2,2.423188458E-2,6.177038886E-4,1.597597729E-3,9.997048974E-1,1.772229587E2,1.847328548E-1,-6.632661744E-2,1.772228477E2
2.865770208E2,2.422903607E-2,6.189417327E-4,1.603014418E-3,9.997049570E-1,1.772232853E2,1.853566287E-1,-6.645390874E-2,1.772231737E2
2.865820208E2,2.422619762E-2,6.209780113E-4,1.607947168E-3,9.997050166E-1,1.772236106E2,1.859271803E-1,-6.667401213E-2,1.772234983E2
2.865870208E2,2.423368828E-2,6.163775106E-4,1.608015038E-3,9.997048378E-1,1.772227520E2,1.859226779E-1,-6.614540742E-2,1.772226406E2
2.865920208E2,2.423621840E-2,6.137751043E-4,1.607934362E-3,9.997047782E-1,1.772224620E2,1.859063748E-1,-6.584703510E-2,1.772223510E2
2.865970208E2,2.423356559E-2,6.157917669E-4,1.610087114E-3,9.997048378E-1,1.772227661E2,1.861584162E-1,-6.607257443E-2,1.772226546E2
2.866020208E2,2.423594587E-2,6.147527019E-4,1.611664426E-3,9.997047782E-1,1.772224932E2,1.863363812E-1,-6.594871749E-2,1.772223819E2
2.866070208E2,2.424103234E-2,6.108296220E-4,1.610602951E-3,9.997046590E-1,1.772219102E2,1.862042173E-1,-6.550129892E-2,1.772217996E2
2.866120208E2,2.423620712E-2,6.132569979E-4,1.608302118E-3,9.997047782E-1,1.772224633E2,1.859470644E-1,-6.578666269E-2,1.772223524E2
2.866170208E2,2.424365067E-2,6.095864228E-4,1.608659048E-3,9.997045994E-1,1.772216101E2,1.859782449E-1,-6.536379376E-2,1.772214999E2
2.866220208E2,2.425099329E-2,6.043977337E-4,1.611064072E-3,9.997044206E-1,1.772207684E2,1.862398190E-1,-6.476133966E-2,1.772206590E2
2.866270208E2,2.425329476E-2,6.029390497E-4,1.613949076E-3,9.997043610E-1,1.772205046E2,1.865664141E-1,-6.458578901E-2,1.772203953E2
2.866320208E2,2.424572366E-2,6.073755794E-4,1.615280402E-3,9.997045398E-1,1.772213724E2,1.867307668E-1,-6.509174167E-2,1.772212622E2
2.866370208E2,2.425304357E-2,6.020282744E-4,1.618058537E-3,9.997043610E-1,1.772205334E2,1.870346382E-1,-6.447007810E-2,1.772204240E2
2.866420208E2,2.425051212E-2,6.031805533E-4,1.618744805E-3,9.997044206E-1,1.772208236E2,1.871162950E-1,-6.460064699E-2,1.772207139E2
2.866470208E2,2.424806821E-2,6.051402888E-4,1.617813017E-3,9.997044802E-1,1.772211037E2,1.870148392E-1,-6.482819646E-2,1.772209938E2
2.866520208E2,2.424575257E-2,6.064909976E-4,1.615178771E-3,9.997045398E-1,1.772213691E2,1.867166681E-1,-6.499068296E-2,1.772212591E2
2.866570208E2,2.424545621E-2,6.074711564E-4,1.619254006E-3,9.997045398E-1,1.772214031E2,1.871862234E-1,-6.509170029E-2,1.772212926E2
2.866620208E2,2.424300639E-2,6.090271636E-4,1.618550159E-3,9.997045994E-1,1.772216839E2,1.871097557E-1,-6.527236707E-2,1.772215732E2
2.866670208E2,2.424336866E-2,6.087163347E-4,1.613232191E-3,9.997045994E-1,1.772216424E2,1.864996995E-1,-6.525146579E-2,1.772215321E2
2.866720208E2,2.424352593E-2,6.092528929E-4,1.610664069E-3,9.997045994E-1,1.772216244E2,1.862070014E-1,-6.532003814E-2,1.772215141E2
2.866770208E2,2.424109029E-2,6.105261855E-4,1.609845553E-3,9.997046590E-1,1.772219035E2,1.861166120E-1,-6.546863113E-2,1.772217931E2
2.866820208E2,2.423135350E-2,6.170265260E-4,1.605893136E-3,9.997048974E-1,1.772230196E2,1.856812447E-1,-6.622608355E-2,1.772229082E2
2.866870208E2,2.423451542E-2,6.148933317E-4,1.596073271E-3,9.997048378E-1,1.772226572E2,1.845505842E-1,-6.600839387E-2,1.772225468E2
2.866920208E2,2.423956115E-2,6.120491307E-4,1.595211681E-3,9.997047186E-1,1.772220788E2,1.844443142E-1,-6.568403043E-2,1.772219690E2
2.866970208E2,2.423456818E-2,6.151250564E-4,1.595182577E-3,9.997048378E-1,1.772226511E2,1.844491952E-1,-6.603740362E-2,1.772225408E2
2.867020208E2,2.423228145E-2,6.162116188E-4,1.592145069E-3,9.997048974E-1,1.772229133E2,1.841040904E-1,-6.617073465E-2,1.772228029E2
2.867070208E2,2.423208695E-2,6.162045756E-4,1.595105277E-3,9.997048974E-1,1.772229356E2,1.844431739E-1,-6.616174340E-2,1.772228250E2
2.867120208E2,2.422923269E-2,6.191550638E-4,1.599957235E-3,9.997049570E-1,1.772232627E2,1.850070091E-1,-6.648679953E-2,1.772231513E2
2.867170208E2,2.422450423E-2,6.215384929E-4,1.596142072E-3,9.997050762E-1,1.772238047E2,1.845762536E-1,-6.677130601E-2,1.772236931E2
2.867220208E2,2.422984010E-2,6.190938875E-4,1.590755885E-3,9.997049570E-1,1.772231931E2,1.839527902E-1,-6.650522784E-2,1.772230823E2
2.867270208E2,2.423194825E-2,6.172872381E-4,1.596792950E-3,9.997048974E-1,1.772229515E2,1.846395080E-1,-6.628110991E-2,1.772228406E2
2.867320208E2,2.421663263E-2,6.265452830E-4,1.601626514E-3,9.997052550E-1,1.772247070E2,1.852179111E-1,-6.733110622E-2,1.772245941E2
2.867370208E2,2.421679706E-2,6.267312565E-4,1.599065494E-3,9.997052550E-1,1.772246882E2,1.849250525E-1,-6.735948771E-2,1.772245754E2
2.867420208E2,2.421464690E-2,6.283206749E-4,1.593730412E-3,9.997053146E-1,1.772249346E2,1.843181414E-1,-6.755677013E-2,1.772248219E2
2.867470208E2,2.421731919E-2,6.272890023E-4,1.590918633E-3,9.997052550E-1,1.772246283E2,1.839933464E-1,-6.744589457E-2,1.772245160E2
2.867520208E2,2.422219318E-2,6.245132536E-4,1.592718181E-3,9.997051358E-1,1.772240696E2,1.841921226E-1,-6.712201871E-2,1.772239577E2
2.867570208E2,2.422000085E-2,6.255931803E-4,1.588215469E-3,9.997051954E-1,1.772243209E2,1.836791507E-1,-6.725863406E-2,1.772242091E2
2.867620208E2,2.422030057E-2,6.255942280E-4,1.583637786E-3,9.997051954E-1,1.772242866E2,1.831547629E-1,-6.727140464E-2,1.772241750E2
2.867670208E2,2.421262132E-2,6.302060210E-4,1.586355269E-3,9.997053742E-1,1.772251668E2,1.834783532E-1,-6.779358841E-2,1.772250542E2
2.867720208E2,2.421737253E-2,6.275475607E-4,1.590004424E-3,9.997052550E-1,1.772246222E2,1.838893374E-1,-6.747804178E-2,1.772245099E2
2.867770208E2,2.421295706E-2,6.305866409E-4,1.581070828E-3,9.997053742E-1,1.772251283E2,1.828740564E-1,-6.785179261E-2,1.772250160E2
2.867820208E2,2.421308183E-2,6.308417651E-4,1.579056960E-3,9.997053742E-1,1.772251140E2,1.826440677E-1,-6.788658420E-2,1.772250018E2
2.867870208E2,2.421583129E-2,6.282037357E-4,1.575678587E-3,9.997053146E-1,1.772247989E2,1.822499130E-1,-6.759325011E-2,1.772246874E2
2.867920208E2,2.421319158E-2,6.302117254E-4,1.577624935E-3,9.997053742E-1,1.772251014E2,1.824782767E-1,-6.781836166E-2,1.772249894E2
2.867970208E2,2.420830061E-2,6.332192570E-4,1.575937960E-3,9.997054935E-1,1.772256621E2,1.822930323E-1,-6.816847074E-2,1.772255496E2
2.868020208E2,2.421306077E-2,6.304123090E-4,1.579551259E-3,9.997053742E-1,1.772251164E2,1.826995006E-1,-6.783601894E-2,1.772250043E2
2.868070208E2,2.421532018E-2,6.289699813E-4,1.583209843E-3,9.997053146E-1,1.772248574E2,1.831147718E-1,-6.766022358E-2,1.772247453E2
2.868120208E2,2.420515974E-2,6.348456955E-4,1.585687394E-3,9.997055531E-1,1.772260221E2,1.834142074E-1,-6.832832156E-2,1.772259087E2
2.868170208E2,2.419993949E-2,6.397074903E-4,1.588252489E-3,9.997056723E-1,1.772266205E2,1.837211872E-1,-6.887912256E-2,1.772265060E2
2.868220208E2,2.420231017E-2,6.373692304E-4,1.590584870E-3,9.997056127E-1,1.772263487E2,1.839820582E-1,-6.860435198E-2,1.772262345E2
2.868270208E2,2.419971730E-2,6.385861197E-4,1.592084649E-3,9.997056723E-1,1.772266459E2,1.841570672E-1,-6.874007422E-2,1.772265314E2
2.868320208E2,2.419758826E-2,6.399897975E-4,1.586443861E-3,9.997057319E-1,1.772268900E2,1.835146149E-1,-6.891691042E-2,1.772267755E2
2.868370208E2,2.420000997E-2,6.392403156E-4,1.587366452E-3,9.997056723E-1,1.772266124E2,1.836183936E-1,-6.882804827E-2,1.772264980E2
2.868420208E2,2.420008270E-2,6.394365919E-4,1.586178201E-3,9.997056723E-1,1.772266040E2,1.834828190E-1,-6.885381520E-2,1.772264897E2
2.868470208E2,2.420244164E-2,6.379811093E-4,1.588337473E-3,9.997056127E-1,1.772263337E2,1.837263066E-1,-6.868065651E-2,1.772262195E2
2.868520208E2,2.420029326E-2,6.387520116E-4,1.583238831E-3,9.997056723E-1,1.772265799E2,1.831442058E-1,-6.878350416E-2,1.772264659E2
2.868570208E2,2.420307668E-2,6.367837777E-4,1.579114585E-3,9.997056127E-1,1.772262609E2,1.826664717E-1,-6.856895654E-2,1.772261475E2
2.868620208E2,2.421028405E-2,6.327031297E-4,1.583468635E-3,9.997054338E-1,1.772254347E2,1.831544357E-1,-6.808808945E-2,1.772253219E2
2.868670208E2,2.420796404E-2,6.336192600E-4,1.580939395E-3,9.997054935E-1,1.772257006E2,1.828670743E-1,-6.820048090E-2,1.772255878E2
2.868720208E2,2.419554555E-2,6.420310820E-4,1.579197939E-3,9.997057915E-1,1.772271241E2,1.826900545E-1,-6.917122156E-2,1.772270098E2
2.868770208E2,2.419549372E-2,6.425891770E-4,1.579764998E-3,9.997057915E-1,1.772271301E2,1.827565597E-1,-6.923359292E-2,1.772270156E2
2.868820208E2,2.419772823E-2,6.404350279E-4,1.584127545E-3,9.997057319E-1,1.772268739E2,1.832505062E-1,-6.897431246E-2,1.772267596E2
2.868870208E2,2.419050406E-2,6.449435605E-4,1.579780830E-3,9.997059107E-1,1.772277020E2,1.827645551E-1,-6.950417441E-2,1.772275871E2
2.868920208E2,2.418309632E-2,6.500276504E-4,1.577954390E-3,9.997060895E-1,1.772285511E2,1.825688970E-1,-7.009301303E-2,1.772284354E2
2.868970208E2,2.419042903E-2,6.455475814E-4,1.580682700E-3,9.997059107E-1,1.772277106E2,1.828695411E-1,-6.957088338E-2,1.772275955E2
2.869020208E2,2.419254505E-2,6.444957107E-4,1.586414059E-3,9.997058511E-1,1.772274680E2,1.835233462E-1,-6.943410672E-2,1.772273528E2
2.869070208E2,2.418487202E-2,6.484309561E-4,1.589119318E-3,9.997060299E-1,1.772283476E2,1.838436305E-1,-6.987883116E-2,1.772282314E2
2.869120208E2,2.419015615E-2,6.449581124E-4,1.585093210E-3,9.997059107E-1,1.772277419E2,1.833731482E-1,-6.949117856E-2,1.772276266E2
2.869170208E2,2.419001869E-2,6.453267997E-4,1.587039791E-3,9.997059107E-1,1.772277576E2,1.835971576E-1,-6.952804372E-2,1.772276422E2
2.869220208E2,2.418504282E-2,6.496272399E-4,1.586028375E-3,9.997060299E-1,1.772283280E2,1.834928652E-1,-7.002441014E-2,1.772282118E2
2.869270208E2,2.417552588E-2,6.556328735E-4,1.578351832E-3,9.997062683E-1,1.772294189E2,1.826294266E-1,-7.073541728E-2,1.772293021E2
2.869320208E2,2.418569050E-2,6.489920197E-4,1.576382550E-3,9.997060299E-1,1.772282538E2,1.823861411E-1,-6.997825609E-2,1.772281383E2
2.869370208E2,2.419037159E-2,6.458938005E-4,1.581420191E-3,9.997059107E-1,1.772277172E2,1.829549826E-1,-6.960851160E-2,1.772276020E2
2.869420208E2,2.418796208E-2,6.464430480E-4,1.580371405E-3,9.997059703E-1,1.772279934E2,1.828361903E-1,-6.967478029E-2,1.772278782E2
2.869470208E2,2.418324805E-2,6.500034942E-4,1.575637260E-3,9.997060895E-1,1.772285337E2,1.823033943E-1,-7.009663954E-2,1.772284182E2
2.869520208E2,2.417825570E-2,6.539409515E-4,1.574988128E-3,9.997062087E-1,1.772291060E2,1.822395914E-1,-7.055041546E-2,1.772289897E2
2.869570208E2,2.417811664E-2,6.537222071E-4,1.577212126E-3,9.997062087E-1,1.772291219E2,1.824937528E-1,-7.051921981E-2,1.772290056E2
2.869620208E2,2.418055225E-2,6.526061916E-4,1.578115043E-3,9.997061491E-1,1.772288427E2,1.825942685E-1,-7.038842479E-2,1.772287265E2
2.869670208E2,2.417565885E-2,6.553941057E-4,1.576413051E-3,9.997062683E-1,1.772294036E2,1.824066711E-1,-7.071341152E-2,1.772292870E2
2.869720208E2,2.417039270E-2,6.584189832E-4,1.580301672E-3,9.997063875E-1,1.772300073E2,1.828601515E-1,-7.105012529E-2,1.772298898E2
2.869770208E2,2.417258285E-2,6.581218331E-4,1.584626269E-3,9.997063279E-1,1.772297562E2,1.833549023E-1,-7.100370423E-2,1.772296385E2
2.869820208E2,2.417294253E-2,6.565611111E-4,1.579779433E-3,9.997063279E-1,1.772297150E2,1.827953589E-1,-7.083827155E-2,1.772295979E2
2.869870208E2,2.417545323E-2,6.559023750E-4,1.579352305E-3,9.997062683E-1,1.772294272E2,1.827447807E-1,-7.076353235E-2,1.772293103E2
2.869920208E2,2.417528331E-2,6.555217551E-4,1.582108904E-3,9.997062683E-1,1.772294467E2,1.830595052E-1,-7.071232348E-2,1.772293297E2
2.869970208E2,2.417795404E-2,6.536378642E-4,1.579737640E-3,9.997062087E-1,1.772291405E2,1.827828261E-1,-7.050258988E-2,1.772290240E2
2.870020208E2,2.417042084E-2,6.591613637E-4,1.579561504E-3,9.997063875E-1,1.772300040E2,1.827774175E-1,-7.113721588E-2,1.772298865E2
2.870070208E2,2.417287048E-2,6.575922016E-4,1.580452896E-3,9.997063279E-1,1.772297232E2,1.828753610E-1,-7.095453875E-2,1.772296060E2
2.870120208E2,2.417528716E-2,6.564464420E-4,1.581666642E-3,9.997062683E-1,1.772294462E2,1.830114027E-1,-7.081947825E-2,1.772293291E2
2.870170208E2,2.417303924E-2,6.580615882E-4,1.577673946E-3,9.997063279E-1,1.772297039E2,1.825583216E-1,-7.101597795E-2,1.772295867E2
2.870220208E2,2.416844199E-2,6.611545687E-4,1.571261906E-3,9.997064471E-1,1.772302309E2,1.818320099E-1,-7.138890190E-2,1.772301136E2
2.870270208E2,2.417085250E-2,6.591575802E-4,1.572943991E-3,9.997063875E-1,1.772299546E2,1.820193468E-1,-7.115503336E-2,1.772298375E2
2.870320208E2,2.417802567E-2,6.547080120E-4,1.578197349E-3,9.997062087E-1,1.772291323E2,1.826093434E-1,-7.062943841E-2,1.772290157E2
2.870370208E2,2.417785578E-2,6.544396747E-4,1.580909011E-3,9.997062087E-1,1.772291518E2,1.829192312E-1,-7.059121608E-2,1.772290351E2
2.870420208E2,2.417327462E-2,6.568157114E-4,1.574583584E-3,9.997063279E-1,1.772296769E2,1.822008603E-1,-7.088177072E-2,1.772295602E2
2.870470208E2,2.417781419E-2,6.547518424E-4,1.581415767E-3,9.997062087E-1,1.772291566E2,1.829781463E-1,-7.062558091E-2,1.772290397E2
2.870520208E2,2.419030257E-2,6.455156254E-4,1.582629862E-3,9.997059107E-1,1.772277251E2,1.830925072E-1,-6.956184792E-2,1.772276099E2
2.870570208E2,2.417791824E-2,6.533730775E-4,1.580394921E-3,9.997062087E-1,1.772291446E2,1.828573869E-1,-7.047044188E-2,1.772290281E2
2.870620208E2,2.417788790E-2,6.536080618E-4,1.580761862E-3,9.997062087E-1,1.772291481E2,1.829000720E-1,-7.049635006E-2,1.772290316E2
2.870670208E2,2.418251132E-2,6.514234119E-4,1.586321858E-3,9.997060895E-1,1.772286182E2,1.835312868E-1,-7.022982720E-2,1.772285016E2
2.870720208E2,2.418028528E-2,6.518522277E-4,1.582511235E-3,9.997061491E-1,1.772288733E2,1.830957804E-1,-7.028991927E-2,1.772287570E2
2.870770208E2,2.417323748E-2,6.568607059E-4,1.575134927E-3,9.997063279E-1,1.772296812E2,1.822641432E-1,-7.088540465E-2,1.772295644E2
2.870820208E2,2.417550702E-2,6.551953848E-4,1.578822266E-3,9.997062683E-1,1.772294210E2,1.826821053E-1,-7.068399960E-2,1.772293043E2
2.870870208E2,2.418026947E-2,6.523666671E-4,1.582540805E-3,9.997061491E-1,1.772288751E2,1.831005923E-1,-7.034877333E-2,1.772287587E2
2.870920208E2,2.417784729E-2,6.547289668E-4,1.580919139E-3,9.997062087E-1,1.772291528E2,1.829211925E-1,-7.062433027E-2,1.772290360E2
2.870970208E2,2.417542039E-2,6.549452082E-4,1.580251963E-3,9.997062683E-1,1.772294310E2,1.828451896E-1,-7.065139487E-2,1.772293142E2
2.871020208E2,2.417522644E-2,6.554060383E-4,1.583025558E-3,9.997062683E-1,1.772294532E2,1.831641909E-1,-7.069653812E-2,1.772293361E2
2.871070208E2,2.417484184E-2,6.556891603E-4,1.588771353E-3,9.997062683E-1,1.772294973E2,1.838231765E-1,-7.071312458E-2,1.772293798E2
2.871120208E2,2.416970001E-2,6.593260914E-4,1.590484986E-3,9.997063875E-1,1.772300867E2,1.840291980E-1,-7.112596305E-2,1.772299683E2
2.871170208E2,2.416774432E-2,6.608117255E-4,1.582099940E-3,9.997064471E-1,1.772303108E2,1.830725971E-1,-7.131973701E-2,1.772301928E2
2.871220208E2,2.417760948E-2,6.536213332E-4,1.585009042E-3,9.997062087E-1,1.772291800E2,1.833866387E-1,-7.048615380E-2,1.772290632E2
2.871270208E2,2.417765799E-2,6.540430477E-4,1.584094949E-3,9.997062087E-1,1.772291745E2,1.832830938E-1,-7.053698830E-2,1.772290576E2
2.871320208E2,2.417529482E-2,6.561370683E-4,1.581677934E-3,9.997062683E-1,1.772294454E2,1.830118397E-1,-7.078400435E-2,1.772293282E2
2.871370208E2,2.417488660E-2,6.551751285E-4,1.588302199E-3,9.997062683E-1,1.772294922E2,1.837680100E-1,-7.065552964E-2,1.772293748E2
2.871420208E2,2.417966288E-2,6.523896009E-4,1.591772540E-3,9.997061491E-1,1.772289447E2,1.841581847E-1,-7.032593141E-2,1.772288275E2
2.871470208E2,2.417718696E-2,6.537005538E-4,1.591408509E-3,9.997062087E-1,1.772292285E2,1.841199403E-1,-7.047757615E-2,1.772291111E2
2.871520208E2,2.417466952E-2,6.553040585E-4,1.591549837E-3,9.997062683E-1,1.772295170E2,1.841403957E-1,-7.066134246E-2,1.772293994E2
2.871570208E2,2.417934706E-2,6.520354655E-4,1.596707385E-3,9.997061491E-1,1.772289809E2,1.847225085E-1,-7.027174675E-2,1.772288635E2
2.871620208E2,2.418660224E-2,6.481765886E-4,1.600347226E-3,9.997059703E-1,1.772281492E2,1.851292958E-1,-6.981825277E-2,1.772280323E2
2.871670208E2,2.418723097E-2,6.467422936E-4,1.591400127E-3,9.997059703E-1,1.772280772E2,1.841003998E-1,-6.967862584E-2,1.772279611E2
2.871720208E2,2.418721823E-2,6.467254134E-4,1.591600594E-3,9.997059703E-1,1.772280786E2,1.841233173E-1,-6.967613878E-2,1.772279626E2
2.871770208E2,2.419712571E-2,6.411203649E-4,1.593028777E-3,9.997057319E-1,1.772269430E2,1.842720744E-1,-6.902825138E-2,1.772268279E2
2.871820208E2,2.419728493E-2,6.414744421E-4,1.590465778E-3,9.997057319E-1,1.772269247E2,1.839794547E-1,-6.907589137E-2,1.772268098E2
2.871870208E2,2.419479906E-2,6.428668858E-4,1.590256346E-3,9.997057915E-1,1.772272097E2,1.839591519E-1,-6.923644492E-2,1.772270945E2
2.871920208E2,2.419233106E-2,6.434515235E-4,1.590096974E-3,9.997058511E-1,1.772274926E2,1.839423445E-1,-6.930431577E-2,1.772273773E2
2.871970208E2,2.419201876E-2,6.434270763E-4,1.594851143E-3,9.997058511E-1,1.772275284E2,1.844868842E-1,-6.928839253E-2,1.772274127E2
2.872020208E2,2.418943060E-2,6.465615588E-4,1.595478505E-3,9.997059107E-1,1.772278250E2,1.845672639E-1,-6.964621081E-2,1.772277088E2
2.872070208E2,2.418719832E-2,6.466620252E-4,1.591928885E-3,9.997059703E-1,1.772280809E2,1.841607487E-1,-6.966797088E-2,1.772279649E2
2.872120208E2,2.418935611E-2,6.457605632E-4,1.596931601E-3,9.997059107E-1,1.772278336E2,1.847315023E-1,-6.955043618E-2,1.772277173E2
2.872170208E2,2.419181525E-2,6.446464104E-4,1.597443596E-3,9.997058511E-1,1.772275517E2,1.847872375E-1,-6.942092737E-2,1.772274356E2
2.872220208E2,2.418936270E-2,6.457454292E-4,1.596837887E-3,9.997059107E-1,1.772278328E2,1.847207250E-1,-6.954896103E-2,1.772277166E2
2.872270208E2,2.419421233E-2,6.427273620E-4,1.599214156E-3,9.997057915E-1,1.772272769E2,1.849849151E-1,-6.919573317E-2,1.772271611E2
2.872320208E2,2.418937860E-2,6.453291280E-4,1.596765360E-3,9.997059107E-1,1.772278310E2,1.847112635E-1,-6.950146854E-2,1.772277149E2
2.872370208E2,2.419186517E-2,6.437816191E-4,1.597036375E-3,9.997058511E-1,1.772275460E2,1.847381928E-1,-6.932297843E-2,1.772274301E2
2.872420208E2,2.419413114E-2,6.425734609E-4,1.600503689E-3,9.997057915E-1,1.772272862E2,1.851322093E-1,-6.917454230E-2,1.772271704E2
2.872470208E2,2.418678527E-2,6.477047573E-4,1.597769908E-3,9.997059703E-1,1.772281283E2,1.848327476E-1,-6.977131048E-2,1.772280116E2
2.872520208E2,2.419436549E-2,6.429257337E-4,1.596815418E-3,9.997057915E-1,1.772272594E2,1.847106807E-1,-6.922508058E-2,1.772271437E2
2.872570208E2,2.419199132E-2,6.436677650E-4,1.595170237E-3,9.997058511E-1,1.772275315E2,1.845241045E-1,-6.931508575E-2,1.772274158E2
2.872620208E2,2.417951803E-2,6.528851809E-4,1.593768480E-3,9.997061491E-1,1.772289613E2,1.843881994E-1,-7.037720018E-2,1.772288439E2
2.872670208E2,2.418197988E-2,6.501748576E-4,1.594912261E-3,9.997060895E-1,1.772286791E2,1.845118908E-1,-7.006308751E-2,1.772285622E2
2.872720208E2,2.419441141E-2,6.416858523E-4,1.596618444E-3,9.997057915E-1,1.772272541E2,1.846846808E-1,-6.908358005E-2,1.772271387E2
2.872770208E2,2.418928514E-2,6.453989772E-4,1.598152332E-3,9.997059107E-1,1.772278417E2,1.848703397E-1,-6.950564289E-2,1.772277255E2
2.872820208E2,2.418699437E-2,6.473722169E-4,1.594736474E-3,9.997059703E-1,1.772281043E2,1.844843355E-1,-6.974158460E-2,1.772279879E2
2.872870208E2,2.418725329E-2,6.466234336E-4,1.591109205E-3,9.997059703E-1,1.772280746E2,1.840667444E-1,-6.966581175E-2,1.772279586E2
2.872920208E2,2.418707746E-2,6.470445660E-4,1.593608875E-3,9.997059703E-1,1.772280948E2,1.843542573E-1,-6.970715969E-2,1.772279785E2
2.872970208E2,2.418696834E-2,6.474459660E-4,1.595101319E-3,9.997059703E-1,1.772281073E2,1.845263342E-1,-6.974902669E-2,1.772279909E2
2.873020208E2,2.419039028E-2,6.451897789E-4,1.581421704E-3,9.997059107E-1,1.772277150E2,1.829532054E-1,-6.952785275E-2,1.772276000E2
2.873070208E2,2.419799641E-2,6.412332295E-4,1.579702017E-3,9.997057319E-1,1.772268432E2,1.827457577E-1,-6.907797559E-2,1.772267290E2
2.873120208E2,2.419779275E-2,6.409413763E-4,1.582936849E-3,9.997057319E-1,1.772268665E2,1.831155109E-1,-6.903560861E-2,1.772267522E2
2.873170208E2,2.419723955E-2,6.398598198E-4,1.591805951E-3,9.997057319E-1,1.772269299E2,1.841285018E-1,-6.888721583E-2,1.772268152E2
2.873220208E2,2.419999072E-2,6.384710432E-4,1.587969484E-3,9.997056723E-1,1.772266146E2,1.836853409E-1,-6.873825324E-2,1.772265003E2
2.873270208E2,2.420272521E-2,6.378370454E-4,1.584068639E-3,9.997056127E-1,1.772263011E2,1.832368966E-1,-6.867594055E-2,1.772261873E2
2.873320208E2,2.419744409E-2,6.399024278E-4,1.588676474E-3,9.997057319E-1,1.772269065E2,1.837701268E-1,-6.890073709E-2,1.772267919E2
2.873370208E2,2.419514661E-2,6.414342206E-4,1.585540012E-3,9.997057915E-1,1.772271698E2,1.834149085E-1,-6.908533476E-2,1.772270552E2
2.873420208E2,2.419255371E-2,6.445557810E-4,1.586257597E-3,9.997058511E-1,1.772274671E2,1.835055893E-1,-6.944142043E-2,1.772273518E2
2.873470208E2,2.419543858E-2,6.415668759E-4,1.581024495E-3,9.997057915E-1,1.772271364E2,1.828980069E-1,-6.911299813E-2,1.772270220E2
2.873520208E2,2.419514982E-2,6.427258486E-4,1.584967831E-3,9.997057915E-1,1.772271695E2,1.833529422E-1,-6.923488681E-2,1.772270546E2
2.873570208E2,2.419020187E-2,6.458613207E-4,1.584027312E-3,9.997059107E-1,1.772277366E2,1.832535479E-1,-6.959759460E-2,1.772276213E2
2.873620208E2,2.419581860E-2,6.428578636E-4,1.574671594E-3,9.997057915E-1,1.772270928E2,1.821738361E-1,-6.927843645E-2,1.772269787E2
2.873670208E2,2.420101146E-2,6.378886173E-4,1.572572859E-3,9.997056723E-1,1.772264976E2,1.819199861E-1,-6.871404445E-2,1.772263845E2
2.873720208E2,2.420325878E-2,6.376275560E-4,1.575979986E-3,9.997056127E-1,1.772262400E2,1.823097307E-1,-6.867427884E-2,1.772261267E2
2.873770208E2,2.419578192E-2,6.421692087E-4,1.575515955E-3,9.997057915E-1,1.772270970E2,1.822686524E-1,-6.919721110E-2,1.772269829E2
2.873820208E2,2.419570958E-2,6.417690893E-4,1.576789422E-3,9.997057915E-1,1.772271053E2,1.824134240E-1,-6.914785645E-2,1.772269912E2
2.873870208E2,2.420564778E-2,6.349199684E-4,1.578189898E-3,9.997055531E-1,1.772259661E2,1.825555472E-1,-6.835753772E-2,1.772258532E2
2.873920208E2,2.420074048E-2,6.381846033E-4,1.576617709E-3,9.997056723E-1,1.772265286E2,1.823841591E-1,-6.873678362E-2,1.772264152E2
2.873970208E2,2.419586692E-2,6.420091959E-4,1.574275317E-3,9.997057915E-1,1.772270873E2,1.821260893E-1,-6.918230486E-2,1.772269733E2
2.874020208E2,2.420355336E-2,6.365370355E-4,1.571891364E-3,9.997056127E-1,1.772262062E2,1.818383408E-1,-6.856063778E-2,1.772260934E2
2.874070208E2,2.420597283E-2,6.351012271E-4,1.573123387E-3,9.997055531E-1,1.772259289E2,1.819756620E-1,-6.839229705E-2,1.772258163E2
2.874120208E2,2.420340204E-2,6.375937373E-4,1.573791960E-3,9.997056127E-1,1.772262236E2,1.820589905E-1,-6.867644728E-2,1.772261105E2
2.874170208E2,2.420653687E-2,6.349542527E-4,1.564479899E-3,9.997055531E-1,1.772258642E2,1.809851105E-1,-6.839933418E-2,1.772257523E2
2.874220208E2,2.420901894E-2,6.337489467E-4,1.564649981E-3,9.997054935E-1,1.772255797E2,1.810014206E-1,-6.826033571E-2,1.772254680E2
2.874270208E2,2.420903305E-2,6.329591270E-4,1.564751379E-3,9.997054935E-1,1.772255781E2,1.810108462E-1,-6.816957181E-2,1.772254665E2
2.874320208E2,2.420655567E-2,6.355807418E-4,1.563934493E-3,9.997055531E-1,1.772258621E2,1.809243691E-1,-6.847261297E-2,1.772257500E2
2.874370208E2,2.420675262E-2,6.351256161E-4,1.561068348E-3,9.997055531E-1,1.772258395E2,1.805947796E-1,-6.842838980E-2,1.772257277E2
2.874420208E2,2.420927395E-2,6.337915547E-4,1.560682082E-3,9.997054935E-1,1.772255505E2,1.805470009E-1,-6.827617875E-2,1.772254390E2
2.874470208E2,2.419363483E-2,6.427983753E-4,1.570402528E-3,9.997058511E-1,1.772273431E2,1.816844632E-1,-6.928385555E-2,1.772272293E2
2.874520208E2,2.419608953E-2,6.413240335E-4,1.571130008E-3,9.997057915E-1,1.772270618E2,1.817638837E-1,-6.911249482E-2,1.772269481E2
2.874570208E2,2.420129493E-2,6.388892070E-4,1.567796920E-3,9.997056723E-1,1.772264651E2,1.813756579E-1,-6.884186378E-2,1.772263522E2
2.874620208E2,2.420604207E-2,6.360127009E-4,1.571689034E-3,9.997055531E-1,1.772259210E2,1.818138784E-1,-6.850067971E-2,1.772258083E2
2.874670208E2,2.419583049E-2,6.426686887E-4,1.574566122E-3,9.997057915E-1,1.772270915E2,1.821612296E-1,-6.925705526E-2,1.772269774E2
2.874720208E2,2.419846100E-2,6.401899154E-4,1.572994282E-3,9.997057319E-1,1.772267899E2,1.819744704E-1,-6.897697175E-2,1.772266764E2
2.874770208E2,2.420082275E-2,6.391284405E-4,1.574971713E-3,9.997056723E-1,1.772265192E2,1.821982202E-1,-6.884945748E-2,1.772264057E2
2.874820208E2,2.419812625E-2,6.411106442E-4,1.577761723E-3,9.997057319E-1,1.772268283E2,1.825231501E-1,-6.906928922E-2,1.772267143E2
2.874870208E2,2.420059304E-2,6.385183660E-4,1.578744384E-3,9.997056723E-1,1.772265455E2,1.826287028E-1,-6.876914776E-2,1.772264319E2
2.874920208E2,2.419057813E-2,6.457510171E-4,1.578316092E-3,9.997059107E-1,1.772276935E2,1.825990011E-1,-6.960072188E-2,1.772275786E2
2.874970208E2,2.419089746E-2,6.459907163E-4,1.573315705E-3,9.997059107E-1,1.772276569E2,1.820268524E-1,-6.964198502E-2,1.772275423E2
2.875020208E2,2.418841247E-2,6.472651148E-4,1.573124900E-3,9.997059703E-1,1.772279417E2,1.820083538E-1,-6.978895880E-2,1.772278269E2
2.875070208E2,2.418590987E-2,6.491811946E-4,1.572935260E-3,9.997060299E-1,1.772282286E2,1.819917653E-1,-7.000944213E-2,1.772281134E2
2.875120208E2,2.418839188E-2,6.478620926E-4,1.573195797E-3,9.997059703E-1,1.772279441E2,1.820181291E-1,-6.985715455E-2,1.772278291E2
2.875170208E2,2.419571103E-2,6.422246806E-4,1.576581621E-3,9.997057915E-1,1.772271051E2,1.823908821E-1,-6.920062395E-2,1.772269910E2
2.875220208E2,2.419791768E-2,6.400602870E-4,1.581382821E-3,9.997057319E-1,1.772268522E2,1.829350494E-1,-6.893895931E-2,1.772267381E2
2.875270208E2,2.418547951E-2,6.491194363E-4,1.579563948E-3,9.997060299E-1,1.772282779E2,1.827509349E-1,-6.998407369E-2,1.772281623E2
2.875320208E2,2.418574712E-2,6.488157087E-4,1.575586270E-3,9.997060299E-1,1.772282473E2,1.822944359E-1,-6.996025492E-2,1.772281319E2
2.875370208E2,2.419086184E-2,6.461002049E-4,1.573818387E-3,9.997059107E-1,1.772276610E2,1.820847397E-1,-6.965314076E-2,1.772275463E2
2.875420208E2,2.418353073E-2,6.508305669E-4,1.570950146E-3,9.997060895E-1,1.772285013E2,1.817687589E-1,-7.020432533E-2,1.772283859E2
2.875470208E2,2.417592409E-2,6.553073763E-4,1.572376234E-3,9.997062683E-1,1.772293732E2,1.819439987E-1,-7.071461150E-2,1.772292569E2
2.875520208E2,2.418593727E-2,6.483743782E-4,1.572846668E-3,9.997060299E-1,1.772282255E2,1.819793819E-1,-6.991725549E-2,1.772281104E2
2.875570208E2,2.419061842E-2,6.456188275E-4,1.577752410E-3,9.997059107E-1,1.772276889E2,1.825340629E-1,-6.958713378E-2,1.772275740E2
2.875620208E2,2.418819488E-2,6.469965447E-4,1.576577197E-3,9.997059703E-1,1.772279667E2,1.824030831E-1,-6.974866222E-2,1.772278516E2
2.875670208E2,2.419313615E-2,6.444131723E-4,1.577407704E-3,9.997058511E-1,1.772274003E2,1.824914064E-1,-6.944951243E-2,1.772272857E2
2.875720208E2,2.419801654E-2,6.403857260E-4,1.579737524E-3,9.997057319E-1,1.772268409E2,1.827474764E-1,-6.898078525E-2,1.772267268E2
2.875770208E2,2.419287084E-2,6.431854563E-4,1.581971301E-3,9.997058511E-1,1.772274307E2,1.830107815E-1,-6.929626411E-2,1.772273160E2
2.875820208E2,2.418560966E-2,6.481597084E-4,1.577964518E-3,9.997060299E-1,1.772282630E2,1.825650559E-1,-6.987853843E-2,1.772281477E2
2.875870208E2,2.418570313E-2,6.493726396E-4,1.576032024E-3,9.997060299E-1,1.772282523E2,1.823470413E-1,-7.002282833E-2,1.772281369E2
2.875920208E2,2.418825176E-2,6.465913611E-4,1.575870672E-3,9.997059703E-1,1.772279602E2,1.823210256E-1,-6.970419328E-2,1.772278452E2
2.875970208E2,2.419304292E-2,6.438319106E-4,1.579074073E-3,9.997058511E-1,1.772274110E2,1.826806845E-1,-6.937832143E-2,1.772272963E2
2.876020208E2,2.418584958E-2,6.484286860E-4,1.574172173E-3,9.997060299E-1,1.772282355E2,1.821313738E-1,-6.991981905E-2,1.772281204E2
2.876070208E2,2.417602735E-2,6.556740263E-4,1.570634893E-3,9.997062683E-1,1.772293614E2,1.817455370E-1,-7.076141974E-2,1.772292451E2
2.876120208E2,2.417880736E-2,6.540626637E-4,1.566445455E-3,9.997062087E-1,1.772290427E2,1.812613338E-1,-7.058792809E-2,1.772289271E2
2.876170208E2,2.416855304E-2,6.608307012E-4,1.569689251E-3,9.997064471E-1,1.772302181E2,1.816509601E-1,-7.135613579E-2,1.772301010E2
2.876220208E2,2.416070803E-2,6.652454031E-4,1.574703492E-3,9.997066259E-1,1.772311174E2,1.822370473E-1,-7.184941748E-2,1.772309991E2
2.876270208E2,2.416321744E-2,6.635517348E-4,1.574754366E-3,9.997065663E-1,1.772308297E2,1.822383654E-1,-7.165479596E-2,1.772307117E2
2.876320208E2,2.416294022E-2,6.643958623E-4,1.578647294E-3,9.997065663E-1,1.772308615E2,1.826866504E-1,-7.174076855E-2,1.772307431E2
2.876370208E2,2.416807148E-2,6.608927506E-4,1.577060320E-3,9.997064471E-1,1.772302733E2,1.824955147E-1,-7.134291679E-2,1.772301557E2
2.876420208E2,2.417311904E-2,6.579300389E-4,1.576505718E-3,9.997063279E-1,1.772296948E2,1.824241327E-1,-7.100412953E-2,1.772295777E2
2.876470208E2,2.417812441E-2,6.545617944E-4,1.576744602E-3,9.997062087E-1,1.772291210E2,1.824425211E-1,-7.061669515E-2,1.772290045E2
2.876520208E2,2.417548497E-2,6.560097099E-4,1.578821801E-3,9.997062683E-1,1.772294236E2,1.826843066E-1,-7.077729234E-2,1.772293067E2
2.876570208E2,2.417821613E-2,6.532123662E-4,1.575897564E-3,9.997062087E-1,1.772291105E2,1.823417532E-1,-7.046443764E-2,1.772289943E2
2.876620208E2,2.418094649E-2,6.529578241E-4,1.571916742E-3,9.997061491E-1,1.772287975E2,1.818852042E-1,-7.044581088E-2,1.772286817E2
2.876670208E2,2.418080333E-2,6.523631164E-4,1.574363909E-3,9.997061491E-1,1.772288139E2,1.821638891E-1,-7.037092727E-2,1.772286981E2
2.876720208E2,2.418305995E-2,6.509468658E-4,1.578132738E-3,9.997060895E-1,1.772285553E2,1.825918733E-1,-7.019782882E-2,1.772284394E2
2.876770208E2,2.418055178E-2,6.521258620E-4,1.578320866E-3,9.997061491E-1,1.772288428E2,1.826165160E-1,-7.033282897E-2,1.772287267E2
2.876820208E2,2.418056240E-2,6.522581680E-4,1.578103402E-3,9.997061491E-1,1.772288416E2,1.825919711E-1,-7.034858633E-2,1.772287254E2
2.876870208E2,2.417777455E-2,6.543409545E-4,1.582191675E-3,9.997062087E-1,1.772291611E2,1.830658917E-1,-7.057636790E-2,1.772290443E2
2.876920208E2,2.418241532E-2,6.513469853E-4,1.587816048E-3,9.997060895E-1,1.772286292E2,1.837022401E-1,-7.021694882E-2,1.772285125E2
2.876970208E2,2.417727348E-2,6.534995046E-4,1.590176136E-3,9.997062087E-1,1.772292186E2,1.839782108E-1,-7.045794288E-2,1.772291013E2
2.877020208E2,2.417987910E-2,6.519734161E-4,1.588655636E-3,9.997061491E-1,1.772289199E2,1.837999795E-1,-7.028685104E-2,1.772288031E2
2.877070208E2,2.418442150E-2,6.492661778E-4,1.595621463E-3,9.997060299E-1,1.772283992E2,1.845907883E-1,-6.995657489E-2,1.772282824E2
2.877120208E2,2.418692790E-2,6.472626701E-4,1.595788752E-3,9.997059703E-1,1.772281119E2,1.846045743E-1,-6.972613078E-2,1.772279955E2
2.877170208E2,2.418190377E-2,6.514636916E-4,1.595540205E-3,9.997060895E-1,1.772286878E2,1.845873935E-1,-7.020900756E-2,1.772285706E2
2.877220208E2,2.418427279E-2,6.499081501E-4,1.597612863E-3,9.997060299E-1,1.772284163E2,1.848206886E-1,-7.002462632E-2,1.772282992E2
2.877270208E2,2.419160112E-2,6.441159057E-4,1.600896707E-3,9.997058511E-1,1.772275762E2,1.851813341E-1,-6.935062049E-2,1.772274600E2
2.877320208E2,2.418638858E-2,6.474430556E-4,1.603869256E-3,9.997059703E-1,1.772281737E2,1.855307251E-1,-6.972449841E-2,1.772280567E2
2.877370208E2,2.418164649E-2,6.506712525E-4,1.599757350E-3,9.997060895E-1,1.772287173E2,1.850682881E-1,-7.010658862E-2,1.772285999E2
2.877420208E2,2.418146935E-2,6.508008228E-4,1.602380071E-3,9.997060895E-1,1.772287376E2,1.853690891E-1,-7.011419685E-2,1.772286200E2
2.877470208E2,2.418113514E-2,6.509895902E-4,1.607339247E-3,9.997060895E-1,1.772287759E2,1.859377034E-1,-7.012214137E-2,1.772286580E2
2.877520208E2,2.418372467E-2,6.499899901E-4,1.605855417E-3,9.997060299E-1,1.772284791E2,1.857651296E-1,-7.001125988E-2,1.772283614E2
2.877570208E2,2.418636333E-2,6.473675603E-4,1.604280551E-3,9.997059703E-1,1.772281766E2,1.855776313E-1,-6.971471453E-2,1.772280596E2
2.877620208E2,2.419348059E-2,6.433594390E-4,1.609993866E-3,9.997057915E-1,1.772273608E2,1.862215214E-1,-6.923839134E-2,1.772272441E2
2.877670208E2,2.419795941E-2,6.400913699E-4,1.617988455E-3,9.997056723E-1,1.772268474E2,1.871286144E-1,-6.884100500E-2,1.772267308E2
2.877720208E2,2.419799164E-2,6.403533043E-4,1.617402653E-3,9.997056723E-1,1.772268437E2,1.870622346E-1,-6.887263005E-2,1.772267271E2
2.877770208E2,2.419607246E-2,6.406937609E-4,1.609117026E-3,9.997057319E-1,1.772270637E2,1.861138597E-1,-6.893496542E-2,1.772269476E2
2.877820208E2,2.420347538E-2,6.360805710E-4,1.610705629E-3,9.997055531E-1,1.772262152E2,1.862835614E-1,-6.840070389E-2,1.772260998E2
2.877870208E2,2.420838757E-2,6.332814228E-4,1.611975720E-3,9.997054338E-1,1.772256521E2,1.864216308E-1,-6.807560071E-2,1.772255372E2
2.877920208E2,2.420131612E-2,6.370338378E-4,1.605771831E-3,9.997056127E-1,1.772264627E2,1.857208507E-1,-6.852399378E-2,1.772263475E2
2.877970208E2,2.420135953E-2,6.374855875E-4,1.604938065E-3,9.997056127E-1,1.772264577E2,1.856265918E-1,-6.857804955E-2,1.772263425E2
2.878020208E2,2.420590131E-2,6.349105970E-4,1.611705869E-3,9.997054935E-1,1.772259371E2,1.863950675E-1,-6.826344756E-2,1.772258219E2
2.878070208E2,2.419853705E-2,6.394319353E-4,1.609588275E-3,9.997056723E-1,1.772267812E2,1.861645157E-1,-6.878864773E-2,1.772266653E2
2.878120208E2,2.419636588E-2,6.417098339E-4,1.604292775E-3,9.997057319E-1,1.772270301E2,1.855640400E-1,-6.906468673E-2,1.772269141E2
2.878170208E2,2.419382638E-2,6.420654827E-4,1.605307334E-3,9.997057915E-1,1.772273212E2,1.856810768E-1,-6.910308758E-2,1.772272051E2
2.878220208E2,2.419625848E-2,6.414289237E-4,1.606024103E-3,9.997057319E-1,1.772270424E2,1.857615915E-1,-6.902772555E-2,1.772269264E2
2.878270208E2,2.419628288E-2,6.404909072E-4,1.606030739E-3,9.997057319E-1,1.772270396E2,1.857597522E-1,-6.892024544E-2,1.772269237E2
2.878320208E2,2.420380218E-2,6.365110748E-4,1.605616650E-3,9.997055531E-1,1.772261777E2,1.857017937E-1,-6.846407574E-2,1.772260626E2
2.878370208E2,2.420391160E-2,6.358327228E-4,1.604235498E-3,9.997055531E-1,1.772261652E2,1.855416973E-1,-6.839017574E-2,1.772260503E2
2.878420208E2,2.421403854E-2,6.283568800E-4,1.602932694E-3,9.997053146E-1,1.772250044E2,1.853723973E-1,-6.753549500E-2,1.772248910E2
2.878470208E2,2.421677772E-2,6.277171196E-4,1.598971663E-3,9.997052550E-1,1.772246904E2,1.849170383E-1,-6.747269001E-2,1.772245774E2
2.878520208E2,2.420897040E-2,6.321821129E-4,1.603632700E-3,9.997054338E-1,1.772255853E2,1.854628593E-1,-6.797270318E-2,1.772254712E2
2.878570208E2,2.421604687E-2,6.270737504E-4,1.610253006E-3,9.997052550E-1,1.772247742E2,1.862075733E-1,-6.736781568E-2,1.772246605E2
2.878620208E2,2.422622427E-2,6.203158409E-4,1.607801183E-3,9.997050166E-1,1.772236076E2,1.859086198E-1,-6.659855569E-2,1.772234954E2
2.878670208E2,2.422143829E-2,6.231879233E-4,1.604672638E-3,9.997051358E-1,1.772241562E2,1.855578733E-1,-6.693714902E-2,1.772240437E2
2.878720208E2,2.422635110E-2,6.198927294E-4,1.606052392E-3,9.997050166E-1,1.772235930E2,1.857071153E-1,-6.655491647E-2,1.772234811E2
2.878770208E2,2.422609561E-2,6.205028621E-4,1.609666506E-3,9.997050166E-1,1.772236223E2,1.861228184E-1,-6.661482580E-2,1.772235100E2
2.878820208E2,2.422382607E-2,6.225520046E-4,1.606008736E-3,9.997050762E-1,1.772238825E2,1.857093287E-1,-6.686014741E-2,1.772237700E2
2.878870208E2,2.422404210E-2,6.228081766E-4,1.602647477E-3,9.997050762E-1,1.772238577E2,1.853249947E-1,-6.689878459E-2,1.772237454E2
2.878920208E2,2.422402258E-2,6.219749921E-4,1.603265991E-3,9.997050762E-1,1.772238599E2,1.853935362E-1,-6.680162344E-2,1.772237478E2
2.878970208E2,2.422894101E-2,6.192781148E-4,1.604320714E-3,9.997049570E-1,1.772232962E2,1.855072033E-1,-6.648883455E-2,1.772231844E2
2.879020208E2,2.422437426E-2,6.218756316E-4,1.597982249E-3,9.997050762E-1,1.772238196E2,1.847879882E-1,-6.680484351E-2,1.772237078E2
2.879070208E2,2.422177077E-2,6.245051627E-4,1.599132433E-3,9.997051358E-1,1.772241180E2,1.849268765E-1,-6.710336545E-2,1.772240057E2
2.879120208E2,2.423139406E-2,6.166928797E-4,1.605409314E-3,9.997048974E-1,1.772230150E2,1.856248951E-1,-6.618919773E-2,1.772229037E2
2.879170208E2,2.423610897E-2,6.147374515E-4,1.609215629E-3,9.997047782E-1,1.772224745E2,1.860558201E-1,-6.595374125E-2,1.772223633E2
2.879220208E2,2.423403907E-2,6.154041621E-4,1.603093580E-3,9.997048378E-1,1.772227118E2,1.853562049E-1,-6.604750508E-2,1.772226009E2
2.879270208E2,2.422634955E-2,6.210883730E-4,1.605613739E-3,9.997050166E-1,1.772235932E2,1.856601836E-1,-6.669310485E-2,1.772234810E2
2.879320208E2,2.423602121E-2,6.134968135E-4,1.611009822E-3,9.997047782E-1,1.772224846E2,1.862579077E-1,-6.580664974E-2,1.772223735E2
2.879370208E2,2.423111121E-2,6.171874702E-4,1.609483152E-3,9.997048974E-1,1.772230474E2,1.860929410E-1,-6.623459721E-2,1.772229357E2
2.879420208E2,2.421649152E-2,6.269096630E-4,1.603616169E-3,9.997052550E-1,1.772247232E2,1.854468440E-1,-6.736735340E-2,1.772246100E2
2.879470208E2,2.422423798E-2,6.220674259E-4,1.599972136E-3,9.997050762E-1,1.772238352E2,1.850164693E-1,-6.682131628E-2,1.772237233E2
2.879520208E2,2.423141360E-2,6.171911373E-4,1.604922698E-3,9.997048974E-1,1.772230127E2,1.855705342E-1,-6.624762463E-2,1.772229013E2
2.879570208E2,2.422910675E-2,6.192086148E-4,1.601842581E-3,9.997049570E-1,1.772232772E2,1.852231311E-1,-6.648772274E-2,1.772231656E2
2.879620208E2,2.422644539E-2,6.209140993E-4,1.604234450E-3,9.997050166E-1,1.772235822E2,1.855016974E-1,-6.667695190E-2,1.772234702E2
2.879670208E2,2.422897608E-2,6.180923665E-4,1.604248420E-3,9.997049570E-1,1.772232921E2,1.854956312E-1,-6.635319208E-2,1.772231806E2
2.879720208E2,2.422354492E-2,6.217865157E-4,1.610539621E-3,9.997050762E-1,1.772239147E2,1.862262345E-1,-6.675992950E-2,1.772238021E2
2.879770208E2,2.421870543E-2,6.264442927E-4,1.607517130E-3,9.997051954E-1,1.772244694E2,1.858925884E-1,-6.730280429E-2,1.772243561E2
2.879820208E2,2.421634938E-2,6.267800927E-4,1.605811762E-3,9.997052550E-1,1.772247395E2,1.856979979E-1,-6.734644348E-2,1.772246262E2
2.879870208E2,2.422145071E-2,6.239426439E-4,1.604191842E-3,9.997051358E-1,1.772241547E2,1.855048901E-1,-6.702494038E-2,1.772240421E2
2.879920208E2,2.422869837E-2,6.194601301E-4,1.607910846E-3,9.997049570E-1,1.772233240E2,1.859189714E-1,-6.649976278E-2,1.772232120E2
2.879970208E2,2.422396037E-2,6.230934523E-4,1.603771583E-3,9.997050762E-1,1.772238671E2,1.854545567E-1,-6.692835981E-2,1.772237546E2
2.880020208E2,2.422887143E-2,6.194637390E-4,1.605299651E-3,9.997049570E-1,1.772233041E2,1.856198592E-1,-6.650739411E-2,1.772231923E2
2.880070208E2,2.423639003E-2,6.140926853E-4,1.605223864E-3,9.997047782E-1,1.772224423E2,1.855967587E-1,-6.589091269E-2,1.772223315E2
2.880120208E2,2.423111138E-2,6.174274022E-4,1.609388622E-3,9.997048974E-1,1.772230474E2,1.860827782E-1,-6.626234575E-2,1.772229356E2
2.880170208E2,2.422877750E-2,6.191655411E-4,1.606831676E-3,9.997049570E-1,1.772233149E2,1.857945309E-1,-6.646899695E-2,1.772232030E2
2.880220208E2,2.422879052E-2,6.194770103E-4,1.606515143E-3,9.997049570E-1,1.772233134E2,1.857591352E-1,-6.650555461E-2,1.772232015E2
2.880270208E2,2.423386295E-2,6.158415927E-4,1.605586149E-3,9.997048378E-1,1.772227320E2,1.856429521E-1,-6.609072667E-2,1.772226208E2
2.880320208E2,2.422393383E-2,6.230117287E-4,1.604204066E-3,9.997050762E-1,1.772238701E2,1.855038725E-1,-6.691780210E-2,1.772237577E2
2.880370208E2,2.421910791E-2,6.261151284E-4,1.601570635E-3,9.997051954E-1,1.772244233E2,1.852104824E-1,-6.728152514E-2,1.772243104E2
2.880420208E2,2.423167190E-2,6.172890426E-4,1.600980409E-3,9.997048974E-1,1.772229831E2,1.851192021E-1,-6.626973968E-2,1.772228720E2
2.880470208E2,2.423371920E-2,6.156950840E-4,1.607810380E-3,9.997048378E-1,1.772227485E2,1.858973394E-1,-6.606779275E-2,1.772226372E2
2.880520208E2,2.422884159E-2,6.181421923E-4,1.606259146E-3,9.997049570E-1,1.772233076E2,1.857261056E-1,-6.635334211E-2,1.772231959E2
2.880570208E2,2.421397738E-2,6.282399409E-4,1.603902201E-3,9.997053146E-1,1.772250114E2,1.854831335E-1,-6.751941983E-2,1.772248980E2
2.880620208E2,2.422139860E-2,6.240730290E-4,1.604927820E-3,9.997051358E-1,1.772241607E2,1.855895608E-1,-6.703784385E-2,1.772240480E2
2.880670208E2,2.421631627E-2,6.279470399E-4,1.605855301E-3,9.997052550E-1,1.772247433E2,1.857062221E-1,-6.748001173E-2,1.772246298E2
2.880720208E2,2.421414117E-2,6.287705619E-4,1.601219294E-3,9.997053146E-1,1.772249926E2,1.851772681E-1,-6.758762090E-2,1.772248793E2
2.880770208E2,2.421888700E-2,6.261926028E-4,1.604877529E-3,9.997051954E-1,1.772244486E2,1.855895142E-1,-6.728126342E-2,1.772243355E2
2.880820208E2,2.421868825E-2,6.257499335E-4,1.608046237E-3,9.997051954E-1,1.772244714E2,1.859512736E-1,-6.722179474E-2,1.772243582E2
2.880870208E2,2.421612716E-2,6.279895897E-4,1.608687919E-3,9.997052550E-1,1.772247649E2,1.860308269E-1,-6.747706052E-2,1.772246513E2
2.880920208E2,2.420872110E-2,6.327268202E-4,1.607177430E-3,9.997054338E-1,1.772256139E2,1.858704314E-1,-6.802531602E-2,1.772254994E2
2.880970208E2,2.421392405E-2,6.288551958E-4,1.604466117E-3,9.997053146E-1,1.772250175E2,1.855494385E-1,-6.758834722E-2,1.772249039E2
2.881020208E2,2.421373605E-2,6.294677150E-4,1.607061015E-3,9.997053146E-1,1.772250390E2,1.858483922E-1,-6.765135064E-2,1.772249252E2
2.881070208E2,2.420404669E-2,6.365604349E-4,1.601906959E-3,9.997055531E-1,1.772261497E2,1.852769719E-1,-6.847997447E-2,1.772260348E2
2.881120208E2,2.419923374E-2,6.393656367E-4,1.599106239E-3,9.997056723E-1,1.772267014E2,1.849635766E-1,-6.880999120E-2,1.772265862E2
2.881170208E2,2.419424969E-2,6.424668245E-4,1.598753501E-3,9.997057915E-1,1.772272727E2,1.849314234E-1,-6.916715683E-2,1.772271569E2
2.881220208E2,2.419629299E-2,6.414377713E-4,1.605500467E-3,9.997057319E-1,1.772270384E2,1.857016316E-1,-6.903018464E-2,1.772269224E2
2.881270208E2,2.419370605E-2,6.431153743E-4,1.606699894E-3,9.997057915E-1,1.772273350E2,1.858435088E-1,-6.921952239E-2,1.772272186E2
2.881320208E2,2.418875282E-2,6.461634766E-4,1.605881727E-3,9.997059107E-1,1.772279027E2,1.857578879E-1,-6.957189530E-2,1.772277858E2
2.881370208E2,2.419399624E-2,6.426931359E-4,1.602493692E-3,9.997057915E-1,1.772273017E2,1.853605031E-1,-6.918275961E-2,1.772271857E2
2.881420208E2,2.419150514E-2,6.448720815E-4,1.602042234E-3,9.997058511E-1,1.772275872E2,1.853146535E-1,-6.943408846E-2,1.772274708E2
2.881470208E2,2.418643580E-2,6.473288522E-4,1.603203244E-3,9.997059703E-1,1.772281683E2,1.854541146E-1,-6.971325272E-2,1.772280514E2
2.881520208E2,2.418152101E-2,6.502496544E-4,1.601824071E-3,9.997060895E-1,1.772287317E2,1.853038709E-1,-7.005258732E-2,1.772286143E2
2.881570208E2,2.417911578E-2,6.526567158E-4,1.599952579E-3,9.997061491E-1,1.772290074E2,1.850959775E-1,-7.033396671E-2,1.772288896E2
2.881620208E2,2.417395765E-2,6.555648288E-4,1.602219418E-3,9.997062683E-1,1.772295986E2,1.853633567E-1,-7.066178944E-2,1.772294802E2
2.881670208E2,2.418132895E-2,6.505540805E-4,1.604597433E-3,9.997060895E-1,1.772287537E2,1.856224126E-1,-7.007981207E-2,1.772286360E2
2.881720208E2,2.418146585E-2,6.505307392E-4,1.602542470E-3,9.997060895E-1,1.772287380E2,1.853869445E-1,-7.008280726E-2,1.772286205E2
2.881770208E2,2.417405425E-2,6.560142501E-4,1.600577030E-3,9.997062683E-1,1.772295876E2,1.851764596E-1,-7.071780616E-2,1.772294691E2
2.881820208E2,2.417937999E-2,6.530024111E-4,1.595813315E-3,9.997061491E-1,1.772289771E2,1.846227673E-1,-7.038498931E-2,1.772288596E2
2.881870208E2,2.417954856E-2,6.531402469E-4,1.593200606E-3,9.997061491E-1,1.772289578E2,1.843238537E-1,-7.040798789E-2,1.772288404E2
2.881920208E2,2.418212546E-2,6.513262633E-4,1.592232962E-3,9.997060895E-1,1.772286624E2,1.842081562E-1,-7.020238812E-2,1.772285454E2
2.881970208E2,2.418425493E-2,6.499614683E-4,1.597861410E-3,9.997060299E-1,1.772284183E2,1.848493082E-1,-7.003004881E-2,1.772283012E2
2.882020208E2,2.418438672E-2,6.490044761E-4,1.596254879E-3,9.997060299E-1,1.772284032E2,1.846626235E-1,-6.992484584E-2,1.772282864E2
2.882070208E2,2.417202461E-2,6.570659461E-4,1.593554858E-3,9.997063279E-1,1.772298202E2,1.843747815E-1,-7.085811389E-2,1.772297021E2
2.882120208E2,2.417673720E-2,6.551042316E-4,1.597651863E-3,9.997062087E-1,1.772292800E2,1.848390257E-1,-7.062116374E-2,1.772291620E2
2.882170208E2,2.418646465E-2,6.473681424E-4,1.602752018E-3,9.997059703E-1,1.772281650E2,1.854025339E-1,-6.971899902E-2,1.772280481E2
2.882220208E2,2.417400384E-2,6.562267081E-4,1.601251191E-3,9.997062683E-1,1.772295933E2,1.852542754E-1,-7.074028665E-2,1.772294748E2
2.882270208E2,2.417973806E-2,6.529527018E-4,1.590399072E-3,9.997061491E-1,1.772289361E2,1.840024084E-1,-7.039423099E-2,1.772288189E2
2.882320208E2,2.418714931E-2,6.472991081E-4,1.592414454E-3,9.997059703E-1,1.772280865E2,1.842181371E-1,-6.973961691E-2,1.772279703E2
2.882370208E2,2.418444066E-2,6.487990613E-4,1.595520996E-3,9.997060299E-1,1.772283970E2,1.845779857E-1,-6.990333790E-2,1.772282803E2
2.882420208E2,2.417682093E-2,6.535985740E-4,1.597001334E-3,9.997062087E-1,1.772292704E2,1.847603363E-1,-7.045046559E-2,1.772291527E2
2.882470208E2,2.418446117E-2,6.486037746E-4,1.595289563E-3,9.997060299E-1,1.772283947E2,1.845509332E-1,-6.988160389E-2,1.772282780E2
2.882520208E2,2.418706074E-2,6.477386341E-4,1.593580586E-3,9.997059703E-1,1.772280967E2,1.843529394E-1,-6.978675218E-2,1.772279803E2
2.882570208E2,2.418423827E-2,6.496095448E-4,1.598256640E-3,9.997060299E-1,1.772284202E2,1.848936084E-1,-6.998864091E-2,1.772283032E2
2.882620208E2,2.417918291E-2,6.530135870E-4,1.598792151E-3,9.997061491E-1,1.772289997E2,1.849640345E-1,-7.037805208E-2,1.772288820E2
2.882670208E2,2.418380972E-2,6.501135067E-4,1.604524092E-3,9.997060299E-1,1.772284693E2,1.856129635E-1,-7.002908350E-2,1.772283518E2
2.882720208E2,2.417901369E-2,6.532173138E-4,1.601266093E-3,9.997061491E-1,1.772290191E2,1.852479977E-1,-7.039456703E-2,1.772289011E2
2.882770208E2,2.417201632E-2,6.574821309E-4,1.593508874E-3,9.997063279E-1,1.772298212E2,1.843706660E-1,-7.090592007E-2,1.772297030E2
2.882820208E2,2.417444122E-2,6.563318311E-4,1.594591071E-3,9.997062683E-1,1.772295432E2,1.844916256E-1,-7.077069887E-2,1.772294251E2
2.882870208E2,2.417174638E-2,6.577570457E-4,1.597485156E-3,9.997063279E-1,1.772298521E2,1.848269244E-1,-7.092644922E-2,1.772297336E2
2.882920208E2,2.416693003E-2,6.603932125E-4,1.594663481E-3,9.997064471E-1,1.772304042E2,1.845106378E-1,-7.123714804E-2,1.772302853E2
2.882970208E2,2.416460585E-2,6.626176182E-4,1.591592096E-3,9.997065067E-1,1.772306706E2,1.841647798E-1,-7.150090563E-2,1.772305516E2
2.883020208E2,2.416709970E-2,6.609670818E-4,1.591851935E-3,9.997064471E-1,1.772303847E2,1.841901534E-1,-7.131064451E-2,1.772302660E2
2.883070208E2,2.416443856E-2,6.625801325E-4,1.594145549E-3,9.997065067E-1,1.772306898E2,1.844571833E-1,-7.148957123E-2,1.772305706E2
2.883120208E2,2.416463806E-2,6.621266366E-4,1.591307344E-3,9.997065067E-1,1.772306669E2,1.841308016E-1,-7.144544237E-2,1.772305480E2
2.883170208E2,2.415976215E-2,6.661411026E-4,1.588774263E-3,9.997066259E-1,1.772312258E2,1.838513832E-1,-7.191324271E-2,1.772311063E2
2.883220208E2,2.415191898E-2,6.715714699E-4,1.593214809E-3,9.997068048E-1,1.772321248E2,1.843745516E-1,-7.252448690E-2,1.772320040E2
2.883270208E2,2.415656955E-2,6.674198085E-4,1.599243260E-3,9.997066855E-1,1.772315917E2,1.850540044E-1,-7.203133488E-2,1.772314713E2
2.883320208E2,2.415389590E-2,6.705236738E-4,1.601067488E-3,9.997067451E-1,1.772318982E2,1.852713844E-1,-7.238235299E-2,1.772317770E2
2.883370208E2,2.414907993E-2,6.736595533E-4,1.597960829E-3,9.997068644E-1,1.772324502E2,1.849238210E-1,-7.275108301E-2,1.772323287E2
2.883420208E2,2.414158542E-2,6.785332807E-4,1.597272814E-3,9.997070432E-1,1.772333093E2,1.848579423E-1,-7.331269736E-2,1.772331869E2
2.883470208E2,2.413622696E-2,6.810730556E-4,1.602552133E-3,9.997071624E-1,1.772339235E2,1.854693650E-1,-7.359003760E-2,1.772338002E2
2.883520208E2,2.413119437E-2,6.848312914E-4,1.602373668E-3,9.997072816E-1,1.772345004E2,1.854589437E-1,-7.402200098E-2,1.772343764E2
2.883570208E2,2.413648669E-2,6.818763795E-4,1.598292962E-3,9.997071624E-1,1.772338937E2,1.849836825E-1,-7.369379735E-2,1.772337706E2
2.883620208E2,2.414413505E-2,6.767618470E-4,1.596792019E-3,9.997069836E-1,1.772330170E2,1.847981485E-1,-7.311062424E-2,1.772328950E2
2.883670208E2,2.414422988E-2,6.770493346E-4,1.595235546E-3,9.997069836E-1,1.772330062E2,1.846206439E-1,-7.314784726E-2,1.772328842E2
2.883720208E2,2.414200156E-2,6.781069096E-4,1.591152512E-3,9.997070432E-1,1.772332616E2,1.841556612E-1,-7.328070859E-2,1.772331397E2
2.883770208E2,2.413981247E-2,6.789467297E-4,1.586551429E-3,9.997071028E-1,1.772335125E2,1.836307316E-1,-7.339004816E-2,1.772333908E2
2.883820208E2,2.414477116E-2,6.757911178E-4,1.587558188E-3,9.997069836E-1,1.772329441E2,1.837376963E-1,-7.302485105E-2,1.772328229E2
2.883870208E2,2.415002140E-2,6.727387081E-4,1.584060141E-3,9.997068644E-1,1.772323423E2,1.833289009E-1,-7.268388901E-2,1.772322219E2
2.883920208E2,2.414745374E-2,6.740704994E-4,1.585020451E-3,9.997069240E-1,1.772326366E2,1.834424115E-1,-7.283426985E-2,1.772325159E2
2.883970208E2,2.413978473E-2,6.802690914E-4,1.586406957E-3,9.997071028E-1,1.772335157E2,1.836178376E-1,-7.354194007E-2,1.772333937E2
2.884020208E2,2.413249153E-2,6.840551505E-4,1.583053381E-3,9.997072816E-1,1.772343517E2,1.832435920E-1,-7.398627753E-2,1.772342293E2
2.884070208E2,2.413227275E-2,6.853037630E-4,1.585845952E-3,9.997072816E-1,1.772343768E2,1.835669416E-1,-7.412163345E-2,1.772342539E2
2.884120208E2,2.412447047E-2,6.896671839E-4,1.589936321E-3,9.997074604E-1,1.772352711E2,1.840470134E-1,-7.461162304E-2,1.772351471E2
2.884170208E2,2.412908770E-2,6.869100034E-4,1.596008777E-3,9.997073412E-1,1.772347419E2,1.847353843E-1,-7.427812469E-2,1.772346179E2
2.884220208E2,2.412916330E-2,6.873473758E-4,1.594676869E-3,9.997073412E-1,1.772347332E2,1.845840182E-1,-7.433189814E-2,1.772346093E2
2.884270208E2,2.412933990E-2,6.868447526E-4,1.592219458E-3,9.997073412E-1,1.772347129E2,1.843011242E-1,-7.428108110E-2,1.772345893E2
2.884320208E2,2.412449878E-2,6.893214304E-4,1.589656691E-3,9.997074604E-1,1.772352679E2,1.840140256E-1,-7.457278203E-2,1.772351440E2
2.884370208E2,2.413154692E-2,6.845064927E-4,1.597194700E-3,9.997072816E-1,1.772344600E2,1.848647772E-1,-7.399904918E-2,1.772343364E2
2.884420208E2,2.413374965E-2,6.836312823E-4,1.601589029E-3,9.997072220E-1,1.772342075E2,1.853659268E-1,-7.388622627E-2,1.772340838E2
2.884470208E2,2.412392308E-2,6.900060107E-4,1.598073984E-3,9.997074604E-1,1.772353338E2,1.849801472E-1,-7.462804237E-2,1.772352092E2
2.884520208E2,2.411910477E-2,6.935197162E-4,1.594703877E-3,9.997075796E-1,1.772358861E2,1.846034260E-1,-7.504077221E-2,1.772357611E2
2.884570208E2,2.412159324E-2,6.920581800E-4,1.595065580E-3,9.997075200E-1,1.772356009E2,1.846410084E-1,-7.487188207E-2,1.772354761E2
2.884620208E2,2.411885420E-2,6.938991137E-4,1.598324394E-3,9.997075796E-1,1.772359149E2,1.850192166E-1,-7.507427463E-2,1.772357895E2
2.884670208E2,2.411867304E-2,6.942828186E-4,1.600889373E-3,9.997075796E-1,1.772359356E2,1.853141036E-1,-7.511117524E-2,1.772358100E2
2.884720208E2,2.411893500E-2,6.939108716E-4,1.597099588E-3,9.997075796E-1,1.772359056E2,1.848789434E-1,-7.507899195E-2,1.772357803E2
2.884770208E2,2.411650222E-2,6.952175754E-4,1.595958485E-3,9.997076392E-1,1.772361845E2,1.847516493E-1,-7.523228899E-2,1.772360590E2
2.884820208E2,2.411643122E-2,6.956272991E-4,1.596852555E-3,9.997076392E-1,1.772361926E2,1.848551997E-1,-7.527676837E-2,1.772360670E2
2.884870208E2,2.411397941E-2,6.962492480E-4,1.596292597E-3,9.997076988E-1,1.772364736E2,1.847925860E-1,-7.535001840E-2,1.772363479E2
2.884920208E2,2.411890441E-2,6.926389178E-4,1.598113333E-3,9.997075796E-1,1.772359091E2,1.849915582E-1,-7.493048306E-2,1.772357840E2
2.884970208E2,2.412128611E-2,6.912169047E-4,1.600067131E-3,9.997075200E-1,1.772356361E2,1.852116296E-1,-7.476173849E-2,1.772355111E2
2.885020208E2,2.412117352E-2,6.918719737E-4,1.601480646E-3,9.997075200E-1,1.772356490E2,1.853753622E-1,-7.483289555E-2,1.772355237E2
2.885070208E2,2.412659487E-2,6.886303890E-4,1.595617854E-3,9.997074008E-1,1.772350276E2,1.846951726E-1,-7.447675023E-2,1.772349034E2
2.885120208E2,2.412626985E-2,6.885582116E-4,1.600555726E-3,9.997074008E-1,1.772350648E2,1.852606236E-1,-7.445488955E-2,1.772349403E2
2.885170208E2,2.412556928E-2,6.878334680E-4,1.611390733E-3,9.997074008E-1,1.772351451E2,1.864998089E-1,-7.434203844E-2,1.772350199E2
2.885220208E2,2.412266695E-2,6.896980922E-4,1.617055852E-3,9.997074604E-1,1.772354778E2,1.871537352E-1,-7.454052709E-2,1.772353518E2
2.885270208E2,2.412791849E-2,6.871155929E-4,1.613500528E-3,9.997073412E-1,1.772348759E2,1.867396932E-1,-7.425352825E-2,1.772347506E2
2.885320208E2,2.413005570E-2,6.857181434E-4,1.619055052E-3,9.997072816E-1,1.772346309E2,1.873723048E-1,-7.407768039E-2,1.772345055E2
2.885370208E2,2.412727716E-2,6.877723499E-4,1.622784184E-3,9.997073412E-1,1.772349494E2,1.878049826E-1,-7.430321637E-2,1.772348233E2
2.885420208E2,2.412507147E-2,6.881404552E-4,1.618696260E-3,9.997074008E-1,1.772352022E2,1.873375303E-1,-7.435710188E-2,1.772350764E2
2.885470208E2,2.412513533E-2,6.890833611E-4,1.617342816E-3,9.997074008E-1,1.772351949E2,1.871850936E-1,-7.446884922E-2,1.772350690E2
2.885520208E2,2.412748733E-2,6.876005209E-4,1.619729330E-3,9.997073412E-1,1.772349253E2,1.874545638E-1,-7.429193897E-2,1.772347995E2
2.885570208E2,2.413258565E-2,6.844510790E-4,1.618687063E-3,9.997072220E-1,1.772343409E2,1.873268317E-1,-7.393307147E-2,1.772342158E2
2.885620208E2,2.412270997E-2,6.912632962E-4,1.615745132E-3,9.997074604E-1,1.772354729E2,1.870079115E-1,-7.472344914E-2,1.772353467E2
2.885670208E2,2.411537578E-2,6.953781703E-4,1.612820663E-3,9.997076392E-1,1.772363136E2,1.866837133E-1,-7.520429517E-2,1.772361868E2
2.885720208E2,2.411769793E-2,6.945045316E-4,1.615417888E-3,9.997075796E-1,1.772360474E2,1.869790074E-1,-7.509660089E-2,1.772359206E2
2.885770208E2,2.411531916E-2,6.952611147E-4,1.613717526E-3,9.997076392E-1,1.772363201E2,1.867861289E-1,-7.518841755E-2,1.772361932E2
2.885820208E2,2.411791329E-2,6.940951571E-4,1.612375723E-3,9.997075796E-1,1.772360227E2,1.866293863E-1,-7.505807150E-2,1.772358962E2
2.885870208E2,2.411531589E-2,6.952161202E-4,1.613785746E-3,9.997076392E-1,1.772363204E2,1.867938194E-1,-7.518307515E-2,1.772361936E2
2.885920208E2,2.411742725E-2,6.932010874E-4,1.620012335E-3,9.997075796E-1,1.772360784E2,1.875017170E-1,-7.493463337E-2,1.772359515E2
2.885970208E2,2.411212655E-2,6.976391887E-4,1.623443561E-3,9.997076988E-1,1.772366860E2,1.879066600E-1,-7.543456695E-2,1.772365580E2
2.886020208E2,2.412275448E-2,6.899127620E-4,1.615657820E-3,9.997074604E-1,1.772354678E2,1.869941789E-1,-7.456896758E-2,1.772353418E2
2.886070208E2,2.412776642E-2,6.868326454E-4,1.615893212E-3,9.997073412E-1,1.772348933E2,1.870130016E-1,-7.421452705E-2,1.772347679E2
2.886120208E2,2.412526588E-2,6.887650234E-4,1.615529996E-3,9.997074008E-1,1.772351799E2,1.869765495E-1,-7.443736849E-2,1.772350542E2
2.886170208E2,2.412548111E-2,6.885241019E-4,1.612415537E-3,9.997074008E-1,1.772351553E2,1.866191118E-1,-7.441833929E-2,1.772350298E2
2.886220208E2,2.413582672E-2,6.825944874E-4,1.607923768E-3,9.997071624E-1,1.772339694E2,1.860889100E-1,-7.374954675E-2,1.772338454E2
2.886270208E2,2.413323914E-2,6.843082956E-4,1.608975464E-3,9.997072220E-1,1.772342660E2,1.862139398E-1,-7.394345037E-2,1.772341416E2
2.886320208E2,2.412805104E-2,6.865577889E-4,1.611754997E-3,9.997073412E-1,1.772348607E2,1.865381953E-1,-7.419442894E-2,1.772347357E2
2.886370208E2,2.413319022E-2,6.843304145E-4,1.609699684E-3,9.997072220E-1,1.772342716E2,1.862969628E-1,-7.394399049E-2,1.772341472E2
2.886420208E2,2.413550986E-2,6.827047910E-4,1.612626249E-3,9.997071624E-1,1.772340057E2,1.866279004E-1,-7.374923552E-2,1.772338814E2
2.886470208E2,2.413081127E-2,6.858966080E-4,1.607678481E-3,9.997072816E-1,1.772345443E2,1.860695725E-1,-7.412944316E-2,1.772344197E2
2.886520208E2,2.413067852E-2,6.852547522E-4,1.609943225E-3,9.997072816E-1,1.772345595E2,1.863272330E-1,-7.404967541E-2,1.772344349E2
2.886570208E2,2.413083937E-2,6.847041077E-4,1.607765094E-3,9.997072816E-1,1.772345411E2,1.860761989E-1,-7.399258790E-2,1.772344167E2
2.886620208E2,2.413072150E-2,6.844063173E-4,1.609659870E-3,9.997072816E-1,1.772345546E2,1.862924291E-1,-7.395325591E-2,1.772344301E2
2.886670208E2,2.413304351E-2,6.836920511E-4,1.612168620E-3,9.997072220E-1,1.772342884E2,1.865780238E-1,-7.386406014E-2,1.772341639E2
2.886720208E2,2.412543150E-2,6.888172938E-4,1.613032422E-3,9.997074008E-1,1.772351609E2,1.866905881E-1,-7.445023056E-2,1.772350354E2
2.886770208E2,2.412021197E-2,6.925052148E-4,1.615626854E-3,9.997075200E-1,1.772357592E2,1.869976082E-1,-7.486651517E-2,1.772356328E2
2.886820208E2,2.412991587E-2,6.858112174E-4,1.621098374E-3,9.997072816E-1,1.772346469E2,1.876066316E-1,-7.408271876E-2,1.772345213E2
2.886870208E2,2.412231424E-2,6.899063010E-4,1.622220268E-3,9.997074604E-1,1.772355183E2,1.877459119E-1,-7.455016889E-2,1.772353918E2
2.886920208E2,2.412223482E-2,6.909279618E-4,1.622966258E-3,9.997074604E-1,1.772355274E2,1.878341899E-1,-7.466516115E-2,1.772354007E2
2.886970208E2,2.411711232E-2,6.941257161E-4,1.624299097E-3,9.997075796E-1,1.772361145E2,1.879953338E-1,-7.502876861E-2,1.772359871E2
2.887020208E2,2.411721009E-2,6.933272816E-4,1.623188029E-3,9.997075796E-1,1.772361033E2,1.878658521E-1,-7.494035381E-2,1.772359762E2
2.887070208E2,2.410960024E-2,6.988144596E-4,1.623753691E-3,9.997077584E-1,1.772369756E2,1.879452448E-1,-7.556882176E-2,1.772368473E2
2.887120208E2,2.411210031E-2,6.977472221E-4,1.623786753E-3,9.997076988E-1,1.772366890E2,1.879462721E-1,-7.544599969E-2,1.772365610E2
2.887170208E2,2.411462165E-2,6.957027363E-4,1.623918302E-3,9.997076392E-1,1.772364000E2,1.879558821E-1,-7.521094972E-2,1.772362723E2
2.887220208E2,2.411666465E-2,6.946900976E-4,1.630692044E-3,9.997075796E-1,1.772361658E2,1.887292263E-1,-7.507583908E-2,1.772360379E2
2.887270208E2,2.411398925E-2,6.954491255E-4,1.633390086E-3,9.997076392E-1,1.772364725E2,1.890402066E-1,-7.515584120E-2,1.772363442E2
2.887320208E2,2.410932854E-2,6.993942661E-4,1.627533813E-3,9.997077584E-1,1.772370067E2,1.883798714E-1,-7.562485044E-2,1.772368781E2
2.887370208E2,2.410951501E-2,6.990319816E-4,1.624925178E-3,9.997077584E-1,1.772369854E2,1.880800432E-1,-7.559052002E-2,1.772368570E2
2.887420208E2,2.410915733E-2,6.989632384E-4,1.630253042E-3,9.997077584E-1,1.772370264E2,1.886901782E-1,-7.556799219E-2,1.772368976E2
2.887470208E2,2.411393960E-2,6.964432541E-4,1.633699518E-3,9.997076392E-1,1.772364782E2,1.890783983E-1,-7.526888100E-2,1.772363496E2
2.887520208E2,2.411462944E-2,6.959614693E-4,1.623691758E-3,9.997076392E-1,1.772363991E2,1.879306452E-1,-7.524121427E-2,1.772362714E2
2.887570208E2,2.411711522E-2,6.932727410E-4,1.624620403E-3,9.997075796E-1,1.772361142E2,1.880297848E-1,-7.493016486E-2,1.772359869E2
2.887620208E2,2.410943761E-2,6.990304682E-4,1.626073848E-3,9.997077584E-1,1.772369942E2,1.882116231E-1,-7.558718758E-2,1.772368658E2
2.887670208E2,2.410946031E-2,6.997377495E-4,1.625432982E-3,9.997077584E-1,1.772369916E2,1.881401624E-1,-7.566997875E-2,1.772368631E2
2.887720208E2,2.410953370E-2,6.986998487E-4,1.624790719E-3,9.997077584E-1,1.772369832E2,1.880637234E-1,-7.555283948E-2,1.772368549E2
2.887770208E2,2.410951712E-2,6.996148149E-4,1.624642988E-3,9.997077584E-1,1.772369851E2,1.880493265E-1,-7.565806757E-2,1.772368566E2
2.887820208E2,2.410443857E-2,7.019416662E-4,1.625641948E-3,9.997078776E-1,1.772375673E2,1.881698095E-1,-7.592282316E-2,1.772374383E2
2.887870208E2,2.410151427E-2,7.043358637E-4,1.631299732E-3,9.997079372E-1,1.772379025E2,1.888243480E-1,-7.618202179E-2,1.772377726E2
2.887920208E2,2.410667183E-2,7.015971933E-4,1.629325561E-3,9.997078180E-1,1.772373113E2,1.885910166E-1,-7.587276445E-2,1.772371821E2
2.887970208E2,2.410918174E-2,6.986576482E-4,1.630023005E-3,9.997077584E-1,1.772370236E2,1.886629830E-1,-7.553361530E-2,1.772368949E2
2.888020208E2,2.411156756E-2,6.968762609E-4,1.632050611E-3,9.997076988E-1,1.772367501E2,1.888905200E-1,-7.532349019E-2,1.772366216E2
2.888070208E2,2.411160307E-2,6.984531647E-4,1.630851533E-3,9.997076988E-1,1.772367460E2,1.887575158E-1,-7.550744378E-2,1.772366173E2
2.888120208E2,2.412388755E-2,6.892026286E-4,1.635798719E-3,9.997074008E-1,1.772353379E2,1.892996097E-1,-7.443172410E-2,1.772352106E2
2.888170208E2,2.411861393E-2,6.934957346E-4,1.638891408E-3,9.997075200E-1,1.772359424E2,1.896653777E-1,-7.491598475E-2,1.772358140E2
2.888220208E2,2.411173929E-2,6.978316233E-4,1.629102626E-3,9.997076988E-1,1.772367304E2,1.885554563E-1,-7.544104792E-2,1.772366019E2
2.888270208E2,2.411386727E-2,6.968269590E-4,1.634603250E-3,9.997076392E-1,1.772364865E2,1.891829834E-1,-7.531035383E-2,1.772363578E2
2.888320208E2,2.411609960E-2,6.939745508E-4,1.639330410E-3,9.997075796E-1,1.772362306E2,1.897168041E-1,-7.497010080E-2,1.772361021E2
2.888370208E2,2.411583475E-2,6.949614035E-4,1.642804826E-3,9.997075796E-1,1.772362610E2,1.901175354E-1,-7.507360111E-2,1.772361320E2
2.888420208E2,2.410881010E-2,6.989913527E-4,1.635367866E-3,9.997077584E-1,1.772370662E2,1.892761760E-1,-7.555714721E-2,1.772369370E2
2.888470208E2,2.411165474E-2,6.971838884E-4,1.630630577E-3,9.997076988E-1,1.772367401E2,1.887286998E-1,-7.536263867E-2,1.772366116E2
2.888520208E2,2.411662972E-2,6.947027287E-4,1.631203224E-3,9.997075796E-1,1.772361698E2,1.887878186E-1,-7.507587992E-2,1.772360418E2
2.888570208E2,2.411915001E-2,6.930992240E-4,1.631151652E-3,9.997075200E-1,1.772358810E2,1.887776674E-1,-7.489185211E-2,1.772357532E2
2.888620208E2,2.411947153E-2,6.927244249E-4,1.626550104E-3,9.997075200E-1,1.772358441E2,1.882495092E-1,-7.486157389E-2,1.772357168E2
2.888670208E2,2.412209363E-2,6.904324400E-4,1.625273959E-3,9.997074604E-1,1.772355435E2,1.880971760E-1,-7.460204243E-2,1.772354168E2
2.888720208E2,2.412450590E-2,6.886707852E-4,1.626879210E-3,9.997074008E-1,1.772352670E2,1.882763804E-1,-7.439533890E-2,1.772351405E2
2.888770208E2,2.411394860E-2,6.964242202E-4,1.633574837E-3,9.997076392E-1,1.772364772E2,1.890640631E-1,-7.526704335E-2,1.772363486E2
2.888820208E2,2.411183032E-2,6.977640442E-4,1.627783757E-3,9.997076988E-1,1.772367200E2,1.884041888E-1,-7.543693325E-2,1.772365916E2
2.888870208E2,2.411641015E-2,6.937152357E-4,1.634865650E-3,9.997075796E-1,1.772361950E2,1.892046346E-1,-7.495267434E-2,1.772360669E2
2.888920208E2,2.411866031E-2,6.927615032E-4,1.638519345E-3,9.997075200E-1,1.772359371E2,1.896207286E-1,-7.483289216E-2,1.772358089E2
2.888970208E2,2.411859079E-2,6.929439842E-4,1.639465219E-3,9.997075200E-1,1.772359451E2,1.897295857E-1,-7.485119570E-2,1.772358167E2
2.889020208E2,2.411865552E-2,6.921354216E-4,1.638854388E-3,9.997075200E-1,1.772359376E2,1.896573797E-1,-7.476024432E-2,1.772358095E2
2.889070208E2,2.412614944E-2,6.881185109E-4,1.639319584E-3,9.997073412E-1,1.772350786E2,1.897001253E-1,-7.429736695E-2,1.772349513E2
2.889120208E2,2.412072106E-2,6.917181308E-4,1.644978765E-3,9.997074604E-1,1.772357009E2,1.903579797E-1,-7.469511966E-2,1.772355724E2
2.889170208E2,2.411584500E-2,6.947058137E-4,1.642762451E-3,9.997075796E-1,1.772362598E2,1.901119753E-1,-7.504443639E-2,1.772361309E2
2.889220208E2,2.411832982E-2,6.924768677E-4,1.643496798E-3,9.997075200E-1,1.772359750E2,1.901901265E-1,-7.478659042E-2,1.772358464E2
2.889270208E2,2.412599234E-2,6.874639657E-4,1.641904237E-3,9.997073412E-1,1.772350967E2,1.899943976E-1,-7.421526737E-2,1.772349692E2
2.889320208E2,2.412084381E-2,6.917092833E-4,1.643181662E-3,9.997074604E-1,1.772356868E2,1.901520911E-1,-7.469905024E-2,1.772355585E2
2.889370208E2,2.412111556E-2,6.908337818E-4,1.639556838E-3,9.997074604E-1,1.772356557E2,1.897344369E-1,-7.460872256E-2,1.772355277E2
2.889420208E2,2.413396610E-2,6.826765020E-4,1.635579043E-3,9.997071624E-1,1.772341827E2,1.892571436E-1,-7.368280294E-2,1.772340566E2
2.889470208E2,2.413358457E-2,6.830382044E-4,1.641048584E-3,9.997071624E-1,1.772342264E2,1.898846978E-1,-7.370918433E-2,1.772340999E2
2.889520208E2,2.412583441E-2,6.878825952E-4,1.644048141E-3,9.997073412E-1,1.772351148E2,1.902411457E-1,-7.425732741E-2,1.772349871E2
2.889570208E2,2.412873775E-2,6.852645311E-4,1.638769056E-3,9.997072816E-1,1.772347820E2,1.896293578E-1,-7.397145167E-2,1.772346552E2
2.889620208E2,2.413864724E-2,6.799274706E-4,1.640500617E-3,9.997070432E-1,1.772336461E2,1.898136912E-1,-7.335337899E-2,1.772335202E2
2.889670208E2,2.413833636E-2,6.786402082E-4,1.645600074E-3,9.997070432E-1,1.772336817E2,1.903942928E-1,-7.319186575E-2,1.772335557E2
2.889720208E2,2.413843943E-2,6.799762486E-4,1.643535332E-3,9.997070432E-1,1.772336699E2,1.901614629E-1,-7.335061176E-2,1.772335438E2
2.889770208E2,2.413884133E-2,6.796659436E-4,1.637750887E-3,9.997070432E-1,1.772336238E2,1.894979773E-1,-7.333098852E-2,1.772334982E2
2.889820208E2,2.413874307E-2,6.790201296E-4,1.639466034E-3,9.997070432E-1,1.772336351E2,1.896926679E-1,-7.325227948E-2,1.772335095E2
2.889870208E2,2.413368890E-2,6.822922733E-4,1.639824011E-3,9.997071624E-1,1.772342144E2,1.897423573E-1,-7.362709884E-2,1.772340882E2
2.889920208E2,2.412643172E-2,6.869903300E-4,1.635634224E-3,9.997073412E-1,1.772350463E2,1.892748377E-1,-7.417826051E-2,1.772349194E2
2.889970208E2,2.413447311E-2,6.819436676E-4,1.628387603E-3,9.997071624E-1,1.772341245E2,1.884313141E-1,-7.361864451E-2,1.772339992E2
2.890020208E2,2.414191296E-2,6.778179668E-4,1.629604260E-3,9.997069836E-1,1.772332718E2,1.885598251E-1,-7.314124408E-2,1.772331471E2
2.890070208E2,2.414164019E-2,6.777216331E-4,1.633680193E-3,9.997069836E-1,1.772333030E2,1.890264709E-1,-7.311898344E-2,1.772331781E2
2.890120208E2,2.413921550E-2,6.788938772E-4,1.632547821E-3,9.997070432E-1,1.772335810E2,1.888998139E-1,-7.325686433E-2,1.772334559E2
2.890170208E2,2.413929523E-2,6.792860804E-4,1.631205319E-3,9.997070432E-1,1.772335718E2,1.887471100E-1,-7.330549304E-2,1.772334467E2
2.890220208E2,2.414633289E-2,6.744056591E-4,1.638640417E-3,9.997068644E-1,1.772327651E2,1.895858728E-1,-7.272449934E-2,1.772326405E2
2.890270208E2,2.414386965E-2,6.763796555E-4,1.637758221E-3,9.997069240E-1,1.772330475E2,1.894900929E-1,-7.295354445E-2,1.772329225E2
2.890320208E2,2.413661520E-2,6.811417406E-4,1.633558306E-3,9.997071028E-1,1.772338790E2,1.890216010E-1,-7.351207151E-2,1.772337534E2
2.890370208E2,2.414185166E-2,6.776672089E-4,1.630574930E-3,9.997069836E-1,1.772332788E2,1.886706019E-1,-7.312129969E-2,1.772331541E2
2.890420208E2,2.413891550E-2,6.786423037E-4,1.637081965E-3,9.997070432E-1,1.772336153E2,1.894185201E-1,-7.321555869E-2,1.772334900E2
2.890470208E2,2.413383256E-2,6.826989702E-4,1.637538895E-3,9.997071624E-1,1.772341980E2,1.894817134E-1,-7.367998184E-2,1.772340718E2
2.890520208E2,2.413162225E-2,6.835801178E-4,1.633351436E-3,9.997072220E-1,1.772344513E2,1.890042788E-1,-7.379292337E-2,1.772343253E2
2.890570208E2,2.413667488E-2,6.804697332E-4,1.632956439E-3,9.997071028E-1,1.772338722E2,1.889507975E-1,-7.343674113E-2,1.772337468E2
2.890620208E2,2.413923292E-2,6.791466149E-4,1.632185187E-3,9.997070432E-1,1.772335790E2,1.888589716E-1,-7.328681731E-2,1.772334538E2
2.890670208E2,2.413394003E-2,6.832008949E-4,1.635744702E-3,9.997071624E-1,1.772341857E2,1.892775698E-1,-7.374242313E-2,1.772340595E2
2.890720208E2,2.413667748E-2,6.807402242E-4,1.632805332E-3,9.997071028E-1,1.772338719E2,1.889342353E-1,-7.346814552E-2,1.772337464E2
2.890770208E2,2.413368645E-2,6.822221330E-4,1.639889320E-3,9.997071624E-1,1.772342147E2,1.897496448E-1,-7.361888355E-2,1.772340885E2
2.890820208E2,2.412617410E-2,6.882630987E-4,1.638895948E-3,9.997073412E-1,1.772350758E2,1.896519959E-1,-7.431509723E-2,1.772349485E2
2.890870208E2,2.412135029E-2,6.907884381E-4,1.636118977E-3,9.997074604E-1,1.772356288E2,1.893404931E-1,-7.461298657E-2,1.772355011E2
2.890920208E2,2.412150111E-2,6.907727220E-4,1.633900567E-3,9.997074604E-1,1.772356115E2,1.890863233E-1,-7.461728985E-2,1.772354840E2
2.890970208E2,2.412856051E-2,6.858526031E-4,1.641130890E-3,9.997072816E-1,1.772348023E2,1.899015389E-1,-7.403232306E-2,1.772346752E2
2.891020208E2,2.413119913E-2,6.834650994E-4,1.639638795E-3,9.997072220E-1,1.772344998E2,1.897241993E-1,-7.376244026E-2,1.772343733E2
2.891070208E2,2.413919966E-2,6.784588331E-4,1.632962958E-3,9.997070432E-1,1.772335828E2,1.889461666E-1,-7.320588115E-2,1.772334577E2
2.891120208E2,2.414914341E-2,6.718829973E-4,1.634618500E-3,9.997068048E-1,1.772324430E2,1.891183513E-1,-7.244610557E-2,1.772323191E2
2.891170208E2,2.414631290E-2,6.740078679E-4,1.639098627E-3,9.997068644E-1,1.772327674E2,1.896372624E-1,-7.267766506E-2,1.772326428E2
2.891220208E2,2.413872823E-2,6.797743845E-4,1.639371971E-3,9.997070432E-1,1.772336368E2,1.896839777E-1,-7.333894845E-2,1.772335110E2
2.891270208E2,2.413672002E-2,6.798736867E-4,1.632537460E-3,9.997071028E-1,1.772338670E2,1.889011545E-1,-7.336960958E-2,1.772337417E2
2.891320208E2,2.413443470E-2,6.815806264E-4,1.629108679E-3,9.997071624E-1,1.772341289E2,1.885129125E-1,-7.357506816E-2,1.772340036E2
2.891370208E2,2.413151953E-2,6.846523611E-4,1.634419663E-3,9.997072220E-1,1.772344631E2,1.891296111E-1,-7.391282282E-2,1.772343368E2
2.891420208E2,2.412655578E-2,6.866218173E-4,1.633958076E-3,9.997073412E-1,1.772350321E2,1.890818111E-1,-7.414065518E-2,1.772349054E2
2.891470208E2,2.411931804E-2,6.918470026E-4,1.629197504E-3,9.997075200E-1,1.772358617E2,1.885503544E-1,-7.475376956E-2,1.772357344E2
2.891520208E2,2.411649547E-2,6.949724630E-4,1.633072039E-3,9.997075796E-1,1.772361852E2,1.890026426E-1,-7.510164072E-2,1.772360570E2
2.891570208E2,2.412159345E-2,6.914030528E-4,1.632269938E-3,9.997074604E-1,1.772356009E2,1.889012704E-1,-7.469398935E-2,1.772354734E2
2.891620208E2,2.412689503E-2,6.867689663E-4,1.628879108E-3,9.997073412E-1,1.772349932E2,1.885004046E-1,-7.417149080E-2,1.772348669E2
2.891670208E2,2.413206873E-2,6.837656256E-4,1.626663725E-3,9.997072220E-1,1.772344001E2,1.882386913E-1,-7.383258498E-2,1.772342746E2
2.891720208E2,2.412402833E-2,6.883235765E-4,1.634091721E-3,9.997074008E-1,1.772353218E2,1.891016388E-1,-7.433571400E-2,1.772351948E2
2.891770208E2,2.411874846E-2,6.930088857E-4,1.637116540E-3,9.997075200E-1,1.772359270E2,1.894607159E-1,-7.486509237E-2,1.772357988E2
2.891820208E2,2.411648561E-2,6.948538357E-4,1.633268199E-3,9.997075796E-1,1.772361864E2,1.890247857E-1,-7.508751075E-2,1.772360581E2
2.891870208E2,2.411898013E-2,6.919243024E-4,1.634159591E-3,9.997075200E-1,1.772359004E2,1.891189917E-1,-7.474897358E-2,1.772357727E2
2.891920208E2,2.411351828E-2,6.962807383E-4,1.639975468E-3,9.997076392E-1,1.772365265E2,1.897968806E-1,-7.523300061E-2,1.772363975E2
2.891970208E2,2.410360761E-2,7.025910309E-4,1.637638197E-3,9.997078776E-1,1.772376625E2,1.895458125E-1,-7.596423348E-2,1.772375325E2
2.892020208E2,2.410612007E-2,7.015013834E-4,1.637509675E-3,9.997078180E-1,1.772373745E2,1.895282697E-1,-7.583928420E-2,1.772372447E2
2.892070208E2,2.411384591E-2,6.954585551E-4,1.635500928E-3,9.997076392E-1,1.772364889E2,1.892820367E-1,-7.515111550E-2,1.772363604E2
2.892120208E2,2.411611971E-2,6.948711816E-4,1.638654619E-3,9.997075796E-1,1.772362283E2,1.896418662E-1,-7.507468094E-2,1.772360997E2
2.892170208E2,2.411103435E-2,6.980339531E-4,1.639416674E-3,9.997076988E-1,1.772368112E2,1.897375238E-1,-7.543586113E-2,1.772366819E2
2.892220208E2,2.410592873E-2,7.008250104E-4,1.640613191E-3,9.997078180E-1,1.772373964E2,1.898819206E-1,-7.575326308E-2,1.772372665E2
2.892270208E2,2.410846914E-2,6.990655675E-4,1.640354982E-3,9.997077584E-1,1.772371053E2,1.898476717E-1,-7.555193546E-2,1.772369757E2
2.892320208E2,2.411332488E-2,6.957717706E-4,1.643032301E-3,9.997076392E-1,1.772365487E2,1.901456457E-1,-7.516628394E-2,1.772364195E2
2.892370208E2,2.412120944E-2,6.911078817E-4,1.638059504E-3,9.997074604E-1,1.772356449E2,1.895636694E-1,-7.464424405E-2,1.772355170E2
2.892420208E2,2.412861299E-2,6.860566791E-4,1.640273840E-3,9.997072816E-1,1.772347963E2,1.898039249E-1,-7.405806145E-2,1.772346692E2
2.892470208E2,2.412602447E-2,6.876509869E-4,1.641353709E-3,9.997073412E-1,1.772350930E2,1.899318494E-1,-7.423820813E-2,1.772349655E2
2.892520208E2,2.412832965E-2,6.863686722E-4,1.644306350E-3,9.997072816E-1,1.772348287E2,1.902667246E-1,-7.408270653E-2,1.772347013E2
2.892570208E2,2.413345529E-2,6.820205599E-4,1.643371303E-3,9.997071624E-1,1.772342412E2,1.901479606E-1,-7.358620576E-2,1.772341147E2
2.892620208E2,2.414120666E-2,6.778120878E-4,1.640036702E-3,9.997069836E-1,1.772333527E2,1.897548809E-1,-7.311184239E-2,1.772332273E2
2.892670208E2,2.414869412E-2,6.718061049E-4,1.641274081E-3,9.997068048E-1,1.772324945E2,1.898805583E-1,-7.241896352E-2,1.772323701E2
2.892720208E2,2.415125183E-2,6.701228558E-4,1.640632981E-3,9.997067451E-1,1.772322013E2,1.898026412E-1,-7.222742241E-2,1.772320773E2
2.892770208E2,2.414649926E-2,6.737468066E-4,1.636458444E-3,9.997068644E-1,1.772327461E2,1.893340985E-1,-7.265502872E-2,1.772326217E2
2.892820208E2,2.415401889E-2,6.692938041E-4,1.636550645E-3,9.997066855E-1,1.772318841E2,1.893328805E-1,-7.214322237E-2,1.772317606E2
2.892870208E2,2.415379833E-2,6.693965406E-4,1.639760681E-3,9.997066855E-1,1.772319094E2,1.897008854E-1,-7.214614822E-2,1.772317856E2
2.892920208E2,2.415130291E-2,6.705067935E-4,1.639723894E-3,9.997067451E-1,1.772321954E2,1.896995641E-1,-7.227391190E-2,1.772320714E2
2.892970208E2,2.415131699E-2,6.705311243E-4,1.639506547E-3,9.997067451E-1,1.772321938E2,1.896747335E-1,-7.227729806E-2,1.772320698E2
2.893020208E2,2.415358322E-2,6.683318061E-4,1.643359661E-3,9.997066855E-1,1.772319341E2,1.901102157E-1,-7.201425348E-2,1.772318102E2
2.893070208E2,2.416131200E-2,6.637877086E-4,1.640363364E-3,9.997065067E-1,1.772310481E2,1.897549387E-1,-7.150051735E-2,1.772309254E2
2.893120208E2,2.415669051E-2,6.676478079E-4,1.634198590E-3,9.997066259E-1,1.772315779E2,1.890590688E-1,-7.196066554E-2,1.772314548E2
2.893170208E2,2.415887557E-2,6.657516351E-4,1.639126334E-3,9.997065663E-1,1.772313274E2,1.896184901E-1,-7.172938800E-2,1.772312044E2
2.893220208E2,2.415599352E-2,6.665585097E-4,1.644910895E-3,9.997066259E-1,1.772316578E2,1.902831868E-1,-7.180635575E-2,1.772315342E2
2.893270208E2,2.415776769E-2,6.666802219E-4,1.655000611E-3,9.997065663E-1,1.772314544E2,1.914395123E-1,-7.179202874E-2,1.772313301E2
2.893320208E2,2.415327527E-2,6.696127239E-4,1.647359342E-3,9.997066855E-1,1.772319693E2,1.905719361E-1,-7.214998073E-2,1.772318450E2
2.893370208E2,2.414085084E-2,6.770075997E-4,1.645597164E-3,9.997069836E-1,1.772333935E2,1.903896265E-1,-7.300436652E-2,1.772332678E2
2.893420208E2,2.414834651E-2,6.728563458E-4,1.645951648E-3,9.997068048E-1,1.772325343E2,1.904192942E-1,-7.252639868E-2,1.772324094E2
2.893470208E2,2.414328905E-2,6.752362824E-4,1.646764460E-3,9.997069240E-1,1.772331140E2,1.905186270E-1,-7.279775397E-2,1.772329886E2
2.893520208E2,2.414080915E-2,6.775169168E-4,1.645999146E-3,9.997069836E-1,1.772333983E2,1.904370830E-1,-7.306160875E-2,1.772332725E2
2.893570208E2,2.414317583E-2,6.754561909E-4,1.648333389E-3,9.997069240E-1,1.772331270E2,1.906989612E-1,-7.281862702E-2,1.772330014E2
2.893620208E2,2.415083325E-2,6.700584781E-4,1.646809396E-3,9.997067451E-1,1.772322493E2,1.905099927E-1,-7.220303300E-2,1.772321249E2
2.893670208E2,2.414861983E-2,6.728541339E-4,1.641937764E-3,9.997068048E-1,1.772325030E2,1.899594839E-1,-7.253720108E-2,1.772323784E2
2.893720208E2,2.414373871E-2,6.761786062E-4,1.639770344E-3,9.997069240E-1,1.772330625E2,1.897200326E-1,-7.292497033E-2,1.772329374E2
2.893770208E2,2.413892816E-2,6.790807238E-4,1.636713510E-3,9.997070432E-1,1.772336139E2,1.893775244E-1,-7.326680007E-2,1.772334885E2
2.893820208E2,2.413925335E-2,6.784215802E-4,1.632184489E-3,9.997070432E-1,1.772335766E2,1.888568873E-1,-7.320375685E-2,1.772334516E2
2.893870208E2,2.414186433E-2,6.772912457E-4,1.630543498E-3,9.997069836E-1,1.772332773E2,1.886659618E-1,-7.307831465E-2,1.772331527E2
2.893920208E2,2.414447210E-2,6.753196940E-4,1.629292383E-3,9.997069240E-1,1.772329784E2,1.885173712E-1,-7.285542715E-2,1.772328543E2
2.893970208E2,2.414926108E-2,6.721826503E-4,1.632755855E-3,9.997068048E-1,1.772324295E2,1.889058076E-1,-7.248556570E-2,1.772323057E2
2.894020208E2,2.413924841E-2,6.792040076E-4,1.631932100E-3,9.997070432E-1,1.772335772E2,1.888301383E-1,-7.329408930E-2,1.772334521E2
2.894070208E2,2.413471204E-2,6.814757944E-4,1.625038800E-3,9.997071624E-1,1.772340972E2,1.880464040E-1,-7.357426284E-2,1.772339721E2
2.894120208E2,2.413963886E-2,6.794366636E-4,1.626049168E-3,9.997070432E-1,1.772335324E2,1.881568714E-1,-7.333694228E-2,1.772334077E2
2.894170208E2,2.413970514E-2,6.789457984E-4,1.625270001E-3,9.997070432E-1,1.772335248E2,1.880662581E-1,-7.328285269E-2,1.772334003E2
2.894220208E2,2.414215410E-2,6.772078923E-4,1.626282115E-3,9.997069836E-1,1.772332441E2,1.881775753E-1,-7.308050077E-2,1.772331198E2
2.894270208E2,2.413723270E-2,6.800798583E-4,1.624853583E-3,9.997071028E-1,1.772338082E2,1.880215098E-1,-7.341438532E-2,1.772336835E2
2.894320208E2,2.413696519E-2,6.809108309E-4,1.628475264E-3,9.997071028E-1,1.772338389E2,1.884386828E-1,-7.349961257E-2,1.772337137E2
2.894370208E2,2.414190863E-2,6.774736103E-4,1.629811595E-3,9.997069836E-1,1.772332723E2,1.885826240E-1,-7.310122249E-2,1.772331476E2
2.894420208E2,2.413446307E-2,6.818774855E-4,1.628564089E-3,9.997071624E-1,1.772341257E2,1.884513482E-1,-7.361057660E-2,1.772340003E2
2.894470208E2,2.413456941E-2,6.815577508E-4,1.627121470E-3,9.997071624E-1,1.772341135E2,1.882852076E-1,-7.357791829E-2,1.772339883E2
2.894520208E2,2.413436497E-2,6.820799317E-4,1.629932551E-3,9.997071624E-1,1.772341369E2,1.886086698E-1,-7.363000215E-2,1.772340114E2
2.894570208E2,2.413676882E-2,6.810504710E-4,1.631324994E-3,9.997071028E-1,1.772338614E2,1.887655152E-1,-7.350776413E-2,1.772337360E2
2.894620208E2,2.413956215E-2,6.796107045E-4,1.627114951E-3,9.997070432E-1,1.772335412E2,1.882794416E-1,-7.335394621E-2,1.772334164E2
2.894670208E2,2.414226892E-2,6.775225047E-4,1.624445547E-3,9.997069836E-1,1.772332310E2,1.879680599E-1,-7.312160164E-2,1.772331067E2
2.894720208E2,2.414486775E-2,6.750492612E-4,1.623530989E-3,9.997069240E-1,1.772329331E2,1.878566357E-1,-7.284031364E-2,1.772328094E2
2.894770208E2,2.414510119E-2,6.758618401E-4,1.619716757E-3,9.997069240E-1,1.772329063E2,1.874219492E-1,-7.294391101E-2,1.772327827E2
2.894820208E2,2.413527171E-2,6.813868531E-4,1.616742811E-3,9.997071624E-1,1.772340330E2,1.870958240E-1,-7.358691389E-2,1.772339086E2
2.894870208E2,2.413560560E-2,6.810338818E-4,1.611899701E-3,9.997071624E-1,1.772339947E2,1.865400533E-1,-7.355981110E-2,1.772338708E2
2.894920208E2,2.413783974E-2,6.801499403E-4,1.615781221E-3,9.997071028E-1,1.772337386E2,1.869824331E-1,-7.344739486E-2,1.772336146E2
2.894970208E2,2.414307866E-2,6.775879301E-4,1.612338703E-3,9.997069836E-1,1.772331381E2,1.865813598E-1,-7.316244065E-2,1.772330148E2
2.895020208E2,2.414058846E-2,6.788868923E-4,1.612121472E-3,9.997070432E-1,1.772334236E2,1.865598857E-1,-7.331231291E-2,1.772333000E2
2.895070208E2,2.413551779E-2,6.825043820E-4,1.612592489E-3,9.997071624E-1,1.772340048E2,1.866234790E-1,-7.372636895E-2,1.772338805E2
2.895120208E2,2.412516302E-2,6.881098961E-4,1.617344213E-3,9.997074008E-1,1.772351917E2,1.871825642E-1,-7.435732190E-2,1.772350660E2
2.895170208E2,2.412555434E-2,6.894851686E-4,1.610908424E-3,9.997074008E-1,1.772351469E2,1.864491221E-1,-7.453259031E-2,1.772350213E2
2.895220208E2,2.412354177E-2,6.894841790E-4,1.604044111E-3,9.997074604E-1,1.772353776E2,1.856626044E-1,-7.455182858E-2,1.772352525E2
2.895270208E2,2.412851642E-2,6.866549957E-4,1.604731311E-3,9.997073412E-1,1.772348073E2,1.857338764E-1,-7.422489879E-2,1.772346828E2
2.895320208E2,2.411831277E-2,6.939774612E-4,1.606439939E-3,9.997075796E-1,1.772359769E2,1.859490967E-1,-7.506091974E-2,1.772358509E2
2.895370208E2,2.410590160E-2,7.021745550E-4,1.603699289E-3,9.997078776E-1,1.772373996E2,1.856568464E-1,-7.600984292E-2,1.772372722E2
2.895420208E2,2.411865338E-2,6.940530729E-4,1.601285185E-3,9.997075796E-1,1.772359379E2,1.853588107E-1,-7.508376567E-2,1.772358122E2
2.895470208E2,2.414154651E-2,6.789934705E-4,1.597665250E-3,9.997070432E-1,1.772333138E2,1.849041695E-1,-7.336433730E-2,1.772331912E2
2.895520208E2,2.414132226E-2,6.774512003E-4,1.601703349E-3,9.997070432E-1,1.772333395E2,1.853624840E-1,-7.317652787E-2,1.772332169E2
2.895570208E2,2.413624462E-2,6.812256179E-4,1.602221280E-3,9.997071624E-1,1.772339215E2,1.854318864E-1,-7.360842667E-2,1.772337982E2
2.895620208E2,2.413346995E-2,6.827311008E-4,1.606181148E-3,9.997072220E-1,1.772342395E2,1.858894821E-1,-7.377045504E-2,1.772341157E2
2.895670208E2,2.414364719E-2,6.769005558E-4,1.604093122E-3,9.997069836E-1,1.772330730E2,1.856348991E-1,-7.310640406E-2,1.772329503E2
2.895720208E2,2.414880642E-2,6.729297456E-4,1.602395554E-3,9.997068644E-1,1.772324816E2,1.854298161E-1,-7.265525575E-2,1.772323598E2
2.895770208E2,2.414645233E-2,6.740626995E-4,1.600207062E-3,9.997069240E-1,1.772327514E2,1.851820702E-1,-7.279153713E-2,1.772326296E2
2.895820208E2,2.414367810E-2,6.758650998E-4,1.604064484E-3,9.997069836E-1,1.772330694E2,1.856287555E-1,-7.298785775E-2,1.772329470E2
2.895870208E2,2.412841286E-2,6.864937604E-4,1.606356702E-3,9.997073412E-1,1.772348192E2,1.859196250E-1,-7.420195296E-2,1.772346946E2
2.895920208E2,2.412098054E-2,6.915074191E-4,1.604541903E-3,9.997075200E-1,1.772356711E2,1.857250328E-1,-7.478270676E-2,1.772355457E2
2.895970208E2,2.413137163E-2,6.854822859E-4,1.599423122E-3,9.997072816E-1,1.772344801E2,1.851227474E-1,-7.410470414E-2,1.772343562E2
2.896020208E2,2.413618844E-2,6.817938411E-4,1.602825709E-3,9.997071624E-1,1.772339279E2,1.855026964E-1,-7.367185982E-2,1.772338045E2
2.896070208E2,2.412872051E-2,6.860380527E-4,1.601924072E-3,9.997073412E-1,1.772347839E2,1.854105926E-1,-7.416194731E-2,1.772346597E2
2.896120208E2,2.412619425E-2,6.888760254E-4,1.601558295E-3,9.997074008E-1,1.772350735E2,1.853763495E-1,-7.448853981E-2,1.772349488E2
2.896170208E2,2.412616812E-2,6.878373097E-4,1.602398115E-3,9.997074008E-1,1.772350765E2,1.854696839E-1,-7.436722947E-2,1.772349519E2
2.896220208E2,2.413370695E-2,6.839628331E-4,1.602090895E-3,9.997072220E-1,1.772342124E2,1.854243337E-1,-7.392282802E-2,1.772340886E2
2.896270208E2,2.413604144E-2,6.821345305E-4,1.604893128E-3,9.997071624E-1,1.772339448E2,1.857404683E-1,-7.370519751E-2,1.772338211E2
2.896320208E2,2.413121610E-2,6.853964878E-4,1.601804630E-3,9.997072816E-1,1.772344979E2,1.853953203E-1,-7.408831834E-2,1.772343738E2
2.896370208E2,2.412622588E-2,6.878692657E-4,1.601514523E-3,9.997074008E-1,1.772350699E2,1.853685536E-1,-7.437332252E-2,1.772349454E2
2.896420208E2,2.412841384E-2,6.875636755E-4,1.605884288E-3,9.997073412E-1,1.772348191E2,1.858684648E-1,-7.432582642E-2,1.772346943E2
2.896470208E2,2.412332448E-2,6.901610759E-4,1.607018174E-3,9.997074604E-1,1.772354025E2,1.860051635E-1,-7.462119127E-2,1.772352771E2
2.896520208E2,2.413109196E-2,6.858296692E-4,1.603488578E-3,9.997072816E-1,1.772345121E2,1.855894195E-1,-7.413330908E-2,1.772343878E2
2.896570208E2,2.414120238E-2,6.790183834E-4,1.602846198E-3,9.997070432E-1,1.772333532E2,1.854977341E-1,-7.335292180E-2,1.772332303E2
2.896620208E2,2.413859926E-2,6.806613528E-4,1.604177640E-3,9.997071028E-1,1.772336516E2,1.856546162E-1,-7.353793713E-2,1.772335282E2
2.896670208E2,2.412621830E-2,6.885631010E-4,1.601330470E-3,9.997074008E-1,1.772350708E2,1.853493868E-1,-7.445331723E-2,1.772349461E2
2.896720208E2,2.412406370E-2,6.899397122E-4,1.595978509E-3,9.997074604E-1,1.772353177E2,1.847399200E-1,-7.462621436E-2,1.772351932E2
2.896770208E2,2.412945150E-2,6.867094780E-4,1.590585685E-3,9.997073412E-1,1.772347001E2,1.841135961E-1,-7.427008137E-2,1.772345767E2
2.896820208E2,2.412451130E-2,6.900207954E-4,1.589163090E-3,9.997074604E-1,1.772352664E2,1.839594140E-1,-7.465426225E-2,1.772351424E2
2.896870208E2,2.412719930E-2,6.877775886E-4,1.586821978E-3,9.997074008E-1,1.772349583E2,1.836852179E-1,-7.440326312E-2,1.772348349E2
2.896920208E2,2.412193776E-2,6.923386245E-4,1.589724910E-3,9.997075200E-1,1.772355614E2,1.840299908E-1,-7.491870884E-2,1.772354369E2
2.896970208E2,2.411414776E-2,6.969225942E-4,1.593452995E-3,9.997076988E-1,1.772364543E2,1.844691591E-1,-7.543497153E-2,1.772363287E2
2.897020208E2,2.412177818E-2,6.921874010E-4,1.592210261E-3,9.997075200E-1,1.772355797E2,1.843142787E-1,-7.489454413E-2,1.772354551E2
2.897070208E2,2.413205543E-2,6.852542283E-4,1.589170890E-3,9.997072816E-1,1.772344017E2,1.839476880E-1,-7.410680378E-2,1.772342786E2
2.897120208E2,2.414492317E-2,6.754212664E-4,1.585402177E-3,9.997069836E-1,1.772329267E2,1.834896948E-1,-7.298841919E-2,1.772328057E2
2.897170208E2,2.414197818E-2,6.784580764E-4,1.591357519E-3,9.997070432E-1,1.772332643E2,1.841801164E-1,-7.332037470E-2,1.772331423E2
2.897220208E2,2.412690200E-2,6.876703119E-4,1.591382199E-3,9.997074008E-1,1.772349924E2,1.842073108E-1,-7.437841992E-2,1.772348687E2
2.897270208E2,2.413168453E-2,6.851367652E-4,1.594843692E-3,9.997072816E-1,1.772344442E2,1.845972028E-1,-7.407772804E-2,1.772343207E2
2.897320208E2,2.414186744E-2,6.784233847E-4,1.593051362E-3,9.997070432E-1,1.772332770E2,1.843740562E-1,-7.331173473E-2,1.772331549E2
2.897370208E2,2.414381887E-2,6.768731982E-4,1.601518597E-3,9.997069836E-1,1.772330533E2,1.853399026E-1,-7.311036135E-2,1.772329309E2
2.897420208E2,2.412854752E-2,6.874190294E-4,1.603936427E-3,9.997073412E-1,1.772348038E2,1.856449308E-1,-7.431461714E-2,1.772346792E2
2.897470208E2,2.411862426E-2,6.929147639E-4,1.602216507E-3,9.997075796E-1,1.772359412E2,1.854623529E-1,-7.495079446E-2,1.772358157E2
2.897520208E2,2.412596648E-2,6.892982638E-4,1.604804536E-3,9.997074008E-1,1.772350996E2,1.857493843E-1,-7.452797778E-2,1.772349746E2
2.897570208E2,2.412849836E-2,6.864079623E-4,1.605108497E-3,9.997073412E-1,1.772348094E2,1.857764017E-1,-7.419555955E-2,1.772346849E2
2.897620208E2,2.413581147E-2,6.819008850E-4,1.608446939E-3,9.997071624E-1,1.772339711E2,1.861469238E-1,-7.366864482E-2,1.772338472E2
2.897670208E2,2.413574866E-2,6.815323140E-4,1.609545317E-3,9.997071624E-1,1.772339783E2,1.862717282E-1,-7.362339577E-2,1.772338544E2
2.897720208E2,2.413062627E-2,6.845237222E-4,1.611036947E-3,9.997072816E-1,1.772345655E2,1.864505025E-1,-7.396291531E-2,1.772344409E2
2.897770208E2,2.412758742E-2,6.866237381E-4,1.618652372E-3,9.997073412E-1,1.772349138E2,1.873284956E-1,-7.418299959E-2,1.772347883E2
2.897820208E2,2.413287225E-2,6.836601533E-4,1.614743727E-3,9.997072220E-1,1.772343080E2,1.868729230E-1,-7.385331636E-2,1.772341834E2
2.897870208E2,2.413081187E-2,6.846137694E-4,1.608216204E-3,9.997072816E-1,1.772345442E2,1.861276254E-1,-7.398099658E-2,1.772344198E2
2.897920208E2,2.412590825E-2,6.878978456E-4,1.606280101E-3,9.997074008E-1,1.772351063E2,1.859145461E-1,-7.436347983E-2,1.772349814E2
2.897970208E2,2.411597802E-2,6.944968482E-4,1.604172285E-3,9.997076392E-1,1.772362445E2,1.856905780E-1,-7.512712092E-2,1.772361186E2
2.898020208E2,2.412315997E-2,6.900139851E-4,1.609548810E-3,9.997074604E-1,1.772354213E2,1.862946503E-1,-7.459737565E-2,1.772352958E2
2.898070208E2,2.413063299E-2,6.845258758E-4,1.610935433E-3,9.997072816E-1,1.772345647E2,1.864388797E-1,-7.396344149E-2,1.772344401E2
2.898120208E2,2.413325196E-2,6.830238854E-4,1.609328901E-3,9.997072220E-1,1.772342645E2,1.862508775E-1,-7.379533099E-2,1.772341404E2
2.898170208E2,2.413581671E-2,6.814600201E-4,1.608555205E-3,9.997071624E-1,1.772339705E2,1.861581076E-1,-7.361783978E-2,1.772338467E2
2.898220208E2,2.414109686E-2,6.783688441E-4,1.604709541E-3,9.997070432E-1,1.772333653E2,1.857093909E-1,-7.327337652E-2,1.772332424E2
2.898270208E2,2.414065690E-2,6.779514370E-4,1.611490268E-3,9.997070432E-1,1.772334157E2,1.864849929E-1,-7.320688241E-2,1.772332924E2
2.898320208E2,2.414077260E-2,6.780662807E-4,1.609707717E-3,9.997070432E-1,1.772334025E2,1.862811129E-1,-7.322494845E-2,1.772332792E2
2.898370208E2,2.414880067E-2,6.733569317E-4,1.602302771E-3,9.997068644E-1,1.772324823E2,1.854203689E-1,-7.270445116E-2,1.772323604E2
2.898420208E2,2.413811317E-2,6.806769525E-4,1.611468731E-3,9.997071028E-1,1.772337073E2,1.864898793E-1,-7.351964620E-2,1.772335834E2
2.898470208E2,2.414755794E-2,6.728470325E-4,1.621135394E-3,9.997068644E-1,1.772326247E2,1.875763018E-1,-7.259415437E-2,1.772325016E2
2.898520208E2,2.414495117E-2,6.754664937E-4,1.622116310E-3,9.997069240E-1,1.772329235E2,1.876957330E-1,-7.289200962E-2,1.772327998E2
2.898570208E2,2.412739129E-2,6.866898621E-4,1.621545292E-3,9.997073412E-1,1.772349363E2,1.876600723E-1,-7.418261266E-2,1.772348105E2
2.898620208E2,2.414525952E-2,6.745338324E-4,1.617909176E-3,9.997069240E-1,1.772328882E2,1.872112123E-1,-7.279674891E-2,1.772327650E2
2.898670208E2,2.415619713E-2,6.688121939E-4,1.604278921E-3,9.997066855E-1,1.772316344E2,1.856347093E-1,-7.217697287E-2,1.772315133E2
2.898720208E2,2.413765209E-2,6.808687467E-4,1.618279726E-3,9.997071028E-1,1.772337602E2,1.872706325E-1,-7.352286389E-2,1.772336357E2
2.898770208E2,2.414200664E-2,6.764733698E-4,1.628775033E-3,9.997069836E-1,1.772332610E2,1.884611168E-1,-7.298948618E-2,1.772331367E2
2.898820208E2,2.414952045E-2,6.725966232E-4,1.628744183E-3,9.997068048E-1,1.772323997E2,1.884474016E-1,-7.254404274E-2,1.772322761E2
2.898870208E2,2.414625711E-2,6.742555415E-4,1.639818423E-3,9.997068644E-1,1.772327738E2,1.897204024E-1,-7.270405690E-2,1.772326491E2
2.898920208E2,2.415902055E-2,6.657714257E-4,1.636979985E-3,9.997065663E-1,1.772313108E2,1.893726731E-1,-7.173756994E-2,1.772311879E2
2.898970208E2,2.416735343E-2,6.594440783E-4,1.625704113E-3,9.997063875E-1,1.772303556E2,1.880640012E-1,-7.104237204E-2,1.772302348E2
2.899020208E2,2.415452184E-2,6.686888519E-4,1.629358856E-3,9.997066855E-1,1.772318265E2,1.885073626E-1,-7.209373211E-2,1.772317036E2
2.899070208E2,2.413933827E-2,6.787789753E-4,1.630779356E-3,9.997070432E-1,1.772335669E2,1.886969125E-1,-7.324857029E-2,1.772334419E2
2.899120208E2,2.415206473E-2,6.703033578E-4,1.628548023E-3,9.997067451E-1,1.772321081E2,1.884187667E-1,-7.228139417E-2,1.772319850E2
2.899170208E2,2.417487593E-2,6.543450290E-4,1.625878620E-3,9.997062087E-1,1.772294934E2,1.880703996E-1,-7.045633693E-2,1.772293735E2
2.899220208E2,2.416778049E-2,6.592425052E-4,1.619425020E-3,9.997063875E-1,1.772303067E2,1.873441510E-1,-7.103659015E-2,1.772301863E2
2.899270208E2,2.415240719E-2,6.700266385E-4,1.623575459E-3,9.997067451E-1,1.772320689E2,1.878483768E-1,-7.226339223E-2,1.772319461E2
2.899320208E2,2.415447284E-2,6.690551527E-4,1.629934763E-3,9.997066855E-1,1.772318321E2,1.885743480E-1,-7.213410991E-2,1.772317091E2
2.899370208E2,2.416206170E-2,6.636303733E-4,1.629347331E-3,9.997065067E-1,1.772309622E2,1.884925785E-1,-7.151285327E-2,1.772308403E2
2.899420208E2,2.415230359E-2,6.710376474E-4,1.624698751E-3,9.997067451E-1,1.772320807E2,1.879798502E-1,-7.237612183E-2,1.772319577E2
2.899470208E2,2.416504053E-2,6.623418885E-4,1.622250653E-3,9.997064471E-1,1.772306208E2,1.876762397E-1,-7.138433781E-2,1.772304996E2
2.899520208E2,2.417999379E-2,6.515976274E-4,1.624174998E-3,9.997060895E-1,1.772289067E2,1.878679827E-1,-7.014535818E-2,1.772287875E2
2.899570208E2,2.416778011E-2,6.591619458E-4,1.619463554E-3,9.997063875E-1,1.772303067E2,1.873483422E-1,-7.102725479E-2,1.772301864E2
2.899620208E2,2.415871943E-2,6.662578089E-4,1.604503253E-3,9.997066259E-1,1.772313453E2,1.856535181E-1,-7.188325825E-2,1.772312247E2
2.899670208E2,2.417132410E-2,6.584260846E-4,1.603587414E-3,9.997063279E-1,1.772299005E2,1.855278121E-1,-7.098626805E-2,1.772297814E2
2.899720208E2,2.417568214E-2,6.553646526E-4,1.613432774E-3,9.997062087E-1,1.772294010E2,1.866475068E-1,-7.060747186E-2,1.772292818E2
2.899770208E2,2.416791768E-2,6.606579991E-4,1.616798691E-3,9.997063875E-1,1.772302910E2,1.870472135E-1,-7.120599431E-2,1.772301705E2
2.899820208E2,2.415814850E-2,6.672372692E-4,1.612671767E-3,9.997066259E-1,1.772314108E2,1.865919602E-1,-7.197295519E-2,1.772312893E2
2.899870208E2,2.415313703E-2,6.698644138E-4,1.612749067E-3,9.997067451E-1,1.772319852E2,1.866077269E-1,-7.227463702E-2,1.772318633E2
2.899920208E2,2.415527858E-2,6.681264495E-4,1.618333743E-3,9.997066855E-1,1.772317397E2,1.872428416E-1,-7.205968054E-2,1.772316177E2
2.899970208E2,2.416259884E-2,6.633937010E-4,1.621459145E-3,9.997065067E-1,1.772309006E2,1.875883042E-1,-7.150748133E-2,1.772307793E2
2.900020208E2,2.416294355E-2,6.628975971E-4,1.616517664E-3,9.997065067E-1,1.772308611E2,1.870208673E-1,-7.146426693E-2,1.772307403E2
2.900070208E2,2.415867413E-2,6.669458817E-4,1.604899415E-3,9.997066259E-1,1.772313505E2,1.857008035E-1,-7.196099412E-2,1.772312297E2
2.900120208E2,2.416397559E-2,6.631839206E-4,1.600897871E-3,9.997065067E-1,1.772307428E2,1.852323568E-1,-7.154012745E-2,1.772306230E2
2.900170208E2,2.416372547E-2,6.627871189E-4,1.604832709E-3,9.997065067E-1,1.772307715E2,1.856820085E-1,-7.148382112E-2,1.772306515E2
2.900220208E2,2.415619579E-2,6.674333126E-4,1.604873338E-3,9.997066855E-1,1.772316346E2,1.856989872E-1,-7.201736578E-2,1.772315137E2
2.900270208E2,2.415649757E-2,6.681321538E-4,1.600032905E-3,9.997066855E-1,1.772316000E2,1.851464318E-1,-7.211076711E-2,1.772314793E2
2.900320208E2,2.417433963E-2,6.556431763E-4,1.596413436E-3,9.997062683E-1,1.772295548E2,1.846984775E-1,-7.068677824E-2,1.772294368E2
2.900370208E2,2.417884146E-2,6.528318045E-4,1.604021643E-3,9.997061491E-1,1.772290388E2,1.855625884E-1,-7.034280068E-2,1.772289208E2
2.900420208E2,2.416800180E-2,6.592280697E-4,1.616124762E-3,9.997063875E-1,1.772302813E2,1.869660548E-1,-7.104403529E-2,1.772301612E2
2.900470208E2,2.416301417E-2,6.631208817E-4,1.615370042E-3,9.997065067E-1,1.772308530E2,1.868900210E-1,-7.149301052E-2,1.772307322E2
2.900520208E2,2.417103572E-2,6.576820742E-4,1.608232851E-3,9.997063279E-1,1.772299336E2,1.860579039E-1,-7.088822178E-2,1.772298143E2
2.900570208E2,2.417830182E-2,6.529595703E-4,1.612083754E-3,9.997061491E-1,1.772291007E2,1.864864859E-1,-7.033519933E-2,1.772289820E2
2.900620208E2,2.417578673E-2,6.546241348E-4,1.612165710E-3,9.997062087E-1,1.772293890E2,1.865003097E-1,-7.052613050E-2,1.772292700E2
2.900670208E2,2.416953058E-2,6.589553668E-4,1.593210967E-3,9.997063875E-1,1.772301061E2,1.843404428E-1,-7.107597452E-2,1.772299876E2
2.900720208E2,2.416771276E-2,6.611210410E-4,1.582452795E-3,9.997064471E-1,1.772303145E2,1.831138740E-1,-7.135420010E-2,1.772301964E2
2.900770208E2,2.416465923E-2,6.618752377E-4,1.591090462E-3,9.997065067E-1,1.772306645E2,1.841052613E-1,-7.141723931E-2,1.772305456E2
2.900820208E2,2.416220874E-2,6.646882393E-4,1.589681604E-3,9.997065663E-1,1.772309454E2,1.839514794E-1,-7.174384336E-2,1.772308261E2
2.900870208E2,2.416504212E-2,6.633943412E-4,1.584629528E-3,9.997065067E-1,1.772306206E2,1.833693421E-1,-7.160908604E-2,1.772305019E2
2.900920208E2,2.416732672E-2,6.607288960E-4,1.588500687E-3,9.997064471E-1,1.772303587E2,1.838055966E-1,-7.129259788E-2,1.772302402E2
2.900970208E2,2.416436199E-2,6.625028909E-4,1.595337875E-3,9.997065067E-1,1.772306985E2,1.845935548E-1,-7.147743498E-2,1.772305793E2
2.901020208E2,2.415958956E-2,6.660662475E-4,1.591427950E-3,9.997066259E-1,1.772312456E2,1.841551655E-1,-7.189735218E-2,1.772311259E2
2.901070208E2,2.417740090E-2,6.542647607E-4,1.587922685E-3,9.997062087E-1,1.772292039E2,1.837221888E-1,-7.055182911E-2,1.772290867E2
2.901120208E2,2.418759424E-2,6.473787944E-4,1.585609512E-3,9.997059703E-1,1.772280355E2,1.834388270E-1,-6.976752564E-2,1.772279198E2
2.901170208E2,2.417825891E-2,6.538230809E-4,1.574987778E-3,9.997062087E-1,1.772291056E2,1.822392250E-1,-7.053691284E-2,1.772289894E2
2.901220208E2,2.418141940E-2,6.515585119E-4,1.565208076E-3,9.997061491E-1,1.772287433E2,1.811128265E-1,-7.030401297E-2,1.772286282E2
2.901270208E2,2.419396316E-2,6.442852900E-4,1.564724720E-3,9.997058511E-1,1.772273055E2,1.810381693E-1,-6.946987565E-2,1.772271918E2
2.901320208E2,2.418652459E-2,6.487747305E-4,1.563623082E-3,9.997060299E-1,1.772281581E2,1.809238949E-1,-6.998857702E-2,1.772280437E2
2.901370208E2,2.417923497E-2,6.537932786E-4,1.559944008E-3,9.997062087E-1,1.772289937E2,1.805158232E-1,-7.057500493E-2,1.772288786E2
2.901420208E2,2.419169081E-2,6.451851805E-4,1.561402576E-3,9.997059107E-1,1.772275660E2,1.806599274E-1,-6.958258662E-2,1.772274523E2
2.901470208E2,2.419582514E-2,6.426757900E-4,1.574645401E-3,9.997057915E-1,1.772270921E2,1.821703310E-1,-6.925764993E-2,1.772269780E2
2.901520208E2,2.420052166E-2,6.391315255E-4,1.579590258E-3,9.997056723E-1,1.772265537E2,1.827273002E-1,-6.883705719E-2,1.772264399E2
2.901570208E2,2.420089491E-2,6.393315853E-4,1.573780086E-3,9.997056723E-1,1.772265109E2,1.820622779E-1,-6.887602094E-2,1.772263975E2
2.901620208E2,2.420322066E-2,6.377737154E-4,1.576506067E-3,9.997056127E-1,1.772262444E2,1.823704004E-1,-6.868957036E-2,1.772261310E2
2.901670208E2,2.419563982E-2,6.416511023E-4,1.577907475E-3,9.997057915E-1,1.772271133E2,1.825411741E-1,-6.913125278E-2,1.772269992E2
2.901720208E2,2.419080363E-2,6.458936841E-4,1.574797556E-3,9.997059107E-1,1.772276677E2,1.821963350E-1,-6.962677834E-2,1.772275529E2
2.901770208E2,2.419856010E-2,6.405171007E-4,1.571335713E-3,9.997057319E-1,1.772267786E2,1.817853819E-1,-6.901903468E-2,1.772266651E2
2.901820208E2,2.419838475E-2,6.410181522E-4,1.573829679E-3,9.997057319E-1,1.772267987E2,1.820724636E-1,-6.906955008E-2,1.772266849E2
2.901870208E2,2.419538257E-2,6.419824203E-4,1.581712859E-3,9.997057915E-1,1.772271428E2,1.829780130E-1,-6.915870364E-2,1.772270283E2
2.901920208E2,2.419517485E-2,6.425437168E-4,1.584659563E-3,9.997057915E-1,1.772271666E2,1.833171243E-1,-6.921487232E-2,1.772270518E2
2.901970208E2,2.420041393E-2,6.385140587E-4,1.581489225E-3,9.997056723E-1,1.772265661E2,1.829431225E-1,-6.876107482E-2,1.772264523E2
2.902020208E2,2.419757154E-2,6.397651741E-4,1.586789498E-3,9.997057319E-1,1.772268919E2,1.835535864E-1,-6.889022268E-2,1.772267775E2
2.902070208E2,2.420225328E-2,6.378291291E-4,1.591266016E-3,9.997056127E-1,1.772263552E2,1.840613608E-1,-6.865515831E-2,1.772262409E2
2.902120208E2,2.419750838E-2,6.398455589E-4,1.587720006E-3,9.997057319E-1,1.772268991E2,1.836604022E-1,-6.889686273E-2,1.772267846E2
2.902170208E2,2.419017688E-2,6.451446097E-4,1.584700891E-3,9.997059107E-1,1.772277395E2,1.833287232E-1,-6.951362706E-2,1.772276242E2
2.902220208E2,2.418754159E-2,6.465935730E-4,1.586732687E-3,9.997059703E-1,1.772280416E2,1.835653156E-1,-6.967446877E-2,1.772279259E2
2.902270208E2,2.419244100E-2,6.447939086E-4,1.587879029E-3,9.997058511E-1,1.772274800E2,1.836919902E-1,-6.946422530E-2,1.772273646E2
2.902320208E2,2.419502742E-2,6.417785189E-4,1.587218605E-3,9.997057915E-1,1.772271835E2,1.836081515E-1,-6.912014454E-2,1.772270687E2
2.902370208E2,2.419247153E-2,6.432972732E-4,1.588020823E-3,9.997058511E-1,1.772274765E2,1.837040864E-1,-6.929237520E-2,1.772273613E2
2.902420208E2,2.418728257E-2,6.468865904E-4,1.590556931E-3,9.997059703E-1,1.772280713E2,1.840042084E-1,-6.969748383E-2,1.772279553E2
2.902470208E2,2.418459573E-2,6.485480117E-4,1.593271038E-3,9.997060299E-1,1.772283792E2,1.843195493E-1,-6.988078524E-2,1.772282627E2
2.902520208E2,2.418483224E-2,6.484749611E-4,1.589706750E-3,9.997060299E-1,1.772283521E2,1.839110448E-1,-6.988225153E-2,1.772282359E2
2.902570208E2,2.418709935E-2,6.476172712E-4,1.593043911E-3,9.997059703E-1,1.772280923E2,1.842911251E-1,-6.977432950E-2,1.772279760E2
2.902620208E2,2.419921167E-2,6.399208796E-4,1.599218231E-3,9.997056723E-1,1.772267039E2,1.849779445E-1,-6.887329216E-2,1.772265886E2
2.902670208E2,2.419423386E-2,6.428139750E-4,1.598853501E-3,9.997057915E-1,1.772272745E2,1.849438408E-1,-6.920665133E-2,1.772271587E2
2.902720208E2,2.418456145E-2,6.493717083E-4,1.593455905E-3,9.997060299E-1,1.772283832E2,1.843430081E-1,-6.997464017E-2,1.772282665E2
2.902770208E2,2.418711990E-2,6.474105758E-4,1.592815854E-3,9.997059703E-1,1.772280899E2,1.842644277E-1,-6.975127924E-2,1.772279736E2
2.902820208E2,2.419968676E-2,6.383553264E-4,1.592641231E-3,9.997056723E-1,1.772266494E2,1.842201860E-1,-6.871209714E-2,1.772265349E2
2.902870208E2,2.419476615E-2,6.418185658E-4,1.591180218E-3,9.997057915E-1,1.772272135E2,1.840620799E-1,-6.911379610E-2,1.772270984E2
2.902920208E2,2.418970323E-2,6.465204060E-4,1.591356355E-3,9.997059107E-1,1.772277938E2,1.840949426E-1,-6.965287293E-2,1.772276778E2
2.902970208E2,2.418421864E-2,6.493850960E-4,1.598644885E-3,9.997060299E-1,1.772284225E2,1.849374617E-1,-6.996185617E-2,1.772283054E2
2.903020208E2,2.417933446E-2,6.522206822E-4,1.596822520E-3,9.997061491E-1,1.772289823E2,1.847362105E-1,-7.029264811E-2,1.772288649E2
2.903070208E2,2.418456592E-2,6.490678061E-4,1.593511784E-3,9.997060299E-1,1.772283827E2,1.843485675E-1,-6.993967008E-2,1.772282660E2
2.903120208E2,2.420407751E-2,6.361005362E-4,1.601623953E-3,9.997055531E-1,1.772261461E2,1.852432776E-1,-6.842806872E-2,1.772260314E2
2.903170208E2,2.419645162E-2,6.406215834E-4,1.603434328E-3,9.997057319E-1,1.772270203E2,1.854626860E-1,-6.894238348E-2,1.772269045E2
2.903220208E2,2.417422993E-2,6.558800815E-4,1.597976661E-3,9.997062683E-1,1.772295674E2,1.848782065E-1,-7.070960730E-2,1.772294492E2
2.903270208E2,2.417729385E-2,6.545886863E-4,1.589418389E-3,9.997062087E-1,1.772292162E2,1.838944240E-1,-7.058481298E-2,1.772290989E2
2.903320208E2,2.418949881E-2,6.451995578E-4,1.594995614E-3,9.997059107E-1,1.772278172E2,1.845081737E-1,-6.949150883E-2,1.772277012E2
2.903370208E2,2.418893076E-2,6.462129531E-4,1.603179262E-3,9.997059107E-1,1.772278823E2,1.854484478E-1,-6.958502131E-2,1.772277656E2
2.903420208E2,2.418152745E-2,6.517944275E-4,1.601098804E-3,9.997060895E-1,1.772287309E2,1.852250671E-1,-7.023156191E-2,1.772286133E2
2.903470208E2,2.417950023E-2,6.523429183E-4,1.594260451E-3,9.997061491E-1,1.772289633E2,1.844430548E-1,-7.031371979E-2,1.772288460E2
2.903520208E2,2.417392865E-2,6.568526151E-4,1.602129545E-3,9.997062683E-1,1.772296020E2,1.853566268E-1,-7.080956993E-2,1.772294833E2
2.903570208E2,2.416376894E-2,6.633389276E-4,1.603949931E-3,9.997065067E-1,1.772307665E2,1.855824102E-1,-7.154947160E-2,1.772306465E2
2.903620208E2,2.417418680E-2,6.556679728E-4,1.598716015E-3,9.997062683E-1,1.772295724E2,1.849623149E-1,-7.068326832E-2,1.772294541E2
2.903670208E2,2.417703737E-2,6.540953764E-4,1.593517605E-3,9.997062087E-1,1.772292456E2,1.843626382E-1,-7.051699028E-2,1.772291281E2
2.903720208E2,2.416934558E-2,6.590410485E-4,1.595979673E-3,9.997063875E-1,1.772301273E2,1.846578452E-1,-7.107815559E-2,1.772300086E2
2.903770208E2,2.416914973E-2,6.596510066E-4,1.598691335E-3,9.997063875E-1,1.772301497E2,1.849701642E-1,-7.114055682E-2,1.772300308E2
2.903820208E2,2.417909037E-2,6.528286031E-4,1.600266434E-3,9.997061491E-1,1.772290103E2,1.851324068E-1,-7.035279282E-2,1.772288925E2
2.903870208E2,2.418650986E-2,6.469364162E-4,1.602243981E-3,9.997059703E-1,1.772281598E2,1.853431406E-1,-6.967094110E-2,1.772280430E2
2.903920208E2,2.417407850E-2,6.555388100E-4,1.600405551E-3,9.997062683E-1,1.772295848E2,1.851554997E-1,-7.066381127E-2,1.772294665E2
2.903970208E2,2.417390372E-2,6.562065100E-4,1.602770295E-3,9.997062683E-1,1.772296048E2,1.854282382E-1,-7.073378306E-2,1.772294862E2
2.904020208E2,2.418403104E-2,6.486124475E-4,1.601793454E-3,9.997060299E-1,1.772284440E2,1.852960016E-1,-6.986465192E-2,1.772283269E2
2.904070208E2,2.418396300E-2,6.501749740E-4,1.602187171E-3,9.997060299E-1,1.772284518E2,1.853454310E-1,-7.004257315E-2,1.772283343E2
2.904120208E2,2.417918042E-2,6.520055467E-4,1.599241048E-3,9.997061491E-1,1.772290000E2,1.850126659E-1,-7.026132971E-2,1.772288824E2
2.904170208E2,2.417451597E-2,6.554445135E-4,1.593822613E-3,9.997062683E-1,1.772295346E2,1.844011394E-1,-7.067116467E-2,1.772294168E2
2.904220208E2,2.417765735E-2,6.534091663E-4,1.584366313E-3,9.997062087E-1,1.772291746E2,1.833124243E-1,-7.046362041E-2,1.772290578E2
2.904270208E2,2.418989131E-2,6.461308221E-4,1.588653424E-3,9.997059107E-1,1.772277722E2,1.837842326E-1,-6.961570112E-2,1.772276565E2
2.904320208E2,2.419461242E-2,6.421471480E-4,1.593383611E-3,9.997057915E-1,1.772272311E2,1.843153971E-1,-6.914535693E-2,1.772271158E2
2.904370208E2,2.417952566E-2,6.528157974E-4,1.593681052E-3,9.997061491E-1,1.772289604E2,1.843779920E-1,-7.036949259E-2,1.772288431E2
2.904420208E2,2.417706844E-2,6.543442141E-4,1.592943794E-3,9.997062087E-1,1.772292421E2,1.842975950E-1,-7.054708070E-2,1.772291245E2
2.904470208E2,2.418174062E-2,6.502121687E-4,1.598520670E-3,9.997060895E-1,1.772287065E2,1.849253505E-1,-7.005740652E-2,1.772285893E2
2.904520208E2,2.417926115E-2,6.529409438E-4,1.597638126E-3,9.997061491E-1,1.772289907E2,1.848316356E-1,-7.037291340E-2,1.772288731E2
2.904570208E2,2.417210287E-2,6.578925531E-4,1.592025859E-3,9.997063279E-1,1.772298112E2,1.842019174E-1,-7.095702925E-2,1.772296931E2
2.904620208E2,2.417459403E-2,6.557265879E-4,1.592522138E-3,9.997062683E-1,1.772295257E2,1.842529461E-1,-7.070706687E-2,1.772294079E2
2.904670208E2,2.416913294E-2,6.589939585E-4,1.599216019E-3,9.997063875E-1,1.772301517E2,1.850284499E-1,-7.106383662E-2,1.772300328E2
2.904720208E2,2.416668071E-2,6.610314595E-4,1.598173520E-3,9.997064471E-1,1.772304328E2,1.849144918E-1,-7.130058956E-2,1.772303136E2
2.904770208E2,2.416935048E-2,6.600769120E-4,1.595477341E-3,9.997063875E-1,1.772301267E2,1.846031685E-1,-7.119821241E-2,1.772300079E2
2.904820208E2,2.417709996E-2,6.541509647E-4,1.592544722E-3,9.997062087E-1,1.772292384E2,1.842513448E-1,-7.052604230E-2,1.772291209E2
2.904870208E2,2.417961501E-2,6.524961209E-4,1.592455897E-3,9.997061491E-1,1.772289502E2,1.842367608E-1,-7.033624942E-2,1.772288330E2
2.904920208E2,2.417445259E-2,6.563061615E-4,1.594429254E-3,9.997062683E-1,1.772295419E2,1.844730178E-1,-7.076820440E-2,1.772294239E2
2.904970208E2,2.417689022E-2,6.549771642E-4,1.595386770E-3,9.997062087E-1,1.772292625E2,1.845791993E-1,-7.061285452E-2,1.772291446E2
2.905020208E2,2.418190762E-2,6.505370839E-4,1.595859881E-3,9.997060895E-1,1.772286874E2,1.846214474E-1,-7.010197072E-2,1.772285703E2
2.905070208E2,2.417948560E-2,6.524836062E-4,1.594424713E-3,9.997061491E-1,1.772289650E2,1.844622612E-1,-7.032938425E-2,1.772288477E2
2.905120208E2,2.418206634E-2,6.505695637E-4,1.593439723E-3,9.997060895E-1,1.772286692E2,1.843442994E-1,-7.011236893E-2,1.772285523E2
2.905170208E2,2.418925588E-2,6.465073675E-4,1.598147210E-3,9.997059107E-1,1.772278451E2,1.848728236E-1,-6.963263736E-2,1.772277286E2
2.905220208E2,2.418398635E-2,6.486900384E-4,1.602436649E-3,9.997060299E-1,1.772284491E2,1.853698967E-1,-6.987176629E-2,1.772283319E2
2.905270208E2,2.417173700E-2,6.578988978E-4,1.597568742E-3,9.997063279E-1,1.772298532E2,1.848368922E-1,-7.094246971E-2,1.772297346E2
2.905320208E2,2.418221059E-2,6.512480322E-4,1.590971486E-3,9.997060895E-1,1.772286526E2,1.840634329E-1,-7.019690624E-2,1.772285358E2
2.905370208E2,2.418961451E-2,6.452245871E-4,1.593229827E-3,9.997059107E-1,1.772278040E2,1.843059656E-1,-6.949924962E-2,1.772276881E2
2.905420208E2,2.418192810E-2,6.501176395E-4,1.595720532E-3,9.997060895E-1,1.772286850E2,1.846043228E-1,-7.005430242E-2,1.772285680E2
2.905470208E2,2.417215074E-2,6.571262493E-4,1.591615495E-3,9.997063279E-1,1.772298057E2,1.841527874E-1,-7.087037096E-2,1.772296877E2
2.905520208E2,2.416707252E-2,6.602174835E-4,1.592575340E-3,9.997064471E-1,1.772303878E2,1.842709473E-1,-7.122277363E-2,1.772302692E2
2.905570208E2,2.416684265E-2,6.606287789E-4,1.595889684E-3,9.997064471E-1,1.772304142E2,1.846517557E-1,-7.126075428E-2,1.772302952E2
2.905620208E2,2.416686866E-2,6.606455427E-4,1.595488749E-3,9.997064471E-1,1.772304112E2,1.846058736E-1,-7.126378027E-2,1.772302923E2
2.905670208E2,2.416673317E-2,6.610735436E-4,1.597362687E-3,9.997064471E-1,1.772304267E2,1.848217245E-1,-7.130764647E-2,1.772303076E2
2.905720208E2,2.416433700E-2,6.624363596E-4,1.595743932E-3,9.997065067E-1,1.772307014E2,1.846398859E-1,-7.146869347E-2,1.772305821E2
2.905770208E2,2.415679169E-2,6.682061940E-4,1.595555223E-3,9.997066855E-1,1.772315663E2,1.846337022E-1,-7.213159005E-2,1.772314459E2
2.905820208E2,2.415950481E-2,6.655372563E-4,1.592935179E-3,9.997066259E-1,1.772312553E2,1.843263603E-1,-7.183259471E-2,1.772311356E2
2.905870208E2,2.416438641E-2,6.625144160E-4,1.594963134E-3,9.997065067E-1,1.772306957E2,1.845506587E-1,-7.147978848E-2,1.772305765E2
2.905920208E2,2.414930075E-2,6.730200839E-4,1.594890142E-3,9.997068644E-1,1.772324249E2,1.845702944E-1,-7.268628374E-2,1.772323037E2
2.905970208E2,2.413950379E-2,6.789604085E-4,1.591235283E-3,9.997071028E-1,1.772335479E2,1.841673215E-1,-7.337871489E-2,1.772334258E2
2.906020208E2,2.414191368E-2,6.784840953E-4,1.592324581E-3,9.997070432E-1,1.772332717E2,1.842909687E-1,-7.332069179E-2,1.772331496E2
2.906070208E2,2.414191244E-2,6.777042290E-4,1.592675457E-3,9.997070432E-1,1.772332718E2,1.843290066E-1,-7.323038135E-2,1.772331499E2
2.906120208E2,2.414398949E-2,6.768804160E-4,1.598941279E-3,9.997069836E-1,1.772330337E2,1.850446816E-1,-7.311828756E-2,1.772329115E2
2.906170208E2,2.415103940E-2,6.720330566E-4,1.606299891E-3,9.997068048E-1,1.772322256E2,1.858747708E-1,-7.254131290E-2,1.772321038E2
2.906220208E2,2.413341279E-2,6.835272652E-4,1.606701175E-3,9.997072220E-1,1.772342461E2,1.859512535E-1,-7.386023451E-2,1.772341220E2
2.906270208E2,2.412868911E-2,6.873824168E-4,1.601820812E-3,9.997073412E-1,1.772347875E2,1.854024785E-1,-7.431624641E-2,1.772346631E2
2.906320208E2,2.414335277E-2,6.771537592E-4,1.608411898E-3,9.997069836E-1,1.772331067E2,1.861303301E-1,-7.312351622E-2,1.772329837E2
2.906370208E2,2.413563908E-2,6.819314440E-4,1.611018786E-3,9.997071624E-1,1.772339909E2,1.864416224E-1,-7.366506431E-2,1.772338668E2
2.906420208E2,2.412055060E-2,6.920597516E-4,1.610754873E-3,9.997075200E-1,1.772357204E2,1.864382755E-1,-7.482888727E-2,1.772355944E2
2.906470208E2,2.413317557E-2,6.840783753E-4,1.610026346E-3,9.997072220E-1,1.772342733E2,1.863336865E-1,-7.391421669E-2,1.772341489E2
2.906520208E2,2.414292547E-2,6.764080608E-4,1.615125570E-3,9.997069836E-1,1.772331557E2,1.868973428E-1,-7.301959532E-2,1.772330324E2
2.906570208E2,2.413252549E-2,6.831139326E-4,1.620148192E-3,9.997072220E-1,1.772343478E2,1.874905136E-1,-7.377586109E-2,1.772342228E2
2.906620208E2,2.413038596E-2,6.859743153E-4,1.614016597E-3,9.997072816E-1,1.772345930E2,1.867958403E-1,-7.412089773E-2,1.772344680E2
2.906670208E2,2.413859266E-2,6.795043591E-4,1.604767400E-3,9.997071028E-1,1.772336523E2,1.857189769E-1,-7.340376403E-2,1.772335292E2
2.906720208E2,2.413836067E-2,6.801768322E-4,1.607968821E-3,9.997071028E-1,1.772336789E2,1.860875698E-1,-7.347198862E-2,1.772335554E2
2.906770208E2,2.412310437E-2,6.906453054E-4,1.610111329E-3,9.997074604E-1,1.772354277E2,1.863608328E-1,-7.466815381E-2,1.772353020E2
2.906820208E2,2.412573790E-2,6.894244580E-4,1.608183142E-3,9.997074008E-1,1.772351258E2,1.861367638E-1,-7.453313587E-2,1.772350005E2
2.906870208E2,2.412580259E-2,6.890347577E-4,1.607379410E-3,9.997074008E-1,1.772351184E2,1.860436170E-1,-7.449070262E-2,1.772349932E2
2.906920208E2,2.412058350E-2,6.924341433E-4,1.610101201E-3,9.997075200E-1,1.772357166E2,1.863644293E-1,-7.487357757E-2,1.772355906E2
2.906970208E2,2.411551320E-2,6.956355646E-4,1.610653475E-3,9.997076392E-1,1.772362978E2,1.864361654E-1,-7.523974527E-2,1.772361712E2
2.907020208E2,2.411560977E-2,6.956803263E-4,1.609187573E-3,9.997076392E-1,1.772362868E2,1.862683649E-1,-7.524890620E-2,1.772361602E2
2.907070208E2,2.411274437E-2,6.969006499E-4,1.614560140E-3,9.997076988E-1,1.772366152E2,1.868869946E-1,-7.537439232E-2,1.772364880E2
2.907120208E2,2.410787721E-2,7.007873501E-4,1.611744636E-3,9.997078180E-1,1.772371731E2,1.865748265E-1,-7.582833363E-2,1.772370454E2
2.907170208E2,2.411320464E-2,6.970023969E-4,1.607627259E-3,9.997076988E-1,1.772365624E2,1.860930903E-1,-7.540511986E-2,1.772364357E2
2.907220208E2,2.412590429E-2,6.886122283E-4,1.606033416E-3,9.997074008E-1,1.772351067E2,1.858882613E-1,-7.444600088E-2,1.772349818E2
2.907270208E2,2.413303764E-2,6.829417543E-4,1.612574328E-3,9.997072220E-1,1.772342891E2,1.866224254E-1,-7.377698669E-2,1.772341647E2
2.907320208E2,2.411797471E-2,6.933701225E-4,1.611768734E-3,9.997075796E-1,1.772360157E2,1.865578511E-1,-7.497667908E-2,1.772358894E2
2.907370208E2,2.411530994E-2,6.950456882E-4,1.613948145E-3,9.997076392E-1,1.772363211E2,1.868119521E-1,-7.516310309E-2,1.772361943E2
2.907420208E2,2.412534896E-2,6.894497201E-4,1.613996457E-3,9.997074008E-1,1.772351704E2,1.868027690E-1,-7.452003025E-2,1.772350447E2
2.907470208E2,2.413550460E-2,6.814583321E-4,1.613232191E-3,9.997071624E-1,1.772340063E2,1.866938679E-1,-7.360476867E-2,1.772338822E2
2.907520208E2,2.413323481E-2,6.827077013E-4,1.609720173E-3,9.997072220E-1,1.772342665E2,1.862948252E-1,-7.375803066E-2,1.772341423E2
2.907570208E2,2.412823308E-2,6.865150062E-4,1.609045779E-3,9.997073412E-1,1.772348398E2,1.862277269E-1,-7.419698492E-2,1.772347150E2
2.907620208E2,2.412066693E-2,6.915587001E-4,1.609227387E-3,9.997075200E-1,1.772357071E2,1.862619128E-1,-7.477568827E-2,1.772355813E2
2.907670208E2,2.412534894E-2,6.883876049E-4,1.614450128E-3,9.997074008E-1,1.772351704E2,1.868518041E-1,-7.439710212E-2,1.772350448E2
2.907720208E2,2.413279280E-2,6.834435626E-4,1.616022200E-3,9.997072220E-1,1.772343172E2,1.870187780E-1,-7.382498333E-2,1.772341924E2
2.907770208E2,2.412992996E-2,6.857085391E-4,1.620932133E-3,9.997072816E-1,1.772346453E2,1.875873043E-1,-7.407141318E-2,1.772345198E2
2.907820208E2,2.412207990E-2,6.902672467E-4,1.625548000E-3,9.997074604E-1,1.772355451E2,1.881281121E-1,-7.458236324E-2,1.772354184E2
2.907870208E2,2.411916760E-2,6.923410110E-4,1.631213468E-3,9.997075200E-1,1.772358789E2,1.887826544E-1,-7.480481849E-2,1.772357514E2
2.907920208E2,2.412472157E-2,6.882124580E-4,1.623872202E-3,9.997074008E-1,1.772352423E2,1.879306511E-1,-7.435110645E-2,1.772351161E2
2.907970208E2,2.413480574E-2,6.825646851E-4,1.623189193E-3,9.997071624E-1,1.772340864E2,1.878375348E-1,-7.370410200E-2,1.772339613E2
2.908020208E2,2.412938437E-2,6.853456725E-4,1.629186329E-3,9.997072816E-1,1.772347078E2,1.885318480E-1,-7.400712215E-2,1.772345818E2
2.908070208E2,2.411671596E-2,6.945788045E-4,1.629980514E-3,9.997075796E-1,1.772361600E2,1.886474107E-1,-7.506504634E-2,1.772360320E2
2.908120208E2,2.411687141E-2,6.936925929E-4,1.628056751E-3,9.997075796E-1,1.772361421E2,1.884245896E-1,-7.496881103E-2,1.772360145E2
2.908170208E2,2.412420630E-2,6.898160209E-4,1.630831743E-3,9.997074008E-1,1.772353014E2,1.887323204E-1,-7.451566430E-2,1.772351743E2
2.908220208E2,2.412854629E-2,6.864859606E-4,1.641075243E-3,9.997072816E-1,1.772348039E2,1.898969145E-1,-7.410503584E-2,1.772346767E2
2.908270208E2,2.411352101E-2,6.962882471E-4,1.639932161E-3,9.997076392E-1,1.772365262E2,1.897919405E-1,-7.523397995E-2,1.772363972E2
2.908320208E2,2.412147343E-2,6.916541024E-4,1.633936306E-3,9.997074604E-1,1.772356146E2,1.890928520E-1,-7.471816553E-2,1.772354870E2
2.908370208E2,2.412632275E-2,6.882991293E-4,1.636691042E-3,9.997073412E-1,1.772350588E2,1.893995160E-1,-7.432529275E-2,1.772349316E2
2.908420208E2,2.412093919E-2,6.906467606E-4,1.642228221E-3,9.997074604E-1,1.772356759E2,1.900399361E-1,-7.457994703E-2,1.772355478E2
2.908470208E2,2.412349409E-2,6.897386629E-4,1.641365699E-3,9.997074008E-1,1.772353830E2,1.899388070E-1,-7.447781586E-2,1.772352552E2
2.908520208E2,2.412916297E-2,6.851212820E-4,1.632556319E-3,9.997072816E-1,1.772347332E2,1.889172719E-1,-7.397213970E-2,1.772346069E2
2.908570208E2,2.413154411E-2,6.841024151E-4,1.634287066E-3,9.997072220E-1,1.772344603E2,1.891129018E-1,-7.385018411E-2,1.772343341E2
2.908620208E2,2.413335412E-2,6.833838415E-4,1.644290402E-3,9.997071624E-1,1.772342528E2,1.902570143E-1,-7.373985801E-2,1.772341260E2
2.908670208E2,2.412589059E-2,6.868958590E-4,1.643636147E-3,9.997073412E-1,1.772351083E2,1.901912242E-1,-7.414541718E-2,1.772349809E2
2.908720208E2,2.412847904E-2,6.855308311E-4,1.642462681E-3,9.997072816E-1,1.772348116E2,1.900532110E-1,-7.399179450E-2,1.772346845E2
2.908770208E2,2.413622037E-2,6.799776456E-4,1.639864873E-3,9.997071028E-1,1.772339243E2,1.897408221E-1,-7.336134615E-2,1.772337984E2
2.908820208E2,2.413310909E-2,6.830778439E-4,1.648009638E-3,9.997071624E-1,1.772342809E2,1.906822197E-1,-7.369456430E-2,1.772341539E2
2.908870208E2,2.412802781E-2,6.854955573E-4,1.649092766E-3,9.997072816E-1,1.772348633E2,1.908126122E-1,-7.396950719E-2,1.772347358E2
2.908920208E2,2.413832619E-2,6.791483611E-4,1.645539654E-3,9.997070432E-1,1.772336829E2,1.903887763E-1,-7.325024781E-2,1.772335568E2
2.908970208E2,2.413836171E-2,6.785639562E-4,1.645259676E-3,9.997070432E-1,1.772336788E2,1.903550882E-1,-7.318406725E-2,1.772335529E2
2.909020208E2,2.413399414E-2,6.818594411E-4,1.635506167E-3,9.997071624E-1,1.772341794E2,1.892465372E-1,-7.358939829E-2,1.772340536E2
2.909070208E2,2.413422709E-2,6.831566570E-4,1.631522435E-3,9.997071624E-1,1.772341527E2,1.887937724E-1,-7.374897855E-2,1.772340269E2
2.909120208E2,2.413633527E-2,6.801012787E-4,1.638121554E-3,9.997071028E-1,1.772339111E2,1.895414606E-1,-7.338030944E-2,1.772337854E2
2.909170208E2,2.412580208E-2,6.880978472E-4,1.644432312E-3,9.997073412E-1,1.772351185E2,1.902857484E-1,-7.428093027E-2,1.772349907E2
2.909220208E2,2.412324883E-2,6.901446031E-4,1.644796226E-3,9.997074008E-1,1.772354111E2,1.903329068E-1,-7.451488266E-2,1.772352830E2
2.909270208E2,2.413879359E-2,6.794127403E-4,1.638559392E-3,9.997070432E-1,1.772336293E2,1.895898943E-1,-7.329975459E-2,1.772335037E2
2.909320208E2,2.414597170E-2,6.736181676E-4,1.644276897E-3,9.997068644E-1,1.772328065E2,1.902293734E-1,-7.261875794E-2,1.772326816E2
2.909370208E2,2.414608541E-2,6.745193969E-4,1.642236486E-3,9.997068644E-1,1.772327935E2,1.899981294E-1,-7.272762528E-2,1.772326685E2
2.909420208E2,2.414414971E-2,6.760850083E-4,1.633746317E-3,9.997069240E-1,1.772330154E2,1.890297008E-1,-7.293083749E-2,1.772328907E2
2.909470208E2,2.413941564E-2,6.784226862E-4,1.629782142E-3,9.997070432E-1,1.772335580E2,1.885816933E-1,-7.321049850E-2,1.772334332E2
2.909520208E2,2.414402267E-2,6.761677214E-4,1.635588473E-3,9.997069240E-1,1.772330299E2,1.892409548E-1,-7.293524002E-2,1.772329051E2
2.909570208E2,2.414883022E-2,6.722894614E-4,1.639072201E-3,9.997068048E-1,1.772324789E2,1.896296622E-1,-7.248040345E-2,1.772323546E2
2.909620208E2,2.413900858E-2,6.782363635E-4,1.635877299E-3,9.997070432E-1,1.772336047E2,1.892793994E-1,-7.317236976E-2,1.772334795E2
2.909670208E2,2.414389387E-2,6.763380370E-4,1.637418405E-3,9.997069240E-1,1.772330447E2,1.894510507E-1,-7.294971234E-2,1.772329197E2
2.909720208E2,2.414581844E-2,6.738124066E-4,1.646446530E-3,9.997068644E-1,1.772328241E2,1.904784493E-1,-7.263503528E-2,1.772326990E2
2.909770208E2,2.414308478E-2,6.764226127E-4,1.649270416E-3,9.997069240E-1,1.772331374E2,1.908089729E-1,-7.292676326E-2,1.772330116E2
2.909820208E2,2.414065168E-2,6.770058535E-4,1.648516976E-3,9.997069836E-1,1.772334163E2,1.907240962E-1,-7.299612691E-2,1.772332904E2
2.909870208E2,2.414305051E-2,6.755722570E-4,1.650120365E-3,9.997069240E-1,1.772331414E2,1.909039862E-1,-7.282700317E-2,1.772330156E2
2.909920208E2,2.414037883E-2,6.769231404E-4,1.652541687E-3,9.997069836E-1,1.772334476E2,1.911849118E-1,-7.297556950E-2,1.772333214E2
2.909970208E2,2.413842673E-2,6.791174528E-4,1.644076896E-3,9.997070432E-1,1.772336714E2,1.902211269E-1,-7.325073414E-2,1.772335454E2
2.910020208E2,2.414110130E-2,6.769578322E-4,1.641939394E-3,9.997069836E-1,1.772333648E2,1.899704790E-1,-7.300873676E-2,1.772332394E2
2.910070208E2,2.413823107E-2,6.784596480E-4,1.647218247E-3,9.997070432E-1,1.772336938E2,1.905791609E-1,-7.316672505E-2,1.772335677E2
2.910120208E2,2.413342941E-2,6.832302897E-4,1.643248950E-3,9.997071624E-1,1.772342442E2,1.901372881E-1,-7.372513335E-2,1.772341175E2
2.910170208E2,2.413098254E-2,6.845713942E-4,1.642362680E-3,9.997072220E-1,1.772345247E2,1.900392869E-1,-7.388168388E-2,1.772343977E2
2.910220208E2,2.414329087E-2,6.765594007E-4,1.646194607E-3,9.997069240E-1,1.772331138E2,1.904570067E-1,-7.295090407E-2,1.772329882E2
2.910270208E2,2.414021539E-2,6.778148818E-4,1.654562424E-3,9.997069836E-1,1.772334663E2,1.914188594E-1,-7.307216673E-2,1.772333399E2
2.910320208E2,2.413805768E-2,6.793863140E-4,1.649375656E-3,9.997070432E-1,1.772337137E2,1.908288610E-1,-7.326694742E-2,1.772335873E2
2.910370208E2,2.414085054E-2,6.776356604E-4,1.645343145E-3,9.997069836E-1,1.772333935E2,1.903622643E-1,-7.307701870E-2,1.772332678E2
2.910420208E2,2.414354104E-2,6.752759800E-4,1.643049531E-3,9.997069240E-1,1.772330851E2,1.900931789E-1,-7.281253200E-2,1.772329600E2
2.910470208E2,2.414077256E-2,6.775695365E-4,1.646514051E-3,9.997069836E-1,1.772334025E2,1.904962126E-1,-7.306621927E-2,1.772332766E2
2.910520208E2,2.413081807E-2,6.844311720E-4,1.644835691E-3,9.997072220E-1,1.772345435E2,1.903221912E-1,-7.385881289E-2,1.772344164E2
2.910570208E2,2.412346367E-2,6.895305123E-4,1.641900279E-3,9.997074008E-1,1.772353865E2,1.899994698E-1,-7.445249848E-2,1.772352587E2
2.910620208E2,2.413333586E-2,6.822700379E-4,1.645020791E-3,9.997071624E-1,1.772342549E2,1.903376046E-1,-7.361024636E-2,1.772341283E2
2.910670208E2,2.413061745E-2,6.838002591E-4,1.648038276E-3,9.997072220E-1,1.772345665E2,1.906873146E-1,-7.377771884E-2,1.772344393E2
2.910720208E2,2.412834964E-2,6.861343281E-4,1.644110773E-3,9.997072816E-1,1.772348264E2,1.902436730E-1,-7.405639751E-2,1.772346991E2
2.910770208E2,2.411596741E-2,6.937563303E-4,1.641366165E-3,9.997075796E-1,1.772362458E2,1.899494039E-1,-7.493950091E-2,1.772361172E2
2.910820208E2,2.412364340E-2,6.898745778E-4,1.639112714E-3,9.997074008E-1,1.772353659E2,1.896810954E-1,-7.449958601E-2,1.772352382E2
2.910870208E2,2.412112738E-2,6.907533971E-4,1.639416791E-3,9.997074604E-1,1.772356543E2,1.897181719E-1,-7.459989871E-2,1.772355264E2
2.910920208E2,2.411888614E-2,6.918808795E-4,1.635564608E-3,9.997075200E-1,1.772359112E2,1.892798212E-1,-7.474013351E-2,1.772357834E2
2.910970208E2,2.412913422E-2,6.864350289E-4,1.632429310E-3,9.997072816E-1,1.772347365E2,1.889063528E-1,-7.412299662E-2,1.772346100E2
2.911020208E2,2.412160185E-2,6.909528165E-4,1.632336411E-3,9.997074604E-1,1.772355999E2,1.889076414E-1,-7.464222581E-2,1.772354725E2
2.911070208E2,2.411412448E-2,6.954335258E-4,1.631399151E-3,9.997076392E-1,1.772364570E2,1.888120952E-1,-7.515953033E-2,1.772363288E2
2.911120208E2,2.411915625E-2,6.918509607E-4,1.631589257E-3,9.997075200E-1,1.772358802E2,1.888243487E-1,-7.474764274E-2,1.772357527E2
2.911170208E2,2.412862846E-2,6.860374706E-4,1.640054281E-3,9.997072816E-1,1.772347945E2,1.897787205E-1,-7.405646512E-2,1.772346675E2
2.911220208E2,2.412581215E-2,6.877387059E-4,1.644434873E-3,9.997073412E-1,1.772351173E2,1.902850496E-1,-7.423977875E-2,1.772349896E2
2.911270208E2,2.411618690E-2,6.946910289E-4,1.637741923E-3,9.997075796E-1,1.772362206E2,1.895368163E-1,-7.505655261E-2,1.772360921E2
2.911320208E2,2.411936036E-2,6.928691291E-4,1.628136262E-3,9.997075200E-1,1.772358568E2,1.884316087E-1,-7.487378771E-2,1.772357294E2
2.911370208E2,2.411893091E-2,6.926538190E-4,1.634576940E-3,9.997075200E-1,1.772359061E2,1.891688154E-1,-7.483140138E-2,1.772357782E2
2.911420208E2,2.411126429E-2,6.971034454E-4,1.636428176E-3,9.997076988E-1,1.772367849E2,1.893926122E-1,-7.533747775E-2,1.772366560E2
2.911470208E2,2.411420738E-2,6.953070988E-4,1.630227314E-3,9.997076392E-1,1.772364475E2,1.886775082E-1,-7.514826970E-2,1.772363194E2
2.911520208E2,2.412477855E-2,6.887702039E-4,1.622788841E-3,9.997074008E-1,1.772352358E2,1.878080893E-1,-7.441798511E-2,1.772351095E2
2.911570208E2,2.412917121E-2,6.859629648E-4,1.632080995E-3,9.997072816E-1,1.772347323E2,1.888651477E-1,-7.406987402E-2,1.772346059E2
2.911620208E2,2.412102632E-2,6.909724325E-4,1.640810864E-3,9.997074604E-1,1.772356659E2,1.898784728E-1,-7.462115667E-2,1.772355379E2
2.911670208E2,2.411366216E-2,6.953424891E-4,1.638257178E-3,9.997076392E-1,1.772365100E2,1.895974538E-1,-7.513023748E-2,1.772363813E2
2.911720208E2,2.412395146E-2,6.892640376E-4,1.634830027E-3,9.997074008E-1,1.772353306E2,1.891888125E-1,-7.444142489E-2,1.772352033E2
2.911770208E2,2.412587285E-2,6.871834048E-4,1.643776312E-3,9.997073412E-1,1.772351104E2,1.902080749E-1,-7.417797374E-2,1.772349828E2
2.911820208E2,2.412358026E-2,6.890291115E-4,1.640397008E-3,9.997074008E-1,1.772353731E2,1.898258799E-1,-7.439919259E-2,1.772352455E2
2.911870208E2,2.412678868E-2,6.871540681E-4,1.630291343E-3,9.997073412E-1,1.772350054E2,1.886632449E-1,-7.421172275E-2,1.772348789E2
2.911920208E2,2.412969534E-2,6.862450973E-4,1.624194440E-3,9.997072816E-1,1.772346722E2,1.879624954E-1,-7.412390338E-2,1.772345463E2
2.911970208E2,2.413721164E-2,6.797532551E-4,1.625302946E-3,9.997071028E-1,1.772338106E2,1.880720831E-1,-7.337573130E-2,1.772336859E2
2.912020208E2,2.413974906E-2,6.793884095E-4,1.624432509E-3,9.997070432E-1,1.772335198E2,1.879715441E-1,-7.333586587E-2,1.772333952E2
2.912070208E2,2.413720618E-2,6.797189126E-4,1.625398407E-3,9.997071028E-1,1.772338113E2,1.880829235E-1,-7.337153406E-2,1.772336865E2
2.912120208E2,2.414217340E-2,6.778382813E-4,1.625732868E-3,9.997069836E-1,1.772332419E2,1.881164000E-1,-7.315423281E-2,1.772331175E2
2.912170208E2,2.413714790E-2,6.803607685E-4,1.625995268E-3,9.997071028E-1,1.772338180E2,1.881530703E-1,-7.344342383E-2,1.772336931E2
2.912220208E2,2.413236885E-2,6.832076469E-4,1.622440293E-3,9.997072220E-1,1.772343657E2,1.877533407E-1,-7.378028740E-2,1.772342406E2
2.912270208E2,2.412711133E-2,6.870627985E-4,1.625548000E-3,9.997073412E-1,1.772349684E2,1.881196267E-1,-7.421432103E-2,1.772348423E2
2.912320208E2,2.412939479E-2,6.863430026E-4,1.628612052E-3,9.997072816E-1,1.772347066E2,1.884688186E-1,-7.412296034E-2,1.772345804E2
2.912370208E2,2.411680353E-2,6.936547579E-4,1.629078062E-3,9.997075796E-1,1.772361499E2,1.885414798E-1,-7.496166691E-2,1.772360223E2
2.912420208E2,2.411972476E-2,6.920507876E-4,1.623078133E-3,9.997075200E-1,1.772358151E2,1.878499225E-1,-7.479395231E-2,1.772356882E2
2.912470208E2,2.413498811E-2,6.813986111E-4,1.620965893E-3,9.997071624E-1,1.772340655E2,1.875796252E-1,-7.357663376E-2,1.772339408E2
2.912520208E2,2.413477187E-2,6.824635202E-4,1.623735181E-3,9.997071624E-1,1.772340903E2,1.878998000E-1,-7.369100903E-2,1.772339652E2
2.912570208E2,2.412687777E-2,6.871367223E-4,1.628979691E-3,9.997073412E-1,1.772349952E2,1.885129429E-1,-7.421334537E-2,1.772348688E2
2.912620208E2,2.412927449E-2,6.849154015E-4,1.630993676E-3,9.997072816E-1,1.772347204E2,1.887376969E-1,-7.395285428E-2,1.772345943E2
2.912670208E2,2.412665790E-2,6.882510497E-4,1.631763298E-3,9.997073412E-1,1.772350204E2,1.888348934E-1,-7.433334580E-2,1.772348935E2
2.912720208E2,2.411871489E-2,6.923420005E-4,1.637893147E-3,9.997075200E-1,1.772359308E2,1.895478368E-1,-7.478655516E-2,1.772358028E2
2.912770208E2,2.411869463E-2,6.934198318E-4,1.637735520E-3,9.997075200E-1,1.772359332E2,1.895327572E-1,-7.491046895E-2,1.772358049E2
2.912820208E2,2.412431028E-2,6.899049040E-4,1.629255246E-3,9.997074008E-1,1.772352895E2,1.885519730E-1,-7.453018529E-2,1.772351625E2
2.912870208E2,2.412690074E-2,6.870207726E-4,1.628688304E-3,9.997073412E-1,1.772349925E2,1.884792431E-1,-7.420086372E-2,1.772348662E2
2.912920208E2,2.412697934E-2,6.871014484E-4,1.627489459E-3,9.997073412E-1,1.772349835E2,1.883421342E-1,-7.421340563E-2,1.772348572E2
2.912970208E2,2.413457730E-2,6.822836003E-4,1.626700163E-3,9.997071624E-1,1.772341126E2,1.882389516E-1,-7.366223394E-2,1.772339873E2
2.913020208E2,2.413192366E-2,6.841722061E-4,1.628643717E-3,9.997072220E-1,1.772344168E2,1.884666298E-1,-7.387371381E-2,1.772342910E2
2.913070208E2,2.412923254E-2,6.849266356E-4,1.631609397E-3,9.997072816E-1,1.772347252E2,1.888082609E-1,-7.395244660E-2,1.772345991E2
2.913120208E2,2.413402747E-2,6.819652626E-4,1.634970075E-3,9.997071624E-1,1.772341756E2,1.891854184E-1,-7.360299735E-2,1.772340498E2
2.913170208E2,2.413641035E-2,6.804132718E-4,1.636885223E-3,9.997071028E-1,1.772339025E2,1.894006971E-1,-7.341945616E-2,1.772337768E2
2.913220208E2,2.413385234E-2,6.819898263E-4,1.637542970E-3,9.997071624E-1,1.772341957E2,1.894802202E-1,-7.359872868E-2,1.772340697E2
2.913270208E2,2.412357137E-2,6.890597288E-4,1.640514936E-3,9.997074008E-1,1.772353742E2,1.898394736E-1,-7.440237571E-2,1.772352465E2
2.913320208E2,2.412422556E-2,6.883957540E-4,1.631146995E-3,9.997074008E-1,1.772352992E2,1.887645099E-1,-7.435208609E-2,1.772351724E2
2.913370208E2,2.412480153E-2,6.884087925E-4,1.622600597E-3,9.997074008E-1,1.772352332E2,1.877855269E-1,-7.437709863E-2,1.772351070E2
2.913420208E2,2.412454687E-2,6.889048964E-4,1.626172336E-3,9.997074008E-1,1.772352623E2,1.881960523E-1,-7.442410474E-2,1.772351358E2
2.913470208E2,2.412431550E-2,6.888929638E-4,1.629606239E-3,9.997074008E-1,1.772352889E2,1.885893846E-1,-7.441328804E-2,1.772351621E2
2.913520208E2,2.411932693E-2,6.921140593E-4,1.628952450E-3,9.997075200E-1,1.772358607E2,1.885230202E-1,-7.478503872E-2,1.772357333E2
2.913570208E2,2.412151150E-2,6.915544509E-4,1.633416396E-3,9.997074604E-1,1.772356103E2,1.890330192E-1,-7.470817961E-2,1.772354827E2
2.913620208E2,2.412367298E-2,6.892853999E-4,1.638925169E-3,9.997074008E-1,1.772353625E2,1.896579838E-1,-7.443260378E-2,1.772352349E2
2.913670208E2,2.412328859E-2,6.894594990E-4,1.644500298E-3,9.997074008E-1,1.772354066E2,1.902971147E-1,-7.443720895E-2,1.772352786E2
2.913720208E2,2.410833614E-2,6.995353615E-4,1.642108546E-3,9.997077584E-1,1.772371205E2,1.900498453E-1,-7.560093479E-2,1.772369907E2
2.913770208E2,2.410870594E-2,6.992734270E-4,1.636782312E-3,9.997077584E-1,1.772370781E2,1.894389843E-1,-7.558557302E-2,1.772369488E2
2.913820208E2,2.412103328E-2,6.912518293E-4,1.640590839E-3,9.997074604E-1,1.772356651E2,1.898540400E-1,-7.465377070E-2,1.772355370E2
2.913870208E2,2.410817302E-2,6.994548603E-4,1.644535805E-3,9.997077584E-1,1.772371392E2,1.903276737E-1,-7.558503788E-2,1.772370092E2
2.913920208E2,2.409800088E-2,7.066138787E-4,1.645628829E-3,9.997079968E-1,1.772383052E2,1.904718917E-1,-7.640407988E-2,1.772381737E2
2.913970208E2,2.410813103E-2,6.995390286E-4,1.645115437E-3,9.997077584E-1,1.772371440E2,1.903943048E-1,-7.559308667E-2,1.772370140E2
2.914020208E2,2.410256418E-2,7.027107640E-4,1.652873238E-3,9.997078776E-1,1.772377821E2,1.912913673E-1,-7.593606724E-2,1.772376509E2
2.914070208E2,2.409231873E-2,7.100939984E-4,1.654883497E-3,9.997081161E-1,1.772389565E2,1.915412678E-1,-7.677828724E-2,1.772388237E2
2.914120208E2,2.410027061E-2,7.056637551E-4,1.649003709E-3,9.997079372E-1,1.772380450E2,1.908560620E-1,-7.628548221E-2,1.772379135E2
2.914170208E2,2.410572876E-2,7.013313007E-4,1.643332769E-3,9.997078180E-1,1.772374194E2,1.901948550E-1,-7.580378803E-2,1.772372891E2
2.914220208E2,2.409038960E-2,7.122805691E-4,1.645996817E-3,9.997081757E-1,1.772391776E2,1.905291117E-1,-7.705367977E-2,1.772390451E2
2.914270208E2,2.409309798E-2,7.091640728E-4,1.643901109E-3,9.997081161E-1,1.772388672E2,1.902806337E-1,-7.670192977E-2,1.772387354E2
2.914320208E2,2.409533137E-2,7.088403217E-4,1.647549914E-3,9.997080564E-1,1.772386112E2,1.906979127E-1,-7.665434107E-2,1.772384792E2
2.914370208E2,2.409026256E-2,7.121202070E-4,1.647924422E-3,9.997081757E-1,1.772391922E2,1.907494827E-1,-7.703001170E-2,1.772390595E2
2.914420208E2,2.408298310E-2,7.159376401E-4,1.644188305E-3,9.997083545E-1,1.772400266E2,1.903314542E-1,-7.747902995E-2,1.772398935E2
2.914470208E2,2.409067285E-2,7.117710193E-4,1.642066985E-3,9.997081757E-1,1.772391451E2,1.900775309E-1,-7.700610188E-2,1.772390130E2
2.914520208E2,2.409039515E-2,7.110288134E-4,1.646456658E-3,9.997081757E-1,1.772391770E2,1.905783347E-1,-7.690901040E-2,1.772390446E2
2.914570208E2,2.408723487E-2,7.138910587E-4,1.655240660E-3,9.997082353E-1,1.772395392E2,1.915922755E-1,-7.721325969E-2,1.772394056E2
2.914620208E2,2.409257672E-2,7.098099450E-4,1.651245519E-3,9.997081161E-1,1.772389269E2,1.911237418E-1,-7.675574143E-2,1.772387944E2
2.914670208E2,2.409537122E-2,7.083597011E-4,1.647173776E-3,9.997080564E-1,1.772386066E2,1.906534987E-1,-7.660031307E-2,1.772384747E2
2.914720208E2,2.408528051E-2,7.144410629E-4,1.647424651E-3,9.997082949E-1,1.772397632E2,1.906982522E-1,-7.729821474E-2,1.772396302E2
2.914770208E2,2.408538857E-2,7.145402487E-4,1.645801007E-3,9.997082949E-1,1.772397509E2,1.905125320E-1,-7.731403813E-2,1.772396179E2
2.914820208E2,2.408558961E-2,7.153236074E-4,1.642515301E-3,9.997082949E-1,1.772397278E2,1.901383042E-1,-7.741280898E-2,1.772395949E2
2.914870208E2,2.408106322E-2,7.188864984E-4,1.634753309E-3,9.997084141E-1,1.772402466E2,1.892585843E-1,-7.784324838E-2,1.772401137E2
2.914920208E2,2.408324112E-2,7.172817714E-4,1.639817259E-3,9.997083545E-1,1.772399970E2,1.898344434E-1,-7.764502560E-2,1.772398640E2
2.914970208E2,2.408809863E-2,7.135284250E-4,1.642780378E-3,9.997082353E-1,1.772394402E2,1.901639095E-1,-7.720594723E-2,1.772393077E2
2.915020208E2,2.407794281E-2,7.201458793E-4,1.643687254E-3,9.997084737E-1,1.772406043E2,1.902852765E-1,-7.796346040E-2,1.772404704E2
2.915070208E2,2.407819355E-2,7.202140987E-4,1.639980124E-3,9.997084737E-1,1.772405756E2,1.898608009E-1,-7.798145683E-2,1.772404420E2
2.915120208E2,2.408329635E-2,7.169587770E-4,1.639147289E-3,9.997083545E-1,1.772399907E2,1.897568054E-1,-7.760986251E-2,1.772398577E2
2.915170208E2,2.408300782E-2,7.171896286E-4,1.643280266E-3,9.997083545E-1,1.772400238E2,1.902308880E-1,-7.762495683E-2,1.772398904E2
2.915220208E2,2.407021366E-2,7.256615791E-4,1.645707642E-3,9.997086525E-1,1.772414903E2,1.905313424E-1,-7.859122731E-2,1.772413551E2
2.915270208E2,2.408301874E-2,7.172973128E-4,1.643073163E-3,9.997083545E-1,1.772400225E2,1.902074607E-1,-7.763786243E-2,1.772398892E2
2.915320208E2,2.409042298E-2,7.120619412E-4,1.645602868E-3,9.997081757E-1,1.772391738E2,1.904833803E-1,-7.702971537E-2,1.772390413E2
2.915370208E2,2.408057904E-2,7.179992972E-4,1.642258256E-3,9.997084141E-1,1.772403021E2,1.901158540E-1,-7.772099347E-2,1.772401688E2
2.915420208E2,2.408047687E-2,7.179329987E-4,1.643784693E-3,9.997084141E-1,1.772403139E2,1.902905296E-1,-7.770920557E-2,1.772401804E2
2.915470208E2,2.409496092E-2,7.086431142E-4,1.653043437E-3,9.997080564E-1,1.772386536E2,1.913266696E-1,-7.661665120E-2,1.772385212E2
2.915520208E2,2.409519940E-2,7.088569109E-4,1.649471698E-3,9.997080564E-1,1.772386263E2,1.909181052E-1,-7.665096016E-2,1.772384941E2
2.915570208E2,2.408306043E-2,7.159098168E-4,1.643067226E-3,9.997083545E-1,1.772400177E2,1.902029541E-1,-7.747892186E-2,1.772398847E2
2.915620208E2,2.409308858E-2,7.096378249E-4,1.643834403E-3,9.997081161E-1,1.772388682E2,1.902742994E-1,-7.675638791E-2,1.772387364E2
2.915670208E2,2.410515376E-2,7.013583090E-4,1.651734114E-3,9.997078180E-1,1.772374853E2,1.911573313E-1,-7.578378372E-2,1.772373544E2
2.915720208E2,2.409262366E-2,7.097036578E-4,1.650606166E-3,9.997081161E-1,1.772389215E2,1.910502086E-1,-7.674532161E-2,1.772387891E2
2.915770208E2,2.408031558E-2,7.185495924E-4,1.645876677E-3,9.997084141E-1,1.772403323E2,1.905318733E-1,-7.777409922E-2,1.772401986E2
2.915820208E2,2.409561283E-2,7.088303682E-4,1.643432770E-3,9.997080564E-1,1.772385789E2,1.902262529E-1,-7.666451576E-2,1.772384472E2
2.915870208E2,2.409762913E-2,7.073011366E-4,1.650769264E-3,9.997079968E-1,1.772383478E2,1.910626419E-1,-7.646868627E-2,1.772382158E2
2.915920208E2,2.408502277E-2,7.150736637E-4,1.650914666E-3,9.997082949E-1,1.772397928E2,1.910997895E-1,-7.736110079E-2,1.772396593E2
2.915970208E2,2.408303645E-2,7.161353133E-4,1.643320429E-3,9.997083545E-1,1.772400205E2,1.902325813E-1,-7.750406008E-2,1.772398874E2
2.916020208E2,2.408557360E-2,7.150489837E-4,1.642869553E-3,9.997082949E-1,1.772397296E2,1.901781275E-1,-7.738037384E-2,1.772395968E2
2.916070208E2,2.408041165E-2,7.187174051E-4,1.644397154E-3,9.997084141E-1,1.772403213E2,1.903628520E-1,-7.779738805E-2,1.772401877E2
2.916120208E2,2.408531745E-2,7.154335617E-4,1.646453631E-3,9.997082949E-1,1.772397590E2,1.905897561E-1,-7.741458667E-2,1.772396258E2
2.916170208E2,2.408272624E-2,7.160319365E-4,1.647905330E-3,9.997083545E-1,1.772400560E2,1.907575115E-1,-7.747962298E-2,1.772399226E2
2.916220208E2,2.408262972E-2,7.164949202E-4,1.649114187E-3,9.997083545E-1,1.772400671E2,1.908972668E-1,-7.752934376E-2,1.772399335E2
2.916270208E2,2.407483290E-2,7.221587584E-4,1.652083709E-3,9.997085333E-1,1.772409608E2,1.912524739E-1,-7.817147909E-2,1.772408258E2
2.916320208E2,2.408459916E-2,7.150448509E-4,1.657095389E-3,9.997082949E-1,1.772398413E2,1.918077318E-1,-7.734082205E-2,1.772397074E2
2.916370208E2,2.408739223E-2,7.127746940E-4,1.653430751E-3,9.997082353E-1,1.772395212E2,1.913818653E-1,-7.709033681E-2,1.772393880E2
2.916420208E2,2.408503245E-2,7.144474657E-4,1.651044469E-3,9.997082949E-1,1.772397917E2,1.911129318E-1,-7.728900457E-2,1.772396583E2
2.916470208E2,2.407985891E-2,7.181073306E-4,1.652736799E-3,9.997084141E-1,1.772403847E2,1.913165030E-1,-7.770459113E-2,1.772402505E2
2.916520208E2,2.407222386E-2,7.237272221E-4,1.653346932E-3,9.997085929E-1,1.772412599E2,1.914013100E-1,-7.834817387E-2,1.772411245E2
2.916570208E2,2.407464959E-2,7.225988084E-4,1.654560678E-3,9.997085333E-1,1.772409818E2,1.915374317E-1,-7.821509180E-2,1.772408466E2
2.916620208E2,2.408198245E-2,7.170761237E-4,1.658288180E-3,9.997083545E-1,1.772401413E2,1.919497801E-1,-7.757073123E-2,1.772400068E2
2.916670208E2,2.407959227E-2,7.191984914E-4,1.656143693E-3,9.997084141E-1,1.772404153E2,1.917097825E-1,-7.782024239E-2,1.772402806E2
2.916720208E2,2.407516444E-2,7.218627725E-4,1.647375058E-3,9.997085333E-1,1.772409228E2,1.907122668E-1,-7.815049897E-2,1.772407883E2
2.916770208E2,2.407996778E-2,7.181767724E-4,1.651119674E-3,9.997084141E-1,1.772403722E2,1.911314475E-1,-7.771698787E-2,1.772402381E2
2.916820208E2,2.407977235E-2,7.180001121E-4,1.654044027E-3,9.997084141E-1,1.772403946E2,1.914659545E-1,-7.768871767E-2,1.772402603E2
2.916870208E2,2.407218911E-2,7.232379867E-4,1.654066727E-3,9.997085929E-1,1.772412638E2,1.914824164E-1,-7.829014895E-2,1.772411285E2
2.916920208E2,2.408776293E-2,7.130798185E-4,1.647889498E-3,9.997082353E-1,1.772394787E2,1.907479384E-1,-7.714051638E-2,1.772393458E2
2.916970208E2,2.409265356E-2,7.100990042E-4,1.649999525E-3,9.997081161E-1,1.772389181E2,1.909818067E-1,-7.679228096E-2,1.772387857E2
2.917020208E2,2.408479834E-2,7.150190067E-4,1.654209103E-3,9.997082949E-1,1.772398185E2,1.914770272E-1,-7.734578947E-2,1.772396848E2
2.917070208E2,2.408281759E-2,7.164396811E-4,1.646392397E-3,9.997083545E-1,1.772400456E2,1.905853245E-1,-7.753049147E-2,1.772399122E2
2.917120208E2,2.409061354E-2,7.110118750E-4,1.643265481E-3,9.997081757E-1,1.772391519E2,1.902127282E-1,-7.691583827E-2,1.772390198E2
2.917170208E2,2.408545920E-2,7.152317557E-4,1.644466422E-3,9.997082949E-1,1.772397428E2,1.903615581E-1,-7.739692608E-2,1.772396097E2
2.917220208E2,2.409289510E-2,7.105521508E-4,1.646273420E-3,9.997081161E-1,1.772388904E2,1.905562194E-1,-7.685443416E-2,1.772387582E2
2.917270208E2,2.409852160E-2,7.062085788E-4,1.638160436E-3,9.997079968E-1,1.772382455E2,1.896152442E-1,-7.637817513E-2,1.772381147E2
2.917320208E2,2.409096703E-2,7.115004119E-4,1.637862879E-3,9.997081757E-1,1.772391114E2,1.895951901E-1,-7.698665217E-2,1.772389796E2
2.917370208E2,2.408821595E-2,7.133545587E-4,1.641134731E-3,9.997082353E-1,1.772394268E2,1.899749156E-1,-7.719054982E-2,1.772392944E2
2.917420208E2,2.409069256E-2,7.108722348E-4,1.642167103E-3,9.997081757E-1,1.772391429E2,1.900865201E-1,-7.690285863E-2,1.772390109E2
2.917470208E2,2.409071245E-2,7.111316081E-4,1.641762909E-3,9.997081757E-1,1.772391406E2,1.900409339E-1,-7.693368405E-2,1.772390086E2
2.917520208E2,2.409314254E-2,7.090723957E-4,1.643287484E-3,9.997081161E-1,1.772388621E2,1.902100880E-1,-7.669311316E-2,1.772387303E2
2.917570208E2,2.409585234E-2,7.075782050E-4,1.640458009E-3,9.997080564E-1,1.772385514E2,1.898820291E-1,-7.652923894E-2,1.772384202E2
2.917620208E2,2.408849235E-2,7.134214975E-4,1.637043548E-3,9.997082353E-1,1.772393951E2,1.895064418E-1,-7.720945930E-2,1.772392630E2
2.917670208E2,2.408610048E-2,7.153437473E-4,1.634997898E-3,9.997082949E-1,1.772396693E2,1.892772166E-1,-7.743576854E-2,1.772395370E2
2.917720208E2,2.409580166E-2,7.081937511E-4,1.640936709E-3,9.997080564E-1,1.772385573E2,1.899385643E-1,-7.659844254E-2,1.772384259E2
2.917770208E2,2.408552107E-2,7.149830344E-4,1.643668278E-3,9.997082949E-1,1.772397357E2,1.902694422E-1,-7.737062422E-2,1.772396028E2
2.917820208E2,2.407326195E-2,7.240070845E-4,1.638038899E-3,9.997085929E-1,1.772411409E2,1.896484970E-1,-7.842226641E-2,1.772410067E2
2.917870208E2,2.408587355E-2,7.149159792E-4,1.638524234E-3,9.997082949E-1,1.772396953E2,1.896799902E-1,-7.737707387E-2,1.772395628E2
2.917920208E2,2.408037157E-2,7.182394038E-4,1.645192853E-3,9.997084141E-1,1.772403259E2,1.904526837E-1,-7.774044095E-2,1.772401923E2
2.917970208E2,2.407790179E-2,7.202593260E-4,1.644238248E-3,9.997084737E-1,1.772406090E2,1.903487075E-1,-7.797494412E-2,1.772404751E2
2.918020208E2,2.408346676E-2,7.168326410E-4,1.636696863E-3,9.997083545E-1,1.772399711E2,1.894757532E-1,-7.760214318E-2,1.772398384E2
2.918070208E2,2.409335389E-2,7.104494143E-4,1.639589784E-3,9.997081161E-1,1.772388378E2,1.897903035E-1,-7.686103113E-2,1.772387061E2
2.918120208E2,2.409021076E-2,7.115347544E-4,1.648934209E-3,9.997081757E-1,1.772391981E2,1.908635420E-1,-7.696016551E-2,1.772390655E2
2.918170208E2,2.409057767E-2,7.116908091E-4,1.643497497E-3,9.997081757E-1,1.772391561E2,1.902411794E-1,-7.699298201E-2,1.772390238E2
2.918220208E2,2.409626085E-2,7.086184924E-4,1.633995678E-3,9.997080564E-1,1.772385046E2,1.891446183E-1,-7.666617958E-2,1.772383737E2
2.918270208E2,2.409869536E-2,7.070110296E-4,1.635255641E-3,9.997079968E-1,1.772382256E2,1.892847048E-1,-7.647809146E-2,1.772380949E2
2.918320208E2,2.409350294E-2,7.100163493E-4,1.637585927E-3,9.997081161E-1,1.772388207E2,1.895595602E-1,-7.681692445E-2,1.772386893E2
2.918370208E2,2.409054896E-2,7.120845257E-4,1.643747790E-3,9.997081757E-1,1.772391593E2,1.902709374E-1,-7.703739994E-2,1.772390270E2
2.918420208E2,2.408302022E-2,7.164967828E-4,1.643400756E-3,9.997083545E-1,1.772400223E2,1.902427798E-1,-7.754525078E-2,1.772398892E2
2.918470208E2,2.408809543E-2,7.127999561E-4,1.643143478E-3,9.997082353E-1,1.772394406E2,1.902034943E-1,-7.712149347E-2,1.772393081E2
2.918520208E2,2.409294309E-2,7.095347391E-4,1.646009856E-3,9.997081161E-1,1.772388849E2,1.905232202E-1,-7.673859990E-2,1.772387529E2
2.918570208E2,2.408550662E-2,7.154726190E-4,1.643666881E-3,9.997082949E-1,1.772397373E2,1.902706325E-1,-7.742671675E-2,1.772396043E2
2.918620208E2,2.408780692E-2,7.130177692E-4,1.647273311E-3,9.997082353E-1,1.772394737E2,1.906771810E-1,-7.713510065E-2,1.772393409E2
2.918670208E2,2.409253929E-2,7.104395190E-4,1.651520724E-3,9.997081161E-1,1.772389312E2,1.911570045E-1,-7.682711160E-2,1.772387986E2
2.918720208E2,2.408278803E-2,7.164899143E-4,1.646802761E-3,9.997083545E-1,1.772400489E2,1.906324716E-1,-7.753511920E-2,1.772399155E2
2.918770208E2,2.408035552E-2,7.178529631E-4,1.645596349E-3,9.997084141E-1,1.772403278E2,1.904978399E-1,-7.769506060E-2,1.772401942E2
2.918820208E2,2.409061580E-2,7.120813825E-4,1.642769203E-3,9.997081757E-1,1.772391517E2,1.901588283E-1,-7.703972874E-2,1.772390194E2
2.918870208E2,2.408280886E-2,7.167455624E-4,1.646386925E-3,9.997083545E-1,1.772400466E2,1.905855413E-1,-7.756554943E-2,1.772399131E2
2.918920208E2,2.407563732E-2,7.223255234E-4,1.640245900E-3,9.997085333E-1,1.772408686E2,1.898968744E-1,-7.822309004E-2,1.772407345E2
2.918970208E2,2.408592428E-2,7.145406562E-4,1.637942158E-3,9.997082949E-1,1.772396895E2,1.896122762E-1,-7.733567456E-2,1.772395571E2
2.919020208E2,2.410054999E-2,7.047841209E-4,1.645292505E-3,9.997079372E-1,1.772380130E2,1.904285037E-1,-7.619490943E-2,1.772378819E2
2.919070208E2,2.409808158E-2,7.059535128E-4,1.644730219E-3,9.997079968E-1,1.772382959E2,1.903671306E-1,-7.633089578E-2,1.772381647E2
2.919120208E2,2.409321097E-2,7.095719920E-4,1.642068033E-3,9.997081161E-1,1.772388542E2,1.900717743E-1,-7.675369990E-2,1.772387225E2
2.919170208E2,2.409571435E-2,7.086672704E-4,1.642014016E-3,9.997080564E-1,1.772385673E2,1.900632800E-1,-7.664972985E-2,1.772384357E2
2.919220208E2,2.409063699E-2,7.120667724E-4,1.642464777E-3,9.997081757E-1,1.772391493E2,1.901239150E-1,-7.703889144E-2,1.772390170E2
2.919270208E2,2.409332106E-2,7.101047086E-4,1.640221453E-3,9.997081161E-1,1.772388416E2,1.898617123E-1,-7.681980445E-2,1.772387099E2
2.919320208E2,2.409076093E-2,7.120381342E-4,1.640658244E-3,9.997081757E-1,1.772391351E2,1.899168918E-1,-7.704057449E-2,1.772390030E2
2.919370208E2,2.410082809E-2,7.051161956E-4,1.641071169E-3,9.997079372E-1,1.772379811E2,1.899458522E-1,-7.624455717E-2,1.772378503E2
2.919420208E2,2.410074951E-2,7.048054249E-4,1.642358257E-3,9.997079372E-1,1.772379901E2,1.900924347E-1,-7.620541601E-2,1.772378593E2
2.919470208E2,2.408805594E-2,7.134793559E-4,1.643427531E-3,9.997082353E-1,1.772394451E2,1.902379076E-1,-7.719854767E-2,1.772393125E2
2.919520208E2,2.408331981E-2,7.158266963E-4,1.639297348E-3,9.997083545E-1,1.772399880E2,1.897708731E-1,-7.747975479E-2,1.772398553E2
2.919570208E2,2.408847619E-2,7.136461209E-4,1.637183479E-3,9.997082353E-1,1.772393969E2,1.895230910E-1,-7.723480852E-2,1.772392648E2
2.919620208E2,2.408824548E-2,7.131831953E-4,1.640775823E-3,9.997082353E-1,1.772394234E2,1.899333288E-1,-7.717190389E-2,1.772392911E2
2.919670208E2,2.409095208E-2,7.109079743E-4,1.638339949E-3,9.997081757E-1,1.772391131E2,1.896482057E-1,-7.691746937E-2,1.772389814E2
2.919720208E2,2.409391086E-2,7.092270534E-4,1.631916384E-3,9.997081161E-1,1.772387740E2,1.889079176E-1,-7.674208096E-2,1.772386431E2
2.919770208E2,2.410368251E-2,7.024611114E-4,1.636591041E-3,9.997078776E-1,1.772376539E2,1.894254987E-1,-7.595222841E-2,1.772375240E2
2.919820208E2,2.409083357E-2,7.114943000E-4,1.639827387E-3,9.997081757E-1,1.772391267E2,1.898202142E-1,-7.698055383E-2,1.772389948E2
2.919870208E2,2.407366383E-2,7.225642912E-4,1.632761210E-3,9.997085929E-1,1.772410948E2,1.890399433E-1,-7.827146632E-2,1.772409613E2
2.919920208E2,2.407890216E-2,7.196544320E-4,1.629790175E-3,9.997084737E-1,1.772404944E2,1.886919657E-1,-7.794532575E-2,1.772403616E2
2.919970208E2,2.408643707E-2,7.144064875E-4,1.630442799E-3,9.997082949E-1,1.772396307E2,1.887528299E-1,-7.734090720E-2,1.772394989E2
2.920020208E2,2.408899010E-2,7.130891900E-4,1.629848266E-3,9.997082353E-1,1.772393380E2,1.886812818E-1,-7.719115920E-2,1.772392066E2
2.920070208E2,2.408685151E-2,7.139863446E-4,1.624493510E-3,9.997082949E-1,1.772395832E2,1.880701604E-1,-7.730911988E-2,1.772394519E2
2.920120208E2,2.408911647E-2,7.121285307E-4,1.628399943E-3,9.997082353E-1,1.772393235E2,1.885127217E-1,-7.708508214E-2,1.772391924E2
2.920170208E2,2.409348025E-2,7.091123844E-4,1.638311194E-3,9.997081161E-1,1.772388233E2,1.896401479E-1,-7.671136969E-2,1.772386920E2
2.920220208E2,2.408310192E-2,7.159109227E-4,1.642458607E-3,9.997083545E-1,1.772400130E2,1.901332378E-1,-7.748072036E-2,1.772398800E2
2.920270208E2,2.408351553E-2,7.170448080E-4,1.635886030E-3,9.997083545E-1,1.772399656E2,1.893834548E-1,-7.762867722E-2,1.772398329E2
2.920320208E2,2.409360737E-2,7.090034778E-4,1.636487897E-3,9.997081161E-1,1.772388088E2,1.894309828E-1,-7.670390368E-2,1.772386776E2
2.920370208E2,2.409046818E-2,7.112603053E-4,1.645287732E-3,9.997081757E-1,1.772391686E2,1.904450690E-1,-7.693874281E-2,1.772390363E2
2.920420208E2,2.408577307E-2,7.146789576E-4,1.640103874E-3,9.997082949E-1,1.772397068E2,1.898602894E-1,-7.734558011E-2,1.772395742E2
2.920470208E2,2.408097957E-2,7.183438283E-4,1.636223402E-3,9.997084141E-1,1.772402562E2,1.894254918E-1,-7.777704003E-2,1.772401233E2
2.920520208E2,2.407581304E-2,7.214462967E-4,1.638052170E-3,9.997085333E-1,1.772408485E2,1.896431515E-1,-7.812838658E-2,1.772407147E2
2.920570208E2,2.407324870E-2,7.227993920E-4,1.638766844E-3,9.997085929E-1,1.772411424E2,1.897285563E-1,-7.828190962E-2,1.772410084E2
2.920620208E2,2.407598203E-2,7.212989149E-4,1.635631430E-3,9.997085333E-1,1.772408291E2,1.893654415E-1,-7.811814966E-2,1.772406956E2
2.920670208E2,2.407070087E-2,7.251362549E-4,1.638798625E-3,9.997086525E-1,1.772414344E2,1.897384443E-1,-7.855001235E-2,1.772412999E2
2.920720208E2,2.406779478E-2,7.275390089E-4,1.644047094E-3,9.997087121E-1,1.772417675E2,1.903461008E-1,-7.881134332E-2,1.772416322E2
2.920770208E2,2.406298319E-2,7.296978729E-4,1.641030540E-3,9.997088313E-1,1.772423191E2,1.900061031E-1,-7.906789342E-2,1.772421835E2
2.920820208E2,2.407064034E-2,7.251637871E-4,1.639675233E-3,9.997086525E-1,1.772414414E2,1.898389384E-1,-7.855075982E-2,1.772413068E2
2.920870208E2,2.407297395E-2,7.242632564E-4,1.642153016E-3,9.997085929E-1,1.772411739E2,1.901204886E-1,-7.844031803E-2,1.772410393E2
2.920920208E2,2.406780350E-2,7.263161242E-4,1.644460019E-3,9.997087121E-1,1.772417665E2,1.903900325E-1,-7.867011126E-2,1.772416314E2
2.920970208E2,2.405531317E-2,7.348957588E-4,1.642227988E-3,9.997090101E-1,1.772431982E2,1.901570047E-1,-7.966151100E-2,1.772430616E2
2.921020208E2,2.405055190E-2,7.384388009E-4,1.637799898E-3,9.997091293E-1,1.772437440E2,1.896591154E-1,-8.008050584E-2,1.772436070E2
2.921070208E2,2.406046033E-2,7.312597008E-4,1.641015988E-3,9.997088909E-1,1.772426083E2,1.900085433E-1,-7.924733332E-2,1.772424724E2
2.921120208E2,2.405260656E-2,7.379766903E-4,1.644204953E-3,9.997090697E-1,1.772435085E2,1.903917605E-1,-8.000952277E-2,1.772433711E2
2.921170208E2,2.404509055E-2,7.416448789E-4,1.643764437E-3,9.997092485E-1,1.772443700E2,1.903508028E-1,-8.043238942E-2,1.772442319E2
2.921220208E2,2.404806938E-2,7.402258925E-4,1.637063571E-3,9.997091889E-1,1.772440286E2,1.895794893E-1,-8.028773216E-2,1.772438913E2
2.921270208E2,2.406080964E-2,7.320326404E-4,1.635540742E-3,9.997088909E-1,1.772425682E2,1.893834659E-1,-7.935091045E-2,1.772424326E2
2.921320208E2,2.406069149E-2,7.326615741E-4,1.636996516E-3,9.997088909E-1,1.772425818E2,1.895519622E-1,-7.941896839E-2,1.772424459E2
2.921370208E2,2.405854980E-2,7.330108783E-4,1.631909166E-3,9.997089505E-1,1.772428272E2,1.889699554E-1,-7.947341621E-2,1.772426918E2
2.921420208E2,2.407396902E-2,7.224399014E-4,1.628310420E-3,9.997085929E-1,1.772410598E2,1.885297478E-1,-7.826943763E-2,1.772409267E2
2.921470208E2,2.407387902E-2,7.230738993E-4,1.629359205E-3,9.997085929E-1,1.772410701E2,1.886516373E-1,-7.833919087E-2,1.772409368E2
2.921520208E2,2.406369961E-2,7.295141113E-4,1.630573650E-3,9.997088313E-1,1.772422369E2,1.888077262E-1,-7.907554215E-2,1.772421023E2
2.921570208E2,2.406879191E-2,7.260887651E-4,1.630030805E-3,9.997087121E-1,1.772416532E2,1.887364927E-1,-7.868367610E-2,1.772415193E2
2.921620208E2,2.408135455E-2,7.189008174E-4,1.630449900E-3,9.997084141E-1,1.772402133E2,1.887656542E-1,-7.785670953E-2,1.772400806E2
2.921670208E2,2.408146682E-2,7.177111111E-4,1.629315433E-3,9.997084141E-1,1.772402004E2,1.886324165E-1,-7.772352848E-2,1.772400681E2
2.921720208E2,2.407381083E-2,7.232422358E-4,1.630291808E-3,9.997085929E-1,1.772410780E2,1.887589341E-1,-7.835591521E-2,1.772409445E2
2.921770208E2,2.407885959E-2,7.200946566E-4,1.630224637E-3,9.997084737E-1,1.772404992E2,1.887429486E-1,-7.799456628E-2,1.772403664E2
2.921820208E2,2.407098635E-2,7.250924245E-4,1.634619548E-3,9.997086525E-1,1.772414017E2,1.892595967E-1,-7.855646490E-2,1.772412676E2
2.921870208E2,2.406628814E-2,7.278429111E-4,1.629660837E-3,9.997087717E-1,1.772419402E2,1.886987509E-1,-7.888612101E-2,1.772418059E2
2.921920208E2,2.407409729E-2,7.236666279E-4,1.625867444E-3,9.997085929E-1,1.772410451E2,1.882532786E-1,-7.841668477E-2,1.772409119E2
2.921970208E2,2.408169523E-2,7.186478470E-4,1.625522156E-3,9.997084141E-1,1.772401742E2,1.882004673E-1,-7.784126444E-2,1.772400420E2
2.922020208E2,2.408136921E-2,7.185660070E-4,1.630380866E-3,9.997084141E-1,1.772402116E2,1.887568229E-1,-7.781854199E-2,1.772400790E2
2.922070208E2,2.407376784E-2,7.226189482E-4,1.631202758E-3,9.997085929E-1,1.772410829E2,1.888615682E-1,-7.828200750E-2,1.772409495E2
2.922120208E2,2.407402121E-2,7.233407232E-4,1.627138467E-3,9.997085929E-1,1.772410538E2,1.883979800E-1,-7.837585752E-2,1.772409206E2
2.922170208E2,2.407896322E-2,7.189792232E-4,1.629185979E-3,9.997084737E-1,1.772404874E2,1.886208914E-1,-7.786963072E-2,1.772403548E2
2.922220208E2,2.408611294E-2,7.154297782E-4,1.634776709E-3,9.997082949E-1,1.772396678E2,1.892521160E-1,-7.744623225E-2,1.772395355E2
2.922270208E2,2.408101688E-2,7.179307286E-4,1.635855646E-3,9.997084141E-1,1.772402520E2,1.893822250E-1,-7.773072387E-2,1.772401191E2
2.922320208E2,2.406850146E-2,7.260369603E-4,1.634336892E-3,9.997087121E-1,1.772416865E2,1.892296261E-1,-7.866591928E-2,1.772415522E2
2.922370208E2,2.407602590E-2,7.212580531E-4,1.635003602E-3,9.997085333E-1,1.772408241E2,1.892934091E-1,-7.811519250E-2,1.772406906E2
2.922420208E2,2.408350752E-2,7.164233830E-4,1.636276138E-3,9.997083545E-1,1.772399665E2,1.894264291E-1,-7.755641276E-2,1.772398339E2
2.922470208E2,2.408132655E-2,7.178380038E-4,1.631331514E-3,9.997084141E-1,1.772402165E2,1.888637151E-1,-7.773252786E-2,1.772400840E2
2.922520208E2,2.407890500E-2,7.191977929E-4,1.629949664E-3,9.997084737E-1,1.772404940E2,1.887089766E-1,-7.789257337E-2,1.772403614E2
2.922570208E2,2.408891770E-2,7.127654972E-4,1.631059567E-3,9.997082353E-1,1.772393463E2,1.888191475E-1,-7.715074738E-2,1.772392148E2
2.922620208E2,2.407622097E-2,7.212336059E-4,1.632139320E-3,9.997085333E-1,1.772408017E2,1.889652288E-1,-7.812025769E-2,1.772406685E2
2.922670208E2,2.406357954E-2,7.295283140E-4,1.632338273E-3,9.997088313E-1,1.772422507E2,1.890099087E-1,-7.907232570E-2,1.772421159E2
2.922720208E2,2.407377694E-2,7.235234370E-4,1.630667364E-3,9.997085929E-1,1.772410818E2,1.888027305E-1,-7.838709944E-2,1.772409483E2
2.922770208E2,2.408113170E-2,7.175949286E-4,1.634311979E-3,9.997084141E-1,1.772402388E2,1.892044669E-1,-7.769649343E-2,1.772401061E2
2.922820208E2,2.408089724E-2,7.178585511E-4,1.637647511E-3,9.997084141E-1,1.772402657E2,1.895872899E-1,-7.771753317E-2,1.772401327E2
2.922870208E2,2.408113617E-2,7.189994794E-4,1.633628737E-3,9.997084141E-1,1.772402383E2,1.891300725E-1,-7.785928089E-2,1.772401054E2
2.922920208E2,2.408618099E-2,7.141476381E-4,1.634334563E-3,9.997082949E-1,1.772396600E2,1.891979304E-1,-7.730056014E-2,1.772395280E2
2.922970208E2,2.408837649E-2,7.126618875E-4,1.639078022E-3,9.997082353E-1,1.772394084E2,1.897374021E-1,-7.711684564E-2,1.772392763E2
2.923020208E2,2.409596916E-2,7.076807087E-4,1.638696878E-3,9.997080564E-1,1.772385381E2,1.896805686E-1,-7.654582245E-2,1.772384070E2
2.923070208E2,2.409624126E-2,7.085457910E-4,1.634316170E-3,9.997080564E-1,1.772385069E2,1.891811310E-1,-7.665696976E-2,1.772383759E2
2.923120208E2,2.409366182E-2,7.090638392E-4,1.635659952E-3,9.997081161E-1,1.772388025E2,1.893363054E-1,-7.671309426E-2,1.772386714E2
2.923170208E2,2.409615932E-2,7.079281495E-4,1.635791268E-3,9.997080564E-1,1.772385163E2,1.893484041E-1,-7.658215614E-2,1.772383853E2
2.923220208E2,2.408880126E-2,7.121685194E-4,1.633038744E-3,9.997082353E-1,1.772393597E2,1.890442220E-1,-7.707691716E-2,1.772392281E2
2.923270208E2,2.409680091E-2,7.069177227E-4,1.626752084E-3,9.997080564E-1,1.772384427E2,1.883101473E-1,-7.649124302E-2,1.772383127E2
2.923320208E2,2.410168526E-2,7.048926782E-4,1.628530677E-3,9.997079372E-1,1.772378829E2,1.885086804E-1,-7.625342521E-2,1.772377531E2
2.923370208E2,2.409664462E-2,7.079903153E-4,1.628599712E-3,9.997080564E-1,1.772384606E2,1.885247590E-1,-7.660904463E-2,1.772383302E2
2.923420208E2,2.409433726E-2,7.094396278E-4,1.625515986E-3,9.997081161E-1,1.772387251E2,1.881753173E-1,-7.678402493E-2,1.772385947E2
2.923470208E2,2.409908318E-2,7.057959447E-4,1.630056999E-3,9.997079968E-1,1.772381811E2,1.886858297E-1,-7.635317718E-2,1.772380510E2
2.923520208E2,2.410109887E-2,7.051816210E-4,1.637061476E-3,9.997079372E-1,1.772379501E2,1.894867092E-1,-7.626307518E-2,1.772378196E2
2.923570208E2,2.409385257E-2,7.093988825E-4,1.632702188E-3,9.997081161E-1,1.772387807E2,1.889984081E-1,-7.675960672E-2,1.772386497E2
2.923620208E2,2.408882450E-2,7.137365756E-4,1.632011030E-3,9.997082353E-1,1.772393570E2,1.889308194E-1,-7.725938343E-2,1.772392253E2
2.923670208E2,2.408409922E-2,7.165679126E-4,1.627480262E-3,9.997083545E-1,1.772398986E2,1.884192312E-1,-7.759713405E-2,1.772397667E2
2.923720208E2,2.408927391E-2,7.128089201E-4,1.625771052E-3,9.997082353E-1,1.772393055E2,1.882134504E-1,-7.717025383E-2,1.772391744E2
2.923770208E2,2.408919243E-2,7.129365695E-4,1.626921934E-3,9.997082353E-1,1.772393148E2,1.883456398E-1,-7.718171538E-2,1.772391836E2
2.923820208E2,2.408936347E-2,7.124657277E-4,1.624594093E-3,9.997082353E-1,1.772392952E2,1.880776791E-1,-7.713417056E-2,1.772391643E2
2.923870208E2,2.410209082E-2,7.045352249E-4,1.622672542E-3,9.997079372E-1,1.772378364E2,1.878366247E-1,-7.622857990E-2,1.772377071E2
2.923920208E2,2.409964408E-2,7.059806958E-4,1.621662755E-3,9.997079968E-1,1.772381168E2,1.877247509E-1,-7.639741885E-2,1.772379873E2
2.923970208E2,2.409474358E-2,7.089601713E-4,1.619691961E-3,9.997081161E-1,1.772386785E2,1.875068327E-1,-7.674510403E-2,1.772385486E2
2.924020208E2,2.411267383E-2,6.979900063E-4,1.615142915E-3,9.997076988E-1,1.772366233E2,1.869567616E-1,-7.549758976E-2,1.772364958E2
2.924070208E2,2.411231501E-2,6.982343039E-4,1.620385679E-3,9.997076988E-1,1.772366644E2,1.875580126E-1,-7.551115633E-2,1.772365365E2
2.924120208E2,2.410220980E-2,7.035278832E-4,1.621341798E-3,9.997079372E-1,1.772378227E2,1.876814033E-1,-7.611683392E-2,1.772376937E2
2.924170208E2,2.410023904E-2,7.062187069E-4,1.612692489E-3,9.997079968E-1,1.772380486E2,1.866978336E-1,-7.644934748E-2,1.772379198E2
2.924220208E2,2.411300524E-2,6.969852839E-4,1.610622741E-3,9.997076988E-1,1.772365853E2,1.864361858E-1,-7.539491918E-2,1.772364584E2
2.924270208E2,2.411535542E-2,6.949289236E-4,1.613318687E-3,9.997076392E-1,1.772363159E2,1.867395231E-1,-7.515145780E-2,1.772361892E2
2.924320208E2,2.410266302E-2,7.041214267E-4,1.614331617E-3,9.997079372E-1,1.772377708E2,1.868800015E-1,-7.620410686E-2,1.772376422E2
2.924370208E2,2.409281167E-2,7.103667594E-4,1.611001207E-3,9.997081757E-1,1.772389000E2,1.865149685E-1,-7.693059741E-2,1.772387705E2
2.924420208E2,2.409767117E-2,7.079124334E-4,1.613373286E-3,9.997080564E-1,1.772383430E2,1.867803060E-1,-7.664197718E-2,1.772382138E2
2.924470208E2,2.410261685E-2,7.037739852E-4,1.615172252E-3,9.997079372E-1,1.772377761E2,1.869753401E-1,-7.616199133E-2,1.772376475E2
2.924520208E2,2.410526852E-2,7.019900368E-4,1.613267581E-3,9.997078776E-1,1.772374721E2,1.867524175E-1,-7.596239105E-2,1.772373440E2
2.924570208E2,2.410787594E-2,7.009418332E-4,1.611696440E-3,9.997078180E-1,1.772371732E2,1.865697320E-1,-7.584616431E-2,1.772370455E2
2.924620208E2,2.410257705E-2,7.038067561E-4,1.615751768E-3,9.997079372E-1,1.772377806E2,1.870418160E-1,-7.616415228E-2,1.772376520E2
2.924670208E2,2.409240491E-2,7.112912135E-4,1.616666559E-3,9.997081757E-1,1.772389466E2,1.871665041E-1,-7.702093548E-2,1.772388165E2
2.924720208E2,2.409230704E-2,7.113599568E-4,1.618094160E-3,9.997081757E-1,1.772389578E2,1.873302303E-1,-7.702488742E-2,1.772388276E2
2.924770208E2,2.410511086E-2,7.028686232E-4,1.615239540E-3,9.997078776E-1,1.772374902E2,1.869807374E-1,-7.605762243E-2,1.772373618E2
2.924820208E2,2.410974011E-2,6.988345995E-4,1.621666946E-3,9.997077584E-1,1.772369596E2,1.877062568E-1,-7.557686813E-2,1.772368315E2
2.924870208E2,2.409965716E-2,7.058467600E-4,1.621526666E-3,9.997079968E-1,1.772381153E2,1.877087918E-1,-7.638244880E-2,1.772379859E2
2.924920208E2,2.410506248E-2,7.025303785E-4,1.616108464E-3,9.997078776E-1,1.772374957E2,1.870793419E-1,-7.601648251E-2,1.772373673E2
2.924970208E2,2.411510715E-2,6.947919028E-4,1.617084374E-3,9.997076392E-1,1.772363444E2,1.871705170E-1,-7.512540079E-2,1.772362174E2
2.925020208E2,2.411757067E-2,6.944623310E-4,1.617334783E-3,9.997075796E-1,1.772360620E2,1.871984777E-1,-7.508649236E-2,1.772359350E2
2.925070208E2,2.411519844E-2,6.957832375E-4,1.615295769E-3,9.997076392E-1,1.772363339E2,1.869683638E-1,-7.524389197E-2,1.772362069E2
2.925120208E2,2.411002006E-2,6.992531708E-4,1.617318485E-3,9.997077584E-1,1.772369275E2,1.872092814E-1,-7.563678082E-2,1.772367996E2
2.925170208E2,2.410729772E-2,7.003317005E-4,1.620586030E-3,9.997078180E-1,1.772372395E2,1.875863803E-1,-7.575181796E-2,1.772371112E2
2.925220208E2,2.410680492E-2,7.016583113E-4,1.627328806E-3,9.997078180E-1,1.772372960E2,1.883624503E-1,-7.588525709E-2,1.772371669E2
2.925270208E2,2.411221973E-2,6.978579913E-4,1.621964853E-3,9.997076988E-1,1.772366753E2,1.877378732E-1,-7.546370100E-2,1.772365474E2
2.925320208E2,2.410254004E-2,7.047594409E-4,1.615888556E-3,9.997079372E-1,1.772377849E2,1.870601151E-1,-7.627291917E-2,1.772376561E2
2.925370208E2,2.409460309E-2,7.090920699E-4,1.621722826E-3,9.997081161E-1,1.772386946E2,1.877398391E-1,-7.675463286E-2,1.772385646E2
2.925420208E2,2.408915217E-2,7.126197452E-4,1.627656748E-3,9.997082353E-1,1.772393195E2,1.884289412E-1,-7.714339967E-2,1.772391882E2
2.925470208E2,2.408162702E-2,7.188103045E-4,1.626460580E-3,9.997084141E-1,1.772401820E2,1.883084149E-1,-7.785729837E-2,1.772400497E2
2.925520208E2,2.407910851E-2,7.199845859E-4,1.626592479E-3,9.997084737E-1,1.772404707E2,1.883265695E-1,-7.799193236E-2,1.772403382E2
2.925570208E2,2.408132407E-2,7.176973158E-4,1.631430001E-3,9.997084141E-1,1.772402167E2,1.888746092E-1,-7.771613958E-2,1.772400843E2
2.925620208E2,2.408133386E-2,7.175779901E-4,1.631337916E-3,9.997084141E-1,1.772402156E2,1.888637316E-1,-7.770272212E-2,1.772400832E2
2.925670208E2,2.407916430E-2,7.192707853E-4,1.626082347E-3,9.997084737E-1,1.772404643E2,1.882661640E-1,-7.791155780E-2,1.772403319E2
2.925720208E2,2.408656208E-2,7.148883305E-4,1.628383528E-3,9.997082949E-1,1.772396163E2,1.885182627E-1,-7.740176676E-2,1.772394846E2
2.925770208E2,2.407591631E-2,7.218038663E-4,1.636375906E-3,9.997085333E-1,1.772408366E2,1.894521158E-1,-7.817395440E-2,1.772407030E2
2.925820208E2,2.406590907E-2,7.285557804E-4,1.634931774E-3,9.997087717E-1,1.772419837E2,1.893045183E-1,-7.895332095E-2,1.772418488E2
2.925870208E2,2.407376179E-2,7.233283832E-4,1.630977611E-3,9.997085929E-1,1.772410836E2,1.888377326E-1,-7.836390138E-2,1.772409500E2
2.925920208E2,2.407618916E-2,7.213774370E-4,1.632545027E-3,9.997085333E-1,1.772408053E2,1.890121005E-1,-7.813562137E-2,1.772406721E2
2.925970208E2,2.407094201E-2,7.253691438E-4,1.635149587E-3,9.997086525E-1,1.772414068E2,1.893210771E-1,-7.858671166E-2,1.772412725E2
2.926020208E2,2.406608723E-2,7.284047315E-4,1.632374595E-3,9.997087717E-1,1.772419633E2,1.890111689E-1,-7.894303579E-2,1.772418287E2
2.926070208E2,2.407108776E-2,7.248133770E-4,1.633249456E-3,9.997086525E-1,1.772413901E2,1.891018790E-1,-7.852825789E-2,1.772412561E2
2.926120208E2,2.408343957E-2,7.169164601E-4,1.637060079E-3,9.997083545E-1,1.772399743E2,1.895175919E-1,-7.761074805E-2,1.772398415E2
2.926170208E2,2.408087756E-2,7.175345672E-4,1.638078829E-3,9.997084141E-1,1.772402679E2,1.896358055E-1,-7.767923163E-2,1.772401350E2
2.926220208E2,2.407608693E-2,7.211005432E-4,1.634174143E-3,9.997085333E-1,1.772408171E2,1.891979576E-1,-7.809942541E-2,1.772406837E2
2.926270208E2,2.407621334E-2,7.216290105E-4,1.632077154E-3,9.997085333E-1,1.772408026E2,1.889591976E-1,-7.816572750E-2,1.772406693E2
2.926320208E2,2.407322466E-2,7.226871676E-4,1.639169408E-3,9.997085929E-1,1.772411451E2,1.897743620E-1,-7.826794740E-2,1.772410111E2
2.926370208E2,2.407067060E-2,7.255791570E-4,1.639047172E-3,9.997086525E-1,1.772414379E2,1.897681369E-1,-7.860007057E-2,1.772413033E2
2.926420208E2,2.406607020E-2,7.279862766E-4,1.632812317E-3,9.997087717E-1,1.772419652E2,1.890601582E-1,-7.889389436E-2,1.772418306E2
2.926470208E2,2.406337567E-2,7.294950774E-4,1.635355758E-3,9.997088313E-1,1.772422741E2,1.893554798E-1,-7.906023571E-2,1.772421390E2
2.926520208E2,2.405539063E-2,7.346183993E-4,1.641217154E-3,9.997090101E-1,1.772431894E2,1.900404464E-1,-7.963250899E-2,1.772430528E2
2.926570208E2,2.406033469E-2,7.319399156E-4,1.642554183E-3,9.997088909E-1,1.772426227E2,1.901866226E-1,-7.932104021E-2,1.772424865E2
2.926620208E2,2.406596158E-2,7.286508917E-4,1.634116285E-3,9.997087717E-1,1.772419777E2,1.892113635E-1,-7.896645582E-2,1.772418429E2
2.926670208E2,2.407087689E-2,7.245145389E-4,1.636486617E-3,9.997086525E-1,1.772414143E2,1.894718826E-1,-7.848513384E-2,1.772412801E2
2.926720208E2,2.406575433E-2,7.280019927E-4,1.637454261E-3,9.997087717E-1,1.772420014E2,1.895919513E-1,-7.888295261E-2,1.772418665E2
2.926770208E2,2.406345730E-2,7.294494426E-4,1.634174609E-3,9.997088313E-1,1.772422647E2,1.892200495E-1,-7.905824955E-2,1.772421298E2
2.926820208E2,2.407145468E-2,7.254185621E-4,1.627563033E-3,9.997086525E-1,1.772413480E2,1.884521489E-1,-7.861320354E-2,1.772412144E2
2.926870208E2,2.407389047E-2,7.230916526E-4,1.629182254E-3,9.997085929E-1,1.772410688E2,1.886314159E-1,-7.834171068E-2,1.772409355E2
2.926920208E2,2.407390928E-2,7.230318151E-4,1.628930797E-3,9.997085929E-1,1.772410667E2,1.886024457E-1,-7.833554597E-2,1.772409334E2
2.926970208E2,2.406397868E-2,7.303983439E-4,1.626053127E-3,9.997088313E-1,1.772422050E2,1.882923221E-1,-7.918925168E-2,1.772420705E2
2.927020208E2,2.407167668E-2,7.246026653E-4,1.624640543E-3,9.997086525E-1,1.772413226E2,1.881151191E-1,-7.852775584E-2,1.772411893E2
2.927070208E2,2.407361722E-2,7.231581840E-4,1.633185428E-3,9.997085929E-1,1.772411001E2,1.890901760E-1,-7.833834011E-2,1.772409665E2
2.927120208E2,2.406899698E-2,7.259494159E-4,1.627062098E-3,9.997087121E-1,1.772416297E2,1.883960335E-1,-7.867586221E-2,1.772414960E2
2.927170208E2,2.407400710E-2,7.236218662E-4,1.627222169E-3,9.997085929E-1,1.772410555E2,1.884083434E-1,-7.840783650E-2,1.772409222E2
2.927220208E2,2.407882533E-2,7.198220119E-4,1.630850835E-3,9.997084737E-1,1.772405032E2,1.888139299E-1,-7.796161115E-2,1.772403703E2
2.927270208E2,2.406823121E-2,7.265106542E-4,1.638101996E-3,9.997087121E-1,1.772417175E2,1.896622366E-1,-7.870985123E-2,1.772415828E2
2.927320208E2,2.405574822E-2,7.348552463E-4,1.635861117E-3,9.997090101E-1,1.772431484E2,1.894275477E-1,-7.967433892E-2,1.772430122E2
2.927370208E2,2.406360023E-2,7.294314564E-4,1.632076572E-3,9.997088313E-1,1.772422483E2,1.889796630E-1,-7.906194763E-2,1.772421135E2
2.927420208E2,2.406572755E-2,7.290132344E-4,1.637397916E-3,9.997087717E-1,1.772420045E2,1.895882835E-1,-7.899895915E-2,1.772418694E2
2.927470208E2,2.406543232E-2,7.293568924E-4,1.641578623E-3,9.997087717E-1,1.772420383E2,1.900681440E-1,-7.902685429E-2,1.772419028E2
2.927520208E2,2.406570308E-2,7.284961757E-4,1.637987676E-3,9.997087717E-1,1.772420073E2,1.896544175E-1,-7.893810398E-2,1.772418722E2
2.927570208E2,2.405562408E-2,7.350714877E-4,1.637588604E-3,9.997090101E-1,1.772431626E2,1.896260325E-1,-7.969437250E-2,1.772430263E2
2.927620208E2,2.405553562E-2,7.350009400E-4,1.638919231E-3,9.997090101E-1,1.772431727E2,1.897782658E-1,-7.968263932E-2,1.772430363E2
2.927670208E2,2.406579125E-2,7.290479261E-4,1.636445988E-3,9.997087717E-1,1.772419972E2,1.894793327E-1,-7.900554659E-2,1.772418621E2
2.927720208E2,2.406076599E-2,7.318918360E-4,1.636245637E-3,9.997088909E-1,1.772425732E2,1.894638259E-1,-7.933284482E-2,1.772424376E2
2.927770208E2,2.405549487E-2,7.345263148E-4,1.639729948E-3,9.997090101E-1,1.772431774E2,1.898698286E-1,-7.962603991E-2,1.772430410E2
2.927820208E2,2.406566050E-2,7.281656726E-4,1.638759975E-3,9.997087717E-1,1.772420122E2,1.897419761E-1,-7.889812032E-2,1.772418771E2
2.927870208E2,2.406530887E-2,7.286518812E-4,1.643700176E-3,9.997087717E-1,1.772420525E2,1.903092319E-1,-7.894026206E-2,1.772419169E2
2.927920208E2,2.406539941E-2,7.282623556E-4,1.642546733E-3,9.997087717E-1,1.772420421E2,1.901760278E-1,-7.889880246E-2,1.772419067E2
2.927970208E2,2.407563904E-2,7.224879228E-4,1.640149043E-3,9.997085333E-1,1.772408684E2,1.898862268E-1,-7.824196113E-2,1.772407343E2
2.928020208E2,2.408035940E-2,7.179185632E-4,1.645510900E-3,9.997084141E-1,1.772403273E2,1.904882323E-1,-7.770281068E-2,1.772401937E2
2.928070208E2,2.407238654E-2,7.239184924E-4,1.650892664E-3,9.997085929E-1,1.772412412E2,1.911206930E-1,-7.837682473E-2,1.772411060E2
2.928120208E2,2.407766240E-2,7.195170620E-4,1.648064354E-3,9.997084737E-1,1.772406365E2,1.907849537E-1,-7.787940014E-2,1.772405023E2
2.928170208E2,2.407996947E-2,7.188031450E-4,1.650822349E-3,9.997084141E-1,1.772403720E2,1.910991152E-1,-7.778956413E-2,1.772402378E2
2.928220208E2,2.408006218E-2,7.187006995E-4,1.649514074E-3,9.997084141E-1,1.772403614E2,1.909489655E-1,-7.778142064E-2,1.772402273E2
2.928270208E2,2.408095859E-2,7.174052298E-4,1.636943896E-3,9.997084141E-1,1.772402586E2,1.895054386E-1,-7.766753157E-2,1.772401258E2
2.928320208E2,2.408054463E-2,7.188200834E-4,1.642403775E-3,9.997084141E-1,1.772403061E2,1.901347870E-1,-7.781462623E-2,1.772401725E2
2.928370208E2,2.408537816E-2,7.153784973E-4,1.645589131E-3,9.997082949E-1,1.772397521E2,1.904905729E-1,-7.741065314E-2,1.772396189E2
2.928420208E2,2.409336973E-2,7.093507447E-4,1.639832626E-3,9.997081161E-1,1.772388360E2,1.898150906E-1,-7.673449606E-2,1.772387045E2
2.928470208E2,2.409092517E-2,7.115901099E-4,1.638439600E-3,9.997081757E-1,1.772391162E2,1.896615029E-1,-7.699534357E-2,1.772389844E2
2.928520208E2,2.409093707E-2,7.109459257E-4,1.638544258E-3,9.997081757E-1,1.772391149E2,1.896717146E-1,-7.692125582E-2,1.772389831E2
2.928570208E2,2.409029887E-2,7.120518712E-4,1.647423021E-3,9.997081757E-1,1.772391880E2,1.906918571E-1,-7.702356056E-2,1.772390554E2
2.928620208E2,2.408827580E-2,7.132122410E-4,1.640317962E-3,9.997082353E-1,1.772394199E2,1.898809594E-1,-7.717648945E-2,1.772392876E2
2.928670208E2,2.408884727E-2,7.124848198E-4,1.632221858E-3,9.997082353E-1,1.772393544E2,1.889515175E-1,-7.711539828E-2,1.772392229E2
2.928720208E2,2.409621733E-2,7.076787879E-4,1.635044464E-3,9.997080564E-1,1.772385096E2,1.892621671E-1,-7.655564094E-2,1.772383788E2
2.928770208E2,2.408596197E-2,7.144819829E-4,1.637413399E-3,9.997082949E-1,1.772396851E2,1.895515434E-1,-7.733040537E-2,1.772395528E2
2.928820208E2,2.407877157E-2,7.200547261E-4,1.631541760E-3,9.997084737E-1,1.772405093E2,1.888937193E-1,-7.798637412E-2,1.772403764E2
2.928870208E2,2.407894569E-2,7.202608394E-4,1.628878876E-3,9.997084737E-1,1.772404894E2,1.885892455E-1,-7.801730110E-2,1.772403566E2
2.928920208E2,2.407666607E-2,7.208596217E-4,1.625726116E-3,9.997085333E-1,1.772407507E2,1.882295442E-1,-7.809502539E-2,1.772406180E2
2.928970208E2,2.407660695E-2,7.209153264E-4,1.626576763E-3,9.997085333E-1,1.772407574E2,1.883271422E-1,-7.809907093E-2,1.772406247E2
2.929020208E2,2.407888181E-2,7.198317326E-4,1.630012528E-3,9.997084737E-1,1.772404967E2,1.887179259E-1,-7.796502727E-2,1.772403639E2
2.929070208E2,2.407374100E-2,7.232800126E-4,1.631305902E-3,9.997085929E-1,1.772410860E2,1.888752060E-1,-7.835745837E-2,1.772409524E2
2.929120208E2,2.407607594E-2,7.221340202E-4,1.633879729E-3,9.997085333E-1,1.772408183E2,1.891670808E-1,-7.821863307E-2,1.772406848E2
2.929170208E2,2.408126674E-2,7.173768245E-4,1.632416854E-3,9.997084141E-1,1.772402233E2,1.889867726E-1,-7.767671214E-2,1.772400908E2
2.929220208E2,2.407122258E-2,7.248394541E-4,1.631249557E-3,9.997086525E-1,1.772413746E2,1.888728560E-1,-7.853673644E-2,1.772412408E2
2.929270208E2,2.407593422E-2,7.212640485E-4,1.636350411E-3,9.997085333E-1,1.772408346E2,1.894477070E-1,-7.811218079E-2,1.772407010E2
2.929320208E2,2.408583825E-2,7.146471762E-4,1.639160328E-3,9.997082949E-1,1.772396993E2,1.897521154E-1,-7.734453126E-2,1.772395668E2
2.929370208E2,2.407070104E-2,7.248494076E-4,1.638923073E-3,9.997086525E-1,1.772414344E2,1.897519096E-1,-7.851680832E-2,1.772413000E2
2.929420208E2,2.405586421E-2,7.355262642E-4,1.633852720E-3,9.997090101E-1,1.772431351E2,1.891993277E-1,-7.975672422E-2,1.772429990E2
2.929470208E2,2.408597012E-2,7.151819882E-4,1.636987901E-3,9.997082949E-1,1.772396842E2,1.895047319E-1,-7.741176962E-2,1.772395518E2
2.929520208E2,2.408094931E-2,7.179661770E-4,1.636834466E-3,9.997084141E-1,1.772402597E2,1.894944498E-1,-7.773209642E-2,1.772401268E2
2.929570208E2,2.406068960E-2,7.323268219E-4,1.637174049E-3,9.997088909E-1,1.772425820E2,1.895713769E-1,-7.938013061E-2,1.772424462E2
2.929620208E2,2.407073878E-2,7.253787480E-4,1.638134359E-3,9.997086525E-1,1.772414301E2,1.896630189E-1,-7.857961708E-2,1.772412956E2
2.929670208E2,2.407313040E-2,7.234748919E-4,1.640205854E-3,9.997085929E-1,1.772411559E2,1.898952616E-1,-7.835534631E-2,1.772410217E2
2.929720208E2,2.405796752E-2,7.333570393E-4,1.640316215E-3,9.997089505E-1,1.772428940E2,1.899339636E-1,-7.949000380E-2,1.772427578E2
2.929770208E2,2.407556061E-2,7.217956590E-4,1.641604584E-3,9.997085333E-1,1.772408774E2,1.900510552E-1,-7.815865571E-2,1.772407433E2
2.929820208E2,2.408827355E-2,7.133223698E-4,1.640303060E-3,9.997082353E-1,1.772394202E2,1.898795562E-1,-7.718914717E-2,1.772392878E2
2.929870208E2,2.405848335E-2,7.343073376E-4,1.632305910E-3,9.997089505E-1,1.772428349E2,1.890189753E-1,-7.962085504E-2,1.772426991E2
2.929920208E2,2.406885638E-2,7.259669364E-4,1.629132894E-3,9.997087121E-1,1.772416459E2,1.886332982E-1,-7.867218410E-2,1.772415120E2
2.929970208E2,2.409107755E-2,7.117838250E-4,1.636113157E-3,9.997081757E-1,1.772390988E2,1.893955355E-1,-7.702392908E-2,1.772389671E2
2.930020208E2,2.407845787E-2,7.207456511E-4,1.635860652E-3,9.997084737E-1,1.772405453E2,1.893903675E-1,-7.805366728E-2,1.772404119E2
2.930070208E2,2.407351779E-2,7.234559162E-4,1.634518732E-3,9.997085929E-1,1.772411115E2,1.892437311E-1,-7.836878831E-2,1.772409777E2
2.930120208E2,2.408122930E-2,7.179045933E-4,1.632737112E-3,9.997084141E-1,1.772402276E2,1.890249147E-1,-7.773629566E-2,1.772400950E2
2.930170208E2,2.407400087E-2,7.228655741E-4,1.627650461E-3,9.997085929E-1,1.772410562E2,1.884553208E-1,-7.832001662E-2,1.772409230E2
2.930220208E2,2.407921058E-2,7.202550769E-4,1.624960918E-3,9.997084737E-1,1.772404590E2,1.881404146E-1,-7.802740224E-2,1.772403265E2
2.930270208E2,2.409674740E-2,7.071183645E-4,1.627457328E-3,9.997080564E-1,1.772384489E2,1.883914890E-1,-7.651229078E-2,1.772383187E2
2.930320208E2,2.408938478E-2,7.129475125E-4,1.624066615E-3,9.997082353E-1,1.772392928E2,1.880185838E-1,-7.719081508E-2,1.772391618E2
2.930370208E2,2.407972399E-2,7.197461673E-4,1.617561677E-3,9.997084737E-1,1.772404002E2,1.872914038E-1,-7.798942383E-2,1.772402684E2
2.930420208E2,2.409474155E-2,7.097821799E-4,1.619362156E-3,9.997081161E-1,1.772386788E2,1.874713206E-1,-7.684018285E-2,1.772385487E2
2.930470208E2,2.409166817E-2,7.117161294E-4,1.627422869E-3,9.997081757E-1,1.772390311E2,1.883998476E-1,-7.704005458E-2,1.772389000E2
2.930520208E2,2.408972495E-2,7.122795214E-4,1.619307091E-3,9.997082353E-1,1.772392538E2,1.874715217E-1,-7.712736647E-2,1.772391233E2
2.930570208E2,2.410518708E-2,7.023579674E-4,1.614323934E-3,9.997078776E-1,1.772374815E2,1.868744419E-1,-7.600163765E-2,1.772373532E2
2.930620208E2,2.410710243E-2,7.003020728E-4,1.623501303E-3,9.997078180E-1,1.772372619E2,1.879202528E-1,-7.574040677E-2,1.772371334E2
2.930670208E2,2.409666321E-2,7.080739015E-4,1.628288301E-3,9.997080564E-1,1.772384585E2,1.884893165E-1,-7.661947654E-2,1.772383281E2
2.930720208E2,2.410234142E-2,7.041452336E-4,1.619115705E-3,9.997079372E-1,1.772378076E2,1.874281006E-1,-7.619368033E-2,1.772376787E2
2.930770208E2,2.410509378E-2,7.016511518E-4,1.616023481E-3,9.997078776E-1,1.772374921E2,1.870671797E-1,-7.591598884E-2,1.772373639E2
2.930820208E2,2.410195886E-2,7.037785253E-4,1.624959405E-3,9.997079372E-1,1.772378515E2,1.880965040E-1,-7.613560225E-2,1.772377222E2
2.930870208E2,2.409676506E-2,7.081357762E-4,1.626753365E-3,9.997080564E-1,1.772384468E2,1.883136552E-1,-7.663078419E-2,1.772383166E2
2.930920208E2,2.409221268E-2,7.116148481E-4,1.619386487E-3,9.997081757E-1,1.772389686E2,1.874789738E-1,-7.705053701E-2,1.772388383E2
2.930970208E2,2.408943581E-2,7.133988547E-4,1.623111195E-3,9.997082353E-1,1.772392869E2,1.879103822E-1,-7.724514794E-2,1.772391559E2
2.931020208E2,2.409412554E-2,7.089891587E-4,1.628847327E-3,9.997081161E-1,1.772387494E2,1.885556906E-1,-7.672326165E-2,1.772386188E2
2.931070208E2,2.408893223E-2,7.132946048E-4,1.630613580E-3,9.997082353E-1,1.772393447E2,1.887695178E-1,-7.721258940E-2,1.772392131E2
2.931120208E2,2.409381131E-2,7.093829918E-4,1.633317792E-3,9.997081161E-1,1.772387854E2,1.890688838E-1,-7.675609438E-2,1.772386544E2
2.931170208E2,2.409884886E-2,7.057495532E-4,1.633537468E-3,9.997079968E-1,1.772382080E2,1.890844010E-1,-7.633829501E-2,1.772380776E2
2.931220208E2,2.409379323E-2,7.102922536E-4,1.633189386E-3,9.997081161E-1,1.772387875E2,1.890566832E-1,-7.686061570E-2,1.772386563E2
2.931270208E2,2.409416712E-2,7.088870043E-4,1.628276543E-3,9.997081161E-1,1.772387446E2,1.884900235E-1,-7.671312718E-2,1.772386141E2
2.931320208E2,2.410663307E-2,7.013088907E-4,1.630023005E-3,9.997078180E-1,1.772373157E2,1.886701153E-1,-7.583781764E-2,1.772371865E2
2.931370208E2,2.410687425E-2,7.004951476E-4,1.626802841E-3,9.997078180E-1,1.772372881E2,1.882989882E-1,-7.575344719E-2,1.772371593E2
2.931420208E2,2.410211732E-2,7.049505948E-4,1.622098498E-3,9.997079372E-1,1.772378333E2,1.877720125E-1,-7.627774445E-2,1.772377040E2
2.931470208E2,2.409697112E-2,7.070555002E-4,1.624168945E-3,9.997080564E-1,1.772384232E2,1.880146202E-1,-7.651412769E-2,1.772382933E2
2.931520208E2,2.410678642E-2,7.016944000E-4,1.627587364E-3,9.997078180E-1,1.772372981E2,1.883921686E-1,-7.588868055E-2,1.772371690E2
2.931570208E2,2.409670959E-2,7.084446261E-4,1.627440448E-3,9.997080564E-1,1.772384532E2,1.883932151E-1,-7.666427859E-2,1.772383228E2
2.931620208E2,2.408200930E-2,7.173919585E-4,1.621418749E-3,9.997084141E-1,1.772401382E2,1.877269451E-1,-7.770865730E-2,1.772400066E2
2.931670208E2,2.408749850E-2,7.137925131E-4,1.614957349E-3,9.997082949E-1,1.772395090E2,1.869772267E-1,-7.731311641E-2,1.772393786E2
2.931720208E2,2.410250701E-2,7.037440082E-4,1.616823603E-3,9.997079372E-1,1.772377887E2,1.871644253E-1,-7.615401661E-2,1.772376600E2
2.931770208E2,2.410737260E-2,6.999700563E-4,1.619628165E-3,9.997078180E-1,1.772372309E2,1.874756552E-1,-7.571302086E-2,1.772371028E2
2.931820208E2,2.410219481E-2,7.042704383E-4,1.621242263E-3,9.997079372E-1,1.772378244E2,1.876720507E-1,-7.620217739E-2,1.772376953E2
2.931870208E2,2.410244779E-2,7.045695675E-4,1.617346774E-3,9.997079372E-1,1.772377954E2,1.872266348E-1,-7.624715719E-2,1.772376666E2
2.931920208E2,2.410502232E-2,7.016563322E-4,1.617086935E-3,9.997078776E-1,1.772375003E2,1.871890163E-1,-7.591365803E-2,1.772373720E2
2.931970208E2,2.411014456E-2,6.986058434E-4,1.615741523E-3,9.997077584E-1,1.772369132E2,1.870268478E-1,-7.556695797E-2,1.772367856E2
2.932020208E2,2.411029205E-2,6.997025921E-4,1.613063854E-3,9.997077584E-1,1.772368963E2,1.867231399E-1,-7.569997016E-2,1.772367687E2
2.932070208E2,2.411073513E-2,6.994447904E-4,1.606539823E-3,9.997077584E-1,1.772368455E2,1.859750781E-1,-7.568838014E-2,1.772367184E2
2.932120208E2,2.410551533E-2,7.014504517E-4,1.609810744E-3,9.997078776E-1,1.772374438E2,1.863549356E-1,-7.591008033E-2,1.772373161E2
2.932170208E2,2.410561344E-2,7.023829967E-4,1.607933897E-3,9.997078776E-1,1.772374326E2,1.861425106E-1,-7.602207731E-2,1.772373048E2
2.932220208E2,2.410588975E-2,7.026917883E-4,1.603650860E-3,9.997078776E-1,1.772374009E2,1.856527266E-1,-7.606923218E-2,1.772372734E2
2.932270208E2,2.410859419E-2,7.004212821E-4,1.601144322E-3,9.997078180E-1,1.772370909E2,1.853595137E-1,-7.581555002E-2,1.772369641E2
2.932320208E2,2.411072084E-2,6.983880303E-4,1.607213868E-3,9.997077584E-1,1.772368471E2,1.860493744E-1,-7.556545996E-2,1.772367202E2
2.932370208E2,2.410296305E-2,7.037533214E-4,1.610006788E-3,9.997079372E-1,1.772377364E2,1.863835616E-1,-7.617382706E-2,1.772376082E2
2.932420208E2,2.410835135E-2,7.002472994E-4,1.604872639E-3,9.997078180E-1,1.772371188E2,1.857861249E-1,-7.578536352E-2,1.772369916E2
2.932470208E2,2.411827866E-2,6.932280958E-4,1.607275452E-3,9.997075796E-1,1.772359808E2,1.860427379E-1,-7.497277095E-2,1.772358549E2
2.932520208E2,2.412838893E-2,6.861299044E-4,1.606871490E-3,9.997073412E-1,1.772348219E2,1.859775904E-1,-7.415885135E-2,1.772346974E2
2.932570208E2,2.412336104E-2,6.909914664E-4,1.606112230E-3,9.997074604E-1,1.772353983E2,1.859036785E-1,-7.471881686E-2,1.772352728E2
2.932620208E2,2.412087342E-2,6.917892606E-4,1.606030040E-3,9.997075200E-1,1.772356834E2,1.858962826E-1,-7.481090041E-2,1.772355578E2
2.932670208E2,2.412798247E-2,6.871073856E-4,1.612547087E-3,9.997073412E-1,1.772348685E2,1.866304505E-1,-7.425521235E-2,1.772347434E2
2.932720208E2,2.412782431E-2,6.871210644E-4,1.614906010E-3,9.997073412E-1,1.772348867E2,1.869007112E-1,-7.425028653E-2,1.772347613E2
2.932770208E2,2.412289087E-2,6.896969280E-4,1.613712520E-3,9.997074604E-1,1.772354522E2,1.867707418E-1,-7.454959414E-2,1.772353264E2
2.932820208E2,2.412307373E-2,6.895300467E-4,1.611048123E-3,9.997074604E-1,1.772354312E2,1.864650649E-1,-7.453780791E-2,1.772353057E2
2.932870208E2,2.412779640E-2,6.864868337E-4,1.615592511E-3,9.997073412E-1,1.772348899E2,1.869775998E-1,-7.417573735E-2,1.772347646E2
2.932920208E2,2.412009928E-2,6.927101640E-4,1.617220696E-3,9.997075200E-1,1.772357721E2,1.871807544E-1,-7.488560931E-2,1.772356455E2
2.932970208E2,2.412069253E-2,6.928351359E-4,1.608294318E-3,9.997075200E-1,1.772357041E2,1.861585524E-1,-7.492448869E-2,1.772355782E2
2.933020208E2,2.413812629E-2,6.809205515E-4,1.611169311E-3,9.997071028E-1,1.772337058E2,1.864562530E-1,-7.354837822E-2,1.772335819E2
2.933070208E2,2.414060490E-2,6.784491707E-4,1.612059656E-3,9.997070432E-1,1.772334217E2,1.865515943E-1,-7.326233633E-2,1.772332982E2
2.933120208E2,2.413548337E-2,6.814067019E-4,1.613571541E-3,9.997071624E-1,1.772340087E2,1.867325989E-1,-7.359791938E-2,1.772338846E2
2.933170208E2,2.414283806E-2,6.772250636E-4,1.616089488E-3,9.997069836E-1,1.772331657E2,1.870100220E-1,-7.311053901E-2,1.772330422E2
2.933220208E2,2.414529368E-2,6.748476299E-4,1.617268426E-3,9.997069240E-1,1.772328842E2,1.871386799E-1,-7.283446347E-2,1.772327610E2
2.933270208E2,2.414029646E-2,6.793135544E-4,1.616308931E-3,9.997070432E-1,1.772334570E2,1.870407532E-1,-7.334966079E-2,1.772333331E2
2.933320208E2,2.414304726E-2,6.770938053E-4,1.613016357E-3,9.997069836E-1,1.772331417E2,1.866576211E-1,-7.310396567E-2,1.772330184E2
2.933370208E2,2.414532436E-2,6.759270327E-4,1.616359339E-3,9.997069240E-1,1.772328807E2,1.870375255E-1,-7.296062740E-2,1.772327574E2
2.933420208E2,2.413777348E-2,6.807818427E-4,1.616504742E-3,9.997071028E-1,1.772337462E2,1.870670617E-1,-7.351779541E-2,1.772336220E2
2.933470208E2,2.413015445E-2,6.860237336E-4,1.617453177E-3,9.997072816E-1,1.772346196E2,1.871896490E-1,-7.411709928E-2,1.772344942E2
2.933520208E2,2.413075292E-2,6.859943969E-4,1.608512364E-3,9.997072816E-1,1.772345510E2,1.861653669E-1,-7.413835058E-2,1.772344263E2
2.933570208E2,2.413591099E-2,6.809778861E-4,1.607344253E-3,9.997071624E-1,1.772339597E2,1.860180561E-1,-7.356593926E-2,1.772338361E2
2.933620208E2,2.414056938E-2,6.790676853E-4,1.612331020E-3,9.997070432E-1,1.772334258E2,1.865843899E-1,-7.333244806E-2,1.772333021E2
2.933670208E2,2.414054387E-2,6.787980092E-4,1.612826483E-3,9.997070432E-1,1.772334287E2,1.866404015E-1,-7.330018860E-2,1.772333051E2
2.933720208E2,2.413324330E-2,6.831292994E-4,1.609414001E-3,9.997072220E-1,1.772342655E2,1.862609173E-1,-7.380717328E-2,1.772341413E2
2.933770208E2,2.414075905E-2,6.785984733E-4,1.609686646E-3,9.997070432E-1,1.772334040E2,1.862801705E-1,-7.328597621E-2,1.772332807E2
2.933820208E2,2.414792883E-2,6.729778834E-4,1.615546877E-3,9.997068644E-1,1.772325822E2,1.869364794E-1,-7.262453976E-2,1.772324595E2
2.933870208E2,2.414076918E-2,6.782707642E-4,1.609672792E-3,9.997070432E-1,1.772334029E2,1.862776775E-1,-7.324847093E-2,1.772332796E2
2.933920208E2,2.413611850E-2,6.818750990E-4,1.603843994E-3,9.997071624E-1,1.772339359E2,1.856195691E-1,-7.367836505E-2,1.772338124E2
2.933970208E2,2.414354472E-2,6.760149845E-4,1.606007805E-3,9.997069836E-1,1.772330847E2,1.858517841E-1,-7.299967629E-2,1.772329621E2
2.934020208E2,2.414295812E-2,6.771162734E-4,1.614340581E-3,9.997069836E-1,1.772331520E2,1.868093778E-1,-7.310289248E-2,1.772330285E2
2.934070208E2,2.413817539E-2,6.801867858E-4,1.610743580E-3,9.997071028E-1,1.772337002E2,1.864054557E-1,-7.346548794E-2,1.772335764E2
2.934120208E2,2.414110017E-2,6.775856600E-4,1.604990568E-3,9.997070432E-1,1.772333649E2,1.857394182E-1,-7.318287842E-2,1.772332421E2
2.934170208E2,2.414096845E-2,6.776810624E-4,1.606930280E-3,9.997070432E-1,1.772333800E2,1.859618828E-1,-7.318846583E-2,1.772332570E2
2.934220208E2,2.413307973E-2,6.828676560E-4,1.611975720E-3,9.997072220E-1,1.772342843E2,1.865536480E-1,-7.377014577E-2,1.772341599E2
2.934270208E2,2.414062708E-2,6.788353203E-4,1.611564774E-3,9.997070432E-1,1.772334191E2,1.864959714E-1,-7.330793779E-2,1.772332956E2
2.934320208E2,2.414050249E-2,6.786828744E-4,1.613494125E-3,9.997070432E-1,1.772334334E2,1.867165638E-1,-7.328515973E-2,1.772333098E2
2.934370208E2,2.413783996E-2,6.794708897E-4,1.616063528E-3,9.997071028E-1,1.772337386E2,1.870128952E-1,-7.336882322E-2,1.772336146E2
2.934420208E2,2.413557069E-2,6.815906963E-4,1.612187130E-3,9.997071624E-1,1.772339987E2,1.865745184E-1,-7.362281020E-2,1.772338746E2
2.934470208E2,2.413087164E-2,6.845312309E-4,1.607354265E-3,9.997072816E-1,1.772345374E2,1.860286592E-1,-7.397391354E-2,1.772344131E2
2.934520208E2,2.413859973E-2,6.794180954E-4,1.604697551E-3,9.997071028E-1,1.772336515E2,1.857107369E-1,-7.339407373E-2,1.772335284E2
2.934570208E2,2.414381343E-2,6.773660425E-4,1.601392170E-3,9.997069836E-1,1.772330539E2,1.853267826E-1,-7.316717142E-2,1.772329314E2
2.934620208E2,2.413642572E-2,6.820378476E-4,1.599144656E-3,9.997071624E-1,1.772339007E2,1.850816934E-1,-7.370995034E-2,1.772337775E2
2.934670208E2,2.413147542E-2,6.842789589E-4,1.598372008E-3,9.997072816E-1,1.772344682E2,1.849990132E-1,-7.396974085E-2,1.772343446E2
2.934720208E2,2.413383829E-2,6.836114917E-4,1.600261196E-3,9.997072220E-1,1.772341973E2,1.852137642E-1,-7.388761500E-2,1.772340737E2
2.934770208E2,2.413367007E-2,6.839967682E-4,1.602631761E-3,9.997072220E-1,1.772342166E2,1.854863855E-1,-7.392522655E-2,1.772340927E2
2.934820208E2,2.412620295E-2,6.887927302E-4,1.601463067E-3,9.997074008E-1,1.772350725E2,1.853652107E-1,-7.447925935E-2,1.772349478E2
2.934870208E2,2.412888312E-2,6.869600038E-4,1.599077252E-3,9.997073412E-1,1.772347653E2,1.850870270E-1,-7.427540581E-2,1.772346411E2
2.934920208E2,2.412859294E-2,6.870113430E-4,1.603427809E-3,9.997073412E-1,1.772347986E2,1.855855403E-1,-7.426931129E-2,1.772346741E2
2.934970208E2,2.412337381E-2,6.908125943E-4,1.605997444E-3,9.997074604E-1,1.772353968E2,1.858900353E-1,-7.469864055E-2,1.772352714E2
2.935020208E2,2.411837108E-2,6.932500983E-4,1.605878468E-3,9.997075796E-1,1.772359702E2,1.858827693E-1,-7.497913543E-2,1.772358444E2
2.935070208E2,2.412841968E-2,6.871822989E-4,1.605959726E-3,9.997073412E-1,1.772348184E2,1.858760525E-1,-7.428192698E-2,1.772346937E2
2.935120208E2,2.413020846E-2,6.861202419E-4,1.616606256E-3,9.997072816E-1,1.772346134E2,1.870928979E-1,-7.413048692E-2,1.772344881E2
2.935170208E2,2.411991297E-2,6.914545665E-4,1.620533294E-3,9.997075200E-1,1.772357935E2,1.875567556E-1,-7.473264911E-2,1.772356669E2
2.935220208E2,2.412533862E-2,6.880611763E-4,1.614743378E-3,9.997074008E-1,1.772351716E2,1.868844950E-1,-7.435889828E-2,1.772350461E2
2.935270208E2,2.413524592E-2,6.827566540E-4,1.616549911E-3,9.997071624E-1,1.772340360E2,1.870775128E-1,-7.374437396E-2,1.772339113E2
2.935320208E2,2.413001820E-2,6.849284400E-4,1.619947958E-3,9.997072816E-1,1.772346352E2,1.874724080E-1,-7.398475145E-2,1.772345099E2
2.935370208E2,2.412740559E-2,6.869149511E-4,1.621237141E-3,9.997073412E-1,1.772349347E2,1.876253945E-1,-7.420924775E-2,1.772348089E2
2.935420208E2,2.413265873E-2,6.838932168E-4,1.617833157E-3,9.997072220E-1,1.772343325E2,1.872274720E-1,-7.387151167E-2,1.772342076E2
2.935470208E2,2.414267814E-2,6.777470699E-4,1.618258306E-3,9.997069836E-1,1.772331840E2,1.872599108E-1,-7.316436852E-2,1.772330602E2
2.935520208E2,2.413487694E-2,6.829008344E-4,1.621988602E-3,9.997071624E-1,1.772340783E2,1.877009321E-1,-7.374591779E-2,1.772339532E2
2.935570208E2,2.413229917E-2,6.831578212E-4,1.623497345E-3,9.997072220E-1,1.772343737E2,1.878742918E-1,-7.377166928E-2,1.772342485E2
2.935620208E2,2.413989656E-2,6.790143671E-4,1.622395823E-3,9.997070432E-1,1.772335029E2,1.877372006E-1,-7.329862277E-2,1.772333785E2
2.935670208E2,2.413974239E-2,6.791721098E-4,1.624622149E-3,9.997070432E-1,1.772335206E2,1.879926701E-1,-7.331056365E-2,1.772333960E2
2.935720208E2,2.413217438E-2,6.831709179E-4,1.625345671E-3,9.997072220E-1,1.772343880E2,1.880860601E-1,-7.376808158E-2,1.772342627E2
2.935770208E2,2.413252055E-2,6.830522325E-4,1.620247844E-3,9.997072220E-1,1.772343484E2,1.875017585E-1,-7.376851818E-2,1.772342234E2
2.935820208E2,2.414525334E-2,6.752996705E-4,1.617681817E-3,9.997069240E-1,1.772328889E2,1.871872852E-1,-7.288511207E-2,1.772327656E2
2.935870208E2,2.415039108E-2,6.718850345E-4,1.616079593E-3,9.997068048E-1,1.772323000E2,1.869946606E-1,-7.249741044E-2,1.772321774E2
2.935920208E2,2.414017127E-2,6.788023165E-4,1.618392067E-3,9.997070432E-1,1.772334714E2,1.872779703E-1,-7.328535504E-2,1.772333474E2
2.935970208E2,2.414035232E-2,6.793657667E-4,1.615452347E-3,9.997070432E-1,1.772334506E2,1.869427729E-1,-7.335800133E-2,1.772333267E2
2.936020208E2,2.414562969E-2,6.747669540E-4,1.612277701E-3,9.997069240E-1,1.772328457E2,1.865667518E-1,-7.283896791E-2,1.772327229E2
2.936070208E2,2.413568316E-2,6.810581544E-4,1.610727748E-3,9.997071624E-1,1.772339858E2,1.864058691E-1,-7.356581872E-2,1.772338619E2
2.936120208E2,2.414079615E-2,6.786901504E-4,1.609091414E-3,9.997070432E-1,1.772333998E2,1.862122381E-1,-7.329811832E-2,1.772332764E2
2.936170208E2,2.414069678E-2,6.791377091E-4,1.610392937E-3,9.997070432E-1,1.772334112E2,1.863625694E-1,-7.334580768E-2,1.772332876E2
2.936220208E2,2.414050697E-2,6.781457923E-4,1.613653032E-3,9.997070432E-1,1.772334329E2,1.867332824E-1,-7.322319222E-2,1.772333094E2
2.936270208E2,2.413788768E-2,6.799466792E-4,1.615150482E-3,9.997071028E-1,1.772337332E2,1.869096179E-1,-7.342584540E-2,1.772336091E2
2.936320208E2,2.412800199E-2,6.863846793E-4,1.612562686E-3,9.997073412E-1,1.772348663E2,1.866302406E-1,-7.417237373E-2,1.772347413E2
2.936370208E2,2.413591456E-2,6.819234113E-4,1.606889768E-3,9.997071624E-1,1.772339593E2,1.859686067E-1,-7.367551318E-2,1.772338355E2
2.936420208E2,2.414303507E-2,6.771764020E-4,1.613164204E-3,9.997069836E-1,1.772331431E2,1.866747859E-1,-7.311302101E-2,1.772330198E2
2.936470208E2,2.414256549E-2,6.765715661E-4,1.620429335E-3,9.997069836E-1,1.772331970E2,1.875053597E-1,-7.302371974E-2,1.772330732E2
2.936520208E2,2.413787930E-2,6.797792739E-4,1.615346177E-3,9.997071028E-1,1.772337341E2,1.869315726E-1,-7.340612803E-2,1.772336101E2
2.936570208E2,2.414036236E-2,6.788083701E-4,1.615536748E-3,9.997070432E-1,1.772334495E2,1.869509004E-1,-7.329391171E-2,1.772333257E2
2.936620208E2,2.414000297E-2,6.778532406E-4,1.621297677E-3,9.997070432E-1,1.772334907E2,1.876081942E-1,-7.316862431E-2,1.772333666E2
2.936670208E2,2.414779826E-2,6.740662502E-4,1.617043978E-3,9.997068644E-1,1.772325972E2,1.871109874E-1,-7.274510244E-2,1.772324741E2
2.936720208E2,2.414557314E-2,6.750943721E-4,1.612987369E-3,9.997069240E-1,1.772328522E2,1.866489522E-1,-7.287452317E-2,1.772327293E2
2.936770208E2,2.415298478E-2,6.693115574E-4,1.615256770E-3,9.997067451E-1,1.772320026E2,1.868934638E-1,-7.220439037E-2,1.772318807E2
2.936820208E2,2.415037952E-2,6.711191963E-4,1.616570400E-3,9.997068048E-1,1.772323013E2,1.870487661E-1,-7.240832137E-2,1.772321788E2
2.936870208E2,2.414270645E-2,6.773325149E-4,1.618009526E-3,9.997069836E-1,1.772331808E2,1.872302661E-1,-7.311756092E-2,1.772330571E2
2.936920208E2,2.415303350E-2,6.692787865E-4,1.614541630E-3,9.997067451E-1,1.772319971E2,1.868114514E-1,-7.220260650E-2,1.772318751E2
2.936970208E2,2.415797184E-2,6.666258560E-4,1.615568413E-3,9.997066259E-1,1.772314310E2,1.869220896E-1,-7.189492675E-2,1.772313095E2
2.937020208E2,2.414252537E-2,6.768400199E-4,1.620914903E-3,9.997069836E-1,1.772332016E2,1.875617255E-1,-7.305313739E-2,1.772330777E2
2.937070208E2,2.414016126E-2,6.790071493E-4,1.618455513E-3,9.997070432E-1,1.772334725E2,1.872858046E-1,-7.330864664E-2,1.772333485E2
2.937120208E2,2.414533353E-2,6.750947796E-4,1.616570167E-3,9.997069240E-1,1.772328797E2,1.870593753E-1,-7.286470106E-2,1.772327565E2
2.937170208E2,2.414727361E-2,6.741373800E-4,1.624830300E-3,9.997068644E-1,1.772326573E2,1.880031344E-1,-7.273180280E-2,1.772325337E2
2.937220208E2,2.414236744E-2,6.769908941E-4,1.623202581E-3,9.997069836E-1,1.772332197E2,1.878242040E-1,-7.306412170E-2,1.772330956E2
2.937270208E2,2.414018153E-2,6.791302585E-4,1.618101378E-3,9.997070432E-1,1.772334702E2,1.872455775E-1,-7.332372566E-2,1.772333461E2
2.937320208E2,2.414513568E-2,6.759903044E-4,1.619148883E-3,9.997069240E-1,1.772329024E2,1.873572524E-1,-7.296019244E-2,1.772327788E2
2.937370208E2,2.414745029E-2,6.742323167E-4,1.622162992E-3,9.997068644E-1,1.772326370E2,1.876978476E-1,-7.275002637E-2,1.772325136E2
2.937420208E2,2.414030180E-2,6.794040673E-4,1.616191119E-3,9.997070432E-1,1.772334564E2,1.870275077E-1,-7.336035468E-2,1.772333324E2
2.937470208E2,2.414060381E-2,6.790885236E-4,1.611806685E-3,9.997070432E-1,1.772334218E2,1.865243832E-1,-7.333627938E-2,1.772332982E2
2.937520208E2,2.415041075E-2,6.720073288E-4,1.615734654E-3,9.997068048E-1,1.772322977E2,1.869554849E-1,-7.251237119E-2,1.772321752E2
2.937570208E2,2.414523487E-2,6.753787748E-4,1.617924543E-3,9.997069240E-1,1.772328910E2,1.872153091E-1,-7.289350593E-2,1.772327676E2
2.937620208E2,2.413847862E-2,6.796557573E-4,1.606417820E-3,9.997071028E-1,1.772336654E2,1.859084568E-1,-7.341656371E-2,1.772335421E2
2.937670208E2,2.414625639E-2,6.749856984E-4,1.602772507E-3,9.997069240E-1,1.772327739E2,1.854785033E-1,-7.289021155E-2,1.772326517E2
2.937720208E2,2.414355274E-2,6.761164404E-4,1.605844474E-3,9.997069836E-1,1.772330838E2,1.858333546E-1,-7.301174929E-2,1.772329612E2
2.937770208E2,2.413591964E-2,6.819748087E-4,1.606791629E-3,9.997071624E-1,1.772339587E2,1.859575067E-1,-7.368167166E-2,1.772338350E2
2.937820208E2,2.413875231E-2,6.791428314E-4,1.602517324E-3,9.997071028E-1,1.772336340E2,1.854602234E-1,-7.336854267E-2,1.772335111E2
2.937870208E2,2.414617609E-2,6.742960541E-4,1.604271936E-3,9.997069240E-1,1.772327831E2,1.856483612E-1,-7.280707312E-2,1.772326609E2
2.937920208E2,2.414830480E-2,6.733934279E-4,1.609743456E-3,9.997068644E-1,1.772325391E2,1.862728265E-1,-7.268813332E-2,1.772324167E2
2.937970208E2,2.414560100E-2,6.751552573E-4,1.612544875E-3,9.997069240E-1,1.772328490E2,1.865984312E-1,-7.288271725E-2,1.772327261E2
2.938020208E2,2.415018663E-2,6.719861412E-4,1.619089860E-3,9.997068048E-1,1.772323234E2,1.873397769E-1,-7.250070024E-2,1.772322006E2
2.938070208E2,2.415485924E-2,6.685956032E-4,1.624387805E-3,9.997066855E-1,1.772317878E2,1.879376535E-1,-7.209674633E-2,1.772316653E2
2.938120208E2,2.415470134E-2,6.684162654E-4,1.626807731E-3,9.997066855E-1,1.772318059E2,1.882143683E-1,-7.206953295E-2,1.772316832E2
2.938170208E2,2.414448675E-2,6.750982720E-4,1.629167004E-3,9.997069240E-1,1.772329767E2,1.885023963E-1,-7.283040563E-2,1.772328526E2
2.938220208E2,2.414707364E-2,6.739834207E-4,1.627863152E-3,9.997068644E-1,1.772326802E2,1.883501324E-1,-7.270581070E-2,1.772325564E2
2.938270208E2,2.414453269E-2,6.751824403E-4,1.628451166E-3,9.997069240E-1,1.772329715E2,1.884206273E-1,-7.284201977E-2,1.772328474E2
2.938320208E2,2.413699239E-2,6.799835828E-4,1.628459664E-3,9.997071028E-1,1.772338358E2,1.884343327E-1,-7.339342688E-2,1.772337108E2
2.938370208E2,2.414204885E-2,6.774503854E-4,1.627742895E-3,9.997069836E-1,1.772332562E2,1.883455830E-1,-7.310425872E-2,1.772331317E2
2.938420208E2,2.414502783E-2,6.757562514E-4,1.620854018E-3,9.997069240E-1,1.772329147E2,1.875519344E-1,-7.292868199E-2,1.772327911E2
2.938470208E2,2.414265624E-2,6.763625424E-4,1.619164017E-3,9.997069836E-1,1.772331866E2,1.873598352E-1,-7.300325809E-2,1.772330629E2
2.938520208E2,2.413491649E-2,6.827999605E-4,1.621442614E-3,9.997071624E-1,1.772340737E2,1.876381085E-1,-7.373586454E-2,1.772339487E2
2.938570208E2,2.413259908E-2,6.840412971E-4,1.618660055E-3,9.997072220E-1,1.772343394E2,1.873226053E-1,-7.388619982E-2,1.772342143E2
2.938620208E2,2.414032308E-2,6.787228049E-4,1.616159454E-3,9.997070432E-1,1.772334540E2,1.870219969E-1,-7.328239421E-2,1.772333301E2
2.938670208E2,2.413978252E-2,6.789217587E-4,1.624130411E-3,9.997070432E-1,1.772335160E2,1.879356477E-1,-7.328323669E-2,1.772333915E2
2.938720208E2,2.412727503E-2,6.866934127E-4,1.623272663E-3,9.997073412E-1,1.772349496E2,1.878579584E-1,-7.417826521E-2,1.772348237E2
2.938770208E2,2.412250003E-2,6.913226680E-4,1.618851093E-3,9.997074604E-1,1.772354970E2,1.873638740E-1,-7.472170392E-2,1.772353705E2
2.938820208E2,2.412239638E-2,6.902633468E-4,1.620846451E-3,9.997074604E-1,1.772355088E2,1.875895228E-1,-7.459485366E-2,1.772353824E2
2.938870208E2,2.412012690E-2,6.924479967E-4,1.616920927E-3,9.997075200E-1,1.772357690E2,1.871456906E-1,-7.485639935E-2,1.772356425E2
2.938920208E2,2.411025152E-2,6.984638167E-4,1.614206121E-3,9.997077584E-1,1.772369009E2,1.868505702E-1,-7.555490991E-2,1.772367735E2
2.938970208E2,2.411016625E-2,6.991148693E-4,1.615197631E-3,9.997077584E-1,1.772369107E2,1.869659485E-1,-7.562676972E-2,1.772367830E2
2.939020208E2,2.412541434E-2,6.886390620E-4,1.613365253E-3,9.997074008E-1,1.772351629E2,1.867282227E-1,-7.442889569E-2,1.772350374E2
2.939070208E2,2.412033154E-2,6.915334379E-4,1.614257460E-3,9.997075200E-1,1.772357455E2,1.868380552E-1,-7.475895307E-2,1.772356194E2
2.939120208E2,2.411587455E-2,6.952678086E-4,1.605393365E-3,9.997076392E-1,1.772362564E2,1.858325861E-1,-7.521208532E-2,1.772361302E2
2.939170208E2,2.412612479E-2,6.883907481E-4,1.602812787E-3,9.997074008E-1,1.772350815E2,1.855187150E-1,-7.442949187E-2,1.772349568E2
2.939220208E2,2.413614680E-2,6.808611797E-4,1.603848883E-3,9.997071624E-1,1.772339327E2,1.856173267E-1,-7.356219367E-2,1.772338093E2
2.939270208E2,2.413125001E-2,6.847231416E-4,1.601581695E-3,9.997072816E-1,1.772344940E2,1.853679215E-1,-7.401179131E-2,1.772343701E2
2.939320208E2,2.412394715E-2,6.898024585E-4,1.597798546E-3,9.997074604E-1,1.772353311E2,1.849480324E-1,-7.460548083E-2,1.772352065E2
2.939370208E2,2.413152917E-2,6.854144740E-4,1.597073511E-3,9.997072816E-1,1.772344620E2,1.848534039E-1,-7.410340417E-2,1.772343383E2
2.939420208E2,2.413349383E-2,6.842544535E-4,1.605173689E-3,9.997072220E-1,1.772342368E2,1.857782845E-1,-7.394774916E-2,1.772341127E2
2.939470208E2,2.412580039E-2,6.884242757E-4,1.607673941E-3,9.997074008E-1,1.772351187E2,1.860756698E-1,-7.441995309E-2,1.772349936E2
2.939520208E2,2.411860325E-2,6.931942189E-4,1.602411969E-3,9.997075796E-1,1.772359436E2,1.854855155E-1,-7.498227195E-2,1.772358180E2
2.939570208E2,2.411855229E-2,6.937008584E-4,1.602959586E-3,9.997075796E-1,1.772359495E2,1.855496464E-1,-7.503880749E-2,1.772358237E2
2.939620208E2,2.412825105E-2,6.874281680E-4,1.608386287E-3,9.997073412E-1,1.772348378E2,1.861547029E-1,-7.430341513E-2,1.772347128E2
2.939670208E2,2.413814153E-2,6.803824217E-4,1.611168263E-3,9.997071028E-1,1.772337041E2,1.864546454E-1,-7.348673118E-2,1.772335803E2
2.939720208E2,2.413322988E-2,6.832933286E-4,1.609545667E-3,9.997072220E-1,1.772342671E2,1.862764534E-1,-7.382560251E-2,1.772341428E2
2.939770208E2,2.414038630E-2,6.781637203E-4,1.615449670E-3,9.997070432E-1,1.772334467E2,1.869391430E-1,-7.322029831E-2,1.772333231E2
2.939820208E2,2.413992798E-2,6.792905624E-4,1.621812466E-3,9.997070432E-1,1.772334993E2,1.876711386E-1,-7.333187104E-2,1.772333749E2
2.939870208E2,2.414250507E-2,6.777019007E-4,1.620857161E-3,9.997069836E-1,1.772332039E2,1.875574939E-1,-7.315203631E-2,1.772330799E2
2.939920208E2,2.413789281E-2,6.799641997E-4,1.615066431E-3,9.997071028E-1,1.772337326E2,1.869000379E-1,-7.342808405E-2,1.772336086E2
2.939970208E2,2.414033713E-2,6.781075499E-4,1.616207883E-3,9.997070432E-1,1.772334524E2,1.870258437E-1,-7.321177521E-2,1.772333286E2
2.940020208E2,2.413767194E-2,6.798590184E-4,1.618408249E-3,9.997071028E-1,1.772337579E2,1.872825640E-1,-7.340683218E-2,1.772336336E2
2.940070208E2,2.413806297E-2,6.793465000E-4,1.612781663E-3,9.997071028E-1,1.772337131E2,1.866366024E-1,-7.336360977E-2,1.772335893E2
2.940120208E2,2.414035089E-2,6.788343890E-4,1.615697169E-3,9.997070432E-1,1.772334508E2,1.869693490E-1,-7.329645073E-2,1.772333270E2
2.940170208E2,2.413757172E-2,6.808756152E-4,1.619475195E-3,9.997071028E-1,1.772337694E2,1.874075966E-1,-7.352035902E-2,1.772336449E2
2.940220208E2,2.413514334E-2,6.820381386E-4,1.618383685E-3,9.997071624E-1,1.772340477E2,1.872855920E-1,-7.365700956E-2,1.772339231E2
2.940270208E2,2.414300922E-2,6.768319872E-4,1.613695524E-3,9.997069836E-1,1.772331461E2,1.867346982E-1,-7.307210036E-2,1.772330228E2
2.940320208E2,2.415028439E-2,6.718577351E-4,1.617684495E-3,9.997068048E-1,1.772323122E2,1.871784322E-1,-7.248986139E-2,1.772321895E2
2.940370208E2,2.414788462E-2,6.742055994E-4,1.615695772E-3,9.997068644E-1,1.772325873E2,1.869569311E-1,-7.276478069E-2,1.772324643E2
2.940420208E2,2.413815943E-2,6.802481366E-4,1.610956853E-3,9.997071028E-1,1.772337020E2,1.864300564E-1,-7.347192920E-2,1.772335782E2
2.940470208E2,2.413323252E-2,6.830317434E-4,1.609617029E-3,9.997072220E-1,1.772342667E2,1.862839053E-1,-7.379543797E-2,1.772341426E2
2.940520208E2,2.413795418E-2,6.809117040E-4,1.613749424E-3,9.997071028E-1,1.772337255E2,1.867517894E-1,-7.354025983E-2,1.772336014E2
2.940570208E2,2.414271465E-2,6.770504988E-4,1.618005219E-3,9.997069836E-1,1.772331799E2,1.872289929E-1,-7.308526409E-2,1.772330562E2
2.940620208E2,2.413776656E-2,6.807761965E-4,1.616610447E-3,9.997071028E-1,1.772337470E2,1.870791550E-1,-7.351685750E-2,1.772336228E2
2.940670208E2,2.413264574E-2,6.839860580E-4,1.617987640E-3,9.997072220E-1,1.772343340E2,1.872454252E-1,-7.388172258E-2,1.772342090E2
2.940720208E2,2.413745928E-2,6.811720086E-4,1.621025731E-3,9.997071028E-1,1.772337823E2,1.875860351E-1,-7.355004544E-2,1.772336576E2
2.940770208E2,2.413999540E-2,6.780300755E-4,1.621336443E-3,9.997070432E-1,1.772334916E2,1.876131239E-1,-7.318877635E-2,1.772333675E2
2.940820208E2,2.413278030E-2,6.831386127E-4,1.616337802E-3,9.997072220E-1,1.772343186E2,1.870540885E-1,-7.378917839E-2,1.772341939E2
2.940870208E2,2.413534132E-2,6.812646752E-4,1.615754794E-3,9.997071624E-1,1.772340250E2,1.869823056E-1,-7.357563710E-2,1.772339007E2
2.940920208E2,2.414276744E-2,6.768886815E-4,1.617285074E-3,9.997069836E-1,1.772331738E2,1.871460504E-1,-7.306870915E-2,1.772330502E2
2.940970208E2,2.413294576E-2,6.837737747E-4,1.613596571E-3,9.997072220E-1,1.772342996E2,1.867418263E-1,-7.386949139E-2,1.772341750E2
2.941020208E2,2.414066433E-2,6.776638911E-4,1.611499814E-3,9.997070432E-1,1.772334149E2,1.864852915E-1,-7.317391393E-2,1.772332916E2
2.941070208E2,2.414820267E-2,6.734058843E-4,1.611269661E-3,9.997068644E-1,1.772325508E2,1.864476931E-1,-7.268535586E-2,1.772324283E2
2.941120208E2,2.414792043E-2,6.731251488E-4,1.615611021E-3,9.997068644E-1,1.772325831E2,1.869442347E-1,-7.264123425E-2,1.772324604E2
2.941170208E2,2.414552388E-2,6.754946080E-4,1.613557106E-3,9.997069240E-1,1.772328579E2,1.867153242E-1,-7.291880614E-2,1.772327348E2
2.941220208E2,2.414825552E-2,6.731530302E-4,1.610583044E-3,9.997068644E-1,1.772325447E2,1.863683393E-1,-7.265827962E-2,1.772324224E2
2.941270208E2,2.415049170E-2,6.714035990E-4,1.614775509E-3,9.997068048E-1,1.772322884E2,1.868439416E-1,-7.244584847E-2,1.772321661E2
2.941320208E2,2.414817978E-2,6.737375516E-4,1.611473970E-3,9.997068644E-1,1.772325534E2,1.864720146E-1,-7.272278988E-2,1.772324309E2
2.941370208E2,2.414367560E-2,6.768819294E-4,1.603673329E-3,9.997069836E-1,1.772330697E2,1.855867587E-1,-7.310542645E-2,1.772329471E2
2.941420208E2,2.415110529E-2,6.713892217E-4,1.605578233E-3,9.997068048E-1,1.772322181E2,1.857903215E-1,-7.246954149E-2,1.772320964E2
2.941470208E2,2.415329007E-2,6.691495073E-4,1.610752661E-3,9.997067451E-1,1.772319677E2,1.863770540E-1,-7.219823603E-2,1.772318460E2
2.941520208E2,2.415094751E-2,6.716793287E-4,1.607828657E-3,9.997068048E-1,1.772322362E2,1.860489180E-1,-7.249657657E-2,1.772321143E2
2.941570208E2,2.414616708E-2,6.751109031E-4,1.604064717E-3,9.997069240E-1,1.772327841E2,1.856268768E-1,-7.290099568E-2,1.772326618E2
2.941620208E2,2.414079820E-2,6.791382330E-4,1.608871622E-3,9.997070432E-1,1.772333995E2,1.861882989E-1,-7.335005744E-2,1.772332761E2
2.941670208E2,2.414832488E-2,6.727333530E-4,1.609718311E-3,9.997068644E-1,1.772325368E2,1.862681205E-1,-7.261258230E-2,1.772324145E2
2.941720208E2,2.415140757E-2,6.706773420E-4,1.601323253E-3,9.997068048E-1,1.772321834E2,1.853009296E-1,-7.239971019E-2,1.772320622E2
2.941770208E2,2.414912218E-2,6.735434290E-4,1.597371185E-3,9.997068644E-1,1.772324454E2,1.848559540E-1,-7.273940402E-2,1.772323239E2
2.941820208E2,2.414653490E-2,6.743479171E-4,1.598840347E-3,9.997069240E-1,1.772327420E2,1.850262968E-1,-7.282797765E-2,1.772326202E2
2.941870208E2,2.415371682E-2,6.691024755E-4,1.604360295E-3,9.997067451E-1,1.772319187E2,1.856446559E-1,-7.221046227E-2,1.772317976E2
2.941920208E2,2.415135233E-2,6.711610476E-4,1.601953642E-3,9.997068048E-1,1.772321898E2,1.853744807E-1,-7.245338808E-2,1.772320684E2
2.941970208E2,2.415917843E-2,6.664585671E-4,1.597493538E-3,9.997066259E-1,1.772312927E2,1.848510857E-1,-7.192557831E-2,1.772311725E2
2.942020208E2,2.416386161E-2,6.623824011E-4,1.602948876E-3,9.997065067E-1,1.772307559E2,1.854650887E-1,-7.144264869E-2,1.772306361E2
2.942070208E2,2.415622074E-2,6.675440818E-4,1.604451565E-3,9.997066855E-1,1.772316317E2,1.856509781E-1,-7.203121820E-2,1.772315108E2
2.942120208E2,2.414373424E-2,6.773787900E-4,1.602580305E-3,9.997069836E-1,1.772330630E2,1.854629229E-1,-7.316535911E-2,1.772329404E2
2.942170208E2,2.415148578E-2,6.721292739E-4,1.599533949E-3,9.997068048E-1,1.772321745E2,1.850999744E-1,-7.257097834E-2,1.772320531E2
2.942220208E2,2.415157845E-2,6.710636080E-4,1.598581788E-3,9.997068048E-1,1.772321638E2,1.849879535E-1,-7.245151592E-2,1.772320427E2
2.942270208E2,2.414614979E-2,6.755870418E-4,1.604124554E-3,9.997069240E-1,1.772327861E2,1.856350480E-1,-7.295537881E-2,1.772326637E2
2.942320208E2,2.414866432E-2,6.731782923E-4,1.604431425E-3,9.997068644E-1,1.772324979E2,1.856637197E-1,-7.267812113E-2,1.772323759E2
2.942370208E2,2.415091247E-2,6.707833963E-4,1.608728780E-3,9.997068048E-1,1.772322402E2,1.861495523E-1,-7.239145568E-2,1.772321184E2
2.942420208E2,2.414264018E-2,6.773041096E-4,1.619009883E-3,9.997069836E-1,1.772331884E2,1.873447819E-1,-7.311155161E-2,1.772330646E2
2.942470208E2,2.413775656E-2,6.797167007E-4,1.617205446E-3,9.997071028E-1,1.772337482E2,1.871443854E-1,-7.339383977E-2,1.772336241E2
2.942520208E2,2.414061729E-2,6.776269875E-4,1.612219959E-3,9.997070432E-1,1.772334203E2,1.865676846E-1,-7.316770286E-2,1.772332969E2
2.942570208E2,2.415277862E-2,6.705852575E-4,1.617809176E-3,9.997067451E-1,1.772320263E2,1.871893740E-1,-7.234327680E-2,1.772319039E2
2.942620208E2,2.414978247E-2,6.727903965E-4,1.624774304E-3,9.997068048E-1,1.772323697E2,1.879931741E-1,-7.257717822E-2,1.772322464E2
2.942670208E2,2.414752478E-2,6.732287002E-4,1.621470787E-3,9.997068644E-1,1.772326285E2,1.876157776E-1,-7.263695557E-2,1.772325053E2
2.942720208E2,2.415013952E-2,6.722154212E-4,1.619697316E-3,9.997068048E-1,1.772323288E2,1.874099972E-1,-7.252529378E-2,1.772322059E2
2.942770208E2,2.415234112E-2,6.695080665E-4,1.624771859E-3,9.997067451E-1,1.772320764E2,1.879839942E-1,-7.220068670E-2,1.772319537E2
2.942820208E2,2.414483886E-2,6.757091614E-4,1.623686170E-3,9.997069240E-1,1.772329364E2,1.878762370E-1,-7.291548656E-2,1.772328125E2
2.942870208E2,2.414291066E-2,6.775529473E-4,1.614867011E-3,9.997069836E-1,1.772331574E2,1.868708895E-1,-7.315146937E-2,1.772330339E2
2.942920208E2,2.414508036E-2,6.750011235E-4,1.620386029E-3,9.997069240E-1,1.772329087E2,1.874962365E-1,-7.284346108E-2,1.772327852E2
2.942970208E2,2.414713997E-2,6.743803970E-4,1.626714366E-3,9.997068644E-1,1.772326726E2,1.882196327E-1,-7.275445392E-2,1.772325488E2
2.943020208E2,2.413718879E-2,6.808182225E-4,1.625196543E-3,9.997071028E-1,1.772338133E2,1.880628380E-1,-7.349803048E-2,1.772336883E2
2.943070208E2,2.413747916E-2,6.800784031E-4,1.621188829E-3,9.997071028E-1,1.772337800E2,1.876016955E-1,-7.342430926E-2,1.772336555E2
2.943120208E2,2.414246247E-2,6.770702894E-4,1.621755306E-3,9.997069836E-1,1.772332088E2,1.876586331E-1,-7.307720331E-2,1.772330848E2
2.943170208E2,2.413722963E-2,6.797799724E-4,1.625024597E-3,9.997071028E-1,1.772338086E2,1.880402711E-1,-7.337955852E-2,1.772336839E2
2.943220208E2,2.413985848E-2,6.783302524E-4,1.623248332E-3,9.997070432E-1,1.772335072E2,1.878329673E-1,-7.321790076E-2,1.772333830E2
2.943270208E2,2.414759889E-2,6.740158424E-4,1.620039460E-3,9.997068644E-1,1.772326200E2,1.874539910E-1,-7.273107592E-2,1.772324968E2
2.943320208E2,2.416022719E-2,6.656009355E-4,1.619143877E-3,9.997065663E-1,1.772311725E2,1.873290130E-1,-7.176719291E-2,1.772310509E2
2.943370208E2,2.415237341E-2,6.702138926E-4,1.624000608E-3,9.997067451E-1,1.772320727E2,1.878975970E-1,-7.228367331E-2,1.772319499E2
2.943420208E2,2.414979055E-2,6.716433563E-4,1.625128672E-3,9.997068048E-1,1.772323688E2,1.880305958E-1,-7.244479336E-2,1.772322456E2
2.943470208E2,2.414715854E-2,6.744457060E-4,1.626411686E-3,9.997068644E-1,1.772326705E2,1.881851403E-1,-7.276276966E-2,1.772325467E2
2.943520208E2,2.415213562E-2,6.702335668E-4,1.627525198E-3,9.997067451E-1,1.772321000E2,1.883014055E-1,-7.227621663E-2,1.772319769E2
2.943570208E2,2.415488766E-2,6.681723171E-4,1.624139259E-3,9.997066855E-1,1.772317845E2,1.879080107E-1,-7.204893817E-2,1.772316621E2
2.943620208E2,2.415506593E-2,6.676857593E-4,1.621686155E-3,9.997066855E-1,1.772317641E2,1.876256531E-1,-7.199995600E-2,1.772316419E2
2.943670208E2,2.415502975E-2,6.677185302E-4,1.622211537E-3,9.997066855E-1,1.772317682E2,1.876859281E-1,-7.200226265E-2,1.772316461E2
2.943720208E2,2.415474147E-2,6.685273838E-4,1.626166049E-3,9.997066855E-1,1.772318013E2,1.881411688E-1,-7.208403111E-2,1.772316787E2
2.943770208E2,2.414983416E-2,6.726657157E-4,1.624057419E-3,9.997068048E-1,1.772323638E2,1.879107075E-1,-7.256486930E-2,1.772322405E2
2.943820208E2,2.414518262E-2,6.746282452E-4,1.619016984E-3,9.997069240E-1,1.772328970E2,1.873383767E-1,-7.280451379E-2,1.772327737E2
2.943870208E2,2.414029549E-2,6.777551607E-4,1.616977504E-3,9.997070432E-1,1.772334572E2,1.871130323E-1,-7.316928491E-2,1.772333334E2
2.943920208E2,2.414261462E-2,6.763640558E-4,1.619783812E-3,9.997069836E-1,1.772331913E2,1.874308390E-1,-7.300172450E-2,1.772330677E2
2.943970208E2,2.413775716E-2,6.802428979E-4,1.616975293E-3,9.997071028E-1,1.772337481E2,1.871194751E-1,-7.345475641E-2,1.772336239E2
2.944020208E2,2.413601878E-2,6.818242255E-4,1.605365658E-3,9.997071624E-1,1.772339474E2,1.857937405E-1,-7.366834681E-2,1.772338237E2
2.944070208E2,2.414332591E-2,6.767433952E-4,1.608987688E-3,9.997069836E-1,1.772331098E2,1.861951542E-1,-7.307491767E-2,1.772329868E2
2.944120208E2,2.413287674E-2,6.841274444E-4,1.614478650E-3,9.997072220E-1,1.772343075E2,1.868438489E-1,-7.390758057E-2,1.772341828E2
2.944170208E2,2.412524669E-2,6.891922676E-4,1.615634304E-3,9.997074008E-1,1.772351821E2,1.869896787E-1,-7.448602797E-2,1.772350563E2
2.944220208E2,2.412530959E-2,6.884838222E-4,1.614996931E-3,9.997074008E-1,1.772351749E2,1.869147080E-1,-7.440662020E-2,1.772350493E2
2.944270208E2,2.413742458E-2,6.795517984E-4,1.622221898E-3,9.997071028E-1,1.772337862E2,1.877185816E-1,-7.336113516E-2,1.772336618E2
2.944320208E2,2.412735010E-2,6.868053460E-4,1.622109208E-3,9.997073412E-1,1.772349410E2,1.877249899E-1,-7.419429083E-2,1.772348152E2
2.944370208E2,2.412267941E-2,6.897665444E-4,1.616840716E-3,9.997074604E-1,1.772354764E2,1.871292797E-1,-7.454896122E-2,1.772353504E2
2.944420208E2,2.413536171E-2,6.816655514E-4,1.615280984E-3,9.997071624E-1,1.772340227E2,1.869291370E-1,-7.362286735E-2,1.772338983E2
2.944470208E2,2.413778448E-2,6.798394606E-4,1.616737107E-3,9.997071028E-1,1.772337450E2,1.870910749E-1,-7.340919316E-2,1.772336209E2
2.944520208E2,2.413312837E-2,6.839966518E-4,1.610768493E-3,9.997072220E-1,1.772342787E2,1.864184762E-1,-7.390281093E-2,1.772341542E2
2.944570208E2,2.413593660E-2,6.814554799E-4,1.606757171E-3,9.997071624E-1,1.772339568E2,1.859521239E-1,-7.362227053E-2,1.772338331E2
2.944620208E2,2.414333988E-2,6.770739565E-4,1.608638908E-3,9.997069836E-1,1.772331082E2,1.861561142E-1,-7.311374850E-2,1.772329852E2
2.944670208E2,2.413833566E-2,6.799438270E-4,1.608442748E-3,9.997071028E-1,1.772336818E2,1.861412157E-1,-7.344398968E-2,1.772335583E2
2.944720208E2,2.413100308E-2,6.856282707E-4,1.604911522E-3,9.997072816E-1,1.772345223E2,1.857518662E-1,-7.410631884E-2,1.772343980E2
2.944770208E2,2.413384834E-2,6.836605025E-4,1.600088668E-3,9.997072220E-1,1.772341962E2,1.851941360E-1,-7.389370488E-2,1.772340726E2
2.944820208E2,2.413874190E-2,6.793601206E-4,1.602582051E-3,9.997071028E-1,1.772336352E2,1.854682388E-1,-7.339325778E-2,1.772335123E2
2.944870208E2,2.413619990E-2,6.810807972E-4,1.602956327E-3,9.997071624E-1,1.772339266E2,1.855156883E-1,-7.358981151E-2,1.772338033E2
2.944920208E2,2.414402069E-2,6.772311172E-4,1.598321600E-3,9.997069836E-1,1.772330302E2,1.849746649E-1,-7.316017196E-2,1.772329079E2
2.944970208E2,2.415405145E-2,6.690654554E-4,1.599329873E-3,9.997067451E-1,1.772318804E2,1.850683007E-1,-7.222008327E-2,1.772317596E2
2.945020208E2,2.415625243E-2,6.689057336E-4,1.603407087E-3,9.997066855E-1,1.772316281E2,1.855350964E-1,-7.219009176E-2,1.772315070E2
2.945070208E2,2.414615572E-2,6.755691138E-4,1.604042831E-3,9.997069240E-1,1.772327854E2,1.856256367E-1,-7.295355005E-2,1.772326631E2
2.945120208E2,2.414407601E-2,6.757352385E-4,1.598118921E-3,9.997069836E-1,1.772330238E2,1.849473111E-1,-7.298935760E-2,1.772329018E2
2.945170208E2,2.415136578E-2,6.721821846E-4,1.601322554E-3,9.997068048E-1,1.772321882E2,1.853050118E-1,-7.257211164E-2,1.772320667E2
2.945220208E2,2.414867616E-2,6.739743403E-4,1.603918965E-3,9.997068644E-1,1.772324965E2,1.856072171E-1,-7.277073077E-2,1.772323745E2
2.945270208E2,2.414120162E-2,6.781693082E-4,1.603217097E-3,9.997070432E-1,1.772333533E2,1.855378745E-1,-7.325462747E-2,1.772332305E2
2.945320208E2,2.414901309E-2,6.725643761E-4,1.599431620E-3,9.997068644E-1,1.772324579E2,1.850892765E-1,-7.262156380E-2,1.772323364E2
2.945370208E2,2.415621373E-2,6.688275607E-4,1.604022575E-3,9.997066855E-1,1.772316325E2,1.856053864E-1,-7.217943980E-2,1.772315114E2
2.945420208E2,2.415084276E-2,6.718697259E-4,1.609321916E-3,9.997068048E-1,1.772322482E2,1.862205027E-1,-7.251427484E-2,1.772321261E2
2.945470208E2,2.414105017E-2,6.783083081E-4,1.605437370E-3,9.997070432E-1,1.772333707E2,1.857925989E-1,-7.326443678E-2,1.772332477E2
2.945520208E2,2.414857588E-2,6.737327785E-4,1.605529455E-3,9.997068644E-1,1.772325080E2,1.857910363E-1,-7.273861976E-2,1.772323859E2
2.945570208E2,2.414096677E-2,6.787195452E-4,1.606517239E-3,9.997070432E-1,1.772333802E2,1.859174385E-1,-7.330857536E-2,1.772332571E2
2.945620208E2,2.413109262E-2,6.842563744E-4,1.604150515E-3,9.997072816E-1,1.772345120E2,1.856608990E-1,-7.395124487E-2,1.772343880E2
2.945670208E2,2.413120576E-2,6.852499791E-4,1.602023025E-3,9.997072816E-1,1.772344991E2,1.854199334E-1,-7.407093257E-2,1.772343750E2
2.945720208E2,2.413337970E-2,6.830117782E-4,1.607417362E-3,9.997072220E-1,1.772342499E2,1.860318705E-1,-7.379920679E-2,1.772341259E2
2.945770208E2,2.414058226E-2,6.777400849E-4,1.612696797E-3,9.997070432E-1,1.772334243E2,1.866226206E-1,-7.317934648E-2,1.772333009E2
2.945820208E2,2.413302284E-2,6.833752850E-4,1.612612163E-3,9.997072220E-1,1.772342908E2,1.866279576E-1,-7.382654925E-2,1.772341663E2
2.945870208E2,2.412794452E-2,6.874732208E-4,1.612958848E-3,9.997073412E-1,1.772348729E2,1.866786300E-1,-7.429599029E-2,1.772347476E2
2.945920208E2,2.413565421E-2,6.820876733E-4,1.610725885E-3,9.997071624E-1,1.772339892E2,1.864085014E-1,-7.368376894E-2,1.772338651E2
2.945970208E2,2.414091520E-2,6.787123275E-4,1.607295009E-3,9.997070432E-1,1.772333861E2,1.860065149E-1,-7.330560642E-2,1.772332629E2
2.946020208E2,2.413371565E-2,6.836286630E-4,1.602102420E-3,9.997072220E-1,1.772342114E2,1.854247304E-1,-7.388451265E-2,1.772340876E2
2.946070208E2,2.413624827E-2,6.811015774E-4,1.602218952E-3,9.997071624E-1,1.772339211E2,1.854312768E-1,-7.359422260E-2,1.772337978E2
2.946120208E2,2.413847286E-2,6.808762555E-4,1.605987432E-3,9.997071028E-1,1.772336661E2,1.858625283E-1,-7.355757320E-2,1.772335426E2
2.946170208E2,2.412867570E-2,6.869519129E-4,1.602207427E-3,9.997073412E-1,1.772347891E2,1.854455771E-1,-7.426586219E-2,1.772346647E2
2.946220208E2,2.412421686E-2,6.902200403E-4,1.593540423E-3,9.997074604E-1,1.772353002E2,1.844614032E-1,-7.466504014E-2,1.772351758E2
2.946270208E2,2.412160549E-2,6.921599852E-4,1.594836125E-3,9.997075200E-1,1.772355995E2,1.846150048E-1,-7.488417669E-2,1.772354747E2
2.946320208E2,2.412368662E-2,6.896625855E-4,1.601787400E-3,9.997074604E-1,1.772353609E2,1.854045832E-1,-7.457847826E-2,1.772352361E2
2.946370208E2,2.412394508E-2,6.908879150E-4,1.597360824E-3,9.997074604E-1,1.772353313E2,1.849008886E-1,-7.473103912E-2,1.772352066E2
2.946420208E2,2.410918530E-2,6.998314639E-4,1.592478249E-3,9.997078180E-1,1.772370232E2,1.843651567E-1,-7.577181492E-2,1.772368971E2
2.946470208E2,2.412190739E-2,6.912040990E-4,1.590679167E-3,9.997075200E-1,1.772355649E2,1.841361702E-1,-7.478610751E-2,1.772354406E2
2.946520208E2,2.412901521E-2,6.870965590E-4,1.597024035E-3,9.997073412E-1,1.772347502E2,1.848522011E-1,-7.429670222E-2,1.772346261E2
2.946570208E2,2.412620729E-2,6.883254391E-4,1.601598575E-3,9.997074008E-1,1.772350720E2,1.853794424E-1,-7.442535193E-2,1.772349474E2
2.946620208E2,2.413128020E-2,6.851885119E-4,1.600927673E-3,9.997072816E-1,1.772344905E2,1.852942871E-1,-7.406690624E-2,1.772343666E2
2.946670208E2,2.414115801E-2,6.784236757E-4,1.603766112E-3,9.997070432E-1,1.772333583E2,1.856014693E-1,-7.328225656E-2,1.772332354E2
2.946720208E2,2.414362637E-2,6.773758214E-4,1.604205812E-3,9.997069836E-1,1.772330754E2,1.856491222E-1,-7.316054162E-2,1.772329526E2
2.946770208E2,2.413345640E-2,6.829720805E-4,1.606282196E-3,9.997072220E-1,1.772342411E2,1.859017236E-1,-7.379778426E-2,1.772341172E2
2.946820208E2,2.414114360E-2,6.787066231E-4,1.603863318E-3,9.997070432E-1,1.772333599E2,1.856133870E-1,-7.331440421E-2,1.772332370E2
2.946870208E2,2.414620017E-2,6.749020540E-4,1.603654469E-3,9.997069240E-1,1.772327803E2,1.855793039E-1,-7.287819938E-2,1.772326581E2
2.946920208E2,2.413860123E-2,6.792632048E-4,1.604740508E-3,9.997071028E-1,1.772336514E2,1.857152297E-1,-7.337621066E-2,1.772335282E2
2.946970208E2,2.414134467E-2,6.787668681E-4,1.600808464E-3,9.997070432E-1,1.772333369E2,1.852636092E-1,-7.332971974E-2,1.772332142E2
2.947020208E2,2.413897710E-2,6.796166999E-4,1.598926494E-3,9.997071028E-1,1.772336083E2,1.850501912E-1,-7.343271956E-2,1.772334855E2
2.947070208E2,2.413140276E-2,6.858306006E-4,1.598804025E-3,9.997072816E-1,1.772344765E2,1.850527902E-1,-7.414631266E-2,1.772343526E2
2.947120208E2,2.412918362E-2,6.867176271E-4,1.594640780E-3,9.997073412E-1,1.772347309E2,1.845781439E-1,-7.425985139E-2,1.772346071E2
2.947170208E2,2.413187546E-2,6.842637667E-4,1.592327491E-3,9.997072816E-1,1.772344223E2,1.843065506E-1,-7.398464217E-2,1.772342992E2
2.947220208E2,2.413447992E-2,6.834894884E-4,1.590607571E-3,9.997072220E-1,1.772341238E2,1.841075704E-1,-7.390021904E-2,1.772340009E2
2.947270208E2,2.413431827E-2,6.825076998E-4,1.593479305E-3,9.997072220E-1,1.772341423E2,1.844338240E-1,-7.377983462E-2,1.772340194E2
2.947320208E2,2.412422983E-2,6.906581693E-4,1.593154157E-3,9.997074604E-1,1.772352987E2,1.844183655E-1,-7.471629682E-2,1.772351743E2
2.947370208E2,2.412708815E-2,6.874299725E-4,1.588661573E-3,9.997074008E-1,1.772349710E2,1.838949895E-1,-7.435837503E-2,1.772348476E2
2.947420208E2,2.413463594E-2,6.825075834E-4,1.588660642E-3,9.997072220E-1,1.772341059E2,1.838818289E-1,-7.379308990E-2,1.772339833E2
2.947470208E2,2.413190830E-2,6.856293767E-4,1.591241919E-3,9.997072816E-1,1.772344185E2,1.841859684E-1,-7.414407982E-2,1.772342952E2
2.947520208E2,2.411931559E-2,6.940371240E-4,1.591286506E-3,9.997075796E-1,1.772358620E2,1.842133833E-1,-7.510945216E-2,1.772357371E2
2.947570208E2,2.412207135E-2,6.913609104E-4,1.588122570E-3,9.997075200E-1,1.772355461E2,1.838437363E-1,-7.481110856E-2,1.772354219E2
2.947620208E2,2.412705236E-2,6.889736396E-4,1.588536426E-3,9.997074008E-1,1.772349752E2,1.838849187E-1,-7.453556716E-2,1.772348514E2
2.947670208E2,2.412447649E-2,6.904628244E-4,1.589499530E-3,9.997074604E-1,1.772352704E2,1.839991756E-1,-7.470397653E-2,1.772351463E2
2.947720208E2,2.412209717E-2,6.922567263E-4,1.587339910E-3,9.997075200E-1,1.772355431E2,1.837565544E-1,-7.491589029E-2,1.772354189E2
2.947770208E2,2.413467090E-2,6.836426328E-4,1.587641193E-3,9.997072220E-1,1.772341019E2,1.837681846E-1,-7.392593206E-2,1.772339792E2
2.947820208E2,2.412944762E-2,6.866808981E-4,1.590656932E-3,9.997073412E-1,1.772347006E2,1.841216786E-1,-7.426661101E-2,1.772345771E2
2.947870208E2,2.411916142E-2,6.933131954E-4,1.593936584E-3,9.997075796E-1,1.772358796E2,1.845149594E-1,-7.501922391E-2,1.772357547E2
2.947920208E2,2.412188877E-2,6.908814539E-4,1.591101522E-3,9.997075200E-1,1.772355670E2,1.841836612E-1,-7.474798182E-2,1.772354427E2
2.947970208E2,2.412702379E-2,6.878859713E-4,1.589441439E-3,9.997074008E-1,1.772349784E2,1.839855858E-1,-7.440846898E-2,1.772348548E2
2.948020208E2,2.413224533E-2,6.840847200E-4,1.586789265E-3,9.997072816E-1,1.772343799E2,1.836716325E-1,-7.397937857E-2,1.772342572E2
2.948070208E2,2.413230452E-2,6.841707509E-4,1.585851773E-3,9.997072816E-1,1.772343731E2,1.835644771E-1,-7.399181585E-2,1.772342505E2
2.948120208E2,2.413718216E-2,6.813011714E-4,1.588002429E-3,9.997071624E-1,1.772338140E2,1.838032758E-1,-7.365623801E-2,1.772336917E2
2.948170208E2,2.413701134E-2,6.806843448E-4,1.590860775E-3,9.997071624E-1,1.772338336E2,1.841290044E-1,-7.357770072E-2,1.772337112E2
2.948220208E2,2.414430279E-2,6.759088137E-4,1.594615518E-3,9.997069836E-1,1.772329978E2,1.845464639E-1,-7.301889350E-2,1.772328761E2
2.948270208E2,2.414947597E-2,6.737257354E-4,1.591936336E-3,9.997068644E-1,1.772324048E2,1.842338770E-1,-7.277526394E-2,1.772322837E2
2.948320208E2,2.415198108E-2,6.714641931E-4,1.592318295E-3,9.997068048E-1,1.772321177E2,1.842715560E-1,-7.251466735E-2,1.772319970E2
2.948370208E2,2.414941608E-2,6.723121041E-4,1.593441819E-3,9.997068644E-1,1.772324117E2,1.844024258E-1,-7.260916585E-2,1.772322907E2
2.948420208E2,2.414680541E-2,6.750092725E-4,1.594469883E-3,9.997069240E-1,1.772327110E2,1.845274736E-1,-7.291578486E-2,1.772325894E2
2.948470208E2,2.413958720E-2,6.789943436E-4,1.589954947E-3,9.997071028E-1,1.772335383E2,1.840207483E-1,-7.338612887E-2,1.772334164E2
2.948520208E2,2.414230177E-2,6.776531227E-4,1.586784841E-3,9.997070432E-1,1.772332272E2,1.836540745E-1,-7.324075207E-2,1.772331057E2
2.948570208E2,2.414958534E-2,6.721910904E-4,1.590925618E-3,9.997068644E-1,1.772323923E2,1.841138513E-1,-7.260223503E-2,1.772322715E2
2.948620208E2,2.414728613E-2,6.753571797E-4,1.587025006E-3,9.997069240E-1,1.772326559E2,1.836755986E-1,-7.297615315E-2,1.772325348E2
2.948670208E2,2.414256787E-2,6.785563310E-4,1.582343946E-3,9.997070432E-1,1.772331967E2,1.831478513E-1,-7.335645940E-2,1.772330753E2
2.948720208E2,2.414000050E-2,6.788187893E-4,1.583742676E-3,9.997071028E-1,1.772334910E2,1.833086253E-1,-7.338312705E-2,1.772333695E2
2.948770208E2,2.414224503E-2,6.777280360E-4,1.587615814E-3,9.997070432E-1,1.772332337E2,1.837494724E-1,-7.324704542E-2,1.772331121E2
2.948820208E2,2.413979970E-2,6.793016801E-4,1.586593804E-3,9.997071028E-1,1.772335140E2,1.836365671E-1,-7.343059569E-2,1.772333922E2
2.948870208E2,2.413995997E-2,6.801172858E-4,1.583803445E-3,9.997071028E-1,1.772334956E2,1.833191763E-1,-7.353171959E-2,1.772333739E2
2.948920208E2,2.413730763E-2,6.818197435E-4,1.585871330E-3,9.997071624E-1,1.772337996E2,1.835605843E-1,-7.372151628E-2,1.772336774E2
2.948970208E2,2.413192985E-2,6.852555671E-4,1.591076143E-3,9.997072816E-1,1.772344161E2,1.841659452E-1,-7.410171139E-2,1.772342928E2
2.949020208E2,2.412725769E-2,6.882440648E-4,1.585731632E-3,9.997074008E-1,1.772349516E2,1.835616038E-1,-7.445970571E-2,1.772348282E2
2.949070208E2,2.413263599E-2,6.837641122E-4,1.580975601E-3,9.997072816E-1,1.772343351E2,1.830047705E-1,-7.395865642E-2,1.772342129E2
2.949120208E2,2.413988227E-2,6.791386986E-4,1.585406833E-3,9.997071028E-1,1.772335045E2,1.835001448E-1,-7.341519327E-2,1.772333828E2
2.949170208E2,2.413209585E-2,6.848006160E-4,1.588752610E-3,9.997072816E-1,1.772343970E2,1.838985189E-1,-7.405598814E-2,1.772342741E2
2.949220208E2,2.412465155E-2,6.891188677E-4,1.587424427E-3,9.997074604E-1,1.772352503E2,1.837577523E-1,-7.455572006E-2,1.772351266E2
2.949270208E2,2.413226889E-2,6.847887416E-4,1.586127211E-3,9.997072816E-1,1.772343772E2,1.835977375E-1,-7.406185650E-2,1.772342544E2
2.949320208E2,2.412951180E-2,6.857429398E-4,1.590087893E-3,9.997073412E-1,1.772346932E2,1.840539014E-1,-7.416072199E-2,1.772345700E2
2.949370208E2,2.412983164E-2,6.864964380E-4,1.584900660E-3,9.997073412E-1,1.772346566E2,1.834617676E-1,-7.426132615E-2,1.772345336E2
2.949420208E2,2.413030583E-2,6.859424757E-4,1.577905496E-3,9.997073412E-1,1.772346022E2,1.826589161E-1,-7.421712170E-2,1.772344798E2
2.949470208E2,2.413526759E-2,6.836447283E-4,1.578543452E-3,9.997072220E-1,1.772340335E2,1.827260119E-1,-7.395122519E-2,1.772339115E2
2.949520208E2,2.412733642E-2,6.874753162E-4,1.584866899E-3,9.997074008E-1,1.772349426E2,1.834604215E-1,-7.437401581E-2,1.772348194E2
2.949570208E2,2.412737584E-2,6.874277606E-4,1.584287267E-3,9.997074008E-1,1.772349381E2,1.833938912E-1,-7.437016333E-2,1.772348149E2
2.949620208E2,2.412725541E-2,6.883126334E-4,1.585736522E-3,9.997074008E-1,1.772349519E2,1.835623533E-1,-7.446754770E-2,1.772348285E2
2.949670208E2,2.412486223E-2,6.894715480E-4,1.584065962E-3,9.997074604E-1,1.772352262E2,1.833740026E-1,-7.460536863E-2,1.772351027E2
2.949720208E2,2.412444175E-2,6.902606110E-4,1.590114553E-3,9.997074604E-1,1.772352744E2,1.840690699E-1,-7.467911746E-2,1.772351503E2
2.949770208E2,2.412695027E-2,6.887284108E-4,1.590192434E-3,9.997074008E-1,1.772349869E2,1.840739426E-1,-7.450291434E-2,1.772348630E2
2.949820208E2,2.412228057E-2,6.910953671E-4,1.585057238E-3,9.997075200E-1,1.772355221E2,1.834918582E-1,-7.478912356E-2,1.772353982E2
2.949870208E2,2.412447099E-2,6.896670093E-4,1.589928521E-3,9.997074604E-1,1.772352710E2,1.840461194E-1,-7.461162450E-2,1.772351471E2
2.949920208E2,2.412673700E-2,6.887040217E-4,1.593435416E-3,9.997074008E-1,1.772350113E2,1.844453701E-1,-7.449119330E-2,1.772348872E2
2.949970208E2,2.411915442E-2,6.941123866E-4,1.593694789E-3,9.997075796E-1,1.772358805E2,1.844894684E-1,-7.511144734E-2,1.772357553E2
2.950020208E2,2.411909027E-2,6.925942143E-4,1.595325186E-3,9.997075796E-1,1.772358878E2,1.846720428E-1,-7.493303389E-2,1.772357629E2
2.950070208E2,2.411867392E-2,6.938059232E-4,1.601082971E-3,9.997075796E-1,1.772359355E2,1.853349638E-1,-7.505600777E-2,1.772358099E2
2.950120208E2,2.410571313E-2,7.015398587E-4,1.606807113E-3,9.997078776E-1,1.772374212E2,1.860111061E-1,-7.592858311E-2,1.772372937E2
2.950170208E2,2.411342792E-2,6.972045521E-4,1.604186953E-3,9.997076988E-1,1.772365369E2,1.856995497E-1,-7.543774350E-2,1.772364104E2
2.950220208E2,2.412352407E-2,6.899084547E-4,1.604127930E-3,9.997074604E-1,1.772353796E2,1.856733783E-1,-7.460020435E-2,1.772352545E2
2.950270208E2,2.412343061E-2,6.897441926E-4,1.605603378E-3,9.997074604E-1,1.772353903E2,1.858419421E-1,-7.457732534E-2,1.772352651E2
2.950320208E2,2.412613063E-2,6.886438932E-4,1.602616161E-3,9.997074008E-1,1.772350808E2,1.854968903E-1,-7.445903423E-2,1.772349561E2
2.950370208E2,2.413143618E-2,6.857316475E-4,1.598341973E-3,9.997072816E-1,1.772344727E2,1.849995871E-1,-7.413624836E-2,1.772343488E2
2.950420208E2,2.413119210E-2,6.846612087E-4,1.602480537E-3,9.997072816E-1,1.772345006E2,1.854707159E-1,-7.400222151E-2,1.772343767E2
2.950470208E2,2.412876257E-2,6.863170420E-4,1.601170865E-3,9.997073412E-1,1.772347791E2,1.853250810E-1,-7.419598266E-2,1.772346549E2
2.950520208E2,2.412652435E-2,6.878907443E-4,1.597002614E-3,9.997074008E-1,1.772350357E2,1.848517581E-1,-7.438820236E-2,1.772349115E2
2.950570208E2,2.412399686E-2,6.902192836E-4,1.596867689E-3,9.997074604E-1,1.772353254E2,1.848425511E-1,-7.465579570E-2,1.772352008E2
2.950620208E2,2.412128610E-2,6.914756959E-4,1.599955489E-3,9.997075200E-1,1.772356361E2,1.851995555E-1,-7.479169373E-2,1.772355110E2
2.950670208E2,2.411845722E-2,6.942097680E-4,1.604169258E-3,9.997075796E-1,1.772359604E2,1.856896240E-1,-7.509378143E-2,1.772358345E2
2.950720208E2,2.410848412E-2,7.011386915E-4,1.602487173E-3,9.997078180E-1,1.772371035E2,1.855153225E-1,-7.589404553E-2,1.772369764E2
2.950770208E2,2.410121470E-2,7.055033930E-4,1.598361181E-3,9.997079968E-1,1.772379368E2,1.850541593E-1,-7.640680228E-2,1.772378092E2
2.950820208E2,2.410356346E-2,7.043621154E-4,1.600724994E-3,9.997079372E-1,1.772376676E2,1.853219809E-1,-7.626909556E-2,1.772375400E2
2.950870208E2,2.409338061E-2,7.107861456E-4,1.602284028E-3,9.997081757E-1,1.772388348E2,1.855175432E-1,-7.700260378E-2,1.772387059E2
2.950920208E2,2.408309569E-2,7.173625636E-4,1.605215017E-3,9.997084141E-1,1.772400137E2,1.858706724E-1,-7.774980582E-2,1.772398833E2
2.950970208E2,2.409046815E-2,7.128759171E-4,1.607948332E-3,9.997082353E-1,1.772391686E2,1.861719829E-1,-7.722690721E-2,1.772390389E2
2.951020208E2,2.409298190E-2,7.114961045E-4,1.607954153E-3,9.997081757E-1,1.772388805E2,1.861690340E-1,-7.706835422E-2,1.772387510E2
2.951070208E2,2.408554775E-2,7.154801278E-4,1.606385573E-3,9.997083545E-1,1.772397326E2,1.859997641E-1,-7.753047060E-2,1.772396025E2
2.951120208E2,2.408067734E-2,7.188470918E-4,1.603709883E-3,9.997084737E-1,1.772402909E2,1.857021555E-1,-7.792447386E-2,1.772401603E2
2.951170208E2,2.408044041E-2,7.191620534E-4,1.607122715E-3,9.997084737E-1,1.772403180E2,1.860939753E-1,-7.795118143E-2,1.772401872E2
2.951220208E2,2.407280458E-2,7.244508597E-4,1.607910031E-3,9.997086525E-1,1.772411933E2,1.861981652E-1,-7.855630710E-2,1.772410614E2
2.951270208E2,2.407598715E-2,7.230503252E-4,1.597917289E-3,9.997085929E-1,1.772408285E2,1.850497966E-1,-7.842284199E-2,1.772406976E2
2.951320208E2,2.407862597E-2,7.214157959E-4,1.596184098E-3,9.997085333E-1,1.772405260E2,1.848469411E-1,-7.823988725E-2,1.772403956E2
2.951370208E2,2.408332447E-2,7.182216505E-4,1.601393800E-3,9.997084141E-1,1.772399875E2,1.854353084E-1,-7.785872482E-2,1.772398572E2
2.951420208E2,2.408616246E-2,7.159893867E-4,1.596913906E-3,9.997083545E-1,1.772396622E2,1.849161572E-1,-7.761483974E-2,1.772395327E2
2.951470208E2,2.408653252E-2,7.155530038E-4,1.591518754E-3,9.997083545E-1,1.772396197E2,1.842969206E-1,-7.757967202E-2,1.772394908E2
2.951520208E2,2.408858297E-2,7.145109121E-4,1.598379109E-3,9.997082949E-1,1.772393847E2,1.850801150E-1,-7.744097600E-2,1.772392554E2
2.951570208E2,2.408851278E-2,7.134829066E-4,1.599895419E-3,9.997082949E-1,1.772393927E2,1.852509777E-1,-7.731903682E-2,1.772392635E2
2.951620208E2,2.408097380E-2,7.194257341E-4,1.598991919E-3,9.997084737E-1,1.772402569E2,1.851632924E-1,-7.800372676E-2,1.772401266E2
2.951670208E2,2.407892126E-2,7.209876785E-4,1.591917360E-3,9.997085333E-1,1.772404922E2,1.843569914E-1,-7.820256183E-2,1.772403621E2
2.951720208E2,2.408142882E-2,7.181752590E-4,1.592688845E-3,9.997084737E-1,1.772402047E2,1.844378056E-1,-7.787778465E-2,1.772400752E2
2.951770208E2,2.408113442E-2,7.193479105E-4,1.596606104E-3,9.997084737E-1,1.772402385E2,1.848897746E-1,-7.800136564E-2,1.772401084E2
2.951820208E2,2.408138847E-2,7.185695576E-4,1.593121095E-3,9.997084737E-1,1.772402094E2,1.844884087E-1,-7.792176938E-2,1.772400797E2
2.951870208E2,2.408151243E-2,7.197447703E-4,1.590714906E-3,9.997084737E-1,1.772401952E2,1.842160124E-1,-7.806301705E-2,1.772400655E2
2.951920208E2,2.407137058E-2,7.255892269E-4,1.591724926E-3,9.997087121E-1,1.772413577E2,1.843470503E-1,-7.873163032E-2,1.772412268E2
2.951970208E2,2.407083599E-2,7.267421461E-4,1.599265495E-3,9.997087121E-1,1.772414189E2,1.852140257E-1,-7.884300499E-2,1.772412873E2
2.952020208E2,2.406860048E-2,7.270473288E-4,1.595508656E-3,9.997087717E-1,1.772416752E2,1.847843131E-1,-7.888874244E-2,1.772415437E2
2.952070208E2,2.407350556E-2,7.249866030E-4,1.597137540E-3,9.997086525E-1,1.772411129E2,1.849656171E-1,-7.864726902E-2,1.772409818E2
2.952120208E2,2.407306041E-2,7.247999893E-4,1.603917452E-3,9.997086525E-1,1.772411640E2,1.857417643E-1,-7.860726946E-2,1.772410323E2
2.952170208E2,2.406790436E-2,7.279952988E-4,1.605545869E-3,9.997087717E-1,1.772417550E2,1.859367219E-1,-7.896978509E-2,1.772416226E2
2.952220208E2,2.406530284E-2,7.288872148E-4,1.607023063E-3,9.997088313E-1,1.772420532E2,1.861082017E-1,-7.906837145E-2,1.772419205E2
2.952270208E2,2.407047135E-2,7.257367834E-4,1.605199184E-3,9.997087121E-1,1.772414607E2,1.858909785E-1,-7.871153243E-2,1.772413288E2
2.952320208E2,2.408032821E-2,7.190034958E-4,1.608873834E-3,9.997084737E-1,1.772403309E2,1.862941346E-1,-7.792820595E-2,1.772401999E2
2.952370208E2,2.408282458E-2,7.181168185E-4,1.608940889E-3,9.997084141E-1,1.772400448E2,1.862995637E-1,-7.782597955E-2,1.772399139E2
2.952420208E2,2.408078531E-2,7.188040763E-4,1.602107077E-3,9.997084737E-1,1.772402785E2,1.855184300E-1,-7.792394911E-2,1.772401481E2
2.952470208E2,2.408827168E-2,7.146082353E-4,1.603020122E-3,9.997082949E-1,1.772394204E2,1.856120272E-1,-7.743937153E-2,1.772392907E2
2.952520208E2,2.408332696E-2,7.181082619E-4,1.601407188E-3,9.997084141E-1,1.772399872E2,1.854365293E-1,-7.784569782E-2,1.772398569E2
2.952570208E2,2.407575482E-2,7.228798349E-4,1.601490891E-3,9.997085929E-1,1.772408551E2,1.854586946E-1,-7.839349432E-2,1.772407240E2
2.952620208E2,2.407592876E-2,7.230383926E-4,1.598802162E-3,9.997085929E-1,1.772408352E2,1.851511289E-1,-7.841904443E-2,1.772407042E2
2.952670208E2,2.408330723E-2,7.177282823E-4,1.601874246E-3,9.997084141E-1,1.772399894E2,1.854889845E-1,-7.780088268E-2,1.772398592E2
2.952720208E2,2.408265734E-2,7.175695500E-4,1.611685962E-3,9.997084141E-1,1.772400639E2,1.866125118E-1,-7.775574077E-2,1.772399330E2
2.952770208E2,2.408302159E-2,7.168640150E-4,1.606548904E-3,9.997084141E-1,1.772400222E2,1.860220987E-1,-7.768902545E-2,1.772398918E2
2.952820208E2,2.408049051E-2,7.191386539E-4,1.606382313E-3,9.997084737E-1,1.772403123E2,1.860090953E-1,-7.795053468E-2,1.772401815E2
2.952870208E2,2.408026316E-2,7.191944751E-4,1.609761850E-3,9.997084737E-1,1.772403384E2,1.863963865E-1,-7.794764582E-2,1.772402073E2
2.952920208E2,2.408291654E-2,7.171579055E-4,1.607991755E-3,9.997084141E-1,1.772400342E2,1.861881927E-1,-7.771873052E-2,1.772399037E2
2.952970208E2,2.408568195E-2,7.154840278E-4,1.604370307E-3,9.997083545E-1,1.772397172E2,1.857689193E-1,-7.753645484E-2,1.772395873E2
2.953020208E2,2.410055510E-2,7.053794106E-4,1.608330640E-3,9.997079968E-1,1.772380124E2,1.861958526E-1,-7.636518702E-2,1.772378841E2
2.953070208E2,2.410545050E-2,7.026122184E-4,1.610274776E-3,9.997078776E-1,1.772374513E2,1.864112990E-1,-7.604190039E-2,1.772373233E2
2.953120208E2,2.409832092E-2,7.076263428E-4,1.603765297E-3,9.997080564E-1,1.772382685E2,1.856788888E-1,-7.663561516E-2,1.772381401E2
2.953170208E2,2.409586431E-2,7.093843305E-4,1.602745033E-3,9.997081161E-1,1.772385501E2,1.855666753E-1,-7.684028054E-2,1.772384214E2
2.953220208E2,2.409804630E-2,7.077712798E-4,1.607822604E-3,9.997080564E-1,1.772383000E2,1.861440670E-1,-7.664106537E-2,1.772381712E2
2.953270208E2,2.409787996E-2,7.067102706E-4,1.610779669E-3,9.997080564E-1,1.772383190E2,1.864798810E-1,-7.651138301E-2,1.772381902E2
2.953320208E2,2.409772027E-2,7.074666210E-4,1.612835331E-3,9.997080564E-1,1.772383373E2,1.867174511E-1,-7.659238213E-2,1.772382083E2
2.953370208E2,2.409783354E-2,7.070804713E-4,1.611311571E-3,9.997080564E-1,1.772383244E2,1.865418337E-1,-7.655233231E-2,1.772381955E2
2.953420208E2,2.411029514E-2,6.994375144E-4,1.613132656E-3,9.997077584E-1,1.772368959E2,1.867302894E-1,-7.566941269E-2,1.772367684E2
2.953470208E2,2.410527651E-2,7.029203116E-4,1.612743014E-3,9.997078776E-1,1.772374712E2,1.866948945E-1,-7.607040916E-2,1.772373430E2
2.953520208E2,2.409800789E-2,7.066376274E-4,1.608896535E-3,9.997080564E-1,1.772383044E2,1.862639611E-1,-7.650823768E-2,1.772381757E2
2.953570208E2,2.410301871E-2,7.043015794E-4,1.608933322E-3,9.997079372E-1,1.772377300E2,1.862621058E-1,-7.623958915E-2,1.772376018E2
2.953620208E2,2.410803089E-2,6.997456076E-4,1.609897474E-3,9.997078180E-1,1.772371555E2,1.863603518E-1,-7.571406805E-2,1.772370281E2
2.953670208E2,2.410573002E-2,7.021232159E-4,1.606298843E-3,9.997078776E-1,1.772374192E2,1.859544925E-1,-7.599681234E-2,1.772372917E2
2.953720208E2,2.410842276E-2,7.001845515E-4,1.603826880E-3,9.997078180E-1,1.772371106E2,1.856661564E-1,-7.578105115E-2,1.772369836E2
2.953770208E2,2.412112710E-2,6.917481078E-4,1.602233271E-3,9.997075200E-1,1.772356543E2,1.854612358E-1,-7.481663391E-2,1.772355290E2
2.953820208E2,2.411882772E-2,6.930545787E-4,1.599090290E-3,9.997075796E-1,1.772359179E2,1.851046201E-1,-7.497541432E-2,1.772357926E2
2.953870208E2,2.410627139E-2,7.015092997E-4,1.598423347E-3,9.997078776E-1,1.772373572E2,1.850506327E-1,-7.594813866E-2,1.772372303E2
2.953920208E2,2.410893482E-2,6.996817538E-4,1.596331596E-3,9.997078180E-1,1.772370519E2,1.848061577E-1,-7.574406454E-2,1.772369255E2
2.953970208E2,2.411615834E-2,6.953241536E-4,1.601100084E-3,9.997076392E-1,1.772362239E2,1.853409316E-1,-7.523035242E-2,1.772360980E2
2.954020208E2,2.411092175E-2,6.982046179E-4,1.604276826E-3,9.997077584E-1,1.772368241E2,1.857124197E-1,-7.555252636E-2,1.772366974E2
2.954070208E2,2.411843293E-2,6.929452065E-4,1.605080906E-3,9.997075796E-1,1.772359632E2,1.857905638E-1,-7.494640049E-2,1.772358374E2
2.954120208E2,2.412382915E-2,6.897991407E-4,1.599580632E-3,9.997074604E-1,1.772353446E2,1.851521674E-1,-7.460019597E-2,1.772352199E2
2.954170208E2,2.413119573E-2,6.843744195E-4,1.602548407E-3,9.997072816E-1,1.772345002E2,1.854776982E-1,-7.396917915E-2,1.772343763E2
2.954220208E2,2.413072173E-2,6.857771659E-4,1.609072788E-3,9.997072816E-1,1.772345545E2,1.862289651E-1,-7.411192109E-2,1.772344299E2
2.954270208E2,2.413058664E-2,6.853069644E-4,1.611297484E-3,9.997072816E-1,1.772345700E2,1.864825124E-1,-7.405192895E-2,1.772344453E2
2.954320208E2,2.414294039E-2,6.773839123E-4,1.614493434E-3,9.997069836E-1,1.772331540E2,1.868276276E-1,-7.313313307E-2,1.772330305E2
2.954370208E2,2.414518825E-2,6.752143381E-4,1.618688693E-3,9.997069240E-1,1.772328963E2,1.873023904E-1,-7.287256275E-2,1.772327730E2
2.954420208E2,2.414277494E-2,6.774422363E-4,1.616941299E-3,9.997069836E-1,1.772331730E2,1.871082003E-1,-7.313307301E-2,1.772330493E2
2.954470208E2,2.414286111E-2,6.766341394E-4,1.615992747E-3,9.997069836E-1,1.772331631E2,1.869973061E-1,-7.304310725E-2,1.772330396E2
2.954520208E2,2.414053611E-2,6.779515534E-4,1.613298664E-3,9.997070432E-1,1.772334296E2,1.866921513E-1,-7.320191548E-2,1.772333061E2
2.954570208E2,2.413774365E-2,6.810515770E-4,1.616836525E-3,9.997071028E-1,1.772337497E2,1.871058143E-1,-7.354778347E-2,1.772336253E2
2.954620208E2,2.412782232E-2,6.869978388E-4,1.614988083E-3,9.997073412E-1,1.772348869E2,1.869097724E-1,-7.423594348E-2,1.772347615E2
2.954670208E2,2.413546890E-2,6.822876167E-4,1.613415778E-3,9.997071624E-1,1.772340104E2,1.867171905E-1,-7.369926877E-2,1.772338861E2
2.954720208E2,2.413537879E-2,6.824813900E-4,1.614681212E-3,9.997071624E-1,1.772340207E2,1.868626860E-1,-7.371798390E-2,1.772338963E2
2.954770208E2,2.413036181E-2,6.846126053E-4,1.614955603E-3,9.997072816E-1,1.772345958E2,1.868996438E-1,-7.396231079E-2,1.772344709E2
2.954820208E2,2.413063678E-2,6.851538201E-4,1.610611682E-3,9.997072816E-1,1.772345643E2,1.864035281E-1,-7.403627213E-2,1.772344396E2
2.954870208E2,2.413301752E-2,6.842287257E-4,1.612329856E-3,9.997072220E-1,1.772342914E2,1.865979771E-1,-7.392509948E-2,1.772341668E2
2.954920208E2,2.413045721E-2,6.859051646E-4,1.612980384E-3,9.997072816E-1,1.772345849E2,1.866769475E-1,-7.411582806E-2,1.772344599E2
2.954970208E2,2.412772353E-2,6.867632037E-4,1.616563066E-3,9.997073412E-1,1.772348982E2,1.870895438E-1,-7.420472784E-2,1.772347728E2
2.955020208E2,2.412312112E-2,6.905881455E-4,1.609884785E-3,9.997074604E-1,1.772354258E2,1.863347235E-1,-7.466222882E-2,1.772353001E2
2.955070208E2,2.412788652E-2,6.863388699E-4,1.614309032E-3,9.997073412E-1,1.772348795E2,1.868301640E-1,-7.416231884E-2,1.772347544E2
2.955120208E2,2.413269455E-2,6.836040993E-4,1.617420930E-3,9.997072220E-1,1.772343284E2,1.871794510E-1,-7.383952425E-2,1.772342035E2
2.955170208E2,2.412781057E-2,6.874945248E-4,1.614952227E-3,9.997073412E-1,1.772348882E2,1.869070374E-1,-7.429294420E-2,1.772347628E2
2.955220208E2,2.412507413E-2,6.895706756E-4,1.618047711E-3,9.997074008E-1,1.772352019E2,1.872671881E-1,-7.452273769E-2,1.772350758E2
2.955270208E2,2.413006701E-2,6.854232051E-4,1.619011397E-3,9.997072816E-1,1.772346296E2,1.873664889E-1,-7.404401144E-2,1.772345043E2
2.955320208E2,2.412504252E-2,6.889300421E-4,1.618791837E-3,9.997074008E-1,1.772352055E2,1.873506604E-1,-7.444729662E-2,1.772350795E2
2.955370208E2,2.412265777E-2,6.900299923E-4,1.617051195E-3,9.997074604E-1,1.772354789E2,1.871541186E-1,-7.457856351E-2,1.772353528E2
2.955420208E2,2.412801448E-2,6.866335752E-4,1.612269902E-3,9.997073412E-1,1.772348649E2,1.865973889E-1,-7.420169399E-2,1.772347398E2
2.955470208E2,2.414529753E-2,6.751757464E-4,1.617073896E-3,9.997069240E-1,1.772328838E2,1.871173031E-1,-7.287258939E-2,1.772327606E2
2.955520208E2,2.414039771E-2,6.788430619E-4,1.614993787E-3,9.997070432E-1,1.772334454E2,1.868887982E-1,-7.329938138E-2,1.772333216E2
2.955570208E2,2.413045302E-2,6.853917730E-4,1.613261295E-3,9.997072816E-1,1.772345853E2,1.867077080E-1,-7.405623891E-2,1.772344604E2
2.955620208E2,2.413267172E-2,6.830956554E-4,1.617976348E-3,9.997072220E-1,1.772343310E2,1.872416708E-1,-7.377974616E-2,1.772342062E2
2.955670208E2,2.413777898E-2,6.798123941E-4,1.616830588E-3,9.997071028E-1,1.772337456E2,1.871017087E-1,-7.340583492E-2,1.772336215E2
2.955720208E2,2.413289204E-2,6.837571855E-4,1.614406705E-3,9.997072220E-1,1.772343058E2,1.868345841E-1,-7.386536053E-2,1.772341811E2
2.955770208E2,2.413569344E-2,6.822682335E-4,1.610061503E-3,9.997071624E-1,1.772339847E2,1.863328931E-1,-7.370628384E-2,1.772338606E2
2.955820208E2,2.414054748E-2,6.782948039E-4,1.612984226E-3,9.997070432E-1,1.772334283E2,1.866570803E-1,-7.324210534E-2,1.772333047E2
2.955870208E2,2.414017202E-2,6.792261265E-4,1.618203009E-3,9.997070432E-1,1.772334713E2,1.872574847E-1,-7.333442874E-2,1.772333472E2
2.955920208E2,2.413736610E-2,6.800013361E-4,1.622903626E-3,9.997071028E-1,1.772337929E2,1.877979185E-1,-7.341075860E-2,1.772336683E2
2.955970208E2,2.414761290E-2,6.739221280E-4,1.619869727E-3,9.997068644E-1,1.772326184E2,1.874342883E-1,-7.272080726E-2,1.772324952E2
2.956020208E2,2.414750739E-2,6.734390627E-4,1.621642383E-3,9.997068644E-1,1.772326305E2,1.876360163E-1,-7.266058269E-2,1.772325072E2
2.956070208E2,2.414256858E-2,6.767831510E-4,1.620294992E-3,9.997069836E-1,1.772331966E2,1.874905552E-1,-7.304832958E-2,1.772330728E2
2.956120208E2,2.413735952E-2,6.804428413E-4,1.622816431E-3,9.997071028E-1,1.772337937E2,1.877891504E-1,-7.346157898E-2,1.772336690E2
2.956170208E2,2.413738011E-2,6.797137903E-4,1.622815616E-3,9.997071028E-1,1.772337913E2,1.877870418E-1,-7.337805872E-2,1.772336668E2
2.956220208E2,2.414257465E-2,6.777872914E-4,1.619784744E-3,9.997069836E-1,1.772331959E2,1.874348808E-1,-7.316477246E-2,1.772330720E2
2.956270208E2,2.413991244E-2,6.788909086E-4,1.622211188E-3,9.997070432E-1,1.772335011E2,1.877157088E-1,-7.328498740E-2,1.772333767E2
2.956320208E2,2.412971586E-2,6.862945738E-4,1.623868593E-3,9.997072816E-1,1.772346698E2,1.879253053E-1,-7.413046848E-2,1.772345440E2
2.956370208E2,2.412998608E-2,6.858912529E-4,1.620019088E-3,9.997072816E-1,1.772346389E2,1.874832168E-1,-7.409485877E-2,1.772345134E2
2.956420208E2,2.413476033E-2,6.816526875E-4,1.624247292E-3,9.997071624E-1,1.772340916E2,1.879562230E-1,-7.359670741E-2,1.772339666E2
2.956470208E2,2.412441081E-2,6.884288159E-4,1.628390979E-3,9.997074008E-1,1.772352779E2,1.884488902E-1,-7.436345787E-2,1.772351513E2
2.956520208E2,2.411442771E-2,6.956236903E-4,1.626829500E-3,9.997076392E-1,1.772364222E2,1.882891514E-1,-7.519388590E-2,1.772362944E2
2.956570208E2,2.411426747E-2,6.958945887E-4,1.629087375E-3,9.997076392E-1,1.772364406E2,1.885485467E-1,-7.521871023E-2,1.772363125E2
2.956620208E2,2.411654162E-2,6.949910894E-4,1.632382511E-3,9.997075796E-1,1.772361799E2,1.889237063E-1,-7.510567144E-2,1.772360518E2
2.956670208E2,2.411665554E-2,6.941358442E-4,1.631062827E-3,9.997075796E-1,1.772361669E2,1.887701700E-1,-7.501132186E-2,1.772360390E2
2.956720208E2,2.412206563E-2,6.913100369E-4,1.625316567E-3,9.997074604E-1,1.772355468E2,1.881044812E-1,-7.470246573E-2,1.772354198E2
2.956770208E2,2.412921170E-2,6.851208746E-4,1.631836058E-3,9.997072816E-1,1.772347276E2,1.888347623E-1,-7.397407543E-2,1.772346014E2
2.956820208E2,2.412918115E-2,6.849376368E-4,1.632364700E-3,9.997072816E-1,1.772347311E2,1.888948137E-1,-7.395162808E-2,1.772346049E2
2.956870208E2,2.412184680E-2,6.900508888E-4,1.629094942E-3,9.997074604E-1,1.772355718E2,1.885338287E-1,-7.454781678E-2,1.772354449E2
2.956920208E2,2.412699053E-2,6.871584337E-4,1.627299469E-3,9.997073412E-1,1.772349822E2,1.883205277E-1,-7.422045694E-2,1.772348559E2
2.956970208E2,2.413444942E-2,6.816840032E-4,1.628847327E-3,9.997071624E-1,1.772341273E2,1.884832594E-1,-7.358763086E-2,1.772340019E2
2.957020208E2,2.413433033E-2,6.830447237E-4,1.630041399E-3,9.997071624E-1,1.772341409E2,1.886238053E-1,-7.374023232E-2,1.772340152E2
2.957070208E2,2.412692034E-2,6.868215278E-4,1.628482016E-3,9.997073412E-1,1.772349903E2,1.884550616E-1,-7.417860528E-2,1.772348640E2
2.957120208E2,2.412175232E-2,6.901897723E-4,1.630434534E-3,9.997074604E-1,1.772355827E2,1.886876671E-1,-7.456004182E-2,1.772354556E2
2.957170208E2,2.412144456E-2,6.914719706E-4,1.634439453E-3,9.997074604E-1,1.772356179E2,1.891499861E-1,-7.469591551E-2,1.772354903E2
2.957220208E2,2.411388160E-2,6.965475623E-4,1.634510932E-3,9.997076392E-1,1.772364848E2,1.891716366E-1,-7.527859906E-2,1.772363562E2
2.957270208E2,2.411636276E-2,6.947184447E-4,1.635138644E-3,9.997075796E-1,1.772362004E2,1.892386776E-1,-7.506685456E-2,1.772360721E2
2.957320208E2,2.411637883E-2,6.948763621E-4,1.634834451E-3,9.997075796E-1,1.772361986E2,1.892042673E-1,-7.508578292E-2,1.772360703E2
2.957370208E2,2.410610856E-2,7.005606312E-4,1.638081740E-3,9.997078180E-1,1.772373758E2,1.895912046E-1,-7.572993525E-2,1.772372462E2
2.957420208E2,2.410635563E-2,7.012962014E-4,1.634126296E-3,9.997078180E-1,1.772373475E2,1.891401260E-1,-7.582508092E-2,1.772372180E2
2.957470208E2,2.410902833E-2,6.986019434E-4,1.632314292E-3,9.997077584E-1,1.772370412E2,1.889253038E-1,-7.552093240E-2,1.772369123E2
2.957520208E2,2.412367928E-2,6.897822605E-4,1.638623304E-3,9.997074008E-1,1.772353618E2,1.896247768E-1,-7.449035648E-2,1.772352342E2
2.957570208E2,2.411346899E-2,6.965586799E-4,1.640582108E-3,9.997076392E-1,1.772365321E2,1.898671408E-1,-7.526317408E-2,1.772364030E2
2.957620208E2,2.410611283E-2,7.004263462E-4,1.638076385E-3,9.997078180E-1,1.772373753E2,1.895902205E-1,-7.571456579E-2,1.772372457E2
2.957670208E2,2.411343407E-2,6.956735742E-4,1.641470706E-3,9.997076392E-1,1.772365361E2,1.899664886E-1,-7.515932919E-2,1.772364072E2
2.957720208E2,2.411559217E-2,6.939469022E-4,1.646789839E-3,9.997075796E-1,1.772362888E2,1.905712302E-1,-7.494641502E-2,1.772361597E2
2.957770208E2,2.411531496E-2,6.955008721E-4,1.650190214E-3,9.997075796E-1,1.772363205E2,1.909650460E-1,-7.511509060E-2,1.772361909E2
2.957820208E2,2.411055837E-2,6.973392447E-4,1.646696357E-3,9.997076988E-1,1.772368658E2,1.905695176E-1,-7.533625322E-2,1.772367361E2
2.957870208E2,2.411775712E-2,6.934372359E-4,1.651476719E-3,9.997075200E-1,1.772360406E2,1.911069056E-1,-7.487466221E-2,1.772359113E2
2.957920208E2,2.412240479E-2,6.898889551E-4,1.657235203E-3,9.997074008E-1,1.772355079E2,1.917571270E-1,-7.445137103E-2,1.772353788E2
2.957970208E2,2.411472433E-2,6.942553446E-4,1.659320551E-3,9.997075796E-1,1.772363882E2,1.920075167E-1,-7.494728668E-2,1.772362582E2
2.958020208E2,2.412029160E-2,6.915812264E-4,1.651321305E-3,9.997074604E-1,1.772357501E2,1.910841607E-1,-7.466198642E-2,1.772356212E2
2.958070208E2,2.412779672E-2,6.859885762E-4,1.652265666E-3,9.997072816E-1,1.772348898E2,1.911774407E-1,-7.401725760E-2,1.772347619E2
2.958120208E2,2.412531534E-2,6.877608830E-4,1.651698258E-3,9.997073412E-1,1.772351743E2,1.911171559E-1,-7.422233287E-2,1.772350460E2
2.958170208E2,2.411808652E-2,6.921894965E-4,1.647184137E-3,9.997075200E-1,1.772360029E2,1.906117298E-1,-7.474352471E-2,1.772358741E2
2.958220208E2,2.412285596E-2,6.887789350E-4,1.651118393E-3,9.997074008E-1,1.772354562E2,1.910533595E-1,-7.434103209E-2,1.772353278E2
2.958270208E2,2.412750573E-2,6.864443421E-4,1.656320761E-3,9.997072816E-1,1.772349232E2,1.916432248E-1,-7.405831282E-2,1.772347949E2
2.958320208E2,2.412496911E-2,6.877427804E-4,1.656755223E-3,9.997073412E-1,1.772352139E2,1.916963982E-1,-7.420634452E-2,1.772350854E2
2.958370208E2,2.412779538E-2,6.869291537E-4,1.651894418E-3,9.997072816E-1,1.772348900E2,1.911375119E-1,-7.412603509E-2,1.772347619E2
2.958420208E2,2.413074822E-2,6.848756457E-4,1.645675278E-3,9.997072220E-1,1.772345515E2,1.904195970E-1,-7.390742251E-2,1.772344243E2
2.958470208E2,2.413305021E-2,6.827637553E-4,1.649001846E-3,9.997071624E-1,1.772342876E2,1.907950124E-1,-7.365585014E-2,1.772341606E2
2.958520208E2,2.412298561E-2,6.891465746E-4,1.649069483E-3,9.997074008E-1,1.772354413E2,1.908196657E-1,-7.438878745E-2,1.772353130E2
2.958570208E2,2.412061946E-2,6.916123675E-4,1.646512304E-3,9.997074604E-1,1.772357125E2,1.905333596E-1,-7.467878402E-2,1.772355839E2
2.958620208E2,2.412052566E-2,6.909803487E-4,1.648150967E-3,9.997074604E-1,1.772357233E2,1.907193280E-1,-7.460186955E-2,1.772355947E2
2.958670208E2,2.411516705E-2,6.944682100E-4,1.652784529E-3,9.997075796E-1,1.772363375E2,1.912593816E-1,-7.498964959E-2,1.772362079E2
2.958720208E2,2.410511311E-2,7.008553948E-4,1.652540755E-3,9.997078180E-1,1.772374899E2,1.912483466E-1,-7.572395035E-2,1.772373591E2
2.958770208E2,2.410548011E-2,7.008576649E-4,1.647177618E-3,9.997078180E-1,1.772374479E2,1.906339877E-1,-7.573895543E-2,1.772373174E2
2.958820208E2,2.410273710E-2,7.037640898E-4,1.649900922E-3,9.997078776E-1,1.772377623E2,1.909537860E-1,-7.606491104E-2,1.772376311E2
2.958870208E2,2.410221062E-2,7.029832923E-4,1.657905406E-3,9.997078776E-1,1.772378226E2,1.918685709E-1,-7.595345614E-2,1.772376910E2
2.958920208E2,2.410512370E-2,7.021662896E-4,1.651829574E-3,9.997078180E-1,1.772374887E2,1.911704970E-1,-7.587608651E-2,1.772373577E2
2.958970208E2,2.410025919E-2,7.046987885E-4,1.649583224E-3,9.997079372E-1,1.772380463E2,1.909197843E-1,-7.617333910E-2,1.772379150E2
2.959020208E2,2.409980707E-2,7.043465739E-4,1.656325185E-3,9.997079372E-1,1.772380981E2,1.916911259E-1,-7.611445665E-2,1.772379663E2
2.959070208E2,2.409477993E-2,7.082013180E-4,1.655868371E-3,9.997080564E-1,1.772386744E2,1.916490560E-1,-7.655827430E-2,1.772385419E2
2.959120208E2,2.410003238E-2,7.053681184E-4,1.652608044E-3,9.997079372E-1,1.772380723E2,1.912681345E-1,-7.624170566E-2,1.772379406E2
2.959170208E2,2.410761631E-2,6.989865797E-4,1.652874867E-3,9.997077584E-1,1.772372030E2,1.912816481E-1,-7.550846049E-2,1.772370725E2
2.959220208E2,2.411995774E-2,6.916716811E-4,1.656152890E-3,9.997074604E-1,1.772357884E2,1.916378847E-1,-7.465905767E-2,1.772356591E2
2.959270208E2,2.411759873E-2,6.927828654E-4,1.654062537E-3,9.997075200E-1,1.772360588E2,1.914013122E-1,-7.479258236E-2,1.772359294E2
2.959320208E2,2.412036896E-2,6.916352431E-4,1.650168328E-3,9.997074604E-1,1.772357412E2,1.909522325E-1,-7.467134665E-2,1.772356124E2
2.959370208E2,2.412566733E-2,6.879924913E-4,1.646452118E-3,9.997073412E-1,1.772351339E2,1.905168329E-1,-7.426330234E-2,1.772350060E2
2.959420208E2,2.413047116E-2,6.845886819E-4,1.649851911E-3,9.997072220E-1,1.772345833E2,1.908972513E-1,-7.386305171E-2,1.772344558E2
2.959470208E2,2.413061182E-2,6.842673756E-4,1.647926751E-3,9.997072220E-1,1.772345671E2,1.906758298E-1,-7.383154027E-2,1.772344399E2
2.959520208E2,2.413064108E-2,6.847103941E-4,1.647314173E-3,9.997072220E-1,1.772345638E2,1.906068813E-1,-7.388397998E-2,1.772344365E2
2.959570208E2,2.413815780E-2,6.796530797E-4,1.647799741E-3,9.997070432E-1,1.772337022E2,1.906490721E-1,-7.330184769E-2,1.772335758E2
2.959620208E2,2.413072577E-2,6.837975816E-4,1.646452583E-3,9.997072220E-1,1.772345541E2,1.905056607E-1,-7.378177638E-2,1.772344270E2
2.959670208E2,2.412112552E-2,6.910381489E-4,1.639324124E-3,9.997074604E-1,1.772356545E2,1.897083432E-1,-7.463277584E-2,1.772355266E2
2.959720208E2,2.411873489E-2,6.930806558E-4,1.637286041E-3,9.997075200E-1,1.772359285E2,1.894803310E-1,-7.487284829E-2,1.772358004E2
2.959770208E2,2.412370358E-2,6.898687570E-4,1.638229121E-3,9.997074008E-1,1.772353590E2,1.895798609E-1,-7.450135047E-2,1.772352314E2
2.959820208E2,2.411867669E-2,6.924176123E-4,1.638423535E-3,9.997075200E-1,1.772359352E2,1.896088034E-1,-7.479375838E-2,1.772358071E2
2.959870208E2,2.411127974E-2,6.980159669E-4,1.635811408E-3,9.997076988E-1,1.772367831E2,1.893244789E-1,-7.544371574E-2,1.772366541E2
2.959920208E2,2.410870048E-2,6.996316952E-4,1.636709552E-3,9.997077584E-1,1.772370787E2,1.894316386E-1,-7.562681760E-2,1.772369493E2
2.959970208E2,2.411329261E-2,6.960424362E-4,1.643391210E-3,9.997076392E-1,1.772365524E2,1.901875072E-1,-7.519630524E-2,1.772364232E2
2.960020208E2,2.411559789E-2,6.953547709E-4,1.646112069E-3,9.997075796E-1,1.772362881E2,1.904974774E-1,-7.510956975E-2,1.772361588E2
2.960070208E2,2.410834599E-2,6.999674952E-4,1.641779672E-3,9.997077584E-1,1.772371194E2,1.900133648E-1,-7.565134593E-2,1.772369895E2
2.960120208E2,2.411592745E-2,6.948092487E-4,1.641507843E-3,9.997075796E-1,1.772362503E2,1.899685414E-1,-7.505973728E-2,1.772361215E2
2.960170208E2,2.411340965E-2,6.956204888E-4,1.641851850E-3,9.997076392E-1,1.772365389E2,1.900100033E-1,-7.515219925E-2,1.772364099E2
2.960220208E2,2.410869574E-2,6.989838439E-4,1.637056121E-3,9.997077584E-1,1.772370793E2,1.894695505E-1,-7.555164438E-2,1.772369500E2
2.960270208E2,2.410879749E-2,6.998757599E-4,1.635175548E-3,9.997077584E-1,1.772370676E2,1.892565870E-1,-7.565899696E-2,1.772369383E2
2.960320208E2,2.411118269E-2,6.970234681E-4,1.637664041E-3,9.997076988E-1,1.772367942E2,1.895339638E-1,-7.532491638E-2,1.772366652E2
2.960370208E2,2.411097942E-2,6.971961120E-4,1.640580711E-3,9.997076988E-1,1.772368175E2,1.898685548E-1,-7.533667378E-2,1.772366883E2
2.960420208E2,2.411350349E-2,6.958068116E-4,1.640394097E-3,9.997076392E-1,1.772365282E2,1.898435273E-1,-7.517755445E-2,1.772363993E2
2.960470208E2,2.411625335E-2,6.941548199E-4,1.636990695E-3,9.997075796E-1,1.772362130E2,1.894492797E-1,-7.499718907E-2,1.772360846E2
2.960520208E2,2.412143625E-2,6.916202838E-4,1.634499407E-3,9.997074604E-1,1.772356189E2,1.891572637E-1,-7.471274182E-2,1.772354912E2
2.960570208E2,2.412129436E-2,6.913894322E-4,1.636689529E-3,9.997074604E-1,1.772356352E2,1.894075119E-1,-7.468026875E-2,1.772355074E2
2.960620208E2,2.412104106E-2,6.913431571E-4,1.640437869E-3,9.997074604E-1,1.772356642E2,1.898367691E-1,-7.466465440E-2,1.772355361E2
2.960670208E2,2.411599139E-2,6.943250191E-4,1.640773262E-3,9.997075796E-1,1.772362430E2,1.898830554E-1,-7.500628282E-2,1.772361143E2
2.960720208E2,2.411592339E-2,6.946626236E-4,1.641629613E-3,9.997075796E-1,1.772362508E2,1.899820857E-1,-7.504260443E-2,1.772361220E2
2.960770208E2,2.411609098E-2,6.950238603E-4,1.639012597E-3,9.997075796E-1,1.772362316E2,1.896832953E-1,-7.509118765E-2,1.772361029E2
2.960820208E2,2.411623837E-2,6.944532506E-4,1.637084759E-3,9.997075796E-1,1.772362147E2,1.894608792E-1,-7.503111960E-2,1.772360863E2
2.960870208E2,2.411869920E-2,6.930578966E-4,1.637821435E-3,9.997075200E-1,1.772359326E2,1.895415993E-1,-7.486876802E-2,1.772358044E2
2.960920208E2,2.412365237E-2,6.888630451E-4,1.639405964E-3,9.997074008E-1,1.772353649E2,1.897118937E-1,-7.438289438E-2,1.772352374E2
2.960970208E2,2.412129464E-2,6.907156203E-4,1.636969857E-3,9.997074604E-1,1.772356351E2,1.894377631E-1,-7.460230321E-2,1.772355074E2
2.961020208E2,2.412152332E-2,6.905283662E-4,1.633675885E-3,9.997074604E-1,1.772356089E2,1.890599102E-1,-7.458991379E-2,1.772354815E2
2.961070208E2,2.412927908E-2,6.850878126E-4,1.630853396E-3,9.997072816E-1,1.772347199E2,1.887221037E-1,-7.397299239E-2,1.772345938E2
2.961120208E2,2.413163604E-2,6.835344248E-4,1.633166918E-3,9.997072220E-1,1.772344497E2,1.889830154E-1,-7.378819653E-2,1.772343237E2
2.961170208E2,2.412431366E-2,6.883851602E-4,1.629847917E-3,9.997074008E-1,1.772352891E2,1.886156668E-1,-7.435444725E-2,1.772351624E2
2.961220208E2,2.412709401E-2,6.877685664E-4,1.625506557E-3,9.997073412E-1,1.772349704E2,1.881168292E-1,-7.429529028E-2,1.772348441E2
2.961270208E2,2.413192017E-2,6.832103827E-4,1.629099133E-3,9.997072220E-1,1.772344172E2,1.885161412E-1,-7.376227042E-2,1.772342915E2
2.961320208E2,2.412914987E-2,6.862598239E-4,1.632271684E-3,9.997072816E-1,1.772347347E2,1.888878120E-1,-7.410335837E-2,1.772346082E2
2.961370208E2,2.411919643E-2,6.918207509E-4,1.631007995E-3,9.997075200E-1,1.772358756E2,1.887576798E-1,-7.474578098E-2,1.772357482E2
2.961420208E2,2.412402802E-2,6.891585072E-4,1.633744454E-3,9.997074008E-1,1.772353218E2,1.890641649E-1,-7.443232214E-2,1.772351947E2
2.961470208E2,2.412399445E-2,6.896614796E-4,1.634027809E-3,9.997074008E-1,1.772353257E2,1.890980137E-1,-7.448916469E-2,1.772351984E2
2.961520208E2,2.411390144E-2,6.965446519E-4,1.634219545E-3,9.997076392E-1,1.772364826E2,1.891382492E-1,-7.527906712E-2,1.772363540E2
2.961570208E2,2.410913740E-2,6.989801768E-4,1.630540472E-3,9.997077584E-1,1.772370287E2,1.887231510E-1,-7.556914226E-2,1.772368998E2
2.961620208E2,2.410915290E-2,6.988370442E-4,1.630372601E-3,9.997077584E-1,1.772370269E2,1.887035256E-1,-7.555320613E-2,1.772368981E2
2.961670208E2,2.411424303E-2,6.957109435E-4,1.629527542E-3,9.997076392E-1,1.772364434E2,1.885984621E-1,-7.519646043E-2,1.772363153E2
2.961720208E2,2.410925811E-2,6.990721449E-4,1.628715196E-3,9.997077584E-1,1.772370148E2,1.885143134E-1,-7.558469813E-2,1.772368861E2
2.961770208E2,2.411205517E-2,6.982753985E-4,1.624229946E-3,9.997076988E-1,1.772366942E2,1.879984998E-1,-7.550529044E-2,1.772365660E2
2.961820208E2,2.411701987E-2,6.932823453E-4,1.626031008E-3,9.997075796E-1,1.772361251E2,1.881914008E-1,-7.492738449E-2,1.772359978E2
2.961870208E2,2.411658597E-2,6.935668644E-4,1.632333035E-3,9.997075796E-1,1.772361749E2,1.889141052E-1,-7.494264329E-2,1.772360470E2
2.961920208E2,2.411195443E-2,6.970224204E-4,1.626262325E-3,9.997076988E-1,1.772367057E2,1.882278559E-1,-7.535615479E-2,1.772365776E2
2.961970208E2,2.411478088E-2,6.956327124E-4,1.621582196E-3,9.997076392E-1,1.772363818E2,1.876880798E-1,-7.520935378E-2,1.772362543E2
2.962020208E2,2.411470965E-2,6.949511007E-4,1.622933079E-3,9.997076392E-1,1.772363899E2,1.878409458E-1,-7.512754988E-2,1.772362625E2
2.962070208E2,2.411464442E-2,6.952087278E-4,1.623791759E-3,9.997076392E-1,1.772363974E2,1.879400219E-1,-7.515470247E-2,1.772362698E2
2.962120208E2,2.411728990E-2,6.943692570E-4,1.621556003E-3,9.997075796E-1,1.772360942E2,1.876817757E-1,-7.506421607E-2,1.772359669E2
2.962170208E2,2.412483374E-2,6.883464521E-4,1.622147975E-3,9.997074008E-1,1.772352295E2,1.877335052E-1,-7.437120231E-2,1.772351033E2
2.962220208E2,2.412980345E-2,6.856491673E-4,1.622839365E-3,9.997072816E-1,1.772346598E2,1.878056203E-1,-7.405936152E-2,1.772345341E2
2.962270208E2,2.412726271E-2,6.870108773E-4,1.623321441E-3,9.997073412E-1,1.772349510E2,1.878644232E-1,-7.421450079E-2,1.772348251E2
2.962320208E2,2.412022569E-2,6.926478236E-4,1.615360961E-3,9.997075200E-1,1.772357577E2,1.869675432E-1,-7.488358455E-2,1.772356312E2
2.962370208E2,2.411775460E-2,6.936873542E-4,1.614922774E-3,9.997075796E-1,1.772360409E2,1.869200334E-1,-7.500434441E-2,1.772359143E2
2.962420208E2,2.411499415E-2,6.950808456E-4,1.618644572E-3,9.997076392E-1,1.772363573E2,1.873500409E-1,-7.515421107E-2,1.772362302E2
2.962470208E2,2.410995623E-2,6.992229028E-4,1.618282869E-3,9.997077584E-1,1.772369348E2,1.873196714E-1,-7.563066081E-2,1.772368069E2
2.962520208E2,2.411008200E-2,6.997763994E-4,1.616168418E-3,9.997077584E-1,1.772369204E2,1.870789820E-1,-7.569988688E-2,1.772367925E2
2.962570208E2,2.411245331E-2,6.981709157E-4,1.618353766E-3,9.997076988E-1,1.772366486E2,1.873250750E-1,-7.550948337E-2,1.772365208E2
2.962620208E2,2.411220214E-2,6.966843503E-4,1.622730750E-3,9.997076988E-1,1.772366774E2,1.878223685E-1,-7.532713789E-2,1.772365496E2
2.962670208E2,2.410723564E-2,7.007020176E-4,1.621349365E-3,9.997078180E-1,1.772372466E2,1.876748453E-1,-7.579214364E-2,1.772371182E2
2.962720208E2,2.411000050E-2,6.982461782E-4,1.618045033E-3,9.997077584E-1,1.772369297E2,1.872897297E-1,-7.551941792E-2,1.772368020E2
2.962770208E2,2.412251667E-2,6.897136336E-4,1.619289396E-3,9.997074604E-1,1.772354951E2,1.874096383E-1,-7.453616128E-2,1.772353689E2
2.962820208E2,2.412246649E-2,6.901336019E-4,1.619857969E-3,9.997074604E-1,1.772355008E2,1.874759303E-1,-7.458270971E-2,1.772353745E2
2.962870208E2,2.412523798E-2,6.888014614E-4,1.615931047E-3,9.997074008E-1,1.772351831E2,1.870225919E-1,-7.444043920E-2,1.772350574E2
2.962920208E2,2.413527052E-2,6.818230031E-4,1.616576687E-3,9.997071624E-1,1.772340331E2,1.870779994E-1,-7.363733808E-2,1.772339087E2
2.962970208E2,2.413750742E-2,6.800635601E-4,1.620774274E-3,9.997071028E-1,1.772337767E2,1.875541658E-1,-7.342375027E-2,1.772336523E2
2.963020208E2,2.413257384E-2,6.830167258E-4,1.619468909E-3,9.997072220E-1,1.772343423E2,1.874124307E-1,-7.376659477E-2,1.772342173E2
2.963070208E2,2.413279174E-2,6.833306979E-4,1.616085763E-3,9.997072220E-1,1.772343173E2,1.870257474E-1,-7.381187819E-2,1.772341925E2
2.963120208E2,2.415292953E-2,6.707218126E-4,1.615497982E-3,9.997067451E-1,1.772320090E2,1.869249964E-1,-7.236528907E-2,1.772318867E2
2.963170208E2,2.415258308E-2,6.700662198E-4,1.620940398E-3,9.997067451E-1,1.772320487E2,1.875466308E-1,-7.227518687E-2,1.772319261E2
2.963220208E2,2.415252980E-2,6.694690092E-4,1.621980802E-3,9.997067451E-1,1.772320548E2,1.876641608E-1,-7.220390199E-2,1.772319323E2
2.963270208E2,2.415249256E-2,6.694523618E-4,1.622542040E-3,9.997067451E-1,1.772320591E2,1.877284066E-1,-7.220044849E-2,1.772319365E2
2.963320208E2,2.415735391E-2,6.671587471E-4,1.624563360E-3,9.997066259E-1,1.772315018E2,1.879539665E-1,-7.193118802E-2,1.772313796E2
2.963370208E2,2.414975151E-2,6.711520255E-4,1.625911682E-3,9.997068048E-1,1.772323733E2,1.881189334E-1,-7.238634786E-2,1.772322501E2
2.963420208E2,2.414722211E-2,6.735218340E-4,1.625850564E-3,9.997068644E-1,1.772326632E2,1.881183070E-1,-7.265847349E-2,1.772325396E2
2.963470208E2,2.414740472E-2,6.744250422E-4,1.622761134E-3,9.997068644E-1,1.772326423E2,1.877668998E-1,-7.277045799E-2,1.772325187E2
2.963520208E2,2.414735619E-2,6.740207900E-4,1.623651013E-3,9.997068644E-1,1.772326478E2,1.878677206E-1,-7.272169430E-2,1.772325243E2
2.963570208E2,2.414440211E-2,6.762553239E-4,1.629941282E-3,9.997069240E-1,1.772329864E2,1.885942919E-1,-7.296082883E-2,1.772328620E2
2.963620208E2,2.414708241E-2,6.740316167E-4,1.627713093E-3,9.997068644E-1,1.772326792E2,1.883330758E-1,-7.271174552E-2,1.772325554E2
2.963670208E2,2.414707531E-2,6.736478535E-4,1.627977239E-3,9.997068644E-1,1.772326800E2,1.883622735E-1,-7.266705278E-2,1.772325563E2
2.963720208E2,2.414687905E-2,6.737391814E-4,1.630847924E-3,9.997068644E-1,1.772327025E2,1.886913730E-1,-7.266960845E-2,1.772325785E2
2.963770208E2,2.414448496E-2,6.746617146E-4,1.629374339E-3,9.997069240E-1,1.772329769E2,1.885249402E-1,-7.277982114E-2,1.772328529E2
2.963820208E2,2.414201105E-2,6.779487012E-4,1.628096099E-3,9.997069836E-1,1.772332605E2,1.883874215E-1,-7.316037474E-2,1.772331359E2
2.963870208E2,2.414701174E-2,6.742925034E-4,1.628653146E-3,9.997068644E-1,1.772326873E2,1.884414837E-1,-7.273904421E-2,1.772325634E2
2.963920208E2,2.414425285E-2,6.761327968E-4,1.632201485E-3,9.997069240E-1,1.772330035E2,1.888528672E-1,-7.294056687E-2,1.772328790E2
2.963970208E2,2.413157446E-2,6.838755799E-4,1.633933745E-3,9.997072220E-1,1.772344568E2,1.890718009E-1,-7.382516964E-2,1.772343307E2
2.964020208E2,2.413180498E-2,6.832116051E-4,1.630804036E-3,9.997072220E-1,1.772344304E2,1.887114470E-1,-7.375771738E-2,1.772343046E2
2.964070208E2,2.413671115E-2,6.799418479E-4,1.632640138E-3,9.997071028E-1,1.772338680E2,1.889131050E-1,-7.337713566E-2,1.772337427E2
2.964120208E2,2.414152237E-2,6.779237883E-4,1.635336666E-3,9.997069836E-1,1.772333165E2,1.892167845E-1,-7.313758151E-2,1.772331914E2
2.964170208E2,2.413932266E-2,6.783385761E-4,1.631193678E-3,9.997070432E-1,1.772335687E2,1.887431570E-1,-7.319697584E-2,1.772334438E2
2.964220208E2,2.415432235E-2,6.685359403E-4,1.632376225E-3,9.997066855E-1,1.772318493E2,1.888525897E-1,-7.206790039E-2,1.772317263E2
2.964270208E2,2.416431137E-2,6.626159302E-4,1.632964704E-3,9.997064471E-1,1.772307043E2,1.889043302E-1,-7.138619951E-2,1.772305824E2
2.964320208E2,2.416406551E-2,6.621297216E-4,1.636795583E-3,9.997064471E-1,1.772307325E2,1.893418252E-1,-7.131993873E-2,1.772306104E2
2.964370208E2,2.416181349E-2,6.641804357E-4,1.632800209E-3,9.997065067E-1,1.772309907E2,1.888896398E-1,-7.156635354E-2,1.772308684E2
2.964420208E2,2.416170292E-2,6.628941046E-4,1.634957734E-3,9.997065067E-1,1.772310033E2,1.891332324E-1,-7.141304109E-2,1.772308812E2
2.964470208E2,2.417380056E-2,6.558386958E-4,1.641193754E-3,9.997062087E-1,1.772296166E2,1.898289375E-1,-7.058522405E-2,1.772294954E2
2.964520208E2,2.416892928E-2,6.585007650E-4,1.639256137E-3,9.997063279E-1,1.772301750E2,1.896139972E-1,-7.089647678E-2,1.772300534E2
2.964570208E2,2.416932112E-2,6.580732297E-4,1.633640844E-3,9.997063279E-1,1.772301301E2,1.889695623E-1,-7.086297772E-2,1.772300089E2
2.964620208E2,2.417169920E-2,6.564611685E-4,1.635578577E-3,9.997062683E-1,1.772298575E2,1.891872484E-1,-7.067248628E-2,1.772297365E2
2.964670208E2,2.417887928E-2,6.520639872E-4,1.640497707E-3,9.997060895E-1,1.772290345E2,1.897390982E-1,-7.015376555E-2,1.772289140E2
2.964720208E2,2.417641095E-2,6.539243623E-4,1.639812719E-3,9.997061491E-1,1.772293174E2,1.896656086E-1,-7.036925251E-2,1.772291966E2
2.964770208E2,2.418421805E-2,6.478961441E-4,1.636092784E-3,9.997059703E-1,1.772284225E2,1.892233006E-1,-6.968750085E-2,1.772283032E2
2.964820208E2,2.418663257E-2,6.460000877E-4,1.637569861E-3,9.997059107E-1,1.772281458E2,1.893874246E-1,-6.946574158E-2,1.772280267E2
2.964870208E2,2.417392944E-2,6.549352547E-4,1.639655558E-3,9.997062087E-1,1.772296019E2,1.896502305E-1,-7.048596442E-2,1.772294809E2
2.964920208E2,2.417132155E-2,6.573334686E-4,1.640800969E-3,9.997062683E-1,1.772299008E2,1.897879064E-1,-7.075802085E-2,1.772297793E2
2.964970208E2,2.417149522E-2,6.567846285E-4,1.638460672E-3,9.997062683E-1,1.772298809E2,1.895182979E-1,-7.070159646E-2,1.772297596E2
2.965020208E2,2.417154944E-2,6.568249082E-4,1.637644484E-3,9.997062683E-1,1.772298747E2,1.894249122E-1,-7.070846137E-2,1.772297535E2
2.965070208E2,2.416402601E-2,6.615128950E-4,1.637627953E-3,9.997064471E-1,1.772307370E2,1.894354690E-1,-7.124697888E-2,1.772306149E2
2.965120208E2,2.416384872E-2,6.625383976E-4,1.639827969E-3,9.997064471E-1,1.772307574E2,1.896903265E-1,-7.135839989E-2,1.772306349E2
2.965170208E2,2.416925490E-2,6.592863356E-4,1.634131419E-3,9.997063279E-1,1.772301377E2,1.890291172E-1,-7.100060240E-2,1.772300163E2
2.965220208E2,2.417172029E-2,6.565043004E-4,1.635249471E-3,9.997062683E-1,1.772298551E2,1.891496676E-1,-7.067833501E-2,1.772297341E2
2.965270208E2,2.416902613E-2,6.581645575E-4,1.637962647E-3,9.997063279E-1,1.772301639E2,1.894648927E-1,-7.086152574E-2,1.772300424E2
2.965320208E2,2.416884672E-2,6.594170118E-4,1.640104805E-3,9.997063279E-1,1.772301845E2,1.897137512E-1,-7.099910525E-2,1.772300626E2
2.965370208E2,2.416891868E-2,6.590260309E-4,1.639201306E-3,9.997063279E-1,1.772301762E2,1.896091699E-1,-7.095680404E-2,1.772300545E2
2.965420208E2,2.416380727E-2,6.617691251E-4,1.640749048E-3,9.997064471E-1,1.772307621E2,1.897937104E-1,-7.126773092E-2,1.772306397E2
2.965470208E2,2.415895296E-2,6.658816710E-4,1.637932379E-3,9.997065663E-1,1.772313185E2,1.894820782E-1,-7.174757548E-2,1.772311956E2
2.965520208E2,2.416156976E-2,6.634871825E-4,1.636684057E-3,9.997065067E-1,1.772310186E2,1.893326298E-1,-7.147622816E-2,1.772308962E2
2.965570208E2,2.416614836E-2,6.603361689E-4,1.643162104E-3,9.997063875E-1,1.772304938E2,1.900663443E-1,-7.109644731E-2,1.772303715E2
2.965620208E2,2.416846915E-2,6.590133999E-4,1.645820914E-3,9.997063279E-1,1.772302278E2,1.903674341E-1,-7.093710845E-2,1.772301056E2
2.965670208E2,2.415622271E-2,6.678036298E-4,1.641035546E-3,9.997066259E-1,1.772316315E2,1.898426967E-1,-7.195967841E-2,1.772315079E2
2.965720208E2,2.415647038E-2,6.664964021E-4,1.637918293E-3,9.997066259E-1,1.772316031E2,1.894819882E-1,-7.181850737E-2,1.772314800E2
2.965770208E2,2.416158727E-2,6.637865445E-4,1.636304194E-3,9.997065067E-1,1.772310166E2,1.892899435E-1,-7.151157093E-2,1.772308941E2
2.965820208E2,2.415653108E-2,6.676789490E-4,1.636540866E-3,9.997066259E-1,1.772315962E2,1.893274708E-1,-7.195777912E-2,1.772314729E2
2.965870208E2,2.415214182E-2,6.701843231E-4,1.627453486E-3,9.997067451E-1,1.772320993E2,1.882930545E-1,-7.227077268E-2,1.772319762E2
2.965920208E2,2.415770997E-2,6.662304513E-4,1.619642135E-3,9.997066259E-1,1.772314610E2,1.873876547E-1,-7.183840128E-2,1.772313393E2
2.965970208E2,2.415996186E-2,6.652025040E-4,1.623261487E-3,9.997065663E-1,1.772312029E2,1.877995972E-1,-7.171019889E-2,1.772310811E2
2.966020208E2,2.415780864E-2,6.666891859E-4,1.617980888E-3,9.997066259E-1,1.772314497E2,1.871986223E-1,-7.189553350E-2,1.772313280E2
2.966070208E2,2.415788636E-2,6.664572866E-4,1.616915572E-3,9.997066259E-1,1.772314408E2,1.870759449E-1,-7.187190227E-2,1.772313192E2
2.966120208E2,2.416041862E-2,6.647953414E-4,1.616616384E-3,9.997065663E-1,1.772311505E2,1.870372507E-1,-7.168186770E-2,1.772310293E2
2.966170208E2,2.415734933E-2,6.665156106E-4,1.624895376E-3,9.997066259E-1,1.772315024E2,1.879902209E-1,-7.185659333E-2,1.772313802E2
2.966220208E2,2.414966375E-2,6.720118108E-4,1.626859768E-3,9.997068048E-1,1.772323833E2,1.882299179E-1,-7.248223586E-2,1.772322600E2
2.966270208E2,2.414994288E-2,6.726314314E-4,1.622454147E-3,9.997068048E-1,1.772323513E2,1.877269524E-1,-7.256535838E-2,1.772322282E2
2.966320208E2,2.415006661E-2,6.724359700E-4,1.620692550E-3,9.997068048E-1,1.772323371E2,1.875246147E-1,-7.254781875E-2,1.772322142E2
2.966370208E2,2.415048602E-2,6.710219895E-4,1.615019049E-3,9.997068048E-1,1.772322891E2,1.868707846E-1,-7.240145910E-2,1.772321668E2
2.966420208E2,2.414582286E-2,6.752943737E-4,1.609160914E-3,9.997069240E-1,1.772328236E2,1.862111714E-1,-7.290797626E-2,1.772327009E2
2.966470208E2,2.415114272E-2,6.712253671E-4,1.605083700E-3,9.997068048E-1,1.772322138E2,1.857332179E-1,-7.245213237E-2,1.772320922E2
2.966520208E2,2.416095540E-2,6.647162954E-4,1.608606777E-3,9.997065663E-1,1.772310890E2,1.861195032E-1,-7.169488866E-2,1.772309684E2
2.966570208E2,2.415838022E-2,6.660256186E-4,1.609698636E-3,9.997066259E-1,1.772313842E2,1.862480252E-1,-7.184233872E-2,1.772312632E2
2.966620208E2,2.415609351E-2,6.676760968E-4,1.606311067E-3,9.997066855E-1,1.772316463E2,1.858643558E-1,-7.204121770E-2,1.772315253E2
2.966670208E2,2.415874476E-2,6.670206785E-4,1.603804878E-3,9.997066259E-1,1.772313424E2,1.855756274E-1,-7.197257981E-2,1.772312217E2
2.966720208E2,2.415845736E-2,6.665872643E-4,1.608307939E-3,9.997066259E-1,1.772313754E2,1.860902698E-1,-7.191051547E-2,1.772312544E2
2.966770208E2,2.415329077E-2,6.701186066E-4,1.610339154E-3,9.997067451E-1,1.772319676E2,1.863323660E-1,-7.231039852E-2,1.772318458E2
2.966820208E2,2.415603988E-2,6.677620113E-4,1.607081736E-3,9.997066855E-1,1.772316525E2,1.859528764E-1,-7.204893650E-2,1.772315313E2
2.966870208E2,2.416129698E-2,6.652032607E-4,1.603266108E-3,9.997065663E-1,1.772310499E2,1.855090580E-1,-7.176539810E-2,1.772309295E2
2.966920208E2,2.416121259E-2,6.649886491E-4,1.604626304E-3,9.997065663E-1,1.772310595E2,1.856642795E-1,-7.173706217E-2,1.772309391E2
2.966970208E2,2.416367166E-2,6.634527817E-4,1.605367870E-3,9.997065067E-1,1.772307777E2,1.857451552E-1,-7.155860619E-2,1.772306575E2
2.967020208E2,2.416905356E-2,6.589894183E-4,1.600417192E-3,9.997063875E-1,1.772301608E2,1.851660360E-1,-7.106000432E-2,1.772300418E2
2.967070208E2,2.417392630E-2,6.562985945E-4,1.602391945E-3,9.997062683E-1,1.772296022E2,1.853851518E-1,-7.074537601E-2,1.772294836E2
2.967120208E2,2.417080071E-2,6.587658427E-4,1.611318439E-3,9.997063279E-1,1.772299605E2,1.864143691E-1,-7.100387306E-2,1.772298408E2
2.967170208E2,2.416821627E-2,6.596896565E-4,1.612725668E-3,9.997063875E-1,1.772302567E2,1.865779541E-1,-7.110628773E-2,1.772301368E2
2.967220208E2,2.416835093E-2,6.598086911E-4,1.610657549E-3,9.997063875E-1,1.772302413E2,1.863413732E-1,-7.112562686E-2,1.772301214E2
2.967270208E2,2.416280219E-2,6.625801907E-4,1.618759241E-3,9.997065067E-1,1.772308773E2,1.872767695E-1,-7.142172507E-2,1.772307564E2
2.967320208E2,2.416244208E-2,6.637822371E-4,1.623634598E-3,9.997065067E-1,1.772309186E2,1.878385851E-1,-7.154599696E-2,1.772307971E2
2.967370208E2,2.416018627E-2,6.655258476E-4,1.619785209E-3,9.997065663E-1,1.772311772E2,1.874022721E-1,-7.175682302E-2,1.772310556E2
2.967420208E2,2.415996882E-2,6.657068152E-4,1.622951007E-3,9.997065663E-1,1.772312021E2,1.877654261E-1,-7.176883006E-2,1.772310802E2
2.967470208E2,2.416720527E-2,6.607872783E-4,1.627360354E-3,9.997063875E-1,1.772303726E2,1.882574471E-1,-7.119168722E-2,1.772302514E2
2.967520208E2,2.416738459E-2,6.602260401E-4,1.624923316E-3,9.997063875E-1,1.772303521E2,1.879767224E-1,-7.113410854E-2,1.772302311E2
2.967570208E2,2.417018837E-2,6.590021076E-4,1.620381605E-3,9.997063279E-1,1.772300307E2,1.874532409E-1,-7.100594989E-2,1.772299103E2
2.967620208E2,2.417038064E-2,6.575181033E-4,1.618114882E-3,9.997063279E-1,1.772300086E2,1.871894719E-1,-7.084218782E-2,1.772298887E2
2.967670208E2,2.416747599E-2,6.598847103E-4,1.623702119E-3,9.997063875E-1,1.772303416E2,1.878358853E-1,-7.109837144E-2,1.772302208E2
2.967720208E2,2.417243246E-2,6.572816637E-4,1.624373836E-3,9.997062683E-1,1.772297735E2,1.879059772E-1,-7.079737980E-2,1.772296531E2
2.967770208E2,2.418022204E-2,6.522511248E-4,1.620510360E-3,9.997060895E-1,1.772288806E2,1.874499952E-1,-7.023033320E-2,1.772287615E2
2.967820208E2,2.416982363E-2,6.583497161E-4,1.626077457E-3,9.997063279E-1,1.772300725E2,1.881039150E-1,-7.091550538E-2,1.772299518E2
2.967870208E2,2.416237798E-2,6.639263011E-4,1.624529366E-3,9.997065067E-1,1.772309260E2,1.879414826E-1,-7.156003513E-2,1.772308043E2
2.967920208E2,2.415999012E-2,6.646852707E-4,1.623052754E-3,9.997065663E-1,1.772311997E2,1.877742550E-1,-7.165151830E-2,1.772310780E2
2.967970208E2,2.416246342E-2,6.634418387E-4,1.623456134E-3,9.997065067E-1,1.772309162E2,1.878171994E-1,-7.150749176E-2,1.772307947E2
2.968020208E2,2.415975300E-2,6.648152485E-4,1.626525423E-3,9.997065663E-1,1.772312268E2,1.881724211E-1,-7.165683828E-2,1.772311049E2
2.968070208E2,2.415460054E-2,6.688964204E-4,1.628106460E-3,9.997066855E-1,1.772318174E2,1.883644705E-1,-7.212096259E-2,1.772316946E2
2.968120208E2,2.414715479E-2,6.745367427E-4,1.626429614E-3,9.997068644E-1,1.772326709E2,1.881874458E-1,-7.277314975E-2,1.772325471E2
2.968170208E2,2.414201362E-2,6.774776266E-4,1.628254075E-3,9.997069836E-1,1.772332602E2,1.884042158E-1,-7.310597182E-2,1.772331357E2
2.968220208E2,2.414194965E-2,6.775102811E-4,1.629188657E-3,9.997069836E-1,1.772332675E2,1.885113656E-1,-7.310713910E-2,1.772331430E2
2.968270208E2,2.413928780E-2,6.792370114E-4,1.631335588E-3,9.997070432E-1,1.772335727E2,1.887618970E-1,-7.329951282E-2,1.772334476E2
2.968320208E2,2.413197084E-2,6.831649225E-4,1.628367463E-3,9.997072220E-1,1.772344114E2,1.884322003E-1,-7.375907643E-2,1.772342858E2
2.968370208E2,2.412164445E-2,6.904618349E-4,1.631914638E-3,9.997074604E-1,1.772355950E2,1.888579696E-1,-7.458713774E-2,1.772354678E2
2.968420208E2,2.411895874E-2,6.918266881E-4,1.634516637E-3,9.997075200E-1,1.772359029E2,1.891596229E-1,-7.473680826E-2,1.772357752E2
2.968470208E2,2.411917254E-2,6.918931031E-4,1.631330466E-3,9.997075200E-1,1.772358784E2,1.887948197E-1,-7.475318270E-2,1.772357509E2
2.968520208E2,2.411919522E-2,6.917918799E-4,1.631038147E-3,9.997075200E-1,1.772358758E2,1.887610540E-1,-7.474239046E-2,1.772357483E2
2.968570208E2,2.412171201E-2,6.906650378E-4,1.630829647E-3,9.997074604E-1,1.772355873E2,1.887342416E-1,-7.461340273E-2,1.772354601E2
2.968620208E2,2.412160397E-2,6.902083987E-4,1.632619998E-3,9.997074604E-1,1.772355997E2,1.889380709E-1,-7.455616243E-2,1.772354724E2
2.968670208E2,2.412435885E-2,6.892397651E-4,1.628817525E-3,9.997074008E-1,1.772352839E2,1.884999929E-1,-7.445518921E-2,1.772351571E2
2.968720208E2,2.411958734E-2,6.927250070E-4,1.624831581E-3,9.997075200E-1,1.772358308E2,1.880526481E-1,-7.486636882E-2,1.772357037E2
2.968770208E2,2.411670322E-2,6.936385762E-4,1.630569226E-3,9.997075796E-1,1.772361614E2,1.887122530E-1,-7.495571095E-2,1.772360336E2
2.968820208E2,2.411651108E-2,6.939143641E-4,1.633291482E-3,9.997075796E-1,1.772361834E2,1.890248583E-1,-7.497981751E-2,1.772360554E2
2.968870208E2,2.411202473E-2,6.971136900E-4,1.625180594E-3,9.997076988E-1,1.772366977E2,1.881041919E-1,-7.536958624E-2,1.772365696E2
2.968920208E2,2.412467312E-2,6.896736450E-4,1.623972086E-3,9.997074008E-1,1.772352479E2,1.879461301E-1,-7.451823017E-2,1.772351213E2
2.968970208E2,2.412958418E-2,6.847709883E-4,1.626466401E-3,9.997072816E-1,1.772346849E2,1.882186830E-1,-7.394877084E-2,1.772345592E2
2.969020208E2,2.412706188E-2,6.874813116E-4,1.626104815E-3,9.997073412E-1,1.772349741E2,1.881845681E-1,-7.426073486E-2,1.772348478E2
2.969070208E2,2.413248402E-2,6.844001473E-4,1.620223047E-3,9.997072220E-1,1.772343525E2,1.875026432E-1,-7.392300810E-2,1.772342273E2
2.969120208E2,2.413523494E-2,6.818766124E-4,1.617085072E-3,9.997071624E-1,1.772340372E2,1.871363849E-1,-7.364208000E-2,1.772339127E2
2.969170208E2,2.413717587E-2,6.803274155E-4,1.625593984E-3,9.997071028E-1,1.772338147E2,1.881070097E-1,-7.344070769E-2,1.772336899E2
2.969220208E2,2.413228289E-2,6.842714502E-4,1.623270335E-3,9.997072220E-1,1.772343756E2,1.878513647E-1,-7.389987530E-2,1.772342502E2
2.969270208E2,2.413025861E-2,6.857935223E-4,1.615996123E-3,9.997072816E-1,1.772346076E2,1.870221023E-1,-7.409473634E-2,1.772344824E2
2.969320208E2,2.413777947E-2,6.804800360E-4,1.616542344E-3,9.997071028E-1,1.772337456E2,1.870705349E-1,-7.348311589E-2,1.772336213E2
2.969370208E2,2.412749408E-2,6.865952164E-4,1.620055293E-3,9.997073412E-1,1.772349245E2,1.874891263E-1,-7.417587070E-2,1.772347989E2
2.969420208E2,2.412782182E-2,6.876628031E-4,1.614712528E-3,9.997073412E-1,1.772348870E2,1.868800440E-1,-7.431288251E-2,1.772347615E2
2.969470208E2,2.413049745E-2,6.853562663E-4,1.612611697E-3,9.997072816E-1,1.772345803E2,1.866331963E-1,-7.405395935E-2,1.772344554E2
2.969520208E2,2.413015892E-2,6.846504402E-4,1.617968199E-3,9.997072816E-1,1.772346191E2,1.872448516E-1,-7.395835246E-2,1.772344939E2
2.969570208E2,2.412761149E-2,6.864804309E-4,1.618354348E-3,9.997073412E-1,1.772349111E2,1.872939601E-1,-7.416740210E-2,1.772347856E2
2.969620208E2,2.413017355E-2,6.855401443E-4,1.617373200E-3,9.997072816E-1,1.772346174E2,1.871791510E-1,-7.406191781E-2,1.772344921E2
2.969670208E2,2.413296313E-2,6.834020605E-4,1.613494242E-3,9.997072220E-1,1.772342976E2,1.867290768E-1,-7.382718830E-2,1.772341731E2
2.969720208E2,2.413000714E-2,6.862873561E-4,1.619537594E-3,9.997072816E-1,1.772346365E2,1.874291546E-1,-7.414156306E-2,1.772345109E2
2.969770208E2,2.412286471E-2,6.909564836E-4,1.613564673E-3,9.997074604E-1,1.772354552E2,1.867572849E-1,-7.469430001E-2,1.772353292E2
2.969820208E2,2.412807361E-2,6.875793333E-4,1.610981417E-3,9.997073412E-1,1.772348581E2,1.864524017E-1,-7.431358983E-2,1.772347329E2
2.969870208E2,2.413289209E-2,6.834815140E-4,1.614522771E-3,9.997072220E-1,1.772343058E2,1.868471180E-1,-7.383345915E-2,1.772341811E2
2.969920208E2,2.412779899E-2,6.868665223E-4,1.615392510E-3,9.997073412E-1,1.772348896E2,1.869557381E-1,-7.421978626E-2,1.772347642E2
2.969970208E2,2.412551128E-2,6.885010516E-4,1.611973858E-3,9.997074008E-1,1.772351518E2,1.865684522E-1,-7.441691419E-2,1.772350264E2
2.970020208E2,2.412851360E-2,6.875031395E-4,1.604410587E-3,9.997073412E-1,1.772348077E2,1.856994799E-1,-7.432294785E-2,1.772346830E2
2.970070208E2,2.412829677E-2,6.865773466E-4,1.608063700E-3,9.997073412E-1,1.772348325E2,1.861153985E-1,-7.420683013E-2,1.772347078E2
2.970120208E2,2.413293489E-2,6.841285503E-4,1.613608678E-3,9.997072220E-1,1.772343009E2,1.867441937E-1,-7.391010235E-2,1.772341762E2
2.970170208E2,2.412281211E-2,6.911688251E-4,1.614260022E-3,9.997074604E-1,1.772354612E2,1.868375261E-1,-7.471671305E-2,1.772353351E2
2.970220208E2,2.412006111E-2,6.926847273E-4,1.617800794E-3,9.997075200E-1,1.772357765E2,1.872471363E-1,-7.488109904E-2,1.772356499E2
2.970270208E2,2.412977503E-2,6.863103481E-4,1.622982440E-3,9.997072816E-1,1.772346631E2,1.878238370E-1,-7.413471482E-2,1.772345373E2
2.970320208E2,2.413485537E-2,6.826265017E-4,1.622425043E-3,9.997071624E-1,1.772340807E2,1.877501697E-1,-7.371328772E-2,1.772339557E2
2.970370208E2,2.412724988E-2,6.867575576E-4,1.623619348E-3,9.997073412E-1,1.772349525E2,1.878978496E-1,-7.418465970E-2,1.772348266E2
2.970420208E2,2.412958673E-2,6.849442143E-4,1.626355574E-3,9.997072816E-1,1.772346846E2,1.882064660E-1,-7.396892125E-2,1.772345589E2
2.970470208E2,2.413435145E-2,6.816710229E-4,1.630303799E-3,9.997071624E-1,1.772341385E2,1.886500674E-1,-7.358213413E-2,1.772340130E2
2.970520208E2,2.412450025E-2,6.893132813E-4,1.626690850E-3,9.997074008E-1,1.772352677E2,1.882565781E-1,-7.446946383E-2,1.772351410E2
2.970570208E2,2.412711626E-2,6.879491266E-4,1.625099801E-3,9.997073412E-1,1.772349678E2,1.880707329E-1,-7.431709535E-2,1.772348415E2
2.970620208E2,2.412411295E-2,6.887103664E-4,1.632678905E-3,9.997074008E-1,1.772353121E2,1.889408645E-1,-7.438391370E-2,1.772351851E2
2.970670208E2,2.412344111E-2,6.890221266E-4,1.642444986E-3,9.997074008E-1,1.772353891E2,1.900604634E-1,-7.439275725E-2,1.772352613E2
2.970720208E2,2.411861512E-2,6.930482923E-4,1.639063121E-3,9.997075200E-1,1.772359423E2,1.896838121E-1,-7.486425179E-2,1.772358140E2
2.970770208E2,2.412144144E-2,6.913552061E-4,1.634535030E-3,9.997074604E-1,1.772356183E2,1.891606122E-1,-7.468227557E-2,1.772354907E2
2.970820208E2,2.411368515E-2,6.955136196E-4,1.637846115E-3,9.997076392E-1,1.772365074E2,1.895508378E-1,-7.515097343E-2,1.772363787E2
2.970870208E2,2.411890483E-2,6.933364784E-4,1.634672284E-3,9.997075200E-1,1.772359091E2,1.891816230E-1,-7.490934695E-2,1.772357810E2
2.970920208E2,2.411426303E-2,6.962540792E-4,1.628999482E-3,9.997076392E-1,1.772364411E2,1.885394710E-1,-7.526013650E-2,1.772363130E2
2.970970208E2,2.411398668E-2,6.959062302E-4,1.633233391E-3,9.997076392E-1,1.772364728E2,1.890235189E-1,-7.520863975E-2,1.772363444E2
2.971020208E2,2.411117715E-2,6.971812691E-4,1.637678477E-3,9.997076988E-1,1.772367948E2,1.895360532E-1,-7.534295492E-2,1.772366658E2
2.971070208E2,2.410617044E-2,7.006175001E-4,1.637146575E-3,9.997078180E-1,1.772373687E2,1.894842354E-1,-7.573902170E-2,1.772372391E2
2.971120208E2,2.410398341E-2,7.031377172E-4,1.631862018E-3,9.997078776E-1,1.772376194E2,1.888856410E-1,-7.604274483E-2,1.772374897E2
2.971170208E2,2.410915061E-2,6.996808806E-4,1.630044426E-3,9.997077584E-1,1.772370271E2,1.886682618E-1,-7.565078157E-2,1.772368982E2
2.971220208E2,2.411129320E-2,6.982511259E-4,1.635512686E-3,9.997076988E-1,1.772367815E2,1.892909086E-1,-7.547147795E-2,1.772366525E2
2.971270208E2,2.410603848E-2,7.014195435E-4,1.638745423E-3,9.997078180E-1,1.772373839E2,1.896696029E-1,-7.582651050E-2,1.772372540E2
2.971320208E2,2.410368070E-2,7.036057650E-4,1.636125962E-3,9.997078776E-1,1.772376541E2,1.893753819E-1,-7.608464278E-2,1.772375240E2
2.971370208E2,2.411135174E-2,6.982841878E-4,1.634635264E-3,9.997076988E-1,1.772367748E2,1.891904882E-1,-7.547767878E-2,1.772366459E2
2.971420208E2,2.411109595E-2,6.975735305E-4,1.638706541E-3,9.997076988E-1,1.772368042E2,1.896549044E-1,-7.538506644E-2,1.772366750E2
2.971470208E2,2.410349592E-2,7.030460984E-4,1.639086055E-3,9.997078776E-1,1.772376753E2,1.897129255E-1,-7.601238708E-2,1.772375451E2
2.971520208E2,2.410394466E-2,7.021024940E-4,1.632879837E-3,9.997078776E-1,1.772376239E2,1.889993780E-1,-7.592134745E-2,1.772374943E2
2.971570208E2,2.410394843E-2,7.021524943E-4,1.632802654E-3,9.997078776E-1,1.772376234E2,1.889906744E-1,-7.592728789E-2,1.772374938E2
2.971620208E2,2.410128891E-2,7.047195104E-4,1.634460525E-3,9.997079372E-1,1.772379283E2,1.891874862E-1,-7.621728429E-2,1.772377981E2
2.971670208E2,2.410654739E-2,7.015762967E-4,1.631174702E-3,9.997078180E-1,1.772373255E2,1.888027842E-1,-7.586528573E-2,1.772371962E2
2.971720208E2,2.410136065E-2,7.043589139E-4,1.633557957E-3,9.997079372E-1,1.772379201E2,1.890830988E-1,-7.617845430E-2,1.772377900E2
2.971770208E2,2.410364080E-2,7.025584346E-4,1.637163572E-3,9.997078776E-1,1.772376587E2,1.894913526E-1,-7.596180403E-2,1.772375287E2
2.971820208E2,2.410123574E-2,7.053494337E-4,1.634972752E-3,9.997079372E-1,1.772379344E2,1.892479021E-1,-7.628804246E-2,1.772378040E2
2.971870208E2,2.409911584E-2,7.060762146E-4,1.629452570E-3,9.997079968E-1,1.772381774E2,1.886173639E-1,-7.638694745E-2,1.772380473E2
2.971920208E2,2.410169505E-2,7.045985549E-4,1.628512982E-3,9.997079372E-1,1.772378817E2,1.885058415E-1,-7.621977802E-2,1.772377520E2
2.971970208E2,2.410194754E-2,7.037030300E-4,1.625159988E-3,9.997079372E-1,1.772378528E2,1.881192732E-1,-7.612640176E-2,1.772377235E2
2.972020208E2,2.410175416E-2,7.042355719E-4,1.627795049E-3,9.997079372E-1,1.772378750E2,1.884225980E-1,-7.618016714E-2,1.772377453E2
2.972070208E2,2.410693382E-2,7.012066781E-4,1.625613193E-3,9.997078180E-1,1.772372812E2,1.881646743E-1,-7.583823407E-2,1.772371524E2
2.972120208E2,2.411690054E-2,6.942530745E-4,1.627386198E-3,9.997075796E-1,1.772361388E2,1.883493235E-1,-7.503486646E-2,1.772360111E2
2.972170208E2,2.411961574E-2,6.923053879E-4,1.624588971E-3,9.997075200E-1,1.772358276E2,1.880236973E-1,-7.481896331E-2,1.772357005E2
2.972220208E2,2.410953949E-2,6.987185916E-4,1.624696772E-3,9.997077584E-1,1.772369826E2,1.880530132E-1,-7.555524510E-2,1.772368542E2
2.972270208E2,2.411455865E-2,6.963396445E-4,1.624580706E-3,9.997076392E-1,1.772364072E2,1.880335215E-1,-7.528209404E-2,1.772362794E2
2.972320208E2,2.412465501E-2,6.882433663E-4,1.624847646E-3,9.997074008E-1,1.772352499E2,1.880424769E-1,-7.435196303E-2,1.772351236E2
2.972370208E2,2.412745848E-2,6.875560503E-4,1.620177878E-3,9.997073412E-1,1.772349286E2,1.875058237E-1,-7.428560970E-2,1.772348028E2
2.972420208E2,2.412258267E-2,6.899705622E-4,1.618196373E-3,9.997074604E-1,1.772354875E2,1.872851384E-1,-7.456860368E-2,1.772353613E2
2.972470208E2,2.412768004E-2,6.863999879E-4,1.617366215E-3,9.997073412E-1,1.772349032E2,1.871805437E-1,-7.416090601E-2,1.772347778E2
2.972520208E2,2.411987069E-2,6.927680806E-4,1.620601630E-3,9.997075200E-1,1.772357983E2,1.875682119E-1,-7.488294181E-2,1.772356715E2
2.972570208E2,2.411488396E-2,6.964541390E-4,1.619695569E-3,9.997076392E-1,1.772363700E2,1.874742287E-1,-7.530864917E-2,1.772362424E2
2.972620208E2,2.411262764E-2,6.973976269E-4,1.616088091E-3,9.997076988E-1,1.772366286E2,1.870633990E-1,-7.542712480E-2,1.772365012E2
2.972670208E2,2.411251559E-2,6.973860436E-4,1.617764123E-3,9.997076988E-1,1.772366414E2,1.872553621E-1,-7.542118756E-2,1.772365139E2
2.972720208E2,2.410978058E-2,6.997153396E-4,1.620685216E-3,9.997077584E-1,1.772369549E2,1.875962279E-1,-7.568046889E-2,1.772368267E2
2.972770208E2,2.410247954E-2,7.037179312E-4,1.617244328E-3,9.997079372E-1,1.772377918E2,1.872125488E-1,-7.614987234E-2,1.772376631E2
2.972820208E2,2.410530216E-2,7.024716469E-4,1.612555119E-3,9.997078776E-1,1.772374683E2,1.866721320E-1,-7.601952523E-2,1.772373402E2
2.972870208E2,2.410755166E-2,7.004252984E-4,1.616763533E-3,9.997078180E-1,1.772372104E2,1.871487587E-1,-7.577305295E-2,1.772370824E2
2.972920208E2,2.410250395E-2,7.041092031E-4,1.616710098E-3,9.997079372E-1,1.772377890E2,1.871524309E-1,-7.619616673E-2,1.772376603E2
2.972970208E2,2.409758405E-2,7.075478788E-4,1.614833833E-3,9.997080564E-1,1.772383530E2,1.869466105E-1,-7.659619744E-2,1.772382237E2
2.973020208E2,2.410038484E-2,7.063505473E-4,1.610454288E-3,9.997079968E-1,1.772380319E2,1.864418039E-1,-7.647060518E-2,1.772379032E2
2.973070208E2,2.410289891E-2,7.046724786E-4,1.610564766E-3,9.997079372E-1,1.772377437E2,1.864500170E-1,-7.627759474E-2,1.772376154E2
2.973120208E2,2.410311516E-2,7.039424963E-4,1.607645070E-3,9.997079372E-1,1.772377189E2,1.861135410E-1,-7.620199363E-2,1.772375909E2
2.973170208E2,2.410066707E-2,7.061437936E-4,1.606316073E-3,9.997079968E-1,1.772379996E2,1.859671867E-1,-7.645829643E-2,1.772378712E2
2.973220208E2,2.409817280E-2,7.065033424E-4,1.606483711E-3,9.997080564E-1,1.772382855E2,1.859871933E-1,-7.649948671E-2,1.772381571E2
2.973270208E2,2.409324533E-2,7.109155995E-4,1.604259596E-3,9.997081757E-1,1.772388503E2,1.857442084E-1,-7.701200431E-2,1.772387212E2
2.973320208E2,2.409624993E-2,7.085459074E-4,1.597309252E-3,9.997081161E-1,1.772385059E2,1.849416747E-1,-7.675917090E-2,1.772383778E2
2.973370208E2,2.409156644E-2,7.121156086E-4,1.591748558E-3,9.997082353E-1,1.772390427E2,1.843141464E-1,-7.718432785E-2,1.772389144E2
2.973420208E2,2.409901258E-2,7.075569010E-4,1.593369059E-3,9.997080564E-1,1.772381892E2,1.844877726E-1,-7.665624262E-2,1.772380616E2
2.973470208E2,2.409883180E-2,7.077675546E-4,1.596007613E-3,9.997080564E-1,1.772382099E2,1.847906093E-1,-7.667312128E-2,1.772380821E2
2.973520208E2,2.409895161E-2,7.063299417E-4,1.594834961E-3,9.997080564E-1,1.772381962E2,1.846523107E-1,-7.651164735E-2,1.772380687E2
2.973570208E2,2.409643623E-2,7.081035874E-4,1.594692701E-3,9.997081161E-1,1.772384845E2,1.846407193E-1,-7.671569036E-2,1.772383567E2
2.973620208E2,2.411142962E-2,6.978111342E-4,1.596797723E-3,9.997077584E-1,1.772367659E2,1.848545763E-1,-7.552802074E-2,1.772366399E2
2.973670208E2,2.411139386E-2,6.983155035E-4,1.597117167E-3,9.997077584E-1,1.772367700E2,1.848925623E-1,-7.558492430E-2,1.772366439E2
2.973720208E2,2.409901081E-2,7.076105103E-4,1.593372086E-3,9.997080564E-1,1.772381894E2,1.844882673E-1,-7.666237596E-2,1.772380618E2
2.973770208E2,2.409635319E-2,7.083323435E-4,1.595845562E-3,9.997081161E-1,1.772384940E2,1.847734147E-1,-7.673872810E-2,1.772383661E2
2.973820208E2,2.410858581E-2,7.001225022E-4,1.601401134E-3,9.997078180E-1,1.772370919E2,1.853881075E-1,-7.578061439E-2,1.772369651E2
2.973870208E2,2.410347666E-2,7.032740978E-4,1.602509408E-3,9.997079372E-1,1.772376775E2,1.855233885E-1,-7.613954149E-2,1.772375500E2
2.973920208E2,2.409852663E-2,7.070347201E-4,1.600932679E-3,9.997080564E-1,1.772382449E2,1.853527701E-1,-7.657562437E-2,1.772381168E2
2.973970208E2,2.410861907E-2,7.005106308E-4,1.600730582E-3,9.997078180E-1,1.772370881E2,1.853123650E-1,-7.582692410E-2,1.772369612E2
2.974020208E2,2.410625346E-2,7.013602299E-4,1.598759089E-3,9.997078776E-1,1.772373592E2,1.850886815E-1,-7.593013734E-2,1.772372324E2
2.974070208E2,2.409621246E-2,7.091349107E-4,1.597612980E-3,9.997081161E-1,1.772385102E2,1.849780930E-1,-7.682581426E-2,1.772383819E2
2.974120208E2,2.409892876E-2,7.066863473E-4,1.595022390E-3,9.997080564E-1,1.772381988E2,1.846747648E-1,-7.655196311E-2,1.772380712E2
2.974170208E2,2.409892494E-2,7.071630680E-4,1.594868721E-3,9.997080564E-1,1.772381993E2,1.846584772E-1,-7.660700044E-2,1.772380716E2
2.974220208E2,2.409863121E-2,7.073797169E-4,1.599205076E-3,9.997080564E-1,1.772382329E2,1.851558193E-1,-7.661989818E-2,1.772381049E2
2.974270208E2,2.409131213E-2,7.116961642E-4,1.595780021E-3,9.997082353E-1,1.772390719E2,1.847748070E-1,-7.712519392E-2,1.772389433E2
2.974320208E2,2.409383112E-2,7.109389990E-4,1.595427166E-3,9.997081757E-1,1.772387831E2,1.847324880E-1,-7.703896314E-2,1.772386547E2
2.974370208E2,2.409115412E-2,7.126629935E-4,1.597732888E-3,9.997082353E-1,1.772390900E2,1.850011818E-1,-7.723058989E-2,1.772389611E2
2.974420208E2,2.408888878E-2,7.134518237E-4,1.594238100E-3,9.997082949E-1,1.772393496E2,1.846028268E-1,-7.733102347E-2,1.772392209E2
2.974470208E2,2.408892451E-2,7.145287236E-4,1.593215624E-3,9.997082949E-1,1.772393456E2,1.844886693E-1,-7.745720713E-2,1.772392166E2
2.974520208E2,2.409406097E-2,7.111027953E-4,1.591879060E-3,9.997081757E-1,1.772387568E2,1.843264923E-1,-7.706748158E-2,1.772386286E2
2.974570208E2,2.409880396E-2,7.071509608E-4,1.596701099E-3,9.997080564E-1,1.772382131E2,1.848683489E-1,-7.660057542E-2,1.772380853E2
2.974620208E2,2.408366202E-2,7.178197848E-4,1.596490154E-3,9.997084141E-1,1.772399488E2,1.848724709E-1,-7.782615887E-2,1.772398190E2
2.974670208E2,2.407865593E-2,7.209900650E-4,1.595924492E-3,9.997085333E-1,1.772405226E2,1.848160285E-1,-7.819182710E-2,1.772403922E2
2.974720208E2,2.408129909E-2,7.191718323E-4,1.594200032E-3,9.997084737E-1,1.772402196E2,1.846136654E-1,-7.798780389E-2,1.772400897E2
2.974770208E2,2.407882012E-2,7.215169608E-4,1.593206776E-3,9.997085333E-1,1.772405038E2,1.845061577E-1,-7.825965614E-2,1.772403735E2
2.974820208E2,2.407378479E-2,7.243313594E-4,1.593221212E-3,9.997086525E-1,1.772410809E2,1.845151823E-1,-7.858295813E-2,1.772409502E2
2.974870208E2,2.407392668E-2,7.238836843E-4,1.591279521E-3,9.997086525E-1,1.772410647E2,1.842915210E-1,-7.853700382E-2,1.772409341E2
2.974920208E2,2.407871456E-2,7.200768450E-4,1.595452079E-3,9.997085333E-1,1.772405159E2,1.847593939E-1,-7.808850297E-2,1.772403857E2
2.974970208E2,2.407063295E-2,7.254324155E-4,1.602911856E-3,9.997087121E-1,1.772414422E2,1.856281185E-1,-7.868294397E-2,1.772413105E2
2.975020208E2,2.406062534E-2,7.333016838E-4,1.600883435E-3,9.997089505E-1,1.772425893E2,1.854166576E-1,-7.959188477E-2,1.772424563E2
2.975070208E2,2.406361365E-2,7.302824524E-4,1.594556845E-3,9.997088909E-1,1.772422468E2,1.846838034E-1,-7.926289903E-2,1.772421148E2
2.975120208E2,2.406339859E-2,7.304075407E-4,1.597741852E-3,9.997088909E-1,1.772422715E2,1.850490013E-1,-7.926848568E-2,1.772421392E2
2.975170208E2,2.406086156E-2,7.333777030E-4,1.597294351E-3,9.997089505E-1,1.772425623E2,1.850057255E-1,-7.961044580E-2,1.772424295E2
2.975220208E2,2.406121553E-2,7.334245602E-4,1.591931679E-3,9.997089505E-1,1.772425217E2,1.843915427E-1,-7.963053493E-2,1.772423893E2
2.975270208E2,2.406856260E-2,7.272950606E-4,1.595967100E-3,9.997087717E-1,1.772416795E2,1.848375121E-1,-7.891586469E-2,1.772415480E2
2.975320208E2,2.407355827E-2,7.248698967E-4,1.596395858E-3,9.997086525E-1,1.772411069E2,1.848803332E-1,-7.863593572E-2,1.772409758E2
2.975370208E2,2.407359742E-2,7.240107516E-4,1.596195390E-3,9.997086525E-1,1.772411024E2,1.848550007E-1,-7.853805939E-2,1.772409715E2
2.975420208E2,2.407608340E-2,7.231166819E-4,1.596436254E-3,9.997085929E-1,1.772408175E2,1.848803219E-1,-7.843451213E-2,1.772406867E2
2.975470208E2,2.408103097E-2,7.198692183E-4,1.597930910E-3,9.997084737E-1,1.772402503E2,1.850429732E-1,-7.805744889E-2,1.772401201E2
2.975520208E2,2.407578424E-2,7.220663829E-4,1.601415570E-3,9.997085929E-1,1.772408518E2,1.854478237E-1,-7.830050906E-2,1.772407208E2
2.975570208E2,2.408868500E-2,7.146661519E-4,1.596771181E-3,9.997082949E-1,1.772393730E2,1.848963495E-1,-7.746317977E-2,1.772392438E2
2.975620208E2,2.408901967E-2,7.144630654E-4,1.591805601E-3,9.997082949E-1,1.772393346E2,1.843269654E-1,-7.745356029E-2,1.772392059E2
2.975670208E2,2.408858903E-2,7.134318002E-4,1.598769799E-3,9.997082949E-1,1.772393840E2,1.851218932E-1,-7.731627530E-2,1.772392549E2
2.975720208E2,2.408317157E-2,7.172096521E-4,1.604144461E-3,9.997084141E-1,1.772400050E2,1.857476150E-1,-7.773522903E-2,1.772398747E2
2.975770208E2,2.407813105E-2,7.200969267E-4,1.604225254E-3,9.997085333E-1,1.772405827E2,1.857644461E-1,-7.806670363E-2,1.772404519E2
2.975820208E2,2.407826431E-2,7.215913502E-4,1.601551310E-3,9.997085333E-1,1.772405675E2,1.854622573E-1,-7.824525556E-2,1.772404366E2
2.975870208E2,2.408291485E-2,7.177682128E-4,1.607744722E-3,9.997084141E-1,1.772400344E2,1.861615773E-1,-7.778932831E-2,1.772399038E2
2.975920208E2,2.408502202E-2,7.159654633E-4,1.614033594E-3,9.997083545E-1,1.772397929E2,1.868772091E-1,-7.756505846E-2,1.772396621E2
2.975970208E2,2.407516263E-2,7.223524735E-4,1.610605395E-3,9.997085929E-1,1.772409230E2,1.865013377E-1,-7.830804417E-2,1.772407913E2
2.976020208E2,2.408030078E-2,7.194951177E-4,1.609064522E-3,9.997084737E-1,1.772403340E2,1.863173342E-1,-7.798400417E-2,1.772402030E2
2.976070208E2,2.408038437E-2,7.187497686E-4,1.608146471E-3,9.997084737E-1,1.772403245E2,1.862101131E-1,-7.790113615E-2,1.772401936E2
2.976120208E2,2.407290550E-2,7.239112165E-4,1.606641570E-3,9.997086525E-1,1.772411817E2,1.860513712E-1,-7.849796703E-2,1.772410500E2
2.976170208E2,2.407543163E-2,7.233397337E-4,1.606135047E-3,9.997085929E-1,1.772408922E2,1.859919661E-1,-7.843342633E-2,1.772407606E2
2.976220208E2,2.408805715E-2,7.135291817E-4,1.606720267E-3,9.997082949E-1,1.772394450E2,1.860329148E-1,-7.730558298E-2,1.772393152E2
2.976270208E2,2.408561891E-2,7.149851299E-4,1.605538768E-3,9.997083545E-1,1.772397245E2,1.859013944E-1,-7.747608860E-2,1.772395945E2
2.976320208E2,2.408335975E-2,7.173286285E-4,1.601263531E-3,9.997084141E-1,1.772399834E2,1.854179229E-1,-7.775677482E-2,1.772398533E2
2.976370208E2,2.409337272E-2,7.110043080E-4,1.602305798E-3,9.997081757E-1,1.772388357E2,1.855206389E-1,-7.702753741E-2,1.772387067E2
2.976420208E2,2.409313558E-2,7.112940657E-4,1.605739351E-3,9.997081757E-1,1.772388629E2,1.859147635E-1,-7.705129548E-2,1.772387336E2
2.976470208E2,2.408317915E-2,7.168868324E-4,1.604174962E-3,9.997084141E-1,1.772400041E2,1.857502187E-1,-7.769816180E-2,1.772398739E2
2.976520208E2,2.407815871E-2,7.212118362E-4,1.603308949E-3,9.997085333E-1,1.772405796E2,1.856625543E-1,-7.819694888E-2,1.772404486E2
2.976570208E2,2.408561512E-2,7.153607439E-4,1.605428290E-3,9.997083545E-1,1.772397249E2,1.858897748E-1,-7.751942390E-2,1.772395949E2
2.976620208E2,2.408310604E-2,7.170246681E-4,1.605210593E-3,9.997084141E-1,1.772400125E2,1.858692338E-1,-7.771110741E-2,1.772398822E2
2.976670208E2,2.407824036E-2,7.209089235E-4,1.602218603E-3,9.997085333E-1,1.772405702E2,1.855368163E-1,-7.816524117E-2,1.772404394E2
2.976720208E2,2.407566554E-2,7.232431090E-4,1.602668664E-3,9.997085929E-1,1.772408654E2,1.855946140E-1,-7.843187743E-2,1.772407341E2
2.976770208E2,2.406819049E-2,7.284465246E-4,1.601045602E-3,9.997087717E-1,1.772417222E2,1.854224450E-1,-7.903383591E-2,1.772415900E2
2.976820208E2,2.406809924E-2,7.280229474E-4,1.602609293E-3,9.997087717E-1,1.772417326E2,1.856004035E-1,-7.898101571E-2,1.772416004E2
2.976870208E2,2.406823574E-2,7.284703315E-4,1.600354328E-3,9.997087717E-1,1.772417170E2,1.853433228E-1,-7.903846143E-2,1.772415849E2
2.976920208E2,2.407077674E-2,7.258040714E-4,1.600582735E-3,9.997087121E-1,1.772414257E2,1.853623343E-1,-7.873191826E-2,1.772412941E2
2.976970208E2,2.406842268E-2,7.276239339E-4,1.597926137E-3,9.997087717E-1,1.772416956E2,1.850628328E-1,-7.894816234E-2,1.772415638E2
2.977020208E2,2.406577269E-2,7.291021175E-4,1.599873533E-3,9.997088313E-1,1.772419993E2,1.852897914E-1,-7.911262034E-2,1.772418671E2
2.977070208E2,2.406307106E-2,7.308606873E-4,1.602460397E-3,9.997088909E-1,1.772423090E2,1.855907750E-1,-7.930744631E-2,1.772421763E2
2.977120208E2,2.406291796E-2,7.305065519E-4,1.604919089E-3,9.997088909E-1,1.772423265E2,1.858714505E-1,-7.926012565E-2,1.772421937E2
2.977170208E2,2.406780495E-2,7.281610742E-4,1.606960199E-3,9.997087717E-1,1.772417664E2,1.860991950E-1,-7.898489365E-2,1.772416338E2
2.977220208E2,2.407818379E-2,7.209179457E-4,1.603064477E-3,9.997085333E-1,1.772405767E2,1.856337389E-1,-7.816395123E-2,1.772404458E2
2.977270208E2,2.407064990E-2,7.253009826E-4,1.602716860E-3,9.997087121E-1,1.772414403E2,1.856054188E-1,-7.866842198E-2,1.772413086E2
2.977320208E2,2.407829787E-2,7.212774944E-4,1.601188094E-3,9.997085333E-1,1.772405636E2,1.854197843E-1,-7.821029681E-2,1.772404328E2
2.977370208E2,2.408591002E-2,7.150250603E-4,1.601147815E-3,9.997083545E-1,1.772396911E2,1.853985061E-1,-7.749272863E-2,1.772395615E2
2.977420208E2,2.409099841E-2,7.123336545E-4,1.600225572E-3,9.997082353E-1,1.772391078E2,1.852858188E-1,-7.718600853E-2,1.772389788E2
2.977470208E2,2.408605116E-2,7.152086473E-4,1.598941162E-3,9.997083545E-1,1.772396749E2,1.851462329E-1,-7.751982463E-2,1.772395454E2
2.977520208E2,2.408827502E-2,7.137936191E-4,1.603332930E-3,9.997082949E-1,1.772394200E2,1.856456134E-1,-7.734518647E-2,1.772392904E2
2.977570208E2,2.408285651E-2,7.176413201E-4,1.608674997E-3,9.997084141E-1,1.772400411E2,1.862677935E-1,-7.777223518E-2,1.772399104E2
2.977620208E2,2.408042827E-2,7.195944199E-4,1.607111073E-3,9.997084737E-1,1.772403194E2,1.860938339E-1,-7.800074694E-2,1.772401885E2
2.977670208E2,2.408030034E-2,7.186155999E-4,1.609464176E-3,9.997084737E-1,1.772403341E2,1.863606907E-1,-7.788214543E-2,1.772402031E2
2.977720208E2,2.408502472E-2,7.163308910E-4,1.613831148E-3,9.997083545E-1,1.772397926E2,1.868550261E-1,-7.760747945E-2,1.772396617E2
2.977770208E2,2.409249942E-2,7.101584924E-4,1.615755842E-3,9.997081757E-1,1.772389358E2,1.870590533E-1,-7.689366976E-2,1.772388060E2
2.977820208E2,2.409257743E-2,7.102727541E-4,1.614541863E-3,9.997081757E-1,1.772389268E2,1.869203032E-1,-7.691009649E-2,1.772387971E2
2.977870208E2,2.409008339E-2,7.119677612E-4,1.614103443E-3,9.997082353E-1,1.772392127E2,1.868745663E-1,-7.710595005E-2,1.772390827E2
2.977920208E2,2.409497941E-2,7.090333966E-4,1.616147696E-3,9.997081161E-1,1.772386515E2,1.871010274E-1,-7.676323482E-2,1.772385219E2
2.977970208E2,2.409287993E-2,7.106430712E-4,1.609858125E-3,9.997081757E-1,1.772388922E2,1.863847870E-1,-7.696539446E-2,1.772387627E2
2.978020208E2,2.409044575E-2,7.127632853E-4,1.608333783E-3,9.997082353E-1,1.772391712E2,1.862158270E-1,-7.721294438E-2,1.772390414E2
2.978070208E2,2.409293137E-2,7.103262469E-4,1.609227969E-3,9.997081757E-1,1.772388863E2,1.863117263E-1,-7.693082991E-2,1.772387569E2
2.978120208E2,2.409243611E-2,7.108320133E-4,1.616403577E-3,9.997081757E-1,1.772389430E2,1.871351117E-1,-7.696905057E-2,1.772388130E2
2.978170208E2,2.409240345E-2,7.114969776E-4,1.616597758E-3,9.997081757E-1,1.772389468E2,1.871591904E-1,-7.704469766E-2,1.772388166E2
2.978220208E2,2.408782975E-2,7.143248804E-4,1.609773026E-3,9.997082949E-1,1.772394710E2,1.863848135E-1,-7.738835227E-2,1.772393409E2
2.978270208E2,2.409540298E-2,7.095702458E-4,1.609583851E-3,9.997081161E-1,1.772386030E2,1.863505981E-1,-7.684278051E-2,1.772384737E2
2.978320208E2,2.409537188E-2,7.084351382E-4,1.610549050E-3,9.997081161E-1,1.772386065E2,1.864580329E-1,-7.671008531E-2,1.772384774E2
2.978370208E2,2.409038581E-2,7.120457012E-4,1.609549043E-3,9.997082353E-1,1.772391780E2,1.863530595E-1,-7.712739547E-2,1.772390483E2
2.978420208E2,2.408056629E-2,7.184769493E-4,1.605542144E-3,9.997084737E-1,1.772403036E2,1.859110264E-1,-7.787703538E-2,1.772401730E2
2.978470208E2,2.408818371E-2,7.136214408E-4,1.604780671E-3,9.997082949E-1,1.772394305E2,1.858109821E-1,-7.732148260E-2,1.772393008E2
2.978520208E2,2.408780427E-2,7.136854110E-4,1.610437757E-3,9.997082949E-1,1.772394740E2,1.864591968E-1,-7.731326566E-2,1.772393439E2
2.978570208E2,2.408271309E-2,7.180714165E-4,1.610629028E-3,9.997084141E-1,1.772400575E2,1.864928204E-1,-7.781614021E-2,1.772399266E2
2.978620208E2,2.408525513E-2,7.167219301E-4,1.610214822E-3,9.997083545E-1,1.772397662E2,1.864418424E-1,-7.766221454E-2,1.772396355E2
2.978670208E2,2.408771008E-2,7.145468844E-4,1.611464191E-3,9.997082949E-1,1.772394848E2,1.865791545E-1,-7.740913869E-2,1.772393544E2
2.978720208E2,2.409994177E-2,7.053829031E-4,1.617493574E-3,9.997079968E-1,1.772380827E2,1.872455073E-1,-7.634039531E-2,1.772379537E2
2.978770208E2,2.409458812E-2,7.093001623E-4,1.621854259E-3,9.997081161E-1,1.772386964E2,1.877554693E-1,-7.677811145E-2,1.772385662E2
2.978820208E2,2.409009759E-2,7.127911085E-4,1.613528002E-3,9.997082353E-1,1.772392111E2,1.868109189E-1,-7.720185716E-2,1.772390809E2
2.978870208E2,2.409509980E-2,7.090001600E-4,1.614366425E-3,9.997081161E-1,1.772386377E2,1.868968851E-1,-7.676432326E-2,1.772385082E2
2.978920208E2,2.409275232E-2,7.109208964E-4,1.611644286E-3,9.997081757E-1,1.772389068E2,1.865901641E-1,-7.699231388E-2,1.772387771E2
2.978970208E2,2.408771977E-2,7.147191791E-4,1.611243002E-3,9.997082949E-1,1.772394836E2,1.865542918E-1,-7.742948522E-2,1.772393533E2
2.979020208E2,2.409024271E-2,7.121257950E-4,1.611654065E-3,9.997082353E-1,1.772391945E2,1.865944178E-1,-7.713078626E-2,1.772390646E2
2.979070208E2,2.408743764E-2,7.140981616E-4,1.615729881E-3,9.997082949E-1,1.772395160E2,1.870665659E-1,-7.734600986E-2,1.772393854E2
2.979120208E2,2.407732898E-2,7.212356431E-4,1.615710789E-3,9.997085333E-1,1.772406747E2,1.870832921E-1,-7.816561117E-2,1.772405428E2
2.979170208E2,2.407772397E-2,7.210703916E-4,1.609887811E-3,9.997085333E-1,1.772406294E2,1.864157950E-1,-7.816267332E-2,1.772404980E2
2.979220208E2,2.408264069E-2,7.180037792E-4,1.611741376E-3,9.997084141E-1,1.772400658E2,1.866200571E-1,-7.780533545E-2,1.772399348E2
2.979270208E2,2.408224309E-2,7.171814796E-4,1.618036069E-3,9.997084141E-1,1.772401114E2,1.873388675E-1,-7.769383669E-2,1.772399801E2
2.979320208E2,2.406478428E-2,7.291080547E-4,1.614670036E-3,9.997088313E-1,1.772421126E2,1.869847963E-1,-7.907267851E-2,1.772419793E2
2.979370208E2,2.406760530E-2,7.282213774E-4,1.609920408E-3,9.997087717E-1,1.772417893E2,1.864384629E-1,-7.898367454E-2,1.772416564E2
2.979420208E2,2.406756805E-2,7.279795245E-4,1.610586420E-3,9.997087717E-1,1.772417935E2,1.865140903E-1,-7.895413834E-2,1.772416607E2
2.979470208E2,2.406466532E-2,7.292621303E-4,1.616372494E-3,9.997088313E-1,1.772421263E2,1.871802430E-1,-7.908565645E-2,1.772419927E2
2.979520208E2,2.405979497E-2,7.334256079E-4,1.613258733E-3,9.997089505E-1,1.772426845E2,1.868346302E-1,-7.957211430E-2,1.772425504E2
2.979570208E2,2.405737524E-2,7.346737548E-4,1.611839863E-3,9.997090101E-1,1.772429619E2,1.866753352E-1,-7.971946375E-2,1.772428277E2
2.979620208E2,2.405989230E-2,7.333929534E-4,1.611821470E-3,9.997089505E-1,1.772426734E2,1.866698970E-1,-7.957231809E-2,1.772425394E2
2.979670208E2,2.405987958E-2,7.330885273E-4,1.612149761E-3,9.997089505E-1,1.772426748E2,1.867066651E-1,-7.953654078E-2,1.772425409E2
2.979720208E2,2.405736846E-2,7.340566954E-4,1.612222055E-3,9.997090101E-1,1.772429627E2,1.867174166E-1,-7.964772210E-2,1.772428285E2
2.979770208E2,2.406223282E-2,7.321608718E-4,1.614409499E-3,9.997088909E-1,1.772424051E2,1.869631665E-1,-7.942359954E-2,1.772422712E2
2.979820208E2,2.405955018E-2,7.335160044E-4,1.616864465E-3,9.997089505E-1,1.772427126E2,1.872479276E-1,-7.957257413E-2,1.772425782E2
2.979870208E2,2.406727742E-2,7.282203878E-4,1.614814973E-3,9.997087717E-1,1.772418268E2,1.869991488E-1,-7.897012290E-2,1.772416936E2
2.979920208E2,2.407242374E-2,7.251192583E-4,1.613301341E-3,9.997086525E-1,1.772412369E2,1.868176001E-1,-7.861807594E-2,1.772411045E2
2.979970208E2,2.406744146E-2,7.281324943E-4,1.612407970E-3,9.997087717E-1,1.772418080E2,1.867231765E-1,-7.896666195E-2,1.772416750E2
2.980020208E2,2.406484758E-2,7.293940871E-4,1.613597036E-3,9.997088313E-1,1.772421054E2,1.868626688E-1,-7.910839312E-2,1.772419720E2
2.980070208E2,2.406003781E-2,7.336243871E-4,1.609542407E-3,9.997089505E-1,1.772426567E2,1.864094605E-1,-7.960508742E-2,1.772425229E2
2.980120208E2,2.406528567E-2,7.301333244E-4,1.606714446E-3,9.997088313E-1,1.772420551E2,1.860762825E-1,-7.921197788E-2,1.772419222E2
2.980170208E2,2.408034744E-2,7.192965713E-4,1.608454972E-3,9.997084737E-1,1.772403287E2,1.862469607E-1,-7.796293245E-2,1.772401977E2
2.980220208E2,2.407764704E-2,7.217880338E-4,1.610716572E-3,9.997085333E-1,1.772406382E2,1.865127110E-1,-7.824261273E-2,1.772405066E2
2.980270208E2,2.407261184E-2,7.243177970E-4,1.610852894E-3,9.997086525E-1,1.772412154E2,1.865349132E-1,-7.853298123E-2,1.772410832E2
2.980320208E2,2.408547213E-2,7.162796683E-4,1.607162878E-3,9.997083545E-1,1.772397413E2,1.860910122E-1,-7.761993311E-2,1.772396110E2
2.980370208E2,2.408238106E-2,7.170060999E-4,1.616058988E-3,9.997084141E-1,1.772400956E2,1.871119026E-1,-7.767917595E-2,1.772399644E2
2.980420208E2,2.407437926E-2,7.228846662E-4,1.622035634E-3,9.997085929E-1,1.772410128E2,1.878121765E-1,-7.833762296E-2,1.772408801E2
2.980470208E2,2.407972350E-2,7.196870283E-4,1.617595204E-3,9.997084737E-1,1.772404002E2,1.872950814E-1,-7.798255655E-2,1.772402684E2
2.980520208E2,2.408028780E-2,7.189339958E-4,1.609509578E-3,9.997084737E-1,1.772403355E2,1.863667696E-1,-7.791849734E-2,1.772402045E2
2.980570208E2,2.407984079E-2,7.190428441E-4,1.616135123E-3,9.997084737E-1,1.772403868E2,1.871260480E-1,-7.791276707E-2,1.772402552E2
2.980620208E2,2.407965666E-2,7.202270208E-4,1.618349692E-3,9.997084737E-1,1.772404079E2,1.873829995E-1,-7.804234766E-2,1.772402759E2
2.980670208E2,2.407994649E-2,7.192138000E-4,1.614483190E-3,9.997084737E-1,1.772403747E2,1.869372850E-1,-7.793689018E-2,1.772402432E2
2.980720208E2,2.407011226E-2,7.256343961E-4,1.610620995E-3,9.997087121E-1,1.772415019E2,1.865117828E-1,-7.868491455E-2,1.772413695E2
2.980770208E2,2.407510266E-2,7.233275683E-4,1.611064188E-3,9.997085929E-1,1.772409299E2,1.865565821E-1,-7.841849469E-2,1.772407979E2
2.980820208E2,2.407502583E-2,7.235760568E-4,1.612100285E-3,9.997085929E-1,1.772409387E2,1.866759554E-1,-7.844411691E-2,1.772408066E2
2.980870208E2,2.406293264E-2,7.305892068E-4,1.604661345E-3,9.997088909E-1,1.772423249E2,1.858421529E-1,-7.927030246E-2,1.772421920E2
2.980920208E2,2.407538747E-2,7.229641778E-4,1.606965903E-3,9.997085929E-1,1.772408972E2,1.860861081E-1,-7.838811924E-2,1.772407657E2
2.980970208E2,2.407024033E-2,7.256688550E-4,1.608690363E-3,9.997087121E-1,1.772414872E2,1.862907175E-1,-7.869416363E-2,1.772413550E2
2.981020208E2,2.406036718E-2,7.326258346E-4,1.605067519E-3,9.997089505E-1,1.772426189E2,1.858940961E-1,-7.950297198E-2,1.772424857E2
2.981070208E2,2.405783493E-2,7.354121190E-4,1.604625839E-3,9.997090101E-1,1.772429092E2,1.858509790E-1,-7.982385243E-2,1.772427754E2
2.981120208E2,2.406792335E-2,7.278553676E-4,1.605324564E-3,9.997087717E-1,1.772417528E2,1.859109850E-1,-7.895436168E-2,1.772416204E2
2.981170208E2,2.406065013E-2,7.328600041E-4,1.600713120E-3,9.997089505E-1,1.772425865E2,1.853959305E-1,-7.954175172E-2,1.772424535E2
2.981220208E2,2.405884539E-2,7.347686915E-4,1.589701278E-3,9.997090101E-1,1.772427934E2,1.841395485E-1,-7.979110282E-2,1.772426609E2
2.981270208E2,2.406905310E-2,7.277040277E-4,1.588365412E-3,9.997087717E-1,1.772416233E2,1.839678404E-1,-7.898359186E-2,1.772414923E2
2.981320208E2,2.407380815E-2,7.245290908E-4,1.592778368E-3,9.997086525E-1,1.772410783E2,1.844649981E-1,-7.860682729E-2,1.772409475E2
2.981370208E2,2.406434696E-2,7.306357729E-4,1.583288540E-3,9.997088909E-1,1.772421627E2,1.833939548E-1,-7.933431401E-2,1.772420316E2
2.981420208E2,2.406720925E-2,7.296422264E-4,1.577866147E-3,9.997088313E-1,1.772418347E2,1.827702598E-1,-7.923492513E-2,1.772417041E2
2.981470208E2,2.407442294E-2,7.245932356E-4,1.583429403E-3,9.997086525E-1,1.772410078E2,1.833942194E-1,-7.863985466E-2,1.772408777E2
2.981520208E2,2.406677041E-2,7.295515970E-4,1.584587269E-3,9.997088313E-1,1.772418850E2,1.835399373E-1,-7.920608628E-2,1.772417539E2
2.981570208E2,2.406177249E-2,7.326437626E-4,1.583852456E-3,9.997089505E-1,1.772424578E2,1.834638893E-1,-7.956326314E-2,1.772423263E2
2.981620208E2,2.406680747E-2,7.284767926E-4,1.584518934E-3,9.997088313E-1,1.772418807E2,1.835291473E-1,-7.908314024E-2,1.772417499E2
2.981670208E2,2.407185418E-2,7.261777646E-4,1.584124868E-3,9.997087121E-1,1.772413022E2,1.834780602E-1,-7.881992823E-2,1.772411718E2
2.981720208E2,2.407184260E-2,7.253540680E-4,1.584678073E-3,9.997087121E-1,1.772413036E2,1.835391614E-1,-7.872404308E-2,1.772411733E2
2.981770208E2,2.407991014E-2,7.196380175E-4,1.577504911E-3,9.997085333E-1,1.772403788E2,1.827022747E-1,-7.808753570E-2,1.772402502E2
2.981820208E2,2.408495108E-2,7.163281552E-4,1.577601884E-3,9.997084141E-1,1.772398010E2,1.827046413E-1,-7.770717496E-2,1.772396730E2
2.981870208E2,2.408703030E-2,7.153877523E-4,1.584041747E-3,9.997083545E-1,1.772395627E2,1.834399481E-1,-7.758128814E-2,1.772394343E2
2.981920208E2,2.408446397E-2,7.164978888E-4,1.584944199E-3,9.997084141E-1,1.772398568E2,1.835461968E-1,-7.770644350E-2,1.772397282E2
2.981970208E2,2.407952668E-2,7.198877865E-4,1.583233941E-3,9.997085333E-1,1.772404228E2,1.833592435E-1,-7.810040995E-2,1.772402936E2
2.982020208E2,2.407925700E-2,7.207860472E-4,1.586922444E-3,9.997085333E-1,1.772404537E2,1.837842509E-1,-7.819318443E-2,1.772403241E2
2.982070208E2,2.408170645E-2,7.190678734E-4,1.588081708E-3,9.997084737E-1,1.772401729E2,1.839125040E-1,-7.799270403E-2,1.772400436E2
2.982120208E2,2.407697179E-2,7.227276801E-4,1.583159086E-3,9.997085929E-1,1.772407156E2,1.833583050E-1,-7.842641821E-2,1.772405860E2
2.982170208E2,2.407220296E-2,7.257823017E-4,1.578997821E-3,9.997087121E-1,1.772412623E2,1.828896495E-1,-7.878870420E-2,1.772411323E2
2.982220208E2,2.407718548E-2,7.222986314E-4,1.580102136E-3,9.997085929E-1,1.772406911E2,1.830069381E-1,-7.838566263E-2,1.772405618E2
2.982270208E2,2.407731244E-2,7.217472885E-4,1.578418538E-3,9.997085929E-1,1.772406766E2,1.828125560E-1,-7.832712390E-2,1.772405475E2
2.982320208E2,2.406996619E-2,7.269342896E-4,1.574823400E-3,9.997087717E-1,1.772415186E2,1.824144354E-1,-7.893259760E-2,1.772413888E2
2.982370208E2,2.406764558E-2,7.287447224E-4,1.571613131E-3,9.997088313E-1,1.772417846E2,1.820514821E-1,-7.914927523E-2,1.772416548E2
2.982420208E2,2.406745403E-2,7.291024667E-4,1.574378111E-3,9.997088313E-1,1.772418066E2,1.823692059E-1,-7.918266668E-2,1.772416764E2
2.982470208E2,2.407512962E-2,7.234784425E-4,1.573161338E-3,9.997086525E-1,1.772409268E2,1.822149043E-1,-7.854034528E-2,1.772407978E2
2.982520208E2,2.407002729E-2,7.264392334E-4,1.574117923E-3,9.997087717E-1,1.772415116E2,1.823322561E-1,-7.887781965E-2,1.772413820E2
2.982570208E2,2.407767776E-2,7.224454312E-4,1.572515466E-3,9.997085929E-1,1.772406347E2,1.821382638E-1,-7.842332301E-2,1.772405059E2
2.982620208E2,2.408248427E-2,7.187135052E-4,1.576404087E-3,9.997084737E-1,1.772400838E2,1.825738153E-1,-7.798419284E-2,1.772399554E2
2.982670208E2,2.407738781E-2,7.224929868E-4,1.576927025E-3,9.997085929E-1,1.772406679E2,1.826437540E-1,-7.841665136E-2,1.772405388E2
2.982720208E2,2.408000517E-2,7.209344185E-4,1.575461123E-3,9.997085333E-1,1.772403679E2,1.824717265E-1,-7.824167154E-2,1.772402392E2
2.982770208E2,2.408773606E-2,7.157406071E-4,1.573112677E-3,9.997083545E-1,1.772394818E2,1.821889588E-1,-7.765174947E-2,1.772393542E2
2.982820208E2,2.408008538E-2,7.199383690E-4,1.574690454E-3,9.997085333E-1,1.772403587E2,1.823806972E-1,-7.812967793E-2,1.772402302E2
2.982870208E2,2.407286464E-2,7.259465638E-4,1.568801817E-3,9.997087121E-1,1.772411864E2,1.817221153E-1,-7.883552823E-2,1.772410573E2
2.982920208E2,2.408059935E-2,7.208007737E-4,1.566414488E-3,9.997085333E-1,1.772402998E2,1.814350348E-1,-7.825121777E-2,1.772401718E2
2.982970208E2,2.407541448E-2,7.234231452E-4,1.568821375E-3,9.997086525E-1,1.772408941E2,1.817175942E-1,-7.854593244E-2,1.772407655E2
2.983020208E2,2.407527189E-2,7.232297212E-4,1.571097178E-3,9.997086525E-1,1.772409105E2,1.819777620E-1,-7.851752120E-2,1.772407817E2
2.983070208E2,2.408281592E-2,7.192448829E-4,1.571086119E-3,9.997084737E-1,1.772400457E2,1.819660891E-1,-7.805968258E-2,1.772399177E2
2.983120208E2,2.408794120E-2,7.158770459E-4,1.569906133E-3,9.997083545E-1,1.772394583E2,1.818220145E-1,-7.767619362E-2,1.772393309E2
2.983170208E2,2.408557353E-2,7.167844451E-4,1.567861531E-3,9.997084141E-1,1.772397297E2,1.815901086E-1,-7.778621763E-2,1.772396023E2
2.983220208E2,2.408331358E-2,7.180979010E-4,1.563966041E-3,9.997084737E-1,1.772399887E2,1.811472965E-1,-7.794784634E-2,1.772398614E2
2.983270208E2,2.408081266E-2,7.203275454E-4,1.563349972E-3,9.997085333E-1,1.772402754E2,1.810826789E-1,-7.820542368E-2,1.772401477E2
2.983320208E2,2.408084746E-2,7.192745106E-4,1.563298749E-3,9.997085333E-1,1.772402714E2,1.810739074E-1,-7.808492495E-2,1.772401439E2
2.983370208E2,2.408579892E-2,7.168644224E-4,1.564358594E-3,9.997084141E-1,1.772397038E2,1.811890556E-1,-7.780500742E-2,1.772395767E2
2.983420208E2,2.408342886E-2,7.188652526E-4,1.561836922E-3,9.997084737E-1,1.772399755E2,1.809055146E-1,-7.804160800E-2,1.772398482E2
2.983470208E2,2.408364588E-2,7.187838783E-4,1.558524440E-3,9.997084737E-1,1.772399506E2,1.805258339E-1,-7.804138880E-2,1.772398236E2
2.983520208E2,2.408840833E-2,7.146770949E-4,1.563271391E-3,9.997083545E-1,1.772394047E2,1.810586718E-1,-7.755695940E-2,1.772392781E2
2.983570208E2,2.410363193E-2,7.053320296E-4,1.561562764E-3,9.997079968E-1,1.772376597E2,1.808382998E-1,-7.648836847E-2,1.772375350E2
2.983620208E2,2.408637766E-2,7.164549315E-4,1.555611030E-3,9.997084141E-1,1.772396375E2,1.801858622E-1,-7.778213725E-2,1.772395111E2
2.983670208E2,2.408163791E-2,7.204389549E-4,1.550534274E-3,9.997085333E-1,1.772401808E2,1.796149034E-1,-7.825340433E-2,1.772400541E2
2.983720208E2,2.408658736E-2,7.163751288E-4,1.552397502E-3,9.997084141E-1,1.772396134E2,1.798175212E-1,-7.778182754E-2,1.772394874E2
2.983770208E2,2.409397384E-2,7.116105990E-4,1.555114286E-3,9.997082353E-1,1.772387668E2,1.801161701E-1,-7.722718180E-2,1.772386413E2
2.983820208E2,2.409156797E-2,7.135330816E-4,1.553188544E-3,9.997082949E-1,1.772390425E2,1.799006822E-1,-7.745316800E-2,1.772389169E2
2.983870208E2,2.410188399E-2,7.064308738E-4,1.549842884E-3,9.997080564E-1,1.772378601E2,1.794985897E-1,-7.664693653E-2,1.772377360E2
2.983920208E2,2.410905149E-2,7.016645977E-4,1.555858529E-3,9.997078776E-1,1.772370385E2,1.801751127E-1,-7.608301377E-2,1.772369148E2
2.983970208E2,2.409871240E-2,7.073648740E-4,1.560253324E-3,9.997081161E-1,1.772382236E2,1.806935304E-1,-7.672575346E-2,1.772380986E2
2.984020208E2,2.409383334E-2,7.109405124E-4,1.557595679E-3,9.997082353E-1,1.772387829E2,1.803985736E-1,-7.714359190E-2,1.772386574E2
2.984070208E2,2.410381795E-2,7.043175865E-4,1.559147378E-3,9.997079968E-1,1.772376384E2,1.805588088E-1,-7.637879393E-2,1.772375140E2
2.984120208E2,2.410862994E-2,7.018863107E-4,1.562277321E-3,9.997078776E-1,1.772370868E2,1.809110202E-1,-7.609075510E-2,1.772369626E2
2.984170208E2,2.410615057E-2,7.030805573E-4,1.561858109E-3,9.997079372E-1,1.772373710E2,1.808661066E-1,-7.622917251E-2,1.772372466E2
2.984220208E2,2.411150431E-2,6.999516627E-4,1.556918374E-3,9.997078180E-1,1.772367573E2,1.802919802E-1,-7.588341262E-2,1.772366339E2
2.984270208E2,2.410628904E-2,7.029328262E-4,1.559785916E-3,9.997079372E-1,1.772373551E2,1.806283218E-1,-7.621794810E-2,1.772372310E2
2.984320208E2,2.410852680E-2,7.015282754E-4,1.564028789E-3,9.997078776E-1,1.772370986E2,1.811106686E-1,-7.604491902E-2,1.772369744E2
2.984370208E2,2.410874677E-2,7.006727974E-4,1.561018755E-3,9.997078776E-1,1.772370734E2,1.807634967E-1,-7.595519329E-2,1.772369496E2
2.984420208E2,2.410615681E-2,7.023820654E-4,1.562076039E-3,9.997079372E-1,1.772373703E2,1.808891430E-1,-7.614855141E-2,1.772372460E2
2.984470208E2,2.410579738E-2,7.027368410E-4,1.567453961E-3,9.997079372E-1,1.772374115E2,1.815061823E-1,-7.617440266E-2,1.772372868E2
2.984520208E2,2.410295251E-2,7.042220677E-4,1.572512439E-3,9.997079968E-1,1.772377376E2,1.820895599E-1,-7.633109183E-2,1.772376122E2
2.984570208E2,2.410054067E-2,7.057700423E-4,1.570890541E-3,9.997080564E-1,1.772380140E2,1.819078492E-1,-7.651334366E-2,1.772378885E2
2.984620208E2,2.411330102E-2,6.975084543E-4,1.568418811E-3,9.997077584E-1,1.772365514E2,1.816028369E-1,-7.557141999E-2,1.772364276E2
2.984670208E2,2.411538139E-2,6.961277686E-4,1.575024682E-3,9.997076988E-1,1.772363129E2,1.823559365E-1,-7.539461770E-2,1.772361889E2
2.984720208E2,2.410773005E-2,7.014208823E-4,1.576310024E-3,9.997078776E-1,1.772371900E2,1.825172307E-1,-7.599883159E-2,1.772370648E2
2.984770208E2,2.410756440E-2,7.017899188E-4,1.578677329E-3,9.997078776E-1,1.772372090E2,1.827894326E-1,-7.603459793E-2,1.772370835E2
2.984820208E2,2.410540624E-2,7.029208937E-4,1.573375426E-3,9.997079372E-1,1.772374563E2,1.821850150E-1,-7.617920091E-2,1.772373311E2
2.984870208E2,2.410783849E-2,7.009317051E-4,1.574868453E-3,9.997078776E-1,1.772371775E2,1.823507432E-1,-7.594675518E-2,1.772370526E2
2.984920208E2,2.411012651E-2,7.003041101E-4,1.577954623E-3,9.997078180E-1,1.772369153E2,1.827027298E-1,-7.586591481E-2,1.772367902E2
2.984970208E2,2.410782364E-2,7.012184942E-4,1.574968104E-3,9.997078776E-1,1.772371792E2,1.823629504E-1,-7.597933661E-2,1.772370542E2
2.985020208E2,2.411798844E-2,6.953081465E-4,1.573299291E-3,9.997076392E-1,1.772360141E2,1.821562095E-1,-7.530501652E-2,1.772358903E2
2.985070208E2,2.411521930E-2,6.965704961E-4,1.577308984E-3,9.997076988E-1,1.772363315E2,1.826188339E-1,-7.543905256E-2,1.772362072E2
2.985120208E2,2.411531139E-2,6.961607141E-4,1.576081500E-3,9.997076988E-1,1.772363210E2,1.824770898E-1,-7.539548409E-2,1.772361968E2
2.985170208E2,2.411565934E-2,6.960530882E-4,1.570796245E-3,9.997076988E-1,1.772362811E2,1.818713479E-1,-7.539769738E-2,1.772361573E2
2.985220208E2,2.413095567E-2,6.854722742E-4,1.568141743E-3,9.997073412E-1,1.772345277E2,1.815391440E-1,-7.419013759E-2,1.772344061E2
2.985270208E2,2.413608501E-2,6.832577637E-4,1.566164196E-3,9.997072220E-1,1.772339398E2,1.813068544E-1,-7.394098587E-2,1.772338188E2
2.985320208E2,2.412595370E-2,6.887615891E-4,1.567666885E-3,9.997074604E-1,1.772351011E2,1.814934687E-1,-7.456917637E-2,1.772349789E2
2.985370208E2,2.412626250E-2,6.896202103E-4,1.562528545E-3,9.997074604E-1,1.772350657E2,1.809072259E-1,-7.468168875E-2,1.772349438E2
2.985420208E2,2.411826464E-2,6.953454576E-4,1.569043030E-3,9.997076392E-1,1.772359824E2,1.816687429E-1,-7.532100427E-2,1.772358590E2
2.985470208E2,2.411537493E-2,6.970519898E-4,1.574714785E-3,9.997076988E-1,1.772363137E2,1.823229890E-1,-7.550135234E-2,1.772361894E2
2.985520208E2,2.411515922E-2,6.960831815E-4,1.578442287E-3,9.997076988E-1,1.772363384E2,1.827473120E-1,-7.538010579E-2,1.772362141E2
2.985570208E2,2.412518620E-2,6.902046734E-4,1.578803989E-3,9.997074604E-1,1.772351891E2,1.827732506E-1,-7.470384227E-2,1.772350658E2
2.985620208E2,2.411976620E-2,6.934509147E-4,1.584698446E-3,9.997075796E-1,1.772358103E2,1.834570789E-1,-7.506042383E-2,1.772356860E2
2.985670208E2,2.410989277E-2,6.995809963E-4,1.581841963E-3,9.997078180E-1,1.772369421E2,1.831460417E-1,-7.577237856E-2,1.772368168E2
2.985720208E2,2.410268680E-2,7.051356370E-4,1.576171489E-3,9.997079968E-1,1.772377681E2,1.825112384E-1,-7.642569038E-2,1.772376422E2
2.985770208E2,2.410786022E-2,7.020743215E-4,1.574026654E-3,9.997078776E-1,1.772371750E2,1.822574666E-1,-7.607997283E-2,1.772370499E2
2.985820208E2,2.410759356E-2,7.022250211E-4,1.578038442E-3,9.997078776E-1,1.772372056E2,1.827174470E-1,-7.608620213E-2,1.772370802E2
2.985870208E2,2.410291215E-2,7.044370286E-4,1.573034679E-3,9.997079968E-1,1.772377422E2,1.821499775E-1,-7.635428222E-2,1.772376167E2
2.985920208E2,2.410079449E-2,7.058514166E-4,1.566955005E-3,9.997080564E-1,1.772379850E2,1.814572443E-1,-7.653348904E-2,1.772378597E2
2.985970208E2,2.410333541E-2,7.054454763E-4,1.566081890E-3,9.997079968E-1,1.772376937E2,1.813562947E-1,-7.648893577E-2,1.772375686E2
2.986020208E2,2.410827153E-2,7.007603999E-4,1.568302047E-3,9.997078776E-1,1.772371279E2,1.815980654E-1,-7.594519302E-2,1.772370035E2
2.986070208E2,2.410085418E-2,7.070733118E-4,1.565485261E-3,9.997080564E-1,1.772379781E2,1.812922523E-1,-7.667751552E-2,1.772378527E2
2.986120208E2,2.409857215E-2,7.086560945E-4,1.561832731E-3,9.997081161E-1,1.772382397E2,1.808780203E-1,-7.686933693E-2,1.772381143E2
2.986170208E2,2.410587232E-2,7.034864975E-4,1.565964427E-3,9.997079372E-1,1.772374029E2,1.813376203E-1,-7.626438307E-2,1.772372782E2
2.986220208E2,2.410560964E-2,7.033586735E-4,1.570060034E-3,9.997079372E-1,1.772374330E2,1.818064337E-1,-7.623847361E-2,1.772373080E2
2.986270208E2,2.410841331E-2,7.020356716E-4,1.565549755E-3,9.997078776E-1,1.772371116E2,1.812863014E-1,-7.609886389E-2,1.772369872E2
2.986320208E2,2.411103231E-2,6.995953154E-4,1.564370352E-3,9.997078180E-1,1.772368114E2,1.811446467E-1,-7.582208509E-2,1.772366875E2
2.986370208E2,2.410794918E-2,7.007218082E-4,1.573266694E-3,9.997078776E-1,1.772371649E2,1.821666767E-1,-7.592711477E-2,1.772370401E2
2.986420208E2,2.410782039E-2,7.022790960E-4,1.574545284E-3,9.997078776E-1,1.772371796E2,1.823174428E-1,-7.610200588E-2,1.772370544E2
2.986470208E2,2.411082580E-2,6.994799478E-4,1.567601459E-3,9.997078180E-1,1.772368351E2,1.815144629E-1,-7.579997859E-2,1.772367110E2
2.986520208E2,2.411090608E-2,6.994637661E-4,1.566373394E-3,9.997078180E-1,1.772368259E2,1.813737391E-1,-7.580150345E-2,1.772367019E2
2.986570208E2,2.411576640E-2,6.958958111E-4,1.569221378E-3,9.997076988E-1,1.772362688E2,1.816905070E-1,-7.538401282E-2,1.772361452E2
2.986620208E2,2.411302781E-2,6.980462349E-4,1.572374837E-3,9.997077584E-1,1.772365827E2,1.820574985E-1,-7.562214516E-2,1.772364585E2
2.986670208E2,2.411580395E-2,6.960774772E-4,1.568563632E-3,9.997076988E-1,1.772362645E2,1.816156615E-1,-7.540663506E-2,1.772361409E2
2.986720208E2,2.411041959E-2,6.992716808E-4,1.573929330E-3,9.997078180E-1,1.772368817E2,1.822387678E-1,-7.575870989E-2,1.772367571E2
2.986770208E2,2.411042763E-2,7.004298968E-4,1.573291025E-3,9.997078180E-1,1.772368808E2,1.821688456E-1,-7.589315510E-2,1.772367560E2
2.986820208E2,2.410837988E-2,7.008201210E-4,1.566608902E-3,9.997078776E-1,1.772371155E2,1.814042746E-1,-7.595669260E-2,1.772369912E2
2.986870208E2,2.411340753E-2,6.976269651E-4,1.566727646E-3,9.997077584E-1,1.772365392E2,1.814094352E-1,-7.558965025E-2,1.772364155E2
2.986920208E2,2.411305159E-2,6.988421665E-4,1.571656554E-3,9.997077584E-1,1.772365800E2,1.819774146E-1,-7.571530606E-2,1.772364557E2
2.986970208E2,2.409999549E-2,7.060394855E-4,1.579112024E-3,9.997080564E-1,1.772380765E2,1.828503924E-1,-7.652160381E-2,1.772379503E2
2.987020208E2,2.409999514E-2,7.061001379E-4,1.579090254E-3,9.997080564E-1,1.772380766E2,1.828480659E-1,-7.652861222E-2,1.772379503E2
2.987070208E2,2.410776184E-2,7.013017894E-4,1.575876726E-3,9.997078776E-1,1.772371863E2,1.824672661E-1,-7.598637979E-2,1.772370612E2
2.987120208E2,2.411002587E-2,6.994429859E-4,1.579873147E-3,9.997078180E-1,1.772369268E2,1.829201259E-1,-7.576198368E-2,1.772368017E2
2.987170208E2,2.411515142E-2,6.966764922E-4,1.578299678E-3,9.997076988E-1,1.772363393E2,1.827326142E-1,-7.544846987E-2,1.772362149E2
2.987220208E2,2.411813123E-2,6.947052316E-4,1.571375527E-3,9.997076392E-1,1.772359977E2,1.819341704E-1,-7.524123873E-2,1.772358742E2
2.987270208E2,2.411011220E-2,7.000634796E-4,1.578280120E-3,9.997078180E-1,1.772369169E2,1.827393522E-1,-7.583745192E-2,1.772367919E2
2.987320208E2,2.411504426E-2,6.968895323E-4,1.579842181E-3,9.997076988E-1,1.772363516E2,1.829099016E-1,-7.546863220E-2,1.772362270E2
2.987370208E2,2.410755629E-2,7.011451526E-4,1.579087577E-3,9.997078776E-1,1.772372099E2,1.828346479E-1,-7.595960283E-2,1.772370846E2
2.987420208E2,2.410765580E-2,7.022779319E-4,1.577063813E-3,9.997078776E-1,1.772371985E2,1.826059459E-1,-7.609494468E-2,1.772370731E2
2.987470208E2,2.411805283E-2,6.945350324E-4,1.572653535E-3,9.997076392E-1,1.772360067E2,1.820801006E-1,-7.521822308E-2,1.772358831E2
2.987520208E2,2.412070889E-2,6.927559152E-4,1.570591237E-3,9.997075796E-1,1.772357023E2,1.818391287E-1,-7.501962756E-2,1.772355792E2
2.987570208E2,2.411320430E-2,6.980210310E-4,1.569677144E-3,9.997077584E-1,1.772365625E2,1.817483988E-1,-7.562668023E-2,1.772364385E2
2.987620208E2,2.410572715E-2,7.033246802E-4,1.568270032E-3,9.997079372E-1,1.772374196E2,1.816012889E-1,-7.623950281E-2,1.772372946E2
2.987670208E2,2.410577651E-2,7.022675709E-4,1.567985164E-3,9.997079372E-1,1.772374139E2,1.815657381E-1,-7.611918031E-2,1.772372892E2
2.987720208E2,2.410800661E-2,7.016156451E-4,1.571987756E-3,9.997078776E-1,1.772371583E2,1.820226374E-1,-7.603303391E-2,1.772370334E2
2.987770208E2,2.410573577E-2,7.025678060E-4,1.568476786E-3,9.997079372E-1,1.772374186E2,1.816228839E-1,-7.615222400E-2,1.772372938E2
2.987820208E2,2.410538355E-2,7.032003487E-4,1.573598245E-3,9.997079372E-1,1.772374589E2,1.822113111E-1,-7.621060337E-2,1.772373336E2
2.987870208E2,2.410227819E-2,7.046558312E-4,1.582621248E-3,9.997079968E-1,1.772378149E2,1.832487563E-1,-7.635298479E-2,1.772376886E2
2.987920208E2,2.410748597E-2,7.022423670E-4,1.579673495E-3,9.997078776E-1,1.772372179E2,1.829047959E-1,-7.608369183E-2,1.772370924E2
2.987970208E2,2.410543387E-2,7.034142036E-4,1.572731533E-3,9.997079372E-1,1.772374532E2,1.821126165E-1,-7.623748724E-2,1.772373279E2
2.988020208E2,2.410268972E-2,7.051298744E-4,1.576129347E-3,9.997079968E-1,1.772377677E2,1.825063950E-1,-7.642514610E-2,1.772376419E2
2.988070208E2,2.410239856E-2,7.043493097E-4,1.580923563E-3,9.997079968E-1,1.772378011E2,1.830534346E-1,-7.632253729E-2,1.772376750E2
2.988120208E2,2.409720935E-2,7.083396777E-4,1.582861762E-3,9.997081161E-1,1.772383959E2,1.832860959E-1,-7.677526440E-2,1.772382689E2
2.988170208E2,2.408716182E-2,7.147858851E-4,1.582312630E-3,9.997083545E-1,1.772395476E2,1.832402118E-1,-7.751708810E-2,1.772394195E2
2.988220208E2,2.409957233E-2,7.073890883E-4,1.584955375E-3,9.997080564E-1,1.772381250E2,1.835234930E-1,-7.666015141E-2,1.772379981E2
2.988270208E2,2.410681277E-2,7.015029551E-4,1.590240281E-3,9.997078776E-1,1.772372951E2,1.841132167E-1,-7.596991790E-2,1.772371689E2
2.988320208E2,2.409691626E-2,7.080718642E-4,1.587436767E-3,9.997081161E-1,1.772384295E2,1.838094396E-1,-7.673200434E-2,1.772383022E2
2.988370208E2,2.410197947E-2,7.056114264E-4,1.586739323E-3,9.997079968E-1,1.772378491E2,1.837231336E-1,-7.645113657E-2,1.772377224E2
2.988420208E2,2.411476744E-2,6.972483825E-4,1.583904028E-3,9.997076988E-1,1.772363833E2,1.833761914E-1,-7.549856723E-2,1.772362584E2
2.988470208E2,2.410982483E-2,6.998080062E-4,1.582776778E-3,9.997078180E-1,1.772369499E2,1.832537548E-1,-7.579581402E-2,1.772368245E2
2.988520208E2,2.410222201E-2,7.049338892E-4,1.583352801E-3,9.997079968E-1,1.772378213E2,1.833333258E-1,-7.638282831E-2,1.772376950E2
2.988570208E2,2.410977107E-2,6.998266326E-4,1.583587262E-3,9.997078180E-1,1.772369560E2,1.833466499E-1,-7.579571840E-2,1.772368306E2
2.988620208E2,2.410447186E-2,7.036692696E-4,1.587294624E-3,9.997079372E-1,1.772375634E2,1.837815734E-1,-7.622665475E-2,1.772374370E2
2.988670208E2,2.409689447E-2,7.080213400E-4,1.587790088E-3,9.997081161E-1,1.772384320E2,1.838497742E-1,-7.672524471E-2,1.772383047E2
2.988720208E2,2.409925862E-2,7.074421737E-4,1.589694526E-3,9.997080564E-1,1.772381610E2,1.840665256E-1,-7.665320223E-2,1.772380337E2
2.988770208E2,2.409681953E-2,7.080379291E-4,1.588919666E-3,9.997081161E-1,1.772384406E2,1.839792170E-1,-7.672403968E-2,1.772383132E2
2.988820208E2,2.409649327E-2,7.094250177E-4,1.593242865E-3,9.997081161E-1,1.772384780E2,1.844782819E-1,-7.687106401E-2,1.772383500E2
2.988870208E2,2.409674615E-2,7.086258265E-4,1.589770196E-3,9.997081161E-1,1.772384490E2,1.840782705E-1,-7.678905296E-2,1.772383215E2
2.988920208E2,2.409674933E-2,7.092733867E-4,1.589433174E-3,9.997081161E-1,1.772384486E2,1.840414503E-1,-7.686416633E-2,1.772383210E2
2.988970208E2,2.409391289E-2,7.105749100E-4,1.594354166E-3,9.997081757E-1,1.772387738E2,1.846085677E-1,-7.700020132E-2,1.772386455E2
2.989020208E2,2.409880235E-2,7.077571354E-4,1.596456743E-3,9.997080564E-1,1.772382133E2,1.848420299E-1,-7.667069278E-2,1.772380854E2
2.989070208E2,2.408357262E-2,7.169452729E-4,1.598230680E-3,9.997084141E-1,1.772399590E2,1.850694422E-1,-7.772118920E-2,1.772398293E2
2.989120208E2,2.409612353E-2,7.094477187E-4,1.598815084E-3,9.997081161E-1,1.772385204E2,1.851166613E-1,-7.685834600E-2,1.772383920E2
2.989170208E2,2.410349602E-2,7.046268438E-4,1.601623720E-3,9.997079372E-1,1.772376753E2,1.854256638E-1,-7.629695240E-2,1.772375476E2
2.989220208E2,2.410338255E-2,7.044777740E-4,1.603396027E-3,9.997079372E-1,1.772376883E2,1.856282761E-1,-7.627500087E-2,1.772375605E2
2.989270208E2,2.409320669E-2,7.112722960E-4,1.604681718E-3,9.997081757E-1,1.772388547E2,1.857935480E-1,-7.705170850E-2,1.772387255E2
2.989320208E2,2.409596455E-2,7.088870043E-4,1.601457596E-3,9.997081161E-1,1.772385386E2,1.854178228E-1,-7.678684419E-2,1.772384101E2
2.989370208E2,2.410606617E-2,7.023506914E-4,1.601146418E-3,9.997078776E-1,1.772373807E2,1.853648925E-1,-7.603704248E-2,1.772372535E2
2.989420208E2,2.409597105E-2,7.083866512E-4,1.601581229E-3,9.997081161E-1,1.772385378E2,1.854306047E-1,-7.672918207E-2,1.772384094E2
2.989470208E2,2.408856535E-2,7.132123574E-4,1.599224401E-3,9.997082949E-1,1.772393867E2,1.851733640E-1,-7.728988579E-2,1.772392576E2
2.989520208E2,2.409373660E-2,7.104616961E-4,1.597066410E-3,9.997081757E-1,1.772387940E2,1.849189521E-1,-7.697977560E-2,1.772386655E2
2.989570208E2,2.410123906E-2,7.055556052E-4,1.597970841E-3,9.997079968E-1,1.772379340E2,1.850095885E-1,-7.641385721E-2,1.772378064E2
2.989620208E2,2.409143790E-2,7.114371401E-4,1.593995839E-3,9.997082353E-1,1.772390575E2,1.845697084E-1,-7.710042313E-2,1.772389291E2
2.989670208E2,2.409405440E-2,7.097023190E-4,1.592603279E-3,9.997081757E-1,1.772387575E2,1.844055901E-1,-7.690504715E-2,1.772386296E2
2.989720208E2,2.410366413E-2,7.043271908E-4,1.599223819E-3,9.997079372E-1,1.772376560E2,1.851499197E-1,-7.626922256E-2,1.772375286E2
2.989770208E2,2.409346922E-2,7.102146628E-4,1.601204625E-3,9.997081757E-1,1.772388246E2,1.853923172E-1,-7.694009959E-2,1.772386959E2
2.989820208E2,2.408317273E-2,7.172645419E-4,1.604102552E-3,9.997084141E-1,1.772400048E2,1.857429655E-1,-7.774163255E-2,1.772398746E2
2.989870208E2,2.408578504E-2,7.159768138E-4,1.602601842E-3,9.997083545E-1,1.772397054E2,1.855676949E-1,-7.759776961E-2,1.772395755E2
2.989920208E2,2.408828350E-2,7.134425687E-4,1.603361685E-3,9.997082949E-1,1.772394190E2,1.856479390E-1,-7.730488982E-2,1.772392895E2
2.989970208E2,2.409070943E-2,7.124752156E-4,1.604507444E-3,9.997082353E-1,1.772391410E2,1.857767122E-1,-7.719045799E-2,1.772390116E2
2.990020208E2,2.408843320E-2,7.144943229E-4,1.600641990E-3,9.997082949E-1,1.772394019E2,1.853392899E-1,-7.743285669E-2,1.772392724E2
2.990070208E2,2.408377242E-2,7.174758357E-4,1.594978501E-3,9.997084141E-1,1.772399361E2,1.846983574E-1,-7.779090832E-2,1.772398065E2
2.990120208E2,2.408093412E-2,7.187242736E-4,1.599904732E-3,9.997084737E-1,1.772402614E2,1.852659239E-1,-7.792085705E-2,1.772401312E2
2.990170208E2,2.407099031E-2,7.250613999E-4,1.597704832E-3,9.997087121E-1,1.772414013E2,1.850306137E-1,-7.865473813E-2,1.772412700E2
2.990220208E2,2.407383668E-2,7.232900825E-4,1.592910150E-3,9.997086525E-1,1.772410750E2,1.844766787E-1,-7.846451989E-2,1.772409444E2
2.990270208E2,2.407360962E-2,7.244400331E-4,1.595816575E-3,9.997086525E-1,1.772411010E2,1.848127895E-1,-7.858827992E-2,1.772409700E2
2.990320208E2,2.407574134E-2,7.229693583E-4,1.601653174E-3,9.997085929E-1,1.772408567E2,1.854775314E-1,-7.840330472E-2,1.772407255E2
2.990370208E2,2.407091671E-2,7.265625172E-4,1.598131726E-3,9.997087121E-1,1.772414097E2,1.850836536E-1,-7.882553952E-2,1.772412781E2
2.990420208E2,2.406598679E-2,7.286746404E-4,1.596844755E-3,9.997088313E-1,1.772419748E2,1.849416568E-1,-7.907196268E-2,1.772418429E2
2.990470208E2,2.407877733E-2,7.210054900E-4,1.594084781E-3,9.997085333E-1,1.772405087E2,1.846053258E-1,-7.819864814E-2,1.772403785E2
2.990520208E2,2.407878643E-2,7.205817383E-4,1.594139030E-3,9.997085333E-1,1.772405076E2,1.846103719E-1,-7.814995252E-2,1.772403775E2
2.990570208E2,2.406867200E-2,7.279994898E-4,1.593994908E-3,9.997087717E-1,1.772416670E2,1.846135324E-1,-7.900198232E-2,1.772415355E2
2.990620208E2,2.407162374E-2,7.256575045E-4,1.587860519E-3,9.997087121E-1,1.772413286E2,1.839045577E-1,-7.875006551E-2,1.772411981E2
2.990670208E2,2.407382131E-2,7.244755980E-4,1.592603745E-3,9.997086525E-1,1.772410768E2,1.844448470E-1,-7.860117857E-2,1.772409460E2
2.990720208E2,2.406362183E-2,7.307389751E-4,1.594224130E-3,9.997088909E-1,1.772422459E2,1.846469478E-1,-7.931611346E-2,1.772421138E2
2.990770208E2,2.406601344E-2,7.298750570E-4,1.595894690E-3,9.997088313E-1,1.772419717E2,1.848361317E-1,-7.921209555E-2,1.772418397E2
2.990820208E2,2.406871679E-2,7.275000680E-4,1.593546593E-3,9.997087717E-1,1.772416619E2,1.845607999E-1,-7.894599773E-2,1.772415305E2
2.990870208E2,2.406571948E-2,7.298514829E-4,1.600332209E-3,9.997088313E-1,1.772420054E2,1.853443993E-1,-7.919721122E-2,1.772418731E2
2.990920208E2,2.406839045E-2,7.279855199E-4,1.598246861E-3,9.997087717E-1,1.772416993E2,1.851005693E-1,-7.898870634E-2,1.772415674E2
2.990970208E2,2.406357957E-2,7.312643575E-4,1.594621106E-3,9.997088909E-1,1.772422507E2,1.846938704E-1,-7.937521343E-2,1.772421185E2
2.991020208E2,2.406833227E-2,7.270047208E-4,1.599568874E-3,9.997087717E-1,1.772417059E2,1.852493072E-1,-7.887271218E-2,1.772415742E2
2.991070208E2,2.406819004E-2,7.269331254E-4,1.601740136E-3,9.997087717E-1,1.772417222E2,1.854978352E-1,-7.885854803E-2,1.772415903E2
2.991120208E2,2.406077671E-2,7.319875876E-4,1.599209034E-3,9.997089505E-1,1.772425720E2,1.852212288E-1,-7.944593296E-2,1.772424393E2
2.991170208E2,2.405831234E-2,7.344040205E-4,1.597915660E-3,9.997090101E-1,1.772428545E2,1.850795286E-1,-7.972677775E-2,1.772427214E2
2.991220208E2,2.407332865E-2,7.249531918E-4,1.599817071E-3,9.997086525E-1,1.772411332E2,1.852724743E-1,-7.863608211E-2,1.772410018E2
2.991270208E2,2.407533193E-2,7.226694142E-4,1.607930288E-3,9.997085929E-1,1.772409036E2,1.861957689E-1,-7.835170128E-2,1.772407720E2
2.991320208E2,2.406515235E-2,7.294130046E-4,1.609036815E-3,9.997088313E-1,1.772420704E2,1.863403326E-1,-7.912307949E-2,1.772419375E2
2.991370208E2,2.406815295E-2,7.274718373E-4,1.602052711E-3,9.997087717E-1,1.772417265E2,1.855351264E-1,-7.891940666E-2,1.772415944E2
2.991420208E2,2.407334310E-2,7.239772822E-4,1.600041520E-3,9.997086525E-1,1.772411316E2,1.852954955E-1,-7.852366176E-2,1.772410003E2
2.991470208E2,2.406819078E-2,7.278951234E-4,1.601291937E-3,9.997087717E-1,1.772417221E2,1.854491438E-1,-7.896998888E-2,1.772415901E2
2.991520208E2,2.406129072E-2,7.317452691E-4,1.591567998E-3,9.997089505E-1,1.772425131E2,1.843452550E-1,-7.943914721E-2,1.772423810E2
2.991570208E2,2.406639236E-2,7.289894857E-4,1.590576489E-3,9.997088313E-1,1.772419283E2,1.842244735E-1,-7.912524328E-2,1.772417969E2
2.991620208E2,2.405885406E-2,7.340229349E-4,1.589914551E-3,9.997090101E-1,1.772427924E2,1.841619251E-1,-7.970508064E-2,1.772426600E2
2.991670208E2,2.405153637E-2,7.390917744E-4,1.585841877E-3,9.997091889E-1,1.772436312E2,1.837087540E-1,-8.029833149E-2,1.772434982E2
2.991720208E2,2.405134092E-2,7.397989975E-4,1.588474144E-3,9.997091889E-1,1.772436536E2,1.840122366E-1,-8.037213057E-2,1.772435203E2
2.991770208E2,2.405868615E-2,7.344806800E-4,1.592242275E-3,9.997090101E-1,1.772428116E2,1.844298347E-1,-7.975113238E-2,1.772426790E2
2.991820208E2,2.406119583E-2,7.325874176E-4,1.592614804E-3,9.997089505E-1,1.772425239E2,1.844674905E-1,-7.953275335E-2,1.772423917E2
2.991870208E2,2.406373431E-2,7.314324612E-4,1.592207118E-3,9.997088909E-1,1.772422330E2,1.844178032E-1,-7.940109942E-2,1.772421010E2
2.991920208E2,2.406397389E-2,7.305729669E-4,1.588977408E-3,9.997088909E-1,1.772422055E2,1.840454607E-1,-7.931149951E-2,1.772420739E2
2.991970208E2,2.407151961E-2,7.255416131E-4,1.589491265E-3,9.997087121E-1,1.772413406E2,1.840910457E-1,-7.873230989E-2,1.772412099E2
2.992020208E2,2.407143834E-2,7.264054730E-4,1.590327243E-3,9.997087121E-1,1.772413499E2,1.841891910E-1,-7.882898105E-2,1.772412190E2
2.992070208E2,2.407155248E-2,7.251169882E-4,1.589187188E-3,9.997087121E-1,1.772413368E2,1.840550422E-1,-7.868449837E-2,1.772412062E2
2.992120208E2,2.407426631E-2,7.231960190E-4,1.586446655E-3,9.997086525E-1,1.772410257E2,1.837360041E-1,-7.847149661E-2,1.772408957E2
2.992170208E2,2.407940818E-2,7.209282485E-4,1.584562124E-3,9.997085333E-1,1.772404364E2,1.835142602E-1,-7.821596011E-2,1.772403069E2
2.992220208E2,2.407431394E-2,7.233873475E-4,1.585636404E-3,9.997086525E-1,1.772410203E2,1.836437146E-1,-7.849564148E-2,1.772408903E2
2.992270208E2,2.406657693E-2,7.293478120E-4,1.587616745E-3,9.997088313E-1,1.772419071E2,1.838864124E-1,-7.917442137E-2,1.772417759E2
2.992320208E2,2.406910890E-2,7.274133968E-4,1.587652834E-3,9.997087717E-1,1.772416169E2,1.838854111E-1,-7.895225291E-2,1.772414860E2
2.992370208E2,2.407659206E-2,7.219486288E-4,1.589277643E-3,9.997085929E-1,1.772407592E2,1.840570586E-1,-7.832035937E-2,1.772406292E2
2.992420208E2,2.407666568E-2,7.226872258E-4,1.587826060E-3,9.997085929E-1,1.772407507E2,1.838928112E-1,-7.840896326E-2,1.772406207E2
2.992470208E2,2.407214933E-2,7.252726355E-4,1.580049284E-3,9.997087121E-1,1.772412684E2,1.830086933E-1,-7.872742698E-2,1.772411385E2
2.992520208E2,2.408229258E-2,7.192853373E-4,1.579069416E-3,9.997084737E-1,1.772401057E2,1.828807148E-1,-7.804238023E-2,1.772399770E2
2.992570208E2,2.408228888E-2,7.191880723E-4,1.579170115E-3,9.997084737E-1,1.772401062E2,1.828919820E-1,-7.803096050E-2,1.772399775E2
2.992620208E2,2.407204624E-2,7.248459733E-4,1.581814606E-3,9.997087121E-1,1.772412802E2,1.832097409E-1,-7.867369839E-2,1.772411503E2
2.992670208E2,2.407450771E-2,7.241775747E-4,1.582330326E-3,9.997086525E-1,1.772409981E2,1.832671705E-1,-7.859525394E-2,1.772408682E2
2.992720208E2,2.408446764E-2,7.176608196E-4,1.584362239E-3,9.997084141E-1,1.772398564E2,1.834827386E-1,-7.784127230E-2,1.772397276E2
2.992770208E2,2.409193656E-2,7.119753282E-4,1.586199738E-3,9.997082353E-1,1.772390003E2,1.836781230E-1,-7.718350888E-2,1.772388724E2
2.992820208E2,2.407935855E-2,7.198370295E-4,1.585811959E-3,9.997085333E-1,1.772404420E2,1.836544242E-1,-7.808751230E-2,1.772403127E2
2.992870208E2,2.407947096E-2,7.201986155E-4,1.583939767E-3,9.997085333E-1,1.772404292E2,1.834409553E-1,-7.813408048E-2,1.772402999E2
2.992920208E2,2.408440409E-2,7.172825863E-4,1.585499151E-3,9.997084141E-1,1.772398637E2,1.836119326E-1,-7.779481635E-2,1.772397349E2
2.992970208E2,2.407677699E-2,7.221386768E-4,1.586387050E-3,9.997085929E-1,1.772407380E2,1.837264554E-1,-7.835007240E-2,1.772406081E2
2.993020208E2,2.407495760E-2,7.240967825E-4,1.575507689E-3,9.997086525E-1,1.772409465E2,1.824853915E-1,-7.860473917E-2,1.772408172E2
2.993070208E2,2.407771021E-2,7.223779103E-4,1.572049456E-3,9.997085929E-1,1.772406310E2,1.820846945E-1,-7.841686786E-2,1.772405023E2
2.993120208E2,2.409015424E-2,7.142508985E-4,1.574638183E-3,9.997082949E-1,1.772392046E2,1.823597934E-1,-7.747643906E-2,1.772390772E2
2.993170208E2,2.408241777E-2,7.183254929E-4,1.577596413E-3,9.997084737E-1,1.772400914E2,1.827093303E-1,-7.793646445E-2,1.772399630E2
2.993220208E2,2.408012763E-2,7.197278901E-4,1.574140508E-3,9.997085333E-1,1.772403539E2,1.823171186E-1,-7.810707572E-2,1.772402255E2
2.993270208E2,2.409269144E-2,7.117790519E-4,1.574781141E-3,9.997082353E-1,1.772389138E2,1.823695418E-1,-7.719241132E-2,1.772387868E2
2.993320208E2,2.409239017E-2,7.117241039E-4,1.579408301E-3,9.997082353E-1,1.772389483E2,1.828994474E-1,-7.717339634E-2,1.772388210E2
2.993370208E2,2.409008089E-2,7.128268480E-4,1.576404669E-3,9.997082949E-1,1.772392130E2,1.825582221E-1,-7.730843916E-2,1.772390857E2
2.993420208E2,2.409514516E-2,7.101291558E-4,1.575822476E-3,9.997081757E-1,1.772386325E2,1.824844689E-1,-7.700007927E-2,1.772385058E2
2.993470208E2,2.409515382E-2,7.093023742E-4,1.576062408E-3,9.997081757E-1,1.772386315E2,1.825096727E-1,-7.690470059E-2,1.772385049E2
2.993520208E2,2.408487799E-2,7.165125571E-4,1.578633673E-3,9.997084141E-1,1.772398094E2,1.828233449E-1,-7.772546527E-2,1.772396812E2
2.993570208E2,2.408510603E-2,7.167378208E-4,1.575048082E-3,9.997084141E-1,1.772397832E2,1.824132243E-1,-7.776112589E-2,1.772396553E2
2.993620208E2,2.409284183E-2,7.119177608E-4,1.572415698E-3,9.997082353E-1,1.772388965E2,1.820989548E-1,-7.721480503E-2,1.772387697E2
2.993670208E2,2.409766198E-2,7.079076604E-4,1.576149836E-3,9.997081161E-1,1.772383440E2,1.825160294E-1,-7.674422543E-2,1.772382177E2
2.993720208E2,2.409505639E-2,7.100251969E-4,1.577225979E-3,9.997081757E-1,1.772386427E2,1.826449583E-1,-7.698431075E-2,1.772385158E2
2.993770208E2,2.409299837E-2,7.109591388E-4,1.570449793E-3,9.997082353E-1,1.772388786E2,1.818711087E-1,-7.711038637E-2,1.772387521E2
2.993820208E2,2.409314399E-2,7.120374939E-4,1.567724743E-3,9.997082353E-1,1.772388619E2,1.815619199E-1,-7.724141814E-2,1.772387354E2
2.993870208E2,2.409027929E-2,7.138125366E-4,1.572922920E-3,9.997082949E-1,1.772391903E2,1.821620948E-1,-7.743093359E-2,1.772390631E2
2.993920208E2,2.408762928E-2,7.147124852E-4,1.575213741E-3,9.997083545E-1,1.772394940E2,1.824268070E-1,-7.752818943E-2,1.772393665E2
2.993970208E2,2.408020077E-2,7.207989111E-4,1.572530717E-3,9.997085333E-1,1.772403455E2,1.821356647E-1,-7.823419887E-2,1.772402170E2
2.994020208E2,2.407259397E-2,7.259748527E-4,1.572936540E-3,9.997087121E-1,1.772412174E2,1.821958399E-1,-7.882741191E-2,1.772410880E2
2.994070208E2,2.406488830E-2,7.301887381E-4,1.575246453E-3,9.997088909E-1,1.772421007E2,1.824714747E-1,-7.930518139E-2,1.772419703E2
2.994120208E2,2.406506179E-2,7.302552694E-4,1.572562847E-3,9.997088909E-1,1.772420808E2,1.821642418E-1,-7.932017225E-2,1.772419506E2
2.994170208E2,2.407042295E-2,7.275454118E-4,1.567543135E-3,9.997087717E-1,1.772414663E2,1.815821405E-1,-7.902260523E-2,1.772413369E2
2.994220208E2,2.407317257E-2,7.249994669E-4,1.564508770E-3,9.997087121E-1,1.772411511E2,1.812277211E-1,-7.873881782E-2,1.772410225E2
2.994270208E2,2.408050108E-2,7.198355161E-4,1.568367821E-3,9.997085333E-1,1.772403111E2,1.816561342E-1,-7.813526709E-2,1.772401831E2
2.994320208E2,2.407560875E-2,7.231961936E-4,1.565942075E-3,9.997086525E-1,1.772408719E2,1.813871348E-1,-7.852784192E-2,1.772407435E2
2.994370208E2,2.407090927E-2,7.264346350E-4,1.560574980E-3,9.997087717E-1,1.772414105E2,1.807808527E-1,-7.891448962E-2,1.772412820E2
2.994420208E2,2.408351570E-2,7.183204289E-4,1.560748206E-3,9.997084737E-1,1.772399655E2,1.807792959E-1,-7.798218301E-2,1.772398384E2
2.994470208E2,2.408056316E-2,7.195176440E-4,1.567560248E-3,9.997085333E-1,1.772403040E2,1.815627474E-1,-7.810106950E-2,1.772401761E2
2.994520208E2,2.407839640E-2,7.220223197E-4,1.561668701E-3,9.997085929E-1,1.772405523E2,1.808945628E-1,-7.840465081E-2,1.772404245E2
2.994570208E2,2.408627486E-2,7.165362476E-4,1.557164476E-3,9.997084141E-1,1.772396493E2,1.803640392E-1,-7.778718336E-2,1.772395228E2
2.994620208E2,2.409611634E-2,7.097974885E-4,1.561052515E-3,9.997081757E-1,1.772385212E2,1.807916032E-1,-7.700269171E-2,1.772383956E2
2.994670208E2,2.408340664E-2,7.188713062E-4,1.562176738E-3,9.997084737E-1,1.772399780E2,1.809444585E-1,-7.804136766E-2,1.772398507E2
2.994720208E2,2.407859051E-2,7.224000292E-4,1.558497897E-3,9.997085929E-1,1.772405301E2,1.805323777E-1,-7.845663472E-2,1.772404024E2
2.994770208E2,2.408364445E-2,7.183744456E-4,1.558735268E-3,9.997084737E-1,1.772399508E2,1.805488559E-1,-7.799390332E-2,1.772398238E2
2.994820208E2,2.408075776E-2,7.198405219E-4,1.564419479E-3,9.997085333E-1,1.772402817E2,1.812038517E-1,-7.814668969E-2,1.772401540E2
2.994870208E2,2.408330142E-2,7.190909237E-4,1.563697006E-3,9.997084737E-1,1.772399901E2,1.811192161E-1,-7.806234994E-2,1.772398626E2
2.994920208E2,2.408865384E-2,7.152419421E-4,1.559224795E-3,9.997083545E-1,1.772393766E2,1.805966781E-1,-7.763279337E-2,1.772392502E2
2.994970208E2,2.409599148E-2,7.105389377E-4,1.562641817E-3,9.997081757E-1,1.772385355E2,1.809757092E-1,-7.708326477E-2,1.772384097E2
2.995020208E2,2.409334484E-2,7.120420341E-4,1.564632985E-3,9.997082353E-1,1.772388389E2,1.812077608E-1,-7.725043820E-2,1.772387126E2
2.995070208E2,2.409614017E-2,7.091801963E-4,1.560965320E-3,9.997081757E-1,1.772385185E2,1.807799114E-1,-7.693221231E-2,1.772383930E2
2.995120208E2,2.409388911E-2,7.105502300E-4,1.556910924E-3,9.997082353E-1,1.772387765E2,1.803190557E-1,-7.710076247E-2,1.772386511E2
2.995170208E2,2.409869537E-2,7.074702298E-4,1.560468460E-3,9.997081161E-1,1.772382256E2,1.807184657E-1,-7.673723179E-2,1.772381005E2
2.995220208E2,2.410101299E-2,7.062344230E-4,1.563417725E-3,9.997080564E-1,1.772379599E2,1.810530935E-1,-7.658709550E-2,1.772378348E2
2.995270208E2,2.409111635E-2,7.131595048E-4,1.560348552E-3,9.997082949E-1,1.772390943E2,1.807198556E-1,-7.739068587E-2,1.772389682E2
2.995320208E2,2.408848555E-2,7.143795374E-4,1.562217134E-3,9.997083545E-1,1.772393959E2,1.809370822E-1,-7.752576800E-2,1.772392694E2
2.995370208E2,2.409057693E-2,7.137808134E-4,1.568372245E-3,9.997082949E-1,1.772391561E2,1.816407117E-1,-7.743980829E-2,1.772390293E2
2.995420208E2,2.408544919E-2,7.167431177E-4,1.569789369E-3,9.997084141E-1,1.772397439E2,1.818108351E-1,-7.777618476E-2,1.772396164E2
2.995470208E2,2.408330774E-2,7.180988905E-4,1.564055565E-3,9.997084737E-1,1.772399894E2,1.811575545E-1,-7.794771369E-2,1.772398621E2
2.995520208E2,2.408325238E-2,7.183401030E-4,1.564797014E-3,9.997084737E-1,1.772399957E2,1.812431552E-1,-7.797331029E-2,1.772398683E2
2.995570208E2,2.408814664E-2,7.155617350E-4,1.566894818E-3,9.997083545E-1,1.772394347E2,1.814761881E-1,-7.764834734E-2,1.772393076E2
2.995620208E2,2.408332601E-2,7.188224699E-4,1.563441707E-3,9.997084737E-1,1.772399873E2,1.810892304E-1,-7.803229650E-2,1.772398599E2
2.995670208E2,2.408346711E-2,7.185692084E-4,1.561383368E-3,9.997084737E-1,1.772399711E2,1.808527420E-1,-7.800893856E-2,1.772398439E2
2.995720208E2,2.408848917E-2,7.157268119E-4,1.561544486E-3,9.997083545E-1,1.772393955E2,1.808637444E-1,-7.768196549E-2,1.772392688E2
2.995770208E2,2.408573537E-2,7.160998648E-4,1.565686660E-3,9.997084141E-1,1.772397111E2,1.813390815E-1,-7.771376693E-2,1.772395840E2
2.995820208E2,2.408092612E-2,7.196608931E-4,1.561908633E-3,9.997085333E-1,1.772402624E2,1.809157303E-1,-7.813301015E-2,1.772401349E2
2.995870208E2,2.407834481E-2,7.212585770E-4,1.562816673E-3,9.997085929E-1,1.772405582E2,1.810239612E-1,-7.831399954E-2,1.772404304E2
2.995920208E2,2.408056333E-2,7.196977967E-4,1.567474916E-3,9.997085333E-1,1.772403039E2,1.815534690E-1,-7.812194292E-2,1.772401761E2
2.995970208E2,2.407542816E-2,7.238741964E-4,1.568403328E-3,9.997086525E-1,1.772408926E2,1.816709489E-1,-7.859875495E-2,1.772407638E2
2.996020208E2,2.407562626E-2,7.237131358E-4,1.565433922E-3,9.997086525E-1,1.772408699E2,1.813303492E-1,-7.858846072E-2,1.772407414E2
2.996070208E2,2.407812816E-2,7.216701051E-4,1.565961400E-3,9.997085929E-1,1.772405831E2,1.813853352E-1,-7.835250551E-2,1.772404550E2
2.996120208E2,2.409049739E-2,7.141883834E-4,1.569407992E-3,9.997082949E-1,1.772391653E2,1.817604845E-1,-7.748365384E-2,1.772390383E2
2.996170208E2,2.409561206E-2,7.102311938E-4,1.568620792E-3,9.997081757E-1,1.772385790E2,1.816597725E-1,-7.703156923E-2,1.772384528E2
2.996220208E2,2.409352011E-2,7.123218966E-4,1.561804092E-3,9.997082353E-1,1.772388188E2,1.808844734E-1,-7.729027765E-2,1.772386927E2
2.996270208E2,2.409330246E-2,7.118545473E-4,1.565370709E-3,9.997082353E-1,1.772388437E2,1.812917524E-1,-7.722693086E-2,1.772387175E2
2.996320208E2,2.409812679E-2,7.088598795E-4,1.568597392E-3,9.997081161E-1,1.772382907E2,1.816534983E-1,-7.687408165E-2,1.772381648E2
2.996370208E2,2.409016327E-2,7.138129440E-4,1.574698603E-3,9.997082949E-1,1.772392036E2,1.823655065E-1,-7.742609935E-2,1.772390762E2
2.996420208E2,2.408537174E-2,7.164860144E-4,1.571094617E-3,9.997084141E-1,1.772397528E2,1.819596468E-1,-7.774314293E-2,1.772396252E2
2.996470208E2,2.408755954E-2,7.146503776E-4,1.576307928E-3,9.997083545E-1,1.772395020E2,1.825519787E-1,-7.751806687E-2,1.772393744E2
2.996520208E2,2.408743023E-2,7.151061436E-4,1.578076277E-3,9.997083545E-1,1.772395168E2,1.827558063E-1,-7.756542095E-2,1.772393890E2
2.996570208E2,2.408244957E-2,7.185475552E-4,1.577009680E-3,9.997084737E-1,1.772400877E2,1.826427304E-1,-7.796351694E-2,1.772399593E2
2.996620208E2,2.408062940E-2,7.198457606E-4,1.566391671E-3,9.997085333E-1,1.772402964E2,1.814297876E-1,-7.814187069E-2,1.772401686E2
2.996670208E2,2.408311605E-2,7.186596049E-4,1.566747436E-3,9.997084737E-1,1.772400113E2,1.814674640E-1,-7.800455368E-2,1.772398837E2
2.996720208E2,2.408032356E-2,7.204764406E-4,1.570797293E-3,9.997085333E-1,1.772403314E2,1.819362058E-1,-7.820201830E-2,1.772402032E2
2.996770208E2,2.407823401E-2,7.214622456E-4,1.564428909E-3,9.997085929E-1,1.772405709E2,1.812092099E-1,-7.833290288E-2,1.772404430E2
2.996820208E2,2.408099823E-2,7.198223611E-4,1.560721896E-3,9.997085333E-1,1.772402541E2,1.807802306E-1,-7.815476952E-2,1.772401267E2
2.996870208E2,2.408573234E-2,7.168556331E-4,1.565387356E-3,9.997084141E-1,1.772397115E2,1.813068797E-1,-7.780117305E-2,1.772395843E2
2.996920208E2,2.407566776E-2,7.228696486E-4,1.565185376E-3,9.997086525E-1,1.772408651E2,1.812995520E-1,-7.849251054E-2,1.772407368E2
2.996970208E2,2.408129219E-2,7.191327168E-4,1.556498581E-3,9.997085333E-1,1.772402204E2,1.802945334E-1,-7.808736679E-2,1.772400935E2
2.997020208E2,2.408601786E-2,7.162694237E-4,1.561257173E-3,9.997084141E-1,1.772396787E2,1.808321360E-1,-7.774536626E-2,1.772395520E2
2.997070208E2,2.409079614E-2,7.133540930E-4,1.565195969E-3,9.997082949E-1,1.772391310E2,1.812756811E-1,-7.739965300E-2,1.772390045E2
2.997120208E2,2.409384507E-2,7.107766578E-4,1.557488926E-3,9.997082353E-1,1.772387815E2,1.803858926E-1,-7.712511365E-2,1.772386561E2
2.997170208E2,2.409696187E-2,7.091014995E-4,1.548264874E-3,9.997081757E-1,1.772384243E2,1.793248133E-1,-7.695811985E-2,1.772382998E2
2.997220208E2,2.409703566E-2,7.095968467E-4,1.546888845E-3,9.997081757E-1,1.772384158E2,1.791685511E-1,-7.701865251E-2,1.772382914E2
2.997270208E2,2.410942818E-2,7.009409601E-4,1.550337765E-3,9.997078776E-1,1.772369953E2,1.795406917E-1,-7.601530042E-2,1.772368722E2
2.997320208E2,2.410200820E-2,7.053533918E-4,1.548401313E-3,9.997080564E-1,1.772378458E2,1.793304787E-1,-7.652746152E-2,1.772377221E2
2.997370208E2,2.410708243E-2,7.022123900E-4,1.547802472E-3,9.997079372E-1,1.772372642E2,1.792535868E-1,-7.616837833E-2,1.772371411E2
2.997420208E2,2.411928377E-2,6.934216945E-4,1.554158051E-3,9.997076392E-1,1.772358656E2,1.799583020E-1,-7.514157839E-2,1.772357436E2
2.997470208E2,2.411403357E-2,6.981719052E-4,1.556818024E-3,9.997077584E-1,1.772364674E2,1.802757576E-1,-7.567934813E-2,1.772363443E2
2.997520208E2,2.410658737E-2,7.024165825E-4,1.555401715E-3,9.997079372E-1,1.772373209E2,1.801246709E-1,-7.617086581E-2,1.772371972E2
2.997570208E2,2.410913693E-2,7.010577829E-4,1.554807764E-3,9.997078776E-1,1.772370287E2,1.800530686E-1,-7.601638588E-2,1.772369052E2
2.997620208E2,2.411902070E-2,6.949924864E-4,1.557535375E-3,9.997076392E-1,1.772358958E2,1.803495252E-1,-7.531223789E-2,1.772357732E2
2.997670208E2,2.411646713E-2,6.955612916E-4,1.558564603E-3,9.997076988E-1,1.772361885E2,1.804688117E-1,-7.537501537E-2,1.772360657E2
2.997720208E2,2.411133743E-2,6.994855357E-4,1.559709664E-3,9.997078180E-1,1.772367765E2,1.806104454E-1,-7.582233152E-2,1.772366529E2
2.997770208E2,2.412650888E-2,6.894394755E-4,1.558799529E-3,9.997074604E-1,1.772350374E2,1.804795544E-1,-7.467124959E-2,1.772349158E2
2.997820208E2,2.412385692E-2,6.903323811E-4,1.561220037E-3,9.997075200E-1,1.772353414E2,1.807591145E-1,-7.476732637E-2,1.772352195E2
2.997870208E2,2.411402689E-2,6.969862734E-4,1.557452721E-3,9.997077584E-1,1.772364682E2,1.803451903E-1,-7.554177167E-2,1.772363453E2
2.997920208E2,2.411937839E-2,6.949637900E-4,1.551999245E-3,9.997076392E-1,1.772358548E2,1.797152624E-1,-7.532418785E-2,1.772357326E2
2.997970208E2,2.411923062E-2,6.935105775E-4,1.554943039E-3,9.997076392E-1,1.772358717E2,1.800484707E-1,-7.514960054E-2,1.772357496E2
2.998020208E2,2.410912082E-2,7.003140054E-4,1.555392635E-3,9.997078776E-1,1.772370306E2,1.801180141E-1,-7.592956713E-2,1.772369072E2
2.998070208E2,2.411167624E-2,6.998071331E-4,1.554318471E-3,9.997078180E-1,1.772367376E2,1.799937529E-1,-7.587400842E-2,1.772366144E2
2.998120208E2,2.411155861E-2,6.995531148E-4,1.556256437E-3,9.997078180E-1,1.772367511E2,1.802150524E-1,-7.583957494E-2,1.772366278E2
2.998170208E2,2.410877671E-2,7.012860733E-4,1.560280682E-3,9.997078776E-1,1.772370700E2,1.806806409E-1,-7.602748276E-2,1.772369461E2
2.998220208E2,2.410610478E-2,7.026945823E-4,1.562738209E-3,9.997079372E-1,1.772373763E2,1.809658596E-1,-7.618253295E-2,1.772372519E2
2.998270208E2,2.410626774E-2,7.028862019E-4,1.560136094E-3,9.997079372E-1,1.772373576E2,1.806683071E-1,-7.621164339E-2,1.772372334E2
2.998320208E2,2.410090113E-2,7.072442095E-4,1.564685139E-3,9.997080564E-1,1.772379727E2,1.812010671E-1,-7.669929458E-2,1.772378474E2
2.998370208E2,2.410842058E-2,7.018179167E-4,1.565535553E-3,9.997078776E-1,1.772371108E2,1.812840733E-1,-7.607395622E-2,1.772369864E2
2.998420208E2,2.410360413E-2,7.040213677E-4,1.562582911E-3,9.997079968E-1,1.772376629E2,1.809515435E-1,-7.633540865E-2,1.772375383E2
2.998470208E2,2.409608889E-2,7.097156486E-4,1.561513403E-3,9.997081757E-1,1.772385243E2,1.808441737E-1,-7.699204857E-2,1.772383988E2
2.998520208E2,2.410367565E-2,7.050594431E-4,1.561010955E-3,9.997079968E-1,1.772376547E2,1.807743357E-1,-7.645865777E-2,1.772375300E2
2.998570208E2,2.411098578E-2,6.996582961E-4,1.565059181E-3,9.997078180E-1,1.772368168E2,1.812237285E-1,-7.582740521E-2,1.772366928E2
2.998620208E2,2.410333895E-2,7.048819680E-4,1.566281077E-3,9.997079968E-1,1.772376933E2,1.813775569E-1,-7.642383046E-2,1.772375683E2
2.998670208E2,2.410094320E-2,7.060774369E-4,1.564564067E-3,9.997080564E-1,1.772379679E2,1.811839777E-1,-7.656595803E-2,1.772378428E2
2.998720208E2,2.410560684E-2,7.039475604E-4,1.569839078E-3,9.997079372E-1,1.772374333E2,1.817827480E-1,-7.630654629E-2,1.772373082E2
2.998770208E2,2.410059470E-2,7.071561995E-4,1.569437678E-3,9.997080564E-1,1.772380079E2,1.817452442E-1,-7.667614204E-2,1.772378822E2
2.998820208E2,2.409036972E-2,7.139504887E-4,1.571474597E-3,9.997082949E-1,1.772391799E2,1.819965649E-1,-7.745071902E-2,1.772390528E2
2.998870208E2,2.409061280E-2,7.128322031E-4,1.568252570E-3,9.997082949E-1,1.772391520E2,1.816243856E-1,-7.733146110E-2,1.772390254E2
2.998920208E2,2.410057919E-2,7.069295389E-4,1.569777844E-3,9.997080564E-1,1.772380096E2,1.817835858E-1,-7.664923955E-2,1.772378839E2
2.998970208E2,2.409301993E-2,7.124685217E-4,1.569434651E-3,9.997082353E-1,1.772388761E2,1.817589851E-1,-7.728609738E-2,1.772387494E2
2.999020208E2,2.408788985E-2,7.153921179E-4,1.570914756E-3,9.997083545E-1,1.772394641E2,1.819362181E-1,-7.761786628E-2,1.772393368E2
2.999070208E2,2.409557175E-2,7.097366615E-4,1.569463639E-3,9.997081757E-1,1.772385836E2,1.817549590E-1,-7.697259651E-2,1.772384574E2
2.999120208E2,2.409789186E-2,7.076375769E-4,1.572752837E-3,9.997081161E-1,1.772383177E2,1.821261460E-1,-7.672262415E-2,1.772381916E2
2.999170208E2,2.409019047E-2,7.127051358E-4,1.574784401E-3,9.997082949E-1,1.772392004E2,1.823722790E-1,-7.729894904E-2,1.772390733E2
2.999220208E2,2.408559475E-2,7.162928814E-4,1.567760250E-3,9.997084141E-1,1.772397272E2,1.815771507E-1,-7.773018068E-2,1.772396000E2
2.999270208E2,2.409005136E-2,7.128089201E-4,1.576864044E-3,9.997082949E-1,1.772392164E2,1.826107956E-1,-7.730512259E-2,1.772390891E2
2.999320208E2,2.408715039E-2,7.145943237E-4,1.582573052E-3,9.997083545E-1,1.772395489E2,1.832695155E-1,-7.749442642E-2,1.772394208E2
2.999370208E2,2.408483704E-2,7.173302583E-4,1.578886993E-3,9.997084141E-1,1.772398141E2,1.828546188E-1,-7.781844795E-2,1.772396857E2
2.999420208E2,2.408498484E-2,7.173505728E-4,1.576621551E-3,9.997084141E-1,1.772397971E2,1.825951606E-1,-7.782700088E-2,1.772396690E2
2.999470208E2,2.408972859E-2,7.132641040E-4,1.581582124E-3,9.997082949E-1,1.772392534E2,1.831525237E-1,-7.734430180E-2,1.772391256E2
2.999520208E2,2.409466733E-2,7.103270036E-4,1.583023113E-3,9.997081757E-1,1.772386873E2,1.833098727E-1,-7.700294935E-2,1.772385599E2
2.999570208E2,2.409510355E-2,7.095391629E-4,1.576724229E-3,9.997081757E-1,1.772386373E2,1.825861400E-1,-7.693000842E-2,1.772385106E2
2.999620208E2,2.409548136E-2,7.101687952E-4,1.570655382E-3,9.997081757E-1,1.772385940E2,1.818926697E-1,-7.701882665E-2,1.772384676E2
2.999670208E2,2.409751878E-2,7.077525370E-4,1.578407362E-3,9.997081161E-1,1.772383604E2,1.827742088E-1,-7.672024675E-2,1.772382339E2
2.999720208E2,2.407988625E-2,7.209564210E-4,1.577267540E-3,9.997085333E-1,1.772403816E2,1.826787184E-1,-7.823922903E-2,1.772402527E2
2.999770208E2,2.408275956E-2,7.178299129E-4,1.572596491E-3,9.997084737E-1,1.772400522E2,1.821352054E-1,-7.789342808E-2,1.772399243E2
2.999820208E2,2.408801606E-2,7.146798889E-4,1.569302869E-3,9.997083545E-1,1.772394497E2,1.817496063E-1,-7.754070114E-2,1.772393226E2
2.999870208E2,2.408242100E-2,7.184728747E-4,1.577479998E-3,9.997084737E-1,1.772400910E2,1.826964010E-1,-7.795366893E-2,1.772399626E2
2.999920208E2,2.407472500E-2,7.234444492E-4,1.579356845E-3,9.997086525E-1,1.772409732E2,1.829245272E-1,-7.851943208E-2,1.772408437E2
2.999970208E2,2.408029192E-2,7.199546671E-4,1.571521396E-3,9.997085333E-1,1.772403351E2,1.820177156E-1,-7.814025244E-2,1.772402068E2
3.000020208E2,2.409290828E-2,7.114589680E-4,1.571605098E-3,9.997082353E-1,1.772388889E2,1.820048320E-1,-7.716447251E-2,1.772387622E2
3.000070208E2,2.409238324E-2,7.116375491E-4,1.579552889E-3,9.997082353E-1,1.772389491E2,1.829157717E-1,-7.716308285E-2,1.772388218E2
3.000120208E2,2.408471149E-2,7.165924762E-4,1.581135555E-3,9.997084141E-1,1.772398285E2,1.831101645E-1,-7.772774582E-2,1.772397001E2
3.000170208E2,2.409038214E-2,7.139215595E-4,1.571297413E-3,9.997082949E-1,1.772391785E2,1.819761881E-1,-7.744789183E-2,1.772390514E2
3.000220208E2,2.410032156E-2,7.073474117E-4,1.573540387E-3,9.997080564E-1,1.772380392E2,1.822157515E-1,-7.668676565E-2,1.772379131E2
3.000270208E2,2.409227305E-2,7.110632723E-4,1.581491088E-3,9.997082353E-1,1.772389617E2,1.831362147E-1,-7.709196374E-2,1.772388344E2
3.000320208E2,2.409242056E-2,7.113391766E-4,1.579118078E-3,9.997082353E-1,1.772389448E2,1.828651394E-1,-7.713009550E-2,1.772388176E2
3.000370208E2,2.409019260E-2,7.129854639E-4,1.574624795E-3,9.997082949E-1,1.772392002E2,1.823547690E-1,-7.733150314E-2,1.772390730E2
3.000420208E2,2.409234873E-2,7.110106526E-4,1.580361393E-3,9.997082353E-1,1.772389530E2,1.830066591E-1,-7.708904084E-2,1.772388258E2
3.000470208E2,2.409194786E-2,7.121532690E-4,1.585948281E-3,9.997082353E-1,1.772389990E2,1.836498087E-1,-7.720458562E-2,1.772388711E2
3.000520208E2,2.409019414E-2,7.134569460E-4,1.574387657E-3,9.997082949E-1,1.772392000E2,1.823289046E-1,-7.738616964E-2,1.772390728E2
3.000570208E2,2.409805682E-2,7.088769926E-4,1.569664222E-3,9.997081161E-1,1.772382988E2,1.817757546E-1,-7.687310869E-2,1.772381727E2
3.000620208E2,2.409720211E-2,7.083905512E-4,1.582949189E-3,9.997081161E-1,1.772383967E2,1.832962514E-1,-7.678085227E-2,1.772382698E2
3.000670208E2,2.409197403E-2,7.113994798E-4,1.585889026E-3,9.997082353E-1,1.772389960E2,1.836409412E-1,-7.711839170E-2,1.772388682E2
3.000720208E2,2.409051977E-2,7.131473394E-4,1.569537912E-3,9.997082949E-1,1.772391627E2,1.817724953E-1,-7.736403099E-2,1.772390359E2
3.000770208E2,2.410039716E-2,7.066694088E-4,1.572686946E-3,9.997080564E-1,1.772380305E2,1.821161158E-1,-7.661143818E-2,1.772379046E2
3.000820208E2,2.409731276E-2,7.090681465E-4,1.580960117E-3,9.997081161E-1,1.772383840E2,1.830702661E-1,-7.686394885E-2,1.772382571E2
3.000870208E2,2.409009454E-2,7.132297615E-4,1.576013863E-3,9.997082949E-1,1.772392114E2,1.825145654E-1,-7.735567258E-2,1.772390841E2
3.000920208E2,2.409063771E-2,7.139375084E-4,1.567366999E-3,9.997082949E-1,1.772391492E2,1.815259895E-1,-7.746052314E-2,1.772390224E2
3.000970208E2,2.409243582E-2,7.125828415E-4,1.578324242E-3,9.997082353E-1,1.772389431E2,1.827776338E-1,-7.727475640E-2,1.772388157E2
3.001020208E2,2.408673616E-2,7.149011362E-4,1.588727231E-3,9.997083545E-1,1.772395964E2,1.839753442E-1,-7.751266306E-2,1.772394678E2
3.001070208E2,2.408692687E-2,7.145895506E-4,1.585973660E-3,9.997083545E-1,1.772395745E2,1.836590537E-1,-7.748453394E-2,1.772394462E2
3.001120208E2,2.409700705E-2,7.089291466E-4,1.585675054E-3,9.997081161E-1,1.772384191E2,1.836099949E-1,-7.683506122E-2,1.772382918E2
3.001170208E2,2.409115423E-2,7.114280597E-4,1.598281437E-3,9.997082353E-1,1.772390900E2,1.850606131E-1,-7.708760369E-2,1.772389612E2
3.001220208E2,2.409405609E-2,7.111725863E-4,1.591921784E-3,9.997081757E-1,1.772387573E2,1.843315791E-1,-7.707535964E-2,1.772386292E2
3.001270208E2,2.409707617E-2,7.085686084E-4,1.584785525E-3,9.997081161E-1,1.772384112E2,1.835071013E-1,-7.679620232E-2,1.772382840E2
3.001320208E2,2.409159276E-2,7.128745201E-4,1.591010368E-3,9.997082353E-1,1.772390397E2,1.842316779E-1,-7.727330052E-2,1.772389113E2
3.001370208E2,2.409146339E-2,7.119793445E-4,1.593368361E-3,9.997082353E-1,1.772390545E2,1.844993244E-1,-7.716426471E-2,1.772389261E2
3.001420208E2,2.409712721E-2,7.088010316E-4,1.583905309E-3,9.997081161E-1,1.772384053E2,1.834069109E-1,-7.682524960E-2,1.772382782E2
3.001470208E2,2.408411583E-2,7.172755431E-4,1.589875086E-3,9.997084141E-1,1.772398967E2,1.841131915E-1,-7.778198500E-2,1.772397676E2
3.001520208E2,2.408613901E-2,7.163144182E-4,1.597121707E-3,9.997083545E-1,1.772396648E2,1.849408580E-1,-7.765150553E-2,1.772395353E2
3.001570208E2,2.408908108E-2,7.133561885E-4,1.591372653E-3,9.997082949E-1,1.772393276E2,1.842743163E-1,-7.732794234E-2,1.772391991E2
3.001620208E2,2.408196863E-2,7.185521536E-4,1.584334997E-3,9.997084737E-1,1.772401429E2,1.834818833E-1,-7.794391574E-2,1.772400139E2
3.001670208E2,2.408907167E-2,7.134462357E-4,1.591474633E-3,9.997082949E-1,1.772393287E2,1.842862468E-1,-7.733797821E-2,1.772392001E2
3.001720208E2,2.409140257E-2,7.127074641E-4,1.593962312E-3,9.997082353E-1,1.772390615E2,1.845693722E-1,-7.724604821E-2,1.772389329E2
3.001770208E2,2.408424939E-2,7.163361297E-4,1.588274608E-3,9.997084141E-1,1.772398814E2,1.839272605E-1,-7.767876019E-2,1.772397526E2
3.001820208E2,2.408462874E-2,7.164962008E-4,1.582439174E-3,9.997084141E-1,1.772398380E2,1.832592329E-1,-7.771313381E-2,1.772397095E2
3.001870208E2,2.408930564E-2,7.131985039E-4,1.588040614E-3,9.997082949E-1,1.772393019E2,1.838921848E-1,-7.731903520E-2,1.772391736E2
3.001920208E2,2.408644479E-2,7.150185411E-4,1.593085821E-3,9.997083545E-1,1.772396298E2,1.844749593E-1,-7.751413563E-2,1.772395008E2
3.001970208E2,2.408204037E-2,7.185534923E-4,1.583243604E-3,9.997084737E-1,1.772401346E2,1.833568641E-1,-7.794706790E-2,1.772400057E2
3.002020208E2,2.408200143E-2,7.179319509E-4,1.584117534E-3,9.997084737E-1,1.772401391E2,1.834552618E-1,-7.787346056E-2,1.772400103E2
3.002070208E2,2.408887119E-2,7.143744733E-4,1.594090601E-3,9.997082949E-1,1.772393517E2,1.845884755E-1,-7.743713095E-2,1.772392227E2
3.002120208E2,2.408617616E-2,7.148343720E-4,1.597224618E-3,9.997083545E-1,1.772396606E2,1.849485647E-1,-7.748166320E-2,1.772395313E2
3.002170208E2,2.408908768E-2,7.144193514E-4,1.590795699E-3,9.997082949E-1,1.772393268E2,1.842111570E-1,-7.745132784E-2,1.772391981E2
3.002220208E2,2.408392942E-2,7.166933501E-4,1.592958462E-3,9.997084141E-1,1.772399181E2,1.844647971E-1,-7.770681439E-2,1.772397888E2
3.002270208E2,2.409121296E-2,7.123919786E-4,1.596966409E-3,9.997082353E-1,1.772390832E2,1.849126314E-1,-7.720164811E-2,1.772389544E2
3.002320208E2,2.408606169E-2,7.151974714E-4,1.598787494E-3,9.997083545E-1,1.772396737E2,1.851285989E-1,-7.751896654E-2,1.772395442E2
3.002370208E2,2.408605750E-2,7.154466002E-4,1.598739182E-3,9.997083545E-1,1.772396742E2,1.851237517E-1,-7.754764041E-2,1.772395447E2
3.002420208E2,2.408824022E-2,7.148038712E-4,1.603405690E-3,9.997082949E-1,1.772394240E2,1.856567349E-1,-7.746072473E-2,1.772392942E2
3.002470208E2,2.408826550E-2,7.137354696E-4,1.603501849E-3,9.997082949E-1,1.772394211E2,1.856648032E-1,-7.733806045E-2,1.772392915E2
3.002520208E2,2.409341952E-2,7.107949350E-4,1.601694850E-3,9.997081757E-1,1.772388303E2,1.854500751E-1,-7.700523019E-2,1.772387014E2
3.002570208E2,2.409371921E-2,7.103281096E-4,1.597388065E-3,9.997081757E-1,1.772387960E2,1.849554303E-1,-7.696358727E-2,1.772386675E2
3.002620208E2,2.409364235E-2,7.100352668E-4,1.598677016E-3,9.997081757E-1,1.772388048E2,1.851022760E-1,-7.692649509E-2,1.772386763E2
3.002670208E2,2.410113218E-2,7.056071190E-4,1.599559211E-3,9.997079968E-1,1.772379462E2,1.851916840E-1,-7.641539136E-2,1.772378185E2
3.002720208E2,2.409857167E-2,7.066918188E-4,1.600406016E-3,9.997080564E-1,1.772382397E2,1.852914928E-1,-7.653778832E-2,1.772381118E2
3.002770208E2,2.409602924E-2,7.092455053E-4,1.600325108E-3,9.997081161E-1,1.772385312E2,1.852890816E-1,-7.683102859E-2,1.772384027E2
3.002820208E2,2.409334805E-2,7.104117540E-4,1.602939446E-3,9.997081757E-1,1.772388385E2,1.855915907E-1,-7.695791057E-2,1.772387096E2
3.002870208E2,2.410092174E-2,7.048171246E-4,1.603074488E-3,9.997079968E-1,1.772379704E2,1.855921907E-1,-7.631522123E-2,1.772378425E2
3.002920208E2,2.410163447E-2,7.055540336E-4,1.591996523E-3,9.997079968E-1,1.772378887E2,1.843252056E-1,-7.643010491E-2,1.772377615E2
3.002970208E2,2.410436434E-2,7.031341665E-4,1.589163439E-3,9.997079372E-1,1.772375758E2,1.839941756E-1,-7.616021191E-2,1.772374493E2
3.003020208E2,2.410680665E-2,7.019817131E-4,1.590121770E-3,9.997078776E-1,1.772372958E2,1.841009626E-1,-7.602509204E-2,1.772371695E2
3.003070208E2,2.410456488E-2,7.032871363E-4,1.586050843E-3,9.997079372E-1,1.772375528E2,1.836380391E-1,-7.618629688E-2,1.772374265E2
3.003120208E2,2.409961581E-2,7.071120781E-4,1.584417652E-3,9.997080564E-1,1.772381201E2,1.834611306E-1,-7.662989469E-2,1.772379932E2
3.003170208E2,2.409954986E-2,7.075711619E-4,1.585215679E-3,9.997080564E-1,1.772381276E2,1.835538143E-1,-7.668029465E-2,1.772380006E2
3.003220208E2,2.409965989E-2,7.060220814E-4,1.584233367E-3,9.997080564E-1,1.772381150E2,1.834370119E-1,-7.650552756E-2,1.772379884E2
3.003270208E2,2.408931330E-2,7.131973398E-4,1.587924897E-3,9.997082949E-1,1.772393010E2,1.838789259E-1,-7.731921987E-2,1.772391727E2
3.003320208E2,2.409410654E-2,7.110169972E-4,1.591227483E-3,9.997081757E-1,1.772387516E2,1.842516152E-1,-7.705944338E-2,1.772386235E2
3.003370208E2,2.409407901E-2,7.096374175E-4,1.592259854E-3,9.997081757E-1,1.772387547E2,1.843660705E-1,-7.689855584E-2,1.772386268E2
3.003420208E2,2.409390558E-2,7.107764832E-4,1.594374771E-3,9.997081757E-1,1.772387746E2,1.846114843E-1,-7.702323762E-2,1.772386463E2
3.003470208E2,2.409403286E-2,7.106842822E-4,1.592491288E-3,9.997081757E-1,1.772387600E2,1.843954704E-1,-7.701785225E-2,1.772386319E2
3.003520208E2,2.409402945E-2,7.100571529E-4,1.592822606E-3,9.997081757E-1,1.772387604E2,1.844316937E-1,-7.694509529E-2,1.772386324E2
3.003570208E2,2.409889736E-2,7.071241853E-4,1.595302601E-3,9.997080564E-1,1.772382024E2,1.847080723E-1,-7.660135297E-2,1.772380747E2
3.003620208E2,2.410621458E-2,7.022827049E-4,1.598940347E-3,9.997078776E-1,1.772373637E2,1.851119919E-1,-7.603532082E-2,1.772372366E2
3.003670208E2,2.410121988E-2,7.049997221E-4,1.598505420E-3,9.997079968E-1,1.772379362E2,1.850692922E-1,-7.634870335E-2,1.772378087E2
3.003720208E2,2.410144920E-2,7.060211501E-4,1.594592235E-3,9.997079968E-1,1.772379099E2,1.846238426E-1,-7.647648183E-2,1.772377825E2
3.003770208E2,2.409862544E-2,7.073446759E-4,1.599307521E-3,9.997080564E-1,1.772382336E2,1.851674581E-1,-7.661560210E-2,1.772381056E2
3.003820208E2,2.409118078E-2,7.128856960E-4,1.597231487E-3,9.997082353E-1,1.772390869E2,1.849443590E-1,-7.725748160E-2,1.772389580E2
3.003870208E2,2.408853074E-2,7.140262751E-4,1.599382493E-3,9.997082949E-1,1.772393907E2,1.851937191E-1,-7.738269672E-2,1.772392614E2
3.003920208E2,2.408872418E-2,7.130813901E-4,1.596888760E-3,9.997082949E-1,1.772393685E2,1.849054472E-1,-7.728130053E-2,1.772392396E2
3.003970208E2,2.408866710E-2,7.136142231E-4,1.597511582E-3,9.997082949E-1,1.772393751E2,1.849782634E-1,-7.734063216E-2,1.772392460E2
3.004020208E2,2.409103749E-2,7.130130543E-4,1.599334530E-3,9.997082353E-1,1.772391034E2,1.851856211E-1,-7.726629205E-2,1.772389743E2
3.004070208E2,2.408841881E-2,7.141283713E-4,1.601021853E-3,9.997082949E-1,1.772394035E2,1.853817951E-1,-7.738988802E-2,1.772392741E2
3.004120208E2,2.409615888E-2,7.089698920E-4,1.598494244E-3,9.997081161E-1,1.772385163E2,1.850785894E-1,-7.680448646E-2,1.772383880E2
3.004170208E2,2.409315069E-2,7.103013922E-4,1.605952042E-3,9.997081757E-1,1.772388611E2,1.859363892E-1,-7.693698658E-2,1.772387320E2
3.004220208E2,2.408986524E-2,7.134473999E-4,1.616703812E-3,9.997082353E-1,1.772392377E2,1.871765291E-1,-7.726831688E-2,1.772391072E2
3.004270208E2,2.409000316E-2,7.123891846E-4,1.615114626E-3,9.997082353E-1,1.772392219E2,1.869915633E-1,-7.715145103E-2,1.772390917E2
3.004320208E2,2.409247619E-2,7.104427204E-4,1.615977148E-3,9.997081757E-1,1.772389384E2,1.870851888E-1,-7.692562374E-2,1.772388085E2
3.004370208E2,2.408972400E-2,7.133375038E-4,1.618855400E-3,9.997082353E-1,1.772392539E2,1.874226975E-1,-7.724981413E-2,1.772391232E2
3.004420208E2,2.408461237E-2,7.162750117E-4,1.619998133E-3,9.997083545E-1,1.772398398E2,1.875613207E-1,-7.758413403E-2,1.772397085E2
3.004470208E2,2.408467835E-2,7.162727998E-4,1.619017799E-3,9.997083545E-1,1.772398323E2,1.874490141E-1,-7.758657402E-2,1.772397010E2
3.004520208E2,2.408693732E-2,7.152284961E-4,1.622673706E-3,9.997082949E-1,1.772395733E2,1.878651219E-1,-7.745642555E-2,1.772394420E2
3.004570208E2,2.408436515E-2,7.160387468E-4,1.623773482E-3,9.997083545E-1,1.772398682E2,1.879931478E-1,-7.754669437E-2,1.772397366E2
3.004620208E2,2.408703076E-2,7.149571902E-4,1.621405710E-3,9.997082949E-1,1.772395626E2,1.877191205E-1,-7.742882774E-2,1.772394314E2
3.004670208E2,2.408955673E-2,7.135217311E-4,1.621261588E-3,9.997082353E-1,1.772392731E2,1.876988426E-1,-7.726430772E-2,1.772391422E2
3.004720208E2,2.410441151E-2,7.028263062E-4,1.625660923E-3,9.997078776E-1,1.772375704E2,1.881744252E-1,-7.602411854E-2,1.772374412E2
3.004770208E2,2.409677278E-2,7.077895571E-4,1.626789686E-3,9.997080564E-1,1.772384459E2,1.883168605E-1,-7.659102021E-2,1.772383157E2
3.004820208E2,2.408970445E-2,7.119174115E-4,1.619771239E-3,9.997082353E-1,1.772392562E2,1.875236925E-1,-7.708460634E-2,1.772391257E2
3.004870208E2,2.409712276E-2,7.073928718E-4,1.621770323E-3,9.997080564E-1,1.772384058E2,1.877407811E-1,-7.655937154E-2,1.772382761E2
3.004920208E2,2.409668976E-2,7.076596376E-4,1.628075377E-3,9.997080564E-1,1.772384555E2,1.884637822E-1,-7.657260219E-2,1.772383252E2
3.004970208E2,2.408907900E-2,7.122962852E-4,1.628880738E-3,9.997082353E-1,1.772393278E2,1.885682611E-1,-7.710297960E-2,1.772391966E2
3.005020208E2,2.408141753E-2,7.188888267E-4,1.629524748E-3,9.997084141E-1,1.772402060E2,1.886596419E-1,-7.785787711E-2,1.772400735E2
3.005070208E2,2.407918196E-2,7.202447159E-4,1.625389559E-3,9.997084737E-1,1.772404623E2,1.881894883E-1,-7.802503789E-2,1.772403298E2
3.005120208E2,2.407885527E-2,7.199348765E-4,1.630358864E-3,9.997084737E-1,1.772404997E2,1.887578842E-1,-7.797589260E-2,1.772403669E2
3.005170208E2,2.407669003E-2,7.213739445E-4,1.625143108E-3,9.997085333E-1,1.772407479E2,1.881641767E-1,-7.815554938E-2,1.772406152E2
3.005220208E2,2.407441070E-2,7.222208660E-4,1.621864620E-3,9.997085929E-1,1.772410092E2,1.877907563E-1,-7.826204510E-2,1.772408766E2
3.005270208E2,2.407664596E-2,7.213178324E-4,1.625820762E-3,9.997085333E-1,1.772407530E2,1.882416495E-1,-7.814725984E-2,1.772406202E2
3.005320208E2,2.407599847E-2,7.217683597E-4,1.635182300E-3,9.997085333E-1,1.772408272E2,1.893152864E-1,-7.817316447E-2,1.772406936E2
3.005370208E2,2.406570558E-2,7.292847149E-4,1.637600013E-3,9.997087717E-1,1.772420070E2,1.896121825E-1,-7.902950629E-2,1.772418718E2
3.005420208E2,2.406834860E-2,7.271858049E-4,1.636076369E-3,9.997087121E-1,1.772417041E2,1.894320552E-1,-7.879276005E-2,1.772415694E2
3.005470208E2,2.407343160E-2,7.237124955E-4,1.635674154E-3,9.997085929E-1,1.772411214E2,1.893767958E-1,-7.839501038E-2,1.772409875E2
3.005520208E2,2.406828930E-2,7.273874362E-4,1.636858913E-3,9.997087121E-1,1.772417109E2,1.895222539E-1,-7.881371143E-2,1.772415761E2
3.005570208E2,2.406843173E-2,7.263998268E-4,1.635202323E-3,9.997087121E-1,1.772416945E2,1.893297642E-1,-7.870511482E-2,1.772415601E2
3.005620208E2,2.407637195E-2,7.222788990E-4,1.629447681E-3,9.997085333E-1,1.772407844E2,1.886597747E-1,-7.824740253E-2,1.772406512E2
3.005670208E2,2.407602675E-2,7.209483301E-4,1.635127701E-3,9.997085333E-1,1.772408240E2,1.893067712E-1,-7.807936864E-2,1.772406906E2
3.005720208E2,2.407574623E-2,7.210792974E-4,1.639195252E-3,9.997085333E-1,1.772408561E2,1.897730835E-1,-7.808320269E-2,1.772407224E2
3.005770208E2,2.408142614E-2,7.181007531E-4,1.629744889E-3,9.997084141E-1,1.772402050E2,1.886826866E-1,-7.776698769E-2,1.772400726E2
3.005820208E2,2.408392430E-2,7.171006873E-4,1.629832434E-3,9.997083545E-1,1.772399187E2,1.886901495E-1,-7.765170885E-2,1.772397865E2
3.005870208E2,2.407593638E-2,7.219818071E-4,1.636002096E-3,9.997085333E-1,1.772408343E2,1.894097853E-1,-7.819536654E-2,1.772407007E2
3.005920208E2,2.407375592E-2,7.225897862E-4,1.631391584E-3,9.997085929E-1,1.772410842E2,1.888831184E-1,-7.827814807E-2,1.772409508E2
3.005970208E2,2.407638435E-2,7.221394917E-4,1.629326376E-3,9.997085333E-1,1.772407830E2,1.886454944E-1,-7.823176462E-2,1.772406498E2
3.006020208E2,2.406900483E-2,7.261435967E-4,1.626859303E-3,9.997087121E-1,1.772416288E2,1.883733378E-1,-7.869866509E-2,1.772414951E2
3.006070208E2,2.406849450E-2,7.271178765E-4,1.633958775E-3,9.997087121E-1,1.772416873E2,1.891892907E-1,-7.879079137E-2,1.772415528E2
3.006120208E2,2.407101696E-2,7.251910283E-4,1.634125016E-3,9.997086525E-1,1.772413982E2,1.892032182E-1,-7.856911913E-2,1.772412641E2
3.006170208E2,2.408130110E-2,7.179258391E-4,1.631668420E-3,9.997084141E-1,1.772402194E2,1.889025510E-1,-7.774166518E-2,1.772400868E2
3.006220208E2,2.408366370E-2,7.164251874E-4,1.633975073E-3,9.997083545E-1,1.772399486E2,1.891628395E-1,-7.756294064E-2,1.772398161E2
3.006270208E2,2.408621039E-2,7.150553283E-4,1.633504173E-3,9.997082949E-1,1.772396567E2,1.891053100E-1,-7.740682998E-2,1.772395245E2
3.006320208E2,2.408380362E-2,7.156718057E-4,1.632241881E-3,9.997083545E-1,1.772399325E2,1.889622190E-1,-7.748139161E-2,1.772398004E2
3.006370208E2,2.408629313E-2,7.149877492E-4,1.632313360E-3,9.997082949E-1,1.772396472E2,1.889687122E-1,-7.740235950E-2,1.772395151E2
3.006420208E2,2.408856339E-2,7.132292376E-4,1.636081841E-3,9.997082353E-1,1.772393869E2,1.893957447E-1,-7.719007566E-2,1.772392550E2
3.006470208E2,2.409139072E-2,7.110080332E-4,1.631833613E-3,9.997081757E-1,1.772390629E2,1.889031594E-1,-7.694681146E-2,1.772389316E2
3.006520208E2,2.409405744E-2,7.099790382E-4,1.629423350E-3,9.997081161E-1,1.772387572E2,1.886244071E-1,-7.683508280E-2,1.772386264E2
3.006570208E2,2.409176850E-2,7.111945306E-4,1.626165118E-3,9.997081757E-1,1.772390196E2,1.882543290E-1,-7.698375473E-2,1.772388887E2
3.006620208E2,2.409160968E-2,7.117666537E-4,1.628266415E-3,9.997081757E-1,1.772390378E2,1.884966179E-1,-7.704352469E-2,1.772389067E2
3.006670208E2,2.408158199E-2,7.182107656E-4,1.627391903E-3,9.997084141E-1,1.772401872E2,1.884134476E-1,-7.778605460E-2,1.772400549E2
3.006720208E2,2.408428161E-2,7.158135413E-4,1.625111327E-3,9.997083545E-1,1.772398777E2,1.881457813E-1,-7.751721851E-2,1.772397461E2
3.006770208E2,2.409163359E-2,7.115104818E-4,1.628024504E-3,9.997081757E-1,1.772390350E2,1.884681995E-1,-7.701484147E-2,1.772389040E2
3.006820208E2,2.409898487E-2,7.062973455E-4,1.631292747E-3,9.997079968E-1,1.772381924E2,1.888287726E-1,-7.640722254E-2,1.772380621E2
3.006870208E2,2.409408708E-2,7.087792037E-4,1.629507518E-3,9.997081161E-1,1.772387538E2,1.886307384E-1,-7.669739398E-2,1.772386232E2
3.006920208E2,2.409890267E-2,7.057037437E-4,1.632763306E-3,9.997079968E-1,1.772382018E2,1.889955918E-1,-7.633517496E-2,1.772380715E2
3.006970208E2,2.410890656E-2,7.001814665E-4,1.633435604E-3,9.997077584E-1,1.772370551E2,1.890581147E-1,-7.569880462E-2,1.772369259E2
3.007020208E2,2.410380774E-2,7.019846234E-4,1.634950284E-3,9.997078776E-1,1.772376396E2,1.892362292E-1,-7.590215127E-2,1.772375098E2
3.007070208E2,2.410405091E-2,7.033220027E-4,1.630785177E-3,9.997078776E-1,1.772376117E2,1.887627938E-1,-7.606681798E-2,1.772374820E2
3.007120208E2,2.410413773E-2,7.031372515E-4,1.629581209E-3,9.997078776E-1,1.772376017E2,1.886243654E-1,-7.604896252E-2,1.772374722E2
3.007170208E2,2.410663706E-2,7.010247209E-4,1.630086219E-3,9.997078180E-1,1.772373153E2,1.886765721E-1,-7.580508830E-2,1.772371861E2
3.007220208E2,2.409877972E-2,7.065867539E-4,1.634195447E-3,9.997079968E-1,1.772382159E2,1.891620852E-1,-7.643239914E-2,1.772380853E2
3.007270208E2,2.409908622E-2,7.066097460E-4,1.629659440E-3,9.997079968E-1,1.772381808E2,1.886425340E-1,-7.644750210E-2,1.772380506E2
3.007320208E2,2.410675223E-2,7.002393831E-4,1.628719969E-3,9.997078180E-1,1.772373021E2,1.885178956E-1,-7.571887409E-2,1.772371731E2
3.007370208E2,2.410906868E-2,7.001378108E-4,1.631059800E-3,9.997077584E-1,1.772370365E2,1.887858379E-1,-7.570033678E-2,1.772369075E2
3.007420208E2,2.409869949E-2,7.070446154E-4,1.635180204E-3,9.997079968E-1,1.772382251E2,1.892761559E-1,-7.648214653E-2,1.772380944E2
3.007470208E2,2.409873296E-2,7.069746498E-4,1.634717104E-3,9.997079968E-1,1.772382213E2,1.892229132E-1,-7.647540399E-2,1.772380906E2
3.007520208E2,2.410429356E-2,7.023641956E-4,1.627608435E-3,9.997078776E-1,1.772375839E2,1.883962436E-1,-7.596582264E-2,1.772374546E2
3.007570208E2,2.410644358E-2,7.008335670E-4,1.633026986E-3,9.997078180E-1,1.772373374E2,1.890129192E-1,-7.577510262E-2,1.772372081E2
3.007620208E2,2.410642613E-2,7.009525434E-4,1.633233624E-3,9.997078180E-1,1.772373394E2,1.890369186E-1,-7.578816480E-2,1.772372100E2
3.007670208E2,2.411412568E-2,6.967405789E-4,1.630823594E-3,9.997076392E-1,1.772364569E2,1.887497726E-1,-7.531085411E-2,1.772363285E2
3.007720208E2,2.412149515E-2,6.917107385E-4,1.633591601E-3,9.997074604E-1,1.772356121E2,1.890535213E-1,-7.472560240E-2,1.772354845E2
3.007770208E2,2.411904166E-2,6.929340307E-4,1.632823027E-3,9.997075200E-1,1.772358934E2,1.889686727E-1,-7.486832870E-2,1.772357656E2
3.007820208E2,2.411203431E-2,6.967126974E-4,1.625210396E-3,9.997076988E-1,1.772366966E2,1.881064987E-1,-7.532356513E-2,1.772365686E2
3.007870208E2,2.411717299E-2,6.945676869E-4,1.623209100E-3,9.997075796E-1,1.772361076E2,1.878716917E-1,-7.508240101E-2,1.772359802E2
3.007920208E2,2.412194896E-2,6.903802278E-4,1.627441961E-3,9.997074604E-1,1.772355601E2,1.883453839E-1,-7.459009530E-2,1.772354332E2
3.007970208E2,2.411686216E-2,6.947612274E-4,1.627738122E-3,9.997075796E-1,1.772361432E2,1.883910410E-1,-7.509211410E-2,1.772360154E2
3.008020208E2,2.411203565E-2,6.980279577E-4,1.624625991E-3,9.997076988E-1,1.772366964E2,1.880431848E-1,-7.547585342E-2,1.772365683E2
3.008070208E2,2.411474602E-2,6.951721152E-4,1.622297917E-3,9.997076392E-1,1.772363858E2,1.877687962E-1,-7.515461730E-2,1.772362583E2
3.008120208E2,2.411727311E-2,6.934106932E-4,1.622215845E-3,9.997075796E-1,1.772360961E2,1.877547154E-1,-7.495258434E-2,1.772359690E2
3.008170208E2,2.411499581E-2,6.955242716E-4,1.618429320E-3,9.997076392E-1,1.772363571E2,1.873266077E-1,-7.520560364E-2,1.772362299E2
3.008220208E2,2.411778838E-2,6.935285637E-4,1.614486566E-3,9.997075796E-1,1.772360370E2,1.868696257E-1,-7.498735297E-2,1.772359105E2
3.008270208E2,2.412275333E-2,6.905393093E-4,1.615407411E-3,9.997074604E-1,1.772354679E2,1.869672244E-1,-7.464143607E-2,1.772353419E2
3.008320208E2,2.411733944E-2,6.944179186E-4,1.620798255E-3,9.997075796E-1,1.772360885E2,1.875951075E-1,-7.507187559E-2,1.772359613E2
3.008370208E2,2.410708573E-2,7.002681377E-4,1.623763936E-3,9.997078180E-1,1.772372638E2,1.879502447E-1,-7.573579682E-2,1.772371353E2
3.008420208E2,2.410435242E-2,7.019086042E-4,1.626933110E-3,9.997078776E-1,1.772375771E2,1.883176253E-1,-7.591548530E-2,1.772374480E2
3.008470208E2,2.411138943E-2,6.974824937E-4,1.634421642E-3,9.997076988E-1,1.772367705E2,1.891638035E-1,-7.538642134E-2,1.772366417E2
3.008520208E2,2.411390168E-2,6.964801578E-4,1.634243410E-3,9.997076392E-1,1.772364825E2,1.891408049E-1,-7.527161280E-2,1.772363539E2
3.008570208E2,2.410871727E-2,6.997930468E-4,1.636393252E-3,9.997077584E-1,1.772370768E2,1.893958508E-1,-7.564617243E-2,1.772369474E2
3.008620208E2,2.411378225E-2,6.964751519E-4,1.636006869E-3,9.997076392E-1,1.772364962E2,1.893428013E-1,-7.526618885E-2,1.772363675E2
3.008670208E2,2.411888660E-2,6.929063238E-4,1.635123626E-3,9.997075200E-1,1.772359112E2,1.892321376E-1,-7.485882522E-2,1.772357832E2
3.008720208E2,2.410926496E-2,6.991462433E-4,1.628582017E-3,9.997077584E-1,1.772370140E2,1.884992618E-1,-7.559355336E-2,1.772368853E2
3.008770208E2,2.410711454E-2,7.013643044E-4,1.622862881E-3,9.997078180E-1,1.772372605E2,1.878500519E-1,-7.586385546E-2,1.772371318E2
3.008820208E2,2.411479025E-2,6.958012236E-4,1.621370437E-3,9.997076392E-1,1.772363807E2,1.876642874E-1,-7.522924153E-2,1.772362532E2
3.008870208E2,2.411463562E-2,6.965553621E-4,1.623345306E-3,9.997076392E-1,1.772363984E2,1.878925980E-1,-7.531020575E-2,1.772362706E2
3.008920208E2,2.411199808E-2,6.975381402E-4,1.625393867E-3,9.997076988E-1,1.772367007E2,1.881297951E-1,-7.541762616E-2,1.772365726E2
3.008970208E2,2.411710358E-2,6.943824701E-4,1.624319120E-3,9.997075796E-1,1.772361155E2,1.879983367E-1,-7.505812816E-2,1.772359881E2
3.009020208E2,2.412201875E-2,6.908118376E-4,1.626223908E-3,9.997074604E-1,1.772355521E2,1.882070440E-1,-7.464289362E-2,1.772354252E2
3.009070208E2,2.411677106E-2,6.935780402E-4,1.629591337E-3,9.997075796E-1,1.772361536E2,1.886000653E-1,-7.495146586E-2,1.772360259E2
3.009120208E2,2.411163607E-2,6.980317412E-4,1.630543964E-3,9.997076988E-1,1.772367422E2,1.887211190E-1,-7.546000993E-2,1.772366136E2
3.009170208E2,2.411679593E-2,6.935323472E-4,1.629242674E-3,9.997075796E-1,1.772361508E2,1.885599985E-1,-7.494719027E-2,1.772360231E2
3.009220208E2,2.412932686E-2,6.851751823E-4,1.630109502E-3,9.997072816E-1,1.772347144E2,1.886371296E-1,-7.398504925E-2,1.772345883E2
3.009270208E2,2.412420219E-2,6.893270765E-4,1.631099265E-3,9.997074008E-1,1.772353019E2,1.887616152E-1,-7.445891297E-2,1.772351749E2
3.009320208E2,2.412190227E-2,6.908286596E-4,1.627943595E-3,9.997074604E-1,1.772355655E2,1.884040865E-1,-7.464008891E-2,1.772354384E2
3.009370208E2,2.412433648E-2,6.890356890E-4,1.629235223E-3,9.997074008E-1,1.772352865E2,1.885472778E-1,-7.443066011E-2,1.772351597E2
3.009420208E2,2.413218393E-2,6.846057950E-4,1.624599914E-3,9.997072220E-1,1.772343869E2,1.880045966E-1,-7.393451887E-2,1.772342613E2
3.009470208E2,2.412226723E-2,6.898542051E-4,1.622941345E-3,9.997074604E-1,1.772355236E2,1.878283698E-1,-7.454221642E-2,1.772353972E2
3.009520208E2,2.412233178E-2,6.906054914E-4,1.621661941E-3,9.997074604E-1,1.772355162E2,1.876838851E-1,-7.463180692E-2,1.772353897E2
3.009570208E2,2.412484106E-2,6.890070508E-4,1.621758682E-3,9.997074008E-1,1.772352286E2,1.876907354E-1,-7.444795411E-2,1.772351024E2
3.009620208E2,2.412226819E-2,6.900635199E-4,1.622838085E-3,9.997074604E-1,1.772355235E2,1.878171192E-1,-7.456648038E-2,1.772353970E2
3.009670208E2,2.411958592E-2,6.929026567E-4,1.624776982E-3,9.997075200E-1,1.772358310E2,1.880468843E-1,-7.488687122E-2,1.772357038E2
3.009720208E2,2.411934966E-2,6.925654598E-4,1.628423925E-3,9.997075200E-1,1.772358581E2,1.884637226E-1,-7.483820685E-2,1.772357307E2
3.009770208E2,2.412423274E-2,6.886547781E-4,1.630931511E-3,9.997074008E-1,1.772352983E2,1.887405410E-1,-7.438235376E-2,1.772351715E2
3.009820208E2,2.412391259E-2,6.897125859E-4,1.635214314E-3,9.997074008E-1,1.772353350E2,1.892340730E-1,-7.449175469E-2,1.772352077E2
3.009870208E2,2.412638891E-2,6.875701947E-4,1.636022003E-3,9.997073412E-1,1.772350512E2,1.893208613E-1,-7.424362466E-2,1.772349242E2
3.009920208E2,2.413186092E-2,6.847581826E-4,1.629326842E-3,9.997072220E-1,1.772344240E2,1.885465035E-1,-7.393896482E-2,1.772342980E2
3.009970208E2,2.413927558E-2,6.780984695E-4,1.631989959E-3,9.997070432E-1,1.772335741E2,1.888337100E-1,-7.316727585E-2,1.772334492E2
3.010020208E2,2.413910232E-2,6.782700657E-4,1.634479500E-3,9.997070432E-1,1.772335939E2,1.891193699E-1,-7.318007956E-2,1.772334688E2
3.010070208E2,2.413446138E-2,6.821254501E-4,1.628485392E-3,9.997071624E-1,1.772341259E2,1.884430186E-1,-7.363920091E-2,1.772340005E2
3.010120208E2,2.413457897E-2,6.813617656E-4,1.627061632E-3,9.997071624E-1,1.772341124E2,1.882778113E-1,-7.355563030E-2,1.772339873E2
3.010170208E2,2.413426849E-2,6.830699276E-4,1.630946179E-3,9.997071624E-1,1.772341480E2,1.887275206E-1,-7.374062894E-2,1.772340222E2
3.010220208E2,2.412423857E-2,6.888753269E-4,1.630752115E-3,9.997074008E-1,1.772352977E2,1.887205999E-1,-7.440811426E-2,1.772351708E2
3.010270208E2,2.412940071E-2,6.855159299E-4,1.628872706E-3,9.997072816E-1,1.772347060E2,1.884963919E-1,-7.402749064E-2,1.772345799E2
3.010320208E2,2.413986322E-2,6.783644785E-4,1.623163465E-3,9.997070432E-1,1.772335067E2,1.878233401E-1,-7.322205551E-2,1.772333824E2
3.010370208E2,2.414204855E-2,6.779523101E-4,1.627538353E-3,9.997069836E-1,1.772332562E2,1.883235398E-1,-7.316232416E-2,1.772331317E2
3.010420208E2,2.413962848E-2,6.788532482E-4,1.626446843E-3,9.997070432E-1,1.772335336E2,1.882008136E-1,-7.326900922E-2,1.772334090E2
3.010470208E2,2.413249252E-2,6.832741783E-4,1.620571711E-3,9.997072220E-1,1.772343516E2,1.875394720E-1,-7.379305346E-2,1.772342265E2
3.010520208E2,2.413994273E-2,6.787236780E-4,1.621830394E-3,9.997070432E-1,1.772334976E2,1.876716251E-1,-7.326687752E-2,1.772333733E2
3.010570208E2,2.413737857E-2,6.802115240E-4,1.622629934E-3,9.997071028E-1,1.772337915E2,1.877671471E-1,-7.343559201E-2,1.772336669E2
3.010620208E2,2.413489427E-2,6.815047236E-4,1.622317941E-3,9.997071624E-1,1.772340763E2,1.877348002E-1,-7.358506794E-2,1.772339514E2
3.010670208E2,2.413238663E-2,6.832131185E-4,1.622173470E-3,9.997072220E-1,1.772343637E2,1.877227902E-1,-7.378164877E-2,1.772342386E2
3.010720208E2,2.413211681E-2,6.846064935E-4,1.625596429E-3,9.997072220E-1,1.772343946E2,1.881187528E-1,-7.393185568E-2,1.772342690E2
3.010770208E2,2.412450719E-2,6.885993644E-4,1.626890269E-3,9.997074008E-1,1.772352669E2,1.882774499E-1,-7.438712625E-2,1.772351404E2
3.010820208E2,2.412979373E-2,6.853724481E-4,1.623100718E-3,9.997072816E-1,1.772346609E2,1.878347944E-1,-7.402694023E-2,1.772345353E2
3.010870208E2,2.414019471E-2,6.788003375E-4,1.618043287E-3,9.997070432E-1,1.772334687E2,1.872380108E-1,-7.328608879E-2,1.772333447E2
3.010920208E2,2.414233754E-2,6.772421184E-4,1.623542397E-3,9.997069836E-1,1.772332231E2,1.878638257E-1,-7.309196692E-2,1.772330990E2
3.010970208E2,2.413718524E-2,6.803641445E-4,1.625439385E-3,9.997071028E-1,1.772338137E2,1.880894013E-1,-7.344534116E-2,1.772336888E2
3.011020208E2,2.414245628E-2,6.763357087E-4,1.622154028E-3,9.997069836E-1,1.772332095E2,1.877022771E-1,-7.299194924E-2,1.772330856E2
3.011070208E2,2.414508382E-2,6.750586326E-4,1.620310592E-3,9.997069240E-1,1.772329083E2,1.874877540E-1,-7.285025730E-2,1.772327848E2
3.011120208E2,2.414483933E-2,6.757400115E-4,1.623666380E-3,9.997069240E-1,1.772329363E2,1.878740553E-1,-7.291907535E-2,1.772328125E2
3.011170208E2,2.413225197E-2,6.835982786E-4,1.624013414E-3,9.997072220E-1,1.772343791E2,1.879346266E-1,-7.382070891E-2,1.772342538E2
3.011220208E2,2.413003344E-2,6.849005003E-4,1.619732822E-3,9.997072816E-1,1.772346334E2,1.874476863E-1,-7.398214278E-2,1.772345081E2
3.011270208E2,2.413265033E-2,6.838422269E-4,1.617979957E-3,9.997072220E-1,1.772343335E2,1.872441475E-1,-7.386526596E-2,1.772342085E2
3.011320208E2,2.414018053E-2,6.788148312E-4,1.618248760E-3,9.997070432E-1,1.772334703E2,1.872615886E-1,-7.328718340E-2,1.772333463E2
3.011370208E2,2.414780974E-2,6.730547757E-4,1.617293921E-3,9.997068644E-1,1.772325958E2,1.871368221E-1,-7.262853613E-2,1.772324730E2
3.011420208E2,2.413788604E-2,6.797142560E-4,1.615272718E-3,9.997071028E-1,1.772337333E2,1.869229780E-1,-7.339888164E-2,1.772336094E2
3.011470208E2,2.414009422E-2,6.782533601E-4,1.619770890E-3,9.997070432E-1,1.772334802E2,1.874344017E-1,-7.321866776E-2,1.772333562E2
3.011520208E2,2.414752953E-2,6.735644420E-4,1.621260657E-3,9.997068644E-1,1.772326280E2,1.875926350E-1,-7.267599806E-2,1.772325047E2
3.011570208E2,2.414267091E-2,6.763892015E-4,1.618934213E-3,9.997069836E-1,1.772331849E2,1.873335840E-1,-7.300694515E-2,1.772330613E2
3.011620208E2,2.414251472E-2,6.765455473E-4,1.621196512E-3,9.997069836E-1,1.772332028E2,1.875931705E-1,-7.301862608E-2,1.772330790E2
3.011670208E2,2.414499434E-2,6.752196350E-4,1.621576375E-3,9.997069240E-1,1.772329186E2,1.876331991E-1,-7.286521584E-2,1.772327950E2
3.011720208E2,2.415017099E-2,6.723370170E-4,1.619177521E-3,9.997068048E-1,1.772323252E2,1.873507892E-1,-7.254065620E-2,1.772322023E2
3.011770208E2,2.414787852E-2,6.732954062E-4,1.616166439E-3,9.997068644E-1,1.772325880E2,1.870083306E-1,-7.265920945E-2,1.772324651E2
3.011820208E2,2.415019393E-2,6.714656483E-4,1.619196963E-3,9.997068048E-1,1.772323225E2,1.873506063E-1,-7.244077584E-2,1.772321999E2
3.011870208E2,2.414995499E-2,6.718895165E-4,1.622581389E-3,9.997068048E-1,1.772323499E2,1.877394764E-1,-7.248001169E-2,1.772322269E2
3.011920208E2,2.413716972E-2,6.800709525E-4,1.625792589E-3,9.997071028E-1,1.772338154E2,1.881290516E-1,-7.341077960E-2,1.772336906E2
3.011970208E2,2.413734001E-2,6.812244537E-4,1.622778713E-3,9.997071028E-1,1.772337959E2,1.877869902E-1,-7.355122697E-2,1.772336711E2
3.012020208E2,2.414769193E-2,6.735385396E-4,1.618850743E-3,9.997068644E-1,1.772326093E2,1.873164994E-1,-7.267966909E-2,1.772324863E2
3.012070208E2,2.413973144E-2,6.784839206E-4,1.625072327E-3,9.997070432E-1,1.772335218E2,1.880423370E-1,-7.323048277E-2,1.772333974E2
3.012120208E2,2.414230330E-2,6.768480525E-4,1.624215744E-3,9.997069836E-1,1.772332270E2,1.879398703E-1,-7.304496705E-2,1.772331029E2
3.012170208E2,2.415018886E-2,6.717916694E-4,1.619137358E-3,9.997068048E-1,1.772323231E2,1.873446801E-1,-7.247829008E-2,1.772322004E2
3.012220208E2,2.414786384E-2,6.726502907E-4,1.616654336E-3,9.997068644E-1,1.772325896E2,1.870624368E-1,-7.258395891E-2,1.772324669E2
3.012270208E2,2.414251536E-2,6.772419438E-4,1.620896161E-3,9.997069836E-1,1.772332027E2,1.875606896E-1,-7.309923473E-2,1.772330788E2
3.012320208E2,2.414520098E-2,6.750955945E-4,1.618548413E-3,9.997069240E-1,1.772328949E2,1.872859925E-1,-7.285934549E-2,1.772327715E2
3.012370208E2,2.415015717E-2,6.721530808E-4,1.619459945E-3,9.997068048E-1,1.772323268E2,1.873826331E-1,-7.251880581E-2,1.772322039E2
3.012420208E2,2.414737393E-2,6.729380693E-4,1.623836230E-3,9.997068644E-1,1.772326458E2,1.878859436E-1,-7.259714410E-2,1.772325225E2
3.012470208E2,2.414758442E-2,6.728179869E-4,1.620752970E-3,9.997068644E-1,1.772326217E2,1.875324134E-1,-7.259188025E-2,1.772324986E2
3.012520208E2,2.415042464E-2,6.712667528E-4,1.615834888E-3,9.997068048E-1,1.772322961E2,1.869649188E-1,-7.242725227E-2,1.772321737E2
3.012570208E2,2.415039496E-2,6.712637842E-4,1.616279711E-3,9.997068048E-1,1.772322995E2,1.870158666E-1,-7.242568668E-2,1.772321771E2
3.012620208E2,2.415015665E-2,6.722063408E-4,1.619445626E-3,9.997068048E-1,1.772323268E2,1.873811401E-1,-7.252494690E-2,1.772322040E2
3.012670208E2,2.415268834E-2,6.699477672E-4,1.619420364E-3,9.997067451E-1,1.772320366E2,1.873721779E-1,-7.226580462E-2,1.772319142E2
3.012720208E2,2.415563469E-2,6.676834309E-4,1.613193192E-3,9.997066855E-1,1.772316989E2,1.866527478E-1,-7.202309239E-2,1.772315774E2
3.012770208E2,2.415533187E-2,6.684305845E-4,1.617412549E-3,9.997066855E-1,1.772317336E2,1.871381569E-1,-7.209706164E-2,1.772316116E2
3.012820208E2,2.415507962E-2,6.688805879E-4,1.620989759E-3,9.997066855E-1,1.772317625E2,1.875491837E-1,-7.213875829E-2,1.772316402E2
3.012870208E2,2.415060196E-2,6.711933529E-4,1.613212982E-3,9.997068048E-1,1.772322758E2,1.866643673E-1,-7.242606691E-2,1.772321536E2
3.012920208E2,2.415345695E-2,6.706467830E-4,1.607624465E-3,9.997067451E-1,1.772319485E2,1.860228498E-1,-7.237838838E-2,1.772318268E2
3.012970208E2,2.415332822E-2,6.693587056E-4,1.610093517E-3,9.997067451E-1,1.772319633E2,1.863021255E-1,-7.222401870E-2,1.772318417E2
3.013020208E2,2.414829188E-2,6.729737506E-4,1.610112726E-3,9.997068644E-1,1.772325406E2,1.863139670E-1,-7.263903645E-2,1.772324183E2
3.013070208E2,2.414633551E-2,6.748860469E-4,1.601622091E-3,9.997069240E-1,1.772327648E2,1.853464435E-1,-7.288196429E-2,1.772326428E2
3.013120208E2,2.414905971E-2,6.734711351E-4,1.598345814E-3,9.997068644E-1,1.772324526E2,1.849674013E-1,-7.272843653E-2,1.772323310E2
3.013170208E2,2.414612406E-2,6.748454762E-4,1.604823861E-3,9.997069240E-1,1.772327891E2,1.857131054E-1,-7.286849628E-2,1.772326668E2
3.013220208E2,2.414877733E-2,6.728912122E-4,1.602850156E-3,9.997068644E-1,1.772324849E2,1.854817857E-1,-7.264958877E-2,1.772323632E2
3.013270208E2,2.414908600E-2,6.730193272E-4,1.598138944E-3,9.997068644E-1,1.772324495E2,1.849424541E-1,-7.267724595E-2,1.772323281E2
3.013320208E2,2.415178570E-2,6.708038854E-4,1.595556852E-3,9.997068048E-1,1.772321401E2,1.846407180E-1,-7.243009643E-2,1.772320192E2
3.013370208E2,2.415367354E-2,6.705221022E-4,1.604419202E-3,9.997067451E-1,1.772319237E2,1.856553307E-1,-7.237293684E-2,1.772318023E2
3.013420208E2,2.414873296E-2,6.738040247E-4,1.603135024E-3,9.997068644E-1,1.772324900E2,1.855169429E-1,-7.275337865E-2,1.772323680E2
3.013470208E2,2.414670203E-2,6.750031025E-4,1.596037298E-3,9.997069240E-1,1.772327228E2,1.847070095E-1,-7.291075987E-2,1.772326011E2
3.013520208E2,2.414915667E-2,6.731242174E-4,1.597026479E-3,9.997068644E-1,1.772324414E2,1.848153074E-1,-7.269232754E-2,1.772323200E2
3.013570208E2,2.415151817E-2,6.718038348E-4,1.599181560E-3,9.997068048E-1,1.772321708E2,1.850587068E-1,-7.253466600E-2,1.772320495E2
3.013620208E2,2.415169852E-2,6.720669335E-4,1.596344751E-3,9.997068048E-1,1.772321501E2,1.847344681E-1,-7.257262412E-2,1.772320289E2
3.013670208E2,2.415700038E-2,6.677375059E-4,1.592589077E-3,9.997066855E-1,1.772315424E2,1.842926229E-1,-7.208607077E-2,1.772314223E2
3.013720208E2,2.415921936E-2,6.663567619E-4,1.596916816E-3,9.997066259E-1,1.772312880E2,1.847847385E-1,-7.191550483E-2,1.772311679E2
3.013770208E2,2.415649485E-2,6.682620151E-4,1.600019634E-3,9.997066855E-1,1.772316003E2,1.851452708E-1,-7.212568100E-2,1.772314796E2
3.013820208E2,2.415417967E-2,6.693578325E-4,1.597269787E-3,9.997067451E-1,1.772318657E2,1.848331194E-1,-7.225925597E-2,1.772317450E2
3.013870208E2,2.416672723E-2,6.616610917E-4,1.597209251E-3,9.997064471E-1,1.772304274E2,1.848057741E-1,-7.137538081E-2,1.772303082E2
3.013920208E2,2.417641402E-2,6.551233237E-4,1.602527220E-3,9.997062087E-1,1.772293171E2,1.853975683E-1,-7.060990330E-2,1.772291987E2
3.013970208E2,2.416881730E-2,6.595344166E-4,1.603757031E-3,9.997063875E-1,1.772301878E2,1.855501351E-1,-7.111323173E-2,1.772300685E2
3.014020208E2,2.416664093E-2,6.616652827E-4,1.598512754E-3,9.997064471E-1,1.772304373E2,1.849551065E-1,-7.137226693E-2,1.772303180E2
3.014070208E2,2.417172244E-2,6.582650240E-4,1.597638126E-3,9.997063279E-1,1.772298548E2,1.848458539E-1,-7.098422287E-2,1.772297362E2
3.014120208E2,2.417172316E-2,6.577341701E-4,1.597845927E-3,9.997063279E-1,1.772298548E2,1.848681887E-1,-7.092283360E-2,1.772297362E2
3.014170208E2,2.416671628E-2,6.615393795E-4,1.597425318E-3,9.997064471E-1,1.772304287E2,1.848301884E-1,-7.136084135E-2,1.772303094E2
3.014220208E2,2.417175011E-2,6.570098922E-4,1.597736264E-3,9.997063279E-1,1.772298517E2,1.848536214E-1,-7.084016059E-2,1.772297333E2
3.014270208E2,2.417173662E-2,6.576449377E-4,1.597678987E-3,9.997063279E-1,1.772298532E2,1.848488182E-1,-7.091307126E-2,1.772297347E2
3.014320208E2,2.416172002E-2,6.646905676E-4,1.597091556E-3,9.997065663E-1,1.772310014E2,1.848003224E-1,-7.172368294E-2,1.772308816E2
3.014370208E2,2.416446125E-2,6.627208204E-4,1.593743102E-3,9.997065067E-1,1.772306872E2,1.844114708E-1,-7.150679841E-2,1.772305680E2
3.014420208E2,2.416677069E-2,6.615080056E-4,1.596614951E-3,9.997064471E-1,1.772304224E2,1.847372711E-1,-7.135948141E-2,1.772303033E2
3.014470208E2,2.416413328E-2,6.633894518E-4,1.598430681E-3,9.997065067E-1,1.772307248E2,1.849503002E-1,-7.157047545E-2,1.772306051E2
3.014520208E2,2.416437898E-2,6.633824087E-4,1.594714937E-3,9.997065067E-1,1.772306966E2,1.845246289E-1,-7.157991262E-2,1.772305772E2
3.014570208E2,2.415491496E-2,6.689148722E-4,1.586298342E-3,9.997067451E-1,1.772317814E2,1.835750757E-1,-7.223874515E-2,1.772316616E2
3.014620208E2,2.415484305E-2,6.693757023E-4,1.587198698E-3,9.997067451E-1,1.772317896E2,1.836794896E-1,-7.228905787E-2,1.772316697E2
3.014670208E2,2.416214907E-2,6.639098865E-4,1.590913278E-3,9.997065663E-1,1.772309522E2,1.840904183E-1,-7.165127743E-2,1.772308330E2
3.014720208E2,2.415685116E-2,6.672798772E-4,1.595042297E-3,9.997066855E-1,1.772315595E2,1.845723820E-1,-7.202688202E-2,1.772314393E2
3.014770208E2,2.414444814E-2,6.762781995E-4,1.592256478E-3,9.997069836E-1,1.772329812E2,1.842772489E-1,-7.306770995E-2,1.772328595E2
3.014820208E2,2.415437448E-2,6.695420598E-4,1.594243688E-3,9.997067451E-1,1.772318434E2,1.844869785E-1,-7.228870093E-2,1.772317228E2
3.014870208E2,2.415648094E-2,6.678067730E-4,1.600419637E-3,9.997066855E-1,1.772316019E2,1.851898331E-1,-7.207242465E-2,1.772314813E2
3.014920208E2,2.415136538E-2,6.712410250E-4,1.601723372E-3,9.997068048E-1,1.772321883E2,1.853483237E-1,-7.246318501E-2,1.772320669E2
3.014970208E2,2.415674479E-2,6.687669083E-4,1.596030197E-3,9.997066855E-1,1.772315717E2,1.846896634E-1,-7.219451816E-2,1.772314512E2
3.015020208E2,2.416655832E-2,6.609149859E-4,1.600071322E-3,9.997064471E-1,1.772304468E2,1.851315695E-1,-7.128201344E-2,1.772303275E2
3.015070208E2,2.416123402E-2,6.642337539E-4,1.604616293E-3,9.997065663E-1,1.772310571E2,1.856610438E-1,-7.165060666E-2,1.772309368E2
3.015120208E2,2.414892375E-2,6.725589628E-4,1.600782154E-3,9.997068644E-1,1.772324681E2,1.852439700E-1,-7.261722275E-2,1.772323466E2
3.015170208E2,2.415632170E-2,6.689032307E-4,1.602364122E-3,9.997066855E-1,1.772316202E2,1.854156141E-1,-7.219267934E-2,1.772314992E2
3.015220208E2,2.415384987E-2,6.702935207E-4,1.601858065E-3,9.997067451E-1,1.772319035E2,1.853613111E-1,-7.235380737E-2,1.772317823E2
3.015270208E2,2.414629704E-2,6.744803395E-4,1.602372853E-3,9.997069240E-1,1.772327692E2,1.854313241E-1,-7.283341697E-2,1.772326472E2
3.015320208E2,2.415393822E-2,6.704265252E-4,1.600469579E-3,9.997067451E-1,1.772318934E2,1.852026231E-1,-7.237287099E-2,1.772317722E2
3.015370208E2,2.414372223E-2,6.758860545E-4,1.603391254E-3,9.997069836E-1,1.772330644E2,1.855516926E-1,-7.299211278E-2,1.772329420E2
3.015420208E2,2.414646874E-2,6.745487917E-4,1.599754440E-3,9.997069240E-1,1.772327495E2,1.851315649E-1,-7.284847230E-2,1.772326277E2
3.015470208E2,2.415146708E-2,6.720250240E-4,1.599860028E-3,9.997068048E-1,1.772321766E2,1.851370396E-1,-7.255813665E-2,1.772320552E2
3.015520208E2,2.415677211E-2,6.683470565E-4,1.595792593E-3,9.997066855E-1,1.772315685E2,1.846612835E-1,-7.214707349E-2,1.772314481E2
3.015570208E2,2.416186868E-2,6.649753195E-4,1.594722155E-3,9.997065663E-1,1.772309843E2,1.845296870E-1,-7.176283662E-2,1.772308646E2
3.015620208E2,2.416669655E-2,6.607009564E-4,1.598070725E-3,9.997064471E-1,1.772304309E2,1.849018015E-1,-7.126300955E-2,1.772303118E2
3.015670208E2,2.415409848E-2,6.696329801E-4,1.598381787E-3,9.997067451E-1,1.772318750E2,1.849612640E-1,-7.228771334E-2,1.772317542E2
3.015720208E2,2.414181188E-2,6.777021918E-4,1.594199915E-3,9.997070432E-1,1.772332833E2,1.845036331E-1,-7.322594898E-2,1.772331613E2
3.015770208E2,2.414445032E-2,6.755148643E-4,1.592547400E-3,9.997069836E-1,1.772329809E2,1.843084643E-1,-7.297945843E-2,1.772328594E2
3.015820208E2,2.414193751E-2,6.784633151E-4,1.591972192E-3,9.997070432E-1,1.772332689E2,1.842505439E-1,-7.331928178E-2,1.772331469E2
3.015870208E2,2.413213550E-2,6.855085958E-4,1.587844803E-3,9.997072816E-1,1.772343925E2,1.837964831E-1,-7.413959614E-2,1.772342694E2
3.015920208E2,2.412977416E-2,6.871513906E-4,1.585491817E-3,9.997073412E-1,1.772346632E2,1.835312966E-1,-7.433473214E-2,1.772345400E2
3.015970208E2,2.413454312E-2,6.836691755E-4,1.589571126E-3,9.997072220E-1,1.772341165E2,1.839893386E-1,-7.392365854E-2,1.772339937E2
3.016020208E2,2.412416288E-2,6.907281931E-4,1.594137284E-3,9.997074604E-1,1.772353064E2,1.845311796E-1,-7.472161306E-2,1.772351819E2
3.016070208E2,2.412658120E-2,6.890330696E-4,1.595650683E-3,9.997074008E-1,1.772350292E2,1.847000458E-1,-7.452279230E-2,1.772349049E2
3.016120208E2,2.413126523E-2,6.853027735E-4,1.601104392E-3,9.997072816E-1,1.772344923E2,1.853148466E-1,-7.407950991E-2,1.772343683E2
3.016170208E2,2.412862970E-2,6.866594777E-4,1.603025245E-3,9.997073412E-1,1.772347943E2,1.855384529E-1,-7.423010858E-2,1.772346700E2
3.016220208E2,2.411864551E-2,6.938602892E-4,1.601487282E-3,9.997075796E-1,1.772359388E2,1.853814292E-1,-7.506112361E-2,1.772358131E2
3.016270208E2,2.412633305E-2,6.890251534E-4,1.599401818E-3,9.997074008E-1,1.772350576E2,1.851297295E-1,-7.451156013E-2,1.772349330E2
3.016320208E2,2.413119966E-2,6.853545201E-4,1.602070173E-3,9.997072816E-1,1.772344998E2,1.854256233E-1,-7.408277932E-2,1.772343757E2
3.016370208E2,2.412588152E-2,6.891790545E-4,1.606132369E-3,9.997074008E-1,1.772351094E2,1.859011628E-1,-7.451066605E-2,1.772349843E2
3.016420208E2,2.412603170E-2,6.888596108E-4,1.604012097E-3,9.997074008E-1,1.772350921E2,1.856573957E-1,-7.447990534E-2,1.772349673E2
3.016470208E2,2.412401207E-2,6.901731249E-4,1.596657909E-3,9.997074604E-1,1.772353236E2,1.848183925E-1,-7.465108498E-2,1.772351991E2
3.016520208E2,2.413146686E-2,6.856235559E-4,1.597924973E-3,9.997072816E-1,1.772344691E2,1.849515196E-1,-7.412501308E-2,1.772343453E2
3.016570208E2,2.413881673E-2,6.801371346E-4,1.601124764E-3,9.997071028E-1,1.772336267E2,1.853034495E-1,-7.348628830E-2,1.772335036E2
3.016620208E2,2.413636157E-2,6.820485578E-4,1.600107993E-3,9.997071624E-1,1.772339081E2,1.851920766E-1,-7.370852462E-2,1.772337848E2
3.016670208E2,2.413872006E-2,6.795526133E-4,1.602829434E-3,9.997071028E-1,1.772336377E2,1.854971095E-1,-7.341462911E-2,1.772335147E2
3.016720208E2,2.415145804E-2,6.717272336E-4,1.600121497E-3,9.997068048E-1,1.772321777E2,1.851661681E-1,-7.252330039E-2,1.772320563E2
3.016770208E2,2.415647479E-2,6.673893076E-4,1.600686577E-3,9.997066855E-1,1.772316026E2,1.852192572E-1,-7.202386284E-2,1.772314820E2
3.016820208E2,2.414899765E-2,6.727360887E-4,1.599592506E-3,9.997068644E-1,1.772324597E2,1.851081814E-1,-7.264079248E-2,1.772323382E2
3.016870208E2,2.416435567E-2,6.631859578E-4,1.595149864E-3,9.997065067E-1,1.772306993E2,1.845739078E-1,-7.155620754E-2,1.772305799E2
3.016920208E2,2.416648090E-2,6.609766278E-4,1.601214637E-3,9.997064471E-1,1.772304557E2,1.852627109E-1,-7.128592305E-2,1.772303362E2
3.016970208E2,2.415367800E-2,6.695531774E-4,1.604756573E-3,9.997067451E-1,1.772319232E2,1.856912976E-1,-7.226100412E-2,1.772318019E2
3.017020208E2,2.415133812E-2,6.708088913E-4,1.602315228E-3,9.997068048E-1,1.772321914E2,1.854149277E-1,-7.241204764E-2,1.772320701E2
3.017070208E2,2.415865941E-2,6.672127638E-4,1.605010126E-3,9.997066259E-1,1.772313522E2,1.857142243E-1,-7.199126383E-2,1.772312313E2
3.017120208E2,2.414859657E-2,6.736818468E-4,1.605239580E-3,9.997068644E-1,1.772325056E2,1.857576893E-1,-7.273358346E-2,1.772323835E2
3.017170208E2,2.414602532E-2,6.754359929E-4,1.606060658E-3,9.997069240E-1,1.772328004E2,1.858564177E-1,-7.293274076E-2,1.772326779E2
3.017220208E2,2.415170328E-2,6.711796741E-4,1.596645918E-3,9.997068048E-1,1.772321495E2,1.847665137E-1,-7.247014703E-2,1.772320285E2
3.017270208E2,2.414893625E-2,6.730051246E-4,1.600406133E-3,9.997068644E-1,1.772324667E2,1.852021293E-1,-7.266937243E-2,1.772323451E2
3.017320208E2,2.415359272E-2,6.703936961E-4,1.605688944E-3,9.997067451E-1,1.772319330E2,1.858004289E-1,-7.235472736E-2,1.772318115E2
3.017370208E2,2.416128052E-2,6.648392882E-4,1.603664947E-3,9.997065663E-1,1.772310517E2,1.855537393E-1,-7.172260089E-2,1.772309314E2
3.017420208E2,2.416617364E-2,6.617545150E-4,1.605524914E-3,9.997064471E-1,1.772304909E2,1.857586215E-1,-7.136315644E-2,1.772303710E2
3.017470208E2,2.416586368E-2,6.611144054E-4,1.610446605E-3,9.997064471E-1,1.772305264E2,1.863206471E-1,-7.127625460E-2,1.772304063E2
3.017520208E2,2.417360885E-2,6.563895149E-4,1.607136801E-3,9.997062683E-1,1.772296386E2,1.859289438E-1,-7.074270626E-2,1.772295197E2
3.017570208E2,2.415896235E-2,6.660701474E-4,1.600919641E-3,9.997066259E-1,1.772313175E2,1.852424833E-1,-7.187163639E-2,1.772311971E2
3.017620208E2,2.414877641E-2,6.727769505E-4,1.602911856E-3,9.997068644E-1,1.772324850E2,1.854885377E-1,-7.263632861E-2,1.772323633E2
3.017670208E2,2.415579205E-2,6.677305792E-4,1.610815525E-3,9.997066855E-1,1.772316809E2,1.863805082E-1,-7.203504601E-2,1.772315595E2
3.017720208E2,2.415845906E-2,6.665611290E-4,1.608293154E-3,9.997066259E-1,1.772313752E2,1.860885039E-1,-7.190756208E-2,1.772312542E2
3.017770208E2,2.414648705E-2,6.747855805E-4,1.599378302E-3,9.997069240E-1,1.772327475E2,1.850891318E-1,-7.287663578E-2,1.772326256E2
3.017820208E2,2.415895522E-2,6.667528069E-4,1.600743039E-3,9.997066259E-1,1.772313183E2,1.852241417E-1,-7.195033072E-2,1.772311978E2
3.017870208E2,2.415874704E-2,6.661322550E-4,1.604139688E-3,9.997066259E-1,1.772313421E2,1.856115231E-1,-7.186987646E-2,1.772312216E2
3.017920208E2,2.415124131E-2,6.709122681E-4,1.603730605E-3,9.997068048E-1,1.772322025E2,1.855773501E-1,-7.241999096E-2,1.772320810E2
3.017970208E2,2.414882502E-2,6.733420887E-4,1.601942000E-3,9.997068644E-1,1.772324795E2,1.853790002E-1,-7.270374465E-2,1.772323577E2
3.018020208E2,2.416392098E-2,6.624357193E-4,1.602031640E-3,9.997065067E-1,1.772307491E2,1.853601636E-1,-7.145128563E-2,1.772306293E2
3.018070208E2,2.415869635E-2,6.668796996E-4,1.604592428E-3,9.997066259E-1,1.772313480E2,1.856654539E-1,-7.195425820E-2,1.772312272E2
3.018120208E2,2.415136434E-2,6.719951052E-4,1.601422788E-3,9.997068048E-1,1.772321884E2,1.853159764E-1,-7.255040305E-2,1.772320669E2
3.018170208E2,2.415640483E-2,6.676553166E-4,1.601631287E-3,9.997066855E-1,1.772316106E2,1.853282130E-1,-7.205173407E-2,1.772314899E2
3.018220208E2,2.415620588E-2,6.687231362E-4,1.604184275E-3,9.997066855E-1,1.772316334E2,1.856236209E-1,-7.216703097E-2,1.772315123E2
3.018270208E2,2.415120849E-2,6.707549328E-4,1.604290563E-3,9.997068048E-1,1.772322063E2,1.856410601E-1,-7.240042327E-2,1.772320848E2
3.018320208E2,2.415405915E-2,6.693761679E-4,1.599083655E-3,9.997067451E-1,1.772318795E2,1.850409550E-1,-7.225635798E-2,1.772317587E2
3.018370208E2,2.415673640E-2,6.676624180E-4,1.596619491E-3,9.997066855E-1,1.772315726E2,1.847541136E-1,-7.206636018E-2,1.772314523E2
3.018420208E2,2.415417702E-2,6.689773290E-4,1.597469207E-3,9.997067451E-1,1.772318660E2,1.848549110E-1,-7.221511475E-2,1.772317453E2
3.018470208E2,2.414374155E-2,6.758121890E-4,1.603131532E-3,9.997069836E-1,1.772330622E2,1.855217362E-1,-7.298436591E-2,1.772329398E2
3.018520208E2,2.414362092E-2,6.759456010E-4,1.604891033E-3,9.997069836E-1,1.772330760E2,1.857236621E-1,-7.299480355E-2,1.772329535E2
3.018570208E2,2.415351147E-2,6.700477679E-4,1.607055077E-3,9.997067451E-1,1.772319423E2,1.859559675E-1,-7.231133229E-2,1.772318207E2
3.018620208E2,2.416086031E-2,6.647857954E-4,1.610005624E-3,9.997065663E-1,1.772310999E2,1.862799383E-1,-7.169899507E-2,1.772309792E2
3.018670208E2,2.415362954E-2,6.702934625E-4,1.605176949E-3,9.997067451E-1,1.772319287E2,1.857415009E-1,-7.234465512E-2,1.772318073E2
3.018720208E2,2.415410523E-2,6.689746515E-4,1.598555478E-3,9.997067451E-1,1.772318742E2,1.849793399E-1,-7.221181451E-2,1.772317535E2
3.018770208E2,2.415676865E-2,6.672660238E-4,1.596297254E-3,9.997066855E-1,1.772315689E2,1.847161035E-1,-7.202183615E-2,1.772314487E2
3.018820208E2,2.416167593E-2,6.648605340E-4,1.597687602E-3,9.997065663E-1,1.772310064E2,1.848690720E-1,-7.174151173E-2,1.772308865E2
3.018870208E2,2.415163176E-2,6.721414975E-4,1.597323106E-3,9.997068048E-1,1.772321577E2,1.848467483E-1,-7.257847057E-2,1.772320365E2
3.018920208E2,2.415435429E-2,6.691957824E-4,1.594695030E-3,9.997067451E-1,1.772318457E2,1.845377235E-1,-7.224778650E-2,1.772317252E2
3.018970208E2,2.415675762E-2,6.679853541E-4,1.596163260E-3,9.997066855E-1,1.772315702E2,1.847027440E-1,-7.210461415E-2,1.772314498E2
3.019020208E2,2.415174103E-2,6.713211769E-4,1.596015296E-3,9.997068048E-1,1.772321452E2,1.846946651E-1,-7.248809572E-2,1.772320242E2
3.019070208E2,2.414660330E-2,6.747770240E-4,1.597625786E-3,9.997069240E-1,1.772327341E2,1.848883512E-1,-7.288048346E-2,1.772326124E2
3.019120208E2,2.415142211E-2,6.716530188E-4,1.600694959E-3,9.997068048E-1,1.772321818E2,1.852316549E-1,-7.251321800E-2,1.772320604E2
3.019170208E2,2.414663230E-2,6.741856341E-4,1.597437193E-3,9.997069240E-1,1.772327308E2,1.848651118E-1,-7.281325151E-2,1.772326092E2
3.019220208E2,2.414935714E-2,6.732160109E-4,1.593953348E-3,9.997068644E-1,1.772324185E2,1.844635231E-1,-7.271131086E-2,1.772322973E2
3.019270208E2,2.414959810E-2,6.722477265E-4,1.590708038E-3,9.997068644E-1,1.772323908E2,1.840890834E-1,-7.260932294E-2,1.772322701E2
3.019320208E2,2.415197356E-2,6.717488286E-4,1.592312357E-3,9.997068048E-1,1.772321186E2,1.842716632E-1,-7.254729244E-2,1.772319978E2
3.019370208E2,2.415190061E-2,6.710205926E-4,1.593725174E-3,9.997068048E-1,1.772321269E2,1.844314920E-1,-7.245997033E-2,1.772320062E2
3.019420208E2,2.415187285E-2,6.719049998E-4,1.593773253E-3,9.997068048E-1,1.772321301E2,1.844394459E-1,-7.256115830E-2,1.772320092E2
3.019470208E2,2.415176374E-2,6.714984193E-4,1.595597132E-3,9.997068048E-1,1.772321426E2,1.846472532E-1,-7.250955341E-2,1.772320216E2
3.019520208E2,2.414931389E-2,6.735353963E-4,1.594473724E-3,9.997068644E-1,1.772324234E2,1.845240174E-1,-7.274646689E-2,1.772323021E2
3.019570208E2,2.415197208E-2,6.715257186E-4,1.592428889E-3,9.997068048E-1,1.772321187E2,1.842843952E-1,-7.252141115E-2,1.772319980E2
3.019620208E2,2.414481480E-2,6.765464786E-4,1.586572384E-3,9.997069836E-1,1.772329391E2,1.836268575E-1,-7.311410331E-2,1.772328179E2
3.019670208E2,2.414506004E-2,6.759682437E-4,1.583082951E-3,9.997069836E-1,1.772329110E2,1.832255316E-1,-7.305747189E-2,1.772327901E2
3.019720208E2,2.415216601E-2,6.717181532E-4,1.589403488E-3,9.997068048E-1,1.772320965E2,1.839383569E-1,-7.255179390E-2,1.772319759E2
3.019770208E2,2.414967088E-2,6.725676940E-4,1.589467400E-3,9.997068644E-1,1.772323825E2,1.839478488E-1,-7.264939781E-2,1.772322618E2
3.019820208E2,2.415231979E-2,6.714788615E-4,1.587166335E-3,9.997068048E-1,1.772320789E2,1.836814212E-1,-7.253054477E-2,1.772319585E2
3.019870208E2,2.415489213E-2,6.689808215E-4,1.586618135E-3,9.997067451E-1,1.772317840E2,1.836118916E-1,-7.224541915E-2,1.772316642E2
3.019920208E2,2.415688322E-2,6.678857026E-4,1.594303059E-3,9.997066855E-1,1.772315558E2,1.844893757E-1,-7.209832466E-2,1.772314356E2
3.019970208E2,2.414181071E-2,6.774194771E-4,1.594337751E-3,9.997070432E-1,1.772332835E2,1.845186411E-1,-7.319318063E-2,1.772331615E2
3.020020208E2,2.413964850E-2,6.791402120E-4,1.588961575E-3,9.997071028E-1,1.772335313E2,1.839073573E-1,-7.340557598E-2,1.772334094E2
3.020070208E2,2.413944070E-2,6.797673996E-4,1.591847744E-3,9.997071028E-1,1.772335551E2,1.842397120E-1,-7.346947956E-2,1.772334329E2
3.020120208E2,2.413918662E-2,6.802956923E-4,1.595470821E-3,9.997071028E-1,1.772335843E2,1.846562087E-1,-7.352002414E-2,1.772334616E2
3.020170208E2,2.412960659E-2,6.871272926E-4,1.588050509E-3,9.997073412E-1,1.772346824E2,1.838243372E-1,-7.432492705E-2,1.772345590E2
3.020220208E2,2.413699670E-2,6.822487339E-4,1.590412692E-3,9.997071624E-1,1.772338353E2,1.840819992E-1,-7.375815617E-2,1.772337127E2
3.020270208E2,2.413677981E-2,6.807275931E-4,1.594351255E-3,9.997071624E-1,1.772338601E2,1.845289708E-1,-7.357304314E-2,1.772337375E2
3.020320208E2,2.412905710E-2,6.869535428E-4,1.596452552E-3,9.997073412E-1,1.772347454E2,1.847863406E-1,-7.428189103E-2,1.772346214E2
3.020370208E2,2.412912407E-2,6.864434108E-4,1.595659647E-3,9.997073412E-1,1.772347377E2,1.846941010E-1,-7.422563140E-2,1.772346139E2
3.020420208E2,2.413171657E-2,6.856320542E-4,1.594145782E-3,9.997072816E-1,1.772344405E2,1.845186236E-1,-7.413639148E-2,1.772343170E2
3.020470208E2,2.411899310E-2,6.929232040E-4,1.596650924E-3,9.997075796E-1,1.772358989E2,1.848248193E-1,-7.496707598E-2,1.772357738E2
3.020520208E2,2.411619288E-2,6.953432458E-4,1.600571559E-3,9.997076392E-1,1.772362199E2,1.852804399E-1,-7.523399383E-2,1.772360941E2
3.020570208E2,2.411434921E-2,6.966334186E-4,1.590528293E-3,9.997076988E-1,1.772364312E2,1.841333258E-1,-7.540988915E-2,1.772363059E2
3.020620208E2,2.411425422E-2,6.966280635E-4,1.591970096E-3,9.997076988E-1,1.772364421E2,1.842984746E-1,-7.540530887E-2,1.772363167E2
3.020670208E2,2.411658432E-2,6.953718839E-4,1.594650210E-3,9.997076392E-1,1.772361750E2,1.846022080E-1,-7.525356677E-2,1.772360496E2
3.020720208E2,2.412180109E-2,6.919591688E-4,1.591962297E-3,9.997075200E-1,1.772355771E2,1.842852430E-1,-7.486907950E-2,1.772354525E2
3.020770208E2,2.410933504E-2,6.994067808E-4,1.590396510E-3,9.997078180E-1,1.772370060E2,1.841255138E-1,-7.572888795E-2,1.772368801E2
3.020820208E2,2.410947883E-2,6.999991019E-4,1.587954233E-3,9.997078180E-1,1.772369895E2,1.838473779E-1,-7.580346437E-2,1.772368637E2
3.020870208E2,2.411162479E-2,6.978957099E-4,1.593810855E-3,9.997077584E-1,1.772367435E2,1.845126538E-1,-7.554592656E-2,1.772366177E2
3.020920208E2,2.411148450E-2,6.980595062E-4,1.595860114E-3,9.997077584E-1,1.772367596E2,1.847478557E-1,-7.555905434E-2,1.772366336E2
3.020970208E2,2.411206524E-2,6.991003174E-4,1.586603350E-3,9.997077584E-1,1.772366930E2,1.836903352E-1,-7.570375839E-2,1.772365675E2
3.021020208E2,2.412456106E-2,6.892652018E-4,1.588735613E-3,9.997074604E-1,1.772352607E2,1.839083575E-1,-7.456887554E-2,1.772351369E2
3.021070208E2,2.412207895E-2,6.917713908E-4,1.587828388E-3,9.997075200E-1,1.772355452E2,1.838111707E-1,-7.485894423E-2,1.772354210E2
3.021120208E2,2.411732940E-2,6.951377145E-4,1.583444537E-3,9.997076392E-1,1.772360896E2,1.833179124E-1,-7.525757310E-2,1.772359651E2
3.021170208E2,2.412757127E-2,6.885176990E-4,1.580834039E-3,9.997074008E-1,1.772349157E2,1.830013234E-1,-7.450453670E-2,1.772347926E2
3.021220208E2,2.413255074E-2,6.853659870E-4,1.581583172E-3,9.997072816E-1,1.772343449E2,1.830787970E-1,-7.414049944E-2,1.772342223E2
3.021270208E2,2.412445678E-2,6.903461763E-4,1.589849358E-3,9.997074604E-1,1.772352727E2,1.840389274E-1,-7.468965004E-2,1.772351486E2
3.021320208E2,2.412217042E-2,6.923647597E-4,1.586179249E-3,9.997075200E-1,1.772355347E2,1.836238951E-1,-7.493146137E-2,1.772354105E2
3.021370208E2,2.412693086E-2,6.877103006E-4,1.590927364E-3,9.997074008E-1,1.772349891E2,1.841553184E-1,-7.438425319E-2,1.772348654E2
3.021420208E2,2.412385335E-2,6.895044935E-4,1.599342562E-3,9.997074604E-1,1.772353418E2,1.851240817E-1,-7.456709542E-2,1.772352172E2
3.021470208E2,2.412386635E-2,6.893452955E-4,1.599215204E-3,9.997074604E-1,1.772353403E2,1.851090526E-1,-7.454920769E-2,1.772352157E2
3.021520208E2,2.413158157E-2,6.854276289E-4,1.596275950E-3,9.997072816E-1,1.772344560E2,1.847620768E-1,-7.410710706E-2,1.772343323E2
3.021570208E2,2.412684149E-2,6.882264861E-4,1.592059038E-3,9.997074008E-1,1.772349993E2,1.842863817E-1,-7.444027395E-2,1.772348754E2
3.021620208E2,2.412174870E-2,6.921743043E-4,1.592662418E-3,9.997075200E-1,1.772355831E2,1.843660387E-1,-7.489179934E-2,1.772354584E2
3.021670208E2,2.411937363E-2,6.932948600E-4,1.590730273E-3,9.997075796E-1,1.772358553E2,1.841476147E-1,-7.502594653E-2,1.772357306E2
3.021720208E2,2.411707731E-2,6.942925975E-4,1.587649225E-3,9.997076392E-1,1.772361185E2,1.837972401E-1,-7.514918365E-2,1.772359939E2
3.021770208E2,2.412459250E-2,6.897491985E-4,1.588047948E-3,9.997074604E-1,1.772352571E2,1.838309202E-1,-7.462621661E-2,1.772351332E2
3.021820208E2,2.412204600E-2,6.916681887E-4,1.588373794E-3,9.997075200E-1,1.772355490E2,1.838733637E-1,-7.484561997E-2,1.772354248E2
3.021870208E2,2.412224627E-2,6.922464818E-4,1.585076912E-3,9.997075200E-1,1.772355260E2,1.834972918E-1,-7.492094497E-2,1.772354019E2
3.021920208E2,2.411732973E-2,6.940399180E-4,1.583921025E-3,9.997076392E-1,1.772360896E2,1.833694638E-1,-7.513049466E-2,1.772359652E2
3.021970208E2,2.411976254E-2,6.937840371E-4,1.584608341E-3,9.997075796E-1,1.772358107E2,1.834476771E-1,-7.509883543E-2,1.772356864E2
3.022020208E2,2.411718413E-2,6.944136694E-4,1.585972845E-3,9.997076392E-1,1.772361063E2,1.836055392E-1,-7.516766689E-2,1.772359817E2
3.022070208E2,2.411479034E-2,6.969573442E-4,1.583683421E-3,9.997076988E-1,1.772363807E2,1.833501164E-1,-7.546583187E-2,1.772362558E2
3.022120208E2,2.412228203E-2,6.915886188E-4,1.584819867E-3,9.997075200E-1,1.772355219E2,1.834660291E-1,-7.484628544E-2,1.772353980E2
3.022170208E2,2.412457118E-2,6.905380869E-4,1.588028972E-3,9.997074604E-1,1.772352596E2,1.838309259E-1,-7.471664653E-2,1.772351355E2
3.022220208E2,2.412187312E-2,6.919782027E-4,1.590862172E-3,9.997075200E-1,1.772355688E2,1.841592724E-1,-7.487428778E-2,1.772354443E2
3.022270208E2,2.411668107E-2,6.952811382E-4,1.593225868E-3,9.997076392E-1,1.772361640E2,1.844387941E-1,-7.524708969E-2,1.772360387E2
3.022320208E2,2.412162559E-2,6.916397833E-4,1.594757894E-3,9.997075200E-1,1.772355972E2,1.846046062E-1,-7.482479590E-2,1.772354725E2
3.022370208E2,2.412902833E-2,6.865152391E-4,1.597075840E-3,9.997073412E-1,1.772347487E2,1.848565292E-1,-7.422996167E-2,1.772346247E2
3.022420208E2,2.412141374E-2,6.923952023E-4,1.597631723E-3,9.997075200E-1,1.772356215E2,1.849359000E-1,-7.490343043E-2,1.772354964E2
3.022470208E2,2.411920203E-2,6.929946248E-4,1.593460562E-3,9.997075796E-1,1.772358750E2,1.844595495E-1,-7.498403730E-2,1.772357501E2
3.022520208E2,2.412906683E-2,6.864654715E-4,1.596515416E-3,9.997073412E-1,1.772347442E2,1.847921932E-1,-7.422580291E-2,1.772346204E2
3.022570208E2,2.412351679E-2,6.904616021E-4,1.603999408E-3,9.997074604E-1,1.772353804E2,1.856601837E-1,-7.466392851E-2,1.772352552E2
3.022620208E2,2.411117881E-2,6.994227879E-4,1.599876792E-3,9.997077584E-1,1.772367947E2,1.852117442E-1,-7.570418745E-2,1.772366681E2
3.022670208E2,2.411852185E-2,6.939037121E-4,1.603329671E-3,9.997075796E-1,1.772359530E2,1.855926011E-1,-7.506102879E-2,1.772358272E2
3.022720208E2,2.412075725E-2,6.926264032E-4,1.607413287E-3,9.997075200E-1,1.772356967E2,1.860570507E-1,-7.490299994E-2,1.772355709E2
3.022770208E2,2.410805707E-2,7.006152300E-4,1.609126921E-3,9.997078180E-1,1.772371525E2,1.862744831E-1,-7.581581430E-2,1.772370250E2
3.022820208E2,2.411062863E-2,6.983376807E-4,1.608618419E-3,9.997077584E-1,1.772368577E2,1.862101315E-1,-7.555582838E-2,1.772367307E2
3.022870208E2,2.411323332E-2,6.978457677E-4,1.606831094E-3,9.997076988E-1,1.772365592E2,1.860042158E-1,-7.550392952E-2,1.772364324E2
3.022920208E2,2.411029786E-2,6.990618422E-4,1.613254775E-3,9.997077584E-1,1.772368956E2,1.867432414E-1,-7.562603846E-2,1.772367681E2
3.022970208E2,2.410538340E-2,7.023264188E-4,1.611403539E-3,9.997078776E-1,1.772374590E2,1.865398137E-1,-7.600605413E-2,1.772373310E2
3.023020208E2,2.410545938E-2,7.024519728E-4,1.610211795E-3,9.997078776E-1,1.772374502E2,1.864036420E-1,-7.602371526E-2,1.772373223E2
3.023070208E2,2.410542926E-2,7.025582017E-4,1.610616222E-3,9.997078776E-1,1.772374537E2,1.864502637E-1,-7.603477308E-2,1.772373257E2
3.023120208E2,2.410498796E-2,7.025834057E-4,1.617196598E-3,9.997078776E-1,1.772375043E2,1.872041377E-1,-7.601956533E-2,1.772373758E2
3.023170208E2,2.410013015E-2,7.059974014E-4,1.614415785E-3,9.997079968E-1,1.772380611E2,1.868946322E-1,-7.641925606E-2,1.772379322E2
3.023220208E2,2.409039464E-2,7.118752692E-4,1.609492349E-3,9.997082353E-1,1.772391770E2,1.863460948E-1,-7.710802596E-2,1.772390474E2
3.023270208E2,2.409526015E-2,7.099463837E-4,1.611554879E-3,9.997081161E-1,1.772386193E2,1.865774238E-1,-7.688045431E-2,1.772384899E2
3.023320208E2,2.410052277E-2,7.060037460E-4,1.608541119E-3,9.997079968E-1,1.772380161E2,1.862216868E-1,-7.643613443E-2,1.772378876E2
3.023370208E2,2.409317207E-2,7.105897530E-4,1.605503727E-3,9.997081757E-1,1.772388587E2,1.858858288E-1,-7.697125449E-2,1.772387296E2
3.023420208E2,2.409111522E-2,7.125689299E-4,1.598361298E-3,9.997082353E-1,1.772390944E2,1.850729088E-1,-7.721808644E-2,1.772389655E2
3.023470208E2,2.409582859E-2,7.086212281E-4,1.603619428E-3,9.997081161E-1,1.772385542E2,1.856647347E-1,-7.675045309E-2,1.772384256E2
3.023520208E2,2.409074883E-2,7.128090365E-4,1.603767392E-3,9.997082353E-1,1.772391364E2,1.856928577E-1,-7.723073567E-2,1.772390070E2
3.023570208E2,2.408849652E-2,7.137914654E-4,1.600002637E-3,9.997082949E-1,1.772393946E2,1.852641111E-1,-7.735409180E-2,1.772392653E2
3.023620208E2,2.409852320E-2,7.074906025E-4,1.600782853E-3,9.997080564E-1,1.772382453E2,1.853368650E-1,-7.662826381E-2,1.772381171E2
3.023670208E2,2.409576826E-2,7.097715279E-4,1.604017220E-3,9.997081161E-1,1.772385611E2,1.857134770E-1,-7.688114209E-2,1.772384322E2
3.023720208E2,2.408588134E-2,7.161500398E-4,1.601076452E-3,9.997083545E-1,1.772396944E2,1.853934341E-1,-7.762180653E-2,1.772395645E2
3.023770208E2,2.409114665E-2,7.130424492E-4,1.597676193E-3,9.997082353E-1,1.772390908E2,1.849957341E-1,-7.727421754E-2,1.772389619E2
3.023820208E2,2.408840193E-2,7.147146971E-4,1.601014170E-3,9.997082949E-1,1.772394055E2,1.853825322E-1,-7.745708077E-2,1.772392759E2
3.023870208E2,2.408283785E-2,7.175581413E-4,1.608991413E-3,9.997084141E-1,1.772400432E2,1.863038107E-1,-7.776183660E-2,1.772399125E2
3.023920208E2,2.408792589E-2,7.149968878E-4,1.608035178E-3,9.997082949E-1,1.772394600E2,1.861875908E-1,-7.747011546E-2,1.772393299E2
3.023970208E2,2.409062367E-2,7.128348807E-4,1.605634810E-3,9.997082353E-1,1.772391508E2,1.859068480E-1,-7.722856417E-2,1.772390212E2
3.024020208E2,2.409067644E-2,7.121111848E-4,1.605164143E-3,9.997082353E-1,1.772391447E2,1.858509351E-1,-7.714694847E-2,1.772390154E2
3.024070208E2,2.409282979E-2,7.112483145E-4,1.610341249E-3,9.997081757E-1,1.772388979E2,1.864418002E-1,-7.703340548E-2,1.772387683E2
3.024120208E2,2.409063919E-2,7.120583905E-4,1.605746569E-3,9.997082353E-1,1.772391490E2,1.859175083E-1,-7.713929946E-2,1.772390196E2
3.024170208E2,2.407805064E-2,7.206044975E-4,1.605203957E-3,9.997085333E-1,1.772405920E2,1.858779593E-1,-7.812216446E-2,1.772404610E2
3.024220208E2,2.408285852E-2,7.177796797E-4,1.608583261E-3,9.997084141E-1,1.772400409E2,1.862576665E-1,-7.778833821E-2,1.772399101E2
3.024270208E2,2.408241454E-2,7.184182759E-4,1.614932553E-3,9.997084141E-1,1.772400918E2,1.869867601E-1,-7.784405473E-2,1.772399604E2
3.024320208E2,2.407767837E-2,7.218788378E-4,1.610207488E-3,9.997085333E-1,1.772406346E2,1.864546440E-1,-7.825441391E-2,1.772405030E2
3.024370208E2,2.407732545E-2,7.216140511E-4,1.615594374E-3,9.997085333E-1,1.772406751E2,1.870709997E-1,-7.820928278E-2,1.772405431E2
3.024420208E2,2.407674134E-2,7.206092705E-4,1.624722034E-3,9.997085333E-1,1.772407420E2,1.881138330E-1,-7.806910183E-2,1.772406095E2
3.024470208E2,2.406644283E-2,7.280585705E-4,1.627278398E-3,9.997087717E-1,1.772419225E2,1.884264290E-1,-7.891736802E-2,1.772417884E2
3.024520208E2,2.406941065E-2,7.269230555E-4,1.620494761E-3,9.997087121E-1,1.772415823E2,1.876464070E-1,-7.880543729E-2,1.772414489E2
3.024570208E2,2.408692960E-2,7.151548634E-4,1.622820739E-3,9.997082949E-1,1.772395742E2,1.878817619E-1,-7.744758592E-2,1.772394429E2
3.024620208E2,2.408161954E-2,7.173790946E-4,1.627203077E-3,9.997084141E-1,1.772401829E2,1.883895236E-1,-7.769129389E-2,1.772400508E2
3.024670208E2,2.407654174E-2,7.220560219E-4,1.627036021E-3,9.997085333E-1,1.772407649E2,1.883828966E-1,-7.822849211E-2,1.772406319E2
3.024720208E2,2.408427853E-2,7.164350827E-4,1.624883036E-3,9.997083545E-1,1.772398781E2,1.881213440E-1,-7.758905183E-2,1.772397464E2
3.024770208E2,2.408405415E-2,7.158843800E-4,1.628447673E-3,9.997083545E-1,1.772399038E2,1.885281662E-1,-7.751616828E-2,1.772397719E2
3.024820208E2,2.407885759E-2,7.197597297E-4,1.630402054E-3,9.997084737E-1,1.772404995E2,1.887623488E-1,-7.795570848E-2,1.772403667E2
3.024870208E2,2.408414028E-2,7.170671597E-4,1.626652433E-3,9.997083545E-1,1.772398939E2,1.883257775E-1,-7.765660395E-2,1.772397620E2
3.024920208E2,2.408431354E-2,7.156746578E-4,1.624699333E-3,9.997083545E-1,1.772398741E2,1.880982030E-1,-7.750243937E-2,1.772397425E2
3.024970208E2,2.407893794E-2,7.189309690E-4,1.629580744E-3,9.997084737E-1,1.772404903E2,1.886659799E-1,-7.786301828E-2,1.772403577E2
3.025020208E2,2.407650979E-2,7.213510689E-4,1.627821242E-3,9.997085333E-1,1.772407686E2,1.884709028E-1,-7.814557347E-2,1.772406357E2
3.025070208E2,2.407959377E-2,7.200310938E-4,1.619372284E-3,9.997084737E-1,1.772404151E2,1.874996006E-1,-7.801709261E-2,1.772402831E2
3.025120208E2,2.407979166E-2,7.193688070E-4,1.616721856E-3,9.997084737E-1,1.772403924E2,1.871941591E-1,-7.794849891E-2,1.772402607E2
3.025170208E2,2.409239139E-2,7.105105906E-4,1.617211150E-3,9.997081757E-1,1.772389482E2,1.872267352E-1,-7.693000771E-2,1.772388182E2
3.025220208E2,2.408738516E-2,7.142019458E-4,1.616466208E-3,9.997082949E-1,1.772395220E2,1.871512008E-1,-7.735587650E-2,1.772393913E2
3.025270208E2,2.408525837E-2,7.158851949E-4,1.610538573E-3,9.997083545E-1,1.772397658E2,1.864766214E-1,-7.756546549E-2,1.772396353E2
3.025320208E2,2.409519139E-2,7.096047048E-4,1.612733002E-3,9.997081161E-1,1.772386272E2,1.867114390E-1,-7.683807195E-2,1.772384977E2
3.025370208E2,2.409738833E-2,7.067986880E-4,1.618079259E-3,9.997080564E-1,1.772383754E2,1.873163176E-1,-7.650144591E-2,1.772382460E2
3.025420208E2,2.409745944E-2,7.082523080E-4,1.616383670E-3,9.997080564E-1,1.772383672E2,1.871260935E-1,-7.667263896E-2,1.772382377E2
3.025470208E2,2.409752356E-2,7.078263443E-4,1.615614165E-3,9.997080564E-1,1.772383599E2,1.870367686E-1,-7.662595434E-2,1.772382305E2
3.025520208E2,2.410474777E-2,7.027973188E-4,1.620679977E-3,9.997078776E-1,1.772375318E2,1.876037610E-1,-7.603449354E-2,1.772374030E2
3.025570208E2,2.410209054E-2,7.034879527E-4,1.623131102E-3,9.997079372E-1,1.772378364E2,1.878862638E-1,-7.610733984E-2,1.772377073E2
3.025620208E2,2.410773137E-2,7.000180776E-4,1.614258275E-3,9.997078180E-1,1.772371898E2,1.868606487E-1,-7.573329007E-2,1.772370620E2
3.025670208E2,2.411040679E-2,6.984947831E-4,1.611871878E-3,9.997077584E-1,1.772368831E2,1.865832601E-1,-7.556487782E-2,1.772367558E2
3.025720208E2,2.411524772E-2,6.958390004E-4,1.614535809E-3,9.997076392E-1,1.772363283E2,1.868814619E-1,-7.525237103E-2,1.772362013E2
3.025770208E2,2.411525575E-2,6.954945857E-4,1.614564331E-3,9.997076392E-1,1.772363273E2,1.868837780E-1,-7.521283521E-2,1.772362004E2
3.025820208E2,2.411527640E-2,6.953465054E-4,1.614319626E-3,9.997076392E-1,1.772363250E2,1.868553373E-1,-7.519654380E-2,1.772361981E2
3.025870208E2,2.411281517E-2,6.974343560E-4,1.613271772E-3,9.997076988E-1,1.772366071E2,1.867408814E-1,-7.543907953E-2,1.772364799E2
3.025920208E2,2.411996790E-2,6.927849026E-4,1.619146904E-3,9.997075200E-1,1.772357872E2,1.874016145E-1,-7.488887164E-2,1.772356604E2
3.025970208E2,2.411470820E-2,6.953814882E-4,1.622770331E-3,9.997076392E-1,1.772363901E2,1.878234909E-1,-7.517730427E-2,1.772362626E2
3.026020208E2,2.410745514E-2,7.008132525E-4,1.618034206E-3,9.997078180E-1,1.772372215E2,1.872953897E-1,-7.581400389E-2,1.772370933E2
3.026070208E2,2.411265769E-2,6.978005404E-4,1.615465735E-3,9.997076988E-1,1.772366251E2,1.869932185E-1,-7.547499590E-2,1.772364977E2
3.026120208E2,2.411014583E-2,6.992648123E-4,1.615437563E-3,9.997077584E-1,1.772369131E2,1.869938475E-1,-7.564328780E-2,1.772367853E2
3.026170208E2,2.409775232E-2,7.071470027E-4,1.612496679E-3,9.997080564E-1,1.772383337E2,1.866777754E-1,-7.655669647E-2,1.772382047E2
3.026220208E2,2.410066643E-2,7.061401848E-4,1.606327249E-3,9.997079968E-1,1.772379996E2,1.859684570E-1,-7.645785226E-2,1.772378713E2
3.026270208E2,2.410542124E-2,7.016574382E-4,1.611128915E-3,9.997078776E-1,1.772374546E2,1.865065079E-1,-7.593016852E-2,1.772373268E2
3.026320208E2,2.410817382E-2,7.005264051E-4,1.607415616E-3,9.997078180E-1,1.772371391E2,1.860782021E-1,-7.581034480E-2,1.772370117E2
3.026370208E2,2.410354450E-2,7.031139685E-4,1.601559110E-3,9.997079372E-1,1.772376697E2,1.854140866E-1,-7.612380970E-2,1.772375423E2
3.026420208E2,2.411127437E-2,6.990804104E-4,1.598585746E-3,9.997077584E-1,1.772367837E2,1.850629051E-1,-7.566851489E-2,1.772366573E2
3.026470208E2,2.411342096E-2,6.971420371E-4,1.604318735E-3,9.997076988E-1,1.772365376E2,1.857144732E-1,-7.543021903E-2,1.772364112E2
3.026520208E2,2.409274862E-2,7.109893486E-4,1.611669431E-3,9.997081757E-1,1.772389072E2,1.865932335E-1,-7.700008690E-2,1.772387775E2
3.026570208E2,2.409031795E-2,7.127610734E-4,1.610248000E-3,9.997082353E-1,1.772391858E2,1.864351009E-1,-7.720743025E-2,1.772390559E2
3.026620208E2,2.410537613E-2,7.025711820E-4,1.611405518E-3,9.997078776E-1,1.772374598E2,1.865407161E-1,-7.603408963E-2,1.772373317E2
3.026670208E2,2.409773763E-2,7.077400805E-4,1.612455933E-3,9.997080564E-1,1.772383353E2,1.866747445E-1,-7.662475363E-2,1.772382062E2
3.026720208E2,2.409000356E-2,7.123752148E-4,1.615114743E-3,9.997082353E-1,1.772392219E2,1.869915381E-1,-7.714985028E-2,1.772390917E2
3.026770208E2,2.409521802E-2,7.088423008E-4,1.612670370E-3,9.997081161E-1,1.772386242E2,1.867021607E-1,-7.675090032E-2,1.772384948E2
3.026820208E2,2.410001949E-2,7.058043848E-4,1.616151072E-3,9.997079968E-1,1.772380738E2,1.870928825E-1,-7.639237262E-2,1.772379448E2
3.026870208E2,2.409515425E-2,7.098799106E-4,1.613166765E-3,9.997081161E-1,1.772386315E2,1.867618875E-1,-7.686840823E-2,1.772385019E2
3.026920208E2,2.410019808E-2,7.049866836E-4,1.613843255E-3,9.997079968E-1,1.772380533E2,1.868262575E-1,-7.630503863E-2,1.772379246E2
3.026970208E2,2.410794895E-2,7.012130227E-4,1.610485953E-3,9.997078180E-1,1.772371649E2,1.864318153E-1,-7.588056186E-2,1.772370372E2
3.027020208E2,2.410575822E-2,7.021767669E-4,1.605852158E-3,9.997078776E-1,1.772374160E2,1.859034710E-1,-7.600417575E-2,1.772372884E2
3.027070208E2,2.411063635E-2,6.996241864E-4,1.607943559E-3,9.997077584E-1,1.772368568E2,1.861363761E-1,-7.570507125E-2,1.772367296E2
3.027120208E2,2.410568554E-2,7.015236188E-4,1.607227954E-3,9.997078776E-1,1.772374243E2,1.860592701E-1,-7.592556528E-2,1.772372968E2
3.027170208E2,2.410583891E-2,7.025822415E-4,1.604462974E-3,9.997078776E-1,1.772374067E2,1.857454545E-1,-7.605444872E-2,1.772372792E2
3.027220208E2,2.411815381E-2,6.939213490E-4,1.608848921E-3,9.997075796E-1,1.772359951E2,1.862248990E-1,-7.504786309E-2,1.772358689E2
3.027270208E2,2.411556068E-2,6.949690869E-4,1.610230189E-3,9.997076392E-1,1.772362924E2,1.863858359E-1,-7.516455577E-2,1.772361659E2
3.027320208E2,2.410579378E-2,7.021804340E-4,1.605316647E-3,9.997078776E-1,1.772374119E2,1.858421365E-1,-7.600606856E-2,1.772372844E2
3.027370208E2,2.410828196E-2,6.996354205E-4,1.606181264E-3,9.997078180E-1,1.772371267E2,1.859343430E-1,-7.571166533E-2,1.772369996E2
3.027420208E2,2.411061840E-2,6.985642831E-4,1.608673367E-3,9.997077584E-1,1.772368589E2,1.862170516E-1,-7.558163761E-2,1.772367318E2
3.027470208E2,2.409813897E-2,7.066515973E-4,1.606925856E-3,9.997080564E-1,1.772382893E2,1.860382517E-1,-7.651525579E-2,1.772381609E2
3.027520208E2,2.409357716E-2,7.101027877E-4,1.599629293E-3,9.997081757E-1,1.772388122E2,1.852115489E-1,-7.693161294E-2,1.772386837E2
3.027570208E2,2.410369729E-2,7.041938370E-4,1.598782721E-3,9.997079372E-1,1.772376522E2,1.850990224E-1,-7.625515806E-2,1.772375248E2
3.027620208E2,2.410106916E-2,7.054958260E-4,1.600557589E-3,9.997079968E-1,1.772379535E2,1.853057444E-1,-7.639989608E-2,1.772378257E2
3.027670208E2,2.410144243E-2,7.057140465E-4,1.594830421E-3,9.997079968E-1,1.772379107E2,1.846502800E-1,-7.644064400E-2,1.772377833E2
3.027720208E2,2.411145322E-2,6.980173639E-4,1.596351154E-3,9.997077584E-1,1.772367632E2,1.848039897E-1,-7.555287558E-2,1.772366372E2
3.027770208E2,2.411363622E-2,6.968154921E-4,1.601222088E-3,9.997076988E-1,1.772365130E2,1.853588398E-1,-7.540132779E-2,1.772363868E2
3.027820208E2,2.411129974E-2,6.987919915E-4,1.598329167E-3,9.997077584E-1,1.772367808E2,1.850327167E-1,-7.563617841E-2,1.772366545E2
3.027870208E2,2.411175151E-2,6.979096215E-4,1.591886627E-3,9.997077584E-1,1.772367290E2,1.842922651E-1,-7.555281376E-2,1.772366033E2
3.027920208E2,2.410921530E-2,6.995032891E-4,1.592168235E-3,9.997078180E-1,1.772370197E2,1.843287375E-1,-7.573507082E-2,1.772368937E2
3.027970208E2,2.410909454E-2,6.995519507E-4,1.593974535E-3,9.997078180E-1,1.772370336E2,1.845357898E-1,-7.573567717E-2,1.772369074E2
3.028020208E2,2.411441125E-2,6.966163055E-4,1.589594875E-3,9.997076988E-1,1.772364241E2,1.840263522E-1,-7.541049673E-2,1.772362989E2
3.028070208E2,2.410175222E-2,7.049989654E-4,1.590459025E-3,9.997079968E-1,1.772378752E2,1.841475480E-1,-7.637074216E-2,1.772377483E2
3.028120208E2,2.410674673E-2,7.021120400E-4,1.590972417E-3,9.997078776E-1,1.772373027E2,1.841987669E-1,-7.603768312E-2,1.772371763E2
3.028170208E2,2.411197568E-2,6.982028135E-4,1.588358660E-3,9.997077584E-1,1.772367033E2,1.838889338E-1,-7.559610829E-2,1.772365778E2
3.028220208E2,2.410475029E-2,7.037369069E-4,1.583030680E-3,9.997079372E-1,1.772375315E2,1.832933105E-1,-7.624613040E-2,1.772374054E2
3.028270208E2,2.410008015E-2,7.071412983E-4,1.577325980E-3,9.997080564E-1,1.772380668E2,1.826488356E-1,-7.665274265E-2,1.772379405E2
3.028320208E2,2.411227744E-2,6.987221423E-4,1.583542093E-3,9.997077584E-1,1.772366687E2,1.833386132E-1,-7.566885521E-2,1.772365435E2
3.028370208E2,2.411209384E-2,6.980477483E-4,1.586632105E-3,9.997077584E-1,1.772366898E2,1.836907227E-1,-7.558309334E-2,1.772365645E2
3.028420208E2,2.410693631E-2,7.009767578E-4,1.588598709E-3,9.997078776E-1,1.772372810E2,1.839237163E-1,-7.591414995E-2,1.772371549E2
3.028470208E2,2.412207029E-2,6.918578874E-4,1.587922219E-3,9.997075200E-1,1.772355462E2,1.838221582E-1,-7.486859533E-2,1.772354220E2
3.028520208E2,2.412988179E-2,6.867550546E-4,1.584024867E-3,9.997073412E-1,1.772346508E2,1.833621572E-1,-7.429336532E-2,1.772345278E2
3.028570208E2,2.412243835E-2,6.919312873E-4,1.582288998E-3,9.997075200E-1,1.772355040E2,1.831770558E-1,-7.489250842E-2,1.772353802E2
3.028620208E2,2.412528123E-2,6.898044376E-4,1.577526331E-3,9.997074604E-1,1.772351782E2,1.826257846E-1,-7.466150696E-2,1.772350551E2
3.028670208E2,2.413022027E-2,6.857379340E-4,1.579302363E-3,9.997073412E-1,1.772346120E2,1.828183670E-1,-7.418984275E-2,1.772344896E2
3.028720208E2,2.413014766E-2,6.856216351E-4,1.580461743E-3,9.997073412E-1,1.772346204E2,1.829508567E-1,-7.417332709E-2,1.772344978E2
3.028770208E2,2.412209393E-2,6.916970597E-4,1.587633160E-3,9.997075200E-1,1.772355435E2,1.837886012E-1,-7.485096591E-2,1.772354193E2
3.028820208E2,2.412491691E-2,6.903323811E-4,1.582857803E-3,9.997074604E-1,1.772352199E2,1.832379821E-1,-7.470731411E-2,1.772350963E2
3.028870208E2,2.412517710E-2,6.891653175E-4,1.579397009E-3,9.997074604E-1,1.772351901E2,1.828383116E-1,-7.458313780E-2,1.772350670E2
3.028920208E2,2.413256889E-2,6.847227341E-4,1.581584802E-3,9.997072816E-1,1.772343428E2,1.830772060E-1,-7.406680181E-2,1.772342204E2
3.028970208E2,2.413257896E-2,6.850449136E-4,1.581291668E-3,9.997072816E-1,1.772343417E2,1.830445169E-1,-7.410451888E-2,1.772342192E2
3.029020208E2,2.412268993E-2,6.908920477E-4,1.578903990E-3,9.997075200E-1,1.772354752E2,1.827864203E-1,-7.478276649E-2,1.772353518E2
3.029070208E2,2.412768150E-2,6.882672315E-4,1.579259872E-3,9.997074008E-1,1.772349030E2,1.828203048E-1,-7.448017595E-2,1.772347801E2
3.029120208E2,2.413487834E-2,6.833903026E-4,1.584593439E-3,9.997072220E-1,1.772340781E2,1.834183563E-1,-7.390541689E-2,1.772339557E2
3.029170208E2,2.413255808E-2,6.853995146E-4,1.581456629E-3,9.997072816E-1,1.772343441E2,1.830643937E-1,-7.414468892E-2,1.772342215E2
3.029220208E2,2.413778351E-2,6.818200927E-4,1.578611438E-3,9.997071624E-1,1.772337451E2,1.827289389E-1,-7.374155059E-2,1.772336234E2
3.029270208E2,2.415262143E-2,6.716810167E-4,1.582483645E-3,9.997068048E-1,1.772320443E2,1.831455614E-1,-7.256660864E-2,1.772319242E2
3.029320208E2,2.414989301E-2,6.723119877E-4,1.586197177E-3,9.997068644E-1,1.772323570E2,1.835725259E-1,-7.262911408E-2,1.772322366E2
3.029370208E2,2.414235798E-2,6.771713961E-4,1.586135011E-3,9.997070432E-1,1.772332207E2,1.835783022E-1,-7.318735394E-2,1.772330994E2
3.029420208E2,2.414255509E-2,6.776115624E-4,1.582943718E-3,9.997070432E-1,1.772331982E2,1.832139452E-1,-7.324657155E-2,1.772330769E2
3.029470208E2,2.414764266E-2,6.750731263E-4,1.581712160E-3,9.997069240E-1,1.772326150E2,1.830662076E-1,-7.295824898E-2,1.772324943E2
3.029520208E2,2.414775467E-2,6.737404037E-4,1.580570010E-3,9.997069240E-1,1.772326021E2,1.829316846E-1,-7.280871503E-2,1.772324818E2
3.029570208E2,2.415765545E-2,6.678641657E-4,1.582567929E-3,9.997066855E-1,1.772314673E2,1.831450149E-1,-7.212820232E-2,1.772313479E2
3.029620208E2,2.416246700E-2,6.639403291E-4,1.586064580E-3,9.997065663E-1,1.772309157E2,1.835350667E-1,-7.166813207E-2,1.772307969E2
3.029670208E2,2.415232654E-2,6.716096541E-4,1.587008126E-3,9.997068048E-1,1.772320781E2,1.836636596E-1,-7.254596475E-2,1.772319577E2
3.029720208E2,2.415256056E-2,6.713264738E-4,1.583562698E-3,9.997068048E-1,1.772320513E2,1.832681902E-1,-7.252301746E-2,1.772319312E2
3.029770208E2,2.416037410E-2,6.654052413E-4,1.579751261E-3,9.997066259E-1,1.772311556E2,1.828157297E-1,-7.185381336E-2,1.772310369E2
3.029820208E2,2.416295639E-2,6.644662935E-4,1.578370109E-3,9.997065663E-1,1.772308597E2,1.826550928E-1,-7.174960158E-2,1.772307412E2
3.029870208E2,2.416285201E-2,6.642190856E-4,1.580071170E-3,9.997065663E-1,1.772308716E2,1.828492713E-1,-7.171659081E-2,1.772307531E2
3.029920208E2,2.416283582E-2,6.633838057E-4,1.580669545E-3,9.997065663E-1,1.772308735E2,1.829155059E-1,-7.161924890E-2,1.772307551E2
3.029970208E2,2.416277934E-2,6.638665800E-4,1.581330085E-3,9.997065663E-1,1.772308799E2,1.829925092E-1,-7.167273587E-2,1.772307614E2
3.030020208E2,2.416781345E-2,6.607256946E-4,1.581079559E-3,9.997064471E-1,1.772303029E2,1.829554707E-1,-7.131269482E-2,1.772301850E2
3.030070208E2,2.416763673E-2,6.608073600E-4,1.583744306E-3,9.997064471E-1,1.772303232E2,1.832609531E-1,-7.131470248E-2,1.772302050E2
3.030120208E2,2.416016619E-2,6.652875454E-4,1.582977246E-3,9.997066259E-1,1.772311795E2,1.831849523E-1,-7.183143667E-2,1.772310606E2
3.030170208E2,2.416550262E-2,6.628509145E-4,1.577819698E-3,9.997065067E-1,1.772305678E2,1.825877475E-1,-7.156560607E-2,1.772304497E2
3.030220208E2,2.417014653E-2,6.597050233E-4,1.583527075E-3,9.997063875E-1,1.772300355E2,1.832331930E-1,-7.118856266E-2,1.772299176E2
3.030270208E2,2.416024627E-2,6.651904550E-4,1.581795397E-3,9.997066259E-1,1.772311703E2,1.830492986E-1,-7.182357168E-2,1.772310515E2
3.030320208E2,2.416589810E-2,6.624601083E-4,1.571915695E-3,9.997065067E-1,1.772305225E2,1.819103409E-1,-7.153711401E-2,1.772304049E2
3.030370208E2,2.417605851E-2,6.554469001E-4,1.570249908E-3,9.997062683E-1,1.772293578E2,1.817008066E-1,-7.073646156E-2,1.772292416E2
3.030420208E2,2.417087793E-2,6.595395971E-4,1.572392997E-3,9.997063875E-1,1.772299516E2,1.819572860E-1,-7.120031800E-2,1.772298346E2
3.030470208E2,2.416829469E-2,6.614668528E-4,1.573394751E-3,9.997064471E-1,1.772302477E2,1.820771994E-1,-7.141879619E-2,1.772301302E2
3.030520208E2,2.416885998E-2,6.609311095E-4,1.564913779E-3,9.997064471E-1,1.772301830E2,1.811041901E-1,-7.138080905E-2,1.772300661E2
3.030570208E2,2.416865879E-2,6.613252917E-4,1.567851752E-3,9.997064471E-1,1.772302060E2,1.814418368E-1,-7.141786508E-2,1.772300889E2
3.030620208E2,2.416845553E-2,6.601074128E-4,1.571493922E-3,9.997064471E-1,1.772302293E2,1.818556897E-1,-7.126829681E-2,1.772301122E2
3.030670208E2,2.417325710E-2,6.574580329E-4,1.574584516E-3,9.997063279E-1,1.772296789E2,1.822027453E-1,-7.095535437E-2,1.772295621E2
3.030720208E2,2.417086417E-2,6.581183407E-4,1.573199756E-3,9.997063875E-1,1.772299532E2,1.820457688E-1,-7.103526964E-2,1.772298363E2
3.030770208E2,2.417063802E-2,6.582721835E-4,1.576606301E-3,9.997063875E-1,1.772299791E2,1.824364269E-1,-7.104349905E-2,1.772298620E2
3.030820208E2,2.417301017E-2,6.571844569E-4,1.578484778E-3,9.997063279E-1,1.772297072E2,1.826487772E-1,-7.091325478E-2,1.772295902E2
3.030870208E2,2.417083609E-2,6.590575213E-4,1.573238056E-3,9.997063875E-1,1.772299564E2,1.820527561E-1,-7.114275927E-2,1.772298394E2
3.030920208E2,2.417339555E-2,6.577025633E-4,1.572355279E-3,9.997063279E-1,1.772296631E2,1.819480550E-1,-7.098951744E-2,1.772295463E2
3.030970208E2,2.417099095E-2,6.582960486E-4,1.571176224E-3,9.997063875E-1,1.772299387E2,1.818144578E-1,-7.106120942E-2,1.772298219E2
3.031020208E2,2.417069631E-2,6.592420978E-4,1.575306873E-3,9.997063875E-1,1.772299725E2,1.822902575E-1,-7.115819906E-2,1.772298552E2
3.031070208E2,2.416809630E-2,6.608092226E-4,1.576715033E-3,9.997064471E-1,1.772302705E2,1.824557295E-1,-7.133429976E-2,1.772301529E2
3.031120208E2,2.417805829E-2,6.537343143E-4,1.578101306E-3,9.997062087E-1,1.772291286E2,1.825956452E-1,-7.051815376E-2,1.772290122E2
3.031170208E2,2.419038682E-2,6.457261625E-4,1.581255579E-3,9.997059107E-1,1.772277154E2,1.829356613E-1,-6.958976088E-2,1.772276003E2
3.031220208E2,2.418508169E-2,6.489850348E-4,1.585698454E-3,9.997060299E-1,1.772283235E2,1.834532927E-1,-6.995174772E-2,1.772282075E2
3.031270208E2,2.418787389E-2,6.472861860E-4,1.581375720E-3,9.997059703E-1,1.772280035E2,1.829535740E-1,-6.976860073E-2,1.772278880E2
3.031320208E2,2.419285025E-2,6.438927958E-4,1.581998426E-3,9.997058511E-1,1.772274331E2,1.830158487E-1,-6.937722400E-2,1.772273182E2
3.031370208E2,2.419292164E-2,6.444263272E-4,1.580688986E-3,9.997058511E-1,1.772274249E2,1.828673258E-1,-6.944196148E-2,1.772273100E2
3.031420208E2,2.418073313E-2,6.522923941E-4,1.575471018E-3,9.997061491E-1,1.772288220E2,1.822905168E-1,-7.035977043E-2,1.772287060E2
3.031470208E2,2.418070341E-2,6.524527562E-4,1.575860777E-3,9.997061491E-1,1.772288254E2,1.823356091E-1,-7.037706657E-2,1.772287094E2
3.031520208E2,2.418300734E-2,6.504838238E-4,1.579129603E-3,9.997060895E-1,1.772285613E2,1.827047854E-1,-7.014203071E-2,1.772284454E2
3.031570208E2,2.417519557E-2,6.563073257E-4,1.583123696E-3,9.997062683E-1,1.772294567E2,1.831779284E-1,-7.079952152E-2,1.772293395E2
3.031620208E2,2.415789972E-2,6.673219614E-4,1.579063945E-3,9.997066855E-1,1.772314393E2,1.827421208E-1,-7.207574421E-2,1.772313203E2
3.031670208E2,2.416780279E-2,6.603787187E-4,1.581387362E-3,9.997064471E-1,1.772303041E2,1.829897702E-1,-7.127209545E-2,1.772301863E2
3.031720208E2,2.417013862E-2,6.596208550E-4,1.583682839E-3,9.997063875E-1,1.772300364E2,1.832508033E-1,-7.117849052E-2,1.772299185E2
3.031770208E2,2.415997389E-2,6.651970325E-4,1.585947466E-3,9.997066259E-1,1.772312015E2,1.835249513E-1,-7.181287943E-2,1.772310824E2
3.031820208E2,2.416251554E-2,6.648664130E-4,1.584936748E-3,9.997065663E-1,1.772309102E2,1.834084322E-1,-7.177733635E-2,1.772307912E2
3.031870208E2,2.416518882E-2,6.623832160E-4,1.582814264E-3,9.997065067E-1,1.772306038E2,1.831585988E-1,-7.149825359E-2,1.772304854E2
3.031920208E2,2.417011665E-2,6.586300442E-4,1.584430342E-3,9.997063875E-1,1.772300389E2,1.833336898E-1,-7.106291885E-2,1.772299211E2
3.031970208E2,2.417023728E-2,6.592717837E-4,1.582321944E-3,9.997063875E-1,1.772300251E2,1.830939416E-1,-7.114225298E-2,1.772299073E2
3.032020208E2,2.416770853E-2,6.606423412E-4,1.582717174E-3,9.997064471E-1,1.772303149E2,1.831428347E-1,-7.129862979E-2,1.772301969E2
3.032070208E2,2.417003133E-2,6.590073463E-4,1.585574588E-3,9.997063875E-1,1.772300487E2,1.834658118E-1,-7.110298811E-2,1.772299308E2
3.032120208E2,2.418003029E-2,6.526610232E-4,1.586069935E-3,9.997061491E-1,1.772289026E2,1.835056823E-1,-7.037275893E-2,1.772287858E2
3.032170208E2,2.417025522E-2,6.593991420E-4,1.581994700E-3,9.997063875E-1,1.772300230E2,1.830568072E-1,-7.115774602E-2,1.772299053E2
3.032220208E2,2.416563579E-2,6.628050469E-4,1.575798145E-3,9.997065067E-1,1.772305525E2,1.823560444E-1,-7.156592553E-2,1.772304346E2
3.032270208E2,2.416550627E-2,6.620372296E-4,1.578105497E-3,9.997065067E-1,1.772305674E2,1.826182349E-1,-7.147159986E-2,1.772304494E2
3.032320208E2,2.416554097E-2,6.623894442E-4,1.577426214E-3,9.997065067E-1,1.772305634E2,1.825413953E-1,-7.151382364E-2,1.772304454E2
3.032370208E2,2.416075497E-2,6.655948237E-4,1.573835267E-3,9.997066259E-1,1.772311120E2,1.821385557E-1,-7.189184173E-2,1.772309937E2
3.032420208E2,2.416825288E-2,6.601368659E-4,1.574595110E-3,9.997064471E-1,1.772302525E2,1.822110236E-1,-7.126311871E-2,1.772301352E2
3.032470208E2,2.416809390E-2,6.599086919E-4,1.577128889E-3,9.997064471E-1,1.772302708E2,1.825006457E-1,-7.122999103E-2,1.772301533E2
3.032520208E2,2.416325054E-2,6.644439418E-4,1.573869959E-3,9.997065663E-1,1.772308259E2,1.821395223E-1,-7.175944830E-2,1.772307078E2
3.032570208E2,2.416555692E-2,6.629063282E-4,1.576964627E-3,9.997065067E-1,1.772305616E2,1.824899494E-1,-7.157431218E-2,1.772304435E2
3.032620208E2,2.416031924E-2,6.664285320E-4,1.580158947E-3,9.997066259E-1,1.772311619E2,1.828652630E-1,-7.196992074E-2,1.772310430E2
3.032670208E2,2.415759191E-2,6.669458817E-4,1.583924517E-3,9.997066855E-1,1.772314746E2,1.832978764E-1,-7.201926164E-2,1.772313553E2
3.032720208E2,2.416033105E-2,6.650520954E-4,1.580558135E-3,9.997066259E-1,1.772311606E2,1.829071829E-1,-7.181113156E-2,1.772310419E2
3.032770208E2,2.415805399E-2,6.678448408E-4,1.576480689E-3,9.997066855E-1,1.772314216E2,1.824476461E-1,-7.214276759E-2,1.772313027E2
3.032820208E2,2.414793278E-2,6.746355793E-4,1.577463932E-3,9.997069240E-1,1.772325817E2,1.825783479E-1,-7.291982735E-2,1.772324615E2
3.032870208E2,2.414821337E-2,6.749453605E-4,1.573029789E-3,9.997069240E-1,1.772325496E2,1.820712576E-1,-7.296753465E-2,1.772324296E2
3.032920208E2,2.415083034E-2,6.733560003E-4,1.571414294E-3,9.997068644E-1,1.772322496E2,1.818819810E-1,-7.278945515E-2,1.772321300E2
3.032970208E2,2.414609346E-2,6.761075929E-4,1.567181549E-3,9.997069836E-1,1.772327926E2,1.814043543E-1,-7.311724622E-2,1.772326728E2
3.033020208E2,2.415132294E-2,6.716701901E-4,1.564550097E-3,9.997068644E-1,1.772321931E2,1.810909997E-1,-7.261524023E-2,1.772320744E2
3.033070208E2,2.415575567E-2,6.692259922E-4,1.573312096E-3,9.997067451E-1,1.772316850E2,1.820883152E-1,-7.231018017E-2,1.772315661E2
3.033120208E2,2.414347653E-2,6.770911859E-4,1.569051645E-3,9.997070432E-1,1.772330925E2,1.816211196E-1,-7.322522545E-2,1.772329724E2
3.033170208E2,2.415120180E-2,6.724977866E-4,1.566063846E-3,9.997068644E-1,1.772322070E2,1.812666941E-1,-7.270588046E-2,1.772320880E2
3.033220208E2,2.415851131E-2,6.672390737E-4,1.569714514E-3,9.997066855E-1,1.772313692E2,1.816708803E-1,-7.209202072E-2,1.772312508E2
3.033270208E2,2.414064575E-2,6.786300219E-4,1.573958085E-3,9.997071028E-1,1.772334170E2,1.821872435E-1,-7.338845239E-2,1.772332963E2
3.033320208E2,2.413811446E-2,6.810843479E-4,1.573861577E-3,9.997071624E-1,1.772337072E2,1.821827915E-1,-7.367034344E-2,1.772335860E2
3.033370208E2,2.414541908E-2,6.765837315E-4,1.577333431E-3,9.997069836E-1,1.772328699E2,1.825686055E-1,-7.314382399E-2,1.772327493E2
3.033420208E2,2.414266314E-2,6.770787295E-4,1.581523102E-3,9.997070432E-1,1.772331858E2,1.830497353E-1,-7.318944184E-2,1.772330648E2
3.033470208E2,2.413762911E-2,6.806572201E-4,1.581471646E-3,9.997071624E-1,1.772337628E2,1.830533714E-1,-7.360045079E-2,1.772336411E2
3.033520208E2,2.414263316E-2,6.776849623E-4,1.581721124E-3,9.997070432E-1,1.772331892E2,1.830740956E-1,-7.325834830E-2,1.772330681E2
3.033570208E2,2.414232753E-2,6.775425863E-4,1.586440019E-3,9.997070432E-1,1.772332242E2,1.836142682E-1,-7.322903851E-2,1.772331028E2
3.033620208E2,2.413734109E-2,6.806002348E-4,1.585885882E-3,9.997071624E-1,1.772337958E2,1.835588803E-1,-7.358176536E-2,1.772336738E2
3.033670208E2,2.413728920E-2,6.817146786E-4,1.586196944E-3,9.997071624E-1,1.772338018E2,1.835975941E-1,-7.370858298E-2,1.772336795E2
3.033720208E2,2.413478585E-2,6.826405297E-4,1.586324419E-3,9.997072220E-1,1.772340887E2,1.836145738E-1,-7.381475385E-2,1.772339663E2
3.033770208E2,2.413487682E-2,6.824770826E-4,1.585010206E-3,9.997072220E-1,1.772340783E2,1.834635743E-1,-7.379964778E-2,1.772339560E2
3.033820208E2,2.413503033E-2,6.822349387E-4,1.582775265E-3,9.997072220E-1,1.772340607E2,1.832068846E-1,-7.377806147E-2,1.772339386E2
3.033870208E2,2.413263670E-2,6.840017159E-4,1.580861979E-3,9.997072816E-1,1.772343350E2,1.829924114E-1,-7.398618992E-2,1.772342128E2
3.033920208E2,2.413784615E-2,6.803447613E-4,1.578290132E-3,9.997071624E-1,1.772337379E2,1.826880539E-1,-7.357341684E-2,1.772336165E2
3.033970208E2,2.414010298E-2,6.798329996E-4,1.581744407E-3,9.997071028E-1,1.772334792E2,1.830825203E-1,-7.350482217E-2,1.772333577E2
3.034020208E2,2.413005924E-2,6.870517973E-4,1.581190503E-3,9.997073412E-1,1.772346305E2,1.830382908E-1,-7.433516470E-2,1.772345076E2
3.034070208E2,2.412289475E-2,6.907401257E-4,1.575838192E-3,9.997075200E-1,1.772354517E2,1.824348027E-1,-7.477380026E-2,1.772353286E2
3.034120208E2,2.413031514E-2,6.855425891E-4,1.577937044E-3,9.997073412E-1,1.772346012E2,1.826614250E-1,-7.417122252E-2,1.772344788E2
3.034170208E2,2.413748803E-2,6.814508815E-4,1.583282021E-3,9.997071624E-1,1.772337790E2,1.832629501E-1,-7.368638929E-2,1.772336570E2
3.034220208E2,2.412746693E-2,6.884083850E-4,1.582473284E-3,9.997074008E-1,1.772349276E2,1.831888025E-1,-7.448750061E-2,1.772348044E2
3.034270208E2,2.412788966E-2,6.873647217E-4,1.576470211E-3,9.997074008E-1,1.772348792E2,1.824982456E-1,-7.438446145E-2,1.772347566E2
3.034320208E2,2.413004946E-2,6.864739698E-4,1.581590739E-3,9.997073412E-1,1.772346316E2,1.830825425E-1,-7.426786495E-2,1.772345088E2
3.034370208E2,2.411988590E-2,6.934762932E-4,1.582864439E-3,9.997075796E-1,1.772357966E2,1.832470571E-1,-7.506837849E-2,1.772356724E2
3.034420208E2,2.411755601E-2,6.948985392E-4,1.580094453E-3,9.997076392E-1,1.772360637E2,1.829334879E-1,-7.523939103E-2,1.772359394E2
3.034470208E2,2.412549965E-2,6.890468649E-4,1.574514084E-3,9.997074604E-1,1.772351531E2,1.822786280E-1,-7.458300896E-2,1.772350304E2
3.034520208E2,2.412801995E-2,6.879903958E-4,1.574201509E-3,9.997074008E-1,1.772348642E2,1.822400866E-1,-7.446238664E-2,1.772347417E2
3.034570208E2,2.412559419E-2,6.898474530E-4,1.572713954E-3,9.997074604E-1,1.772351423E2,1.820746286E-1,-7.467968241E-2,1.772350196E2
3.034620208E2,2.413058138E-2,6.857566186E-4,1.573767047E-3,9.997073412E-1,1.772345706E2,1.821843285E-1,-7.420722393E-2,1.772344486E2
3.034670208E2,2.414059602E-2,6.801760173E-4,1.574053545E-3,9.997071028E-1,1.772334227E2,1.822024529E-1,-7.356530358E-2,1.772333017E2
3.034720208E2,2.413044235E-2,6.854629028E-4,1.576025155E-3,9.997073412E-1,1.772345866E2,1.824421912E-1,-7.416735746E-2,1.772344644E2
3.034770208E2,2.413272473E-2,6.847917684E-4,1.579175238E-3,9.997072816E-1,1.772343250E2,1.828013726E-1,-7.408134544E-2,1.772342027E2
3.034820208E2,2.413792642E-2,6.811849889E-4,1.576699317E-3,9.997071624E-1,1.772337287E2,1.825081429E-1,-7.367405739E-2,1.772336073E2
3.034870208E2,2.414285564E-2,6.781134289E-4,1.578137628E-3,9.997070432E-1,1.772331637E2,1.826647780E-1,-7.331730628E-2,1.772330427E2
3.034920208E2,2.414267658E-2,6.777193630E-4,1.581043471E-3,9.997070432E-1,1.772331842E2,1.829965631E-1,-7.326415607E-2,1.772330631E2
3.034970208E2,2.413498467E-2,6.833256921E-4,1.583001111E-3,9.997072220E-1,1.772340659E2,1.832357708E-1,-7.390239978E-2,1.772339436E2
3.035020208E2,2.412789684E-2,6.877533742E-4,1.576190814E-3,9.997074008E-1,1.772348784E2,1.824673136E-1,-7.442975596E-2,1.772347557E2
3.035070208E2,2.413288580E-2,6.851057406E-4,1.576575451E-3,9.997072816E-1,1.772343065E2,1.825044255E-1,-7.412447387E-2,1.772341844E2
3.035120208E2,2.413507516E-2,6.833383814E-4,1.581615303E-3,9.997072220E-1,1.772340555E2,1.830770566E-1,-7.390766972E-2,1.772339334E2
3.035170208E2,2.413272116E-2,6.848964840E-4,1.579184318E-3,9.997072816E-1,1.772343254E2,1.828027022E-1,-7.409331699E-2,1.772342031E2
3.035220208E2,2.413066132E-2,6.862351438E-4,1.572332112E-3,9.997073412E-1,1.772345615E2,1.820212739E-1,-7.426599630E-2,1.772344394E2
3.035270208E2,2.413277865E-2,6.843460724E-4,1.578544267E-3,9.997072816E-1,1.772343188E2,1.827278609E-1,-7.403202248E-2,1.772341966E2
3.035320208E2,2.412768773E-2,6.872338708E-4,1.579614705E-3,9.997074008E-1,1.772349023E2,1.828580970E-1,-7.436081391E-2,1.772347796E2
3.035370208E2,2.412305316E-2,6.913681864E-4,1.573135611E-3,9.997075200E-1,1.772354336E2,1.821269474E-1,-7.485319187E-2,1.772353105E2
3.035420208E2,2.412571311E-2,6.893847603E-4,1.571091823E-3,9.997074604E-1,1.772351287E2,1.818875294E-1,-7.463114032E-2,1.772350061E2
3.035470208E2,2.412540513E-2,6.890150253E-4,1.575975679E-3,9.997074604E-1,1.772351640E2,1.824459709E-1,-7.457533785E-2,1.772350411E2
3.035520208E2,2.412307491E-2,6.916060229E-4,1.572697423E-3,9.997075200E-1,1.772354311E2,1.820774085E-1,-7.488164534E-2,1.772353080E2
3.035570208E2,2.411579794E-2,6.955048884E-4,1.568909967E-3,9.997076988E-1,1.772362652E2,1.816537542E-1,-7.534008434E-2,1.772361417E2
3.035620208E2,2.412037984E-2,6.928764051E-4,1.575583592E-3,9.997075796E-1,1.772357400E2,1.824113534E-1,-7.501969104E-2,1.772356165E2
3.035670208E2,2.412284981E-2,6.916256389E-4,1.576137845E-3,9.997075200E-1,1.772354569E2,1.824715752E-1,-7.487442280E-2,1.772353335E2
3.035720208E2,2.412017958E-2,6.931623211E-4,1.578520751E-3,9.997075796E-1,1.772357629E2,1.827486050E-1,-7.504436299E-2,1.772356392E2
3.035770208E2,2.412275750E-2,6.916296552E-4,1.577548217E-3,9.997075200E-1,1.772354674E2,1.826331494E-1,-7.487100093E-2,1.772353440E2
3.035820208E2,2.412769697E-2,6.885405746E-4,1.578904339E-3,9.997074008E-1,1.772349013E2,1.827803326E-1,-7.451246982E-2,1.772347783E2
3.035870208E2,2.413034397E-2,6.856299005E-4,1.577458112E-3,9.997073412E-1,1.772345979E2,1.826068029E-1,-7.418254386E-2,1.772344755E2
3.035920208E2,2.412534299E-2,6.892041420E-4,1.576844021E-3,9.997074604E-1,1.772351711E2,1.825459650E-1,-7.459461334E-2,1.772350482E2
3.035970208E2,2.412538450E-2,6.904412876E-4,1.575667295E-3,9.997074604E-1,1.772351663E2,1.824145849E-1,-7.473958407E-2,1.772350433E2
3.036020208E2,2.413513644E-2,6.833684165E-4,1.580666984E-3,9.997072220E-1,1.772340485E2,1.829685063E-1,-7.391372214E-2,1.772339264E2
3.036070208E2,2.413026761E-2,6.861976581E-4,1.578378957E-3,9.997073412E-1,1.772346066E2,1.827138579E-1,-7.424505264E-2,1.772344841E2
3.036120208E2,2.412050954E-2,6.921617896E-4,1.573911170E-3,9.997075796E-1,1.772357251E2,1.822177976E-1,-7.494242519E-2,1.772356019E2
3.036170208E2,2.412796746E-2,6.882683374E-4,1.574884518E-3,9.997074008E-1,1.772348703E2,1.823190956E-1,-7.449234815E-2,1.772347477E2
3.036220208E2,2.413287370E-2,6.846900214E-4,1.576941228E-3,9.997072816E-1,1.772343079E2,1.825451777E-1,-7.407584053E-2,1.772341858E2
3.036270208E2,2.412023837E-2,6.928018411E-4,1.577780466E-3,9.997075796E-1,1.772357562E2,1.826628071E-1,-7.500510256E-2,1.772356325E2
3.036320208E2,2.411522385E-2,6.966852234E-4,1.577188727E-3,9.997076988E-1,1.772363310E2,1.826053749E-1,-7.545252700E-2,1.772362066E2
3.036370208E2,2.412261360E-2,6.918926374E-4,1.579631935E-3,9.997075200E-1,1.772354839E2,1.828725731E-1,-7.489539378E-2,1.772353603E2
3.036420208E2,2.412017787E-2,6.928288494E-4,1.578693278E-3,9.997075796E-1,1.772357631E2,1.827674476E-1,-7.500568453E-2,1.772356394E2
3.036470208E2,2.412013396E-2,6.926279166E-4,1.579452190E-3,9.997075796E-1,1.772357682E2,1.828538285E-1,-7.498057638E-2,1.772356444E2
3.036520208E2,2.413015944E-2,6.870172801E-4,1.579675707E-3,9.997073412E-1,1.772346190E2,1.828646701E-1,-7.433538091E-2,1.772344963E2
3.036570208E2,2.412986517E-2,6.859580753E-4,1.584623242E-3,9.997073412E-1,1.772346527E2,1.834285008E-1,-7.420041333E-2,1.772345298E2
3.036620208E2,2.412711113E-2,6.883819588E-4,1.587900100E-3,9.997074008E-1,1.772349684E2,1.838103904E-1,-7.446953390E-2,1.772348448E2
3.036670208E2,2.412758565E-2,6.886020419E-4,1.580577693E-3,9.997074008E-1,1.772349140E2,1.829721910E-1,-7.451490501E-2,1.772347909E2
3.036720208E2,2.413514654E-2,6.836892571E-4,1.580373966E-3,9.997072220E-1,1.772340474E2,1.829358269E-1,-7.395128560E-2,1.772339252E2
3.036770208E2,2.413750147E-2,6.804224104E-4,1.583519508E-3,9.997071624E-1,1.772337774E2,1.832873122E-1,-7.356791027E-2,1.772336556E2
3.036820208E2,2.413757857E-2,6.819753326E-4,1.581675140E-3,9.997071624E-1,1.772337686E2,1.830803260E-1,-7.375089755E-2,1.772336467E2
3.036870208E2,2.413028541E-2,6.864648894E-4,1.577990712E-3,9.997073412E-1,1.772346046E2,1.826701215E-1,-7.427673650E-2,1.772344821E2
3.036920208E2,2.413262659E-2,6.852321094E-4,1.580483397E-3,9.997072816E-1,1.772343362E2,1.829524439E-1,-7.412819025E-2,1.772342138E2
3.036970208E2,2.412986794E-2,6.859544665E-4,1.584582613E-3,9.997073412E-1,1.772346524E2,1.834238366E-1,-7.420011174E-2,1.772345295E2
3.037020208E2,2.412454220E-2,6.901109009E-4,1.588654821E-3,9.997074604E-1,1.772352629E2,1.839014389E-1,-7.466598403E-2,1.772351389E2
3.037070208E2,2.412229537E-2,6.921617314E-4,1.584366546E-3,9.997075200E-1,1.772355204E2,1.834156828E-1,-7.491319081E-2,1.772353964E2
3.037120208E2,2.412495190E-2,6.893178215E-4,1.582766650E-3,9.997074604E-1,1.772352159E2,1.832247372E-1,-7.459133371E-2,1.772350925E2
3.037170208E2,2.413015189E-2,6.859510322E-4,1.580254291E-3,9.997073412E-1,1.772346199E2,1.829280026E-1,-7.421163507E-2,1.772344973E2
3.037220208E2,2.411752291E-2,6.955466815E-4,1.580314478E-3,9.997076392E-1,1.772360675E2,1.829604827E-1,-7.531303894E-2,1.772359431E2
3.037270208E2,2.412501688E-2,6.903368630E-4,1.581331482E-3,9.997074604E-1,1.772352085E2,1.830631490E-1,-7.471202898E-2,1.772350850E2
3.037320208E2,2.412996369E-2,6.869575009E-4,1.582688885E-3,9.997073412E-1,1.772346414E2,1.832096751E-1,-7.432023643E-2,1.772345185E2
3.037370208E2,2.412462308E-2,6.904152688E-4,1.587293809E-3,9.997074604E-1,1.772352536E2,1.837463712E-1,-7.470459961E-2,1.772351297E2
3.037420208E2,2.411719799E-2,6.948703667E-4,1.585562015E-3,9.997076392E-1,1.772361047E2,1.835597385E-1,-7.522111815E-2,1.772359801E2
3.037470208E2,2.411707958E-2,6.950509269E-4,1.587282983E-3,9.997076392E-1,1.772361183E2,1.837573801E-1,-7.523706821E-2,1.772359935E2
3.037520208E2,2.412467575E-2,6.897595595E-4,1.586778322E-3,9.997074604E-1,1.772352476E2,1.836855088E-1,-7.463089825E-2,1.772351238E2
3.037570208E2,2.412210190E-2,6.922928733E-4,1.587252249E-3,9.997075200E-1,1.772355426E2,1.837466124E-1,-7.492027267E-2,1.772354183E2
3.037620208E2,2.412463634E-2,6.905902992E-4,1.587016159E-3,9.997074604E-1,1.772352521E2,1.837150489E-1,-7.472541592E-2,1.772351281E2
3.037670208E2,2.412956217E-2,6.860838621E-4,1.589176129E-3,9.997073412E-1,1.772346875E2,1.839503976E-1,-7.420228930E-2,1.772345642E2
3.037720208E2,2.411923745E-2,6.929124356E-4,1.592960209E-3,9.997075796E-1,1.772358709E2,1.844020053E-1,-7.497599830E-2,1.772357461E2
3.037770208E2,2.411700949E-2,6.945356145E-4,1.588572981E-3,9.997076392E-1,1.772361263E2,1.839037307E-1,-7.517448267E-2,1.772360015E2
3.037820208E2,2.412230193E-2,6.915788981E-4,1.584521262E-3,9.997075200E-1,1.772355197E2,1.834317960E-1,-7.484599365E-2,1.772353957E2
3.037870208E2,2.412474126E-2,6.899236469E-4,1.585710561E-3,9.997074604E-1,1.772352401E2,1.835636463E-1,-7.465263571E-2,1.772351163E2
3.037920208E2,2.412982790E-2,6.868594210E-4,1.584800310E-3,9.997073412E-1,1.772346570E2,1.834512752E-1,-7.430318695E-2,1.772345339E2
3.037970208E2,2.412976198E-2,6.870499346E-4,1.585721155E-3,9.997073412E-1,1.772346646E2,1.835572877E-1,-7.432247761E-2,1.772345414E2
3.038020208E2,2.413534436E-2,6.823252188E-4,1.577940537E-3,9.997072220E-1,1.772340247E2,1.826532988E-1,-7.380171828E-2,1.772339030E2
3.038070208E2,2.413795886E-2,6.813498330E-4,1.576131326E-3,9.997071624E-1,1.772337250E2,1.824435333E-1,-7.369450683E-2,1.772336036E2
3.038120208E2,2.413040216E-2,6.863396848E-4,1.576258917E-3,9.997073412E-1,1.772345912E2,1.824713923E-1,-7.426716083E-2,1.772344688E2
3.038170208E2,2.412550890E-2,6.890487857E-4,1.574371592E-3,9.997074604E-1,1.772351521E2,1.822623103E-1,-7.458362127E-2,1.772350294E2
3.038220208E2,2.412055415E-2,6.936812424E-4,1.572558074E-3,9.997075796E-1,1.772357200E2,1.820669928E-1,-7.512022282E-2,1.772355966E2
3.038270208E2,2.411805491E-2,6.948325317E-4,1.572490204E-3,9.997076392E-1,1.772360065E2,1.820622122E-1,-7.525275508E-2,1.772358828E2
3.038320208E2,2.412576280E-2,6.890016375E-4,1.570496592E-3,9.997074604E-1,1.772351230E2,1.818182850E-1,-7.458888712E-2,1.772350006E2
3.038370208E2,2.412328184E-2,6.910543889E-4,1.569763175E-3,9.997075200E-1,1.772354073E2,1.817397561E-1,-7.482652510E-2,1.772352846E2
3.038420208E2,2.412107307E-2,6.921647582E-4,1.565249753E-3,9.997075796E-1,1.772356605E2,1.812256098E-1,-7.496660442E-2,1.772355379E2
3.038470208E2,2.411847459E-2,6.940878811E-4,1.566370251E-3,9.997076392E-1,1.772359584E2,1.813590931E-1,-7.518428784E-2,1.772358353E2
3.038520208E2,2.412077868E-2,6.930197123E-4,1.569402637E-3,9.997075796E-1,1.772356943E2,1.817036990E-1,-7.505312045E-2,1.772355712E2
3.038570208E2,2.411590743E-2,6.963797496E-4,1.566837658E-3,9.997076988E-1,1.772362526E2,1.814187799E-1,-7.544601393E-2,1.772361291E2
3.038620208E2,2.412039851E-2,6.923861802E-4,1.575513277E-3,9.997075796E-1,1.772357378E2,1.824019445E-1,-7.496372276E-2,1.772356144E2
3.038670208E2,2.411987767E-2,6.927504437E-4,1.583307632E-3,9.997075796E-1,1.772357975E2,1.832958215E-1,-7.498400305E-2,1.772356735E2
3.038720208E2,2.411723415E-2,6.947448128E-4,1.585066901E-3,9.997076392E-1,1.772361006E2,1.835026747E-1,-7.520809667E-2,1.772359760E2
3.038770208E2,2.412471341E-2,6.903599133E-4,1.585944439E-3,9.997074604E-1,1.772352433E2,1.835916432E-1,-7.470197208E-2,1.772351194E2
3.038820208E2,2.414192945E-2,6.782843848E-4,1.592170564E-3,9.997070432E-1,1.772332699E2,1.842727733E-1,-7.329823654E-2,1.772331479E2
3.038870208E2,2.413436095E-2,6.826216122E-4,1.592783956E-3,9.997072220E-1,1.772341374E2,1.843544842E-1,-7.379479946E-2,1.772340145E2
3.038920208E2,2.413201073E-2,6.839855923E-4,1.590395812E-3,9.997072816E-1,1.772344068E2,1.840845012E-1,-7.395809207E-2,1.772342838E2
3.038970208E2,2.413696422E-2,6.821128773E-4,1.590963802E-3,9.997071624E-1,1.772338390E2,1.841447553E-1,-7.374107430E-2,1.772337164E2
3.039020208E2,2.412916887E-2,6.864109309E-4,1.594995963E-3,9.997073412E-1,1.772347325E2,1.846179839E-1,-7.422373747E-2,1.772346088E2
3.039070208E2,2.412426964E-2,6.893689279E-4,1.593109686E-3,9.997074604E-1,1.772352941E2,1.844097095E-1,-7.456871939E-2,1.772351700E2
3.039120208E2,2.413189170E-2,6.850298378E-4,1.591751934E-3,9.997072816E-1,1.772344204E2,1.842427356E-1,-7.407399045E-2,1.772342972E2
3.039170208E2,2.413439961E-2,6.835708627E-4,1.591790700E-3,9.997072220E-1,1.772341330E2,1.842433269E-1,-7.390628370E-2,1.772340100E2
3.039220208E2,2.413642535E-2,6.811459316E-4,1.599530340E-3,9.997071624E-1,1.772339008E2,1.851234095E-1,-7.360670747E-2,1.772337777E2
3.039270208E2,2.414409142E-2,6.764165009E-4,1.597597962E-3,9.997069836E-1,1.772330220E2,1.848895172E-1,-7.306884024E-2,1.772329000E2
3.039320208E2,2.414707449E-2,6.741868565E-4,1.590738422E-3,9.997069240E-1,1.772326801E2,1.840977472E-1,-7.283184645E-2,1.772325590E2
3.039370208E2,2.414940931E-2,6.721803220E-4,1.593600027E-3,9.997068644E-1,1.772324125E2,1.844201847E-1,-7.259363257E-2,1.772322915E2
3.039420208E2,2.416440302E-2,6.626290851E-4,1.594663830E-3,9.997065067E-1,1.772306938E2,1.845166897E-1,-7.149375049E-2,1.772305746E2
3.039470208E2,2.416458854E-2,6.630402058E-4,1.591678942E-3,9.997065067E-1,1.772306726E2,1.841758978E-1,-7.154907910E-2,1.772305535E2
3.039520208E2,2.416222577E-2,6.639702478E-4,1.589722815E-3,9.997065663E-1,1.772309434E2,1.839542135E-1,-7.166147446E-2,1.772308243E2
3.039570208E2,2.416967790E-2,6.593186408E-4,1.590824104E-3,9.997063875E-1,1.772300892E2,1.840680245E-1,-7.112417433E-2,1.772299708E2
3.039620208E2,2.416923041E-2,6.600635243E-4,1.597300754E-3,9.997063875E-1,1.772301405E2,1.848120100E-1,-7.119165058E-2,1.772300215E2
3.039670208E2,2.416178833E-2,6.651532021E-4,1.595865004E-3,9.997065663E-1,1.772309935E2,1.846610967E-1,-7.178006494E-2,1.772308737E2
3.039720208E2,2.416443393E-2,6.626180257E-4,1.594200032E-3,9.997065067E-1,1.772306903E2,1.844635293E-1,-7.149376218E-2,1.772305711E2
3.039770208E2,2.417432362E-2,6.558782770E-4,1.596559421E-3,9.997062683E-1,1.772295567E2,1.847158515E-1,-7.071330944E-2,1.772294386E2
3.039820208E2,2.416440736E-2,6.626570830E-4,1.594586414E-3,9.997065067E-1,1.772306933E2,1.845078989E-1,-7.149717145E-2,1.772305741E2
3.039870208E2,2.415211366E-2,6.714569172E-4,1.590309083E-3,9.997068048E-1,1.772321025E2,1.840413735E-1,-7.251937040E-2,1.772319819E2
3.039920208E2,2.415144232E-2,6.712727481E-4,1.600549440E-3,9.997068048E-1,1.772321795E2,1.852139334E-1,-7.247005396E-2,1.772320581E2
3.039970208E2,2.416132560E-2,6.644658861E-4,1.603140496E-3,9.997065663E-1,1.772310466E2,1.854926283E-1,-7.168126843E-2,1.772309264E2
3.040020208E2,2.415096670E-2,6.708438159E-4,1.607889310E-3,9.997068048E-1,1.772322340E2,1.860535551E-1,-7.240069046E-2,1.772321122E2
3.040070208E2,2.415379036E-2,6.696940400E-4,1.603005687E-3,9.997067451E-1,1.772319103E2,1.854911170E-1,-7.228196654E-2,1.772317891E2
3.040120208E2,2.415378024E-2,6.704633124E-4,1.602836652E-3,9.997067451E-1,1.772319115E2,1.854738814E-1,-7.237056260E-2,1.772317902E2
3.040170208E2,2.414889702E-2,6.724856212E-4,1.601216150E-3,9.997068644E-1,1.772324712E2,1.852934829E-1,-7.260762479E-2,1.772323496E2
3.040220208E2,2.414156971E-2,6.787953898E-4,1.597398892E-3,9.997070432E-1,1.772333111E2,1.848731096E-1,-7.334237817E-2,1.772331886E2
3.040270208E2,2.414917202E-2,6.735871430E-4,1.596599002E-3,9.997068644E-1,1.772324397E2,1.847676187E-1,-7.274653953E-2,1.772323182E2
3.040320208E2,2.414637757E-2,6.747955922E-4,1.601026044E-3,9.997069240E-1,1.772327600E2,1.852779142E-1,-7.287324350E-2,1.772326380E2
3.040370208E2,2.414611774E-2,6.750855246E-4,1.604817924E-3,9.997069240E-1,1.772327898E2,1.857130891E-1,-7.289601335E-2,1.772326674E2
3.040420208E2,2.414145823E-2,6.774871144E-4,1.599637442E-3,9.997070432E-1,1.772333239E2,1.851259264E-1,-7.318633231E-2,1.772332015E2
3.040470208E2,2.414157120E-2,6.786638405E-4,1.597432303E-3,9.997070432E-1,1.772333109E2,1.848765733E-1,-7.332721543E-2,1.772331885E2
3.040520208E2,2.414117093E-2,6.785322330E-4,1.603525714E-3,9.997070432E-1,1.772333568E2,1.855742310E-1,-7.329535533E-2,1.772332339E2
3.040570208E2,2.413632088E-2,6.809598417E-4,1.601185068E-3,9.997071624E-1,1.772339127E2,1.853124500E-1,-7.358083184E-2,1.772337896E2
3.040620208E2,2.413909279E-2,6.791144260E-4,1.597392489E-3,9.997071028E-1,1.772335950E2,1.848730770E-1,-7.337940209E-2,1.772334725E2
3.040670208E2,2.414415069E-2,6.769335596E-4,1.596482820E-3,9.997069836E-1,1.772330153E2,1.847632034E-1,-7.313114792E-2,1.772328932E2
3.040720208E2,2.414152261E-2,6.786107551E-4,1.598188886E-3,9.997070432E-1,1.772333165E2,1.849630958E-1,-7.331904994E-2,1.772331940E2
3.040770208E2,2.413909222E-2,6.800186820E-4,1.597016351E-3,9.997071028E-1,1.772335951E2,1.848324888E-1,-7.348403249E-2,1.772334724E2
3.040820208E2,2.413679845E-2,6.806549500E-4,1.594100031E-3,9.997071624E-1,1.772338580E2,1.844999914E-1,-7.356541273E-2,1.772337354E2
3.040870208E2,2.413672465E-2,6.811697385E-4,1.594997360E-3,9.997071624E-1,1.772338665E2,1.846042066E-1,-7.362191751E-2,1.772337437E2
3.040920208E2,2.413424394E-2,6.834500819E-4,1.594200963E-3,9.997072220E-1,1.772341508E2,1.845190972E-1,-7.388580988E-2,1.772340277E2
3.040970208E2,2.412211830E-2,6.913581747E-4,1.587410457E-3,9.997075200E-1,1.772355407E2,1.837621537E-1,-7.481275503E-2,1.772354166E2
3.041020208E2,2.411716565E-2,6.950311945E-4,1.585983322E-3,9.997076392E-1,1.772361084E2,1.836084449E-1,-7.523838383E-2,1.772359837E2
3.041070208E2,2.411720105E-2,6.940811290E-4,1.585861086E-3,9.997076392E-1,1.772361044E2,1.835918184E-1,-7.512987746E-2,1.772359798E2
3.041120208E2,2.411436023E-2,6.973978016E-4,1.590026077E-3,9.997076988E-1,1.772364300E2,1.840779060E-1,-7.549884123E-2,1.772363045E2
3.041170208E2,2.411467813E-2,6.963799824E-4,1.585644786E-3,9.997076988E-1,1.772363935E2,1.835732032E-1,-7.539429081E-2,1.772362686E2
3.041220208E2,2.412746842E-2,6.883747410E-4,1.582465135E-3,9.997074008E-1,1.772349275E2,1.831877760E-1,-7.448366867E-2,1.772348043E2
3.041270208E2,2.413216195E-2,6.845951430E-4,1.587836887E-3,9.997072816E-1,1.772343895E2,1.837930518E-1,-7.403496979E-2,1.772342666E2
3.041320208E2,2.412950333E-2,6.861497532E-4,1.590040862E-3,9.997073412E-1,1.772346942E2,1.840496379E-1,-7.420745735E-2,1.772345709E2
3.041370208E2,2.413194170E-2,6.844868767E-4,1.591227367E-3,9.997072816E-1,1.772344147E2,1.841811440E-1,-7.401323133E-2,1.772342916E2
3.041420208E2,2.413669235E-2,6.815625820E-4,1.595318317E-3,9.997071624E-1,1.772338702E2,1.846420592E-1,-7.366603909E-2,1.772337473E2
3.041470208E2,2.413911732E-2,6.800292758E-4,1.596632530E-3,9.997071028E-1,1.772335922E2,1.847885500E-1,-7.348630320E-2,1.772334695E2
3.041520208E2,2.414136144E-2,6.779961404E-4,1.600882038E-3,9.997070432E-1,1.772333350E2,1.852699066E-1,-7.324122005E-2,1.772332124E2
3.041570208E2,2.414418956E-2,6.760415854E-4,1.596272923E-3,9.997069836E-1,1.772330108E2,1.847366926E-1,-7.302953868E-2,1.772328889E2
3.041620208E2,2.414140075E-2,6.781340344E-4,1.600230811E-3,9.997070432E-1,1.772333305E2,1.851956875E-1,-7.325881126E-2,1.772332079E2
3.041670208E2,2.414343162E-2,6.766846636E-4,1.607425394E-3,9.997069836E-1,1.772330977E2,1.860160256E-1,-7.307249230E-2,1.772329749E2
3.041720208E2,2.414620970E-2,6.743455888E-4,1.603745040E-3,9.997069240E-1,1.772327792E2,1.855881404E-1,-7.281419944E-2,1.772326571E2
3.041770208E2,2.414387927E-2,6.762312842E-4,1.600879128E-3,9.997069836E-1,1.772330464E2,1.852648742E-1,-7.303858304E-2,1.772329241E2
3.041820208E2,2.414859442E-2,6.734728231E-4,1.605359605E-3,9.997068644E-1,1.772325059E2,1.857708604E-1,-7.270930637E-2,1.772323838E2
3.041870208E2,2.414860894E-2,6.730470923E-4,1.605319674E-3,9.997068644E-1,1.772325042E2,1.857651089E-1,-7.266064330E-2,1.772323822E2
3.041920208E2,2.415144773E-2,6.712989998E-4,1.600456773E-3,9.997068048E-1,1.772321788E2,1.852033907E-1,-7.247331676E-2,1.772320575E2
3.041970208E2,2.415390203E-2,6.701115635E-4,1.601147582E-3,9.997067451E-1,1.772318975E2,1.852794195E-1,-7.233491964E-2,1.772317764E2
3.042020208E2,2.416136023E-2,6.640766514E-4,1.602779841E-3,9.997065663E-1,1.772310426E2,1.854502370E-1,-7.163767066E-2,1.772309225E2
3.042070208E2,2.415851077E-2,6.664178800E-4,1.607575687E-3,9.997066259E-1,1.772313692E2,1.860059191E-1,-7.189312843E-2,1.772312483E2
3.042120208E2,2.416110328E-2,6.651076255E-4,1.606222009E-3,9.997065663E-1,1.772310721E2,1.858474024E-1,-7.174629401E-2,1.772309515E2
3.042170208E2,2.416365817E-2,6.634525489E-4,1.605570898E-3,9.997065067E-1,1.772307792E2,1.857684122E-1,-7.155801982E-2,1.772306590E2
3.042220208E2,2.417080529E-2,6.572355051E-4,1.611874439E-3,9.997063279E-1,1.772299600E2,1.864738246E-1,-7.082701981E-2,1.772298405E2
3.042270208E2,2.416862978E-2,6.595732993E-4,1.606564620E-3,9.997063875E-1,1.772302093E2,1.858718620E-1,-7.110994484E-2,1.772300898E2
3.042320208E2,2.416651425E-2,6.609164993E-4,1.600736054E-3,9.997064471E-1,1.772304518E2,1.852077211E-1,-7.128035406E-2,1.772303325E2
3.042370208E2,2.416885254E-2,6.597773754E-4,1.603125944E-3,9.997063875E-1,1.772301838E2,1.854785143E-1,-7.114280596E-2,1.772300645E2
3.042420208E2,2.416344286E-2,6.624183152E-4,1.609234139E-3,9.997065067E-1,1.772308039E2,1.861851874E-1,-7.142943642E-2,1.772306836E2
3.042470208E2,2.416102705E-2,6.653543096E-4,1.607266138E-3,9.997065663E-1,1.772310808E2,1.859676937E-1,-7.177167685E-2,1.772309601E2
3.042520208E2,2.416160307E-2,6.641600048E-4,1.599080279E-3,9.997065663E-1,1.772310148E2,1.850266696E-1,-7.165741791E-2,1.772308949E2
3.042570208E2,2.416381976E-2,6.633950979E-4,1.603160868E-3,9.997065067E-1,1.772307607E2,1.854921757E-1,-7.155808193E-2,1.772306407E2
3.042620208E2,2.416392324E-2,6.625687238E-4,1.601942466E-3,9.997065067E-1,1.772307488E2,1.853503164E-1,-7.146676887E-2,1.772306291E2
3.042670208E2,2.415919697E-2,6.655622274E-4,1.597586786E-3,9.997066259E-1,1.772312906E2,1.848592876E-1,-7.182263384E-2,1.772311706E2
3.042720208E2,2.415158061E-2,6.713564508E-4,1.598426257E-3,9.997068048E-1,1.772321636E2,1.849709468E-1,-7.248549346E-2,1.772320424E2
3.042770208E2,2.415396447E-2,6.696060882E-4,1.600416959E-3,9.997067451E-1,1.772318904E2,1.851943258E-1,-7.227902416E-2,1.772317694E2
3.042820208E2,2.414901032E-2,6.730700261E-4,1.599260722E-3,9.997068644E-1,1.772324582E2,1.850710980E-1,-7.267996350E-2,1.772323367E2
3.042870208E2,2.414665593E-2,6.752441986E-4,1.596632646E-3,9.997069240E-1,1.772327281E2,1.847758755E-1,-7.293674048E-2,1.772326063E2
3.042920208E2,2.414386033E-2,6.767915911E-4,1.600927906E-3,9.997069836E-1,1.772330485E2,1.852720111E-1,-7.310263924E-2,1.772329262E2
3.042970208E2,2.415134622E-2,6.715358468E-4,1.601888682E-3,9.997068048E-1,1.772321905E2,1.853680760E-1,-7.249650524E-2,1.772320690E2
3.043020208E2,2.415373703E-2,6.696464261E-4,1.603828976E-3,9.997067451E-1,1.772319164E2,1.855852960E-1,-7.227424307E-2,1.772317952E2
3.043070208E2,2.415137745E-2,6.706159911E-4,1.601803117E-3,9.997068048E-1,1.772321869E2,1.853557300E-1,-7.239135944E-2,1.772320656E2
3.043120208E2,2.415655895E-2,6.671975716E-4,1.599495998E-3,9.997066855E-1,1.772315930E2,1.850823416E-1,-7.200517819E-2,1.772314725E2
3.043170208E2,2.415624218E-2,6.682989188E-4,1.603814424E-3,9.997066855E-1,1.772316293E2,1.855800796E-1,-7.211945057E-2,1.772315083E2
3.043220208E2,2.414622094E-2,6.755865179E-4,1.603053417E-3,9.997069240E-1,1.772327780E2,1.855123440E-1,-7.295826951E-2,1.772326557E2
3.043270208E2,2.414627806E-2,6.754060159E-4,1.602268894E-3,9.997069240E-1,1.772327714E2,1.854219750E-1,-7.293975181E-2,1.772326492E2
3.043320208E2,2.415110286E-2,6.713111070E-4,1.605647500E-3,9.997068048E-1,1.772322184E2,1.857980403E-1,-7.246040158E-2,1.772320967E2
3.043370208E2,2.414862312E-2,6.737089716E-4,1.604828634E-3,9.997068644E-1,1.772325026E2,1.857106890E-1,-7.273782312E-2,1.772323805E2
3.043420208E2,2.414639865E-2,6.754455972E-4,1.600433956E-3,9.997069240E-1,1.772327576E2,1.852118858E-1,-7.294934124E-2,1.772326355E2
3.043470208E2,2.414859246E-2,6.737902295E-4,1.605255879E-3,9.997068644E-1,1.772325061E2,1.857598560E-1,-7.274595523E-2,1.772323840E2
3.043520208E2,2.415317689E-2,6.699701771E-4,1.612107968E-3,9.997067451E-1,1.772319806E2,1.865345793E-1,-7.228852010E-2,1.772318587E2
3.043570208E2,2.415347299E-2,6.694666226E-4,1.607875340E-3,9.997067451E-1,1.772319467E2,1.860483239E-1,-7.224249419E-2,1.772318252E2
3.043620208E2,2.414327793E-2,6.768991589E-4,1.609641942E-3,9.997069836E-1,1.772331153E2,1.862705320E-1,-7.309096043E-2,1.772329923E2
3.043670208E2,2.414837132E-2,6.731989561E-4,1.608826686E-3,9.997068644E-1,1.772325315E2,1.861672694E-1,-7.266837963E-2,1.772324092E2
3.043720208E2,2.414780507E-2,6.734066410E-4,1.617217204E-3,9.997068644E-1,1.772325964E2,1.871290069E-1,-7.266905829E-2,1.772324735E2
3.043770208E2,2.414025952E-2,6.781385746E-4,1.617353642E-3,9.997070432E-1,1.772334613E2,1.871571802E-1,-7.321217423E-2,1.772333375E2
3.043820208E2,2.414287044E-2,6.760800024E-4,1.616085297E-3,9.997069836E-1,1.772331620E2,1.870063759E-1,-7.297936861E-2,1.772330387E2
3.043870208E2,2.415026022E-2,6.725261337E-4,1.617767499E-3,9.997068048E-1,1.772323150E2,1.871897893E-1,-7.256620660E-2,1.772321922E2
3.043920208E2,2.414804958E-2,6.726901629E-4,1.613860833E-3,9.997068644E-1,1.772325683E2,1.867425416E-1,-7.259622227E-2,1.772324458E2
3.043970208E2,2.414330283E-2,6.765623111E-4,1.609410043E-3,9.997069836E-1,1.772331124E2,1.862430357E-1,-7.305300879E-2,1.772329895E2
3.044020208E2,2.414596348E-2,6.755600916E-4,1.606937847E-3,9.997069240E-1,1.772328075E2,1.859572460E-1,-7.294454153E-2,1.772326849E2
3.044070208E2,2.415354851E-2,6.695002085E-4,1.606726553E-3,9.997067451E-1,1.772319380E2,1.859168193E-1,-7.224950741E-2,1.772318166E2
3.044120208E2,2.414843779E-2,6.735882489E-4,1.607665559E-3,9.997068644E-1,1.772325238E2,1.860353349E-1,-7.271617708E-2,1.772324016E2
3.044170208E2,2.413852272E-2,6.800522096E-4,1.605587080E-3,9.997071028E-1,1.772336604E2,1.858143886E-1,-7.346427030E-2,1.772335370E2
3.044220208E2,2.413829495E-2,6.794324145E-4,1.609269646E-3,9.997071028E-1,1.772336865E2,1.862345260E-1,-7.338312351E-2,1.772335630E2
3.044270208E2,2.414576492E-2,6.749394233E-4,1.610178966E-3,9.997069240E-1,1.772328302E2,1.863268113E-1,-7.286450767E-2,1.772327075E2
3.044320208E2,2.414029002E-2,6.780404365E-4,1.616939553E-3,9.997070432E-1,1.772334578E2,1.871094735E-1,-7.320207155E-2,1.772333340E2
3.044370208E2,2.413307746E-2,6.835315726E-4,1.611728338E-3,9.997072220E-1,1.772342845E2,1.865271443E-1,-7.384688733E-2,1.772341601E2
3.044420208E2,2.413519579E-2,6.822980940E-4,1.617491595E-3,9.997071624E-1,1.772340417E2,1.871841184E-1,-7.368924708E-2,1.772339171E2
3.044470208E2,2.413248070E-2,6.843304727E-4,1.620301977E-3,9.997072220E-1,1.772343529E2,1.875114923E-1,-7.391480866E-2,1.772342277E2
3.044520208E2,2.411974001E-2,6.922621978E-4,1.622761250E-3,9.997075200E-1,1.772358133E2,1.878142064E-1,-7.481904407E-2,1.772356864E2
3.044570208E2,2.411957174E-2,6.916263374E-4,1.625531120E-3,9.997075200E-1,1.772358326E2,1.881297481E-1,-7.473857672E-2,1.772357056E2
3.044620208E2,2.412457036E-2,6.898302818E-4,1.625431352E-3,9.997074008E-1,1.772352596E2,1.881137267E-1,-7.453215921E-2,1.772351330E2
3.044670208E2,2.412223640E-2,6.899992586E-4,1.623337856E-3,9.997074604E-1,1.772355272E2,1.878741922E-1,-7.455774317E-2,1.772354006E2
3.044720208E2,2.411976517E-2,6.919911248E-4,1.622502925E-3,9.997075200E-1,1.772358104E2,1.877838656E-1,-7.478869976E-2,1.772356836E2
3.044770208E2,2.412225775E-2,6.912197568E-4,1.622501179E-3,9.997074604E-1,1.772355247E2,1.877817195E-1,-7.469986995E-2,1.772353980E2
3.044820208E2,2.412717954E-2,6.879163557E-4,1.624173950E-3,9.997073412E-1,1.772349606E2,1.879645830E-1,-7.431588916E-2,1.772348344E2
3.044870208E2,2.412258829E-2,6.906912313E-4,1.617805217E-3,9.997074604E-1,1.772354868E2,1.872423211E-1,-7.465224239E-2,1.772353606E2
3.044920208E2,2.412276536E-2,6.900322041E-4,1.615444431E-3,9.997074604E-1,1.772354665E2,1.869700643E-1,-7.458323849E-2,1.772353406E2
3.044970208E2,2.412239626E-2,6.900728331E-4,1.620929339E-3,9.997074604E-1,1.772355089E2,1.875984916E-1,-7.457279967E-2,1.772353825E2
3.045020208E2,2.412946783E-2,6.849247729E-4,1.628126949E-3,9.997072816E-1,1.772346983E2,1.884093294E-1,-7.396181833E-2,1.772345724E2
3.045070208E2,2.412207956E-2,6.914463593E-4,1.625051722E-3,9.997074604E-1,1.772355452E2,1.880745189E-1,-7.471881205E-2,1.772354182E2
3.045120208E2,2.412255529E-2,6.905889022E-4,1.618340728E-3,9.997074604E-1,1.772354906E2,1.873033830E-1,-7.463904560E-2,1.772353643E2
3.045170208E2,2.412239012E-2,6.903156172E-4,1.620917348E-3,9.997074604E-1,1.772355096E2,1.875977887E-1,-7.460064686E-2,1.772353831E2
3.045220208E2,2.412730494E-2,6.873126840E-4,1.622565906E-3,9.997073412E-1,1.772349462E2,1.877787080E-1,-7.425115624E-2,1.772348202E2
3.045270208E2,2.412757610E-2,6.874305545E-4,1.618478680E-3,9.997073412E-1,1.772349151E2,1.873108279E-1,-7.427590928E-2,1.772347894E2
3.045320208E2,2.412015662E-2,6.920657470E-4,1.616641297E-3,9.997075200E-1,1.772357656E2,1.871126022E-1,-7.481337691E-2,1.772356391E2
3.045370208E2,2.412264273E-2,6.910116645E-4,1.616856316E-3,9.997074604E-1,1.772354806E2,1.871345064E-1,-7.469156353E-2,1.772353544E2
3.045420208E2,2.412750723E-2,6.878971471E-4,1.619306859E-3,9.997073412E-1,1.772349230E2,1.874069879E-1,-7.432708427E-2,1.772347972E2
3.045470208E2,2.411758077E-2,6.933031254E-4,1.617681468E-3,9.997075796E-1,1.772360608E2,1.872349900E-1,-7.495273592E-2,1.772359341E2
3.045520208E2,2.412019297E-2,6.917396095E-4,1.616238500E-3,9.997075200E-1,1.772357614E2,1.870655596E-1,-7.477712179E-2,1.772356351E2
3.045570208E2,2.413025600E-2,6.846016622E-4,1.616540365E-3,9.997072816E-1,1.772346079E2,1.870811535E-1,-7.395669469E-2,1.772344829E2
3.045620208E2,2.412752721E-2,6.864540046E-4,1.619621646E-3,9.997073412E-1,1.772349207E2,1.874390603E-1,-7.416088654E-2,1.772347951E2
3.045670208E2,2.412033709E-2,6.913301768E-4,1.614261651E-3,9.997075200E-1,1.772357449E2,1.868379739E-1,-7.473565524E-2,1.772356188E2
3.045720208E2,2.412749650E-2,6.879079156E-4,1.619462273E-3,9.997073412E-1,1.772349242E2,1.874248209E-1,-7.432789018E-2,1.772347984E2
3.045770208E2,2.411967513E-2,6.920469459E-4,1.623817137E-3,9.997075200E-1,1.772358208E2,1.879345673E-1,-7.479147889E-2,1.772356938E2
3.045820208E2,2.411213107E-2,6.981179467E-4,1.623170567E-3,9.997076988E-1,1.772366855E2,1.878767095E-1,-7.549016605E-2,1.772365574E2
3.045870208E2,2.410740118E-2,7.014089497E-4,1.618579961E-3,9.997078180E-1,1.772372277E2,1.873595523E-1,-7.588074823E-2,1.772370993E2
3.045920208E2,2.410727938E-2,7.016193122E-4,1.620301977E-3,9.997078180E-1,1.772372416E2,1.875573957E-1,-7.590011251E-2,1.772371131E2
3.045970208E2,2.410456567E-2,7.028698456E-4,1.623354736E-3,9.997078776E-1,1.772375527E2,1.879103638E-1,-7.603544772E-2,1.772374237E2
3.046020208E2,2.409961685E-2,7.054707385E-4,1.622289303E-3,9.997079968E-1,1.772381199E2,1.877951167E-1,-7.633727384E-2,1.772379905E2
3.046070208E2,2.410700426E-2,7.016154705E-4,1.624391763E-3,9.997078180E-1,1.772372732E2,1.880258840E-1,-7.588842561E-2,1.772371443E2
3.046120208E2,2.411710333E-2,6.932349643E-4,1.624812954E-3,9.997075796E-1,1.772361156E2,1.880517378E-1,-7.492530730E-2,1.772359883E2
3.046170208E2,2.411946208E-2,6.928914809E-4,1.626619021E-3,9.997075200E-1,1.772358452E2,1.882578654E-1,-7.488052279E-2,1.772357178E2
3.046220208E2,2.411186416E-2,6.974127027E-4,1.627432997E-3,9.997076988E-1,1.772367161E2,1.883630380E-1,-7.539764706E-2,1.772365878E2
3.046270208E2,2.411686259E-2,6.933367695E-4,1.628338941E-3,9.997075796E-1,1.772361432E2,1.884559328E-1,-7.492727035E-2,1.772360156E2
3.046320208E2,2.412167759E-2,6.905774935E-4,1.631375751E-3,9.997074604E-1,1.772355912E2,1.887965578E-1,-7.460187074E-2,1.772354640E2
3.046370208E2,2.412371630E-2,6.897528074E-4,1.638090704E-3,9.997074008E-1,1.772353575E2,1.895636843E-1,-7.448844775E-2,1.772352300E2
3.046420208E2,2.412378820E-2,6.888189819E-4,1.637424575E-3,9.997074008E-1,1.772353493E2,1.894847972E-1,-7.438329839E-2,1.772352219E2
3.046470208E2,2.412621708E-2,6.870885263E-4,1.638756017E-3,9.997073412E-1,1.772350709E2,1.896327211E-1,-7.418091922E-2,1.772349438E2
3.046520208E2,2.413107883E-2,6.835032837E-4,1.641392475E-3,9.997072220E-1,1.772345136E2,1.899251949E-1,-7.376198786E-2,1.772343870E2
3.046570208E2,2.413102886E-2,6.842740113E-4,1.641805866E-3,9.997072220E-1,1.772345193E2,1.899746801E-1,-7.384914725E-2,1.772343925E2
3.046620208E2,2.413636791E-2,6.813069340E-4,1.637139358E-3,9.997071028E-1,1.772339074E2,1.894322793E-1,-7.352113747E-2,1.772337815E2
3.046670208E2,2.415133225E-2,6.705685519E-4,1.639266498E-3,9.997067451E-1,1.772321921E2,1.896473386E-1,-7.228224716E-2,1.772320681E2
3.046720208E2,2.415623763E-2,6.665532128E-4,1.641324256E-3,9.997066259E-1,1.772316298E2,1.898723102E-1,-7.181563112E-2,1.772315065E2
3.046770208E2,2.415869217E-2,6.658200873E-4,1.641799463E-3,9.997065663E-1,1.772313484E2,1.899248957E-1,-7.172986395E-2,1.772312252E2
3.046820208E2,2.415154055E-2,6.705042906E-4,1.636221074E-3,9.997067451E-1,1.772321682E2,1.892982970E-1,-7.228327480E-2,1.772320445E2
3.046870208E2,2.415399754E-2,6.682508974E-4,1.637291745E-3,9.997066855E-1,1.772318866E2,1.894148911E-1,-7.202170178E-2,1.772317632E2
3.046920208E2,2.414868191E-2,6.717665237E-4,1.641469891E-3,9.997068048E-1,1.772324959E2,1.899028796E-1,-7.241388961E-2,1.772323715E2
3.046970208E2,2.414380576E-2,6.763759884E-4,1.638701418E-3,9.997069240E-1,1.772330548E2,1.895981292E-1,-7.295052682E-2,1.772329297E2
3.047020208E2,2.414676185E-2,6.740117678E-4,1.632469823E-3,9.997068644E-1,1.772327160E2,1.888779208E-1,-7.269636952E-2,1.772325918E2
3.047070208E2,2.415148356E-2,6.698176730E-4,1.637343084E-3,9.997067451E-1,1.772321747E2,1.894249281E-1,-7.220152269E-2,1.772320510E2
3.047120208E2,2.415384850E-2,6.695851334E-4,1.638944494E-3,9.997066855E-1,1.772319036E2,1.896079099E-1,-7.217000268E-2,1.772317799E2
3.047170208E2,2.414666779E-2,6.745589199E-4,1.633634674E-3,9.997068644E-1,1.772327267E2,1.890128717E-1,-7.275584463E-2,1.772326024E2
3.047220208E2,2.415698543E-2,6.673739990E-4,1.629945240E-3,9.997066259E-1,1.772315441E2,1.885710752E-1,-7.194101739E-2,1.772314214E2
3.047270208E2,2.415685933E-2,6.665893015E-4,1.632133848E-3,9.997066259E-1,1.772315585E2,1.888196170E-1,-7.184508910E-2,1.772314358E2
3.047320208E2,2.414904098E-2,6.720341044E-4,1.636069035E-3,9.997068048E-1,1.772324547E2,1.892849330E-1,-7.245942126E-2,1.772323307E2
3.047370208E2,2.415165864E-2,6.711161113E-4,1.634225948E-3,9.997067451E-1,1.772321547E2,1.890714407E-1,-7.235886331E-2,1.772320309E2
3.047420208E2,2.415401566E-2,6.693318137E-4,1.636582660E-3,9.997066855E-1,1.772318845E2,1.893366530E-1,-7.214748867E-2,1.772317609E2
3.047470208E2,2.415639317E-2,6.675269688E-4,1.638637157E-3,9.997066259E-1,1.772316120E2,1.895671877E-1,-7.193459165E-2,1.772314886E2
3.047520208E2,2.415673184E-2,6.675296463E-4,1.633635722E-3,9.997066259E-1,1.772315731E2,1.889942634E-1,-7.194867956E-2,1.772314502E2
3.047570208E2,2.415213794E-2,6.698769284E-4,1.627637539E-3,9.997067451E-1,1.772320997E2,1.883132881E-1,-7.223504948E-2,1.772319767E2
3.047620208E2,2.415209553E-2,6.698424113E-4,1.628280967E-3,9.997067451E-1,1.772321046E2,1.883868995E-1,-7.222932241E-2,1.772319815E2
3.047670208E2,2.415193094E-2,6.702076062E-4,1.630570390E-3,9.997067451E-1,1.772321234E2,1.886501710E-1,-7.226485290E-2,1.772320002E2
3.047720208E2,2.414929729E-2,6.724410923E-4,1.632113708E-3,9.997068048E-1,1.772324253E2,1.888329622E-1,-7.251694256E-2,1.772323015E2
3.047770208E2,2.414676565E-2,6.742424448E-4,1.632318366E-3,9.997068644E-1,1.772327155E2,1.888612089E-1,-7.272321379E-2,1.772325913E2
3.047820208E2,2.414897124E-2,6.722284597E-4,1.637018286E-3,9.997068048E-1,1.772324627E2,1.893942104E-1,-7.247907247E-2,1.772323386E2
3.047870208E2,2.414142877E-2,6.769282627E-4,1.637129812E-3,9.997069836E-1,1.772333273E2,1.894194431E-1,-7.301859298E-2,1.772332022E2
3.047920208E2,2.412907661E-2,6.863733288E-4,1.633306616E-3,9.997072816E-1,1.772347431E2,1.890066807E-1,-7.411351341E-2,1.772346165E2
3.047970208E2,2.413422639E-2,6.815739325E-4,1.632194617E-3,9.997071624E-1,1.772341528E2,1.888663987E-1,-7.356580580E-2,1.772340273E2
3.048020208E2,2.414431874E-2,6.762409466E-4,1.631181804E-3,9.997069240E-1,1.772329960E2,1.887363582E-1,-7.295576517E-2,1.772328715E2
3.048070208E2,2.414429640E-2,6.759701064E-4,1.631624647E-3,9.997069240E-1,1.772329986E2,1.887863386E-1,-7.292351718E-2,1.772328741E2
3.048120208E2,2.413706924E-2,6.804126897E-4,1.627140795E-3,9.997071028E-1,1.772338270E2,1.882844378E-1,-7.344621807E-2,1.772337020E2
3.048170208E2,2.413967720E-2,6.791394553E-4,1.625604113E-3,9.997070432E-1,1.772335280E2,1.881050671E-1,-7.330411864E-2,1.772334034E2
3.048220208E2,2.412685989E-2,6.874005194E-4,1.629133127E-3,9.997073412E-1,1.772349972E2,1.885312483E-1,-7.424314460E-2,1.772348707E2
3.048270208E2,2.411951202E-2,6.932268152E-4,1.625735429E-3,9.997075200E-1,1.772358395E2,1.881575731E-1,-7.492137092E-2,1.772357121E2
3.048320208E2,2.412253296E-2,6.909679505E-4,1.618511858E-3,9.997074604E-1,1.772354932E2,1.873240337E-1,-7.468199976E-2,1.772353668E2
3.048370208E2,2.412239474E-2,6.907227216E-4,1.620675088E-3,9.997074604E-1,1.772355090E2,1.875711616E-1,-7.464795278E-2,1.772353825E2
3.048420208E2,2.412217630E-2,6.912277895E-4,1.623708289E-3,9.997074604E-1,1.772355341E2,1.879200203E-1,-7.469746861E-2,1.772354073E2
3.048470208E2,2.411986365E-2,6.917818100E-4,1.621127594E-3,9.997075200E-1,1.772357992E2,1.876257386E-1,-7.476850406E-2,1.772356724E2
3.048520208E2,2.412503947E-2,6.883256719E-4,1.619094284E-3,9.997074008E-1,1.772352059E2,1.873836370E-1,-7.437722555E-2,1.772350800E2
3.048570208E2,2.413000038E-2,6.861314760E-4,1.619704301E-3,9.997072816E-1,1.772346372E2,1.874478206E-1,-7.412324602E-2,1.772345117E2
3.048620208E2,2.412738742E-2,6.864031311E-4,1.621724223E-3,9.997073412E-1,1.772349367E2,1.876797772E-1,-7.414927131E-2,1.772348110E2
3.048670208E2,2.412010697E-2,6.915624253E-4,1.617597067E-3,9.997075200E-1,1.772357713E2,1.872206987E-1,-7.475308481E-2,1.772356449E2
3.048720208E2,2.412001492E-2,6.923350738E-4,1.618638868E-3,9.997075200E-1,1.772357818E2,1.873421747E-1,-7.483873556E-2,1.772356552E2
3.048770208E2,2.411976477E-2,6.923438050E-4,1.622358453E-3,9.997075200E-1,1.772358105E2,1.877682901E-1,-7.482950153E-2,1.772356836E2
3.048820208E2,2.412243240E-2,6.902100286E-4,1.620332943E-3,9.997074604E-1,1.772355047E2,1.875305514E-1,-7.459015839E-2,1.772353784E2
3.048870208E2,2.411987112E-2,6.925375783E-4,1.620693714E-3,9.997075200E-1,1.772357983E2,1.875781238E-1,-7.485628130E-2,1.772356715E2
3.048920208E2,2.412234875E-2,6.910199299E-4,1.621232834E-3,9.997074604E-1,1.772355143E2,1.876358743E-1,-7.468046722E-2,1.772353877E2
3.048970208E2,2.411946270E-2,6.924089394E-4,1.626815298E-3,9.997075200E-1,1.772358451E2,1.882790166E-1,-7.482470113E-2,1.772357179E2
3.049020208E2,2.411432654E-2,6.961683393E-4,1.628095633E-3,9.997076392E-1,1.772364338E2,1.884356953E-1,-7.525280005E-2,1.772363058E2
3.049070208E2,2.410443689E-2,7.020019111E-4,1.625640783E-3,9.997078776E-1,1.772375674E2,1.881698425E-1,-7.592972824E-2,1.772374384E2
3.049120208E2,2.410680710E-2,7.002952043E-4,1.627883641E-3,9.997078180E-1,1.772372958E2,1.884222455E-1,-7.572756893E-2,1.772371669E2
3.049170208E2,2.410194189E-2,7.041163044E-4,1.625064760E-3,9.997079372E-1,1.772378534E2,1.881095052E-1,-7.617400979E-2,1.772377241E2
3.049220208E2,2.409726251E-2,7.077953778E-4,1.619516755E-3,9.997080564E-1,1.772383898E2,1.874837380E-1,-7.661167881E-2,1.772382601E2
3.049270208E2,2.410246437E-2,7.049663109E-4,1.616926747E-3,9.997079372E-1,1.772377935E2,1.871796144E-1,-7.629376442E-2,1.772376646E2
3.049320208E2,2.410442831E-2,7.033661823E-4,1.625178265E-3,9.997078776E-1,1.772375684E2,1.881206253E-1,-7.608729581E-2,1.772374392E2
3.049370208E2,2.410414799E-2,7.032584399E-4,1.629377133E-3,9.997078776E-1,1.772376006E2,1.886013223E-1,-7.606340741E-2,1.772374710E2
3.049420208E2,2.410433339E-2,7.025878294E-4,1.626921934E-3,9.997078776E-1,1.772375793E2,1.883182199E-1,-7.599333052E-2,1.772374501E2
3.049470208E2,2.410941731E-2,6.997835590E-4,1.626050915E-3,9.997077584E-1,1.772369966E2,1.882110752E-1,-7.567352742E-2,1.772368679E2
3.049520208E2,2.411913239E-2,6.922130706E-4,1.631788327E-3,9.997075200E-1,1.772358830E2,1.888481530E-1,-7.478857963E-2,1.772357554E2
3.049570208E2,2.412692807E-2,6.881015142E-4,1.627826947E-3,9.997073412E-1,1.772349894E2,1.883835578E-1,-7.432704778E-2,1.772348629E2
3.049620208E2,2.412216695E-2,6.899519358E-4,1.624389668E-3,9.997074604E-1,1.772355351E2,1.879945501E-1,-7.454942746E-2,1.772354085E2
3.049670208E2,2.411982413E-2,6.920977030E-4,1.621580683E-3,9.997075200E-1,1.772358037E2,1.876785140E-1,-7.480344721E-2,1.772356769E2
3.049720208E2,2.411699940E-2,6.939782761E-4,1.626037876E-3,9.997075796E-1,1.772361275E2,1.881941097E-1,-7.500709387E-2,1.772360000E2
3.049770208E2,2.410707908E-2,7.012208225E-4,1.623451477E-3,9.997078180E-1,1.772372646E2,1.879170815E-1,-7.584579905E-2,1.772371359E2
3.049820208E2,2.410205986E-2,7.044984959E-4,1.623148331E-3,9.997079372E-1,1.772378399E2,1.878910266E-1,-7.622306397E-2,1.772377106E2
3.049870208E2,2.410716481E-2,7.004074287E-4,1.622529235E-3,9.997078180E-1,1.772372548E2,1.878091900E-1,-7.575514986E-2,1.772371263E2
3.049920208E2,2.410682544E-2,7.016021409E-4,1.627049060E-3,9.997078180E-1,1.772372937E2,1.883302494E-1,-7.587959126E-2,1.772371646E2
3.049970208E2,2.409447399E-2,7.085920079E-4,1.623858116E-3,9.997081161E-1,1.772387094E2,1.879830639E-1,-7.669147505E-2,1.772385793E2
3.050020208E2,2.409930664E-2,7.061692886E-4,1.626587822E-3,9.997079968E-1,1.772381555E2,1.882894543E-1,-7.640548545E-2,1.772380256E2
3.050070208E2,2.410667315E-2,7.010847330E-4,1.629526610E-3,9.997078180E-1,1.772373111E2,1.886126328E-1,-7.581350231E-2,1.772371820E2
3.050120208E2,2.409633725E-2,7.085227990E-4,1.632910222E-3,9.997080564E-1,1.772384959E2,1.890200116E-1,-7.665820002E-2,1.772383650E2
3.050170208E2,2.408899184E-2,7.127174176E-4,1.629985170E-3,9.997082353E-1,1.772393378E2,1.886959392E-1,-7.714819138E-2,1.772392064E2
3.050220208E2,2.409401296E-2,7.098921342E-4,1.630118815E-3,9.997081161E-1,1.772387623E2,1.887038352E-1,-7.682321537E-2,1.772386314E2
3.050270208E2,2.409608292E-2,7.084339741E-4,1.636697445E-3,9.997080564E-1,1.772385250E2,1.894536054E-1,-7.663761467E-2,1.772383939E2
3.050320208E2,2.409362726E-2,7.094873581E-4,1.635985333E-3,9.997081161E-1,1.772388065E2,1.893747474E-1,-7.676071996E-2,1.772386753E2
3.050370208E2,2.409656375E-2,7.073950255E-4,1.630054205E-3,9.997080564E-1,1.772384699E2,1.886897333E-1,-7.653684815E-2,1.772383395E2
3.050420208E2,2.410692195E-2,7.004171493E-4,1.626129379E-3,9.997078180E-1,1.772372826E2,1.882216255E-1,-7.574636337E-2,1.772371538E2
3.050470208E2,2.410680933E-2,7.005506777E-4,1.627740683E-3,9.997078180E-1,1.772372955E2,1.884065745E-1,-7.575722999E-2,1.772371666E2
3.050520208E2,2.410677272E-2,7.015170995E-4,1.627866644E-3,9.997078180E-1,1.772372997E2,1.884236717E-1,-7.586760038E-2,1.772371706E2
3.050570208E2,2.411219603E-2,6.973745185E-4,1.622524927E-3,9.997076988E-1,1.772366781E2,1.878006966E-1,-7.540677213E-2,1.772365502E2
3.050620208E2,2.411231517E-2,6.969367387E-4,1.620941795E-3,9.997076988E-1,1.772366644E2,1.876181346E-1,-7.536097303E-2,1.772365367E2
3.050670208E2,2.410965369E-2,6.999087636E-4,1.622488257E-3,9.997077584E-1,1.772369695E2,1.878033063E-1,-7.569766938E-2,1.772368411E2
3.050720208E2,2.411234018E-2,6.972440169E-4,1.620437601E-3,9.997076988E-1,1.772366615E2,1.875612259E-1,-7.539756274E-2,1.772365338E2
3.050770208E2,2.411244017E-2,6.971938419E-4,1.618970535E-3,9.997076988E-1,1.772366501E2,1.873930299E-1,-7.539584984E-2,1.772365225E2
3.050820208E2,2.411458293E-2,6.949583767E-4,1.624811790E-3,9.997076392E-1,1.772364045E2,1.880561786E-1,-7.512321547E-2,1.772362769E2
3.050870208E2,2.412202231E-2,6.900756271E-4,1.626483630E-3,9.997074604E-1,1.772355517E2,1.882347624E-1,-7.455783613E-2,1.772354249E2
3.050920208E2,2.412448268E-2,6.897377316E-4,1.626771525E-3,9.997074008E-1,1.772352697E2,1.882669924E-1,-7.451786830E-2,1.772351430E2
3.050970208E2,2.413984875E-2,6.793226930E-4,1.622978016E-3,9.997070432E-1,1.772335084E2,1.878047452E-1,-7.333234242E-2,1.772333839E2
3.051020208E2,2.425579583E-2,6.017905544E-4,1.576353563E-3,9.997043610E-1,1.772202179E2,1.822565147E-1,-6.455825455E-2,1.772201113E2
3.051070208E2,2.427448783E-2,5.900373799E-4,1.518820063E-3,9.997040033E-1,1.772180753E2,1.756341033E-1,-6.336847489E-2,1.772179745E2
3.051120208E2,2.413488895E-2,6.831659121E-4,1.584528596E-3,9.997072220E-1,1.772340769E2,1.834103080E-1,-7.387988854E-2,1.772339545E2
3.051170208E2,2.420354030E-2,6.363712600E-4,1.609614817E-3,9.997055531E-1,1.772262077E2,1.861594108E-1,-6.843701802E-2,1.772260924E2
3.051220208E2,2.429352493E-2,5.763089284E-4,1.533500617E-3,9.997035265E-1,1.772158932E2,1.772788619E-1,-6.175156193E-2,1.772157939E2
3.051270208E2,2.420903378E-2,6.337494706E-4,1.525855972E-3,9.997055531E-1,1.772255780E2,1.765572524E-1,-6.836801791E-2,1.772254689E2
3.051320208E2,2.420296376E-2,6.370661431E-4,1.580730546E-3,9.997056127E-1,1.772262738E2,1.828523688E-1,-6.859684235E-2,1.772261603E2
3.051370208E2,2.425090546E-2,6.039792206E-4,1.575156813E-3,9.997044802E-1,1.772207785E2,1.821251845E-1,-6.481320058E-2,1.772206715E2
3.051420208E2,2.421555834E-2,6.298044464E-4,1.541036880E-3,9.997053742E-1,1.772248301E2,1.782858469E-1,-6.787280499E-2,1.772247207E2
3.051470208E2,2.420510347E-2,6.358749233E-4,1.548110507E-3,9.997056127E-1,1.772260285E2,1.791123187E-1,-6.855046941E-2,1.772259175E2
3.051520208E2,2.421579274E-2,6.287208525E-4,1.576064737E-3,9.997053146E-1,1.772248033E2,1.822955821E-1,-6.765142533E-2,1.772246917E2
3.051570208E2,2.417812391E-2,6.538059679E-4,1.577065908E-3,9.997062087E-1,1.772291211E2,1.824772350E-1,-7.052921908E-2,1.772290047E2
3.051620208E2,2.416805256E-2,6.599011831E-4,1.577765448E-3,9.997064471E-1,1.772302755E2,1.825735451E-1,-7.122737539E-2,1.772301580E2
3.051670208E2,2.416692635E-2,6.606898969E-4,1.594596310E-3,9.997064471E-1,1.772304046E2,1.845037642E-1,-7.127132231E-2,1.772302857E2
3.051720208E2,2.413630236E-2,6.816849927E-4,1.601155731E-3,9.997071624E-1,1.772339149E2,1.853110938E-1,-7.366398830E-2,1.772337916E2
3.051770208E2,2.412819932E-2,6.877050037E-4,1.609043800E-3,9.997073412E-1,1.772348437E2,1.862307883E-1,-7.433332048E-2,1.772347186E2
3.051820208E2,2.412254815E-2,6.910428056E-4,1.618253416E-3,9.997074604E-1,1.772354914E2,1.872946350E-1,-7.469128660E-2,1.772353651E2
3.051870208E2,2.410757006E-2,7.000240148E-4,1.616663067E-3,9.997078180E-1,1.772372083E2,1.871361421E-1,-7.572735676E-2,1.772370804E2
3.051920208E2,2.411279755E-2,6.970379618E-4,1.613706467E-3,9.997076988E-1,1.772366091E2,1.867895826E-1,-7.539247148E-2,1.772364819E2
3.051970208E2,2.412244615E-2,6.904260954E-4,1.620036201E-3,9.997074604E-1,1.772355031E2,1.874971554E-1,-7.461572832E-2,1.772353768E2
3.052020208E2,2.411731529E-2,6.941983011E-4,1.621251577E-3,9.997075796E-1,1.772360913E2,1.876464305E-1,-7.504546828E-2,1.772359641E2
3.052070208E2,2.411802480E-2,6.932860124E-4,1.611055224E-3,9.997075796E-1,1.772360099E2,1.864758838E-1,-7.496900628E-2,1.772358837E2
3.052120208E2,2.413556162E-2,6.827044999E-4,1.611851621E-3,9.997071624E-1,1.772339998E2,1.865391633E-1,-7.375133502E-2,1.772338755E2
3.052170208E2,2.413014694E-2,6.852852530E-4,1.617878093E-3,9.997072816E-1,1.772346204E2,1.872362839E-1,-7.403132678E-2,1.772344952E2
3.052220208E2,2.412023034E-2,6.913410616E-4,1.615851186E-3,9.997075200E-1,1.772357571E2,1.870200906E-1,-7.473252850E-2,1.772356309E2
3.052270208E2,2.412559516E-2,6.880381261E-4,1.610915875E-3,9.997074008E-1,1.772351422E2,1.864459777E-1,-7.436679170E-2,1.772350169E2
3.052320208E2,2.414031546E-2,6.779147661E-4,1.616612426E-3,9.997070432E-1,1.772334549E2,1.870716525E-1,-7.318857521E-2,1.772333311E2
3.052370208E2,2.412981094E-2,6.852041697E-4,1.622915966E-3,9.997072816E-1,1.772346589E2,1.878131655E-1,-7.400817024E-2,1.772345334E2
3.052420208E2,2.412242684E-2,6.902840687E-4,1.620384166E-3,9.997074604E-1,1.772355054E2,1.875366237E-1,-7.459849973E-2,1.772353790E2
3.052470208E2,2.412258018E-2,6.897656713E-4,1.618320821E-3,9.997074604E-1,1.772354878E2,1.872988284E-1,-7.454478821E-2,1.772353617E2
3.052520208E2,2.412219825E-2,6.908660871E-4,1.623535994E-3,9.997074604E-1,1.772355316E2,1.878992842E-1,-7.465650483E-2,1.772354048E2
3.052570208E2,2.411449782E-2,6.965186330E-4,1.625406789E-3,9.997076392E-1,1.772364142E2,1.881286464E-1,-7.530032723E-2,1.772362863E2
3.052620208E2,2.411762093E-2,6.935120909E-4,1.616992988E-3,9.997075796E-1,1.772360562E2,1.871566994E-1,-7.497856991E-2,1.772359295E2
3.052670208E2,2.412491060E-2,6.891953526E-4,1.620643772E-3,9.997074008E-1,1.772352206E2,1.875635389E-1,-7.447259487E-2,1.772350945E2
3.052720208E2,2.412455769E-2,6.889815559E-4,1.625979319E-3,9.997074008E-1,1.772352611E2,1.881741534E-1,-7.443341828E-2,1.772351346E2
3.052770208E2,2.412744978E-2,6.865171599E-4,1.620747847E-3,9.997073412E-1,1.772349296E2,1.875682451E-1,-7.416502214E-2,1.772348039E2
3.052820208E2,2.412507614E-2,6.880430738E-4,1.618667971E-3,9.997074008E-1,1.772352017E2,1.873340207E-1,-7.434602338E-2,1.772350759E2
3.052870208E2,2.412968915E-2,6.848750636E-4,1.624864526E-3,9.997072816E-1,1.772346729E2,1.880354703E-1,-7.396510322E-2,1.772345472E2
3.052920208E2,2.412435744E-2,6.886639749E-4,1.629082020E-3,9.997074008E-1,1.772352841E2,1.885287010E-1,-7.438849684E-2,1.772351573E2
3.052970208E2,2.412202648E-2,6.906043855E-4,1.626197365E-3,9.997074604E-1,1.772355512E2,1.882034303E-1,-7.461920022E-2,1.772354244E2
3.053020208E2,2.411711562E-2,6.947901566E-4,1.623966033E-3,9.997075796E-1,1.772361141E2,1.879590153E-1,-7.510580552E-2,1.772359866E2
3.053070208E2,2.411696149E-2,6.942761829E-4,1.626472920E-3,9.997075796E-1,1.772361318E2,1.882447682E-1,-7.504002630E-2,1.772360042E2
3.053120208E2,2.411940287E-2,6.929400261E-4,1.627476071E-3,9.997075200E-1,1.772358520E2,1.883561774E-1,-7.488372629E-2,1.772357246E2
3.053170208E2,2.411965810E-2,6.925424095E-4,1.623858814E-3,9.997075200E-1,1.772358227E2,1.879407101E-1,-7.484812626E-2,1.772356957E2
3.053220208E2,2.412215134E-2,6.901642773E-4,1.624531229E-3,9.997074604E-1,1.772355369E2,1.880113530E-1,-7.457336451E-2,1.772354103E2
3.053270208E2,2.412950308E-2,6.863785675E-4,1.626991900E-3,9.997072816E-1,1.772346942E2,1.882833229E-1,-7.413149416E-2,1.772345681E2
3.053320208E2,2.412181712E-2,6.908647483E-4,1.629189472E-3,9.997074604E-1,1.772355752E2,1.885469056E-1,-7.464079526E-2,1.772354481E2
3.053370208E2,2.411689793E-2,6.948157679E-4,1.627184683E-3,9.997075796E-1,1.772361391E2,1.883277934E-1,-7.509988498E-2,1.772360113E2
3.053420208E2,2.412150828E-2,6.911421660E-4,1.633638400E-3,9.997074604E-1,1.772356106E2,1.890573117E-1,-7.466033598E-2,1.772354831E2
3.053470208E2,2.412865339E-2,6.863199524E-4,1.639569295E-3,9.997072816E-1,1.772347916E2,1.897239443E-1,-7.409016197E-2,1.772346646E2
3.053520208E2,2.411122803E-2,6.971156690E-4,1.636957051E-3,9.997076988E-1,1.772367890E2,1.894532303E-1,-7.533742361E-2,1.772366601E2
3.053570208E2,2.410653799E-2,7.002585917E-4,1.631879597E-3,9.997078180E-1,1.772373266E2,1.888798946E-1,-7.571238639E-2,1.772371975E2
3.053620208E2,2.410842577E-2,6.999996840E-4,1.640594099E-3,9.997077584E-1,1.772371102E2,1.898776423E-1,-7.565829371E-2,1.772369805E2
3.053670208E2,2.410562547E-2,7.019828772E-4,1.644569216E-3,9.997078180E-1,1.772374312E2,1.903382928E-1,-7.587503546E-2,1.772373008E2
3.053720208E2,2.409308817E-2,7.095439942E-4,1.643880852E-3,9.997081161E-1,1.772388683E2,1.902793615E-1,-7.674551066E-2,1.772387364E2
3.053770208E2,2.409592799E-2,7.076572510E-4,1.639312250E-3,9.997080564E-1,1.772385428E2,1.897509967E-1,-7.654144375E-2,1.772384116E2
3.053820208E2,2.410331632E-2,7.035597810E-4,1.641504932E-3,9.997078776E-1,1.772376959E2,1.899914338E-1,-7.606458632E-2,1.772375654E2
3.053870208E2,2.410065000E-2,7.048531552E-4,1.643797383E-3,9.997079372E-1,1.772380015E2,1.902574231E-1,-7.620692815E-2,1.772378706E2
3.053920208E2,2.409333890E-2,7.094074390E-4,1.640261151E-3,9.997081161E-1,1.772388396E2,1.898643360E-1,-7.673981354E-2,1.772387080E2
3.053970208E2,2.409593866E-2,7.076003822E-4,1.639180002E-3,9.997080564E-1,1.772385416E2,1.897356904E-1,-7.653529211E-2,1.772384104E2
3.054020208E2,2.409815125E-2,7.065761602E-4,1.643441501E-3,9.997079968E-1,1.772382879E2,1.902212220E-1,-7.640577074E-2,1.772381567E2
3.054070208E2,2.409331973E-2,7.092151791E-4,1.640625764E-3,9.997081161E-1,1.772388417E2,1.899055731E-1,-7.671678553E-2,1.772387102E2
3.054120208E2,2.409365422E-2,7.098068600E-4,1.635449589E-3,9.997081161E-1,1.772388034E2,1.893142577E-1,-7.679879561E-2,1.772386721E2
3.054170208E2,2.409630635E-2,7.075719186E-4,1.633778214E-3,9.997080564E-1,1.772384994E2,1.891168192E-1,-7.654687792E-2,1.772383687E2
3.054220208E2,2.410103225E-2,7.046618848E-4,1.638265559E-3,9.997079372E-1,1.772379577E2,1.896232065E-1,-7.620022222E-2,1.772378272E2
3.054270208E2,2.409346628E-2,7.089744322E-4,1.638576388E-3,9.997081161E-1,1.772388250E2,1.896701462E-1,-7.669483659E-2,1.772386936E2
3.054320208E2,2.409097717E-2,7.107538404E-4,1.638037851E-3,9.997081757E-1,1.772391103E2,1.896131742E-1,-7.690064134E-2,1.772389786E2
3.054370208E2,2.409065065E-2,7.107708370E-4,1.642825664E-3,9.997081757E-1,1.772391477E2,1.901616808E-1,-7.688943256E-2,1.772390157E2
3.054420208E2,2.409566208E-2,7.084152312E-4,1.642889460E-3,9.997080564E-1,1.772385733E2,1.901628694E-1,-7.661844929E-2,1.772384417E2
3.054470208E2,2.408555847E-2,7.149524754E-4,1.643133350E-3,9.997082949E-1,1.772397314E2,1.902080801E-1,-7.736859279E-2,1.772395985E2
3.054520208E2,2.408563200E-2,7.156493375E-4,1.641751616E-3,9.997082949E-1,1.772397230E2,1.900517201E-1,-7.745222384E-2,1.772395901E2
3.054570208E2,2.409281359E-2,7.107063429E-4,1.647399273E-3,9.997081161E-1,1.772388998E2,1.906856149E-1,-7.686900521E-2,1.772387674E2
3.054620208E2,2.408793278E-2,7.127415738E-4,1.645551412E-3,9.997082353E-1,1.772394592E2,1.904791700E-1,-7.710818936E-2,1.772393266E2
3.054670208E2,2.408291589E-2,7.175231003E-4,1.644481556E-3,9.997083545E-1,1.772400343E2,1.903694193E-1,-7.765986087E-2,1.772399008E2
3.054720208E2,2.408791948E-2,7.138992660E-4,1.645244309E-3,9.997082353E-1,1.772394608E2,1.904471837E-1,-7.724166272E-2,1.772393279E2
3.054770208E2,2.409027061E-2,7.113561151E-4,1.648136764E-3,9.997081757E-1,1.772391913E2,1.907716993E-1,-7.694189099E-2,1.772390587E2
3.054820208E2,2.408533491E-2,7.148535806E-4,1.646450022E-3,9.997082949E-1,1.772397570E2,1.905877430E-1,-7.734815172E-2,1.772396239E2
3.054870208E2,2.408319640E-2,7.169189630E-4,1.640632516E-3,9.997083545E-1,1.772400021E2,1.899268332E-1,-7.760122143E-2,1.772398691E2
3.054920208E2,2.408340464E-2,7.163613918E-4,1.637816895E-3,9.997083545E-1,1.772399783E2,1.896027569E-1,-7.754507833E-2,1.772398455E2
3.054970208E2,2.408089562E-2,7.176228683E-4,1.637774636E-3,9.997084141E-1,1.772402659E2,1.896012027E-1,-7.769018326E-2,1.772401329E2
3.055020208E2,2.407607254E-2,7.210330805E-4,1.634415938E-3,9.997085333E-1,1.772408187E2,1.892254700E-1,-7.809103261E-2,1.772406853E2
3.055070208E2,2.407634191E-2,7.216507802E-4,1.630169689E-3,9.997085333E-1,1.772407878E2,1.887407513E-1,-7.817345994E-2,1.772406547E2
3.055120208E2,2.407879090E-2,7.191641489E-4,1.631649211E-3,9.997084737E-1,1.772405071E2,1.889035726E-1,-7.788405104E-2,1.772403743E2
3.055170208E2,2.407574699E-2,7.214168436E-4,1.639035647E-3,9.997085333E-1,1.772408560E2,1.897557308E-1,-7.812231159E-2,1.772407222E2
3.055220208E2,2.406278736E-2,7.296611439E-4,1.643915894E-3,9.997088313E-1,1.772423415E2,1.903365284E-1,-7.905576657E-2,1.772422057E2
3.055270208E2,2.407020047E-2,7.246366586E-4,1.646352001E-3,9.997086525E-1,1.772414918E2,1.906023308E-1,-7.847203937E-2,1.772413568E2
3.055320208E2,2.407760050E-2,7.203009445E-4,1.648626174E-3,9.997084737E-1,1.772406436E2,1.908514734E-1,-7.796766194E-2,1.772405092E2
3.055370208E2,2.408014983E-2,7.186919684E-4,1.648237929E-3,9.997084141E-1,1.772403513E2,1.908027550E-1,-7.778392522E-2,1.772402174E2
3.055420208E2,2.408506790E-2,7.155458443E-4,1.650051447E-3,9.997082949E-1,1.772397876E2,1.910022072E-1,-7.741756687E-2,1.772396541E2
3.055470208E2,2.408795383E-2,7.127832505E-4,1.645225217E-3,9.997082353E-1,1.772394568E2,1.904419182E-1,-7.711386019E-2,1.772393242E2
3.055520208E2,2.410071697E-2,7.048813859E-4,1.642803079E-3,9.997079372E-1,1.772379938E2,1.901436003E-1,-7.621289560E-2,1.772378630E2
3.055570208E2,2.409858452E-2,7.062886725E-4,1.637200010E-3,9.997079968E-1,1.772382383E2,1.895054452E-1,-7.638999093E-2,1.772381076E2
3.055620208E2,2.408832486E-2,7.129290025E-4,1.639720518E-3,9.997082353E-1,1.772394143E2,1.898117390E-1,-7.714568206E-2,1.772392821E2
3.055670208E2,2.409866461E-2,7.066469989E-4,1.635866007E-3,9.997079968E-1,1.772382291E2,1.893536196E-1,-7.643470899E-2,1.772380984E2
3.055720208E2,2.410369736E-2,7.033391739E-4,1.635995111E-3,9.997078776E-1,1.772376522E2,1.893596566E-1,-7.605446089E-2,1.772375222E2
3.055770208E2,2.410122668E-2,7.051225402E-4,1.635204186E-3,9.997079372E-1,1.772379354E2,1.892737874E-1,-7.626141247E-2,1.772378051E2
3.055820208E2,2.410417021E-2,7.028963300E-4,1.629204606E-3,9.997078776E-1,1.772375980E2,1.885805592E-1,-7.602239716E-2,1.772374686E2
3.055870208E2,2.410148248E-2,7.045790553E-4,1.631664345E-3,9.997079372E-1,1.772379061E2,1.888667869E-1,-7.620888033E-2,1.772377761E2
3.055920208E2,2.416414016E-2,6.617457839E-4,1.635848545E-3,9.997064471E-1,1.772307240E2,1.892322761E-1,-7.127856394E-2,1.772306019E2
3.055970208E2,2.422513789E-2,4.833471903E-4,1.440063817E-3,9.997053742E-1,1.772237321E2,1.663126095E-1,-5.137358453E-2,1.772236543E2
3.056020208E2,2.430350091E-2,5.763986846E-4,1.450884389E-3,9.997034073E-1,1.772147497E2,1.678153875E-1,-6.199016763E-2,1.772146555E2
3.056070208E2,2.418652907E-2,6.413251394E-4,1.566624152E-3,9.997060299E-1,1.772281576E2,1.812470430E-1,-6.912684860E-2,1.772280443E2
3.056120208E2,2.422554773E-2,4.644318542E-4,1.480212319E-3,9.997053146E-1,1.772236851E2,1.708594517E-1,-4.909515963E-2,1.772236086E2
3.056170208E2,2.426767372E-2,4.798689333E-4,1.342409640E-3,9.997044802E-1,1.772188564E2,1.551180589E-1,-5.123961826E-2,1.772187842E2
3.056220208E2,2.422003660E-2,5.295302253E-4,1.384419156E-3,9.997055531E-1,1.772243168E2,1.600659889E-1,-5.681950324E-2,1.772242344E2
3.056270208E2,2.424539457E-2,4.703722952E-4,1.475423109E-3,9.997048378E-1,1.772214102E2,1.703282897E-1,-4.978559752E-2,1.772213328E2
3.056320208E2,2.424711452E-2,4.980953527E-4,1.437574159E-3,9.997048378E-1,1.772212130E2,1.660695099E-1,-5.306636260E-2,1.772211329E2
3.056370208E2,2.422442977E-2,5.164584727E-4,1.398503780E-3,9.997054338E-1,1.772238133E2,1.616434569E-1,-5.528222932E-2,1.772237322E2
3.056420208E2,2.423504701E-2,4.807463265E-4,1.439718646E-3,9.997051358E-1,1.772225963E2,1.662663530E-1,-5.107494544E-2,1.772225189E2
3.056470208E2,2.426513678E-2,5.213709082E-4,1.497049467E-3,9.997043014E-1,1.772191472E2,1.729485629E-1,-5.556438190E-2,1.772190599E2
3.056520208E2,2.422180480E-2,5.672008847E-4,1.505438006E-3,9.997053146E-1,1.772241141E2,1.740343483E-1,-6.079877620E-2,1.772240182E2
3.056570208E2,2.423690339E-2,5.354068708E-4,1.511550974E-3,9.997049570E-1,1.772223835E2,1.746472446E-1,-5.713691785E-2,1.772222928E2
3.056620208E2,2.425656649E-2,5.632708780E-4,1.540521975E-3,9.997044206E-1,1.772201296E2,1.780446874E-1,-6.024498923E-2,1.772200322E2
3.056670208E2,2.424287834E-2,6.203131052E-4,1.578880940E-3,9.997046590E-1,1.772216986E2,1.825966741E-1,-6.667548984E-2,1.772215883E2
3.056720208E2,2.423821556E-2,6.343504647E-4,1.606902340E-3,9.997047186E-1,1.772222331E2,1.858454348E-1,-6.820659739E-2,1.772221183E2
3.056770208E2,2.425639413E-2,6.484332262E-4,1.623545540E-3,9.997042418E-1,1.772201493E2,1.877924366E-1,-6.977024375E-2,1.772200307E2
3.056820208E2,2.427250878E-2,6.715161144E-4,1.630221959E-3,9.997038245E-1,1.772183022E2,1.886226101E-1,-7.239296750E-2,1.772181787E2
3.056870208E2,2.427005037E-2,6.537583540E-4,1.637473935E-3,9.997038841E-1,1.772185840E2,1.894038108E-1,-7.033897408E-2,1.772184634E2
3.056920208E2,2.426529536E-2,6.544020725E-4,1.634905813E-3,9.997040033E-1,1.772191290E2,1.891110674E-1,-7.042075910E-2,1.772190085E2
3.056970208E2,2.426740956E-2,6.683655665E-4,1.634323271E-3,9.997039437E-1,1.772188867E2,1.890833168E-1,-7.202160456E-2,1.772187635E2
3.057020208E2,2.426974919E-2,6.586975651E-4,1.639956608E-3,9.997038841E-1,1.772186185E2,1.897019380E-1,-7.089795073E-2,1.772184968E2
3.057070208E2,2.427227010E-2,6.559132598E-4,1.640098053E-3,9.997038245E-1,1.772183295E2,1.897105751E-1,-7.057811545E-2,1.772182084E2
3.057120208E2,2.426226578E-2,6.758520612E-4,1.634694752E-3,9.997040629E-1,1.772194763E2,1.891463195E-1,-7.287918011E-2,1.772193517E2
3.057170208E2,2.425200042E-2,6.762444391E-4,1.641041366E-3,9.997043014E-1,1.772206530E2,1.898737176E-1,-7.290843371E-2,1.772205278E2
3.057220208E2,2.424214712E-2,6.693894975E-4,1.644193544E-3,9.997045398E-1,1.772217824E2,1.902150613E-1,-7.211626152E-2,1.772216583E2
3.057270208E2,2.424232017E-2,6.796937669E-4,1.637400594E-3,9.997045398E-1,1.772217626E2,1.894655150E-1,-7.331553388E-2,1.772216370E2
3.057320208E2,2.420065964E-2,6.833184161E-4,1.633505570E-3,9.997055531E-1,1.772265379E2,1.890263058E-1,-7.374946358E-2,1.772264119E2
3.057370208E2,2.421337589E-2,6.742297555E-4,1.631227904E-3,9.997052550E-1,1.772250803E2,1.887410974E-1,-7.271220200E-2,1.772249562E2
3.057420208E2,2.421553550E-2,6.781413686E-4,1.634074957E-3,9.997051954E-1,1.772248328E2,1.890782634E-1,-7.315199948E-2,1.772247077E2
3.057470208E2,2.421091891E-2,6.812460488E-4,1.628249767E-3,9.997053146E-1,1.772253619E2,1.884192171E-1,-7.352470003E-2,1.772252367E2
3.057520208E2,2.419105093E-2,6.798442337E-4,1.631367952E-3,9.997057915E-1,1.772276393E2,1.887710831E-1,-7.335921136E-2,1.772275141E2
3.057570208E2,2.420101361E-2,6.784526049E-4,1.630286337E-3,9.997055531E-1,1.772264973E2,1.886440465E-1,-7.320090783E-2,1.772263725E2
3.057620208E2,2.420065266E-2,6.809108891E-4,1.634613844E-3,9.997055531E-1,1.772265387E2,1.891465897E-1,-7.347059015E-2,1.772264131E2
3.057670208E2,2.419309377E-2,6.857503322E-4,1.635123626E-3,9.997057319E-1,1.772274052E2,1.892178523E-1,-7.402500330E-2,1.772272786E2
3.057720208E2,2.418600473E-2,6.858106353E-4,1.630639541E-3,9.997059107E-1,1.772282177E2,1.887038055E-1,-7.404568155E-2,1.772280915E2
3.057770208E2,2.418808705E-2,6.880171713E-4,1.635358552E-3,9.997058511E-1,1.772279790E2,1.892506783E-1,-7.428498407E-2,1.772278520E2
3.057820208E2,2.418047266E-2,6.901379675E-4,1.637757290E-3,9.997060299E-1,1.772288518E2,1.895307850E-1,-7.452273258E-2,1.772287242E2
3.057870208E2,2.417363580E-2,6.971943658E-4,1.626507612E-3,9.997062087E-1,1.772296355E2,1.882610810E-1,-7.536355933E-2,1.772295074E2
3.057920208E2,2.419606035E-2,6.943032495E-4,1.624022610E-3,9.997056723E-1,1.772270651E2,1.879700768E-1,-7.503502667E-2,1.772269377E2
3.057970208E2,2.420085629E-2,6.885537296E-4,1.628385624E-3,9.997055531E-1,1.772265154E2,1.884543090E-1,-7.436337207E-2,1.772263887E2
3.058020208E2,2.421048661E-2,6.948097143E-4,1.628946164E-3,9.997053146E-1,1.772254115E2,1.885365983E-1,-7.507667353E-2,1.772252836E2
3.058070208E2,2.421072369E-2,6.928985822E-4,1.626234269E-3,9.997053146E-1,1.772253843E2,1.882206434E-1,-7.486521775E-2,1.772252570E2
3.058120208E2,2.424043570E-2,6.857982953E-4,1.626325655E-3,9.997045994E-1,1.772219786E2,1.882136119E-1,-7.404597691E-2,1.772218526E2
3.058170208E2,2.424753673E-2,6.846798933E-4,1.630851184E-3,9.997044206E-1,1.772211646E2,1.887294658E-1,-7.390394335E-2,1.772210386E2
3.058220208E2,2.422315452E-2,6.879521534E-4,1.626427285E-3,9.997050166E-1,1.772239594E2,1.882299539E-1,-7.429568953E-2,1.772238331E2
3.058270208E2,2.422813296E-2,6.853680243E-4,1.626637881E-3,9.997048974E-1,1.772233888E2,1.882472739E-1,-7.399813535E-2,1.772232629E2
3.058320208E2,2.423521353E-2,6.839093403E-4,1.631662482E-3,9.997047186E-1,1.772225772E2,1.888193554E-1,-7.381574375E-2,1.772224512E2
3.058370208E2,2.423010855E-2,6.884156028E-4,1.632545493E-3,9.997048378E-1,1.772231623E2,1.889326481E-1,-7.433048351E-2,1.772230354E2
3.058420208E2,2.421809377E-2,6.900608423E-4,1.627624268E-3,9.997051358E-1,1.772245395E2,1.883725547E-1,-7.453488718E-2,1.772244127E2
3.058470208E2,2.421557804E-2,6.937127910E-4,1.626892481E-3,9.997051954E-1,1.772248279E2,1.882986702E-1,-7.495575121E-2,1.772247004E2
3.058520208E2,2.421297456E-2,6.933417753E-4,1.629172242E-3,9.997052550E-1,1.772251263E2,1.885586107E-1,-7.490741311E-2,1.772249987E2
3.058570208E2,2.421273830E-2,6.953936536E-4,1.631806954E-3,9.997052550E-1,1.772251534E2,1.888661147E-1,-7.513520584E-2,1.772250252E2
3.058620208E2,2.420335253E-2,6.982969353E-4,1.623722026E-3,9.997054935E-1,1.772262292E2,1.879472678E-1,-7.549199734E-2,1.772261011E2
3.058670208E2,2.420595224E-2,6.944579654E-4,1.623312710E-3,9.997054338E-1,1.772259312E2,1.878899236E-1,-7.505285988E-2,1.772258039E2
3.058720208E2,2.424250066E-2,6.914315163E-4,1.629796228E-3,9.997045398E-1,1.772217419E2,1.886269983E-1,-7.468127558E-2,1.772216146E2
3.058770208E2,2.423981845E-2,6.977476878E-4,1.630437677E-3,9.997045994E-1,1.772220493E2,1.887178277E-1,-7.540356625E-2,1.772219208E2
3.058820208E2,2.427444472E-2,6.982089835E-4,1.626730314E-3,9.997037649E-1,1.772180803E2,1.882970146E-1,-7.546018770E-2,1.772179519E2
3.058870208E2,2.428199520E-2,6.902692840E-4,1.627320889E-3,9.997035861E-1,1.772172148E2,1.883431443E-1,-7.454756898E-2,1.772170879E2
3.058920208E2,2.430385834E-2,6.889664801E-4,1.631041407E-3,9.997030497E-1,1.772147087E2,1.887673605E-1,-7.438384174E-2,1.772145818E2
3.058970208E2,2.429400818E-2,6.954167038E-4,1.628916012E-3,9.997032881E-1,1.772158378E2,1.885411059E-1,-7.513054097E-2,1.772157098E2
3.059020208E2,2.430399509E-2,6.958306185E-4,1.626082230E-3,9.997030497E-1,1.772146931E2,1.882183771E-1,-7.518396708E-2,1.772145652E2
3.059070208E2,2.431370631E-2,6.884196191E-4,1.630631858E-3,9.997028112E-1,1.772135799E2,1.887196523E-1,-7.432047627E-2,1.772134531E2
3.059120208E2,2.430815041E-2,6.958823651E-4,1.637198846E-3,9.997029305E-1,1.772142168E2,1.894923302E-1,-7.515814580E-2,1.772140881E2
3.059170208E2,2.430124523E-2,6.977708545E-4,1.629700302E-3,9.997031093E-1,1.772150083E2,1.886380529E-1,-7.539667776E-2,1.772148798E2
3.059220208E2,2.432858407E-2,6.925393827E-4,1.626230543E-3,9.997024536E-1,1.772118745E2,1.882280400E-1,-7.480188833E-2,1.772117473E2
3.059270208E2,2.432319449E-2,6.983043277E-4,1.631095656E-3,9.997025728E-1,1.772124923E2,1.888010442E-1,-7.544976006E-2,1.772123636E2
3.059320208E2,2.433805366E-2,7.000001497E-4,1.627906226E-3,9.997022152E-1,1.772107891E2,1.884415215E-1,-7.565011842E-2,1.772106603E2
3.059370208E2,2.433809132E-2,6.985591608E-4,1.627962105E-3,9.997022152E-1,1.772107848E2,1.884439064E-1,-7.548487942E-2,1.772106563E2
3.059420208E2,2.437257500E-2,6.948703085E-4,1.626072102E-3,9.997013807E-1,1.772068321E2,1.882196917E-1,-7.506107277E-2,1.772067044E2
3.059470208E2,2.437223467E-2,6.980399485E-4,1.629811246E-3,9.997013807E-1,1.772068711E2,1.886568675E-1,-7.541379913E-2,1.772067425E2
3.059520208E2,2.440694687E-2,6.980607286E-4,1.622175681E-3,9.997005463E-1,1.772028922E2,1.877848318E-1,-7.543098535E-2,1.772027642E2
3.059570208E2,2.440951583E-2,6.964334752E-4,1.620953204E-3,9.997004867E-1,1.772025977E2,1.876404293E-1,-7.524750866E-2,1.772024701E2
3.059620208E2,2.444104437E-2,6.983916974E-4,1.622906886E-3,9.996997118E-1,1.771989837E2,1.878720965E-1,-7.546044725E-2,1.771988556E2
3.059670208E2,2.443592333E-2,7.015736192E-4,1.625215751E-3,9.996998310E-1,1.771995707E2,1.881451190E-1,-7.581945623E-2,1.771994418E2
3.059720208E2,2.448209324E-2,7.044806262E-4,1.625728677E-3,9.996986985E-1,1.771942784E2,1.882155365E-1,-7.614234608E-2,1.771941490E2
3.059770208E2,2.448502741E-2,7.065679529E-4,1.617264352E-3,9.996986389E-1,1.771939421E2,1.872519660E-1,-7.640466183E-2,1.771938129E2
3.059820208E2,2.448493784E-2,7.048132829E-4,1.619384624E-3,9.996986389E-1,1.771939524E2,1.874899282E-1,-7.619771949E-2,1.771938233E2
3.059870208E2,2.448727849E-2,7.028313121E-4,1.621648320E-3,9.996985793E-1,1.771936841E2,1.877438675E-1,-7.596387944E-2,1.771935552E2
3.059920208E2,2.449194394E-2,7.123409305E-4,1.620531315E-3,9.996984601E-1,1.771931493E2,1.876429539E-1,-7.705553220E-2,1.771930187E2
3.059970208E2,2.448972129E-2,7.102628006E-4,1.618262730E-3,9.996985197E-1,1.771934041E2,1.873770667E-1,-7.682425161E-2,1.771932741E2
3.060020208E2,2.452824040E-2,7.046155515E-4,1.626471174E-3,9.996975660E-1,1.771889888E2,1.883044888E-1,-7.614702736E-2,1.771888592E2
3.060070208E2,2.452100325E-2,7.151672035E-4,1.621075091E-3,9.996977448E-1,1.771898183E2,1.877154299E-1,-7.737231899E-2,1.771896872E2
3.060120208E2,2.454067371E-2,7.194962236E-4,1.615547575E-3,9.996972680E-1,1.771875636E2,1.870959107E-1,-7.788008958E-2,1.771874320E2
3.060170208E2,2.455054779E-2,7.101594820E-4,1.617190312E-3,9.996970296E-1,1.771864318E2,1.872585967E-1,-7.680403186E-2,1.771863019E2
3.060220208E2,2.457458462E-2,7.131619495E-4,1.619243645E-3,9.996964335E-1,1.771836765E2,1.875041236E-1,-7.713769996E-2,1.771835459E2
3.060270208E2,2.457185169E-2,7.154513150E-4,1.622904791E-3,9.996964931E-1,1.771839898E2,1.879297704E-1,-7.739016572E-2,1.771838584E2
3.060320208E2,2.459123317E-2,7.119857473E-4,1.624591649E-3,9.996960163E-1,1.771817682E2,1.881147452E-1,-7.698476429E-2,1.771816373E2
3.060370208E2,2.459344094E-2,7.137327921E-4,1.627080725E-3,9.996959567E-1,1.771815151E2,1.884049808E-1,-7.717746959E-2,1.771813837E2
3.060420208E2,2.461015261E-2,7.155014900E-4,1.629969687E-3,9.996955395E-1,1.771795995E2,1.887422107E-1,-7.736878870E-2,1.771794676E2
3.060470208E2,2.461052190E-2,7.120555383E-4,1.625897828E-3,9.996955395E-1,1.771795572E2,1.882660596E-1,-7.698544590E-2,1.771794262E2
3.060520208E2,2.461580436E-2,7.059989148E-4,1.621863805E-3,9.996954203E-1,1.771789517E2,1.877872538E-1,-7.630200385E-2,1.771788222E2
3.060570208E2,2.462042906E-2,7.064270321E-4,1.624955563E-3,9.996953011E-1,1.771784215E2,1.881429975E-1,-7.634145566E-2,1.771782918E2
3.060620208E2,2.463227571E-2,7.125416887E-4,1.626096317E-3,9.996950030E-1,1.771770636E2,1.882918454E-1,-7.703648061E-2,1.771769326E2
3.060670208E2,2.463495236E-2,7.124210824E-4,1.622240059E-3,9.996949434E-1,1.771767568E2,1.878499498E-1,-7.703304679E-2,1.771766261E2
3.060720208E2,2.466121674E-2,7.153348415E-4,1.625937060E-3,9.996942878E-1,1.771737462E2,1.882837261E-1,-7.735145365E-2,1.771736146E2
3.060770208E2,2.465858647E-2,7.149745943E-4,1.629336621E-3,9.996943474E-1,1.771740477E2,1.886719477E-1,-7.730107387E-2,1.771739159E2
3.060820208E2,2.468517531E-2,7.141741808E-4,1.629352453E-3,9.996936917E-1,1.771709999E2,1.886735528E-1,-7.720431838E-2,1.771708683E2
3.060870208E2,2.468041158E-2,7.217085804E-4,1.625050674E-3,9.996938109E-1,1.771715460E2,1.882016981E-1,-7.808049877E-2,1.771714133E2
3.060920208E2,2.468057556E-2,7.227505557E-4,1.622094424E-3,9.996938109E-1,1.771715272E2,1.878659993E-1,-7.820819419E-2,1.771713945E2
3.060970208E2,2.468780373E-2,7.178000524E-4,1.624498982E-3,9.996936321E-1,1.771706986E2,1.881280165E-1,-7.763292066E-2,1.771705667E2
3.061020208E2,2.469978976E-2,7.244431763E-4,1.622750307E-3,9.996933341E-1,1.771693247E2,1.879474299E-1,-7.839662752E-2,1.771691917E2
3.061070208E2,2.469981286E-2,7.264611195E-4,1.621496165E-3,9.996933341E-1,1.771693221E2,1.878094735E-1,-7.863134150E-2,1.771691887E2
3.061120208E2,2.470481414E-2,7.213415811E-4,1.621086383E-3,9.996932149E-1,1.771687488E2,1.877484283E-1,-7.804508591E-2,1.771686165E2
3.061170208E2,2.470484735E-2,7.218371029E-4,1.620359486E-3,9.996932149E-1,1.771687450E2,1.876665629E-1,-7.810390281E-2,1.771686126E2
3.061220208E2,2.468805309E-2,7.261179271E-4,1.616995549E-3,9.996936321E-1,1.771706700E2,1.872920010E-1,-7.860696890E-2,1.771705371E2
3.061270208E2,2.469101036E-2,7.210471085E-4,1.610949519E-3,9.996935725E-1,1.771703311E2,1.865852702E-1,-7.804262702E-2,1.771701996E2
3.061320208E2,2.472211139E-2,7.198331878E-4,1.615349436E-3,9.996927977E-1,1.771667661E2,1.870882988E-1,-7.788529450E-2,1.771666345E2
3.061370208E2,2.471932963E-2,7.265337626E-4,1.618030830E-3,9.996928573E-1,1.771670849E2,1.874142368E-1,-7.864581315E-2,1.771669518E2
3.061420208E2,2.472688049E-2,7.297392003E-4,1.611679909E-3,9.996926785E-1,1.771662194E2,1.866963738E-1,-7.902959710E-2,1.771660862E2
3.061470208E2,2.473194596E-2,7.258479600E-4,1.609655097E-3,9.996925592E-1,1.771656388E2,1.864537888E-1,-7.858862345E-2,1.771655065E2
3.061520208E2,2.473157212E-2,7.259288104E-4,1.615352463E-3,9.996925592E-1,1.771656816E2,1.871066602E-1,-7.858180783E-2,1.771655489E2
3.061570208E2,2.473156172E-2,7.275126409E-4,1.614799025E-3,9.996925592E-1,1.771656828E2,1.870477485E-1,-7.876481619E-2,1.771655498E2
3.061620208E2,2.472427323E-2,7.280477439E-4,1.615468180E-3,9.996927381E-1,1.771665183E2,1.871253468E-1,-7.882558343E-2,1.771663851E2
3.061670208E2,2.472428646E-2,7.293394301E-4,1.614682842E-3,9.996927381E-1,1.771665167E2,1.870390422E-1,-7.897577700E-2,1.771663834E2
3.061720208E2,2.473122211E-2,7.343347534E-4,1.616911031E-3,9.996925592E-1,1.771657217E2,1.873090029E-1,-7.954041053E-2,1.771655872E2
3.061770208E2,2.473394853E-2,7.297212142E-4,1.614145469E-3,9.996924996E-1,1.771654092E2,1.869793280E-1,-7.901922820E-2,1.771652758E2
3.061820208E2,2.474866698E-2,7.280147402E-4,1.610801439E-3,9.996921420E-1,1.771637221E2,1.865925702E-1,-7.883047200E-2,1.771635893E2
3.061870208E2,2.475811045E-2,7.224350120E-4,1.616152469E-3,9.996919036E-1,1.771626396E2,1.871904787E-1,-7.817433437E-2,1.771625075E2
3.061920208E2,2.477978668E-2,7.234307122E-4,1.615322544E-3,9.996913671E-1,1.771601549E2,1.870999280E-1,-7.828669593E-2,1.771600227E2
3.061970208E2,2.478000809E-2,7.253231015E-4,1.611071872E-3,9.996913671E-1,1.771601296E2,1.866183771E-1,-7.851551020E-2,1.771599973E2
3.062020208E2,2.480442494E-2,7.241002750E-4,1.605725265E-3,9.996907711E-1,1.771573307E2,1.860043299E-1,-7.838606762E-2,1.771571991E2
3.062070208E2,2.482147170E-2,7.132394821E-4,1.606925856E-3,9.996903539E-1,1.771553767E2,1.861123060E-1,-7.713531051E-2,1.771552470E2
3.062120208E2,2.481406104E-2,7.188682212E-4,1.607626909E-3,9.996905327E-1,1.771562262E2,1.862080518E-1,-7.777950325E-2,1.771560954E2
3.062170208E2,2.480677712E-2,7.230124320E-4,1.606986625E-3,9.996907115E-1,1.771570611E2,1.861459185E-1,-7.825742508E-2,1.771569296E2
3.062220208E2,2.481174044E-2,7.233792567E-4,1.604352728E-3,9.996905923E-1,1.771564922E2,1.858456202E-1,-7.830601201E-2,1.771563608E2
3.062270208E2,2.481628466E-2,7.205177099E-4,1.609628438E-3,9.996904731E-1,1.771559713E2,1.864422043E-1,-7.796235603E-2,1.771558400E2
3.062320208E2,2.482104398E-2,7.251742063E-4,1.608190476E-3,9.996903539E-1,1.771554257E2,1.862910938E-1,-7.849898876E-2,1.771552937E2
3.062370208E2,2.482877256E-2,7.201514090E-4,1.602289150E-3,9.996901751E-1,1.771545398E2,1.856013731E-1,-7.793894754E-2,1.771544092E2
3.062420208E2,2.484775296E-2,7.100744406E-4,1.610043924E-3,9.996896982E-1,1.771523642E2,1.864625153E-1,-7.675896443E-2,1.771522349E2
3.062470208E2,2.484002945E-2,7.159757661E-4,1.615572022E-3,9.996898770E-1,1.771532495E2,1.871120015E-1,-7.742070142E-2,1.771531186E2
3.062520208E2,2.483542239E-2,7.240148843E-4,1.609039959E-3,9.996899962E-1,1.771537776E2,1.863862367E-1,-7.836108429E-2,1.771536457E2
3.062570208E2,2.484048371E-2,7.198055391E-4,1.606862294E-3,9.996898770E-1,1.771531974E2,1.861251843E-1,-7.788413364E-2,1.771530665E2
3.062620208E2,2.482615842E-2,7.164653507E-4,1.607251936E-3,9.996902347E-1,1.771548395E2,1.861592006E-1,-7.750305324E-2,1.771547092E2
3.062670208E2,2.481879435E-2,7.227415917E-4,1.606952865E-3,9.996904135E-1,1.771556836E2,1.861422214E-1,-7.822425703E-2,1.771555521E2
3.062720208E2,2.480209492E-2,7.290965877E-4,1.602343633E-3,9.996908307E-1,1.771575978E2,1.856309611E-1,-7.896847108E-2,1.771574655E2
3.062770208E2,2.480725564E-2,7.263061707E-4,1.598089817E-3,9.996907115E-1,1.771570063E2,1.851361330E-1,-7.865994623E-2,1.771568748E2
3.062820208E2,2.480708179E-2,7.209925097E-4,1.603186480E-3,9.996907115E-1,1.771570262E2,1.857048682E-1,-7.803677692E-2,1.771568953E2
3.062870208E2,2.480684263E-2,7.215605583E-4,1.606627950E-3,9.996907115E-1,1.771570536E2,1.861007073E-1,-7.809211144E-2,1.771569224E2
3.062920208E2,2.481918311E-2,7.235073135E-4,1.600591466E-3,9.996904135E-1,1.771556390E2,1.854156904E-1,-7.832999589E-2,1.771555079E2
3.062970208E2,2.482182716E-2,7.218805840E-4,1.597549184E-3,9.996903539E-1,1.771553360E2,1.850627568E-1,-7.815180746E-2,1.771552054E2
3.063020208E2,2.482876394E-2,7.248727488E-4,1.600292511E-3,9.996901751E-1,1.771545408E2,1.853860793E-1,-7.848548846E-2,1.771544095E2
3.063070208E2,2.482378892E-2,7.279965212E-4,1.601585303E-3,9.996902943E-1,1.771551111E2,1.855426735E-1,-7.884058063E-2,1.771549790E2
3.063120208E2,2.482860416E-2,7.260345737E-4,1.602243748E-3,9.996901751E-1,1.771545591E2,1.856128996E-1,-7.861306041E-2,1.771544274E2
3.063170208E2,2.483345729E-2,7.231723866E-4,1.602704288E-3,9.996900558E-1,1.771540028E2,1.856578929E-1,-7.828296774E-2,1.771538716E2
3.063220208E2,2.479736145E-2,7.214472862E-4,1.604691031E-3,9.996909499E-1,1.771581404E2,1.858777581E-1,-7.808640456E-2,1.771580093E2
3.063270208E2,2.479509104E-2,7.224460132E-4,1.602190314E-3,9.996910095E-1,1.771584006E2,1.855939452E-1,-7.820834272E-2,1.771582696E2
3.063320208E2,2.478817898E-2,7.182984264E-4,1.599435811E-3,9.996911883E-1,1.771591930E2,1.852660752E-1,-7.774231867E-2,1.771590629E2
3.063370208E2,2.479551601E-2,7.134014159E-4,1.599664334E-3,9.996910095E-1,1.771583519E2,1.852789085E-1,-7.717932670E-2,1.771582228E2
3.063420208E2,2.478369295E-2,7.168424781E-4,1.595092472E-3,9.996913075E-1,1.771597072E2,1.847640328E-1,-7.758869776E-2,1.771595777E2
3.063470208E2,2.478096751E-2,7.185562863E-4,1.599304029E-3,9.996913671E-1,1.771600196E2,1.852511502E-1,-7.777356882E-2,1.771598895E2
3.063520208E2,2.479532899E-2,7.136514760E-4,1.602449338E-3,9.996910095E-1,1.771583734E2,1.855986451E-1,-7.720009379E-2,1.771582440E2
3.063570208E2,2.479297367E-2,7.153338520E-4,1.600957126E-3,9.996910691E-1,1.771586434E2,1.854323010E-1,-7.739749735E-2,1.771585137E2
3.063620208E2,2.478834251E-2,7.127251010E-4,1.599394600E-3,9.996911883E-1,1.771591742E2,1.852455335E-1,-7.710394636E-2,1.771590452E2
3.063670208E2,2.478865281E-2,7.128126454E-4,1.594539033E-3,9.996911883E-1,1.771591386E2,1.846895691E-1,-7.712771083E-2,1.771590100E2
3.063720208E2,2.478645961E-2,7.082020165E-4,1.593317953E-3,9.996912479E-1,1.771593900E2,1.845364197E-1,-7.660340821E-2,1.771592624E2
3.063770208E2,2.478905488E-2,7.070591673E-4,1.590845641E-3,9.996911883E-1,1.771590925E2,1.842501522E-1,-7.647903188E-2,1.771589653E2
3.063820208E2,2.476750844E-2,7.040816126E-4,1.590662403E-3,9.996917248E-1,1.771615623E2,1.842190608E-1,-7.614242551E-2,1.771614356E2
3.063870208E2,2.476785415E-2,7.037883042E-4,1.585400547E-3,9.996917248E-1,1.771615227E2,1.836154741E-1,-7.612369631E-2,1.771613965E2
3.063920208E2,2.478689598E-2,6.976866862E-4,1.591167180E-3,9.996912479E-1,1.771593400E2,1.842601966E-1,-7.540484041E-2,1.771592145E2
3.063970208E2,2.485680269E-2,6.522439071E-4,1.529831439E-3,9.996896386E-1,1.771513268E2,1.771096155E-1,-7.036092602E-2,1.771512141E2
3.064020208E2,2.485791202E-2,6.400933489E-4,1.477079815E-3,9.996896982E-1,1.771511997E2,1.710320456E-1,-6.911907909E-2,1.771510928E2
3.064070208E2,2.477584492E-2,6.934254779E-4,1.539619057E-3,9.996916056E-1,1.771606068E2,1.783420861E-1,-7.506508621E-2,1.771604859E2
3.064120208E2,2.483538160E-2,6.536805304E-4,1.526570763E-3,9.996901751E-1,1.771537823E2,1.767386654E-1,-7.053857502E-2,1.771536695E2
3.064170208E2,2.490593077E-2,6.091535324E-4,1.447442919E-3,9.996885657E-1,1.771456954E2,1.675519635E-1,-6.565111227E-2,1.771455959E2
3.064220208E2,2.484112333E-2,6.449088687E-4,1.434078091E-3,9.996901751E-1,1.771531241E2,1.661184723E-1,-6.979601116E-2,1.771530194E2
3.064270208E2,2.484630873E-2,6.410917849E-4,1.470155199E-3,9.996899962E-1,1.771525297E2,1.702408276E-1,-6.925515751E-2,1.771524232E2
3.064320208E2,2.488432496E-2,6.147578824E-4,1.446181559E-3,9.996891022E-1,1.771481720E2,1.674220305E-1,-6.630034214E-2,1.771480716E2
3.064370208E2,2.485703993E-2,6.342160632E-4,1.412184676E-3,9.996898174E-1,1.771512996E2,1.635810936E-1,-6.863080443E-2,1.771511982E2
3.064420208E2,2.483538862E-2,6.351250340E-4,1.412963844E-3,9.996903539E-1,1.771537815E2,1.636714529E-1,-6.873625788E-2,1.771536799E2
3.064470208E2,2.486198057E-2,6.170134293E-4,1.417212305E-3,9.996896982E-1,1.771507333E2,1.641083644E-1,-6.664500634E-2,1.771506345E2
3.064520208E2,2.485329290E-2,6.236695917E-4,1.398375141E-3,9.996899366E-1,1.771517291E2,1.619688274E-1,-6.746258599E-2,1.771516305E2
3.064570208E2,2.484924748E-2,6.268956931E-4,1.383525087E-3,9.996900558E-1,1.771521929E2,1.602765737E-1,-6.787509819E-2,1.771520946E2
3.064620208E2,2.483750434E-2,6.228615530E-4,1.380869420E-3,9.996903539E-1,1.771535389E2,1.599600699E-1,-6.742240425E-2,1.771534416E2
3.064670208E2,2.483255503E-2,6.270130980E-4,1.381701557E-3,9.996904731E-1,1.771541063E2,1.600668775E-1,-6.789641308E-2,1.771540081E2
3.064720208E2,2.483530910E-2,6.302375696E-4,1.373837236E-3,9.996904135E-1,1.771537906E2,1.591753340E-1,-6.828773706E-2,1.771536925E2
3.064770208E2,2.484247701E-2,6.253950996E-4,1.376568340E-3,9.996902347E-1,1.771529689E2,1.594749022E-1,-6.772408627E-2,1.771528714E2
3.064820208E2,2.483014814E-2,6.333263009E-4,1.378949732E-3,9.996905327E-1,1.771543822E2,1.597694398E-1,-6.862784469E-2,1.771542832E2
3.064870208E2,2.482023617E-2,6.400375278E-4,1.381448470E-3,9.996907711E-1,1.771555183E2,1.600740959E-1,-6.939113405E-2,1.771554181E2
3.064920208E2,2.479356229E-2,6.490871892E-4,1.381748589E-3,9.996914268E-1,1.771585759E2,1.601323389E-1,-7.043124759E-2,1.771584741E2
3.064970208E2,2.477844555E-2,6.593771395E-4,1.389279380E-3,9.996917844E-1,1.771603087E2,1.610231958E-1,-7.159106370E-2,1.771602047E2
3.065020208E2,2.476812092E-2,6.664046668E-4,1.398441964E-3,9.996920228E-1,1.771614921E2,1.620920386E-1,-7.237176790E-2,1.771613864E2
3.065070208E2,2.476242875E-2,6.688630092E-4,1.412780490E-3,9.996921420E-1,1.771621446E2,1.637411758E-1,-7.261362142E-2,1.771620374E2
3.065120208E2,2.474179528E-2,6.799377734E-4,1.431458746E-3,9.996926188E-1,1.771645098E2,1.659107985E-1,-7.383272717E-2,1.771643993E2
3.065170208E2,2.472337028E-2,6.916900165E-4,1.452632481E-3,9.996930361E-1,1.771666218E2,1.683683305E-1,-7.512209046E-2,1.771665077E2
3.065220208E2,2.472709927E-2,6.935169804E-4,1.470222953E-3,9.996929169E-1,1.771661943E2,1.703888947E-1,-7.528090787E-2,1.771660786E2
3.065270208E2,2.472295571E-2,6.956232828E-4,1.498117577E-3,9.996929765E-1,1.771666693E2,1.735900676E-1,-7.544387457E-2,1.771665511E2
3.065320208E2,2.471865162E-2,7.030832348E-4,1.525631174E-3,9.996930361E-1,1.771671626E2,1.767627444E-1,-7.622127041E-2,1.771670411E2
3.065370208E2,2.470013791E-2,7.145067793E-4,1.546632731E-3,9.996934533E-1,1.771692848E2,1.791995418E-1,-7.747373891E-2,1.771691595E2
3.065420208E2,2.469239216E-2,7.126490236E-4,1.555566676E-3,9.996936321E-1,1.771701727E2,1.802171286E-1,-7.723702927E-2,1.771700471E2
3.065470208E2,2.469669918E-2,7.093442255E-4,1.565283630E-3,9.996935129E-1,1.771696790E2,1.813212508E-1,-7.683016621E-2,1.771695532E2
3.065520208E2,2.467480239E-2,7.130140439E-4,1.566338236E-3,9.996940494E-1,1.771721889E2,1.814507583E-1,-7.725155741E-2,1.771720624E2
3.065570208E2,2.467495930E-2,7.122413372E-4,1.564216451E-3,9.996940494E-1,1.771721709E2,1.812055201E-1,-7.716901004E-2,1.771720447E2
3.065620208E2,2.468941279E-2,7.026312524E-4,1.569050597E-3,9.996936917E-1,1.771705142E2,1.817332279E-1,-7.605181508E-2,1.771703894E2
3.065670208E2,2.468424532E-2,7.069279673E-4,1.572467620E-3,9.996938109E-1,1.771711065E2,1.821364334E-1,-7.653530530E-2,1.771709807E2
3.065720208E2,2.468183819E-2,7.092817104E-4,1.571298460E-3,9.996938705E-1,1.771713824E2,1.820089720E-1,-7.680868742E-2,1.771712562E2
3.065770208E2,2.468681812E-2,7.049308042E-4,1.570867607E-3,9.996937513E-1,1.771708116E2,1.819476875E-1,-7.631057501E-2,1.771706862E2
3.065820208E2,2.471770810E-2,7.051976863E-4,1.578096766E-3,9.996929765E-1,1.771672708E2,1.827789504E-1,-7.631504886E-2,1.771671448E2
3.065870208E2,2.471252909E-2,7.085049874E-4,1.582203549E-3,9.996930957E-1,1.771678644E2,1.832583819E-1,-7.668323807E-2,1.771677376E2
3.065920208E2,2.474170814E-2,7.059350610E-4,1.579255448E-3,9.996923804E-1,1.771645198E2,1.829156081E-1,-7.639184652E-2,1.771643936E2
3.065970208E2,2.474155257E-2,7.065092213E-4,1.581434393E-3,9.996923804E-1,1.771645376E2,1.831668371E-1,-7.645147073E-2,1.771644111E2
3.066020208E2,2.476554813E-2,7.028644322E-4,1.584249665E-3,9.996917844E-1,1.771617871E2,1.834808351E-1,-7.602155078E-2,1.771616611E2
3.066070208E2,2.476548725E-2,7.029178669E-4,1.585177262E-3,9.996917844E-1,1.771617940E2,1.835872446E-1,-7.602505066E-2,1.771616680E2
3.066120208E2,2.479683836E-2,7.025199593E-4,1.583904959E-3,9.996910095E-1,1.771582004E2,1.834427472E-1,-7.597732584E-2,1.771580745E2
3.066170208E2,2.479939495E-2,6.998285535E-4,1.582689001E-3,9.996909499E-1,1.771579073E2,1.832959961E-1,-7.567199518E-2,1.771577820E2
3.066220208E2,2.483012058E-2,6.970196846E-4,1.591593958E-3,9.996901751E-1,1.771543853E2,1.843104489E-1,-7.531924984E-2,1.771542599E2
3.066270208E2,2.481786553E-2,7.051473367E-4,1.591964625E-3,9.996904731E-1,1.771557901E2,1.843751052E-1,-7.625152747E-2,1.771556631E2
3.066320208E2,2.483235841E-2,7.068889681E-4,1.589764608E-3,9.996901155E-1,1.771541288E2,1.841291412E-1,-7.645462962E-2,1.771540016E2
3.066370208E2,2.484692276E-2,6.972566480E-4,1.591340522E-3,9.996897578E-1,1.771524593E2,1.842833568E-1,-7.534401928E-2,1.771523339E2
3.066420208E2,2.487086027E-2,6.967295194E-4,1.592074754E-3,9.996891618E-1,1.771497155E2,1.843677692E-1,-7.527712823E-2,1.771495900E2
3.066470208E2,2.486364743E-2,7.025168743E-4,1.589910127E-3,9.996893406E-1,1.771505422E2,1.841357457E-1,-7.594760236E-2,1.771504159E2
3.066520208E2,2.489231735E-2,6.957682199E-4,1.593994326E-3,9.996886253E-1,1.771472559E2,1.845865415E-1,-7.515757271E-2,1.771471305E2
3.066570208E2,2.489443919E-2,6.942686159E-4,1.598885516E-3,9.996885657E-1,1.771470127E2,1.851427390E-1,-7.497143872E-2,1.771468872E2
3.066620208E2,2.488036235E-2,6.994405412E-4,1.592126209E-3,9.996889234E-1,1.771486263E2,1.843821096E-1,-7.558579279E-2,1.771485003E2
3.066670208E2,2.487577474E-2,7.019946934E-4,1.587829785E-3,9.996890426E-1,1.771491521E2,1.838968620E-1,-7.589148004E-2,1.771490260E2
3.066720208E2,2.489221304E-2,6.986965891E-4,1.594342408E-3,9.996886253E-1,1.771472678E2,1.846347627E-1,-7.549206107E-2,1.771471419E2
3.066770208E2,2.489198482E-2,6.989213289E-4,1.597803202E-3,9.996886253E-1,1.771472940E2,1.850318423E-1,-7.550797643E-2,1.771471677E2
3.066820208E2,2.488513242E-2,7.014140137E-4,1.591559267E-3,9.996888041E-1,1.771480795E2,1.843231518E-1,-7.581260279E-2,1.771479532E2
3.066870208E2,2.487793255E-2,7.063507801E-4,1.589616877E-3,9.996889830E-1,1.771489048E2,1.841141684E-1,-7.638500394E-2,1.771487777E2
3.066920208E2,2.489474549E-2,7.020393386E-4,1.590702450E-3,9.996885657E-1,1.771469776E2,1.842275112E-1,-7.588490937E-2,1.771468512E2
3.066970208E2,2.489483653E-2,7.026920212E-4,1.588988584E-3,9.996885657E-1,1.771469671E2,1.840330462E-1,-7.596455067E-2,1.771468408E2
3.067020208E2,2.488533669E-2,7.013217546E-4,1.588402782E-3,9.996888041E-1,1.771480561E2,1.839613090E-1,-7.581099789E-2,1.771479301E2
3.067070208E2,2.488029604E-2,7.057108451E-4,1.590394531E-3,9.996889234E-1,1.771486339E2,1.842016095E-1,-7.630904304E-2,1.771485069E2
3.067120208E2,2.488022858E-2,7.056959439E-4,1.591456123E-3,9.996889234E-1,1.771486416E2,1.843231738E-1,-7.630432165E-2,1.771485145E2
3.067170208E2,2.488002454E-2,7.050088607E-4,1.594946720E-3,9.996889234E-1,1.771486650E2,1.847210690E-1,-7.621569750E-2,1.771485378E2
3.067220208E2,2.487999175E-2,7.093399181E-4,1.593537163E-3,9.996889234E-1,1.771486687E2,1.845719425E-1,-7.671587087E-2,1.771485408E2
3.067270208E2,2.487514544E-2,7.123992546E-4,1.593046007E-3,9.996890426E-1,1.771492243E2,1.845240273E-1,-7.706863099E-2,1.771490958E2
3.067320208E2,2.487989046E-2,7.045672392E-4,1.597231720E-3,9.996889234E-1,1.771486803E2,1.849815606E-1,-7.615861700E-2,1.771485531E2
3.067370208E2,2.487723360E-2,7.066460676E-4,1.600387739E-3,9.996889830E-1,1.771489849E2,1.853488271E-1,-7.638825347E-2,1.771488570E2
3.067420208E2,2.488690240E-2,7.087510894E-4,1.598058501E-3,9.996887445E-1,1.771478766E2,1.850887411E-1,-7.663424645E-2,1.771477484E2
3.067470208E2,2.489419479E-2,7.038574549E-4,1.598498435E-3,9.996885657E-1,1.771470407E2,1.851257355E-1,-7.607104648E-2,1.771469134E2
3.067520208E2,2.489142240E-2,7.015742594E-4,1.605384285E-3,9.996886253E-1,1.771473585E2,1.859078285E-1,-7.579036457E-2,1.771472311E2
3.067570208E2,2.488418122E-2,7.071981672E-4,1.603824669E-3,9.996888041E-1,1.771481885E2,1.857446545E-1,-7.644041071E-2,1.771480602E2
3.067620208E2,2.488209832E-2,7.043684600E-4,1.600229298E-3,9.996888638E-1,1.771484273E2,1.853245534E-1,-7.612688980E-2,1.771482998E2
3.067670208E2,2.488183179E-2,7.045483217E-4,1.604289282E-3,9.996888638E-1,1.771484578E2,1.857901428E-1,-7.613596688E-2,1.771483300E2
3.067720208E2,2.487425382E-2,7.058788906E-4,1.609782921E-3,9.996890426E-1,1.771493265E2,1.864226899E-1,-7.627414016E-2,1.771491980E2
3.067770208E2,2.487181491E-2,7.076145266E-4,1.609689905E-3,9.996891022E-1,1.771496060E2,1.864167957E-1,-7.647368756E-2,1.771494772E2
3.067820208E2,2.486471198E-2,7.076999173E-4,1.608334249E-3,9.996892810E-1,1.771504202E2,1.862611966E-1,-7.648865692E-2,1.771502915E2
3.067870208E2,2.487408624E-2,7.016916643E-4,1.614196924E-3,9.996890426E-1,1.771493457E2,1.869163924E-1,-7.578191755E-2,1.771492176E2
3.067920208E2,2.486659923E-2,7.032309077E-4,1.618135138E-3,9.996892214E-1,1.771502039E2,1.873713589E-1,-7.594842450E-2,1.771500753E2
3.067970208E2,2.486206334E-2,7.069697022E-4,1.612547087E-3,9.996893406E-1,1.771507238E2,1.867415207E-1,-7.639349702E-2,1.771505949E2
3.068020208E2,2.486235948E-2,7.026505191E-4,1.609866857E-3,9.996893406E-1,1.771506899E2,1.864221988E-1,-7.590628973E-2,1.771505620E2
3.068070208E2,2.486935717E-2,6.981596816E-4,1.614766661E-3,9.996891618E-1,1.771498877E2,1.869712340E-1,-7.537656830E-2,1.771497603E2
3.068120208E2,2.486930071E-2,7.017396856E-4,1.614084351E-3,9.996891618E-1,1.771498942E2,1.869032705E-1,-7.578863428E-2,1.771497662E2
3.068170208E2,2.485484276E-2,7.114057662E-4,1.611050684E-3,9.996895194E-1,1.771515515E2,1.865821827E-1,-7.690728587E-2,1.771514218E2
3.068220208E2,2.483299537E-2,7.148764562E-4,1.613546629E-3,9.996900558E-1,1.771540558E2,1.868763062E-1,-7.730184919E-2,1.771539253E2
3.068270208E2,2.483772155E-2,7.109522703E-4,1.616391004E-3,9.996899366E-1,1.771535140E2,1.871913426E-1,-7.684333035E-2,1.771533841E2
3.068320208E2,2.484772291E-2,7.117818459E-4,1.609753701E-3,9.996896982E-1,1.771523676E2,1.864341282E-1,-7.695539004E-2,1.771522380E2
3.068370208E2,2.483596250E-2,7.186848670E-4,1.603081822E-3,9.996899962E-1,1.771537157E2,1.856885649E-1,-7.776735531E-2,1.771535853E2
3.068420208E2,2.485771119E-2,7.144570118E-4,1.602407196E-3,9.996894598E-1,1.771512227E2,1.856009293E-1,-7.728091105E-2,1.771510931E2
3.068470208E2,2.487236223E-2,7.060823846E-4,1.601886936E-3,9.996891022E-1,1.771495433E2,1.855185905E-1,-7.632031024E-2,1.771494154E2
3.068520208E2,2.484343565E-2,7.135478663E-4,1.601088443E-3,9.996898174E-1,1.771528591E2,1.854461656E-1,-7.718316776E-2,1.771527298E2
3.068570208E2,2.484874419E-2,7.096910849E-4,1.594843226E-3,9.996896982E-1,1.771522505E2,1.847201625E-1,-7.675814919E-2,1.771521225E2
3.068620208E2,2.486068631E-2,7.010767586E-4,1.599344658E-3,9.996894002E-1,1.771508817E2,1.852122030E-1,-7.575629530E-2,1.771507549E2
3.068670208E2,2.485080606E-2,7.072028820E-4,1.601170981E-3,9.996896386E-1,1.771520142E2,1.854381190E-1,-7.645470919E-2,1.771518861E2
3.068720208E2,2.484828991E-2,7.130901213E-4,1.600395306E-3,9.996896982E-1,1.771523026E2,1.853658336E-1,-7.713180354E-2,1.771521735E2
3.068770208E2,2.485581968E-2,7.080077194E-4,1.597417984E-3,9.996895194E-1,1.771514395E2,1.850108653E-1,-7.655666819E-2,1.771513116E2
3.068820208E2,2.485801158E-2,7.057157345E-4,1.601620694E-3,9.996894598E-1,1.771511883E2,1.854859507E-1,-7.628172983E-2,1.771510604E2
3.068870208E2,2.484814766E-2,7.124217227E-4,1.602899632E-3,9.996896982E-1,1.771523189E2,1.856508058E-1,-7.704812970E-2,1.771521897E2
3.068920208E2,2.484136219E-2,7.111478481E-4,1.597106922E-3,9.996898770E-1,1.771530967E2,1.849830640E-1,-7.691995010E-2,1.771529682E2
3.068970208E2,2.484372570E-2,7.091690204E-4,1.598531264E-3,9.996898174E-1,1.771528258E2,1.851407790E-1,-7.668877094E-2,1.771526975E2
3.069020208E2,2.486018067E-2,7.094416651E-4,1.603510347E-3,9.996894002E-1,1.771509396E2,1.857132038E-1,-7.670277169E-2,1.771508109E2
3.069070208E2,2.486252669E-2,7.081037038E-4,1.604887424E-3,9.996893406E-1,1.771506707E2,1.858673243E-1,-7.654514084E-2,1.771505422E2
3.069120208E2,2.485075323E-2,7.080232026E-4,1.601628377E-3,9.996896386E-1,1.771520203E2,1.854928489E-1,-7.654738909E-2,1.771518920E2
3.069170208E2,2.485030397E-2,7.075470639E-4,1.608793391E-3,9.996896386E-1,1.771520718E2,1.863122565E-1,-7.647252359E-2,1.771519430E2
3.069220208E2,2.484295318E-2,7.084970712E-4,1.610788284E-3,9.996898174E-1,1.771529144E2,1.865429268E-1,-7.657704333E-2,1.771527853E2
3.069270208E2,2.484058593E-2,7.099441718E-4,1.609666739E-3,9.996898770E-1,1.771531857E2,1.864183851E-1,-7.674645187E-2,1.771530564E2
3.069320208E2,2.498560363E-2,6.240151124E-4,1.507575624E-3,9.996864796E-1,1.771365627E2,1.744883105E-1,-6.716806213E-2,1.771364567E2
3.069370208E2,2.503243915E-2,5.939867115E-4,1.411615987E-3,9.996854663E-1,1.771311941E2,1.634125760E-1,-6.399523835E-2,1.771310995E2
3.069420208E2,2.486866999E-2,6.934285630E-4,1.552382018E-3,9.996892810E-1,1.771499665E2,1.798111421E-1,-7.501250686E-2,1.771498447E2
3.069470208E2,2.483557268E-2,6.450894871E-4,1.565649174E-3,9.996901155E-1,1.771537604E2,1.811909089E-1,-6.944316525E-2,1.771536465E2
3.069520208E2,2.486539603E-2,5.862993421E-4,1.412366750E-3,9.996896386E-1,1.771503418E2,1.634659788E-1,-6.313976916E-2,1.771502484E2
3.069570208E2,2.487631040E-2,6.247763522E-4,1.414617640E-3,9.996893406E-1,1.771490907E2,1.638342159E-1,-6.753933997E-2,1.771489907E2
3.069620208E2,2.484204274E-2,6.340199616E-4,1.504384098E-3,9.996900558E-1,1.771530187E2,1.741415372E-1,-6.834832081E-2,1.771529111E2
3.069670208E2,2.485374795E-2,6.141488557E-4,1.477485523E-3,9.996898174E-1,1.771516770E2,1.710043353E-1,-6.614653736E-2,1.771515746E2
3.069720208E2,2.484430158E-2,6.302270340E-4,1.427081297E-3,9.996901155E-1,1.771527598E2,1.652753640E-1,-6.813350979E-2,1.771526581E2
3.069770208E2,2.483742541E-2,6.341455737E-4,1.461123466E-3,9.996902347E-1,1.771535480E2,1.691857971E-1,-6.848664617E-2,1.771534433E2
3.069820208E2,2.486486980E-2,6.305297138E-4,1.524678781E-3,9.996894598E-1,1.771504021E2,1.764580361E-1,-6.788668758E-2,1.771502937E2
3.069870208E2,2.485171184E-2,6.664705579E-4,1.528508263E-3,9.996897578E-1,1.771519104E2,1.769981983E-1,-7.199534510E-2,1.771517952E2
3.069920208E2,2.484221268E-2,6.582977367E-4,1.530531212E-3,9.996899962E-1,1.771529992E2,1.772059875E-1,-7.105502165E-2,1.771528854E2
3.069970208E2,2.485458484E-2,6.629747222E-4,1.560936682E-3,9.996896386E-1,1.771515811E2,1.807033291E-1,-7.150200325E-2,1.771514642E2
3.070020208E2,2.485367982E-2,7.003002102E-4,1.596808666E-3,9.996895790E-1,1.771516848E2,1.849189461E-1,-7.567585797E-2,1.771515583E2
3.070070208E2,2.484336823E-2,7.037721225E-4,1.606452395E-3,9.996898174E-1,1.771528668E2,1.860328018E-1,-7.604803854E-2,1.771527389E2
3.070120208E2,2.484656029E-2,6.877882988E-4,1.601090538E-3,9.996897578E-1,1.771525009E2,1.853732944E-1,-7.423166784E-2,1.771523765E2
3.070170208E2,2.485058878E-2,7.040070486E-4,1.605944475E-3,9.996896386E-1,1.771520391E2,1.859758347E-1,-7.607505353E-2,1.771519113E2
3.070220208E2,2.480949928E-2,7.104190299E-4,1.607658807E-3,9.996906519E-1,1.771567491E2,1.861873270E-1,-7.681235539E-2,1.771566199E2
3.070270208E2,2.480746695E-2,6.999657489E-4,1.606541569E-3,9.996907115E-1,1.771569820E2,1.860294642E-1,-7.561842231E-2,1.771568549E2
3.070320208E2,2.482447083E-2,7.042878424E-4,1.601617201E-3,9.996902943E-1,1.771550329E2,1.854789287E-1,-7.612438921E-2,1.771549054E2
3.070370208E2,2.482191801E-2,7.084985264E-4,1.602121862E-3,9.996903539E-1,1.771553256E2,1.855485249E-1,-7.660578695E-2,1.771551971E2
3.070420208E2,2.483609789E-2,6.985620130E-4,1.609864994E-3,9.996899962E-1,1.771537002E2,1.864083539E-1,-7.544282903E-2,1.771535730E2
3.070470208E2,2.484372647E-2,6.998178433E-4,1.602635253E-3,9.996898174E-1,1.771528257E2,1.855842921E-1,-7.560585269E-2,1.771526989E2
3.070520208E2,2.484835071E-2,6.958183949E-4,1.607040060E-3,9.996896982E-1,1.771522957E2,1.860778510E-1,-7.513429038E-2,1.771521693E2
3.070570208E2,2.485297785E-2,6.892338861E-4,1.612472464E-3,9.996895790E-1,1.771517653E2,1.866817606E-1,-7.436366203E-2,1.771516397E2
3.070620208E2,2.484315014E-2,6.957370206E-4,1.613310538E-3,9.996898174E-1,1.771528918E2,1.867955520E-1,-7.510808475E-2,1.771527650E2
3.070670208E2,2.484326328E-2,6.985174259E-4,1.610364183E-3,9.996898174E-1,1.771528788E2,1.864659530E-1,-7.543496404E-2,1.771527517E2
3.070720208E2,2.486457796E-2,6.893186364E-4,1.618358074E-3,9.996892810E-1,1.771504356E2,1.873570989E-1,-7.435443403E-2,1.771503096E2
3.070770208E2,2.486394184E-2,6.975244614E-4,1.624603290E-3,9.996892810E-1,1.771505085E2,1.880958640E-1,-7.527678503E-2,1.771503805E2
3.070820208E2,2.485192678E-2,7.015905576E-4,1.623306773E-3,9.996895790E-1,1.771518857E2,1.879580159E-1,-7.574853397E-2,1.771517570E2
3.070870208E2,2.486670681E-2,6.836322718E-4,1.624866622E-3,9.996892214E-1,1.771501915E2,1.880866472E-1,-7.368408089E-2,1.771500662E2
3.070920208E2,2.487592181E-2,6.869295612E-4,1.629105071E-3,9.996889830E-1,1.771491353E2,1.885822679E-1,-7.404798873E-2,1.771490089E2
3.070970208E2,2.486365213E-2,7.022394566E-4,1.627004123E-3,9.996892810E-1,1.771505417E2,1.883843084E-1,-7.581012983E-2,1.771504126E2
3.071020208E2,2.484486135E-2,6.968263187E-4,1.623391407E-3,9.996897578E-1,1.771526956E2,1.879536103E-1,-7.520384903E-2,1.771525678E2
3.071070208E2,2.485439917E-2,6.910950760E-4,1.626659301E-3,9.996895194E-1,1.771516023E2,1.883123606E-1,-7.453619970E-2,1.771514754E2
3.071120208E2,2.484955505E-2,6.970148534E-4,1.624878612E-3,9.996896386E-1,1.771521576E2,1.881248692E-1,-7.522032925E-2,1.771520297E2
3.071170208E2,2.484481529E-2,6.946367794E-4,1.625033794E-3,9.996897578E-1,1.771527009E2,1.881355183E-1,-7.494835660E-2,1.771525734E2
3.071220208E2,2.485942588E-2,6.902833120E-4,1.623449847E-3,9.996894002E-1,1.771510261E2,1.879427592E-1,-7.445140349E-2,1.771508996E2
3.071270208E2,2.485670885E-2,6.983436760E-4,1.624901430E-3,9.996894598E-1,1.771513376E2,1.881318068E-1,-7.537114266E-2,1.771512094E2
3.071320208E2,2.484251492E-2,6.969200913E-4,1.622554846E-3,9.996898174E-1,1.771529646E2,1.878578674E-1,-7.521741398E-2,1.771528368E2
3.071370208E2,2.484488972E-2,6.931761163E-4,1.624519471E-3,9.996897578E-1,1.771526924E2,1.880724458E-1,-7.478247916E-2,1.771525652E2
3.071420208E2,2.483966495E-2,7.005385705E-4,1.627896796E-3,9.996898770E-1,1.771532913E2,1.884799087E-1,-7.561726216E-2,1.771531624E2
3.071470208E2,2.483421136E-2,7.045876118E-4,1.636128058E-3,9.996899962E-1,1.771539164E2,1.894339645E-1,-7.605870711E-2,1.771537862E2
3.071520208E2,2.483675989E-2,7.019189070E-4,1.635008608E-3,9.996899366E-1,1.771536243E2,1.892983218E-1,-7.575569404E-2,1.771534946E2
3.071570208E2,2.483661083E-2,7.060148637E-4,1.635509194E-3,9.996899366E-1,1.771536414E2,1.893673148E-1,-7.622351421E-2,1.771535109E2
3.071620208E2,2.483438088E-2,7.069586427E-4,1.632528263E-3,9.996899962E-1,1.771538970E2,1.890283462E-1,-7.634053581E-2,1.771537665E2
3.071670208E2,2.484153130E-2,7.003435167E-4,1.636084053E-3,9.996898174E-1,1.771530773E2,1.894173974E-1,-7.557125849E-2,1.771529479E2
3.071720208E2,2.483685984E-2,7.054157904E-4,1.631982508E-3,9.996899366E-1,1.771536128E2,1.889616240E-1,-7.616487732E-2,1.771534827E2
3.071770208E2,2.482747655E-2,7.145360578E-4,1.624728320E-3,9.996901751E-1,1.771546884E2,1.881558459E-1,-7.723207249E-2,1.771545571E2
3.071820208E2,2.482293901E-2,7.062230725E-4,1.624345663E-3,9.996902943E-1,1.771552085E2,1.880880100E-1,-7.628171174E-2,1.771550788E2
3.071870208E2,2.482998327E-2,7.050291752E-4,1.627246966E-3,9.996901155E-1,1.771544011E2,1.884175130E-1,-7.613536269E-2,1.771542714E2
3.071920208E2,2.482969924E-2,7.119632792E-4,1.628561295E-3,9.996901155E-1,1.771544336E2,1.885877883E-1,-7.692602029E-2,1.771543025E2
3.071970208E2,2.483024372E-2,7.043040823E-4,1.623582561E-3,9.996901155E-1,1.771543712E2,1.879956881E-1,-7.606267676E-2,1.771542420E2
3.072020208E2,2.483718809E-2,6.997974124E-4,1.629403676E-3,9.996899366E-1,1.771535752E2,1.886502344E-1,-7.552853599E-2,1.771534464E2
3.072070208E2,2.483444131E-2,7.073882734E-4,1.631422434E-3,9.996899962E-1,1.771538900E2,1.889028938E-1,-7.639288833E-2,1.771537596E2
3.072120208E2,2.482300381E-2,7.020325284E-4,1.625171630E-3,9.996902943E-1,1.771552011E2,1.881707131E-1,-7.579929752E-2,1.771550722E2
3.072170208E2,2.483566471E-2,6.911343080E-4,1.619723625E-3,9.996899962E-1,1.771537498E2,1.875165491E-1,-7.456396251E-2,1.771536234E2
3.072220208E2,2.483535004E-2,6.942600594E-4,1.623207936E-3,9.996899962E-1,1.771537859E2,1.879245727E-1,-7.491217882E-2,1.771536586E2
3.072270208E2,2.482596783E-2,6.999805337E-4,1.617427566E-3,9.996902347E-1,1.771548613E2,1.872779669E-1,-7.558570279E-2,1.771547334E2
3.072320208E2,2.483354419E-2,6.917944411E-4,1.615160611E-3,9.996900558E-1,1.771539929E2,1.869955470E-1,-7.465296816E-2,1.771538667E2
3.072370208E2,2.484278944E-2,6.925773341E-4,1.620209543E-3,9.996898174E-1,1.771529331E2,1.875768540E-1,-7.472655011E-2,1.771528064E2
3.072420208E2,2.483279056E-2,6.989183021E-4,1.623658347E-3,9.996900558E-1,1.771540793E2,1.879892357E-1,-7.544500824E-2,1.771539510E2
3.072470208E2,2.483555633E-2,6.918364670E-4,1.621084986E-3,9.996899962E-1,1.771537622E2,1.876744922E-1,-7.464054488E-2,1.771536356E2
3.072520208E2,2.483286469E-2,6.942633190E-4,1.624521450E-3,9.996900558E-1,1.771540708E2,1.880748672E-1,-7.490928148E-2,1.771539434E2
3.072570208E2,2.482785115E-2,7.030292763E-4,1.624023542E-3,9.996901751E-1,1.771546455E2,1.880423960E-1,-7.591583521E-2,1.771545164E2
3.072620208E2,2.483043339E-2,7.024881197E-4,1.621467294E-3,9.996901155E-1,1.771543495E2,1.877482174E-1,-7.586063048E-2,1.771542207E2
3.072670208E2,2.483067130E-2,6.959460443E-4,1.620644936E-3,9.996901155E-1,1.771543222E2,1.876354118E-1,-7.511349124E-2,1.771541948E2
3.072720208E2,2.481861424E-2,7.018834585E-4,1.618935727E-3,9.996904135E-1,1.771557043E2,1.874555931E-1,-7.580078267E-2,1.771555758E2
3.072770208E2,2.482372687E-2,6.971500698E-4,1.616204507E-3,9.996902943E-1,1.771551182E2,1.871296355E-1,-7.526535492E-2,1.771549909E2
3.072820208E2,2.482643348E-2,6.942363107E-4,1.612749184E-3,9.996902347E-1,1.771548080E2,1.867257193E-1,-7.494088989E-2,1.771546815E2
3.072870208E2,2.481921838E-2,7.034743321E-4,1.608952763E-3,9.996904135E-1,1.771556350E2,1.863165510E-1,-7.601130729E-2,1.771555070E2
3.072920208E2,2.480983385E-2,6.949150702E-4,1.609271159E-3,9.996906519E-1,1.771567107E2,1.863279745E-1,-7.503163496E-2,1.771565843E2
3.072970208E2,2.481719849E-2,6.841525901E-4,1.611405634E-3,9.996904731E-1,1.771558665E2,1.865424344E-1,-7.379128383E-2,1.771557421E2
3.073020208E2,2.480738685E-2,6.902919849E-4,1.611954998E-3,9.996907115E-1,1.771569912E2,1.866220982E-1,-7.449485841E-2,1.771568655E2
3.073070208E2,2.479557076E-2,6.949823000E-4,1.606907696E-3,9.996910095E-1,1.771583457E2,1.860563448E-1,-7.504871075E-2,1.771582194E2
3.073120208E2,2.481269451E-2,6.834121305E-4,1.607117942E-3,9.996905923E-1,1.771563828E2,1.860488133E-1,-7.371949192E-2,1.771562588E2
3.073170208E2,2.481703686E-2,6.877620472E-4,1.612358028E-3,9.996904731E-1,1.771558851E2,1.866617914E-1,-7.420209086E-2,1.771557598E2
3.073220208E2,2.481239269E-2,6.989307585E-4,1.605102443E-3,9.996905923E-1,1.771564174E2,1.858620323E-1,-7.550303323E-2,1.771562906E2
3.073270208E2,2.481051948E-2,6.933247787E-4,1.599356299E-3,9.996906519E-1,1.771566321E2,1.851876924E-1,-7.487751949E-2,1.771565068E2
3.073320208E2,2.482010101E-2,6.852048100E-4,1.603211276E-3,9.996904135E-1,1.771555338E2,1.856069250E-1,-7.393458768E-2,1.771554098E2
3.073370208E2,2.481992850E-2,6.914742407E-4,1.603190205E-3,9.996904135E-1,1.771555536E2,1.856223319E-1,-7.465288134E-2,1.771554283E2
3.073420208E2,2.481078388E-2,6.929995725E-4,1.595390728E-3,9.996906519E-1,1.771566018E2,1.847325055E-1,-7.485149119E-2,1.771564769E2
3.073470208E2,2.482534522E-2,6.818884867E-4,1.597752678E-3,9.996902943E-1,1.771549327E2,1.849725598E-1,-7.356923810E-2,1.771548097E2
3.073520208E2,2.482967252E-2,6.848293124E-4,1.603828860E-3,9.996901751E-1,1.771544367E2,1.856773125E-1,-7.388803778E-2,1.771543126E2
3.073570208E2,2.482019951E-2,6.875906256E-4,1.600662828E-3,9.996904135E-1,1.771555225E2,1.853217777E-1,-7.421512777E-2,1.771553982E2
3.073620208E2,2.482532432E-2,6.841919385E-4,1.597092603E-3,9.996902943E-1,1.771549351E2,1.849034960E-1,-7.383499429E-2,1.771548117E2
3.073670208E2,2.482771288E-2,6.870147772E-4,1.596059883E-3,9.996902347E-1,1.771546613E2,1.847933998E-1,-7.416086418E-2,1.771545374E2
3.073720208E2,2.481536669E-2,6.922950852E-4,1.599113806E-3,9.996905327E-1,1.771560765E2,1.851573478E-1,-7.475935344E-2,1.771559514E2
3.073770208E2,2.481501706E-2,6.948820665E-4,1.603411511E-3,9.996905327E-1,1.771561166E2,1.856570089E-1,-7.504355131E-2,1.771559907E2
3.073820208E2,2.481307343E-2,6.929149386E-4,1.597167691E-3,9.996905923E-1,1.771563394E2,1.849359989E-1,-7.483631997E-2,1.771562143E2
3.073870208E2,2.481291200E-2,6.956486031E-4,1.598486793E-3,9.996905923E-1,1.771563579E2,1.850948723E-1,-7.514575708E-2,1.771562322E2
3.073920208E2,2.482261664E-2,6.938216393E-4,1.597714960E-3,9.996903539E-1,1.771552455E2,1.850019859E-1,-7.493686591E-2,1.771551202E2
3.073970208E2,2.482978530E-2,6.870376528E-4,1.601136173E-3,9.996901751E-1,1.771544237E2,1.853751404E-1,-7.414865750E-2,1.771542995E2
3.074020208E2,2.481745995E-2,6.913052639E-4,1.604310586E-3,9.996904731E-1,1.771558366E2,1.857500139E-1,-7.463079600E-2,1.771557113E2
3.074070208E2,2.481748804E-2,6.935386336E-4,1.602911507E-3,9.996904731E-1,1.771558333E2,1.855960946E-1,-7.489061596E-2,1.771557077E2
3.074120208E2,2.481995465E-2,6.931771641E-4,1.602049568E-3,9.996904135E-1,1.771555506E2,1.854965105E-1,-7.485120108E-2,1.771554251E2
3.074170208E2,2.481734604E-2,6.957875448E-4,1.604134915E-3,9.996904731E-1,1.771558496E2,1.857426298E-1,-7.514478954E-2,1.771557235E2
3.074220208E2,2.481235364E-2,6.991961272E-4,1.605590340E-3,9.996905923E-1,1.771564219E2,1.859186757E-1,-7.553205281E-2,1.771562950E2
3.074270208E2,2.481954780E-2,6.919318112E-4,1.608876395E-3,9.996904135E-1,1.771555972E2,1.862749950E-1,-7.468919663E-2,1.771554715E2
3.074320208E2,2.481458793E-2,6.947217043E-4,1.610108418E-3,9.996905327E-1,1.771561658E2,1.864236949E-1,-7.500621673E-2,1.771560394E2
3.074370208E2,2.481000025E-2,7.015369483E-4,1.603823621E-3,9.996906519E-1,1.771566916E2,1.857227647E-1,-7.580566899E-2,1.771565644E2
3.074420208E2,2.481948827E-2,6.927644718E-4,1.609436469E-3,9.996904135E-1,1.771556041E2,1.863415191E-1,-7.478300111E-2,1.771554781E2
3.074470208E2,2.483375086E-2,6.841188297E-4,1.615252346E-3,9.996900558E-1,1.771539692E2,1.869842256E-1,-7.377338045E-2,1.771538444E2
3.074520208E2,2.482407639E-2,6.963919150E-4,1.611154992E-3,9.996902943E-1,1.771550781E2,1.865490503E-1,-7.519280289E-2,1.771549514E2
3.074570208E2,2.480827065E-2,6.792806089E-4,1.603006269E-3,9.996907115E-1,1.771568899E2,1.855657215E-1,-7.325871325E-2,1.771567670E2
3.074620208E2,2.480821420E-2,5.576987169E-4,1.498710946E-3,9.996909499E-1,1.771568964E2,1.732723382E-1,-5.962727218E-2,1.771568026E2
3.074670208E2,2.487989979E-2,5.817402271E-4,1.453553210E-3,9.996892214E-1,1.771486793E2,1.681720620E-1,-6.249769595E-2,1.771485841E2
3.074720208E2,2.479609282E-2,6.903506001E-4,1.563171856E-3,9.996910691E-1,1.771582858E2,1.810329952E-1,-7.464230127E-2,1.771581637E2
3.074770208E2,2.479246754E-2,5.851084716E-4,1.549191191E-3,9.996912479E-1,1.771587014E2,1.791321192E-1,-6.262653926E-2,1.771585996E2
3.074820208E2,2.484642864E-2,5.435986095E-4,1.425676164E-3,9.996901155E-1,1.771525160E2,1.648678700E-1,-5.821334656E-2,1.771524289E2
3.074870208E2,2.482266024E-2,6.134370342E-4,1.435182989E-3,9.996906519E-1,1.771552405E2,1.661542262E-1,-6.619064417E-2,1.771551410E2
3.074920208E2,2.481232363E-2,5.793420714E-4,1.501984661E-3,9.996908307E-1,1.771564253E2,1.737091529E-1,-6.209663106E-2,1.771563275E2
3.074970208E2,2.484045195E-2,5.662902840E-4,1.478227903E-3,9.996901751E-1,1.771532011E2,1.709522562E-1,-6.066420789E-2,1.771531070E2
3.075020208E2,2.484997380E-2,5.997003173E-4,1.466201502E-3,9.996899366E-1,1.771521096E2,1.696702814E-1,-6.452414885E-2,1.771520105E2
3.075070208E2,2.483765141E-2,5.884739221E-4,1.516135293E-3,9.996901751E-1,1.771535221E2,1.753577650E-1,-6.309806233E-2,1.771534218E2
3.075120208E2,2.487245899E-2,5.787829286E-4,1.538594835E-3,9.996892810E-1,1.771495322E2,1.779052198E-1,-6.191777940E-2,1.771494322E2
3.075170208E2,2.485303082E-2,6.289203884E-4,1.522964216E-3,9.996897578E-1,1.771517592E2,1.762562341E-1,-6.770930253E-2,1.771516512E2
3.075220208E2,2.483944519E-2,6.214593886E-4,1.551770256E-3,9.996900558E-1,1.771533165E2,1.795339907E-1,-6.677499847E-2,1.771532079E2
3.075270208E2,2.486071043E-2,6.314879283E-4,1.590680098E-3,9.996894598E-1,1.771508789E2,1.840213530E-1,-6.780915705E-2,1.771507658E2
3.075320208E2,2.483930218E-2,6.875641993E-4,1.602157252E-3,9.996899366E-1,1.771533329E2,1.854943163E-1,-7.420430535E-2,1.771532084E2
3.075370208E2,2.482502822E-2,6.774398498E-4,1.604555990E-3,9.996902943E-1,1.771549690E2,1.857392428E-1,-7.304032371E-2,1.771548463E2
3.075420208E2,2.484724902E-2,6.487147184E-4,1.606700709E-3,9.996897578E-1,1.771524219E2,1.859047587E-1,-6.973945079E-2,1.771523045E2
3.075470208E2,2.484137292E-2,6.842527655E-4,1.608647523E-3,9.996898770E-1,1.771530955E2,1.862285446E-1,-7.380610018E-2,1.771529712E2
3.075520208E2,2.481743914E-2,6.903437898E-4,1.605046331E-3,9.996904731E-1,1.771558390E2,1.858315620E-1,-7.451856465E-2,1.771557138E2
3.075570208E2,2.483433307E-2,6.652605953E-4,1.614177716E-3,9.996900558E-1,1.771539025E2,1.868074891E-1,-7.161600444E-2,1.771537814E2
3.075620208E2,2.482677467E-2,6.787610473E-4,1.614083652E-3,9.996902347E-1,1.771547688E2,1.868345849E-1,-7.316424363E-2,1.771546452E2
3.075670208E2,2.480731306E-2,6.919198786E-4,1.612392603E-3,9.996907115E-1,1.771569997E2,1.866768515E-1,-7.468011339E-2,1.771568736E2
3.075720208E2,2.480499204E-2,6.702700048E-4,1.620271476E-3,9.996907711E-1,1.771572657E2,1.875177078E-1,-7.217802403E-2,1.771571432E2
3.075770208E2,2.482403068E-2,6.665753317E-4,1.624416560E-3,9.996902943E-1,1.771550834E2,1.879834172E-1,-7.173941374E-2,1.771549613E2
3.075820208E2,2.480717062E-2,6.781006232E-4,1.620434923E-3,9.996907115E-1,1.771570160E2,1.875588519E-1,-7.307419629E-2,1.771568920E2
3.075870208E2,2.480029522E-2,6.686645211E-4,1.619281247E-3,9.996908903E-1,1.771578041E2,1.873993683E-1,-7.199780122E-2,1.771576820E2
3.075920208E2,2.481723810E-2,6.564290961E-4,1.622290816E-3,9.996904731E-1,1.771558620E2,1.877105540E-1,-7.058442312E-2,1.771557420E2
3.075970208E2,2.481704807E-2,6.666065892E-4,1.621047384E-3,9.996904731E-1,1.771558838E2,1.875970441E-1,-7.175388926E-2,1.771557619E2
3.076020208E2,2.480981030E-2,6.677107885E-4,1.621108153E-3,9.996906519E-1,1.771567134E2,1.876066256E-1,-7.188156751E-2,1.771565914E2
3.076070208E2,2.482456942E-2,6.579661276E-4,1.619686605E-3,9.996902943E-1,1.771550216E2,1.874171154E-1,-7.076653135E-2,1.771549015E2
3.076120208E2,2.481964868E-2,6.662256783E-4,1.618143637E-3,9.996904135E-1,1.771555857E2,1.872635042E-1,-7.171802454E-2,1.771554641E2
3.076170208E2,2.481232684E-2,6.668909919E-4,1.619685791E-3,9.996905923E-1,1.771564250E2,1.874415345E-1,-7.179122686E-2,1.771563032E2
3.076220208E2,2.481735237E-2,6.641903310E-4,1.617376343E-3,9.996904731E-1,1.771558489E2,1.871696520E-1,-7.148747536E-2,1.771557278E2
3.076270208E2,2.481232516E-2,6.718010991E-4,1.617681235E-3,9.996905923E-1,1.771564252E2,1.872258622E-1,-7.235940989E-2,1.771563026E2
3.076320208E2,2.481452516E-2,6.783949211E-4,1.618018141E-3,9.996905327E-1,1.771561730E2,1.872833684E-1,-7.311340260E-2,1.771560491E2
3.076370208E2,2.481703784E-2,6.717781653E-4,1.619067858E-3,9.996904731E-1,1.771558850E2,1.873849847E-1,-7.235195659E-2,1.771557623E2
3.076420208E2,2.480961918E-2,6.755485665E-4,1.620785799E-3,9.996906519E-1,1.771567353E2,1.875919696E-1,-7.278038553E-2,1.771566118E2
3.076470208E2,2.479682866E-2,6.844726158E-4,1.628938247E-3,9.996909499E-1,1.771582015E2,1.885503158E-1,-7.378192442E-2,1.771580756E2
3.076520208E2,2.481136703E-2,6.763905403E-4,1.630414277E-3,9.996905923E-1,1.771565350E2,1.886974958E-1,-7.284913415E-2,1.771564106E2
3.076570208E2,2.481842888E-2,6.750142784E-4,1.633141073E-3,9.996904135E-1,1.771557255E2,1.890064680E-1,-7.268238665E-2,1.771556012E2
3.076620208E2,2.482333609E-2,6.805464509E-4,1.629230799E-3,9.996902943E-1,1.771551630E2,1.885746162E-1,-7.332632648E-2,1.771550379E2
3.076670208E2,2.482343917E-2,6.754574715E-4,1.629777835E-3,9.996902943E-1,1.771551512E2,1.886228124E-1,-7.274177721E-2,1.771550270E2
3.076720208E2,2.483317368E-2,6.701443344E-4,1.629917766E-3,9.996900558E-1,1.771540353E2,1.886244293E-1,-7.213089011E-2,1.771539122E2
3.076770208E2,2.482094587E-2,6.814027438E-4,1.628715778E-3,9.996903539E-1,1.771554370E2,1.885178777E-1,-7.342633587E-2,1.771553118E2
3.076820208E2,2.481643436E-2,6.847530603E-4,1.622877899E-3,9.996904731E-1,1.771559541E2,1.878583081E-1,-7.382758818E-2,1.771558287E2
3.076870208E2,2.482608272E-2,6.710655871E-4,1.627885387E-3,9.996902347E-1,1.771548482E2,1.883937168E-1,-7.224354525E-2,1.771547250E2
3.076920208E2,2.481874892E-2,6.746041472E-4,1.628440223E-3,9.996904135E-1,1.771556888E2,1.884668118E-1,-7.264871301E-2,1.771555649E2
3.076970208E2,2.480885608E-2,6.859631976E-4,1.628075843E-3,9.996906519E-1,1.771568228E2,1.884566475E-1,-7.395286309E-2,1.771566967E2
3.077020208E2,2.480438978E-2,6.818380207E-4,1.624658820E-3,9.996907711E-1,1.771573348E2,1.880531481E-1,-7.349085350E-2,1.771572097E2
3.077070208E2,2.481157731E-2,6.790181505E-4,1.626116456E-3,9.996905923E-1,1.771565109E2,1.882126396E-1,-7.316232346E-2,1.771563863E2
3.077120208E2,2.479421605E-2,6.878434797E-4,1.630706480E-3,9.996910095E-1,1.771585009E2,1.887622642E-1,-7.416354637E-2,1.771583743E2
3.077170208E2,2.478709226E-2,6.924962508E-4,1.627412275E-3,9.996911883E-1,1.771593175E2,1.883975804E-1,-7.470725259E-2,1.771591902E2
3.077220208E2,2.479953555E-2,6.810500054E-4,1.625741133E-3,9.996908903E-1,1.771578912E2,1.881745376E-1,-7.339841874E-2,1.771577662E2
3.077270208E2,2.479925237E-2,6.871316000E-4,1.627500751E-3,9.996908903E-1,1.771579236E2,1.883933773E-1,-7.409015560E-2,1.771577974E2
3.077320208E2,2.478254386E-2,6.946884678E-4,1.622512704E-3,9.996913075E-1,1.771598389E2,1.878421887E-1,-7.497315666E-2,1.771597116E2
3.077370208E2,2.478285026E-2,6.901887828E-4,1.619750634E-3,9.996913075E-1,1.771598038E2,1.875130180E-1,-7.446547653E-2,1.771596775E2
3.077420208E2,2.480004658E-2,6.812788197E-4,1.617830596E-3,9.996908903E-1,1.771578326E2,1.872690217E-1,-7.344701643E-2,1.771577082E2
3.077470208E2,2.479745155E-2,6.884746836E-4,1.617730944E-3,9.996909499E-1,1.771581301E2,1.872778656E-1,-7.427211645E-2,1.771580043E2
3.077520208E2,2.479031542E-2,6.919856532E-4,1.615101937E-3,9.996911287E-1,1.771589481E2,1.869861405E-1,-7.468312539E-2,1.771588218E2
3.077570208E2,2.479502531E-2,6.891011726E-4,1.617820002E-3,9.996910095E-1,1.771584082E2,1.872896678E-1,-7.434408612E-2,1.771582823E2
3.077620208E2,2.479453690E-2,6.951685064E-4,1.622702228E-3,9.996910095E-1,1.771584642E2,1.878661635E-1,-7.502535605E-2,1.771583367E2
3.077670208E2,2.479197982E-2,6.954122800E-4,1.624945435E-3,9.996910691E-1,1.771587573E2,1.881236382E-1,-7.504738923E-2,1.771586296E2
3.077720208E2,2.480451993E-2,6.909173680E-4,1.618825481E-3,9.996907711E-1,1.771573198E2,1.874107210E-1,-7.454750562E-2,1.771571935E2
3.077770208E2,2.480477514E-2,6.913374527E-4,1.614730456E-3,9.996907711E-1,1.771572906E2,1.869428224E-1,-7.460722137E-2,1.771571645E2
3.077820208E2,2.480473321E-2,6.868593046E-4,1.617283560E-3,9.996907711E-1,1.771572954E2,1.872225636E-1,-7.408697241E-2,1.771571700E2
3.077870208E2,2.480215781E-2,6.873306702E-4,1.619735733E-3,9.996908307E-1,1.771575906E2,1.875046250E-1,-7.413448290E-2,1.771574649E2
3.077920208E2,2.479720996E-2,6.916932762E-4,1.620059600E-3,9.996909499E-1,1.771581578E2,1.875537574E-1,-7.463425410E-2,1.771580312E2
3.077970208E2,2.479256120E-2,6.935733836E-4,1.616840949E-3,9.996910691E-1,1.771586906E2,1.871900349E-1,-7.485964890E-2,1.771585639E2
3.078020208E2,2.480176483E-2,6.877893466E-4,1.625548000E-3,9.996908307E-1,1.771576356E2,1.881717328E-1,-7.417058117E-2,1.771575094E2
3.078070208E2,2.480645821E-2,6.858999259E-4,1.628040685E-3,9.996907115E-1,1.771570977E2,1.884522627E-1,-7.394616690E-2,1.771569716E2
3.078120208E2,2.480415993E-2,6.917784922E-4,1.623965567E-3,9.996907711E-1,1.771573611E2,1.880019725E-1,-7.463160960E-2,1.771572342E2
3.078170208E2,2.481428459E-2,6.817209069E-4,1.620308030E-3,9.996905327E-1,1.771562005E2,1.875551312E-1,-7.348794814E-2,1.771560759E2
3.078220208E2,2.481403168E-2,6.793257780E-4,1.625179895E-3,9.996905327E-1,1.771562295E2,1.881064049E-1,-7.319976521E-2,1.771561050E2
3.078270208E2,2.480184550E-2,6.879753200E-4,1.624237979E-3,9.996908307E-1,1.771576264E2,1.880221959E-1,-7.419559375E-2,1.771575002E2
3.078320208E2,2.479476037E-2,6.867314805E-4,1.622880111E-3,9.996910095E-1,1.771584385E2,1.878625828E-1,-7.405829505E-2,1.771583127E2
3.078370208E2,2.480009714E-2,6.800144329E-4,1.617587404E-3,9.996908903E-1,1.771578268E2,1.872375725E-1,-7.330285479E-2,1.771577027E2
3.078420208E2,2.479259420E-2,6.849289057E-4,1.620016876E-3,9.996910691E-1,1.771586868E2,1.875292982E-1,-7.386034088E-2,1.771585616E2
3.078470208E2,2.478070410E-2,6.946720532E-4,1.613871776E-3,9.996913671E-1,1.771600498E2,1.868521290E-1,-7.499616038E-2,1.771599231E2
3.078520208E2,2.479546279E-2,6.877889391E-4,1.611661632E-3,9.996910095E-1,1.771583580E2,1.865804896E-1,-7.421117857E-2,1.771582328E2
3.078570208E2,2.480517498E-2,6.827211473E-4,1.612252323E-3,9.996907711E-1,1.771572448E2,1.866344712E-1,-7.362714002E-2,1.771571205E2
3.078620208E2,2.480505864E-2,6.870746147E-4,1.612192951E-3,9.996907711E-1,1.771572581E2,1.866400374E-1,-7.412604704E-2,1.771571330E2
3.078670208E2,2.479802473E-2,6.882909220E-4,1.608999446E-3,9.996909499E-1,1.771580644E2,1.862771357E-1,-7.427577099E-2,1.771579393E2
3.078720208E2,2.480033276E-2,6.903972826E-4,1.609556959E-3,9.996908903E-1,1.771577998E2,1.863471608E-1,-7.451505308E-2,1.771576743E2
3.078770208E2,2.480274931E-2,6.902502500E-4,1.609403756E-3,9.996908307E-1,1.771575228E2,1.863293726E-1,-7.449819458E-2,1.771573973E2
3.078820208E2,2.478869790E-2,6.911135861E-4,1.603366109E-3,9.996911883E-1,1.771591335E2,1.856391260E-1,-7.461686525E-2,1.771590083E2
3.078870208E2,2.478913827E-2,6.902142777E-4,1.596932299E-3,9.996911883E-1,1.771590830E2,1.848995689E-1,-7.453203900E-2,1.771589584E2
3.078920208E2,2.478402805E-2,6.935229176E-4,1.600187155E-3,9.996913075E-1,1.771596688E2,1.852814509E-1,-7.490276512E-2,1.771595433E2
3.078970208E2,2.478407209E-2,6.909452495E-4,1.600620220E-3,9.996913075E-1,1.771596637E2,1.853237430E-1,-7.460623905E-2,1.771595387E2
3.079020208E2,2.477435183E-2,6.947178044E-4,1.600558753E-3,9.996915460E-1,1.771607779E2,1.853266876E-1,-7.504038527E-2,1.771606522E2
3.079070208E2,2.476955274E-2,6.985410582E-4,1.598712523E-3,9.996916652E-1,1.771613280E2,1.851256827E-1,-7.548449318E-2,1.771612017E2
3.079120208E2,2.476716070E-2,6.979820901E-4,1.598744420E-3,9.996917248E-1,1.771616022E2,1.851275695E-1,-7.542081230E-2,1.771614760E2
3.079170208E2,2.476651389E-2,6.985577638E-4,1.608483377E-3,9.996917248E-1,1.771616763E2,1.862448168E-1,-7.545923836E-2,1.771615493E2
3.079220208E2,2.476703903E-2,6.970112445E-4,1.601051190E-3,9.996917248E-1,1.771616162E2,1.853890604E-1,-7.530307125E-2,1.771614900E2
3.079270208E2,2.476712540E-2,6.954622804E-4,1.600388554E-3,9.996917248E-1,1.771616063E2,1.853087608E-1,-7.512749239E-2,1.771614804E2
3.079320208E2,2.476952089E-2,6.908600917E-4,1.602539211E-3,9.996916652E-1,1.771613317E2,1.855422483E-1,-7.459373413E-2,1.771612066E2
3.079370208E2,2.477398501E-2,6.910860538E-4,1.607792452E-3,9.996915460E-1,1.771608200E2,1.861450165E-1,-7.460387691E-2,1.771606944E2
3.079420208E2,2.476945267E-2,6.917109131E-4,1.603226410E-3,9.996916652E-1,1.771613395E2,1.856233818E-1,-7.468926309E-2,1.771612142E2
3.079470208E2,2.477433630E-2,6.885550101E-4,1.603459474E-3,9.996915460E-1,1.771607797E2,1.856414850E-1,-7.432616619E-2,1.771606550E2
3.079520208E2,2.477417880E-2,6.854826352E-4,1.607205020E-3,9.996915460E-1,1.771607977E2,1.860618271E-1,-7.396360191E-2,1.771606733E2
3.079570208E2,2.477662155E-2,6.833754596E-4,1.607521204E-3,9.996914864E-1,1.771605177E2,1.860922453E-1,-7.372085940E-2,1.771603937E2
3.079620208E2,2.475983788E-2,6.856841501E-4,1.605664846E-3,9.996919036E-1,1.771624416E2,1.858849006E-1,-7.399372591E-2,1.771623172E2
3.079670208E2,2.476217178E-2,6.820873823E-4,1.608313527E-3,9.996918440E-1,1.771621741E2,1.861782901E-1,-7.357374351E-2,1.771620502E2
3.079720208E2,2.476415642E-2,6.809636834E-4,1.615266199E-3,9.996917844E-1,1.771619466E2,1.869717217E-1,-7.342491620E-2,1.771618224E2
3.079770208E2,2.476661883E-2,6.803332944E-4,1.614667242E-3,9.996917248E-1,1.771616643E2,1.869014988E-1,-7.335394059E-2,1.771615403E2
3.079820208E2,2.476924838E-2,6.737848744E-4,1.613980508E-3,9.996916652E-1,1.771613629E2,1.868044327E-1,-7.260523569E-2,1.771612402E2
3.079870208E2,2.477382932E-2,6.689458387E-4,1.619512797E-3,9.996915460E-1,1.771608378E2,1.874247865E-1,-7.203433174E-2,1.771607156E2
3.079920208E2,2.477360858E-2,6.723285769E-4,1.621487434E-3,9.996915460E-1,1.771608631E2,1.876605825E-1,-7.241628099E-2,1.771607401E2
3.079970208E2,2.476867902E-2,6.743053673E-4,1.622478478E-3,9.996916652E-1,1.771614282E2,1.877793675E-1,-7.264084710E-2,1.771613047E2
3.080020208E2,2.476147687E-2,6.710355519E-4,1.623588963E-3,9.996918440E-1,1.771622537E2,1.878967785E-1,-7.226447092E-2,1.771621309E2
3.080070208E2,2.477089809E-2,6.682232488E-4,1.627833699E-3,9.996916056E-1,1.771611738E2,1.883757382E-1,-7.192848386E-2,1.771610512E2
3.080120208E2,2.477084274E-2,6.714739138E-4,1.627338235E-3,9.996916056E-1,1.771611801E2,1.883282039E-1,-7.230228477E-2,1.771610569E2
3.080170208E2,2.476863141E-2,6.701761158E-4,1.624914352E-3,9.996916652E-1,1.771614336E2,1.880466880E-1,-7.216091042E-2,1.771613108E2
3.080220208E2,2.477322748E-2,6.672819145E-4,1.629375503E-3,9.996915460E-1,1.771609068E2,1.885498571E-1,-7.181583212E-2,1.771607842E2
3.080270208E2,2.477048015E-2,6.689567817E-4,1.633880893E-3,9.996916056E-1,1.771612217E2,1.890705366E-1,-7.199542775E-2,1.771610985E2
3.080320208E2,2.477039083E-2,6.738969823E-4,1.633204869E-3,9.996916056E-1,1.771612319E2,1.890071116E-1,-7.256329451E-2,1.771611078E2
3.080370208E2,2.477059593E-2,6.726441206E-4,1.630608458E-3,9.996916056E-1,1.771612084E2,1.887061337E-1,-7.242710283E-2,1.771610847E2
3.080420208E2,2.477039362E-2,6.735629868E-4,1.633300330E-3,9.996916056E-1,1.771612316E2,1.890170993E-1,-7.252476172E-2,1.771611076E2
3.080470208E2,2.477060561E-2,6.748129381E-4,1.629565028E-3,9.996916056E-1,1.771612073E2,1.885927596E-1,-7.267851453E-2,1.771610833E2
3.080520208E2,2.477080626E-2,6.756480434E-4,1.626165467E-3,9.996916056E-1,1.771611843E2,1.882057028E-1,-7.278379339E-2,1.771610604E2
3.080570208E2,2.476605431E-2,6.793847424E-4,1.623700140E-3,9.996917248E-1,1.771617290E2,1.879335433E-1,-7.321974719E-2,1.771616045E2
3.080620208E2,2.476798631E-2,6.813124055E-4,1.630107989E-3,9.996916652E-1,1.771615076E2,1.886732181E-1,-7.342202229E-2,1.771613823E2
3.080670208E2,2.476048391E-2,6.854402600E-4,1.632689498E-3,9.996918440E-1,1.771623675E2,1.889801099E-1,-7.388898494E-2,1.771622412E2
3.080720208E2,2.476062819E-2,6.849386846E-4,1.630710787E-3,9.996918440E-1,1.771623510E2,1.887520227E-1,-7.383711363E-2,1.771622249E2
3.080770208E2,2.476561405E-2,6.812906358E-4,1.629606006E-3,9.996917248E-1,1.771617795E2,1.886154766E-1,-7.342140081E-2,1.771616542E2
3.080820208E2,2.478005043E-2,6.772544002E-4,1.631218591E-3,9.996913671E-1,1.771601247E2,1.887898064E-1,-7.295172181E-2,1.771600001E2
3.080870208E2,2.477708491E-2,6.786301383E-4,1.639145776E-3,9.996914268E-1,1.771604646E2,1.897016079E-1,-7.308737298E-2,1.771603392E2
3.080920208E2,2.477720652E-2,6.852776860E-4,1.634535380E-3,9.996914268E-1,1.771604507E2,1.891923421E-1,-7.386195868E-2,1.771603243E2
3.080970208E2,2.478205305E-2,6.810107152E-4,1.635753899E-3,9.996913075E-1,1.771598951E2,1.893201706E-1,-7.336877288E-2,1.771597695E2
3.081020208E2,2.479398479E-2,6.799366092E-4,1.637524460E-3,9.996910095E-1,1.771585274E2,1.895208234E-1,-7.323843705E-2,1.771584019E2
3.081070208E2,2.478889671E-2,6.826649187E-4,1.640641829E-3,9.996911287E-1,1.771591107E2,1.898853169E-1,-7.354309083E-2,1.771589843E2
3.081120208E2,2.478205104E-2,6.816388341E-4,1.635522582E-3,9.996913075E-1,1.771598954E2,1.892954555E-1,-7.344138511E-2,1.771597696E2
3.081170208E2,2.478224636E-2,6.812364445E-4,1.632728381E-3,9.996913075E-1,1.771598730E2,1.889742329E-1,-7.340318733E-2,1.771597475E2
3.081220208E2,2.479397320E-2,6.808922626E-4,1.637302805E-3,9.996910095E-1,1.771585288E2,1.894981461E-1,-7.334854505E-2,1.771584030E2
3.081270208E2,2.478707168E-2,6.850368809E-4,1.630879007E-3,9.996911883E-1,1.771593199E2,1.887735254E-1,-7.384289197E-2,1.771591938E2
3.081320208E2,2.478232038E-2,6.883682800E-4,1.628608326E-3,9.996913075E-1,1.771598645E2,1.885225149E-1,-7.423187035E-2,1.771597379E2
3.081370208E2,2.477731420E-2,6.914223195E-4,1.630310086E-3,9.996914268E-1,1.771604383E2,1.887257633E-1,-7.457784173E-2,1.771603111E2
3.081420208E2,2.478419903E-2,6.932746037E-4,1.634515473E-3,9.996912479E-1,1.771596492E2,1.892132930E-1,-7.477678856E-2,1.771595212E2
3.081470208E2,2.477679417E-2,6.982377381E-4,1.635301043E-3,9.996914268E-1,1.771604980E2,1.893168247E-1,-7.534451761E-2,1.771603690E2
3.081520208E2,2.476971470E-2,6.970756222E-4,1.633730717E-3,9.996916056E-1,1.771613095E2,1.891331009E-1,-7.521718804E-2,1.771611808E2
3.081570208E2,2.476961749E-2,6.971974508E-4,1.635152032E-3,9.996916056E-1,1.771613206E2,1.892962604E-1,-7.522712823E-2,1.771611918E2
3.081620208E2,2.478173474E-2,6.981196930E-4,1.633362030E-3,9.996913075E-1,1.771599316E2,1.890947350E-1,-7.533556580E-2,1.771598028E2
3.081670208E2,2.477952796E-2,6.996537559E-4,1.629701117E-3,9.996913671E-1,1.771601846E2,1.886795436E-1,-7.552211543E-2,1.771600558E2
3.081720208E2,2.478171574E-2,7.029157714E-4,1.631592400E-3,9.996913075E-1,1.771599338E2,1.889056325E-1,-7.589001564E-2,1.771598042E2
3.081770208E2,2.478155444E-2,7.042954094E-4,1.633446431E-3,9.996913075E-1,1.771599523E2,1.891219301E-1,-7.604282700E-2,1.771598223E2
3.081820208E2,2.476952076E-2,7.091256557E-4,1.631483668E-3,9.996916056E-1,1.771613317E2,1.889098792E-1,-7.660400983E-2,1.771612009E2
3.081870208E2,2.477219432E-2,7.073133020E-4,1.628197148E-3,9.996915460E-1,1.771610252E2,1.885284459E-1,-7.640521799E-2,1.771608950E2
3.081920208E2,2.477477697E-2,7.008588291E-4,1.628288999E-3,9.996914864E-1,1.771607292E2,1.885208389E-1,-7.566506995E-2,1.771606002E2
3.081970208E2,2.477257522E-2,7.013608702E-4,1.624973724E-3,9.996915460E-1,1.771609816E2,1.881423109E-1,-7.573240871E-2,1.771608528E2
3.082020208E2,2.476785508E-2,7.056245231E-4,1.621737727E-3,9.996916652E-1,1.771615226E2,1.877833511E-1,-7.623091001E-2,1.771613933E2
3.082070208E2,2.476314746E-2,7.085501566E-4,1.618865062E-3,9.996917844E-1,1.771620622E2,1.874622124E-1,-7.657509599E-2,1.771619325E2
3.082120208E2,2.476533464E-2,7.062447839E-4,1.623216085E-3,9.996917248E-1,1.771618115E2,1.879542752E-1,-7.629824260E-2,1.771616819E2
3.082170208E2,2.476040176E-2,7.095939363E-4,1.623591059E-3,9.996918440E-1,1.771623770E2,1.880063584E-1,-7.668177254E-2,1.771622467E2
3.082220208E2,2.475592365E-2,7.123709074E-4,1.617248752E-3,9.996919632E-1,1.771628903E2,1.872873402E-1,-7.701872709E-2,1.771627600E2
3.082270208E2,2.476335391E-2,7.081717486E-4,1.615869813E-3,9.996917844E-1,1.771620386E2,1.871180285E-1,-7.654020819E-2,1.771619092E2
3.082320208E2,2.476587962E-2,7.056509494E-4,1.615139423E-3,9.996917248E-1,1.771617491E2,1.870273960E-1,-7.625303499E-2,1.771616202E2
3.082370208E2,2.476119687E-2,7.095634937E-4,1.611432992E-3,9.996918440E-1,1.771622858E2,1.866135456E-1,-7.671263484E-2,1.771621565E2
3.082420208E2,2.475671962E-2,7.102467353E-4,1.605959260E-3,9.996919632E-1,1.771627990E2,1.859880881E-1,-7.680726946E-2,1.771626700E2
3.082470208E2,2.475910310E-2,7.076176698E-4,1.607477898E-3,9.996919036E-1,1.771625258E2,1.861547811E-1,-7.650134116E-2,1.771623972E2
3.082520208E2,2.474891082E-2,7.094909088E-4,1.615314162E-3,9.996921420E-1,1.771636941E2,1.870570109E-1,-7.669560563E-2,1.771635645E2
3.082570208E2,2.474157006E-2,7.146529970E-4,1.614827546E-3,9.996923208E-1,1.771645356E2,1.870153400E-1,-7.728970887E-2,1.771644050E2
3.082620208E2,2.473691483E-2,7.142945542E-4,1.612503896E-3,9.996924400E-1,1.771650692E2,1.867477742E-1,-7.725610486E-2,1.771649389E2
3.082670208E2,2.473430331E-2,7.167402073E-4,1.614525216E-3,9.996924996E-1,1.771653685E2,1.869860609E-1,-7.753102846E-2,1.771652376E2
3.082720208E2,2.472687421E-2,7.157211658E-4,1.618049922E-3,9.996926785E-1,1.771662201E2,1.873863758E-1,-7.740569260E-2,1.771660891E2
3.082770208E2,2.472695849E-2,7.146482239E-4,1.617235946E-3,9.996926785E-1,1.771662105E2,1.872900953E-1,-7.728507097E-2,1.771660797E2
3.082820208E2,2.473921966E-2,7.127976860E-4,1.614758046E-3,9.996923804E-1,1.771648050E2,1.870019363E-1,-7.707780793E-2,1.771646748E2
3.082870208E2,2.474136066E-2,7.112005260E-4,1.619553193E-3,9.996923208E-1,1.771645596E2,1.875468888E-1,-7.688084701E-2,1.771644293E2
3.082920208E2,2.473162259E-2,7.150584715E-4,1.619423041E-3,9.996925592E-1,1.771656758E2,1.875421651E-1,-7.732499504E-2,1.771655448E2
3.082970208E2,2.472694773E-2,7.189247990E-4,1.615504152E-3,9.996926785E-1,1.771662117E2,1.871038251E-1,-7.777988926E-2,1.771660803E2
3.083020208E2,2.472232379E-2,7.207053714E-4,1.611705753E-3,9.996927977E-1,1.771667417E2,1.866733780E-1,-7.799549190E-2,1.771666102E2
3.083070208E2,2.472422056E-2,7.195689832E-4,1.620066585E-3,9.996927381E-1,1.771665243E2,1.876280957E-1,-7.784126825E-2,1.771663924E2
3.083120208E2,2.470741615E-2,7.238845574E-4,1.617048983E-3,9.996931553E-1,1.771684505E2,1.872933207E-1,-7.834734304E-2,1.771683180E2
3.083170208E2,2.470551801E-2,7.248047041E-4,1.608767896E-3,9.996932149E-1,1.771686681E2,1.863471223E-1,-7.847655265E-2,1.771685361E2
3.083220208E2,2.470043217E-2,7.288822089E-4,1.610941370E-3,9.996933341E-1,1.771692511E2,1.866072522E-1,-7.893845298E-2,1.771691181E2
3.083270208E2,2.469518695E-2,7.317307172E-4,1.616080757E-3,9.996934533E-1,1.771698523E2,1.872036520E-1,-7.925120271E-2,1.771697184E2
3.083320208E2,2.468797689E-2,7.307667402E-4,1.616064343E-3,9.996936321E-1,1.771706788E2,1.871984725E-1,-7.914216947E-2,1.771705450E2
3.083370208E2,2.468816427E-2,7.307878695E-4,1.613189699E-3,9.996936321E-1,1.771706573E2,1.868692370E-1,-7.915268781E-2,1.771705238E2
3.083420208E2,2.470480761E-2,7.282909937E-4,1.618075883E-3,9.996932149E-1,1.771687495E2,1.874232308E-1,-7.884971021E-2,1.771686161E2
3.083470208E2,2.470448930E-2,7.288217312E-4,1.622690237E-3,9.996932149E-1,1.771687860E2,1.879533141E-1,-7.889750575E-2,1.771686521E2
3.083520208E2,2.470003280E-2,7.293735980E-4,1.616831636E-3,9.996933341E-1,1.771692969E2,1.872833819E-1,-7.897814662E-2,1.771691633E2
3.083570208E2,2.470990971E-2,7.231665077E-4,1.616116962E-3,9.996930957E-1,1.771681647E2,1.871847133E-1,-7.826725784E-2,1.771680324E2
3.083620208E2,2.471217232E-2,7.234169752E-4,1.618277282E-3,9.996930361E-1,1.771679053E2,1.874330790E-1,-7.828940896E-2,1.771677728E2
3.083670208E2,2.470252743E-2,7.302482845E-4,1.615177840E-3,9.996932745E-1,1.771690109E2,1.870966016E-1,-7.908256189E-2,1.771688773E2
3.083720208E2,2.472954251E-2,7.287946646E-4,1.608231454E-3,9.996926188E-1,1.771659143E2,1.862988635E-1,-7.893067005E-2,1.771657815E2
3.083770208E2,2.473415462E-2,7.259864360E-4,1.612670836E-3,9.996924996E-1,1.771653856E2,1.867998281E-1,-7.859552682E-2,1.771652530E2
3.083820208E2,2.474844233E-2,7.229684270E-4,1.616515685E-3,9.996921420E-1,1.771637478E2,1.872328444E-1,-7.823622065E-2,1.771636156E2
3.083870208E2,2.474117073E-2,7.283738232E-4,1.614815323E-3,9.996923208E-1,1.771645814E2,1.870528146E-1,-7.886162598E-2,1.771644482E2
3.083920208E2,2.475326270E-2,7.286922191E-4,1.613859553E-3,9.996920228E-1,1.771631953E2,1.869451819E-1,-7.889854890E-2,1.771630621E2
3.083970208E2,2.475578000E-2,7.274028030E-4,1.612750348E-3,9.996919632E-1,1.771629067E2,1.868146554E-1,-7.875351416E-2,1.771627739E2
3.084020208E2,2.477287405E-2,7.218382671E-4,1.611393876E-3,9.996915460E-1,1.771609473E2,1.866448106E-1,-7.811671821E-2,1.771608156E2
3.084070208E2,2.476550927E-2,7.266248576E-4,1.611514483E-3,9.996917248E-1,1.771617915E2,1.866716372E-1,-7.866608495E-2,1.771616589E2
3.084120208E2,2.477259253E-2,7.336111157E-4,1.610404812E-3,9.996915460E-1,1.771609796E2,1.865649093E-1,-7.946823211E-2,1.771608457E2
3.084170208E2,2.477753389E-2,7.286675973E-4,1.610631007E-3,9.996914268E-1,1.771604132E2,1.865771762E-1,-7.890035676E-2,1.771602803E2
3.084220208E2,2.479152708E-2,7.307776250E-4,1.616310095E-3,9.996910691E-1,1.771588092E2,1.872348527E-1,-7.912332741E-2,1.771586754E2
3.084270208E2,2.478164027E-2,7.371374522E-4,1.617576461E-3,9.996913075E-1,1.771599425E2,1.873972037E-1,-7.985014063E-2,1.771598074E2
3.084320208E2,2.479616628E-2,7.311690715E-4,1.618698239E-3,9.996909499E-1,1.771582774E2,1.875099098E-1,-7.916051506E-2,1.771581434E2
3.084370208E2,2.479595800E-2,7.315383409E-4,1.621719101E-3,9.996909499E-1,1.771583013E2,1.878570022E-1,-7.919427231E-2,1.771581669E2
3.084420208E2,2.481039724E-2,7.335098344E-4,1.620444702E-3,9.996905923E-1,1.771566461E2,1.877177612E-1,-7.942102903E-2,1.771565115E2
3.084470208E2,2.480301559E-2,7.379902527E-4,1.621098258E-3,9.996907711E-1,1.771574923E2,1.878047800E-1,-7.993381706E-2,1.771573568E2
3.084520208E2,2.481994429E-2,7.371374522E-4,1.619682764E-3,9.996903539E-1,1.771555518E2,1.876415537E-1,-7.983696935E-2,1.771554166E2
3.084570208E2,2.482469180E-2,7.340030279E-4,1.621924690E-3,9.996902347E-1,1.771550076E2,1.878898422E-1,-7.947063286E-2,1.771548728E2
3.084620208E2,2.484113068E-2,7.346339407E-4,1.627104590E-3,9.996898174E-1,1.771531233E2,1.884863360E-1,-7.952507235E-2,1.771529879E2
3.084670208E2,2.484380097E-2,7.327341591E-4,1.623809105E-3,9.996897578E-1,1.771528172E2,1.881036202E-1,-7.931631973E-2,1.771526825E2
3.084720208E2,2.483925571E-2,7.300454308E-4,1.621162170E-3,9.996898770E-1,1.771533382E2,1.877923820E-1,-7.901669935E-2,1.771532042E2
3.084770208E2,2.483668190E-2,7.320769364E-4,1.622923417E-3,9.996899366E-1,1.771536332E2,1.879997234E-1,-7.924489127E-2,1.771534987E2
3.084820208E2,2.484850500E-2,7.340565207E-4,1.624625176E-3,9.996896386E-1,1.771522780E2,1.882012455E-1,-7.946459531E-2,1.771521429E2
3.084870208E2,2.484664645E-2,7.367360522E-4,1.615132904E-3,9.996896982E-1,1.771524910E2,1.871213274E-1,-7.979892961E-2,1.771523562E2
3.084920208E2,2.486839233E-2,7.317917771E-4,1.614734763E-3,9.996891618E-1,1.771499983E2,1.870633619E-1,-7.922959753E-2,1.771498645E2
3.084970208E2,2.486816266E-2,7.324267644E-4,1.617980772E-3,9.996891618E-1,1.771500247E2,1.874370044E-1,-7.929313157E-2,1.771498905E2
3.085020208E2,2.488473527E-2,7.353837718E-4,1.619626884E-3,9.996887445E-1,1.771481250E2,1.876353248E-1,-7.962407279E-2,1.771479901E2
3.085070208E2,2.488000402E-2,7.375835557E-4,1.617731759E-3,9.996888638E-1,1.771486673E2,1.874241219E-1,-7.988236250E-2,1.771485322E2
3.085120208E2,2.489912421E-2,7.341995370E-4,1.619761577E-3,9.996883869E-1,1.771464756E2,1.876485213E-1,-7.948532665E-2,1.771463410E2
3.085170208E2,2.489889771E-2,7.338594878E-4,1.623393386E-3,9.996883869E-1,1.771465016E2,1.880635794E-1,-7.943605174E-2,1.771463667E2
3.085220208E2,2.490652271E-2,7.373875123E-4,1.614919747E-3,9.996882081E-1,1.771456276E2,1.871035478E-1,-7.986295886E-2,1.771454927E2
3.085270208E2,2.490907559E-2,7.353640394E-4,1.613364322E-3,9.996881485E-1,1.771453349E2,1.869197915E-1,-7.963512032E-2,1.771452006E2
3.085320208E2,2.493778297E-2,7.301358273E-4,1.615456189E-3,9.996874332E-1,1.771420443E2,1.871467719E-1,-7.902485255E-2,1.771419107E2
3.085370208E2,2.493320982E-2,7.323031314E-4,1.611289103E-3,9.996875525E-1,1.771425685E2,1.866752381E-1,-7.928589242E-2,1.771424349E2
3.085420208E2,2.492395732E-2,7.353803958E-4,1.605101628E-3,9.996877909E-1,1.771436291E2,1.859744810E-1,-7.965781150E-2,1.771434954E2
3.085470208E2,2.492860998E-2,7.336090202E-4,1.607902581E-3,9.996876717E-1,1.771430958E2,1.862906573E-1,-7.944602297E-2,1.771429622E2
3.085520208E2,2.494018547E-2,7.299722056E-4,1.615325920E-3,9.996873736E-1,1.771417689E2,1.871315711E-1,-7.900603129E-2,1.771416354E2
3.085570208E2,2.493577224E-2,7.334146067E-4,1.608107588E-3,9.996874928E-1,1.771422748E2,1.863141557E-1,-7.942183126E-2,1.771421412E2
3.085620208E2,2.494832095E-2,7.311747177E-4,1.599740586E-3,9.996871948E-1,1.771408364E2,1.853502570E-1,-7.918682163E-2,1.771407038E2
3.085670208E2,2.495777384E-2,7.244569715E-4,1.604331424E-3,9.996869564E-1,1.771397528E2,1.858576991E-1,-7.840238245E-2,1.771396212E2
3.085720208E2,2.497431211E-2,7.214280195E-4,1.608313527E-3,9.996865392E-1,1.771378571E2,1.863065005E-1,-7.804092733E-2,1.771377257E2
3.085770208E2,2.496484041E-2,7.281352882E-4,1.604141667E-3,9.996867776E-1,1.771389428E2,1.858470397E-1,-7.882298373E-2,1.771388105E2
3.085820208E2,2.496259134E-2,7.260608836E-4,1.602936536E-3,9.996868372E-1,1.771392006E2,1.857028726E-1,-7.858921438E-2,1.771390688E2
3.085870208E2,2.496694711E-2,7.241184358E-4,1.610305742E-3,9.996867180E-1,1.771387013E2,1.865418442E-1,-7.834480244E-2,1.771385693E2
3.085920208E2,2.495032398E-2,7.295326213E-4,1.606484293E-3,9.996871352E-1,1.771406068E2,1.861182529E-1,-7.897905684E-2,1.771404740E2
3.085970208E2,2.494549958E-2,7.316291449E-4,1.606269623E-3,9.996872544E-1,1.771411598E2,1.860992738E-1,-7.922073756E-2,1.771410267E2
3.086020208E2,2.495260494E-2,7.278055418E-4,1.608929480E-3,9.996870756E-1,1.771403453E2,1.863936052E-1,-7.877379329E-2,1.771402127E2
3.086070208E2,2.495520161E-2,7.255774108E-4,1.606695470E-3,9.996870160E-1,1.771400476E2,1.861315178E-1,-7.852445274E-2,1.771399157E2
3.086120208E2,2.494362885E-2,7.282550214E-4,1.599745243E-3,9.996873140E-1,1.771413742E2,1.853420721E-1,-7.885321020E-2,1.771412422E2
3.086170208E2,2.494362696E-2,7.275578100E-4,1.600091928E-3,9.996873140E-1,1.771413744E2,1.853797937E-1,-7.877234998E-2,1.771412426E2
3.086220208E2,2.495806550E-2,7.148538716E-4,1.604101853E-3,9.996869564E-1,1.771397194E2,1.858039548E-1,-7.730289468E-2,1.771395896E2
3.086270208E2,2.495071684E-2,7.198876119E-4,1.604732824E-3,9.996871352E-1,1.771405617E2,1.858900623E-1,-7.787910030E-2,1.771404310E2
3.086320208E2,2.493378409E-2,7.294554962E-4,1.603676472E-3,9.996875525E-1,1.771425027E2,1.857950725E-1,-7.898132392E-2,1.771423702E2
3.086370208E2,2.494332181E-2,7.223903667E-4,1.607174519E-3,9.996873140E-1,1.771414094E2,1.861763519E-1,-7.816020100E-2,1.771412780E2
3.086420208E2,2.495022896E-2,7.243032451E-4,1.610321808E-3,9.996871352E-1,1.771406176E2,1.865429028E-1,-7.836904708E-2,1.771404856E2
3.086470208E2,2.494538060E-2,7.270956412E-4,1.610171166E-3,9.996872544E-1,1.771411734E2,1.865332491E-1,-7.869026750E-2,1.771410408E2
3.086520208E2,2.495246672E-2,7.264121086E-4,1.611700514E-3,9.996870756E-1,1.771403611E2,1.867070483E-1,-7.860626957E-2,1.771402286E2
3.086570208E2,2.495975976E-2,7.213057834E-4,1.611978631E-3,9.996868968E-1,1.771395252E2,1.867248747E-1,-7.801915318E-2,1.771393936E2
3.086620208E2,2.495514981E-2,7.257251418E-4,1.607433194E-3,9.996870160E-1,1.771400536E2,1.862164470E-1,-7.853927609E-2,1.771399215E2
3.086670208E2,2.494272770E-2,7.336132694E-4,1.611305983E-3,9.996873140E-1,1.771414775E2,1.866816719E-1,-7.943415075E-2,1.771413436E2
3.086720208E2,2.492600298E-2,7.346142083E-4,1.610799110E-3,9.996877313E-1,1.771433946E2,1.866251370E-1,-7.955338514E-2,1.771432606E2
3.086770208E2,2.492857816E-2,7.332884124E-4,1.608541934E-3,9.996876717E-1,1.771430994E2,1.863629806E-1,-7.940747494E-2,1.771429658E2
3.086820208E2,2.493346512E-2,7.301530568E-4,1.608311548E-3,9.996875525E-1,1.771425392E2,1.863280172E-1,-7.904804901E-2,1.771424062E2
3.086870208E2,2.493074781E-2,7.307253545E-4,1.613119501E-3,9.996876121E-1,1.771428507E2,1.868802182E-1,-7.910037923E-2,1.771427172E2
3.086920208E2,2.495466246E-2,7.290595677E-4,1.613478875E-3,9.996870160E-1,1.771401094E2,1.869185147E-1,-7.890405548E-2,1.771399763E2
3.086970208E2,2.495248303E-2,7.298910641E-4,1.609875122E-3,9.996870756E-1,1.771403593E2,1.865078887E-1,-7.901002054E-2,1.771402262E2
3.087020208E2,2.496420701E-2,7.251649513E-4,1.615305664E-3,9.996867776E-1,1.771390154E2,1.871173950E-1,-7.845089418E-2,1.771388828E2
3.087070208E2,2.495445245E-2,7.308655768E-4,1.615907997E-3,9.996870160E-1,1.771401335E2,1.872019340E-1,-7.910403688E-2,1.771399998E2
3.087120208E2,2.496191013E-2,7.279820857E-4,1.612644177E-3,9.996868372E-1,1.771392787E2,1.868203846E-1,-7.878165631E-2,1.771391457E2
3.087170208E2,2.497193749E-2,7.220467087E-4,1.607859042E-3,9.996865988E-1,1.771381293E2,1.862560217E-1,-7.811354485E-2,1.771379978E2
3.087220208E2,2.497843631E-2,7.204082212E-4,1.618786948E-3,9.996864200E-1,1.771373843E2,1.875036965E-1,-7.789335537E-2,1.771372524E2
3.087270208E2,2.497585483E-2,7.216001395E-4,1.621276257E-3,9.996864796E-1,1.771376802E2,1.877920725E-1,-7.802325577E-2,1.771375478E2
3.087320208E2,2.499090594E-2,7.145008422E-4,1.612981199E-3,9.996861219E-1,1.771359550E2,1.868226653E-1,-7.723091994E-2,1.771358246E2
3.087370208E2,2.499581714E-2,7.110098377E-4,1.612306922E-3,9.996860027E-1,1.771353920E2,1.867358015E-1,-7.683201937E-2,1.771352623E2
3.087420208E2,2.499531231E-2,7.103747339E-4,1.620392897E-3,9.996860027E-1,1.771354499E2,1.876602402E-1,-7.673619760E-2,1.771353197E2
3.087470208E2,2.499089322E-2,7.134644547E-4,1.613636850E-3,9.996861219E-1,1.771359564E2,1.868948047E-1,-7.711032059E-2,1.771358262E2
3.087520208E2,2.500571624E-2,7.085955003E-4,1.607693499E-3,9.996857643E-1,1.771342573E2,1.862011482E-1,-7.656681454E-2,1.771341284E2
3.087570208E2,2.501474713E-2,7.021495840E-4,1.618248993E-3,9.996855259E-1,1.771332221E2,1.873925546E-1,-7.579645834E-2,1.771330937E2
3.087620208E2,2.502395371E-2,6.984317442E-4,1.624788740E-3,9.996852875E-1,1.771321668E2,1.881317568E-1,-7.535007960E-2,1.771320386E2
3.087670208E2,2.501964787E-2,7.028313703E-4,1.615830930E-3,9.996854067E-1,1.771326603E2,1.871178778E-1,-7.588057510E-2,1.771325320E2
3.087720208E2,2.501501758E-2,7.000762271E-4,1.614963287E-3,9.996855259E-1,1.771331911E2,1.870102339E-1,-7.556831201E-2,1.771330633E2
3.087770208E2,2.502149853E-2,6.962208427E-4,1.626874553E-3,9.996853471E-1,1.771324482E2,1.883641739E-1,-7.509128978E-2,1.771323203E2
3.087820208E2,2.500947069E-2,6.979850587E-4,1.627933350E-3,9.996856451E-1,1.771338269E2,1.884896187E-1,-7.529262236E-2,1.771336986E2
3.087870208E2,2.500737382E-2,7.001503254E-4,1.622604788E-3,9.996857047E-1,1.771340673E2,1.878852479E-1,-7.555633154E-2,1.771339389E2
3.087920208E2,2.500711741E-2,6.954970886E-4,1.628546859E-3,9.996857047E-1,1.771340967E2,1.885525920E-1,-7.500629704E-2,1.771339688E2
3.087970208E2,2.500661080E-2,6.947764196E-4,1.636613742E-3,9.996857047E-1,1.771341547E2,1.894745981E-1,-7.490071883E-2,1.771340264E2
3.088020208E2,2.499998035E-2,6.990487454E-4,1.626837533E-3,9.996858835E-1,1.771349148E2,1.883664191E-1,-7.541940246E-2,1.771347863E2
3.088070208E2,2.501017650E-2,6.924102781E-4,1.619448536E-3,9.996856451E-1,1.771337460E2,1.875017068E-1,-7.467818529E-2,1.771336194E2
3.088120208E2,2.502663399E-2,6.846819888E-4,1.626031473E-3,9.996852279E-1,1.771318595E2,1.882348839E-1,-7.377090054E-2,1.771317339E2
3.088170208E2,2.501706423E-2,6.911213859E-4,1.623988384E-3,9.996854663E-1,1.771329565E2,1.880185924E-1,-7.451622847E-2,1.771328298E2
3.088220208E2,2.500835279E-2,6.971533294E-4,1.608747989E-3,9.996857047E-1,1.771339551E2,1.862893535E-1,-7.525253681E-2,1.771338283E2
3.088270208E2,2.502508010E-2,6.858978304E-4,1.612735330E-3,9.996852875E-1,1.771320377E2,1.867151048E-1,-7.394860510E-2,1.771319128E2
3.088320208E2,2.503623685E-2,6.801552372E-4,1.626682817E-3,9.996849895E-1,1.771307588E2,1.882972191E-1,-7.324865933E-2,1.771306340E2
3.088370208E2,2.502426843E-2,6.890392397E-4,1.623951830E-3,9.996852875E-1,1.771321307E2,1.880089703E-1,-7.427645697E-2,1.771320044E2
3.088420208E2,2.501740264E-2,6.926868809E-4,1.618097536E-3,9.996854663E-1,1.771329177E2,1.873482746E-1,-7.471238954E-2,1.771327911E2
3.088470208E2,2.503118397E-2,6.832716172E-4,1.629873877E-3,9.996851087E-1,1.771313380E2,1.886713437E-1,-7.359745605E-2,1.771312123E2
3.088520208E2,2.504056666E-2,6.844844320E-4,1.631474704E-3,9.996848702E-1,1.771302625E2,1.888588991E-1,-7.373002616E-2,1.771301365E2
3.088570208E2,2.502631724E-2,6.940357853E-4,1.626940793E-3,9.996852279E-1,1.771318958E2,1.883658569E-1,-7.483988144E-2,1.771317683E2
3.088620208E2,2.503105020E-2,6.912811659E-4,1.628550352E-3,9.996851087E-1,1.771313533E2,1.885426934E-1,-7.451881580E-2,1.771312262E2
3.088670208E2,2.503526013E-2,6.887221825E-4,1.638070680E-3,9.996849895E-1,1.771308707E2,1.896262744E-1,-7.419756271E-2,1.771307434E2
3.088720208E2,2.503287080E-2,6.930757663E-4,1.636373228E-3,9.996850491E-1,1.771311446E2,1.894441341E-1,-7.470161241E-2,1.771310166E2
3.088770208E2,2.503312078E-2,6.917631254E-4,1.633101259E-3,9.996850491E-1,1.771311160E2,1.890655636E-1,-7.456058113E-2,1.771309884E2
3.088820208E2,2.505423219E-2,6.832481595E-4,1.641297829E-3,9.996845126E-1,1.771286960E2,1.899816531E-1,-7.355761923E-2,1.771285695E2
3.088870208E2,2.505417980E-2,6.826430326E-4,1.642349060E-3,9.996845126E-1,1.771287020E2,1.901003363E-1,-7.348529039E-2,1.771285756E2
3.088920208E2,2.505662446E-2,6.915648701E-4,1.637595124E-3,9.996844530E-1,1.771284218E2,1.895815455E-1,-7.452052103E-2,1.771282940E2
3.088970208E2,2.505668468E-2,6.921714521E-4,1.636417001E-3,9.996844530E-1,1.771284149E2,1.894483310E-1,-7.459337977E-2,1.771282870E2
3.089020208E2,2.506351878E-2,6.884871400E-4,1.642539399E-3,9.996842742E-1,1.771276315E2,1.901396141E-1,-7.415244197E-2,1.771275039E2
3.089070208E2,2.505886587E-2,6.920930464E-4,1.639460097E-3,9.996843934E-1,1.771281649E2,1.897968730E-1,-7.457524586E-2,1.771280368E2
3.089120208E2,2.505200909E-2,6.967926165E-4,1.633213484E-3,9.996845722E-1,1.771289509E2,1.890942686E-1,-7.513284234E-2,1.771288223E2
3.089170208E2,2.505641306E-2,6.932175020E-4,1.640129020E-3,9.996844530E-1,1.771284460E2,1.898765480E-1,-7.470260331E-2,1.771283177E2
3.089220208E2,2.507536736E-2,6.911273813E-4,1.641973387E-3,9.996839762E-1,1.771262734E2,1.900832407E-1,-7.445426871E-2,1.771261453E2
3.089270208E2,2.507799931E-2,6.893133395E-4,1.638826216E-3,9.996839166E-1,1.771259717E2,1.897176963E-1,-7.425500454E-2,1.771258442E2
3.089320208E2,2.509681247E-2,6.925277994E-4,1.640346134E-3,9.996834397E-1,1.771238152E2,1.899024546E-1,-7.461529641E-2,1.771236869E2
3.089370208E2,2.510630149E-2,6.855644169E-4,1.643362222E-3,9.996832013E-1,1.771227274E2,1.902286367E-1,-7.380712390E-2,1.771226004E2
3.089420208E2,2.512064459E-2,6.807104801E-4,1.643742668E-3,9.996828437E-1,1.771210833E2,1.902593034E-1,-7.324725538E-2,1.771209572E2
3.089470208E2,2.511629082E-2,6.850809441E-4,1.635939465E-3,9.996829629E-1,1.771215824E2,1.893776639E-1,-7.377120320E-2,1.771214559E2
3.089520208E2,2.512590563E-2,6.832011859E-4,1.634774264E-3,9.996827245E-1,1.771204803E2,1.892394802E-1,-7.355740066E-2,1.771203543E2
3.089570208E2,2.513495867E-2,6.775279762E-4,1.643739291E-3,9.996824861E-1,1.771194425E2,1.902507978E-1,-7.287996844E-2,1.771193170E2
3.089620208E2,2.515431446E-2,6.737911026E-4,1.639180002E-3,9.996820092E-1,1.771172238E2,1.897191442E-1,-7.246134927E-2,1.771170993E2
3.089670208E2,2.513980392E-2,6.837848923E-4,1.639545779E-3,9.996823668E-1,1.771188871E2,1.897887881E-1,-7.360788987E-2,1.771187607E2
3.089720208E2,2.514913974E-2,6.792558706E-4,1.643618220E-3,9.996821284E-1,1.771178170E2,1.902429424E-1,-7.307555779E-2,1.771176911E2
3.089770208E2,2.515394584E-2,6.773779751E-4,1.643353142E-3,9.996820092E-1,1.771172661E2,1.902075140E-1,-7.286028465E-2,1.771171406E2
3.089820208E2,2.514465314E-2,6.815356319E-4,1.638805494E-3,9.996822476E-1,1.771183313E2,1.896978597E-1,-7.335143793E-2,1.771182053E2
3.089870208E2,2.514434584E-2,6.802381249E-4,1.644051285E-3,9.996822476E-1,1.771183665E2,1.902950325E-1,-7.318774455E-2,1.771182404E2
3.089920208E2,2.514900067E-2,6.722828839E-4,1.648605452E-3,9.996821284E-1,1.771178329E2,1.907941495E-1,-7.226241938E-2,1.771177081E2
3.089970208E2,2.515868235E-2,6.663334789E-4,1.647873316E-3,9.996818900E-1,1.771167231E2,1.906938249E-1,-7.158114746E-2,1.771165995E2
3.090020208E2,2.515387386E-2,6.690249429E-4,1.647870522E-3,9.996820092E-1,1.771172743E2,1.907009195E-1,-7.189039384E-2,1.771171501E2
3.090070208E2,2.515595500E-2,6.683138781E-4,1.652542735E-3,9.996819496E-1,1.771170358E2,1.912342469E-1,-7.179507170E-2,1.771169114E2
3.090120208E2,2.516571634E-2,6.655581528E-4,1.649257960E-3,9.996817112E-1,1.771159169E2,1.908507110E-1,-7.148699494E-2,1.771157932E2
3.090170208E2,2.516358581E-2,6.682753447E-4,1.644531614E-3,9.996817708E-1,1.771161611E2,1.903169659E-1,-7.181229913E-2,1.771160373E2
3.090220208E2,2.516114830E-2,6.639374769E-4,1.647349098E-3,9.996818304E-1,1.771164405E2,1.906270403E-1,-7.130771425E-2,1.771163173E2
3.090270208E2,2.516339181E-2,6.629360723E-4,1.649653073E-3,9.996817708E-1,1.771161833E2,1.908882454E-1,-7.118592657E-2,1.771160602E2
3.090320208E2,2.515424473E-2,6.664937828E-4,1.643228461E-3,9.996820092E-1,1.771172318E2,1.901618756E-1,-7.161374681E-2,1.771171084E2
3.090370208E2,2.515181335E-2,6.678230711E-4,1.643644646E-3,9.996820688E-1,1.771175105E2,1.902132094E-1,-7.176528658E-2,1.771173869E2
3.090420208E2,2.514202271E-2,6.695335032E-4,1.647726749E-3,9.996823072E-1,1.771186328E2,1.906850626E-1,-7.195132704E-2,1.771185085E2
3.090470208E2,2.514448329E-2,6.680209772E-4,1.646956080E-3,9.996822476E-1,1.771183508E2,1.905925966E-1,-7.177981065E-2,1.771182268E2
3.090520208E2,2.513520828E-2,6.657479680E-4,1.644735457E-3,9.996824861E-1,1.771194139E2,1.903309982E-1,-7.152759021E-2,1.771192906E2
3.090570208E2,2.512300596E-2,6.747493753E-4,1.646358985E-3,9.996827841E-1,1.771208127E2,1.905420267E-1,-7.255639771E-2,1.771206874E2
3.090620208E2,2.511313360E-2,6.787595921E-4,1.650555525E-3,9.996830225E-1,1.771219443E2,1.910335894E-1,-7.300559374E-2,1.771218180E2
3.090670208E2,2.512520948E-2,6.699114456E-4,1.650894294E-3,9.996827245E-1,1.771205601E2,1.910478008E-1,-7.198870914E-2,1.771204355E2
3.090720208E2,2.512805237E-2,6.689054426E-4,1.644112403E-3,9.996826649E-1,1.771202342E2,1.902682048E-1,-7.189245201E-2,1.771201103E2
3.090770208E2,2.512302232E-2,6.716581411E-4,1.647372963E-3,9.996827841E-1,1.771208108E2,1.906492843E-1,-7.219935823E-2,1.771206861E2
3.090820208E2,2.512509519E-2,6.709286245E-4,1.652220031E-3,9.996827245E-1,1.771205732E2,1.912025922E-1,-7.210143702E-2,1.771204483E2
3.090870208E2,2.513980903E-2,6.604872178E-4,1.648991136E-3,9.996823668E-1,1.771188866E2,1.908036819E-1,-7.091180764E-2,1.771187639E2
3.090920208E2,2.513480277E-2,6.641309592E-4,1.651571947E-3,9.996824861E-1,1.771194604E2,1.911094693E-1,-7.132273905E-2,1.771193369E2
3.090970208E2,2.512480329E-2,6.704509142E-4,1.656846260E-3,9.996827245E-1,1.771206066E2,1.917311560E-1,-7.203344871E-2,1.771204815E2
3.091020208E2,2.512479952E-2,6.700138911E-4,1.657080255E-3,9.996827245E-1,1.771206071E2,1.917567027E-1,-7.198271242E-2,1.771204820E2
3.091070208E2,2.512745664E-2,6.693378673E-4,1.653017127E-3,9.996826649E-1,1.771203025E2,1.912894933E-1,-7.191646055E-2,1.771201778E2
3.091120208E2,2.512279180E-2,6.726221764E-4,1.650492195E-3,9.996827841E-1,1.771208372E2,1.910093688E-1,-7.230085725E-2,1.771207121E2
3.091170208E2,2.512184527E-2,6.717544165E-4,1.665187418E-3,9.996827841E-1,1.771209457E2,1.926902223E-1,-7.215932586E-2,1.771208197E2
3.091220208E2,2.512923239E-2,6.668170681E-4,1.663058065E-3,9.996826053E-1,1.771200989E2,1.924326068E-1,-7.159843488E-2,1.771199741E2
3.091270208E2,2.512981050E-2,6.669860450E-4,1.654231339E-3,9.996826053E-1,1.771200327E2,1.914219840E-1,-7.164309992E-2,1.771199084E2
3.091320208E2,2.512028129E-2,6.737027434E-4,1.652160427E-3,9.996828437E-1,1.771211250E2,1.912034035E-1,-7.242031923E-2,1.771209996E2
3.091370208E2,2.511967830E-2,6.740365061E-4,1.661167829E-3,9.996828437E-1,1.771211941E2,1.922361693E-1,-7.243273982E-2,1.771210680E2
3.091420208E2,2.512447572E-2,6.709729787E-4,1.661595423E-3,9.996827245E-1,1.771206442E2,1.922766789E-1,-7.207964305E-2,1.771205186E2
3.091470208E2,2.512032935E-2,6.731934845E-4,1.651637140E-3,9.996828437E-1,1.771211195E2,1.911419954E-1,-7.236347815E-2,1.771209942E2
3.091520208E2,2.511046506E-2,6.801421405E-4,1.654480817E-3,9.996830821E-1,1.771222502E2,1.914870376E-1,-7.315318657E-2,1.771221233E2
3.091570208E2,2.511296933E-2,6.784129073E-4,1.653195242E-3,9.996830225E-1,1.771219631E2,1.913349741E-1,-7.295831381E-2,1.771218367E2
3.091620208E2,2.512068150E-2,6.736700307E-4,1.646077493E-3,9.996828437E-1,1.771210791E2,1.905065041E-1,-7.243400650E-2,1.771209541E2
3.091670208E2,2.511843008E-2,6.744227139E-4,1.643926487E-3,9.996829033E-1,1.771213372E2,1.902620979E-1,-7.252685102E-2,1.771212122E2
3.091720208E2,2.510336842E-2,6.841705763E-4,1.652466599E-3,9.996832609E-1,1.771230637E2,1.912673681E-1,-7.362181903E-2,1.771229362E2
3.091770208E2,2.513269682E-2,6.650986616E-4,1.647147001E-3,9.996825457E-1,1.771197018E2,1.906052040E-1,-7.144674139E-2,1.771195784E2
3.091820208E2,2.523084502E-2,6.015103427E-4,1.580577344E-3,9.996802211E-1,1.771084513E2,1.828024406E-1,-6.433614834E-2,1.771083445E2
3.091870208E2,2.522872791E-2,6.024997565E-4,1.538024633E-3,9.996803403E-1,1.771086940E2,1.779305276E-1,-6.457290225E-2,1.771085898E2
3.091920208E2,2.514784518E-2,6.563453353E-4,1.599640469E-3,9.996822476E-1,1.771179654E2,1.851389227E-1,-7.057802122E-2,1.771178470E2
3.091970208E2,2.522308040E-2,6.057730061E-4,1.589754829E-3,9.996803999E-1,1.771093413E2,1.838655924E-1,-6.479935027E-2,1.771092332E2
3.092020208E2,2.528573144E-2,5.662330659E-4,1.506432309E-3,9.996789694E-1,1.771021598E2,1.742100527E-1,-6.049977590E-2,1.771020640E2
3.092070208E2,2.521871308E-2,6.116457516E-4,1.504586777E-3,9.996806383E-1,1.771098419E2,1.741258304E-1,-6.571903820E-2,1.771097383E2
3.092120208E2,2.524017758E-2,5.950270570E-4,1.546761720E-3,9.996800423E-1,1.771073815E2,1.789105305E-1,-6.368955850E-2,1.771072781E2
3.092170208E2,2.527276665E-2,5.735624582E-4,1.523354789E-3,9.996792674E-1,1.771036459E2,1.761690535E-1,-6.129264255E-2,1.771035478E2
3.092220208E2,2.523638322E-2,5.996621912E-4,1.490284223E-3,9.996802211E-1,1.771078165E2,1.724539009E-1,-6.438454701E-2,1.771077158E2
3.092270208E2,2.524443864E-2,5.933265202E-4,1.516095595E-3,9.996799827E-1,1.771068931E2,1.753929174E-1,-6.358270526E-2,1.771067919E2
3.092320208E2,2.524828883E-2,5.910586915E-4,1.531393966E-3,9.996798635E-1,1.771064517E2,1.771391082E-1,-6.327797537E-2,1.771063500E2
3.092370208E2,2.521914538E-2,6.094317068E-4,1.537482371E-3,9.996805787E-1,1.771097924E2,1.778878244E-1,-6.537026444E-2,1.771096870E2
3.092420208E2,2.520574851E-2,6.182563957E-4,1.559710829E-3,9.996808767E-1,1.771113281E2,1.804588287E-1,-6.631935440E-2,1.771112195E2
3.092470208E2,2.521405844E-2,6.113793352E-4,1.580776297E-3,9.996806383E-1,1.771103755E2,1.828526693E-1,-6.546918546E-2,1.771102669E2
3.092520208E2,2.517532484E-2,6.383157452E-4,1.584365265E-3,9.996815920E-1,1.771148155E2,1.833389856E-1,-6.855161937E-2,1.771147016E2
3.092570208E2,2.516237230E-2,6.461143494E-4,1.598856179E-3,9.996818900E-1,1.771163002E2,1.850206001E-1,-6.940558029E-2,1.771161838E2
3.092620208E2,2.513924507E-2,6.613486330E-4,1.620869269E-3,9.996824265E-1,1.771189512E2,1.875846075E-1,-7.109161035E-2,1.771188304E2
3.092670208E2,2.510676886E-2,6.833098596E-4,1.637149253E-3,9.996832013E-1,1.771226739E2,1.895104532E-1,-7.356663916E-2,1.771225477E2
3.092720208E2,2.510212392E-2,6.862138980E-4,1.634366810E-3,9.996833205E-1,1.771232063E2,1.891997213E-1,-7.390819676E-2,1.771230798E2
3.092770208E2,2.511448782E-2,6.781651173E-4,1.630067709E-3,9.996830225E-1,1.771217891E2,1.886849824E-1,-7.299619945E-2,1.771216644E2
3.092820208E2,2.509731175E-2,6.895458791E-4,1.633950975E-3,9.996834397E-1,1.771237579E2,1.891613131E-1,-7.429199966E-2,1.771236308E2
3.092870208E2,2.509190267E-2,6.922897301E-4,1.642905525E-3,9.996835589E-1,1.771243779E2,1.901945964E-1,-7.458159756E-2,1.771242496E2
3.092920208E2,2.511142412E-2,6.793938810E-4,1.640170231E-3,9.996830821E-1,1.771221403E2,1.898455959E-1,-7.310846719E-2,1.771220146E2
3.092970208E2,2.510724557E-2,6.825337186E-4,1.630147337E-3,9.996832013E-1,1.771226192E2,1.887061459E-1,-7.349778370E-2,1.771224937E2
3.093020208E2,2.510212232E-2,6.856929394E-4,1.634609886E-3,9.996833205E-1,1.771232065E2,1.892260681E-1,-7.384781925E-2,1.771230800E2
3.093070208E2,2.511854110E-2,6.746597937E-4,1.642131945E-3,9.996829033E-1,1.771213244E2,1.900572136E-1,-7.255915422E-2,1.771211996E2
3.093120208E2,2.512614114E-2,6.704942207E-4,1.636414789E-3,9.996827245E-1,1.771204533E2,1.893908376E-1,-7.209698292E-2,1.771203296E2
3.093170208E2,2.511403287E-2,6.786970771E-4,1.636841567E-3,9.996830225E-1,1.771218412E2,1.894624640E-1,-7.303772905E-2,1.771217159E2
3.093220208E2,2.511129573E-2,6.790248444E-4,1.642287360E-3,9.996830821E-1,1.771221550E2,1.900870535E-1,-7.306012408E-2,1.771220292E2
3.093270208E2,2.512085554E-2,6.732462789E-4,1.643592957E-3,9.996828437E-1,1.771210591E2,1.902206792E-1,-7.239258274E-2,1.771209344E2
3.093320208E2,2.512124636E-2,6.730778259E-4,1.637678011E-3,9.996828437E-1,1.771210144E2,1.895426322E-1,-7.239023922E-2,1.771208901E2
3.093370208E2,2.512374383E-2,6.720156525E-4,1.636185800E-3,9.996827841E-1,1.771207281E2,1.893688135E-1,-7.227238438E-2,1.771206041E2
3.093420208E2,2.512100052E-2,6.740124081E-4,1.641061157E-3,9.996828437E-1,1.771210425E2,1.899328634E-1,-7.248760779E-2,1.771209179E2
3.093470208E2,2.512584356E-2,6.696119672E-4,1.641337760E-3,9.996827245E-1,1.771204874E2,1.899522296E-1,-7.198179764E-2,1.771203635E2
3.093520208E2,2.513586115E-2,6.629228010E-4,1.635875320E-3,9.996824861E-1,1.771193391E2,1.893079283E-1,-7.122934979E-2,1.771192169E2
3.093570208E2,2.513334737E-2,6.647327100E-4,1.637339126E-3,9.996825457E-1,1.771196272E2,1.894806497E-1,-7.143294430E-2,1.771195046E2
3.093620208E2,2.512113565E-2,6.725773565E-4,1.639580703E-3,9.996828437E-1,1.771210270E2,1.897591474E-1,-7.232745133E-2,1.771209027E2
3.093670208E2,2.511914494E-2,6.740172976E-4,1.633134438E-3,9.996829033E-1,1.771212552E2,1.890246927E-1,-7.251133807E-2,1.771211311E2
3.093720208E2,2.512430535E-2,6.706456188E-4,1.628105761E-3,9.996827841E-1,1.771206637E2,1.884392955E-1,-7.213859719E-2,1.771205406E2
3.093770208E2,2.511895521E-2,6.753301132E-4,1.635508612E-3,9.996829033E-1,1.771212770E2,1.893004333E-1,-7.265492970E-2,1.771211524E2
3.093820208E2,2.513079892E-2,6.673505995E-4,1.638998510E-3,9.996826053E-1,1.771199194E2,1.896780992E-1,-7.172854139E-2,1.771197961E2
3.093870208E2,2.513092122E-2,6.665822584E-4,1.637435285E-3,9.996826053E-1,1.771199053E2,1.894968189E-1,-7.164500266E-2,1.771197824E2
3.093920208E2,2.512364066E-2,6.718118093E-4,1.637852867E-3,9.996827841E-1,1.771207399E2,1.895591910E-1,-7.224425298E-2,1.771206159E2
3.093970208E2,2.511345910E-2,6.789252511E-4,1.645527198E-3,9.996830225E-1,1.771219070E2,1.904580667E-1,-7.303897978E-2,1.771217810E2
3.094020208E2,2.511837278E-2,6.751097389E-4,1.644519973E-3,9.996829033E-1,1.771213437E2,1.903320586E-1,-7.260385592E-2,1.771212186E2
3.094070208E2,2.512103388E-2,6.733200862E-4,1.640834729E-3,9.996828437E-1,1.771210387E2,1.899049341E-1,-7.240894417E-2,1.771209142E2
3.094120208E2,2.512058665E-2,6.734108902E-4,1.647630357E-3,9.996828437E-1,1.771210900E2,1.906836404E-1,-7.239986838E-2,1.771209649E2
3.094170208E2,2.512500811E-2,6.707163993E-4,1.653629821E-3,9.996827245E-1,1.771205831E2,1.913634741E-1,-7.207308305E-2,1.771204582E2
3.094220208E2,2.513225200E-2,6.661117077E-4,1.653512474E-3,9.996825457E-1,1.771197528E2,1.913372907E-1,-7.154454290E-2,1.771196288E2
3.094270208E2,2.513013487E-2,6.662051892E-4,1.649611862E-3,9.996826053E-1,1.771199955E2,1.908905715E-1,-7.156689000E-2,1.771198717E2
3.094320208E2,2.512498104E-2,6.710469024E-4,1.653907006E-3,9.996827245E-1,1.771205863E2,1.913961769E-1,-7.211015101E-2,1.771204612E2
3.094370208E2,2.512755838E-2,6.684609689E-4,1.651825034E-3,9.996826649E-1,1.771202908E2,1.911504144E-1,-7.181942045E-2,1.771201664E2
3.094420208E2,2.513024297E-2,6.669954746E-4,1.647644560E-3,9.996826053E-1,1.771199831E2,1.906674898E-1,-7.166306621E-2,1.771198593E2
3.094470208E2,2.512792799E-2,6.685219705E-4,1.646168064E-3,9.996826649E-1,1.771202485E2,1.905025791E-1,-7.184262751E-2,1.771201245E2
3.094520208E2,2.512771873E-2,6.684165564E-4,1.649401966E-3,9.996826649E-1,1.771202724E2,1.908727220E-1,-7.182127947E-2,1.771201482E2
3.094570208E2,2.512983915E-2,6.666578120E-4,1.653928426E-3,9.996826053E-1,1.771200294E2,1.913863404E-1,-7.160636595E-2,1.771199052E2
3.094620208E2,2.512305425E-2,6.714788033E-4,1.646959106E-3,9.996827841E-1,1.771208071E2,1.906013606E-1,-7.217999955E-2,1.771206825E2
3.094670208E2,2.512049466E-2,6.741796387E-4,1.648718142E-3,9.996828437E-1,1.771211005E2,1.908104588E-1,-7.248481868E-2,1.771209753E2
3.094720208E2,2.511801538E-2,6.748322630E-4,1.650083228E-3,9.996829033E-1,1.771213847E2,1.909685361E-1,-7.255612413E-2,1.771212592E2
3.094770208E2,2.512275251E-2,6.717558717E-4,1.651442843E-3,9.996827841E-1,1.771208417E2,1.911157737E-1,-7.219888812E-2,1.771207167E2
3.094820208E2,2.512081341E-2,6.737902295E-4,1.644014032E-3,9.996828437E-1,1.771210640E2,1.902704786E-1,-7.245369098E-2,1.771209391E2
3.094870208E2,2.512067593E-2,6.725698477E-4,1.646612305E-3,9.996828437E-1,1.771210797E2,1.905646020E-1,-7.230643623E-2,1.771209549E2
3.094920208E2,2.511791900E-2,6.746632280E-4,1.651618863E-3,9.996829033E-1,1.771213958E2,1.911439580E-1,-7.253235847E-2,1.771212702E2
3.094970208E2,2.512022787E-2,6.739560049E-4,1.652869279E-3,9.996828437E-1,1.771211311E2,1.912853318E-1,-7.244730131E-2,1.771210056E2
3.095020208E2,2.512047614E-2,6.738671218E-4,1.649128040E-3,9.996828437E-1,1.771211026E2,1.908565139E-1,-7.244784178E-2,1.771209774E2
3.095070208E2,2.512280711E-2,6.711967289E-4,1.650839462E-3,9.996827841E-1,1.771208354E2,1.910450471E-1,-7.213656207E-2,1.771207106E2
3.095120208E2,2.512269821E-2,6.710679154E-4,1.652548206E-3,9.996827841E-1,1.771208479E2,1.912404146E-1,-7.211690718E-2,1.771207230E2
3.095170208E2,2.512315471E-2,6.721977843E-4,1.645132434E-3,9.996827841E-1,1.771207956E2,1.903941824E-1,-7.226760250E-2,1.771206710E2
3.095220208E2,2.513756113E-2,6.615955499E-4,1.646679477E-3,9.996824265E-1,1.771191442E2,1.905419020E-1,-7.104586104E-2,1.771190216E2
3.095270208E2,2.513737096E-2,6.624963717E-4,1.649218495E-3,9.996824265E-1,1.771191660E2,1.908353424E-1,-7.114177707E-2,1.771190430E2
3.095320208E2,2.513002641E-2,6.673554308E-4,1.650798833E-3,9.996826053E-1,1.771200079E2,1.910298506E-1,-7.169525864E-2,1.771198838E2
3.095370208E2,2.513776901E-2,6.621237844E-4,1.643290278E-3,9.996824265E-1,1.771191204E2,1.901551870E-1,-7.111609671E-2,1.771189979E2
3.095420208E2,2.514502690E-2,6.571707781E-4,1.643016934E-3,9.996822476E-1,1.771182884E2,1.901101169E-1,-7.054811124E-2,1.771181669E2
3.095470208E2,2.513039073E-2,6.665804540E-4,1.645557582E-3,9.996826053E-1,1.771199662E2,1.904272302E-1,-7.162150544E-2,1.771198426E2
3.095520208E2,2.513308326E-2,6.647228147E-4,1.641392242E-3,9.996825457E-1,1.771196575E2,1.899449094E-1,-7.142018715E-2,1.771195346E2
3.095570208E2,2.514999466E-2,6.534173735E-4,1.641009818E-3,9.996821284E-1,1.771177190E2,1.898697226E-1,-7.012297933E-2,1.771175983E2
3.095620208E2,2.514975774E-2,6.535892608E-4,1.644568518E-3,9.996821284E-1,1.771177462E2,1.902778702E-1,-7.013245846E-2,1.771176252E2
3.095670208E2,2.514726647E-2,6.554677966E-4,1.645684824E-3,9.996821880E-1,1.771180317E2,1.904109885E-1,-7.034491169E-2,1.771179103E2
3.095720208E2,2.515469504E-2,6.509893574E-4,1.642550458E-3,9.996820092E-1,1.771171802E2,1.900395415E-1,-6.983950371E-2,1.771170599E2
3.095770208E2,2.515719057E-2,6.486517377E-4,1.641531824E-3,9.996819496E-1,1.771168941E2,1.899162859E-1,-6.957417959E-2,1.771167743E2
3.095820208E2,2.515719490E-2,6.481884629E-4,1.641648356E-3,9.996819496E-1,1.771168936E2,1.899282999E-1,-6.952077230E-2,1.771167739E2
3.095870208E2,2.515957178E-2,6.465382176E-4,1.642169431E-3,9.996818900E-1,1.771166212E2,1.899833988E-1,-6.932977426E-2,1.771165018E2
3.095920208E2,2.516430135E-2,6.438714918E-4,1.643317984E-3,9.996817708E-1,1.771160791E2,1.901076092E-1,-6.902007619E-2,1.771159601E2
3.095970208E2,2.516693767E-2,6.421899307E-4,1.639859402E-3,9.996817112E-1,1.771157769E2,1.897067415E-1,-6.883691811E-2,1.771156584E2
3.096020208E2,2.517135725E-2,6.390606868E-4,1.645909157E-3,9.996815920E-1,1.771152702E2,1.903910512E-1,-6.846015775E-2,1.771151520E2
3.096070208E2,2.516889060E-2,6.406884640E-4,1.646795077E-3,9.996816516E-1,1.771155530E2,1.904970646E-1,-6.864454250E-2,1.771154344E2
3.096120208E2,2.517865492E-2,6.347601302E-4,1.644558040E-3,9.996814132E-1,1.771144337E2,1.902243635E-1,-6.797001575E-2,1.771143164E2
3.096170208E2,2.518325690E-2,6.315180217E-4,1.647802885E-3,9.996812940E-1,1.771139062E2,1.905870337E-1,-6.758837576E-2,1.771137893E2
3.096220208E2,2.516878368E-2,6.414753734E-4,1.648122328E-3,9.996816516E-1,1.771155653E2,1.906513710E-1,-6.873087924E-2,1.771154464E2
3.096270208E2,2.515431688E-2,6.509454106E-4,1.648348873E-3,9.996820092E-1,1.771172235E2,1.907036287E-1,-6.981782677E-2,1.771171028E2
3.096320208E2,2.516178706E-2,6.450600922E-4,1.645091223E-3,9.996818304E-1,1.771163673E2,1.903139973E-1,-6.915160157E-2,1.771162479E2
3.096370208E2,2.516651835E-2,6.424703170E-4,1.646172721E-3,9.996817112E-1,1.771158249E2,1.904307467E-1,-6.885090980E-2,1.771157060E2
3.096420208E2,2.516391508E-2,6.445419276E-4,1.648960402E-3,9.996817708E-1,1.771161233E2,1.907558859E-1,-6.908068049E-2,1.771160038E2
3.096470208E2,2.516441676E-2,6.444052560E-4,1.641340321E-3,9.996817708E-1,1.771160658E2,1.898826043E-1,-6.908690277E-2,1.771159469E2
3.096520208E2,2.517181072E-2,6.397709949E-4,1.638682210E-3,9.996815920E-1,1.771152183E2,1.895652451E-1,-6.856228765E-2,1.771151004E2
3.096570208E2,2.516919586E-2,6.405262975E-4,1.642186195E-3,9.996816516E-1,1.771155180E2,1.899686451E-1,-6.863920072E-2,1.771153997E2
3.096620208E2,2.515472152E-2,6.510177045E-4,1.642133691E-3,9.996820092E-1,1.771171772E2,1.899918821E-1,-6.984394737E-2,1.771170569E2
3.096670208E2,2.515729459E-2,6.481102901E-4,1.640150906E-3,9.996819496E-1,1.771168822E2,1.897565403E-1,-6.951611531E-2,1.771167626E2
3.096720208E2,2.516441533E-2,6.432998925E-4,1.641795854E-3,9.996817708E-1,1.771160660E2,1.899316002E-1,-6.895896434E-2,1.771159472E2
3.096770208E2,2.514977993E-2,6.532139378E-4,1.644378295E-3,9.996821284E-1,1.771177436E2,1.902549989E-1,-7.009000729E-2,1.771176227E2
3.096820208E2,2.515241035E-2,6.514187553E-4,1.641090377E-3,9.996820688E-1,1.771174421E2,1.898733593E-1,-6.989333628E-2,1.771173218E2
3.096870208E2,2.516454705E-2,6.437262637E-4,1.639608294E-3,9.996817708E-1,1.771160509E2,1.896822419E-1,-6.901409073E-2,1.771159322E2
3.096920208E2,2.517397811E-2,6.381034036E-4,1.642395393E-3,9.996815324E-1,1.771149698E2,1.899859480E-1,-6.836013360E-2,1.771148520E2
3.096970208E2,2.516669855E-2,6.421697908E-4,1.643533004E-3,9.996817112E-1,1.771158043E2,1.901274982E-1,-6.882406164E-2,1.771156856E2
3.097020208E2,2.516942698E-2,6.404370070E-4,1.638674992E-3,9.996816516E-1,1.771154915E2,1.895661759E-1,-6.863905557E-2,1.771153735E2
3.097070208E2,2.517215974E-2,6.383959553E-4,1.633850043E-3,9.996815920E-1,1.771151783E2,1.890077511E-1,-6.841864272E-2,1.771150610E2
3.097120208E2,2.518164795E-2,6.327785668E-4,1.635702909E-3,9.996813536E-1,1.771140906E2,1.892044448E-1,-6.776800155E-2,1.771139743E2
3.097170208E2,2.517906249E-2,6.348855677E-4,1.638257527E-3,9.996814132E-1,1.771143870E2,1.895029950E-1,-6.800248739E-2,1.771142701E2
3.097220208E2,2.517697126E-2,6.360582192E-4,1.633564127E-3,9.996814728E-1,1.771146267E2,1.889685818E-1,-6.815075836E-2,1.771145099E2
3.097270208E2,2.517204888E-2,6.384340231E-4,1.635542256E-3,9.996815920E-1,1.771151910E2,1.892017056E-1,-6.841814314E-2,1.771150736E2
3.097320208E2,2.518594494E-2,6.294135237E-4,1.643680385E-3,9.996812344E-1,1.771135981E2,1.901088863E-1,-6.735868082E-2,1.771134819E2
3.097370208E2,2.518370544E-2,6.308312295E-4,1.641197712E-3,9.996812940E-1,1.771138548E2,1.898284235E-1,-6.752867699E-2,1.771137385E2
3.097420208E2,2.517924711E-2,6.333789788E-4,1.636001631E-3,9.996814132E-1,1.771143659E2,1.892402349E-1,-6.783637425E-2,1.771142494E2
3.097470208E2,2.517914608E-2,6.345476722E-4,1.637103269E-3,9.996814132E-1,1.771143774E2,1.893697991E-1,-6.796709444E-2,1.771142607E2
3.097520208E2,2.517873064E-2,6.348426105E-4,1.643366530E-3,9.996814132E-1,1.771144251E2,1.900881126E-1,-6.798288785E-2,1.771143078E2
3.097570208E2,2.517868565E-2,6.345378933E-4,1.644173288E-3,9.996814132E-1,1.771144302E2,1.901796487E-1,-6.794566170E-2,1.771143130E2
3.097620208E2,2.518134639E-2,6.318882806E-4,1.640681992E-3,9.996813536E-1,1.771141252E2,1.897722362E-1,-6.765170372E-2,1.771140087E2
3.097670208E2,2.519590587E-2,6.221361691E-4,1.638788613E-3,9.996809959E-1,1.771124563E2,1.895281646E-1,-6.653725323E-2,1.771123418E2
3.097720208E2,2.519079221E-2,6.267914432E-4,1.642903429E-3,9.996811152E-1,1.771130425E2,1.900126384E-1,-6.705962934E-2,1.771129268E2
3.097770208E2,2.518116983E-2,6.323473644E-4,1.643213094E-3,9.996813536E-1,1.771141455E2,1.900635006E-1,-6.769702370E-2,1.771140287E2
3.097820208E2,2.518625407E-2,6.296794163E-4,1.638834598E-3,9.996812344E-1,1.771135627E2,1.895545633E-1,-6.740306754E-2,1.771134467E2
3.097870208E2,2.519314962E-2,6.246378180E-4,1.643843832E-3,9.996810555E-1,1.771127722E2,1.901143067E-1,-6.680975765E-2,1.771126569E2
3.097920208E2,2.518090642E-2,6.335426006E-4,1.646785298E-3,9.996813536E-1,1.771141756E2,1.904761474E-1,-6.782368605E-2,1.771140584E2
3.097970208E2,2.518610447E-2,6.300251116E-4,1.640999457E-3,9.996812344E-1,1.771135798E2,1.898035475E-1,-6.743644876E-2,1.771134636E2
3.098020208E2,2.518635953E-2,6.288430304E-4,1.637534471E-3,9.996812344E-1,1.771135506E2,1.894032197E-1,-6.731098781E-2,1.771134349E2
3.098070208E2,2.518587933E-2,6.290589808E-4,1.644821023E-3,9.996812344E-1,1.771136056E2,1.902385247E-1,-6.731478649E-2,1.771134894E2
3.098120208E2,2.518108191E-2,6.333196070E-4,1.644185628E-3,9.996813536E-1,1.771141555E2,1.901777094E-1,-6.780560934E-2,1.771140385E2
3.098170208E2,2.518613514E-2,6.299571833E-4,1.640554750E-3,9.996812344E-1,1.771135763E2,1.897524099E-1,-6.742994493E-2,1.771134602E2
3.098220208E2,2.518370938E-2,6.315623759E-4,1.640856033E-3,9.996812940E-1,1.771138544E2,1.897913928E-1,-6.761341884E-2,1.771137379E2
3.098270208E2,2.518609654E-2,6.290176534E-4,1.641507493E-3,9.996812344E-1,1.771135807E2,1.898588373E-1,-6.731957451E-2,1.771134647E2
3.098320208E2,2.519827672E-2,6.217256887E-4,1.638851129E-3,9.996809363E-1,1.771121845E2,1.895342985E-1,-6.648960062E-2,1.771120701E2
3.098370208E2,2.519835523E-2,6.211613072E-4,1.637857640E-3,9.996809363E-1,1.771121755E2,1.894188644E-1,-6.642780183E-2,1.771120613E2
3.098420208E2,2.519815783E-2,6.209061830E-4,1.640988397E-3,9.996809363E-1,1.771121982E2,1.897767596E-1,-6.638957306E-2,1.771120838E2
3.098470208E2,2.519315381E-2,6.250104052E-4,1.643638010E-3,9.996810555E-1,1.771127718E2,1.900918047E-1,-6.685303281E-2,1.771126564E2
3.098520208E2,2.518339247E-2,6.306731957E-4,1.646053744E-3,9.996812940E-1,1.771138907E2,1.903842311E-1,-6.749661870E-2,1.771137741E2
3.098570208E2,2.517636605E-2,6.354880170E-4,1.643085852E-3,9.996814728E-1,1.771146961E2,1.900576609E-1,-6.805808186E-2,1.771145787E2
3.098620208E2,2.518066243E-2,6.324074930E-4,1.650947263E-3,9.996813536E-1,1.771142036E2,1.909496307E-1,-6.768169038E-2,1.771140863E2
3.098670208E2,2.517556955E-2,6.354624638E-4,1.655254979E-3,9.996814728E-1,1.771147874E2,1.914515727E-1,-6.802019775E-2,1.771146692E2
3.098720208E2,2.517086679E-2,6.391269271E-4,1.653367188E-3,9.996815920E-1,1.771153265E2,1.912455669E-1,-6.844632669E-2,1.771152077E2
3.098770208E2,2.517336047E-2,6.377509562E-4,1.651971252E-3,9.996815324E-1,1.771150406E2,1.910818558E-1,-6.829225212E-2,1.771149222E2
3.098820208E2,2.518034839E-2,6.332962657E-4,1.655390370E-3,9.996813536E-1,1.771142396E2,1.914611564E-1,-6.777074287E-2,1.771141218E2
3.098870208E2,2.517335886E-2,6.375086959E-4,1.652089180E-3,9.996815324E-1,1.771150408E2,1.910946662E-1,-6.826416007E-2,1.771149224E2
3.098920208E2,2.517857476E-2,6.347929593E-4,1.645772136E-3,9.996814132E-1,1.771144429E2,1.903635340E-1,-6.797028862E-2,1.771143255E2
3.098970208E2,2.518382149E-2,6.312459591E-4,1.639256370E-3,9.996812940E-1,1.771138415E2,1.896072370E-1,-6.758176699E-2,1.771137252E2
3.099020208E2,2.518129266E-2,6.328092422E-4,1.641151728E-3,9.996813536E-1,1.771141314E2,1.898287011E-1,-6.775585925E-2,1.771140147E2
3.099070208E2,2.517638668E-2,6.362994900E-4,1.642455580E-3,9.996814728E-1,1.771146937E2,1.899878025E-1,-6.815285472E-2,1.771145763E2
3.099120208E2,2.518402017E-2,6.313970080E-4,1.636142959E-3,9.996812940E-1,1.771138187E2,1.892510283E-1,-6.760801802E-2,1.771137026E2
3.099170208E2,2.518644668E-2,6.298260414E-4,1.635815366E-3,9.996812344E-1,1.771135406E2,1.892091303E-1,-6.742854200E-2,1.771134248E2
3.099220208E2,2.518153687E-2,6.325581926E-4,1.637497335E-3,9.996813536E-1,1.771141034E2,1.894093625E-1,-6.773759939E-2,1.771139870E2
3.099270208E2,2.517951836E-2,6.342898123E-4,1.631467720E-3,9.996814132E-1,1.771143348E2,1.887234975E-1,-6.795374602E-2,1.771142184E2
3.099320208E2,2.517964538E-2,6.340563996E-4,1.629596925E-3,9.996814132E-1,1.771143202E2,1.885085229E-1,-6.793238159E-2,1.771142040E2
3.099370208E2,2.519146302E-2,6.264956901E-4,1.632698928E-3,9.996811152E-1,1.771129656E2,1.888428488E-1,-6.705508068E-2,1.771128506E2
3.099420208E2,2.518133273E-2,6.331015611E-4,1.640424016E-3,9.996813536E-1,1.771141268E2,1.897461841E-1,-6.779143820E-2,1.771140101E2
3.099470208E2,2.517421148E-2,6.382931024E-4,1.638740650E-3,9.996815324E-1,1.771149431E2,1.895678406E-1,-6.839236368E-2,1.771148255E2
3.099520208E2,2.517426229E-2,6.371185882E-4,1.638417132E-3,9.996815324E-1,1.771149373E2,1.895273947E-1,-6.825874077E-2,1.771148199E2
3.099570208E2,2.517414919E-2,6.370422198E-4,1.640183618E-3,9.996815324E-1,1.771149502E2,1.897295272E-1,-6.824491774E-2,1.771148328E2
3.099620208E2,2.517387409E-2,6.381412968E-4,1.643974334E-3,9.996815324E-1,1.771149817E2,1.901669265E-1,-6.835993924E-2,1.771148638E2
3.099670208E2,2.517120835E-2,6.393389776E-4,1.648076810E-3,9.996815920E-1,1.771152873E2,1.906401603E-1,-6.848581308E-2,1.771151689E2
3.099720208E2,2.518080586E-2,6.332416087E-4,1.648437930E-3,9.996813536E-1,1.771141872E2,1.906645899E-1,-6.778445618E-2,1.771140699E2
3.099770208E2,2.517324392E-2,6.376496749E-4,1.653785352E-3,9.996815324E-1,1.771150540E2,1.912893707E-1,-6.827543885E-2,1.771149355E2
3.099820208E2,2.517364666E-2,6.381872226E-4,1.647435362E-3,9.996815324E-1,1.771150078E2,1.905635231E-1,-6.835525914E-2,1.771148896E2
3.099870208E2,2.517376044E-2,6.370098563E-4,1.646151883E-3,9.996815324E-1,1.771149948E2,1.904131046E-1,-6.822406674E-2,1.771148769E2
3.099920208E2,2.518309892E-2,6.304855924E-4,1.650610357E-3,9.996812940E-1,1.771139243E2,1.909056545E-1,-6.746203380E-2,1.771138074E2
3.099970208E2,2.518819905E-2,6.274784682E-4,1.646128716E-3,9.996811748E-1,1.771133397E2,1.903839218E-1,-6.712951472E-2,1.771132237E2
3.100020208E2,2.519099042E-2,6.254467880E-4,1.640374772E-3,9.996811152E-1,1.771130197E2,1.897190983E-1,-6.691285434E-2,1.771129045E2
3.100070208E2,2.519847846E-2,6.206918042E-4,1.636138884E-3,9.996809363E-1,1.771121614E2,1.892206240E-1,-6.637895772E-2,1.771120474E2
3.100120208E2,2.520083992E-2,6.198702613E-4,1.636497676E-3,9.996808767E-1,1.771118907E2,1.892595096E-1,-6.628336271E-2,1.771117768E2
3.100170208E2,2.520306955E-2,6.184527301E-4,1.639106311E-3,9.996808171E-1,1.771116351E2,1.895543961E-1,-6.611302110E-2,1.771115213E2
3.100220208E2,2.519835429E-2,6.219808711E-4,1.637561014E-3,9.996809363E-1,1.771121756E2,1.893872510E-1,-6.652254372E-2,1.771120613E2
3.100270208E2,2.520559923E-2,6.169293774E-4,1.637133071E-3,9.996807575E-1,1.771113452E2,1.893241178E-1,-6.594373339E-2,1.771112318E2
3.100320208E2,2.520292084E-2,6.177469040E-4,1.641656971E-3,9.996808171E-1,1.771116522E2,1.898445394E-1,-6.602482666E-2,1.771115384E2
3.100370208E2,2.519565200E-2,6.229462451E-4,1.642380026E-3,9.996809959E-1,1.771124854E2,1.899419026E-1,-6.661973006E-2,1.771123705E2
3.100420208E2,2.519134239E-2,6.260473165E-4,1.634730841E-3,9.996811152E-1,1.771129794E2,1.890743129E-1,-6.699787421E-2,1.771128644E2
3.100470208E2,2.519362709E-2,6.240456132E-4,1.636735746E-3,9.996810555E-1,1.771127175E2,1.892983591E-1,-6.676234853E-2,1.771126028E2
3.100520208E2,2.519769989E-2,6.215784815E-4,1.647751662E-3,9.996809363E-1,1.771122506E2,1.905534390E-1,-6.644714581E-2,1.771121357E2
3.100570208E2,2.518594993E-2,6.290547899E-4,1.643741271E-3,9.996812344E-1,1.771135975E2,1.901148259E-1,-6.731740937E-2,1.771134814E2
3.100620208E2,2.518145734E-2,6.323952693E-4,1.638782793E-3,9.996813536E-1,1.771141125E2,1.895561432E-1,-6.771524132E-2,1.771139960E2
3.100670208E2,2.518561079E-2,6.288008881E-4,1.649026293E-3,9.996812344E-1,1.771136364E2,1.907194982E-1,-6.727313460E-2,1.771135199E2
3.100720208E2,2.518500468E-2,6.297192303E-4,1.657908899E-3,9.996812344E-1,1.771137059E2,1.917396587E-1,-6.735281481E-2,1.771135886E2
3.100770208E2,2.517766140E-2,6.348050083E-4,1.659681904E-3,9.996814132E-1,1.771145476E2,1.919569464E-1,-6.793170939E-2,1.771144293E2
3.100820208E2,2.518539654E-2,6.290579331E-4,1.652197447E-3,9.996812344E-1,1.771136610E2,1.910834985E-1,-6.729346884E-2,1.771135442E2
3.100870208E2,2.518969920E-2,6.264626281E-4,1.659701811E-3,9.996811152E-1,1.771131677E2,1.919359614E-1,-6.697367866E-2,1.771130510E2
3.100920208E2,2.518726302E-2,6.288219593E-4,1.659880974E-3,9.996811748E-1,1.771134470E2,1.919631327E-1,-6.724390258E-2,1.771133298E2
3.100970208E2,2.517345090E-2,6.371920463E-4,1.650808495E-3,9.996815324E-1,1.771150303E2,1.909470495E-1,-6.823156315E-2,1.771149120E2
3.101020208E2,2.518062180E-2,6.324471906E-4,1.651551574E-3,9.996813536E-1,1.771142083E2,1.910189698E-1,-6.768450190E-2,1.771140909E2
3.101070208E2,2.519225492E-2,6.249001017E-4,1.657399931E-3,9.996810555E-1,1.771128748E2,1.916679285E-1,-6.680083808E-2,1.771127585E2
3.101120208E2,2.519510343E-2,6.229431601E-4,1.650775317E-3,9.996809959E-1,1.771125483E2,1.909035829E-1,-6.659524145E-2,1.771124328E2
3.101170208E2,2.519289712E-2,6.250066217E-4,1.647569123E-3,9.996810555E-1,1.771128012E2,1.905421068E-1,-6.684129903E-2,1.771126856E2
3.101220208E2,2.519079029E-2,6.262816023E-4,1.643127413E-3,9.996811152E-1,1.771130427E2,1.900368249E-1,-6.700057827E-2,1.771129271E2
3.101270208E2,2.519301434E-2,6.243489333E-4,1.646025456E-3,9.996810555E-1,1.771127877E2,1.903633803E-1,-6.677039178E-2,1.771126723E2
3.101320208E2,2.518870063E-2,6.283131079E-4,1.638115849E-3,9.996811748E-1,1.771132822E2,1.894684476E-1,-6.724816079E-2,1.771131666E2
3.101370208E2,2.518440103E-2,6.305619609E-4,1.630593208E-3,9.996812940E-1,1.771137751E2,1.886128898E-1,-6.752830384E-2,1.771136595E2
3.101420208E2,2.518669832E-2,6.286523421E-4,1.632388798E-3,9.996812344E-1,1.771135117E2,1.888132273E-1,-6.730393129E-2,1.771133964E2
3.101470208E2,2.517916433E-2,6.336374208E-4,1.637175097E-3,9.996814132E-1,1.771143753E2,1.893754020E-1,-6.786260979E-2,1.771142587E2
3.101520208E2,2.516955255E-2,6.399611011E-4,1.636931323E-3,9.996816516E-1,1.771154771E2,1.893650650E-1,-6.858954364E-2,1.771153593E2
3.101570208E2,2.517183292E-2,6.395441014E-4,1.638429705E-3,9.996815920E-1,1.771152157E2,1.895356663E-1,-6.853702001E-2,1.771150979E2
3.101620208E2,2.518137964E-2,6.329392199E-4,1.639766386E-3,9.996813536E-1,1.771141214E2,1.896703836E-1,-6.777473001E-2,1.771140048E2
3.101670208E2,2.517185975E-2,6.384617300E-4,1.638439600E-3,9.996815920E-1,1.771152126E2,1.895336792E-1,-6.841299520E-2,1.771150950E2
3.101720208E2,2.516951979E-2,6.409938214E-4,1.637030859E-3,9.996816516E-1,1.771154809E2,1.893794440E-1,-6.870756615E-2,1.771153629E2
3.101770208E2,2.517180991E-2,6.392003270E-4,1.638917369E-3,9.996815920E-1,1.771152184E2,1.895905375E-1,-6.849623654E-2,1.771151006E2
3.101820208E2,2.516695955E-2,6.427807966E-4,1.639291993E-3,9.996817112E-1,1.771157743E2,1.896434475E-1,-6.890623711E-2,1.771156558E2
3.101870208E2,2.516953817E-2,6.405908498E-4,1.636906061E-3,9.996816516E-1,1.771154788E2,1.893639866E-1,-6.866176016E-2,1.771153608E2
3.101920208E2,2.516460486E-2,6.432770751E-4,1.638897229E-3,9.996817708E-1,1.771160443E2,1.895994941E-1,-6.896467346E-2,1.771159257E2
3.101970208E2,2.516424439E-2,6.437421544E-4,1.644240692E-3,9.996817708E-1,1.771160856E2,1.902129335E-1,-6.900260992E-2,1.771159665E2
3.102020208E2,2.516188885E-2,6.464170874E-4,1.643000403E-3,9.996818304E-1,1.771163556E2,1.900784027E-1,-6.931306176E-2,1.771162361E2
3.102070208E2,2.516447825E-2,6.434771931E-4,1.640761620E-3,9.996817708E-1,1.771160588E2,1.898136387E-1,-6.898224555E-2,1.771159400E2
3.102120208E2,2.516962355E-2,6.404607557E-4,1.635643654E-3,9.996816516E-1,1.771154690E2,1.892190015E-1,-6.865048227E-2,1.771153512E2
3.102170208E2,2.516715345E-2,6.419689744E-4,1.636631205E-3,9.996817112E-1,1.771157521E2,1.893363114E-1,-6.882087582E-2,1.771156340E2
3.102220208E2,2.516704830E-2,6.427479093E-4,1.637941808E-3,9.996817112E-1,1.771157642E2,1.894886877E-1,-6.890634687E-2,1.771156458E2
3.102270208E2,2.516747257E-2,6.417921395E-4,1.631786115E-3,9.996817112E-1,1.771157155E2,1.887807919E-1,-6.881453177E-2,1.771155977E2
3.102320208E2,2.516751034E-2,6.418454577E-4,1.631182502E-3,9.996817112E-1,1.771157112E2,1.887118010E-1,-6.882237340E-2,1.771155934E2
3.102370208E2,2.516967974E-2,6.409531343E-4,1.634585788E-3,9.996816516E-1,1.771154625E2,1.890992414E-1,-6.870992738E-2,1.771153447E2
3.102420208E2,2.516975814E-2,6.408536574E-4,1.633417211E-3,9.996816516E-1,1.771154536E2,1.889650929E-1,-6.870188757E-2,1.771153358E2
3.102470208E2,2.517202848E-2,6.388910697E-4,1.635677647E-3,9.996815920E-1,1.771151933E2,1.892185325E-1,-6.847011346E-2,1.771150758E2
3.102520208E2,2.517212817E-2,6.396129611E-4,1.633860404E-3,9.996815920E-1,1.771151819E2,1.890124467E-1,-6.855803302E-2,1.771150644E2
3.102570208E2,2.516908860E-2,6.404008600E-4,1.643878175E-3,9.996816516E-1,1.771155303E2,1.901621015E-1,-6.861997144E-2,1.771154119E2
3.102620208E2,2.516687285E-2,6.422910374E-4,1.640814357E-3,9.996817112E-1,1.771157843E2,1.898164240E-1,-6.884575858E-2,1.771156658E2
3.102670208E2,2.515993934E-2,6.473017856E-4,1.636226545E-3,9.996818900E-1,1.771165791E2,1.893048358E-1,-6.943430983E-2,1.771164599E2
3.102720208E2,2.516433217E-2,6.446581683E-4,1.642537536E-3,9.996817708E-1,1.771160755E2,1.900204754E-1,-6.911243878E-2,1.771159564E2
3.102770208E2,2.515969606E-2,6.466472987E-4,1.640221337E-3,9.996818900E-1,1.771166069E2,1.897605571E-1,-6.934786322E-2,1.771164876E2
3.102820208E2,2.515508150E-2,6.501315511E-4,1.636962290E-3,9.996820092E-1,1.771171359E2,1.893969400E-1,-6.975727303E-2,1.771170161E2
3.102870208E2,2.516201091E-2,6.460731965E-4,1.641265466E-3,9.996818304E-1,1.771163416E2,1.898786728E-1,-6.927864674E-2,1.771162223E2
3.102920208E2,2.516910907E-2,6.413286901E-4,1.643202966E-3,9.996816516E-1,1.771155280E2,1.900874304E-1,-6.872820273E-2,1.771154095E2
3.102970208E2,2.516166938E-2,6.456825067E-4,1.646646298E-3,9.996818304E-1,1.771163807E2,1.904939265E-1,-6.921844078E-2,1.771162612E2
3.103020208E2,2.516213964E-2,6.450008950E-4,1.639712835E-3,9.996818304E-1,1.771163268E2,1.896977271E-1,-6.916026164E-2,1.771162079E2
3.103070208E2,2.516696188E-2,6.425727624E-4,1.639337861E-3,9.996817112E-1,1.771157741E2,1.896481020E-1,-6.888227300E-2,1.771156556E2
3.103120208E2,2.516947600E-2,6.413638475E-4,1.637559151E-3,9.996816516E-1,1.771154859E2,1.894410272E-1,-6.874843906E-2,1.771153678E2
3.103170208E2,2.516002671E-2,6.464359467E-4,1.635225024E-3,9.996818900E-1,1.771165690E2,1.891876155E-1,-6.933799461E-2,1.771164501E2
3.103220208E2,2.515341903E-2,6.523426855E-4,1.625186298E-3,9.996820688E-1,1.771173265E2,1.880541933E-1,-7.004482908E-2,1.771172071E2
3.103270208E2,2.515789431E-2,6.481699529E-4,1.630902407E-3,9.996819496E-1,1.771168135E2,1.886972876E-1,-6.954949964E-2,1.771166945E2
3.103320208E2,2.516241934E-2,6.448784261E-4,1.635463443E-3,9.996818304E-1,1.771162948E2,1.892106021E-1,-6.915843235E-2,1.771161761E2
3.103370208E2,2.516693460E-2,6.423441810E-4,1.639846130E-3,9.996817112E-1,1.771157772E2,1.897056659E-1,-6.885462713E-2,1.771156587E2
3.103420208E2,2.516511217E-2,6.439587451E-4,1.630819985E-3,9.996817708E-1,1.771159861E2,1.886762024E-1,-6.906595945E-2,1.771158680E2
3.103470208E2,2.516518367E-2,6.430712529E-4,1.630066661E-3,9.996817708E-1,1.771159779E2,1.885873504E-1,-6.896645163E-2,1.771158600E2
3.103520208E2,2.516513754E-2,6.433621165E-4,1.630663988E-3,9.996817708E-1,1.771159832E2,1.886566132E-1,-6.899805767E-2,1.771158652E2
3.103570208E2,2.515827774E-2,6.480744341E-4,1.625015051E-3,9.996819496E-1,1.771167695E2,1.880226099E-1,-6.955545863E-2,1.771166510E2
3.103620208E2,2.514648486E-2,6.559744361E-4,1.621034462E-3,9.996822476E-1,1.771181213E2,1.875885581E-1,-7.047413369E-2,1.771180015E2
3.103670208E2,2.514621770E-2,6.559362519E-4,1.625188859E-3,9.996822476E-1,1.771181519E2,1.880643384E-1,-7.045783802E-2,1.771180319E2
3.103720208E2,2.515077990E-2,6.539459573E-4,1.628718455E-3,9.996821284E-1,1.771176290E2,1.884632578E-1,-7.021880826E-2,1.771175091E2
3.103770208E2,2.514353304E-2,6.584235816E-4,1.629051636E-3,9.996823072E-1,1.771184597E2,1.885138191E-1,-7.073214955E-2,1.771183389E2
3.103820208E2,2.513588772E-2,6.637374172E-4,1.635136548E-3,9.996824861E-1,1.771193360E2,1.892256465E-1,-7.132479132E-2,1.771192138E2
3.103870208E2,2.514253462E-2,6.593584549E-4,1.644014614E-3,9.996823072E-1,1.771185741E2,1.902305345E-1,-7.079632037E-2,1.771184521E2
3.103920208E2,2.514002327E-2,6.597812753E-4,1.646004850E-3,9.996823668E-1,1.771188620E2,1.904595675E-1,-7.083950074E-2,1.771187397E2
3.103970208E2,2.513540359E-2,6.634212332E-4,1.642689575E-3,9.996824861E-1,1.771193915E2,1.900899424E-1,-7.126690645E-2,1.771192688E2
3.104020208E2,2.513072396E-2,6.662877859E-4,1.640579547E-3,9.996826053E-1,1.771199280E2,1.898561493E-1,-7.160225153E-2,1.771198048E2
3.104070208E2,2.514023339E-2,6.609743577E-4,1.642312738E-3,9.996823668E-1,1.771188379E2,1.900400680E-1,-7.098677142E-2,1.771187157E2
3.104120208E2,2.514032058E-2,6.606029347E-4,1.641127048E-3,9.996823668E-1,1.771188279E2,1.899031766E-1,-7.094762237E-2,1.771187058E2
3.104170208E2,2.513823713E-2,6.622517249E-4,1.636061817E-3,9.996824265E-1,1.771190667E2,1.893275286E-1,-7.115148734E-2,1.771189447E2
3.104220208E2,2.514040005E-2,6.598624168E-4,1.640207367E-3,9.996823668E-1,1.771188188E2,1.897956941E-1,-7.086542671E-2,1.771186969E2
3.104270208E2,2.514539413E-2,6.569233956E-4,1.637486392E-3,9.996822476E-1,1.771182463E2,1.894758756E-1,-7.053563913E-2,1.771181252E2
3.104320208E2,2.514581043E-2,6.562148337E-4,1.631366322E-3,9.996822476E-1,1.771181986E2,1.887727751E-1,-7.047202652E-2,1.771180781E2
3.104370208E2,2.514394315E-2,6.583324284E-4,1.622746466E-3,9.996823072E-1,1.771184127E2,1.877912933E-1,-7.073979792E-2,1.771182923E2
3.104420208E2,2.515351366E-2,6.524806959E-4,1.623665565E-3,9.996820688E-1,1.771173156E2,1.878803894E-1,-7.006500460E-2,1.771171963E2
3.104470208E2,2.516552119E-2,6.430603680E-4,1.624851953E-3,9.996817708E-1,1.771159392E2,1.879899690E-1,-6.898017963E-2,1.771158217E2
3.104520208E2,2.516114085E-2,6.475166301E-4,1.617559115E-3,9.996818900E-1,1.771164413E2,1.871670822E-1,-6.951251908E-2,1.771163234E2
3.104570208E2,2.516155839E-2,6.467453204E-4,1.611361047E-3,9.996818900E-1,1.771163935E2,1.864548643E-1,-6.944195508E-2,1.771162761E2
3.104620208E2,2.516866480E-2,6.413770025E-4,1.613457804E-3,9.996817112E-1,1.771155789E2,1.866800681E-1,-6.881961377E-2,1.771154624E2
3.104670208E2,2.516653220E-2,6.439351127E-4,1.608767081E-3,9.996817708E-1,1.771158233E2,1.861499515E-1,-6.912658467E-2,1.771157067E2
3.104720208E2,2.515964767E-2,6.482040626E-4,1.603612676E-3,9.996819496E-1,1.771166125E2,1.855713193E-1,-6.963175802E-2,1.771164954E2
3.104770208E2,2.515942390E-2,6.475620903E-4,1.607378479E-3,9.996819496E-1,1.771166381E2,1.860008461E-1,-6.954740084E-2,1.771165209E2
3.104820208E2,2.516878237E-2,6.414218224E-4,1.611604937E-3,9.996817112E-1,1.771155654E2,1.864679495E-1,-6.883007030E-2,1.771154491E2
3.104870208E2,2.515918122E-2,6.487387000E-4,1.610698993E-3,9.996819496E-1,1.771166660E2,1.863846049E-1,-6.967265914E-2,1.771165483E2
3.104920208E2,2.515738099E-2,6.491221720E-4,1.601644093E-3,9.996820092E-1,1.771168723E2,1.853482965E-1,-6.974302827E-2,1.771167552E2
3.104970208E2,2.516904762E-2,6.419412093E-4,1.607249724E-3,9.996817112E-1,1.771155350E2,1.859705525E-1,-6.890208091E-2,1.771154189E2
3.105020208E2,2.517124608E-2,6.396967801E-4,1.610785024E-3,9.996816516E-1,1.771152830E2,1.863692173E-1,-6.863436340E-2,1.771151670E2
3.105070208E2,2.517115648E-2,6.401622086E-4,1.611999818E-3,9.996816516E-1,1.771152933E2,1.865097151E-1,-6.868419322E-2,1.771151771E2
3.105120208E2,2.517617921E-2,6.373500801E-4,1.608601189E-3,9.996815324E-1,1.771147175E2,1.861126148E-1,-6.837091784E-2,1.771146022E2
3.105170208E2,2.518085469E-2,6.339845131E-4,1.610830775E-3,9.996814132E-1,1.771141816E2,1.863586333E-1,-6.797807082E-2,1.771140667E2
3.105220208E2,2.518067350E-2,6.343937712E-4,1.613499830E-3,9.996814132E-1,1.771142023E2,1.866655566E-1,-6.801728534E-2,1.771140872E2
3.105270208E2,2.517102039E-2,6.394880475E-4,1.614390756E-3,9.996816516E-1,1.771153089E2,1.867816559E-1,-6.860009333E-2,1.771151927E2
3.105320208E2,2.518072523E-2,6.344050053E-4,1.612687833E-3,9.996814132E-1,1.771141964E2,1.865725739E-1,-6.802090571E-2,1.771140813E2
3.105370208E2,2.518293022E-2,6.327895098E-4,1.615836984E-3,9.996813536E-1,1.771139437E2,1.869288138E-1,-6.782634294E-2,1.771138287E2
3.105420208E2,2.517567738E-2,6.364962319E-4,1.616772497E-3,9.996815324E-1,1.771147750E2,1.870461847E-1,-6.824962406E-2,1.771146593E2
3.105470208E2,2.516648997E-2,6.426715991E-4,1.609932631E-3,9.996817708E-1,1.771158282E2,1.862798245E-1,-6.897848913E-2,1.771157117E2
3.105520208E2,2.534961482E-2,5.208851071E-4,1.555848983E-3,9.996773005E-1,1.770948369E2,1.797430996E-1,-5.515027254E-2,1.770947465E2
3.105570208E2,2.546151668E-2,4.497438495E-4,1.430862234E-3,9.996746778E-1,1.770820098E2,1.652238845E-1,-4.734529737E-2,1.770819382E2
3.105620208E2,2.523457160E-2,6.001028232E-4,1.520477817E-3,9.996802211E-1,1.771080241E2,1.759138932E-1,-6.434802305E-2,1.771079215E2
3.105670208E2,2.533563117E-2,5.303424550E-4,1.550633344E-3,9.996776581E-1,1.770964398E2,1.791723104E-1,-5.625131272E-2,1.770963480E2
3.105720208E2,2.549516339E-2,4.273034865E-4,1.421586960E-3,9.996738434E-1,1.770781529E2,1.640973891E-1,-4.479619719E-2,1.770780855E2
3.105770208E2,2.549551059E-2,4.989331355E-4,1.391711063E-3,9.996738434E-1,1.770781131E2,1.608842742E-1,-5.308890421E-2,1.770780354E2
3.105820208E2,2.543313504E-2,5.001664977E-4,1.460502390E-3,9.996753335E-1,1.770852631E2,1.687649221E-1,-5.303973693E-2,1.770851815E2
3.105870208E2,2.547620612E-2,4.466820974E-4,1.461526030E-3,9.996742606E-1,1.770803259E2,1.687283174E-1,-4.690261191E-2,1.770802535E2
3.105920208E2,2.546934000E-2,4.927654518E-4,1.402099035E-3,9.996744990E-1,1.770811130E2,1.620548713E-1,-5.235626254E-2,1.770810357E2
3.105970208E2,2.544509766E-2,4.859369365E-4,1.419557841E-3,9.996750951E-1,1.770838919E2,1.640336761E-1,-5.152704859E-2,1.770838148E2
3.106020208E2,2.547764887E-2,4.757829302E-4,1.467947615E-3,9.996742010E-1,1.770801606E2,1.695489737E-1,-5.021724380E-2,1.770800828E2
3.106070208E2,2.547734827E-2,5.278091412E-4,1.495708711E-3,9.996741414E-1,1.770801950E2,1.728810206E-1,-5.609606737E-2,1.770801067E2
3.106120208E2,2.545126337E-2,5.340504576E-4,1.499369740E-3,9.996747971E-1,1.770831851E2,1.733171490E-1,-5.680487041E-2,1.770830955E2
3.106170208E2,2.546896464E-2,5.283507053E-4,1.518610050E-3,9.996743202E-1,1.770811560E2,1.755055835E-1,-5.609271536E-2,1.770810663E2
3.106220208E2,2.547813825E-2,5.714872386E-4,1.545062056E-3,9.996740222E-1,1.770801045E2,1.786622482E-1,-6.095534600E-2,1.770800055E2
3.106270208E2,2.546043752E-2,5.939003895E-4,1.558381598E-3,9.996744394E-1,1.770821335E2,1.802523820E-1,-6.348717004E-2,1.770820295E2
3.106320208E2,2.547600507E-2,5.923517747E-4,1.572141307E-3,9.996740222E-1,1.770803490E2,1.818250866E-1,-6.326679196E-2,1.770802445E2
3.106370208E2,2.546650960E-2,6.369546172E-4,1.594681642E-3,9.996742010E-1,1.770814374E2,1.845367611E-1,-6.831218388E-2,1.770813231E2
3.106420208E2,2.544644739E-2,6.580800400E-4,1.607393497E-3,9.996746778E-1,1.770837371E2,1.860532003E-1,-7.069882703E-2,1.770836180E2
3.106470208E2,2.545096730E-2,6.495274138E-4,1.613439294E-3,9.996745586E-1,1.770832190E2,1.867211476E-1,-6.970061257E-2,1.770831010E2
3.106520208E2,2.544841543E-2,6.539663882E-4,1.614967012E-3,9.996746182E-1,1.770835115E2,1.869089233E-1,-7.020513759E-2,1.770833926E2
3.106570208E2,2.544132664E-2,6.630439311E-4,1.612265012E-3,9.996747971E-1,1.770843241E2,1.866253664E-1,-7.125421247E-2,1.770842036E2
3.106620208E2,2.542232535E-2,6.583064678E-4,1.618261100E-3,9.996752739E-1,1.770865022E2,1.872970894E-1,-7.069759407E-2,1.770863822E2
3.106670208E2,2.542676077E-2,6.608150434E-4,1.621192088E-3,9.996751547E-1,1.770859938E2,1.876404718E-1,-7.097559100E-2,1.770858731E2
3.106720208E2,2.541016609E-2,6.672332529E-4,1.621471019E-3,9.996755719E-1,1.770878960E2,1.876899372E-1,-7.171312788E-2,1.770877741E2
3.106770208E2,2.541038833E-2,6.610645214E-4,1.620514784E-3,9.996755719E-1,1.770878705E2,1.875624474E-1,-7.100921519E-2,1.770877499E2
3.106820208E2,2.540556935E-2,6.614111480E-4,1.622390118E-3,9.996756911E-1,1.770884229E2,1.877779429E-1,-7.104436713E-2,1.770883020E2
3.106870208E2,2.540068909E-2,6.637154147E-4,1.624408411E-3,9.996758103E-1,1.770889824E2,1.880155090E-1,-7.130337292E-2,1.770888609E2
3.106920208E2,2.538452672E-2,6.607795949E-4,1.621482545E-3,9.996762276E-1,1.770908350E2,1.876706431E-1,-7.097861259E-2,1.770907143E2
3.106970208E2,2.538943724E-2,6.626813556E-4,1.617313712E-3,9.996761084E-1,1.770902721E2,1.871989655E-1,-7.120767533E-2,1.770901514E2
3.107020208E2,2.538690774E-2,6.602557260E-4,1.621166477E-3,9.996761680E-1,1.770905621E2,1.876330809E-1,-7.091907358E-2,1.770904415E2
3.107070208E2,2.538658903E-2,6.596070598E-4,1.626412850E-3,9.996761680E-1,1.770905986E2,1.882321684E-1,-7.082956296E-2,1.770904778E2
3.107120208E2,2.538437442E-2,6.592823192E-4,1.624473603E-3,9.996762276E-1,1.770908525E2,1.880089167E-1,-7.079842066E-2,1.770907318E2
3.107170208E2,2.538226187E-2,6.647887058E-4,1.618548762E-3,9.996762872E-1,1.770910946E2,1.873460656E-1,-7.144683302E-2,1.770909734E2
3.107220208E2,2.539389342E-2,6.620433414E-4,1.621292788E-3,9.996759892E-1,1.770897613E2,1.876532484E-1,-7.112217418E-2,1.770896404E2
3.107270208E2,2.540540055E-2,6.535155117E-4,1.628222526E-3,9.996756911E-1,1.770884423E2,1.884230721E-1,-7.012293840E-2,1.770883225E2
3.107320208E2,2.540347360E-2,6.546619115E-4,1.621217001E-3,9.996757507E-1,1.770886632E2,1.876237581E-1,-7.027502091E-2,1.770885437E2
3.107370208E2,2.539906396E-2,6.581395864E-4,1.615381916E-3,9.996758699E-1,1.770891686E2,1.869651342E-1,-7.069121552E-2,1.770890489E2
3.107420208E2,2.540842191E-2,6.551364204E-4,1.616982161E-3,9.996756315E-1,1.770880959E2,1.871403666E-1,-7.034077992E-2,1.770879766E2
3.107470208E2,2.542013925E-2,6.524063647E-4,1.618171227E-3,9.996753335E-1,1.770867528E2,1.872694507E-1,-7.002238273E-2,1.770866339E2
3.107520208E2,2.541295978E-2,6.558872410E-4,1.619063667E-3,9.996755123E-1,1.770875758E2,1.873813190E-1,-7.041987841E-2,1.770874562E2
3.107570208E2,2.541302034E-2,6.520716706E-4,1.619654242E-3,9.996755123E-1,1.770875688E2,1.874378637E-1,-6.998105674E-2,1.770874499E2
3.107620208E2,2.542441311E-2,6.519111921E-4,1.624857774E-3,9.996752143E-1,1.770862629E2,1.880342828E-1,-6.994537636E-2,1.770861437E2
3.107670208E2,2.542637247E-2,6.516969879E-4,1.630943734E-3,9.996751547E-1,1.770860383E2,1.887309712E-1,-6.990273669E-2,1.770859187E2
3.107720208E2,2.541953001E-2,6.505579222E-4,1.628453378E-3,9.996753335E-1,1.770868226E2,1.884418923E-1,-6.978079788E-2,1.770867034E2
3.107770208E2,2.543171035E-2,6.428753841E-4,1.624273602E-3,9.996750355E-1,1.770854264E2,1.879415379E-1,-6.891061511E-2,1.770853090E2
3.107820208E2,2.543860629E-2,6.452105008E-4,1.625413774E-3,9.996748567E-1,1.770846360E2,1.880794330E-1,-6.917349260E-2,1.770845180E2
3.107870208E2,2.543121076E-2,6.483751931E-4,1.629899838E-3,9.996750355E-1,1.770854837E2,1.886020448E-1,-6.952433944E-2,1.770853648E2
3.107920208E2,2.543133308E-2,6.480593584E-4,1.628116006E-3,9.996750355E-1,1.770854697E2,1.883967864E-1,-6.949333481E-2,1.770853509E2
3.107970208E2,2.543644510E-2,6.466712803E-4,1.621993375E-3,9.996749163E-1,1.770848837E2,1.876917192E-1,-6.935120804E-2,1.770847657E2
3.108020208E2,2.542928424E-2,6.510681123E-4,1.622309326E-3,9.996750951E-1,1.770857045E2,1.877402299E-1,-6.985530810E-2,1.770855856E2
3.108070208E2,2.541994167E-2,6.542121992E-4,1.620544237E-3,9.996753335E-1,1.770867755E2,1.875465373E-1,-7.022237335E-2,1.770866561E2
3.108120208E2,2.542493043E-2,6.513274275E-4,1.616978087E-3,9.996752143E-1,1.770862036E2,1.871299626E-1,-6.990136456E-2,1.770860850E2
3.108170208E2,2.543437578E-2,6.478492287E-4,1.617230708E-3,9.996749759E-1,1.770851209E2,1.871494233E-1,-6.950041736E-2,1.770850030E2
3.108220208E2,2.541798327E-2,6.486749626E-4,1.616715337E-3,9.996753931E-1,1.770869999E2,1.870916509E-1,-6.959957882E-2,1.770868819E2
3.108270208E2,2.541328504E-2,6.557337474E-4,1.614012639E-3,9.996755123E-1,1.770875385E2,1.868022756E-1,-7.041694404E-2,1.770874193E2
3.108320208E2,2.542029853E-2,6.527768564E-4,1.615517540E-3,9.996753335E-1,1.770867345E2,1.869665488E-1,-7.007252474E-2,1.770866158E2
3.108370208E2,2.542265473E-2,6.530532846E-4,1.615212183E-3,9.996752739E-1,1.770864645E2,1.869325392E-1,-7.010463974E-2,1.770863457E2
3.108420208E2,2.541320514E-2,6.520223105E-4,1.616771915E-3,9.996755123E-1,1.770875477E2,1.871075486E-1,-6.998376176E-2,1.770874290E2
3.108470208E2,2.540578907E-2,6.629279233E-4,1.618325245E-3,9.996756911E-1,1.770883977E2,1.873167241E-1,-7.122991372E-2,1.770882769E2
3.108520208E2,2.540353028E-2,6.616115570E-4,1.617503352E-3,9.996757507E-1,1.770886567E2,1.872185790E-1,-7.108193402E-2,1.770885361E2
3.108570208E2,2.541544529E-2,6.508919178E-4,1.618867158E-3,9.996754527E-1,1.770872909E2,1.873444329E-1,-6.984774857E-2,1.770871722E2
3.108620208E2,2.540557069E-2,6.585431402E-4,1.623535296E-3,9.996756911E-1,1.770884228E2,1.879007780E-1,-7.071248981E-2,1.770883024E2
3.108670208E2,2.540046342E-2,6.618992775E-4,1.628672588E-3,9.996758103E-1,1.770890082E2,1.884986880E-1,-7.108295658E-2,1.770888868E2
3.108720208E2,2.539842360E-2,6.557780434E-4,1.626373269E-3,9.996758699E-1,1.770892420E2,1.882173272E-1,-7.038881892E-2,1.770891219E2
3.108770208E2,2.540060844E-2,6.579196779E-4,1.628023223E-3,9.996758103E-1,1.770889916E2,1.884127256E-1,-7.062893859E-2,1.770888710E2
3.108820208E2,2.538668258E-2,6.649511633E-4,1.622772543E-3,9.996761680E-1,1.770905879E2,1.878307087E-1,-7.145232687E-2,1.770904663E2
3.108870208E2,2.537948383E-2,6.667467533E-4,1.624481520E-3,9.996763468E-1,1.770914131E2,1.880311885E-1,-7.165440198E-2,1.770912910E2
3.108920208E2,2.538182527E-2,6.601883797E-4,1.627254998E-3,9.996762872E-1,1.770911447E2,1.883299941E-1,-7.089460322E-2,1.770910237E2
3.108970208E2,2.538648995E-2,6.614796584E-4,1.627198653E-3,9.996761680E-1,1.770906100E2,1.883276272E-1,-7.104181014E-2,1.770904887E2
3.109020208E2,2.536801525E-2,6.642453372E-4,1.621239469E-3,9.996766448E-1,1.770927277E2,1.876517013E-1,-7.137943547E-2,1.770926064E2
3.109070208E2,2.537279848E-2,6.612072466E-4,1.621135743E-3,9.996765256E-1,1.770921794E2,1.876313261E-1,-7.103081215E-2,1.770920586E2
3.109120208E2,2.537252020E-2,6.603251677E-4,1.625843812E-3,9.996765256E-1,1.770922113E2,1.881680737E-1,-7.091612906E-2,1.770920904E2
3.109170208E2,2.537032526E-2,6.609194097E-4,1.623203512E-3,9.996765852E-1,1.770924629E2,1.878671865E-1,-7.099229161E-2,1.770923421E2
3.109220208E2,2.537295527E-2,6.641140208E-4,1.617489383E-3,9.996765256E-1,1.770921614E2,1.872220814E-1,-7.137436922E-2,1.770920404E2
3.109270208E2,2.537310525E-2,6.663317909E-4,1.614221372E-3,9.996765256E-1,1.770921442E2,1.868541746E-1,-7.163789904E-2,1.770920230E2
3.109320208E2,2.536360658E-2,6.592335994E-4,1.618755166E-3,9.996767640E-1,1.770932331E2,1.873522292E-1,-7.081336646E-2,1.770931128E2
3.109370208E2,2.535645258E-2,6.628069095E-4,1.618945040E-3,9.996769428E-1,1.770940531E2,1.873838574E-1,-7.122349451E-2,1.770939322E2
3.109420208E2,2.535397944E-2,6.648064591E-4,1.620052964E-3,9.996770024E-1,1.770943366E2,1.875164096E-1,-7.144979660E-2,1.770942152E2
3.109470208E2,2.535407779E-2,6.606136449E-4,1.620228868E-3,9.996770024E-1,1.770943253E2,1.875243840E-1,-7.096896098E-2,1.770942047E2
3.109520208E2,2.534692076E-2,6.595115992E-4,1.622329350E-3,9.996771812E-1,1.770951457E2,1.877612952E-1,-7.083795792E-2,1.770950252E2
3.109570208E2,2.534231192E-2,6.668679998E-4,1.617860398E-3,9.996773005E-1,1.770956740E2,1.872703938E-1,-7.169451168E-2,1.770955524E2
3.109620208E2,2.532851046E-2,6.694566109E-4,1.611930318E-3,9.996776581E-1,1.770972561E2,1.865975978E-1,-7.201084698E-2,1.770971344E2
3.109670208E2,2.533563599E-2,6.636052276E-4,1.613264787E-3,9.996774793E-1,1.770964393E2,1.867339910E-1,-7.133533938E-2,1.770963186E2
3.109720208E2,2.532868995E-2,6.627624389E-4,1.611876185E-3,9.996776581E-1,1.770972355E2,1.865719776E-1,-7.124412201E-2,1.770971151E2
3.109770208E2,2.532636887E-2,6.645282265E-4,1.610653475E-3,9.996777177E-1,1.770975016E2,1.864368698E-1,-7.145038309E-2,1.770973809E2
3.109820208E2,2.531707820E-2,6.659142673E-4,1.608163235E-3,9.996779561E-1,1.770985665E2,1.861549578E-1,-7.161811805E-2,1.770984458E2
3.109870208E2,2.531926999E-2,6.629116833E-4,1.611944637E-3,9.996778965E-1,1.770983153E2,1.865795808E-1,-7.126277810E-2,1.770981949E2
3.109920208E2,2.531710469E-2,6.632903242E-4,1.608830411E-3,9.996779561E-1,1.770985635E2,1.862237748E-1,-7.131559247E-2,1.770984432E2
3.109970208E2,2.530780062E-2,6.693486939E-4,1.604554709E-3,9.996781945E-1,1.770996300E2,1.857508795E-1,-7.202374085E-2,1.770995089E2
3.110020208E2,2.531512576E-2,6.687723217E-4,1.600643503E-3,9.996780157E-1,1.770987903E2,1.853016867E-1,-7.196770011E-2,1.770986696E2
3.110070208E2,2.531717332E-2,6.655599573E-4,1.606811886E-3,9.996779561E-1,1.770985556E2,1.859991328E-1,-7.158143308E-2,1.770984351E2
3.110120208E2,2.532166400E-2,6.702164537E-4,1.608279534E-3,9.996778369E-1,1.770980409E2,1.861810940E-1,-7.210976223E-2,1.770979193E2
3.110170208E2,2.531722409E-2,6.738475640E-4,1.602552016E-3,9.996779561E-1,1.770985498E2,1.855351934E-1,-7.254316691E-2,1.770984280E2
3.110220208E2,2.531024691E-2,6.735876086E-4,1.601326861E-3,9.996781349E-1,1.770993496E2,1.853935853E-1,-7.251823623E-2,1.770992279E2
3.110270208E2,2.531246173E-2,6.721318932E-4,1.604137477E-3,9.996780753E-1,1.770990957E2,1.857114932E-1,-7.234291363E-2,1.770989741E2
3.110320208E2,2.530303045E-2,6.759943208E-4,1.602727454E-3,9.996783137E-1,1.771001768E2,1.855604860E-1,-7.279121361E-2,1.771000545E2
3.110370208E2,2.530316844E-2,6.769190659E-4,1.600156538E-3,9.996783137E-1,1.771001610E2,1.852686662E-1,-7.290457670E-2,1.771000387E2
3.110420208E2,2.529155069E-2,6.736213109E-4,1.599029987E-3,9.996786118E-1,1.771014927E2,1.851292080E-1,-7.253222133E-2,1.771013712E2
3.110470208E2,2.529141888E-2,6.730306777E-4,1.601361786E-3,9.996786118E-1,1.771015078E2,1.853946060E-1,-7.245782762E-2,1.771013862E2
3.110520208E2,2.528910707E-2,6.751283072E-4,1.599779120E-3,9.996786714E-1,1.771017728E2,1.852192154E-1,-7.270313647E-2,1.771016509E2
3.110570208E2,2.529660975E-2,6.708407309E-4,1.594693982E-3,9.996784925E-1,1.771009128E2,1.846248023E-1,-7.222532545E-2,1.771007921E2
3.110620208E2,2.529895309E-2,6.637774641E-4,1.597837196E-3,9.996784329E-1,1.771006442E2,1.849645635E-1,-7.140664920E-2,1.771005246E2
3.110670208E2,2.529665071E-2,6.604412338E-4,1.598380739E-3,9.996784925E-1,1.771009081E2,1.850169925E-1,-7.102331847E-2,1.771007891E2
3.110720208E2,2.527065649E-2,6.656791084E-4,1.597326365E-3,9.996791482E-1,1.771038878E2,1.849095314E-1,-7.163120658E-2,1.771037678E2
3.110770208E2,2.525865992E-2,6.720780511E-4,1.597878174E-3,9.996794462E-1,1.771052629E2,1.849904079E-1,-7.236485835E-2,1.771051417E2
3.110820208E2,2.524664428E-2,6.704260595E-4,1.602008240E-3,9.996797442E-1,1.771066402E2,1.854578790E-1,-7.216588908E-2,1.771065191E2
3.110870208E2,2.524410527E-2,6.757195224E-4,1.602601027E-3,9.996798038E-1,1.771069313E2,1.855409172E-1,-7.277103739E-2,1.771068091E2
3.110920208E2,2.522550555E-2,6.789795007E-4,1.596641843E-3,9.996802807E-1,1.771090633E2,1.848663316E-1,-7.316516272E-2,1.771089410E2
3.110970208E2,2.523052150E-2,6.730485475E-4,1.594534842E-3,9.996801615E-1,1.771084884E2,1.846081809E-1,-7.249090715E-2,1.771083673E2
3.111020208E2,2.523013878E-2,6.719429512E-4,1.601043623E-3,9.996801615E-1,1.771085322E2,1.853505716E-1,-7.234550755E-2,1.771084109E2
3.111070208E2,2.522496011E-2,6.790329935E-4,1.605213503E-3,9.996802807E-1,1.771091259E2,1.858483755E-1,-7.314661341E-2,1.771090028E2
3.111120208E2,2.522513347E-2,6.801017444E-4,1.602033619E-3,9.996802807E-1,1.771091060E2,1.854872053E-1,-7.327820403E-2,1.771089830E2
3.111170208E2,2.523252271E-2,6.755365175E-4,1.599177951E-3,9.996801019E-1,1.771082590E2,1.851474134E-1,-7.276212103E-2,1.771081371E2
3.111220208E2,2.522985114E-2,6.776361261E-4,1.603175537E-3,9.996801615E-1,1.771085652E2,1.856112345E-1,-7.299157833E-2,1.771084426E2
3.111270208E2,2.522747473E-2,6.785816513E-4,1.603005105E-3,9.996802211E-1,1.771088376E2,1.855942708E-1,-7.310082688E-2,1.771087148E2
3.111320208E2,2.522525995E-2,6.747017615E-4,1.602325472E-3,9.996802807E-1,1.771090915E2,1.855050367E-1,-7.265874206E-2,1.771089695E2
3.111370208E2,2.522976238E-2,6.735695642E-4,1.606283011E-3,9.996801615E-1,1.771085754E2,1.859554473E-1,-7.251676557E-2,1.771084533E2
3.111420208E2,2.521297181E-2,6.783658755E-4,1.608236576E-3,9.996805787E-1,1.771105001E2,1.861918799E-1,-7.306368579E-2,1.771103769E2
3.111470208E2,2.521304523E-2,6.756382063E-4,1.608233782E-3,9.996805787E-1,1.771104916E2,1.861836834E-1,-7.275121205E-2,1.771103690E2
3.111520208E2,2.520164563E-2,6.752580521E-4,1.601805445E-3,9.996808767E-1,1.771117984E2,1.854453551E-1,-7.272835175E-2,1.771116763E2
3.111570208E2,2.520174033E-2,6.763348356E-4,1.599860028E-3,9.996808767E-1,1.771117875E2,1.852256142E-1,-7.285730357E-2,1.771116654E2
3.111620208E2,2.518746160E-2,6.830468192E-4,1.598403556E-3,9.996812344E-1,1.771134242E2,1.850771018E-1,-7.363304491E-2,1.771133010E2
3.111670208E2,2.518505656E-2,6.845822791E-4,1.598365023E-3,9.996812940E-1,1.771136999E2,1.850769423E-1,-7.380949611E-2,1.771135764E2
3.111720208E2,2.518261137E-2,6.785308360E-4,1.602188102E-3,9.996813536E-1,1.771139802E2,1.854972513E-1,-7.310569242E-2,1.771138575E2
3.111770208E2,2.518475638E-2,6.759634707E-4,1.606741222E-3,9.996812940E-1,1.771137343E2,1.860115825E-1,-7.279804897E-2,1.771136118E2
3.111820208E2,2.517509374E-2,6.780470721E-4,1.608949853E-3,9.996815324E-1,1.771148419E2,1.862699013E-1,-7.303216222E-2,1.771147188E2
3.111870208E2,2.517527198E-2,6.774605135E-4,1.606406062E-3,9.996815324E-1,1.771148215E2,1.859768168E-1,-7.297227457E-2,1.771146987E2
3.111920208E2,2.517767154E-2,6.738674128E-4,1.607402344E-3,9.996814728E-1,1.771145465E2,1.860807535E-1,-7.255734561E-2,1.771144242E2
3.111970208E2,2.517995199E-2,6.725950516E-4,1.609282102E-3,9.996814132E-1,1.771142851E2,1.862925838E-1,-7.240574156E-2,1.771141630E2
3.112020208E2,2.517056015E-2,6.766513106E-4,1.606398029E-3,9.996816516E-1,1.771153616E2,1.859732183E-1,-7.288047597E-2,1.771152390E2
3.112070208E2,2.516592988E-2,6.793730427E-4,1.603606157E-3,9.996817708E-1,1.771158924E2,1.856609064E-1,-7.320117729E-2,1.771157694E2
3.112120208E2,2.516613343E-2,6.745515275E-4,1.602446660E-3,9.996817708E-1,1.771158690E2,1.855141885E-1,-7.265215411E-2,1.771157471E2
3.112170208E2,2.516829577E-2,6.731483736E-4,1.606255886E-3,9.996817112E-1,1.771156212E2,1.859466660E-1,-7.248002780E-2,1.771154992E2
3.112220208E2,2.515174601E-2,6.791987689E-4,1.603265526E-3,9.996821284E-1,1.771175182E2,1.856203443E-1,-7.318482935E-2,1.771173953E2
3.112270208E2,2.515192735E-2,6.794494693E-4,1.600311720E-3,9.996821284E-1,1.771174975E2,1.852827054E-1,-7.322202853E-2,1.771173747E2
3.112320208E2,2.516121014E-2,6.727199652E-4,1.606155885E-3,9.996818900E-1,1.771164334E2,1.859334612E-1,-7.243255772E-2,1.771163115E2
3.112370208E2,2.516568382E-2,6.698886864E-4,1.611438463E-3,9.996817708E-1,1.771159206E2,1.865307678E-1,-7.209215369E-2,1.771157988E2
3.112420208E2,2.515639582E-2,6.712985341E-4,1.607964281E-3,9.996820092E-1,1.771169852E2,1.861361760E-1,-7.226540757E-2,1.771168635E2
3.112470208E2,2.516143157E-2,6.669491995E-4,1.605093363E-3,9.996818900E-1,1.771164080E2,1.857951186E-1,-7.177450932E-2,1.771162873E2
3.112520208E2,2.516369265E-2,6.628899137E-4,1.608447987E-3,9.996818304E-1,1.771161488E2,1.861678649E-1,-7.129940340E-2,1.771160286E2
3.112570208E2,2.515885943E-2,6.662975647E-4,1.608556136E-3,9.996819496E-1,1.771167028E2,1.861897348E-1,-7.169035566E-2,1.771165820E2
3.112620208E2,2.514712054E-2,6.675280747E-4,1.606390695E-3,9.996822476E-1,1.771180485E2,1.859443760E-1,-7.183974361E-2,1.771179275E2
3.112670208E2,2.515424604E-2,6.619693013E-4,1.608407008E-3,9.996820688E-1,1.771172317E2,1.861598429E-1,-7.119581983E-2,1.771171116E2
3.112720208E2,2.514230194E-2,6.646514521E-4,1.608820865E-3,9.996823668E-1,1.771186008E2,1.862141303E-1,-7.150410595E-2,1.771184802E2
3.112770208E2,2.513765989E-2,6.678877980E-4,1.605942613E-3,9.996824861E-1,1.771191329E2,1.858934021E-1,-7.188400229E-2,1.771190119E2
3.112820208E2,2.511634037E-2,6.736259675E-4,1.603184850E-3,9.996830225E-1,1.771215767E2,1.855924691E-1,-7.255324178E-2,1.771214549E2
3.112870208E2,2.512126259E-2,6.700353115E-4,1.601901604E-3,9.996829033E-1,1.771210125E2,1.854354856E-1,-7.214469365E-2,1.771208914E2
3.112920208E2,2.511892103E-2,6.684718537E-4,1.602076925E-3,9.996829629E-1,1.771212809E2,1.854508998E-1,-7.196552100E-2,1.771211601E2
3.112970208E2,2.510675323E-2,6.772991037E-4,1.603137236E-3,9.996832609E-1,1.771226757E2,1.855968879E-1,-7.297593587E-2,1.771225531E2
3.113020208E2,2.511962187E-2,6.619912456E-4,1.593757654E-3,9.996829629E-1,1.771212006E2,1.844792743E-1,-7.124695122E-2,1.771210816E2
3.113070208E2,2.520527034E-2,6.054310943E-4,1.534055220E-3,9.996809363E-1,1.771113829E2,1.774827624E-1,-6.492434219E-2,1.771112784E2
3.113120208E2,2.520541766E-2,6.017368287E-4,1.493715914E-3,9.996809959E-1,1.771113660E2,1.728510178E-1,-6.461763677E-2,1.771112648E2
3.113170208E2,2.516352526E-2,6.290775491E-4,1.510529546E-3,9.996820092E-1,1.771161680E2,1.748532493E-1,-6.770841624E-2,1.771160608E2
3.113220208E2,2.520471418E-2,6.062540342E-4,1.503726467E-3,9.996809959E-1,1.771114466E2,1.740107828E-1,-6.510631304E-2,1.771113439E2
3.113270208E2,2.524348088E-2,5.822269013E-4,1.456573722E-3,9.996801019E-1,1.771070029E2,1.685422042E-1,-6.248354167E-2,1.771069074E2
3.113320208E2,2.521383489E-2,5.969108315E-4,1.432104735E-3,9.996808767E-1,1.771104011E2,1.657797294E-1,-6.424135823E-2,1.771103047E2
3.113370208E2,2.521790085E-2,5.937509704E-4,1.444982947E-3,9.996807575E-1,1.771099351E2,1.672461258E-1,-6.384148984E-2,1.771098383E2
3.113420208E2,2.521619439E-2,5.862251273E-4,1.436575199E-3,9.996808171E-1,1.771101307E2,1.662611164E-1,-6.300394782E-2,1.771100358E2
3.113470208E2,2.520814625E-2,5.919794203E-4,1.409292687E-3,9.996810555E-1,1.771110532E2,1.631518761E-1,-6.374328164E-2,1.771109591E2
3.113520208E2,2.521565186E-2,5.880792742E-4,1.403481700E-3,9.996808767E-1,1.771101928E2,1.624754048E-1,-6.331206679E-2,1.771100997E2
3.113570208E2,2.520571069E-2,5.941570853E-4,1.409658697E-3,9.996811152E-1,1.771113324E2,1.631999397E-1,-6.399208445E-2,1.771112379E2
3.113620208E2,2.518707334E-2,6.008231430E-4,1.401780755E-3,9.996815920E-1,1.771134687E2,1.623155278E-1,-6.478149624E-2,1.771133736E2
3.113670208E2,2.518740104E-2,6.008577184E-4,1.395865344E-3,9.996815920E-1,1.771134312E2,1.616380067E-1,-6.480247783E-2,1.771133364E2
3.113720208E2,2.518244536E-2,5.981174181E-4,1.401070855E-3,9.996817112E-1,1.771139992E2,1.622260963E-1,-6.447434166E-2,1.771139046E2
3.113770208E2,2.515528090E-2,6.174257724E-4,1.412813319E-3,9.996823668E-1,1.771171130E2,1.636251712E-1,-6.665677231E-2,1.771170144E2
3.113820208E2,2.514750353E-2,6.193801528E-4,1.423844602E-3,9.996825457E-1,1.771180045E2,1.648939792E-1,-6.685013987E-2,1.771179049E2
3.113870208E2,2.514445684E-2,6.216876209E-4,1.434755046E-3,9.996826053E-1,1.771183538E2,1.661502761E-1,-6.708353707E-2,1.771182530E2
3.113920208E2,2.511963125E-2,6.379176630E-4,1.447134884E-3,9.996832013E-1,1.771211995E2,1.676135128E-1,-6.891126372E-2,1.771210951E2
3.113970208E2,2.510159453E-2,6.484595360E-4,1.467059716E-3,9.996836185E-1,1.771232670E2,1.699250974E-1,-7.006460116E-2,1.771231594E2
3.114020208E2,2.509560553E-2,6.503221812E-4,1.487324014E-3,9.996837378E-1,1.771239535E2,1.722514248E-1,-7.022071793E-2,1.771238442E2
3.114070208E2,2.508284943E-2,6.587140961E-4,1.498456113E-3,9.996840358E-1,1.771254157E2,1.735498976E-1,-7.115225689E-2,1.771253041E2
3.114120208E2,2.506519423E-2,6.679296494E-4,1.511395792E-3,9.996844530E-1,1.771274395E2,1.750574282E-1,-7.217384604E-2,1.771273253E2
3.114170208E2,2.505874941E-2,6.715851487E-4,1.537568518E-3,9.996845722E-1,1.771281782E2,1.780656979E-1,-7.251857334E-2,1.771280615E2
3.114220208E2,2.504063487E-2,6.752013578E-4,1.559670432E-3,9.996849895E-1,1.771302547E2,1.806066647E-1,-7.287263365E-2,1.771301357E2
3.114270208E2,2.502505658E-2,6.856819964E-4,1.575822476E-3,9.996853471E-1,1.771320404E2,1.824858994E-1,-7.402974275E-2,1.771319182E2
3.114320208E2,2.502634927E-2,6.871301448E-4,1.592387911E-3,9.996852875E-1,1.771318922E2,1.843878166E-1,-7.414789160E-2,1.771317686E2
3.114370208E2,2.503126615E-2,6.837198744E-4,1.591411536E-3,9.996851683E-1,1.771313286E2,1.842665486E-1,-7.375912012E-2,1.771312057E2
3.114420208E2,2.502693687E-2,6.818724214E-4,1.585397637E-3,9.996852875E-1,1.771318248E2,1.835720028E-1,-7.356553002E-2,1.771317027E2
3.114470208E2,2.502652778E-2,6.811828353E-4,1.592137618E-3,9.996852875E-1,1.771318717E2,1.843420993E-1,-7.346727927E-2,1.771317492E2
3.114520208E2,2.501120099E-2,6.870201905E-4,1.605864963E-3,9.996856451E-1,1.771336286E2,1.859302541E-1,-7.409946181E-2,1.771335040E2
3.114570208E2,2.501114155E-2,6.868497003E-4,1.606863341E-3,9.996856451E-1,1.771336354E2,1.860441311E-1,-7.407708071E-2,1.771335108E2
3.114620208E2,2.500902316E-2,6.838160916E-4,1.604044344E-3,9.996857047E-1,1.771338782E2,1.857123464E-1,-7.373803724E-2,1.771337544E2
3.114670208E2,2.500657963E-2,6.848954363E-4,1.604532241E-3,9.996857643E-1,1.771341583E2,1.857711509E-1,-7.386073799E-2,1.771340342E2
3.114720208E2,2.500195258E-2,6.851649377E-4,1.602249336E-3,9.996858835E-1,1.771346887E2,1.855100610E-1,-7.389901158E-2,1.771345647E2
3.114770208E2,2.500177482E-2,6.862116861E-4,1.604573568E-3,9.996858835E-1,1.771347091E2,1.857793018E-1,-7.401229626E-2,1.771345847E2
3.114820208E2,2.500473692E-2,6.839840207E-4,1.596482354E-3,9.996858239E-1,1.771343695E2,1.848462405E-1,-7.377973929E-2,1.771342462E2
3.114870208E2,2.499976673E-2,6.862585433E-4,1.598695526E-3,9.996859431E-1,1.771349393E2,1.851059225E-1,-7.403487713E-2,1.771348153E2
3.114920208E2,2.499511160E-2,6.908901269E-4,1.594941481E-3,9.996860623E-1,1.771354729E2,1.846887972E-1,-7.457706598E-2,1.771353483E2
3.114970208E2,2.499753664E-2,6.892163074E-4,1.595019130E-3,9.996860027E-1,1.771351949E2,1.846930779E-1,-7.438465009E-2,1.771350707E2
3.115020208E2,2.498778857E-2,6.911240052E-4,1.597505994E-3,9.996862411E-1,1.771363123E2,1.849827010E-1,-7.459786744E-2,1.771361875E2
3.115070208E2,2.499032063E-2,6.908637006E-4,1.595308655E-3,9.996861815E-1,1.771360220E2,1.847304260E-1,-7.457387230E-2,1.771358975E2
3.115120208E2,2.498800456E-2,6.891072262E-4,1.594996895E-3,9.996862411E-1,1.771362875E2,1.846895091E-1,-7.437397896E-2,1.771361633E2
3.115170208E2,2.498764427E-2,6.894012913E-4,1.600504736E-3,9.996862411E-1,1.771363288E2,1.853212807E-1,-7.439196062E-2,1.771362042E2
3.115220208E2,2.498284753E-2,6.906903582E-4,1.600371208E-3,9.996863604E-1,1.771368787E2,1.853093181E-1,-7.454090203E-2,1.771367538E2
3.115270208E2,2.498283781E-2,6.910357624E-4,1.600373886E-3,9.996863604E-1,1.771368798E2,1.853106131E-1,-7.458046418E-2,1.771367548E2
3.115320208E2,2.498024839E-2,6.894673570E-4,1.604233519E-3,9.996864200E-1,1.771371766E2,1.857480740E-1,-7.439022565E-2,1.771370517E2
3.115370208E2,2.498510695E-2,6.868034252E-4,1.603999757E-3,9.996863008E-1,1.771366197E2,1.857140286E-1,-7.408482376E-2,1.771364952E2
3.115420208E2,2.497561884E-2,6.855627871E-4,1.603703015E-3,9.996865392E-1,1.771377073E2,1.856757807E-1,-7.394531355E-2,1.771375831E2
3.115470208E2,2.497787772E-2,6.851294311E-4,1.605861238E-3,9.996864796E-1,1.771374483E2,1.859219447E-1,-7.388907295E-2,1.771373241E2
3.115520208E2,2.497290053E-2,6.879329449E-4,1.607859274E-3,9.996865988E-1,1.771380189E2,1.861584878E-1,-7.420543905E-2,1.771378939E2
3.115570208E2,2.497333511E-2,6.870743237E-4,1.601463882E-3,9.996865988E-1,1.771379691E2,1.854234318E-1,-7.412530091E-2,1.771378448E2
3.115620208E2,2.496638225E-2,6.851093494E-4,1.599090640E-3,9.996867776E-1,1.771387660E2,1.851454245E-1,-7.390828152E-2,1.771386423E2
3.115670208E2,2.496104730E-2,6.886955816E-4,1.606293954E-3,9.996868968E-1,1.771393776E2,1.859804726E-1,-7.429948824E-2,1.771392526E2
3.115720208E2,2.495850037E-2,6.877922569E-4,1.609159284E-3,9.996869564E-1,1.771396695E2,1.863059405E-1,-7.418828574E-2,1.771395445E2
3.115770208E2,2.496836342E-2,6.821041461E-4,1.606686739E-3,9.996867180E-1,1.771385389E2,1.860071507E-1,-7.354191677E-2,1.771384152E2
3.115820208E2,2.496142662E-2,6.818243419E-4,1.603328157E-3,9.996868968E-1,1.771393341E2,1.856210940E-1,-7.352076151E-2,1.771392107E2
3.115870208E2,2.495875592E-2,6.838370464E-4,1.606879639E-3,9.996869564E-1,1.771396402E2,1.860334986E-1,-7.374166631E-2,1.771395161E2
3.115920208E2,2.495633225E-2,6.842573057E-4,1.607262529E-3,9.996870160E-1,1.771399180E2,1.860783842E-1,-7.378916542E-2,1.771397939E2
3.115970208E2,2.496156337E-2,6.810586201E-4,1.601523603E-3,9.996868968E-1,1.771393184E2,1.854121909E-1,-7.343818025E-2,1.771391953E2
3.116020208E2,2.495928928E-2,6.835063687E-4,1.598715200E-3,9.996869564E-1,1.771395791E2,1.850973059E-1,-7.372703838E-2,1.771394557E2
3.116070208E2,2.495211297E-2,6.876838743E-4,1.597130438E-3,9.996871352E-1,1.771404017E2,1.849271789E-1,-7.421145591E-2,1.771402776E2
3.116120208E2,2.494043079E-2,6.868192577E-4,1.593426452E-3,9.996874332E-1,1.771417408E2,1.844995259E-1,-7.412515643E-2,1.771416171E2
3.116170208E2,2.493840651E-2,6.896431441E-4,1.586479601E-3,9.996874928E-1,1.771419728E2,1.837116423E-1,-7.446887569E-2,1.771418492E2
3.116220208E2,2.495004126E-2,6.838943227E-4,1.593811205E-3,9.996871948E-1,1.771406392E2,1.845359506E-1,-7.378721453E-2,1.771405160E2
3.116270208E2,2.494495921E-2,6.869462086E-4,1.597271184E-3,9.996873140E-1,1.771412217E2,1.849406623E-1,-7.412787304E-2,1.771410977E2
3.116320208E2,2.495238469E-2,6.835983950E-4,1.594637288E-3,9.996871352E-1,1.771403705E2,1.846299102E-1,-7.375051957E-2,1.771402474E2
3.116370208E2,2.495969813E-2,6.777769304E-4,1.594766509E-3,9.996869564E-1,1.771395322E2,1.846286003E-1,-7.308191715E-2,1.771394102E2
3.116420208E2,2.496180485E-2,6.759593962E-4,1.599919400E-3,9.996868968E-1,1.771392907E2,1.852138497E-1,-7.285857908E-2,1.771391687E2
3.116470208E2,2.495419894E-2,6.816928508E-4,1.604399760E-3,9.996870756E-1,1.771401626E2,1.857429450E-1,-7.350397604E-2,1.771400391E2
3.116520208E2,2.494730013E-2,6.809377228E-4,1.600585063E-3,9.996872544E-1,1.771409534E2,1.853032819E-1,-7.342965933E-2,1.771408303E2
3.116570208E2,2.495504977E-2,6.757320371E-4,1.593651716E-3,9.996870756E-1,1.771400650E2,1.844947057E-1,-7.285170941E-2,1.771399435E2
3.116620208E2,2.494023419E-2,6.808900507E-4,1.599038369E-3,9.996874332E-1,1.771417633E2,1.851254433E-1,-7.342992853E-2,1.771416404E2
3.116670208E2,2.493276736E-2,6.862513255E-4,1.601396711E-3,9.996876121E-1,1.771426192E2,1.854103770E-1,-7.403873812E-2,1.771424951E2
3.116720208E2,2.494290340E-2,6.797733367E-4,1.595138456E-3,9.996873736E-1,1.771414574E2,1.846756882E-1,-7.331265560E-2,1.771413349E2
3.116770208E2,2.494786223E-2,6.754377973E-4,1.594141242E-3,9.996872544E-1,1.771408889E2,1.845494189E-1,-7.281792950E-2,1.771407674E2
3.116820208E2,2.493791424E-2,6.802597782E-4,1.598225441E-3,9.996874928E-1,1.771420292E2,1.850303457E-1,-7.336047996E-2,1.771419065E2
3.116870208E2,2.493538906E-2,6.811110652E-4,1.599978888E-3,9.996875525E-1,1.771423187E2,1.852334613E-1,-7.345345670E-2,1.771421956E2
3.116920208E2,2.494515905E-2,6.772264605E-4,1.598300529E-3,9.996873140E-1,1.771411988E2,1.850308072E-1,-7.301144035E-2,1.771410766E2
3.116970208E2,2.494261181E-2,6.782440469E-4,1.600340474E-3,9.996873736E-1,1.771414908E2,1.852672183E-1,-7.312265135E-2,1.771413682E2
3.117020208E2,2.493487843E-2,6.804914447E-4,1.608179533E-3,9.996875525E-1,1.771423772E2,1.861710873E-1,-7.335913723E-2,1.771422537E2
3.117070208E2,2.493003964E-2,6.843631272E-4,1.607451122E-3,9.996876717E-1,1.771429319E2,1.860983503E-1,-7.380564308E-2,1.771428077E2
3.117120208E2,2.492116822E-2,6.830251659E-4,1.597276190E-3,9.996879101E-1,1.771439488E2,1.849282725E-1,-7.368308169E-2,1.771438256E2
3.117170208E2,2.492574151E-2,6.804067525E-4,1.601636992E-3,9.996877909E-1,1.771434246E2,1.854206865E-1,-7.336982497E-2,1.771433015E2
3.117220208E2,2.491340438E-2,6.814121734E-4,1.607135055E-3,9.996880889E-1,1.771448387E2,1.860524889E-1,-7.347159315E-2,1.771447151E2
3.117270208E2,2.490867282E-2,6.858239649E-4,1.604444813E-3,9.996882081E-1,1.771453811E2,1.857565516E-1,-7.398554952E-2,1.771452568E2
3.117320208E2,2.490174441E-2,6.850245409E-4,1.600915217E-3,9.996883869E-1,1.771461753E2,1.853494201E-1,-7.390533045E-2,1.771460514E2
3.117370208E2,2.490145951E-2,6.853211089E-4,1.605214085E-3,9.996883869E-1,1.771462079E2,1.858427076E-1,-7.392708953E-2,1.771460837E2
3.117420208E2,2.489878649E-2,6.902541500E-4,1.607442508E-3,9.996884465E-1,1.771465143E2,1.861118664E-1,-7.448633700E-2,1.771463890E2
3.117470208E2,2.489649822E-2,6.919995649E-4,1.605064375E-3,9.996885061E-1,1.771467766E2,1.858442461E-1,-7.469349554E-2,1.771466512E2
3.117520208E2,2.490135299E-2,6.869114004E-4,1.606186503E-3,9.996883869E-1,1.771462202E2,1.859586346E-1,-7.410651169E-2,1.771460955E2
3.117570208E2,2.490598842E-2,6.844174932E-4,1.609571627E-3,9.996882677E-1,1.771456888E2,1.863396468E-1,-7.381029605E-2,1.771455644E2
3.117620208E2,2.490381617E-2,6.854646490E-4,1.605712809E-3,9.996883273E-1,1.771459378E2,1.859004234E-1,-7.394167148E-2,1.771458135E2
3.117670208E2,2.491129177E-2,6.808456965E-4,1.603041892E-3,9.996881485E-1,1.771450809E2,1.855818192E-1,-7.341877804E-2,1.771449577E2
3.117720208E2,2.490897967E-2,6.766862934E-4,1.603560755E-3,9.996882081E-1,1.771453459E2,1.856292144E-1,-7.294124213E-2,1.771452235E2
3.117770208E2,2.490159081E-2,6.813114742E-4,1.604884048E-3,9.996883869E-1,1.771461929E2,1.857934664E-1,-7.346867964E-2,1.771460694E2
3.117820208E2,2.489220710E-2,6.855459069E-4,1.600133488E-3,9.996886253E-1,1.771472685E2,1.852606504E-1,-7.396905423E-2,1.771471446E2
3.117870208E2,2.490479120E-2,6.784911384E-4,1.593505614E-3,9.996883273E-1,1.771458260E2,1.844821813E-1,-7.317747290E-2,1.771457040E2
3.117920208E2,2.491662889E-2,6.733820774E-4,1.597578521E-3,9.996880293E-1,1.771444691E2,1.849350350E-1,-7.257838593E-2,1.771443477E2
3.117970208E2,2.491393750E-2,6.763924612E-4,1.600979362E-3,9.996880889E-1,1.771447776E2,1.853330225E-1,-7.291403133E-2,1.771446554E2
3.118020208E2,2.490501157E-2,6.799278199E-4,1.589443884E-3,9.996883273E-1,1.771458008E2,1.840210015E-1,-7.335360486E-2,1.771456787E2
3.118070208E2,2.491235570E-2,6.759214448E-4,1.588526182E-3,9.996881485E-1,1.771449590E2,1.839049733E-1,-7.289591913E-2,1.771448377E2
3.118120208E2,2.491646165E-2,6.735606003E-4,1.600109623E-3,9.996880293E-1,1.771444883E2,1.852254861E-1,-7.259164055E-2,1.771443667E2
3.118170208E2,2.491110916E-2,6.776123773E-4,1.607244019E-3,9.996881485E-1,1.771451018E2,1.860539545E-1,-7.303642033E-2,1.771449789E2
3.118220208E2,2.491139451E-2,6.729843444E-4,1.604763907E-3,9.996881485E-1,1.771450691E2,1.857566501E-1,-7.251327904E-2,1.771449473E2
3.118270208E2,2.493089784E-2,6.600928027E-4,1.604287536E-3,9.996876717E-1,1.771428335E2,1.856666594E-1,-7.103421506E-2,1.771427141E2
3.118320208E2,2.492827996E-2,6.639542407E-4,1.606231439E-3,9.996877313E-1,1.771431336E2,1.859001913E-1,-7.147149830E-2,1.771430133E2
3.118370208E2,2.491885109E-2,6.703320541E-4,1.601494034E-3,9.996879697E-1,1.771442144E2,1.853750322E-1,-7.221739566E-2,1.771440933E2
3.118420208E2,2.491472229E-2,6.668715505E-4,1.592739602E-3,9.996880889E-1,1.771446877E2,1.843619784E-1,-7.184673546E-2,1.771445678E2
3.118470208E2,2.491929396E-2,6.638951600E-4,1.597278751E-3,9.996879697E-1,1.771441636E2,1.848737944E-1,-7.149196714E-2,1.771440440E2
3.118520208E2,2.490676435E-2,6.736470968E-4,1.602091244E-3,9.996882677E-1,1.771455999E2,1.854520359E-1,-7.259768998E-2,1.771454781E2
3.118570208E2,2.490426932E-2,6.756205694E-4,1.602854230E-3,9.996883273E-1,1.771458859E2,1.855448921E-1,-7.282204820E-2,1.771457636E2
3.118620208E2,2.492874438E-2,6.647101254E-4,1.598693314E-3,9.996877313E-1,1.771430804E2,1.850388454E-1,-7.157953745E-2,1.771429605E2
3.118670208E2,2.493133181E-2,6.626624381E-4,1.596465125E-3,9.996876717E-1,1.771427838E2,1.847779270E-1,-7.135085009E-2,1.771426645E2
3.118720208E2,2.492404544E-2,6.704246043E-4,1.595024136E-3,9.996878505E-1,1.771436190E2,1.846345050E-1,-7.224551401E-2,1.771434983E2
3.118770208E2,2.492618227E-2,6.683472893E-4,1.599854208E-3,9.996877909E-1,1.771433741E2,1.851820397E-1,-7.199335394E-2,1.771432534E2
3.118820208E2,2.493367456E-2,6.628721021E-4,1.597114257E-3,9.996876121E-1,1.771425152E2,1.848530554E-1,-7.137258052E-2,1.771423958E2
3.118870208E2,2.493324537E-2,6.635162863E-4,1.603534212E-3,9.996876121E-1,1.771425644E2,1.855903109E-1,-7.142811141E-2,1.771424444E2
3.118920208E2,2.492345053E-2,6.698673242E-4,1.604525954E-3,9.996878505E-1,1.771436872E2,1.857213622E-1,-7.215464565E-2,1.771435659E2
3.118970208E2,2.492859022E-2,6.670594448E-4,1.600118005E-3,9.996877313E-1,1.771430980E2,1.852087534E-1,-7.184462422E-2,1.771429776E2
3.119020208E2,2.492417648E-2,6.612033467E-4,1.596824615E-3,9.996878505E-1,1.771436040E2,1.848144304E-1,-7.118399843E-2,1.771434849E2
3.119070208E2,2.491640667E-2,6.663714885E-4,1.603971119E-3,9.996880293E-1,1.771444946E2,1.856473114E-1,-7.175707006E-2,1.771443740E2
3.119120208E2,2.491150944E-2,6.724626874E-4,1.603197656E-3,9.996881485E-1,1.771450560E2,1.855757452E-1,-7.245797011E-2,1.771449343E2
3.119170208E2,2.492135187E-2,6.657507620E-4,1.601698110E-3,9.996879101E-1,1.771439277E2,1.853855062E-1,-7.169153536E-2,1.771438075E2
3.119220208E2,2.491422308E-2,6.610935088E-4,1.602924662E-3,9.996880889E-1,1.771447449E2,1.855122061E-1,-7.115583982E-2,1.771446254E2
3.119270208E2,2.490466104E-2,6.667567068E-4,1.600477728E-3,9.996883273E-1,1.771458410E2,1.852473781E-1,-7.181335040E-2,1.771457206E2
3.119320208E2,2.490708270E-2,6.662699161E-4,1.600225922E-3,9.996882677E-1,1.771455634E2,1.852173165E-1,-7.175785565E-2,1.771454431E2
3.119370208E2,2.492191112E-2,6.566218799E-4,1.596757327E-3,9.996879101E-1,1.771438636E2,1.847934752E-1,-7.065977565E-2,1.771437454E2
3.119420208E2,2.492909828E-2,6.557532470E-4,1.596872811E-3,9.996877313E-1,1.771430398E2,1.848047309E-1,-7.055861024E-2,1.771429217E2
3.119470208E2,2.492395726E-2,6.589373224E-4,1.601177151E-3,9.996878505E-1,1.771436291E2,1.853065519E-1,-7.091202097E-2,1.771435101E2
3.119520208E2,2.493636640E-2,6.515809218E-4,1.597042778E-3,9.996875525E-1,1.771422067E2,1.848127907E-1,-7.007881692E-2,1.771420894E2
3.119570208E2,2.494402870E-2,6.453921669E-4,1.591819571E-3,9.996873736E-1,1.771413284E2,1.841972857E-1,-6.938337331E-2,1.771412126E2
3.119620208E2,2.492442117E-2,6.593650323E-4,1.593762543E-3,9.996878505E-1,1.771435759E2,1.844584174E-1,-7.098210962E-2,1.771434574E2
3.119670208E2,2.491202233E-2,6.671950687E-4,1.597418450E-3,9.996881485E-1,1.771449972E2,1.848986991E-1,-7.187093697E-2,1.771448769E2
3.119720208E2,2.492189804E-2,6.608658005E-4,1.595209818E-3,9.996879101E-1,1.771438651E2,1.846283191E-1,-7.115036356E-2,1.771437462E2
3.119770208E2,2.492659019E-2,6.584661896E-4,1.597594353E-3,9.996877909E-1,1.771433273E2,1.848949612E-1,-7.086779617E-2,1.771432087E2
3.119820208E2,2.490680430E-2,6.737017538E-4,1.601447118E-3,9.996882677E-1,1.771455953E2,1.853784062E-1,-7.260578233E-2,1.771454735E2
3.119870208E2,2.489716753E-2,6.799481343E-4,1.599824405E-3,9.996885061E-1,1.771466999E2,1.852096375E-1,-7.332775892E-2,1.771465771E2
3.119920208E2,2.491470776E-2,6.707418361E-4,1.591340988E-3,9.996880889E-1,1.771446893E2,1.842128086E-1,-7.229409526E-2,1.771445689E2
3.119970208E2,2.491234980E-2,6.711317692E-4,1.590648084E-3,9.996881485E-1,1.771449596E2,1.841343749E-1,-7.234117703E-2,1.771448391E2
3.120020208E2,2.491217427E-2,6.760267424E-4,1.591324224E-3,9.996881485E-1,1.771449797E2,1.842257938E-1,-7.290002697E-2,1.771448583E2
3.120070208E2,2.491967306E-2,6.709250156E-4,1.588402432E-3,9.996879697E-1,1.771441202E2,1.838770611E-1,-7.232255624E-2,1.771439999E2
3.120120208E2,2.493208517E-2,6.646730471E-4,1.583814039E-3,9.996876717E-1,1.771426974E2,1.833344662E-1,-7.161718357E-2,1.771425786E2
3.120170208E2,2.491477717E-2,6.767862360E-4,1.587690902E-3,9.996880889E-1,1.771446814E2,1.838119327E-1,-7.299692541E-2,1.771445600E2
3.120220208E2,2.490299358E-2,6.802855642E-4,1.583409379E-3,9.996883869E-1,1.771460321E2,1.833305844E-1,-7.341217930E-2,1.771459104E2
3.120270208E2,2.491307250E-2,6.732846377E-4,1.578371972E-3,9.996881485E-1,1.771448768E2,1.827342693E-1,-7.262271534E-2,1.771447568E2
3.120320208E2,2.492017410E-2,6.708274013E-4,1.580563607E-3,9.996879697E-1,1.771440627E2,1.829788326E-1,-7.233366765E-2,1.771439430E2
3.120370208E2,2.490771098E-2,6.793537759E-4,1.584872021E-3,9.996882677E-1,1.771454914E2,1.834958257E-1,-7.330039749E-2,1.771453697E2
3.120420208E2,2.491247429E-2,6.836106768E-4,1.583367470E-3,9.996881485E-1,1.771449454E2,1.833359732E-1,-7.379147146E-2,1.771448230E2
3.120470208E2,2.492973174E-2,6.721707759E-4,1.580068958E-3,9.996877313E-1,1.771429672E2,1.829266973E-1,-7.248722277E-2,1.771428473E2
3.120520208E2,2.493487911E-2,6.680127699E-4,1.576027600E-3,9.996876121E-1,1.771423772E2,1.824522259E-1,-7.202150515E-2,1.771422583E2
3.120570208E2,2.492955644E-2,6.714502815E-4,1.583138132E-3,9.996877313E-1,1.771429873E2,1.832762188E-1,-7.239594988E-2,1.771428673E2
3.120620208E2,2.492944216E-2,6.719907979E-4,1.584707643E-3,9.996877313E-1,1.771430004E2,1.834575520E-1,-7.245340630E-2,1.771428801E2
3.120670208E2,2.493433080E-2,6.675149780E-4,1.584888552E-3,9.996876121E-1,1.771424400E2,1.834658403E-1,-7.193926110E-2,1.771423206E2
3.120720208E2,2.491942208E-2,6.780158146E-4,1.589328749E-3,9.996879697E-1,1.771441490E2,1.840034090E-1,-7.313224961E-2,1.771440273E2
3.120770208E2,2.491706566E-2,6.791339256E-4,1.588304644E-3,9.996880293E-1,1.771444191E2,1.838891119E-1,-7.326369372E-2,1.771442972E2
3.120820208E2,2.493420006E-2,6.677046185E-4,1.586864237E-3,9.996876121E-1,1.771424550E2,1.836926996E-1,-7.195536426E-2,1.771423354E2
3.120870208E2,2.493442314E-2,6.683468237E-4,1.583084231E-3,9.996876121E-1,1.771424294E2,1.832615280E-1,-7.203969257E-2,1.771423100E2
3.120920208E2,2.492447447E-2,6.746037398E-4,1.586535247E-3,9.996878505E-1,1.771435698E2,1.836740191E-1,-7.274842556E-2,1.771434490E2
3.120970208E2,2.492947930E-2,6.707090070E-4,1.584666315E-3,9.996877313E-1,1.771429961E2,1.834491582E-1,-7.230668095E-2,1.771428761E2
3.121020208E2,2.493191522E-2,6.658394122E-4,1.585997990E-3,9.996876717E-1,1.771427169E2,1.835879718E-1,-7.174458884E-2,1.771425977E2
3.121070208E2,2.493205528E-2,6.657486665E-4,1.583832898E-3,9.996876717E-1,1.771427008E2,1.833396979E-1,-7.174035361E-2,1.771425818E2
3.121120208E2,2.492211209E-2,6.691734307E-4,1.588387764E-3,9.996879101E-1,1.771438406E2,1.838705543E-1,-7.212149524E-2,1.771437206E2
3.121170208E2,2.493211772E-2,6.636466715E-4,1.583732083E-3,9.996876717E-1,1.771426937E2,1.833221472E-1,-7.149983446E-2,1.771425751E2
3.121220208E2,2.493473260E-2,6.600652123E-4,1.581683988E-3,9.996876121E-1,1.771423939E2,1.830774778E-1,-7.109493032E-2,1.771422762E2
3.121270208E2,2.492234769E-2,6.674880860E-4,1.585397520E-3,9.996879101E-1,1.771438136E2,1.835232066E-1,-7.193692602E-2,1.771436942E2
3.121320208E2,2.491738198E-2,6.680282531E-4,1.588052022E-3,9.996880293E-1,1.771443828E2,1.838284815E-1,-7.199213714E-2,1.771442631E2
3.121370208E2,2.492979150E-2,6.598766195E-4,1.584302634E-3,9.996877313E-1,1.771429603E2,1.833765696E-1,-7.106674968E-2,1.771428424E2
3.121420208E2,2.492503641E-2,6.622913061E-4,1.582890516E-3,9.996878505E-1,1.771435054E2,1.832213624E-1,-7.134827181E-2,1.771433871E2
3.121470208E2,2.491045582E-2,6.708686706E-4,1.582942088E-3,9.996882081E-1,1.771451767E2,1.832507171E-1,-7.233338434E-2,1.771450568E2
3.121520208E2,2.491047435E-2,6.705395062E-4,1.582789933E-3,9.996882081E-1,1.771451746E2,1.832323484E-1,-7.229610758E-2,1.771450548E2
3.121570208E2,2.492532674E-2,6.598756299E-4,1.579323551E-3,9.996878505E-1,1.771434721E2,1.828058647E-1,-7.108167733E-2,1.771433545E2
3.121620208E2,2.492770541E-2,6.576802116E-4,1.580425189E-3,9.996877909E-1,1.771431995E2,1.829259613E-1,-7.082659745E-2,1.771430822E2
3.121670208E2,2.491801334E-2,6.649779971E-4,1.579402131E-3,9.996880293E-1,1.771443104E2,1.828289176E-1,-7.166729629E-2,1.771441919E2
3.121720208E2,2.492788617E-2,6.591762067E-4,1.576947048E-3,9.996877909E-1,1.771431787E2,1.825318055E-1,-7.100787513E-2,1.771430615E2
3.121770208E2,2.493324094E-2,6.542791962E-4,1.569886343E-3,9.996876717E-1,1.771425649E2,1.817093456E-1,-7.046609070E-2,1.771424491E2
3.121820208E2,2.492096493E-2,6.634867168E-4,1.571165165E-3,9.996879697E-1,1.771439721E2,1.818812747E-1,-7.151944520E-2,1.771438544E2
3.121870208E2,2.491098408E-2,6.691163289E-4,1.575352275E-3,9.996882081E-1,1.771451162E2,1.823762922E-1,-7.215421321E-2,1.771449972E2
3.121920208E2,2.493309483E-2,6.553993444E-4,1.571738627E-3,9.996876717E-1,1.771425817E2,1.819247266E-1,-7.058914431E-2,1.771424655E2
3.121970208E2,2.493524494E-2,6.533109117E-4,1.576402574E-3,9.996876121E-1,1.771423352E2,1.824531940E-1,-7.033618378E-2,1.771422191E2
3.122020208E2,2.491057909E-2,6.695637130E-4,1.581554068E-3,9.996882081E-1,1.771451626E2,1.830879942E-1,-7.218783352E-2,1.771450430E2
3.122070208E2,2.491796725E-2,6.645598914E-4,1.580305048E-3,9.996880293E-1,1.771443157E2,1.829311551E-1,-7.161682998E-2,1.771441972E2
3.122120208E2,2.493789014E-2,6.518886657E-4,1.572942827E-3,9.996875525E-1,1.771420320E2,1.820529801E-1,-7.018266173E-2,1.771419164E2
3.122170208E2,2.492546754E-2,6.605771487E-4,1.576806186E-3,9.996878505E-1,1.771434560E2,1.825194990E-1,-7.116920517E-2,1.771433384E2
3.122220208E2,2.490584927E-2,6.735413335E-4,1.579002594E-3,9.996883273E-1,1.771457048E2,1.828067189E-1,-7.265164182E-2,1.771455847E2
3.122270208E2,2.491789452E-2,6.651020376E-4,1.581223565E-3,9.996880293E-1,1.771443241E2,1.830379199E-1,-7.167632648E-2,1.771442054E2
3.122320208E2,2.492085460E-2,6.626396789E-4,1.573271235E-3,9.996879697E-1,1.771439847E2,1.821201108E-1,-7.141641753E-2,1.771438671E2
3.122370208E2,2.490145828E-2,6.768193562E-4,1.571363071E-3,9.996884465E-1,1.771462081E2,1.819405998E-1,-7.304976190E-2,1.771460879E2
3.122420208E2,2.489637407E-2,6.790834013E-4,1.575103379E-3,9.996885657E-1,1.771467909E2,1.823751639E-1,-7.329937573E-2,1.771466700E2
3.122470208E2,2.492566124E-2,6.605269737E-4,1.573762274E-3,9.996878505E-1,1.771434338E2,1.821706707E-1,-7.117211657E-2,1.771433165E2
3.122520208E2,2.491126211E-2,6.695746561E-4,1.570754452E-3,9.996882081E-1,1.771450843E2,1.818509116E-1,-7.221979216E-2,1.771449655E2
3.122570208E2,2.489877914E-2,6.772669149E-4,1.575698378E-3,9.996885061E-1,1.771465152E2,1.824383176E-1,-7.308915000E-2,1.771463946E2
3.122620208E2,2.490863642E-2,6.709612207E-4,1.573864720E-3,9.996882677E-1,1.771453853E2,1.822109807E-1,-7.237023084E-2,1.771452660E2
3.122670208E2,2.492834520E-2,6.583937793E-4,1.570002409E-3,9.996877909E-1,1.771431261E2,1.817340516E-1,-7.093799846E-2,1.771430095E2
3.122720208E2,2.491121651E-2,6.697564968E-4,1.571399858E-3,9.996882081E-1,1.771450895E2,1.819253628E-1,-7.223878891E-2,1.771449707E2
3.122770208E2,2.489631508E-2,6.796545931E-4,1.575789298E-3,9.996885657E-1,1.771467976E2,1.824553657E-1,-7.336286294E-2,1.771466766E2
3.122820208E2,2.492295679E-2,6.619518390E-4,1.578126918E-3,9.996879101E-1,1.771437438E2,1.826745448E-1,-7.132337025E-2,1.771436259E2
3.122870208E2,2.492548052E-2,6.600876804E-4,1.576805953E-3,9.996878505E-1,1.771434545E2,1.825180750E-1,-7.111313203E-2,1.771433370E2
3.122920208E2,2.490604592E-2,6.728389999E-4,1.576197799E-3,9.996883273E-1,1.771456822E2,1.824834218E-1,-7.257915471E-2,1.771455624E2
3.122970208E2,2.491335385E-2,6.675443728E-4,1.576367998E-3,9.996881485E-1,1.771448445E2,1.824883324E-1,-7.197080423E-2,1.771447257E2
3.123020208E2,2.493526336E-2,6.528212107E-4,1.576313982E-3,9.996876121E-1,1.771423331E2,1.824416471E-1,-7.028033547E-2,1.771422171E2
3.123070208E2,2.493036624E-2,6.567673991E-4,1.576531678E-3,9.996877313E-1,1.771428945E2,1.824775162E-1,-7.073266607E-2,1.771427777E2
3.123120208E2,2.491310670E-2,6.681460072E-4,1.580014825E-3,9.996881485E-1,1.771448729E2,1.829077990E-1,-7.202935857E-2,1.771447537E2
3.123170208E2,2.493274010E-2,6.553450949E-4,1.577378251E-3,9.996876717E-1,1.771426223E2,1.825706001E-1,-7.056688072E-2,1.771425057E2
3.123220208E2,2.495196304E-2,6.421658909E-4,1.581033808E-3,9.996871948E-1,1.771404189E2,1.829530357E-1,-6.904316375E-2,1.771403045E2
3.123270208E2,2.493019320E-2,6.571665872E-4,1.579099568E-3,9.996877313E-1,1.771429143E2,1.827728120E-1,-7.077109074E-2,1.771427972E2
3.123320208E2,2.492291640E-2,6.624513771E-4,1.578555093E-3,9.996879101E-1,1.771437484E2,1.827250189E-1,-7.137937974E-2,1.771436304E2
3.123370208E2,2.493738885E-2,6.518260343E-4,1.580896089E-3,9.996875525E-1,1.771420895E2,1.829638608E-1,-7.015284991E-2,1.771419733E2
3.123420208E2,2.493242464E-2,6.553136045E-4,1.582369790E-3,9.996876717E-1,1.771426585E2,1.831422993E-1,-7.054906927E-2,1.771425416E2
3.123470208E2,2.491294119E-2,6.683540414E-4,1.582534635E-3,9.996881485E-1,1.771448918E2,1.831970409E-1,-7.204602649E-2,1.771447724E2
3.123520208E2,2.491553268E-2,6.667187554E-4,1.580076292E-3,9.996880889E-1,1.771445948E2,1.829109398E-1,-7.186523914E-2,1.771444759E2
3.123570208E2,2.493511397E-2,6.531269755E-4,1.578548923E-3,9.996876121E-1,1.771423502E2,1.826985366E-1,-7.030900359E-2,1.771422340E2
3.123620208E2,2.493214953E-2,6.547773373E-4,1.586919883E-3,9.996876717E-1,1.771426900E2,1.836619887E-1,-7.047468692E-2,1.771425729E2
3.123670208E2,2.491764308E-2,6.653652526E-4,1.585070393E-3,9.996880293E-1,1.771443529E2,1.834793314E-1,-7.169554082E-2,1.771442339E2
3.123720208E2,2.492989299E-2,6.564003415E-4,1.584149664E-3,9.996877313E-1,1.771429487E2,1.833491211E-1,-7.066894023E-2,1.771428314E2
3.123770208E2,2.494915229E-2,6.435351097E-4,1.587134204E-3,9.996872544E-1,1.771407411E2,1.836555941E-1,-6.918308852E-2,1.771406260E2
3.123820208E2,2.492963368E-2,6.566521479E-4,1.588121173E-3,9.996877313E-1,1.771429784E2,1.838047830E-1,-7.068648768E-2,1.771428608E2
3.123870208E2,2.492263614E-2,6.609944976E-4,1.583582722E-3,9.996879101E-1,1.771437805E2,1.832967835E-1,-7.119817778E-2,1.771436624E2
3.123920208E2,2.494248221E-2,6.490787491E-4,1.577052404E-3,9.996874332E-1,1.771415056E2,1.825160474E-1,-6.984818680E-2,1.771413902E2
3.123970208E2,2.495676390E-2,6.391425268E-4,1.581859891E-3,9.996870756E-1,1.771398686E2,1.830393527E-1,-6.869357889E-2,1.771397547E2
3.124020208E2,2.492980572E-2,6.561473710E-4,1.585627208E-3,9.996877313E-1,1.771429587E2,1.835176538E-1,-7.063575586E-2,1.771428414E2
3.124070208E2,2.493722538E-2,6.519600283E-4,1.583417528E-3,9.996875525E-1,1.771421082E2,1.832530786E-1,-7.016102407E-2,1.771419918E2
3.124120208E2,2.496653481E-2,6.317899679E-4,1.581302495E-3,9.996868372E-1,1.771387486E2,1.829551332E-1,-6.785110703E-2,1.771386361E2
3.124170208E2,2.494204202E-2,6.489162915E-4,1.584065612E-3,9.996874332E-1,1.771415561E2,1.833189581E-1,-6.980961109E-2,1.771414402E2
3.124220208E2,2.492008899E-2,6.636957987E-4,1.584910206E-3,9.996879697E-1,1.771440725E2,1.834563885E-1,-7.150430366E-2,1.771439538E2
3.124270208E2,2.494457100E-2,6.477427087E-4,1.582338591E-3,9.996873736E-1,1.771412662E2,1.831179389E-1,-6.967964344E-2,1.771411507E2
3.124320208E2,2.495660654E-2,6.385932793E-4,1.584562124E-3,9.996870756E-1,1.771398866E2,1.833473281E-1,-6.862296004E-2,1.771397726E2
3.124370208E2,2.493198860E-2,6.547034718E-4,1.589476713E-3,9.996876717E-1,1.771427085E2,1.839546669E-1,-7.045894961E-2,1.771425912E2
3.124420208E2,2.492734434E-2,6.586592062E-4,1.585703809E-3,9.996877909E-1,1.771432408E2,1.835334309E-1,-7.092373423E-2,1.771431230E2
3.124470208E2,2.494934723E-2,6.444482715E-4,1.583695645E-3,9.996872544E-1,1.771407187E2,1.832643107E-1,-6.929749185E-2,1.771406037E2
3.124520208E2,2.493963155E-2,6.507461658E-4,1.583651523E-3,9.996874928E-1,1.771418324E2,1.832765835E-1,-7.002085926E-2,1.771417162E2
3.124570208E2,2.491995410E-2,6.636063918E-4,1.587067149E-3,9.996879697E-1,1.771440880E2,1.837032146E-1,-7.148792666E-2,1.771439691E2
3.124620208E2,2.494211869E-2,6.488353829E-4,1.582891098E-3,9.996874332E-1,1.771415473E2,1.831841844E-1,-6.980368556E-2,1.771414315E2
3.124670208E2,2.495648830E-2,6.396803074E-4,1.585985301E-3,9.996870756E-1,1.771399002E2,1.835134626E-1,-6.874343685E-2,1.771397859E2
3.124720208E2,2.493179024E-2,6.558662280E-4,1.592106535E-3,9.996876717E-1,1.771427312E2,1.842592375E-1,-7.058467293E-2,1.771426135E2
3.124770208E2,2.493402968E-2,6.537712761E-4,1.595320529E-3,9.996876121E-1,1.771424745E2,1.846215919E-1,-7.033508777E-2,1.771423570E2
3.124820208E2,2.495383484E-2,6.401244318E-4,1.589982421E-3,9.996871352E-1,1.771402043E2,1.839724447E-1,-6.878337072E-2,1.771400897E2
3.124870208E2,2.495136131E-2,6.429993082E-4,1.590165193E-3,9.996871948E-1,1.771404878E2,1.840014330E-1,-6.911263694E-2,1.771403727E2
3.124920208E2,2.493159742E-2,6.547881057E-4,1.595565933E-3,9.996876717E-1,1.771427533E2,1.846524387E-1,-7.045131955E-2,1.771426356E2
3.124970208E2,2.494400370E-2,6.468276260E-4,1.591628767E-3,9.996873736E-1,1.771413312E2,1.841795297E-1,-6.954836346E-2,1.771412152E2
3.125020208E2,2.496137984E-2,6.349014584E-4,1.586067141E-3,9.996869564E-1,1.771393395E2,1.835095034E-1,-6.819486031E-2,1.771392261E2
3.125070208E2,2.493703449E-2,6.518485607E-4,1.586466795E-3,9.996875525E-1,1.771421301E2,1.836020588E-1,-7.013957592E-2,1.771420135E2
3.125120208E2,2.493674630E-2,6.526854704E-4,1.590647036E-3,9.996875525E-1,1.771421631E2,1.840833027E-1,-7.022355599E-2,1.771420461E2
3.125170208E2,2.495175405E-2,6.415733951E-4,1.584568643E-3,9.996871948E-1,1.771404428E2,1.833562638E-1,-6.896522077E-2,1.771403283E2
3.125220208E2,2.494665262E-2,6.449329085E-4,1.588315237E-3,9.996873140E-1,1.771410276E2,1.837947120E-1,-6.934029732E-2,1.771409122E2
3.125270208E2,2.492957766E-2,6.577493041E-4,1.588546438E-3,9.996877313E-1,1.771429848E2,1.838566304E-1,-7.081096869E-2,1.771428670E2
3.125320208E2,2.493204170E-2,6.550709950E-4,1.588491956E-3,9.996876717E-1,1.771427024E2,1.838429108E-1,-7.050385532E-2,1.771425851E2
3.125370208E2,2.494189492E-2,6.489840453E-4,1.586352359E-3,9.996874332E-1,1.771415730E2,1.835811023E-1,-6.981086355E-2,1.771414569E2
3.125420208E2,2.493222477E-2,6.557457382E-4,1.585337101E-3,9.996876717E-1,1.771426814E2,1.834834436E-1,-7.059013128E-2,1.771425642E2
3.125470208E2,2.492688610E-2,6.582571077E-4,1.593057183E-3,9.996877909E-1,1.771432934E2,1.843746240E-1,-7.085675047E-2,1.771431751E2
3.125520208E2,2.493698102E-2,6.527140504E-4,1.586951199E-3,9.996875525E-1,1.771421362E2,1.836600200E-1,-7.023734832E-2,1.771420194E2
3.125570208E2,2.494214035E-2,6.494236877E-4,1.582308440E-3,9.996874332E-1,1.771415448E2,1.831191205E-1,-6.987274071E-2,1.771414290E2
3.125620208E2,2.492730414E-2,6.585852243E-4,1.586366328E-3,9.996877909E-1,1.771432455E2,1.836091124E-1,-7.091337400E-2,1.771431276E2
3.125670208E2,2.493675353E-2,6.518305163E-4,1.590884291E-3,9.996875525E-1,1.771421623E2,1.841080388E-1,-7.012493672E-2,1.771420454E2
3.125720208E2,2.494690603E-2,6.451778463E-4,1.584230340E-3,9.996873140E-1,1.771409985E2,1.833274800E-1,-6.937998777E-2,1.771408834E2
3.125770208E2,2.493972400E-2,6.507163635E-4,1.582207158E-3,9.996874928E-1,1.771418218E2,1.831110440E-1,-7.002155628E-2,1.771417057E2
3.125820208E2,2.493469536E-2,6.542131887E-4,1.584699610E-3,9.996876121E-1,1.771423982E2,1.834062101E-1,-7.041593697E-2,1.771422813E2
3.125870208E2,2.494674966E-2,6.460986333E-4,1.586315921E-3,9.996873140E-1,1.771410165E2,1.835690176E-1,-6.947953563E-2,1.771409010E2
3.125920208E2,2.494274975E-2,6.480013253E-4,1.573259477E-3,9.996874332E-1,1.771414750E2,1.820784832E-1,-6.973555434E-2,1.771413600E2
3.125970208E2,2.493521990E-2,6.539895548E-4,1.576517243E-3,9.996876121E-1,1.771423381E2,1.824682676E-1,-7.041360319E-2,1.771422218E2
3.126020208E2,2.494957632E-2,6.435803953E-4,1.580436132E-3,9.996872544E-1,1.771406925E2,1.828884479E-1,-6.920734900E-2,1.771405778E2
3.126070208E2,2.496186480E-2,6.361346459E-4,1.577919815E-3,9.996869564E-1,1.771392839E2,1.825797388E-1,-6.835934570E-2,1.771391708E2
3.126120208E2,2.494747537E-2,6.450031651E-4,1.575310831E-3,9.996873140E-1,1.771409333E2,1.823052359E-1,-6.938537251E-2,1.771408188E2
3.126170208E2,2.494223833E-2,6.486656494E-4,1.581074437E-3,9.996874332E-1,1.771415336E2,1.829755980E-1,-6.978941223E-2,1.771414180E2
3.126220208E2,2.496363046E-2,6.342791021E-4,1.588461106E-3,9.996868968E-1,1.771390815E2,1.837821195E-1,-6.811630420E-2,1.771389680E2
3.126270208E2,2.495923070E-2,6.374996156E-4,1.581270946E-3,9.996870160E-1,1.771395858E2,1.829673555E-1,-6.850660685E-2,1.771394723E2
3.126320208E2,2.493490560E-2,6.527804071E-4,1.581980032E-3,9.996876121E-1,1.771423741E2,1.830905861E-1,-7.025953603E-2,1.771422577E2
3.126370208E2,2.494633956E-2,6.464041071E-4,1.592628309E-3,9.996873140E-1,1.771410635E2,1.842929850E-1,-6.949655912E-2,1.771409475E2
3.126420208E2,2.495602937E-2,6.386780296E-4,1.593592460E-3,9.996870756E-1,1.771399528E2,1.843820108E-1,-6.860694896E-2,1.771398382E2
3.126470208E2,2.495129697E-2,6.415697862E-4,1.591751236E-3,9.996871948E-1,1.771404952E2,1.841790316E-1,-6.894435381E-2,1.771403802E2
3.126520208E2,2.494130147E-2,6.492126267E-4,1.595562673E-3,9.996874332E-1,1.771416410E2,1.846368121E-1,-6.981083310E-2,1.771415243E2
3.126570208E2,2.495561894E-2,6.395042292E-4,1.599676907E-3,9.996870756E-1,1.771399998E2,1.850813559E-1,-6.868427012E-2,1.771398846E2
3.126620208E2,2.495863034E-2,6.370545016E-4,1.590897096E-3,9.996870160E-1,1.771396546E2,1.840687751E-1,-6.842819399E-2,1.771395405E2
3.126670208E2,2.493942811E-2,6.504391204E-4,1.586977858E-3,9.996874928E-1,1.771418557E2,1.836567437E-1,-6.997621617E-2,1.771417394E2
3.126720208E2,2.494436137E-2,6.479099975E-4,1.585571445E-3,9.996873736E-1,1.771412902E2,1.834887456E-1,-6.968960452E-2,1.771411744E2
3.126770208E2,2.496147233E-2,6.351826014E-4,1.584498212E-3,9.996869564E-1,1.771393288E2,1.833305836E-1,-6.823153778E-2,1.771392155E2
3.126820208E2,2.494005409E-2,6.496171118E-4,1.577448566E-3,9.996874928E-1,1.771417840E2,1.825627992E-1,-6.990917042E-2,1.771416684E2
3.126870208E2,2.492525010E-2,6.603961810E-4,1.580315293E-3,9.996878505E-1,1.771434809E2,1.829209564E-1,-7.113849075E-2,1.771433632E2
3.126920208E2,2.493470977E-2,6.534954882E-4,1.584768877E-3,9.996876121E-1,1.771423966E2,1.834120952E-1,-7.033351965E-2,1.771422798E2
3.126970208E2,2.494698510E-2,6.450108485E-4,1.583052683E-3,9.996873140E-1,1.771409895E2,1.831921002E-1,-6.936420944E-2,1.771408744E2
3.127020208E2,2.492278630E-2,6.625247770E-4,1.580577111E-3,9.996879101E-1,1.771437633E2,1.829568539E-1,-7.138203689E-2,1.771436452E2
3.127070208E2,2.492772868E-2,6.581016351E-4,1.579882693E-3,9.996877909E-1,1.771431968E2,1.828650207E-1,-7.087641941E-2,1.771430795E2
3.127120208E2,2.495176678E-2,6.427151966E-4,1.583905309E-3,9.996871948E-1,1.771404414E2,1.832835407E-1,-6.909791509E-2,1.771403267E2
3.127170208E2,2.493994388E-2,6.503167097E-4,1.578902127E-3,9.996874928E-1,1.771417966E2,1.827313055E-1,-6.998517922E-2,1.771416808E2
3.127220208E2,2.491800847E-2,6.657398771E-4,1.579158008E-3,9.996880293E-1,1.771443110E2,1.828031272E-1,-7.175527210E-2,1.771441923E2
3.127270208E2,2.492742901E-2,6.581348716E-4,1.584590063E-3,9.996877909E-1,1.771432311E2,1.834043526E-1,-7.086683462E-2,1.771431135E2
3.127320208E2,2.494427486E-2,6.469037035E-4,1.587342354E-3,9.996873736E-1,1.771413001E2,1.836887314E-1,-6.956928142E-2,1.771411844E2
3.127370208E2,2.493730218E-2,6.524912314E-4,1.581988530E-3,9.996875525E-1,1.771420994E2,1.830909017E-1,-7.022594607E-2,1.771419830E2
3.127420208E2,2.492758700E-2,6.577144959E-4,1.582277589E-3,9.996877909E-1,1.771432130E2,1.831382547E-1,-7.082525499E-2,1.771430956E2
3.127470208E2,2.495200418E-2,6.418650155E-4,1.580506563E-3,9.996871948E-1,1.771404142E2,1.828917790E-1,-6.901019683E-2,1.771402999E2
3.127520208E2,2.495432832E-2,6.402403233E-4,1.582171652E-3,9.996871352E-1,1.771401477E2,1.830780390E-1,-6.881889219E-2,1.771400336E2
3.127570208E2,2.493728349E-2,6.526015932E-4,1.582237543E-3,9.996875525E-1,1.771421015E2,1.831197416E-1,-7.023788045E-2,1.771419851E2
3.127620208E2,2.494194509E-2,6.491123931E-4,1.585510909E-3,9.996874332E-1,1.771415672E2,1.834850794E-1,-6.982796241E-2,1.771414512E2
3.127670208E2,2.495686232E-2,6.389753544E-4,1.580373966E-3,9.996870756E-1,1.771398573E2,1.828686596E-1,-6.867866000E-2,1.771397435E2
3.127720208E2,2.494476592E-2,6.474084803E-4,1.579399803E-3,9.996873736E-1,1.771412439E2,1.827803408E-1,-6.964972070E-2,1.771411286E2
3.127770208E2,2.493017558E-2,6.563529605E-4,1.579715987E-3,9.996877313E-1,1.771429163E2,1.828411007E-1,-7.067612725E-2,1.771427994E2
3.127820208E2,2.494237240E-2,6.490899832E-4,1.578783616E-3,9.996874332E-1,1.771415182E2,1.827143928E-1,-6.984454545E-2,1.771414027E2
3.127870208E2,2.495215961E-2,6.426667678E-4,1.577724470E-3,9.996871948E-1,1.771403963E2,1.825753767E-1,-6.910996892E-2,1.771402821E2
3.127920208E2,2.494231721E-2,6.492842222E-4,1.579575473E-3,9.996874332E-1,1.771415245E2,1.828056562E-1,-6.986454337E-2,1.771414089E2
3.127970208E2,2.494014285E-2,6.499767187E-4,1.575896284E-3,9.996874928E-1,1.771417738E2,1.823860099E-1,-6.995478577E-2,1.771416583E2
3.128020208E2,2.495474513E-2,6.396191893E-4,1.575836097E-3,9.996871352E-1,1.771401000E2,1.823505150E-1,-6.876577932E-2,1.771399864E2
3.128070208E2,2.494982890E-2,6.429692148E-4,1.576693030E-3,9.996872544E-1,1.771406635E2,1.824579227E-1,-6.914799067E-2,1.771405493E2
3.128120208E2,2.493762176E-2,6.517834263E-4,1.577235525E-3,9.996875525E-1,1.771420628E2,1.825444154E-1,-7.015838731E-2,1.771419468E2
3.128170208E2,2.494490272E-2,6.476591807E-4,1.577134826E-3,9.996873736E-1,1.771412282E2,1.825216002E-1,-6.968488951E-2,1.771411130E2
3.128220208E2,2.495225862E-2,6.423974992E-4,1.576267648E-3,9.996871948E-1,1.771403850E2,1.824077258E-1,-6.908327025E-2,1.771402709E2
3.128270208E2,2.493012943E-2,6.563041825E-4,1.580464421E-3,9.996877313E-1,1.771429216E2,1.829266958E-1,-7.066840968E-2,1.771428046E2
3.128320208E2,2.492996130E-2,6.571594859E-4,1.582759316E-3,9.996877313E-1,1.771429409E2,1.831920220E-1,-7.075986416E-2,1.771428236E2
3.128370208E2,2.494006760E-2,6.496008718E-4,1.577241579E-3,9.996874928E-1,1.771417824E2,1.825390422E-1,-6.990789915E-2,1.771416669E2
3.128420208E2,2.493565663E-2,6.527394289E-4,1.570114633E-3,9.996876121E-1,1.771422880E2,1.817312676E-1,-7.028860999E-2,1.771421724E2
3.128470208E2,2.493064631E-2,6.571804988E-4,1.571923844E-3,9.996877313E-1,1.771428623E2,1.819508605E-1,-7.079310233E-2,1.771427458E2
3.128520208E2,2.494015536E-2,6.494902191E-4,1.575898961E-3,9.996874928E-1,1.771417724E2,1.823849270E-1,-6.989904448E-2,1.771416569E2
3.128570208E2,2.494274994E-2,6.480684387E-4,1.573228859E-3,9.996874332E-1,1.771414749E2,1.820751676E-1,-6.974333005E-2,1.771413600E2
3.128620208E2,2.493050423E-2,6.574545405E-4,1.574061112E-3,9.996877313E-1,1.771428786E2,1.821964707E-1,-7.081841520E-2,1.771427619E2
3.128670208E2,2.493290261E-2,6.546846125E-4,1.575082075E-3,9.996876717E-1,1.771426037E2,1.823056832E-1,-7.049774964E-2,1.771424874E2
3.128720208E2,2.494234501E-2,6.485370686E-4,1.579443458E-3,9.996874332E-1,1.771415214E2,1.827883993E-1,-6.977932487E-2,1.771414059E2
3.128770208E2,2.493293967E-2,6.545977085E-4,1.574531547E-3,9.996876717E-1,1.771425995E2,1.822423711E-1,-7.048936050E-2,1.771424832E2
3.128820208E2,2.493215663E-2,6.550085382E-4,1.586712897E-3,9.996876717E-1,1.771426892E2,1.836389383E-1,-7.050176241E-2,1.771425720E2
3.128870208E2,2.494869105E-2,6.445163745E-4,1.593971741E-3,9.996872544E-1,1.771407939E2,1.844416494E-1,-6.927603407E-2,1.771406782E2
3.128920208E2,2.494641399E-2,6.455996190E-4,1.591788488E-3,9.996873140E-1,1.771410549E2,1.841944837E-1,-6.940678750E-2,1.771409392E2
3.128970208E2,2.494176753E-2,6.490017404E-4,1.588346902E-3,9.996874332E-1,1.771415876E2,1.838096312E-1,-6.980721315E-2,1.771414714E2
3.129020208E2,2.494588657E-2,6.455252878E-4,1.600062824E-3,9.996873140E-1,1.771411154E2,1.851421102E-1,-6.937471571E-2,1.771409991E2
3.129070208E2,2.495276415E-2,6.402240251E-4,1.606658334E-3,9.996871352E-1,1.771403270E2,1.858829831E-1,-6.874729205E-2,1.771402112E2
3.129120208E2,2.494591570E-2,6.460667355E-4,1.599389943E-3,9.996873140E-1,1.771411121E2,1.850665776E-1,-6.943865983E-2,1.771409957E2
3.129170208E2,2.494358810E-2,6.469228538E-4,1.598090050E-3,9.996873736E-1,1.771413789E2,1.849199525E-1,-6.954087969E-2,1.771412624E2
3.129220208E2,2.495266613E-2,6.401927094E-4,1.608192339E-3,9.996871352E-1,1.771403383E2,1.860586164E-1,-6.873933642E-2,1.771402224E2
3.129270208E2,2.493828057E-2,6.511607207E-4,1.604617224E-3,9.996874928E-1,1.771419873E2,1.856794232E-1,-7.000868004E-2,1.771418695E2
3.129320208E2,2.492866507E-2,6.579401088E-4,1.602725475E-3,9.996877313E-1,1.771430895E2,1.854814068E-1,-7.079248853E-2,1.771429706E2
3.129370208E2,2.494040399E-2,6.494612317E-4,1.609430066E-3,9.996874332E-1,1.771417439E2,1.862260548E-1,-6.979984385E-2,1.771416261E2
3.129420208E2,2.493277063E-2,6.534025888E-4,1.615027548E-3,9.996876121E-1,1.771426188E2,1.868780099E-1,-7.023677797E-2,1.771425000E2
3.129470208E2,2.491851664E-2,6.632801378E-4,1.609613537E-3,9.996879697E-1,1.771442527E2,1.862850084E-1,-7.138643360E-2,1.771441324E2
3.129520208E2,2.492116571E-2,6.621881039E-4,1.606065547E-3,9.996879101E-1,1.771439491E2,1.858756344E-1,-7.127097374E-2,1.771438292E2
3.129570208E2,2.493309543E-2,6.535254070E-4,1.609955565E-3,9.996876121E-1,1.771425816E2,1.862973569E-1,-7.026527869E-2,1.771424631E2
3.129620208E2,2.492335173E-2,6.607839605E-4,1.609818311E-3,9.996878505E-1,1.771436985E2,1.863016818E-1,-7.109899609E-2,1.771435786E2
3.129670208E2,2.491169075E-2,6.689025904E-4,1.601869240E-3,9.996881485E-1,1.771450352E2,1.854134160E-1,-7.205389883E-2,1.771449143E2
3.129720208E2,2.492395682E-2,6.610950222E-4,1.600294258E-3,9.996878505E-1,1.771436291E2,1.852115742E-1,-7.116171985E-2,1.771435098E2
3.129770208E2,2.493573337E-2,6.522535696E-4,1.606623526E-3,9.996875525E-1,1.771422792E2,1.859122021E-1,-7.012861221E-2,1.771421612E2
3.129820208E2,2.491917471E-2,6.637005717E-4,1.599218929E-3,9.996879697E-1,1.771441773E2,1.850954895E-1,-7.146415751E-2,1.771440576E2
3.129870208E2,2.492444700E-2,6.606618990E-4,1.592821209E-3,9.996878505E-1,1.771435730E2,1.843542881E-1,-7.113335718E-2,1.771434543E2
3.129920208E2,2.494351243E-2,6.472662208E-4,1.599131734E-3,9.996873736E-1,1.771413875E2,1.850402601E-1,-6.957725077E-2,1.771412709E2
3.129970208E2,2.493127316E-2,6.552962586E-4,1.600416726E-3,9.996876717E-1,1.771427905E2,1.852095560E-1,-7.049573242E-2,1.771426723E2
3.130020208E2,2.490737154E-2,6.720238598E-4,1.593309222E-3,9.996882677E-1,1.771455303E2,1.844414111E-1,-7.243669252E-2,1.771454094E2
3.130070208E2,2.492219997E-2,6.612762227E-4,1.590315253E-3,9.996879101E-1,1.771438305E2,1.840688101E-1,-7.121130292E-2,1.771437119E2
3.130120208E2,2.493623008E-2,6.524697528E-4,1.598807285E-3,9.996875525E-1,1.771422223E2,1.850174564E-1,-7.017562060E-2,1.771421047E2
3.130170208E2,2.491921613E-2,6.631726865E-4,1.598792500E-3,9.996879697E-1,1.771441726E2,1.850451347E-1,-7.140489523E-2,1.771440530E2
3.130220208E2,2.492191751E-2,6.618166226E-4,1.594511326E-3,9.996879101E-1,1.771438629E2,1.845510196E-1,-7.126127705E-2,1.771437439E2
3.130270208E2,2.493158768E-2,6.562332856E-4,1.595124486E-3,9.996876717E-1,1.771427544E2,1.846059968E-1,-7.061813634E-2,1.771426364E2
3.130320208E2,2.491953045E-2,6.637401530E-4,1.593649620E-3,9.996879697E-1,1.771441365E2,1.844576292E-1,-7.148453013E-2,1.771440172E2
3.130370208E2,2.491018830E-2,6.699460209E-4,1.587536070E-3,9.996882081E-1,1.771452074E2,1.837743328E-1,-7.221462436E-2,1.771450873E2
3.130420208E2,2.492725748E-2,6.593885482E-4,1.586765749E-3,9.996877909E-1,1.771432508E2,1.836571602E-1,-7.100426703E-2,1.771431328E2
3.130470208E2,2.492497744E-2,6.602180656E-4,1.584684127E-3,9.996878505E-1,1.771435122E2,1.834209051E-1,-7.110565772E-2,1.771433941E2
3.130520208E2,2.491045407E-2,6.703895633E-4,1.583172590E-3,9.996882081E-1,1.771451769E2,1.832757546E-1,-7.227784210E-2,1.771450571E2
3.130570208E2,2.492029904E-2,6.635931204E-4,1.581647201E-3,9.996879697E-1,1.771440484E2,1.830823128E-1,-7.150182113E-2,1.771439300E2
3.130620208E2,2.492511898E-2,6.597479223E-4,1.582652447E-3,9.996878505E-1,1.771434959E2,1.831868307E-1,-7.105757725E-2,1.771433781E2
3.130670208E2,2.492028530E-2,6.641783984E-4,1.581617980E-3,9.996879697E-1,1.771440500E2,1.830806361E-1,-7.156895411E-2,1.771439315E2
3.130720208E2,2.491547386E-2,6.668438436E-4,1.580950688E-3,9.996880889E-1,1.771446015E2,1.830114602E-1,-7.187708290E-2,1.771444825E2
3.130770208E2,2.492262967E-2,6.621838547E-4,1.583187492E-3,9.996879101E-1,1.771437813E2,1.832549041E-1,-7.133555556E-2,1.771436630E2
3.130820208E2,2.492015171E-2,6.634896272E-4,1.584010199E-3,9.996879697E-1,1.771440653E2,1.833527028E-1,-7.148324420E-2,1.771439467E2
3.130870208E2,2.490992160E-2,6.705778069E-4,1.591449254E-3,9.996882081E-1,1.771452380E2,1.842243968E-1,-7.227587764E-2,1.771451175E2
3.130920208E2,2.492164782E-2,6.623917143E-4,1.598482719E-3,9.996879101E-1,1.771438938E2,1.850075905E-1,-7.131586492E-2,1.771437744E2
3.130970208E2,2.493146300E-2,6.557262968E-4,1.597280148E-3,9.996876717E-1,1.771427687E2,1.848514838E-1,-7.055392201E-2,1.771426507E2
3.131020208E2,2.492194653E-2,6.616075407E-4,1.594144502E-3,9.996879101E-1,1.771438596E2,1.845084025E-1,-7.123836778E-2,1.771437406E2
3.131070208E2,2.492226100E-2,6.610881537E-4,1.589436666E-3,9.996879101E-1,1.771438235E2,1.839676298E-1,-7.119225653E-2,1.771437050E2
3.131120208E2,2.492711340E-2,6.582255592E-4,1.589509542E-3,9.996877909E-1,1.771432673E2,1.839681459E-1,-7.086322853E-2,1.771431493E2
3.131170208E2,2.492026433E-2,6.629404961E-4,1.582467463E-3,9.996879697E-1,1.771440524E2,1.831744126E-1,-7.142472308E-2,1.771439340E2
3.131220208E2,2.491279629E-2,6.685761618E-4,1.584720332E-3,9.996881485E-1,1.771449084E2,1.834480498E-1,-7.206525825E-2,1.771447889E2
3.131270208E2,2.492229895E-2,6.617816980E-4,1.588552841E-3,9.996879101E-1,1.771438192E2,1.838683658E-1,-7.127422330E-2,1.771437006E2
3.131320208E2,2.493213684E-2,6.552257692E-4,1.586934202E-3,9.996876717E-1,1.771426915E2,1.836649095E-1,-7.052601881E-2,1.771425742E2
3.131370208E2,2.492260743E-2,6.620501517E-4,1.583593548E-3,9.996879101E-1,1.771437838E2,1.833010370E-1,-7.131908346E-2,1.771436655E2
3.131420208E2,2.492237058E-2,6.620016648E-4,1.587336883E-3,9.996879101E-1,1.771438110E2,1.837297037E-1,-7.130288140E-2,1.771436924E2
3.131470208E2,2.493664150E-2,6.526370416E-4,1.592308981E-3,9.996875525E-1,1.771421751E2,1.842735429E-1,-7.021327824E-2,1.771420580E2
3.131520208E2,2.493194122E-2,6.547041121E-4,1.590219443E-3,9.996876717E-1,1.771427139E2,1.840397496E-1,-7.045690961E-2,1.771425965E2
3.131570208E2,2.492246313E-2,6.616628380E-4,1.586024533E-3,9.996879101E-1,1.771438004E2,1.835784047E-1,-7.126779791E-2,1.771436820E2
3.131620208E2,2.493928473E-2,6.500074524E-4,1.589406165E-3,9.996874928E-1,1.771418722E2,1.839336774E-1,-6.991985245E-2,1.771417557E2
3.131670208E2,2.494136133E-2,6.481430610E-4,1.595061738E-3,9.996874332E-1,1.771416341E2,1.845763738E-1,-6.968972887E-2,1.771415176E2
3.131720208E2,2.492696386E-2,6.580712507E-4,1.591916778E-3,9.996877909E-1,1.771432845E2,1.842434582E-1,-7.083870274E-2,1.771431663E2
3.131770208E2,2.492463614E-2,6.598211476E-4,1.590208034E-3,9.996878505E-1,1.771435513E2,1.840525447E-1,-7.104447327E-2,1.771434329E2
3.131820208E2,2.493891748E-2,6.509931991E-4,1.594756148E-3,9.996874928E-1,1.771419142E2,1.845493423E-1,-7.001755325E-2,1.771417972E2
3.131870208E2,2.493178493E-2,6.557336892E-4,1.592244254E-3,9.996876717E-1,1.771427318E2,1.842746351E-1,-7.056909734E-2,1.771426141E2
3.131920208E2,2.491762097E-2,6.653534947E-4,1.585422899E-3,9.996880293E-1,1.771443554E2,1.835196780E-1,-7.169319137E-2,1.771442364E2
3.131970208E2,2.492492558E-2,6.606812240E-4,1.585306716E-3,9.996878505E-1,1.771435181E2,1.834935459E-1,-7.115694642E-2,1.771433999E2
3.132020208E2,2.493195227E-2,6.550546968E-4,1.589901745E-3,9.996876717E-1,1.771427127E2,1.840043579E-1,-7.049797679E-2,1.771425952E2
3.132070208E2,2.491728339E-2,6.655117031E-4,1.590653439E-3,9.996880293E-1,1.771443941E2,1.841192963E-1,-7.169644158E-2,1.771442747E2
3.132120208E2,2.490768491E-2,6.723240949E-4,1.588275773E-3,9.996882677E-1,1.771454943E2,1.838656779E-1,-7.248539556E-2,1.771453738E2
3.132170208E2,2.492463765E-2,6.596872699E-4,1.590239815E-3,9.996878505E-1,1.771435511E2,1.840558031E-1,-7.102904575E-2,1.771434328E2
3.132220208E2,2.491496725E-2,6.664745742E-4,1.589069609E-3,9.996880889E-1,1.771446596E2,1.839404420E-1,-7.181169278E-2,1.771445401E2
3.132270208E2,2.490557473E-2,6.731033791E-4,1.583513338E-3,9.996883273E-1,1.771457362E2,1.833221827E-1,-7.258864768E-2,1.771456159E2
3.132320208E2,2.491278017E-2,6.680493243E-4,1.585195772E-3,9.996881485E-1,1.771449103E2,1.835010091E-1,-7.200355153E-2,1.771447908E2
3.132370208E2,2.491509789E-2,6.661374937E-4,1.587161561E-3,9.996880889E-1,1.771446446E2,1.837209103E-1,-7.177850202E-2,1.771445253E2
3.132420208E2,2.490761839E-2,6.718276418E-4,1.589528518E-3,9.996882677E-1,1.771455020E2,1.840077657E-1,-7.242496042E-2,1.771453814E2
3.132470208E2,2.491045012E-2,6.696662749E-4,1.583540696E-3,9.996882081E-1,1.771451774E2,1.833158582E-1,-7.219393508E-2,1.771450577E2
3.132520208E2,2.491528565E-2,6.670409348E-4,1.583831152E-3,9.996880889E-1,1.771446231E2,1.833419844E-1,-7.189147098E-2,1.771445039E2
3.132570208E2,2.491275315E-2,6.679070648E-4,1.585680293E-3,9.996881485E-1,1.771449134E2,1.835561058E-1,-7.198587657E-2,1.771447939E2
3.132620208E2,2.491021726E-2,6.703497493E-4,1.586911036E-3,9.996882081E-1,1.771452041E2,1.837038860E-1,-7.226265273E-2,1.771450840E2
3.132670208E2,2.491736342E-2,6.659220671E-4,1.589227351E-3,9.996880293E-1,1.771443849E2,1.839571068E-1,-7.174750854E-2,1.771442655E2
3.132720208E2,2.492955415E-2,6.576017477E-4,1.588976360E-3,9.996877313E-1,1.771429875E2,1.839054573E-1,-7.079284135E-2,1.771428697E2
3.132770208E2,2.491960090E-2,6.636022590E-4,1.592605142E-3,9.996879697E-1,1.771441285E2,1.843375889E-1,-7.147170329E-2,1.771440092E2
3.132820208E2,2.491732732E-2,6.653498858E-4,1.590032829E-3,9.996880293E-1,1.771443891E2,1.840477427E-1,-7.167966848E-2,1.771442697E2
3.132870208E2,2.492705972E-2,6.582395872E-4,1.590345404E-3,9.996877909E-1,1.771432735E2,1.840639353E-1,-7.086245771E-2,1.771431554E2
3.132920208E2,2.492223084E-2,6.611703429E-4,1.589875435E-3,9.996879101E-1,1.771438270E2,1.840181261E-1,-7.120042421E-2,1.771437084E2
3.132970208E2,2.490743294E-2,6.710250163E-4,1.592770335E-3,9.996882677E-1,1.771455232E2,1.843768315E-1,-7.232379596E-2,1.771454026E2
3.133020208E2,2.492161048E-2,6.625298411E-4,1.599007635E-3,9.996879101E-1,1.771438981E2,1.850681148E-1,-7.133019593E-2,1.771437786E2
3.133070208E2,2.492435625E-2,6.605871604E-4,1.594271627E-3,9.996878505E-1,1.771435834E2,1.845202225E-1,-7.112066942E-2,1.771434646E2
3.133120208E2,2.491001302E-2,6.695039338E-4,1.590470085E-3,9.996882081E-1,1.771452275E2,1.841091677E-1,-7.215563746E-2,1.771451073E2
3.133170208E2,2.492193609E-2,6.627766998E-4,1.593821915E-3,9.996879101E-1,1.771438608E2,1.844747868E-1,-7.137322500E-2,1.771437416E2
3.133220208E2,2.493668483E-2,6.522958283E-4,1.591770211E-3,9.996875525E-1,1.771421702E2,1.842108514E-1,-7.017572191E-2,1.771420531E2
3.133270208E2,2.492718508E-2,6.578696775E-4,1.588532585E-3,9.996877909E-1,1.771432591E2,1.838552178E-1,-7.082523777E-2,1.771431412E2
3.133320208E2,2.492690325E-2,6.579986657E-4,1.592895482E-3,9.996877909E-1,1.771432914E2,1.843553631E-1,-7.082760318E-2,1.771431732E2
3.133370208E2,2.494354458E-2,6.478577270E-4,1.598390634E-3,9.996873736E-1,1.771413839E2,1.849570558E-1,-6.964712367E-2,1.771412672E2
3.133420208E2,2.493402611E-2,6.542337942E-4,1.595186652E-3,9.996876121E-1,1.771424749E2,1.846075769E-1,-7.038845509E-2,1.771423573E2
3.133470208E2,2.492241650E-2,6.611840799E-4,1.586956671E-3,9.996879101E-1,1.771438057E2,1.836838160E-1,-7.121029974E-2,1.771436873E2
3.133520208E2,2.493675921E-2,6.521157920E-4,1.590678352E-3,9.996875525E-1,1.771421616E2,1.840852629E-1,-7.015820417E-2,1.771420447E2
3.133570208E2,2.493428730E-2,6.530936807E-4,1.591567066E-3,9.996876121E-1,1.771424450E2,1.841896916E-1,-7.026814278E-2,1.771423278E2
3.133620208E2,2.492254256E-2,6.619090564E-4,1.584673068E-3,9.996879101E-1,1.771437913E2,1.834242949E-1,-7.129984891E-2,1.771436729E2
3.133670208E2,2.492488105E-2,6.605591625E-4,1.586057479E-3,9.996878505E-1,1.771435232E2,1.835791985E-1,-7.114082734E-2,1.771434050E2
3.133720208E2,2.493909836E-2,6.511285319E-4,1.591869630E-3,9.996874928E-1,1.771418935E2,1.842190735E-1,-7.004127248E-2,1.771417767E2
3.133770208E2,2.492240535E-2,6.614426384E-4,1.587024075E-3,9.996879101E-1,1.771438070E2,1.836922753E-1,-7.123972866E-2,1.771436886E2
3.133820208E2,2.492279348E-2,6.621824577E-4,1.580607379E-3,9.996879101E-1,1.771437625E2,1.829593440E-1,-7.134273446E-2,1.771436444E2
3.133870208E2,2.493463067E-2,6.530546816E-4,1.586194616E-3,9.996876121E-1,1.771424056E2,1.835741570E-1,-7.027896328E-2,1.771422888E2
3.133920208E2,2.493695609E-2,6.515799323E-4,1.587808831E-3,9.996875525E-1,1.771421391E2,1.837550240E-1,-7.010498227E-2,1.771420224E2
3.133970208E2,2.492061302E-2,6.625489914E-4,1.577131450E-3,9.996879697E-1,1.771440124E2,1.825620461E-1,-7.139504870E-2,1.771438945E2
3.134020208E2,2.491797565E-2,6.643125671E-4,1.580276527E-3,9.996880293E-1,1.771443148E2,1.829271820E-1,-7.158857744E-2,1.771441963E2
3.134070208E2,2.492758881E-2,6.582719507E-4,1.582017168E-3,9.996877909E-1,1.771432128E2,1.831100146E-1,-7.088985827E-2,1.771430954E2
3.134120208E2,2.492777003E-2,6.587035605E-4,1.578979194E-3,9.996877909E-1,1.771431921E2,1.827632418E-1,-7.094794687E-2,1.771430747E2
3.134170208E2,2.491603333E-2,6.662466330E-4,1.572361914E-3,9.996880889E-1,1.771445374E2,1.820258979E-1,-7.183308994E-2,1.771444191E2
3.134220208E2,2.492581672E-2,6.595703308E-4,1.571699628E-3,9.996878505E-1,1.771434160E2,1.819316601E-1,-7.106839098E-2,1.771432990E2
3.134270208E2,2.493559041E-2,6.539775059E-4,1.570651075E-3,9.996876121E-1,1.771422956E2,1.817962538E-1,-7.042891802E-2,1.771421798E2
3.134320208E2,2.491652814E-2,6.663745735E-4,1.564446953E-3,9.996880889E-1,1.771444807E2,1.811195910E-1,-7.187025612E-2,1.771443630E2
3.134370208E2,2.491690004E-2,6.657586200E-4,1.558775664E-3,9.996880889E-1,1.771444380E2,1.804681776E-1,-7.181582140E-2,1.771443208E2
3.134420208E2,2.493381945E-2,6.549442187E-4,1.560392207E-3,9.996876717E-1,1.771424986E2,1.806236752E-1,-7.056929556E-2,1.771423833E2
3.134470208E2,2.493110901E-2,6.572641432E-4,1.564532984E-3,9.996877313E-1,1.771428093E2,1.811044639E-1,-7.082371587E-2,1.771426933E2
3.134520208E2,2.491674440E-2,6.663815584E-4,1.560995821E-3,9.996880889E-1,1.771444559E2,1.807242779E-1,-7.188087137E-2,1.771443384E2
3.134570208E2,2.492420596E-2,6.616785540E-4,1.558389864E-3,9.996879101E-1,1.771436006E2,1.804128521E-1,-7.134820907E-2,1.771434842E2
3.134620208E2,2.492627212E-2,6.595412851E-4,1.564472914E-3,9.996878505E-1,1.771433638E2,1.811037449E-1,-7.108562359E-2,1.771432473E2
3.134670208E2,2.491126630E-2,6.703789695E-4,1.570344786E-3,9.996882081E-1,1.771450838E2,1.818062785E-1,-7.231309971E-2,1.771449649E2
3.134720208E2,2.490865208E-2,6.708836299E-4,1.573649934E-3,9.996882677E-1,1.771453835E2,1.821861552E-1,-7.236195260E-2,1.771452643E2
3.134770208E2,2.492090085E-2,6.630498683E-4,1.572365523E-3,9.996879697E-1,1.771439794E2,1.820175309E-1,-7.146598527E-2,1.771438618E2
3.134820208E2,2.491615913E-2,6.662269006E-4,1.570375636E-3,9.996880889E-1,1.771445230E2,1.817983101E-1,-7.183647800E-2,1.771444049E2
3.134870208E2,2.490376814E-2,6.751747569E-4,1.573383226E-3,9.996883869E-1,1.771459433E2,1.821674961E-1,-7.285517769E-2,1.771458233E2
3.134920208E2,2.491107258E-2,6.701285602E-4,1.573521527E-3,9.996882081E-1,1.771451060E2,1.821694650E-1,-7.227538037E-2,1.771449870E2
3.134970208E2,2.491354166E-2,6.685161497E-4,1.572984271E-3,9.996881485E-1,1.771448230E2,1.821034936E-1,-7.209175324E-2,1.771447043E2
3.135020208E2,2.490612986E-2,6.732986076E-4,1.574674505E-3,9.996883273E-1,1.771456726E2,1.823102369E-1,-7.263613787E-2,1.771455529E2
3.135070208E2,2.490612604E-2,6.731858011E-4,1.574783120E-3,9.996883273E-1,1.771456730E2,1.823223573E-1,-7.262290592E-2,1.771455533E2
3.135120208E2,2.491364652E-2,6.682300591E-4,1.571444329E-3,9.996881485E-1,1.771448110E2,1.819262744E-1,-7.206335734E-2,1.771446924E2
3.135170208E2,2.490896511E-2,6.706887507E-4,1.568770618E-3,9.996882677E-1,1.771453476E2,1.816266657E-1,-7.235349890E-2,1.771452288E2
3.135220208E2,2.490843825E-2,6.721609388E-4,1.576486859E-3,9.996882677E-1,1.771454080E2,1.825147734E-1,-7.250021704E-2,1.771452883E2
3.135270208E2,2.490856184E-2,6.706756540E-4,1.575166127E-3,9.996882677E-1,1.771453938E2,1.823592443E-1,-7.233381630E-2,1.771452745E2
3.135320208E2,2.490853422E-2,6.707119755E-4,1.575587434E-3,9.996882677E-1,1.771453970E2,1.824076094E-1,-7.233677960E-2,1.771452777E2
3.135370208E2,2.490843360E-2,6.721287500E-4,1.576574170E-3,9.996882677E-1,1.771454085E2,1.825246833E-1,-7.249628124E-2,1.771452889E2
3.135420208E2,2.491529960E-2,6.666430854E-4,1.583779231E-3,9.996880889E-1,1.771446215E2,1.833349015E-1,-7.184604069E-2,1.771445023E2
3.135470208E2,2.492752810E-2,6.588616525E-4,1.582728117E-3,9.996877909E-1,1.771432198E2,1.831931385E-1,-7.095539226E-2,1.771431021E2
3.135520208E2,2.492047312E-2,6.638819468E-4,1.578780590E-3,9.996879697E-1,1.771440285E2,1.827547622E-1,-7.154306247E-2,1.771439102E2
3.135570208E2,2.491526560E-2,6.670505391E-4,1.584142447E-3,9.996880889E-1,1.771446254E2,1.833776711E-1,-7.189168607E-2,1.771445061E2
3.135620208E2,2.492004348E-2,6.639748462E-4,1.585508813E-3,9.996879697E-1,1.771440777E2,1.835257564E-1,-7.153456906E-2,1.771439589E2
3.135670208E2,2.490546966E-2,6.739405799E-4,1.584809273E-3,9.996883273E-1,1.771457483E2,1.834730222E-1,-7.268087452E-2,1.771456277E2
3.135720208E2,2.489583038E-2,6.793675129E-4,1.583551755E-3,9.996885657E-1,1.771468532E2,1.833437490E-1,-7.330791855E-2,1.771467317E2
3.135770208E2,2.490027424E-2,6.763606798E-4,1.590210712E-3,9.996884465E-1,1.771463438E2,1.840983192E-1,-7.294365183E-2,1.771462224E2
3.135820208E2,2.489528494E-2,6.798633258E-4,1.591891982E-3,9.996885657E-1,1.771469157E2,1.843005487E-1,-7.334102292E-2,1.771467935E2
3.135870208E2,2.487625506E-2,6.928307121E-4,1.584326033E-3,9.996890426E-1,1.771490971E2,1.834693952E-1,-7.485159121E-2,1.771489730E2
3.135920208E2,2.487651748E-2,6.927000941E-4,1.580257434E-3,9.996890426E-1,1.771490670E2,1.830029588E-1,-7.484817861E-2,1.771489432E2
3.135970208E2,2.488103247E-2,6.901897141E-4,1.585678081E-3,9.996889234E-1,1.771485494E2,1.836171076E-1,-7.454431731E-2,1.771484257E2
3.136020208E2,2.487365139E-2,6.939326413E-4,1.587110804E-3,9.996891022E-1,1.771493955E2,1.837913546E-1,-7.497036381E-2,1.771492710E2
3.136070208E2,2.486890837E-2,6.984735373E-4,1.584355952E-3,9.996892214E-1,1.771499392E2,1.834883553E-1,-7.549927369E-2,1.771498140E2
3.136120208E2,2.488332417E-2,6.883005262E-4,1.588114072E-3,9.996888638E-1,1.771482868E2,1.838909490E-1,-7.432053234E-2,1.771481632E2
3.136170208E2,2.488798035E-2,6.840597489E-4,1.592019573E-3,9.996887445E-1,1.771477530E2,1.843265987E-1,-7.382273084E-2,1.771476300E2
3.136220208E2,2.487099331E-2,6.966856890E-4,1.590014319E-3,9.996891618E-1,1.771497002E2,1.841316185E-1,-7.527795518E-2,1.771495749E2
3.136270208E2,2.487392551E-2,6.948645459E-4,1.582399942E-3,9.996891022E-1,1.771493641E2,1.832543727E-1,-7.509049684E-2,1.771492397E2
3.136320208E2,2.488823564E-2,6.851527141E-4,1.587552368E-3,9.996887445E-1,1.771477238E2,1.838179887E-1,-7.396063038E-2,1.771476009E2
3.136370208E2,2.488285602E-2,6.878022105E-4,1.595647307E-3,9.996888638E-1,1.771483404E2,1.847524726E-1,-7.424205245E-2,1.771482164E2
3.136420208E2,2.487088312E-2,6.968851085E-4,1.591649605E-3,9.996891618E-1,1.771497128E2,1.843195109E-1,-7.529615940E-2,1.771495874E2
3.136470208E2,2.488050026E-2,6.906227791E-4,1.593819470E-3,9.996889234E-1,1.771486104E2,1.845509502E-1,-7.457081232E-2,1.771484860E2
3.136520208E2,2.488266951E-2,6.890090299E-4,1.598033239E-3,9.996888638E-1,1.771483618E2,1.850292238E-1,-7.437353184E-2,1.771482374E2
3.136570208E2,2.486563757E-2,6.992875133E-4,1.597668743E-3,9.996892810E-1,1.771503141E2,1.850154926E-1,-7.555518476E-2,1.771501878E2
3.136620208E2,2.487074006E-2,6.960568135E-4,1.594245434E-3,9.996891618E-1,1.771497292E2,1.846145079E-1,-7.519390124E-2,1.771496038E2
3.136670208E2,2.488540591E-2,6.861662259E-4,1.593927969E-3,9.996888041E-1,1.771480481E2,1.845510352E-1,-7.405907264E-2,1.771479246E2
3.136720208E2,2.487515969E-2,6.925101043E-4,1.601570868E-3,9.996890426E-1,1.771492226E2,1.854439039E-1,-7.476590637E-2,1.771490973E2
3.136770208E2,2.486540155E-2,6.990472320E-4,1.601442695E-3,9.996892810E-1,1.771503412E2,1.854471201E-1,-7.551694893E-2,1.771502146E2
3.136820208E2,2.487767397E-2,6.915183621E-4,1.600150485E-3,9.996889830E-1,1.771489344E2,1.852785504E-1,-7.465587937E-2,1.771488094E2
3.136870208E2,2.488503094E-2,6.865454488E-4,1.599608804E-3,9.996888041E-1,1.771480911E2,1.852028643E-1,-7.408638383E-2,1.771479670E2
3.136920208E2,2.487527941E-2,6.929913070E-4,1.599501935E-3,9.996890426E-1,1.771492089E2,1.852082753E-1,-7.482690656E-2,1.771490836E2
3.136970208E2,2.487984870E-2,6.894066464E-4,1.604481367E-3,9.996889234E-1,1.771486851E2,1.857688214E-1,-7.440121870E-2,1.771485602E2
3.137020208E2,2.489454742E-2,6.794229266E-4,1.603571000E-3,9.996885657E-1,1.771470003E2,1.856371427E-1,-7.325739028E-2,1.771468773E2
3.137070208E2,2.488941233E-2,6.831977516E-4,1.607357059E-3,9.996886849E-1,1.771475889E2,1.860812509E-1,-7.367997365E-2,1.771474649E2
3.137120208E2,2.488186006E-2,6.892416277E-4,1.610488049E-3,9.996888638E-1,1.771484546E2,1.864566038E-1,-7.436481373E-2,1.771483292E2
3.137170208E2,2.489163735E-2,6.818595575E-4,1.610537758E-3,9.996886253E-1,1.771473338E2,1.864419664E-1,-7.351718849E-2,1.771472099E2
3.137220208E2,2.490369948E-2,6.734678173E-4,1.612584456E-3,9.996883273E-1,1.771459512E2,1.866533644E-1,-7.254777464E-2,1.771458287E2
3.137270208E2,2.489879929E-2,6.773057976E-4,1.612743479E-3,9.996884465E-1,1.771465129E2,1.866821778E-1,-7.298789910E-2,1.771463896E2
3.137320208E2,2.489158390E-2,6.811887724E-4,1.611647313E-3,9.996886253E-1,1.771473400E2,1.865671553E-1,-7.343719106E-2,1.771472160E2
3.137370208E2,2.490882373E-2,6.705145934E-4,1.608567662E-3,9.996882081E-1,1.771453638E2,1.861851569E-1,-7.221997456E-2,1.771452421E2
3.137420208E2,2.490409005E-2,6.739654345E-4,1.606332604E-3,9.996883273E-1,1.771459064E2,1.859386244E-1,-7.262254902E-2,1.771457842E2
3.137470208E2,2.489651137E-2,6.789660547E-4,1.610417850E-3,9.996885061E-1,1.771467751E2,1.864203326E-1,-7.318515375E-2,1.771466517E2
3.137520208E2,2.490123061E-2,6.752170157E-4,1.613027998E-3,9.996883869E-1,1.771462342E2,1.867089877E-1,-7.274735090E-2,1.771461113E2
3.137570208E2,2.489898705E-2,6.762111443E-4,1.610302250E-3,9.996884465E-1,1.771464914E2,1.863994098E-1,-7.286943071E-2,1.771463685E2
3.137620208E2,2.488661857E-2,6.853829836E-4,1.612605527E-3,9.996887445E-1,1.771479091E2,1.866885227E-1,-7.391585673E-2,1.771477843E2
3.137670208E2,2.489085925E-2,6.823550211E-4,1.622310607E-3,9.996886253E-1,1.771474230E2,1.877919762E-1,-7.354051089E-2,1.771472981E2
3.137720208E2,2.489884315E-2,6.769467727E-4,1.612217049E-3,9.996884465E-1,1.771465079E2,1.866208506E-1,-7.294826457E-2,1.771463847E2
3.137770208E2,2.488939458E-2,6.836999091E-4,1.607418410E-3,9.996886849E-1,1.771475909E2,1.860897101E-1,-7.373732708E-2,1.771474668E2
3.137820208E2,2.488652659E-2,6.856071413E-4,1.613929169E-3,9.996887445E-1,1.771479197E2,1.868407867E-1,-7.393777759E-2,1.771477947E2
3.137870208E2,2.490090891E-2,6.761267432E-4,1.617606613E-3,9.996883869E-1,1.771462711E2,1.872360694E-1,-7.283856027E-2,1.771461477E2
3.137920208E2,2.489415686E-2,6.794812507E-4,1.609598054E-3,9.996885657E-1,1.771470450E2,1.863277173E-1,-7.324695027E-2,1.771469216E2
3.137970208E2,2.488226310E-2,6.887097843E-4,1.604477409E-3,9.996888638E-1,1.771484084E2,1.857665605E-1,-7.432095163E-2,1.771482835E2
3.138020208E2,2.489166897E-2,6.813723594E-4,1.610255335E-3,9.996886253E-1,1.771473302E2,1.864082255E-1,-7.346217678E-2,1.771472063E2
3.138070208E2,2.489404418E-2,6.809754414E-4,1.610709005E-3,9.996885657E-1,1.771470579E2,1.864592384E-1,-7.341497035E-2,1.771469341E2
3.138120208E2,2.487256466E-2,6.950904499E-4,1.603550278E-3,9.996891022E-1,1.771495201E2,1.856778191E-1,-7.505633982E-2,1.771493941E2
3.138170208E2,2.487004471E-2,6.962468033E-4,1.604973921E-3,9.996891618E-1,1.771498089E2,1.858440132E-1,-7.518521764E-2,1.771496826E2
3.138220208E2,2.488661678E-2,6.851340295E-4,1.612738823E-3,9.996887445E-1,1.771479093E2,1.867030823E-1,-7.388695774E-2,1.771477846E2
3.138270208E2,2.486969718E-2,6.974712014E-4,1.609820058E-3,9.996891618E-1,1.771498488E2,1.864026326E-1,-7.531173294E-2,1.771497219E2
3.138320208E2,2.485518376E-2,7.068153354E-4,1.607807004E-3,9.996895194E-1,1.771515124E2,1.861975485E-1,-7.639059979E-2,1.771513839E2
3.138370208E2,2.486948167E-2,6.959906314E-4,1.613785280E-3,9.996891618E-1,1.771498735E2,1.868526377E-1,-7.513086423E-2,1.771497466E2
3.138420208E2,2.488406809E-2,6.877452252E-4,1.614007284E-3,9.996888041E-1,1.771482015E2,1.868556510E-1,-7.418294453E-2,1.771480761E2
3.138470208E2,2.486232439E-2,7.010484696E-4,1.611106680E-3,9.996893406E-1,1.771506939E2,1.865596609E-1,-7.571923945E-2,1.771505662E2
3.138520208E2,2.486219211E-2,7.015284500E-4,1.612938009E-3,9.996893406E-1,1.771507091E2,1.867708090E-1,-7.576903108E-2,1.771505812E2
3.138570208E2,2.487915842E-2,6.908575888E-4,1.614529523E-3,9.996889234E-1,1.771487643E2,1.869239868E-1,-7.453891305E-2,1.771486383E2
3.138620208E2,2.486673090E-2,6.990138791E-4,1.617938979E-3,9.996892214E-1,1.771501888E2,1.873368795E-1,-7.546587293E-2,1.771500610E2
3.138670208E2,2.484741227E-2,7.120614755E-4,1.614418230E-3,9.996896982E-1,1.771524032E2,1.869692523E-1,-7.697419928E-2,1.771522732E2
3.138720208E2,2.487402785E-2,6.943814224E-4,1.618252718E-3,9.996890426E-1,1.771493524E2,1.873601652E-1,-7.493293564E-2,1.771492254E2
3.138770208E2,2.486898853E-2,6.972107221E-4,1.620842726E-3,9.996891618E-1,1.771499300E2,1.876645533E-1,-7.525061203E-2,1.771498023E2
3.138820208E2,2.483741812E-2,7.174753118E-4,1.618170296E-3,9.996899366E-1,1.771535488E2,1.874137168E-1,-7.758557681E-2,1.771534175E2
3.138870208E2,2.484247385E-2,7.154279156E-4,1.615111600E-3,9.996898174E-1,1.771529693E2,1.870578867E-1,-7.735879508E-2,1.771528386E2
3.138920208E2,2.486688454E-2,6.985565997E-4,1.615773654E-3,9.996892214E-1,1.771501712E2,1.870875362E-1,-7.541963050E-2,1.771500436E2
3.138970208E2,2.484699416E-2,7.115585031E-4,1.621061354E-3,9.996896982E-1,1.771524512E2,1.877288002E-1,-7.689774338E-2,1.771523207E2
3.139020208E2,2.483231840E-2,7.215827354E-4,1.620963099E-3,9.996900558E-1,1.771541334E2,1.877449443E-1,-7.804911573E-2,1.771540010E2
3.139070208E2,2.485220596E-2,7.081135991E-4,1.616184716E-3,9.996895790E-1,1.771518537E2,1.871607392E-1,-7.651601875E-2,1.771517243E2
3.139120208E2,2.485200899E-2,7.087615086E-4,1.618927112E-3,9.996895790E-1,1.771518763E2,1.874767284E-1,-7.658246732E-2,1.771517466E2
3.139170208E2,2.482268204E-2,7.283205632E-4,1.618504291E-3,9.996902943E-1,1.771552380E2,1.874816878E-1,-7.882977919E-2,1.771551045E2
3.139220208E2,2.483969079E-2,7.174219354E-4,1.620131079E-3,9.996898770E-1,1.771532883E2,1.876383615E-1,-7.757345468E-2,1.771531568E2
3.139270208E2,2.485948358E-2,7.035714225E-4,1.616848516E-3,9.996894002E-1,1.771510195E2,1.872243977E-1,-7.599243156E-2,1.771508909E2
3.139320208E2,2.483985915E-2,7.168056327E-4,1.617820933E-3,9.996898770E-1,1.771532690E2,1.873719781E-1,-7.750939787E-2,1.771531378E2
3.139370208E2,2.483682841E-2,7.181554683E-4,1.626896556E-3,9.996899366E-1,1.771536164E2,1.884152563E-1,-7.763876651E-2,1.771534843E2
3.139420208E2,2.485612841E-2,7.047243416E-4,1.631014165E-3,9.996894598E-1,1.771514041E2,1.888501925E-1,-7.608478380E-2,1.771512742E2
3.139470208E2,2.483943124E-2,7.161191315E-4,1.624680357E-3,9.996898770E-1,1.771533181E2,1.881557816E-1,-7.741130967E-2,1.771531865E2
3.139520208E2,2.483202727E-2,7.209724281E-4,1.625687699E-3,9.996900558E-1,1.771541668E2,1.882844180E-1,-7.796581130E-2,1.771540342E2
3.139570208E2,2.485609671E-2,7.050308050E-4,1.631364808E-3,9.996894598E-1,1.771514078E2,1.888912315E-1,-7.611889823E-2,1.771512778E2
3.139620208E2,2.485870956E-2,7.037766045E-4,1.628616941E-3,9.996894002E-1,1.771511082E2,1.885730715E-1,-7.598255626E-2,1.771509787E2
3.139670208E2,2.482469741E-2,7.258995320E-4,1.625481993E-3,9.996902347E-1,1.771550070E2,1.882742995E-1,-7.853220688E-2,1.771548734E2
3.139720208E2,2.485132749E-2,7.092277519E-4,1.629152219E-3,9.996895790E-1,1.771519544E2,1.886493555E-1,-7.660688616E-2,1.771518238E2
3.139770208E2,2.486809591E-2,6.971823168E-4,1.634492888E-3,9.996891618E-1,1.771500323E2,1.892281178E-1,-7.520862527E-2,1.771499036E2
3.139820208E2,2.483922551E-2,7.174964994E-4,1.627216116E-3,9.996898770E-1,1.771533416E2,1.884501742E-1,-7.756191620E-2,1.771532096E2
3.139870208E2,2.483688786E-2,7.188840536E-4,1.625666628E-3,9.996899366E-1,1.771536096E2,1.882764387E-1,-7.772571984E-2,1.771534774E2
3.139920208E2,2.486334747E-2,7.004408981E-4,1.632426167E-3,9.996892810E-1,1.771505766E2,1.890002899E-1,-7.558870274E-2,1.771504475E2
3.139970208E2,2.484641828E-2,7.115690387E-4,1.629859675E-3,9.996896982E-1,1.771525172E2,1.887366899E-1,-7.687400676E-2,1.771523860E2
3.140020208E2,2.482001348E-2,7.292060181E-4,1.622210839E-3,9.996903539E-1,1.771555439E2,1.879086051E-1,-7.892117140E-2,1.771554099E2
3.140070208E2,2.485619891E-2,7.059065974E-4,1.629427774E-3,9.996894598E-1,1.771513960E2,1.886718345E-1,-7.622472375E-2,1.771512660E2
3.140120208E2,2.486311180E-2,6.998594617E-4,1.636260538E-3,9.996892810E-1,1.771506036E2,1.894378669E-1,-7.551121525E-2,1.771504743E2
3.140170208E2,2.482182267E-2,7.278211415E-4,1.631853753E-3,9.996902943E-1,1.771553365E2,1.890094666E-1,-7.873475587E-2,1.771552021E2
3.140220208E2,2.482669636E-2,7.252842770E-4,1.631872030E-3,9.996901751E-1,1.771547778E2,1.890047260E-1,-7.844316911E-2,1.771546439E2
3.140270208E2,2.485824944E-2,7.036821335E-4,1.635665540E-3,9.996894002E-1,1.771511610E2,1.893802293E-1,-7.595174163E-2,1.771510310E2
3.140320208E2,2.483624593E-2,7.180541870E-4,1.635809080E-3,9.996899366E-1,1.771536832E2,1.894359098E-1,-7.760190742E-2,1.771535504E2
3.140370208E2,2.482417687E-2,7.266165921E-4,1.633093460E-3,9.996902347E-1,1.771550666E2,1.891482414E-1,-7.859279559E-2,1.771549324E2
3.140420208E2,2.485553204E-2,7.062887889E-4,1.639404334E-3,9.996894598E-1,1.771514725E2,1.898157510E-1,-7.624021502E-2,1.771513417E2
3.140470208E2,2.484801023E-2,7.111456362E-4,1.642286777E-3,9.996896386E-1,1.771523347E2,1.901592108E-1,-7.678981662E-2,1.771522027E2
3.140520208E2,2.481895733E-2,7.298019482E-4,1.638024696E-3,9.996903539E-1,1.771556649E2,1.897217968E-1,-7.894465987E-2,1.771555296E2
3.140570208E2,2.483584428E-2,7.191482000E-4,1.641416922E-3,9.996899366E-1,1.771537292E2,1.900814071E-1,-7.771134880E-2,1.771535957E2
3.140620208E2,2.485481108E-2,7.051834255E-4,1.650771359E-3,9.996894598E-1,1.771515551E2,1.911147126E-1,-7.608134932E-2,1.771514236E2
3.140670208E2,2.482524626E-2,7.251807256E-4,1.653830870E-3,9.996901751E-1,1.771549440E2,1.915198449E-1,-7.836911005E-2,1.771548084E2
3.140720208E2,2.481787203E-2,7.298450219E-4,1.654367778E-3,9.996903539E-1,1.771557893E2,1.915940398E-1,-7.890331950E-2,1.771556528E2
3.140770208E2,2.484694525E-2,7.103219396E-4,1.658674446E-3,9.996896386E-1,1.771524568E2,1.920340959E-1,-7.664899773E-2,1.771523237E2
3.140820208E2,2.482965097E-2,7.222230779E-4,1.661043963E-3,9.996900558E-1,1.771544391E2,1.923380801E-1,-7.800892545E-2,1.771543035E2
3.140870208E2,2.481267084E-2,7.336045965E-4,1.658681314E-3,9.996904731E-1,1.771563855E2,1.920984642E-1,-7.932273328E-2,1.771562479E2
3.140920208E2,2.483936154E-2,7.161394460E-4,1.661984483E-3,9.996898174E-1,1.771533261E2,1.924292616E-1,-7.730746305E-2,1.771531916E2
3.140970208E2,2.483692134E-2,7.166563300E-4,1.662377617E-3,9.996898770E-1,1.771536058E2,1.924755803E-1,-7.736602601E-2,1.771534712E2
3.141020208E2,2.480772862E-2,7.378045120E-4,1.658895402E-3,9.996905923E-1,1.771569520E2,1.921345383E-1,-7.980420050E-2,1.771568135E2
3.141070208E2,2.483232644E-2,7.212008932E-4,1.657360932E-3,9.996899962E-1,1.771541325E2,1.919134647E-1,-7.790179408E-2,1.771539973E2
3.141120208E2,2.485207621E-2,7.081545191E-4,1.654574298E-3,9.996895194E-1,1.771518686E2,1.915586178E-1,-7.641139816E-2,1.771517363E2
3.141170208E2,2.483279088E-2,7.208058378E-4,1.650560182E-3,9.996899962E-1,1.771540792E2,1.911333068E-1,-7.787580228E-2,1.771539447E2
3.141220208E2,2.483052479E-2,7.223626017E-4,1.647868659E-3,9.996900558E-1,1.771543390E2,1.908292292E-1,-7.806223106E-2,1.771542044E2
3.141270208E2,2.485969268E-2,7.020506891E-4,1.650791499E-3,9.996893406E-1,1.771509956E2,1.911084658E-1,-7.572148496E-2,1.771508647E2
3.141320208E2,2.484755924E-2,7.098868955E-4,1.649638405E-3,9.996896386E-1,1.771523864E2,1.909977677E-1,-7.662477261E-2,1.771522541E2
3.141370208E2,2.483293728E-2,7.206359878E-4,1.648430247E-3,9.996899962E-1,1.771540624E2,1.908888370E-1,-7.786237827E-2,1.771539281E2
3.141420208E2,2.486198608E-2,7.014044095E-4,1.652622130E-3,9.996892810E-1,1.771507327E2,1.913165084E-1,-7.564179566E-2,1.771506018E2
3.141470208E2,2.486426749E-2,6.998701720E-4,1.655003405E-3,9.996892214E-1,1.771504712E2,1.915850993E-1,-7.545881782E-2,1.771503404E2
3.141520208E2,2.483773397E-2,7.169966702E-4,1.650043763E-3,9.996898770E-1,1.771535126E2,1.910636896E-1,-7.743996384E-2,1.771533789E2
3.141570208E2,2.484494049E-2,7.127618883E-4,1.651719329E-3,9.996896982E-1,1.771526866E2,1.912441365E-1,-7.694869603E-2,1.771525535E2
3.141620208E2,2.486174539E-2,7.002284983E-4,1.656736596E-3,9.996892810E-1,1.771507603E2,1.917844780E-1,-7.549541159E-2,1.771506293E2
3.141670208E2,2.484203182E-2,7.144582924E-4,1.658645924E-3,9.996897578E-1,1.771530200E2,1.920422284E-1,-7.712386702E-2,1.771528861E2
3.141720208E2,2.483043146E-2,7.215505466E-4,1.649629907E-3,9.996900558E-1,1.771543497E2,1.910286732E-1,-7.796421140E-2,1.771542151E2
3.141770208E2,2.486427397E-2,6.987934466E-4,1.655361033E-3,9.996892214E-1,1.771504704E2,1.916230001E-1,-7.533445223E-2,1.771503398E2
3.141820208E2,2.485207449E-2,7.068284322E-4,1.655167085E-3,9.996895194E-1,1.771518688E2,1.916227482E-1,-7.625779900E-2,1.771517367E2
3.141870208E2,2.482052805E-2,7.284771418E-4,1.651138766E-3,9.996902943E-1,1.771554849E2,1.912204540E-1,-7.875529593E-2,1.771553488E2
3.141920208E2,2.484757260E-2,7.108497666E-4,1.649022452E-3,9.996896386E-1,1.771523848E2,1.909299493E-1,-7.673682666E-2,1.771522524E2
3.141970208E2,2.487144402E-2,6.942438777E-4,1.657548477E-3,9.996890426E-1,1.771496485E2,1.918611576E-1,-7.480566294E-2,1.771495187E2
3.142020208E2,2.483972573E-2,7.164127892E-4,1.656414126E-3,9.996898174E-1,1.771532843E2,1.917919477E-1,-7.735456243E-2,1.771531502E2
3.142070208E2,2.483027628E-2,7.220747066E-4,1.651734929E-3,9.996900558E-1,1.771543675E2,1.912712966E-1,-7.801829698E-2,1.771542326E2
3.142120208E2,2.486415456E-2,6.990801776E-4,1.657032641E-3,9.996892214E-1,1.771504841E2,1.918153014E-1,-7.536255885E-2,1.771503533E2
3.142170208E2,2.485213830E-2,7.078358321E-4,1.653777901E-3,9.996895194E-1,1.771518615E2,1.914664825E-1,-7.637714688E-2,1.771517293E2
3.142220208E2,2.482328834E-2,7.276310353E-4,1.646096003E-3,9.996902347E-1,1.771551685E2,1.906405832E-1,-7.867218631E-2,1.771550330E2
3.142270208E2,2.485767568E-2,7.040011114E-4,1.644225675E-3,9.996894002E-1,1.771512268E2,1.903617125E-1,-7.596400665E-2,1.771510960E2
3.142320208E2,2.486473895E-2,6.988411187E-4,1.648341771E-3,9.996892214E-1,1.771504171E2,1.908190699E-1,-7.535982507E-2,1.771502871E2
3.142370208E2,2.483791277E-2,7.170027820E-4,1.647347352E-3,9.996898770E-1,1.771534921E2,1.907548296E-1,-7.744830475E-2,1.771533586E2
3.142420208E2,2.484808702E-2,7.102650707E-4,1.641505864E-3,9.996896386E-1,1.771523259E2,1.900672504E-1,-7.669115158E-2,1.771521941E2
3.142470208E2,2.487731865E-2,6.902788882E-4,1.642877120E-3,9.996889234E-1,1.771489751E2,1.901695959E-1,-7.439214837E-2,1.771488472E2
3.142520208E2,2.485795489E-2,7.034366718E-4,1.640241244E-3,9.996894002E-1,1.771511948E2,1.899036837E-1,-7.591064376E-2,1.771510644E2
3.142570208E2,2.484804026E-2,7.108323625E-4,1.641968032E-3,9.996896386E-1,1.771523312E2,1.901218067E-1,-7.675483115E-2,1.771521993E2
3.142620208E2,2.487011576E-2,6.960188039E-4,1.640700037E-3,9.996891022E-1,1.771498008E2,1.899360216E-1,-7.505726497E-2,1.771496719E2
3.142670208E2,2.486287643E-2,7.005266380E-4,1.639548107E-3,9.996892810E-1,1.771506306E2,1.898163621E-1,-7.557832192E-2,1.771505009E2
3.142720208E2,2.485094171E-2,7.094668690E-4,1.634922577E-3,9.996895790E-1,1.771519987E2,1.893110384E-1,-7.661791819E-2,1.771518676E2
3.142770208E2,2.487509727E-2,6.928127259E-4,1.639172900E-3,9.996889830E-1,1.771492298E2,1.897523125E-1,-7.469339643E-2,1.771491016E2
3.142820208E2,2.488233500E-2,6.873543607E-4,1.640672679E-3,9.996888041E-1,1.771484001E2,1.899090968E-1,-7.406245795E-2,1.771482729E2
3.142870208E2,2.486562482E-2,6.995702861E-4,1.634611981E-3,9.996892214E-1,1.771503156E2,1.892483799E-1,-7.548230984E-2,1.771501864E2
3.142920208E2,2.486795714E-2,6.978362799E-4,1.636324218E-3,9.996891618E-1,1.771500482E2,1.894397616E-1,-7.527834802E-2,1.771499193E2
3.142970208E2,2.487999327E-2,6.893498357E-4,1.639029477E-3,9.996888638E-1,1.771486686E2,1.897263740E-1,-7.429618138E-2,1.771485410E2
3.143020208E2,2.485842567E-2,7.034520968E-4,1.633084146E-3,9.996894002E-1,1.771511408E2,1.890838722E-1,-7.593270978E-2,1.771510110E2
3.143070208E2,2.485095887E-2,7.093674503E-4,1.634704764E-3,9.996895790E-1,1.771519967E2,1.892858047E-1,-7.660714623E-2,1.771518656E2
3.143120208E2,2.486016711E-2,7.030486013E-4,1.643204712E-3,9.996893406E-1,1.771509412E2,1.902422302E-1,-7.585732509E-2,1.771508107E2
3.143170208E2,2.484071228E-2,7.147184806E-4,1.642291201E-3,9.996898174E-1,1.771531712E2,1.901693287E-1,-7.720048320E-2,1.771530385E2
3.143220208E2,2.482891966E-2,7.233833894E-4,1.635399996E-3,9.996901155E-1,1.771545230E2,1.894036426E-1,-7.821495230E-2,1.771543891E2
3.143270208E2,2.484826754E-2,7.105392287E-4,1.638652175E-3,9.996896386E-1,1.771523052E2,1.897411366E-1,-7.673064971E-2,1.771521736E2
3.143320208E2,2.485270774E-2,7.077269256E-4,1.645245124E-3,9.996895194E-1,1.771517962E2,1.904887316E-1,-7.638886366E-2,1.771516647E2
3.143370208E2,2.484096230E-2,7.147006108E-4,1.638512942E-3,9.996898174E-1,1.771531426E2,1.897364732E-1,-7.720914413E-2,1.771530102E2
3.143420208E2,2.484826160E-2,7.110310253E-4,1.638528891E-3,9.996896386E-1,1.771523059E2,1.897284138E-1,-7.678734016E-2,1.771521742E2
3.143470208E2,2.485993497E-2,7.021895726E-4,1.647079596E-3,9.996893406E-1,1.771509678E2,1.906836577E-1,-7.574792332E-2,1.771508372E2
3.143520208E2,2.485720151E-2,7.043103687E-4,1.651246683E-3,9.996894002E-1,1.771512811E2,1.911668587E-1,-7.597952445E-2,1.771511498E2
3.143570208E2,2.484787759E-2,7.106009871E-4,1.644527889E-3,9.996896386E-1,1.771523499E2,1.904143833E-1,-7.672106746E-2,1.771522178E2
3.143620208E2,2.484512059E-2,7.120264345E-4,1.649325714E-3,9.996896982E-1,1.771526659E2,1.909678522E-1,-7.687122595E-2,1.771525332E2
3.143670208E2,2.485459388E-2,7.054723683E-4,1.653915038E-3,9.996894598E-1,1.771515800E2,1.914756477E-1,-7.610553696E-2,1.771514482E2
3.143720208E2,2.485728566E-2,7.038536132E-4,1.650174265E-3,9.996894002E-1,1.771512715E2,1.910427116E-1,-7.593023913E-2,1.771511403E2
3.143770208E2,2.484528120E-2,7.123327232E-4,1.646772143E-3,9.996896982E-1,1.771526475E2,1.906762088E-1,-7.691355301E-2,1.771525149E2
3.143820208E2,2.486199173E-2,7.004662766E-4,1.652935054E-3,9.996892810E-1,1.771507320E2,1.913496833E-1,-7.553343427E-2,1.771506013E2
3.143870208E2,2.487408817E-2,6.922853063E-4,1.654635998E-3,9.996889830E-1,1.771493454E2,1.915221292E-1,-7.458909145E-2,1.771492162E2
3.143920208E2,2.486002326E-2,7.030261913E-4,1.645389129E-3,9.996893406E-1,1.771509577E2,1.904923943E-1,-7.584856212E-2,1.771508270E2
3.143970208E2,2.485267046E-2,7.068912964E-4,1.646167366E-3,9.996895194E-1,1.771518005E2,1.905919974E-1,-7.629051783E-2,1.771516690E2
3.144020208E2,2.487697987E-2,6.913858233E-4,1.647535013E-3,9.996889234E-1,1.771490140E2,1.907063177E-1,-7.450573999E-2,1.771488854E2
3.144070208E2,2.486495620E-2,6.996217417E-4,1.644729404E-3,9.996892214E-1,1.771503922E2,1.904074912E-1,-7.545950189E-2,1.771502623E2
3.144120208E2,2.483821491E-2,7.171718171E-4,1.642711693E-3,9.996898770E-1,1.771534575E2,1.902242897E-1,-7.748080597E-2,1.771533243E2
3.144170208E2,2.486482963E-2,6.992189446E-4,1.646812889E-3,9.996892214E-1,1.771504067E2,1.906450102E-1,-7.540744644E-2,1.771502767E2
3.144220208E2,2.488412788E-2,6.856723339E-4,1.650473685E-3,9.996887445E-1,1.771481946E2,1.910271996E-1,-7.384148224E-2,1.771480670E2
3.144270208E2,2.485735712E-2,7.044690428E-4,1.648834674E-3,9.996894002E-1,1.771512633E2,1.908910116E-1,-7.600454256E-2,1.771511321E2
3.144320208E2,2.485491259E-2,7.062180084E-4,1.648799400E-3,9.996894598E-1,1.771515435E2,1.908917669E-1,-7.620546435E-2,1.771514120E2
3.144370208E2,2.487913524E-2,6.887284108E-4,1.652261592E-3,9.996888638E-1,1.771487669E2,1.912403607E-1,-7.418743059E-2,1.771486385E2
3.144420208E2,2.485938241E-2,7.023733342E-4,1.655320404E-3,9.996893406E-1,1.771510311E2,1.916281765E-1,-7.574560321E-2,1.771508998E2
3.144470208E2,2.483526355E-2,7.186441217E-4,1.650399878E-3,9.996899366E-1,1.771537958E2,1.911089826E-1,-7.762814804E-2,1.771536617E2
3.144520208E2,2.485250545E-2,7.065873942E-4,1.648786827E-3,9.996895194E-1,1.771518194E2,1.908911952E-1,-7.624827517E-2,1.771516878E2
3.144570208E2,2.485242320E-2,7.070195861E-4,1.649840968E-3,9.996895194E-1,1.771518288E2,1.910131785E-1,-7.629479885E-2,1.771516971E2
3.144620208E2,2.482573018E-2,7.246462046E-4,1.646786113E-3,9.996901751E-1,1.771548886E2,1.907113395E-1,-7.832782675E-2,1.771547536E2
3.144670208E2,2.484523669E-2,7.128915167E-4,1.647201832E-3,9.996896982E-1,1.771526526E2,1.907270202E-1,-7.697635127E-2,1.771525199E2
3.144720208E2,2.485707598E-2,7.039816701E-4,1.653275220E-3,9.996894002E-1,1.771512955E2,1.913982946E-1,-7.593611566E-2,1.771511641E2
3.144770208E2,2.484497872E-2,7.120567607E-4,1.651448314E-3,9.996896982E-1,1.771526822E2,1.912110851E-1,-7.686868371E-2,1.771525493E2
3.144820208E2,2.484511792E-2,7.122402894E-4,1.649273559E-3,9.996896982E-1,1.771526662E2,1.909624863E-1,-7.689587333E-2,1.771525335E2
3.144870208E2,2.484980256E-2,7.086496335E-4,1.652497216E-3,9.996895790E-1,1.771521292E2,1.913219111E-1,-7.647446710E-2,1.771519969E2
3.144920208E2,2.483995933E-2,7.153270999E-4,1.653377549E-3,9.996898174E-1,1.771532575E2,1.914410156E-1,-7.723878921E-2,1.771531239E2
3.144970208E2,2.484236183E-2,7.146183634E-4,1.653626678E-3,9.996897578E-1,1.771529821E2,1.914677226E-1,-7.715642984E-2,1.771528486E2
3.145020208E2,2.485201100E-2,7.079735515E-4,1.655630884E-3,9.996895194E-1,1.771518761E2,1.916791361E-1,-7.638767060E-2,1.771517437E2
3.145070208E2,2.484480286E-2,7.120665396E-4,1.654087682E-3,9.996896982E-1,1.771527023E2,1.915134560E-1,-7.686232292E-2,1.771525693E2
3.145120208E2,2.484018585E-2,7.160840905E-4,1.649642363E-3,9.996898174E-1,1.771532316E2,1.910152986E-1,-7.733609632E-2,1.771530980E2
3.145170208E2,2.484995558E-2,7.094640168E-4,1.649844577E-3,9.996895790E-1,1.771521117E2,1.910203653E-1,-7.657528435E-2,1.771519794E2
3.145220208E2,2.485250015E-2,7.080328651E-4,1.648246543E-3,9.996895194E-1,1.771518200E2,1.908334190E-1,-7.641540232E-2,1.771516882E2
3.145270208E2,2.485034544E-2,7.096513291E-4,1.643881202E-3,9.996895790E-1,1.771520670E2,1.903377859E-1,-7.661364997E-2,1.771519352E2
3.145320208E2,2.485313862E-2,7.067885599E-4,1.639128313E-3,9.996895194E-1,1.771517468E2,1.897853720E-1,-7.629870738E-2,1.771516159E2
3.145370208E2,2.485767303E-2,7.038403419E-4,1.644334523E-3,9.996894002E-1,1.771512271E2,1.903737235E-1,-7.594527996E-2,1.771510963E2
3.145420208E2,2.484328340E-2,7.132762694E-4,1.640307484E-3,9.996897578E-1,1.771528765E2,1.899381734E-1,-7.704042766E-2,1.771527443E2
3.145470208E2,2.483620378E-2,7.187203737E-4,1.636156463E-3,9.996899366E-1,1.771536880E2,1.894775978E-1,-7.767724243E-2,1.771535550E2
3.145520208E2,2.484328110E-2,7.136263303E-4,1.640190138E-3,9.996897578E-1,1.771528768E2,1.899257271E-1,-7.708086377E-2,1.771527445E2
3.145570208E2,2.485265004E-2,7.068478735E-4,1.646494260E-3,9.996895194E-1,1.771518028E2,1.906293200E-1,-7.628461636E-2,1.771516714E2
3.145620208E2,2.483828556E-2,7.173150079E-4,1.641580602E-3,9.996898770E-1,1.771534494E2,1.900951290E-1,-7.750041544E-2,1.771533163E2
3.145670208E2,2.483353158E-2,7.195702055E-4,1.639920985E-3,9.996899962E-1,1.771539943E2,1.899110592E-1,-7.776438905E-2,1.771538609E2
3.145720208E2,2.485038832E-2,7.090434665E-4,1.643495169E-3,9.996895790E-1,1.771520621E2,1.902918354E-1,-7.654510681E-2,1.771519304E2
3.145770208E2,2.483363617E-2,7.196273073E-4,1.638311194E-3,9.996899962E-1,1.771539823E2,1.897268179E-1,-7.777549177E-2,1.771538490E2
3.145820208E2,2.482174307E-2,7.280320278E-4,1.632970059E-3,9.996902943E-1,1.771553456E2,1.891379404E-1,-7.875575391E-2,1.771552111E2
3.145870208E2,2.484124376E-2,7.154197665E-4,1.633925596E-3,9.996898174E-1,1.771531103E2,1.892130325E-1,-7.730453330E-2,1.771529781E2
3.145920208E2,2.485317703E-2,7.074950263E-4,1.638240879E-3,9.996895194E-1,1.771517424E2,1.896857260E-1,-7.638215757E-2,1.771516115E2
3.145970208E2,2.482148796E-2,7.278928533E-4,1.636905130E-3,9.996902943E-1,1.771553748E2,1.895883122E-1,-7.872866568E-2,1.771552400E2
3.146020208E2,2.484110981E-2,7.160858950E-4,1.635669265E-3,9.996898174E-1,1.771531257E2,1.894146670E-1,-7.737590397E-2,1.771529932E2
3.146070208E2,2.486036599E-2,7.024976076E-4,1.640429138E-3,9.996893406E-1,1.771509184E2,1.899227157E-1,-7.580207500E-2,1.771507882E2
3.146120208E2,2.483547574E-2,7.191526820E-4,1.646981807E-3,9.996899366E-1,1.771537715E2,1.907188847E-1,-7.769609424E-2,1.771536376E2
3.146170208E2,2.482301613E-2,7.277774857E-4,1.650131308E-3,9.996902347E-1,1.771551997E2,1.911032487E-1,-7.867753599E-2,1.771550638E2
3.146220208E2,2.485003479E-2,7.089204155E-4,1.648884965E-3,9.996895790E-1,1.771521026E2,1.909088935E-1,-7.651572913E-2,1.771519705E2
3.146270208E2,2.484259083E-2,7.137950743E-4,1.650539110E-3,9.996897578E-1,1.771529559E2,1.911116956E-1,-7.707086319E-2,1.771528228E2
3.146320208E2,2.482570705E-2,7.246671594E-4,1.647125580E-3,9.996901751E-1,1.771548912E2,1.907502854E-1,-7.832926589E-2,1.771547562E2
3.146370208E2,2.483570824E-2,7.182375994E-4,1.643872238E-3,9.996899366E-1,1.771537448E2,1.903600768E-1,-7.760007175E-2,1.771536113E2
3.146420208E2,2.484548456E-2,7.129422738E-4,1.643436728E-3,9.996896982E-1,1.771526242E2,1.902958669E-1,-7.699283859E-2,1.771524918E2
3.146470208E2,2.482584539E-2,7.259757840E-4,1.644462114E-3,9.996901751E-1,1.771548754E2,1.904489023E-1,-7.848672792E-2,1.771547403E2
3.146520208E2,2.482088839E-2,7.279027486E-4,1.645967248E-3,9.996902943E-1,1.771554436E2,1.906264175E-1,-7.870413664E-2,1.771553080E2
3.146570208E2,2.484053354E-2,7.147356519E-4,1.644985052E-3,9.996898174E-1,1.771531917E2,1.904779616E-1,-7.719481582E-2,1.771530588E2
3.146620208E2,2.483581464E-2,7.187630399E-4,1.642034040E-3,9.996899366E-1,1.771537326E2,1.901510033E-1,-7.766547562E-2,1.771535992E2
3.146670208E2,2.482104926E-2,7.292445516E-4,1.642944640E-3,9.996902943E-1,1.771554251E2,1.902839879E-1,-7.886641527E-2,1.771552896E2
3.146720208E2,2.483102164E-2,7.224974688E-4,1.640305505E-3,9.996900558E-1,1.771542820E2,1.899632436E-1,-7.809910752E-2,1.771541480E2
3.146770208E2,2.483353948E-2,7.202316774E-4,1.639510854E-3,9.996899962E-1,1.771539934E2,1.898659592E-1,-7.784133034E-2,1.771538599E2
3.146820208E2,2.482364915E-2,7.274564123E-4,1.640723436E-3,9.996902347E-1,1.771551271E2,1.900246525E-1,-7.866739682E-2,1.771549921E2
3.146870208E2,2.481875824E-2,7.297935663E-4,1.641042065E-3,9.996903539E-1,1.771556877E2,1.900674164E-1,-7.893515557E-2,1.771555522E2
3.146920208E2,2.483349526E-2,7.195607759E-4,1.640474889E-3,9.996899962E-1,1.771539985E2,1.899744828E-1,-7.776173940E-2,1.771538650E2
3.146970208E2,2.483132747E-2,7.223018911E-4,1.635755529E-3,9.996900558E-1,1.771542470E2,1.894414818E-1,-7.808959219E-2,1.771541133E2
3.147020208E2,2.482141448E-2,7.286756882E-4,1.637670794E-3,9.996902943E-1,1.771553833E2,1.896782451E-1,-7.881618024E-2,1.771552482E2
3.147070208E2,2.483091992E-2,7.215641672E-4,1.642254996E-3,9.996900558E-1,1.771542937E2,1.901839064E-1,-7.798666408E-2,1.771541597E2
3.147120208E2,2.482625493E-2,7.248115726E-4,1.638783026E-3,9.996901751E-1,1.771548284E2,1.897950456E-1,-7.836943948E-2,1.771546941E2
3.147170208E2,2.480703621E-2,7.387534715E-4,1.632701489E-3,9.996906519E-1,1.771570314E2,1.891364972E-1,-7.998750729E-2,1.771568948E2
3.147220208E2,2.482371406E-2,7.269932539E-4,1.639946364E-3,9.996902347E-1,1.771551197E2,1.899343212E-1,-7.861653742E-2,1.771549848E2
3.147270208E2,2.482608325E-2,7.244586595E-4,1.641537528E-3,9.996901751E-1,1.771548481E2,1.901095742E-1,-7.832120718E-2,1.771547136E2
3.147320208E2,2.481900716E-2,7.303174934E-4,1.637039473E-3,9.996903539E-1,1.771556592E2,1.896104035E-1,-7.900651143E-2,1.771555239E2
3.147370208E2,2.482399562E-2,7.271569921E-4,1.635606051E-3,9.996902347E-1,1.771550874E2,1.894375983E-1,-7.864758828E-2,1.771549528E2
3.147420208E2,2.483320577E-2,7.205358124E-4,1.644424512E-3,9.996899962E-1,1.771540317E2,1.904296900E-1,-7.786225089E-2,1.771538977E2
3.147470208E2,2.481847714E-2,7.304554456E-4,1.644994132E-3,9.996903539E-1,1.771557200E2,1.905220119E-1,-7.899979116E-2,1.771555840E2
3.147520208E2,2.481153508E-2,7.350758533E-4,1.638978953E-3,9.996905327E-1,1.771565157E2,1.898455238E-1,-7.954751343E-2,1.771563793E2
3.147570208E2,2.482090362E-2,7.285517640E-4,1.645450364E-3,9.996902943E-1,1.771554418E2,1.905690526E-1,-7.877995265E-2,1.771553062E2
3.147620208E2,2.481546711E-2,7.324256003E-4,1.653284882E-3,9.996904135E-1,1.771560650E2,1.914771366E-1,-7.920248101E-2,1.771559280E2
3.147670208E2,2.480358324E-2,7.394771092E-4,1.648264588E-3,9.996907115E-1,1.771574272E2,1.909211327E-1,-8.002682081E-2,1.771572892E2
3.147720208E2,2.481820938E-2,7.301464211E-4,1.649165759E-3,9.996903539E-1,1.771557507E2,1.909989987E-1,-7.895257703E-2,1.771556144E2
3.147770208E2,2.482985704E-2,7.222812856E-4,1.657935209E-3,9.996900558E-1,1.771544155E2,1.919821339E-1,-7.802439960E-2,1.771542802E2
3.147820208E2,2.480998577E-2,7.361032767E-4,1.661812072E-3,9.996905327E-1,1.771566933E2,1.924640047E-1,-7.960058718E-2,1.771565549E2
3.147870208E2,2.481299603E-2,7.340856246E-4,1.653596060E-3,9.996904731E-1,1.771563483E2,1.915173090E-1,-7.939223545E-2,1.771562109E2
3.147920208E2,2.482302184E-2,7.269041962E-4,1.650430262E-3,9.996902347E-1,1.771551990E2,1.911350119E-1,-7.857664383E-2,1.771550633E2
3.147970208E2,2.480806958E-2,7.367503131E-4,1.654258696E-3,9.996905923E-1,1.771569130E2,1.916004033E-1,-7.969655187E-2,1.771567750E2
3.148020208E2,2.479314268E-2,7.476453320E-4,1.657032524E-3,9.996909499E-1,1.771586240E2,1.919479317E-1,-8.093962357E-2,1.771584837E2
3.148070208E2,2.481548144E-2,7.319311844E-4,1.653288840E-3,9.996904135E-1,1.771560634E2,1.914761850E-1,-7.914582864E-2,1.771559265E2
3.148120208E2,2.482277504E-2,7.278576377E-4,1.653718762E-3,9.996902347E-1,1.771552273E2,1.915144240E-1,-7.867655903E-2,1.771550912E2
3.148170208E2,2.481050436E-2,7.348328945E-4,1.654616324E-3,9.996905327E-1,1.771566339E2,1.916361138E-1,-7.947541633E-2,1.771564963E2
3.148220208E2,2.481309482E-2,7.335161208E-4,1.652365900E-3,9.996904731E-1,1.771563369E2,1.913747744E-1,-7.933047435E-2,1.771561998E2
3.148270208E2,2.482781390E-2,7.238365361E-4,1.651903614E-3,9.996901155E-1,1.771546497E2,1.912954417E-1,-7.822011647E-2,1.771545145E2
3.148320208E2,2.480768538E-2,7.372152759E-4,1.659803791E-3,9.996905923E-1,1.771569570E2,1.922369214E-1,-7.973412573E-2,1.771568185E2
3.148370208E2,2.479518341E-2,7.446568925E-4,1.663788571E-3,9.996908903E-1,1.771583901E2,1.927135541E-1,-8.057769043E-2,1.771582498E2
3.148420208E2,2.481271730E-2,7.332670502E-4,1.658135443E-3,9.996904731E-1,1.771563802E2,1.920349749E-1,-7.928560853E-2,1.771562427E2
3.148470208E2,2.481517604E-2,7.320047007E-4,1.657833927E-3,9.996904135E-1,1.771560984E2,1.919970392E-1,-7.914138378E-2,1.771559611E2
3.148520208E2,2.480750127E-2,7.373669068E-4,1.662486000E-3,9.996905923E-1,1.771569781E2,1.925446024E-1,-7.974390622E-2,1.771568394E2
3.148570208E2,2.481721832E-2,7.305653999E-4,1.663829200E-3,9.996903539E-1,1.771558643E2,1.926799046E-1,-7.895906035E-2,1.771557268E2
3.148620208E2,2.481528572E-2,7.315702387E-4,1.656383392E-3,9.996904135E-1,1.771560858E2,1.918296440E-1,-7.909571741E-2,1.771559487E2
3.148670208E2,2.480332062E-2,7.404016796E-4,1.651797676E-3,9.996907115E-1,1.771574573E2,1.913284784E-1,-8.012274379E-2,1.771573189E2
3.148720208E2,2.480825559E-2,7.370450185E-4,1.651335275E-3,9.996905923E-1,1.771568916E2,1.912663590E-1,-7.973858770E-2,1.771567539E2
3.148770208E2,2.482259755E-2,7.277400582E-4,1.656432403E-3,9.996902347E-1,1.771552477E2,1.918249407E-1,-7.865540435E-2,1.771551113E2
3.148820208E2,2.479841878E-2,7.429006509E-4,1.652127015E-3,9.996908307E-1,1.771580192E2,1.913729158E-1,-8.040901862E-2,1.771578802E2
3.148870208E2,2.479604062E-2,7.446823292E-4,1.650952618E-3,9.996908903E-1,1.771582918E2,1.912432528E-1,-8.061691327E-2,1.771581526E2
3.148920208E2,2.481273184E-2,7.343273610E-4,1.657448593E-3,9.996904731E-1,1.771563785E2,1.919593081E-1,-7.940902388E-2,1.771562408E2
3.148970208E2,2.481040948E-2,7.348941290E-4,1.656011329E-3,9.996905327E-1,1.771566447E2,1.917960873E-1,-7.947848301E-2,1.771565070E2
3.149020208E2,2.480097521E-2,7.418541354E-4,1.650288701E-3,9.996907711E-1,1.771577262E2,1.911595558E-1,-8.029386914E-2,1.771575876E2
3.149070208E2,2.480579799E-2,7.381702308E-4,1.651667990E-3,9.996906519E-1,1.771571733E2,1.913074766E-1,-7.986701210E-2,1.771570353E2
3.149120208E2,2.481760470E-2,7.309790235E-4,1.657873741E-3,9.996903539E-1,1.771558200E2,1.919988751E-1,-7.902330650E-2,1.771556829E2
3.149170208E2,2.479870605E-2,7.429281250E-4,1.647797064E-3,9.996908307E-1,1.771579863E2,1.908769926E-1,-8.042441609E-2,1.771578477E2
3.149220208E2,2.480871101E-2,7.368260412E-4,1.644577249E-3,9.996905923E-1,1.771568394E2,1.904915968E-1,-7.973262852E-2,1.771567023E2
3.149270208E2,2.482792254E-2,7.232624921E-4,1.650521648E-3,9.996901155E-1,1.771546373E2,1.911355036E-1,-7.815826743E-2,1.771545023E2
3.149320208E2,2.481814236E-2,7.304811152E-4,1.650025952E-3,9.996903539E-1,1.771557583E2,1.910984860E-1,-7.898848462E-2,1.771556220E2
3.149370208E2,2.481105526E-2,7.351119420E-4,1.646210440E-3,9.996905327E-1,1.771565707E2,1.906740022E-1,-7.953117761E-2,1.771564338E2
3.149420208E2,2.483064147E-2,7.226514281E-4,1.645982731E-3,9.996900558E-1,1.771543256E2,1.906140150E-1,-7.810066206E-2,1.771541911E2
3.149470208E2,2.483043934E-2,7.228846662E-4,1.648926991E-3,9.996900558E-1,1.771543488E2,1.909519469E-1,-7.811904156E-2,1.771542140E2
3.149520208E2,2.481575722E-2,7.321127923E-4,1.649063546E-3,9.996904135E-1,1.771560317E2,1.909926884E-1,-7.917859608E-2,1.771558951E2
3.149570208E2,2.482602645E-2,7.251321222E-4,1.642099116E-3,9.996901751E-1,1.771548546E2,1.901758194E-1,-7.839676952E-2,1.771547199E2
3.149620208E2,2.482845163E-2,7.233019569E-4,1.642526127E-3,9.996901155E-1,1.771545766E2,1.902197187E-1,-7.818543662E-2,1.771544423E2
3.149670208E2,2.481349898E-2,7.328741485E-4,1.646571443E-3,9.996904731E-1,1.771562906E2,1.907091881E-1,-7.927333199E-2,1.771561540E2
3.149720208E2,2.482119438E-2,7.284963503E-4,1.641083043E-3,9.996902943E-1,1.771554085E2,1.900686129E-1,-7.878597182E-2,1.771552732E2
3.149770208E2,2.483860060E-2,7.170595345E-4,1.636918867E-3,9.996898770E-1,1.771534133E2,1.895603944E-1,-7.748435881E-2,1.771532806E2
3.149820208E2,2.482644423E-2,7.250008057E-4,1.635828987E-3,9.996901751E-1,1.771548067E2,1.894571946E-1,-7.839948571E-2,1.771546726E2
3.149870208E2,2.481227735E-2,7.341207820E-4,1.628134167E-3,9.996905327E-1,1.771564306E2,1.886005262E-1,-7.946879944E-2,1.771562953E2
3.149920208E2,2.482727498E-2,7.252233918E-4,1.623072312E-3,9.996901751E-1,1.771547115E2,1.879965336E-1,-7.846112132E-2,1.771545783E2
3.149970208E2,2.481730127E-2,7.321028388E-4,1.625665813E-3,9.996904135E-1,1.771558548E2,1.883124200E-1,-7.924370385E-2,1.771557200E2
3.150020208E2,2.480997755E-2,7.366184145E-4,1.625452540E-3,9.996905923E-1,1.771566942E2,1.883002473E-1,-7.976297677E-2,1.771565587E2
3.150070208E2,2.482498479E-2,7.270317874E-4,1.620579627E-3,9.996902347E-1,1.771549740E2,1.877159458E-1,-7.867580613E-2,1.771548406E2
3.150120208E2,2.481524479E-2,7.334555849E-4,1.619784744E-3,9.996904731E-1,1.771560905E2,1.876423895E-1,-7.941578092E-2,1.771559559E2
3.150170208E2,2.480292470E-2,7.410119288E-4,1.621110598E-3,9.996907711E-1,1.771575027E2,1.878147758E-1,-8.027995071E-2,1.771573666E2
3.150220208E2,2.481764286E-2,7.321204175E-4,1.620434690E-3,9.996904135E-1,1.771558156E2,1.877132380E-1,-7.926053073E-2,1.771556813E2
3.150270208E2,2.482520332E-2,7.267418550E-4,1.617358881E-3,9.996902347E-1,1.771549490E2,1.873461807E-1,-7.865171426E-2,1.771548159E2
3.150320208E2,2.480850950E-2,7.376352441E-4,1.610672916E-3,9.996906519E-1,1.771568625E2,1.866099190E-1,-7.992175564E-2,1.771567279E2
3.150370208E2,2.481341711E-2,7.348621730E-4,1.610332285E-3,9.996905327E-1,1.771563000E2,1.865634038E-1,-7.960413580E-2,1.771561659E2
3.150420208E2,2.481822746E-2,7.306961343E-4,1.612102729E-3,9.996904135E-1,1.771557486E2,1.867547530E-1,-7.912095750E-2,1.771556152E2
3.150470208E2,2.481595057E-2,7.325397455E-4,1.609352883E-3,9.996904731E-1,1.771560096E2,1.864448034E-1,-7.934039994E-2,1.771558760E2
3.150520208E2,2.480627752E-2,7.387500373E-4,1.607540995E-3,9.996907115E-1,1.771571184E2,1.862541279E-1,-8.005878190E-2,1.771569838E2
3.150570208E2,2.482568031E-2,7.270378410E-4,1.609887113E-3,9.996902347E-1,1.771548943E2,1.864911210E-1,-7.870678868E-2,1.771547618E2
3.150620208E2,2.482791967E-2,7.252046489E-4,1.613189001E-3,9.996901751E-1,1.771546376E2,1.868643336E-1,-7.848697304E-2,1.771545052E2
3.150670208E2,2.479606157E-2,7.457996835E-4,1.613619504E-3,9.996909499E-1,1.771582894E2,1.869696768E-1,-8.085099345E-2,1.771581530E2
3.150720208E2,2.480585235E-2,7.394676795E-4,1.613759901E-3,9.996907115E-1,1.771571671E2,1.869685504E-1,-8.012339310E-2,1.771570319E2
3.150770208E2,2.482777004E-2,7.254239754E-4,1.615391811E-3,9.996901751E-1,1.771546548E2,1.871172922E-1,-7.850585878E-2,1.771545221E2
3.150820208E2,2.481560777E-2,7.334520342E-4,1.614215784E-3,9.996904731E-1,1.771560489E2,1.870044477E-1,-7.943114304E-2,1.771559148E2
3.150870208E2,2.480632659E-2,7.386494544E-4,1.606829814E-3,9.996907115E-1,1.771571127E2,1.861723754E-1,-8.004927208E-2,1.771569782E2
3.150920208E2,2.482816042E-2,7.250895142E-4,1.609531231E-3,9.996901751E-1,1.771546100E2,1.864450038E-1,-7.848414586E-2,1.771544779E2
3.150970208E2,2.482783890E-2,7.252005744E-4,1.614433480E-3,9.996901751E-1,1.771546469E2,1.870068789E-1,-7.848298058E-2,1.771545143E2
3.151020208E2,2.480579028E-2,7.395483553E-4,1.614676672E-3,9.996907115E-1,1.771571742E2,1.870737969E-1,-8.013004054E-2,1.771570389E2
3.151070208E2,2.481563604E-2,7.332013920E-4,1.613895060E-3,9.996904731E-1,1.771560456E2,1.869669961E-1,-7.940333722E-2,1.771559116E2
3.151120208E2,2.482288970E-2,7.286508335E-4,1.615167363E-3,9.996902943E-1,1.771552142E2,1.871003769E-1,-7.887706706E-2,1.771550809E2
3.151170208E2,2.481089877E-2,7.365899510E-4,1.611343003E-3,9.996905923E-1,1.771565887E2,1.866839005E-1,-7.979965964E-2,1.771564542E2
3.151220208E2,2.480362265E-2,7.407694357E-4,1.610507956E-3,9.996907711E-1,1.771574227E2,1.865995406E-1,-8.028217772E-2,1.771572875E2
3.151270208E2,2.481846479E-2,7.307751221E-4,1.608408988E-3,9.996904135E-1,1.771557214E2,1.863318543E-1,-7.914046716E-2,1.771555883E2
3.151320208E2,2.481849344E-2,7.312124944E-4,1.607768005E-3,9.996904135E-1,1.771557181E2,1.862596719E-1,-7.919238854E-2,1.771555849E2
3.151370208E2,2.481105396E-2,7.353730616E-4,1.609508181E-3,9.996905923E-1,1.771565709E2,1.864702618E-1,-7.966544540E-2,1.771564368E2
3.151420208E2,2.482087965E-2,7.297871052E-4,1.608640072E-3,9.996903539E-1,1.771554446E2,1.863557072E-1,-7.902617638E-2,1.771553116E2
3.151470208E2,2.482345944E-2,7.285504835E-4,1.606432837E-3,9.996902943E-1,1.771551489E2,1.860995400E-1,-7.889031179E-2,1.771550163E2
3.151520208E2,2.481355751E-2,7.347716601E-4,1.608208870E-3,9.996905327E-1,1.771562839E2,1.863199065E-1,-7.959977885E-2,1.771561500E2
3.151570208E2,2.480884042E-2,7.370749954E-4,1.605825033E-3,9.996906519E-1,1.771568246E2,1.860529959E-1,-7.987129656E-2,1.771566905E2
3.151620208E2,2.481881460E-2,7.310693036E-4,1.602867967E-3,9.996904135E-1,1.771556813E2,1.856979590E-1,-7.918986182E-2,1.771555485E2
3.151670208E2,2.482662174E-2,7.258616388E-4,1.595838694E-3,9.996902347E-1,1.771547864E2,1.848785113E-1,-7.861184047E-2,1.771546552E2
3.151720208E2,2.481915410E-2,7.317530108E-4,1.597289345E-3,9.996904135E-1,1.771556424E2,1.850608633E-1,-7.928398834E-2,1.771555099E2
3.151770208E2,2.481908164E-2,7.314673276E-4,1.598545699E-3,9.996904135E-1,1.771556507E2,1.852039685E-1,-7.924770167E-2,1.771555182E2
3.151820208E2,2.481939891E-2,7.311158115E-4,1.593773370E-3,9.996904135E-1,1.771556143E2,1.846562924E-1,-7.922094818E-2,1.771554823E2
3.151870208E2,2.481929177E-2,7.301871083E-4,1.595866168E-3,9.996904135E-1,1.771556266E2,1.848933859E-1,-7.910862695E-2,1.771554946E2
3.151920208E2,2.482411613E-2,7.283674204E-4,1.596336486E-3,9.996902943E-1,1.771550736E2,1.849424685E-1,-7.889794035E-2,1.771549419E2
3.151970208E2,2.481421829E-2,7.340557058E-4,1.598309726E-3,9.996905327E-1,1.771562081E2,1.851839117E-1,-7.954578832E-2,1.771560752E2
3.152020208E2,2.480969870E-2,7.367134094E-4,1.592677087E-3,9.996906519E-1,1.771567262E2,1.845458535E-1,-7.986709611E-2,1.771565932E2
3.152070208E2,2.481453823E-2,7.348437794E-4,1.592971617E-3,9.996905327E-1,1.771561715E2,1.845746634E-1,-7.965118756E-2,1.771560388E2
3.152120208E2,2.481688612E-2,7.320667501E-4,1.595078385E-3,9.996904731E-1,1.771559023E2,1.848082960E-1,-7.932663678E-2,1.771557700E2
3.152170208E2,2.481467877E-2,7.347237552E-4,1.590836211E-3,9.996905327E-1,1.771561554E2,1.843297086E-1,-7.964348453E-2,1.771560229E2
3.152220208E2,2.481994031E-2,7.311349618E-4,1.585310907E-3,9.996904135E-1,1.771555522E2,1.836869599E-1,-7.924711167E-2,1.771554209E2
3.152270208E2,2.482480204E-2,7.272665389E-4,1.586139319E-3,9.996902943E-1,1.771549950E2,1.837712391E-1,-7.880071015E-2,1.771548643E2
3.152320208E2,2.482448055E-2,7.281113649E-4,1.590776606E-3,9.996902943E-1,1.771550318E2,1.843048487E-1,-7.888435702E-2,1.771549006E2
3.152370208E2,2.481964696E-2,7.312215166E-4,1.589857275E-3,9.996904135E-1,1.771555859E2,1.842079987E-1,-7.924414992E-2,1.771554541E2
3.152420208E2,2.482236160E-2,7.283730083E-4,1.586258411E-3,9.996903539E-1,1.771552747E2,1.837878373E-1,-7.892757285E-2,1.771551438E2
3.152470208E2,2.482661417E-2,7.267125766E-4,1.595569192E-3,9.996902347E-1,1.771547872E2,1.848500587E-1,-7.871008874E-2,1.771546559E2
3.152520208E2,2.480966284E-2,7.376551512E-4,1.592799788E-3,9.996906519E-1,1.771567303E2,1.845625846E-1,-7.997463620E-2,1.771565971E2
3.152570208E2,2.480257840E-2,7.423607167E-4,1.588711631E-3,9.996908307E-1,1.771575424E2,1.841070687E-1,-8.052661551E-2,1.771574086E2
3.152620208E2,2.480948763E-2,7.379471208E-4,1.595391543E-3,9.996906519E-1,1.771567504E2,1.848603031E-1,-8.000074686E-2,1.771566170E2
3.152670208E2,2.480938681E-2,7.372186519E-4,1.597294933E-3,9.996906519E-1,1.771567620E2,1.850762695E-1,-7.991190340E-2,1.771566285E2
3.152720208E2,2.479761943E-2,7.453826838E-4,1.589694875E-3,9.996909499E-1,1.771581108E2,1.842278946E-1,-8.087091971E-2,1.771579764E2
3.152770208E2,2.479561925E-2,7.466119714E-4,1.582819852E-3,9.996910095E-1,1.771583401E2,1.834436472E-1,-8.103164626E-2,1.771582060E2
3.152820208E2,2.480275461E-2,7.415875443E-4,1.586319879E-3,9.996908307E-1,1.771575222E2,1.838308941E-1,-8.044480953E-2,1.771573888E2
3.152870208E2,2.479529036E-2,7.464432274E-4,1.588042942E-3,9.996910095E-1,1.771583778E2,1.840414802E-1,-8.099753469E-2,1.771582433E2
3.152920208E2,2.479572562E-2,7.476060418E-4,1.580682816E-3,9.996910095E-1,1.771583279E2,1.832016693E-1,-8.115157610E-2,1.771581938E2
3.152970208E2,2.480337982E-2,7.419741596E-4,1.576332143E-3,9.996908307E-1,1.771574505E2,1.826878831E-1,-8.051737282E-2,1.771573178E2
3.153020208E2,2.479807944E-2,7.457352476E-4,1.582336612E-3,9.996909499E-1,1.771580581E2,1.833859966E-1,-8.093213394E-2,1.771579242E2
3.153070208E2,2.478819249E-2,7.525662077E-4,1.583389239E-3,9.996911883E-1,1.771591914E2,1.835251878E-1,-8.171348645E-2,1.771590562E2
3.153120208E2,2.479309540E-2,7.488856209E-4,1.583635109E-3,9.996910691E-1,1.771586294E2,1.835432962E-1,-8.129025372E-2,1.771584948E2
3.153170208E2,2.479835785E-2,7.450085250E-4,1.578310737E-3,9.996909499E-1,1.771580262E2,1.829227635E-1,-8.086027310E-2,1.771578928E2
3.153220208E2,2.478847450E-2,7.525950787E-4,1.578954514E-3,9.996911883E-1,1.771591591E2,1.830172659E-1,-8.172933971E-2,1.771590242E2
3.153270208E2,2.479328786E-2,7.489045383E-4,1.580610173E-3,9.996910691E-1,1.771586073E2,1.831968393E-1,-8.130098007E-2,1.771584730E2
3.153320208E2,2.479335477E-2,7.482820656E-4,1.579855336E-3,9.996910691E-1,1.771585997E2,1.831086045E-1,-8.123180438E-2,1.771584655E2
3.153370208E2,2.479083730E-2,7.497129263E-4,1.580966054E-3,9.996911287E-1,1.771588882E2,1.832397054E-1,-8.139302397E-2,1.771587537E2
3.153420208E2,2.480041289E-2,7.442178903E-4,1.584136044E-3,9.996908903E-1,1.771577906E2,1.835880094E-1,-8.075276913E-2,1.771576569E2
3.153470208E2,2.480777607E-2,7.390020182E-4,1.584129524E-3,9.996907115E-1,1.771569466E2,1.835730278E-1,-8.015392514E-2,1.771568138E2
3.153520208E2,2.480040435E-2,7.436366868E-4,1.584542566E-3,9.996908903E-1,1.771577916E2,1.836329265E-1,-8.068503488E-2,1.771576579E2
3.153570208E2,2.480735331E-2,7.395234425E-4,1.590493950E-3,9.996907115E-1,1.771569951E2,1.843035628E-1,-8.019564202E-2,1.771568617E2
3.153620208E2,2.481733070E-2,7.329531363E-4,1.587737468E-3,9.996904731E-1,1.771558514E2,1.839699027E-1,-7.944897310E-2,1.771557195E2
3.153670208E2,2.481248322E-2,7.357207942E-4,1.587161096E-3,9.996905923E-1,1.771564070E2,1.839113606E-1,-7.976855628E-2,1.771562747E2
3.153720208E2,2.481474261E-2,7.341227029E-4,1.590117696E-3,9.996905327E-1,1.771561480E2,1.842456937E-1,-7.957666177E-2,1.771560157E2
3.153770208E2,2.482194121E-2,7.298233104E-4,1.592159271E-3,9.996903539E-1,1.771553229E2,1.844679116E-1,-7.907700600E-2,1.771551912E2
3.153820208E2,2.481962930E-2,7.311283262E-4,1.590175787E-3,9.996904135E-1,1.771555879E2,1.842442199E-1,-7.923257170E-2,1.771554561E2
3.153870208E2,2.480771345E-2,7.391363615E-4,1.585047226E-3,9.996907115E-1,1.771569538E2,1.836785335E-1,-8.016671756E-2,1.771568209E2
3.153920208E2,2.481012301E-2,7.373493281E-4,1.585758058E-3,9.996906519E-1,1.771566776E2,1.837550758E-1,-7.995953814E-2,1.771565450E2
3.153970208E2,2.482222197E-2,7.284841267E-4,1.588391024E-3,9.996903539E-1,1.771552907E2,1.840324469E-1,-7.893426149E-2,1.771551596E2
3.154020208E2,2.481960774E-2,7.310353103E-4,1.590554952E-3,9.996904135E-1,1.771555904E2,1.842873894E-1,-7.922084170E-2,1.771554586E2
3.154070208E2,2.481473654E-2,7.339270087E-4,1.590302796E-3,9.996905327E-1,1.771561487E2,1.842663411E-1,-7.955371855E-2,1.771560165E2
3.154120208E2,2.483186400E-2,7.225715090E-4,1.590436557E-3,9.996901155E-1,1.771541855E2,1.842507105E-1,-7.824933919E-2,1.771540553E2
3.154170208E2,2.483656756E-2,7.200422697E-4,1.593067311E-3,9.996899962E-1,1.771536463E2,1.845452490E-1,-7.795124491E-2,1.771535164E2
3.154220208E2,2.481955879E-2,7.315935218E-4,1.591062057E-3,9.996904135E-1,1.771555960E2,1.843470655E-1,-7.928335493E-2,1.771554641E2
3.154270208E2,2.481481822E-2,7.346317871E-4,1.588701969E-3,9.996905327E-1,1.771561394E2,1.840849669E-1,-7.963899246E-2,1.771560071E2
3.154320208E2,2.483186202E-2,7.230153424E-4,1.590265892E-3,9.996901155E-1,1.771541857E2,1.842324227E-1,-7.830066903E-2,1.771540555E2
3.154370208E2,2.481953849E-2,7.303550374E-4,1.591947512E-3,9.996904135E-1,1.771555983E2,1.844449756E-1,-7.913896425E-2,1.771554666E2
3.154420208E2,2.480762674E-2,7.382940385E-4,1.586796017E-3,9.996907115E-1,1.771569637E2,1.838764671E-1,-8.006526859E-2,1.771568309E2
3.154470208E2,2.482224368E-2,7.288556662E-4,1.587881125E-3,9.996903539E-1,1.771552882E2,1.839750934E-1,-7.897827005E-2,1.771551571E2
3.154520208E2,2.482467236E-2,7.280824939E-4,1.587793697E-3,9.996902943E-1,1.771550098E2,1.839630701E-1,-7.888950019E-2,1.771548788E2
3.154570208E2,2.480264672E-2,7.429855177E-4,1.587352366E-3,9.996908307E-1,1.771575346E2,1.839531375E-1,-8.060204121E-2,1.771574008E2
3.154620208E2,2.481252573E-2,7.361280732E-4,1.586307422E-3,9.996905923E-1,1.771564022E2,1.838147283E-1,-7.981763215E-2,1.771562698E2
3.154670208E2,2.482736506E-2,7.264364394E-4,1.583968871E-3,9.996902347E-1,1.771547012E2,1.835204404E-1,-7.871132125E-2,1.771545708E2
3.154720208E2,2.481041515E-2,7.373559056E-4,1.581177698E-3,9.996906519E-1,1.771566441E2,1.832304077E-1,-7.997326082E-2,1.771565119E2
3.154770208E2,2.480546511E-2,7.400498725E-4,1.582213212E-3,9.996907711E-1,1.771572115E2,1.833562953E-1,-8.027983506E-2,1.771570787E2
3.154820208E2,2.482042654E-2,7.310871151E-4,1.577702234E-3,9.996904135E-1,1.771554965E2,1.828152396E-1,-7.926318290E-2,1.771553658E2
3.154870208E2,2.481567346E-2,7.333731628E-4,1.575873001E-3,9.996905327E-1,1.771560413E2,1.826118138E-1,-7.953113489E-2,1.771559103E2
3.154920208E2,2.480336292E-2,7.414833526E-4,1.576829003E-3,9.996908307E-1,1.771574525E2,1.827434051E-1,-8.045973866E-2,1.771573198E2
3.154970208E2,2.482060946E-2,7.312290836E-4,1.574755879E-3,9.996904135E-1,1.771554755E2,1.824781338E-1,-7.928779333E-2,1.771553450E2
3.155020208E2,2.482083338E-2,7.298858836E-4,1.571847009E-3,9.996904135E-1,1.771554499E2,1.821411008E-1,-7.914215463E-2,1.771553198E2
3.155070208E2,2.482086051E-2,7.312137750E-4,1.570801134E-3,9.996904135E-1,1.771554468E2,1.820250686E-1,-7.929724267E-2,1.771553165E2
3.155120208E2,2.482566119E-2,7.264162414E-4,1.573027926E-3,9.996902943E-1,1.771548965E2,1.822668929E-1,-7.874044663E-2,1.771547670E2
3.155170208E2,2.483031859E-2,7.234101067E-4,1.576658455E-3,9.996901751E-1,1.771543626E2,1.826746055E-1,-7.838489581E-2,1.771542334E2
3.155220208E2,2.481845460E-2,7.313302485E-4,1.570828143E-3,9.996904731E-1,1.771557226E2,1.820283030E-1,-7.931094668E-2,1.771555923E2
3.155270208E2,2.482088794E-2,7.308735512E-4,1.570526045E-3,9.996904135E-1,1.771554436E2,1.819925897E-1,-7.925904542E-2,1.771553135E2
3.155320208E2,2.482071694E-2,7.301928708E-4,1.573542133E-3,9.996904135E-1,1.771554632E2,1.823361522E-1,-7.917252154E-2,1.771553330E2
3.155370208E2,2.481612978E-2,7.330379449E-4,1.568827429E-3,9.996905327E-1,1.771559890E2,1.818037807E-1,-7.951268684E-2,1.771558586E2
3.155420208E2,2.481850518E-2,7.318831049E-4,1.569771091E-3,9.996904731E-1,1.771557168E2,1.819087875E-1,-7.937727695E-2,1.771555865E2
3.155470208E2,2.482832932E-2,7.249193150E-4,1.569483546E-3,9.996902347E-1,1.771545906E2,1.818568118E-1,-7.857856275E-2,1.771544617E2
3.155520208E2,2.482560184E-2,7.271991926E-4,1.573602785E-3,9.996902943E-1,1.771549033E2,1.823349696E-1,-7.882851386E-2,1.771547736E2
3.155570208E2,2.481854980E-2,7.313024835E-4,1.569336280E-3,9.996904731E-1,1.771557116E2,1.818573291E-1,-7.931199174E-2,1.771555815E2
3.155620208E2,2.483312280E-2,7.226456073E-4,1.570625114E-3,9.996901155E-1,1.771540412E2,1.819814915E-1,-7.831397500E-2,1.771539126E2
3.155670208E2,2.483532978E-2,7.199210231E-4,1.574912225E-3,9.996900558E-1,1.771537882E2,1.824650255E-1,-7.798925420E-2,1.771536598E2
3.155720208E2,2.482550031E-2,7.280308637E-4,1.574819442E-3,9.996902943E-1,1.771549149E2,1.824767038E-1,-7.892034409E-2,1.771547850E2
3.155770208E2,2.483543220E-2,7.213979261E-4,1.572619774E-3,9.996900558E-1,1.771537765E2,1.822066223E-1,-7.816494820E-2,1.771536479E2
3.155820208E2,2.484288868E-2,7.160112145E-4,1.570976456E-3,9.996898770E-1,1.771529217E2,1.820036158E-1,-7.755118705E-2,1.771527943E2
3.155870208E2,2.483314293E-2,7.221511332E-4,1.570534194E-3,9.996901155E-1,1.771540389E2,1.819696703E-1,-7.825758506E-2,1.771539103E2
3.155920208E2,2.482823272E-2,7.254381198E-4,1.570771448E-3,9.996902347E-1,1.771546017E2,1.820058180E-1,-7.863434820E-2,1.771544726E2
3.155970208E2,2.483522419E-2,7.212485070E-4,1.575969625E-3,9.996900558E-1,1.771538003E2,1.825899277E-1,-7.813833543E-2,1.771536715E2
3.156020208E2,2.483014881E-2,7.233856013E-4,1.579341362E-3,9.996901751E-1,1.771543821E2,1.829818668E-1,-7.837448549E-2,1.771542526E2
3.156070208E2,2.482274663E-2,7.286376785E-4,1.580099808E-3,9.996903539E-1,1.771552306E2,1.830831128E-1,-7.897534050E-2,1.771551001E2
3.156120208E2,2.482500927E-2,7.268128684E-4,1.583100995E-3,9.996902943E-1,1.771549712E2,1.834219051E-1,-7.875734496E-2,1.771548408E2
3.156170208E2,2.482473930E-2,7.276611286E-4,1.586940023E-3,9.996902943E-1,1.771550022E2,1.838640827E-1,-7.884364647E-2,1.771548713E2
3.156220208E2,2.481989677E-2,7.313871174E-4,1.585876220E-3,9.996904135E-1,1.771555572E2,1.837524339E-1,-7.927439773E-2,1.771554258E2
3.156270208E2,2.482229618E-2,7.290213834E-4,1.586984145E-3,9.996903539E-1,1.771552822E2,1.838728141E-1,-7.899979582E-2,1.771551511E2
3.156320208E2,2.482504300E-2,7.267600158E-4,1.582596218E-3,9.996902943E-1,1.771549673E2,1.833639319E-1,-7.875272021E-2,1.771548370E2
3.156370208E2,2.482282010E-2,7.283314480E-4,1.579086529E-3,9.996903539E-1,1.771552221E2,1.829661697E-1,-7.894312885E-2,1.771550918E2
3.156420208E2,2.483241713E-2,7.230846095E-4,1.581542310E-3,9.996901155E-1,1.771541221E2,1.832333208E-1,-7.833332657E-2,1.771539925E2
3.156470208E2,2.483493557E-2,7.212981582E-4,1.580488752E-3,9.996900558E-1,1.771538334E2,1.831077415E-1,-7.813121453E-2,1.771537042E2
3.156520208E2,2.482762323E-2,7.256542449E-4,1.580276527E-3,9.996902347E-1,1.771546716E2,1.830952531E-1,-7.863217405E-2,1.771545416E2
3.156570208E2,2.482785005E-2,7.248338661E-4,1.577086165E-3,9.996902347E-1,1.771546456E2,1.827274601E-1,-7.854723031E-2,1.771545160E2
3.156620208E2,2.484482654E-2,7.144580013E-4,1.578946947E-3,9.996898174E-1,1.771526996E2,1.829124143E-1,-7.735021116E-2,1.771525719E2
3.156670208E2,2.483732750E-2,7.186628645E-4,1.581802499E-3,9.996899962E-1,1.771535592E2,1.832509251E-1,-7.782514820E-2,1.771534305E2
3.156720208E2,2.483028916E-2,7.244888693E-4,1.576626673E-3,9.996901751E-1,1.771543660E2,1.826740323E-1,-7.850857046E-2,1.771542366E2
3.156770208E2,2.484483838E-2,7.137409411E-4,1.579084899E-3,9.996898174E-1,1.771526983E2,1.829261768E-1,-7.726767263E-2,1.771525706E2
3.156820208E2,2.483736005E-2,7.191706682E-4,1.581060351E-3,9.996899962E-1,1.771535555E2,1.831673554E-1,-7.788542659E-2,1.771534267E2
3.156870208E2,2.482037255E-2,7.299461286E-4,1.579079311E-3,9.996904135E-1,1.771555027E2,1.829697427E-1,-7.912856889E-2,1.771553721E2
3.156920208E2,2.484235710E-2,7.164432318E-4,1.579164411E-3,9.996898770E-1,1.771529827E2,1.829427873E-1,-7.757746410E-2,1.771528546E2
3.156970208E2,2.484923524E-2,7.113424945E-4,1.586434431E-3,9.996896982E-1,1.771521943E2,1.837616220E-1,-7.697118266E-2,1.771520665E2
3.157020208E2,2.482492974E-2,7.271105424E-4,1.584211015E-3,9.996902943E-1,1.771549803E2,1.835499057E-1,-7.878830207E-2,1.771548498E2
3.157070208E2,2.482762391E-2,7.248920738E-4,1.580615528E-3,9.996902347E-1,1.771546715E2,1.831319193E-1,-7.854389805E-2,1.771545417E2
3.157120208E2,2.484440602E-2,7.135085762E-4,1.585977501E-3,9.996898174E-1,1.771527478E2,1.837150735E-1,-7.722150906E-2,1.771526197E2
3.157170208E2,2.483454250E-2,7.210684125E-4,1.586757600E-3,9.996900558E-1,1.771538784E2,1.838251938E-1,-7.808712685E-2,1.771537489E2
3.157220208E2,2.482028747E-2,7.309549837E-4,1.579949632E-3,9.996904135E-1,1.771555125E2,1.830723067E-1,-7.924167953E-2,1.771553815E2
3.157270208E2,2.483541755E-2,7.212005439E-4,1.572941546E-3,9.996900558E-1,1.771537781E2,1.822429204E-1,-7.814142375E-2,1.771536496E2
3.157320208E2,2.484737498E-2,7.125645061E-4,1.577437855E-3,9.996897578E-1,1.771524075E2,1.827343433E-1,-7.713713057E-2,1.771522802E2
3.157370208E2,2.482525629E-2,7.279007114E-4,1.578721567E-3,9.996902943E-1,1.771549429E2,1.829233278E-1,-7.889437773E-2,1.771548127E2
3.157420208E2,2.482528914E-2,7.280485006E-4,1.578136696E-3,9.996902943E-1,1.771549391E2,1.828567502E-1,-7.891296579E-2,1.771548089E2
3.157470208E2,2.483238253E-2,7.222345448E-4,1.582473749E-3,9.996901155E-1,1.771541260E2,1.833376011E-1,-7.823330221E-2,1.771539966E2
3.157520208E2,2.482255992E-2,7.290145732E-4,1.582856639E-3,9.996903539E-1,1.771552520E2,1.833999831E-1,-7.901070822E-2,1.771551212E2
3.157570208E2,2.481048165E-2,7.367719081E-4,1.580406330E-3,9.996906519E-1,1.771566365E2,1.831403873E-1,-7.990854129E-2,1.771565044E2
3.157620208E2,2.482531934E-2,7.278624107E-4,1.577747404E-3,9.996902943E-1,1.771549357E2,1.828116271E-1,-7.889275003E-2,1.771548055E2
3.157670208E2,2.482278354E-2,7.286197506E-4,1.579528092E-3,9.996903539E-1,1.771552263E2,1.830175710E-1,-7.897490629E-2,1.771550959E2
3.157720208E2,2.481275998E-2,7.356395945E-4,1.582866185E-3,9.996905923E-1,1.771563753E2,1.834191419E-1,-7.977141589E-2,1.771562433E2
3.157770208E2,2.481292945E-2,7.361290045E-4,1.579979435E-3,9.996905923E-1,1.771563559E2,1.830898511E-1,-7.983565816E-2,1.771562240E2
3.157820208E2,2.481530343E-2,7.341278251E-4,1.581339166E-3,9.996905327E-1,1.771560838E2,1.832401153E-1,-7.960210923E-2,1.771559521E2
3.157870208E2,2.480793441E-2,7.382578915E-4,1.581995515E-3,9.996907115E-1,1.771569284E2,1.833264601E-1,-8.007471857E-2,1.771567960E2
3.157920208E2,2.480763989E-2,7.389313541E-4,1.586293685E-3,9.996907115E-1,1.771569622E2,1.838207347E-1,-8.013970268E-2,1.771568293E2
3.157970208E2,2.481724373E-2,7.318002754E-4,1.589627587E-3,9.996904731E-1,1.771558614E2,1.841831422E-1,-7.931154634E-2,1.771557295E2
3.158020208E2,2.481967814E-2,7.306576008E-4,1.589629683E-3,9.996904135E-1,1.771555823E2,1.841803250E-1,-7.918019149E-2,1.771554507E2
3.158070208E2,2.481747415E-2,7.316466654E-4,1.586097060E-3,9.996904731E-1,1.771558349E2,1.837782787E-1,-7.930394777E-2,1.771557034E2
3.158120208E2,2.482705009E-2,7.265107124E-4,1.588864136E-3,9.996902347E-1,1.771547373E2,1.840814111E-1,-7.870595996E-2,1.771546065E2
3.158170208E2,2.483453362E-2,7.210258045E-4,1.586915925E-3,9.996900558E-1,1.771538795E2,1.838432090E-1,-7.808179689E-2,1.771537499E2
3.158220208E2,2.483677757E-2,7.188665913E-4,1.590321772E-3,9.996899962E-1,1.771536222E2,1.842273997E-1,-7.782433944E-2,1.771534928E2
3.158270208E2,2.483198703E-2,7.227784954E-4,1.588420360E-3,9.996901155E-1,1.771541714E2,1.840203409E-1,-7.827876551E-2,1.771540413E2
3.158320208E2,2.482949028E-2,7.238155813E-4,1.589464955E-3,9.996901751E-1,1.771544576E2,1.841427616E-1,-7.839505734E-2,1.771543272E2
3.158370208E2,2.482957799E-2,7.236095844E-4,1.588188112E-3,9.996901751E-1,1.771544475E2,1.839959116E-1,-7.837507611E-2,1.771543173E2
3.158420208E2,2.483176286E-2,7.221212727E-4,1.592219225E-3,9.996901155E-1,1.771541971E2,1.844536374E-1,-7.819270768E-2,1.771540669E2
3.158470208E2,2.483878659E-2,7.176033687E-4,1.596969320E-3,9.996899366E-1,1.771533920E2,1.849854794E-1,-7.766033747E-2,1.771532622E2
3.158520208E2,2.483891984E-2,7.173839258E-4,1.594994217E-3,9.996899366E-1,1.771533767E2,1.847586044E-1,-7.764079636E-2,1.771532471E2
3.158570208E2,2.484167418E-2,7.160785608E-4,1.590035390E-3,9.996898770E-1,1.771530610E2,1.841870365E-1,-7.750486652E-2,1.771529321E2
3.158620208E2,2.483913933E-2,7.184263668E-4,1.591102104E-3,9.996899366E-1,1.771533515E2,1.843157224E-1,-7.777125260E-2,1.771532221E2
3.158670208E2,2.483174079E-2,7.225244190E-4,1.592380460E-3,9.996901155E-1,1.771541996E2,1.844732535E-1,-7.823843580E-2,1.771540693E2
3.158720208E2,2.484209473E-2,7.156240172E-4,1.583656762E-3,9.996898770E-1,1.771530128E2,1.834550622E-1,-7.747087716E-2,1.771528844E2
3.158770208E2,2.483260941E-2,7.217227248E-4,1.579143456E-3,9.996901155E-1,1.771541000E2,1.829546557E-1,-7.818410566E-2,1.771539709E2
3.158820208E2,2.482505760E-2,7.268287591E-4,1.582335681E-3,9.996902943E-1,1.771549657E2,1.833342824E-1,-7.876133369E-2,1.771548353E2
3.158870208E2,2.482244144E-2,7.292898954E-4,1.584586920E-3,9.996903539E-1,1.771552656E2,1.835989719E-1,-7.903734788E-2,1.771551346E2
3.158920208E2,2.482765519E-2,7.255976088E-4,1.579800388E-3,9.996902347E-1,1.771546679E2,1.830405497E-1,-7.862703488E-2,1.771545380E2
3.158970208E2,2.481782057E-2,7.323771133E-4,1.580329030E-3,9.996904731E-1,1.771557952E2,1.831196186E-1,-7.940396594E-2,1.771556640E2
3.159020208E2,2.481755688E-2,7.320256555E-4,1.584626967E-3,9.996904731E-1,1.771558255E2,1.836109546E-1,-7.935152917E-2,1.771556940E2
3.159070208E2,2.483198995E-2,7.224727888E-4,1.588513842E-3,9.996901155E-1,1.771541710E2,1.840301800E-1,-7.824347839E-2,1.771540410E2
3.159120208E2,2.482716095E-2,7.252233918E-4,1.587719540E-3,9.996902347E-1,1.771547246E2,1.839466361E-1,-7.856172561E-2,1.771545941E2
3.159170208E2,2.481690413E-2,7.328356733E-4,1.594445086E-3,9.996904731E-1,1.771559003E2,1.847379359E-1,-7.941651940E-2,1.771557679E2
3.159220208E2,2.483370649E-2,7.206300506E-4,1.599985757E-3,9.996900558E-1,1.771539743E2,1.853392514E-1,-7.799941797E-2,1.771538437E2
3.159270208E2,2.483370600E-2,7.203990826E-4,1.600097399E-3,9.996900558E-1,1.771539743E2,1.853513834E-1,-7.797264155E-2,1.771538438E2
3.159320208E2,2.480986669E-2,7.367735379E-4,1.590030268E-3,9.996906519E-1,1.771567070E2,1.842428275E-1,-7.988147847E-2,1.771565742E2
3.159370208E2,2.482422241E-2,7.277248078E-4,1.594976173E-3,9.996902943E-1,1.771550614E2,1.847848160E-1,-7.882817528E-2,1.771549299E2
3.159420208E2,2.484131668E-2,7.160647656E-4,1.595617156E-3,9.996898770E-1,1.771531019E2,1.848263965E-1,-7.748746224E-2,1.771529726E2
3.159470208E2,2.482202955E-2,7.299246499E-4,1.590734930E-3,9.996903539E-1,1.771553128E2,1.843050393E-1,-7.909265035E-2,1.771551812E2
3.159520208E2,2.481701748E-2,7.324245526E-4,1.592868939E-3,9.996904731E-1,1.771558873E2,1.845562177E-1,-7.937388454E-2,1.771557551E2
3.159570208E2,2.483388632E-2,7.202751003E-4,1.597352326E-3,9.996900558E-1,1.771539537E2,1.850365787E-1,-7.796621736E-2,1.771538234E2
3.159620208E2,2.482354818E-2,7.282553706E-4,1.605194993E-3,9.996902943E-1,1.771551387E2,1.859569043E-1,-7.886000960E-2,1.771550063E2
3.159670208E2,2.481188474E-2,7.359148003E-4,1.596400281E-3,9.996905923E-1,1.771564756E2,1.849702733E-1,-7.976462056E-2,1.771563425E2
3.159720208E2,2.483146465E-2,7.230924093E-4,1.596423681E-3,9.996901155E-1,1.771542313E2,1.849380253E-1,-7.829204808E-2,1.771541005E2
3.159770208E2,2.484330705E-2,7.143525290E-4,1.602724195E-3,9.996898174E-1,1.771528738E2,1.856358326E-1,-7.727071367E-2,1.771527442E2
3.159820208E2,2.482612016E-2,7.261155988E-4,1.603507786E-3,9.996902347E-1,1.771548439E2,1.857577385E-1,-7.861920734E-2,1.771547120E2
3.159870208E2,2.482381377E-2,7.275221869E-4,1.601415686E-3,9.996902943E-1,1.771551082E2,1.855218953E-1,-7.878672064E-2,1.771549763E2
3.159920208E2,2.484546970E-2,7.133102044E-4,1.606837264E-3,9.996897578E-1,1.771526259E2,1.861042102E-1,-7.713919670E-2,1.771524962E2
3.159970208E2,2.483533273E-2,7.205022266E-4,1.611997955E-3,9.996899962E-1,1.771537879E2,1.867150892E-1,-7.795028608E-2,1.771536564E2
3.160020208E2,2.482381226E-2,7.270015776E-4,1.601675525E-3,9.996902943E-1,1.771551084E2,1.855501803E-1,-7.872634277E-2,1.771549765E2
3.160070208E2,2.484387780E-2,7.138312212E-4,1.594086061E-3,9.996898174E-1,1.771528084E2,1.846448388E-1,-7.723548176E-2,1.771526796E2
3.160120208E2,2.484812720E-2,7.116898196E-4,1.603541896E-3,9.996896982E-1,1.771523213E2,1.857222953E-1,-7.696246071E-2,1.771521922E2
3.160170208E2,2.483335834E-2,7.205333677E-4,1.605423749E-3,9.996900558E-1,1.771540142E2,1.859619062E-1,-7.797293131E-2,1.771538832E2
3.160220208E2,2.483365899E-2,7.205031579E-4,1.600779942E-3,9.996900558E-1,1.771539797E2,1.854298656E-1,-7.798263030E-2,1.771538491E2
3.160270208E2,2.484083860E-2,7.164720446E-4,1.602860750E-3,9.996898770E-1,1.771531567E2,1.856573192E-1,-7.751358668E-2,1.771530268E2
3.160320208E2,2.483819990E-2,7.183780544E-4,1.605722122E-3,9.996899366E-1,1.771534592E2,1.859903289E-1,-7.772427717E-2,1.771533287E2
3.160370208E2,2.482834838E-2,7.251270581E-4,1.606612350E-3,9.996901751E-1,1.771545885E2,1.861107487E-1,-7.849671665E-2,1.771544565E2
3.160420208E2,2.483353239E-2,7.205914007E-4,1.602703123E-3,9.996900558E-1,1.771539942E2,1.856504197E-1,-7.798728946E-2,1.771538635E2
3.160470208E2,2.483824760E-2,7.182285190E-4,1.605051104E-3,9.996899366E-1,1.771534537E2,1.859130375E-1,-7.770904808E-2,1.771533233E2
3.160520208E2,2.483340723E-2,7.216261001E-4,1.604176243E-3,9.996900558E-1,1.771540086E2,1.858221101E-1,-7.810165156E-2,1.771538775E2
3.160570208E2,2.483092850E-2,7.223284338E-4,1.605085446E-3,9.996901155E-1,1.771542927E2,1.859280703E-1,-7.817998172E-2,1.771541614E2
3.160620208E2,2.483570287E-2,7.200533291E-4,1.606486505E-3,9.996899962E-1,1.771537454E2,1.860824682E-1,-7.791447914E-2,1.771536145E2
3.160670208E2,2.483088405E-2,7.225938607E-4,1.605653553E-3,9.996901155E-1,1.771542978E2,1.859939024E-1,-7.820877969E-2,1.771541664E2
3.160720208E2,2.483075381E-2,7.236546371E-4,1.607189188E-3,9.996901155E-1,1.771543127E2,1.861728278E-1,-7.832595263E-2,1.771541811E2
3.160770208E2,2.482843204E-2,7.241690182E-4,1.605751342E-3,9.996901751E-1,1.771545789E2,1.860093951E-1,-7.838940156E-2,1.771544472E2
3.160820208E2,2.483356972E-2,7.207051967E-4,1.602073433E-3,9.996900558E-1,1.771539900E2,1.855786114E-1,-7.800211055E-2,1.771538592E2
3.160870208E2,2.482611172E-2,7.268429035E-4,1.603308949E-3,9.996902347E-1,1.771548448E2,1.857370291E-1,-7.870309180E-2,1.771547129E2
3.160920208E2,2.483082549E-2,7.233084179E-4,1.606237376E-3,9.996901155E-1,1.771543045E2,1.860628120E-1,-7.828898618E-2,1.771541730E2
3.160970208E2,2.483101952E-2,7.224295987E-4,1.603631186E-3,9.996901155E-1,1.771542823E2,1.857617704E-1,-7.819569204E-2,1.771541511E2
3.161020208E2,2.482637642E-2,7.268610643E-4,1.599196694E-3,9.996902347E-1,1.771548145E2,1.852660162E-1,-7.871682253E-2,1.771546828E2
3.161070208E2,2.482112450E-2,7.292318041E-4,1.605110010E-3,9.996903539E-1,1.771554165E2,1.859497554E-1,-7.897255860E-2,1.771552839E2
3.161120208E2,2.482372045E-2,7.280381396E-4,1.602627337E-3,9.996902943E-1,1.771551189E2,1.856621582E-1,-7.884239669E-2,1.771549868E2
3.161170208E2,2.482853435E-2,7.248601760E-4,1.603856334E-3,9.996901751E-1,1.771545671E2,1.857942844E-1,-7.847395068E-2,1.771544355E2
3.161220208E2,2.482340115E-2,7.275738753E-4,1.607775572E-3,9.996902943E-1,1.771551555E2,1.862505759E-1,-7.877462655E-2,1.771550231E2
3.161270208E2,2.482573126E-2,7.260049460E-4,1.609567436E-3,9.996902347E-1,1.771548885E2,1.864515652E-1,-7.858936422E-2,1.771547561E2
3.161320208E2,2.483305323E-2,7.217128295E-4,1.609608065E-3,9.996900558E-1,1.771540492E2,1.864445795E-1,-7.809619490E-2,1.771539177E2
3.161370208E2,2.483335004E-2,7.217369275E-4,1.605011523E-3,9.996900558E-1,1.771540151E2,1.859181077E-1,-7.811198108E-2,1.771538840E2
3.161420208E2,2.481811647E-2,7.313126698E-4,1.613531145E-3,9.996904135E-1,1.771557613E2,1.869201322E-1,-7.918754362E-2,1.771556277E2
3.161470208E2,2.481783797E-2,7.309857756E-4,1.617956907E-3,9.996904135E-1,1.771557932E2,1.874261800E-1,-7.913756086E-2,1.771556593E2
3.161520208E2,2.481812871E-2,7.319727447E-4,1.613043481E-3,9.996904135E-1,1.771557599E2,1.868661456E-1,-7.926454391E-2,1.771556262E2
3.161570208E2,2.479874302E-2,7.441170746E-4,1.610112144E-3,9.996908903E-1,1.771579820E2,1.865633203E-1,-8.066770614E-2,1.771578462E2
3.161620208E2,2.479338091E-2,7.474065642E-4,1.617135829E-3,9.996910095E-1,1.771585967E2,1.873768440E-1,-8.102558219E-2,1.771584597E2
3.161670208E2,2.481277824E-2,7.349462830E-4,1.620108495E-3,9.996905327E-1,1.771563732E2,1.876835205E-1,-7.958609196E-2,1.771562384E2
3.161720208E2,2.481055278E-2,7.360248710E-4,1.616918948E-3,9.996905923E-1,1.771566283E2,1.873210269E-1,-7.971913723E-2,1.771564935E2
3.161770208E2,2.478857668E-2,7.516096230E-4,1.615142799E-3,9.996911287E-1,1.771591474E2,1.871600807E-1,-8.151363078E-2,1.771590097E2
3.161820208E2,2.479801439E-2,7.438898901E-4,1.621399657E-3,9.996908903E-1,1.771580655E2,1.878556744E-1,-8.060974006E-2,1.771579289E2
3.161870208E2,2.480037580E-2,7.432809798E-4,1.622310956E-3,9.996908307E-1,1.771577949E2,1.879585294E-1,-8.053695191E-2,1.771576582E2
3.161920208E2,2.477374861E-2,7.605499704E-4,1.617110334E-3,9.996914864E-1,1.771608471E2,1.874096499E-1,-8.253499376E-2,1.771607075E2
3.161970208E2,2.477877336E-2,7.580409874E-4,1.614995883E-3,9.996913671E-1,1.771602711E2,1.871607152E-1,-8.225263627E-2,1.771601322E2
3.162020208E2,2.480777442E-2,7.380312309E-4,1.621775213E-3,9.996906519E-1,1.771569468E2,1.878828266E-1,-7.993569284E-2,1.771568112E2
3.162070208E2,2.479811437E-2,7.450500852E-4,1.619336545E-3,9.996908903E-1,1.771580541E2,1.876226368E-1,-8.074849174E-2,1.771579174E2
3.162120208E2,2.478629615E-2,7.524463581E-4,1.612858381E-3,9.996911883E-1,1.771594088E2,1.869005765E-1,-8.161639971E-2,1.771592712E2
3.162170208E2,2.480802300E-2,7.376772701E-4,1.618129667E-3,9.996906519E-1,1.771569183E2,1.874642190E-1,-7.990546176E-2,1.771567831E2
3.162220208E2,2.480786418E-2,7.385373465E-4,1.620170893E-3,9.996906519E-1,1.771569365E2,1.877004875E-1,-7.999821557E-2,1.771568010E2
3.162270208E2,2.479114661E-2,7.498674095E-4,1.613399596E-3,9.996910691E-1,1.771588528E2,1.869556448E-1,-8.131852071E-2,1.771587156E2
3.162320208E2,2.480133997E-2,7.428770768E-4,1.607690472E-3,9.996908307E-1,1.771576843E2,1.862825869E-1,-8.053205488E-2,1.771575490E2
3.162370208E2,2.481552731E-2,7.334913826E-4,1.615434419E-3,9.996904731E-1,1.771560581E2,1.871441558E-1,-7.943220015E-2,1.771559239E2
3.162420208E2,2.480595349E-2,7.386801299E-4,1.612565480E-3,9.996907115E-1,1.771571555E2,1.868294908E-1,-8.003655089E-2,1.771570206E2
3.162470208E2,2.479932322E-2,7.447017124E-4,1.600879128E-3,9.996908903E-1,1.771579155E2,1.855073264E-1,-8.076081135E-2,1.771577804E2
3.162520208E2,2.480624413E-2,7.396792644E-4,1.607628888E-3,9.996907115E-1,1.771571222E2,1.862668358E-1,-8.016498696E-2,1.771569874E2
3.162570208E2,2.480154795E-2,7.420927868E-4,1.604841673E-3,9.996908307E-1,1.771576605E2,1.859540258E-1,-8.045026767E-2,1.771575255E2
3.162620208E2,2.480176550E-2,7.431684062E-4,1.600977150E-3,9.996908307E-1,1.771576356E2,1.855143943E-1,-8.058442985E-2,1.771575007E2
3.162670208E2,2.480441762E-2,7.400811883E-4,1.598536153E-3,9.996907711E-1,1.771573316E2,1.852261997E-1,-8.023721639E-2,1.771571975E2
3.162720208E2,2.481405109E-2,7.347372593E-4,1.600590884E-3,9.996905327E-1,1.771562273E2,1.854471582E-1,-7.961740869E-2,1.771560941E2
3.162770208E2,2.480940094E-2,7.382129552E-4,1.596616115E-3,9.996906519E-1,1.771567603E2,1.850013348E-1,-8.002773429E-2,1.771566267E2
3.162820208E2,2.480203489E-2,7.423775387E-4,1.597166294E-3,9.996908307E-1,1.771576047E2,1.850756096E-1,-8.050461248E-2,1.771574703E2
3.162870208E2,2.480424297E-2,7.407851517E-4,1.600918476E-3,9.996907711E-1,1.771573516E2,1.855010976E-1,-8.031112037E-2,1.771572172E2
3.162920208E2,2.480931325E-2,7.374003180E-4,1.598353265E-3,9.996906519E-1,1.771567704E2,1.851980190E-1,-7.992971908E-2,1.771566368E2
3.162970208E2,2.480658317E-2,7.390815881E-4,1.602664590E-3,9.996907115E-1,1.771570833E2,1.856964710E-1,-8.011056862E-2,1.771569491E2
3.163020208E2,2.480430011E-2,7.417004672E-4,1.599608804E-3,9.996907711E-1,1.771573450E2,1.853536727E-1,-8.041968755E-2,1.771572105E2
3.163070208E2,2.480911962E-2,7.380971801E-4,1.601034892E-3,9.996906519E-1,1.771567926E2,1.855071827E-1,-8.000196079E-2,1.771566587E2
3.163120208E2,2.480686090E-2,7.396789733E-4,1.598083647E-3,9.996907115E-1,1.771570515E2,1.851734148E-1,-8.019197387E-2,1.771569175E2
3.163170208E2,2.480174927E-2,7.419972098E-4,1.601771684E-3,9.996908307E-1,1.771576374E2,1.856020830E-1,-8.044800685E-2,1.771575027E2
3.163220208E2,2.479691414E-2,7.452681311E-4,1.600711956E-3,9.996909499E-1,1.771581917E2,1.854895908E-1,-8.082662021E-2,1.771580564E2
3.163270208E2,2.480435727E-2,7.412236300E-4,1.598943258E-3,9.996907711E-1,1.771573385E2,1.852760791E-1,-8.036694413E-2,1.771572041E2
3.163320208E2,2.479959575E-2,7.433830760E-4,1.597266179E-3,9.996908903E-1,1.771578843E2,1.850897135E-1,-8.061997070E-2,1.771577497E2
3.163370208E2,2.479949779E-2,7.446510717E-4,1.598196104E-3,9.996908903E-1,1.771578955E2,1.851998386E-1,-8.076260278E-2,1.771577606E2
3.163420208E2,2.480424620E-2,7.402133197E-4,1.601132913E-3,9.996907711E-1,1.771573512E2,1.855240374E-1,-8.024500334E-2,1.771572169E2
3.163470208E2,2.480435751E-2,7.405333454E-4,1.599259325E-3,9.996907711E-1,1.771573385E2,1.853103244E-1,-8.028696929E-2,1.771572042E2
3.163520208E2,2.479441442E-2,7.466935203E-4,1.601544325E-3,9.996910095E-1,1.771584782E2,1.855887925E-1,-8.098800613E-2,1.771583426E2
3.163570208E2,2.480660186E-2,7.393104024E-4,1.602269826E-3,9.996907115E-1,1.771570812E2,1.856519002E-1,-8.013789946E-2,1.771569469E2
3.163620208E2,2.480923422E-2,7.371624233E-4,1.599689131E-3,9.996906519E-1,1.771567795E2,1.853503684E-1,-7.989868346E-2,1.771566458E2
3.163670208E2,2.480673619E-2,7.390389219E-4,1.600314048E-3,9.996907115E-1,1.771570658E2,1.854270921E-1,-8.011233459E-2,1.771569317E2
3.163720208E2,2.482141254E-2,7.292212103E-4,1.600654330E-3,9.996903539E-1,1.771553835E2,1.854393210E-1,-7.898396545E-2,1.771552513E2
3.163770208E2,2.482373395E-2,7.274354575E-4,1.602691831E-3,9.996902943E-1,1.771551174E2,1.856678329E-1,-7.877316979E-2,1.771549854E2
3.163820208E2,2.480172285E-2,7.422354538E-4,1.602070406E-3,9.996908307E-1,1.771576405E2,1.856369786E-1,-8.047445504E-2,1.771575057E2
3.163870208E2,2.480152844E-2,7.434287108E-4,1.604524907E-3,9.996908307E-1,1.771576627E2,1.859215339E-1,-8.060420997E-2,1.771575275E2
3.163920208E2,2.481591566E-2,7.321106386E-4,1.610086183E-3,9.996904731E-1,1.771560136E2,1.865275845E-1,-7.928916424E-2,1.771558801E2
3.163970208E2,2.481112842E-2,7.361602038E-4,1.607999904E-3,9.996905923E-1,1.771565623E2,1.862997231E-1,-7.975989196E-2,1.771564282E2
3.164020208E2,2.480157089E-2,7.428982062E-4,1.604114426E-3,9.996908307E-1,1.771576579E2,1.858730061E-1,-8.054459615E-2,1.771575228E2
3.164070208E2,2.481629923E-2,7.322035381E-4,1.604120946E-3,9.996904731E-1,1.771559696E2,1.858445225E-1,-7.931669927E-2,1.771558366E2
3.164120208E2,2.482326134E-2,7.286165492E-4,1.609461149E-3,9.996902943E-1,1.771551716E2,1.864466250E-1,-7.888930234E-2,1.771550388E2
3.164170208E2,2.481381965E-2,7.340849843E-4,1.604473451E-3,9.996905327E-1,1.771562538E2,1.858900581E-1,-7.953168907E-2,1.771561204E2
3.164220208E2,2.481633887E-2,7.327684434E-4,1.603249577E-3,9.996904731E-1,1.771559651E2,1.857463113E-1,-7.938388335E-2,1.771558320E2
3.164270208E2,2.483068762E-2,7.232229691E-4,1.608405728E-3,9.996901155E-1,1.771543203E2,1.863109567E-1,-7.827305306E-2,1.771541886E2
3.164320208E2,2.482085326E-2,7.287781336E-4,1.609504456E-3,9.996903539E-1,1.771554476E2,1.864518557E-1,-7.890813877E-2,1.771553148E2
3.164370208E2,2.481874242E-2,7.317211712E-4,1.603687881E-3,9.996904135E-1,1.771556896E2,1.857937338E-1,-7.926221870E-2,1.771555566E2
3.164420208E2,2.482823952E-2,7.249598857E-4,1.608369057E-3,9.996901751E-1,1.771546009E2,1.863115066E-1,-7.847258804E-2,1.771544689E2
3.164470208E2,2.482569772E-2,7.270691567E-4,1.609604456E-3,9.996902347E-1,1.771548923E2,1.864588314E-1,-7.871117699E-2,1.771547598E2
3.164520208E2,2.481397103E-2,7.335386472E-4,1.602380769E-3,9.996905327E-1,1.771562365E2,1.856487861E-1,-7.947502542E-2,1.771561033E2
3.164570208E2,2.481442822E-2,7.336554118E-4,1.595231355E-3,9.996905327E-1,1.771561841E2,1.848301427E-1,-7.950864713E-2,1.771560515E2
3.164620208E2,2.482110725E-2,7.300099824E-4,1.605023048E-3,9.996903539E-1,1.771554185E2,1.859420056E-1,-7.906195425E-2,1.771552858E2
3.164670208E2,2.481091236E-2,7.364621852E-4,1.611192129E-3,9.996905923E-1,1.771565871E2,1.866662547E-1,-7.978544972E-2,1.771564527E2
3.164720208E2,2.480372355E-2,7.416293374E-4,1.608556951E-3,9.996907711E-1,1.771574111E2,1.863784928E-1,-8.038621155E-2,1.771572759E2
3.164770208E2,2.480867611E-2,7.372769760E-4,1.608268940E-3,9.996906519E-1,1.771568434E2,1.863335225E-1,-7.988751723E-2,1.771567091E2
3.164820208E2,2.481538288E-2,7.332973764E-4,1.617739559E-3,9.996904731E-1,1.771560747E2,1.874076614E-1,-7.940344730E-2,1.771559403E2
3.164870208E2,2.481021061E-2,7.355688722E-4,1.622367650E-3,9.996905923E-1,1.771566675E2,1.879438874E-1,-7.965147224E-2,1.771565324E2
3.164920208E2,2.481306040E-2,7.347710780E-4,1.615860849E-3,9.996905327E-1,1.771563409E2,1.871964492E-1,-7.957804638E-2,1.771562064E2
3.164970208E2,2.482283268E-2,7.288315101E-4,1.615962014E-3,9.996902943E-1,1.771552207E2,1.871919188E-1,-7.889551486E-2,1.771550874E2
3.165020208E2,2.482474523E-2,7.257949328E-4,1.624798169E-3,9.996902347E-1,1.771550015E2,1.881956692E-1,-7.852216077E-2,1.771548680E2
3.165070208E2,2.481510076E-2,7.325868355E-4,1.622382319E-3,9.996904731E-1,1.771561070E2,1.879374764E-1,-7.930890056E-2,1.771559724E2
3.165120208E2,2.481491404E-2,7.336852141E-4,1.624740311E-3,9.996904731E-1,1.771561284E2,1.882107088E-1,-7.942805620E-2,1.771559934E2
3.165170208E2,2.481965618E-2,7.291145157E-4,1.627709251E-3,9.996903539E-1,1.771555848E2,1.885381954E-1,-7.889511747E-2,1.771554505E2
3.165220208E2,2.481742428E-2,7.319464348E-4,1.623857301E-3,9.996904135E-1,1.771558407E2,1.881048081E-1,-7.923090707E-2,1.771557061E2
3.165270208E2,2.481014736E-2,7.360204472E-4,1.623129938E-3,9.996905923E-1,1.771566748E2,1.880324914E-1,-7.970104751E-2,1.771565395E2
3.165320208E2,2.481734154E-2,7.311349618E-4,1.625486650E-3,9.996904135E-1,1.771558501E2,1.882891460E-1,-7.913332957E-2,1.771557156E2
3.165370208E2,2.482171695E-2,7.284197491E-4,1.633194159E-3,9.996902943E-1,1.771553486E2,1.891647133E-1,-7.879953724E-2,1.771552140E2
3.165420208E2,2.481216549E-2,7.341224118E-4,1.629837207E-3,9.996905327E-1,1.771564435E2,1.887956162E-1,-7.946416482E-2,1.771563080E2
3.165470208E2,2.481474651E-2,7.326859049E-4,1.627747086E-3,9.996904731E-1,1.771561476E2,1.885522991E-1,-7.930506038E-2,1.771560126E2
3.165520208E2,2.480946575E-2,7.363982149E-4,1.633345033E-3,9.996905923E-1,1.771567529E2,1.892037169E-1,-7.971540884E-2,1.771566167E2
3.165570208E2,2.480681237E-2,7.379311719E-4,1.636469970E-3,9.996906519E-1,1.771570571E2,1.895658455E-1,-7.988263714E-2,1.771569203E2
3.165620208E2,2.481656676E-2,7.323628524E-4,1.636723871E-3,9.996904135E-1,1.771559389E2,1.895798738E-1,-7.924218026E-2,1.771558033E2
3.165670208E2,2.481419368E-2,7.327189087E-4,1.636138302E-3,9.996904731E-1,1.771562110E2,1.895136175E-1,-7.928508386E-2,1.771560753E2
3.165720208E2,2.479934364E-2,7.437688764E-4,1.637791866E-3,9.996908307E-1,1.771579132E2,1.897332725E-1,-8.054904178E-2,1.771577752E2
3.165770208E2,2.480673814E-2,7.382858312E-4,1.637435053E-3,9.996906519E-1,1.771570656E2,1.896774044E-1,-7.992053610E-2,1.771569287E2
3.165820208E2,2.481448530E-2,7.329487707E-4,1.631606254E-3,9.996904731E-1,1.771561775E2,1.889951187E-1,-7.932424834E-2,1.771560422E2
3.165870208E2,2.479969470E-2,7.423992502E-4,1.633090782E-3,9.996908307E-1,1.771578729E2,1.891908681E-1,-8.040543637E-2,1.771577356E2
3.165920208E2,2.479518850E-2,7.457219181E-4,1.627015881E-3,9.996909499E-1,1.771583895E2,1.885040280E-1,-8.080418295E-2,1.771582520E2
3.165970208E2,2.480727137E-2,7.374307024E-4,1.629723818E-3,9.996906519E-1,1.771570045E2,1.887916436E-1,-7.984439651E-2,1.771568684E2
3.166020208E2,2.479993167E-2,7.438446628E-4,1.628828933E-3,9.996908307E-1,1.771578458E2,1.887067727E-1,-8.058308467E-2,1.771577085E2
3.166070208E2,2.478531977E-2,7.532672025E-4,1.627414254E-3,9.996911883E-1,1.771595207E2,1.885702997E-1,-8.166927159E-2,1.771593817E2
3.166120208E2,2.480024558E-2,7.432933780E-4,1.624294790E-3,9.996908307E-1,1.771578098E2,1.881858152E-1,-8.053275856E-2,1.771576730E2
3.166170208E2,2.480254526E-2,7.419459871E-4,1.626479789E-3,9.996907711E-1,1.771575462E2,1.884324764E-1,-8.037176328E-2,1.771574095E2
3.166220208E2,2.478544554E-2,7.532933378E-4,1.625485485E-3,9.996911883E-1,1.771595063E2,1.883494310E-1,-8.167772019E-2,1.771593675E2
3.166270208E2,2.479527670E-2,7.467790274E-4,1.625185716E-3,9.996909499E-1,1.771583794E2,1.882973817E-1,-8.093046510E-2,1.771582418E2
3.166320208E2,2.481245946E-2,7.344725309E-4,1.625197474E-3,9.996905327E-1,1.771564098E2,1.882651236E-1,-7.951741039E-2,1.771562746E2
3.166370208E2,2.479528626E-2,7.461295463E-4,1.625338220E-3,9.996909499E-1,1.771583783E2,1.883130072E-1,-8.085562788E-2,1.771582408E2
3.166420208E2,2.478808498E-2,7.509253919E-4,1.622988377E-3,9.996911287E-1,1.771592037E2,1.880568593E-1,-8.141305339E-2,1.771590656E2
3.166470208E2,2.480282602E-2,7.410913822E-4,1.622583368E-3,9.996907711E-1,1.771575140E2,1.879837092E-1,-8.028488503E-2,1.771573778E2
3.166520208E2,2.480292650E-2,7.409462123E-4,1.621113042E-3,9.996907711E-1,1.771575025E2,1.878148692E-1,-8.027241520E-2,1.771573664E2
3.166570208E2,2.479590159E-2,7.467343239E-4,1.615644316E-3,9.996909499E-1,1.771583077E2,1.872042753E-1,-8.095233863E-2,1.771581710E2
3.166620208E2,2.480848313E-2,7.373139961E-4,1.611226005E-3,9.996906519E-1,1.771568655E2,1.866723635E-1,-7.988338719E-2,1.771567310E2
3.166670208E2,2.482067862E-2,7.290251669E-4,1.612083637E-3,9.996903539E-1,1.771554676E2,1.867480065E-1,-7.892913435E-2,1.771553345E2
3.166720208E2,2.480580653E-2,7.389982929E-4,1.614678884E-3,9.996907115E-1,1.771571724E2,1.870724877E-1,-8.006701817E-2,1.771570372E2
3.166770208E2,2.481326224E-2,7.350583328E-4,1.612627530E-3,9.996905327E-1,1.771563177E2,1.868268845E-1,-7.962010942E-2,1.771561835E2
3.166820208E2,2.482357621E-2,7.271243376E-4,1.605274156E-3,9.996902943E-1,1.771551355E2,1.859627573E-1,-7.873021243E-2,1.771550033E2
3.166870208E2,2.480913557E-2,7.381528267E-4,1.600762014E-3,9.996906519E-1,1.771567908E2,1.854760823E-1,-8.000910828E-2,1.771566568E2
3.166920208E2,2.480189485E-2,7.427788223E-4,1.599153155E-3,9.996908307E-1,1.771576207E2,1.853043468E-1,-8.054496081E-2,1.771574861E2
3.166970208E2,2.480709755E-2,7.388739614E-4,1.594779082E-3,9.996907115E-1,1.771570244E2,1.847925855E-1,-8.010910524E-2,1.771568908E2
3.167020208E2,2.480201427E-2,7.428563549E-4,1.597263850E-3,9.996908307E-1,1.771576071E2,1.850881446E-1,-8.055919037E-2,1.771574725E2
3.167070208E2,2.479700757E-2,7.458080654E-4,1.599012292E-3,9.996909499E-1,1.771581810E2,1.852964252E-1,-8.089328557E-2,1.771580457E2
3.167120208E2,2.480717768E-2,7.396613364E-4,1.593166846E-3,9.996907115E-1,1.771570152E2,1.846101384E-1,-8.020387241E-2,1.771568816E2
3.167170208E2,2.480259327E-2,7.415461005E-4,1.588859828E-3,9.996908307E-1,1.771575407E2,1.841217311E-1,-8.043287223E-2,1.771574071E2
3.167220208E2,2.479008065E-2,7.503258530E-4,1.592497923E-3,9.996911287E-1,1.771589750E2,1.845624366E-1,-8.143061664E-2,1.771588394E2
3.167270208E2,2.479977194E-2,7.445384399E-4,1.593988971E-3,9.996908903E-1,1.771578641E2,1.847175860E-1,-8.076160592E-2,1.771577295E2
3.167320208E2,2.480987023E-2,7.371719112E-4,1.589790336E-3,9.996906519E-1,1.771567066E2,1.842164748E-1,-7.992779608E-2,1.771565737E2
3.167370208E2,2.479780448E-2,7.451314013E-4,1.586923609E-3,9.996909499E-1,1.771580896E2,1.839097287E-1,-8.084997491E-2,1.771579555E2
3.167420208E2,2.480260314E-2,7.421014016E-4,1.588446437E-3,9.996908307E-1,1.771575396E2,1.840759538E-1,-8.049765857E-2,1.771574059E2
3.167470208E2,2.482675953E-2,7.257561665E-4,1.593741588E-3,9.996902347E-1,1.771547706E2,1.846379850E-1,-7.860569891E-2,1.771546396E2
3.167520208E2,2.481441866E-2,7.337487768E-4,1.595337177E-3,9.996905327E-1,1.771561852E2,1.848425300E-1,-7.951904352E-2,1.771560525E2
3.167570208E2,2.480689925E-2,7.391327526E-4,1.597741037E-3,9.996907115E-1,1.771570471E2,1.851326167E-1,-8.013036779E-2,1.771569132E2
3.167620208E2,2.482627678E-2,7.257154793E-4,1.601262484E-3,9.996902347E-1,1.771548259E2,1.854993985E-1,-7.857973003E-2,1.771546943E2
3.167670208E2,2.483111778E-2,7.226701709E-4,1.602000440E-3,9.996901155E-1,1.771542710E2,1.855756503E-1,-7.822787320E-2,1.771541399E2
3.167720208E2,2.480670618E-2,7.388505037E-4,1.600866206E-3,9.996907115E-1,1.771570692E2,1.854898073E-1,-8.008918603E-2,1.771569352E2
3.167770208E2,2.481420040E-2,7.342584431E-4,1.598494360E-3,9.996905327E-1,1.771562102E2,1.852056379E-1,-7.956849140E-2,1.771560772E2
3.167820208E2,2.482347431E-2,7.272390067E-4,1.606797334E-3,9.996902943E-1,1.771551472E2,1.861375655E-1,-7.873903445E-2,1.771550148E2
3.167870208E2,2.481589598E-2,7.331640227E-4,1.609910163E-3,9.996904731E-1,1.771560158E2,1.865104146E-1,-7.941034009E-2,1.771558821E2
3.167920208E2,2.481132986E-2,7.352436660E-4,1.605308731E-3,9.996905923E-1,1.771565392E2,1.859888416E-1,-7.966251120E-2,1.771564055E2
3.167970208E2,2.482835720E-2,7.240684936E-4,1.606953447E-3,9.996901751E-1,1.771545874E2,1.861468120E-1,-7.837447948E-2,1.771544557E2
3.168020208E2,2.483080534E-2,7.229028852E-4,1.606731326E-3,9.996901155E-1,1.771543068E2,1.861182416E-1,-7.824112813E-2,1.771541753E2
3.168070208E2,2.483096869E-2,7.228573668E-4,1.604225370E-3,9.996901155E-1,1.771542881E2,1.858310514E-1,-7.824301414E-2,1.771541568E2
3.168120208E2,2.484565942E-2,7.135556662E-4,1.603791839E-3,9.996897578E-1,1.771526041E2,1.857560509E-1,-7.717595155E-2,1.771524747E2
3.168170208E2,2.485066078E-2,7.101840456E-4,1.602106029E-3,9.996896386E-1,1.771520309E2,1.855537141E-1,-7.679358360E-2,1.771519021E2
3.168220208E2,2.484360039E-2,7.151382160E-4,1.597819384E-3,9.996898174E-1,1.771528402E2,1.850762148E-1,-7.737462841E-2,1.771527108E2
3.168270208E2,2.483855342E-2,7.175264182E-4,1.600626390E-3,9.996899366E-1,1.771534187E2,1.854041832E-1,-7.764115590E-2,1.771532887E2
3.168320208E2,2.484352420E-2,7.137469365E-4,1.599624986E-3,9.996898174E-1,1.771528489E2,1.852790909E-1,-7.721012248E-2,1.771527197E2
3.168370208E2,2.485604844E-2,7.055563037E-4,1.594941132E-3,9.996895194E-1,1.771514133E2,1.847201603E-1,-7.628285655E-2,1.771512860E2
3.168420208E2,2.485832058E-2,7.050588611E-4,1.597107737E-3,9.996894598E-1,1.771511528E2,1.849671150E-1,-7.621927968E-2,1.771510255E2
3.168470208E2,2.485581948E-2,7.069624844E-4,1.597883878E-3,9.996895194E-1,1.771514395E2,1.850612590E-1,-7.643560321E-2,1.771513117E2
3.168520208E2,2.486009702E-2,7.038320182E-4,1.607274753E-3,9.996894002E-1,1.771509492E2,1.861284513E-1,-7.604944407E-2,1.771508213E2
3.168570208E2,2.485992622E-2,7.031511050E-4,1.610211912E-3,9.996894002E-1,1.771509688E2,1.864629685E-1,-7.596310559E-2,1.771508408E2
3.168620208E2,2.485975345E-2,7.038970361E-4,1.612551627E-3,9.996894002E-1,1.771509886E2,1.867331099E-1,-7.604192321E-2,1.771508603E2
3.168670208E2,2.485746904E-2,7.044000085E-4,1.610595151E-3,9.996894598E-1,1.771512504E2,1.865102423E-1,-7.610554163E-2,1.771511222E2
3.168720208E2,2.485693254E-2,7.056124159E-4,1.618326060E-3,9.996894598E-1,1.771513119E2,1.873992802E-1,-7.622250858E-2,1.771511829E2
3.168770208E2,2.485911138E-2,7.033699658E-4,1.622648328E-3,9.996894002E-1,1.771510622E2,1.878882008E-1,-7.595290081E-2,1.771509332E2
3.168820208E2,2.485902735E-2,7.033632719E-4,1.623938093E-3,9.996894002E-1,1.771510718E2,1.880359262E-1,-7.594847554E-2,1.771509427E2
3.168870208E2,2.485703013E-2,7.055861643E-4,1.616837922E-3,9.996894598E-1,1.771513008E2,1.872287372E-1,-7.622372202E-2,1.771511718E2
3.168920208E2,2.485723239E-2,7.049406995E-4,1.614007400E-3,9.996894598E-1,1.771512776E2,1.869026595E-1,-7.615780518E-2,1.771511489E2
3.168970208E2,2.485941195E-2,7.030640263E-4,1.618169947E-3,9.996894002E-1,1.771510277E2,1.873743250E-1,-7.593055518E-2,1.771508991E2
3.169020208E2,2.485444514E-2,7.070855354E-4,1.619067043E-3,9.996895194E-1,1.771515971E2,1.874881711E-1,-7.638961907E-2,1.771514676E2
3.169070208E2,2.485204665E-2,7.090526633E-4,1.618221402E-3,9.996895790E-1,1.771518720E2,1.873967170E-1,-7.661782362E-2,1.771517423E2
3.169120208E2,2.486404811E-2,7.002628408E-4,1.621796400E-3,9.996892810E-1,1.771504963E2,1.877821282E-1,-7.559846061E-2,1.771503680E2
3.169170208E2,2.486405827E-2,6.999833276E-4,1.621761359E-3,9.996892810E-1,1.771504951E2,1.877773183E-1,-7.556653864E-2,1.771503669E2
3.169220208E2,2.486390675E-2,7.000243058E-4,1.624065102E-3,9.996892810E-1,1.771505125E2,1.880413320E-1,-7.556469728E-2,1.771503841E2
3.169270208E2,2.486633816E-2,6.980212056E-4,1.624390716E-3,9.996892214E-1,1.771502338E2,1.880731083E-1,-7.533384493E-2,1.771501057E2
3.169320208E2,2.487387992E-2,6.936979480E-4,1.620817697E-3,9.996890426E-1,1.771493693E2,1.876520403E-1,-7.484735591E-2,1.771492423E2
3.169370208E2,2.487367071E-2,6.942634936E-4,1.623783493E-3,9.996890426E-1,1.771493933E2,1.879933876E-1,-7.490372797E-2,1.771492660E2
3.169420208E2,2.486890947E-2,6.964665954E-4,1.622374984E-3,9.996891618E-1,1.771499391E2,1.878379564E-1,-7.516101592E-2,1.771498114E2
3.169470208E2,2.486914862E-2,6.975445431E-4,1.618240727E-3,9.996891618E-1,1.771499117E2,1.873674413E-1,-7.529623867E-2,1.771497841E2
3.169520208E2,2.487154528E-2,6.946232752E-4,1.619484741E-3,9.996891022E-1,1.771496369E2,1.875018046E-1,-7.495759509E-2,1.771495099E2
3.169570208E2,2.487862833E-2,6.906713243E-4,1.622756594E-3,9.996889234E-1,1.771488250E2,1.878658790E-1,-7.449421899E-2,1.771486985E2
3.169620208E2,2.487373102E-2,6.943175686E-4,1.622836222E-3,9.996890426E-1,1.771493864E2,1.878850303E-1,-7.491261138E-2,1.771492591E2
3.169670208E2,2.487645677E-2,6.925426424E-4,1.618525363E-3,9.996889830E-1,1.771490739E2,1.873863381E-1,-7.472105996E-2,1.771489473E2
3.169720208E2,2.488848291E-2,6.843330339E-4,1.621206058E-3,9.996886849E-1,1.771476954E2,1.876709105E-1,-7.377070069E-2,1.771475702E2
3.169770208E2,2.487879979E-2,6.905771443E-4,1.620165887E-3,9.996889234E-1,1.771488054E2,1.875688415E-1,-7.449078407E-2,1.771486790E2
3.169820208E2,2.487417612E-2,6.942721084E-4,1.616019057E-3,9.996890426E-1,1.771493354E2,1.871039848E-1,-7.492675233E-2,1.771492086E2
3.169870208E2,2.488167761E-2,6.888218923E-4,1.613483648E-3,9.996888638E-1,1.771484755E2,1.867985580E-1,-7.430822303E-2,1.771483500E2
3.169920208E2,2.488413919E-2,6.868492346E-4,1.613292494E-3,9.996888041E-1,1.771481933E2,1.867712173E-1,-7.408232852E-2,1.771480682E2
3.169970208E2,2.487703283E-2,6.915497943E-4,1.610073843E-3,9.996889830E-1,1.771490079E2,1.864153755E-1,-7.463130915E-2,1.771488821E2
3.170020208E2,2.488471446E-2,6.870675134E-4,1.604301273E-3,9.996888041E-1,1.771481274E2,1.857418815E-1,-7.413286650E-2,1.771480029E2
3.170070208E2,2.489453178E-2,6.805081503E-4,1.603353652E-3,9.996885657E-1,1.771470021E2,1.856153393E-1,-7.338233203E-2,1.771468789E2
3.170120208E2,2.488470119E-2,6.867492339E-4,1.604643301E-3,9.996888041E-1,1.771481289E2,1.857801543E-1,-7.409543280E-2,1.771480044E2
3.170170208E2,2.488271986E-2,6.885075127E-4,1.597465365E-3,9.996888638E-1,1.771483560E2,1.849627438E-1,-7.431769003E-2,1.771482317E2
3.170220208E2,2.489033784E-2,6.828117766E-4,1.593126683E-3,9.996886849E-1,1.771474828E2,1.844500392E-1,-7.367617567E-2,1.771473599E2
3.170270208E2,2.490223544E-2,6.750015891E-4,1.597531256E-3,9.996883869E-1,1.771461190E2,1.849331976E-1,-7.276670809E-2,1.771459973E2
3.170320208E2,2.489486354E-2,6.805619341E-4,1.598171308E-3,9.996885657E-1,1.771469640E2,1.850218471E-1,-7.340321624E-2,1.771468412E2
3.170370208E2,2.489286350E-2,6.811489002E-4,1.591778011E-3,9.996886253E-1,1.771471933E2,1.842909826E-1,-7.348906460E-2,1.771470708E2
3.170420208E2,2.489744646E-2,6.785618607E-4,1.596067799E-3,9.996885061E-1,1.771466680E2,1.847753597E-1,-7.317961962E-2,1.771465457E2
3.170470208E2,2.490223095E-2,6.744488492E-4,1.597834635E-3,9.996883869E-1,1.771461195E2,1.849663736E-1,-7.270252355E-2,1.771459979E2
3.170520208E2,2.489509274E-2,6.793870125E-4,1.595097943E-3,9.996885657E-1,1.771469378E2,1.846664386E-1,-7.327734758E-2,1.771468154E2
3.170570208E2,2.490017115E-2,6.761719123E-4,1.591904322E-3,9.996884465E-1,1.771463556E2,1.842917866E-1,-7.291721371E-2,1.771462341E2
3.170620208E2,2.490958501E-2,6.706084241E-4,1.596696093E-3,9.996882081E-1,1.771452765E2,1.848255178E-1,-7.226446967E-2,1.771451557E2
3.170670208E2,2.490204491E-2,6.753135240E-4,1.600366901E-3,9.996883869E-1,1.771461408E2,1.852589147E-1,-7.279438526E-2,1.771460189E2
3.170720208E2,2.489994880E-2,6.762404810E-4,1.595349400E-3,9.996884465E-1,1.771463811E2,1.846866213E-1,-7.291527929E-2,1.771462593E2
3.170770208E2,2.490497523E-2,6.734004710E-4,1.592788612E-3,9.996883273E-1,1.771458050E2,1.843855276E-1,-7.259631938E-2,1.771456839E2
3.170820208E2,2.490474045E-2,6.740213139E-4,1.596193411E-3,9.996883273E-1,1.771458319E2,1.847773235E-1,-7.265776660E-2,1.771457104E2
3.170870208E2,2.489500538E-2,6.803003489E-4,1.596071757E-3,9.996885657E-1,1.771469478E2,1.847805946E-1,-7.337921362E-2,1.771468251E2
3.170920208E2,2.489780560E-2,6.778927636E-4,1.590740867E-3,9.996885061E-1,1.771466268E2,1.841632434E-1,-7.311810305E-2,1.771465050E2
3.170970208E2,2.489071971E-2,6.831083447E-4,1.587021630E-3,9.996886849E-1,1.771474390E2,1.837515414E-1,-7.372749285E-2,1.771473165E2
3.171020208E2,2.489034341E-2,6.828019395E-4,1.593043911E-3,9.996886849E-1,1.771474822E2,1.844405296E-1,-7.367528384E-2,1.771473593E2
3.171070208E2,2.489511744E-2,6.800575648E-4,1.594426460E-3,9.996885657E-1,1.771469349E2,1.845914309E-1,-7.335607441E-2,1.771468125E2
3.171120208E2,2.489292405E-2,6.810514024E-4,1.590872649E-3,9.996886253E-1,1.771471863E2,1.841869940E-1,-7.348046716E-2,1.771470640E2
3.171170208E2,2.489065476E-2,6.826877361E-4,1.588220824E-3,9.996886849E-1,1.771474465E2,1.838877120E-1,-7.367590102E-2,1.771473240E2
3.171220208E2,2.489281153E-2,6.818267866E-4,1.592300483E-3,9.996886253E-1,1.771471992E2,1.843527652E-1,-7.356523966E-2,1.771470766E2
3.171270208E2,2.489305690E-2,6.815016968E-4,1.588599407E-3,9.996886253E-1,1.771471711E2,1.839278743E-1,-7.353851137E-2,1.771470488E2
3.171320208E2,2.488861831E-2,6.845826283E-4,1.581788645E-3,9.996887445E-1,1.771476799E2,1.831561203E-1,-7.391169231E-2,1.771475575E2
3.171370208E2,2.488105480E-2,6.900851731E-4,1.585373189E-3,9.996889234E-1,1.771485469E2,1.835818839E-1,-7.453320676E-2,1.771484232E2
3.171420208E2,2.487827746E-2,6.907449570E-4,1.591076143E-3,9.996889830E-1,1.771488652E2,1.842368673E-1,-7.459304001E-2,1.771487410E2
3.171470208E2,2.487829394E-2,6.915716222E-4,1.590459258E-3,9.996889830E-1,1.771488634E2,1.841685575E-1,-7.468949512E-2,1.771487390E2
3.171520208E2,2.488560357E-2,6.865906762E-4,1.590655884E-3,9.996888041E-1,1.771480255E2,1.841774224E-1,-7.411699081E-2,1.771479021E2
3.171570208E2,2.488516347E-2,6.873468519E-4,1.597201102E-3,9.996888041E-1,1.771480759E2,1.849293423E-1,-7.418503094E-2,1.771479519E2
3.171620208E2,2.487779535E-2,6.917418796E-4,1.598165487E-3,9.996889830E-1,1.771489205E2,1.850518028E-1,-7.468712118E-2,1.771487956E2
3.171670208E2,2.488069921E-2,6.905198679E-4,1.590755302E-3,9.996889234E-1,1.771485876E2,1.841996519E-1,-7.456772321E-2,1.771484635E2
3.171720208E2,2.489040202E-2,6.838733098E-4,1.591667882E-3,9.996886849E-1,1.771474754E2,1.842859574E-1,-7.380192976E-2,1.771473525E2
3.171770208E2,2.488301393E-2,6.885033799E-4,1.592879882E-3,9.996888638E-1,1.771483223E2,1.844374580E-1,-7.433023775E-2,1.771481984E2
3.171820208E2,2.488558825E-2,6.866535405E-4,1.590868342E-3,9.996888041E-1,1.771480272E2,1.842019390E-1,-7.412358922E-2,1.771479038E2
3.171870208E2,2.489104362E-2,6.834474043E-4,1.581786782E-3,9.996886849E-1,1.771474019E2,1.831528479E-1,-7.378120664E-2,1.771472797E2
3.171920208E2,2.489840183E-2,6.782641867E-4,1.581221935E-3,9.996885061E-1,1.771465584E2,1.830738938E-1,-7.318770202E-2,1.771464373E2
3.171970208E2,2.489576252E-2,6.804114091E-4,1.584170270E-3,9.996885657E-1,1.771468610E2,1.834175772E-1,-7.342575087E-2,1.771467392E2
3.172020208E2,2.489594487E-2,6.790583720E-4,1.581883524E-3,9.996885657E-1,1.771468401E2,1.831517690E-1,-7.327724309E-2,1.771467187E2
3.172070208E2,2.490089713E-2,6.762770936E-4,1.580462675E-3,9.996884465E-1,1.771462724E2,1.829814277E-1,-7.296177841E-2,1.771461517E2
3.172120208E2,2.489852694E-2,6.775914226E-4,1.579539501E-3,9.996885061E-1,1.771465441E2,1.828792499E-1,-7.311541047E-2,1.771464232E2
3.172170208E2,2.491272683E-2,6.688570138E-4,1.585693448E-3,9.996881485E-1,1.771449164E2,1.835603231E-1,-7.209466607E-2,1.771447967E2
3.172220208E2,2.490093056E-2,6.768089370E-4,1.579708070E-3,9.996884465E-1,1.771462686E2,1.828965033E-1,-7.302485140E-2,1.771461478E2
3.172270208E2,2.489888067E-2,6.782372948E-4,1.573675429E-3,9.996885061E-1,1.771465036E2,1.822093526E-1,-7.320606635E-2,1.771463830E2
3.172320208E2,2.490583759E-2,6.726244465E-4,1.579577685E-3,9.996883273E-1,1.771457061E2,1.828699812E-1,-7.254496777E-2,1.771455861E2
3.172370208E2,2.491051183E-2,6.694110925E-4,1.582677593E-3,9.996882081E-1,1.771451703E2,1.832162603E-1,-7.216715499E-2,1.771450507E2
3.172420208E2,2.489851054E-2,6.783993449E-4,1.579451142E-3,9.996885061E-1,1.771465460E2,1.828714320E-1,-7.320821786E-2,1.771464249E2
3.172470208E2,2.489623847E-2,6.793594803E-4,1.577126328E-3,9.996885657E-1,1.771468064E2,1.826076831E-1,-7.332525542E-2,1.771466854E2
3.172520208E2,2.491782194E-2,6.655586185E-4,1.582174911E-3,9.996880293E-1,1.771443324E2,1.831482011E-1,-7.172592722E-2,1.771442135E2
3.172570208E2,2.491534783E-2,6.660639192E-4,1.583264093E-3,9.996880889E-1,1.771446160E2,1.832742390E-1,-7.178115579E-2,1.771444970E2
3.172620208E2,2.489887639E-2,6.780436379E-4,1.573826536E-3,9.996885061E-1,1.771465040E2,1.822261100E-1,-7.318345143E-2,1.771463835E2
3.172670208E2,2.491088529E-2,6.690695300E-4,1.576933544E-3,9.996882081E-1,1.771451275E2,1.825572957E-1,-7.214435609E-2,1.771450084E2
3.172720208E2,2.491813979E-2,6.648144918E-4,1.577474875E-3,9.996880293E-1,1.771442959E2,1.826076807E-1,-7.165404601E-2,1.771441776E2
3.172770208E2,2.490616677E-2,6.728544249E-4,1.574280439E-3,9.996883273E-1,1.771456684E2,1.822638291E-1,-7.258637213E-2,1.771455487E2
3.172820208E2,2.491101256E-2,6.691106246E-4,1.574904309E-3,9.996882081E-1,1.771451129E2,1.823249607E-1,-7.215483337E-2,1.771449939E2
3.172870208E2,2.492564248E-2,6.601394853E-4,1.574221998E-3,9.996878505E-1,1.771434359E2,1.822222266E-1,-7.112641778E-2,1.771433187E2
3.172920208E2,2.491804267E-2,6.645843969E-4,1.579105156E-3,9.996880293E-1,1.771443071E2,1.827937753E-1,-7.162304974E-2,1.771441886E2
3.172970208E2,2.489398371E-2,6.811196217E-4,1.574174617E-3,9.996886253E-1,1.771470649E2,1.822744025E-1,-7.353572244E-2,1.771469437E2
3.173020208E2,2.490371961E-2,6.739500095E-4,1.574675902E-3,9.996883869E-1,1.771459489E2,1.823120810E-1,-7.271119536E-2,1.771458290E2
3.173070208E2,2.490814321E-2,6.709074951E-4,1.581673860E-3,9.996882677E-1,1.771454418E2,1.831053771E-1,-7.234187584E-2,1.771453220E2
3.173120208E2,2.489071215E-2,6.831020582E-4,1.587142935E-3,9.996886849E-1,1.771474399E2,1.837654191E-1,-7.372642808E-2,1.771473174E2
3.173170208E2,2.488624671E-2,6.855785032E-4,1.581001095E-3,9.996888041E-1,1.771479517E2,1.830685666E-1,-7.402845620E-2,1.771478292E2
3.173220208E2,2.490579850E-2,6.733735790E-4,1.579874777E-3,9.996883273E-1,1.771457106E2,1.829061504E-1,-7.262994453E-2,1.771455904E2
3.173270208E2,2.489815657E-2,6.787141319E-4,1.584886573E-3,9.996885061E-1,1.771465866E2,1.834949669E-1,-7.322883471E-2,1.771464651E2
3.173320208E2,2.488608968E-2,6.862382870E-4,1.583185163E-3,9.996888041E-1,1.771479697E2,1.833206354E-1,-7.409783845E-2,1.771478470E2
3.173370208E2,2.488842359E-2,6.848531775E-4,1.584732672E-3,9.996887445E-1,1.771477022E2,1.834941344E-1,-7.393432426E-2,1.771475796E2
3.173420208E2,2.489558176E-2,6.794119254E-4,1.587436534E-3,9.996885657E-1,1.771468817E2,1.837888832E-1,-7.330196878E-2,1.771467599E2
3.173470208E2,2.489059666E-2,6.828907062E-4,1.589043881E-3,9.996886849E-1,1.771474531E2,1.839825729E-1,-7.369681547E-2,1.771473305E2
3.173520208E2,2.489071510E-2,6.829980412E-4,1.587141305E-3,9.996886849E-1,1.771474395E2,1.837649359E-1,-7.371451642E-2,1.771473171E2
3.173570208E2,2.489808768E-2,6.785286241E-4,1.586047700E-3,9.996885061E-1,1.771465945E2,1.836274468E-1,-7.320428337E-2,1.771464729E2
3.173620208E2,2.489564561E-2,6.796478410E-4,1.586333849E-3,9.996885657E-1,1.771468744E2,1.836632415E-1,-7.333212849E-2,1.771467526E2
3.173670208E2,2.488348567E-2,6.875561667E-4,1.585904509E-3,9.996888638E-1,1.771482682E2,1.836357189E-1,-7.424153253E-2,1.771481450E2
3.173720208E2,2.489312481E-2,6.821845309E-4,1.587241539E-3,9.996886253E-1,1.771471633E2,1.837742751E-1,-7.362059511E-2,1.771470410E2
3.173770208E2,2.489532243E-2,6.801528507E-4,1.591181965E-3,9.996885657E-1,1.771469114E2,1.842200406E-1,-7.337620842E-2,1.771467892E2
3.173820208E2,2.489568798E-2,6.794353831E-4,1.585759805E-3,9.996885657E-1,1.771468695E2,1.835968781E-1,-7.330942011E-2,1.771467478E2
3.173870208E2,2.488107085E-2,6.896260311E-4,1.585321035E-3,9.996889234E-1,1.771485450E2,1.835746013E-1,-7.448075506E-2,1.771484215E2
3.173920208E2,2.488841987E-2,6.851249491E-4,1.584673533E-3,9.996887445E-1,1.771477026E2,1.834881346E-1,-7.396562666E-2,1.771475800E2
3.173970208E2,2.489348907E-2,6.815771339E-4,1.581780263E-3,9.996886253E-1,1.771471216E2,1.831469457E-1,-7.356652667E-2,1.771469998E2
3.174020208E2,2.488615437E-2,6.861053407E-4,1.582225668E-3,9.996888041E-1,1.771479623E2,1.832103449E-1,-7.408533316E-2,1.771478396E2
3.174070208E2,2.488602560E-2,6.858216366E-4,1.584372600E-3,9.996888041E-1,1.771479771E2,1.834554706E-1,-7.404673402E-2,1.771478543E2
3.174120208E2,2.488369294E-2,6.876453408E-4,1.582610304E-3,9.996888638E-1,1.771482445E2,1.832586168E-1,-7.426110360E-2,1.771481215E2
3.174170208E2,2.489112866E-2,6.831659121E-4,1.580569777E-3,9.996886849E-1,1.771473921E2,1.830126355E-1,-7.375241589E-2,1.771472701E2
3.174220208E2,2.489567209E-2,6.804144941E-4,1.585589489E-3,9.996885657E-1,1.771468713E2,1.835801598E-1,-7.342207190E-2,1.771467495E2
3.174270208E2,2.489574436E-2,6.795173977E-4,1.584839192E-3,9.996885657E-1,1.771468631E2,1.834916543E-1,-7.332143149E-2,1.771467414E2
3.174320208E2,2.489602452E-2,6.801885320E-4,1.580143464E-3,9.996885657E-1,1.771468309E2,1.829556647E-1,-7.341165939E-2,1.771467095E2
3.174370208E2,2.489122509E-2,6.825335440E-4,1.579323900E-3,9.996886849E-1,1.771473811E2,1.828681157E-1,-7.368351053E-2,1.771472593E2
3.174420208E2,2.489057460E-2,6.837579422E-4,1.589016523E-3,9.996886849E-1,1.771474557E2,1.839819112E-1,-7.379624458E-2,1.771473329E2
3.174470208E2,2.489328180E-2,6.821461720E-4,1.584794139E-3,9.996886253E-1,1.771471453E2,1.834938123E-1,-7.362315368E-2,1.771470232E2
3.174520208E2,2.488856410E-2,6.841314025E-4,1.582836499E-3,9.996887445E-1,1.771476861E2,1.832748676E-1,-7.385702302E-2,1.771475637E2
3.174570208E2,2.488339414E-2,6.880727015E-4,1.587116159E-3,9.996888638E-1,1.771482787E2,1.837759873E-1,-7.429726639E-2,1.771481553E2
3.174620208E2,2.488784459E-2,6.849779747E-4,1.593746128E-3,9.996887445E-1,1.771477686E2,1.845269956E-1,-7.392301984E-2,1.771476453E2
3.174670208E2,2.489064844E-2,6.833479274E-4,1.588035957E-3,9.996886849E-1,1.771474472E2,1.838684170E-1,-7.375205832E-2,1.771473246E2
3.174720208E2,2.488346722E-2,6.878782879E-4,1.586054335E-3,9.996888638E-1,1.771482704E2,1.836537997E-1,-7.427800958E-2,1.771481470E2
3.174770208E2,2.488341726E-2,6.887580385E-4,1.586456201E-3,9.996888638E-1,1.771482761E2,1.837023411E-1,-7.437765348E-2,1.771481526E2
3.174820208E2,2.489539459E-2,6.806868478E-4,1.589823980E-3,9.996885657E-1,1.771469032E2,1.840660039E-1,-7.344124188E-2,1.771467809E2
3.174870208E2,2.489585330E-2,6.793457433E-4,1.583200763E-3,9.996885657E-1,1.771468506E2,1.833034802E-1,-7.330642188E-2,1.771467291E2
3.174920208E2,2.489096671E-2,6.836524117E-4,1.582907978E-3,9.996886849E-1,1.771474107E2,1.832818670E-1,-7.380150742E-2,1.771472884E2
3.174970208E2,2.489569197E-2,6.792625063E-4,1.585771213E-3,9.996885657E-1,1.771468691E2,1.835976920E-1,-7.328958278E-2,1.771467474E2
3.175020208E2,2.489850074E-2,6.779996329E-4,1.579777221E-3,9.996885061E-1,1.771465471E2,1.829076451E-1,-7.316149989E-2,1.771464261E2
3.175070208E2,2.489626655E-2,6.795973168E-4,1.576580456E-3,9.996885657E-1,1.771468032E2,1.825458308E-1,-7.335405325E-2,1.771466821E2
3.175120208E2,2.489616893E-2,6.797835813E-4,1.578041003E-3,9.996885657E-1,1.771468144E2,1.827136699E-1,-7.337124182E-2,1.771466932E2
3.175170208E2,2.490084510E-2,6.764879799E-4,1.581192017E-3,9.996884465E-1,1.771462784E2,1.830655764E-1,-7.298386500E-2,1.771461576E2
3.175220208E2,2.489118345E-2,6.829348858E-4,1.579806558E-3,9.996886849E-1,1.771473859E2,1.829245490E-1,-7.372811748E-2,1.771472639E2
3.175270208E2,2.489404880E-2,6.816682871E-4,1.572907204E-3,9.996886253E-1,1.771470574E2,1.821307825E-1,-7.360217909E-2,1.771469362E2
3.175320208E2,2.490595371E-2,6.727306754E-4,1.577700372E-3,9.996883273E-1,1.771456928E2,1.826552350E-1,-7.256247379E-2,1.771455729E2
3.175370208E2,2.490803100E-2,6.716706557E-4,1.583116362E-3,9.996882677E-1,1.771454547E2,1.832727951E-1,-7.242520349E-2,1.771453346E2
3.175420208E2,2.490362876E-2,6.753358175E-4,1.575518749E-3,9.996883869E-1,1.771459593E2,1.824125830E-1,-7.286755902E-2,1.771458391E2
3.175470208E2,2.490107174E-2,6.766584120E-4,1.577545772E-3,9.996884465E-1,1.771462524E2,1.826483793E-1,-7.301375233E-2,1.771461318E2
3.175520208E2,2.490304890E-2,6.748852320E-4,1.584849670E-3,9.996883869E-1,1.771460258E2,1.834801699E-1,-7.278941899E-2,1.771459050E2
3.175570208E2,2.490570238E-2,6.736483192E-4,1.581272343E-3,9.996883273E-1,1.771457216E2,1.830670275E-1,-7.265744641E-2,1.771456013E2
3.175620208E2,2.489662480E-2,6.794566871E-4,1.570973778E-3,9.996885657E-1,1.771467621E2,1.819031758E-1,-7.335387410E-2,1.771466415E2
3.175670208E2,2.490151178E-2,6.759533426E-4,1.570887980E-3,9.996884465E-1,1.771462020E2,1.818837076E-1,-7.295190093E-2,1.771460820E2
3.175720208E2,2.490342402E-2,6.751275505E-4,1.578840660E-3,9.996883869E-1,1.771459828E2,1.827925193E-1,-7.283425794E-2,1.771458624E2
3.175770208E2,2.490358572E-2,6.750987959E-4,1.576300361E-3,9.996883869E-1,1.771459642E2,1.825014420E-1,-7.283818404E-2,1.771458440E2
3.175820208E2,2.489877654E-2,6.777649396E-4,1.575525384E-3,9.996885061E-1,1.771465155E2,1.824199211E-1,-7.314669575E-2,1.771463948E2
3.175870208E2,2.490591026E-2,6.725884159E-4,1.578446827E-3,9.996883273E-1,1.771456978E2,1.827403368E-1,-7.254405458E-2,1.771455779E2
3.175920208E2,2.492031839E-2,6.631331053E-4,1.581535209E-3,9.996879697E-1,1.771440462E2,1.830681711E-1,-7.144943999E-2,1.771439279E2
3.175970208E2,2.491105673E-2,6.699240766E-4,1.573859481E-3,9.996882081E-1,1.771451078E2,1.822075948E-1,-7.225099371E-2,1.771449888E2
3.176020208E2,2.490383121E-2,6.742897676E-4,1.572764246E-3,9.996883869E-1,1.771459361E2,1.820940668E-1,-7.275555196E-2,1.771458163E2
3.176070208E2,2.491313069E-2,6.679000799E-4,1.579740550E-3,9.996881485E-1,1.771448701E2,1.828756787E-1,-7.200196480E-2,1.771447510E2
3.176120208E2,2.491324041E-2,6.686430424E-4,1.577694668E-3,9.996881485E-1,1.771448575E2,1.826434394E-1,-7.209289638E-2,1.771447384E2
3.176170208E2,2.490630806E-2,6.738416851E-4,1.571620582E-3,9.996883273E-1,1.771456522E2,1.819619542E-1,-7.270703453E-2,1.771455325E2
3.176220208E2,2.490649529E-2,6.733754417E-4,1.568850828E-3,9.996883273E-1,1.771456307E2,1.816433445E-1,-7.266149495E-2,1.771455114E2
3.176270208E2,2.491818362E-2,6.653897581E-4,1.576539595E-3,9.996880293E-1,1.771442909E2,1.825021845E-1,-7.172260885E-2,1.771441725E2
3.176320208E2,2.491614340E-2,6.660642684E-4,1.570694149E-3,9.996880889E-1,1.771445248E2,1.818343322E-1,-7.181694094E-2,1.771444067E2
3.176370208E2,2.490158363E-2,6.760066026E-4,1.569725689E-3,9.996884465E-1,1.771461937E2,1.817507172E-1,-7.296130586E-2,1.771460738E2
3.176420208E2,2.490120214E-2,6.762383273E-4,1.575666363E-3,9.996884465E-1,1.771462375E2,1.824318919E-1,-7.297096839E-2,1.771461171E2
3.176470208E2,2.491353893E-2,6.685060798E-4,1.573031768E-3,9.996881485E-1,1.771448233E2,1.821089058E-1,-7.209046457E-2,1.771447046E2
3.176520208E2,2.490932074E-2,6.710861344E-4,1.562942984E-3,9.996882677E-1,1.771453068E2,1.809602341E-1,-7.241559203E-2,1.771451884E2
3.176570208E2,2.490679763E-2,6.723593106E-4,1.564480714E-3,9.996883273E-1,1.771455961E2,1.811398421E-1,-7.255750954E-2,1.771454772E2
3.176620208E2,2.491140821E-2,6.693963078E-4,1.568511711E-3,9.996882081E-1,1.771450676E2,1.815934931E-1,-7.220573723E-2,1.771449490E2
3.176670208E2,2.490918295E-2,6.712751929E-4,1.565056387E-3,9.996882677E-1,1.771453226E2,1.812028674E-1,-7.243124201E-2,1.771452040E2
3.176720208E2,2.489716899E-2,6.791797932E-4,1.562446123E-3,9.996885657E-1,1.771466998E2,1.809255295E-1,-7.334638577E-2,1.771465798E2
3.176770208E2,2.490402585E-2,6.740387180E-4,1.569787040E-3,9.996883869E-1,1.771459138E2,1.817523070E-1,-7.273525399E-2,1.771457942E2
3.176820208E2,2.491363691E-2,6.673829048E-4,1.571956556E-3,9.996881485E-1,1.771448121E2,1.819825337E-1,-7.196485018E-2,1.771446936E2
3.176870208E2,2.490389110E-2,6.745746941E-4,1.571693458E-3,9.996883869E-1,1.771459292E2,1.819722189E-1,-7.279123699E-2,1.771458095E2
3.176920208E2,2.490138015E-2,6.767663290E-4,1.572623616E-3,9.996884465E-1,1.771462170E2,1.820848461E-1,-7.304010444E-2,1.771460968E2
3.176970208E2,2.491123157E-2,6.700305967E-4,1.571044326E-3,9.996882081E-1,1.771450878E2,1.818854180E-1,-7.227120087E-2,1.771449689E2
3.177020208E2,2.492106496E-2,6.637193146E-4,1.569479471E-3,9.996879697E-1,1.771439606E2,1.816888395E-1,-7.155088655E-2,1.771438430E2
3.177070208E2,2.491147293E-2,6.693145260E-4,1.567518455E-3,9.996882081E-1,1.771450601E2,1.814794807E-1,-7.219919240E-2,1.771449416E2
3.177120208E2,2.490852724E-2,6.718171644E-4,1.575226896E-3,9.996882677E-1,1.771453978E2,1.823694619E-1,-7.246441588E-2,1.771452783E2
3.177170208E2,2.491807755E-2,6.655179895E-4,1.578161260E-3,9.996880293E-1,1.771443031E2,1.826883149E-1,-7.173268718E-2,1.771441845E2
3.177220208E2,2.491841345E-2,6.652478478E-4,1.572962850E-3,9.996880293E-1,1.771442646E2,1.820920575E-1,-7.171652386E-2,1.771441464E2
3.177270208E2,2.490378396E-2,6.744489656E-4,1.573443995E-3,9.996883869E-1,1.771459415E2,1.821723872E-1,-7.277185771E-2,1.771458216E2
3.177320208E2,2.491100232E-2,6.694122567E-4,1.574938069E-3,9.996882081E-1,1.771451141E2,1.823296886E-1,-7.218929258E-2,1.771449950E2
3.177370208E2,2.492553393E-2,6.595011801E-4,1.576206996E-3,9.996878505E-1,1.771434484E2,1.824477892E-1,-7.104764609E-2,1.771433311E2
3.177420208E2,2.492063268E-2,6.634570891E-4,1.576438895E-3,9.996879697E-1,1.771440102E2,1.824853047E-1,-7.150105082E-2,1.771438921E2
3.177470208E2,2.491583486E-2,6.667790585E-4,1.575278584E-3,9.996880889E-1,1.771445601E2,1.823615265E-1,-7.188579066E-2,1.771444416E2
3.177520208E2,2.491858828E-2,6.655255565E-4,1.570073189E-3,9.996880293E-1,1.771442445E2,1.817618346E-1,-7.175655684E-2,1.771441266E2
3.177570208E2,2.491418695E-2,6.676585763E-4,1.563097001E-3,9.996881485E-1,1.771447490E2,1.809684435E-1,-7.202162455E-2,1.771446312E2
3.177620208E2,2.490921612E-2,6.712158793E-4,1.564553822E-3,9.996882677E-1,1.771453188E2,1.811451285E-1,-7.242587585E-2,1.771452002E2
3.177670208E2,2.490179079E-2,6.762035191E-4,1.566350926E-3,9.996884465E-1,1.771461700E2,1.813646941E-1,-7.299345657E-2,1.771460503E2
3.177720208E2,2.490929472E-2,6.718776422E-4,1.563017722E-3,9.996882677E-1,1.771453098E2,1.809710536E-1,-7.250605526E-2,1.771451912E2
3.177770208E2,2.490910239E-2,6.706664572E-4,1.566598890E-3,9.996882677E-1,1.771453319E2,1.813778271E-1,-7.235711929E-2,1.771452132E2
3.177820208E2,2.490377386E-2,6.753141643E-4,1.573232817E-3,9.996883869E-1,1.771459427E2,1.821506641E-1,-7.287157583E-2,1.771458226E2
3.177870208E2,2.490368541E-2,6.746057770E-4,1.574935974E-3,9.996883869E-1,1.771459528E2,1.823437430E-1,-7.278558142E-2,1.771458328E2
3.177920208E2,2.491604430E-2,6.661872612E-4,1.572213368E-3,9.996880889E-1,1.771445361E2,1.820087123E-1,-7.182671070E-2,1.771444179E2
3.177970208E2,2.491084694E-2,6.703731488E-4,1.576985815E-3,9.996882081E-1,1.771451319E2,1.825670026E-1,-7.229355106E-2,1.771450125E2
3.178020208E2,2.489838012E-2,6.785463193E-4,1.581442659E-3,9.996885061E-1,1.771465609E2,1.830999825E-1,-7.321939616E-2,1.771464397E2
3.178070208E2,2.490824740E-2,6.712437607E-4,1.579889446E-3,9.996882677E-1,1.771454299E2,1.829019288E-1,-7.238547140E-2,1.771453101E2
3.178120208E2,2.491084242E-2,6.694531185E-4,1.577447983E-3,9.996882081E-1,1.771451324E2,1.826173199E-1,-7.218683766E-2,1.771450132E2
3.178170208E2,2.490332401E-2,6.746948930E-4,1.580602140E-3,9.996883869E-1,1.771459942E2,1.829930657E-1,-7.277968579E-2,1.771458738E2
3.178220208E2,2.490597913E-2,6.730986643E-4,1.577142044E-3,9.996883273E-1,1.771456899E2,1.825923272E-1,-7.260621798E-2,1.771455700E2
3.178270208E2,2.492107403E-2,6.635599420E-4,1.569402870E-3,9.996879697E-1,1.771439596E2,1.816796098E-1,-7.153284661E-2,1.771438420E2
3.178320208E2,2.492097622E-2,6.629448035E-4,1.571214874E-3,9.996879697E-1,1.771439708E2,1.818854222E-1,-7.145722184E-2,1.771438532E2
3.178370208E2,2.492073295E-2,6.627867697E-4,1.575135160E-3,9.996879697E-1,1.771439987E2,1.823340465E-1,-7.142796675E-2,1.771438809E2
3.178420208E2,2.492832235E-2,6.585170631E-4,1.570313470E-3,9.996877909E-1,1.771431287E2,1.817700362E-1,-7.095123688E-2,1.771430121E2
3.178470208E2,2.492850234E-2,6.577888271E-4,1.567759318E-3,9.996877909E-1,1.771431081E2,1.814753746E-1,-7.087507696E-2,1.771429917E2
3.178520208E2,2.492092839E-2,6.628200645E-4,1.572025940E-3,9.996879697E-1,1.771439763E2,1.819779751E-1,-7.144062468E-2,1.771438587E2
3.178570208E2,2.491577702E-2,6.672882009E-4,1.575977658E-3,9.996880889E-1,1.771445668E2,1.824430595E-1,-7.194213042E-2,1.771444481E2
3.178620208E2,2.492105879E-2,6.626781542E-4,1.570017310E-3,9.996879697E-1,1.771439613E2,1.817474782E-1,-7.143008067E-2,1.771438439E2
3.178670208E2,2.492393213E-2,6.608573603E-4,1.563110505E-3,9.996879101E-1,1.771436320E2,1.809512655E-1,-7.124070289E-2,1.771435154E2
3.178720208E2,2.492106044E-2,6.630623830E-4,1.569828950E-3,9.996879697E-1,1.771439612E2,1.817269979E-1,-7.147463395E-2,1.771438437E2
3.178770208E2,2.492086394E-2,6.635664613E-4,1.572732697E-3,9.996879697E-1,1.771439837E2,1.820610657E-1,-7.152412214E-2,1.771438659E2
3.178820208E2,2.492130520E-2,6.623725640E-4,1.566230436E-3,9.996879697E-1,1.771439331E2,1.813128132E-1,-7.140584363E-2,1.771438160E2
3.178870208E2,2.491889537E-2,6.642923690E-4,1.565715531E-3,9.996880293E-1,1.771442093E2,1.812591382E-1,-7.162767597E-2,1.771440919E2
3.178920208E2,2.491612527E-2,6.663710228E-4,1.570851658E-3,9.996880889E-1,1.771445269E2,1.818532505E-1,-7.185163501E-2,1.771444087E2
3.178970208E2,2.491596192E-2,6.658618804E-4,1.573655987E-3,9.996880889E-1,1.771445456E2,1.821730381E-1,-7.178533233E-2,1.771444273E2
3.179020208E2,2.492131723E-2,6.629183190E-4,1.565808081E-3,9.996879697E-1,1.771439317E2,1.812659894E-1,-7.146956708E-2,1.771438145E2
3.179070208E2,2.491887610E-2,6.640733918E-4,1.566115068E-3,9.996880293E-1,1.771442115E2,1.813042809E-1,-7.160145342E-2,1.771440941E2
3.179120208E2,2.490893078E-2,6.717286306E-4,1.568870735E-3,9.996882677E-1,1.771453515E2,1.816411008E-1,-7.247234370E-2,1.771452325E2
3.179170208E2,2.491192716E-2,6.697736098E-4,1.560085802E-3,9.996882081E-1,1.771450081E2,1.806293678E-1,-7.227291957E-2,1.771448900E2
3.179220208E2,2.490951867E-2,6.705868873E-4,1.560000121E-3,9.996882677E-1,1.771452842E2,1.806217000E-1,-7.236676504E-2,1.771451660E2
3.179270208E2,2.490903032E-2,6.710502203E-4,1.567580155E-3,9.996882677E-1,1.771453401E2,1.814913273E-1,-7.239829368E-2,1.771452213E2
3.179320208E2,2.491112431E-2,6.695655757E-4,1.572942128E-3,9.996882081E-1,1.771451001E2,1.821014877E-1,-7.221253179E-2,1.771449812E2
3.179370208E2,2.491136740E-2,6.696014316E-4,1.569072250E-3,9.996882081E-1,1.771450722E2,1.816582891E-1,-7.222764257E-2,1.771449536E2
3.179420208E2,2.491141189E-2,6.693388568E-4,1.568477717E-3,9.996882081E-1,1.771450671E2,1.815894352E-1,-7.219925226E-2,1.771449486E2
3.179470208E2,2.490121733E-2,6.757857627E-4,1.575620496E-3,9.996884465E-1,1.771462357E2,1.824253471E-1,-7.291925257E-2,1.771461154E2
3.179520208E2,2.490124188E-2,6.755883223E-4,1.575317117E-3,9.996884465E-1,1.771462329E2,1.823900315E-1,-7.289749585E-2,1.771461127E2
3.179570208E2,2.490430809E-2,6.749062450E-4,1.564929145E-3,9.996883869E-1,1.771458814E2,1.811983015E-1,-7.284844717E-2,1.771457621E2
3.179620208E2,2.490904664E-2,6.717041833E-4,1.567040570E-3,9.996882677E-1,1.771453383E2,1.814313826E-1,-7.247474627E-2,1.771452194E2
3.179670208E2,2.491126123E-2,6.693289615E-4,1.570873079E-3,9.996882081E-1,1.771450844E2,1.818637996E-1,-7.219130792E-2,1.771449657E2
3.179720208E2,2.491876194E-2,6.651696167E-4,1.567465602E-3,9.996880293E-1,1.771442246E2,1.814621154E-1,-7.172319650E-2,1.771441069E2
3.179770208E2,2.491649474E-2,6.665000692E-4,1.564925304E-3,9.996880889E-1,1.771444845E2,1.811747450E-1,-7.188327259E-2,1.771443667E2
3.179820208E2,2.491650144E-2,6.662783562E-4,1.564913080E-3,9.996880889E-1,1.771444837E2,1.811727120E-1,-7.185790776E-2,1.771443660E2
3.179870208E2,2.491849709E-2,6.646568072E-4,1.571887289E-3,9.996880293E-1,1.771442550E2,1.819671634E-1,-7.165187281E-2,1.771441370E2
3.179920208E2,2.491856759E-2,6.641444634E-4,1.570986118E-3,9.996880293E-1,1.771442469E2,1.818624706E-1,-7.159574136E-2,1.771441291E2
3.179970208E2,2.491852211E-2,6.656243932E-4,1.571081113E-3,9.996880293E-1,1.771442521E2,1.818775760E-1,-7.176501298E-2,1.771441341E2
3.180020208E2,2.491317263E-2,6.675706245E-4,1.579218311E-3,9.996881485E-1,1.771448653E2,1.828149153E-1,-7.196570706E-2,1.771447463E2
3.180070208E2,2.490807758E-2,6.710441667E-4,1.582649071E-3,9.996882677E-1,1.771454493E2,1.832174790E-1,-7.235476077E-2,1.771453294E2
3.180120208E2,2.490572985E-2,6.725084968E-4,1.581324846E-3,9.996883273E-1,1.771457185E2,1.830697907E-1,-7.252671817E-2,1.771455984E2
3.180170208E2,2.491789661E-2,6.656721816E-4,1.580950688E-3,9.996880293E-1,1.771443238E2,1.830082884E-1,-7.174241863E-2,1.771442050E2
3.180220208E2,2.491267076E-2,6.685521803E-4,1.586702536E-3,9.996881485E-1,1.771449228E2,1.836750460E-1,-7.205687505E-2,1.771448031E2
3.180270208E2,2.490555360E-2,6.731869071E-4,1.583810081E-3,9.996883273E-1,1.771457387E2,1.833564133E-1,-7.259737325E-2,1.771456183E2
3.180320208E2,2.490842915E-2,6.720023230E-4,1.576698269E-3,9.996882677E-1,1.771454090E2,1.825385383E-1,-7.248144486E-2,1.771452894E2
3.180370208E2,2.490344192E-2,6.751708570E-4,1.578539843E-3,9.996883869E-1,1.771459807E2,1.827581837E-1,-7.284007417E-2,1.771458603E2
3.180420208E2,2.490551207E-2,6.736142095E-4,1.584281446E-3,9.996883273E-1,1.771457434E2,1.834116278E-1,-7.264498556E-2,1.771456229E2
3.180470208E2,2.490327763E-2,6.744820857E-4,1.581423450E-3,9.996883869E-1,1.771459995E2,1.830865412E-1,-7.275297208E-2,1.771458791E2
3.180520208E2,2.490327896E-2,6.749415770E-4,1.581206452E-3,9.996883869E-1,1.771459994E2,1.830629942E-1,-7.280622854E-2,1.771458789E2
3.180570208E2,2.490766187E-2,6.719312514E-4,1.588803367E-3,9.996882677E-1,1.771454970E2,1.839249940E-1,-7.243889133E-2,1.771453765E2
3.180620208E2,2.490994641E-2,6.707358989E-4,1.590994303E-3,9.996882081E-1,1.771452351E2,1.841727324E-1,-7.229528214E-2,1.771451147E2
3.180670208E2,2.490785285E-2,6.715078489E-4,1.585985767E-3,9.996882677E-1,1.771454751E2,1.836010256E-1,-7.239839538E-2,1.771453549E2
3.180720208E2,2.491008814E-2,6.704675616E-4,1.588886837E-3,9.996882081E-1,1.771452189E2,1.839305532E-1,-7.227053240E-2,1.771450986E2
3.180770208E2,2.490722593E-2,6.710409070E-4,1.595997484E-3,9.996882677E-1,1.771455470E2,1.847465519E-1,-7.231644331E-2,1.771454261E2
3.180820208E2,2.490944231E-2,6.706465501E-4,1.598904841E-3,9.996882081E-1,1.771452929E2,1.850786421E-1,-7.226255866E-2,1.771451719E2
3.180870208E2,2.490729912E-2,6.718571531E-4,1.594511094E-3,9.996882677E-1,1.771455386E2,1.845786118E-1,-7.241417816E-2,1.771454177E2
3.180920208E2,2.490480128E-2,6.727720611E-4,1.595771289E-3,9.996883273E-1,1.771458249E2,1.847254055E-1,-7.251585084E-2,1.771457037E2
3.180970208E2,2.490698981E-2,6.712318282E-4,1.599597977E-3,9.996882677E-1,1.771455740E2,1.851595386E-1,-7.232808135E-2,1.771454529E2
3.181020208E2,2.490965165E-2,6.694389158E-4,1.596147078E-3,9.996882081E-1,1.771452689E2,1.847592909E-1,-7.213205050E-2,1.771451483E2
3.181070208E2,2.490738752E-2,6.719190860E-4,1.593103516E-3,9.996882677E-1,1.771455284E2,1.844175482E-1,-7.242527427E-2,1.771454076E2
3.181120208E2,2.491186540E-2,6.678767968E-4,1.599579467E-3,9.996881485E-1,1.771450152E2,1.851481922E-1,-7.194289264E-2,1.771448946E2
3.181170208E2,2.491892678E-2,6.638152990E-4,1.603030018E-3,9.996879697E-1,1.771442057E2,1.855323831E-1,-7.146646307E-2,1.771440857E2
3.181220208E2,2.491421345E-2,6.670205621E-4,1.600617194E-3,9.996880889E-1,1.771447460E2,1.852647943E-1,-7.184140828E-2,1.771446256E2
3.181270208E2,2.491963560E-2,6.633008597E-4,1.592187677E-3,9.996879697E-1,1.771441245E2,1.842889074E-1,-7.143836200E-2,1.771440053E2
3.181320208E2,2.492651938E-2,6.595473387E-4,1.598253148E-3,9.996877909E-1,1.771433354E2,1.849735136E-1,-7.098977935E-2,1.771432165E2
3.181370208E2,2.492141505E-2,6.615792518E-4,1.602443401E-3,9.996879101E-1,1.771439205E2,1.854589740E-1,-7.121152433E-2,1.771438010E2
3.181420208E2,2.492397119E-2,6.607881514E-4,1.600197284E-3,9.996878505E-1,1.771436275E2,1.851995897E-1,-7.112684033E-2,1.771435083E2
3.181470208E2,2.492658233E-2,6.582283531E-4,1.597815077E-3,9.996877909E-1,1.771433282E2,1.849195664E-1,-7.083992158E-2,1.771432096E2
3.181520208E2,2.493393259E-2,6.536772707E-4,1.596875605E-3,9.996876121E-1,1.771424857E2,1.847994600E-1,-7.031989345E-2,1.771423680E2
3.181570208E2,2.493661018E-2,6.527633523E-4,1.592747634E-3,9.996875525E-1,1.771421787E2,1.843241521E-1,-7.022650011E-2,1.771420615E2
3.181620208E2,2.493453560E-2,6.541691837E-4,1.587229432E-3,9.996876121E-1,1.771424165E2,1.836958797E-1,-7.040369652E-2,1.771422995E2
3.181670208E2,2.493234165E-2,6.559227477E-4,1.583424630E-3,9.996876717E-1,1.771426680E2,1.832648724E-1,-7.061585152E-2,1.771425509E2
3.181720208E2,2.492724205E-2,6.591677666E-4,1.587099745E-3,9.996877909E-1,1.771432526E2,1.836947896E-1,-7.097802396E-2,1.771431346E2
3.181770208E2,2.492260695E-2,6.616323371E-4,1.583775738E-3,9.996879101E-1,1.771437839E2,1.833207145E-1,-7.127070011E-2,1.771436657E2
3.181820208E2,2.491806470E-2,6.646788097E-4,1.578717725E-3,9.996880293E-1,1.771443045E2,1.827496640E-1,-7.163496757E-2,1.771441861E2
3.181870208E2,2.492498148E-2,6.609837874E-4,1.584301353E-3,9.996878505E-1,1.771435117E2,1.833792436E-1,-7.119446819E-2,1.771433936E2
3.181920208E2,2.491737472E-2,6.656606565E-4,1.589159830E-3,9.996880293E-1,1.771443836E2,1.839486261E-1,-7.171775316E-2,1.771442643E2
3.181970208E2,2.491770934E-2,6.651416188E-4,1.584122423E-3,9.996880293E-1,1.771443453E2,1.833701017E-1,-7.167261701E-2,1.771442264E2
3.182020208E2,2.491543330E-2,6.658865605E-4,1.581993187E-3,9.996880889E-1,1.771446062E2,1.831281485E-1,-7.176445136E-2,1.771444873E2
3.182070208E2,2.492254312E-2,6.623185473E-4,1.584493206E-3,9.996879101E-1,1.771437912E2,1.834048603E-1,-7.134727207E-2,1.771436728E2
3.182120208E2,2.492275319E-2,6.614903687E-4,1.581532182E-3,9.996879101E-1,1.771437671E2,1.830633062E-1,-7.126081770E-2,1.771436491E2
3.182170208E2,2.492814137E-2,6.579462788E-4,1.573422574E-3,9.996877909E-1,1.771431495E2,1.821245597E-1,-7.087700142E-2,1.771430327E2
3.182220208E2,2.492558996E-2,6.593525177E-4,1.575382892E-3,9.996878505E-1,1.771434419E2,1.823529624E-1,-7.103295968E-2,1.771433247E2
3.182270208E2,2.492785215E-2,6.588036777E-4,1.577640302E-3,9.996877909E-1,1.771431826E2,1.826101553E-1,-7.096322560E-2,1.771430654E2
3.182320208E2,2.493260759E-2,6.549205864E-4,1.579647418E-3,9.996876717E-1,1.771426375E2,1.828293248E-1,-7.051179158E-2,1.771425209E2
3.182370208E2,2.493025304E-2,6.565893418E-4,1.578394789E-3,9.996877313E-1,1.771429074E2,1.826904302E-1,-7.070696648E-2,1.771427905E2
3.182420208E2,2.492546604E-2,6.606039242E-4,1.576818759E-3,9.996878505E-1,1.771434562E2,1.825210157E-1,-7.117223682E-2,1.771433386E2
3.182470208E2,2.492775832E-2,6.580696790E-4,1.579428208E-3,9.996877909E-1,1.771431934E2,1.828128674E-1,-7.087405154E-2,1.771430761E2
3.182520208E2,2.493054278E-2,6.573174614E-4,1.573507790E-3,9.996877313E-1,1.771428742E2,1.821326953E-1,-7.080428579E-2,1.771427575E2
3.182570208E2,2.492326681E-2,6.610410637E-4,1.573606045E-3,9.996879101E-1,1.771437082E2,1.821540716E-1,-7.123189113E-2,1.771435908E2
3.182620208E2,2.493064738E-2,6.561225164E-4,1.572348760E-3,9.996877313E-1,1.771428622E2,1.819965145E-1,-7.067069013E-2,1.771427458E2
3.182670208E2,2.493552153E-2,6.533639971E-4,1.571999281E-3,9.996876121E-1,1.771423035E2,1.819489409E-1,-7.035479704E-2,1.771421877E2
3.182720208E2,2.492597727E-2,6.603124784E-4,1.568839303E-3,9.996878505E-1,1.771433975E2,1.816061237E-1,-7.116154941E-2,1.771432806E2
3.182770208E2,2.493110594E-2,6.570150144E-4,1.564686536E-3,9.996877313E-1,1.771428097E2,1.811213422E-1,-7.079473857E-2,1.771426937E2
3.182820208E2,2.494037766E-2,6.503009936E-4,1.572041772E-3,9.996874928E-1,1.771417469E2,1.819453954E-1,-7.000290698E-2,1.771416316E2
3.182870208E2,2.493532193E-2,6.538715679E-4,1.574951573E-3,9.996876121E-1,1.771423264E2,1.822885806E-1,-7.040454238E-2,1.771422102E2
3.182920208E2,2.492358183E-2,6.617368199E-4,1.568315434E-3,9.996879101E-1,1.771436721E2,1.815500093E-1,-7.132664745E-2,1.771435550E2
3.182970208E2,2.492853705E-2,6.579698529E-4,1.567131258E-3,9.996877909E-1,1.771431041E2,1.814039461E-1,-7.089760242E-2,1.771429878E2
3.183020208E2,2.493350605E-2,6.541461917E-4,1.565725659E-3,9.996876717E-1,1.771425345E2,1.812323524E-1,-7.046269434E-2,1.771424190E2
3.183070208E2,2.493343211E-2,6.548272213E-4,1.566618215E-3,9.996876717E-1,1.771425430E2,1.813365410E-1,-7.053817336E-2,1.771424273E2
3.183120208E2,2.493362135E-2,6.546778604E-4,1.563666039E-3,9.996876717E-1,1.771425213E2,1.809979376E-1,-7.052946414E-2,1.771424058E2
3.183170208E2,2.493323026E-2,6.552734994E-4,1.569641288E-3,9.996876717E-1,1.771425662E2,1.816841135E-1,-7.058069603E-2,1.771424501E2
3.183220208E2,2.493067094E-2,6.561984192E-4,1.571943518E-3,9.996877313E-1,1.771428595E2,1.819503101E-1,-7.068053871E-2,1.771427432E2
3.183270208E2,2.492850985E-2,6.589579280E-4,1.567148836E-3,9.996877909E-1,1.771431072E2,1.814087808E-1,-7.101074688E-2,1.771429907E2
3.183320208E2,2.492365054E-2,6.619324558E-4,1.567140454E-3,9.996879101E-1,1.771436643E2,1.814159718E-1,-7.135240214E-2,1.771435472E2
3.183370208E2,2.492096901E-2,6.631387514E-4,1.571247471E-3,9.996879697E-1,1.771439716E2,1.818897097E-1,-7.147934793E-2,1.771438540E2
3.183420208E2,2.492072306E-2,6.632286822E-4,1.575105591E-3,9.996879697E-1,1.771439998E2,1.823319205E-1,-7.147867666E-2,1.771438819E2
3.183470208E2,2.491635853E-2,6.660473882E-4,1.567284926E-3,9.996880889E-1,1.771445001E2,1.814437518E-1,-7.182470253E-2,1.771443822E2
3.183520208E2,2.491856410E-2,6.651647273E-4,1.570609747E-3,9.996880293E-1,1.771442473E2,1.818222685E-1,-7.171369395E-2,1.771441294E2
3.183570208E2,2.492558652E-2,6.593526923E-4,1.575437258E-3,9.996878505E-1,1.771434423E2,1.823591906E-1,-7.103282502E-2,1.771433251E2
3.183620208E2,2.492543816E-2,6.607105024E-4,1.577214687E-3,9.996878505E-1,1.771434593E2,1.825666742E-1,-7.118332015E-2,1.771433418E2
3.183670208E2,2.491863926E-2,6.643603556E-4,1.569757471E-3,9.996880293E-1,1.771442387E2,1.817223432E-1,-7.162396855E-2,1.771441210E2
3.183720208E2,2.492315410E-2,6.613779115E-4,1.575248782E-3,9.996879101E-1,1.771437212E2,1.823432113E-1,-7.126580771E-2,1.771436036E2
3.183770208E2,2.493019486E-2,6.563597708E-4,1.579408767E-3,9.996877313E-1,1.771429141E2,1.828059276E-1,-7.067778158E-2,1.771427972E2
3.183820208E2,2.492546762E-2,6.605185918E-4,1.576829469E-3,9.996878505E-1,1.771434560E2,1.825219990E-1,-7.116243062E-2,1.771433384E2
3.183870208E2,2.492587693E-2,6.593758008E-4,1.570826164E-3,9.996878505E-1,1.771434091E2,1.818310479E-1,-7.104859046E-2,1.771432922E2
3.183920208E2,2.494026921E-2,6.494790432E-4,1.574100694E-3,9.996874928E-1,1.771417593E2,1.821789004E-1,-6.990288301E-2,1.771416440E2
3.183970208E2,2.493979935E-2,6.502810284E-4,1.581198070E-3,9.996874928E-1,1.771418132E2,1.829942078E-1,-6.997455631E-2,1.771416972E2
3.184020208E2,2.493999452E-2,6.509023369E-4,1.577860559E-3,9.996874928E-1,1.771417908E2,1.826136650E-1,-7.005523379E-2,1.771416750E2
3.184070208E2,2.493993499E-2,6.498905132E-4,1.579217962E-3,9.996874928E-1,1.771417976E2,1.827662676E-1,-6.993545490E-2,1.771416819E2
3.184120208E2,2.494470030E-2,6.462530582E-4,1.580908662E-3,9.996873736E-1,1.771412514E2,1.829498821E-1,-6.951305925E-2,1.771411362E2
3.184170208E2,2.493960489E-2,6.506506470E-4,1.584110432E-3,9.996874928E-1,1.771418355E2,1.833288795E-1,-7.000861036E-2,1.771417193E2
3.184220208E2,2.492544124E-2,6.598418113E-4,1.577529707E-3,9.996878505E-1,1.771434590E2,1.826002804E-1,-7.108290615E-2,1.771433415E2
3.184270208E2,2.492562129E-2,6.595170125E-4,1.574818278E-3,9.996878505E-1,1.771434384E2,1.822887544E-1,-7.105341056E-2,1.771433212E2
3.184320208E2,2.492525418E-2,6.595355808E-4,1.580610289E-3,9.996878505E-1,1.771434804E2,1.829522920E-1,-7.103906062E-2,1.771433628E2
3.184370208E2,2.492029549E-2,6.631294382E-4,1.581897493E-3,9.996879697E-1,1.771440488E2,1.831096609E-1,-7.144798949E-2,1.771439305E2
3.184420208E2,2.491528765E-2,6.664422690E-4,1.584051643E-3,9.996880889E-1,1.771446229E2,1.833655337E-1,-7.182226040E-2,1.771445037E2
3.184470208E2,2.491753776E-2,6.653685123E-4,1.586723840E-3,9.996880293E-1,1.771443649E2,1.836687458E-1,-7.169121220E-2,1.771442458E2
3.184520208E2,2.492265058E-2,6.623124355E-4,1.582804602E-3,9.996879101E-1,1.771437789E2,1.832114105E-1,-7.135137495E-2,1.771436606E2
3.184570208E2,2.492041479E-2,6.634276942E-4,1.579891890E-3,9.996879697E-1,1.771440352E2,1.828807670E-1,-7.148786220E-2,1.771439169E2
3.184620208E2,2.491303012E-2,6.678993814E-4,1.581326127E-3,9.996881485E-1,1.771448816E2,1.830573071E-1,-7.199737644E-2,1.771447624E2
3.184670208E2,2.492050226E-2,6.631466094E-4,1.578629715E-3,9.996879697E-1,1.771440251E2,1.827353806E-1,-7.145925082E-2,1.771439070E2
3.184720208E2,2.492786263E-2,6.584518705E-4,1.577621559E-3,9.996877909E-1,1.771431814E2,1.826070039E-1,-7.092297567E-2,1.771430642E2
3.184770208E2,2.492553958E-2,6.592707359E-4,1.576214097E-3,9.996878505E-1,1.771434477E2,1.824479449E-1,-7.102122605E-2,1.771433305E2
3.184820208E2,2.492289627E-2,6.615485181E-4,1.579251490E-3,9.996879101E-1,1.771437507E2,1.828022151E-1,-7.127396669E-2,1.771436328E2
3.184870208E2,2.493739689E-2,6.524609635E-4,1.580507378E-3,9.996875525E-1,1.771420886E2,1.829211468E-1,-7.022669409E-2,1.771419723E2
3.184920208E2,2.493277072E-2,6.545139477E-4,1.577239367E-3,9.996876717E-1,1.771426188E2,1.825523173E-1,-7.047205921E-2,1.771425024E2
3.184970208E2,2.492776841E-2,6.577827735E-4,1.579388510E-3,9.996877909E-1,1.771431922E2,1.828075009E-1,-7.084129639E-2,1.771430750E2
3.185020208E2,2.492520637E-2,6.603980437E-4,1.581004006E-3,9.996878505E-1,1.771434859E2,1.829998550E-1,-7.113674493E-2,1.771433681E2
3.185070208E2,2.492727931E-2,6.591890706E-4,1.586505678E-3,9.996877909E-1,1.771432483E2,1.836267990E-1,-7.098215461E-2,1.771431303E2
3.185120208E2,2.492253400E-2,6.611768622E-4,1.585113350E-3,9.996879101E-1,1.771437922E2,1.834726401E-1,-7.121471591E-2,1.771436740E2
3.185170208E2,2.492047256E-2,6.629044656E-4,1.579200150E-3,9.996879697E-1,1.771440285E2,1.828000337E-1,-7.142988820E-2,1.771439104E2
3.185220208E2,2.492520504E-2,6.595543819E-4,1.581377117E-3,9.996878505E-1,1.771434861E2,1.830401871E-1,-7.103903306E-2,1.771433684E2
3.185270208E2,2.492721855E-2,6.591895944E-4,1.587459818E-3,9.996877909E-1,1.771432553E2,1.837360988E-1,-7.097950021E-2,1.771431372E2
3.185320208E2,2.491536874E-2,6.659281207E-4,1.582992147E-3,9.996880889E-1,1.771446136E2,1.832426996E-1,-7.176637192E-2,1.771444946E2
3.185370208E2,2.491592119E-2,6.661192165E-4,1.574191963E-3,9.996880889E-1,1.771445502E2,1.822351694E-1,-7.181328875E-2,1.771444319E2
3.185420208E2,2.492303352E-2,6.619119085E-4,1.576931449E-3,9.996879101E-1,1.771437350E2,1.825374879E-1,-7.132219633E-2,1.771436172E2
3.185470208E2,2.492989285E-2,6.570280530E-4,1.583891688E-3,9.996877313E-1,1.771429487E2,1.833213618E-1,-7.074158526E-2,1.771428313E2
3.185520208E2,2.493508750E-2,6.536482251E-4,1.578751369E-3,9.996876121E-1,1.771423533E2,1.827232158E-1,-7.036814211E-2,1.771422369E2
3.185570208E2,2.494502883E-2,6.473850226E-4,1.575251692E-3,9.996873736E-1,1.771412137E2,1.823051007E-1,-6.965884324E-2,1.771410988E2
3.185620208E2,2.494992140E-2,6.442334852E-4,1.574711991E-3,9.996872544E-1,1.771406529E2,1.822346040E-1,-6.929846737E-2,1.771405386E2
3.185670208E2,2.494503646E-2,6.477106363E-4,1.574996975E-3,9.996873736E-1,1.771412128E2,1.822768527E-1,-6.969687091E-2,1.771410978E2
3.185720208E2,2.493787497E-2,6.510615931E-4,1.573525718E-3,9.996875525E-1,1.771420337E2,1.821173890E-1,-7.008625274E-2,1.771419182E2
3.185770208E2,2.493778500E-2,6.522621843E-4,1.574454014E-3,9.996875525E-1,1.771420441E2,1.822271560E-1,-7.022115095E-2,1.771419282E2
3.185820208E2,2.494004031E-2,6.502595497E-4,1.577401767E-3,9.996874928E-1,1.771417855E2,1.825592734E-1,-6.998290168E-2,1.771416699E2
3.185870208E2,2.493753005E-2,6.525780191E-4,1.578356489E-3,9.996875525E-1,1.771420733E2,1.826750931E-1,-7.024622583E-2,1.771419571E2
3.185920208E2,2.492796306E-2,6.584048388E-4,1.576053561E-3,9.996877909E-1,1.771431699E2,1.824272528E-1,-7.092204879E-2,1.771430528E2
3.185970208E2,2.492540623E-2,6.602823269E-4,1.577898511E-3,9.996878505E-1,1.771434630E2,1.826437850E-1,-7.113232273E-2,1.771433455E2
3.186020208E2,2.492290697E-2,6.608957192E-4,1.579355914E-3,9.996879101E-1,1.771437495E2,1.828123138E-1,-7.119888456E-2,1.771436317E2
3.186070208E2,2.491813276E-2,6.652230513E-4,1.577413641E-3,9.996880293E-1,1.771442967E2,1.826018322E-1,-7.170102504E-2,1.771441783E2
3.186120208E2,2.491563365E-2,6.671532174E-4,1.578299678E-3,9.996880889E-1,1.771445832E2,1.827086655E-1,-7.192006349E-2,1.771444643E2
3.186170208E2,2.491813445E-2,6.647189730E-4,1.577599440E-3,9.996880293E-1,1.771442965E2,1.826216772E-1,-7.164274906E-2,1.771441782E2
3.186220208E2,2.491556452E-2,6.667999551E-4,1.579539850E-3,9.996880889E-1,1.771445911E2,1.828497212E-1,-7.187606688E-2,1.771444722E2
3.186270208E2,2.491108549E-2,6.691440940E-4,1.573736081E-3,9.996882081E-1,1.771451046E2,1.821912338E-1,-7.216198915E-2,1.771449856E2
3.186320208E2,2.490863918E-2,6.714710034E-4,1.573603600E-3,9.996882677E-1,1.771453850E2,1.821825233E-1,-7.242937429E-2,1.771452656E2
3.186370208E2,2.491336077E-2,6.676230696E-4,1.576225273E-3,9.996881485E-1,1.771448437E2,1.824722076E-1,-7.198022562E-2,1.771447249E2
3.186420208E2,2.491113670E-2,6.704562693E-4,1.572366455E-3,9.996882081E-1,1.771450987E2,1.820380845E-1,-7.231620711E-2,1.771449796E2
3.186470208E2,2.490625847E-2,6.730416208E-4,1.572748995E-3,9.996883273E-1,1.771456579E2,1.820889337E-1,-7.261217080E-2,1.771455383E2
3.186520208E2,2.491145127E-2,6.703648251E-4,1.567413798E-3,9.996882081E-1,1.771450626E2,1.814704886E-1,-7.231981303E-2,1.771449439E2
3.186570208E2,2.490878707E-2,6.714320043E-4,1.571277506E-3,9.996882677E-1,1.771453680E2,1.819159541E-1,-7.243151951E-2,1.771452489E2
3.186620208E2,2.491132032E-2,6.689612055E-4,1.570092514E-3,9.996882081E-1,1.771450776E2,1.817733354E-1,-7.215139688E-2,1.771449590E2
3.186670208E2,2.491440529E-2,6.684998516E-4,1.559252501E-3,9.996881485E-1,1.771447240E2,1.805304501E-1,-7.212893449E-2,1.771446063E2
3.186720208E2,2.491443233E-2,6.673185271E-4,1.559326542E-3,9.996881485E-1,1.771447209E2,1.805355608E-1,-7.199339057E-2,1.771446034E2
3.186770208E2,2.492408573E-2,6.610284909E-4,1.560586970E-3,9.996879101E-1,1.771436144E2,1.806626787E-1,-7.126748684E-2,1.771434979E2
3.186820208E2,2.492137156E-2,6.636991166E-4,1.564612146E-3,9.996879697E-1,1.771439255E2,1.811312217E-1,-7.156241762E-2,1.771438082E2
3.186870208E2,2.491200910E-2,6.696779164E-4,1.558818039E-3,9.996882081E-1,1.771449987E2,1.804838704E-1,-7.226556177E-2,1.771448808E2
3.186920208E2,2.491683527E-2,6.663564127E-4,1.559555298E-3,9.996880889E-1,1.771444455E2,1.805591918E-1,-7.188208759E-2,1.771443281E2
3.186970208E2,2.492372673E-2,6.614999147E-4,1.566110994E-3,9.996879101E-1,1.771436555E2,1.812968107E-1,-7.130577852E-2,1.771435386E2
3.187020208E2,2.491414942E-2,6.673618918E-4,1.563821686E-3,9.996881485E-1,1.771447533E2,1.810506109E-1,-7.198557538E-2,1.771446355E2
3.187070208E2,2.491453592E-2,6.677526981E-4,1.557484502E-3,9.996881485E-1,1.771447090E2,1.803257909E-1,-7.204836793E-2,1.771445916E2
3.187120208E2,2.492378460E-2,6.607078831E-4,1.565524261E-3,9.996879101E-1,1.771436489E2,1.812273385E-1,-7.121671199E-2,1.771435321E2
3.187170208E2,2.492111353E-2,6.625928218E-4,1.569184125E-3,9.996879697E-1,1.771439551E2,1.816517919E-1,-7.142267485E-2,1.771438377E2
3.187220208E2,2.491159358E-2,6.688675494E-4,1.565790852E-3,9.996882081E-1,1.771450463E2,1.812803056E-1,-7.215289863E-2,1.771449280E2
3.187270208E2,2.492881014E-2,6.575447042E-4,1.562959980E-3,9.996877909E-1,1.771430728E2,1.809249053E-1,-7.086076590E-2,1.771429568E2
3.187320208E2,2.493088473E-2,6.570201367E-4,1.568205189E-3,9.996877313E-1,1.771428350E2,1.815244245E-1,-7.078531269E-2,1.771427188E2
3.187370208E2,2.491872671E-2,6.643840461E-4,1.568358624E-3,9.996880293E-1,1.771442287E2,1.815621706E-1,-7.163066108E-2,1.771441110E2
3.187420208E2,2.491646133E-2,6.662199157E-4,1.565576415E-3,9.996880889E-1,1.771444883E2,1.812485314E-1,-7.184932628E-2,1.771443706E2
3.187470208E2,2.492350332E-2,6.611741846E-4,1.569799613E-3,9.996879101E-1,1.771436811E2,1.817184184E-1,-7.125796953E-2,1.771435640E2
3.187520208E2,2.492329110E-2,6.612681900E-4,1.573125948E-3,9.996879101E-1,1.771437055E2,1.820997240E-1,-7.125927656E-2,1.771435881E2
3.187570208E2,2.492096155E-2,6.637708284E-4,1.571098925E-3,9.996879697E-1,1.771439725E2,1.818744976E-1,-7.155218163E-2,1.771438548E2
3.187620208E2,2.492610335E-2,6.605183007E-4,1.566748018E-3,9.996878505E-1,1.771433831E2,1.813671511E-1,-7.119107829E-2,1.771432663E2
3.187670208E2,2.493352320E-2,6.549527752E-4,1.565115293E-3,9.996876717E-1,1.771425326E2,1.811647373E-1,-7.055683406E-2,1.771424169E2
3.187720208E2,2.493362934E-2,6.543978234E-4,1.563655911E-3,9.996876717E-1,1.771425204E2,1.809959778E-1,-7.049741177E-2,1.771424050E2
3.187770208E2,2.493131309E-2,6.559572648E-4,1.561827026E-3,9.996877313E-1,1.771427859E2,1.807907602E-1,-7.068169940E-2,1.771426703E2
3.187820208E2,2.493140244E-2,6.566219381E-4,1.560120611E-3,9.996877313E-1,1.771427757E2,1.805971852E-1,-7.076270074E-2,1.771426601E2
3.187870208E2,2.493609410E-2,6.530091050E-4,1.563038793E-3,9.996876121E-1,1.771422379E2,1.809214883E-1,-7.033964324E-2,1.771421227E2
3.187920208E2,2.492378381E-2,6.621988141E-4,1.564906794E-3,9.996879101E-1,1.771436490E2,1.811608625E-1,-7.138927058E-2,1.771435320E2
3.187970208E2,2.491694893E-2,6.669528666E-4,1.557483105E-3,9.996880889E-1,1.771444324E2,1.803235208E-1,-7.195631127E-2,1.771443151E2
3.188020208E2,2.492238925E-2,6.626114482E-4,1.548782689E-3,9.996879697E-1,1.771438088E2,1.793148259E-1,-7.148284364E-2,1.771436929E2
3.188070208E2,2.491937922E-2,6.652942975E-4,1.557568088E-3,9.996880293E-1,1.771441539E2,1.803286943E-1,-7.176563142E-2,1.771440368E2
3.188120208E2,2.491443613E-2,6.679921644E-4,1.558977412E-3,9.996881485E-1,1.771447205E2,1.804974896E-1,-7.207155578E-2,1.771446028E2
3.188170208E2,2.491471305E-2,6.685089902E-4,1.554323244E-3,9.996881485E-1,1.771446887E2,1.799658215E-1,-7.214399950E-2,1.771445713E2
3.188220208E2,2.491950731E-2,6.644935347E-4,1.555859693E-3,9.996880293E-1,1.771441392E2,1.801307094E-1,-7.167875490E-2,1.771440224E2
3.188270208E2,2.491455916E-2,6.677362835E-4,1.557119656E-3,9.996881485E-1,1.771447064E2,1.802839504E-1,-7.204752503E-2,1.771445889E2
3.188320208E2,2.491942464E-2,6.650113501E-4,1.556962263E-3,9.996880293E-1,1.771441487E2,1.802584885E-1,-7.173493999E-2,1.771440317E2
3.188370208E2,2.491194885E-2,6.687707501E-4,1.560169738E-3,9.996882081E-1,1.771450056E2,1.806361214E-1,-7.215779255E-2,1.771448877E2
3.188420208E2,2.490693870E-2,6.724310224E-4,1.562202466E-3,9.996883273E-1,1.771455799E2,1.808790696E-1,-7.257220167E-2,1.771454612E2
3.188470208E2,2.491166976E-2,6.691539893E-4,1.564455917E-3,9.996882081E-1,1.771450376E2,1.811282039E-1,-7.218950915E-2,1.771449193E2
3.188520208E2,2.491200866E-2,6.690933951E-4,1.559076016E-3,9.996882081E-1,1.771449987E2,1.805117543E-1,-7.219786502E-2,1.771448809E2
3.188570208E2,2.490963416E-2,6.705650594E-4,1.558164251E-3,9.996882677E-1,1.771452709E2,1.804113358E-1,-7.236948425E-2,1.771451529E2
3.188620208E2,2.490680127E-2,6.721062236E-4,1.564531471E-3,9.996883273E-1,1.771455956E2,1.811449345E-1,-7.252837141E-2,1.771454768E2
3.188670208E2,2.490681858E-2,6.723791594E-4,1.564138685E-3,9.996883273E-1,1.771455937E2,1.811007188E-1,-7.256075577E-2,1.771454748E2
3.188720208E2,2.491430222E-2,6.684958353E-4,1.560900244E-3,9.996881485E-1,1.771447358E2,1.807191903E-1,-7.212378855E-2,1.771446180E2
3.188770208E2,2.491454438E-2,6.672065356E-4,1.557583106E-3,9.996881485E-1,1.771447081E2,1.803355277E-1,-7.198551876E-2,1.771445907E2
3.188820208E2,2.491891728E-2,6.648088456E-4,1.565147541E-3,9.996880293E-1,1.771442068E2,1.811955479E-1,-7.168845937E-2,1.771440893E2
3.188870208E2,2.491884675E-2,6.652142038E-4,1.566097839E-3,9.996880293E-1,1.771442149E2,1.813055630E-1,-7.173219462E-2,1.771440973E2
3.188920208E2,2.490929722E-2,6.704686675E-4,1.563582802E-3,9.996882677E-1,1.771453095E2,1.810317649E-1,-7.234303545E-2,1.771451911E2
3.188970208E2,2.491412460E-2,6.677000201E-4,1.564072794E-3,9.996881485E-1,1.771447562E2,1.810803405E-1,-7.202359752E-2,1.771446382E2
3.189020208E2,2.491648959E-2,6.662819069E-4,1.565100159E-3,9.996880889E-1,1.771444851E2,1.811941524E-1,-7.185778248E-2,1.771443673E2
3.189070208E2,2.491146794E-2,6.702670944E-4,1.567190629E-3,9.996882081E-1,1.771450607E2,1.814446455E-1,-7.230925147E-2,1.771449421E2
3.189120208E2,2.491881198E-2,6.643345114E-4,1.567024272E-3,9.996880293E-1,1.771442189E2,1.814091769E-1,-7.162878149E-2,1.771441014E2
3.189170208E2,2.492098815E-2,6.638788618E-4,1.570631168E-3,9.996879697E-1,1.771439694E2,1.818212237E-1,-7.156588849E-2,1.771438517E2
3.189220208E2,2.491623256E-2,6.664554821E-4,1.569112996E-3,9.996880889E-1,1.771445146E2,1.816543248E-1,-7.186625523E-2,1.771443965E2
3.189270208E2,2.490917619E-2,6.719827652E-4,1.564860344E-3,9.996882677E-1,1.771453234E2,1.811824288E-1,-7.251285941E-2,1.771452046E2
3.189320208E2,2.491359472E-2,6.683706888E-4,1.572205569E-3,9.996881485E-1,1.771448169E2,1.820138770E-1,-7.207730338E-2,1.771446983E2
3.189370208E2,2.491563473E-2,6.664405228E-4,1.578583731E-3,9.996880889E-1,1.771445831E2,1.827391705E-1,-7.183760892E-2,1.771444643E2
3.189420208E2,2.490824096E-2,6.722833496E-4,1.579548814E-3,9.996882677E-1,1.771454306E2,1.828658746E-1,-7.250553588E-2,1.771453107E2
3.189470208E2,2.490840089E-2,6.717622746E-4,1.577246934E-3,9.996882677E-1,1.771454123E2,1.826007040E-1,-7.245238495E-2,1.771452926E2
3.189520208E2,2.492051637E-2,6.638437044E-4,1.578113879E-3,9.996879697E-1,1.771440235E2,1.826782803E-1,-7.154057766E-2,1.771439053E2
3.189570208E2,2.491564305E-2,6.672923919E-4,1.578092459E-3,9.996880889E-1,1.771445821E2,1.826853253E-1,-7.193659669E-2,1.771444633E2
3.189620208E2,2.491350407E-2,6.676680641E-4,1.573939575E-3,9.996881485E-1,1.771448273E2,1.822105055E-1,-7.199187952E-2,1.771447087E2
3.189670208E2,2.491645876E-2,6.661955267E-4,1.565627637E-3,9.996880889E-1,1.771444886E2,1.812543294E-1,-7.184638658E-2,1.771443709E2
3.189720208E2,2.491621526E-2,6.662778906E-4,1.569463173E-3,9.996880889E-1,1.771445165E2,1.816939314E-1,-7.184491435E-2,1.771443985E2
3.189770208E2,2.490415367E-2,6.746317958E-4,1.567502739E-3,9.996883869E-1,1.771458991E2,1.814923281E-1,-7.280969054E-2,1.771457797E2
3.189820208E2,2.489716354E-2,6.790788611E-4,1.562576741E-3,9.996885657E-1,1.771467004E2,1.809402042E-1,-7.333445171E-2,1.771465804E2
3.189870208E2,2.489718944E-2,6.795902154E-4,1.561941695E-3,9.996885657E-1,1.771466974E2,1.808689168E-1,-7.339483755E-2,1.771465774E2
3.189920208E2,2.489960227E-2,6.770988693E-4,1.562710037E-3,9.996885061E-1,1.771464208E2,1.809500028E-1,-7.310681021E-2,1.771463013E2
3.189970208E2,2.489723737E-2,6.794401561E-4,1.561242854E-3,9.996885657E-1,1.771466919E2,1.807884355E-1,-7.337963259E-2,1.771465720E2
3.190020208E2,2.489263907E-2,6.826121244E-4,1.556843985E-3,9.996886849E-1,1.771472190E2,1.802932291E-1,-7.375638019E-2,1.771470988E2
3.190070208E2,2.489510866E-2,6.805535522E-4,1.556530129E-3,9.996886253E-1,1.771469359E2,1.802515838E-1,-7.352100857E-2,1.771468162E2
3.190120208E2,2.489520200E-2,6.806716556E-4,1.554984832E-3,9.996886253E-1,1.771469252E2,1.800749042E-1,-7.353892976E-2,1.771468056E2
3.190170208E2,2.489014642E-2,6.839010748E-4,1.557857729E-3,9.996887445E-1,1.771475047E2,1.804128528E-1,-7.390159512E-2,1.771473843E2
3.190220208E2,2.489271241E-2,6.822258583E-4,1.555840252E-3,9.996886849E-1,1.771472106E2,1.801771486E-1,-7.371498116E-2,1.771470906E2
3.190270208E2,2.489053431E-2,6.844582967E-4,1.551402151E-3,9.996887445E-1,1.771474603E2,1.796749440E-1,-7.398377190E-2,1.771473402E2
3.190320208E2,2.490002915E-2,6.783123245E-4,1.555364812E-3,9.996885061E-1,1.771463719E2,1.801120555E-1,-7.326670067E-2,1.771462526E2
3.190370208E2,2.489270057E-2,6.818884867E-4,1.556177624E-3,9.996886849E-1,1.771472120E2,1.802148333E-1,-7.367537299E-2,1.771470920E2
3.190420208E2,2.488787957E-2,6.856640102E-4,1.555047696E-3,9.996888041E-1,1.771477646E2,1.800958067E-1,-7.411197334E-2,1.771476440E2
3.190470208E2,2.488539093E-2,6.879438879E-4,1.555550378E-3,9.996888638E-1,1.771480498E2,1.801597098E-1,-7.437216168E-2,1.771479288E2
3.190520208E2,2.489015278E-2,6.840130663E-4,1.557706972E-3,9.996887445E-1,1.771475040E2,1.803959025E-1,-7.391485328E-2,1.771473835E2
3.190570208E2,2.487784172E-2,6.926062051E-4,1.559313037E-3,9.996890426E-1,1.771489152E2,1.806034775E-1,-7.489689141E-2,1.771487930E2
3.190620208E2,2.488287459E-2,6.896217819E-4,1.556755393E-3,9.996889234E-1,1.771483383E2,1.803023495E-1,-7.456139183E-2,1.771482168E2
3.190670208E2,2.489511637E-2,6.815734669E-4,1.555960393E-3,9.996886253E-1,1.771469350E2,1.801892274E-1,-7.363946984E-2,1.771468151E2
3.190720208E2,2.490247331E-2,6.762106786E-4,1.555459108E-3,9.996884465E-1,1.771460917E2,1.801170388E-1,-7.302523529E-2,1.771459729E2
3.190770208E2,2.489534910E-2,6.811933126E-4,1.552399248E-3,9.996886253E-1,1.771469084E2,1.797802085E-1,-7.360603863E-2,1.771467888E2
3.190820208E2,2.489309054E-2,6.822638679E-4,1.549761859E-3,9.996886849E-1,1.771471673E2,1.794809670E-1,-7.373660684E-2,1.771470477E2
3.190870208E2,2.489768821E-2,6.787038874E-4,1.554358169E-3,9.996885657E-1,1.771466402E2,1.799976840E-1,-7.331485043E-2,1.771465210E2
3.190920208E2,2.489292259E-2,6.819117116E-4,1.552611939E-3,9.996886849E-1,1.771471865E2,1.798064444E-1,-7.368816513E-2,1.771470668E2
3.190970208E2,2.489809444E-2,6.787109305E-4,1.547834370E-3,9.996885657E-1,1.771465937E2,1.792503921E-1,-7.333419804E-2,1.771464749E2
3.191020208E2,2.490773203E-2,6.720871315E-4,1.549651381E-3,9.996883273E-1,1.771454889E2,1.794403408E-1,-7.256848845E-2,1.771453712E2
3.191070208E2,2.490997375E-2,6.717165234E-4,1.552228001E-3,9.996882677E-1,1.771452320E2,1.797346133E-1,-7.251827552E-2,1.771451142E2
3.191120208E2,2.490304387E-2,6.759662647E-4,1.546404441E-3,9.996884465E-1,1.771460263E2,1.790791145E-1,-7.302297365E-2,1.771459082E2
3.191170208E2,2.490110481E-2,6.766610895E-4,1.538774697E-3,9.996885061E-1,1.771462486E2,1.782069210E-1,-7.312468937E-2,1.771461309E2
3.191220208E2,2.490822735E-2,6.721921382E-4,1.541623613E-3,9.996883273E-1,1.771454322E2,1.785210458E-1,-7.260334308E-2,1.771453150E2
3.191270208E2,2.491279949E-2,6.699126097E-4,1.546033076E-3,9.996882081E-1,1.771449081E2,1.790200008E-1,-7.232880459E-2,1.771447910E2
3.191320208E2,2.490786109E-2,6.726800348E-4,1.547317836E-3,9.996883273E-1,1.771454742E2,1.791747205E-1,-7.264304660E-2,1.771453565E2
3.191370208E2,2.491035118E-2,6.706138374E-4,1.546637737E-3,9.996882677E-1,1.771451887E2,1.790910933E-1,-7.240784668E-2,1.771450715E2
3.191420208E2,2.491238303E-2,6.701594102E-4,1.552622765E-3,9.996882081E-1,1.771449558E2,1.797755651E-1,-7.233833890E-2,1.771448382E2
3.191470208E2,2.490742294E-2,6.720767706E-4,1.554615796E-3,9.996883273E-1,1.771455244E2,1.800089933E-1,-7.255318708E-2,1.771454063E2
3.191520208E2,2.490494128E-2,6.744455895E-4,1.555019640E-3,9.996883869E-1,1.771458088E2,1.800618373E-1,-7.282384353E-2,1.771456903E2
3.191570208E2,2.491216022E-2,6.700094673E-4,1.556258299E-3,9.996882081E-1,1.771449814E2,1.801915938E-1,-7.231082324E-2,1.771448636E2
3.191620208E2,2.491183611E-2,6.698468933E-4,1.561507699E-3,9.996882081E-1,1.771450185E2,1.807924575E-1,-7.227727183E-2,1.771449004E2
3.191670208E2,2.491684402E-2,6.656048354E-4,1.559736556E-3,9.996880889E-1,1.771444445E2,1.805778105E-1,-7.179547087E-2,1.771443272E2
3.191720208E2,2.490702818E-2,6.729749148E-4,1.560540637E-3,9.996883273E-1,1.771455696E2,1.806902558E-1,-7.263923484E-2,1.771454510E2
3.191770208E2,2.489968417E-2,6.779143587E-4,1.561050653E-3,9.996885061E-1,1.771464115E2,1.807622431E-1,-7.320494942E-2,1.771462918E2
3.191820208E2,2.489944536E-2,6.777536473E-4,1.564924722E-3,9.996885061E-1,1.771464388E2,1.812055658E-1,-7.317552794E-2,1.771463190E2
3.191870208E2,2.489942567E-2,6.779286778E-4,1.565162209E-3,9.996885061E-1,1.771464411E2,1.812332694E-1,-7.319490464E-2,1.771463212E2
3.191920208E2,2.489747542E-2,6.792403292E-4,1.557529089E-3,9.996885657E-1,1.771466646E2,1.803624478E-1,-7.336729417E-2,1.771465450E2
3.191970208E2,2.490225702E-2,6.762026460E-4,1.558921533E-3,9.996884465E-1,1.771461165E2,1.805136424E-1,-7.301447332E-2,1.771459974E2
3.192020208E2,2.490417779E-2,6.747012958E-4,1.567089581E-3,9.996883869E-1,1.771458964E2,1.814451984E-1,-7.281882692E-2,1.771457769E2
3.192070208E2,2.490456043E-2,6.744270213E-4,1.561115379E-3,9.996883869E-1,1.771458525E2,1.807600614E-1,-7.280438793E-2,1.771457335E2
3.192120208E2,2.489533674E-2,6.802482530E-4,1.553011709E-3,9.996886253E-1,1.771469098E2,1.798476725E-1,-7.349603139E-2,1.771467903E2
3.192170208E2,2.489763590E-2,6.794795045E-4,1.554857125E-3,9.996885657E-1,1.771466462E2,1.800570518E-1,-7.340228776E-2,1.771465268E2
3.192220208E2,2.489492676E-2,6.802923745E-4,1.559550641E-3,9.996886253E-1,1.771469568E2,1.805968438E-1,-7.348250477E-2,1.771468368E2
3.192270208E2,2.489269131E-2,6.825473974E-4,1.556036877E-3,9.996886849E-1,1.771472130E2,1.802005891E-1,-7.375125828E-2,1.771470929E2
3.192320208E2,2.489991191E-2,6.777081871E-4,1.557503594E-3,9.996885061E-1,1.771463853E2,1.803553338E-1,-7.319141141E-2,1.771462660E2
3.192370208E2,2.489962804E-2,6.772659253E-4,1.562226913E-3,9.996885061E-1,1.771464179E2,1.808951365E-1,-7.312732135E-2,1.771462983E2
3.192420208E2,2.489718982E-2,6.788003375E-4,1.562278951E-3,9.996885657E-1,1.771466974E2,1.809052977E-1,-7.330339006E-2,1.771465775E2
3.192470208E2,2.489504725E-2,6.807000609E-4,1.557448064E-3,9.996886253E-1,1.771469430E2,1.803571524E-1,-7.353518432E-2,1.771468231E2
3.192520208E2,2.490226385E-2,6.760272663E-4,1.558888471E-3,9.996884465E-1,1.771461158E2,1.805093549E-1,-7.299447565E-2,1.771459966E2
3.192570208E2,2.490204215E-2,6.760496181E-4,1.562416321E-3,9.996884465E-1,1.771461412E2,1.809135397E-1,-7.298700883E-2,1.771460218E2
3.192620208E2,2.489973312E-2,6.783857825E-4,1.560064731E-3,9.996885061E-1,1.771464058E2,1.806506485E-1,-7.326175821E-2,1.771462862E2
3.192670208E2,2.490959071E-2,6.710798480E-4,1.558637246E-3,9.996882677E-1,1.771452759E2,1.804669868E-1,-7.242711396E-2,1.771451577E2
3.192720208E2,2.491648658E-2,6.658848142E-4,1.565317041E-3,9.996880889E-1,1.771444854E2,1.812178634E-1,-7.181167446E-2,1.771443677E2
3.192770208E2,2.491850649E-2,6.646646070E-4,1.571735018E-3,9.996880293E-1,1.771442539E2,1.819497428E-1,-7.165319944E-2,1.771441360E2
3.192820208E2,2.492097318E-2,6.636165781E-4,1.570979599E-3,9.996879697E-1,1.771439712E2,1.818603884E-1,-7.153485002E-2,1.771438535E2
3.192870208E2,2.492317762E-2,6.612063735E-4,1.574948779E-3,9.996879101E-1,1.771437185E2,1.823083559E-1,-7.124700958E-2,1.771436009E2
3.192920208E2,2.493016026E-2,6.574719446E-4,1.579492353E-3,9.996877313E-1,1.771429181E2,1.828186781E-1,-7.080495508E-2,1.771428009E2
3.192970208E2,2.493020788E-2,6.568671088E-4,1.578992349E-3,9.996877313E-1,1.771429126E2,1.827596748E-1,-7.073708738E-2,1.771427956E2
3.193020208E2,2.492318748E-2,6.608994445E-4,1.574921422E-3,9.996879101E-1,1.771437173E2,1.823043459E-1,-7.121192541E-2,1.771435999E2
3.193070208E2,2.492797599E-2,6.576592568E-4,1.576160314E-3,9.996877909E-1,1.771431684E2,1.824373529E-1,-7.083633073E-2,1.771430515E2
3.193120208E2,2.493297147E-2,6.543829804E-4,1.574117108E-3,9.996876717E-1,1.771425958E2,1.821942833E-1,-7.046594050E-2,1.771424796E2
3.193170208E2,2.493809373E-2,6.521312171E-4,1.569610904E-3,9.996875525E-1,1.771420087E2,1.816719954E-1,-7.021993233E-2,1.771418932E2
3.193220208E2,2.494071436E-2,6.495739217E-4,1.566992491E-3,9.996874928E-1,1.771417083E2,1.813649146E-1,-6.993398683E-2,1.771415935E2
3.193270208E2,2.494566381E-2,6.460553850E-4,1.565713319E-3,9.996873736E-1,1.771411409E2,1.812086648E-1,-6.953367695E-2,1.771410269E2
3.193320208E2,2.495268696E-2,6.414990057E-4,1.569839776E-3,9.996871948E-1,1.771403359E2,1.816688342E-1,-6.899864491E-2,1.771402224E2
3.193370208E2,2.494785548E-2,6.455479888E-4,1.569055486E-3,9.996873140E-1,1.771408897E2,1.815902322E-1,-6.946559949E-2,1.771407755E2
3.193420208E2,2.495318291E-2,6.419380079E-4,1.561756362E-3,9.996871948E-1,1.771402790E2,1.807441196E-1,-6.907195986E-2,1.771401660E2
3.193470208E2,2.497011954E-2,6.300146342E-4,1.562984311E-3,9.996867776E-1,1.771383376E2,1.808518376E-1,-6.769949352E-2,1.771382267E2
3.193520208E2,2.497701369E-2,6.253425381E-4,1.569062704E-3,9.996865988E-1,1.771375474E2,1.815352471E-1,-6.714563316E-2,1.771374369E2
3.193570208E2,2.497961146E-2,6.237145863E-4,1.566329272E-3,9.996865392E-1,1.771372496E2,1.812176302E-1,-6.696649494E-2,1.771371396E2
3.193620208E2,2.497723462E-2,6.262336392E-4,1.565185725E-3,9.996865988E-1,1.771375221E2,1.810936815E-1,-6.725877079E-2,1.771374117E2
3.193670208E2,2.498647841E-2,6.184712984E-4,1.572991372E-3,9.996863604E-1,1.771364625E2,1.819662590E-1,-6.634552593E-2,1.771363530E2
3.193720208E2,2.498857403E-2,6.177634932E-4,1.577852876E-3,9.996863008E-1,1.771362223E2,1.825212854E-1,-6.625014003E-2,1.771361126E2
3.193770208E2,2.498144876E-2,6.219159113E-4,1.575755887E-3,9.996864796E-1,1.771370390E2,1.822924788E-1,-6.673312718E-2,1.771369287E2
3.193820208E2,2.499102823E-2,6.157253520E-4,1.577544259E-3,9.996862411E-1,1.771359409E2,1.824802567E-1,-6.601709521E-2,1.771358317E2
3.193870208E2,2.499334791E-2,6.139551406E-4,1.579255215E-3,9.996861815E-1,1.771356750E2,1.826713395E-1,-6.580898369E-2,1.771355660E2
3.193920208E2,2.498850973E-2,6.177331670E-4,1.578882802E-3,9.996863008E-1,1.771362296E2,1.826391785E-1,-6.624372845E-2,1.771361199E2
3.193970208E2,2.498365972E-2,6.201140932E-4,1.579223084E-3,9.996864200E-1,1.771367856E2,1.826846556E-1,-6.651638885E-2,1.771366754E2
3.194020208E2,2.498596969E-2,6.185699604E-4,1.581012853E-3,9.996863604E-1,1.771365208E2,1.828854164E-1,-6.633395294E-2,1.771364108E2
3.194070208E2,2.499779569E-2,6.118078018E-4,1.585141406E-3,9.996860623E-1,1.771351652E2,1.833397787E-1,-6.554531935E-2,1.771350562E2
3.194120208E2,2.498806857E-2,6.177792093E-4,1.585831516E-3,9.996863008E-1,1.771362802E2,1.834352978E-1,-6.622918556E-2,1.771361700E2
3.194170208E2,2.498830080E-2,6.173792062E-4,1.582324156E-3,9.996863008E-1,1.771362536E2,1.830323785E-1,-6.619336388E-2,1.771361437E2
3.194220208E2,2.499314018E-2,6.138897734E-4,1.582564553E-3,9.996861815E-1,1.771356988E2,1.830502431E-1,-6.579205514E-2,1.771355896E2
3.194270208E2,2.499046849E-2,6.156158634E-4,1.586429076E-3,9.996862411E-1,1.771360051E2,1.834977150E-1,-6.597921042E-2,1.771358953E2
3.194320208E2,2.498564763E-2,6.191300927E-4,1.585875871E-3,9.996863604E-1,1.771365577E2,1.834440867E-1,-6.638425411E-2,1.771364473E2
3.194370208E2,2.498796319E-2,6.169808912E-4,1.587801613E-3,9.996863008E-1,1.771362923E2,1.836586910E-1,-6.613211163E-2,1.771361821E2
3.194420208E2,2.499267497E-2,6.153009599E-4,1.589349005E-3,9.996861815E-1,1.771357522E2,1.838314539E-1,-6.593436858E-2,1.771356422E2
3.194470208E2,2.499739552E-2,6.116252625E-4,1.591509674E-3,9.996860623E-1,1.771352111E2,1.840687525E-1,-6.550623929E-2,1.771351017E2
3.194520208E2,2.499053299E-2,6.154156290E-4,1.585490420E-3,9.996862411E-1,1.771359977E2,1.833896170E-1,-6.595894875E-2,1.771358880E2
3.194570208E2,2.500062223E-2,6.102098268E-4,1.578757539E-3,9.996860027E-1,1.771348412E2,1.826040757E-1,-6.538003359E-2,1.771347329E2
3.194620208E2,2.500039786E-2,6.091853720E-4,1.582701225E-3,9.996860027E-1,1.771348669E2,1.830528984E-1,-6.525141908E-2,1.771347586E2
3.194670208E2,2.499531209E-2,6.120896433E-4,1.586606144E-3,9.996861219E-1,1.771354499E2,1.835082177E-1,-6.557386582E-2,1.771353407E2
3.194720208E2,2.499079801E-2,6.166427629E-4,1.580829499E-3,9.996862411E-1,1.771359673E2,1.828592129E-1,-6.611282340E-2,1.771358577E2
3.194770208E2,2.498651198E-2,6.185093662E-4,1.572443056E-3,9.996863604E-1,1.771364586E2,1.819035573E-1,-6.635145072E-2,1.771363492E2
3.194820208E2,2.498862966E-2,6.172512658E-4,1.577172196E-3,9.996863008E-1,1.771362159E2,1.824418461E-1,-6.619340052E-2,1.771361064E2
3.194870208E2,2.498872952E-2,6.181094795E-4,1.575252856E-3,9.996863008E-1,1.771362044E2,1.822244387E-1,-6.629719177E-2,1.771360949E2
3.194920208E2,2.498672930E-2,6.191980210E-4,1.568714273E-3,9.996863604E-1,1.771364337E2,1.814783894E-1,-6.644097741E-2,1.771363244E2
3.194970208E2,2.498675770E-2,6.187409163E-4,1.568442327E-3,9.996863604E-1,1.771364305E2,1.814459293E-1,-6.638938701E-2,1.771363213E2
3.195020208E2,2.498904604E-2,6.168778636E-4,1.570708002E-3,9.996863008E-1,1.771361681E2,1.817002923E-1,-6.616906038E-2,1.771360592E2
3.195070208E2,2.498412964E-2,6.204674137E-4,1.571631758E-3,9.996864200E-1,1.771367317E2,1.818160666E-1,-6.657851245E-2,1.771366220E2
3.195120208E2,2.498633701E-2,6.185639068E-4,1.575199421E-3,9.996863604E-1,1.771364787E2,1.822194601E-1,-6.634983809E-2,1.771363691E2
3.195170208E2,2.499077642E-2,6.157738972E-4,1.581509481E-3,9.996862411E-1,1.771359698E2,1.829346189E-1,-6.601134652E-2,1.771358603E2
3.195220208E2,2.499064450E-2,6.160402554E-4,1.583489007E-3,9.996862411E-1,1.771359849E2,1.831621396E-1,-6.603621447E-2,1.771358752E2
3.195270208E2,2.498562948E-2,6.200787611E-4,1.585791237E-3,9.996863604E-1,1.771365598E2,1.834371066E-1,-6.649317510E-2,1.771364492E2
3.195320208E2,2.497590029E-2,6.264940021E-4,1.586232684E-3,9.996865988E-1,1.771376750E2,1.835053926E-1,-6.722859915E-2,1.771375632E2
3.195370208E2,2.498292134E-2,6.210071733E-4,1.590512926E-3,9.996864200E-1,1.771368702E2,1.839804825E-1,-6.658650896E-2,1.771367591E2
3.195420208E2,2.497859622E-2,6.247246056E-4,1.582038589E-3,9.996865392E-1,1.771373660E2,1.830200500E-1,-6.703741527E-2,1.771372548E2
3.195470208E2,2.497409078E-2,6.280002417E-4,1.576533425E-3,9.996866584E-1,1.771378824E2,1.823984735E-1,-6.742923828E-2,1.771377710E2
3.195520208E2,2.497424823E-2,6.275569322E-4,1.574214082E-3,9.996866584E-1,1.771378644E2,1.821315207E-1,-6.738506377E-2,1.771377532E2
3.195570208E2,2.498147883E-2,6.219116040E-4,1.575280796E-3,9.996864796E-1,1.771370356E2,1.822380440E-1,-6.673398834E-2,1.771369253E2
3.195620208E2,2.497213471E-2,6.283928524E-4,1.569551066E-3,9.996867180E-1,1.771381066E2,1.815995941E-1,-6.749455246E-2,1.771379956E2
3.195670208E2,2.497470900E-2,6.270073936E-4,1.567107043E-3,9.996866584E-1,1.771378116E2,1.813158248E-1,-6.734236745E-2,1.771377009E2
3.195720208E2,2.498429289E-2,6.204423844E-4,1.569044194E-3,9.996864200E-1,1.771367130E2,1.815195849E-1,-6.658302397E-2,1.771366034E2
3.195770208E2,2.498186948E-2,6.220109062E-4,1.569033950E-3,9.996864796E-1,1.771369908E2,1.815227407E-1,-6.676317640E-2,1.771368809E2
3.195820208E2,2.497961129E-2,6.240133080E-4,1.566213090E-3,9.996865392E-1,1.771372496E2,1.812051759E-1,-6.700104781E-2,1.771371396E2
3.195870208E2,2.497973452E-2,6.243293756E-4,1.564120292E-3,9.996865392E-1,1.771372355E2,1.809663464E-1,-6.704322362E-2,1.771371256E2
3.195920208E2,2.498184971E-2,6.222472875E-4,1.569255022E-3,9.996864796E-1,1.771369930E2,1.815487413E-1,-6.678962591E-2,1.771368831E2
3.195970208E2,2.497915527E-2,6.244368851E-4,1.573301153E-3,9.996865392E-1,1.771373019E2,1.820183381E-1,-6.702936395E-2,1.771371913E2
3.196020208E2,2.496949758E-2,6.300978130E-4,1.572855865E-3,9.996867776E-1,1.771384089E2,1.819828795E-1,-6.768088808E-2,1.771382973E2
3.196070208E2,2.497429383E-2,6.272320752E-4,1.573619898E-3,9.996866584E-1,1.771378592E2,1.820625267E-1,-6.734954178E-2,1.771377480E2
3.196120208E2,2.497133427E-2,6.287354627E-4,1.582098892E-3,9.996867180E-1,1.771381984E2,1.830379495E-1,-6.749803872E-2,1.771380864E2
3.196170208E2,2.496621894E-2,6.319058593E-4,1.586235478E-3,9.996868372E-1,1.771387848E2,1.835205463E-1,-6.785032743E-2,1.771386719E2
3.196220208E2,2.495920118E-2,6.372508360E-4,1.581837074E-3,9.996870160E-1,1.771395892E2,1.830314952E-1,-6.847649388E-2,1.771394757E2
3.196270208E2,2.496398687E-2,6.334107020E-4,1.583197620E-3,9.996868968E-1,1.771390406E2,1.831766952E-1,-6.803181615E-2,1.771389277E2
3.196320208E2,2.495859915E-2,6.381549174E-4,1.590945409E-3,9.996870160E-1,1.771396582E2,1.840774550E-1,-6.855412049E-2,1.771395439E2
3.196370208E2,2.494899894E-2,6.440150319E-4,1.589348656E-3,9.996872544E-1,1.771407586E2,1.839106347E-1,-6.923176328E-2,1.771406433E2
3.196420208E2,2.494430818E-2,6.463463069E-4,1.587045845E-3,9.996873736E-1,1.771412963E2,1.836531732E-1,-6.950626988E-2,1.771411807E2
3.196470208E2,2.495649930E-2,6.388673792E-4,1.586139784E-3,9.996870756E-1,1.771398989E2,1.835288353E-1,-6.864986744E-2,1.771397848E2
3.196520208E2,2.495176502E-2,6.426796899E-4,1.583947567E-3,9.996871948E-1,1.771404416E2,1.832882801E-1,-6.909372708E-2,1.771403269E2
3.196570208E2,2.495415276E-2,6.402221043E-4,1.584945479E-3,9.996871352E-1,1.771401679E2,1.833957336E-1,-6.880890507E-2,1.771400536E2
3.196620208E2,2.495664652E-2,6.393420044E-4,1.583630219E-3,9.996870756E-1,1.771398820E2,1.832427170E-1,-6.871138866E-2,1.771397680E2
3.196670208E2,2.495658504E-2,6.395380478E-4,1.584519632E-3,9.996870756E-1,1.771398891E2,1.833451611E-1,-6.873131416E-2,1.771397749E2
3.196720208E2,2.495438118E-2,6.407049368E-4,1.581149525E-3,9.996871352E-1,1.771401417E2,1.829622806E-1,-6.887502962E-2,1.771400276E2
3.196770208E2,2.495006587E-2,6.431956426E-4,1.572846202E-3,9.996872544E-1,1.771406363E2,1.820179090E-1,-6.918488483E-2,1.771405223E2
3.196820208E2,2.495969617E-2,6.377882673E-4,1.573789632E-3,9.996870160E-1,1.771395324E2,1.821111832E-1,-6.856098709E-2,1.771394194E2
3.196870208E2,2.496186548E-2,6.354862126E-4,1.578170224E-3,9.996869564E-1,1.771392838E2,1.826065697E-1,-6.828434752E-2,1.771391708E2
3.196920208E2,2.495919920E-2,6.368853501E-4,1.582015422E-3,9.996870160E-1,1.771395894E2,1.830508805E-1,-6.843411562E-2,1.771394759E2
3.196970208E2,2.495922442E-2,6.374602090E-4,1.581385848E-3,9.996870160E-1,1.771395865E2,1.829804051E-1,-6.850176511E-2,1.771394730E2
3.197020208E2,2.496147654E-2,6.360635161E-4,1.584078535E-3,9.996869564E-1,1.771393284E2,1.832850274E-1,-6.833365132E-2,1.771392149E2
3.197070208E2,2.496112509E-2,6.352558848E-4,1.589929685E-3,9.996869564E-1,1.771393687E2,1.839529777E-1,-6.822446003E-2,1.771392549E2
3.197120208E2,2.495120214E-2,6.425609463E-4,1.592837623E-3,9.996871948E-1,1.771405061E2,1.843063117E-1,-6.905480804E-2,1.771403908E2
3.197170208E2,2.495140753E-2,6.425865577E-4,1.589606632E-3,9.996871948E-1,1.771404825E2,1.839362694E-1,-6.906694260E-2,1.771403675E2
3.197220208E2,2.495868044E-2,6.374994991E-4,1.589932595E-3,9.996870160E-1,1.771396489E2,1.839595619E-1,-6.848192042E-2,1.771395347E2
3.197270208E2,2.495845336E-2,6.372294738E-4,1.593601191E-3,9.996870160E-1,1.771396749E2,1.843790339E-1,-6.844053654E-2,1.771395606E2
3.197320208E2,2.495105836E-2,6.424281164E-4,1.595141715E-3,9.996871948E-1,1.771405226E2,1.845698697E-1,-6.903303002E-2,1.771404072E2
3.197370208E2,2.495835430E-2,6.379768602E-4,1.594853238E-3,9.996870160E-1,1.771396863E2,1.845245945E-1,-6.852259117E-2,1.771395717E2
3.197420208E2,2.496063474E-2,6.363967550E-4,1.597155351E-3,9.996869564E-1,1.771394249E2,1.847839517E-1,-6.833457520E-2,1.771393104E2
3.197470208E2,2.495314481E-2,6.401951541E-4,1.600746997E-3,9.996871352E-1,1.771402834E2,1.852057471E-1,-6.876081763E-2,1.771401680E2
3.197520208E2,2.495074157E-2,6.430707872E-4,1.599831157E-3,9.996871948E-1,1.771405589E2,1.851088897E-1,-6.909330180E-2,1.771404430E2
3.197570208E2,2.495577493E-2,6.394226220E-4,1.597274211E-3,9.996870756E-1,1.771399819E2,1.848058898E-1,-6.868176400E-2,1.771398669E2
3.197620208E2,2.495529992E-2,6.392788491E-4,1.604735851E-3,9.996870756E-1,1.771400364E2,1.856602222E-1,-6.864404310E-2,1.771399209E2
3.197670208E2,2.494079291E-2,6.496279384E-4,1.603324432E-3,9.996874332E-1,1.771416993E2,1.855271207E-1,-6.983631930E-2,1.771415819E2
3.197720208E2,2.494589207E-2,6.460206350E-4,1.599777024E-3,9.996873140E-1,1.771411148E2,1.851107866E-1,-6.943227658E-2,1.771409984E2
3.197770208E2,2.495307939E-2,6.404260057E-4,1.601674128E-3,9.996871352E-1,1.771402909E2,1.853126113E-1,-6.878462396E-2,1.771401754E2
3.197820208E2,2.495763264E-2,6.380797713E-4,1.606065896E-3,9.996870160E-1,1.771397690E2,1.858093174E-1,-6.850244464E-2,1.771396536E2
3.197870208E2,2.495813388E-2,6.373045035E-4,1.598567003E-3,9.996870160E-1,1.771397115E2,1.849480906E-1,-6.843498777E-2,1.771395968E2
3.197920208E2,2.496310302E-2,6.347036106E-4,1.596559887E-3,9.996868968E-1,1.771391419E2,1.847110625E-1,-6.814186302E-2,1.771390279E2
3.197970208E2,2.495822715E-2,6.367750466E-4,1.597321359E-3,9.996870160E-1,1.771397008E2,1.848038864E-1,-6.837788089E-2,1.771395863E2
3.198020208E2,2.495816142E-2,6.376591627E-4,1.597995521E-3,9.996870160E-1,1.771397084E2,1.848836401E-1,-6.847724543E-2,1.771395937E2
3.198070208E2,2.496082319E-2,6.365255103E-4,1.594156027E-3,9.996869564E-1,1.771394033E2,1.844407421E-1,-6.835786935E-2,1.771392890E2
3.198120208E2,2.496098591E-2,6.357865059E-4,1.591901411E-3,9.996869564E-1,1.771393846E2,1.841803594E-1,-6.827963132E-2,1.771392707E2
3.198170208E2,2.495601300E-2,6.393624353E-4,1.593574299E-3,9.996870756E-1,1.771399546E2,1.843818867E-1,-6.868540651E-2,1.771398399E2
3.198220208E2,2.495069300E-2,6.423612358E-4,1.600873307E-3,9.996871948E-1,1.771405645E2,1.852262420E-1,-6.900904782E-2,1.771404487E2
3.198270208E2,2.494858785E-2,6.434423267E-4,1.596019720E-3,9.996872544E-1,1.771408058E2,1.846731797E-1,-6.914715955E-2,1.771406901E2
3.198320208E2,2.495862132E-2,6.374730146E-4,1.590870903E-3,9.996870160E-1,1.771396557E2,1.840669709E-1,-6.847621364E-2,1.771395415E2
3.198370208E2,2.496364270E-2,6.343292189E-4,1.588248764E-3,9.996868968E-1,1.771390801E2,1.837579387E-1,-6.812265057E-2,1.771389666E2
3.198420208E2,2.495636540E-2,6.388894399E-4,1.588236424E-3,9.996870756E-1,1.771399142E2,1.837690720E-1,-6.864642300E-2,1.771398000E2
3.198470208E2,2.495409861E-2,6.405679742E-4,1.585658058E-3,9.996871352E-1,1.771401741E2,1.834783492E-1,-6.884649866E-2,1.771400597E2
3.198520208E2,2.496133941E-2,6.364593282E-4,1.586079015E-3,9.996869564E-1,1.771393441E2,1.835153175E-1,-6.837329667E-2,1.771392304E2
3.198570208E2,2.495361132E-2,6.407094770E-4,1.593251363E-3,9.996871352E-1,1.771402299E2,1.843485797E-1,-6.884108430E-2,1.771401150E2
3.198620208E2,2.494934173E-2,6.437372067E-4,1.584071317E-3,9.996872544E-1,1.771407193E2,1.833053126E-1,-6.921496220E-2,1.771406044E2
3.198670208E2,2.494715007E-2,6.457772688E-4,1.580137876E-3,9.996873140E-1,1.771409706E2,1.828603940E-1,-6.946031007E-2,1.771408556E2
3.198720208E2,2.494947894E-2,6.435266696E-4,1.581994467E-3,9.996872544E-1,1.771407036E2,1.830668044E-1,-6.919675676E-2,1.771405889E2
3.198770208E2,2.495394017E-2,6.398998667E-4,1.588418847E-3,9.996871352E-1,1.771401922E2,1.837926928E-1,-6.876209735E-2,1.771400778E2
3.198820208E2,2.495398025E-2,6.408108748E-4,1.587421750E-3,9.996871352E-1,1.771401876E2,1.836810774E-1,-6.886930253E-2,1.771400731E2
3.198870208E2,2.495651232E-2,6.388043985E-4,1.585960272E-3,9.996870756E-1,1.771398974E2,1.835080918E-1,-6.864316364E-2,1.771397833E2
3.198920208E2,2.495125622E-2,6.422369624E-4,1.592120971E-3,9.996871948E-1,1.771404999E2,1.842232920E-1,-6.901973299E-2,1.771403847E2
3.198970208E2,2.494868674E-2,6.440755096E-4,1.594217378E-3,9.996872544E-1,1.771407944E2,1.844685277E-1,-6.922482898E-2,1.771406788E2
3.199020208E2,2.494874605E-2,6.447759224E-4,1.593005611E-3,9.996872544E-1,1.771407876E2,1.843317192E-1,-6.930851883E-2,1.771406719E2
3.199070208E2,2.494168497E-2,6.493862020E-4,1.589485793E-3,9.996874332E-1,1.771415970E2,1.839411913E-1,-6.984801542E-2,1.771414807E2
3.199120208E2,2.494152009E-2,6.489739753E-4,1.592238899E-3,9.996874332E-1,1.771416159E2,1.842553866E-1,-6.979295386E-2,1.771414995E2
3.199170208E2,2.493175352E-2,6.554373540E-4,1.592857996E-3,9.996876717E-1,1.771427354E2,1.843440940E-1,-7.053340270E-2,1.771426177E2
3.199220208E2,2.493438953E-2,6.530388491E-4,1.589987194E-3,9.996876121E-1,1.771424333E2,1.840085580E-1,-7.026635698E-2,1.771423162E2
3.199270208E2,2.492720224E-2,6.580862100E-4,1.588173560E-3,9.996877909E-1,1.771432571E2,1.838147091E-1,-7.085106525E-2,1.771431393E2
3.199320208E2,2.493179099E-2,6.557889283E-4,1.592126559E-3,9.996876717E-1,1.771427311E2,1.842613105E-1,-7.057576045E-2,1.771426134E2
3.199370208E2,2.492924926E-2,6.572479033E-4,1.593898516E-3,9.996877313E-1,1.771430225E2,1.844682881E-1,-7.073830087E-2,1.771429044E2
3.199420208E2,2.492211039E-2,6.616803003E-4,1.591550419E-3,9.996879101E-1,1.771438408E2,1.842114538E-1,-7.125408124E-2,1.771437220E2
3.199470208E2,2.491919152E-2,6.636370672E-4,1.598983305E-3,9.996879697E-1,1.771441754E2,1.850683171E-1,-7.145755244E-2,1.771440557E2
3.199520208E2,2.491891720E-2,6.638633204E-4,1.603159006E-3,9.996879697E-1,1.771442068E2,1.855472960E-1,-7.147159763E-2,1.771440868E2
3.199570208E2,2.491904035E-2,6.634928868E-4,1.601397293E-3,9.996879697E-1,1.771441927E2,1.853444318E-1,-7.143417025E-2,1.771440729E2
3.199620208E2,2.491908667E-2,6.636098260E-4,1.600627787E-3,9.996879697E-1,1.771441874E2,1.852566174E-1,-7.144975516E-2,1.771440676E2
3.199670208E2,2.492617031E-2,6.584140356E-4,1.604153542E-3,9.996877909E-1,1.771433754E2,1.856461779E-1,-7.084316327E-2,1.771432564E2
3.199720208E2,2.493570484E-2,6.521917530E-4,1.607091282E-3,9.996875525E-1,1.771422825E2,1.859656079E-1,-7.012019944E-2,1.771421644E2
3.199770208E2,2.492868914E-2,6.568559911E-4,1.602795790E-3,9.996877313E-1,1.771430867E2,1.854863663E-1,-7.066809121E-2,1.771429680E2
3.199820208E2,2.493826337E-2,6.500404561E-4,1.605338533E-3,9.996874928E-1,1.771419892E2,1.857588506E-1,-6.987828905E-2,1.771418717E2
3.199870208E2,2.494517852E-2,6.461765151E-4,1.610802603E-3,9.996873140E-1,1.771411966E2,1.863742301E-1,-6.941874765E-2,1.771410794E2
3.199920208E2,2.494055224E-2,6.488077343E-4,1.607395126E-3,9.996874332E-1,1.771417269E2,1.859910824E-1,-6.973077039E-2,1.771416094E2
3.199970208E2,2.493836479E-2,6.510763778E-4,1.603342011E-3,9.996874928E-1,1.771419776E2,1.855331046E-1,-7.000264680E-2,1.771418600E2
3.200020208E2,2.494321096E-2,6.474268157E-4,1.603762386E-3,9.996873736E-1,1.771414221E2,1.855711678E-1,-6.958246738E-2,1.771413051E2
3.200070208E2,2.494541207E-2,6.461749435E-4,1.607182319E-3,9.996873140E-1,1.771411698E2,1.859595162E-1,-6.942887321E-2,1.771410528E2
3.200120208E2,2.494558805E-2,6.463378668E-4,1.604382996E-3,9.996873140E-1,1.771411496E2,1.856393147E-1,-6.945550663E-2,1.771410328E2
3.200170208E2,2.495290190E-2,6.411182112E-4,1.604160410E-3,9.996871352E-1,1.771403113E2,1.855993974E-1,-6.885684343E-2,1.771401955E2
3.200220208E2,2.495263743E-2,6.410853821E-4,1.608282095E-3,9.996871352E-1,1.771403416E2,1.860714493E-1,-6.884134588E-2,1.771402255E2
3.200270208E2,2.495764184E-2,6.375346566E-4,1.606139354E-3,9.996870160E-1,1.771397679E2,1.858161740E-1,-6.843978682E-2,1.771396527E2
3.200320208E2,2.496247163E-2,6.341268891E-4,1.606629230E-3,9.996868968E-1,1.771392143E2,1.858628738E-1,-6.804710850E-2,1.771390997E2
3.200370208E2,2.496776083E-2,6.318456726E-4,1.599499374E-3,9.996867776E-1,1.771386080E2,1.850399381E-1,-6.780519882E-2,1.771384943E2
3.200420208E2,2.497244405E-2,6.276628119E-4,1.602538512E-3,9.996866584E-1,1.771380712E2,1.853764362E-1,-6.731646423E-2,1.771379581E2
3.200470208E2,2.497717872E-2,6.249085418E-4,1.604190911E-3,9.996865392E-1,1.771375285E2,1.855581631E-1,-6.699533935E-2,1.771374157E2
3.200520208E2,2.497503203E-2,6.253921892E-4,1.600276213E-3,9.996865988E-1,1.771377745E2,1.851109514E-1,-6.706234641E-2,1.771376620E2
3.200570208E2,2.497251241E-2,6.278172950E-4,1.601412427E-3,9.996866584E-1,1.771380634E2,1.852478830E-1,-6.733737106E-2,1.771379503E2
3.200620208E2,2.497497191E-2,6.269022124E-4,1.600623596E-3,9.996865988E-1,1.771377814E2,1.851550643E-1,-6.723434505E-2,1.771376686E2
3.200670208E2,2.497033876E-2,6.300465320E-4,1.597217517E-3,9.996867180E-1,1.771383125E2,1.847735639E-1,-6.760514940E-2,1.771381993E2
3.200720208E2,2.496549548E-2,6.329325261E-4,1.597175025E-3,9.996868372E-1,1.771388677E2,1.847766260E-1,-6.793677325E-2,1.771387539E2
3.200770208E2,2.496780916E-2,6.315929932E-4,1.598844770E-3,9.996867776E-1,1.771386025E2,1.849642296E-1,-6.777811697E-2,1.771384888E2
3.200820208E2,2.496770295E-2,6.304518320E-4,1.600952353E-3,9.996867776E-1,1.771386147E2,1.852023934E-1,-6.764137987E-2,1.771385011E2
3.200870208E2,2.496776638E-2,6.309234886E-4,1.599776791E-3,9.996867776E-1,1.771386074E2,1.850690796E-1,-6.769876261E-2,1.771384938E2
3.200920208E2,2.496546108E-2,6.325427094E-4,1.597866998E-3,9.996868372E-1,1.771388716E2,1.848547780E-1,-6.789014418E-2,1.771387579E2
3.200970208E2,2.497527138E-2,6.269037840E-4,1.595943351E-3,9.996865988E-1,1.771377471E2,1.846189386E-1,-6.724786482E-2,1.771376345E2
3.201020208E2,2.497027093E-2,6.289915182E-4,1.598693081E-3,9.996867180E-1,1.771383203E2,1.849395749E-1,-6.748008177E-2,1.771382072E2
3.201070208E2,2.496305095E-2,6.338527892E-4,1.597711584E-3,9.996868968E-1,1.771391479E2,1.848405586E-1,-6.804111156E-2,1.771390339E2
3.201120208E2,2.496806009E-2,6.317129009E-4,1.594873844E-3,9.996867776E-1,1.771385737E2,1.845096961E-1,-6.780316846E-2,1.771384603E2
3.201170208E2,2.497014958E-2,6.295255153E-4,1.600377378E-3,9.996867180E-1,1.771383342E2,1.851340412E-1,-6.753645703E-2,1.771382209E2
3.201220208E2,2.496534909E-2,6.329471944E-4,1.599455834E-3,9.996868372E-1,1.771388845E2,1.850379385E-1,-6.793195540E-2,1.771387705E2
3.201270208E2,2.495342402E-2,6.399755948E-4,1.596476533E-3,9.996871352E-1,1.771402514E2,1.847159309E-1,-6.874782582E-2,1.771401364E2
3.201320208E2,2.495828104E-2,6.376411766E-4,1.596133341E-3,9.996870160E-1,1.771396947E2,1.846702729E-1,-6.848048896E-2,1.771395801E2
3.201370208E2,2.495339396E-2,6.403296138E-4,1.596804359E-3,9.996871352E-1,1.771402548E2,1.847544956E-1,-6.878744884E-2,1.771401397E2
3.201420208E2,2.494124591E-2,6.495013367E-4,1.596313552E-3,9.996874332E-1,1.771416473E2,1.847236512E-1,-6.984177061E-2,1.771415305E2
3.201470208E2,2.494409730E-2,6.468901993E-4,1.590135624E-3,9.996873736E-1,1.771413205E2,1.840086665E-1,-6.955978249E-2,1.771412046E2
3.201520208E2,2.495147835E-2,6.416882970E-4,1.588857616E-3,9.996871948E-1,1.771404744E2,1.838479013E-1,-6.896617035E-2,1.771403596E2
3.201570208E2,2.494679537E-2,6.450291839E-4,1.586032333E-3,9.996873140E-1,1.771410112E2,1.835334765E-1,-6.935782637E-2,1.771408960E2
3.201620208E2,2.494191100E-2,6.490273518E-4,1.586081809E-3,9.996874332E-1,1.771415711E2,1.835502341E-1,-6.981659491E-2,1.771414551E2
3.201670208E2,2.493970167E-2,6.498722360E-4,1.582905883E-3,9.996874928E-1,1.771418244E2,1.831886729E-1,-6.992286372E-2,1.771417084E2
3.201720208E2,2.494197887E-2,6.487548817E-4,1.585125690E-3,9.996874332E-1,1.771415633E2,1.834399307E-1,-6.978810226E-2,1.771414474E2
3.201770208E2,2.493678693E-2,6.524026976E-4,1.590125961E-3,9.996875525E-1,1.771421585E2,1.840228050E-1,-7.019264431E-2,1.771420415E2
3.201820208E2,2.492714558E-2,6.584726507E-4,1.588902436E-3,9.996877909E-1,1.771432636E2,1.838993063E-1,-7.089326261E-2,1.771431456E2
3.201870208E2,2.492976645E-2,6.567758974E-4,1.585984370E-3,9.996877313E-1,1.771429632E2,1.835603620E-1,-7.070674405E-2,1.771428457E2
3.201920208E2,2.493447748E-2,6.542931660E-4,1.588091138E-3,9.996876121E-1,1.771424232E2,1.837949436E-1,-7.041544786E-2,1.771423060E2
3.201970208E2,2.493939163E-2,6.504759658E-4,1.587536070E-3,9.996874928E-1,1.771418599E2,1.837207930E-1,-6.997884838E-2,1.771417435E2
3.202020208E2,2.493462041E-2,6.530351238E-4,1.586363884E-3,9.996876121E-1,1.771424068E2,1.835934911E-1,-7.027624104E-2,1.771422900E2
3.202070208E2,2.492953434E-2,6.569267716E-4,1.589566353E-3,9.996877313E-1,1.771429898E2,1.839711148E-1,-7.071383705E-2,1.771428721E2
3.202120208E2,2.493135197E-2,6.558705354E-4,1.598953037E-3,9.996876717E-1,1.771427815E2,1.850435277E-1,-7.056568639E-2,1.771426632E2
3.202170208E2,2.492667772E-2,6.587695098E-4,1.596102957E-3,9.996877909E-1,1.771433173E2,1.847249852E-1,-7.090678726E-2,1.771431987E2
3.202220208E2,2.491721237E-2,6.651025033E-4,1.591936569E-3,9.996880293E-1,1.771444022E2,1.842651132E-1,-7.164591454E-2,1.771442828E2
3.202270208E2,2.492201923E-2,6.619627820E-4,1.592859975E-3,9.996879101E-1,1.771438512E2,1.843622719E-1,-7.128271791E-2,1.771437323E2
3.202320208E2,2.492184085E-2,6.612349534E-4,1.595950220E-3,9.996879101E-1,1.771438717E2,1.847141869E-1,-7.119054819E-2,1.771437527E2
3.202370208E2,2.492437492E-2,6.611335557E-4,1.593753230E-3,9.996878505E-1,1.771435812E2,1.844623990E-1,-7.118473941E-2,1.771434624E2
3.202420208E2,2.492224187E-2,6.616447936E-4,1.589505118E-3,9.996879101E-1,1.771438257E2,1.839770599E-1,-7.125583090E-2,1.771437071E2
3.202470208E2,2.492428089E-2,6.603988586E-4,1.595527399E-3,9.996878505E-1,1.771435920E2,1.846635357E-1,-7.109552548E-2,1.771434732E2
3.202520208E2,2.491906537E-2,6.631904980E-4,1.601133146E-3,9.996879697E-1,1.771441898E2,1.853133104E-1,-7.140027952E-2,1.771440701E2
3.202570208E2,2.492663646E-2,6.588320248E-4,1.596721471E-3,9.996877909E-1,1.771433220E2,1.847960155E-1,-7.091218955E-2,1.771432034E2
3.202620208E2,2.491929794E-2,6.632878212E-4,1.597468974E-3,9.996879697E-1,1.771441632E2,1.848938513E-1,-7.142184899E-2,1.771440437E2
3.202670208E2,2.491676527E-2,6.661457010E-4,1.598484931E-3,9.996880293E-1,1.771444535E2,1.850182155E-1,-7.174680332E-2,1.771443334E2
3.202720208E2,2.491432836E-2,6.662554224E-4,1.599146635E-3,9.996880889E-1,1.771447328E2,1.850941562E-1,-7.175793433E-2,1.771446126E2
3.202770208E2,2.491188486E-2,6.683496176E-4,1.599078882E-3,9.996881485E-1,1.771450129E2,1.850921983E-1,-7.199848252E-2,1.771448923E2
3.202820208E2,2.491424331E-2,6.676184130E-4,1.599902986E-3,9.996880889E-1,1.771447426E2,1.851846865E-1,-7.191192919E-2,1.771446221E2
3.202870208E2,2.491399885E-2,6.672263844E-4,1.603868441E-3,9.996880889E-1,1.771447706E2,1.856378171E-1,-7.185574369E-2,1.771446499E2
3.202920208E2,2.491646742E-2,6.656944170E-4,1.603308483E-3,9.996880293E-1,1.771444876E2,1.855694732E-1,-7.168138833E-2,1.771443673E2
3.202970208E2,2.491684709E-2,6.649369025E-4,1.597712748E-3,9.996880293E-1,1.771444441E2,1.849263112E-1,-7.161051812E-2,1.771443243E2
3.203020208E2,2.491917627E-2,6.634515012E-4,1.599297975E-3,9.996879697E-1,1.771441771E2,1.851038335E-1,-7.143539900E-2,1.771440575E2
3.203070208E2,2.492145255E-2,6.625264650E-4,1.601468539E-3,9.996879101E-1,1.771439162E2,1.853500056E-1,-7.132281030E-2,1.771437966E2
3.203120208E2,2.491903712E-2,6.635664613E-4,1.601416967E-3,9.996879697E-1,1.771441931E2,1.853468954E-1,-7.144254306E-2,1.771440732E2
3.203170208E2,2.491706719E-2,6.657351623E-4,1.593943220E-3,9.996880293E-1,1.771444189E2,1.844967837E-1,-7.171268628E-2,1.771442992E2
3.203220208E2,2.492176296E-2,6.616602186E-4,1.596989809E-3,9.996879101E-1,1.771438806E2,1.848344873E-1,-7.123631018E-2,1.771437615E2
3.203270208E2,2.491923913E-2,6.634314195E-4,1.598326489E-3,9.996879697E-1,1.771441699E2,1.849924909E-1,-7.143586113E-2,1.771440503E2
3.203320208E2,2.491938245E-2,6.638661725E-4,1.595909707E-3,9.996879697E-1,1.771441535E2,1.847168854E-1,-7.149253965E-2,1.771440340E2
3.203370208E2,2.491976395E-2,6.628235569E-4,1.590376487E-3,9.996879697E-1,1.771441098E2,1.840800705E-1,-7.138883276E-2,1.771439908E2
3.203420208E2,2.492910202E-2,6.569412653E-4,1.596326008E-3,9.996877313E-1,1.771430394E2,1.847454858E-1,-7.069626605E-2,1.771429211E2
3.203470208E2,2.492410744E-2,6.611882127E-4,1.597908209E-3,9.996878505E-1,1.771436119E2,1.849385146E-1,-7.117918253E-2,1.771434927E2
3.203520208E2,2.491453601E-2,6.675143377E-4,1.595381997E-3,9.996880889E-1,1.771447090E2,1.846665031E-1,-7.191286050E-2,1.771445889E2
3.203570208E2,2.491480366E-2,6.673944299E-4,1.591247041E-3,9.996880889E-1,1.771446783E2,1.841924952E-1,-7.191088084E-2,1.771445585E2
3.203620208E2,2.491741820E-2,6.645061076E-4,1.588961226E-3,9.996880293E-1,1.771443787E2,1.839225809E-1,-7.158605192E-2,1.771442595E2
3.203670208E2,2.491285033E-2,6.676481571E-4,1.584261889E-3,9.996881485E-1,1.771449023E2,1.833928866E-1,-7.196024877E-2,1.771447829E2
3.203720208E2,2.490044239E-2,6.763483398E-4,1.587580773E-3,9.996884465E-1,1.771463245E2,1.837970204E-1,-7.294971178E-2,1.771462033E2
3.203770208E2,2.490786868E-2,6.723293336E-4,1.585389022E-3,9.996882677E-1,1.771454733E2,1.835350109E-1,-7.249420169E-2,1.771453529E2
3.203820208E2,2.490785939E-2,6.719095982E-4,1.585712889E-3,9.996882677E-1,1.771454743E2,1.835709131E-1,-7.244519580E-2,1.771453541E2
3.203870208E2,2.490313143E-2,6.749582826E-4,1.583521138E-3,9.996883869E-1,1.771460163E2,1.833281928E-1,-7.280156360E-2,1.771458956E2
3.203920208E2,2.491066198E-2,6.706652930E-4,1.579780830E-3,9.996882081E-1,1.771451531E2,1.828880096E-1,-7.231907282E-2,1.771450335E2
3.203970208E2,2.492032080E-2,6.637212937E-4,1.581250457E-3,9.996879697E-1,1.771440459E2,1.830372311E-1,-7.151763316E-2,1.771439275E2
3.204020208E2,2.492530570E-2,6.600584020E-4,1.579579315E-3,9.996878505E-1,1.771434745E2,1.828356847E-1,-7.110188823E-2,1.771433569E2
3.204070208E2,2.492824581E-2,6.589372642E-4,1.571351779E-3,9.996877909E-1,1.771431375E2,1.818901759E-1,-7.099642116E-2,1.771430207E2
3.204120208E2,2.493087721E-2,6.566928932E-4,1.568461768E-3,9.996877313E-1,1.771428359E2,1.815528817E-1,-7.074709337E-2,1.771427197E2
3.204170208E2,2.493505500E-2,6.540608010E-4,1.579093630E-3,9.996876121E-1,1.771423570E2,1.827636006E-1,-7.041443301E-2,1.771422405E2
3.204220208E2,2.493262082E-2,6.556051667E-4,1.579154516E-3,9.996876717E-1,1.771426360E2,1.827748168E-1,-7.059162012E-2,1.771425192E2
3.204270208E2,2.492795136E-2,6.578044849E-4,1.576489187E-3,9.996877909E-1,1.771431713E2,1.824754405E-1,-7.085203247E-2,1.771430543E2
3.204320208E2,2.492999192E-2,6.564395735E-4,1.582575729E-3,9.996877313E-1,1.771429374E2,1.831689362E-1,-7.067791289E-2,1.771428202E2
3.204370208E2,2.493953318E-2,6.511613028E-4,1.585029298E-3,9.996874928E-1,1.771418437E2,1.834355958E-1,-7.006449599E-2,1.771417273E2
3.204420208E2,2.493453730E-2,6.544044591E-4,1.587105799E-3,9.996876121E-1,1.771424163E2,1.836823892E-1,-7.043100164E-2,1.771422992E2
3.204470208E2,2.492957691E-2,6.575703155E-4,1.588632353E-3,9.996877313E-1,1.771429849E2,1.838659610E-1,-7.079021920E-2,1.771428671E2
3.204520208E2,2.493184658E-2,6.550433463E-4,1.591562992E-3,9.996876717E-1,1.771427248E2,1.841946241E-1,-7.049194963E-2,1.771426072E2
3.204570208E2,2.493189405E-2,6.546674413E-4,1.590973814E-3,9.996876717E-1,1.771427193E2,1.841260594E-1,-7.045056212E-2,1.771426019E2
3.204620208E2,2.493199966E-2,6.556222215E-4,1.588924439E-3,9.996876717E-1,1.771427072E2,1.838940264E-1,-7.056577360E-2,1.771425898E2
3.204670208E2,2.492703721E-2,6.594382576E-4,1.590201631E-3,9.996877909E-1,1.771432761E2,1.840508880E-1,-7.100018722E-2,1.771431578E2
3.204720208E2,2.492462139E-2,6.610726705E-4,1.589919324E-3,9.996878505E-1,1.771435530E2,1.840230451E-1,-7.118866986E-2,1.771434344E2
3.204770208E2,2.492964693E-2,6.570482510E-4,1.587749342E-3,9.996877313E-1,1.771429769E2,1.837633201E-1,-7.073292343E-2,1.771428593E2
3.204820208E2,2.492963414E-2,6.565330550E-4,1.588163199E-3,9.996877313E-1,1.771429784E2,1.838092571E-1,-7.067272475E-2,1.771428608E2
3.204870208E2,2.493674484E-2,6.514009438E-4,1.591196400E-3,9.996875525E-1,1.771421633E2,1.841425645E-1,-7.007483640E-2,1.771420465E2
3.204920208E2,2.494352609E-2,6.477753632E-4,1.598712523E-3,9.996873736E-1,1.771413860E2,1.849936933E-1,-6.963677173E-2,1.771412693E2
3.204970208E2,2.493638458E-2,6.520678871E-4,1.596560003E-3,9.996875525E-1,1.771422046E2,1.847588789E-1,-7.013597784E-2,1.771420873E2
3.205020208E2,2.493157826E-2,6.547219236E-4,1.595892594E-3,9.996876717E-1,1.771427555E2,1.846896693E-1,-7.044280825E-2,1.771426377E2
3.205070208E2,2.493642841E-2,6.521461182E-4,1.595843351E-3,9.996875525E-1,1.771421996E2,1.846770086E-1,-7.014697949E-2,1.771420823E2
3.205120208E2,2.494601355E-2,6.462843739E-4,1.597775030E-3,9.996873140E-1,1.771411008E2,1.848822084E-1,-6.946819005E-2,1.771409845E2
3.205170208E2,2.493636320E-2,6.522096810E-4,1.596836024E-3,9.996875525E-1,1.771422070E2,1.847909025E-1,-7.015143634E-2,1.771420897E2
3.205220208E2,2.493873533E-2,6.514127017E-4,1.597431139E-3,9.996874928E-1,1.771419351E2,1.848569652E-1,-7.005799849E-2,1.771418179E2
3.205270208E2,2.494354323E-2,6.475008558E-4,1.598556293E-3,9.996873736E-1,1.771413840E2,1.849750127E-1,-6.960576874E-2,1.771412674E2
3.205320208E2,2.494115178E-2,6.490138476E-4,1.597981667E-3,9.996874332E-1,1.771416581E2,1.849133440E-1,-6.978117555E-2,1.771415413E2
3.205370208E2,2.493149605E-2,6.559498725E-4,1.596672460E-3,9.996876717E-1,1.771427649E2,1.847825106E-1,-7.058126398E-2,1.771426469E2
3.205420208E2,2.491692621E-2,6.646724069E-4,1.596588409E-3,9.996880293E-1,1.771444350E2,1.847967615E-1,-7.158341439E-2,1.771443153E2
3.205470208E2,2.492428344E-2,6.605301751E-4,1.595433103E-3,9.996878505E-1,1.771435917E2,1.846531088E-1,-7.111083741E-2,1.771434729E2
3.205520208E2,2.492650695E-2,6.587255630E-4,1.598785864E-3,9.996877909E-1,1.771433368E2,1.850321911E-1,-7.089412076E-2,1.771432181E2
3.205570208E2,2.491668672E-2,6.647423725E-4,1.600292628E-3,9.996880293E-1,1.771444625E2,1.852212854E-1,-7.158089673E-2,1.771443425E2
3.205620208E2,2.491704120E-2,6.650899886E-4,1.594618778E-3,9.996880293E-1,1.771444219E2,1.845723288E-1,-7.163685367E-2,1.771443022E2
3.205670208E2,2.492194077E-2,6.618851330E-4,1.594119356E-3,9.996879101E-1,1.771438602E2,1.845063143E-1,-7.127024048E-2,1.771437412E2
3.205720208E2,2.491721506E-2,6.646746187E-4,1.592073240E-3,9.996880293E-1,1.771444019E2,1.842795480E-1,-7.159650711E-2,1.771442825E2
3.205770208E2,2.491998156E-2,6.636059843E-4,1.586636063E-3,9.996879697E-1,1.771440848E2,1.836538319E-1,-7.148910601E-2,1.771439660E2
3.205820208E2,2.491989307E-2,6.631489960E-4,1.588216168E-3,9.996879697E-1,1.771440950E2,1.838335312E-1,-7.143225922E-2,1.771439761E2
3.205870208E2,2.493422974E-2,6.542710471E-4,1.591985230E-3,9.996876121E-1,1.771424516E2,1.842409552E-1,-7.040183268E-2,1.771423342E2
3.205920208E2,2.492220514E-2,6.611690624E-4,1.590278698E-3,9.996879101E-1,1.771438299E2,1.840643169E-1,-7.119913053E-2,1.771437113E2
3.205970208E2,2.491248630E-2,6.680553779E-4,1.589805004E-3,9.996881485E-1,1.771449440E2,1.840290213E-1,-7.199114013E-2,1.771448241E2
3.206020208E2,2.491477368E-2,6.665348192E-4,1.592076500E-3,9.996880889E-1,1.771446818E2,1.842850582E-1,-7.181004469E-2,1.771445620E2
3.206070208E2,2.491240291E-2,6.690596929E-4,1.590689179E-3,9.996881485E-1,1.771449535E2,1.841331704E-1,-7.210368144E-2,1.771448334E2
3.206120208E2,2.490080383E-2,6.761804689E-4,1.581973280E-3,9.996884465E-1,1.771462831E2,1.831541944E-1,-7.294641598E-2,1.771461623E2
3.206170208E2,2.489114481E-2,6.830517668E-4,1.580364769E-3,9.996886849E-1,1.771473903E2,1.829888262E-1,-7.373992169E-2,1.771472683E2
3.206220208E2,2.490567864E-2,6.728604785E-4,1.581981545E-3,9.996883273E-1,1.771457243E2,1.831460205E-1,-7.256517484E-2,1.771456041E2
3.206270208E2,2.490327822E-2,6.752850604E-4,1.581071410E-3,9.996883869E-1,1.771459995E2,1.830485046E-1,-7.284596211E-2,1.771458789E2
3.206320208E2,2.489891676E-2,6.785904989E-4,1.572952024E-3,9.996885061E-1,1.771464994E2,1.821274926E-1,-7.324858550E-2,1.771463788E2
3.206370208E2,2.489907153E-2,6.774292560E-4,1.571001369E-3,9.996885061E-1,1.771464817E2,1.819007306E-1,-7.312109598E-2,1.771463614E2
3.206420208E2,2.489918963E-2,6.773645873E-4,1.569156302E-3,9.996885061E-1,1.771464681E2,1.816891908E-1,-7.311893094E-2,1.771463480E2
3.206470208E2,2.489169779E-2,6.825687014E-4,1.571840723E-3,9.996886849E-1,1.771473269E2,1.820110060E-1,-7.370879735E-2,1.771472056E2
3.206520208E2,2.488455832E-2,6.882078596E-4,1.568697859E-3,9.996888638E-1,1.771481453E2,1.816665272E-1,-7.436505878E-2,1.771480232E2
3.206570208E2,2.489880201E-2,6.783257704E-4,1.574881375E-3,9.996885061E-1,1.771465126E2,1.823477480E-1,-7.321277515E-2,1.771463919E2
3.206620208E2,2.489610403E-2,6.803208380E-4,1.578833209E-3,9.996885657E-1,1.771468218E2,1.828059502E-1,-7.343053944E-2,1.771467005E2
3.206670208E2,2.489604371E-2,6.803943543E-4,1.579752425E-3,9.996885657E-1,1.771468287E2,1.829114574E-1,-7.343634967E-2,1.771467073E2
3.206720208E2,2.490613160E-2,6.737817894E-4,1.574440161E-3,9.996883273E-1,1.771456724E2,1.822847707E-1,-7.269215772E-2,1.771455526E2
3.206770208E2,2.491344044E-2,6.682371022E-4,1.574705122E-3,9.996881485E-1,1.771448346E2,1.822998238E-1,-7.205489213E-2,1.771447158E2
3.206820208E2,2.491815872E-2,6.655291654E-4,1.576874405E-3,9.996880293E-1,1.771442938E2,1.825409354E-1,-7.173762726E-2,1.771441753E2
3.206870208E2,2.491332677E-2,6.682981621E-4,1.576476498E-3,9.996881485E-1,1.771448476E2,1.825029120E-1,-7.205685038E-2,1.771447287E2
3.206920208E2,2.491092555E-2,6.705039414E-4,1.575687784E-3,9.996882081E-1,1.771451229E2,1.824186842E-1,-7.231222526E-2,1.771450036E2
3.206970208E2,2.490370588E-2,6.739484379E-4,1.574893598E-3,9.996883869E-1,1.771459505E2,1.823370141E-1,-7.271039655E-2,1.771458306E2
3.207020208E2,2.491075530E-2,6.693627220E-4,1.578861498E-3,9.996882081E-1,1.771451424E2,1.827789825E-1,-7.217246299E-2,1.771450231E2
3.207070208E2,2.491314802E-2,6.687064888E-4,1.579125994E-3,9.996881485E-1,1.771448681E2,1.828075812E-1,-7.209609503E-2,1.771447489E2
3.207120208E2,2.490328429E-2,6.744465791E-4,1.581333810E-3,9.996883869E-1,1.771459988E2,1.830761715E-1,-7.274915918E-2,1.771458783E2
3.207170208E2,2.491535452E-2,6.671470474E-4,1.582702622E-3,9.996880889E-1,1.771446152E2,1.832130123E-1,-7.190683636E-2,1.771444960E2
3.207220208E2,2.491287359E-2,6.685956614E-4,1.583496458E-3,9.996881485E-1,1.771448996E2,1.833079087E-1,-7.207097193E-2,1.771447801E2
3.207270208E2,2.490095194E-2,6.761451368E-4,1.579655451E-3,9.996884465E-1,1.771462661E2,1.828885826E-1,-7.294895542E-2,1.771461455E2
3.207320208E2,2.489871813E-2,6.774161593E-4,1.576598152E-3,9.996885061E-1,1.771465222E2,1.825418138E-1,-7.310369063E-2,1.771464015E2
3.207370208E2,2.490580491E-2,6.730896421E-4,1.579894684E-3,9.996883273E-1,1.771457098E2,1.829076209E-1,-7.259735989E-2,1.771455898E2
3.207420208E2,2.490871601E-2,6.714676856E-4,1.572388341E-3,9.996882677E-1,1.771453762E2,1.820433038E-1,-7.243244911E-2,1.771452569E2
3.207470208E2,2.490425266E-2,6.744268467E-4,1.566017512E-3,9.996883869E-1,1.771458878E2,1.813216084E-1,-7.279043319E-2,1.771457685E2
3.207520208E2,2.490898175E-2,6.707138382E-4,1.568495529E-3,9.996882677E-1,1.771453457E2,1.815952253E-1,-7.235715503E-2,1.771452269E2
3.207570208E2,2.490621757E-2,6.724005798E-4,1.573670539E-3,9.996883273E-1,1.771456625E2,1.821926695E-1,-7.253611299E-2,1.771455430E2
3.207620208E2,2.490628813E-2,6.736369687E-4,1.572024194E-3,9.996883273E-1,1.771456545E2,1.820076046E-1,-7.268243471E-2,1.771455348E2
3.207670208E2,2.490167805E-2,6.758830859E-4,1.568280277E-3,9.996884465E-1,1.771461829E2,1.815847906E-1,-7.295126383E-2,1.771460631E2
3.207720208E2,2.490627188E-2,6.726950523E-4,1.572684851E-3,9.996883273E-1,1.771456563E2,1.820805972E-1,-7.257264998E-2,1.771455368E2
3.207770208E2,2.490831499E-2,6.723222323E-4,1.578364521E-3,9.996882677E-1,1.771454221E2,1.827303228E-1,-7.251335704E-2,1.771453023E2
3.207820208E2,2.490854044E-2,6.714662886E-4,1.575167757E-3,9.996882677E-1,1.771453963E2,1.823616865E-1,-7.242438740E-2,1.771452768E2
3.207870208E2,2.491341759E-2,6.675444311E-4,1.575360307E-3,9.996881485E-1,1.771448372E2,1.823728999E-1,-7.197367621E-2,1.771447185E2
3.207920208E2,2.491094761E-2,6.705807755E-4,1.575306407E-3,9.996882081E-1,1.771451204E2,1.823752161E-1,-7.232211175E-2,1.771450011E2
3.207970208E2,2.490613755E-2,6.733501214E-4,1.574530848E-3,9.996883273E-1,1.771456717E2,1.822939278E-1,-7.264244769E-2,1.771455520E2
3.208020208E2,2.490592719E-2,6.728837616E-4,1.578053692E-3,9.996883273E-1,1.771456958E2,1.826961451E-1,-7.257900713E-2,1.771455759E2
3.208070208E2,2.490606514E-2,6.723642000E-4,1.576096634E-3,9.996883273E-1,1.771456800E2,1.824704789E-1,-7.252504882E-2,1.771455603E2
3.208120208E2,2.491320983E-2,6.687948480E-4,1.578113064E-3,9.996881485E-1,1.771448610E2,1.826918005E-1,-7.210909768E-2,1.771447419E2
3.208170208E2,2.490849040E-2,6.716367789E-4,1.575886155E-3,9.996882677E-1,1.771454020E2,1.824444666E-1,-7.244187657E-2,1.771452825E2
3.208220208E2,2.490372762E-2,6.752294139E-4,1.574000926E-3,9.996883869E-1,1.771459480E2,1.822384105E-1,-7.285968351E-2,1.771458279E2
3.208270208E2,2.490600334E-2,6.724169361E-4,1.577050542E-3,9.996883273E-1,1.771456871E2,1.825799009E-1,-7.252837875E-2,1.771455673E2
3.208320208E2,2.490604121E-2,6.733784103E-4,1.576041803E-3,9.996883273E-1,1.771456828E2,1.824670908E-1,-7.264139344E-2,1.771455629E2
3.208370208E2,2.490104998E-2,6.762782577E-4,1.578052179E-3,9.996884465E-1,1.771462549E2,1.827053048E-1,-7.296876233E-2,1.771461343E2
3.208420208E2,2.490119115E-2,6.768339663E-4,1.575584291E-3,9.996884465E-1,1.771462387E2,1.824241890E-1,-7.303943856E-2,1.771461182E2
3.208470208E2,2.490846233E-2,6.713424809E-4,1.576455194E-3,9.996882677E-1,1.771454052E2,1.825088113E-1,-7.240654386E-2,1.771452857E2
3.208520208E2,2.490662015E-2,6.726448773E-4,1.567181200E-3,9.996883273E-1,1.771456164E2,1.814500019E-1,-7.258254729E-2,1.771454973E2
3.208570208E2,2.490718899E-2,6.721762475E-4,1.558316755E-3,9.996883273E-1,1.771455512E2,1.804332282E-1,-7.255406131E-2,1.771454328E2
3.208620208E2,2.491149036E-2,6.696573109E-4,1.567094936E-3,9.996882081E-1,1.771450581E2,1.814319439E-1,-7.223966631E-2,1.771449396E2
3.208670208E2,2.490366939E-2,6.745012943E-4,1.575233997E-3,9.996883869E-1,1.771459546E2,1.823775841E-1,-7.277276470E-2,1.771458346E2
3.208720208E2,2.490218537E-2,6.757082301E-4,1.560279867E-3,9.996884465E-1,1.771461247E2,1.806678318E-1,-7.295397172E-2,1.771460056E2
3.208770208E2,2.490741196E-2,6.729766610E-4,1.554402523E-3,9.996883273E-1,1.771455256E2,1.799871296E-1,-7.265688555E-2,1.771454074E2
3.208820208E2,2.490182596E-2,6.761088152E-4,1.565832528E-3,9.996884465E-1,1.771461659E2,1.813050408E-1,-7.298408064E-2,1.771460463E2
3.208870208E2,2.489677207E-2,6.802703138E-4,1.568285516E-3,9.996885657E-1,1.771467453E2,1.815975509E-1,-7.345472290E-2,1.771466247E2
3.208920208E2,2.489533239E-2,6.809745682E-4,1.552763046E-3,9.996886253E-1,1.771469103E2,1.798212585E-1,-7.357994529E-2,1.771467907E2
3.208970208E2,2.489762504E-2,6.790436455E-4,1.555221388E-3,9.996885657E-1,1.771466475E2,1.800975360E-1,-7.335132018E-2,1.771465281E2
3.209020208E2,2.489422206E-2,6.819999544E-4,1.570018707E-3,9.996886253E-1,1.771470376E2,1.818008461E-1,-7.364838225E-2,1.771469165E2
3.209070208E2,2.489467420E-2,6.818443071E-4,1.562900841E-3,9.996886253E-1,1.771469857E2,1.809850394E-1,-7.365077587E-2,1.771468653E2
3.209120208E2,2.490011490E-2,6.773156347E-4,1.554426039E-3,9.996885061E-1,1.771463621E2,1.800016752E-1,-7.315518728E-2,1.771462431E2
3.209170208E2,2.489699840E-2,6.792185013E-4,1.565145212E-3,9.996885657E-1,1.771467193E2,1.812348250E-1,-7.334315008E-2,1.771465992E2
3.209220208E2,2.488664575E-2,6.857038825E-4,1.574652852E-3,9.996888041E-1,1.771479060E2,1.823417225E-1,-7.406085079E-2,1.771477840E2
3.209270208E2,2.489230940E-2,6.834393716E-4,1.561744488E-3,9.996886849E-1,1.771472568E2,1.808569480E-1,-7.383722668E-2,1.771471361E2
3.209320208E2,2.489499394E-2,6.814486114E-4,1.557972748E-3,9.996886253E-1,1.771469491E2,1.804193900E-1,-7.361944797E-2,1.771468290E2
3.209370208E2,2.489161184E-2,6.836812245E-4,1.572718145E-3,9.996886849E-1,1.771473368E2,1.821146876E-1,-7.383375626E-2,1.771472152E2
3.209420208E2,2.489402472E-2,6.814437802E-4,1.573385554E-3,9.996886253E-1,1.771470602E2,1.821849383E-1,-7.357510025E-2,1.771469390E2
3.209470208E2,2.490268734E-2,6.752763875E-4,1.552435453E-3,9.996884465E-1,1.771460672E2,1.797680095E-1,-7.292679696E-2,1.771459487E2
3.209520208E2,2.489727297E-2,6.787535967E-4,1.560973702E-3,9.996885657E-1,1.771466878E2,1.807556460E-1,-7.330174464E-2,1.771465681E2
3.209570208E2,2.489632124E-2,6.800970878E-4,1.575500937E-3,9.996885657E-1,1.771467969E2,1.824235951E-1,-7.341437489E-2,1.771466759E2
3.209620208E2,2.490179376E-2,6.754414062E-4,1.566632418E-3,9.996884465E-1,1.771461696E2,1.813947660E-1,-7.290534822E-2,1.771460501E2
3.209670208E2,2.489734694E-2,6.785960286E-4,1.559862052E-3,9.996885657E-1,1.771466794E2,1.806278554E-1,-7.328685261E-2,1.771465597E2
3.209720208E2,2.489665304E-2,6.790634361E-4,1.570696244E-3,9.996885657E-1,1.771467589E2,1.818702626E-1,-7.330961157E-2,1.771466384E2
3.209770208E2,2.489146633E-2,6.826840108E-4,1.575451926E-3,9.996886849E-1,1.771473534E2,1.824250039E-1,-7.371174799E-2,1.771472319E2
3.209820208E2,2.489968999E-2,6.775847869E-4,1.561100828E-3,9.996885061E-1,1.771464108E2,1.807670509E-1,-7.316705081E-2,1.771462912E2
3.209870208E2,2.490222179E-2,6.764148129E-4,1.559392083E-3,9.996884465E-1,1.771461206E2,1.805681499E-1,-7.303744183E-2,1.771460014E2
3.209920208E2,2.490152417E-2,6.767708110E-4,1.570339547E-3,9.996884465E-1,1.771462005E2,1.818232151E-1,-7.304710953E-2,1.771460805E2
3.209970208E2,2.490653110E-2,6.726977299E-4,1.568573061E-3,9.996883273E-1,1.771456266E2,1.816095926E-1,-7.258464537E-2,1.771455074E2
3.210020208E2,2.490716663E-2,6.720251404E-4,1.558739226E-3,9.996883273E-1,1.771455538E2,1.804811920E-1,-7.253554929E-2,1.771454354E2
3.210070208E2,2.490674480E-2,6.732189795E-4,1.564951963E-3,9.996883273E-1,1.771456021E2,1.811962767E-1,-7.265465419E-2,1.771454831E2
3.210120208E2,2.490603993E-2,6.737558870E-4,1.575900824E-3,9.996883273E-1,1.771456829E2,1.824520181E-1,-7.268503822E-2,1.771455630E2
3.210170208E2,2.491609024E-2,6.672324962E-4,1.571041648E-3,9.996880889E-1,1.771445309E2,1.818774725E-1,-7.194978573E-2,1.771444125E2
3.210220208E2,2.492136255E-2,6.632294389E-4,1.564954640E-3,9.996879697E-1,1.771439265E2,1.811691144E-1,-7.150763680E-2,1.771438093E2
3.210270208E2,2.491875785E-2,6.652303273E-4,1.567504834E-3,9.996880293E-1,1.771442251E2,1.814667827E-1,-7.173003997E-2,1.771441074E2
3.210320208E2,2.491871925E-2,6.645040121E-4,1.568426262E-3,9.996880293E-1,1.771442295E2,1.815702609E-1,-7.164421210E-2,1.771441119E2
3.210370208E2,2.491643513E-2,6.662918022E-4,1.565962797E-3,9.996880889E-1,1.771444913E2,1.812929973E-1,-7.185646280E-2,1.771443735E2
3.210420208E2,2.491145550E-2,6.702731480E-4,1.567385742E-3,9.996882081E-1,1.771450621E2,1.814670132E-1,-7.230939021E-2,1.771449435E2
3.210470208E2,2.491588777E-2,6.661255611E-4,1.574718044E-3,9.996880889E-1,1.771445541E2,1.822954510E-1,-7.181251955E-2,1.771444357E2
3.210520208E2,2.492325736E-2,6.611778517E-4,1.573698362E-3,9.996879101E-1,1.771437093E2,1.821650371E-1,-7.124729904E-2,1.771435919E2
3.210570208E2,2.491864202E-2,6.647062255E-4,1.569567248E-3,9.996880293E-1,1.771442384E2,1.817015399E-1,-7.166413267E-2,1.771441206E2
3.210620208E2,2.491359510E-2,6.683819229E-4,1.572194742E-3,9.996881485E-1,1.771448169E2,1.820126688E-1,-7.207862115E-2,1.771446982E2
3.210670208E2,2.491101213E-2,6.698357174E-4,1.574602909E-3,9.996882081E-1,1.771451130E2,1.822925036E-1,-7.223875749E-2,1.771449939E2
3.210720208E2,2.492630781E-2,6.595805171E-4,1.563887694E-3,9.996878505E-1,1.771433597E2,1.810368189E-1,-7.109178303E-2,1.771432432E2
3.210770208E2,2.493624270E-2,6.538525340E-4,1.560313161E-3,9.996876121E-1,1.771422209E2,1.806116713E-1,-7.044402480E-2,1.771421057E2
3.210820208E2,2.492112253E-2,6.627805415E-4,1.568962005E-3,9.996879697E-1,1.771439540E2,1.816268834E-1,-7.144481196E-2,1.771438367E2
3.210870208E2,2.492568173E-2,6.596899475E-4,1.573788933E-3,9.996878505E-1,1.771434314E2,1.821713350E-1,-7.107615046E-2,1.771433143E2
3.210920208E2,2.494118124E-2,6.500316085E-4,1.559352968E-3,9.996874928E-1,1.771416548E2,1.804911015E-1,-7.000816784E-2,1.771415404E2
3.210970208E2,2.493840907E-2,6.521361647E-4,1.564590610E-3,9.996875525E-1,1.771419725E2,1.810969263E-1,-7.023478905E-2,1.771418574E2
3.211020208E2,2.493068594E-2,6.573005230E-4,1.571244909E-3,9.996877313E-1,1.771428578E2,1.818734302E-1,-7.080878428E-2,1.771427413E2
3.211070208E2,2.493388121E-2,6.553190760E-4,1.559247496E-3,9.996876717E-1,1.771424915E2,1.804936170E-1,-7.061549731E-2,1.771423762E2
3.211120208E2,2.493969487E-2,6.507103099E-4,1.544560888E-3,9.996875525E-1,1.771418251E2,1.787984141E-1,-7.012846108E-2,1.771417117E2
3.211170208E2,2.494165666E-2,6.502334145E-4,1.551645575E-3,9.996874928E-1,1.771416003E2,1.796087827E-1,-7.005322948E-2,1.771414864E2
3.211220208E2,2.494139250E-2,6.497588474E-4,1.556084258E-3,9.996874928E-1,1.771416305E2,1.801158860E-1,-6.998622593E-2,1.771415165E2
3.211270208E2,2.494434603E-2,6.482087192E-4,1.547657303E-3,9.996874332E-1,1.771412920E2,1.791463021E-1,-6.983220634E-2,1.771411788E2
3.211320208E2,2.494658947E-2,6.464469479E-4,1.550731598E-3,9.996873736E-1,1.771410348E2,1.794936012E-1,-6.962119449E-2,1.771409217E2
3.211370208E2,2.494142389E-2,6.492302055E-4,1.555801718E-3,9.996874928E-1,1.771416269E2,1.800820104E-1,-6.992646883E-2,1.771415130E2
3.211420208E2,2.493187813E-2,6.568256649E-4,1.552414033E-3,9.996877313E-1,1.771427212E2,1.797149652E-1,-7.080797138E-2,1.771426060E2
3.211470208E2,2.493737488E-2,6.533206324E-4,1.542338054E-3,9.996876121E-1,1.771420911E2,1.785510722E-1,-7.043425586E-2,1.771419773E2
3.211520208E2,2.493451429E-2,6.543116760E-4,1.549516572E-3,9.996876717E-1,1.771424190E2,1.793760460E-1,-7.052778467E-2,1.771423045E2
3.211570208E2,2.491942367E-2,6.644155364E-4,1.557232114E-3,9.996880293E-1,1.771441488E2,1.802876999E-1,-7.166591562E-2,1.771440319E2
3.211620208E2,2.492481330E-2,6.619546330E-4,1.548527624E-3,9.996879101E-1,1.771435310E2,1.792839037E-1,-7.140789536E-2,1.771434152E2
3.211670208E2,2.492748406E-2,6.597523461E-4,1.544952276E-3,9.996878505E-1,1.771432248E2,1.788682249E-1,-7.116534493E-2,1.771431097E2
3.211720208E2,2.491738548E-2,6.660185754E-4,1.550884801E-3,9.996880889E-1,1.771443824E2,1.795650076E-1,-7.186804509E-2,1.771442657E2
3.211770208E2,2.491281267E-2,6.688430440E-4,1.546283718E-3,9.996882081E-1,1.771449066E2,1.790456606E-1,-7.220556163E-2,1.771447897E2
3.211820208E2,2.491805479E-2,6.663380191E-4,1.539955381E-3,9.996880889E-1,1.771443057E2,1.783139354E-1,-7.193572817E-2,1.771441897E2
3.211870208E2,2.492023555E-2,6.639946951E-4,1.544366241E-3,9.996880293E-1,1.771440557E2,1.788126911E-1,-7.165430132E-2,1.771439399E2
3.211920208E2,2.491513975E-2,6.672553718E-4,1.548009459E-3,9.996881485E-1,1.771446398E2,1.792389895E-1,-7.201834038E-2,1.771445231E2
3.211970208E2,2.491311837E-2,6.697710487E-4,1.540947473E-3,9.996882081E-1,1.771448715E2,1.784370323E-1,-7.232705000E-2,1.771447549E2
3.212020208E2,2.492041723E-2,6.635030732E-4,1.541643520E-3,9.996880293E-1,1.771440349E2,1.784993955E-1,-7.160572618E-2,1.771439193E2
3.212070208E2,2.491750789E-2,6.658740458E-4,1.548979082E-3,9.996880889E-1,1.771443684E2,1.793462918E-1,-7.185690808E-2,1.771442518E2
3.212120208E2,2.490769176E-2,6.732735201E-4,1.549783512E-3,9.996883273E-1,1.771454936E2,1.794588609E-1,-7.270402632E-2,1.771453756E2
3.212170208E2,2.491047779E-2,6.706446293E-4,1.544583938E-3,9.996882677E-1,1.771451742E2,1.788559149E-1,-7.241721427E-2,1.771450571E2
3.212220208E2,2.491517552E-2,6.670524599E-4,1.547521097E-3,9.996881485E-1,1.771446357E2,1.791824678E-1,-7.199648358E-2,1.771445191E2
3.212270208E2,2.490516358E-2,6.748614251E-4,1.551274327E-3,9.996883869E-1,1.771457834E2,1.796339915E-1,-7.288212919E-2,1.771456650E2
3.212320208E2,2.489786140E-2,6.797171663E-4,1.551137888E-3,9.996885657E-1,1.771466204E2,1.796316848E-1,-7.344008447E-2,1.771465012E2
3.212370208E2,2.490033723E-2,6.783737335E-4,1.550397836E-3,9.996885061E-1,1.771463366E2,1.795432553E-1,-7.328785316E-2,1.771462177E2
3.212420208E2,2.490248245E-2,6.756920484E-4,1.555538154E-3,9.996884465E-1,1.771460907E2,1.801246146E-1,-7.296559592E-2,1.771459719E2
3.212470208E2,2.489266815E-2,6.820943090E-4,1.556605916E-3,9.996886849E-1,1.771472157E2,1.802644816E-1,-7.369773524E-2,1.771470956E2
3.212520208E2,2.488746536E-2,6.867386401E-4,1.561190584E-3,9.996888041E-1,1.771478121E2,1.808025474E-1,-7.421763357E-2,1.771476908E2
3.212570208E2,2.489027494E-2,6.842566654E-4,1.555646537E-3,9.996887445E-1,1.771474900E2,1.801605707E-1,-7.394861402E-2,1.771473696E2
3.212620208E2,2.489004704E-2,6.838284899E-4,1.559476485E-3,9.996887445E-1,1.771475161E2,1.805980769E-1,-7.388868082E-2,1.771473955E2
3.212670208E2,2.487754302E-2,6.918334984E-4,1.564413193E-3,9.996890426E-1,1.771489494E2,1.811855070E-1,-7.479388726E-2,1.771488270E2
3.212720208E2,2.488017689E-2,6.904152106E-4,1.561238547E-3,9.996889830E-1,1.771486475E2,1.808179842E-1,-7.463998806E-2,1.771485256E2
3.212770208E2,2.489211652E-2,6.834507221E-4,1.564810751E-3,9.996886849E-1,1.771472789E2,1.812082258E-1,-7.382981517E-2,1.771471580E2
3.212820208E2,2.488955817E-2,6.843747105E-4,1.567021129E-3,9.996887445E-1,1.771475722E2,1.814638852E-1,-7.392982269E-2,1.771474509E2
3.212870208E2,2.488460525E-2,6.883199094E-4,1.567904023E-3,9.996888638E-1,1.771481399E2,1.815759113E-1,-7.438014999E-2,1.771480179E2
3.212920208E2,2.488988038E-2,6.844329764E-4,1.561869518E-3,9.996887445E-1,1.771475352E2,1.808739259E-1,-7.395113282E-2,1.771474144E2
3.212970208E2,2.489481375E-2,6.811417989E-4,1.560983248E-3,9.996886253E-1,1.771469697E2,1.807633730E-1,-7.357574475E-2,1.771468495E2
3.213020208E2,2.489225244E-2,6.826120662E-4,1.563013531E-3,9.996886849E-1,1.771472633E2,1.809999605E-1,-7.373884420E-2,1.771471427E2
3.213070208E2,2.488766485E-2,6.859062123E-4,1.558373799E-3,9.996888041E-1,1.771477892E2,1.804775075E-1,-7.413027153E-2,1.771476683E2
3.213120208E2,2.488766702E-2,6.860618596E-4,1.558270538E-3,9.996888041E-1,1.771477889E2,1.804661225E-1,-7.414839596E-2,1.771476680E2
3.213170208E2,2.489464246E-2,6.812140346E-4,1.563681173E-3,9.996886253E-1,1.771469894E2,1.810726307E-1,-7.357635401E-2,1.771468690E2
3.213220208E2,2.488722987E-2,6.862687296E-4,1.565146144E-3,9.996888041E-1,1.771478391E2,1.812543238E-1,-7.415256390E-2,1.771477176E2
3.213270208E2,2.488983523E-2,6.844240124E-4,1.562592690E-3,9.996887445E-1,1.771475404E2,1.809567409E-1,-7.394805141E-2,1.771474195E2
3.213320208E2,2.489985189E-2,6.771910121E-4,1.558687538E-3,9.996885061E-1,1.771463922E2,1.804894817E-1,-7.312879847E-2,1.771462729E2
3.213370208E2,2.489942541E-2,6.770117325E-4,1.565563260E-3,9.996885061E-1,1.771464411E2,1.812765957E-1,-7.308871883E-2,1.771463213E2
3.213420208E2,2.489927803E-2,6.780124386E-4,1.567472937E-3,9.996885061E-1,1.771464580E2,1.814982059E-1,-7.319793333E-2,1.771463379E2
3.213470208E2,2.489695721E-2,6.796846865E-4,1.565597951E-3,9.996885657E-1,1.771467240E2,1.812880162E-1,-7.339527010E-2,1.771466038E2
3.213520208E2,2.490653616E-2,6.726433057E-4,1.568516018E-3,9.996883273E-1,1.771456260E2,1.816029030E-1,-7.257857266E-2,1.771455068E2
3.213570208E2,2.490156523E-2,6.762451376E-4,1.569914864E-3,9.996884465E-1,1.771461958E2,1.817730678E-1,-7.298809496E-2,1.771460759E2
3.213620208E2,2.489665818E-2,6.802332355E-4,1.570108579E-3,9.996885657E-1,1.771467583E2,1.818062801E-1,-7.344529472E-2,1.771466376E2
3.213670208E2,2.490409009E-2,6.742931437E-4,1.568658161E-3,9.996883869E-1,1.771459064E2,1.816237177E-1,-7.276761000E-2,1.771457869E2
3.213720208E2,2.491362390E-2,6.684527616E-4,1.571708242E-3,9.996881485E-1,1.771448136E2,1.819571416E-1,-7.208811986E-2,1.771446949E2
3.213770208E2,2.489663301E-2,6.793317152E-4,1.570897759E-3,9.996885657E-1,1.771467612E2,1.818941114E-1,-7.333977324E-2,1.771466406E2
3.213820208E2,2.489198288E-2,6.831052015E-4,1.567085739E-3,9.996886849E-1,1.771472942E2,1.814678444E-1,-7.378376846E-2,1.771471732E2
3.213870208E2,2.489684053E-2,6.800564588E-4,1.567291096E-3,9.996885657E-1,1.771467374E2,1.814830287E-1,-7.343304928E-2,1.771466169E2
3.213920208E2,2.489394817E-2,6.812932552E-4,1.574661350E-3,9.996886253E-1,1.771470690E2,1.823306535E-1,-7.355423113E-2,1.771469477E2
3.213970208E2,2.488421690E-2,6.872647209E-4,1.574516529E-3,9.996888638E-1,1.771481844E2,1.823303774E-1,-7.424048588E-2,1.771480621E2
3.214020208E2,2.488206284E-2,6.899225409E-4,1.569544314E-3,9.996889234E-1,1.771484313E2,1.817681980E-1,-7.455952563E-2,1.771483089E2
3.214070208E2,2.489935256E-2,6.776654627E-4,1.566438819E-3,9.996885061E-1,1.771464495E2,1.813787567E-1,-7.316112240E-2,1.771463295E2
3.214120208E2,2.489435207E-2,6.806841702E-4,1.568527427E-3,9.996886253E-1,1.771470227E2,1.816262662E-1,-7.350188208E-2,1.771469020E2
3.214170208E2,2.488460836E-2,6.882231683E-4,1.567897038E-3,9.996888638E-1,1.771481395E2,1.815748355E-1,-7.436908707E-2,1.771480175E2
3.214220208E2,2.488732670E-2,6.866765907E-4,1.563426573E-3,9.996888041E-1,1.771478280E2,1.810585067E-1,-7.420417347E-2,1.771477065E2
3.214270208E2,2.488687175E-2,6.861293223E-4,1.570891123E-3,9.996888041E-1,1.771478801E2,1.819120231E-1,-7.412027449E-2,1.771477582E2
3.214320208E2,2.488463479E-2,6.869430654E-4,1.568039064E-3,9.996888638E-1,1.771481365E2,1.815874567E-1,-7.422203386E-2,1.771480147E2
3.214370208E2,2.488730062E-2,6.857565022E-4,1.564245438E-3,9.996888041E-1,1.771478309E2,1.811496866E-1,-7.409644119E-2,1.771477096E2
3.214420208E2,2.488462036E-2,6.879129214E-4,1.567842788E-3,9.996888638E-1,1.771481382E2,1.815677370E-1,-7.433369898E-2,1.771480162E2
3.214470208E2,2.488438929E-2,6.876579719E-4,1.571617555E-3,9.996888638E-1,1.771481647E2,1.819994159E-1,-7.429377058E-2,1.771480425E2
3.214520208E2,2.489439385E-2,6.807658938E-4,1.567828702E-3,9.996886253E-1,1.771470179E2,1.815464592E-1,-7.351322974E-2,1.771468972E2
3.214570208E2,2.489674778E-2,6.800522096E-4,1.568765612E-3,9.996885657E-1,1.771467480E2,1.816519249E-1,-7.342837244E-2,1.771466275E2
3.214620208E2,2.489137235E-2,6.834955420E-4,1.576584415E-3,9.996886849E-1,1.771473642E2,1.825570456E-1,-7.380150046E-2,1.771472424E2
3.214670208E2,2.489419725E-2,6.807887694E-4,1.570937340E-3,9.996886253E-1,1.771470404E2,1.819026240E-1,-7.350701768E-2,1.771469195E2
3.214720208E2,2.490418336E-2,6.744834245E-4,1.567094936E-3,9.996883869E-1,1.771458957E2,1.814451904E-1,-7.279385219E-2,1.771457763E2
3.214770208E2,2.489167815E-2,6.825476885E-4,1.572160865E-3,9.996886849E-1,1.771473292E2,1.820476189E-1,-7.370548056E-2,1.771472079E2
3.214820208E2,2.488654069E-2,6.855095271E-4,1.576396869E-3,9.996888041E-1,1.771479181E2,1.825409486E-1,-7.403363160E-2,1.771477959E2
3.214870208E2,2.489679764E-2,6.797215901E-4,1.568117412E-3,9.996885657E-1,1.771467423E2,1.815767297E-1,-7.339233833E-2,1.771466219E2
3.214920208E2,2.489415014E-2,6.815659581E-4,1.571346889E-3,9.996886253E-1,1.771470458E2,1.819517542E-1,-7.359488947E-2,1.771469248E2
3.214970208E2,2.488366595E-2,6.885874900E-4,1.582624973E-3,9.996888638E-1,1.771482476E2,1.832629819E-1,-7.436899551E-2,1.771481244E2
3.215020208E2,2.488637390E-2,6.866505719E-4,1.578531926E-3,9.996888041E-1,1.771479372E2,1.827887749E-1,-7.415828656E-2,1.771478147E2
3.215070208E2,2.488971565E-2,6.836094544E-4,1.564852428E-3,9.996887445E-1,1.771475541E2,1.812132756E-1,-7.384831521E-2,1.771474332E2
3.215120208E2,2.488206498E-2,6.897946005E-4,1.569566550E-3,9.996889234E-1,1.771484311E2,1.817703806E-1,-7.454480550E-2,1.771483086E2
3.215170208E2,2.488401923E-2,6.886059418E-4,1.577052404E-3,9.996888638E-1,1.771482071E2,1.826246881E-1,-7.438693540E-2,1.771480843E2
3.215220208E2,2.488469712E-2,6.868850323E-4,1.567074913E-3,9.996888638E-1,1.771481294E2,1.814768462E-1,-7.421812398E-2,1.771480077E2
3.215270208E2,2.488722320E-2,6.855560932E-4,1.565564540E-3,9.996888041E-1,1.771478398E2,1.813002207E-1,-7.406973512E-2,1.771477185E2
3.215320208E2,2.488437407E-2,6.878151326E-4,1.571789733E-3,9.996888638E-1,1.771481664E2,1.820195871E-1,-7.431128605E-2,1.771480442E2
3.215370208E2,2.487704118E-2,6.927701179E-4,1.571960747E-3,9.996890426E-1,1.771490070E2,1.820527598E-1,-7.487975680E-2,1.771488838E2
3.215420208E2,2.487752680E-2,6.928000948E-4,1.564243459E-3,9.996890426E-1,1.771489513E2,1.811688176E-1,-7.490510348E-2,1.771488287E2
3.215470208E2,2.488497546E-2,6.870584330E-4,1.562572550E-3,9.996888638E-1,1.771480975E2,1.809615875E-1,-7.425077707E-2,1.771479761E2
3.215520208E2,2.488896205E-2,6.847252953E-4,1.576308743E-3,9.996887445E-1,1.771476405E2,1.825287956E-1,-7.394360241E-2,1.771475185E2
3.215570208E2,2.488162961E-2,6.897568237E-4,1.576469745E-3,9.996889234E-1,1.771484810E2,1.825610449E-1,-7.452087367E-2,1.771483580E2
3.215620208E2,2.488701267E-2,6.862746668E-4,1.568593434E-3,9.996888041E-1,1.771478639E2,1.816492334E-1,-7.414345186E-2,1.771477422E2
3.215670208E2,2.488886736E-2,6.848156336E-4,1.577764051E-3,9.996887445E-1,1.771476514E2,1.826957609E-1,-7.394981769E-2,1.771475292E2
3.215720208E2,2.487402794E-2,6.940552848E-4,1.581144636E-3,9.996891022E-1,1.771493524E2,1.831082701E-1,-7.500135059E-2,1.771492283E2
3.215770208E2,2.487239179E-2,6.959842285E-4,1.568297623E-3,9.996891618E-1,1.771495399E2,1.816419394E-1,-7.525924008E-2,1.771494164E2
3.215820208E2,2.487258051E-2,6.964098429E-4,1.565112383E-3,9.996891618E-1,1.771495183E2,1.812782775E-1,-7.531704140E-2,1.771493949E2
3.215870208E2,2.486766056E-2,6.984507781E-4,1.566239051E-3,9.996892810E-1,1.771500822E2,1.814127904E-1,-7.554852420E-2,1.771499584E2
3.215920208E2,2.487266602E-2,6.951059331E-4,1.564332866E-3,9.996891618E-1,1.771495085E2,1.811852685E-1,-7.516987710E-2,1.771493854E2
3.215970208E2,2.488490138E-2,6.879832945E-4,1.563345199E-3,9.996888638E-1,1.771481060E2,1.810527314E-1,-7.435453548E-2,1.771479843E2
3.216020208E2,2.488466928E-2,6.878401036E-4,1.567098196E-3,9.996888638E-1,1.771481326E2,1.814822352E-1,-7.432747174E-2,1.771480107E2
3.216070208E2,2.487472103E-2,6.936240243E-4,1.570393681E-3,9.996891022E-1,1.771492729E2,1.818755029E-1,-7.498246642E-2,1.771491497E2
3.216120208E2,2.488202860E-2,6.896612467E-4,1.570201712E-3,9.996889234E-1,1.771484353E2,1.818427594E-1,-7.452772455E-2,1.771483128E2
3.216170208E2,2.488444377E-2,6.877057021E-4,1.570733846E-3,9.996888638E-1,1.771481584E2,1.818983217E-1,-7.430174850E-2,1.771480363E2
3.216220208E2,2.488432694E-2,6.879689172E-4,1.572468434E-3,9.996888638E-1,1.771481718E2,1.820977717E-1,-7.432697615E-2,1.771480495E2
3.216270208E2,2.487924084E-2,6.914588739E-4,1.575627248E-3,9.996889830E-1,1.771487548E2,1.824692065E-1,-7.471869193E-2,1.771486316E2
3.216320208E2,2.488162826E-2,6.899575819E-4,1.576403156E-3,9.996889234E-1,1.771484811E2,1.825539890E-1,-7.454406184E-2,1.771483582E2
3.216370208E2,2.488145895E-2,6.891977973E-4,1.579405041E-3,9.996889234E-1,1.771485006E2,1.828956947E-1,-7.444849553E-2,1.771483775E2
3.216420208E2,2.487869285E-2,6.908427458E-4,1.584525104E-3,9.996889830E-1,1.771488176E2,1.834867143E-1,-7.462284288E-2,1.771486939E2
3.216470208E2,2.488829118E-2,6.849258207E-4,1.586779370E-3,9.996887445E-1,1.771477174E2,1.837287939E-1,-7.393683285E-2,1.771475946E2
3.216520208E2,2.489797257E-2,6.788678584E-4,1.587708830E-3,9.996885061E-1,1.771466076E2,1.838186992E-1,-7.323842623E-2,1.771464859E2
3.216570208E2,2.490029283E-2,6.766915903E-4,1.589778694E-3,9.996884465E-1,1.771463417E2,1.840497746E-1,-7.298278892E-2,1.771462202E2
3.216620208E2,2.489523210E-2,6.795357913E-4,1.592857996E-3,9.996885657E-1,1.771469218E2,1.844102733E-1,-7.330075569E-2,1.771467995E2
3.216670208E2,2.489517491E-2,6.804809091E-4,1.593348221E-3,9.996885657E-1,1.771469283E2,1.844691240E-1,-7.340763651E-2,1.771468059E2
3.216720208E2,2.489285021E-2,6.808586768E-4,1.592110028E-3,9.996886253E-1,1.771471948E2,1.843281882E-1,-7.345487312E-2,1.771470724E2
3.216770208E2,2.489516121E-2,6.798559334E-4,1.593829016E-3,9.996885657E-1,1.771469299E2,1.845224180E-1,-7.333467272E-2,1.771468075E2
3.216820208E2,2.489034281E-2,6.830174825E-4,1.592960791E-3,9.996886849E-1,1.771474822E2,1.844316225E-1,-7.370021276E-2,1.771473593E2
3.216870208E2,2.488062924E-2,6.892068777E-4,1.592418295E-3,9.996889234E-1,1.771485957E2,1.843864090E-1,-7.441258366E-2,1.771484716E2
3.216920208E2,2.488532652E-2,6.861401489E-4,1.595178270E-3,9.996888041E-1,1.771480572E2,1.846941847E-1,-7.405253444E-2,1.771479336E2
3.216970208E2,2.488759665E-2,6.855117972E-4,1.597384340E-3,9.996887445E-1,1.771477970E2,1.849452798E-1,-7.397384183E-2,1.771476733E2
3.217020208E2,2.488783247E-2,6.849643541E-4,1.593941357E-3,9.996887445E-1,1.771477700E2,1.845493205E-1,-7.392090496E-2,1.771476466E2
3.217070208E2,2.489044041E-2,6.837175461E-4,1.591134351E-3,9.996886849E-1,1.771474710E2,1.842243965E-1,-7.378560085E-2,1.771473481E2
3.217120208E2,2.489757893E-2,6.784439320E-4,1.594050205E-3,9.996885061E-1,1.771466528E2,1.845439049E-1,-7.317184226E-2,1.771465306E2
3.217170208E2,2.489259847E-2,6.810508785E-4,1.595959184E-3,9.996886253E-1,1.771472237E2,1.847696630E-1,-7.346595725E-2,1.771471009E2
3.217220208E2,2.489759919E-2,6.789714680E-4,1.593508990E-3,9.996885061E-1,1.771466504E2,1.844834121E-1,-7.323381507E-2,1.771465283E2
3.217270208E2,2.490019431E-2,6.769132451E-4,1.591226785E-3,9.996884465E-1,1.771463530E2,1.842162877E-1,-7.300406682E-2,1.771462313E2
3.217320208E2,2.490274447E-2,6.757977535E-4,1.589238294E-3,9.996883869E-1,1.771460607E2,1.839854964E-1,-7.288148545E-2,1.771459394E2
3.217370208E2,2.489552887E-2,6.801533164E-4,1.587948529E-3,9.996885657E-1,1.771468878E2,1.838496469E-1,-7.338544853E-2,1.771467658E2
3.217420208E2,2.489088740E-2,6.826239405E-4,1.584598213E-3,9.996886849E-1,1.771474198E2,1.834725542E-1,-7.367888325E-2,1.771472976E2
3.217470208E2,2.489330068E-2,6.815818488E-4,1.584740356E-3,9.996886253E-1,1.771471432E2,1.834860424E-1,-7.355865707E-2,1.771470211E2
3.217520208E2,2.489343618E-2,6.818981492E-4,1.582474215E-3,9.996886253E-1,1.771471276E2,1.832273542E-1,-7.360133092E-2,1.771470057E2
3.217570208E2,2.489574067E-2,6.802530843E-4,1.584581565E-3,9.996885657E-1,1.771468635E2,1.834642403E-1,-7.340644442E-2,1.771467417E2
3.217620208E2,2.490080573E-2,6.763600395E-4,1.581866643E-3,9.996884465E-1,1.771462829E2,1.831424911E-1,-7.296729080E-2,1.771461620E2
3.217670208E2,2.490806486E-2,6.716487114E-4,1.582592959E-3,9.996882677E-1,1.771454508E2,1.832127758E-1,-7.242417743E-2,1.771453308E2
3.217720208E2,2.490083382E-2,6.757320953E-4,1.581692835E-3,9.996884465E-1,1.771462797E2,1.831207903E-1,-7.289584690E-2,1.771461590E2
3.217770208E2,2.489868600E-2,6.778741372E-4,1.576908631E-3,9.996885061E-1,1.771465259E2,1.825786857E-1,-7.315527467E-2,1.771464051E2
3.217820208E2,2.489620175E-2,6.789308973E-4,1.577890362E-3,9.996885657E-1,1.771468106E2,1.826939824E-1,-7.327398561E-2,1.771466896E2
3.217870208E2,2.489874219E-2,6.787716411E-4,1.575634815E-3,9.996885061E-1,1.771465194E2,1.824353272E-1,-7.326171338E-2,1.771463986E2
3.217920208E2,2.488884032E-2,6.838399568E-4,1.578613534E-3,9.996887445E-1,1.771476545E2,1.827902894E-1,-7.383563019E-2,1.771475325E2
3.217970208E2,2.488898076E-2,6.837784313E-4,1.576424344E-3,9.996887445E-1,1.771476384E2,1.825393388E-1,-7.383480039E-2,1.771475165E2
3.218020208E2,2.490116383E-2,6.757185911E-4,1.576494658E-3,9.996884465E-1,1.771462418E2,1.825252923E-1,-7.290907292E-2,1.771461215E2
3.218070208E2,2.489853691E-2,6.773705827E-4,1.579476986E-3,9.996885061E-1,1.771465430E2,1.828714589E-1,-7.309028851E-2,1.771464221E2
3.218120208E2,2.489142316E-2,6.827804027E-4,1.576092094E-3,9.996886849E-1,1.771473584E2,1.824986109E-1,-7.372097206E-2,1.771472368E2
3.218170208E2,2.489149957E-2,6.822585128E-4,1.575111062E-3,9.996886849E-1,1.771473496E2,1.823847444E-1,-7.366397091E-2,1.771472282E2
3.218220208E2,2.490607615E-2,6.733917980E-4,1.575483941E-3,9.996883273E-1,1.771456788E2,1.824032249E-1,-7.264451293E-2,1.771455589E2
3.218270208E2,2.490116321E-2,6.760218530E-4,1.576374401E-3,9.996884465E-1,1.771462419E2,1.825123815E-1,-7.294415664E-2,1.771461215E2
3.218320208E2,2.489628458E-2,6.794997025E-4,1.576337847E-3,9.996885657E-1,1.771468011E2,1.825177612E-1,-7.334355984E-2,1.771466801E2
3.218370208E2,2.489370885E-2,6.811306812E-4,1.578510390E-3,9.996886253E-1,1.771470964E2,1.827711037E-1,-7.352467068E-2,1.771469749E2
3.218420208E2,2.489579137E-2,6.802770658E-4,1.583774458E-3,9.996885657E-1,1.771468577E2,1.833718532E-1,-7.341148500E-2,1.771467360E2
3.218470208E2,2.488847221E-2,6.841231370E-4,1.584284240E-3,9.996887445E-1,1.771476966E2,1.834406850E-1,-7.385196385E-2,1.771475742E2
3.218520208E2,2.488855803E-2,6.841554423E-4,1.582921599E-3,9.996887445E-1,1.771476868E2,1.832846844E-1,-7.385953531E-2,1.771475644E2
3.218570208E2,2.489787683E-2,6.785598234E-4,1.589340973E-3,9.996885061E-1,1.771466186E2,1.840047854E-1,-7.319849976E-2,1.771464968E2
3.218620208E2,2.489775873E-2,6.775966031E-4,1.591600361E-3,9.996885061E-1,1.771466322E2,1.842608553E-1,-7.308173243E-2,1.771465104E2
3.218670208E2,2.490269443E-2,6.755382637E-4,1.590132480E-3,9.996883869E-1,1.771460664E2,1.840871867E-1,-7.284921679E-2,1.771459451E2
3.218720208E2,2.490046423E-2,6.758220261E-4,1.587462379E-3,9.996884465E-1,1.771463220E2,1.837819572E-1,-7.288975327E-2,1.771462009E2
3.218770208E2,2.489839868E-2,6.787278107E-4,1.581072574E-3,9.996885061E-1,1.771465588E2,1.830581063E-1,-7.324123964E-2,1.771464376E2
3.218820208E2,2.489595120E-2,6.793690845E-4,1.581650460E-3,9.996885657E-1,1.771468394E2,1.831259571E-1,-7.331350081E-2,1.771467180E2
3.218870208E2,2.490126024E-2,6.758569507E-4,1.574911643E-3,9.996884465E-1,1.771462308E2,1.823443498E-1,-7.292942252E-2,1.771461105E2
3.218920208E2,2.490636702E-2,6.722625112E-4,1.571362489E-3,9.996883273E-1,1.771456454E2,1.819278847E-1,-7.252685678E-2,1.771455261E2
3.218970208E2,2.491609657E-2,6.663249806E-4,1.571326400E-3,9.996880889E-1,1.771445301E2,1.819075016E-1,-7.184501029E-2,1.771444119E2
3.219020208E2,2.491627474E-2,6.658817292E-4,1.568686799E-3,9.996880889E-1,1.771445097E2,1.816038660E-1,-7.180173773E-2,1.771443918E2
3.219070208E2,2.490935746E-2,6.707891007E-4,1.562485239E-3,9.996882677E-1,1.771453026E2,1.809069513E-1,-7.238286507E-2,1.771451842E2
3.219120208E2,2.491175661E-2,6.702601677E-4,1.562598278E-3,9.996882081E-1,1.771450276E2,1.809185642E-1,-7.232151583E-2,1.771449093E2
3.219170208E2,2.491677804E-2,6.656873738E-4,1.560754958E-3,9.996880889E-1,1.771444520E2,1.806947057E-1,-7.180203013E-2,1.771443347E2
3.219220208E2,2.491655805E-2,6.670447183E-4,1.563684782E-3,9.996880889E-1,1.771444772E2,1.810341954E-1,-7.194919598E-2,1.771443595E2
3.219270208E2,2.490917709E-2,6.716424250E-4,1.564992242E-3,9.996882677E-1,1.771453233E2,1.811965671E-1,-7.247349477E-2,1.771452046E2
3.219320208E2,2.490678318E-2,6.721395766E-4,1.564805163E-3,9.996883273E-1,1.771455977E2,1.811763815E-1,-7.253141429E-2,1.771454789E2
3.219370208E2,2.490662237E-2,6.723375991E-4,1.567277708E-3,9.996883273E-1,1.771456161E2,1.814601805E-1,-7.254707090E-2,1.771454971E2
3.219420208E2,2.491417559E-2,6.679851795E-4,1.563138561E-3,9.996881485E-1,1.771447503E2,1.809741363E-1,-7.205892226E-2,1.771446324E2
3.219470208E2,2.491193924E-2,6.693548639E-4,1.560072764E-3,9.996882081E-1,1.771450067E2,1.806266795E-1,-7.222498481E-2,1.771448887E2
3.219520208E2,2.491425009E-2,6.672819145E-4,1.562251244E-3,9.996881485E-1,1.771447418E2,1.808704859E-1,-7.198087902E-2,1.771446241E2
3.219570208E2,2.491151547E-2,6.704445113E-4,1.566358958E-3,9.996882081E-1,1.771450553E2,1.813498824E-1,-7.233194123E-2,1.771449366E2
3.219620208E2,2.489483291E-2,6.813821383E-4,1.560572768E-3,9.996886253E-1,1.771469675E2,1.807170370E-1,-7.360444464E-2,1.771468473E2
3.219670208E2,2.489726857E-2,6.788363680E-4,1.561007928E-3,9.996885657E-1,1.771466883E2,1.807598027E-1,-7.331112973E-2,1.771465686E2
3.219720208E2,2.490903332E-2,6.708959118E-4,1.567598549E-3,9.996882677E-1,1.771453398E2,1.814929942E-1,-7.238056368E-2,1.771452210E2
3.219770208E2,2.491151793E-2,6.691850140E-4,1.566858380E-3,9.996882081E-1,1.771450550E2,1.814034985E-1,-7.218623223E-2,1.771449366E2
3.219820208E2,2.490678620E-2,6.728073931E-4,1.564470003E-3,9.996883273E-1,1.771455974E2,1.811398934E-1,-7.260887267E-2,1.771454784E2
3.219870208E2,2.491180637E-2,6.692650495E-4,1.562231453E-3,9.996882081E-1,1.771450219E2,1.808737047E-1,-7.220855741E-2,1.771449038E2
3.219920208E2,2.491167872E-2,6.698748912E-4,1.564004691E-3,9.996882081E-1,1.771450366E2,1.810785720E-1,-7.227337922E-2,1.771449182E2
3.219970208E2,2.491183167E-2,6.688289577E-4,1.562014804E-3,9.996882081E-1,1.771450190E2,1.808476430E-1,-7.215921445E-2,1.771449010E2
3.220020208E2,2.490955559E-2,6.704336265E-4,1.559476368E-3,9.996882677E-1,1.771452799E2,1.805612660E-1,-7.235069652E-2,1.771451618E2
3.220070208E2,2.490448691E-2,6.748481537E-4,1.562105957E-3,9.996883869E-1,1.771458609E2,1.808747350E-1,-7.284981735E-2,1.771457418E2
3.220120208E2,2.490920691E-2,6.714586634E-4,1.564596314E-3,9.996882677E-1,1.771453199E2,1.811506886E-1,-7.245356858E-2,1.771452012E2
3.220170208E2,2.490907669E-2,6.717572105E-4,1.566540217E-3,9.996882677E-1,1.771453348E2,1.813742176E-1,-7.248224364E-2,1.771452159E2
3.220220208E2,2.490183908E-2,6.761668483E-4,1.565598883E-3,9.996884465E-1,1.771461644E2,1.812784418E-1,-7.299139303E-2,1.771460448E2
3.220270208E2,2.489472600E-2,6.812796346E-4,1.562322024E-3,9.996886253E-1,1.771469798E2,1.809171250E-1,-7.358773119E-2,1.771468595E2
3.220320208E2,2.490209056E-2,6.760875694E-4,1.561628073E-3,9.996884465E-1,1.771461356E2,1.808233528E-1,-7.299359704E-2,1.771460163E2
3.220370208E2,2.489731452E-2,6.789332838E-4,1.560232718E-3,9.996885657E-1,1.771466831E2,1.806712775E-1,-7.332443548E-2,1.771465633E2
3.220420208E2,2.488997553E-2,6.835890235E-4,1.560722361E-3,9.996887445E-1,1.771475243E2,1.807401115E-1,-7.385770783E-2,1.771474037E2
3.220470208E2,2.489963904E-2,6.773190107E-4,1.562028658E-3,9.996885061E-1,1.771464166E2,1.808725775E-1,-7.313396631E-2,1.771462971E2
3.220520208E2,2.490684533E-2,6.733396440E-4,1.563299214E-3,9.996883273E-1,1.771455906E2,1.810072958E-1,-7.267317613E-2,1.771454717E2
3.220570208E2,2.489260601E-2,6.825395976E-4,1.557404292E-3,9.996886849E-1,1.771472228E2,1.803572064E-1,-7.374647944E-2,1.771471026E2
3.220620208E2,2.488763929E-2,6.853901432E-4,1.559008844E-3,9.996888041E-1,1.771477921E2,1.805487821E-1,-7.406934619E-2,1.771476713E2
3.220670208E2,2.489924059E-2,6.781998090E-4,1.567986561E-3,9.996885061E-1,1.771464623E2,1.815575768E-1,-7.321793897E-2,1.771463421E2
3.220720208E2,2.488694718E-2,6.858587149E-4,1.569813932E-3,9.996888041E-1,1.771478715E2,1.817878579E-1,-7.409233318E-2,1.771477497E2
3.220770208E2,2.488209950E-2,6.899213768E-4,1.568963518E-3,9.996889234E-1,1.771484271E2,1.817016636E-1,-7.456104169E-2,1.771483047E2
3.220820208E2,2.488440501E-2,6.876062253E-4,1.571391360E-3,9.996888638E-1,1.771481629E2,1.819733575E-1,-7.428848487E-2,1.771480407E2
3.220870208E2,2.488658776E-2,6.863284507E-4,1.575297094E-3,9.996888041E-1,1.771479127E2,1.824173016E-1,-7.413057204E-2,1.771477904E2
3.220920208E2,2.487216005E-2,6.958895829E-4,1.572010340E-3,9.996891618E-1,1.771495665E2,1.820669674E-1,-7.523785772E-2,1.771494427E2
3.220970208E2,2.487711742E-2,6.932409597E-4,1.570546068E-3,9.996890426E-1,1.771489982E2,1.818920475E-1,-7.493771367E-2,1.771488751E2
3.221020208E2,2.488448353E-2,6.873615202E-4,1.570254448E-3,9.996888638E-1,1.771481539E2,1.818424250E-1,-7.426368027E-2,1.771480318E2
3.221070208E2,2.487957279E-2,6.917131250E-4,1.570264925E-3,9.996889830E-1,1.771487168E2,1.818556684E-1,-7.476304592E-2,1.771485939E2
3.221120208E2,2.488209540E-2,6.897951826E-4,1.569084008E-3,9.996889234E-1,1.771484276E2,1.817151063E-1,-7.454624257E-2,1.771483052E2
3.221170208E2,2.488925121E-2,6.842572475E-4,1.571940258E-3,9.996887445E-1,1.771476074E2,1.820270445E-1,-7.390239186E-2,1.771474858E2
3.221220208E2,2.488409177E-2,6.875194376E-4,1.576381736E-3,9.996888638E-1,1.771481988E2,1.825447656E-1,-7.426436913E-2,1.771480762E2
3.221270208E2,2.488651733E-2,6.863690796E-4,1.576391631E-3,9.996888041E-1,1.771479207E2,1.825427984E-1,-7.413211766E-2,1.771477984E2
3.221320208E2,2.489405717E-2,6.805813755E-4,1.573245390E-3,9.996886253E-1,1.771470565E2,1.821664235E-1,-7.347670063E-2,1.771469355E2
3.221370208E2,2.489640437E-2,6.792584900E-4,1.574548776E-3,9.996885657E-1,1.771467874E2,1.823121325E-1,-7.332100994E-2,1.771466666E2
3.221420208E2,2.489398370E-2,6.814067019E-4,1.574050519E-3,9.996886253E-1,1.771470649E2,1.822610053E-1,-7.356896320E-2,1.771469437E2
3.221470208E2,2.489437489E-2,6.807448808E-4,1.568138949E-3,9.996886253E-1,1.771470200E2,1.815819385E-1,-7.350994095E-2,1.771468994E2
3.221520208E2,2.489698651E-2,6.791782216E-4,1.565351849E-3,9.996885657E-1,1.771467207E2,1.812583807E-1,-7.333794840E-2,1.771466005E2
3.221570208E2,2.490142351E-2,6.764424616E-4,1.572076231E-3,9.996884465E-1,1.771462121E2,1.820212186E-1,-7.300455764E-2,1.771460919E2
3.221620208E2,2.490367125E-2,6.742539117E-4,1.575310365E-3,9.996883869E-1,1.771459544E2,1.823856266E-1,-7.274420729E-2,1.771458345E2
3.221670208E2,2.490122868E-2,6.758415257E-4,1.575417235E-3,9.996884465E-1,1.771462344E2,1.824022222E-1,-7.292621850E-2,1.771461141E2
3.221720208E2,2.489637191E-2,6.791781634E-4,1.575096627E-3,9.996885657E-1,1.771467911E2,1.823746606E-1,-7.331025094E-2,1.771466703E2
3.221770208E2,2.489841290E-2,6.775842048E-4,1.581339166E-3,9.996885061E-1,1.771465572E2,1.830853837E-1,-7.310946956E-2,1.771464361E2
3.221820208E2,2.490578988E-2,6.737229414E-4,1.579861739E-3,9.996883273E-1,1.771457116E2,1.829056534E-1,-7.267000484E-2,1.771455914E2
3.221870208E2,2.489125805E-2,6.822956493E-4,1.578907133E-3,9.996886849E-1,1.771473773E2,1.828196962E-1,-7.365744106E-2,1.771472556E2
3.221920208E2,2.489617944E-2,6.791813066E-4,1.578134601E-3,9.996885657E-1,1.771468132E2,1.827226744E-1,-7.330197874E-2,1.771466921E2
3.221970208E2,2.490343951E-2,6.746866857E-4,1.578784781E-3,9.996883869E-1,1.771459810E2,1.827848608E-1,-7.278391092E-2,1.771458607E2
3.222020208E2,2.489865589E-2,6.783650024E-4,1.577173010E-3,9.996885061E-1,1.771465293E2,1.826103704E-1,-7.321075733E-2,1.771464084E2
3.222070208E2,2.488919469E-2,6.844321033E-4,1.572758891E-3,9.996887445E-1,1.771476138E2,1.821213186E-1,-7.392009801E-2,1.771474922E2
3.222120208E2,2.489164238E-2,6.821497809E-4,1.572899753E-3,9.996886849E-1,1.771473333E2,1.821311254E-1,-7.365779673E-2,1.771472120E2
3.222170208E2,2.489386638E-2,6.816521636E-4,1.575798611E-3,9.996886253E-1,1.771470783E2,1.824619519E-1,-7.359211681E-2,1.771469569E2
3.222220208E2,2.488671027E-2,6.859783316E-4,1.573513146E-3,9.996888041E-1,1.771478986E2,1.822119496E-1,-7.409552916E-2,1.771477766E2
3.222270208E2,2.489434634E-2,6.815232337E-4,1.568254083E-3,9.996886253E-1,1.771470233E2,1.815973465E-1,-7.359878260E-2,1.771469025E2
3.222320208E2,2.489925403E-2,6.777844974E-4,1.567952684E-3,9.996885061E-1,1.771464608E2,1.815525118E-1,-7.317045678E-2,1.771463407E2
3.222370208E2,2.489414774E-2,6.814236986E-4,1.571446657E-3,9.996886253E-1,1.771470461E2,1.819627772E-1,-7.357830862E-2,1.771469251E2
3.222420208E2,2.489418825E-2,6.804065779E-4,1.571245608E-3,9.996886253E-1,1.771470414E2,1.819368469E-1,-7.346235760E-2,1.771469206E2
3.222470208E2,2.489680806E-2,6.793041830E-4,1.568132895E-3,9.996885657E-1,1.771467411E2,1.815773132E-1,-7.334447581E-2,1.771466207E2
3.222520208E2,2.489681116E-2,6.798644899E-4,1.567840925E-3,9.996885657E-1,1.771467408E2,1.815454652E-1,-7.340949473E-2,1.771466203E2
3.222570208E2,2.489402690E-2,6.818998954E-4,1.573153422E-3,9.996886253E-1,1.771470599E2,1.821596475E-1,-7.362801277E-2,1.771469387E2
3.222620208E2,2.489902716E-2,6.772620836E-4,1.571776462E-3,9.996885061E-1,1.771464868E2,1.819890420E-1,-7.309974186E-2,1.771463665E2
3.222670208E2,2.489407498E-2,6.817023968E-4,1.572477981E-3,9.996886253E-1,1.771470544E2,1.820817115E-1,-7.360730626E-2,1.771469333E2
3.222720208E2,2.489137479E-2,6.832618965E-4,1.576647162E-3,9.996886849E-1,1.771473639E2,1.825635674E-1,-7.377455554E-2,1.771472422E2
3.222770208E2,2.489603755E-2,6.798576796E-4,1.580080483E-3,9.996885657E-1,1.771468295E2,1.829475068E-1,-7.337393559E-2,1.771467081E2
3.222820208E2,2.488656277E-2,6.862586597E-4,1.575722126E-3,9.996888041E-1,1.771479155E2,1.824657908E-1,-7.412136947E-2,1.771477933E2
3.222870208E2,2.488912131E-2,6.841436261E-4,1.574045047E-3,9.996887445E-1,1.771476222E2,1.822678276E-1,-7.388339621E-2,1.771475005E2
3.222920208E2,2.490360203E-2,6.755052600E-4,1.575868460E-3,9.996883869E-1,1.771459624E2,1.824531263E-1,-7.288597651E-2,1.771458421E2
3.222970208E2,2.489904832E-2,6.778779789E-4,1.571175642E-3,9.996885061E-1,1.771464843E2,1.819219735E-1,-7.317200679E-2,1.771463640E2
3.223020208E2,2.488915708E-2,6.852491060E-4,1.572998241E-3,9.996887445E-1,1.771476181E2,1.821510653E-1,-7.401301469E-2,1.771474963E2
3.223070208E2,2.489391105E-2,6.807820173E-4,1.575469039E-3,9.996886253E-1,1.771470732E2,1.824217181E-1,-7.349336843E-2,1.771469520E2
3.223120208E2,2.490112576E-2,6.762837875E-4,1.576853567E-3,9.996884465E-1,1.771462462E2,1.825680177E-1,-7.297280228E-2,1.771461257E2
3.223170208E2,2.489394974E-2,6.805392331E-4,1.574962516E-3,9.996886253E-1,1.771470688E2,1.823630029E-1,-7.346699400E-2,1.771469477E2
3.223220208E2,2.489694825E-2,6.791845663E-4,1.565957442E-3,9.996885657E-1,1.771467251E2,1.813277704E-1,-7.333695433E-2,1.771466049E2
3.223270208E2,2.490402261E-2,6.740397657E-4,1.569837914E-3,9.996883869E-1,1.771459141E2,1.817581376E-1,-7.273522941E-2,1.771457946E2
3.223320208E2,2.489956190E-2,6.774938083E-4,1.563181984E-3,9.996885061E-1,1.771464255E2,1.810051914E-1,-7.315071346E-2,1.771463058E2
3.223370208E2,2.489477146E-2,6.810100749E-4,1.561715035E-3,9.996886253E-1,1.771469746E2,1.808468248E-1,-7.355857496E-2,1.771468544E2
3.223420208E2,2.490217322E-2,6.759099779E-4,1.560386270E-3,9.996884465E-1,1.771461261E2,1.806805959E-1,-7.297678166E-2,1.771460069E2
3.223470208E2,2.490959167E-2,6.709708832E-4,1.558668679E-3,9.996882677E-1,1.771452758E2,1.804702766E-1,-7.241454151E-2,1.771451576E2
3.223520208E2,2.490749492E-2,6.720001693E-4,1.553495415E-3,9.996883273E-1,1.771455161E2,1.798804333E-1,-7.254759691E-2,1.771453982E2
3.223570208E2,2.490774424E-2,6.730002351E-4,1.549058710E-3,9.996883273E-1,1.771454875E2,1.793750541E-1,-7.267477933E-2,1.771453697E2
3.223620208E2,2.491744420E-2,6.659716601E-4,1.549961278E-3,9.996880889E-1,1.771443757E2,1.794590826E-1,-7.186529718E-2,1.771442591E2
3.223670208E2,2.491770650E-2,6.664049579E-4,1.545551931E-3,9.996880889E-1,1.771443456E2,1.789552209E-1,-7.192747770E-2,1.771442292E2
3.223720208E2,2.491303412E-2,6.692172610E-4,1.542549464E-3,9.996882081E-1,1.771448812E2,1.786189631E-1,-7.225905181E-2,1.771447645E2
3.223770208E2,2.491040934E-2,6.715277559E-4,1.545303967E-3,9.996882677E-1,1.771451821E2,1.789409149E-1,-7.251633844E-2,1.771450648E2
3.223820208E2,2.490516434E-2,6.742881960E-4,1.551511465E-3,9.996883869E-1,1.771457833E2,1.796595210E-1,-7.281578548E-2,1.771456650E2
3.223870208E2,2.491247889E-2,6.698441575E-4,1.551220077E-3,9.996882081E-1,1.771449448E2,1.796139853E-1,-7.230621212E-2,1.771448274E2
3.223920208E2,2.490999075E-2,6.711829337E-4,1.552186091E-3,9.996882677E-1,1.771452300E2,1.797282902E-1,-7.245726627E-2,1.771451123E2
3.223970208E2,2.490764513E-2,6.722839898E-4,1.550962101E-3,9.996883273E-1,1.771454989E2,1.795910475E-1,-7.258731410E-2,1.771453811E2
3.224020208E2,2.490997408E-2,6.709343870E-4,1.552561065E-3,9.996882677E-1,1.771452319E2,1.797705351E-1,-7.242772638E-2,1.771451142E2
3.224070208E2,2.491013528E-2,6.715000491E-4,1.549727516E-3,9.996882677E-1,1.771452135E2,1.794475610E-1,-7.250058599E-2,1.771450959E2
3.224120208E2,2.491060815E-2,6.715275813E-4,1.542095910E-3,9.996882677E-1,1.771451593E2,1.785734260E-1,-7.252544078E-2,1.771450422E2
3.224170208E2,2.491043418E-2,6.716224598E-4,1.544862287E-3,9.996882677E-1,1.771451792E2,1.788905900E-1,-7.252844371E-2,1.771450619E2
3.224220208E2,2.491244502E-2,6.693818141E-4,1.551963389E-3,9.996882081E-1,1.771449487E2,1.796978138E-1,-7.225113199E-2,1.771448313E2
3.224270208E2,2.490760671E-2,6.719487137E-4,1.551724155E-3,9.996883273E-1,1.771455033E2,1.796773858E-1,-7.254673800E-2,1.771453855E2
3.224320208E2,2.489829516E-2,6.796090747E-4,1.544207335E-3,9.996885657E-1,1.771465707E2,1.788374701E-1,-7.344739865E-2,1.771464520E2
3.224370208E2,2.490811387E-2,6.732449983E-4,1.542997081E-3,9.996883273E-1,1.771454452E2,1.786813824E-1,-7.272005427E-2,1.771453277E2
3.224420208E2,2.491496984E-2,6.671360461E-4,1.550793066E-3,9.996881485E-1,1.771446593E2,1.795575159E-1,-7.199675372E-2,1.771445424E2
3.224470208E2,2.489802811E-2,6.786159356E-4,1.548942644E-3,9.996885657E-1,1.771466013E2,1.793770758E-1,-7.332016555E-2,1.771464824E2
3.224520208E2,2.489587449E-2,6.799460389E-4,1.544500352E-3,9.996886253E-1,1.771468481E2,1.788718206E-1,-7.348559695E-2,1.771467294E2
3.224570208E2,2.490545742E-2,6.747565349E-4,1.546595478E-3,9.996883869E-1,1.771457497E2,1.790977223E-1,-7.288341439E-2,1.771456317E2
3.224620208E2,2.490516998E-2,6.735841744E-4,1.551726600E-3,9.996883869E-1,1.771457826E2,1.796821571E-1,-7.273452063E-2,1.771456645E2
3.224670208E2,2.490541643E-2,6.749373861E-4,1.547176391E-3,9.996883869E-1,1.771457544E2,1.791647827E-1,-7.290248134E-2,1.771456363E2
3.224720208E2,2.490301158E-2,6.752568879E-4,1.547234016E-3,9.996884465E-1,1.771460300E2,1.791721206E-1,-7.293934870E-2,1.771459119E2
3.224770208E2,2.490792507E-2,6.720764795E-4,1.546550076E-3,9.996883273E-1,1.771454668E2,1.790850507E-1,-7.257608579E-2,1.771453493E2
3.224820208E2,2.490781997E-2,6.730020978E-4,1.547839725E-3,9.996883273E-1,1.771454789E2,1.792354226E-1,-7.267845852E-2,1.771453611E2
3.224870208E2,2.490539970E-2,6.746135768E-4,1.547586988E-3,9.996883869E-1,1.771457563E2,1.792108936E-1,-7.286421821E-2,1.771456383E2
3.224920208E2,2.491495003E-2,6.683823885E-4,1.550574554E-3,9.996881485E-1,1.771446616E2,1.795360415E-1,-7.214015700E-2,1.771445445E2
3.224970208E2,2.491208807E-2,6.702964311E-4,1.557289390E-3,9.996882081E-1,1.771449896E2,1.803105257E-1,-7.234076603E-2,1.771448717E2
3.225020208E2,2.490247388E-2,6.752886111E-4,1.555850497E-3,9.996884465E-1,1.771460917E2,1.801592433E-1,-7.291849000E-2,1.771459729E2
3.225070208E2,2.490018674E-2,6.769322208E-4,1.553441980E-3,9.996885061E-1,1.771463538E2,1.798878563E-1,-7.311406001E-2,1.771462350E2
3.225120208E2,2.490748542E-2,6.719402736E-4,1.553673530E-3,9.996883273E-1,1.771455172E2,1.799006658E-1,-7.254022882E-2,1.771453992E2
3.225170208E2,2.490982399E-2,6.716884673E-4,1.554641640E-3,9.996882677E-1,1.771452492E2,1.800110197E-1,-7.250819853E-2,1.771451312E2
3.225220208E2,2.490771913E-2,6.719112280E-4,1.549934852E-3,9.996883273E-1,1.771454904E2,1.794723111E-1,-7.254753085E-2,1.771453727E2
3.225270208E2,2.490989887E-2,6.713250768E-4,1.553598559E-3,9.996882677E-1,1.771452406E2,1.798904963E-1,-7.246953411E-2,1.771451227E2
3.225320208E2,2.490966971E-2,6.707964349E-4,1.557496260E-3,9.996882677E-1,1.771452668E2,1.803354764E-1,-7.239789008E-2,1.771451488E2
3.225370208E2,2.490490975E-2,6.740754470E-4,1.555684954E-3,9.996883869E-1,1.771458125E2,1.801369944E-1,-7.277954838E-2,1.771456939E2
3.225420208E2,2.490978429E-2,6.706042332E-4,1.555745490E-3,9.996882677E-1,1.771452537E2,1.801343744E-1,-7.238084927E-2,1.771451358E2
3.225470208E2,2.491716441E-2,6.667157868E-4,1.554133603E-3,9.996880889E-1,1.771444077E2,1.799391531E-1,-7.193867775E-2,1.771442907E2
3.225520208E2,2.491959251E-2,6.645667017E-4,1.554463292E-3,9.996880293E-1,1.771441294E2,1.799709580E-1,-7.169110896E-2,1.771440127E2
3.225570208E2,2.492422482E-2,6.620791391E-4,1.557917916E-3,9.996879101E-1,1.771435984E2,1.803599332E-1,-7.139544301E-2,1.771434820E2
3.225620208E2,2.491959460E-2,6.644718815E-4,1.554470276E-3,9.996880293E-1,1.771441292E2,1.799714876E-1,-7.168022642E-2,1.771440125E2
3.225670208E2,2.492432072E-2,6.617783802E-4,1.556510804E-3,9.996879101E-1,1.771435874E2,1.801978876E-1,-7.136499106E-2,1.771434711E2
3.225720208E2,2.492433215E-2,6.604917580E-4,1.556874253E-3,9.996879101E-1,1.771435861E2,1.802358485E-1,-7.121656083E-2,1.771434700E2
3.225770208E2,2.492428685E-2,6.617574836E-4,1.557061914E-3,9.996879101E-1,1.771435913E2,1.802609585E-1,-7.136102925E-2,1.771434750E2
3.225820208E2,2.491953157E-2,6.647490081E-4,1.555362018E-3,9.996880293E-1,1.771441364E2,1.800744290E-1,-7.170943771E-2,1.771440196E2
3.225870208E2,2.492695560E-2,6.600425695E-4,1.553331967E-3,9.996878505E-1,1.771432854E2,1.798289616E-1,-7.117474936E-2,1.771431696E2
3.225920208E2,2.492926978E-2,6.585570518E-4,1.555183204E-3,9.996877909E-1,1.771430201E2,1.800369527E-1,-7.099886975E-2,1.771429045E2
3.225970208E2,2.491929787E-2,6.653623423E-4,1.558840042E-3,9.996880293E-1,1.771441632E2,1.804745930E-1,-7.176980875E-2,1.771440461E2
3.226020208E2,2.491216394E-2,6.694838521E-4,1.556425006E-3,9.996882081E-1,1.771449809E2,1.802091907E-1,-7.225013434E-2,1.771448632E2
3.226070208E2,2.490991944E-2,6.715473719E-4,1.553172478E-3,9.996882677E-1,1.771452382E2,1.798423222E-1,-7.249621189E-2,1.771451203E2
3.226120208E2,2.490967391E-2,6.706159911E-4,1.557506737E-3,9.996882677E-1,1.771452664E2,1.803361618E-1,-7.237718852E-2,1.771451483E2
3.226170208E2,2.489243018E-2,6.820828421E-4,1.560411765E-3,9.996886849E-1,1.771472430E2,1.807004153E-1,-7.368560804E-2,1.771471226E2
3.226220208E2,2.489253916E-2,6.833630614E-4,1.558111515E-3,9.996886849E-1,1.771472305E2,1.804405675E-1,-7.383880674E-2,1.771471101E2
3.226270208E2,2.490456369E-2,6.747361040E-4,1.560929813E-3,9.996883869E-1,1.771458521E2,1.807396861E-1,-7.284032419E-2,1.771457331E2
3.226320208E2,2.490211819E-2,6.755014765E-4,1.561441110E-3,9.996884465E-1,1.771461324E2,1.808002644E-1,-7.292698518E-2,1.771460133E2
3.226370208E2,2.489750604E-2,6.798142567E-4,1.556789037E-3,9.996885657E-1,1.771466611E2,1.802793101E-1,-7.343514693E-2,1.771465415E2
3.226420208E2,2.490002537E-2,6.781896227E-4,1.555478782E-3,9.996885061E-1,1.771463723E2,1.801247611E-1,-7.325231994E-2,1.771462531E2
3.226470208E2,2.490699027E-2,6.727144355E-4,1.561257872E-3,9.996883273E-1,1.771455740E2,1.807716732E-1,-7.260735509E-2,1.771454553E2
3.226520208E2,2.490206506E-2,6.755514769E-4,1.562266611E-3,9.996884465E-1,1.771461385E2,1.808949695E-1,-7.293036690E-2,1.771460193E2
3.226570208E2,2.490698543E-2,6.726214197E-4,1.561375102E-3,9.996883273E-1,1.771455745E2,1.807848368E-1,-7.259636585E-2,1.771454559E2
3.226620208E2,2.491187978E-2,6.697595236E-4,1.560848323E-3,9.996882081E-1,1.771450135E2,1.807166756E-1,-7.226913761E-2,1.771448954E2
3.226670208E2,2.491191181E-2,6.697219214E-4,1.560353092E-3,9.996882081E-1,1.771450098E2,1.806598388E-1,-7.226623807E-2,1.771448918E2
3.226720208E2,2.491188199E-2,6.687503774E-4,1.561245765E-3,9.996882081E-1,1.771450133E2,1.807593240E-1,-7.215239897E-2,1.771448953E2
3.226770208E2,2.491667686E-2,6.670454168E-4,1.561790123E-3,9.996880889E-1,1.771444636E2,1.808171610E-1,-7.195466442E-2,1.771443460E2
3.226820208E2,2.492144396E-2,6.627777475E-4,1.563849277E-3,9.996879697E-1,1.771439172E2,1.810412039E-1,-7.145903497E-2,1.771438002E2
3.226870208E2,2.492131470E-2,6.635506288E-4,1.565580489E-3,9.996879697E-1,1.771439320E2,1.812417231E-1,-7.154265230E-2,1.771438147E2
3.226920208E2,2.491181743E-2,6.687804125E-4,1.562262652E-3,9.996882081E-1,1.771450207E2,1.808758959E-1,-7.215294833E-2,1.771449026E2
3.226970208E2,2.490949301E-2,6.711695460E-4,1.560159260E-3,9.996882677E-1,1.771452871E2,1.806415919E-1,-7.243306238E-2,1.771451688E2
3.227020208E2,2.492175029E-2,6.637703627E-4,1.558537595E-3,9.996879697E-1,1.771438821E2,1.804355749E-1,-7.158785923E-2,1.771437653E2
3.227070208E2,2.491688166E-2,6.657603080E-4,1.559068682E-3,9.996880889E-1,1.771444402E2,1.805017480E-1,-7.181518141E-2,1.771443229E2
3.227120208E2,2.491419636E-2,6.679834332E-4,1.562808175E-3,9.996881485E-1,1.771447480E2,1.809362849E-1,-7.205966174E-2,1.771446301E2
3.227170208E2,2.491173439E-2,6.698088255E-4,1.563146012E-3,9.996882081E-1,1.771450302E2,1.809800204E-1,-7.226825228E-2,1.771449119E2
3.227220208E2,2.491406987E-2,6.678020582E-4,1.564900856E-3,9.996881485E-1,1.771447625E2,1.811754876E-1,-7.203293232E-2,1.771446444E2
3.227270208E2,2.490421828E-2,6.741186371E-4,1.566696912E-3,9.996883869E-1,1.771458917E2,1.813985556E-1,-7.275319324E-2,1.771457724E2
3.227320208E2,2.490185391E-2,6.768753519E-4,1.565056737E-3,9.996884465E-1,1.771461627E2,1.812183586E-1,-7.307410072E-2,1.771460430E2
3.227370208E2,2.490182463E-2,6.754760980E-4,1.566126710E-3,9.996884465E-1,1.771461661E2,1.813369353E-1,-7.291075989E-2,1.771460466E2
3.227420208E2,2.490656876E-2,6.736328360E-4,1.567573519E-3,9.996883273E-1,1.771456223E2,1.814977608E-1,-7.269461333E-2,1.771455030E2
3.227470208E2,2.490424419E-2,6.752992631E-4,1.565776300E-3,9.996883869E-1,1.771458887E2,1.812964654E-1,-7.289106357E-2,1.771457693E2
3.227520208E2,2.490678520E-2,6.724467967E-4,1.564641017E-3,9.996883273E-1,1.771455975E2,1.811584547E-1,-7.256707629E-2,1.771454786E2
3.227570208E2,2.491383317E-2,6.679390790E-4,1.568606240E-3,9.996881485E-1,1.771447896E2,1.816003364E-1,-7.203809275E-2,1.771446713E2
3.227620208E2,2.491370804E-2,6.686016568E-4,1.570310444E-3,9.996881485E-1,1.771448039E2,1.817974463E-1,-7.210915211E-2,1.771446854E2
3.227670208E2,2.490645865E-2,6.735514035E-4,1.569357002E-3,9.996883273E-1,1.771456349E2,1.817018294E-1,-7.268021435E-2,1.771455155E2
3.227720208E2,2.491149229E-2,6.692493916E-4,1.567238593E-3,9.996882081E-1,1.771450579E2,1.814472362E-1,-7.219252631E-2,1.771449395E2
3.227770208E2,2.491865948E-2,6.643966190E-4,1.569421147E-3,9.996880293E-1,1.771442364E2,1.816839202E-1,-7.162907946E-2,1.771441187E2
3.227820208E2,2.490864893E-2,6.719180965E-4,1.573258429E-3,9.996882677E-1,1.771453838E2,1.821442588E-1,-7.248157493E-2,1.771452645E2
3.227870208E2,2.490891716E-2,6.718716468E-4,1.569025801E-3,9.996882677E-1,1.771453531E2,1.816592718E-1,-7.248828690E-2,1.771452340E2
3.227920208E2,2.491872441E-2,6.646904512E-4,1.568265376E-3,9.996880293E-1,1.771442289E2,1.815523632E-1,-7.166602828E-2,1.771441112E2
3.227970208E2,2.492091123E-2,6.632313598E-4,1.572124544E-3,9.996879697E-1,1.771439783E2,1.819904442E-1,-7.148746249E-2,1.771438606E2
3.228020208E2,2.491598808E-2,6.672584568E-4,1.572649926E-3,9.996880889E-1,1.771445426E2,1.820617774E-1,-7.194818616E-2,1.771444241E2
3.228070208E2,2.491606840E-2,6.665380206E-4,1.571682631E-3,9.996880889E-1,1.771445334E2,1.819489164E-1,-7.186840326E-2,1.771444151E2
3.228120208E2,2.491390750E-2,6.683954271E-4,1.567230793E-3,9.996881485E-1,1.771447811E2,1.814440788E-1,-7.209428356E-2,1.771446628E2
3.228170208E2,2.491625137E-2,6.671068259E-4,1.568537438E-3,9.996880889E-1,1.771445124E2,1.815902525E-1,-7.194251044E-2,1.771443942E2
3.228220208E2,2.492589096E-2,6.599560147E-4,1.570359804E-3,9.996878505E-1,1.771434074E2,1.817792820E-1,-7.111638691E-2,1.771432905E2
3.228270208E2,2.492378372E-2,6.607754040E-4,1.565509825E-3,9.996879101E-1,1.771436490E2,1.812258776E-1,-7.122448830E-2,1.771435322E2
3.228320208E2,2.491654725E-2,6.661399966E-4,1.564242411E-3,9.996880889E-1,1.771444785E2,1.810954910E-1,-7.184396454E-2,1.771443608E2
3.228370208E2,2.492130229E-2,6.628212868E-4,1.566086779E-3,9.996879697E-1,1.771439334E2,1.812976378E-1,-7.145765825E-2,1.771438162E2
3.228420208E2,2.492863228E-2,6.586912205E-4,1.565312268E-3,9.996877909E-1,1.771430932E2,1.811976373E-1,-7.098541835E-2,1.771429768E2
3.228470208E2,2.492141798E-2,6.638230989E-4,1.563819824E-3,9.996879697E-1,1.771439202E2,1.810408136E-1,-7.157887490E-2,1.771438030E2
3.228520208E2,2.492351014E-2,6.612357101E-4,1.569665386E-3,9.996879101E-1,1.771436803E2,1.817032181E-1,-7.126539976E-2,1.771435632E2
3.228570208E2,2.492315152E-2,6.614105660E-4,1.575275906E-3,9.996879101E-1,1.771437215E2,1.823464117E-1,-7.126947147E-2,1.771436039E2
3.228620208E2,2.491602675E-2,6.663287641E-4,1.572431414E-3,9.996880889E-1,1.771445381E2,1.820340936E-1,-7.184230128E-2,1.771444199E2
3.228670208E2,2.491355126E-2,6.683758693E-4,1.572891837E-3,9.996881485E-1,1.771448219E2,1.820925049E-1,-7.207594544E-2,1.771447032E2
3.228720208E2,2.492787798E-2,6.588484393E-4,1.577213523E-3,9.996877909E-1,1.771431797E2,1.825613949E-1,-7.096956775E-2,1.771430624E2
3.228770208E2,2.492520318E-2,6.598284235E-4,1.581292134E-3,9.996878505E-1,1.771434863E2,1.830312344E-1,-7.107066922E-2,1.771433686E2
3.228820208E2,2.491560601E-2,6.671131123E-4,1.578752999E-3,9.996880889E-1,1.771445864E2,1.827604797E-1,-7.191417993E-2,1.771444675E2
3.228870208E2,2.492282531E-2,6.613840233E-4,1.580439741E-3,9.996879101E-1,1.771437588E2,1.829378617E-1,-7.125174209E-2,1.771436409E2
3.228920208E2,2.492501278E-2,6.597954198E-4,1.584304264E-3,9.996878505E-1,1.771435081E2,1.833761846E-1,-7.105831970E-2,1.771433902E2
3.228970208E2,2.490790524E-2,6.721766549E-4,1.584879239E-3,9.996882677E-1,1.771454691E2,1.834761790E-1,-7.247815984E-2,1.771453488E2
3.229020208E2,2.489819855E-2,6.773931091E-4,1.584792160E-3,9.996885061E-1,1.771465817E2,1.834803849E-1,-7.307776542E-2,1.771464605E2
3.229070208E2,2.490309922E-2,6.752336049E-4,1.583910314E-3,9.996883869E-1,1.771460200E2,1.833735588E-1,-7.283199866E-2,1.771458992E2
3.229120208E2,2.490755631E-2,6.722355029E-4,1.590328757E-3,9.996882677E-1,1.771455091E2,1.841005978E-1,-7.246941059E-2,1.771453884E2
3.229170208E2,2.490269782E-2,6.748542073E-4,1.590369735E-3,9.996883869E-1,1.771460660E2,1.841124137E-1,-7.277017640E-2,1.771459448E2
3.229220208E2,2.490996707E-2,6.704526022E-4,1.590790111E-3,9.996882081E-1,1.771452328E2,1.841485336E-1,-7.226340792E-2,1.771451124E2
3.229270208E2,2.491205473E-2,6.691769231E-4,1.596083632E-3,9.996881485E-1,1.771449934E2,1.847514481E-1,-7.210177470E-2,1.771448729E2
3.229320208E2,2.490482539E-2,6.727467990E-4,1.595405629E-3,9.996883273E-1,1.771458221E2,1.846834465E-1,-7.251399605E-2,1.771457010E2
3.229370208E2,2.489762312E-2,6.787669263E-4,1.593222260E-3,9.996885061E-1,1.771466477E2,1.844499834E-1,-7.321119729E-2,1.771465256E2
3.229420208E2,2.490732829E-2,6.725720013E-4,1.593753928E-3,9.996882677E-1,1.771455352E2,1.844939165E-1,-7.249822401E-2,1.771454142E2
3.229470208E2,2.491443756E-2,6.670306320E-4,1.597120776E-3,9.996880889E-1,1.771447203E2,1.848643028E-1,-7.185250297E-2,1.771446001E2
3.229520208E2,2.490964949E-2,6.694619078E-4,1.596171176E-3,9.996882081E-1,1.771452692E2,1.847621169E-1,-7.213461598E-2,1.771451486E2
3.229570208E2,2.490516729E-2,6.737895892E-4,1.589617925E-3,9.996883273E-1,1.771457829E2,1.840234302E-1,-7.264990903E-2,1.771456620E2
3.229620208E2,2.490755363E-2,6.714462070E-4,1.590704080E-3,9.996882677E-1,1.771455094E2,1.841413401E-1,-7.237792131E-2,1.771453888E2
3.229670208E2,2.491014663E-2,6.701068487E-4,1.588121871E-3,9.996882081E-1,1.771452122E2,1.838418962E-1,-7.223138355E-2,1.771450920E2
3.229720208E2,2.490778625E-2,6.710463203E-4,1.587226638E-3,9.996882677E-1,1.771454827E2,1.837418528E-1,-7.234199493E-2,1.771453625E2
3.229770208E2,2.491007322E-2,6.708397996E-4,1.588963671E-3,9.996882081E-1,1.771452206E2,1.839404166E-1,-7.231295787E-2,1.771451003E2
3.229820208E2,2.492262159E-2,6.614796002E-4,1.583609148E-3,9.996879101E-1,1.771437822E2,1.833011953E-1,-7.125367631E-2,1.771436640E2
3.229870208E2,2.491782422E-2,6.651052972E-4,1.582329627E-3,9.996880293E-1,1.771443321E2,1.831646304E-1,-7.167355440E-2,1.771442133E2
3.229920208E2,2.491291761E-2,6.677811616E-4,1.583147561E-3,9.996881485E-1,1.771448945E2,1.832656181E-1,-7.197865421E-2,1.771447752E2
3.229970208E2,2.491059512E-2,6.704919506E-4,1.580908196E-3,9.996882081E-1,1.771451608E2,1.830166567E-1,-7.229600940E-2,1.771450411E2
3.230020208E2,2.491282059E-2,6.684511318E-4,1.584390993E-3,9.996881485E-1,1.771449057E2,1.834099668E-1,-7.205187110E-2,1.771447861E2
3.230070208E2,2.492257037E-2,6.612451398E-4,1.584512880E-3,9.996879101E-1,1.771437881E2,1.834040501E-1,-7.122424579E-2,1.771436699E2
3.230120208E2,2.490555827E-2,6.731824833E-4,1.583738485E-3,9.996883273E-1,1.771457381E2,1.833481993E-1,-7.259706996E-2,1.771456177E2
3.230170208E2,2.491264137E-2,6.679865764E-4,1.587402076E-3,9.996881485E-1,1.771449262E2,1.837535657E-1,-7.199009010E-2,1.771448065E2
3.230220208E2,2.493223089E-2,6.556690205E-4,1.585272606E-3,9.996876717E-1,1.771426807E2,1.834758366E-1,-7.058152597E-2,1.771425635E2
3.230270208E2,2.492979764E-2,6.562651251E-4,1.585705555E-3,9.996877313E-1,1.771429596E2,1.835269649E-1,-7.064902293E-2,1.771428423E2
3.230320208E2,2.491776877E-2,6.645026733E-4,1.583455596E-3,9.996880293E-1,1.771443385E2,1.832918922E-1,-7.160131528E-2,1.771442197E2
3.230370208E2,2.492990825E-2,6.565341027E-4,1.583854086E-3,9.996877313E-1,1.771429470E2,1.833156440E-1,-7.068510499E-2,1.771428297E2
3.230420208E2,2.492977871E-2,6.575557054E-4,1.585468417E-3,9.996877313E-1,1.771429618E2,1.835034852E-1,-7.079754734E-2,1.771428442E2
3.230470208E2,2.491086882E-2,6.702476530E-4,1.576693379E-3,9.996882081E-1,1.771451294E2,1.825331456E-1,-7.228000561E-2,1.771450101E2
3.230520208E2,2.491798884E-2,6.642295048E-4,1.580103533E-3,9.996880293E-1,1.771443132E2,1.829071283E-1,-7.157955373E-2,1.771441948E2
3.230570208E2,2.492495205E-2,6.602640497E-4,1.585064223E-3,9.996878505E-1,1.771435151E2,1.834645770E-1,-7.110984445E-2,1.771433970E2
3.230620208E2,2.491794226E-2,6.643494708E-4,1.580787473E-3,9.996880293E-1,1.771443186E2,1.829858171E-1,-7.159135207E-2,1.771442001E2
3.230670208E2,2.491095418E-2,6.703757681E-4,1.575289643E-3,9.996882081E-1,1.771451196E2,1.823727109E-1,-7.229867361E-2,1.771450004E2
3.230720208E2,2.491860255E-2,6.643318338E-4,1.570352120E-3,9.996880293E-1,1.771442429E2,1.817903799E-1,-7.161900982E-2,1.771441251E2
3.230770208E2,2.492576679E-2,6.599129410E-4,1.572347595E-3,9.996878505E-1,1.771434217E2,1.820068639E-1,-7.110579722E-2,1.771433046E2
3.230820208E2,2.492579600E-2,6.594679435E-4,1.572071225E-3,9.996878505E-1,1.771434183E2,1.819739349E-1,-7.105560426E-2,1.771433013E2
3.230870208E2,2.491855697E-2,6.656271871E-4,1.570526976E-3,9.996880293E-1,1.771442481E2,1.818141067E-1,-7.176690909E-2,1.771441301E2
3.230920208E2,2.490647443E-2,6.732835900E-4,1.569221495E-3,9.996883273E-1,1.771456331E2,1.816855429E-1,-7.264991864E-2,1.771455138E2
3.230970208E2,2.492587026E-2,6.598447799E-4,1.570735010E-3,9.996878505E-1,1.771434098E2,1.818219450E-1,-7.110257633E-2,1.771432928E2
3.231020208E2,2.492821277E-2,6.590244011E-4,1.571839442E-3,9.996877909E-1,1.771431413E2,1.819462874E-1,-7.100501610E-2,1.771430244E2
3.231070208E2,2.491357149E-2,6.687760470E-4,1.572401263E-3,9.996881485E-1,1.771448196E2,1.820374507E-1,-7.212318505E-2,1.771447008E2
3.231120208E2,2.491851429E-2,6.650206633E-4,1.571460743E-3,9.996880293E-1,1.771442530E2,1.819193403E-1,-7.169476956E-2,1.771441350E2
3.231170208E2,2.492816422E-2,6.583310897E-4,1.572899520E-3,9.996877909E-1,1.771431469E2,1.820657416E-1,-7.092257378E-2,1.771430300E2
3.231220208E2,2.491358304E-2,6.686707493E-4,1.572263078E-3,9.996881485E-1,1.771448183E2,1.820213209E-1,-7.211151500E-2,1.771446996E2
3.231270208E2,2.490894003E-2,6.713722833E-4,1.568876440E-3,9.996882677E-1,1.771453505E2,1.816407377E-1,-7.243150406E-2,1.771452315E2
3.231320208E2,2.492585448E-2,6.600229535E-4,1.570910681E-3,9.996878505E-1,1.771434116E2,1.818425770E-1,-7.112248824E-2,1.771432946E2
3.231370208E2,2.492814047E-2,6.579119363E-4,1.573451213E-3,9.996877909E-1,1.771431496E2,1.821277422E-1,-7.087298564E-2,1.771430328E2
3.231420208E2,2.491365854E-2,6.676160265E-4,1.571514760E-3,9.996881485E-1,1.771448096E2,1.819325904E-1,-7.199281303E-2,1.771446911E2
3.231470208E2,2.491390438E-2,6.677914062E-4,1.567537780E-3,9.996881485E-1,1.771447814E2,1.814775212E-1,-7.202421352E-2,1.771446632E2
3.231520208E2,2.492069649E-2,6.635279860E-4,1.575399889E-3,9.996879697E-1,1.771440029E2,1.823664871E-1,-7.151212804E-2,1.771438849E2
3.231570208E2,2.491592622E-2,6.672592717E-4,1.573629328E-3,9.996880889E-1,1.771445497E2,1.821739719E-1,-7.194549432E-2,1.771444311E2
3.231620208E2,2.490419382E-2,6.737877266E-4,1.567227882E-3,9.996883869E-1,1.771458945E2,1.814584353E-1,-7.271377457E-2,1.771457752E2
3.231670208E2,2.490669652E-2,6.733466871E-4,1.565665356E-3,9.996883273E-1,1.771456076E2,1.812783613E-1,-7.266725642E-2,1.771454885E2
3.231720208E2,2.490661673E-2,6.729874876E-4,1.567088417E-3,9.996883273E-1,1.771456168E2,1.814403507E-1,-7.262206076E-2,1.771454977E2
3.231770208E2,2.491162079E-2,6.691169110E-4,1.565251267E-3,9.996882081E-1,1.771450432E2,1.812192067E-1,-7.218299993E-2,1.771449249E2
3.231820208E2,2.490722200E-2,6.722009275E-4,1.557778334E-3,9.996883273E-1,1.771455474E2,1.803716216E-1,-7.255841940E-2,1.771454291E2
3.231870208E2,2.490225163E-2,6.762164412E-4,1.559001626E-3,9.996884465E-1,1.771461172E2,1.805228566E-1,-7.301582605E-2,1.771459980E2
3.231920208E2,2.491399783E-2,6.679724902E-4,1.565974555E-3,9.996881485E-1,1.771447707E2,1.812989679E-1,-7.204940389E-2,1.771446526E2
3.231970208E2,2.491433352E-2,6.683505489E-4,1.560462872E-3,9.996881485E-1,1.771447322E2,1.806686741E-1,-7.210838824E-2,1.771446144E2
3.232020208E2,2.490715739E-2,6.729278830E-4,1.558497432E-3,9.996883273E-1,1.771455548E2,1.804560691E-1,-7.263965559E-2,1.771454363E2
3.232070208E2,2.490687730E-2,6.730647874E-4,1.562908175E-3,9.996883273E-1,1.771455869E2,1.809617176E-1,-7.264280003E-2,1.771454681E2
3.232120208E2,2.491160396E-2,6.690879818E-4,1.565531478E-3,9.996882081E-1,1.771450451E2,1.812512229E-1,-7.217888903E-2,1.771449268E2
3.232170208E2,2.491422448E-2,6.681178347E-4,1.562302350E-3,9.996881485E-1,1.771447447E2,1.808787254E-1,-7.207649730E-2,1.771446268E2
3.232220208E2,2.490937154E-2,6.716515636E-4,1.561890123E-3,9.996882677E-1,1.771453010E2,1.808412403E-1,-7.248336149E-2,1.771451825E2
3.232270208E2,2.491878051E-2,6.654961035E-4,1.567031723E-3,9.996880293E-1,1.771442225E2,1.814133455E-1,-7.176183309E-2,1.771441047E2
3.232320208E2,2.491890901E-2,6.651403964E-4,1.565138344E-3,9.996880293E-1,1.771442078E2,1.811954406E-1,-7.172646822E-2,1.771440902E2
3.232370208E2,2.490925943E-2,6.706205895E-4,1.564119593E-3,9.996882677E-1,1.771453139E2,1.810936886E-1,-7.235891358E-2,1.771451954E2
3.232420208E2,2.491418396E-2,6.682131789E-4,1.562907593E-3,9.996881485E-1,1.771447494E2,1.809483291E-1,-7.208569885E-2,1.771446314E2
3.232470208E2,2.492091409E-2,6.624724483E-4,1.572399167E-3,9.996879697E-1,1.771439779E2,1.820197368E-1,-7.139973994E-2,1.771438604E2
3.232520208E2,2.491859153E-2,6.651582080E-4,1.570177265E-3,9.996880293E-1,1.771442442E2,1.817727082E-1,-7.171417713E-2,1.771441262E2
3.232570208E2,2.491652917E-2,6.655672332E-4,1.564774197E-3,9.996880889E-1,1.771444806E2,1.811547734E-1,-7.177683599E-2,1.771443630E2
3.232620208E2,2.492596752E-2,6.594384322E-4,1.569361659E-3,9.996878505E-1,1.771433987E2,1.816634653E-1,-7.105993202E-2,1.771432819E2
3.232670208E2,2.493036180E-2,6.565687363E-4,1.576684532E-3,9.996877313E-1,1.771428950E2,1.824944585E-1,-7.070947221E-2,1.771427782E2
3.232720208E2,2.492807474E-2,6.579737528E-4,1.574466471E-3,9.996877909E-1,1.771431571E2,1.822442182E-1,-7.087717880E-2,1.771430402E2
3.232770208E2,2.492109218E-2,6.623852532E-4,1.569610788E-3,9.996879697E-1,1.771439575E2,1.817000743E-1,-7.139768206E-2,1.771438402E2
3.232820208E2,2.492834336E-2,6.589012337E-4,1.569818705E-3,9.996877909E-1,1.771431263E2,1.817144569E-1,-7.099665543E-2,1.771430096E2
3.232870208E2,2.492070191E-2,6.632722216E-4,1.575421891E-3,9.996879697E-1,1.771440022E2,1.823682775E-1,-7.148276491E-2,1.771438843E2
3.232920208E2,2.492558293E-2,6.604696391E-4,1.575026195E-3,9.996878505E-1,1.771434428E2,1.823152913E-1,-7.116195259E-2,1.771433254E2
3.232970208E2,2.492580518E-2,6.594194565E-4,1.571945962E-3,9.996878505E-1,1.771434173E2,1.819594474E-1,-7.105040592E-2,1.771433003E2
3.233020208E2,2.493293496E-2,6.551071419E-4,1.574394177E-3,9.996876717E-1,1.771426000E2,1.822280899E-1,-7.054811242E-2,1.771424837E2
3.233070208E2,2.493761782E-2,6.525506615E-4,1.576980460E-3,9.996875525E-1,1.771420632E2,1.825173885E-1,-7.024700818E-2,1.771419472E2
3.233120208E2,2.493542186E-2,6.528616068E-4,1.573788002E-3,9.996876121E-1,1.771423149E2,1.821524072E-1,-7.029215217E-2,1.771421991E2
3.233170208E2,2.493789835E-2,6.518632872E-4,1.572823036E-3,9.996875525E-1,1.771420311E2,1.820391853E-1,-7.018009531E-2,1.771419154E2
3.233220208E2,2.493758932E-2,6.512949476E-4,1.577949966E-3,9.996875525E-1,1.771420665E2,1.826248606E-1,-7.010039347E-2,1.771419506E2
3.233270208E2,2.494001818E-2,6.506080390E-4,1.577607938E-3,9.996874928E-1,1.771417881E2,1.825838862E-1,-7.002223793E-2,1.771416723E2
3.233320208E2,2.493554003E-2,6.540543982E-4,1.571418601E-3,9.996876121E-1,1.771423014E2,1.818843948E-1,-7.043554242E-2,1.771421855E2
3.233370208E2,2.493323219E-2,6.554243155E-4,1.569547574E-3,9.996876717E-1,1.771425659E2,1.816738091E-1,-7.059824030E-2,1.771424499E2
3.233420208E2,2.494263162E-2,6.480027805E-4,1.575130620E-3,9.996874332E-1,1.771414885E2,1.822928300E-1,-6.973039420E-2,1.771413734E2
3.233470208E2,2.494027874E-2,6.507359212E-4,1.573430491E-3,9.996874928E-1,1.771417582E2,1.821057178E-1,-7.004877941E-2,1.771416427E2
3.233520208E2,2.491848619E-2,6.648715935E-4,1.571969362E-3,9.996880293E-1,1.771442562E2,1.819771780E-1,-7.167624545E-2,1.771441382E2
3.233570208E2,2.493291272E-2,6.558216410E-4,1.574448892E-3,9.996876717E-1,1.771426026E2,1.822363979E-1,-7.062981015E-2,1.771424861E2
3.233620208E2,2.493296348E-2,6.550419494E-4,1.573969610E-3,9.996876717E-1,1.771425967E2,1.821792689E-1,-7.054185211E-2,1.771424804E2
3.233670208E2,2.490891639E-2,6.715080235E-4,1.569193671E-3,9.996882677E-1,1.771453532E2,1.816774643E-1,-7.244615267E-2,1.771452342E2
3.233720208E2,2.492102884E-2,6.630314165E-4,1.570343506E-3,9.996879697E-1,1.771439648E2,1.817858527E-1,-7.146962280E-2,1.771438472E2
3.233770208E2,2.493548063E-2,6.540222093E-4,1.572374371E-3,9.996876121E-1,1.771423082E2,1.819937879E-1,-7.042913469E-2,1.771421922E2
3.233820208E2,2.492102748E-2,6.634179153E-4,1.570201828E-3,9.996879697E-1,1.771439649E2,1.817707264E-1,-7.151430336E-2,1.771438473E2
3.233870208E2,2.492389229E-2,6.614390877E-4,1.563499682E-3,9.996879101E-1,1.771436365E2,1.809975068E-1,-7.130623881E-2,1.771435198E2
3.233920208E2,2.495000461E-2,6.429950008E-4,1.573899528E-3,9.996872544E-1,1.771406434E2,1.821379959E-1,-6.915889966E-2,1.771405293E2
3.233970208E2,2.494999162E-2,6.438193959E-4,1.573768444E-3,9.996872544E-1,1.771406449E2,1.821253359E-1,-6.925371602E-2,1.771405306E2
3.234020208E2,2.493087151E-2,6.573199644E-4,1.568289590E-3,9.996877313E-1,1.771428365E2,1.815349489E-1,-7.081942095E-2,1.771427202E2
3.234070208E2,2.493836700E-2,6.509917439E-4,1.565737417E-3,9.996875525E-1,1.771419773E2,1.812250263E-1,-7.010041924E-2,1.771418624E2
3.234120208E2,2.493826684E-2,6.511984393E-4,1.567246043E-3,9.996875525E-1,1.771419888E2,1.813984324E-1,-7.011980415E-2,1.771418737E2
3.234170208E2,2.494062817E-2,6.494816625E-4,1.568401931E-3,9.996874928E-1,1.771417182E2,1.815261049E-1,-6.991940532E-2,1.771416033E2
3.234220208E2,2.495039091E-2,6.441938458E-4,1.567271654E-3,9.996872544E-1,1.771405991E2,1.813821874E-1,-6.931511443E-2,1.771404853E2
3.234270208E2,2.493785227E-2,6.516569410E-4,1.573638991E-3,9.996875525E-1,1.771420364E2,1.821320650E-1,-7.015413373E-2,1.771419207E2
3.234320208E2,2.493062387E-2,6.561063346E-4,1.572728273E-3,9.996877313E-1,1.771428649E2,1.820399422E-1,-7.066775644E-2,1.771427485E2
3.234370208E2,2.495523549E-2,6.401030696E-4,1.567854080E-3,9.996871352E-1,1.771400438E2,1.814375442E-1,-6.884394792E-2,1.771399307E2
3.234420208E2,2.494781259E-2,6.448208587E-4,1.570036169E-3,9.996873140E-1,1.771408946E2,1.817004934E-1,-6.937950664E-2,1.771407805E2
3.234470208E2,2.493568778E-2,6.529929233E-4,1.569514396E-3,9.996876121E-1,1.771422845E2,1.816632334E-1,-7.031935878E-2,1.771421689E2
3.234520208E2,2.496207398E-2,6.361859851E-4,1.574586378E-3,9.996869564E-1,1.771392599E2,1.821980347E-1,-6.837472418E-2,1.771391470E2
3.234570208E2,2.495476128E-2,6.399752456E-4,1.575435628E-3,9.996871352E-1,1.771400981E2,1.823056583E-1,-6.880770989E-2,1.771399845E2
3.234620208E2,2.493076256E-2,6.559143658E-4,1.570608467E-3,9.996877313E-1,1.771428490E2,1.817965666E-1,-7.065179628E-2,1.771427328E2
3.234670208E2,2.494306754E-2,6.479762960E-4,1.568223466E-3,9.996874332E-1,1.771414385E2,1.815015280E-1,-6.974702406E-2,1.771413240E2
3.234720208E2,2.495956575E-2,6.369188777E-4,1.576208277E-3,9.996870160E-1,1.771395474E2,1.823857578E-1,-6.845449930E-2,1.771394343E2
3.234770208E2,2.494042270E-2,6.502885371E-4,1.571332221E-3,9.996874928E-1,1.771417417E2,1.818640795E-1,-7.000349978E-2,1.771416265E2
3.234820208E2,2.493340948E-2,6.555441651E-4,1.566678518E-3,9.996876717E-1,1.771425456E2,1.813454962E-1,-7.062013524E-2,1.771424297E2
3.234870208E2,2.494791289E-2,6.455453113E-4,1.568143489E-3,9.996873140E-1,1.771408831E2,1.814857536E-1,-6.946788968E-2,1.771407690E2
3.234920208E2,2.494273153E-2,6.491199019E-4,1.573087298E-3,9.996874332E-1,1.771414771E2,1.820619554E-1,-6.986418922E-2,1.771413619E2
3.234970208E2,2.493832194E-2,6.510983803E-4,1.566410647E-3,9.996875525E-1,1.771419825E2,1.813024505E-1,-7.011071925E-2,1.771418675E2
3.235020208E2,2.493858196E-2,6.519255694E-4,1.561920391E-3,9.996875525E-1,1.771419527E2,1.807904467E-1,-7.021826396E-2,1.771418378E2
3.235070208E2,2.493830183E-2,6.509158411E-4,1.566806575E-3,9.996875525E-1,1.771419848E2,1.813472834E-1,-7.008868047E-2,1.771418698E2
3.235120208E2,2.494540005E-2,6.471887464E-4,1.569443033E-3,9.996873736E-1,1.771411712E2,1.816391481E-1,-6.965289590E-2,1.771410566E2
3.235170208E2,2.494801661E-2,6.458041607E-4,1.566385850E-3,9.996873140E-1,1.771408712E2,1.812851527E-1,-6.950254855E-2,1.771407572E2
3.235220208E2,2.494044767E-2,6.498444709E-4,1.571119530E-3,9.996874928E-1,1.771417388E2,1.818384469E-1,-6.995323277E-2,1.771416237E2
3.235270208E2,2.494516043E-2,6.470095832E-4,1.573320711E-3,9.996873736E-1,1.771411986E2,1.820828309E-1,-6.962133044E-2,1.771410839E2
3.235320208E2,2.494796063E-2,6.446180050E-4,1.567765372E-3,9.996873140E-1,1.771408777E2,1.814397900E-1,-6.936273375E-2,1.771407637E2
3.235370208E2,2.494535334E-2,6.465769839E-4,1.570437336E-3,9.996873736E-1,1.771411765E2,1.817512994E-1,-6.957998110E-2,1.771410620E2
3.235420208E2,2.495274535E-2,6.426710170E-4,1.568431617E-3,9.996871948E-1,1.771403292E2,1.815108766E-1,-6.913692155E-2,1.771402156E2
3.235470208E2,2.496250019E-2,6.351411575E-4,1.568238600E-3,9.996869564E-1,1.771392110E2,1.814678983E-1,-6.827311404E-2,1.771390988E2
3.235520208E2,2.495553704E-2,6.394310039E-4,1.563321915E-3,9.996871352E-1,1.771400092E2,1.809164558E-1,-6.877986535E-2,1.771398965E2
3.235570208E2,2.494854743E-2,6.454579416E-4,1.558051910E-3,9.996873140E-1,1.771408104E2,1.803294961E-1,-6.948661771E-2,1.771406970E2
3.235620208E2,2.494841456E-2,6.455166149E-4,1.560153789E-3,9.996873140E-1,1.771408256E2,1.805704376E-1,-6.948735379E-2,1.771407121E2
3.235670208E2,2.494837513E-2,6.453747628E-4,1.560842851E-3,9.996873140E-1,1.771408301E2,1.806489656E-1,-6.946914092E-2,1.771407166E2
3.235720208E2,2.494384969E-2,6.477627321E-4,1.555822091E-3,9.996874332E-1,1.771413489E2,1.800803189E-1,-6.975786607E-2,1.771412352E2
3.235770208E2,2.493430759E-2,6.548226811E-4,1.552623813E-3,9.996876717E-1,1.771424427E2,1.797334452E-1,-7.057748178E-2,1.771423279E2
3.235820208E2,2.493382390E-2,6.553783896E-4,1.560138771E-3,9.996876717E-1,1.771424981E2,1.805958836E-1,-7.061975571E-2,1.771423827E2
3.235870208E2,2.493114051E-2,6.559554022E-4,1.564580249E-3,9.996877313E-1,1.771428057E2,1.811061412E-1,-7.067365123E-2,1.771426899E2
3.235920208E2,2.493855603E-2,6.523312186E-4,1.562164980E-3,9.996875525E-1,1.771419557E2,1.808196234E-1,-7.026403911E-2,1.771418407E2
3.235970208E2,2.493830731E-2,6.510592648E-4,1.566659776E-3,9.996875525E-1,1.771419842E2,1.813308769E-1,-7.010552902E-2,1.771418691E2
3.236020208E2,2.493342917E-2,6.547778030E-4,1.566685736E-3,9.996876717E-1,1.771425434E2,1.813441345E-1,-7.053231982E-2,1.771424276E2
3.236070208E2,2.493823514E-2,6.517074653E-4,1.567538711E-3,9.996875525E-1,1.771419925E2,1.814334119E-1,-7.017728538E-2,1.771418772E2
3.236120208E2,2.493372820E-2,6.547072553E-4,1.561949030E-3,9.996876717E-1,1.771425091E2,1.808013352E-1,-7.053771819E-2,1.771423937E2
3.236170208E2,2.494078115E-2,6.500359159E-4,1.565737301E-3,9.996874928E-1,1.771417006E2,1.812224501E-1,-6.999048631E-2,1.771415858E2
3.236220208E2,2.494030366E-2,6.508638617E-4,1.572982525E-3,9.996874928E-1,1.771417554E2,1.820547679E-1,-7.006471151E-2,1.771416399E2
3.236270208E2,2.494267819E-2,6.484283367E-4,1.574217808E-3,9.996874332E-1,1.771414832E2,1.821894815E-1,-6.978174476E-2,1.771413681E2
3.236320208E2,2.494793643E-2,6.450713845E-4,1.567964093E-3,9.996873140E-1,1.771408804E2,1.814638493E-1,-6.941410725E-2,1.771407664E2
3.236370208E2,2.495030461E-2,6.435367977E-4,1.568914508E-3,9.996872544E-1,1.771406090E2,1.815685015E-1,-6.923516419E-2,1.771404952E2
3.236420208E2,2.495236180E-2,6.420781137E-4,1.574763795E-3,9.996871948E-1,1.771403732E2,1.822345441E-1,-6.905096418E-2,1.771402592E2
3.236470208E2,2.494967074E-2,6.441110745E-4,1.578728436E-3,9.996872544E-1,1.771406816E2,1.826943449E-1,-6.927300663E-2,1.771405670E2
3.236520208E2,2.494291140E-2,6.480314187E-4,1.570682274E-3,9.996874332E-1,1.771414564E2,1.817833462E-1,-6.974633886E-2,1.771413417E2
3.236570208E2,2.494307025E-2,6.484013866E-4,1.568004722E-3,9.996874332E-1,1.771414382E2,1.814776849E-1,-6.979634540E-2,1.771413236E2
3.236620208E2,2.493797310E-2,6.520539755E-4,1.571558416E-3,9.996875525E-1,1.771420225E2,1.818948656E-1,-7.020554018E-2,1.771419069E2
3.236670208E2,2.493799903E-2,6.518907030E-4,1.571214525E-3,9.996875525E-1,1.771420195E2,1.818550060E-1,-7.018781442E-2,1.771419040E2
3.236720208E2,2.494318956E-2,6.486646598E-4,1.565996557E-3,9.996874332E-1,1.771414246E2,1.812483983E-1,-6.983222335E-2,1.771413100E2
3.236770208E2,2.493806048E-2,6.516990834E-4,1.570318476E-3,9.996875525E-1,1.771420125E2,1.817518148E-1,-7.016841285E-2,1.771418971E2
3.236820208E2,2.492808047E-2,6.582561764E-4,1.574257622E-3,9.996877909E-1,1.771431565E2,1.822211005E-1,-7.091012763E-2,1.771430395E2
3.236870208E2,2.492839702E-2,6.585628144E-4,1.569108455E-3,9.996877909E-1,1.771431202E2,1.816321304E-1,-7.095990674E-2,1.771430036E2
3.236920208E2,2.494091949E-2,6.506082136E-4,1.563294092E-3,9.996874928E-1,1.771416848E2,1.809442112E-1,-7.006300427E-2,1.771415700E2
3.236970208E2,2.493820969E-2,6.513093831E-4,1.568109030E-3,9.996875525E-1,1.771419954E2,1.814976059E-1,-7.013005751E-2,1.771418802E2
3.237020208E2,2.494059257E-2,6.498036091E-4,1.568834647E-3,9.996874928E-1,1.771417222E2,1.815765929E-1,-6.995505588E-2,1.771416073E2
3.237070208E2,2.494613099E-2,6.459947326E-4,1.558277174E-3,9.996873736E-1,1.771410874E2,1.803566681E-1,-6.954790215E-2,1.771409739E2
3.237120208E2,2.494585885E-2,6.474899710E-4,1.562008751E-3,9.996873736E-1,1.771411186E2,1.807883988E-1,-6.970857197E-2,1.771410045E2
3.237170208E2,2.494341010E-2,6.483962061E-4,1.562591176E-3,9.996874332E-1,1.771413993E2,1.808575391E-1,-6.981116445E-2,1.771412850E2
3.237220208E2,2.493872227E-2,6.520240568E-4,1.559637371E-3,9.996875525E-1,1.771419366E2,1.805292040E-1,-7.023604549E-2,1.771418219E2
3.237270208E2,2.493415730E-2,6.548292586E-4,1.555032679E-3,9.996876717E-1,1.771424599E2,1.800094037E-1,-7.057137929E-2,1.771423450E2
3.237320208E2,2.492665332E-2,6.589399418E-4,1.558641903E-3,9.996878505E-1,1.771433201E2,1.804340759E-1,-7.103332345E-2,1.771432041E2
3.237370208E2,2.493855416E-2,6.523604970E-4,1.562182675E-3,9.996875525E-1,1.771419559E2,1.808217340E-1,-7.026734289E-2,1.771418409E2
3.237420208E2,2.492912430E-2,6.574720028E-4,1.557971817E-3,9.996877909E-1,1.771430368E2,1.803532951E-1,-7.086663080E-2,1.771429212E2
3.237470208E2,2.493151944E-2,6.571537815E-4,1.558025484E-3,9.996877313E-1,1.771427623E2,1.803587035E-1,-7.082959127E-2,1.771426467E2
3.237520208E2,2.492888133E-2,6.579318433E-4,1.561661134E-3,9.996877909E-1,1.771430647E2,1.807772256E-1,-7.090881255E-2,1.771429487E2
3.237570208E2,2.492611816E-2,6.594727165E-4,1.566952909E-3,9.996878505E-1,1.771433814E2,1.813876368E-1,-7.107071258E-2,1.771432648E2
3.237620208E2,2.492158144E-2,6.634159363E-4,1.561385812E-3,9.996879697E-1,1.771439014E2,1.807608314E-1,-7.153915380E-2,1.771437845E2
3.237670208E2,2.492392933E-2,6.617786712E-4,1.562765450E-3,9.996879101E-1,1.771436323E2,1.809143687E-1,-7.134723048E-2,1.771435155E2
3.237720208E2,2.493102703E-2,6.558788009E-4,1.566419611E-3,9.996877313E-1,1.771428187E2,1.813166245E-1,-7.065964160E-2,1.771427028E2
3.237770208E2,2.492627739E-2,6.592188147E-4,1.564524951E-3,9.996878505E-1,1.771433631E2,1.811087853E-1,-7.104853312E-2,1.771432467E2
3.237820208E2,2.492154959E-2,6.631511496E-4,1.562006539E-3,9.996879697E-1,1.771439051E2,1.808311809E-1,-7.150705395E-2,1.771437881E2
3.237870208E2,2.492889539E-2,6.585210795E-4,1.561188255E-3,9.996877909E-1,1.771430631E2,1.807247389E-1,-7.097766134E-2,1.771429470E2
3.237920208E2,2.493108263E-2,6.567686796E-4,1.565161394E-3,9.996877313E-1,1.771428123E2,1.811750346E-1,-7.076516704E-2,1.771426963E2
3.237970208E2,2.492393672E-2,6.621577195E-4,1.562486985E-3,9.996879101E-1,1.771436315E2,1.808835520E-1,-7.139144669E-2,1.771435146E2
3.238020208E2,2.491944618E-2,6.641745567E-4,1.556974603E-3,9.996880293E-1,1.771441462E2,1.802575139E-1,-7.163904130E-2,1.771440294E2
3.238070208E2,2.491895201E-2,6.641995278E-4,1.564853126E-3,9.996880293E-1,1.771442028E2,1.811600833E-1,-7.161949290E-2,1.771440855E2
3.238120208E2,2.491378473E-2,6.682442618E-4,1.569245593E-3,9.996881485E-1,1.771447951E2,1.816744461E-1,-7.207123665E-2,1.771446767E2
3.238170208E2,2.490202398E-2,6.765280268E-4,1.562498859E-3,9.996884465E-1,1.771461432E2,1.809243590E-1,-7.304158113E-2,1.771460238E2
3.238220208E2,2.490949883E-2,6.709218142E-4,1.560172765E-3,9.996882677E-1,1.771452864E2,1.806424321E-1,-7.240464365E-2,1.771451682E2
3.238270208E2,2.491184534E-2,6.692075403E-4,1.561634475E-3,9.996882081E-1,1.771450175E2,1.808051558E-1,-7.220366660E-2,1.771448994E2
3.238320208E2,2.491412295E-2,6.671675364E-4,1.564326230E-3,9.996881485E-1,1.771447564E2,1.811078527E-1,-7.196187511E-2,1.771446385E2
3.238370208E2,2.491666205E-2,6.658443599E-4,1.562538790E-3,9.996880889E-1,1.771444653E2,1.808994946E-1,-7.181494129E-2,1.771443478E2
3.238420208E2,2.491882439E-2,6.644616369E-4,1.566773048E-3,9.996880293E-1,1.771442175E2,1.813807616E-1,-7.164405961E-2,1.771440999E2
3.238470208E2,2.491839180E-2,6.647257833E-4,1.573526417E-3,9.996880293E-1,1.771442670E2,1.821551251E-1,-7.165511296E-2,1.771441490E2
3.238520208E2,2.491390425E-2,6.673577591E-4,1.567724510E-3,9.996881485E-1,1.771447814E2,1.814976741E-1,-7.197400361E-2,1.771446633E2
3.238570208E2,2.490913742E-2,6.706449203E-4,1.566050923E-3,9.996882677E-1,1.771453279E2,1.813149951E-1,-7.235620993E-2,1.771452092E2
3.238620208E2,2.490415628E-2,6.747322041E-4,1.567418105E-3,9.996883869E-1,1.771458988E2,1.814829195E-1,-7.282143396E-2,1.771457793E2
3.238670208E2,2.490903431E-2,6.713893963E-4,1.567371539E-3,9.996882677E-1,1.771453397E2,1.814683976E-1,-7.243774306E-2,1.771452208E2
3.238720208E2,2.490915520E-2,6.710457965E-4,1.565596322E-3,9.996882677E-1,1.771453258E2,1.812640633E-1,-7.240342709E-2,1.771452071E2
3.238770208E2,2.491402251E-2,6.686328561E-4,1.565300045E-3,9.996881485E-1,1.771447679E2,1.812235858E-1,-7.212697397E-2,1.771446497E2
3.238820208E2,2.492111315E-2,6.639534840E-4,1.568614971E-3,9.996879697E-1,1.771439551E2,1.815904779E-1,-7.158017217E-2,1.771438375E2
3.238870208E2,2.492091985E-2,6.632549921E-4,1.571977977E-3,9.996879697E-1,1.771439773E2,1.819737222E-1,-7.149058671E-2,1.771438596E2
3.238920208E2,2.490904668E-2,6.719018565E-4,1.566955238E-3,9.996882677E-1,1.771453383E2,1.814221715E-1,-7.249763447E-2,1.771452193E2
3.238970208E2,2.491377917E-2,6.687242421E-4,1.569129294E-3,9.996881485E-1,1.771447958E2,1.816624934E-1,-7.212655426E-2,1.771446773E2
3.239020208E2,2.492364529E-2,6.622343790E-4,1.567096333E-3,9.996879101E-1,1.771436649E2,1.814117795E-1,-7.138711617E-2,1.771435477E2
3.239070208E2,2.492138684E-2,6.636104663E-4,1.564406208E-3,9.996879697E-1,1.771439237E2,1.811073780E-1,-7.155284758E-2,1.771438065E2
3.239120208E2,2.491395721E-2,6.677031633E-4,1.566735446E-3,9.996881485E-1,1.771447754E2,1.813853606E-1,-7.201638591E-2,1.771446572E2
3.239170208E2,2.491621918E-2,6.661106599E-4,1.569471904E-3,9.996880889E-1,1.771445161E2,1.816944544E-1,-7.182573146E-2,1.771443981E2
3.239220208E2,2.491834987E-2,6.645133835E-4,1.574279973E-3,9.996880293E-1,1.771442719E2,1.822408401E-1,-7.162863715E-2,1.771441538E2
3.239270208E2,2.492073692E-2,6.634503370E-4,1.574793016E-3,9.996879697E-1,1.771439982E2,1.822967471E-1,-7.150495865E-2,1.771438803E2
3.239320208E2,2.492366428E-2,6.619566120E-4,1.566911698E-3,9.996879101E-1,1.771436627E2,1.813898364E-1,-7.135582025E-2,1.771435456E2
3.239370208E2,2.492852557E-2,6.580358604E-4,1.567286206E-3,9.996877909E-1,1.771431054E2,1.814218842E-1,-7.090472340E-2,1.771429891E2
3.239420208E2,2.493328390E-2,6.542843767E-4,1.569201821E-3,9.996876717E-1,1.771425600E2,1.816309472E-1,-7.046863220E-2,1.771424442E2
3.239470208E2,2.493594873E-2,6.533595733E-4,1.565210056E-3,9.996876121E-1,1.771422545E2,1.811712110E-1,-7.037361320E-2,1.771421392E2
3.239520208E2,2.494055787E-2,6.496044225E-4,1.569468644E-3,9.996874928E-1,1.771417262E2,1.816486494E-1,-6.993043218E-2,1.771416112E2
3.239570208E2,2.494754080E-2,6.458923453E-4,1.573909656E-3,9.996873140E-1,1.771409258E2,1.821472696E-1,-6.949122711E-2,1.771408112E2
3.239620208E2,2.495222128E-2,6.425386528E-4,1.576801063E-3,9.996871948E-1,1.771403893E2,1.824692328E-1,-6.909792175E-2,1.771402751E2
3.239670208E2,2.494225588E-2,6.482940516E-4,1.580949989E-3,9.996874332E-1,1.771415316E2,1.829602807E-1,-6.974719606E-2,1.771414160E2
3.239720208E2,2.494241854E-2,6.489205407E-4,1.578124240E-3,9.996874332E-1,1.771415129E2,1.826383761E-1,-6.982701110E-2,1.771413975E2
3.239770208E2,2.495197178E-2,6.422660663E-4,1.580855227E-3,9.996871948E-1,1.771404179E2,1.829328652E-1,-6.905514846E-2,1.771403035E2
3.239820208E2,2.494971414E-2,6.430819049E-4,1.578462077E-3,9.996872544E-1,1.771406767E2,1.826608921E-1,-6.915586295E-2,1.771405623E2
3.239870208E2,2.494538736E-2,6.462443853E-4,1.570033841E-3,9.996873736E-1,1.771411726E2,1.817041280E-1,-6.954302728E-2,1.771410582E2
3.239920208E2,2.495021399E-2,6.431438378E-4,1.570515917E-3,9.996872544E-1,1.771406194E2,1.817508227E-1,-6.918558607E-2,1.771405055E2
3.239970208E2,2.495016884E-2,6.429226487E-4,1.571323606E-3,9.996872544E-1,1.771406245E2,1.818427129E-1,-6.915794645E-2,1.771405107E2
3.240020208E2,2.494028073E-2,6.503229961E-4,1.573569607E-3,9.996874928E-1,1.771417580E2,1.821204743E-1,-7.000107848E-2,1.771416426E2
3.240070208E2,2.494786629E-2,6.451334921E-4,1.569054089E-3,9.996873140E-1,1.771408885E2,1.815888878E-1,-6.941811853E-2,1.771407744E2
3.240120208E2,2.495271616E-2,6.418641424E-4,1.569226268E-3,9.996871948E-1,1.771403325E2,1.815995992E-1,-6.904222243E-2,1.771402190E2
3.240170208E2,2.494747168E-2,6.454253453E-4,1.575196278E-3,9.996873140E-1,1.771409337E2,1.822933200E-1,-6.943406385E-2,1.771408191E2
3.240220208E2,2.494537073E-2,6.474226248E-4,1.569812652E-3,9.996873736E-1,1.771411745E2,1.816821567E-1,-6.967863674E-2,1.771410599E2
3.240270208E2,2.494549175E-2,6.474622060E-4,1.567872008E-3,9.996873736E-1,1.771411607E2,1.814599658E-1,-6.968869664E-2,1.771410462E2
3.240320208E2,2.494529752E-2,6.462332676E-4,1.571465051E-3,9.996873736E-1,1.771411829E2,1.818680438E-1,-6.953767870E-2,1.771410684E2
3.240370208E2,2.494280929E-2,6.480035372E-4,1.572314417E-3,9.996874332E-1,1.771414681E2,1.819702313E-1,-6.973849820E-2,1.771413533E2
3.240420208E2,2.494527083E-2,6.475908449E-4,1.571330009E-3,9.996873736E-1,1.771411860E2,1.818564532E-1,-6.969358791E-2,1.771410712E2
3.240470208E2,2.494548531E-2,6.460178411E-4,1.568570035E-3,9.996873736E-1,1.771411614E2,1.815357992E-1,-6.952124205E-2,1.771410471E2
3.240520208E2,2.494515292E-2,6.470610970E-4,1.573418616E-3,9.996873736E-1,1.771411995E2,1.820941933E-1,-6.962695313E-2,1.771410847E2
3.240570208E2,2.495722189E-2,6.392347277E-4,1.574580325E-3,9.996870756E-1,1.771398161E2,1.822057294E-1,-6.872487677E-2,1.771397027E2
3.240620208E2,2.495494866E-2,6.400464918E-4,1.572435722E-3,9.996871352E-1,1.771400766E2,1.819622174E-1,-6.882441634E-2,1.771399632E2
3.240670208E2,2.495254022E-2,6.413552328E-4,1.572229085E-3,9.996871948E-1,1.771403527E2,1.819421227E-1,-6.897536941E-2,1.771402391E2
3.240720208E2,2.495723396E-2,6.394237862E-4,1.574312220E-3,9.996870756E-1,1.771398147E2,1.821755580E-1,-6.874729909E-2,1.771397013E2
3.240770208E2,2.495478000E-2,6.408310146E-4,1.574791153E-3,9.996871352E-1,1.771400960E2,1.822342785E-1,-6.890758276E-2,1.771399823E2
3.240820208E2,2.495011842E-2,6.433830713E-4,1.571935602E-3,9.996872544E-1,1.771406303E2,1.819141337E-1,-6.920894987E-2,1.771405163E2
3.240870208E2,2.496926578E-2,6.306724390E-4,1.576301758E-3,9.996867776E-1,1.771384355E2,1.823792561E-1,-6.773689695E-2,1.771383236E2
3.240920208E2,2.497623248E-2,6.258658832E-4,1.581242308E-3,9.996865988E-1,1.771376369E2,1.829319395E-1,-6.717086695E-2,1.771375256E2
3.240970208E2,2.496159884E-2,6.350628682E-4,1.582552097E-3,9.996869564E-1,1.771393143E2,1.831073105E-1,-6.822336534E-2,1.771392012E2
3.241020208E2,2.496166192E-2,6.350897020E-4,1.581545919E-3,9.996869564E-1,1.771393071E2,1.829921278E-1,-6.822930593E-2,1.771391940E2
3.241070208E2,2.497875111E-2,6.243098760E-4,1.579755102E-3,9.996865392E-1,1.771373482E2,1.827572860E-1,-6.699641370E-2,1.771372372E2
3.241120208E2,2.497140564E-2,6.295698113E-4,1.580639859E-3,9.996867180E-1,1.771381902E2,1.828732011E-1,-6.759778024E-2,1.771380782E2
3.241170208E2,2.496688423E-2,6.323210546E-4,1.575562870E-3,9.996868372E-1,1.771387085E2,1.822991678E-1,-6.792830379E-2,1.771385963E2
3.241220208E2,2.496883940E-2,6.302823895E-4,1.583196572E-3,9.996867776E-1,1.771384844E2,1.831679535E-1,-6.767256397E-2,1.771383721E2
3.241270208E2,2.497600828E-2,6.263203104E-4,1.584600075E-3,9.996865988E-1,1.771376626E2,1.833178776E-1,-6.721335474E-2,1.771375510E2
3.241320208E2,2.496414665E-2,6.341082626E-4,1.580396551E-3,9.996868968E-1,1.771390223E2,1.828578224E-1,-6.811970972E-2,1.771389094E2
3.241370208E2,2.497152189E-2,6.288893637E-4,1.579073374E-3,9.996867180E-1,1.771381769E2,1.826918113E-1,-6.752429255E-2,1.771380651E2
3.241420208E2,2.497847397E-2,6.241068477E-4,1.584211132E-3,9.996865392E-1,1.771373800E2,1.832671512E-1,-6.696045121E-2,1.771372688E2
3.241470208E2,2.497812029E-2,6.244701799E-4,1.589635154E-3,9.996865392E-1,1.771374205E2,1.838895219E-1,-6.698661211E-2,1.771373089E2
3.241520208E2,2.497593693E-2,6.256708875E-4,1.585980644E-3,9.996865988E-1,1.771376708E2,1.834741664E-1,-6.713502136E-2,1.771375592E2
3.241570208E2,2.498300059E-2,6.210376741E-4,1.589255757E-3,9.996864200E-1,1.771368611E2,1.838365588E-1,-6.659358763E-2,1.771367501E2
3.241620208E2,2.498284414E-2,6.204293459E-4,1.591950306E-3,9.996864200E-1,1.771368791E2,1.841434834E-1,-6.651621463E-2,1.771367680E2
3.241670208E2,2.498280993E-2,6.208785926E-4,1.592312125E-3,9.996864200E-1,1.771368830E2,1.841862159E-1,-6.656664882E-2,1.771367718E2
3.241720208E2,2.498043005E-2,6.228359998E-4,1.591464039E-3,9.996864796E-1,1.771371558E2,1.840945080E-1,-6.679374717E-2,1.771370443E2
3.241770208E2,2.497577989E-2,6.258638459E-4,1.588375657E-3,9.996865988E-1,1.771376888E2,1.837490713E-1,-6.715029982E-2,1.771375770E2
3.241820208E2,2.498049200E-2,6.233902532E-4,1.590274158E-3,9.996864796E-1,1.771371487E2,1.839597909E-1,-6.686063486E-2,1.771370372E2
3.241870208E2,2.498044668E-2,6.229169667E-4,1.591171371E-3,9.996864796E-1,1.771371539E2,1.840612140E-1,-6.680385713E-2,1.771370424E2
3.241920208E2,2.497355080E-2,6.270567537E-4,1.585437683E-3,9.996866584E-1,1.771379443E2,1.834157732E-1,-6.729577203E-2,1.771378325E2
3.241970208E2,2.497333270E-2,6.277670618E-4,1.588588930E-3,9.996866584E-1,1.771379693E2,1.837787857E-1,-6.736816348E-2,1.771378571E2
3.242020208E2,2.497825952E-2,6.241621450E-4,1.587567036E-3,9.996865392E-1,1.771374046E2,1.836517341E-1,-6.695721916E-2,1.771372931E2
3.242070208E2,2.497082437E-2,6.300231325E-4,1.589616761E-3,9.996867180E-1,1.771382568E2,1.839028173E-1,-6.762412915E-2,1.771381441E2
3.242120208E2,2.496129369E-2,6.355031510E-4,1.587181585E-3,9.996869564E-1,1.771393493E2,1.836388851E-1,-6.826061562E-2,1.771392358E2
3.242170208E2,2.496637892E-2,6.322484696E-4,1.583578764E-3,9.996868372E-1,1.771387664E2,1.832171948E-1,-6.789714702E-2,1.771386537E2
3.242220208E2,2.496389199E-2,6.333179190E-4,1.584730111E-3,9.996868968E-1,1.771390515E2,1.833519794E-1,-6.801682061E-2,1.771389385E2
3.242270208E2,2.495712143E-2,6.382176653E-4,1.576583833E-3,9.996870756E-1,1.771398276E2,1.824323274E-1,-6.860265472E-2,1.771397142E2
3.242320208E2,2.496697986E-2,6.317440420E-4,1.574278343E-3,9.996868372E-1,1.771386975E2,1.821503730E-1,-6.786586146E-2,1.771385855E2
3.242370208E2,2.497883142E-2,6.237821653E-4,1.578693395E-3,9.996865392E-1,1.771373390E2,1.826341558E-1,-6.693898588E-2,1.771372282E2
3.242420208E2,2.497865403E-2,6.241869996E-4,1.581337885E-3,9.996865392E-1,1.771373594E2,1.829382450E-1,-6.697782461E-2,1.771372483E2
3.242470208E2,2.496918212E-2,6.309730234E-4,1.577506075E-3,9.996867776E-1,1.771384451E2,1.825180723E-1,-6.776789986E-2,1.771383330E2
3.242520208E2,2.497382842E-2,6.281082751E-4,1.580641139E-3,9.996866584E-1,1.771379125E2,1.828693285E-1,-6.742990610E-2,1.771378008E2
3.242570208E2,2.497608250E-2,6.261641975E-4,1.583491568E-3,9.996865988E-1,1.771376541E2,1.831904496E-1,-6.719863024E-2,1.771375425E2
3.242620208E2,2.496875102E-2,6.303885020E-4,1.584547572E-3,9.996867776E-1,1.771384945E2,1.833230164E-1,-6.768087031E-2,1.771383821E2
3.242670208E2,2.495911296E-2,6.370354677E-4,1.583315083E-3,9.996870160E-1,1.771395993E2,1.832001880E-1,-6.844761092E-2,1.771394857E2
3.242720208E2,2.496404840E-2,6.343870191E-4,1.581836026E-3,9.996868968E-1,1.771390336E2,1.830235138E-1,-6.814754281E-2,1.771389206E2
3.242770208E2,2.496166568E-2,6.358635146E-4,1.581175602E-3,9.996869564E-1,1.771393067E2,1.829519197E-1,-6.831900920E-2,1.771391935E2
3.242820208E2,2.495464437E-2,6.403065054E-4,1.577152056E-3,9.996871352E-1,1.771401115E2,1.825032248E-1,-6.884077044E-2,1.771399977E2
3.242870208E2,2.495010281E-2,6.434021634E-4,1.572175534E-3,9.996872544E-1,1.771406321E2,1.819416729E-1,-6.921045381E-2,1.771405181E2
3.242920208E2,2.494997053E-2,6.435795804E-4,1.574200811E-3,9.996872544E-1,1.771406473E2,1.821741789E-1,-6.922501140E-2,1.771405331E2
3.242970208E2,2.494949667E-2,6.438790006E-4,1.581571414E-3,9.996872544E-1,1.771407016E2,1.830193497E-1,-6.923832462E-2,1.771405868E2
3.243020208E2,2.493992625E-2,6.508565857E-4,1.578958123E-3,9.996874928E-1,1.771417986E2,1.827392621E-1,-7.004686833E-2,1.771416827E2
3.243070208E2,2.493279735E-2,6.548246020E-4,1.576689305E-3,9.996876717E-1,1.771426158E2,1.824901938E-1,-7.050921324E-2,1.771424993E2
3.243120208E2,2.493990434E-2,6.504369085E-4,1.579477102E-3,9.996874928E-1,1.771418011E2,1.827975133E-1,-6.999731262E-2,1.771416853E2
3.243170208E2,2.494221366E-2,6.494842237E-4,1.581127523E-3,9.996874332E-1,1.771415364E2,1.829840174E-1,-6.988303743E-2,1.771414206E2
3.243220208E2,2.493738243E-2,6.517764414E-4,1.581017859E-3,9.996875525E-1,1.771420902E2,1.829776682E-1,-7.014682194E-2,1.771419740E2
3.243270208E2,2.493996204E-2,6.499702577E-4,1.578757889E-3,9.996874928E-1,1.771417945E2,1.827137932E-1,-6.994590005E-2,1.771416788E2
3.243320208E2,2.494478854E-2,6.463544560E-4,1.579474309E-3,9.996873736E-1,1.771412413E2,1.827858642E-1,-6.952875901E-2,1.771411262E2
3.243370208E2,2.493711836E-2,6.523400079E-4,1.584945712E-3,9.996875525E-1,1.771421205E2,1.834292199E-1,-7.020020545E-2,1.771420039E2
3.243420208E2,2.492745948E-2,6.587852840E-4,1.583840232E-3,9.996877909E-1,1.771432276E2,1.833203151E-1,-7.094347952E-2,1.771431099E2
3.243470208E2,2.493246305E-2,6.554959109E-4,1.581688877E-3,9.996876717E-1,1.771426541E2,1.830648202E-1,-7.057189198E-2,1.771425372E2
3.243520208E2,2.492963504E-2,6.571251433E-4,1.587904175E-3,9.996877313E-1,1.771429783E2,1.837812760E-1,-7.074129174E-2,1.771428606E2
3.243570208E2,2.492707992E-2,6.584486109E-4,1.589942141E-3,9.996877909E-1,1.771432712E2,1.840183376E-1,-7.088755082E-2,1.771431531E2
3.243620208E2,2.492729110E-2,6.583121722E-4,1.586684491E-3,9.996877909E-1,1.771432469E2,1.836447790E-1,-7.088118783E-2,1.771431291E2
3.243670208E2,2.493438838E-2,6.537350710E-4,1.589719090E-3,9.996876121E-1,1.771424334E2,1.839798344E-1,-7.034687952E-2,1.771423162E2
3.243720208E2,2.492922240E-2,6.567997043E-4,1.594503294E-3,9.996877313E-1,1.771430256E2,1.845362867E-1,-7.068523430E-2,1.771429075E2
3.243770208E2,2.493189939E-2,6.557214074E-4,1.590456115E-3,9.996876717E-1,1.771427187E2,1.840697657E-1,-7.057277819E-2,1.771426011E2
3.243820208E2,2.493228132E-2,6.552005070E-4,1.584673068E-3,9.996876717E-1,1.771426749E2,1.834058206E-1,-7.052955875E-2,1.771425578E2
3.243870208E2,2.492757603E-2,6.583266659E-4,1.582195750E-3,9.996877909E-1,1.771432143E2,1.831306276E-1,-7.089561842E-2,1.771430968E2
3.243920208E2,2.492749913E-2,6.592423306E-4,1.583025907E-3,9.996877909E-1,1.771432231E2,1.832283377E-1,-7.099815580E-2,1.771431054E2
3.243970208E2,2.492552384E-2,6.595025188E-4,1.576366019E-3,9.996878505E-1,1.771434495E2,1.824660095E-1,-7.104734706E-2,1.771433322E2
3.244020208E2,2.492040470E-2,6.627882831E-4,1.580319251E-3,9.996879697E-1,1.771440363E2,1.829278969E-1,-7.141339531E-2,1.771439181E2
3.244070208E2,2.491798054E-2,6.642867229E-4,1.580210286E-3,9.996880293E-1,1.771443142E2,1.829195203E-1,-7.158580509E-2,1.771441957E2
3.244120208E2,2.491298390E-2,6.677803467E-4,1.582104363E-3,9.996881485E-1,1.771448869E2,1.831461157E-1,-7.198152697E-2,1.771447677E2
3.244170208E2,2.491558279E-2,6.662388332E-4,1.579488511E-3,9.996880889E-1,1.771445890E2,1.828422390E-1,-7.181193033E-2,1.771444703E2
3.244220208E2,2.492548507E-2,6.599958870E-4,1.576772542E-3,9.996878505E-1,1.771434540E2,1.825139857E-1,-7.110271116E-2,1.771433365E2
3.244270208E2,2.492300460E-2,6.616447354E-4,1.577500487E-3,9.996879101E-1,1.771437383E2,1.826019095E-1,-7.128997015E-2,1.771436205E2
3.244320208E2,2.491828151E-2,6.651467411E-4,1.575094298E-3,9.996880293E-1,1.771442797E2,1.823359299E-1,-7.169887908E-2,1.771441614E2
3.244370208E2,2.492095589E-2,6.638664636E-4,1.571148285E-3,9.996879697E-1,1.771439731E2,1.818804249E-1,-7.156299726E-2,1.771438554E2
3.244420208E2,2.492360282E-2,6.611482822E-4,1.568229985E-3,9.996879101E-1,1.771436697E2,1.815385410E-1,-7.125946727E-2,1.771435527E2
3.244470208E2,2.492575180E-2,6.599741173E-4,1.572559588E-3,9.996878505E-1,1.771434234E2,1.820313226E-1,-7.111220251E-2,1.771433063E2
3.244520208E2,2.492824976E-2,6.577351596E-4,1.571792760E-3,9.996877909E-1,1.771431371E2,1.819372590E-1,-7.085745261E-2,1.771430204E2
3.244570208E2,2.492846693E-2,6.585543742E-4,1.568000880E-3,9.996877909E-1,1.771431122E2,1.815052316E-1,-7.096209120E-2,1.771429956E2
3.244620208E2,2.493309434E-2,6.550364778E-4,1.571897650E-3,9.996876717E-1,1.771425817E2,1.819419068E-1,-7.054712156E-2,1.771424656E2
3.244670208E2,2.493026095E-2,6.569036632E-4,1.578139025E-3,9.996877313E-1,1.771429065E2,1.826620295E-1,-7.074370308E-2,1.771427896E2
3.244720208E2,2.492805853E-2,6.587225362E-4,1.574410009E-3,9.996877909E-1,1.771431590E2,1.822398883E-1,-7.096312054E-2,1.771430420E2
3.244770208E2,2.493298696E-2,6.543708732E-4,1.573876827E-3,9.996876717E-1,1.771425940E2,1.821667241E-1,-7.046523727E-2,1.771424779E2
3.244820208E2,2.493744665E-2,6.518702139E-4,1.579965930E-3,9.996875525E-1,1.771420828E2,1.828574358E-1,-7.016055852E-2,1.771419667E2
3.244870208E2,2.493211001E-2,6.549743703E-4,1.587459352E-3,9.996876717E-1,1.771426946E2,1.837243484E-1,-7.049572412E-2,1.771425773E2
3.244920208E2,2.492267914E-2,6.619843189E-4,1.582492143E-3,9.996879101E-1,1.771437756E2,1.831746812E-1,-7.131467444E-2,1.771436574E2
3.244970208E2,2.492743623E-2,6.581650232E-4,1.584463869E-3,9.996877909E-1,1.771432303E2,1.833899829E-1,-7.087064782E-2,1.771431127E2
3.245020208E2,2.492972577E-2,6.577040185E-4,1.586239086E-3,9.996877313E-1,1.771429679E2,1.835921902E-1,-7.081234550E-2,1.771428502E2
3.245070208E2,2.492240021E-2,6.615524180E-4,1.587058883E-3,9.996879101E-1,1.771438076E2,1.836965760E-1,-7.125220609E-2,1.771436891E2
3.245120208E2,2.492528440E-2,6.604431546E-4,1.579754637E-3,9.996878505E-1,1.771434770E2,1.828568664E-1,-7.114546701E-2,1.771433593E2
3.245170208E2,2.493500638E-2,6.542147603E-4,1.579797477E-3,9.996876121E-1,1.771423626E2,1.828446672E-1,-7.043006761E-2,1.771422460E2
3.245220208E2,2.492759559E-2,6.577253225E-4,1.582137658E-3,9.996877909E-1,1.771432120E2,1.831222563E-1,-7.082689340E-2,1.771430947E2
3.245270208E2,2.492554701E-2,6.600233610E-4,1.575781498E-3,9.996878505E-1,1.771434469E2,1.824005384E-1,-7.110867795E-2,1.771433295E2
3.245320208E2,2.493315834E-2,6.554792635E-4,1.570697408E-3,9.996876717E-1,1.771425744E2,1.818056814E-1,-7.060126298E-2,1.771424583E2
3.245370208E2,2.493561147E-2,6.539035821E-4,1.570347464E-3,9.996876121E-1,1.771422932E2,1.817612635E-1,-7.042131338E-2,1.771421774E2
3.245420208E2,2.492817944E-2,6.584266084E-4,1.572618377E-3,9.996877909E-1,1.771431451E2,1.820338089E-1,-7.093431637E-2,1.771430283E2
3.245470208E2,2.491600023E-2,6.666823174E-4,1.572701731E-3,9.996880889E-1,1.771445412E2,1.820660677E-1,-7.188203589E-2,1.771444228E2
3.245520208E2,2.491868188E-2,6.650233408E-4,1.568799838E-3,9.996880293E-1,1.771442338E2,1.816145369E-1,-7.170264425E-2,1.771441160E2
3.245570208E2,2.491622881E-2,6.669682334E-4,1.568954671E-3,9.996880889E-1,1.771445150E2,1.816376517E-1,-7.192544664E-2,1.771443968E2
3.245620208E2,2.490891196E-2,6.707158173E-4,1.569602638E-3,9.996882677E-1,1.771453537E2,1.817220522E-1,-7.235423421E-2,1.771452348E2
3.245670208E2,2.490937903E-2,6.709754816E-4,1.562061370E-3,9.996882677E-1,1.771453002E2,1.808589282E-1,-7.240542214E-2,1.771451818E2
3.245720208E2,2.489959839E-2,6.780177355E-4,1.562373363E-3,9.996885061E-1,1.771464213E2,1.809140566E-1,-7.321303312E-2,1.771463016E2
3.245770208E2,2.489659152E-2,6.788623868E-4,1.571757952E-3,9.996885657E-1,1.771467660E2,1.819913096E-1,-7.328356226E-2,1.771466454E2
3.245820208E2,2.489672068E-2,6.797238020E-4,1.569337910E-3,9.996885657E-1,1.771467511E2,1.817165461E-1,-7.338912352E-2,1.771466306E2
3.245870208E2,2.489462555E-2,6.817732356E-4,1.563706552E-3,9.996886253E-1,1.771469913E2,1.810771322E-1,-7.364034445E-2,1.771468708E2
3.245920208E2,2.489196257E-2,6.823125295E-4,1.567753614E-3,9.996886849E-1,1.771472966E2,1.815420908E-1,-7.369106175E-2,1.771471756E2
3.245970208E2,2.488921653E-2,6.839347188E-4,1.572629670E-3,9.996887445E-1,1.771476113E2,1.821050984E-1,-7.386348425E-2,1.771474898E2
3.246020208E2,2.488687406E-2,6.854005042E-4,1.571172616E-3,9.996888041E-1,1.771478798E2,1.819421913E-1,-7.403598082E-2,1.771477581E2
3.246070208E2,2.488442404E-2,6.874064566E-4,1.571177272E-3,9.996888638E-1,1.771481607E2,1.819482641E-1,-7.426620722E-2,1.771480386E2
3.246120208E2,2.489420956E-2,6.814116496E-4,1.570472145E-3,9.996886253E-1,1.771470390E2,1.818511109E-1,-7.357969716E-2,1.771469180E2
3.246170208E2,2.488692364E-2,6.856427062E-4,1.570281340E-3,9.996888041E-1,1.771478742E2,1.818407845E-1,-7.406625936E-2,1.771477524E2
3.246220208E2,2.488245841E-2,6.900134031E-4,1.563220518E-3,9.996889234E-1,1.771483860E2,1.810440560E-1,-7.458789447E-2,1.771482640E2
3.246270208E2,2.488978696E-2,6.840397255E-4,1.563529600E-3,9.996887445E-1,1.771475459E2,1.810629701E-1,-7.390136546E-2,1.771474250E2
3.246320208E2,2.489431233E-2,6.808454636E-4,1.569088083E-3,9.996886253E-1,1.771470272E2,1.816909502E-1,-7.351876698E-2,1.771469065E2
3.246370208E2,2.488726321E-2,6.865665200E-4,1.564485254E-3,9.996888041E-1,1.771478352E2,1.811794666E-1,-7.418855637E-2,1.771477138E2
3.246420208E2,2.488532823E-2,6.873368402E-4,1.556821400E-3,9.996888638E-1,1.771480570E2,1.803035774E-1,-7.429900739E-2,1.771479360E2
3.246470208E2,2.489262277E-2,6.823607837E-4,1.557214768E-3,9.996886849E-1,1.771472209E2,1.803349863E-1,-7.372653286E-2,1.771471007E2
3.246520208E2,2.488988787E-2,6.842631847E-4,1.561824582E-3,9.996887445E-1,1.771475344E2,1.808682944E-1,-7.393180898E-2,1.771474135E2
3.246570208E2,2.489261555E-2,6.821198622E-4,1.557435608E-3,9.996886849E-1,1.771472217E2,1.803595971E-1,-7.369830521E-2,1.771471016E2
3.246620208E2,2.489551658E-2,6.805781159E-4,1.549981302E-3,9.996886253E-1,1.771468892E2,1.795014748E-1,-7.354243234E-2,1.771467699E2
3.246670208E2,2.489053083E-2,6.833423395E-4,1.551949885E-3,9.996887445E-1,1.771474607E2,1.797345067E-1,-7.385437066E-2,1.771473407E2
3.246720208E2,2.488996346E-2,6.848626072E-4,1.560356468E-3,9.996887445E-1,1.771475257E2,1.807018282E-1,-7.400465022E-2,1.771474049E2
3.246770208E2,2.489033610E-2,6.840911228E-4,1.554740593E-3,9.996887445E-1,1.771474830E2,1.800563214E-1,-7.393222318E-2,1.771473627E2
3.246820208E2,2.489046176E-2,6.834144006E-4,1.553025446E-3,9.996887445E-1,1.771474686E2,1.798579195E-1,-7.385957021E-2,1.771473486E2
3.246870208E2,2.489015057E-2,6.836586981E-4,1.557897776E-3,9.996887445E-1,1.771475043E2,1.804167493E-1,-7.387371446E-2,1.771473838E2
3.246920208E2,2.489497273E-2,6.807717727E-4,1.558607328E-3,9.996886253E-1,1.771469515E2,1.804901525E-1,-7.354010554E-2,1.771468316E2
3.246970208E2,2.489271698E-2,6.819895352E-4,1.555870753E-3,9.996886849E-1,1.771472101E2,1.801799688E-1,-7.368782112E-2,1.771470901E2
3.247020208E2,2.489045597E-2,6.846657488E-4,1.552567119E-3,9.996887445E-1,1.771474693E2,1.798089844E-1,-7.400422794E-2,1.771473490E2
3.247070208E2,2.488769546E-2,6.862406735E-4,1.557737589E-3,9.996888041E-1,1.771477857E2,1.804055819E-1,-7.417039502E-2,1.771476648E2
3.247120208E2,2.488287332E-2,6.885504117E-4,1.557249809E-3,9.996889234E-1,1.771483384E2,1.803559326E-1,-7.443725040E-2,1.771482171E2
3.247170208E2,2.487833443E-2,6.920338492E-4,1.551687601E-3,9.996890426E-1,1.771488587E2,1.797283407E-1,-7.485297552E-2,1.771487372E2
3.247220208E2,2.487100973E-2,6.972515257E-4,1.551569439E-3,9.996892214E-1,1.771496983E2,1.797291284E-1,-7.545234526E-2,1.771495759E2
3.247270208E2,2.488063926E-2,6.914737751E-4,1.553381910E-3,9.996889830E-1,1.771485945E2,1.799210100E-1,-7.478357044E-2,1.771484730E2
3.247320208E2,2.487127944E-2,6.963827182E-4,1.547631226E-3,9.996892214E-1,1.771496674E2,1.792755251E-1,-7.536399422E-2,1.771495454E2
3.247370208E2,2.486893075E-2,6.984520587E-4,1.545939245E-3,9.996892810E-1,1.771499366E2,1.790874188E-1,-7.560629275E-2,1.771498144E2
3.247420208E2,2.487873135E-2,6.926801871E-4,1.545020961E-3,9.996890426E-1,1.771488132E2,1.789665077E-1,-7.494595273E-2,1.771486921E2
3.247470208E2,2.487859746E-2,6.920994492E-4,1.547435299E-3,9.996890426E-1,1.771488286E2,1.792414194E-1,-7.487256643E-2,1.771487073E2
3.247520208E2,2.487123115E-2,6.973304553E-4,1.547980472E-3,9.996892214E-1,1.771496729E2,1.793182312E-1,-7.547157644E-2,1.771495507E2
3.247570208E2,2.486907000E-2,6.991981645E-4,1.543359715E-3,9.996892810E-1,1.771499207E2,1.787940543E-1,-7.569909013E-2,1.771497985E2
3.247620208E2,2.486675008E-2,7.006993983E-4,1.541450154E-3,9.996893406E-1,1.771501866E2,1.785794047E-1,-7.587692196E-2,1.771500643E2
3.247670208E2,2.486640396E-2,7.012151764E-4,1.546790008E-3,9.996893406E-1,1.771502263E2,1.791925625E-1,-7.592085278E-2,1.771501034E2
3.247720208E2,2.486893416E-2,6.989324465E-4,1.545667299E-3,9.996892810E-1,1.771499362E2,1.790576351E-1,-7.566209846E-2,1.771498139E2
3.247770208E2,2.487136349E-2,6.971744588E-4,1.545923064E-3,9.996892214E-1,1.771496578E2,1.790821074E-1,-7.545954633E-2,1.771495357E2
3.247820208E2,2.487832252E-2,6.921831518E-4,1.551811933E-3,9.996890426E-1,1.771488601E2,1.797430085E-1,-7.486972671E-2,1.771487385E2
3.247870208E2,2.487338426E-2,6.952178665E-4,1.552820671E-3,9.996891618E-1,1.771494261E2,1.798668469E-1,-7.521538400E-2,1.771493039E2
3.247920208E2,2.487376881E-2,6.959857419E-4,1.546303160E-3,9.996891618E-1,1.771493821E2,1.791224427E-1,-7.532185738E-2,1.771492602E2
3.247970208E2,2.486660543E-2,7.009292021E-4,1.543677528E-3,9.996893406E-1,1.771502032E2,1.788352085E-1,-7.589692602E-2,1.771500806E2
3.248020208E2,2.486373350E-2,7.029537810E-4,1.550402609E-3,9.996894002E-1,1.771505324E2,1.796111602E-1,-7.611020568E-2,1.771504089E2
3.248070208E2,2.486109564E-2,7.041477365E-4,1.553725451E-3,9.996894598E-1,1.771508347E2,1.799950140E-1,-7.623798763E-2,1.771507108E2
3.248120208E2,2.486122095E-2,7.043721271E-4,1.551617286E-3,9.996894598E-1,1.771508204E2,1.797541592E-1,-7.626967655E-2,1.771506966E2
3.248170208E2,2.485617047E-2,7.073393208E-4,1.554374234E-3,9.996895790E-1,1.771513993E2,1.800780523E-1,-7.660264162E-2,1.771512748E2
3.248220208E2,2.484616883E-2,7.133285399E-4,1.558199758E-3,9.996898174E-1,1.771525458E2,1.805325787E-1,-7.727965222E-2,1.771524198E2
3.248270208E2,2.484853565E-2,7.120421506E-4,1.559286378E-3,9.996897578E-1,1.771522745E2,1.806535776E-1,-7.712876690E-2,1.771521487E2
3.248320208E2,2.485081063E-2,7.103378302E-4,1.562019577E-3,9.996896982E-1,1.771520137E2,1.809620045E-1,-7.692533192E-2,1.771518880E2
3.248370208E2,2.485055467E-2,7.102793898E-4,1.566113089E-3,9.996896982E-1,1.771520430E2,1.814307563E-1,-7.690702607E-2,1.771519170E2
3.248420208E2,2.485274946E-2,7.086253609E-4,1.570076682E-3,9.996896386E-1,1.771517914E2,1.818802688E-1,-7.670586025E-2,1.771516655E2
3.248470208E2,2.485531229E-2,7.066509570E-4,1.568347565E-3,9.996895790E-1,1.771514977E2,1.816767598E-1,-7.648413922E-2,1.771513722E2
3.248520208E2,2.485785015E-2,7.056826726E-4,1.566553256E-3,9.996895194E-1,1.771512068E2,1.814686459E-1,-7.637786651E-2,1.771510816E2
3.248570208E2,2.486743109E-2,6.989988615E-4,1.569634303E-3,9.996892810E-1,1.771501085E2,1.818032828E-1,-7.560167654E-2,1.771499844E2
3.248620208E2,2.486503627E-2,7.004693616E-4,1.568955719E-3,9.996893406E-1,1.771503830E2,1.817295559E-1,-7.577250027E-2,1.771502587E2
3.248670208E2,2.487007349E-2,6.972127594E-4,1.566522056E-3,9.996892214E-1,1.771498056E2,1.814418641E-1,-7.540545729E-2,1.771496821E2
3.248720208E2,2.487477965E-2,6.943757180E-4,1.569132437E-3,9.996891022E-1,1.771492662E2,1.817331668E-1,-7.507216202E-2,1.771491429E2
3.248770208E2,2.487927332E-2,6.916510174E-4,1.575029921E-3,9.996889830E-1,1.771487511E2,1.824013292E-1,-7.474240021E-2,1.771486279E2
3.248820208E2,2.487175903E-2,6.958518061E-4,1.578359166E-3,9.996891618E-1,1.771496124E2,1.827941277E-1,-7.521550764E-2,1.771494882E2
3.248870208E2,2.487905702E-2,6.917588180E-4,1.578395604E-3,9.996889830E-1,1.771487759E2,1.827871806E-1,-7.474519312E-2,1.771486524E2
3.248920208E2,2.488634843E-2,6.855406100E-4,1.579415635E-3,9.996888041E-1,1.771479401E2,1.828868416E-1,-7.402861824E-2,1.771478177E2
3.248970208E2,2.488848936E-2,6.845709868E-4,1.583821373E-3,9.996887445E-1,1.771476947E2,1.833889393E-1,-7.390458471E-2,1.771475722E2
3.249020208E2,2.488375348E-2,6.878508138E-4,1.581568737E-3,9.996888638E-1,1.771482375E2,1.831398891E-1,-7.428760079E-2,1.771481146E2
3.249070208E2,2.488650031E-2,6.864628522E-4,1.576619456E-3,9.996888041E-1,1.771479227E2,1.825691633E-1,-7.414221323E-2,1.771478003E2
3.249120208E2,2.488660109E-2,6.866218755E-4,1.574958558E-3,9.996888041E-1,1.771479111E2,1.823793581E-1,-7.416514864E-2,1.771477889E2
3.249170208E2,2.487922381E-2,6.910918164E-4,1.576057053E-3,9.996889830E-1,1.771487568E2,1.825173955E-1,-7.467542100E-2,1.771486336E2
3.249220208E2,2.487735123E-2,6.927258801E-4,1.567065949E-3,9.996890426E-1,1.771489714E2,1.814919268E-1,-7.488858703E-2,1.771488486E2
3.249270208E2,2.488701451E-2,6.862927694E-4,1.568556298E-3,9.996888041E-1,1.771478637E2,1.816450310E-1,-7.414563120E-2,1.771477420E2
3.249320208E2,2.488680150E-2,6.855402025E-4,1.572260750E-3,9.996888041E-1,1.771478882E2,1.820672369E-1,-7.404889401E-2,1.771477663E2
3.249370208E2,2.489194679E-2,6.827850593E-4,1.567798434E-3,9.996886849E-1,1.771472984E2,1.815485721E-1,-7.374506785E-2,1.771471774E2
3.249420208E2,2.488777001E-2,6.856701802E-4,1.556797419E-3,9.996888041E-1,1.771477771E2,1.802962579E-1,-7.410770959E-2,1.771476564E2
3.249470208E2,2.489020731E-2,6.842997391E-4,1.556709409E-3,9.996887445E-1,1.771474978E2,1.802824472E-1,-7.395052889E-2,1.771473773E2
3.249520208E2,2.488768506E-2,6.851042272E-4,1.558403834E-3,9.996888041E-1,1.771477869E2,1.804786622E-1,-7.403831006E-2,1.771476661E2
3.249570208E2,2.488759425E-2,6.866481854E-4,1.559174270E-3,9.996888041E-1,1.771477973E2,1.805713176E-1,-7.421299873E-2,1.771476762E2
3.249620208E2,2.489275591E-2,6.820658455E-4,1.555214403E-3,9.996886849E-1,1.771472056E2,1.801050005E-1,-7.369842821E-2,1.771470857E2
3.249670208E2,2.489022395E-2,6.836569519E-4,1.556725707E-3,9.996887445E-1,1.771474958E2,1.802824819E-1,-7.387684431E-2,1.771473755E2
3.249720208E2,2.489739636E-2,6.793832290E-4,1.558730146E-3,9.996885657E-1,1.771466737E2,1.805004383E-1,-7.338025165E-2,1.771465540E2
3.249770208E2,2.489305067E-2,6.816807436E-4,1.550658490E-3,9.996886849E-1,1.771471718E2,1.795820151E-1,-7.366725586E-2,1.771470523E2
3.249820208E2,2.489798164E-2,6.792795612E-4,1.549398643E-3,9.996885657E-1,1.771466066E2,1.794312035E-1,-7.339489505E-2,1.771464876E2
3.249870208E2,2.490251533E-2,6.765297148E-4,1.554647461E-3,9.996884465E-1,1.771460869E2,1.800249731E-1,-7.306409143E-2,1.771459680E2
3.249920208E2,2.489249581E-2,6.831134669E-4,1.558913267E-3,9.996886849E-1,1.771472354E2,1.805316980E-1,-7.380793496E-2,1.771471150E2
3.249970208E2,2.489526554E-2,6.807802711E-4,1.553919632E-3,9.996886253E-1,1.771469179E2,1.799531934E-1,-7.355439978E-2,1.771467983E2
3.250020208E2,2.490273868E-2,6.761658587E-4,1.551224268E-3,9.996884465E-1,1.771460613E2,1.796318030E-1,-7.303213834E-2,1.771459428E2
3.250070208E2,2.490236185E-2,6.754740025E-4,1.557562151E-3,9.996884465E-1,1.771461045E2,1.803558449E-1,-7.293486327E-2,1.771459856E2
3.250120208E2,2.489542007E-2,6.800597184E-4,1.551757916E-3,9.996886253E-1,1.771469002E2,1.797035108E-1,-7.347799562E-2,1.771467809E2
3.250170208E2,2.490076617E-2,6.775525981E-4,1.543854014E-3,9.996885061E-1,1.771462874E2,1.787913078E-1,-7.321238327E-2,1.771461691E2
3.250220208E2,2.490366597E-2,6.754031638E-4,1.536600990E-3,9.996884465E-1,1.771459550E2,1.779545065E-1,-7.298633347E-2,1.771458377E2
3.250270208E2,2.491096616E-2,6.709290319E-4,1.536563155E-3,9.996882677E-1,1.771451182E2,1.779379319E-1,-7.247260387E-2,1.771450017E2
3.250320208E2,2.490859729E-2,6.719103549E-4,1.535758027E-3,9.996883273E-1,1.771453898E2,1.778483290E-1,-7.258774002E-2,1.771452731E2
3.250370208E2,2.490863636E-2,6.725531421E-4,1.534842653E-3,9.996883273E-1,1.771453853E2,1.777453051E-1,-7.266398101E-2,1.771452686E2
3.250420208E2,2.491108367E-2,6.704983534E-4,1.534845214E-3,9.996882677E-1,1.771451048E2,1.777399100E-1,-7.242815045E-2,1.771449884E2
3.250470208E2,2.492080573E-2,6.643792149E-4,1.534971641E-3,9.996880293E-1,1.771439903E2,1.777376208E-1,-7.172507774E-2,1.771438751E2
3.250520208E2,2.491362688E-2,6.698049256E-4,1.532689319E-3,9.996882081E-1,1.771448132E2,1.774911432E-1,-7.235441715E-2,1.771446972E2
3.250570208E2,2.491876446E-2,6.654863246E-4,1.528800000E-3,9.996880889E-1,1.771442243E2,1.770336363E-1,-7.186989030E-2,1.771441093E2
3.250620208E2,2.492566968E-2,6.612255820E-4,1.534995739E-3,9.996879101E-1,1.771434328E2,1.777317216E-1,-7.136287709E-2,1.771433181E2
3.250670208E2,2.492294768E-2,6.622392684E-4,1.539930468E-3,9.996879697E-1,1.771437448E2,1.782997263E-1,-7.146539075E-2,1.771436296E2
3.250720208E2,2.491829823E-2,6.660926738E-4,1.536117750E-3,9.996880889E-1,1.771442778E2,1.778736280E-1,-7.191853754E-2,1.771441621E2
3.250770208E2,2.492033612E-2,6.642154185E-4,1.542647486E-3,9.996880293E-1,1.771440442E2,1.786164346E-1,-7.168447688E-2,1.771439284E2
3.250820208E2,2.492258763E-2,6.620034692E-4,1.545847626E-3,9.996879697E-1,1.771437861E2,1.789768740E-1,-7.142154316E-2,1.771436705E2
3.250870208E2,2.491794919E-2,6.662889500E-4,1.541684498E-3,9.996880889E-1,1.771443178E2,1.785118687E-1,-7.192518836E-2,1.771442017E2
3.250920208E2,2.491337210E-2,6.684385007E-4,1.537419856E-3,9.996882081E-1,1.771448424E2,1.780291356E-1,-7.218442480E-2,1.771447263E2
3.250970208E2,2.492048340E-2,6.646891125E-4,1.540062134E-3,9.996880293E-1,1.771440273E2,1.783216301E-1,-7.174609822E-2,1.771439116E2
3.251020208E2,2.492016567E-2,6.637529004E-4,1.545597217E-3,9.996880293E-1,1.771440637E2,1.789530114E-1,-7.162309946E-2,1.771439478E2
3.251070208E2,2.491080895E-2,6.707961438E-4,1.539167715E-3,9.996882677E-1,1.771451362E2,1.782359096E-1,-7.244997354E-2,1.771450195E2
3.251120208E2,2.490600323E-2,6.744168932E-4,1.537929755E-3,9.996883869E-1,1.771456871E2,1.781040802E-1,-7.286914183E-2,1.771455698E2
3.251170208E2,2.492273796E-2,6.624500966E-4,1.543230494E-3,9.996879697E-1,1.771437689E2,1.786783517E-1,-7.148015470E-2,1.771436534E2
3.251220208E2,2.491518416E-2,6.673416938E-4,1.547257183E-3,9.996881485E-1,1.771446347E2,1.791530614E-1,-7.203036899E-2,1.771445181E2
3.251270208E2,2.491015290E-2,6.714035408E-4,1.549486071E-3,9.996882677E-1,1.771452115E2,1.794196277E-1,-7.249021647E-2,1.771450939E2
3.251320208E2,2.491964189E-2,6.643557572E-4,1.553761656E-3,9.996880293E-1,1.771441238E2,1.798899825E-1,-7.166893879E-2,1.771440072E2
3.251370208E2,2.492205701E-2,6.635937607E-4,1.553700655E-3,9.996879697E-1,1.771438469E2,1.798809911E-1,-7.158138727E-2,1.771437305E2
3.251420208E2,2.491722580E-2,6.661148509E-4,1.553406939E-3,9.996880889E-1,1.771444007E2,1.798541976E-1,-7.187190091E-2,1.771442838E2
3.251470208E2,2.490983959E-2,6.715566851E-4,1.554448623E-3,9.996882677E-1,1.771452474E2,1.799885333E-1,-7.249365029E-2,1.771451294E2
3.251520208E2,2.490477758E-2,6.746386061E-4,1.557555632E-3,9.996883869E-1,1.771458276E2,1.803528899E-1,-7.283874648E-2,1.771457089E2
3.251570208E2,2.490702079E-2,6.728970911E-4,1.560692210E-3,9.996883273E-1,1.771455705E2,1.807073967E-1,-7.262988839E-2,1.771454518E2
3.251620208E2,2.490960027E-2,6.717825308E-4,1.558181597E-3,9.996882677E-1,1.771452748E2,1.804167960E-1,-7.250890936E-2,1.771451565E2
3.251670208E2,2.490465721E-2,6.749851163E-4,1.559329219E-3,9.996883869E-1,1.771458414E2,1.805570456E-1,-7.287340119E-2,1.771457225E2
3.251720208E2,2.489773660E-2,6.792962085E-4,1.553324051E-3,9.996885657E-1,1.771466347E2,1.798809131E-1,-7.338564614E-2,1.771465154E2
3.251770208E2,2.489996113E-2,6.771133048E-4,1.556975301E-3,9.996885061E-1,1.771463797E2,1.802931205E-1,-7.312476270E-2,1.771462605E2
3.251820208E2,2.488303586E-2,6.884611794E-4,1.554690069E-3,9.996889234E-1,1.771483198E2,1.800624559E-1,-7.443429811E-2,1.771481987E2
3.251870208E2,2.488553983E-2,6.869656499E-4,1.553599490E-3,9.996888638E-1,1.771480328E2,1.799334444E-1,-7.426563541E-2,1.771479120E2
3.251920208E2,2.489032718E-2,6.838942063E-4,1.554969931E-3,9.996887445E-1,1.771474840E2,1.800820311E-1,-7.390901267E-2,1.771473638E2
3.251970208E2,2.488281402E-2,6.889081560E-4,1.558038988E-3,9.996889234E-1,1.771483452E2,1.804473539E-1,-7.447599250E-2,1.771482238E2
3.252020208E2,2.487552053E-2,6.944015622E-4,1.557331532E-3,9.996891022E-1,1.771491813E2,1.803814280E-1,-7.510862821E-2,1.771490589E2
3.252070208E2,2.487556374E-2,6.945839268E-4,1.556559815E-3,9.996891022E-1,1.771491763E2,1.802935461E-1,-7.513171127E-2,1.771490540E2
3.252120208E2,2.488532556E-2,6.880204310E-4,1.556562027E-3,9.996888638E-1,1.771480573E2,1.802758140E-1,-7.437805694E-2,1.771479362E2
3.252170208E2,2.488785292E-2,6.854354287E-4,1.555574825E-3,9.996888041E-1,1.771477676E2,1.801555386E-1,-7.408428937E-2,1.771476470E2
3.252220208E2,2.488532105E-2,6.879742723E-4,1.556654577E-3,9.996888638E-1,1.771480579E2,1.802862842E-1,-7.437250607E-2,1.771479367E2
3.252270208E2,2.488998440E-2,6.847622572E-4,1.560066477E-3,9.996887445E-1,1.771475233E2,1.806683233E-1,-7.399397789E-2,1.771474025E2
3.252320208E2,2.488495514E-2,6.868603523E-4,1.562983147E-3,9.996888638E-1,1.771480998E2,1.810080575E-1,-7.422691851E-2,1.771479784E2
3.252370208E2,2.488242101E-2,6.900692242E-4,1.563791069E-3,9.996889234E-1,1.771483903E2,1.811095726E-1,-7.459266900E-2,1.771482682E2
3.252420208E2,2.488208261E-2,6.899454747E-4,1.569220796E-3,9.996889234E-1,1.771484291E2,1.817312039E-1,-7.456307172E-2,1.771483066E2
3.252470208E2,2.487470047E-2,6.950082607E-4,1.570107299E-3,9.996891022E-1,1.771492753E2,1.818466407E-1,-7.514185906E-2,1.771491518E2
3.252520208E2,2.487237754E-2,6.955616409E-4,1.568710897E-3,9.996891618E-1,1.771495415E2,1.816880769E-1,-7.520965477E-2,1.771494181E2
3.252570208E2,2.486970354E-2,6.975380238E-4,1.572240028E-3,9.996892214E-1,1.771498480E2,1.820977931E-1,-7.542648929E-2,1.771497240E2
3.252620208E2,2.487902002E-2,6.919365260E-4,1.578900847E-3,9.996889830E-1,1.771487801E2,1.828455633E-1,-7.476411692E-2,1.771486566E2
3.252670208E2,2.487642002E-2,6.924268091E-4,1.581910648E-3,9.996890426E-1,1.771490782E2,1.831915584E-1,-7.481217712E-2,1.771489543E2
3.252720208E2,2.487892048E-2,6.914404803E-4,1.580685610E-3,9.996889830E-1,1.771487915E2,1.830485974E-1,-7.470222170E-2,1.771486680E2
3.252770208E2,2.487152377E-2,6.958098966E-4,1.582080382E-3,9.996891618E-1,1.771496394E2,1.832202793E-1,-7.520014348E-2,1.771495149E2
3.252820208E2,2.487179859E-2,6.954222335E-4,1.577925053E-3,9.996891618E-1,1.771496079E2,1.827431758E-1,-7.516752762E-2,1.771494838E2
3.252870208E2,2.487421434E-2,6.951558171E-4,1.577724935E-3,9.996891022E-1,1.771493310E2,1.827196732E-1,-7.513713686E-2,1.771492069E2
3.252920208E2,2.487154613E-2,6.968469825E-4,1.581272227E-3,9.996891618E-1,1.771496368E2,1.831306579E-1,-7.532124718E-2,1.771495122E2
3.252970208E2,2.486679990E-2,6.999506149E-4,1.579180826E-3,9.996892810E-1,1.771501809E2,1.828995620E-1,-7.568361611E-2,1.771500558E2
3.253020208E2,2.487166811E-2,6.960580358E-4,1.579700387E-3,9.996891618E-1,1.771496229E2,1.829483540E-1,-7.523532635E-2,1.771494985E2
3.253070208E2,2.487653045E-2,6.936433492E-4,1.579639385E-3,9.996890426E-1,1.771490655E2,1.829348476E-1,-7.495799366E-2,1.771489416E2
3.253120208E2,2.486939749E-2,6.972140400E-4,1.577217015E-3,9.996892214E-1,1.771498831E2,1.826669921E-1,-7.537524657E-2,1.771497587E2
3.253170208E2,2.486986684E-2,6.976706209E-4,1.569595886E-3,9.996892214E-1,1.771498293E2,1.817952802E-1,-7.544918514E-2,1.771497054E2
3.253220208E2,2.487236221E-2,6.955382414E-4,1.568964333E-3,9.996891618E-1,1.771495433E2,1.817170418E-1,-7.520625464E-2,1.771494198E2
3.253270208E2,2.487479249E-2,6.949874805E-4,1.568657928E-3,9.996891022E-1,1.771492647E2,1.816805538E-1,-7.514359336E-2,1.771491414E2
3.253320208E2,2.486027023E-2,7.048557163E-4,1.566558611E-3,9.996894598E-1,1.771509294E2,1.814670881E-1,-7.628267913E-2,1.771508043E2
3.253370208E2,2.486776018E-2,6.996036973E-4,1.564141479E-3,9.996892810E-1,1.771500708E2,1.811757937E-1,-7.568655751E-2,1.771499470E2
3.253420208E2,2.487472702E-2,6.937096477E-4,1.570260967E-3,9.996891022E-1,1.771492722E2,1.818605443E-1,-7.499265232E-2,1.771491490E2
3.253470208E2,2.487222707E-2,6.959404564E-4,1.570927096E-3,9.996891618E-1,1.771495588E2,1.819430249E-1,-7.524676092E-2,1.771494351E2
3.253520208E2,2.486493508E-2,7.009163965E-4,1.570358989E-3,9.996893406E-1,1.771503946E2,1.818915757E-1,-7.581973066E-2,1.771502701E2
3.253570208E2,2.486532404E-2,7.003863575E-4,1.564425533E-3,9.996893406E-1,1.771503501E2,1.812103797E-1,-7.577584803E-2,1.771502260E2
3.253620208E2,2.486762349E-2,6.995369913E-4,1.566342893E-3,9.996892810E-1,1.771500865E2,1.814277791E-1,-7.567266724E-2,1.771499625E2
3.253670208E2,2.486005113E-2,7.040084456E-4,1.570411841E-3,9.996894598E-1,1.771509545E2,1.819060695E-1,-7.617468155E-2,1.771508293E2
3.253720208E2,2.485566536E-2,7.070251741E-4,1.562572783E-3,9.996895790E-1,1.771514572E2,1.810163147E-1,-7.654339264E-2,1.771513321E2
3.253770208E2,2.486080755E-2,7.040708442E-4,1.558363088E-3,9.996894598E-1,1.771508678E2,1.805260437E-1,-7.621601855E-2,1.771507435E2
3.253820208E2,2.486782198E-2,6.998941535E-4,1.563028549E-3,9.996892810E-1,1.771500637E2,1.810491329E-1,-7.572299141E-2,1.771499399E2
3.253870208E2,2.486763562E-2,6.996287848E-4,1.566109364E-3,9.996892810E-1,1.771500851E2,1.814012894E-1,-7.568384603E-2,1.771499611E2
3.253920208E2,2.486557886E-2,7.000326295E-4,1.560528763E-3,9.996893406E-1,1.771503208E2,1.807629913E-1,-7.574638408E-2,1.771501972E2
3.253970208E2,2.486816341E-2,6.985818036E-4,1.558175893E-3,9.996892810E-1,1.771500246E2,1.804895160E-1,-7.558642116E-2,1.771499014E2
3.254020208E2,2.487036233E-2,6.973657873E-4,1.561861369E-3,9.996892214E-1,1.771497725E2,1.809084109E-1,-7.543621838E-2,1.771496493E2
3.254070208E2,2.486527613E-2,7.000496844E-4,1.565337414E-3,9.996893406E-1,1.771503555E2,1.813138784E-1,-7.573469041E-2,1.771502315E2
3.254120208E2,2.486777190E-2,6.998233730E-4,1.563856844E-3,9.996892810E-1,1.771500695E2,1.811438138E-1,-7.571253170E-2,1.771499456E2
3.254170208E2,2.487242319E-2,6.953661214E-4,1.568073756E-3,9.996891618E-1,1.771495363E2,1.816145345E-1,-7.518906459E-2,1.771494129E2
3.254220208E2,2.487481399E-2,6.935441052E-4,1.568955835E-3,9.996891022E-1,1.771492622E2,1.817105678E-1,-7.497739298E-2,1.771491392E2
3.254270208E2,2.487754137E-2,6.918647559E-4,1.564425649E-3,9.996890426E-1,1.771489496E2,1.811870229E-1,-7.479743278E-2,1.771488272E2
3.254320208E2,2.488280268E-2,6.894310354E-4,1.557988813E-3,9.996889234E-1,1.771483465E2,1.804430963E-1,-7.453603657E-2,1.771482250E2
3.254370208E2,2.488761793E-2,6.862220471E-4,1.558983931E-3,9.996888041E-1,1.771477946E2,1.805482994E-1,-7.416472063E-2,1.771476736E2
3.254420208E2,2.488516928E-2,6.869365461E-4,1.559536438E-3,9.996888638E-1,1.771480753E2,1.806134486E-1,-7.424543737E-2,1.771479541E2
3.254470208E2,2.487533513E-2,6.947157672E-4,1.560150296E-3,9.996891022E-1,1.771492025E2,1.807052171E-1,-7.513662047E-2,1.771490799E2
3.254520208E2,2.487250203E-2,6.961456966E-4,1.566476538E-3,9.996891618E-1,1.771495273E2,1.814337912E-1,-7.528290783E-2,1.771494039E2
3.254570208E2,2.487219150E-2,6.955788122E-4,1.571650384E-3,9.996891618E-1,1.771495629E2,1.820248487E-1,-7.520327732E-2,1.771494392E2
3.254620208E2,2.486989609E-2,6.983039784E-4,1.568850596E-3,9.996892214E-1,1.771498260E2,1.817117099E-1,-7.552385881E-2,1.771497020E2
3.254670208E2,2.487243080E-2,6.956025027E-4,1.567848143E-3,9.996891618E-1,1.771495354E2,1.815893635E-1,-7.521678516E-2,1.771494120E2
3.254720208E2,2.486477454E-2,7.011939306E-4,1.572775305E-3,9.996893406E-1,1.771504130E2,1.821691588E-1,-7.584466796E-2,1.771502882E2
3.254770208E2,2.485226432E-2,7.093985914E-4,1.577389659E-3,9.996896386E-1,1.771518470E2,1.827201821E-1,-7.677369946E-2,1.771517204E2
3.254820208E2,2.485972303E-2,7.049390697E-4,1.575180911E-3,9.996894598E-1,1.771509921E2,1.824550232E-1,-7.626776350E-2,1.771508664E2
3.254870208E2,2.486023471E-2,7.040949422E-4,1.567464089E-3,9.996894598E-1,1.771509334E2,1.815686462E-1,-7.619295471E-2,1.771508085E2
3.254920208E2,2.485983365E-2,7.045494276E-4,1.573608723E-3,9.996894598E-1,1.771509794E2,1.822738173E-1,-7.622758641E-2,1.771508539E2
3.254970208E2,2.485725424E-2,7.061783690E-4,1.575758448E-3,9.996895194E-1,1.771512751E2,1.825245259E-1,-7.640853814E-2,1.771511491E2
3.255020208E2,2.485740325E-2,7.060903590E-4,1.573445625E-3,9.996895194E-1,1.771512580E2,1.822593379E-1,-7.640501712E-2,1.771511322E2
3.255070208E2,2.485008311E-2,7.107548881E-4,1.573362970E-3,9.996896982E-1,1.771520971E2,1.822625943E-1,-7.694093709E-2,1.771519705E2
3.255120208E2,2.485469892E-2,7.079133065E-4,1.577472431E-3,9.996895790E-1,1.771515680E2,1.827256202E-1,-7.660287037E-2,1.771514416E2
3.255170208E2,2.485176410E-2,7.095729234E-4,1.585173071E-3,9.996896386E-1,1.771519044E2,1.836122798E-1,-7.677159502E-2,1.771517771E2
3.255220208E2,2.484216708E-2,7.161110989E-4,1.582301222E-3,9.996898770E-1,1.771530045E2,1.833011687E-1,-7.753052105E-2,1.771528762E2
3.255270208E2,2.485016860E-2,7.103999960E-4,1.572172623E-3,9.996896982E-1,1.771520873E2,1.821252284E-1,-7.690365627E-2,1.771519608E2
3.255320208E2,2.485454598E-2,7.079811185E-4,1.579849864E-3,9.996895790E-1,1.771515855E2,1.829981519E-1,-7.660389506E-2,1.771514589E2
3.255370208E2,2.484681540E-2,7.118887734E-4,1.586531056E-3,9.996897578E-1,1.771524716E2,1.837740602E-1,-7.703393190E-2,1.771523438E2
3.255420208E2,2.484207238E-2,7.162379916E-4,1.583729871E-3,9.996898770E-1,1.771530153E2,1.834651835E-1,-7.754100763E-2,1.771528869E2
3.255470208E2,2.485914084E-2,7.046551909E-4,1.584468642E-3,9.996894598E-1,1.771510588E2,1.835181387E-1,-7.620889106E-2,1.771509325E2
3.255520208E2,2.486371434E-2,7.016989402E-4,1.589224907E-3,9.996893406E-1,1.771505346E2,1.840549236E-1,-7.585584318E-2,1.771504084E2
3.255570208E2,2.484628175E-2,7.134784246E-4,1.594156027E-3,9.996897578E-1,1.771525328E2,1.846520350E-1,-7.719442354E-2,1.771524041E2
3.255620208E2,2.484165365E-2,7.163995178E-4,1.590211526E-3,9.996898770E-1,1.771530633E2,1.842081262E-1,-7.754113646E-2,1.771529343E2
3.255670208E2,2.484907890E-2,7.107653655E-4,1.589139574E-3,9.996896982E-1,1.771522122E2,1.840698578E-1,-7.689739455E-2,1.771520843E2
3.255720208E2,2.484417094E-2,7.144635310E-4,1.589226769E-3,9.996898174E-1,1.771527748E2,1.840899988E-1,-7.732169726E-2,1.771526462E2
3.255770208E2,2.482684385E-2,7.255327655E-4,1.592529472E-3,9.996902347E-1,1.771547609E2,1.844985002E-1,-7.858353996E-2,1.771546300E2
3.255820208E2,2.482698075E-2,7.254113443E-4,1.590449130E-3,9.996902347E-1,1.771547452E2,1.842598489E-1,-7.857552393E-2,1.771546145E2
3.255870208E2,2.482965463E-2,7.238484104E-4,1.586880535E-3,9.996901751E-1,1.771544387E2,1.838468059E-1,-7.840614156E-2,1.771543086E2
3.255920208E2,2.482428141E-2,7.282242877E-4,1.593829598E-3,9.996902943E-1,1.771550546E2,1.846548942E-1,-7.888864462E-2,1.771549232E2
3.255970208E2,2.482415185E-2,7.271948270E-4,1.596315531E-3,9.996902943E-1,1.771550695E2,1.849367348E-1,-7.876366562E-2,1.771549380E2
3.256020208E2,2.482935204E-2,7.240552222E-4,1.591513981E-3,9.996901751E-1,1.771544734E2,1.843781618E-1,-7.841670491E-2,1.771543429E2
3.256070208E2,2.483162993E-2,7.230907213E-4,1.593851601E-3,9.996901155E-1,1.771542123E2,1.846433851E-1,-7.829914332E-2,1.771540818E2
3.256120208E2,2.483380366E-2,7.214208017E-4,1.598120201E-3,9.996900558E-1,1.771539631E2,1.851277982E-1,-7.809529445E-2,1.771538326E2
3.256170208E2,2.481690031E-2,7.317543495E-4,1.595000969E-3,9.996904731E-1,1.771559007E2,1.847985401E-1,-7.929106693E-2,1.771557685E2
3.256220208E2,2.482182660E-2,7.289202185E-4,1.594358124E-3,9.996903539E-1,1.771553360E2,1.847172263E-1,-7.896731779E-2,1.771552044E2
3.256270208E2,2.483104358E-2,7.228163886E-4,1.603084267E-3,9.996901155E-1,1.771542795E2,1.857002199E-1,-7.824155300E-2,1.771541483E2
3.256320208E2,2.483584734E-2,7.201823173E-4,1.604193589E-3,9.996899962E-1,1.771537289E2,1.858201783E-1,-7.793575453E-2,1.771535981E2
3.256370208E2,2.483129691E-2,7.220429252E-4,1.599504845E-3,9.996901155E-1,1.771542505E2,1.852879927E-1,-7.816308657E-2,1.771541197E2
3.256420208E2,2.484822193E-2,7.114172913E-4,1.602194272E-3,9.996896982E-1,1.771523104E2,1.855671475E-1,-7.693506075E-2,1.771521815E2
3.256470208E2,2.485313875E-2,7.081461372E-4,1.601762138E-3,9.996895790E-1,1.771517468E2,1.855087049E-1,-7.656064839E-2,1.771516185E2
3.256520208E2,2.484595839E-2,7.123679970E-4,1.599682961E-3,9.996897578E-1,1.771525699E2,1.852819937E-1,-7.705154040E-2,1.771524409E2
3.256570208E2,2.485351080E-2,7.086269325E-4,1.595765469E-3,9.996895790E-1,1.771517042E2,1.848231461E-1,-7.663273667E-2,1.771515762E2
3.256620208E2,2.485371478E-2,7.076312904E-4,1.593028079E-3,9.996895790E-1,1.771516808E2,1.845067402E-1,-7.652643868E-2,1.771515532E2
3.256670208E2,2.484648755E-2,7.129703299E-4,1.591173117E-3,9.996897578E-1,1.771525092E2,1.843088926E-1,-7.714467354E-2,1.771523808E2
3.256720208E2,2.485394336E-2,7.074634777E-4,1.589532476E-3,9.996895790E-1,1.771516546E2,1.841058361E-1,-7.651712865E-2,1.771515273E2
3.256770208E2,2.486629764E-2,6.996354205E-4,1.587208943E-3,9.996892810E-1,1.771502385E2,1.838182975E-1,-7.562472368E-2,1.771501129E2
3.256820208E2,2.485878965E-2,7.050621207E-4,1.589788706E-3,9.996894598E-1,1.771510991E2,1.841287184E-1,-7.624041631E-2,1.771509723E2
3.256870208E2,2.485856963E-2,7.038712502E-4,1.593751716E-3,9.996894598E-1,1.771511243E2,1.845792970E-1,-7.609274597E-2,1.771509974E2
3.256920208E2,2.485878452E-2,7.039554184E-4,1.590359141E-3,9.996894598E-1,1.771510997E2,1.841909120E-1,-7.611201283E-2,1.771509730E2
3.256970208E2,2.486141765E-2,7.029694389E-4,1.587098581E-3,9.996894002E-1,1.771507978E2,1.838147852E-1,-7.600786726E-2,1.771506716E2
3.257020208E2,2.485627773E-2,7.054383168E-4,1.591416192E-3,9.996895194E-1,1.771513870E2,1.843160374E-1,-7.627933869E-2,1.771512600E2
3.257070208E2,2.485664247E-2,7.068636478E-4,1.585074118E-3,9.996895194E-1,1.771513452E2,1.835936007E-1,-7.646061704E-2,1.771512184E2
3.257120208E2,2.485448649E-2,7.072364097E-4,1.581118908E-3,9.996895790E-1,1.771515923E2,1.831414030E-1,-7.651498052E-2,1.771514658E2
3.257170208E2,2.485407476E-2,7.083042874E-4,1.587101724E-3,9.996895790E-1,1.771516395E2,1.838297831E-1,-7.662034754E-2,1.771515123E2
3.257220208E2,2.485622499E-2,7.056634640E-4,1.592139830E-3,9.996895194E-1,1.771513930E2,1.843995721E-1,-7.630307914E-2,1.771512659E2
3.257270208E2,2.485670162E-2,7.058365154E-4,1.584604150E-3,9.996895194E-1,1.771513384E2,1.835368413E-1,-7.634428068E-2,1.771512118E2
3.257320208E2,2.485703915E-2,7.054555463E-4,1.579470932E-3,9.996895194E-1,1.771512997E2,1.829477390E-1,-7.631519856E-2,1.771511736E2
3.257370208E2,2.487127305E-2,6.961491890E-4,1.585868071E-3,9.996891618E-1,1.771496681E2,1.836551313E-1,-7.522826187E-2,1.771495433E2
3.257420208E2,2.486115966E-2,7.024821825E-4,1.591349952E-3,9.996894002E-1,1.771508274E2,1.843003989E-1,-7.593998436E-2,1.771507010E2
3.257470208E2,2.485415160E-2,7.084220997E-4,1.585845253E-3,9.996895790E-1,1.771516307E2,1.836861878E-1,-7.663740821E-2,1.771515036E2
3.257520208E2,2.485675115E-2,7.063131197E-4,1.583614619E-3,9.996895194E-1,1.771513327E2,1.834248458E-1,-7.640168817E-2,1.771512062E2
3.257570208E2,2.485901090E-2,7.052479195E-4,1.586242695E-3,9.996894598E-1,1.771510737E2,1.837230465E-1,-7.627176168E-2,1.771509471E2
3.257620208E2,2.484911614E-2,7.115356857E-4,1.588212210E-3,9.996896982E-1,1.771522079E2,1.839658189E-1,-7.698827332E-2,1.771520800E2
3.257670208E2,2.484968447E-2,7.114441250E-4,1.579336240E-3,9.996896982E-1,1.771521428E2,1.829488028E-1,-7.700295597E-2,1.771520156E2
3.257720208E2,2.484484203E-2,7.141067763E-4,1.578862080E-3,9.996898174E-1,1.771526978E2,1.829016934E-1,-7.731021500E-2,1.771525702E2
3.257770208E2,2.484461608E-2,7.141977549E-4,1.582372584E-3,9.996898174E-1,1.771527237E2,1.833040857E-1,-7.731068367E-2,1.771525958E2
3.257820208E2,2.484473629E-2,7.140136440E-4,1.580567216E-3,9.996898174E-1,1.771527100E2,1.830967542E-1,-7.729471074E-2,1.771525822E2
3.257870208E2,2.483751791E-2,7.195334183E-4,1.578413183E-3,9.996899962E-1,1.771535374E2,1.828651501E-1,-7.793448754E-2,1.771534087E2
3.257920208E2,2.484696075E-2,7.132746978E-4,1.583629637E-3,9.996897578E-1,1.771524550E2,1.834456419E-1,-7.720093266E-2,1.771523271E2
3.257970208E2,2.484914483E-2,7.109669386E-4,1.588018145E-3,9.996896982E-1,1.771522046E2,1.839419701E-1,-7.692366725E-2,1.771520768E2
3.258020208E2,2.484700221E-2,7.126927958E-4,1.583240926E-3,9.996897578E-1,1.771524502E2,1.833994588E-1,-7.713537147E-2,1.771523225E2
3.258070208E2,2.485458973E-2,7.071825676E-4,1.579519245E-3,9.996895790E-1,1.771515805E2,1.829580060E-1,-7.651334992E-2,1.771514541E2
3.258120208E2,2.486407765E-2,7.011603448E-4,1.583769103E-3,9.996893406E-1,1.771504929E2,1.834284194E-1,-7.580962240E-2,1.771503673E2
3.258170208E2,2.485909387E-2,7.038702024E-4,1.585554215E-3,9.996894598E-1,1.771510642E2,1.836402579E-1,-7.611588197E-2,1.771509379E2
3.258220208E2,2.485169503E-2,7.086246042E-4,1.586679486E-3,9.996896386E-1,1.771519123E2,1.837821429E-1,-7.665868186E-2,1.771517851E2
3.258270208E2,2.485185629E-2,7.085123216E-4,1.584201935E-3,9.996896386E-1,1.771518938E2,1.834980162E-1,-7.665284549E-2,1.771517668E2
3.258320208E2,2.485649233E-2,7.060419302E-4,1.587792416E-3,9.996895194E-1,1.771513624E2,1.839026467E-1,-7.635876891E-2,1.771512356E2
3.258370208E2,2.485653348E-2,7.062808145E-4,1.587041887E-3,9.996895194E-1,1.771513577E2,1.838173524E-1,-7.638826484E-2,1.771512309E2
3.258420208E2,2.485156153E-2,7.094678585E-4,1.588392654E-3,9.996896386E-1,1.771519276E2,1.839807887E-1,-7.675042733E-2,1.771518001E2
3.258470208E2,2.485883066E-2,7.043538499E-4,1.589461346E-3,9.996894598E-1,1.771510944E2,1.840892025E-1,-7.616020464E-2,1.771509677E2
3.258520208E2,2.485612365E-2,7.054502494E-4,1.593815628E-3,9.996895194E-1,1.771514047E2,1.845909304E-1,-7.627389941E-2,1.771512775E2
3.258570208E2,2.485618070E-2,7.060131757E-4,1.592676272E-3,9.996895194E-1,1.771513981E2,1.844620178E-1,-7.634162086E-2,1.771512709E2
3.258620208E2,2.485106260E-2,7.091664593E-4,1.596313552E-3,9.996896386E-1,1.771519848E2,1.848872815E-1,-7.669343449E-2,1.771518567E2
3.258670208E2,2.485564999E-2,7.066539256E-4,1.600654563E-3,9.996895194E-1,1.771514590E2,1.853777666E-1,-7.639239535E-2,1.771513310E2
3.258720208E2,2.485304400E-2,7.079166244E-4,1.603333047E-3,9.996895790E-1,1.771517577E2,1.856880015E-1,-7.652989982E-2,1.771516293E2
3.258770208E2,2.484868465E-2,7.105621044E-4,1.595383044E-3,9.996896982E-1,1.771522574E2,1.847844780E-1,-7.685640356E-2,1.771521291E2
3.258820208E2,2.485122537E-2,7.091375883E-4,1.593790483E-3,9.996896386E-1,1.771519661E2,1.845981780E-1,-7.669728242E-2,1.771518383E2
3.258870208E2,2.485349699E-2,7.072095177E-4,1.596609131E-3,9.996895790E-1,1.771517058E2,1.849157545E-1,-7.646796295E-2,1.771515780E2
3.258920208E2,2.484867611E-2,7.116426714E-4,1.595034380E-3,9.996896982E-1,1.771522584E2,1.847476130E-1,-7.698118347E-2,1.771521299E2
3.258970208E2,2.484131966E-2,7.154584164E-4,1.595842768E-3,9.996898770E-1,1.771531016E2,1.848505159E-1,-7.741735844E-2,1.771529724E2
3.259020208E2,2.485338138E-2,7.073180168E-4,1.598359784E-3,9.996895790E-1,1.771517190E2,1.851166033E-1,-7.647542749E-2,1.771515911E2
3.259070208E2,2.486044303E-2,7.032309659E-4,1.602177974E-3,9.996894002E-1,1.771509095E2,1.855428967E-1,-7.599504586E-2,1.771507821E2
3.259120208E2,2.485067875E-2,7.100385847E-4,1.601891825E-3,9.996896386E-1,1.771520288E2,1.855287627E-1,-7.677752684E-2,1.771519001E2
3.259170208E2,2.485085842E-2,7.099315408E-4,1.599149662E-3,9.996896386E-1,1.771520082E2,1.852143394E-1,-7.677304019E-2,1.771518798E2
3.259220208E2,2.486038074E-2,7.038232288E-4,1.602884266E-3,9.996894002E-1,1.771509167E2,1.856254896E-1,-7.606089253E-2,1.771507891E2
3.259270208E2,2.485542820E-2,7.067039260E-4,1.604072750E-3,9.996895194E-1,1.771514844E2,1.857694672E-1,-7.638842812E-2,1.771513562E2
3.259320208E2,2.484850351E-2,7.111612940E-4,1.597935217E-3,9.996896982E-1,1.771522781E2,1.850785382E-1,-7.691781037E-2,1.771521496E2
3.259370208E2,2.485353896E-2,7.071589935E-4,1.595978043E-3,9.996895790E-1,1.771517009E2,1.848433187E-1,-7.646396476E-2,1.771515733E2
3.259420208E2,2.486535461E-2,6.996687734E-4,1.601900090E-3,9.996892810E-1,1.771503465E2,1.855012854E-1,-7.558685558E-2,1.771502198E2
3.259470208E2,2.486791895E-2,6.989378599E-4,1.599607873E-3,9.996892214E-1,1.771500526E2,1.852368081E-1,-7.550918154E-2,1.771499262E2
3.259520208E2,2.485598761E-2,7.055008900E-4,1.595913316E-3,9.996895194E-1,1.771514203E2,1.848313678E-1,-7.627375063E-2,1.771512929E2
3.259570208E2,2.486320597E-2,7.013814175E-4,1.597297960E-3,9.996893406E-1,1.771505928E2,1.849787998E-1,-7.579656053E-2,1.771504661E2
3.259620208E2,2.487015696E-2,6.967424415E-4,1.603018143E-3,9.996891618E-1,1.771497961E2,1.856213877E-1,-7.524754914E-2,1.771496698E2
3.259670208E2,2.486786146E-2,6.978946622E-4,1.600956544E-3,9.996892214E-1,1.771500592E2,1.853883295E-1,-7.538584424E-2,1.771499329E2
3.259720208E2,2.486569376E-2,7.004414219E-4,1.596288173E-3,9.996892810E-1,1.771503077E2,1.848606322E-1,-7.569129549E-2,1.771501812E2
3.259770208E2,2.487085388E-2,6.966368528E-4,1.592215151E-3,9.996891618E-1,1.771497162E2,1.843835880E-1,-7.526611374E-2,1.771495908E2
3.259820208E2,2.487543473E-2,6.937415455E-4,1.596758841E-3,9.996890426E-1,1.771491911E2,1.848961870E-1,-7.492064167E-2,1.771490659E2
3.259870208E2,2.487533820E-2,6.939686136E-4,1.598163391E-3,9.996890426E-1,1.771492022E2,1.850577273E-1,-7.494266767E-2,1.771490768E2
3.259920208E2,2.486812560E-2,6.980063044E-4,1.596799586E-3,9.996892214E-1,1.771500289E2,1.849124617E-1,-7.541043108E-2,1.771499029E2
3.259970208E2,2.486842736E-2,6.986017106E-4,1.591831795E-3,9.996892214E-1,1.771499943E2,1.843450895E-1,-7.549274002E-2,1.771498686E2
3.260020208E2,2.487060294E-2,6.963653141E-4,1.596248592E-3,9.996891618E-1,1.771497449E2,1.848448514E-1,-7.522355796E-2,1.771496193E2
3.260070208E2,2.486577308E-2,6.998853642E-4,1.595296199E-3,9.996892810E-1,1.771502986E2,1.847454166E-1,-7.563040774E-2,1.771501723E2
3.260120208E2,2.487080969E-2,6.962202024E-4,1.593087451E-3,9.996891618E-1,1.771497212E2,1.844823245E-1,-7.521590594E-2,1.771495958E2
3.260170208E2,2.487798002E-2,6.909304648E-4,1.595639857E-3,9.996889830E-1,1.771488993E2,1.847601762E-1,-7.460133500E-2,1.771487747E2
3.260220208E2,2.488280297E-2,6.886979099E-4,1.596088056E-3,9.996888638E-1,1.771483465E2,1.848055135E-1,-7.434341317E-2,1.771482223E2
3.260270208E2,2.488315521E-2,6.887490163E-4,1.590565080E-3,9.996888638E-1,1.771483061E2,1.841729938E-1,-7.436495151E-2,1.771481823E2
3.260320208E2,2.487825626E-2,6.913710968E-4,1.591135631E-3,9.996889830E-1,1.771488677E2,1.842454657E-1,-7.466460237E-2,1.771487433E2
3.260370208E2,2.488053738E-2,6.899100263E-4,1.593548688E-3,9.996889234E-1,1.771486062E2,1.845179008E-1,-7.448992745E-2,1.771484819E2
3.260420208E2,2.487069221E-2,6.958016893E-4,1.595102949E-3,9.996891618E-1,1.771497347E2,1.847120109E-1,-7.516224007E-2,1.771496092E2
3.260470208E2,2.487321540E-2,6.955189165E-4,1.593237626E-3,9.996891022E-1,1.771494455E2,1.844977100E-1,-7.513469744E-2,1.771493202E2
3.260520208E2,2.487076426E-2,6.967751542E-4,1.593553927E-3,9.996891618E-1,1.771497265E2,1.845373407E-1,-7.527815787E-2,1.771496009E2
3.260570208E2,2.486338932E-2,7.006627275E-4,1.594757428E-3,9.996893406E-1,1.771505718E2,1.846857318E-1,-7.572143500E-2,1.771504455E2
3.260620208E2,2.486578215E-2,7.002857747E-4,1.594978967E-3,9.996892810E-1,1.771502975E2,1.847102174E-1,-7.567717945E-2,1.771501712E2
3.260670208E2,2.486363340E-2,7.012301940E-4,1.590697444E-3,9.996893406E-1,1.771505438E2,1.842222703E-1,-7.579796469E-2,1.771504177E2
3.260720208E2,2.487330892E-2,6.952582626E-4,1.591890701E-3,9.996891022E-1,1.771494348E2,1.843426752E-1,-7.510865999E-2,1.771493096E2
3.260770208E2,2.487358858E-2,6.949383533E-4,1.587655046E-3,9.996891022E-1,1.771494027E2,1.838565632E-1,-7.508403435E-2,1.771492780E2
3.260820208E2,2.486874632E-2,6.984962965E-4,1.586887403E-3,9.996892214E-1,1.771499578E2,1.837784017E-1,-7.549469631E-2,1.771498324E2
3.260870208E2,2.487881707E-2,6.916333805E-4,1.582228113E-3,9.996889830E-1,1.771488034E2,1.832258431E-1,-7.471994078E-2,1.771486797E2
3.260920208E2,2.488858183E-2,6.853745435E-4,1.582019730E-3,9.996887445E-1,1.771476841E2,1.831848487E-1,-7.400175850E-2,1.771475615E2
3.260970208E2,2.488369571E-2,6.880305591E-4,1.582399243E-3,9.996888638E-1,1.771482442E2,1.832355372E-1,-7.430583400E-2,1.771481211E2
3.261020208E2,2.487890480E-2,6.918284344E-4,1.580762677E-3,9.996889830E-1,1.771487933E2,1.830585309E-1,-7.474644730E-2,1.771486697E2
3.261070208E2,2.488177528E-2,6.896466366E-4,1.574217225E-3,9.996889234E-1,1.771484643E2,1.823027012E-1,-7.451464725E-2,1.771483415E2
3.261120208E2,2.488622584E-2,6.870531943E-4,1.580689452E-3,9.996888041E-1,1.771479541E2,1.830370703E-1,-7.419828342E-2,1.771478314E2
3.261170208E2,2.487621761E-2,6.921587628E-4,1.585207530E-3,9.996890426E-1,1.771491014E2,1.835684577E-1,-7.477210938E-2,1.771489773E2
3.261220208E2,2.488142369E-2,6.900530425E-4,1.579587115E-3,9.996889234E-1,1.771485046E2,1.829189885E-1,-7.454595626E-2,1.771483814E2
3.261270208E2,2.489342604E-2,6.822276628E-4,1.582491677E-3,9.996886253E-1,1.771471288E2,1.832302940E-1,-7.363903069E-2,1.771470068E2
3.261320208E2,2.489322479E-2,6.816739333E-4,1.585892402E-3,9.996886253E-1,1.771471519E2,1.836182737E-1,-7.356593341E-2,1.771470297E2
3.261370208E2,2.489319805E-2,6.807613536E-4,1.586703933E-3,9.996886253E-1,1.771471549E2,1.837086342E-1,-7.345908188E-2,1.771470329E2
3.261420208E2,2.489088708E-2,6.832100917E-4,1.584350597E-3,9.996886849E-1,1.771474198E2,1.834458604E-1,-7.374673670E-2,1.771472975E2
3.261470208E2,2.489832992E-2,6.774720387E-4,1.582693076E-3,9.996885061E-1,1.771465667E2,1.832401565E-1,-7.309277240E-2,1.771464456E2
3.261520208E2,2.491037847E-2,6.699209916E-4,1.584559795E-3,9.996882081E-1,1.771451856E2,1.834333244E-1,-7.222021835E-2,1.771450658E2
3.261570208E2,2.490525302E-2,6.735193892E-4,1.588388695E-3,9.996883273E-1,1.771457731E2,1.838818493E-1,-7.262244854E-2,1.771456523E2
3.261620208E2,2.490051587E-2,6.769066676E-4,1.586189726E-3,9.996884465E-1,1.771463161E2,1.836392660E-1,-7.301762740E-2,1.771461949E2
3.261670208E2,2.490583650E-2,6.726207794E-4,1.579596312E-3,9.996883273E-1,1.771457062E2,1.828721045E-1,-7.254449472E-2,1.771455862E2
3.261720208E2,2.490577858E-2,6.732864422E-4,1.580225886E-3,9.996883273E-1,1.771457129E2,1.829461219E-1,-7.261896403E-2,1.771455927E2
3.261770208E2,2.489850023E-2,6.774152862E-4,1.580036012E-3,9.996885061E-1,1.771465472E2,1.829356238E-1,-7.309382121E-2,1.771464263E2
3.261820208E2,2.490359606E-2,6.741676480E-4,1.576535520E-3,9.996883869E-1,1.771459630E2,1.825257241E-1,-7.273084256E-2,1.771458430E2
3.261870208E2,2.490840347E-2,6.715103518E-4,1.577313524E-3,9.996882677E-1,1.771454120E2,1.826076133E-1,-7.242333517E-2,1.771452924E2
3.261920208E2,2.490108132E-2,6.758797681E-4,1.577728312E-3,9.996884465E-1,1.771462513E2,1.826670689E-1,-7.292403144E-2,1.771461308E2
3.261970208E2,2.490123363E-2,6.770264008E-4,1.574830152E-3,9.996884465E-1,1.771462338E2,1.823383500E-1,-7.306362733E-2,1.771461134E2
3.262020208E2,2.489860814E-2,6.785004516E-4,1.577868359E-3,9.996885061E-1,1.771465348E2,1.826904100E-1,-7.322429852E-2,1.771464138E2
3.262070208E2,2.490085789E-2,6.769769825E-4,1.580781303E-3,9.996884465E-1,1.771462769E2,1.830199230E-1,-7.304105278E-2,1.771461560E2
3.262120208E2,2.490796958E-2,6.721479003E-4,1.583880046E-3,9.996882677E-1,1.771454617E2,1.833616378E-1,-7.247770609E-2,1.771453415E2
3.262170208E2,2.491514461E-2,6.667062407E-4,1.586189028E-3,9.996880889E-1,1.771446393E2,1.836111279E-1,-7.184642350E-2,1.771445199E2
3.262220208E2,2.491476629E-2,6.665358669E-4,1.592191751E-3,9.996880889E-1,1.771446826E2,1.842982634E-1,-7.180983702E-2,1.771445629E2
3.262270208E2,2.491016882E-2,6.692938623E-4,1.588116633E-3,9.996882081E-1,1.771452096E2,1.838389767E-1,-7.213826206E-2,1.771450897E2
3.262320208E2,2.492016049E-2,6.636919570E-4,1.583787263E-3,9.996879697E-1,1.771440643E2,1.833277426E-1,-7.150705731E-2,1.771439457E2
3.262370208E2,2.491790599E-2,6.653863238E-4,1.580923097E-3,9.996880293E-1,1.771443227E2,1.830043121E-1,-7.170974901E-2,1.771442040E2
3.262420208E2,2.491766618E-2,6.648432463E-4,1.584926271E-3,9.996880293E-1,1.771443502E2,1.834613323E-1,-7.163614924E-2,1.771442313E2
3.262470208E2,2.491481797E-2,6.673458265E-4,1.591043314E-3,9.996880889E-1,1.771446767E2,1.841690192E-1,-7.190589207E-2,1.771445569E2
3.262520208E2,2.491038115E-2,6.698198267E-4,1.584560378E-3,9.996882081E-1,1.771451853E2,1.834331024E-1,-7.220862716E-2,1.771450655E2
3.262570208E2,2.491815421E-2,6.650676369E-4,1.577140298E-3,9.996880293E-1,1.771442943E2,1.825700767E-1,-7.168399803E-2,1.771441759E2
3.262620208E2,2.491781914E-2,6.655511097E-4,1.582222059E-3,9.996880293E-1,1.771443327E2,1.831535806E-1,-7.172493292E-2,1.771442138E2
3.262670208E2,2.490532573E-2,6.729695015E-4,1.587481471E-3,9.996883273E-1,1.771457648E2,1.837763568E-1,-7.256203157E-2,1.771456442E2
3.262720208E2,2.490077295E-2,6.768323365E-4,1.582180616E-3,9.996884465E-1,1.771462866E2,1.831798040E-1,-7.302050527E-2,1.771461657E2
3.262770208E2,2.490075586E-2,6.760691176E-4,1.582775731E-3,9.996884465E-1,1.771462886E2,1.832457988E-1,-7.293137900E-2,1.771461678E2
3.262820208E2,2.490289097E-2,6.743873819E-4,1.587540843E-3,9.996883869E-1,1.771460439E2,1.837870282E-1,-7.272473628E-2,1.771459230E2
3.262870208E2,2.489817739E-2,6.782837445E-4,1.584743732E-3,9.996885061E-1,1.771465842E2,1.834773769E-1,-7.317993503E-2,1.771464628E2
3.262920208E2,2.489104985E-2,6.824122393E-4,1.582135563E-3,9.996886849E-1,1.771474012E2,1.831898503E-1,-7.366162634E-2,1.771472792E2
3.262970208E2,2.489599076E-2,6.794161745E-4,1.581007382E-3,9.996885657E-1,1.771468348E2,1.830524257E-1,-7.332072270E-2,1.771467135E2
3.263020208E2,2.489553977E-2,6.800799165E-4,1.587808947E-3,9.996885657E-1,1.771468865E2,1.838334483E-1,-7.337743636E-2,1.771467645E2
3.263070208E2,2.489354245E-2,6.812936044E-4,1.581062214E-3,9.996886253E-1,1.771471155E2,1.830638837E-1,-7.353608529E-2,1.771469938E2
3.263120208E2,2.489870912E-2,6.780152908E-4,1.576482900E-3,9.996885061E-1,1.771465232E2,1.825303200E-1,-7.317265517E-2,1.771464025E2
3.263170208E2,2.491051564E-2,6.701886887E-4,1.582288649E-3,9.996882081E-1,1.771451699E2,1.831739246E-1,-7.225734280E-2,1.771450502E2
3.263220208E2,2.491250226E-2,6.688971771E-4,1.589200809E-3,9.996881485E-1,1.771449422E2,1.839622116E-1,-7.208929513E-2,1.771448222E2
3.263270208E2,2.491463116E-2,6.660924992E-4,1.594490139E-3,9.996880889E-1,1.771446981E2,1.845602822E-1,-7.175250936E-2,1.771445783E2
3.263320208E2,2.491936424E-2,6.632385775E-4,1.596454880E-3,9.996879697E-1,1.771441556E2,1.847775447E-1,-7.141909150E-2,1.771440362E2
3.263370208E2,2.492447097E-2,6.606515381E-4,1.592450426E-3,9.996878505E-1,1.771435702E2,1.843117847E-1,-7.113322490E-2,1.771434516E2
3.263420208E2,2.492679914E-2,6.584263174E-4,1.594347297E-3,9.996877909E-1,1.771433033E2,1.845228918E-1,-7.087246522E-2,1.771431850E2
3.263470208E2,2.492208395E-2,6.615957245E-4,1.591999549E-3,9.996879101E-1,1.771438438E2,1.842626610E-1,-7.124311476E-2,1.771437250E2
3.263520208E2,2.491989821E-2,6.641030777E-4,1.587736886E-3,9.996879697E-1,1.771440944E2,1.837813517E-1,-7.154292262E-2,1.771439754E2
3.263570208E2,2.491961665E-2,6.632663426E-4,1.592498622E-3,9.996879697E-1,1.771441266E2,1.843244282E-1,-7.143352339E-2,1.771440075E2
3.263620208E2,2.492914895E-2,6.570030237E-4,1.595567563E-3,9.996877313E-1,1.771430340E2,1.846587809E-1,-7.070549888E-2,1.771429158E2
3.263670208E2,2.492191829E-2,6.620468921E-4,1.594403526E-3,9.996879101E-1,1.771438628E2,1.845393282E-1,-7.128796350E-2,1.771437438E2
3.263720208E2,2.492151212E-2,6.625152892E-4,1.600545831E-3,9.996879101E-1,1.771439094E2,1.852442760E-1,-7.132415417E-2,1.771437898E2
3.263770208E2,2.492888410E-2,6.569992402E-4,1.599701704E-3,9.996877313E-1,1.771430643E2,1.851323426E-1,-7.069330412E-2,1.771429459E2
3.263820208E2,2.492902875E-2,6.572706625E-4,1.597334282E-3,9.996877313E-1,1.771430478E2,1.848619256E-1,-7.073113354E-2,1.771429294E2
3.263870208E2,2.492902678E-2,6.574993604E-4,1.597270952E-3,9.996877313E-1,1.771430480E2,1.848553240E-1,-7.075751350E-2,1.771429296E2
3.263920208E2,2.493118392E-2,6.560057518E-4,1.601515803E-3,9.996876717E-1,1.771428007E2,1.853374829E-1,-7.057388543E-2,1.771426823E2
3.263970208E2,2.492618445E-2,6.596099702E-4,1.603442361E-3,9.996877909E-1,1.771433738E2,1.855681251E-1,-7.098219337E-2,1.771432546E2
3.264020208E2,2.492405789E-2,6.603258080E-4,1.599037205E-3,9.996878505E-1,1.771436176E2,1.850653811E-1,-7.107717356E-2,1.771434985E2
3.264070208E2,2.492673399E-2,6.586011732E-4,1.595293521E-3,9.996877909E-1,1.771433108E2,1.846317824E-1,-7.088980510E-2,1.771431923E2
3.264120208E2,2.492866418E-2,6.566816010E-4,1.603255398E-3,9.996877313E-1,1.771430896E2,1.855385172E-1,-7.064680546E-2,1.771429709E2
3.264170208E2,2.492118772E-2,6.622513756E-4,1.605697908E-3,9.996879101E-1,1.771439466E2,1.858337013E-1,-7.127926773E-2,1.771438267E2
3.264220208E2,2.491382221E-2,6.668009446E-4,1.606786624E-3,9.996880889E-1,1.771447908E2,1.859708856E-1,-7.179870835E-2,1.771446700E2
3.264270208E2,2.491866573E-2,6.635995233E-4,1.607171958E-3,9.996879697E-1,1.771442356E2,1.860062332E-1,-7.142996544E-2,1.771441154E2
3.264320208E2,2.492343964E-2,6.607541000E-4,1.608469058E-3,9.996878505E-1,1.771436884E2,1.861470375E-1,-7.109941267E-2,1.771435686E2
3.264370208E2,2.492108621E-2,6.628895062E-4,1.607009443E-3,9.996879101E-1,1.771439582E2,1.859857611E-1,-7.134864260E-2,1.771438381E2
3.264420208E2,2.492144592E-2,6.629176787E-4,1.601409749E-3,9.996879101E-1,1.771439170E2,1.853443877E-1,-7.136779523E-2,1.771437972E2
3.264470208E2,2.491906833E-2,6.639957428E-4,1.600753283E-3,9.996879697E-1,1.771441895E2,1.852720946E-1,-7.149360921E-2,1.771440696E2
3.264520208E2,2.492118745E-2,6.625872338E-4,1.605563448E-3,9.996879101E-1,1.771439466E2,1.858192573E-1,-7.131812629E-2,1.771438266E2
3.264570208E2,2.491140892E-2,6.683035754E-4,1.606495352E-3,9.996881485E-1,1.771450675E2,1.859416353E-1,-7.197212396E-2,1.771449464E2
3.264620208E2,2.490904629E-2,6.705832202E-4,1.605088939E-3,9.996882081E-1,1.771453383E2,1.857868596E-1,-7.223772470E-2,1.771452169E2
3.264670208E2,2.491395760E-2,6.676258054E-4,1.604342833E-3,9.996880889E-1,1.771447753E2,1.856932992E-1,-7.190015295E-2,1.771446545E2
3.264720208E2,2.491856332E-2,6.636408507E-4,1.608741935E-3,9.996879697E-1,1.771442474E2,1.861861945E-1,-7.143023560E-2,1.771441270E2
3.264770208E2,2.491833810E-2,6.635423051E-4,1.612267224E-3,9.996879697E-1,1.771442732E2,1.865897406E-1,-7.140892191E-2,1.771441526E2
3.264820208E2,2.491108953E-2,6.691650487E-4,1.611082931E-3,9.996881485E-1,1.771451041E2,1.864696074E-1,-7.205777392E-2,1.771449825E2
3.264870208E2,2.491358858E-2,6.678616628E-4,1.609965344E-3,9.996880889E-1,1.771448176E2,1.863380395E-1,-7.191118801E-2,1.771446964E2
3.264920208E2,2.490894699E-2,6.709314184E-4,1.606483827E-3,9.996882081E-1,1.771453497E2,1.859476396E-1,-7.227364963E-2,1.771452281E2
3.264970208E2,2.490676396E-2,6.726725842E-4,1.602506847E-3,9.996882677E-1,1.771455999E2,1.854968640E-1,-7.248486767E-2,1.771454783E2
3.265020208E2,2.490427453E-2,6.732940674E-4,1.603752025E-3,9.996883273E-1,1.771458853E2,1.856411003E-1,-7.255297048E-2,1.771457634E2
3.265070208E2,2.489926031E-2,6.767297746E-4,1.605852973E-3,9.996884465E-1,1.771464600E2,1.858912172E-1,-7.294148735E-2,1.771463374E2
3.265120208E2,2.489716410E-2,6.786632002E-4,1.600423362E-3,9.996885061E-1,1.771467003E2,1.852745851E-1,-7.317885386E-2,1.771465777E2
3.265170208E2,2.490466829E-2,6.730128662E-4,1.597744180E-3,9.996883273E-1,1.771458401E2,1.849520901E-1,-7.253783044E-2,1.771457188E2
3.265220208E2,2.491202325E-2,6.683325628E-4,1.596928458E-3,9.996881485E-1,1.771449971E2,1.848458152E-1,-7.200264226E-2,1.771448766E2
3.265270208E2,2.491682633E-2,6.653709570E-4,1.597855706E-3,9.996880293E-1,1.771444465E2,1.849439259E-1,-7.165983724E-2,1.771443266E2
3.265320208E2,2.490977626E-2,6.706468412E-4,1.593693509E-3,9.996882081E-1,1.771452546E2,1.844816766E-1,-7.227740631E-2,1.771451340E2
3.265370208E2,2.491233699E-2,6.690302398E-4,1.591733540E-3,9.996881485E-1,1.771449611E2,1.842527197E-1,-7.209733804E-2,1.771448409E2
3.265420208E2,2.491934565E-2,6.633989397E-4,1.596678398E-3,9.996879697E-1,1.771441577E2,1.848036067E-1,-7.143682706E-2,1.771440382E2
3.265470208E2,2.491674045E-2,6.660515210E-4,1.598911011E-3,9.996880293E-1,1.771444563E2,1.850667549E-1,-7.173480242E-2,1.771443362E2
3.265520208E2,2.490753599E-2,6.718999939E-4,1.590788714E-3,9.996882677E-1,1.771455114E2,1.841523295E-1,-7.242966695E-2,1.771453908E2
3.265570208E2,2.491508800E-2,6.674607866E-4,1.586760744E-3,9.996880889E-1,1.771446458E2,1.836787719E-1,-7.193123920E-2,1.771445262E2
3.265620208E2,2.492418660E-2,6.602305220E-4,1.597069204E-3,9.996878505E-1,1.771436028E2,1.848396714E-1,-7.107185523E-2,1.771434839E2
3.265670208E2,2.492421440E-2,6.605117233E-4,1.596519025E-3,9.996878505E-1,1.771435996E2,1.847774502E-1,-7.110563476E-2,1.771434807E2
3.265720208E2,2.491956093E-2,6.641134387E-4,1.593017369E-3,9.996879697E-1,1.771441330E2,1.843862691E-1,-7.152909209E-2,1.771440137E2
3.265770208E2,2.492243909E-2,6.614597514E-4,1.586486935E-3,9.996879101E-1,1.771438031E2,1.836307939E-1,-7.124321695E-2,1.771436847E2
3.265820208E2,2.493425216E-2,6.538613234E-4,1.591802458E-3,9.996876121E-1,1.771424490E2,1.842188483E-1,-7.035541457E-2,1.771423317E2
3.265870208E2,2.492682014E-2,6.582048954E-4,1.594110508E-3,9.996877909E-1,1.771433009E2,1.844951351E-1,-7.084777257E-2,1.771431826E2
3.265920208E2,2.492460643E-2,6.599948974E-4,1.590601518E-3,9.996878505E-1,1.771435547E2,1.840981149E-1,-7.106325890E-2,1.771434363E2
3.265970208E2,2.492654301E-2,6.590535049E-4,1.598088304E-3,9.996877909E-1,1.771433327E2,1.849532207E-1,-7.093367432E-2,1.771432139E2
3.266020208E2,2.492864517E-2,6.574584404E-4,1.603232580E-3,9.996877313E-1,1.771430917E2,1.855381213E-1,-7.073586565E-2,1.771429729E2
3.266070208E2,2.492141798E-2,6.620111526E-4,1.602219418E-3,9.996879101E-1,1.771439202E2,1.854345491E-1,-7.126164022E-2,1.771438006E2
3.266120208E2,2.491675548E-2,6.650789874E-4,1.599081676E-3,9.996880293E-1,1.771444546E2,1.850835295E-1,-7.162290292E-2,1.771443347E2
3.266170208E2,2.492652671E-2,6.595372106E-4,1.598143019E-3,9.996877909E-1,1.771433346E2,1.849608693E-1,-7.098893234E-2,1.771432157E2
3.266220208E2,2.492416628E-2,6.604349473E-4,1.597301802E-3,9.996878505E-1,1.771436051E2,1.848668994E-1,-7.109461274E-2,1.771434862E2
3.266270208E2,2.492158888E-2,6.624575472E-4,1.599374111E-3,9.996879101E-1,1.771439006E2,1.851098888E-1,-7.132087161E-2,1.771437811E2
3.266320208E2,2.493164949E-2,6.560597685E-4,1.594229485E-3,9.996876717E-1,1.771427474E2,1.845029776E-1,-7.060080463E-2,1.771426294E2
3.266370208E2,2.493404351E-2,6.532971165E-4,1.595298527E-3,9.996876121E-1,1.771424729E2,1.846177174E-1,-7.028083035E-2,1.771423555E2
3.266420208E2,2.492452006E-2,6.602034555E-4,1.591867767E-3,9.996878505E-1,1.771435646E2,1.842437611E-1,-7.108354961E-2,1.771434461E2
3.266470208E2,2.492465371E-2,6.609301781E-4,1.589471824E-3,9.996878505E-1,1.771435493E2,1.839713764E-1,-7.117361877E-2,1.771434308E2
3.266520208E2,2.492454102E-2,6.611082354E-4,1.591164037E-3,9.996878505E-1,1.771435622E2,1.841657305E-1,-7.118920359E-2,1.771434435E2
3.266570208E2,2.491480208E-2,6.667688140E-4,1.591533888E-3,9.996880889E-1,1.771446785E2,1.842235688E-1,-7.183839417E-2,1.771445588E2
3.266620208E2,2.491294629E-2,6.687364075E-4,1.582292723E-3,9.996881485E-1,1.771448913E2,1.831704205E-1,-7.209051848E-2,1.771447718E2
3.266670208E2,2.492273538E-2,6.624304224E-4,1.581419376E-3,9.996879101E-1,1.771437692E2,1.830530674E-1,-7.136883178E-2,1.771436510E2
3.266720208E2,2.492255857E-2,6.611609133E-4,1.584733604E-3,9.996879101E-1,1.771437894E2,1.834290939E-1,-7.121396893E-2,1.771436712E2
3.266770208E2,2.491513840E-2,6.670462899E-4,1.586143626E-3,9.996880889E-1,1.771446400E2,1.836068974E-1,-7.188550890E-2,1.771445206E2
3.266820208E2,2.490597732E-2,6.724504055E-4,1.577447052E-3,9.996883273E-1,1.771456901E2,1.826254173E-1,-7.253108592E-2,1.771455703E2
3.266870208E2,2.491376953E-2,6.680145161E-4,1.569584711E-3,9.996881485E-1,1.771447969E2,1.817126371E-1,-7.204395251E-2,1.771446785E2
3.266920208E2,2.492313066E-2,6.615578313E-4,1.575544127E-3,9.996879101E-1,1.771437238E2,1.823775572E-1,-7.128557932E-2,1.771436062E2
3.266970208E2,2.492044916E-2,6.635893369E-4,1.579281641E-3,9.996879697E-1,1.771440312E2,1.828113233E-1,-7.150811577E-2,1.771439129E2
3.267020208E2,2.491832965E-2,6.648999988E-4,1.574436785E-3,9.996880293E-1,1.771442742E2,1.822599064E-1,-7.167248209E-2,1.771441560E2
3.267070208E2,2.492101258E-2,6.626202958E-4,1.570775057E-3,9.996879697E-1,1.771439666E2,1.818341142E-1,-7.142129703E-2,1.771438492E2
3.267120208E2,2.493309862E-2,6.554289139E-4,1.571666100E-3,9.996876717E-1,1.771425812E2,1.819165030E-1,-7.059273821E-2,1.771424650E2
3.267170208E2,2.492313173E-2,6.613087025E-4,1.575631788E-3,9.996879101E-1,1.771437237E2,1.823868878E-1,-7.125678960E-2,1.771436061E2
3.267220208E2,2.491620479E-2,6.657628692E-4,1.569847809E-3,9.996880889E-1,1.771445177E2,1.817365225E-1,-7.178481928E-2,1.771443997E2
3.267270208E2,2.492358219E-2,6.619598134E-4,1.568215550E-3,9.996879101E-1,1.771436721E2,1.815392039E-1,-7.135247788E-2,1.771435549E2
3.267320208E2,2.492575616E-2,6.592267309E-4,1.572803943E-3,9.996878505E-1,1.771434229E2,1.820571804E-1,-7.102588627E-2,1.771433059E2
3.267370208E2,2.492807113E-2,6.591232959E-4,1.574042602E-3,9.996877909E-1,1.771431575E2,1.821989454E-1,-7.101007716E-2,1.771430405E2
3.267420208E2,2.492852636E-2,6.576156593E-4,1.567449886E-3,9.996877909E-1,1.771431054E2,1.814394343E-1,-7.085611918E-2,1.771429890E2
3.267470208E2,2.493093131E-2,6.568313111E-4,1.567543601E-3,9.996877313E-1,1.771428297E2,1.814480992E-1,-7.076556331E-2,1.771427135E2
3.267520208E2,2.493105508E-2,6.565569201E-4,1.565688872E-3,9.996877313E-1,1.771428155E2,1.812348534E-1,-7.073940674E-2,1.771426995E2
3.267570208E2,2.493097151E-2,6.573240389E-4,1.566697494E-3,9.996877313E-1,1.771428251E2,1.813525832E-1,-7.082441817E-2,1.771427089E2
3.267620208E2,2.492602740E-2,6.592890131E-4,1.568473177E-3,9.996878505E-1,1.771433918E2,1.815612616E-1,-7.104534221E-2,1.771432751E2
3.267670208E2,2.493119614E-2,6.569810212E-4,1.563263009E-3,9.996877313E-1,1.771427993E2,1.809581777E-1,-7.079489516E-2,1.771426834E2
3.267720208E2,2.492166058E-2,6.631509168E-4,1.560234814E-3,9.996879697E-1,1.771438924E2,1.806282262E-1,-7.151206713E-2,1.771437755E2
3.267770208E2,2.492388433E-2,6.613891455E-4,1.563647762E-3,9.996879101E-1,1.771436375E2,1.810143271E-1,-7.130009614E-2,1.771435207E2
3.267820208E2,2.492627799E-2,6.599746994E-4,1.564196660E-3,9.996878505E-1,1.771433631E2,1.810733369E-1,-7.113606176E-2,1.771432466E2
3.267870208E2,2.492660666E-2,6.600238266E-4,1.558929449E-3,9.996878505E-1,1.771433254E2,1.804701091E-1,-7.115667582E-2,1.771432092E2
3.267920208E2,2.491694560E-2,6.663941895E-4,1.557775424E-3,9.996880889E-1,1.771444328E2,1.803554121E-1,-7.189147745E-2,1.771443156E2
3.267970208E2,2.490976079E-2,6.715654163E-4,1.555707073E-3,9.996882677E-1,1.771452564E2,1.801327158E-1,-7.249107235E-2,1.771451383E2
3.268020208E2,2.491398756E-2,6.675294135E-4,1.566326828E-3,9.996881485E-1,1.771447719E2,1.813380570E-1,-7.199764296E-2,1.771446538E2
3.268070208E2,2.491131326E-2,6.699729129E-4,1.569773071E-3,9.996882081E-1,1.771450784E2,1.817396291E-1,-7.226820711E-2,1.771449597E2
3.268120208E2,2.489944205E-2,6.779670948E-4,1.564885024E-3,9.996885061E-1,1.771464392E2,1.812016270E-1,-7.320009348E-2,1.771463193E2
3.268170208E2,2.489719642E-2,6.793147186E-4,1.561950310E-3,9.996885657E-1,1.771466966E2,1.808691181E-1,-7.336325192E-2,1.771465767E2
3.268220208E2,2.490649352E-2,6.724135019E-4,1.569291577E-3,9.996883273E-1,1.771456309E2,1.816910890E-1,-7.255004143E-2,1.771455117E2
3.268270208E2,2.491333556E-2,6.682004314E-4,1.576379058E-3,9.996881485E-1,1.771448466E2,1.824914712E-1,-7.204593135E-2,1.771447277E2
3.268320208E2,2.490132493E-2,6.761848344E-4,1.573747722E-3,9.996884465E-1,1.771462234E2,1.822119560E-1,-7.297029311E-2,1.771461032E2
3.268370208E2,2.490424486E-2,6.742525147E-4,1.566216582E-3,9.996883869E-1,1.771458887E2,1.813439149E-1,-7.276989571E-2,1.771457694E2
3.268420208E2,2.490621184E-2,6.724966806E-4,1.573720248E-3,9.996883273E-1,1.771456632E2,1.821986379E-1,-7.254698108E-2,1.771455437E2
3.268470208E2,2.490829386E-2,6.710431189E-4,1.579242060E-3,9.996882677E-1,1.771454245E2,1.828271974E-1,-7.236432610E-2,1.771453049E2
3.268520208E2,2.490105351E-2,6.764968857E-4,1.577902702E-3,9.996884465E-1,1.771462545E2,1.826888055E-1,-7.299423335E-2,1.771461339E2
3.268570208E2,2.489660523E-2,6.794128567E-4,1.571302884E-3,9.996885657E-1,1.771467644E2,1.819407505E-1,-7.334791768E-2,1.771466437E2
3.268620208E2,2.490379606E-2,6.745104911E-4,1.573226182E-3,9.996883869E-1,1.771459401E2,1.821476118E-1,-7.277952522E-2,1.771458202E2
3.268670208E2,2.491310403E-2,6.684268010E-4,1.579938224E-3,9.996881485E-1,1.771448732E2,1.828998254E-1,-7.206174432E-2,1.771447540E2
3.268720208E2,2.490581037E-2,6.725772982E-4,1.580026816E-3,9.996883273E-1,1.771457092E2,1.829212954E-1,-7.253828977E-2,1.771455892E2
3.268770208E2,2.490364091E-2,6.750883767E-4,1.575432718E-3,9.996883869E-1,1.771459579E2,1.824020223E-1,-7.283945653E-2,1.771458378E2
3.268820208E2,2.490630641E-2,6.735635689E-4,1.571765984E-3,9.996883273E-1,1.771456524E2,1.819778170E-1,-7.267475998E-2,1.771455328E2
3.268870208E2,2.490105002E-2,6.768066087E-4,1.577824936E-3,9.996884465E-1,1.771462549E2,1.826807806E-1,-7.302993649E-2,1.771461343E2
3.268920208E2,2.490355647E-2,6.743386039E-4,1.577087678E-3,9.996883869E-1,1.771459676E2,1.825894622E-1,-7.274885801E-2,1.771458475E2
3.268970208E2,2.490627065E-2,6.722861435E-4,1.572879148E-3,9.996883273E-1,1.771456565E2,1.821016879E-1,-7.252525274E-2,1.771455370E2
3.269020208E2,2.489900431E-2,6.784069701E-4,1.571644680E-3,9.996885061E-1,1.771464894E2,1.819772109E-1,-7.323127554E-2,1.771463689E2
3.269070208E2,2.489641929E-2,6.799977273E-4,1.573993708E-3,9.996885657E-1,1.771467857E2,1.822506563E-1,-7.340727486E-2,1.771466648E2
3.269120208E2,2.490351967E-2,6.742594996E-4,1.577702467E-3,9.996883869E-1,1.771459718E2,1.826596617E-1,-7.273804836E-2,1.771458517E2
3.269170208E2,2.490330808E-2,6.747493171E-4,1.580829849E-3,9.996883869E-1,1.771459961E2,1.830193053E-1,-7.278527347E-2,1.771458756E2
3.269220208E2,2.489602846E-2,6.802875432E-4,1.580038690E-3,9.996885657E-1,1.771468305E2,1.829439450E-1,-7.342329991E-2,1.771467091E2
3.269270208E2,2.488882736E-2,6.841861759E-4,1.578667783E-3,9.996887445E-1,1.771476559E2,1.827974906E-1,-7.387513929E-2,1.771475339E2
3.269320208E2,2.490094651E-2,6.768942112E-4,1.579420175E-3,9.996884465E-1,1.771462668E2,1.828637676E-1,-7.303543868E-2,1.771461460E2
3.269370208E2,2.490551305E-2,6.728673470E-4,1.584583428E-3,9.996883273E-1,1.771457433E2,1.834440900E-1,-7.255856601E-2,1.771456229E2
3.269420208E2,2.489593671E-2,6.793311913E-4,1.581894699E-3,9.996885657E-1,1.771468410E2,1.831538271E-1,-7.330846576E-2,1.771467196E2
3.269470208E2,2.488876120E-2,6.845509051E-4,1.579552423E-3,9.996887445E-1,1.771476635E2,1.828998672E-1,-7.391441014E-2,1.771475413E2
3.269520208E2,2.488601621E-2,6.865597097E-4,1.584200305E-3,9.996888041E-1,1.771479782E2,1.834378376E-1,-7.413177777E-2,1.771478552E2
3.269570208E2,2.489572435E-2,6.801749696E-4,1.584871556E-3,9.996885657E-1,1.771468654E2,1.834972365E-1,-7.339667159E-2,1.771467436E2
3.269620208E2,2.488870227E-2,6.847403129E-4,1.580398646E-3,9.996887445E-1,1.771476703E2,1.829973432E-1,-7.393370513E-2,1.771475480E2
3.269670208E2,2.488174493E-2,6.890699733E-4,1.574949245E-3,9.996889234E-1,1.771484678E2,1.823849120E-1,-7.444650531E-2,1.771483451E2
3.269720208E2,2.487911244E-2,6.905732444E-4,1.578041236E-3,9.996889830E-1,1.771487695E2,1.827432092E-1,-7.461037879E-2,1.771486463E2
3.269770208E2,2.488604216E-2,6.868641940E-4,1.583660604E-3,9.996888041E-1,1.771479752E2,1.833768817E-1,-7.416819264E-2,1.771478523E2
3.269820208E2,2.488853461E-2,6.851458456E-4,1.582861412E-3,9.996887445E-1,1.771476895E2,1.832806129E-1,-7.397316785E-2,1.771475669E2
3.269870208E2,2.488893880E-2,6.848742487E-4,1.576611190E-3,9.996887445E-1,1.771476432E2,1.825638659E-1,-7.395980752E-2,1.771475211E2
3.269920208E2,2.488639635E-2,6.863485323E-4,1.578309340E-3,9.996888041E-1,1.771479346E2,1.827624165E-1,-7.412431682E-2,1.771478121E2
3.269970208E2,2.488346231E-2,6.880398723E-4,1.586061320E-3,9.996888638E-1,1.771482709E2,1.836550603E-1,-7.429650103E-2,1.771481476E2
3.270020208E2,2.488349132E-2,6.881520385E-4,1.585557358E-3,9.996888638E-1,1.771482676E2,1.835976503E-1,-7.431078208E-2,1.771481443E2
3.270070208E2,2.488123819E-2,6.903813919E-4,1.582363155E-3,9.996889234E-1,1.771485259E2,1.832379238E-1,-7.457568924E-2,1.771484024E2
3.270120208E2,2.487905495E-2,6.917419960E-4,1.578435651E-3,9.996889830E-1,1.771487761E2,1.827917202E-1,-7.474315226E-2,1.771486527E2
3.270170208E2,2.486435094E-2,7.005467778E-4,1.579745091E-3,9.996893406E-1,1.771504616E2,1.829657156E-1,-7.575075039E-2,1.771503364E2
3.270220208E2,2.486905695E-2,6.985834334E-4,1.581973396E-3,9.996892214E-1,1.771499222E2,1.832157429E-1,-7.551862575E-2,1.771497972E2
3.270270208E2,2.487386398E-2,6.947573274E-4,1.583413919E-3,9.996891022E-1,1.771493711E2,1.833702200E-1,-7.507533529E-2,1.771492467E2
3.270320208E2,2.486909223E-2,6.982592749E-4,1.581561868E-3,9.996892214E-1,1.771499181E2,1.831676785E-1,-7.548265781E-2,1.771497932E2
3.270370208E2,2.485706968E-2,7.055488531E-4,1.578948693E-3,9.996895194E-1,1.771512962E2,1.828881814E-1,-7.632736946E-2,1.771511701E2
3.270420208E2,2.485701119E-2,7.056284812E-4,1.579833683E-3,9.996895194E-1,1.771513029E2,1.829897849E-1,-7.633398112E-2,1.771511768E2
3.270470208E2,2.486905279E-2,6.984395441E-4,1.582102384E-3,9.996892214E-1,1.771499226E2,1.832301089E-1,-7.550177552E-2,1.771497976E2
3.270520208E2,2.486687651E-2,6.991792470E-4,1.578315976E-3,9.996892810E-1,1.771501721E2,1.827982955E-1,-7.559770180E-2,1.771500473E2
3.270570208E2,2.485730356E-2,7.066116668E-4,1.574785914E-3,9.996895194E-1,1.771512694E2,1.824143541E-1,-7.646093634E-2,1.771511435E2
3.270620208E2,2.485983946E-2,7.046230021E-4,1.573483925E-3,9.996894598E-1,1.771509787E2,1.822597311E-1,-7.623636928E-2,1.771508532E2
3.270670208E2,2.486718426E-2,6.988069508E-4,1.573625021E-3,9.996892810E-1,1.771501368E2,1.822598791E-1,-7.556836457E-2,1.771500124E2
3.270720208E2,2.487177809E-2,6.964924396E-4,1.577776158E-3,9.996891618E-1,1.771496102E2,1.827291680E-1,-7.529055426E-2,1.771494859E2
3.270770208E2,2.486004013E-2,7.036236930E-4,1.570758293E-3,9.996894598E-1,1.771509557E2,1.819446607E-1,-7.612962082E-2,1.771508306E2
3.270820208E2,2.485780042E-2,7.050716085E-4,1.567617175E-3,9.996895194E-1,1.771512125E2,1.815887800E-1,-7.630484376E-2,1.771510873E2
3.270870208E2,2.486458225E-2,7.009728579E-4,1.575910603E-3,9.996893406E-1,1.771504351E2,1.825276824E-1,-7.581044408E-2,1.771503101E2
3.270920208E2,2.486440890E-2,7.014927105E-4,1.578412484E-3,9.996893406E-1,1.771504550E2,1.828157571E-1,-7.586289916E-2,1.771503297E2
3.270970208E2,2.486496305E-2,7.005002117E-4,1.570101827E-3,9.996893406E-1,1.771503914E2,1.818609323E-1,-7.577278187E-2,1.771502670E2
3.271020208E2,2.486282257E-2,7.024510414E-4,1.565168379E-3,9.996894002E-1,1.771506368E2,1.813011710E-1,-7.601070691E-2,1.771505123E2
3.271070208E2,2.486489908E-2,7.013441646E-4,1.570738037E-3,9.996893406E-1,1.771503988E2,1.819362143E-1,-7.586766054E-2,1.771502741E2
3.271120208E2,2.486715053E-2,6.985472282E-4,1.574273221E-3,9.996892810E-1,1.771501407E2,1.823333919E-1,-7.553677077E-2,1.771500163E2
3.271170208E2,2.486974388E-2,6.976518780E-4,1.571551315E-3,9.996892214E-1,1.771498434E2,1.820192242E-1,-7.544148744E-2,1.771497194E2
3.271220208E2,2.486265966E-2,7.032650174E-4,1.567389118E-3,9.996894002E-1,1.771506555E2,1.815578777E-1,-7.609765501E-2,1.771505307E2
3.271270208E2,2.485735166E-2,7.065518294E-4,1.574053313E-3,9.996895194E-1,1.771512639E2,1.823302632E-1,-7.645615969E-2,1.771511380E2
3.271320208E2,2.486210189E-2,7.033676375E-4,1.576165901E-3,9.996894002E-1,1.771507194E2,1.825635640E-1,-7.608450598E-2,1.771505939E2
3.271370208E2,2.485973404E-2,7.043976802E-4,1.575249480E-3,9.996894598E-1,1.771509908E2,1.824613366E-1,-7.620554673E-2,1.771508652E2
3.271420208E2,2.486688066E-2,6.992619601E-4,1.578213880E-3,9.996892810E-1,1.771501716E2,1.827868358E-1,-7.560746726E-2,1.771500468E2
3.271470208E2,2.486470352E-2,7.012474816E-4,1.573873800E-3,9.996893406E-1,1.771504212E2,1.822951455E-1,-7.584768543E-2,1.771502963E2
3.271520208E2,2.486473084E-2,7.003572537E-4,1.573838526E-3,9.996893406E-1,1.771504180E2,1.822885699E-1,-7.574580000E-2,1.771502933E2
3.271570208E2,2.486214692E-2,7.031132700E-4,1.575569040E-3,9.996894002E-1,1.771507142E2,1.824944684E-1,-7.605705896E-2,1.771505889E2
3.271620208E2,2.485741892E-2,7.052051369E-4,1.573595102E-3,9.996895194E-1,1.771512562E2,1.822739409E-1,-7.630318094E-2,1.771511306E2
3.271670208E2,2.485537904E-2,7.081200019E-4,1.566626132E-3,9.996895790E-1,1.771514900E2,1.814837485E-1,-7.665731828E-2,1.771513644E2
3.271720208E2,2.484572849E-2,7.140054950E-4,1.564896666E-3,9.996898174E-1,1.771525962E2,1.813016459E-1,-7.733821334E-2,1.771524697E2
3.271770208E2,2.485039340E-2,7.100377697E-4,1.568779349E-3,9.996896982E-1,1.771520615E2,1.817354928E-1,-7.687178339E-2,1.771519354E2
3.271820208E2,2.485267753E-2,7.085524849E-4,1.571247820E-3,9.996896386E-1,1.771517997E2,1.820142170E-1,-7.669418951E-2,1.771516736E2
3.271870208E2,2.483800365E-2,7.187405135E-4,1.571114059E-3,9.996899962E-1,1.771534817E2,1.820267693E-1,-7.786434255E-2,1.771533538E2
3.271920208E2,2.483569311E-2,7.213073550E-4,1.568535576E-3,9.996900558E-1,1.771537466E2,1.817385137E-1,-7.816614918E-2,1.771536183E2
3.271970208E2,2.483790950E-2,7.188857999E-4,1.572535373E-3,9.996899962E-1,1.771534925E2,1.821899963E-1,-7.787695757E-2,1.771533644E2
3.272020208E2,2.484240186E-2,7.163676200E-4,1.578494441E-3,9.996898770E-1,1.771529776E2,1.828658261E-1,-7.757070144E-2,1.771528495E2
3.272070208E2,2.483520867E-2,7.206384907E-4,1.576493261E-3,9.996900558E-1,1.771538021E2,1.826481761E-1,-7.806696690E-2,1.771536734E2
3.272120208E2,2.483085748E-2,7.245509187E-4,1.567621832E-3,9.996901751E-1,1.771543008E2,1.816426908E-1,-7.854119838E-2,1.771541721E2
3.272170208E2,2.482821457E-2,7.257937104E-4,1.570894034E-3,9.996902347E-1,1.771546038E2,1.820208714E-1,-7.867473779E-2,1.771544746E2
3.272220208E2,2.482296400E-2,7.294962998E-4,1.576284179E-3,9.996903539E-1,1.771552057E2,1.826484677E-1,-7.908451508E-2,1.771550753E2
3.272270208E2,2.482083025E-2,7.300967700E-4,1.571798464E-3,9.996904135E-1,1.771554502E2,1.821361393E-1,-7.916645160E-2,1.771553201E2
3.272320208E2,2.483108338E-2,7.232487551E-4,1.564642065E-3,9.996901751E-1,1.771542750E2,1.812976514E-1,-7.840046567E-2,1.771541467E2
3.272370208E2,2.482117919E-2,7.303375751E-4,1.566166291E-3,9.996904135E-1,1.771554102E2,1.814916500E-1,-7.920999406E-2,1.771552805E2
3.272420208E2,2.481870152E-2,7.316163392E-4,1.566788531E-3,9.996904731E-1,1.771556942E2,1.815663726E-1,-7.935516441E-2,1.771555643E2
3.272470208E2,2.482833457E-2,7.258744445E-4,1.568958862E-3,9.996902347E-1,1.771545900E2,1.817994241E-1,-7.868947057E-2,1.771544609E2
3.272520208E2,2.483335685E-2,7.220354164E-4,1.567201456E-3,9.996901155E-1,1.771540144E2,1.815875711E-1,-7.825377444E-2,1.771538861E2
3.272570208E2,2.482581422E-2,7.269442431E-4,1.570366556E-3,9.996902943E-1,1.771548789E2,1.819635300E-1,-7.880847605E-2,1.771547495E2
3.272620208E2,2.482094791E-2,7.301555015E-4,1.569912070E-3,9.996904135E-1,1.771554368E2,1.819202171E-1,-7.917852389E-2,1.771553068E2
3.272670208E2,2.481846018E-2,7.320041186E-4,1.570426044E-3,9.996904731E-1,1.771557219E2,1.819841572E-1,-7.938928524E-2,1.771555916E2
3.272720208E2,2.482060326E-2,7.310163928E-4,1.574952388E-3,9.996904135E-1,1.771554763E2,1.825000397E-1,-7.926287048E-2,1.771553457E2
3.272770208E2,2.483040816E-2,7.245431188E-4,1.574726542E-3,9.996901751E-1,1.771543524E2,1.824565237E-1,-7.852017013E-2,1.771542231E2
3.272820208E2,2.482087820E-2,7.309593493E-4,1.570640015E-3,9.996904135E-1,1.771554447E2,1.820058890E-1,-7.926855171E-2,1.771553146E2
3.272870208E2,2.481848233E-2,7.322966703E-4,1.569939544E-3,9.996904731E-1,1.771557194E2,1.819292594E-1,-7.942417846E-2,1.771555890E2
3.272920208E2,2.481564337E-2,7.334728143E-4,1.576300478E-3,9.996905327E-1,1.771560448E2,1.826610650E-1,-7.954134042E-2,1.771559137E2
3.272970208E2,2.481312266E-2,7.351211389E-4,1.577412360E-3,9.996905923E-1,1.771563337E2,1.827929253E-1,-7.972746507E-2,1.771562022E2
3.273020208E2,2.480874398E-2,7.387200021E-4,1.569031272E-3,9.996907115E-1,1.771568357E2,1.818427004E-1,-8.016436519E-2,1.771567042E2
3.273070208E2,2.489266558E-2,6.843399606E-4,1.516874763E-3,9.996887445E-1,1.771472160E2,1.757194360E-1,-7.406832597E-2,1.771470984E2
3.273120208E2,2.493401851E-2,6.590801058E-4,1.393834362E-3,9.996879101E-1,1.771424758E2,1.615552871E-1,-7.151896219E-2,1.771423716E2
3.273170208E2,2.490327519E-2,6.789981271E-4,1.420640969E-3,9.996886253E-1,1.771459998E2,1.646807972E-1,-7.372915662E-2,1.771458903E2
3.273220208E2,2.485497812E-2,7.091841544E-4,1.494789147E-3,9.996896982E-1,1.771515360E2,1.732573651E-1,-7.698390927E-2,1.771514157E2
3.273270208E2,2.494721152E-2,6.497319555E-4,1.418435131E-3,9.996875525E-1,1.771409635E2,1.643476716E-1,-7.037561547E-2,1.771408591E2
3.273320208E2,2.495758908E-2,6.444601458E-4,1.318800612E-3,9.996874332E-1,1.771397740E2,1.529195882E-1,-7.005495117E-2,1.771396774E2
3.273370208E2,2.493725798E-2,6.581862690E-4,1.335063716E-3,9.996879101E-1,1.771421045E2,1.548204288E-1,-7.158399358E-2,1.771420046E2
3.273420208E2,2.495787556E-2,6.442242884E-4,1.358090900E-3,9.996873736E-1,1.771397411E2,1.574198730E-1,-6.991551582E-2,1.771396419E2
3.273470208E2,2.496539435E-2,6.405265303E-4,1.308488892E-3,9.996872544E-1,1.771388793E2,1.517276112E-1,-6.963263994E-2,1.771387840E2
3.273520208E2,2.497187438E-2,6.360529223E-4,1.277733594E-3,9.996871352E-1,1.771381365E2,1.481920565E-1,-6.920719024E-2,1.771380441E2
3.273570208E2,2.498632202E-2,6.261102972E-4,1.280002412E-3,9.996867776E-1,1.771364804E2,1.484244926E-1,-6.805956778E-2,1.771363893E2
3.273620208E2,2.497927684E-2,6.306386204E-4,1.275623799E-3,9.996869564E-1,1.771372880E2,1.479353799E-1,-6.859189293E-2,1.771371965E2
3.273670208E2,2.497932514E-2,6.305207498E-4,1.274735783E-3,9.996869564E-1,1.771372824E2,1.478333182E-1,-6.858092500E-2,1.771371911E2
3.273720208E2,2.500790975E-2,6.134096184E-4,1.236228971E-3,9.996863008E-1,1.771340059E2,1.433750580E-1,-6.672687353E-2,1.771339196E2
3.273770208E2,2.510898653E-2,5.472624907E-4,1.142914174E-3,9.996839166E-1,1.771224197E2,1.325017357E-1,-5.940336882E-2,1.771223487E2
3.273820208E2,2.510354715E-2,5.506075686E-4,1.156443730E-3,9.996840358E-1,1.771230432E2,1.340609218E-1,-5.974836559E-2,1.771229709E2
3.273870208E2,2.510938138E-2,6.234621396E-4,1.293793553E-3,9.996836782E-1,1.771223744E2,1.500051013E-1,-6.769825303E-2,1.771222828E2
3.273920208E2,2.508348940E-2,6.769141764E-4,1.438674983E-3,9.996840954E-1,1.771253423E2,1.667539939E-1,-7.340890230E-2,1.771252319E2
3.273970208E2,2.507488780E-2,6.740970421E-4,1.465441543E-3,9.996842742E-1,1.771263283E2,1.698115291E-1,-7.301070576E-2,1.771262164E2
3.274020208E2,2.507853304E-2,6.647393457E-4,1.406138763E-3,9.996842742E-1,1.771259105E2,1.629914286E-1,-7.210854207E-2,1.771258044E2
3.274070208E2,2.509560526E-2,6.607610849E-4,1.400041627E-3,9.996838570E-1,1.771239535E2,1.622827570E-1,-7.166756189E-2,1.771238486E2
3.274120208E2,2.510610341E-2,6.956370780E-4,1.489962102E-3,9.996834397E-1,1.771227502E2,1.726847539E-1,-7.540238193E-2,1.771226326E2
3.274170208E2,2.509669229E-2,7.389689563E-4,1.584650017E-3,9.996834993E-1,1.771238289E2,1.836557154E-1,-8.009558370E-2,1.771236962E2
3.274220208E2,2.507930763E-2,7.329721702E-4,1.561685815E-3,9.996839762E-1,1.771258217E2,1.810064049E-1,-7.947781271E-2,1.771256919E2
3.274270208E2,2.508417749E-2,7.127723657E-4,1.530669397E-3,9.996839166E-1,1.771252635E2,1.773956134E-1,-7.725209336E-2,1.771251398E2
3.274320208E2,NaN,NaN,NaN,NaN,NaN,NaN,NaN,NaN
3.274370208E2,NaN,NaN,NaN,NaN,NaN,NaN,NaN,NaN
